x	y	$\phi$	X Velocity	Y Velocity	pressure	$\beta$
0.125	0.25	-3.62789377114826e-12	0.8	-0.0133854068565071	18.0100966268226	0.349999999997642
0.375	0.25	-5.57692515156391e-12	0.759332336162144	0.0067160898831073	17.9480888158347	0.349999999996375
0.625	0.25	-7.43273314085642e-12	0.807603051949877	0.00320123075813149	17.8772134680464	0.349999999995169
0.875	0.25	-6.65707405401087e-12	0.804021790553012	0.00157378420343571	17.806758281827	0.349999999995673
1.125	0.25	-2.55483622058534e-13	0.802240398687528	0.000801404714292866	17.7365096548158	0.349999999999834
1.375	0.25	1.44791511231608e-11	0.801321190845704	0.00042420550426536	17.6663662122041	0.350000000009411
1.625	0.25	3.86018534524004e-11	0.800827603358428	0.000233910906345518	17.5962784465943	0.350000000025091
1.875	0.25	6.97490342773386e-11	0.800551383249585	0.000134382329942268	17.5262213818195	0.350000000045337
2.125	0.25	1.00411447649873e-10	0.800390398933955	8.02631783452078e-05	17.4561819547537	0.350000000065267
2.375	0.25	1.16908147011362e-10	0.800292987371581	4.96186554124627e-05	17.3861530622593	0.35000000007599
2.625	0.25	9.98530758333931e-11	0.800232115352874	3.15437844879462e-05	17.3161306822459	0.350000000064904
2.875	0.25	2.68703845875148e-11	0.800193119276587	2.04507325019118e-05	17.2461124423925	0.350000000017466
3.125	0.25	-1.21927449448572e-10	0.800167744371453	1.33822273193892e-05	17.1760968867449	0.349999999920747
3.375	0.25	-3.55633623520534e-10	0.800151167779257	8.71965804393076e-06	17.1060830875722	0.349999999768838
3.625	0.25	-6.6198707785679e-10	0.800140468048516	5.54642714124988e-06	17.0360704329227	0.349999999569708
3.875	0.25	-9.9596071155076e-10	0.800133813741105	3.32578011284846e-06	16.9660585063165	0.349999999352625
4.125	0.25	-1.26993058158297e-09	0.800130019429531	1.73312140173123e-06	16.8960470162918	0.349999999174545
4.375	0.25	-1.34905059759935e-09	0.800128294855206	5.66149733755371e-07	16.8260357537956	0.349999999123117
4.625	0.25	-1.05659860189718e-09	0.800128098693663	-3.04753274144144e-07	16.7560245656263	0.349999999313211
4.875	0.25	-1.94689450976785e-10	0.800129050684838	-9.6473198482731e-07	16.6860133374171	0.349999999873452
5.125	0.25	1.4147958863898e-09	0.800130877302074	-1.47096428001291e-06	16.6160019824601	0.350000000919617
5.375	0.25	3.86659051245053e-09	0.800133377250428	-1.8625915355365e-06	16.5459904342094	0.350000002513284
5.625	0.25	7.08779350311499e-09	0.800136399013525	-2.16684986679457e-06	16.4759786411592	0.350000004607066
5.875	0.25	1.07415684822221e-08	0.800139825911834	-2.4029499771761e-06	16.4059665632979	0.350000006982019
6.125	0.25	1.41351393546769e-08	0.800143565957999	-2.58459010236298e-06	16.3359541696263	0.350000009187841
6.375	0.25	1.6156359531758e-08	0.800147544848162	-2.7216202599831e-06	16.2659414364105	0.350000010501634
6.625	0.25	1.52698137935243e-08	0.800151701047297	-2.82116906988908e-06	16.1959283459439	0.350000009925379
6.875	0.25	9.60727023459741e-09	0.800155982305829	-2.88842472303013e-06	16.1259148856604	0.350000006244726
7.125	0.25	-2.81331066976057e-09	0.80016034317577	-2.92719041606048e-06	16.0559010474831	0.349999998171348
7.375	0.25	-2.37126035393498e-08	0.800164743243922	-2.94029183009636e-06	15.9858868273147	0.349999984586808
7.625	0.25	-5.40047602451376e-08	0.800169145895964	-2.92988806038343e-06	15.915872224598	0.349999964896906
7.875	0.25	-9.30901170788048e-08	0.800173517489104	-2.89772050080017e-06	15.8458572418811	0.349999939491424
8.125	0.25	-1.38023319022377e-07	0.80017782685658	-2.8453243090231e-06	15.7758418843383	0.349999910284843
8.375	0.25	-1.82631746734485e-07	0.800182045097781	-2.77422024880229e-06	15.7058261592061	0.349999881289365
8.625	0.25	-2.16703238831562e-07	0.800186145633576	-2.68610077003442e-06	15.6358100751111	0.349999859142895
8.875	0.25	-2.25411717138044e-07	0.800190104525603	-2.58302211041963e-06	15.5657936412854	0.349999853482384
9.125	0.25	-1.89202686031441e-07	0.800193901075532	-2.46761296409252e-06	15.495776866689	0.349999877018254
9.375	0.25	-8.44150792897895e-08	0.800197518739121	-2.34331055020946e-06	15.4257597590907	0.349999945130198
9.625	0.25	1.15032615136589e-07	0.800200946408134	-2.21463596115783e-06	15.3557423241923	0.3500000747712
9.875	0.25	4.34522495900615e-07	0.800204180137508	-2.08752242534288e-06	15.2857245649234	0.350000282439622
10.125	0.25	8.9379363775295e-07	0.800207225423504	-1.96971336214475e-06	15.2157064810749	0.350000580965865
10.375	0.25	1.49980184170538e-06	0.800210100175969	-1.87125081669717e-06	15.1456880694807	0.350000974871197
10.625	0.25	2.23708832967971e-06	0.800212838573912	-1.80508011315353e-06	15.0756693249882	0.350001454107414
10.875	0.25	3.05553378881308e-06	0.800215496050667	-1.78780274492229e-06	15.0056502424699	0.350001986096963
11.125	0.25	3.85567470487855e-06	0.800218155724239	-1.84061679584919e-06	14.9356308201066	0.350002506188558
11.375	0.25	4.47222991520808e-06	0.800220936667349	-1.99049284136675e-06	14.8656110640927	0.350002906949445
11.625	0.25	4.65716552874653e-06	0.800224004501613	-2.27164220515058e-06	14.7955909947558	0.350003027157594
11.875	0.25	4.06454479286581e-06	0.800227584896564	-2.72734443855943e-06	14.7255706538137	0.350002641954115
12.125	0.25	2.24057546921356e-06	0.800231980652888	-3.41220993750567e-06	14.655550112072	0.350001456374055
12.375	0.25	-1.37634047955747e-06	0.800237593147362	-4.39496192046671e-06	14.585529476281	0.349999105378688
12.625	0.25	-7.43919403549078e-06	0.800244949004711	-5.76182713894978e-06	14.5155088930714	0.349995164523877
12.875	0.25	-1.66516239163409e-05	0.800254732936824	-7.620624829163e-06	14.4454885468789	0.349989176444454
13.125	0.25	-2.96933727635785e-05	0.800267827740274	-1.01056358875223e-05	14.3754686475453	0.349980699307704
13.375	0.25	-4.71013035700209e-05	0.800285362462038	-1.33833146711637e-05	14.3054494018694	0.34996938415268
13.625	0.25	-6.90947262575282e-05	0.800308769717793	-1.76588696060396e-05	14.235430961852	0.349955088427933
13.875	0.25	-9.53339927472425e-05	0.800339853060201	-2.31836792933066e-05	14.1654133408088	0.349938032904714
14.125	0.25	-0.000124602567461052	0.800380865120563	-3.02634206738237e-05	14.0953962870596	0.34991900833115
14.375	0.25	-0.000154405218423086	0.800434596953275	-3.92666558488793e-05	14.0253791036769	0.349899636608025
14.625	0.25	-0.000180478629256086	0.80050447854471	-5.06334450392735e-05	13.95536040198	0.349882688890984
14.875	0.25	-0.000196215463126399	0.800594689738206	-6.48833139680259e-05	13.8853377762362	0.349872459948968
15.125	0.25	-0.000192008370930832	0.800710279785247	-8.26215971851853e-05	13.8153073875395	0.349875194558895
15.375	0.25	-0.000154526063237063	0.800857292245439	-0.00010454279752205	13.7452634461434	0.349899558058896
15.625	0.25	-6.59385871007301e-05	0.801042889900553	-0.000131429148044075	13.6751975836472	0.349957139918384
15.875	0.25	9.68875691065675e-05	0.801275471590726	-0.000164142047119511	13.6050981092639	0.350062976919919
16.125	0.25	0.000363202996836841	0.801564769312768	-0.00020360348849592	13.5349491477116	0.350236081947944
16.375	0.25	0.000769178606725594	0.801921909482477	-0.000250764076975211	13.4647296597245	0.350499966094372
16.625	0.25	0.00135868674598339	0.802359416990686	-0.000306553788929018	13.3944123493002	0.350883146384889
16.875	0.25	0.00218406046441671	0.802891134760836	-0.000371811425932461	13.3239624640281	0.351419639301871
17.125	0.25	0.00330684860820419	0.803532025342597	-0.000447188884265691	13.2533364955558	0.352149451595333
17.375	0.25	0.00479860691957942	0.804297815328408	-0.000533027138891707	13.1824807857998	0.353119094497727
17.625	0.25	0.00674179212852935	0.805204439069498	-0.000629202480959143	13.1113300402942	0.354382164883544
17.875	0.25	0.00923085559811589	0.806267236691401	-0.000734944362848192	13.039805742586	0.356000056138775
18.125	0.25	0.0123736627711192	0.80749986455346	-0.000848630530832277	12.9678144525331	0.358042880801227
18.375	0.25	0.0162933900161918	0.808912886227891	-0.000967571300372576	12.895245956786	0.360590703510525
18.625	0.25	0.0211310640772328	0.810512031270975	-0.00108780312558156	12.8219712223269	0.363735191650201
18.875	0.25	0.0270488989747032	0.812296140230142	-0.00120392212268034	12.7478400855133	0.367581784333557
19.125	0.25	0.0342345313252786	0.814254860283194	-0.0013090005905818	12.6726785933462	0.372252445361431
19.375	0.25	0.0429061278305126	0.816366219379216	-0.00139464264236283	12.5962859075081	0.377888983089833
19.625	0.25	0.0533180960794463	0.818594290018856	-0.0014512460769807	12.5184306966631	0.38465676245164
19.875	0.25	0.0657667191858127	0.820887257712863	-0.00146854135922488	12.4388469965055	0.392748367470778
20.125	0.25	0.0805944036222895	0.82317633062482	-0.00143646650177019	12.3572296353079	0.402386362354488
20.375	0.25	0.098190353586449	0.825376053558969	-0.00134639713904011	12.27322953585	0.413823729831192
20.625	0.25	0.1189844237545	0.827386689643269	-0.00119267253623933	12.1864495409567	0.427339875440425
20.875	0.25	0.143429887135198	0.829099341795305	-0.000974237143655386	12.0964418777471	0.443229426637878
21.125	0.25	0.171970396473665	0.830404294512227	-0.000696071441256909	12.0027089325761	0.461780757707882
21.375	0.25	0.204987364984863	0.831202526589682	-0.000369967352042103	11.9047095203973	0.483241787240161
21.625	0.25	0.242727400873674	0.831419383534501	-1.41965117717872e-05	11.8018730404116	0.507772810567888
21.875	0.25	0.28521603925988	0.831018106605937	0.000348195185596742	11.6936234472256	0.535390425518922
22.125	0.25	0.332173236844938	0.830009754505816	0.000692346790167288	11.5794134772923	0.565912603949209
22.375	0.25	0.382954897951954	0.828455825462742	0.00099520715768582	11.4587669625898	0.59892068366877
22.625	0.25	0.436547556847959	0.82646132218713	0.00123891375128517	11.3313238190967	0.633755911951174
22.875	0.25	0.491634687834807	0.824159035245003	0.00141303598081791	11.1968795950208	0.669562547092625
23.125	0.25	0.546732177402996	0.821689168733139	0.00151518385007939	11.0554108149851	0.705375915311948
23.375	0.25	0.600364899644368	0.81918017715803	0.00155004642887636	10.9070797279963	0.740237184768839
23.625	0.25	0.65123948811956	0.816735705527541	0.00152738243953204	10.7522170090294	0.773305667277714
23.875	0.25	0.698370361118525	0.814429505006193	0.00145965792736237	10.5912865616217	0.803940734727041
24.125	0.25	0.741135522562079	0.812307060928022	0.00135991911773441	10.4248404905633	0.831738089665351
24.375	0.25	0.779264053383028	0.81039101902359	0.00124023491069137	10.2534732092556	0.856521634698968
24.625	0.25	0.812775789273205	0.808687592507075	0.00111078885738213	10.0777817798432	0.878304263027583
24.875	0.25	0.841899676542581	0.807192196651982	0.000979529194668056	9.89833633899095	0.897234789752678
25.125	0.25	0.866992905354238	0.805893675679781	0.000852212121341685	9.71566132935302	0.913545388480255
25.375	0.25	0.888473980054985	0.804777189745488	0.000732671970202254	9.53022612360981	0.92750808703574
25.625	0.25	0.906774406255239	0.803826095854381	0.000623186977294681	9.34244266377561	0.939403364065905
25.875	0.25	0.922308015687687	0.803023159594572	0.000524853760054107	9.15266766476769	0.949500210196996
26.125	0.25	0.935454273676849	0.802351342776109	0.000437922431967949	8.9612073449285	0.958045277889952
26.375	0.25	0.946551350968997	0.801794318843492	0.000362072212640551	8.7683232178634	0.965258378129848
26.625	0.25	0.955895291383176	0.801336803802034	0.000296624662225302	8.57423801379239	0.971331939399064
26.875	0.25	0.963742538254343	0.800964754367354	0.000240700731310427	8.37914121283035	0.976432649865323
27.125	0.25	0.970313991064137	0.800665467122312	0.000193331450237545	8.18319395592128	0.980704094191689
27.375	0.25	0.975799484946886	0.800427603753467	0.000153532568067522	7.98653327294966	0.984269665215476
27.625	0.25	0.980362092421157	0.80024116255171	0.000120352378036473	7.78927566214112	0.987235360073752
27.875	0.25	0.984141971151724	0.800097412756912	9.29003098496826e-05	7.59152009786676	0.98969228124862
28.125	0.25	0.987259672244579	0.79998880513672	7.03621634400354e-05	7.3933505563923	0.991718786958976
28.375	0.25	0.989818925068408	0.799908869242351	5.20063537228476e-05	7.19483814526464	0.993382301294465
28.625	0.25	0.99190896090996	0.799852105165164	3.71843138958909e-05	6.99604291084003	0.994740824591474
28.875	0.25	0.993606452384153	0.79981387540269	2.53272659108827e-05	6.79701538508525	0.995844194049699
29.125	0.25	0.994977143453234	0.799790300660686	1.59408720156919e-05	6.59779791992697	0.996735143244602
29.375	0.25	0.996077235197242	0.799778162042212	8.59878168975281e-06	6.39842584630791	0.997450202878207
29.625	0.25	0.996954580211933	0.799774811052925	2.93573716898358e-06	6.19892848611578	0.998020477137757
29.875	0.25	0.997649726339009	0.799778088120955	-1.3593411610365e-06	5.9993300382373	0.998472322120356
30.125	0.25	0.998196839594639	0.799786249834898	-4.55003135383817e-06	5.79965035490989	0.998827945736515
30.375	0.25	0.998624527188205	0.799797904797445	-6.85869852818376e-06	5.59990562098515	0.999105942672334
30.625	0.25	0.998956574703945	0.799811957831396	-8.47231811687776e-06	5.4001089463423	0.999321773557564
30.875	0.25	0.999212607124816	0.799827562204219	-9.54781171022888e-06	5.20027088014515	0.999488194631131
31.125	0.25	0.999408681574665	0.799844079483157	-1.02169292300778e-05	5.00039985455685	0.999615643023532
31.375	0.25	0.999557820051966	0.799861046518919	-1.05907805352434e-05	4.80050256456388	0.999712583033778
31.625	0.25	0.999670491423044	0.799878148853681	-1.076420113608e-05	4.60058428949676	0.999785819424978
31.875	0.25	0.999755050366457	0.799895199668202	-1.08202021096619e-05	4.40064916075845	0.999840782738197
32.125	0.25	0.999818132946741	0.799912123539986	-1.08347446551627e-05	4.2007003797372	0.999881786415382
32.375	0.25	0.999864992450009	0.799928945261659	-1.08819332924077e-05	4.0007403908293	0.999912245092506
32.625	0.25	0.999899740647434	0.799945786141523	-1.10394572589409e-05	3.80077101765954	0.999934831420832
32.875	0.25	0.999925455934578	0.799962873326713	-1.13939695942307e-05	3.60079357525975	0.999951546357476
33.125	0.25	0.999944157601565	0.799980570374119	-1.20466942804647e-05	3.4008089735426	0.999963702441018
33.375	0.25	0.99995674559054	0.799999437165855	-1.31218993603534e-05	3.20081782091353	0.999971884633851
33.625	0.25	0.999963149607194	0.800020322600991	-1.47860134266597e-05	3.00082051348121	0.999976047244676
33.875	0.25	0.999963024382934	0.800044486888523	-1.72932723145069e-05	2.80081725359111	0.999975965848907
34.125	0.25	0.999957181869804	0.800073753326944	-2.10828280588221e-05	2.60080789715535	0.999972168215373
34.375	0.25	0.999949354278906	0.800110725067406	-2.69570923252621e-05	2.40079152392852	0.999967080281289
34.625	0.25	0.999946792729113	0.800159199063432	-3.63651849263483e-05	2.20076571798201	0.999965415273923
34.875	0.25	0.999957059786391	0.800225084432419	-5.1798816670344e-05	2.00072577513892	0.999972088861154
35.125	0.25	0.999978337317807	0.800318371123298	-7.73068982136127e-05	1.80066435797527	0.999985919256575
35.375	0.25	0.999983403147609	0.800456959854253	-0.000119238225011822	1.60057223931569	0.999989212045946
35.625	0.25	0.999904510467631	0.800673507854568	-0.000187739841313133	1.40044021156121	0.99993793180396
35.875	0.25	0.999636709884682	0.801027333630865	-0.000300704100530468	1.20026035018894	0.999763861425043
36.125	0.25	0.999084669374512	0.801626407528684	-0.000494604016041337	1.00002113893826	0.999405035093433
36.375	0.25	0.998270159638256	0.802673348471879	-0.000852596201238888	0.799685634619642	0.998875603764866
36.625	0.25	0.997476714434568	0.804572273408323	-0.00157258849481055	0.599135745578779	0.998359864382469
36.875	0.25	0.997319887624958	0.80818085788086	-0.00312310884891067	0.39805932225923	0.998257926956223
37.125	0.25	0.998495772405674	0.759571710331289	-0.00658391140193031	0.195749293303041	0.999022252063688
37.375	0.25	1.00079573218125	0.8	0.0134865939193847	0.0186448261488755	1.00051722591781
0.125	0.75	-3.64404831771299e-12	0.394533342088163	-0.0158374978995481	18.01478151918	0.349999999997631
0.375	0.75	-5.56931814276249e-12	0.792505611391473	0.0065543253311538	17.9457381843316	0.34999999999638
0.625	0.75	-7.38806364116536e-12	0.797318440590415	0.00365465753999224	17.8760930372373	0.349999999995198
0.875	0.75	-6.57424127291934e-12	0.799222138465259	0.00208797662012679	17.8062074573121	0.349999999995727
1.125	0.75	-1.44401011940873e-13	0.799941241289064	0.00122419555386873	17.7362291631221	0.349999999999906
1.375	0.75	1.45998766497814e-11	0.80018620322974	0.000737100986803713	17.6662177402338	0.35000000000949
1.625	0.75	3.87070676155199e-11	0.80024795700968	0.000455624256712568	17.5961965777333	0.35000000002516
1.875	0.75	6.98096417885352e-11	0.800244087793521	0.000288700626601216	17.5261743479601	0.350000000045376
2.125	0.75	1.00398710085945e-10	0.800220871584897	0.000187022780960459	17.4561538625973	0.350000000065259
2.375	0.75	1.16799872317376e-10	0.800195548584019	0.000123386857701008	17.3861356956858	0.35000000007592
2.625	0.75	9.96392912269822e-11	0.8001737795074	8.24761425482671e-05	17.316119641877	0.350000000064766
2.875	0.75	2.6553175488391e-11	0.800156796162692	5.54795496729124e-05	17.2461052845917	0.35000000001726
3.125	0.75	-1.2234525024072e-10	0.800144282223136	3.72142259139137e-05	17.1760922029206	0.349999999920476
3.375	0.75	-3.5616982032575e-10	0.800135496179692	2.45616243515644e-05	17.106080035647	0.34999999976849
3.625	0.75	-6.62698123132936e-10	0.800129680293684	1.56023350019206e-05	17.0360684916281	0.349999999569246
3.875	0.75	-9.96931628119093e-10	0.800126187131086	9.1284532432774e-06	16.9660573422481	0.349999999351994
4.125	0.75	-1.27121264889211e-09	0.80012450017068	4.36335412660588e-06	16.8960464096537	0.349999999173712
4.375	0.75	-1.3505414803654e-09	0.800124219108089	7.97428200772619e-07	16.8260355555973	0.349999999122148
4.625	0.75	-1.05789147137203e-09	0.80012503693211	-1.91015287836853e-06	16.7560246722438	0.349999999312371
4.875	0.75	-1.94945362770956e-10	0.800126718263212	-3.99136405974976e-06	16.6860136750268	0.349999999873286
5.125	0.75	1.4168924247918e-09	0.800129081579844	-5.60660810897058e-06	16.6160024972508	0.35000000092098
5.375	0.75	3.87274994378285e-09	0.800131985470031	-6.86835517459103e-06	16.5459910860693	0.350000002517287
5.625	0.75	7.09988945068115e-09	0.800135318278606	-7.85641252924451e-06	16.4759793995093	0.350000004614928
5.875	0.75	1.07612288117505e-08	0.800138990402062	-8.62796684126839e-06	16.4059674042826	0.350000006994799
6.125	0.75	1.41631081699265e-08	0.800142928575874	-9.22430612398749e-06	16.3359550741847	0.35000000920602
6.375	0.75	1.61915560919328e-08	0.80014707163791	-9.67539957942636e-06	16.2659423889291	0.350000010524511
6.625	0.75	1.5308027880959e-08	0.800151367381644	-1.00030759569294e-05	16.1959293333041	0.350000009950218
6.875	0.75	9.63950762391644e-09	0.800155770215434	-1.02232747944511e-05	16.1259158965598	0.35000000626568
7.125	0.75	-2.80267181922399e-09	0.800160239426097	-1.03476796548804e-05	16.05590207195	0.349999998178263
7.375	0.75	-2.3747463038317e-08	0.800164737900997	-1.03849389132728e-05	15.9858878563666	0.349999984564149
7.625	0.75	-5.41180853497907e-08	0.800169231207771	-1.0341613328357e-05	15.9158732500081	0.349999964823245
7.875	0.75	-9.33228815260849e-08	0.800173686963394	-1.0222948097075e-05	15.845858256032	0.349999939340127
8.125	0.75	-1.38420294168571e-07	0.800178074447955	-1.00335392502552e-05	15.7758428801501	0.349999910026809
8.375	0.75	-1.83232633886721e-07	0.800182364438619	-9.77794716823924e-06	15.7058271301309	0.349999880898788
8.625	0.75	-2.17527626004695e-07	0.800186529255376	-9.46129943406483e-06	15.6358110151935	0.349999858607043
8.875	0.75	-2.26436688879266e-07	0.800190543024144	-9.08991917436166e-06	15.5657945452898	0.349999852816152
9.125	0.75	-1.90332776403693e-07	0.800194382176818	-8.6720130476118e-06	15.4957777302997	0.349999876283695
9.375	0.75	-8.54458030482978e-08	0.800198026222262	-8.2184539048594e-06	15.4257605791953	0.349999944460228
9.625	0.75	1.14454048636774e-07	0.800201458839971	-7.74369700804135e-06	15.3557430992606	0.350000074395132
9.875	0.75	4.34932413917954e-07	0.800204669367541	-7.26687543776665e-06	15.2857252955019	0.350000282706069
10.125	0.75	8.95932090948697e-07	0.800207654780992	-6.81313025895246e-06	15.2157071704202	0.350000582355859
10.375	0.75	1.50460202858384e-06	0.800210422299527	-6.41524386939471e-06	15.1456887243643	0.350000977991319
10.625	0.75	2.24561471474011e-06	0.800212992788401	-6.1156618834325e-06	15.0756699567122	0.350001459649565
10.875	0.75	3.0688443357857e-06	0.800215405185477	-5.96900853045536e-06	15.0056508681473	0.350001994748818
11.125	0.75	3.87458078780786e-06	0.800217722237696	-6.0452248858607e-06	14.9356314642694	0.350002518477512
11.375	0.75	4.49692980999935e-06	0.800220037903965	-6.43348533489499e-06	14.8656117607127	0.350002923004376
11.625	0.75	4.68673675209533e-06	0.800222486856829	-7.24707730942628e-06	14.7955917897787	0.350003046378889
11.875	0.75	4.09630076499748e-06	0.800225256595975	-8.6294588926542e-06	14.7255716083321	0.350002662595497
12.125	0.75	2.26932806115863e-06	0.800228602765285	-1.07617375832516e-05	14.6555513062906	0.35000147506324
12.375	0.75	-1.35901252782523e-06	0.800232868336599	-1.38718364970467e-05	14.5855310144534	0.349999116641857
12.625	0.75	-7.44548194660554e-06	0.800238507383592	-1.82456276557314e-05	14.5155109096221	0.349995160436735
12.875	0.75	-1.66975127480685e-05	0.800246114206801	-2.42403072574774e-05	14.4454912139536	0.349989146616714
13.125	0.75	-2.97976524499987e-05	0.800256458583192	-3.23002566614293e-05	14.3754721842607	0.349980631525907
13.375	0.75	-4.72828195233141e-05	0.800270527886366	-4.29755610074839e-05	14.3054540855572	0.34996926616731
13.625	0.75	-6.93667929159178e-05	0.800289576753273	-5.69432298101284e-05	14.2354371416001	0.349954911584605
13.875	0.75	-9.56944673315516e-05	0.800315184838113	-7.50309596001604e-05	14.1654214535962	0.349937798596234
14.125	0.75	-0.000125017542894289	0.800349322982929	-9.82429736559733e-05	14.0954068767414	0.349918738597119
14.375	0.75	-0.000154783631828337	0.800394427813236	-0.00012778704102313	14.0253928430007	0.349899390639312
14.625	0.75	-0.000180634289941499	0.800453484302231	-0.000165101185940804	13.9553781176805	0.349882587711538
14.875	0.75	-0.000195812086623076	0.800530115185051	-0.000211877821677067	13.8853604770549	0.349872722143695
15.125	0.75	-0.00019048218549177	0.800628675177385	-0.000270082055005653	13.8153362947203	0.34987618657943
15.375	0.75	-0.000150979478783405	0.800754346686386	-0.000341959698969599	13.7453000255548	0.349901863338791
15.625	0.75	-5.89973642446206e-05	0.800913232005266	-0.000430029112688598	13.6752435781482	0.349961651713241
15.875	0.75	0.000109262115865734	0.801112434781474	-0.000537049405774356	13.6051555692491	0.350071020375313
16.125	0.75	0.000383955801377564	0.801360120783348	-0.000665955902429475	13.5350204569305	0.350249571270895
16.375	0.75	0.000802465694028	0.801665544658939	-0.000819752230669965	13.4648175524551	0.350521602701118
16.625	0.75	0.00141025123901629	0.802039025564598	-0.00100134725571199	13.3945199137876	0.350916663305361
16.875	0.75	0.00226168564814085	0.802491850445774	-0.00121332470028163	13.3240931257939	0.351470095671292
17.125	0.75	0.00342088989137021	0.803036079748154	-0.0014576342071871	13.2534939728039	0.352223578429391
17.375	0.75	0.00496259807961224	0.803684227000799	-0.00173519546048158	13.1826690077873	0.353225688751748
17.625	0.75	0.00697311172598975	0.804448781833881	-0.00204541258296412	13.1115530183574	0.354532522621893
17.875	0.75	0.00955142624788838	0.805341546595351	-0.00238560526370391	13.0400673827452	0.356208427061127
18.125	0.75	0.0128106384540733	0.806372761008781	-0.00275037687756233	12.9681182985769	0.358326914995148
18.375	0.75	0.0168797643696314	0.807549998590083	-0.00313095910294625	12.8955948539246	0.36097184684026
18.625	0.75	0.0219061055162186	0.808876834131583	-0.00351459781060014	12.8223668945268	0.364238968585542
18.875	0.75	0.0280582870772369	0.810351304704592	-0.00388407620778302	12.7482826252759	0.368237886600204
19.125	0.75	0.0355300346882901	0.811964218407096	-0.00421750694640806	12.6731658719366	0.373094522547389
19.375	0.75	0.0445446297428289	0.813697406499632	-0.00448856115379814	12.5968129275168	0.378954009332839
19.625	0.75	0.0553597466223957	0.815522066743213	-0.004667330721751	12.5189889281989	0.385983835304557
19.875	0.75	0.0682719804624152	0.817397410038258	-0.00472202548676451	12.4394237636451	0.39437678730057
20.125	0.75	0.0836197741604795	0.819269899797213	-0.00462166517150016	12.3578076497567	0.404352853204312
20.375	0.75	0.101782631665144	0.821073461404676	-0.00433980544637212	12.2737867068554	0.416158710582344
20.625	0.75	0.123173529271535	0.822731124008973	-0.00385910766383276	12.186959217411	0.430062794026498
20.875	0.75	0.148220545431126	0.824158599936952	-0.00317621546096456	12.0968736882414	0.446343354530232
21.125	0.75	0.177333426592328	0.825270227975846	-0.00230599044301023	12.003030364901	0.465266727285013
21.375	0.75	0.210851903553779	0.825987383485515	-0.00128382879827426	11.9048883040134	0.487053737309956
21.625	0.75	0.248976034219483	0.826248776686303	-0.000164762576320382	11.8018802489513	0.511834422242664
21.875	0.75	0.291685259160859	0.826021043212956	0.000981433962771397	11.6934370268	0.539595418454558
22.125	0.75	0.338661461975151	0.825307003792311	0.00207883078057038	11.5790216694669	0.570129950283848
22.375	0.75	0.389239073820708	0.824148595213702	0.00305599349867158	11.4581709123945	0.60300539798346
22.625	0.75	0.44240696105962	0.822622433124665	0.0038561210285507	11.3305386501447	0.637564524688753
22.875	0.75	0.496877671876293	0.820828319087775	0.00444408392205165	11.1959334790184	0.67297048671959
23.125	0.75	0.551219573450793	0.818873755076168	0.00480881135465045	11.054342040763	0.708292722743016
23.375	0.75	0.604024113071653	0.816859067766019	0.00496104638569009	10.9059323259684	0.742615673496575
23.625	0.75	0.65406614380209	0.814867073554285	0.00492783149195603	10.7510358755126	0.775142993471358
23.875	0.75	0.700418443941956	0.812958838754421	0.00474567045970326	10.590113083137	0.805271988562271
24.125	0.75	0.742500197331507	0.811174584194971	0.00445410474759543	10.4237093940172	0.83262512826548
24.375	0.75	0.780062438340257	0.809537471953705	0.00409077722283861	10.2524109212061	0.857040584921167
24.625	0.75	0.813129985378349	0.808058109171759	0.00368833584060607	10.0768061692383	0.878534490495927
24.875	0.75	0.841924376622037	0.80673846424775	0.00327300873396407	9.89745747130391	0.897250844804324
25.125	0.75	0.866788022659775	0.805574769168199	0.00286442627082089	9.71488279488366	0.913412214728854
25.375	0.75	0.888121528786232	0.804559507752871	0.00247622052036447	9.52954656441663	0.927278993711051
25.625	0.75	0.906338389197119	0.8036827620711	0.00211700678018192	9.34185723981743	0.939119952978127
25.875	0.75	0.921836100638746	0.802933161412964	0.00179146793140429	9.15216931599757	0.949193465415185
26.125	0.75	0.934980305760765	0.802298589973418	0.00150137338629861	8.9607877953967	0.957737198744497
26.375	0.75	0.946098063354895	0.801766733571534	0.00124645001343669	8.76797372461397	0.964963741180682
26.625	0.75	0.955476846250421	0.801325501407914	0.00102507930998818	8.57394989277251	0.971059950062773
26.875	0.75	0.963366723125249	0.800963340101241	0.000834827900661917	8.37890618476738	0.976188370031412
27.125	0.75	0.969984017642034	0.800669452583854	0.000672834138488145	8.18300435496786	0.980489611467322
27.375	0.75	0.975515405569661	0.800433935107721	0.000536078556124135	7.9863821554931	0.98408501362028
27.625	0.75	0.980121881247117	0.800247846924388	0.000421564983804148	7.78915684601204	0.987079222810626
27.875	0.75	0.983942327613771	0.800103227440639	0.000326435500164045	7.59142815514257	0.989562512948951
28.125	0.75	0.98709660314295	0.799993074635661	0.000248037910471532	7.39328077690931	0.991612792042918
28.375	0.75	0.989688155132805	0.799911296684506	0.000183960149610704	7.19478648307034	0.993297300836323
28.625	0.75	0.991806213346014	0.799852646543211	0.000132042320357969	6.99600592208224	0.994674038674909
28.875	0.75	0.993527632698885	0.799812647080318	9.03741199265991e-05	6.79699016307152	0.995792961254275
29.125	0.75	0.994918452568136	0.799787512403135	5.72831394370947e-05	6.59778203109567	0.996696994169288
29.375	0.75	0.996035231786259	0.799774069409049	3.1317836331882e-05	6.39841726944572	0.997422900661069
29.625	0.75	0.996926207334518	0.799769682306972	1.12277585593421e-05	6.19892555618174	0.998002034767437
29.875	0.75	0.997632313642418	0.799772181873275	-4.05726735913153e-06	5.99933139548997	0.998461003867572
30.125	0.75	0.998188089460217	0.799779800489548	-1.54478755260146e-05	5.79965489959167	0.998822258149141
30.375	0.75	0.998622491010134	0.799791113514786	-2.37151308171175e-05	5.59991247352872	0.999104619156587
30.625	0.75	0.998959623830883	0.79980498722698	-2.95093175942243e-05	5.40011741288362	0.999323755490074
30.875	0.75	0.999219401681596	0.799820533369274	-3.33773479890935e-05	5.20028042303006	0.999492611093037
31.125	0.75	0.999418139255885	0.799837070173503	-3.57787896325895e-05	5.00041006750742	0.999621790516325
31.375	0.75	0.999569085979528	0.799854089518768	-3.71007395992871e-05	4.80051315223493	0.999719905886693
31.625	0.75	0.999682909421461	0.799871229566357	-3.76720254395873e-05	4.60059505131058	0.99979389112395
31.875	0.75	0.999768135946214	0.799888251874634	-3.77774131639968e-05	4.4006599791368	0.999849288365039
32.125	0.75	0.999831549495962	0.799905021925157	-3.76724687210325e-05	4.20071121307771	0.999890507172375
32.375	0.75	0.999878534956964	0.79992149264713	-3.75992545771391e-05	4.00075127165845	0.999921047722026
32.625	0.75	0.999913334891887	0.799937692279177	-3.78021522734454e-05	3.80078205621834	0.999943667679727
32.875	0.75	0.999939182444078	0.799953720472838	-3.85423848775374e-05	3.60080496846403	0.999960468588651
33.125	0.75	0.999958303197614	0.799969758323947	-4.01108579716316e-05	3.40082101954733	0.999972897078449
33.375	0.75	0.999971865217479	0.799986095916907	-4.28443025215693e-05	3.20083094214722	0.999981712391361
33.625	0.75	0.999980088053961	0.800003171510433	-4.71618451173726e-05	3.00083529879332	0.999987057235075
33.875	0.75	0.999982820507386	0.800021598911743	-5.36577367879872e-05	2.80083454604368	0.999988833329801
34.125	0.75	0.999980806891434	0.80004214009229	-6.33040155888021e-05	2.60082897892834	0.999987524479432
34.375	0.75	0.999977402203185	0.80006557409301	-7.78176993452524e-05	2.40081847959305	0.99998531143207
34.625	0.75	0.99997962592946	0.80009243918558	-0.000100207650449399	2.20080208128817	0.999986756854149
34.875	0.75	0.999996506162199	0.800122682548389	-0.00013542406591944	2.00077757179872	0.999997729005429
35.125	0.75	1.00003257862614	0.800155278736324	-0.000190924139627943	1.80074166297398	1.00002117610699
35.375	0.75	1.00007649298334	0.800187694119849	-0.0002769802756803	1.60069147533348	1.00004972043917
35.625	0.75	1.00008979479562	0.800214313383815	-0.000406989798088255	1.40062793870966	1.00005836661715
35.875	0.75	1.0000078006269	0.800220959620716	-0.000599361115489166	1.20056098211539	1.00000507040749
36.125	0.75	0.999767786604378	0.80016823540181	-0.000885286258251934	1.00051544739002	0.999849061292846
36.375	0.75	0.999370037812195	0.799946985225427	-0.00133122557539315	0.800537270762564	0.999590524577927
36.625	0.75	0.998945609311378	0.799268386269769	-0.00209098893299408	0.600705753354117	0.999314646052396
36.875	0.75	0.998754878514149	0.797403379927182	-0.00350851516552198	0.401176989035378	0.999190671034197
37.125	0.75	0.999012153541514	0.79256041926213	-0.00629345834147757	0.202326766281475	0.999357899801984
37.375	0.75	0.999524404229358	0.394463467128124	0.0161077146968527	0.00515125157742875	0.999690862749083
0.125	1.25	-3.63578095195881e-12	0.399113995070306	-0.00313217222819095	18.0156397509365	0.349999999997637
0.375	1.25	-5.54716928885737e-12	0.798316647041263	-0.000500842902295383	17.945794801816	0.349999999996394
0.625	1.25	-7.34112624386428e-12	0.798670354527674	0.000376752391137974	17.8759343377547	0.349999999995228
0.875	1.25	-6.49602726225828e-12	0.799160866580542	0.000577461902327139	17.8060274898572	0.349999999995778
1.125	1.25	-3.67144935013444e-14	0.799538647420641	0.000540942931998263	17.736081186219	0.349999999999976
1.375	1.25	1.47246109400743e-11	0.799784048251162	0.000439628051883934	17.6661082267055	0.350000000009571
1.625	1.25	3.88260124185139e-11	0.799930802637757	0.000336080838834098	17.596118977951	0.350000000025237
1.875	1.25	6.98918710730656e-11	0.800014180297956	0.000249227129115037	17.5261203364463	0.35000000004543
2.125	1.25	1.00408607956052e-10	0.800059771396231	0.000181746462623667	17.4561164966261	0.350000000065266
2.375	1.25	1.16700141560226e-10	0.800083894095074	0.000131063735120926	17.3861098767043	0.350000000075855
2.625	1.25	9.93920791711852e-11	0.800096300737476	9.35240841882248e-05	17.3161018154406	0.350000000064605
2.875	1.25	2.61187748416921e-11	0.800102595444411	6.58088375753963e-05	17.2460930243942	0.350000000016977
3.125	1.25	-1.23010468468724e-10	0.800105908522332	4.52866312536839e-05	17.1760838616092	0.349999999920043
3.375	1.25	-3.57111572243766e-10	0.800107943999566	2.99903532190906e-05	17.1060744908463	0.349999999767877
3.625	1.25	-6.63950862825481e-10	0.800109601709208	1.84900092006815e-05	17.0360649719473	0.349999999568432
3.875	1.25	-9.98484080970671e-10	0.800111335783075	9.75907020352164e-06	16.9660553111989	0.349999999350985
4.125	1.25	-1.27294255766321e-09	0.800113357383874	3.06364033140412e-06	16.8960454889579	0.349999999172587
4.375	1.25	-1.3521131855759e-09	0.800115747845763	-2.12141006117286e-06	16.8260354745349	0.349999999121126
4.625	1.25	-1.05861872793237e-09	0.800118521112122	-6.17321737509915e-06	16.7560252340181	0.349999999311898
4.875	1.25	-1.93638774498739e-10	0.800121657772777	-9.36403422805306e-06	16.6860147342316	0.349999999874135
5.125	1.25	1.42204709433746e-09	0.800125123308984	-1.18915188701192e-05	16.616003944609	0.350000000924331
5.375	1.25	3.88420189073891e-09	0.80012887761527	-1.38999623995062e-05	16.5459928379686	0.350000002524731
5.625	1.25	7.12050574637787e-09	0.800132879741395	-1.54951931383058e-05	16.4759813907374	0.350000004628329
5.875	1.25	1.07937076110135e-08	0.800137090046923	-1.67550933046978e-05	16.4059695829189	0.35000000701591
6.125	1.25	1.42088697182943e-08	0.800141470982771	-1.77370741032611e-05	16.3359573979647	0.350000009235765
6.375	1.25	1.62489794229469e-08	0.800145987170792	-1.84834400653475e-05	16.2659448226303	0.350000010561837
6.625	1.25	1.5369974625445e-08	0.800150605148307	-1.90252855934854e-05	16.1959318468491	0.350000009990483
6.875	1.25	9.69023082286982e-09	0.800155292975847	-1.9385370082985e-05	16.1259184636338	0.35000000629865
7.125	1.25	-2.79086873433203e-09	0.800160019815462	-1.95802835684208e-05	16.0559046689966	0.349999998185935
7.375	1.25	-2.38170595160179e-08	0.800164755533791	-1.96221237312692e-05	15.9858904618673	0.349999984518911
7.625	1.25	-5.43274051096481e-08	0.800169470359716	-1.95198432408052e-05	15.9158758439849	0.349999964687187
7.875	1.25	-9.37435454425402e-08	0.800174134611474	-1.92803840672919e-05	15.8458608197334	0.349999939066695
8.125	1.25	-1.39128686297572e-07	0.800178718504415	-1.89096875167516e-05	15.7758453958956	0.349999909566354
8.375	1.25	-1.84292645775783e-07	0.80018319204846	-1.84136508247035e-05	15.7058295813042	0.34999988020978
8.625	1.25	-2.18961989227461e-07	0.800187525047759	-1.77990891181557e-05	15.6358133863807	0.349999857674707
8.875	1.25	-2.28184924663152e-07	0.800191687218695	-1.70747570858994e-05	15.5657968225701	0.349999851679799
9.125	1.25	-1.92195496224044e-07	0.800195648449182	-1.62524828805709e-05	15.4957799017051	0.349999875072927
9.375	1.25	-8.70181024860223e-08	0.8001993792304	-1.53484709814273e-05	15.42576263536	0.349999943438233
9.625	1.25	1.13852778800987e-07	0.80020285130366	-1.43848375953774e-05	15.3557450342959	0.350000074004306
9.875	1.25	4.36318632615931e-07	0.800206038580904	-1.33914549241692e-05	15.2857271081391	0.350000283607111
10.125	1.25	9.00686629172981e-07	0.800208918416006	-1.24081967583163e-05	15.2157088654799	0.350000585446309
10.375	1.25	1.51443622490153e-06	0.800211473332308	-1.14877002334454e-05	15.1456903146259	0.350000984383546
10.625	1.25	2.26243388854374e-06	0.800213693342547	-1.06987855533043e-05	15.0756714652805	0.350001470582028
10.875	1.25	3.09446006779214e-06	0.800215579039274	-1.01307084356103e-05	15.0056523314346	0.350002011399044
11.125	1.25	3.91021894587047e-06	0.800217145679269	-9.89845817062823e-06	14.9356329357485	0.350002541642315
11.375	1.25	4.54248405353285e-06	0.800218428538092	-1.01493567417206e-05	14.8656133156273	0.350002952614635
11.625	1.25	4.73973239808202e-06	0.800219489865301	-1.10712606253854e-05	14.795593531049	0.350003080826059
11.875	1.25	4.15056818291415e-06	0.800220427824098	-1.29027126713505e-05	14.7255736739394	0.350002697869319
12.125	1.25	2.31344707359916e-06	0.800221387846729	-1.59454343138601e-05	14.6555538784862	0.350001503740598
12.375	1.25	-1.34333406265582e-06	0.800222576872374	-2.05795811782636e-05	14.5855343311998	0.349999126832859
12.625	1.25	-7.48477693858511e-06	0.800224280953135	-2.72821993947198e-05	14.5155152787391	0.34999513489499
12.875	1.25	-1.6827126637241e-05	0.800226886708849	-3.66493037221416e-05	14.4454970305078	0.349989062367686
13.125	1.25	-3.00606565677824e-05	0.800230907077174	-4.94219354812428e-05	14.375479951792	0.349980460573231
13.375	1.25	-4.77259739975119e-05	0.800237011739467	-6.65164274277982e-05	14.3054644417755	0.349968978116902
13.625	1.25	-7.00316980841939e-05	0.800246062495988	-8.9058877233428e-05	14.2354508891935	0.349954479396245
13.875	1.25	-9.6601310887036e-05	0.800259153715289	-0.000118423478924958	14.1654395967543	0.349937209147923
14.125	1.25	-0.000126137933812315	0.800277657779858	-0.000156273843953354	14.0954306638917	0.349918010343022
14.375	1.25	-0.000155997896665077	0.800303275185414	-0.000204605718401251	14.0254238160575	0.349898601367168
14.625	1.25	-0.000181667289777423	0.800338088603019	-0.000265788525416204	13.955418167781	0.349881916261645
14.875	1.25	-0.000196140110412328	0.800384619757681	-0.000342601891564577	13.8854119062753	0.349872508928232
15.125	1.25	-0.000189201832170144	0.800445887378319	-0.000438261722216163	13.8154018825857	0.349877018809089
15.375	1.25	-0.000146627737985328	0.800525463689702	-0.000556428466963192	13.7453830982439	0.349904691970309
15.625	1.25	-4.93104732817281e-05	0.800627525902208	-0.000701187993330509	13.6753480771084	0.349967948192367
15.875	1.25	0.000127664834505229	0.800756897867191	-0.000876993057985881	13.6052861144578	0.350082982142428
16.125	1.25	0.000415977774727584	0.800919075484381	-0.00108855090814991	13.535182398239	0.350270385553573
16.375	1.25	0.000855043261894749	0.801120227579502	-0.00134064035829053	13.4650170003458	0.350555778120232
16.625	1.25	0.00149298152852862	0.801367161882909	-0.00163784021333806	13.394763738491	0.350970437993544
16.875	1.25	0.00238758247265558	0.801667243571783	-0.00198415077106945	13.324388911127	0.351551928607226
17.125	1.25	0.0036072725029554	0.802028251825009	-0.00238249215245239	13.2538499084398	0.352344727126921
17.375	1.25	0.00523210898362939	0.802458158320398	-0.00283406839690453	13.183093701156	0.353400870839359
17.625	1.25	0.0073548471775261	0.802964811026631	-0.00333759581435103	13.1120552053183	0.354780650665392
17.875	1.25	0.0100821455502558	0.803555507535464	-0.00388840931183097	13.0406555150224	0.356553394607666
18.125	1.25	0.0135359947174829	0.80423644511899	-0.00447748260778016	12.9687999863291	0.358798396566364
18.375	1.25	0.0178554688228009	0.80501204023612	-0.00509042849157648	12.8963761446066	0.361606054734821
18.625	1.25	0.0231988986337023	0.805884118832118	-0.0057065840901587	12.8232513755357	0.365079284111907
18.875	1.25	0.0297465416887046	0.80685099086153	-0.00629833279950253	12.7492703492514	0.369335252097658
19.125	1.25	0.0377037584473987	0.807906438411796	-0.00683086624724642	12.6742521218075	0.374507442990809
19.375	1.25	0.0473045678837658	0.80903866732172	-0.00726263959697105	12.5979868654718	0.380747969124448
19.625	1.25	0.0588152150232472	0.810229298828737	-0.0075468085105032	12.5202322105924	0.388229889765111
19.875	1.25	0.0725369941167973	0.811452513546945	-0.00763393356321073	12.4407092534628	0.397149046175918
20.125	1.25	0.0888069989361291	0.812674509354346	-0.00747616376352159	12.3590984185239	0.407724549308484
20.375	1.25	0.107994717661363	0.813853501018749	-0.00703292198251855	12.2750355834092	0.420196566479886
20.625	1.25	0.130491547652624	0.814940568155214	-0.00627777298357626	12.188109199307	0.434819505974205
20.875	1.25	0.156689639713493	0.815881723528161	-0.00520565655224567	12.0978595601447	0.451848265813771
21.125	1.25	0.18694650531184	0.816621562119811	-0.0038390950019992	12.003781832948	0.471515228452696
21.375	1.25	0.22153329578762	0.817108658059895	-0.00223154309607702	11.905334813771	0.493996642261953
21.625	1.25	0.260568389858715	0.817302396435945	-0.000466055506240547	11.8019573713461	0.519369453408165
21.875	1.25	0.303944178689422	0.817180164077751	0.00135180640009985	11.6930938697516	0.547563716148124
22.125	1.25	0.351262591228265	0.816743030142228	0.00310639686274986	11.5782282734196	0.578320684298372
22.375	1.25	0.401800766914906	0.816017748183437	0.00468747606782127	11.4569241818523	0.611170498494689
22.625	1.25	0.454527693016436	0.815053633005376	0.00600518455834013	11.3288652929854	0.645443000460683
22.875	1.25	0.508182095480662	0.813914622858441	0.00700085685556409	11.1938888575797	0.68031836206243
23.125	1.25	0.56140285278065	0.812668824782193	0.00765137082602531	11.0520047687935	0.714911854307422
23.375	1.25	0.6128835650942	0.811378838162716	0.00796683906784389	10.9033955771033	0.74837431731123
23.625	1.25	0.661513154329835	0.810095493511643	0.00798332928882419	10.7483972348961	0.779983550314393
23.875	1.25	0.706470232647071	0.80885582622456	0.00775322787219719	10.5874650060621	0.809205651220596
24.125	1.25	0.747256918686787	0.807684346033564	0.00733572760814883	10.4211318909602	0.835716997146411
24.375	1.25	0.783677821383997	0.806595877089438	0.00678911198587436	10.2499672470888	0.859390583899598
24.625	1.25	0.815782965360371	0.805598481663442	0.00616553989814354	10.0745414495338	0.880258927484241
24.875	1.25	0.843796406235543	0.8046956982096	0.00550826883034488	9.89539962907993	0.898467664053103
25.125	1.25	0.868047736798155	0.803887969907656	0.00485082219177295	9.71304492735097	0.914231028918801
25.375	1.25	0.888916266962586	0.803173474569301	0.0042174697507223	9.52792997628099	0.927795573525681
25.625	1.25	0.906791011472868	0.802548628150842	0.00362444277492034	9.34045454041339	0.939414157457364
25.875	1.25	0.922045317633241	0.802008459036685	0.00308144332824446	9.15096721506213	0.949329456461607
26.125	1.25	0.935022997822709	0.801546950656359	0.00259315847480266	8.95976942373915	0.957764948584761
26.375	1.25	0.94603248028242	0.801157378239774	0.00216061775875288	8.76712043875128	0.964921112183573
26.625	1.25	0.95534597915877	0.800832630211636	0.00178232418961641	8.57324260028955	0.970974886453201
26.875	1.25	0.963201451764594	0.800565495598058	0.00145514697154855	8.37832626350854	0.976080943646986
27.125	1.25	0.96980584919109	0.800348902914275	0.00117499595374897	8.18253424900932	0.980373801974209
27.375	1.25	0.975338751349997	0.800176104096242	0.000937311658724305	7.98600572605277	0.983970188377498
27.625	1.25	0.979955889334132	0.800040804351644	0.000737407809585923	7.78885954408585	0.986971328067186
27.875	1.25	0.983792322869279	0.799937243679985	0.000570700599452434	7.59119706951865	0.989465009865031
28.125	1.25	0.986965197309595	0.799860238233799	0.000432853794900685	7.39310459881674	0.991527378251237
28.375	1.25	0.989576088726103	0.799805190281012	0.00031986304020863	7.19465541813643	0.993224457671967
28.625	1.25	0.99171298455786	0.799768074979957	0.000228097405021787	6.99591157176483	0.994613439962609
28.875	1.25	0.993451960038857	0.799745411061555	0.000154311700133408	6.79692539116479	0.995743774025257
29.125	1.25	0.994858609447707	0.799734221203987	9.56394627266026e-05	6.59774082598307	0.996658096141009
29.375	1.25	0.995989283574613	0.799731986612053	4.95737156327184e-05	6.39839460916404	0.997393034323498
29.625	1.25	0.996892174909161	0.799736599183862	1.39405055609938e-05	6.19891728076436	0.997979913690955
29.875	1.25	0.997608282154246	0.799746313706366	-1.31313163198356e-05	5.99933408922257	0.99844538340026
30.125	1.25	0.998172276825773	0.799759701775383	-3.32417170445925e-05	5.79966578453721	0.998811979936753
30.375	1.25	0.998613287359996	0.799775608574307	-4.77509370048417e-05	5.5999293148059	0.999098636783997
30.625	1.25	0.998955610560279	0.799793113243649	-5.78097591343508e-05	5.40013843560153	0.999321146864181
30.875	1.25	0.999219356607671	0.799811493284633	-6.43879846072495e-05	5.20030424042197	0.999492581794986
31.125	1.25	0.999421032434573	0.799830193191517	-6.83008656708887e-05	5.00043561963871	0.999623671082472
31.375	1.25	0.999574068857712	0.799848797209943	-7.02336218627756e-05	4.800539654688	0.999723144757513
31.625	1.25	0.999689298418597	0.799867005711603	-7.07645685936222e-05	4.60062195347715	0.999798043972088
31.875	1.25	0.999775391008155	0.799884614208791	-7.03877057127698e-05	4.40068693213099	0.999854004155301
32.125	1.25	0.999839249788714	0.79990149374494	-6.95355866543154e-05	4.20073804765622	0.999895512362664
32.375	1.25	0.999886358499802	0.79991757170457	-6.86025865123519e-05	4.00077798660043	0.999926133024871
32.625	1.25	0.999921055514771	0.799932813345513	-6.79672037852578e-05	3.80080881706358	0.999948686084601
32.875	1.25	0.999946701035295	0.799947206348143	-6.80103899631304e-05	3.6008321153831	0.999965355672942
33.125	1.25	0.999965720989015	0.799960751927874	-6.91269746431702e-05	3.40084908243942	0.99997771864286
33.375	1.25	0.999979573257584	0.799973463514756	-7.17321170057269e-05	3.20086066340352	0.99998672261743
33.625	1.25	0.999988785978094	0.799985363857439	-7.62772015795833e-05	3.00086767351111	0.999992710885761
33.875	1.25	0.999993312854176	0.7999964518166	-8.33087674742583e-05	2.80087090932511	0.999995653355215
34.125	1.25	0.999993425900389	0.800006585569086	-9.36200662249331e-05	2.60087119875347	0.999995726835253
34.375	1.25	0.999991087644842	0.800015213965122	-0.000108535115373232	2.40086933860518	0.999994206969147
34.625	1.25	0.999991166173138	0.800020905082605	-0.000130297884207911	2.20086592214333	0.99999425801254
34.875	1.25	1.00000118656773	0.800020688489255	-0.000162391730153981	2.00086119641956	1.00000077126903
35.125	1.25	1.00002813210364	0.800009332603331	-0.000209407797475312	1.80085528332858	1.00001828586737
35.375	1.25	1.00007193217136	0.799978750085703	-0.000275918874684821	1.60084923014361	1.00004675591139
35.625	1.25	1.00011815121258	0.799917638974499	-0.000363874868294813	1.40084722146464	1.00007679828817
35.875	1.25	1.00013608955536	0.799811152150988	-0.000468431648276898	1.20085971022469	1.00008845821099
36.125	1.25	1.00008986898623	0.799640124463771	-0.000572527367019032	1.00090628694895	1.00005841484105
36.375	1.25	0.999964418414142	0.799380507215441	-0.000639447654012143	0.80101630993826	0.999976871969192
36.625	1.25	0.999793197339787	0.799010079779685	-0.000596397517374115	0.601225295762502	0.999865578270862
36.875	1.25	0.999657041232925	0.798551240500315	-0.000283658640260848	0.401564991719228	0.999777076801401
37.125	1.25	0.999626336609289	0.798239739737639	0.000698058103598558	0.202038704104301	0.999757118796038
37.375	1.25	0.99967236066496	0.399068857550668	0.00339810474596852	0.00254207951623191	0.999787034432224
0.125	1.75	-3.63762728936948e-12	0.399796000739948	-0.000952163851959588	18.0158777791773	0.349999999997635
0.375	1.75	-5.54239721789614e-12	0.799523460630083	-0.000541074997896097	17.9459134790645	0.349999999996397
0.625	1.75	-7.3219648627767e-12	0.799475050199569	-0.000193609621135917	17.8759611736172	0.349999999995241
0.875	1.75	-6.45503226608134e-12	0.799550519546832	1.58611184586258e-05	17.8060053453627	0.349999999995804
1.125	1.75	2.95601745102734e-14	0.79966557358797	0.000116873957204056	17.736039832812	0.350000000000019
1.375	1.75	1.48110954477281e-11	0.799776479043127	0.000151084456748035	17.6660638701312	0.350000000009627
1.625	1.75	3.89155311973466e-11	0.799867155163901	0.00014976341547887	17.5960789491546	0.350000000025295
1.875	1.75	6.99538083774297e-11	0.799935419040945	0.000132261466578611	17.5260871181791	0.35000000004547
2.125	1.75	1.00400467320396e-10	0.799984544796936	0.000109278396101817	17.4560902510487	0.35000000006526
2.375	1.75	1.16571684495885e-10	0.800019103827492	8.61683139139096e-05	17.3860898230909	0.350000000075772
2.625	1.75	9.90904292632062e-11	0.80004326971308	6.52744160394839e-05	17.3160869081589	0.350000000064409
2.875	1.75	2.55918253837174e-11	0.800060321258207	4.73659718469219e-05	17.2460822512087	0.350000000016635
3.125	1.75	-1.2381414943173e-10	0.800072645256535	3.24553305926818e-05	17.1760763523087	0.349999999919521
3.375	1.75	-3.58243599927114e-10	0.800081902938667	2.02353532819293e-05	17.106069538731	0.349999999767142
3.625	1.75	-6.65453976824544e-10	0.800089217731675	1.0300070515496e-05	17.0360620198311	0.349999999567455
3.875	1.75	-1.00035499760041e-09	0.800095334398405	2.24765809240656e-06	16.9660539262782	0.349999999349769
4.125	1.75	-1.27504755641779e-09	0.800100739215873	-4.27758315406262e-06	16.8960453370825	0.349999999171219
4.375	1.75	-1.35404743964304e-09	0.800105745397868	-9.57321059153999e-06	16.826036297792	0.349999999119869
4.625	1.75	-1.05952180791885e-09	0.800110551686167	-1.38802304165432e-05	16.7560268325693	0.349999999311311
4.875	1.75	-1.92006137778751e-10	0.800115281655725	-1.73900149152452e-05	16.6860169521362	0.349999999875196
5.125	1.75	1.42848960572064e-09	0.800120009706072	-2.0252568542388e-05	16.6160066589779	0.350000000928518
5.375	1.75	3.89846649301809e-09	0.800124778083008	-2.25843863918185e-05	16.5459959507495	0.350000002534003
5.625	1.75	7.14602745544772e-09	0.80012960794787	-2.4475252727541e-05	16.475984822518	0.350000004644918
5.875	1.75	1.08335807542848e-08	0.800134506532189	-2.59938475481611e-05	16.4059732682542	0.350000007041827
6.125	1.75	1.42644460039108e-08	0.800139471731437	-2.71922528655861e-05	16.3359612818472	0.35000000927189
6.375	1.75	1.63176571589608e-08	0.800144495027489	-2.8109529405592e-05	16.2659488578172	0.350000010606477
6.625	1.75	1.54421129286145e-08	0.800149563322791	-2.87745461750493e-05	16.1959359918357	0.350000010037373
6.875	1.75	9.74534706079781e-09	0.800154660063507	-2.92082302638579e-05	16.1259226811182	0.350000006334476
7.125	1.75	-2.78808907006919e-09	0.800159765899577	-2.94253796456056e-05	16.0559089247252	0.349999998187742
7.375	1.75	-2.3919884809543e-08	0.800164859041589	-2.94361579063505e-05	15.9858947237829	0.349999984452075
7.625	1.75	-5.46075951650245e-08	0.800169915419569	-2.92473681770911e-05	15.9158800816229	0.349999964505063
7.875	1.75	-9.42868619771815e-08	0.800174908713416	-2.8863587503091e-05	15.8458650038327	0.34999993871354
8.125	1.75	-1.40022274346995e-07	0.800179810301379	-2.82882302145904e-05	15.7758494982034	0.349999908985522
8.375	1.75	-1.85600800842913e-07	0.800184589160108	-2.75246006695405e-05	15.7058335745679	0.349999879359479
8.625	1.75	-2.20687009851011e-07	0.800189211740867	-2.65769919066852e-05	15.6358172445305	0.349999856553444
8.875	1.75	-2.30210869654816e-07	0.80019364184377	-2.54518855682226e-05	15.5658005211073	0.349999850362935
9.125	1.75	-1.94215138450182e-07	0.800197840510224	-2.41593120302024e-05	15.4957834183186	0.34999987376016
9.375	1.75	-8.84476225873422e-08	0.800201765956712	-2.27144363480351e-05	15.4257659508078	0.349999942509045
9.625	1.75	1.13960419439941e-07	0.800205373578153	-2.11394474257796e-05	15.3557481336	0.350000074074273
9.875	1.75	4.39341949095437e-07	0.800208616057584	-1.94658434691851e-05	15.2857299821567	0.350000285572267
10.125	1.75	9.08454769641945e-07	0.800211443631136	-1.77372287285557e-05	15.2157115129348	0.3500005904956
10.375	1.75	1.5291554622679e-06	0.800213804574962	-1.60127634774209e-05	15.1456927447056	0.35000099395105
10.625	1.75	2.28646436747917e-06	0.800215646001814	-1.43714426285017e-05	15.0756737009344	0.350001486201839
10.875	1.75	3.12987347461025e-06	0.800216915081318	-1.29174185028346e-05	15.0056544135435	0.350002034417758
11.125	1.75	3.95805981938515e-06	0.800217560827757	-1.17866282342136e-05	14.9356349283794	0.350002572738883
11.375	1.75	4.60165824757625e-06	0.800217536629981	-1.11550374123314e-05	14.8656153126384	0.350002991077861
11.625	1.75	4.80546193125932e-06	0.800216803727249	-1.12488645329848e-05	14.7955956643713	0.350003123550255
11.875	1.75	4.21239070843732e-06	0.800215335859022	-1.23572040349346e-05	14.7255761239301	0.35000273805396
12.125	1.75	2.35281139271128e-06	0.800213125329684	-1.48475132459108e-05	14.6555568868267	0.350001529327405
12.375	1.75	-1.35570370262322e-06	0.800210190727426	-1.91844625708853e-05	14.5855382168953	0.349999118792593
12.625	1.75	-7.59138825976545e-06	0.800206586516122	-2.59526587539851e-05	14.515520457862	0.349995065597631
12.875	1.75	-1.70854658450722e-05	0.800202414672503	-3.588372249469e-05	14.4455040404084	0.349988894447201
13.125	1.75	-3.05431574713077e-05	0.800197838473816	-4.98881143328721e-05	14.3754894805682	0.349980146947644
13.375	1.75	-4.85166712799829e-05	0.800193098445023	-6.90919315232019e-05	14.3054773638355	0.349968464163668
13.625	1.75	-7.12173372812785e-05	0.800188530360881	-9.48786105929426e-05	14.2354683077417	0.349953708730767
13.875	1.75	-9.82538033469494e-05	0.800184585064552	-0.000128935027518335	14.1654628939629	0.349936135027824
14.125	1.75	-0.000128283941179929	0.800181849720413	-0.000173300844310266	14.0954615593554	0.349916615438233
14.375	1.75	-0.0001585699910329	0.800181069969028	-0.000230419058291744	14.0254644338332	0.349896929505829
14.625	1.75	-0.000184429562502736	0.80018317229745	-0.000303184518266308	13.9554711118533	0.349880120784373
14.875	1.75	-0.000198579317231216	0.800189285778998	-0.000394985635703439	13.8854803436088	0.3498709234438
15.125	1.75	-0.000190373218134784	0.800200762164353	-0.000509732609649185	13.815489631992	0.349876257408212
15.375	1.75	-0.000144942675979539	0.800219193107167	-0.000651863201048	13.7454947220493	0.349905787260613
15.625	1.75	-4.22511157433672e-05	0.800246423062473	-0.000826314485375537	13.6754889710307	0.349972536774767
15.875	1.75	0.000143920352947861	0.800284556086025	-0.00103844620348916	13.6054625891495	0.350093548229416
16.125	1.75	0.000447037177357261	0.800335954366372	-0.00129389854583889	13.535401743628	0.350290574165282
16.375	1.75	0.000908906882061409	0.800403225835348	-0.00159836481073475	13.465287521226	0.35059078947334
16.625	1.75	0.00158079086555347	0.800489197633727	-0.00195725790990764	13.395094746827	0.35102751406261
16.875	1.75	0.00252452473303892	0.800596871596303	-0.00237524989867782	13.3247906573618	0.351640941076475
17.125	1.75	0.00381365028792849	0.80072935732741	-0.00285566655074885	13.254333430884	0.352478872687153
17.375	1.75	0.00553457624476188	0.800889777959283	-0.0033997256713719	13.1836705695543	0.353597474559095
17.625	1.75	0.00778780061069357	0.801081143432601	-0.00400561972529612	13.1127371322942	0.355062070396951
17.875	1.75	0.0106892435729197	0.801306186222106	-0.0046674619315437	13.0414538078013	0.356948008322398
18.125	1.75	0.0143717525295435	0.801567154940322	-0.00537414166804457	12.9697248116677	0.359341639144203
18.375	1.75	0.018986845725392	0.801865562226336	-0.00610817093210848	12.8974355831928	0.362341449721505
18.625	1.75	0.024706750090139	0.80220188477678	-0.00684464902664741	12.8244502496598	0.36605938755859
18.875	1.75	0.0317267502880052	0.802575215355206	-0.00755052636069781	12.7506088211012	0.370622387687203
19.125	1.75	0.040267781521593	0.802982869465975	-0.00818440626386924	12.6757240816762	0.376174057989035
19.375	1.75	0.0505790425956744	0.803419954153453	-0.00869717730527918	12.5995781622777	0.382876377687188
19.625	1.75	0.0629401455299433	0.80387891551329	-0.00903380164026749	12.5219188243161	0.390911094594463
19.875	1.75	0.0776619199915392	0.804349099367464	-0.00913657081449501	12.4424555725586	0.4004802479945
20.125	1.75	0.0950844368547442	0.8048163923447	-0.00895004083638928	12.3608558647398	0.411804883955584
20.375	1.75	0.115570136370214	0.805263063813485	-0.00842762744218334	12.2767419160118	0.425120588640639
20.625	1.75	0.139489278424844	0.805668000705762	-0.0075394443520117	12.1896889150542	0.440668030976148
20.875	1.75	0.167194584875133	0.806007595605414	-0.00628041141629306	12.0992258546361	0.458676480168837
21.125	1.75	0.198982447213809	0.806257559439644	-0.0046770506006727	12.0048405561851	0.479338590688976
21.375	1.75	0.235040117403684	0.806395798698173	-0.00279096136096265	11.9059906783602	0.502776076312395
21.625	1.75	0.275382445731249	0.80640614813435	-0.000717055161076473	11.8021223035229	0.528998589725312
21.875	1.75	0.319787809865063	0.806282209508272	0.00142449495159824	11.6926968262741	0.557862076412291
22.125	1.75	0.367749267181614	0.806030038625857	0.00350200011374928	11.5772251755524	0.589037023668049
22.375	1.75	0.418460322359975	0.805668344161361	0.00538921740532878	11.4553060649906	0.621999209533984
22.625	1.75	0.470851118919596	0.805225532564301	0.00698174319250745	11.3266626455221	0.656053227297737
22.875	1.75	0.52367859626233	0.80473422404098	0.00820904667519071	11.1911706673002	0.690391087570514
23.125	1.75	0.575656440537536	0.804225080844073	0.00903973032481783	11.0488719848388	0.724176686349398
23.375	1.75	0.62559554193651	0.803722107439694	0.00947972546509357	10.8999701480265	0.756637102258732
23.625	1.75	0.672521415533098	0.803240752877895	0.00956503790445409	10.7448090098179	0.787138920096514
23.875	1.75	0.715744141613021	0.802788747005343	0.00935165718848681	10.5838391271709	0.815233692048463
24.125	1.75	0.754873607527402	0.802368536536184	0.00890520956865333	10.4175788016237	0.840667844892812
24.375	1.75	0.789789249979515	0.801979951704917	0.00829220449707616	10.2465764221561	0.863363012486685
24.625	1.75	0.820582552299501	0.801622177593425	0.00757377553319603	10.0713788975705	0.883378658994675
24.875	1.75	0.847491099840676	0.801294747224971	0.00680201172215959	9.89250846975057	0.900869214896439
25.125	1.75	0.870837998529401	0.800997736765156	0.00601847301035624	9.71044802260081	0.916044699044111
25.375	1.75	0.890983868449032	0.800731516107086	0.00525427704417337	9.52563361453636	0.929139514491871
25.625	1.75	0.908293165812229	0.80049637015894	0.00453114792280522	9.33845238685375	0.940390557777949
25.875	1.75	0.923113259905907	0.800292184001546	0.00386293084041768	9.14924401097666	0.950023618938839
26.125	1.75	0.935763300083275	0.800118267750721	0.00325722356096838	8.95830415901054	0.958246145054129
26.375	1.75	0.946529789932607	0.799973320212125	0.00271691118391452	8.76588889883947	0.965244363456194
26.625	1.75	0.955666294973302	0.799855494881033	0.0022414954379148	8.57221930067117	0.971183091732646
26.875	1.75	0.963395402357875	0.79976252439358	0.00182818091389866	8.37748584347516	0.976207011532619
27.125	1.75	0.969911690055327	0.799691866356082	0.00147272337840827	8.18185241966522	0.980442598535963
27.375	1.75	0.975384959305192	0.799640844922309	0.00117006724923336	7.98545986872236	0.984000223548375
27.625	1.75	0.979963329201827	0.79960677338381	0.000914807687921293	7.78842904561587	0.986976163981187
27.875	1.75	0.98377601202104	0.799587051372506	0.000701513205560072	7.59086346684661	0.989454407813676
28.125	1.75	0.986935716495106	0.799579235778762	0.000524941090332704	7.39285159050702	0.991508215721819
28.375	1.75	0.989540694181769	0.799581087647078	0.000380172794050322	7.19446878726759	0.99320145121815
28.625	1.75	0.991676474510565	0.799590598796631	0.000262691047795605	6.99577905333257	0.994589708431867
28.875	1.75	0.993417342968694	0.799606002332888	0.000168415604724254	6.79683650815162	0.995721272929651
29.125	1.75	0.994827614444032	0.799625771026674	9.37104004067501e-05	6.59768671124134	0.996637949388621
29.375	1.75	0.995962746167077	0.799648607045343	3.53716166831929e-05	6.39836782494851	0.9973757850086
29.625	1.75	0.996870325498363	0.799673425921013	-9.39643837483525e-06	6.19891164380393	0.997965711573936
29.875	1.75	0.99759095883847	0.799699337041898	-4.30126766876296e-05	5.99934450633757	0.998434123245006
30.125	1.75	0.998159080046145	0.799725622415567	-6.75542984367069e-05	5.79968810173347	0.998803402029994
30.375	1.75	0.998603690274275	0.799751715007445	-8.47931371720421e-05	5.59996018130382	0.999092398678278
30.625	1.75	0.998949036223498	0.799777177609456	-9.62316003734953e-05	5.40017518322998	0.999316873545274
30.875	1.75	0.999215230624	0.799801682922479	-0.000103137090748981	5.20034477811589	0.9994898999056
31.125	1.75	0.999418817457502	0.799824995290285	-0.000106574263980709	5.00047834237092	0.999622231347376
31.375	1.75	0.99957328498023	0.799846954227199	-0.000107434940786958	4.80058336602792	0.99972263523715
31.625	1.75	0.999689531308903	0.799867459474159	-0.000106465973608867	4.60066580110163	0.999798195350787
31.875	1.75	0.999776288438583	0.799886456822176	-0.00010429577375905	4.40073035596005	0.999854587485079
32.125	1.75	0.999840508418239	0.799903923545497	-0.000101460259881051	4.20078074065244	0.999896330471856
32.375	1.75	0.999887707745812	0.799919852355134	-9.84283031824245e-05	4.00081986826844	0.999927010034778
32.625	1.75	0.999922253611996	0.799934233701667	-9.56250715544861e-05	3.80085001883751	0.999949464847798
32.875	1.75	0.999947565228907	0.799947038012582	-9.34494012323671e-05	3.60087297518497	0.999965917398789
33.125	1.75	0.999966208783954	0.799958201058999	-9.22800012946777e-05	3.40089014342188	0.99997803570957
33.375	1.75	0.999979900887387	0.799967614777362	-9.2467688129378e-05	3.20090267147049	0.999986935576801
33.625	1.75	0.999989506230045	0.799975119366573	-9.43197145882662e-05	3.00091157327791	0.999993179049529
33.875	1.75	0.999995193763068	0.799980478475444	-9.80972794256396e-05	2.80091785192616	0.999996875945995
34.125	1.75	0.999996934623143	0.799983300950276	-0.000104060645120273	2.60092259566314	0.999998007505043
34.375	1.75	0.999995394979082	0.79998286189532	-0.000112589589200925	2.40092701068847	0.999997006736403
34.625	1.75	0.999992951798948	0.799977793669977	-0.000124354921946905	2.20093237451666	0.999995418669316
34.875	1.75	0.999994135684186	0.799965685806267	-0.000140403576609931	2.00093995916813	0.999996188194721
35.125	1.75	1.00000459050294	0.799942756179148	-0.000161868023215999	1.80095106946809	1.00000298382691
35.375	1.75	1.00002807708391	0.799903899100472	-0.000188911080552047	1.60096740125528	1.00001825010454
35.625	1.75	1.00006239128233	0.799843499447487	-0.000218623825038242	1.40099183486649	1.00004055433352
35.875	1.75	1.0000968708203	0.799757343523916	-0.000242043496242432	1.20102944765203	1.0000629660332
36.125	1.75	1.00011496780443	0.799645782694992	-0.000241200582041725	1.00108799966296	1.00007472907288
36.375	1.75	1.00010322076949	0.799518271041814	-0.000187768609792244	0.801176693988706	1.00006709350017
36.625	1.75	1.00006234316782	0.799399885314617	-4.50550286216234e-05	0.601302059831109	1.00004052305908
36.875	1.75	1.00001053352126	0.799340957169639	0.000224301684624589	0.401460572160674	1.00000684678882
37.125	1.75	0.999971361795187	0.799428350230982	0.000635373215413429	0.201628863761836	0.999981385166872
37.375	1.75	0.999954369093566	0.399752678182554	0.00110166377472155	0.00175385487628444	0.999970339910818
0.125	2.25	-3.64532820146766e-12	0.399936172778463	-0.000416510892337769	18.0159730078717	0.349999999997631
0.375	2.25	-5.54764902577096e-12	0.799833755502933	-0.000326813183903335	17.9459841776521	0.349999999996394
0.625	2.25	-7.31940007305067e-12	0.79978422676035	-0.000211993084573587	17.8760021007086	0.349999999995242
0.875	2.25	-6.43793908817404e-12	0.799781833737146	-0.000111908062000612	17.8060219380517	0.349999999995815
1.125	2.25	6.67170026068268e-14	0.799809094097051	-3.9985660690063e-05	17.7360402799194	0.350000000000043
1.375	2.25	1.48691986167225e-11	0.799849827167509	4.66702474280316e-06	17.6660553467303	0.350000000009665
1.625	2.25	3.89870995544547e-11	0.799893156657242	2.8169622773934e-05	17.5960665603392	0.350000000025342
1.875	2.25	7.00196472932026e-11	0.799933210259007	3.72202902682274e-05	17.5260740445157	0.350000000045513
2.125	2.25	1.00426709787056e-10	0.799967585090896	3.73183761325152e-05	17.4560782487688	0.350000000065277
2.375	2.25	1.16507129734755e-10	0.799995886135234	3.24081551131254e-05	17.3860797173745	0.35000000007573
2.625	2.25	9.88653072276616e-11	0.800018696054115	2.50829325592404e-05	17.3160789689735	0.350000000064262
2.875	2.25	2.51215842606148e-11	0.80003695727498	1.69318936034778e-05	17.2460764458808	0.350000000016329
3.125	2.25	-1.2461458744954e-10	0.800051647287562	8.86137327006368e-06	17.1760725018185	0.349999999919
3.375	2.25	-3.59431024870854e-10	0.800063633482801	1.34157401142224e-06	17.1060674080457	0.34999999976637
3.625	2.25	-6.67014229531289e-10	0.800073626323337	-5.42135049717317e-06	17.0360613664936	0.349999999566441
3.875	2.25	-1.00215138600911e-09	0.800082180481184	-1.13724392836484e-05	16.9660545240872	0.349999999348602
4.125	2.25	-1.27676320949266e-09	0.80008971565214	-1.65372613701316e-05	16.8960469856783	0.349999999170104
4.375	2.25	-1.35511485118857e-09	0.800096542555653	-2.0979439022002e-05	16.8260388247223	0.349999999119175
4.625	2.25	-1.05902394774665e-09	0.80010288750404	-2.4776178769376e-05	16.7560300916596	0.349999999311634
4.875	2.25	-1.88542344967774e-10	0.80010891308882	-2.80049076289102e-05	16.686020820295	0.349999999877447
5.125	2.25	1.4369382455605e-09	0.800114734543607	-3.0736542337716e-05	16.6160110325632	0.35000000093401
5.375	2.25	3.91456657073983e-09	0.80012043220129	-3.30325883869525e-05	16.546000742056	0.350000002544468
5.625	2.25	7.17283673510456e-09	0.800126060740679	-3.49443613511136e-05	16.4759899566248	0.350000004662344
5.875	2.25	1.08737784429269e-08	0.80013165592699	-3.6513316976584e-05	16.4059786803111	0.350000007067956
6.125	2.25	1.43188266262105e-08	0.800137239455076	-3.77719071616289e-05	16.3359669147954	0.350000009307237
6.375	2.25	1.63827334888294e-08	0.800142822385321	-3.87446384564242e-05	16.2659546605042	0.350000010648777
6.625	2.25	1.55068256196017e-08	0.800148407543948	-3.94491659498448e-05	16.1959419174751	0.350000010079437
6.875	2.25	9.78714446253798e-09	0.800153991166871	-3.98973444584523e-05	16.1259286860453	0.350000006361644
7.125	2.25	-2.80712667652322e-09	0.800159563987995	-4.00962114121763e-05	16.0559149674061	0.349999998175368
7.375	2.25	-2.40556333062539e-08	0.800165111916925	-4.00489041755584e-05	15.9859007640448	0.349999984363838
7.625	2.25	-5.49332416710283e-08	0.800170616408411	-3.97555305542905e-05	15.9158860800812	0.349999964293393
7.875	2.25	-9.48863292818713e-08	0.800176054594723	-3.92140198749971e-05	15.8458709215013	0.349999938323886
8.125	2.25	-1.40974371685623e-07	0.80018139923044	-3.8420987401103e-05	15.7758552962833	0.349999908366658
8.375	2.25	-1.86950462249639e-07	0.800186618483017	-3.73726484232647e-05	15.7058392144164	0.3499998784822
8.625	2.25	-2.2240036695052e-07	0.800191675592084	-3.60658231400694e-05	15.6358226878247	0.349999855439761
8.875	2.25	-2.3211238374627e-07	0.800196528412645	-3.44990781756944e-05	15.5658057302222	0.349999849126951
9.125	2.25	-1.95908050325852e-07	0.800201128852488	-3.26740588004627e-05	15.4957883569525	0.349999872659767
9.375	2.25	-8.92240349284185e-08	0.80020542221244	-3.05970760342053e-05	15.4257705848978	0.349999942004377
9.625	2.25	1.15206034130294e-07	0.800209346437759	-2.82810267500559e-05	15.3557524325856	0.350000074883922
9.875	2.25	4.44171889793711e-07	0.800212831291072	-2.57477438090995e-05	15.2857339206664	0.350000288711728
10.125	2.25	9.18883244890191e-07	0.800215797463029	-2.30308960556604e-05	15.2157150729919	0.350000597274109
10.375	2.25	1.54752825451818e-06	0.800218155644794	-2.01795873113762e-05	15.1456959185755	0.350001005893365
10.625	2.25	2.31515577665993e-06	0.800219805596427	-1.72628379171841e-05	15.075676494768	0.350001504851255
10.875	2.25	3.17071853694306e-06	0.800220635258236	-1.43751733237987e-05	15.0056568520135	0.350002060967049
11.125	2.25	4.01142914064014e-06	0.800220519965583	-1.16435900007898e-05	14.9356370605496	0.350002607428941
11.375	2.25	4.66508071983713e-06	0.800219321836895	-9.23621965486119e-06	14.8656172193695	0.350003032302468
11.625	2.25	4.87171336784471e-06	0.800216889413069	-7.37306535262331e-06	14.7955974676273	0.350003166613689
11.875	2.25	4.26700245332603e-06	0.800213057620387	-6.33923494103353e-06	14.7255779984299	0.350002773551595
12.125	2.25	2.37102328012991e-06	0.800207648114645	-6.50114239689002e-06	14.6555590745685	0.350001541165132
12.375	2.25	-1.41240292742868e-06	0.80020047003005	-8.32617886662433e-06	14.5855410451695	0.349999081938097
12.625	2.25	-7.77880520472972e-06	0.800191321102195	-1.24063613038159e-05	14.5155243614611	0.349994943776617
12.875	2.25	-1.74797315236049e-05	0.800179989062494	-1.94864322305024e-05	14.4455095888263	0.34998863817451
13.125	2.25	-3.1242257002786e-05	0.800166253108658	-3.04967896204019e-05	14.3754974110505	0.349979692532948
13.375	2.25	-4.96389657665262e-05	0.800149885154112	-4.65914443257098e-05	14.3054886211764	0.349967734672252
13.625	2.25	-7.28948754637291e-05	0.800130650455095	-6.91909016539737e-05	14.2354840917137	0.349952618330949
13.875	2.25	-0.000100617328372182	0.80010830712544	-0.000100029404080463	14.1654847151728	0.349934598736558
14.125	2.25	-0.000131435382746747	0.800082603990973	-0.00014120530759198	14.0954913041247	0.349914567001215
14.375	2.25	-0.000162536880008246	0.800053276231906	-0.000195232445513104	14.0255044383614	0.349894351027995
14.625	2.25	-0.000189094213649528	0.800020038329749	-0.000265089110868955	13.9555242453946	0.349877088761128
14.875	2.25	-0.000203573817854733	0.799982573993909	-0.000354259717606739	13.8855500996369	0.349867677018394
15.125	2.25	-0.000194929287516927	0.799940523007374	-0.000466762255523645	13.8155802252907	0.349873295963114
15.375	2.25	-0.000147683409396646	0.799893465300433	-0.000607152337174981	13.7456111883124	0.349904005783892
15.625	2.25	-4.09096270191072e-05	0.799840903036659	-0.000780492001564215	13.6756372638415	0.349973408742438
15.875	2.25	0.000152872151228428	0.799782242056955	-0.000992268618713133	13.6056496671248	0.350099366898299
16.125	2.25	0.000468867745049143	0.799716774648374	-0.00124824646764333	13.5356356380488	0.350304764034282
16.375	2.25	0.000951230874998449	0.799643666243586	-0.00155423121347838	13.4655773716662	0.350618300068749
16.625	2.25	0.00165431988586158	0.799561949259629	-0.00191572614194894	13.395450789203	0.35107530792581
16.875	2.25	0.0026439794300587	0.799470527779945	-0.00233745938194053	13.3252241455638	0.351718586629538
17.125	2.25	0.00399884648106357	0.799368197077808	-0.00282276445263428	13.2548564698869	0.352599250212691
17.375	2.25	0.00581169145893044	0.799253681948491	-0.00337280353137304	13.1842958348812	0.353777599448305
17.625	2.25	0.00819081773311494	0.799125697296538	-0.00398563526737432	13.1134774482578	0.355324031526525
17.875	2.25	0.0112615539819567	0.798983033194053	-0.00465514827767776	13.042321555562	0.357320010088272
18.125	2.25	0.0151678801183177	0.798824664411009	-0.00536990909496056	12.9707311384967	0.359859122076907
18.375	2.25	0.02007422296448	0.798649880906783	-0.0061120103422783	12.8985893874013	0.363048244926912
18.625	2.25	0.0261674337208759	0.798458430696789	-0.00685605144047543	12.825756922843	0.367008831918569
18.875	2.25	0.0336589022499602	0.798250659825802	-0.0075684386097689	12.7520687426289	0.371878286462474
19.125	2.25	0.0427866542898157	0.798027626424324	-0.00820724860354486	12.6773308823871	0.37781132528838
19.375	2.25	0.0538170918596701	0.797791158678284	-0.00872295165766176	12.6013168084725	0.384981109708786
19.625	2.25	0.0670457458591213	0.797543823529958	-0.00906031588265833	12.5237636231345	0.393579734808429
19.875	2.25	0.0827959905975371	0.797288779938563	-0.00916178970773228	12.4443682688618	0.403817393888399
20.125	2.25	0.101414127065204	0.797029515224271	-0.00897254234984505	12.3627840883074	0.415919182592383
20.375	2.25	0.123258644560763	0.796769511668833	-0.00844709206848237	12.2786183406097	0.430118118964496
20.625	2.25	0.148681008224673	0.796511960643852	-0.00755704149632746	12.1914315906765	0.446642655346037
20.875	2.25	0.177995357448702	0.796259710613266	-0.00629889425699911	12.1007402364356	0.465696982341657
21.125	2.25	0.211435581217227	0.796015652405533	-0.0047003697022893	12.0060237231022	0.487433127791198
21.375	2.25	0.249100948565266	0.795783640134746	-0.00282330222915145	11.9067380417124	0.511915616567423
21.625	2.25	0.290896068456649	0.795569775851102	-0.00076140991567889	11.8023366918888	0.539082444496822
21.875	2.25	0.336476745212464	0.795383512064956	0.00136785250158582	11.6922991974536	0.568709884388102
22.125	2.25	0.385218132209224	0.795237766040729	0.00343658526318939	11.5761654651531	0.600391785935996
22.375	2.25	0.436222104521672	0.795147387129271	0.00532244075916825	11.4535720923897	0.633544367939087
22.625	2.25	0.488374053163218	0.795126000012119	0.0069238484629838	11.3242848973814	0.667443134556091
22.875	2.25	0.540445540989315	0.795182183469146	0.00817112622861961	11.1882214045116	0.701289601643055
23.125	2.25	0.591223363117016	0.79531652428724	0.00903142587812443	11.0454584064757	0.73429518602606
23.375	2.25	0.639635330483587	0.795520827450644	0.00950730875223383	10.896222864767	0.765762964814331
23.625	2.25	0.684844259895395	0.795779773379567	0.00963036340102277	10.7408682209891	0.795148768932007
23.875	2.25	0.72629357954741	0.79607423389608	0.00945212653831979	10.5798412197699	0.822090826705816
24.125	2.25	0.763704139021014	0.796384930406452	0.00903456724501914	10.4136455673681	0.846407690363659
24.375	2.25	0.797034603651848	0.796695304290858	0.00844181045908732	10.2428080641944	0.868072492373701
24.625	2.25	0.826423097994238	0.796993068049021	0.00773398624483979	10.0678509376337	0.887175013696255
24.875	2.25	0.852126099044296	0.797270495363958	0.00696339189114875	9.88927190590611	0.903881964378792
25.125	2.25	0.874465193898097	0.797523843471787	0.00617268755935809	9.70753173685123	0.918402376033763
25.375	2.25	0.893786485041425	0.797752365127011	0.00539462565570529	9.52304801966892	0.930961215276926
25.625	2.25	0.910433057736955	0.797957266641986	0.00465278023404701	9.33619349151356	0.941781487529021
25.875	2.25	0.924728497982339	0.798140818753638	0.00396281756172849	9.1472973393622	0.95107352368852
26.125	2.25	0.936968603475421	0.798305699326115	0.00333396678431184	8.9566482016705	0.959029592259024
26.375	2.25	0.947418547092112	0.798454565272359	0.00277046773976564	8.76449795541393	0.965822055609873
26.625	2.25	0.956313299655527	0.798589811802315	0.00227287019181931	8.57106569770674	0.971603644776092
26.875	2.25	0.963859754390798	0.798713466480157	0.0018391288626703	8.37654158038723	0.976508840354019
27.125	2.25	0.970239549762161	0.798827170234034	0.00146548375654226	8.18109032819726	0.980655707345405
27.375	2.25	0.975612004412746	0.798932208032466	0.001147140873413	7.98485437956058	0.984147802868285
27.625	2.25	0.980116861316191	0.79902956312649	0.000878780470968161	7.78795665066373	0.987075959855524
27.875	2.25	0.983876715024772	0.799119978191237	0.000654923582937309	7.59050295416222	0.989519864766102
28.125	2.25	0.986999096876024	0.799204013731364	0.000470186264780047	7.39258411540424	0.991549412969416
28.375	2.25	0.989578244421968	0.799282098914997	0.000319447499287862	7.19427782996851	0.993225858874279
28.625	2.25	0.991696602587016	0.799354573038174	0.000197952373890528	6.99565030196285	0.994602791681561
28.875	2.25	0.993426108290249	0.799421717598387	0.000101367878745234	6.79675769617832	0.995726970388662
29.125	2.25	0.994829305839728	0.799483779883978	2.58048735561987e-05	6.59764743065322	0.996639048795823
29.375	2.25	0.995960332297387	0.799540989385971	-3.2183423690938e-05	6.39835933037244	0.997374215993301
29.625	2.25	0.996865803035593	0.79959356842051	-7.56186553691652e-05	6.19892665807306	0.997962771973135
29.875	2.25	0.997585619294942	0.799641738261394	-0.000107124508863187	5.99937703450596	0.998430652541712
30.125	2.25	0.998153712342827	0.799685721915246	-0.00012895968278687	5.79973325792284	0.998799913022838
30.375	2.25	0.998598733031008	0.79972574448734	-0.000143053618375028	5.60001403085834	0.999089176470155
30.625	2.25	0.998944691202534	0.799762031917623	-0.000151042840651342	5.40023460127441	0.999314049281647
30.875	2.25	0.999211546555138	0.799794808721151	-0.000154306394410598	5.20040732463478	0.99948750526084
31.125	2.25	0.99941575132994	0.799824295219982	-0.000153999374016047	5.00054215327816	0.999620238364461
31.375	2.25	0.999570745576632	0.799850704552231	-0.000151084024446058	4.80064705934943	0.999720984624811
31.625	2.25	0.999687407364665	0.799874239434507	-0.000146358383312528	4.60072839734548	0.999796814787032
31.875	2.25	0.999774462027579	0.799895088237978	-0.000140482882800061	4.40079121195415	0.999853400317926
32.125	2.25	0.999838854401796	0.799913419547875	-0.000134005516723388	4.20083949641984	0.999895255361167
32.375	2.25	0.999886084000644	0.799929374308188	-0.000127385738260873	4.00087640651628	0.999925954600419
32.625	2.25	0.999920494683544	0.799943055287886	-0.000121015870448901	3.80090443583897	0.999948321544304
32.875	2.25	0.999945500986936	0.799954515120411	-0.000115236605242872	3.60092555983529	0.999964575641509
33.125	2.25	0.999963731225548	0.799963746096985	-0.000110341170467106	3.40094135830545	0.999976425296606
33.375	2.25	0.999977083800565	0.799970675754324	-0.00010656306782709	3.20095312738195	0.999985104470367
33.625	2.25	0.999986733996334	0.799975169794786	-0.000104047376242135	3.00096198963319	0.999991377097617
33.875	2.25	0.999993183570659	0.799977036224623	-0.000102816144193588	2.80096900284138	0.999995569320928
34.125	2.25	0.999996479460567	0.79997601307631	-0.00010275014394514	2.6009752551606	0.999997711649369
34.375	2.25	0.999996687870062	0.799971713870065	-0.00010361098163461	2.40098192317944	0.999997847115541
34.625	2.25	0.99999455756063	0.79996351373354	-0.000105103484272688	2.2009902710894	0.999996462414409
34.875	2.25	0.999992071083855	0.799950399993267	-0.000106919000239863	2.00100159323735	0.999994846204506
35.125	2.25	0.999992403662797	0.799930888248418	-0.000108621532163879	1.8010171446953	0.999995062380818
35.375	2.25	0.999998904360413	0.799903195114937	-0.0001091984610165	1.60103813650806	0.999999287834269
35.625	2.25	1.00001323388323	0.799865902396959	-0.000106190142329362	1.4010658448483	1.0000086020241
35.875	2.25	1.00003359468757	0.799819264892616	-9.4615550955497e-05	1.20110175837831	1.00002183654692
36.125	2.25	1.0000545049218	0.799767056065819	-6.63881786033144e-05	1.00114749355112	1.00003542819917
36.375	2.25	1.00006904633941	0.799718451162593	-1.13378388686173e-05	0.801204077558105	1.00004488012062
36.625	2.25	1.00007275097497	0.79968902851787	7.90366690351882e-05	0.601270337264439	1.00004728813373
36.875	2.25	1.00006642278351	0.799699534513525	0.000204553675661431	0.40134067117936	1.00004317480928
37.125	2.25	1.0000554630607	0.79977168550581	0.000346574125880476	0.20140332320949	1.00003605098945
37.375	2.25	1.00004669005178	0.399904697044091	0.000457943431038181	0.00144042719105848	1.00003034853366
0.125	2.75	-3.6494748087576e-12	0.399975396156804	-0.000239648766493979	18.016023557447	0.349999999997628
0.375	2.75	-5.54852381944236e-12	0.799932496245627	-0.000213040933535288	17.9460278631361	0.349999999996393
0.625	2.75	-7.31161814426876e-12	0.799904860443385	-0.000171436240900007	17.8760353706536	0.349999999995248
0.875	2.75	-6.41542553160875e-12	0.799894534394531	-0.000127026757295192	17.8060445126406	0.34999999999583
1.125	2.75	1.07989273393861e-13	0.799898723761345	-8.77664150890761e-05	17.7360538272486	0.35000000000007
1.375	2.75	1.49272355512732e-11	0.799912789609886	-5.7150057616674e-05	17.6660622361269	0.350000000009703
1.625	2.75	3.90495188827862e-11	0.799932261694756	-3.56164477686323e-05	17.5960690892397	0.350000000025382
1.875	2.75	7.00603524946758e-11	0.799953716547523	-2.20105596703772e-05	17.5260740905292	0.350000000045539
2.125	2.75	1.00405104313728e-10	0.79997492052662	-1.46084164742622e-05	17.4560771890671	0.350000000065263
2.375	2.75	1.16370724365947e-10	0.799994632940631	-1.16919980143281e-05	17.3860784796848	0.350000000075641
2.625	2.75	9.85553722314998e-11	0.800012317190861	-1.18052858605449e-05	17.3160781285787	0.350000000064061
2.875	2.75	2.45804554151693e-11	0.800027878141103	-1.3824259978671e-05	17.24607632449	0.350000000015977
3.125	2.75	-1.25435554017399e-10	0.800041464619768	-1.69354693426238e-05	17.1760732502696	0.349999999918467
3.375	2.75	-3.60560887054777e-10	0.800053337494576	-2.05797052928082e-05	17.1060690686191	0.349999999765635
3.625	2.75	-6.68442058001375e-10	0.800063789709529	-2.43901151518091e-05	17.0360639167399	0.349999999565513
3.875	2.75	-1.00378388672805e-09	0.800073102581761	-2.81376038354413e-05	16.9660579060651	0.34999999934754
4.125	2.75	-1.27834795745428e-09	0.800081525221343	-3.16875162716304e-05	16.896051124554	0.349999999169074
4.375	2.75	-1.35612486684761e-09	0.800089267566161	-3.49674158321445e-05	16.8260436400223	0.349999999118519
4.625	2.75	-1.05851694191217e-09	0.800096500747321	-3.79441636863674e-05	16.7560355036549	0.349999999311964
4.875	2.75	-1.85032630833145e-10	0.800103360917949	-4.06081648877048e-05	16.6860267532732	0.349999999879729
5.125	2.75	1.44552923284678e-09	0.800109954318788	-4.29628517154592e-05	16.6160174161831	0.350000000939594
5.375	2.75	3.93078588535625e-09	0.800116362396242	-4.50178556545998e-05	16.5460075115668	0.350000002555011
5.625	2.75	7.19927580392648e-09	0.800122646410633	-4.67847046131701e-05	16.4759970524517	0.350000004679529
5.875	2.75	1.09121964410483e-08	0.800128851322803	-4.82742104482525e-05	16.405986047318	0.350000007092928
6.125	2.75	1.43686629643521e-08	0.800135008932824	-4.94949656880818e-05	16.335974501413	0.350000009339631
6.375	2.75	1.643889806111e-08	0.800141140329603	-5.04525558204901e-05	16.2659624178343	0.350000010685284
6.625	2.75	1.5556793282591e-08	0.80014725774136	-5.11492268963012e-05	16.1959497984324	0.350000010111916
6.875	2.75	9.80764408990461e-09	0.800153365882689	-5.15838404718307e-05	16.1259366445721	0.350000006374969
7.125	2.75	-2.85312599388061e-09	0.800159462881831	-5.17520121155449e-05	16.055922957777	0.349999998145468
7.375	2.75	-2.42203778779822e-08	0.800165540857579	-5.16463717626952e-05	15.9859087402712	0.349999984256754
7.625	2.75	-5.52821655689085e-08	0.800171586201024	-5.12569143302651e-05	15.9158939954241	0.349999964066592
7.875	2.75	-9.54899439164025e-08	0.800177579600046	-5.05714282948764e-05	15.8458787280985	0.349999937931536
8.125	2.75	-1.41890952657157e-07	0.800183495834325	-4.95760047981108e-05	15.7758629449009	0.349999907770881
8.375	2.75	-1.88196290791757e-07	0.800189303356977	-4.82556407012627e-05	15.7058466543397	0.349999877672411
8.625	2.75	-2.23904881742333e-07	0.800194963669534	-4.65949583055861e-05	15.6358298669067	0.349999854461827
8.875	2.75	-2.33657309594995e-07	0.800200430491052	-4.45790742745463e-05	15.5658125951166	0.349999848122749
9.125	2.75	-1.97052822945249e-07	0.800205648714785	-4.21946599394525e-05	15.4957948535659	0.349999871915665
9.375	2.75	-8.92250564143653e-08	0.800210553141718	-3.94312478008337e-05	15.4257766591072	0.349999942003713
9.625	2.75	1.1746725275507e-07	0.80021506697638	-3.62828537602554e-05	15.3557580312795	0.350000076353714
9.875	2.75	4.50226635611534e-07	0.800219100067949	-3.27500026671572e-05	15.2857389931859	0.350000292647313
10.125	2.75	9.30642098072429e-07	0.800222546878695	-2.88422672671625e-05	15.2157195730669	0.350000604917364
10.375	2.75	1.56712441441425e-06	0.800225284161903	-2.45814574171801e-05	15.1456998068796	0.350001018630869
10.625	2.75	2.3445983140002e-06	0.800227168332611	-2.00056277889696e-05	15.0756797422449	0.350001523988904
10.875	2.75	3.21127443529452e-06	0.800228032514432	-1.51741086222338e-05	15.0056594441683	0.350002087328383
11.125	2.75	4.06264237864008e-06	0.800227683245912	-1.01738047573566e-05	14.9356390029438	0.350002640717546
11.375	2.75	4.72333354763253e-06	0.800225896822119	-5.12705217981705e-06	14.865618544614	0.350003070166806
11.625	2.75	4.92824473947374e-06	0.800222415235283	-2.01366905297672e-07	14.7955982442313	0.350003203359081
11.875	2.75	4.30532855666805e-06	0.800216941652026	4.37853428280421e-06	14.7255783419367	0.350002798463562
12.125	2.75	2.36376482440948e-06	0.800209135325465	8.31602286288822e-06	14.6555591614864	0.350001536447136
12.375	2.75	-1.50718022209686e-06	0.800198605782846	1.12247119174682e-05	14.5855411302932	0.349999020332856
12.625	2.75	-8.0214711029907e-06	0.800184906053122	1.26070228688205e-05	14.5155247992617	0.349994786043783
12.875	2.75	-1.79526909857232e-05	0.800167524607873	1.18287435958284e-05	14.4455108596673	0.349988330750859
13.125	2.75	-3.20524322855667e-05	0.800145875587235	8.08923712654804e-06	14.3755001530474	0.349979165919014
13.375	2.75	-5.09178643832514e-05	0.800119286783852	3.87116277166055e-07	14.3054936685529	0.349966903388151
13.625	2.75	-7.4794335680765e-05	0.800086984779253	-1.25185390168784e-05	14.2354925204872	0.349951383681807
13.875	2.75	-0.000103298242814811	0.800048076591195	-3.21509437066726e-05	14.1654978969139	0.34993285614217
14.125	2.75	-0.000135045706434259	0.800001527227972	-6.03612870447856e-05	14.0955109683443	0.349912220290818
14.375	2.75	-0.000167174015647458	0.799946132688519	-9.9375456354618e-05	14.0255327437511	0.349891336889829
14.625	2.75	-0.000194745431320626	0.799880488227782	-0.000151838845888152	13.955563859641	0.349873415469642
14.875	2.75	-0.000210026724532567	0.799802952162392	-0.000220854890129793	13.8856042868078	0.349863482629054
15.125	2.75	-0.00020164255558598	0.799711606143381	-0.000310011216447699	13.8156529388086	0.349868932338869
15.375	2.75	-0.000153606074820965	0.799604213692078	-0.000423385225621146	13.7457071662453	0.349900156051366
15.625	2.75	-4.42353828339733e-05	0.799478179881938	-0.000565518524704894	13.6757621216314	0.349971247001158
15.875	2.75	0.000155030969227702	0.799330516335069	-0.000741347068862402	13.6058099809122	0.350100770129998
16.125	2.75	0.000480903178877992	0.799157817145755	-0.000956071326187884	13.5358390094528	0.350312587066271
16.375	2.75	0.000979576919848136	0.798956252864089	-0.00121494859972823	13.4658324622654	0.350636724997901
16.625	2.75	0.00170812222455388	0.798721591158159	-0.00152298832542693	13.3957673100984	0.35111027944596
16.875	2.75	0.00273591389395372	0.79844925404937	-0.0018845314111664	13.3256127843906	0.35177834403107
17.125	2.75	0.00414610029466314	0.798134422452466	-0.00230269740813929	13.2553287346245	0.352694965191531
17.375	2.75	0.00603711681257559	0.797772198836078	-0.00277868965344621	13.1848637909941	0.353924125928174
17.625	2.75	0.0085242599160709	0.797357837747787	-0.00331095983000233	13.1141533233805	0.355540768945446
17.875	2.75	0.011741344946239	0.796887051221634	-0.0038942510998245	13.0431171845174	0.357631874215055
18.125	2.75	0.0158424709607278	0.796356391124315	-0.0045185644555625	12.9716572215183	0.360297606124473
18.375	2.75	0.0210039023842542	0.795763702703741	-0.00516812718917758	12.8996545368903	0.363652536549765
18.625	2.75	0.0274260396135916	0.795108632509744	-0.00582048545792487	12.826966480152	0.367826925748835
18.875	2.75	0.0353353742532441	0.794393159417962	-0.00644589308939052	12.7534233581363	0.372967993264609
19.125	2.75	0.0449861891303021	0.793622100579311	-0.00700722108967091	12.6788248721948	0.379241022934696
19.375	2.75	0.0566615439980511	0.792803527269824	-0.007460656744739	12.6029363329279	0.386830003598733
19.625	2.75	0.0706727607700753	0.791949013826019	-0.00775748017479759	12.5254847800758	0.395937294500549
19.875	2.75	0.0873561767274285	0.791073643979009	-0.00784717280444852	12.4461552616378	0.406781514872828
20.125	2.75	0.107065399668255	0.79019572253395	-0.00768199127914976	12.3645877162579	0.419592509784366
20.375	2.75	0.130156786908232	0.789336193486704	-0.00722289673456255	12.2803751624076	0.434601911490351
20.625	2.75	0.15696562722787	0.788517844049323	-0.00644634826002063	12.1930642111906	0.452027657698115
20.875	2.75	0.187770949740276	0.787764451005812	-0.0053509898005234	12.1021592297568	0.47205111733118
21.125	2.75	0.222748562388199	0.787100047738285	-0.0039628082705298	12.0071316711878	0.494786565552329
21.375	2.75	0.261915291039267	0.786548395159905	-0.00233713521112598	11.9074359699891	0.520244939175523
21.625	2.75	0.305072357113184	0.786132510909896	-0.000556146783284889	11.8025327654062	0.548297032123569
21.875	2.75	0.351761180259242	0.785873845123249	0.00127859437069987	11.6919189142438	0.578644767168508
22.125	2.75	0.401248025701687	0.785790607750777	0.00305767979709432	11.5751618772442	0.610811216706097
22.375	2.75	0.452551620035029	0.78589506567074	0.00467729947180647	11.4519340619301	0.644158553022769
22.625	2.75	0.504518374190138	0.786190311136256	0.00605171756973326	11.3220413697583	0.677936943223589
22.875	2.75	0.555935211680247	0.786667668623033	0.00712217464848827	11.18544034085	0.71135788759216
23.125	2.75	0.605656355247151	0.787306025156547	0.00786072399963381	11.0422402517482	0.743676630910648
23.375	2.75	0.652714879043519	0.788073726033677	0.00826896272329289	10.8926898025864	0.774264671378287
23.625	2.75	0.696395558757453	0.788932623351792	0.00837282709370325	10.7371514377503	0.802657113192345
23.875	2.75	0.736259379602336	0.789843047292654	0.0082152304926895	10.5760686202187	0.828568596741519
24.125	2.75	0.772124848649665	0.790768314321236	0.00784830331322959	10.4099318740248	0.851881151622282
24.375	2.75	0.804020786647309	0.791677830345617	0.00732655287868753	10.2392483183322	0.872613511320751
24.625	2.75	0.832127477657292	0.79254851269282	0.00670166788231137	10.0645174978621	0.89088286047724
24.875	2.75	0.856719723340367	0.793364784775383	0.00601915718323244	9.88621438507519	0.906867820171239
25.125	2.75	0.878119770451914	0.794117642936244	0.00531664342927043	9.70477901136716	0.920777850793744
25.375	2.75	0.896662925079794	0.794803295878404	0.00462344350023239	9.52061142698934	0.932830901301866
25.625	2.75	0.912675191668727	0.795421748891435	0.00396102274287829	9.33407048429626	0.943238874584672
25.875	2.75	0.926460570995302	0.795975549713152	0.0033439538404111	9.14547507987148	0.952199371146946
26.125	2.75	0.938295240503204	0.796468786319273	0.00278109505207565	8.95510678598779	0.959891906327083
26.375	2.75	0.948426147057094	0.796906345500388	0.0022767926492563	8.76321311980251	0.966476995587111
26.625	2.75	0.957072123231	0.797293399263986	0.00183199022579618	8.57001097154779	0.97209688010015
26.875	2.75	0.964426231822404	0.7976350712946	0.00144518629739866	8.37568991775076	0.976877050684562
27.125	2.75	0.970658531781999	0.797936236095027	0.00111322132586898	8.18041528455366	0.980928045658299
27.375	2.75	0.975918812986445	0.79820141063456	0.000831899367477713	7.98433091248003	0.984347228441189
27.625	2.75	0.980339081042045	0.798434707386714	0.000596462185240105	7.78756162249534	0.98722040267733
27.875	2.75	0.984035714930199	0.798639826090833	0.00040193874438264	7.5902154069346	0.989623214704629
28.125	2.75	0.987111298268246	0.798820068478438	0.000243393540073417	7.39238537759968	0.99162234387436
28.375	2.75	0.989656162247904	0.798978365432043	0.000116095305226095	7.19415150377903	0.993276505461138
28.625	2.75	0.991749691447756	0.799117309793811	1.56246794446235e-05	6.99558216939346	0.994637299441041
28.875	2.75	0.993461443625934	0.799239190634793	-6.20638018763115e-05	6.79673557347607	0.995749938356857
29.125	2.75	0.9948521281057	0.799346026532256	-0.000120613083045621	6.59766099315579	0.996653883268705
29.375	2.75	0.995974478484417	0.799439596530314	-0.000163258681842425	6.39839992392021	0.997383411014871
29.625	2.75	0.996874046326254	0.799521468169327	-0.000192840088926266	6.19898710844758	0.997968130112065
29.875	2.75	0.997589934343395	0.799593022398644	-0.000211822870129894	5.9994514627463	0.998433457323207
30.125	2.75	0.998155480777202	0.799655475434688	-0.000222327296903673	5.79981690663053	0.998801062505181
30.375	2.75	0.998598901354755	0.799709897763669	-0.000226160429015567	5.60010310454936	0.999089285880591
30.625	2.75	0.998943891268197	0.799757230565142	-0.000224849399797941	5.40032612231594	0.999313529324328
30.875	2.75	0.999210187052537	0.799798299876196	-0.000219674271193715	5.20049900519227	0.999486621584149
31.125	2.75	0.999414087029486	0.799833828825977	-0.000211699308709775	5.00063228291284	0.999619156569166
31.375	2.75	0.999568929149635	0.799864448218561	-0.000201801955920119	4.80073440741126	0.999719803947262
31.625	2.75	0.999685526415101	0.799890705588843	-0.000190699224908547	4.60081212909521	0.999795592169815
31.875	2.75	0.999772561944235	0.799913072589123	-0.000178971651470504	4.40087081739894	0.999852165263753
32.125	2.75	0.99983694687855	0.799931950258359	-0.000167085253711309	4.20091473105074	0.999894015471057
32.375	2.75	0.999884143129457	0.799947671592576	-0.000155411804798508	4.00094724321955	0.999924693034147
32.625	2.75	0.999918448435652	0.79996050118885	-0.000144246883159124	3.80097102678194	0.999946991483174
32.875	2.75	0.999943234446404	0.799970632835644	-0.000133823535757579	3.60098820566897	0.999963102390162
33.125	2.75	0.999961123882396	0.7999781876598	-0.000124317532745142	3.40100047952976	0.999974730523558
33.375	2.75	0.99997409718816	0.799983217021792	-0.000115839485755177	3.20100923000591	0.999983163172304
33.625	2.75	0.999983538333712	0.799985714273247	-0.000108411430527639	3.00101561625983	0.999989299916913
33.875	2.75	0.999990261830795	0.799985636190761	-0.000101931997825849	2.80102066348991	0.999993670190017
34.125	2.75	0.999994593368983	0.799982928235871	-9.61434998474737e-05	2.60102534073543	0.999996485689839
34.375	2.75	0.999996576966371	0.799977540855971	-9.06204169106201e-05	2.4010306158061	0.999997775028141
34.625	2.75	0.999996325725163	0.799969423875798	-8.47929871141743e-05	2.20103747108121	0.999997611721356
34.875	2.75	0.999994421888598	0.799958501193562	-7.79955142713671e-05	2.00104687004918	0.999996374227589
35.125	2.75	0.999992156035091	0.799944661781383	-6.94927019728569e-05	1.80105968175053	0.999994901422809
35.375	2.75	0.999991370794507	0.799927844092492	-5.84157301547566e-05	1.60107658964203	0.999994391016429
35.625	2.75	0.999993826076663	0.79990830817213	-4.35762217280767e-05	1.40109801449073	0.999995986949831
35.875	2.75	1.00000031134986	0.799887140242593	-2.32521702476984e-05	1.20112405223518	1.00000020237741
36.125	2.75	1.00001001423857	0.799866891483986	4.77339099159593e-06	1.00115437537338	1.00000650925507
36.375	2.75	1.00002064384021	0.799852042583822	4.25177507598216e-05	0.801188015528035	1.00001341849614
36.625	2.75	1.00002938222626	0.799848805283206	9.01767887870451e-05	0.601223000407331	1.00001909844707
36.875	2.75	1.00003416904831	0.799863757636549	0.000143820690869149	0.401255988187788	1.0000222098814
37.125	2.75	1.00003467131285	0.799902231769745	0.000193477294175833	0.201282252973121	1.00002253635336
37.375	2.75	1.00003277228525	0.399955568253333	0.000223401732321261	0.00129587128728025	1.00002130198541
0.125	3.25	-3.6486070372536e-12	0.399989388444362	-0.000169217972499559	18.0160568842686	0.349999999997628
0.375	3.25	-5.54279677262067e-12	0.799970180554128	-0.0001592561218415	17.9460587413072	0.349999999996397
0.625	3.25	-7.29589870150898e-12	0.799956255112785	-0.000142098561141064	17.8760621027208	0.349999999995258
0.875	3.25	-6.38552337772247e-12	0.799949173388692	-0.000121548886939863	17.8060663967439	0.349999999995849
1.125	3.25	1.52556361656479e-13	0.799948847496286	-0.00010097123051822	17.7360709974908	0.350000000000099
1.375	3.25	1.49794202668274e-11	0.799954127101987	-8.26361493006422e-05	17.6660753485753	0.350000000009737
1.625	3.25	3.90909888346084e-11	0.799963435652938	-6.76916315384094e-05	17.5960790254193	0.350000000025409
1.875	3.25	7.00596788177729e-11	0.799975226321563	-5.64264300602417e-05	17.5260817475331	0.350000000045539
2.125	3.25	1.00319987629874e-10	0.799988222214368	-4.85923105324212e-05	17.4560833610341	0.350000000065208
2.375	3.25	1.16155268832165e-10	0.800001492397006	-4.36733262492177e-05	17.386083808891	0.350000000075501
2.625	3.25	9.81707845314967e-11	0.800014431531186	-4.10707597670518e-05	17.3160831001383	0.350000000063811
2.875	3.25	2.40045952360506e-11	0.800026696909705	-4.02114732638739e-05	17.2460812836838	0.350000000015603
3.125	3.25	-1.26204549852493e-10	0.800038136399318	-4.0600206302368e-05	17.1760784285417	0.349999999917967
3.375	3.25	-3.61506116641218e-10	0.800048724194266	-4.18362895848792e-05	17.1060746102483	0.349999999765021
3.625	3.25	-6.69523145092264e-10	0.800058510530051	-4.36105651937884e-05	17.0360699023361	0.34999999956481
3.875	3.25	-1.00490577243814e-09	0.800067585683103	-4.56930733838466e-05	16.966064371547	0.349999999346811
4.125	3.25	-1.27928511619226e-09	0.800076056031975	-4.79178214957619e-05	16.8960580756035	0.349999999168465
4.375	3.25	-1.35640161013057e-09	0.800084029262682	-5.01679961593011e-05	16.8260510626081	0.349999999118339
4.625	3.25	-1.05727525926594e-09	0.800091606003147	-5.23631285808391e-05	16.7560433714028	0.349999999312771
4.875	3.25	-1.80947883359292e-10	0.800098875701129	-5.44486677475349e-05	16.6860350324339	0.349999999882384
5.125	3.25	1.45421082704459e-09	0.800105915135724	-5.63878746110611e-05	16.6160260688377	0.350000000945237
5.375	3.25	3.94601467220214e-09	0.800112788447803	-5.8155718369287e-05	16.5460164975768	0.35000000256491
5.625	3.25	7.22269720653643e-09	0.800119547955809	-5.97343912127352e-05	16.4760063305375	0.350000004694753
5.875	3.25	1.09442949941437e-08	0.800126235298783	-6.11100775483739e-05	16.4059955755455	0.350000007113792
6.125	3.25	1.440745824908e-08	0.800132882631624	-6.22706665124834e-05	16.3359842372885	0.350000009364848
6.375	3.25	1.64781329646104e-08	0.80013951372092	-6.32041593085757e-05	16.265972318148	0.350000010710786
6.625	3.25	1.55836746307306e-08	0.800146144861708	-6.38975806267742e-05	16.1959598189475	0.350000010129388
6.875	3.25	9.80043238915546e-09	0.800152785580204	-6.43362531207632e-05	16.1259467396259	0.350000006370281
7.125	3.25	-2.92701655296385e-09	0.800159439110106	-6.45033332873241e-05	16.0559330798399	0.349999998097439
7.375	3.25	-2.44046317720873e-08	0.80016610264113	-6.43795388531853e-05	15.9859188394969	0.349999984136989
7.625	3.25	-5.5628496003674e-08	0.800172767342026	-6.39430208543631e-05	15.9159040192152	0.349999963841478
7.875	3.25	-9.60495243227806e-08	0.800179418158552	-6.31693525971596e-05	15.8458886207069	0.349999937567809
8.125	3.25	-1.4269786000606e-07	0.800186033383839	-6.20316215588537e-05	15.775872647082	0.349999907246391
8.375	3.25	-1.89240559519359e-07	0.800192583993932	-6.05006223744915e-05	15.7058561030789	0.349999876993636
8.625	3.25	-2.25093527079798e-07	0.800199032735198	-5.85451589460517e-05	15.6358389952399	0.349999853689207
8.875	3.25	-2.34763420435806e-07	0.800205332944997	-5.61324741193099e-05	15.5658213320703	0.349999847403777
9.125	3.25	-1.97655866517316e-07	0.800211427080994	-5.32288350593051e-05	15.4958031242491	0.349999871523687
9.375	3.25	-8.86501649918443e-08	0.800217244927195	-4.98003145002085e-05	15.4257843849952	0.349999942377393
9.625	3.25	1.20196835309844e-07	0.800222701440391	-4.58138207914693e-05	15.3557651307421	0.350000078127943
9.875	3.25	4.56401547410262e-07	0.800227694192985	-4.12384456940206e-05	15.2857453823237	0.350000296661006
10.125	3.25	9.41811054618194e-07	0.800232100363345	-3.60472171069483e-05	15.2157251669413	0.350000612177186
10.375	3.25	1.58492742822365e-06	0.800235773217716	-3.02193651166602e-05	15.1457045212406	0.350001030202828
10.625	3.25	2.37043464063128e-06	0.80023853802246	-2.37432347646954e-05	15.0756834958898	0.350001540782516
10.875	3.25	3.24574107682492e-06	0.80024018731437	-1.66200060585404e-05	15.0056621620962	0.3500021097317
11.125	3.25	4.10467242035793e-06	0.800240475446323	-8.86841274899793e-06	14.9356406205125	0.350002668037073
11.375	3.25	4.76896323624565e-06	0.800239112305095	-5.30683896693023e-07	14.8656190129493	0.350003099826104
11.625	3.25	4.96894793478233e-06	0.8002357560699	8.32003362621063e-06	14.7955975371934	0.350003229816158
11.875	3.25	4.32588223878943e-06	0.800230004838636	1.75704797867628e-05	14.7255764650091	0.350002811823455
12.125	3.25	2.33965666502613e-06	0.800221386891315	2.70559908438981e-05	14.6555561630175	0.350001520776832
12.375	3.25	-1.61271249803237e-06	0.800209349285392	3.65467676183516e-05	14.5855371155924	0.349998951736876
12.625	3.25	-8.26055697026279e-06	0.800193244385761	4.57313465787522e-05	14.5155199481212	0.349994630637969
12.875	3.25	-1.83957095490306e-05	0.800172313829201	5.41969299113239e-05	14.4455054479479	0.349988042788793
13.125	3.25	-3.27900125087475e-05	0.800145669316477	6.14062777073854e-05	14.3754945790212	0.349978686491869
13.375	3.25	-5.20610024072705e-05	0.800112269534371	6.66709654008689e-05	14.3054884847251	0.349966160348435
13.625	3.25	-7.64711540383843e-05	0.800070892453181	6.91209834963641e-05	14.2354884716119	0.349950293749875
13.875	3.25	-0.000105645295997643	0.800020102257789	6.76709352291394e-05	14.1654959648541	0.349931330557601
14.125	3.25	-0.000138190947841584	0.799958210286901	6.09835028106475e-05	14.0955124242781	0.349910175883903
14.375	3.25	-0.000171207564303856	0.799883229618167	4.74314455140732e-05	14.0255392079658	0.349888715083203
14.625	3.25	-0.000199673104346676	0.799792823392064	2.50602017798993e-05	13.955577368755	0.349870212482175
14.875	3.25	-0.000215699939476362	0.799684247661513	-8.44576681805295e-06	13.8856273676746	0.34985979503934
15.125	3.25	-0.000207656681897861	0.799554290520502	-5.57884018823015e-05	13.8156886875526	0.349865023156766
15.375	3.25	-0.000159157677530783	0.79939921053762	-0.000120067111180145	13.7457593298295	0.349896547509605
15.625	3.25	-4.79271343189148e-05	0.799214679102682	-0.000204767418835143	13.6758351780173	0.349968847362693
15.875	3.25	0.000155450520967799	0.798995733174002	-0.000313717042421868	13.6059092122491	0.350101042838629
16.125	3.25	0.000488879163810205	0.798736747032558	-0.000450997084330034	13.535970560805	0.350317771456477
16.375	3.25	0.00100018217365217	0.798431433910845	-0.000620794087858417	13.4660033761926	0.350650118412874
16.625	3.25	0.00174860131901299	0.798072890597253	-0.000827177379845706	13.3959855249798	0.351136590857358
16.875	3.25	0.00280635222576727	0.797653700078799	-0.001073785963609	13.3258870818149	0.351824128946749
17.125	3.25	0.00426023163984962	0.797166108620702	-0.00136341099326985	13.2556686185728	0.352769150565902
17.375	3.25	0.00621327946286815	0.796602293912076	-0.00169746451706903	13.1852792790833	0.354038631650864
17.625	3.25	0.00878650586686575	0.795954739407393	-0.00207533387191037	13.1146546283483	0.355711228813463
17.875	3.25	0.0121206974665642	0.795216725984977	-0.00249363511261602	13.0437142627595	0.357878453353267
18.125	3.25	0.0163783114378124	0.794382944628548	-0.0029453993917055	12.9723591653226	0.360645902434578
18.375	3.25	0.0217454448088929	0.79345022209689	-0.00341925415994582	12.9004687888237	0.36413453912578
18.625	3.25	0.028433816369064	0.792418334760681	-0.003898696476551	12.8278978529679	0.368481980639892
18.875	3.25	0.036682604449594	0.791290863868031	-0.00436159699283742	12.7544728532842	0.373843692892236
19.125	3.25	0.0467598239687384	0.790076019671015	-0.00478011580587313	12.6799883069191	0.38039388557968
19.375	3.25	0.0589626764187506	0.788787335614818	-0.00512124634547972	12.6042028131804	0.388325739672188
19.625	3.25	0.0736159470980376	0.787444113941811	-0.00534821539340242	12.5268350976758	0.397850365613724
19.875	3.25	0.0910670561124725	0.7860715009901	-0.0054229335491667	12.4475603525302	0.409193586473107
20.125	3.25	0.111675846615161	0.784700096443132	-0.0053095829143813	12.3660073931379	0.422589300299855
20.375	3.25	0.135796766393406	0.783365064255357	-0.0049792224300366	12.2817574241727	0.438267898155714
20.625	3.25	0.163751065805603	0.782104808044013	-0.004414982027438	12.1943455172277	0.456438192773642
20.875	3.25	0.195787458154939	0.780959368387658	-0.00361704734878391	12.103266176013	0.47726184780071
21.125	3.25	0.232031900674366	0.779968734277163	-0.00260631878270686	12.0079844662824	0.500820735438338
21.375	3.25	0.272431066729101	0.77917117600611	-0.00142553379637861	11.9079539233939	0.527080193373916
21.625	3.25	0.316699269866648	0.778601503023073	-0.000136937320848865	11.8026416244713	0.555854525413321
21.875	3.25	0.364283392027328	0.778288950071887	0.00118368146752834	11.6915593445056	0.586784204817763
22.125	3.25	0.414361860737228	0.778254419021352	0.00245576842477091	11.5742977990768	0.619335209479198
22.375	3.25	0.465888998663529	0.778507205322436	0.00360389122339974	11.4505591690211	0.652827849131294
22.625	3.25	0.5176845123868	0.779041984686386	0.00456664095222336	11.3201822136141	0.68649493305142
22.875	3.25	0.568553034699169	0.779837283424055	0.00530276389695975	11.1831549885934	0.71955947255446
23.125	3.25	0.617407343398071	0.780856462905281	0.00579359283759932	11.0396125689799	0.751314773208746
23.375	3.25	0.66336726817184	0.782051395974628	0.00604186715507261	10.8898204983531	0.781188724311696
23.625	3.25	0.705815344457635	0.783367986576002	0.00606783170380557	10.7341477111001	0.808779973897463
23.875	3.25	0.744405047596398	0.784752086946352	0.00590387852004653	10.5730343371441	0.833863280937658
24.125	3.25	0.77903071470724	0.78615445603129	0.00558895189728504	10.4069597451159	0.856369964559706
24.375	3.25	0.80977515664939	0.787533980480184	0.00516362312808987	10.2364148146086	0.876353851822103
24.625	3.25	0.83685093368582	0.78885904916462	0.00466633413242282	10.061880536062	0.893953106895783
24.875	3.25	0.86054686422849	0.790107438321061	0.00413094457864317	9.88381332546676	0.909355461748519
25.125	3.25	0.881185751675554	0.791265245288644	0.00358546301964823	9.70263628888949	0.92277073858911
25.375	3.25	0.899094723918249	0.792325374506343	0.00305170949876315	9.51873512828489	0.934411570546862
25.625	3.25	0.914586774113768	0.793285943585459	0.0025456213844148	9.33245730049919	0.944481403173949
25.875	3.25	0.927950906816843	0.794148827766157	0.00207794045845895	9.14411322827619	0.953168089430948
26.125	3.25	0.939448188022474	0.79491844210161	0.00165507497840936	8.9539786507372	0.960641322214608
26.375	3.25	0.949311433770978	0.795600783189622	0.00127999234528616	8.76229748743419	0.967052431951136
26.625	3.25	0.957746873305111	0.796202710136551	0.000953052908300207	8.56928482550627	0.972535467648322
26.875	3.25	0.964936684235519	0.796731426635618	0.000672737899262866	8.37512981088558	0.977208844753088
27.125	3.25	0.97104173753013	0.797194122505559	0.000436253997471346	8.17999833804815	0.981177129394584
27.375	3.25	0.976204198764511	0.797597736597983	0.000240015521561202	7.98403550163828	0.984532729196932
27.625	3.25	0.980549829756257	0.797948809247928	8.00154687701431e-05	7.78736781098238	0.987357389341567
27.875	3.25	0.984189950641475	0.798253399085777	-4.78988002829228e-05	7.59010518624831	0.989723467916959
28.125	3.25	0.987223083463291	0.798517044975537	-0.0001478283788313	7.39234276096823	0.991695004251139
28.375	3.25	0.989736325123041	0.79874475874396	-0.000223688210953893	7.19416251530054	0.993328611329977
28.625	3.25	0.991806504520768	0.798941038215372	-0.000279121034264266	6.99563476117441	0.994674227938499
28.875	3.25	0.993501175250909	0.799109893001447	-0.000317448047513434	6.79681949632891	0.995775763913091
29.125	3.25	0.994879487033697	0.799254877690079	-0.000341646663080039	6.59776764029003	0.996671666571903
29.375	3.25	0.995992969449132	0.799379128696378	-0.000354347674669644	6.39852216201896	0.997395430141936
29.625	3.25	0.996886252271538	0.799485402219459	-0.00035784586087176	6.19911910647702	0.9979760639765
29.875	3.25	0.997597738630413	0.799576111600295	-0.00035411944479314	5.99958852567025	0.998438530109769
30.125	3.25	0.998160240660458	0.799653362985556	-0.000344854956789528	5.79995531875485	0.998804156429298
30.375	3.25	0.998601582266756	0.799718988637984	-0.000331474930354947	5.60023998536236	0.999091028473391
30.625	3.25	0.998945170003118	0.799774577549873	-0.000315166534110252	5.40045929629546	0.999314360502027
30.875	3.25	0.99921053070793	0.799821503250365	-0.000296909745874236	5.20062688601263	0.999486844960155
31.125	3.25	0.999413813376692	0.799860948866868	-0.000277504059142549	5.00075377172878	0.99961897869485
31.375	3.25	0.99956825273092	0.799893929600435	-0.000257593040319564	4.80084880438217	0.999719364275098
31.625	3.25	0.999684592965226	0.799921312780006	-0.00023768638499201	4.60091905703313	0.999794985427397
31.875	3.25	0.999771471871995	0.799943835554532	-0.000218179473127319	4.40097015637614	0.999851456716797
32.125	3.25	0.99983576721137	0.799962120096079	-0.000199370732367912	4.20100656293828	0.99989324868739
32.375	3.25	0.99988290772276	0.799976686044595	-0.00018147721374858	4.00103180528897	0.999923890019794
32.625	3.25	0.999917149572931	0.799987960046269	-0.000164648431765356	3.80104867339395	0.999946147222405
32.875	3.25	0.999941815257299	0.799996282861594	-0.000148977583558765	3.60105937634035	0.999962179917244
33.125	3.25	0.999959487784685	0.800001915716562	-0.000134507947459391	3.40106567012841	0.999973667060045
33.375	3.25	0.99997215210334	0.800005049006654	-0.000121231326887663	3.2010689618019	0.999981898867171
33.625	3.25	0.99998128239263	0.800005817279139	-0.000109076078379784	3.00107039616144	0.999987833555209
33.875	3.25	0.999987889558744	0.800004323463693	-9.7885630550022e-05	2.80107092973635	0.999992128213184
34.125	3.25	0.999992563150875	0.800000671890153	-8.7394303450825e-05	2.60107139305133	0.999995166048069
34.375	3.25	0.99999555352964	0.79999500452827	-7.72132107881285e-05	2.40107253720102	0.999997109794266
34.625	3.25	0.999996928153087	0.79998753109725	-6.68404309718068e-05	2.20107505663735	0.999998003299507
34.875	3.25	0.999996793098918	0.799978545630234	-5.57020900679543e-05	2.00107958005598	0.999997915514297
35.125	3.25	0.999995510481541	0.799968432609749	-4.32150294996023e-05	1.80108662730671	0.999997081813002
35.375	3.25	0.999993800068791	0.799957681846591	-2.88468944597326e-05	1.60109654068845	0.999995970044714
35.625	3.25	0.999992630824044	0.799946941035171	-1.21528642771716e-05	1.40110940800808	0.999995210035629
35.875	3.25	0.99999289953926	0.799937121070737	7.19718788509322e-06	1.20112499580401	0.999995384700519
36.125	3.25	0.999995019742805	0.799929520870434	2.93320968974935e-05	1.00114270330086	0.999996762832823
36.375	3.25	0.999998625440312	0.799925867505865	5.3935009716204e-05	0.801161540091909	0.999999106536202
36.625	3.25	1.00000257483405	0.799928116653846	7.98053757266488e-05	0.601180137031663	1.00000167364213
36.875	3.25	1.00000534746369	0.799937887210033	0.000104376313446841	0.401196822711982	1.0000034758514
37.125	3.25	1.0000058464013	0.799956643314722	0.000123573015974708	0.201209813806873	1.00000380016084
37.375	3.25	1.00000453369013	0.399976108508393	0.000132470535195364	0.00121699050190556	1.00000294689858
0.125	3.75	-3.64451955183618e-12	0.399995319858138	-0.000138634581106363	18.0160827829383	0.349999999997631
0.375	3.75	-5.53417006987146e-12	0.799986735068331	-0.0001342541502708	17.9460836019794	0.349999999996403
0.625	3.75	-7.27980595758784e-12	0.799980274913108	-0.000126329335306394	17.87608510435	0.349999999995268
0.875	3.75	-6.36140309580393e-12	0.799976789055664	-0.00011618294555035	17.8060870539502	0.349999999995865
1.125	3.75	1.81380146521517e-13	0.799976549236513	-0.000105205745040599	17.7360891663771	0.350000000000118
1.375	3.75	1.50041153494534e-11	0.799979348807759	-9.45599872762798e-05	17.6660911579755	0.350000000009753
1.625	3.75	3.90961450271463e-11	0.799984681133153	-8.50495501403478e-05	17.5960927805053	0.350000000025412
1.875	3.75	7.00234608663354e-11	0.799991915189566	-7.71179728298663e-05	17.5260938389721	0.350000000045515
2.125	3.75	1.0021610248966e-10	0.800000426734487	-7.09156637885399e-05	17.4560941955658	0.35000000006514
2.375	3.75	1.15957191591027e-10	0.800009676042749	-6.63889837902874e-05	17.3860937645363	0.350000000075372
2.625	3.75	9.78585954698948e-11	0.800019240897915	-6.33631143048123e-05	17.3160925025289	0.350000000063608
2.875	3.75	2.3574827610315e-11	0.800028819249559	-6.1606608716985e-05	17.2460903976866	0.350000000015324
3.125	3.75	-1.26725604704642e-10	0.80003821498907	-6.0875542719555e-05	17.1760874595192	0.349999999917628
3.375	3.75	-3.62045524238288e-10	0.800047316779094	-6.09401048726084e-05	17.1060837104939	0.34999999976467
3.625	3.75	-6.69941696207753e-10	0.800056076144342	-6.15980846425063e-05	17.036079179607	0.349999999564538
3.875	3.75	-1.00497771032353e-09	0.800064488070993	-6.26795822007841e-05	16.9660738978056	0.349999999346764
4.125	3.75	-1.27868011173638e-09	0.800072575376323	-6.40464186722805e-05	16.8960678949515	0.349999999168858
4.375	3.75	-1.35467191041768e-09	0.8000803769498	-6.55887415342269e-05	16.8260611979759	0.349999999119463
4.625	3.75	-1.05385185071699e-09	0.800087939396995	-6.72204599596347e-05	16.7560538298996	0.349999999314996
4.875	3.75	-1.751551883936e-10	0.800095311410686	-6.88744899097689e-05	16.686045809451	0.349999999886149
5.125	3.75	1.46309734367605e-09	0.800102540190557	-7.04983363024201e-05	16.6160371510775	0.350000000951013
5.375	3.75	3.95861859397915e-09	0.800109669320463	-7.20502476276974e-05	16.5460278652005	0.350000002573102
5.625	3.75	7.23922096723844e-09	0.800116737631349	-7.34960058376674e-05	16.4760179586146	0.350000004705494
5.875	3.75	1.09639339999359e-08	0.800123778693668	-7.48063202426399e-05	16.4060074349646	0.350000007126557
6.125	3.75	1.44274668017081e-08	0.800130820680678	-7.59547513046085e-05	16.335996295259	0.350000009377853
6.375	3.75	1.64925212816774e-08	0.800137886421404	-7.69160752758906e-05	16.2659845383957	0.350000010720139
6.625	3.75	1.55816425309194e-08	0.80014499351843	-7.76650037039137e-05	16.1959721616838	0.350000010128068
6.875	3.75	9.7648460742585e-09	0.800152154445397	-7.81751811778089e-05	16.125959161351	0.35000000634715
7.125	3.75	-3.02052291422266e-09	0.800159376567286	-7.84183976909509e-05	16.0559455330256	0.34999999803666
7.375	3.75	-2.45870171284968e-08	0.80016666203984	-7.83639646676281e-05	15.9859312721827	0.349999984018439
7.625	3.75	-5.5933884487503e-08	0.800174007558975	-7.79782162704724e-05	15.9159163745447	0.349999963642975
7.875	3.75	-9.65074726615028e-08	0.800181403931049	-7.72241079846084e-05	15.845900836425	0.349999937270143
8.125	3.75	-1.43319739118282e-07	0.800188835439443	-7.60608937268546e-05	15.775884655011	0.34999990684217
8.375	3.75	-1.8999876125252e-07	0.80019627897934	-7.44438713370691e-05	15.7058678285895	0.349999876500805
8.625	3.75	-2.25893039484074e-07	0.800203702930688	-7.23241941765428e-05	15.6358503567341	0.349999853169524
8.875	3.75	-2.35406871477843e-07	0.800211065733616	-6.96487536325679e-05	15.565832240495	0.349999846985534
9.125	3.75	-1.97805569856574e-07	0.80021831412477	-6.63601461623192e-05	15.4958134826629	0.34999987142638
9.375	3.75	-8.77940960972382e-08	0.800225380986579	-6.23967461915191e-05	15.4257940882163	0.349999942933837
9.625	3.75	1.227638764876e-07	0.800232182752398	-5.76929165762233e-05	15.3557740651126	0.35000007979652
9.875	3.75	4.61565248911537e-07	0.80023861630239	-5.21793986155148e-05	15.2857534256365	0.350000300017412
10.125	3.75	9.50571569472859e-07	0.800244555275253	-4.57839359435803e-05	15.2157321885873	0.35000061787152
10.375	3.75	1.59825291478136e-06	0.800249845709673	-3.84321999627566e-05	15.1457103826507	0.350001038864395
10.625	3.75	2.38900295023159e-06	0.800254300916546	-3.00490993677385e-05	15.0756880513657	0.350001552851918
10.875	3.75	3.26953586095706e-06	0.800257695467671	-2.05605720274988e-05	15.0056652601472	0.35000212519831
11.125	3.75	4.13240090269139e-06	0.80025975816431	-9.89597477986924e-06	14.9356421058433	0.350002686060587
11.375	3.75	4.79726874396727e-06	0.800260163820749	2.00879533772678e-06	14.8656187292759	0.350003118224684
11.625	3.75	4.99140301987679e-06	0.800258523658413	1.52072953379048e-05	14.7955953311032	0.350003244411963
11.875	3.75	4.33177047376529e-06	0.800254374051106	2.97374731454566e-05	14.7255721911194	0.350002815650808
12.125	3.75	2.31258652700914e-06	0.800247163292775	4.56153529823984e-05	14.655549690738	0.350001503181243
12.375	3.75	-1.69626492446933e-06	0.800236235970199	6.28272548931823e-05	14.5855283378419	0.349998897427799
12.625	3.75	-8.43260164543759e-06	0.800220814419571	8.13203154595261e-05	14.5155087924046	0.34999451880893
12.875	3.75	-1.86977055370563e-05	0.800199976631917	0.000100991063853186	14.4454918902482	0.349987846491401
13.125	3.75	-3.32729951198904e-05	0.800172629860709	0.000121671806683626	14.3754786610069	0.349978372553172
13.375	3.75	-5.27842089491524e-05	0.800137479092934	0.000143114594364234	14.3054703348089	0.349965690264183
13.625	3.75	-7.74981820187556e-05	0.800092989501354	0.000164972596256857	14.2354683304064	0.349949626181688
13.875	3.75	-0.000107036425105335	0.800037342031736	0.00018677881852818	14.165474215551	0.349930426323681
14.125	3.75	-0.000139989730335263	0.799968381443789	0.000207922281955348	14.0954896284037	0.349909006675282
14.375	3.75	-0.00017341911664856	0.799883556459852	0.000227622065509905	14.0255161468213	0.349887277574178
14.625	3.75	-0.000202230700099677	0.799779852245342	0.000244900047630955	13.9555550906109	0.349868550044935
14.875	3.75	-0.000218415502966021	0.799653716293934	0.000258553775468953	13.8856072404207	0.349858029923072
15.125	3.75	-0.000210149622037225	0.799500979977804	0.000267131693829129	13.8156724559883	0.349863402745676
15.375	3.75	-0.000160755208695719	0.799316779583842	0.000268913992308477	13.7457491760728	0.349895509114348
15.625	3.75	-4.7527858643692e-05	0.799095482613048	0.000261903585046402	13.6758337825997	0.349969106891882
15.875	3.75	0.000159559367891072	0.798830627468289	0.000243833194198031	13.6059198123176	0.350103713589129
16.125	3.75	0.000499261661689854	0.798514887342695	0.000212196090400812	13.5359970004792	0.350324520080098
16.375	3.75	0.00102056271926107	0.798140072045779	0.000164309606469639	13.4660501425098	0.35066336576752
16.625	3.75	0.00178425509386578	0.797697184477588	9.74218451337253e-05	13.3960577610588	0.351159765811013
16.875	3.75	0.0028645894124749	0.797176551189479	8.87269003253643e-06	13.3259905669085	0.351861983118109
17.125	3.75	0.00435098654000534	0.796568048516119	-0.000103680204795291	13.2558097026604	0.352828141251003
17.375	3.75	0.00634981310430608	0.79586144650793	-0.00024196199450548	13.1854647576984	0.354127378517799
17.625	3.75	0.00898622605139769	0.795046891500431	-0.000406704175643634	13.1148915416231	0.355841046933409
17.875	3.75	0.0124060925431671	0.794115543560436	-0.000597195839759072	13.0440096014673	0.358063960153059
18.125	3.75	0.0167779819408003	0.793060375972526	-0.000810780282539072	12.9727194664042	0.36090568826152
18.375	3.75	0.0222951983265228	0.791877129026684	-0.00104233264883219	12.9008996040841	0.36449187891224
18.625	3.75	0.0291777625675769	0.790565388498644	-0.00128377760498718	12.8284030782001	0.368965545668925
18.875	3.75	0.0376741450958719	0.789129730039334	-0.00152373346008739	12.7550539123045	0.374488194312317
19.125	3.75	0.0480623725852637	0.78758083553533	-0.00174739747292261	12.680643197655	0.381240542180421
19.375	3.75	0.0606498602021886	0.785936450704175	-0.00193680987445113	12.6049250433334	0.389422409131423
19.625	3.75	0.0757709402571714	0.784222023315775	-0.00207164081522054	12.5276125681525	0.399251111167161
19.875	3.75	0.093780579013956	0.782470851757473	-0.00213062003150783	12.4483742898919	0.410957376359071
20.125	3.75	0.115042268298391	0.780723599975932	-0.00209365615856605	12.3668314878143	0.424777474393954
20.375	3.75	0.139907728461358	0.779027108478867	-0.00194455783033017	12.2825573943894	0.440940023499882
20.625	3.75	0.168686199573654	0.777432546538977	-0.00167407421907891	12.1950793762509	0.459646029722875
20.875	3.75	0.201602215609648	0.775993072517731	-0.00128275174234327	12.1038855071152	0.481041440146271
21.125	3.75	0.238743358952872	0.774761232033097	-0.000782930426911005	12.0084369683546	0.505183183319367
21.375	3.75	0.280003761019987	0.77378626479704	-0.000199181535942879	11.9081873393214	0.532002444662991
21.625	3.75	0.325034363446902	0.77311131692281	0.000433294167409396	11.8026088813708	0.561272336240486
21.875	3.75	0.373215186136678	0.772770397734903	0.00107232576832718	11.6912243474278	0.592589870988841
22.125	3.75	0.423665019953229	0.772784992071873	0.00167392546569786	11.5736409322074	0.625382262969599
22.375	3.75	0.475297505346928	0.773160652368704	0.00219789638922239	11.4495813402352	0.658943378475503
22.625	3.75	0.526919764399907	0.773884461341754	0.0026126994405618	11.318906392793	0.692497846859939
22.875	3.75	0.577355163235604	0.774924525151063	0.00289861960988359	11.1816246858164	0.725280856103143
23.125	3.75	0.625562494066685	0.776232270226828	0.00304878829991663	11.037887438868	0.756615621143345
23.375	3.75	0.670725043318902	0.777747379902785	0.0030681914511526	10.8879699631485	0.785971278157287
23.625	3.75	0.71229406696836	0.779404259248471	0.00297121834784943	10.7322438960883	0.812991143529434
23.875	3.75	0.74998620209609	0.781138496276697	0.00277848466395157	10.5711455918572	0.837491031362458
24.125	3.75	0.783746300849393	0.782892033106348	0.00251361361970729	10.4051456626837	0.859435095552106
24.375	3.75	0.81369223312969	0.784616402451072	0.00220046805470839	10.234723156557	0.878899951534299
24.625	3.75	0.840056787278458	0.78627403494789	0.00186109233418965	10.0603460132548	0.896036911730998
24.875	3.75	0.863136827901206	0.787838055929023	0.00151441895884655	9.88245788739533	0.911038938135784
25.125	3.75	0.883254389041925	0.789291126449618	0.00117565569656283	9.70147045039152	0.924115352877251
25.375	3.75	0.900730210612402	0.790623827815332	0.000856198802120122	9.51775987375716	0.935474636898061
25.625	3.75	0.91586786567207	0.791832950488052	0.000563902025173025	9.331666191725	0.945314112686846
25.875	3.75	0.928945769416261	0.792919904527216	0.00030354926859174	9.14349445287527	0.95381475012057
26.125	3.75	0.940214439554443	0.793889356030661	7.74125896087581e-05	8.9535168521696	0.961139385710388
26.375	3.75	0.949896886984349	0.794748119910044	-0.000114186214288341	8.76197529974843	0.967432976539827
26.625	3.75	0.958190623549015	0.795504297496473	-0.000272360203339773	8.56908409350874	0.97282390530686
26.875	3.75	0.965270310996753	0.796166627946124	-0.000399213311869189	8.37503251210389	0.977425702147889
27.125	3.75	0.971290483054612	0.796744016349945	-0.00049747609548	8.17998724194947	0.981338813985498
27.375	3.75	0.97638805119928	0.797245202522152	-0.000570219014188613	7.98409460924643	0.984652233279532
27.625	3.75	0.980684478961795	0.797678538719063	-0.000620635343750559	7.78748261859515	0.987444911325167
27.875	3.75	0.984287608979541	0.798051849795993	-0.000651883354132507	7.59026281352497	0.989786945836702
28.125	3.75	0.987293177095915	0.798372354449683	-0.000666976965930048	7.39253197834482	0.991740565112344
28.375	3.75	0.989786067800553	0.798646630735895	-0.000668714799840372	7.19437369981223	0.99336094407036
28.625	3.75	0.991841368288516	0.798880612861952	-0.00065963877604106	6.99585980407375	0.994696889387536
28.875	3.75	0.993525272750849	0.799079609345921	-0.00064201483310085	6.79705168077047	0.995791427288052
29.125	3.75	0.994895879192361	0.799248335097487	-0.000617829713863468	6.59800150296067	0.996682321475034
29.375	3.75	0.99600391095109	0.799390951907077	-0.000588799006514107	6.39875334895126	0.997402542118208
29.625	3.75	0.996893385662117	0.799511113327479	-0.000556382694123984	6.1993442303434	0.997980700680376
29.875	3.75	0.997602246360776	0.799612011080262	-0.000521805350602738	5.9998050295353	0.998441460134505
30.125	3.75	0.998162962987429	0.799696420990691	-0.000486078836814902	5.80016134946907	0.998805925941829
30.375	3.75	0.998603107709615	0.799766747111833	-0.000450025914095457	5.60043427841786	0.99909202001125
30.625	3.75	0.998945904062626	0.7998250631939	-0.000414303621923299	5.40064107294299	0.999314837640707
30.875	3.75	0.999210747737016	0.799873151032065	-0.000379425583163916	5.20079576268113	0.99948698602906
31.125	3.75	0.999413695750506	0.799912535512996	-0.00034578263354067	5.00090968123352	0.999618902237829
31.375	3.75	0.999567920621372	0.7999445163884	-0.000313661361959452	4.80099192801993	0.999719148403892
31.625	3.75	0.999684126910787	0.799970196925581	-0.00028326034041412	4.60104976643561	0.999794682492012
31.875	3.75	0.999770928931816	0.799990509606466	-0.00025470404730251	4.40108896393417	0.99985110380568
32.125	3.75	0.999835190128634	0.800006238973913	-0.00022805473091771	4.20111407971298	0.999892873583612
32.375	3.75	0.99988232595143	0.800018041614394	-0.000203322632776984	4.00112870552538	0.99992351186843
32.625	3.75	0.999916572233042	0.800026463247646	-0.000180474942105905	3.80113566488604	0.999945771951477
32.875	3.75	0.999941219675935	0.800031953139747	-0.000159443444874884	3.60113717572877	0.999961792789358
33.125	3.75	0.999958812519362	0.80003487668698	-0.000140130082514229	3.40113498154653	0.999973228137585
33.375	3.75	0.999971307419251	0.800035527955115	-0.000122408877367755	3.2011304561714	0.999981349822513
33.625	3.75	0.999980189512968	0.800034144797463	-0.000106122582468127	3.00112468737789	0.999987123183429
33.875	3.75	0.999986548511108	0.800030929218991	-9.10737311126486e-05	2.80111854395245	0.99999125653222
34.125	3.75	0.999991127920812	0.800026074224059	-7.70127828634279e-05	2.60111272934586	0.999994233148528
34.375	3.75	0.999994370753881	0.800019795375829	-6.36299519229257e-05	2.40110782252923	0.999996340990023
34.625	3.75	0.999996487867725	0.800012361690248	-5.0559905436469e-05	2.20110430398629	0.999997717114021
34.875	3.75	0.999997563818784	0.800004118335095	-3.74071989622632e-05	2.00110256335434	0.99999841648221
35.125	3.75	0.999997689563662	0.799995495013406	-2.37939344215481e-05	1.80110288654451	0.99999849821638
35.375	3.75	0.999997081254662	0.799986999227917	-9.4221092313682e-06	1.60110542468864	0.99999810281553
35.625	3.75	0.999996126942608	0.79997919990319	5.86247092683403e-06	1.40111015374251	0.999997482512695
35.875	3.75	0.999995313981952	0.799972708383958	2.20141426152629e-05	1.20111683948238	0.999996954088268
36.125	3.75	0.999995033972253	0.79996815586696	3.87367244008191e-05	1.00112502548578	0.999996772081965
36.375	3.75	0.999995330444129	0.799966150476373	5.54281722119303e-05	0.801134060125239	0.999996964788684
36.625	3.75	0.999995731215383	0.799967184259658	7.11254720454937e-05	0.601143171606528	0.999997225289999
36.875	3.75	0.9999953698221	0.799971466074935	8.4498257400335e-05	0.401151585046431	0.999996990384365
37.125	3.75	0.99999359756717	0.799979776328658	9.39857949215909e-05	0.201158649497729	0.99999583841866
37.375	3.75	0.999991109242728	0.399984848877581	9.81526036192508e-05	0.00116336764234597	0.999994221007773
0.125	4.25	-3.63739932187479e-12	0.399998149306058	-0.000125572913068635	18.0161054054464	0.349999999997636
0.375	4.25	-5.52413470640797e-12	0.799994791045693	-0.000123429715161878	17.9461057293339	0.349999999996409
0.625	4.25	-7.26765253868591e-12	0.799992397522206	-0.000119446408706747	17.8761063170615	0.349999999995276
0.875	4.25	-6.35181227150698e-12	0.799991420569151	-0.00011414024706575	17.8061070598471	0.349999999995871
1.125	4.25	1.80088964860506e-13	0.799992093412765	-0.000108114488556408	17.7361078185724	0.350000000000117
1.375	4.25	1.49815022633542e-11	0.799994439491747	-0.000101942542916308	17.6661084436399	0.350000000009738
1.625	4.25	3.9042592203121e-11	0.799998319681923	-9.60920295161096e-05	17.5961087918288	0.350000000025378
1.875	4.25	6.99336991206992e-11	0.800003494094409	-9.08924426832897e-05	17.5261087378881	0.350000000045457
2.125	4.25	1.00091662294934e-10	0.800009680192803	-8.65365011470392e-05	17.4561081805781	0.35000000006506
2.375	4.25	1.15806545459664e-10	0.800016597496505	-8.31013994045533e-05	17.3861070440939	0.350000000075274
2.625	4.25	9.76964220526315e-11	0.800023996282056	-8.05780134545338e-05	17.3161052762833	0.350000000063503
2.875	4.25	2.34259529151219e-11	0.800031672053798	-7.88999859644179e-05	17.246102845048	0.350000000015227
3.125	4.25	-1.26810302199508e-10	0.800039469408009	-7.79683664129331e-05	17.1760997340285	0.349999999917573
3.375	4.25	-3.61959680730982e-10	0.800047279111183	-7.76702492268907e-05	17.1060959383273	0.349999999764726
3.625	4.25	-6.69492687611501e-10	0.80005503157548	-7.78915318904608e-05	17.0360914607031	0.34999999956483
3.875	4.25	-1.00388023791373e-09	0.800062689013705	-7.85247334282383e-05	16.966086308433	0.349999999347478
4.125	4.25	-1.27659965339083e-09	0.800070237709353	-7.94730670363993e-05	16.8960804908766	0.34999999917021
4.375	4.25	-1.35132185038217e-09	0.800077681172477	-8.06519004927396e-05	16.8260740176884	0.349999999121641
4.625	4.25	-1.04911342780827e-09	0.800085034494007	-8.19885399878424e-05	16.7560668975783	0.349999999318076
4.875	4.25	-1.69167667322904e-10	0.800092319930287	-8.34210403281229e-05	16.6860591375134	0.349999999890041
5.125	4.25	1.46991044817432e-09	0.800099563595885	-8.48965319975855e-05	16.6160507422566	0.350000000955442
5.375	4.25	3.96556180914694e-09	0.800106793078114	-8.63693838775767e-05	16.5460417141577	0.350000002577615
5.625	4.25	7.24528701607633e-09	0.800114035775128	-8.77993924797593e-05	16.4760320531264	0.350000004709437
5.875	4.25	1.09675963783201e-08	0.800121317771219	-8.91500992778624e-05	16.4060217567368	0.350000007128938
6.125	4.25	1.44262258115639e-08	0.80012866309213	-9.03872795735782e-05	16.3360108204228	0.350000009377047
6.375	4.25	1.64822123159326e-08	0.800136093209732	-9.14776099054538e-05	16.2659992377374	0.350000010713438
6.625	4.25	1.55556358315922e-08	0.800143626693511	-9.23875010293839e-05	16.1959870006532	0.350000010111163
6.875	4.25	9.71341007444365e-09	0.800151278926906	-9.30820725432644e-05	16.1259740998844	0.350000006313717
7.125	4.25	-3.11026273823576e-09	0.800159061825456	-9.35242425012362e-05	16.0559605252143	0.349999997978329
7.375	4.25	-2.47299311361573e-08	0.800166983502736	-9.36739043055366e-05	15.9859462658092	0.349999983925545
7.625	4.25	-5.61437874864177e-08	0.800175047841896	-9.34871659878783e-05	15.9159313105043	0.349999963506538
7.875	4.25	-9.67914315656891e-08	0.800183253931134	-9.29156294337951e-05	15.8459156480461	0.349999937085569
8.125	4.25	-1.43669170848371e-07	0.800191595326911	-9.1905691079815e-05	15.7758992672836	0.349999906615039
8.375	4.25	-1.90377202224515e-07	0.800200059104995	-9.03978491784639e-05	15.7058821573101	0.349999876254819
8.625	4.25	-2.26221280666428e-07	0.800208624658925	-8.83260062657786e-05	15.635864307572	0.349999852956168
8.875	4.25	-2.35547366830179e-07	0.800217262199329	-8.56167599232664e-05	15.5658457079873	0.349999846894211
9.125	4.25	-1.97549605817989e-07	0.800225930902741	-8.21886786175728e-05	15.4958263491445	0.349999871592756
9.375	4.25	-8.68570145225362e-08	0.800234576649284	-7.79515637196706e-05	15.4258062226943	0.349999943542941
9.625	4.25	1.24732352020291e-07	0.800243129280617	-7.28057034753564e-05	15.3557853220975	0.350000081076029
9.875	4.25	4.64947236076276e-07	0.800251499298308	-6.66411287919224e-05	15.2857636439473	0.350000302215703
10.125	4.25	9.55715155573447e-07	0.800259573909671	-5.93368848392305e-05	15.2157411901539	0.350000621214851
10.375	4.25	1.60536687853116e-06	0.800267212316018	-5.0760336522829e-05	15.1457179713453	0.350001043488471
10.625	4.25	2.39800836950081e-06	0.800274240118904	-4.07665281860216e-05	15.075694011904	0.35000155870544
10.875	4.25	3.27987734489874e-06	0.800280442701112	-2.91976207845501e-05	15.0056693571108	0.350002131920274
11.125	4.25	4.14282986742885e-06	0.800285557411593	-1.58824306612794e-05	14.9356440828888	0.350002692839414
11.375	4.25	4.805624204634e-06	0.800289264347569	-6.36095686384095e-07	14.8656183086109	0.350003123655733
11.625	4.25	4.99443165247627e-06	0.800291175481459	1.67401031666558e-05	14.7955922133247	0.350003246380574
11.875	4.25	4.32504684367552e-06	0.800290821816807	3.6458732225439e-05	14.7255660555314	0.350002811280448
12.125	4.25	2.29061600236489e-06	0.800287638179261	5.87459651942605e-05	14.6555401962848	0.350001488900402
12.375	4.25	-1.7396539978667e-06	0.800280945150953	8.38410537085153e-05	14.5855151248196	0.349998869224901
12.625	4.25	-8.50344259017195e-06	0.800269927542636	0.000111995421928447	14.5154914851413	0.349994472762316
12.875	4.25	-1.88004878331137e-05	0.800253608674658	0.00014347125820982	14.4454701009756	0.349987779682909
13.125	4.25	-3.34084581400189e-05	0.800230819616654	0.000178539421784525	14.3754519951809	0.349978284502209
13.375	4.25	-5.29460621216012e-05	0.800200162435727	0.00021747641198237	14.3054383981758	0.349965585059621
13.625	4.25	-7.7668385879238e-05	0.800159966453647	0.000260560064761463	14.2354307381502	0.349949515549178
13.875	4.25	-0.000107178528477458	0.800108236550357	0.000308063551838819	14.1654306038874	0.34993033395649
14.125	4.25	-0.000140039553385567	0.800042592721408	0.000360247172390084	14.0954396690123	0.349908974290299
14.375	4.25	-0.000173271775458582	0.799960200455143	0.000417347361335455	14.0254595645029	0.349887373345952
14.625	4.25	-0.0002017225630798	0.799857692099249	0.000479562312383739	13.9554916845213	0.349868880333998
14.875	4.25	-0.000217299133428234	0.799731080304713	0.000547033654991087	13.8855369091399	0.349858755563272
15.125	4.25	-0.000208059082852912	0.799575665920958	0.000619823760613453	13.8155952265184	0.349864761596146
15.375	4.25	-0.000157158285862748	0.799385944430992	0.000697888517435498	13.7456652365899	0.349897847114189
15.625	4.25	-4.16608221139923e-05	0.799155517192237	0.000781045833920745	13.6757435184021	0.349972920465626
15.875	4.25	0.000168779858007911	0.798877016400833	0.000868940732365741	13.6058238438809	0.350109706907705
16.125	4.25	0.00051335589690341	0.798542055796886	0.00096100868460559	13.5358962218404	0.350333681332987
16.375	4.25	0.00104164179859917	0.798141222585335	0.00105643980773596	13.4659457573525	0.350677067169089
16.625	4.25	0.00181521913774392	0.797664129684153	0.00115414762997816	13.3959513128578	0.351179892439534
16.875	4.25	0.00290937803934294	0.79709955092923	0.00125274725402937	13.3258839583541	0.351891095725573
17.125	4.25	0.00441488876619478	0.7964356647847	0.00135054872245491	13.2557051983597	0.352869677698027
17.375	4.25	0.00643984190207703	0.795660433727262	0.0014455719813691	13.1853649629347	0.35418589723635
17.625	4.25	0.00911155920353591	0.794762145799076	0.00153558971543802	13.1147993488645	0.355922513482298
17.875	4.25	0.01257857551886	0.793730140540868	0.00161820309262573	13.0439280955356	0.358176074087259
18.125	4.25	0.0170126794367797	0.792555731985882	0.00169095269125299	12.9726517789998	0.361058241633907
18.375	4.25	0.0226109677704465	0.791233324803674	0.00175146224186477	12.9008487090636	0.36469712905079
18.625	4.25	0.0295978039108924	0.789761694363171	0.00179760619452118	12.8283715211202	0.36923857254208
18.875	4.25	0.0382264551563097	0.788145366589318	0.00182768387201094	12.7550434719181	0.374847195851601
19.125	4.25	0.0487799977731598	0.786395990154047	0.00184057417502875	12.6806544841159	0.381706998552554
19.375	4.25	0.0615707986101489	0.784533546372861	0.00183583751646776	12.6049570487805	0.390021019096597
19.625	4.25	0.0769374956450083	0.782587200976909	0.00181372896672767	12.5276622010033	0.400009372169255
19.875	4.25	0.0952379239234328	0.780595582325139	0.00177509228039175	12.4484359449777	0.411904650550231
20.125	4.25	0.116835950159204	0.778606291847223	0.00172112202963098	12.3668967295439	0.425943367603483
20.375	4.25	0.142079883943148	0.77667452979487	0.00165301178438412	12.2826148559829	0.442351924563046
20.625	4.25	0.171270375730389	0.774860850230085	0.00157154671153007	12.1951149972382	0.461325744224753
20.875	4.25	0.20461698220733	0.773228208763281	0.00147673878328841	12.103883231212	0.483001038434765
21.125	4.25	0.242185358305712	0.771838567188161	0.00136762511373514	12.008379988037	0.507420482898713
21.375	4.25	0.283841423401837	0.770749303352718	0.00124233651384807	11.9080598869474	0.534496925211194
21.625	4.25	0.329204027948715	0.770009542610024	0.00109848466788741	11.8023984269563	0.563982618166665
21.875	4.25	0.37762148718727	0.769656401451696	0.000933822237306837	11.6909238936615	0.595453966671725
22.125	4.25	0.428186804030071	0.769711211474367	0.000747032358309464	11.5732509543601	0.628321422619546
22.375	4.25	0.479799157387159	0.770176163129727	0.000538444029072672	11.4491108783663	0.661869452301653
22.625	4.25	0.531266049659881	0.771032276246436	0.000310477341763658	11.3183729235363	0.695322932278922
22.875	4.25	0.58142633041256	0.772239743741847	6.76972419273941e-05	11.181052673985	0.727927114768164
23.125	4.25	0.629266185839506	0.773741209863777	-0.000183533767625082	11.0373058068771	0.759023020795679
23.375	4.25	0.674002672220624	0.775467595637997	-0.000435708417547643	10.8874089867956	0.788101736943405
23.625	4.25	0.715121158850807	0.77734521329422	-0.000680974031527602	10.731732135747	0.814828753253025
23.875	4.25	0.752367890718563	0.779302602808298	-0.000911911061028679	10.5707073800582	0.839039128967066
24.125	4.25	0.785710044477469	0.781275853317404	-0.0011221604251716	10.4047994563092	0.860711528910355
24.375	4.25	0.815279827280821	0.783211844206241	-0.00130682932675167	10.2344808223527	0.879931887732534
24.625	4.25	0.841317180766238	0.785069479551913	-0.00146266492873477	10.0602129277037	0.896856167498055
24.875	4.25	0.864120521666443	0.786819376699666	-0.00158802907094257	9.88243362995712	0.911678339083188
25.125	4.25	0.884009593749106	0.788442584234706	-0.00168272976543897	9.70154984660545	0.924606235936919
25.375	4.25	0.901300566523186	0.789928837382809	-0.00174776917469367	9.51793417528367	0.935845368240071
25.625	4.25	0.916291368466462	0.791274716525065	-0.00178505958714878	9.33192423528954	0.945589389503201
25.875	4.25	0.929254528848823	0.792481930276745	-0.00179714523455123	9.143823697913	0.954015443751735
26.125	4.25	0.940434954097399	0.793555831926106	-0.0017869536106647	8.95390424593145	0.961282720163309
26.375	4.25	0.950050597320873	0.794504203385122	-0.00175758804507115	8.76240795450542	0.967532888258568
26.625	4.25	0.958294583542398	0.79533629785228	-0.00171216466690016	8.5695497836661	0.972891479302559
26.875	4.25	0.965337875376764	0.796062111507338	-0.00165369144987648	8.37552001196311	0.977469618994896
27.125	4.25	0.971331954674353	0.796691847233598	-0.00158498412531504	8.18048653045923	0.981365770538329
27.375	4.25	0.976411259697056	0.797235533466702	-0.00150861262519482	7.9845969689576	0.984667318803086
27.625	4.25	0.980695280646582	0.797702764913208	-0.0014268717008489	7.78798065417141	0.987451932420278
27.875	4.25	0.984290308137518	0.798102536820685	-0.00134176994751783	7.59075041194164	0.989788700289386
28.125	4.25	0.98729087438179	0.798443149536313	-0.00125503230948832	7.39300422922034	0.991739068348164
28.375	4.25	0.989780943837548	0.798732164711623	-0.00116811203694488	7.19482679068076	0.993357613494406
28.625	4.25	0.991834911325868	0.79897639849349	-0.0010822089022496	6.99629090210005	0.994692692361814
28.875	4.25	0.993518459006298	0.799181940354432	-0.000998291209911225	6.79745880954849	0.995786998354094
29.125	4.25	0.994889313817563	0.799354188910582	-0.00091711973829616	6.5983834206541	0.996678053981416
29.375	4.25	0.995997936668899	0.79949789823191	-0.00083927223844728	6.39910943210414	0.997398658834784
29.625	4.25	0.996888165183519	0.79961722985132	-0.000765167501515329	6.19967436616476	0.997977307369288
29.875	4.25	0.997597823776473	0.799715807006727	-0.000695088308431761	6.00010951828746	0.998438585454707
30.125	4.25	0.998159308494028	0.799796768672914	-0.000629202808570895	5.80044081770719	0.998803550521118
30.375	4.25	0.998600149309593	0.799862821720129	-0.000567584049182595	5.60068960318195	0.999090097051236
30.625	4.25	0.998943549295057	0.799916290127685	-0.00051022750172456	5.40087331654139	0.999313307041787
30.875	4.25	0.999208898050577	0.799959160628673	-0.000457066511288288	5.20100611737932	0.999485783732875
31.125	4.25	0.999412255770316	0.799993124502703	-0.000407985641908603	5.00109942293648	0.999617966250705
31.375	4.25	0.999566804175753	0.800019615488431	-0.000362831922148035	4.80116237788811	0.999718422714239
31.625	4.25	0.999683261128068	0.800039843964097	-0.000321424039193121	4.6012022593004	0.999794119733244
31.875	4.25	0.999770256895339	0.800054827636569	-0.000283559611635174	4.40122482239195	0.99985066698197
32.125	4.25	0.999834671574124	0.800065418984989	-0.000249020797350005	4.20123459289283	0.99989253652318
32.375	4.25	0.999881934679487	0.800072329642137	-0.000217578628610416	4.00123511173326	0.999923257541667
32.625	4.25	0.999916288932552	0.800076151827285	-0.000188996528581127	3.80122913756255	0.999945587806159
32.875	4.25	0.999941020347462	0.800077376970337	-0.000163033348060052	3.60121881229048	0.99996166322585
33.125	4.25	0.999958655749113	0.800076411895218	-0.000139445917383279	3.40120579456619	0.999973126236923
33.375	4.25	0.999971127366616	0.800073593389547	-0.000117990631056815	3.2011913659298	0.999981232788301
33.625	4.25	0.999979903336757	0.800069202540615	-9.84232683929505e-05	3.00117651424485	0.999986937168892
33.875	4.25	0.99998608423917	0.800063480524443	-8.04965268062145e-05	2.80116199876921	0.999990954755461
34.125	4.25	0.999990469921904	0.800056647148298	-6.3955913015733e-05	2.60114840060351	0.999993805449238
34.375	4.25	0.999993606954114	0.800048922062734	-4.85365459931162e-05	2.4011361611208	0.999995844520174
34.625	4.25	0.999995832104394	0.800040546336056	-3.39652367640067e-05	2.20112560947287	0.999997290867856
34.875	4.25	0.999997327121246	0.800031799821243	-1.99726077301006e-05	2.00111697892794	0.99999826262881
35.125	4.25	0.99999819152028	0.800023008685515	-6.31794879051951e-06	1.80111041144904	0.999998824488182
35.375	4.25	0.99999852329298	0.80001453866422	7.17483031013553e-06	1.6011059513406	0.999999040140437
35.625	4.25	0.99999847799564	0.800006773100629	2.05765648322114e-05	1.40110353221484	0.999999010697166
35.875	4.25	0.999998265549103	0.800000079322301	3.3816589645109e-05	1.20110296625574	0.999998872606917
36.125	4.25	0.999998055847298	0.799994770174468	4.66593872812508e-05	1.00110394883039	0.999998736300744
36.375	4.25	0.999997812422629	0.799991067679255	5.87008416691947e-05	0.801106091528303	0.999998578074709
36.625	4.25	0.999997159953934	0.799989072249262	6.93917097918818e-05	0.60110898818871	0.999998153970057
36.875	4.25	0.999995487088317	0.799988734614487	7.81005028930451e-05	0.401112297779	0.999997066607406
37.125	4.25	0.999992506092642	0.799990888132683	8.42291754780428e-05	0.201115797726334	0.999995128960217
37.375	4.25	0.999989293356319	0.399989075726245	8.73515464753678e-05	0.00111880488489517	0.999993040681607
0.125	4.75	-3.62630448351085e-12	0.399999606253918	-0.000121084036604914	18.0161267324072	0.349999999997643
0.375	4.75	-5.5112047989974e-12	0.799998988077008	-0.000119965714286472	17.9461268013286	0.349999999996418
0.625	4.75	-7.25680076431861e-12	0.799998853849274	-0.000117854902850418	17.8761269095411	0.349999999995283
0.875	4.75	-6.35252143261897e-12	0.799999452895983	-0.000114975936079038	17.8061270019835	0.349999999995871
1.125	4.75	1.53553524826346e-13	0.800000944644845	-0.000111607980646151	17.7361270053934	0.3500000000001
1.375	4.75	1.49125526763249e-11	0.800003393725943	-0.000108039369667892	17.6661268368087	0.350000000009693
1.625	4.75	3.89171404776181e-11	0.800006781333861	-0.000104530802836768	17.5961264116564	0.350000000025296
1.875	4.75	6.97477095946554e-11	0.800011026246706	-0.000101292331432315	17.526125650265	0.350000000045336
2.125	4.75	9.98612575812043e-11	0.800016008821562	-9.8473979491132e-05	17.4561244822759	0.35000000006491
2.375	4.75	1.15579199127699e-10	0.800021593018722	-9.61669516866243e-05	17.3861228489572	0.350000000075126
2.625	4.75	9.7559282361082e-11	0.800027643725236	-9.44114785811175e-05	17.3161207037607	0.350000000063414
2.875	4.75	2.35043244662951e-11	0.800034038543782	-9.32077310531558e-05	17.2461180116043	0.350000000015278
3.125	4.75	-1.26372131728183e-10	0.800040674462148	-9.25271799258411e-05	17.1761147473652	0.349999999917858
3.375	4.75	-3.61038270235788e-10	0.800047470446814	-9.23227930635791e-05	17.1061108939937	0.349999999765325
3.625	4.75	-6.68038190180913e-10	0.800054367173256	-9.25373021307088e-05	17.0361064405501	0.349999999565775
3.875	4.75	-1.00196348131819e-09	0.80006132499639	-9.31093547148098e-05	16.9661013803632	0.349999999348724
4.125	4.75	-1.27443324246828e-09	0.800068321036039	-9.39777141207592e-05	16.8960957094195	0.349999999171618
4.375	4.75	-1.34924773212911e-09	0.800075345995795	-9.50838334818539e-05	16.8260894250289	0.349999999122989
4.625	4.75	-1.0475715444538e-09	0.800082401107616	-9.63731754724931e-05	16.7560825247692	0.349999999319078
4.875	4.75	-1.68676094152795e-10	0.800089495416249	-9.7795625413587e-05	16.6860750056883	0.349999999890361
5.125	4.75	1.46874013609994e-09	0.800096643493742	-9.93052885621099e-05	16.6160668637292	0.350000000954681
5.375	4.75	3.96197798151251e-09	0.800103863592632	-0.000100859897622385	16.5460580933422	0.350000002575286
5.625	4.75	7.23835097626908e-09	0.800111176199581	-0.000102419994314803	16.4760486872509	0.350000004704928
5.875	4.75	1.095617010425e-08	0.800118602928647	-0.000103947997559497	16.4060386363396	0.350000007121511
6.125	4.75	1.44090157863059e-08	0.800126165684977	-0.000105407228407794	16.336027929638	0.35000000936586
6.375	4.75	1.64578837812234e-08	0.800133886029594	-0.000106760933323034	16.2660165543808	0.350000010697624
6.625	4.75	1.55230338522628e-08	0.800141784682564	-0.000107971323466105	16.1960044961208	0.350000010089972
6.875	4.75	9.67197627305175e-09	0.800149881106934	-0.000108998634950003	16.1259917388774	0.350000006286785
7.125	4.75	-3.15972689334348e-09	0.800158193122598	-0.00010980020336332	16.0559782653001	0.349999997946178
7.375	4.75	-2.47839689144058e-08	0.800166736503932	-0.000110329541342793	15.9859640568266	0.34999998389042
7.625	4.75	-5.61943137467307e-08	0.80017552452069	-0.000110535403195365	15.9159490938171	0.349999963473696
7.875	4.75	-9.68231033331883e-08	0.800184567380025	-0.00011036081877463	15.8459333556457	0.349999937064983
8.125	4.75	-1.43656465125945e-07	0.800193871532187	-0.000109742078180663	15.7759168207388	0.349999906623298
8.375	4.75	-1.90282107752856e-07	0.800203438797757	-0.000108607647497774	15.705899466558	0.34999987631663
8.625	4.75	-2.25993233859758e-07	0.800213265273107	-0.000106876996382034	15.6358812695434	0.349999853104398
8.875	4.75	-2.35127867267686e-07	0.800223339965733	-0.000104459317569806	15.5658622050554	0.349999847166886
9.125	4.75	-1.96884625624793e-07	0.800233643104394	-0.000101252118281659	15.4958422473846	0.349999872024993
9.375	4.75	-8.59205274374547e-08	0.800244144061452	-9.71396628389564e-05	15.425821369941	0.349999944151657
9.625	4.75	1.25901134414293e-07	0.800254798814311	-9.19912438186782e-05	15.3557995457832	0.350000081835737
9.875	4.75	4.66192624792164e-07	0.800265546862431	-8.5659256450498e-05	15.2857767487068	0.350000303025206
10.125	4.75	9.56703955275446e-07	0.800276307502048	-7.79770463229135e-05	15.2157529551754	0.350000621857571
10.375	4.75	1.60552913599885e-06	0.800286975346032	-6.87564930960532e-05	15.1457281474493	0.350001043593938
10.625	4.75	2.39650209047301e-06	0.800297414957975	-5.77852838482723e-05	15.0757023183281	0.350001557726359
10.875	4.75	3.27561330178322e-06	0.80030745444649	-4.48238165820221e-05	15.0056754779767	0.350002129148646
11.125	4.75	4.13460927721172e-06	0.800316877838171	-2.96016599212384e-05	14.9356476633227	0.35000268749603
11.375	4.75	4.79246001237578e-06	0.800325416009289	-1.18134784309359e-05	14.8656189504832	0.350003115099008
11.625	4.75	4.97614095356569e-06	0.800332735907857	8.88568283467924e-06	14.7955894705703	0.35000323449162
11.875	4.75	4.30321403018877e-06	0.800338427732907	3.28858726870145e-05	14.725559429004	0.35000279708912
12.125	4.75	2.2700288543486e-06	0.800341989656616	6.06285886756118e-05	14.6555291280918	0.350001475518755
12.375	4.75	-1.74900534534133e-06	0.800342809573068	9.26141226145212e-05	14.5854989920829	0.349998863146526
12.625	4.75	-8.48374694341895e-06	0.800340143240036	0.000129409972947208	14.5154695931267	0.349994485564487
12.875	4.75	-1.87228769280627e-05	0.800333088049479	0.000171660334965624	14.4454416755477	0.349987830129997
13.125	4.75	-3.32292452601981e-05	0.80032055153334	0.000220096572959431	14.3754161745591	0.349978400990581
13.375	4.75	-5.26026683532234e-05	0.800301213598094	0.000275548420483478	14.305394224008	0.34996580826557
13.625	4.75	-7.70753170067627e-05	0.800273481417706	0.000338955436119804	14.2353771459831	0.349949901043946
13.875	4.75	-0.000106223936636016	0.800235435929094	0.000411377954841314	14.1653664132011	0.349930954441187
14.125	4.75	-0.000138583095916179	0.800184769020669	0.000494006414960975	14.0953635731034	0.349909920987654
14.375	4.75	-0.000171144648875375	0.800118710830779	0.000588167506701448	14.0253701206547	0.349888755978231
14.625	4.75	-0.000198730716976032	0.800033947147698	0.000695325087642969	13.9553873050743	0.349870825033966
14.875	4.75	-0.000213230728489805	0.799926527784952	0.00081707325335184	13.8854158542871	0.349861400026482
15.125	4.75	-0.000202697220033672	0.799791768070611	0.000955118364328358	13.8154555998642	0.349868246806978
15.375	4.75	-0.000150299876753712	0.799624147290544	0.00111124624453941	13.7455049847396	0.34990230508011
15.625	4.75	-3.31421823188098e-05	0.799417210120666	0.00128727023429152	13.6755604360534	0.349978457581493
15.875	4.75	0.000179050521403974	0.799163479795319	0.00148495536817881	13.6056155860669	0.350116382838913
16.125	4.75	0.000525359429088691	0.798854394982721	0.00170591374906692	13.5356603250929	0.350341483628908
16.375	4.75	0.00105520330713531	0.798480286008744	0.00195146632226929	13.4656796716105	0.350685882149638
16.625	4.75	0.00182995871463751	0.798030410037098	0.00222246687151316	13.395652445923	0.351189473164514
16.875	4.75	0.00292465839836234	0.79749306879899	0.00251908535271391	13.3255497346004	0.351901027958936
17.125	4.75	0.00442976091600054	0.796855836011036	0.00284054988277273	13.2553331332554	0.3528793445954
17.375	4.75	0.00645298904921049	0.796105924018578	0.00318485007999965	13.1849527547687	0.354194442881987
17.625	4.75	0.00912123732440922	0.7952307194231	0.00354840931453863	13.1143449889441	0.355928804260866
17.875	4.75	0.0125825463496475	0.794218514092242	0.00392574008975385	13.0434299981019	0.358178655127271
18.125	4.75	0.0170081280673872	0.793059449211469	0.00430910553734046	12.972108932258	0.361055283243802
18.375	4.75	0.0225943929618642	0.791746673849758	0.00468822106617487	12.9002608490864	0.364686355425212
18.625	4.75	0.029564865545429	0.790277693870488	0.00505004350266618	12.8277393309034	0.369217162604529
18.875	4.75	0.0381717614467195	0.788655850660775	0.00537871000093349	12.7543688083744	0.374811644940368
19.125	4.75	0.0486968175206699	0.786891822754617	0.00565570394768185	12.6799406358517	0.381652931388435
19.375	4.75	0.0614506944450888	0.785004991241417	0.00586033660034223	12.6042090263523	0.389942951389308
19.625	4.75	0.0767698970873321	0.78302446154078	0.00597063510540272	12.5268870578036	0.399900433106766
19.875	4.75	0.0950096981825788	0.780989505660348	0.00596471027833814	12.4476431193624	0.411756303818676
20.125	4.75	0.116531084937516	0.778949200829701	0.00582262879401668	12.3660983855379	0.425745205209385
20.375	4.75	0.141679464072628	0.776961110045276	0.0055287229060911	12.281826179685	0.442091651647208
20.625	4.75	0.170753095434738	0.775088979057055	0.00507413433673934	12.1943543795391	0.460989512032579
20.875	4.75	0.20396045118532	0.77339958309176	0.00445922655164917	12.1031722390011	0.482574293270458
21.125	4.75	0.241368382730978	0.771958982019194	0.0036953609828607	12.0077430056205	0.506889448775136
21.375	4.75	0.282847227672411	0.770828466829849	0.00280549357749414	11.9075233125492	0.533850697987067
21.625	4.75	0.328024029716461	0.770060393153613	0.0018231798882981	11.8019893534027	0.563215619315699
21.875	4.75	0.376258837523688	0.769694000588846	0.00078989668240666	11.6906682975833	0.594568244390397
22.125	4.75	0.426658647352413	0.769751385494501	-0.000248981802469429	11.5731715541083	0.627328120779069
22.375	4.75	0.47813666825677	0.770234115754888	-0.00124883297497037	11.4492249589438	0.6607888343669
22.625	4.75	0.529511852721262	0.771121374693576	-0.00217016892232656	11.3186905091731	0.69418270426882
22.875	4.75	0.579629735674132	0.772370610880866	-0.00298197085351921	11.1815754055912	0.726759328188186
23.125	4.75	0.627477392897498	0.773921176086874	-0.00366352029488562	11.0380267436973	0.757860305383373
23.375	4.75	0.67226735626451	0.77570050594767	-0.00420467188370052	10.8883133442304	0.786973781571931
23.625	4.75	0.713476558078287	0.777631551670238	-0.00460483954360696	10.7327987718822	0.813759762750886
23.875	4.75	0.750840883493214	0.779639875103742	-0.00487114482811597	10.5719107195488	0.838046574270589
24.125	4.75	0.784317072302659	0.781659153335956	-0.00501620159510223	10.4061115177898	0.859806096996729
24.375	4.75	0.814028126765476	0.783634517205454	-0.005055930137578	10.235873076111	0.879118282397559
24.625	4.75	0.840206687063961	0.785523798867451	-0.00500766382541988	10.0616578121464	0.896134346591575
24.875	4.75	0.863145912556951	0.787297163839583	-0.0048886791667824	9.88390565800716	0.911044843162018
25.125	4.75	0.883162134195783	0.788935726101039	-0.00471517414780183	9.70302631181357	0.924055387227259
25.375	4.75	0.900569595241522	0.79042967921651	-0.00450165018603903	9.51939551451769	0.935370236906989
25.625	4.75	0.915665397600284	0.791776330032571	-0.00426061805918158	9.33335412429433	0.945182508440185
25.875	4.75	0.92872200010029	0.792978270460949	-0.00400253940966021	9.14520895644227	0.953669300065188
26.125	4.75	0.939984722918779	0.79404180336699	-0.00373592300586153	8.95523461915399	0.960990069897206
26.375	4.75	0.949672218326425	0.794975658565201	-0.00346751035761068	8.76367582344419	0.967286941912176
26.625	4.75	0.957978459182235	0.795789988516382	-0.00320250255963815	8.57074984348668	0.972685998468452
26.875	4.75	0.965075315119394	0.796495610680965	-0.00294479591550711	8.37664894492414	0.977298954827606
27.125	4.75	0.971115178138282	0.79710345561885	-0.00269720646558529	8.18154269089384	0.981224865789883
27.375	4.75	0.976233366157174	0.797624180226207	-0.00246167274360951	7.98558009068126	0.984551688002163
27.625	4.75	0.980550199354308	0.798067909698563	-0.00223943231055172	7.78889158580893	0.9873576295803
27.875	4.75	0.98417273847824	0.798444077414254	-0.00203117150217237	7.59159088236169	0.989712280010856
28.125	4.75	0.987196221406244	0.798761337621759	-0.00183715002994896	7.39377664312977	0.991677543914059
28.375	4.75	0.989705252548269	0.799027530974723	-0.00165730314753496	7.19553405311387	0.993308414156375
28.625	4.75	0.991774801808095	0.799249687365832	-0.00149132445784874	6.99693626977774	0.994653621175262
28.875	4.75	0.993471063730627	0.799434054142834	-0.00133873238832804	6.7980457666911	0.995756191424908
29.125	4.75	0.994852217988018	0.7995861407137	-0.00119892310122919	6.59891557667928	0.996653941692212
29.375	4.75	0.995969122204598	0.799710772862877	-0.00107121225672175	6.39959043863997	0.997379929432989
29.625	4.75	0.996865958721099	0.799812151910128	-0.000954867681500387	6.20010785090097	0.997962873168714
29.875	4.75	0.997580848919411	0.799893915240481	-0.000849134654215749	6.0004990333363	0.998427551797617
30.125	4.75	0.998146442397897	0.799959195800968	-0.000753255218235159	5.80078980032616	0.998795187558633
30.375	4.75	0.998590483583828	0.800010678964324	-0.000666482676067593	5.60100134690574	0.999083814329488
30.625	4.75	0.998936355138633	0.800050655761382	-0.000588092203649026	5.40115095096735	0.999308630840111
30.875	4.75	0.999203595533838	0.800081071929879	-0.000517388339051524	5.20125259503754	0.999482337096995
31.125	4.75	0.999408387217644	0.800103572557922	-0.000453709942574202	5.00131751184431	0.999615451691469
31.375	4.75	0.999564011641775	0.800119542344442	-0.000396433093397889	4.80135465853612	0.999716607567154
31.625	4.75	0.999681267901277	0.800130141672028	-0.000344972289323082	4.60137112494997	0.99979282413583
31.875	4.75	0.999768852709636	0.800136338794637	-0.000298780263208025	4.40137248170148	0.999849754261263
32.125	4.75	0.999833700732923	0.800138938481278	-0.000257346730825961	4.20136307405485	0.9998919054764
32.375	4.75	0.999881285728542	0.800138607429557	-0.000220196429634185	4.00134626751443	0.999922835723552
32.625	4.75	0.999915884187253	0.800135896693002	-0.000186886857226386	3.80132465088306	0.999945324721714
32.875	4.75	0.999940803937618	0.800131261303267	-0.000157006108409495	3.60130020220696	0.999961522559452
33.125	4.75	0.99995858021152	0.800125077283154	-0.000130171082652232	3.40127442265064	0.999973077137488
33.375	4.75	0.999971141036658	0.800117656392978	-0.000106026085903067	3.20124844299275	0.999981241673828
33.625	4.75	0.999979942975771	0.800109259217562	-8.42415784651728e-05	3.0012231071423	0.999986962934251
33.875	4.75	0.999986077986418	0.800100107459041	-6.45127154549654e-05	2.80119903680536	0.999990950691172
34.125	4.75	0.999990353360862	0.800090396320471	-4.65575890091011e-05	2.60117668107267	0.99999372968456
34.375	4.75	0.999993349590004	0.800080307399941	-3.01157649480331e-05	2.40115635410898	0.999995677233502
34.625	4.75	0.999995464685045	0.800070021465983	-1.49485728914313e-05	2.2011382632468	0.999997052045279
34.875	4.75	0.999996955703253	0.800059729073611	-8.43129506080995e-07	2.00112252876189	0.999998021207114
35.125	4.75	0.999997985843798	0.800049635812391	1.23783354751367e-05	1.80110919585949	0.999998690798469
35.375	4.75	0.99999867617678	0.800039958899144	2.48438662796449e-05	1.60109823957837	0.999999139514907
35.625	4.75	0.999999145937438	0.800030913551598	3.66142654924944e-05	1.40108956502923	0.999999444859334
35.875	4.75	0.999999511800171	0.800022691176496	4.76672938395714e-05	1.20108300863442	0.999999682670111
36.125	4.75	0.999999819651505	0.800015435831709	5.78894231180102e-05	1.00107834946112	0.999999882773478
36.375	4.75	0.999999920434475	0.80000922829136	6.7080919598063e-05	0.801075339969165	0.999999948282409
36.625	4.75	0.999999381998845	0.800004084976138	7.49789161415214e-05	0.601073757591488	0.999999598299249
36.875	4.75	0.999997622715193	0.799999969023359	8.13006393230702e-05	0.40107345893421	0.999998454764875
37.125	4.75	0.999994470060891	0.799997824037812	8.58032172659439e-05	0.201074391084225	0.999996405539579
37.375	4.75	0.999991145122162	0.399991736005801	8.83072394431217e-05	0.00107598410027124	0.999994244329405
0.125	5.25	-3.61372051244007e-12	0.400000385950684	-0.000121068449391896	18.016147783685	0.349999999997651
0.375	5.25	-5.50087215023162e-12	0.80000124931317	-0.000120471669879013	17.9461477161592	0.349999999996424
0.625	5.25	-7.25826496595505e-12	0.8000023770786	-0.000119336018389223	17.8761475651019	0.349999999995282
0.875	5.25	-6.38145086261243e-12	0.800003914413598	-0.000117767579766269	17.8061473002478	0.349999999995852
1.125	5.25	7.88651220196739e-14	0.800005966545726	-0.000115904095157213	17.7361468801869	0.350000000000051
1.375	5.25	1.47781492688702e-11	0.800008593847664	-0.000113896019935972	17.6661462562382	0.350000000009606
1.625	5.25	3.87238724235957e-11	0.800011813758869	-0.000111889194641025	17.596145376426	0.35000000002517
1.875	5.25	6.9523571560097e-11	0.800015607741683	-0.000110011742314564	17.5261441890171	0.35000000004519
2.125	5.25	9.96719194056231e-11	0.800019930952837	-0.000108366161152374	17.4561426452803	0.350000000064787
2.375	5.25	1.15531492601497e-10	0.800024722498733	-0.0001070262849497	17.3861407013322	0.350000000075095
2.625	5.25	9.77926392145738e-11	0.800029914723265	-0.000106038040691265	17.3161383191015	0.350000000063565
2.875	5.25	2.41679382783267e-11	0.800035440650073	-0.000105422689433852	17.2461354665495	0.350000000015709
3.125	5.25	-1.25154587280923e-10	0.800041239281657	-0.000105181334910453	17.1761321173318	0.349999999918649
3.375	5.25	-3.59212377111066e-10	0.800047258862901	-0.000105299751692512	17.1061282500892	0.349999999766512
3.625	5.25	-6.65668876868295e-10	0.800053458446721	-0.000105752896926929	17.0361238475369	0.349999999567315
3.875	5.25	-9.99293072519209e-10	0.800059808183104	-0.000106508747939063	16.9661188954783	0.349999999350459
4.125	5.25	-1.27194847852451e-09	0.800066288745039	-0.000107531322097376	16.8961133818405	0.349999999173233
4.375	5.25	-1.34774661378142e-09	0.800072890244383	-0.000108782878454246	16.8261072957864	0.349999999123965
4.625	5.25	-1.04820242129295e-09	0.800079610908348	-0.000110225384181658	16.756100626938	0.349999999318668
4.875	5.25	-1.72905359323733e-10	0.800086455708748	-0.000111821365624126	16.6860933647222	0.349999999887612
5.125	5.25	1.45927483517999e-09	0.800093435065762	-0.000113534272845324	16.6160854978387	0.350000000948529
5.375	5.25	3.94575179814358e-09	0.80010056369386	-0.000115328475077813	16.5460770138438	0.350000002564739
5.625	5.25	7.21437082494735e-09	0.800107859618509	-0.000117168987056874	16.4760678988369	0.350000004689341
5.875	5.25	1.09245148195166e-08	0.800115343364243	-0.000119021003180212	16.4060581372386	0.350000007100935
6.125	5.25	1.43714889548015e-08	0.800123037299801	-0.000120849297343242	16.3360477116451	0.350000009341468
6.375	5.25	1.64187790684326e-08	0.800130965113519	-0.000122617526169172	16.2660366027456	0.350000010672206
6.625	5.25	1.54900091077008e-08	0.800139151390491	-0.000124287459389403	16.1960247892866	0.350000010068506
6.875	5.25	9.65700759977856e-09	0.800147621258569	-0.000125818148172754	16.1260122480649	0.350000006277055
7.125	5.25	-3.13939727036036e-09	0.800156400069972	-0.000127165032746822	16.0559989539308	0.349999997959392
7.375	5.25	-2.47050872953383e-08	0.800165513087853	-0.000128278983000078	15.98598487978	0.349999983941693
7.625	5.25	-5.60274627390694e-08	0.800174985143694	-0.000129105260105971	15.9159699965118	0.349999963582149
7.875	5.25	-9.65338446886269e-08	0.80018484023417	-0.000129582382280065	15.8459542729331	0.349999937253001
8.125	5.25	-1.43208924125163e-07	0.8001951010235	-0.000129640873710696	15.7759376755948	0.349999906914199
8.375	5.25	-1.89646698275772e-07	0.800205788216168	-0.000129201872243748	15.7059201685536	0.349999876729646
8.625	5.25	-2.25160787302227e-07	0.800216919760705	-0.000128175567584239	15.6359017130714	0.349999853645488
8.875	5.25	-2.34132803835837e-07	0.800228509842552	-0.000126459438012985	15.5658822672846	0.349999847813677
9.125	5.25	-1.95839662052686e-07	0.800240567616081	-0.000123936248847923	15.4958617859105	0.34999987270422
9.375	5.25	-8.50642735540696e-08	0.800253095619778	-0.00012047176988509	15.4258402200937	0.349999944708222
9.625	5.25	1.26145090360577e-07	0.800266087809162	-0.000115912161698456	15.3558175175482	0.350000081994309
9.875	5.25	4.65151608521748e-07	0.800279527131264	-0.000110080970124646	15.2857936232055	0.350000302348546
10.125	5.25	9.53401617339593e-07	0.80029338255319	-0.000102775655090107	15.2157684806456	0.350000619711051
10.375	5.25	1.59866652953832e-06	0.800307605441887	-9.37635624435732e-05	15.1457420346511	0.350001039133244
10.625	5.25	2.38451583531433e-06	0.800322125177474	-8.27772257348748e-05	15.075714235289	0.350001549935293
10.875	5.25	3.25687063163022e-06	0.80033684386099	-6.95088582649169e-05	15.0056850439717	0.350002116965911
11.125	5.25	4.10781966338055e-06	0.800351629952623	-5.36038650616278e-05	14.935654441963	0.350002670082781
11.375	5.25	4.75740148940765e-06	0.800366310642273	-3.46531713099592e-05	14.8656224417627	0.350003092310968
11.625	5.25	4.93481150694081e-06	0.800380662710248	-1.21841303329319e-05	14.7955891016883	0.350003207627479
11.875	5.25	4.2615176853556e-06	0.800394401576183	1.43502538590794e-05	14.725554543749	0.350002769986495
12.125	5.25	2.24008350475581e-06	0.800407168158431	4.55840714660711e-05	14.655518974538	0.350001456054278
12.375	5.25	-1.74590683006871e-06	0.800418513069693	8.22534970146965e-05	14.5854827083145	0.34999886516056
12.625	5.25	-8.41359191773722e-06	0.800427877561895	0.000125214265939421	14.5154461906808	0.349994531165253
12.875	5.25	-1.85350345704217e-05	0.800434570503943	0.000175461794512204	14.4454100202476	0.349987952227529
13.125	5.25	-3.28526781611421e-05	0.800437740544478	0.000234153950882754	14.3753749644185	0.349978645759195
13.375	5.25	-5.19430361575599e-05	0.800436342491324	0.000302636252427808	14.3053419639186	0.349966237026498
13.625	5.25	-7.60141661227769e-05	0.800429096855414	0.000382468925490535	14.2353121189816	0.34995059079202
13.875	5.25	-0.000104621678364619	0.800414441492737	0.000475454799889234	14.1652866482445	0.349931995909063
14.125	5.25	-0.000136288075441847	0.800390474376249	0.0005836663988878	14.095266809489	0.349911412750963
14.375	5.25	-0.000168011285398955	0.800354886788886	0.000709469811215441	14.0252537695133	0.349890792664491
14.625	5.25	-0.000194650426697269	0.800304886710067	0.000855541981930911	13.9552484087524	0.349873477222647
14.875	5.25	-0.00020818009298776	0.800237112930117	0.00102487693334781	13.8852510449268	0.349864682939558
15.125	5.25	-0.000196808590584815	0.800147541534903	0.00122077513593869	13.8152610590965	0.34987207441612
15.375	5.25	-0.000143960263640016	0.800031387916794	0.00144680882776506	13.7452764071202	0.349906425828634
15.625	5.25	-2.71268217639047e-05	0.799883009433996	0.00170675459085702	13.6752929996913	0.349982367565853
15.875	5.25	0.00018340313883014	0.799695816294175	0.00200448304141642	13.6053039348071	0.35011921204024
16.125	5.25	0.000525924068615685	0.799462201173666	0.00234379424251692	13.5352985676039	0.3503418506446
16.375	5.25	0.00104878900083467	0.79917350145459	0.00272818664434111	13.4652614037706	0.350681712850543
16.625	5.25	0.0018119673619886	0.798820011643506	0.00316054734548111	13.3951708039852	0.351177778785293
16.875	5.25	0.00288867431517759	0.798391067288644	0.00364275271678637	13.3249974877171	0.351877638304865
17.125	5.25	0.00436706510990342	0.797875225147	0.00417517156015847	13.2547028250588	0.352838592321437
17.375	5.25	0.0063519926576765	0.797260566852918	0.00475606876938978	13.1842369048076	0.35412879522749
17.625	5.25	0.00896682982043704	0.796535154010128	0.00538091686263431	13.1135363658463	0.355828439383284
17.875	5.25	0.0123553564105641	0.795687660238974	0.00604163681738855	13.0425219772905	0.358030981666867
18.125	5.25	0.0166836995820292	0.794708198677077	0.00672580940528236	12.9710959517353	0.360844404728319
18.375	5.25	0.0221422875331766	0.79358934991665	0.00741592448510443	12.8991389768614	0.364392486896565
18.625	5.25	0.0289477192072822	0.792327373540061	0.00808876855023549	12.8265069564358	0.368816017484733
18.875	5.25	0.0373443517423009	0.79092355505128	0.00871508883792188	12.7530274668213	0.374273828632496
19.125	5.25	0.0476052434981201	0.789385599430763	0.00925971139354329	12.67849596617	0.380943408273778
19.375	5.25	0.0600318428338946	0.787728936068063	0.00968232216802069	12.6026718498743	0.389020697842031
19.625	5.25	0.0749514670763753	0.785977755271169	0.00993912978588793	12.5252745394824	0.398718453599644
19.875	5.25	0.0927111814372723	0.784165567140711	0.00998559401326051	12.4459799359641	0.410262267934227
20.125	5.25	0.113666226732567	0.782335076635822	0.00978029770730352	12.3644177712981	0.423883047376168
20.375	5.25	0.138160816772969	0.780537219913839	0.00928983743923835	12.2801706517883	0.43980453090243
20.625	5.25	0.16649922883399	0.778829309877568	0.00849430460525012	12.1927758725749	0.458224498742094
20.875	5.25	0.19890608198357	0.777272371463006	0.0073925656624951	12.1017313211615	0.479288953289321
21.125	5.25	0.235477008549413	0.775927858664658	0.00600623425923382	12.0065068466002	0.503060055557119
21.375	5.25	0.276124778035443	0.774853977059334	0.00438112433245897	11.9065621703024	0.529481105723038
21.625	5.25	0.320530786880131	0.774101773155101	0.00258524279133166	11.8013715816323	0.558345011472085
21.875	5.25	0.368115960792236	0.773711075643809	0.000703072284891156	11.6904542442524	0.589275374514953
22.125	5.25	0.418045785110087	0.773706438649297	-0.00117314691581193	11.5734071457329	0.621729760321556
22.375	5.25	0.469278879092773	0.774093537984554	-0.00295354715919612	11.449936091355	0.655031271410303
22.625	5.25	0.520657137196959	0.774856876417764	-0.0045601612439619	11.3198794153919	0.688427139178023
22.875	5.25	0.571021702909724	0.775959809240988	-0.00593404897437919	11.1832198472715	0.721164106891321
23.125	5.25	0.619329350474505	0.777347504190881	-0.00703896823895728	11.0400822416742	0.752564077808428
23.375	5.25	0.664743474365054	0.778952572531354	-0.00786147798858736	10.8907179515591	0.782083258337285
23.625	5.25	0.706683114659605	0.78070221369319	-0.00840814695457458	10.7354793671642	0.809344024528743
23.875	5.25	0.744827360200775	0.782525302556581	-0.00870096718501737	10.5747896246374	0.834137784130504
24.125	5.25	0.779084473129481	0.784358075876387	-0.00877211758407292	10.4091124154366	0.856404907534163
24.375	5.25	0.809540989750983	0.786147713981435	-0.00865900030640594	10.2389255814606	0.876201643338139
24.625	5.25	0.836405650987236	0.787853792381209	-0.00840013232050385	10.0647004658284	0.893663673141703
24.875	5.25	0.859958752803207	0.789448034212651	-0.00803214027663945	9.88688743456885	0.908973189322084
25.125	5.25	0.880512297031326	0.790912965523234	-0.00758785115438791	9.70590692744462	0.922332993070362
25.375	5.25	0.898382099851745	0.792240034166045	-0.00709531626824803	9.52214488375633	0.933948364903634
25.625	5.25	0.913870456456943	0.793427610042458	-0.00657754090952671	9.33595129593713	0.944015796697013
25.875	5.25	0.927256894039128	0.794479125366673	-0.00605268993246915	9.14764079596964	0.952716981125433
26.125	5.25	0.938794467013096	0.795401483269604	-0.0055345732163498	8.95749443006248	0.960216403558512
26.375	5.25	0.948709464868431	0.796203774127925	-0.00503326219643933	8.76576203134118	0.96666115216448
26.625	5.25	0.957202969219319	0.796896287102729	-0.00455573547682129	8.57266481254092	0.972181929992557
26.875	5.25	0.964453224161965	0.797489779298175	-0.00410649077977322	8.37839795754081	0.976894595705277
27.125	5.25	0.970618198079118	0.797994956711534	-0.00368808987981845	8.18313309625368	0.980901828751427
27.375	5.25	0.975838005643588	0.798422122168521	-0.00330162323838913	7.98702061289187	0.984294703668332
27.625	5.25	0.980237045178522	0.798780950760983	-0.00294709355649722	7.79019177476678	0.987154079366039
27.875	5.25	0.98392581592962	0.799080360030111	-0.00262372442771549	7.59276068747678	0.989551780354253
28.125	5.25	0.98700243727398	0.799328448758048	-0.0023302035112026	7.39482608994529	0.991551584228087
28.375	5.25	0.989553916897782	0.799532484074985	-0.00206487056475212	7.19647300427514	0.993210045983558
28.625	5.25	0.99165722116121	0.799698921450401	-0.00182586028408522	6.99777425394098	0.994577193754787
28.875	5.25	0.993380197118879	0.799833446037603	-0.00161120884913213	6.79879186131345	0.995697128127272
29.125	5.25	0.994782387426891	0.79994102689773	-0.00141893178967329	6.59957833291659	0.996608551827479
29.375	5.25	0.995915769800724	0.800025977985808	-0.00124707948400527	6.40017783865793	0.99734525037047
29.625	5.25	0.996825443504392	0.800092021575948	-0.00109377541498014	6.20062728972126	0.997936538277855
29.875	5.25	0.997550277392824	0.800142351153744	-0.000957241277855768	6.00095731888571	0.998407680305336
30.125	5.25	0.998123527629202	0.800179691809532	-0.000835812174379035	5.80119316664889	0.998780292958981
30.375	5.25	0.998573428399401	0.800206356905519	-0.00072794442648769	5.60135547656649	0.999072728459611
30.625	5.25	0.998923755626374	0.80022430032543	-0.000632217979729321	5.40146100354461	0.999300441157143
30.875	5.25	0.999194361643915	0.800235163998854	-0.000547334916812967	5.2015232393113	0.999476335068545
31.125	5.25	0.999401677783744	0.800240320663451	-0.000472115242409568	5.0015529598444	0.999611090559434
31.375	5.25	0.999559181627946	0.800240912018587	-0.000405490813956646	4.80155870005902	0.999713468058165
31.625	5.25	0.999677826073939	0.800237882553895	-0.000346498069253165	4.60154716149585	0.999790586948061
31.875	5.25	0.999766428181095	0.800232009417135	-0.000294270037276914	4.40152355905581	0.999848178317712
32.125	5.25	0.99983201687223	0.800223928719204	-0.000248028014098261	4.2014919129693	0.99989081096695
32.375	5.25	0.999880139803383	0.800214158659708	-0.000207073236693471	4.00145529215857	0.999922090872199
32.625	5.25	0.99991513091621	0.800203119799518	-0.000170778876302164	3.80141601495682	0.999944835095536
32.875	5.25	0.999940341139343	0.800191152726868	-0.000138582665850287	3.60137581281823	0.999961221740573
33.125	5.25	0.999958335207667	0.800178533298725	-0.000109980430595544	3.40133596223926	0.999972917884983
33.375	5.25	0.999971057527379	0.80016548563377	-8.45206789057266e-05	3.20129738967631	0.999981187392796
33.625	5.25	0.999979969559348	0.800152193113151	-6.18002420533559e-05	3.00126075383902	0.999986980213576
33.875	5.25	0.999986160740316	0.800138807784544	-4.14607921291978e-05	2.80122650937826	0.999991004481205
34.125	5.25	0.999990435122653	0.800125458666794	-2.31860127927047e-05	2.60119495562809	0.999993782829724
34.375	5.25	0.999993377172765	0.800112259365508	-6.6993209423137e-06	2.40116627360631	0.999995695162297
34.625	5.25	0.999995402362253	0.800099315002777	8.23768490906565e-06	2.20114055383388	0.999997011535464
34.875	5.25	0.999996800003352	0.80008672774388	2.18255953126737e-05	2.00111781671105	0.999997920002179
35.125	5.25	0.999997774743487	0.800074599435782	3.42258811326775e-05	1.80109802643151	0.999998553583267
35.375	5.25	0.999998486664923	0.800063029610649	4.55577836948945e-05	1.60108109924711	0.9999990163322
35.625	5.25	0.999999077912983	0.800052108035764	5.58940808784034e-05	1.40106690795167	0.999999400643439
35.875	5.25	0.999999662059661	0.800041903488256	6.52573993874856e-05	1.20105528694587	0.99999978033878
36.125	5.25	1.00000025496635	0.800032453908623	7.36195659163087e-05	1.00104604509876	1.00000016572813
36.375	5.25	1.00000066099403	0.800023765363997	8.0906763291079e-05	0.801038993711636	1.00000042964612
36.625	5.25	1.00000040380719	0.800015824656721	8.7012585360747e-05	0.601033989482464	1.00000026247467
36.875	5.25	0.999998878285407	0.800008619276985	9.18189307559504e-05	0.401030974154055	0.999999270885515
37.125	5.25	0.999995910985371	0.80000313007613	9.52203806283978e-05	0.201029968007262	0.999997342140491
37.375	5.25	0.99999271427751	0.399993787623159	9.71058245480001e-05	0.00103046847146115	0.999995264280381
0.125	5.75	-3.60142986118716e-12	0.400000799812909	-0.000123439980197856	18.0161691050687	0.349999999997659
0.375	5.75	-5.49422048201965e-12	0.80000245293903	-0.000123133113434033	17.9461689651167	0.349999999996429
0.625	5.75	-7.27014354466301e-12	0.800004262029499	-0.000122548282482898	17.8761686758502	0.349999999995274
0.875	5.75	-6.43000590978297e-12	0.800006316742557	-0.000121739407622629	17.8061682193375	0.34999999999582
1.125	5.75	-2.50313335916514e-14	0.800008687764804	-0.000120778572260363	17.7361675705257	0.349999999999984
1.375	5.75	1.46078342084271e-11	0.800011423527409	-0.000119747670556907	17.6661666991122	0.350000000009495
1.625	5.75	3.84950926432478e-11	0.800014549889669	-0.000118730094628131	17.596165571568	0.350000000025022
1.875	5.75	6.92773430631697e-11	0.800018072314347	-0.000117803668648258	17.5261641530647	0.35000000004503
2.125	5.75	9.94969334497006e-11	0.80002197973685	-0.000117035522584966	17.4561624091181	0.350000000064673
2.375	5.75	1.15574465026692e-10	0.800026249259642	-0.000116479089649611	17.3861603068381	0.350000000075123
2.625	5.75	9.82545197733967e-11	0.800030850915261	-0.000116173029440159	17.3161578157511	0.350000000063865
2.875	5.75	2.5270945718841e-11	0.80003575195281	-0.000116141659225589	17.2461549082161	0.350000000016426
3.125	5.75	-1.23243400406155e-10	0.800040920333132	-0.000116396402650964	17.1761515594969	0.349999999919892
3.375	5.75	-3.56502110804967e-10	0.800046327316252	-0.000116937794755858	17.1061477475647	0.349999999768274
3.625	5.75	-6.62486515271722e-10	0.800051949172749	-0.000117757667872428	17.0361434527148	0.349999999569384
3.875	5.75	-9.96398444659531e-10	0.80005776813805	-0.00011884124989833	16.9661386570682	0.349999999352341
4.125	5.75	-1.27057080925474e-09	0.800063772769376	-0.000120169005298111	16.8961333440174	0.349999999174129
4.375	5.75	-1.34951549200333e-09	0.800069957871931	-0.00012171813412779	16.8261274976629	0.349999999122815
4.625	5.75	-1.05498598817528e-09	0.800076324143799	-0.000123463702627933	16.7561211022713	0.349999999314259
4.875	5.75	-1.86590538569811e-10	0.800082877664496	-0.000125379420258331	16.6861141417745	0.349999999878716
5.125	5.75	1.43705055498513e-09	0.800089629320177	-0.000127438098586846	16.616106599323	0.350000000934083
5.375	5.75	3.91397154932494e-09	0.800096594233109	-0.000129611837868916	16.5460984568966	0.350000002544081
5.625	5.75	7.17321963704061e-09	0.800103791237112	-0.00013187198631386	16.4760896949739	0.350000004662593
5.875	5.75	1.08762700923232e-08	0.800111242423635	-0.000134188913281224	16.4060802922572	0.350000007069576
6.125	5.75	1.43217454488143e-08	0.80011897276624	-0.000136531628901166	16.3360702254471	0.350000009309135
6.375	5.75	1.63779281802178e-08	0.800127009823817	-0.00013886727513775	16.266059469058	0.350000010645653
6.625	5.75	1.54747886588131e-08	0.80013538351337	-0.000141160503392976	16.1960479952619	0.350000010058613
6.875	5.75	9.69184188021049e-09	0.800144125939441	-0.000143372746459119	16.1260357737462	0.350000006299697
7.125	5.75	-3.0216606296747e-09	0.800153271264025	-0.000145461384633706	16.0560227715639	0.349999998035921
7.375	5.75	-2.44636040546386e-08	0.800162855598371	-0.000147378799444771	15.9860089529573	0.349999984098657
7.625	5.75	-5.56157981860917e-08	0.800172916896838	-0.000149071301986197	15.9159942791279	0.349999963849731
7.875	5.75	-9.59055364069908e-08	0.800183494831145	-0.000150477917409967	15.8459787079312	0.349999937661401
8.125	5.75	-1.42327830659077e-07	0.800194630622567	-0.000151529001325135	15.7759621934774	0.34999990748691
8.375	5.75	-1.8850423507122e-07	0.80020636680721	-0.000152144658450352	15.7059446856268	0.349999877472247
8.625	5.75	-2.23802490706151e-07	0.800218746907123	-0.000152232927334425	15.6359261293871	0.349999854528381
8.875	5.75	-2.32696607158202e-07	0.800231814976646	-0.000151687688395318	15.5659064642373	0.349999848747205
9.125	5.75	-1.9460741836672e-07	0.800245614988811	-0.000150386243719713	15.4958856234373	0.349999873505178
9.375	5.75	-8.45258830106283e-08	0.800260190021128	-0.000148186507148823	15.4258635334186	0.349999945058176
9.625	5.75	1.25219745360242e-07	0.800275581193409	-0.000144923729697992	15.3558401133972	0.350000081392834
9.875	5.75	4.61644546074849e-07	0.800291826302869	-0.000140406669237395	15.2858152754104	0.350000300068955
10.125	5.75	9.45804203965984e-07	0.800308958092991	-0.000134413092017622	15.2157889250317	0.350000614772733
10.375	5.75	1.5850979937752e-06	0.800327002083472	-0.000126684467563388	15.1457609630892	0.350001030313696
10.625	5.75	2.36285551426654e-06	0.800345973876937	-0.000116919686123892	15.0757312887632	0.350001535856084
10.875	5.75	3.22507606100645e-06	0.800365875845961	-0.000104767589755251	15.0056998044841	0.35000209629944
11.125	5.75	4.06452185163436e-06	0.800386693084724	-8.98180643463962e-05	14.9356664230604	0.350002641939204
11.375	5.75	4.70288340833406e-06	0.800408388488003	-7.15913923924947e-05	14.8656310774238	0.350003056874215
11.625	5.75	4.87247933014952e-06	0.800430896785042	-4.95255183921632e-05	14.7955937332601	0.350003167111565
11.875	5.75	4.19995718157723e-06	0.800454117311801	-2.29608363973771e-05	14.7255544045621	0.350002729972168
12.125	5.75	2.19574371015967e-06	0.800477905241804	8.87792018078257e-06	14.6555131717688	0.350001427233412
12.375	5.75	-1.74545973353714e-06	0.800502060915955	4.69031107678713e-05	14.5854702016022	0.349998865451173
12.625	5.75	-8.32607448665751e-06	0.800526316811782	9.2189329824345e-05	14.51542576695	0.349994588051584
12.875	5.75	-1.82999795145191e-05	0.800550321576415	0.000146002552380328	14.4453802641469	0.349988105013316
13.125	5.75	-3.23889482699825e-05	0.800573620421581	0.000209833398492224	14.3753342237716	0.349978947183625
13.375	5.75	-5.11486664847732e-05	0.80059563105625	0.000285434344185004	14.3052883096148	0.349966753366785
13.625	5.75	-7.47705359798537e-05	0.800615614233067	0.00037486027883963	14.2352432988162	0.349951399151613
13.875	5.75	-0.000102804835588665	0.800632637934988	0.000480511206619271	14.1652000343961	0.349933176856867
14.125	5.75	-0.000133791029017239	0.800645534262972	0.000605175080329512	14.0951593395943	0.349913035831139
14.375	5.75	-0.000164782242648067	0.800652848248787	0.000752067706803918	14.0251218817084	0.349892891542279
14.625	5.75	-0.000190753257449161	0.800652778150769	0.000924865347994942	13.9550879716182	0.349876010382658
14.875	5.75	-0.000203884718582433	0.800643107350933	0.00112772404398193	13.8850572840201	0.349867474932921
15.125	5.75	-0.000192720466817851	0.800621128802589	0.00136527780778999	13.8150284826962	0.349874731696568
15.375	5.75	-0.000141199584995886	0.800583564128406	0.00164260571631898	13.7449987349805	0.349908220269753
15.625	5.75	-2.75694385028471e-05	0.800526480969184	0.00196515562343362	13.6749630999737	0.349982079864973
15.875	5.75	0.000176809917971962	0.800445214052779	0.00233860988719919	13.6049137759638	0.350114926446682
16.125	5.75	0.000508756710414596	0.800334297678836	0.00276867635960686	13.5348391937882	0.350330691861769
16.375	5.75	0.00101463940917287	0.800187419848956	0.00326078627808426	13.4647229443416	0.350659515615962
16.625	5.75	0.00175181630976293	0.799997411006129	0.00381968012275624	13.3945425298128	0.351138680601346
16.875	5.75	0.00279013257010552	0.799756283098711	0.00444886365380469	13.3242679292547	0.351813586170569
17.125	5.75	0.0042134696195957	0.799455337158416	0.00514992013675644	13.2538599694686	0.352738755252737
17.375	5.75	0.00612134786843535	0.79908535934421	0.00592167236865737	13.1832684917277	0.353978876114483
17.625	5.75	0.00863058890512044	0.798636925845462	0.00675920093742242	13.112430303551	0.355609882788328
17.875	5.75	0.0118770451313497	0.798100835346312	0.0076527447549458	13.0412669027933	0.357720079335377
18.125	5.75	0.0160173988029348	0.79746868291964	0.00858653786837403	12.9696819594156	0.360411309221908
18.375	5.75	0.021231012314712	0.796733580105912	0.00953767408877061	12.8975585397672	0.363800158004563
18.625	5.75	0.0277217678305216	0.795891011448336	0.0104751383205945	12.8247560613458	0.368019149089839
18.875	5.75	0.0357197535767526	0.794939797215704	0.0113591988533296	12.7511069765534	0.373217839824889
19.125	5.75	0.0454825184306965	0.793883105763343	0.0121414128908015	12.6764132076797	0.379563636979953
19.375	5.75	0.0572954048626341	0.792729429111693	0.0127655469849722	12.6004424004729	0.387242013160712
19.625	5.75	0.071470164074825	0.791493406780048	0.0131697350916409	12.5229241411939	0.396455606648636
19.875	5.75	0.088340652753108	0.790196363898707	0.013290159667055	12.4435464047662	0.40742142428952
20.125	5.75	0.108253944614584	0.788866430766195	0.0130664068539076	12.3619526809932	0.42036506399948
20.375	5.75	0.131554776835803	0.787538141803018	0.0124483773473469	12.2777404649404	0.435510604943272
20.625	5.75	0.1585611301389	0.78625147349468	0.0114042147990466	12.1904620789216	0.453064734590285
20.875	5.75	0.189529298358846	0.785050357521076	0.00992818622224719	12.0996290617938	0.47319404393325
21.125	5.75	0.224608517676087	0.783980760431124	0.00804694900977114	12.0047215069293	0.495995536489456
21.375	5.75	0.26378845301657	0.783088412176936	0.0058223971356818	11.9052035878391	0.521462494460771
21.625	5.75	0.306847394783855	0.782416182350417	0.00334955050082445	11.8005458938292	0.549450806609506
21.875	5.75	0.353313688586105	0.782001013028763	0.000748867068372478	11.6902539922392	0.579653897580968
22.125	5.75	0.402455314635791	0.781870365117457	-0.00184623729615619	11.5739009322987	0.611595954513264
22.375	5.75	0.453309868922512	0.782038439920007	-0.00430445510987795	11.4511596225381	0.644651414799633
22.625	5.75	0.504758162614505	0.782502928785655	-0.00651119719803259	11.3218298457857	0.678092805699428
22.875	5.75	0.555631353183974	0.783243401226867	-0.00837984219616291	11.1858548265913	0.711160379569583
23.125	5.75	0.60482953429408	0.784222291856734	-0.00985776903016407	11.043324016238	0.743139197291152
23.375	5.75	0.651425199118649	0.78538870535511	-0.0109267975007129	10.8944616724892	0.773426379427122
23.625	5.75	0.694730501592262	0.786684282215212	-0.0115989878733638	10.7396038533665	0.80157482603497
23.875	5.75	0.734319805025955	0.788049703690276	-0.0119095212642034	10.5791685230889	0.827307873266871
24.125	5.75	0.770012308736401	0.789430382376791	-0.0119085156784965	10.4136240004663	0.850508000678661
24.375	5.75	0.801828136167951	0.790780389001919	-0.0116532906018941	10.2434601046242	0.871188288509168
24.625	5.75	0.829933327870064	0.792064353118798	-0.0112020317063441	10.0691647035636	0.889456663115542
24.875	5.75	0.854586256659749	0.793257620442715	-0.0106092484574729	9.89120665659188	0.905481066828837
25.125	5.75	0.876092963761688	0.794345215027691	-0.00992299183103543	9.71002483581669	0.919460426445097
25.375	5.75	0.894774198970003	0.795320173726643	-0.00918354703310924	9.52602217220644	0.931603229330502
25.625	5.75	0.910943704233626	0.796181700277242	-0.00842321649546914	9.33956342560981	0.942113407751857
25.875	5.75	0.924895637272569	0.796933426352924	-0.00766681438113634	9.15097545585442	0.95118216422717
26.125	5.75	0.936898586663856	0.797581926437556	-0.00693255673309344	8.96054900621952	0.958984081331506
26.375	5.75	0.947193869418899	0.798135534236961	-0.00623311376594413	8.76854128170457	0.965676015122284
26.625	5.75	0.955996319241478	0.798603449631684	-0.00557666949584482	8.57517884657636	0.971397607506961
26.875	5.75	0.96349632008398	0.798995096870542	-0.0049678979380287	8.38066055311481	0.976272608054587
27.125	5.75	0.96986229862126	0.799319685722694	-0.00440881165649195	8.18516034470542	0.980410494103819
27.375	5.75	0.975243227540986	0.799585928882141	-0.00389946916332374	7.98882986081892	0.983908097901641
27.625	5.75	0.979770918040081	0.799801875236788	-0.00343854595267071	7.79180082127577	0.986851096726053
27.875	5.75	0.983562019107908	0.799974826296481	-0.00302378343826576	7.59418719375256	0.98931531242014
28.125	5.75	0.986719719011856	0.800111310411971	-0.00265233382694767	7.39608716049877	0.991367817357707
28.375	5.75	0.989335182432604	0.800217095701917	-0.00232101932179441	7.19758490386282	0.993067868581193
28.625	5.75	0.991488770716913	0.800297227670524	-0.00202652260140347	6.99875222951011	0.994467700965993
28.875	5.75	0.993251093377077	0.800356081429742	-0.00176552328209002	6.79965004362321	0.9956132106951
29.125	5.75	0.994683933007784	0.800397421415363	-0.00153479263590058	6.60032969731467	0.99654455645506
29.375	5.75	0.995841077243397	0.800424463700383	-0.00133125653015349	6.40083420868703	0.997296700208208
29.625	5.75	0.996769082512205	0.800439937633541	-0.0011520345210591	6.20119937076142	0.997899903632933
29.875	5.75	0.997507986340354	0.800446144709329	-0.000994461321459858	6.00145475194457	0.99838019112123
30.125	5.75	0.998091978348223	0.800445013418869	-0.000856095463148351	5.80162459476552	0.998759785926345
30.375	5.75	0.998550035019047	0.800438149424621	-0.000734718854084359	5.60172861817623	0.99905752276238
30.625	5.75	0.998906519743171	0.800426880811177	-0.000628330047256243	5.40178272864093	0.999289237833061
30.875	5.75	0.999181747374959	0.80041229843878	-0.000535133347028387	5.20179964540645	0.999468135793723
31.125	5.75	0.999392511352553	0.800395291604621	-0.000453525340909671	5.00178944563357	0.99960513237916
31.375	5.75	0.999552571079738	0.800376579328017	-0.000382080026278156	4.80176003538206	0.99970917120183
31.625	5.75	0.99967309752647	0.800356737641052	-0.00031953337787863	4.6017175527095	0.999787513392205
31.875	5.75	0.999763075675692	0.800336223298381	-0.000264767955650282	4.40166670931489	0.9998459991892
32.125	5.75	0.999829663371208	0.800315394324773	-0.000216797973606178	4.2016110772036	0.999889281191285
32.375	5.75	0.999878507171424	0.800294527796389	-0.000174755131281613	4.00155332675573	0.999921029661426
32.625	5.75	0.999914016859635	0.800273835201449	-0.000137875439166881	3.80149542234747	0.999944110958763
32.875	5.75	0.999939601161882	0.800253475653732	-0.000105487230616476	3.60143878132326	0.999960740755223
33.125	5.75	0.999957867833021	0.800233567154991	-7.70005200098035e-05	3.40138440167842	0.999972614091464
33.375	5.75	0.999970791487195	0.800214196047618	-5.18978145621179e-05	3.20133296333582	0.999981014466677
33.625	5.75	0.999979852393939	0.800195424794334	-2.97264014499903e-05	3.00128490743017	0.99998690405606
33.875	5.75	0.999986149165008	0.800177298274068	-1.00920213512185e-05	2.80124049757828	0.999990996957256
34.125	5.75	0.999990488244569	0.800159848856547	7.34626328547696e-06	2.60119986669367	0.99999381735897
34.375	5.75	0.999993453806429	0.800143100527012	2.28802503867232e-05	2.4011630524343	0.999995744974179
34.625	5.75	0.999995463043096	0.800127072172152	3.67560556683621e-05	2.2011300237684	0.999997050978012
34.875	5.75	0.999996812941252	0.800111779765894	4.91769915075175e-05	2.00110070039433	0.999997928411814
35.125	5.75	0.99999772340002	0.800097236739993	6.03059332046461e-05	1.80107496604477	0.999998520210013
35.375	5.75	0.999998375621743	0.800083451672992	7.02672292001304e-05	1.60105267650539	0.999998944154133
35.625	5.75	0.999998933890454	0.800070423140014	7.91483238684095e-05	1.40103366408943	0.999999307028795
35.875	5.75	0.999999528612055	0.800058133506407	8.70014966780585e-05	1.20101774256722	0.999999693597836
36.125	5.75	1.00000018216388	0.800046546143954	9.38464224317809e-05	1.001004719153	1.00000011840652
36.375	5.75	1.00000069416136	0.800035611996998	9.96744859950229e-05	0.800994420105478	1.00000045120489
36.625	5.75	1.00000057615016	0.800025288137856	0.000104455666921862	0.60098672926137	1.0000003744976
36.875	5.75	0.999999208725354	0.800015559344818	0.000108147917938443	0.400981621335041	0.99999948567148
37.125	5.75	0.999996400189886	0.800007393397601	0.000110706830809399	0.200979148814353	0.999997660123426
37.375	5.75	0.999993323833833	0.399995435865539	0.000112064542673568	0.00097885394445212	0.999995660491991
0.125	6.25	-3.59397036839677e-12	0.40000099968418	-0.000127038978004936	18.0161909862627	0.349999999997664
0.375	6.25	-5.49866404957904e-12	0.800003032708601	-0.000126906413814307	17.9461908113329	0.349999999996426
0.625	6.25	-7.30421915012252e-12	0.800005164490283	-0.00012665672226614	17.8761904555837	0.349999999995252
0.875	6.25	-6.51370893833512e-12	0.800007453834232	-0.000126319077701442	17.8061899076217	0.349999999995766
1.125	6.25	-1.72132164459289e-13	0.800009950020214	-0.000125933314827353	17.7361891512661	0.349999999999888
1.375	6.25	1.44028164372345e-11	0.800012690803463	-0.000125546018311275	17.6661881664991	0.350000000009362
1.625	6.25	3.82722255851426e-11	0.800015701763335	-0.000125206394852436	17.5961869305318	0.350000000024877
1.875	6.25	6.91244142987212e-11	0.800018996886329	-0.000124962475083025	17.5261854188699	0.350000000044931
2.125	6.25	9.95541315441406e-11	0.800022580111008	-0.000124858030838699	17.4561836062775	0.35000000006471
2.375	6.25	1.16024365568848e-10	0.800026447484285	-0.000124930402318513	17.3861814675728	0.350000000075416
2.625	6.25	9.92934924948015e-11	0.800030589581918	-0.000125209256555371	17.3161789782154	0.350000000064541
2.875	6.25	2.70617589782366e-11	0.800034993899454	-0.000125716172189846	17.2461761146777	0.35000000001759
3.125	6.25	-1.20635820056868e-10	0.800039647004067	-0.000126464873507695	17.1761728546134	0.349999999921587
3.375	6.25	-3.53191370376569e-10	0.800044536323734	-0.000127461911916997	17.1061691768508	0.349999999770426
3.625	6.25	-6.58865032915613e-10	0.800049651526617	-0.000128707603421364	17.0361650612462	0.349999999571738
3.875	6.25	-9.93259001744688e-10	0.800054985499545	-0.000130197061226415	16.966160488433	0.349999999354382
4.125	6.25	-1.26923645019923e-09	0.800060534972707	-0.000131921202262971	16.8961554395006	0.349999999174996
4.375	6.25	-1.35193477382254e-09	0.800066300855866	-0.000133867644215457	16.8261498956322	0.349999999121242
4.625	6.25	-1.0637143511515e-09	0.800072288358597	-0.000136021444523901	16.7561438377228	0.349999999308586
4.875	6.25	-2.04555447766412e-10	0.800078506962683	-0.000138365658532142	16.6861372459977	0.349999999867039
5.125	6.25	1.40709561784036e-09	0.800084970306103	-0.000140881712211802	16.6161300996407	0.350000000914612
5.375	6.25	3.87035952934056e-09	0.800091696027661	-0.000143549596941801	16.5461223764432	0.350000002515734
5.625	6.25	7.11664702289774e-09	0.800098705609457	-0.000146347899211854	16.4761140524766	0.350000004625821
5.875	6.25	1.08113786977516e-08	0.800106024243665	-0.00014925367997837	16.4061051017905	0.350000007027396
6.125	6.25	1.42588928025455e-08	0.800113680740607	-0.000152242217581058	16.3360954961347	0.35000000926828
6.375	6.25	1.63349665607122e-08	0.800121707488464	-0.000155286623916799	16.2660852046982	0.350000010617728
6.625	6.25	1.54785855175726e-08	0.800130140468387	-0.000158357340396063	16.196074193855	0.350000010061081
6.875	6.25	9.77914874675442e-09	0.800139019324508	-0.00016142151459777	16.1260624269033	0.350000006356447
7.125	6.25	-2.80456083137644e-09	0.80014838748497	-0.000164442253551542	16.0560498637764	0.349999998177035
7.375	6.25	-2.40632808622955e-08	0.800158292328245	-0.000167377744346605	15.9860364607034	0.349999984358867
7.625	6.25	-5.49772044055881e-08	0.800168785386618	-0.000170180226807668	15.9160221697922	0.349999964264817
7.875	6.25	-9.49821621874106e-08	0.800179922578018	-0.000172794797888607	15.8460069385086	0.349999938261595
8.125	6.25	-1.41098326521351e-07	0.800191764456963	-0.000175158020704191	15.7759907090283	0.349999908286088
8.375	6.25	-1.86997627086597e-07	0.800204376473324	-0.000177196304674009	15.7059734174455	0.349999878451542
8.625	6.25	-2.22134115817368e-07	0.800217829227782	-0.000178824015439409	15.6359549928364	0.349999855612825
8.875	6.25	-2.31116344098671e-07	0.80023219871065	-0.000179941264014867	15.5659353561973	0.349999849774376
9.125	6.25	-1.93560276259157e-07	0.800247566508977	-0.000180431313815988	15.4959144193032	0.34999987418582
9.375	6.25	-8.47220163233391e-08	0.800264019964791	-0.000180157530297163	15.425892083571	0.349999944930689
9.625	6.25	1.22733601130317e-07	0.800281652264336	-0.000178959781337938	15.3558682390544	0.350000079776841
9.875	6.25	4.55427982050252e-07	0.800300562435622	-0.000176650174866929	15.2858427637517	0.350000296028188
10.125	6.25	9.34007060971056e-07	0.800320855229108	-0.000173007993992648	15.2158155234609	0.35000060710459
10.375	6.25	1.56552614322434e-06	0.80034264085396	-0.000167773657418154	15.1457863724759	0.350001017591993
10.625	6.25	2.33317622992629e-06	0.800366034540397	-0.000160641493287986	15.0757551554695	0.350001516564549
10.875	6.25	3.18323873668455e-06	0.800391155895646	-0.000151251068693549	15.0057217109383	0.350002069105179
11.125	6.25	4.00948585647921e-06	0.8004181280168	-0.000139176764375797	14.9356858765931	0.350002606165807
11.375	6.25	4.63575372817931e-06	0.80044707631509	-0.000123915226749601	14.8656474970187	0.350003013239923
11.625	6.25	4.79814446057565e-06	0.800478126990874	-0.000104870271993399	14.7956064338058	0.350003118793899
11.875	6.25	4.12929142014311e-06	0.80051140507208	-8.13347630867112e-05	14.725562578113	0.350002684039423
12.125	6.25	2.14836272911012e-06	0.800547031889072	-5.24689423232958e-05	14.6555158652411	0.350001396435774
12.375	6.25	-1.73803418730563e-06	0.800585121800727	-1.72746886009977e-05	14.585466290246	0.349998870277778
12.625	6.25	-8.21720053250085e-06	0.800625777907721	2.54348000418465e-05	14.5154139228607	0.349994658819654
12.875	6.25	-1.8025316028129e-05	0.800669086392011	7.70703020251009e-05	14.4453589190169	0.349988283544582
13.125	6.25	-3.18656573348863e-05	0.800715109006126	0.000139307060420498	14.375301525052	0.349979287322732
13.375	6.25	-5.027817367418e-05	0.800763873113159	0.000214130364411575	14.305242069273	0.349967319187112
13.625	6.25	-7.34474495589065e-05	0.800815358559931	0.000303885647776261	14.2351809339677	0.349952259157787
13.875	6.25	-0.000100935668441653	0.800869480570355	0.000411331847047864	14.1651184992769	0.349934391815513
14.125	6.25	-0.000131327641268169	0.800926067799435	0.000539695832150639	14.0950550486656	0.349914637033176
14.375	6.25	-0.000161776428810383	0.800984834718517	0.000692724501391957	14.024990624176	0.349894845321273
14.625	6.25	-0.000187440621444458	0.801045347640905	0.000874729581305839	13.9549248183432	0.349878163596061
14.875	6.25	-0.000200807873483949	0.801106983978216	0.00109061826619022	13.8848564887342	0.349869474882235
15.125	6.25	-0.000190903599154487	0.801168884769611	0.00134590056663852	13.8147833806438	0.34987591266055
15.375	6.25	-0.000142388445480973	0.801229901171612	0.00164666164383993	13.7447016436151	0.349907447510437
15.625	6.25	-3.45527462870564e-05	0.801288536447903	0.00199948457205256	13.6746052281612	0.349977540714913
15.875	6.25	0.000159779981483321	0.801342886053825	0.00241130605910567	13.6044851502862	0.350103856987964
16.125	6.25	0.000475425951268405	0.801390579642197	0.00288918493457519	13.5343286129936	0.350309026868324
16.375	6.25	0.000956075340498828	0.801428730179838	0.00343996110335072	13.4641179757159	0.350621448971324
16.625	6.25	0.00165557456630434	0.801453896773017	0.0040697817529728	13.3938295642176	0.351076123468098
16.875	6.25	0.00263924762932752	0.801462069138498	0.00478347271792967	13.323432314702	0.351715510959063
17.125	6.25	0.00398525411402565	0.801448682761737	0.005583737112278	13.2528862462931	0.352590415174117
17.375	6.25	0.00578598954049261	0.801408674444659	0.00647017198524431	13.1821407555241	0.35376089320132
17.625	6.25	0.00814954208301909	0.801336587907867	0.0074381084149792	13.1111327248342	0.355297202353962
17.875	6.25	0.0112012260431592	0.801226738073661	0.00847730287601947	13.0397844344668	0.357280796928053
18.125	6.25	0.0150852135356837	0.801073440301491	0.0095705396061781	12.9680012640155	0.359805388798194
18.375	6.25	0.0199662764722066	0.800871306880307	0.0106922463838478	12.8956691671553	0.362978079706934
18.625	6.25	0.0260316232947903	0.800615607308206	0.0118072799348335	12.8226519025795	0.366920555141614
18.875	6.25	0.0334927574119149	0.800302681359764	0.0128701004458123	12.7487880088	0.371770292317745
19.125	6.25	0.0425871804863625	0.799930385149625	0.0138246221199968	12.6738875249747	0.377681667316136
19.375	6.25	0.053579592285374	0.799498541575254	0.0146050872512636	12.5977284914038	0.384826734985493
19.625	6.25	0.0667619761987033	0.799009359900418	0.0151383449919569	12.5200533218139	0.393395284529157
19.875	6.25	0.0824515886364786	0.798467788124781	0.0153478913741567	12.4405652378335	0.403593532613711
20.125	6.25	0.100985399488935	0.797881769887503	0.01515990097293	12.3589251079971	0.415640509667808
20.375	6.25	0.122709026304821	0.79726239702828	0.0145112048902772	12.2747492490926	0.429760867098134
20.625	6.25	0.147957838538427	0.796623975887928	0.0133587124427805	12.1876090226759	0.446172595049977
20.875	6.25	0.17702800123527	0.795984045308246	0.0116891572725764	12.0970333602227	0.465068200802926
21.125	6.25	0.210136249069711	0.79536336915538	0.00952739681576125	12.002515593451	0.486588561895312
21.375	6.25	0.247369625726308	0.794785844230855	0.00694105910026694	11.9035260062012	0.5107902567221
21.625	6.25	0.288630484648521	0.794278109222047	0.00403944362344899	11.7995311660297	0.537609815021539
21.875	6.25	0.33358711147683	0.793868473572077	0.000965493934198454	11.6900201581473	0.566831622459939
22.125	6.25	0.381644547077257	0.79358475412154	-0.00211868619380357	11.5745362945935	0.598068955600217
22.375	6.25	0.43195069424203	0.793450878328151	-0.00505039368812241	11.4527109620235	0.63076795125732
22.625	6.25	0.48344706582214	0.793482709532204	-0.00768520792111041	11.3242946089596	0.664240592784391
22.875	6.25	0.534961628832054	0.79368421515324	-0.00991225154036835	11.1891792566283	0.697725058740835
23.125	6.25	0.585327142999132	0.794045376421446	-0.0116630117537891	11.0474079338585	0.730462642949436
23.375	6.25	0.633498820766002	0.794542812233307	-0.0129128210707306	10.8991690226433	0.761774233497901
23.625	6.25	0.678645232872521	0.795143104749886	-0.0136759891773853	10.7447768215549	0.791119401367139
23.875	6.25	0.720196146054807	0.795807821620565	-0.0139967899481443	10.584642463115	0.818127494935625
24.125	6.25	0.757845199159586	0.796498766361773	-0.0139388208401725	10.4192407011467	0.842599379453731
24.375	6.25	0.79151731399773	0.797182196788024	-0.0135748461845847	10.2490777897	0.864486254098524
24.625	6.25	0.82131643159978	0.797831368729986	-0.0129784733237148	10.0746641856231	0.883855680539857
24.875	6.25	0.847468516255288	0.798427399705095	-0.0122182264887171	9.8964939063545	0.900854535565937
25.125	6.25	0.870270345183752	0.798958852306081	-0.0113539810659149	9.71503072405155	0.915675724369439
25.375	6.25	0.890049336641743	0.79942056462711	-0.0104353653861414	9.53070030427769	0.928532068817133
25.625	6.25	0.907135462725419	0.799812190185912	-0.00950159994274917	9.34388691973378	0.939638050771523
25.875	6.25	0.92184377760203	0.800136764684282	-0.00858225622843703	9.15493333182475	0.949198455441319
26.125	6.25	0.934465065134521	0.80039947162056	-0.00769850848301855	8.96414264053871	0.957402292337439
26.375	6.25	0.945262056096186	0.800606669884238	-0.00686456793594725	8.7717811989046	0.964420336462521
26.625	6.25	0.954469091457666	0.800765179986008	-0.00608909825890465	8.57808197522746	0.970404909447483
26.875	6.25	0.962293674743858	0.800881793005943	-0.00537649819436877	8.38324797968409	0.975490888583508
27.125	6.25	0.968918880127985	0.800962955819008	-0.00472799952709935	8.18745554112702	0.97979727208319
27.375	6.25	0.974505992401042	0.801014587672383	-0.00414256861645349	7.9908573320353	0.983428895060677
27.625	6.25	0.979197042036066	0.80104198997347	-0.00361762275627955	7.79358510766972	0.986478077323443
27.875	6.25	0.983117082930529	0.801049819293101	-0.0031495838961811	7.59575216299889	0.989026103904844
28.125	6.25	0.986376169072475	0.801042101175759	-0.00273429606595912	7.39745552881822	0.991144509897109
28.375	6.25	0.989071044023261	0.80102226864433	-0.00236733236697187	7.19877793467626	0.992896178615119
28.625	6.25	0.99128658283141	0.80099321417546	-0.00204421476091733	6.99978956612072	0.994336278840417
28.875	6.25	0.993097033157208	0.800957347559594	-0.00176056641881802	6.80054964074331	0.995513071552185
29.125	6.25	0.994567099717655	0.800916654689111	-0.00151221284212639	6.60110782350971	0.996468614816476
29.375	6.25	0.995752909021877	0.800872754177012	-0.00129524471512068	6.40150549796916	0.99723939086422
29.625	6.25	0.996702882875971	0.800826949998821	-0.0011060526499658	6.20177690664409	0.997856873869381
29.875	6.25	0.997458540986189	0.800780279229721	-0.000941341673576301	6.00195017137107	0.998348051641023
30.125	6.25	0.998055246004304	0.800733554533921	-0.000798131445862223	5.80204820258296	0.998735909902797
30.375	6.25	0.998522898852336	0.800687401441009	-0.000673746731996296	5.60208950538224	0.999039884254018
30.625	6.25	0.99888658815611	0.800642290674888	-0.000565801509850301	5.40208888961232	0.999276282301471
30.875	6.25	0.999167194969794	0.800598565931109	-0.000472179214219072	5.20205809083873	0.999458676730366
31.125	6.25	0.999381952467971	0.800556467559597	-0.000391010946021666	5.00200630907242	0.999598269104181
31.375	6.25	0.9995449596713	0.800516152626968	-0.000320652960717131	4.80194067208861	0.999704223786345
31.625	6.25	0.999667648314749	0.800477711822839	-0.000259664359063807	4.60186663023304	0.999783971404587
31.875	6.25	0.999759202450318	0.800441183649087	-0.000206785607531676	4.40178828960054	0.999843481592706
32.125	6.25	0.999826931121545	0.800406566296305	-0.000160918295676374	4.20170869038097	0.999887505229004
32.375	6.25	0.999876595315262	0.800373827567567	-0.000121106380025638	4.00163003697451	0.99991978695492
32.625	6.25	0.999912691266996	0.800342913155664	-8.6519057625993e-05	3.80155388617849	0.999943249323547
32.875	6.25	0.999938692958312	0.800313753515699	-5.64353457611601e-05	3.6014812993521	0.999960150422903
33.125	6.25	0.999957257187951	0.80028626950732	-3.02304030049437e-05	3.40141296399772	0.999972217172168
33.375	6.25	0.999970394844513	0.800260376924421	-7.36359402463925e-06	3.20134928969365	0.999980756648933
33.625	6.25	0.999979611967782	0.80023599000416	1.26317391462854e-05	3.00129048280972	0.999986747779058
33.875	6.25	0.999986024028368	0.800213024021342	3.01568919047531e-05	2.80123660395758	0.999990915618439
34.125	6.25	0.999990446912836	0.800191397111428	4.55549595238733e-05	2.60118761165833	0.999993790493344
34.375	6.25	0.999993468705558	0.800171031470101	5.91167788115527e-05	2.40114339519765	0.999995754658613
34.625	6.25	0.999995507460581	0.800151853971487	7.10859324666157e-05	2.20110379901088	0.999997079849378
34.875	6.25	0.999996860845982	0.800133795991704	8.16631146818047e-05	2.00106864019443	0.999997959549888
35.125	6.25	0.999997751878693	0.80011679191899	9.1010122169618e-05	1.80103772006171	0.999998538721151
35.375	6.25	0.999998368799769	0.800100775795492	9.92536508284818e-05	1.60101083050156	0.99999893971985
35.625	6.25	0.999998886461966	0.800085676251099	0.000106488965022792	1.40098775684129	0.999999276200278
35.875	6.25	0.999999446990602	0.800071411669678	0.000112783416356669	1.20096828117506	0.999999640543891
36.125	6.25	1.00000008217975	0.800057889881835	0.000118179802353266	1.00095219267137	1.00000005341684
36.375	6.25	1.0000005960825	0.800045017655757	0.000122699732976233	0.800939311232329	1.00000038745362
36.625	6.25	1.00000049957139	0.800032721515559	0.000126347447445585	0.600929523581237	1.0000003247214
36.875	6.25	0.999999169616517	0.8000209695213	0.000129114597301877	0.400922813522938	0.999999460250736
37.125	6.25	0.999996408510723	0.800010703767723	0.000130985819765533	0.200919245731878	0.99999766553197
37.375	6.25	0.999993374182656	0.399996690828955	0.000131930663270603	0.000918386425254207	0.999995693218726
0.125	6.75	-3.59177414524788e-12	0.400001064941287	-0.000131168232628176	18.0162135671782	0.349999999997665
0.375	6.75	-5.51225447353854e-12	0.800003217450528	-0.000131148223664299	17.9462133808281	0.349999999996417
0.625	6.75	-7.35304672386658e-12	0.800005436701878	-0.000131116974303935	17.8762130041684	0.34999999999522
0.875	6.75	-6.61643942256729e-12	0.800007763557695	-0.000131091221048511	17.8062124294782	0.349999999995699
1.125	6.75	-3.36200178520822e-13	0.800010233884013	-0.000131094192210922	17.736211645647	0.349999999999781
1.375	6.75	1.41964127312291e-11	0.800012877367967	-0.000131153673903123	17.6662106386766	0.350000000009228
1.625	6.75	3.80853362326397e-11	0.800015716976742	-0.000131299880162261	17.5962093922604	0.350000000024755
1.875	6.75	6.90728203016469e-11	0.800018769042646	-0.000131563378852776	17.5262078883809	0.350000000044897
2.125	6.75	9.98048472319759e-11	0.800022043881893	-0.00013197327512657	17.4562061078739	0.350000000064873
2.375	6.75	1.16772172056855e-10	0.800025546806438	-0.000132555782442547	17.3862040309184	0.350000000075902
2.625	6.75	1.00715949231023e-10	0.800029279371887	-0.00013333323601282	17.3162016374241	0.350000000065465
2.875	6.75	2.92607338003543e-11	0.800033240713063	-0.000134323540138995	17.2461989073029	0.350000000019019
3.125	6.75	-1.17693800788369e-10	0.800037428845603	-0.00013553999403548	17.1761958206217	0.349999999923499
3.375	6.75	-3.49731618453032e-10	0.800041841846638	-0.000136991415793151	17.1061923576449	0.349999999772674
3.625	6.75	-6.55372579791459e-10	0.800046478863896	-0.000138682474333453	17.0361884987785	0.349999999574008
3.875	6.75	-9.90585765271274e-10	0.800051340931975	-0.000140614143557609	16.9661842244329	0.349999999356119
4.125	6.75	-1.2687595678e-09	0.80005643160091	-0.000142784204397617	16.8961795148216	0.349999999175306
4.375	6.75	-1.35572071912997e-09	0.80006175739651	-0.000145187736375661	16.8261743497115	0.349999999118781
4.625	6.75	-1.07456284938238e-09	0.800067328143677	-0.000147817555535432	16.7561687081391	0.349999999301534
4.875	6.75	-2.25741090707826e-10	0.800073157186025	-0.000150664570636566	16.6861625681057	0.349999999853268
5.125	6.75	1.37254815535642e-09	0.800079261537045	-0.000153718040726702	16.616155906261	0.350000000892156
5.375	6.75	3.82093074078511e-09	0.80008566199432	-0.00015696572572948	16.5461486975819	0.350000002483605
5.625	6.75	7.05403831335847e-09	0.800092383244394	-0.000160393927639889	16.476140915052	0.350000004585125
5.875	6.75	1.0742512455851e-08	0.800099453981687	-0.000163987422950737	16.4061325293451	0.350000006982633
6.125	6.75	1.41979614284012e-08	0.80010690705914	-0.000167729287448658	16.3361235085092	0.350000009228675
6.375	6.75	1.63052493375265e-08	0.80011477968552	-0.000171600614644678	16.2661138176477	0.350000010598412
6.625	6.75	1.55136702833608e-08	0.800123113678164	-0.000175580126506771	16.1961034185869	0.350000010083886
6.875	6.75	9.92304692739691e-09	0.800131955780578	-0.000179643672736625	16.1260922695156	0.35000000644998
7.125	6.75	-2.49913498801123e-09	0.800141358048796	-0.000183763611283074	16.0560803245741	0.349999998375562
7.375	6.75	-2.3539467355627e-08	0.800151378311115	-0.000187908058583863	15.9860675333701	0.349999984699346
7.625	6.75	-5.41826884582166e-08	0.800162080705022	-0.000192039993655034	15.9160538403886	0.349999964781253
7.875	6.75	-9.38835751921976e-08	0.800173536293926	-0.000196116194647451	15.8460391842692	0.349999938975676
8.125	6.75	-1.39703118208016e-07	0.800185823768312	-0.000200085980636699	15.7760234969195	0.349999909192973
8.375	6.75	-1.85385138379197e-07	0.800199030235674	-0.000203889724289567	15.706006702444	0.34999987949966
8.625	6.75	-2.20497140716099e-07	0.800213252105418	-0.000207457092917827	15.6359887158794	0.349999856676859
8.875	6.75	-2.29813341200471e-07	0.800228596075751	-0.000210704965043354	15.5659694417457	0.349999850621328
9.125	6.75	-1.93176207571973e-07	0.800245180231304	-0.000213534957580789	15.4959487724473	0.349999874435465
9.375	6.75	-8.61321037633059e-08	0.800263135262408	-0.000215830483316246	15.4259265865965	0.349999944014132
9.625	6.75	1.18308592895785e-07	0.800282605818745	-0.000217453239262107	15.3559027473664	0.350000076900585
9.875	6.75	4.46394454795387e-07	0.800303752014604	-0.00021823900310885	15.285877101034	0.350000290156396
10.125	6.75	9.1842965080935e-07	0.800326751107267	-0.000217992585867101	15.2158494759232	0.350000596979273
10.375	6.75	1.54126097916672e-06	0.800351799377875	-0.000216481753325566	15.1458196820067	0.350001001819636
10.625	6.75	2.29816552543697e-06	0.800379114252618	-0.000213429886742583	15.075787511474	0.350001493807591
10.875	6.75	3.13604119404064e-06	0.800408936713312	-0.000208507103615514	15.0057527405932	0.350002038426776
11.125	6.75	3.95012939336869e-06	0.800441534057625	-0.000201319503047928	14.93571513319	0.350002567584106
11.375	6.75	4.56700035210262e-06	0.80047720307927	-0.000191396139368955	14.8656744460031	0.350002968550229
11.625	6.75	4.72724363077071e-06	0.800516273743993	-0.000178173264391131	14.795630436036	0.35000307270836
11.875	6.75	4.07025655198661e-06	0.800559113435217	-0.000160975320136044	14.725582869778	0.350002645666759
12.125	6.75	2.12472033699012e-06	0.800606131827259	-0.000138992117018838	14.6555315337792	0.350001381068219
12.375	6.75	-1.69022141569543e-06	0.800657786412027	-0.000111251611588828	14.5854762455078	0.34999890135608
12.625	6.75	-8.04647068443809e-06	0.800714588650344	-7.65877174280183e-05	14.5154168626669	0.349994769794055
12.875	6.75	-1.76628893108728e-05	0.80077711063946	-3.3602668095556e-05	14.4453532881821	0.349988519121948
13.125	6.75	-3.12257431352005e-05	0.800845992083358	1.93763726123974e-05	14.3752854669008	0.349979703266962
13.375	6.75	-4.92624609987319e-05	0.800921947222536	8.43464535378368e-05	14.3052133686773	0.349967979400351
13.625	6.75	-7.19566260732641e-05	0.801005771231627	0.000163683261218408	14.2351369510168	0.349953228193052
13.875	6.75	-9.88919391758317e-05	0.80109834543466	0.000260199670130384	14.1650560928837	0.349935720239536
14.125	6.75	-0.000128713600037047	0.801200640531112	0.000377206312848674	14.0949704897485	0.349916336159976
14.375	6.75	-0.000158697276550556	0.801313716885536	0.000518570801847116	14.0248794985802	0.349896846770242
14.625	6.75	-0.000184218608988732	0.801438720825585	0.000688770614872028	13.954781920422	0.349880257904157
14.875	6.75	-0.000198119928224145	0.801576875828426	0.000892932645177422	13.8846757075432	0.349871222046654
15.125	6.75	-0.000189975301764432	0.801729467468673	0.00113685000910103	13.8145575820509	0.349876516053853
15.375	6.75	-0.000145259746285821	0.801897821050713	0.00142696392779109	13.744422553333	0.349905581164914
15.625	6.75	-4.44329076498371e-05	0.802083270954996	0.00177029544838365	13.6742633227882	0.349971118610028
15.875	6.75	0.000138048938271311	0.802287120875952	0.00217430861795474	13.6040695659033	0.350089731809876
16.125	6.75	0.000434776740172196	0.802510594300036	0.00264668376417861	13.5338270837013	0.350282604881112
16.375	6.75	0.000886472777123156	0.802754774735534	0.00319497721093764	13.4635168176573	0.35057620730513
16.625	6.75	0.00154310227004993	0.803020535335474	0.00382614269364907	13.3931137240612	0.351003016475532
16.875	6.75	0.00246500544869359	0.803308457625786	0.00454589078152463	13.3225855051424	0.351602253541651
17.125	6.75	0.00372405142176417	0.803618739052691	0.0053578668439999	13.2518911947116	0.352420633424147
17.375	6.75	0.00540482575884281	0.80395108902172	0.00626263683029685	13.1809795953292	0.353513136743248
17.625	6.75	0.00760587538354809	0.80430461307527	0.0072564848751063	13.1097875618571	0.354943818999306
17.875	6.75	0.0104410455229704	0.804677684980862	0.00833004911198883	13.0382381226791	0.356786679589931
18.125	6.75	0.0140409514526212	0.805067806983196	0.00946685360820609	12.9662384251029	0.359126618444204
18.375	6.75	0.0185546285579882	0.805471459609267	0.0106418362069264	12.8936774861185	0.362060508562692
18.625	6.75	0.024151391422895	0.805883944597506	0.0118200246055168	12.8204237250506	0.365698404424882
18.875	6.75	0.031022896308176	0.806299228221866	0.012955574933165	12.746322252965	0.370164882600314
19.125	6.75	0.0393853265160459	0.806709798037763	0.0139914542808187	12.6711918987684	0.37560046223543
19.375	6.75	0.0494814855637489	0.807106554476445	0.0148601121481533	12.594821969858	0.382162965616437
19.625	6.75	0.0615823619598537	0.80747877033096	0.0154855290794498	12.5169687850902	0.390028535273905
19.875	6.75	0.075987393982482	0.807814166421358	0.015787026404516	12.4373520925051	0.399391806088613
20.125	6.75	0.0930221979886605	0.808099170272553	0.0156851283233837	12.355651609467	0.410464428692629
20.375	6.75	0.113031953896703	0.808319444070274	0.0151095354902874	12.2715041143868	0.423470770032857
20.625	6.75	0.136368075267925	0.808460781201441	0.0140088510312225	12.1845017849664	0.438639248924151
20.875	6.75	0.163365478147437	0.808510461265845	0.0123610873678694	12.0941928038898	0.456187560795834
21.125	6.75	0.19430813268045	0.808459094034096	0.0101832587100704	12.0000855820436	0.476300286242293
21.375	6.75	0.229382205501919	0.808302839891575	0.00753775365340095	11.9016581598968	0.499098433576247
21.625	6.75	0.268619473752526	0.808045651977699	0.0045330407073403	11.7983742466919	0.524602657939142
21.875	6.75	0.311838769515526	0.807700890125616	0.00131694466287775	11.6897067171303	0.552695200185092
22.125	6.75	0.358598813484113	0.807291459166757	-0.00193764739726211	11.5751680501045	0.583089228764673
22.375	6.75	0.408179303411273	0.806847752941619	-0.00505261039425001	11.4543452463697	0.615316547217328
22.625	6.75	0.459605209691817	0.806403298868472	-0.00786599697319503	11.3269346701943	0.648743386299681
22.875	6.75	0.511719930219827	0.805988966623694	-0.010250402010377	11.1927708502242	0.682617954642887
23.125	6.75	0.563298102550361	0.805627438454819	-0.012124533503182	11.0518434079873	0.716143766657735
23.375	6.75	0.613174594535064	0.805329757299642	-0.013456355407004	10.9042983242514	0.748563486447791
23.625	6.75	0.660359858598053	0.805094980468598	-0.0142585273704546	10.7504231911736	0.779233908088734
23.875	6.75	0.70411702438404	0.804912698343315	-0.014578552623431	10.5906196792878	0.807676065849626
24.125	6.75	0.743989920901895	0.804767166616665	-0.0144866330727522	10.4253688398416	0.833593448586232
24.375	6.75	0.77978645616883	0.804641528086805	-0.0140638544364965	10.2551953702382	0.85686119650974
24.625	6.75	0.811531914791783	0.804521010145885	-0.0133924257451801	10.0806357987385	0.877495744614659
24.875	6.75	0.839409392267519	0.804394670325138	-0.0125487253470208	9.90221349927551	0.895616104973887
25.125	6.75	0.863701435292074	0.804255831938398	-0.0115991442902393	9.72042139873347	0.911405932939848
25.375	6.75	0.884741335694624	0.804101634395662	-0.0105982650414149	9.53571174185415	0.925081868201505
25.625	6.75	0.902877219207673	0.80393215088778	-0.00958873748602689	9.34849148886403	0.936870192484987
25.875	6.75	0.918448434520094	0.803749416651719	-0.00860222769473309	9.15912171879336	0.946991482438061
26.125	6.75	0.93177192447924	0.80355656875472	-0.00766092746157339	8.96791957465861	0.955651750911506
26.375	6.75	0.943135780653935	0.803357181206269	-0.00677925587129515	8.77516160958875	0.963038257425057
26.625	6.75	0.95279745848787	0.803154804349172	-0.0059655175273423	8.5810877365908	0.969318348017115
26.875	6.75	0.960984705048845	0.80295267981831	-0.00522338756888566	8.385905277498	0.974640058281749
27.125	6.75	0.967897850862316	0.802753589721836	-0.00455316778657675	8.18979282534659	0.979133603060505
27.375	6.75	0.973712616131322	0.802559799788778	-0.00395280503862857	7.99290378232586	0.982913200485359
27.625	6.75	0.978582946441783	0.802373063179908	-0.00341868941610911	7.79536952688169	0.986078915187159
27.875	6.75	0.982643635801716	0.802194659959033	-0.00294626178196952	7.59730221474945	0.988718363271115
28.125	6.75	0.986012643405696	0.802025454725922	-0.00253046375539452	7.3987972435894	0.990908218213703
28.375	6.75	0.988793093456326	0.801865960876976	-0.00216606178923789	7.19993541993588	0.992715510746612
28.625	6.75	0.991074988084009	0.801716404346103	-0.00184787323637277	7.00078486748321	0.994198742254606
28.875	6.75	0.992936678815572	0.801576782732223	-0.00157091776229726	6.801402711849	0.995408841230122
29.125	6.75	0.994446143471102	0.801446917755114	-0.00133051298712293	6.60183657156632	0.996389993256216
29.375	6.75	0.995662109926498	0.801326500283546	-0.00112232923975346	6.40212587963066	0.997180371452224
29.625	6.75	0.996635060084371	0.801215127975763	-0.000942414929696762	6.2023030551747	0.997812789054841
29.875	6.75	0.997408138997749	0.801112336029218	-0.000787201294729089	6.00239454102695	0.998315290348537
30.125	6.75	0.998017986585915	0.801017621771554	-0.000653493104590227	5.80242172004192	0.998711691280845
30.375	6.75	0.998495503281144	0.800930463917454	-0.000538450205517714	5.60240172105735	0.999022077132744
30.625	6.75	0.998866556367962	0.800850337320734	-0.000439563488797309	5.40234812397522	0.999263261639175
30.875	6.75	0.999152630625655	0.800776724002403	-0.000354627877185404	5.20227157260073	0.999449209906676
31.125	6.75	0.999371424954932	0.800709121158687	-0.000281714176868498	5.00218030334999	0.999591426220706
31.375	6.75	0.999537395711869	0.800647046762905	-0.000219141083163773	4.80208059761339	0.999699307212714
31.625	6.75	0.999662247233375	0.800590043284021	-0.000165448210279147	4.60197716533393	0.999780460701694
31.875	6.75	0.99975537028991	0.800537679958301	-0.000119370704929251	4.40187346714934	0.999840990688442
32.125	6.75	0.999824229749383	0.800489553972031	-7.98157747862468e-05	4.20177198220222	0.999885749337099
32.375	6.75	0.999874703424887	0.800445290842547	-4.58412971780851e-05	4.00167442841564	0.999918557226177
32.625	6.75	0.999911374782283	0.800404544219373	-1.66365578354582e-05	3.80158194164926	0.999942393608484
32.875	6.75	0.999937782792667	0.800366995265168	8.49490631334665e-06	3.6014952197	0.999959558815234
33.125	6.75	0.99995663263418	0.800332351719557	3.0150432064602e-05	3.40141463660687	0.999971811212217
33.375	6.75	0.999969971117115	0.800300346705565	4.88414198479552e-05	3.2013403321918	0.999980481226125
33.625	6.75	0.999979330650882	0.800270737319372	6.50047024323458e-05	3.00127228124572	0.999986564923073
33.875	6.75	0.99998584545823	0.800243303053674	7.90122248502842e-05	2.80121034626816	0.999990799547849
34.125	6.75	0.999990343876309	0.800217844126833	9.11791975635918e-05	2.60115431717285	0.999993723519601
34.375	6.75	0.999993421246404	0.800194179776147	0.000101770929213151	2.40110394082731	0.999995723810162
34.625	6.75	0.999995498970246	0.800172146459362	0.000111008598114527	2.20105894263472	0.99999707433066
34.875	6.75	0.999996875830856	0.800151595668174	0.000119074263239383	2.00101904160024	0.999997969290056
35.125	6.75	0.999997775682481	0.800132390795713	0.000126115412227636	1.80098395965027	0.999998554193613
35.375	6.75	0.999998389032557	0.800114402528585	0.000132249259325003	1.60095342585711	0.999998952871162
35.625	6.75	0.999998895068323	0.800097503009196	0.000137566828183391	1.40092717724549	0.99999928179441
35.875	6.75	0.999999441212212	0.800081560807576	0.000142136635848788	1.20090496020629	0.999999636787938
36.125	6.75	1.00000006282399	0.800066441012897	0.000146007677645775	1.00088653913215	1.00000004083559
36.375	6.75	1.00000056306356	0.8000520155245	0.00014921159243137	0.800871718663114	1.00000036599132
36.625	6.75	1.00000044738233	0.800038184589686	0.000151764466984161	0.600860378411305	1.00000029079851
36.875	6.75	0.999999087487848	0.800024898446107	0.000153669509194595	0.400852501465378	0.999999406867101
37.125	6.75	0.999996288611623	0.800013082567483	0.000154922051146747	0.200848155666365	0.999997587597555
37.375	6.75	0.999993224368922	0.399997539409018	0.000155519461869724	0.000846914423805471	0.999995595839799
0.125	7.25	-3.59241980032991e-12	0.400001039702098	-0.000135377523093817	18.0162368934965	0.349999999997665
0.375	7.25	-5.52756727328889e-12	0.800003135225287	-0.00013543499526811	17.9462367115629	0.349999999996407
0.625	7.25	-7.39932371552162e-12	0.80000527849565	-0.000135555241902811	17.876236344875	0.34999999999519
0.875	7.25	-6.70771958999687e-12	0.800007499398704	-0.000135748466985285	17.8062357878974	0.34999999999564
1.125	7.25	-4.75689306033659e-13	0.800009825114948	-0.000136029027621859	17.736235032579	0.349999999999691
1.375	7.25	1.40282075523551e-11	0.800012279428084	-0.000136414431187963	17.6662340686272	0.350000000009118
1.625	7.25	3.79430490670653e-11	0.800014882353893	-0.000136924195510386	17.5962328838281	0.350000000024663
1.875	7.25	6.90548999726346e-11	0.800017650096488	-0.000137578691689741	17.526231464386	0.350000000044886
2.125	7.25	1.00052892491759e-10	0.800020595303092	-0.000138398074257088	17.4562297952519	0.350000000065034
2.375	7.25	1.17455140116456e-10	0.800023727560372	-0.000139401375788895	17.3862278604187	0.350000000076346
2.625	7.25	1.01994495098441e-10	0.800027054062539	-0.000140605811351514	17.3162256431634	0.350000000066296
2.875	7.25	3.1229046851352e-11	0.800030580377324	-0.000142026307007107	17.2462231262247	0.350000000020299
3.125	7.25	-1.15088539854319e-10	0.800034311244731	-0.000143675241585096	17.1762202919112	0.349999999925192
3.375	7.25	-3.46788624267842e-10	0.800038251353884	-0.000145562372185917	17.1062171221375	0.349999999774587
3.625	7.25	-6.52747073907857e-10	0.800042406062329	-0.00014769490449894	17.036213598394	0.349999999575714
3.875	7.25	-9.8939158143324e-10	0.800046782034025	-0.000150077664837942	16.9662097016549	0.349999999356896
4.125	7.25	-1.27063386233109e-09	0.800051387789308	-0.000152713332767414	16.8962054122332	0.349999999174088
4.375	7.25	-1.36280178895551e-09	0.800056234169617	-0.000155602697413036	16.8262007095896	0.349999999114179
4.625	7.25	-1.08931348447104e-09	0.800061334727467	-0.000158744908180815	16.756195572105	0.349999999291946
4.875	7.25	-2.50537917117619e-10	0.800066706059247	-0.000162137695665489	16.6861899768227	0.34999999983715
5.125	7.25	1.33613618824661e-09	0.800072368099064	-0.000165777546643038	16.6161838991672	0.350000000868489
5.375	7.25	3.77322765120156e-09	0.800078344394825	-0.000169659820702936	16.5461773126459	0.350000002452598
5.625	7.25	6.99871387242026e-09	0.800084662386114	-0.000173778801191603	16.4761701885358	0.350000004549164
5.875	7.25	1.06883292791331e-08	0.800091353702541	-0.000178127674753366	16.4061624955583	0.350000006947414
6.125	7.25	1.41606363856911e-08	0.800098454499782	-0.000182698435915752	16.3361541995399	0.350000009204414
6.375	7.25	1.63091100402806e-08	0.800106005847981	-0.000187481712666906	16.2661452630518	0.350000010600922
6.625	7.25	1.55926137160882e-08	0.800114054187004	-0.00019246650894358	16.1961356450209	0.350000010135199
6.875	7.25	1.01201002486038e-08	0.800122651860407	-0.000197639857971798	16.1261253002923	0.350000006578065
7.125	7.25	-2.13458382385581e-09	0.800131857740678	-0.000202986378334846	16.0561141791244	0.34999999861252
7.375	7.25	-2.29579393588818e-08	0.800141737957219	-0.000208487721544699	15.9861022265868	0.349999985077339
7.625	7.25	-5.33457595056754e-08	0.800152366740448	-0.000214121896853217	15.9160893818297	0.349999965325256
7.875	7.25	-9.27813838371629e-08	0.800163827396005	-0.000219862453754932	15.8460755771916	0.3499999396921
8.125	7.25	-1.38379637988552e-07	0.800176213425522	-0.000225677498188723	15.77606073711	0.349999910053235
8.375	7.25	-1.83972199216163e-07	0.800189629813727	-0.000231528511507482	15.7060447768103	0.349999880418071
8.625	7.25	-2.19257237026226e-07	0.800204194504821	-0.000237368933497811	15.6360276007538	0.349999857482796
8.875	7.25	-2.29189537175438e-07	0.800220040095937	-0.000243142461109914	15.5660091008466	0.349999851026801
9.125	7.25	-1.93844638008994e-07	0.800237315780515	-0.000248781002135465	15.4959891544324	0.349999874000985
9.375	7.25	-8.90483315306324e-08	0.800256189581151	-0.000254202208243649	15.4259676221262	0.349999942118584
9.625	7.25	1.11884100570878e-07	0.800276850919804	-0.000259306492866279	15.35594434558	0.350000072724665
9.875	7.25	4.34914490728313e-07	0.800299513583819	-0.000263973416449538	15.2859191453178	0.350000282694419
10.125	7.25	9.00154948967991e-07	0.800324419160015	-0.000268057293134817	15.2158918188239	0.350000585100717
10.375	7.25	1.51447621297763e-06	0.800351841026211	-0.000271381838708498	15.1458621391102	0.350000984409538
10.625	7.25	2.261574272614e-06	0.800382089011666	-0.000273733638993421	15.0758298540278	0.350001470023277
10.875	7.25	3.08940949226057e-06	0.800415514862998	-0.000274854170121099	15.005794686604	0.35000200811617
11.125	7.25	3.89525549481254e-06	0.800452518680938	-0.000274430048046865	14.9357563366653	0.350002531916072
11.375	7.25	4.50908734939425e-06	0.800493556523712	-0.00027208112514184	14.8657144839396	0.350002930906777
11.625	7.25	4.67673446953204e-06	0.800539149400743	-0.000267345989737899	14.7956687926742	0.350003039877405
11.875	7.25	4.04514728264852e-06	0.800589893902783	-0.000259664363327509	14.7256189175537	0.350002629345734
12.125	7.25	2.15328343510861e-06	0.800646474724804	-0.000248355839173447	14.6555645103011	0.350001399634233
12.375	7.25	-1.56651413246815e-06	0.800709679331966	-0.000232594372814316	14.585505225789	0.349998981765814
12.625	7.25	-7.77025883606917e-06	0.800780414985184	-0.000211377937324752	14.5154407257365	0.349994949331757
12.875	7.25	-1.7159231515765e-05	0.800859728280714	-0.000183492811602543	14.4453706771144	0.349988846499515
13.125	7.25	-3.04026511606524e-05	0.800948827255669	-0.000147472106493173	14.3752947412385	0.349980238276746
13.375	7.25	-4.80155259749722e-05	0.801049105967303	-0.000101548382837623	14.3052125482132	0.349968789908116
13.625	7.25	-7.01804384652768e-05	0.801162171261497	-4.36006174487328e-05	14.2351236499548	0.349954382714998
13.875	7.25	-9.65020686521707e-05	0.801289871206321	2.89036264279404e-05	14.1650274435656	0.349937273655376
14.125	7.25	-0.000125684213074092	0.801434324373835	0.000118969117346388	14.0949230554376	0.349918305261502
14.375	7.25	-0.000155121033265895	0.801597948810494	0.000230134104274062	14.0248091752863	0.349899171328377
14.625	7.25	-0.000180397280054651	0.801783489139841	0.000366527334255357	13.954683828478	0.349882741767964
14.875	7.25	-0.000194696164563862	0.801994039786956	0.000532914685659722	13.8845440746506	0.349873447493033
15.125	7.25	-0.000188118097085078	0.802233061798342	0.000734726867102172	13.8143856208534	0.349877723236895
15.375	7.25	-0.000146918241042846	0.802504390144255	0.000978056953358283	13.7442023382814	0.349904503143322
15.625	7.25	-5.26751380470498e-05	0.802812227729271	0.00126961354826445	13.6739856731714	0.349965761160269
15.875	7.25	0.000118594135054446	0.803161121594309	0.00161661224604996	13.6037239444349	0.350077086187785
16.125	7.25	0.000397355424138185	0.80355591598267	0.00202658507912542	13.5334015229623	0.35025828102569
16.375	7.25	0.000821499779679258	0.80400167608715	0.00250708521152068	13.4629978899585	0.350533974856791
16.625	7.25	0.0014372947675415	0.80450357546003	0.00306526285151866	13.3924865738117	0.350934241598902
16.875	7.25	0.00230034017850344	0.80506673935122	0.00370728899663109	13.3218339664671	0.351495221116027
17.125	7.25	0.00347653376211894	0.80569603581122	0.00443760717666108	13.2509980206635	0.352259746945377
17.375	7.25	0.00504306551860725	0.806395806483257	0.00525800099818828	13.1799268283223	0.353277992587095
17.625	7.25	0.00708947379313262	0.807169529929454	0.00616647833448611	13.1085570775618	0.354608157965536
17.875	7.25	0.00971881157256427	0.808019412477578	0.00715599281788469	13.0368123810804	0.356317227522167
18.125	7.25	0.0130489849002044	0.808945905391163	0.00821305116110933	12.9646014620666	0.358481840185133
18.375	7.25	0.0172143339345764	0.809947153135221	0.00931629174130975	12.8918161757006	0.361189317057475
18.625	7.25	0.0223675256300468	0.811018386084198	0.0104351661900017	12.8183293356173	0.36453889165953
18.875	7.25	0.0286818067955593	0.812151282547477	0.011528910677821	12.7439923071058	0.368643174417114
19.125	7.25	0.036353613899222	0.813333339648815	0.0125460544304903	12.6686323254646	0.373629849034494
19.375	7.25	0.0456054311181865	0.81454731035313	0.0134247736092966	12.5920495040672	0.379643530226821
19.625	7.25	0.0566886026626091	0.81577078453224	0.014094447130417	12.5140135207872	0.386847591730696
19.875	7.25	0.0698855053731203	0.816976014910209	0.0144787862826714	12.4342600260497	0.395425578492528
20.125	7.25	0.085510041975792	0.818130113058681	0.0145008584901008	12.352486917971	0.405581527284265
20.375	7.25	0.103904817304364	0.819195763860356	0.014090160026156	12.2683507996774	0.417538131247837
20.625	7.25	0.125432666363965	0.820132622524193	0.0131915598783169	12.1814641879958	0.431531233136578
20.875	7.25	0.150459595247431	0.820899551086173	0.011775403755962	12.0913943831391	0.44779873691083
21.125	7.25	0.179326043650617	0.821457791916391	0.00984736811381876	11.9976653016169	0.466561928372901
21.375	7.25	0.212304262387727	0.821775020181746	0.0074559529997042	11.8997639223527	0.487997770552022
21.625	7.25	0.24954219763843	0.821829924824875	0.00469512211225471	11.7971531180028	0.51220242846498
21.875	7.25	0.290998987672476	0.821616549139805	0.00169994437807634	11.6892922863113	0.539149341987109
22.125	7.25	0.336383486914923	0.821147208020633	-0.00136557383139012	11.5756661130584	0.5686492664947
22.375	7.25	0.385113046784185	0.820452667014072	-0.00432713115831934	11.4558199139265	0.60032348040972
22.625	7.25	0.436311510955525	0.819578730595719	-0.00702170428597213	11.3293976195815	0.633602482121091
22.875	7.25	0.488859504041992	0.818579515018616	-0.00931727031477101	11.1961763621892	0.667758677627295
23.125	7.25	0.541496063323193	0.817509057202742	-0.0111263357593048	11.0560908400674	0.701972441160076
23.375	7.25	0.59295311057307	0.816413742203214	-0.0124109014760811	10.9092419561055	0.735419521872495
23.625	7.25	0.642091633547219	0.815327709135534	-0.0131790691954461	10.7558875467506	0.767359561805693
23.875	7.25	0.688007767880954	0.814272051383689	-0.0134755627840829	10.5964172083981	0.79720504912262
24.125	7.25	0.730088634152012	0.813257084924907	-0.0133693399897003	10.4313166609076	0.824557612198808
24.375	7.25	0.768015245917027	0.812286072945686	-0.0129412257540433	10.2611285582835	0.849209909846068
24.625	7.25	0.801724472377887	0.811358839964666	-0.0122735679349705	10.0864159797903	0.871120907045626
24.875	7.25	0.831348770606162	0.81047435200911	-0.0114428344267136	9.90773274457698	0.890376700894005
25.125	7.25	0.85715129779764	0.809632058991104	-0.0105151984819459	9.72560225083369	0.907148343568466
25.375	7.25	0.879468448359401	0.808832258546773	-0.00954463171762581	9.54050456512899	0.921654491433611
25.625	7.25	0.898665512623339	0.808075891876261	-0.00857281493662906	9.35287032027596	0.93413258320517
25.875	7.25	0.915106269340167	0.807364127684081	-0.00763018658882998	9.16307956658235	0.944819075071109
26.125	7.25	0.92913454108449	0.806697959841909	-0.0067375725328294	8.97146381788565	0.953937451704918
26.375	7.25	0.941064713415996	0.806077921907903	-0.00590799969623001	8.77830988048498	0.961692063720397
26.625	7.25	0.95117827952117	0.805503939274866	-0.00514844365239985	8.5838644598669	0.96826588168876
26.875	7.25	0.959724031936516	0.804975297532602	-0.00446137575059402	8.38833890172913	0.973820620758735
27.125	7.25	0.966920197970124	0.804490691503846	-0.00384605572482169	8.1919137002338	0.978498128680581
27.375	7.25	0.972957412316854	0.804048320628817	-0.00329956555059831	7.99474259606976	0.982422318005955
27.625	7.25	0.978001872964674	0.803646003848179	-0.00281760742631452	7.79695620527046	0.985701217427038
27.875	7.25	0.982198335926556	0.803281295707239	-0.00239510060586996	7.59866518645304	0.988428918352261
28.125	7.25	0.98567279856051	0.802951592749714	-0.00202661438980405	7.39996298676449	0.990687319064332
28.375	7.25	0.988534833110566	0.802654224706393	-0.00170667214836946	7.2009282187251	0.992547641521868
28.625	7.25	0.990879589872413	0.802386528615792	-0.0014299565573078	7.00162672059019	0.994071733417068
28.875	7.25	0.992789514108321	0.802145906224642	-0.00119144090813172	6.80211334771349	0.995313184170408
29.125	7.25	0.994335826837606	0.80192986622114	-0.0009864662802077	6.60243353520527	0.996318287444444
29.375	7.25	0.995579816036723	0.80173605339878	-0.00081077992696843	6.40262466486462	0.99712688042387
29.625	7.25	0.996573977077346	0.801562266989753	-0.000660546552678302	6.20271726286768	0.997773085100275
29.875	7.25	0.99736303251149	0.801406470317737	-0.000532341215202348	6.0027360493694	0.998285971132468
30.125	7.25	0.997984853195153	0.801266793712329	-0.000423130294696992	5.80270085705833	0.998690154576849
30.375	7.25	0.998471295958041	0.801141532369866	-0.000330245208795213	5.6026274326654	0.999006342372727
30.625	7.25	0.998848967802147	0.80102914057705	-0.000251352224951757	5.4025281332721	0.999251829071396
30.875	7.25	0.999139922890215	0.8009282234576	-0.000184420726338462	5.20241252778218	0.99944094987864
31.125	7.25	0.999362296175165	0.800837527168213	-0.000127691550938394	5.00228791291954	0.999585492513858
31.375	7.25	0.999530876167848	0.800755928264561	-7.96464821310843e-05	4.8021597524284	0.999695069509101
31.625	7.25	0.999657618782317	0.800682422782264	-3.89795739419066e-05	4.60203204764893	0.999777452208506
31.875	7.25	0.999752104190913	0.800616115430924	-4.5707080838109e-06	4.4019076472248	0.999838867724093
32.125	7.25	0.999821938958943	0.800556209180022	2.45384255243121e-05	4.20178850330175	0.999884260323313
32.375	7.25	0.999873106240268	0.800501995418411	4.91658783347746e-05	4.00167588115673	0.999917519056174
32.625	7.25	0.999910267362489	0.800452844791187	7.00085763395957e-05	3.801570528735	0.999941673785618
32.875	7.25	0.999937018597109	0.800408198754632	8.76591552633046e-05	3.60147281206577	0.999959062088121
33.125	7.25	0.999956107200591	0.800367561841536	0.000102620653374527	3.40138282198741	0.999971469680384
33.375	7.25	0.999969610874195	0.800330494600555	0.000115319233359726	3.201300457065	0.999980247068227
33.625	7.25	0.999979084663615	0.800296607170059	0.000126115106232191	3.0012254870491	0.99998640503135
33.875	7.25	0.999985679186666	0.800265553468127	0.000135311826777678	2.80115760071653	0.999990691471333
34.125	7.25	0.99999023424932	0.800237026004793	0.000143164133052696	2.6010964414285	0.999993652262058
34.375	7.25	0.999993352648706	0.800210751300311	0.000149884522645634	2.40104163317945	0.999995679221659
34.625	7.25	0.999995460095226	0.800186485763167	0.000155648798305897	2.20099279922604	0.999997049061897
34.875	7.25	0.999996857653641	0.800164011626812	0.00016060085948766	2.00094957459594	0.999997957474867
35.125	7.25	0.999997770859754	0.800143132284381	0.00016485702426551	1.80091161309923	0.99999855105884
35.375	7.25	0.999998392637381	0.800123666421275	0.000168510081798773	1.60087858938952	0.999998955214298
35.625	7.25	0.999998905703538	0.800105441185228	0.000171633063480638	1.40085019774439	0.9999992887073
35.875	7.25	0.99999946061198	0.800088286500297	0.000174282426563746	1.200826151713	0.999999649397787
36.125	7.25	1.00000009194818	0.800072034926678	0.000176500150001822	1.00080619144744	1.00000005976632
36.375	7.25	1.00000059448391	0.800056532137636	0.000178314448741621	0.800790105210015	1.00000038641454
36.625	7.25	1.00000045777524	0.800041658789796	0.00017973966941064	0.600777763664783	1.00000029755391
36.875	7.25	0.999999038612098	0.800027351981962	0.000180777305591361	0.400769147449075	0.999999375097864
37.125	7.25	0.999996145982559	0.80001453901158	0.000181421076445748	0.200764325902239	0.999997494888663
37.375	7.25	0.999992994623648	0.39999797033845	0.000181686598509686	0.000762868317312439	0.999995446505371
0.125	7.75	-3.59540983618639e-12	0.400000949996936	-0.000139356924859183	18.0162609475515	0.349999999997663
0.375	7.75	-5.54150614556873e-12	0.80000286201296	-0.000139470669148851	17.946260781316	0.349999999996398
0.625	7.75	-7.43467998004021e-12	0.800004809758583	-0.000139701595760032	17.8762604467411	0.349999999995167
0.875	7.75	-6.77176711571365e-12	0.800006815986469	-0.000140056370788155	17.8062599396775	0.349999999995598
1.125	7.75	-5.67144537970338e-13	0.800008901955936	-0.00014054449137637	17.7362592540396	0.349999999999631
1.375	7.75	1.39258949133147e-11	0.800011087032569	-0.000141177745499827	17.6662583819568	0.350000000009052
1.625	7.75	3.78682448584231e-11	0.800013388456064	-0.000141969583176125	17.5962573139537	0.350000000024614
1.875	7.75	6.9072526313966e-11	0.800015821285129	-0.000142934458419867	17.5262560391428	0.350000000044897
2.125	7.75	1.00255358293489e-10	0.800018398512973	-0.000144087196634041	17.4562545454138	0.350000000065166
2.375	7.75	1.17955880031089e-10	0.800021131330467	-0.000145442431853349	17.3862528196073	0.350000000076671
2.625	7.75	1.0290690798722e-10	0.800024029506251	-0.000147014144668365	17.3162508476582	0.350000000066889
2.875	7.75	3.26194532413128e-11	0.800027101847749	-0.000148815316656461	17.2462486147024	0.350000000021203
3.125	7.75	-1.13284564714494e-10	0.800030356708879	-0.000150857703991294	17.1762461051396	0.349999999926365
3.375	7.75	-3.44884648772064e-10	0.800033802513917	-0.000153151722110708	17.1062433026491	0.349999999775825
3.625	7.75	-6.51431849081341e-10	0.800037448273038	-0.000155706425508614	17.0362401901588	0.349999999576569
3.875	7.75	-9.89808787722036e-10	0.800041304074634	-0.000158529562991078	16.9662367497684	0.349999999356624
4.125	7.75	-1.27435167392919e-09	0.800045381544273	-0.000161627686321471	16.8962329626293	0.349999999171671
4.375	7.75	-1.37162728004139e-09	0.800049694269237	-0.000165006292061463	16.8262288087846	0.349999999108442
4.625	7.75	-1.10494639896118e-09	0.800054258191648	-0.00016866997731851	16.7562242669729	0.349999999281785
4.875	7.75	-2.74088509473444e-10	0.800059091979464	-0.000172622593647399	16.6862193144016	0.349999999821842
5.125	7.75	1.30475057486962e-09	0.800064217385213	-0.000176867386206956	16.6162139264906	0.350000000848088
5.375	7.75	3.73604018178114e-09	0.800069659607786	-0.000181407107916463	16.5462080765926	0.350000002428426
5.625	7.75	6.96068907985173e-09	0.80007544767052	-0.000186244100965605	16.4762017356906	0.350000004524448
5.875	7.75	1.06586001843418e-08	0.800081614832146	-0.000191380339792493	16.4061948720735	0.35000000692809
6.125	7.75	1.41538981570712e-08	0.800088199045041	-0.000196817430510211	16.3361874509873	0.350000009200034
6.375	7.75	1.63468633052416e-08	0.800095243476684	-0.000202556562573896	16.2661794342552	0.350000010625461
6.625	7.75	1.57037088138e-08	0.800102797109674	-0.000208598408532897	16.1961707798548	0.350000010207411
6.875	7.75	1.03397877780614e-08	0.800110915435714	-0.000214942966364923	16.1261614414359	0.350000006720862
7.125	7.75	-1.76812057966425e-09	0.800119661260501	-0.000221589338531284	16.0561513677554	0.349999998850722
7.375	7.75	-2.24107821905337e-08	0.800129105636748	-0.000228535439553878	15.9861405019983	0.349999985432992
7.625	7.75	-5.26004927271699e-08	0.800139328945205	-0.000235777621332887	15.916128780953	0.34999996580968
7.875	7.75	-9.18556085154636e-08	0.800150422147238	-0.000243310202992156	15.8461161340013	0.349999940293854
8.125	7.75	-1.37351642996098e-07	0.800162488234848	-0.000251124887099765	15.776102481888	0.349999910721432
8.375	7.75	-1.83013878241928e-07	0.800175643910537	-0.000259210039785601	15.7060877352371	0.349999881040979
8.625	7.75	-2.18672936055854e-07	0.800190021534581	-0.000267549805243657	15.6360717927909	0.349999857862592
8.875	7.75	-2.29457296322181e-07	0.800205771385426	-0.00027612301718431	15.5660545393656	0.349999850852757
9.125	7.75	-1.95653044657939e-07	0.800223064287108	-0.000284901859362709	15.4960358435373	0.349999872825521
9.375	7.75	-9.33177336689474e-08	0.800242094669735	-0.000293850214306943	15.4260155551005	0.349999939343473
9.625	7.75	1.04013104598725e-07	0.800263084142108	-0.000302921623503975	15.3559935023782	0.350000067608518
9.875	7.75	4.22149604925737e-07	0.800286285673886	-0.000312056762199577	15.2859694894992	0.350000274397243
10.125	7.75	8.81210585034647e-07	0.800311988506246	-0.000321180308169673	15.2159432938012	0.35000057278688
10.375	7.75	1.48836386166928e-06	0.800340523938717	-0.000330197054651185	15.1459146635594	0.35000096743651
10.625	7.75	2.22807616859436e-06	0.800372272172834	-0.000338987083330234	15.0758833162651	0.35000144824951
10.875	7.75	3.04979444772506e-06	0.800407670434829	-0.000347399772614031	15.0058489376924	0.350001982366391
11.125	7.75	3.8532991149958e-06	0.800447222645513	-0.00035524637057789	14.9358111819618	0.350002504644425
11.375	7.75	4.47245408844457e-06	0.800491510956048	-0.000362290809732838	14.8657696727265	0.350002907095158
11.625	7.75	4.65876046219005e-06	0.800541209519368	-0.000368238384433746	14.7957240054491	0.3500030281943
11.875	7.75	4.06702260233158e-06	0.800597100915187	-0.000372721854163801	14.7256737504635	0.350002643564691
12.125	7.75	2.24655951347466e-06	0.800660095682542	-0.000375284479472427	14.6556184561175	0.350001460263684
12.375	7.75	-1.35728600725531e-06	0.800731255434201	-0.000375359452021975	14.5855576507197	0.349999117764095
12.625	7.75	-7.3851368138965e-06	0.800811820016931	-0.000372245153523398	14.5154908412667	0.349995199661071
12.875	7.75	-1.65213908863631e-05	0.800903239135734	-0.000365075687232436	14.4454175059801	0.349989261095924
13.125	7.75	-2.94188253298943e-05	0.801007208762158	-0.000352786189786934	14.3753370765556	0.349980877763535
13.375	7.75	-4.65799404590626e-05	0.801125712487617	-0.000334072576758679	14.3052489047451	0.349969723038702
13.625	7.75	-6.81844919077884e-05	0.801261067747912	-0.000307345638240561	14.2351522065186	0.34995568008026
13.875	7.75	-9.38529049336051e-05	0.801415976519685	-0.000270679818984694	14.1650459756739	0.349938995611793
14.125	7.75	-0.000122336434334738	0.80159357966051	-0.000221757642032298	14.0949288574952	0.349920481317682
14.375	7.75	-0.000151127133091207	0.801797513511849	-0.000157811614908216	14.024798972039	0.349901767363491
14.625	7.75	-0.000175983919009318	0.802031966692248	-7.55666476351002e-05	13.9546536759976	0.349885610452644
14.875	7.75	-0.000190375131504777	0.802301734153892	2.88124425881764e-05	13.8844892519829	0.349876256164522
15.125	7.75	-0.000184842632701197	0.802612264543699	0.000159761830838439	13.8143005146	0.349879852288744
15.375	7.75	-0.000146297241409404	0.802969695684903	0.000322339154894462	13.7440803238887	0.349904906793084
15.625	7.75	-5.72594626571747e-05	0.803380871574678	0.000522212052724759	13.673818998581	0.349962781349273
15.875	7.75	0.000104937637746634	0.803853332700953	0.000765600358895815	13.603503624041	0.350068209464535
16.125	7.75	0.000368965709628315	0.804395269769782	0.00105915462196646	13.5331172525166	0.350239827711258
16.375	7.75	0.0007703226913039	0.805015429214122	0.00140975098074758	13.4626379961148	0.350500709749347
16.625	7.75	0.00135214788028667	0.805722957297292	0.0018241805978894	13.3920380153515	0.350878896122186
16.875	7.75	0.00216602821741617	0.806527168488565	0.00230871144720519	13.3212824077454	0.351407918341321
17.125	7.75	0.00327280541379524	0.807437223420266	0.00286850211502246	13.2503280012854	0.352127323518967
17.375	7.75	0.0047434084626412	0.808461702570216	0.00350685240590168	13.1791220562349	0.353083215500717
17.625	7.75	0.00665975322394056	0.809608064355943	0.00422428507291668	13.1076008752678	0.354328839595561
17.875	7.75	0.00911576896387514	0.810881981106979	0.00501746812367026	13.0356883160852	0.355925249826519
18.125	7.75	0.0122186292064113	0.812286553896502	0.00587800905131025	12.963294192332	0.357942108984167
18.375	7.75	0.0160902782890858	0.813821417819912	0.0067911819927184	12.8903125379878	0.360458680887906
18.625	7.75	0.020869351186269	0.815481763147969	0.00773468681883617	12.8166196980547	0.363565078271075
18.875	7.75	0.0267135751272387	0.817257314654665	0.0086775853968179	12.7420721956591	0.367363823832705
19.125	7.75	0.0338027052117433	0.819131330789613	0.00957961332968068	12.666504315274	0.371971758387633
19.375	7.75	0.0423419635870897	0.821079705420002	0.0103911216609741	12.589725338347	0.377522276331608
19.625	7.75	0.0525657948753496	0.823070276798486	0.0110539544667907	12.5115163791026	0.384167766668977
19.875	7.75	0.064741482607664	0.825062470792457	0.0115036000045896	12.4316268070122	0.392081963694982
20.125	7.75	0.0791717520061178	0.827007428483688	0.0116729393093458	12.3497703260892	0.401461638803977
20.375	7.75	0.0961948856211678	0.82884879240106	0.0114978170907559	12.2656209322614	0.412526675653759
20.625	7.75	0.116180118881384	0.830524348870361	0.0109244242995903	12.178809211829	0.4255170772729
20.875	7.75	0.139515286211088	0.831968735782738	0.00991806324123167	12.088919789925	0.440684936037207
21.125	7.75	0.166583160667433	0.833117396998727	0.0084722612631177	11.9954911719466	0.458279054433831
21.375	7.75	0.197723221356677	0.833911842218602	0.00661650743537841	11.8980196684067	0.47852009388184
21.625	7.75	0.233177452976695	0.834305982879438	0.00442036241788692	11.7959693906828	0.501565344434852
21.875	7.75	0.273022932270857	0.834272819217344	0.00199172013547906	11.6887901901607	0.527464905976057
22.125	7.75	0.317100419650545	0.833810133179415	-0.000532071818553223	11.5759445795686	0.556115272772854
22.375	7.75	0.364955478556103	0.832943387916736	-0.00299968474419051	11.456942921698	0.587221061061467
22.625	7.75	0.415813354328806	0.83172419731654	-0.00526512153730131	11.3313836363393	0.620278680313724
22.875	7.75	0.468606494329817	0.83022382194353	-0.00720653952725313	11.1989925352074	0.654594221314381
23.125	7.75	0.522061551485532	0.828522933579644	-0.00874018208575938	11.0596537859506	0.689340008465596
23.375	7.75	0.574833585394054	0.826700472896316	-0.00982659154919054	10.9134255403965	0.723641830506135
23.625	7.75	0.625657356397371	0.824824780944897	-0.0104687437480698	10.7605362728967	0.756677281658291
23.875	7.75	0.673478774641732	0.822949018134433	-0.0107039597806558	10.6013624630039	0.787761203517126
24.125	7.75	0.717537717575458	0.821110943004862	-0.0105925915538772	10.4363926280101	0.816399516424048
24.375	7.75	0.757391743323907	0.819335587388505	-0.0102064142552308	10.2661851846092	0.842304633160539
24.625	7.75	0.792888852741365	0.817638918189631	-0.00961880459531442	10.0913275577102	0.865377754281887
24.875	7.75	0.824108487169435	0.81603106504866	-0.00889770134636569	9.91240192992317	0.885670516660133
25.125	7.75	0.851291448624818	0.814518511967228	-0.00810144401831061	9.72996024125972	0.903339441606131
25.375	7.75	0.87477437560782	0.813105292047412	-0.00727703305617275	9.54450859236153	0.918603344145083
25.625	7.75	0.894937223929261	0.811793514831266	-0.00646013331822682	9.35649963263115	0.931709195554019
25.875	7.75	0.912166083363514	0.810583571990572	-0.00567615004066491	9.16633086283701	0.942907954186284
26.125	7.75	0.926829852872818	0.809474258605798	-0.00494183234404516	8.97434679585595	0.952439404367332
26.375	7.75	0.939267650207717	0.808462925322871	-0.00426702037563417	8.78084328466345	0.960523972635016
26.625	7.75	0.949783629426285	0.807545690459391	-0.00365630004160239	8.58607279782032	0.967359359127085
26.875	7.75	0.958646400689909	0.806717696917912	-0.00311044359534517	8.39024985635386	0.973120160448441
27.125	7.75	0.966090988629685	0.805973384842616	-0.00262759221991525	8.19355618309832	0.977959142609296
27.375	7.75	0.972321959524829	0.805306753303006	-0.0022041837919663	7.99614534886746	0.982009273691139
27.625	7.75	0.977516889608954	0.804711592708377	-0.00183565348838418	7.79814684595365	0.98538597824582
27.875	7.75	0.981829724926448	0.804181678506926	-0.00151694456812649	7.59966960176307	0.988189321202191
28.125	7.75	0.985393824562739	0.8037109236642	-0.00124286760958374	7.40080498540368	0.99050598596578
28.375	7.75	0.988324620771158	0.803293491966268	-0.00100834293379795	7.20162937432921	0.992411003501253
28.625	7.75	0.990721904803237	0.80292387669559	-0.000808555561106748	7.00220634820935	0.993969238122104
28.875	7.75	0.992671781458576	0.802596950257791	-0.000639046360107432	6.80258857039549	0.995236657948074
29.125	7.75	0.994248345974242	0.80230799043571	-0.000495757827183094	6.60281940804883	0.996261424883258
29.375	7.75	0.995515135099616	0.802052688521816	-0.000375048498185278	6.40293433257782	0.997084837814751
29.625	7.75	0.996526396829187	0.801827143914225	-0.000273686401906103	6.20296213364964	0.997742157938971
29.875	7.75	0.99732821417402	0.801627849020477	-0.000188829151918417	6.0029259731274	0.998263339213113
30.125	7.75	0.997959509578147	0.801451667596312	-0.000117996123186805	5.80284429987955	0.998673681225796
30.375	7.75	0.998452949085934	0.801295808998429	-5.90365462154653e-05	5.60273164235255	0.998994416905857
30.625	7.75	0.998835759467506	0.801157800269979	-1.00961580841706e-05	5.40259929285514	0.999243243653879
30.875	7.75	0.999130467201464	0.801035457505245	3.04158217458502e-05	5.20245589542108	0.999434803680952
31.125	7.75	0.999355565308586	0.800926857551768	6.38582521630153e-05	5.00230794766305	0.999581117450581
31.375	7.75	0.99952611227068	0.800830310793616	9.13874780925414e-05	4.80216022600748	0.999691972975942
31.625	7.75	0.999654266380891	0.800744335509588	0.000113984211890048	4.60201614294824	0.999775273147579
31.875	7.75	0.999749758600696	0.800667634105032	0.000132477735221625	4.40187804436027	0.999837343090453
32.125	7.75	0.999820307124199	0.800599071366383	0.000147567418339031	4.20174745438593	0.999883199630729
32.375	7.75	0.999871977189957	0.800537654774936	0.000159841653949868	4.001625274895	0.999916785173472
32.625	7.75	0.99990949008408	0.800482516832452	0.00016979436709563	3.80151194599292	0.999941168554652
32.875	7.75	0.999936485618507	0.800432899291114	0.000177839300013042	3.60140757350223	0.99995871565203
33.125	7.75	0.99995574254299	0.80038813914169	0.000184322287577907	3.40131202877717	0.999971232652943
33.375	7.75	0.999969361306454	0.80034765620059	0.000189531738607914	3.20122502565011	0.999980084849195
33.625	7.75	0.999978913373502	0.800310942151617	0.000193707525138589	3.00114617877242	0.999986293692776
33.875	7.75	0.999985561127159	0.800277550937385	0.000197048463095211	2.80107504710587	0.999990614732653
34.125	7.75	0.999990152578069	0.800247090431814	0.000199718555025463	2.60101116581655	0.999993599175745
34.375	7.75	0.999993295911687	0.800219215304538	0.000201852172031035	2.40095406925375	0.999995642342597
34.625	7.75	0.999995420118772	0.800193620847738	0.000203558384594401	2.20090330699433	0.999997023077202
34.875	7.75	0.999996828406094	0.800170037264543	0.000204924697059122	2.00085845412054	0.999997938463961
35.125	7.75	0.999997748603346	0.800148223650935	0.000206020452838731	1.80081911621726	0.999998536592175
35.375	7.75	0.999998377243	0.800127960986337	0.000206900086166066	1.60078492954233	0.99999894520795
35.625	7.75	0.999998901953108	0.800109044356344	0.000207606146166254	1.4007555580609	0.99999928626952
35.875	7.75	0.999999477076564	0.800091276597818	0.000208171650106748	1.20073069167883	0.999999660099767
36.125	7.75	1.00000013473431	0.800074467920088	0.000208621053901026	1.00071005279281	1.0000000875773
36.375	7.75	1.00000065535495	0.800058446651803	0.0002089693607498	0.800693417837029	1.00000042598072
36.625	7.75	1.00000050176753	0.80004308165639	0.000209220017636767	0.600680652120798	1.0000003261489
36.875	7.75	0.999999003640027	0.800028303848682	0.000209364226202445	0.400671737297827	0.999999352366017
37.125	7.75	0.999995970393021	0.800015065206209	0.000209386097150701	0.200666747495131	0.999997380755464
37.375	7.75	0.999992679469611	0.399997971729453	0.000209313227808804	0.000665240635256816	0.999995241655247
0.125	8.25	-3.60191259129738e-12	0.400000812213587	-0.000142881349639334	18.0162856665512	0.349999999997659
0.375	8.25	-5.55534801373979e-12	0.800002445883547	-0.000143037613602077	17.9462855244273	0.349999999996389
0.625	8.25	-7.46044082768416e-12	0.800004107092443	-0.000143352556115234	17.8762852385622	0.349999999995151
0.875	8.25	-6.80953158507535e-12	0.800005813607645	-0.000143830892331947	17.8062848057534	0.349999999995574
1.125	8.25	-6.09285143551618e-13	0.800007582365706	-0.000144479420988315	17.7362842212741	0.349999999999604
1.375	8.25	1.38981110247609e-11	0.80000942924467	-0.000145306725518088	17.6662834789573	0.350000000009034
1.625	8.25	3.78867315722272e-11	0.80001136892805	-0.000146322820371206	17.5962825712967	0.350000000024626
1.875	8.25	6.91813619972907e-11	0.800013414869362	-0.000147538772969605	17.5262814895554	0.350000000044968
2.125	8.25	1.00504740086932e-10	0.800015579355533	-0.000148966330395838	17.4562802238734	0.350000000065328
2.375	8.25	1.18389216642872e-10	0.800017873662914	-0.000150617576764044	17.3862787633655	0.350000000076953
2.625	8.25	1.03539743079549e-10	0.800020308290695	-0.000152504640467646	17.3162770962018	0.350000000067301
2.875	8.25	3.3410000485785e-11	0.800022893255559	-0.000154639464167149	17.2462752096647	0.350000000021716
3.125	8.25	-1.1247172296523e-10	0.800025638430142	-0.000157033643188598	17.1762730901773	0.349999999926893
3.375	8.25	-3.443174976612e-10	0.800028553907485	-0.000159698331940298	17.1062707232997	0.349999999776194
3.625	8.25	-6.51544424272869e-10	0.800031650379161	-0.000162644213574622	17.0362680936914	0.349999999576496
3.875	8.25	-9.9121582684922e-10	0.800034939515472	-0.000165881523908063	16.9662651850387	0.34999999935571
4.125	8.25	-1.27782497639667e-09	0.800038434342089	-0.000169420119963968	16.8962619799477	0.349999999169414
4.375	8.25	-1.37800883136813e-09	0.8000421496101	-0.00017326958191905	16.8262584598028	0.349999999104294
4.625	8.25	-1.11496995688457e-09	0.800046102161741	-0.000177439337993396	16.7562546045941	0.349999999275269
4.875	8.25	-2.88081202201556e-10	0.800050311295696	-0.00018193880295026	16.6862503927128	0.349999999812747
5.125	8.25	1.28731155914105e-09	0.800054799140409	-0.000186777521833071	16.6162458007194	0.350000000836752
5.375	8.25	3.71713241075991e-09	0.800059591044861	-0.000191965312524827	16.5462408030846	0.350000002416136
5.625	8.25	6.9445090235937e-09	0.800064715998067	-0.00019751240181419	16.4762353719055	0.350000004513931
5.875	8.25	1.06524421386195e-08	0.800070207091664	-0.000203429550972674	16.4062294765944	0.350000006924087
6.125	8.25	1.41690205784899e-08	0.80007610203763	-0.000209728167888223	16.3362230835397	0.350000009209863
6.375	8.25	1.63990809239767e-08	0.800082443757124	-0.00021642040349086	16.266216155729	0.350000010659403
6.625	8.25	1.58132654472226e-08	0.800089281056322	-0.00022351923052891	16.1962086523242	0.350000010278623
6.875	8.25	1.05298499924629e-08	0.800096669405717	-0.000231038502556776	16.1262005281696	0.350000006844402
7.125	8.25	-1.47522099515024e-09	0.800104671841688	-0.000238992991401111	16.056191733209	0.349999999041106
7.375	8.25	-2.20005861116374e-08	0.800113360012441	-0.000247398399838	15.9861822117817	0.349999985699619
7.625	8.25	-5.20777883118362e-08	0.800122815390511	-0.00025627134577205	15.9161719017609	0.349999966149438
7.875	8.25	-9.1260996355489e-08	0.800133130682003	-0.000265629312328402	15.8461607334966	0.349999940680352
8.125	8.25	-1.36783590325187e-07	0.800144411465269	-0.00027549055601729	15.7761486285225	0.349999911090666
8.375	8.25	-1.82655514198844e-07	0.800156778098806	-0.000285873962051357	15.7061354979933	0.349999881273916
8.625	8.25	-2.18821162014663e-07	0.800170367947345	-0.000296798831815961	15.6361212408222	0.349999857766245
8.875	8.25	-2.30549353644479e-07	0.800185337983441	-0.000308284581738148	15.5661057415101	0.34999985014292
9.125	8.25	-1.98282417186079e-07	0.80020186783496	-0.000320350326212354	15.4960888676692	0.349999871116429
9.375	8.25	-9.82271543837941e-08	0.800220163363688	-0.0003330143078571	15.4260704672787	0.34999993615235
9.625	8.25	9.59786335783118e-08	0.800240460878505	-0.000346293127772347	15.3560503657364	0.350000062386112
9.875	8.25	4.10152260811276e-07	0.80026303211145	-0.000360200714552514	15.2860283628099	0.350000266598969
10.125	8.25	8.646196571654e-07	0.80028819011388	-0.000374746954779873	15.2160042296268	0.350000562002777
10.375	8.25	1.46707926578974e-06	0.800316296267893	-0.000389935887775204	15.1459777058807	0.350000953601523
10.625	8.25	2.20301240180572e-06	0.800347768654056	-0.000405763344402148	15.0759484974503	0.350001431958061
10.875	8.25	3.02356305852774e-06	0.800383092071352	-0.000422213881985305	15.0059162746355	0.350001965315988
11.125	8.25	3.83112469915725e-06	0.800422830068784	-0.000439256834778897	14.9358806711769	0.350002490231054
11.375	8.25	4.46334903166139e-06	0.80046763941922	-0.000456841261692392	14.8658412841375	0.350002901176871
11.625	8.25	4.67696367442646e-06	0.800518287540316	-0.00047488952842309	14.7957976745542	0.350003040026388
11.875	8.25	4.13367245900439e-06	0.800575673442237	-0.000493289210976072	14.7257493684869	0.350002686887098
12.125	8.25	2.39151437712689e-06	0.800640852847607	-0.000511882951034966	14.6556958576842	0.350001554484345
12.375	8.25	-1.09365415614433e-06	0.800715068179173	-0.000530455833723303	14.5856365985016	0.349999289124798
12.625	8.25	-6.95048111805083e-06	0.800799784131767	-0.000548719798038537	14.515571006957	0.349995482187273
12.875	8.25	-1.58507559340438e-05	0.8008967295254	-0.000566294537360953	14.445498446856	0.349989697008643
13.125	8.25	-2.84356038170135e-05	0.801007946057542	-0.0005826843124122	14.3754182067984	0.349981516857519
13.375	8.25	-4.51995506669292e-05	0.801135844418589	-0.000597250099149998	14.3053294606079	0.349970620292066
13.625	8.25	-6.63223989559533e-05	0.801283267980979	-0.000609176551579114	14.2352312043822	0.349956890440679
13.875	8.25	-9.1439250958952e-05	0.801453563895586	-0.000617433406664177	14.1651221620334	0.349940564486877
14.125	8.25	-0.000119340356916828	0.801650660899227	-0.000620731233467503	14.0950006499908	0.349922428768004
14.375	8.25	-0.000147594852764303	0.801879152419261	-0.000617471879519545	14.0248643908306	0.349904063345703
14.625	8.25	-0.000172095868680977	0.80214438261962	-0.000605694649294737	13.9547102651113	0.349888137685357
14.875	8.25	-0.000186528767611584	0.802452531826122	-0.000583020219797747	13.8845339907818	0.349878756301052
15.125	8.25	-0.000181769069505164	0.802810696262264	-0.000546595613663338	13.8143297202991	0.349881850104822
15.375	8.25	-0.000145221413991396	0.803226955192263	-0.000493045256671783	13.7440895470924	0.349905606080906
15.625	8.25	-6.01150431605883e-05	0.8037104164054	-0.000418435265021311	13.6738029152246	0.349960925221946
15.875	8.25	9.52260186999877e-05	0.804271228517862	-0.000318260619662601	13.6034559288974	0.350061896912155
16.125	8.25	0.000348119432876548	0.804920545915944	-0.000187467705188717	13.5330305616143	0.35022627763137
16.375	8.25	0.000732251448716339	0.805670429497935	-2.05276466371527e-05	13.4625037680001	0.350475963441666
16.625	8.25	0.00128838392183063	0.806533663980415	0.00018842132933563	13.3918465040764	0.35083744954919
16.875	8.25	0.00206504074430167	0.80752347083403	0.000445342096793958	13.3210226637028	0.351342276483796
17.125	8.25	0.00311918627681657	0.808653095443266	0.000755956032694794	13.2499879393928	0.352027471079931
17.375	8.25	0.00451692496436548	0.809935248495118	0.00112526935657238	13.1786886142847	0.352936001226837
17.625	8.25	0.00633427048504462	0.811381385604505	0.00155695231457503	13.1070602882068	0.354117275815279
17.875	8.25	0.00865805344448774	0.813000816449969	0.0020525635361748	13.0350265341475	0.355627734738917
18.125	8.25	0.0115870572079727	0.814799645768557	0.00261062587006904	12.9624974717647	0.357531587185182
18.375	8.25	0.015233489612132	0.816779563626844	0.00322558085556222	12.8893682318472	0.359901768247886
18.625	8.25	0.0197249101462098	0.818936521245876	0.00388667788230643	12.8155172702454	0.362821191595036
18.875	8.25	0.0252067312674951	0.821259350461364	0.00457689178971639	12.7408044727997	0.366384375323872
19.125	8.25	0.0318453877987183	0.823728408329197	0.00527200903157033	12.665068976499	0.370699502069167
19.375	8.25	0.0398322019360592	0.826314351799519	0.00594007574385112	12.5881266208179	0.375890931258438
19.625	8.25	0.0493878358746976	0.828977169431583	0.00654145608798888	12.5097669444466	0.382102093318553
19.875	8.25	0.0607669812487847	0.831665617589117	0.007029795519867	12.4297496686371	0.38949853781171
20.125	8.25	0.0742625383861119	0.834317229193808	0.00735420166035785	12.3478006773004	0.398270649950973
20.375	8.25	0.0902079471028578	0.836859087641913	0.00746291342208874	12.2636076400967	0.408635165616858
20.625	8.25	0.108975536645055	0.839209590028413	0.00730858259192064	12.1768156555835	0.420834098819286
20.875	8.25	0.130967846541242	0.841281457522994	0.00685499341176779	12.0870236387638	0.435129100251808
21.125	8.25	0.156598084394132	0.842986260211004	0.00608457107599619	11.9937826384265	0.451788754856186
21.375	8.25	0.186255740389028	0.844240645572201	0.00500542906038425	11.8965977872809	0.471066231252868
21.625	8.25	0.220254659732196	0.844974192949458	0.00365615575069977	11.7949360140854	0.493165528825928
21.875	8.25	0.258764469215813	0.845138266729579	0.00210635875951473	11.6882417205099	0.518196904990278
22.125	8.25	0.30173260134767	0.844714434443257	0.000451516609778314	11.5759620029856	0.546126190875985
22.375	8.25	0.348812335959398	0.843720239562602	-0.00119793663180091	11.4575813886389	0.576728018373609
22.625	8.25	0.39931917949286	0.842209937415077	-0.00273148486555274	11.3326634588698	0.609557466670359
22.875	8.25	0.452238592087295	0.840268767337583	-0.00405396823684216	11.2008937179718	0.643955084856742
23.125	8.25	0.506298350556612	0.838001428189381	-0.00509777122014355	11.0621157939269	0.679093927861798
23.375	8.25	0.560099325702482	0.835517723744695	-0.0058290064985892	10.9163528854968	0.714064561706613
23.625	8.25	0.612276836996949	0.832919459247506	-0.00624697829762615	10.7638090040529	0.747979944048017
23.875	8.25	0.6616524338419	0.830291831953989	-0.00637822322115772	10.6048493694424	0.780074081997235
24.125	8.25	0.707340184324621	0.827700336675408	-0.00626758618837182	10.4399644444192	0.809771119811004
24.375	8.25	0.748789699027043	0.825192038152994	-0.00596886491547785	10.2697254652921	0.836713304367578
24.625	8.25	0.785769822647657	0.822799057327532	-0.00553686577456571	10.0947398764268	0.860750384720977
24.875	8.25	0.818311920534578	0.820542369626107	-0.00502176873186941	9.91561317358438	0.881902748347476
25.125	8.25	0.846635891515581	0.81843487903309	-0.00446589537606406	9.73292060216792	0.900313329485127
25.375	8.25	0.871077760395553	0.816483536483588	-0.0039024812752685	9.54718926962487	0.916200544257109
25.625	8.25	0.892029910368753	0.814690708815037	-0.00335586170993281	9.35888928368082	0.92981944173969
25.875	8.25	0.909897793011977	0.813055106567781	-0.00284249411006791	9.16843165160116	0.941433565457785
26.125	8.25	0.925072173474463	0.811572505989181	-0.00237235826771878	8.97617061196039	0.951296912758401
26.375	8.25	0.937913714492007	0.810236388866812	-0.00195042039126084	8.78240845430783	0.959643914419804
26.625	8.25	0.948746232349725	0.809038539613814	-0.00157797649480998	8.58740141464793	0.966685051027321
26.875	8.25	0.957855429966738	0.807969595686251	-0.00125378775809693	8.39136573608757	0.97260602947838
27.125	8.25	0.965490711467467	0.807019534549283	-0.000974984321958427	8.19448337734466	0.977568962453854
27.375	8.25	0.971868465433525	0.80617808349797	-0.000737750645690578	7.99690712457633	0.981714502531791
27.625	8.25	0.977175829125318	0.805435047018676	-0.000537823006064374	7.79876503238402	0.985164288931457
27.875	8.25	0.981574387942531	0.804780554336784	-0.000370835080534303	7.60016421512281	0.988023352162645
28.125	8.25	0.985203549558215	0.804205235250665	-0.000232546181052658	7.40119405517857	0.99038230721284
28.375	8.25	0.988183501383423	0.80370033512772	-0.000118982164227766	7.20192891033464	0.992319275899225
28.625	8.25	0.990617751325772	0.80325778065072	-2.65134969382987e-05	7.00243040133165	0.993901538361752
28.875	8.25	0.992595294588542	0.802870207294822	4.81104321483856e-05	6.80274935188374	0.995186941482552
29.125	8.25	0.994192463929712	0.802530958216231	0.000107756362096703	6.60292744185222	0.996225101554313
29.375	8.25	0.995474520541264	0.802234062676639	0.000154921016396656	6.40299862274573	0.997058438351821
29.625	8.25	0.996497035529464	0.801974200571914	0.000191756217913669	6.2029903345233	0.997723073094152
29.875	8.25	0.997307102440645	0.801746658222477	0.000220099992510057	6.00292455428986	0.998249616586419
30.125	8.25	0.997944411826275	0.801547279369506	0.000241510079039928	5.80281870091044	0.998663867687079
30.375	8.25	0.9984422106266	0.801372414315878	0.000257297487862098	5.60268641462603	0.99898743690729
30.625	8.25	0.998828162594148	0.801218869339789	0.00026855862276608	5.40253822714414	0.999238305686196
30.875	8.25	0.999125121098484	0.801083857866326	0.000276205092880866	5.20238213510188	0.999431328714015
31.125	8.25	0.999351822271174	0.800964954382157	0.000280990761789366	5.00222408798563	0.999578684476263
31.375	8.25	0.999523504299323	0.80086005169477	0.00028353586414569	4.80206840030997	0.99969027779456
31.625	8.25	0.999652457472449	0.800767321848791	0.00028434820530336	4.60191809692459	0.999774097357092
31.875	8.25	0.999748509063728	0.800685180798539	0.000283841575831832	4.40177519959372	0.999836530891423
32.125	8.25	0.999819447051513	0.800612256782417	0.000282351581942873	4.20164096237888	0.999882640583484
32.375	8.25	0.99987138686737	0.80054736223682	0.000280149129869382	4.00151606278673	0.999916401463791
32.625	8.25	0.999909085631388	0.800489469014042	0.000277451817959586	3.80140075508137	0.999940905660402
32.875	8.25	0.999936208566043	0.800437686622943	0.000274433491225347	3.60129499159027	0.999958535567928
33.125	8.25	0.999955552355532	0.800391243189746	0.000271232202613742	3.40119851725835	0.999971109031096
33.375	8.25	0.999969230083441	0.800349468843062	0.000267956805068393	3.20111094214379	0.999979999554237
33.625	8.25	0.999978822096812	0.800311781263674	0.000264692370287743	3.00103179601965	0.999986234362928
33.875	8.25	0.999985496930938	0.800277673199895	0.000261504599568986	2.80096056874973	0.99999057300511
34.125	8.25	0.999990106638078	0.800246701801894	0.000258443370276776	2.60089673961052	0.999993569314751
34.375	8.25	0.999993261756201	0.800218479614621	0.000255545562965298	2.40083979815953	0.99999562014153
34.625	8.25	0.999995392463965	0.800192666922476	0.000252837347733092	2.20078925853201	0.999997005101577
34.875	8.25	0.999996802914188	0.800168964852917	0.000250336160441613	2.00074466821191	0.999997921894222
35.125	8.25	0.999997722994799	0.800147108371156	0.000248052618360917	1.80070561163342	0.999998519946619
35.375	8.25	0.999998353627756	0.80012685840612	0.000245992525002716	1.60067170898555	0.999998929858042
35.625	8.25	0.999998888925709	0.800107993335532	0.000244158821550605	1.40064261196605	0.999999277801711
35.875	8.25	0.999999488493715	0.800090302149225	0.000242552892555288	1.20061800107928	0.999999667520915
36.125	8.25	1.00000018154863	0.800073584070902	0.000241174282420392	1.00059759200936	1.00000011800661
36.375	8.25	1.00000072951321	0.800057659944311	0.00024001813056514	0.800581158036574	1.00000047418358
36.625	8.25	1.00000055848778	0.800042395697973	0.000239071030884864	0.600568566441437	1.00000036301705
36.875	8.25	0.99999895879503	0.800027724414196	0.000238308611727737	0.400559806740233	0.99999932321677
37.125	8.25	0.999995736184239	0.800014648393309	0.000237700775963343	0.200554964176352	0.999997228519755
37.375	8.25	0.999992251757519	0.399997534093344	0.000237283918639817	0.000553580223154933	0.999994963642387
0.125	8.75	-3.61066051113213e-12	0.40000063746903	-0.000145780718588597	18.0163109540488	0.349999999997653
0.375	8.75	-5.56609529255421e-12	0.800001919600046	-0.000145969843823413	17.9463108425048	0.349999999996382
0.625	8.75	-7.4704258838038e-12	0.800003223201142	-0.000146349941718727	17.8763106181581	0.349999999995144
0.875	8.75	-6.81085473022405e-12	0.800004562256809	-0.000146924644098208	17.8063102785097	0.349999999995573
1.125	8.75	-5.88934289448341e-13	0.800005950289573	-0.000147699247060954	17.7363098198534	0.349999999999617
1.375	8.75	1.39566323137092e-11	0.800007400233747	-0.000148680544056205	17.6663092373229	0.350000000009072
1.625	8.75	3.79991761261792e-11	0.800008924360912	-0.000149876626492382	17.5963085249481	0.350000000024699
1.875	8.75	6.93552613025954e-11	0.800010534264645	-0.000151296667897671	17.5263076757146	0.350000000045081
2.125	8.75	1.00728827455701e-10	0.800012240904646	-0.000152950708101141	17.456306681624	0.350000000065474
2.375	8.75	1.18621473343267e-10	0.800014054709337	-0.000154849452109294	17.3863055337461	0.350000000077104
2.625	8.75	1.03698126341244e-10	0.800015985730318	-0.00015700409630898	17.3163042222609	0.350000000067404
2.875	8.75	3.33720547388112e-11	0.800018043841328	-0.000159426190861616	17.2463027364842	0.350000000021692
3.125	8.75	-1.12854351063179e-10	0.800020238972927	-0.000162127544231093	17.1763010648739	0.349999999926645
3.375	8.75	-3.45188116796941e-10	0.8000225813739	-0.000165120171930683	17.1062991950134	0.349999999775628
3.625	8.75	-6.53000426464452e-10	0.800025081891848	-0.00016841628920255	17.0362971135699	0.34999999957555
3.875	8.75	-9.93270937554027e-10	0.800027752267376	-0.000172028345129168	16.9662948062255	0.349999999354374
4.125	8.75	-1.28038596487325e-09	0.800030605437459	-0.000175969094080541	16.8962922575816	0.349999999167749
4.375	8.75	-1.38086472000082e-09	0.800033655846758	-0.000180251699842158	16.8262894510342	0.349999999102438
4.625	8.75	-1.11777152012243e-09	0.80003691976792	-0.00018488986761578	16.7562863686222	0.349999999273448
4.875	8.75	-2.90273666732304e-10	0.800040415634207	-0.000189897999443286	16.6862829908478	0.349999999811322
5.125	8.75	1.28663671828338e-09	0.800044164390198	-0.000195291369200152	16.6162792964719	0.350000000836314
5.375	8.75	3.71947776555068e-09	0.800048189868356	-0.000201086314282101	16.5462752622835	0.350000002417661
5.625	8.75	6.95228160314901e-09	0.800052519201002	-0.000207300442140167	16.4762708628448	0.350000004518983
5.875	8.75	1.06692768534943e-08	0.800057183278685	-0.000213952850740677	16.4062660702114	0.35000000693503
6.125	8.75	1.42000159999233e-08	0.800062217267014	-0.00022106436304768	16.3362608536218	0.35000000923001
6.375	8.75	1.64507764969456e-08	0.800067661195759	-0.000228657776866579	16.2662551791518	0.350000010693005
6.625	8.75	1.58930784879823e-08	0.800073560635163	-0.000236758131283649	16.1962490093193	0.350000010330501
6.875	8.75	1.06445454042011e-08	0.800079967476168	-0.000245392993217222	16.1262423026228	0.350000006918954
7.125	8.75	-1.32260354759134e-09	0.800086940833138	-0.000254592766535422	16.0562350129885	0.349999999140308
7.375	8.75	-2.18160151128861e-08	0.800094548091064	-0.000264391028229656	15.9862270890974	0.34999998581959
7.625	8.75	-5.18843537816189e-08	0.80010286612236	-0.000274824895471269	15.9162184735535	0.34999996627517
7.875	8.75	-9.11101837767403e-08	0.800111982702939	-0.000285935428181121	15.8462091018578	0.349999940778381
8.125	8.75	-1.36769397652226e-07	0.800121998163812	-0.000297768071179824	15.7761989011451	0.349999911099891
8.375	8.75	-1.82929982572335e-07	0.800133027321045	-0.000310373139636046	15.7061877886503	0.349999881095511
8.625	8.75	-2.1960823917585e-07	0.8001452017369	-0.000323806350307321	15.6361756698729	0.349999857254645
8.875	8.75	-2.32151805167595e-07	0.800158672375316	-0.000338129399457751	15.5661624364281	0.349999849101327
9.125	8.75	-2.01073828145649e-07	0.800173612729907	-0.000353410585717838	15.4961479635866	0.349999869302012
9.375	8.75	-1.02618132685308e-07	0.800190222519268	-0.000369725473344515	15.426132107534	0.349999933298214
9.625	8.75	8.96137751462292e-08	0.800208732067844	-0.000387157586897581	15.3561147024117	0.350000058248954
9.875	8.75	4.01604296608231e-07	0.800229407517624	-0.000405799124452659	15.2860955572318	0.350000261042793
10.125	8.75	8.54045651261637e-07	0.800252557053062	-0.000425751670372052	15.2160744528014	0.350000555129673
10.375	8.75	1.45529211762736e-06	0.800278538366369	-0.000447126883146553	15.1460511388157	0.350000945939876
10.625	8.75	2.19187088680953e-06	0.800307767645922	-0.000470047125852455	15.0760253313081	0.350001424716076
10.875	8.75	3.01646717133172e-06	0.80034073043873	-0.000494645998025167	15.0059967106396	0.350001960703661
11.125	8.75	3.83360944721615e-06	0.800377994816588	-0.000521068715315663	14.9359649201733	0.350002491846141
11.375	8.75	4.48375311475641e-06	0.800420227365892	-0.000549472266378843	14.8659295656853	0.350002914439525
11.625	8.75	4.72712689799337e-06	0.800468212619747	-0.000580025252440465	14.7958902153855	0.350003072632484
11.875	8.75	4.22958613775011e-06	0.800522876652392	-0.000612907279819108	14.725846400136	0.35000274923099
12.125	8.75	2.55381059217931e-06	0.800585315656304	-0.000648307727074159	14.6557976130346	0.350001659976885
12.375	8.75	-8.39538764942367e-07	0.800656830409276	-0.000686423639800201	14.5857433069379	0.349999454299803
12.625	8.75	-6.57469814921481e-06	0.800738967603331	-0.000727456415826262	14.5156828877352	0.349995726446203
12.875	8.75	-1.53203166023319e-05	0.800833569032916	-0.000771606825597234	14.4456157002164	0.349990041794208
13.125	8.75	-2.7716976612233e-05	0.800942829608975	-0.000819067768219298	14.3755410022422	0.349981983965202
13.375	8.75	-4.42632082595326e-05	0.801069365054684	-0.000870013992869731	14.3054579216442	0.349971228914631
13.625	8.75	-6.51501810242544e-05	0.801216289920817	-0.000924587826497468	14.2353653889261	0.349957652382334
13.875	8.75	-9.00357444648423e-05	0.801387306197414	-0.000982879756358722	14.165262037509	0.349941476766098
14.125	8.75	-0.000117749946657159	0.801586802252815	-0.00104490254330801	14.0951460620808	0.349923462534673
14.375	8.75	-0.000145926688384791	0.801819961048408	-0.00111055742592261	14.0250150247282	0.34990514765255
14.625	8.75	-0.000170559752116302	0.802092875498441	-0.00117959096547875	13.9548655981053	0.349889136161124
14.875	8.75	-0.00018548590135471	0.80241266740169	-0.00125154124506268	13.8846932350728	0.349879434164119
15.125	8.75	-0.000181802721304832	0.802787604500015	-0.00132567255419064	13.8144917551514	0.349881828231152
15.375	8.75	-0.000147233826840661	0.803227207858892	-0.00140089846229251	13.744252839822	0.349904298012554
15.625	8.75	-6.54583019206624e-05	0.803742338888506	-0.00147569441901311	13.6739654311752	0.349957452103752
15.875	8.75	8.45760438731094e-05	0.804345251948642	-0.00154800282645719	13.603615031528	0.350054974428518
16.125	8.75	0.000329335633501651	0.805049594708673	-0.00161513600475364	13.5331829051741	0.350214068161776
16.375	8.75	0.000701363031608165	0.805870334484376	-0.0016736856714333	13.462645187074	0.350455885970545
16.625	8.75	0.00123990690650646	0.80682358501271	-0.00171945145728154	13.3919719065786	0.350805939489229
16.875	8.75	0.00199151949038511	0.807926305110531	-0.00174740543828915	13.3211259366999	0.35129448766875
17.125	8.75	0.00301063531022146	0.809195839132478	-0.0017517143438718	13.2500618804326	0.351956912951644
17.375	8.75	0.00436016294982988	0.81064927000906	-0.00172584542078312	13.1787249045847	0.352834105917389
17.625	8.75	0.00611214260814264	0.812302559918032	-0.001662784987525	13.1070495279541	0.353972892695293
17.875	8.75	0.00834854526053817	0.814169462310982	-0.0015553992344602	13.0349583639472	0.35542655441935
18.125	8.75	0.0111623129196036	0.816260202833214	-0.00139696316222616	12.9623608074908	0.357255503397742
18.375	8.75	0.0146587616830858	0.818579945998953	-0.00118187373324281	12.8891516420939	0.359528195094006
18.625	8.75	0.0189574864789032	0.821127088923755	-0.000906545213824771	12.8152095253066	0.362322366211287
18.875	8.75	0.0241949125639155	0.823891451844831	-0.000570456346336501	12.7403952903681	0.365726693166545
19.125	8.75	0.0305276233846781	0.826852465599651	-0.000177279162133792	12.6645499804982	0.369842955200041
19.375	8.75	0.0381365397321164	0.829977486351237	0.000264031766677471	12.5874925140923	0.374788750825876
19.625	8.75	0.0472319035544194	0.833220395726971	0.00073836990567758	12.5090168713901	0.380700737310373
19.875	8.75	0.0580587915226322	0.836520669925046	0.00122406679195394	12.4288887082939	0.387738214489711
20.125	8.75	0.0709024980068977	0.839803126910276	0.0016932260690726	12.346841359779	0.396086623704483
20.375	8.75	0.0860925335966598	0.842978592360943	0.00211309253244845	12.2625713197719	0.405960146837829
20.625	8.75	0.104003159182611	0.845945768483444	0.00244868132132259	12.1757335074409	0.417602053468697
20.875	8.75	0.125047371912784	0.848594642198389	0.00266671555358562	12.0859369791972	0.43128079174331
21.125	8.75	0.14966029683152	0.850811801467252	0.0027406062024231	11.9927422275498	0.447279192940488
21.375	8.75	0.178267499943955	0.852487964573447	0.00265577359224888	11.895661776201	0.465873874963571
21.625	8.75	0.211234627811221	0.853527738409282	0.0024141587788008	11.7941662970983	0.487302508077293
21.875	8.75	0.248797993577719	0.853860974467399	0.00203651289053703	11.6876986779711	0.511718695825518
22.125	8.75	0.290981969414763	0.8534540807086	0.00156124064442327	11.575697990923	0.539138280119596
22.375	8.75	0.337517766846301	0.852318582684093	0.00103936077394474	11.4576338017198	0.569386548450096
22.625	8.75	0.387786560021801	0.850513790576825	0.000526380322102422	11.3330486297411	0.60206126401417
22.875	8.75	0.440812761601875	0.848141368537495	7.30575973794953e-05	11.2016031050857	0.636528295041219
23.125	8.75	0.495325351566379	0.845332057246976	-0.000282472402611527	11.063115647871	0.671961478518147
23.375	8.75	0.549885631528124	0.842227782745291	-0.000519234969128788	10.9175878238394	0.70742566049328
23.625	8.75	0.603055578396571	0.83896416928201	-0.000633890372303447	10.7652088838945	0.741986125957771
23.875	8.75	0.653564572169638	0.835657891882532	-0.000637773582198011	10.6063379462128	0.774816971910265
24.125	8.75	0.70043333386357	0.83240078612738	-0.000551973884583454	10.4414679349637	0.805281667011321
24.375	8.75	0.743031668032927	0.829259851832153	-0.000402055508119033	10.2711794100642	0.832970584221403
24.625	8.75	0.78107053841414	0.826280743859227	-0.000213604928780065	10.0960934139433	0.857695849969191
24.875	8.75	0.814547075692036	0.823492356035029	-9.17844300801949e-06	9.9168306385944	0.879455599199824
25.125	8.75	0.843667500544595	0.820911005157387	0.000193303887990931	9.73398094357542	0.898383875353987
25.375	8.75	0.868769329567413	0.818543683391115	0.000380990147445588	9.54808404518367	0.914700064218818
25.625	8.75	0.890255976430196	0.816390436193074	0.000545741154916012	9.35961997563748	0.928666384679628
25.875	8.75	0.908548763645988	0.814446122440524	0.000683352127410919	9.16900687995504	0.940556696369892
26.125	8.75	0.924055807223953	0.812701789205563	0.000792628827128417	8.97660361093164	0.95063627469557
26.375	8.75	0.937154503359287	0.811145801872887	0.000874496265640649	8.78271499194687	0.959150427183536
26.625	8.75	0.948183669200598	0.809764792885905	0.000931233944133494	8.58759820259667	0.966319384980389
26.875	8.75	0.957441829763448	0.808544450452121	0.000965871985008028	8.39146929665801	0.972337189346241
27.125	8.75	0.965188992620316	0.807470154639592	0.000981746137328879	8.19450929658442	0.977372845203205
27.375	8.75	0.971650108011385	0.806527469005932	0.000982191078387902	7.99686960877374	0.9815725702074
27.625	8.75	0.977019103916956	0.805702501107886	0.000970344669155992	7.79867668971696	0.985062417546021
27.875	8.75	0.981462878114171	0.804982149745772	0.00094903589091269	7.60003599559484	0.987950870774211
28.125	8.75	0.985124948510231	0.804354258885116	0.000920732604926707	7.40103529553131	0.99033121653165
28.375	8.75	0.98812865337301	0.80380769797681	0.00088752986570031	7.20174744354485	0.992283624692456
28.625	8.75	0.990579896448116	0.80333238660135	0.000851164084819258	7.00223270137686	0.993876932691275
28.875	8.75	0.99256948100017	0.802919278771775	0.000813042327318543	6.80254069335149	0.99517016265011
29.125	8.75	0.994175094314986	0.802560319421063	0.000774279241837494	6.60271206078064	0.996213811304741
29.375	8.75	0.995463004851762	0.802248382937856	0.000735736593562362	6.40277987011843	0.997050953153646
29.625	8.75	0.996489526980506	0.801977201278706	0.000698062185980911	6.20277081744542	0.997718192537329
29.875	8.75	0.997302298194497	0.801741287239387	0.000661726250895262	6.00270626237424	0.998246493826423
30.125	8.75	0.997941403578271	0.801535856903027	0.000627054278606977	5.80260311708159	0.998661912325876
30.375	8.75	0.998440373438528	0.80135675405788	0.000594255856138403	5.60247461062927	0.998986242735043
30.625	8.75	0.998827072853968	0.801200378438119	0.000563449464377283	5.40233094470168	0.999237597355079
30.875	8.75	0.999124496513079	0.801063618933448	0.000534683418858708	5.20217985401574	0.999430922733501
31.125	8.75	0.999351478406672	0.80094379238928	0.0005079532704705	5.00202708264611	0.999578460964337
31.375	8.75	0.999523323450085	0.800838588238682	0.00048321604570558	4.8018767860954	0.999690160242555
31.625	8.75	0.999652366632435	0.800746018937726	0.000460401725095512	4.60173186792308	0.999774038311083
31.875	8.75	0.999748464549463	0.800664375990615	0.000439422349962197	4.40159425897465	0.999836501957151
32.125	8.75	0.999819423930972	0.800592191229845	0.000420179123359503	4.20146514661303	0.999882625555132
32.375	8.75	0.999871371821429	0.800528202941481	0.000402567839024645	4.00134516077535	0.999916391683929
32.625	8.75	0.999909072241805	0.800471326384466	0.000386482937242668	3.8012345231152	0.999940896957174
32.875	8.75	0.999936194304069	0.80042062823632	0.000371820451071222	3.6011331649256	0.999958526297645
33.125	8.75	0.999955536746715	0.800375304504369	0.000358480070471633	3.40104081897388	0.999971098885365
33.375	8.75	0.999969213652797	0.80033466147417	0.00034636651404784	3.2009570898321	0.999979988874318
33.625	8.75	0.999978805767571	0.800298099328629	0.000335390358186547	3.00088150677497	0.999986223748921
33.875	8.75	0.999985481594528	0.800265098154546	0.000325468435324946	2.80081356283855	0.999990563036443
34.125	8.75	0.99999009269359	0.80023520612352	0.000316523887717674	2.60075274314924	0.999993560250834
34.375	8.75	0.999993248601572	0.800208029627856	0.000308485966014947	2.40069854506059	0.999995611591022
34.625	8.75	0.999995378225231	0.80018322499943	0.000301289703340729	2.20065049189879	0.9999969958464
34.875	8.75	0.999996785008262	0.800160491137701	0.000294875660709928	2.00060814125371	0.99999791025537
35.125	8.75	0.999997700134702	0.800139562089429	0.000289189969833021	1.80057108805081	0.999998505087556
35.375	8.75	0.999998329186915	0.800120198759048	0.000284184793900697	1.60053896270847	0.999998913971495
35.625	8.75	0.999998873960958	0.800102180009534	0.000279818993372176	1.40051142621694	0.999999268074623
35.875	8.75	0.999999500671594	0.800085295656384	0.000276058252366685	1.20048816707015	0.999999675436536
36.125	8.75	1.00000023537785	0.800069346446297	0.000272873484550233	1.00046890811383	1.0000001529956
36.375	8.75	1.00000081629887	0.800054156570708	0.000270236600757648	0.80045343067775	1.00000053059427
36.625	8.75	1.00000062341012	0.800039598812385	0.00026811437868574	0.600441613563563	1.00000040521658
36.875	8.75	0.999998896020446	0.800025617809934	0.000266464373799033	0.400433462902599	0.99999928241329
37.125	8.75	0.99999543249677	0.800013293458564	0.000265240303029115	0.200429082944431	0.999997031122901
37.375	8.75	0.999991698910785	0.399996657746526	0.000264485935611526	0.000427994618296883	0.99999460429201
0.125	9.25	-3.61970126523957e-12	0.40000043396308	-0.000147923586552618	18.0163366877249	0.349999999997647
0.375	9.25	-5.57082912514701e-12	0.800001307437321	-0.000148138183514376	17.946336611794	0.349999999996379
0.625	9.25	-7.46060277780269e-12	0.80000219749193	-0.000148568909329505	17.8763364589613	0.349999999995151
0.875	9.25	-6.77159732786122e-12	0.800003114996902	-0.000149218793433157	17.8063362272957	0.349999999995598
1.125	9.25	-5.04785107835875e-13	0.800004070565596	-0.000150092296874733	17.7363359139238	0.349999999999672
1.375	9.25	1.40941679041984e-11	0.800005074485478	-0.000151195220754439	17.6663355150564	0.350000000009161
1.625	9.25	3.81807910542721e-11	0.800006136679926	-0.000152534596590213	17.5963350260192	0.350000000024818
1.875	9.25	6.95413816671496e-11	0.800007266705561	-0.000154118567658584	17.5263344412861	0.350000000045202
2.125	9.25	1.00839041546851e-10	0.800008473786617	-0.000155956270744906	17.456333754511	0.350000000065545
2.375	9.25	1.18531263273155e-10	0.800009766886282	-0.000158057727226968	17.3863329585554	0.350000000077045
2.625	9.25	1.03249562929789e-10	0.800011154813683	-0.0001604337515586	17.3163320455081	0.350000000067112
2.875	9.25	3.24047321180479e-11	0.800012646361329	-0.000163095883616317	17.2463310066942	0.350000000021063
3.125	9.25	-1.14448893837798e-10	0.800014250471155	-0.000166056349667908	17.1763298326696	0.349999999925608
3.375	9.25	-3.47391252643855e-10	0.800015976422446	-0.000169328055248065	17.1063285132001	0.349999999774196
3.625	9.25	-6.5558133505125e-10	0.800017834039148	-0.000172924611310811	17.0363270372202	0.349999999573872
3.875	9.25	-9.95709870273745e-10	0.800019833912796	-0.0001768603942028	16.9663253927736	0.349999999352789
4.125	9.25	-1.28182847555713e-09	0.800021987638885	-0.000181150638984355	16.8963235669302	0.349999999166811
4.375	9.25	-1.38012863285792e-09	0.80002430806608	-0.000185811565079089	16.8263215456821	0.349999999102916
4.625	9.25	-1.11342306727028e-09	0.800026809559463	-0.000190860533198549	16.756319313816	0.349999999276275
4.875	9.25	-2.80781936603098e-10	0.800029508279933	-0.000196316232863062	16.6863168547639	0.349999999817492
5.125	9.25	1.30266454772549e-09	0.800032422484991	-0.000202198900168225	16.6163141504322	0.350000000846732
5.375	9.25	3.74298318966771e-09	0.800035572856319	-0.000208530566206132	16.5463111810099	0.350000002432939
5.625	9.25	6.98337075807915e-09	0.800038982862046	-0.000215335337522803	16.4763079247563	0.350000004539191
5.875	9.25	1.07067756788553e-08	0.800042679163409	-0.000222639711060028	16.4063043577683	0.350000006959404
6.125	9.25	1.42409706268475e-08	0.800046692073748	-0.00023047292714145	16.3363004537221	0.350000009256631
6.375	9.25	1.64898852954174e-08	0.800051056084373	-0.000238867365091566	16.2662961835844	0.350000010718425
6.625	9.25	1.59220000449337e-08	0.800055810467309	-0.000247858987941907	16.1962915152807	0.3500000103493
6.875	9.25	1.06509662703556e-08	0.800060999971135	-0.000257487843591819	16.1262864133031	0.350000006923128
7.125	9.25	-1.35631207699108e-09	0.800066675626023	-0.00026779863168714	16.0562808382365	0.349999999118397
7.375	9.25	-2.19147222359327e-08	0.800072895677078	-0.00027884134713822	15.9862747461717	0.349999985755431
7.625	9.25	-5.20827225319756e-08	0.800079726669115	-0.00029067201309833	15.9162680879726	0.34999996614623
7.875	9.25	-9.14555635439382e-08	0.800087244710201	-0.00030335351809407	15.8462608083599	0.349999940553884
8.125	9.25	-1.37324140844632e-07	0.800095536947258	-0.00031695657426448	15.7762528447734	0.349999910739308
8.375	9.25	-1.83771302624826e-07	0.800104703293714	-0.000331560815820832	15.706244125979	0.349999880548653
8.625	9.25	-2.20822432973192e-07	0.800114858459571	-0.000347256059158408	15.6362345703929	0.349999856465419
8.875	9.25	-2.33818164240202e-07	0.80012613434435	-0.000364143748919853	15.5662240841129	0.349999848018193
9.125	9.25	-2.03232127297961e-07	0.800138682868421	-0.000382338617124697	15.4962125586611	0.349999867899117
9.375	9.25	-1.05212654863463e-07	0.800152679336651	-0.000401970586649472	15.426199868471	0.349999931611774
9.625	9.25	8.68205177367704e-08	0.800168326452104	-0.000423186954878372	15.3561858681833	0.350000056433336
9.875	9.25	3.99152871450832e-07	0.800185859127345	-0.00044615490006312	15.2861703898451	0.350000259449366
10.125	9.25	8.52935877284464e-07	0.800205550280844	-0.000471064361165512	15.2161532401498	0.35000055440832
10.375	9.25	1.45716542594419e-06	0.800227717855383	-0.000498131352569238	15.1461341978804	0.350000947157527
10.625	9.25	2.19919744757205e-06	0.800252733357705	-0.000527601787984954	15.0761130117466	0.350001429478341
10.875	9.25	3.03269915344415e-06	0.800281032294323	-0.00055975590222044	15.0060893988016	0.35000197125445
11.125	9.25	3.86324052019271e-06	0.800313126970138	-0.000594913374417327	14.9360630435864	0.350002511106338
11.375	9.25	4.53220024696165e-06	0.800349622220812	-0.000633439268275038	14.8660335980562	0.350002945930161
11.625	9.25	4.80032587294334e-06	0.800391234768543	-0.000675750910473465	14.7960006821615	0.350003120211817
11.875	9.25	4.33317020317748e-06	0.800438817018823	-0.000722325821208251	14.725963884669	0.350002816560632
12.125	9.25	2.69172629174286e-06	0.800493386247574	-0.000773710781627169	14.6559227633758	0.35000174962209
12.375	9.25	-6.67128827866996e-07	0.800556160257867	-0.000830532062813162	14.5858768432734	0.349999566366262
12.625	9.25	-6.37436496376252e-06	0.800628600701063	-0.000893506734591506	14.5158256104272	0.349995856662774
12.875	9.25	-1.51092771970208e-05	0.800712465347082	-0.000963454807404992	14.4457684983554	0.349990178969822
13.125	9.25	-2.75280323247719e-05	0.800809870634031	-0.00104131171805518	14.3757048625159	0.349982106778989
13.375	9.25	-4.4150709859067e-05	0.800923365805437	-0.00112814033695545	14.3056339371894	0.349971302038592
13.625	9.25	-6.51969544379924e-05	0.801056019825067	-0.00122514123436914	14.235554767643	0.349957621979615
13.875	9.25	-9.03608548039136e-05	0.801211522002209	-0.00133365938820693	14.1654661090627	0.349941265444377
14.125	9.25	-0.000118517158159545	0.801394296815707	-0.00145518484449636	14.0953662825029	0.349922963847196
14.375	9.25	-0.00014735352726255	0.801609632720689	-0.00159134406685836	14.0252529771472	0.349904220207279
14.625	9.25	-0.000172927239687206	0.801863823679696	-0.00174387786402153	13.9551229876923	0.349887597294203
14.875	9.25	-0.00018914934394946	0.802164320673658	-0.00191460092562725	13.8849718758024	0.349877052926433
15.125	9.25	-0.00018720447139019	0.80251988841109	-0.00210533722041575	13.8147935454752	0.349878317093596
15.375	9.25	-0.000154919713554829	0.802940759748743	-0.0023178249607445	13.7445797238866	0.349899302186189
15.625	9.25	-7.61005049934136e-05	0.803438776871376	-0.00255358470882594	13.6743193418472	0.349950534671754
15.875	9.25	7.01455190125509e-05	0.804027504002191	-0.00281374475102804	13.6039978113143	0.350045594587358
16.125	9.25	0.000310075045313022	0.804722291370158	-0.00309881941065302	13.5335962012567	0.350201548779453
16.375	9.25	0.000675946814308197	0.805540264527355	-0.0034084388625034	13.4630903172521	0.3504393654293
16.625	9.25	0.00120661764260211	0.806500207266991	-0.00374103361413492	13.3924496940845	0.350784301467691
16.875	9.25	0.00194809425283132	0.80762230098014	-0.00409348342393882	13.3216365137938	0.35126626126434
17.125	9.25	0.00295405314714297	0.808927679235483	-0.00446074917022292	13.250604463529	0.351920134545643
17.375	9.25	0.0042863595777297	0.810437754905439	-0.00483551689643117	13.1792975475465	0.352786133725524
17.625	9.25	0.00601563910225813	0.812173279764194	-0.00520789530280417	13.1076488651294	0.353910165416468
17.875	9.25	0.00822198048978583	0.814153104716237	-0.00556522006126036	13.0355793604263	0.355344287318361
18.125	9.25	0.0109958756918049	0.816392624096875	-0.00589202846662687	12.9629965406108	0.357147319199673
18.375	9.25	0.0144395293109969	0.818901910761449	-0.00617027328664501	12.889793144829	0.359385694052148
18.625	9.25	0.0186686931455559	0.821683580031969	-0.00637984180572323	12.8158457278905	0.362134650544611
18.875	9.25	0.0238151948575849	0.824730458951264	-0.00649943136825374	12.7410130999407	0.36547987665743
19.125	9.25	0.0300303226909599	0.828023180451999	-0.00650780319195775	12.6651345379692	0.369519709749124
19.375	9.25	0.037489181845492	0.83152786692909	-0.00638539044804671	12.5880276606995	0.37436796819957
19.625	9.25	0.0463960230616238	0.835194111455218	-0.00611617604679922	12.5094858424966	0.380157414990055
19.875	9.25	0.0569903172915689	0.838953506343866	-0.00568968563254019	12.4292750471852	0.38704370623952
20.125	9.25	0.0695529570253271	0.84271900998645	-0.00510287202485967	12.3471300091295	0.395209422066463
20.375	9.25	0.0844113479288992	0.846385489081193	-0.00436161329399009	12.2627498047759	0.404867376153784
20.625	9.25	0.10194128223707	0.849831828889543	-0.00348152567534117	12.175793077279	0.416261833454096
20.875	9.25	0.122562405737485	0.852925061190081	-0.00248782315423229	12.0858735316231	0.429665563729365
21.125	9.25	0.146723018084677	0.85552697815182	-0.00141405259706858	11.9925568183622	0.44536996175504
21.375	9.25	0.174869370646824	0.857503586016687	-0.000299700928126632	11.8953605278243	0.463665090920436
21.625	9.25	0.20739537763789	0.858737355229483	0.000813106870829389	11.7937595845472	0.484806995464628
21.875	9.25	0.244571797856882	0.859141400229768	0.00188336817928757	11.687199594891	0.508971668606973
22.125	9.25	0.286460286768772	0.858673494449939	0.00287480316089716	11.5751202745037	0.536199186399702
22.375	9.25	0.332826846296576	0.857346585427959	0.00375865608031457	11.4569895867234	0.566337450092774
22.625	9.25	0.38307832883063	0.855232027986909	0.00451523191829762	11.3323465418132	0.599000913739909
22.875	9.25	0.436249418247972	0.852452946896556	0.0051340358556033	11.2008472109119	0.633562121861182
23.125	9.25	0.491060164365557	0.849168088480314	0.0056127524790595	11.0623056006981	0.669189106837612
23.375	9.25	0.546044241826093	0.845550045377306	0.00595555203048304	10.9167202018751	0.70492875718696
23.625	9.25	0.599722435853608	0.841763842521012	0.00617124896997656	10.7642793382028	0.739819583304845
23.875	9.25	0.650777559947947	0.837951214469856	0.00627168719025236	10.6053435235908	0.773005413966165
24.125	9.25	0.698186882329123	0.834222977814531	0.00627050033090797	10.4404089353009	0.80382147351393
24.375	9.25	0.741286115989436	0.830658627660587	0.0061822153236415	10.2700603622303	0.831835975393133
24.625	9.25	0.779764288370666	0.827310404018271	0.00602159014546197	10.094923081126	0.856846787440933
24.875	9.25	0.813608370220859	0.824208985703231	0.00580308767412869	9.91562124238431	0.878845440643558
25.125	9.25	0.843023816648313	0.821368943631584	0.00554043620234223	9.73274693798508	0.897965480821403
25.375	9.25	0.868353678840764	0.818793182953803	0.00524627012161738	9.54684077499028	0.914429891246497
25.625	9.25	0.890010328194706	0.816476314704294	0.00493186345072609	9.35838246947663	0.928506713326559
25.875	9.25	0.908425261267033	0.814407179431163	0.00460696706887896	9.1677889176457	0.940476419823572
26.125	9.25	0.924016533735081	0.812570766760385	0.00427974870591488	8.97541710793195	0.950610746927803
26.375	9.25	0.937170439101972	0.810949704197292	0.00395682258028881	8.78156967877212	0.959160785416282
26.625	9.25	0.948233304681977	0.809525417690846	0.00364334796219815	8.58650154343277	0.966351648043285
26.875	9.25	0.957509726834073	0.808279023328417	0.00334317370157058	8.39042658132221	0.972381322442148
27.125	9.25	0.965264456014176	0.807191990590695	0.00305900757947507	8.19352384412761	0.977421896409215
27.375	9.25	0.971726040651566	0.806246611846845	0.00279259335932939	7.9959430318911	0.981621926423518
27.625	9.25	0.977091065448504	0.80542631153077	0.00254488308537024	7.79780918181793	0.985109192541528
27.875	9.25	0.981528336747804	0.804715827254911	0.00231619652431885	7.5992266141782	0.987993418886073
28.125	9.25	0.985182702608154	0.804101292585385	0.00210636320774711	7.40028222524697	0.9903687566953
28.375	9.25	0.988178394808799	0.803570247447772	0.00191484518911634	7.20104822974004	0.992315956625719
28.625	9.25	0.990621888338249	0.803111597772205	0.001740840456072	7.00158445021849	0.993904227419862
28.875	9.25	0.99260432531249	0.802715541612619	0.00158336809002218	6.8019402381664	0.995192811453118
29.125	9.25	0.994203568601245	0.802373474985525	0.00144133691071376	6.60215609646986	0.996232319590809
29.375	9.25	0.995485951130975	0.802077887267837	0.00131359963394541	6.40226505874502	0.997065868235134
29.625	9.25	0.996507779237433	0.801822253221112	0.00119899462661901	6.20229386866698	0.997730056504332
29.875	9.25	0.997316637909669	0.80160092653469	0.00109637725503248	6.00226399251856	0.998255814641285
30.125	9.25	0.997952535151537	0.801409038122059	0.00100464265355765	5.80219249051517	0.998669147848499
30.375	9.25	0.998448913345077	0.801242401170924	0.000922741534424428	5.6020927667623	0.9989917936743
30.625	9.25	0.998833547941156	0.801097424049119	0.00084969044301628	5.40197521358964	0.999241806161751
30.875	9.25	0.999129348074048	0.800971031528637	0.000784577653327286	5.20184776311035	0.999434076248131
31.125	9.25	0.999355069614271	0.800860594345689	0.000726565704373436	5.00171635684998	0.999580795249276
31.375	9.25	0.999525948456403	0.800763866816151	0.000674891404707599	4.80158534290457	0.999691866496662
31.625	9.25	0.999654260181779	0.800678932035113	0.000628863980097278	4.60145780910964	0.999775269118157
31.875	9.25	0.999749811355043	0.800604154076522	0.000587861908671695	4.40133585997151	0.999837377380778
32.125	9.25	0.999820367360802	0.800538136552443	0.000551328877344959	4.20122084451452	0.999883238784521
32.375	9.25	0.999872021653401	0.800479686872312	0.000518769201413565	4.0011135416574	0.999916814074711
32.625	9.25	0.999909511400601	0.800427785549107	0.000489742974043713	3.80101430920424	0.999941182410391
32.875	9.25	0.99993648459403	0.800381559922815	0.000463861150694583	3.60092320200088	0.999958714986119
33.125	9.25	0.999955723647755	0.800340261712128	0.000440780721575737	3.40084006427129	0.999971220371041
33.375	9.25	0.999969330251291	0.80030324786713	0.000420200078438682	3.20076460062679	0.999980064663339
33.625	9.25	0.999978875860807	0.80026996428338	0.00040185463792859	3.00069642975363	0.999986269309525
33.875	9.25	0.999985521969622	0.800239932043325	0.000385512744988292	2.80063512432856	0.999990589280255
34.125	9.25	0.999990114603756	0.800212735936938	0.000370971857134598	2.60058024024219	0.999993574492441
34.375	9.25	0.999993258617033	0.800188015011615	0.000358055020589371	2.40053133763635	0.999995618101071
34.625	9.25	0.999995378941689	0.800165454738503	0.000346607703542566	2.20048799550308	0.999996996312098
34.875	9.25	0.999996776422401	0.800144780059479	0.000336495134557799	2.00044982069178	0.999997904674561
35.125	9.25	0.999997682498025	0.800125748282719	0.000327600339750868	1.80041645145305	0.999998493623716
35.375	9.25	0.999998307340964	0.800108140960568	0.0003198229651525	1.60038755577103	0.999998899771626
35.625	9.25	0.999998861253436	0.800091755070037	0.000313078600640815	1.40036282644597	0.999999259814733
35.875	9.25	0.999999518073692	0.800076396237011	0.000307297713619505	1.20034197827057	0.9999996867479
36.125	9.25	1.00000030027363	0.800061879493255	0.000302422781196591	1.00032475601457	1.00000019517786
36.375	9.25	1.00000091876856	0.80004804345224	0.000298402480988393	0.800310961097764	1.00000059719956
36.625	9.25	1.00000069842279	0.800034777808254	0.00029518370260824	0.600300494134668	1.00000045397482
36.875	9.25	0.999998816456719	0.800022048484783	0.000292705919200416	0.400293387220468	0.999999230696867
37.125	9.25	0.999995060571629	0.800011040358584	0.000290906766979398	0.200289771918286	0.999996789371559
37.375	9.25	0.999991022875687	0.399995358910193	0.000289836797007378	0.000289144947816462	0.999994164869196
0.125	9.75	-3.62824325369791e-12	0.400000208275137	-0.000149208066734391	18.0163627251272	0.349999999997642
0.375	9.75	-5.5698873589178e-12	0.800000628954486	-0.0001494420076776	17.9463626886912	0.34999999999638
0.625	9.75	-7.43430191430062e-12	0.800001061981271	-0.000149911243729923	17.8763626150966	0.349999999995168
0.875	9.75	-6.70049459901595e-12	0.800001515481563	-0.000150618465276083	17.8063625029047	0.349999999995645
1.125	9.75	-3.73188703120204e-13	0.80000199743461	-0.000151567664749175	17.7363623499708	0.349999999999757
1.375	9.75	1.4286242299487e-11	0.800002515633815	-0.000152764089465505	17.6663621534589	0.350000000009286
1.625	9.75	3.84023728877441e-11	0.800003077666456	-0.000154214185653334	17.5963619098598	0.350000000024962
1.875	9.75	6.97153763837849e-11	0.80000369091577	-0.000155925539532652	17.5263616150095	0.350000000045315
2.125	9.75	1.00832638089092e-10	0.800004362585331	-0.000157906820398985	17.4563612641073	0.350000000065541
2.375	9.75	1.18159236592727e-10	0.800005099748382	-0.000160167732091596	17.3863608517306	0.350000000076803
2.625	9.75	1.02298871039096e-10	0.800005909419625	-0.000162718977697097	17.3163603718442	0.350000000066494
2.875	9.75	3.06884165430959e-11	0.800006798649228	-0.000165572242500905	17.2463598178032	0.350000000019947
3.125	9.75	-1.17003746728874e-10	0.800007774636091	-0.000168740199171213	17.1763591823445	0.349999999923948
3.375	9.75	-3.50624484969964e-10	0.800008844859025	-0.000172236538099644	17.1063584575685	0.349999999772094
3.625	9.75	-6.58965168482407e-10	0.800010017223222	-0.000176076025729193	17.0363576349061	0.349999999571673
3.875	9.75	-9.98229172892368e-10	0.800011300219803	-0.000180274592307365	16.9663567050713	0.349999999351151
4.125	9.75	-1.28191846969183e-09	0.800012703098225	-0.00018484945094702	16.8963556579978	0.349999999166753
4.375	9.75	-1.3757181742858e-09	0.800014236050575	-0.000189819248993841	16.8263544827582	0.349999999105783
4.625	9.75	-1.10212926170844e-09	0.800015910408344	-0.000195204253284369	16.7563531674678	0.349999999283616
4.875	9.75	-2.60294407242297e-10	0.800017738853945	-0.000201026570976882	16.6863516991703	0.349999999830809
5.125	9.75	1.33398062482611e-09	0.800019735650132	-0.000207310408230287	16.6163500637091	0.350000000867087
5.375	9.75	3.78524957333994e-09	0.800021916891491	-0.000214082369956815	16.546348245584	0.350000002460412
5.625	9.75	7.03413583216563e-09	0.800024300784077	-0.000221371804595385	16.4763462277948	0.350000004572188
5.875	9.75	1.07597921362994e-08	0.800026907958945	-0.000229211199133743	16.4063439916708	0.350000006993865
6.125	9.75	1.428493756684e-08	0.800029761827858	-0.000237636631023835	16.3363415166846	0.350000009285209
6.375	9.75	1.65073468663188e-08	0.800032888988681	-0.000246688285050538	16.2663387802446	0.350000010729775
6.625	9.75	1.58886443785643e-08	0.800036319690318	-0.000256411045229082	16.1963357574555	0.350000010327619
6.875	9.75	1.05356066710168e-08	0.800040088367339	-0.000266855173634672	16.126332420832	0.350000006848144
7.125	9.75	-1.59074657522128e-09	0.800044234257217	-0.00027807709084455	16.0563287399451	0.349999998966015
7.375	9.75	-2.23087695891175e-08	0.800048802113406	-0.000290140274985604	15.9863246809733	0.3499999854993
7.625	9.75	-5.26759413339993e-08	0.800053843032216	-0.000303116300038256	15.9163202061284	0.349999965760638
7.875	9.75	-9.22791266882822e-08	0.800059415414008	-0.000317086037314788	15.8463152729221	0.349999940018568
8.125	9.75	-1.38389039626741e-07	0.800065586083826	-0.00033214104872266	15.7763098332388	0.349999910047124
8.375	9.75	-1.85050090896697e-07	0.800072431603974	-0.000348385204887481	15.7063038321863	0.349999879717441
8.625	9.75	-2.22221782050546e-07	0.800080039817426	-0.00036593656768484	15.6362972067022	0.349999855555842
8.875	9.75	-2.35139087987e-07	0.80008851167168	-0.000384929583382665	15.5662898839108	0.349999847159593
9.125	9.75	-2.04115022103341e-07	0.800097963385921	-0.000405517641991112	15.4962817792446	0.349999867325236
9.375	9.75	-1.0506593619103e-07	0.800108529040348	-0.000427876069140716	15.4262727943702	0.349999931707141
9.625	9.75	8.8905560096699e-08	0.800120363689559	-0.00045220563168159	15.3562628149932	0.350000057788614
9.875	9.75	4.04491345475498e-07	0.800133647130538	-0.000478736656371427	15.2862517086503	0.350000262919375
10.125	9.75	8.63321814288447e-07	0.800148588494051	-0.000507733884553379	15.2162393226402	0.350000561159179
10.375	9.75	1.47489047860151e-06	0.800165431877502	-0.000539502215187512	15.1462254822749	0.350000958678811
10.625	9.75	2.22695717387263e-06	0.800184463299122	-0.000574393524029566	15.0762099896642	0.350001447522163
10.875	9.75	3.07330204150402e-06	0.800206019331558	-0.000612814789060724	15.0061926232462	0.350001997646327
11.125	9.75	3.9190057253042e-06	0.800230497865594	-0.000655237798162967	14.9361731382463	0.350002547353721
11.375	9.75	4.60390146327492e-06	0.800258371565812	-0.000702210763959149	14.8661512681535	0.350002992535951
11.625	9.75	4.88551655652958e-06	0.800290204707135	-0.00075437221480799	14.7961267271302	0.350003175585762
11.875	9.75	4.42371767704508e-06	0.80032667422252	-0.000812467563921052	14.7260992129844	0.35000287541649
12.125	9.75	2.77039987455664e-06	0.800368595946454	-0.000877368767048042	14.6560684098967	0.350001800759918
12.375	9.75	-6.31114382400767e-07	0.800416957199164	-0.000950097447880782	14.5860339894924	0.349999589775651
12.625	9.75	-6.4308395746308e-06	0.800472957018272	-0.00103185177737982	14.5159956080402	0.349995819954276
12.875	9.75	-1.53334482796623e-05	0.800538055497204	-0.0011240372132428	14.4459528965438	0.349990033258618
13.125	9.75	-2.802720445246e-05	0.800614033821648	-0.00122830090681257	14.3759054392746	0.349981782317106
13.375	9.75	-4.50705722076892e-05	0.800703066686859	-0.00134656913107965	14.3058527349065	0.349970704128065
13.625	9.75	-6.67261484158082e-05	0.800807808805376	-0.00148108643686335	14.2357941329147	0.34995662800353
13.875	9.75	-9.27319619862413e-05	0.800931497136447	-0.00163445436363643	14.1657287363944	0.349939724224709
14.125	9.75	-0.000122001586895281	0.801078070234393	-0.00180966638170257	14.0956552610615	0.349920698968518
14.375	9.75	-0.000152247055938369	0.80125230564349	-0.0020101342967727	14.0255718390756	0.34990103941364
14.625	9.75	-0.000179522246803632	0.801459975462963	-0.00223969959876938	13.9554757556392	0.349883310539578
14.875	9.75	-0.000197689094479173	0.801708018934484	-0.00250262121065333	13.8853631062559	0.349871502088589
15.125	9.75	-0.000197814335193137	0.80200472900237	-0.00280352886731423	13.8152283632045	0.349871420682124
15.375	9.75	-0.000167509989846993	0.802359947081581	-0.00314732908023469	13.7450638413239	0.349891118506599
15.625	9.75	-9.02357640776977e-05	0.802785256545481	-0.00353904857584967	13.6748590556316	0.349941346753349
15.875	9.75	5.54148268552962e-05	0.803294160550037	-0.00398359861758039	13.6045999665617	0.350036019637456
16.125	9.75	0.000296421357583598	0.803902223648596	-0.00448544327318399	13.5342681125682	0.350192673882429
16.375	9.75	0.000666014719379067	0.804627149273238	-0.00504815617385734	13.463839634222	0.350432909567596
16.625	9.75	0.00120431020400699	0.805488756848441	-0.00567385447734416	13.3932841983973	0.350782801632605
16.875	9.75	0.00195888835292471	0.806508813682054	-0.00636250652354737	13.3225638352346	0.351273277429401
17.125	9.75	0.00298533025363424	0.807710668905082	-0.00711112193160766	13.2516317037601	0.351940464664862
17.375	9.75	0.0043477321465631	0.809118631178075	-0.00791285024127298	13.180430803739	0.352826025895266
17.625	9.75	0.00611924659963655	0.810757030725165	-0.00875603669123786	13.1088926508525	0.353977510289764
17.875	9.75	0.00838272369953493	0.812648911985089	-0.00962331047554072	13.0369359288828	0.355448770404698
18.125	9.75	0.0112315549279704	0.814814318377005	-0.0104908096811622	12.9644651254131	0.357300510703181
18.375	9.75	0.0147708530973279	0.817268157626123	-0.0113276744504203	12.8913691457668	0.359601054513263
18.625	9.75	0.0191191307185333	0.820017676067112	-0.0120959606680308	12.8175198827926	0.362427434967047
18.875	9.75	0.0244106600461187	0.823059623022728	-0.0127511346595747	12.7427706974276	0.365866929029977
19.125	9.75	0.030798698727033	0.826377249385417	-0.0132432991171572	12.6669547377147	0.370019154172571
19.375	9.75	0.0384597245325313	0.829937353616154	-0.013519267342988	12.5898829953999	0.374998820946145
19.625	9.75	0.0475987077822532	0.83368765819151	-0.0135255452902381	12.5113419767188	0.380939160058465
19.875	9.75	0.0584552129494761	0.837554865361306	-0.0132122002263484	12.4310908609596	0.387995888417159
20.125	9.75	0.071309701611979	0.841443800472772	-0.0125374940900332	12.3488580585362	0.396351306047786
20.375	9.75	0.0864887480502659	0.845238103752362	-0.0114730395661753	12.2643371903619	0.406217686232673
20.625	9.75	0.104366949252417	0.848802974317743	-0.0100090924368242	12.1771827293718	0.417838517014071
20.875	9.75	0.125362177703383	0.851990485342006	-0.0081594151045353	12.0870059068191	0.431485415507199
21.125	9.75	0.149919736456716	0.854647924380621	-0.00596493298950164	11.9933719998017	0.447447828696865
21.375	9.75	0.178480468234198	0.856629364906497	-0.00349519793670566	11.8958007327796	0.466012304352229
21.625	9.75	0.211428818962838	0.857810103747998	-0.000846587141590992	11.7937720929417	0.487428732325845
21.875	9.75	0.249020328269922	0.858102608718573	0.00186360533916637	11.6867400926931	0.511863213375449
22.125	9.75	0.291294735783394	0.857471326497663	0.0045073067498723	11.5741565196002	0.539341578259206
22.375	9.75	0.337990219551501	0.855942600155804	0.00695896439334287	11.4555051298415	0.569693642708476
22.625	9.75	0.388483148985586	0.853605880913808	0.00910965348931425	11.3303439975501	0.602514046840631
22.875	9.75	0.441780617886668	0.850604116710948	0.0108789270062622	11.1983503703246	0.637157401626334
23.125	9.75	0.496584423267823	0.847114514837397	0.0122217294666389	11.059359650982	0.672779875124085
23.375	9.75	0.551424346754323	0.843324396328127	0.0131291546868216	10.9133895799238	0.70842582539031
23.625	9.75	0.604833141933242	0.839408584819305	0.0136236766878787	10.7606432690824	0.743141542256607
23.875	9.75	0.655518771920255	0.83551361216776	0.0137508539786342	10.6014898941521	0.776087201748165
24.125	9.75	0.70249114339312	0.83175076747502	0.0135699146023782	10.4364275683135	0.806619243205528
24.375	9.75	0.745119639065033	0.828196695142501	0.0131451796438848	10.2660368172014	0.834327765392271
24.625	9.75	0.783122824353734	0.824898497609657	0.0125394358595267	10.0909338301225	0.859029835829927
24.875	9.75	0.816510223963732	0.821880362336082	0.0118095655697717	9.91173061791605	0.880731645576426
25.125	9.75	0.845502235225987	0.819149796447467	0.011004208183497	9.72900581971478	0.899576452896892
25.375	9.75	0.870450118904269	0.816702683601642	0.0101629821082261	9.54328669571518	0.915792577287775
25.625	9.75	0.891769288725482	0.81452710110126	0.00931675657611223	9.35504070423291	0.929650037671564
25.875	9.75	0.909890756150268	0.81260612832676	0.00848853406330058	9.16467413317005	0.941428991497674
26.125	9.75	0.925229949631939	0.810919911346453	0.00769461428297255	8.9725352331419	0.95139946726076
26.375	9.75	0.938169417928781	0.809447186724046	0.00694581933322964	8.77891976045509	0.959810121653707
26.625	9.75	0.949051311865476	0.808166399463312	0.00624864840897776	8.58407744511395	0.96688335271256
26.875	9.75	0.958176039894343	0.807056504148856	0.00560629509559016	8.38821845510703	0.972814425931323
27.125	9.75	0.965804387718378	0.806097513596281	0.00501950295843466	8.1915193540258	0.977772852016946
27.375	9.75	0.972161277098075	0.805270846938579	0.00448726073386466	7.99412833667708	0.981904830113749
27.625	9.75	0.977440047168236	0.804559521824513	0.00400735194785803	7.7961697011479	0.985336030659353
27.875	9.75	0.981806642349849	0.803948229464813	0.00357677948592943	7.59774760823168	0.988174317527402
28.125	9.75	0.985403413832642	0.80342332531758	0.0031920866844809	7.39894921922031	0.990512218991217
28.375	9.75	0.98835243308698	0.802972762193868	0.00284959507802641	7.19984731258444	0.992429081506537
28.625	9.75	0.990758319168496	0.802585986832398	0.00254557639046817	7.00050247367466	0.993992907459522
28.875	9.75	0.992710630028558	0.802253815869522	0.0022763735044519	6.80096493834561	0.995261909518563
29.125	9.75	0.994285884741387	0.801968302804714	0.00203848240767137	6.60127615649024	0.996285825081902
29.375	9.75	0.995549283380129	0.801722604076566	0.00182860469400551	6.40147012751185	0.997107034197084
29.625	9.75	0.996556183234913	0.801510849662575	0.00164367815286432	6.20157454789435	0.997761519102694
29.875	9.75	0.997353379315305	0.80132802159107	0.0014808913050951	6.00161180154743	0.998279696554948
30.125	9.75	0.997980226355298	0.801169842279968	0.00133768639890981	5.80159981636654	0.998687147130944
30.375	9.75	0.99846963014137	0.801032673575728	0.0012117543144635	5.60155280513017	0.99900525959189
30.625	9.75	0.998848928392789	0.800913426652152	0.00110102399090343	5.40148190507538	0.999251803455313
30.875	9.75	0.999140675672796	0.800809482457462	0.00100364833982676	5.20139572787912	0.999441439187317
31.125	9.75	0.999363342710496	0.800718622103071	0.000917988105899436	5.00130083000222	0.999586172761822
31.375	9.75	0.999531937783225	0.80063896641762	0.000842594747302839	4.80120211216185	0.999695759559096
31.625	9.75	0.999658556143962	0.800568923808078	0.000776193110602203	4.60110315587789	0.999778061493575
31.875	9.75	0.999752862594064	0.800507145547913	0.000717664446826824	4.40100650443482	0.999839360686142
32.125	9.75	0.999822511950929	0.800452487629774	0.000666030142538388	4.20091389510535	0.999884632768104
32.375	9.75	0.999873512133676	0.800403978360944	0.000620436409897498	4.00082644902101	0.999917782886889
32.625	9.75	0.999910534706352	0.800360790933076	0.000580140083491676	3.80074482460994	0.999941847559129
32.875	9.75	0.999937177815205	0.800322220258251	0.000544495600692474	3.60066934003628	0.999959165579883
33.125	9.75	0.999956186401408	0.800287663432389	0.000512943188707294	3.40060006957699	0.999971521160915
33.375	9.75	0.999969634302916	0.800256603272148	0.000484998237757645	3.20053691838265	0.999980262296895
33.625	9.75	0.99997907246707	0.800228594478601	0.000460241801572254	3.00047967960876	0.999986397103595
33.875	9.75	0.999985647274396	0.800203252102017	0.00043831213504676	2.80042807747061	0.999990670728357
34.125	9.75	0.999990193365764	0.800180242077427	0.000418897165453964	2.60038179931812	0.999993625687747
34.375	9.75	0.999993306658761	0.800159273596124	0.000401727815895774	2.40034051924779	0.999995649328195
34.625	9.75	0.999995405005787	0.80014009289725	0.000386572170429128	2.20030391498054	0.999997013253762
34.875	9.75	0.999996784459728	0.800122477711185	0.00037323057314128	2.00027167878873	0.999997909898823
35.125	9.75	0.99999767540226	0.800106231269747	0.000361531816534735	1.80024352251092	0.999998489011469
35.375	9.75	0.999998292232039	0.800091174991539	0.000351330469144227	1.60021917687222	0.999998889950825
35.625	9.75	0.999998854245861	0.800077140252213	0.000342504991620851	1.40019838723248	0.999999255259809
35.875	9.75	0.999999543592382	0.800063962271502	0.000334955614052758	1.20018091159021	0.999999703335048
36.125	9.75	1.00000037853706	0.80005148208512	0.000328600352336307	1.00016653031928	1.00000024604909
36.375	9.75	1.00000103871072	0.800039562911354	0.000323367817864579	0.800155076138594	1.00000067516197
36.625	9.75	1.00000078540117	0.800028120648378	0.000319187595815647	0.600146481099548	1.00000051051076
36.875	9.75	0.999998723392801	0.800017151564902	0.000315983270968351	0.400140812025466	0.99999917020532
37.125	9.75	0.999994626704251	0.800007971282551	0.000313678238205212	0.200138235577602	0.999996507357763
37.375	9.75	0.999990233273867	0.399993672233818	0.000312329688179126	0.000138220767612237	0.999993651628013
0.125	10.25	-3.63622990548879e-12	0.399999966081202	-0.000149556783120904	18.0163889082762	0.349999999997636
0.375	10.25	-5.56464458441134e-12	0.799999901083307	-0.000149804651375065	17.9463889142236	0.349999999996383
0.625	10.25	-7.39583272040431e-12	0.799999844576643	-0.000150301636015144	17.8763889256214	0.349999999995193
0.875	10.25	-6.60601062145853e-12	0.799999802154568	-0.000151050225173528	17.8063889414803	0.349999999995706
1.125	10.25	-2.07177820307194e-13	0.799999779316786	-0.000152054131605795	17.7363889603241	0.349999999999865
1.375	10.25	1.45161200644581e-11	0.799999781443013	-0.000153318272035158	17.6663889802003	0.350000000009435
1.625	10.25	3.86460578427486e-11	0.799999813779049	-0.000154848744119361	17.5963889986907	0.35000000002512
1.875	10.25	6.98633986589663e-11	0.799999881435566	-0.000156652803880996	17.5263890129243	0.350000000045411
2.125	10.25	1.00709672921987e-10	0.799999989401656	-0.000158738847830717	17.4563890195893	0.350000000065461
2.375	10.25	1.17537670254562e-10	0.800000142573203	-0.000161116403036202	17.3863890149436	0.350000000076399
2.625	10.25	1.00939980236595e-10	0.800000345796364	-0.00016379612925075	17.3163889948221	0.350000000065611
2.875	10.25	2.84140848112091e-11	0.800000603924411	-0.000166789836606735	17.2463889546396	0.350000000018469
3.125	10.25	-1.20211268164081e-10	0.800000921888772	-0.000170110522004094	17.1763888893877	0.349999999921863
3.375	10.25	-3.54500694835827e-10	0.800001304780234	-0.000173772427457804	17.1063887936235	0.349999999769575
3.625	10.25	-6.62826875537373e-10	0.80000175794192	-0.000177791122929703	17.03638866145	0.349999999569163
3.875	10.25	-1.00083646251412e-09	0.800002287070433	-0.000182183616388851	16.9663884864864	0.349999999349456
4.125	10.25	-1.28136537692222e-09	0.80000289832507	-0.000186968493214442	16.8963882618272	0.349999999167112
4.375	10.25	-1.36941492831524e-09	0.800003598445335	-0.000192166088089461	16.8263879799911	0.34999999910988
4.625	10.25	-1.08697791343091e-09	0.800004394875346	-0.000197798691613128	16.7563876328582	0.349999999293464
4.875	10.25	-2.33183111322197e-10	0.800005295897498	-0.000203890795439666	16.6863872115981	0.349999999848431
5.125	10.25	1.37525610740604e-09	0.800006310776057	-0.000210469379843176	16.6163867065894	0.350000000893916
5.375	10.25	3.84059511902436e-09	0.800007449913966	-0.000217564248446101	16.5463861073326	0.350000002496387
5.625	10.25	7.09935918489276e-09	0.800008725025658	-0.000225208416120272	16.4763854023593	0.350000004614583
5.875	10.25	1.0824567474556e-08	0.800010149329356	-0.000233438557367121	16.4063845791367	0.350000007035969
6.125	10.25	1.43308173100551e-08	0.800011737763389	-0.000242295523839293	16.3363836239679	0.350000009315031
6.375	10.25	1.6506212258153e-08	0.800013507230351	-0.000251824941407004	16.2663825218843	0.350000010729038
6.625	10.25	1.58021042056394e-08	0.800015476874155	-0.000262077899759802	16.1963812565203	0.350000010271368
6.875	10.25	1.03159889805465e-08	0.800017668395228	-0.000273111749491486	16.1263798099595	0.350000006705393
7.125	10.25	-1.99700449821061e-09	0.800020106409593	-0.00028499102489365	16.0563781625336	0.349999998701947
7.375	10.25	-2.29543324867042e-08	0.80002281885891	-0.000297788514473488	15.9863762925501	0.349999985079684
7.625	10.25	-5.36011468776861e-08	0.800025837479891	-0.000311586504667622	15.9163741759234	0.349999965159255
7.875	10.25	-9.34943880923302e-08	0.800029198343619	-0.000326478227912084	15.846371785679	0.349999939228648
8.125	10.25	-1.39849258032126e-07	0.800032942478684	-0.000342569551905873	15.7763690913036	0.349999909097982
8.375	10.25	-1.86619064805854e-07	0.800037116595187	-0.000359980954159466	15.7063660579187	0.349999878697608
8.625	10.25	-2.23624742283544e-07	0.800041773932993	-0.000378849834788285	15.6363626452647	0.349999854643917
8.875	10.25	-2.35902352408192e-07	0.800046975263464	-0.000399333231868011	15.5663588064993	0.349999846663471
9.125	10.25	-2.03493947493121e-07	0.800052790084287	-0.000421611017381749	15.4963544868372	0.349999867728934
9.375	10.25	-1.01966650219584e-07	0.800059298059261	-0.000445889670055506	15.4263496220846	0.349999933721677
9.625	10.25	9.59977501407411e-08	0.800066590771959	-0.000472406744412791	15.3563441371615	0.350000062398538
9.875	10.25	4.17552379277718e-07	0.800074773886183	-0.000501436184955764	15.2863379447433	0.350000271409047
10.125	10.25	8.84756913807886e-07	0.800083969837626	-0.00053329467223278	15.2163309441976	0.350000575091994
10.375	10.25	1.50736609762674e-06	0.800094321221773	-0.00056834923468351	15.1463230210361	0.350000979787963
10.625	10.25	2.27300518224281e-06	0.800105995097653	-0.000607026418147887	15.0763140471338	0.350001477453368
10.875	10.25	3.13457249123796e-06	0.800119188493643	-0.000649823373556617	15.0063038819825	0.350002037472119
11.125	10.25	3.995012061406e-06	0.800134135484254	-0.000697321302731349	14.9362923752229	0.35000259675784
11.375	10.25	4.69007517714516e-06	0.800151116305849	-0.000750201788276746	14.8662793706197	0.350003048548865
11.625	10.25	4.97037655490082e-06	0.800170469094487	-0.000809266622164759	14.796264711483	0.350003230744761
11.875	10.25	4.48497665713749e-06	0.800192604961177	-0.00087546182818564	14.7262482472586	0.350002915234827
12.125	10.25	2.76989400242849e-06	0.800218027266392	-0.000949906633802982	14.656229840585	0.350001800431102
12.375	10.25	-7.53651998775594e-07	0.800247356118036	-0.00103392816527684	14.5862093735052	0.349999510126201
12.625	10.25	-6.76490866532254e-06	0.80028135928999	-0.00112910259157561	14.5161867507043	0.349995602809368
12.875	10.25	-1.60051984354337e-05	0.800320990941093	-0.0012373032907573	14.4461618965982	0.349989596621017
13.125	10.25	-2.92059944948637e-05	0.800367439702452	-0.00136075631424313	14.3761347418298	0.349981016103578
13.375	10.25	-4.69727964545181e-05	0.80042218788377	-0.00150210292488313	14.3061051932616	0.349969467682305
13.625	10.25	-6.96134891092231e-05	0.800487083714556	-0.00166446822002066	14.2360730799348	0.349954751232079
13.875	10.25	-9.69000016097025e-05	0.800564428655796	-0.00185153374797358	14.1660380657996	0.349937014998954
14.125	10.25	-0.000127753216459917	0.800657081849396	-0.00206761050709654	14.0959995184063	0.349916960409301
14.375	10.25	-0.00015984335512338	0.800768583647965	-0.00231770670095309	14.0259563213556	0.34989610181917
14.625	10.25	-0.000189101529221435	0.800903299785611	-0.00260758204532233	13.9559066172812	0.349877084006006
14.875	10.25	-0.000209142687456598	0.801066586963641	-0.00294377724129376	13.8858474676732	0.349864057253153
15.125	10.25	-0.000210605531734033	0.801264979243866	-0.00333360345895292	13.8157744160815	0.349863106404373
15.375	10.25	-0.000180420667832475	0.801506392416463	-0.00378507242403653	13.7456809423072	0.349882726565909
15.625	10.25	-0.000101023684845378	0.801800340156703	-0.00430674321072849	13.6755577971504	0.34993433460485
15.875	10.25	5.04657004800208e-05	0.802158150995836	-0.00490745756602535	13.6053922101468	0.350032802705312
16.125	10.25	0.000303074612239341	0.802593168635545	-0.00559593223869096	13.5351669664091	0.350196998497956
16.375	10.25	0.00069279407936191	0.803120909768294	-0.00638017540309412	13.464859353038	0.350450316151585
16.625	10.25	0.00126336110359244	0.803759143394989	-0.00726669626301682	13.3944399803357	0.350821184717335
16.875	10.25	0.00206699116534337	0.80452784411287	-0.00825948404239003	13.3238714879469	0.351343544257473
17.125	10.25	0.00316505704963073	0.80544896001005	-0.00935874678978634	13.2531071506733	0.35205728708226
17.375	10.25	0.00462872445292992	0.806545925443588	-0.010559423669795	13.1820894025928	0.353008670894404
17.625	10.25	0.0065395736885335	0.807842842787109	-0.0118495181257331	13.110748300696	0.354250722897547
17.875	10.25	0.00899026003745516	0.809363258802607	-0.0132083437990063	13.0389999497589	0.355843669024346
18.125	10.25	0.0120852927683234	0.811128474850421	-0.0146048288395095	12.966744907685	0.35785544029941
18.375	10.25	0.0159420437008584	0.813155359976033	-0.0159960831310646	12.8938665838874	0.360362328405558
18.625	10.25	0.020692127672573	0.815453685314819	-0.0173264899152275	12.8202296312362	0.363449882987172
18.875	10.25	0.0264833228160752	0.818023068263539	-0.0185276285312177	12.7456783137378	0.367214159830449
19.125	10.25	0.0334822048270768	0.820849702894161	-0.019519357067337	12.670034807599	0.3717634331376
19.375	10.25	0.0418776325832426	0.823903152080531	-0.0202123713367486	12.5930973652842	0.377220461179108
19.625	10.25	0.0518851046895081	0.827133575490839	-0.0205125002099452	12.514638247614	0.38372531804818
19.875	10.25	0.063751754627179	0.83046985204746	-0.0203268891726841	12.4344013217949	0.391438640507666
20.125	10.25	0.0777613030665525	0.833819111553986	-0.0195720548680757	12.3520992565273	0.400544846993259
20.375	10.25	0.0942375850097418	0.837068205192961	-0.018183546993139	12.2674103516049	0.411254430256332
20.625	10.25	0.113544310891178	0.840087605194563	-0.0161266036282059	12.1799752568699	0.423803802079266
20.875	10.25	0.136077615894354	0.842738108736976	-0.013406706676332	12.0893941955045	0.43845045033133
21.125	10.25	0.162247021684048	0.844880489376419	-0.0100783532879047	11.9952258099619	0.455460564094631
21.375	10.25	0.192440294304665	0.84638782682965	-0.0062497900709136	11.8969893283804	0.475086191298032
21.625	10.25	0.226969229388268	0.847159589103206	-0.00208122102455962	11.7941722307876	0.497529999102374
21.875	10.25	0.265997561844468	0.847135651659203	0.0022254555094044	11.6862456792531	0.522898415198904
22.125	10.25	0.309459305925433	0.84630752198061	0.00644566453227976	11.5726892919877	0.551148548851531
22.375	10.25	0.356984625242155	0.844723569051121	0.0103576080086573	11.4530251044127	0.582040006407401
22.625	10.25	0.407857225240982	0.842485653605248	0.0137692252522387	11.3268578431347	0.615107196406638
22.875	10.25	0.461026979876174	0.8397365509131	0.016540489196492	11.1939156176074	0.649667536919513
23.125	10.25	0.515190050244056	0.836640480505371	0.0185959292240912	11.0540830626832	0.684873532658636
23.375	10.25	0.568927632019681	0.833361556211434	0.0199253273318723	10.9074191652912	0.719802960812792
23.625	10.25	0.620872451974882	0.830045578496314	0.0205741174255417	10.7541550138144	0.753567093783673
23.875	10.25	0.669861038418964	0.826808880004446	0.0206274925102226	10.5946716575803	0.785409674972327
24.125	10.25	0.715036127503069	0.82373495273833	0.0201928152827093	10.4294631768942	0.814773482876995
24.375	10.25	0.755883389404328	0.820877038560483	0.0193839540666297	10.2590929697856	0.841324203112813
24.625	10.25	0.792208771871534	0.818263831652069	0.0183095196584947	10.0841513275954	0.864935701716497
24.875	10.25	0.824077039705294	0.815905833505188	0.0170654620830121	9.90522018036117	0.885650075808441
25.125	10.25	0.851735194039831	0.813800933712545	0.0157314939002439	9.72284780762867	0.90362787612589
25.375	10.25	0.875539336923304	0.811938736071349	0.0143703658685444	9.53753358775283	0.919100569000147
25.625	10.25	0.895895395031212	0.810303701855615	0.0130289757194446	9.34972114286796	0.932332006770288
25.875	10.25	0.91321691036925	0.808877376667032	0.011740456552918	9.15979756225223	0.943590991740012
26.125	10.25	0.927898511717618	0.80763996295678	0.0105266273145943	8.96809645287182	0.953134032616452
26.375	10.25	0.940301627389607	0.806571430776372	0.0094004121411941	8.77490300816921	0.961196057803244
26.625	10.25	0.950748676308053	0.805652292816937	0.00836801270891042	8.58045982666032	0.967986639600234
26.875	10.25	0.959522530471606	0.804864125839193	0.00743074132261288	8.38497269421277	0.973689644806544
27.125	10.25	0.966868878391235	0.804189896309847	0.00658649953473389	8.18861590835536	0.978464770954303
27.375	10.25	0.972999912184486	0.803614135315443	0.00583092937652794	7.99153696720185	0.982449942919916
27.625	10.25	0.978098383943895	0.803123000219374	0.0051582832909216	7.79386059223792	0.985763949563532
27.875	10.25	0.982321512733537	0.802704254621559	0.00456206372968533	7.59569213165077	0.988508983276799
28.125	10.25	0.985804502354254	0.802347192687023	0.00403548059384121	7.39712042393777	0.990772926530265
28.375	10.25	0.988663594060508	0.802042528632484	0.00357176842753123	7.1982202087651	0.99263133613933
28.625	10.25	0.990998665900389	0.801782267286391	0.00316439797953473	6.99905416592834	0.994149132835253
28.875	10.25	0.992895430404908	0.801559567379602	0.00280720972930806	6.7996746514925	0.99538202976319
29.125	10.25	0.994427295067343	0.801368605695842	0.00249449082577425	6.60012518713415	0.996377741793773
29.375	10.25	0.995656948344082	0.801204447423834	0.00222101178898854	6.40044174660589	0.997177016423653
29.625	10.25	0.996637725599351	0.801062925941755	0.00198203524709441	6.20065387304242	0.997814521639579
29.875	10.25	0.997414798976039	0.800940533727775	0.00177330579950174	6.00078565275646	0.998319619334425
30.125	10.25	0.998026224975121	0.800834325014404	0.00159102765889981	5.8008565650916	0.998717046233828
30.375	10.25	0.998503874685351	0.800741830083412	0.00143183488087252	5.60088222350575	0.999027518545478
30.625	10.25	0.998874264522229	0.800660980640313	0.00129275760978036	5.40087502000565	0.999268271939449
30.875	10.25	0.99915930001765	0.800590045439153	0.00117118674544221	5.20084468300506	0.999453545011473
31.125	10.25	0.999376941458381	0.800527575192584	0.00106483868069535	5.00079875734679	0.999595011947948
31.375	10.25	0.999541797727918	0.80047235575651	0.000971721208036422	4.80074301437167	0.999702168523147
31.625	10.25	0.999665653271323	0.800423368591887	0.000890101293013347	4.60068179935209	0.99978267462636
31.875	10.25	0.999757932404024	0.800379757556526	0.000818475123966838	4.40061832319667	0.999842656062616
32.125	10.25	0.999826104987039	0.800340801150081	0.00075554064339341	4.20055490498002	0.999886968241575
32.375	10.25	0.999876037590101	0.800305889414136	0.000700172624155551	4.00049317149769	0.999919424433566
32.625	10.25	0.999912294483247	0.800274504768195	0.000651400257623983	3.80043421965799	0.99994299141411
32.875	10.25	0.999938392973785	0.800246206139356	0.000608387157759682	3.60037874709229	0.99995995543296
33.125	10.25	0.999957017604755	0.800220615822521	0.000570413643416554	3.40032715590747	0.999972061443091
33.375	10.25	0.999970197495757	0.800197408599324	0.000536861131498859	3.20027963404495	0.999980628372242
33.625	10.25	0.999979450740865	0.800176302755647	0.000507198449510003	3.00023621827571	0.999986642981562
33.875	10.25	0.999985899608619	0.800157052761188	0.000480969858584614	2.80019684244575	0.999990834745602
34.125	10.25	0.999990360797424	0.800139443467365	0.000457784578383772	2.60016137413747	0.999993734518325
34.375	10.25	0.999993416490902	0.800123285662041	0.000437307642395871	2.40012964232142	0.999995720719086
34.625	10.25	0.99999547394345	0.800108412609441	0.000419252000633659	2.20010145774667	0.999997058063242
34.875	10.25	0.999996821902385	0.800094676810962	0.000403371909354743	2.00007662681722	0.99999793423655
35.125	10.25	0.999997688099376	0.800081945875933	0.000389457727869214	1.80005495892323	0.999998497264595
35.375	10.25	0.999998290503139	0.800070096607705	0.000377332140544678	1.60003626742821	0.999998888827041
35.625	10.25	0.999998857569213	0.800059007832802	0.000366847396674781	1.40002036662773	0.999999257419989
35.875	10.25	0.999999580143548	0.800048555343294	0.000357882426463169	1.20000707105563	0.999999727093306
36.125	10.25	1.00000047155078	0.800038615472394	0.000350338030553283	0.999996207476902	1.00000030650801
36.375	10.25	1.00000117644875	0.800029084116143	0.000344128618846337	0.799987648783671	1.00000076469169
36.625	10.25	1.00000088489337	0.800019910793043	0.000339171281575769	0.59998136617376	1.00000057518069
36.875	10.25	0.99999861990946	0.80001112945013	0.000335377733995725	0.399977468355017	0.999999102941149
37.125	10.25	0.999994139050085	0.800004208923629	0.00033266039008586	0.199976163554303	0.999996190382555
37.375	10.25	0.999989343699984	0.399991650033905	0.000331083243112394	-2.31104297413667e-05	0.999993073404989
0.125	10.75	-3.6456206826907e-12	0.399999712538656	-0.000148914026525721	18.0164150676381	0.34999999999763
0.375	10.75	-5.56059341890514e-12	0.799999139248679	-0.000149170829424344	17.9464151179548	0.349999999996386
0.625	10.75	-7.35733045142959e-12	0.799998570833552	-0.000149685610095836	17.8764152183027	0.349999999995218
0.875	10.75	-6.5086504880708e-12	0.799998010490076	-0.000150460715834238	17.8064153681138	0.349999999995769
1.125	10.75	-3.36814607844818e-14	0.799997461340398	-0.000151499662157858	17.7364155665428	0.349999999999978
1.375	10.75	1.47592133626722e-11	0.799996926408054	-0.000152807127949788	17.6664158124747	0.350000000009593
1.625	10.75	3.89080476134085e-11	0.799996408602032	-0.000154388951873265	17.5964161045343	0.35000000002529
1.875	10.75	7.00310361613321e-11	0.799995910707823	-0.000156252132030985	17.5264164410974	0.35000000004552
2.125	10.75	1.00599192255591e-10	0.799995435387347	-0.00015840483140952	17.456416820302	0.350000000065389
2.375	10.75	1.16907012672264e-10	0.799994985187367	-0.000160856391770086	17.3864172400598	0.35000000007599
2.625	10.75	9.95297829726444e-11	0.799994562556648	-0.000163617358895931	17.3164176980669	0.350000000064694
2.875	10.75	2.60224294217051e-11	0.799994169870812	-0.000166699521520424	17.2464181918115	0.350000000016915
3.125	10.75	-1.23619810696983e-10	0.799993809464445	-0.000170115967230482	17.1764187185798	0.349999999919647
3.375	10.75	-3.58655059775196e-10	0.799993483669462	-0.000173881157794016	17.1064192754567	0.349999999766874
3.625	10.75	-6.66986347757441e-10	0.799993194857735	-0.000178011026372465	17.0364198593226	0.349999999566459
3.875	10.75	-1.00362234362054e-09	0.79999294548762	-0.00018252309990691	16.9664204668443	0.349999999347645
4.125	10.75	-1.28062769350612e-09	0.799992738153159	-0.000187436649067458	16.8964210944603	0.349999999167592
4.375	10.75	-1.36221030554996e-09	0.799992575633598	-0.000192772869028175	16.8264217383606	0.349999999114563
4.625	10.75	-1.06977546247504e-09	0.79999246094476	-0.000198555094808162	16.7564223944621	0.349999999304646
4.875	10.75	-2.02440974630552e-10	0.799992397389615	-0.000204809054992102	16.6864230583805	0.349999999868413
5.125	10.75	1.42201265353829e-09	0.799992388610081	-0.000211563168696725	16.6164237254025	0.350000000924308
5.375	10.75	3.90312485000486e-09	0.799992438639189	-0.000218848891798241	16.5464243904592	0.350000002537031
5.625	10.75	7.17252396357198e-09	0.799992551954761	-0.000226701118792078	16.4764250481054	0.350000004662141
5.875	10.75	1.08957984648799e-08	0.799992733535145	-0.000235158648865533	16.4064256925067	0.350000007082269
6.125	10.75	1.43775724527785e-08	0.799992988917054	-0.00024426472538572	16.3364263174335	0.350000009345422
6.375	10.75	1.64939569620394e-08	0.799993324255459	-0.000254067661129586	16.2664269162632	0.350000010721072
6.625	10.75	1.56835603793113e-08	0.799993746385079	-0.000264621562183952	16.1964274819816	0.350000010194314
6.875	10.75	1.00326355052494e-08	0.79999426288275	-0.000275987167687601	16.1264280071756	0.350000006521213
7.125	10.75	-2.50993882013518e-09	0.799994882128606	-0.00028823282492259	16.0564284840029	0.34999999836854
7.375	10.75	-2.37578745320146e-08	0.799995613364502	-0.000301435622933288	15.9864289041172	0.349999984557382
7.625	10.75	-5.47358172466103e-08	0.79999646674811	-0.000315682713406156	15.9164292585303	0.349999964421719
7.875	10.75	-9.49547057214034e-08	0.799997453399942	-0.000331072852257102	15.8464295373849	0.349999938279441
8.125	10.75	-1.41547500772231e-07	0.799998585442819	-0.000347718202787609	15.7764297296196	0.349999907994125
8.375	10.75	-1.88336569613464e-07	0.799999876032787	-0.000365746449802745	15.7064298225101	0.34999987758123
8.625	10.75	-2.24949972747394e-07	0.800001339383219	-0.000385303284830862	15.6364298010865	0.349999853782518
8.875	10.75	-2.36157032708496e-07	0.800002990785521	-0.000406555336247874	15.5664296474406	0.349999846497929
9.125	10.75	-2.01652430289806e-07	0.800004846634485	-0.000429693635703756	15.4964293399665	0.34999986892592
9.375	10.75	-9.65802095987157e-08	0.800006924471853	-0.000454937734946382	15.4264288526076	0.349999937222864
9.625	10.75	1.06849839119817e-07	0.800009243071182	-0.000482540616257827	15.3564281542253	0.350000069452395
9.875	10.75	4.36248301039295e-07	0.800011822599873	-0.000512794577478281	15.2864272082521	0.350000283561396
10.125	10.75	9.13997418995372e-07	0.800014684914052	-0.000546038320557139	15.2164259728409	0.350000594098322
10.375	10.75	1.54983654903666e-06	0.800017854066622	-0.000582665532938405	15.1464244017796	0.350001007393757
10.625	10.75	2.33072132227181e-06	0.800021357144323	-0.000623135325652099	15.076422446479	0.350001514968859
10.875	10.75	3.20776413273753e-06	0.800025225593339	-0.000667984981446271	15.0064200593777	0.350002085046686
11.125	10.75	4.08036941647029e-06	0.800029497246845	-0.000717845571288759	14.936417199094	0.350002652240121
11.375	10.75	4.77816478252762e-06	0.800034219333984	-0.000773461115437809	14.8664138376007	0.350003105807109
11.625	10.75	5.0420408852402e-06	0.800039452825367	-0.000835712091654752	14.7964099695493	0.350003277326575
11.875	10.75	4.50658230285848e-06	0.800045278558303	-0.000905644219460141	14.7264056236149	0.350002929278497
12.125	10.75	2.68741315750896e-06	0.800051805682816	-0.000984503561836475	14.6564008753181	0.350001746818552
12.375	10.75	-1.02152003709499e-06	0.800059183082025	-0.00107377906363264	14.5863958601831	0.349999336011976
12.625	10.75	-7.33400403636992e-06	0.800067614544882	-0.00117525366127278	14.5163907852711	0.349995232897376
12.875	10.75	-1.70324252841469e-05	0.800077378615302	-0.00129106501086414	14.4463859360607	0.349988928923565
13.125	10.75	-3.0893165443763e-05	0.80008885420703	-0.00142377664034356	14.3763816743374	0.349979919442462
13.375	10.75	-4.95647374046679e-05	0.800102553270369	-0.00157645986908433	14.3063784212001	0.349967782920687
13.625	10.75	-7.33858438332399e-05	0.800119162021501	-0.00175278607247434	14.2363766175557	0.349952299201508
13.875	10.75	-0.000102130231098518	0.800139592496042	-0.00195712769716411	14.1663766526124	0.349933615349786
14.125	10.75	-0.000134665845629454	0.800165046450572	-0.00219466473722683	14.0963787490161	0.349912467200341
14.375	10.75	-0.000168517545291001	0.800197093865702	-0.00247149102762282	14.0263827915309	0.349890463595561
14.625	10.75	-0.000199325549366006	0.800237768435304	-0.00279471156078407	13.9563880847014	0.349870438392912
14.875	10.75	-0.000220195874454828	0.800289682338734	-0.00317251795584121	13.8863930239091	0.349856872681604
15.125	10.75	-0.000220943999479028	0.800356162108344	-0.00361422412032445	13.8163946638137	0.349856386400339
15.375	10.75	-0.000187238581082308	0.800441406276106	-0.00413023803995023	13.7463881684746	0.349878294922296
15.625	10.75	-9.96577245583311e-05	0.800550663384563	-0.00473193866784314	13.676366128585	0.349935222479037
15.875	10.75	6.73244506995975e-05	0.800690425488271	-0.00543141946583709	13.606317733264	0.350043760892955
16.125	10.75	0.000346398997373017	0.800868627026154	-0.00624105305352082	13.5362277867608	0.350225159348292
16.375	10.75	0.000778506440034035	0.801094831528589	-0.0071728259330872	13.4660755641704	0.350506029186022
16.625	10.75	0.00141391879654452	0.801380378809167	-0.00823739030730481	13.3958335047932	0.350919047217754
16.875	10.75	0.00231329537544262	0.80173845321329	-0.00944278425780976	13.3254657469783	0.351503641994038
17.125	10.75	0.00354869223269845	0.802184019894413	-0.0107927853653665	13.254926514055	0.352306649951254
17.375	10.75	0.0052045115744456	0.802733562646377	-0.0122848900701357	13.1841583670873	0.35338293252339
17.625	10.75	0.00737838669547827	0.803404546448686	-0.0139079554366738	13.1130903463922	0.354795951352061
17.875	10.75	0.0101820107728849	0.804214524938124	-0.0156396042030945	13.0416360295254	0.356618307002375
18.125	10.75	0.0137419345749829	0.805179823156174	-0.0174435782993572	12.9696915379386	0.358932257473739
18.375	10.75	0.0182003789635061	0.806313755441464	-0.0192673265254732	12.8971335265493	0.361830246326279
18.625	10.75	0.0237161312161828	0.807624392725142	-0.0210402191716492	12.8238171884968	0.365415485290519
18.875	10.75	0.0304656138534767	0.809111975162159	-0.0226728798188409	12.7495742998996	0.36980264900476
19.125	10.75	0.0386442176027791	0.81076617150939	-0.0240581900354018	12.6742113157973	0.375118741441806
19.375	10.75	0.0484679518447428	0.812563504037826	-0.0250745298353257	12.5975075102878	0.381504168699083
19.625	10.75	0.0601753474030646	0.814465365703131	-0.0255917383714297	12.5192131372065	0.389113975811992
19.875	10.75	0.0740292952528005	0.816417125918389	-0.0254800898267799	12.4390475856202	0.39811904191432
20.125	10.75	0.0903180642740423	0.818348821547864	-0.0246222551716488	12.3566975390395	0.408706741778127
20.375	10.75	0.109354077673559	0.820177835507831	-0.0229277390016094	12.2718152493934	0.421080150487813
20.625	10.75	0.131468179062005	0.821813765334935	-0.0203486274779994	12.1840172400776	0.435454316390303
20.875	10.75	0.156996267688115	0.823165385454386	-0.0168946799378799	12.0928840781824	0.452047573997274
21.125	10.75	0.186254731311601	0.824149234447527	-0.0126449613704609	11.9979622870786	0.471065575352541
21.375	10.75	0.219501705070183	0.824698950553559	-0.00775263510034449	11.8987699165729	0.492676108295619
21.625	10.75	0.256883608724922	0.824774086483794	-0.00243968763984404	11.7948075577061	0.516974345671199
21.875	10.75	0.298371168459695	0.824366837355526	0.00302026554653187	11.6855764004496	0.543941259498802
22.125	10.75	0.343695774092091	0.823505045696333	0.00833020890128726	11.5706039959143	0.573402253159859
22.375	10.75	0.392303488088537	0.822250192738233	0.013204642480999	11.4494765826337	0.604997267257549
22.625	10.75	0.443346610970805	0.820690003763668	0.0174040589431059	11.3218744430913	0.638175297131023
22.875	10.75	0.495727607878145	0.818926716516118	0.0207612887689593	11.1876045465907	0.672222945120794
23.125	10.75	0.548196438549818	0.817063511997358	0.0231942535880318	11.0466237864409	0.706327685057382
23.375	10.75	0.599484202265385	0.81519233262573	0.0247037940607846	10.8990472655703	0.7396647314725
23.625	10.75	0.648442069080612	0.813385779573667	0.0253593720328805	10.7451392865153	0.771487344902398
23.875	10.75	0.694152387397535	0.811694178799659	0.0252779257701582	10.5852888573251	0.801199051808398
24.125	10.75	0.735989806341949	0.810147099918664	0.0246014370401311	10.4199749932913	0.828393374122267
24.375	10.75	0.773628000505236	0.80875750657234	0.0234774058791983	10.2497286229663	0.852858200328404
24.625	10.75	0.807003205478526	0.807526630387547	0.0220444383158462	10.0750972684281	0.874552083561042
24.875	10.75	0.836253484985037	0.806448273694347	0.0204233755985712	9.89661658574613	0.893564765240274
25.125	10.75	0.8616521082367	0.805512013340614	0.0187132337420749	9.71479039900434	0.910073870353855
25.375	10.75	0.883547927026575	0.804705327063008	0.0169907041854318	9.53007888009144	0.924306152567273
25.625	10.75	0.902319068810401	0.804014906507429	0.0153119185475957	9.34289336911039	0.936507394726761
25.875	10.75	0.918341072219779	0.803427444590999	0.0137153913365244	9.15359594024149	0.946921696942856
26.125	10.75	0.931967561947898	0.802930112275654	0.0122253555204217	8.96250194269741	0.955778915266134
26.375	10.75	0.94352038702869	0.802510854900431	0.0108549942941884	8.7698841178736	0.963288251568648
26.625	10.75	0.953286150526174	0.802158576175208	0.00960930150686518	8.57597731736525	0.969635997842013
26.875	10.75	0.961516616898366	0.801863243035497	0.00848746296686386	8.38098321625704	0.974985800983938
27.125	10.75	0.968431182762298	0.801615928972723	0.00748474985270844	8.18507469360592	0.979480268795494
27.375	10.75	0.974220225135193	0.801408808183409	0.00659396891943184	7.98839973812832	0.983243146337876
27.625	10.75	0.979048622544381	0.801235111671585	0.00580653715521874	7.79108484950576	0.986381604653847
27.875	10.75	0.983059076173026	0.801089056034927	0.00511325311007276	7.59323796574319	0.988988399512467
28.125	10.75	0.986375068074162	0.800965754849762	0.00450483186950313	7.39495097325741	0.991143794248205
28.375	10.75	0.989103415370327	0.800861121176882	0.0039722610973872	7.19630186278089	0.992917219990712
28.625	10.75	0.991336442953051	0.800771767971983	0.00350702495557553	6.99735659018421	0.994368687919483
28.875	10.75	0.993153824869968	0.800694911390995	0.0031012327151425	6.79817069284604	0.995549986165479
29.125	10.75	0.994624151703728	0.800628280345987	0.00274768024543154	6.59879070262558	0.996505698607423
29.375	10.75	0.995806277676498	0.800570034307492	0.00243986550034965	6.39925538757961	0.997274080489723
29.625	10.75	0.996750492940372	0.800518690297763	0.00217197353774459	6.19959684708106	0.997887820411242
29.875	10.75	0.997499556955819	0.800473059259455	0.00193884230854262	5.99984147913607	0.998374712021283
30.125	10.75	0.998089619825614	0.800432191471685	0.0017359172066228	5.80001083436482	0.998758252886649
30.375	10.75	0.998551050779103	0.80039533036841	0.00155919995835295	5.60012236807285	0.999058183006417
30.625	10.75	0.998909186968823	0.800361873942073	0.001405195661973	5.40019009982089	0.999290971529735
30.875	10.75	0.999185011315562	0.80033134284646	0.00127086050558753	5.20022518863334	0.999470257355115
31.125	10.75	0.999395765128972	0.80030335431182	0.00115355177498724	5.00023643123487	0.999607247333832
31.375	10.75	0.999555499381616	0.800277601028351	0.00105098111360998	4.80023069027833	0.999711074598051
31.625	10.75	0.999675567556801	0.800253834222126	0.00096117154454741	4.60021325927674	0.999789118911921
31.875	10.75	0.99976506267539	0.800231850227569	0.000882418454627325	4.40018817076904	0.999847290739004
32.125	10.75	0.999831201217242	0.800211479943422	0.000813254533940126	4.20015845406006	0.999890280791207
32.375	10.75	0.999879657002174	0.800192580637434	0.000752418531425767	4.00012634863534	0.999921777051413
32.625	10.75	0.999914848515355	0.800175029634762	0.000698827607186879	3.80009347904079	0.999944651534981
32.875	10.75	0.999940183495104	0.800158719487488	0.000651553018162492	3.60006099663969	0.999961119271818
33.125	10.75	0.999958264714831	0.800143554284351	0.000609798852282131	3.40002969323519	0.99997287206464
33.375	10.75	0.999971060734429	0.8001294468339	0.000572883515715844	3.20000009111105	0.999981189477379
33.625	10.75	0.999980045092145	0.800116316550219	0.000540223671405669	2.99997251362524	0.999987029309894
33.875	10.75	0.999986307319046	0.800104087979598	0.000511320325245265	2.79994714008786	0.99999109975738
34.125	10.75	0.999990639810642	0.800092689982428	0.000485746770687129	2.59992404820618	0.999993915876917
34.375	10.75	0.999993606308091	0.800082055540697	0.000463138153755221	2.3999032467699	0.999995844100259
34.625	10.75	0.99999559997576	0.800072121910812	0.000443182523933823	2.19988470037675	0.999997139984244
34.875	10.75	0.999996899720589	0.800062830396952	0.000425613375637896	1.99986834693364	0.999997984818383
35.125	10.75	0.999997728951076	0.800054124634106	0.000410203779520301	1.7998541078472	0.999998523818199
35.375	10.75	0.999998308386301	0.800045946503922	0.000396762104095611	1.5998418911024	0.999998900451096
35.625	10.75	0.999998875562437	0.800038230353148	0.000385128883315624	1.39983158976258	0.999999269115584
35.875	10.75	0.999999630178502	0.800030899262518	0.000375173604421354	1.19982308286635	0.999999759616026
36.125	10.75	1.00000057987738	0.80002387049823	0.000366789474825598	0.999816250003636	1.0000003769203
36.375	10.75	1.00000133115788	0.800017077528217	0.000359884502754672	0.79981100958423	1.00000086525262
36.625	10.75	1.00000099633589	0.800010508072162	0.000354369679344725	0.599807376767379	1.00000064761833
36.875	10.75	0.999998508743052	0.80000423846488	0.000350150174498667	0.399805506891404	0.999999030682984
37.125	10.75	0.999993607003465	0.79999990853212	0.000347131711943614	0.19980565427197	0.999995844552252
37.375	10.75	0.999988370695704	0.399989359184333	0.000345385408831912	-0.000192778135537882	0.999992440952208
0.125	11.25	-3.6583895033473e-12	0.399999452475395	-0.000147244058291824	18.0164410257353	0.349999999997622
0.375	11.25	-5.56270855370936e-12	0.799998357916149	-0.000147505096354669	17.9464411215626	0.349999999996384
0.625	11.25	-7.32912304229897e-12	0.799997264803733	-0.000148028283774469	17.8764413131314	0.349999999995236
0.875	11.25	-6.42491840868228e-12	0.799996174050162	-0.000148815843993576	17.8064416002739	0.349999999995824
1.125	11.25	1.27151536069057e-13	0.799995086492065	-0.00014987111455548	17.7364419827444	0.350000000000083
1.375	11.25	1.49998174013787e-11	0.799994002862824	-0.000151198551157342	17.6664424602279	0.35000000000975
1.625	11.25	3.91923499044063e-11	0.799992923770026	-0.00015280373481532	17.5964430323499	0.350000000025475
1.875	11.25	7.02641131076301e-11	0.799991849675893	-0.000154693383848023	17.5264436986886	0.350000000045672
2.125	11.25	1.00614022056616e-10	0.799990780882262	-0.000156875372048496	17.4564444587893	0.350000000065399
2.375	11.25	1.16467505624648e-10	0.799989717519852	-0.0001593587554624	17.3864453121795	0.350000000075704
2.625	11.25	9.83605966481914e-11	0.79998865954076	-0.000162153809185631	17.316446258385	0.350000000063934
2.875	11.25	2.38754457161359e-11	0.799987606714629	-0.000165272077088588	17.246447296947	0.350000000015519
3.125	11.25	-1.26855395056616e-10	0.799986558626299	-0.000168726436087024	17.1764484274374	0.349999999917544
3.375	11.25	-3.62798221977313e-10	0.799985514674628	-0.000172531177540319	17.106449649475	0.349999999764181
3.625	11.25	-6.71375252079615e-10	0.799984474070843	-0.000176702108367186	17.0364509627396	0.349999999563606
3.875	11.25	-1.0069176679558e-09	0.799983435834498	-0.000181256674065183	16.9664523669845	0.349999999345504
4.125	11.25	-1.28065868377113e-09	0.799982398786053	-0.000186214106858796	16.8964538620493	0.349999999167572
4.375	11.25	-1.35594306241717e-09	0.799981361533635	-0.000191595601792735	16.8264554478708	0.349999999118637
4.625	11.25	-1.05351290807599e-09	0.799980322452845	-0.000197424524470587	16.7564571244965	0.349999999315217
4.875	11.25	-1.72385984946022e-10	0.799979279657496	-0.00020372665461039	16.6864588921009	0.349999999887949
5.125	11.25	1.46869800227179e-09	0.799978230960374	-0.000210530470028542	16.6164607510094	0.350000000954654
5.375	11.25	3.96666501550549e-09	0.799977173821731	-0.000217867476880596	16.5464627017321	0.350000002578332
5.625	11.25	7.2482654304079e-09	0.799976105284387	-0.000225772592897572	16.4764647450137	0.350000004711372
5.875	11.25	1.09714623947299e-08	0.799975021891648	-0.000234284591284248	16.406466881901	0.350000007131451
6.125	11.25	1.4430354591247e-08	0.799973919585955	-0.000243446615023304	16.3364691138323	0.35000000937973
6.375	11.25	1.64880604466541e-08	0.799972793582626	-0.000253306772172217	16.2664714427481	0.350000010717239
6.625	11.25	1.5569042766986e-08	0.79997163821381	-0.000263918825794405	16.1964738712198	0.350000010119878
6.875	11.25	9.74677183921138e-09	0.799970446734398	-0.000275342993634316	16.1264764025893	0.350000006335402
7.125	11.25	-3.03724812120278e-09	0.799969211081263	-0.000287646876411497	16.0564790411092	0.349999998025789
7.375	11.25	-2.45928155789224e-08	0.799967921575338	-0.000300906536843395	15.9864817920678	0.34999998401467
7.625	11.25	-5.59214187624645e-08	0.799966566552623	-0.000315207756031009	15.9164846618821	0.349999963651078
7.875	11.25	-9.64814717097016e-08	0.799965131910115	-0.000330647499372182	15.8464876581418	0.349999937287043
8.125	11.25	-1.43311949589707e-07	0.799963600548993	-0.00034733563100217	15.7764907895911	0.349999906847233
8.375	11.25	-1.90086425644088e-07	0.799961951695429	-0.00036539692448306	15.7064940660424	0.349999876443823
8.625	11.25	-2.26216342795739e-07	0.799960160077155	-0.000384973428442101	15.6364974982304	0.349999852959377
8.875	11.25	-2.36176853335716e-07	0.799958194930551	-0.000406227259962362	15.5665010976373	0.349999846485045
9.125	11.25	-1.9928945359081e-07	0.799956018810577	-0.000429343917190912	15.4965048763453	0.349999870461855
9.375	11.25	-9.0260601368067e-08	0.799953586173969	-0.000454536226038363	15.4265088470133	0.349999941330609
9.625	11.25	1.19159720618363e-07	0.799950841703462	-0.000482049067452086	15.3565130231178	0.350000077453818
9.875	11.25	4.5697842083583e-07	0.799947718341876	-0.000512165071029079	15.2865174196539	0.350000297035974
10.125	11.25	9.4576050279654e-07	0.799944135005669	-0.000545211512653051	15.2165220545522	0.350000614744327
10.375	11.25	1.59497463509753e-06	0.799939993951375	-0.000581568717871868	15.1465269511314	0.350001036733513
10.625	11.25	2.39049418353573e-06	0.79993517777616	-0.000621680353120234	15.0765321419665	0.350001553821219
10.875	11.25	3.28103346394509e-06	0.799929546041377	-0.000666066084010491	15.0065376745953	0.350002132671752
11.125	11.25	4.16161187230539e-06	0.799922931519156	-0.00071533719503881	14.9365436195041	0.350002705047717
11.375	11.25	4.85464365728374e-06	0.799915136073298	-0.000770215896752218	14.8665500807895	0.350003155518377
11.625	11.25	5.08999614501995e-06	0.79990592619637	-0.000831559192202206	14.7965572097801	0.350003308497494
11.875	11.25	4.48638416374845e-06	0.799895028232239	-0.000900388326292099	14.7265652216623	0.350002916149706
12.125	11.25	2.53779592668062e-06	0.79988212332007	-0.000977924988674176	14.6565744147723	0.350001649567352
12.375	11.25	-1.3897294632892e-06	0.799866842100386	-0.00106563556505538	14.5865851916314	0.349999096675849
12.625	11.25	-8.04377366024133e-06	0.799848759232246	-0.00116528480546679	14.5165980799953	0.349994771547121
12.875	11.25	-1.82444166312467e-05	0.799827387789908	-0.00127900026488496	14.4466137511148	0.34998814112919
13.125	11.25	-3.28050065669257e-05	0.799802173653019	-0.00140934871971074	14.3766330310635	0.349978676745731
13.375	11.25	-5.24015970570445e-05	0.799772490090503	-0.00155942540367169	14.3066568993692	0.349965938961913
13.625	11.25	-7.7376294083852e-05	0.799737632891561	-0.00173295624968077	14.2366864673349	0.349949705408845
13.875	11.25	-0.000107458838186625	0.799696816638765	-0.00193441225460859	14.1667229263953	0.349930151755179
14.125	11.25	-0.000141390669210812	0.799649173072063	-0.00216913345868731	14.0967674547242	0.349908096065013
14.375	11.25	-0.00017643666220001	0.79959375297118	-0.00244345767869568	14.0268210682014	0.34988531616957
14.625	11.25	-0.000207771786260153	0.799529533580268	-0.00276484585594834	13.9568843998832	0.349864948338931
14.875	11.25	-0.000227733123827686	0.799455434275454	-0.00314199146614551	13.8869573904646	0.349851973469512
15.125	11.25	-0.000224931880992145	0.799370343843185	-0.00358489568899327	13.8170388709898	0.349853794277355
15.375	11.25	-0.000183224999577259	0.799273163241989	-0.004104882812831	13.7471260184045	0.349880903750275
15.625	11.25	-8.05514558577233e-05	0.799162867820703	-0.00471452165211941	13.6772136645508	0.349947641553692
15.875	11.25	0.000112356006892566	0.799038592331416	-0.0054274088401322	13.6072934399684	0.35007303140448
16.125	11.25	0.000433367358435748	0.79889974027853	-0.00625775940946814	13.5373527354683	0.350281688782983
16.375	11.25	0.000930438177305557	0.798746115709041	-0.00721974041883713	13.4673734669664	0.350604784815249
16.625	11.25	0.00166315180486069	0.798578070021547	-0.00832647676766925	13.3973306326192	0.351081048673159
16.875	11.25	0.00270428805662707	0.798396648487956	-0.00958865815889484	13.3271906560617	0.351757787236808
17.125	11.25	0.00414137968859828	0.798203711107308	-0.0110126871541419	13.2569095157183	0.352691896797589
17.375	11.25	0.00607821083117503	0.798001991091224	-0.0125983363757698	13.1864306679923	0.353950837040264
17.625	11.25	0.00863620366293962	0.797795043840705	-0.0143359347948088	13.1156827818284	0.355613532380911
17.875	11.25	0.0119556310509657	0.797587033359481	-0.0162031847341046	13.0445773137151	0.357771160183128
18.125	11.25	0.0161965844809913	0.797382306898283	-0.0181618258733941	12.9730059653373	0.360527779912644
18.375	11.25	0.0215396190404878	0.797184728488662	-0.0201545072203198	12.9008380800376	0.364000752376317
18.625	11.25	0.028185990043656	0.796996783612794	-0.0221023898675751	12.8279180477171	0.368320893528376
18.875	11.25	0.0363573855319661	0.796818532881535	-0.0239041563992394	12.7540627992736	0.373632300595778
19.125	11.25	0.0462950359907472	0.796646577347768	-0.0254372068428937	12.6790594800243	0.380091773393986
19.375	11.25	0.0582580293979305	0.796473286068419	-0.0265618246523106	12.6026633973465	0.387867719108655
19.625	11.25	0.0725205491654002	0.796286599379318	-0.0271289445919137	12.5245963450312	0.39713835695751
19.875	11.25	0.0893675529176811	0.796070721713369	-0.0269918016473791	12.4445454250528	0.408088909396493
20.125	11.25	0.109088099451372	0.795807919975938	-0.026021163376809	12.3621625324867	0.420907264643392
20.375	11.25	0.131965126868161	0.795481430594505	-0.024123062986038	12.2770647616417	0.435777332464305
20.625	11.25	0.158260087854537	0.795079171189227	-0.0212570294812548	12.1888361487713	0.452869057105449
20.875	11.25	0.188190691495604	0.794597621051793	-0.0174519101840333	12.0970313888151	0.472323949472143
21.125	11.25	0.221900467188844	0.794044988987671	-0.0128157648781397	12.0011824102072	0.494235303672749
21.375	11.25	0.259420411602828	0.793442745297563	-0.00753634730124534	11.9008088607364	0.518623267541838
21.625	11.25	0.300625899747009	0.792824827741309	-0.00186974732892272	11.7954334810106	0.545406834835556
21.875	11.25	0.345196070280906	0.792234315745799	0.00388301231767866	11.6846028265566	0.574377445682589
22.125	11.25	0.392586806217501	0.791717978657633	0.00940860722754549	11.5679127258391	0.605181424041376
22.375	11.25	0.442030033923256	0.791319666136581	0.0144175777295111	11.445036326263	0.637319522050117
22.625	11.25	0.492569036795801	0.791073865246134	0.0186768395964041	11.3157509971777	0.670169873917271
22.875	11.25	0.543131037051472	0.791000796411538	0.0220320605502627	11.17995939752	0.703035174083457
23.125	11.25	0.592626663724385	0.791104111222596	0.0244162059192548	11.0377003138925	0.73520733142085
23.375	11.25	0.640056065869889	0.79137161630279	0.025844290089688	10.8891466347976	0.766036442815428
23.625	11.25	0.684598412715338	0.791778640131375	0.0263975936209827	10.7345905739714	0.79498896826497
23.875	11.25	0.725667103454705	0.792292977156633	0.026202298269767	10.5744190022206	0.821683617245558
24.125	11.25	0.7629243243954	0.79288006789612	0.0254074645935438	10.4090835042975	0.84590081085701
24.375	11.25	0.796260159687413	0.793507285300903	0.0241660259163924	10.2390700665443	0.867569103796818
24.625	11.25	0.825748723342575	0.794146725288092	0.0226207530687047	10.0648723130704	0.886736670172674
24.875	11.25	0.851595303287534	0.794776457973085	0.0208955879780374	9.88697056653437	0.903536947136897
25.125	11.25	0.874085713222293	0.795380571827768	0.0190916848136008	9.7058173776402	0.918155713594491
25.375	11.25	0.893544475837965	0.7959484771131	0.0172869872971839	9.52182897050077	0.930803909294677
25.625	11.25	0.910304204411549	0.79647388829077	0.0155380910631525	9.33538141319844	0.941697732867507
25.875	11.25	0.924685630794828	0.796953776345082	0.0138833164489867	9.14681015603098	0.951045660016638
26.125	11.25	0.93698625517409	0.797387448449423	0.0123461966238497	8.95641171141831	0.959041065863158
26.375	11.25	0.947475204292807	0.797775812349682	0.0109388666300344	8.76444651547647	0.965858882790324
26.625	11.25	0.956392118190945	0.79812082346985	0.00966506938510234	8.5711422980162	0.971654876824115
26.875	11.25	0.963948372060629	0.79842508577513	0.00852265984120461	8.37669753460839	0.976566441839409
27.125	11.25	0.970329452960272	0.798691570715272	0.00750559349652992	8.18128474013239	0.980714144424177
27.375	11.25	0.975697743371442	0.798923421966067	0.00660544374550735	7.98505348936753	0.984203533191437
27.625	11.25	0.980195283590349	0.799123820624825	0.00581251865835192	7.78813312809275	0.987126934333727
27.875	11.25	0.983946300396303	0.799295892537424	0.00511665393248355	7.59063518135372	0.989565095257597
28.125	11.25	0.987059422682431	0.799442645148721	0.00450775393333111	7.39265548596457	0.99158862474358
28.375	11.25	0.989629579770422	0.799566925402765	0.00397614288339369	7.19427608101049	0.993259226850774
28.625	11.25	0.991739615109436	0.799671392996851	0.00351277694884694	6.99556688937853	0.994630749821133
28.875	11.25	0.993461661896755	0.799758505071925	0.00310935715337718	6.79658721917435	0.995750080232891
29.125	11.25	0.994858328026464	0.799830509535492	0.00275837361265227	6.59738710864998	0.996657913217201
29.375	11.25	0.995983732181193	0.799889444915098	0.00245310380939592	6.39800853324888	0.997389425917775
29.625	11.25	0.996884424764449	0.799937145101433	0.00218758147150133	6.19848648915864	0.997974876096892
29.875	11.25	0.997600218959224	0.799975247665451	0.00195654787695249	5.99884996453512	0.998440142323496
30.125	11.25	0.998164949652372	0.800005204681648	0.00175539384504404	5.79912280728816	0.998807217274042
30.375	11.25	0.998607171792296	0.800028295192122	0.00158009804273114	5.59932449685686	0.999094661664993
30.625	11.25	0.998950805077451	0.800045638616487	0.00142716532612324	5.39947082656803	0.999318023300343
30.875	11.25	0.999215728619444	0.800058208558712	0.00129356747403176	5.19957450278254	0.999490223602638
31.125	11.25	0.999418327192363	0.800066846586885	0.00117668771314029	4.99964566692588	0.999621912675036
31.375	11.25	0.999571989630222	0.800072275666867	0.0010742697740055	4.79969234653735	0.999721793259644
31.625	11.25	0.999687559624496	0.800075113019298	0.000984371771330741	4.59972084155182	0.999796913755922
31.875	11.25	0.999773739381351	0.800075882241022	0.00090532490970561	4.39973605207655	0.999852930597878
32.125	11.25	0.999837447130528	0.800075024588907	0.000835696832110232	4.19974175389507	0.999894340634843
32.375	11.25	0.999884130167883	0.800072909365387	0.000774259320730438	3.99974082779564	0.999924684609124
32.625	11.25	0.999918035806729	0.800069843372435	0.000719960004105775	3.7997354485789	0.999946723274374
32.875	11.25	0.999942443159746	0.800066079418688	0.000671897703461585	3.59972723926225	0.999962588053835
33.125	11.25	0.999959858945748	0.800061823882949	0.00062930104974987	3.39971739559756	0.999973908314736
33.375	11.25	0.999972180471898	0.800057243371987	0.000591510009855101	3.19970678559694	0.999981917306734
33.625	11.25	0.9999808287254	0.800052470572448	0.000557959968342011	2.99969602835119	0.99998753867151
33.875	11.25	0.999986854521416	0.800047609475931	0.000528168020898367	2.79968555602649	0.99999145543892
34.125	11.25	0.999991021469722	0.800042740202782	0.000501721159551222	2.59967566247057	0.999994163955319
34.375	11.25	0.999993871487515	0.80003792356946	0.000478266089450809	2.39966654122428	0.999996016466885
34.625	11.25	0.99999578108989	0.800033205243307	0.000457500529413894	2.19965831480863	0.999997257708428
34.875	11.25	0.999997017445313	0.800028618823663	0.000439165997233803	1.99965105602151	0.999998061339453
35.125	11.25	0.999997798354038	0.800024186754752	0.000423042183585693	1.79964480110815	0.999998568930125
35.375	11.25	0.999998346625508	0.800019918223281	0.000408942920433991	1.59963955500565	0.99999892530658
35.625	11.25	0.999998908772859	0.800015804867096	0.000396713290036988	1.3996352914258	0.999999290702358
35.875	11.25	0.999999693428828	0.800011818446543	0.000386226604166009	1.19963195538453	0.999999800728738
36.125	11.25	1.00000070196359	0.800007918265776	0.000377379224742766	0.999629480461195	1.00000045627633
36.375	11.25	1.00000150025841	0.800004076344914	0.000370081465528304	0.799627831656867	1.00000097516797
36.625	11.25	1.00000111785616	0.800000319705505	0.000364245366121124	0.599627069405331	1.0000007266065
36.875	11.25	0.999998392206093	0.79999676856375	0.000359775517665631	0.399627397506853	0.99999895493396
37.125	11.25	0.999993040981997	0.799995245807406	0.000356575776349322	0.199629118541404	0.999995476638298
37.375	11.25	0.999987333302319	0.399986876441876	0.000354724644105211	-0.000368403162668948	0.999991766646507
0.125	11.75	-3.67516467573139e-12	0.399999190462582	-0.000144529937899324	18.016466600526	0.349999999997611
0.375	11.75	-5.5734096960369e-12	0.799997570797757	-0.00014479076575926	17.9464667422049	0.349999999996377
0.625	11.75	-7.31707384763466e-12	0.799995949338202	-0.000145313466137896	17.876467025666	0.349999999995244
0.875	11.75	-6.36518812378892e-12	0.799994324828289	-0.000146100130567784	17.8064674511196	0.349999999995863
1.125	11.75	2.60891595498614e-13	0.799992695925623	-0.00014715390258942	17.7364680188885	0.35000000000017
1.375	11.75	1.52226933227293e-11	0.799991061166861	-0.000148478985823496	17.6664687294172	0.350000000009895
1.625	11.75	3.94903074446566e-11	0.799989418935722	-0.000150080656246474	17.596469583284	0.350000000025669
1.875	11.75	7.05729958248137e-11	0.799987767432497	-0.000151965279150792	17.5264705812159	0.350000000045872
2.125	11.75	1.0080050118753e-10	0.799986104643781	-0.000154140332844167	17.4564717241067	0.35000000006552
2.375	11.75	1.16319397603956e-10	0.799984428314008	-0.000156614439435967	17.386473013038	0.350000000075608
2.625	11.75	9.75974391672297e-11	0.799982735916307	-0.000159397405209317	17.3164744493019	0.350000000063438
2.875	11.75	2.21935615851102e-11	0.799981024622806	-0.000162500271534884	17.2464760344271	0.350000000014426
3.125	11.75	-1.29688311678805e-10	0.799979291272831	-0.000165935378356107	17.1764777702066	0.349999999915703
3.375	11.75	-3.66789917237733e-10	0.79997753233736	-0.000169716442220674	17.1064796587274	0.349999999761587
3.625	11.75	-6.76103560431616e-10	0.799975743878619	-0.000173858650560284	17.0364817024023	0.349999999560533
3.875	11.75	-1.01130276164234e-09	0.799973921502483	-0.000178378774602029	16.966483904004	0.349999999342653
4.125	11.75	-1.28276814425917e-09	0.799972060301121	-0.000183295303240541	16.8964862667022	0.349999999166201
4.375	11.75	-1.35290722912395e-09	0.799970154784381	-0.000188628600472377	16.8264887941054	0.34999999912061
4.625	11.75	-1.04164607042369e-09	0.799968198796426	-0.000194401089603349	16.7564914903082	0.34999999932293
4.875	11.75	-1.47626613181619e-10	0.799966185415124	-0.000200637467568052	16.6864943599494	0.349999999904043
5.125	11.75	1.50989733004102e-09	0.799964106831737	-0.000207364953681346	16.616497408283	0.350000000981433
5.375	11.75	4.02586629471748e-09	0.799961954206408	-0.000214613577513082	16.5465006412672	0.350000002616813
5.625	11.75	7.32291084200258e-09	0.799959717496623	-0.00022241651152733	16.4765040656781	0.350000004759892
5.875	11.75	1.10521285254985e-08	0.799957385252386	-0.000230810455083788	16.4065076892517	0.350000007183884
6.125	11.75	1.44976697540729e-08	0.799954944371918	-0.000239836077591816	16.3365115208586	0.350000009423485
6.375	11.75	1.65098515502475e-08	0.799952379809319	-0.000249538529524367	16.2665155707137	0.350000010731403
6.625	11.75	1.54986111452211e-08	0.799949674223768	-0.00025996803244686	16.1965198506194	0.350000010074097
6.875	11.75	9.5235480999746e-09	0.799946807557223	-0.000271180560357896	16.1265243742387	0.350000006190306
7.125	11.75	-3.48307439691464e-09	0.799943756525109	-0.000283238627096335	16.0565291573889	0.349999997736002
7.375	11.75	-2.53297899426662e-08	0.799940494000281	-0.000296212198028194	15.9865342183452	0.349999983535637
7.625	11.75	-5.69983359541998e-08	0.79993698826919	-0.00031017974693751	15.9165395781422	0.349999962951082
7.875	11.75	-9.7898810625079e-08	0.799933202131831	-0.000325229484153363	15.8465452608604	0.349999936365773
8.125	11.75	-1.44981504359339e-07	0.799929091815316	-0.000341460787383542	15.7765512938909	0.349999905762022
8.375	11.75	-1.91778390970311e-07	0.799924605663245	-0.00035898587384337	15.7065577081815	0.349999875344046
8.625	11.75	-2.27495039538162e-07	0.799919682557373	-0.000377931761925737	15.6365645384819	0.349999852128224
8.875	11.75	-2.36329600629951e-07	0.799914250019802	-0.000398442582794332	15.5665718236291	0.34999984638576
9.125	11.75	-1.97258362707766e-07	0.799908221934605	-0.000420682317957137	15.4965796069485	0.349999871782064
9.375	11.75	-8.45949156979958e-08	0.799901495816725	-0.000444838060292476	15.426587936882	0.349999945013305
9.625	11.75	1.30302061836547e-07	0.799893949543691	-0.000471123922480584	15.3565968680125	0.35000008469634
9.875	11.75	4.75736599021345e-07	0.799885437450051	-0.00049978575254781	15.2866064627084	0.350000309228789
10.125	11.75	9.74322189828592e-07	0.799875785668699	-0.000531106860795519	15.2166167936869	0.350000633309423
10.375	11.75	1.63508968489851e-06	0.799864786581206	-0.000565415019621751	15.1466279478659	0.350001062808295
10.625	11.75	2.44264507937566e-06	0.799852192216441	-0.000603091068191407	15.0766400319504	0.350001587719302
10.875	11.75	3.34313772622207e-06	0.799837706403539	-0.000644579540416522	15.0066531802579	0.350002173039522
11.125	11.75	4.22712240815535e-06	0.799820975446258	-0.000690401837260623	14.936667565325	0.350002747629565
11.375	11.75	4.9099246542301e-06	0.79980157703113	-0.000741172583428982	14.8666834118189	0.350003191451025
11.625	11.75	5.11090063112559e-06	0.799779007011764	-0.000797619941747005	14.7967010141869	0.35000332208541
11.875	11.75	4.43406752946766e-06	0.7997526636205	-0.000860610801506947	14.726720758268	0.350002882143894
12.125	11.75	2.35399864779983e-06	0.7997218285431	-0.000931181901175648	14.6567431467335	0.350001530099121
12.375	11.75	-1.78736564359077e-06	0.799685644153524	-0.00101057807729713	14.5867688276664	0.349998838212332
12.625	11.75	-8.76527535290274e-06	0.799643086045322	-0.00110029893058234	14.5167986247994	0.349994302571021
12.875	11.75	-1.94280842213579e-05	0.79959292982661	-0.00120215523544803	14.4468335668648	0.349987371745256
13.125	11.75	-3.46121004871363e-05	0.799533710980223	-0.00131833635031982	14.376874912155	0.349977502134683
13.375	11.75	-5.50006098719487e-05	0.799463676464128	-0.00145148965291771	14.3069241627311	0.349964249603583
13.625	11.75	-8.09102220281023e-05	0.799380726671732	-0.00160481254916308	14.236983060777	0.349947408355682
13.875	11.75	-0.00011198609246761	0.799282346448226	-0.00178215678157392	14.1670535574142	0.349927209039896
14.125	11.75	-0.000146786671204412	0.799165524126501	-0.00198814345482279	14.0971377419374	0.349904588663717
14.375	11.75	-0.000182238605795526	0.799026658086756	-0.00222828523156949	14.0272377169897	0.349881544906233
14.625	11.75	-0.000212943397474798	0.798861451235233	-0.00250910931786034	13.9573554027831	0.349861586791641
14.875	11.75	-0.000230319413063607	0.798664795126222	-0.00283827091041975	13.8874922511849	0.349850292381509
15.125	11.75	-0.00022156585141452	0.79843064728542	-0.00322464145782467	13.8176488484638	0.34985598219658
15.375	11.75	-0.00016843915488731	0.798151907673582	-0.00367834915206717	13.7478243838037	0.349890514549323
15.625	11.75	-4.58370444241581e-05	0.797820303155075	-0.0042107403721157	13.6780159594672	0.349970205921124
15.875	11.75	0.000179809180872677	0.797426292222731	-0.00483422040832422	13.6082177178055	0.350116875967567
16.125	11.75	0.000552327048149478	0.796959005903207	-0.00556192017039642	13.5384197602968	0.350359012581297
16.375	11.75	0.00112776524007556	0.796406244417425	-0.00640712384674295	13.4686068346329	0.350733047406049
16.625	11.75	0.00197650119059253	0.795754552361329	-0.00738238277793141	13.3987567678381	0.351284725773885
16.875	11.75	0.00318545614539007	0.794989397341498	-0.00849823668597646	13.3288386269262	0.352070546494503
17.125	11.75	0.0048603620630551	0.794095477539202	-0.00976147019396271	13.2588105942678	0.353159235340986
17.375	11.75	0.00712800070744742	0.793057182057362	-0.0111728575217785	13.188617553403	0.354633200459841
17.625	11.75	0.0101383036690806	0.791859223880714	-0.0127244000867001	13.1181883933321	0.356589897384902
17.875	11.75	0.0140661618673276	0.790487459120378	-0.0143961492548506	13.0474330561698	0.359143005213763
18.125	11.75	0.0191127438981461	0.78892989884053	-0.0161528355454503	12.9762393750583	0.362423283533795
18.375	11.75	0.0255060644760266	0.787177912612519	-0.0179406943360328	12.9044697766139	0.366578941909417
18.625	11.75	0.0335004774323764	0.785227617255217	-0.0196850707623663	12.8319579546687	0.371775310331045
18.875	11.75	0.0433746923406572	0.783081439627204	-0.0212895672772527	12.7585056589503	0.378193550021427
19.125	11.75	0.055427829897755	0.780749834848652	-0.0226376078701111	12.6838797828742	0.386028089433541
19.375	11.75	0.0699729407313129	0.778253121626154	-0.0235972575213029	12.6078099785682	0.395482411475353
19.625	11.75	0.0873273248505634	0.7756233501031	-0.0240298776943289	12.5299870755485	0.406762761152866
19.875	11.75	0.107798932102712	0.772906030032454	-0.0238026699046192	12.4500626343078	0.420069305866763
20.125	11.75	0.131668158387651	0.770161412923542	-0.0228043728733919	12.3676500294682	0.435584302951973
20.375	11.75	0.159164585317143	0.767464859964881	-0.02096243782487	12.2823275271096	0.453456980456143
20.625	11.75	0.190438794277604	0.76490569296171	-0.0182591129505543	12.1936438846138	0.473785216280442
20.875	11.75	0.225530475332069	0.762583908569641	-0.0147432988959928	12.1011270269394	0.496594808965845
21.125	11.75	0.264335707395316	0.76060433692169	-0.0105350818957005	12.0042962841282	0.521818209806955
21.375	11.75	0.306578320063361	0.759068301226905	-0.00582071077580095	11.902678435245	0.549275908041184
21.625	11.75	0.351792079839565	0.758063534994418	-0.000837449416004076	11.7958273243097	0.578664851895717
21.875	11.75	0.399321109725407	0.757653847335	0.00415010038532792	11.6833460794194	0.609558721321515
22.125	11.75	0.448344406279127	0.757870503444969	0.00887853418537357	11.5649100753069	0.641423864081432
22.375	11.75	0.497926054269447	0.758707241350738	0.0131140579859606	11.4402879726527	0.67365193527514
22.625	11.75	0.547086440047033	0.760120187685639	0.0166757461841114	11.3093577816776	0.705606186030571
22.875	11.75	0.594883463352377	0.762032832063484	0.0194498710259358	11.1721152269464	0.736674251179045
23.125	11.75	0.640489077350635	0.764345042452455	0.021393685829443	11.0286728067759	0.766317900277913
23.375	11.75	0.683247274987677	0.766944256017149	0.0225293939802784	10.8792495915012	0.79411072874199
23.625	11.75	0.72270474141817	0.769716714881933	0.0229308877125718	10.7241534848156	0.819758081921811
23.875	11.75	0.75861268867607	0.772556942923915	0.022706762675815	10.5637588521545	0.843098247639445
24.125	11.75	0.790905001051039	0.775374373573078	0.0219830405960689	10.3984827924729	0.864088250683176
24.375	11.75	0.819661640665296	0.778096844705798	0.0208882143026239	10.2287629196349	0.882780066432442
24.625	11.75	0.84506677627486	0.780671325075231	0.0195420775077261	10.0550386113275	0.899293404578659
24.875	11.75	0.867369158320611	0.783062602698001	0.0180487048399469	9.8777366441747	0.913789952908397
25.125	11.75	0.886849277232195	0.785250753470016	0.0164931508095703	9.69726125376969	0.926452030200927
25.375	11.75	0.903795011304909	0.78722810199969	0.0149410127062514	9.51398807907236	0.937466757348191
25.625	11.75	0.918485441624874	0.788996189794326	0.0134398978011799	9.32826117841952	0.947015537056168
25.875	11.75	0.931181410667494	0.790563060582004	0.0120219386175914	9.14039226694637	0.955267916933871
26.125	11.75	0.94212104631178	0.791941004925119	0.0107067005733527	8.95066142783972	0.962378680102657
26.375	11.75	0.951518584076315	0.793144791385949	0.00950404272216697	8.75931871126481	0.968487079649604
26.625	11.75	0.959565148835521	0.79419034508473	0.008416678796952	8.5665862006702	0.973717346743089
26.875	11.75	0.966430534439966	0.79509380424455	0.0074423248406001	8.37266026801809	0.978179847385978
27.125	11.75	0.972265354924633	0.795870878149276	0.0065754116015705	8.1777138475454	0.981972480701011
27.375	11.75	0.977203199883075	0.796536435336856	0.00580839316943047	7.98189863302573	0.985182079923999
27.625	11.75	0.981362607205899	0.797104261677342	0.00513270886924048	7.78534715211996	0.987885694683834
27.875	11.75	0.984848781622818	0.797586940030927	0.00453946306417495	7.58817470035774	0.990151708054832
28.125	11.75	0.987755054248888	0.797995814311195	0.00401988483482889	7.39048113294397	0.992040785261777
28.375	11.75	0.990164112155731	0.798341010146126	0.0035656217663294	7.1923525198936	0.993606672901225
28.625	11.75	0.992149040082791	0.798631491788677	0.00316891258396334	6.99386267249387	0.994896876053814
28.875	11.75	0.993774217490704	0.798875140664836	0.0028226740085189	6.79507454910813	0.995953241368958
29.125	11.75	0.99509610903431	0.799078845256061	0.00252052887816078	6.59604154730943	0.996812470872302
29.375	11.75	0.99616397882207	0.799248595199707	0.00225679564683713	6.39680868808958	0.997506586234345
29.625	11.75	0.997020550664257	0.799389574820317	0.00202645383725853	6.19741369684667	0.998063357931767
29.875	11.75	0.997702629054098	0.799506252990031	0.00182509575812452	5.99788798518214	0.998506708885164
30.125	11.75	0.998241689425857	0.799602467423667	0.00164887158715415	5.7982575372572	0.998857098126807
30.375	11.75	0.998664441475394	0.799681502367601	0.001494432564163	5.59854370451302	0.999131886959006
30.625	11.75	0.998993365980296	0.799746159235022	0.00135887534142128	5.39876391285665	0.999345687887192
30.875	11.75	0.999247223466385	0.799798820142951	0.00123968934128403	5.19893228685499	0.99951069525315
31.125	11.75	0.99944153202401	0.799841504570776	0.00113470814403888	4.99906019596883	0.999636995815607
31.375	11.75	0.999589011349983	0.799875919524695	0.00104206537124843	4.79915672832024	0.999732857377489
31.625	11.75	0.999699990455967	0.799903503686741	0.000960155164812831	4.59922909786078	0.999804993796379
31.875	11.75	0.999782777241665	0.799925466071523	0.000887597132645128	4.39928299105649	0.999858805207082
32.125	11.75	0.999843989110494	0.799942819722985	0.000823205496681908	4.19932285930672	0.999898592921821
32.375	11.75	0.999888844857768	0.799956410967116	0.000765962108287221	3.99935216326286	0.999927749157549
32.625	11.75	0.999921419045524	0.799966944701817	0.000714992968281565	3.79937357501858	0.999948922379591
32.875	11.75	0.999944860852362	0.799975006161255	0.000669547887942979	3.59938914383202	0.999964159554035
33.125	11.75	0.99996157982866	0.799981079552927	0.000628982940172599	3.39940043065093	0.999975026888629
33.375	11.75	0.999973401064119	0.799985563948298	0.000592745366464518	3.19940861629359	0.999982710691678
33.625	11.75	0.999981692150922	0.799988786825857	0.000560360618881173	2.99941458773043	0.999988099898099
33.875	11.75	0.999987464444095	0.799991015707088	0.000531421228820204	2.79941900651042	0.999991851888662
34.125	11.75	0.999991452104116	0.799992468336692	0.000505577218980469	2.5994223629132	0.999994443867675
34.375	11.75	0.999994174625195	0.79999332173616	0.000482527834218064	2.39942501874381	0.999996213506377
34.625	11.75	0.999995991335178	0.799993720104438	0.000462014479025479	2.1994272407061	0.999997394367866
34.875	11.75	0.99999715721205	0.799993780970025	0.000443814898327459	1.99942922508019	0.999998152187833
35.125	11.75	0.999997884144808	0.799993598514875	0.000427738741406871	1.79943111350917	0.999998624694125
35.375	11.75	0.999998396958688	0.799993243249653	0.000413624548070494	1.5994330000877	0.999998958023147
35.625	11.75	0.999998951312313	0.799992759022849	0.000401337725497535	1.39943493274514	0.999999318353003
35.875	11.75	0.99999976499189	0.799992161927497	0.000390768244826252	1.19943691717665	0.999999847244729
36.125	11.75	1.00000083284079	0.799991449569319	0.000381825998188154	0.999438936636437	1.00000054134651
36.375	11.75	1.0000016786126	0.799990629344467	0.000374432011703753	0.799440999352716	1.00000109109819
36.625	11.75	1.00000124580666	0.799989764992968	0.000368506308285637	0.599443208699362	1.00000080977433
36.875	11.75	0.999998271843701	0.799989018701387	0.000363958752262836	0.399445815715845	0.999998876698406
37.125	11.75	0.999992451975149	0.799990402263846	0.000360696118607898	0.199449170945334	0.999995093783847
37.375	11.75	0.999986252390745	0.399984282840451	0.000358804232344239	-0.00054740375090143	0.999991064053985
0.125	12.25	-3.69495960202894e-12	0.399998930819672	-0.000140772505998691	18.0164916086036	0.349999999997598
0.375	12.25	-5.59121464864404e-12	0.799996790859727	-0.000141028945233099	17.9464917957194	0.349999999996366
0.625	12.25	-7.31874506351407e-12	0.79999464607408	-0.000141542792147608	17.8764921702309	0.349999999995243
0.875	12.25	-6.32575350736386e-12	0.799992493177162	-0.000142315986591316	17.8064927327021	0.349999999995888
1.125	12.25	3.71753502631564e-13	0.799990328781137	-0.00014335144540665	17.7364934839878	0.350000000000242
1.375	12.25	1.54289391739646e-11	0.799988149354867	-0.000144653071644065	17.6664944252442	0.350000000010029
1.625	12.25	3.97915432550357e-11	0.799985951182458	-0.000146225767398431	17.5964955579433	0.350000000025865
1.875	12.25	7.09230520774034e-11	0.799983730321676	-0.000148075451533018	17.5264968838912	0.3500000000461
2.125	12.25	1.01088233807004e-10	0.799981482560965	-0.000150209082544678	17.4564984052507	0.350000000065707
2.375	12.25	1.16358696416354e-10	0.799979203375257	-0.000152634688009873	17.3865001245669	0.350000000075633
2.625	12.25	9.71322277788709e-11	0.799976887878456	-0.000155361401296532	17.3165020447979	0.350000000063136
2.875	12.25	2.09211667795578e-11	0.799974530772894	-0.000158399506966305	17.2465041693492	0.350000000013599
3.125	12.25	-1.32071369051914e-10	0.799972126292903	-0.0001617604960889	17.1765065021119	0.349999999914154
3.375	12.25	-3.70507886495681e-10	0.799969668142056	-0.00016545713249144	17.1065090475056	0.34999999975917
3.625	12.25	-6.8116349332295e-10	0.799967149421004	-0.000169503531923924	17.0365118105253	0.349999999557244
3.875	12.25	-1.01727273131759e-09	0.799964562544915	-0.000173915255221059	16.9665147967948	0.349999999338773
4.125	12.25	-1.28847154020625e-09	0.799961899146129	-0.0001787094173581	16.8965180126244	0.349999999162493
4.375	12.25	-1.35609507267149e-09	0.799959149960966	-0.0001839048143298	16.8265214650785	0.349999999118538
4.625	12.25	-1.03879282179734e-09	0.799956304695917	-0.000189522069968128	16.7565251620527	0.349999999324785
4.875	12.25	-1.34061427261544e-10	0.799953351870486	-0.000195583805207473	16.6865291123655	0.34999999991286
5.125	12.25	1.53930494044536e-09	0.79995027863233	-0.00020211483279592	16.6165333258691	0.350000001000548
5.375	12.25	4.07531541149938e-09	0.799947070539965	-0.000209142380506566	16.546537813584	0.350000002648955
5.625	12.25	7.3935428793551e-09	0.799943711307564	-0.000216696347010885	16.4765425878651	0.350000004805803
5.875	12.25	1.11392788778576e-08	0.799940182504024	-0.000224809594484648	16.4065476626041	0.350000007240531
6.125	12.25	1.45877698075692e-08	0.799936463198445	-0.000233518283106809	16.3365530534735	0.35000000948205
6.375	12.25	1.65774517036948e-08	0.799932529539296	-0.000242862253431087	16.2665587782162	0.350000010775344
6.625	12.25	1.55042548938266e-08	0.799928354255364	-0.000252885462998611	16.1965648569808	0.350000010077766
6.875	12.25	9.4135449164729e-09	0.799923906059593	-0.000263636485534996	16.1265713126999	0.350000006118804
7.125	12.25	-3.77358796196358e-09	0.799919148936973	-0.000275169081539155	16.0565781715053	0.349999997547168
7.375	12.25	-2.58688069648645e-08	0.799914041290759	-0.000287542851344311	15.9865854631726	0.349999983185275
7.625	12.25	-5.78420779834502e-08	0.799908534917967	-0.000300823983311568	15.9165932215841	0.349999962402649
7.875	12.25	-9.90681490994458e-08	0.799902573778837	-0.000315086113088495	15.8466014852032	0.349999935605703
8.125	12.25	-1.4642833266619e-07	0.799896092518553	-0.000330411312561936	15.7766102975564	0.349999904821584
8.375	12.25	-1.93341618757171e-07	0.799889014691672	-0.000346891232429102	15.7066197077333	0.349999874327948
8.625	12.25	-2.28847784339499e-07	0.79988125062912	-0.000364628427840033	15.6366297709277	0.34999985124894
8.875	12.25	-2.36922241524982e-07	0.799872694877106	-0.000383737904457632	15.5666405490719	0.349999846000543
9.125	12.25	-1.96266772205043e-07	0.799863223121186	-0.000404348933091508	15.4966521116486	0.349999872426598
9.375	12.25	-8.08897870491796e-08	0.799852688492001	-0.000426607194138602	15.4266645368086	0.349999947421638
9.625	12.25	1.38140000688756e-07	0.799840917126694	-0.000450677331259525	15.3566779129808	0.350000089791
9.875	12.25	4.89319418267743e-07	0.799827702833971	-0.000476746016720013	15.2866923412223	0.350000318057622
10.125	12.25	9.95226164541371e-07	0.799812800676796	-0.00050502566002278	15.2167079386392	0.350000646897007
10.375	12.25	1.66443123115134e-06	0.799795919247368	-0.000535758928613595	15.1467248432863	0.3500010818803
10.625	12.25	2.48038350581349e-06	0.799776711355427	-0.000569224295442607	15.0767432210413	0.350001612249279
10.875	12.25	3.38701802764426e-06	0.799754762785586	-0.000605742883492799	15.0067632750238	0.350002201561718
11.125	12.25	4.27117290973702e-06	0.799729578693442	-0.000645686943720008	14.9367852581766	0.350002776262391
11.375	12.25	4.94244574156832e-06	0.799700567097177	-0.00068949037916431	14.8668094896343	0.350003212589732
11.625	12.25	5.11193547011214e-06	0.799667018779492	-0.000737661813461059	14.796836375426	0.350003322758056
11.875	12.25	4.3724523961662e-06	0.799628082728665	-0.000790800794205711	14.72686643388	0.350002842094057
12.125	12.25	2.18427487531531e-06	0.799582736019587	-0.0008496178148735	14.6569003257583	0.350001419778669
12.375	12.25	-2.12759998361192e-06	0.799529746755792	-0.000914958926936875	14.586938888618	0.349998617060011
12.625	12.25	-9.35654379821528e-06	0.799467628366139	-0.000987835782140959	14.5169831741222	0.349993918246531
12.875	12.25	-2.03670454724869e-05	0.799394583181524	-0.00106946197899085	14.4470344859716	0.349986761420443
13.125	12.25	-3.60037546449534e-05	0.799308432827655	-0.00116129655850931	14.377094414766	0.349976597559481
13.375	12.25	-5.69407373540333e-05	0.79920653259205	-0.00126509536961812	14.307164864429	0.34996298852072
13.625	12.25	-8.34523037816496e-05	0.79908566660779	-0.00138297075139717	14.2372480628318	0.349945756002542
13.875	12.25	-0.000115084572932592	0.798941920520794	-0.00151745949055304	14.1673465469789	0.349925195027594
14.125	12.25	-0.00015020530438456	0.798770528368569	-0.00167159821398956	14.0974631106063	0.34990236655215
14.375	12.25	-0.000185408620115426	0.798565690834659	-0.0018490041456761	14.0276006993732	0.349879484396925
14.625	12.25	-0.00021475117550244	0.798320363023	-0.00205395733700506	13.9577622360699	0.349860411735923
14.875	12.25	-0.000228797172107453	0.798026011627441	-0.0022914778779535	13.8879503555173	0.34985128183813
15.125	12.25	-0.000213451339205631	0.797672344104618	-0.00256738799156402	13.8181670261633	0.349861256629516
15.375	12.25	-0.000148561637886473	0.797247016476619	-0.00288834407984849	13.7484130328739	0.349903434935374
15.625	12.25	-6.27701395633646e-06	0.796735331997649	-0.00326181753509943	13.6786872931391	0.349995919940928
15.875	12.25	0.000250849735488249	0.796119950421706	-0.00369599539876808	13.6089859769482	0.350163052328067
16.125	12.25	0.000672017492644801	0.795380637249983	-0.00419956294810151	13.5393013990779	0.350436811370219
16.375	12.25	0.00132058519275857	0.794494094228339	-0.00478132072558748	13.469620651705	0.350858380375293
16.625	12.25	0.00227671427722339	0.793433926341345	-0.00544957990857475	13.3999239455096	0.351479864280195
16.875	12.25	0.00364020699502682	0.792170815986179	-0.00621127495772102	13.3301826293885	0.352366134546767
17.125	12.25	0.00553347390501881	0.790672990551416	-0.00707073549309946	13.2603568634697	0.353596758038262
17.375	12.25	0.00810452342460442	0.788907082876251	-0.00802807648907011	13.1903929285222	0.355267940225993
17.625	12.25	0.0115298103079961	0.786839491242512	-0.00907720494262742	13.1202201685624	0.357494376700197
17.875	12.25	0.0160167052192786	0.784438341236102	-0.0102035103850962	13.0497475841363	0.360410858392531
18.125	12.25	0.0218052511960748	0.781676128979046	-0.0113814118879695	12.9788601230471	0.364173413277449
18.375	12.25	0.0291687527633683	0.778533075824949	-0.0125720743850382	12.9074147546936	0.368959689296189
18.625	12.25	0.0384125996050239	0.775001141078422	-0.0137217674171127	12.8352364648119	0.374968189743266
18.875	12.25	0.0498705631202288	0.771088517358793	-0.0147614849488351	12.7621143699962	0.382415866028149
19.125	12.25	0.0638976344972152	0.766824275837752	-0.0156085182811756	12.6877982261272	0.39153346242319
19.375	12.25	0.0808583303709677	0.762262650392362	-0.0161706023901519	12.6119956911349	0.402557914741129
19.625	12.25	0.101109345324981	0.757486280244824	-0.0163529724497003	12.5343707978066	0.415721074461238
19.875	12.25	0.124975601361837	0.752607613668721	-0.0160681464640422	12.4545441893504	0.431234140885194
20.125	12.25	0.152719315168757	0.747767662444756	-0.0152475462261762	12.3720957525273	0.449267554859692
20.375	12.25	0.184502886353968	0.743131435454626	-0.0138533365938677	12.2865703184934	0.469926876130079
20.625	12.25	0.220348342044864	0.738879699469953	-0.0118883356302317	12.1974870395683	0.493226422329162
20.875	12.25	0.260098628330084	0.73519721521246	-0.0094017658400801	12.1043528274727	0.519064108414555
21.125	12.25	0.303388602055546	0.732258237826847	-0.00648912218767361	12.0066798006972	0.547202591336105
21.375	12.25	0.349634968131193	0.730210765141372	-0.00328548021595987	11.9040060298216	0.577262729285276
21.625	12.25	0.398053203478816	0.729161616530397	4.70958960036783e-05	11.7959180764316	0.60873458226123
21.875	12.25	0.447704852922859	0.729164725823897	0.00333613953890602	11.6820730895572	0.641008154399858
22.125	12.25	0.497571140581306	0.730214826713354	0.00641665430377161	11.5622178150385	0.673421241377849
22.375	12.25	0.546641098569924	0.732247900875181	0.0091473967188279	11.4362020086542	0.705316714070451
22.625	12.25	0.593997692160579	0.735148475191241	0.0114231405401023	11.3039844804806	0.736098499904376
22.875	12.25	0.638885970404109	0.738762459783242	0.0131813896380844	11.1656311713492	0.765275880762671
23.125	12.25	0.680752836348479	0.742913170781981	0.0144031171129557	11.0213059425253	0.792489343626511
23.375	12.25	0.719256038307516	0.747417802915101	0.015108191538634	10.8712557943928	0.817516424899886
23.625	12.25	0.754247176666952	0.752101945694433	0.0153469836747541	10.7157927865363	0.840260664833519
23.875	12.25	0.785737703510732	0.756810550826831	0.0151900651551851	10.5552749635142	0.860729507281976
24.125	12.25	0.813857640577255	0.761414723679217	0.0147178655473926	10.3900882103402	0.879007466375216
24.375	12.25	0.838814983769819	0.765814542117294	0.0140117336083387	10.2206303604932	0.895229739450383
24.625	12.25	0.86086089536928	0.769938647834751	0.0131472364759961	10.0472982448425	0.909559581990032
24.875	12.25	0.880262967055819	0.773741586998493	0.0121899249640562	9.87047783461213	0.922170928586282
25.125	12.25	0.897286708572763	0.777199863104215	0.0111933340197292	9.69053725786176	0.933236360572296
25.375	12.25	0.912184147253915	0.78030750169082	0.0101987283976393	9.50782226110773	0.942919695715045
25.625	12.25	0.925187891525397	0.783071703335255	0.00923602640342263	9.32265361459134	0.951372129491508
25.875	12.25	0.936508983229685	0.785508941798637	0.00832538320185388	9.13532597730758	0.958730839099295
26.125	12.25	0.946337109362618	0.787641683289765	0.00747902794481233	8.94610780472626	0.965119121085702
26.375	12.25	0.954842090464674	0.789495772532714	0.00670307730478099	8.75524196673544	0.970647358802038
26.625	12.25	0.962175903852062	0.791098449081556	0.00599916238381885	8.56294682590717	0.97541433750384
26.875	12.25	0.968474783157553	0.792476913533839	0.00536579358554662	8.36941759670128	0.97950860905241
27.125	12.25	0.973861145881302	0.793657346649426	0.00479944728555592	8.17482786142919	0.983009744822846
27.375	12.25	0.97844524268013	0.794664284774041	0.00429539327544326	7.97933115935145	0.985989407742085
27.625	12.25	0.982326509393067	0.795520264643497	0.00384829925335245	7.7830625936245	0.988512231105494
27.875	12.25	0.985594650365381	0.796245664293395	0.00345265413349957	7.58614041984179	0.990636522737497
28.125	12.25	0.988330502719789	0.796858681149283	0.00310305050169507	7.38866759229507	0.992414826767863
28.375	12.25	0.990606736042739	0.797375401638539	0.0027943616052493	7.19073325196407	0.993894378427781
28.625	12.25	0.992488437717761	0.797809928049615	0.00252184205573625	6.99241414523101	0.995117484516545
28.875	12.25	0.994033625591246	0.798174537657522	0.0022811752308843	6.79377596553567	0.99612185663431
29.125	12.25	0.995293719720224	0.798479856449319	0.00206848483848252	6.59487461238833	0.996940917818146
29.375	12.25	0.996313995303939	0.798735035376031	0.00188032350169182	6.39575736381756	0.99760409694756
29.625	12.25	0.997134030416382	0.798947921229323	0.00171364756557997	6.19646395972933	0.998137119770648
29.875	12.25	0.997788155216779	0.799125217281748	0.00156578451815247	5.99702759494398	0.998562300890906
30.125	12.25	0.998305904009054	0.799272630994563	0.00143439732929358	5.79747582192078	0.998898837605885
30.375	12.25	0.998712467771386	0.79939500759878	0.00131744849488614	5.59783136438717	0.999163104051401
30.625	12.25	0.999029142412288	0.799496449363806	0.00121316549997471	5.39811284423838	0.999368942567987
30.875	12.25	0.999273766811633	0.799580421017327	0.00112000867385467	5.19833542512937	0.999527948427562
31.125	12.25	0.999461144437195	0.799649842172338	0.0010366419122646	4.99851137710693	0.999649743884177
31.375	12.25	0.99960344275593	0.799707167829584	0.000961906418409425	4.7986505673929	0.999742237791354
31.625	12.25	0.999710565569916	0.799754458113635	0.000894797413275324	4.59876088300858	0.999811867620445
31.875	12.25	0.99979049461371	0.799793438409428	0.00083444364831849	4.39884859131247	0.999863821498912
32.125	12.25	0.999849598097088	0.799825551021555	0.000780089492738986	4.19891864470911	0.999902238763107
32.375	12.25	0.999892905229185	0.799851999400402	0.00073107934391388	3.9989749357846	0.99993038839897
32.625	12.25	0.999924346985267	0.799873785880394	0.000686844109525085	3.79902050895608	0.999950825540424
32.875	12.25	0.999946964339077	0.79989174377008	0.000646889523008779	3.599057734421	0.9999655268204
33.125	12.25	0.999963085762717	0.79990656453764	0.000610786071632172	3.39908844980455	0.999976005745766
33.375	12.25	0.999974475966539	0.799918820768887	0.000578160331275753	3.19911407448401	0.99998340937825
33.625	12.25	0.999982457798948	0.799928985551481	0.000548687510044521	2.99913570115984	0.999988597569316
33.875	12.25	0.999988009432091	0.79993744894685	0.000522085007137852	2.79915416884127	0.999992206130859
34.125	12.25	0.999991840096066	0.79994453219023	0.000498106808274533	2.59917012094265	0.999994696062443
34.375	12.25	0.999994450085697	0.799950500099286	0.000476538587679663	2.39918405149641	0.999996392555703
34.625	12.25	0.999996183817987	0.799955571765656	0.00045719348790784	2.19919634145454	0.999997519481691
34.875	12.25	0.99999728567692	0.799959928972946	0.000439908687883092	1.99920728576784	0.999998235689998
35.125	12.25	0.999997962771691	0.799963721252604	0.000424542964374954	1.79921711096316	0.999998675801599
35.375	12.25	0.999998442786689	0.79996706676231	0.000410975345018249	1.59922598338041	0.999998987811348
35.625	12.25	0.999998991205391	0.799970050107433	0.000399104474083355	1.39923401127125	0.999999344283504
35.875	12.25	0.999999835501227	0.799972722069546	0.000388847463295066	1.19924124964776	0.999999893075798
36.125	12.25	1.00000096422395	0.799975110379824	0.000380136195725524	0.999247722226837	1.00000062674557
36.375	12.25	1.00000185860683	0.799977250838803	0.000372909285984709	0.799253473128585	1.00000120809444
36.625	12.25	1.00000137480873	0.79997923795532	0.000367100490049895	0.599258643042003	1.00000089362567
36.875	12.25	0.999998148331088	0.799981270844112	0.00036262992593265	0.39926352622178	0.999998796415207
37.125	12.25	0.99999185115115	0.799985549829735	0.00035941147354675	0.199268518561689	0.999994703248247
37.375	12.25	0.999985149948625	0.399981657811775	0.000357537647005267	-0.000727104209391324	0.999990347466606
0.125	12.75	-3.71855881312809e-12	0.399998677584175	-0.000135989317349457	18.0165158682207	0.349999999997583
0.375	12.75	-5.61871384432237e-12	0.799996030225544	-0.000136237493803013	17.946516099652	0.349999999996348
0.625	12.75	-7.34048375034665e-12	0.799993375255507	-0.000136734727988423	17.8765165629569	0.349999999995229
0.875	12.75	-6.31819341855234e-12	0.799990707521676	-0.000137482784931578	17.8065172590246	0.349999999995893
1.125	12.75	4.43743440013755e-13	0.799988021755243	-0.000138484318442322	17.7365181891989	0.350000000000288
1.375	12.75	1.56040463550801e-11	0.79998531252227	-0.000139742879007337	17.6665193552902	0.350000000010143
1.625	12.75	4.00966567449732e-11	0.79998257417505	-0.000141262924771005	17.5965207595926	0.350000000026063
1.875	12.75	7.1351371206591e-11	0.799979800801016	-0.000143049836207395	17.5265224049047	0.350000000046378
2.125	12.75	1.01574255526586e-10	0.799976986169662	-0.000145109934742915	17.456524294556	0.350000000066023
2.375	12.75	1.16755331146854e-10	0.799974123675872	-0.000147450506193561	17.3865264324373	0.350000000075891
2.625	12.75	9.71956442508171e-11	0.799971206279039	-0.000150079829513281	17.3165288230377	0.350000000063177
2.875	12.75	2.03090552355902e-11	0.799968226436155	-0.000153007211546969	17.2465314714855	0.350000000013201
3.125	12.75	-1.33779232340717e-10	0.799965176028092	-0.000156243028522138	17.1765343835954	0.349999999913043
3.375	12.75	-3.73749157511984e-10	0.799962046276322	-0.000159798775227476	17.1065375659217	0.349999999757063
3.625	12.75	-6.86264697327082e-10	0.799958827648676	-0.000163687122331716	17.0365410258179	0.349999999553928
3.875	12.75	-1.02422391197287e-09	0.799955509751207	-0.000167921983146221	16.9665447715029	0.349999999334254
4.125	12.75	-1.29659913268372e-09	0.799952081203684	-0.000172518590284347	16.8965488121368	0.349999999157211
4.375	12.75	-1.36368154728619e-09	0.799948529494988	-0.000177493583561385	16.8265531579064	0.349999999113607
4.625	12.75	-1.04276235468304e-09	0.79994484081544	-0.000182865109835185	16.7565578201249	0.349999999322204
4.875	12.75	-1.29908924249904e-10	0.799940999861267	-0.000188652936434524	16.6865628113485	0.349999999915559
5.125	12.75	1.55714906227893e-09	0.799936989607757	-0.000194878578800882	16.6165681455154	0.350000001012147
5.375	12.75	4.11252965373038e-09	0.799932791044664	-0.000201565444505617	16.5465738381138	0.350000002673144
5.625	12.75	7.45428913967572e-09	0.799928382867787	-0.00020873899452248	16.4765799063843	0.350000004845288
5.875	12.75	1.12239265598805e-08	0.799923741118984	-0.000216426924072482	16.4065863695645	0.350000007295552
6.125	12.75	1.46901138668898e-08	0.799918838763438	-0.000224659364176931	16.3365932491811	0.350000009548574
6.375	12.75	1.66817377068596e-08	0.799913645193454	-0.000233469106437607	16.2666005693928	0.35000001084313
6.625	12.75	1.55825499006368e-08	0.799908125641773	-0.000242891852811679	16.1966083573872	0.350000010128657
6.875	12.75	9.4242671570749e-09	0.799902240486841	-0.00025296649232965	16.1266166438274	0.350000006125774
7.125	12.75	-3.88487938313398e-09	0.799895944426938	-0.000263735407287849	16.0566254633465	0.349999997474828
7.375	12.75	-2.61650162734931e-08	0.799889185495851	-0.000275244811188491	15.9866348550792	0.349999982992739
7.625	12.75	-5.83851010939024e-08	0.7998819038882	-0.000287545121101079	15.9166448632257	0.349999962049684
7.875	12.75	-9.99029507175898e-08	0.799874030554764	-0.000300691367310907	15.8466555376388	0.349999935063082
8.125	12.75	-1.47559625412144e-07	0.799865485522369	-0.00031474364429832	15.776666934435	0.349999904086243
8.375	12.75	-1.94703096019716e-07	0.799856175883052	-0.000329767607488359	15.7066791166411	0.349999873442988
8.625	12.75	-2.30265378435563e-07	0.799845993385917	-0.000345835021713238	15.6366921549034	0.349999850327504
8.875	12.75	-2.38075179491974e-07	0.799834811552158	-0.000363024369754705	15.5667061283155	0.349999845251133
9.125	12.75	-1.96653433719407e-07	0.799822482215758	-0.000381421531123677	15.4967211254539	0.349999872175268
9.375	12.75	-7.98096421641482e-08	0.799808831371981	-0.00040112054565044	15.426737245758	0.349999948123733
9.625	12.75	1.41571765130723e-07	0.799793654188888	-0.00042222448030951	15.3567546014481	0.350000092021647
9.875	12.75	4.96101742428026e-07	0.799776709004642	-0.000444846423644851	15.2867733202424	0.350000322466133
10.125	12.75	1.00631690370681e-06	0.799757710092276	-0.000469110639086904	15.216793549217	0.350000654105987
10.375	12.75	1.68047112920722e-06	0.799736318921524	-0.000495153916568175	15.1468154602375	0.350001092306234
10.625	12.75	2.5012593906835e-06	0.799712133580943	-0.000523127171223703	15.0768392574816	0.350001625818604
10.875	12.75	3.41122561725147e-06	0.799684675938574	-0.000553197348684988	15.0068651876526	0.350002217296651
11.125	12.75	4.29494834728985e-06	0.799653376007365	-0.000585549706951251	14.9368935535402	0.350002791716426
11.375	12.75	4.95865761849853e-06	0.799617552838289	-0.000620390556072652	14.866924731598	0.350003223127452
11.625	12.75	5.10877337509262e-06	0.799576391078071	-0.000657950546298077	14.7969591941417	0.350003320702694
11.875	12.75	4.33202445718114e-06	0.799528912090933	-0.000698488602673731	14.7269975365988	0.350002815815897
12.125	12.75	2.08134929700358e-06	0.799473938247501	-0.000742296607239867	14.6570405099151	0.350001352877043
12.375	12.75	-2.32628754437546e-06	0.799410048620791	-0.000789704927137741	14.5870890576993	0.349998487913096
12.625	12.75	-9.6917206594999e-06	0.799335523897658	-0.000841088875644851	14.5171443569214	0.349993700381571
12.875	12.75	-2.0883981970376e-05	0.799248277822164	-0.000896876170182339	14.4472078599362	0.349986425411719
13.125	12.75	-3.674535928697e-05	0.799145771947749	-0.000957555413701961	14.3772813342397	0.349976115516463
13.375	12.75	-5.79342856079256e-05	0.799024909927755	-0.00102368556661883	14.307366894682	0.349962342714355
13.625	12.75	-8.46864147456272e-05	0.798881907067039	-0.00109590628913953	14.2374670208435	0.349944953830415
13.875	12.75	-0.000116471717997118	0.798712130482451	-0.00117494890515693	14.1675845499692	0.349924293383302
14.125	12.75	-0.0001515233947099	0.798509905089383	-0.00126164755052083	14.0977226332793	0.349901509793438
14.375	12.75	-0.000186212981666918	0.79826828091807	-0.00135694979294778	14.0278846407005	0.349878961561917
14.625	12.75	-0.000214245378297126	0.797978758182548	-0.00146192560741736	13.9580739961575	0.349860740504107
14.875	12.75	-0.000225647628404223	0.797630968370346	-0.00157777300585443	13.8882939225923	0.349853329041537
15.125	12.75	-0.000205526228771455	0.797212312754803	-0.00170581778246823	13.8185470729054	0.349866407951299
15.375	12.75	-0.000132569497011713	0.796707564609619	-0.00184750366550339	13.7488350200877	0.349913829826942
15.625	12.75	2.27257487611005e-05	0.79609844855929	-0.00200436758144804	13.67915757698	0.350014771736695
15.875	12.75	0.000300119915777368	0.795363220528632	-0.00217799268528235	13.6095119134325	0.350195077945255
16.125	12.75	0.000751999410523533	0.794476285259922	-0.00236992931004282	13.539891436253	0.35048879961684
16.375	12.75	0.00144604969606019	0.793407905834544	-0.00258157121401459	13.4702843954949	0.350939932302439
16.625	12.75	0.00246821913325885	0.792124081222131	-0.00281397189175519	13.400672179767	0.351604342436618
16.875	12.75	0.00392593723722143	0.790586693053316	-0.00306758411836561	13.3310272640992	0.352551859204194
17.125	12.75	0.00595151633526494	0.788754049817464	-0.00334190674101873	13.261310777541	0.353868485617922
17.375	12.75	0.00870561479809907	0.786581981821211	-0.00363502812580311	13.1914696656242	0.355658649618764
17.625	12.75	0.0123805680731628	0.784025656997069	-0.003943068333794	13.1214334369716	0.358047369247556
17.875	12.75	0.0172032954586983	0.781042285946263	-0.00425954493058927	13.0511105059123	0.361182142048154
18.125	12.75	0.0234373609174459	0.77759485061718	-0.00457472231937545	12.9803841763649	0.36523428459634
18.375	12.75	0.0313836013849082	0.773656908397558	-0.00487505083964405	12.9091083588457	0.37039934090019
18.625	12.75	0.0413785353686771	0.76921837692026	-0.00514285346135354	12.8371031744073	0.37689604798964
18.875	12.75	0.0537895355294511	0.764291987468504	-0.00535646083770506	12.7641506783245	0.384963198094143
19.125	12.75	0.0690055163830084	0.758919817643885	-0.00549100758584735	12.689991033274	0.394853585648955
19.375	12.75	0.0874217118362868	0.75317901662018	-0.00552005735588312	12.6143195756083	0.406824112693586
19.625	12.75	0.109417114974413	0.747185591761259	-0.00541810062859184	12.5367853437548	0.421121124733368
19.875	12.75	0.135323522910052	0.741095030670269	-0.00516376730612524	12.4569917604407	0.437960289891534
20.125	12.75	0.16538614673292	0.735098681534268	-0.00474335116650169	12.3745002499468	0.457500995376398
20.375	12.75	0.199717683425381	0.729415256327686	-0.00415402771769703	12.2888375748439	0.479816494226498
20.625	12.75	0.238250676808517	0.724277526095301	-0.00340605208441399	12.1995075182943	0.504862939925536
20.875	12.75	0.280696481456078	0.719915129782854	-0.00252331993363904	12.1060071384696	0.532452712946451
21.125	12.75	0.32652196681548	0.7165352489112	-0.00154196971267175	12.0078471408421	0.562239278430062
21.375	12.75	0.374955357980601	0.714303535738992	-0.000507124478476598	11.9045750126849	0.593720982687391
21.625	12.75	0.425028545506873	0.713327973740155	0.000531715285706058	11.7957986475148	0.626268554579468
21.875	12.75	0.475654616413764	0.713648178248091	0.00152583977473467	11.6812075788347	0.659175500668947
22.125	12.75	0.525728722668262	0.715231944105277	0.00243219927744869	11.5605889560368	0.691723669734371
22.375	12.75	0.574232262590123	0.717979668344511	0.00321723768151236	11.4338361528778	0.72325097068358
22.625	12.75	0.620318846879981	0.721735859227243	0.00385920503145201	11.3009492170764	0.753207250471987
22.875	12.75	0.66336658263959	0.726305683041606	0.00434877192853069	11.1620278193955	0.781188278715733
23.125	12.75	0.702991834758323	0.731473772335202	0.00468807066595223	11.0172584819655	0.80694469259291
23.375	12.75	0.739029925167717	0.73702249138149	0.00488853431936607	10.8668983887885	0.830369451359016
23.625	12.75	0.771494447210872	0.742747425055505	0.00496805322928394	10.7112580101353	0.851471390687067
23.875	12.75	0.800528021189045	0.748468751719226	0.00494799385720737	10.5506843068888	0.870343213772879
24.125	12.75	0.826354757776953	0.75403808453997	0.00485053549380816	10.3855456708063	0.88713059255502
24.375	12.75	0.84924062584787	0.759341110564428	0.0046966163302095	10.2162191910578	0.902006406801115
24.625	12.75	0.869464109742871	0.764296830007706	0.00450459834953702	10.0430804084828	0.915151671332866
24.875	12.75	0.887296859082545	0.768854400416185	0.00428960917176588	9.86649544184762	0.926742958403654
25.125	12.75	0.902992599440544	0.77298857786757	0.0040634244806341	9.68681521960306	0.936945189636353
25.375	12.75	0.916782105878126	0.776694597384052	0.00383471884052728	9.50437148938724	0.945908368820782
25.625	12.75	0.928872166605614	0.779983121070305	0.00360952140876944	9.31947427257845	0.953766908293649
25.875	12.75	0.939446864126078	0.782875662252131	0.00339174669395257	9.13241045768541	0.960640461681951
26.125	12.75	0.94866996722672	0.785400702837523	0.00318371195492807	8.94344326744493	0.966635478697368
26.375	12.75	0.956687647102288	0.787590575617229	0.00298659081044957	8.75281237961204	0.971846970616487
26.625	12.75	0.963631060270497	0.789479085310691	0.00280078181210316	8.56073452447404	0.976360189175823
26.875	12.75	0.969618574528964	0.791099785453777	0.00262619011253175	8.36740442002255	0.980252073443827
27.125	12.75	0.974757565454343	0.792484802800426	0.00246243131512689	8.17299593735534	0.983592417545323
27.375	12.75	0.979145799388267	0.793664096647651	0.002308971375688	7.97766341429953	0.986444769602373
27.625	12.75	0.982872463463057	0.794665048837356	0.00216521725982693	7.78154305511013	0.988867101250987
27.875	12.75	0.986018919588534	0.795512294769204	0.0020305717135235	7.58475436931402	0.990912297732547
28.125	12.75	0.988659259012081	0.796227722314355	0.00190446320699131	7.38740161427729	0.992628518357852
28.375	12.75	0.990860725000807	0.7968305815033	0.00178635962124171	7.18957521473163	0.994059471250525
28.625	12.75	0.992684058431965	0.797337661964037	0.00167577196608991	6.99135313902401	0.995244637980777
28.875	12.75	0.994183807628809	0.797763506809773	0.00157225252097278	6.79280221683762	0.996219474958726
29.125	12.75	0.995408631276732	0.798120641003153	0.00147539031276528	6.59397938701722	0.997015610329876
29.375	12.75	0.99640161248092	0.798419799391064	0.00138480575219379	6.39493286725402	0.997661048112598
29.625	12.75	0.997200593263478	0.798670144944967	0.00130014547859162	6.19570323997798	0.998180385621261
29.875	12.75	0.997838532041006	0.7988794716128	0.00122107794212335	5.99632445102711	0.998595045826654
30.125	12.75	0.998343881726669	0.799054388912367	0.00114728991908557	5.79682471960885	0.998923523122335
30.375	12.75	0.998740982844748	0.79920048725326	0.00107848395609081	5.5972273597888	0.999181638849086
30.625	12.75	0.999050464180104	0.799322484189453	0.00101437663127427	5.39755151525603	0.999382801717068
30.875	12.75	0.99928964274976	0.799424352557338	0.000954697473667584	5.19781281042228	0.999538267787344
31.125	12.75	0.999472915023859	0.799509431880731	0.000899188372509185	4.99802392200767	0.999657394765508
31.375	12.75	0.999612132100116	0.799580524627767	0.000847603320824934	4.79819507613899	0.999747885865076
31.625	12.75	0.999716952737396	0.799639978960345	0.00079970836096358	4.59833447663382	0.999816019279307
31.875	12.75	0.999795169601127	0.799689759577703	0.000755281627325881	4.39844867056593	0.999866860240733
32.125	12.75	0.999853005617639	0.799731508158891	0.000714113409193536	4.19854285741444	0.999904453651466
32.375	12.75	0.999895378847389	0.799766594777651	0.000676006182303166	3.99862114810581	0.999931996250803
32.625	12.75	0.999926135640683	0.79979616151478	0.000640774580542452	3.79868678009014	0.999951988166444
32.875	12.75	0.999948252897624	0.799821159341972	0.000608245297410695	3.59874229428938	0.999966364383455
33.125	12.75	0.999964010896747	0.799842379215945	0.000578256918506124	3.39878967936313	0.999976607082885
33.375	12.75	0.999975138362158	0.799860478223022	0.000550659688404235	3.19883048831723	0.999983839935403
33.625	12.75	0.999982931410113	0.799876001566482	0.000525315206955277	2.9988659320724	0.999988905416574
33.875	12.75	0.999988348270762	0.799889401178141	0.000502096036379331	2.79889695421242	0.999992426375995
34.125	12.75	0.999992082938211	0.799901051696648	0.000480885196565889	2.59892429065731	0.999994853909837
34.375	12.75	0.999994623579023	0.799911264370322	0.00046157555544512	2.39894851729735	0.999996505326365
34.625	12.75	0.999996304833321	0.799920298996645	0.000444069203163279	2.19897008754383	0.999997598141658
34.875	12.75	0.999997364186896	0.79992837332861	0.000428277019402474	1.99898936040487	0.999998286721482
35.125	12.75	0.999998006584995	0.799935668805998	0.000414118722798265	1.79900661868278	0.999998704280247
35.375	12.75	0.999998464374889	0.799942331763084	0.000401523575707289	1.5990220773889	0.999999001843678
35.625	12.75	0.999999014087463	0.799948471337053	0.000390431440701473	1.39903588575463	0.999999359156851
35.875	12.75	0.999999893757865	0.799954159410402	0.000380793041927311	1.19904813232958	0.999999930942612
36.125	12.75	1.00000108639751	0.79995944237339	0.000372567479920833	0.999058868516933	1.00000070615838
36.375	12.75	1.00000203150563	0.799964374645161	0.000365715258982162	0.799068164085594	1.00000132047866
36.625	12.75	1.0000014986734	0.79996907303007	0.0003601876123969	0.599076188951022	1.00000097413771
36.875	12.75	0.99999802195137	0.799973766127471	0.000355918385497583	0.399083274375011	0.99999871426839
37.125	12.75	0.999991249837945	0.799980836726056	0.00035283167958787	0.199089857112819	0.999994312394665
37.375	12.75	0.999984048632549	0.399979073771799	0.000351025306792835	-0.000904836385696878	0.999989631611157
0.125	13.25	-3.74533736659064e-12	0.399998434466791	-0.000130213422916498	18.016539202115	0.349999999997565
0.375	13.25	-5.65577945899477e-12	0.799995300038495	-0.000130449811501134	17.9465394760911	0.349999999996324
0.625	13.25	-7.38384378665408e-12	0.799992155491961	-0.000130923372790783	17.8765400246318	0.3499999999952
0.875	13.25	-6.34730941231048e-12	0.799988993996284	-0.000131635676848047	17.8065408489189	0.349999999995874
1.125	13.25	4.67922746553301e-13	0.799985808592836	-0.000132589082986107	17.7365419507359	0.350000000000304
1.375	13.25	1.57364397233541e-11	0.799982592141738	-0.000133786745110543	17.6665433324816	0.350000000010229
1.625	13.25	4.03968689500175e-11	0.799979337267091	-0.000135232619023033	17.5965449971885	0.350000000026258
1.875	13.25	7.18610524896598e-11	0.799976036300302	-0.000136931472061539	17.5265469485459	0.35000000004671
2.125	13.25	1.02282594323025e-10	0.799972681219203	-0.000138888895060691	17.4565491909289	0.350000000066484
2.375	13.25	1.17556929122707e-10	0.799969263583911	-0.000141111317301661	17.3865517294327	0.350000000076412
2.625	13.25	9.78516050982482e-11	0.799965774466758	-0.000143606024289049	17.3165545699133	0.350000000063604
2.875	13.25	2.04287264966893e-11	0.799962204375728	-0.000146381178922111	17.2465577190332	0.350000000013279
3.125	13.25	-1.34715350829667e-10	0.799958543169693	-0.000149445846187857	17.1765611843153	0.349999999912435
3.375	13.25	-3.76308452946246e-10	0.799954779963404	-0.000152810021685567	17.1065649742024	0.3499999997554
3.625	13.25	-6.90916607543391e-10	0.799950903020083	-0.00015648466395787	17.0365690981244	0.349999999550904
3.875	13.25	-1.03113452178709e-09	0.799946899629975	-0.000160481730987969	16.9665735665744	0.349999999329763
4.125	13.25	-1.30538084321372e-09	0.799942755970629	-0.000164814220832124	16.8965783911944	0.349999999151502
4.375	13.25	-1.37311909673816e-09	0.799938456946998	-0.000169496216302334	16.8265835848727	0.349999999107473
4.625	13.25	-1.05054836970186e-09	0.799933986006757	-0.0001745429338444	16.7565891618562	0.349999999317144
4.875	13.25	-1.32450913576901e-10	0.799929324928352	-0.00017997077575352	16.6865951378822	0.349999999913907
5.125	13.25	1.56474013453358e-09	0.799924453575299	-0.000185797386203507	16.616601530333	0.350000001017081
5.375	13.25	4.1361090032478e-09	0.799919349613771	-0.000192041709734914	16.5466083584221	0.350000002688471
5.625	13.25	7.49982695638505e-09	0.799913988184968	-0.000198724051909685	16.4766156434157	0.350000004874888
5.875	13.25	1.12959976136142e-08	0.79990834152614	-0.00020586614069844	16.4066234088986	0.350000007342398
6.125	13.25	1.47896979114906e-08	0.799902378529205	-0.000213491187314398	16.3366316810891	0.350000009613304
6.375	13.25	1.68034663358869e-08	0.799896064225594	-0.000221623944252631	16.2666404892071	0.350000010922253
6.625	13.25	1.57117396847638e-08	0.799889359182099	-0.000230290757681922	16.1966498658966	0.350000010212631
6.875	13.25	9.53429880424665e-09	0.799882218789863	-0.000239519610518821	16.1266598477007	0.350000006197294
7.125	13.25	-3.83406994306566e-09	0.79987459242438	-0.000249340151501374	16.0566704755849	0.349999997507854
7.375	13.25	-2.62264168895318e-08	0.799866422450577	-0.000259783703520423	15.9866817954988	0.349999982952829
7.625	13.25	-5.86211081579599e-08	0.799857643042303	-0.000270883244339958	15.9166938589704	0.34999996189628
7.875	13.25	-1.00378013465181e-07	0.799848178778285	-0.000282673349317736	15.8467067237233	0.349999934754291
8.125	13.25	-1.48328543199263e-07	0.79983794297191	-0.000295190084553002	15.7767204543177	0.349999903586447
8.375	13.25	-1.95795067295931e-07	0.799826835682124	-0.000308470835570856	15.7067351228235	0.349999872733206
8.625	13.25	-2.3166478815006e-07	0.799814741343141	-0.000322554053498893	15.6367508095547	0.349999849417888
8.875	13.25	-2.39701257236142e-07	0.799801525937602	-0.000337478895947863	15.5667676039168	0.349999844194183
9.125	13.25	-1.9834223378281e-07	0.79978703362224	-0.00035328473461076	15.4967856054562	0.349999871077548
9.375	13.25	-8.1303128957344e-08	0.799771082694676	-0.000370010493588002	15.4268049252467	0.349999947152966
9.625	13.25	1.40623649370525e-07	0.799753460765688	-0.000387693773111709	15.3568256878015	0.350000091405372
9.875	13.25	4.96119654603314e-07	0.799733918970375	-0.000406369699688842	15.2868480337721	0.350000322477775
10.125	13.25	1.00774552323211e-06	0.79971216501254	-0.000426069426427569	15.2168721237707	0.35000065503459
10.375	13.25	1.68370386302946e-06	0.799687854788047	-0.000446818183982018	15.1468981437403	0.350001094407511
10.625	13.25	2.50653537124161e-06	0.799660582269883	-0.000468632752181288	15.076926312384	0.350001629247991
10.875	13.25	3.41850765775415e-06	0.79962986725579	-0.000491518183027524	15.0069568912431	0.350002222029977
11.125	13.25	4.30380194832948e-06	0.79959514047503	-0.000515463556273901	14.9369901980663	0.350002797471266
11.375	13.25	4.96816684967336e-06	0.799555725411135	-0.000540436486184482	14.8670266241214	0.350003229308452
11.625	13.25	5.11754962073826e-06	0.799510816020608	-0.000566376023100253	14.7970666560289	0.350003326407253
11.875	13.25	4.3383880703051e-06	0.799459449298214	-0.000593183503650039	14.7271109025169	0.350002819952246
12.125	13.25	2.08379054160623e-06	0.799400471351531	-0.000620710801880567	14.6571601261651	0.350001354463852
12.375	13.25	-2.32823639088112e-06	0.799332495295118	-0.000648745321770894	14.5872152796678	0.349998486646346
12.625	13.25	-9.69605066299481e-06	0.799253848851467	-0.000676990958567535	14.5172775453775	0.349993697567069
12.875	13.25	-2.08840530681928e-05	0.799162509061193	-0.000705044151497892	14.4473483758301	0.349986425365506
13.125	13.25	-3.67268868361317e-05	0.799056020969007	-0.000732364074096707	14.3774295315887	0.349976127523557
13.375	13.25	-5.7871384308919e-05	0.798931396601929	-0.000758235986043726	14.3075231110501	0.349962383600199
13.625	13.25	-8.45367249944233e-05	0.798784990036644	-0.000781726840269236	14.2376315648515	0.349945051128754
13.875	13.25	-0.000116170818861825	0.798612343949792	-0.000801632451903723	14.1677576852086	0.34992448896774
14.125	13.25	-0.000150978974096015	0.7984080028684	-0.000816415958152207	14.0979045579723	0.349901863666838
14.375	13.25	-0.00018529960123116	0.798165288548458	-0.000824138013821413	14.0280754624582	0.3498795552592
14.625	13.25	-0.000212801144409588	0.797876033721883	-0.000822380279091482	13.9582737012617	0.349861679256134
14.875	13.25	-0.000223474655165512	0.797530272144248	-0.000808165382929953	13.8885023393863	0.349854741474142
15.125	13.25	-0.000202397432238512	0.797115885809379	-0.00077787881801683	13.8187638291464	0.349868441669045
15.375	13.25	-0.00012824494807323	0.796618214812944	-0.000727201270503815	13.7490594945107	0.349916640783752
15.625	13.25	2.84690278538835e-05	0.79601964218151	-0.000651063812778647	13.679388845863	0.350018504868105
15.875	13.25	0.000307440285593186	0.79529917562891	-0.000543643222121355	13.6097486936358	0.350199836185636
16.125	13.25	0.000760920327887515	0.794432061279309	-0.000398420323268696	13.5401320270311	0.350494598213127
16.375	13.25	0.00145636203836724	0.793389481411384	-0.000208330326166808	13.4705266223086	0.350946635324939
16.625	13.25	0.00247935172193006	0.792138409449627	3.39601344671574e-05	13.4009133443226	0.351611578619255
16.875	13.25	0.00393679188585386	0.790641720306037	0.00033561054864903	13.3312641058461	0.352558914725805
17.125	13.25	0.00596026478564755	0.788858681156835	0.000702959941370345	13.2615394528145	0.353874172110671
17.375	13.25	0.00870945606760022	0.786745973319094	0.00114064466468975	13.1916857514743	0.35566114644394
17.625	13.25	0.0123754457764812	0.784259413847389	0.00165046791163421	13.1216319674502	0.358044039754713
17.875	13.25	0.0171835753874637	0.781356546049684	0.00223004349283364	13.0512860492247	0.361169324001851
18.125	13.25	0.0233954696433512	0.77800023783166	0.00287129199077313	12.9805309618843	0.365207055268178
18.375	13.25	0.0313096276425201	0.774163349447505	0.00355894400909192	12.9092204635877	0.370351257967638
18.625	13.25	0.0412597994070496	0.769834392482692	0.00426929650085134	12.8371747791003	0.376818869614582
18.875	13.25	0.0536101411357994	0.765023891837174	0.00496955670093869	12.764176403296	0.38484659173827
19.125	13.25	0.0687459213693183	0.759770891509155	0.00561816340389088	12.6899663630231	0.394684848890057
19.375	13.25	0.087058391870527	0.754148750048989	0.00616645648743414	12.6142413762844	0.406587954715843
19.625	13.25	0.108922457160145	0.748269122075038	0.00656193339376843	12.5366524669984	0.420799597154094
19.875	13.25	0.134666165899596	0.742282912122228	0.00675306812798513	12.4568057067824	0.437533007834738
20.125	13.25	0.164532063283043	0.736377108706078	0.00669530083885427	12.3742658326563	0.456945841133978
20.375	13.25	0.198632334457496	0.730766812129678	0.00635741674889498	12.2885634816024	0.479111017397372
20.625	13.25	0.236902485401372	0.725682437567742	0.00572724681333914	12.1992066209764	0.503986615510892
20.875	13.25	0.279061612803147	0.721352903190507	0.00481556200954406	12.1056963678084	0.531390048322046
21.125	13.25	0.324589939362124	0.717986446600302	0.00365726066069399	12.0075467482873	0.56098346058538
21.375	13.25	0.372734449597318	0.715751385750245	0.00230942304479377	11.9043071117872	0.592277392238256
21.625	13.25	0.422549532475934	0.714759500255093	0.00084639435092344	11.7955850712726	0.624657196109357
21.875	13.25	0.472971387636713	0.715054620515808	-0.000647412009017461	11.68106728466	0.657431401963864
22.125	13.25	0.522914919019175	0.716608382591056	-0.00208594442422513	11.5605353964386	0.689894697362464
22.375	13.25	0.571374176716112	0.71932396290848	-0.00338998642181167	11.4338751295107	0.721393214865473
22.625	13.25	0.617505956581179	0.723047172290672	-0.00449452336285683	11.3010776903374	0.751378871777767
22.875	13.25	0.660681781428389	0.727582956344785	-0.00535404522642009	11.1622339527054	0.779443157928453
23.125	13.25	0.700503387231617	0.732714516093809	-0.00594516180637238	11.017522919752	0.805327201700551
23.375	13.25	0.736786499225193	0.738222134001116	-0.00626635833410524	10.8671964957649	0.828911224496375
23.625	13.25	0.769523612713628	0.743899303059226	-0.0063352139429074	10.711562622248	0.850190348263858
23.875	13.25	0.798837746886371	0.749564653439498	-0.00618381932599686	10.5509685015207	0.869244535476141
24.125	13.25	0.824936929283878	0.755069147757659	-0.00585334880335961	10.3857851427804	0.886209004034521
24.375	13.25	0.848075490607941	0.760298835492662	-0.00538872088398655	10.2163939733328	0.901249068895161
24.625	13.25	0.868524728901571	0.765173996979472	-0.00483406333135321	10.0431758449955	0.914541073786021
24.875	13.25	0.886552958112898	0.769645750278405	-0.00422938345145121	9.86650246039108	0.926259422773384
25.125	13.25	0.902413527917927	0.773691192874692	-0.0036085365329786	9.68673004273849	0.936568793146653
25.375	13.25	0.916338864916708	0.777307988789684	-0.00299835576454447	9.5041949594002	0.94562026219586
25.625	13.25	0.928538615567442	0.780509075283163	-0.0024186803207492	9.31921096350786	0.953550100118837
25.875	13.25	0.939200286643941	0.783317918805382	-0.00188298338529477	9.13206771926299	0.960480186318562
26.125	13.25	0.948491185563615	0.785764539248159	-0.00139932957894447	8.94303030695837	0.96651927061635
26.375	13.25	0.956560849633382	0.787882363554979	-0.000971450486255696	8.75233944878648	0.971764552261699
26.625	13.25	0.963543469636047	0.789705866079567	-0.000599793572702461	8.56021224547837	0.97630325526343
26.875	13.25	0.969560046387337	0.791268895612875	-0.000282459126548022	8.36684326000828	0.980214030151769
27.125	13.25	0.974720175986539	0.792603565800234	-1.59855672210873e-05	8.17240582448147	0.98356811439125
27.375	13.25	0.97912345569951	0.793739584933329	0.000204025308785013	7.97705347868652	0.986430246204681
27.625	13.25	0.98286055436289	0.794703913119407	0.000382432744402151	7.78092147387018	0.988859360335879
27.875	13.25	0.986014013489739	0.79552065259797	0.000524211161709963	7.58412829405304	0.99090910876833
28.125	13.25	0.988658849266396	0.79621109598358	0.000634210796500697	7.38677716087682	0.992628252023158
28.375	13.25	0.990863019501781	0.796793874892148	0.000717002082081758	7.18895749776692	0.994060962676158
28.625	13.25	0.992687808668509	0.797285166578298	0.000776783498043195	6.99074633615546	0.995247075634531
28.875	13.25	0.994188171843135	0.797698928499175	0.000817335858835975	6.79220965148629	0.996222311698038
29.125	13.25	0.995413066466057	0.798047140275434	0.000842009365108263	6.59340362035304	0.997018493202937
29.375	13.25	0.996405790373955	0.79834003969684	0.00085373280428375	6.39437579287099	0.997663763743071
29.625	13.25	0.997204335934595	0.798586344638835	0.000855036902695359	6.19516617657169	0.998182818357487
29.875	13.25	0.997841763390768	0.798793456447065	0.000848085963334502	5.99580822994115	0.998597146204
30.125	13.25	0.998346591607972	0.798967642870652	0.000834713602665771	5.79632976531932	0.998925284545182
30.375	13.25	0.998743201124003	0.79911420028774	0.000816459687488971	5.59675376230113	0.999183080730602
30.625	13.25	0.999052242482982	0.799237596007985	0.000794606538042145	5.39709909404773	0.999383957613938
30.875	13.25	0.999291042047686	0.799341592040395	0.000770213172454262	5.19738117002855	0.999539177330996
31.125	13.25	0.999473997571364	0.79942935201996	0.000744146878106388	4.99761249965603	0.999658098421387
31.375	13.25	0.99961295653661	0.799503533092776	0.000717111755129441	4.79780318203127	0.999748421748797
31.625	13.25	0.999717571423975	0.799566364540254	0.000689674124416366	4.59796132757885	0.999816421425584
31.875	13.25	0.99979562747842	0.799619714827573	0.000662284857026139	4.39809341770804	0.999867157860973
32.125	13.25	0.999853340050569	0.799665148623131	0.000635298786696294	4.19820460879969	0.99990467103287
32.375	13.25	0.999895620072534	0.799703975175068	0.00060899142989985	3.99829898679472	0.999932153047147
32.625	13.25	0.999926307554746	0.799737289261622	0.000583573271026866	3.79837977847297	0.999952099910585
32.875	13.25	0.999948374018962	0.799766005767578	0.000559201882462999	3.59844952519533	0.999966443112326
33.125	13.25	0.999964095388028	0.799790888796163	0.000535992144978596	3.39851022448696	0.999976662002218
33.375	13.25	0.999975197012496	0.79981257612499	0.000514024814854065	3.19856344442131	0.999983878058122
33.625	13.25	0.999982972444265	0.799831599769783	0.000493353652782917	2.99861041536649	0.999988932088772
33.875	13.25	0.999988377818017	0.79984840341463	0.00047401129239662	2.79865210327045	0.999992445581711
34.125	13.25	0.999992105034195	0.799863357432782	0.000456013998974423	2.59868926819464	0.999994868272227
34.375	13.25	0.999994639790043	0.799876772031621	0.000439365474789959	2.39872251108814	0.999996515863528
34.625	13.25	0.999996314026078	0.799888908588001	0.000424059925368296	2.19875231067827	0.999997604116951
34.875	13.25	0.999997363464404	0.799899988522046	0.000410084698086563	1.99877905095253	0.999998286251863
35.125	13.25	0.999997994510408	0.799910198458008	0.000397422865306295	1.79880303866031	0.999998696431765
35.375	13.25	0.999998446594922	0.799919690742834	0.000386056000632374	1.59882451082538	0.999998990286699
35.625	13.25	0.999999008813644	0.79992858060618	0.000375966928996465	1.39884363578265	0.999999355728869
35.875	13.25	0.999999930799993	0.799936945619302	0.000367141411152753	1.19886051778505	0.999999955019996
36.125	13.25	1.00000119118055	0.799944837842045	0.000359566936105353	0.998875221482077	1.00000077426736
36.375	13.25	1.00000218960904	0.799952319198546	0.000353226977320179	0.798887830651679	1.00000142324588
36.625	13.25	1.00000161191483	0.799959519055966	0.000348091476486279	0.598898535061004	1.00000104774464
36.875	13.25	0.999997893512996	0.799966686745551	0.000344109578307268	0.398907695475247	0.999998630783448
37.125	13.25	0.999990659849052	0.799976376718633	0.000341217360344526	0.198915783780257	0.999993928901884
37.375	13.25	0.999982971626856	0.399976591913642	0.000339515703810605	-0.00107802506818923	0.999988931557456
0.125	13.75	-3.77099942541731e-12	0.399998204807072	-0.000123491974320684	18.0165614401071	0.349999999997549
0.375	13.75	-5.69526253820378e-12	0.799994610325924	-0.000123713438295083	17.9465617542731	0.349999999996298
0.625	13.75	-7.43780637580249e-12	0.799991003524958	-0.000124157046552772	17.8765623833216	0.349999999995165
0.875	13.75	-6.39981276343139e-12	0.799987376101386	-0.000124824160358244	17.8065633286914	0.34999999999584
1.125	13.75	4.53999221767415e-13	0.799983719618688	-0.000125716823392925	17.7365645925521	0.350000000000295
1.375	13.75	1.58204762065233e-11	0.799980025449855	-0.000126837763613213	17.6665661778181	0.350000000010283
1.625	13.75	4.06532161306513e-11	0.799976284720326	-0.000128190396259721	17.5965680881679	0.350000000026425
1.875	13.75	7.23588608131942e-11	0.799972488247412	-0.000129778827308882	17.5265703280686	0.350000000047033
2.125	13.75	1.03050467668655e-10	0.799968626476947	-0.000131607857882937	17.4565729028065	0.350000000066983
2.375	13.75	1.18535287761596e-10	0.799964689414788	-0.000133682989356916	17.3865758185228	0.350000000077048
2.625	13.75	9.88436930703526e-11	0.799960666553381	-0.000136010429284102	17.3165790822564	0.350000000064248
2.875	13.75	2.10695157123747e-11	0.799956546791374	-0.000138597097836172	17.2465827019925	0.350000000013695
3.125	13.75	-1.34949748584703e-10	0.79995231834452	-0.000141450634784863	17.1765866867188	0.349999999912283
3.375	13.75	-3.78034585871394e-10	0.799947968647469	-0.000144579406567161	17.1065910464879	0.349999999754277
3.625	13.75	-6.94719390297931e-10	0.799943484243003	-0.000147992513177633	17.0365957924888	0.349999999548432
3.875	13.75	-1.03739827257695e-09	0.799938850657417	-0.000151699794224304	16.9666009371257	0.349999999325691
4.125	13.75	-1.31409235117849e-09	0.799934052259213	-0.00015571183351496	16.896606494108	0.34999999914584
4.375	13.75	-1.38364815902108e-09	0.799929072098456	-0.000160039961341532	16.8266124785516	0.349999999100629
4.625	13.75	-1.06139799582602e-09	0.799923891723409	-0.000164696252918026	16.7566189070953	0.349999999310091
4.875	13.75	-1.4097868680683e-10	0.799918490971251	-0.000169693521941731	16.6866257980362	0.349999999908364
5.125	13.75	1.56257852188485e-09	0.799912847728737	-0.00017504530691041	16.6166331714881	0.350000001015676
5.375	13.75	4.14586490658427e-09	0.799906937659457	-0.000180765848199982	16.5466410495697	0.350000002694812
5.625	13.75	7.52831855200562e-09	0.799900733890594	-0.000186870052758184	16.4766494566284	0.350000004893407
5.875	13.75	1.13505216038295e-08	0.799894206654537	-0.000193373442782964	16.4066584195069	0.350000007377839
6.125	13.75	1.48765529220664e-08	0.79988732287504	-0.000200292084178559	16.3366679678553	0.350000009669759
6.375	13.75	1.69257650394566e-08	0.799880045689581	-0.00020764248866911	16.2666781344959	0.350000011001747
6.625	13.75	1.58666294663834e-08	0.7998723338936	-0.000215441482825276	16.1966889558369	0.350000010313309
6.875	13.75	9.70985082202852e-09	0.799864141292626	-0.000223706035263669	16.1267004723353	0.350000006311403
7.125	13.75	-3.66193187190619e-09	0.799855415943273	-0.000232453030840457	16.0567127290005	0.349999997619744
7.375	13.75	-2.60965196474464e-08	0.799846099261774	-0.000241698978976888	15.98672577593	0.349999983037262
7.625	13.75	-5.85887621090315e-08	0.79983612497425	-0.000251459638795194	15.9167396688657	0.349999961917305
7.875	13.75	-1.0051559619806e-07	0.799825417878982	-0.000261749541539263	15.8467544697616	0.349999934664863
8.125	13.75	-1.48724872654068e-07	0.799813892385478	-0.000272581384624296	15.7767702473578	0.349999903328833
8.375	13.75	-1.96553761423407e-07	0.799801450789152	-0.000283965266473747	15.7067870777671	0.349999872240055
8.625	13.75	-2.32901993373914e-07	0.799787981232724	-0.000295907723823459	15.6368050450959	0.349999848613704
8.875	13.75	-2.41543040748082e-07	0.799773355296263	-0.000308410522944881	15.5668242421467	0.349999842997023
9.125	13.75	-2.00921281290706e-07	0.799757425146876	-0.000321469144104655	15.4968447712819	0.349999869401167
9.375	13.75	-8.47527821813574e-08	0.799740020163726	-0.000335070881628576	15.4268667455724	0.349999944910692
9.625	13.75	1.3618300202718e-07	0.799720942938598	-0.000349192459919087	15.3568902904085	0.350000088518951
9.875	13.75	4.90611732737158e-07	0.79969996452996	-0.000363797036830878	15.2869155458142	0.350000318897626
10.125	13.75	1.00120395286884e-06	0.799676818822708	-0.000378830427583157	15.216942669781	0.350000650782569
10.375	13.75	1.67639935977645e-06	0.799651195814356	-0.000394216332928642	15.1469718430148	0.350001089659584
10.625	13.75	2.49920280111081e-06	0.799622733605526	-0.000409850291557856	15.0770032755689	0.350001624481821
10.875	13.75	3.41272415185076e-06	0.799591008821522	-0.000425591996131155	15.0070372159043	0.350002218270699
11.125	13.75	4.30257833902931e-06	0.799555525120036	-0.000441255511712087	14.9370739629557	0.35000279667592
11.375	13.75	4.97681964827498e-06	0.799515699349626	-0.000456596813379179	14.8671138817739	0.350003234932771
11.625	13.75	5.14491210324593e-06	0.799470844802439	-0.000471297913215685	14.7971574232244	0.350003344192867
11.875	13.75	4.39838524631113e-06	0.799420150848179	-0.000484946678773074	14.7272051480168	0.35000285895041
12.125	13.75	2.1973268325997e-06	0.799362658037949	-0.00049701125655831	14.6572577549824	0.350001428262441
12.375	13.75	-2.13127024236909e-06	0.799297227519789	-0.000506807815051149	14.5873161129512	0.349998614674342
12.625	13.75	-9.37508690448371e-06	0.799222503313476	-0.000513460125703493	14.5173812947848	0.349993906193512
12.875	13.75	-2.03872940548695e-05	0.79913686565361	-0.000515849332793833	14.447454611035	0.349986748258864
13.125	13.75	-3.5993299544912e-05	0.799038373240487	-0.000512552159230322	14.3775376393191	0.349976604355296
13.375	13.75	-5.68375143243726e-05	0.798924691866571	-0.000501765811013821	14.3076322438105	0.349963055615689
13.625	13.75	-8.31518274546337e-05	0.798793006549323	-0.000481218051924969	14.2377405772551	0.349945951312155
13.875	13.75	-0.000114425496027009	0.79863991406499	-0.00044806142661104	14.1678650556832	0.349925623427582
14.125	13.75	-0.000148954784741608	0.798461292725533	-0.000398751549873302	14.0980082935462	0.349903179389918
14.375	13.75	-0.000183250089704808	0.798252146487108	-0.000328910926460707	14.028172984456	0.349880887441692
14.625	13.75	-0.000211278547496378	0.798006421171333	-0.000233182136001322	13.9583617101272	0.349862668944127
14.875	13.75	-0.000223521284834937	0.797716791901677	-0.000105077665658303	13.8885766576165	0.349854711164857
15.125	13.75	-0.000205826462012215	0.79737442302987	6.31615184795639e-05	13.8188192225955	0.349866212799692
15.375	13.75	-0.000138042036641414	0.79696870511089	0.00028068011851992	13.749089474259	0.349910272676183
15.625	13.75	7.58429017137093e-06	0.796486978162349	0.000558068508883959	13.6793854556114	0.350004929788611
15.875	13.75	0.000268246026395931	0.795914256818073	0.000907331481045667	13.6097022913506	0.350174359917157
16.125	13.75	0.00069266196595734	0.795232981312276	0.00134171667342311	13.5400310744746	0.350450230277872
16.375	13.75	0.00134339740607714	0.794422828680646	0.00187534082712273	13.4703575022699	0.35087320831395
16.625	13.75	0.00229940439316598	0.793460631092361	0.00252254007116793	13.4006602328338	0.351494612855558
16.875	13.75	0.00365874458816647	0.792320462420118	0.00329686246092344	13.3309089353445	0.352378183982308
17.125	13.75	0.00554143097845461	0.790973969013628	0.00420962188288295	13.2610620117998	0.353601930135996
17.375	13.75	0.0080922848628541	0.789391034300098	0.00526794927310183	13.1910639761482	0.355259985160855
17.625	13.75	0.0114836487957423	0.787540876259493	0.00647231897476845	13.1208424901696	0.357464371717232
17.875	13.75	0.015917721354617	0.785393677552102	0.00781360496528134	13.0503050758877	0.360346518880501
18.125	13.75	0.0216281835646156	0.782922834137406	0.00926984163583829	12.9793355534238	0.364058319317
18.375	13.75	0.0288806693218378	0.78010787244612	0.0108030277191192	12.9077902924772	0.368772435059195
18.625	13.75	0.0379714961476544	0.776938020177614	0.0123565063057032	12.8354944158136	0.374681472495975
18.875	13.75	0.049223926561754	0.773416315993495	0.0138536428700257	12.7622381541132	0.38199555226514
19.125	13.75	0.0629810926645077	0.769564007991934	0.015198644590744	12.6877736219012	0.39093771023193
19.375	13.75	0.0795946229157289	0.765424827711945	0.0162803350339356	12.6118123611259	0.401736504895224
19.625	13.75	0.0994080243312251	0.761068555394756	0.0169794364151594	12.5340240771158	0.414615215815296
19.875	13.75	0.122734097466984	0.756593146601533	0.0171793739015823	12.4540370623548	0.42977716335354
20.125	13.75	0.149826235592932	0.752124614551213	0.0167798417457598	12.3714408520262	0.447387053135406
20.375	13.75	0.180844530481195	0.747813906402599	0.0157115072808199	12.2857916582137	0.467548944812776
20.625	13.75	0.215819245753355	0.743830221446887	0.013949517001038	12.1966210541523	0.490282509739681
20.875	13.75	0.254616277556053	0.74035062704986	0.0115231745756757	12.1034481881529	0.515500580411434
21.125	13.75	0.296911189105997	0.737546436570662	0.00851946958355396	12.0057954693287	0.542992272918898
21.375	13.75	0.342179379575346	0.735567568701655	0.00507906121319374	11.9032071846721	0.572416596723975
21.625	13.75	0.389708903120592	0.73452686823572	0.00138467413321217	11.7952699320602	0.603310787028384
21.875	13.75	0.438638825064302	0.734486896083874	-0.00235668744698828	11.6816331985152	0.635115236291797
22.125	13.75	0.488020318430448	0.735451713961234	-0.00593510900288788	11.5620280285674	0.667213206979791
22.375	13.75	0.536891739589093	0.737365516257213	-0.00915944141293019	11.4362816564634	0.698979630732911
22.625	13.75	0.584355002749494	0.740118663596026	-0.011875960061745	11.3043262972146	0.729830751787171
22.875	13.75	0.629640327246761	0.743560105336638	-0.0139812666750634	11.1662009834356	0.759266212710395
23.125	13.75	0.672149857490788	0.747513857799763	-0.0154278036960705	11.022046272499	0.786897407369012
23.375	13.75	0.71147621690422	0.751796559137682	-0.0162217788131538	10.8720926334666	0.812459540987743
23.625	13.75	0.747397645088288	0.756233291904475	-0.0164147158494927	10.7166441377219	0.835808469307387
23.875	13.75	0.779855352473518	0.760669675953104	-0.0160908889870097	10.5560595478177	0.856905979107787
24.125	13.75	0.808920462388021	0.764979328323767	-0.0153532985605843	10.3907329509367	0.875798300552214
24.375	13.75	0.834757627422013	0.76906680372005	-0.0143105770171212	10.2210757604118	0.892592457824309
24.625	13.75	0.857590813739261	0.772866837506781	-0.0130664725949604	10.0475013475967	0.90743402893052
24.875	13.75	0.877674639976404	0.776341043632791	-0.0117126578547122	9.87041293774746	0.920488515984662
25.125	13.75	0.895272669637396	0.779473227962111	-0.0103248271330624	9.69019485192803	0.931927235264307
25.375	13.75	0.91064255428528	0.782264278968504	-0.00896153313214713	9.50720678497829	0.941917660285432
25.625	13.75	0.924027020500305	0.78472731216752	-0.00766498845344998	9.32178059509017	0.950617563325199
25.875	13.75	0.935649318120733	0.786883462116853	-0.00646305813141013	9.13421901560806	0.958172056778476
26.125	13.75	0.945711746352378	0.78875848705626	-0.00537180073815472	8.94479573619863	0.964712635129046
26.375	13.75	0.954396083419778	0.790380193231883	-0.00439809591784253	8.75375639059058	0.970357454222855
26.625	13.75	0.961865033218758	0.791776593745803	-0.00354207022494995	8.5613200948303	0.975212271592193
26.875	13.75	0.968264084509703	0.79297467527086	-0.00279917337616914	8.36768128049513	0.979371654931307
27.125	13.75	0.973723412159766	0.793999638126755	-0.00216185599297203	8.17301165048963	0.982920217903848
27.375	13.75	0.978359622947579	0.794874486483639	-0.0016208614982337	7.97746214800487	0.985933754915926
27.625	13.75	0.982277264512112	0.795619865342777	-0.00116617757339377	7.78116487359093	0.988480221932873
27.875	13.75	0.985570086480681	0.796254062817744	-0.000787705559751188	7.58423491465931	0.990620556212443
28.125	13.75	0.9883220803618	0.796793116494897	-0.0004757070455796	7.38677207000929	0.99240935223517
28.375	13.75	0.990608340567009	0.797250979721086	-0.000221081246602838	7.18886246261338	0.993895421368556
28.625	13.75	0.992495791547107	0.797639717167535	-1.55183910120045e-05	6.99058003960976	0.995122264505619
28.875	13.75	0.994043821456816	0.797969709241723	0.000148434595695211	6.79198796119614	0.996128483946931
29.125	13.75	0.995304854968821	0.798249852372897	0.000277368050097587	6.59313988123499	0.996948155729733
29.375	13.75	0.996324889241649	0.79848774746029	0.00037704215748522	6.39408112271355	0.997611178007072
29.625	13.75	0.997144008924677	0.798689872391169	0.000452442859584412	6.19484975126304	0.99814360580104
29.875	13.75	0.997796889174857	0.798861736931886	0.000507850238538263	5.99547755000024	0.998567977963657
30.125	13.75	0.998313290210324	0.799008019826832	0.000546911916727876	5.79599089913002	0.998903638636711
30.375	13.75	0.998718542956252	0.799132688868533	0.000572716517767469	5.59641156406439	0.999167052921564
30.625	13.75	0.999034022738833	0.799239105215779	0.000587864048851848	5.396757396243	0.999372114780241
30.875	13.75	0.999277606551194	0.799330113479257	0.000594531351450533	5.19704295132919	0.999530444258276
31.125	13.75	0.999464108929235	0.799408119161049	0.000594531659879045	4.99728002994494	0.999651670804003
31.375	13.75	0.999605691706113	0.799475154994157	0.000589367910561204	4.79747814654289	0.999743699608974
31.625	13.75	0.99971224364854	0.799532937627936	0.000580279839805588	4.59764493235118	0.999812958371551
31.875	13.75	0.999791727032515	0.799582915973543	0.000568285154852046	4.39778647853627	0.999864622571135
32.125	13.75	0.999850489435636	0.799626312379284	0.000554215207210618	4.19790762579535	0.999902818133163
32.375	13.75	0.999893540269684	0.799664157657584	0.000538745671234412	3.99801220650762	0.999930801175295
32.625	13.75	0.999924792709974	0.799697320840419	0.000522422758179992	3.79810324535533	0.999951115261483
32.875	13.75	0.999947272543624	0.799726534405383	0.000505685492001988	3.5981831239965	0.999965727153356
33.125	13.75	0.999963295920382	0.799752415604857	0.000488884547560649	3.39825371497664	0.999976142348248
33.375	13.75	0.999974618019168	0.799775484464723	0.000472298109937629	3.19831648965964	0.999983501712459
33.625	13.75	0.999982554465503	0.799796179009627	0.000456145159207717	2.99837260457954	0.999988660402577
33.875	13.75	0.999988077526479	0.799814868300994	0.000440596526146957	2.79842297025229	0.999992250392212
34.125	13.75	0.999991890470192	0.799831863867864	0.000425784015903496	2.59846830603891	0.999994728805625
34.375	13.75	0.999994486460651	0.799847429936268	0.00041180788106942	2.39850918393571	0.999996416199423
34.625	13.75	0.999996202058136	0.799861792392631	0.000398742960283729	2.19854606302819	0.999997531337789
34.875	13.75	0.999997276545583	0.799875145679525	0.000386643872421728	1.99857931490191	0.999998229754629
35.125	13.75	0.999997921507192	0.799887656209075	0.00037554969887394	1.79860923923253	0.999998648979675
35.375	13.75	0.999998385828462	0.799899461238367	0.000365488459493035	1.59863606940581	0.9999989507885
35.625	13.75	0.999998972496892	0.799910664505131	0.000356481240766065	1.39865997177375	0.99999933212298
35.875	13.75	0.999999943589036	0.799921334553944	0.000348545057784837	1.19868104908906	0.999999963332874
36.125	13.75	1.00000127463797	0.799931516687272	0.00034169278179304	0.998699365298911	1.00000082851468
36.375	13.75	1.00000232824656	0.799941269635096	0.000335928617817118	0.798715006864135	1.00000151336027
36.625	13.75	1.00000171117034	0.799950725810533	0.000331239854858854	0.598728174077414	1.00000111226072
36.875	13.75	0.999997765240929	0.799960146487906	0.000327590537931125	0.398739249420153	0.999998547406604
37.125	13.75	0.999990093856073	0.799972243444406	0.000324929056568285	0.19874873366304	0.999993561006448
37.375	13.75	0.999981942612101	0.399974259801144	0.000323356338325644	-0.0012442505933443	0.999988262697866
0.125	14.25	-3.79049814432055e-12	0.39999799153888	-0.000115884669919227	18.0165824214383	0.349999999997536
0.375	14.25	-5.72865425483875e-12	0.799993969894156	-0.000116088488034227	17.9465827729254	0.349999999996276
0.625	14.25	-7.48910663341375e-12	0.799989934047967	-0.00011649669803406	17.876583476726	0.349999999995132
0.875	14.25	-6.45956119595062e-12	0.799985874442777	-0.000117110447065799	17.8065845344985	0.349999999995801
1.125	14.25	4.13905393344464e-13	0.799981781386429	-0.000117931454745972	17.7365859487416	0.350000000000269
1.375	14.25	1.58495379664649e-11	0.79997764499578	-0.000118962012039574	17.6665877228091	0.350000000010302
1.625	14.25	4.08185687966952e-11	0.799973455139052	-0.000120204979300796	17.5965898609286	0.350000000026532
1.875	14.25	7.27312818594767e-11	0.799969201375732	-0.000121663783761793	17.5265923682265	0.350000000047275
2.125	14.25	1.03678103999709e-10	0.799964872892997	-0.000123342416351952	17.4565952507583	0.350000000067391
2.375	14.25	1.19406200029288e-10	0.799960458438361	-0.000125245427219183	17.3865985155449	0.350000000077614
2.625	14.25	9.9842597959606e-11	0.79995594624687	-0.000127377920059666	17.3166021706146	0.350000000064898
2.875	14.25	2.19385825726962e-11	0.799951323962613	-0.000129745544668852	17.2466062250521	0.35000000001426
3.125	14.25	-1.34632769590285e-10	0.799946578552335	-0.000132354487123641	17.1766106890544	0.349999999912489
3.375	14.25	-3.78846283107806e-10	0.799941696210689	-0.000135211457085925	17.1066155739922	0.34999999975375
3.625	14.25	-6.97335006499542e-10	0.799936662254663	-0.000138323671277723	17.0366208924806	0.349999999546732
3.875	14.25	-1.04247937960295e-09	0.799931461006506	-0.000141698831969583	16.9666266584566	0.349999999322388
4.125	14.25	-1.32211023917661e-09	0.799926075661471	-0.000145345099467697	16.8966328872665	0.349999999140628
4.375	14.25	-1.39463968931198e-09	0.79992048814	-0.000149271056311589	16.826639595764	0.349999999093484
4.625	14.25	-1.07465826385204e-09	0.799914678920581	-0.000153485662019381	16.7566468024227	0.349999999301472
4.875	14.25	-1.547093969163e-10	0.799908626851751	-0.000157998195100319	16.6866545274644	0.349999999899439
5.125	14.25	1.55162147780513e-09	0.799902308939466	-0.000162818179713222	16.6166627930101	0.350000001008554
5.375	14.25	4.14264757862741e-09	0.799895700108358	-0.000167955293199033	16.5466716232573	0.350000002692721
5.625	14.25	7.53961632613261e-09	0.799888772931705	-0.000173419249823414	16.4766810446897	0.350000004900751
5.875	14.25	1.13846797589681e-08	0.799881497326261	-0.000179219655459511	16.4066910863248	0.350000007400042
6.125	14.25	1.49427763386288e-08	0.799873840205878	-0.000185365826276081	16.3367017800039	0.350000009712805
6.375	14.25	1.70328099572413e-08	0.799865765086943	-0.000191866563287415	16.2667131607258	0.350000011071326
6.625	14.25	1.60208032851521e-08	0.799857231635772	-0.000198729872939254	16.1967252670236	0.350000010413522
6.875	14.25	9.91225920445898e-09	0.799848195148846	-0.00020596262111798	16.126738141379	0.350000006442968
7.125	14.25	-3.41894025006809e-09	0.799838605951536	-0.000213570106061155	16.0567518306668	0.349999997777689
7.375	14.25	-2.58337938638422e-08	0.799828408701179	-0.000221555531556105	15.9867663866146	0.349999983208034
7.625	14.25	-5.8345848499607e-08	0.799817541578242	-0.000229919358371279	15.9167818662655	0.349999962075199
7.875	14.25	-1.00357602527229e-07	0.799805935344319	-0.000238658506500987	15.846798332429	0.349999934767558
8.125	14.25	-1.48751118419284e-07	0.799793512247051	-0.00024776537490923	15.7768158541097	0.349999903311773
8.375	14.25	-1.96908605214466e-07	0.799780184746106	-0.000257226637659737	15.7068345069131	0.349999872009407
8.625	14.25	-2.33787830236605e-07	0.799765854031848	-0.0002670217650674	15.6368543734431	0.34999984803791
8.875	14.25	-2.43234365090224e-07	0.799750408305767	-0.000277121206314493	15.5668755437266	0.349999841897663
9.125	14.25	-2.03776465422593e-07	0.799733720785049	-0.000287484152505948	15.4968981157336	0.349999867545297
9.375	14.25	-8.92162785076218e-08	0.799715647390642	-0.000298055777713392	15.4269221960978	0.349999942009419
9.625	14.25	1.29601562003864e-07	0.799696024071318	-0.000308763826117446	15.3569479011947	0.350000084241015
9.875	14.25	4.81404135899448e-07	0.799674663711663	-0.000319514375578919	15.2869753587909	0.350000312912688
10.125	14.25	9.89010492827618e-07	0.79965135256522	-0.000330186558103763	15.2170047105437	0.35000064285682
10.375	14.25	1.66128633380523e-06	0.799625846148699	-0.000340625953517189	15.1470361156983	0.350001079836117
10.625	14.25	2.48213724213236e-06	0.79959786452575	-0.000350636290721652	15.0770697563971	0.350001613389207
10.875	14.25	3.39632867388627e-06	0.799567086900698	-0.000359968987892037	15.0071058450626	0.350002207613638
11.125	14.25	4.29225923009375e-06	0.799533145429595	-0.000368309935925555	14.937144634336	0.3500027899685
11.375	14.25	4.9823575117324e-06	0.79949561813808	-0.000375262775762417	14.8671864300179	0.350003238532383
11.625	14.25	5.18257342112802e-06	0.799454020806616	-0.000380327739344718	14.7972316073356	0.350003368672724
11.875	14.25	4.49353577519617e-06	0.799407797643151	-0.000382874917402736	14.7272806306264	0.350002920798254
12.125	14.25	2.38737577077666e-06	0.799356310506344	-0.0003821105904294	14.6573340761229	0.350001551794251
12.375	14.25	-1.79403184618824e-06	0.799298826367473	-0.000377035024824397	14.5873926569301	0.3499988338793
12.625	14.25	-8.82162179903232e-06	0.799234502609641	-0.000366389913098847	14.5174572484409	0.349994265945831
12.875	14.25	-1.95324644754247e-05	0.799162369660001	-0.000348593459371523	14.4475289113265	0.349987303898091
13.125	14.25	-3.47415518628525e-05	0.799081310350046	-0.000321661025529466	14.3776089078344	0.349977417991289
13.375	14.25	-5.50975612369115e-05	0.798990035314133	-0.000283109331068737	14.3076987054419	0.349964186585196
13.625	14.25	-8.08662875647333e-05	0.798887053696197	-0.000229842535367195	14.237799959968	0.349947436913083
13.875	14.25	-0.000111624181056297	0.798770638470468	-0.000158019256205372	14.1679144681006	0.349927444282313
14.125	14.25	-0.000145843960251466	0.798638785836414	-6.29008609485542e-05	14.098044077034	0.349905201425837
14.375	14.25	-0.000180354761605193	0.798489168463685	6.13165775972671e-05	14.0281905366386	0.349882769404957
14.625	14.25	-0.000209660823435751	0.798319082887685	0.000221681181929974	13.9583552774251	0.349863720464767
14.875	14.25	-0.000225105274715466	0.798125392124112	0.000426665129276125	13.8885390956452	0.349853681571435
15.125	14.25	-0.000213869094702458	0.79790446560807	0.000686329500876644	13.8187417253095	0.349860985088443
15.375	14.25	-0.000157799538528215	0.797652119854805	0.00101245012980433	13.7489612757986	0.349897430299957
15.625	14.25	-3.20670802899787e-05	0.797363564738752	0.00141857027771688	13.6791935131771	0.349979156397812
15.875	14.25	0.000196344919663689	0.797033361874867	0.00191993365595114	13.6094309633554	0.350127624197781
16.125	14.25	0.000570307993642618	0.796655403074078	0.00253323728531932	13.5396618159494	0.350370700195868
16.375	14.25	0.00114435747909118	0.796222917963912	0.00327612908587958	13.4698686091849	0.350743832361409
16.625	14.25	0.00198661809503568	0.795728520284676	0.00416636208102753	13.4000266786977	0.351291301761773
16.875	14.25	0.0031808106167634	0.795164301765466	0.00522050935351829	13.33010235695	0.352067526900896
17.125	14.25	0.00482828841588166	0.794521980643677	0.00645214696549621	13.2600509157903	0.353138387470323
17.375	14.25	0.00705003062950404	0.793793108946246	0.00786943362360718	13.1898142531784	0.354582519909178
17.625	14.25	0.00998848887527101	0.792969339317044	0.00947206541675689	13.1193183371824	0.356492517768926
17.875	14.25	0.0138091460016616	0.792042750052105	0.0112476714890468	13.0484704369246	0.35897594490108
18.125	14.25	0.0187015989270039	0.791006228657191	0.0131678497410757	12.9771561918451	0.362156039302553
18.375	14.25	0.0248799254580402	0.789853922836907	0.0151842212248093	12.9052365975513	0.366171951547726
18.625	14.25	0.0325820411597109	0.788581785924014	0.0172250949111401	12.8325450177949	0.371178326753812
18.875	14.25	0.0420677023276512	0.787188270966982	0.0191935477762512	12.7588843658752	0.377344006512973
19.125	14.25	0.0536147708675968	0.785675257405805	0.0209678813730433	12.6840246321072	0.384849601063938
19.375	14.25	0.0675133319081961	0.784049310628277	0.022405437453837	12.6077009636428	0.393883665740327
19.625	14.25	0.0840572499671796	0.782323352244397	0.0233505587793239	12.5296125264057	0.404637212478667
19.875	14.25	0.103532769995208	0.780518728134844	0.0236470060670082	12.4494223961391	0.417296300496885
20.125	14.25	0.126203827035881	0.77866748251501	0.0231543826759439	12.3667587404762	0.432032487573322
20.375	14.25	0.152293848958499	0.776814390337349	0.0217671525344959	12.2812175745428	0.448991001823024
20.625	14.25	0.181964073744664	0.77501802899927	0.0194338328448151	12.1923674081722	0.468276647934032
20.875	14.25	0.21528884325253	0.773350000971968	0.0161731449133359	12.0997561558262	0.489937748114144
21.125	14.25	0.25222908962924	0.771891498545305	0.0120835925950315	12.0029207331225	0.513948908259006
21.375	14.25	0.292606381590807	0.770726841699421	0.00734336071767517	11.9013997636211	0.540194148034024
21.625	14.25	0.336081392918875	0.769934408089726	0.0021987263516797	11.7947496729725	0.568452905397269
21.875	14.25	0.382142156151	0.76957631244673	-0.0030587238432414	11.682564043075	0.59839240149815
22.125	14.25	0.430108246231007	0.769688924765957	-0.00812326322046468	11.5644953696301	0.629570360050154
22.375	14.25	0.479156116113458	0.770276474582621	-0.0127095311495027	11.4402773823415	0.661451475473748
22.625	14.25	0.528367428734924	0.771309401200231	-0.0165841413159042	11.3097451208356	0.6934388286777
22.875	14.25	0.576796629789552	0.772727934358245	-0.0195885885591922	11.1728494455376	0.724917809363208
23.125	14.25	0.623547858320075	0.774450058889051	-0.0216496923849105	11.0296630077297	0.755306107908049
23.375	14.25	0.667847257574841	0.776382013076774	-0.0227768335048142	10.880376023812	0.784100717423647
23.625	14.25	0.709097031333405	0.778429095030522	-0.0230482211405773	10.7252821697042	0.810913070366713
23.875	14.25	0.746902436252123	0.780504825928895	-0.0225904360131799	10.5647568692981	0.83548658356388
24.125	14.25	0.781070276211991	0.782537239213168	-0.0215560581405448	10.3992315242472	0.857695679537794
24.375	14.25	0.811584276846811	0.784471929193864	-0.0201034349744048	10.2291674750252	0.877529779950427
24.625	14.25	0.838566606127954	0.78627222715068	-0.0183811230217379	10.0550327953609	0.89506829398317
24.875	14.25	0.862235178620872	0.78791731415493	-0.0165178955054996	9.87728381586132	0.910452866103567
25.125	14.25	0.882864196036965	0.789399199667415	-0.0146179263098099	9.69635201870868	0.923861727424027
25.375	14.25	0.900752191175452	0.790719371332476	-0.0127600290867454	9.51263597404204	0.935488924264044
25.625	14.25	0.916198936766388	0.791885676169636	-0.0109996057710612	9.32649742444645	0.945529308898152
25.875	14.25	0.92949059245498	0.792909734975303	-0.00937207717410936	9.13826042924463	0.954168885095737
26.125	14.25	0.940891463372497	0.793804985633981	-0.00789685239063878	8.94821253928741	0.961579451192123
26.375	14.25	0.950640495888229	0.794585318900473	-0.00658121018875992	8.75660716225341	0.967916322327349
26.625	14.25	0.958950828542672	0.795264204799784	-0.005423738986579	8.56366650418539	0.973318038552737
26.875	14.25	0.966011091774192	0.795854189633664	-0.0044171840110137	8.36958467950105	0.977907209653225
27.125	14.25	0.971987545653933	0.796366652595392	-0.00355068121170098	8.17453074497932	0.981791904675057
27.375	14.25	0.977026480025303	0.796811731836766	-0.00281143117835301	7.97865152941959	0.985067212016447
27.625	14.25	0.981256551126461	0.79719835294129	-0.00218589960428036	7.78207420617849	0.9878167582322
27.875	14.25	0.984790897528306	0.797534313275807	-0.00166063876512333	7.5849086004261	0.990114083393399
28.125	14.25	0.987728982508299	0.797826391855967	-0.00122281835675776	7.38724924630633	0.992023838630394
28.375	14.25	0.990158168160678	0.798080466110972	-0.000860541467886448	7.18917721901712	0.993602809304441
28.625	14.25	0.992155054385687	0.798301624959441	-0.000563007077317417	6.99076176881811	0.994900785350697
28.875	14.25	0.993786625262534	0.798494272806044	-0.000320566773178194	6.79206178193488	0.995961306420647
29.125	14.25	0.995111244388559	0.79866222226002	-0.000124711537726947	6.59312708963645	0.996822308852563
29.375	14.25	0.996179534836397	0.798808775227093	3.19852275707407e-05	6.39399964278735	0.997516697643658
29.625	14.25	0.997035171673364	0.798936793006046	0.000155949827606382	6.19471456562041	0.998072861587686
29.875	14.25	0.997715607272973	0.799048756486275	0.000252702677961008	5.99530109963639	0.998515144727433
30.125	14.25	0.998252742908247	0.799146817689747	0.000326956356309554	5.79578344646376	0.998864282890361
30.375	14.25	0.998673554714438	0.799232843881808	0.000382711734547338	5.596181517129	0.999137810564385
30.625	14.25	0.999000678116666	0.799308455373697	0.000423348795901174	5.39651159436248	0.999350440775833
30.875	14.25	0.999252952139222	0.79937505800096	0.000451710246415904	5.19678691414563	0.999514418890494
31.125	14.25	0.999445923444966	0.799433871118941	0.000470177049937889	4.99701817255051	0.999639850239228
31.375	14.25	0.999592309272395	0.799485951820554	0.000480735687443886	4.79721396391208	0.999735001027057
31.625	14.25	0.999702418413636	0.799532215962332	0.000485037367288938	4.59738115641008	0.999806571968864
31.875	14.25	0.999784529809269	0.799573456482056	0.000484449668349137	4.3975252111515	0.999859944376025
32.125	14.25	0.999845229049848	0.799610359403858	0.000480101236875635	4.19765045078971	0.999899398882401
32.375	14.25	0.999889703912293	0.799643517849971	0.000472920219497369	3.99776028356494	0.99992830754299
32.625	14.25	0.999922000862022	0.799673444309623	0.000463667125943822	3.79785738839878	0.999949300560314
32.875	14.25	0.999945245046917	0.79970058135712	0.000452962794005337	3.59794386633683	0.999964409280496
33.125	14.25	0.999961826542937	0.799725310974272	0.000441312086981911	3.39802136324561	0.999975187252909
33.375	14.25	0.999973555445749	0.799747962634641	0.000429123896640639	3.19809116828223	0.999982811039737
33.625	14.25	0.999981788065731	0.799768820361547	0.000416727957212835	2.99815429230349	0.999988162242725
33.875	14.25	0.999987526573529	0.799788129058812	0.000404388905404727	2.79821153004991	0.999991892272794
34.125	14.25	0.999991495791244	0.799806100455574	0.000392317961892778	2.59826350951878	0.999994472264309
34.375	14.25	0.999994203899596	0.799822918865666	0.000380682581138251	2.39831073123553	0.999996232534738
34.625	14.25	0.999995997671335	0.799838746504598	0.000369614435001798	2.19835359898073	0.999997398486368
34.875	14.25	0.999997124013432	0.799853727365658	0.000359216151163353	1.99839244205475	0.999998130608731
35.125	14.25	0.999997802435953	0.799867988041322	0.000349567256570301	1.79842752807511	0.999998571583369
35.375	14.25	0.999998292820683	0.799881634277545	0.000340729653686067	1.59845906599538	0.999998890333444
35.625	14.25	0.999998912615029	0.799894744539051	0.000332752545811606	1.39848720300965	0.999999293199769
35.875	14.25	0.999999936575844	0.799907366739296	0.000325676015875434	1.19851202631881	0.999999958774298
36.125	14.25	1.00000133825929	0.799919529550773	0.000319531771825046	0.998533587733027	1.00000086986854
36.375	14.25	1.0000024466688	0.799931279885685	0.000314339695402472	0.798551966990126	1.00000159033472
36.625	14.25	1.00000179584481	0.799942745308552	0.000310100850645907	0.598567366887782	1.00000116729913
36.875	14.25	0.999997641157182	0.799954191428088	0.000306792089942712	0.398580184511286	0.999998466752168
37.125	14.25	0.999989565471217	0.79996847068652	0.000304373220555417	0.198590943447934	0.999993217556291
37.375	14.25	0.999980985593522	0.399972111067008	0.000302941566924549	-0.00140128519683445	0.999987640635789
0.125	14.75	-3.80138964525917e-12	0.399997797170858	-0.000107462093076573	18.0166019968237	0.349999999997529
0.375	14.75	-5.751783948103e-12	0.799993386269757	-0.000107645970281027	17.9466023823244	0.349999999996261
0.625	14.75	-7.53133412643059e-12	0.799988959607041	-0.000108014193522551	17.8766031542434	0.349999999995105
0.875	14.75	-6.51898672228654e-12	0.799984506588144	-0.000108567699008075	17.8066043144208	0.349999999995763
1.125	14.75	3.53118919077474e-13	0.79998001648884	-0.000109307887601313	17.7366058656282	0.350000000000229
1.375	14.75	1.58212438183196e-11	0.799975478400776	-0.000110236620453753	17.6666078115815	0.350000000010284
1.625	14.75	4.08746374823699e-11	0.799970881176509	-0.000111356213001927	17.5966101569607	0.350000000026569
1.875	14.75	7.29350266405705e-11	0.799966213372419	-0.00011266942713023	17.5266129074322	0.350000000047408
2.125	14.75	1.0408980733283e-10	0.799961463188467	-0.00011417946102226	17.4566160696793	0.350000000067658
2.375	14.75	1.20060581252367e-10	0.799956618405087	-0.000115889936559672	17.3866196514356	0.350000000078039
2.625	14.75	1.00718280107446e-10	0.799951666315778	-0.00011780488363081	17.3166236615263	0.350000000065467
2.875	14.75	2.29192744355735e-11	0.799946593654617	-0.000119928720736914	17.2466281099142	0.350000000014898
3.125	14.75	-1.33803739745259e-10	0.799941386518177	-0.000122266231283543	17.1766330077518	0.349999999913027
3.375	14.75	-3.78608842638057e-10	0.799936030280296	-0.000124822534331256	17.1066383674405	0.349999999753904
3.625	14.75	-6.98330723361602e-10	0.799930509498916	-0.000127603048897422	17.0366442026947	0.349999999546085
3.875	14.75	-1.04551298186412e-09	0.799924807813417	-0.000130613450322638	16.9666505286146	0.349999999320417
4.125	14.75	-1.32802360743622e-09	0.799918907831447	-0.000133859616867169	16.8966573617657	0.349999999136785
4.375	14.75	-1.40408616374133e-09	0.799912791003573	-0.000137347564627642	16.8266647202678	0.349999999087344
4.625	14.75	-1.08779300701169e-09	0.799906437484335	-0.0001410833679188	16.7566726238956	0.349999999292935
4.875	14.75	-1.7083101523074e-10	0.799899825978614	-0.000145073062434224	16.6866810941936	0.34999999988896
5.125	14.75	1.5344455540123e-09	0.799892933571713	-0.000149322527074388	16.6166901546091	0.35000000099739
5.375	14.75	4.12795573046443e-09	0.79988573554209	-0.000153837340170697	16.5466998306477	0.350000002683171
5.625	14.75	7.53291238574104e-09	0.799878205154564	-0.000158622604720865	16.4767101500573	0.350000004896393
5.875	14.75	1.13937274021147e-08	0.799870313432512	-0.000163682735982643	16.406721143042	0.350000007405923
6.125	14.75	1.49777126763758e-08	0.799862028905254	-0.000169021203737514	16.3367328425129	0.350000009735513
6.375	14.75	1.71058908928727e-08	0.79985331732802	-0.000174640219822569	16.2667452843723	0.350000011118829
6.625	14.75	1.6145529344203e-08	0.799844141369056	-0.000180540359458663	16.1967585078304	0.350000010494594
6.875	14.75	1.01015674817441e-08	0.79983446025961	-0.000186720102732398	16.126772555747	0.350000006566019
7.125	14.75	-3.15581684894926e-09	0.799824229399253	-0.000193175279623402	16.0567874749855	0.349999997948719
7.375	14.75	-2.54963253940972e-08	0.799813399911148	-0.000199898398478507	15.9868033167644	0.349999983427389
7.625	14.75	-5.79497597282168e-08	0.799801918139192	-0.000206877833957	15.9168201369864	0.349999962332656
7.875	14.75	-9.99458489254654e-08	0.799789725080043	-0.000214096844775405	15.8468379965275	0.349999935035198
8.125	14.75	-1.48409245873227e-07	0.799776755743271	-0.00022153238586776	15.7768569614676	0.34999990353399
8.375	14.75	-1.96785277068748e-07	0.79976293843365	-0.000229153671039616	15.7068771032565	0.34999987208957
8.625	14.75	-2.34120585103692e-07	0.799748193950327	-0.000236920432380414	15.6368984988171	0.34999984782162
8.875	14.75	-2.44379002758009e-07	0.799732434700771	-0.000244780809321852	15.5669212306122	0.349999841153648
9.125	14.75	-2.06235320718024e-07	0.799715563729191	-0.00025266878340861	15.4969453867256	0.349999865947042
9.375	14.75	-9.3655408682387e-08	0.799697473665326	-0.000260501052117139	15.4269710610451	0.349999939123984
9.625	14.75	1.22364241694266e-07	0.799678045606121	-0.000268173206168489	15.3569983536789	0.350000079536757
9.875	14.75	4.70469048714576e-07	0.799657147954154	-0.000275555036102825	15.2870273717866	0.350000305804882
10.125	14.75	9.73569111563683e-07	0.799634635253481	-0.000282484744398344	15.2170582310635	0.350000632819922
10.375	14.75	1.64095871124898e-06	0.799610347085613	-0.000288761775502179	15.1470910581732	0.350001066623162
10.625	14.75	2.4575565373447e-06	0.79958410711917	-0.000294137895062693	15.0771259944733	0.350001597411749
10.875	14.75	3.37007323268915e-06	0.799555722447438	-0.00029830604902015	15.0071632014099	0.350002190547601
11.125	14.75	4.27024376938854e-06	0.79952498339618	-0.000300886409383326	14.9372028679523	0.35000277565845
11.375	14.75	4.97578882243702e-06	0.799491664046189	-0.000301408866227187	14.8672452203766	0.350003234262735
11.625	14.75	5.21053767053173e-06	0.799455523785334	-0.00029929105404049	14.7972905345527	0.350003386849486
11.875	14.75	4.58619169657626e-06	0.799416310287041	-0.000293810808018947	14.7273391506152	0.350002981024603
12.125	14.75	2.58954909514251e-06	0.799373764406416	-0.000284071740424591	14.6573914894596	0.350001683206912
12.375	14.75	-1.41936611100301e-06	0.799327627591046	-0.000268960421529946	14.5874480698646	0.349999077412028
12.625	14.75	-8.19097971690757e-06	0.799277652525858	-0.000247093467370671	14.5175095241627	0.349994675863184
12.875	14.75	-1.85423882848228e-05	0.799223617872616	-0.000216752711204506	14.4475766092421	0.349987947447615
13.125	14.75	-3.32749348589634e-05	0.799165348132719	-0.00017580661932559	14.3776502082475	0.349978371292342
13.375	14.75	-5.304026057438e-05	0.799102739862667	-0.000121616272968216	14.3077313166795	0.349965523830627
13.625	14.75	-7.81407481679505e-05	0.799035795710443	-5.09246748659136e-05	14.2378210047107	0.349949208513691
13.875	14.75	-0.000108249803105436	0.798964668022855	4.0271024555103e-05	14.1679203455126	0.349929637627982
14.125	14.75	-0.000142037913047816	0.79888971408394	0.000156863389345945	14.0980302973432	0.349907675356519
14.375	14.75	-0.000176692057683598	0.798811565361696	0.000304791503734899	14.0281515252023	0.349885150162506
14.625	14.75	-0.000207318881298556	0.798731213400571	0.000491204438481528	13.9582841461844	0.349865242727156
14.875	14.75	-0.000226226032232958	0.798650115105317	0.000724620721994861	13.8884273814088	0.349852953079049
15.125	14.75	-0.000222081013912519	0.79857031995092	0.00101506730493541	13.8185790967355	0.349855647340957
15.375	14.75	-0.000178952441794789	0.798494620893648	0.00137417397244706	13.7487352145107	0.349883680912833
15.625	14.75	-7.52443246865382e-05	0.798426729122802	0.00181518987454861	13.6788889794264	0.349951091188954
15.875	14.75	0.000117460570323369	0.79837146987303	0.00235287798460557	13.6090300632772	0.35007634937071
16.125	14.75	0.000435627435876751	0.79833499183294	0.00300323144072689	13.5391434959802	0.35028315783332
16.375	14.75	0.000925041489726959	0.798324975746123	0.0037829440816907	13.4692084137156	0.350601276968322
16.625	14.75	0.00164209756929558	0.798350818214106	0.00470855814619926	13.3991966194797	0.351067363420042
16.875	14.75	0.00265507684434277	0.798423754392225	0.00579520829284513	13.3290709568194	0.351725799948823
17.125	14.75	0.00404537760712366	0.798556868732741	0.00705488737614974	13.2587835042032	0.35262949544463
17.375	14.75	0.0059086639174301	0.798764927713252	0.00849418164438869	13.1882736056074	0.35384063154633
17.625	14.75	0.00835589197088629	0.79906395561998	0.0101114679418454	13.1174657626688	0.355431329781076
17.875	14.75	0.0115141699818602	0.799470468878278	0.0118936396153446	13.0462674252184	0.357484210488209
18.125	14.75	0.0155274047292295	0.800000293056598	0.0138125354575417	12.9745667298288	0.360092813073999
18.375	14.75	0.0205566893169278	0.800666917798782	0.0158213863562734	12.9022302491524	0.363361848056003
18.625	14.75	0.0267803950291261	0.801479406326471	0.0178517578617724	12.8291008263787	0.367407256768932
18.875	14.75	0.0343939466458547	0.802439971672649	0.0198116321636043	12.7549955762445	0.372356065319806
19.125	14.75	0.0436092813745625	0.803541456681179	0.0215854050785799	12.6797041333406	0.378346032893466
19.375	14.75	0.0546540027451093	0.804765090715222	0.0230366262820847	12.6029872173779	0.385525101784321
19.625	14.75	0.0677702129863952	0.806079008594671	0.0240142329412116	12.524575564052	0.394050638441157
19.875	14.75	0.0832128924460281	0.807438059340841	0.0243627718252509	12.4441692460096	0.404088380089918
20.125	14.75	0.10124743045464	0.808785355608637	0.0239366415927358	12.3614373981287	0.415810829795516
20.375	14.75	0.122145443649613	0.810055789913315	0.0226177067391254	12.2760183940702	0.429394538372248
20.625	14.75	0.146177343527428	0.811181383216474	0.0203347600461107	12.1875206353481	0.445015273292828
20.875	14.75	0.173599360664449	0.812097903543615	0.0170823150678341	12.0955243450516	0.462839584431892
21.125	14.75	0.204632235240715	0.812751814819438	0.012935264541781	11.9995851109866	0.483010952906465
21.375	14.75	0.2394291261103	0.813106419869972	0.00805536979647109	11.8992403348296	0.505628931971695
21.625	14.75	0.278032193740859	0.813146131417276	0.00268583556183188	11.7940200500678	0.530720925931559
21.875	14.75	0.320321265450928	0.812878127267423	-0.00286813796405221	11.6834635057428	0.558208822543103
22.125	14.75	0.365963630146819	0.812331108073164	-0.00827182862807701	11.5671421841591	0.587876359595432
22.375	14.75	0.414379515635735	0.811551340715903	-0.0132015843082492	11.4446883841496	0.619346685163228
22.625	14.75	0.464739957307865	0.810596576203124	-0.017385406306954	11.3158263740115	0.652080972250112
22.875	14.75	0.516009328320677	0.80952880342845	-0.0206345478824657	11.1804010891297	0.68540606340844
23.125	14.75	0.567033019426525	0.808407120679863	-0.0228594475186934	11.0383984061094	0.718571462627241
23.375	14.75	0.616655347280409	0.807282098896661	-0.0240679342773889	10.8899519534218	0.750825975732266
23.625	14.75	0.663840972033461	0.806192650183364	-0.024348562934488	10.7353342297203	0.781496631821749
23.875	14.75	0.707771362781507	0.805165618564815	-0.023845179846628	10.5749335420328	0.81005138580798
24.125	14.75	0.747897184007016	0.804217446240783	-0.0227295202547126	10.409221476682	0.83613316960456
24.375	14.75	0.783942707730419	0.803356794522558	-0.0211772215672944	10.2387171109103	0.859562760024772
24.625	14.75	0.815871935996434	0.802587087629998	-0.0193502342821304	10.0639536954857	0.880316758397682
24.875	14.75	0.843833012935019	0.80190840319574	-0.0173863088323757	9.88545169036742	0.898491458407763
25.125	14.75	0.868097241653874	0.801318617516281	-0.0153946522633162	9.70369978176009	0.914263207075018
25.375	14.75	0.889004325300793	0.800814004358567	-0.0134561059511949	9.51914363792186	0.927852811445516
25.625	14.75	0.906919658761884	0.800389554644092	-0.0116261088177692	9.33218103168698	0.939497778195224
25.875	14.75	0.922204823666187	0.800039217448313	-0.00993899808485237	9.14316154690039	0.949433135383022
26.125	14.75	0.935199645230101	0.799756159732247	-0.00841262032781577	8.9523891739782	0.957879769399566
26.375	14.75	0.9462130409883	0.799533061986267	-0.00705262760501557	8.76012643809155	0.965038476642395
26.625	14.75	0.955519847113986	0.799362425816201	-0.00585614779334219	8.56659910452978	0.971087900624091
26.875	14.75	0.96336129194831	0.79923685976311	-0.00481473125900971	8.37200086328677	0.976184839766401
27.125	14.75	0.969947418638648	0.799149317075658	-0.00391660197174378	8.17649766728134	0.980465822115121
27.375	14.75	0.975460337800859	0.799093272089039	-0.00314830363545086	7.98023158345144	0.984049219570558
27.625	14.75	0.980057640529034	0.799062833630241	-0.00249585288937245	7.78332412871204	0.987037466343872
27.875	14.75	0.98387561510992	0.79905280189778	-0.001945509690887	7.58587912347246	0.989519149821448
28.125	14.75	0.987032110582598	0.799058679408848	-0.00148426164812695	7.38798512211979	0.991570871878689
28.375	14.75	0.989629007247558	0.799076647759722	-0.00110010173375962	7.18971748639532	0.993258854710913
28.625	14.75	0.991754315737416	0.799103521206831	-0.000782161567629604	6.9911401634166	0.99464030522932
28.875	14.75	0.993483953276533	0.799136686374795	-0.000520747242185886	6.79230722123761	0.995764569629746
29.125	14.75	0.994883252867879	0.799174035381112	-0.000307312148832245	6.59326418479189	0.996674114364121
29.375	14.75	0.996008257824808	0.79921389772008	-0.000134391435847044	6.39404920566727	0.997405367586125
29.625	14.75	0.996906846091178	0.799254974571935	4.48472990117981e-06	6.1946940912318	0.997989449959266
29.875	14.75	0.997619719535571	0.799296277847004	0.00011488743803888	5.99522521238998	0.998452817698121
30.125	14.75	0.998181284597893	0.799337075254542	0.000201587173745141	5.79566430460559	0.99881783498863
30.375	14.75	0.998620443179271	0.799376841942382	0.000268648974161964	5.59602917354882	0.999103288066526
30.625	14.75	0.9989613067601	0.799415218743729	0.000319521721809786	5.39633431452537	0.999324849394065
30.875	14.75	0.999223842384664	0.799451976735835	0.000357120035992697	5.19659145345102	0.999495497550032
31.125	14.75	0.999424456183522	0.799486987615531	0.000383898117553929	4.9968100162996	0.999625896519289
31.375	14.75	0.999576518264931	0.799520199293469	0.000401915481765752	4.79699753347816	0.999724736872205
31.625	14.75	0.999690831841004	0.799551616071976	0.000412894874893079	4.59715998531138	0.999799040696653
31.875	14.75	0.999776049127199	0.799581282777591	0.000418272880979427	4.39730209463505	0.999854431932679
32.125	14.75	0.999839036657757	0.799609272251566	0.000419243835937967	4.19742757232315	0.999895373827542
32.375	14.75	0.999885193010956	0.799635675644729	0.000416797710444874	3.99753932135634	0.999925375457121
32.625	14.75	0.999918722351094	0.7996605950086	0.000411752625131658	3.79763960475675	0.999947169528211
32.875	14.75	0.999942867474038	0.79968413772118	0.000404782636917898	3.59773018236936	0.999962863858125
33.125	14.75	0.999960106016189	0.799706412344199	0.000396441393160122	3.39781242109228	0.999974068910523
33.375	14.75	0.999972313102309	0.799727525596571	0.000387182196047359	3.19788738279152	0.999982003516501
33.625	14.75	0.99998089319362	0.799747580259911	0.000377374957035671	2.99795589381341	0.999987580575853
33.875	14.75	0.999986883868831	0.799766673986803	0.000367320456278055	2.79801859970835	0.99999147451474
34.125	14.75	0.999991035585269	0.799784899081337	0.000357262266943582	2.59807600838674	0.999994173130425
34.375	14.75	0.999993874605878	0.799802343220923	0.000347396676302841	2.3981285242366	0.999996018493821
34.625	14.75	0.999995760229478	0.799819090651599	0.000337880948583854	2.19817647457359	0.999997244149161
34.875	14.75	0.999996948643473	0.799835222650422	0.000328840320319248	1.99822012829306	0.999998016618257
35.125	14.75	0.999997668217529	0.799850815437249	0.00032037414224642	1.79825970549651	0.999998484341394
35.375	14.75	0.999998189927299	0.799865934161483	0.000312561473910067	1.5982953776187	0.999998823452744
35.625	14.75	0.999998845043153	0.799880624204842	0.000305466077107945	1.39832726175497	0.99999924927805
35.875	14.75	0.999999920305331	0.799894906137218	0.000299140130161165	1.19835542053806	0.999999948198465
36.125	14.75	1.00000138798441	0.799908786158394	0.000293625374138734	0.998379886237437	1.00000090218986
36.375	14.75	1.00000254737871	0.799922294051869	0.000288950498225786	0.798400725593064	1.00000165579616
36.625	14.75	1.00000186764323	0.799935547316561	0.000285125327194942	0.598418138146658	1.0000012139681
36.875	14.75	0.999997526706618	0.799948810388413	0.000282136303444911	0.39843252988512	0.999998392359302
37.125	14.75	0.999989088862929	0.799965058378161	0.000279952924041542	0.198444441859375	0.999992907760904
37.375	14.75	0.999980124451023	0.399970167142656	0.000278664898560989	-0.00154710348459009	0.999987080893165
0.125	15.25	-3.80416313875036e-12	0.399997623784454	-9.83040074009945e-05	18.0166200302089	0.349999999997527
0.375	15.25	-5.766062139928e-12	0.799992865693302	-9.84660685214233e-05	17.9466204460514	0.349999999996252
0.625	15.25	-7.56819399762192e-12	0.799988090590663	-9.87905600802778e-05	17.876621278727	0.349999999995081
0.875	15.25	-6.58561842172816e-12	0.799983287054811	-9.92782185971217e-05	17.8066225302217	0.349999999995719
1.125	15.25	2.60169534921514e-13	0.799978443543739	-9.9930143420263e-05	17.7366242035245	0.350000000000169
1.375	15.25	1.57243350895029e-11	0.799973548345132	-0.000100747789888857	17.6666263026406	0.350000000010221
1.625	15.25	4.08217260221642e-11	0.799968589525672	-0.000101732960140338	17.596628832608	0.350000000026534
1.875	15.25	7.30004054376112e-11	0.799963554879282	-0.000102887790948814	17.5266317995198	0.35000000004745
2.125	15.25	1.04364288199551e-10	0.799958431873099	-0.000104214738412708	17.4566352105509	0.350000000067837
2.375	15.25	1.20628710003639e-10	0.799953207591372	-0.000105716559006298	17.3866390739896	0.350000000078409
2.625	15.25	1.01625163974578e-10	0.7999478686759	-0.000107396286294108	17.3166433992749	0.350000000066056
2.875	15.25	2.41353723411856e-11	0.79994240126413	-0.000109257202835184	17.246648197038	0.350000000015688
3.125	15.25	-1.32409688225133e-10	0.799936790922028	-0.000111302806049507	17.1766534791499	0.349999999913934
3.375	15.25	-3.77284862818709e-10	0.79993102257342	-0.000113536767282862	17.1066592587731	0.349999999754765
3.625	15.25	-6.97453053625369e-10	0.799925080423185	-0.000115962882587343	17.0366655504192	0.349999999546656
3.875	15.25	-1.04561009174752e-09	0.799918947875511	-0.000118585013666847	16.9666723700117	0.349999999320353
4.125	15.25	-1.32981883069143e-09	0.799912607444458	-0.000121407017280397	16.8966797349542	0.349999999135618
4.375	15.25	-1.40853224850291e-09	0.799906040658398	-0.000124432660522584	16.8266876642062	0.349999999084454
4.625	15.25	-1.09602919221635e-09	0.799899227956078	-0.000127665519724732	16.7566961783671	0.349999999287581
4.875	15.25	-1.83968594366784e-10	0.799892148575515	-0.000131108859146665	16.6867052997713	0.34999999988042
5.125	15.25	1.51578483685617e-09	0.799884780434809	-0.00013476548616805	16.6167150525975	0.35000000098526
5.375	15.25	4.104363918083e-09	0.799877100006477	-0.000138637577797509	16.5467254629956	0.350000002667836
5.625	15.25	7.50712446940863e-09	0.799869082184057	-0.000142726473382645	16.4767365592352	0.350000004879631
5.875	15.25	1.13716405839638e-08	0.799860700143082	-0.000147032426856595	16.4067483718792	0.350000007391566
6.125	15.25	1.49693427505259e-08	0.799851925195187	-0.000151554310635593	16.3367609339832	0.350000009730073
6.375	15.25	1.71260713608515e-08	0.799842726636256	-0.000156289262274522	16.2667742813202	0.350000011131946
6.625	15.25	1.62140860140988e-08	0.799833071587636	-0.000161232262321441	16.196788452624	0.350000010539156
6.875	15.25	1.02425769124506e-08	0.799822924831441	-0.00016637563061568	16.1268034898445	0.350000006657675
7.125	15.25	-2.91626144347395e-09	0.799812248639141	-0.000171708425285105	16.0568194383962	0.34999999810443
7.375	15.25	-2.51346593804513e-08	0.799801002595016	-0.00017721572553517	15.9868363473845	0.349999983662471
7.625	15.25	-5.74529008614487e-08	0.799789143416811	-0.000182877776357812	15.9168542697834	0.349999962655614
7.875	15.25	-9.93239196807156e-08	0.799776624777268	-0.000188668968090675	15.8468732625429	0.349999935439452
8.125	15.25	-1.47714565174849e-07	0.799763397134667	-0.000194556619178064	15.7768933866018	0.349999903985533
8.375	15.25	-1.96138960568666e-07	0.79974940758261	-0.000200499523175784	15.7069147067916	0.349999872509676
8.625	15.25	-2.33747349243395e-07	0.799734599736287	-0.0002064462130939	15.6369372916239	0.349999848064223
8.875	15.25	-2.44649046918625e-07	0.799718913678067	-0.000212332885238379	15.5669612129772	0.34999984097812
9.125	15.25	-2.07708950578979e-07	0.799702285996393	-0.000218080910760273	15.4969865457189	0.349999864989182
9.375	15.25	-9.71207518333196e-08	0.799684649963709	-0.000223593845626556	15.427013367332	0.349999936871511
9.625	15.25	1.15878138639157e-07	0.799665935919027	-0.000228753825714059	15.3570417576548	0.35000007532079
9.875	15.25	4.59732835636021e-07	0.799646071944261	-0.000233417204389256	15.2870717988874	0.350000298826343
10.125	15.25	9.57291564096905e-07	0.799624984959549	-0.000237409250243972	15.2171035760635	0.350000622239517
10.375	15.25	1.61808544105745e-06	0.799602602407966	-0.000240517673868003	15.1471371782371	0.350001051755537
10.625	15.25	2.42781191509237e-06	0.799578854761742	-0.000242484690127346	15.0771727006665	0.350001578077745
10.875	15.25	3.33484816378941e-06	0.799553679160713	-0.000242997246313932	15.0072102482944	0.350002167651306
11.125	15.25	4.23394566952699e-06	0.79952702459358	-0.000241674954292721	14.9372499407985	0.350002752064685
11.375	15.25	4.94776917438395e-06	0.799498859155	-0.000238055157293101	14.8672919194007	0.350003216049963
11.625	15.25	5.20768351689761e-06	0.799469180061045	-0.000231574439539851	14.7973363554416	0.350003384994286
11.875	15.25	4.63619065391441e-06	0.799438027282633	-0.000221545754998181	14.7273834604252	0.350003013523925
12.125	15.25	2.73468515795092e-06	0.799405501864978	-0.00020713021750443	14.657433496765	0.350001777545353
12.375	15.25	-1.11829454844175e-06	0.799371790242273	-0.000187302471991423	14.5874867877968	0.349999273108544
12.625	15.25	-7.65145784316424e-06	0.799337196133985	-0.000160808477631121	14.5175437247167	0.349995026552402
12.875	15.25	-1.76591951786096e-05	0.799302181923338	-0.000126114507479916	14.4476047669491	0.349988521523134
13.125	15.25	-3.19238295564554e-05	0.799267421768742	-8.13462499685053e-05	14.3776704310411	0.349979249510788
13.375	15.25	-5.10901806661992e-05	0.799233869084144	-2.42171425784579e-05	14.3077412615413	0.349966791382567
13.625	15.25	-7.54802501482392e-05	0.799202841426269	4.80544475544611e-05	14.2378177755166	0.349950937837404
13.875	15.25	-0.000104836010441603	0.799176126224972	0.000138838762243502	14.1679003704748	0.349931856593213
14.125	15.25	-0.000137979549324524	0.799156111133295	0.000252197207513788	14.0979891836277	0.349910313292939
14.375	15.25	-0.000172382351517208	0.799145942975036	0.000392990371086254	14.0280838888115	0.349887951471514
14.625	15.25	-0.000203639334251156	0.799149719199477	0.000566985368028726	13.9581834161535	0.349867634432737
14.875	15.25	-0.000224848284501081	0.799172715220912	0.000780952931385063	13.8882855789271	0.349853848615074
15.125	15.25	-0.000225901276886886	0.799221649756782	0.00104274023106369	13.8183865921529	0.349853164170023
15.375	15.25	-0.00019270100174483	0.799304987924924	0.00136129994208624	13.7484804685128	0.349874744348866
15.625	15.25	-0.000106321062018697	0.79943327797655	0.00174664967533877	13.6785582791498	0.349930891309688
15.875	15.25	5.78655347073967e-05	0.799619511610349	0.00220972882624045	13.6086072699569	0.35003761259756
16.125	15.25	0.000331062009957871	0.799879489309128	0.00276211280361863	13.5386098279792	0.350215190306473
16.375	15.25	0.000751898825538092	0.800232160596568	0.00341553852451474	13.4685422974664	0.3504887342366
16.625	15.25	0.00136723313590556	0.800699894302356	0.00418119161231303	13.3983736507951	0.350888701538339
16.875	15.25	0.0022328747243236	0.801308616072879	0.00506870715976379	13.3280640257521	0.35145136857081
17.125	15.25	0.00341422471548261	0.802087730469283	0.00608484508519413	13.2575631473724	0.352219246065064
17.375	15.25	0.00498682492783826	0.803069725192366	0.00723182132245212	13.1868086594219	0.353241436203095
17.625	15.25	0.00703683082197994	0.804289338916251	0.00850531064523653	13.1157243974101	0.354573940034287
17.875	15.25	0.00966144020053659	0.805782167314999	0.00989218835691955	13.0442186411647	0.356279936130349
18.125	15.25	0.0129693341963121	0.807582591237609	0.0113681470186301	12.9721823895881	0.358430067227603
18.375	15.25	0.0170812179661004	0.809720944764643	0.0128954082617435	12.8994877017417	0.361102791677965
18.625	15.25	0.0221305864778239	0.812219906748341	0.0144208414936537	12.82598614467	0.364384881210586
18.875	15.25	0.028264883574757	0.815090202154388	0.01587488879943	12.7515073766182	0.368372174323592
19.125	15.25	0.0356472613061333	0.818325837799759	0.0171717617939762	12.6758578717522	0.373170719848987
19.375	15.25	0.0444591605833742	0.821899260545261	0.0182114021407443	12.5988197578549	0.378898454379193
19.625	15.25	0.0549038845586437	0.825756993716595	0.0188836635673741	12.5201496943629	0.385687524963118
19.875	15.25	0.0672111606228221	0.829816449544869	0.0190750619760137	12.4395776747859	0.393687254404834
20.125	15.25	0.0816423021499359	0.833964698105508	0.0186782341278628	12.3568056171808	0.403067496397458
20.375	15.25	0.0984948994286243	0.838059966959213	0.0176039201845016	12.271505646154	0.414021684628606
20.625	15.25	0.118104942694524	0.841936530645926	0.0157948041784865	12.1833181205608	0.426768212751441
20.875	15.25	0.140842981061881	0.845413413635922	0.0132398701927402	12.0918497752205	0.441547937690223
21.125	15.25	0.167099655405097	0.848306958604988	0.00998707113166927	11.9966728494634	0.458614776013313
21.375	15.25	0.197255360440023	0.850446769556823	0.00615122491009351	11.8973267261555	0.478215984286015
21.625	15.25	0.23162989638034	0.851693780105298	0.00191357369143501	11.7933242341401	0.500559432647221
21.875	15.25	0.270411877538168	0.851958226202569	-0.00248997760587508	11.6841650530125	0.525767720399809
22.125	15.25	0.313574927688896	0.85121430486081	-0.00679272808197591	11.5693581718481	0.553823702997783
22.375	15.25	0.360797243099312	0.849507754478659	-0.0107302668981808	11.4484537292156	0.584518208014553
22.625	15.25	0.411409352798499	0.846953183961297	-0.0140760464372162	11.3210818025409	0.617416079319025
22.875	15.25	0.464396194699807	0.843720155129515	-0.0166707470556206	11.1869924784873	0.651857526554875
23.125	15.25	0.51846916410573	0.840010369852715	-0.018438149810893	11.0460891427411	0.687004956668725
23.375	15.25	0.572202247100108	0.836031368358443	-0.019384650383816	10.8984468420865	0.72193146061507
23.625	15.25	0.624202327137333	0.83197317501601	-0.0195847816646678	10.7443104773382	0.755731512639267
23.875	15.25	0.673270007008299	0.827992662650318	-0.0191586722684724	10.5840726776767	0.787625504555394
24.125	15.25	0.718511872484831	0.824207078814928	-0.01824807772217	10.4182364171636	0.81703271711514
24.375	15.25	0.759385030691044	0.820695114331644	-0.0169960062613469	10.2473706128665	0.843600269949178
24.625	15.25	0.795678431519189	0.817502440633563	-0.0155324212867109	10.0720671174342	0.867190980487473
24.875	15.25	0.82745162086461	0.814648838478396	-0.013966267133976	9.89290525214599	0.887843553561996
25.125	15.25	0.854955856258475	0.812135070004624	-0.0123827014820325	9.71042676892884	0.905721306568009
25.375	15.25	0.87855764721171	0.809948683523125	-0.0108439158023093	9.52512124562944	0.921062470687612
25.625	15.25	0.898676269107	0.8080686009126	-0.00939200195901847	9.33742011349391	0.93413957491955
25.875	15.25	0.915739053379519	0.806468623218189	-0.00805267215131006	9.1476968288138	0.945230384696687
26.125	15.25	0.930153222280309	0.80512005359103	-0.00683904382464	8.9562708033903	0.954599594482201
26.375	15.25	0.942290728498055	0.803993614512735	-0.00575504734236006	8.76341320438458	0.962488973523736
26.625	15.25	0.952482138579044	0.803060800306286	-0.00479826402927065	8.56935332345182	0.969113390076379
26.875	15.25	0.961016152235268	0.802294779057999	-0.00396215952113624	8.37428473205676	0.974660498952924
27.125	15.25	0.968142224944399	0.801670940647899	-0.00323776292111153	8.17837082416429	0.97929244621386
27.375	15.25	0.974074602376643	0.801167174720929	-0.00261487933714268	7.98174959991723	0.983148491544818
27.625	15.25	0.978996740154629	0.800763950615018	-0.00208293134984888	7.78453769123512	0.986347881100509
27.875	15.25	0.983065549588607	0.800444259305987	-0.0016315176824085	7.58683370428403	0.988992607232594
28.125	15.25	0.986415209976093	0.800193465559185	-0.0012507636333155	7.38872098174354	0.991169886484461
28.375	15.25	0.989160465212603	0.799999107371439	-0.000931522743444374	7.19026988972748	0.992954302388192
28.625	15.25	0.991399417406063	0.799850670025908	-0.00066547524584873	6.99153972330973	0.994409621313941
28.875	15.25	0.993215874016372	0.799739353971922	-0.000445157119190308	6.79258030886033	0.995590318110642
29.125	15.25	0.994681319287873	0.799657849321277	-0.000263944229917356	6.59343336522898	0.996542857537117
29.375	15.25	0.995856579288815	0.799600124883872	-0.000116008900065464	6.39413367137318	0.99730677653773
29.625	15.25	0.996793241158823	0.799561236115564	3.7390820699246e-06	6.19471007613696	0.997915606753235
29.875	15.25	0.997534876020339	0.799537153866703	9.97188620876072e-05	5.99518637663413	0.99839766941322
30.125	15.25	0.998118104025377	0.799524614149606	0.000175746949936519	5.79558208481407	0.998776767616495
30.375	15.25	0.998573530395073	0.799520988083586	0.000235104244866305	5.59591309688349	0.999072794756798
30.625	15.25	0.998926573524134	0.799524170551129	0.000280599565706644	5.39619227689563	0.999302272790687
30.875	15.25	0.999198200285031	0.799532485777679	0.000314628515758779	5.19642996360421	0.999478830185271
31.125	15.25	0.999405579387519	0.799544607931001	0.000339227127055212	4.99663440827637	0.999613626601887
31.375	15.25	0.999562660747876	0.799559494852711	0.00035612013265396	4.79681215029741	0.999715729486119
31.625	15.25	0.999680687005923	0.799576333132471	0.00036676397322312	4.59696833687112	0.99979244655385
31.875	15.25	0.999768642320153	0.799594492879507	0.000372384801527807	4.39710699277071	0.999849617508099
32.125	15.25	0.999833643137321	0.79961349070925	0.00037401183820241	4.19723124581752	0.999891868039259
32.375	15.25	0.999881275556682	0.799632959627112	0.000372506476905088	3.99734351348864	0.999922829111843
32.625	15.25	0.9999158839823	0.79965262464587	0.000368587552091423	3.7974456557425	0.999945324588495
32.875	15.25	0.999940815762924	0.799672283116046	0.000362853178223649	3.59753909879725	0.9999615302459
33.125	15.25	0.999958626266131	0.799691788891855	0.000355799551189653	3.39762493422305	0.999973107072985
33.375	15.25	0.999971248259794	0.799711039617831	0.000347837074064604	3.19770399735712	0.999981311368866
33.625	15.25	0.999980128806824	0.799729966618129	0.000339304132613704	2.99777692874866	0.999987083724436
33.875	15.25	0.99998633674723	0.799748527082854	0.000330478805806402	2.79784422206595	0.999991118885699
34.125	15.25	0.999990645125421	0.799766698391892	0.000321588762626353	2.5979062615263	0.999993919331523
34.375	15.25	0.999993596110685	0.799784474350338	0.000312819583027417	2.39796335122833	0.999995837471945
34.625	15.25	0.999995560003702	0.799801862689372	0.000304321759539827	2.19801573759887	0.999997114002407
34.875	15.25	0.9999968011109	0.799818882450292	0.000296216680315809	1.99806362464426	0.999997920722085
35.125	15.25	0.999997555482381	0.799835559260588	0.000288601919495378	1.79810718058722	0.999998411063547
35.375	15.25	0.999998103626558	0.799851916989541	0.000281556076974041	1.59814653527573	0.999998767357263
35.625	15.25	0.999998788643747	0.799867966991549	0.000275143116571953	1.39818177209087	0.999999212618436
35.875	15.25	0.999999907517637	0.799883701428905	0.00026941563686087	1.19821292601927	0.999999939886464
36.125	15.25	1.0000014314069	0.799899102861903	0.000264415999246093	0.998240007158396	1.00000093041448
36.375	15.25	1.00000263413946	0.799914182507159	0.000260174307932052	0.798263066710433	1.00000171219065
36.625	15.25	1.00000192915777	0.799929045754356	0.000256703685072487	0.598282297947893	1.00000125395255
36.875	15.25	0.999997427739965	0.799943952912009	0.000253996560562189	0.398298111856222	0.999998328030977
37.125	15.25	0.999988677974958	0.799961983015818	0.000252030077396327	0.19831106260835	0.999992640683723
37.375	15.25	0.999979382255371	0.399968440571965	0.000250882272032737	-0.00167987109506741	0.999986598465991
0.125	15.75	-3.79776587281053e-12	0.399997473048641	-8.84976773108204e-05	18.0166364002265	0.349999999997532
0.375	15.75	-5.76816433452885e-12	0.799992413164443	-8.86364449657933e-05	17.9466368424469	0.349999999996251
0.625	15.75	-7.5917971419061e-12	0.799987335306947	-8.89142588037878e-05	17.8766377279347	0.349999999995065
0.875	15.75	-6.64540626660231e-12	0.799982227421648	-8.93316731556565e-05	17.8066390587878	0.34999999999568
1.125	15.75	1.5419681938764e-13	0.799977077346561	-8.98895127136278e-05	17.7366408381623	0.3500000000001
1.375	15.75	1.55764031288744e-11	0.79997187276767	-9.05888641738117e-05	17.6666430702838	0.350000000010125
1.625	15.75	4.06611731688401e-11	0.799966601174684	-9.14310648690126e-05	17.5966457604628	0.35000000002643
1.875	15.75	7.28903755830724e-11	0.799961249815903	-9.24176877143398e-05	17.5266489151137	0.350000000047379
2.125	15.75	1.04403648105792e-10	0.799955805651902	-9.35505226475141e-05	17.4566525417794	0.350000000067862
2.375	15.75	1.20943318941746e-10	0.799950255308022	-9.48315536382784e-05	17.3866566491582	0.350000000078613
2.625	15.75	1.02347515500576e-10	0.799944585025725	-9.62629308541423e-05	17.3166612471372	0.350000000066526
2.875	15.75	2.53752774741412e-11	0.799938780611534	-9.78469371118257e-05	17.2466663468278	0.350000000016494
3.125	15.75	-1.30599813638682e-10	0.799932827384679	-9.95859478957813e-05	17.176671960607	0.34999999991511
3.375	15.75	-3.74951568140696e-10	0.799926710122042	-0.000101482383812286	17.1066781021607	0.349999999756281
3.625	15.75	-6.94800943535561e-10	0.799920413001172	-0.000103538654068893	17.0366847865322	0.349999999548379
3.875	15.75	-1.04309352691522e-09	0.799913919540734	-0.00010575708972437	16.9666920301733	0.349999999321989
4.125	15.75	-1.32826913206502e-09	0.799907212538237	-0.000108139864561905	16.8966998509992	0.349999999136625
4.375	15.75	-1.40928931483798e-09	0.799900274006309	-0.000110688901929929	16.8267082684483	0.349999999083962
4.625	15.75	-1.10100042280205e-09	0.799893085106142	-0.000113405764434718	16.7567173035469	0.34999999928435
4.875	15.75	-1.95503938472395e-10	0.799885626081108	-0.000116291523936535	16.6867269789822	0.349999999872922
5.125	15.75	1.49531061344824e-09	0.799877876190379	-0.000119346608125952	16.6167373191839	0.350000000971952
5.375	15.75	4.07332706932179e-09	0.799869813645708	-0.000122570619431976	16.5467483504198	0.350000002647663
5.625	15.75	7.46578652393602e-09	0.799861415552327	-0.000125962121484377	16.4767601009062	0.350000004852761
5.875	15.75	1.1323580048798e-08	0.799852657858127	-0.000129518387270427	16.4067726009363	0.350000007360327
6.125	15.75	1.49230705710948e-08	0.799843515312337	-0.000133235102426994	16.3367858830264	0.350000009699996
6.375	15.75	1.70966521751118e-08	0.799833961437665	-0.000137106015481188	16.2667999820767	0.350000011112824
6.625	15.75	1.62244823564674e-08	0.799823968519322	-0.000141122526072982	16.1968149355406	0.350000010545914
6.875	15.75	1.03242667734834e-08	0.799813507614873	-0.000145273200320941	16.1268307835895	0.350000006710773
7.125	15.75	-2.72407900249346e-09	0.799802548590864	-0.000149543200352789	16.0568475692568	0.349999998229349
7.375	15.75	-2.47882530614683e-08	0.799791060193413	-0.000153913613882546	15.9868653385383	0.349999983887635
7.625	15.75	-5.69109069133739e-08	0.799779010161667	-0.000158360665991153	15.9168841404225	0.34999996300791
7.875	15.75	-9.85595891497623e-08	0.799766365398796	-0.000162854793436096	15.8469040268216	0.349999935936267
8.125	15.75	-1.46735209778016e-07	0.799753092216685	-0.000167359557462633	15.7769250523775	0.349999904622114
8.375	15.75	-1.95014407584637e-07	0.799739156679455	-0.000171830367538064	15.7069472741183	0.349999873240635
8.625	15.75	-2.326486924005e-07	0.79972452507675	-0.000176212982696885	15.636970750955	0.34999984877835
8.875	15.75	-2.4389765438017e-07	0.799709164569002	-0.000180441751077379	15.5669955430213	0.349999841466525
9.125	15.75	-2.07833143755206e-07	0.799693044060485	-0.000184437540134486	15.4970217108842	0.349999864908457
9.375	15.75	-9.89132913009687e-08	0.799676135373576	-0.000188105299513608	15.4270493146806	0.349999935706361
9.625	15.75	1.11315193308789e-07	0.799658414822532	-0.000191331186030847	15.357078413271	0.350000072354876
9.875	15.75	4.50978726399419e-07	0.799639865318494	-0.000193979163268301	15.2871090635439	0.350000293136172
10.125	15.75	9.42668348093686e-07	0.799620479181105	-0.000195886968100197	15.2171413200428	0.350000612734426
10.375	15.75	1.59584173318843e-06	0.799600261891539	-0.00019686131033256	15.147175235132	0.350001037297127
10.625	15.75	2.3964986514424e-06	0.799579237098993	-0.000196672140751768	15.0772108599412	0.350001557724123
10.875	15.75	3.29397556260792e-06	0.799557453291171	-0.000195045785087095	15.0072482463381	0.350002141084116
11.125	15.75	4.18502753302233e-06	0.799534992663288	-0.00019165669904873	14.9372874501361	0.350002720267896
11.375	15.75	4.8958695748962e-06	0.799511982873962	-0.000186117551646174	14.8673285356492	0.350003182315224
11.625	15.75	5.16357292348985e-06	0.799488612561127	-0.000177967295393687	14.7973715815073	0.3500033563224
11.875	15.75	4.61918068798368e-06	0.799465151711059	-0.000166656836052687	14.7274166873268	0.350003002467447
12.125	15.75	2.77612515157147e-06	0.799441978232062	-0.000151531879600419	14.6574639803441	0.350001804481349
12.375	15.75	-9.71034867738246e-07	0.799419612378416	-0.000131812521395798	14.5875136204421	0.349999368827336
12.625	15.75	-7.3309590777642e-06	0.799398761006523	-0.000106569168672109	14.5175658010846	0.349995234876599
12.875	15.75	-1.70747612801092e-05	0.799380374015843	-7.46944731183224e-05	14.4476207425305	0.349988901405168
13.125	15.75	-3.09605159373532e-05	0.799365715729064	-3.48711249282387e-05	14.3776786723069	0.349979875664641
13.375	15.75	-4.96123858280189e-05	0.799356454385899	1.44643423782202e-05	14.3077397863345	0.349967751949212
13.625	15.75	-7.33433499554843e-05	0.799354773337127	7.51611232481476e-05	14.2378041823682	0.349952326822529
13.875	15.75	-0.000101911065880972	0.799363507886371	0.000149395796577036	14.1678717556582	0.349933757807177
14.125	15.75	-0.000134198113634996	0.799386311969383	0.000239713832675853	14.0979420450835	0.349912771226137
14.375	15.75	-0.000167810890345396	0.799427858870757	0.00034906745636276	14.0280140166414	0.349890922921275
14.625	15.75	-0.000198595776036701	0.799494079803786	0.000480844755051784	13.9580857702787	0.349870912745576
14.875	15.75	-0.000220076716613909	0.799592443193608	0.00063888292918914	13.8881541558308	0.349856950134201
15.125	15.75	-0.000222824707003302	0.799732275618232	0.000827456239341059	13.8182142844619	0.349855163940448
15.375	15.75	-0.000193776228258582	0.799925122205038	0.00105122660159926	13.7482589236204	0.349874045451632
15.625	15.75	-0.000115523725441271	0.800185139421696	0.00131514211325891	13.6782777662094	0.349924909578463
15.875	15.75	3.43942006447588e-05	0.800529506170618	0.00162426638965766	13.6082565684155	0.350022356230419
16.125	15.75	0.000284173035909264	0.800978829457536	0.00198351997588379	13.5381761553395	0.350184712473341
16.375	15.75	0.000668364314551435	0.801557508339726	0.00239731499793929	13.4680112990402	0.350434436804458
16.625	15.75	0.00122841579068814	0.802294004334965	0.00286906658890575	13.3977294795606	0.350798470263947
16.875	15.75	0.0020131161115416	0.803220948416856	0.00340057060559659	13.3272895456053	0.351308525472502
17.125	15.75	0.00307894495515532	0.80437499529242	0.00399124794248125	13.2566402973863	0.352001314220851
17.375	15.75	0.00449034921336726	0.805796316966087	0.00463727239769869	13.1857190192662	0.352918726988689
17.625	15.75	0.00631999035121562	0.807527612937539	0.00533062209158074	13.1144499936495	0.35410799372829
17.875	15.75	0.00864903757210066	0.809612508315311	0.00605812345388793	13.0427430293489	0.355621874421865
18.125	15.75	0.0115676159336158	0.812093219314033	0.00680058986483627	12.9704920363753	0.35751895035685
18.375	15.75	0.0151755579556668	0.815007394265012	0.00753219032110094	12.8975736733572	0.359864112671183
18.625	15.75	0.0195836503429285	0.818384093267443	0.00822021109848347	12.8238460817743	0.362729372722904
18.875	15.75	0.0249156101805073	0.822238955046087	0.00882538774658738	12.7491477008335	0.36619514661733
19.125	15.75	0.0313110573619732	0.826568716341845	0.00930297786823205	12.673296126407	0.370352187285283
19.375	15.75	0.0389297514541775	0.831345393742651	0.00960471046187673	12.5960869369127	0.375304338445215
19.625	15.75	0.0479572946066475	0.836510602210158	0.0096816822363972	12.5172923621258	0.381172241494321
19.875	15.75	0.0586123085814104	0.841970657262874	0.00948817729780317	12.4366596286446	0.388098000577917
20.125	15.75	0.0711546920191357	0.847593276094894	0.00898626992212207	12.3539088003411	0.396250549812438
20.375	15.75	0.0858938608870454	0.853206843145877	0.00815093629430998	12.2687299805158	0.40583100957658
20.625	15.75	0.103194801458058	0.858603317310083	0.00697524905767736	12.1807799059778	0.417076620947738
20.875	15.75	0.123478346949206	0.863545886319651	0.00547504887482275	12.0896782984779	0.430260925516984
21.125	15.75	0.147210561336957	0.867782320796386	0.0036922754757106	11.9950048832057	0.445686864869022
21.375	15.75	0.174875060216472	0.871064471147917	0.00169593380886791	11.8962987111427	0.463668789140707
21.625	15.75	0.206922539054948	0.873173261523266	-0.000420405177641587	11.7930621828455	0.484499650385716
21.875	15.75	0.243695048859298	0.873946740300268	-0.00254539255274662	11.6847726454528	0.508401781758544
22.125	15.75	0.285329744069648	0.873306497107705	-0.00456096042238209	11.5709041475309	0.535464333645271
22.375	15.75	0.331657617093035	0.871275940328093	-0.00635626533199066	11.450960409744	0.565577451110472
22.625	15.75	0.382124031026294	0.867983946810968	-0.00784172011980592	11.3245171402695	0.598380620167091
22.875	15.75	0.435763394229672	0.86365034509458	-0.00895968414891783	11.1912680295449	0.633246206249287
23.125	15.75	0.491253045003235	0.85855517977158	-0.00968912390358866	11.0510654945001	0.669314479252102
23.375	15.75	0.547049038847601	0.852999372554295	-0.0100434888720921	10.9039463300631	0.70558187525094
23.625	15.75	0.601576509138317	0.847267135102848	-0.0100632058931371	10.7501350536639	0.741024730939906
23.875	15.75	0.653425036164028	0.84159872682458	-0.00980551434823811	10.590023387814	0.774726273506618
24.125	15.75	0.701498231464689	0.836177164907359	-0.00933441321221683	10.4241307396787	0.805973850452048
24.375	15.75	0.745086996368241	0.831127344383754	-0.00871260688774012	10.2530549324667	0.834306547639357
24.625	15.75	0.783865069308423	0.826523154887927	-0.00799619289486547	10.0774232568409	0.859512295050475
24.875	15.75	0.817828147827982	0.822397996971474	-0.00723194649239685	9.89785153595592	0.881588296088188
25.125	15.75	0.847206232424444	0.818755479217499	-0.00645659926036144	9.71491504332067	0.900684051075889
25.375	15.75	0.872374728449052	0.815578690809794	-0.00569740699759454	9.52913154646131	0.917043573491884
25.625	15.75	0.893779924249828	0.812837580330496	-0.00497340196467995	9.34095445674153	0.930956950762388
25.875	15.75	0.911884732849469	0.81049454006239	-0.00429689472199746	9.15077316132724	0.942725076352155
26.125	15.75	0.92713397696716	0.808508486114226	-0.00367495536717236	8.95891770618345	0.952637085028654
26.375	15.75	0.939935308716011	0.806837740102046	-0.003110731734876	8.76566559117581	0.960957950665407
26.625	15.75	0.950651117798287	0.805441978238141	-0.00260454829465199	8.57124914967759	0.967923226568887
26.875	15.75	0.959597345786462	0.80428346762126	-0.00215478088566884	8.37586260666667	0.973738274761201
27.125	15.75	0.967046143746404	0.80332776965897	-0.00175852893407448	8.17966836685868	0.978579993435162
27.375	15.75	0.973230317178581	0.802544056863135	-0.00141211739290941	7.9828023807637	0.982599706166078
27.625	15.75	0.978348305319177	0.801905159950826	-0.00111146211538675	7.7853786061333	0.985926398457465
27.875	15.75	0.98256900765676	0.801387436420576	-0.000852329281166212	7.58749266479244	0.988669854976894
28.125	15.75	0.986036134136241	0.800970529517613	-0.000630514623879706	7.38922482369481	0.990923487188556
28.375	15.75	0.988871970495567	0.80063706789656	-0.000441963088903528	7.19064242821164	0.992766780822118
28.625	15.75	0.991180565812315	0.80037234131233	-0.000282844921009776	6.99180190072264	0.994267367778005
28.875	15.75	0.993050403356122	0.800163976057213	-0.000149600315183159	6.79275039774111	0.995482762181479
29.125	15.75	0.994556634282379	0.80000162517105	-3.8961688577457e-05	6.59352719903392	0.996461812283546
29.375	15.75	0.995762953253995	0.799876682167062	5.2039737445388e-05	6.39416488481062	0.997245919615096
29.625	15.75	0.996723185827721	0.79978202262682	0.000126078142314685	6.19469034286255	0.997870070788019
29.875	15.75	0.99748264514747	0.799711775062839	0.000185544523268386	5.99512563653412	0.998363719345855
30.125	15.75	0.9980793031914	0.799661120548261	0.000232562727689558	5.79548875623514	0.99875154707441
30.375	15.75	0.998544810976444	0.799626119464018	0.000269008221765701	5.59579427134801	0.999054127134688
30.625	15.75	0.998905393266709	0.799603563084868	0.000296528242619635	5.3960538953334	0.999288505623361
30.875	15.75	0.999182636503041	0.799590847446151	0.000316562367231783	5.19627697412946	0.999468713726977
31.125	15.75	0.999394183667358	0.799585866880715	0.000330362816366036	4.99647090618443	0.999606219383782
31.375	15.75	0.99955434631448	0.799586924704363	0.000339014022519534	4.79664150135161	0.999710325104412
31.625	15.75	0.999674641725216	0.799592658699741	0.000343451148034742	4.59679328517253	0.999788517121391
31.875	15.75	0.999764261761904	0.799601979261687	0.000344477356872608	4.39692975460412	0.999846770145238
32.125	15.75	0.999830479282348	0.799614018294145	0.000342779731622229	4.19705359088538	0.999889811533526
32.375	15.75	0.999878997661672	0.799628087170079	0.000338943793239256	3.99716683490851	0.999921348480087
32.625	15.75	0.999914248860103	0.799643642270291	0.000333466630264222	3.79727103011126	0.999944261759067
32.875	15.75	0.999939645329316	0.799660256804601	0.000326768679966191	3.59736733753252	0.999960769464055
33.125	15.75	0.999957790669024	0.799677597800553	0.000319204228072248	3.3974566272885	0.999972563934866
33.375	15.75	0.999970653260845	0.799695407342233	0.000311070707303809	3.1975395503726	0.999980924619549
33.625	15.75	0.999979706347856	0.799713487369906	0.000302616878823534	2.99761659438469	0.999986809126106
33.875	15.75	0.99998603783731	0.799731687591533	0.00029404997827029	2.79768812652953	0.999990924594252
34.125	15.75	0.99999043438037	0.799749896226433	0.000285541906490233	2.59775442685924	0.999993782347241
34.375	15.75	0.99999344752626	0.799768033249559	0.000277234555194496	2.39781571405406	0.999995740892069
34.625	15.75	0.999995453876535	0.799786045388439	0.000269244388942407	2.19787216485503	0.999997045019748
34.875	15.75	0.999996722367588	0.799803901382232	0.000261666452577225	1.99792392671661	0.999997869538932
35.125	15.75	0.999997493802893	0.799821585399365	0.000254578004491885	1.79797112212561	0.99999837097188
35.375	15.75	0.99999805527888	0.799839087010999	0.000248041923492116	1.5980138438743	0.999998735931272
35.625	15.75	0.999998758586412	0.799856388917581	0.000242109823482203	1.39805214504666	0.999999193081168
35.875	15.75	0.999999908326343	0.799873459054862	0.000236824423945514	1.19808603564353	0.999999940412123
36.125	15.75	1.00000147430413	0.799890259560479	0.000232220334162266	0.99811550559953	1.00000095829768
36.375	15.75	1.00000270949099	0.799906785312389	0.000228322453385289	0.798140591693679	1.00000176116915
36.625	15.75	1.00000198210464	0.799923130582397	0.000225142288742389	0.598161480624888	1.00000128836802
36.875	15.75	0.999997349268821	0.799939551065531	0.000222675018307453	0.398178586269407	0.999998277024734
37.125	15.75	0.999988345629409	0.799959210346286	0.000220903598738129	0.198192472611876	0.999992424659116
37.375	15.75	0.999978780551532	0.399966939182039	0.000219890599174231	-0.00179791846050062	0.999986207358496
0.125	16.25	-3.78296079343123e-12	0.399997346249108	-7.81362765530136e-05	18.0166510013647	0.349999999997541
0.375	16.25	-5.75789207727518e-12	0.799992032530332	-7.82506367557781e-05	17.9466514657743	0.349999999996257
0.625	16.25	-7.59938926669178e-12	0.799986700134337	-7.84795555938308e-05	17.8766523956814	0.34999999999506
0.875	16.25	-6.69130365865281e-12	0.79998133654716	-7.88234270025898e-05	17.8066537932661	0.349999999995651
1.125	16.25	4.7228623418803e-14	0.799975929162008	-7.92828344198758e-05	17.7366556618061	0.350000000000031
1.375	16.25	1.53923701684882e-11	0.799970465241289	-7.98585418160897e-05	17.6666580056869	0.350000000010005
1.625	16.25	4.04043238507873e-11	0.799964931879218	-8.05514810299244e-05	17.5966608304145	0.350000000026263
1.875	16.25	7.26015279795343e-11	0.799959315964283	-8.13627359078815e-05	17.5266641426326	0.350000000047191
2.125	16.25	1.04175963950301e-10	0.799953604141499	-8.22935220853558e-05	17.4566679501425	0.350000000067714
2.375	16.25	1.2093213903595e-10	0.799947782774457	-8.33451624988446e-05	17.386672261927	0.350000000078606
2.625	16.25	1.02767104559975e-10	0.799941837907307	-8.45190578283751e-05	17.3166770881776	0.350000000066799
2.875	16.25	2.64742005209463e-11	0.799935755226684	-8.58166513158374e-05	17.2466824403244	0.350000000017208
3.125	16.25	-1.2859271839954e-10	0.799929520023149	-8.72393870472086e-05	17.1766883310698	0.349999999916415
3.375	16.25	-3.71916056281316e-10	0.799923117153268	-8.8788660902976e-05	17.1066947744236	0.349999999758255
3.625	16.25	-6.90848760524705e-10	0.799916531001828	-9.04657629107432e-05	17.0367017857407	0.349999999550948
3.875	16.25	-1.03871706606675e-09	0.799909745444533	-9.22718098134825e-05	16.9667093817602	0.349999999324834
4.125	16.25	-1.32449457001891e-09	0.79990274381225	-9.42076661931792e-05	16.8967175806467	0.349999999139078
4.375	16.25	-1.40780013505768e-09	0.799895508857495	-9.6273852524363e-05	16.8267264020328	0.34999999908493
4.625	16.25	-1.10418251405613e-09	0.799888022723657	-9.84704377761956e-05	16.7567358670648	0.349999999282281
4.875	16.25	-2.06347446969072e-10	0.799880266920231	-0.000100796914604489	16.6867459984524	0.349999999865874
5.125	16.25	1.47353338462367e-09	0.799872222304689	-0.00010325205369269	16.6167568205239	0.350000000957797
5.375	16.25	4.03769890325471e-09	0.799863869076076	-0.000105833734517469	16.5467683592899	0.350000002624504
5.625	16.25	7.4147839109308e-09	0.79985518678213	-0.000108538748519463	16.4767806425174	0.35000000481961
5.875	16.25	1.1258567475277e-08	0.799846154345557	-0.000111362570275433	16.4067936998149	0.350000007318069
6.125	16.25	1.48502373201967e-08	0.799836750112897	-0.000114299091853604	16.3368075627279	0.350000009652654
6.375	16.25	1.70292710495479e-08	0.79982695193213	-0.000117340314443074	16.2668222648409	0.350000011069026
6.625	16.25	1.61852194201539e-08	0.799816737264422	-0.00012047599118733	16.1968378418778	0.350000010520393
6.875	16.25	1.03470751744541e-08	0.799806083338011	-0.000123693213470434	16.1268543317862	0.350000006725599
7.125	16.25	-2.5931909285535e-09	0.799794967351784	-0.000126975932817181	16.0568717747873	0.349999998314426
7.375	16.25	-2.44925743079189e-08	0.799783366741197	-0.000130304409200714	15.9868902133666	0.349999984079827
7.625	16.25	-5.63878039187471e-08	0.799771259519274	-0.00013365457499221	15.9169096921769	0.349999963347927
7.875	16.25	-9.77503277130876e-08	0.79975862471155	-0.000136997303709707	15.8469302578208	0.349999936462287
8.125	16.25	-1.45601679387595e-07	0.799745442908218	-0.000140297570223149	15.7769519584841	0.349999905358908
8.375	16.25	-1.93564704698246e-07	0.799731696963431	-0.000143513488539266	15.706974843392	0.349999874182942
8.625	16.25	-2.30973329765568e-07	0.799717372880776	-0.000146595211673583	15.6369989620729	0.349999849867336
8.875	16.25	-2.42217496451298e-07	0.799702460934585	-0.000149483676347313	15.5670243634294	0.349999842558627
9.125	16.25	-2.06558763591809e-07	0.799686957091059	-0.000152109174224249	15.497051094635	0.349999865736804
9.375	16.25	-9.87129687621857e-08	0.799670864812549	-0.000154389729721228	15.4270791999085	0.34999993583657
9.625	16.25	1.09445560161294e-07	0.799654197352854	-0.000156229263125195	15.3571087192473	0.350000071139614
9.875	16.25	4.4565639264913e-07	0.799636980685212	-0.000157515516823247	15.2871396872423	0.350000289676655
10.125	16.25	9.32096006399014e-07	0.799619257249236	-0.000158117722028748	15.2171721321385	0.350000605862404
10.375	16.25	1.57784310641502e-06	0.799601090761251	-0.000157883983812043	15.147206075339	0.350001025598019
10.625	16.25	2.36866304028367e-06	0.799582572408496	-0.000156638364593358	15.0772415315819	0.350001539630976
10.875	16.25	3.25397350722509e-06	0.799563828843813	-0.00015417765121091	15.0072785100149	0.35000211508278
11.125	16.25	4.13117808252867e-06	0.799545032517143	-0.000150267800002331	14.9373170163587	0.350002685265754
11.375	16.25	4.82805808726518e-06	0.799526415026267	-0.000144640070776876	14.8673570562439	0.350003138237757
11.625	16.25	5.08463390785035e-06	0.79950828434337	-0.000136986886939509	14.7973986396115	0.35000330501204
11.875	16.25	4.53686849239791e-06	0.799491046978923	-0.000126957500413054	14.7274417857463	0.35000294896452
12.125	16.25	2.70579002768222e-06	0.799475236376628	-0.000114153602373777	14.6574865280309	0.350001758763518
12.375	16.25	-1.00297486802159e-06	0.799461549098038	-9.81251120639251e-05	14.5875329168347	0.349999348066336
12.625	16.25	-7.28271898970067e-06	0.799450890643338	-7.83665043653738e-05	14.5175810180582	0.349995266232657
12.875	16.25	-1.68841343807607e-05	0.799444433065074	-5.43142140395465e-05	14.4476309037252	0.349989025312652
13.125	16.25	-3.05392939464074e-05	0.799443686853505	-2.53458901907176e-05	14.3776826296694	0.349980149458935
13.375	16.25	-4.88407127799667e-05	0.799450589886703	9.2174217133718e-06	14.3077361938186	0.349968253536693
13.625	16.25	-7.20647743403736e-05	0.799467616521027	5.0104713989158e-05	14.2377914669293	0.349953157896679
13.875	16.25	-9.9929443970344e-05	0.799497910102789	9.80821582966848e-05	14.1678480859545	0.349935045861419
14.125	16.25	-0.000131277982829235	0.799545442239734	0.000153931530432947	14.0979052986955	0.349914669311161
14.375	16.25	-0.000163683456811948	0.799615201986409	0.000218416945756866	14.0279617471612	0.349893605753072
14.625	16.25	-0.00019297320950816	0.799713417523798	0.000292236405063245	13.958015176327	0.34987456741382
14.875	16.25	-0.000212677956751183	0.799847811762753	0.000375954232884421	13.8880620549411	0.349861759328112
15.125	16.25	-0.000213416371664061	0.800027891326673	0.00046991031448512	13.8180970958401	0.349861279358418
15.375	16.25	-0.00018223235171856	0.800265265269815	0.00057410229165071	13.7481126650109	0.349881548971383
15.625	16.25	-0.000101907785649297	0.800573985327014	0.000688037806337471	13.6780980714411	0.349933759939328
15.875	16.25	4.97223772244012e-05	0.800970893115096	0.0008105557943088	13.6080387335573	0.350032319545196
16.125	16.25	0.000300424600563185	0.801475951214565	0.00093961908177972	13.5379152226274	0.350195275990366
16.375	16.25	0.000684164829151746	0.802112524266281	0.00107208549558139	13.4677021886261	0.350444707138949
16.625	16.25	0.00124163070696331	0.802907563189502	0.00120347168037955	13.3973671793847	0.350807059959526
16.875	16.25	0.00202066976542125	0.80389163081207	0.00132773298726919	13.3268693689355	0.351313435347524
17.125	16.25	0.00307665156080656	0.805098691603158	0.00143709400535976	13.2561582153481	0.351999823514524
17.375	16.25	0.00447278259998882	0.806565573552065	0.0015219768867505	13.1851720715156	0.352907308689993
17.625	16.25	0.00628042802705125	0.808330999115793	0.00157108712832163	13.1138367737493	0.354082278217583
17.875	16.25	0.0085795228501218	0.810434078054052	0.00157172647693806	13.0420642320487	0.355576689852579
18.125	16.25	0.0114591872402882	0.812912162188314	0.00151040647388459	12.9697510418097	0.357448471706187
18.375	16.25	0.01501869414299	0.815797985395833	0.00137382899756401	12.8967771285976	0.359762151192944
18.625	16.25	0.0193689710944078	0.819116056266672	0.00115027624895086	12.8230044243683	0.362589831211365
18.875	16.25	0.0246348474238974	0.822878339671817	0.000831406088766469	12.748275554044	0.366012650825533
19.125	16.25	0.0309582736230258	0.8270793592359	0.000414374921159164	12.6724124850082	0.370122877854967
19.375	16.25	0.0385027232532769	0.831690975063166	-9.58916684978614e-05	12.5952150596782	0.37502677011463
19.625	16.25	0.0474589067112932	0.836657236733695	-0.000684585320061353	12.5164592970419	0.380848289362341
19.875	16.25	0.058051728294266	0.841889874244196	-0.00132549603603043	12.4358953232117	0.387733623391273
20.125	16.25	0.0705480300053255	0.847265159819304	-0.00198063760014631	12.3532447937075	0.395856219503462
20.375	16.25	0.085264002129182	0.852623037302222	-0.00260161153794928	12.2681977342242	0.405421601383968
20.625	16.25	0.102570135713696	0.857769548236202	-0.00313321746834196	12.1804088978688	0.416670588213902
20.875	16.25	0.122890265720944	0.862483634485398	-0.00351952646188386	12.0894940660641	0.429878672718614
21.125	16.25	0.14668982259052	0.866529267966465	-0.00371208205551807	11.9950272410274	0.445348384683838
21.375	16.25	0.174447426503406	0.86967338501868	-0.00367910051432849	11.8965403646072	0.463390827227214
21.625	16.25	0.206604404921354	0.871709083633321	-0.00341368386101411	11.7935279100848	0.48429286319888
21.875	16.25	0.243489992407836	0.872481863087076	-0.00293851814964895	11.6854591246307	0.508268495065094
22.125	16.25	0.285226956559295	0.871914573592212	-0.00230480414848735	11.5718003926848	0.535397521763541
22.375	16.25	0.331632899171885	0.87002500600429	-0.00158456757625259	11.4520486784253	0.565561384461725
22.625	16.25	0.38214348269753	0.866929984557864	-0.000857740965785294	11.3257741243833	0.598393263753395
22.875	16.25	0.435789177322887	0.862832485490509	-0.000197513152204596	11.1926661525768	0.633262965259876
23.125	16.25	0.491249907312193	0.857993394717203	0.000341788295899423	11.0525742013265	0.669312439752926
23.375	16.25	0.546989972694651	0.852694886954845	0.000731107788862232	10.905533333015	0.705543482251523
23.625	16.25	0.601446184612406	0.847205114220982	0.000966531519345798	10.7517675485276	0.740940019998064
23.875	16.25	0.653220427422507	0.84175236258341	0.00106406585479818	10.5916692535403	0.77459327782463
24.125	16.25	0.701226778796371	0.836512196618295	0.00105195831540289	10.4257596959114	0.805797406217641
24.375	16.25	0.744763288394805	0.831606241235563	0.000963085766010466	10.2546395831446	0.834096137456623
24.625	16.25	0.783507173778078	0.827108501293775	0.000829029227314975	10.0789399283635	0.859279662955751
24.875	16.25	0.817454451173869	0.823054917472977	0.000676410724363561	9.89928083587804	0.881345393263015
25.125	16.25	0.846833215588249	0.819453146796207	0.000525306269755415	9.71624210878581	0.900441590132362
25.375	16.25	0.872015728973215	0.816291072919716	0.000389180201351921	9.53034599952472	0.91681022383259
25.625	16.25	0.893444710174194	0.81354361359411	0.000275725336829644	9.34205011960107	0.930739061613226
25.875	16.25	0.911579635496825	0.811177916260283	0.000188101271455462	9.15174760176937	0.942526763072936
26.125	16.25	0.926862344476063	0.809157202156619	0.000126225373144851	8.95977168429769	0.952460523909441
26.375	16.25	0.939698097449478	0.807443528335442	8.79211965670378e-05	8.76640246852282	0.96080376334216
26.625	16.25	0.950447500123638	0.805999699159529	6.98406914157316e-05	8.57187430761273	0.967790875080365
26.875	16.25	0.959425264030712	0.804790518598467	6.81472536960683e-05	8.37638290569933	0.973626421619963
27.125	16.25	0.966902777020397	0.803783541514709	7.89844804221225e-05	8.18009166609033	0.978486805063258
27.375	16.25	0.973112451543112	0.802949454627052	9.87709580473643e-05	7.98313712644503	0.982523093503023
27.625	16.25	0.978252611587443	0.802262193584055	0.000124363644501403	7.78563349119601	0.985864197531838
27.875	16.25	0.982492238136543	0.801698880644178	0.000153127929932367	7.5876763564307	0.988619954788753
28.125	16.25	0.985975252312148	0.801239647946454	0.000182945403659401	7.3893457531669	0.990883914002896
28.375	16.25	0.988824227813205	0.800867394630867	0.000212183016513558	7.19070863550506	0.992735748078583
28.625	16.25	0.99114353852438	0.800567512329757	0.000239640811350968	6.99182092616103	0.994243300040847
28.875	16.25	0.993022000571794	0.80032760271728	0.000264490093791048	6.79272921268733	0.995464300371666
29.125	16.25	0.994535086363036	0.8001372025776	0.000286209848059226	6.5934721683196	0.996447806135973
29.375	16.25	0.995746787771747	0.799987525819032	0.000304526217517778	6.39408175422901	0.997235412051635
29.625	16.25	0.996711196579205	0.799871227582843	0.000319357759605411	6.19458424587607	0.997862277776483
29.875	16.25	0.997473858242876	0.799782192664116	0.000330767747255953	5.99500111519101	0.99835800785787
30.125	16.25	0.998072943031479	0.799715348530728	0.000338923847992471	5.79534979210663	0.998747412970461
30.375	16.25	0.998540267971979	0.799666502015201	0.000344064927145275	5.59564432305669	0.999051174181786
30.625	16.25	0.998902194418523	0.799632198047032	0.000346474385290925	5.39589593992638	0.99928642637204
30.875	16.25	0.999180419413684	0.799609598430375	0.000346459272071068	5.19611355014831	0.999467272618895
31.125	16.25	0.99939267416516	0.799596378537028	0.000344334361466916	4.99630415679699	0.999605238207354
31.375	16.25	0.999553339605472	0.799590639796351	0.000340410386419145	4.79647321634204	0.999709670743557
31.625	16.25	0.999673986820917	0.799590835964808	0.000334985685031389	4.59662494094086	0.999788091433596
31.875	16.25	0.999763848836954	0.799595711308841	0.000328340587323053	4.39676255161362	0.99984650174402
32.125	16.25	0.999830229576563	0.799604249007693	0.000320733957493777	4.19688848822326	0.999889649224766
32.375	16.25	0.999878855539737	0.799615628258169	0.000312401394066574	3.99700458180057	0.999921256100829
32.625	16.25	0.999914175665742	0.799629188729083	0.000303554673437266	3.79711219436307	0.999944214182732
32.875	16.25	0.999939614707101	0.799644401168738	0.000294382098573517	3.59721233096514	0.999960749559616
33.125	16.25	0.999957785064581	0.799660843124706	0.000285049481198888	3.39730572830341	0.999972560291978
33.375	16.25	0.999970661339855	0.799678178912658	0.000275701541982787	3.19739292382502	0.999980929870906
33.625	16.25	0.99997972109313	0.799696143184123	0.000266463558444268	2.99747430897372	0.999986818710535
33.875	16.25	0.999986055101313	0.799714527672612	0.000257443126417534	2.79755016993121	0.999990935815853
34.125	16.25	0.999990451714345	0.799733170857787	0.000248731932439949	2.59762071883774	0.999993793614324
34.375	16.25	0.999993463211662	0.7997519502255	0.000240407468527817	2.39768611778223	0.99999575108758
34.625	16.25	0.999995466265272	0.799770776371044	0.000232534663881098	2.19774649665179	0.999997053072427
34.875	16.25	0.999996729841488	0.799789587432619	0.000225167458001256	1.99780196436008	0.999997874396967
35.125	16.25	0.999997495721513	0.799808341715233	0.000218350376545692	1.79785261183502	0.999998372218983
35.375	16.25	0.999998053928938	0.799827006872694	0.000212120152224541	1.59789850600778	0.99999873505381
35.625	16.25	0.99999876115726	0.799845546863877	0.000206507307814956	1.39793967860335	0.999999194752219
35.875	16.25	0.99999992648007	0.799863913426086	0.000201537375730235	1.19797612185973	0.999999952212046
36.125	16.25	1.00000151795111	0.799882054772743	0.000197231173394298	0.998007811290152	1.00000098666822
36.375	16.25	1.00000277282984	0.799899954465759	0.000193603570517436	0.798034773327794	1.0000018023394
36.625	16.25	1.00000202596515	0.799917698992213	0.000190660893307113	0.598057189990654	1.00000131687735
36.875	16.25	0.999997294518398	0.799935540860596	0.000188398792346348	0.398075477374377	0.999998241436959
37.125	16.25	0.999988102869124	0.799956707879164	0.000186804845441466	0.19809020676484	0.99999226686493
37.375	16.25	0.999978338863064	0.399965670273117	0.000185922875185278	-0.00189970802124908	0.999985920260992
0.125	16.75	-3.76335092812758e-12	0.399997244328215	-6.73174349681095e-05	18.0166637448674	0.349999999997554
0.375	16.75	-5.73949298457946e-12	0.799991726606346	-6.74065939900506e-05	17.9466642271122	0.349999999996269
0.625	16.75	-7.59465569157183e-12	0.799986189726464	-6.7585042174464e-05	17.8766651927181	0.349999999995063
0.875	16.75	-6.72331378897857e-12	0.799980620864066	-6.78530368418549e-05	17.8066666439211	0.34999999999563
1.125	16.75	-5.20528194037813e-14	0.799975007117236	-6.82109566125727e-05	17.7366685840814	0.349999999999966
1.375	16.75	1.5195944433939e-11	0.799969335475019	-6.86592923199745e-05	17.6666710176919	0.350000000009877
1.625	16.75	4.00961022311716e-11	0.799963592787325	-6.91986347879944e-05	17.5966739503894	0.350000000026062
1.875	16.75	7.22031587187903e-11	0.799957765734813	-6.98296589576429e-05	17.5266773889676	0.350000000046932
2.125	16.75	1.03770448433252e-10	0.79995184079962	-7.0553104284518e-05	17.4566813413946	0.350000000067451
2.375	16.75	1.20686360786139e-10	0.799945804236934	-7.13697507419891e-05	17.3866858168322	0.350000000078446
2.625	16.75	1.02940429476463e-10	0.799939642047252	-7.22803904977123e-05	17.3166908256573	0.350000000066911
2.875	16.75	2.73978068438067e-11	0.799933339950166	-7.32857939783253e-05	17.2466963794867	0.350000000017809
3.125	16.75	-1.26580613926073e-10	0.799926883359628	-7.43866705282934e-05	17.1767024912026	0.349999999917723
3.375	16.75	-3.68585756951376e-10	0.799920257361033	-7.55836220662303e-05	17.1067091749797	0.349999999760419
3.625	16.75	-6.8623681114127e-10	0.799913446690872	-7.68770897220233e-05	17.0367164463126	0.349999999553946
3.875	16.75	-1.03330105513024e-09	0.799906435719828	-7.82672916792628e-05	16.966724322044	0.349999999328354
4.125	16.75	-1.31935075303246e-09	0.79989920843976	-7.97541518204706e-05	16.8967328203918	0.349999999142422
4.375	16.75	-1.40471173951597e-09	0.799891748456246	-8.13372170745912e-05	16.8267419609763	0.349999999086937
4.625	16.75	-1.10567391573173e-09	0.799884038988429	-8.30155627574329e-05	16.7567517648483	0.349999999281312
4.875	16.75	-2.15616895050597e-10	0.799876062878185	-8.47876837086831e-05	16.6867622545171	0.349999999859849
5.125	16.75	1.45283508532243e-09	0.799867802612028	-8.66513696049041e-05	16.6167734539823	0.350000000944343
5.375	16.75	4.00193961220124e-09	0.799859240359728	-8.86035623188294e-05	16.5467853887695	0.350000002601261
5.625	16.75	7.36120180706402e-09	0.799850358033239	-9.06401927668914e-05	16.4767980859719	0.350000004784781
5.875	16.75	1.11866273050093e-08	0.799841137371844	-9.27559950041571e-05	16.4068115742989	0.350000007271308
6.125	16.75	1.47635510216644e-08	0.799831560058499	-9.49442943657681e-05	16.3368258841289	0.350000009596308
6.375	16.75	1.69380243418408e-08	0.79982160787409	-9.71967668542898e-05	16.2668410475624	0.350000011009716
6.625	16.75	1.61088884420413e-08	0.799811262896057	-9.95031662898128e-05	16.1968570984662	0.350000010470777
6.875	16.75	1.03170334047118e-08	0.79980050775106	-0.000101851016296575	16.1268740724935	0.350000006706072
7.125	16.75	-2.53177748964165e-09	0.799789325930302	-0.000104225263583984	16.0568920070605	0.349999998354345
7.375	16.75	-2.42803807536369e-08	0.799777702180854	-0.000106607889017575	15.9869109412539	0.349999984217753
7.625	16.75	-5.59535471864416e-08	0.799765622987178	-0.000108977474065395	15.9169309156381	0.349999963630194
7.875	16.75	-9.70167914772095e-08	0.79975307716234	-0.000111308719420162	15.8469519719313	0.349999936939085
8.125	16.75	-1.44497024729408e-07	0.799740056572702	-0.000113571914410668	15.7769741525165	0.349999906076934
8.375	16.75	-1.92040703751266e-07	0.799726557025306	-0.000115732356630461	15.7069974997624	0.349999875173543
8.625	16.75	-2.29032283804254e-07	0.799712579356264	-0.000117749723154911	15.6370220551344	0.349999851129015
8.875	16.75	-2.39949635725913e-07	0.799698130766421	-0.000119577398044842	15.5670478580959	0.349999844032737
9.125	16.75	-2.04191808742583e-07	0.799683226464241	-0.000121161764731653	15.497074944818	0.349999867275324
9.375	16.75	-9.66751516472675e-08	0.799667891690186	-0.000122441478264355	15.4271033467488	0.349999937161151
9.625	16.75	1.1044854701586e-07	0.799652164219306	-0.000123346741373058	15.3571330891242	0.350000071791556
9.875	16.75	4.44551607050384e-07	0.799636097464459	-0.000123798620056093	15.2871641895452	0.350000288958545
10.125	16.75	9.27344423877428e-07	0.799619764339979	-0.000123708451301951	15.2171966567886	0.350000602773875
10.375	16.75	1.5673399899103e-06	0.799603262091286	-0.000122977418016611	15.1472304900556	0.350001018770993
10.625	16.75	2.34965276694024e-06	0.799586718356405	-0.000121496395995406	15.0772656788951	0.350001527274299
10.875	16.75	3.22300476839749e-06	0.799570298799788	-0.000119146217348043	15.0073022040425	0.350002094953099
11.125	16.75	4.08414113439417e-06	0.799554216749213	-0.000115798546375687	14.9373400393827	0.350002654691737
11.375	16.75	4.76036850681745e-06	0.799538745375201	-0.000111317630115318	14.8673791551511	0.350003094239529
11.625	16.75	4.99165966584236e-06	0.799524233076745	-0.000105563270530318	14.7974195223015	0.350003244578783
11.875	16.75	4.41474258276289e-06	0.799511122876713	-9.83954719423694e-05	14.7274611176624	0.350002869582679
12.125	16.75	2.55281424338802e-06	0.799499976783512	-8.96813497380738e-05	14.6575039290444	0.350001659329258
12.375	16.75	-1.1840413040364e-06	0.799491506236716	-7.93050475295283e-05	14.5875479588059	0.349999230373152
12.625	16.75	-7.48106961231077e-06	0.799486609917483	-6.71816021853062e-05	14.517593223526	0.349995137304752
12.875	16.75	-1.70754372503951e-05	0.799486420365805	-5.32759191566423e-05	14.4476397463398	0.349988900965787
13.125	16.75	-3.06774992192894e-05	0.799492360988961	-3.76282679602459e-05	14.3776875371878	0.349980059625507
13.375	16.75	-4.88459875807333e-05	0.799506215160294	-2.03879689106442e-05	14.3077365547413	0.349968250108072
13.625	16.75	-7.18059439936488e-05	0.799530209168886	-1.85719226475713e-06	14.2377866421637	0.349953326136404
13.875	16.75	-9.9198680446715e-05	0.799567110758487	1.74530078455371e-05	14.167837427256	0.34993552085771
14.125	16.75	-0.000129754609919695	0.799620344841694	3.67522101517782e-05	14.0978881760467	0.349915659503552
14.375	16.75	-0.000160882568783617	0.799694127626611	5.48835828717715e-05	14.0279375876911	0.349895426330291
14.625	16.75	-0.000188173249154772	0.799793619758756	7.02185893309889e-05	13.9579835178114	0.349877687388049
14.875	16.75	-0.000204819390328694	0.799925098037586	8.05326459704108e-05	13.8880226173136	0.349866867396286
15.125	16.75	-0.000200961059136428	0.800096143668074	8.28625045765087e-05	13.8180498744013	0.349869375311561
15.375	16.75	-0.000162970089150897	0.800315842667144	7.334860799277e-05	13.7480580490532	0.349894069442052
15.625	16.75	-7.26927816825887e-05	0.800594990770287	4.7069315964031e-05	13.6780369916511	0.349952749691906
15.875	16.75	9.33265793974216e-05	0.800946290773187	-2.12103037783004e-06	13.6079728406532	0.350060662276608
16.125	16.75	0.000364617869836399	0.801384524541128	-8.17315360849274e-05	13.5378470980004	0.350237001615394
16.375	16.75	0.000777531666414842	0.801926674852725	-0.000200724599364077	13.4676355850376	0.35050539558317
16.625	16.75	0.00137594498979249	0.802591963905794	-0.000369519163529256	13.3973072857421	0.350894364243365
16.875	16.75	0.00221192109215175	0.803401766036987	-0.000599859430570264	13.3268230875688	0.351437748709899
17.125	16.75	0.00334633193793968	0.804379342697988	-0.000904490299863012	13.2561344328063	0.352175115759661
17.375	16.75	0.00484946897218855	0.805549339145512	-0.00129657204208284	13.1851818946102	0.353152154831923
17.625	16.75	0.00680168687596764	0.806936976406194	-0.00178876289345013	13.1138936915045	0.354421096469379
17.875	16.75	0.00929414506542427	0.808566871276414	-0.00239190338822649	13.0421841518686	0.356041194292526
18.125	16.75	0.0124297313352461	0.810461424484408	-0.00311325550882171	12.9699521355598	0.35807932536791
18.375	16.75	0.0163242696281492	0.812638736372049	-0.00395428919217111	12.8970794132038	0.360610775258297
18.625	16.75	0.02110812715636	0.81511004439395	-0.00490807465957352	12.8234289946768	0.363720282651634
18.875	16.75	0.0269283408271216	0.817876730983205	-0.00595643657769257	12.7488433869109	0.367503421537629
19.125	16.75	0.03395137101408	0.820927026100908	-0.00706715702408477	12.6731427478417	0.372068391159152
19.375	16.75	0.0423665466381591	0.824232625607167	-0.00819167378595869	12.5961228897759	0.377538255314803
19.625	16.75	0.0523901619283558	0.827745559613181	-0.00926389256907882	12.5175530760389	0.384053605253431
19.875	16.75	0.0642699789537957	0.83139576332226	-0.0102008829924504	12.437173558631	0.391775486319967
20.125	16.75	0.0782895221451424	0.835089908499404	-0.0109063019232256	12.3546928384941	0.400888189394343
20.375	16.75	0.0947709581611237	0.838712121272417	-0.0112772987856484	12.2697847202992	0.41160112280473
20.625	16.75	0.114074501819694	0.84212720965747	-0.0112152972000171	12.1820854156278	0.424148426182801
20.875	16.75	0.136591236491114	0.845186914772082	-0.0106403097577507	12.0911912577304	0.438784303719224
21.125	16.75	0.162725241830733	0.847739440684016	-0.00950729180732336	11.9966580426291	0.455771407189976
21.375	16.75	0.192860545220708	0.849642063209749	-0.00782162339138736	11.8980035620175	0.47535935439346
21.625	16.75	0.227309555266836	0.850775932046088	-0.00564957676492704	11.7947153947653	0.497751210923444
21.875	16.75	0.266243327851423	0.851061285217758	-0.00311933542335216	11.6862661905568	0.523058163103425
22.125	16.75	0.309610802423576	0.850470361060612	-0.000409552834725688	11.5721381225538	0.551247021575324
22.375	16.75	0.357063060366862	0.849034729463472	0.00227423343016794	11.4518565682243	0.58209098923846
22.625	16.75	0.407906310081059	0.84684416257796	0.00473073957404618	11.3250303945532	0.615139101552688
22.875	16.75	0.46110829655234	0.844035941948308	0.0067937899007602	11.1913930947614	0.649720392759021
23.125	16.75	0.515372567790451	0.84077636397587	0.00835474269103299	11.0508367183438	0.684992169063793
23.375	16.75	0.569274187948035	0.837238924484412	0.00937136494224661	10.9034304882474	0.720028222166223
23.625	16.75	0.621427405834317	0.833584686985712	0.00986284543819319	10.7494188977896	0.753927813792306
23.875	16.75	0.670642779291103	0.829948993127472	0.00989481822002287	10.5891991550306	0.785917806539217
24.125	16.75	0.71603601329847	0.826435809709542	0.00956014689660804	10.4232830593193	0.815423408644005
24.375	16.75	0.757070270230986	0.823118335279878	0.00896067102056488	10.2522516107069	0.842095675650141
24.625	16.75	0.793536717802462	0.820043236252239	0.00819315699926726	10.0767108726715	0.865798866571601
24.875	16.75	0.825493672303086	0.817236093355384	0.00734054939211516	9.8972553676913	0.886570886997006
25.125	16.75	0.853188740786116	0.814706571123141	0.00646805621530991	9.71444201834657	0.904572681510975
25.375	16.75	0.876983538370207	0.812452727387972	0.00562282873718257	9.5287747241455	0.920039299940635
25.625	16.75	0.897292216656434	0.810464420082114	0.00483585458203677	9.34069780991341	0.933239940826682
25.875	16.75	0.914537472520662	0.808725967229289	0.00412490127349574	9.15059585181035	0.94444935713843
26.125	16.75	0.929122797002605	0.807218227095103	0.00349769353572038	8.95879746192978	0.953929818051693
26.375	16.75	0.94141747946917	0.805920218791958	0.00295483942800883	8.76558109607162	0.961921361654961
26.625	16.75	0.951750479992733	0.804810362177488	0.00249227578612054	8.57118153790418	0.968637811995277
26.875	16.75	0.960409830861654	0.803867394325557	0.00210317192642372	8.37579623562746	0.974266390060075
27.125	16.75	0.967645088631818	0.803071012551892	0.00177932622658643	8.17959106005232	0.978969307610682
27.375	16.75	0.973671183026375	0.802402292254216	0.00151213427500179	7.9827053140429	0.982886268967144
27.625	16.75	0.978672659984734	0.801843926148505	0.00129321931581744	7.78525597808112	0.986137228990077
27.875	16.75	0.982807772654773	0.801380327843395	0.00111481038813309	7.58734125669101	0.988825052225602
28.125	16.75	0.98621216662277	0.800997637193951	0.00096994053777046	7.38904352290612	0.9910379083048
28.375	16.75	0.989002078002666	0.800683658402246	0.00085252245483932	7.19043176309077	0.992851350701733
28.625	16.75	0.991277055079969	0.800427755294248	0.000757344802356805	6.99156361570765	0.99433008580198
28.875	16.75	0.993122256541414	0.800220722236291	0.000680020591336308	6.79248708330115	0.995529466751919
29.125	16.75	0.994610392991036	0.800054644087664	0.000616909516023703	6.59324198165721	0.996496755444173
29.375	16.75	0.995803376998694	0.799922754508877	0.00056502900919296	6.39386117611928	0.997272195049151
29.625	16.75	0.996753738542725	0.799819298801637	0.000521963544557724	6.19437164332586	0.997889930052771
29.875	16.75	0.997505852064943	0.79973940511712	0.000485777998772094	5.9947953873719	0.998378803842213
30.125	16.75	0.998097010924246	0.799678966182213	0.000454938322072313	5.79515023238682	0.99876305710076
30.375	16.75	0.998558375973524	0.799634532513492	0.00042824104938688	5.59545050841141	0.999062944382791
30.625	16.75	0.99891581770268	0.799603217289223	0.000404752073021872	5.39570764384976	0.999295281506742
30.875	16.75	0.999190665891787	0.799582612529514	0.000383754412380495	5.19593067530088	0.999473932829662
31.125	16.75	0.999400376805243	0.799570715914148	0.000364704321934519	4.99612668391735	0.999610244923408
31.375	16.75	0.999559125351688	0.799565867388373	0.000347194879880859	4.79630116633693	0.999713431478597
31.625	16.75	0.9996783280465	0.799566694624543	0.00033092612815543	4.59645834748479	0.999790913230225
31.875	16.75	0.999767101779122	0.799572066390273	0.000315680842444957	4.39660144199904	0.99984861615643
32.125	16.75	0.999832663077603	0.799581052896386	0.000301305066180731	4.19673287058429	0.999891231000442
32.375	16.75	0.999880672572384	0.799592892241867	0.000287692622930028	3.99685443717522	0.999922437172049
32.625	16.75	0.999915529487173	0.799606962126062	0.000274772913213702	3.79696747235687	0.999945094166663
32.875	16.75	0.99994062101213	0.799622756057874	0.000262501394722256	3.5970729480328	0.999961403657884
33.125	16.75	0.999958531153431	0.799639863367462	0.00025085223374688	3.39717156787752	0.99997304524973
33.375	16.75	0.999971213046781	0.79965795243671	0.000239812696703487	3.19726383769659	0.999981288480408
33.625	16.75	0.999980128016596	0.799676756723423	0.000229378922357926	2.99735011947306	0.999987083210787
33.875	16.75	0.999986354523346	0.799696063339259	0.000219552777605938	2.79743067257521	0.999991130440175
34.125	16.75	0.999990671497374	0.799715704065117	0.000210339553917513	2.59750568520327	0.999993936473293
34.375	16.75	0.9999936239243	0.799735548594353	0.000201746310548889	2.3975752984367	0.999995855550795
34.625	16.75	0.999995582815127	0.799755499335255	0.000193780717227845	2.19763962401921	0.999997128829832
34.875	16.75	0.999996812949361	0.799775486317394	0.000186450293639366	1.99769875542326	0.999997928417085
35.125	16.75	0.99999755356292	0.799795460098575	0.000179761979294524	1.79775277057845	0.999998409815898
35.375	16.75	0.999998094043724	0.799815381068778	0.000173721979945337	1.59780172551217	0.999998761128421
35.625	16.75	0.99999879215569	0.799835206412451	0.000168335804092532	1.39784564275034	0.999999214901198
35.875	16.75	0.999999958227812	0.799854881562639	0.000163608315422607	1.19788450673795	0.999999972848078
36.125	16.75	1.00000155831982	0.799874349001142	0.000159543518382225	0.997918286616051	1.00000101290788
36.375	16.75	1.00000281984782	0.799893587510495	0.000156143779906212	0.797947004408609	1.00000183290108
36.625	16.75	1.0000020575985	0.799912680426493	0.000153408467756565	0.597970840708182	1.00000133743903
36.875	16.75	0.999997264670082	0.799931879552852	0.000151332733699127	0.397990213990551	0.999998222035553
37.125	16.75	0.999987958798121	0.79995445504389	0.000149908473642648	0.198005700723989	0.999992173218779
37.375	16.75	0.999978074594549	0.399964644071331	0.000149158150953522	-0.00198380310169955	0.999985748486457
0.125	17.25	-3.74395479881408e-12	0.399997167931054	-5.61419571973875e-05	18.0166745593932	0.349999999997566
0.375	17.25	-5.71917909344727e-12	0.799991497315812	-5.62053945690338e-05	17.9466750550067	0.349999999996283
0.625	17.25	-7.58355640154603e-12	0.79998580724858	-5.63323428789985e-05	17.8766760473672	0.349999999995071
0.875	17.25	-6.74272244645845e-12	0.799980084718395	-5.65229464930893e-05	17.8066775387448	0.349999999995617
1.125	17.25	-1.32550739685539e-13	0.799974316651336	-5.67774152116404e-05	17.7366795325497	0.349999999999914
1.375	17.25	1.50210556045168e-11	0.799968489885464	-5.70960160620475e-05	17.6666820333392	0.350000000009764
1.625	17.25	3.98041342448166e-11	0.799962591146788	-5.7479062007007e-05	17.5966850468262	0.350000000025873
1.875	17.25	7.18028745178506e-11	0.799956607026456	-5.79268976865322e-05	17.5266885798906	0.350000000046672
2.125	17.25	1.03328524454965e-10	0.799950523959187	-5.84398816713699e-05	17.4566926405923	0.350000000067163
2.375	17.25	1.20353348075489e-10	0.7999443282029	-5.90183651582186e-05	17.3866972381873	0.35000000007823
2.625	17.25	1.02964709211479e-10	0.799938005820555	-5.96626665272491e-05	17.3167023831442	0.350000000066927
2.875	17.25	2.81116728572767e-11	0.799931542664228	-6.03730419178164e-05	17.2467080871628	0.350000000018273
3.125	17.25	-1.24818189846649e-10	0.799924924361484	-6.11496504860505e-05	17.1767143631939	0.349999999918868
3.375	17.25	-3.65496673113154e-10	0.79991813630554	-6.19925149392938e-05	17.1067212254577	0.349999999762427
3.625	17.25	-6.81773165926671e-10	0.799911163649306	-6.29014758377308e-05	17.0367286894636	0.349999999556847
3.875	17.25	-1.02781185145207e-09	0.799903991304295	-6.38761396592341e-05	16.9667367720271	0.349999999331922
4.125	17.25	-1.31373428920075e-09	0.799896603945589	-6.4915819540551e-05	16.8967454912861	0.349999999146073
4.375	17.25	-1.40052720261616e-09	0.799888986024736	-6.60194684362891e-05	16.8267548667146	0.349999999089657
4.625	17.25	-1.10519645161727e-09	0.799881121791536	-6.71856031616638e-05	16.7567649191354	0.349999999281622
4.875	17.25	-2.21820494165954e-10	0.799872995328678	-6.84122193083465e-05	16.6867756707311	0.349999999855817
5.125	17.25	1.43640676826445e-09	0.799864590601287	-6.96966954710304e-05	16.6167871450566	0.350000000933664
5.375	17.25	3.97149801950502e-09	0.799855891526151	-7.10356863251204e-05	16.5467993670521	0.350000002581474
5.625	17.25	7.3133542634609e-09	0.799846882065033	-7.24250035735918e-05	16.4768123630604	0.35000000475368
5.875	17.25	1.11194545049503e-08	0.799837546346423	-7.38594836848838e-05	16.4068261608469	0.350000007227645
6.125	17.25	1.46781922742507e-08	0.799827868822716	-7.53328421053861e-05	16.3368407896208	0.350000009540825
6.375	17.25	1.68407500410083e-08	0.799817834467862	-7.68375133612427e-05	16.2668562800532	0.350000010946487
6.625	17.25	1.60135240162393e-08	0.799807429023053	-7.83644767000814e-05	16.1968726642818	0.350000010408791
6.875	17.25	1.02474780691516e-08	0.799796639298453	-7.99030681402266e-05	16.126889975887	0.350000006660861
7.125	17.25	-2.53930706222007e-09	0.799785453539812	-8.14407796957748e-05	16.0569082498214	0.34999999834945
7.375	17.25	-2.41758486541988e-08	0.799773861871047	-8.29630477896664e-05	15.9869275222636	0.349999984285698
7.625	17.25	-5.56728840379794e-08	0.799761856826129	-8.44530346280906e-05	15.9169478303697	0.349999963812625
7.875	17.25	-9.64835842238606e-08	0.799749433986055	-8.58914069742818e-05	15.8469692118876	0.34999993728567
8.125	17.25	-1.43626818831295e-07	0.79973659274072	-8.72561202196793e-05	15.7769917046044	0.349999906642568
8.375	17.25	-1.90748794286747e-07	0.79972333719997	-8.85222179120458e-05	15.7070153455999	0.349999876013284
8.625	17.25	-2.27246201242311e-07	0.799709677283225	-8.96616618404725e-05	15.6370401702904	0.349999852289969
8.875	17.25	-2.37628134848352e-07	0.799695630024199	-9.06432132790512e-05	15.567066211264	0.349999845541712
9.125	17.25	-2.01353172724482e-07	0.799681221134874	-9.1432394395974e-05	15.4970934969302	0.349999869120438
9.375	17.25	-9.34391438658525e-08	0.799666486883849	-9.19915697950828e-05	15.4271220500391	0.349999939264556
9.625	17.25	1.13798652498991e-07	0.799651476356802	-9.22802032116916e-05	15.3571518861614	0.350000073969124
9.875	17.25	4.4747787089487e-07	0.799636254185493	-9.22553646232712e-05	15.2871830122633	0.350000290860616
10.125	17.25	9.28922065778202e-07	0.799620903852304	-9.18725897339642e-05	15.217215425559	0.350000603799343
10.375	17.25	1.56606983176686e-06	0.799605531707706	-9.10872294022782e-05	15.147249112866	0.350001017945391
10.625	17.25	2.34320300380007e-06	0.79959027187255	-8.98564717825335e-05	15.0772840507263	0.350001523081952
10.875	17.25	3.20786926485511e-06	0.799575292238846	-8.81422791959425e-05	15.007320206573	0.350002085115022
11.125	17.25	4.05521028215763e-06	0.799560801833187	-8.59155550430189e-05	14.9373575411993	0.350002635886683
11.375	17.25	4.71042823021684e-06	0.799547059857673	-8.31619485860432e-05	14.8673960127077	0.35000306177835
11.625	17.25	4.91087074238421e-06	0.799534386780209	-7.98898179052914e-05	14.7974355819517	0.350003192065983
11.875	17.25	4.29021500469653e-06	0.799523177894824	-7.614100656071e-05	14.7274762191983	0.350002788639753
12.125	17.25	2.36849234778289e-06	0.799513919816763	-7.20052492433253e-05	14.6575179113052	0.350001539520026
12.375	17.25	-1.44681066985465e-06	0.799507210402331	-6.76392038153569e-05	14.5875606680893	0.349999059573065
12.625	17.25	-7.84167845583705e-06	0.799503782584545	-6.32913092243392e-05	14.5176045257342	0.349994902909004
12.875	17.25	-1.75499154291068e-05	0.799504532586594	-5.93338813570938e-05	14.4476495440377	0.349988592554971
13.125	17.25	-3.12707254316596e-05	0.799510552899751	-5.63040665179726e-05	14.3776957930321	0.349979674028469
13.375	17.25	-4.95380727937145e-05	0.799523170289391	-5.49554484336166e-05	14.3077433230639	0.349967800252684
13.625	17.25	-7.25296904717055e-05	0.799543988905075	-5.63222094172391e-05	14.2377921108448	0.349952855701193
13.875	17.25	-9.98037231053631e-05	0.799574938308829	-6.17977204579469e-05	14.1678419723903	0.349935127579982
14.125	17.25	-0.000129952123738484	0.799618325885127	-7.3229194949768e-05	14.0978924322603	0.34991553111957
14.375	17.25	-0.000160162180980815	0.799676892635627	-9.30294749397679e-05	14.0279425372576	0.349895894582362
14.625	17.25	-0.000185680930902892	0.799753870768972	-0.000124305980581109	13.9579906018898	0.349879307394913
14.875	17.25	-0.000199181532950072	0.799853040739429	-0.000171005162471309	13.8880338725835	0.349870532003582
15.125	17.25	-0.000190035603361032	0.799978784433813	-0.00023806823745319	13.8180680979978	0.349876476857815
15.375	17.25	-0.000143500462139946	0.800136130017592	-0.000331590325297262	13.7480869938389	0.349906724699609
15.625	17.25	-3.98345740352713e-05	0.800330782496852	-0.000458970098038195	13.6780815923331	0.349974107526877
15.875	17.25	0.000146642608018164	0.800569132318126	-0.000629030508606997	13.6080394688299	0.350095317695212
16.125	17.25	0.00044852937927774	0.800858232325218	-0.000852082986645715	13.5379438406708	0.350291544096531
16.375	17.25	0.000906343943633121	0.801205731188517	-0.00113989778063238	13.4677725361656	0.350589123563362
16.625	17.25	0.00156953962394535	0.80161974915022	-0.00150553232545249	13.3974968339074	0.351020200755564
16.875	17.25	0.00249753026624756	0.802108679832782	-0.00196295856450899	13.3270801743578	0.351623394673061
17.125	17.25	0.00376073254679046	0.802680900312548	-0.00252642072051432	13.2564767463396	0.352444476155414
17.375	17.25	0.00544164228589434	0.803344371225567	-0.00320944970979941	13.18562995058	0.353537067485831
17.625	17.25	0.00763597140067898	0.804106110128405	-0.0040234630328301	13.1144707407449	0.354963381410441
17.875	17.25	0.0104538787163986	0.804971525744138	-0.00497589466494245	13.0429158397104	0.356795021165659
18.125	17.25	0.0140213291466254	0.805943609420908	-0.00606783456613257	12.970865825595	0.359113863945306
18.375	17.25	0.0184816090904072	0.807021994721661	-0.00729121900667075	12.8982030790693	0.362013045908765
18.625	17.25	0.023997008058163	0.808201918167949	-0.00862570758201683	12.8247895816756	0.365598055237806
18.875	17.25	0.0307506429572425	0.809473144985339	-0.010035514488561	12.7504645556922	0.369987917922208
19.125	17.25	0.0389483447968361	0.810818963109472	-0.0114666279969328	12.675041941395	0.375316424117943
19.375	17.25	0.0488204355653638	0.812215393920397	-0.0128450393899625	12.5983077203629	0.381733283117486
19.625	17.25	0.0606230763351518	0.813630812063464	-0.0140767796409971	12.5200171186448	0.389404999617849
19.875	17.25	0.0746386392631992	0.815026196509817	-0.0150506737651452	12.4398917691716	0.398515115521079
20.125	17.25	0.0911742163836691	0.816356232381643	-0.0156446871675407	12.3576169911976	0.409263240649385
20.375	17.25	0.110556911122919	0.817571427294725	-0.0157364520815274	12.2728394727116	0.421861992229897
20.625	17.25	0.13312399803398	0.818621281370885	-0.0152179235685037	12.1851658379461	0.436530598722087
20.875	17.25	0.159205523534392	0.819458356965861	-0.0140130747027697	12.094162856157	0.453483590297355
21.125	17.25	0.189096771674681	0.820042859040237	-0.0120961872177145	11.9993603817269	0.472912901588543
21.375	17.25	0.223018756370154	0.820347114058784	-0.00950694525236219	11.9002584351192	0.4949621916406
21.625	17.25	0.261067155959823	0.820359192074343	-0.00635777817135562	11.7963399821394	0.519693651373885
21.875	17.25	0.30315428053531	0.820084909541769	-0.00282943122904591	11.6870907065552	0.547050282347951
22.125	17.25	0.348954334752513	0.819547607397285	0.000846977164464294	11.5720261451952	0.576820317589134
22.375	17.25	0.39786755605176	0.818785428485226	0.00441942189323294	11.4507248550002	0.608613911433644
22.625	17.25	0.449020521690284	0.817846318740424	0.0076500582154775	11.3228640484526	0.641863339098685
22.875	17.25	0.50131476206665	0.816781602050267	0.0103477251491515	11.1882520752575	0.675854595343323
23.125	17.25	0.553523135543073	0.815639538488487	0.012390252961822	11.0468512540578	0.709790038102998
23.375	17.25	0.604417218782742	0.814460442870863	0.013732303327312	10.8987856713146	0.742871192208782
23.625	17.25	0.65289690258145	0.813274462757765	0.0143990032626596	10.7443316600211	0.774382986677943
23.875	17.25	0.698092136705492	0.81210212009737	0.014469371507083	10.5838927241238	0.80375988885857
24.125	17.25	0.739417160428446	0.810956730160657	0.0140552110211861	10.4179641121526	0.83062115427849
24.375	17.25	0.776573872143445	0.809847359435244	0.0132806891810869	10.2470938240119	0.854773016893239
24.625	17.25	0.809515197090334	0.808781208237383	0.0122660619949064	10.0718462848619	0.876184878108717
24.875	17.25	0.838386239502618	0.807764913124931	0.0111169430034099	9.89277290038067	0.894951055676702
25.125	17.25	0.86346037804496	0.806804845155909	0.0099188954032439	9.7103912630591	0.911249245729224
25.375	17.25	0.885082306457453	0.805906789827574	0.0087362096774899	9.5251727566756	0.925303499197345
25.625	17.25	0.903623875381192	0.805075425583259	0.00761344819549045	9.33753708686236	0.937355518997775
25.875	17.25	0.919453734414807	0.804313890892649	0.00657847027179046	9.14785182066265	0.947644927369625
26.125	17.25	0.932918933298028	0.80362357042648	0.00564596984917421	8.95643510874016	0.956397306643718
26.375	17.25	0.944335542047115	0.803004110061755	0.00482090356175854	8.7635601233183	0.963818102330625
26.625	17.25	0.953985359608779	0.802453606458539	0.00410147575991171	8.56946017238254	0.970090483745706
26.875	17.25	0.962116314660095	0.80196889848785	0.00348155225025264	8.37433383269935	0.975375604529062
27.125	17.25	0.968944830139935	0.801545895650808	0.0029525012481491	8.17834973644858	0.979814139590958
27.375	17.25	0.974659023040697	0.801179896832614	0.00250452656943457	7.98165084597097	0.983528364976453
27.625	17.25	0.979422070301387	0.800865871579138	0.00212758429051405	7.78435817446398	0.986624345695902
27.875	17.25	0.983375387795166	0.800598691197306	0.0018119764453354	7.58657397843152	0.989194002066858
28.125	17.25	0.986641468849519	0.80037330731509	0.00154870550938797	7.38838447925073	0.991316954752187
28.375	17.25	0.989326344054899	0.800184881659321	0.00132965886669287	7.18986218087069	0.993062123635684
28.625	17.25	0.991521683848426	0.800028873815681	0.00114767737645103	6.99106784841506	0.994489094501477
28.875	17.25	0.993306590988062	0.799901094702071	0.000996548624799095	6.79205220469882	0.99564928414224
29.125	17.25	0.994749136290775	0.799797733263413	0.000870954246615052	6.59285739214351	0.996586938589003
29.375	17.25	0.995907687320097	0.799715363072405	0.000766391911431134	6.39351823830902	0.997339996758063
29.625	17.25	0.99683207175102	0.799650934467862	0.000679085931246062	6.19406335519863	0.997940846638163
29.875	17.25	0.997564608123313	0.799601756792097	0.000605895591161012	5.99451609595436	0.998416995280154
30.125	17.25	0.998141028287997	0.799565474309666	0.000544226843554805	5.79489538752125	0.998791668387198
30.375	17.25	0.998591308805191	0.799540038544867	0.000491950603374074	5.59521645413486	0.999084350723374
30.625	17.25	0.998940423088036	0.799523679074689	0.000447329257170029	5.39549144382888	0.999311275007223
30.875	17.25	0.999209022144394	0.799514874247233	0.000408951933687032	5.19572996831783	0.999485864393856
31.125	17.25	0.99941404914354	0.799512322847903	0.000375678413770391	4.995939565354	0.999619131943301
31.375	17.25	0.999569291474348	0.7995149173884	0.000346591160366713	4.79612609179933	0.999720039458326
31.625	17.25	0.999685873208961	0.799521719429325	0.000320954737171613	4.59629405503803	0.999795817585824
31.875	17.25	0.999772690712597	0.799531937149644	0.000298181794296174	4.39644688987353	0.999852248963188
32.125	17.25	0.999836794348731	0.799544905229894	0.000277804786921297	4.19658718761998	0.999893916326675
32.375	17.25	0.999883719643709	0.799560067006009	0.000259452628153557	3.99671688366326	0.999924417768411
32.625	17.25	0.999917771713982	0.799576958768042	0.000242831539086039	3.79683740930141	0.999946551614088
32.875	17.25	0.999942267028944	0.799595196018961	0.000227709433918421	3.59694981318159	0.999962473568813
33.125	17.25	0.999959736507644	0.799614461483277	0.000213903257197897	3.39705485715589	0.999973828729968
33.375	17.25	0.999972093484284	0.799634494679601	0.000201268768394513	3.19715309092524	0.999981860764785
33.625	17.25	0.999980769481534	0.799655082957621	0.00018969234321986	2.99724490945939	0.999987500162997
33.875	17.25	0.999986820675783	0.799676054024358	0.000179084428958399	2.79733059684299	0.999991433439259
34.125	17.25	0.999991009358881	0.799697270057848	0.000169374350607658	2.59741035977099	0.999994156083273
34.375	17.25	0.999993868117092	0.799718623371795	0.00016050621340299	2.39748435317426	0.99999601427611
34.625	17.25	0.999995758753759	0.799740033101798	0.000152435684105853	2.19755269920979	0.999997243189944
34.875	17.25	0.999996939265576	0.799761441569917	0.000145127460633083	1.99761549923501	0.999998010522624
35.125	17.25	0.999997643981593	0.799782808314028	0.000138553265852395	1.79767283721242	0.999998468588035
35.375	17.25	0.999998158859664	0.799804100250087	0.00013269023990569	1.5977247738421	0.999998803258781
35.625	17.25	0.999998839354558	0.79982527928635	0.000127519666835426	1.39777133531358	0.999999245580463
35.875	17.25	0.999999994125278	0.799846294272601	0.00012302604651581	1.19781250898478	0.999999996181431
36.125	17.25	1.00000158740389	0.799867090188304	0.000119196569878069	0.997848266387204	1.00000103181253
36.375	17.25	1.00000284350052	0.799887647730243	0.000116021005335664	0.79787863168384	1.00000184827534
36.625	17.25	1.00000207194487	0.799908051895279	0.00011349181068069	0.597903787706516	1.00000134676416
36.875	17.25	0.99999725936839	0.799928556379507	0.000111604012921734	0.397924155604572	0.999998218589453
37.125	17.25	0.999987920954557	0.799952449557364	0.000110354453236759	0.19794031482023	0.999992148620462
37.375	17.25	0.999978003336685	0.39996387593042	0.000109742325532198	-0.00204884509666429	0.999985702168845
0.125	17.75	-3.72940309716787e-12	0.399997117453433	-4.47127298616656e-05	18.0166833914677	0.349999999997576
0.375	17.75	-5.70266695625704e-12	0.799991345834925	-4.47501514753796e-05	17.9466838959139	0.349999999996293
0.625	17.75	-7.57151135734858e-12	0.799985554622596	-4.48250223997701e-05	17.8766849059482	0.349999999995079
0.875	17.75	-6.75046259807271e-12	0.799979730719467	-4.49373957619809e-05	17.806686423857	0.349999999995612
1.125	17.75	-1.83395724425687e-13	0.79997386097825	-4.50873455480344e-05	17.7366884530743	0.349999999999881
1.375	17.75	1.4900332585503e-11	0.799967932181872	-4.52749596682631e-05	17.6666909981862	0.350000000009685
1.625	17.75	3.95931701616017e-11	0.799961931024808	-4.5500330595048e-05	17.596694064939	0.350000000025736
1.875	17.75	7.15032827874231e-11	0.799955844096485	-4.57635433935399e-05	17.5266976602473	0.350000000046477
2.125	17.75	1.02983431352338e-10	0.799949657865897	-4.60646611091403e-05	17.4567017922045	0.350000000066939
2.375	17.75	1.20066450229334e-10	0.799943358668128	-4.6403707292202e-05	17.3867064700951	0.350000000078043
2.625	17.75	1.02911805457666e-10	0.799936932693804	-4.67806453674717e-05	17.3167117044078	0.350000000066893
2.875	17.75	2.85360881017185e-11	0.799930365980625	-4.71953548041526e-05	17.2467175068488	0.350000000018548
3.125	17.75	-1.23634624004043e-10	0.799923644409285	-4.76476038735126e-05	17.1767238903561	0.349999999919637
3.375	17.75	-3.63293186218773e-10	0.79991675370257	-4.81370184166205e-05	17.1067308691122	0.349999999763859
3.625	17.75	-6.78402245741517e-10	0.799909679429943	-4.86630469197138e-05	17.0367384585562	0.349999999559039
3.875	17.75	-1.02336058075798e-09	0.799902407017804	-4.92249210728948e-05	16.9667466753926	0.349999999334816
4.125	17.75	-1.30866438802107e-09	0.799894921766415	-4.98216120159924e-05	16.8967555375992	0.349999999149368
4.375	17.75	-1.39581519322514e-09	0.799887208875748	-5.04517817579085e-05	16.8267650644298	0.34999999909272
4.625	17.75	-1.1024464302341e-09	0.799879253481607	-5.11137299701898e-05	16.756775276416	0.34999999928341
4.875	17.75	-2.2331323631643e-10	0.799871040704369	-5.18053354340044e-05	16.6867861953655	0.349999999854846
5.125	17.75	1.42777196957552e-09	0.79986255571413	-5.25239930173795e-05	16.6167978443605	0.350000000928052
5.375	17.75	3.95241736030321e-09	0.799853783815509	-5.32665456752852e-05	16.5468102477557	0.350000002569071
5.625	17.75	7.28053926829158e-09	0.799844710556407	-5.40292123012963e-05	16.4768234311784	0.35000000473235
5.875	17.75	1.1070302387321e-08	0.799835321865544	-5.4807511994936e-05	16.4068374215306	0.350000007195697
6.125	17.75	1.46117351378943e-08	0.799825604223097	-5.55961859790896e-05	16.3368522469912	0.350000009497628
6.375	17.75	1.67588826091454e-08	0.79981554487065	-5.63891188265397e-05	16.2668679370126	0.350000010893274
6.625	17.75	1.59224749908849e-08	0.799805132065303	-5.71792614918297e-05	16.1968845223042	0.350000010349609
6.875	17.75	1.01594637901819e-08	0.799794355384649	-5.79585593034438e-05	16.1269020347867	0.350000006603651
7.125	17.75	-2.60430862498936e-09	0.799783206089209	-5.87178896208773e-05	16.0569205074985	0.349999998307199
7.375	17.75	-2.4188226410832e-08	0.799771677550531	-5.9447015180642e-05	15.9869399744287	0.349999984277653
7.625	17.75	-5.55913675453043e-08	0.799759765753575	-6.0134560527943e-05	15.9169604702485	0.349999963865611
7.875	17.75	-9.62529068979016e-08	0.799747469884688	-6.0768022569417e-05	15.8469820299092	0.34999993743561
8.125	17.75	-1.43174856023025e-07	0.799734793017652	-6.13338279140734e-05	15.7770046880786	0.349999906936344
8.375	17.75	-1.89983048865482e-07	0.79972174291345	-6.18174548262134e-05	15.7070284783908	0.349999876511018
8.625	17.75	-2.26049905998332e-07	0.799708332951643	-6.22036423611503e-05	15.6370534324985	0.349999853067561
8.875	17.75	-2.35857170483995e-07	0.799694583214548	-6.24767165306786e-05	15.5670795789324	0.349999846692839
9.125	17.75	-1.98836736778807e-07	0.799680521749172	-6.26210728077877e-05	15.4971069417976	0.349999870756121
9.375	17.75	-8.99899485821758e-08	0.799666186036703	-6.26218668022474e-05	15.4271355393714	0.349999941506533
9.625	17.75	1.1835465330346e-07	0.799651624703387	-6.24659816117764e-05	15.3571653827035	0.350000076930525
9.875	17.75	4.53236458416505e-07	0.79963689951542	-6.21433627252054e-05	15.2871964743711	0.350000294603698
10.125	17.75	9.35777418001399e-07	0.799622087706816	-6.16488399087838e-05	15.2172288075894	0.350000608255322
10.375	17.75	1.5735015783309e-06	0.799607284700536	-6.0984593014668e-05	15.1472623659323	0.350001022776026
10.625	17.75	2.3499341728248e-06	0.799592607292878	-6.01634663477135e-05	15.0772971239629	0.350001527457212
10.875	17.75	3.21134949574807e-06	0.799578197381248	-5.92133958775548e-05	15.0073330490991	0.350002087377172
11.125	17.75	4.05087798424e-06	0.799564226322337	-5.81832879309055e-05	14.937370105035	0.35000263307069
11.375	17.75	4.69071528603426e-06	0.799550900005584	-5.71507777809802e-05	14.8674082569731	0.350003048964936
11.625	17.75	4.86394155339743e-06	0.799538464713712	-5.62324038982407e-05	14.7974474787789	0.35000316156201
11.875	17.75	4.1984891196311e-06	0.799527213806843	-5.55968585704531e-05	14.727487761911	0.350002729017928
12.125	17.75	2.20710186271489e-06	0.799517495202785	-5.54821161388116e-05	14.6575291255713	0.350001434616211
12.375	17.75	-1.71131053665899e-06	0.799509719525017	-5.62173940644238e-05	14.5875716269344	0.349998887648151
12.625	17.75	-8.2517671000656e-06	0.799504368640231	-5.82510602663901e-05	14.5176153695212	0.349994636351385
12.875	17.75	-1.81557653876718e-05	0.799502004101402	-6.21857510882097e-05	14.4476605067667	0.349988198752498
13.125	17.75	-3.21255304452392e-05	0.799503274745484	-6.88220871036992e-05	14.3777072365944	0.349979118405211
13.375	17.75	-5.0687718776267e-05	0.799508922360117	-7.92124388186378e-05	14.3077557813858	0.349967052982795
13.625	17.75	-7.39933471269604e-05	0.799519783936543	-9.47261579206836e-05	14.237806346165	0.349951904324368
13.875	17.75	-0.000101540458108424	0.799536788572546	-0.000117127492349169	14.1678590462052	0.349933998702229
14.125	17.75	-0.000131806696214739	0.799560946593787	-0.000148666965022055	14.0979137937048	0.34991432564746
14.375	17.75	-0.000161780662479973	0.799593327954719	-0.000192186213653321	14.0279701318141	0.349894842569388
14.625	17.75	-0.000186383638965821	0.799635026494971	-0.000251235033307094	13.9580270032562	0.349878850634672
14.875	17.75	-0.000197776867757797	0.799687106222018	-0.000330197479993895	13.8880824401944	0.349871445035957
15.125	17.75	-0.000184553705286359	0.799750525540459	-0.000434421207909826	13.8181331619468	0.349880040091564
15.375	17.75	-0.000130820162814075	0.79982603535176	-0.000570340540182353	13.7481740676595	0.349914966894171
15.625	17.75	-1.51709803439798e-05	0.79991404734183	-0.000745578941798439	13.6781976120718	0.349990138862776
15.875	17.75	0.00019042918059142	0.800014469719448	-0.000969010453515607	13.6081930539042	0.350123778967384
16.125	17.75	0.000521849166618164	0.800126509374769	-0.00125075224544026	13.5381455679221	0.350339201958302
16.375	17.75	0.00102407056376399	0.800248442120736	-0.00160205194533179	13.4680352130955	0.350665645866447
16.625	17.75	0.00175253743102053	0.800377356604348	-0.00203502429548854	13.3978357501288	0.351139149330163
16.875	17.75	0.00277457629990427	0.800508882845234	-0.00256218298513751	13.32751330168	0.351803474594938
17.125	17.75	0.00417089163961256	0.800636923307993	-0.00319570687263167	13.2570248476162	0.352711079565748
17.375	17.75	0.00603714594078766	0.800753412915983	-0.00394637786016104	13.1863165456522	0.353924144861512
17.625	17.75	0.00848563349128708	0.80084814417259	-0.00482213416694274	13.1153218649673	0.355515661769337
17.875	17.75	0.0116470495927183	0.800908703889893	-0.00582620269670544	13.0439595175419	0.357570582235267
18.125	17.75	0.0156723385602081	0.800920577724676	-0.00695481379867712	12.9721311701137	0.360187020064135
18.375	17.75	0.0207345698790534	0.800867485927416	-0.00819456768584475	12.8997189204422	0.363477470421385
18.625	17.75	0.0270307370924752	0.800732015797103	-0.00951961983304759	12.8265825272254	0.367569979110109
18.875	17.75	0.0347832920124422	0.80049660989806	-0.0108889848079163	12.752556396441	0.372609139808087
19.125	17.75	0.0442411099306461	0.800144950040428	-0.0122444180507307	12.6774463518576	0.37875672145492
19.375	17.75	0.0556794206883542	0.79966374096892	-0.0135095030424678	12.6010262588057	0.38619162344743
19.625	17.75	0.0693980274439937	0.799044840763964	-0.0145907069024189	12.5230346341452	0.395108717838596
19.875	17.75	0.0857168680283022	0.798287605288216	-0.0153812066312941	12.4431714691154	0.405715964218396
20.125	17.75	0.104967670964159	0.797401214165651	-0.0157681462973007	12.361095623098	0.418228986126703
20.375	17.75	0.127480181039525	0.796406636001541	-0.0156435744837442	12.2764233202935	0.432862117675691
20.625	17.75	0.153561315624543	0.795337792245094	-0.0149185774244903	12.1887284936051	0.449814855155953
20.875	17.75	0.183465906353704	0.794241426827992	-0.0135391044560741	12.0975459455575	0.469252839129908
21.125	17.75	0.217358722333483	0.793175227502871	-0.0115008709443888	12.0023784737194	0.491283169516764
21.375	17.75	0.255269595511169	0.792203918982418	-0.00885989262647746	11.9027091282501	0.51592523708226
21.625	17.75	0.297046752957253	0.79139338002627	-0.00573513907126036	11.7980194791543	0.543080389422214
21.875	17.75	0.342317349277803	0.790803300990275	-0.00230088565700585	11.6878140187876	0.572506277030572
22.125	17.75	0.390467212498644	0.790479403248586	0.00123139481561157	11.5716495556135	0.603803688124119
22.375	17.75	0.440651788534813	0.79044663440768	0.00463889601410361	11.4491668328681	0.636423662547628
22.625	17.75	0.491845351083295	0.790704855617806	0.00771596664036744	11.3201200884932	0.669699478204142
22.875	17.75	0.542925848381974	0.791228212791946	0.0102991468728044	11.1843995225473	0.702901801448283
23.125	17.75	0.592781371725281	0.791968618581717	0.0122836720873438	11.0420422250946	0.735307891621433
23.375	17.75	0.640416253861204	0.792862746041679	0.0136288977898498	10.8932291400321	0.766270565009783
23.625	17.75	0.685034416503548	0.793841003016648	0.0143531295485092	10.7382685383869	0.795272370727306
23.875	17.75	0.726085162580469	0.794836498851542	0.0145207509337718	10.57756923773	0.821955355677305
24.125	17.75	0.763268387899877	0.795792217003744	0.0142256590946087	10.4116084862037	0.84612445213492
24.375	17.75	0.796506807643807	0.796665337903364	0.0135748021202353	10.2408996177601	0.867729424968475
24.625	17.75	0.825898529524725	0.797428559894854	0.0126745050587017	10.0659635157491	0.886834044191071
24.875	17.75	0.851663565593996	0.798068983874302	0.0116208746360232	9.88730622820734	0.903581317636098
25.125	17.75	0.874094462731681	0.798585475365339	0.0104943707038823	9.70540341205141	0.918161400775593
25.375	17.75	0.893516621758701	0.798985415001507	0.00935786360883428	9.52069105767685	0.930785804143156
25.625	17.75	0.910259893590831	0.79928153089872	0.00825717382460176	9.33356128039375	0.94166893083404
25.875	17.75	0.924640465422354	0.799489223452337	0.00722309662728678	9.14436177523823	0.95101630252453
26.125	17.75	0.93695085407681	0.799624545817281	0.00627410105103034	8.95339764822861	0.959018055149927
26.375	17.75	0.947455606719492	0.79970283387632	0.00541913653233785	8.76093459785226	0.96584614436767
26.625	17.75	0.956390623764072	0.79973788810151	0.00466020709641867	8.56720271045451	0.971653905446647
26.875	17.75	0.963964526977405	0.799741577003806	0.00399454815438123	8.3724003889086	0.976576942535313
27.125	17.75	0.97036099884576	0.799723734959614	0.00341635926771556	8.17669813126007	0.980734649249744
27.375	17.75	0.975741428835139	0.799692247564713	0.00291811602727891	7.98024201407507	0.98423192874284
27.625	17.75	0.980247497745693	0.799653243151288	0.00249151853547456	7.7831568238651	0.987160873534701
27.875	17.75	0.984003525624783	0.79961133310407	0.00212814533127447	7.58554883200471	0.989602291656109
28.125	17.75	0.987118525633744	0.799569863328313	0.00181987972978144	7.3875082357413	0.991627041661934
28.375	17.75	0.989687969768599	0.799531154071122	0.00155916721702634	7.18911129943541	0.993297180349589
28.625	17.75	0.991795301771492	0.799496715770996	0.00133915195525369	6.99042223263436	0.99466694615147
28.875	17.75	0.993513241898216	0.799467435586714	0.00115372996614096	6.79149483932067	0.995783607233841
29.125	17.75	0.994904926720805	0.799443733638098	0.000997547299990098	6.59237396838468	0.996688202368523
29.375	17.75	0.996024920637668	0.799425690551347	0.000865963866278978	6.39309679060543	0.997416198414484
29.625	17.75	0.996920127630919	0.799413149239647	0.000754997596176777	6.19369392300093	0.997998082960098
29.875	17.75	0.997630623896878	0.799405794402959	0.000661259044076008	5.99419041768844	0.998459905532971
30.125	17.75	0.99819042517613	0.799403213304279	0.000581883162252915	5.7946066294698	0.998823776364484
30.375	17.75	0.998628197259556	0.799404941177508	0.000514462548674273	5.59495897417427	0.999108328218711
30.625	17.75	0.998967914267021	0.799410494278144	0.000456984750422443	5.39526058823189	0.999329144273564
30.875	17.75	0.999229466739997	0.799419393186397	0.00040777502098928	5.19552189886998	0.999499153380998
31.125	17.75	0.999429220135705	0.799431178564436	0.000365445133992959	4.99575111358525	0.999628993088208
31.375	17.75	0.99958052371412	0.799445421185407	0.000328848338536933	4.79595463702147	0.999727340414178
31.625	17.75	0.999694169838575	0.79946172770637	0.000297040219798783	4.59613742297864	0.999801210395074
31.875	17.75	0.999778804163245	0.799479743356691	0.000269245042218362	4.39630326891933	0.999856222706109
32.125	17.75	0.999841287887912	0.799499152455644	0.00024482705796872	4.19645505996822	0.999896837127143
32.375	17.75	0.999887014066726	0.799519677453464	0.000223266229194116	3.99659496898899	0.999926559143372
32.625	17.75	0.999920180705792	0.799541077003665	0.00020413781661517	3.79672461885707	0.999948117458765
32.875	17.75	0.999944023896445	0.799563143421364	0.000187095314946919	3.59684521253757	0.999963615532689
33.125	17.75	0.999961014347939	0.799585699772536	0.000171856257204166	3.39695763605863	0.99997465932616
33.375	17.75	0.999973020372343	0.799608596789742	0.000158190459545482	3.19706253898835	0.999982463242023
33.625	17.75	0.999981439898483	0.799631709831606	0.000145910331854421	2.99716039661149	0.999987935934014
33.875	17.75	0.999987304124935	0.799654936172043	0.000134862932543527	2.79725155763451	0.999991747681208
34.125	17.75	0.999991356895465	0.799678192931725	0.000124923493171769	2.5973362807934	0.999994381982052
34.375	17.75	0.999994117313888	0.799701415792206	0.000115990171462086	2.39741476297543	0.999996176254027
34.625	17.75	0.999995937417801	0.799724558112984	0.000107979804303539	2.19748716020596	0.99999735932157
34.875	17.75	0.999997068029576	0.799747589239345	0.000100824429718037	1.99755360122969	0.999998094219224
35.125	17.75	0.999997737796718	0.799770490103187	9.44683524057826e-05	1.79761419223377	0.999998529567867
35.375	17.75	0.999998227534732	0.799793244677893	8.88655859533114e-05	1.59766901208771	0.999998847897576
35.625	17.75	0.999998887696358	0.799815828657399	8.39776599224977e-05	1.39771810201583	0.999999277002633
35.875	17.75	1.00000002280776	0.799838202231873	7.97720246986157e-05	1.19776146195481	1.00000001482504
36.125	17.75	1.00000159595586	0.799860319795486	7.62214971555256e-05	0.997799073876326	1.00000103737131
36.375	17.75	1.00000283598715	0.799882169681528	7.33050991347667e-05	0.797830970112568	1.00000184339165
36.625	17.75	1.00000206344385	0.799903842587766	7.10099390949803e-05	0.597857338936887	1.0000013412385
36.875	17.75	0.999997277719132	0.799925596003354	6.93324158741572e-05	0.397878603953307	0.999998230517436
37.125	17.75	0.999987996007499	0.799950709551582	6.82757262126141e-05	0.197895344831035	0.999992197404874
37.375	17.75	0.999978139394381	0.399963387093469	6.78145165553385e-05	-0.00209354313551252	0.999985790606348
0.125	18.25	-3.7220772286198e-12	0.399997093087801	-3.31338160650897e-05	18.0166902057602	0.349999999997581
0.375	18.25	-5.6920749998814e-12	0.799991272730733	-3.31451111215164e-05	17.9466907144694	0.3499999999963
0.625	18.25	-7.55847216697013e-12	0.799985432759994	-3.3167692170439e-05	17.8766917330311	0.349999999995087
0.875	18.25	-6.74079871445709e-12	0.799979560072074	-3.32015393863229e-05	17.806693263734	0.349999999995618
1.125	18.25	-1.88703970179847e-13	0.799973641523577	-3.32466186417213e-05	17.7366953100141	0.349999999999877
1.375	18.25	1.48634813016633e-11	0.79996766391562	-3.33028762470026e-05	17.6666978764596	0.350000000009661
1.625	18.25	3.95068073262456e-11	0.799961613979791	-3.33702318526095e-05	17.5967009688155	0.350000000025679
1.875	18.25	7.13550186326067e-11	0.799955478366115	-3.34485695172224e-05	17.5267045939916	0.350000000046381
2.125	18.25	1.02776435142693e-10	0.79994924363218	-3.35377267536968e-05	17.4567087600701	0.350000000066805
2.375	18.25	1.19830843386056e-10	0.799942896235128	-3.36374816689107e-05	17.3867134763149	0.35000000007789
2.625	18.25	1.02714969490246e-10	0.799936422525928	-3.37475379917815e-05	17.3167187531818	0.350000000066765
2.875	18.25	2.84890078245608e-11	0.799929808746689	-3.38675080294587e-05	17.2467246023287	0.350000000018518
3.125	18.25	-1.23378112720371e-10	0.799923041032198	-3.39968933903637e-05	17.1767310366249	0.349999999919804
3.375	18.25	-3.62548217378277e-10	0.799916105415146	-3.41350636558068e-05	17.1067380701599	0.349999999764344
3.625	18.25	-6.76981128367279e-10	0.799908987837018	-3.42812326213028e-05	17.03674571825	0.349999999559962
3.875	18.25	-1.02112286606441e-09	0.799901674164289	-3.44344328218129e-05	16.9667539974418	0.34999999933627
4.125	18.25	-1.30559088884159e-09	0.799894150212193	-3.45934877288813e-05	16.8967629255129	0.349999999151366
4.375	18.25	-1.39210025960537e-09	0.79988640177626	-3.47569823598041e-05	16.8267725214693	0.349999999095135
4.625	18.25	-1.09859319025517e-09	0.799878414674156	-3.4923232534769e-05	16.7567828055383	0.349999999285914
4.875	18.25	-2.20210949994985e-10	0.7998701747997	-3.50902533241211e-05	16.6867937991604	0.349999999856863
5.125	18.25	1.42880554626866e-09	0.799861668191255	-3.52557273109675e-05	16.6168055249784	0.350000000928724
5.375	18.25	3.94963351424747e-09	0.799852881118899	-3.54169740361544e-05	16.5468180068278	0.350000002567262
5.625	18.25	7.27178795932364e-09	0.799843800192697	-3.55709216105469e-05	16.4768312697278	0.350000004726662
5.875	18.25	1.10530815415939e-08	0.799834412496171	-3.57140828805774e-05	16.4068453398755	0.350000007184503
6.125	18.25	1.45832542578135e-08	0.799824705748912	-3.58425381603849e-05	16.3368602446394	0.350000009479115
6.375	18.25	1.67161549495624e-08	0.799814668501618	-3.59519280013043e-05	16.2668760125503	0.350000010865501
6.625	18.25	1.58624896394842e-08	0.799804290367875	-3.60374600098464e-05	16.1968926732784	0.350000010310618
6.875	18.25	1.00795559455719e-08	0.799793562295641	-3.60939347296154e-05	16.1269102575852	0.350000006551711
7.125	18.25	-2.70565787929472e-09	0.799782476882641	-3.61157974377783e-05	16.0569287972299	0.349999998241322
7.375	18.25	-2.43097588358675e-08	0.799771028739857	-3.60972236904674e-05	15.9869483248082	0.349999984198657
7.625	18.25	-5.57259581990751e-08	0.799759214906277	-3.60322491826171e-05	15.9169688734945	0.349999963778127
7.875	18.25	-9.63821419672269e-08	0.799747035320389	-3.59149562797485e-05	15.8469904766607	0.349999937351608
8.125	18.25	-1.43260206155343e-07	0.799734493353041	-3.57397335110146e-05	15.7770131673433	0.349999906880866
8.375	18.25	-1.89952547162298e-07	0.799721596407492	-3.55016276578895e-05	15.7070369775397	0.349999876530844
8.625	18.25	-2.25779595955874e-07	0.799708356592224	-3.51968135710266e-05	15.6370619373253	0.349999853243263
8.875	18.25	-2.35147591348878e-07	0.799694791472969	-3.48232133035801e-05	15.5670880738028	0.349999847154066
9.125	18.25	-1.97386703439376e-07	0.799680924909728	-3.43813047391706e-05	15.497115409921	0.349999871698643
9.375	18.25	-8.73732516709064e-08	0.799666787984157	-3.38751710261567e-05	15.4271439632356	0.349999943207386
9.625	18.25	1.22698856009658e-07	0.799652420021786	-3.33138566169259e-05	15.3571737447271	0.350000079754256
9.875	18.25	4.59981535490546e-07	0.799637869712277	-3.27131142882965e-05	15.2872047578438	0.350000298987998
10.125	18.25	9.45627908723369e-07	0.799623196327556	-3.2097651612581e-05	15.2172369979909	0.350000614658141
10.375	18.25	1.58701347674483e-06	0.799608471034409	-3.15040152024349e-05	15.1472704527487	0.35000103155876
10.625	18.25	2.3671848460764e-06	0.799593778289609	-3.09842889550901e-05	15.0773051031537	0.35000153867015
10.875	18.25	3.23139261652906e-06	0.799579217291376	-3.06108287316401e-05	15.0073409264141	0.350002100405201
11.125	18.25	4.07090933493769e-06	0.799564903437422	-3.04823110392828e-05	14.9373779004359	0.350002646091068
11.375	18.25	4.7048733569097e-06	0.799550969699413	-3.073143916878e-05	14.8674160104875	0.350003058167682
11.625	18.25	4.86167925777385e-06	0.799537567760593	-3.15347245073622e-05	14.7974552582018	0.350003160091518
11.875	18.25	4.16248937946154e-06	0.799524868668997	-3.31248439850625e-05	14.727495672876	0.350002705618097
12.125	18.25	2.11078372372331e-06	0.799513062622235	-3.58061617972963e-05	14.6575373246422	0.35000137200942
12.375	18.25	-1.90651911556379e-06	0.799502357311766	-3.99740909476212e-05	14.5875803385195	0.349998760762575
12.625	18.25	-8.59900484920696e-06	0.799492974006825	-4.61390472632007e-05	14.5176249075826	0.349994410646848
12.875	18.25	-1.87244584193515e-05	0.799485140239831	-5.49558034297663e-05	14.4476713024878	0.349987829102027
13.125	18.25	-3.30010892009076e-05	0.799479077568256	-6.7259063815503e-05	14.3777198733747	0.349978549292019
13.375	18.25	-5.19673843944718e-05	0.799474982430544	-8.41060271668062e-05	14.3077710387314	0.349966221200144
13.625	18.25	-7.57754571737305e-05	0.799472997602324	-0.000106826549104971	14.2378252542389	0.349950745952837
13.875	18.25	-0.000103903194131945	0.799473171212613	-0.000137081215352428	14.1678829529443	0.349932462923814
14.125	18.25	-0.000134770801085012	0.799475399741861	-0.000176927135692607	14.097944446487	0.349912398979295
14.375	18.25	-0.000165248611656211	0.799479350948962	-0.000228890498925251	14.0280097756086	0.349892588402423
14.625	18.25	-0.000190045261069768	0.799484362346782	-0.00029604381488224	13.9580784969566	0.349876470580305
14.875	18.25	-0.000200968395528799	0.799489310779757	-0.000382084222091196	13.8881493923473	0.349869370542906
15.125	18.25	-0.000186053683239707	0.79949244899952	-0.000491407170785119	13.81822008625	0.349879065105894
15.375	18.25	-0.000128561566079057	0.799491206085154	-0.000629167116178114	13.7482865573168	0.349916434982049
15.625	18.25	-5.84438715808512e-06	0.799481950350673	-0.000801313515936723	13.678342530237	0.349996201148347
15.875	18.25	0.000211911325193763	0.799459716327027	-0.0010145864053061	13.6083787348938	0.350137742361376
16.125	18.25	0.000563062017563445	0.79941790182919	-0.0012764511930209	13.5383820205072	0.350365990311416
16.375	18.25	0.00109599945156771	0.799347947387469	-0.00159494729071753	13.4683343128648	0.350712399643519
16.625	18.25	0.00187075666590221	0.799239018753868	-0.00197842017376444	13.3982114025476	0.351215991832836
16.875	18.25	0.00296072952115425	0.799077724007977	-0.0024351022010015	13.3279815509904	0.35192447418875
17.125	18.25	0.00445451864161464	0.798847909931001	-0.0029725051538527	13.2576038991267	0.35289543711705
17.375	18.25	0.00645789643924737	0.798530597290877	-0.00359658872845678	13.1870266603596	0.354197632685511
17.625	18.25	0.0090958975452125	0.798104130263967	-0.00431067658527758	13.116185076132	0.355912333404388
17.875	18.25	0.0125150141227306	0.797544629134307	-0.00511410828466538	13.0449991093589	0.358134759179775
18.125	18.25	0.0168854448197854	0.796826844017743	-0.00600064548119457	12.973370849993	0.36097553913286
18.375	18.25	0.0224032909260994	0.795925505395249	-0.0069566983402869	12.901181610318	0.364562139101965
18.625	18.25	0.0292925076385577	0.794817247900415	-0.0079595066718842	12.8282886984189	0.369040129965063
18.875	18.25	0.0378062929271759	0.793483139370031	-0.00897550026404831	12.7545218809902	0.374574090402664
19.125	18.25	0.048227421574912	0.791911770614797	-0.00995916872813007	12.6796795868118	0.381347824023693
19.375	18.25	0.0608668000804621	0.790102749275998	-0.0108528767995311	12.6035249667875	0.3895634200523
19.625	18.25	0.0760592308785079	0.788070297855674	-0.0115881357037949	12.5257820233746	0.39943850007103
19.875	18.25	0.0941550561289062	0.785846498332694	-0.0120888375476953	12.4461321591916	0.411200786483789
20.125	18.25	0.11550607238551	0.783483586049285	-0.0122768186514	12.3642116756712	0.425078947050582
20.375	18.25	0.140444014726342	0.78105462009174	-0.0120797852044969	12.279610971805	0.441288609572122
20.625	18.25	0.16925025180382	0.778651897039983	-0.011441093116546	12.191876423669	0.460012663672483
20.875	18.25	0.202116450776392	0.776382667580136	-0.0103301841855582	12.1005161069922	0.481375693004655
21.125	18.25	0.239098184771133	0.774362065960502	-0.0087518138537151	12.0050105533214	0.505413820101237
21.375	18.25	0.280066816239539	0.772703631713462	-0.00675183211720332	11.9048294642064	0.5320434305557
21.625	18.25	0.324668905785227	0.771508316567244	-0.00441748208524684	11.7994546101846	0.561034788760398
21.875	18.25	0.372305357412272	0.77085333751216	-0.00187110373305409	11.6884079641044	0.591998482317977
22.125	18.25	0.422142320793938	0.770782566991053	0.000742368855238455	11.5712826100939	0.62439250851606
22.375	18.25	0.473160726878769	0.771300233960252	0.00327210005235955	11.4477725369773	0.6575544724712
22.625	18.25	0.524241463925219	0.772369411868603	0.00557905200037939	11.3176966543002	0.690756951551392
22.875	18.25	0.574271835325489	0.773915997801058	0.00755124823321334	11.1810127705299	0.723276692961568
23.125	18.25	0.622251225029589	0.775837725487449	0.00911388621263405	11.037818956646	0.754463296269233
23.375	18.25	0.667373863695586	0.778016547749596	0.0102329931532751	10.8883422311315	0.783793011402131
23.625	18.25	0.709074361461704	0.780331950090076	0.0109128968067525	10.7329169950631	0.810898334950108
23.875	18.25	0.747033342404935	0.782672740776011	0.0111890348705451	10.5719572968735	0.835571672563208
24.125	18.25	0.781150811644072	0.784945562233713	0.0111182582070266	10.4059274152013	0.857748027568647
24.375	18.25	0.811500314808128	0.787079425322004	0.0107687586132145	10.2353145491063	0.877475204625283
24.625	18.25	0.838277089673749	0.789026549782915	0.0102112478859592	10.0606060818613	0.894880108287937
24.875	18.25	0.861750072773325	0.790760419593195	0.00951230380233445	9.88227247396437	0.910137547302661
25.125	18.25	0.882223180688429	0.792272172072246	0.0087301276036134	9.70075571495116	0.923445067447479
25.375	18.25	0.90000745583001	0.793566334422392	0.00791247506022329	9.51646256724887	0.935004846289507
25.625	18.25	0.915403175790114	0.794656654517153	0.00709626854917971	9.32976153915703	0.945012064263574
25.875	18.25	0.928689849791069	0.795562474721063	0.00630833404482853	9.14098251350926	0.953648402364195
26.125	18.25	0.940121791481535	0.796305846142781	0.00556676615898078	8.95041810718894	0.961079164462997
26.375	18.25	0.949927243089793	0.796909405097295	0.00488254021064974	8.75832604496516	0.967452708008365
26.625	18.25	0.958309508927079	0.797394931341921	0.00426111517427692	8.56493203686098	0.972901180802601
26.875	18.25	0.965449042784854	0.79778246215756	0.00370387880288636	8.37043282110899	0.977541877810155
27.125	18.25	0.971505834665445	0.798089828057701	0.00320936635344747	8.17499916570253	0.981478792532539
27.375	18.25	0.976621734229777	0.798332488300247	0.00277423739945307	7.97877871329807	0.984804127249355
27.625	18.25	0.980922541469409	0.798523565736079	0.00239402619037849	7.78189861427763	0.987599651955116
27.875	18.25	0.98451981172762	0.79867400363634	0.00206369612742851	7.58446792950264	0.989937877622953
28.125	18.25	0.987512385413425	0.798792788187374	0.00177803378108029	7.38657980501417	0.991883050518726
28.375	18.25	0.989987681675728	0.798887197751957	0.00153191679856789	7.18831343134435	0.993491993089223
28.625	18.25	0.992022803903369	0.798963053488745	0.00132048602117172	6.98973580427332	0.99481482253719
28.875	18.25	0.993685502577097	0.799024955869632	0.00113924702720078	6.79090330453973	0.995895576675113
29.125	18.25	0.995035033607571	0.799076498657958	0.000984121205794003	6.59186311294781	0.996772771844921
29.375	18.25	0.996122941305792	0.799120456665095	0.000851461882202079	6.39265447557166	0.997479911848765
29.625	18.25	0.996993786430901	0.799158946673357	0.000738047162005432	6.193309831938	0.998045961180086
29.875	18.25	0.997685832261221	0.799193562778914	0.000641058061679815	5.9938558174729	0.998495790969794
30.125	18.25	0.998231695687745	0.799225488439551	0.000558048076332619	5.79431415024182	0.998850602197034
30.375	18.25	0.998658965967893	0.799255587984559	0.000486908497223646	5.59470241110506	0.99912832787913
30.625	18.25	0.998990790865035	0.799284480456639	0.000425832421316557	5.3950347258015	0.999344014062273
30.875	18.25	0.999246428217909	0.799312598548782	0.000373279391057183	5.19532235708697	0.999510178341641
31.125	18.25	0.999441760285175	0.799340235168671	0.000327941879299581	4.99557421480984	0.999637144185364
31.375	18.25	0.999589768248455	0.799367579874564	0.000288714321988237	4.79579729163074	0.999733349361496
31.625	18.25	0.999700964809205	0.799394747120955	0.000254665045361706	4.59599703192667	0.999805627125983
31.875	18.25	0.999783783694355	0.799421797954271	0.000225011193000941	4.39617764121623	0.999859459401331
32.125	18.25	0.999844925934998	0.799448756521715	0.000199096599233073	4.19634234317231	0.999899201857748
32.375	18.25	0.999889663864316	0.799475622503892	0.000176372455257039	3.99649359093615	0.999928281511805
32.625	18.25	0.999922104748488	0.799502380356041	0.000156380555629927	3.79663323901235	0.999949368086517
32.875	18.25	0.99994541665335	0.79952900604829	0.000138738882914269	3.59676268152798	0.999964520824678
33.125	18.25	0.999962019412067	0.7995554718444	0.000123129279537499	3.39688296211951	0.999975312617844
33.375	18.25	0.99997374337015	0.799581749569401	0.00010928696306701	3.19699486022022	0.999982933190598
33.625	18.25	0.999981958207365	0.799607812800782	9.69916604359988e-05	2.9970989580942	0.999988272834787
33.875	18.25	0.999987674237	0.799633638451965	8.60601626869137e-05	2.79719569257677	0.99999198825405
34.125	18.25	0.999991620078078	0.799659208213386	7.63401246830286e-05	2.5972853950111	0.999994553050751
34.375	18.25	0.999994303998695	0.799684510122408	6.77049406155621e-05	2.39736832209763	0.999996297599152
34.625	18.25	0.999996070472496	0.799709540002091	6.00495050716336e-05	2.19744467911499	0.999997445807122
34.875	18.25	0.999997164782662	0.799734301674652	5.32866273861533e-05	1.9975146353601	0.99999815710873
35.125	18.25	0.999997810572246	0.79975880416825	4.73438440686357e-05	1.79757833047796	0.99999857687196
35.375	18.25	0.999998282786535	0.799783054571824	4.21604474374331e-05	1.59763587114554	0.999998883811248
35.625	18.25	0.999998924802824	0.799807047934835	3.76847980640199e-05	1.39768732201529	0.999999301121836
35.875	18.25	1.00000003496371	0.799830760995087	3.38724088813427e-05	1.19773270299477	1.00000002272641
36.125	18.25	1.00000157635303	0.799854162363812	3.06856694173612e-05	0.997772012818835	1.00000102462947
36.375	18.25	1.00000279081228	0.799877252059359	2.80959426096528e-05	0.797805296683259	1.00000181402798
36.625	18.25	1.00000202750054	0.799900129131966	2.60875239261887e-05	0.597832750403265	1.00000131787535
36.875	18.25	0.999997319301787	0.799923055525636	2.46604086837999e-05	0.397854798830101	0.999998257546161
37.125	18.25	0.999988190429884	0.799949271933652	2.38260685936502e-05	0.19787201824039	0.999992323779425
37.375	18.25	0.999978496257029	0.399963204137181	2.35338120778759e-05	-0.00211667763186305	0.999986022567069
0.125	18.75	-3.72262637594558e-12	0.399997094863306	-2.15097219938268e-05	18.0166949852183	0.34999999999758
0.375	18.75	-5.68765420282962e-12	0.799991278082672	-2.14949266874219e-05	17.9466954936159	0.349999999996303
0.625	18.75	-7.54322344710919e-12	0.799985441766008	-2.14652972632982e-05	17.8766965115499	0.349999999995097
0.875	18.75	-6.70935207372804e-12	0.799979572866459	-2.14207548588671e-05	17.8066980412998	0.349999999995639
1.125	18.75	-1.39153070806062e-13	0.799973658304487	-2.13611783431734e-05	17.7367000862874	0.34999999999991
1.375	18.75	1.49254224417272e-11	0.799967684955395	-2.12864008131113e-05	17.6667026510804	0.350000000009702
1.625	18.75	3.95633965045542e-11	0.799961639638275	-2.11962050336387e-05	17.5967057413967	0.350000000025716
1.875	18.75	7.13734151318921e-11	0.799955509106884	-2.10903175617604e-05	17.5267093641102	0.350000000046393
2.125	18.75	1.02709041889485e-10	0.799949280041985	-2.09684019547193e-05	17.4567135272577	0.350000000066761
2.375	18.75	1.19621029580559e-10	0.799942939046349	-2.0830050645091e-05	17.386718240046	0.350000000077754
2.625	18.75	1.02309126843193e-10	0.799936472641957	-2.06747759718282e-05	17.3167235128599	0.350000000066501
2.875	18.75	2.7854218435324e-11	0.799929867270853	-2.05019999186493e-05	17.2467293572701	0.350000000018105
3.125	18.75	-1.2423275916055e-10	0.799923109298997	-2.03110431304307e-05	17.1767357860399	0.349999999919249
3.375	18.75	-3.63548109751045e-10	0.799916185024564	-2.01011131608693e-05	17.1067428131314	0.349999999763694
3.625	18.75	-6.77959640314623e-10	0.799909080691021	-1.98712920611181e-05	17.0367504537083	0.349999999559326
3.875	18.75	-1.02178951090686e-09	0.799901782505346	-1.96205237959868e-05	16.9667587241368	0.349999999335837
4.125	18.75	-1.30549447877583e-09	0.799894276662668	-1.93476018054424e-05	16.8967676419824	0.349999999151429
4.375	18.75	-1.3905967295598e-09	0.799886549378384	-1.90511573092128e-05	16.8267772260041	0.349999999096112
4.625	18.75	-1.09484196625426e-09	0.799878586928236	-1.87296488991632e-05	16.7567874961437	0.349999999288353
4.875	18.75	-2.13236976021245e-10	0.799870375699481	-1.83813547429864e-05	16.6867984735144	0.349999999861396
5.125	18.75	1.43994117462596e-09	0.799861902254097	-1.80043682886374e-05	16.6168101803871	0.350000000935962
5.375	18.75	3.96551409532686e-09	0.799853153406666	-1.75965991786224e-05	16.5468226401784	0.350000002577584
5.625	18.75	7.29213945844528e-09	0.799844116320572	-1.71557814877999e-05	16.4768358774404	0.350000004739891
5.875	18.75	1.10760635256388e-08	0.799834778622926	-1.66794917244589e-05	16.4068499178545	0.350000007199441
6.125	18.75	1.46045358048747e-08	0.799825128542798	-1.61651797491658e-05	16.3368647882277	0.350000009492948
6.375	18.75	1.67278101645293e-08	0.799815155072926	-1.56102164934059e-05	16.2668805164867	0.350000010873077
6.625	18.75	1.58518320948019e-08	0.799804848157683	-1.50119633889202e-05	16.1968971316633	0.350000010303691
6.875	18.75	1.00281720359225e-08	0.799794198907299	-1.43678694793381e-05	16.1269146638583	0.350000006518312
7.125	18.75	-2.82221218783817e-09	0.799783199839546	-1.3675602832007e-05	16.0569331441659	0.349999998165562
7.375	18.75	-2.45208652679286e-08	0.799771845148206	-1.29332258789627e-05	15.9869526045366	0.349999984061438
7.625	18.75	-5.60623970781418e-08	0.799760130997647	-1.21394241291661e-05	15.916973077554	0.349999963559442
7.875	18.75	-9.68687262658421e-08	0.799748055842322	-1.12938019478206e-05	15.8469945960983	0.349999937035328
8.125	18.75	-1.43902938411301e-07	0.799735620768657	-1.0397260200704e-05	15.7770171928732	0.34999990646309
8.375	18.75	-1.90718560631851e-07	0.799722829856608	-9.4524748223772e-06	15.7070408997794	0.349999876032936
8.625	18.75	-2.26568415290708e-07	0.799709690556383	-8.46449906601605e-06	15.6370657471309	0.34999985273053
8.875	18.75	-2.35753132307669e-07	0.799696214074089	-7.44151725460649e-06	15.5670917627313	0.349999846760464
9.125	18.75	-1.97451240758548e-07	0.799682415757356	-6.39578435684194e-06	15.4971189708537	0.349999871656693
9.375	18.75	-8.63376894146985e-08	0.79966831546896	-5.34479329481298e-06	15.4271473912047	0.349999943880502
9.625	18.75	1.25639279897073e-07	0.799653937931285	-4.31272196095425e-06	15.3571770380001	0.350000081665532
9.875	18.75	4.6590011700472e-07	0.799639313019742	-3.33222359855146e-06	15.2872079193309	0.350000302835076
10.125	18.75	9.55842730232816e-07	0.799624475973695	-2.44663920233517e-06	15.2172400370603	0.350000621297775
10.375	18.75	1.60298027848917e-06	0.799609467484244	-1.71272791109035e-06	15.1472733875534	0.350001041937181
10.625	18.75	2.39025611105938e-06	0.799594333600054	-1.20403249445649e-06	15.0773079636021	0.350001553666472
10.875	18.75	3.26237765473018e-06	0.799579125369706	-1.01502046674122e-06	15.007343757948	0.350002120545476
11.125	18.75	4.10935589499638e-06	0.799563898100204	-1.26616851221218e-06	14.9373807688202	0.350002671081332
11.375	18.75	4.747980434844e-06	0.799548710057511	-2.11018574373455e-06	14.8674190078643	0.350003086187283
11.625	18.75	4.90274764530555e-06	0.799533620351585	-3.73959997064639e-06	14.7974585107203	0.350003186785969
11.875	18.75	4.18882730754271e-06	0.799518685633539	-6.39595644887182e-06	14.7274993502756	0.35000272273775
12.125	18.75	2.10101819948833e-06	0.799503955071856	-1.03808969428516e-05	14.6575416522447	0.35000136566183
12.375	18.75	-1.98570786203408e-06	0.799489462859949	-1.60693919235314e-05	14.5875856121688	0.34999870928989
12.625	18.75	-8.79659391792375e-06	0.799475217233508	-2.39253822648729e-05	14.5176315121631	0.349994282213953
12.875	18.75	-1.91089266723609e-05	0.799461184634177	-3.45200384555169e-05	14.4476797347397	0.349987579197663
13.125	18.75	-3.3663820573085e-05	0.799447267249299	-4.85527508603347e-05	14.3777307698085	0.349978118516628
13.375	18.75	-5.302468455967e-05	0.799433271694215	-6.68748089864777e-05	14.3077852095089	0.349965533955036
13.625	18.75	-7.736773807079e-05	0.799418866100376	-9.05154919147355e-05	14.2378437239163	0.349949710970254
13.875	18.75	-0.000106189229844897	0.799403522364792	-0.000120709956983277	14.1679070089556	0.349930977000601
14.125	18.75	-0.000137914138949578	0.799386439851204	-0.0001589278590001	14.0979756961448	0.349910355809683
14.375	18.75	-0.000169392224171835	0.799366446486451	-0.000206901042406548	14.0280502121989	0.349889895054288
14.625	18.75	-0.000195269348617293	0.799341873061311	-0.000266647910927406	13.9581305751669	0.349873074923399
14.875	18.75	-0.000207224913700168	0.799310396759695	-0.000340491194560559	13.8882161127519	0.349865303806095
15.125	18.75	-0.000193069706835374	0.799268850671537	-0.000431064817507334	13.8183050878607	0.349874504690557
15.375	18.75	-0.00013570206868834	0.799212997509427	-0.000541304459819242	13.7483942162426	0.349911793655353
15.625	18.75	-1.19234833890181e-05	0.799137268212126	-0.000674415270007721	13.6784780612588	0.349992249735797
15.875	18.75	0.000208883073881415	0.799034469893112	-0.000833809126818966	13.6085482912247	0.350135773998023
16.125	18.75	0.000566207904263178	0.798895473023036	-0.00102300301195471	13.5385927851568	0.350368035137771
16.375	18.75	0.00110999921999014	0.798708895178397	-0.00124546962885687	13.4685945728512	0.350721499492994
16.625	18.75	0.0019023767860121	0.798460808433846	-0.00150443161465562	13.3985305947063	0.351236544910908
16.875	18.75	0.00301947686062535	0.798134509659192	-0.00180259180915098	13.328370265319	0.351962659959407
17.125	18.75	0.00455343316131692	0.797710407406748	-0.00214179435497816	13.2580738224957	0.352959731554856
17.375	18.75	0.00661449790711701	0.797166094985429	-0.00252261521500462	13.1875904400288	0.354299423639626
17.625	18.75	0.00933329974186157	0.796476695071335	-0.00294388632204661	13.1168560788738	0.35606664483221
17.875	18.75	0.0128632167922975	0.795615573911282	-0.00340216535517804	13.0457910481978	0.358361090914993
18.125	18.75	0.0173828070064318	0.794555528307552	-0.00389117343490407	12.9742972468312	0.361298824554181
18.375	18.75	0.0230981761553482	0.793270539761984	-0.00440123626342731	12.9022550595025	0.365013814500976
18.625	18.75	0.0302450662440769	0.791738159371289	-0.00491878085039716	12.8295198945753	0.36965929305865
18.875	18.75	0.0390903013075098	0.78994252562059	-0.00542596023274371	12.75591837599	0.375408695849881
19.125	18.75	0.0499320206775799	0.787877918087208	-0.00590050212506901	12.6812442485979	0.382455813440427
19.375	18.75	0.0630978523025678	0.785552611868393	-0.00631590209393514	12.6052541317263	0.391013603996669
19.625	18.75	0.0789398344457237	0.782992630105189	-0.00664210208964697	12.5276633704913	0.40131089238972
19.875	18.75	0.0978245195025611	0.780244821942503	-0.00684680004030778	12.4481423970931	0.413585937676665
20.125	18.75	0.120116388357576	0.777378566677908	-0.00689750832779593	12.3663142283652	0.428075652432424
20.375	18.75	0.14615266826986	0.774485381588435	-0.00676439690181993	12.2817539796658	0.444999234375409
20.625	18.75	0.176208207333121	0.771675846984199	-0.00642380384399107	12.1939915286962	0.464535334766529
20.875	18.75	0.210450626773032	0.769073581178099	-0.00586207640907093	12.1025186320976	0.486792907402471
21.125	18.75	0.248888876930808	0.76680646571259	-0.00507916162874568	12.0068017479404	0.511777770005025
21.375	18.75	0.291322453437589	0.764995842912178	-0.00409118460905635	11.9063013822816	0.539359594734433
21.625	18.75	0.337302886831722	0.763744866608977	-0.00293124319591501	11.8004978259343	0.569246876440619
21.875	18.75	0.386121606203059	0.763127499416852	-0.00164788482625017	11.6889216945319	0.600979044031988
22.125	18.75	0.436836283665005	0.763179784723537	-0.000301196539651367	11.5711860107373	0.633943584382253
22.375	18.75	0.488339782500054	0.763894946240726	0.00104299834543168	11.4470152329985	0.667420858625035
22.625	18.75	0.539463364488946	0.765223487640663	0.00231987490297314	11.3162663031482	0.700651186917815
22.875	18.75	0.58909381112796	0.767078677977367	0.00347209526623897	11.1789378637296	0.732910977233174
23.125	18.75	0.636278611422591	0.769346688229711	0.00445496787735902	11.0351661148866	0.763581097424684
23.375	18.75	0.68029748790729	0.77189954395218	0.00523954314144559	10.8852085732988	0.792193367139739
23.625	18.75	0.72069014721893	0.774608453005044	0.00581339279333517	10.7294192696477	0.818448595692305
23.875	18.75	0.757243390922673	0.777355222053015	0.00617929324352431	10.5682199775485	0.842208204099737
24.125	18.75	0.7899499820277	0.780040266612277	0.00635238052988726	10.4020718018089	0.863467488318005
24.375	18.75	0.818954577250092	0.782586749467183	0.00635650215924417	10.2314502779623	0.88232047521256
24.625	18.75	0.844499708852285	0.784941252763399	0.00622046006257978	10.0568256511892	0.898924810753985
24.875	18.75	0.866879983530105	0.787071890281462	0.0059746736131021	9.87864870056264	0.913471989294568
25.125	18.75	0.886407851399852	0.788964895526075	0.00564857002337999	9.69734159510931	0.926165103409904
25.375	18.75	0.903390829158004	0.790620594275092	0.00526880066284189	9.5132928305797	0.937204038952703
25.625	18.75	0.918118202063412	0.792049425086203	0.00485822757580327	9.32685519550941	0.946776831341217
25.875	18.75	0.930854638625674	0.793268412536652	0.00443553667520423	9.1383458161159	0.955055515106688
26.125	18.75	0.941838322833492	0.794298283116211	0.00401530377451035	8.94804751785827	0.96219490984177
26.375	18.75	0.951281713243384	0.795161262121622	0.0036083485451414	8.75621094272399	0.9683331136082
26.625	18.75	0.95937360207738	0.795879498267074	0.00322224107899204	8.56305703709922	0.973592841350297
26.875	18.75	0.966281633918783	0.796474017774895	0.00286186177598222	8.36877966189552	0.978083062047209
27.125	18.75	0.972154807618635	0.796964096384066	0.00252994902873844	8.17354817486249	0.981900624952113
27.375	18.75	0.977125730634543	0.797366943115298	0.00222759653636288	7.97750990123147	0.985131724912453
27.625	18.75	0.981312546013695	0.79769760431016	0.00195468205777929	7.78079245100632	0.987853154908902
27.875	18.75	0.984820535878424	0.79796901426502	0.00171022272519829	7.58350586658664	0.990133348320976
28.125	18.75	0.987743445030941	0.798192136157563	0.00149266007871648	7.38574459868805	0.992033239270112
28.375	18.75	0.990164581680884	0.798376152163871	0.00130008223457051	7.18758931585066	0.993606978092574
28.625	18.75	0.992157751234316	0.798528674067983	0.00113039233678803	6.98910855602958	0.994902538302306
28.875	18.75	0.993788071102322	0.798655955290341	0.000981432640202802	6.79036022968496	0.995962246216509
29.125	18.75	0.995112704046221	0.798763092429962	0.000851072918893815	6.59139298358551	0.996823257630044
29.375	18.75	0.99618153712115	0.798854209562873	0.000737270839084568	6.39224743389712	0.997517999128747
29.625	18.75	0.997037824024095	0.798932622103285	0.000638110755755703	6.19295727642932	0.998074585615662
29.875	18.75	0.997718801093738	0.799000979402093	0.000551826244423509	5.99355028134571	0.99851722071093
30.125	18.75	0.998256281446858	0.799061386750459	0.000476810642124961	5.79404917927845	0.998866582940457
30.375	18.75	0.998677227659731	0.799115508327122	0.000411618976076032	5.59447244561855	0.999140197978825
30.625	18.75	0.999004300800237	0.799164653070016	0.000354963908517179	5.39483498974109	0.999352795520154
30.875	18.75	0.999256382230886	0.799209845608636	0.000305707712152625	5.19514875600897	0.999516648450076
31.125	18.75	0.999449064170186	0.799251884367589	0.000262851795964959	4.99542324352015	0.999641891710621
31.375	18.75	0.999595105269001	0.799291388818099	0.00022552490815511	4.79566595166644	0.999736818424851
31.625	18.75	0.999704848208061	0.799328837662901	0.000192970834454587	4.59588275861496	0.99980815133524
31.875	18.75	0.999786597366753	0.799364599525032	0.000164536170175302	4.39607823977471	0.999861288288389
32.125	18.75	0.999846955800194	0.799398957491781	0.000139658559931786	4.19625593315422	0.999900521270126
32.375	18.75	0.999891121956154	0.799432128651827	0.000117855658173809	3.99641855824466	0.9999292292715
32.625	18.75	0.999923147624505	0.799464279563586	9.87149574990632e-05	3.79656819468576	0.999950045955928
32.875	18.75	0.999946159381941	0.799495538413391	8.18845532841448e-05	3.59670642651425	0.999965003598261
33.125	18.75	0.999962546131888	0.799526004478729	6.7064858078282e-05	3.39683445729991	0.999975654985727
33.375	18.75	0.999974115222155	0.799555755423723	5.40012452248687e-05	3.19695320099588	0.999983174894401
33.625	18.75	0.999982219308437	0.79958485293408	4.2477585520551e-05	2.9970633529068	0.999988442550484
33.875	18.75	0.999987856267103	0.799613347225403	3.23106374000612e-05	2.79716544478967	0.999992106573617
34.125	18.75	0.99999174593515	0.799641280947929	2.33452471372399e-05	2.59725988762933	0.999994634857848
34.375	18.75	0.999994390768183	0.799668692815398	1.54502918038563e-05	2.39734700486299	0.999996353999319
34.625	18.75	0.999996131628212	0.799695620764058	8.51523855324265e-06	2.19742705759133	0.999997485558338
34.875	18.75	0.999997211170167	0.799722103633522	2.44710788594105e-06	1.99750026173527	0.999998187260609
35.125	18.75	0.999997849607498	0.799748179689465	-2.83242705408868e-06	1.79756679593975	0.999998602244874
35.375	18.75	0.999998315869265	0.79977388072468	-7.38998665630641e-06	1.597626799781	0.999998905315022
35.625	18.75	0.999998944515239	0.799799223125536	-1.12833120243389e-05	1.3976803661256	0.999999313934905
35.875	18.75	1.00000002585501	0.799824202506124	-1.45632058684809e-05	1.19772753940595	1.00000001680576
36.125	18.75	1.00000152439563	0.799848804179569	-1.72732610021717e-05	0.997768339222672	1.00000099085716
36.375	18.75	1.00000270406798	0.799873042000327	-1.94462335382482e-05	0.79780282657635	1.00000175764419
36.625	18.75	1.00000196138376	0.799897024405602	-2.10977297213837e-05	0.59783120548759	1.00000127489945
36.875	18.75	0.999997384760844	0.799921016993844	-2.22216556115974e-05	0.397853899608673	0.999998300094548
37.125	18.75	0.999988510836671	0.799948188072919	-2.27961579824092e-05	0.197871477156649	0.999992532043836
37.375	18.75	0.999979086766263	0.399963357439828	-2.28977445888955e-05	-0.00211711669094979	0.999986406398071
0.125	19.25	-3.73092502753141e-12	0.39999712267841	-9.94480911630865e-06	18.0166977310885	0.349999999997575
0.375	19.25	-5.69029648880635e-12	0.799991361580168	-9.90407881291515e-06	17.9466982346176	0.349999999996301
0.625	19.25	-7.52900932721492e-12	0.79998558110362	-9.82255419481903e-06	17.8766992428053	0.349999999995106
0.875	19.25	-6.66303791541351e-12	0.799979768309813	-9.70010666065949e-06	17.8067007579128	0.349999999995669
1.125	19.25	-4.57052675101837e-14	0.799973910231476	-9.53654194280956e-06	17.7367027833337	0.34999999999997
1.375	19.25	1.50731908996785e-11	0.799967993861932	-9.33159839108969e-06	17.6667053235978	0.350000000009798
1.625	19.25	3.97540029334595e-11	0.799962006145933	-9.08494492594514e-06	17.5967083843741	0.35000000002584
1.875	19.25	7.15641431848335e-11	0.799955933971943	-8.79617831581893e-06	17.5267119724766	0.350000000046517
2.125	19.25	1.02814640123524e-10	0.799949764165948	-8.46482019942529e-06	17.4567160958696	0.35000000006683
2.375	19.25	1.19508324346418e-10	0.799943483487543	-8.09031386110067e-06	17.3867207636747	0.35000000007768
2.625	19.25	1.01803585923429e-10	0.799937078628749	-7.67202055698996e-06	17.3167259861768	0.350000000066172
2.875	19.25	2.67650973013943e-11	0.799930536214968	-7.20921601566437e-06	17.2467317748315	0.350000000017397
3.125	19.25	-1.26062899588582e-10	0.799923842809706	-6.70108704319239e-06	17.1767381422703	0.349999999918059
3.375	19.25	-3.66166538992723e-10	0.799916984922734	-6.14672835181186e-06	17.1067451023053	0.349999999761992
3.625	19.25	-6.81201132886203e-10	0.799909949022057	-5.54514041927504e-06	17.0367526699316	0.349999999557219
3.875	19.25	-1.02515690921754e-09	0.799902721550846	-4.89522825207327e-06	16.966760861326	0.349999999333648
4.125	19.25	-1.30803809616221e-09	0.799895288948815	-4.19580200684022e-06	16.896769693844	0.349999999149775
4.375	19.25	-1.39081751923296e-09	0.799887637680147	-3.44558008275562e-06	16.8267791860122	0.349999999095969
4.625	19.25	-1.09065493141158e-09	0.799879754267437	-2.64319559740345e-06	16.7567893575188	0.349999999291074
4.875	19.25	-2.02046749133674e-10	0.799871625333734	-1.78720731018246e-06	16.6868002292013	0.34999999986867
5.125	19.25	1.46098199350932e-09	0.799863237654352	-8.76116599162641e-07	16.6168118230354	0.350000000949638
5.375	19.25	3.99897642386201e-09	0.79985457821883	9.1607893558899e-08	16.5468241621248	0.350000002599335
5.625	19.25	7.33942626765605e-09	0.799845634306647	1.1174954547175e-06	16.4768372706956	0.350000004770627
5.875	19.25	1.11360804175127e-08	0.799836393575906	2.2030260787942e-06	16.4068511740967	0.350000007238452
6.125	19.25	1.46719000941985e-08	0.799826844167369	3.34956702473893e-06	16.3368658988041	0.350000009536735
6.375	19.25	1.67906685305204e-08	0.799816974823571	4.55828965975636e-06	16.2668814724281	0.350000010913935
6.625	19.25	1.58894992742437e-08	0.799806775022147	5.83006157668833e-06	16.1968979237157	0.350000010328175
6.875	19.25	1.00089988885488e-08	0.799796235122521	7.16530866363374e-06	16.1269152825352	0.350000006505849
7.125	19.25	-2.94208307570656e-09	0.799785346522734	8.56384022161542e-06	16.0569335798298	0.349999998087646
7.375	19.25	-2.47969018054982e-08	0.799774101823351	1.00246297167304e-05	15.9869528475168	0.349999983882014
7.625	19.25	-5.65579600021443e-08	0.799762494993135	1.15455413106992e-05	15.9169731183108	0.349999963237326
7.875	19.25	-9.76466424621724e-08	0.799750521530001	1.31229919591033e-05	15.8469944254449	0.349999936529682
8.125	19.25	-1.45010539031616e-07	0.799738178610542	1.47515355972733e-05	15.7770168022711	0.34999990574315
8.375	19.25	-1.92164288313475e-07	0.799725465217567	1.64233544421177e-05	15.7070402817232	0.349999875093213
8.625	19.25	-2.28288332290015e-07	0.799712382234774	1.81276394277669e-05	15.6370648956454	0.349999851612584
8.875	19.25	-2.37566355250078e-07	0.79969893249401	1.98498384318768e-05	15.5670906740049	0.349999845581869
9.125	19.25	-1.99004697850766e-07	0.799685120757331	2.15707477138274e-05	15.4971176440397	0.349999870646946
9.375	19.25	-8.70428879901776e-08	0.799670953612291	2.32654172532199e-05	15.4271458294279	0.349999943422123
9.625	19.25	1.26671304400849e-07	0.79965643925339	2.49018368035049e-05	15.3571752496122	0.350000082336348
9.875	19.25	4.69914554056369e-07	0.799641587116951	2.64393641694477e-05	15.2872059194693	0.35000030544446
10.125	19.25	9.644696864686e-07	0.799626407328417	2.78268528005063e-05	15.2172378495736	0.350000626905296
10.375	19.25	1.61821014297037e-06	0.799610909911844	2.90004313791433e-05	15.1472710473709	0.350001051836593
10.625	19.25	2.41432495673921e-06	0.799595103695291	2.9880885132736e-05	15.0773055196377	0.350001569311222
10.875	19.25	3.2975140204533e-06	0.799578994826212	3.03705877246874e-05	15.007341276646	0.350002143384113
11.125	19.25	4.15732716567781e-06	0.799562584777481	3.03499354623718e-05	14.9373783384696	0.350002702262658
11.375	19.25	4.80936376249371e-06	0.799545867677554	2.96732440353576e-05	14.8674167438257	0.350003126086446
11.625	19.25	4.97583839173265e-06	0.799528826727855	2.81640853560988e-05	14.7974565617323	0.350003234294955
11.875	19.25	4.26808934446857e-06	0.799511429370466	2.56100708692349e-05	14.7274979060253	0.350002774258074
12.125	19.25	2.17497757226416e-06	0.799493620732157	2.17571336961182e-05	14.6575409524024	0.350001413735422
12.375	19.25	-1.93721861654469e-06	0.799475314688874	1.63034295731515e-05	14.5875859570994	0.349998740807899
12.625	19.25	-8.80591643729268e-06	0.799456381663582	8.89307253094496e-06	14.5176332755206	0.349994276154316
12.875	19.25	-1.92248278969017e-05	0.799436631987563	-8.89947093108307e-07	14.4476833781374	0.349987503861867
13.125	19.25	-3.39565168041474e-05	0.799415793325296	-1.35271427405406e-05	14.3777368597098	0.349977928264077
13.375	19.25	-5.35915889867059e-05	0.799393480297215	-2.95694706919709e-05	14.3077944364104	0.349965165467159
13.625	19.25	-7.83398312641754e-05	0.799369154054913	-4.9638822685246e-05	14.2378569237716	0.349949079109678
13.875	19.25	-0.000107737920840807	0.79934206920345	-7.44257576520268e-05	14.1679251866176	0.349929970351453
14.125	19.25	-0.000140258501410306	0.799311205176023	-0.00010468182163785	14.0980000503641	0.349908831974083
14.375	19.25	-0.000172806601019601	0.79927517901055	-0.000141204471377477	14.0280821614149	0.349887675709337
14.625	19.25	-0.000200091578047655	0.799232136549268	-0.000184812335788229	13.9581717829476	0.349869940474269
14.875	19.25	-0.000213865912579613	0.799179619484023	-0.000236308397260165	13.8882685113086	0.349860987156823
15.125	19.25	-0.000202025937180565	0.799114406544906	-0.000296428756566124	13.8183708975803	0.349868683140833
15.375	19.25	-0.000147573592952068	0.799032328637668	-0.000365775101482981	13.7484759587016	0.349904077164581
15.625	19.25	-2.74419509287842e-05	0.798928060069562	-0.000444729998077876	13.6785785627492	0.349982162731896
15.875	19.25	0.000188810048526321	0.798794891376871	-0.000533355852436072	13.608670673511	0.350122726531542
16.125	19.25	0.000540426965530664	0.798624493902072	-0.000631281029179864	13.5387404400886	0.350351277527595
16.375	19.25	0.00107700429907074	0.798406692365818	-0.000737580288793133	13.4687711176734	0.350700052794396
16.625	19.25	0.00186015045348406	0.798129269369369	-0.000850661422313085	13.3987398055429	0.351209097794765
16.875	19.25	0.00296526356076725	0.797777835021751	-0.000968175501652795	13.3286159874245	0.351927421314499
17.125	19.25	0.00448342753947557	0.797335805420692	-0.00108697395711597	13.2583598574989	0.352914227900659
17.375	19.25	0.00652343396115832	0.796784544783312	-0.00120314068025451	13.1879204124653	0.354240232074753
17.625	19.25	0.00921393350586576	0.796103736231383	-0.00131212985063232	13.1172332866151	0.355989056778813
17.875	19.25	0.0127057085630786	0.795272053300782	-0.00140903786386988	13.0462183035635	0.358258710566001
18.125	19.25	0.0171740307025479	0.79426820476993	-0.00148902773583972	12.9747767166457	0.361163119956656
18.375	19.25	0.0228210148994297	0.793072414796979	-0.00154790376941254	12.9027881123562	0.364833659684629
18.625	19.25	0.0298777953482061	0.791668373047135	-0.00158280108609906	12.8301069611959	0.369420566976334
18.875	19.25	0.038606211160044	0.790045639681858	-0.00159290929710566	12.7565588230802	0.375094037254029
19.125	19.25	0.0492994876264281	0.788202413529295	-0.0015800970811388	12.6819362572821	0.382044666957178
19.375	19.25	0.0622811150654145	0.786148468436885	-0.00154925635563665	12.6059945592369	0.390482724792519
19.625	19.25	0.0779007586261631	0.783907941209505	-0.00150816036206927	12.528447559762	0.400635493107006
19.875	19.25	0.0965256061087338	0.781521535228398	-0.00146665450126771	12.4489638875195	0.412741643970677
20.125	19.25	0.118525168275132	0.779047621565364	-0.00143509639680159	12.367164318785	0.427041359378836
20.375	19.25	0.144247386773076	0.776561717997419	-0.00142214277278176	12.2826211105861	0.443760801402499
20.625	19.25	0.173984320473737	0.774153944325375	-0.00143222471848928	12.1948604944584	0.463089808307929
20.875	19.25	0.207927131355462	0.771924299789945	-0.00146329502534438	12.1033697106907	0.48515263538105
21.125	19.25	0.24611298999051	0.769975946786833	-0.00150556683641254	12.0076099413509	0.509973443493831
21.375	19.25	0.28837086682893	0.768407033013546	-0.00154188161718524	11.9070360694121	0.537441063438804
21.625	19.25	0.334278040781003	0.767301859420162	-0.00154999306445864	11.8011231962434	0.567280726507652
21.875	19.25	0.383142374146755	0.766722380493692	-0.00150649576878966	11.6893982928462	0.599042543195391
22.125	19.25	0.434024067227483	0.766701143301011	-0.00139155335694509	11.5714735356463	0.632115643697864
22.375	19.25	0.485802755971293	0.767236843776858	-0.00119323409045622	11.4470764014826	0.665771791381341
22.625	19.25	0.53728264010914	0.768293581721602	-0.000910312676506572	11.3160712139425	0.699233716070941
22.875	19.25	0.587314943305978	0.769804424502584	-0.000552842418989942	11.1784680159016	0.731754713148886
23.125	19.25	0.634910141663742	0.771678989292153	-0.00014046315755681	11.0344172088189	0.762691592081432
23.375	19.25	0.679315958556399	0.773813711006022	0.000300971882960194	10.8841914805342	0.791555373061659
23.625	19.25	0.720049257667784	0.776102775625484	0.000743506388441426	10.7281590118777	0.81803201748406
23.875	19.25	0.756884387587918	0.778447707032945	0.00116096100147357	10.5667530246097	0.841974851932147
24.125	19.25	0.789810894851159	0.780764237504578	0.00153186835841952	10.4004423195227	0.863377081653253
24.375	19.25	0.818976989793815	0.782985996795959	0.00184113077879181	10.2297060546262	0.88233504336598
24.625	19.25	0.844632791453033	0.785065330037313	0.00208042938039256	10.0550143326093	0.899011314444471
24.875	19.25	0.867082200824368	0.786971994491536	0.00224765649139561	9.87681475267748	0.913603430535839
25.125	19.25	0.886647031875551	0.788690590505488	0.00234574280288892	9.69552418125303	0.926320570719108
25.375	19.25	0.903643272084122	0.790217466389947	0.00238123433633528	9.51152459973516	0.937368126854679
25.625	19.25	0.918367345495863	0.791557628221005	0.00236289162250605	9.32516185457163	0.946938774572311
25.875	19.25	0.931089632054307	0.79272197397328	0.00230048085191545	9.13674630141941	0.9552082608353
26.125	19.25	0.942052696788621	0.79372500167304	0.00220383491590256	8.94655457293421	0.962334252912604
26.375	19.25	0.951472232923003	0.794583024960437	0.0020821951724894	8.75483193108319	0.968456951399952
26.625	19.25	0.959539328518968	0.795312860608705	0.00194380417401358	8.56179485439304	0.973700563537329
26.875	19.25	0.966423182868861	0.795930919006855	0.00179570071351168	8.3676336498202	0.978175068864759
27.125	19.25	0.972273781711795	0.796452618199573	0.00164366457042744	8.17251497325323	0.981977958112667
27.375	19.25	0.977224296356073	0.796892045091624	0.00149226298422723	7.97658420218981	0.985195792631447
27.625	19.25	0.98139312785269	0.797261797080952	0.00134495944964529	7.77996763916248	0.987905533104248
27.875	19.25	0.984885603101705	0.797572949396316	0.00120425488594219	7.58277454347138	0.990175642016108
28.125	19.25	0.987795370121654	0.797835105340841	0.00107183992176325	7.3850989979113	0.992066990579075
28.375	19.25	0.990205553024057	0.798056497262376	0.000948744231145572	7.18702162065237	0.993633609465637
28.625	19.25	0.992189725842682	0.798244114921446	0.000835474397727239	6.9886111329264	0.994923321797743
28.875	19.25	0.993812755990209	0.798403844966939	0.0007321358112403	6.78992579230416	0.995978291393636
29.125	19.25	0.995131557279067	0.798540610629243	0.000638536872639102	6.59101470004747	0.996835512231393
29.375	19.25	0.996195781617815	0.798658504755289	0.000554275584659715	6.39191898977304	0.99752725805158
29.625	19.25	0.997048468898814	0.798760912208248	0.000478809689673559	6.19267290369634	0.998081504784229
29.875	19.25	0.997726666726436	0.798850619683576	0.000411512097643785	5.99330476210476	0.998522333372184
30.125	19.25	0.998262025597567	0.798929912362836	0.000351713588032324	5.79383783142063	0.998870316638419
30.375	19.25	0.99868137082843	0.799000657709999	0.000298734791760888	5.5942910961962	0.999142891038479
30.625	19.25	0.999007249711866	0.79906437724642	0.000251909349536279	5.39467994055184	0.999354712312713
30.875	19.25	0.999258450829388	0.799122307425546	0.000210599960756595	5.19501674484222	0.999517993039102
31.125	19.25	0.999450491867467	0.799175450845277	0.000174208822984689	4.99531140363815	0.999642819713853
31.375	19.25	0.999596072443186	0.799224619043407	0.000142183741165985	4.79557177137979	0.999737447088071
31.625	19.25	0.999705489105729	0.799270468061541	0.000114020974050063	4.59580404224516	0.999808567918724
31.875	19.25	0.999787010657099	0.79931352786443	8.92656914805158e-05	4.39601307085359	0.999861556927114
32.125	19.25	0.999847213071855	0.799354226582859	6.75107439635957e-05	4.19620264037099	0.999900688496706
32.375	19.25	0.999891274453018	0.799392910420155	4.83942964667939e-05	3.99637568439849	0.999929328394462
32.625	19.25	0.999923231497622	0.799429859932559	3.15967509078071e-05	3.79653446871826	0.999950100473454
32.875	19.25	0.999946199704642	0.799465303271839	1.6837275685488e-05	3.59668073856871	0.999965029808017
33.125	19.25	0.999962559901223	0.799499426880353	3.87017607999712e-06	3.39681583666832	0.999975663935795
33.375	19.25	0.999974113567805	0.799532384075042	-7.51872285473434e-06	3.19694079675983	0.999983173819073
33.625	19.25	0.99998220915394	0.799564301960792	-1.75155497188826e-05	2.99705641704119	0.999988435950061
33.875	19.25	0.999987841712206	0.799595287156252	-2.62816102292446e-05	2.79716331747218	0.999992097112934
34.125	19.25	0.999991729587636	0.799625430817322	-3.39562796735971e-05	2.59726198448227	0.999994624231963
34.375	19.25	0.999994375062039	0.799654813265976	-4.06595332788588e-05	2.39735280585851	0.999996343790326
34.625	19.25	0.999996119783275	0.799683508040097	-4.64941783876328e-05	2.19743609739507	0.999997477859128
34.875	19.25	0.999997207000579	0.799711584406908	-5.15479813526912e-05	1.99751212136271	0.999998184550376
35.125	19.25	0.999997855264035	0.799739106744033	-5.58959697631453e-05	1.79758109573504	0.999998605921622
35.375	19.25	0.999998327412505	0.799766129591836	-5.96030898356419e-05	1.59764319381715	0.999998912818128
35.625	19.25	0.999998947415042	0.799792689714401	-6.27269518507564e-05	1.39769853801576	0.999999315819777
35.875	19.25	0.999999995637765	0.799818801492549	-6.53196033450473e-05	1.19774719905825	0.999999997164547
36.125	19.25	1.00000143950806	0.799844467396086	-6.74265243846518e-05	0.997789219288556	1.00000093568024
36.375	19.25	1.00000257456236	0.79986971554767	-6.90812698036025e-05	0.797824676666074	1.00000167346554
36.625	19.25	1.0000018642948	0.799894663294744	-7.02965865816047e-05	0.597853782605184	1.00000121179162
36.875	19.25	0.999997475796174	0.799919577688429	-7.10579052944534e-05	0.397876955848972	0.999998359267513
37.125	19.25	0.999988963865588	0.799947518129029	-7.13309938787881e-05	0.197894750828494	0.999992826512632
37.375	19.25	0.999979922890318	0.399963879103477	-7.12185019907317e-05	-0.00209384263549652	0.999986949878707
0.125	19.75	-3.74489096826459e-12	0.399997176323952	1.45718255704082e-06	18.0166984628452	0.349999999997566
0.375	19.75	-5.69871237605834e-12	0.799991522592529	1.52359181997715e-06	17.9466989569854	0.349999999996296
0.625	19.75	-7.51741861541577e-12	0.799985849710271	1.65649732040369e-06	17.876699946382	0.349999999995114
0.875	19.75	-6.60948158174728e-12	0.799980144890794	1.85607290661274e-06	17.8067014332697	0.349999999995704
1.125	19.75	7.44463872477038e-14	0.799974395320712	2.12257940602554e-06	17.7367034210022	0.350000000000048
1.375	19.75	1.52775100735565e-11	0.799968588148894	2.45636451038119e-06	17.6667059140557	0.35000000000993
1.625	19.75	4.00379181115021e-11	0.799962710477755	2.85786270301678e-06	17.596708918032	0.350000000026025
1.875	19.75	7.18816539838819e-11	0.799956749355565	3.32759493945186e-06	17.5267124396641	0.350000000046723
2.125	19.75	1.03058282401227e-10	0.79995069177036	3.86616809198921e-06	17.4567164868213	0.350000000066988
2.375	19.75	1.1949475811689e-10	0.799944524645831	4.47427403543077e-06	17.3867210685154	0.350000000077672
2.625	19.75	1.01274408767113e-10	0.799938234839204	5.15268828753271e-06	17.3167261949078	0.350000000065828
2.875	19.75	2.54149887449089e-11	0.799931809141546	5.90226768858889e-06	17.2467318773156	0.35000000001652
3.125	19.75	-1.28518769396091e-10	0.799925234280671	6.72394743334771e-06	17.1767381282176	0.349999999916463
3.375	19.75	-3.69878804348356e-10	0.799918496927188	7.61873665129416e-06	17.1067449612589	0.349999999759579
3.625	19.75	-6.8602919380447e-10	0.799911583703207	8.58771244013918e-06	17.0367523912533	0.349999999554081
3.875	19.75	-1.03048425093283e-09	0.799904481195103	9.63201169353865e-06	16.9667604341838	0.349999999330185
4.125	19.75	-1.31258753658219e-09	0.799897175969555	1.07528201697069e-05	16.8967691071996	0.349999999146818
4.375	19.75	-1.39250341941673e-09	0.799889654594029	1.19513583321414e-05	16.8267784286107	0.349999999094873
4.625	19.75	-1.08651936096027e-09	0.799881903661415	1.32288623945738e-05	16.7567884178809	0.349999999293762
4.875	19.75	-1.8834340552574e-10	0.799873909820533	1.45865602494732e-05	16.6867990956187	0.349999999877577
5.125	19.75	1.48846516392949e-09	0.799865659812373	1.60256400683814e-05	16.6168104835706	0.350000000967502
5.375	19.75	4.04423544269404e-09	0.799857140513846	1.75472104113744e-05	16.546822604617	0.350000002628753
5.625	19.75	7.40506844248158e-09	0.79984833898922	1.91522497344193e-05	16.4768354827749	0.350000004813294
5.875	19.75	1.12215584437349e-08	0.799839242550018	2.0841542392744e-05	16.4068491432077	0.350000007294013
6.125	19.75	1.47711329518237e-08	0.799829838822537	2.26155988670447e-05	16.3368636122436	0.350000009601236
6.375	19.75	1.68891649244909e-08	0.799820115822403	2.44745563050358e-05	16.2668789173993	0.350000010977957
6.625	19.75	1.59612836787613e-08	0.799810062032929	2.64180557305336e-05	16.1968950874031	0.350000010374834
6.875	19.75	1.00138669084569e-08	0.799799666485317	2.84450912686898e-05	16.1269121522067	0.350000006509013
7.125	19.75	-3.06019404541963e-09	0.799788918833976	3.05538260337155e-05	16.056930142971	0.349999998010874
7.375	19.75	-2.51093664872324e-08	0.79977780942239	3.27413688701833e-05	15.9869490920057	0.349999983678912
7.625	19.75	-5.7147423345265e-08	0.799766329330511	3.50035046359319e-05	15.9169690326419	0.349999962854175
7.875	19.75	-9.85979557312879e-08	0.799754470394886	3.73343701730785e-05	15.846989999014	0.349999935911329
8.125	19.75	-1.46395046864357e-07	0.799742225189802	3.97260666604776e-05	15.7770120257317	0.34999990484322
8.375	19.75	-1.94015902418775e-07	0.799729586956477	4.21681974408461e-05	15.7070351474317	0.349999873889663
8.625	19.75	-2.3057011651892e-07	0.799716549464755	4.46473192354381e-05	15.6370593982112	0.349999850129424
8.875	19.75	-2.40126926373104e-07	0.799703106788908	4.71462927277226e-05	15.5670848109667	0.349999843917498
9.125	19.75	-2.01524679170803e-07	0.799689252977106	4.96435171243348e-05	15.4971114166921	0.349999869008959
9.375	19.75	-8.89729986003302e-08	0.799674981589582	5.21120323676344e-05	15.4271392438259	0.349999942167551
9.625	19.75	1.26177125883391e-07	0.799660285078573	5.4518471685517e-05	15.3571683177868	0.350000082015132
9.875	19.75	4.72065247062682e-07	0.799645153979098	5.68218487468704e-05	15.2871986608898	0.350000306842411
10.125	19.75	9.70893699911626e-07	0.799629575876128	5.89721661303721e-05	15.2172302928984	0.350000631080905
10.375	19.75	1.63099028076922e-06	0.799613534110296	6.09088380305998e-05	15.1472632325324	0.350001060143682
10.625	19.75	2.43599466102855e-06	0.799597006178367	6.25589303900426e-05	15.0772975003091	0.35000158339653
10.875	19.75	3.33099282235933e-06	0.799579961776983	6.38352381717522e-05	15.0073331231409	0.350002165145334
11.125	19.75	4.20576615778188e-06	0.799562360422911	6.46342439044689e-05	14.937370141121	0.350002733748003
11.375	19.75	4.87586312134996e-06	0.799544148560519	6.4834036925649e-05	14.8674086168895	0.350003169311029
11.625	19.75	5.06298726062765e-06	0.799525256028305	6.42923214729118e-05	14.7974486478422	0.350003290941719
11.875	19.75	4.37726220970419e-06	0.799505591699946	6.28447081562965e-05	14.7274903812086	0.350002845220436
12.125	19.75	2.30529804106923e-06	0.799485038033671	6.03035701906948e-05	14.6575340316282	0.350001498443727
12.375	19.75	-1.79037023112355e-06	0.799463444153761	5.64578584361048e-05	14.5875799002786	0.34999883625935
12.625	19.75	-8.6530278807125e-06	0.79944061694682	5.10744106286807e-05	14.5176283938027	0.349994375531878
12.875	19.75	-1.90852694833157e-05	0.799416309485892	4.39014622762218e-05	14.4476800402446	0.349987594574836
13.125	19.75	-3.38628291698511e-05	0.799390205901637	3.46752717666443e-05	14.3777354979109	0.34997798916104
13.375	19.75	-5.35956224550387e-05	0.799361901617833	2.31310021460343e-05	14.3077955515568	0.349965162845404
13.625	19.75	-7.85216129959854e-05	0.799330877675605	9.01924898298773e-06	14.2378610885976	0.349948960951553
13.875	19.75	-0.000108218573752931	0.799296467719882	-7.87015815200202e-06	14.1679330462332	0.349929657927061
14.125	19.75	-0.000141219198935027	0.7992578161488	-2.76752612994964e-05	14.0980123185619	0.349908207520692
14.375	19.75	-0.000174516492873061	0.799213825980498	-5.04180813095234e-05	14.0280996110705	0.349886564279632
14.625	19.75	-0.00020294895851105	0.799163095228279	-7.59479290879679e-05	13.9581952284542	0.349868083176968
14.875	19.75	-0.000218458729597627	0.799103841053094	-0.000103870543407842	13.8882987806816	0.349858001825762
15.125	19.75	-0.000209220164160359	0.799033811752389	-0.000133462564563752	13.8184087916689	0.349864006893296
15.375	19.75	-0.0001586410955501	0.798950187805668	-0.000163572395034637	13.7485221949349	0.349896883287892
15.625	19.75	-4.42433255410439e-05	0.79884947479917	-0.000192510903060535	13.6786337011361	0.349971241838398
15.875	19.75	0.000163567643995011	0.79872739313574	-0.000217938901882438	13.6087350233526	0.350106318968597
16.125	19.75	0.000502831891706925	0.798578772037522	-0.000236763044816875	13.5388139472002	0.350326840729609
16.375	19.75	0.00102145208786282	0.798397458445927	-0.000245057753999515	13.468853234025	0.350663943857111
16.625	19.75	0.00177868993458669	0.798176254949166	-0.000238037864214331	13.3988293462568	0.351156148457481
16.875	19.75	0.00284673910344722	0.797906904644504	-0.00021011425441542	13.3287109841314	0.351850380417241
17.125	19.75	0.00431237879141371	0.797580144570405	-0.000155071760539884	13.2584574221523	0.352803046214419
17.375	19.75	0.00627871929102242	0.797185852537674	-6.64132809390135e-05	13.1880166317128	0.354081167539165
17.625	19.75	0.00886705603985322	0.796713314141305	6.20865156796012e-05	13.1173231733514	0.355763586425905
17.875	19.75	0.0122188477703374	0.796151636498676	0.000235583730722344	13.0462958386452	0.357942251050719
18.125	19.75	0.0164978222047333	0.795490331617652	0.00045711224544096	12.9748350188319	0.360723584433077
18.375	19.75	0.02189218139858	0.79472008386279	0.000726303324666844	12.9028197767244	0.364229917909077
18.625	19.75	0.0286168172248737	0.79383370130617	0.00103796657053127	12.8301046033889	0.368600931196168
18.875	19.75	0.0369153403201127	0.792827228678575	0.00138070215222023	12.7565158560083	0.373994971208073
19.125	19.75	0.0470615534691688	0.791701169770446	0.00173580928327639	12.681847905185	0.38059000975496
19.375	19.75	0.0593597408335075	0.790461730902442	0.00207684800920505	12.6058590781617	0.38858383154178
19.625	19.75	0.0741427805457356	0.78912195857041	0.00237027031000342	12.5282675813042	0.398192807354728
19.875	19.75	0.0917666242931822	0.787702611844437	0.00257751838996741	12.4487477343565	0.409648305790568
20.125	19.75	0.112599180789523	0.786232595578757	0.00265884150830559	12.3669270613648	0.42318946751319
20.375	19.75	0.137001247175882	0.784748797097211	0.00257876686541264	12.2823850579537	0.439050810664323
20.625	19.75	0.165297160124216	0.783295223179044	0.00231267587387732	12.194654764002	0.457443154080741
20.875	19.75	0.197733757516122	0.781921414613744	0.00185336643943947	12.1032285397101	0.478526942385479
21.125	19.75	0.234428586556225	0.780680187333345	0.00121601114282403	12.0075695327318	0.502378581261546
21.375	19.75	0.275312354655039	0.77962476785758	0.000439812635674424	11.9071300379504	0.528953030525775
21.625	19.75	0.320075907483735	0.778805348464482	-0.000414861900199217	11.8013770917552	0.558049339864428
21.875	19.75	0.368136751600095	0.778265059946608	-0.00127399199990222	11.6898241336442	0.589288888540062
22.125	19.75	0.41864131368155	0.778035496296609	-0.00206077831297597	11.5720656168338	0.622116853893008
22.375	19.75	0.470513838726368	0.778132312958451	-0.00270743437656666	11.4478096374089	0.655833995172139
22.625	19.75	0.522550660226662	0.778551909989785	-0.00316507249414707	11.3169028066037	0.68965792914733
22.875	19.75	0.573543416397279	0.779270415357047	-0.00340946747143362	11.1793423902066	0.722803220658232
23.125	19.75	0.622403759681146	0.780245763959385	-0.0034417986326112	11.0352732256409	0.754562443792745
23.375	19.75	0.66826126216946	0.781422700196499	-0.00328491820682265	10.8849703172876	0.784369820410149
23.625	19.75	0.710516135025715	0.782739530682366	-0.00297672340720999	10.7288110366916	0.811835487766715
23.875	19.75	0.748843678077741	0.784134978649842	-0.00256255586057933	10.5672424557904	0.836748390750532
24.125	19.75	0.783160647897754	0.785553722410985	-0.00208828093940007	10.4007491990789	0.85905442113354
24.375	19.75	0.81357024319514	0.786949880350543	-0.00159507933923032	10.2298257601126	0.878820658076841
24.625	19.75	0.840301896302748	0.788288419822557	-0.00111631059909181	10.0549552970063	0.896196232596786
24.875	19.75	0.863657296530038	0.789544934967253	-0.000676287473831384	9.87659520822473	0.911377242744525
25.125	19.75	0.883968322031204	0.79070439992346	-0.000290508376257224	9.6951686585774	0.924579409320282
25.375	19.75	0.901567957343735	0.791759446769505	3.31887105300189e-05	9.51106070959087	0.936019172273428
25.625	19.75	0.916772539676258	0.792708563577354	0.000293032051719816	9.32461765285863	0.945902150789568
25.875	19.75	0.929872583831471	0.793554446512748	0.000491641577416011	9.13614834768206	0.954417179490456
26.125	19.75	0.941129407387206	0.794302613689283	0.000634501416170559	8.94592666071251	0.961734114801684
26.375	19.75	0.950775266573566	0.794960306517879	0.00072869472914512	8.75419439378858	0.968003923272818
26.625	19.75	0.95901534474377	0.795535659229971	0.000781935171838206	8.5611643200768	0.97335997408345
26.875	19.75	0.966030510612071	0.796037097390337	0.000801879226318762	8.36702311714036	0.977919831897846
27.125	19.75	0.971980207613137	0.796472921224234	0.000795677998367368	8.17193409608882	0.981787134948539
27.375	19.75	0.977005142908384	0.796851032212044	0.000769718226203902	7.97603969228961	0.985053342890449
27.625	19.75	0.981229638497023	0.797178767231858	0.000729503506669637	7.7794637190393	0.987799265023065
27.875	19.75	0.984763618594627	0.797462811102797	0.000679633137519462	7.58231340226809	0.990096352086508
28.125	19.75	0.987704264491752	0.797709164577442	0.000623844237872562	7.38468121981885	0.992007771919639
28.375	19.75	0.990137391587808	0.797923150170265	0.000565091042890476	7.18664656841213	0.993589304532075
28.625	19.75	0.992138607712432	0.798109442597236	0.000505642523558756	6.98827727834371	0.994890095013081
28.875	19.75	0.993774306503736	0.798272114100918	0.000447185406106983	6.78963099213065	0.995953299227428
29.125	19.75	0.995102540116999	0.798414687667179	0.00039092424348935	6.59075641970094	0.996816651076049
29.375	19.75	0.996173805068747	0.798540193234693	0.000337673573839682	6.391694479749	0.997512973294686
29.625	19.75	0.997031765237976	0.798651223583104	0.000287939599073796	6.19247933468535	0.998070647404684
29.875	19.75	0.997713927729018	0.798749987761836	0.00024199044655532	5.99313932515969	0.998514053023862
30.125	19.75	0.998252280706401	0.798838360780321	0.000199915129399764	5.79369780931991	0.99886398245916
30.375	19.75	0.998673897425666	0.798917928892311	0.000161671955643573	5.59417391164002	0.999138033326683
30.625	19.75	0.99900150734196	0.798990030231017	0.000127127477852731	5.39458318616261	0.999350979772274
30.875	19.75	0.999254033147551	0.799055790834625	9.60872174981942e-05	5.19493819922165	0.999515121545908
31.125	19.75	0.999447091611151	0.799116156280302	6.83194123144575e-05	4.99524903702547	0.999640609547248
31.375	19.75	0.999593455912129	0.799171919249214	4.35729698867091e-05	4.79552374380022	0.999735746342884
31.625	19.75	0.99970347755013	0.799223743396947	2.15907015727431e-05	4.59576869645319	0.999807260407585
31.875	19.75	0.999785466667157	0.799272183919969	2.11878121993356e-06	4.39598892187124	0.999860553333652
32.125	19.75	0.999846030579705	0.799317705199434	-1.50867620905823e-05	4.19618836299674	0.999899919876808
32.375	19.75	0.999890371337039	0.79936069587625	-3.02558396382625e-05	3.99637009971325	0.999928741369076
32.625	19.75	0.999922544051752	0.799401481670634	-4.36018316422087e-05	3.79653653033453	0.999949653633639
32.875	19.75	0.999945678433554	0.799440336215014	-5.53204026569248e-05	3.59668951914792	0.99996469098181
33.125	19.75	0.999962166259211	0.799477490135972	-6.55892496091512e-05	3.39683051506047	0.999975408068487
33.375	19.75	0.999973817404732	0.799513138619375	-7.45684993885392e-05	3.19696064598633	0.999982981313076
33.625	19.75	0.999981986778187	0.799547447736731	-8.24015217400154e-05	2.99708079323536	0.999988291405821
33.875	19.75	0.999987674602218	0.799580559882883	-8.92159559252767e-05	2.79719164980299	0.999991988491442
34.125	19.75	0.999991603802873	0.799612598702858	-9.51247847571194e-05	2.59729376601583	0.999994542471868
34.375	19.75	0.999994281214693	0.799643673738638	-0.000100227356753563	2.39738758527245	0.999996282789551
34.625	19.75	0.999996052986421	0.799673884580164	-0.000104610381203977	2.19747347147809	0.999997434441174
34.875	19.75	0.999997165667586	0.799703323590612	-0.000108349087896422	1.997551728324	0.999998157683931
35.125	19.75	0.999997837500985	0.799732075685701	-0.000111508859425462	1.7976226094924	0.99999859437564
35.375	19.75	0.999998324805367	0.799760214030149	-0.000114147524677081	1.59768631952216	0.999998911123488
35.625	19.75	0.999998938856951	0.799787792902977	-0.000116317948637307	1.39774300891332	0.999999310257018
35.875	19.75	0.999999947895187	0.799814843678925	-0.000118069561860875	1.19779277417085	0.999999966131872
36.125	19.75	1.00000132365888	0.799841384984836	-0.000119446532624578	0.997835680389195	1.00000086037827
36.375	19.75	1.00000240303454	0.799867458353014	-0.000120480561074004	0.79787182210784	1.00000156197245
36.625	19.75	1.0000017367878	0.799893188378201	-0.000121179285856614	0.5979014160389	1.00000112891207
36.875	19.75	0.999997594689577	0.799918840217436	-0.000121517697820398	0.397924871195032	0.999998436548225
37.125	19.75	0.999989555708317	0.799947325201248	-0.000121447518220516	0.197942721557104	0.999993211210406
37.375	19.75	0.999981015198833	0.399964800733644	-0.000121097821938477	-0.00204598505853571	0.999987659879241
0.125	20.25	-3.76109087670106e-12	0.399997255496972	1.25935370758679e-05	18.016697218044	0.349999999997555
0.375	20.25	-5.71004640177625e-12	0.799991760209774	1.26852776339267e-05	17.9466976983279	0.349999999996288
0.625	20.25	-7.50869169475455e-12	0.799986246065768	1.28688685993758e-05	17.8766986599949	0.349999999995119
0.875	20.25	-6.55634438133769e-12	0.799980700473798	1.31445290655541e-05	17.8067001052453	0.349999999995738
1.125	20.25	2.00555020118327e-13	0.799975110814305	1.35125865486584e-05	17.7367020373816	0.35000000000013
1.375	20.25	1.54987010596396e-11	0.799969464427887	1.39734753314896e-05	17.6667044608114	0.350000000010074
1.625	20.25	4.03528205754267e-11	0.799963748605886	1.4527734374061e-05	17.5967073810521	0.350000000026229
1.875	20.25	7.22435656132293e-11	0.799957950581701	1.5176004470776e-05	17.5267108047351	0.350000000046958
2.125	20.25	1.03352963117015e-10	0.799952057523392	1.59190246523597e-05	17.4567147396126	0.350000000067179
2.375	20.25	1.19525251666734e-10	0.799946056527918	1.67576277153553e-05	17.3867191945635	0.350000000077691
2.625	20.25	1.00762231134208e-10	0.799939934617554	1.76927344569472e-05	17.3167241796017	0.350000000065495
2.875	20.25	2.40274137683266e-11	0.799933678737308	1.87253469921839e-05	17.2467297058827	0.350000000015618
3.125	20.25	-1.31106355755309e-10	0.799927275755146	1.98565402141329e-05	17.1767357857107	0.349999999914781
3.375	20.25	-3.73877541675222e-10	0.799920712464215	2.10874516031293e-05	17.1067424325447	0.34999999975698
3.625	20.25	-6.9138230175449e-10	0.799913975587272	2.2419268805522e-05	17.0367496610026	0.349999999550602
3.875	20.25	-1.03666345794931e-09	0.799907051783339	2.38532145704505e-05	16.9667574868634	0.349999999326169
4.125	20.25	-1.31835532061255e-09	0.799899927657408	2.53905286807595e-05	16.8967659270675	0.349999999143069
4.375	20.25	-1.39568259705687e-09	0.799892589771823	2.7032445727352e-05	16.8267749997145	0.349999999092806
4.625	20.25	-1.08384670950869e-09	0.799885024661206	2.87801685777929e-05	16.7567847240595	0.3499999992955
4.875	20.25	-1.75517759308381e-10	0.799877218849812	3.06348360240708e-05	16.6867951205106	0.349999999885913
5.125	20.25	1.51641007557066e-09	0.799869158872599	3.25974838055285e-05	16.6168062106273	0.350000000985666
5.375	20.25	4.09210465792665e-09	0.79986083130025	3.46689973275453e-05	16.5468180171255	0.350000002659868
5.625	20.25	7.47612070145934e-09	0.799852222768086	3.68500546413874e-05	16.4768305638887	0.350000004859478
5.875	20.25	1.13155051562496e-08	0.799843320008221	3.91410577053651e-05	16.4068438759913	0.350000007355078
6.125	20.25	1.48815474940468e-08	0.799834109884228	4.15420496564858e-05	16.3368579797305	0.350000009673006
6.375	20.25	1.70004618876842e-08	0.799824579425761	4.40526158038285e-05	16.2668729026687	0.3500000110503
6.625	20.25	1.60456161913978e-08	0.799814715859461	4.66717652104256e-05	16.1968886736784	0.350000010429651
6.875	20.25	1.00285232670046e-08	0.799804506632036	4.93977903076491e-05	16.1269053229802	0.35000000651854
7.125	20.25	-3.174061559323e-09	0.79979393941844	5.22281004771237e-05	16.0569228821599	0.34999999793686
7.375	20.25	-2.54256155600209e-08	0.79978300210775	5.51590261551258e-05	15.986941384147	0.34999998347335
7.625	20.25	-5.77501666038415e-08	0.799771682756839	5.81855891077671e-05	15.9169608631312	0.349999962462392
7.875	20.25	-9.95718929112465e-08	0.799759969501106	6.1301233838928e-05	15.8469813543979	0.34999993527827
8.125	20.25	-1.47809708209873e-07	0.799747850408417	6.44975147677656e-05	15.7770028940635	0.34999990392369
8.375	20.25	-1.95902926656056e-07	0.799735313262322	6.77637328967156e-05	15.7070255187004	0.349999872663098
8.625	20.25	-2.32893183374392e-07	0.799722345257015	7.10865148697885e-05	15.6370492648576	0.349999848619431
8.875	20.25	-2.4274462591732e-07	0.799708932585905	7.44493269739588e-05	15.5670741685005	0.349999842215993
9.125	20.25	-2.04147349936613e-07	0.799695059902728	7.78319158919101e-05	15.4971002644265	0.349999867304223
9.375	20.25	-9.11152753216036e-08	0.799680709633685	8.12096688817171e-05	15.4271275857483	0.349999940775071
9.625	20.25	1.25245817273174e-07	0.799665861117768	8.45528874872958e-05	15.357156163586	0.350000081409781
9.875	20.25	4.73369919222192e-07	0.799650489553733	8.78259725888513e-05	15.2871860271596	0.350000307690447
10.125	20.25	9.75800926736973e-07	0.799634564734431	9.09865251938363e-05	15.2172172045413	0.350000634270602
10.375	20.25	1.64125256967753e-06	0.799618049554166	9.39843783366326e-05	15.1472497243812	0.35000106681417
10.625	20.25	2.45379326133338e-06	0.799600898281033	9.67605917873703e-05	15.0772836189828	0.35000159496562
10.875	20.25	3.3589823004771e-06	0.799583054595324	9.92464654441018e-05	15.0073189291426	0.350002183338495
11.125	20.25	4.24712577070728e-06	0.799564449402539	0.000101362660804894	14.9373557111704	0.350002760631751
11.375	20.25	4.93435987399941e-06	0.799544998436917	0.000103018565921732	14.8673940464614	0.350003207333918
11.625	20.25	5.14305120118448e-06	0.79952459967414	0.000104112099067904	14.7974340538499	0.350003342983281
11.875	20.25	4.48406232103085e-06	0.799503130566121	0.000104530224659719	14.7274759047241	0.350002914640509
12.125	20.25	2.44478144447782e-06	0.799480445097623	0.000104150552135101	14.6575198404679	0.350001589107939
12.375	20.25	-1.61156039212921e-06	0.799456370637436	0.000102844509036529	14.587566191196	0.349998952485745
12.625	20.25	-8.42792156221405e-06	0.79943070452193	0.000100482722339532	14.5176153939173	0.349994521850985
12.875	20.25	-1.88075234344624e-05	0.799403210264087	9.6943408775091e-05	14.447668007191	0.349987775109768
13.125	20.25	-3.35287694688147e-05	0.799373613239755	9.21247583721837e-05	14.3777247180121	0.349978206299845
13.375	20.25	-5.32081946234026e-05	0.799341595672882	8.59624894605804e-05	14.3077863351085	0.349965414673495
13.625	20.25	-7.80975247709563e-05	0.799306790743026	7.84539370289297e-05	14.2378537610923	0.349949236608899
13.875	20.25	-0.000107800591220962	0.799268775690081	6.96901821524073e-05	14.1679279340665	0.349929929615706
14.125	20.25	-0.000140896513759873	0.799227063918568	5.98977926179613e-05	14.0980097274572	0.349908417266056
14.375	20.25	-0.000174457403598259	0.799181096325631	4.94916563720308e-05	14.0280997951559	0.349886602687661
14.625	20.25	-0.000203451901267456	0.799130232411213	3.91400598213112e-05	13.9581983476705	0.349867756264176
14.875	20.25	-0.000220030057353564	0.799073742179089	2.98424706253923e-05	13.8883048440453	0.34985698046272
15.125	20.25	-0.000212690106470014	0.799010800387897	2.30192783646501e-05	13.8184175839477	0.349861751430795
15.375	20.25	-0.000165333103606832	0.798940485325006	2.0610852371819e-05	13.7485331846108	0.349892533482656
15.625	20.25	-5.62165357381381e-05	0.79886178487636	2.51805064784184e-05	13.6786459282794	0.34996345925177
15.875	20.25	0.000143177890803308	0.798773613143504	4.00121494128935e-05	13.6087469673542	0.350093065629022
16.125	20.25	0.000469344886061945	0.798674841059584	6.91884445720847e-05	13.5388233763943	0.35030507417594
16.375	20.25	0.000968007692979419	0.79856434418678	0.000117629242071509	13.4688570422412	0.350629205000437
16.625	20.25	0.00169540844536395	0.798441069910318	0.000191063160097365	13.3988233854377	0.351102015489487
16.875	20.25	0.002719630731734	0.798304124348105	0.000295898135527394	13.3286899074185	0.351767759975627
17.125	20.25	0.00412195881373023	0.798152876257791	0.000438950715864366	13.2584145582726	0.352679273228925
17.375	20.25	0.00599829084457759	0.797987070935702	0.000626990686625147	13.1879439189038	0.353898889048975
17.625	20.25	0.00846063702319517	0.797806941625695	0.000866059966537051	13.1172111889931	0.355499414065077
17.875	20.25	0.0116387450151736	0.79761329964886	0.00116053599823775	13.0461339684357	0.357565184259863
18.125	20.25	0.0156818996062355	0.7974075781297	0.00151193413607327	12.9746118154543	0.360193234744053
18.375	20.25	0.0207609344162685	0.797191799171484	0.00191748484042548	12.902523560654	0.363494607370574
18.625	20.25	0.027070459972744	0.796968432615609	0.0023685828580306	12.8297243551593	0.367595798982284
18.875	20.25	0.0348312388860997	0.796740118701196	0.00284928724101218	12.7560424365227	0.372640305275965
19.125	20.25	0.0442925034040214	0.79650924004378	0.00333514787896264	12.681275614396	0.378790127212614
19.375	20.25	0.0557337852930215	0.796277353423801	0.00379273219063563	12.6051875181319	0.386226960440464
19.625	20.25	0.0694654830025507	0.796044531257908	0.00418029808766866	12.5275037232735	0.395152563951658
19.875	20.25	0.085826907353066	0.795808716750929	0.00445006433531909	12.4479079992077	0.405787489779493
20.125	20.25	0.105179943380157	0.795565261828947	0.00455241175700735	12.3660391124011	0.418366963197102
20.375	20.25	0.127895845685669	0.795306881077874	0.00444205227554081	12.2814888878269	0.433132299695685
20.625	20.25	0.154332297673161	0.795024291922198	0.00408570015673574	12.1938025631958	0.450315993487554
20.875	20.25	0.18479815941919	0.794707775762609	0.00347011977174847	12.1024828109312	0.470118803622474
21.125	20.25	0.219504923390755	0.794349727125129	0.00260878008845186	12.006999028916	0.49267820020399
21.375	20.25	0.258507366310643	0.793947915155805	0.00154502103702725	11.9068034141726	0.518029788101918
21.625	20.25	0.301641267360264	0.793508703106149	0.000349968241350948	11.8013546940735	0.546066823784172
21.875	20.25	0.348472181217711	0.793049046948147	-0.00088541742215091	11.6901490259921	0.576506917791512
22.125	20.25	0.398273325752191	0.792596051224648	-0.00206303471738224	11.5727555637387	0.608877661738924
22.375	20.25	0.450048979421004	0.792183474872186	-0.00309230307338181	11.4488520114715	0.642531836623653
22.625	20.25	0.502610039266029	0.791845772573034	-0.00390322121693766	11.318254013039	0.676696525522919
22.875	20.25	0.554692363500536	0.791611452854749	-0.00445476475994461	11.1809323709498	0.710550036275348
23.125	20.25	0.605092871488787	0.791497966650316	-0.00473714234044726	11.0370142409641	0.743310366467712
23.375	20.25	0.652791295688993	0.791509664578905	-0.00476832520295017	10.886768050529	0.774314342197846
23.625	20.25	0.697031053287546	0.791638992338044	-0.0045866833855852	10.7305755999545	0.803070184636905
23.875	20.25	0.73734775907607	0.791869876796901	-0.00424209031365772	10.5688972165208	0.829276043399445
24.125	20.25	0.773550439505115	0.792181792682036	-0.00378756490761656	10.4022362429107	0.852807785678325
24.375	20.25	0.805671342932815	0.792553291606215	-0.00327276762010938	10.2311078186667	0.87368637290633
24.625	20.25	0.833902866771426	0.792964410581841	-0.00273984662497178	10.0560147402366	0.892036863401427
24.875	20.25	0.858536494204641	0.79339793960132	-0.00222149996122298	9.87743107883055	0.908048721233017
25.125	20.25	0.879912464740608	0.793839828977149	-0.00174076684474436	9.69579275128047	0.921943102081395
25.375	20.25	0.898383212154071	0.794279079352664	-0.00131195415708387	9.51149350521501	0.933949087900146
25.625	20.25	0.914289794950934	0.794707388883397	-0.000942157886310582	9.3248846444188	0.944288366718107
25.875	20.25	0.927948704597364	0.795118729503397	-0.00063296868413806	9.1362770384552	0.953166657988286
26.125	20.25	0.939646017854718	0.795508938871672	-0.00038209385314965	8.94594431815158	0.960769911605566
26.375	20.25	0.949636216769254	0.795875360661877	-0.000184750764819732	8.75412651723792	0.967263540900015
26.625	20.25	0.958143644753426	0.796216538534797	-3.47763405658745e-05	8.56103371410748	0.972793369089727
26.875	20.25	0.965365216032011	0.796531958559036	7.45456949317598e-05	8.36684943890289	0.977487390420807
27.125	20.25	0.971473524346588	0.796821832676781	0.000149907081392531	8.1717337480466	0.981457790825282
27.375	20.25	0.976619877023178	0.797086916806258	0.000197601315194265	7.97582594839619	0.984802920065066
27.625	20.25	0.980937029516118	0.797328358755526	0.000223306945699926	7.77924699432364	0.987609069185477
27.875	20.25	0.984541545212716	0.797547572339629	0.000231985385150859	7.5821015978095	0.989952004388266
28.125	20.25	0.987535786896034	0.797746134773344	0.00022785784636429	7.38448009461587	0.991898261482422
28.375	20.25	0.990009584689198	0.79792570470924	0.000214433616044019	7.18646010565143	0.993506230047979
28.625	20.25	0.992041638258021	0.798087958390308	0.000194568849520005	6.98810802595191	0.994827064867714
28.875	20.25	0.993700710183224	0.798234541432967	0.000170540960339799	6.78948036660637	0.995905461619096
29.125	20.25	0.995046659942174	0.798367033830491	0.00014412836803962	6.59062496862499	0.996780328962413
29.375	20.25	0.996131358075692	0.798486925900205	0.000116688942663007	6.39158210263651	0.9974853827492
29.625	20.25	0.996999510181404	0.798595603086065	8.92331109470653e-05	6.19238546450175	0.998049681617912
29.875	20.25	0.99768941152513	0.7986943377584	6.24894518819989e-05	5.99306307431656	0.998498117491334
30.125	20.25	0.998233645790378	0.798784286401677	3.69618825180151e-05	5.79363808465089	0.998851869763746
30.375	20.25	0.998659735900664	0.798866490831085	1.2978367821306e-05	5.59412950300223	0.999128828335431
30.625	20.25	0.998990750852141	0.798941882315621	-9.26839833469335e-06	5.3945528331164	0.999343988053892
30.875	20.25	0.999245869881569	0.799011287699664	-2.9687605829983e-05	5.19492063985383	0.99950981542302
31.125	20.25	0.999440903818318	0.799075436803083	-4.82633654668775e-05	4.99524304249944	0.999636587481907
31.375	20.25	0.999588772873186	0.799134970540449	-6.50332690907762e-05	4.79552814170511	0.999732702367571
31.625	20.25	0.999699940162707	0.79919044933425	-8.00716022916448e-05	4.59578238552705	0.999804961105759
31.875	20.25	0.999782800747236	0.799242361507047	-9.34764079758249e-05	4.39601088021361	0.999858820485703
32.125	20.25	0.999844026698404	0.799291131423989	-0.000105359687048363	4.19621765147744	0.999898617353963
32.375	20.25	0.999888869551735	0.799337127221856	-0.000115840118421997	3.99640586193213	0.999927765208627
32.625	20.25	0.999921422291542	0.799380668005343	-0.000125037776548679	3.79657799019063	0.999948924489502
32.875	20.25	0.999944843600556	0.799422030422851	-0.000133070414773317	3.59673597683333	0.999964148340362
33.125	20.25	0.999961547349883	0.79946145456654	-0.000140050960890644	3.39688134209668	0.999975005777424
33.375	20.25	0.999973360176425	0.799499149193492	-0.00014608593152264	3.19701527975952	0.999982684114676
33.625	20.25	0.999981649701339	0.799535296350054	-0.000151274511443884	2.99713873135091	0.99998807230587
33.875	20.25	0.99998742601711	0.799570055584773	-0.000155708069073389	2.79725244446048	0.999991826911122
34.125	20.25	0.999991420247969	0.799603567990675	-0.000159469911208432	2.59735701850599	0.99999442316118
34.375	20.25	0.999994146682011	0.799635960206202	-0.000162635153460755	2.39745294063475	0.999996195343307
34.625	20.25	0.999995958330292	0.799667348111788	-0.000165270727061706	2.19754061336389	0.99999737291469
34.875	20.25	0.999997106742958	0.799697839316495	-0.000167435740738627	1.99762037420873	0.999998119382923
35.125	20.25	0.999997810452267	0.799727532997879	-0.000169182555342348	1.79769250654359	0.999998576793973
35.375	20.25	0.999998318231553	0.799756516022582	-0.000170558786017755	1.59775724152743	0.99999890685051
35.625	20.25	0.999998926077016	0.799784856486876	-0.000171609780764523	1.39781475446448	0.99999930195006
35.875	20.25	0.999999887539724	0.799812600156374	-0.00017237992649902	1.19786516554477	0.999999926900821
36.125	20.25	1.00000117985423	0.799839780010622	-0.00017290999090865	0.997908561291647	1.00000076690525
36.375	20.25	1.00000219108394	0.799866449354098	-0.000173228027698036	0.797945051326769	1.00000142420456
36.625	20.25	1.00000157999981	0.799892737593505	-0.000173335002363065	0.597974854603159	1.00000102699988
36.875	20.25	0.999997743700702	0.799918903848928	-0.000173194063836142	0.39799836473316	0.999998533405456
37.125	20.25	0.999990291540894	0.799947670144633	-0.000172741672693039	0.198016087853829	0.999993689501581
37.375	20.25	0.999982372243835	0.399966151380638	-0.000172133613461906	-0.00197285672258019	0.999988541958493
0.125	20.75	-3.77667440527578e-12	0.399997359805079	2.33629293347656e-05	18.0166940521096	0.349999999997545
0.375	20.75	-5.72354927341746e-12	0.799992073255607	2.34795619473205e-05	17.9466945141387	0.34999999999628
0.625	20.75	-7.50852399268653e-12	0.799986768213112	2.37129618174732e-05	17.8766954392748	0.349999999995119
0.875	20.75	-6.52186501967538e-12	0.799981432326591	2.40633973361297e-05	17.8066968296757	0.349999999995761
1.125	20.75	2.95944911966718e-13	0.799976053212906	2.45312687492631e-05	17.7366986885806	0.350000000000192
1.375	20.75	1.5679799226572e-11	0.79997061844395	2.5117105419758e-05	17.6667010203135	0.350000000010192
1.625	20.75	4.06289507424764e-11	0.79996511553512	2.58215620457182e-05	17.5967038302879	0.350000000026409
1.875	20.75	7.25890948496968e-11	0.799959531935119	2.6645413652088e-05	17.5267071250123	0.350000000047183
2.125	20.75	1.03684288554736e-10	0.799953855015905	2.75895494542532e-05	17.4567109120973	0.350000000067395
2.375	20.75	1.19679762722624e-10	0.799948072065153	2.86549654920017e-05	17.3867152002634	0.350000000077792
2.625	20.75	1.00488966960981e-10	0.799942170278956	2.98427555720177e-05	17.3167199993494	0.350000000065318
2.875	20.75	2.30032701475432e-11	0.799936136756615	3.115410072596e-05	17.2467253203219	0.350000000014952
3.125	20.75	-1.33219531243858e-10	0.799929958496866	3.25902567000685e-05	17.1767311752834	0.349999999913407
3.375	20.75	-3.77323878224561e-10	0.799923622395352	3.41525393310387e-05	17.1067375774808	0.349999999754739
3.625	20.75	-6.96150746240742e-10	0.799917115244118	3.5842307513878e-05	17.0367445413123	0.349999999547502
3.875	20.75	-1.04228932896768e-09	0.799910423732342	3.76609434372544e-05	16.9667520823328	0.349999999322512
4.125	20.75	-1.32371349379301e-09	0.799903534448394	3.9609829467687e-05	16.8967602172577	0.349999999139586
4.375	20.75	-1.39881217868389e-09	0.799896433883202	4.16903215988371e-05	16.8267689639648	0.349999999090772
4.625	20.75	-1.08185805813821e-09	0.799889108435192	4.3903718466799e-05	16.7567783414968	0.349999999296792
4.875	20.75	-1.64651517634744e-10	0.799881544416136	4.62512254760577e-05	16.6867883700636	0.349999999892977
5.125	20.75	1.54047181484352e-09	0.799873728058238	4.87339131155681e-05	16.6167990710492	0.350000001001307
5.375	20.75	4.13354436853531e-09	0.799865645523612	5.13526687501501e-05	16.5468104670241	0.350000002686804
5.625	20.75	7.53777481462439e-09	0.799857282913844	5.41081404019821e-05	16.4768225817679	0.350000004899554
5.875	20.75	1.13970543674507e-08	0.799848626280447	5.70006718669857e-05	16.4068354403032	0.350000007408085
6.125	20.75	1.49771408724839e-08	0.799839661633603	6.00302274371068e-05	16.3368490689433	0.350000009735142
6.375	20.75	1.70959784563194e-08	0.79983037494644	6.31963050106822e-05	16.2668634953498	0.350000011112386
6.625	20.75	1.6115976982757e-08	0.799820752150925	6.64978363956357e-05	16.196878748598	0.350000010475385
6.875	20.75	1.00356939863286e-08	0.799810779119846	6.99330727230109e-05	16.1268948592373	0.350000006523201
7.125	20.75	-3.28152115519866e-09	0.799800441627407	7.34994541568806e-05	16.0569118593351	0.349999997867011
7.375	20.75	-2.57104371238295e-08	0.799789725281128	7.71934618964214e-05	15.9869297824858	0.349999983288216
7.625	20.75	-5.82806221287333e-08	0.799778615412863	8.10104510593623e-05	15.9169486637629	0.349999962117596
7.875	20.75	-1.0041145373888e-07	0.799767096919154	8.49444626419361e-05	15.8469685395951	0.349999934732555
8.125	20.75	-1.49001503174602e-07	0.799755154036056	8.89880125495578e-05	15.7769894475479	0.349999903149023
8.375	20.75	-1.97448982921543e-07	0.799742770034287	9.31318554351044e-05	15.7070114260025	0.349999871658161
8.625	20.75	-2.34729260990781e-07	0.799729926818051	9.73647206089353e-05	15.6370345137361	0.34999984742598
8.875	20.75	-2.44712431178246e-07	0.79971660440978	0.0001016730168308	15.5670587494312	0.34999984093692
9.125	20.75	-2.05966862470574e-07	0.799702780302977	0.000106040503118272	15.4970841711688	0.349999866121539
9.375	20.75	-9.23605856723494e-08	0.79968842866438	0.000110447922666576	15.4271108160004	0.349999939965619
9.625	20.75	1.25163740710871e-07	0.799673519369767	0.000114872599108491	15.3571387197367	0.350000081356431
9.875	20.75	4.75211147167813e-07	0.799658016861756	0.000119287997462789	15.2871679171503	0.350000308887246
10.125	20.75	9.80495296510635e-07	0.799641878825116	0.000123663258450026	15.217198442842	0.350000637321943
10.375	20.75	1.64989370307471e-06	0.799625054688779	0.000127962724672871	15.1472303330888	0.350001072430907
10.625	20.75	2.46763872034128e-06	0.799607483979512	0.000132145492436248	15.0772636290373	0.350001603965168
10.875	20.75	3.3794789452512e-06	0.799589094576108	0.00013616504431085	15.0072983816479	0.350002196661314
11.125	20.75	4.27598874608695e-06	0.799569800941015	0.000139969047938152	14.9373346587899	0.350002779392685
11.375	20.75	4.97374266030447e-06	0.799549502439243	0.000143499446028281	14.8673725548307	0.350003232932729
11.625	20.75	5.19585021224231e-06	0.799528081892149	0.000146693014109725	14.7974122029151	0.350003377302638
11.875	20.75	4.55439848834033e-06	0.799505404553324	0.000149482626853794	14.7274537898629	0.350002960359017
12.125	20.75	2.53868692109418e-06	0.799481317737406	0.000151799552361794	14.657497573185	0.350001650146499
12.375	20.75	-1.48525872465231e-06	0.799455651376949	0.000153577186521294	14.5875438990976	0.349999034581829
12.625	20.75	-8.25660115331251e-06	0.799428219834693	0.000154756745975115	14.5175932195593	0.34999463320925
12.875	20.75	-1.85738498230922e-05	0.799398825358406	0.000155295555525271	14.447646105261	0.349987926997615
13.125	20.75	-3.32102643967885e-05	0.799367263645557	0.000155178688131088	14.3777032501383	0.349978413328142
13.375	20.75	-5.27779908877924e-05	0.799333332092038	0.000154434833386687	14.3077654613998	0.349965694305923
13.625	20.75	-7.75274574458769e-05	0.799296841449439	0.000153157367756301	14.2378336272949	0.34994960715266
13.875	20.75	-0.00010706841603689	0.799257631817227	0.000151531651825695	14.1679086529919	0.349930405529576
14.125	20.75	-0.000139999938488455	0.79921559416168	0.000149869551070697	14.0979913531008	0.349909000039983
14.375	20.75	-0.000173438837001053	0.799170698877356	0.000148652017486318	14.0280822877199	0.349887264755949
14.625	20.75	-0.000202439442985114	0.799123033273477	0.000148580212030125	13.9581815275572	0.34986841436206
14.875	20.75	-0.000219302347870496	0.799072850232331	0.000150635007195208	13.8882883328581	0.349857453473884
15.125	20.75	-0.000212775295379809	0.799020630569264	0.000156143681710659	13.8184007306967	0.349861696058003
15.375	20.75	-0.000167155416224197	0.798967161706279	0.000166851088239492	13.7485149757581	0.349891348979454
15.625	20.75	-6.13077116175635e-05	0.798913634974821	0.000184990425067618	13.6786248810932	0.349960149987449
15.875	20.75	0.000132380741413465	0.798861762968978	0.000213345876934885	13.6087210073921	0.350086047481919
16.125	20.75	0.000449088924507354	0.798813916603006	0.000255295773506125	13.5387897019473	0.35029190780093
16.375	20.75	0.000932670991419875	0.798773278589272	0.000314820616676133	13.4688119813756	0.350606236144423
16.625	20.75	0.00163676943147941	0.798744005656325	0.00039645560294532	13.3987622549752	0.351063900130462
16.875	20.75	0.00262592418721631	0.798731385749195	0.000505162630330633	13.3286068878595	0.351706850721691
17.125	20.75	0.00397668300450377	0.798741968637837	0.000646093104659404	13.2583026042507	0.352584843952927
17.375	20.75	0.00577873578439228	0.798783639015532	0.000824211461990106	13.1877947310806	0.353756178259855
17.625	20.75	0.00813611610448479	0.798865590952827	0.00104375201059117	13.1170152799646	0.355288475467915
17.875	20.75	0.0111685340867542	0.798998152718852	0.00130749073732842	13.0458808615405	0.35725954715639
18.125	20.75	0.0150129224793613	0.799192403501097	0.00161583171259272	12.9742904202776	0.359758399611585
18.375	20.75	0.0198252857863549	0.799459521322345	0.0019657372324978	12.9021227709372	0.362886435761131
18.625	20.75	0.0257829303275793	0.799809808250364	0.00234957379562092	12.8292339116006	0.366758904712927
18.875	20.75	0.0330871055003214	0.80025135935717	0.00275400273722057	12.7554540857563	0.371506618575209
19.125	20.75	0.0419659800386429	0.800788380747908	0.0031591120161371	12.6805845727928	0.377277887025118
19.375	20.75	0.0526776799867499	0.801419223990293	0.00353805614520461	12.6043942111002	0.384240491991387
19.625	20.75	0.0655127892122472	0.802134292596719	0.0038575283343969	12.5266157138117	0.392583312987961
19.875	20.75	0.080795223363441	0.802914090372549	0.00407940534111179	12.4469419415677	0.402516895186237
20.125	20.75	0.0988797253270886	0.803727813424333	0.00416384207475003	12.3650224699415	0.414271821462608
20.375	20.75	0.120143456289163	0.804533015096188	0.00407390365588644	12.2804610484831	0.428093246587956
20.625	20.75	0.144968471416832	0.805276949803778	0.00378147238466423	12.1928148942856	0.444229506420941
20.875	20.75	0.173711685055564	0.805900149243793	0.00327366741929941	12.1015971570953	0.462912595286116
21.125	20.75	0.206659896183472	0.806342498743467	0.00255847036845369	12.0062842290922	0.484328932519257
21.375	20.75	0.243970312809408	0.806551477244568	0.00166788449032067	11.9063296559298	0.508580703326115
21.625	20.75	0.28560221437479	0.80649133260489	0.000657064883965645	11.8011859700282	0.535641439343613
21.875	20.75	0.331252296659448	0.806151049408171	-0.000401348747281272	11.6903345666056	0.565313992828641
22.125	20.75	0.380312458300275	0.805548546315986	-0.00142708063440951	11.5733217356055	0.597203097895178
22.375	20.75	0.431870291090615	0.804729153407638	-0.00234415565092367	11.4497965228714	0.6307156892089
22.625	20.75	0.484765556582645	0.803758167722655	-0.00309197215653817	11.3195440843475	0.665097611778719
22.875	20.75	0.537700235518168	0.802709489643449	-0.00363280465886215	11.1825077041398	0.699505153086809
23.125	20.75	0.58938087216544	0.801653802002034	-0.00395428576495312	11.0387943724296	0.733097566907536
23.375	20.75	0.638659301806997	0.800649593786418	-0.00406705430716394	10.8886624787135	0.765128546174548
23.625	20.75	0.684638614983942	0.799738729915695	-0.00399903565596527	10.7324944431974	0.795015099739562
23.875	20.75	0.726724885235397	0.798946301658968	-0.00378832527769132	10.570760296441	0.822371175403008
24.125	20.75	0.764624021048741	0.798283234671125	-0.0034764181288355	10.4039792395968	0.847005613681682
24.375	20.75	0.798297923394665	0.797749935061983	-0.00310289030206655	10.232685107107	0.868893650206532
24.625	20.75	0.827900082450373	0.797339766879776	-0.00270194945199626	10.0573993145185	0.888135053592742
24.875	20.75	0.85370862331895	0.797041822863112	-0.00230075003097369	9.8786124104999	0.904910605157318
25.125	20.75	0.876068511708284	0.796842924900946	-0.00191908600383809	9.69677351734713	0.919444532610385
25.375	20.75	0.895347986336618	0.796729001864152	-0.0015699921965814	9.51228597742919	0.931976191118802
25.625	20.75	0.911909430043303	0.796686024613413	-0.00126083142724706	9.32550728966255	0.942741129528147
25.875	20.75	0.926092284636586	0.796700636014764	-0.000994547634462435	9.13675163897998	0.951959985013781
26.125	20.75	0.938204775865183	0.796760563433184	-0.000770876708007524	8.94629373018172	0.959833104312369
26.375	20.75	0.948521418095379	0.796854866764629	-0.000587400976503808	8.75437306015746	0.966538921761997
26.625	20.75	0.95728391288696	0.796974057588082	-0.000440401601049311	8.56119811241796	0.972234543376524
26.875	20.75	0.964703770473333	0.797110117888648	-0.00032550650878283	8.36695021022873	0.977057450807666
27.125	20.75	0.970965592111725	0.797256443852179	-0.000238155225363764	8.17178692755849	0.981127634872621
27.375	20.75	0.976230402018907	0.797407737932366	-0.000173912081678096	7.97584505121737	0.984549761312289
27.625	20.75	0.980638719983343	0.797559869428574	-0.000128660994136213	7.77924313465178	0.987415167989173
27.875	20.75	0.984313252161547	0.797709720169891	-9.87122064687547e-05	7.58208370170543	0.989803613905005
28.125	20.75	0.987361182750028	0.797855027994265	-8.08465892425719e-05	7.38445516006828	0.991784768787519
28.375	20.75	0.989876101887992	0.797994236986327	-7.23178501663631e-05	7.18643347750593	0.993419466227195
28.625	20.75	0.991939626139818	0.798126360210246	-7.08281268151999e-05	6.98808366434885	0.994760756990882
28.875	20.75	0.993622771204178	0.798250858082309	-7.44882705988936e-05	6.7894610959137	0.995854801282716
29.125	20.75	0.994987130874881	0.798367533585679	-8.17707788247622e-05	6.59061269988859	0.996741635068673
29.375	20.75	0.996085906956978	0.798476444172429	-9.14607445959764e-05	6.39157802675537	0.997455839522036
29.625	20.75	0.996964824751899	0.798577829322802	-0.00010260826515041	6.19239021609773	0.998027136088735
29.875	20.75	0.997662959392844	0.798672052229421	-0.000114484354881616	5.99307686797723	0.998480923605349
30.125	20.75	0.998213490432419	0.798759553843257	-0.00012654143191425	5.79366082617706	0.998838768781072
30.375	20.75	0.998644395879173	0.798840817473287	-0.000138378785294509	5.59416087872386	0.999118857321462
30.625	20.75	0.998979092306066	0.798916342206298	-0.000149713000366984	5.39459238042641	0.999336409998943
30.875	20.75	0.999237024532899	0.798986623557435	-0.000160353057290162	5.1949678019789	0.999504065946385
31.125	20.75	0.999434206474563	0.799052139940959	-0.000170179672034768	4.99529721027152	0.999632234208466
31.375	20.75	0.999583713789399	0.799113343741079	-0.000179128383036698	4.79558868478093	0.999729413963109
31.625	20.75	0.999696128711036	0.79917065594932	-0.000187175872934123	4.59584867516714	0.999802483662174
31.875	20.75	0.999779937685065	0.799224463508672	-0.000194329034012746	4.39608230540478	0.999856959495292
32.125	20.75	0.999841882973181	0.799275118659094	-0.00020061632521374	4.1962936298794	0.999897223932567
32.375	20.75	0.999887270069459	0.799322939710553	-0.000206081018767568	3.99648584685821	0.999926725545149
32.625	20.75	0.999920233441107	0.799368212777835	-0.000210775989881671	3.79666147459975	0.999948151736719
32.875	20.75	0.99994396360404	0.799411194100585	-0.000214759757367343	3.5968224951135	0.999963576342626
33.125	20.75	0.999960898739989	0.799452112654616	-0.000218093530533011	3.39697047025707	0.999974584180993
33.375	20.75	0.999972883924129	0.799491172853399	-0.000220839050896498	3.19710663450968	0.999982374550684
33.625	20.75	0.999981300743772	0.799528557254133	-0.00022305703267464	2.99723196842296	0.999987845483452
33.875	20.75	0.999987170127925	0.799564429307893	-0.000224806010206236	2.79734725641644	0.999991660583151
34.125	20.75	0.999991232236475	0.799598936269492	-0.000226141417533934	2.59745313217272	0.999994300953709
34.375	20.75	0.999994009648375	0.799632212303575	-0.000227114795115473	2.39755011424645	0.999996106271444
34.625	20.75	0.999995863071407	0.799664381487827	-0.000227773174813276	2.19763863350624	0.999997310996414
34.875	20.75	0.999997049627934	0.799695559850606	-0.000228158916738923	1.99771905277885	0.999998082258157
35.125	20.75	0.999997787896882	0.79972585511482	-0.000228310427876397	1.79779167813433	0.999998562132974
35.375	20.75	0.999998317444264	0.799755363158647	-0.000228264021309413	1.59785676175991	0.999998906338772
35.625	20.75	0.999998915904405	0.799784162203923	-0.00022805639170262	1.3979144995444	0.999999295337863
35.875	20.75	0.99999981920175	0.799812309658642	-0.000227725773776819	1.19796503241768	0.999999882481138
36.125	20.75	1.00000101101892	0.799839850805368	-0.000227308499627349	0.998008466250311	1.0000006571623
36.375	20.75	1.00000194040488	0.799866848767623	-0.000226828029978283	0.798044923578541	1.00000126126317
36.625	20.75	1.00000139511659	0.799893434952448	-0.000226277786884786	0.598074621941893	1.00000090682578
36.875	20.75	0.999997924639258	0.799919857857923	-0.000225608265419438	0.398097933336593	0.999998651015518
37.125	20.75	0.999991175080799	0.799948607527724	-0.000224739942302804	0.198115328178946	0.999994263802519
37.375	20.75	0.999984000034782	0.399967955828576	-0.00022385557788795	-0.00187398907580068	0.999989600022609
0.125	21.25	-3.7880988297636e-12	0.399997488762228	3.36657910999514e-05	18.0166890380615	0.349999999997538
0.375	21.25	-5.7355431510023e-12	0.799992460274806	3.38067772446841e-05	17.9466894775222	0.349999999996272
0.625	21.25	-7.5147030646171e-12	0.799987413736514	3.40889126203854e-05	17.8766903574956	0.349999999995115
0.875	21.25	-6.50866824034156e-12	0.799982337087571	3.45125221136569e-05	17.8066916800879	0.349999999995769
1.125	21.25	3.47828738962181e-13	0.799977218230263	3.50780900017996e-05	17.7366934484617	0.350000000000226
1.375	21.25	1.5790569188259e-11	0.799972045014074	3.57862559860313e-05	17.6666956668393	0.350000000010264
1.625	21.25	4.08103287332953e-11	0.799966805221685	3.66378101134847e-05	17.5966983405089	0.350000000026527
1.875	21.25	7.28307331971712e-11	0.799961486555651	3.76336860739304e-05	17.5267014758307	0.35000000004734
2.125	21.25	1.03938077961519e-10	0.799956076626169	3.87749531691497e-05	17.4567050802455	0.35000000006756
2.375	21.25	1.19845948366858e-10	0.799950562939676	4.00628063888163e-05	17.3867091622839	0.3500000000779
2.625	21.25	1.00408974522576e-10	0.799944932888538	4.14985549986386e-05	17.3167137315767	0.350000000065266
2.875	21.25	2.24643412477078e-11	0.799939173741836	4.30836089630589e-05	17.2467187988659	0.350000000014602
3.125	21.25	-1.34462080079972e-10	0.799933272637295	4.48194635488141e-05	17.1767243760165	0.3499999999126
3.375	21.25	-3.79498120536268e-10	0.799927216574172	4.67076813797059e-05	17.1067304760267	0.349999999753326
3.625	21.25	-6.99380670533812e-10	0.799920992407278	4.87498723196178e-05	17.0367371130388	0.349999999545403
3.875	21.25	-1.04645600076771e-09	0.799914586841683	5.09476703696026e-05	16.9667443023482	0.349999999319804
4.125	21.25	-1.32826463617177e-09	0.799907986428409	5.33027079403052e-05	16.8967520604112	0.349999999136628
4.375	21.25	-1.40254836928159e-09	0.799901177560069	5.58165865733298e-05	16.8267604048528	0.349999999088344
4.625	21.25	-1.08276353537344e-09	0.79989414646757	5.84908443757954e-05	16.7567693544738	0.349999999296204
4.875	21.25	-1.59873707437977e-10	0.799886879216323	6.13269194385822e-05	16.68677892926	0.349999999896082
5.125	21.25	1.55437546508662e-09	0.799879361703534	6.43261089952182e-05	16.6167891503965	0.350000001010344
5.375	21.25	4.15998910651158e-09	0.799871579655149	6.74895239954208e-05	16.5468000402884	0.350000002703993
5.625	21.25	7.57909790827047e-09	0.799863518622821	7.08180384146739e-05	16.4768116225924	0.350000004926414
5.875	21.25	1.14530270669912e-08	0.799855163979553	7.43122332508378e-05	16.4068239222625	0.350000007444468
6.125	21.25	1.50431235423485e-08	0.799846500911774	7.79723346548828e-05	16.3368369656084	0.35000000977803
6.375	21.25	1.71609250230442e-08	0.79983751440558	8.17981460025438e-05	16.2668507803684	0.350000011154601
6.625	21.25	1.61606686431064e-08	0.799828189222158	8.57889736832177e-05	16.1968653957888	0.350000010504435
6.875	21.25	1.00317888724261e-08	0.799818509857571	8.99435471385332e-05	16.1268808427021	0.350000006520663
7.125	21.25	-3.37083649719874e-09	0.799808460479174	9.42599330675849e-05	16.0568971535906	0.349999997808956
7.375	21.25	-2.59272788238384e-08	0.799798024830758	9.87354446504347e-05	15.9869143626151	0.349999983147269
7.625	21.25	-5.86658228535569e-08	0.79978718609574	0.000103366546731915	15.9169325055913	0.349999961867215
7.875	21.25	-1.00993901908731e-07	0.799775926707426	0.000108148757964705	15.8469516198902	0.349999934353964
8.125	21.25	-1.49783290689868e-07	0.799764228093213	0.000113076551027877	15.7769717442473	0.349999902640861
8.375	21.25	-1.98387125714218e-07	0.799752070338544	0.000118143251968832	15.7069929184707	0.349999871048368
8.625	21.25	-2.35715966854989e-07	0.799739431755555	0.000123340939249454	15.6370151830533	0.349999846784621
8.875	21.25	-2.45557335796888e-07	0.799726288339956	0.000128660342895421	15.5670385787162	0.349999840387732
9.125	21.25	-2.06386138730653e-07	0.799712613100591	0.000134090743137641	15.4970631459394	0.34999986584901
9.375	21.25	-9.19790316370189e-08	0.799698375246004	0.000139619868103882	15.4270889245731	0.349999940213629
9.625	21.25	1.26791060623634e-07	0.799683539216814	0.000145233789943966	15.3571159536711	0.350000082414189
9.875	21.25	4.78551949160232e-07	0.799668063558097	0.00015091681975308	15.2871442717377	0.350000311058767
10.125	21.25	9.85964769220721e-07	0.799651899637085	0.000156651404790944	15.2171739176427	0.3500006408771
10.375	21.25	1.65775301109014e-06	0.799634990227564	0.000162418035893075	15.1472049325141	0.350001077539457
10.625	21.25	2.47787765274309e-06	0.799617268005319	0.00016819518133568	15.0772373629719	0.350001610620474
10.875	21.25	3.39170434090771e-06	0.799598654029653	0.000173959275697164	15.0072712660975	0.350002204607822
11.125	21.25	4.28935445970769e-06	0.799579056325794	0.000179684808442361	14.9373067165265	0.350002788080399
11.375	21.25	4.9869728059747e-06	0.799558368730092	0.000185344579508856	14.8673438159918	0.350003241532324
11.625	21.25	5.20742329082924e-06	0.799536470216987	0.000190910216959931	14.7973827054847	0.350003384825139
11.875	21.25	4.56297259046454e-06	0.799513224992195	0.000196353084918895	14.7274235799279	0.350002965932184
12.125	21.25	2.54385075388955e-06	0.799488483709944	0.000201645748703184	14.6574667048163	0.35000165350299
12.375	21.25	-1.48183438830816e-06	0.799462086258198	0.000206764206050987	14.5875124336434	0.349999036807648
12.625	21.25	-8.24957089313662e-06	0.799433866652408	0.000211691136938001	14.5175612240691	0.349994637778919
12.875	21.25	-1.85521886445575e-05	0.799403660696706	0.000216420466211928	14.4476136496672	0.349987941077381
13.125	21.25	-3.31549995860238e-05	0.799371317213001	0.000220963568487576	14.3776704027256	0.349978449250269
13.375	21.25	-5.26600100972014e-05	0.799336713818017	0.000225357467551447	14.3077322819733	0.349965770993437
13.625	21.25	-7.7306016282696e-05	0.799299778449437	0.000229675382833031	14.2378001573391	0.349949751089416
13.875	21.25	-0.000106691373909526	0.799260518117768	0.000234039944900901	14.1678749019855	0.349930650606959
14.125	21.25	-0.000139407311231717	0.7992190566847	0.000238639322326618	14.0979572800426	0.349909385247699
14.375	21.25	-0.000172572004992004	0.79917568382859	0.000243746358248985	14.0280477768316	0.349887828196755
14.625	21.25	-0.00020125933162896	0.799130917718229	0.000249740581101148	13.9581463570986	0.349869181434441
14.875	21.25	-0.000217821138633877	0.799085584205001	0.000257132604414915	13.8882521360386	0.349858416259888
15.125	21.25	-0.000211107756691392	0.79904091545237	0.000266589933350917	13.8183629478439	0.349862779958151
15.375	21.25	-0.000165597773985434	0.798998670686421	0.000278962520799098	13.748474797258	0.349892361446909
15.625	21.25	-6.04540887956646e-05	0.798961280953835	0.000295305535263552	13.6785811812057	0.349960704842283
15.875	21.25	0.000131471962734565	0.798932018136978	0.000316895705620868	13.6086722699399	0.350085456775777
16.125	21.25	0.000444664057274946	0.798915185683018	0.000345236305302467	13.5387339401418	0.350289031637229
16.375	21.25	0.000921968278824208	0.798916324219282	0.000382044391271626	13.4687466557443	0.350599279381236
16.625	21.25	0.00161560572230623	0.798942419154453	0.000429212445478227	13.3986841955385	0.351050143719499
16.875	21.25	0.00258816135253726	0.799002089315746	0.000488735296033059	13.3285122293806	0.351682304879149
17.125	21.25	0.00391355514677856	0.799105725687596	0.000562592457542932	13.2581867465173	0.352543810845406
17.375	21.25	0.00567802152007617	0.799265537792406	0.000652576293149121	13.1876523396411	0.35369071398805
17.625	21.25	0.00798114703779512	0.799495453114053	0.000760058269915909	13.1168403463114	0.355187745574567
17.875	21.25	0.0109370424416261	0.799810803824063	0.000885689772448276	13.0456668450016	0.357109077587057
18.125	21.25	0.0146757494315248	0.800227727384222	0.00102904122499441	12.9740304962644	0.359539237130491
18.375	21.25	0.0193449993454853	0.800762206751501	0.00118819435677099	12.9018102108335	0.362574249574565
18.625	21.25	0.0251124398879914	0.80142868621267	0.00135931779200272	12.8288626173106	0.366323085927194
18.875	21.25	0.0321684116346772	0.80223822541618	0.00153627570116734	12.7550192952355	0.37090946756254
19.125	21.25	0.0407292644583858	0.803196202534042	0.00171034201860165	12.6800837399283	0.376474021897951
19.375	21.25	0.0510410219422853	0.804299653184536	0.00187011613738333	12.6038280420039	0.383176664262485
19.625	21.25	0.0633828873753752	0.805534439171152	0.00200175494507481	12.5259893099774	0.391198876793994
19.875	21.25	0.078069595474897	0.806872581349968	0.0020896418244904	12.4462659572266	0.400745237058683
20.125	21.25	0.0954509274647224	0.808270257290298	0.00211759260704848	12.3643141371646	0.41204310285207
20.375	21.25	0.115905864514958	0.809667133688955	0.00207063471649935	12.279744863978	0.425338811934722
20.625	21.25	0.139828028173485	0.81098782296719	0.00193727393375716	12.1921227079404	0.440888218312765
20.875	21.25	0.167598632928415	0.812146227533501	0.00171198242239013	12.1009673749361	0.45893911140347
21.125	21.25	0.199543805463069	0.813053228439978	0.00139743335472834	12.0057598730739	0.479703473550995
21.375	21.25	0.23587563060841	0.813627461058066	0.00100585002732065	11.9059551451385	0.503319159895466
21.625	21.25	0.27662128432425	0.813807800096966	0.000558845389198417	11.8010027271325	0.529803834810763
21.875	21.25	0.321551786145256	0.813564935814301	8.53969427023691e-05	11.6903758976482	0.559008660994416
22.125	21.25	0.370129135135141	0.812908689597141	-0.000381879667656914	11.5736078036055	0.590583937837842
22.375	21.25	0.421493823274121	0.811888216735109	-0.00081140234731178	11.4503304893468	0.623970985128178
22.625	21.25	0.47450951549558	0.810584242493948	-0.00117709857278616	11.3203104576388	0.658431185072127
22.875	21.25	0.527866643410513	0.809095286225906	-0.00146158669464679	11.1834735169417	0.693113318216834
23.125	21.25	0.580226428381364	0.807521989375273	-0.0016574261311522	11.0399130976957	0.727147178447886
23.375	21.25	0.630371160719275	0.805953933336557	-0.00176644672796376	10.8898798483187	0.759741254467529
23.625	21.25	0.677324238382423	0.804461676019472	-0.00179769413289053	10.7337548710461	0.790260754948575
23.875	21.25	0.720415809453241	0.803094324205571	-0.00176475148935281	10.5720126022537	0.818270276144607
24.125	21.25	0.759289644274029	0.801881172638445	-0.00168312400291736	10.4051807636066	0.843538268778119
24.375	21.25	0.793863943610334	0.800835392193598	-0.00156813091216083	10.2338038741221	0.866011563346717
24.625	21.25	0.824266858382144	0.799958156797115	-0.0014334824841763	10.0584144087296	0.885773457948393
24.875	21.25	0.850766473475132	0.799242328564689	-0.00129051766472401	9.87951302305155	0.902998207758836
25.125	21.25	0.87370877530379	0.798675412369628	-0.00114796737191349	9.69755721413006	0.917910703947463
25.375	21.25	0.893469964359037	0.798241805900795	-0.00101207475456165	9.51295666882801	0.930755476833374
25.625	21.25	0.910423990174696	0.797924472619524	-0.000886918180244976	9.32607324883095	0.941775593613553
25.875	21.25	0.924923095403284	0.797706162576588	-0.000774818660168241	9.13722377323089	0.951200012012134
26.125	21.25	0.937288041827967	0.797570276138305	-0.000676752862541127	8.94668419476964	0.959237227188179
26.375	21.25	0.94780478640765	0.797501440867352	-0.000592726472501158	8.75469422514237	0.966073111164972
26.625	21.25	0.956725011908274	0.797485857892134	-0.000522087268451773	8.5614618480721	0.971871257740378
26.875	21.25	0.964268667902549	0.797511467115626	-0.000463773222493536	8.36716743604808	0.976774634136657
27.125	21.25	0.970627334276907	0.797567975908756	-0.000416499995164902	8.17196736552823	0.980907767279989
27.375	21.25	0.975967712587881	0.797646790934681	-0.000378896459452237	7.9759971284787	0.984379013182123
27.625	21.25	0.98043488528384	0.797740886801976	-0.000349598146061796	7.7793739892517	0.987282675434496
27.875	21.25	0.984155191497041	0.797844638720413	-0.000327308079500813	7.58219925469682	0.989700874473076
28.125	21.25	0.987238687590295	0.797953639859535	-0.000310833255501494	7.384560226248	0.991705146933692
28.375	21.25	0.989781221883246	0.798064518246226	-0.000299103532300253	7.18653189480459	0.99335779422411
28.625	21.25	0.991866178811459	0.798174763088196	-0.00029117826456621	6.98817842811087	0.994713016227448
28.875	21.25	0.993565953563547	0.798282566485044	-0.000286244737179206	6.78955448909818	0.995817869816306
29.125	21.25	0.994943213729234	0.798386683543636	-0.000283611403407709	6.59070641377272	0.996713088924002
29.375	21.25	0.996051995502135	0.798486311823223	-0.000282698096006315	6.3916732692613	0.997433797076388
29.625	21.25	0.996938671815944	0.798580989639318	-0.000283024735967465	6.19248780661278	0.998010136680363
29.875	21.25	0.997642820193539	0.798670511894384	-0.000284199579503548	5.99317731868888	0.9984678331258
30.125	21.25	0.998198009871898	0.798754861635368	-0.000285907687175746	5.79376441065857	0.998828706416733
30.375	21.25	0.998632521216143	0.79883415534549	-0.000287900041216299	5.5942676889082	0.999111138790493
30.625	21.25	0.998970005543306	0.798908599967853	-0.000289983554099946	5.39470237329317	0.999330503603149
30.875	21.25	0.999230090074264	0.798978459762993	-0.000292012084464257	5.19508083732229	0.999499558548272
31.125	21.25	0.999428930582872	0.799044031271131	-0.000293878490333911	4.99541308087026	0.999628804878867
31.375	21.25	0.999579713154355	0.799105624849659	-0.000295507693298469	4.79570714019027	0.999726813550331
31.625	21.25	0.999693106050006	0.799163551463688	-0.000296850692062714	4.59596944022496	0.999800518932504
31.875	21.25	0.999777662778393	0.799218113608255	-0.000297879443990461	4.39620509440581	0.999855480805956
32.125	21.25	0.999840177902908	0.799269599425013	-0.000298582524697921	4.19641815723512	0.99989611563689
32.375	21.25	0.999885997705243	0.79931827923827	-0.000298961476176525	3.99661183493337	0.999925898508408
32.625	21.25	0.999919288419712	0.799364403872939	-0.000299027760622537	3.7967886593032	0.999947537472813
32.875	21.25	0.999943265204853	0.79940820423378	-0.000298800246954597	3.59695062972413	0.999963122383155
33.125	21.25	0.999960385202479	0.799449891731681	-0.000298303163798145	3.39709932788201	0.999974250381612
33.375	21.25	0.999972507917488	0.799489659253064	-0.000297564449334586	3.19723600949631	0.999982130146367
33.625	21.25	0.99998102589284	0.799527682494252	-0.000296614410675659	2.99736167697104	0.999987666830346
33.875	21.25	0.999986968671089	0.799564121612191	-0.000295484580588596	2.79747713655661	0.999991529636208
34.125	21.25	0.999991083905135	0.799599123225846	-0.000294206654383356	2.59758304320157	0.999994204538338
34.375	21.25	0.999993901531236	0.799632822746985	-0.000292811449577465	2.3976799356655	0.999996035995304
34.625	21.25	0.999995789475286	0.79966534673761	-0.000291327993649728	2.19776826354975	0.999997263158936
34.875	21.25	0.999997010033454	0.79969681450992	-0.000289783087383126	1.99784840676959	0.999998056521745
35.125	21.25	0.999997780873457	0.799727337788386	-0.000288201861338438	1.79792068714245	0.999998557567747
35.375	21.25	0.999998330163129	0.799757017557789	-0.000286609640704669	1.59798537218106	0.999998914606034
35.625	21.25	0.99999891369756	0.799785938972529	-0.00028503453126756	1.39804267393182	0.999999293903414
35.875	21.25	0.999999746540219	0.799814168623188	-0.000283508516893468	1.19809275086175	0.999999835251143
36.125	21.25	1.00000081956968	0.799841762181905	-0.000282063297605347	0.99813572583211	1.00000053272029
36.375	21.25	1.00000165253788	0.799868790662639	-0.000280717493537805	0.798171731853538	1.00000107414962
36.625	21.25	1.00000118322055	0.799895384599006	-0.000279456713962971	0.598200981134132	1.00000076909335
36.875	21.25	0.99999813871597	0.799921777143145	-0.000278218525871175	0.398223817582949	0.99999879016538
37.125	21.25	0.999992208347522	0.799950182905677	-0.00027690716632067	0.198240667780656	0.999994935425889
37.375	21.25	0.999985901674348	0.399970233316016	-0.000275732556785789	-0.00174916490606226	0.999990836088326
0.125	21.75	-3.79440648418884e-12	0.399997641777368	4.34047083022155e-05	18.0166822661735	0.349999999997534
0.375	21.75	-5.74649745936245e-12	0.799992919498633	4.35693956425011e-05	17.9466826788556	0.349999999996265
0.625	21.75	-7.53156696512528e-12	0.799988179702904	4.38989668354816e-05	17.8766835052406	0.349999999995104
0.875	21.75	-6.52803002331092e-12	0.799983410681384	4.43938134681529e-05	17.8066847473726	0.349999999995757
1.125	21.75	3.35730607949827e-13	0.799978600680585	4.50545189591533e-05	17.7366864083213	0.350000000000218
1.375	21.75	1.5802494556785e-11	0.799973737884005	4.58818541802872e-05	17.6666884921868	0.350000000010272
1.625	21.75	4.08681946486974e-11	0.799968810394962	4.68767709407974e-05	17.5966910041061	0.350000000026564
1.875	21.75	7.29559908581842e-11	0.799963806220665	4.80403942192932e-05	17.5266939502608	0.350000000047421
2.125	21.75	1.04141653150852e-10	0.799958713255865	4.93740123876121e-05	17.4566973378873	0.350000000067692
2.375	21.75	1.2011430107559e-10	0.79995351926819	5.08790656207742e-05	17.3867011752878	0.350000000078074
2.625	21.75	1.00688580367325e-10	0.799948211883791	5.25571323614953e-05	17.3167054718431	0.350000000065448
2.875	21.75	2.26490316328927e-11	0.799942778574234	5.44099137466544e-05	17.2467102380259	0.350000000014722
3.125	21.75	-1.34534221162774e-10	0.799937206643562	5.64392156815118e-05	17.1767154854155	0.349999999912553
3.375	21.75	-3.80029727432509e-10	0.799931483216802	5.86469288354499e-05	17.1067212267119	0.349999999752981
3.625	21.75	-7.00572876860891e-10	0.799925595228543	6.1035006038269e-05	17.0367274757498	0.349999999544628
3.875	21.75	-1.04843248067724e-09	0.799919529412609	6.36054372079026e-05	16.9667342475122	0.349999999318519
4.125	21.75	-1.33096260429431e-09	0.799913272291473	6.63602216177424e-05	16.8967415581431	0.349999999134874
4.375	21.75	-1.40559022117082e-09	0.799906810166184	6.93013375245537e-05	16.8267494249597	0.349999999086366
4.625	21.75	-1.08534077100345e-09	0.799900129106396	7.24307089761131e-05	16.7567578664664	0.349999999294528
4.875	21.75	-1.60694628024909e-10	0.799893214940066	7.57501698459967e-05	16.6867669023698	0.349999999895548
5.125	21.75	1.55700626466025e-09	0.799886053243866	7.92614252883597e-05	16.6167765535995	0.350000001012054
5.375	21.75	4.16788478480037e-09	0.799878629332945	8.29660102653938e-05	16.5467868423375	0.350000002709125
5.625	21.75	7.59363327353447e-09	0.799870928251284	8.68652462011814e-05	16.4767977920571	0.350000004935862
5.875	21.75	1.14742866466769e-08	0.799862934760313	9.09601949977135e-05	16.4068094275779	0.350000007458286
6.125	21.75	1.50688036968621e-08	0.799854633324579	9.52516119566338e-05	16.3368217751337	0.350000009794722
6.375	21.75	1.71851606977306e-08	0.799846008092292	9.97398978637186e-05	16.2668348624553	0.350000011170354
6.625	21.75	1.6173119368354e-08	0.799837042865994	0.000104425051490133	16.1968487188605	0.350000010512528
6.875	21.75	1.00175077468439e-08	0.799827721058984	0.000109306624132521	16.1268633753435	0.35000000651138
7.125	21.75	-3.43005200845074e-09	0.799818025630293	0.000114383678270668	16.0568788646487	0.349999997770466
7.375	21.75	-2.60492559926349e-08	0.799807938991251	0.000119654752832618	15.9868952213109	0.349999983067984
7.625	21.75	-5.88613623603696e-08	0.79979744287307	0.000125117838425866	15.916912481641	0.349999961740114
7.875	21.75	-1.01256675577303e-07	0.799786518146416	0.000130770365774109	15.8469306836361	0.349999934183161
8.125	21.75	-1.50076512928507e-07	0.7997751445798	0.00013660921162977	15.7769498667962	0.349999902450267
8.375	21.75	-1.9862829538858e-07	0.799763300524792	0.000142630725875856	15.7069700718378	0.349999870891608
8.625	21.75	-2.35762487931041e-07	0.799750962513381	0.000148830783629	15.6369913403098	0.349999846754383
8.875	21.75	-2.45197718475949e-07	0.79973810475328	0.000155204865296203	15.5670137141375	0.349999840621483
9.125	21.75	-2.05343588298966e-07	0.799724698505753	0.000161748166780542	15.4970372351517	0.349999866526668
9.375	21.75	-8.99362421775105e-08	0.799710711332407	0.000168455740048234	15.4270619446959	0.349999941541443
9.625	21.75	1.3013563600756e-07	0.799696106199751	0.000175322663123887	15.3570878834522	0.350000084588163
9.875	21.75	4.83385787972148e-07	0.799680840436283	0.000182344236345739	15.2871150916799	0.350000314200762
10.125	21.75	9.92211960079672e-07	0.799664864547027	0.00018951619989796	15.2171436101197	0.350000644937774
10.375	21.75	1.66486921884889e-06	0.799648120905928	0.000196834966637891	15.1471734818737	0.350001082164992
10.625	21.75	2.48459234072912e-06	0.799630542368275	0.000204297862905667	15.0772047556245	0.350001614985021
10.875	21.75	3.39572491409645e-06	0.799612050875816	0.000211903369947929	15.007237490585	0.350002207221194
11.125	21.75	4.28706300306413e-06	0.799592556164778	0.000219651358805063	14.9372717635648	0.350002786590952
11.375	21.75	4.97316629325868e-06	0.799571954734607	0.000227543311515519	14.8673076784738	0.350003232558091
11.625	21.75	5.17517183197849e-06	0.799550129289795	0.000235582520573677	14.7973453784236	0.350003363861691
11.875	21.75	4.50369609620933e-06	0.799526948932018	0.000243774254926254	14.7273850603112	0.350002927402463
12.125	21.75	2.44774022315495e-06	0.79950227045177	0.00025212587263713	14.6574269913255	0.350001591031145
12.375	21.75	-1.62490171561141e-06	0.799475941151328	0.000260646844213784	14.5874715261817	0.349998943813885
12.625	21.75	-8.44845642268623e-06	0.799447803725548	0.000269348624451416	14.5175191230203	0.349994508503325
12.875	21.75	-1.88120843483349e-05	0.799417703838961	0.000278244270083425	14.4475703547934	0.349987772145174
13.125	21.75	-3.34740207613995e-05	0.79938550117314	0.00028734764392567	14.3776259115943	0.349978241886505
13.375	21.75	-5.30246466383029e-05	0.799351084886327	0.000296671970943489	14.3076865877953	0.349965533979685
13.625	21.75	-7.76853434145783e-05	0.799314394636617	0.000306227419917492	14.2377532460945	0.349949504526781
13.875	21.75	-0.000107029986742163	0.799275448576811	0.00031601727869023	14.1678267487264	0.349930430508618
14.125	21.75	-0.000139617029541334	0.799234380032766	0.000326032183468269	14.0979078442835	0.349909248930798
14.375	21.75	-0.000172522491008496	0.799191484915035	0.000336241767504387	14.0279969969883	0.349887860380844
14.625	21.75	-0.000200767866897747	0.799147282248946	0.000346583039911243	13.9580941440022	0.349869500886516
14.875	21.75	-0.000216641905671146	0.799102590478972	0.000356944825512468	13.8881983656494	0.349859182761314
15.125	21.75	-0.000208921053984208	0.799058622300952	0.000367147740889322	13.8183074534119	0.34986420131491
15.375	21.75	-0.000161999644242121	0.799017100547882	0.000376919506998316	13.7484173613204	0.349894700231243
15.625	21.75	-5.4946845975897e-05	0.798980396892914	0.000385865972323373	13.6785215279779	0.349964284550116
15.875	21.75	0.000139487873476712	0.798951693573073	0.000393439108379393	13.608610058826	0.35009066711776
16.125	21.75	0.000455896545673308	0.798935165677639	0.000398904498237763	13.5386687612549	0.350296332754688
16.375	21.75	0.00093723829045321	0.798936177465644	0.000401312493001937	13.4686780284658	0.350609204888795
16.625	21.75	0.0016358501711193	0.798961480392553	0.000399479229204827	13.3986115712354	0.351063302611227
16.875	21.75	0.00261443457194241	0.799019392857526	0.00039198595636397	13.3284349994198	0.351699382471763
17.125	21.75	0.0039470292842638	0.799119932163239	0.000377207357903748	13.2581042566345	0.352565569034771
17.375	21.75	0.005719986332112	0.799274858176327	0.000353381323026839	13.1875639115271	0.353717991115873
17.625	21.75	0.00803300935134901	0.799497576565219	0.000318733290157461	13.1167453069431	0.355221456078377
17.875	21.75	0.0110003250286669	0.799802838787931	0.000271666958771872	13.0455645637761	0.357150211268633
18.125	21.75	0.0147520880734926	0.800206168530408	0.000211028783144519	12.973920429396	0.35958885724777
18.375	21.75	0.0194361353331455	0.800722943263804	0.000136445052606198	12.9016919517876	0.362633487966545
18.625	21.75	0.0252202030262041	0.801367069099886	4.87164663635162e-05	12.8287359513414	0.366393131967033
18.875	21.75	0.032294686015317	0.802149212040804	-4.97646705049855e-05	12.7548842554731	0.370991545909956
19.125	21.75	0.0408759260049651	0.803074594457365	-0.000154634743995825	12.6799406620508	0.376569351903227
19.375	21.75	0.0512098335192408	0.804140437585346	-0.000259305140163726	12.6036776144968	0.383286391787507
19.625	21.75	0.0635753350913195	0.80533323349221	-0.000354949353798673	12.5258326174329	0.391323967809358
19.875	21.75	0.0782866503827279	0.806626164807317	-0.000430860252019869	12.4461045150959	0.400886322748773
20.125	21.75	0.0956927226424372	0.807977151639255	-0.000475295169642818	12.364149917658	0.412200269717584
20.375	21.75	0.11617129151848	0.809328170864274	-0.000476870432236217	12.2795803139015	0.425511339487012
20.625	21.75	0.140114281772612	0.810606612906807	-0.000426450618222805	12.1919607593165	0.441074283152198
20.875	21.75	0.167900769327605	0.811729422663635	-0.000319300751334986	12.1008114472096	0.459135500062943
21.125	21.75	0.199854422105566	0.812610481748662	-0.00015706435128729	12.0056138607472	0.479905374368618
21.375	21.75	0.23618481188424	0.813171002731932	5.10242209594653e-05	11.9058233770672	0.503520127724756
21.625	21.75	0.276916964170666	0.813351618821596	0.00028827623350174	11.8008898757146	0.529996026710933
21.875	21.75	0.321820628624513	0.813123638344606	0.00053235635367886	11.6902868124238	0.559183408605934
22.125	21.75	0.370357912134631	0.812496202535239	0.000758589728664501	11.5735472503226	0.59073264288751
22.375	21.75	0.421671093108208	0.811516552136428	0.000944042833735361	11.4503027963169	0.624086210520335
22.625	21.75	0.474627242979996	0.810262543635128	0.00107131031558889	11.3203191038142	0.658507707936998
22.875	21.75	0.52792134304281	0.808829297197971	0.00113100949341005	11.183520729466	0.693148872977827
23.125	21.75	0.580219518199611	0.807313980988694	0.00112244606968028	11.0399995442794	0.727142686829747
23.375	21.75	0.630308457273912	0.805803014670854	0.00105253390218479	10.890004499204	0.759700497228043
23.625	21.75	0.677214789133313	0.804364361733946	0.000933538099602453	10.7339150672116	0.790189612936653
23.875	21.75	0.720270421815621	0.803045219797269	0.000780396230792049	10.5722043158096	0.818175774180153
24.125	21.75	0.759119475652343	0.801873666448453	0.000608271260257069	10.4053989935103	0.843427659174023
24.375	21.75	0.793679401231465	0.800862281051848	0.000430732296216746	10.2340430996816	0.865891610800452
24.625	21.75	0.824076904408911	0.800012166234743	0.00025868721404235	10.0586690269358	0.885649987865792
24.875	21.75	0.850578308464293	0.799316513220226	9.99925246575261e-05	9.87977771587163	0.90287590050179
25.125	21.75	0.873527808559624	0.798763438299252	-4.04352980097299e-05	9.69782721761822	0.917793075563756
25.375	21.75	0.893299965835451	0.798338126273121	-0.000160203571939935	9.51322793872901	0.930644977793043
25.625	21.75	0.91026733429551	0.798024413580245	-0.000258890948049028	9.32634253313154	0.941673767292081
25.875	21.75	0.924781033199408	0.797805938178929	-0.000337479993629278	9.13748861041446	0.951107671579615
26.125	21.75	0.9371609626113	0.797666950999158	-0.00039784831736535	8.946942858927	0.959154625697345
26.375	21.75	0.947692449026096	0.797592857463024	-0.000442353234805583	8.75494563770864	0.966000091866962
26.625	21.75	0.956626738004214	0.797570542811108	-0.000473518383298578	8.56170547265693	0.971807379702739
26.875	21.75	0.964183496843246	0.797588527669498	-0.00049381487369884	8.36740316890831	0.97671927294811
27.125	21.75	0.970554143129752	0.797636995663046	-0.000505521878450331	8.17219543047504	0.980860193034339
27.375	21.75	0.975905306056398	0.79770773017435	-0.000510649253277855	7.97621798179696	0.984338448936659
27.625	21.75	0.980382060838986	0.797793991810265	-0.000510905615953001	7.77958823766491	0.987248339545341
27.875	21.75	0.984110784642367	0.797890362044915	-0.000507697655390871	7.58240758752308	0.989672010017539
28.125	21.75	0.987201601617574	0.797992572451577	-0.000502149297772795	7.38476336157781	0.991681041051423
28.375	21.75	0.989750445810319	0.798097333432335	-0.000495132135488137	7.18673053868484	0.993337789776707
28.625	21.75	0.991840796538935	0.798202171707772	-0.000487300949043049	6.98837324523297	0.994696517750308
28.875	21.75	0.993545146688935	0.798305282143936	-0.00047913012410799	6.78974608326808	0.995804345347808
29.125	21.75	0.99492625993557	0.798405396732016	-0.000470948289122718	6.59089531640549	0.99670206895812
29.375	21.75	0.996038263997702	0.798501671578735	-0.000462969625310388	6.39185993423013	0.997424871598506
29.625	21.75	0.996927616938984	0.798593591461979	-0.000455321100037735	6.19267260994264	0.998002951010339
29.875	21.75	0.997633974003807	0.798680890705542	-0.000448065416623369	5.99336056178268	0.998462083102474
30.125	21.75	0.998190974320469	0.798763488694385	-0.000441219821337136	5.79394632595279	0.998824133308305
30.375	21.75	0.998626960306643	0.79884143817617	-0.000434771114163911	5.59444844705916	0.999107524199318
30.625	21.75	0.998965637762505	0.798914884488845	-0.000428687315380722	5.39488209118327	0.999327664545629
30.875	21.75	0.999226681269737	0.798984033953714	-0.000422926477150125	5.19525958634214	0.999497342825329
31.125	21.75	0.999426287393182	0.799049129831575	-0.00041744312221818	4.99559089507495	0.999627086805568
31.375	21.75	0.999577677046934	0.79911043442559	-0.000412192757424962	4.7958840240462	0.999725490080507
31.625	21.75	0.999691547987788	0.799168216106702	-0.00040713486090929	4.59614537575888	0.999799506192062
31.875	21.75	0.999776478511906	0.799222740223235	-0.000402234687021593	4.39638004764238	0.999854711032739
32.125	21.75	0.999839283863222	0.799274263026274	-0.000397464178818325	4.19659208386643	0.999895534511094
32.375	21.75	0.999885327449301	0.799323027892225	-0.000392802228687038	3.99678468520759	0.999925462842045
32.625	21.75	0.999918789553442	0.799369263251466	-0.000388234485477329	3.79696038215306	0.999947213209737
32.875	21.75	0.999942896692435	0.799413181740592	-0.000383752870232036	3.59712117618184	0.999962882850083
33.125	21.75	0.99996011498627	0.799454980193798	-0.000379354927438886	3.39726865384541	0.999974074741075
33.375	21.75	0.999972310848988	0.799494840189192	-0.000375043097195926	3.19740407791721	0.999982002051842
33.625	21.75	0.999980882111939	0.799532928977078	-0.000370823941272764	2.99752845952518	0.999987573372761
33.875	21.75	0.999986862703398	0.79956940073038	-0.000366707300756995	2.79764261482217	0.999991460757208
34.125	21.75	0.999991004717047	0.799604398129929	-0.000362705334537675	2.5977472093328	0.99999415306608
34.375	21.75	0.999993843378628	0.79963805425345	-0.000358831436377407	2.39784279253415	0.999995998196108
34.625	21.75	0.999995752504119	0.799670494504923	-0.00035509919605933	2.19792982439607	0.999997239127678
34.875	21.75	0.999996998534002	0.799701837922997	-0.000351521830702741	1.99800869459968	0.999998049047101
35.125	21.75	0.999997796806054	0.799732196881873	-0.000348112694897677	1.79807973439072	0.999998567923935
35.375	21.75	0.999998361571607	0.79976167445741	-0.000344887244691908	1.59814322132863	0.999998935021544
35.625	21.75	0.999998923080897	0.799790360196361	-0.000341865809499985	1.3981993794601	0.999999300002583
35.875	21.75	0.999999672135008	0.799818327880967	-0.000339074692266565	1.19824838174335	0.999999786887755
36.125	21.75	1.00000060741012	0.799845641987875	-0.000336541347569892	0.998290365752553	1.00000039481658
36.375	21.75	1.00000132892549	0.799872379717156	-0.000334279818465889	0.798325472563016	1.00000086380157
36.625	21.75	1.00000094535717	0.79989866800457	-0.000332268100391155	0.598353905139607	1.00000061448216
36.875	21.75	0.999998386550006	0.799924720023471	-0.000330431009085961	0.398375972828104	0.999998951257504
37.125	21.75	0.999993391538486	0.799952431378744	-0.000328656702386167	0.198392050243374	0.999995704500016
37.375	21.75	0.999988077089117	0.399972996698194	-0.000327182287253084	-0.00159844651140097	0.999992250107926
0.125	22.25	-3.79560245434924e-12	0.399997818136913	5.24848761392647e-05	18.0166738435599	0.349999999997533
0.375	22.25	-5.75627289391189e-12	0.799993448791917	5.26724785446489e-05	17.9466742253781	0.349999999996258
0.625	22.25	-7.55869109954957e-12	0.799989062572231	5.30479194280726e-05	17.8766749899979	0.349999999995087
0.875	22.25	-6.57911635702705e-12	0.799984648191942	5.36116691921063e-05	17.8066761393884	0.349999999995724
1.125	22.25	2.60988636869452e-13	0.799980194311827	5.43644291673309e-05	17.7366776765078	0.35000000000017
1.375	22.25	1.57174670414972e-11	0.799975689518145	5.53071262161422e-05	17.6666796053089	0.350000000010216
1.625	22.25	4.08049490160823e-11	0.799971122301791	5.6440905855916e-05	17.5966819307466	0.350000000026523
1.875	22.25	7.29675166397834e-11	0.799966481038323	5.77671231339599e-05	17.5266846587873	0.350000000047429
2.125	22.25	1.04297254583956e-10	0.799961753968458	5.92873317601689e-05	17.4566877964208	0.350000000067793
2.375	22.25	1.20485494409843e-10	0.799956929178699	6.10032712270228e-05	17.3866913516738	0.350000000078316
2.625	22.25	1.01325427398184e-10	0.799951994583379	6.29168516253043e-05	17.3166953336245	0.350000000065862
2.875	22.25	2.35508333267032e-11	0.799946937906794	6.50301363642884e-05	17.2466997524197	0.350000000015308
3.125	22.25	-1.33446429423308e-10	0.799941746665879	6.73453225718671e-05	17.176704619292	0.34999999991326
3.375	22.25	-3.78930850714576e-10	0.79993640815393	6.98647191305465e-05	17.1067099465781	0.349999999753695
3.625	22.25	-6.99736764933756e-10	0.799930909424395	7.25907222246284e-05	17.0367157477366	0.349999999545171
3.875	22.25	-1.04821999201067e-09	0.799925237275318	7.5525788666751e-05	16.9667220373665	0.349999999318657
4.125	22.25	-1.3317960340358e-09	0.799919378234186	7.86724065516106e-05	16.8967288312244	0.349999999134333
4.375	22.25	-1.40791158463822e-09	0.799913318542833	8.20330637251934e-05	16.8267361462428	0.349999999084857
4.625	22.25	-1.0895457666204e-09	0.79990704414265	8.5610214177566e-05	16.7567440005489	0.349999999291795
4.875	22.25	-1.6703605915372e-10	0.799900540660346	8.94062423876149e-05	16.6867524134868	0.349999999891427
5.125	22.25	1.54853357772712e-09	0.799893793394321	9.34234262192709e-05	16.6167614056447	0.350000001006547
5.375	22.25	4.15763382388879e-09	0.79988678730236	9.76638990214986e-05	16.5467709988903	0.350000002702462
5.625	22.25	7.58229889112517e-09	0.799879506989879	0.000102129611149288	16.476781216418	0.350000004928494
5.875	22.25	1.14627371377476e-08	0.799871936699146	0.000106822292601986	16.4067920828099	0.350000007450779
6.125	22.25	1.5057735252217e-08	0.799864060297806	0.000111743417388714	16.3368036241114	0.350000009787528
6.375	22.25	1.71746641284756e-08	0.799855861264602	0.000116894171571991	16.2668158679206	0.350000011163532
6.625	22.25	1.61623950062331e-08	0.799847322669251	0.000122275427344948	16.1968288434841	0.350000010505557
6.875	22.25	1.00051330322872e-08	0.799838427142619	0.000127887725304545	16.1268425817919	0.350000006503336
7.125	22.25	-3.44474152401351e-09	0.799829156830877	0.000133731269190974	16.0568571156543	0.349999997760918
7.375	22.25	-2.60630219670143e-08	0.799819493327841	0.000139805936680546	15.9868724797438	0.349999983059036
7.625	22.25	-5.88615596171161e-08	0.799809417577157	0.000146111311615959	15.9168887105795	0.349999961739986
7.875	22.25	-1.01213089500398e-07	0.799798909734911	0.000152646743499248	15.8469058464316	0.349999934211492
8.125	22.25	-1.4993088496515e-07	0.7997879489832	0.000159411440656919	15.7769239271286	0.349999902544925
8.375	22.25	-1.98282976648205e-07	0.799776513282683	0.00016640460403784	15.7069429937555	0.349999871116065
8.625	22.25	-2.35071263371079e-07	0.79976457905171	0.000173625608663787	15.6369630882477	0.349999847203679
8.875	22.25	-2.43963948144152e-07	0.799752120758439	0.000181074239169734	15.5669842529063	0.349999841423434
9.125	22.25	-2.03333304353757e-07	0.799739110411154	0.000188750984797894	15.4970065298902	0.349999867833352
9.375	22.25	-8.69164680146074e-08	0.799725516932508	0.000196657397522614	15.4270299607777	0.349999943504296
9.625	22.25	1.34320734209132e-07	0.799711305403637	0.000204796513849754	15.357054586341	0.350000087308477
9.875	22.25	4.88686843635248e-07	0.799696436168255	0.000213173337460803	15.2870804467241	0.350000317646448
10.125	22.25	9.98180553148241e-07	0.799680863792488	0.000221795375020264	15.2171075822832	0.35000064881736
10.375	22.25	1.67038707473673e-06	0.79966453588684	0.000230673210969368	15.1471360353981	0.350001085751599
10.625	22.25	2.48751870640714e-06	0.799647391811242	0.000239821100047246	15.0771658536245	0.350001616887159
10.875	22.25	3.39246805352017e-06	0.799629361306119	0.000249257545727388	15.0071970945801	0.350002205104235
11.125	22.25	4.27209804371054e-06	0.79961036311563	0.00025900582010714	14.9372298329602	0.350002776863728
11.375	22.25	4.93854422570471e-06	0.799590303702833	0.000269094362961233	14.8672641700063	0.350003210053747
11.625	22.25	5.11009398686736e-06	0.799569076188864	0.000279556973245696	14.7973002456026	0.350003321561091
11.875	22.25	4.39426550713082e-06	0.79954655968613	0.000290432672893375	14.727338252897	0.35000285627258
12.125	22.25	2.27704668234602e-06	0.799522619234382	0.000301765075848051	14.6573784549067	0.350001480080343
12.375	22.25	-1.87615110895277e-06	0.79949710658751	0.00031360103250126	14.5874212019409	0.349998780501779
12.625	22.25	-8.80048241508799e-06	0.799469862141581	0.000325988235596292	14.5174669478133	0.34999427968643
12.875	22.25	-1.92833941421728e-05	0.799440718341037	0.000338971365905818	14.4475162617199	0.349987465793808
13.125	22.25	-3.40771104025653e-05	0.799409504960818	0.000352586222875227	14.3775698313036	0.349977849878238
13.375	22.25	-5.37594340009446e-05	0.799376056739448	0.000366851128364895	14.3076284508612	0.349965056367899
13.625	22.25	-7.85295209637817e-05	0.799340223950477	0.000381754719094621	14.237692986904	0.349948955811374
13.875	22.25	-0.000107925205996971	0.799301886651576	0.00039723907049605	14.1677643114627	0.349929848616102
14.125	22.25	-0.000140449438268134	0.799260973553813	0.000413176951248984	14.0978431917409	0.349908707865126
14.375	22.25	-0.000173095597129019	0.799217486709146	0.000429341936385348	14.0279301231233	0.349887487861866
14.625	22.25	-0.00020076494995823	0.799171533506039	0.00044537017350134	13.9580250912912	0.349869502782527
14.875	22.25	-0.000215574183878157	0.799123367762962	0.000460712887357868	13.8881272484589	0.349859876780479
15.125	22.25	-0.000206056491584658	0.799073441948227	0.000474579335305535	13.8182344886492	0.34986606328047
15.375	22.25	-0.00015626561327452	0.799022472639684	0.000485871022758724	13.7483429075812	0.349898427351372
15.625	22.25	-4.47978298018892e-05	0.79897152111989	0.000493109698840244	13.6784461341558	0.349970881410629
15.875	22.25	0.000156248689137129	0.798922090302993	0.000494364119074305	13.60853452263	0.350101561647939
16.125	22.25	0.000482355490048071	0.798876237774422	0.000487183882798677	13.5385941971928	0.350313531068531
16.375	22.25	0.000977685450639862	0.798836702350512	0.000468552843310915	13.4686059435005	0.350635495542916
16.625	22.25	0.00169618802078184	0.79880703798147	0.000434879503586286	13.39854394442	0.351102522213508
16.875	22.25	0.00270270057658058	0.798791743837175	0.000382047060412415	13.3283743593018	0.351756755374777
17.125	22.25	0.004074051645537	0.798796372964395	0.000305550606684134	13.2580537470831	0.352648133569599
17.375	22.25	0.00590018894753996	0.798827594139664	0.000200752255703671	13.1875273329462	0.353835122815901
17.625	22.25	0.00828537504558879	0.798893172957767	6.32848926397908e-05	13.11672711578	0.355385493779633
17.875	22.25	0.0113495135560225	0.799001829785372	-0.000110370376746819	13.0455698091878	0.357377183811415
18.125	22.25	0.0152296854016391	0.799162925543407	-0.000322121926466552	12.9739546024793	0.359899295511065
18.375	22.25	0.020081981100987	0.799385923719645	-0.000571334348259939	12.9017607208076	0.363053287715642
18.625	22.25	0.0260837015207569	0.799679581605667	-0.000853776683818055	12.8288447571457	0.366954405988492
18.875	22.25	0.0334359503835139	0.800050839342428	-0.00116055766099617	12.7550377464034	0.371733367749284
19.125	22.25	0.042366534484576	0.800503406188552	-0.00147721894823954	12.6801419591981	0.377538247414974
19.375	22.25	0.0531328912159532	0.801036093840647	-0.00178322815412804	12.6039274183535	0.38453637929037
19.625	22.25	0.0660244408580618	0.801641020120305	-0.00205217393853742	12.5261281980216	0.39291588655774
19.875	22.25	0.0813632798421272	0.80230190389461	-0.00225299005609128	12.4464386706806	0.402886131897383
20.125	22.25	0.0995014838115954	0.802992788809938	-0.00235248566585286	12.3645100410285	0.414675964477537
20.375	22.25	0.12081253845805	0.803677652215963	-0.0023192916299095	12.2799477643901	0.428528149997733
20.625	22.25	0.145673759466143	0.804311437669548	-0.00212901329875694	12.1923107905155	0.444687943652993
20.875	22.25	0.174436404384478	0.804843024566353	-0.00176991984020712	12.1011139629239	0.463383662849911
21.125	22.25	0.207381151457586	0.805220418575474	-0.00124799536508748	12.0058352342405	0.484797748447431
21.375	22.25	0.244659452087244	0.805397923446422	-0.00058983453081779	11.9059294379724	0.509028643856708
21.625	22.25	0.286226363811382	0.805344250812646	0.000158043559075043	11.8008499257934	0.536047136477399
21.875	22.25	0.331777213671298	0.805049668530351	0.000934173513051733	11.6900781960313	0.565655188886343
22.125	22.25	0.380706480939234	0.804529854771364	0.00167086920552466	11.5731596623536	0.597459212610502
22.375	22.25	0.432108705171873	0.803824632607433	0.0023048095904019	11.4497413068666	0.630870658361717
22.625	22.25	0.484834360022727	0.802991335469932	0.0027868129802027	11.3196049722716	0.665142334014772
22.875	22.25	0.537598275356136	0.802094593465578	0.00308834630703972	11.182689538744	0.699438878981488
23.125	22.25	0.58911975175728	0.801195711631037	0.00320345797001861	11.0390968979527	0.732927838642232
23.375	22.25	0.638261147639475	0.800344689932295	0.00314632201401266	10.889080215374	0.764869745965659
23.625	22.25	0.684132425075858	0.799576451496718	0.00294576046045541	10.7330171753246	0.794686076299308
23.875	22.25	0.726142469453875	0.798911002019524	0.00263857944535565	10.5713740760855	0.821992605145019
24.125	22.25	0.763996425669412	0.798356063487744	0.00226334024265311	10.4046677045902	0.846597676685118
24.375	22.25	0.797652861550467	0.797910553187004	0.00185558494466125	10.233430879031	0.868474360007803
24.625	22.25	0.827260490730109	0.797567783357411	0.00144488057572364	10.0581852733315	0.887719318974571
24.875	22.25	0.85309218373805	0.797317906236559	0.00105354965872629	9.87942271161897	0.904509919429733
25.125	22.25	0.875487855836774	0.797149585700288	0.000696688206318424	9.69759429319348	0.919067106293903
25.375	22.25	0.894811296751941	0.797051073255692	0.000383001512842894	9.51310572766455	0.931627342888761
25.625	22.25	0.911421214163256	0.797010886334029	0.000116041689946125	9.32631700413387	0.942423789206116
25.875	22.25	0.925654170741388	0.797018234995623	-0.000104461049555817	9.13754471577369	0.951675210981902
26.125	22.25	0.937816245443918	0.797063285264349	-0.000281367224917316	8.94706575374001	0.959580559538547
26.375	22.25	0.948180434749596	0.797137307597473	-0.000419096096503965	8.7551214974495	0.966317282587237
26.625	22.25	0.95698743680734	0.797232738567364	-0.00052282464845823	8.561921973838	0.972041833924771
26.875	22.25	0.964448163473197	0.797343175506108	-0.000597907985000467	8.36764970966254	0.976891306257578
27.125	22.25	0.970746925772992	0.797463321044134	-0.000649490320508366	8.17246316486622	0.980985501752445
27.375	22.25	0.976044684156905	0.79758889306074	-0.000682268100582956	7.97649973109962	0.984429044701988
27.625	22.25	0.980482054605924	0.797716513877585	-0.000700367286865509	7.7798783287099	0.987313335493851
27.875	22.25	0.984181946778164	0.797843590243079	-0.000707301484843804	7.58270165533534	0.989718265405806
28.125	22.25	0.987251815051755	0.797968193029041	-0.000705983806460815	7.38505814233805	0.991713679783641
28.375	22.25	0.989785555866582	0.798088942954988	-0.000698771638309839	7.18702367001747	0.993360611313279
28.625	22.25	0.991865105855655	0.798204906343256	-0.000687529076384144	6.98866308394537	0.994712318806176
28.875	22.25	0.993561798744567	0.798315503032572	-0.000673696399409019	6.79003154568386	0.995815169183969
29.125	22.25	0.994937533602364	0.798420427170986	-0.000658359555357763	6.59117574300223	0.996709396841537
29.375	22.25	0.996045797937245	0.798519580633031	-0.000642315331133071	6.3921349780629	0.997429768659209
29.625	22.25	0.996932579259831	0.79861301818792	-0.000626129814534663	6.19294214699904	0.99800617651889
29.875	22.25	0.99763718960214	0.798700903203623	-0.000610189098601148	5.99362462071739	0.998464173241391
30.125	22.25	0.998193019773259	0.798783472528097	-0.00059474206435565	5.79420503438725	0.998825462852618
30.375	22.25	0.998628234072343	0.798861009179527	-0.000579935629295035	5.59470199165274	0.999108352147023
30.625	22.25	0.99896641172514	0.798933821551171	-0.000565843161549853	5.39513068887315	0.999328167621341
30.875	22.25	0.999227138285452	0.799002227956436	-0.000552486907663143	5.19550346443191	0.999497639885544
31.125	22.25	0.999426548409252	0.7990665454806	-0.000539855320520854	4.99583027817197	0.999627256466014
31.375	22.25	0.999577820511197	0.799127082250653	-0.000527916143369656	4.79611912616992	0.999725583332278
31.625	22.25	0.999691623605385	0.799184132373564	-0.00051662603503359	4.59637639624517	0.9997995553435
31.875	22.25	0.999776516895281	0.799237972920673	-0.000505937430468211	4.3966071697412	0.999854735981933
32.125	22.25	0.999839303224189	0.799288862447631	-0.000495803234038808	4.19681547516666	0.999895547095723
32.375	22.25	0.999885338169201	0.799337040634456	-0.000486179849791356	3.99700449922402	0.999925469809981
32.625	22.25	0.9999187972201	0.799382728708834	-0.000477028968848085	3.79717676057956	0.999947218193065
32.875	22.25	0.999942904008043	0.799426130380984	-0.000468318459473903	3.59733425145428	0.999962887605228
33.125	22.25	0.999960122843036	0.799467433077914	-0.000460022635600247	3.39747855176969	0.999974079847973
33.375	22.25	0.999972318859501	0.799506809327843	-0.000452122107050014	3.19761092019958	0.999982007258676
33.625	22.25	0.999980888962641	0.799544418219481	-0.000444603334131818	2.99773236608842	0.999987577825717
33.875	22.25	0.999986866794088	0.799580406937105	-0.000437457929269382	2.79784370580326	0.999991463416157
34.125	22.25	0.99999100547629	0.799614912418619	-0.00043068170140711	2.59794560664891	0.999994153559589
34.375	22.25	0.999993843165502	0.799648063140524	-0.000424273480022687	2.39803862091723	0.999995998057576
34.625	22.25	0.999995758005786	0.799679980846265	-0.000418233931301618	2.19812321189503	0.999997242703761
34.875	22.25	0.999997019371464	0.799710781721659	-0.00041256485993769	1.99819977278217	0.999998062591451
35.125	22.25	0.99999783872648	0.799740576268677	-0.000407269686975362	1.79826863880423	0.999998595172212
35.375	22.25	0.99999841382157	0.799769467333807	-0.000402355531699885	1.5983300929817	0.999998968984021
35.625	22.25	0.999998945640599	0.799797546889325	-0.000397836190713772	1.39838436774437	0.99999931466639
35.875	22.25	0.999999597315732	0.79982489438421	-0.000393733268427005	1.19843164790636	0.999999738255226
36.125	22.25	1.00000037585483	0.799851581891167	-0.000390070738544727	0.998472083785342	1.00000024430564
36.375	22.25	1.00000097089901	0.799877691402855	-0.000386858680714226	0.79850582235138	1.00000063108436
36.625	22.25	1.00000068253998	0.799903343804657	-0.00038406802304605	0.598533053621613	1.00000044365099
36.875	22.25	0.999998668127215	0.799928727910078	-0.000381611374404584	0.398554046101166	0.99999913428269
37.125	22.25	0.999994722870985	0.799955377274563	-0.000379361338033084	0.198569114487887	0.99999656986614
37.375	22.25	0.999990522739582	0.399976252010514	-0.000377581993708887	-0.00142219860278362	0.999993839780728
0.125	22.75	-3.79245376152775e-12	0.399998016982178	6.08146343507838e-05	18.0166638936759	0.349999999997535
0.375	22.75	-5.76427490669819e-12	0.799994045585249	6.10242075004491e-05	17.9466642406953	0.349999999996253
0.625	22.75	-7.59205543982205e-12	0.799990058084273	6.14436363587465e-05	17.8766649356724	0.349999999995065
0.875	22.75	-6.65217167520298e-12	0.799986043701061	6.20734841077094e-05	17.8066659804865	0.349999999995676
1.125	22.75	1.40502701885545e-13	0.799981991594931	6.29145908650406e-05	17.7366673779619	0.350000000000091
1.375	22.75	1.55583233803718e-11	0.799977890837719	6.3968067978035e-05	17.6666691318744	0.350000000010113
1.625	22.75	4.06437705021528e-11	0.799973730389146	6.52352903663789e-05	17.5966712469598	0.350000000026418
1.875	22.75	7.28779125544995e-11	0.799969499072587	6.6717886879362e-05	17.5266737289257	0.350000000047371
2.125	22.75	1.04391401917495e-10	0.799965185551733	6.8417728442791e-05	17.4566765844645	0.350000000067854
2.375	22.75	1.20902237599189e-10	0.799960778306729	7.03369140977872e-05	17.3866798212696	0.350000000078586
2.625	22.75	1.022008854979e-10	0.799956265611829	7.2477754703088e-05	17.3166834480532	0.350000000066431
2.875	22.75	2.49723879096915e-11	0.799951635512631	7.4842754301309e-05	17.246687474566	0.350000000016232
3.125	22.75	-1.31495788705539e-10	0.799946875804449	7.74345889676213e-05	17.1766919116182	0.349999999914528
3.375	22.75	-3.76627323599044e-10	0.799941974010873	8.02560832447382e-05	17.1066967711015	0.349999999755192
3.625	22.75	-6.97460939749987e-10	0.79993691736285	8.33101839721615e-05	17.0367020660122	0.34999999954665
3.875	22.75	-1.04658854312997e-09	0.799931692778338	8.65999315851603e-05	16.9667078104731	0.349999999319717
4.125	22.75	-1.33167708660831e-09	0.799926286842531	9.01284291835728e-05	16.8967140197574	0.34999999913441
4.375	22.75	-1.41041220172606e-09	0.799920685788685	9.38988092291932e-05	16.8267207103118	0.349999999083232
4.625	22.75	-1.0959434548466e-09	0.799914875479853	9.79141982457221e-05	16.7567278997814	0.349999999287637
4.875	22.75	-1.78615278209429e-10	0.799908841391696	0.000102177680119714	16.6867356070382	0.3499999998839
5.125	22.75	1.53076577714518e-09	0.799902568597625	0.000106692258400426	16.6167438522149	0.350000000994998
5.375	22.75	4.1333362619835e-09	0.79989604175631	0.000111460818445999	16.5467526567462	0.350000002686669
5.625	22.75	7.55221979911558e-09	0.799889245102809	0.000116486090420831	16.4767620434233	0.350000004908943
5.875	22.75	1.14290756043187e-08	0.799882162442886	0.000121770614808161	16.4067720364598	0.350000007428899
6.125	22.75	1.50243621419284e-08	0.799874777150894	0.000127316711623922	16.3367826615739	0.350000009765835
6.375	22.75	1.7147191447033e-08	0.799867072169026	0.000133126456312899	16.2667939460812	0.350000011145674
6.625	22.75	1.61481882709078e-08	0.799859030007117	0.000139201664453412	16.1968059189943	0.350000010496322
6.875	22.75	1.00134905771778e-08	0.799850632739165	0.000145543889566853	16.1268186111185	0.350000006508769
7.125	22.75	-3.40188700880675e-09	0.799841861993065	0.00015215443791911	16.0568320551269	0.349999997788773
7.375	22.75	-2.59694303602591e-08	0.799832698928477	0.000159034406247665	15.9868462855974	0.34999998311987
7.625	22.75	-5.86935972579685e-08	0.799823124196478	0.000166184748804378	15.9168613389867	0.349999961849162
7.875	22.75	-1.00934987888125e-07	0.799813117874847	0.000173606381674821	15.8468772535195	0.349999934392258
8.125	22.75	-1.49488600059071e-07	0.799802659370127	0.000181300333232547	15.7768940689728	0.34999990283241
8.375	22.75	-1.97597809473971e-07	0.799791727277871	0.000189267950858671	15.706911826342	0.349999871561424
8.625	22.75	-2.3403579995238e-07	0.799780299190298	0.00019751117460258	15.6369305673934	0.34999984787673
8.875	22.75	-2.42444797368798e-07	0.799768351439487	0.000206032889058835	15.5669503341255	0.349999842410882
9.125	22.75	-2.01187495519343e-07	0.799755858762049	0.000214837364452199	15.4969711681948	0.349999869228128
9.375	22.75	-8.40310243689937e-08	0.799742793869935	0.000223930796832324	15.4269931103974	0.349999945379834
9.625	22.75	1.37953960504856e-07	0.799729126910208	0.000233321955578219	15.3570162003474	0.350000089670074
9.875	22.75	4.92847054922842e-07	0.79971482479653	0.000243022943042576	15.2870404765471	0.350000320350586
10.125	22.75	1.00223004000331e-06	0.799699850395386	0.000253050066659064	15.2170659771042	0.350000651449526
10.375	22.75	1.67300662107306e-06	0.799684161552962	0.000263424817209847	15.1470927414122	0.350001087454304
10.625	22.75	2.48635883734066e-06	0.799667709952506	0.000274174937756072	15.077120813164	0.350001616133244
10.875	22.75	3.38371857333805e-06	0.799650439798088	0.000285335555404317	15.0071502451023	0.350002199417073
11.125	22.75	4.24999438799692e-06	0.799632286326226	0.000296950330527198	14.9371811059083	0.350002762496352
11.375	22.75	4.89485281485429e-06	0.799613174151617	0.000309072554156552	14.8672134895705	0.35000318165433
11.625	22.75	5.03365168067144e-06	0.799593015453307	0.000321766090904116	14.7972475274257	0.350003271873592
11.875	22.75	4.270692443807e-06	0.799571708000485	0.000335106018644675	14.7272834027969	0.350002775950088
12.125	22.75	2.08880997687483e-06	0.799549132999557	0.000349178753540743	14.6573213677282	0.350001357726485
12.375	22.75	-2.14906907738348e-06	0.799525152712068	0.000364081363826336	14.5873617606993	0.3499986031051
12.625	22.75	-9.17895680117162e-06	0.799499607748019	0.000379919665174462	14.5174050233651	0.349994033678079
12.875	22.75	-1.97860824555867e-05	0.799472313877959	0.000396804548168725	14.4474517132877	0.349987139046404
13.125	22.75	-3.47152564651349e-05	0.799443058140373	0.000414845813368015	14.3775025083059	0.349977435083298
13.375	22.75	-5.45286230859303e-05	0.799411593950126	0.000434142583410577	14.3075581966502	0.349964556394994
13.625	22.75	-7.9397100305793e-05	0.799377634860707	0.000454769132291933	14.2376196452057	0.349948391884801
13.875	22.75	-0.000108811581110787	0.799340846608439	0.000476754739894352	14.1676877365352	0.349929272472278
14.125	22.75	-0.00014120074968937	0.799300837099347	0.000500055976736992	14.0977632635215	0.349908219512702
14.375	22.75	-0.000173444304661528	0.799257144106591	0.000524519706595163	14.0278467688966	0.34988726120197
14.625	22.75	-0.000200273521304497	0.799209220655192	0.000549835139618453	13.9579383156634	0.349869822211152
14.875	22.75	-0.000213555314728955	0.799156418394043	0.000575473588327187	13.8880371736141	0.349861189045426
15.125	22.75	-0.000201460992446263	0.799097969703313	0.000600615313543883	13.8181414069366	0.34986905035491
15.375	22.75	-0.000147526223390534	0.799032969845294	0.000624064171159848	13.7482473483451	0.349904107954796
15.625	22.75	-2.96137451598157e-05	0.798960361115562	0.000644152876374187	13.6783489462695	0.349980751065646
15.875	22.75	0.000181205794750815	0.798878921628791	0.00065864478064822	13.6084369732923	0.350117783766588
16.125	22.75	0.00052183752914839	0.798787262002823	0.000664642257569622	13.5384980860464	0.350339194393946
16.375	22.75	0.00103839399658245	0.798683833665719	0.000658517160614465	13.4685137288787	0.350674956097779
16.625	22.75	0.00178746206158587	0.798566952663478	0.00063588519230924	13.3984588753816	0.351161850340031
16.875	22.75	0.00283739986136997	0.798434842513383	0.000591652939375598	13.3283006029793	0.35184430990989
17.125	22.75	0.00426966901130252	0.798285698652051	0.000520172841407118	13.2579964957254	0.352775284857347
17.375	22.75	0.00618021999650259	0.798117775185507	0.000415545917445954	13.1874928690092	0.354017142997727
17.625	22.75	0.00868096178289444	0.797929491845697	0.000272112376150694	13.1167228068207	0.355642625158881
17.875	22.75	0.011901357272381	0.7977195552634	8.51632066384578e-05	13.0456039977601	0.357735882227048
18.125	22.75	0.0159901897404284	0.797487084065477	-0.000148112223157309	12.9740363506882	0.360393623331278
18.375	22.75	0.0211175349276544	0.797231722302647	-0.000427460541481305	12.9018993661354	0.363726397702975
18.625	22.75	0.0274769386147347	0.796953721158374	-0.000748249806069838	12.8290492376755	0.367860010099578
18.875	22.75	0.0352877252039725	0.796653965997305	-0.00110014514761228	12.7553156623693	0.372937021382582
19.125	22.75	0.0447972280466266	0.796333926448068	-0.00146599901704186	12.6804983572471	0.379118198230307
19.375	22.75	0.0562825104743493	0.795995513813573	-0.00182126928487783	12.6043633187764	0.386583631808327
19.625	22.75	0.0700508097982896	0.795640845786853	-0.0021343481277711	12.5266389369763	0.395533026368888
19.875	22.75	0.0864374678804088	0.795271946652479	-0.00236819879621161	12.4470122009435	0.406184354122266
20.125	22.75	0.105799531058754	0.794890454230759	-0.00248360779213188	12.3651254238922	0.41876969518819
20.375	22.75	0.128502610267596	0.794497460351871	-0.00244411746181724	12.2805741821696	0.433526696673938
20.625	22.75	0.154898230672168	0.794093665398329	-0.00222228353370579	12.1929074918914	0.450683849936909
20.875	22.75	0.185289199583616	0.793680044733657	-0.00180634313376677	12.1016315846524	0.47043797972935
21.125	22.75	0.2198820748315	0.793259148856065	-0.00120582586913909	12.0062188710272	0.492923348640475
21.375	22.75	0.258729173310915	0.792836933248575	-0.000454347960293575	11.9061236040602	0.518173962652095
21.625	22.75	0.301667758451742	0.792424641186588	0.000391917543545041	11.8008051405697	0.546084042993633
21.875	22.75	0.348269960889119	0.792039881376184	0.001260659364026	11.6897583752528	0.576375474577927
22.125	22.75	0.397820950417169	0.791705935367982	0.00207385326185885	11.5725489562539	0.60858361777116
22.375	22.75	0.449341335681885	0.791448772561442	0.00275990304466755	11.4488487408431	0.642071868193225
22.625	22.75	0.50166042712035	0.791292225053174	0.00326450138402307	11.318465456861	0.676079277628228
22.875	22.75	0.553531516157049	0.791252804121489	0.00355759812155046	11.1813605993174	0.709795485502082
23.125	22.75	0.603765058816013	0.791336032397722	0.00363517163414101	11.0376516190022	0.742447288230408
23.375	22.75	0.651348543089377	0.791535573614259	0.00351611509753617	10.8875979497773	0.773376553008095
23.625	22.75	0.695526946692917	0.79183521108697	0.00323579281008708	10.7315740882528	0.802092515350396
23.875	22.75	0.735832158579788	0.792212626638365	0.00283831205695997	10.5700353975786	0.828290903076862
24.125	22.75	0.77206587292313	0.792643532309073	0.00236932373295216	10.4034828281075	0.851842817400034
24.375	22.75	0.804251224985693	0.79310501847435	0.00187051020125552	10.2324315434803	0.8727632962407
24.625	22.75	0.832571241466113	0.793577616491823	0.00137618835154675	10.0573863487709	0.891171306952973
24.875	22.75	0.857308806586496	0.794046129703106	0.000911887641843785	9.87882473841364	0.907250724281222
25.125	22.75	0.878796879438733	0.794499578112878	0.000494444957850602	9.69718688142052	0.921217971635176
25.375	22.75	0.897382110487236	0.794930650980761	0.000133065413258756	9.51287108935499	0.933298371816704
25.625	22.75	0.913401217720591	0.795334976908898	-0.000169145800035059	9.32623313621634	0.943710791518384
25.875	22.75	0.92716762004891	0.795710401802017	-0.000413550305407866	9.13758798510037	0.952658953031792
26.125	22.75	0.938965370688045	0.796056365566718	-0.000604475992633858	8.94721281323502	0.960327490947229
26.375	22.75	0.949047758359795	0.796373404346921	-0.00074796806127367	8.75535057532595	0.966881042933867
26.625	22.75	0.95763856650305	0.796662771781725	-0.000850828502042459	8.5622136358623	0.972465068226982
26.875	22.75	0.964934615771523	0.796926159839135	-0.000919930136713609	8.36798721368549	0.97720750025149
27.125	22.75	0.971108736497959	0.797165497684812	-0.000961765373382165	8.17283252254583	0.981220678723673
27.375	22.75	0.97631269466186	0.797382809630381	-0.000982180773070082	7.97688957555926	0.984603251530209
27.625	22.75	0.980679842690328	0.797580117049008	-0.000986249578587134	7.78027966652448	0.987441897748713
27.875	22.75	0.984327415920682	0.797759372754564	-0.000978240535600298	7.58310756121135	0.989812820348443
28.125	22.75	0.987358477415541	0.797922419238117	-0.000961649388662158	7.3854634373779	0.991783010320102
28.375	22.75	0.989863552659598	0.798070964329359	-0.00093926747710348	7.18742461033724	0.993411309228739
28.625	22.75	0.99192200906821	0.79820656944342	-0.000913268949638573	6.98905707564868	0.994749305894337
28.875	22.75	0.993603234808144	0.798330646746274	-0.000885303913775632	6.79041689439034	0.995842102625293
29.125	22.75	0.994967664364905	0.798444462452444	-0.000856589320064814	6.59155144075137	0.996728981837188
29.375	22.75	0.996067688798964	0.798549144145514	-0.000827992696867858	6.39250052691945	0.997443997719327
29.625	22.75	0.996948479026206	0.798645690542528	-0.000800106203679855	6.19329741658942	0.998016511367034
29.875	22.75	0.997648741896102	0.798734982542363	-0.000773310069583753	5.99396973582549	0.998471682232467
30.125	22.75	0.998201421812765	0.798817794729087	-0.000747825515218922	5.79454028831689	0.998830924178297
30.375	22.75	0.998634355259257	0.798894806759165	-0.000723757877179404	5.59502778108292	0.999112330918517
30.625	22.75	0.998970881749886	0.798966614258875	-0.000701130985330688	5.39544746621712	0.999331073137426
30.875	22.75	0.999230412250222	0.799033739005478	-0.000679913979540559	5.19581170413818	0.999499767962644
31.125	22.75	0.999428954727471	0.799096638272282	-0.000660041761218062	4.99613045389141	0.999628820572856
31.375	22.75	0.999579595973012	0.799155713292281	-0.000641430206553848	4.79641169620338	0.999726737382458
31.625	22.75	0.999692938936418	0.799211316844742	-0.000623987156802051	4.59666179514797	0.999800410308672
31.875	22.75	0.999777495314871	0.799263760000315	-0.000607620070644962	4.39688580437574	0.999855371954666
32.125	22.75	0.999840033874389	0.799313318077634	-0.000592241090729857	4.19708772385567	0.999896022018353
32.375	22.75	0.999885885791102	0.79936023587116	-0.000577770151734164	3.99727071296419	0.999925825764216
32.625	22.75	0.999919209068254	0.799404732209696	-0.000564136646265771	3.79743726553185	0.999947485894365
32.875	22.75	0.999943214705233	0.799447003900936	-0.00055128006787193	3.59758935213894	0.999963089558401
33.125	22.75	0.99996035769553	0.799487229115782	-0.000539149962074929	3.39772853456322	0.999974232502094
33.375	22.75	0.999972496093924	0.799525570273132	-0.000527705427521773	3.19785605685714	0.99998212246105
33.625	22.75	0.999981021399189	0.799562176505317	-0.000516914314178756	2.99797291709498	0.999987663909473
33.875	22.75	0.999986963548097	0.799597185810286	-0.000506752172798252	2.79807992339111	0.999991526306263
34.125	22.75	0.999991074180423	0.799630727005127	-0.000497200954706956	2.59817773732614	0.999994198217275
34.375	22.75	0.999993892663794	0.799662921546167	-0.000488247503038708	2.39826690737823	0.999996030231466
34.625	22.75	0.999995800359299	0.799693885137277	-0.0004798820665716	2.19834789430073	0.999997270233545
34.875	22.75	0.999997068688495	0.799723728824518	-0.000472097373343134	1.99842108966044	0.999998094647522
35.125	22.75	0.999997903951605	0.799752559100111	-0.000464889016465869	1.79848682818518	0.999998637568543
35.375	22.75	0.999998485045809	0.799780476682004	-0.000458257618386	1.59854539460792	0.999999015279776
35.625	22.75	0.999998980192506	0.799807574420509	-0.000452211998738822	1.39859702682456	0.999999337125129
35.875	22.75	0.999999521628362	0.799833936299947	-0.000446770337310943	1.19864191943879	0.999999689058435
36.125	22.75	1.00000012525316	0.799859641141009	-0.000441954154230531	0.998680233999018	1.00000008141455
36.375	22.75	1.00000057942094	0.799884774673486	-0.000437770426654957	0.798712121581949	1.00000037662361
36.625	22.75	1.00000039556207	0.799909449620672	-0.000434183824671647	0.598737755908373	1.00000025711535
36.875	22.75	0.999998982611968	0.79993382641977	-0.000431095599736988	0.398757358730423	0.999999338697779
37.125	22.75	0.999996198320206	0.799959034707984	-0.000428363648965015	0.198771177227184	0.999997528908134
37.375	22.75	0.99999323125631	0.399979998359735	-0.000426278511888162	-0.00122110588796172	0.999995600316602
0.125	23.25	-3.78715169435913e-12	0.399998237283229	6.830609991908e-05	18.0166525557169	0.349999999997538
0.375	23.25	-5.7702532259526e-12	0.79999470679594	6.85365136752216e-05	17.9466528641828	0.349999999996249
0.625	23.25	-7.62465999277266e-12	0.799991161125549	6.89976776273428e-05	17.8766534819989	0.349999999995044
0.875	23.25	-6.72787779155049e-12	0.799987590101144	6.96902628665846e-05	17.8066544109373	0.349999999995627
1.125	23.25	1.05649432667118e-14	0.799983983479933	7.06152709989396e-05	17.7366556536622	0.350000000000007
1.375	23.25	1.53780041716836e-11	0.799980330917675	7.17740284941792e-05	17.6666572137373	0.350000000009996
1.625	23.25	4.04436244933122e-11	0.799976621940163	7.31681784945309e-05	17.5966590956364	0.350000000026288
1.875	23.25	7.27270962412367e-11	0.799972845914886	7.47996707943635e-05	17.5266613047557	0.350000000047273
2.125	23.25	1.04406557315397e-10	0.799968992022721	7.66707495513756e-05	17.4566638474303	0.350000000067864
2.375	23.25	1.21247688613257e-10	0.799965049230078	7.87839384021124e-05	17.386666730952	0.350000000078811
2.625	23.25	1.03070492749799e-10	0.799961006261174	8.11420235414713e-05	17.3166699635903	0.350000000066996
2.875	23.25	2.65402389987911e-11	0.79995685157082	8.37480338847038e-05	17.2466735546156	0.350000000017251
3.125	23.25	-1.29165307135418e-10	0.799952573317322	8.66052186828347e-05	17.1766775143238	0.349999999916043
3.375	23.25	-3.73704269660888e-10	0.799948159335971	8.971702246742e-05	17.1066818540631	0.349999999757092
3.625	23.25	-6.94478832472083e-10	0.79994359711302	9.30870569489921e-05	17.0366865862606	0.349999999548589
3.875	23.25	-1.04452609172957e-09	0.799938873760079	9.67190704677467e-05	16.966691724451	0.349999999321058
4.125	23.25	-1.33194048594609e-09	0.799933975989618	0.000100616914245592	16.896697283305	0.349999999134239
4.375	23.25	-1.41469234385004e-09	0.799928890091118	0.000104784506550895	16.8267032786585	0.34999999908045
4.625	23.25	-1.1059627377416e-09	0.79992360190924	0.00010922579410561	16.7567097275445	0.349999999281124
4.875	23.25	-1.95803692745455e-10	0.799918096824387	0.000113944711953763	16.6867166482278	0.349999999872728
5.125	23.25	1.50563725701478e-09	0.799912359736404	0.000118945141802722	16.616724060245	0.350000000978664
5.375	23.25	4.10057157710303e-09	0.79990637505371	0.000124230870145435	16.5467319844541	0.350000002665372
5.625	23.25	7.51368429655734e-09	0.799900126687692	0.000129805547066859	16.4767404430938	0.350000004883895
5.875	23.25	1.13887405068166e-08	0.799893598054876	0.000135672647127648	16.406749459857	0.350000007402681
6.125	23.25	1.49888290918481e-08	0.799886772085824	0.000141835434647136	16.3367590599772	0.350000009742739
6.375	23.25	1.71260702351583e-08	0.799879631242906	0.000148296935319023	16.2667692703261	0.350000011131946
6.625	23.25	1.61542073781778e-08	0.799872157544133	0.000155059917723621	16.1967801195149	0.350000010500235
6.875	23.25	1.00622911856134e-08	0.799864332593916	0.000162126888607602	16.1267916379901	0.350000006540489
7.125	23.25	-3.29220634871231e-09	0.799856137617053	0.000169500106670115	16.056803858105	0.349999997860066
7.375	23.25	-2.57788273230376e-08	0.799847553494516	0.00017718162159133	15.9868168141486	0.349999983243762
7.625	23.25	-5.84003889124682e-08	0.799838560796412	0.00018517334540692	15.916830542306	0.349999962039747
7.875	23.25	-1.00515713248466e-07	0.799829139809134	0.000193477165913953	15.8468450805269	0.349999934664786
8.125	23.25	-1.48917450895942e-07	0.799819270551137	0.000202095112920755	15.7768604682796	0.349999903203657
8.375	23.25	-1.96846168605528e-07	0.799808932772157	0.00021102959051509	15.7068767461766	0.34999987204999
8.625	23.25	-2.33073327140166e-07	0.799798105928515	0.000220283690231909	15.636893955473	0.349999848502337
8.875	23.25	-2.41244815794278e-07	0.799786769126208	0.000229861602055357	15.5669121374578	0.34999984319087
9.125	23.25	-1.99741126314418e-07	0.799774901020413	0.00023976914193678	15.4969313327915	0.349999870168268
9.375	23.25	-8.23764529569449e-08	0.799762479657661	0.000250014415969204	15.4269515808794	0.349999946455306
9.625	23.25	1.3967881155284e-07	0.799749482243219	0.000260608642390378	15.3569729194181	0.350000090791228
9.875	23.25	4.94318792872081e-07	0.799735884812336	0.00027156715309539	15.2869953843096	0.350000321307215
10.125	23.25	1.00281115611356e-06	0.799721661779912	0.000282910595674157	15.2170190101959	0.350000651827251
10.375	23.25	1.67156593635659e-06	0.799706785337156	0.000294666355537769	15.1470438319304	0.350001086517859
10.625	23.25	2.48103803359287e-06	0.799691224659053	0.000306870213953022	15.0770698873581	0.350001612674722
10.875	23.25	3.37165118048818e-06	0.799674944875387	0.000319568252193827	15.0070972218096	0.350002191573267
11.125	23.25	4.22699878112908e-06	0.79965790574499	0.00033281900172294	14.9371258947183	0.350002747549208
11.375	23.25	4.85514334150058e-06	0.799640059949683	0.00034669582542013	14.8671559887115	0.350003155843172
11.625	23.25	4.96964379524276e-06	0.799621350888258	0.000361289491232531	14.797187621385	0.350003230268467
11.875	23.25	4.17302086241056e-06	0.799601709797244	0.000376710864846737	14.7272209597074	0.350002712463561
12.125	23.25	1.94673629937225e-06	0.799581051945665	0.00039309359768255	14.6572562365918	0.350001265378595
12.375	23.25	-2.34660688823932e-06	0.7995592715434	0.000410596614881767	14.5872937685662	0.349998474705523
12.625	23.25	-9.44129981645551e-06	0.799536234859228	0.000429406110031005	14.5173339726579	0.349993863155119
12.875	23.25	-2.01173220448822e-05	0.799511770865921	0.000449736622148195	14.4473773795536	0.349986923740671
13.125	23.25	-3.51085465995772e-05	0.799485658517624	0.000471830602144708	14.3774246388087	0.34997717944471
13.375	23.25	-5.49574002586077e-05	0.799457609526515	0.00049595566633361	14.3074765103748	0.349964277689832
13.625	23.25	-7.980191357065e-05	0.799427245258251	0.000522398487972039	14.2375338350536	0.349948128756179
13.875	23.25	-0.000109080719832934	0.799394066133019	0.000551454002996653	14.1675974747399	0.349929097532109
14.125	23.25	-0.000141142130709994	0.799357411734975	0.000583408327423973	14.0976682115955	0.349908257615039
14.375	23.25	-0.000172745067746666	0.799316409745278	0.00061851354124071	14.0277465937394	0.349887715705965
14.625	23.25	-0.000198442391493355	0.799269911878827	0.000656952351346883	13.9578327137708	0.349871012445529
14.875	23.25	-0.000209840922508008	0.799216415294384	0.000698790696549684	13.8879259056031	0.34986360340037
15.125	23.25	-0.000194736898375479	0.799153968543524	0.000743916727493847	13.8180243447671	0.349873421016056
15.375	23.25	-0.000136130292220939	0.79908006212217	0.000791965442414874	13.7481245375936	0.349911515310056
15.625	23.25	-1.11257202453653e-05	0.79899150519212	0.000842229774571995	13.6782206854729	0.34999276828184
15.875	23.25	0.000210269105228956	0.798884292159649	0.000893561308204497	13.6083039115912	0.350136674918399
16.125	23.25	0.000566434946685824	0.7987534656361	0.000944267225652989	13.5383613389514	0.350368182715346
16.375	23.25	0.00110551103363513	0.798592985941662	0.000992014661701193	13.4683750097872	0.350718582171863
16.625	23.25	0.00188683527346125	0.798395621773885	0.00103375930797504	13.3983206373252	0.35122644292775
16.875	23.25	0.00298245229342654	0.798152881871377	0.00106572154034578	13.3281661808612	0.351938593990727
17.125	23.25	0.00447869441799074	0.797855013224406	0.00108343979489547	13.2578702339845	0.352911151371694
17.375	23.25	0.00647784836918323	0.797491097126263	0.00108193607339355	13.1873802133255	0.354210601439969
17.625	23.25	0.0090999259255189	0.797049279289126	0.00105603029325079	13.1166303315012	0.355914951851587
17.875	23.25	0.0124845563397007	0.796517173079705	0.00100083591421528	13.0455393334457	0.358114961620805
18.125	23.25	0.0167930067100122	0.7958824738449	0.000912455449155297	12.9740079710723	0.360915454361508
18.375	23.25	0.022210306181044	0.795133814953855	0.000788867490810855	12.9019161890689	0.364436699017679
18.625	23.25	0.028947390209834	0.794261879827095	0.000630953934614984	12.8291199975769	0.368815803636392
18.875	23.25	0.0372430776615918	0.79326075618143	0.000443556725350659	12.7554480201636	0.374208000480035
19.125	23.25	0.0473655276682724	0.792129477165252	0.000236382011484975	12.6806977346482	0.380787592984377
19.375	23.25	0.0596125742549371	0.790873639577294	2.4497907918918e-05	12.6046314794112	0.388748173265709
19.625	23.25	0.0743099884176161	0.789506926933037	-0.000171878015634554	12.5269723909564	0.39830149247145
19.875	23.25	0.0918062731689377	0.788052306334464	-0.000328601705025297	12.4474005833127	0.40967407755981
20.125	23.25	0.112462109300468	0.786542631962302	-0.000420040771792255	12.3655500875862	0.423100371045304
20.375	23.25	0.13663218289505	0.785020398160028	-0.000422714311816686	12.2810073409546	0.438810918881782
20.625	23.25	0.16463712519319	0.78353646025332	-0.000319778447341705	12.1933123236898	0.457014131375573
20.875	23.25	0.196724123923679	0.782147679491295	-0.000105591035376647	12.1019637206561	0.477870680550391
21.125	23.25	0.233016936413723	0.780913613267396	0.000210758890632563	12.0064295986819	0.50146100866892
21.375	23.25	0.273459853992382	0.779892498207647	0.000604169803977318	11.9061648533217	0.527748905095048
21.625	23.25	0.317765234469458	0.779136811163225	0.00103539012371314	11.8006358892401	0.556547402405148
21.875	23.25	0.365378917251937	0.778688668629886	0.00145615961701769	11.6893515654949	0.587496296213759
22.125	23.25	0.415479336510231	0.778575360621437	0.00181676104616481	11.5718975310131	0.62006156873165
22.375	23.25	0.467021572064479	0.778805526931135	0.00207425772359792	11.4479692316547	0.653564021841912
22.625	23.25	0.518826247120281	0.779366806182563	0.00219938292389807	11.3173978904691	0.687237060628182
22.875	23.25	0.569698495402828	0.780225917509065	0.00218045169963941	11.1801643505651	0.720304022011838
23.125	23.25	0.618550911301503	0.781331754836374	0.00202361234721866	11.036397952437	0.752058092345977
23.375	23.25	0.664502591026307	0.782621204531057	0.00174983135120904	10.8863609110318	0.781926684167099
23.625	23.25	0.706935190901993	0.784026477596828	0.00138979422868347	10.730421745514	0.809507874086295
23.875	23.25	0.745501592448023	0.785482305608058	0.000978182889444317	10.5690231020897	0.834576035091215
24.125	23.25	0.780096086914369	0.786931585428405	0.000548587042401892	10.4026493858508	0.85706245649434
24.375	23.25	0.810802020946389	0.788328747118274	0.000129822125974072	10.2317983375764	0.877021313615153
24.625	23.25	0.837832933170007	0.78964085776692	-0.000256105434865576	10.0569588234106	0.894591406560504
24.875	23.25	0.861478854346339	0.790846967315527	-0.000594554834622069	9.87859536893011	0.90996125532512
25.125	23.25	0.882063844154254	0.79193637680347	-0.000877721291042093	9.69713876795798	0.923341498700265
25.375	23.25	0.899916204579026	0.792906447253543	-0.00110346505428694	9.51298150251501	0.934945532976367
25.625	23.25	0.915349964195365	0.793760395079889	-0.00127388492983362	9.32647659160021	0.944977476726987
25.875	23.25	0.928655019799793	0.794505335376777	-0.00139391347406785	9.13793864901642	0.953625762869866
26.125	23.25	0.940093209521467	0.795150687445806	-0.00147009812081656	8.94764620751339	0.961060586188954
26.375	23.25	0.949898031293639	0.795706960149558	-0.00150964026620916	8.75584465039199	0.967433720340865
26.625	23.25	0.958276329698406	0.796184881349149	-0.0015197008349415	8.56274932950566	0.972879614303964
26.875	23.25	0.965410843311149	0.79659481292662	-0.00150694403131792	8.36854862475141	0.977517048152247
27.125	23.25	0.971462950569695	0.796946388632464	-0.00147727446962989	8.1734068191077	0.981450917870302
27.375	23.25	0.976575263865939	0.797248317348201	-0.00143571968032412	7.977466737279	0.98477392151286
27.625	23.25	0.980873920229474	0.797508303645034	-0.00138641425927278	7.78085213820534	0.987568048149158
27.875	23.25	0.984470532569422	0.797733047557691	-0.00133264952243329	7.583669873155	0.989905846170124
28.125	23.25	0.987463825422328	0.797928294699717	-0.00127696086277622	7.38601183002595	0.991851486524513
28.375	23.25	0.989941004705455	0.798098915603577	-0.00122123268256067	7.18795668638688	0.993461653058546
28.625	23.25	0.99197891683104	0.798248999366291	-0.00116680718273757	6.98957149221052	0.994786295940176
28.875	23.25	0.993645048204581	0.798381951450649	-0.00111458829312139	6.79091310028183	0.995869281332978
29.125	23.25	0.994998407363726	0.798500589055256	-0.00106513572796728	6.59202945906118	0.996748964786422
29.375	23.25	0.996090322086435	0.798607230059931	-0.00101874676053189	6.39296077992899	0.997458709356183
29.625	23.25	0.996965174431985	0.798703773390391	-0.000975525059511848	6.19374058847072	0.99802736338079
29.875	23.25	0.997661088681857	0.79879176991008	-0.000935437033850382	5.99439666782423	0.998479707643207
30.125	23.25	0.998210580802167	0.798872483783071	-0.000898356770856548	5.79495190104694	0.998836877521408
30.375	23.25	0.998641173351773	0.798946944776285	-0.000864100967997467	5.59542501886213	0.999116762678653
30.625	23.25	0.998975976558346	0.799015992270377	-0.000832455359550562	5.39583125889011	0.999334384762925
30.875	23.25	0.999234234355306	0.799080311893748	-0.000803194104313352	5.1961829424422	0.999502252330949
31.125	23.25	0.999431833266465	0.79914046573504	-0.00077609348602331	4.99648997504885	0.999630691623202
31.375	23.25	0.999581771893836	0.799196917061948	-0.000750941122631081	4.7967602770209	0.999728151730993
31.625	23.25	0.999694589176662	0.799250050406863	-0.000727541709845159	4.59700015044123	0.99980148296483
31.875	23.25	0.999778750342718	0.799300187790938	-0.000705720155450436	4.39721458900832	0.999856187722767
32.125	23.25	0.999840990395836	0.79934760176066	-0.000685322804628386	4.19740753707845	0.999896643757293
32.375	23.25	0.999886615937878	0.799392525813729	-0.000666217319265907	3.9975821040714	0.999926300359621
32.625	23.25	0.999919767000694	0.799435162698921	-0.000648291658435983	3.79774074012007	0.999947848550451
32.875	23.25	0.999943641282637	0.799475690991983	-0.000631452510525424	3.59788537847273	0.999963366833714
33.125	23.25	0.999960683694172	0.799514270279292	-0.000615623442171952	3.39801754972128	0.999974444401212
33.375	23.25	0.999972744408912	0.799551045226365	-0.000600742944262112	3.19813847245599	0.999982283865793
33.625	23.25	0.999981208740353	0.799586148768902	-0.000586762463509087	2.99824912446028	0.999987785681229
33.875	23.25	0.999987102236521	0.799619704635548	-0.000573644418396158	2.79835029807138	0.999991616453739
34.125	23.25	0.999991174554305	0.799651829380001	-0.000561360148277188	2.59844264284005	0.999994263460299
34.375	23.25	0.999993966023346	0.79968263404504	-0.000549887798084351	2.39852669810473	0.999996077915175
34.625	23.25	0.999995861179721	0.799712225485981	-0.000539210353624817	2.19860291753911	0.999997309766819
34.875	23.25	0.999997133391459	0.799740707255495	-0.000529314379249753	1.99867168716493	0.999998136704448
35.125	23.25	0.999997983112325	0.799768179861974	-0.000520190248202715	1.79873333786806	0.999998689023011
35.375	23.25	0.999998568547039	0.799794740291479	-0.000511834352187492	1.59878815334573	0.999999069555575
35.625	23.25	0.999999022119637	0.799820481082345	-0.000504252439401401	1.39883637489506	0.999999364377764
35.875	23.25	0.999999442308866	0.799845489995137	-0.000497460815900976	1.19887820554471	0.999999637500763
36.125	23.25	0.999999854585511	0.799869852116377	-0.000491479793826418	0.998913817132456	0.999999905480582
36.375	23.25	1.00000015478365	0.799893656224164	-0.000486314298771111	0.798943363541322	1.00000010060937
36.625	23.25	1.00000008476058	0.799917005165395	-0.000481923758217912	0.598966999318983	1.00000005509437
36.875	23.25	0.99999932811946	0.799940027441357	-0.000478199174199215	0.398984894058052	0.999999563277649
37.125	23.25	0.999997811333585	0.799963408731527	-0.000474984877143772	0.198997220320316	0.99999857736683
37.375	23.25	0.999996191069036	0.399984228052173	-0.000472596996776972	-0.00099618585598547	0.999997524194873
0.125	23.75	-3.78477811800499e-12	0.399998477809664	7.48759105566305e-05	18.0166399838972	0.34999999999754
0.375	23.75	-5.78081525805262e-12	0.799995428740674	7.51258188963544e-05	17.94664025027	0.349999999996242
0.625	23.75	-7.66441967778789e-12	0.799992365582759	7.56260337808239e-05	17.8766407838362	0.349999999995018
0.875	23.75	-6.81315354730266e-12	0.79998927888804	7.63773497294335e-05	17.8066415862402	0.349999999995571
1.125	23.75	-1.28542851228228e-13	0.799986159126647	7.73809536648108e-05	17.7366426599558	0.349999999999916
1.375	23.75	1.5197023569552e-11	0.799982996653254	7.86384189435083e-05	17.6666440082943	0.350000000009878
1.625	23.75	4.02671049046264e-11	0.799979781674316	8.0151697490347e-05	17.5966456354167	0.350000000026174
1.875	23.75	7.26465656623685e-11	0.799976504215035	8.19231094882961e-05	17.5266475463479	0.35000000004722
2.125	23.75	1.04558822996224e-10	0.799973154086672	8.3955330985714e-05	17.456649746995	0.350000000067963
2.375	23.75	1.21796944826146e-10	0.799969720853412	8.6251378893859e-05	17.3866522441681	0.350000000079168
2.625	23.75	1.04169921531148e-10	0.799966193799819	8.88145934054592e-05	17.3166550456042	0.35000000006771
2.875	23.75	2.82787811693826e-11	0.799962561897925	9.16486176451566e-05	17.2466581599937	0.350000000018381
3.125	23.75	-1.26819364358137e-10	0.799958813774574	9.47573744155168e-05	17.1766615970097	0.349999999917567
3.375	23.75	-3.70954569312613e-10	0.799954937678792	9.81450396265052e-05	17.1066653673384	0.34999999975888
3.625	23.75	-6.91751303018438e-10	0.799950921450125	0.00010181601280321	17.0366694827116	0.349999999550362
3.875	23.75	-1.04253201676439e-09	0.799946752486672	0.000105774883839324	16.9666739559407	0.349999999322354
4.125	23.75	-1.33175445039595e-09	0.799942417714658	0.000110026396592735	16.8966788009505	0.34999999913436
4.375	23.75	-1.41780747141536e-09	0.799937903559508	0.000114575408952612	16.8266840328163	0.349999999078425
4.625	23.75	-1.11423431132923e-09	0.799933195918334	0.000119426849691153	16.756689667802	0.349999999275748
4.875	23.75	-2.11168542423801e-10	0.799928280136574	0.000124585672239662	16.6866957234023	0.34999999986274
5.125	23.75	1.48173884347732e-09	0.799923140988761	0.000130056806024902	16.6167022183909	0.35000000096313
5.375	23.75	4.06804704373976e-09	0.799917762666621	0.000135845105675532	16.5467091728776	0.350000002644231
5.625	23.75	7.47478249030597e-09	0.799912128775303	0.000141955299480291	16.4767166083756	0.350000004858609
5.875	23.75	1.134899331158e-08	0.799906222340823	0.000148391937819852	16.4067245478828	0.350000007376846
6.125	23.75	1.49577339637652e-08	0.799900025829224	0.00015515934378976	16.3367330159747	0.350000009722527
6.375	23.75	1.71173186681141e-08	0.799893521180173	0.000162261567776347	16.2667420389079	0.350000011126257
6.625	23.75	1.61852771497268e-08	0.799886689854355	0.000169702349287545	16.1967516447263	0.35000001052043
6.875	23.75	1.0153235395249e-08	0.799879512897524	0.000177485089306719	16.1267618633579	0.350000006599603
7.125	23.75	-3.12090424565371e-09	0.799871971018817	0.000185612838421324	16.0567727266855	0.349999997971412
7.375	23.75	-2.55093913306501e-08	0.799864044686002	0.000194088306517355	15.98678426857	0.349999983418896
7.625	23.75	-5.80218364202299e-08	0.799855714235558	0.000202913902009059	15.916796524799	0.349999962285806
7.875	23.75	-1.00028736212977e-07	0.799846959998416	0.000212091810280433	15.8468095329366	0.349999934981321
8.125	23.75	-1.48339873081977e-07	0.799837762440682	0.000221624123808895	15.776823332049	0.349999903579082
8.375	23.75	-1.9621879163649e-07	0.799828102318532	0.000231513038777568	15.7068379622892	0.349999872457785
8.625	23.75	-2.32466161165578e-07	0.799817960846562	0.000241761137135311	15.6368534643398	0.349999848896995
8.875	23.75	-2.40764054509832e-07	0.799807319876768	0.000252371776263335	15.5668698787304	0.349999843503364
9.125	23.75	-1.99537752748515e-07	0.799796162083987	0.000263349613282492	15.4968872450776	0.349999870300461
9.375	23.75	-8.26579570789923e-08	0.799784471150991	0.000274701296094551	15.4269056013353	0.349999946272328
9.625	23.75	1.38631660858071e-07	0.799772231941933	0.000286436358834407	15.3569249831844	0.35000009011058
9.875	23.75	4.92128184020968e-07	0.799759430648558	0.000298568365787558	15.2869454237539	0.35000031988332
10.125	23.75	9.98970496117959e-07	0.799746054886362	0.000311116354973211	15.2169669539175	0.350000649330822
10.375	23.75	1.66540169169071e-06	0.799732093709695	0.000324106640248233	15.1469896034789	0.3500010825111
10.625	23.75	2.47167159495263e-06	0.799717537501626	0.000337575039077016	15.077013403607	0.350001606586537
10.875	23.75	3.35797530401609e-06	0.79970237767762	0.000351569601452715	15.0070383909242	0.350002182683948
11.125	23.75	4.20769539573271e-06	0.799686606113601	0.000366153923949685	14.9370646136476	0.350002735002007
11.375	23.75	4.82878677298806e-06	0.799670214170497	0.000381411139284411	14.8670921401316	0.350003138711402
11.625	23.75	4.93495657904471e-06	0.799653191125609	0.000397448675784878	14.7971210700165	0.350003207721776
11.875	23.75	4.12937908603092e-06	0.799635521736297	0.000414403879458226	14.7271515479336	0.350002684096406
12.125	23.75	1.89505868310683e-06	0.799617182539275	0.00043245057989246	14.6571837793098	0.350001231788144
12.375	23.75	-2.40240599824947e-06	0.799598136324659	0.000451806656838225	14.5872180472209	0.349998438436101
12.625	23.75	-9.49205661877938e-06	0.799578324009843	0.000472742617920137	14.51725472844	0.349993830163198
12.875	23.75	-2.01452602958563e-05	0.799557652868695	0.000495591124027849	14.4472943057918	0.349986905580808
13.125	23.75	-3.50824041425046e-05	0.799535979746454	0.000520757286869365	14.3773373726613	0.349977196437307
13.375	23.75	-5.48255172651588e-05	0.799513087516805	0.000548729403087075	14.3073846240348	0.349964363413778
13.625	23.75	-7.94825756955827e-05	0.799488652627387	0.000580089572647758	14.2374368268305	0.349948336325798
13.875	23.75	-0.000108448789141383	0.799462201163004	0.000615523367687282	14.1674947605732	0.349929508287058
14.125	23.75	-0.000140010614329001	0.799433050470098	0.00065582736979581	14.0975591178053	0.349908993100686
14.375	23.75	-0.000170839713087771	0.799400233093431	0.000701912985101079	14.027630352111	0.349888954186493
14.625	23.75	-0.000195366587007556	0.799362399656254	0.000754804496468012	13.9577084604067	0.349873011718445
14.875	23.75	-0.0002050270409252	0.799317697478036	0.000815628858257592	13.8877926853272	0.349866732423399
15.125	23.75	-0.000187378655664144	0.799263622307012	0.000885594342271975	13.8178811232	0.349878203873818
15.375	23.75	-0.000125088626962551	0.799196841723417	0.000965954893469823	13.7479702232735	0.349918692392474
15.625	23.75	5.20193103148333e-06	0.799112990755701	0.00105795707040794	13.6780541644906	0.35000338125517
15.875	23.75	0.000234129448517202	0.799006443291132	0.00116276687547423	13.6081240970457	0.350152184141536
16.125	23.75	0.000600966340933339	0.79887006722615	0.0012813747896845	13.5381672369722	0.350390628121607
16.375	23.75	0.00115507866455007	0.798694977254851	0.00141447907476265	13.468165802791	0.350750801131958
16.625	23.75	0.00195747834050588	0.798470306948561	0.00156235000838752	13.3980957834262	0.351272360921329
16.875	23.75	0.00308247005652492	0.798183031408066	0.00172468119300174	13.3279255258393	0.352003605536741
17.125	23.75	0.0046193982329125	0.797817883073062	0.00190043826567125	13.2576141288816	0.353002608851393
17.375	23.75	0.0066745032996976	0.797357415605545	0.00208771981666217	13.1871096266535	0.354338427144803
17.625	23.75	0.00937289603446647	0.79678228278019	0.00228364933983613	13.1163469404395	0.356092382422403
17.875	23.75	0.0128606496802909	0.79607180872002	0.0024843194559237	13.0452455737401	0.358359422292189
18.125	23.75	0.0173069862565964	0.795204929081848	0.00268480902010321	12.9737070214016	0.361249541066788
18.375	23.75	0.0229064881171927	0.794161575038322	0.00287928851192337	12.9016118635338	0.364889217276175
18.625	23.75	0.0298811880489168	0.792924547034617	0.00306121814054042	12.8288165212155	0.369422772231796
18.875	23.75	0.0384822677587961	0.791481876800251	0.00322362632440724	12.7551496688582	0.375013474043217
19.125	23.75	0.0489909098121767	0.78982959872355	0.00335943558675993	12.6804083344959	0.381844091377915
19.375	23.75	0.0617175869004854	0.787974744483692	0.0034617832643641	12.6043537834453	0.390116431485315
19.625	23.75	0.0769987283418959	0.785938245322259	0.0035242735883368	12.526707384008	0.400049173422232
19.875	23.75	0.0951892961504736	0.783757295142267	0.00354110521186533	12.4471468078545	0.411873042497808
20.125	23.75	0.116649405923124	0.781486630901007	0.00350705189768118	12.3653031301286	0.42582211385003
20.375	23.75	0.141722910590539	0.779198172487538	0.00341733417904224	12.2807596601421	0.44211989188385
20.625	23.75	0.170706129210846	0.776978578062837	0.00326749323775432	12.1930536209286	0.46095898398705
20.875	23.75	0.20380607403548	0.774924531202043	0.00305343600257975	12.1016820286917	0.482473948123062
21.125	23.75	0.241090032692786	0.773135949346419	0.00277182417238336	12.006113168209	0.506708521250311
21.375	23.75	0.282432311934549	0.771707699386387	0.00242089960035384	11.9058047379767	0.533581002757457
21.625	23.75	0.327468669706036	0.770720718053891	0.00200167659550984	11.8002288800256	0.562854635308923
21.875	23.75	0.375572614286228	0.770233603631862	0.0015192373441601	11.6889028692267	0.594122199286048
22.125	23.75	0.425867598878345	0.770275796029197	0.000983724311377542	11.5714224340628	0.626813939270924
22.375	23.75	0.477282938876179	0.770843441338913	0.000410613407968375	11.447493061232	0.660233910269517
22.625	23.75	0.528649382207967	0.771898895569251	-0.000179996586702538	11.3169539390448	0.693622098435179
22.875	23.75	0.578816839707068	0.773374399243669	-0.000765072977899851	11.1797899897904	0.726230945809594
23.125	23.75	0.626768281464235	0.775179658107273	-0.00132102222450391	11.0361297224543	0.757399382951753
23.375	23.75	0.671704925936715	0.777212089475184	-0.00182625377731523	10.8862296862631	0.786608201858865
23.625	23.75	0.713088099048807	0.779367782324544	-0.00226340203594905	10.7304490139367	0.813507264381724
23.875	23.75	0.750637145806281	0.781551145788471	-0.00262079698988201	10.5692190033033	0.837914144774083
24.125	23.75	0.784294079516801	0.78368179991482	-0.00289299953477129	10.4030126270606	0.859791151685921
24.375	23.75	0.814170596258568	0.78569816843459	-0.00308045511318328	10.2323176575309	0.879210887568069
24.625	23.75	0.840491925502733	0.787558059660715	-0.00318849263038928	10.0576154277461	0.896319751576777
24.875	23.75	0.863547382471706	0.78923701993705	-0.00322596961702621	9.87936572788409	0.911305798606609
25.125	23.75	0.883652286440011	0.79072538281904	-0.0032038479426921	9.6979972837932	0.924373986186007
25.375	23.75	0.901121877624581	0.792024822905221	-0.0031339114153364	9.51390273315279	0.935729220455977
25.625	23.75	0.916255533694776	0.793144994183768	-0.00302774573494901	9.32743689097178	0.945566096901604
25.875	23.75	0.929328702956957	0.794100594032912	-0.0028960205634454	9.13891721712321	0.954063656922022
26.125	23.75	0.940590008577531	0.794909001004555	-0.00274805643534232	8.94862562477235	0.961383505575395
26.375	23.75	0.950261452449123	0.79558850335212	-0.00259162757624762	8.75681100827125	0.96766994409193
26.625	23.75	0.958540232266555	0.796157059960848	-0.00243294048546856	8.56369207565761	0.973051150973261
26.875	23.75	0.965601209955984	0.796631501544047	-0.00227673033200502	8.36946022870147	0.97764078647139
27.125	23.75	0.971599470976999	0.797027072891515	-0.00212642641191713	8.1742823440789	0.981539656135049
27.375	23.75	0.976672689418581	0.797357224753795	-0.00198434948732315	7.9783033815322	0.984837248122077
27.625	23.75	0.980943186054664	0.797633578434286	-0.00185191498068437	7.78164878905318	0.987613070935532
27.875	23.75	0.984519664273708	0.797866002320896	-0.00172982538190664	7.58442670020505	0.98993778177791
28.125	23.75	0.987498657436087	0.79806275470566	-0.00161824243365932	7.38672993158498	0.991874127333456
28.375	23.75	0.989965739967675	0.79823066010708	-0.0015169348067567	7.18863779398748	0.993477730978989
28.625	23.75	0.991996556558998	0.798375296603594	-0.00142540040738547	6.99021773228118	0.994797761763349
28.875	23.75	0.993657717605866	0.798501179550682	-0.00134296457241122	6.79152680838485	0.995877516443813
29.125	23.75	0.995007599505346	0.798611932836376	-0.00126885657668498	6.59261304023637	0.996754939678475
29.375	23.75	0.996097078395214	0.79871044293255	-0.00120226739890039	6.39351660797668	0.997463100956889
29.625	23.75	0.996970216813213	0.798798993803935	-0.00114239179962266	6.19427093707178	0.998030640928588
29.875	23.75	0.997664915172293	0.798879382570821	-0.00108845762194001	5.99490366691975	0.998482194861991
30.125	23.75	0.998213534071455	0.798953016951071	-0.00103974494563924	5.79543751266785	0.998838797146446
30.375	23.75	0.998643489223324	0.799020996139326	-0.00099559738513192	5.59589102746047	0.99911826799516
30.625	23.75	0.998977817995265	0.799084177072149	-0.000955427467265459	5.39627927208359	0.999335581696922
30.875	23.75	0.999235714994039	0.799143228094515	-0.000918717685818405	5.19661439888517	0.999503214746125
31.125	23.75	0.999433033522678	0.799198671967543	-0.000885018520313666	4.99690615685472	0.999631471789741
31.375	23.75	0.99958274985658	0.799250920000443	-0.000853944434950248	4.79716232477192	0.999728787406777
31.625	23.75	0.999695387897443	0.799300298891429	-0.000825168640708451	4.59738907933007	0.999802002133338
31.875	23.75	0.999779402670157	0.799347071650623	-0.000798417209591194	4.39759130506842	0.999856611735602
32.125	23.75	0.999841522163452	0.799391453770288	-0.000773462972314974	4.19777285278817	0.999896989406244
32.375	23.75	0.999887048049176	0.799433625614773	-0.000750119507140629	3.99793675287226	0.999926581231964
32.625	23.75	0.999920116751996	0.799473741830356	-0.000728235433856392	3.79808538958643	0.999948075888797
32.875	23.75	0.999943923119945	0.799511938425865	-0.000707689156204697	3.59822064201897	0.999963550027964
33.125	23.75	0.999960909537132	0.799548338048785	-0.000688384137562713	3.39834399684094	0.999974591199136
33.375	23.75	0.999972923721103	0.79958305387644	-0.000670244734704545	3.19845663755455	0.999982400418717
33.625	23.75	0.999981348675668	0.799616192453935	-0.000653212544533759	2.9985595143673	0.999987876639184
33.875	23.75	0.999987208349343	0.79964785573622	-0.000637243147707428	2.79865339829817	0.999991685427073
34.125	23.75	0.999991252497935	0.799678142528108	-0.000622303101031351	2.59873892260686	0.999994314123658
34.375	23.75	0.999994024072171	0.799707149464378	-0.00060836710599935	2.39881661415022	0.999996115646911
34.625	23.75	0.999995912145848	0.799734971636482	-0.000595415522819852	2.1988869168255	0.999997342894801
34.875	23.75	0.999997192978023	0.799761702959124	-0.000583432771709408	1.99895020886973	0.999998175435715
35.125	23.75	0.999998061309556	0.799787436377289	-0.000572407428755557	1.79900681545596	0.999998739851211
35.375	23.75	0.999998653509715	0.799812264027347	-0.000562334508354658	1.59905701776059	0.999999124781315
35.625	23.75	0.999999063797451	0.799836277454626	-0.00055321900183055	1.39910105946679	0.999999391468343
35.875	23.75	0.999999354531352	0.79985956792614	-0.000545077163397502	1.19913915150944	0.999999580445379
36.125	23.75	0.999999561608399	0.799882226767041	-0.000537929516914047	0.999171475749323	0.999999715045459
36.375	23.75	0.999999696694221	0.799904345554329	-0.000531780115478702	0.79919818814789	0.999999802851244
36.625	23.75	0.999999750052055	0.799926016015259	-0.000526584301521906	0.599219421766005	0.999999837533836
36.875	23.75	0.999999701682028	0.799947331703596	-0.000522224138608905	0.399235289255002	0.999999806093318
37.125	23.75	0.999999552695695	0.799968496802079	-0.000518531777844975	0.199245882101552	0.999999709252202
37.375	23.75	0.999999386170732	0.399988926868906	-0.000515847649350602	-0.000748797658940134	0.999999601010976
0.125	24.25	-3.78490945770815e-12	0.399998737099887	8.04460878197589e-05	18.0166263465887	0.34999999999754
0.375	24.25	-5.78976579424721e-12	0.799996207042448	8.0713897843221e-05	17.9466265675849	0.349999999996237
0.625	24.25	-7.69205461127842e-12	0.799993664187337	8.12499856036675e-05	17.8766270103223	0.349999999995
0.875	24.25	-6.86824791689481e-12	0.7999910999411	8.20552846398147e-05	17.8066276762951	0.349999999995536
1.125	24.25	-2.14122772438989e-13	0.799988505618688	8.31311907440036e-05	17.7366285677518	0.349999999999861
1.375	24.25	1.50901291771845e-11	0.799985872405763	8.44795563222542e-05	17.6666296877055	0.350000000009809
1.625	24.25	4.01673740930449e-11	0.79998319132168	8.61026827221245e-05	17.5966310399467	0.350000000026109
1.875	24.25	7.26080354349702e-11	0.799980453182096	8.8003310587677e-05	17.5266326290598	0.350000000047195
2.125	24.25	1.04664506265205e-10	0.799977648561213	9.0184607644112e-05	17.4566344604431	0.350000000068032
2.375	24.25	1.22156199478022e-10	0.799974767753541	9.26501542407645e-05	17.3866365403325	0.350000000079402
2.625	24.25	1.049036947254e-10	0.799971800735928	9.54039258936399e-05	17.3166388758284	0.350000000068187
2.875	24.25	2.94829050813417e-11	0.799968737128358	9.84502730902529e-05	17.2466414749261	0.350000000019164
3.125	24.25	-1.25143074273355e-10	0.799965566155145	0.000101793897581279	17.1766443465485	0.349999999918657
3.375	24.25	-3.69000409777336e-10	0.79996227660559	0.000105439825388782	17.1066475005821	0.34999999976015
3.625	24.25	-6.9002473231537e-10	0.799958856794547	0.000109393375681495	17.0366509479144	0.349999999551484
3.875	24.25	-1.04193208771463e-09	0.799955294523589	0.000113660125851626	16.9666547004734	0.349999999322744
4.125	24.25	-1.33356472404721e-09	0.799951577042094	0.000118245871893817	16.8966587712694	0.349999999133183
4.375	24.25	-1.42354845802527e-09	0.799947691010542	0.000123156584378879	16.8266631744382	0.349999999074693
4.625	24.25	-1.12536557501323e-09	0.799943622465201	0.000128398359588634	16.7566679252875	0.349999999268512
4.875	24.25	-2.28664834860063e-10	0.79993935678707	0.000133977365811262	16.6866730403483	0.349999999851368
5.125	24.25	1.45790354704637e-09	0.799934878676311	0.000139899784780567	16.6166785374321	0.350000000947637
5.375	24.25	4.03949468240616e-09	0.799930172134391	0.000146171748454261	16.5466844356974	0.350000002625672
5.625	24.25	7.44540850902089e-09	0.799925220457266	0.00015279927162484	16.4766907557282	0.350000004839515
5.875	24.25	1.13256951346755e-08	0.79992000624123	0.000159788180814818	16.4066975196246	0.350000007361702
6.125	24.25	1.49510596528595e-08	0.799914511405152	0.000167144040785511	16.3367047511072	0.350000009718189
6.375	24.25	1.71417718211176e-08	0.79990871723127	0.00017487207973015	16.2667124756298	0.350000011142152
6.625	24.25	1.6258893118949e-08	0.799902604427124	0.000182977115332404	16.1967207204954	0.350000010568281
6.875	24.25	1.02959707700941e-08	0.799896153212073	0.000191463484414063	16.12672951496	0.350000006692381
7.125	24.25	-2.89043250127715e-09	0.799889343429772	0.000200334979699171	16.0567388903097	0.349999998121219
7.375	24.25	-2.51792065920554e-08	0.799882154691043	0.000209594798664196	15.9867488798851	0.349999983633516
7.625	24.25	-5.7594167614268e-08	0.799874566549812	0.000219245511127528	15.9167595190288	0.349999962563791
7.875	24.25	-9.95298059230202e-08	0.799866558716806	0.000229289054541583	15.8467708449256	0.349999935305626
8.125	24.25	-1.47831491618255e-07	0.799858111315795	0.000239726768347178	15.776782896311	0.34999990390953
8.375	24.25	-1.95810852505358e-07	0.799849205189012	0.000250559483219185	15.7067957130282	0.349999872722946
8.625	24.25	-2.32328532632686e-07	0.799839822258257	0.000261787684718361	15.6368093354264	0.349999848986454
8.875	24.25	-2.41135643718213e-07	0.799829945949242	0.000273411777490706	15.5668238036168	0.349999843261832
9.125	24.25	-2.00729665257159e-07	0.799819561686358	0.0002854324828015	15.4968391566255	0.349999869525718
9.375	24.25	-8.50466420543976e-08	0.799808657464701	0.000297851411235336	15.4268554315252	0.349999944719683
9.625	24.25	1.34626683090945e-07	0.799797224504419	0.000310671863154408	15.3568726626685	0.350000087507344
9.875	24.25	4.8608909829517e-07	0.79978525798987	0.000323899922503866	15.2868908812016	0.350000315957914
10.125	24.25	9.90557805400449e-07	0.799772757892586	0.000337545925399118	15.2169101150953	0.350000643862573
10.375	24.25	1.65447501167328e-06	0.799759729870333	0.000351626403432137	15.146930389988	0.350001075408758
10.625	24.25	2.45847094015009e-06	0.799746186225929	0.000366166624686679	15.0769517311878	0.350001598006111
10.875	24.25	3.34338418861632e-06	0.799732146892924	0.00038120388114241	15.0069741672168	0.350002173199723
11.125	24.25	4.19361301778287e-06	0.799717640391768	0.000396791702689052	14.9369977352741	0.350002725848462
11.375	24.25	4.81864293493085e-06	0.799702704660233	0.000413005212918773	14.8670224889379	0.350003132117908
11.625	24.25	4.93440873906839e-06	0.799687387603121	0.000429947881876541	14.7970485082833	0.35000320736568
11.875	24.25	4.14723411508449e-06	0.799671747117454	0.000447759973254602	14.7270759123302	0.350002695702175
12.125	24.25	1.94445951313133e-06	0.799655850223632	0.000466629028063544	14.6571048733279	0.350001263898683
12.375	24.25	-2.30250092497398e-06	0.799639770759864	0.000486802767193987	14.5871356317878	0.349998503374399
12.625	24.25	-9.31510108725236e-06	0.799623584866978	0.000508604827815206	14.5171685103737	0.349993945184293
12.875	24.25	-1.98551058149244e-05	0.799607363197305	0.000532453762507746	14.4472039237297	0.34998709418122
13.125	24.25	-3.46311750224959e-05	0.799591158419975	0.000558885712635208	14.3772423800731	0.349977489736235
13.375	24.25	-5.4151627054881e-05	0.799574986168417	0.000588581101961355	14.3072844689325	0.349964801442414
13.625	24.25	-7.85093021000783e-05	0.799558797094833	0.000622395558094449	14.2373308278156	0.349948968953635
13.875	24.25	-0.000107084038552443	0.799542437181447	0.000661395031073294	14.1673820789366	0.349930395374941
14.125	24.25	-0.000138148767037534	0.799525592949457	0.00070689470437875	14.0974387255243	0.349910203301426
14.375	24.25	-0.000168366734361164	0.799507717757178	0.000760500745230453	14.0275009957937	0.349890561622665
14.625	24.25	-0.000192169893851637	0.79948793507225	0.000824153176209856	13.9575686215279	0.349875089568996
14.875	24.25	-0.000201011891897238	0.799464914551858	0.000900167127553325	13.8876405374973	0.349869342270267
15.125	24.25	-0.000182493029856697	0.799436717117079	0.000991268414459226	13.8177144877182	0.349881379530593
15.375	24.25	-0.0001193586155805	0.799400606161602	0.0011006177557929	13.7477865248334	0.349922416899873
15.625	24.25	1.1624346929144e-05	0.799352823831792	0.00123181601566718	13.6778503896304	0.350007555825504
15.875	24.25	0.000240904772225792	0.799288334254996	0.00138888065195087	13.6078967587278	0.350156588101947
16.125	24.25	0.00060749132046596	0.799200540009265	0.00157618120140178	13.5379123495116	0.350394869358303
16.375	24.25	0.00116039561639693	0.799080984379045	0.00179831930426926	13.467878872167	0.350754257150658
16.625	24.25	0.00196017127386244	0.798919060340421	0.00205993676942995	13.3977718187588	0.351274111328011
16.875	24.25	0.00308054975631988	0.798701757960197	0.00236543394167765	13.3275590784235	0.352002357341608
17.125	24.25	0.00461017883866542	0.798413494889216	0.0027185807781332	13.2571993656195	0.352996616245133
17.375	24.25	0.00665447220113294	0.798036089317125	0.00312200541866646	13.1866404449982	0.354325406930736
17.625	24.25	0.00933757643943697	0.797548949814977	0.00357655075877904	13.1158171321114	0.356069424685634
17.875	24.25	0.0128044503613498	0.796929569508917	0.004080500007297	13.0446490446064	0.358322892734877
18.125	24.25	0.0172230253716565	0.796154419182995	0.00462868909533233	12.9730380751781	0.361194966491577
18.375	24.25	0.0227863678983381	0.795200329734635	0.00521154885184536	12.9008655575394	0.36481113913392
18.625	24.25	0.0297146860586382	0.794046431916956	0.00581415452060298	12.8279891033387	0.369314545938115
18.875	24.25	0.0382569017957956	0.792676672711632	0.00641540477094238	12.7542391059423	0.374866986167267
19.125	24.25	0.0486913336382562	0.791082846213924	0.00698750460141105	12.6794149427149	0.381649366864867
19.375	24.25	0.0613247922358343	0.789267960001737	0.00749597952117125	12.6032809691599	0.389861114953292
19.625	24.25	0.0764890772719744	0.787249611846095	0.007900487969535	12.5255624960634	0.399717900226783
19.875	24.25	0.0945334995474238	0.785062896483863	0.00815670176510397	12.4459420849105	0.411446774705825
20.125	24.25	0.115811703831543	0.78276223540488	0.0082194587670946	12.3640566942105	0.425277607490503
20.375	24.25	0.14066088839573	0.780421476202837	0.00804722480503965	12.2794964558818	0.441429577457225
20.625	24.25	0.169371774616205	0.778131695872695	0.00760761519061476	12.1918061291041	0.460091653500533
20.875	24.25	0.202148754378559	0.775996396547416	0.00688334183429113	12.1004905025037	0.481396690346063
21.125	24.25	0.239061918505421	0.774124186048914	0.00587755679157104	12.0050250762776	0.505390247028523
21.375	24.25	0.279996262739944	0.772619513022912	0.00461731065364547	11.9048730911164	0.531997570780963
21.625	24.25	0.3246077058411	0.771572464594969	0.00315391185557983	11.7995092193808	0.560995008796715
21.875	24.25	0.372299024833841	0.771048937542408	0.00155946899259041	11.6884489351623	0.591994366141997
22.125	24.25	0.42222895819718	0.771082622639257	-8.02377184495563e-05	11.5712809003556	0.624448822828167
22.375	24.25	0.473362417685431	0.771670188564209	-0.00167543554946584	11.4476981113067	0.65768557149553
22.625	24.25	0.524559065112584	0.772770768795998	-0.00314274550349879	11.3175227196588	0.69096339232318
22.875	24.25	0.574684960989297	0.774310248707688	-0.00441424446114261	11.180719948781	0.723545224643043
23.125	24.25	0.622723387542621	0.776189911180384	-0.00544357989698372	11.0373984712909	0.754770201902704
23.375	24.25	0.667860913429546	0.778297961326909	-0.00620833692773228	10.8877974334853	0.784109593729205
23.625	24.25	0.709533447935715	0.780521742315901	-0.0067087836552158	10.732263014505	0.811196741158215
23.875	24.25	0.74742993570028	0.782758419219704	-0.00696385563000159	10.5712190786089	0.835829458205182
24.125	24.25	0.781462486728641	0.784922548264076	-0.00700561313499643	10.405136733479	0.857950616373616
24.375	24.25	0.811717298207561	0.786949935314865	-0.0068733997418871	10.2345066779688	0.877616243834915
24.625	24.25	0.838400444114484	0.788798100064389	-0.00660865096459373	10.0598167014586	0.894960288674415
24.875	24.25	0.861788683781265	0.790444228826778	-0.00625090242598252	9.88153518119638	0.910162644457822
25.125	24.25	0.882190549609026	0.791881669463115	-0.00583516616732616	9.70010028733762	0.923423857245867
25.375	24.25	0.899918942787619	0.793115901527637	-0.00539056495355113	9.51591395883878	0.934947312811952
25.625	24.25	0.915273973932454	0.79416065387126	-0.00493996132282209	9.32933948722229	0.944928083056095
25.875	24.25	0.92853371001084	0.79503456262058	-0.00450027245779184	9.14070159687178	0.953546911507046
26.125	24.25	0.939950373493282	0.795758533262935	-0.00408318735063264	8.95028810142303	0.960967742770633
26.375	24.25	0.949749919341389	0.796353814143778	-0.00369606298081001	8.75835244609041	0.967337447571903
26.625	24.25	0.958133455668836	0.796840699856019	-0.00334284448925858	8.5651166583487	0.972786746184744
26.875	24.25	0.965279486504729	0.797237745011384	-0.0030249150291848	8.37077440011253	0.977431666228074
27.125	24.25	0.971346361662348	0.79756136356608	-0.00274182763868309	8.17549393941712	0.981375135080526
27.375	24.25	0.976474605833998	0.797825701375856	-0.00249190347261086	7.97942094446262	0.984708493792099
27.625	24.25	0.980788983581932	0.798042689676327	-0.00227270031630883	7.78268105687688	0.987512839328256
27.875	24.25	0.984400264943735	0.798222208468729	-0.00208136567787165	7.58538223311858	0.989860172213428
28.125	24.25	0.987406712639777	0.798372308073432	-0.00191489295391461	7.38761686041428	0.991814363215855
28.375	24.25	0.989895335830611	0.798499453061604	-0.0017702996106325	7.18946366193619	0.993431968289897
28.625	24.25	0.991942960767995	0.798608765169976	-0.00164474474810387	6.9909894088413	0.994762924499197
28.875	24.25	0.993617164475501	0.798704250982414	-0.00153560095169026	6.79225045677576	0.995851156909076
29.125	24.25	0.994977109244546	0.798789006678673	-0.00144049265649985	6.59329412304071	0.996735121008955
29.375	24.25	0.996074306351018	0.798865396588223	-0.00135731072489606	6.39415991873125	0.997448299128162
29.625	24.25	0.996953328620642	0.798935205169442	-0.00128421073004376	6.19488064830161	0.998019663603417
29.875	24.25	0.997652484050579	0.798999763793781	-0.00121960060154438	5.99548338742172	0.998474114632877
30.125	24.25	0.998204456882345	0.799060054688443	-0.00116212181080171	5.79599034875888	0.998832896973524
30.375	24.25	0.998636918296661	0.799116794834244	-0.00111062711308194	5.59641964443782	0.99911399689283
30.625	24.25	0.998973106105296	0.799170502712068	-0.00106415696994558	5.39678595334705	0.999332518968443
30.875	24.25	0.999232371224803	0.799221550675647	-0.00102191609946957	5.19710110109339	0.999501041296122
31.125	24.25	0.999430688087373	0.79927020549082	-0.00098325109781257	4.99737456018002	0.999629947256793
31.375	24.25	0.999581126231978	0.799316659284934	-0.000947629705606403	4.797613877823	0.999727732050786
31.625	24.25	0.999694280898871	0.799361052836219	-0.000914622026036347	4.59782503866954	0.999801282584266
31.875	24.25	0.999778661322782	0.799403492826608	-0.000883883813574151	4.39801276949482	0.999856129859808
32.125	24.25	0.999841036417575	0.79944406439929	-0.000855141825227867	4.19818079270774	0.999896673671424
32.375	24.25	0.999886738538425	0.799482840111898	-0.000828181145808008	3.9983320351787	0.999926380049977
32.625	24.25	0.999919926909015	0.799519886161621	-0.000802834353813732	3.79846879851449	0.99994795249086
32.875	24.25	0.99994381306564	0.799555266578249	-0.000778972373146257	3.5985928964563	0.999963478492666
33.125	24.25	0.999960851286788	0.79958904593139	-0.000756496843686766	3.39870576457686	0.999974553336412
33.375	24.25	0.999972897447245	0.799621290970876	-0.000735333825416071	3.19880854691592	0.999982383340709
33.625	24.25	0.999981340039165	0.799652071507163	-0.000715428616132234	2.99890216363304	0.999987871025457
33.875	24.25	0.999987207162678	0.799681460738828	-0.000696741421739503	2.79898736319587	0.999991684655741
34.125	24.25	0.999991252982006	0.799709535156268	-0.000679243612651257	2.59906476209494	0.999994314438304
34.375	24.25	0.999994026391939	0.799736374118399	-0.000662914403125741	2.3991348746332	0.999996117154761
34.625	24.25	0.999995923604099	0.799762059240399	-0.000647738065203699	2.19919813502216	0.999997350342664
34.875	24.25	0.99999722564843	0.799786673846914	-0.000633702198035064	1.99925491382122	0.999998196671479
35.125	24.25	0.999998122441627	0.799810302865159	-0.000620797867000102	1.79930553056795	0.999998779587057
35.375	24.25	0.999998728055768	0.799833033484394	-0.000609022104145983	1.59935026402075	0.999999173236249
35.625	24.25	0.999999096748037	0.799854956467488	-0.000598381765134054	1.39938936049476	0.999999412886224
35.875	24.25	0.999999252927984	0.799876167072174	-0.000588895013793884	1.19942303928526	0.999999514403189
36.125	24.25	0.999999243930821	0.79989676346652	-0.00058058403886104	0.999451492755214	0.999999508555033
36.375	24.25	0.99999920503711	0.799916840334012	-0.000573453192721685	0.799474878832856	0.999999483274122
36.625	24.25	0.999999391459029	0.799936477599086	-0.000567454912583158	0.599493307392803	0.999999604448369
36.875	24.25	1.0000000995748	0.799955731491412	-0.000562463739450275	0.399506830072448	1.00000006472362
37.125	24.25	1.00000141066992	0.799974290339891	-0.000558301204575577	0.199515451576695	1.00000091693545
37.375	24.25	1.00000279612167	0.399994074410712	-0.000555330242285252	-0.00048064817521765	1.00000181747908
0.125	24.75	-3.78904558519078e-12	0.399999013429719	8.49450249880698e-05	18.0166118252979	0.349999999997537
0.375	24.75	-5.79876778790889e-12	0.799997036536241	8.52288658990164e-05	17.9466119979355	0.349999999996231
0.625	24.75	-7.70935305723984e-12	0.799995048356418	8.57970922117466e-05	17.8766123438677	0.349999999994989
0.875	24.75	-6.89482934588149e-12	0.799993041298471	8.66507912362536e-05	17.8066128644121	0.349999999995518
1.125	24.75	-2.46275937277417e-13	0.799991007670179	8.77915900225637e-05	17.7366135615539	0.34999999999984
1.375	24.75	1.50636214159029e-11	0.799988939637407	8.92216503857776e-05	17.6666144379562	0.350000000009791
1.625	24.75	4.016776079819e-11	0.799986829182979	9.09436622894183e-05	17.5966154969743	0.350000000026109
1.875	24.75	7.266771904469e-11	0.799984668064882	9.29608350979639e-05	17.5266167426741	0.350000000047234
2.125	24.75	1.04825282305558e-10	0.799982447773605	9.5276886651546e-05	17.4566181798539	0.350000000068136
2.375	24.75	1.22462678099514e-10	0.799980159488907	9.78960300171655e-05	17.3866198140706	0.350000000079601
2.625	24.75	1.05389406970133e-10	0.799977794035692	0.000100822957247891	17.3166216516698	0.350000000068503
2.875	24.75	3.01462403841703e-11	0.799975341838465	0.000104062820288075	17.2466236998192	0.350000000019595
3.125	24.75	-1.24375231993749e-10	0.799972792875365	0.00010762120826753	17.1766259665463	0.349999999919156
3.375	24.75	-3.68320323613415e-10	0.799970136630845	0.000111504120807309	17.1066284607782	0.349999999760592
3.625	24.75	-6.89795093201136e-10	0.799967362047878	0.000115717937052684	17.0366311923849	0.349999999551633
3.875	24.75	-1.04272385410248e-09	0.79996445747906	0.000120269379590874	16.9666341722256	0.349999999322229
4.125	24.75	-1.3361549875278e-09	0.799961410638084	0.000125165473159336	16.8966374121966	0.349999999131499
4.375	24.75	-1.42884604239709e-09	0.799958208551444	0.000130413496917257	16.8266409252836	0.34999999907125
4.625	24.75	-1.13423225320983e-09	0.799954837511517	0.00013602093045242	16.7566447256164	0.349999999262749
4.875	24.75	-2.41605556555316e-10	0.799951283033467	0.0001419953923642	16.6866488285309	0.349999999842956
5.125	24.75	1.44119938162509e-09	0.799947529816539	0.000148344571184887	16.6166532506373	0.35000000093678
5.375	24.75	4.02076636827209e-09	0.799943561713814	0.000155076148078245	16.5466580098989	0.350000002613498
5.625	24.75	7.42857214660955e-09	0.799939361712816	0.00016219771074485	16.4766631257239	0.350000004828572
5.875	24.75	1.13176547651824e-08	0.799934911930149	0.000169716658641506	16.4066686190707	0.350000007356476
6.125	24.75	1.49624174320462e-08	0.799930193623688	0.000177640098768014	16.3366745125672	0.350000009725571
6.375	24.75	1.7187143136631e-08	0.799925187226226	0.000185974732590927	16.2666808306403	0.350000011171643
6.625	24.75	1.63563819290857e-08	0.799919872404762	0.000194726734395094	16.1966875996478	0.350000010631648
6.875	24.75	1.04652187803609e-08	0.799914228148947	0.000203901621451739	16.126694848	0.350000006802392
7.125	24.75	-2.63230446349635e-09	0.799908232894792	0.000213504118078265	16.0567026062529	0.349999998289002
7.375	24.75	-2.48244507338711e-08	0.799901864688397	0.000223538015684373	15.9867109071481	0.349999983864107
7.625	24.75	-5.71546004585785e-08	0.799895101398091	0.00023400603258939	15.9167197855743	0.34999996284951
7.875	24.75	-9.90505389298327e-08	0.799887920982622	0.00024490967962607	15.8467292784177	0.34999993561715
8.125	24.75	-1.47407784898284e-07	0.799880301827668	0.000256249139981159	15.776739424275	0.34999990418494
8.375	24.75	-1.95606723084618e-07	0.799872223163846	0.000268023175772104	15.7067502630077	0.34999987285563
8.625	24.75	-2.32594404918315e-07	0.79986366558271	0.000280229078915832	15.6367618351265	0.349999848813637
8.875	24.75	-2.4222055708012e-07	0.79985461167073	0.000292862690733785	15.5667741810161	0.349999842556638
9.125	24.75	-2.03081342715931e-07	0.79984504678413	0.000305918523655352	15.4967873400361	0.349999867997127
9.375	24.75	-8.91901043506471e-08	0.799834959990482	0.000319390029812922	15.4268013495701	0.349999942026432
9.625	24.75	1.2814422214289e-07	0.79982434520786	0.00033327007554092	15.3568162441364	0.350000083293744
9.875	24.75	4.76802449358441e-07	0.799813202574803	0.000347551699277317	15.2868320547256	0.350000309921592
10.125	24.75	9.78255600825269e-07	0.799801540090071	0.000362229252234841	15.2168488085856	0.35000063586614
10.375	24.75	1.6394601917792e-06	0.799789375564359	0.000377300049278087	15.1468665297277	0.350001065649125
10.625	24.75	2.44193267253322e-06	0.799776738929603	0.000392766690711811	15.0768852404768	0.350001587256237
10.875	24.75	3.32790369294112e-06	0.799763674952858	0.00040864025719719	15.0069049644125	0.3500021631374
11.125	24.75	4.18382219268617e-06	0.799750246395549	0.000424944629261603	14.936925731043	0.350002719484425
11.375	24.75	4.82204563668387e-06	0.799736537645672	0.000441722243105903	14.8669475824804	0.350003134329664
11.625	24.75	4.96235673149396e-06	0.799722658820333	0.000459041664627363	14.7969705822355	0.350003225531875
11.875	24.75	4.21601813337676e-06	0.799708750283211	0.000477007447596687	14.7269948259781	0.350002740411787
12.125	24.75	2.07642330417873e-06	0.799694987439532	0.000495772835686894	14.6570204536836	0.350001349675148
12.375	24.75	-2.0779996208729e-06	0.799681585545821	0.000515555974503024	14.587047661981	0.349998649300246
12.625	24.75	-8.96118808197264e-06	0.799668804099088	0.000536660409831582	14.5170767147019	0.349994175227747
12.875	24.75	-1.93278459470369e-05	0.799656950137556	0.000559500757481665	14.447107948586	0.349987436900134
13.125	24.75	-3.38817678037034e-05	0.799646379487292	0.000584634521155172	14.377141769844	0.349977976850928
13.375	24.75	-5.31315266990474e-05	0.799637494624408	0.000612801086950565	14.3071786358249	0.349965464507646
13.625	24.75	-7.71800030418554e-05	0.799630737393074	0.000644968903127118	14.2372190144568	0.349949832998023
13.875	24.75	-0.000105434019670769	0.799626574335446	0.000682391715062752	14.1672633125045	0.349931467887214
14.125	24.75	-0.000136221077606623	0.799625471874096	0.000726674406453498	14.0973117621317	0.349911456299556
14.375	24.75	-0.000166301973250965	0.799627858073375	0.00077984841820241	14.0273642539084	0.349891903717387
14.625	24.75	-0.000190270914942425	0.799634067248078	0.000844455777135238	13.9574201033983	0.349876323905287
14.875	24.75	-0.000199838483835122	0.799644263360001	0.000923639350833	13.8874777379253	0.349870104985507
15.125	24.75	-0.000182997066545068	0.799658338050564	0.0010212349221858	13.8175342901328	0.349881051906746
15.375	24.75	-0.000123072724627354	0.799675779443316	0.00114185791566217	13.7475850855483	0.349920002728992
15.625	24.75	2.32876619325996e-06	0.799695508692218	0.00129097398880547	13.677623012477	0.350001513698026
15.875	24.75	0.000222471446907599	0.799715682885181	0.00147493815601784	13.6076377640257	0.35014460644049
16.125	24.75	0.000574723332348466	0.799733465605806	0.00170098165349576	13.537614943639	0.350373570166026
16.375	24.75	0.00110586580403592	0.799744770514752	0.00197711955661876	13.4675350268857	0.350718812772623
16.625	24.75	0.00187347266949159	0.799743989035181	0.002311945633704	13.3973721729783	0.35121775723517
16.875	24.75	0.00294735892772025	0.799723720850417	0.00271427483348183	13.3270928792792	0.351915783303018
17.125	24.75	0.00441110555978639	0.799674535524008	0.0031925894199341	13.2566544705714	0.352867218613861
17.375	24.75	0.0063636717641059	0.79958480491068	0.00375424401070724	13.1860034120486	0.354136386646669
17.625	24.75	0.00892110733143633	0.799440658433801	0.00440439037292716	13.1150734310206	0.355798719765434
17.875	24.75	0.0122183717977558	0.799226125348047	0.00514459840508847	13.0437834278282	0.357941941668541
18.125	24.75	0.0164112491564024	0.798923537426734	0.00597117971626421	12.9720351525401	0.360667311951662
18.375	24.75	0.0216783116305183	0.798514268636444	0.00687326939904534	12.8997106224713	0.364090902559837
18.625	24.75	0.0282228262015539	0.797979880651603	0.00783079408682497	12.8266692590405	0.36834483703101
18.875	24.75	0.0362744042922526	0.797303719030367	0.00881255160889174	12.7527447346989	0.373578362789964
19.125	24.75	0.0460900572396267	0.796472959018227	0.00977474501867208	12.6777415466893	0.379958537205757
19.375	24.75	0.0579541259145788	0.795481028386021	0.0106604366262137	12.6014313809961	0.387670181844476
19.625	24.75	0.0721762926098627	0.794330237760908	0.0114004857628092	12.5235494055886	0.396914590196411
19.875	24.75	0.089086559558392	0.793034334359985	0.0119165584972938	12.4437907467933	0.407906263712955
20.125	24.75	0.109025723885679	0.791620581269687	0.0121266830777368	12.3618075654411	0.420866720525691
20.375	24.75	0.132329586308342	0.790130881491243	0.0119535033655057	12.2772073636358	0.436014231100422
20.625	24.75	0.159305090242781	0.788621452136676	0.0113348139335106	12.1895534066482	0.453548308657807
20.875	24.75	0.190197108875247	0.787160645601762	0.0102351808337893	12.0983683960822	0.47362812076891
21.125	24.75	0.225146072524197	0.785824729380509	0.00865662321435352	12.0031426930555	0.496344947140728
21.375	24.75	0.264139367528533	0.784691759157775	0.00664575559184285	11.903348323966	0.521690588893546
21.625	24.75	0.306963334471231	0.78383405895173	0.0042948423572631	11.7984595345273	0.5495261674063
21.875	24.75	0.353166806573282	0.783310184486648	0.00173516341638849	11.6879796549011	0.579558424272633
22.125	24.75	0.402049502169224	0.783157522570402	-0.000877127213093617	11.5714725201114	0.611332176409996
22.375	24.75	0.452686791142891	0.783386811058892	-0.0033803535138089	11.4485949518274	0.644246414242879
22.625	24.75	0.503994979327795	0.783979779761336	-0.00562794181282002	11.3191254409918	0.677596736563067
22.875	24.75	0.554829635259489	0.784890718716541	-0.00750592169792965	11.182983874117	0.710639262918668
23.125	24.75	0.604098117535815	0.786052034834119	-0.0089438531478841	11.0402383520763	0.74266377639828
23.375	24.75	0.650861926064462	0.787382897458991	-0.00991767275635938	10.8910976793504	0.773060251941901
23.625	24.75	0.694407858640753	0.788799247533486	-0.0104451032419381	10.7358911326486	0.80136510811649
23.875	24.75	0.734277524745225	0.790223137920189	-0.0105758721868414	10.5750395729005	0.827280391084396
24.125	24.75	0.770257293085888	0.791589733410248	-0.0103796378507734	10.4090230696432	0.850667240505827
24.375	24.75	0.8023399083322	0.79285113168326	-0.00993425973925021	10.2383498357367	0.87152094041593
24.625	24.75	0.830672317963336	0.793977076860271	-0.00931621888017531	10.06352987724	0.889937006676168
24.875	24.75	0.85550245816964	0.794953287100241	-0.00859400597086724	9.8850550333726	0.906076597810266
25.125	24.75	0.877133330634813	0.79577837656677	-0.00782447300546772	9.70338558124745	0.920136664912629
25.375	24.75	0.895888061329079	0.796460282723046	-0.00705163165681806	9.51894259128415	0.932327239863901
25.625	24.75	0.912086160573367	0.797012862591835	-0.00630717644142658	9.33210476108863	0.942856004372689
25.875	24.75	0.926029255967957	0.797453036811291	-0.00561202764629072	9.14320839789084	0.951919016379172
26.125	24.75	0.937993876375488	0.797798623599008	-0.00497832535113565	8.95254939380926	0.959696019644067
26.375	24.75	0.948228953934807	0.798066846657723	-0.00441147890611223	8.76038630385566	0.966348820057624
26.625	24.75	0.956956162095514	0.798273416848785	-0.00391203530361976	8.56694390358178	0.972021505362084
26.875	24.75	0.964371742229981	0.798432057436488	-0.00347725269542719	8.37241682710951	0.976841632449488
27.125	24.75	0.97064894507405	0.798554345598594	-0.00310234825177658	8.17697305368113	0.980921814298133
27.375	24.75	0.975940574360805	0.798649761913789	-0.00278143857380186	7.98075712554085	0.984361373334523
27.625	24.75	0.98038136791797	0.798725863687646	-0.00250821502205305	7.78389305254419	0.987247889146681
27.875	24.75	0.984090107139406	0.798788521170287	-0.00227640428337736	7.58648690108795	0.989658569640614
28.125	24.75	0.987171434754706	0.798842175232057	-0.00208006309485429	7.38862908684716	0.991661432590559
28.375	24.75	0.989717405790337	0.798890090181157	-0.0019137500250071	7.19039640005355	0.993316313763719
28.625	24.75	0.991808814641792	0.79893458642937	-0.00177260955758437	6.99185379400492	0.994675729517165
28.875	24.75	0.993516344029398	0.798977245346829	-0.00165239611007477	6.79305596565573	0.995785623619109
29.125	24.75	0.994901576829628	0.799019083677907	-0.00154945886595464	6.59404875366745	0.996686024939259
29.375	24.75	0.996017903890598	0.799060698020035	-0.00146070270308974	6.39487037543871	0.997411637528889
29.625	24.75	0.996911352503732	0.799102381666218	-0.00138353607229663	6.19555252105005	0.997992379127426
29.875	24.75	0.997621352527651	0.799144217012748	-0.00131581329412712	5.9961213190401	0.998453879142973
30.125	24.75	0.998181450825376	0.799186147051839	-0.00125577622366912	5.79659818655918	0.998817943036494
30.375	24.75	0.998619979844697	0.799228029426664	-0.00120199840501575	5.59700057468435	0.999102986899053
30.625	24.75	0.998960682779929	0.799269676275869	-0.00115333353982829	5.39734261843019	0.999324443806954
30.875	24.75	0.999223295622607	0.799310882737663	-0.00110886919635098	5.19763570013212	0.999495142154694
31.125	24.75	0.999424085310304	0.799351446585783	-0.00106788608037208	4.99788893429857	0.999625655451698
31.375	24.75	0.999576342875369	0.799391181072465	-0.00102982279707703	4.79810958161774	0.99972462286899
31.625	24.75	0.999690830746546	0.799429922681124	-0.000994245790881108	4.59830339948152	0.999799039985255
31.875	24.75	0.999776183956013	0.799467535157323	-0.00096082401427357	4.39847493608937	0.999854519571408
32.125	24.75	0.99983926577423	0.799503910897234	-0.000929307814466827	4.19862777487804	0.999895522753249
32.375	24.75	0.999885479098409	0.799538970529853	-0.000899511515183423	3.9987647356666	0.999925561413966
32.625	24.75	0.999919035670146	0.799572661331437	-0.000871299193323767	3.79888803850176	0.999947373185595
32.875	24.75	0.999943185858786	0.799604954952643	-0.000844573191392689	3.59899943573684	0.999963070808211
33.125	24.75	0.999960412322685	0.799635844811268	-0.000819264949996981	3.39910031738081	0.999974268009745
33.375	24.75	0.999972591351869	0.799665343393702	-0.0007953277739204	3.19919179421655	0.999982184378715
33.625	24.75	0.999981126038372	0.799693479604343	-0.000772731150213157	2.99927476261812	0.999987731924942
33.875	24.75	0.999987055430996	0.799720296204164	-0.000751456227761543	2.79934995442199	0.999991586030148
34.125	24.75	0.999991143235055	0.799745847309643	-0.000731492090034773	2.59941797468371	0.999994243102786
34.375	24.75	0.999993948247779	0.79977019593033	-0.000712832582938909	2.39947932976656	0.999996066361057
34.625	24.75	0.999995876904195	0.799793411660429	-0.000695473764734689	2.19953444803707	0.999997319987727
34.875	24.75	0.999997217275315	0.799815568904826	-0.000679412486812151	1.99958369546049	0.999998191228955
35.125	24.75	0.999998155713616	0.799836746268599	-0.000664646932187589	1.79962738835374	0.999998801213851
35.375	24.75	0.99999878395987	0.799857027635677	-0.000651179609500862	1.5996658049649	0.999999209573915
35.625	24.75	0.999999115051453	0.799876504576739	-0.000639021740084862	1.39969919584384	0.999999424783445
35.875	24.75	0.999999134056225	0.799895277893741	-0.000628195125546297	1.19972779008597	0.999999437136546
36.125	24.75	0.999998900799362	0.799913454022314	-0.000618724787235824	0.999751791744345	0.999999285519586
36.375	24.75	0.999998681162527	0.799931131721452	-0.000610616275498686	0.799771361167145	0.999999142755643
36.625	24.75	0.999999010024912	0.799948379049273	-0.000603820110046719	0.599786583928119	0.999999356516193
36.875	24.75	1.00000051793347	0.799965213218016	-0.000598204664196299	0.399797447306993	1.00000033665676
37.125	24.75	1.0000033713748	0.799980776188771	-0.000593582457212762	0.199803864332866	1.00000219139362
37.375	24.75	1.00000639626542	0.399999644443242	-0.000590336511292978	-0.000193796370515233	1.00000415757253
0.125	25.25	-3.79562553295608e-12	0.399999304781733	8.83085984580536e-05	18.0165966134589	0.349999999997533
0.375	25.25	-5.80446454898407e-12	0.799997911176911	8.8606292441947e-05	17.9465967351092	0.349999999996227
0.625	25.25	-7.70991189722515e-12	0.799996508038046	8.92023079556701e-05	17.8765969789643	0.349999999994989
0.875	25.25	-6.88307848381639e-12	0.799995088936724	9.00978988346601e-05	17.8065973461376	0.349999999995526
1.125	25.25	-2.13131330301272e-13	0.799993647336979	9.12949429115659e-05	17.7365978383083	0.349999999999861
1.375	25.25	1.51270842641013e-11	0.799992176550292	9.27959383469686e-05	17.6665984577329	0.350000000009833
1.625	25.25	4.02669466480231e-11	0.799990669690987	9.46039984050849e-05	17.5965992072604	0.350000000026174
1.875	25.25	7.28000126756964e-11	0.799989119630557	9.67228447574748e-05	17.5266000903517	0.35000000004732
2.125	25.25	1.04975055940499e-10	0.799987518950585	9.91567987627851e-05	17.4566011111041	0.350000000068234
2.375	25.25	1.22597012612048e-10	0.799985859894077	0.000101910770497458	17.3866022742787	0.350000000079688
2.625	25.25	1.05456069013147e-10	0.7999841343156	0.000104990245467861	17.3166035853339	0.350000000068546
2.875	25.25	3.00750457957782e-11	0.799982333629434	0.000108401267801827	17.2466050504616	0.350000000019549
3.125	25.25	-1.24668221049415e-10	0.799980448755325	0.000112150420372916	17.1766066766286	0.349999999918966
3.375	25.25	-3.68929122872664e-10	0.799978470062801	0.000116244800602344	17.1066084716215	0.349999999760196
3.625	25.25	-6.90826343733767e-10	0.799976387313065	0.00012069199134606	17.036610444095	0.349999999550963
3.875	25.25	-1.04431022473658e-09	0.799974189599073	0.000125500026288976	16.9666126036243	0.349999999321198
4.125	25.25	-1.33847658860777e-09	0.799971865283864	0.000130677348868872	16.8966149607608	0.34999999912999
4.375	25.25	-1.43214225098721e-09	0.79996940193799	0.000136232763703201	16.8266175270927	0.349999999069108
4.625	25.25	-1.13876726238151e-09	0.799966786276591	0.000142175379574558	16.7566203153099	0.349999999259801
4.875	25.25	-2.47534368047451e-10	0.799964004097965	0.000148514542678062	16.6866233392766	0.349999999839103
5.125	25.25	1.43412340585543e-09	0.799961040225418	0.000155259759188807	16.6166266141133	0.35000000093218
5.375	25.25	4.01368869890832e-09	0.799957878455339	0.000162420605352027	16.5466301562902	0.350000002608898
5.625	25.25	7.42424923255708e-09	0.799954501514234	0.000170006624206681	16.4766339837354	0.350000004825762
5.875	25.25	1.1321325954667e-08	0.79995089102848	0.000178027206878712	16.4066381159593	0.350000007358862
6.125	25.25	1.49826794892247e-08	0.799947027509936	0.000186491457122891	16.3366425741948	0.350000009738742
6.375	25.25	1.72365262438464e-08	0.799942890362607	0.000195408037151736	16.2666473815506	0.350000011203742
6.625	25.25	1.64511437671111e-08	0.799938457914242	0.000204784993052616	16.1966525631687	0.350000010693243
6.875	25.25	1.06236717769085e-08	0.79993370747797	0.00021462955782989	16.1266581463744	0.350000006905387
7.125	25.25	-2.39379855235248e-09	0.799928615452105	0.000224947930290652	16.0566641608005	0.349999998444031
7.375	25.25	-2.44987814887287e-08	0.799923157463561	0.00023574502856933	15.9866706384612	0.349999984075792
7.625	25.25	-5.67553914336341e-08	0.799917308566727	0.000247024217283698	15.9166776137477	0.349999963108996
7.875	25.25	-9.86283398121648e-08	0.799911043510023	0.000258787008960772	15.8466851233162	0.349999935891579
8.125	25.25	-1.47070732732334e-07	0.799904337086029	0.00027103274227346	15.7766932058379	0.349999904404024
8.375	25.25	-1.95544128623958e-07	0.799897164586298	0.000283758242578186	15.7067019015879	0.349999872896316
8.625	25.25	-2.33099773649637e-07	0.799889502386538	0.000296957475088541	15.6367112518615	0.349999848485147
8.875	25.25	-2.4370790277636e-07	0.799881328694159	0.000310621207160965	15.5667212982218	0.349999841589863
9.125	25.25	-2.06085309192457e-07	0.799872624497657	0.000324736705094485	15.4967320816107	0.349999866044549
9.375	25.25	-9.43365047820655e-08	0.79986337476622	0.000339287502163771	15.4267436413858	0.349999938681272
9.625	25.25	1.2021503424052e-07	0.799853569958242	0.000354253289921151	15.356756014388	0.350000078139772
9.875	25.25	4.65580984360083e-07	0.799843207911736	0.000369610003371996	15.286769234191	0.35000030262764
10.125	25.25	9.6360217173369e-07	0.799832296205044	0.000385330194931261	15.2167833307335	0.350000626341412
10.375	25.25	1.6219634493902e-06	0.799820855097786	0.000401383821628792	15.1467983305869	0.350001054276242
10.625	25.25	2.42341190791513e-06	0.799808921184172	0.000417739606797878	15.0768142581487	0.35000157521774
10.875	25.25	3.31207216451526e-06	0.799796551920224	0.000434367182790782	15.0068311380733	0.350002152846907
11.125	25.25	4.1771142944876e-06	0.799783831214174	0.000451240277175715	14.9368489992292	0.350002715124291
11.375	25.25	4.83458527654959e-06	0.799770876299195	0.000468341273101146	14.866867880396	0.35000314248043
11.625	25.25	5.00900292734989e-06	0.799757846132589	0.000485667558398508	14.7968878377404	0.350003255851903
11.875	25.25	4.31735958434907e-06	0.79974495158123	0.000503240179406839	14.7269089538252	0.35000280628373
12.125	25.25	2.25949661630767e-06	0.799732467653262	0.000521115437771571	14.6569313474594	0.350001468672801
12.375	25.25	-1.7796373131625e-06	0.79972074801359	0.000539400211292772	14.5869551830661	0.349998843235746
12.625	25.25	-8.50861169290809e-06	0.799710241966356	0.000558271944439278	14.5169806774045	0.3499944694024
12.875	25.25	-1.86800231637061e-05	0.799701513994133	0.000578004433162952	14.4470081004124	0.349987857984944
13.125	25.25	-3.30022426300213e-05	0.799695265800765	0.000599000713020765	14.3770377656504	0.34997854854229
13.375	25.25	-5.20004461216611e-05	0.799692360607114	0.00062183452755173	14.3070700043601	0.349966199710021
13.625	25.25	-7.5814243294979e-05	0.799693849187824	0.00064730197262245	14.2371051155554	0.349950720741858
13.875	25.25	-0.000103919302936358	0.799700996806555	0.000676484930573209	14.1671432829515	0.349932452453091
14.125	25.25	-0.000134761479447822	0.799715309805095	0.00071082775296991	14.0971844480178	0.349912405038359
14.375	25.25	-0.000165294187820377	0.799738560120962	0.000752228221745662	14.0272281271773	0.349892558777917
14.625	25.25	-0.000190413149476836	0.799772805454019	0.000803142984607399	13.9572731603077	0.34987623145284
14.875	25.25	-0.000202286964258227	0.799820402173581	0.000866706259490887	13.8873173773887	0.349868513473232
15.125	25.25	-0.000189586893290899	0.799884007370127	0.000946858440670517	13.8173571704758	0.349876768519361
15.375	25.25	-0.000136624217323686	0.799966565731319	0.00104847810517565	13.7473869592261	0.34991119425874
15.625	25.25	-2.24078713619448e-05	0.800071276209216	0.00117750660053654	13.6773985399016	0.349985434883615
15.875	25.25	0.000180362018529769	0.800201532814304	0.00134104872040908	13.6073803100049	0.350117235312044
16.125	25.25	0.000506348288380622	0.800360833442185	0.00154742586460626	13.5373163632015	0.350329126387447
16.375	25.25	0.000998664093886218	0.80055265056709	0.00180614963320554	13.4671854516266	0.350649131661026
16.625	25.25	0.00170998386048614	0.800780258139797	0.00212777441933632	13.3969598146507	0.351111489509316
16.875	25.25	0.00270367583956791	0.801046510368913	0.00252357808609641	13.3266038742805	0.351757389295719
17.125	25.25	0.00405496391704795	0.801353570544279	0.00300501172685744	13.2560727972296	0.352635726546081
17.375	25.25	0.00585213661754766	0.8017025919871	0.00358285514698142	13.1853109220846	0.353803888801406
17.625	25.25	0.00819783026135136	0.802093358858049	0.00426601744955643	13.1142500468735	0.355328589669878
17.875	25.25	0.011210418423669	0.802523902102304	0.00505993650934684	13.0428075679916	0.357286771975385
18.125	25.25	0.0150255380622837	0.802990115260669	0.00596456283087163	12.970884456462	0.359766599740484
18.375	25.25	0.0197977699921449	0.803485405944101	0.00697196861358023	12.8983630529792	0.362868550494894
18.625	25.25	0.0257024626710612	0.804000430729424	0.00806370765250303	12.8251046607252	0.36670660073619
18.875	25.25	0.0329376363981979	0.804522972718927	0.00920816930886456	12.7509469169383	0.371409463658829
19.125	25.25	0.0417258196983373	0.805038029743829	0.0103583175443596	12.6757009341127	0.377121782803919
19.375	25.25	0.0523155360843389	0.805528183764592	0.011450370343702	12.5991482245668	0.38400509845482
19.625	25.25	0.0649819580252355	0.80597431379444	0.0124041251116046	12.5210374653122	0.392238272716403
19.875	25.25	0.080025954595116	0.806356690238745	0.0131257183106884	12.4410812339855	0.402016870486825
20.125	25.25	0.0977703676659006	0.806656443122904	0.0135135443704982	12.3589529643172	0.413550738982835
20.375	25.25	0.118551879043611	0.806857328818992	0.0134677549765351	12.2742845452339	0.427058721378347
20.625	25.25	0.142706371954341	0.806947635088981	0.0129031319795535	12.1866652298011	0.442759141770322
20.875	25.25	0.170545467309766	0.806921977873174	0.011764159072236	12.0956428188456	0.460854553751348
21.125	25.25	0.202322319954749	0.806782679378301	0.0100399384864919	12.0007283902757	0.481509507970587
21.375	25.25	0.238186318710471	0.806540400999072	0.00777555206489174	11.9014060475019	0.504821107161807
21.625	25.25	0.278129502801476	0.806213751472312	0.0050760898073247	11.7971490749545	0.530784176820959
21.875	25.25	0.321932235254034	0.805827700177452	0.00210041106325857	11.6874432896719	0.559255952915122
22.125	25.25	0.369120837778316	0.805410794212056	-0.000956037233948614	11.5718170987246	0.589928544555906
22.375	25.25	0.418953028730692	0.8049914173552	-0.00388684056667654	11.4498758733513	0.62231946867495
22.625	25.25	0.470445005974271	0.804593647586351	-0.00650326547463761	11.3213361751431	0.655789253883276
22.875	25.25	0.522445067529707	0.804233601446772	-0.0086592623759939	11.186053930909	0.68958929389431
23.125	25.25	0.573744532390709	0.803917297389635	-0.0102672313379189	11.0440407254132	0.722933946053961
23.375	25.25	0.62320320871335	0.803640794436475	-0.0113019399771097	10.8954643692666	0.755082085663677
23.625	25.25	0.669860720330597	0.803392641860775	-0.0117935069554395	10.740633331696	0.785409468214888
23.875	25.25	0.713010064881698	0.803157831269266	-0.0118129985415656	10.5799682648153	0.813456542173103
24.125	25.25	0.752223119638074	0.802921948843832	-0.0114551635004191	10.4139663244242	0.838945027764748
24.375	25.25	0.787332563356439	0.802674337135367	-0.0108222599378641	10.2431645648507	0.861766166181686
24.625	25.25	0.818384539750296	0.802409649282892	-0.0100114745759663	10.068107519234	0.881949950837692
24.875	25.25	0.84557899279664	0.802127839248752	-0.00910685137769771	9.88932197696719	0.899626345317816
25.125	25.25	0.869211517798067	0.801833069077509	-0.00817543662753984	9.70729983806887	0.914987486568744
25.375	25.25	0.889625031981306	0.801532136039581	-0.00726668505294745	9.52248835141897	0.928256270787849
25.625	25.25	0.907174318977727	0.801232913223345	-0.00641398780367546	9.33528620867755	0.939663307335522
25.875	25.25	0.922202897032685	0.80094309617793	-0.00563730573448463	9.14604375287111	0.949431883071245
26.125	25.25	0.935029854787693	0.800669361340458	-0.00494614980920289	8.95506573840385	0.957769405612001
26.375	25.25	0.945943830687265	0.800416916116175	-0.0043424248844167	8.76261542918469	0.964863489946722
26.625	25.25	0.955201599306708	0.800189358392958	-0.00382288110713673	8.56891919405918	0.97088103954936
26.875	25.25	0.963029312080209	0.799988747535574	-0.00338107880644164	8.37417107608697	0.975969052852136
27.125	25.25	0.969625046192094	0.799815799083644	-0.00300887247992636	8.1785370486763	0.980256280024861
27.375	25.25	0.975161818182521	0.799670135837948	-0.00269747158360641	7.98215883064413	0.983855181818639
27.625	25.25	0.979790585187746	0.799550549428005	-0.00243815595308127	7.78515722954472	0.986863880372035
27.875	25.25	0.98364299939335	0.799455244461613	-0.00222272480971088	7.58763503588814	0.989367949605677
28.125	25.25	0.986833828812769	0.799382050714845	-0.00204374973570401	7.38967951548704	0.9914419887283
28.375	25.25	0.989463039099461	0.799328597839133	-0.00189468966905639	7.19136455461768	0.99315097541465
28.625	25.25	0.991617570504156	0.799292452639946	-0.00176991326333818	6.99275251081343	0.994551420827702
28.875	25.25	0.993372858421668	0.799271222089259	-0.00166466255930458	6.79389581590273	0.995692357974084
29.125	25.25	0.994794146616417	0.799262626696514	-0.0015749824660917	6.59483837029911	0.996616195300671
29.375	25.25	0.995937636265199	0.799264549300025	-0.00149763311743444	6.39561676013951	0.997359463572379
29.625	25.25	0.996851505571646	0.799275064184803	-0.00142999654546083	6.19626132240446	0.99795347862157
29.875	25.25	0.997576826170643	0.799292450966364	-0.00136998499329933	5.99679707790131	0.998424937010918
30.125	25.25	0.998148394985025	0.799315197080231	-0.00131595525059143	5.79724454794416	0.998796456740266
30.375	25.25	0.998595494080849	0.799341992087437	-0.00126663136004191	5.59762046757815	0.999087071152552
30.625	25.25	0.998942586474559	0.799371716405952	-0.00122103667435863	5.3979384060763	0.999312681208464
30.875	25.25	0.999209952658783	0.799403426535561	-0.00117843535631707	5.19820930398105	0.999486469228209
31.125	25.25	0.9994142706214	0.799436338371238	-0.0011382828697115	4.99844193498067	0.99961927590391
31.375	25.25	0.999569141086538	0.799469809799787	-0.00110018470031834	4.7986433002451	0.99971994170625
31.625	25.25	0.999685559355799	0.799503323443096	-0.00106386239744388	4.59881896236868	0.999795613581269
31.875	25.25	0.999772335240885	0.799536470143224	-0.00102912598389351	4.39897332568483	0.999852017906575
32.125	25.25	0.999836462954636	0.799568933573568	-0.000995851807293735	4.19910986936707	0.999893700920513
32.375	25.25	0.999883443312748	0.79960047620052	-0.000963964973330165	3.99923133937237	0.999924238153286
32.625	25.25	0.999917561098496	0.799630926704584	-0.000933425592997807	3.79933990489801	0.999946414714023
32.875	25.25	0.999942120926831	0.79966016888973	-0.000904218176101123	3.59943728460082	0.99996237860244
33.125	25.25	0.999959645424756	0.79968813205126	-0.000876343595806143	3.39952484736264	0.999973769526092
33.375	25.25	0.999972040018834	0.799714782718482	-0.000849813117934396	3.1996036918718	0.999981826012242
33.625	25.25	0.99998072897549	0.799740117624223	-0.000824644024639623	2.99967470873119	0.999987473834068
33.875	25.25	0.99998676727764	0.799764157682025	-0.00080085637707573	2.79973862823014	0.999991398730466
34.125	25.25	0.999990932008967	0.79978694271014	-0.000778470503203919	2.59979605641072	0.999994105805828
34.375	25.25	0.999993794892867	0.799808526705369	-0.000757504945598502	2.39984750174366	0.999995966680364
34.625	25.25	0.99999577499653	0.79982897371912	-0.000737974929930921	2.19989339471636	0.999997253747744
34.875	25.25	0.999997169236802	0.799848354817508	-0.000719891879423784	1.99993410288073	0.999998160003921
35.125	25.25	0.999998161414104	0.79986674699797	-0.000703264835171376	1.79996994403836	0.999998804919167
35.375	25.25	0.999998820900441	0.7998842347803	-0.000688104304891633	1.60000119948699	0.999999233585287
35.625	25.25	0.999999118467959	0.799900913847176	-0.000674427447889031	1.40002812675559	0.999999427004173
35.875	25.25	0.999998998688478	0.79991689333744	-0.000662260548583473	1.20005096691953	0.999999349147511
36.125	25.25	0.999998534774483	0.799932290253878	-0.000651631826212068	1.00006993736997	0.999999047603414
36.375	25.25	0.999998129108348	0.799947209043083	-0.000642548248767314	0.800085201670699	0.999998783920426
36.625	25.25	0.999998608692285	0.799961706401219	-0.000634958901803983	0.6000968204005	0.999999095649985
36.875	25.25	1.00000095336369	0.799975759460371	-0.000628727051505133	0.400104713783793	1.0000006196864
37.125	25.25	1.00000541918327	0.799987937731715	-0.000623657693690773	0.200108699078882	1.00000352246912
37.375	25.25	1.00001015799476	0.400005605155413	-0.000620150771005926	0.000109343025700586	1.00000660269659
0.125	25.75	-3.80096007596334e-12	0.399999608817702	9.04813959376066e-05	18.0165809150214	0.349999999997529
0.375	25.75	-5.80200617309604e-12	0.79999882395526	9.0790432979321e-05	17.9465809834646	0.349999999996229
0.625	25.75	-7.6884654054344e-12	0.799998031569181	9.14092222554296e-05	17.8765811207883	0.349999999995002
0.875	25.75	-6.83024292949799e-12	0.799997226568297	9.23391936734733e-05	17.8065813278713	0.34999999999556
1.125	25.75	-1.19866587193478e-13	0.799996403749038	9.35824905878894e-05	17.7365816060416	0.349999999999922
1.375	25.75	1.5259711290655e-11	0.799995557748089	9.51419679065185e-05	17.6665819570878	0.350000000009919
1.625	25.75	4.04197422856227e-11	0.799994682995453	9.70211894039186e-05	17.5965823832757	0.350000000026273
1.875	25.75	7.29282669824327e-11	0.799993773665186	9.92244237967096e-05	17.5265828873685	0.350000000047403
2.125	25.75	1.05004886226697e-10	0.799992823624875	0.000101756639556885	17.456583472652	0.350000000068253
2.375	25.75	1.22429675705678e-10	0.799991826382398	0.000104623497871439	17.3865841429646	0.350000000079579
2.625	25.75	1.04984833657956e-10	0.799990775030823	0.000107831343588985	17.316584902732	0.35000000006824
2.875	25.75	2.92175459395024e-11	0.799989662189582	0.000111387193489074	17.2465857570065	0.350000000018991
3.125	25.75	-1.25924249199133e-10	0.799988479943108	0.000115298721086131	17.1765867115113	0.349999999918149
3.375	25.75	-3.70477359392508e-10	0.799987219775727	0.000119574237690608	17.1065877726896	0.34999999975919
3.625	25.75	-6.92410921790544e-10	0.799985872502821	0.000124222668384313	17.0365889477575	0.349999999549933
3.875	25.75	-1.04553770098253e-09	0.799984428197994	0.000129253522302567	16.966590244762	0.3499999993204
4.125	25.75	-1.33889008546478e-09	0.799982876116803	0.000134676855578604	16.8965916726446	0.349999999129721
4.375	25.75	-1.43135536736815e-09	0.799981204616656	0.000140503226274292	16.8265932413089	0.349999999069619
4.625	25.75	-1.13662087285138e-09	0.799979401073692	0.000146743638950257	16.756594961697	0.349999999261196
4.875	25.75	-2.44202494095065e-10	0.799977451797973	0.000153409478055952	16.6865968458733	0.349999999841268
5.125	25.75	1.4381772393662e-09	0.799975341948863	0.000160512427218363	16.6165989071208	0.350000000934815
5.375	25.75	4.01800313143212e-09	0.7999730554516	0.00016806437325351	16.5466011600511	0.350000002611702
5.625	25.75	7.42897178004842e-09	0.799970574919945	0.000176077291426985	16.4766036207324	0.350000004828832
5.875	25.75	1.13281362873572e-08	0.799967881585403	0.000184563109566538	16.4066063068359	0.350000007363289
6.125	25.75	1.49959260881438e-08	0.799964955238488	0.000193533547639931	16.3366092378035	0.350000009747352
6.375	25.75	1.7264318979531e-08	0.799961774184418	0.000202999928796512	16.2666124350303	0.350000011221807
6.625	25.75	1.65059329689526e-08	0.799958315218726	0.000212972957324457	16.1966159220581	0.350000010728856
6.875	25.75	1.07215830135959e-08	0.799954553627259	0.000223462459002529	16.1266197247662	0.350000006969029
7.125	25.75	-2.23587693122682e-09	0.799950463217608	0.000234477077559449	16.0566238715409	0.34999999854668
7.375	25.75	-2.42695668011292e-08	0.799946016389988	0.000246023921029176	15.9866283934033	0.349999984224782
7.625	25.75	-5.64602614956537e-08	0.79994118425889	0.000258108151796507	15.9166333240646	0.34999996330083
7.875	25.75	-9.8305988413625e-08	0.799935936839364	0.00027073251262651	15.8466386998817	0.349999936101108
8.125	25.75	-1.46815509358814e-07	0.79993024331742	0.00028389678317754	15.7766445596825	0.349999904569919
8.375	25.75	-1.95532623140922e-07	0.79992407242918	0.000297597161636394	15.7066509444385	0.349999872903795
8.625	25.75	-2.336178458295e-07	0.799917392980381	0.000311825569451583	15.6366578967704	0.3499998481484
8.875	25.75	-2.45171087283442e-07	0.799910174547424	0.000326568880956335	15.5666654602907	0.349999840638793
9.125	25.75	-2.09041405321569e-07	0.799902388411911	0.00034180808596601	15.4966736788107	0.349999864123087
9.375	25.75	-9.9434426495034e-08	0.799894008794812	0.000357517401930338	15.4266825954702	0.349999935367623
9.625	25.75	1.12310939396955e-07	0.799885014474235	0.000373663363553412	15.3566922518863	0.350000073002111
9.875	25.75	4.54356167717203e-07	0.799875390894264	0.000390203932310493	15.2867026874626	0.350000295331509
10.125	25.75	9.48964169234943e-07	0.799865132901373	0.000407087686487633	15.2167139390438	0.35000061682671
10.375	25.75	1.60464796940852e-06	0.799854248283194	0.000424253175305856	15.1467260411492	0.35000104302118
10.625	25.75	2.40554357140397e-06	0.799842762331155	0.000441628548320103	15.0767390270496	0.350001563603321
10.875	25.75	3.2978873039746e-06	0.799830723706378	0.000459131606379855	15.0067529309641	0.350002143626748
11.125	25.75	4.17382922372027e-06	0.799818211957855	0.000476670462760851	14.9367677916253	0.350002712988995
11.375	25.75	4.85335507680478e-06	0.799805347121151	0.000494145057531154	14.8667836573676	0.3500031546808
11.625	25.75	5.0658580630565e-06	0.799792301917514	0.000511449835924138	14.7968005927095	0.350003292807741
11.875	25.75	4.43392382733543e-06	0.799779317170773	0.000528477987757408	14.7268186860959	0.350002882050488
12.125	25.75	2.46317049752138e-06	0.799766721163021	0.000545127754420222	14.6568380579957	0.350001601060823
12.375	25.75	-1.45651108186408e-06	0.799754953754025	0.000561311446737618	14.5868588678954	0.349999053267797
12.625	25.75	-8.03131907733255e-06	0.799744596187399	0.000576967986394802	14.5168813178523	0.3499947796426
12.875	25.75	-1.80168313957408e-05	0.799736407593483	0.0005920799864189	14.4469056491704	0.349988289059593
13.125	25.75	-3.21340345721175e-05	0.799731369263305	0.000606696620991484	14.3769321274314	0.349979112877528
13.375	25.75	-5.09367647626512e-05	0.799730737800398	0.000620963791554146	14.3069610096106	0.349966891102904
13.625	25.75	-7.46187362421844e-05	0.79973610823716	0.000635163353697464	14.2369924853766	0.349951497821443
13.875	25.75	-0.000102748724964096	0.799749488109887	0.000649763390307867	14.1670265830395	0.349933213328773
14.125	25.75	-0.000133923972668466	0.799773383283806	0.000665481642199968	14.0970630290974	0.349912949417765
14.375	25.75	-0.000165334610169924	0.799810895959496	0.000683364147674448	14.0271010491082	0.34989253250339
14.625	25.75	-0.000192235861846515	0.799865834710376	0.00070488077792628	13.9571390968514	0.3498750466898
14.875	25.75	-0.000207329804439339	0.799942835510783	0.000732038519553424	13.887174498619	0.349865235627114
15.125	25.75	-0.000200064123956493	0.800047491411645	0.000767511849153314	13.8172030001096	0.349869958319428
15.375	25.75	-0.000155861048107435	0.800186486684105	0.000814787125800804	13.7472182048877	0.34989869031873
15.625	25.75	-5.52946532309224e-05	0.800367728757561	0.00087831433565702	13.6772108956926	0.3499640584754
15.875	25.75	0.000126761831975468	0.800600468008791	0.000963654504108544	13.607168232933	0.350082395190784
16.125	25.75	0.000421996173362421	0.800895391348677	0.00107760444953727	13.5370728282599	0.350274297512686
16.375	25.75	0.000869504515431727	0.801264670608376	0.0012282722297897	13.4669016948435	0.350565177935031
16.625	25.75	0.0015166119208796	0.801721941097622	0.00142506681542491	13.396625079468	0.350985797748572
16.875	25.75	0.00241966205833967	0.802282179734452	0.00167855480164241	13.326205184343	0.351572780337921
17.125	25.75	0.00364478574443719	0.802961446441599	0.00200012651480302	13.2555947881385	0.352369110733884
17.375	25.75	0.00526867461142721	0.803776448005822	0.00240140565298026	13.1847357757718	0.353424638497428
17.625	25.75	0.00737940434411463	0.804743881635356	0.00289333360506642	13.1135575845988	0.354796612823675
17.875	25.75	0.010077370048948	0.805879517753904	0.00348486597301643	13.0419755707106	0.356550290531816
18.125	25.75	0.0134764122997596	0.807196990239537	0.00418123991248579	12.9698892930241	0.358759667994844
18.375	25.75	0.0177052235429193	0.808706279691672	0.00498181296252211	12.8971807049924	0.361508395302898
18.625	25.75	0.0229091269328945	0.810411903689116	0.00587754347284241	12.8237122345612	0.364890932506381
18.875	25.75	0.0292523069884013	0.812310869198935	0.00684828464519321	12.7493247234776	0.369013999542461
19.125	25.75	0.0369205329142589	0.814390496917345	0.00786019977495686	12.6738351891539	0.373998346394268
19.375	25.75	0.0461243328401192	0.816626293849363	0.00886376886198886	12.597034369669	0.379980816346077
19.625	25.75	0.0571024218964969	0.81898012412365	0.00979302636743112	12.5186840218427	0.387116574232723
19.875	25.75	0.0701249184812489	0.821398999960742	0.0105668064695803	12.4385139750322	0.395581197012812
20.125	25.75	0.0854954537652781	0.823814871231678	0.0110928093043036	12.3562190171668	0.405572044947431
20.375	25.75	0.103550653210765	0.826145815142968	0.0112751452428492	12.271455828924	0.417307924586998
20.625	25.75	0.124654661880525	0.828298995937554	0.0110255552969201	12.1838404140076	0.431025530222341
20.875	25.75	0.149185537199507	0.830175654504242	0.0102776617586774	12.092946816264	0.446970599179679
21.125	25.75	0.177509797960014	0.831678173783445	0.00900239983687227	11.998308353101	0.465381368674009
21.375	25.75	0.209941831442652	0.832718921461831	0.0072214623347349	11.8994230464353	0.486462190437724
21.625	25.75	0.246687070144662	0.833230081569	0.00501468901852515	11.7957652109892	0.51034659559403
21.875	25.75	0.28777256647944	0.833173086555396	0.0025175766358878	11.6868049714108	0.537052168211636
22.125	25.75	0.332975661779141	0.832545706759127	-9.29795245864262e-05	11.572036496895	0.566434180156442
22.375	25.75	0.381768950023626	0.83138466903934	-0.00262316042303533	11.4510137906742	0.598149817515357
22.625	25.75	0.43330370794574	0.829762262491622	-0.0048916349008343	11.3233901939795	0.631647410164731
22.875	25.75	0.486449770607352	0.827776908837587	-0.00675644293338127	11.1889551891167	0.666192350894779
23.125	25.75	0.539895514717922	0.82553969180665	-0.0081325516942957	11.0476608614194	0.70093208456665
23.375	25.75	0.592291196066971	0.82316033135693	-0.00899659674524575	10.8996315498433	0.734989277443531
23.625	25.75	0.642401971240314	0.8207361060958	-0.00937960852604359	10.7451538414623	0.767561281306204
23.875	25.75	0.689233000808246	0.818345712634142	-0.00935179034967482	10.584648909236	0.79800145052536
24.125	25.75	0.732100398625431	0.816047961434334	-0.00900455208658384	10.4186332959935	0.82586525910653
24.375	25.75	0.770641771199081	0.81388373563136	-0.00843418332533901	10.2476760654831	0.850917151279402
24.625	25.75	0.804778214525272	0.811879315423693	-0.00772972231724348	10.0723594673449	0.873105839441427
24.875	25.75	0.834648820353278	0.810049702403338	-0.00696573050862928	9.89324776560074	0.892521733229631
25.125	25.75	0.860538345176349	0.808401338841515	-0.00619939440923835	9.71086597038467	0.909349924364627
25.375	25.75	0.882812513263226	0.806934164872923	-0.00547077067875178	9.52568790220863	0.923828133621097
25.625	25.75	0.901867977237913	0.8056431864795	-0.00480491391707929	9.3381317129794	0.936214185204644
25.875	25.75	0.918098117359053	0.804519739295518	-0.0042148461125222	9.14856059644052	0.946763776283384
26.125	25.75	0.931872499960349	0.803552562382364	-0.00370464621978255	8.95728662328554	0.955717124974227
26.375	25.75	0.943526558320001	0.802728727021411	-0.00327223848105816	8.76457610726861	0.963292262908
26.625	25.75	0.953358110432003	0.802034426995706	-0.0029116873384691	8.57065542012525	0.969682771780802
26.875	25.75	0.961627976551509	0.801455625807694	-0.00261495717855847	8.3757166066278	0.975058184758481
27.125	25.75	0.968562744175512	0.800978560414119	-0.00237317980215507	8.17992246843909	0.979565783714083
27.375	25.75	0.97435841973019	0.800590109765406	-0.00217751062703238	7.98341099281911	0.983332972824624
27.625	25.75	0.979184227871264	0.800278043858507	-0.00201966383357752	7.78629912362955	0.986469748116322
27.875	25.75	0.98318617375252	0.800031173130923	-0.00189221023991896	7.58868593385665	0.989071012939138
28.125	25.75	0.986490204640781	0.799839418959306	-0.00178870843067209	7.39065528314847	0.991218633016508
28.375	25.75	0.989204933657988	0.799693824713585	-0.00170372475148054	7.19227804673384	0.992983206877692
28.625	25.75	0.991423953161213	0.799586524265625	-0.00163278391049239	6.99361399419554	0.994425569554788
28.875	25.75	0.993227792614148	0.799510681844744	-0.00157228023091269	6.79471338439372	0.995598065199196
29.125	25.75	0.994685582134459	0.799460414174207	-0.00151937033051333	6.59561833000797	0.996545628387398
29.375	25.75	0.995856478550656	0.799430703182101	-0.00147186098256696	6.39636397350826	0.997306711057926
29.625	25.75	0.996790901915082	0.799417305362846	-0.00142810078102936	6.19697950661577	0.997914086244803
29.875	25.75	0.997531620432598	0.799416662082374	-0.00138688059993417	5.99748905761468	0.998395553281189
30.125	25.75	0.99811471244712	0.79942581372984	-0.00134734534508669	5.79791246506352	0.998774563090628
30.375	25.75	0.998570426268438	0.799442319561811	-0.00130891784657116	5.59826595223537	0.999070777074484
30.625	25.75	0.998923952454048	0.799464184298454	-0.00127123469654335	5.39856271366368	0.999300569095131
30.875	25.75	0.999196118623457	0.799489791957919	-0.00123409321807917	5.19881342317305	0.999477477105247
31.125	25.75	0.999404013768294	0.799517847006369	-0.00119740842315746	4.99902667146048	0.999612608949391
31.375	25.75	0.999561547063355	0.799547322618153	-0.00116117868409638	4.79920934043968	0.999715005591181
31.625	25.75	0.999679945101642	0.799577415652181	-0.00112545883316181	4.59936692099483	0.999791964316068
31.875	25.75	0.999768191006113	0.799607507833903	-0.00109033947190893	4.39950378038331	0.999849324153974
32.125	25.75	0.999833408782312	0.799637132570437	-0.00105593138245069	4.19962338519216	0.999891715708503
32.375	25.75	0.999881196392266	0.799665946807145	-0.00102235406634669	3.99972848543573	0.999922777654973
32.625	25.75	0.999915911244588	0.79969370734778	-0.000989727578476224	3.79982126505081	0.999945342308982
32.875	25.75	0.9999409120782	0.799720251095328	-0.000958166960627805	3.59990346368207	0.99996159285083
33.125	25.75	0.999958761587217	0.799745478711131	-0.000927778698972869	3.39997647423887	0.999973195031691
33.375	25.75	0.999971394582482	0.799769341214914	-0.000898658716857026	3.2000414202315	0.999981406478613
33.625	25.75	0.999980256847934	0.799791829041812	-0.000870891461745914	3.00009921635764	0.999987166951157
33.875	25.75	0.999986419711065	0.799812963041466	-0.000844549666479894	2.80015061524831	0.999991172812192
34.125	25.75	0.999990674108932	0.79983278690145	-0.000819694410086449	2.60019624279787	0.999993938170806
34.375	25.75	0.999993605233774	0.799851360606709	-0.00079637525565351	2.4002366242643	0.999995843401953
34.625	25.75	0.999995645360306	0.799868754916445	-0.000774630574750241	2.20027220347849	0.999997169484199
34.875	25.75	0.999997100729726	0.7998850474426	-0.000754488641023571	2.00030335798256	0.999998115474322
35.125	25.75	0.999998152724626	0.799900321453508	-0.000735970415067053	1.80033041321767	0.999998799271007
35.375	25.75	0.999998847862445	0.799914668321979	-0.000719094593252632	1.60035365796004	0.999999251110589
35.625	25.75	0.999999113516378	0.799928192724577	-0.000703883832857763	1.40037335989027	0.999999423785646
35.875	25.75	0.999998852633938	0.799941015959975	-0.000690368027832227	1.20038977434641	0.99999925421206
36.125	25.75	0.999998152350973	0.799953268521532	-0.000678577519204423	1.00040313361193	0.999998799028133
36.375	25.75	0.99999755606318	0.799965062532691	-0.000668519749742003	0.800413605146536	0.999998411441067
36.625	25.75	0.999998192642985	0.799976444145937	-0.000660141989451896	0.600421223917583	0.99999882521794
36.875	25.75	1.00000140318449	0.79998734976146	-0.000653302901781138	0.400425840827903	1.00000091206992
37.125	25.75	1.00000753689155	0.799995755249619	-0.000647801146292096	0.200427173962494	1.00000489897951
37.375	25.75	1.00001404887322	0.400011919195662	-0.00064404954572247	0.000425995770602844	1.0000091317676
0.125	26.25	-3.80063752658682e-12	0.399999922855814	9.14180453084445e-05	18.0165649428134	0.34999999999753
0.375	26.25	-5.78708799352239e-12	0.799999766829552	9.17355645434224e-05	17.9465649562993	0.349999999996238
0.625	26.25	-7.6436146802777e-12	0.799999605559331	9.23714081702192e-05	17.8765649835752	0.349999999995032
0.875	26.25	-6.74337674137652e-12	0.799999435473167	9.33271867418573e-05	17.8065650252541	0.349999999995617
1.125	26.25	1.03684657919198e-14	0.799999252885106	9.46053166828332e-05	17.7365650822651	0.350000000000007
1.375	26.25	1.54146309564788e-11	0.799999053947496	9.620902077202e-05	17.6665651558653	0.350000000010019
1.625	26.25	4.05518464900946e-11	0.799998834602396	9.81423286986611e-05	17.5965652476565	0.350000000026359
1.875	26.25	7.2956074414178e-11	0.799998590530689	0.000100410077154339	17.5265653596055	0.350000000047421
2.125	26.25	1.04815190166643e-10	0.799998317098954	0.000103017909511628	17.4565654940706	0.35000000006813
2.375	26.25	1.21892180838602e-10	0.799998009303167	0.000105972274603378	17.3865656538315	0.35000000007923
2.625	26.25	1.03985743036392e-10	0.799997661709029	0.000109280423941238	17.3165658421259	0.350000000067591
2.875	26.25	2.77187915362783e-11	0.799997268387798	0.000112950407196893	17.2465660626898	0.350000000018017
3.125	26.25	-1.27799470285587e-10	0.799996822848196	0.000116991065087502	17.1765663198042	0.34999999991693
3.375	26.25	-3.72348738007876e-10	0.799996317962255	0.000121412018712069	17.1065666183468	0.349999999757973
3.625	26.25	-6.9357577991126e-10	0.799995745886067	0.000126223654777079	17.0365669638484	0.349999999549176
3.875	26.25	-1.04499688755373e-09	0.799995097974145	0.000131437104999108	16.966567362556	0.349999999320752
4.125	26.25	-1.33552050953728e-09	0.799994364687216	0.000137064218945394	16.8965678215016	0.349999999131912
4.375	26.25	-1.42424268196629e-09	0.799993535493104	0.000143117528048357	16.8265683485776	0.349999999074242
4.625	26.25	-1.12549494210859e-09	0.799992598761133	0.000149610199389565	16.7565689526224	0.349999999268428
4.875	26.25	-2.29848525667527e-10	0.799991541649694	0.000156555976771448	16.6865696435158	0.349999999850598
5.125	26.25	1.4536924152141e-09	0.799990349989318	0.000163969106662955	16.6165704322887	0.3500000009449
5.375	26.25	4.0314349086334e-09	0.799989008161161	0.000171864246022366	16.546571331251	0.350000002620433
5.625	26.25	7.43643258752126e-09	0.79998749897355	0.000180256348230921	16.4765723541393	0.350000004833681
5.875	26.25	1.13261111845033e-08	0.799985803538986	0.000189160523538071	16.4065735162892	0.350000007361972
6.125	26.25	1.49827515871442e-08	0.799983901152521	0.000198591868328968	16.3365748348319	0.350000009738789
6.375	26.25	1.72419820120352e-08	0.799981769174901	0.000208565258119997	16.2665763289129	0.350000011207288
6.625	26.25	1.64818236364785e-08	0.799979382923712	0.000219095096895784	16.1965780199279	0.350000010713185
6.875	26.25	1.07095101087498e-08	0.799976715575057	0.000230195014459443	16.1265799317636	0.350000006961182
7.125	26.25	-2.21647779476627e-09	0.799973738081831	0.000241877502209157	16.0565820910278	0.349999998559289
7.375	26.25	-2.41976382359324e-08	0.799970419114631	0.000254153475621838	15.9865845272472	0.349999984271535
7.625	26.25	-5.63218951424902e-08	0.799966725034425	0.000267031749849136	15.9165872730067	0.349999963390768
7.875	26.25	-9.81092866705189e-08	0.799962619910417	0.000280518413919838	15.8465903640026	0.349999936228964
8.125	26.25	-1.46612051440331e-07	0.799958065599992	0.000294616086253309	15.7765938389827	0.349999904702167
8.375	26.25	-1.95444445881491e-07	0.799953021915269	0.000309323034208676	15.7065977395518	0.34999987296111
8.625	26.25	-2.33866295127469e-07	0.799947446907783	0.000324632139222905	15.6366021098305	0.349999847986908
8.875	26.25	-2.46100333733139e-07	0.799941297313708	0.000340529689831058	15.5666069959721	0.349999840034783
9.125	26.25	-2.11124962865105e-07	0.799934529215516	0.000356993986062876	15.4966124455666	0.349999862768774
9.375	26.25	-1.03248024446346e-07	0.799927098992597	0.000373993741357466	15.4266185069878	0.349999932888784
9.625	26.25	1.06171634813512e-07	0.799918964657336	0.000391486271642606	15.3566252287803	0.350000069011563
9.875	26.25	4.4543817779947e-07	0.799910087701865	0.000409415466151333	15.2866326592204	0.350000289534816
10.125	26.25	9.37226482413714e-07	0.799900435621045	0.000427709539884565	15.2166408462341	0.350000609197214
10.375	26.25	1.59086052291922e-06	0.799889985327944	0.000446278574373981	15.1466498378929	0.35000103405934
10.625	26.25	2.39182919716113e-06	0.799878727743372	0.000465011860374395	15.0766596837407	0.350001554688978
10.875	26.25	3.28840115497789e-06	0.799866673924099	0.000483775064836188	15.0066704372124	0.350002137460751
11.125	26.25	4.17553981469488e-06	0.799853863195789	0.000502407255052347	14.9366821593672	0.35000271410088
11.375	26.25	4.87684615806538e-06	0.799840373880207	0.000520717827548365	14.8666949240641	0.350003169950003
11.625	26.25	5.12600791178199e-06	0.799826337353268	0.000538483411340401	14.7967088245109	0.350003331905143
11.875	26.25	4.55023447278412e-06	0.799811956340636	0.00055544484891054	14.7267239807998	0.350002957652407
12.125	26.25	2.65940918903813e-06	0.799797528552697	0.000571304410640237	14.6567405475582	0.350001728615973
12.375	26.25	-1.15383869211266e-06	0.799783476979896	0.000585723478095399	14.5867587201647	0.34999925000485
12.625	26.25	-7.59632947558711e-06	0.799770388409273	0.000598321048265347	14.5167787370784	0.349995062385841
12.875	26.25	-1.74303638861928e-05	0.79975906198133	0.000608673577092249	14.4468008746872	0.349988670263474
13.125	26.25	-3.13937160670611e-05	0.799750569874197	0.000616316907473368	14.3768254297159	0.349979594084556
13.375	26.25	-5.00726860749844e-05	0.799746332465601	0.000620751324022796	14.3068526826728	0.349967452754051
13.625	26.25	-7.37169568172466e-05	0.799748210559473	0.000621451149088295	14.2368828341334	0.349952083978069
13.875	26.25	-0.000101985591672148	0.799758617435448	0.000617880738572665	14.1669159039648	0.349933709365413
14.125	26.25	-0.000133615272521698	0.79978065352497	0.000609519230488718	14.0969515820322	0.349913150072861
14.375	26.25	-0.000166004955154827	0.799818266351091	0.000595896907371273	14.0269890176722	0.349892096779149
14.625	26.25	-0.000194715512839915	0.799876437864286	0.000576646482262181	13.9570265344626	0.349873434916654
14.875	26.25	-0.000212888466285673	0.799961400292419	0.000551572900482781	13.8870612567464	0.349861622496914
15.125	26.25	-0.000210594157198769	0.800080879886298	0.000520745208986985	13.8170886351547	0.349863113797821
15.375	26.25	-0.000174126083288317	0.800244365213869	0.000484613470593783	13.7471018601197	0.349886818045863
15.625	26.25	-8.52637407134417e-05	0.800463392647102	0.000444152322227525	13.6770911551115	0.349944578568536
15.875	26.25	7.94697619437386e-05	0.800751836094035	0.000401030274926735	13.6070429449981	0.350051655345263
16.125	26.25	0.000349527871896986	0.801126180606748	0.000357799875526776	13.5369388993334	0.350227193116733
16.375	26.25	0.00076101360198228	0.801605750119308	0.000318098058156591	13.466754855223	0.350494658841288
16.625	26.25	0.00135728738811242	0.802212848338893	0.000286838160392915	13.3964596292946	0.350882236802273
16.875	26.25	0.00218950362872297	0.802972759194111	0.000270365126539573	13.3260137327382	0.35142317735867
17.125	26.25	0.00331708651212011	0.803913540191232	0.000276533718440095	13.2553680068349	0.352156106232878
17.375	26.25	0.0048081771117172	0.805065530154441	0.000314657054208875	13.1844621983274	0.353125315122616
17.625	26.25	0.0067401090149935	0.806460484455227	0.000395261323432513	13.113223493829	0.354381070859746
17.875	26.25	0.00919999793387449	0.80813024906021	0.000529575031266802	13.0415650296747	0.355979998657018
18.125	26.25	0.012285560465924	0.810104893255517	0.000728681866979907	12.9693843876056	0.357985614302851
18.375	26.25	0.0161063064555741	0.812410243772621	0.00100228082924632	12.8965620768716	0.360469099196123
18.625	26.25	0.0207852748827208	0.815064804106139	0.00135703203626215	12.8229599892107	0.363510428673768
18.875	26.25	0.0264614985973503	0.818076105107633	0.00179452811162176	12.7484197945227	0.367199974088278
19.125	26.25	0.033293376668671	0.821436617914196	0.00230902373271576	12.6727612225569	0.371640694834636
19.375	26.25	0.0414630833464815	0.825119467174108	0.00288517976330378	12.5957801522546	0.376951004175213
19.625	26.25	0.0511820143741073	0.829074307992226	0.00349622462199647	12.5172464119436	0.38326830934317
19.875	26.25	0.062697011973272	0.833223867840007	0.00410308165770942	12.4369011930972	0.390753057782627
20.125	26.25	0.0762966511684239	0.837461795351567	0.00465511544099291	12.3544540196171	0.399592823259476
20.375	26.25	0.0923161440218841	0.84165258632622	0.00509314675476746	12.2695793259914	0.410005493614225
20.625	26.25	0.111138396157601	0.845634446405954	0.00535518978175777	12.1819129217376	0.422239957502441
20.875	26.25	0.133187518602337	0.849225948042655	0.00538488884690819	12.0910489934695	0.436571887091519
21.125	26.25	0.158909972424206	0.85223715371791	0.00514183906182652	11.9965388278441	0.453291482075734
21.375	26.25	0.188738164304575	0.854485368354166	0.00461196360392863	11.8978930652676	0.472679806797973
21.625	26.25	0.223032748009382	0.855814705686648	0.00381521212390988	11.794589831014	0.494971286206098
21.875	26.25	0.262004269706501	0.856117182124806	0.00280758221080813	11.6860912045291	0.520302775309225
22.125	26.25	0.305622669159435	0.855351392894134	0.0016753930290961	11.5718697496081	0.548654734953633
22.375	26.25	0.353533271090245	0.853553755393314	0.000521963480561396	11.4514448995618	0.579796626208659
22.625	26.25	0.40500623956182	0.850837866657272	-0.000550345624524612	11.3244259460364	0.613254055715183
22.875	26.25	0.458946801707755	0.847380314687616	-0.0014577565010033	11.1905550028883	0.648315421110041
23.125	26.25	0.51398091234587	0.843395622002554	-0.00214740026451068	11.0497410721035	0.684087593024816
23.375	26.25	0.56860690331792	0.83910683323943	-0.00260149413508336	10.9020767504818	0.719594487156648
23.625	26.25	0.621378271391406	0.834719391711376	-0.0028335854189989	10.747832733797	0.753895876404414
23.875	26.25	0.671070084546372	0.830403763187572	-0.00287950855712875	10.5874309834245	0.786195554955142
24.125	26.25	0.716789121908949	0.826288265003944	-0.00278656718757883	10.4214028459906	0.815912929240817
24.375	26.25	0.758010875889513	0.822460109249434	-0.00260386143047244	10.250341329303	0.842707069328183
24.625	26.25	0.794551624075917	0.818971198187926	-0.00237537561382549	10.0748563564144	0.866458555649346
24.875	26.25	0.826499327369211	0.815845571199506	-0.00213617363759385	9.89553901251455	0.887224562789987
25.125	26.25	0.854129774463345	0.813086582594788	-0.00191121951324324	9.71293722469067	0.905184353401174
25.375	26.25	0.877828025916482	0.810682994197365	-0.0017159989579547	9.52754236908657	0.920588216845713
25.625	26.25	0.898025889044925	0.808613835725526	-0.00155812516240653	9.33978460097862	0.933716827879201
25.875	26.25	0.915158259581664	0.8068521636926	-0.00143929317373778	9.15003417807087	0.944852868728081
26.125	26.25	0.929636347750643	0.80536790940595	-0.00135717097851499	8.95860629157224	0.954263626037918
26.375	26.25	0.941833807786656	0.804129987279839	-0.001307009340503	8.76576750819566	0.962191975061326
26.625	26.25	0.952081623403908	0.803107803757803	-0.00128289123205523	8.57174256167938	0.96885305521254
26.875	26.25	0.960668313655319	0.802272284052522	-0.00127862648803016	8.3767207635314	0.974434403875958
27.125	26.25	0.967842975208045	0.80159651813734	-0.00128834035959437	8.18086168382449	0.979097933885229
27.375	26.25	0.973819541227547	0.801056114587535	-0.00130682000600037	7.98429999532067	0.982982701797905
27.625	26.25	0.978781297667042	0.800629338306772	-0.00132968232993277	7.78714951064573	0.986207843483577
27.875	26.25	0.982885150108979	0.800297095335515	-0.00135341816707072	7.58950650704479	0.988875347570836
28.125	26.25	0.986265418189579	0.800042815351625	-0.0013753567924315	7.39145245437478	0.991072521823226
28.375	26.25	0.989037098341396	0.799852270893178	-0.00139358380594772	7.1930562592188	0.992874113921907
28.625	26.25	0.991298620697007	0.79971336229731	-0.00140683600552235	6.99437612404882	0.994344103453054
28.875	26.25	0.993134163288892	0.799615889083573	-0.00141438926229128	6.7954611027075	0.99553720613778
29.125	26.25	0.994615596933401	0.79955132198819	-0.00141594963451978	6.59635241613643	0.996500138006711
29.375	26.25	0.995804130509568	0.799512584892318	-0.00141155374524463	6.39708457711459	0.997272684831219
29.625	26.25	0.996751716539352	0.79949385222931	-0.00140148149738473	6.19768636041873	0.997888615750579
29.875	26.25	0.997502265419398	0.799490364839806	-0.0013861822140097	5.99818164525863	0.998376472522609
30.125	26.25	0.998092705615349	0.79949826542892	-0.00136621401863045	5.79859014974698	0.998760258649977
30.375	26.25	0.998553917642134	0.799514453564212	-0.00134219550877019	5.59892807209868	0.999060046467387
30.625	26.25	0.998911562056011	0.799536459374801	-0.00131476837001925	5.39920864977185	0.999292515336407
30.875	26.25	0.999186815944233	0.799562334645056	-0.00128456941156266	5.1994426454576	0.999471430363752
31.125	26.25	0.999397028301094	0.799590559747696	-0.0012522104932516	4.99963876735781	0.999608068395711
31.375	26.25	0.999556301933028	0.799619964760765	-0.00121826489844481	4.79980403028255	0.999711596256468
31.625	26.25	0.999676007830128	0.799649663112376	-0.00118325884429373	4.59994406354273	0.999789405089583
31.875	26.25	0.999765236980842	0.799678996160463	-0.00114766698393713	4.40006337125412	0.999847404037548
32.125	26.25	0.999831194132286	0.799707487220173	-0.00111191092551103	4.20016555040159	0.999890276185986
32.375	26.25	0.999879537811928	0.799734803683456	-0.00107635996052877	4.00025347177266	0.999921699577753
32.625	26.25	0.999914670910514	0.799760726023366	-0.00104133335209803	3.80032942861658	0.999944536091834
32.875	26.25	0.999939986253219	0.799785122627507	-0.00100710367475062	3.60039525759639	0.999960991064592
33.125	26.25	0.999958071884333	0.799807929543256	-0.000973900812707788	3.40045243625245	0.999972746724817
33.375	26.25	0.999970881245593	0.799829134318778	-0.000941916300621439	3.20050216076837	0.999981072809635
33.625	26.25	0.999979873825978	0.799848763171107	-0.000911307724827537	3.0005454073172	0.999986917986886
33.875	26.25	0.999986131665986	0.799866870717174	-0.000882202909224272	2.8005829797129	0.999990985582891
34.125	26.25	0.999990455548233	0.799883531535044	-0.000854703639567676	2.60061554562899	0.999993796106351
34.375	26.25	0.999993441337534	0.799898833013313	-0.000828888818653887	2.40064366348122	0.999995736869397
34.625	26.25	0.999995532600816	0.799912869434103	-0.000804817266333288	2.20066780238813	0.999997096190531
34.875	26.25	0.999997043555733	0.799925738009544	-0.000782530844139555	2.00068835834126	0.999998078311227
35.125	26.25	0.999998152052589	0.799937538279059	-0.000762058916084687	1.80070567018748	0.999998798834183
35.375	26.25	0.99999888056046	0.799948376016443	-0.000743424791485983	1.60072003792962	0.999999272364299
35.625	26.25	0.999999111662523	0.799958370502274	-0.000726653100549787	1.40073174170234	0.99999942258064
35.875	26.25	0.999998705461511	0.799967659288375	-0.000711773958568964	1.2007410524113	0.999999158549982
36.125	26.25	0.999997763052875	0.79997638922968	-0.00069881672517813	1.00074821780498	0.999998545984369
36.375	26.25	0.999996971722756	0.799984681898283	-0.000687786786553242	0.800753409097383	0.999998031619792
36.625	26.25	0.99999776884581	0.799992573525486	-0.00067862804540398	0.600756634579927	0.999998549749777
36.875	26.25	1.00000186512523	0.799999959117539	-0.00067119429603452	0.400757673652868	1.0000012123314
37.125	26.25	1.00000970553327	0.800004204901911	-0.000665278604458783	0.200756142321971	1.00000630859662
37.375	26.25	1.00001803252259	0.400018543294378	-0.000661301684752167	0.000753024057189071	1.00001172113969
0.125	26.75	-3.78979067000731e-12	0.400000243856175	9.10846178163174e-05	18.0165489166644	0.349999999997537
0.375	26.75	-5.75407705570724e-12	0.800000730680863	9.14073986491201e-05	17.9465488739746	0.34999999999626
0.625	26.75	-7.57048196065094e-12	0.800001214813399	9.20538543671557e-05	17.8765487887502	0.349999999995079
0.875	26.75	-6.62245140261784e-12	0.800001694385037	9.30257744679476e-05	17.8065486613066	0.349999999995695
1.125	26.75	1.65339865384517e-13	0.800002167416708	9.43258462132607e-05	17.7365484921259	0.350000000000107
1.375	26.75	1.55560155400481e-11	0.800002631771727	9.5957658331866e-05	17.6665482818688	0.350000000010111
1.625	26.75	4.05894516221007e-11	0.800003085107944	9.79257055648357e-05	17.5965480313906	0.350000000026383
1.875	26.75	7.27589104874166e-11	0.80000352482709	0.000100235394104369	17.5265477417617	0.350000000047293
2.125	26.75	1.04230812154582e-10	0.800003948020925	0.000102893047522564	17.4565474142928	0.35000000006775
2.375	26.75	1.20789210735722e-10	0.800004351413705	0.000105905912981001	17.3865470505651	0.350000000078513
2.625	26.75	1.02320734431475e-10	0.800004731299938	0.000109282167143469	17.3165466524662	0.350000000066508
2.875	26.75	2.56209908439711e-11	0.800005083477103	0.000113030921529277	17.246546222231	0.350000000016654
3.125	26.75	-1.29941815283066e-10	0.80000540317192	0.000117162226372665	17.1765457624887	0.349999999915538
3.375	26.75	-3.73826931081955e-10	0.80000568495985	0.000121687072462629	17.1065452763147	0.349999999757013
3.625	26.75	-6.93358012223151e-10	0.800005922676454	0.000126617389685978	17.03654476729	0.349999999549317
3.875	26.75	-1.04182095711357e-09	0.800006109320521	0.000131966041479832	16.9665442395655	0.349999999322816
4.125	26.75	-1.328114463457e-09	0.800006236946717	0.000137746813325154	16.8965436979351	0.349999999136726
4.375	26.75	-1.41169246049371e-09	0.800006296548473	0.000143974393966129	16.8265431479165	0.3499999990824
4.625	26.75	-1.10775103707056e-09	0.800006277928893	0.000150664347062497	16.7565425958432	0.349999999279962
4.875	26.75	-2.08318231211685e-10	0.800006169560759	0.000157833070801833	16.6865420489693	0.349999999864593
5.125	26.75	1.47558557759217e-09	0.800005958434373	0.000165497742743054	16.6165415155914	0.350000000959131
5.375	26.75	4.04791816933349e-09	0.80000562989414	0.000173676246077751	16.5465410051912	0.350000002631147
5.625	26.75	7.43953177067937e-09	0.800005167464198	0.000182387073654911	16.4765405286029	0.350000004835696
5.875	26.75	1.13065456496408e-08	0.800004552662962	0.000191649204131915	16.4065400982095	0.350000007349255
6.125	26.75	1.49317711570916e-08	0.800003764807305	0.000201481944980747	16.3365397281689	0.350000009705651
6.375	26.75	1.71541618584535e-08	0.800002780806255	0.00021190473436487	16.26653943467	0.350000011150205
6.625	26.75	1.63585367532778e-08	0.800001574944861	0.000222936893291425	16.1965392362134	0.350000010633049
6.875	26.75	1.05623952931087e-08	0.800000118658116	0.000234597317022738	16.1265391539082	0.350000006865557
7.125	26.75	-2.3631953789363e-09	0.799998380297285	0.000246904092264985	16.0565392117693	0.349999998463923
7.375	26.75	-2.43075438591173e-08	0.799996324890066	0.000259874024080291	15.9865394369976	0.349999984200096
7.625	26.75	-5.63513159980868e-08	0.799993913899804	0.000273522053176284	15.9165398602195	0.349999963371645
7.875	26.75	-9.80184496115973e-08	0.799991104990463	0.000287860540836673	15.8465405156607	0.349999936288008
8.125	26.75	-1.46383438189627e-07	0.799987851809455	0.000302898394830289	15.7765414412326	0.349999904850765
8.375	26.75	-1.95107788950536e-07	0.799984103804193	0.000318640005945473	15.7065426785118	0.349999873179937
8.625	26.75	-2.33527170718345e-07	0.799979806097269	0.000335083960540018	15.6365442726084	0.349999848207339
8.875	26.75	-2.45965840881747e-07	0.799974899453358	0.000352221490192945	15.56654627193	0.349999840122203
9.125	26.75	-2.11515718154563e-07	0.799969320384793	0.000370034615212021	15.496548727877	0.349999862514783
9.375	26.75	-1.04581122415969e-07	0.799963001459199	0.00038849393316648	15.4265516945316	0.34999993202227
9.625	26.75	1.03448118880735e-07	0.799955871896719	0.000407555997253399	15.3565552284407	0.350000067241277
9.875	26.75	4.40980921154789e-07	0.799947858574619	0.000427160220802	15.2865593886352	0.350000286637599
10.125	26.75	9.31023709957331e-07	0.799938887599851	0.000447225232402357	15.2165642370734	0.350000605165411
10.375	26.75	1.58356453618848e-06	0.799928886665149	0.000467644590288986	15.1465698397375	0.350001029316948
10.625	26.75	2.38519590543588e-06	0.799917788476447	0.000488281743013076	15.0765762686449	0.350001550377339
10.875	26.75	3.28581524584994e-06	0.799905535631837	0.000508964094900569	15.0065836050419	0.35000213577991
11.125	26.75	4.18257073944768e-06	0.799892087448401	0.00052947599955662	14.9365919440189	0.350002718670981
11.375	26.75	4.90173493709493e-06	0.799877429376912	0.00054955046188413	14.866601400682	0.350003186127709
11.625	26.75	5.1799281061415e-06	0.799861585817462	0.000568859282214653	14.7966121178307	0.350003366953269
11.875	26.75	4.64710416264551e-06	0.799844637358729	0.000587001328187354	14.7266242747662	0.350003020617706
12.125	26.75	2.81495772614938e-06	0.799826743706977	0.000603488579481669	14.6566380963717	0.350001829722522
12.375	26.75	-9.24120117872369e-07	0.799808173857219	0.000617729568396587	14.5866538609175	0.349999399321923
12.625	26.75	-7.28079455083254e-06	0.799789345385312	0.000629009852135782	14.5166719041286	0.349995267483542
12.875	26.75	-1.70268749541224e-05	0.799770875109807	0.000636469222396347	14.4466926158878	0.34998893253128
13.125	26.75	-3.09179057521211e-05	0.799753643779277	0.000639075513130229	14.3767164245435	0.349979903361261
13.375	26.75	-4.95693769508571e-05	0.799738877877972	0.000635595142065037	14.3067437621794	0.349967779904982
13.625	26.75	-7.32752979287637e-05	0.799728252084606	0.000624560956364656	14.2367750024508	0.349952371056346
13.875	26.75	-0.000101758456626416	0.79972401632543	0.000604238590092016	14.1668103608052	0.349933857003193
14.125	26.75	-0.00013384345534094	0.799729151666531	0.000572593426019051	14.0968497452285	0.349913001754028
14.375	26.75	-0.000167046728219405	0.799747559379084	0.00052726142356289	14.02689254427	0.349891419626657
14.625	26.75	-0.000197082221839482	0.799784287227659	0.000465528551033053	13.9569373381959	0.349871896555804
14.875	26.75	-0.000217287091223958	0.799845796148777	0.000384325339558907	13.8869815189034	0.349858763390704
15.125	26.75	-0.000217978241180917	0.799940268704931	0.000280245104129504	13.817020804882	0.349858314143232
15.375	26.75	-0.000185757207160895	0.800077957645249	0.000149596529957339	13.7470486391677	0.349879257815345
15.625	26.75	-0.000102786889855163	0.800271568137363	-1.14966262121269e-05	13.6770554609669	0.349933188521594
15.875	26.75	5.39319512525592e-05	0.800536660289859	-0.000206934384465397	13.607027845413	0.350035055768314
16.125	26.75	0.000313254825682102	0.800892049025419	-0.000440403014614898	13.5369475106189	0.350203615636693
16.375	26.75	0.000710530599455578	0.801360165902654	-0.000715047332117032	13.4667901965851	0.350461844889646
16.625	26.75	0.00128816033654317	0.801967332117376	-0.00103304274813212	13.3965244262647	0.350837304218753
16.875	26.75	0.00209606820248443	0.802743874137626	-0.00139506435027407	13.326110164776	0.351362444331615
17.125	26.75	0.00319209155488993	0.803723994461602	-0.00179966222217184	13.2554973978909	0.352074859510678
17.375	26.75	0.00464231941605219	0.804945292010308	-0.00224256940613723	13.1846246549677	0.353017507620434
17.625	26.75	0.00652143555917364	0.806447813002792	-0.00271599138483552	13.1134175038042	0.354238933113463
17.875	26.75	0.00891315400598215	0.808272508296592	-0.00320795255687771	13.0417870446885	0.355793550103888
18.125	26.75	0.0119108701844636	0.810458982562909	-0.00370180309108448	12.9696284272461	0.357742065619901
18.375	26.75	0.0156186891296939	0.813042450156417	-0.00417601388284935	12.8968194053134	0.360152147934301
18.625	26.75	0.0201530302076227	0.816049867454069	-0.00460440113757791	12.8232189305823	0.363099469634955
18.875	26.75	0.025645039741488	0.819495295338016	-0.00495691694696948	12.7486657638375	0.366669275831967
19.125	26.75	0.0322440558124374	0.823374658955686	-0.00520110976471972	12.6729770527095	0.370958636278084
19.375	26.75	0.0401223393471721	0.827660211705167	-0.00530429315038029	12.5959467886888	0.376079520575662
19.625	26.75	0.0494811718078772	0.832295169763265	-0.005236362354909	12.5173440198432	0.38216276167512
19.875	26.75	0.0605581612983471	0.837189153195253	-0.0049730743547133	12.4369106730806	0.389362804843926
20.125	26.75	0.0736351162681243	0.842215239360919	-0.00449947512543121	12.3543588558271	0.397862825574281
20.375	26.75	0.0890450577940564	0.847209590744218	-0.00381304294319626	12.2693675997604	0.407879287566137
20.625	26.75	0.107175806703346	0.851974737013665	-0.00292604550941458	12.181579227461	0.419664274357175
20.875	26.75	0.128466180299188	0.856287611575604	-0.00186660567813405	12.0905959132761	0.433503017194472
21.125	26.75	0.153389485854055	0.859913245392607	-0.000678052813155417	11.9959775888479	0.449703165805136
21.375	26.75	0.18241839498255	0.862624410075568	0.000583684330619187	11.8972430514166	0.468571956738658
21.625	26.75	0.215966527616271	0.864226264255048	0.00185460570574537	11.7938767769792	0.490378242950576
21.875	26.75	0.25430645223435	0.864583142359382	0.00306867695070138	11.685344164369	0.515299193952327
22.125	26.75	0.297472059305231	0.863642437633088	0.00416455015878962	11.5711172696108	0.5433568385484
22.375	26.75	0.345164318139167	0.861449110051633	0.00509181999351587	11.4507111422215	0.574356806790459
22.625	26.75	0.396689200851041	0.858145068296256	0.0058156123559358	11.3237276789665	0.607847980553177
22.875	26.75	0.450958313665799	0.853951282430426	0.0063186420536927	11.1899002574286	0.643122903882769
23.125	26.75	0.506570582858697	0.849136044818848	0.00660054620573037	11.0491298524791	0.679270878858153
23.375	26.75	0.561967838046802	0.84397766500152	0.0066750293950904	10.9015035506479	0.715279094730421
23.625	26.75	0.615628769628685	0.838731304472034	0.006565819569695	10.7472900484723	0.750158700258645
23.875	26.75	0.66625005336214	0.83360689744666	0.00630247061837233	10.5869127432897	0.783062534685391
24.125	26.75	0.712869889317857	0.828760070992993	0.00591674771468951	10.4209068678956	0.813365428056607
24.375	26.75	0.75491346318284	0.824293617338251	0.00543992350365279	10.2498703320094	0.840693751068846
24.625	26.75	0.792167510661643	0.820265162570271	0.00490099074996481	10.0744176042553	0.864908881930068
24.875	26.75	0.824708982754426	0.816697059343492	0.00432563044219936	9.89514300191825	0.886060838790377
25.125	26.75	0.852816458488438	0.813585973080902	0.00373573434496894	9.7125959451045	0.904330698017485
25.375	26.75	0.876886379475162	0.810911025062404	0.00314930619728677	9.52726759739143	0.919976146658856
25.625	26.75	0.897366088767514	0.808640237392199	0.00258060870232163	9.33958652538351	0.933287957698884
25.875	26.75	0.914706990512788	0.806735423949471	0.00204046164533266	9.149920479318	0.944559543833312
26.125	26.75	0.929335818600006	0.805155785887496	0.00153662455818414	8.95858168256421	0.954068282090004
26.375	26.75	0.94163977044225	0.803860466453068	0.00107421701031622	8.76583365924287	0.962065850787462
26.625	26.75	0.951961049585514	0.802810285009025	0.000656143691392378	8.57189830889218	0.968774682230584
26.875	26.75	0.960597118545937	0.801968834982998	0.000283501971656326	8.37696249744773	0.974388127054859
27.125	26.75	0.967803987840605	0.801303100466891	-4.40423328254933e-05	8.18118383040289	0.979072592096393
27.375	26.75	0.973800799120748	0.800783719932378	-0.000327919144142372	7.984695522149	0.982970519428486
27.625	26.75	0.978774672338139	0.80038500159229	-0.000570361872451084	7.78761041181715	0.986203537019791
27.875	26.75	0.982885273843191	0.800084773094298	-0.000774159112784683	7.5900242378148	0.988875427998074
28.125	26.75	0.98626886752694	0.799864128845146	-0.000942448479224306	7.39201830049591	0.991074763892511
28.375	26.75	0.989041786879785	0.799707121758602	-0.00107854938550145	7.19366163583256	0.99287716147186
28.625	26.75	0.991303357110581	0.799600432726518	-0.00118583080252126	6.99501280574065	0.994347182121877
28.875	26.75	0.993138336410674	0.799533040500631	-0.00126760968244612	6.79612139048178	0.995539918666938
29.125	26.75	0.994618956393296	0.799495906615594	-0.00132707570250057	6.59702924930276	0.996502321655643
29.375	26.75	0.995806637752058	0.799481684061547	-0.00136723814912068	6.39777159895622	0.997274314538838
29.625	26.75	0.996753446620235	0.799484454199816	-0.00139089105964496	6.19837794648923	0.997889740303152
29.875	26.75	0.997503344655297	0.799499493515871	-0.00140059310943941	5.99887290256422	0.998377174025943
30.125	26.75	0.998093273948485	0.799523069887857	-0.00139865913813066	5.79927689416914	0.998760628066515
30.375	26.75	0.998554107574656	0.799552266849055	-0.00138716062137407	5.59960679036889	0.999060169923526
30.625	26.75	0.998911488319394	0.799584833631168	-0.00136793279573071	5.39987645124493	0.999292467407606
30.875	26.75	0.999186571819473	0.799619058435136	-0.00134258652075621	5.20009720791684	0.999471271682657
31.125	26.75	0.999396685805988	0.799653662272496	-0.00131252330683902	5.00027828016607	0.999607845773892
31.375	26.75	0.999555914040843	0.799687710769022	-0.00127895224482962	4.80042713739086	0.999711344126548
31.625	26.75	0.999675611559971	0.799720541465341	-0.00124290784316063	4.60054980818708	0.999789147513981
31.875	26.75	0.999764856667318	0.799751704346076	-0.00120526801021334	4.40065114360883	0.999847156833756
32.125	26.75	0.999830844488062	0.799780913554498	-0.00116677161760497	4.20073503900622	0.99989004891724
32.375	26.75	0.999879226578448	0.79980800848829	-0.0011280352473404	4.00080461919693	0.999921497275991
32.625	26.75	0.999914400984914	0.79983292271275	-0.00108956886604594	3.80086239156339	0.999944360640194
32.875	26.75	0.999939757228961	0.799855659359145	-0.00105179028275443	3.60091037145229	0.999960842198825
33.125	26.75	0.99995788100957	0.799876271878428	-0.00101503832829888	3.40095018396185	0.999972622656221
33.375	26.75	0.999970723946748	0.799894849168559	-0.000979584736092208	3.20098314581045	0.999980970565386
33.625	26.75	0.999979744178098	0.799911504168662	-0.000945644702654166	3.0010103304797	0.999986833715764
33.875	26.75	0.999986023412692	0.799926365030695	-0.000913386078491733	2.80103261927003	0.99999091521825
34.125	26.75	0.999990364214019	0.799939568025295	-0.000882937138366416	2.60105074045221	0.999993736739112
34.375	26.75	0.999993367265271	0.799951251573556	-0.000854392990373446	2.40106529859632	0.999995688722426
34.625	26.75	0.999995483199266	0.799961551388064	-0.00082782098005423	2.20107679663192	0.999997064079523
34.875	26.75	0.999997031149309	0.79997059764145	-0.00080326589034111	2.00108565413965	0.999998070247051
35.125	26.75	0.999998183147782	0.799978515907412	-0.000780756051347926	1.80109222600967	0.999998819046058
35.375	26.75	0.999998935780027	0.799985433298183	-0.000760311090362734	1.60109682432301	0.999999308257017
35.625	26.75	0.999999125257885	0.799991488437323	-0.000741950336269503	1.4010997413143	0.999999431417625
35.875	26.75	0.99999856758008	0.799996838172784	-0.000725697771398079	1.20110126235024	0.999999068927052
36.125	26.75	0.999997377327478	0.800001647446521	-0.00071157634603001	1.00110164909587	0.99999829526286
36.375	26.75	0.999996386769874	0.800006047930644	-0.000699585079636196	0.801101074671524	0.999997651400418
36.625	26.75	0.999997344975398	0.800010065624092	-0.000689661667154869	0.601099518530472	0.999998274234009
36.875	26.75	1.00000233659516	0.80001355287537	-0.000681653924580313	0.401096686044045	1.00000151878685
37.125	26.75	1.00001190393331	0.800013255612107	-0.000675349582735418	0.201092088479464	1.00000773755665
37.375	26.75	1.00002206836172	0.400025427264675	-0.000671171320788946	0.0010869228735157	1.00001434443512
0.125	27.25	-3.76752693885717e-12	0.400000568417433	8.94600671665769e-05	18.0165330612774	0.349999999997551
0.375	27.25	-5.7046293677222e-12	0.800001705302506	8.97845331946759e-05	17.9465329617888	0.349999999996292
0.625	27.25	-7.47682077331556e-12	0.80000284231074	9.04344432431736e-05	17.8765327628026	0.34999999999514
0.875	27.25	-6.48523059553588e-12	0.800003979456458	9.14117557038593e-05	17.8065324643056	0.349999999995785
1.125	27.25	3.14791670297907e-13	0.80000511665237	9.27194142493414e-05	17.7365320662863	0.350000000000205
1.375	27.25	1.56430537643867e-11	0.800006253665874	9.43613551096134e-05	17.6665315687459	0.350000000010168
1.625	27.25	4.04912518201307e-11	0.800007390074056	9.63425165218735e-05	17.5965309717127	0.350000000026319
1.875	27.25	7.23161906374438e-11	0.80000852521561	9.86688504153039e-05	17.5265302752616	0.350000000047006
2.125	27.25	1.03284286386587e-10	0.800009658139003	0.000101347335969064	17.4565294795376	0.350000000067135
2.375	27.25	1.19244624173516e-10	0.800010787546357	0.00010438599491438	17.3865285847838	0.350000000077509
2.625	27.25	1.00237761662894e-10	0.800011911731618	0.000107793908216549	17.3165275913761	0.350000000065155
2.875	27.25	2.33098551312923e-11	0.800013028512723	0.000111581233811762	17.2465264998614	0.350000000015151
3.125	27.25	-1.31842603463045e-10	0.800014135155886	0.000115759224630635	17.1765253110033	0.349999999914302
3.375	27.25	-3.74323419254646e-10	0.800015228291568	0.000120340246488166	17.1065240258324	0.34999999975669
3.625	27.25	-6.91154430897538e-10	0.800016303820198	0.000125337794988781	17.0365226457043	0.34999999955075
3.875	27.25	-1.03548006614008e-09	0.800017356806972	0.000130766510151489	16.9665211723636	0.349999999326938
4.125	27.25	-1.31634909008615e-09	0.800018381363509	0.000136642187836701	16.8965196080173	0.349999999144373
4.375	27.25	-1.39381357440959e-09	0.800019370515539	0.00014298178606474	16.8265179554169	0.349999999094021
4.625	27.25	-1.08428863274887e-09	0.800020316054216	0.000149803424539243	16.7565162179534	0.349999999295212
4.875	27.25	-1.81790612514525e-10	0.800021208371201	0.000157126374811389	16.686514399767	0.349999999881836
5.125	27.25	1.49986713365701e-09	0.800022036273912	0.000164971038346582	16.6165125058767	0.350000000974914
5.375	27.25	4.06124942535381e-09	0.800022786782533	0.000173358908797255	16.5465105423329	0.350000002639812
5.625	27.25	7.42978267486217e-09	0.800023444904507	0.000182312514561969	16.4765085163999	0.350000004829359
5.875	27.25	1.12591154184823e-08	0.800023993386566	0.000191855336257191	16.4065064367706	0.350000007318425
6.125	27.25	1.48318976827539e-08	0.800024412441413	0.000202011692610725	16.3365043138188	0.350000009640733
6.375	27.25	1.69907600626687e-08	0.800024679445765	0.000212806587391564	16.2665021598865	0.350000011043994
6.625	27.25	1.61294089586731e-08	0.800024768606951	0.00022426550673858	16.1964999896075	0.350000010484116
6.875	27.25	1.02802038170425e-08	0.80002465059419	0.000236414155171447	16.1264978202553	0.350000006682132
7.125	27.25	-2.66532943494211e-09	0.800024292130363	0.00024927811471624	16.0564956721079	0.349999998267536
7.375	27.25	-2.45724606207938e-08	0.800023655540678	0.000262882408020645	15.9864935688106	0.349999984027901
7.625	27.25	-5.6498251313192e-08	0.800022698254474	0.0002772509428416	15.9164915377195	0.349999963276137
7.875	27.25	-9.79494858940374e-08	0.800021372259533	0.000292405809265605	15.8464896102045	0.349999936332834
8.125	27.25	-1.45997425756571e-07	0.800019623507693	0.000308366396439955	15.7764878218955	0.349999905101673
8.375	27.25	-1.94321898315989e-07	0.800017391276281	0.000325148288568127	15.7064862128594	0.349999873690766
8.625	27.25	-2.32304080724506e-07	0.800014607493518	0.000342761892732654	15.6364848277091	0.349999849002347
8.875	27.25	-2.44341584014206e-07	0.800011196041909	0.000361210742680933	15.5664837156631	0.34999984117797
9.125	27.25	-2.09619658382384e-07	0.800007072064293	0.000380489411991915	15.4964829305982	0.349999863747222
9.375	27.25	-1.02636006878117e-07	0.800002141309093	0.000400580957498983	15.4264825311709	0.349999933286596
9.625	27.25	1.05160675186047e-07	0.799996299569939	0.000421453796971013	15.3564825811217	0.350000068354439
9.875	27.25	4.42204469862873e-07	0.799989432300768	0.000443057903075868	15.2864831499203	0.350000287432905
10.125	27.25	9.31671871399626e-07	0.799981414522369	0.00046532016668469	15.2164843139607	0.350000605586716
10.375	27.25	1.58392877678612e-06	0.799972111184072	0.000488138743050252	15.1464861585595	0.350001029553705
10.625	27.25	2.38620138965682e-06	0.799961378207399	0.000511376143095293	15.0764887810512	0.350001551030903
10.875	27.25	3.28928445544335e-06	0.799949064521494	0.000534850764854041	15.0064922952895	0.350002138034896
11.125	27.25	4.19142018728576e-06	0.799935015502393	0.000558326475519132	14.9364968378417	0.350002724423122
11.375	27.25	4.91998871817293e-06	0.799919078360827	0.000581499749843848	14.8665025760785	0.350003197992667
11.625	27.25	5.21238754851977e-06	0.799901110181146	0.000603983747343321	14.7965097181835	0.350003388051907
11.875	27.25	4.69847348546806e-06	0.799880989508854	0.000625288570138452	14.7265185248046	0.350003054007765
12.125	27.25	2.88820417673299e-06	0.799858632615045	0.000644796793557019	14.6565293215962	0.350001877332715
12.375	27.25	-8.30378043358811e-07	0.79983401584301	0.000661733214385006	14.5865425112303	0.349999460254272
12.625	27.25	-7.17600005410086e-06	0.799807205766052	0.00067512763854076	14.5165585825448	0.349995335599965
12.875	27.25	-1.69333042432275e-05	0.799778399265389	0.000683769460298315	14.4465781133317	0.349988993352242
13.125	27.25	-3.08761474181712e-05	0.799747976074959	0.000686152813101462	14.3766017618438	0.349979930504178
13.375	27.25	-4.96436786572274e-05	0.799716566833711	0.00068041125616192	14.3066302404478	0.349967731608873
13.625	27.25	-7.35572133171872e-05	0.799685140225696	0.000664241376618159	14.2366642630187	0.349952187811344
13.875	27.25	-0.000102366207962134	0.799655113343041	0.00063481543118958	14.1667044557696	0.349933461964825
14.125	27.25	-0.000134913066506294	0.799628489923055	0.00058868433856814	14.0967512193603	0.349912306506771
14.375	27.25	-0.000168709235626745	0.799608031485296	0.000521674096046322	14.0268045284993	0.349890338996843
14.625	27.25	-0.000199419114925154	0.799597466476956	0.000428781172961469	13.9568636540381	0.349870377575299
14.875	27.25	-0.000220253579674926	0.799601742089631	0.000304075763709473	13.8869267919431	0.349856835173211
15.125	27.25	-0.000221281053024386	0.799627322117425	0.000140626065215531	13.8169905837066	0.349856167315534
15.375	27.25	-0.000188670520960598	0.799682531657788	-6.95379957348274e-05	13.7470495138697	0.349877364161376
15.625	27.25	-0.000103886921531015	0.799777945087653	-0.000335397034027439	13.6770951724713	0.349932473501005
15.875	27.25	5.71359021049503e-05	0.79992680697334	-0.000666819268183941	13.6071153734257	0.350037138336368
16.125	27.25	0.00032481691285376	0.800145465778391	-0.00107430463637549	13.5370931240247	0.350211130993355
16.375	27.25	0.000736716896144354	0.800453786898537	-0.00156855293343729	13.4670054458121	0.350478865982494
16.625	27.25	0.00133827146895331	0.800875494442804	-0.00215981051500968	13.3968220528221	0.35086987645482
16.875	27.25	0.00218345283707125	0.801438370604456	-0.00285695281094297	13.3265038993596	0.351419244344096
17.125	27.25	0.0033353572861286	0.802174218631023	-0.00366627047604186	13.2560016158607	0.352167982235984
17.375	27.25	0.0048667317615351	0.803118472800838	-0.00458994854037863	13.1852538575858	0.353163375644998
17.625	27.25	0.0068604733803249	0.804309320600887	-0.00562426322873512	13.1141855965031	0.354459307697211
17.875	27.25	0.00941016047508378	0.805786194509178	-0.00675757194568849	13.0427063910678	0.356116604308804
18.125	27.25	0.0126207031428949	0.807587501159469	-0.00796823780788741	12.9707086706277	0.358203457042882
18.375	27.25	0.0166092354210343	0.809747492900628	-0.00922270710656519	12.8980660693443	0.360796003023672
18.625	27.25	0.0215064089501888	0.812292258866472	-0.0104740377617089	12.824631836681	0.363979165817623
18.875	27.25	0.0274582844090647	0.815234924507638	-0.0116612460021119	12.7502373352753	0.367847884865892
19.125	27.25	0.0346290395471977	0.818570298791492	-0.0127098803565165	12.6746906104818	0.372508875705679
19.375	27.25	0.0432046956442186	0.82226938686102	-0.0135342287357627	12.5977749793391	0.378083052168742
19.625	27.25	0.0533979630379055	0.826274373016936	-0.0140415004829534	12.5192475454051	0.384708675974639
19.875	27.25	0.0654540539407128	0.830494846785616	-0.0141381898747828	12.4388375137228	0.392545135061463
20.125	27.25	0.0796568224964782	0.834806162708378	-0.0137386125600911	12.3562441836095	0.401776934622711
20.375	27.25	0.0963337881230375	0.83905086315034	-0.0127752998735751	12.2711345769664	0.412616962279974
20.625	27.25	0.11585745516968	0.843044025207895	-0.0112105160150994	12.183140867835	0.425307345860292
20.875	27.25	0.138638981804299	0.846583181555365	-0.00904760793347899	12.0918581615503	0.440115338172795
21.125	27.25	0.165109060995544	0.849463048567857	-0.00634023296303096	11.9968437387358	0.457320889647103
21.375	27.25	0.195680613122589	0.851494578801606	-0.00319689700909484	11.8976195550062	0.477192398529683
21.625	27.25	0.230689657038401	0.852526756211767	0.000221946440453394	11.7936803599633	0.49994827707496
21.875	27.25	0.270315644992861	0.852468130634067	0.00371620893507683	11.6845099043246	0.525705169245359
22.125	27.25	0.314490948155083	0.851303729091723	0.00706777259875536	11.5696068985941	0.554419116300804
22.375	27.25	0.362819423151767	0.849102472671997	0.010068193896829	11.4485203630382	0.585832625048649
22.625	27.25	0.414531649128958	0.846011465955708	0.012546504740398	11.3208909218229	0.619445571933823
22.875	27.25	0.468503257499755	0.842236802899504	0.0143902241586684	11.1864913224456	0.654527117374841
23.125	27.25	0.523348486181449	0.838014853756726	0.0155545935742669	11.0452574951409	0.690176516017942
23.375	27.25	0.577576297600185	0.833581260557766	0.0160589657589342	10.8973022221401	0.72542459344012
23.625	27.25	0.629772102480483	0.829145188571478	0.0159732279590756	10.7429073064535	0.759351866612314
23.875	27.25	0.678757853582994	0.824873597375742	0.0153993264694924	10.5824957327391	0.791192604828946
24.125	27.25	0.723693113395322	0.820886166443338	0.0144528764029296	10.4165903443994	0.820400523706959
24.375	27.25	0.764103411943953	0.817258302402622	0.0132482275433775	10.2457679944854	0.846667217763569
24.625	27.25	0.799846374136174	0.814028519398762	0.0118883697116005	10.0706174192136	0.869900143188513
24.875	27.25	0.831040040294339	0.81120707208555	0.0104595190973883	9.89170621227697	0.89017602619132
25.125	27.25	0.85797918710215	0.808783985622425	0.00902939801428264	9.70955885513513	0.907686471616397
25.375	27.25	0.881058564444172	0.806735734776019	0.00764799175495634	9.52464505031055	0.922688066888712
25.625	27.25	0.900712734159717	0.805030476242399	0.00634969559919825	9.33737611578707	0.935463277203816
25.875	27.25	0.917374665729136	0.803632004933434	0.00515603885424362	9.14810680432921	0.946293532723938
26.125	27.25	0.931450790908872	0.802502661256084	0.00407845698984311	8.9571402084568	0.955443014090767
26.375	27.25	0.943308470100877	0.801605395514822	0.00312081509586534	8.76473400009696	0.96315050556557
26.625	27.25	0.953271783334079	0.800905161693107	0.00228154986299116	8.57110686335699	0.969626659167152
26.875	27.25	0.961622311967501	0.800369785031114	0.0015554000542083	8.37644447721986	0.975054502778875
27.125	27.25	0.968602525261414	0.799970426420459	0.00093475208443905	8.18090475657328	0.979591641419919
27.375	27.25	0.974420229726154	0.799681748318136	0.000410653125090089	7.98462227963283	0.983373149322
27.625	27.25	0.979253177367552	0.799481869570916	-2.6448646070312e-05	7.78771195023806	0.986514565288909
27.875	27.25	0.983253362929858	0.799352179844368	-0.000386179806690337	7.5902719977771	0.989114685904408
28.125	27.25	0.986550810892896	0.799277068811124	-0.000677883896911173	7.39238643206868	0.991258027080382
28.375	27.25	0.989256808011818	0.799243611421461	-0.000910389107703015	7.19412706390495	0.993016925207682
28.625	27.25	0.991466616801385	0.799241238921288	-0.00109186876385513	6.99555518589807	0.9944533009209
28.875	27.25	0.993261739296201	0.79926141586232	-0.00122976914339796	6.79672298962489	0.99562013054253
29.125	27.25	0.99471180860696	0.799297336049492	-0.00133078514829246	6.59767477741482	0.996562675594524
29.375	27.25	0.995876180805621	0.799343644925221	-0.00140086910965565	6.39844801207338	0.997319517523654
29.625	27.25	0.996805288991042	0.7993961919768	-0.00144526173385363	6.19907423583728	0.997923437844177
29.875	27.25	0.99754180920219	0.799451814052865	-0.00146853706082684	5.99957988078677	0.998402175981424
30.125	27.25	0.998121676331485	0.799508148700184	-0.00147465549021908	5.7999869863978	0.998779089615465
30.375	27.25	0.99857497833121	0.799563475541168	-0.00146702058590773	5.60031383541507	0.999073735915286
30.625	27.25	0.998926749116351	0.799616583112387	-0.00144853661823809	5.40057551629155	0.999302386925628
30.875	27.25	0.999197674603486	0.799666658324177	-0.00142166474198462	5.20078441864509	0.999478488492266
31.125	27.25	0.999404722064715	0.799713195668785	-0.0013884764106699	5.00095066717669	0.999613069342065
31.375	27.25	0.999561700118587	0.799755923416328	-0.00135070315074901	4.80108249899613	0.999715105077082
31.625	27.25	0.999679754905527	0.799794744235471	-0.00130978220469537	4.60118658909639	0.999791840688593
31.875	27.25	0.999767806994704	0.799829687919015	-0.00126689783354888	4.40126832865835	0.999849074546558
32.125	27.25	0.999832933071156	0.799860874158883	-0.0012230182723031	4.20133206084978	0.999891406496251
32.375	27.25	0.999880696252097	0.799888483585082	-0.00117892847621163	4.00138127874958	0.999922452563863
32.625	27.25	0.999915428873174	0.7999127355499	-0.00113525889715375	3.80141878994519	0.999945028767563
32.875	27.25	0.999940471771055	0.799933871389405	-0.00109251059476116	3.60144685219594	0.999961306651186
33.125	27.25	0.999958374534481	0.799952142108482	-0.0010510770178493	3.40146728430318	0.999972943447412
33.375	27.25	0.999971061892836	0.799967799584973	-0.00101126278306413	3.20148155595097	0.999981190230343
33.625	27.25	0.999979972058839	0.799981090451473	-0.000973299728820137	3.00149085977347	0.999986981838245
33.875	27.25	0.999986172675407	0.799992251810172	-0.000937360451296562	2.80149616832748	0.999991012239015
34.125	27.25	0.999990457945966	0.800001507967594	-0.000903569488245687	2.60149827818448	0.999993797664878
34.375	27.25	0.999993425893848	0.800009067631391	-0.000872012390781168	2.40149784330052	0.999995726831001
34.625	27.25	0.999995528713838	0.800015121685516	-0.000842743186849779	2.20149540043432	0.999997093663995
34.875	27.25	0.999997086425324	0.800019842738297	-0.000815791154340937	2.00149139054576	0.999998106176461
35.125	27.25	0.999998262327721	0.800023388589062	-0.000791168109849062	1.80148618089506	0.999998870513019
35.375	27.25	0.999999025051883	0.80002591136469	-0.000768877019761476	1.60148009109309	0.999999366283724
35.625	27.25	0.999999162981337	0.800027570792932	-0.000748921021969712	1.40147342050155	0.999999455937869
35.875	27.25	0.999998446947513	0.800028543334543	-0.000731308834633244	1.20146646389835	0.999998990515883
36.125	27.25	0.999997004158958	0.8000290112636	-0.000716049458456944	1.00145949201	0.999998052703323
36.375	27.25	0.999995811142008	0.800029114821735	-0.00070312966822503	0.801452675411662	0.999997277242305
36.625	27.25	0.999996928179383	0.800028867693886	-0.000692477011828369	0.601445960813366	0.999998003316599
36.875	27.25	1.00000281386985	0.800028077056271	-0.000683931531072262	0.401438976266653	1.00000182901541
37.125	27.25	1.00001410825974	0.800022863324019	-0.00067727551458143	0.201431125651563	1.00000917036883
37.375	27.25	1.00002611141451	0.400032512247382	-0.000672926873018954	0.0014238189015761	1.00001697241943
0.125	27.75	-3.73623571079401e-12	0.400000892788216	8.65376524759227e-05	18.0165176038478	0.349999999997571
0.375	27.75	-5.64478171057865e-12	0.800002679432883	8.68598918771349e-05	17.9465174475936	0.349999999996331
0.625	27.75	-7.37519178400655e-12	0.800004469258094	8.75054226441254e-05	17.8765171348984	0.349999999995206
0.875	27.75	-6.35183910660831e-12	0.800006264326668	8.84763526100641e-05	17.8065166653918	0.349999999995871
1.125	27.75	4.34081938784872e-13	0.800008066615106	8.97758529223126e-05	17.7365160385258	0.350000000000282
1.375	27.75	1.56564679247001e-11	0.80000987797615	9.14081692276779e-05	17.6665152535834	0.350000000010177
1.625	27.75	4.0262036653316e-11	0.800011700099094	9.33786367492685e-05	17.5965143096915	0.35000000002617
1.875	27.75	7.16836093619577e-11	0.800013534467595	9.56936988542038e-05	17.5265132058373	0.350000000046594
2.125	27.75	1.02111801738e-10	0.800015382313055	9.83609292634445e-05	17.4565119408887	0.350000000066373
2.375	27.75	1.17496607677385e-10	0.800017244563092	0.000101389057791787	17.3865105136194	0.350000000076373
2.625	27.75	9.80763726015325e-11	0.800019121784026	0.000104787999397363	17.3165089227387	0.35000000006375
2.875	27.75	2.11920733831531e-11	0.800021014116398	0.000108568886148725	17.2465071669261	0.350000000013775
3.125	27.75	-1.33097727380147e-10	0.800022921201788	0.000112744102261876	17.1765052448722	0.349999999913486
3.375	27.75	-3.7353193262136e-10	0.800024842099856	0.000117327321253699	17.1065031553245	0.349999999757204
3.625	27.75	-6.86862736797338e-10	0.800026775193819	0.000122333545046704	17.0365008971404	0.349999999553539
3.875	27.75	-1.02618864992041e-09	0.800028718082696	0.000127779144140102	16.9664984693469	0.349999999332977
4.125	27.75	-1.30089298883477e-09	0.800030667457916	0.000133681897906112	16.8964958712091	0.349999999154419
4.375	27.75	-1.37192430213788e-09	0.800032618962924	0.000140061033976932	16.8264931023096	0.349999999108249
4.625	27.75	-1.05734438113621e-09	0.800034567032204	0.00014693726511804	16.7564901626398	0.349999999312726
4.875	27.75	-1.53709846780272e-10	0.800036504708777	0.000154332821717656	16.6864870527087	0.349999999900089
5.125	27.75	1.5217318450052e-09	0.800038423436406	0.000162271477554192	16.6164837736724	0.350000000989126
5.375	27.75	4.06549502364221e-09	0.800040312824327	0.00017077856610954	16.5464803274898	0.350000002642572
5.625	27.75	7.40102618538363e-09	0.800042160381199	0.000179880983420234	16.47647671711	0.350000004810667
5.875	27.75	1.11792353934749e-08	0.80004395121348	0.000189607173437209	16.4064729466978	0.350000007266503
6.125	27.75	1.46828971993207e-08	0.800045667683611	0.000199987089933373	16.3364690218996	0.350000009543883
6.375	27.75	1.67595286674629e-08	0.800047289021738	0.000211052127518108	16.2664649501531	0.350000010893694
6.625	27.75	1.58143364417578e-08	0.800048790883168	0.000222835012847564	16.196460741039	0.350000010279319
6.875	27.75	9.89913594219735e-09	0.800050144842644	0.000235369643909735	16.12645640667	0.350000006434438
7.125	27.75	-3.06685964324852e-09	0.800051317815693	0.00024869086229719	16.0564519621079	0.349999998006541
7.375	27.75	-2.49143576423524e-08	0.800052271394765	0.000262834139936519	15.986447425796	0.349999983805668
7.625	27.75	-5.66624137923402e-08	0.800052961088295	0.000277835156173806	15.9164428199935	0.349999963169431
7.875	27.75	-9.77820276184777e-08	0.800053335448694	0.000293729236435643	15.8464381711947	0.349999936441682
8.125	27.75	-1.45318481917115e-07	0.800053335075236	0.000310550616579548	15.7764335105243	0.349999905542987
8.375	27.75	-1.9294400567633e-07	0.800052891478192	0.00032833148920713	15.7064288741037	0.349999874586396
8.625	27.75	-2.30058500712798e-07	0.800051925789847	0.000347100779153994	15.6364243033979	0.349999850461975
8.875	27.75	-2.41109723661828e-07	0.800050347310606	0.000366882583572709	15.5664198455737	0.34999984327868
9.125	27.75	-2.05364266228505e-07	0.800048051880612	0.000387694198061629	15.4964155539246	0.349999866513227
9.375	27.75	-9.7424719458649e-08	0.800044920072956	0.000409543631885353	15.4264114884545	0.349999936673932
9.625	27.75	1.1114759158054e-07	0.800040815212161	0.00043242649151881	15.356407716753	0.350000072245934
9.875	27.75	4.48688355634618e-07	0.800035581236269	0.000456322080172013	15.286404315348	0.350000291647431
10.125	27.75	9.38311764799461e-07	0.800029040439673	0.000481188518603024	15.216401371773	0.350000609902647
10.375	27.75	1.5903669659027e-06	0.800020991162483	0.000506956636389311	15.1463989876453	0.350001033738528
10.625	27.75	2.39208643223859e-06	0.800011205531394	0.000533522308399211	15.0763972830999	0.350001554856181
10.875	27.75	3.2942122466111e-06	0.79999942740795	0.000560736814683821	15.0063964029538	0.35000214123796
11.125	27.75	4.19469954471074e-06	0.7999853707662	0.000588394678090752	14.9363965249762	0.350002726554704
11.375	27.75	4.92010100438952e-06	0.799968718805074	0.000616218280513427	14.8663978705732	0.350003198065653
11.625	27.75	5.20597795859253e-06	0.799949124201496	0.000643838370639094	14.7964007180513	0.350003383885673
11.875	27.75	4.67869841235262e-06	0.799926211035285	0.000670769357497782	14.7264054183473	0.350003041153968
12.125	27.75	2.84228583109533e-06	0.799899579064866	0.00069637803536859	14.6564124126818	0.35000184748579
12.375	27.75	-9.24440618330594e-07	0.799868811215577	0.000719844122531516	14.5864222509525	0.349999399113598
12.625	27.75	-7.35340174978365e-06	0.799833485360271	0.000740110735912083	14.5164356088077	0.349995220288863
12.875	27.75	-1.72465390224247e-05	0.799793191742989	0.000755822703508697	14.446453300203	0.349988789749635
13.125	27.75	-3.1398066996729e-05	0.799747557723049	0.000765250485964441	14.3764762808226	0.349979591256452
13.375	27.75	-5.04673497007154e-05	0.799696281919061	0.000766197514286482	14.3065056360769	0.349967196222695
13.625	27.75	-7.47889921515133e-05	0.799639180310082	0.000755889055671762	14.2365425454933	0.349951387155101
13.875	27.75	-0.000104106447337366	0.799576247405503	0.000730841431467551	14.1665882132888	0.349932330809231
14.125	27.75	-0.000137216149137229	0.79950773620478	0.000686711709096417	14.0966437528539	0.349910809503061
14.375	27.75	-0.000171511057404015	0.799434261275696	0.000618130092460448	14.0267100109342	0.349888517812687
14.625	27.75	-0.000202415597232899	0.799356929787612	0.000518520402108971	13.956787315621	0.349868429861799
14.875	27.75	-0.00022270819789455	0.799277505568228	0.000379918552926157	13.8868751310356	0.349855239671369
15.125	27.75	-0.000221732728038896	0.79919861094787	0.00019280508595988	13.816971600958	0.349855873726775
15.375	27.75	-0.000184505660166816	0.799123969936129	-5.4024178362601e-05	13.7470729637611	0.349880071320892
15.625	27.75	-9.07312331259284e-05	0.799058693638137	-0.000373515340139673	13.6771728219489	0.349941024698468
15.875	27.75	8.62583783289648e-05	0.799009604130976	-0.000780295727009423	13.60726125143	0.350056067945914
16.125	27.75	0.000380617372051865	0.798985585564331	-0.00129043672456323	13.5373237384044	0.350247401291834
16.375	27.75	0.000835132687685146	0.798997940303959	-0.0019209689279437	13.4673399354123	0.350542836246995
16.625	27.75	0.00150237982041378	0.799060712953087	-0.00268906831718098	13.397282232712	0.350976546883269
16.875	27.75	0.00244586676609057	0.799190925979857	-0.00361082811342468	13.3271141467925	0.351589813397959
17.125	27.75	0.00374114714820439	0.799408648257633	-0.00469953788981883	13.2567885346001	0.352431745646333
17.375	27.75	0.0054768865201959	0.799736794350487	-0.00596341558637029	13.1862456501311	0.353559976238127
17.625	27.75	0.00775586915599121	0.800200532212592	-0.00740278624489279	13.1154110695016	0.355041314951394
17.875	27.75	0.0106959367772252	0.800826167102657	-0.00900677994692896	13.0441935213087	0.356952358905196
18.125	27.75	0.0144308569246051	0.801639379640351	-0.0107497343397692	12.9724826704134	0.359380057000993
18.375	27.75	0.0191111290029582	0.802662737597396	-0.0125876323071934	12.9001469137981	0.362422233851923
18.625	27.75	0.0249047518440917	0.80391248520146	-0.0144550716101722	12.827031254511	0.36618808869866
18.875	27.75	0.0319979963031009	0.805394746516711	-0.0162634273626742	12.752955320684	0.370798697597016
19.125	27.75	0.0405962409273035	0.807101456034519	-0.0179009936605198	12.6777115878779	0.376387556602747
19.375	27.75	0.0509249159479141	0.809006528122027	-0.0192359309073786	12.6010638428668	0.383101195366144
19.625	27.75	0.0632305197276687	0.81106295538698	-0.0201227502927916	12.522745898296	0.391099837822985
19.875	27.75	0.0777814607574728	0.813201625692577	-0.0204127922108572	12.44246054183	0.400557949492357
20.125	27.75	0.0948680643516194	0.815332606589102	-0.0199686710299935	12.3598787042375	0.411664241828553
20.375	27.75	0.114800411884508	0.81734942094967	-0.018681954118725	12.2746388955972	0.42462026772493
20.625	27.75	0.137901775735538	0.819136427060415	-0.0164924364394627	12.1863471322838	0.4396361542281
20.875	27.75	0.164494467404992	0.820578873611457	-0.0134063377239596	12.0945778938637	0.456921403813245
21.125	27.75	0.194874384413522	0.821574625262972	-0.00950977899524397	11.9988770988847	0.476668349868789
21.375	27.75	0.229271168450533	0.822046065503659	-0.00497337052468327	11.8987685748571	0.499026259492846
21.625	27.75	0.267793545915743	0.821950379880101	-4.42269133367876e-05	11.7937658030877	0.524065804845233
21.875	27.75	0.310364635330428	0.821286371424393	0.00497626430866972	11.6833905212538	0.551737012964778
22.125	27.75	0.356659162021605	0.820096220142458	0.00976705196644662	11.5671987477059	0.581828455314043
22.375	27.75	0.406061154804727	0.818461252401915	0.0140284195395767	11.4448128512132	0.613939750623073
22.625	27.75	0.457662674086296	0.816491899426733	0.017520486924275	11.3159557866481	0.647480738156093
22.875	27.75	0.51031753969503	0.814313470830159	0.0200903645966915	11.1804814489308	0.68170640080177
23.125	27.75	0.5627485253615	0.812050670536428	0.0216824383825921	11.0383944195916	0.715786541484975
23.375	27.75	0.613687497410188	0.809814237893527	0.0223314454961301	10.8898539630541	0.748896873316622
23.625	27.75	0.662014899881466	0.807692287353503	0.0221426687515082	10.7351607278464	0.780309684922953
23.875	27.75	0.706865207400013	0.80574716761653	0.0212659357976875	10.5747288885666	0.809462384810008
24.125	27.75	0.747678308997762	0.804016889038002	0.0198698408093027	10.4090496976144	0.835990900848545
24.375	27.75	0.784195675601334	0.802519213240655	0.0181206078797361	10.238653467665	0.859727189140867
24.625	27.75	0.816415315862969	0.801256551075116	0.0161675534954732	10.0640758838021	0.88066995531093
24.875	27.75	0.844525821372883	0.800220470501198	0.0141351045993635	9.88583216121246	0.898941783892374
25.125	27.75	0.86883784606336	0.799395335205544	0.0121201517795117	9.70440005342406	0.914744599941184
25.375	27.75	0.889725036688661	0.798761065021047	0.0101931004383724	9.52021085563269	0.92832127384763
25.625	27.75	0.907579650753463	0.798295195136067	0.00840107348554184	9.33364658544142	0.939926772989751
25.875	27.75	0.922783098621717	0.797974419230237	0.00677205426194301	9.14504131826535	0.949809014104116
26.125	27.75	0.935688940716323	0.797775746447917	0.00531914834712873	8.95468491246184	0.95819781146561
26.375	27.75	0.946614988815073	0.797677349482554	0.00404448377502362	8.76282780561544	0.965299742729798
26.625	27.75	0.955841361846678	0.797659151320662	0.00294252261489547	8.56968601610519	0.971296885200341
26.875	27.75	0.963612011658139	0.797703187885814	0.00200272294131822	8.37544585407682	0.97634780757779
27.125	27.75	0.97013797673456	0.797793783225036	0.00121158596301966	8.18026810909267	0.980589684877464
27.375	27.75	0.975601256969702	0.797917575347379	0.000554169339028552	7.98429164835997	0.984140817030306
27.625	27.75	0.980158674162389	0.798063430564909	1.5162749407137e-05	7.78763645258975	0.987103138205553
27.875	27.75	0.983945399970962	0.798222281318591	-0.000420380768106685	7.59040615993587	0.989564509981125
28.125	27.75	0.987078028835539	0.798386917565195	-0.00076657524995849	7.39269020142608	0.9916007187431
28.375	27.75	0.989657183756272	0.798551755923426	-0.00103642554692256	7.1945656076352	0.993277169441577
28.625	27.75	0.991769697853039	0.798712604802795	-0.00124168984290479	6.99609855503513	0.994650303604475
28.875	27.75	0.993490436201722	0.798866438318508	-0.00139283882940204	6.79734570682849	0.995768783531119
29.125	27.75	0.994883825318264	0.799011187241971	-0.0014990797823213	6.59835539001291	0.996674486456872
29.375	27.75	0.996005151170261	0.799145551645474	-0.00156842210429596	6.39916863926108	0.99740334826067
29.625	27.75	0.996901676294122	0.799268837223621	-0.00160776737480001	6.1998201293635	0.99798608959118
29.875	27.75	0.997613615602193	0.799380815390318	-0.00162301189027043	6.00033901140056	0.998448850141425
30.125	27.75	0.998175000386258	0.799481606008494	-0.00161915337925669	5.80074966319527	0.998813750251067
30.375	27.75	0.998614451572034	0.799571580862176	-0.00160039631308772	5.60107236156686	0.999099393521822
30.625	27.75	0.998955876652667	0.799651285595982	-0.00157025222661557	5.40132388207872	0.999321319824233
30.875	27.75	0.999219099848922	0.799721377717047	-0.0015316328974447	5.20151803100784	0.999492414901799
31.125	27.75	0.999420431690874	0.799782578293545	-0.00148693524708276	5.00166611386815	0.999623280599068
31.375	27.75	0.999573182109481	0.799835635127927	-0.00143811753223306	4.80177734476693	0.999722568371163
31.625	27.75	0.999688119967772	0.799881295385496	-0.00138676687136706	4.60185920099005	0.999797277979052
31.875	27.75	0.999773881461369	0.799920285889058	-0.00133415846290574	4.40191772737641	0.99985302294989
32.125	27.75	0.999837329722736	0.799953299529528	-0.00128130704438318	4.20195779518	0.999894264319779
32.375	27.75	0.999883868085922	0.799980986480792	-0.00122901125213839	4.00198332018808	0.99992451425585
32.625	27.75	0.999917709723634	0.800003949138849	-0.00117789159427815	3.80199744484701	0.999946511320362
32.875	27.75	0.999942106787003	0.800022739919232	-0.00112842276118211	3.60200268903012	0.999962369411552
33.125	27.75	0.999959542856203	0.800037861222015	-0.00108096097373928	3.40200107384321	0.999973702856532
33.375	27.75	0.9999718934506	0.800049766978887	-0.00103576700863321	3.20199422247701	0.99998173074289
33.625	27.75	0.999980560214393	0.800058865208599	-0.00099302544332988	3.0019834415753	0.999987364139356
33.875	27.75	0.999986584316686	0.800065520949415	-0.000952860549743537	2.80196978596562	0.999991279805846
34.125	27.75	0.999990742337921	0.800070058924945	-0.000915349186532756	2.60195410910485	0.999993982519649
34.375	27.75	0.999993622704594	0.800072765549808	-0.000880531079130149	2.40193710156322	0.999995854757986
34.625	27.75	0.999995673973837	0.800073890616238	-0.000848417105533556	2.2019193206039	0.999997188082994
34.875	27.75	0.999997213207224	0.800073650204124	-0.000818996586843086	2.00190121527559	0.999998188584696
35.125	27.75	0.999998392273562	0.800072233416594	-0.000792244843105614	1.801883152364	0.999998954977815
35.375	27.75	0.999999150173883	0.800069815065469	-0.000768131867254459	1.60186544688123	0.999999447613024
35.625	27.75	0.999999226609149	0.800066572645219	-0.000746631273036327	1.40184839407213	0.999999497295947
35.875	27.75	0.999998346731611	0.800062698185136	-0.000727725611849748	1.20183228788855	0.999998925375547
36.125	27.75	0.999996649358599	0.800058386799921	-0.000711401132318789	1.00181739902942	0.99999782208309
36.375	27.75	0.999995252775738	0.800053782629197	-0.000697625621598418	0.801803887795874	0.99999691430423
36.625	27.75	0.999996524187734	0.800048882470305	-0.000686312004033954	0.601791662046222	0.999997740722027
36.875	27.75	1.00000329154999	0.800043444033942	-0.000677290490895094	0.40178026818125	1.00000213950749
37.125	27.75	1.00001629184008	0.800032962629641	-0.000670337759454516	0.201768999924797	1.00001058969605
37.375	27.75	1.00003011241135	0.400039728249827	-0.000665859676108529	0.00175947586830895	1.00001957306738
0.125	28.25	-3.69986807728337e-12	0.40000121289616	8.23262804372258e-05	18.0165027714372	0.349999999997595
0.375	28.25	-5.58175811162114e-12	0.800003640842619	8.26420850483369e-05	17.9465025591637	0.349999999996372
0.625	28.25	-7.27744387642825e-12	0.800006075231939	8.32748052748889e-05	17.8765021342396	0.34999999999527
0.875	28.25	-6.23718891249601e-12	0.800008520316673	8.42266682274027e-05	17.8065014959138	0.349999999995946
1.125	28.25	5.11305723345863e-13	0.800010980285321	8.55010273657426e-05	17.736500643065	0.350000000000332
1.375	28.25	1.5599165115761e-11	0.800013459233588	8.71023779471817e-05	17.6664995742083	0.350000000010139
1.625	28.25	3.9936769122859e-11	0.800015961134123	8.90363776829126e-05	17.5964982875049	0.350000000025959
1.875	28.25	7.09479109649668e-11	0.800018489802686	9.13098725996439e-05	17.5264967807743	0.350000000046116
2.125	28.25	1.00867835039906e-10	0.800021048860527	9.39309284204326e-05	17.4564950515107	0.350000000065564
2.375	28.25	1.15770369779009e-10	0.800023641691792	9.69088672547915e-05	17.386493096902	0.350000000075251
2.625	28.25	9.61119748565304e-11	0.800026271394428	0.000100254309786978	17.3164909138535	0.350000000062473
2.875	28.25	1.95393700724152e-11	0.800028940723943	0.000103979222962398	17.2464884990161	0.350000000012701
3.125	28.25	-1.33533455394267e-10	0.800031652028463	0.00010809697335122	17.1764858488187	0.349999999913203
3.375	28.25	-3.71514380223691e-10	0.800034407172726	0.000112622385702927	17.1064829595065	0.349999999758516
3.625	28.25	-6.80958652429614e-10	0.800037207450532	0.000117571807119716	17.036479827184	0.349999999557377
3.875	28.25	-1.015043232704e-09	0.800040053482025	0.000122963176109213	16.9664764478665	0.349999999340222
4.125	28.25	-1.28367254296799e-09	0.800042945094461	0.000128816096715393	16.8964728175378	0.349999999165613
4.375	28.25	-1.34894110740347e-09	0.800045881183403	0.000135151916656483	16.82646893222	0.349999999123188
4.625	28.25	-1.03085128113781e-09	0.800048859551025	0.00014199380927805	16.7564647880544	0.349999999329947
4.875	28.25	-1.28792873863649e-10	0.800051876718811	0.000149366858018093	16.6864603814006	0.349999999916285
5.125	28.25	1.53633356849679e-09	0.800054927711126	0.000157298142265374	16.6164557089567	0.350000000998617
5.375	28.25	4.05694007649105e-09	0.800058005804396	0.000165816822875559	16.5464507679063	0.350000002637011
5.625	28.25	7.35271075392615e-09	0.80006110223843	0.000174954225008587	16.4764455561001	0.350000004779262
5.875	28.25	1.1072407397681e-08	0.800064205882151	0.000184743915618834	16.4064400722756	0.350000007197065
6.125	28.25	1.44999990323903e-08	0.800067302846823	0.000195221771162737	16.3364343163227	0.350000009424999
6.375	28.25	1.64895637418059e-08	0.800070376037022	0.000206426030775075	16.2664282895956	0.350000010718216
6.625	28.25	1.54602518570859e-08	0.800073404628058	0.000218397327572397	16.1964219952737	0.350000010049164
6.875	28.25	9.48677241443289e-09	0.800076363455083	0.000231178688940708	16.1264154387669	0.350000006166402
7.125	28.25	-3.47924479886253e-09	0.800079222299124	0.000244815493893699	16.0564086281587	0.349999997738491
7.375	28.25	-2.5227567516287e-08	0.800081945048821	0.000259355371601171	15.98640157468	0.349999983602081
7.625	28.25	-5.67308653656225e-08	0.800084488717246	0.000274848021601347	15.9163942931993	0.349999963124938
7.875	28.25	-9.74137483353636e-08	0.800086802287072	0.00029134493008964	15.8463868027229	0.349999936681064
8.125	28.25	-1.44282848781044e-07	0.800088825355705	0.000308898951129514	15.7763791268979	0.349999906216148
8.375	28.25	-1.90988990542878e-07	0.800090486546528	0.000327563713325413	15.7063712945226	0.349999875857156
8.625	28.25	-2.2693815637768e-07	0.800091701649106	0.000347392803370445	15.6363633400838	0.349999852490198
8.875	28.25	-2.36621250617685e-07	0.800092371445873	0.000368438666084891	15.5663553043621	0.349999846196187
9.125	28.25	-1.99392589942522e-07	0.800092379178254	0.000390751145383375	15.4963472351743	0.349999870394817
9.375	28.25	-8.99917179855179e-08	0.800091587599354	0.000414375571439219	15.4263391883651	0.349999941505383
9.625	28.25	1.19831283704713e-07	0.800089835558145	0.000439350273335264	15.3563312292011	0.350000077890334
9.875	28.25	4.5816741705493e-07	0.800086934054407	0.000465703362342204	15.2863234343828	0.350000297808821
10.125	28.25	9.47816648292327e-07	0.800082661704767	0.000493448584691795	15.2163158949478	0.350000616080821
10.375	28.25	1.5987075699837e-06	0.800076759559915	0.000522579980935031	15.1463087204105	0.35000103915992
10.625	28.25	2.39746527805454e-06	0.80006892521738	0.000553065007066002	15.0763020445446	0.350001558352431
10.875	28.25	3.29388604912597e-06	0.800058806180442	0.000584835664837802	15.0062960332649	0.350002141025932
11.125	28.25	4.18438561956953e-06	0.80004599242237	0.000617777049749299	14.9362908950886	0.350002719850653
11.375	28.25	4.89299242729307e-06	0.800030008124797	0.000651712549559395	14.8662868946224	0.350003180445078
11.625	28.25	5.15120852871135e-06	0.800010302569312	0.0006863847089644	14.7962843694091	0.350003348285544
11.875	28.25	4.57910189231514e-06	0.799986240171096	0.000721430514386795	14.7262837502415	0.35000297641623
12.125	28.25	2.67134980459543e-06	0.799957089655032	0.000756349549528967	14.6562855846638	0.350001736377373
12.375	28.25	-1.20637873531396e-06	0.799922012388853	0.000790463132718052	14.5862905627975	0.349999215853822
12.625	28.25	-7.80337520689768e-06	0.799880049914026	0.000822862190731225	14.5162995438098	0.349994927806116
12.875	28.25	-1.7942731269936e-05	0.799830110763169	0.000852341281037018	14.4463135802471	0.349988337224674
13.125	28.25	-3.24414540165789e-05	0.799770956739863	0.000877315896410662	14.37633393608	0.349978913054889
13.375	28.25	-5.19782189066909e-05	0.799701188987577	0.000895720050631038	14.3063620926363	0.349966214157711
13.625	28.25	-7.68934510645434e-05	0.799619234415086	0.000904881263944078	14.2363997346711	0.349950019256808
13.875	28.25	-0.000106905333838613	0.799523333410538	0.000901370599101361	14.1664487066875	0.349930511533005
14.125	28.25	-0.000140725035664249	0.799411530287361	0.000880826553881177	14.0965109273567	0.349908528726818
14.375	28.25	-0.000175555070102599	0.799281668588266	0.000837753667199319	14.0265882476025	0.349885889204433
14.625	28.25	-0.000206456316726789	0.799131394212386	0.000765299983088122	13.9566822357182	0.349865803394128
14.875	28.25	-0.000225571775006123	0.798958170286894	0.000655022441097224	13.8867938709151	0.349853378346246
15.125	28.25	-0.000221198423939604	0.798759308663927	0.000496656264922111	13.8169231250477	0.349856221024439
15.375	28.25	-0.000176702349890962	0.798532023692148	0.000277913934671086	13.7470684110459	0.349885143472571
15.625	28.25	-6.92762902602048e-05	0.798273514179308	-1.56483192796363e-05	13.6772258758599	0.349954970411331
15.875	28.25	0.00013145729488199	0.79798107877865	-0.00040064330601721	13.6073885155777	0.350085447241673
16.125	28.25	0.000464990572196801	0.797652267814148	-0.000895674029555789	13.5375450908774	0.350302243871928
16.375	28.25	0.000981610793465821	0.79728507010837	-0.00152087340037993	13.4676788222923	0.350638047015753
16.625	28.25	0.00174420015941389	0.796878125994144	-0.00229705524473088	13.3977658471542	0.351133730103619
16.875	28.25	0.00283013056671503	0.796430946879195	-0.00324435781405199	13.3277734239932	0.351839584868365
17.125	28.25	0.00433321679925559	0.79594410757251	-0.00438026219945455	13.2576578762805	0.352816590919516
17.375	28.25	0.00636567396191503	0.795419361286531	-0.00571689145900344	13.1873622765582	0.354137688075245
17.625	28.25	0.00906000000124103	0.79485961185538	-0.00725755357774757	13.1168138851821	0.355889000000807
17.875	28.25	0.0125706716741227	0.794268668874288	-0.00899259497803261	13.0459213759441	0.35817093658818
18.125	28.25	0.0170755035321002	0.793650717645488	-0.0108947907659446	12.9745719041017	0.361099077295865
18.375	28.25	0.0227764773630474	0.793009467613175	-0.0129147142199005	12.9026281002976	0.364804710285981
18.625	28.25	0.0298998082917362	0.792347010400369	-0.0149767856828006	12.829925104651	0.369434875389629
18.875	28.25	0.0386949772520084	0.791662525671772	-0.0169769597488458	12.7562677856666	0.375151735213805
19.125	28.25	0.0494324285812868	0.790951110110254	-0.0187831996641368	12.6814283142222	0.382131078577836
19.375	28.25	0.0623996004419863	0.790203140342823	-0.0202399140477761	12.6051442796926	0.390559740287291
19.625	28.25	0.0778949105280272	0.789404658544325	-0.0211772909825063	12.5271175417428	0.400631691843218
19.875	28.25	0.096219239779217	0.788539217883229	-0.0214258813572931	12.4470140115827	0.412542505856491
20.125	28.25	0.11766432757172	0.787591382666065	-0.0208358466266596	12.3644645627726	0.426481812921618
20.375	28.25	0.142497328278199	0.786551634615558	-0.0192990874311701	12.2790673043044	0.442623263380829
20.625	28.25	0.170940665104666	0.785421871666234	-0.0167712186704502	12.1903915297314	0.461111432318033
20.875	28.25	0.203146445020132	0.784220178936286	-0.0132893710352277	12.0979837943016	0.482045189263086
21.125	28.25	0.23916537600917	0.782983340437277	-0.00898146162721711	12.0013767389645	0.50545749440596
21.375	28.25	0.278911694316416	0.781765838766293	-0.00406325081593993	11.9001013864623	0.531292601305671
21.625	28.25	0.322128207002389	0.780634887289296	0.00117861317594712	11.793703526066	0.559383334551553
21.875	28.25	0.368358772438343	0.77966214731171	0.00641643035038697	11.681764302655	0.589433202084923
22.125	28.25	0.416938123410723	0.778913806147083	0.0113197295002719	11.5639241365397	0.62100978021697
22.375	28.25	0.467008940703631	0.778441228243712	0.0155949708154285	11.4399077444425	0.65355581145736
22.625	28.25	0.517571814687515	0.77827423550585	0.0190188718214653	11.3095467288391	0.686421679546885
22.875	28.25	0.567565225320019	0.778418312109943	0.0214590831731337	11.17279557609	0.718917396458012
23.125	28.25	0.615962654634996	0.778855966955921	0.022879291726072	11.0297374802493	0.750375725512747
23.375	28.25	0.661867008336498	0.779551477165783	0.0233297516143861	10.8805782539736	0.780213555418723
23.625	28.25	0.704582444629657	0.780457559156648	0.0229273559992421	10.7256291479226	0.807978589009277
23.875	28.25	0.743650814848035	0.781522321303112	0.0218308026536236	10.5652817367332	0.833373029651223
24.125	28.25	0.778850749332514	0.782695137209556	0.020216106718402	10.3999793160842	0.856252987066134
24.375	28.25	0.810167052533372	0.783930673860856	0.0182562238209565	10.2301891916568	0.876608584146692
24.625	28.25	0.837743111754979	0.785190956107147	0.0161066417824718	10.0563791156341	0.894533022640736
24.875	28.25	0.861828994584485	0.786445824038198	0.0138971239118853	9.87899954968623	0.910188846479915
25.125	28.25	0.882734540591455	0.787672347704177	0.0117286793631762	9.69847198374323	0.923777451384446
25.375	28.25	0.900792363280332	0.788853741637253	0.00967433742630257	9.51518254869317	0.935515036132216
25.625	28.25	0.916331954912786	0.789978174120498	0.00778227159717927	9.32947969054579	0.945615770693311
25.875	28.25	0.929663723669723	0.791037693557952	0.00608005808626053	9.14167461299215	0.95428142038532
26.125	28.25	0.94107073562258	0.792027356586155	0.00457919170329489	8.95204337709917	0.961695978154677
26.375	28.25	0.950805789905457	0.792944558218709	0.00327930919798548	8.76082982390236	0.968023763438547
26.625	28.25	0.959091797785586	0.793788526259087	0.00217183272683773	8.56824876116355	0.973409668560631
26.875	28.25	0.966123947372946	0.794559934273876	0.00124293068533045	8.37448908172248	0.977980565792415
27.125	28.25	0.972072631267444	0.795260594439494	0.000475807923118616	8.17971664421953	0.981847210323838
27.375	28.25	0.977086514258134	0.795893203215164	-0.000147601118607395	7.98407685288414	0.985106234267787
27.625	28.25	0.981295405256227	0.796461123560849	-0.000645437489672429	7.78769693441132	0.987842013416548
27.875	28.25	0.984812785535066	0.796968195247988	-0.00103511897636111	7.59068794036442	0.990128310597793
28.125	28.25	0.987737957749891	0.797418569554815	-0.00133284416515206	7.39314651453209	0.992029672537429
28.375	28.25	0.990157840411256	0.797816566968347	-0.00155331989678493	7.1951564646909	0.993602596267316
28.625	28.25	0.992148459316764	0.798166557268589	-0.00170964779021371	6.99679017294203	0.994896498555897
28.875	28.25	0.993776194507677	0.798472861269131	-0.0018133196649707	6.79810987167563	0.99595452642999
29.125	28.25	0.995098837722218	0.798739673036971	-0.00187428391391077	6.59916880520859	0.996814244519442
29.375	28.25	0.996166506801204	0.798971000919871	-0.00190105490402534	6.40001229118027	0.997508229420783
29.625	28.25	0.997022453463024	0.799170625325573	-0.00190084540759029	6.2006786912078	0.998064594750966
29.875	28.25	0.997703791182483	0.799342070977977	-0.00187970815398711	6.00120029709322	0.998507464268614
30.125	28.25	0.998242161513493	0.799488591318503	-0.00184267716023352	5.80160413686104	0.998857404983771
30.375	28.25	0.998664350454214	0.799613162795642	-0.00179390285408461	5.60191270384421	0.999131827795239
30.625	28.25	0.998992861404635	0.799718486954164	-0.00173677741895658	5.40214461167411	0.999345359913013
30.875	28.25	0.999246447771851	0.799806998459926	-0.00167404849112949	5.20231517813385	0.999510191051703
31.125	28.25	0.999440606108756	0.799880877446532	-0.00160792050795734	5.0024369412059	0.999636393970691
31.375	28.25	0.999588029559362	0.799942064822467	-0.00154014378245727	4.80252011113051	0.999732219213585
31.625	28.25	0.99969902105018	0.799992279417147	-0.00147209187285412	4.60257296277373	0.999804363682617
31.875	28.25	0.999781865844215	0.800033036063132	-0.00140482810765159	4.40260217301003	0.999858212798739
32.125	28.25	0.999843163528159	0.800065663909271	-0.00133916227902756	4.20261310811212	0.999898056293304
32.375	28.25	0.999888120067971	0.800091324438127	-0.00127569857586485	4.00261006629738	0.999927278044181
32.625	28.25	0.999920801183131	0.800111028824114	-0.0012148758249113	3.8025964806048	0.999948520769035
32.875	28.25	0.999944349017861	0.800125654410837	-0.00115700106507198	3.60257508717013	0.99996382686161
33.125	28.25	0.999961165056473	0.800135960187979	-0.00110227740418345	3.40254806371488	0.999974757286708
33.375	28.25	0.999973063458553	0.80014260117716	-0.0010508270011776	3.20251714264275	0.999982491248059
33.625	28.25	0.999981400110335	0.800146141568355	-0.00100270988098546	3.00248370254135	0.999987910071718
33.875	28.25	0.99998718272979	0.800147066311096	-0.000957939143257009	2.80244884120055	0.999991668774364
34.125	28.25	0.999991164929306	0.800145790787148	-0.000916493018838808	2.6024134327161	0.999994257204049
34.375	28.25	0.999993921388325	0.800142668416376	-0.00087832423979865	2.40237817122859	0.999996048902411
34.625	28.25	0.999995893785086	0.80013799682447	-0.000843367388416608	2.202343604686	0.999997330960306
34.875	28.25	0.999997393781861	0.800132024508301	-0.000811545240753414	2.00231016356021	0.999998305958209
35.125	28.25	0.999998560234535	0.800124961088748	-0.000782775358999929	1.80227819050372	0.999999064152448
35.375	28.25	0.999999301904252	0.800116993673106	-0.000756977782263787	1.60224797506831	0.999999546237764
35.625	28.25	0.999999310064221	0.800108307569665	-0.000734083018335445	1.40221979007706	0.999999551541743
35.875	28.25	0.99999826460408	0.800099100865612	-0.000714036574917731	1.20219391270504	0.999998871992652
36.125	28.25	0.999996315017264	0.800089572497095	-0.000696793342168275	1.00217059996546	0.999997604761222
36.375	28.25	0.999994717172118	0.800079862140003	-0.000682295676676958	0.802149990684497	0.999996566161877
36.625	28.25	0.99999613700699	0.800069942279461	-0.000670437770358952	0.602131945472756	0.999997489054543
36.875	28.25	1.00000376246589	0.800059514882809	-0.000661038358354291	0.40211592371568	1.00000244560283
37.125	28.25	1.00001842537509	0.800043456575117	-0.000653868741879103	0.202101106158822	1.00001197649381
37.375	28.25	1.00003401830164	0.400046991292474	-0.000649315315784253	0.00208931205936112	1.00002211189607
0.125	28.75	-3.66302076484758e-12	0.400001524397405	7.68516900475689e-05	18.0164887881235	0.349999999997619
0.375	28.75	-5.52304685169468e-12	0.800004576482381	7.7156615916172e-05	17.9464885213367	0.34999999999641
0.625	28.75	-7.1945283008743e-12	0.800007638424159	7.7767617107492e-05	17.8764879871874	0.349999999995323
0.875	28.75	-6.15307309350005e-12	0.800010716770541	7.86869990019702e-05	17.8064871845258	0.349999999996
1.125	28.75	5.40962570750256e-13	0.800013818034434	7.99182357172661e-05	17.7364861116301	0.350000000000352
1.375	28.75	1.54844005391172e-11	0.800016948677053	8.14659895408083e-05	17.66648476621	0.350000000010065
1.625	28.75	3.95644180649783e-11	0.800020115089441	8.33361368815674e-05	17.5964831454122	0.350000000025717
1.875	28.75	7.02114968151939e-11	0.800023323571307	8.55358014708318e-05	17.5264812458278	0.350000000045637
2.125	28.75	9.97191370661765e-11	0.800026580305927	8.80733943225232e-05	17.4564790635016	0.350000000064817
2.375	28.75	1.1428989732486e-10	0.800029891330556	9.09586612047759e-05	17.3864765939447	0.350000000074288
2.625	28.75	9.45878350248912e-11	0.800033262500573	9.42027379340137e-05	17.3164738321489	0.350000000061482
2.875	28.75	1.853527954116e-11	0.800036699447387	9.78182135953262e-05	17.2464707726055	0.350000000012048
3.125	28.75	-1.33148563944612e-10	0.800040207527188	0.000101819202244028	17.1764674093267	0.349999999913453
3.375	28.75	-3.68609149758584e-10	0.800043791759832	0.000106221423431431	17.1064637358714	0.349999999760404
3.625	28.75	-6.74291602863095e-10	0.800047456755704	0.000111042291968666	17.0364597453753	0.34999999956171
3.875	28.75	-1.00355939692568e-09	0.800051206627994	0.000116301017497817	16.966455430587	0.349999999347686
4.125	28.75	-1.26696816873837e-09	0.800055044888433	0.000122018713869121	16.8964507839103	0.349999999176471
4.375	28.75	-1.32789539538971e-09	0.800058974322783	0.000128218519401238	16.8264457974558	0.349999999136868
4.625	28.75	-1.00838050620358e-09	0.800062996842852	0.000134925727635259	16.7564404631044	0.349999999344553
4.875	28.75	-1.10616807688353e-10	0.800067113312181	0.00014216792939722	16.6864347725858	0.349999999928099
5.125	28.75	1.54110759163138e-09	0.800071323339765	0.000149975166332277	16.6164287175782	0.35000000100172
5.375	28.75	4.03570281033867e-09	0.80007562503773	0.000158380095491197	16.5464222898341	0.350000002623207
5.625	28.75	7.29007410876128e-09	0.800080014736142	0.0001674181654471	16.4764154813389	0.350000004738548
5.875	28.75	1.09521717262601e-08	0.80008448664802	0.00017712780264381	16.4064082845088	0.350000007118912
6.125	28.75	1.43087356686962e-08	0.800089032473755	0.000187550607357963	16.3364006924336	0.350000009300678
6.375	28.75	1.62220413323358e-08	0.800093640933783	0.000198731557012857	16.2663926991674	0.350000010544327
6.625	28.75	1.51266642455167e-08	0.800098297215364	0.00021071921376109	16.1963843000696	0.350000009832332
6.875	28.75	9.12132456908092e-09	0.800102982314402	0.000223565931959789	16.1263754921935	0.350000005928861
7.125	28.75	-3.80934328361876e-09	0.800107672252121	0.00023732805870498	16.0563662747186	0.349999997523927
7.375	28.75	-2.54142081500702e-08	0.800112337140944	0.000252066118825704	15.9863566494186	0.349999983480765
7.625	28.75	-5.66202712625911e-08	0.800116940068282	0.000267844971657866	15.9163466211582	0.349999963196824
7.875	28.75	-9.68072271429889e-08	0.800121435763981	0.000284733924091689	15.8463361984117	0.349999937075302
8.125	28.75	-1.42945579050871e-07	0.8001257690083	0.000302806778790329	15.7763253938048	0.349999907085374
8.375	28.75	-1.88669122695124e-07	0.800129872730696	0.000322141791262146	15.7063142246876	0.34999987736507
8.625	28.75	-2.23397922485576e-07	0.800133665741489	0.000342821501673211	15.6363027137673	0.34999985479135
8.875	28.75	-2.31680942819542e-07	0.800137050025998	0.000364932398465536	15.5662908898511	0.349999849407387
9.125	28.75	-1.92987475742627e-07	0.80013990752006	0.000388564358721641	15.4962787887808	0.349999874558141
9.375	28.75	-8.22417355655439e-08	0.8001420962698	0.000413809794493179	15.4262664546857	0.349999946542872
9.625	28.75	1.28538075857698e-07	0.800143445861888	0.000440762413556195	15.3562539417283	0.350000083549749
9.875	28.75	4.67073124969509e-07	0.800143751991056	0.000469515474247366	15.2862413165837	0.350000303597531
10.125	28.75	9.55661873394602e-07	0.800142770007349	0.000500159375847836	15.2162286619592	0.350000621180218
10.375	28.75	1.60354603936784e-06	0.800140207259149	0.000532778373266112	15.1462160815451	0.350001042304926
10.625	28.75	2.39638317004238e-06	0.80013571401331	0.000567446134493283	15.0762037068604	0.350001557649061
10.875	28.75	3.28256069647828e-06	0.800128872691561	0.00060421976531401	15.0061917065299	0.350002133664453
11.125	28.75	4.15639032514182e-06	0.800119185107325	0.000643131802561528	14.9361802985729	0.350002701653711
11.375	28.75	4.83872642855673e-06	0.800106057315147	0.000684179518198188	14.8661697662831	0.350003145172179
11.625	28.75	5.05631268522989e-06	0.800088781591355	0.000727310676038315	14.7961604782075	0.350003286603245
11.875	28.75	4.42222714106066e-06	0.800066514943996	0.000772404635019588	14.7261529125471	0.350002874447642
12.125	28.75	2.42120211200276e-06	0.800038253397489	0.000819247396477634	14.6561476859748	0.350001573781373
12.375	28.75	-1.59464781342255e-06	0.800002801113474	0.000867498849103632	14.5861455863426	0.349998963478921
12.625	28.75	-8.39207306869797e-06	0.79995873319468	0.00091665008560295	14.5161476079961	0.349994545152505
12.875	28.75	-1.88149508029514e-05	0.799904350783896	0.000965968270658103	14.4461549873879	0.349987770281978
13.125	28.75	-3.37021042742267e-05	0.79983762683487	0.00101442617205074	14.3761692353589	0.349978093632222
13.375	28.75	-5.37497249562763e-05	0.799756140725538	0.00106061318908396	14.3061921608256	0.349965062678778
13.625	28.75	-7.93011177893348e-05	0.799656999753297	0.00110262462404812	14.2362258786812	0.349948454273437
13.875	28.75	-0.000110044521877037	0.799536745557612	0.00113792618574646	14.1662727925133	0.34992847106078
14.125	28.75	-0.00014459830959317	0.799391243736981	0.00116319148700169	14.0963355403212	0.349906011098764
14.375	28.75	-0.000179962049363497	0.799215555460636	0.00117411186875732	14.0264168888254	0.349883024667914
14.625	28.75	-0.000210811770616103	0.799003790830621	0.00116518059617271	13.9565195592884	0.3498629723491
14.875	28.75	-0.000228618249877137	0.798748945247209	0.00112945775415541	13.8866459650608	0.34985139813758
15.125	28.75	-0.000220568134808063	0.798442722184763	0.00105832852213476	13.8167978383868	0.349856630712375
15.375	28.75	-0.000168269116048917	0.798075348700085	0.000941276466137832	13.7469757213859	0.349890625074568
15.625	28.75	-4.62221103643652e-05	0.797635393727068	0.000765705546847674	13.677178293602	0.349969955628263
15.875	28.75	0.000179954268508941	0.797109603752827	0.000516860011582051	13.6074015061264	0.350116970274531
16.125	28.75	0.000555558189082768	0.796482775697784	0.000177910083766639	13.537637490187	0.350361112822904
16.375	28.75	0.00113910339134583	0.795737692468492	-0.000269707581159895	13.4678732065012	0.350740417204375
16.625	28.75	0.00200487739710936	0.79485515226706	-0.000845584699964047	13.3980888011435	0.351303170308121
16.875	28.75	0.00324573683724393	0.793814127693349	-0.00156914500224483	13.3282556349944	0.352109728944209
17.125	28.75	0.00497608949579125	0.792592094223334	-0.00245782584905474	13.2583339583075	0.353234458172264
17.375	28.75	0.00733497000516658	0.791165569065942	-0.00352452564832437	13.1882702112166	0.354767730503358
17.625	28.75	0.0104890551737795	0.789510900266427	-0.0047742613644502	13.1179939471732	0.356817885862957
17.875	28.75	0.0146353829297226	0.787605342415754	-0.00620009136422865	13.0474144014803	0.35951299890432
18.125	28.75	0.020003434935356	0.785428450384185	-0.00777853844999457	12.9764167631253	0.363002232707981
18.375	28.75	0.0268561189542676	0.782963817562241	-0.00946499954172841	12.904858256002	0.367456477320274
18.625	28.75	0.0354890486845299	0.780201180802527	-0.0111899321488279	12.8325641948843	0.373067881644944
18.875	28.75	0.0462273767952611	0.777138907846466	-0.0128569065616724	12.7593242497983	0.38004779491692
19.125	28.75	0.0594193098871945	0.773786864741646	-0.0143438045614806	12.6848892252012	0.388622551426676
19.375	28.75	0.0754253535902068	0.770169611235682	-0.0155083922743913	12.6089687311697	0.399026479833634
19.625	28.75	0.0946023550390153	0.766329764549755	-0.0161990596033308	12.531230184669	0.41149153077536
19.875	28.75	0.117281612874426	0.762331183606889	-0.0162706326313261	12.4512996207734	0.426233048368377
20.125	28.75	0.143740830409298	0.758261360839451	-0.0156039053886023	12.3687648057028	0.443431539766043
20.375	28.75	0.174170628402279	0.754232125209119	-0.0141261721781582	12.2831811120992	0.463210908461481
20.625	28.75	0.208637792030303	0.750377584088028	-0.0118289988208785	12.194080523959	0.485614564819697
20.875	28.75	0.247049316584156	0.746848334560112	-0.00877920468002217	12.1009839617627	0.510582055779701
21.125	28.75	0.289123251591645	0.743801500253197	-0.00511982239560326	12.0034168359439	0.537930113534569
21.375	28.75	0.334373586483829	0.741387107361702	-0.00105960757000232	11.9009273392981	0.567342831214489
21.625	28.75	0.3821160519213	0.739732493641741	0.00314794225553509	11.7931064951696	0.598375433748845
21.875	28.75	0.431499057271891	0.738927434830099	0.00723280334196525	11.679608452052	0.630474387226729
22.125	28.75	0.481559162402769	0.739013011427185	0.0109390725821266	11.5601690720322	0.6630134555618
22.375	28.75	0.53129466238037	0.739976660402737	0.0140528397207694	11.4346206535739	0.69534153054724
22.625	28.75	0.579745982479246	0.741754468566799	0.0164228480630397	11.3029008059371	0.72683488861151
22.875	28.75	0.626069485053178	0.744240044773959	0.0179711603950654	11.1650541249722	0.756945165284566
23.125	28.75	0.669592837075745	0.747297871754293	0.0186931329243475	11.0212263376928	0.785235344099234
23.375	28.75	0.709844722665701	0.750778339159357	0.0186480259891024	10.8716517567798	0.811399069732706
23.625	28.75	0.746557734907699	0.754531803777461	0.0179431017717027	10.716635896194	0.835262527690005
23.875	28.75	0.779648748318859	0.758419789298357	0.0167147724276909	10.556535666399	0.856771686407258
24.125	28.75	0.809184473333261	0.7623224476739	0.0151101974614023	10.3917395746699	0.87596990766662
24.375	28.75	0.835340729666846	0.766142311956253	0.0132718782592676	10.2226498827608	0.89297147428345
24.625	28.75	0.858362693805544	0.769804977513897	0.0113266237280285	10.0496679371895	0.907935750973604
24.875	28.75	0.878530948974368	0.77325761505809	0.00937913878884413	9.87318312904443	0.921045116833339
25.125	28.75	0.896135584286586	0.776466214268854	0.00750966887056247	9.69356533750498	0.932488129786281
25.375	28.75	0.911458523559526	0.779412292675059	0.00577470160226053	9.51116033963402	0.942448040313692
25.625	28.75	0.924762975657834	0.782089583823086	0.00420963156208744	9.32628751724764	0.951095934177592
25.875	28.75	0.936288336606154	0.784501011223139	0.00283242135082808	9.13923920070114	0.958587418794
26.125	28.75	0.946248833459431	0.786656093568307	0.00164752493085974	8.95028108936758	0.96506174174863
26.375	28.75	0.954834451105526	0.78856881900645	0.000649588795596955	8.75965332168337	0.970642393218592
26.625	28.75	0.962213043189209	0.790255963963282	-0.00017333801370911	8.5675718964767	0.975438478072986
26.875	28.75	0.96853288255823	0.791735802261655	-0.000837193023477666	8.37423025330938	0.979546373662849
27.125	28.75	0.973925199110919	0.793027140935527	-0.0013598904150267	8.17980089752941	0.983051379422097
27.375	28.75	0.978506467886009	0.794148620898889	-0.00175985319319166	7.98443700797801	0.986029204125906
27.625	28.75	0.98238035356205	0.795118227484315	-0.00205500081578215	7.78827399729363	0.988547229815333
27.875	28.75	0.985639304063693	0.795952964311365	-0.00226209938417108	7.59143101244876	0.9906655476414
28.125	28.75	0.988365831853916	0.796668652221675	-0.00239638756785149	7.3940123716422	0.992437790705045
28.375	28.75	0.990633540640274	0.797279822382665	-0.0024714034607269	7.19610893678351	0.993911801416178
28.625	28.75	0.992507958213806	0.797799678913429	-0.00249895146524494	6.99779942117006	0.995130172838974
28.875	28.75	0.994047230341439	0.79824011156708	-0.00248916173398628	6.79915163121071	0.996130699721935
29.125	28.75	0.995302720840614	0.798611743245066	-0.00245060651245504	6.60022364013256	0.996946768546399
29.375	28.75	0.99631955209971	0.798924000567563	-0.00239044750583637	6.40106489098427	0.997607708864812
29.625	28.75	0.997137110021273	0.799185198513157	-0.00231459614075844	6.20171722609699	0.998139121513827
29.875	28.75	0.997789528493069	0.799402632383353	-0.00222787452398432	6.00221584048937	0.998563193520495
30.125	28.75	0.998306161368054	0.799582672136592	-0.00213416930797073	5.80259015742551	0.998899004889235
30.375	28.75	0.998712044595799	0.799730855550249	-0.00203657386066996	5.60286462533648	0.99916282898727
30.625	28.75	0.999028347464376	0.799851977773015	-0.0019375163787405	5.40305943647225	0.999368425851844
30.875	28.75	0.99927280966517	0.799950175679412	-0.00183887311153667	5.20319116884468	0.999527326282361
31.125	28.75	0.99946015982449	0.800029006080469	-0.00174206686542301	5.00327335415666	0.999649103885918
31.375	28.75	0.999602510982341	0.800091517319478	-0.00164815158035613	4.8033169754128	0.999741632138522
31.625	28.75	0.999709728969137	0.800140314123834	-0.00155788412504383	4.6033308987234	0.999811323829939
31.875	28.75	0.999789770479013	0.800177615823806	-0.00147178462669975	4.40332224442173	0.999863350811358
32.125	28.75	0.999848988643227	0.800205308214168	-0.001390186698856	4.20329670301221	0.999901842618097
32.375	28.75	0.999892404918894	0.800224989449586	-0.00131327890078348	4.00325880167091	0.999930063197281
32.625	28.75	0.999923947089043	0.800238010447217	-0.00124113868632424	3.80321212705068	0.999950565607878
32.875	28.75	0.999946654211285	0.800245510324555	-0.00117375999719974	3.60315951001524	0.999965325237335
33.125	28.75	0.999962850613426	0.800248447412311	-0.00111107553382646	3.40310317763375	0.999975852898727
33.375	28.75	0.999974292548535	0.800247626319385	-0.00105297459504998	3.20304487728677	0.999983290156548
33.625	28.75	0.99998229249247	0.800243721365505	-0.000999317217621456	3.00298597706566	0.999988490120105
33.875	28.75	0.999987826226348	0.800237296468127	-0.000949945182829524	2.80292754588153	0.999992087047126
34.125	28.75	0.999991625257182	0.800228821416954	-0.000904690337517818	2.60287041609779	0.999994556417168
34.375	28.75	0.999994250862343	0.800218684659701	-0.000863380674454068	2.40281523147971	0.999996263060523
34.625	28.75	0.999996137829546	0.800207203530645	-0.000825844796829242	2.20276248418455	0.999997489589205
34.875	28.75	0.999997592327263	0.800194634254881	-0.00079191571764163	2.00271254622515	0.999998435012721
35.125	28.75	0.999998740434923	0.800181185299913	-0.000761435167016906	1.80266570201318	0.9999991812827
35.375	28.75	0.999999461657461	0.800167036988517	-0.000734259193792571	1.60262218653179	0.999999650077349
35.625	28.75	0.999999400605657	0.800152365531523	-0.00071026428146483	1.40258222535943	0.999999610393677
35.875	28.75	0.999998193552839	0.800137359963903	-0.000689350380435322	1.20254605778343	0.999998825809345
36.125	28.75	0.999996000025249	0.800122209515235	-0.000671434474486755	1.00251390943525	0.999997400016412
36.375	28.75	0.999994207704867	0.8001070374756	-0.000656428809303647	0.802485883484154	0.999996235008163
36.625	28.75	0.999995769136749	0.800091781956369	-0.000644206221320953	0.602461783053624	0.999997249938887
36.875	28.75	1.00000421798169	0.800076081201797	-0.000634573551426122	0.402440974510984	1.0000027416881
37.125	28.75	1.00002047752172	0.800054206305978	-0.000627297922788932	0.202422523084072	1.00001331038912
37.375	28.75	1.00003777316499	0.400054200750431	-0.000622739156254391	0.00240843698915594	1.00002455255725
0.125	29.25	-3.6294418097426e-12	0.400001822747816	7.01573963962495e-05	18.0164758719593	0.349999999997641
0.375	29.25	-5.47414104556364e-12	0.800005472696584	7.04468455190281e-05	17.9464755529607	0.349999999996442
0.625	29.25	-7.13336902311426e-12	0.800009135997886	7.10269061130725e-05	17.8764749141844	0.349999999995363
0.875	29.25	-6.10496839908935e-12	0.800012821553729	7.18999104012649e-05	17.8064739540724	0.349999999996032
1.125	29.25	5.24982289632717e-13	0.800016538266369	7.30693755220667e-05	17.7364726702872	0.350000000000341
1.375	29.25	1.53304000846983e-11	0.800020295036323	7.45400263391435e-05	17.6664710597122	0.350000000009965
1.625	29.25	3.9189886574857e-11	0.800024100759129	7.631782629304e-05	17.5964691184519	0.350000000025473
1.875	29.25	6.95546043847234e-11	0.800027964319631	7.841001641214e-05	17.5264668418325	0.35000000004521
2.125	29.25	9.87829576690397e-11	0.800031894583082	8.08251631703575e-05	17.4564642244042	0.350000000064209
2.375	29.25	1.13196921092327e-10	0.800035900382864	8.35732154639596e-05	17.386461259944	0.350000000073578
2.625	29.25	9.36347846191848e-11	0.800039990502848	8.666557134691e-05	17.3164579414596	0.350000000060863
2.875	29.25	1.82328834926026e-11	0.800044173654467	9.01151553071484e-05	17.2464542611958	0.350000000011851
3.125	29.25	-1.32071826342279e-10	0.800048458445763	9.39365067138049e-05	17.1764502106415	0.349999999914153
3.375	29.25	-3.65266528772215e-10	0.800052853342719	9.81458804312623e-05	17.1064457805399	0.349999999762577
3.625	29.25	-6.67793079765576e-10	0.800057366618829	0.000102761360552158	17.0364409609005	0.349999999565934
3.875	29.25	-9.93293335526733e-10	0.800062006293235	0.000107802988319554	16.9664357410152	0.349999999354359
4.125	29.25	-1.25302597013758e-09	0.800066780052613	0.000113292905860892	16.8964301094779	0.349999999185533
4.375	29.25	-1.31162147365546e-09	0.800071695155599	0.000119255516414095	16.8264240542121	0.349999999147446
4.625	29.25	-9.92976967356325e-10	0.800076758315329	0.000125717663571783	16.7564175625065	0.349999999354565
4.875	29.25	-1.01668522748393e-10	0.800081975557295	0.000132708830505082	16.6864106210639	0.349999999933915
5.125	29.25	1.53538393145405e-09	0.800087352047056	0.000140261361422455	16.6164032160675	0.350000000998
5.375	29.25	4.00473268977643e-09	0.800092891883629	0.000148410707525421	16.5463953332712	0.350000002603076
5.625	29.25	7.22200174741509e-09	0.800098597851273	0.000157195699310582	16.4763869581184	0.350000004694301
5.875	29.25	1.08360211549306e-08	0.800104471121842	0.000166658847764074	16.4063780758976	0.350000007043414
6.125	29.25	1.41378866641262e-08	0.800110510897226	0.000176846676890311	16.3363686719384	0.350000009189626
6.375	29.25	1.5999114133536e-08	0.800116713979071	0.000187810089545662	16.2663587318532	0.350000010399424
6.625	29.25	1.4869662157303e-08	0.800123074249699	0.000199604768812281	16.1963482418248	0.35000000966528
6.875	29.25	8.87052564049205e-09	0.800129582044542	0.000212291616367244	16.1263371889392	0.350000005765842
7.125	29.25	-3.9847058290674e-09	0.800136223392965	0.000225937228796369	16.0563255615591	0.349999997409941
7.375	29.25	-2.54109375400376e-08	0.800142979097104	0.000240614411961126	15.9863133497319	0.349999983482891
7.625	29.25	-5.62998129766162e-08	0.800149823615509	0.00025640273202174	15.916300545626	0.349999963405122
7.875	29.25	-9.60002063106077e-08	0.800156723709018	0.000273389100704885	15.8462871439903	0.349999937599866
8.125	29.25	-1.41464760967011e-07	0.800163636799008	0.000291668389779663	15.7762731426407	0.349999908047905
8.375	29.25	-1.86333175144861e-07	0.800170508978304	0.000311344067827312	15.7062585429851	0.349999878883436
8.625	29.25	-2.2006790898234e-07	0.800177272601779	0.000332528848943819	15.6362433506191	0.349999856955859
8.875	29.25	-2.27310710255873e-07	0.800183843370142	0.000355345338917368	15.5662275760478	0.349999852248038
9.125	29.25	-1.87688150946891e-07	0.800190116800513	0.000379926659336206	15.4962112356251	0.349999878002702
9.375	29.25	-7.63597001803147e-08	0.800195963957197	0.000406417022449513	15.4261943528423	0.349999950366195
9.625	29.25	1.34330623462532e-07	0.800201226286518	0.000434972219733858	15.3561769601562	0.350000087314905
9.875	29.25	4.71674895269457e-07	0.800205709369457	0.000465759972789916	15.2861591016124	0.350000306588682
10.125	29.25	9.57423189441589e-07	0.800209175362497	0.000498960074962671	15.216140836593	0.350000622325073
10.375	29.25	1.60012385270994e-06	0.800211333848305	0.000534764223789661	15.1461222451091	0.350001040080504
10.625	29.25	2.38455025435649e-06	0.800211830751956	0.00057337540386884	15.0761034351429	0.350001549957665
10.875	29.25	3.25793376924061e-06	0.800210234897025	0.00061500662422948	15.0060845526294	0.35000211765695
11.125	29.25	4.1130225164596e-06	0.800206021666513	0.000659878737701447	14.9360657947317	0.350002673464636
11.375	29.25	4.76848823735557e-06	0.800198553094389	0.000708216966774003	14.866047427088	0.350003099517354
11.625	29.25	4.94796773071451e-06	0.800187053531146	0.000760245624643877	14.7960298056654	0.350003216179025
11.875	29.25	4.26010497884736e-06	0.800170579791861	0.000816180345293288	14.7260134037141	0.350002769068236
12.125	29.25	2.18339793450093e-06	0.800147984402068	0.000876216916362084	14.6559988440295	0.350001419208657
12.375	29.25	-1.93852910270509e-06	0.800117870192422	0.000940515541355403	14.585986936269	0.349998739956083
12.625	29.25	-8.88341968296626e-06	0.80007853406094	0.001009179043268	14.515978718372	0.349994225777206
12.875	29.25	-1.95083268301253e-05	0.800027897222952	0.00108222317089386	14.4459755001771	0.34998731958756
13.125	29.25	-3.46659307656771e-05	0.799963418721066	0.00115953680043099	14.3759789060692	0.349977467145002
13.375	29.25	-5.50632850247749e-05	0.79988198840529	0.00124082947892032	14.3059909119142	0.349964208864734
13.625	29.25	-8.10441801611446e-05	0.799779795067364	0.0013255634931405	14.2360138696358	0.349947321282895
13.875	29.25	-0.000112273603242335	0.79965216500977	0.00141286756328599	14.1660505105691	0.349927022157892
14.125	29.25	-0.000147300328347497	0.799493366160689	0.00150142949298799	14.0961039162159	0.349904254786574
14.375	29.25	-0.000182971567390202	0.799296373077469	0.00158936584628288	14.0261774422393	0.349881068481196
14.625	29.25	-0.000213671848557836	0.799052589020075	0.00167406822379036	13.9562745785122	0.349861113298437
14.875	29.25	-0.000230356819659765	0.798751523000094	0.00175202829932635	13.8863987247689	0.349850268067221
15.125	29.25	-0.000219351421080764	0.798380422665115	0.00181864785282935	13.816552857908	0.349857421576298
15.375	29.25	-0.000160880820904967	0.7979238684804	0.00186804604469201	13.7467390632241	0.349895427466412
15.625	29.25	-2.73018284165584e-05	0.797363341415172	0.00189288457877336	13.6769578977863	0.349982253811529
15.875	29.25	0.00021899724053457	0.796676785772792	0.0018842425632054	13.6072075498474	0.350142348206347
16.125	29.25	0.000628057906433266	0.795838201470249	0.0018315868934097	13.5374827536967	0.350408237639182
16.375	29.25	0.00126519721755744	0.794817316425275	0.0017229003771143	13.4677734150942	0.350822378191412
16.625	29.25	0.00221424712438363	0.79357940992117	0.00154504708533948	13.3980628990452	0.351439260630849
16.875	29.25	0.00358117143578464	0.792085381516939	0.00128446935719061	13.3283259303669	0.35232776143326
17.125	29.25	0.00549800169303944	0.790292185868527	0.00092831785160431	13.2585260600565	0.353573701100476
17.375	29.25	0.00812696722666089	0.78815377877969	0.000466106158178123	13.1886126593529	0.35528252869733
17.625	29.25	0.0116645984024944	0.785622738636971	-0.000108057544036429	13.1185174216872	0.357581988961621
17.875	29.25	0.0163454494866705	0.782652731791338	-0.00079269201281923	13.0481503838644	0.360624542166336
18.125	29.25	0.0224449142586785	0.779201968692557	-0.00157578727752151	12.9773955252207	0.364589194268141
18.375	29.25	0.030280392577154	0.775237734997492	-0.00243164100926841	12.9061060697862	0.36968225517515
18.625	29.25	0.0402098151858557	0.770741963206606	-0.00331829798590804	12.8340997028264	0.376136379870806
18.875	29.25	0.0526262652192217	0.765717624849719	-0.00417643468446585	12.761154018328	0.384207072392494
19.125	29.25	0.0679471899197022	0.760195472654753	-0.00493065582916834	12.6870026335851	0.394165673447806
19.375	29.25	0.0865965593907906	0.754240370749303	-0.00549406309124865	12.6113325320504	0.406287763604014
19.625	29.25	0.108978452502011	0.747956172852116	-0.00577650680541104	12.5337833104755	0.420835994126307
19.875	29.25	0.135441169834436	0.74148792603991	-0.00569611600845719	12.4539490855157	0.438036760392383
20.125	29.25	0.166232387541763	0.735020185889673	-0.00519265843702553	12.3713838188051	0.458051051902146
20.375	29.25	0.201448314760468	0.728770505802231	-0.0042403278304568	12.2856106932009	0.480941404594304
20.625	29.25	0.240983227867338	0.722977738847658	-0.00285709836688945	12.1961358552551	0.50663909811377
20.875	29.25	0.284489395635859	0.717885624698534	-0.00110813317800047	12.1024662895904	0.534918107163309
21.125	29.25	0.33135969257847	0.713723110784573	0.000898101135085068	12.0041308359704	0.565383800176005
21.375	29.25	0.380744037537014	0.710683782216399	0.003020723147979	11.9007025369733	0.597483624399059
21.625	29.25	0.431604769915287	0.70890738798211	0.00510248040884498	11.7918198638366	0.630543100444936
21.875	29.25	0.482805956753122	0.708466474242892	0.00698811228850931	11.6772041937603	0.663823871889529
22.125	29.25	0.533220974235909	0.709360407021814	0.00854196989483791	11.5566713718164	0.696593633253341
22.375	29.25	0.581836434280688	0.71151768336031	0.00966224901092645	11.4301362081427	0.728193682282447
22.625	29.25	0.627831856356378	0.714805791622177	0.0102899938105798	11.2976100158347	0.758090706631646
22.875	29.25	0.670622716085955	0.719046518839526	0.0104119967691212	11.1591923781844	0.785904765455871
23.125	29.25	0.709865519209477	0.724033908597852	0.0100577258877954	11.0150589557642	0.81141258748616
23.375	29.25	0.745432617280923	0.729552127571471	0.00929134301813257	10.8654472462987	0.8345312012326
23.625	29.25	0.777368907231613	0.735391104447756	0.00820058151881724	10.7106419297067	0.855289789700549
23.875	29.25	0.80584239938175	0.741358651094962	0.006884567030206	10.550960974324	0.873797559598138
24.125	29.25	0.831097657121025	0.747288595555015	0.00544252286515735	10.3867432181472	0.890213477128666
24.375	29.25	0.853417297095349	0.753045095337537	0.00396478031845779	10.2183377622363	0.904721243111977
24.625	29.25	0.873093432157125	0.758523708168695	0.00252680687534832	10.0460952471675	0.917510730902131
24.875	29.25	0.890408684152327	0.76364999326603	0.00118628685028896	9.8703609166706	0.928765644699013
25.125	29.25	0.905625183185414	0.768376447555688	-1.72071580498792e-05	9.69146928236681	0.938656369070519
25.375	29.25	0.91897955000059	0.772678503409348	-0.00106067028941919	9.50974016684658	0.947336707500384
25.625	29.25	0.930681931084429	0.776550177653341	-0.0019350095077194	9.32547590001694	0.954943255204879
25.875	29.25	0.940917476859413	0.779999805169413	-0.00264193341765152	9.13895946093736	0.961596359958618
26.125	29.25	0.949849054074711	0.783046141370848	-0.00319087346470371	8.95045338362579	0.967401885148562
26.375	29.25	0.957620365953355	0.785714991729112	-0.00359624100783568	8.76019927357756	0.972453237869681
26.625	29.25	0.964358970995768	0.78803642963562	-0.00387517045139068	8.56841780802275	0.976833331147249
26.875	29.25	0.970178929679168	0.790042596198504	-0.00404578577476462	8.37530911549322	0.980616304291459
27.125	29.25	0.975182972525893	0.791766033234275	-0.00412595645208645	8.18105344873183	0.983868932141831
27.375	29.25	0.979464186199428	0.793238478367186	-0.00413247143003791	7.98581207976512	0.986651721029628
27.625	29.25	0.983107271766304	0.794490043192418	-0.00408054672856123	7.7897283577723	0.989019726648097
27.875	29.25	0.986189455084516	0.795548696979311	-0.00398358425045217	7.59292887992835	0.991023145804935
28.125	29.25	0.988781134841792	0.796439985472207	-0.00385310943986109	7.3955247332723	0.992707737647164
28.375	29.25	0.990946347539901	0.797186924126705	-0.0036988286435601	7.19761277230221	0.994115125900936
28.625	29.25	0.992743116566441	0.797810015668485	-0.00352876042659764	6.99927690274475	0.995283025768187
28.875	29.25	0.994223738210296	0.798327351988738	-0.00334940710151497	6.80058934700582	0.996245429836692
29.125	29.25	0.995435043351381	0.798754769448747	-0.00316594270053864	6.60161187132373	0.997032778178398
29.375	29.25	0.996418660848595	0.799106034378662	-0.00298240145842631	6.40239695871404	0.997672129551587
29.625	29.25	0.997211297954126	0.79939304187987	-0.00280185677271816	6.20298891547587	0.998187343670182
29.875	29.25	0.997845044578585	0.799626016068617	-0.00262658488120235	6.00342490235977	0.99859927897608
30.125	29.25	0.998347701859968	0.799813703789099	-0.00245821047885029	5.8037358844955	0.998926006208979
30.375	29.25	0.998743131057488	0.799963556759433	-0.00229783349598904	5.60394749685019	0.999183035187367
30.625	29.25	0.999051616038664	0.800081899272011	-0.00214613753565962	5.40408082433053	0.999383550425131
30.875	29.25	0.99929023126678	0.800174080113357	-0.00200348122773737	5.20415309765245	0.999538650323407
31.125	29.25	0.999473206932597	0.800244608436707	-0.00186997415877312	5.0041783077716	0.999657584506188
31.375	29.25	0.999612283421926	0.800297274028596	-0.00174553919737581	4.804167743001	0.999747984224252
31.625	29.25	0.999717048394706	0.800335252852501	-0.00162996304020751	4.60413045394479	0.999816081456559
31.875	29.25	0.999795251117307	0.800361199003175	-0.00152293671417035	4.40407365207164	0.999866913226249
32.125	29.25	0.999853090122881	0.800377324325769	-0.00142408762840617	4.20400304816856	0.999904508579872
32.375	29.25	0.999895471634629	0.800385466992889	-0.0013330046045612	4.00392313709735	0.999932056562509
32.625	29.25	0.999926237452614	0.800387150324291	-0.00124925714380648	3.80383743526019	0.999952054344199
32.875	29.25	0.999948362292416	0.800383633092839	-0.00117241002317713	3.60374867699317	0.99996643549007
33.125	29.25	0.999964122059546	0.800375952476518	-0.0011020341522025	3.40365897574463	0.999976679338705
33.375	29.25	0.999975236293062	0.800364960658948	-0.0010377144575598	3.20356995533768	0.999983903590491
33.625	29.25	0.999982989589555	0.800351355825282	-0.000979055395128639	3.00348285586224	0.999988943233211
33.875	29.25	0.999988337066618	0.800335707981353	-0.000925684526836501	2.80339861789092	0.999992419093301
34.125	29.25	0.99999199617051	0.800318479797173	-0.000877254484477136	2.60331794804684	0.999994797510832
34.375	29.25	0.999994520364087	0.800300042832248	-0.000833443641770804	2.40324136892565	0.999996438236657
34.625	29.25	0.999996341334677	0.800280690337379	-0.00079395598761262	2.20316925738725	0.99999762186754
34.875	29.25	0.999997762446721	0.800260649318015	-0.000758521003055816	2.00310187709936	0.999998545590369
35.125	29.25	0.999998899393	0.800240095864056	-0.000726894558586046	1.80303941249958	0.99999928460545
35.375	29.25	0.999999605257323	0.80021917701041	-0.000698861494802178	1.60298200910687	0.99999974341726
35.625	29.25	0.999999481464217	0.800198037191548	-0.000674239095929639	1.40292981603686	0.999999662951741
35.875	29.25	0.999998123701125	0.800176836790977	-0.000652878042927065	1.20288301022977	0.999998780405731
36.125	29.25	0.99999570128189	0.800155738326405	-0.000634654840058518	1.00284176572858	0.999997205833229
36.375	29.25	0.999993726392676	0.800134834179019	-0.000619450189068764	0.802806134150699	0.999995922155239
36.625	29.25	0.999995422104237	0.800114016285793	-0.000607115552213258	0.602775850083849	0.999997024367754
36.875	29.25	1.00000464855252	0.800092850337452	-0.000597447487663867	0.402750181059784	1.00000302155914
37.125	29.25	1.0000224157431	0.800065022847087	-0.000590211637551586	0.202728075157735	1.00001457023301
37.375	29.25	1.00004131944627	0.400061237670455	-0.000585734965150673	0.00271171442402097	1.00002685764008
0.125	29.75	-3.6013734796675e-12	0.400002103295612	6.23053063289211e-05	18.0164642317915	0.349999999997659
0.375	29.75	-5.43771572157306e-12	0.800006315501731	6.25746292690157e-05	17.9464638636967	0.349999999996465
0.625	29.75	-7.09600734547995e-12	0.800010544553779	6.31144203827361e-05	17.8764631265247	0.349999999995388
0.875	29.75	-6.09162593820724e-12	0.800014801709247	6.39269783920637e-05	17.8064620183093	0.34999999999604
1.125	29.75	4.71732249573767e-13	0.800019098266429	6.50157721818982e-05	17.7364605360977	0.350000000000307
1.375	29.75	1.51563469024864e-11	0.800023445579067	6.63854661402081e-05	17.666458675946	0.350000000009852
1.625	29.75	3.88446083902774e-11	0.800027855070655	6.80419543635394e-05	17.5964564329135	0.350000000025249
1.875	29.75	6.90178329835864e-11	0.800032338246883	6.99924041209615e-05	17.5264538010571	0.350000000044862
2.125	29.75	9.81001876331977e-11	0.800036906706463	7.22453095394258e-05	17.4564507734234	0.350000000063765
2.375	29.75	1.12518177326818e-10	0.800041572149536	7.48105556138367e-05	17.3864473420411	0.350000000073137
2.625	29.75	9.32455020142279e-11	0.800046346382198	7.76994938327849e-05	17.3164434979129	0.35000000006061
2.875	29.75	1.85614440606192e-11	0.800051241318008	8.09250302500607e-05	17.2464392310064	0.350000000012065
3.125	29.75	-1.30487878072117e-10	0.800056268973387	8.45017270097538e-05	17.1764345302451	0.349999999915183
3.375	29.75	-3.61873100195937e-10	0.800061441457291	8.84459190084085e-05	17.1064293834986	0.349999999764783
3.625	29.75	-6.6218434625467e-10	0.800066770953243	9.27758468666237e-05	17.0364237775733	0.34999999956958
3.875	29.75	-9.8545373656274e-10	0.800072269691483	9.75118085439139e-05	16.9664176982031	0.349999999359455
4.125	29.75	-1.24364042324262e-09	0.800077949909827	0.00010267633102616	16.8964111300422	0.349999999191634
4.375	29.75	-1.30242299391974e-09	0.800083823800485	0.000108294365181186	16.8264040566601	0.349999999153425
4.625	29.75	-9.87068624156886e-10	0.800089903439905	0.00011439350616419	16.7563964605423	0.349999999358405
4.875	29.75	-1.03713943027003e-10	0.800096200698898	0.00012100424270454	16.6863883230993	0.349999999932586
5.125	29.75	1.51925485238691e-09	0.800102727128496	0.000128160239014189	16.6163796246889	0.350000000987516
5.375	29.75	3.96749566802545e-09	0.800109493817989	0.000135898653295391	16.5463703446555	0.350000002578872
5.625	29.75	7.15699356222568e-09	0.800116511218391	0.000144260498127761	16.4763604613939	0.350000004652046
5.875	29.75	1.07390525795302e-08	0.800123788924129	0.000153291047507896	16.4063499524415	0.350000006980384
6.125	29.75	1.40102934862471e-08	0.800131335404102	0.00016304029717599	16.3363387946046	0.350000009106691
6.375	29.75	1.58516611241284e-08	0.800139157668384	0.000173563484556012	16.2663269641214	0.35000001030358
6.625	29.75	1.47269711625081e-08	0.800147260857403	0.000184921676429749	16.1963144368624	0.350000009572531
6.875	29.75	8.77537984399702e-09	0.800155647733177	0.000197182431899589	16.1263011885657	0.350000005703997
7.125	29.75	-3.96820980449336e-09	0.800164318050082	0.000210420550739096	16.0562871951025	0.349999997420664
7.375	29.75	-2.5196829365392e-08	0.800173267776963	0.000224718916629667	15.9862724327647	0.349999983622061
7.625	29.75	-5.57841118493041e-08	0.800182488135317	0.00024016944727524	15.9162568785692	0.349999963740327
7.875	29.75	-9.50713389701968e-08	0.8001919644129	0.000256874163477935	15.8462405105716	0.34999993820363
8.125	29.75	-1.40022776585229e-07	0.800201674501136	0.000274946391774101	15.776223308192	0.349999908985195
8.375	29.75	-1.8431980362901e-07	0.800211587095533	0.000294512116396139	15.7062052525656	0.349999880192128
8.625	29.75	-2.17508875564174e-07	0.800221659483767	0.000315711498933996	15.6361863269476	0.349999858619231
8.875	29.75	-2.2437051527971e-07	0.800231834830171	0.00033870058678104	15.566166517229	0.349999854159165
9.125	29.75	-1.84735639998618e-07	0.800242038844923	0.000363653234852426	15.4961458126529	0.349999879921834
9.375	29.75	-7.4040135143476e-08	0.800252175700215	0.000390763269370117	15.4261242068653	0.349999951873912
9.625	29.75	1.35024571632224e-07	0.800262123025241	0.00042024692722158	15.3561016994898	0.350000087765972
9.875	29.75	4.69344551597918e-07	0.800271725771999	0.000452345610117215	15.286078298484	0.350000305073959
10.125	29.75	9.50232726754511e-07	0.800280788695698	0.00048732899855884	15.2160540236113	0.350000617651272
10.375	29.75	1.58581459613361e-06	0.800289067130998	0.000525498575523747	15.1460289114527	0.350001030779487
10.625	29.75	2.36051953370543e-06	0.800296255666406	0.000567191613645697	15.0760030224736	0.350001534337697
10.875	29.75	3.22139523802293e-06	0.800301974215262	0.000612785678701377	15.0059764507514	0.350002093906905
11.125	29.75	4.06125786219021e-06	0.800305750847463	0.000662703694893253	14.9359493370396	0.35000263981761
11.375	29.75	4.699187029258e-06	0.800307000569535	0.000717419598878584	14.865921885883	0.350003054471569
11.625	29.75	4.85963222477419e-06	0.800304999011429	0.000777464574570607	14.7958943874691	0.350003158760946
11.875	29.75	4.15247127675875e-06	0.800298849683208	0.000843433802765314	14.7258672447809	0.35000269910633
12.125	29.75	2.05779855614959e-06	0.800287443090398	0.000915993571644549	14.6558410063618	0.350001337569061
12.375	29.75	-2.07895335153969e-06	0.80026940553445	0.000995888466909825	14.5858164045733	0.349998648680321
12.625	29.75	-9.03374022829669e-06	0.800243034862966	0.00108394818825327	14.5157943985741	0.349994128068852
12.875	29.75	-1.96620933218811e-05	0.800206219779769	0.00118109331292905	14.4457762203449	0.349987219639341
13.125	29.75	-3.48155217951271e-05	0.800156338584486	0.00128833904804835	14.3757634208746	0.349977369910833
13.375	29.75	-5.51998350051279e-05	0.800090132420495	0.0014067956818292	14.3057579121081	0.349964120107247
13.625	29.75	-8.11559563539999e-05	0.800003547318371	0.00153766407249956	14.2357619983945	0.34994724862837
13.875	29.75	-0.000112340692374558	0.799891538623999	0.00168222412756249	14.165778388995	0.349926978549957
14.125	29.75	-0.000147281918177295	0.799747830921538	0.00184181386333874	14.0958101806842	0.349904266753185
14.375	29.75	-0.000182779777451557	0.799564626498402	0.00201779635780316	14.0258607966417	0.349881193144656
14.625	29.75	-0.000213122749196402	0.799332256013424	0.00221151180163698	13.9559338646544	0.349861470213022
14.875	29.75	-0.000229084737336071	0.799038766681749	0.00242421202656328	13.8860330141263	0.349851094920732
15.125	29.75	-0.000216666630882589	0.798669446458528	0.00265697548588191	13.8161615674665	0.349859166689926
15.375	29.75	-0.000155543101854719	0.798206288004628	0.00291060184801532	13.7463220970326	0.349898896983794
15.625	29.75	-1.71730579355129e-05	0.797627404425521	0.00318548732142361	13.6765158138895	0.349988837512342
15.875	29.75	0.000237469068059075	0.796906420814302	0.00348148473501243	13.6067417491866	0.350154354894238
16.125	29.75	0.000660582588649388	0.796011882538009	0.00379775637967247	13.5369956830991	0.350429378682622
16.375	29.75	0.00132068512025575	0.794906744002133	0.00413263267410733	13.4672687704069	0.350858445328166
16.625	29.75	0.00230623133398621	0.793548031060084	0.0044834956091123	13.3975458067111	0.351499050367091
16.875	29.75	0.0037296944315521	0.791886806294362	0.00484671198219268	13.3278030764071	0.352424301380509
17.125	29.75	0.00573204709888514	0.789868607536918	0.00521764633316144	13.2580057250009	0.353725830614275
17.375	29.75	0.00848749743587205	0.787434571937321	0.00559078500096815	13.1881046071526	0.355516873333317
17.625	29.75	0.0122082159529994	0.784523492068543	0.00595999755628829	13.1180325817456	0.35793534036945
17.875	29.75	0.0171486238287683	0.781075062462725	0.00631894588263532	13.0477002606367	0.361146605488699
18.125	29.75	0.023608593729088	0.777034543138558	0.00666162033660235	12.9769912729128	0.365345585923907
18.375	29.75	0.0319346404296472	0.772358963854833	0.00698293491679604	12.9057571851077	0.370757516279271
18.625	29.75	0.0425178561726714	0.767024791457394	0.00727925319896559	12.8338123218366	0.377636606512236
18.875	29.75	0.0557870005993648	0.761036667013129	0.00754865789091923	12.7609288596738	0.386261550389587
19.125	29.75	0.0721948489476848	0.754436404156106	0.00779074544419281	12.686832714363	0.396926651815995
19.375	29.75	0.0921957614173377	0.74731099048531	0.00800575801631257	12.6112008953959	0.40992724492127
19.625	29.75	0.116212686744673	0.739797974388763	0.00819298788865138	12.5336611399821	0.425538246384038
19.875	29.75	0.144592795440896	0.732086513747995	0.00834860623275536	12.453794721987	0.443985317036583
20.125	29.75	0.177553053777056	0.724412655181605	0.00846333261010487	12.371143301022	0.465409484955087
20.375	29.75	0.215120550345999	0.717048150048219	0.00852057935659227	12.2852204535959	0.489828357724899
20.625	29.75	0.25707697122222	0.710283193116938	0.00849576790753907	12.1955280335481	0.517100031294443
20.875	29.75	0.302920960475316	0.704404655702251	0.00835735868288631	12.1015767136485	0.546898624308956
21.125	29.75	0.351863739170239	0.699672393527321	0.00806978780064357	12.0029090549878	0.578711430460655
21.375	29.75	0.402869548175939	0.696296798851048	0.00759806832231838	11.8991224970127	0.61186520631436
21.625	29.75	0.454742170294026	0.694420775102372	0.00691341649457744	11.7898891510972	0.645582410691117
21.875	29.75	0.506244563886335	0.694108672395918	0.00599898769518984	11.6749695654224	0.679058966526117
22.125	29.75	0.556226610393651	0.695343511987101	0.00485468299299715	11.5542187786693	0.711547296755873
22.375	29.75	0.603732492163492	0.698032333976779	0.00350003157148156	11.4275846526997	0.742426119906269
22.625	29.75	0.648066434865376	0.702018166375814	0.0019743967578586	11.295100044381	0.771243182662494
22.875	29.75	0.688809714803018	0.707096314587071	0.000334209039246135	11.1568712735082	0.797726314621962
23.125	29.75	0.725795952615712	0.71303251866076	-0.00135246274621734	11.0130653579918	0.821767369200213
23.375	29.75	0.759060184361952	0.719580853259669	-0.00301309001400622	10.8638978260617	0.843389119835269
23.625	29.75	0.788778519093632	0.726499779654334	-0.00457830786420302	10.7096220066979	0.86270603741086
23.875	29.75	0.815211392425619	0.73356530083363	-0.00598863359314485	10.5505199318511	0.879887405076652
24.125	29.75	0.838657749730566	0.740580646529147	-0.00719923900451262	10.3868945499153	0.895127537324868
24.375	29.75	0.859422447914989	0.747382325852266	-0.00818226894849015	10.2190628433035	0.908624591144743
24.625	29.75	0.877795862063312	0.753842739745968	-0.0089267662648967	10.0473495452951	0.920567310341152
24.875	29.75	0.894043131164848	0.759869830516864	-0.00943669882026353	9.8720813260388	0.931128035257151
25.125	29.75	0.908400167349877	0.765404436111066	-0.00972780354309237	9.69358146744004	0.94046010877742
25.375	29.75	0.921073911500591	0.77041609633939	-0.00982397062102256	9.51216512864063	0.948698042475384
25.625	29.75	0.932244917228962	0.774898032223986	-0.00975375272533214	9.32813531732887	0.955959196198825
25.875	29.75	0.942070940966022	0.778861913483503	-0.00954738112994263	9.14177964867113	0.962346111627915
26.125	29.75	0.950690704541477	0.782332878491162	-0.00923447062488696	8.95336791930484	0.96794895795196
26.375	29.75	0.958227356309677	0.785345110340771	-0.00884243809304746	8.76315046925623	0.97284778160129
26.625	29.75	0.964791402696692	0.78793812776843	-0.00839555875040744	8.57135726183288	0.97711441175285
26.875	29.75	0.970483039818562	0.790153835126514	-0.00791453448678731	8.3781975847379	0.980813975882065
27.125	29.75	0.975393909227125	0.792034295762424	-0.00741643714928266	8.18386026397219	0.984006040997632
27.375	29.75	0.979608352601776	0.793620145351544	-0.00691490130533939	7.98851428213915	0.986745429191155
27.625	29.75	0.98320426199262	0.794949539588897	-0.00642046385225536	7.79230970054936	0.989082770295203
27.875	29.75	0.98625362558396	0.796057526728954	-0.00594097344805812	7.59537879651359	0.991064856629574
28.125	29.75	0.988822861346846	0.796975742968949	-0.0054820163035737	7.39783734077611	0.99273485987545
28.375	29.75	0.990973017560356	0.797732342196791	-0.00504732422065041	7.19978595345532	0.994132461414231
28.625	29.75	0.992759903487499	0.798352087344425	-0.0046391453942678	7.00131148915852	0.995293937266875
28.875	29.75	0.99423419773164	0.798856546073621	-0.00425856883192436	6.8024884126948	0.996252228525566
29.125	29.75	0.995441567312805	0.799264347430629	-0.00390580007497457	6.60338013593867	0.997037018753323
29.375	29.75	0.996422818001377	0.799591467850531	-0.0035803900918085	6.40404029400418	0.997674831700895
29.625	29.75	0.997214086219529	0.799851524361746	-0.00328142151891985	6.20451394516166	0.998189156042694
29.875	29.75	0.997847074888871	0.800056060196406	-0.00300765747028288	6.00483868407722	0.998600598677766
30.125	29.75	0.998349329823278	0.800214813540229	-0.00275765838070853	5.80504566216878	0.998927064385131
30.375	29.75	0.998744549403888	0.800335964183094	-0.00252987212313735	5.6051605123113	0.999183957112527
30.625	29.75	0.999052918048013	0.800426355671595	-0.00232270216463371	5.40520417791182	0.999384396731208
30.875	29.75	0.999291453098142	0.800491692495472	-0.00213455794385974	5.2051936486059	0.999539444513792
31.125	29.75	0.99947435491452	0.800536713090643	-0.00196389105070235	5.00514260656957	0.999658330694438
31.375	29.75	0.999613350867809	0.800565340198033	-0.00180922021565445	4.80506198875137	0.999748678064076
31.625	29.75	0.999718025323437	0.80058081052372	-0.00166914759750843	4.60496047125306	0.999816716460234
31.875	29.75	0.999796129333703	0.80058578581331	-0.00154236840303619	4.40484488267395	0.999867484066907
32.125	29.75	0.999853865395078	0.800582447467493	-0.00142767548353727	4.2047205535312	0.999905012506801
32.375	29.75	0.999896144151956	0.800572576751694	-0.00132396022763827	4.00459160893033	0.999932493698771
32.625	29.75	0.999926811324787	0.800557622533979	-0.00123021080152696	3.80446121153245	0.999952427361112
32.875	29.75	0.999948844545476	0.800538758342674	-0.00114550856771087	3.6043317615746	0.999966748954559
33.125	29.75	0.999964521403726	0.8005169303585	-0.00106902332835059	3.40420506024409	0.999976938912422
33.375	29.75	0.999975561899263	0.800492897712965	-0.00100000787444931	3.2040824420607	0.999984115234521
33.625	29.75	0.999983250202033	0.800467266128177	-0.000937792167216207	3.00396488107888	0.999989112631322
33.875	29.75	0.999988540901823	0.80044051553905	-0.000881777338246053	2.80385307478827	0.999992551586185
34.125	29.75	0.999992151981369	0.800413022053814	-0.000831429603828176	2.60374750886695	0.99999489878789
34.375	29.75	0.999994639483548	0.800385074743372	-0.000786274204699006	2.40364850591334	0.999996515664306
34.625	29.75	0.999996439290331	0.800356888623649	-0.000745889657095407	2.20355626237748	0.999997685538715
34.875	29.75	0.999997857236819	0.800328616776829	-0.000709902901307746	2.00347087993016	0.999998607203933
35.125	29.75	0.999999003039832	0.800300365960403	-0.000677986146391678	1.80339239890107	0.999999351975891
35.375	29.75	0.999999707960693	0.800272219243842	-0.000649855903574322	1.60332083902315	0.99999981017445
35.625	29.75	0.9999995353669	0.800244263607695	-0.000625273389603902	1.40325624295858	0.999999697988485
35.875	29.75	0.999998044739095	0.800216609064959	-0.00060404310146364	1.20319870048417	0.999998729080412
36.125	29.75	0.999995415315675	0.800189372978079	-0.000586004008615964	1.00314831378443	0.999997019955189
36.375	29.75	0.99999327493831	0.800162601464125	-0.000571008257173331	0.803105067292955	0.999995628709902
36.625	29.75	0.999995097178354	0.800136128296468	-0.000558889384659956	0.603068616767087	0.99999681316593
36.875	29.75	1.00000504443822	0.800109438311337	-0.000549437905539176	0.403038126469378	1.00000327888484
37.125	29.75	1.00002420735796	0.800075663514645	-0.000542422557049441	0.203012427480511	1.00001573478267
37.375	29.75	1.00004459946285	0.400067964889191	-0.000538132406606165	0.0029938576590261	1.00002898965085
0.125	30.25	-3.58064193181973e-12	0.400002361393651	5.33759245486554e-05	18.016454064005	0.349999999997673
0.375	30.25	-5.41612262408374e-12	0.800007090924608	5.36205404097491e-05	17.9464536507428	0.34999999999648
0.625	30.25	-7.08480854736441e-12	0.800011840696065	5.41108670567835e-05	17.8764528230383	0.349999999995395
0.875	30.25	-6.11373679032341e-12	0.800016624257319	5.4849103011313e-05	17.806451578529	0.349999999996026
1.125	30.25	3.85071944014883e-13	0.800021455242078	5.58385678573558e-05	17.7364499136634	0.35000000000025
1.375	30.25	1.49742647217082e-11	0.800026347401263	5.70837286578167e-05	17.6664478236923	0.350000000009733
1.625	30.25	3.85519421634266e-11	0.80003131463604	5.85902357975889e-05	17.5964453026571	0.350000000025059
1.875	30.25	6.86366502843527e-11	0.800036371031371	6.03649689226919e-05	17.5264423433757	0.350000000044614
2.125	30.25	9.77144184537596e-11	0.800041530887642	6.24160932977247e-05	17.4564389374253	0.350000000063514
2.375	30.25	1.12294706118654e-10	0.800046808752783	6.47531277744938e-05	17.386435075123	0.350000000072992
2.625	30.25	9.34407018994494e-11	0.800052219452423	6.73870252478612e-05	17.3164307455036	0.350000000060736
2.875	30.25	1.94984411915024e-11	0.800057778118841	7.03302666817234e-05	17.2464259362946	0.350000000012674
3.125	30.25	-1.28485958291408e-10	0.800063500217817	7.35969705102447e-05	17.1764206338884	0.349999999916484
3.375	30.25	-3.58602031362046e-10	0.800069401572353	7.72030188656915e-05	17.1064148233109	0.349999999766909
3.625	30.25	-6.57724666669786e-10	0.800075498382751	8.11662027150326e-05	17.0364084881873	0.349999999572479
3.875	30.25	-9.80362564229182e-10	0.800081807242111	8.5506388351445e-05	16.9664016107051	0.349999999362764
4.125	30.25	-1.23913518520659e-09	0.800088345145136	9.02457079920788e-05	16.8963941715739	0.349999999194562
4.375	30.25	-1.30051434987153e-09	0.800095129489467	9.54087777561303e-05	16.8263861499843	0.349999999154666
4.625	30.25	-9.90590120106499e-10	0.800102178067381	0.00010102294693577	16.7563775235667	0.349999999356116
4.875	30.25	-1.16175817650046e-10	0.800109509045696	0.000107118582775946	16.6863682683528	0.349999999924486
5.125	30.25	1.49409288628569e-09	0.800117140931529	0.000113729396311536	16.6163583587433	0.35000000097116
5.375	30.25	3.92646617960654e-09	0.800125092521044	0.000120892815204034	16.5463477674866	0.350000002552203
5.625	30.25	7.09890344454234e-09	0.800133382826279	0.000128650410432972	16.4763364656717	0.350000004614287
5.875	30.25	1.06666609334564e-08	0.800142030975459	0.00013704838544195	16.4063244227412	0.35000000693333
6.125	30.25	1.39328030009565e-08	0.800151056079131	0.000146138136544766	16.3363116065263	0.350000009056322
6.375	30.25	1.57874458904931e-08	0.800160477052481	0.000155976896294773	16.2662979833063	0.35000001026184
6.625	30.25	1.47060249892787e-08	0.800170312382447	0.000166628471662126	16.1962835178908	0.350000009558916
6.875	30.25	8.84069410552454e-09	0.800180579823446	0.00017816409239727	16.1262681737205	0.350000005746451
7.125	30.25	-3.76143285839678e-09	0.800191296003554	0.000190663386278721	16.0562519129785	0.349999997555069
7.375	30.25	-2.47855350899363e-08	0.800202475916922	0.000204215501217973	15.9862346967033	0.349999983889402
7.625	30.25	-5.51070162108049e-08	0.800214132273622	0.000218920397828433	15.9162164848924	0.349999964180439
7.875	30.25	-9.40856987363373e-08	0.800226274671954	0.000234890339734746	15.8461972365878	0.349999938844296
8.125	30.25	-1.38730173687553e-07	0.800238908549678	0.000252251614353678	15.7761769099408	0.349999909825387
8.375	30.25	-1.82802423189306e-07	0.800252033861442	0.000271146522940434	15.7061554622639	0.349999881178425
8.625	30.25	-2.15976761842337e-07	0.800265643417742	0.000291735686661656	15.636132850094	0.349999859615105
8.875	30.25	-2.23218373433125e-07	0.800279720805816	0.00031420072528925	15.5661090293161	0.349999854908057
9.125	30.25	-1.84604528740784e-07	0.800294237793737	0.00033874737791266	15.4960839554288	0.349999880007056
9.375	30.25	-7.58744376355768e-08	0.800309151097006	0.000365609151185691	15.4260575840754	0.349999950681616
9.625	30.25	1.29941612004041e-07	0.80032439835677	0.000395051601648468	15.3560298720183	0.350000084462048
9.875	30.25	4.59402966212074e-07	0.800339893144156	0.000427377385212978	15.2860007787976	0.350000298611928
10.125	30.25	9.3359379132109e-07	0.800355518759219	0.000462932240028679	15.2159702693907	0.350000606835964
10.375	30.25	1.56064659817832e-06	0.800371120535701	0.000502112111078761	15.145938318274	0.350001014420289
10.625	30.25	2.32543763769102e-06	0.800386496288525	0.000545371674383038	15.0759049153739	0.350001511534464
10.875	30.25	3.17618416219986e-06	0.800401384444229	0.000593234578663374	15.0058700744808	0.350002064519705
11.125	30.25	4.00796265116526e-06	0.800415449266998	0.000646305789997511	14.9358338447652	0.350002605175723
11.375	30.25	4.64365223425932e-06	0.800428262426042	0.00070528649972848	14.865796326065	0.350003018373952
11.625	30.25	4.81354559299954e-06	0.800439279930484	0.000770992133462264	14.7957576885862	0.350003128804635
11.875	30.25	4.13591484207424e-06	0.80044781317486	0.000844374074084242	14.7257181975317	0.350002688344647
12.125	30.25	2.10221617152745e-06	0.800452992476039	0.0009265457748484	14.6556782429243	0.350001366440511
12.375	30.25	-1.92761051639319e-06	0.800453721031804	0.00101881397935486	14.5856383744638	0.349998747053164
12.625	30.25	-8.71214337608588e-06	0.800448616682243	0.0011227157653951	14.5155993406232	0.349994337106805
12.875	30.25	-1.90876885003755e-05	0.800435938206202	0.00124006207160944	14.4455621303015	0.349987593002475
13.125	30.25	-3.38868368952198e-05	0.800413492148807	0.00137298822101198	14.3755280141806	0.349977973556018
13.375	30.25	-5.38005519593819e-05	0.800378515374372	0.0015240116923532	14.3054985814551	0.349965029641226
13.625	30.25	-7.91649308259004e-05	0.800327527726227	0.00169609696755014	14.2354757658056	0.349948542794963
13.875	30.25	-0.000109650755995932	0.800256148426552	0.00189272664733954	14.1654618523682	0.349928727008603
14.125	30.25	-0.000143831009701214	0.800158869294282	0.00211797711153292	14.095459455012	0.349906509843694
14.375	30.25	-0.000178598684875303	0.80002877766952	0.00237659571770862	14.025471450484	0.349883910854831
14.625	30.25	-0.000208404460697161	0.799857222360855	0.00267407477023659	13.9555008528959	0.349864537100547
14.875	30.25	-0.000224281044559802	0.799633417316092	0.00301671511273846	13.8855506085989	0.349854217321036
15.125	30.25	-0.00021261815541865	0.799343980505939	0.00341166902804885	13.8156232876433	0.349861798198978
15.375	30.25	-0.000153649290293548	0.798972410289538	0.00386694798018028	13.7457206437108	0.349900127961309
15.625	30.25	-1.9608909298272e-05	0.79849850903111	0.00439137541119808	13.6758430095373	0.349987254208956
15.875	30.25	0.000227482667569905	0.79789777484473	0.00499445818173249	13.6059884894483	0.35014786373392
16.125	30.25	0.000638447918446915	0.797140798046871	0.00568614235456667	13.5361519048114	0.35041499114699
16.375	30.25	0.00128002868265921	0.796192720198993	0.00647641026723927	13.4663234424164	0.350832018643728
16.625	30.25	0.00223842855755142	0.795012841291366	0.00737466728821112	13.3964869508605	0.351454978562408
16.875	30.25	0.00362330761972016	0.793554494774826	0.00838886047478515	13.3266178274062	0.352355149952818
17.125	30.25	0.00557216257031144	0.791765349532559	0.00952427136885821	13.256680439748	0.353621905670702
17.375	30.25	0.00825494205527162	0.789588338797547	0.0107819373534026	13.1866250367663	0.355365712335927
17.625	30.25	0.0118786252724985	0.786963450864044	0.0121566886082056	13.1163841235816	0.357721106427124
17.875	30.25	0.0166913246035583	0.783830632156337	0.0136348504068072	13.045868313478	0.360849360992313
18.125	30.25	0.0229852552020703	0.780134030238416	0.0151917614906952	12.974961726914	0.364940415881346
18.375	30.25	0.0310976472543616	0.775827717445328	0.016789399550453	12.9035170892545	0.370213470715335
18.625	30.25	0.0414083718839864	0.770882858802556	0.0183745695577578	12.8313507852063	0.376915441724591
18.875	30.25	0.0543327414771751	0.765296004309399	0.0198782597981542	12.7582382566491	0.385316281960164
19.125	30.25	0.07030769798043	0.759097805624424	0.0212168352585131	12.6839102734506	0.395700003687279
19.375	30.25	0.0897695472901134	0.752361036000607	0.0222956332131774	12.6080507478224	0.408350205738574
19.625	30.25	0.113121749190648	0.745206439245345	0.0230151850795346	12.530296874585	0.423529136973921
19.875	30.25	0.140692335440399	0.737804795174836	0.0232797189322274	12.4502424204267	0.44145001803626
20.125	30.25	0.172682631400078	0.730373799207918	0.0230069250626737	12.3674448966955	0.462243710410051
20.375	30.25	0.209112246891511	0.723168963862605	0.0221374323730115	12.2814370646124	0.485922960479482
20.625	30.25	0.249769389143822	0.716468681481748	0.0206423094647868	12.1917426858299	0.512350102943484
20.875	30.25	0.294179132220827	0.710554645360295	0.0185273086789529	12.0978956536499	0.541216435943538
21.125	30.25	0.341603140600438	0.705689768916129	0.0158334054076141	11.9994607491364	0.572042041390285
21.375	30.25	0.391080226663065	0.702096354943948	0.0126341027416392	11.8960535345047	0.604202147330992
21.625	30.25	0.441507441306966	0.699937395251688	0.00903055793671614	11.7873566744747	0.636979836849528
21.875	30.25	0.491748803860125	0.699303451024038	0.00514559877542911	11.6731305176406	0.669636722509081
22.125	30.25	0.54074876611245	0.700206634825698	0.00111721822877052	11.5532170250499	0.701486697973092
22.375	30.25	0.587625404013777	0.702582024962667	-0.00290846894412541	11.4275376825944	0.731956512608955
22.625	30.25	0.631725568905207	0.706295743732285	-0.00678513031644769	11.296087264608	0.760621619788385
22.875	30.25	0.672637129626973	0.711158199266726	-0.0103750903387711	11.1589257591335	0.787214134257533
23.125	30.25	0.710165748461927	0.716940674262225	-0.0135586613627071	11.0161703532653	0.811607736500253
23.375	30.25	0.744290551986636	0.72339340932551	-0.0162427452751106	10.8679884408	0.833788858791313
23.625	30.25	0.775113498636812	0.730263422148414	-0.0183671983883407	10.7145916500823	0.853823774113928
23.875	30.25	0.80281325149937	0.737310480166049	-0.019907692255214	10.5562302834566	0.871828613474591
24.125	30.25	0.827608995758069	0.7443199448575	-0.0208745274429673	10.3931874403478	0.887945847242745
24.375	30.25	0.849735195819254	0.751111660824099	-0.0213077664458733	10.2257723573261	0.902327877282515
24.625	30.25	0.869425693288977	0.757544625566636	-0.0212697978111578	10.0543129198093	0.915126700637835
24.875	30.25	0.88690464774417	0.763517733985713	-0.0208367982288542	9.87914767397706	0.92648802103371
25.125	30.25	0.902381982031849	0.768967325648422	-0.02009048836106	9.70061787498446	0.936548288320702
25.375	30.25	0.916051579052142	0.77386250020204	-0.0191112047038766	9.51906012886802	0.945433526383892
25.625	30.25	0.928091078340099	0.778199200115958	-0.0179728196636529	9.33480006875973	0.953259200921065
25.875	30.25	0.938662567505624	0.781993935356209	-0.0167395954162612	9.14814732389362	0.960130668878656
26.125	30.25	0.947913740712451	0.785277810335414	-0.0154647437062712	8.95939185633407	0.966143931463093
26.375	30.25	0.955979253253362	0.788091275480697	-0.0141903026744172	8.76880159490734	0.971386514614685
26.625	30.25	0.962982092511858	0.790479811668122	-0.0129479061521677	8.57662120299312	0.975938360132708
26.875	30.25	0.969034847405654	0.792490590748204	-0.0117600658506811	8.38307177343949	0.979872650813675
27.125	30.25	0.974240807429957	0.794170045626285	-0.0106416699372247	8.18835123789962	0.983256524829472
27.375	30.25	0.97869486302737	0.795562222818731	-0.00960149172547467	7.99263529544304	0.986151660967791
27.625	30.25	0.982484210667022	0.79670776737708	-0.00864358179760292	7.79607869448575	0.988614736933565
27.875	30.25	0.985688887727156	0.797643391983305	-0.0077684784634803	7.59881673448818	0.990697777022651
28.125	30.25	0.988382174278603	0.798401698104634	-0.00697421436247479	7.40096688444059	0.992448413281092
28.375	30.25	0.990630902656752	0.799011239400891	-0.00625712394418323	7.20263044144812	0.993910086726889
28.625	30.25	0.992495713459692	0.799496740917211	-0.00561247139968152	7.00389417402598	0.9951222137488
28.875	30.25	0.994031290572449	0.799879409027455	-0.00503492511334847	6.80483191127392	0.996120338872092
29.125	30.25	0.99528659993499	0.800177285264918	-0.0045189059506959	6.60550605162242	0.996936289957744
29.375	30.25	0.996305148514744	0.80040561173927	-0.0040588349636722	6.40596897415625	0.997598346534584
29.625	30.25	0.997125272300102	0.800577187006154	-0.00364930292386257	6.20626434239464	0.998131426995066
29.875	30.25	0.997780455676011	0.800702699503907	-0.00328518045334247	6.00642829548398	0.998557296189407
30.125	30.25	0.998299679539132	0.800791031554461	-0.00296168396785165	5.80649052553127	0.998894791700436
30.375	30.25	0.998707792000957	0.800849530971101	-0.00267440945829797	5.60647524263436	0.999160064800622
30.625	30.25	0.999025893413155	0.800884249985425	-0.00241934342372091	5.40640203129531	0.999366830718551
30.875	30.25	0.999271726545347	0.800900152873392	-0.00219285804329663	5.20628660350068	0.999526622254475
31.125	30.25	0.9994600628219	0.80090129461928	-0.00199169589647477	5.00614145492379	0.999649040834235
31.375	30.25	0.999603076331229	0.800890973427865	-0.00181294814748942	4.80597643151714	0.999741999615299
31.625	30.25	0.999710698603855	0.800871860042799	-0.00165402903677168	4.60579921426996	0.999811954092506
31.875	30.25	0.999790948669376	0.800846106773135	-0.00151264870521526	4.40561573014598	0.999864116635094
32.125	30.25	0.999850234437333	0.800815438957392	-0.00138678576405994	4.20543049723477	0.999902652384267
32.375	30.25	0.999893622870012	0.800781231369025	-0.0012746605690138	4.00524691198835	0.999930854865508
32.625	30.25	0.999925077722675	0.800744571829198	-0.00117470982549834	3.80506748611188	0.999951300519739
32.875	30.25	0.999947664965912	0.80070631405668	-0.00108556291155698	3.60489404025023	0.999965982227842
33.125	30.25	0.999963727597485	0.800667121535686	-0.00100602012811856	3.40472786104813	0.999976422938365
33.375	30.25	0.99997503345508	0.8006275038802	-0.00093503294813924	3.20456982742423	0.999983771745802
33.625	30.25	0.999982901371862	0.800587846785327	-0.000871686219160955	3.00442051097764	0.99998888589171
33.875	30.25	0.999988311249374	0.800548436217392	-0.000815182177439262	2.80428025444348	0.999992402312093
34.125	30.25	0.999992000441358	0.800509477179275	-0.000764826081427517	2.60414923134588	0.999994800286883
34.375	30.25	0.999994541085159	0.80047110752377	-0.000720013317754495	2.40402748997725	0.999996451705354
34.625	30.25	0.999996382835148	0.800433408213625	-0.000680218017889653	2.20391498601251	0.999997648842846
34.875	30.25	0.999997840974915	0.800396413108019	-0.000644983518154093	2.00381161023129	0.999998596633695
35.125	30.25	0.999999025040033	0.800360122848739	-0.000613915209915375	1.80371721932321	0.999999366276021
35.375	30.25	0.999999750367664	0.800324526562007	-0.000586676078097356	1.60363167522472	0.999999837738981
35.625	30.25	0.999999548709332	0.800289629135184	-0.000562984082858186	1.40355488806728	0.999999706661066
35.875	30.25	0.999997948820909	0.800255469730561	-0.000542608444673436	1.20348683909854	0.999998666733591
36.125	30.25	0.999995140229554	0.800222103485338	-0.000525359817364613	1.00342754138155	0.99999684114921
36.375	30.25	0.999992855988856	0.800189516436663	-0.000511069745299529	0.803376899239618	0.999995356392756
36.625	30.25	0.99999479624153	0.800157474035873	-0.000499561125762546	0.60333448195828	0.999996617556994
36.875	30.25	1.00000539656372	0.800125374235641	-0.000490625510861827	0.403299348903945	1.00000350776642
37.125	30.25	1.00002582078129	0.80008583513442	-0.000484041287135773	0.203270217096193	1.00001678350784
37.375	30.25	1.00004755717207	0.400074229644526	-0.000480056107680411	0.00324956001777125	1.00003091216184
0.125	30.75	-3.56858972393693e-12	0.40000259252729	4.34680794226712e-05	18.0164455492697	0.34999999999768
0.375	30.75	-5.41180100928683e-12	0.80000778538669	4.36836083781554e-05	17.9464450955589	0.349999999996482
0.625	30.75	-7.1041342615485e-12	0.800013001679001	4.4115676330797e-05	17.8764441867715	0.349999999995382
0.875	30.75	-6.177911844232e-12	0.800018257111008	4.47663119422467e-05	17.8064428201719	0.349999999995984
1.125	30.75	2.57265398388009e-13	0.800023567518021	4.56385795984381e-05	17.7364409916455	0.350000000000167
1.375	30.75	1.47794084846733e-11	0.800028948915522	4.67366055007008e-05	17.6664386956848	0.350000000009607
1.625	30.75	3.83185429166519e-11	0.800034417551969	4.80656131818686e-05	17.5964359253717	0.350000000024907
1.875	30.75	6.84409864348707e-11	0.800039989962746	4.96319687787217e-05	17.526432672355	0.350000000044487
2.125	30.75	9.76889287159931e-11	0.80004568302483	5.14432371016007e-05	17.4564289268234	0.350000000063498
2.375	30.75	1.12621403042863e-10	0.800051514013263	5.35082491931333e-05	17.3864246774742	0.350000000073204
2.625	30.75	9.43239274828004e-11	0.800057500658342	5.58371826455474e-05	17.3164199114765	0.350000000061311
2.875	30.75	2.11150475419758e-11	0.8000636612047	5.84416559937309e-05	17.2464146144296	0.350000000013725
3.125	30.75	-1.26057947750727e-10	0.80007001447109	6.13348387971576e-05	17.1764087703154	0.349999999918062
3.375	30.75	-3.55475640193706e-10	0.800076579912034	6.45315793768154e-05	17.1064023614448	0.349999999768941
3.625	30.75	-6.54318594843187e-10	0.800083377680332	6.80485525892107e-05	17.0363953683974	0.349999999574693
3.875	30.75	-9.77536097731996e-10	0.800090428690068	7.19044302278139e-05	16.966387769954	0.349999999364601
4.125	30.75	-1.23832238465056e-09	0.800097754680662	7.61200773567261e-05	16.8963795430222	0.34999999919509
4.375	30.75	-1.30379959980686e-09	0.800105378280518	8.07187785043962e-05	16.8263706625561	0.34999999915253
4.625	30.75	-1.0006228809559e-09	0.80011332307056	8.57264978774462e-05	16.7563611014687	0.349999999349595
4.875	30.75	-1.35794482411885e-10	0.800121613646329	9.11721793904266e-05	16.6863508305422	0.349999999911734
5.125	30.75	1.46264597143271e-09	0.800130275679166	9.70880923597586e-05	16.6163398183352	0.35000000095072
5.375	30.75	3.88279752705346e-09	0.800139335974631	0.000103510230530441	16.5463280310927	0.350000002523818
5.625	30.75	7.04615538135998e-09	0.800148822526792	0.000110478772809639	16.4763154326593	0.350000004580001
5.875	30.75	1.06134879979389e-08	0.800158764566445	0.000118038615912497	16.4063019844015	0.350000006898767
6.125	30.75	1.3895365080648e-08	0.800169192599327	0.000126239991010215	16.3362876451366	0.350000009031987
6.375	30.75	1.57909903366002e-08	0.800180138429086	0.000135139177724376	16.2662723710718	0.350000010264144
6.625	30.75	1.47854398680505e-08	0.800191635158229	0.000144799332663228	16.1962561157452	0.350000009610536
6.875	30.75	9.03919195398885e-09	0.800203717157781	0.000155291451415542	16.1262388299647	0.350000005875475
7.125	30.75	-3.39658485504986e-09	0.800216419993972	0.000166695487203802	16.056220461732	0.34999999779222
7.375	30.75	-2.42115657952182e-08	0.800229780296337	0.000179101653956731	15.9862009561379	0.349999984262482
7.625	30.75	-5.43000166711659e-08	0.800243835549822	0.000192611945890297	15.9161802552132	0.349999964704989
7.875	30.75	-9.30624436311066e-08	0.800258623786935	0.00020734191345007	15.8461582977216	0.349999939509412
8.125	30.75	-1.3757892068826e-07	0.800274183152258	0.000223422742396318	15.7761350188823	0.349999910573702
8.375	30.75	-1.81723666819376e-07	0.800290551304615	0.000241003693132687	15.7061103500244	0.349999881879617
8.625	30.75	-2.15333619255226e-07	0.800307764613797	0.000260254969826576	15.6360842181837	0.349999860033147
8.875	30.75	-2.23593757125891e-07	0.800325857099095	0.000281371104540988	15.566056545681	0.349999854664058
9.125	30.75	-1.86857889949923e-07	0.800344859043869	0.000304574961882277	15.4960272497451	0.349999878542372
9.375	30.75	-8.11838861599226e-08	0.800364795204533	0.000330122495974732	15.4259962422865	0.349999947230474
9.625	30.75	1.2007640403997e-07	0.800385682514025	0.000358308425578273	15.3559634299729	0.350000078049663
9.875	30.75	4.43236204519731e-07	0.800407527154295	0.000389473036911092	15.2859287148182	0.350000288103533
10.125	30.75	9.09345513316354e-07	0.800430320844278	0.000424010380530943	15.2158919955611	0.350000591074584
10.375	30.75	1.52693250940945e-06	0.80045403615073	0.000462378199625778	15.1458531701859	0.350000992506131
10.625	30.75	2.28202398199783e-06	0.800478620581812	0.000505110017083101	15.0758121400097	0.350001483315588
10.875	30.75	3.12519969160102e-06	0.800503989157878	0.000552829917795187	15.005768815834	0.3500020313798
11.125	30.75	3.95571768765273e-06	0.800530015070679	0.000606270694260865	14.9357231267009	0.350002571216497
11.375	30.75	4.60321603663249e-06	0.800556517926678	0.000666296176823808	14.8656750318107	0.350002992090424
11.625	30.75	4.80820341383234e-06	0.800583248919737	0.000733928742986108	14.7956245360995	0.350003125332219
11.875	30.75	4.20354510532128e-06	0.800609872078672	0.000810383188522713	14.7255717098303	0.350002732304318
12.125	30.75	2.30046916522915e-06	0.800635940477682	0.000897108337000889	14.6555167122736	0.350001495304957
12.375	30.75	-1.51572313044138e-06	0.800660865971391	0.000995837948549453	14.5854598191077	0.349999014779965
12.625	30.75	-7.97306818779737e-06	0.800683880618373	0.00110865264156543	14.5154014525139	0.349994817505678
12.875	30.75	-1.78740197675927e-05	0.800703987481671	0.00123805462890195	14.4453422120517	0.349988381887151
13.125	30.75	-3.20182540166386e-05	0.800719897956391	0.00138705704849878	14.3752829032297	0.349979188134889
13.375	30.75	-5.10726553224154e-05	0.800729952188691	0.00155928947318651	14.3052245592425	0.34996680277404
13.625	30.75	-7.53713432598268e-05	0.800732018561321	0.00175912073102452	14.2351684496019	0.349951008626881
13.875	30.75	-0.00010462612274256	0.800723367685236	0.00199179933837264	14.1651160673732	0.349931993020217
14.125	30.75	-0.000137525461847562	0.800700515949539	0.00226361048920592	14.0950690844411	0.349910608449799
14.375	30.75	-0.000171198060066372	0.800659033566994	0.00258204644888222	14.0250292617011	0.349888721260957
14.625	30.75	-0.000200515241397513	0.800593312380597	0.00295598410493575	13.95499829831	0.349869665093092
14.875	30.75	-0.000217204722895271	0.800496289685827	0.00339585899464111	13.8849776011283	0.349858816930118
15.125	30.75	-0.000208746700933062	0.800359126252055	0.00391381895899194	13.8149679522268	0.349864314644393
15.375	30.75	-0.000157021687745985	0.800170839929438	0.00452383221152208	13.7449690487705	0.349897935902965
15.625	30.75	-3.66783828871044e-05	0.799917901097626	0.00524171361568525	13.6749788857023	0.349976159051123
15.875	30.75	0.000186810216492554	0.799583803191585	0.00608501901669098	13.6049929474571	0.35012142664072
16.125	30.75	0.000559431885066202	0.799148631071447	0.00707274060444551	13.5350031706012	0.350363630725293
16.375	30.75	0.00114128367396601	0.798588662489711	0.00822471724891089	13.4649966352287	0.350741834388078
16.625	30.75	0.00200959069431521	0.797876053582792	0.00956065461435968	13.3949539399635	0.351306233951305
16.875	30.75	0.00326207369517709	0.796978678081794	0.0110986348215532	13.3248472148708	0.352120347901865
17.125	30.75	0.00502059700034139	0.795860211112579	0.0128529918141461	13.2546377305222	0.353263388050222
17.375	30.75	0.00743495655515847	0.794480570411927	0.0148314477807401	13.1842730726659	0.354832721760853
17.625	30.75	0.0106865653361492	0.792796847507304	0.0170314636568703	13.1136838738446	0.356946267468497
17.875	30.75	0.0149916562621396	0.790764873973209	0.0194358712533784	13.0427801296035	0.359744576570391
18.125	30.75	0.0206034510782909	0.788341566036817	0.0220080419480655	12.9714471809916	0.363392243200889
18.375	30.75	0.0278125444156192	0.785488164849891	0.0246871106463441	12.899541518862	0.368078153870152
18.625	30.75	0.0369445432705295	0.782174428169593	0.0273840894524075	12.8268866582515	0.374013953125844
18.875	30.75	0.0483538182386804	0.778383720747719	0.0299800040453081	12.7532694377008	0.381429981855142
19.125	30.75	0.0624121237213633	0.774118788494167	0.0323273455571009	12.67843720751	0.390567880418886
19.375	30.75	0.0794909243452835	0.769407789055005	0.0342559958920839	12.6020964636608	0.401669100824434
19.625	30.75	0.099936658627875	0.764309910001233	0.0355842229569216	12.5239135329062	0.414958828108119
19.875	30.75	0.124039041327285	0.75891967897868	0.0361343394957123	12.4435178837538	0.430625376862735
20.125	30.75	0.151993990116439	0.753368922435141	0.0357513639290836	12.3605084884264	0.448796093575686
20.375	30.75	0.183864851496127	0.747825335504823	0.0343219121455368	12.2744633604248	0.469512153472483
20.625	30.75	0.219547961247536	0.742486850542463	0.0317900619182704	12.1849519373655	0.492706174810899
20.875	30.75	0.258750398271113	0.737571467017601	0.0281673772360637	12.0915494225673	0.518187758876224
21.125	30.75	0.300987871809209	0.733302902312665	0.0235355813659525	11.993851674024	0.545642116675986
21.375	30.75	0.345607919845539	0.729893231601122	0.0180420285121075	11.8914889373004	0.5746451478996
21.625	30.75	0.391837869632056	0.727524417629005	0.011889456590301	11.784136859785	0.604694615260836
21.875	30.75	0.438849888271806	0.726331075112046	0.00532200493950597	11.6715238752548	0.635252427376674
22.125	30.75	0.485829922808766	0.72638682849115	-0.00139087551227507	11.5534350564012	0.665789449825698
22.375	30.75	0.532036265712353	0.727696209303843	-0.00797174475972128	11.4297135166659	0.69582357271303
22.625	30.75	0.576837694201169	0.730193323870823	-0.0141533458313339	11.3002609520827	0.72494450123076
22.875	30.75	0.619728615274985	0.733747642710742	-0.0196970431036161	11.1650386818409	0.75282359992874
23.125	30.75	0.660325786414098	0.738176296999953	-0.0244101316921865	11.0240696626701	0.779211761169164
23.375	30.75	0.698354947514999	0.743261301373276	-0.028159756001315	10.8774408359235	0.803930715884749
23.625	30.75	0.73363527183584	0.748769324054554	-0.0308809387787879	10.7253043466949	0.826862926693296
23.875	30.75	0.766066293310307	0.754471234498142	-0.0325769856411485	10.5678760163996	0.8479430906517
24.125	30.75	0.79561820307002	0.760158848930064	-0.0333121042422076	10.4054299880692	0.867151831995513
24.375	30.75	0.822323953379932	0.765657035180834	-0.0331978265907319	10.2382894224721	0.884510569696956
24.625	30.75	0.846271058819622	0.770830389516703	-0.032376046813793	10.0668140919121	0.900076188232754
24.875	30.75	0.867591838139236	0.775584734004424	-0.0310017936688539	9.89138635585552	0.913934694790503
25.125	30.75	0.886452133256064	0.779864443373352	-0.0292283025930235	9.71239716484411	0.926193886616442
25.375	30.75	0.903039490558297	0.783646982989655	-0.0271959079885389	9.53023348619345	0.936975668862893
25.625	30.75	0.917552085900849	0.786936052906097	-0.0250251818907207	9.34526805583798	0.946408855835552
25.875	30.75	0.930189424766085	0.789754499110491	-0.022813909827204	9.15785182924139	0.954623126097955
26.125	30.75	0.941145342216086	0.792137804700853	-0.0206370335687392	8.96830906797106	0.961744472440456
26.375	30.75	0.950603328651566	0.794128620156604	-0.0185485651189041	8.77693471698069	0.967892163623518
26.625	30.75	0.958733863395887	0.795772500591742	-0.0165845752267734	8.5839935978133	0.973177011207327
26.875	30.75	0.965693279225792	0.797114815389539	-0.014766565914793	8.38972092786362	0.977700631496765
27.125	30.75	0.971623668611892	0.798198679130706	-0.0131047627184209	8.1943237300711	0.98155538459773
27.375	30.75	0.976653416230632	0.799063704058884	-0.0116010587912411	7.99798278224642	0.984824720549911
27.625	30.75	0.980898049178056	0.799745371084482	-0.0102514903979358	7.80085484430735	0.987583731965736
27.875	30.75	0.984461201274553	0.800274838597996	-0.00904822125145583	7.60307498050828	0.989899780828459
28.125	30.75	0.987435573473971	0.800679041447276	-0.00798107038295071	7.40475885655535	0.991833122758081
28.375	30.75	0.989903833702091	0.800980967004791	-0.00703864601426022	7.20600493791907	0.993437491906359
28.625	30.75	0.991939438448112	0.801200026304916	-0.00620915652939338	7.00689654794816	0.994760634991273
28.875	30.75	0.993607380001951	0.801352463719763	-0.00548096711943074	6.80750376569224	0.995844797001268
29.125	30.75	0.99496487268275	0.801451768280788	-0.00484296258081918	6.60788515671151	0.996727167243788
29.375	30.75	0.996061993305595	0.801509064152863	-0.00428476661861106	6.40808933812839	0.997440295648637
29.625	30.75	0.996942288926442	0.801533467881749	-0.00379685788090383	6.20815638368381	0.998012487802187
29.875	30.75	0.997643360946591	0.801532406849631	-0.00337061385664662	6.00811907695431	0.998468184615284
30.125	30.75	0.998197430421606	0.801511897760246	-0.00299830610970661	5.80800402206215	0.998828329774044
30.375	30.75	0.998631885731228	0.801476786640798	-0.00267306414588787	5.60783262172775	0.999110725725298
30.625	30.75	0.99896981100888	0.801430953334154	-0.0023888203860019	5.40762193269402	0.999330377155772
30.875	30.75	0.999230492000508	0.801377484159344	-0.00214024504317534	5.20738540856188	0.99949981980033
31.125	30.75	0.999429895249337	0.801318816623364	-0.00192267695936527	5.00713353999032	0.999629431912069
31.375	30.75	0.999581116514953	0.801256859968078	-0.00173205444431483	4.80687440205304	0.99972772573472
31.625	30.75	0.999694794910633	0.801193095065016	-0.0015648487086676	4.60661411830737	0.999801616691911
31.875	30.75	0.999779490144889	0.801128656816723	-0.00141800145296336	4.40635725081503	0.999856668594178
32.125	30.75	0.999842021266821	0.801064401846285	-0.00128886745672007	4.20610712496067	0.999897313823434
32.375	30.75	0.999887766298158	0.801000963897417	-0.00117516252344183	4.00586609745463	0.999927048093803
32.625	30.75	0.999920923078274	0.800938799047485	-0.00107491681488211	3.80563577538983	0.999948600000878
32.875	30.75	0.99994473269877	0.800878222554969	-0.000986433402274963	3.60541719364677	0.9999640762542
33.125	30.75	0.999961668286374	0.800819438893245	-0.000908251734311102	3.40521095727174	0.999975084386143
33.375	30.75	0.999973593659126	0.800762566213	-0.000839115639907684	3.20501735463968	0.999982835878432
33.625	30.75	0.999981898013136	0.800707656086088	-0.000777945426446336	3.00483644623267	0.999988233708538
33.875	30.75	0.999987612894908	0.800654708946158	-0.000723813596295037	2.80466813281696	0.99999194838169
34.125	30.75	0.999991514255325	0.800603685336222	-0.000675923704958903	2.60451220601303	0.999994484265961
34.375	30.75	0.999994204135385	0.800554513243634	-0.000633591964202995	2.40436838425709	0.999996232688
34.625	30.75	0.99999615575615	0.800507092802379	-0.000596231389344137	2.20423633842371	0.999997501241497
34.875	30.75	0.999997701023566	0.800461301434818	-0.000563338575723938	2.00411571368711	0.999998505665318
35.125	30.75	0.99999895536875	0.800417004098078	-0.000534483402269208	1.80400615581016	0.999999320989687
35.375	30.75	0.999999724588635	0.800374072418901	-0.000509301773184852	1.60390734742124	0.999999820982613
35.625	30.75	0.999999515963293	0.800332410251727	-0.000487490552392685	1.4038190489516	0.999999685376141
35.875	30.75	0.999997833662658	0.800291970480307	-0.000468802071163276	1.20374111921975	0.999998591880728
36.125	30.75	0.99999487780737	0.800252733457793	-0.000453033828356429	1.00367347111512	0.999996670574791
36.375	30.75	0.99999247452027	0.800214615464144	-0.000440009370332447	0.803615921150579	0.999995108438176
36.625	30.75	0.999994522764515	0.800177307469558	-0.000429551772038643	0.603567949083581	0.999996439796935
36.875	30.75	1.00000569749133	0.800140118613603	-0.000421463255113338	0.403528511979675	1.00000370336936
37.125	30.75	1.00002722692296	0.800095205415711	-0.000415540121010562	0.203496219493909	1.00001769749993
37.375	30.75	1.00005014015605	0.400079869068043	-0.00041198667223409	0.00347365918306663	1.00003259110143
0.125	31.25	-3.56342774710496e-12	0.400002792451575	3.2698118472508e-05	18.01643884938	0.349999999997684
0.375	31.25	-5.42074985365775e-12	0.800008386118408	3.2880520245555e-05	17.9464383606823	0.349999999996476
0.625	31.25	-7.14605360982569e-12	0.800014006103301	3.32462149122366e-05	17.8764373817532	0.349999999995355
0.875	31.25	-6.2718168949296e-12	0.800019670064071	3.37969925771564e-05	17.8064359095202	0.349999999995923
1.125	31.25	1.02458419878024e-13	0.800025395829636	3.45355580831466e-05	17.7364339393593	0.350000000000067
1.375	31.25	1.45796246204086e-11	0.800031201469003	3.54655551624199e-05	17.6664314650771	0.350000000009477
1.625	31.25	3.81305013052369e-11	0.800037105363271	3.659159897424e-05	17.5964284788869	0.350000000024785
1.875	31.25	6.83736097470424e-11	0.800043126279592	3.79193182164394e-05	17.5264249713782	0.350000000044443
2.125	31.25	9.79027036213989e-11	0.800049283448189	3.94554067992145e-05	17.4564209314806	0.350000000063637
2.375	31.25	1.13308262960331e-10	0.80005559664239	4.12076866573182e-05	17.3864163464203	0.35000000007365
2.625	31.25	9.56626867416032e-11	0.800062086262681	4.31851824893583e-05	17.3164112016701	0.350000000062181
2.875	31.25	2.32016403746715e-11	0.800068773425614	4.53982097756186e-05	17.2464054808909	0.350000000015081
3.125	31.25	-1.23301875417803e-10	0.800075680056796	4.78584778592504e-05	17.1763991658658	0.349999999919854
3.375	31.25	-3.52409191159787e-10	0.800082828990594	5.05792100574859e-05	17.1063922364236	0.349999999770934
3.625	31.25	-6.51693449154966e-10	0.800090244075333	5.35752830135799e-05	17.0363846703534	0.349999999576399
3.875	31.25	-9.76596255551944e-10	0.800097950285862	5.68633882538794e-05	16.9663764433077	0.349999999365212
4.125	31.25	-1.24085661636817e-09	0.80010597384417	6.04622192251762e-05	16.8963675286932	0.349999999193443
4.375	31.25	-1.31208299338305e-09	0.800114342347762	6.43926876169046e-05	16.8263578975508	0.349999999147146
4.625	31.25	-1.01715337073034e-09	0.800123084909031	6.86781739007312e-05	16.7563475184236	0.34999999933885
4.875	31.25	-1.62715226267458e-10	0.800132232304685	7.33448176273986e-05	16.6863363572126	0.349999999894235
5.125	31.25	1.42452763977479e-09	0.800141817138689	7.84218538947013e-05	16.6163243770245	0.350000000925943
5.375	31.25	3.83541881510525e-09	0.800151874019357	8.39420040168067e-05	16.5463115380098	0.350000002493022
5.625	31.25	6.99595243808594e-09	0.800162439752807	8.99419294969163e-05	16.4762977971949	0.350000004547369
5.875	31.25	1.05732791048741e-08	0.800173553553649	9.64627603089264e-05	16.4062831083083	0.350000006872631
6.125	31.25	1.38859936199135e-08	0.80018525727469	0.000103550710174333	16.3362674216005	0.350000009025896
6.375	31.25	1.58421957003552e-08	0.800197595654797	0.000111257794270975	16.266250683653	0.350000010297427
6.625	31.25	1.49352546742103e-08	0.80021061658531	0.000119642667512314	16.1962328371708	0.350000009707916
6.875	31.25	9.33099051638225e-09	0.800224371393106	0.00012877160516577	16.1262138207462	0.350000006065144
7.125	31.25	-2.92043510226531e-09	0.800238915137829	0.000138719651780469	16.056193568579	0.349999998101717
7.375	31.25	-2.35206643478351e-08	0.800254306920078	0.000149571969594277	15.9861720101332	0.349999984711568
7.625	31.25	-5.33928551805952e-08	0.800270610195211	0.00016142542431822	15.9161490697087	0.349999965294644
7.875	31.25	-9.19907101515252e-08	0.800287893086744	0.000174390453296111	15.846124665905	0.349999940206038
8.125	31.25	-1.36480462160446e-07	0.800306228691686	0.000188593271297019	15.7760987109583	0.3499999112877
8.375	31.25	-1.80864840123835e-07	0.800325695367449	0.000204178480759085	15.7060711099393	0.349999882437854
8.625	31.25	-2.15160429481191e-07	0.800346376988587	0.000221312168269904	15.6360417598117	0.349999860145721
8.875	31.25	-2.24788508728942e-07	0.800368363157283	0.000240185588145786	15.5660105483715	0.349999853887469
9.125	31.25	-1.90393291884092e-07	0.800391749348846	0.000261019558567663	15.4959773531096	0.34999987624436
9.375	31.25	-8.8358691074429e-08	0.800416636968427	0.000284069727015492	15.425942040078	0.349999942566851
9.625	31.25	1.0764816070287e-07	0.800443133290764	0.00030963290333498	15.3559044628774	0.350000069971304
9.875	31.25	4.23727478293536e-07	0.800471351249032	0.000338054711785864	15.2858644619347	0.350000275422861
10.125	31.25	8.80978132490745e-07	0.800501409033693	0.000369738882591765	15.2158218642942	0.350000572635786
10.375	31.25	1.48849534874037e-06	0.800533429455242	0.000405158591730415	15.1457764842063	0.350000967521977
10.625	31.25	2.23377661202208e-06	0.800567539016529	0.000444870368450143	15.0757281248522	0.350001451954798
10.875	31.25	3.07032303551537e-06	0.800603866628686	0.000489531227997707	15.0056765815912	0.350001995709973
11.125	31.25	3.90249787271212e-06	0.800642541886034	0.00053991985382654	14.9356216471377	0.350002536623617
11.375	31.25	4.56815221764866e-06	0.800683692787516	0.000596962851406945	14.865563119052	0.350002969298941
11.625	31.25	4.82019607453608e-06	0.8007274427487	0.000661767323378219	14.7955008098415	0.350003133127448
11.875	31.25	4.3092211452579e-06	0.800773906683622	0.000735661268768428	14.7254345597755	0.350002800993744
12.125	31.25	2.57049655808416e-06	0.80082318584501	0.000820243576814152	14.655364252202	0.350001670822763
12.375	31.25	-9.79835181914626e-07	0.800875360988864	0.000917445652998842	14.5852898306612	0.349999363107132
12.625	31.25	-7.03276298743542e-06	0.800930483270854	0.00102960695216546	14.5152113164017	0.349995428704058
12.875	31.25	-1.63500367548419e-05	0.800988562091683	0.0011595668629254	14.4451288239797	0.349989372476109
13.125	31.25	-2.96927595390293e-05	0.801049548889245	0.00131077542931267	14.37504257145	0.3499806997063
13.375	31.25	-4.77022101894494e-05	0.80111331564348	0.00148742522964009	14.3049528802249	0.349968993563377
13.625	31.25	-7.07182523446464e-05	0.801179626636382	0.00169460624598033	14.2348601580024	0.349954033135976
13.875	31.25	-9.85190700938052e-05	0.801248101829291	0.00193848459937445	14.1647648562735	0.349935962604439
14.125	31.25	-0.000129964762098038	0.801318170122389	0.00222650439399183	14.0946673918495	0.349915522904636
14.375	31.25	-0.000162526584109719	0.801389010799772	0.0025676093448352	14.024568019655	0.349894357720329
14.625	31.25	-0.000191683347819325	0.801459481690793	0.00297247702480281	13.9544666417648	0.349875405823917
14.875	31.25	-0.000210166591382582	0.801528033046254	0.00345375304912702	13.8843625353587	0.349863391715601
15.125	31.25	-0.000207036531868454	0.801592606870562	0.00402626484358538	13.8142539799538	0.349865426254286
15.375	31.25	-0.000166571430327093	0.801650522476368	0.00470718431257575	13.7441377619789	0.349891728570287
15.625	31.25	-6.69539419683883e-05	0.801698350285798	0.00551609527353264	13.6740085324783	0.349956479937721
15.875	31.25	0.000121260297871186	0.801731777275197	0.00647490469688315	13.6038579915601	0.350078819193616
16.125	31.25	0.000436903261824298	0.801745468730306	0.00760751678344717	13.5336738712903	0.350283987120186
16.375	31.25	0.000930189081129534	0.801732931837266	0.0089391667992506	13.4634386874556	0.350604622902734
16.625	31.25	0.00166493500193443	0.801686386714016	0.0104952899268674	13.3931282306383	0.351082207751257
16.875	31.25	0.00272097987008001	0.801596649465217	0.0122997840289866	13.3227097694772	0.351768636915552
17.125	31.25	0.00419673715877433	0.801453029691309	0.0143725222016284	13.2521399454101	0.352727879153203
17.375	31.25	0.00621176886395103	0.801243242220055	0.0167259933304288	13.1813623507403	0.354037649761568
17.625	31.25	0.00890919655227484	0.800953331467273	0.019361012512824	13.1103048030067	0.355790977758979
17.875	31.25	0.0124576761825748	0.800567610304658	0.022261566329046	13.0388763608473	0.358097489518674
18.125	31.25	0.017052558166911	0.800068629055761	0.0253890559758315	12.9669641716494	0.361084162808492
18.375	31.25	0.0229157442709868	0.799437220836119	0.0286764776362781	12.8944302994208	0.364895233776141
18.625	31.25	0.0302936581122956	0.798652721965826	0.0320234118403052	12.8211087497313	0.369690877772992
18.875	31.25	0.0394526968347194	0.797693539038923	0.0352930191726258	12.7468029801072	0.375644252942568
19.125	31.25	0.0506715702548372	0.796538312125404	0.0383124478571947	12.6712842462449	0.382936520665644
19.375	31.25	0.0642301119500329	0.795167971433803	0.0408780043169248	12.5942911681436	0.391749572767521
19.625	31.25	0.080394516858276	0.793568948900125	0.0427659871995334	12.5155308822701	0.402256435957879
19.875	31.25	0.0993995559971043	0.791737629729645	0.0437491935670204	12.434682051756	0.414609711398118
20.125	31.25	0.121429121652911	0.789685783848927	0.0436178949622724	12.3513998188679	0.428928929074392
20.375	31.25	0.146597345085781	0.78744624268499	0.0422028638163188	12.265322504132	0.445288274305758
20.625	31.25	0.174933238667259	0.785077609600235	0.0393972279146186	12.1760795201995	0.463706605133718
20.875	31.25	0.206371945445046	0.782666503319622	0.0351738830421432	12.0832996575325	0.48414176453928
21.125	31.25	0.24075481725252	0.780325912782138	0.0295959572959299	11.9866187384848	0.506490631214138
21.375	31.25	0.277838518403807	0.778188766227052	0.022819084133552	11.8856857639879	0.530595036962474
21.625	31.25	0.317310550878417	0.776396710218941	0.0150854628436805	11.7801671775939	0.556251858070971
21.875	31.25	0.358806085524028	0.775085154525234	0.00671040198247054	11.669749694478	0.583223955590618
22.125	31.25	0.40192019710436	0.774366626968036	-0.00193782297300084	11.5541430485985	0.611248128117834
22.375	31.25	0.446211562420723	0.774315187422496	-0.0104640172746021	11.4330846037382	0.64003751557347
22.625	31.25	0.491198148491428	0.774954881865504	-0.0184768610170206	11.3063476479745	0.669278796519428
22.875	31.25	0.536350577882684	0.776254801926022	-0.0256221278142284	11.1737541510429	0.698627875623745
23.125	31.25	0.581092044614896	0.778132144804451	-0.031614363805962	11.0351910078185	0.727709828999682
23.375	31.25	0.624812737825989	0.780462915787556	-0.0362618752556645	10.8906269262203	0.756128279586893
23.625	31.25	0.666901536596674	0.783098099992292	-0.0394801557344911	10.740125945814	0.783485998787838
23.875	31.25	0.706790458947341	0.785881927562731	-0.0412910069581269	10.5838537052668	0.809413798315772
24.125	31.25	0.744001506177999	0.788668707645778	-0.0418079349790991	10.4220740840041	0.833600979015699
24.375	31.25	0.77818399811506	0.791335555195521	-0.0412116096547006	10.2551361766894	0.855819598774789
24.625	31.25	0.809133761653207	0.793789718588762	-0.039721013945612	10.0834538187923	0.875936945074585
24.875	31.25	0.836791644179905	0.795970584373161	-0.0375658769929048	9.90748127822315	0.893914568716938
25.125	31.25	0.861224747922475	0.797847413475054	-0.0349644529733502	9.72768893872519	0.909796086149609
25.375	31.25	0.882597263176172	0.799414324550333	-0.0321085481422218	9.54454202058405	0.923688221064512
25.625	31.25	0.901138260689544	0.800684045259318	-0.0291557525627797	9.35848410916364	0.935739869448204
25.875	31.25	0.917112132651611	0.801681655578653	-0.0262275737393585	9.16992599539641	0.946122886223547
26.125	31.25	0.930794882964301	0.802439121824548	-0.0234116624065732	8.97923939376305	0.955016673926795
26.375	31.25	0.942457219793253	0.802991006246659	-0.0207663769143102	8.78675458902396	0.962597192865614
26.625	31.25	0.952353896356959	0.803371417718749	-0.0183262906615277	8.59276091240572	0.969030032632023
26.875	31.25	0.960718014810718	0.803612070117303	-0.0161076912560629	8.39750903503541	0.974466709626966
27.125	31.25	0.967758851500346	0.803741222942404	-0.0141135204326054	8.20121426774456	0.979043253475225
27.375	31.25	0.973661930970153	0.803783262347073	-0.0123375060849257	8.00406028296093	0.9828802551306
27.625	31.25	0.978590373033657	0.803758707519663	-0.0107674367049619	7.80620287620703	0.986083742471877
27.875	31.25	0.98268684038858	0.803684472066094	-0.00938764213551433	7.60777354177354	0.988746446252577
28.125	31.25	0.986075666277252	0.803574256705529	-0.00818079740602679	7.40888274786027	0.990949183080214
28.375	31.25	0.98886492654703	0.803438990096876	-0.00712918088586494	7.2096228680834	0.992762202255569
28.625	31.25	0.991148343532422	0.803287266116178	-0.00621551103643667	7.01007076856519	0.994246423296074
28.875	31.25	0.993006983926709	0.803125748537079	-0.00542346911196298	6.81029007207975	0.995454539552361
29.125	31.25	0.994510753546028	0.802959529278302	-0.00473799520274165	6.61033313029328	0.996431989804918
29.375	31.25	0.995719710642314	0.80279243596555	-0.00414542581281585	6.41024273731721	0.997217811917504
29.625	31.25	0.996685225124475	0.802627290159172	-0.00363352445620549	6.21005361612889	0.997845396330909
29.875	31.25	0.997451009788483	0.802466120545991	-0.00319144308585926	6.00979370610116	0.998343156362514
30.125	31.25	0.99805404530044	0.80231033666031	-0.00280964144812276	5.80948527617691	0.998735129445286
30.375	31.25	0.998525415500134	0.802160868962899	-0.00247978330666628	5.60914588476873	0.999041520075087
30.625	31.25	0.998891064816076	0.802018280816125	-0.00219462243918269	5.40878920452316	0.99927919213045
30.875	31.25	0.999172485758042	0.801882857331089	-0.00194788692539668	5.20842572771235	0.999462115742727
31.125	31.25	0.999387341730235	0.801754675399031	-0.00173416712249444	5.00806336614384	0.999601772124653
31.375	31.25	0.999550028708728	0.801633658550393	-0.00154881054113147	4.80770795800695	0.999707518660673
31.625	31.25	0.999672178450788	0.801519619662613	-0.00138782533899207	4.60736369289107	0.999786915993012
31.875	31.25	0.999763105599335	0.80141229398658	-0.00124779314661057	4.40703346522401	0.999846018639568
32.125	31.25	0.999830201068456	0.80131136449401	-0.0011257912885265	4.20671916551863	0.999889630694497
32.375	31.25	0.999879274271758	0.801216481168525	-0.00101932405731554	4.00642191803902	0.999921528276643
32.625	31.25	0.999914847047435	0.801127275568517	-0.000926262462279594	3.80614227277367	0.999944650580833
32.875	31.25	0.99994040267027	0.801043371760588	-0.000844791753030565	3.60588035889474	0.999961261735676
33.125	31.25	0.999958594333423	0.800964394516976	-0.000773365968661644	3.40563600613437	0.999973086316725
33.375	31.25	0.999971418966898	0.800889975427929	-0.000710668753628076	3.20540883964744	0.999981422328483
33.625	31.25	0.999980363679463	0.800819757252643	-0.000655579690458341	3.00519835292019	0.999987236391651
33.875	31.25	0.999986531994264	0.800753396450927	-0.000607145420750257	2.80500396222036	0.999991245796272
34.125	31.25	0.999990753277851	0.800690563588024	-0.000564554873995983	2.6048250452989	0.999993989630603
34.375	31.25	0.999993670045999	0.800630941542972	-0.000527118031489271	2.40466096709916	0.999995885529899
34.625	31.25	0.999995786505952	0.800574222545173	-0.000494247849631554	2.20451109659461	0.999997261228869
34.875	31.25	0.999997456657985	0.80052010697665	-0.000465445232298183	2.00437482132151	0.99999834682769
35.125	31.25	0.999998806791574	0.800468308576725	-0.000440287143518177	1.80425156789142	0.999999224414523
35.375	31.25	0.999999638992496	0.800418569803322	-0.000418417823649228	1.60414083406658	0.999999765345122
35.625	31.25	0.999999443130559	0.800370684627314	-0.000399542313924128	1.40404222667125	0.999999638034864
35.875	31.25	0.999997705002313	0.800324512817717	-0.000383420066725813	1.20395547912512	0.999998508251503
36.125	31.25	0.999994635194496	0.800279954764282	-0.000369854999596134	1.00388040203968	0.999996512876422
36.375	31.25	0.999992138939921	0.800236853786853	-0.000358678664236967	0.803816723771293	0.999994890310949
36.625	31.25	0.999994282603189	0.800194826123301	-0.000349727643961232	0.603763837678102	0.999996283692073
36.875	31.25	1.00000594230206	0.800153095835584	-0.000342826182375592	0.403720606476087	1.00000386249634
37.125	31.25	1.00002840057649	0.800103422605539	-0.000337797824219519	0.203685543651681	1.00001846037472
37.375	31.25	1.0000523016594	0.400084718509808	-0.000334802999747697	0.00366132870380016	1.00003399607861
0.125	31.75	-3.56338333105155e-12	0.400002957330831	2.11985504398393e-05	18.0164341042836	0.349999999997684
0.375	31.75	-5.43919343288236e-12	0.8000088815796	2.13442604617722e-05	17.9464335867319	0.349999999996464
0.625	31.75	-7.20362027314706e-12	0.800014834623813	2.16364214140984e-05	17.8764325499508	0.349999999995318
0.875	31.75	-6.38569513552794e-12	0.80002083579767	2.2076521598085e-05	17.8064309905783	0.349999999995849
1.125	31.75	-6.98409147443161e-14	0.800026904643671	2.266681024644e-05	17.7364289035528	0.349999999999955
1.375	31.75	1.4377296613467e-11	0.80003306099791	2.34103177575275e-05	17.6664262820918	0.350000000009345
1.625	31.75	3.79720667646063e-11	0.80003932507861	2.43108834372384e-05	17.5964231176617	0.350000000024682
1.875	31.75	6.83869047068373e-11	0.800045717578463	2.53731909780094e-05	17.5264193999413	0.350000000044451
2.125	31.75	9.82637972762792e-11	0.800052259760848	2.6602812548595e-05	17.4564151167765	0.350000000063871
2.375	31.75	1.14214633073644e-10	0.800058973562305	2.80062620394467e-05	17.3864102541269	0.350000000074239
2.625	31.75	9.72800756031355e-11	0.80006588170018	2.95910587296248e-05	17.3164047960028	0.350000000063232
2.875	31.75	2.55826137835792e-11	0.800073007788735	3.13658024375349e-05	17.2463987243933	0.350000000016629
3.125	31.75	-1.20325024888437e-10	0.800080376463043	3.33402617555189e-05	17.1763920191818	0.349999999921789
3.375	31.75	-3.49347638034626e-10	0.800088013513161	3.55254769982657e-05	17.1063846580513	0.349999999772924
3.625	31.75	-6.49521350514832e-10	0.800095946029472	3.79338801969437e-05	17.0363766163743	0.349999999577811
3.875	31.75	-9.76833165239024e-10	0.800104202561354	4.05794344887498e-05	16.9663678670896	0.349999999365058
4.125	31.75	-1.24556342200359e-09	0.800112813290055	4.34777960773012e-05	16.8963583805624	0.349999999190384
4.375	31.75	-1.32370616759862e-09	0.800121810219536	4.66465024243231e-05	16.8263481244272	0.349999999139591
4.625	31.75	-1.03814061406845e-09	0.80013122738663	5.01051908144368e-05	16.7563370634142	0.349999999325209
4.875	31.75	-1.9482405819538e-10	0.800141101094694	5.38758527430406e-05	16.6863251591566	0.349999999873364
5.125	31.75	1.38128871570801e-09	0.800151470173992	5.7983130119023e-05	16.6163123699807	0.350000000897838
5.375	31.75	3.78422598553423e-09	0.800162376274085	6.24546606207345e-05	16.5462986506789	0.350000002459747
5.625	31.75	6.94489268080663e-09	0.80017386419214	6.73214809506367e-05	16.4762839522645	0.35000000451418
5.875	31.75	1.05371398056999e-08	0.800185982243729	7.26184981091731e-05	16.4062682217082	0.350000006849141
6.125	31.75	1.38877211512273e-08	0.800198782680576	7.83850410734422e-05	16.3362514016529	0.350000009027019
6.375	31.75	1.59134599414837e-08	0.800212322162112	8.46655074146863e-05	16.2662334301002	0.350000010343749
6.625	31.75	1.51154075788367e-08	0.800226662286608	9.15101220419985e-05	16.1962142400592	0.350000009825015
6.875	31.75	9.66358352838085e-09	0.800241870189611	9.89758296042254e-05	16.1261937591417	0.350000006281329
7.125	31.75	-2.39451488737098e-09	0.800258019216289	0.000107127345300088	16.0561719090841	0.349999998443565
7.375	31.75	-2.27744780256643e-08	0.800275189677122	0.000116038394887924	15.9861486051705	0.349999985196589
7.625	31.75	-5.24302504258161e-08	0.800293469696736	0.000125793180824722	15.9161237555292	0.349999965920337
7.875	31.75	-9.08699148401359e-08	0.800312956167929	0.000136488119084647	15.8460972602708	0.349999940934555
8.125	31.75	-1.35345581420229e-07	0.800333755825348	0.000148233901106276	15.7760690104397	0.349999912025372
8.375	31.75	-1.79986039684144e-07	0.800355986456622	0.000161157946922854	15.7060388867531	0.349999883009074
8.625	31.75	-2.14982560712933e-07	0.800379778272166	0.000175407330573797	15.6360067581155	0.349999860261336
8.875	31.75	-2.25985688941943e-07	0.800405275460479	0.000191152277567808	15.565972479906	0.349999853109302
9.125	31.75	-1.93922712047931e-07	0.800432637961335	0.000208590358346992	15.4959358920631	0.349999873950237
9.375	31.75	-9.5499672798213e-08	0.800462043498587	0.000227951532985494	15.4258968170141	0.349999937925213
9.625	31.75	9.52952540193353e-08	0.800493689925185	0.000249504242432457	15.3558550575346	0.350000061941915
9.875	31.75	4.04324585056337e-07	0.800527797949551	0.00027356279477789	15.2858103946585	0.35000026281098
10.125	31.75	8.52680002109542e-07	0.800564614333517	0.000300496362342713	15.2157625858051	0.350000554242001
10.375	31.75	1.44992098225256e-06	0.800604415680767	0.000330739992995247	15.1457113633325	0.350000942448638
10.625	31.75	2.1848487534832e-06	0.80064751297269	0.000364808148812862	15.0756564337608	0.35000142015169
10.875	31.75	3.01363666687361e-06	0.800694257054032	0.000403311422241496	15.0055974779323	0.350001958863833
11.125	31.75	3.84540529316968e-06	0.800745045329426	0.000446977246498811	14.9355341523656	0.350002499513441
11.375	31.75	4.52575885799524e-06	0.800800329997723	0.000496675614992274	14.8654660920001	0.350002941743258
11.625	31.75	4.8194278966517e-06	0.800860628229114	0.000553451053569369	14.7953929143985	0.350003132628133
11.875	31.75	4.39402243807968e-06	0.800926534774182	0.000618562343985559	14.7253142252354	0.350002856114585
12.125	31.75	2.80800585488889e-06	0.800998737586576	0.000693531768556735	14.6552296245339	0.350001825203806
12.375	31.75	-4.92657881341834e-07	0.801078037139084	0.000780205915139654	14.5851387125675	0.349999679772377
12.625	31.75	-6.16319388950599e-06	0.801165370214497	0.000880830322294482	14.515041093611	0.349995993923972
12.875	31.75	-1.49264026609253e-05	0.801261839062353	0.000998140413129378	14.4449363747647	0.34999029783827
13.125	31.75	-2.75074570576081e-05	0.80136874692778	0.00113547120346655	14.3748241558856	0.349982120152913
13.375	31.75	-4.45263350367126e-05	0.801487641084254	0.00129688809130666	14.3047040052537	0.349971057882226
13.625	31.75	-6.63359500267218e-05	0.801620364640539	0.00148734052469523	14.2345754139952	0.349956881632483
13.875	31.75	-9.27933704525116e-05	0.801769118537223	0.00171283935151589	14.164437720542	0.349939684309206
14.125	31.75	-0.000122951478870121	0.80193653529291	0.00198065697737359	14.0942899945916	0.349920081538734
14.375	31.75	-0.000154659088182216	0.80212576616769	0.00229954684365124	14.0241308682321	0.349899471592682
14.625	31.75	-0.000184058905156971	0.802340583426031	0.00267997487652843	13.9539583002089	0.349880361711648
14.875	31.75	-0.000204974717776764	0.80258549918762	0.00313435008575918	13.8837692578238	0.349866766433445
15.125	31.75	-0.000208181615400967	0.80286590178179	0.00367723401207569	13.8135592997557	0.349864681949989
15.375	31.75	-0.000180555733765057	0.803188209294834	0.00432549884960676	13.7433220422481	0.349882638773053
15.625	31.75	-0.000104102811119333	0.803560037743812	0.00509839151736065	13.6730484906848	0.349932333172772
15.875	31.75	4.51322163416497e-05	0.803990377515437	0.00601744568224038	13.6027262186624	0.350029335940622
16.125	31.75	0.000298268909657528	0.804489765754277	0.00710616618140828	13.5323383774086	0.350193874791277
16.375	31.75	0.000694897899550235	0.805070433595895	0.00838939170509705	13.4618625200581	0.350451683634708
16.625	31.75	0.00128447255114034	0.805746394932225	0.00989222449599299	13.3912692283473	0.350834907158241
16.875	31.75	0.00212775612481821	0.806533427548043	0.0116384045103114	13.3205205344506	0.351383041481132
17.125	31.75	0.00329827652909328	0.807448878599186	0.0136480066082842	13.2495681389807	0.352143879743911
17.375	31.75	0.00488371416000807	0.8085112066374	0.0159343621553216	13.1783514389107	0.353174414204005
17.625	31.75	0.00698711272287044	0.809739156220607	0.0185001624664152	13.1067953977555	0.354541623269866
17.875	31.75	0.00972775987417208	0.811150456266739	0.0213328030713923	13.0348083159301	0.356323043918212
18.125	31.75	0.0132415391595256	0.812759950902932	0.0243991842522933	12.9622795921585	0.358607000453692
18.375	31.75	0.0176805171791747	0.814577125339663	0.0276403952808304	12.8890776058742	0.361492336166463
18.625	31.75	0.0232115161547329	0.816603092065245	0.0309669607585156	12.8150478918655	0.365087485500576
18.875	31.75	0.0300134536113974	0.818827259696573	0.0342555755736417	12.7400118145389	0.369508744847408
19.125	31.75	0.0382733322708348	0.821224106333912	0.0373484294231597	12.6637659684929	0.374877665976043
19.375	31.75	0.0481809559858755	0.823750682888251	0.0400562308816488	12.586082519196	0.381317621390819
19.625	31.75	0.0599227391205495	0.826345611496468	0.0421657978269332	12.5067106353736	0.388949780428357
19.875	31.75	0.0736753439912274	0.828930333395289	0.0434525465573928	12.425379039093	0.397888973594298
20.125	31.75	0.0896002495002459	0.831413125458727	0.0436974400334138	12.3417995071182	0.40824016217516
20.375	31.75	0.107840581422588	0.833695927327383	0.0427071118332066	12.2556709155159	0.420096377924682
20.625	31.75	0.128521412291304	0.835683376391723	0.0403352045792634	12.1666831778953	0.433538917989348
20.875	31.75	0.151754035517432	0.837292802723966	0.0365026554723923	12.0745202719803	0.448640123086331
21.125	31.75	0.177643286740896	0.838463497827319	0.031214770279686	11.978861594059	0.465468136381583
21.375	31.75	0.206294923704386	0.83916350346639	0.0245732612250258	11.8793812395897	0.484091700407851
21.625	31.75	0.237817891724445	0.839392521932112	0.0167816421726659	11.7757455381179	0.504581629620889
21.875	31.75	0.272314965115628	0.839180259322631	0.00814223531934355	11.6676102031635	0.527004727325158
22.125	31.75	0.309856010909109	0.838580436028854	-0.000957279620697599	11.5546195422174	0.551406407090921
22.375	31.75	0.350431990729138	0.837661652957682	-0.0100696382639749	11.4364108755063	0.577780793973939
22.625	31.75	0.393894852924577	0.836497059328895	-0.0187262968820456	11.3126271186761	0.606031654400975
22.875	31.75	0.439897047047765	0.835155040827522	-0.0264850330142633	11.1829390098978	0.635933080581047
23.125	31.75	0.48785101515115	0.83369273698162	-0.0329793548504736	11.0470757412822	0.667103159848247
23.375	31.75	0.536929331102177	0.832153183522364	-0.0379594039763479	10.9048594605421	0.699004065216415
23.625	31.75	0.586117317968716	0.830565734939821	-0.041314760301017	10.7562364910598	0.730976256679666
23.875	31.75	0.63431343899281	0.828948709715249	-0.043074199133297	10.6012975220477	0.762303735345327
24.125	31.75	0.680455188383659	0.82731309896683	-0.0433840680561438	10.4402811181168	0.792295872449378
24.375	31.75	0.723638419774205	0.825666412671533	-0.0424725220942691	10.2735591197733	0.820364972853233
24.625	31.75	0.763201285674782	0.824015964409187	-0.0406092102446498	10.101607189027	0.846080835688608
24.875	31.75	0.798758065985888	0.822371062443194	-0.0380689005601819	9.9249670334397	0.869192742890827
25.125	31.75	0.830185276113054	0.820743824763935	-0.0351042870891461	9.74420767943427	0.889620429473485
25.375	31.75	0.857574644692726	0.8191487052954	-0.0319296038229828	9.55989176522396	0.907423519050272
25.625	31.75	0.881171421911438	0.81760115835472	-0.0287139393047965	9.37255024638467	0.922761424242435
25.875	31.75	0.901313502807795	0.816116012963233	-0.0255817412981686	9.18266632653714	0.935853776825067
26.125	31.75	0.918380774667547	0.81470604810246	-0.0226177364884518	8.99066758449903	0.946947503533905
26.375	31.75	0.932758210468603	0.813381050523744	-0.019873915658844	8.79692436066238	0.956292836804592
26.625	31.75	0.94481217514684	0.812147420413566	-0.0173769222802244	8.60175231036236	0.964127913845446
26.875	31.75	0.954877390667369	0.811008241770985	-0.0151348510902152	8.40541732218774	0.97067030393379
27.125	31.75	0.963251491199563	0.809963669082507	-0.0131429834969814	8.20814146133528	0.976113469279716
27.375	31.75	0.970194423175418	0.809011479380732	-0.0113883327122233	8.01010905651149	0.980626375064022
27.625	31.75	0.97593058963069	0.808147669486744	-0.00985306965933433	7.81147242051796	0.984354883259949
27.875	31.75	0.980652299982592	0.807367018554822	-0.00851699325441815	7.61235695898013	0.987423994988685
28.125	31.75	0.98452363028456	0.806663572366148	-0.00735923519494282	7.41286559042608	0.989940359684964
28.375	31.75	0.987684192237249	0.806031032818149	-0.00635937985200075	7.21308249723662	0.991994724954212
28.625	31.75	0.990252567859798	0.80546305335502	-0.00549815405202577	7.01307627414196	0.993664169108869
28.875	31.75	0.99232932287845	0.804953450529213	-0.00475781115736073	6.81290255772635	0.995014059870993
29.125	31.75	0.993999597570631	0.804496345847464	-0.00412230502329915	6.61260622022325	0.99609973842091
29.375	31.75	0.995335314722175	0.80408625263474	-0.00357732476049336	6.41222320247085	0.996967954569414
29.625	31.75	0.996397058916664	0.803718121402414	-0.00311024145006008	6.21178204949428	0.997658088295832
29.875	31.75	0.997235681746953	0.803387355163452	-0.00271000275291269	6.01130520066186	0.99820319313552
30.125	31.75	0.997893681256508	0.803089803912318	-0.00236700003241567	5.81081007610779	0.99863089281673
30.375	31.75	0.998406395355229	0.802821745407887	-0.00207292438893663	5.610309992623	0.998964156980899
30.625	31.75	0.998803040451475	0.802579857608272	-0.00182062216242071	5.40981493551052	0.999221976293459
30.875	31.75	0.999107619198361	0.802361186645119	-0.00160395638746239	5.20933220777344	0.999419952478935
31.125	31.75	0.999339715445784	0.802163113074929	-0.00141767790212527	5.00886697415754	0.99957081503976
31.375	31.75	0.999515190199778	0.801983318263624	-0.0012573079492813	4.80842271470847	0.999684873629855
31.625	31.75	0.999646789393625	0.801819752101399	-0.00111903289405111	4.60800160035885	0.999770413105856
31.875	31.75	0.999744672260633	0.801670602762635	-0.000999610914464649	4.40760480142236	0.999834036969412
32.125	31.75	0.999816867754538	0.80153426888753	-0.000896290063084375	4.20723273858237	0.999880964040449
32.375	31.75	0.999869665553377	0.801409334340672	-0.000806736844590096	4.00688528491218	0.999915282609695
32.625	31.75	0.999907947616972	0.801294545574866	-0.000728974338781764	3.80656192657517	0.999940165951032
32.875	31.75	0.999935466135841	0.801188791564213	-0.000661328870183455	3.60626188905378	0.999958052988297
33.125	31.75	0.999955074193213	0.801091086218933	-0.000602384248838891	3.4059842349646	0.999970798225589
33.375	31.75	0.999968916568974	0.801000553089783	-0.000550942655690385	3.20572793864055	0.999979795769833
33.625	31.75	0.999978589248461	0.80091641196169	-0.000505991303099703	3.00549194165124	0.999986083011499
33.875	31.75	0.999985275822934	0.800837966656226	-0.000466674061764235	2.80527519237849	0.999990429284907
34.125	31.75	0.999989864883158	0.800764593202982	-0.000432267320631047	2.60507667200237	0.999993412174053
34.375	31.75	0.99999304336734	0.800695727869569	-0.000402159461489331	2.40489540934971	0.999995478188771
34.625	31.75	0.999995349030071	0.800630855739678	-0.000375833507706462	2.20473048851391	0.999996976869546
34.875	31.75	0.999997159913994	0.800569502561715	-0.000352852731621376	2.00458105572299	0.999998153944096
35.125	31.75	0.99999861566858	0.800511234393775	-0.000332849178352402	1.80444633374771	0.999999100184577
35.375	31.75	0.999999518926896	0.800455668703995	-0.000315514985199484	1.6043256493944	0.999999687302482
35.625	31.75	0.999999348344556	0.800402493940785	-0.000300595819227888	1.40421846799326	0.999999576423961
35.875	31.75	0.999997577044692	0.800351480982951	-0.000287884692056775	1.20412440768304	0.99999842507905
36.125	31.75	0.999994425159661	0.800302454415651	-0.000277213351686021	1.00404318531602	0.99999637635378
36.375	31.75	0.999991861196123	0.800255189424106	-0.000268438697853097	0.803974449372015	0.99999470977748
36.625	31.75	0.999994084108025	0.800209234394177	-0.000261425028655417	0.603917517037773	0.999996154670216
36.875	31.75	1.00000612900827	0.800163738659734	-0.000256030397859308	0.403871170575799	1.00000398385538
37.125	31.75	1.0000293214873	0.800110142077567	-0.000252115019905723	0.203833843322538	1.00001905896675
37.375	31.75	1.00005400238466	0.400088622135	-0.000249795981380173	0.0038082846449318	1.00003510155003
0.125	32.25	-3.56751119849257e-12	0.400003083871655	9.11614217290767e-06	18.0164314293964	0.349999999997681
0.375	32.25	-5.46455268633293e-12	0.800009261860439	9.22219700504144e-06	17.9464308897	0.349999999996448
0.625	32.25	-7.27171174476585e-12	0.800015470625754	9.4348707677031e-06	17.8764298085143	0.349999999995273
0.875	32.25	-6.51217892840749e-12	0.800021730842118	9.75529664084703e-06	17.8064281822458	0.349999999995767
1.125	32.25	-2.51878814069739e-13	0.800028063422487	1.01851868440534e-05	17.7364260054834	0.349999999999836
1.375	32.25	1.41773579798276e-11	0.800034489615974	1.07268477716601e-05	17.6664232709728	0.350000000009215
1.625	32.25	3.78416113742518e-11	0.800041031110114	1.13832007797933e-05	17.5964199695837	0.350000000024597
1.875	32.25	6.84691278250651e-11	0.800047710137713	1.21578085329648e-05	17.5264160902663	0.350000000044505
2.125	32.25	9.87464564802046e-11	0.800054549589055	1.30549080450818e-05	17.45641162	0.350000000064185
2.375	32.25	1.15294561004579e-10	0.800061573131768	1.40794505692803e-05	17.3864065437312	0.350000000074941
2.625	32.25	9.91012028297744e-11	0.800068805338376	1.5237149044095e-05	17.3164008443006	0.350000000064416
2.875	32.25	2.81516754965087e-11	0.80007627182429	1.65345346325387e-05	17.2463945023595	0.350000000018299
3.125	32.25	-1.17235614385015e-10	0.800083999396878	1.79790228089661e-05	17.1763874962718	0.349999999923797
3.375	32.25	-3.4629848472831e-10	0.800092016218349	1.95789908198331e-05	17.1063798020023	0.349999999774906
3.625	32.25	-6.47495571037369e-10	0.800100351983946	2.13438680306088e-05	17.0363713929889	0.349999999579128
3.875	32.25	-9.77302188168156e-10	0.800109038118606	2.32842412024277e-05	16.9663622399969	0.349999999364754
4.125	32.25	-1.25049853417993e-09	0.800118107994315	2.54119770448213e-05	16.8963523109533	0.349999999187176
4.375	32.25	-1.33547423805595e-09	0.800127597172023	2.77403648561442e-05	16.8263415707611	0.349999999131942
4.625	32.25	-1.05918667850597e-09	0.800137543672309	3.02842829181522e-05	16.75632998109	0.349999999311529
4.875	32.25	-2.27026201144198e-10	0.800147988279343	3.30603924462642e-05	16.6863175001442	0.349999999852433
5.125	32.25	1.33767930425099e-09	0.800158974884378	3.60873643903914e-05	16.6163040824057	0.350000000869492
5.375	32.25	3.73206233228937e-09	0.800170550875953	3.93861447471667e-05	16.5462896783516	0.350000002425841
5.625	32.25	6.89189879885987e-09	0.800182767584106	4.29802653552063e-05	16.4762742341456	0.350000004479734
5.875	32.25	1.04976907205506e-08	0.800195680788103	4.68962085646382e-05	16.4062576912988	0.350000006823499
6.125	32.25	1.38842221869285e-08	0.800209351297482	5.1163835426643e-05	16.3362399862965	0.350000009024744
6.375	32.25	1.59768003754183e-08	0.800223845616984	5.58168894377478e-05	16.2662210501811	0.35000001038492
6.625	32.25	1.52838831471176e-08	0.800239236709341	6.08935901206519e-05	16.1962008080789	0.350000009934524
6.875	32.25	9.97962554246709e-09	0.800255604869004	6.64373331905515e-05	16.1261791786518	0.350000006486757
7.125	32.25	-1.89051261470628e-09	0.800273038724512	7.24975187977081e-05	16.0561560734495	0.349999998771167
7.375	32.25	-2.20539986665139e-08	0.800291636389401	7.91305325365019e-05	15.9861313961322	0.349999985664901
7.625	32.25	-5.14910060370346e-08	0.800311506784695	8.64009099077144e-05	15.9161050415292	0.349999966530846
7.875	32.25	-8.97556645638689e-08	0.800332771162922	9.43827213310667e-05	15.8460768944944	0.349999941658818
8.125	32.25	-1.34172457489517e-07	0.800355564867625	0.000103161222500112	15.7760468285222	0.349999912787903
8.375	32.25	-1.78976357290868e-07	0.800380039372018	0.000112834824909447	15.7060147040858	0.349999883665368
8.625	32.25	-2.14506601448906e-07	0.800406364649236	0.0001235174530982	15.635980366672	0.349999860570709
8.875	32.25	-2.2661058852433e-07	0.800434731938924	0.000135341370777611	15.5659436444958	0.349999852703117
9.125	32.25	-1.96464679933279e-07	0.800465356990888	0.000148460576762352	15.4959043458954	0.349999872297958
9.375	32.25	-1.01070429495102e-07	0.800498483886361	0.000163054896731296	15.4258622564315	0.349999934304221
9.625	32.25	8.52657802906445e-08	0.800534389563837	0.000179334928779381	15.3558171357436	0.350000055422757
9.875	32.25	3.88120698374109e-07	0.800573389211358	0.000197548042030043	15.285768714241	0.350000252278454
10.125	32.25	8.284380983149e-07	0.80061584273283	0.000217985681518228	15.2157166897465	0.350000538484764
10.375	32.25	1.41594764718822e-06	0.800662162555452	0.000240992300710937	15.1456607242315	0.350000920365971
10.625	32.25	2.14022304025639e-06	0.80071282312334	0.000266976330376826	15.0756004408046	0.350001391144976
10.875	32.25	2.95923103615906e-06	0.800768372519218	0.000296423700168868	15.0055354211134	0.350001923500174
11.125	32.25	3.78548532840735e-06	0.800829446779033	0.000329914560988456	14.9354652032807	0.350002460565463
11.375	32.25	4.47033172953082e-06	0.800896787613068	0.000368144012129963	14.8653892804081	0.350002905715624
11.625	32.25	4.7874866630377e-06	0.800971264426126	0.000411947817147721	14.7953070995063	0.350003111866331
11.875	32.25	4.41775266269819e-06	0.80105390173976	0.000462334290936536	14.7252180604397	0.350002871539231
12.125	32.25	2.93784758511126e-06	0.801145913363222	0.000520523749898646	14.6551215140515	0.35000190960093
12.375	32.25	-1.82513514510296e-07	0.80124874493733	0.000587997119999852	14.5850167580571	0.349999881366216
12.625	32.25	-5.56981076021962e-06	0.80136412678521	0.000666555470943232	14.5149030285147	0.349996379623006
12.875	32.25	-1.39153448394795e-05	0.801494139345258	0.000758392350317149	14.4447794836958	0.349990955025854
13.125	32.25	-2.5915190495173e-05	0.801641293827747	0.000866180779201879	14.3746451759855	0.349983155126178
13.375	32.25	-4.21723865895363e-05	0.801808631116735	0.000993176567871052	14.3044990060588	0.349972587948717
13.625	32.25	-6.30517530628576e-05	0.801999842312921	0.00114333912237506	14.2343396520565	0.349959016360509
13.875	32.25	-8.84778626116905e-05	0.802219414643466	0.00132147001622249	14.1641654648907	0.349942489389302
14.125	32.25	-0.00011766764075914	0.802472806690674	0.00153336813920594	14.0939743192487	0.349923516033506
14.375	32.25	-0.000148790907179654	0.802766656916184	0.00178599801704752	14.0237634084484	0.349903285910333
14.625	32.25	-0.000178554890392488	0.803109029127957	0.00208766469748445	13.9535289701708	0.349883939321245
14.875	32.25	-0.000201712215537984	0.803509697638204	0.00244818417577141	13.8832659293778	0.3498688870599
15.125	32.25	-0.000210495829672522	0.803980473080568	0.00287903244492023	13.8129674445545	0.349863177710713
15.375	32.25	-0.000193988446042883	0.804535566781134	0.00339344870812867	13.7426243438929	0.349873907510072
15.625	32.25	-0.000137437977403363	0.805191986685833	0.00400645901626357	13.6722244392575	0.349910665314688
15.875	32.25	-2.15337600574142e-05	0.805969950504437	0.00473477575789842	13.6017517078104	0.349986003055963
16.125	32.25	0.000178339023598553	0.806893291258008	0.00559651660485819	13.5311853341301	0.350115920365339
16.375	32.25	0.000492847339021336	0.807989816173637	0.00661067488014728	13.4604986096551	0.350320350770364
16.625	32.25	0.000959439547414083	0.809291561462112	0.00779626390401662	13.3896576915543	0.350623635705819
16.875	32.25	0.00162303242256014	0.810834863091145	0.00917105382269482	13.3186202300054	0.351054971074664
17.125	32.25	0.00253662867757528	0.81266013838921	0.0107498251289254	13.247333881832	0.351648808640424
17.375	32.25	0.00376183178499414	0.81481124793484	0.0125420841367305	13.1757347400485	0.352445190660246
17.625	32.25	0.00536921671928439	0.817334286734843	0.0145492283777549	13.1037457236027	0.353489990867535
17.875	32.25	0.00743850633497004	0.820275646000994	0.0167612200756029	13.0312749896396	0.354835029117731
18.125	32.25	0.0100584971162535	0.823679202603182	0.0191529267830839	12.9582144513699	0.356538023125565
18.375	32.25	0.0133266816559472	0.827582545069487	0.0216804175290495	12.8844385062286	0.358662343076366
18.625	32.25	0.0173485382869673	0.832012244517319	0.0242776486656874	12.8098030976279	0.361276549886529
18.875	32.25	0.0222365130623606	0.836978332075501	0.0268541118694164	12.7341452429622	0.364453733490534
19.125	32.25	0.0281088180153039	0.842468344623722	0.0292941105146441	12.6572831516345	0.368270731709948
19.375	32.25	0.0350883197184416	0.84844152226605	0.0314583354675241	12.5790170187495	0.372807407816987
19.625	32.25	0.0433019881960199	0.854823936043614	0.0331882881537017	12.4991305016007	0.378146292327413
19.875	32.25	0.0528815889892828	0.861505429022856	0.0343138335089715	12.4173927595987	0.384373032843034
20.125	32.25	0.0639664649459373	0.868339206151668	0.034663789070908	12.3335607657216	0.391578202214859
20.375	32.25	0.0767092570908218	0.875144676348688	0.0340790520816872	12.2473813978839	0.399861017109034
20.625	32.25	0.091285098811041	0.881713759533181	0.0324274479547996	12.1585926359034	0.409335314227177
20.875	32.25	0.107904007925925	0.887820412617235	0.0296193376406254	12.0669230982826	0.420137605151851
21.125	32.25	0.126824763141619	0.893232733314576	0.0256230268664022	11.9720892541057	0.432436096042052
21.375	32.25	0.148366500320514	0.897726783597134	0.0204789887477204	11.8737900487636	0.446438225208334
21.625	32.25	0.17291190454765	0.901101267048333	0.014311527341918	11.7716994658827	0.462392737955973
21.875	32.25	0.200893934002794	0.903192305199315	0.00733553762156233	11.6654586947143	0.480581057101816
22.125	32.25	0.232757692148001	0.903887592800609	-0.000145339550126626	11.5546708955849	0.501292499896201
22.375	32.25	0.26889187889523	0.903138959986818	-0.00775366796702323	11.4389026443514	0.524779721281899
22.625	32.25	0.309531483086843	0.900971747837632	-0.0150695174106929	11.3176963738356	0.551195464006448
22.875	32.25	0.354645030786416	0.897488617219768	-0.0216770145775573	11.1905968570042	0.58051927001117
23.125	32.25	0.403833080669844	0.892865076075495	-0.0272184852621467	11.0571916370884	0.612491502435399
23.375	32.25	0.456273646079414	0.887334928179412	-0.0314430537677564	10.917160701408	0.646577869951619
23.625	32.25	0.510746914267791	0.881166405531342	-0.0342360933577966	10.7703260521184	0.681985494274064
23.875	32.25	0.565751438641478	0.874633190673406	-0.0356217872604507	10.616689325524	0.717738435116961
24.125	32.25	0.619691834735098	0.867986956128995	-0.0357404068570697	10.4564470992021	0.752799692577814
24.375	32.25	0.671089201428991	0.861437661271903	-0.0348096862534353	10.2899791429552	0.786207980928844
24.625	32.25	0.718756739011008	0.855144639350909	-0.0330823913117625	10.1178124897499	0.817191880357156
24.875	32.25	0.761899557231028	0.849217452203968	-0.0308099147823856	9.94057048623528	0.845234712200168
25.125	32.25	0.800128763158302	0.843722890938047	-0.0282170158636281	9.75891842501966	0.870083696052896
25.375	32.25	0.833407942372204	0.838694212691962	-0.0254883540007872	9.57351568874446	0.891715162541932
25.625	32.25	0.861963464308482	0.83413995584405	-0.0227646641627198	9.38498021869832	0.910276251800513
25.875	32.25	0.886188256300543	0.830051197882972	-0.0201453948871966	9.19386675788209	0.926022366595353
26.125	32.25	0.906558579951167	0.826407140068529	-0.017694815767024	9.00065719537502	0.939263076968258
26.375	32.25	0.923572193024774	0.82317931860634	-0.015449341733346	8.80575986392298	0.950321925466103
26.625	32.25	0.937708193580848	0.820334784621435	-0.0134246517884574	8.60951447912953	0.959510325827551
26.875	32.25	0.949404659688968	0.817838506410394	-0.0116218651560064	8.4121999755974	0.967113028797829
27.125	32.25	0.959048994425732	0.815655158334084	-0.0100325101985191	8.21404330014984	0.973381846376726
27.375	32.25	0.966976345171028	0.813750408119244	-0.00864230086943279	8.01522797068095	0.978534624361168
27.625	32.25	0.973472560720921	0.812091791392819	-0.00743387304112153	7.81590178081419	0.982757164468599
27.875	32.25	0.978779286699069	0.810649253264729	-0.00638868041196819	7.61618341169775	0.986206536354395
28.125	32.25	0.983099725760206	0.809395430788133	-0.00548824698900425	7.41616793722713	0.989014821744134
28.375	32.25	0.986604248408037	0.808305742612822	-0.00471494720221606	7.21593132375343	0.991292761465224
28.625	32.25	0.989435466435597	0.807358342558549	-0.00405245143600585	7.01553407057392	0.993133053183138
28.875	32.25	0.991712633872967	0.806533983225677	-0.00348594246826599	6.81502414328632	0.994613212017429
29.125	32.25	0.993535376795345	0.805815825378792	-0.00300218059363173	6.61443933828616	0.995797994916974
29.375	32.25	0.994986817521211	0.805189219566845	-0.00258947306071622	6.4138091952726	0.996741431388787
29.625	32.25	0.996136181216949	0.804641478709143	-0.00223758657081509	6.21315655217952	0.997488517791017
29.875	32.25	0.997040973378381	0.804161654259918	-0.00193762914693664	6.01249881665058	0.998076632695948
30.125	32.25	0.997748806932985	0.803740323932289	-0.00168191875608526	5.81184901124288	0.99853672450644
30.375	32.25	0.998298944504331	0.803369395585868	-0.00146384980083682	5.61121663612561	0.998894313927815
30.625	32.25	0.998723608207569	0.803041929507144	-0.00127776428167168	5.41060838278586	0.99917034533492
30.875	32.25	0.999049097813618	0.802751979702415	-0.0011188315170813	5.21002872461838	0.999381913578852
31.125	32.25	0.999296748776272	0.802494453778712	-0.000982938379983251	5.00948040469116	0.999542886704577
31.375	32.25	0.999483754441916	0.80226499034843	-0.00086659076348308	4.80896483693057	0.999664440387245
31.625	32.25	0.999623871460387	0.802059852535802	-0.000766826210367024	4.60848243403335	0.999755516449252
31.875	32.25	0.99972802358374	0.801875835999646	-0.000681137176370052	4.40803287325764	0.999823215329431
32.125	32.25	0.999804816272215	0.801710189856585	-0.000607404141871618	4.20761530962942	0.99987313057694
32.375	32.25	0.999860972505562	0.801560548953142	-0.000543837667834876	4.00722854485524	0.999909632128615
32.625	32.25	0.999901698768374	0.801424876064252	-0.000488928460213686	3.80687115923558	0.999936104199443
32.875	32.25	0.999930989379662	0.801301412756931	-0.000441404528731067	3.60654161302437	0.99995514309678
33.125	32.25	0.999951877315677	0.801188637801272	-0.000400194577031821	3.40623832287544	0.99996872025519
33.375	32.25	0.999966640406163	0.801085232071576	-0.000364396824556311	3.20595971814738	0.999978316264006
33.625	32.25	0.999976972633323	0.800990048810334	-0.000333252525320713	3.00570428084552	0.99998503221166
33.875	32.25	0.999984129640262	0.800902087961912	-0.00030612351230304	2.8054705719487	0.999989684266171
34.125	32.25	0.999989053199172	0.800820473221126	-0.000282473166107962	2.60525724613736	0.999992884579462
34.375	32.25	0.999992469911978	0.800744430863165	-0.000261850299817752	2.40506305708573	0.999995105442785
34.625	32.25	0.999994947259171	0.800673270717574	-0.000243875583830075	2.20488685701339	0.999996715718461
34.875	32.25	0.99999688463037	0.800606371784408	-0.000228230295223985	2.00472759685671	0.99999797500974
35.125	32.25	0.999998434237705	0.800543176881734	-0.00021464730107709	1.80458433531325	0.999998982254508
35.375	32.25	0.99999940129663	0.800483199868887	-0.000202904143330141	1.60445626223844	0.99999961084281
35.625	32.25	0.999999258051354	0.800426042235546	-0.000192817736223449	1.40434273001659	0.99999951773338
35.875	32.25	0.999997469732059	0.800371401974473	-0.000184239497349038	1.20424326497968	0.999998355325838
36.125	32.25	0.999994264086738	0.800319041875394	-0.000177049045528229	1.00415750952485	0.99999627165638
36.375	32.25	0.999991655274249	0.800268682187651	-0.000171144766586412	0.804085049230402	0.999994575928262
36.625	32.25	0.999993937091405	0.800219817651483	-0.000166431757489831	0.604025142404796	0.999996059109414
36.875	32.25	1.00000625814628	0.800171539886997	-0.000162812562827546	0.403976510550367	1.00000406779508
37.125	32.25	1.00002997479286	0.800115057017001	-0.000160192455247014	0.203937527470645	1.00001948361536
37.375	32.25	1.00005521173719	0.400091444725453	-0.000158646273191483	0.00391099079906619	1.00003588762918
0.125	32.75	-3.57378002049824e-12	0.400003169440478	-3.39048539800121e-06	18.0164309132971	0.349999999997677
0.375	32.75	-5.49141265848987e-12	0.800009519036839	-3.32634230210687e-06	17.9464303586262	0.349999999996431
0.625	32.75	-7.33899296039817e-12	0.800015900823283	-3.19768848655482e-06	17.8764292474092	0.34999999999523
0.875	32.75	-6.63326740575637e-12	0.800022336430151	-3.00378578913724e-06	17.8064275758876	0.349999999995688
1.125	32.75	-4.21699037692006e-13	0.800028847746477	-2.74351966298534e-06	17.7364253384006	0.349999999999726
1.375	32.75	1.39978517108942e-11	0.800035457026355	-2.41539031645865e-06	17.6664225273582	0.350000000009099
1.625	32.75	3.77393815598146e-11	0.800042187000463	-2.01750053699225e-06	17.5964191332045	0.350000000024531
1.875	32.75	6.85837950238824e-11	0.800049060992722	-1.54754016138154e-06	17.5264151443713	0.350000000044579
2.125	32.75	9.92570243441271e-11	0.800056103043459	-1.00276687551011e-06	17.4564105472216	0.350000000064517
2.375	32.75	1.16381563920468e-10	0.800063338041069	-3.79982849365485e-07	17.3864053259819	0.350000000075648
2.625	32.75	1.00884390224085e-10	0.800070791862994	3.2449305250976e-07	17.3163994626633	0.350000000065575
2.875	32.75	3.06125303702164e-11	0.800078491528761	1.11485830147765e-06	17.2463929369686	0.350000000019898
3.125	32.75	-1.14331162052763e-10	0.800086465366451	1.99586518999821e-06	17.1763857261862	0.349999999925685
3.375	32.75	-3.43464943290293e-10	0.80009474319481	2.97286628374188e-06	17.1063778050666	0.349999999776748
3.625	32.75	-6.45579912689472e-10	0.800103356524356	4.05186710032487e-06	17.0363691456824	0.349999999580373
3.875	32.75	-9.77530818936655e-10	0.800112338780392	5.23958771049402e-06	16.9663597172669	0.349999999364605
4.125	32.75	-1.25451375595079e-09	0.800121725550625	6.5435345078627e-06	16.8963494860319	0.349999999184566
4.375	32.75	-1.34531103571025e-09	0.800131554863401	7.97208398451877e-06	16.8263384149607	0.349999999125548
4.625	32.75	-1.07708112064765e-09	0.800141867499805	9.53458041569417e-06	16.756326463576	0.349999999299897
4.875	32.75	-2.54910862920174e-10	0.800152707347208	1.12414501104467e-05	16.6863135876796	0.349999999834308
5.125	32.75	1.29910601319657e-09	0.8001641218013	1.31043354365914e-05	16.616299739063	0.350000000844419
5.375	32.75	3.68469436381674e-09	0.800176162224755	1.5136252052648e-05	16.5462848651876	0.350000002395051
5.625	32.75	6.84185311295984e-09	0.800188884473975	1.73517735524777e-05	16.4762689088303	0.350000004447205
5.875	32.75	1.04569129251974e-08	0.800202349504265	1.97672490424041e-05	16.4062518076931	0.350000006796993
6.125	32.75	1.38716802362801e-08	0.800216624067237	2.24010593463951e-05	16.3362334939676	0.350000009016592
6.375	32.75	1.60188438837422e-08	0.800231781515141	2.52739193887596e-05	16.266213893845	0.350000010412248
6.625	32.75	1.54133439623308e-08	0.800247902729876	2.84092358756279e-05	16.1961929269579	0.350000010018674
6.875	32.75	1.0233246199729e-08	0.800265077195928	3.18335308653503e-05	16.1261705057296	0.35000000665161
7.125	32.75	-1.47672808236464e-09	0.800283404242105	3.5576944530242e-05	16.0561465346064	0.349999999040127
7.375	32.75	-2.14519302619273e-08	0.800302994478803	3.96738332060706e-05	15.9861209091379	0.349999986056245
7.625	32.75	-5.06905367154784e-08	0.800323971466545	4.41634819121025e-05	15.9160935148651	0.349999967051151
7.875	32.75	-8.8778376604872e-08	0.800346473655134	4.90909551302884e-05	15.8460642259739	0.349999942294055
8.125	32.75	-1.3308970900904e-07	0.800370656645105	5.45081140289784e-05	15.7760329036693	0.349999913491689
8.375	32.75	-1.77932761860994e-07	0.800396695832313	6.04748345402519e-05	15.7059993942243	0.349999884343705
8.625	32.75	-2.13750031940857e-07	0.800424789510826	6.70604679408545e-05	15.6359635266691	0.349999861062479
8.875	32.75	-2.2652952011948e-07	0.800455162527252	7.434559400665e-05	15.5659251100891	0.349999852755812
9.125	32.75	-1.97632517546013e-07	0.800488070600997	8.24241282614586e-05	15.4958839305208	0.349999871538864
9.375	32.75	-1.04293776320404e-07	0.800523805452778	9.14058582347323e-05	15.4258397474491	0.349999932209045
9.625	32.75	7.89029962854514e-08	0.8005627009209	0.00010141950155664	15.3557922899351	0.350000051286948
9.875	32.75	3.77233644981964e-07	0.800605140290771	0.000112616401370568	15.2857412524265	0.350000245201869
10.125	32.75	8.11366878862033e-07	0.800651565125314	0.000125175003644891	15.2156862903286	0.350000527388471
10.375	32.75	1.39087856380543e-06	0.800702485963139	0.000139306298561129	15.1456270154313	0.350000904071066
10.625	32.75	2.10547284151825e-06	0.800758495353701	0.000155260455366513	15.0755629912957	0.350001368557347
10.875	32.75	2.91378611587845e-06	0.800820283827842	0.00017333493873069	15.0054937286849	0.350001893960975
11.125	32.75	3.72991143440546e-06	0.800888659563786	0.000193884466378545	14.9354186810707	0.350002424442432
11.375	32.75	4.4081858257908e-06	0.80096457270669	0.000217333251707644	14.8653372401344	0.350002865320787
11.625	32.75	4.72736031965155e-06	0.801049145538597	0.000244190071102048	14.7952487309834	0.350003072784208
11.875	32.75	4.37603941962336e-06	0.801143709977947	0.000275066799564978	14.7251524065029	0.350002844425623
12.125	32.75	2.94223193681155e-06	0.801249854217045	0.000310701163254297	14.6550474398179	0.350001912450759
12.375	32.75	-8.90321916515116e-08	0.801369480679266	0.000351984552897725	14.5849329132285	0.349999942129075
12.625	32.75	-5.32486154842498e-06	0.801504877896488	0.000399995809882051	14.5148078011848	0.349996538839993
12.875	32.75	-1.3434097980429e-05	0.801658809361582	0.000456041913018692	14.4446709438686	0.349991267836313
13.125	32.75	-2.50899915506687e-05	0.801834622889026	0.000521706424494906	14.3745210067611	0.349983691505492
13.375	32.75	-4.08779432623969e-05	0.802036384496027	0.00059890635188826	14.3043564202272	0.349973429336879
13.625	32.75	-6.11602057686632e-05	0.802269041257795	0.000689957691783471	14.2341752916964	0.34996024586625
13.875	32.75	-8.58900928423712e-05	0.802538617935632	0.000797649264255324	14.1639752815582	0.349944171439652
14.125	32.75	-0.000114369825389636	0.802852452330074	0.000925323438653472	14.0937534325305	0.349925659613497
14.375	32.75	-0.000144948717415406	0.803219474141471	0.00107696088703738	14.0235059411515	0.34990578333368
14.625	32.75	-0.000174661949223817	0.803650531430395	0.00125726447315141	13.9532278593378	0.349886469733004
14.875	32.75	-0.000198814516346718	0.804158767296993	0.00147173468742436	13.8829127138093	0.349870770564375
15.125	32.75	-0.000210519758241012	0.804760046792289	0.00172672559314858	13.8125520317532	0.349863162157143
15.375	32.75	-0.000200206698211685	0.805473429896757	0.00202946603535168	13.7421347625026	0.349869865646162
15.625	32.75	-0.000155114705344052	0.806321680132361	0.00238802597238197	13.6716465873326	0.349899175441526
15.875	32.75	-5.87971344088239e-05	0.807331789444664	0.00281120248256113	13.601069112778	0.349961781862634
16.125	32.75	0.000109342907507071	0.808535487844764	0.0033082948007686	13.5303789471724	0.35007107288988
16.375	32.75	0.000374462029471617	0.809969690522934	0.00388873352461868	13.4595466654043	0.350243400319157
16.625	32.75	0.000766611239260104	0.811676815634753	0.00456152720986577	13.3885356732002	0.350498297305519
16.875	32.75	0.00132098037010061	0.813704883205553	0.00533449173952954	13.317300989618	0.350858637240565
17.125	32.75	0.00207804287756748	0.81610728101674	0.00621323632936467	13.2457879749315	0.351350727870419
17.375	32.75	0.00308359884341112	0.818942059664965	0.00719989728605092	13.1739310407692	0.352004339248217
17.625	32.75	0.00438872218587087	0.822270600659843	0.00829163892996468	13.1016523901794	0.352852669420816
17.875	32.75	0.00604962771686265	0.826155494793227	0.00947898176358737	13.0288608468774	0.353932258015961
18.125	32.75	0.00812748649932476	0.830657481152503	0.0107440703654147	12.9554508443914	0.355282866224561
18.375	32.75	0.0106882372198513	0.835831339037001	0.0120590537345285	12.8813016553279	0.356947354192903
18.625	32.75	0.0138024720180339	0.841720703703601	0.0133848106341478	12.8062769454328	0.358971606811722
18.875	32.75	0.0175455237644361	0.848351896492652	0.014670298745327	12.7302247318342	0.361404590446883
19.125	32.75	0.0219979545118984	0.855727017050112	0.0158528221782415	12.6529778035111	0.364298670432734
19.375	32.75	0.0272467453011884	0.863816725482907	0.0168594797143015	12.5743546171346	0.367710384445772
19.625	32.75	0.0333876115361856	0.872553318165329	0.0176099644888616	12.4941606056071	0.371701947498521
19.875	32.75	0.0405289965297917	0.881824835744115	0.0180207371141686	12.4121897251015	0.376343847744365
20.125	32.75	0.048798384459085	0.891470998777405	0.0180104123200553	12.3282259211003	0.381718949898405
20.375	32.75	0.0583515433151482	0.901281724083249	0.0175060306634144	12.2420440292173	0.387928503154846
20.625	32.75	0.0693850366701108	0.910998844922078	0.0164497900972381	12.153409476386	0.395100273835572
20.875	32.75	0.0821516718221817	0.920321494783183	0.014805829456615	12.0620760724706	0.403398586684418
21.125	32.75	0.0969773180089159	0.928915503324961	0.012566771554297	11.9677812704368	0.413035256705795
21.375	32.75	0.114275638302415	0.936427167287975	0.00975983562454199	11.8702386343268	0.42427916489657
21.625	32.75	0.134554837290382	0.942501882411727	0.00645221118047927	11.7691279900093	0.437460644238748
21.875	32.75	0.15840801546697	0.946808157327453	0.0027548410499449	11.6640848810499	0.452965210053531
22.125	32.75	0.1864771832992	0.949067058168336	-0.00117720439980429	11.554692398291	0.47121016914448
22.375	32.75	0.219382098494206	0.949085634553619	-0.00515049358788345	11.4404798418263	0.492598364021234
22.625	32.75	0.257610880230168	0.946790134116576	-0.00894775303028883	11.3209333670929	0.517447072149609
22.875	32.75	0.301381249853111	0.942251504964256	-0.0123516345672436	11.1955229335192	0.545897812404522
23.125	32.75	0.350498201089648	0.935693743225439	-0.0151742196043618	11.0637468313057	0.577823830708271
23.375	32.75	0.404250262995743	0.927477519231978	-0.017284766303469	10.9251898424745	0.612762670947233
23.625	32.75	0.461391812104673	0.918058241373272	-0.0186271066038421	10.7795850093697	0.649904677868038
23.875	32.75	0.520242632515745	0.907927051063557	-0.0192213452172099	10.6268646471396	0.688157711135234
24.125	32.75	0.57889739771249	0.897550158857263	-0.0191505058672167	10.46718648457	0.726283308513119
24.375	32.75	0.635492990520821	0.887322030551683	-0.0185379508105132	10.3009267719089	0.763070443838534
24.625	32.75	0.688456559041944	0.877541120303172	-0.0175231387831582	10.1286418493335	0.797496763377263
24.875	32.75	0.736668108218136	0.868407566399675	-0.0162416102020348	9.95100864132287	0.828834270341788
25.125	32.75	0.779510423855498	0.860035792036638	-0.0148118990144085	9.76875884294464	0.856681775506074
25.375	32.75	0.816821484813759	0.852473505489196	-0.013329284580596	9.5826201145907	0.880933965128943
25.625	32.75	0.848789063209441	0.845720791891635	-0.011864769670449	9.39327237673139	0.901712891086137
25.875	32.75	0.87582911419724	0.839746161235218	-0.0104672973734925	9.20132140948105	0.919288924228206
26.125	32.75	0.898477148895535	0.834498786958984	-0.00916751401045843	9.00728766779125	0.934010146782098
26.375	32.75	0.917306172093852	0.82991733946235	-0.00798190659848783	8.81160620451135	0.946249011861004
26.625	32.75	0.932872872593973	0.825936148831837	-0.00691663670085234	8.6146333975028	0.956367367186082
26.875	32.75	0.945687387855663	0.822489379276483	-0.00597075973277045	8.41665697397755	0.964696802106181
27.125	32.75	0.956199978711771	0.819513747914516	-0.00513875161078403	8.21790691865071	0.971529986162651
27.375	32.75	0.964798441343874	0.816950184935326	-0.00441239097266674	8.01856584058219	0.977118986873518
27.625	32.75	0.971811533191241	0.814744732514841	-0.00378209993108424	7.81877810534904	0.981677496574307
27.875	32.75	0.977515221999558	0.812848908344107	-0.00323785883238895	7.6186575095863	0.985384894299713
28.125	32.75	0.982139813145067	0.811219705761782	-0.00276980146478816	7.41829353963174	0.988390878544294
28.375	32.75	0.985876890524694	0.809819359863471	-0.00236857946188127	7.21775638119481	0.990819978841051
28.625	32.75	0.988885569362737	0.808614974634956	-0.00202556539527697	7.01710088784488	0.992775620085779
28.875	32.75	0.99129788954437	0.807578078790305	-0.00173294664592783	6.81636971167478	0.994343628203841
29.125	32.75	0.993223354115864	0.806684156725425	-0.00148374783019567	6.61559577439453	0.995595180175312
29.375	32.75	0.994752699193458	0.805912184971604	-0.0012718084511774	6.41480422551554	0.996589254475748
29.625	32.75	0.995961009447431	0.805244192845253	-0.00109173416563542	6.21401400352723	0.99737465614083
29.875	32.75	0.996910293304041	0.804664857740914	-0.000938834060878957	6.01323908927235	0.997991690647627
30.125	32.75	0.997651619285733	0.804161139889595	-0.000809052090672033	5.81248951905429	0.998473552535727
30.375	32.75	0.99822689797028	0.80372195771381	-0.000698897869600415	5.61177220817677	0.998847483680682
30.625	32.75	0.998670377245127	0.803337902603486	-0.000605380008838728	5.41109162295193	0.999135745209333
30.875	32.75	0.99900990382347	0.80300099059024	-0.000525943819994162	5.21045032990695	0.999356437485256
31.125	32.75	0.999267992010582	0.802704447699674	-0.000458414316429738	5.00984944419427	0.999524194806878
31.375	32.75	0.999462731420776	0.802442525486369	-0.000400944860186289	4.80928899439666	0.999650775423504
31.625	32.75	0.999608558379583	0.802210343248417	-0.000351971435658381	4.60876821747826	0.999745562946729
31.875	32.75	0.999716910617362	0.802003753571949	-0.000310172308965837	4.40828579515292	0.999815991901285
32.125	32.75	0.99979678108868	0.801819228105373	-0.000274432705798536	4.20784004112472	0.999867907707642
32.375	32.75	0.999855183954635	0.801653760768342	-0.000243814078130044	4.00742904729152	0.999905869570513
32.625	32.75	0.999897543737255	0.801504785935381	-0.000217527508821431	3.80705079594306	0.999933403429216
32.875	32.75	0.99992801739796	0.801370109468667	-0.000194910807829099	3.60670324411003	0.999953211308674
33.125	32.75	0.999949758723687	0.801247850763523	-0.000175408873316385	3.40638438541067	0.999967343170396
33.375	32.75	0.999965134876253	0.801136394151493	-0.000158556917594786	3.20609229388147	0.999977337669565
33.625	32.75	0.999975905613588	0.801034348034731	-0.000143966186520415	3.00582515329912	0.999984338648832
33.875	32.75	0.999983374902129	0.8009405100407	-0.000131311830104653	2.80558127448802	0.999989193686384
34.125	32.75	0.999988520108099	0.800853836492752	-0.000120322615088277	2.6053591023989	0.999992538070265
34.375	32.75	0.999992094268707	0.800773414975911	-0.00011077221451654	2.40515721492221	0.999994861274659
34.625	32.75	0.999994684567224	0.800698440136565	-0.000102471871712301	2.20497431698086	0.999996544968695
34.875	32.75	0.999996704531629	0.800628195055346	-9.52643118399144e-05	2.00480923617147	0.999997857945559
35.125	32.75	0.999998314913819	0.800562042479225	-8.90188338569216e-05	1.80466092816322	0.999998904693983
35.375	32.75	0.999999323329491	0.800499429370599	-8.36274991720891e-05	1.60452849727834	0.999999560164169
35.625	32.75	0.999999198964906	0.800439901416829	-7.90021734169658e-05	1.4044112256934	0.999999479327189
35.875	32.75	0.99999740295194	0.800383110119958	-7.50718658419156e-05	1.20430858290185	0.999998311918761
36.125	32.75	0.999994167759711	0.800328779126125	-7.17795001504568e-05	1.00422016540123	0.999996209043812
36.375	32.75	0.999991534114152	0.800276594246428	-6.90773299376243e-05	0.804145520268235	0.999994497174199
36.625	32.75	0.999993850662575	0.800226017110981	-6.69212209889675e-05	0.604083870210676	0.999996002930673
36.875	32.75	1.0000063315216	0.800176104330809	-6.52662569635415e-05	0.404033900510066	1.00000411548904
37.125	32.75	1.00003035075099	0.800117929150109	-6.40690104760798e-05	0.203993949840131	1.00001972798814
37.375	32.75	1.0000559083796	0.400093083222096	-6.33632359369662e-05	0.00396684312665166	1.00003634044674
0.125	33.25	-3.5791340248452e-12	0.400003212157848	-1.61536853949136e-05	18.0164326158838	0.349999999997674
0.375	33.25	-5.51186469193838e-12	0.800009647454352	-1.61329245617945e-05	17.9464320537374	0.349999999996417
0.625	33.25	-7.38874564803629e-12	0.800016115738931	-1.60912433631816e-05	17.8764309275231	0.349999999995197
0.875	33.25	-6.72171474379778e-12	0.800022639180044	-1.60283220069019e-05	17.8064292333891	0.349999999995631
1.125	33.25	-5.45022777755861e-13	0.80002924021389	-1.59436791892368e-05	17.736426965534	0.349999999999646
1.375	33.25	1.38676235017446e-11	0.800035941654708	-1.58366700996743e-05	17.6664241161788	0.350000000009014
1.625	33.25	3.76644945150507e-11	0.800042766810701	-1.57064837904432e-05	17.596420675529	0.350000000024482
1.875	33.25	6.86649462274501e-11	0.800049739604723	-1.55521396663517e-05	17.5264166317263	0.350000000044632
2.125	33.25	9.96254591106879e-11	0.800056884702364	-1.53724834616499e-05	17.4564119707904	0.350000000064757
2.375	33.25	1.17173895146565e-10	0.800064227648821	-1.51661822363782e-05	17.3864066765482	0.350000000076163
2.625	33.25	1.02198602889977e-10	0.800071795016058	-1.49317184191477e-05	17.3164007305523	0.350000000066429
2.875	33.25	3.24492931046683e-11	0.800079614562185	-1.46673832598273e-05	17.2463941119848	0.350000000021092
3.125	33.25	-1.12132822750867e-10	0.800087715405309	-1.43712686560212e-05	17.1763867975461	0.349999999927114
3.375	33.25	-3.41287663427573e-10	0.800096128214714	-1.40412582837747e-05	17.1063787613278	0.349999999778163
3.625	33.25	-6.44077240873934e-10	0.80010488542165	-1.36750169710604e-05	17.0363699746659	0.34999999958135
3.875	33.25	-9.77661589931194e-10	0.800114021453954	-1.3269978457038e-05	16.9663604059735	0.34999999936452
4.125	33.25	-1.25754976414652e-09	0.800123572997334	-1.28233313812099e-05	16.8963500205505	0.349999999182593
4.375	33.25	-1.35278375190182e-09	0.800133579289586	-1.23320027091204e-05	16.826338780368	0.34999999912069
4.625	33.25	-1.09060366553938e-09	0.800144082451282	-1.17926385907583e-05	16.7563266438254	0.349999999291108
4.875	33.25	-2.75795847250651e-10	0.800155127861964	-1.12015814806957e-05	16.6863135654775	0.349999999820733
5.125	33.25	1.2704897508304e-09	0.800166764588334	-1.05548435545102e-05	16.6162994957316	0.350000000825818
5.375	33.25	3.64981434210993e-09	0.800179045874695	-9.8480750017348e-06	16.5462843805092	0.350000002372379
5.625	33.25	6.80504752990825e-09	0.800192029707593	-9.07652623296996e-06	16.4762681608733	0.350000004423281
5.875	33.25	1.04263722728488e-08	0.800205779466196	-8.23500304212585e-06	16.4062507726129	0.350000006777142
6.125	33.25	1.38601316159334e-08	0.800220364674396	-7.31781288701668e-06	16.3362321457798	0.350000009009086
6.375	33.25	1.60436860845682e-08	0.800235861870771	-6.31870046068115e-06	16.2662122041663	0.350000010428396
6.625	33.25	1.54960083036768e-08	0.800252355616381	-5.2307704478156e-06	16.1961908647065	0.350000010072405
6.875	33.25	1.03976082628886e-08	0.800269939663022	-4.04639413562999e-06	16.1261680367794	0.350000006758445
7.125	33.25	-1.20699881349861e-09	0.800288718309032	-2.75709686674067e-06	16.0561436213859	0.349999999215451
7.375	33.25	-2.10571405851921e-08	0.800308807975089	-1.35342146857235e-06	15.9861175101616	0.349999986312859
7.625	33.25	-5.01599009740825e-08	0.800330339038865	1.7523754247975e-07	15.9160895841859	0.349999967396064
7.875	33.25	-8.81162185092069e-08	0.800353457975153	1.84083523798755e-06	15.8460597125405	0.349999942724458
8.125	33.25	-1.3232324725724e-07	0.800378329859644	3.65692085290948e-06	15.7760277505684	0.349999913989889
8.375	33.25	-1.7712216957956e-07	0.800405141305717	5.63893446872345e-06	15.7059935377858	0.34999988487059
8.625	33.25	-2.13002006906008e-07	0.800434103920006	7.80456561434188e-06	15.6359568954066	0.349999861548696
8.875	33.25	-2.26016242592106e-07	0.800465458381685	1.01741852060449e-05	15.565917623442	0.349999853089442
9.125	33.25	-1.97618416340225e-07	0.80049947927413	1.27713625639426e-05	15.4958754973582	0.349999871548029
9.375	33.25	-1.05172635945514e-07	0.800536480829106	1.56234807332816e-05	15.4258302642887	0.349999931637787
9.625	33.25	7.65588788794309e-08	0.800576823781893	1.87624634873847e-05	15.3557816388184	0.350000049763271
9.875	33.25	3.72612980764586e-07	0.800620923586701	2.22256280402544e-05	15.2857292983827	0.350000242198437
10.125	33.25	8.03353164553047e-07	0.800669260307133	2.60566782515789e-05	15.2156728783434	0.350000522179557
10.375	33.25	1.37799182346067e-06	0.800722390579904	3.03068535028907e-05	15.1456119668196	0.350000895694685
10.625	33.25	2.08584518589764e-06	0.80078096215793	3.50362495980512e-05	15.0755460993556	0.350001355799371
10.875	33.25	2.8852135623317e-06	0.800845731673051	4.03153292605802e-05	15.0054747534838	0.350001875388815
11.125	33.25	3.69004523868761e-06	0.800917586427211	4.62266412629173e-05	14.9353973431791	0.350002398529405
11.375	33.25	4.35495034799202e-06	0.800997571224949	5.28667687866298e-05	14.8653132130833	0.350002830717726
11.625	33.25	4.65970840505309e-06	0.801086921505887	6.0348527025941e-05	14.7952216321715	0.350003028810463
11.875	33.25	4.2951755772074e-06	0.801187104323724	6.88034273331039e-05	14.7251217862221	0.350002791864125
12.125	33.25	2.85344072334901e-06	0.801299869050852	7.83844152695155e-05	14.655012767999	0.35000185473647
12.375	33.25	-1.73831053023063e-07	0.801427310061862	8.92688695048227e-05	14.5848935634369	0.349999887009816
12.625	33.25	-5.38376340017124e-06	0.80157194405952	0.000101661810483787	14.5147630313225	0.34999650055379
12.875	33.25	-1.343111140155e-05	0.801736805143821	0.000115799203820436	14.444619872969	0.349991269777589
13.125	33.25	-2.49704183403474e-05	0.801925561168976	0.00013195114088881	14.3744625872093	0.349983769228079
13.375	33.25	-4.05637747983463e-05	0.802142655356881	0.000150424526304999	14.3042894047164	0.349973633546381
13.625	33.25	-6.05465131988719e-05	0.802393477491319	0.000171564680748356	14.2340981942633	0.349960644766421
13.875	33.25	-8.4844009315591e-05	0.802684569240585	0.000195754962619645	14.1638863321526	0.349944851393945
14.125	33.25	-0.000112734553032579	0.803023868146489	0.000223413107111648	14.0936505248088	0.349926722540529
14.375	33.25	-0.000142556071927972	0.803420994436364	0.000254982465765648	14.0233865735817	0.349907338553247
14.625	33.25	-0.000171358302024744	0.803887583873899	0.000290915704385765	13.9530890703196	0.349888617103684
14.875	33.25	-0.00019450660888857	0.804437668110644	0.000331647802991981	13.8827510124055	0.349873570704222
15.125	33.25	-0.000205248711752306	0.805088101118296	0.000377554449591317	13.8123633268541	0.349866588337361
15.375	33.25	-0.000194260537937514	0.805859025887462	0.000428891234327259	13.7419142948575	0.349873730650341
15.625	33.25	-0.000149191697818495	0.806774369238954	0.000485708595775546	13.6713888709092	0.349903025396418
15.875	33.25	-5.42339304817915e-05	0.807862343860672	0.000547737507993678	13.600767894346	0.349964747945187
16.125	33.25	0.000110263325217602	0.809155925159296	0.000614241780136767	13.5300271957789	0.350071671161391
16.375	33.25	0.000368107841425205	0.810693255961595	0.000683835040211684	13.4591366063533	0.350239270096926
16.625	33.25	0.000747492201457164	0.812517914576705	0.00075426454197132	13.3880588839744	0.350485869930947
16.875	33.25	0.00128112370890177	0.814678961815498	0.000822170443806147	13.3167485774308	0.350832730410786
17.125	33.25	0.00200625612582668	0.817230661571263	0.000882838627643018	13.2451508566375	0.351304066481787
17.375	33.25	0.00296463462363535	0.820231749824046	0.000929977602979791	13.1732003448561	0.351927012505363
17.625	33.25	0.00420237862648523	0.823744111988803	0.000955565101701031	13.1008199965461	0.352731546107215
17.875	33.25	0.00576984172857513	0.827830723251704	0.000949826144668137	13.0279200720705	0.353750397123574
18.125	33.25	0.00772150403362268	0.832552716974091	0.000901418805898909	12.9543972670798	0.355018977621855
18.375	33.25	0.0101159716538386	0.837965479040287	0.000797912142785559	12.8801340586998	0.356575381574995
18.625	33.25	0.0130161836812188	0.844113727351264	0.000626636784491942	12.8049983304133	0.358460519392792
18.875	33.25	0.0164899630957264	0.851025629441447	0.000375965592006783	12.7288433293868	0.360718476012222
19.125	33.25	0.0206111000044612	0.858706136835932	3.70333621460467e-05	12.6515079892955	0.3633972150029
19.375	33.25	0.0254612275563873	0.867129864806022	-0.000394172532038763	12.5728176126553	0.366549797911652
19.625	33.25	0.0311328424624075	0.876234004751174	-0.000914521799633267	12.4925848431507	0.370236347600565
19.875	33.25	0.0377339218282497	0.885911899948504	-0.00151154059557184	12.4106107656774	0.374527049188362
20.125	33.25	0.0453946637512839	0.896008017101021	-0.00216170289957219	12.3266858496513	0.379506531438335
20.375	33.25	0.0542768655232145	0.906315085380313	-0.00282969621739352	12.2405903092133	0.385279962590089
20.625	33.25	0.064586240630467	0.916574150087044	-0.00346916099202116	12.1520933189365	0.391981056409804
20.875	33.25	0.0765874082656773	0.926478228887212	-0.00402533073236604	12.0609504472271	0.39978181537269
21.125	33.25	0.0906201874719104	0.9356802236575	-0.00443981761298073	11.9668987340445	0.408903121856742
21.375	33.25	0.107114056243275	0.943805789460363	-0.0046574786019561	11.8696491535568	0.419624136558129
21.625	33.25	0.126595229900511	0.950471983018363	-0.00463484155089963	11.7688768771888	0.432286899435332
21.875	33.25	0.149678173973125	0.95531252154696	-0.00434896523269814	11.6642108474061	0.447290813082531
22.125	33.25	0.177031478817504	0.958009945633204	-0.00380492342665561	11.555225606212	0.465070461231378
22.375	33.25	0.20930857748764	0.95833330822012	-0.00303958644688819	11.441439769118	0.486050575366966
22.625	33.25	0.24703897047108	0.956176885173891	-0.00211948320239859	11.3223263626115	0.510575330806202
22.875	33.25	0.290487188622102	0.951591494467937	-0.00113173766762695	11.197339587581	0.538816672604366
23.125	33.25	0.339504100856668	0.944797467827329	-0.000169381667018159	11.0659596631883	0.570677665556834
23.375	33.25	0.393413038331996	0.936170044739639	0.000685157943667547	10.9277521614737	0.605718474915797
23.625	33.25	0.450980811670597	0.926195356884751	0.00137343402634584	10.7824318964101	0.643137527585888
23.875	33.25	0.510509326690179	0.91540587390875	0.00186740319514484	10.6299166430735	0.681831062348616
24.125	33.25	0.570044739130092	0.904312456751974	0.00216800850465332	10.4703557925924	0.72052908043456
24.375	33.25	0.627653302740832	0.893350799837668	0.00229796997605538	10.3041249059089	0.757974646781541
24.625	33.25	0.681683806451498	0.88285267016174	0.00229225045074488	10.131787136749	0.793094474193473
24.875	33.25	0.730944830393715	0.873041872797234	0.00218928868733176	9.95403208981239	0.825114139755915
25.125	33.25	0.77476476315865	0.864047338080487	0.0020247233140844	9.77160750927418	0.853597096053122
25.375	33.25	0.812947869423633	0.85592382655187	0.00182795147850291	9.58525790841948	0.878416115125361
25.625	33.25	0.845667180798754	0.848673059209675	0.00162100834014194	9.39567883444784	0.89968366751919
25.875	33.25	0.873338266463792	0.842261609038745	0.00141895790603235	9.20348922822913	0.917669873201465
26.125	33.25	0.896505367847667	0.836634584392704	0.00123105136661634	9.00921974609321	0.932728489100984
26.375	33.25	0.915754875361211	0.831725497863469	0.00106212041252875	8.8133127345647	0.945240668984787
26.625	33.25	0.931658343504075	0.827463123666707	0.000913892322054322	8.61612932396253	0.955577923277648
26.875	33.25	0.944740312181356	0.823776110662136	0.000786081921589559	8.4179599474043	0.964081202917881
27.125	33.25	0.955463979756617	0.820595958515885	0.000677222692804123	8.21903575019584	0.971051586841801
27.375	33.25	0.964228234409836	0.817858812636532	0.000585256643346274	8.01953940021314	0.976748352366393
27.625	33.25	0.971371060447531	0.815506418396618	0.000507926437828885	7.81961458150366	0.981391189290895
27.875	33.25	0.977175949453536	0.813486490950829	0.000443017828269838	7.61937394693055	0.985164367144798
28.125	33.25	0.981879261280802	0.811752693363129	0.000388495507869158	7.4189055815206	0.988221519832522
28.375	33.25	0.985677409300419	0.810264365993752	0.000342567133549768	7.21827815712388	0.990690316045272
28.625	33.25	0.988733338618515	0.808986110723571	0.000303701604317593	7.0175449997466	0.992676670102035
28.875	33.25	0.991182114301853	0.807887302793724	0.000270620162854567	6.8167472846699	0.994268374296205
29.125	33.25	0.993135622228595	0.806941579519799	0.000242272940662763	6.61591654708128	0.995538154448587
29.375	33.25	0.994686471264104	0.806126337699542	0.000217809143374868	6.41507666217408	0.996546206321667
29.625	33.25	0.995911215077179	0.805422258992736	0.000196545929537453	6.21424541606934	0.997342289800166
29.875	33.25	0.996873012163958	0.80481287381608	0.000177938887530552	6.01343576075647	0.997967457906573
30.125	33.25	0.997623829561862	0.80428416841175	0.000161555599441318	5.81265682345864	0.99845548921521
30.375	33.25	0.998206278206304	0.803824235934833	0.000147052884673631	5.61191472316273	0.998834080834098
30.625	33.25	0.998655150462368	0.80342297005271	0.000134157776614583	5.41121323377848	0.999125847800539
30.875	33.25	0.998998715095767	0.803071798200266	0.00012265198412378	5.21055432364181	0.999349164812248
31.125	33.25	0.999259812501509	0.802763450954062	0.0001123594413597	5.00993859403236	0.999518878125981
31.375	33.25	0.999456783338914	0.802491763740501	0.000103136496950137	4.8093656343333	0.999646909170294
31.625	33.25	0.999604256452713	0.802251507113627	9.48642973148591e-05	4.60883430785786	0.999742766694264
31.875	33.25	0.999713816592768	0.802038242019544	8.74429538434133e-05	4.40834297977346	0.999813980785299
32.125	33.25	0.999794568484886	0.801848196739684	8.07871329899355e-05	4.20788969665703	0.999866469515176
32.375	33.25	0.999853610860348	0.801678162533504	7.48227624300099e-05	4.00747232579682	0.999904847059226
32.625	33.25	0.999896431906977	0.80152540535694	6.94845990527432e-05	3.80708866126004	0.999932680739535
32.875	33.25	0.9999272362559	0.801387591386498	6.4714452785452e-05	3.60673650284659	0.999952703566335
33.125	33.25	0.999949213178777	0.801262724384278	6.04599022214761e-05	3.40641371322577	0.999966988566205
33.375	33.25	0.999964756088061	0.801149093135559	5.66733732154524e-05	3.20611825768374	0.99997709145724
33.625	33.25	0.99997564404322	0.801045227232161	5.33114801868383e-05	3.0058482299272	0.999984168628093
33.875	33.25	0.999983195138872	0.800949859401535	5.03345524908452e-05	2.80560186637394	0.999989076840266
34.125	33.25	0.99998839707734	0.800861892598413	4.77062869625931e-05	2.60537755065451	0.999992458100271
34.375	33.25	0.999992010490271	0.80078037057056	4.53934848968651e-05	2.4051738102329	0.999994806818676
34.625	33.25	0.999994628142386	0.800704451981852	4.33658498241314e-05	2.2049893086454	0.999996508292551
34.875	33.25	0.99999666751608	0.800633390390566	4.15958410931834e-05	2.00482283959567	0.999997833885452
35.125	33.25	0.999998291755223	0.800566524339631	4.00585918656986e-05	1.80467333109541	0.999998889640895
35.375	33.25	0.999999309228035	0.800503280990634	3.87318964434585e-05	1.6045398650519	0.999999550998223
35.625	33.25	0.999999188449072	0.800443189903604	3.75962368039781e-05	1.40442170568813	0.999999472491897
35.875	33.25	0.999997389584935	0.800385889503398	3.66347500973206e-05	1.20431830832076	0.999998303230208
36.125	33.25	0.999994146307068	0.800331092769695	3.5832970144227e-05	1.0042292582829	0.999996195099594
36.375	33.25	0.9999915059277	0.800278476477089	3.51781900924859e-05	0.804154093493564	0.999994478853005
36.625	33.25	0.999993830618972	0.800227493911646	3.46585073908569e-05	0.604092028299216	0.999995989902332
36.875	33.25	1.00000635056378	0.800177193154402	3.42620931331003e-05	0.404041739476432	1.00000412786646
37.125	33.25	1.00003044402332	0.800118614885629	3.39778528383238e-05	0.204001557425293	1.00001978861516
37.375	33.25	1.00005608023481	0.400093476371083	3.38122926412868e-05	0.00397431393220131	1.00003645215263
0.125	33.75	-3.58177024252173e-12	0.400003210962123	-2.89999287428214e-05	18.0164365670582	0.349999999997672
0.375	33.75	-5.52047916129303e-12	0.800009643920965	-2.90231884469023e-05	17.9464360051213	0.349999999996412
0.625	33.75	-7.40869116561512e-12	0.800016110028522	-2.90697589339267e-05	17.8764348793164	0.349999999995184
0.875	33.75	-6.75650273204891e-12	0.800022631558709	-2.91397441003242e-05	17.8064331857731	0.349999999995608
1.125	33.75	-5.93632070230804e-13	0.800029231050561	-2.92333037570474e-05	17.7364309186621	0.349999999999614
1.375	33.75	1.38143707168131e-11	0.800035931417409	-2.93506587945289e-05	17.6664280701678	0.350000000008979
1.625	33.75	3.76278013964221e-11	0.800042756061481	-2.94920980183297e-05	17.5964246304504	0.350000000024458
1.875	33.75	6.86810995990083e-11	0.800049728993183	-2.96579870766161e-05	17.5264205875986	0.350000000044643
2.125	33.75	9.97463648910899e-11	0.800056874957639	-2.98487795660403e-05	17.4564159275713	0.350000000064835
2.375	33.75	1.17462270789327e-10	0.80006421956954	-3.00650308121621e-05	17.3864106341286	0.35000000007635
2.625	33.75	1.02713577177811e-10	0.800071789458229	-3.03074142938746e-05	17.3164046887502	0.350000000066764
2.875	33.75	3.32174498036394e-11	0.800079612424455	-3.05767414506544e-05	17.2463980705411	0.350000000021591
3.125	33.75	-1.11163666965835e-10	0.800087717611698	-3.08739851711428e-05	17.1763907561216	0.349999999927744
3.375	33.75	-3.40307060512345e-10	0.800096135693496	-3.12003075526897e-05	17.1063827195018	0.3499999997788
3.625	33.75	-6.43465561864232e-10	0.800104899080945	-3.15570924697978e-05	17.0363739319368	0.349999999581747
3.875	33.75	-9.78008424619633e-10	0.800114042152285	-3.1945984198712e-05	16.9663643617618	0.349999999364294
4.125	33.75	-1.25960418638835e-09	0.800123601509693	-3.23689320853251e-05	16.8963539742044	0.349999999181257
4.375	33.75	-1.35731611984446e-09	0.800133616266781	-3.28282432756095e-05	16.8263427311727	0.349999999117744
4.625	33.75	-1.09818565555909e-09	0.800144128373621	-3.3326644032237e-05	16.7563305910153	0.349999999286179
4.875	33.75	-2.86534892188702e-10	0.800155182984193	-3.38673516173171e-05	16.686317508254	0.349999999813752
5.125	33.75	1.25720928547892e-09	0.800166828876334	-3.4454158106379e-05	16.6163034332845	0.350000000817186
5.375	33.75	3.63553500614157e-09	0.800179118932266	-3.50915284750073e-05	16.5462883120457	0.350000002363098
5.625	33.75	6.79235400769785e-09	0.800192110691217	-3.57847153870778e-05	16.4762720856523	0.35000000441503
5.875	33.75	1.04188918427732e-08	0.800205866987268	-3.65398932159704e-05	16.4062546899883	0.35000000677228
6.125	33.75	1.38623881521798e-08	0.80022045668605	-3.73643148191486e-05	16.3362360552526	0.350000009010552
6.375	33.75	1.60607714651279e-08	0.800235955537668	-3.82664950345866e-05	16.2662161054476	0.350000010439501
6.625	33.75	1.55330564049059e-08	0.800252447164685	-3.9256425314886e-05	16.1961947577921	0.350000010096487
6.875	33.75	1.04591226850014e-08	0.8002700242076	-4.03458252586155e-05	16.1261719220394	0.35000000679843
7.125	33.75	-1.11779844836787e-09	0.800288789654219	-4.15484373152388e-05	16.05614749967	0.349999999273431
7.375	33.75	-2.09386437984944e-08	0.80030885838496	-4.28803726258069e-05	15.9861213829231	0.349999986389881
7.625	33.75	-5.00116544728626e-08	0.800330358970807	-4.43605173920519e-05	15.916093453628	0.349999967492425
7.875	33.75	-8.79371791531286e-08	0.8003534357708	-4.60110108889643e-05	15.8460635817865	0.349999942840834
8.125	33.75	-1.32108312145448e-07	0.800378251383577	-4.78578091940915e-05	15.7760316238611	0.349999914129597
8.375	33.75	-1.76856921716755e-07	0.800404989521008	-4.99313520421112e-05	15.7059974207211	0.349999885043001
8.625	33.75	-2.12656392038785e-07	0.800433858385353	-5.22673548125726e-05	15.6359607952051	0.349999861773345
8.875	33.75	-2.25539215487876e-07	0.800465094649953	-5.49077541629348e-05	15.5659215492688	0.34999985339951
9.125	33.75	-1.96937566876709e-07	0.800498968165348	-5.79018440847223e-05	15.495879460699	0.349999871990582
9.375	33.75	-1.04205454499967e-07	0.800535787540356	-6.13076512233727e-05	15.4258342793962	0.349999932266455
9.625	33.75	7.78722214790526e-08	0.800575906782992	-6.51936131613137e-05	15.3557857232473	0.350000050616944
9.875	33.75	3.74242008371294e-07	0.800619733230649	-6.96406438838465e-05	15.2857334736382	0.350000243257305
10.125	33.75	8.05058241909504e-07	0.800667737056868	-7.47446968504759e-05	15.2156771706763	0.350000523287857
10.375	33.75	1.37913610507206e-06	0.800720462714737	-8.06199692439031e-05	15.1456164082165	0.350000896438468
10.625	33.75	2.0851209087908e-06	0.800778542770327	-8.74029331303245e-05	15.0755507287846	0.350001355328591
10.875	33.75	2.88027315473991e-06	0.800842714695076	-9.52574303039187e-05	15.0054796184807	0.350001872177551
11.125	33.75	3.67704325798053e-06	0.800913841328247	-0.000104381129851384	14.9354025018855	0.350002390078118
11.375	33.75	4.32803063771108e-06	0.800992935892434	-0.00011501372078662	14.8653187368797	0.350002813219914
11.625	33.75	4.61051751938558e-06	0.80108119264645	-0.000127447296955325	14.7952276090943	0.350002996836388
11.875	33.75	4.21255532811765e-06	0.801180024494525	-0.000142039487659373	14.725128325404	0.350002738160963
12.125	33.75	2.72355815302163e-06	0.801291109131756	-0.000159229992896548	14.6550200054349	0.350001770312799
12.375	33.75	-3.66508555568794e-07	0.801416445594319	-0.000179561294415207	14.5849016694574	0.349999761769439
12.625	33.75	-5.6540343667984e-06	0.801558423384855	-0.00020370442813492	14.5147722202459	0.349996324877662
12.875	33.75	-1.378825778715e-05	0.801719906653027	-0.00023249081149635	14.4446304155135	0.349991037632438
13.125	33.75	-2.54098195715749e-05	0.801904336199614	-0.000266951210535886	14.3744748263753	0.349983483617278
13.375	33.75	-4.10531919380115e-05	0.802115852322143	-0.000308362988722709	14.304303775998	0.34997331542524
13.625	33.75	-6.10047161997824e-05	0.802359441678549	-0.000358306779296094	14.2341152512164	0.34996034693447
13.875	33.75	-8.51086672110575e-05	0.802641111362327	-0.00041873363092283	14.163906778541	0.349944679366313
14.125	33.75	-0.000112515376135257	0.802968093172338	-0.000492043446155602	14.0936752547564	0.349926865005512
14.375	33.75	-0.000141368061114532	0.80334908051114	-0.000581175099068023	14.0234167213764	0.349908110760276
14.625	33.75	-0.000168428598522398	0.803794499311564	-0.000689707895176162	13.9531260717241	0.34989052141096
14.875	33.75	-0.00018864682770867	0.804316812678682	-0.00082197291135408	13.8827966795073	0.349877379561989
15.125	33.75	-0.000194682769164386	0.804930856308695	-0.00098317108076499	13.8124199385848	0.349873456200043
15.375	33.75	-0.000176395846653997	0.805654197927783	-0.00117949249544437	13.7419847052652	0.349885342699675
15.625	33.75	-0.000120319221350125	0.806507508672688	-0.00141822808641547	13.6714766369846	0.349921792506122
15.875	33.75	-9.14001195656971e-06	0.80751492719874	-0.00170786040096558	13.6008774245388	0.349994058992228
16.125	33.75	0.00017879311434339	0.808704388079203	-0.00205811444436956	13.5301639191267	0.350116215524323
16.375	33.75	0.000469915172784032	0.810107874603867	-0.00247994238570312	13.459307160141	0.35030544486231
16.625	33.75	0.000895827329415722	0.811761542461209	-0.00298540741668335	13.3882713147799	0.35058228776412
16.875	33.75	0.00149360759497241	0.813705645437719	-0.00358742257705854	13.3170125459824	0.350970844936732
17.125	33.75	0.00230604909172039	0.815984178168233	-0.00429929079277891	13.2454778308203	0.351498931909618
17.375	33.75	0.00338183454034218	0.818644135848173	-0.00513398429959115	13.1736037572417	0.352198192451222
17.625	33.75	0.0047756649222355	0.821734279368879	-0.00610309757975416	13.1013153329597	0.353104182199453
17.875	33.75	0.00654836891140185	0.825303290379393	-0.00721541158267821	13.0285248462625	0.354256439792411
18.125	33.75	0.00876702768156304	0.829397209331274	-0.0084750231130024	12.9551308243955	0.355698567993016
18.375	33.75	0.0115051583976891	0.834056076632171	-0.00987902740922635	12.8810171403156	0.357478352958498
18.625	33.75	0.0148430122312308	0.839309748990956	-0.0114147995228163	12.8060523217291	0.3596479579503
18.875	33.75	0.0188680643403317	0.845172945346126	-0.013057004807995	12.7300891149734	0.362264241821216
19.125	33.75	0.0236758109314802	0.851639691879134	-0.0147645802506465	12.6529643465982	0.365389277105462
19.375	33.75	0.0293710493538972	0.85867748009802	-0.0164780594679723	12.5744991019402	0.369091182080033
19.625	33.75	0.0360699044199518	0.866221613381537	-0.0181177494542622	12.4944991958	0.373445437872969
19.875	33.75	0.0439029699909608	0.874170372152327	-0.019583382666608	12.4127558389636	0.378536930494125
20.125	33.75	0.0530200294055296	0.882381742391655	-0.0207559350216514	12.3290463025365	0.384463019113594
20.375	33.75	0.0635968357533383	0.89067248940076	-0.0215022909787836	12.2431342555827	0.39133794323967
20.625	33.75	0.075844259819584	0.898820290748859	-0.0216833287508431	12.1547693229366	0.39929876888273
20.875	33.75	0.0900195891573774	0.906569466832862	-0.0211657704580622	12.0636853277066	0.408512732952295
21.125	33.75	0.106438708390584	0.913640597727	-0.0198377537927865	11.9695967269758	0.41918516045388
21.375	33.75	0.125486192974388	0.919744051035636	-0.0176274475466919	11.8721930260674	0.431566025433352
21.625	33.75	0.147618095636704	0.924597214638494	-0.0145230228019044	11.7711315726416	0.445951762163858
21.875	33.75	0.173349884693461	0.927945000554088	-0.0105908281660723	11.6660301346364	0.46267742505075
22.125	33.75	0.203220673203253	0.929582800719729	-0.00598692203136766	11.5564619572156	0.482093437582115
22.375	33.75	0.237726221319793	0.929380271718779	-0.000956000939265219	11.4419572360372	0.504522043857865
22.625	33.75	0.277219073707082	0.92730294136865	0.00418736892008138	11.3220155244368	0.530192397909603
22.875	33.75	0.321785622073979	0.923426958398228	0.00909624004391895	11.1961327341889	0.559160654348086
23.125	33.75	0.371125246853799	0.917941363366915	0.0134416621083303	11.0638434952284	0.59123141045497
23.375	33.75	0.424470110359962	0.911133510035508	0.0169634734338918	10.9247748312886	0.625905571733975
23.625	33.75	0.480586131936102	0.903357493418915	0.0195068708769421	10.7787017041053	0.662380985758466
23.875	33.75	0.537878120278815	0.89499144863292	0.0210347151459367	10.6255913954083	0.69962077818123
24.125	33.75	0.594586699734342	0.886394195325504	0.0216147079708901	10.4656243732563	0.736481354827322
24.375	33.75	0.649027253100388	0.877871841148038	0.0213891453407043	10.2991849708901	0.771867714515252
24.625	33.75	0.699803382467244	0.869660331824796	0.0205387050163373	10.126823880244	0.804872198603708
24.875	33.75	0.745940517599812	0.861923500105098	0.0192501548146271	9.94920223047255	0.834861336439878
25.125	33.75	0.786920226470771	0.85476163782574	0.0176934200635977	9.76703054733862	0.861498147206001
25.375	33.75	0.822631236758341	0.848224617290594	0.0160090175295623	9.581014415029	0.884710303892922
25.625	33.75	0.853272525127812	0.842325164991208	0.0143040490307173	9.39181398462064	0.904627141333078
25.875	33.75	0.879244237190171	0.837050137178256	0.0126539128015873	9.200019277322	0.921508754173611
26.125	33.75	0.901051109375232	0.832369295413536	0.0111070530826738	9.00613943401794	0.935683221093901
26.375	33.75	0.919229682426175	0.828241862557987	0.00969075881850397	8.81060224815451	0.947499293577014
26.625	33.75	0.934300515124552	0.824621332822082	0.00841678267345098	8.61376010537129	0.957295334830959
26.875	33.75	0.946741225864878	0.821458952571473	0.00728616430290606	8.41589913051027	0.965381796812171
27.125	33.75	0.956974514659743	0.818706183571064	0.00629305270850497	8.21724930395719	0.972033434528833
27.375	33.75	0.965365748357021	0.816316379235106	0.00542755751010629	8.01799419573481	0.977487736432064
27.625	33.75	0.972225946191207	0.814245853491409	0.0046777689483752	7.81827963456869	0.981946865024284
27.875	33.75	0.977817336004972	0.812454489022785	0.00403111959334503	7.61822106809232	0.985581268403232
28.125	33.75	0.982359742987294	0.81090600653659	0.00347525303509601	7.41790962402701	0.988533832941741
28.375	33.75	0.986036849778594	0.809567994445667	0.00299853944760659	7.21741700739976	0.990923952356086
28.625	33.75	0.989001867936658	0.808411777779833	0.0025903480535461	7.01679941462284	0.992851214158828
28.875	33.75	0.991382457342812	0.807412186664455	0.00224115872567417	6.81610064700737	0.994398597272828
29.125	33.75	0.993284889927918	0.806547268869657	0.00194257182365349	6.61535458696524	0.995635178453147
29.375	33.75	0.994797529382103	0.805797978014139	0.00168725735384552	6.41458717329014	0.996618394098367
29.625	33.75	0.995993725291604	0.805147858913265	0.0014688711489524	6.21381798473136	0.997395921439543
29.875	33.75	0.996934221385641	0.804582743967365	0.00128195614713256	6.01306151694422	0.998007243900666
30.125	33.75	0.997669167019853	0.804090468963691	0.00112184013582071	5.81232821798803	0.998484958562904
30.375	33.75	0.998239806391278	0.803660612774017	0.000984536754245734	5.61162533186848	0.998855874154331
30.625	33.75	0.998679905283081	0.80328426277509	0.000866653512516106	5.41095758768806	0.999141938434003
30.875	33.75	0.99901696221036	0.802953806071906	0.000765308622004166	5.21032776309934	0.999361025436734
31.125	33.75	0.999273240305808	0.802662745505374	0.000678057202961847	5.00973714427166	0.999527606198775
31.375	33.75	0.999466648133558	0.80240553877945	0.000602826699134799	4.80918589988436	0.999653321286813
31.625	33.75	0.999611491533886	0.802177458704446	0.000537860916840357	4.60867338325735	0.999747469497026
31.875	33.75	0.999719114144818	0.801974472422455	0.000481671901794107	4.40819837424357	0.999817424194131
32.125	33.75	0.999798440983283	0.801793137489239	0.000432998792844611	4.20775927066035	0.999868986639134
32.375	33.75	0.999856437052607	0.801630512792891	0.000390772796034892	4.00735423763105	0.999906684084195
32.625	33.75	0.999898491200122	0.801484082460332	0.000354087471248948	3.80698132210425	0.999934019280079
32.875	33.75	0.999928734402191	0.801351691104642	0.000322173594758703	3.60663853890017	0.999953677361424
33.125	33.75	0.999950301439419	0.801231488948368	0.000294377940007003	3.40632393378596	0.999967695935622
33.375	33.75	0.999965545507482	0.801121885454691	0.000270145395683602	3.20603562818826	0.999977604579863
33.625	33.75	0.999976216041509	0.801021510060568	0.000249003909393142	3.00577184914608	0.999984540426981
33.875	33.75	0.999983609304158	0.80092917846957	0.000230551806557596	2.80553094707239	0.999989346047702
34.125	33.75	0.99998869681224	0.800843862928215	0.000214447093866199	2.60531140316635	0.999992652927956
34.375	33.75	0.99999222705071	0.800764665360784	0.000200398426917045	2.4051118284804	0.999994947582961
34.625	33.75	0.999994783606797	0.80069079356876	0.00018815751346625	2.20493095820949	0.999996609344418
34.875	33.75	0.99999677728754	0.800621542876594	0.000177512831521692	2.00476764747625	0.999997905236901
35.125	33.75	0.999998367179535	0.800556287531974	0.000168284624134479	1.80462087681191	0.999998938666698
35.375	33.75	0.999999360566575	0.800494485332343	0.000160321105903813	1.60448977275013	0.999999584368274
35.625	33.75	0.99999922757202	0.800435692148604	0.000153495584436298	1.40437363699992	0.999999497921813
35.875	33.75	0.999997430468432	0.80037956903228	0.000147703751317619	1.20427195593192	0.999998329804481
36.125	33.75	0.999994200533763	0.80032584868143	0.000142859949330957	1.00418434050639	0.999996230346946
36.375	33.75	0.999991571525798	0.800274225841877	0.000138891329547301	0.804110350464062	0.999994521491769
36.625	33.75	0.999993877541942	0.800224171599804	0.000135730244456279	0.604049220324582	0.999996020402262
36.875	33.75	1.00000631508378	0.800174753199516	0.000133308408115974	0.403999647093342	1.00000410480446
37.125	33.75	1.00003025303557	0.800117082567485	0.000131560471463009	0.203959980520529	1.00001966447312
37.375	33.75	1.0000557242924	0.400092610974861	0.000130532958108948	0.00393303910838304	1.00003622079006
0.125	34.25	-3.58209632038284e-12	0.40000316563845	-4.175313327178e-05	18.0164427659828	0.349999999997672
0.375	34.25	-5.51654020329055e-12	0.800009507793964	-4.18202090689076e-05	17.9464422119777	0.349999999996414
0.625	34.25	-7.39545829728785e-12	0.800015882627615	-4.19546159514596e-05	17.8764411020639	0.349999999995193
0.875	34.25	-6.72980899208632e-12	0.800022312090439	-4.21568682120865e-05	17.8064394324258	0.349999999995626
1.125	34.25	-5.53609692690235e-13	0.800028818384453	-4.24277468136634e-05	17.7364371973181	0.34999999999964
1.375	34.25	1.38588671486655e-11	0.800035424066205	-4.27683107534395e-05	17.6664343890392	0.350000000009008
1.625	34.25	3.76556365798809e-11	0.800042152154205	-4.31799129867649e-05	17.5964309978954	0.350000000024476
1.875	34.25	6.8658943833229e-11	0.800049026241621	-4.36642206519504e-05	17.5264270121567	0.350000000044628
2.125	34.25	9.9634994055052e-11	0.800056070614855	-4.42232406185687e-05	17.4564224180013	0.350000000064763
2.375	34.25	1.17229166841403e-10	0.800063310379283	-4.48593503398872e-05	17.3864171994506	0.350000000076199
2.625	34.25	1.02347037380788e-10	0.800070771594562	-4.55753352808692e-05	17.3164113382929	0.350000000066526
2.875	34.25	3.27325706248746e-11	0.800078481419982	-4.6374433279706e-05	17.2464048139942	0.350000000021276
3.125	34.25	-1.11736232314546e-10	0.800086468272601	-4.72603871776063e-05	17.1763976035955	0.349999999927371
3.375	34.25	-3.40947692894762e-10	0.80009476199968	-4.82375068507447e-05	17.1063896815952	0.349999999778384
3.625	34.25	-6.44185916117181e-10	0.80010339406858	-4.93107419842253e-05	17.0363810198136	0.349999999581279
3.875	34.25	-9.78827345156238e-10	0.80011239777655	-5.04857673247429e-05	16.9663715872393	0.349999999363762
4.125	34.25	-1.26044689967101e-09	0.800121808483554	-5.17690824556836e-05	16.8963613498545	0.349999999180709
4.375	34.25	-1.35784252129128e-09	0.80013166387318	-5.31681284384973e-05	16.8263502704379	0.349999999117402
4.625	34.25	-1.09761456187647e-09	0.800142004244828	-5.46914241331753e-05	16.7563383083428	0.349999999286551
4.875	34.25	-2.83583051959881e-10	0.80015287284512	-5.63487255490231e-05	16.6863254192504	0.349999999815671
5.125	34.25	1.26414874969467e-09	0.800164316243538	-5.8151212448096e-05	16.6163115548949	0.350000000821697
5.375	34.25	3.64790289543699e-09	0.800176384762223	-6.01117067114336e-05	16.546296662761	0.350000002371137
5.625	34.25	6.81063784559508e-09	0.800189132968912	-6.22449280594294e-05	16.4762806857497	0.350000004426915
5.875	34.25	1.04416299615665e-08	0.800202620243731	-6.45677938869899e-05	16.4062635618112	0.350000006787059
6.125	34.25	1.38850962736475e-08	0.800216911432893	-6.7099770719588e-05	16.3362452235359	0.350000009025313
6.375	34.25	1.60749485075358e-08	0.800232077603071	-6.98632866869635e-05	16.2662255976961	0.350000010448716
6.625	34.25	1.55254724062989e-08	0.800248196912967	-7.28842156945606e-05	16.196204604723	0.350000010091557
6.875	34.25	1.04116926654287e-08	0.800265355620626	-7.61924468535859e-05	16.1261821580974	0.3500000067676
7.125	34.25	-1.22707881567737e-09	0.800283649249035	-7.98225541880678e-05	16.0561581636299	0.349999999202399
7.375	34.25	-2.11329873287735e-08	0.800303183935518	-8.38145857573291e-05	15.9861325185951	0.349999986263558
7.625	34.25	-5.03100114188697e-08	0.800324077996551	-8.8214994235213e-05	15.9161051106824	0.349999967298493
7.875	34.25	-8.83447813207101e-08	0.800346463745377	-9.30777360046015e-05	15.8460758167224	0.349999942575892
8.125	34.25	-1.32601914948235e-07	0.800370489607393	-9.84655715323381e-05	15.7760445011424	0.349999913808755
8.375	34.25	-1.77363660893578e-07	0.800396322588332	-0.000104451606841952	15.7060110141132	0.34999988471362
8.625	34.25	-2.13025987581577e-07	0.800424151160661	-0.000111121125508907	15.635975189349	0.349999861533108
8.875	34.25	-2.25510984902551e-07	0.800454188648406	-0.000118573772665498	15.5659368415394	0.34999985341786
9.125	34.25	-1.96106743371585e-07	0.800486677205759	-0.00012692616852265	15.4958957634045	0.349999872530617
9.375	34.25	-1.01998044250705e-07	0.800521892507274	-0.000136315049651425	15.4258517223881	0.349999933701271
9.625	34.25	8.22000407140126e-08	0.800560149291382	-0.000146901063948957	15.35580445703	0.350000053430026
9.875	34.25	3.81555040327827e-07	0.800601807932562	-0.000158873380578295	15.2857536730875	0.350000248010776
10.125	34.25	8.1620834556084e-07	0.800647282258456	-0.000172455322157346	15.2156990395083	0.350000530535425
10.375	34.25	1.39469604042397e-06	0.800697048879476	-0.000187911284678619	15.1456401843831	0.350000906552426
10.625	34.25	2.10492860210815e-06	0.800751658364088	-0.000205555283129978	15.0755766910236	0.350001368203591
10.875	34.25	2.90272379603745e-06	0.800811748671408	-0.000225761549911191	15.0055080943073	0.350001886770467
11.125	34.25	3.69807214855566e-06	0.800878061348493	-0.000248977719563682	14.935433877391	0.350002403746897
11.375	34.25	4.33975449305833e-06	0.800951461110303	-0.000275741257759076	14.8653534687994	0.35000282084042
11.625	34.25	4.59955806189316e-06	0.801032959547199	-0.000306699933860761	14.7952662397216	0.35000298971274
11.875	34.25	4.15817285725792e-06	0.801123743841787	-0.000342637290798695	14.725171501071	0.350002702812357
12.125	34.25	2.59589589432867e-06	0.801225211523908	-0.000384504228076827	14.6550684994435	0.350001687332331
12.375	34.25	-6.0749863353314e-07	0.80133901243613	-0.00043345797256559	14.5849564105389	0.349999605125888
12.625	34.25	-6.05801269834887e-06	0.801467099218185	-0.000490909852559646	14.5148343278432	0.349996062291746
12.875	34.25	-1.44107204068356e-05	0.801611787728743	-0.000558583392003391	14.4447012434176	0.349990633031736
13.125	34.25	-2.63027836492661e-05	0.801775828892699	-0.000638584273278274	14.3745560165019	0.349982903190628
13.375	34.25	-4.22469314009889e-05	0.80196249346527	-0.000733483639627192	14.3043973243426	0.349972539494589
13.625	34.25	-6.24757221816197e-05	0.802175671113384	-0.000846415967719125	14.2342235882688	0.349959390780582
13.875	34.25	-8.67271871930361e-05	0.802419984988374	-0.000981192269690603	14.1640328666327	0.349943627328324
14.125	34.25	-0.000113963587845953	0.802700922551386	-0.00114242859297416	14.0938227049376	0.3499259236679
14.375	34.25	-0.000142017096416298	0.80302498274767	-0.00133568856379022	14.0235899324067	0.349907688887329
14.625	34.25	-0.000167159192224855	0.803399838622807	-0.00156763693076201	13.9533303935559	0.349891346525054
14.875	34.25	-0.000183594289328807	0.803834513028144	-0.00184619854149778	13.8830386031537	0.349880663711936
15.125	34.25	-0.000182882257382267	0.80433956304753	-0.0021807137399386	13.8127073133784	0.349881126532701
15.375	34.25	-0.000153298612464452	0.804927266047779	-0.00258207659826846	13.7423269830958	0.349900355901898
15.625	34.25	-7.91446979828593e-05	0.805611796656085	-0.0030628364923127	13.6718851409696	0.349948555946311
15.875	34.25	5.99774029117511e-05	0.806409379342974	-0.00363723613258696	13.6013656365323	0.350038985311893
16.125	34.25	0.00028990963231977	0.807338395519685	-0.0043211502136474	13.53074777626	0.350188441261008
16.375	34.25	0.000642687752846937	0.808419417083176	-0.00513187848509302	13.4600053449656	0.35041774703935
16.625	34.25	0.00115728413369973	0.809675130234539	-0.00608773576017657	13.3891055162818	0.350752234686905
16.875	34.25	0.00188033518605773	0.811130104438542	-0.00720737019085002	13.3180076595659	0.351222217870938
17.125	34.25	0.00286684885190308	0.812810352207326	-0.00850873187517527	13.2466620542213	0.351863451753737
17.375	34.25	0.00418088991564442	0.814742617104899	-0.0100076094450883	13.1750085263725	0.352717578445169
17.625	34.25	0.00589624030675855	0.816953321837833	-0.0117156570049986	13.1029750274199	0.353832556199393
17.875	34.25	0.00809702666106376	0.819467108357699	-0.0136378534757876	13.0304761797558	0.355263067329691
18.125	34.25	0.0108782977345376	0.822304911608633	-0.0157693782025422	12.9574118224082	0.357070893527449
18.375	34.25	0.0143465209854829	0.825481533248454	-0.0180919582757201	12.8836655989722	0.359325238640564
18.625	34.25	0.018619954426257	0.829002727649668	-0.0205698507505862	12.8091036416644	0.362102970377067
18.875	34.25	0.0238288435467659	0.832861885842788	-0.0231457687964346	12.7335734173382	0.365488748305398
19.125	34.25	0.0301154037945906	0.837036507330804	-0.025737238107524	12.6569028107007	0.369575012466484
19.375	34.25	0.0376335886063354	0.841484781980447	-0.0282340588906391	12.5788995213038	0.374461832594118
19.625	34.25	0.046548720899011	0.8461427501812	-0.0304977137196314	12.4993508363333	0.380256668584357
19.875	34.25	0.0570371816500771	0.850922639036375	-0.0323636526315706	12.4180238016496	0.38707416807255
20.125	34.25	0.0692864795788039	0.855713038830705	-0.0336473485779925	12.334665741607	0.395036211726222
20.375	34.25	0.0834961100970687	0.860381531248523	-0.0341548025299313	12.249004974153	0.404272471563095
20.625	34.25	0.0998795391222219	0.864780160789582	-0.0336977658844691	12.1607514481192	0.414921700429444
20.875	34.25	0.118667262488966	0.868753739809399	-0.0321133431574408	12.0695969367536	0.427133720617828
21.125	34.25	0.140110034650008	0.872150441339696	-0.0292868558080039	11.975214428914	0.441071522522505
21.375	34.25	0.16447996310491	0.874833576823093	-0.0251758898131152	11.8772565639509	0.456911976018191
21.625	34.25	0.192065405173103	0.87669304151754	-0.0198323118646128	11.7753534477534	0.474842513362517
21.875	34.25	0.223154073555719	0.877654799230519	-0.013417814771353	11.6691109874821	0.495050147811218
22.125	34.25	0.257998536888594	0.877687056392498	-0.0062076278135531	11.5581118650036	0.517699048977586
22.375	34.25	0.296760761892392	0.876802387975252	0.00142277569162007	11.4419220956177	0.542894495230055
22.625	34.25	0.339438505766661	0.875055807067998	0.00903078604137988	11.3201062543692	0.57063502874833
22.875	34.25	0.385785828313844	0.872539313821403	0.0161574226283495	11.192253330948	0.600760788403998
23.125	34.25	0.435249850551681	0.869373639835253	0.0223871593343136	11.0580125332324	0.632912402858593
23.375	34.25	0.486950715547689	0.865697876120289	0.0274032323274453	10.9171346318433	0.666517965105998
23.625	34.25	0.539725818486693	0.861657827804611	0.031024548777665	10.7695109190147	0.70082178201635
23.875	34.25	0.592241160983063	0.857394470640704	0.0332157118302363	10.6152003223685	0.734956754638991
24.125	34.25	0.64314824181155	0.853034391306007	0.0340704024661148	10.454436966424	0.768046357177507
24.375	34.25	0.691246440684037	0.848683871378024	0.0337761236291118	10.2876153186505	0.799310186444624
24.625	34.25	0.735608979418536	0.84442713082512	0.0325718465027844	10.1152561078446	0.828145836622048
24.875	34.25	0.775646140143508	0.840327842475925	0.0307089430422521	9.93796088393503	0.85416999109328
25.125	34.25	0.811103011962122	0.836432261952006	0.0284217918943187	9.75636466515202	0.877216957775379
25.375	34.25	0.842008290888153	0.832772494651528	0.0259100260530707	9.57109457055266	0.897305389077299
25.625	34.25	0.868598634645568	0.829369142237012	0.0233311674402677	9.38273900880209	0.914589112519619
25.875	34.25	0.891240542555516	0.826233250437383	0.0208008326001488	9.19182854260577	0.929306352661085
26.125	34.25	0.910363809515645	0.823367813465541	0.0183974751547287	8.99882706915746	0.94173647618517
26.375	34.25	0.926412332088036	0.82076910814235	0.0161691681581127	8.80413075417936	0.952168015857223
26.625	34.25	0.939812149050151	0.818428004595942	0.0141407157109226	8.60807198441011	0.960877896882598
26.875	34.25	0.95095357115928	0.816331272279448	0.0123201113151149	8.41092602474321	0.968119821253532
27.125	34.25	0.960183401930904	0.814462829130736	0.0107039045272909	8.21291870077819	0.974119211255088
27.375	34.25	0.967803620002749	0.812804866875969	0.00928138477918243	8.01423403802807	0.979072353001787
27.625	34.25	0.97407373674139	0.811338803150146	0.00803768022251848	7.81502127017462	0.983147928881903
27.875	34.25	0.979214922007445	0.810046038898991	0.00695595044734704	7.61540096070604	0.986489699304839
28.125	34.25	0.983414713803407	0.80890852415812	0.00601886851160125	7.4154701865754	0.989219563972215
28.375	34.25	0.986831647856449	0.807909151777121	0.00520957119426874	7.2153068433518	0.991440571106692
28.625	34.25	0.989599483521538	0.807032006912841	0.0045122264785555	7.01497318086739	0.993239664289
28.875	34.25	0.991830906918844	0.806262502159942	0.00391233505043737	6.81451869146318	0.994690089497249
29.125	34.25	0.993620704252977	0.805587426353472	0.00339685343574916	6.61398246669388	0.995853457764435
29.375	34.25	0.995048452080044	0.804994931283451	0.00295420230835146	6.41339512350392	0.996781493852029
29.625	34.25	0.996180791079887	0.804474476115268	0.00257420471225795	6.21278038362649	0.997517514201926
29.875	34.25	0.997073351432726	0.804016744985209	0.00224798486435415	6.01215637351198	0.998097678431272
30.125	34.25	0.997772390842388	0.803613549424019	0.00196784797735326	5.81153669788273	0.998552054047552
30.375	34.25	0.998316196130409	0.803257724091639	0.0017271542958389	5.6109313284414	0.998905527484766
30.625	34.25	0.99873628908688	0.802943021782773	0.00152019551523284	5.41034734020695	0.999178587906472
30.875	34.25	0.999058468283582	0.802664011716728	0.00134207834456089	5.20978952106026	0.999388004384328
31.125	34.25	0.999303711319093	0.802415983661943	0.00118861771094708	5.00926087492718	0.999547412357411
31.375	34.25	0.999488956476531	0.802194859369864	0.0010562406394829	4.80876303520299	0.999667821709745
31.625	34.25	0.999627778792616	0.801997112019519	0.000941900925052867	4.60829660217948	0.9997580562152
31.875	34.25	0.999730972721517	0.801819693833475	0.000843004164636995	4.40786141609566	0.999825132268986
32.125	34.25	0.999807051584167	0.80165997166635	0.000757342415154091	4.20745677578833	0.999874583529708
32.375	34.25	0.999862672557911	0.801515670149863	0.000683037597676582	4.00708161162137	0.999910737162642
32.625	34.25	0.999902994970271	0.801384821872638	0.000618492725690178	3.8067346203173	0.999936946730676
32.875	34.25	0.999931979187201	0.801265724040423	0.000562350052911925	3.60641436840655	0.999955786471681
33.125	34.25	0.999952633601683	0.801156901048551	0.000513455287013775	3.4061193701511	0.999969211841094
33.375	34.25	0.999967218128595	0.801057072333749	0.000470827079730659	3.20584814488384	0.999978691783587
33.625	34.25	0.999977413581767	0.800965124703109	0.000433631068590443	3.00559925767405	0.999985318828149
33.875	34.25	0.999984465781046	0.800880088095418	0.000401157808301418	2.80537134616897	0.99998990275768
34.125	34.25	0.999989308972546	0.800801113607972	0.000372804000090494	2.60516313570489	0.999993050832155
34.375	34.25	0.999992663773193	0.800727452994091	0.000348056525392976	2.40497344490354	0.999995231452575
34.625	34.25	0.999995092803903	0.800658440088843	0.000326478934784881	2.20480118547342	0.999996810322537
34.875	34.25	0.999996991754139	0.800593476715319	0.00030770022235775	2.0046453625702	0.99999804464019
35.125	34.25	0.999998510799046	0.80053202748198	0.00029140585320362	1.80450508393837	0.99999903201938
35.375	34.25	0.999999455439391	0.800473627026084	0.000277330951887347	1.60437958329174	0.999999646035604
35.625	34.25	0.999999300479399	0.800417896534769	0.000265255127146595	1.40426825160111	0.999999545311609
35.875	34.25	0.999997513931977	0.800364552584125	0.000254997580522614	1.20417064854441	0.999998384055785
36.125	34.25	0.999994321574124	0.800313375655725	0.000246410322977519	1.004086445093	0.999996309023181
36.375	34.25	0.999991724058199	0.80026410351944	0.000239367517533963	0.804015251843497	0.99999462063783
36.625	34.25	0.999993986604481	0.800216249505546	0.000233751586122148	0.603956350439056	0.999996091292913
36.875	34.25	1.00000622313994	0.800168926171367	0.000229442540686828	0.403908485544588	1.00000404504096
37.125	34.25	1.0000297798956	0.800113417845433	0.00022632451461346	0.203870052849428	1.00001935693214
37.375	34.25	1.00005484656456	0.400090523713381	0.000224484417046637	0.00384383738845334	1.00003565026697
0.125	34.75	-3.58205942731688e-12	0.400003076810576	-5.4238034681113e-05	18.01645118093	0.349999999997672
0.375	34.75	-5.50317781509348e-12	0.800009240955614	-5.43479053382083e-05	17.9464506424701	0.349999999996423
0.625	34.75	-7.35354949952687e-12	0.800015436710178	-5.45680912241078e-05	17.8764495637087	0.34999999999522
0.875	34.75	-6.64619582555266e-12	0.800021685296799	-5.48994869558808e-05	17.8064479409552	0.34999999999568
1.125	34.75	-4.2594917887541e-13	0.800028008165164	-5.53434483973265e-05	17.7364457686538	0.349999999999723
1.375	34.75	1.40101690338278e-11	0.800034427084777	-5.59018096371723e-05	17.6664430393595	0.350000000009107
1.625	34.75	3.77758009868494e-11	0.800040964241487	-5.65769062823334e-05	17.5964397437061	0.350000000024554
1.875	34.75	6.86530643265673e-11	0.800047642337944	-5.7371605486649e-05	17.5264358703656	0.350000000044625
2.125	34.75	9.93744538913057e-11	0.800054484698782	-5.82893432488315e-05	17.4564314059995	0.350000000064593
2.375	34.75	1.16574346803211e-10	0.80006151538153	-5.93341699221066e-05	17.3864263351999	0.350000000075773
2.625	34.75	1.01184873770048e-10	0.800068759294655	-6.05108050490618e-05	17.3164206404215	0.35000000006577
2.875	34.75	3.10210507840374e-11	0.800076242324001	-6.18247023627641e-05	17.2464143019025	0.350000000020164
3.125	34.75	-1.1392631034204e-10	0.800083991468693	-6.32821267108247e-05	17.1764072975733	0.349999999925948
3.375	34.75	-3.43395346531079e-10	0.800092034988548	-6.48902445735337e-05	17.1063996029523	0.349999999776793
3.625	34.75	-6.46473117540526e-10	0.800100402564575	-6.66572301115191e-05	17.0363911910271	0.349999999579792
3.875	34.75	-9.80258947757701e-10	0.800109125474821	-6.85923892786807e-05	16.966382032119	0.349999999362832
4.125	34.75	-1.2599274270441e-09	0.800118236787997	-7.07063050310229e-05	16.8963720937306	0.349999999181047
4.375	34.75	-1.35374614791621e-09	0.800127771578127	-7.30110066936548e-05	16.8263613403742	0.349999999120065
4.625	34.75	-1.08775018110515e-09	0.800137767163671	-7.55201679949708e-05	16.7563497333802	0.349999999292962
4.875	34.75	-2.65405893387062e-10	0.800148263375638	-7.82493383889719e-05	16.6863372306848	0.349999999827486
5.125	34.75	1.29293184469357e-09	0.800159302860071	-8.12162135931704e-05	16.6163237865969	0.350000000840406
5.375	34.75	3.68825648502581e-09	0.800170931421442	-8.44409520158018e-05	16.5463093515429	0.350000002397367
5.625	34.75	6.86067787328146e-09	0.800183198413795	-8.79465453099823e-05	16.4762938717894	0.350000004459441
5.875	34.75	1.04947937379851e-08	0.800196157187435	-9.1759252349339e-05	16.4062772891416	0.350000006821616
6.125	34.75	1.39282196107988e-08	0.800209865601203	-9.59091080270655e-05	16.3362595406116	0.350000009053343
6.375	34.75	1.6086546467696e-08	0.800224386609013	-0.000100430519844858	16.2662405580516	0.350000010456255
6.625	34.75	1.54746274834747e-08	0.800239788932817	-0.000105362968582844	16.1962202677363	0.350000010058508
6.875	34.75	1.02581206301001e-08	0.80025614783415	-0.000110751831232359	16.1261985898801	0.350000006667778
7.125	34.75	-1.53097013648929e-09	0.800273545999975	-0.000116649349026376	16.0561754380641	0.349999999004869
7.375	34.75	-2.16369032790897e-08	0.800292074558115	-0.000123115766871676	15.9861507185444	0.349999985936013
7.625	34.75	-5.10559053725357e-08	0.800311834244636	-0.000130220676213452	15.9161243294085	0.349999966813661
7.875	34.75	-8.9350389178836e-08	0.800332936745367	-0.000138044599550901	15.8460961595429	0.349999941922247
8.125	34.75	-1.3383548399396e-07	0.8003555062418	-0.000146680862318918	15.7760660873764	0.349999913006935
8.375	34.75	-1.7870773335321e-07	0.800379681195267	-0.000156237808177175	15.7060339793656	0.349999883839973
8.625	34.75	-2.14228852251319e-07	0.800405616410483	-0.000166841425189446	15.6359996881991	0.349999860751246
8.875	34.75	-2.26126343361718e-07	0.800433485427985	-0.000178638466652345	15.5659630507094	0.349999853017877
9.125	34.75	-1.95425888435825e-07	0.800463483303502	-0.000191800170006863	15.4959238855023	0.349999872973172
9.375	34.75	-9.89851613902256e-08	0.800495829843784	-0.00020652670325333	15.425881990339	0.349999935659645
9.625	34.75	8.89492089164505e-08	0.8005307733827	-0.000223052502407188	15.355837139337	0.350000057816986
9.875	34.75	3.93797390489651e-07	0.800568595197454	-0.000241652706467393	15.2857890800961	0.350000255968304
10.125	34.75	8.35929099903079e-07	0.800609614687065	-0.000262650952637016	15.2157375308928	0.350000543353915
10.375	34.75	1.42380358393041e-06	0.800654195460864	-0.000286428864273434	15.1456821781266	0.35000092547233
10.625	34.75	2.14467384435952e-06	0.800702752516362	-0.000313437651711341	15.075622674234	0.350001394037999
10.875	34.75	2.9527299404925e-06	0.800755760722749	-0.000344212351765088	15.0055586362985	0.350001919274461
11.125	34.75	3.75485106759359e-06	0.800813764867547	-0.000379389357590955	14.9354896455665	0.350002440653194
11.375	34.75	4.3945969121929e-06	0.800877391565823	-0.000419728035473819	14.8654152480109	0.350002856487993
11.625	34.75	4.63573230541052e-06	0.800947363372741	-0.000466137385483614	14.7953349559351	0.350003013225999
11.875	34.75	4.14747297897427e-06	0.801024515472635	-0.000519708874222594	14.725248250364	0.350002695857436
12.125	34.75	2.49477389832509e-06	0.801109815334781	-0.000581756737481484	14.6551545835822	0.350001621603034
12.375	34.75	-8.61662426060293e-07	0.801204385719083	-0.000653867204198875	14.5850533806332	0.349999439919423
12.625	34.75	-6.54945533154655e-06	0.801309531370331	-0.000737958206748559	14.5149440378573	0.349995742854034
12.875	34.75	-1.52448913467438e-05	0.801426769647354	-0.000836351185474054	14.4448259156055	0.349990090820625
13.125	34.75	-2.76002060182057e-05	0.801557865177816	-0.000951856525259101	14.3746983211329	0.349982059866088
13.375	34.75	-4.4127158374321e-05	0.801704868393708	-0.00108787392597397	14.3045604763542	0.349971317347057
13.625	34.75	-6.50253753078602e-05	0.801870157475104	-0.00124850853779002	14.2344114637032	0.34995773350605
13.875	34.75	-8.99436789967614e-05	0.802056482787215	-0.00143870290250261	14.1642501418416	0.349941536608652
14.125	34.75	-0.000117663116274678	0.802267012326313	-0.00166438352924205	14.094075021506	0.349923518974421
14.375	34.75	-0.000145691770716497	0.802505375970756	-0.00193261917160006	14.0238840904964	0.349905300349034
14.625	34.75	-0.000169763639193415	0.802775705450132	-0.00225178541648644	13.9536745757972	0.349889653634524
14.875	34.75	-0.000183236749649884	0.803082665880463	-0.00263172687417246	13.8834426302124	0.349880896112728
15.125	34.75	-0.000176389004858531	0.803431473457775	-0.0030839038892876	13.8131829307591	0.349885347146842
15.375	34.75	-0.000135613559675766	0.803827892455378	-0.00362150508654598	13.7428881764437	0.349911851186211
15.625	34.75	-4.25184134019348e-05	0.804278203048416	-0.00425950005679013	13.6725484739168	0.349972363031289
15.875	34.75	0.000127063115705113	0.804789129735488	-0.00501459797700814	13.6021506007791	0.350082591025208
16.125	34.75	0.000404143563687804	0.805367718320254	-0.00590506797883846	13.531677137854	0.350262693316397
16.375	34.75	0.000827727052503185	0.806021147686415	-0.00695036591936809	13.4611054633863	0.350538022584127
16.625	34.75	0.00144602361274866	0.806756461147352	-0.00817050057197095	13.3904066037341	0.350939915348287
16.875	34.75	0.00231772698052175	0.807580201268539	-0.00958506150954275	13.3195439366472	0.351506522537339
17.125	34.75	0.00351334967653476	0.808497932179019	-0.0112118234475593	13.2484717448042	0.352283677289748
17.375	34.75	0.00511660391610134	0.809513635135289	-0.0130648412647867	13.177133619329	0.353325792545466
17.625	34.75	0.00722580477397123	0.810628967413924	-0.0151519617906654	13.1054607162515	0.354696773103081
17.875	34.75	0.00995525032575785	0.811842382869937	-0.0174717101683817	13.033369874462	0.356470912711743
18.125	34.75	0.013436500107566	0.813148126692256	-0.0200095693086798	12.9607616130262	0.358733725069918
18.375	34.75	0.0178194276228161	0.814535139676568	-0.0227337702744584	12.8875180403377	0.36158262795483
18.625	34.75	0.0232728669817559	0.815985941845473	-0.0255908567381137	12.8135007287231	0.365127363538141
18.875	34.75	0.0299846144105714	0.817475614214985	-0.0285014781630246	12.738548636124	0.369489999366871
19.125	34.75	0.0381604939667083	0.818971061356303	-0.0313570903477964	12.662476189932	0.37480432107836
19.375	34.75	0.0480221707083915	0.820430810888923	-0.034018463343369	12.5850716827739	0.381214410960454
19.625	34.75	0.0598034153140502	0.821805673784576	-0.0363170546083033	12.5060961583829	0.388872219954133
19.875	34.75	0.0737446123953087	0.823040621826294	-0.0380603168184226	12.425282976612	0.397933998056951
20.125	34.75	0.0900854702784463	0.824078192001767	-0.0390417879074357	12.3423382275474	0.40855555568099
20.375	34.75	0.109056116534633	0.824863552758511	-0.0390562961800439	12.2569421060686	0.420886475747511
20.625	34.75	0.130866991884114	0.825351030389111	-0.0379198109120331	12.1687512614556	0.435063544724674
20.875	34.75	0.155698075860768	0.825511409330385	-0.0354924717563949	12.0774020237783	0.451203749309499
21.125	34.75	0.183687852139929	0.825338779697603	-0.0317023087890377	11.9825143294925	0.469397103890954
21.375	34.75	0.214921952714207	0.824855286525993	-0.0265663211686604	11.8836961961475	0.489699269264235
21.625	34.75	0.249420676619278	0.824112065786131	-0.0202050994407563	11.7805488020233	0.51212343980253
21.875	34.75	0.287123923506404	0.82318512579555	-0.0128472089283972	11.6726726304149	0.536630550279163
22.125	34.75	0.327872187409718	0.822165995254492	-0.00482026557679375	11.5596756448184	0.563116921816317
22.375	34.75	0.371383854441496	0.821148414093826	0.00347277042819456	11.4411848235073	0.591399505386972
22.625	34.75	0.417232372591788	0.820213736301377	0.0115909723492567	11.316862246109	0.621201042184662
22.875	34.75	0.464831006846042	0.819418455625672	0.0191020703909384	11.1864259927257	0.652140154449928
23.125	34.75	0.513435640448757	0.818786912733165	0.0256307401446714	11.0496743889078	0.683733166291692
23.375	34.75	0.562174783403829	0.818310793214442	0.030899345439011	10.9065100891651	0.715413609212489
23.625	34.75	0.610109328646387	0.817955030650557	0.0347529638688451	10.756959029171	0.746571063620152
23.875	34.75	0.656314405423005	0.817668019218914	0.0371642939365795	10.6011792884459	0.776604363524954
24.125	34.75	0.699966531310774	0.81739323701581	0.038219244796444	10.4394567298319	0.804978245352003
24.375	34.75	0.740416072966815	0.817079585719447	0.038088613604637	10.2721873766537	0.83127044742843
24.625	34.75	0.777229671517518	0.816688636449677	0.036993627073583	10.0998496470606	0.855199286486387
24.875	34.75	0.810197276087173	0.816198085641764	0.0351728166877829	9.92297157928616	0.876628229456663
25.125	34.75	0.839308727989722	0.815601714074429	0.0328554426551382	9.74209847653458	0.895550673193319
25.375	34.75	0.864711226471956	0.814906798598306	0.0302437565684051	9.55776521668944	0.912062297206771
25.625	34.75	0.886660177128385	0.81413017629817	0.0275039000996772	9.37047556126298	0.92632911513345
25.875	34.75	0.905473222899138	0.813294055316148	0.0247637214791196	9.1806889405417	0.938557594884439
26.125	34.75	0.921493043830306	0.81242234476422	0.0221152579184539	8.98881387044636	0.948970478489699
26.375	34.75	0.935060687767091	0.811537898626246	0.0196197850088764	8.79520649401835	0.957789447048609
26.625	34.75	0.946498647492589	0.810660753700735	0.0173138218873671	8.60017261561774	0.965224120870183
26.875	34.75	0.95610167986947	0.809807240740108	0.0152150362706791	8.40397179877209	0.971466091915156
27.125	34.75	0.964133106109195	0.808989757389464	0.0133274684452756	8.20682243796897	0.976686518970977
27.375	34.75	0.97082460716811	0.808216980135313	0.0116458360390061	8.00890706238344	0.981035994659271
27.625	34.75	0.976378001986259	0.807494324723106	0.0101588963844414	7.81037742064115	0.984645701291068
27.875	34.75	0.980967972150359	0.80682451274027	0.00885195877335971	7.61135911023468	0.987629181897734
28.125	34.75	0.984745086448006	0.806208149503494	0.00770868708055466	7.41195565804213	0.990084306191204
28.375	34.75	0.98783876137297	0.805644257252913	0.00671234111419641	7.21225204457537	0.992095194892431
28.625	34.75	0.990359980269731	0.805130735948797	0.00584659196716996	7.01231771066821	0.993733987175325
28.875	34.75	0.992403706937527	0.804664742675189	0.00509602493586575	6.8122091054361	0.995062409509393
29.125	34.75	0.994050991742381	0.804242991879014	0.00444642030744675	6.61197183906077	0.996133144632547
29.375	34.75	0.995370797972483	0.803861984602205	0.00388488104387316	6.41164250047607	0.996991018682114
29.625	34.75	0.996421586610067	0.803518177337417	0.00339985852717613	6.2112501929022	0.997674031296544
29.875	34.75	0.997252697759971	0.803208101526094	0.00298111331877213	6.01081783204997	0.998214253543981
30.125	34.75	0.997905562218784	0.802928443966007	0.00261963699902013	5.8103632440986	0.998638615442209
30.375	34.75	0.998414770328298	0.802676097110459	0.00230755304850578	5.60990009386709	0.998969600713393
30.625	34.75	0.998809019071307	0.802448186790142	0.00203800883464334	5.40943866812738	0.999225862396349
30.875	34.75	0.999111953147027	0.80224208347477	0.00180506655790455	5.20898653468372	0.999422769545568
31.125	34.75	0.999342911772522	0.802055401917024	0.00160359806046299	5.00854909449651	0.999572892652139
31.375	34.75	0.999517590155055	0.80188599292463	0.00142918636628098	4.80813004155538	0.999686433600786
31.625	34.75	0.999648622768964	0.80173193009426	0.00127803544643947	4.60773174321216	0.999771604799827
31.875	34.75	0.999746094481824	0.801591493602101	0.001146888794072	4.40735555210855	0.999834961413186
32.125	34.75	0.999817984942867	0.801463152565333	0.00103295680981074	4.20700205955279	0.999881690212863
32.375	34.75	0.999870551277706	0.80134554705114	0.000933852640344205	4.00667129912981	0.999915858330509
32.625	34.75	0.99990865397444	0.801237470494827	0.000847535908071377	3.80636290840589	0.999940625083386
32.875	34.75	0.999936031014306	0.801137853066132	0.000772263667378832	3.60607625575155	0.999958420159299
33.125	34.75	0.999955526000179	0.801045746340841	0.000706547884389112	3.40581053847714	0.999971091900116
33.375	34.75	0.999969277293749	0.800960309425298	0.000649118733694457	3.20556485756716	0.999980030240937
33.625	34.75	0.999978876411241	0.800880796390762	0.000598893018607993	3.00533827326409	0.999986269667307
33.875	34.75	0.999985503636701	0.80080654453107	0.000554947045040549	2.805129844679	0.999990577363855
34.125	34.75	0.999990044822094	0.800736962747867	0.000516493325331726	2.60493865582789	0.999993529134361
34.375	34.75	0.999993184329817	0.800671519655217	0.000482860584592587	2.40476383056935	0.999995569814381
34.625	34.75	0.999995457419613	0.800609732154244	0.000453476713502719	2.20460454034728	0.999997047322749
34.875	34.75	0.999997240169824	0.800551157219948	0.000427854539874927	2.00446001117392	0.999998206110386
35.125	34.75	0.999998671840389	0.800495391411654	0.000405580465236684	1.80432953807647	0.999999136696253
35.375	34.75	0.999999557446914	0.800442081747031	0.000386305907809572	1.60421251250143	0.999999712340494
35.625	34.75	0.999999380892928	0.800390944989781	0.000369740856588646	1.40410845664406	0.999999597580403
35.875	34.75	0.99999762050319	0.80034177892276	0.000355647641007668	1.2040170377633	0.999998453327074
36.125	34.75	0.999994494310229	0.800294433865879	0.000343831829332721	1.00393801477583	0.999996421301649
36.375	34.75	0.999991951495133	0.800248710574557	0.000334127441052805	0.803871072968162	0.999994768471836
36.625	34.75	0.999994149332503	0.800204184630904	0.000326377412321558	0.60381556384344	0.999996197066127
36.875	34.75	1.00000607218657	0.800160036037956	0.000320418594690546	0.403770303722463	1.00000394692127
37.125	34.75	1.00002903099282	0.800107816199944	0.000316091320452352	0.203733758121945	1.00001887014533
37.375	34.75	1.00005346228502	0.400087298203578	0.000313523691336054	0.00370865810154788	1.00003475048526
0.125	35.25	-3.58420127377059e-12	0.400002945897105	-6.62834533795993e-05	18.0164617497192	0.34999999999767
0.375	35.25	-5.48627469994115e-12	0.800008847680813	-6.64343406758882e-05	17.9464612341695	0.349999999996434
0.625	35.25	-7.29460854479427e-12	0.800014779464247	-6.67367270153263e-05	17.876460201322	0.349999999995258
0.875	35.25	-6.52359375582761e-12	0.800020761375787	-6.71918427440552e-05	17.8064586476744	0.34999999999576
1.125	35.25	-2.31491287852448e-13	0.800026813738649	-6.7801550603941e-05	17.7364565679558	0.34999999999985
1.375	35.25	1.42540945897884e-11	0.800032957149798	-6.85683667928228e-05	17.6664539551065	0.350000000009265
1.625	35.25	3.79977361648788e-11	0.800039212561925	-6.94954896634304e-05	17.5964508002505	0.350000000024698
1.875	35.25	6.87189848323087e-11	0.80004560136763	-7.05868368774642e-05	17.5264470926611	0.350000000044667
2.125	35.25	9.90874488346973e-11	0.800052145486808	-7.18470913269135e-05	17.4564428197191	0.350000000064407
2.375	35.25	1.15695809291272e-10	0.800058867457955	-7.32817574236048e-05	17.3864379668637	0.350000000075202
2.625	35.25	9.9483519998023e-11	0.800065790533968	-7.48972282311062e-05	17.3164325175349	0.350000000064664
2.875	35.25	2.83523684954577e-11	0.800072938783222	-7.67008654729609e-05	17.2464264531075	0.350000000018429
3.125	35.25	-1.17511819338505e-10	0.80008033719681	-7.87010939212758e-05	17.1764197528154	0.349999999923617
3.375	35.25	-3.47520672269517e-10	0.800088011802804	-8.09075119624405e-05	17.106412393665	0.349999999774112
3.625	35.25	-6.50290029667086e-10	0.800095989788418	-8.33310213366674e-05	17.0364043503377	0.349999999577311
3.875	35.25	-9.82308452956368e-10	0.80010429963199	-8.59839785934473e-05	16.9663955950792	0.3499999993615
4.125	35.25	-1.25804020609236e-09	0.800112971245274	-8.88803717796541e-05	16.8963860975757	0.349999999182274
4.375	35.25	-1.34504392127846e-09	0.800122036128178	-9.20360266078352e-05	16.8263758248162	0.349999999125721
4.625	35.25	-1.06884023575474e-09	0.800131527538393	-9.54688469743912e-05	16.75636474094	0.349999999305254
4.875	35.25	-2.32885584890465e-10	0.800141480677893	-9.9199095453882e-05	16.6863528070703	0.349999999848624
5.125	35.25	1.34154168559681e-09	0.800151932900082	-0.000103249720803438	16.6163399811351	0.350000000872002
5.375	35.25	3.75306360458346e-09	0.800162923940758	-0.000107646740539978	16.5463262176744	0.350000002439491
5.625	35.25	6.93744349163985e-09	0.800174496177562	-0.000112419687990221	16.4763114676365	0.350000004509338
5.875	35.25	1.05725261190203e-08	0.80018669492135	-0.000117602135240512	16.406295678162	0.350000006872142
6.125	35.25	1.39865692532828e-08	0.800199568745129	-0.000123232305076804	16.3362787923536	0.35000000909127
6.375	35.25	1.60933999936119e-08	0.800213169854	-0.000129353787576425	16.2662607490262	0.35000001046071
6.625	35.25	1.53844955783737e-08	0.80022755450207	-0.000136016380099888	16.196241482429	0.350000009999922
6.875	35.25	1.00121627670178e-08	0.800242783460658	-0.000143277072031003	16.1262209219249	0.350000006507906
7.125	35.25	-2.00212680135938e-09	0.800258922543719	-0.000151201200755781	16.0561989916085	0.349999998698618
7.375	35.25	-2.24059984001717e-08	0.800276043196071	-0.000159863809518775	15.9861756098399	0.349999985436101
7.625	35.25	-5.21855116707139e-08	0.800294223151802	-0.00016935124375792	15.9161506886657	0.349999966079417
7.875	35.25	-9.08704940348711e-08	0.800313547169947	-0.000179763029797181	15.8461241330988	0.349999940934179
8.125	35.25	-1.35709272981711e-07	0.800334107857654	-0.000191214088235923	15.7760958402308	0.349999911788972
8.375	35.25	-1.80782602291678e-07	0.800356006590986	-0.00020383734473343	15.706065698153	0.349999882491308
8.625	35.25	-2.16170349937564e-07	0.800379354546162	-0.000217786814294165	15.6360335846765	0.349999859489272
8.875	35.25	-2.27334753978126e-07	0.800404273855296	-0.000233241251062585	15.5659993658565	0.34999985223241
9.125	35.25	-1.94939310122213e-07	0.800430898902726	-0.000250408477088783	15.4959628943488	0.349999873289448
9.375	35.25	-9.53802256828066e-08	0.800459377779891	-0.000269530529804059	15.4259240076605	0.349999938002853
9.625	35.25	9.76362992524775e-08	0.800489873918373	-0.000290889802331784	15.3558825263899	0.350000063463595
9.875	35.25	4.10090019734735e-07	0.800522567923927	-0.000314816394809885	15.2858382526006	0.350000266558513
10.125	35.25	8.62807363235877e-07	0.800557659636307	-0.000341696950432571	15.2157909685227	0.350000560824786
10.375	35.25	1.46438861052552e-06	0.80059537044306	-0.0003719853198412	15.1457404358245	0.350000951852597
10.625	35.25	2.20157578346665e-06	0.800635945876882	-0.000406215483373326	15.0756863957495	0.350001431024259
10.875	35.25	3.0269028160432e-06	0.800679658526073	-0.000445017263927935	15.0056285704405	0.35000196748683
11.125	35.25	3.84377083718578e-06	0.800726811280496	-0.000489135483739279	14.9355666657816	0.350002498451044
11.375	35.25	4.4895696968024e-06	0.800777740920695	-0.000539453354555573	14.8655003760419	0.350002918220303
11.625	35.25	4.71816441870882e-06	0.800832822025744	-0.000597021037412447	14.7954293904856	0.350003066806872
11.875	35.25	4.18401627123405e-06	0.800892471120398	-0.000663090456375191	14.7253534018976	0.350002719610576
12.125	35.25	2.43143004166416e-06	0.800957150896603	-0.000739157587587659	14.6552721166115	0.350001580429527
12.375	35.25	-1.10609696369671e-06	0.801027374214696	-0.000827013549423193	14.5851852651096	0.349999281036974
12.625	35.25	-7.08974658243401e-06	0.801103707408606	-0.00092880586462606	14.5150926115403	0.349995391664721
12.875	35.25	-1.62339592865118e-05	0.801186772175264	-0.00104711121431171	14.4449939595642	0.349989447926464
13.125	35.25	-2.92293677671157e-05	0.801277245012659	-0.00118502081072695	14.3748891507838	0.349981000910951
13.375	35.25	-4.6618048726732e-05	0.801375852777225	-0.00134623912137657	14.3047780506457	0.349969698268328
13.625	35.25	-6.86077212290114e-05	0.801483362458778	-0.00153519601390747	14.2346605151792	0.349955404981201
13.875	35.25	-9.48107190959196e-05	0.801600562721922	-0.00175717137350376	14.1645363302921	0.349938373032588
14.125	35.25	-0.000123893458407055	0.80172823415051	-0.0020184297780719	14.0944051136997	0.349919469252035
14.375	35.25	-0.000153122805504018	0.80186710447871	-0.00232636079093689	14.0242661679877	0.349900470176422
14.625	35.25	-0.000177797226026329	0.80201778443505	-0.00268961772583052	13.9541182719366	0.349884431803083
14.875	35.25	-0.000190552740211837	0.802180679223559	-0.00311824422835437	13.8839593961475	0.349876140718862
15.125	35.25	-0.000180536273995997	0.802355870201944	-0.0036237735740399	13.8137863282774	0.349882651421903
15.375	35.25	-0.000132441619344066	0.802542961110505	-0.00421928009759856	13.7435941928443	0.349913912947426
15.625	35.25	-2.54054838560685e-05	0.802740883425176	-0.00491935556922488	13.6733758505575	0.349983486435494
15.875	35.25	0.000168237362558674	0.80294765627222	-0.00573997563567615	13.6031211623656	0.350109354285663
16.125	35.25	0.000484340262296131	0.803160098140772	-0.00669821280391659	13.5328161037534	0.350314821170493
16.375	35.25	0.000968472849517719	0.803373490711448	-0.00781174327073007	13.4624417150746	0.350629507352187
16.625	35.25	0.0016775923955246	0.803581199887912	-0.00909808600133977	13.3919728737551	0.351090435057091
16.875	35.25	0.00268185885288438	0.80377426599812	-0.010573505265182	13.3213768740176	0.351743208254375
17.125	35.25	0.00406659023844555	0.80394098450075	-0.0122515047037305	13.2506117995526	0.35264328365499
17.375	35.25	0.00593434475405957	0.804066510627447	-0.0141408455902423	13.1796246748391	0.353857324090139
17.625	35.25	0.00840709546740337	0.804132536169878	-0.0162430395785639	13.1083493825887	0.355464612053812
17.875	35.25	0.0116284277627726	0.80411710358181	-0.0185493041707505	13.0367043395947	0.357558478045802
18.125	35.25	0.01576563414103	0.803994640577032	-0.0210370362419567	12.9645899332752	0.36024766219167
18.375	35.25	0.021011500833987	0.803736315497237	-0.0236659644565127	12.8918857390771	0.363657475542091
18.625	35.25	0.0275854734912698	0.803310826983393	-0.0263742917250347	12.8184475676061	0.367930557769325
18.875	35.25	0.0357337562609428	0.802685746890062	-0.0290753320600013	12.7441044325718	0.373226941569613
19.125	35.25	0.0457277484373641	0.801829527692239	-0.0316553638920272	12.6686555879493	0.379723036484287
19.375	35.25	0.0578600755995043	0.800714258017114	-0.0339736203425828	12.5918678542717	0.387609049139678
19.625	35.25	0.0724373649503155	0.799319193432085	-0.0358654417511509	12.5134735347027	0.397084287217705
19.875	35.25	0.0897689065943997	0.797634992679154	-0.0371495280863481	12.4331693006322	0.40834978928636
20.125	35.25	0.110150515913989	0.795668439043166	-0.0376398509209031	12.3506164861251	0.421597835344093
20.375	35.25	0.133843361809289	0.793447213037387	-0.0371620668811531	12.2654432463882	0.436998185176038
20.625	35.25	0.161048327513701	0.79102401301974	-0.0355732722932753	12.177248981054	0.454681412883906
20.875	35.25	0.191877623523465	0.788479038244682	-0.0327828479829996	12.0856112788529	0.474720455290252
21.125	35.25	0.226326719344751	0.785919653272298	-0.0287712761889748	11.9900954067799	0.497112367574088
21.375	35.25	0.264250836262618	0.783476095366779	-0.0236034961684602	11.8902660780826	0.521763043570701
21.625	35.25	0.305350715803874	0.781292523942627	-0.0174337992950991	11.7857009589522	0.548477965272518
21.875	35.25	0.34917165901524	0.779513608499173	-0.0105004088906781	11.6760051985224	0.576961578359906
22.125	35.25	0.395117806853161	0.778268080694304	-0.00310947912669965	11.5608262444056	0.606826574454554
22.375	35.25	0.442480813292585	0.777651884175263	0.00439007555976822	11.4398683072182	0.63761252864018
22.625	35.25	0.490479464422791	0.777714262315235	0.0116380307493111	11.3129059366013	0.668811651874814
22.875	35.25	0.538305367665715	0.778449933357039	0.018296574275862	11.1797961101833	0.699898488982715
23.125	35.25	0.585169819276564	0.779799319909542	0.024081659606021	11.0404879525589	0.730360382529767
23.375	35.25	0.630347764268117	0.781656926837894	0.0287873976990083	10.8950288261665	0.759726046774276
23.625	35.25	0.673215515807736	0.783886017744963	0.0322998485364446	10.7435653685836	0.787590085275029
23.875	35.25	0.713279246965499	0.786336389557319	0.0345984628520474	10.5863383765927	0.813631510527574
24.125	35.25	0.750191624823943	0.788861697067942	0.0357458740705265	10.4236713132671	0.837624556135563
24.375	35.25	0.783754999740489	0.791333421557107	0.0358690184926591	10.2559533877346	0.859440749831318
24.625	35.25	0.813911475191105	0.793649835648352	0.0351359240285525	10.0836191929232	0.879042458874218
24.875	35.25	0.840722404353744	0.795739683666677	0.0337325942029365	9.90712740916495	0.896469562829934
25.125	35.25	0.864341492235614	0.797561366502219	0.0318434040709124	9.72694096138465	0.911821969953149
25.375	35.25	0.884986127921544	0.799099002422226	0.0296368676633663	9.54351039132296	0.925240983149004
25.625	35.25	0.902910845158149	0.800356845623216	0.0272571263542613	9.35726135712176	0.936892049352797
25.875	35.25	0.918385397167594	0.801353321812051	0.0248204299092625	9.16858637644296	0.946950508158936
26.125	35.25	0.931678428896843	0.802115558436531	0.0224153461894608	8.97784035596492	0.955590978782948
26.375	35.25	0.943046555933155	0.802674891103807	0.0201053495856759	8.78533914586221	0.962980261356551
26.625	35.25	0.952727968976704	0.803063505293017	0.0179326290059236	8.59136028166965	0.969273179834858
26.875	35.25	0.960939429056494	0.803312156365362	0.0159222605178381	8.39614514976928	0.974610628886721
27.125	35.25	0.96787556226103	0.803448795265271	0.0140861959316576	8.19990195997481	0.97911911546967
27.375	35.25	0.973709558427932	0.803497887601867	0.0124267697710278	8.00280907278292	0.982911212978156
27.625	35.25	0.978594617666452	0.803480221730645	0.0109396063902002	7.80501837678546	0.986086501483194
27.875	35.25	0.982665708659727	0.803413033357952	0.00961592223530291	7.60665852937198	0.988732710628823
28.125	35.25	0.986041376459468	0.803310313756165	0.0084442803444163	7.40783795918107	0.990926894698654
28.375	35.25	0.988825460655262	0.803183206456516	0.00741188119104218	7.20864758596896	0.99273654942592
28.625	35.25	0.991108664305129	0.803040428907524	0.0065054793661972	7.0091632490244	0.994220631798334
28.875	35.25	0.992969960497579	0.802888679862393	0.00571200920150112	6.80944785528374	0.995430474323426
29.125	35.25	0.99447784721757	0.802733010694793	0.00501899074423483	6.60955326814267	0.996410600691421
29.375	35.25	0.995691470693551	0.802577150650162	0.00441477439489456	6.40952196156249	0.997199455950808
29.625	35.25	0.996661638712694	0.802423783568879	0.00388867010147886	6.2093884641686	0.997830065163251
29.875	35.25	0.99743174260363	0.802274778081912	0.0034309962218448	6.00918061641315	0.998330632692359
30.125	35.25	0.998038602257651	0.802131375655354	0.00303307429794122	5.80892066159823	0.998725091467473
30.375	35.25	0.998513244160166	0.80199434188073	0.0026871889617938	5.60862618922552	0.999033608704108
30.625	35.25	0.998881618683243	0.801864086594783	0.00238652678049939	5.40831094703623	0.999273052144108
30.875	35.25	0.999165260143795	0.801740758121206	0.00212510376492651	5.20798553632829	0.999457419093467
31.125	35.25	0.999381891386527	0.80162431639098	0.0018976882401776	5.00765800367926	0.999598229401242
31.375	35.25	0.99954597377961	0.801514589063339	0.00169972356551713	4.8073343410058	0.999704882956746
31.625	35.25	0.999669203306945	0.801411314124372	0.00152725359897289	4.60701890488517	0.999784982149514
31.875	35.25	0.999760953665357	0.801314171836386	0.00137685267055209	4.40671476518695	0.999844619882482
32.125	35.25	0.999828667704959	0.801222808377534	0.00124556103659909	4.2064239922691	0.999888634008223
32.375	35.25	0.999878199034696	0.801136853063861	0.00113082624544609	4.00614789125332	0.999920829372553
32.625	35.25	0.99991410613547	0.801055930687576	0.00103045048194613	3.80588719119066	0.999944168988056
32.875	35.25	0.99993990202314	0.800979670220607	0.000942543723884067	3.60564219623098	0.999960936315041
33.125	35.25	0.9999582636064	0.800907710880562	0.000865482395124888	3.40541290516702	0.99997287134416
33.375	35.25	0.999971206435672	0.800839706277883	0.000797873106020482	3.20519910486801	0.999981284183187
33.625	35.25	0.999980231999341	0.800775327009196	0.00073852100836684	3.00500044211395	0.999987150799572
33.875	35.25	0.999986454646524	0.800714261662739	0.000686402253057939	2.80481647728588	0.999991195520241
34.125	35.25	0.999990711517016	0.800656215938596	0.000640640038344591	2.60464672258704	0.99999396248606
34.375	35.25	0.999993650268941	0.800600909810277	0.000600483810111493	2.40449066751078	0.999995872674812
34.625	35.25	0.999995778226197	0.800548073726877	0.000565291353677494	2.20434779561574	0.999997255847028
34.875	35.25	0.999997451603436	0.800497446738354	0.000534513775372428	2.00421759907992	0.999998343542233
35.125	35.25	0.999998799770344	0.800448781100697	0.00050768356657451	1.80409959919843	0.999999219850724
35.375	35.25	0.999999630623608	0.800401857044528	0.000484405783610171	1.6039933783209	0.999999759905345
35.625	35.25	0.999999442914421	0.800356504996143	0.000464351537857242	1.40389861756052	0.999999637894373
35.875	35.25	0.999997730744729	0.800312619495645	0.00044725143057289	1.20381511438947	0.999998524984074
36.125	35.25	0.999994703082197	0.800270134249174	0.000432885022926784	1.0037427341674	0.999996557003428
36.375	35.25	0.999992240789978	0.800228925697326	0.000421062772229462	0.80368125307525	0.999994956513486
36.625	35.25	0.999994356564571	0.800188645305642	0.000411601679928392	0.603630109009902	0.999996331766971
36.875	35.25	1.00000586098097	0.800148556839419	0.000404306596620659	0.40358820886754	1.00000380963763
37.125	35.25	1.00002801792454	0.800100563888533	0.000398982898714736	0.203554107867606	1.00001821165095
37.375	35.25	1.00005159609617	0.400083057735558	0.000395800798321091	0.00353046210920906	1.00003353746251
0.125	35.75	-3.59002997974176e-12	0.400002775035986	-7.77253228656113e-05	18.0164743807094	0.349999999997666
0.375	35.75	-5.47082777579647e-12	0.800008334408308	-7.79147797241839e-05	17.9464738950609	0.349999999996444
0.625	35.75	-7.23011396738031e-12	0.80001392170581	-7.82944450751732e-05	17.8764729221362	0.3499999999953
0.875	35.75	-6.38157944527533e-12	0.800019555649222	-7.88658298216173e-05	17.8064714586756	0.349999999995852
1.125	35.75	3.47543063601305e-15	0.800025255116456	-7.96312193639405e-05	17.736469499775	0.350000000000002
1.375	35.75	1.45638471631504e-11	0.800031039205848	-8.05936970571289e-05	17.6664670388703	0.350000000009467
1.625	35.75	3.83065488097552e-11	0.800036927300504	-8.17571759991528e-05	17.5964640677145	0.350000000024899
1.875	35.75	6.88727550732661e-11	0.800042939134275	-8.31264399740454e-05	17.5264605763511	0.350000000044767
2.125	35.75	9.88457057007286e-11	0.800049094858436	-8.47071944571881e-05	17.4564565530803	0.35000000006425
2.375	35.75	1.14748613583679e-10	0.800055415110472	-8.65061284492707e-05	17.3864519844209	0.350000000074587
2.625	35.75	9.75060641220253e-11	0.800061921084028	-8.85309886359609e-05	17.3164468550652	0.350000000063379
2.875	35.75	2.51079167120346e-11	0.800068634601447	-9.07906672348383e-05	17.2464411478279	0.35000000001632
3.125	35.75	-1.22016755701749e-10	0.800075578187867	-9.32953054286153e-05	17.1764348435882	0.349999999920689
3.375	35.75	-3.5283761243952e-10	0.800082775147917	-9.60564145462987e-05	17.1064279212239	0.349999999770656
3.625	35.75	-6.5531274280182e-10	0.800090249644668	-9.90870176570829e-05	17.0364203575382	0.349999999574047
3.875	35.75	-9.85086551825495e-10	0.800098026781303	-0.00010240181445548	16.9664121271772	0.349999999359694
4.125	35.75	-1.25568660215283e-09	0.80010613268575	-0.000106017373371593	16.8964032025393	0.349999999183804
4.375	35.75	-1.3338144901338e-09	0.800114594598041	-0.000109952355168969	16.826393553676	0.34999999913302
4.625	35.75	-1.04447458699062e-09	0.800123440961303	-0.000114227772901738	16.7563831481839	0.349999999321091
4.875	35.75	-1.91307069603407e-10	0.800132701516963	-0.000118867294747558	16.6863719510912	0.34999999987565
5.125	35.75	1.4030635517847e-09	0.800142407404692	-0.000123897596383353	16.6163599247389	0.350000000911991
5.375	35.75	3.83419780325513e-09	0.800152591267955	-0.000129348771634653	16.5463470286595	0.350000002492229
5.625	35.75	7.03249085082302e-09	0.800163287366173	-0.00013525481105364	16.4763332194565	0.350000004571119
5.875	35.75	1.06675925813672e-08	0.800174531693394	-0.000141654160301685	16.406318450685	0.350000006933935
6.125	35.75	1.40564617723531e-08	0.800186362103467	-0.000148590371786919	16.3363026727355	0.3500000091367
6.375	35.75	1.60987133780085e-08	0.800198818440267	-0.00015611286562149	16.2662858327162	0.350000010464164
6.625	35.75	1.5269629429241e-08	0.800211942671782	-0.000164277818736383	16.196267874331	0.350000009925259
6.875	35.75	9.70532299654853e-09	0.800225779023852	-0.000173149204462841	16.1262487377403	0.35000000630846
7.125	35.75	-2.58551867691994e-09	0.800240374110731	-0.000182800008457343	16.0562283593932	0.349999998319413
7.375	35.75	-2.33546320834323e-08	0.800255777055239	-0.00019331365218196	15.9862066718105	0.349999984819489
7.625	35.75	-5.35759007672426e-08	0.800272039592949	-0.000204785660496126	15.9161836033004	0.349999965175665
7.875	35.75	-9.27402106153845e-08	0.800289216150854	-0.000217325616540547	15.8461590775836	0.349999939718863
8.125	35.75	-1.38016422088956e-07	0.800307363890222	-0.000231059455787789	15.776133013311	0.349999910289326
8.375	35.75	-1.8334816616697e-07	0.800326542701132	-0.000246132160496463	15.7061053234639	0.349999880823692
8.625	35.75	-2.18600676094249e-07	0.80034681513262	-0.000262710928207683	15.6360759146374	0.34999985790956
8.875	35.75	-2.28923457993049e-07	0.800368246239076	-0.000280988903088713	15.5660446862305	0.349999851199752
9.125	35.75	-1.94552080241871e-07	0.800390903319338	-0.000301189577512632	15.4960115295905	0.349999873541148
9.375	35.75	-9.13335603015873e-08	0.800414855517636	-0.000323571995391017	15.4259763271973	0.349999940633186
9.625	35.75	1.07679236681227e-07	0.800440173249869	-0.000348436919095071	15.3559389520139	0.350000069991504
9.875	35.75	4.29165182214852e-07	0.800466927408947	-0.000376134160166086	15.2858992671856	0.350000278957368
10.125	35.75	8.94570982450641e-07	0.800495188291882	-0.000407071322171361	15.2158571263258	0.350000581471139
10.375	35.75	1.51281516286291e-06	0.800525024177283	-0.000441724264310613	15.1458123746944	0.350000983329856
10.625	35.75	2.27029544598574e-06	0.8005564994631	-0.000480649666477371	15.0757648516312	0.35000147569204
10.875	35.75	3.1179988479532e-06	0.800589672247857	-0.000524500162915713	15.0057143946597	0.350002026699251
11.125	35.75	3.95581737593195e-06	0.80062459120138	-0.000574042609531167	14.9356608456997	0.350002571281294
11.375	35.75	4.61466257066053e-06	0.80066129151796	-0.000630180157241504	14.8656040598016	0.350002999530671
11.625	35.75	4.83769653112963e-06	0.800699789667749	-0.000693978913770406	14.7955439167241	0.350003144502745
11.875	35.75	4.26299575435298e-06	0.800740076557754	-0.000766700078924376	14.7254803354768	0.35000277094724
12.125	35.75	2.4112614972033e-06	0.800782108566376	-0.000849838517711925	14.6554132916128	0.350001567319973
12.375	35.75	-1.31621494917133e-06	0.800825795725389	-0.000945168770797717	14.5853428365471	0.349999144460283
12.625	35.75	-7.62226809060556e-06	0.800870986075539	-0.00105479946312413	14.5152691174577	0.349995045525741
12.875	35.75	-1.72721529611425e-05	0.800917444915486	-0.00118123692315601	14.4451923953738	0.349988773100575
13.125	35.75	-3.10142181032417e-05	0.800964827296628	-0.00132745852105385	14.3751130578622	0.349979840758233
13.375	35.75	-4.94497596715528e-05	0.801012641692382	-0.00149699572124235	14.3050316212833	0.349967857656213
13.625	35.75	-7.28371544891102e-05	0.801060202302519	-0.00169402606098208	14.2349487159493	0.349952655849582
13.875	35.75	-0.000100814151765044	0.80110656696305	-0.00192347214306935	14.1648650457131	0.349934470801353
14.125	35.75	-0.000132021644519833	0.801150457156985	-0.0021911041942848	14.0947813116427	0.349914185931062
14.375	35.75	-0.000163612458170427	0.80119015621044	-0.00250364071743697	14.0246980875749	0.349893651902189
14.625	35.75	-0.000190629709970439	0.801223381485504	-0.00286883918351622	13.9546156335988	0.349876090688519
14.875	35.75	-0.000205241016126692	0.801247126346472	-0.00329556551351754	13.8845336319929	0.349866593339518
15.125	35.75	-0.000195817031521723	0.801257468008744	-0.00379382725389557	13.8144508288863	0.349872718929511
15.375	35.75	-0.000145845162840466	0.801249338261491	-0.00437475086177073	13.7443645639753	0.349905200644154
15.625	35.75	-3.26713939220836e-05	0.801216255713873	-0.0050504784589316	13.6742701699601	0.349978763593951
15.875	35.75	0.000173935385260759	0.801150020949872	-0.00583395395692547	13.604160222886	0.350113058000419
16.125	35.75	0.000513401588754763	0.801040380154653	-0.0067385629177346	13.5340236241377	0.350333711032691
16.375	35.75	0.00103615497452418	0.80087466882991	-0.00777758542569373	13.4638444942707	0.350673500733441
16.625	35.75	0.00180562427758404	0.80063745561184	-0.00896341744580744	13.3936008580308	0.35117365578043
16.875	35.75	0.00290043756896353	0.800310217377096	-0.0103065149084814	13.3232630987786	0.351885284419826
17.125	35.75	0.00441682043363907	0.799871091028046	-0.0118140179757891	13.2527921592713	0.352870933281865
17.375	35.75	0.00647118409793922	0.799294764464519	-0.0134880233109901	13.1821374648899	0.35420626966366
17.625	35.75	0.00920287081327546	0.798552588429899	-0.0153234934063909	13.1112345459657	0.355981866028629
17.875	35.75	0.0127769826002412	0.797613010182575	-0.0173058289476243	13.0400023395649	0.358305038690157
18.125	35.75	0.0173871517579445	0.796442445690865	-0.0194081884828521	12.9683401604814	0.361301648642664
18.375	35.75	0.0232580079366413	0.795006713685482	-0.0215887248740574	12.8961243497649	0.365117705158817
18.625	35.75	0.0306469473668394	0.793273144816173	-0.0237880232633578	12.8232046413444	0.369920515788446
18.875	35.75	0.0398446075180138	0.791213443394549	-0.0259271670941145	12.7494003383719	0.375898994886709
19.125	35.75	0.0511731947864431	0.788807309270051	-0.0279070106679496	12.674496466062	0.383262576611188
19.375	35.75	0.0649815202742737	0.786046718187546	-0.029609362188911	12.5982401709372	0.392237988178278
19.625	35.75	0.081635317945862	0.782940612474307	-0.0309008188401404	12.5203377675066	0.40306295666481
19.875	35.75	0.101501252256094	0.779519581967577	-0.0316398637880065	12.4404529845984	0.415975813966461
20.125	35.75	0.124923144286147	0.775839939819881	-0.0316874555253078	12.3582071135114	0.431200043785995
20.375	35.75	0.152189607643463	0.771986448696907	-0.0309206815887253	12.2731818684174	0.448923244968251
20.625	35.75	0.183493763511086	0.768072863464691	-0.0292481844089717	12.1849257739916	0.469270946282206
20.875	35.75	0.218888152003927	0.764239465984586	-0.0266252097507365	12.0929647193793	0.492277298802553
21.125	35.75	0.258241152446921	0.760646929197372	-0.0230655991838478	11.9968168940319	0.517856749090499
21.375	35.75	0.301204299405018	0.757466230267712	-0.0186481517403837	11.8960116356743	0.545782794613261
21.625	35.75	0.347201278780296	0.754864990080434	-0.0135156242290259	11.7901108645024	0.575680831207192
21.875	35.75	0.395447381687901	0.752991510398026	-0.00786601715179477	11.6787309707808	0.607040798097136
22.125	35.75	0.445002015436652	0.751958699584808	-0.00193724313566095	11.5615625674097	0.639251310033824
22.375	35.75	0.494847866920638	0.751830654441703	0.00401267101013439	11.4383856644896	0.671651113498415
22.625	35.75	0.543981991550334	0.752614543134758	0.00972725061678593	11.3090786038413	0.703588294507717
22.875	35.75	0.591500415949875	0.754259509700432	0.0149725561565741	11.1736202565024	0.734475270367419
23.125	35.75	0.636660651316143	0.756662853003712	0.0195552131089627	11.0320861074574	0.763829423355493
23.375	35.75	0.678914247387579	0.759682217465652	0.0233355915951449	10.8846395622525	0.791294260801926
23.625	35.75	0.717910293936341	0.763151442710781	0.0262347611309719	10.731519997991	0.816641691058622
23.875	35.75	0.753476993386056	0.766897303360391	0.0282346389660796	10.5730288985732	0.839760045700937
24.125	35.75	0.785590641432979	0.770754619076938	0.0293717852467724	10.4095151181851	0.860633916931437
24.375	35.75	0.814340318829076	0.774577937504861	0.0297263280361273	10.2413600913975	0.879321207238899
24.625	35.75	0.839894044620859	0.778248921440152	0.0294081939801932	10.0689636896377	0.895931129003558
24.875	35.75	0.862469540904167	0.781679452538962	0.0285429631823834	9.89273134776896	0.910605201587708
25.125	35.75	0.882310822756339	0.784811118962707	0.0272592775471665	9.71306297448235	0.923502034791621
25.375	35.75	0.899670639860485	0.787612108064241	0.0256790184447541	9.53034398648627	0.934785915909315
25.625	35.75	0.914798167166534	0.790072595691576	0.0239106991445704	9.34493859172593	0.944618808658247
25.875	35.75	0.927931058146357	0.792199588724796	0.0220458959158918	9.15718523838034	0.953155187795132
26.125	35.75	0.939290893673279	0.794011934119944	0.0201581615419875	8.96739398557065	0.960539080887631
26.375	35.75	0.949081103038544	0.795535940843697	0.0183037188456394	8.77584545817336	0.966902716975053
26.625	35.75	0.957486552998552	0.796801827358298	0.0165232565923556	8.58279101950263	0.972366259449059
26.875	35.75	0.964674159145217	0.797841033586455	0.0148442698687657	8.38845381597496	0.977038203444391
27.125	35.75	0.970794040719108	0.798684326295648	0.0132835390937245	8.1930303971671	0.98101612646742
27.375	35.75	0.975980892625143	0.799360570789173	0.0118494860018661	7.99669267533844	0.984387580206343
27.625	35.75	0.980355373753613	0.799896024657509	0.010544261688256	7.79959004820449	0.987230992939849
27.875	35.75	0.984025404356282	0.800314016386039	0.00936550603721765	7.60185156063614	0.989616512831583
28.125	35.75	0.987087329003976	0.800634891058262	0.00830777259531157	7.40358802235613	0.991606763852585
28.375	35.75	0.989626940758329	0.800876129121408	0.00736364452473701	7.20489402964296	0.993257511492914
28.625	35.75	0.991720382891959	0.801052567324236	0.00652458245934472	7.00584986096209	0.994618248879773
28.875	35.75	0.993434952665393	0.801176671046788	0.0057815496862076	6.8065232312463	0.995732719232505
29.125	35.75	0.994829832113625	0.801258823455526	0.00512545848461388	6.60697089912793	0.996639390873856
29.375	35.75	0.99595676706366	0.801307609281928	0.00454747670717221	6.40724012738773	0.997371898591379
29.625	35.75	0.996860710122284	0.801330080028453	0.00403922772100038	6.20737000046691	0.997959461579484
29.875	35.75	0.997580437668695	0.801331993694543	0.00359291077556105	6.00739260498391	0.998427284484652
30.125	35.75	0.998149145830031	0.801318026321902	0.00320136332254797	5.80733408040805	0.99879694478952
30.375	35.75	0.998595026429109	0.801291955334169	0.00285808203683567	5.60721554775044	0.999086767178921
30.625	35.75	0.998941821099908	0.801256816237345	0.00255721533278065	5.40705392455976	0.99931218371494
30.875	35.75	0.999209350115244	0.801215035095944	0.00229353698765207	5.20686263477223	0.999486077574909
31.125	35.75	0.999414011807301	0.801168539557278	0.00206240797757324	5.00665222211033	0.999619107674746
31.375	35.75	0.999569248574302	0.801118851242709	0.00185973168980257	4.80643087576653	0.999720011573296
31.625	35.75	0.999685976118763	0.80106716218601	0.00168190619217894	4.60620487704429	0.999795884477196
31.875	35.75	0.999772973515006	0.801014397761387	0.00152577612122714	4.40597897545781	0.999852432784754
32.125	35.75	0.99983723274452	0.800961268268555	0.00138858591622674	4.20575670251984	0.999894201283938
32.375	35.75	0.999884267330811	0.80090831107056	0.00126793551281019	4.00554063108781	0.999924773765027
32.625	35.75	0.999918380644632	0.800855924935506	0.00116173916525588	3.80533258770673	0.999946947419011
32.875	35.75	0.999942895483841	0.800804398017613	0.00106818774871502	3.60513382488124	0.999962882064497
33.125	35.75	0.999960347883679	0.80075393069964	0.000985714665024099	3.40494515960018	0.999974226124391
33.375	35.75	0.999972649836595	0.800704654259359	0.000912965307428985	3.2047670836761	0.999982222393787
33.625	35.75	0.999981227188446	0.800656645978537	0.000848769908292385	3.00459985052803	0.99998779767249
33.875	35.75	0.99998713905396	0.800609940916207	0.000792119494117529	2.80444354203091	0.999991640385074
34.125	35.75	0.999991181671868	0.800564540297247	0.000742144623731845	2.60429811829773	0.999994268086714
34.375	35.75	0.999993971490922	0.800520416659675	0.000698096630785269	2.40416345328131	0.9999960814691
34.625	35.75	0.99999599166182	0.800477516908591	0.000659331268575433	2.20403936034342	0.999997394580183
34.875	35.75	0.999997581414237	0.800435766205346	0.000625294934121226	2.00392561421855	0.999998427919254
35.125	35.75	0.999998863433924	0.800395077201881	0.000595513854385802	1.80382197739045	0.999999261232051
35.375	35.75	0.999999653259925	0.800355368275605	0.000569586400772815	1.60372823631848	0.999999774618951
35.625	35.75	0.999999471015292	0.800316588284809	0.000547177665252645	1.40364424224862	0.99999965615994
35.875	35.75	0.999997832504467	0.80027873287176	0.000528013533869438	1.20356993199105	0.999998591127904
36.125	35.75	0.999994936992706	0.8002418231686	0.00051186961926687	1.0035052848501	0.999996709045259
36.375	35.75	0.99999258177193	0.800205815797043	0.000498550814229734	0.803450175173251	0.999995178151754
36.625	35.75	0.999994601215014	0.800170444450178	0.000487863016558405	0.60340413647412	0.999996490789759
36.875	35.75	1.00000559127671	0.800135066241405	0.000479591438355231	0.403366179102149	1.00000363432986
37.125	35.75	1.00002675809243	0.800092010413524	0.000473516430763598	0.203334963026443	1.00001739276008
37.375	35.75	1.00004928175567	0.400077954765764	0.000469850933977955	0.00331304796543287	1.00003203314119
0.125	36.25	-3.60041238914125e-12	0.400002566983423	-8.84093649331657e-05	18.0164889542963	0.34999999999766
0.375	36.25	-5.46170984050745e-12	0.800007709436333	-8.863438468294e-05	17.9464885050574	0.34999999999645
0.625	36.25	-7.17301421729168e-12	0.800012877363891	-8.90852854302614e-05	17.8764876050946	0.349999999995337
0.875	36.25	-6.24443852772216e-12	0.800018087826814	-8.97637973324763e-05	17.8064862514343	0.349999999995941
1.125	36.25	2.42820529189201e-13	0.800023358003451	-9.06725352279909e-05	17.7364844396057	0.350000000000158
1.375	36.25	1.48964482824436e-11	0.800028705235534	-9.18150222622645e-05	17.6664821636281	0.350000000009683
1.625	36.25	3.86660713733748e-11	0.8000341470751	-9.31957223539779e-05	17.5964794159952	0.350000000025133
1.875	36.25	6.91101407084827e-11	0.80003970133011	-9.48200818584975e-05	17.5264761876545	0.350000000044922
2.125	36.25	9.87144803121521e-11	0.800045386110402	-9.66945811582782e-05	17.4564724679839	0.350000000064164
2.375	36.25	1.13914121883593e-10	0.800051219872248	-9.88267973538853e-05	17.3864682447635	0.350000000074044
2.625	36.25	9.55945173548796e-11	0.800057221462208	-0.000101225478991517	17.3164635041449	0.350000000062136
2.875	36.25	2.18109018615471e-11	0.800063410159437	-0.000103900634638036	17.2464582306152	0.350000000014177
3.125	36.25	-1.26772994498287e-10	0.800069805716092	-0.000106863636634464	17.1764524069574	0.349999999917598
3.375	36.25	-3.58664338251123e-10	0.800076428395048	-0.000110127342462399	17.1064460142073	0.349999999766868
3.625	36.25	-6.61102846207458e-10	0.800083299004931	-0.0001137062358438	17.0364390316041	0.349999999570283
3.875	36.25	-9.88788293145209e-10	0.800090438930424	-0.00011761659085841	16.9664314365384	0.349999999357288
4.125	36.25	-1.25418602762091e-09	0.80009787015824	-0.000121876662227907	16.8964232044956	0.349999999184779
4.375	36.25	-1.32301595465603e-09	0.800105615296321	-0.00012650690594016	16.8264143089958	0.34999999914004
4.625	36.25	-1.01967100320964e-09	0.80011369758563	-0.000131530235118941	16.7564047215329	0.349999999337214
4.875	36.25	-1.4793461587972e-10	0.800122140903583	-0.000136972316639959	16.6863944115142	0.349999999903842
5.125	36.25	1.46818306055829e-09	0.800130969756236	-0.000142861915108864	16.616383346204	0.350000000954319
5.375	36.25	3.92102429641982e-09	0.800140209259177	-0.000149231292319269	16.5463714906753	0.350000002548666
5.625	36.25	7.13528379111017e-09	0.800149885102762	-0.000156116670882213	16.476358807773	0.350000004637934
5.875	36.25	1.07718373496557e-08	0.800160023499996	-0.0001635587728823	16.4063452580938	0.350000007001694
6.125	36.25	1.41354625118041e-08	0.800170651110277	-0.000171603445948759	16.3363307999837	0.350000009188051
6.375	36.25	1.61103763192235e-08	0.800181794934264	-0.000180302391430261	16.2663153895545	0.350000010471745
6.625	36.25	1.51542723082077e-08	0.800193482170555	-0.000189714011083159	16.1962989807173	0.350000009850277
6.875	36.25	9.38569195378961e-09	0.800205740023977	-0.000199904392537005	16.1262815252253	0.3500000061007
7.125	36.25	-3.20046306332232e-09	0.800218595452013	-0.000210948456584181	16.056262972718	0.349999997919699
7.375	36.25	-2.43601801016571e-08	0.800232074833365	-0.000222931293274347	15.9862432707524	0.349999984165883
7.625	36.25	-5.50538840306069e-08	0.800246203539416	-0.000235949719157338	15.9162223648086	0.349999964214975
7.875	36.25	-9.4730257914345e-08	0.800261005384559	-0.000250114093077595	15.8462001982535	0.349999938425332
8.125	36.25	-1.40473005133535e-07	0.800276501927985	-0.000265550435245036	15.7761767122562	0.349999908692547
8.375	36.25	-1.86080269414542e-07	0.800292711593464	-0.000282402902107123	15.7061518456526	0.349999879047825
8.625	36.25	-2.21191617788137e-07	0.800309648567336	-0.000300836680001418	15.6361255347745	0.349999856225448
8.875	36.25	-2.30630321228392e-07	0.800327321426808	-0.000321041372074356	15.5660977132805	0.349999850090291
9.125	36.25	-1.94188171799547e-07	0.800345731441676	-0.000343234968770376	15.4960683120536	0.349999873777688
9.375	36.25	-8.71443278737636e-08	0.800364870481215	-0.00036766851060218	15.4260372592731	0.349999943356187
9.625	36.25	1.18125113978851e-07	0.800384718443385	-0.000394631575615464	15.3560044808139	0.350000076781324
9.875	36.25	4.49030976297429e-07	0.800405240109479	-0.00042445875346912	15.2859699011859	0.350000291870135
10.125	36.25	9.27691304681438e-07	0.800426381305499	-0.000457537304591845	15.2159334452947	0.350000602999348
10.375	36.25	1.56342670370487e-06	0.800448064229813	-0.000494316247340649	15.1458950413742	0.350001016227357
10.625	36.25	2.34242856425238e-06	0.800470181775204	-0.000535317169131031	15.0758546255172	0.350001522578567
10.875	36.25	3.21435707178636e-06	0.800492590635258	-0.000581147118736498	15.0058121482901	0.350002089332097
11.125	36.25	4.07592913654503e-06	0.80051510293301	-0.000632514004418101	14.9357675839572	0.350002649353939
11.375	36.25	4.75205418030167e-06	0.800537476041159	-0.000690244992364716	14.8657209428324	0.350003088835217
11.625	36.25	4.97581936530039e-06	0.800559400170355	-0.000755308465562608	14.7956722871944	0.350003234282587
11.875	36.25	4.36966044736583e-06	0.800580483180992	-0.000828840153716422	14.7256217510205	0.350002840279291
12.125	36.25	2.43140963082549e-06	0.800600231915539	-0.000912174065896566	14.6555695634621	0.35000158041626
12.375	36.25	-1.46940847840378e-06	0.800618029151097	-0.00100687882764844	14.5855160754776	0.349999044884489
12.625	36.25	-8.07768924580994e-06	0.800633105029734	-0.00111479991876823	14.5154617883057	0.34999474950199
12.875	36.25	-1.82117350771482e-05	0.800644501542348	-0.00123810809256184	14.4454073814805	0.3499881623722
13.125	36.25	-3.26832979101932e-05	0.800651028326114	-0.00137935389490901	14.375353736839	0.349978755856358
13.375	36.25	-5.21646423314754e-05	0.800651207702494	-0.00154152764780878	14.3053019534468	0.349966092982484
13.625	36.25	-7.69866473351159e-05	0.800643206561338	-0.00172812346964781	14.2352533465996	0.349949958679232
13.875	36.25	-0.000106850496549184	0.800624752420905	-0.00194320482593521	14.1652094220895	0.349930547177243
14.125	36.25	-0.000140434712295155	0.800593030822036	-0.00219146769430079	14.0951718148247	0.349908717437008
14.375	36.25	-0.000174879312744636	0.800544561211535	-0.00247829565156083	14.0251421787639	0.349886328446716
14.625	36.25	-0.000205129772604555	0.800475048724993	-0.00280979903019745	13.9551220130601	0.349866665647807
14.875	36.25	-0.000223125188822099	0.800379209900697	-0.00319282775731638	13.8851124074196	0.349854968627266
15.125	36.25	-0.000216817402594062	0.800250571472783	-0.00363494463487846	13.8151136880394	0.349859068688314
15.375	36.25	-0.000169010486930463	0.800081243167466	-0.00414434275903325	13.7451249441464	0.349890143183495
15.625	36.25	-5.6012559907051e-05	0.799861668046048	-0.00472968770550545	13.6751434141127	0.34996359183606
15.875	36.25	0.000153906110514245	0.79958035763147	-0.00539986233198512	13.6051637093056	0.350100038971834
16.125	36.25	0.000502253631109378	0.799223624074193	-0.00616359000502968	13.5351768531256	0.350326464860221
16.375	36.25	0.00104226043840928	0.798775328228668	-0.00702891134889763	13.4651691119472	0.350677469284966
16.625	36.25	0.00184103201153754	0.798216670974838	-0.0080024910188397	13.3951205937463	0.351196670807499
16.875	36.25	0.00298191580562009	0.797526065585303	-0.00908873550140609	13.3250035890293	0.351938245273653
17.125	36.25	0.00456708558953958	0.796679141337124	-0.0102887117130044	13.254780627356	0.352968605633201
17.375	36.25	0.00672033831360405	0.79564894239591	-0.0115988705547889	13.1844022216989	0.354368219903843
17.625	36.25	0.00959007965448353	0.794406400020514	-0.0130096010565896	13.1138042729976	0.356233551775414
17.875	36.25	0.0133524370548122	0.792921167996347	-0.014503670786738	13.0429051101434	0.358679084085628
18.125	36.25	0.0182143731270865	0.791162917037833	-0.0160546480961104	12.9716021488277	0.361839342532606
18.375	36.25	0.0244165642550018	0.789103178067747	-0.0176254521292541	12.8997681700484	0.365870766765751
18.625	36.25	0.0322356427492393	0.786717799553799	-0.0191672364833319	12.8272472509742	0.370953167787006
18.875	36.25	0.041985158906684	0.783990032654131	-0.0206188779195896	12.7538504344144	0.377290353289345
19.125	36.25	0.0540142899592771	0.780914173686995	-0.0219074029390664	12.6793513068273	0.38510928847353
19.375	36.25	0.068702912705135	0.777499575561251	-0.0229497235529797	12.6034817772772	0.394656893258338
19.625	36.25	0.0864512143561127	0.773774696837408	-0.0236560385056394	12.5259285167544	0.406193289331473
19.875	36.25	0.107661669177448	0.769790709492383	-0.0239351460322159	12.4463307256798	0.419980084965341
20.125	36.25	0.132711204525675	0.765624064622574	-0.0237016673152444	12.3642801256057	0.436262282941689
20.375	36.25	0.161912106763514	0.761377351523738	-0.022884779519447	12.2793242666953	0.455242869396284
20.625	36.25	0.195462142697888	0.757177803666651	-0.0214375486538747	12.1909743121428	0.477050392753627
20.875	36.25	0.233387820232288	0.753172918039376	-0.0193454705342719	12.0987182734231	0.501702083150987
21.125	36.25	0.275489438057164	0.749522878916187	-0.0166325820953995	12.0020400915366	0.529068134737157
21.375	36.25	0.321301267120489	0.746389854383745	-0.013363691598949	11.9004439273055	0.558845823628318
21.625	36.25	0.370082358824595	0.743924814894396	-0.0096419435312621	11.793481653888	0.590553533235986
21.875	36.25	0.420850232990161	0.742253283660075	-0.00560189440182884	11.6807802012818	0.623552651443604
22.125	36.25	0.472459848021397	0.741462159012042	-0.00139916661037211	11.5620646393277	0.657098901213908
22.375	36.25	0.523716239077611	0.74159006128114	0.00280175807066696	11.4371732022599	0.690415555400447
22.625	36.25	0.573497062931626	0.742623212980206	0.00684003114508212	11.3060619672229	0.722773090905557
22.875	36.25	0.620857394391591	0.744497680980797	0.0105699321930285	11.1687991485748	0.753557306354534
23.125	36.25	0.665095761606224	0.747107345218147	0.0138704138372484	11.0255511164037	0.782312245044046
23.375	36.25	0.705773987837664	0.750315810815106	0.0166519852641592	10.8765635178974	0.808753092094481
23.625	36.25	0.742697071948736	0.753970008653446	0.0188604224187287	10.7221409808305	0.832753096766679
23.875	36.25	0.775867577172923	0.757913402938625	0.0204770737483833	10.5626280674183	0.8543139251624
24.125	36.25	0.805430339078009	0.761997275201531	0.0215159371257673	10.3983929719004	0.873529720400706
24.375	36.25	0.831619742149026	0.76608920669454	0.0220181340981556	10.2298144110735	0.890552832396867
24.625	36.25	0.85471649416422	0.770078467919863	0.0220447541501409	10.0572714913531	0.905565721206743
24.875	36.25	0.875016139640916	0.773878477778367	0.0216691704960497	9.88113605424718	0.918760490766595
25.125	36.25	0.892808517601135	0.777426799652841	0.0209698197507102	9.70176697997378	0.930325536440738
25.375	36.25	0.908365954184409	0.780683302533987	0.0200241576867204	9.51950602454369	0.940437870219866
25.625	36.25	0.921937690863814	0.783627150021157	0.018904158785404	9.33467488018018	0.949259499061479
25.875	36.25	0.933748351600379	0.786253218609411	0.0176734141926522	9.14757323685095	0.956936428540246
26.125	36.25	0.943998764737333	0.788568426300205	0.0163856575797983	8.95847767581197	0.963599197079266
26.375	36.25	0.952867966008841	0.790588309719245	0.0150844257792394	8.76764125358665	0.969364177905747
26.625	36.25	0.960515629440053	0.792334051284872	0.0138035259926947	8.57529364913121	0.974335159136034
26.875	36.25	0.967084484182058	0.793830045144357	0.0125680059233192	8.38164175719493	0.978604914718337
27.125	36.25	0.972702489247335	0.795102008580031	0.0113953790902245	8.18687062167915	0.982256618010768
27.375	36.25	0.977484675844676	0.796175593589	0.0102969229486061	7.99114461534681	0.98536503929904
27.625	36.25	0.981534649437689	0.797075426163755	0.0092789285007607	7.79460878597333	0.987997522134498
27.875	36.25	0.984945788041779	0.79782449170233	0.00834383012634724	7.59739030284589	0.990214762227156
28.125	36.25	0.987802192774583	0.798443787521544	0.0074911815657301	7.39959995042807	0.992071425303479
28.375	36.25	0.99017945078837	0.798952172431756	0.00671846935138884	7.20133362739822	0.99361664301244
28.625	36.25	0.992145266043871	0.799366355030536	0.00602177073194467	7.00267381890908	0.994894422928516
28.875	36.25	0.993760004348503	0.799700974399459	0.00539627176108104	6.80369101784251	0.995944002826527
29.125	36.25	0.99507718850354	0.799968737899677	0.00483666496282003	6.60444507724405	0.996800172527301
29.375	36.25	0.996143968996091	0.800180590142881	0.00433744661372062	6.40498648127916	0.997493579847459
29.625	36.25	0.997001586388585	0.800345894806832	0.00389313250534268	6.20535752621414	0.998051031152581
29.875	36.25	0.997685833861163	0.800472616870057	0.00349840896033978	6.00559340631444	0.998495792009756
30.125	36.25	0.998227522396011	0.800567497280888	0.00314823344685658	5.8057232023434	0.998847889557407
30.375	36.25	0.998652946809509	0.800636215314167	0.00283789671177329	5.60577077265998	0.999124415426181
30.625	36.25	0.998984348077479	0.80068353615875	0.00256305611966798	5.40575554883504	0.999339826250361
30.875	36.25	0.999240365939348	0.800713442844011	0.00231974792590389	5.20569323928169	0.999506237860576
31.125	36.25	0.999436475358265	0.800729252639578	0.0021043845518697	5.00559644565515	0.999633708982872
31.375	36.25	0.999585400795417	0.800733718697174	0.00191374155683035	4.80547519773866	0.999730510517021
31.625	36.25	0.999697503167503	0.80072911806097	0.00174493788527291	4.60533741321224	0.999803377058877
31.875	36.25	0.999781135548664	0.800717327342447	0.00159541207660053	4.40518928912101	0.999857738106631
32.125	36.25	0.99984296493871	0.800699887404378	0.00146289642024207	4.20503563205009	0.999897927210162
32.375	36.25	0.999888258611956	0.800678058379733	0.0013453904917952	4.00488013401053	0.999927368097771
32.625	36.25	0.999921134675022	0.800652866298858	0.00124113508555257	3.80472560087915	0.999948737538764
32.875	36.25	0.999944777636183	0.800625142526181	0.0011485872386654	3.60457413993201	0.999964105463519
33.125	36.25	0.999961621235222	0.800595557100085	0.00106639679580355	3.40442731255494	0.999975053802894
33.375	36.25	0.999973502553124	0.800564646890098	0.000993384765776936	3.20428625757049	0.999982776659531
33.625	36.25	0.999981793037128	0.800532839203538	0.00092852355481295	3.00415178978194	0.999988165474133
33.875	36.25	0.999987512238361	0.800500471125627	0.00087091902414945	2.80402447740355	0.999991882954935
34.125	36.25	0.999991426888614	0.800467804636239	0.000819794238384212	2.60390470133439	0.999994427477599
34.375	36.25	0.999994130299549	0.800435037735847	0.000774474797303735	2.40379269924444	0.999996184694707
34.625	36.25	0.999996087057451	0.800402312765546	0.000734375822802761	2.20368859862098	0.999997456587343
34.875	36.25	0.999997623571098	0.800369724789674	0.000698990970742214	2.00359244506084	0.999998455321213
35.125	36.25	0.999998859849658	0.80033733440192	0.000667884053368664	1.80350423357813	0.999999258902278
35.375	36.25	0.999999624177647	0.80030518849984	0.000640683587365948	1.6034239482316	0.999999755715471
35.625	36.25	0.999999464529975	0.800273346757235	0.000617079372214602	1.40335160522734	0.999999651944484
35.875	36.25	0.999997924176524	0.800241899691616	0.000596817998027941	1.20328727632591	0.999998650714741
36.125	36.25	0.999995192333334	0.800210950808384	0.000579692007977217	1.00323105121826	0.999996875016667
36.375	36.25	0.999992968977265	0.800180533450056	0.000565517893912448	0.803182900647575	0.999995429835222
36.625	36.25	0.999994879558888	0.800150462699496	0.00055410476869773	0.603142455490802	0.999996671713277
36.875	36.25	1.00000526841663	0.800120191851185	0.000545230363417201	0.40310883615596	1.00000342447081
37.125	36.25	1.00002527438653	0.800082536610653	0.000538659962048997	0.20308081731147	1.00001642835124
37.375	36.25	1.00004656096886	0.400072158616823	0.000534649139789389	0.00306084069893198	1.00003026462976
0.125	36.75	-3.61569454796937e-12	0.40000232499648	-9.81933279861969e-05	18.0165053248411	0.34999999999765
0.375	36.75	-5.46257343233449e-12	0.800006982567293	-9.84504656635887e-05	17.9465049179504	0.349999999996449
0.625	36.75	-7.13371077999857e-12	0.800011662880374	-9.89656808698009e-05	17.8765041028431	0.349999999995363
0.875	36.75	-6.13217402324863e-12	0.800016381149212	-9.97408607414168e-05	17.8065028768647	0.349999999996014
1.125	36.75	4.56091291422837e-13	0.800021152665969	-0.000100778854286676	17.7365012360265	0.350000000000296
1.375	36.75	1.5214004280134e-11	0.800025992830631	-0.000102083494964207	17.6664991749973	0.350000000009889
1.625	36.75	3.90400774528707e-11	0.800030917180179	-0.00010365963113414	17.5964966870927	0.350000000025376
1.875	36.75	6.94146295223272e-11	0.800035941415843	-0.000105513165151655	17.5264937642623	0.350000000045119
2.125	36.75	9.87273890112741e-11	0.800041081427623	-0.00010765110183881	17.4564903970745	0.350000000064173
2.375	36.75	1.13321201841988e-10	0.800046353316932	-0.000110081606937085	17.3864865747	0.350000000073659
2.625	36.75	9.40287188806932e-11	0.800051773414659	-0.000112814076902214	17.3164822848933	0.350000000061119
2.875	36.75	1.89385260464857e-11	0.800057358295408	-0.000115859220850849	17.2464775139719	0.35000000001231
3.125	36.75	-1.31113298453212e-10	0.800063124785886	-0.000119229156621646	17.1764722467954	0.349999999914776
3.375	36.75	-3.64271159396746e-10	0.80006908996673	-0.000122937522256281	17.1064664667418	0.349999999763224
3.625	36.75	-6.67181953445804e-10	0.800075271165767	-0.000126999605408536	17.0364601556835	0.349999999566332
3.875	36.75	-9.93710650552625e-10	0.800081685941605	-0.000131432492711343	16.9664532939626	0.349999999354088
4.125	36.75	-1.25528683000988e-09	0.800088352055133	-0.000136255242245693	16.8964458603668	0.349999999184064
4.375	36.75	-1.31652300894284e-09	0.800095287426419	-0.000141489082443245	16.826437832107	0.34999999914426
4.625	36.75	-1.00089037601486e-09	0.800102510074578	-0.000147157641360383	16.7564291847995	0.349999999349421
4.875	36.75	-1.11851141492639e-10	0.800110038037677	-0.000153287211068158	16.6864198924561	0.349999999927297
5.125	36.75	1.52573157352205e-09	0.800117889268852	-0.000159907052565571	16.6164099274853	0.350000000991726
5.375	36.75	4.00148229172858e-09	0.800126081504651	-0.000167049747485574	16.5463992607114	0.350000002600963
5.625	36.75	7.23479669542047e-09	0.80013463210043	-0.000174751604279455	16.4763878614156	0.350000004702618
5.875	36.75	1.08780675992266e-08	0.800143557826265	-0.000183053126909643	16.406375697406	0.350000007070744
6.125	36.75	1.42241054877267e-08	0.800152874613835	-0.000191999556407338	16.3363627351196	0.350000009245669
6.375	36.75	1.61419183987465e-08	0.800162597245223	-0.000201641496069497	16.2663489397601	0.350000010492247
6.625	36.75	1.50718219927352e-08	0.800172738968437	-0.000212035633898357	16.1963342754717	0.350000009796684
6.875	36.75	9.11504450234199e-09	0.800183311024022	-0.000223245577221295	16.1263187055453	0.350000005924779
7.125	36.75	-3.7470118594405e-09	0.800194322062242	-0.000235342816908103	16.0563021926518	0.349999997564442
7.375	36.75	-2.52743952464051e-08	0.800205777426596	-0.000248407841938798	15.9862846990933	0.349999983571643
7.625	36.75	-5.64143173818832e-08	0.800217678273986	-0.00026253142784257	15.9162661870634	0.349999963330694
7.875	36.75	-9.65746708214434e-08	0.800230020497336	-0.000277816126990865	15.8462466189081	0.349999937226464
8.125	36.75	-1.42757930990138e-07	0.800242793409462	-0.000294377993352438	15.7762259573857	0.349999907207345
8.375	36.75	-1.8862540268133e-07	0.800255978139178	-0.000312348580287663	15.7062041659332	0.349999877393488
8.625	36.75	-2.23607558844389e-07	0.800269545682442	-0.000331877256628228	15.6361812089627	0.349999854655087
8.875	36.75	-2.32230058578113e-07	0.800283454540303	-0.000353133895267718	15.5661570522377	0.349999849050462
9.125	36.75	-1.93886124898072e-07	0.800297647862804	-0.000376311998283316	15.496131663408	0.349999873974019
9.375	36.75	-8.33525617907172e-08	0.800312050003682	-0.000401632335858353	15.4261050128254	0.349999945820835
9.625	36.75	1.27584855691594e-07	0.800326562373779	-0.000429347191469917	15.3560770748165	0.350000082930156
9.875	36.75	4.66967540463111e-07	0.80034105846046	-0.000459745325310124	15.2860478296467	0.350000303528901
10.125	36.75	9.57486557885511e-07	0.800355377857749	-0.000493157790671444	15.2160172664867	0.350000622366263
10.375	36.75	1.60880625759956e-06	0.800369319123532	-0.000529964765853731	15.1459853877688	0.350001045724067
10.625	36.75	2.40695808443205e-06	0.800382631246812	-0.000570603595470646	15.0759522154004	0.350001564522755
10.875	36.75	3.30052907940643e-06	0.8003950034646	-0.000615578270091769	15.0059177993724	0.350002145343902
11.125	36.75	4.18367271588084e-06	0.800406053115046	-0.000665470609029771	14.9358822293484	0.350002719387265
11.375	36.75	4.87647322309419e-06	0.800415311142393	-0.000720953444328174	14.8658456498195	0.350003169707595
11.625	36.75	5.10395271810269e-06	0.800422204780512	-0.000782806128326219	14.7958082793383	0.350003317569267
11.875	36.75	4.4760717588554e-06	0.800426036826197	-0.000851932694051165	14.7257704341659	0.350002909446643
12.125	36.75	2.47247147298048e-06	0.800425960771968	-0.000929382973633854	14.6557325563344	0.350001607106457
12.375	36.75	-1.56255377593836e-06	0.800420950896691	-0.00101637691088155	14.585695245611	0.349998984340046
12.625	36.75	-8.40730988933127e-06	0.800409766216811	-0.00111433216701228	14.5156592940942	0.349994535248572
12.875	36.75	-1.89223466785357e-05	0.800390906987547	-0.00122489489214414	14.445625721154	0.349987700474659
13.125	36.75	-3.39702495059717e-05	0.800362562233103	-0.00134997319005763	14.3755958051157	0.349977919337821
13.375	36.75	-5.42809902652804e-05	0.80032254660092	-0.00149177231137671	14.3055711064782	0.349964717356328
13.625	36.75	-8.02461732004493e-05	0.800268224720164	-0.00165282994194621	14.2355534755702	0.34994783998742
13.875	36.75	-0.000111623935923195	0.800196421248553	-0.0018360490822411	14.1655450354268	0.34992744444165
14.125	36.75	-0.000147135412725132	0.800103314980628	-0.00204472492342552	14.0955481283847	0.349904361981729
14.375	36.75	-0.00018393371357075	0.799984315843497	-0.00228256081169812	14.0255652125439	0.349880443086179
14.625	36.75	-0.000216927414628097	0.79983392441084	-0.00255366687529907	13.9555986919354	0.349858997180492
14.875	36.75	-0.000237942575801181	0.799645574820794	-0.00286253321908508	13.8856506620879	0.349845337325729
15.125	36.75	-0.000234710138412997	0.799411463787898	-0.00321396787027286	13.8157225507984	0.349847438410032
15.375	36.75	-0.00018966890705491	0.799122370850695	-0.00361298804492723	13.7458146323574	0.349876715210414
15.625	36.75	-7.85777537127546e-05	0.79876747818089	-0.00406465203922603	13.6759253922985	0.349948924460087
15.875	36.75	0.000131066301069791	0.798334202258611	-0.00457381846304876	13.6060507188865	0.350085193095695
16.125	36.75	0.000481805354250174	0.79780805451435	-0.00514482006376218	13.5361828969771	0.350313173480263
16.375	36.75	0.00102819355229424	0.797172553606211	-0.00578104156762021	13.466309379419	0.350668325808991
16.625	36.75	0.00183896629548515	0.79640921819925	-0.00648439540260679	13.3964113107105	0.351195328092065
16.875	36.75	0.00299940719679628	0.795497675642616	-0.00725469647270892	13.3264617770587	0.351949614677918
17.125	36.75	0.00461391423792199	0.794415928274879	-0.0080889478463011	13.2564237563446	0.352999044254649
17.375	36.75	0.00680876278196454	0.793140824376903	-0.00898056355089555	13.1862477410482	0.354425695808277
17.625	36.75	0.00973505084496541	0.791648783748518	-0.00991857241865555	13.115869007616	0.356327783049227
17.875	36.75	0.0135717838891878	0.789916826665009	-0.0108868671947501	13.0452045084011	0.358821659527972
18.125	36.75	0.0185290013384561	0.787923947137061	-0.0118635841342443	12.9741493695119	0.362043850869996
18.375	36.75	0.024850749393659	0.785652854019889	-0.0128207173910777	12.9025729934183	0.366152987105878
18.625	36.75	0.0328175439061222	0.783092073605927	-0.0137240862035172	12.8303147946673	0.371331403538979
18.875	36.75	0.0427477188512456	0.78023836276957	-0.0145337773501238	12.7571796486159	0.37778601725331
19.125	36.75	0.0549966983956569	0.777099322777243	-0.0152051767095762	12.6829332172218	0.385747853957177
19.375	36.75	0.0699527582989069	0.773696035023958	-0.0156906782152127	12.6072974446447	0.39546929289429
19.625	36.75	0.0880272947307491	0.770065471147155	-0.0159421119399264	12.5299466990308	0.407217741574987
19.875	36.75	0.109637124904507	0.76626237534837	-0.0159138604643652	12.4505052770303	0.421264131187929
20.125	36.75	0.1351761803834	0.762360289111831	-0.0155665289904282	12.3685472651218	0.43786451724921
20.375	36.75	0.164974580916808	0.758451389908813	-0.014870899664709	12.2836000095921	0.457233477595925
20.625	36.75	0.199245085819377	0.754644831169407	-0.0138117493948783	12.1951525738511	0.479509305782595
20.875	36.75	0.238020782737355	0.751063280453681	-0.0123909847976169	12.1026703914834	0.504713508779281
21.125	36.75	0.281093419811632	0.747837368589792	-0.0106295147476723	12.0056166728452	0.532710722877561
21.375	36.75	0.327967550427611	0.745097873723981	-0.0085674036745467	11.9034798889379	0.563178907777947
21.625	36.75	0.377848629068895	0.742965822442576	-0.00626213521807817	11.7958049587508	0.595601608894782
21.875	36.75	0.42967978674958	0.74154137693505	-0.00378518189966118	11.6822240577285	0.629291861387227
22.125	36.75	0.482230538275456	0.740893212673395	-0.00121737355999757	11.5624819695158	0.663449849879046
22.375	36.75	0.534223975428963	0.741050600596522	0.00135633252847884	11.4364512988406	0.697245584028826
22.625	36.75	0.584474484668444	0.742000114294941	0.00385215277165883	11.3041348255621	0.729908415034489
22.875	36.75	0.632003577503885	0.743687744784219	0.00619247043039805	11.1656552195487	0.760802325377525
23.125	36.75	0.676109743433839	0.746025746309934	0.00831023701063094	11.0212351260987	0.789471333231995
23.375	36.75	0.716384698439163	0.748902469757419	0.0101525058065918	10.8711722315204	0.815650053985456
23.625	36.75	0.752684521337316	0.752193149851508	0.0116828064048334	10.7158139373328	0.839244938869256
23.875	36.75	0.78507340260415	0.755769981034554	0.0128821203516319	10.5555350645937	0.860297711692698
24.125	36.75	0.813758639153008	0.759510461992275	0.0137483718687472	10.3907203237478	0.878943115449455
24.375	36.75	0.839030778189943	0.763303582832415	0.0142945648793655	10.2217517967349	0.895370005823463
24.625	36.75	0.861216300364605	0.767053836952878	0.0145459007206259	10.0490007339737	0.909790595236993
24.875	36.75	0.880644719286833	0.770683272615482	0.0145363325437339	9.87282258916591	0.922419067536442
25.125	36.75	0.8976285512859	0.77413191599444	0.0143050262988317	9.69355423596369	0.933458558335835
25.375	36.75	0.912453142534797	0.777356945296582	0.0138931201313753	9.51151253182381	0.943094542647618
25.625	36.75	0.925373188422629	0.780330998763534	0.0133410438498161	9.32699366230739	0.951492572474709
25.875	36.75	0.936613289036753	0.783039969481435	0.0126865205475493	9.14027292881512	0.95879863787389
26.125	36.75	0.946370595705273	0.785480586031533	0.0119632546678913	8.95160480486317	0.965140887208427
26.375	36.75	0.954818268152762	0.787658010529928	0.0112002298150594	8.76122318352068	0.970631874299295
26.625	36.75	0.962108982785925	0.78958361526339	0.0104214967077434	8.56934178778573	0.975370838810851
26.875	36.75	0.968378097852716	0.791273034762371	0.00964631977529163	8.37615473429807	0.979445763604265
27.125	36.75	0.973746315553467	0.792744537298908	0.00888955985743424	8.18183724311421	0.982935105109754
27.375	36.75	0.978321818962247	0.794017720604301	0.00816219064484989	7.98654648178828	0.985909182325461
27.625	36.75	0.982201934095484	0.795112510590949	0.00747187050590661	7.79042252611567	0.988431257162065
27.875	36.75	0.985474398758729	0.796048426991293	0.00682351443498998	7.5935894151747	0.990558359193174
28.125	36.75	0.988218326836979	0.796844073429488	0.00621983053861519	7.39615627559824	0.992341912444036
28.375	36.75	0.990504950595991	0.797516808889304	0.00566180086405923	7.19821848929843	0.993828217887394
28.625	36.75	0.992398211270938	0.798082560601732	0.00514909757081002	6.99985887976301	0.99505883732611
28.875	36.75	0.993955253853683	0.798555743340035	0.00468043303960315	6.80114889406818	0.996070915004894
29.125	36.75	0.995226867862276	0.79894925578509	0.00425384726808839	6.60214976048825	0.996897464110479
29.375	36.75	0.996257903184532	0.799274530247495	0.00386693856095034	6.40291360469188	0.997567637069946
29.625	36.75	0.997087679367539	0.79954161716999	0.00351704472306762	6.20348451075641	0.9981069915889
29.875	36.75	0.997750398129666	0.799759290277722	0.00320138221093012	6.00389951643562	0.998537758784283
30.125	36.75	0.998275562338961	0.799935161937973	0.00291715036307147	5.80418953516587	0.998879115520324
30.375	36.75	0.998688400052087	0.800075801263959	0.002661607178082	5.60438020011129	0.999147460033856
30.625	36.75	0.999010289201362	0.800186849826678	0.00243212231454822	5.40449262807547	0.999356687980885
30.875	36.75	0.999259176886596	0.800273131618326	0.00222621216289064	5.20454410330936	0.999518464976287
31.125	36.75	0.999449986697288	0.80033875523747	0.00204156105021206	5.00454868309979	0.999642491353237
31.375	36.75	0.999595007784783	0.800387207229687	0.00187603192131459	4.8045177285224	0.999736755060109
31.625	36.75	0.999704260255882	0.80042143619667	0.00172766920709828	4.60446036489193	0.999807769166323
31.875	36.75	0.999785832617831	0.800443927750452	0.00159469604915789	4.40438387726141	0.99986079120159
32.125	36.75	0.999846188254386	0.800456770695861	0.00147550759346583	4.20429404684313	0.999900022365351
32.375	36.75	0.999890439113207	0.800461715022915	0.00136866168997084	4.00419543449168	0.999928785423585
32.625	36.75	0.999922585916692	0.800460222417281	0.00127286802974893	3.80409161744328	0.99994968084585
32.875	36.75	0.999945725393769	0.800453510068699	0.00118697650498848	3.60398538537405	0.99996472150595
33.125	36.75	0.999962226462457	0.800442588565173	0.00110996537427119	3.40387890151952	0.999975447200597
33.375	36.75	0.999973879017939	0.800428294575689	0.00104092963911895	3.2037738340674	0.99998302136166
33.625	36.75	0.999982020549378	0.800411318822153	0.000979069875377008	3.00367146229427	0.999988313357095
33.875	36.75	0.999987646003573	0.800392229560952	0.000923681619599682	2.80357276106857	0.999991969902323
34.125	36.75	0.999991503377786	0.800371491601121	0.000874145320057338	2.60347846668366	0.999994477195561
34.375	36.75	0.999994170392114	0.800349481085894	0.000829916885550838	2.40338912699216	0.999996210754874
34.625	36.75	0.999996098236696	0.800326497170729	0.000790519055743762	2.20330513990614	0.999997463853853
34.875	36.75	0.999997604264017	0.800302773316727	0.000755534138829995	2.0032267863131	0.999998442771611
35.125	36.75	0.999998809365266	0.800278492320903	0.000724598890950379	1.80315426482873	0.999999226087423
35.375	36.75	0.999999559073003	0.800253808443524	0.000697401995950202	1.60308773348229	0.999999713397452
35.625	36.75	0.999999434927241	0.800228874549591	0.00067368323747089	1.40302735391861	0.999999632702707
35.875	36.75	0.999998012722185	0.800203861107207	0.000653230978079926	1.20297331654597	0.99999870826942
36.125	36.75	0.999995471222964	0.800178941333092	0.000635872121834471	1.00292580806712	0.999997056294927
36.375	36.75	0.999993400757679	0.800154215049605	0.000621449238196065	0.802884885752806	0.999995710492491
36.625	36.75	0.999995190568394	0.800129571635633	0.000609786962570605	0.602850272794744	0.999996873869456
36.875	36.75	1.00000490051799	0.800104557367499	0.000600666296472991	0.402821200432168	1.00000318533669
37.125	36.75	1.00002359379582	0.800072522516286	0.000593846517323257	0.202796563127526	1.00001533596728
37.375	36.75	1.00004348129377	0.400065842889913	0.000589624695531936	0.00277866332723432	1.00002826284095
0.125	37.25	-3.63698986970134e-12	0.400002052708115	-0.000106948740421628	18.0165233229507	0.349999999997636
0.375	37.25	-5.4782215776596e-12	0.800006164730626	-0.000107234236381286	17.9465229637112	0.349999999996439
0.625	37.25	-7.12443760101758e-12	0.800010296573639	-0.000107806217611288	17.876522244076	0.349999999995369
0.875	37.25	-6.06726394190419e-12	0.800014461479739	-0.000108666669115234	17.8065211617321	0.349999999996056
1.125	37.25	6.11028430684279e-13	0.800018672734386	-0.000109818584512788	17.7365197132057	0.350000000000397
1.375	37.25	1.54815544621724e-11	0.800022943680976	-0.000111265985496035	17.6665178938581	0.350000000010063
1.625	37.25	3.94080381497588e-11	0.800027287733591	-0.000113013948429788	17.5965156978796	0.350000000025615
1.875	37.25	6.9809155935234e-11	0.800031718387669	-0.000115068638164574	17.5265131182839	0.350000000045376
2.125	37.25	9.89897001444636e-11	0.800036249226377	-0.000117437349851424	17.4565101469002	0.350000000064343
2.375	37.25	1.13198119414882e-10	0.800040893923178	-0.000120128559179134	17.386506774367	0.350000000073579
2.625	37.25	9.3187995402706e-11	0.800045666237997	-0.000123151981956578	17.3165029901244	0.350000000060572
2.875	37.25	1.70184838877472e-11	0.800050580007242	-0.000126518643809168	17.2464987824078	0.350000000011062
3.125	37.25	-1.34412072313821e-10	0.800055649124787	-0.000130240961286218	17.1764941382415	0.349999999912632
3.375	37.25	-3.69044714414218e-10	0.800060887513142	-0.000134332835326515	17.1064890434345	0.349999999760121
3.625	37.25	-6.73126144196232e-10	0.800066309082164	-0.000138809759013025	17.0364834825768	0.349999999562468
3.875	37.25	-9.99871463806128e-10	0.800071927673514	-0.000143688940873829	16.9664774390394	0.349999999350084
4.125	37.25	-1.25978766166529e-09	0.800077756987308	-0.000148989446241343	16.8964708949779	0.349999999181138
4.375	37.25	-1.31634655504062e-09	0.800083810488046	-0.000154732358764597	16.8264638313424	0.349999999144375
4.625	37.25	-9.91851311484265e-10	0.800090101286369	-0.000160940964862783	16.7564562278968	0.349999999355297
4.875	37.25	-8.89404361143827e-11	0.800096641992049	-0.000167640964456994	16.6864480632505	0.349999999942189
5.125	37.25	1.56744665572929e-09	0.800103444533446	-0.000174860711834348	16.6164393149094	0.35000000101884
5.375	37.25	4.06527053357011e-09	0.800110519937792	-0.000182631490678523	16.54642995935	0.350000002642426
5.625	37.25	7.31995706269651e-09	0.800117878065019	-0.000190987828220904	16.4764199721252	0.350000004757972
5.875	37.25	1.0977013326944e-08	0.800125527286076	-0.000199967854545494	16.4064093280081	0.350000007135059
6.125	37.25	1.43191200634672e-08	0.800133474095356	-0.000209613712420157	16.336398001179	0.350000009307428
6.375	37.25	1.62020812326172e-08	0.800141722642463	-0.000219972025725207	16.2663859654608	0.350000010531353
6.625	37.25	1.50508615234027e-08	0.800150274167682	-0.000231094433815435	16.1963731946052	0.35000000978306
6.875	37.25	8.95116682014834e-09	0.800159126319634	-0.000243038201052089	16.1263596626276	0.350000005818258
7.125	37.25	-4.12798053675416e-09	0.800168272331475	-0.000255866911800043	16.0563453441888	0.349999997316813
7.375	37.25	-2.59509664414906e-08	0.800177700024739	-0.000269651262272382	15.9863302150169	0.349999983131872
7.625	37.25	-5.7454659862509e-08	0.800187390607354	-0.000284469962779584	15.9163142523627	0.349999962654471
7.875	37.25	-9.80135568948178e-08	0.800197317222657	-0.000300410765448248	15.8462974354864	0.349999936291188
8.125	37.25	-1.44563814588566e-07	0.800207443201903	-0.000317571635456715	15.7762797461763	0.349999906033521
8.375	37.25	-1.90656717925642e-07	0.800217719961695	-0.000336062086362201	15.7062611693129	0.349999876073133
8.625	37.25	-2.25558407097398e-07	0.800228084479302	-0.000356004704138742	15.6362416935093	0.349999853387035
8.875	37.25	-2.33567239046362e-07	0.800238456265501	-0.000377536888618491	15.5662213118835	0.349999848181295
9.125	37.25	-1.93782242139984e-07	0.800248733741992	-0.000400812846369004	15.4962000230504	0.349999874041543
9.375	37.25	-8.06240671872779e-08	0.800258789912821	-0.000426005875366458	15.4261778324679	0.349999947594356
9.625	37.25	1.34519964959592e-07	0.800268467201999	-0.000453310988921847	15.3561547543218	0.350000087437977
9.875	37.25	4.80089655013797e-07	0.800277571306814	-0.000482947935142116	15.2861308142033	0.350000312058276
10.125	37.25	9.79098966109618e-07	0.800285863892683	-0.000515164677675345	15.2161060529035	0.350000636414328
10.375	37.25	1.64133854569397e-06	0.800293053925728	-0.000550241413981276	15.1460805317352	0.350001066870055
10.625	37.25	2.45258846566722e-06	0.800298787405463	-0.000588495218429945	15.0760543398734	0.350001594182503
10.875	37.25	3.36055128550522e-06	0.800302635217354	-0.00063028540717288	15.0060276042792	0.350002184358336
11.125	37.25	4.2575212830664e-06	0.800304078773415	-0.000676019728970499	14.9360005028259	0.350002767388834
11.375	37.25	4.9603161279709e-06	0.800302493042491	-0.000726161487183158	14.8659732812438	0.350003224205483
11.625	37.25	5.18876855264422e-06	0.800297126489993	-0.000781237689399716	14.7959462744348	0.350003372699559
11.875	37.25	4.54515818073444e-06	0.80028707734347	-0.000841848295450482	14.7259199325216	0.350002954352817
12.125	37.25	2.49839261530535e-06	0.800271265478528	-0.00090867658598322	14.6558948516604	0.3500016239552
12.375	37.25	-1.62146946024164e-06	0.800248399077363	-0.000982500590452507	14.5858718091159	0.349998946044851
12.625	37.25	-8.61065153375262e-06	0.800216935058948	-0.00106420538612279	14.5158518013179	0.349994403076503
12.875	37.25	-1.93509897948082e-05	0.800175032131034	-0.00115479589439275	14.4458360825657	0.349987421856633
13.125	37.25	-3.47286250629368e-05	0.800120495189577	-0.00125540954510742	14.3758262006853	0.349977426393709
13.375	37.25	-5.5497104817619e-05	0.800050709729875	-0.00136732784174892	14.3058240242637	0.349963926881869
13.625	37.25	-8.20678132542294e-05	0.799962564980265	-0.00149198543010056	14.2358317541173	0.349946655921385
13.875	37.25	-0.000114209048487585	0.799852364686414	-0.00163097474747236	14.1658519094149	0.349925764118483
14.125	37.25	-0.000150634243047332	0.799715724932626	-0.00178604371269595	14.0958872764743	0.349902087742019
14.375	37.25	-0.000188459981871527	0.799547459172385	-0.0019590832277076	14.0259408057546	0.349877501011783
14.625	37.25	-0.000222515738532641	0.799341451838605	-0.00215210053454453	13.9560154401229	0.349855364769954
14.875	37.25	-0.000244489637275103	0.799090523599577	-0.00236717377158645	13.8861138551839	0.349841081735771
15.125	37.25	-0.000241897922393105	0.798786293593384	-0.00260638249069607	13.8162380904706	0.349842766350444
15.375	37.25	-0.000196869885876132	0.798419046850984	-0.00287170857215325	13.7463890486869	0.34987203457418
15.625	37.25	-8.47443295073811e-05	0.797977618603151	-0.00316490208883524	13.6765658390269	0.34994491618582
15.875	37.25	0.000127522327539546	0.797449311184974	-0.0034873074635646	13.6067649398909	0.350082889512901
16.125	37.25	0.000483133015432818	0.796819863626211	-0.00383964702187703	13.5369791560032	0.350314036460031
16.375	37.25	0.00103740695670831	0.796073498443659	-0.00422176208634261	13.467196344926	0.35067431452186
16.625	37.25	0.00185991124966485	0.795193074157641	-0.0046323164003931	13.3973978881135	0.351208942312282
16.875	37.25	0.00303676284186208	0.794160374971914	-0.00506847314161273	13.3275568818486	0.35197389584721
17.125	37.25	0.00467309799580369	0.792956569994038	-0.00552556511589216	13.2576360236107	0.353037513697272
17.375	37.25	0.00689570566506809	0.791562872235244	-0.00599678758254431	13.1875851697953	0.354482208682294
17.625	37.25	0.00985581429266308	0.789961421150903	-0.00647295364644362	13.1173385417561	0.356406279290231
17.875	37.25	0.0137320014508589	0.788136400385603	-0.00694236160445683	13.0468115599731	0.358925800943058
18.125	37.25	0.0187331515581124	0.786075383607292	-0.00739082950864144	12.9758972928394	0.362176548512773
18.375	37.25	0.0251013024988704	0.783770875457398	-0.00780195117883069	12.9044625206087	0.366315846624266
18.625	37.25	0.0331140750991703	0.781221982589139	-0.00815761629934353	12.8323434420352	0.371524148814461
18.875	37.25	0.0430861425984174	0.778436114510184	-0.00843881203116686	12.7593410994367	0.378005992688971
19.125	37.25	0.0553688430172758	0.775430581387985	-0.00862668383691993	12.6852166785821	0.385989747961229
19.375	37.25	0.0703465521682792	0.77223393516045	-0.0087037819581483	12.6096869664909	0.395725258909381
19.625	37.25	0.0884278482338251	0.768886901905146	-0.00865536567405516	12.5324204357116	0.407478101351986
19.875	37.25	0.110028930330365	0.765442785010356	-0.00847059434128899	12.4530346727793	0.421518804714737
20.125	37.25	0.135546476711757	0.761967275576086	-0.0081434201022418	12.3710961651833	0.438105209862642
20.375	37.25	0.165317617862825	0.758537661135706	-0.00767302805168806	12.2861237491382	0.457456451610836
20.625	37.25	0.199566591204679	0.75524142398169	-0.00706375150311061	12.1975971841991	0.479718284283041
20.875	37.25	0.238341489153995	0.752174113661513	-0.00632451043619328	12.1049721809686	0.504921967950097
21.125	37.25	0.281450239720422	0.749436172675635	-0.00546794647827292	12.0077025586123	0.532942655818274
21.375	37.25	0.328411160625481	0.747128226133396	-0.00450951010570826	11.9052689194213	0.563467254406563
21.625	37.25	0.378437014971771	0.745344467533277	-0.00346675236414381	11.797211403275	0.595984059731651
21.875	37.25	0.430468606718766	0.744164380938864	-0.00235897029176807	11.6831621975501	0.629804594367198
22.125	37.25	0.483262514330816	0.743644010619312	-0.00120718239781775	11.5628723182951	0.664120634315031
22.375	37.25	0.535520195844031	0.743808788308002	-3.42365194598084e-05	11.4362275186442	0.69808812729862
22.625	37.25	0.586030038410024	0.744649929995374	0.00113524422179149	11.3032502623749	0.730919524966515
22.875	37.25	0.633788477613959	0.746125445290558	0.00227534157712207	11.1640879172165	0.761962510449073
23.125	37.25	0.678074364879705	0.748165362768114	0.00335986452221772	11.0189904377754	0.790748337171808
23.375	37.25	0.718467769705027	0.750679652472055	0.0043638279693539	10.8682826420282	0.817004050308268
23.625	37.25	0.754821454934594	0.753566991092966	0.00526513233270959	10.7123362615629	0.840633945707486
23.875	37.25	0.787203268502799	0.756722876045523	0.00604611459358575	10.5515456265461	0.861682124526819
24.125	37.25	0.815828930167325	0.760046243014874	0.00669467817235971	10.3863089538683	0.880288804608761
24.375	37.25	0.840999881617852	0.76344431537468	0.00720482524251625	10.2170155062646	0.896649923051604
24.625	37.25	0.863054073999353	0.766835766737978	0.00757655871569683	10.0440377886484	0.910985148099579
24.875	37.25	0.882331759875699	0.770152434149298	0.00781524427336445	9.86772748612823	0.923515643919204
25.125	37.25	0.899154725309749	0.77333986134738	0.00793059811921523	9.68841385424273	0.934450571451337
25.375	37.25	0.913815825854669	0.776356945592488	0.0079354887672613	9.50640352364811	0.943980286805535
25.625	37.25	0.926575511691762	0.779174940414931	0.00784472229755248	9.32198100239704	0.952274082599645
25.875	37.25	0.937662554713828	0.781776039849791	0.00767393782896118	9.13540944613052	0.959480660563988
26.125	37.25	0.947276937276351	0.784151738128418	0.00743869024702334	8.94693147912145	0.965730009229628
26.375	37.25	0.95559356292022	0.786301122803854	0.00715375229972615	8.75676998477912	0.971135815898143
26.625	37.25	0.962765998559376	0.78822922107771	0.0068326340922408	8.56512885819722	0.975797899063594
26.875	37.25	0.968929841536998	0.789945481909074	0.00648729618382598	8.37219374509486	0.979804396999049
27.125	37.25	0.97420554981335	0.791462443323922	0.00612802145509708	8.17813279813883	0.983233607378678
27.375	37.25	0.978700716151304	0.792794607166727	0.00576340795329307	7.98309747561917	0.986155465498347
27.625	37.25	0.982511841108183	0.793957523076091	0.00540044717515847	7.78722339675062	0.988632696720319
27.875	37.25	0.985725690775735	0.794967069450639	0.00504465730122659	7.59063125697283	0.990721699004228
28.125	37.25	0.988420331527766	0.795838910694465	0.00470024699875068	7.39342779764203	0.992473215493048
28.375	37.25	0.990665927203312	0.796588105909981	0.00437029144395137	7.19570681814351	0.993932852682153
28.625	37.25	0.992525371310227	0.797228843241411	0.00405690756410007	6.99755021464903	0.995141491351648
28.875	37.25	0.994054812115948	0.797774275202877	0.00376141990842459	6.79902902809585	0.996135627875366
29.125	37.25	0.995304114154885	0.798236432697463	0.00348451198896642	6.60020448397949	0.996947674200675
29.375	37.25	0.996317286857061	0.798626198411352	0.00322636047530282	6.40112900775342	0.99760623645709
29.625	37.25	0.997132900173745	0.798953323408212	0.00298675142230599	6.20184720161032	0.998136385112934
29.875	37.25	0.997784498365277	0.7992264737706	0.00276517891096636	6.00239677085511	0.99855992393743
30.125	37.25	0.998301016449671	0.799453296875041	0.00256092723230667	5.8028093907189	0.998895660692286
30.375	37.25	0.998707199008233	0.799640499267681	0.00237313816492606	5.60311150711645	0.999159679355352
30.625	37.25	0.999024017873303	0.799793930108298	0.00220086508623685	5.40332506737723	0.999365611617647
30.875	37.25	0.999269083424464	0.799918665786045	0.0020431156910463	5.20346817928472	0.999524904225901
31.125	37.25	0.999457043525807	0.800019092615247	0.00189888502496388	5.00355569877149	0.999647078291774
31.375	37.25	0.999599964280676	0.800098985536548	0.00176718041402794	4.80359974830155	0.99973997678244
31.625	37.25	0.999707687500337	0.800161581523623	0.00164703971449442	4.60361016930953	0.999809996875219
31.875	37.25	0.999788160832441	0.800209646973772	0.00153754413723479	4.40359491306772	0.999862304541087
32.125	37.25	0.999847737661651	0.800245538785834	0.00143782673333757	4.20356037503988	0.999901029480073
32.375	37.25	0.999891445036062	0.80027125913957	0.00134707747031927	4.00351167819558	0.99992943927344
32.625	37.25	0.99992321896117	0.800288504218973	0.00126454568647118	3.80345291094029	0.999950092324761
32.875	37.25	0.999946107543078	0.800298707281956	0.00118954058384448	3.6033873252919	0.999964969903001
33.125	37.25	0.999962443827689	0.800303076564287	0.00112143030207661	3.40331750070791	0.999975588487998
33.375	37.25	0.999973991811784	0.80030262849017	0.00105963999534265	3.20324547852246	0.99998309467766
33.625	37.25	0.999982070578177	0.800298216525335	0.00100364920726005	3.00317287129289	0.999988345875815
33.875	37.25	0.999987661705167	0.80029055578874	0.000952988714156109	2.8031009505831	0.999991980108359
34.125	37.25	0.99999150239626	0.800280243390212	0.000907236927595774	2.60303071610175	0.999994476557569
34.375	37.25	0.999994160185641	0.800267774668813	0.000866015982799356	2.40296294911314	0.999996204120666
34.625	37.25	0.999996076423212	0.800253556361749	0.000828987851213965	2.20289825403599	0.999997449675088
34.875	37.25	0.999997561920298	0.800237919212633	0.000795851166172132	2.00283709396498	0.999998415248194
35.125	37.25	0.999998740938566	0.800221133834227	0.000766339696065865	1.80277982710003	0.999999181610068
35.375	37.25	0.999999479696607	0.800203432943938	0.000740223048381439	1.60272674890299	0.999999661802795
35.625	37.25	0.999999397891968	0.800185038062694	0.000717308689113345	1.40267813599865	0.999999608629779
35.875	37.25	0.999998107936968	0.800166178534138	0.000697441652441279	1.20263427197865	0.999998770159029
36.125	37.25	0.999995777537759	0.800147079122946	0.000680495651802351	1.00259541957121	0.999997255399543
36.375	37.25	0.999993876443792	0.800127890864004	0.00066634984846791	0.802561706348345	0.999996019688465
36.625	37.25	0.999995533863468	0.80010856555012	0.000654853634972783	0.602532937302954	0.999997097011254
36.875	37.25	1.00000449667618	0.800088734444927	0.000645799752626724	0.402508450412383	1.00000292283952
37.125	37.25	1.00002174531045	0.800062318505724	0.000638948937947176	0.202487260828843	1.00001413445179
37.375	37.25	1.00004009347889	0.400059173901109	0.000634637362061861	0.00247151125771988	1.00002606076128
0.125	37.75	-3.66465163752806e-12	0.400001754004603	-0.000114562169112355	18.0165427580211	0.349999999997618
0.375	37.75	-5.51133310826473e-12	0.800005267613018	-0.000114872066055444	17.9465424510553	0.349999999996418
0.625	37.75	-7.15284851762936e-12	0.800008798014944	-0.000115492873099776	17.8765418361439	0.349999999995351
0.875	37.75	-6.06456755640906e-12	0.800012356415321	-0.000116426621785897	17.8065409113272	0.349999999996058
1.125	37.75	6.85679098354693e-13	0.800015954032842	-0.000117676372046029	17.7365396736644	0.350000000000446
1.375	37.75	1.56753620911416e-11	0.800019602102069	-0.000119246227903232	17.6665381192318	0.350000000010189
1.625	37.75	3.97577856762685e-11	0.800023311873783	-0.000121141358178014	17.5965362431217	0.350000000025843
1.875	37.75	7.03154434341652e-11	0.800027094611605	-0.000123368023301111	17.5265340394415	0.350000000045705
2.125	37.75	9.95848997297775e-11	0.800030961584303	-0.000125933607699093	17.4565315013128	0.35000000006473
2.375	37.75	1.13714452077429e-10	0.800034924052153	-0.000128846658845029	17.386528620873	0.350000000073914
2.625	37.75	9.33362199753062e-11	0.800038993246475	-0.000132116932877959	17.3165253892768	0.350000000060669
2.875	37.75	1.63916793255793e-11	0.800043180340626	-0.000135755447744481	17.2465217967011	0.350000000010655
3.125	37.75	-1.36292258791666e-10	0.800047496410756	-0.000139774544048113	17.176517832351	0.34999999991141
3.375	37.75	-3.72621996776172e-10	0.800051952383971	-0.000144187954641652	17.10651348447	0.349999999757796
3.625	37.75	-6.78631676846903e-10	0.800056558972011	-0.000149010883612221	17.0365087403529	0.349999999558889
3.875	37.75	-1.00707512557743e-09	0.800061326587299	-0.000154260095552131	16.9665035863651	0.349999999345401
4.125	37.75	-1.26770221471946e-09	0.800066265237938	-0.00015995401628284	16.8964980079669	0.349999999175994
4.375	37.75	-1.32294047260154e-09	0.800071384398543	-0.000166112846029233	16.8264919897488	0.349999999140089
4.625	37.75	-9.93864467829008e-10	0.800076692852023	-0.000172758686610717	16.7564855154772	0.349999999353988
4.875	37.75	-8.19342094507048e-11	0.800082198497633	-0.000179915684201573	16.686478568159	0.349999999946743
5.125	37.75	1.58864892020438e-09	0.800087908120208	-0.000187610189069867	16.6164711301267	0.350000001032622
5.375	37.75	4.10560165414789e-09	0.800093827113239	-0.000195870934715651	16.5464631831539	0.350000002668641
5.625	37.75	7.38248303138529e-09	0.800099959148333	-0.000204729238119871	16.4764547086066	0.350000004798614
5.875	37.75	1.10606781030954e-08	0.80010630578134	-0.000214219223300691	16.4064456876383	0.350000007189441
6.125	37.75	1.44160328807128e-08	0.800112865982251	-0.000224378070913165	16.3364361014358	0.350000009370421
6.375	37.75	1.62947341435354e-08	0.800119635574884	-0.000235246295507284	16.2664259315212	0.350000010591577
6.625	37.75	1.51099068968754e-08	0.800126606567635	-0.00024686805351207	16.1964151601121	0.350000009821439
6.875	37.75	8.93462734211198e-09	0.800133766353817	-0.000259291483489011	16.1264037705418	0.350000005807508
7.125	37.75	-4.27299483798244e-09	0.800141096755107	-0.000272569081362695	16.0563917477351	0.349999997222553
7.375	37.75	-2.62828546738215e-08	0.800148572877304	-0.00028675811227529	15.9863790787376	0.349999982916144
7.625	37.75	-5.80271198738821e-08	0.800156161741178	-0.000301921060884725	15.9163657532908	0.349999962282372
7.875	37.75	-9.88597417011564e-08	0.800163820645589	-0.000318126122198744	15.8463517644539	0.349999935741168
8.125	37.75	-1.45674624786005e-07	0.800171495211653	-0.000335447734424655	15.7763371092734	0.349999905311494
8.375	37.75	-1.91953949313952e-07	0.800179117048983	-0.000353967155887202	15.7063217895171	0.349999875229933
8.625	37.75	-2.26864809251588e-07	0.800186600973496	-0.000373773087868288	15.6363058125046	0.349999852537874
8.875	37.75	-2.34577265562034e-07	0.800193841695562	-0.000394962345651941	15.5662891920937	0.349999847524777
9.125	37.75	-1.94039349614679e-07	0.800200709882145	-0.000417640579740795	15.4962719499129	0.349999873874423
9.375	37.75	-7.95127566179601e-08	0.800207047481026	-0.000441923049237398	15.426254116978	0.349999948316708
9.625	37.75	1.37756741450105e-07	0.800212662175923	-0.000467935448141201	15.3562357358826	0.350000089541882
9.875	37.75	4.86294859544598e-07	0.800217320820613	-0.000495814783643192	15.2862168638194	0.350000316091659
10.125	37.75	9.89093154390681e-07	0.800220741674833	-0.000525710301729263	15.2161975767635	0.35000064291055
10.375	37.75	1.65574416036275e-06	0.800222585237237	-0.000557784449779553	15.1461779752323	0.350001076233704
10.625	37.75	2.47157422786494e-06	0.800222443435885	-0.000592213856698954	15.0761581921192	0.350001606523248
10.875	37.75	3.38349034255348e-06	0.800219826897321	-0.000629190297514556	15.0061384031715	0.350002199268723
11.125	37.75	4.28256912010247e-06	0.800214149963347	-0.000668921589896153	14.9361188407329	0.350002783669928
11.375	37.75	4.98393570052033e-06	0.800204713063254	-0.000711632343007348	14.8660998113718	0.350003239558205
11.625	37.75	5.20526435491728e-06	0.800190681969224	-0.000757564441689499	14.7960817179403	0.350003383421831
11.875	37.75	4.54633246434544e-06	0.800171063367075	-0.000806977100206902	14.7260650864209	0.350002955116102
12.125	37.75	2.47351063031852e-06	0.800144676058686	-0.000860146256164409	14.656050597572	0.35000160778191
12.375	37.75	-1.6851176116157e-06	0.800110116982459	-0.000917362995614343	14.5860391228351	0.349998904673552
12.625	37.75	-8.72617298266084e-06	0.80006572109939	-0.000978930603685378	14.5160317631761	0.349994327987561
12.875	37.75	-1.95287104254697e-05	0.800009514062813	-0.00104515972125061	14.4460298884491	0.349987306338223
13.125	37.75	-3.49705292637163e-05	0.799939156492736	-0.00111636096105478	14.3760351734831	0.349977269155979
13.375	37.75	-5.57878910823542e-05	0.799851878647688	-0.00119283420148868	14.3060496253777	0.349963737870796
13.625	37.75	-8.23613326408854e-05	0.799744404380632	-0.00127485364553175	14.2360755944786	0.349946465133783
13.875	37.75	-0.000114408678238231	0.79961286353726	-0.00136264762189766	14.1661157592307	0.349925634359145
14.125	37.75	-0.000150565586782731	0.799452692487888	-0.00145637204139703	14.0961730726557	0.349902132368591
14.375	37.75	-0.000187834232915516	0.799258523355878	-0.00155607643606133	14.0262506556683	0.349877907748605
14.625	37.75	-0.000220882161425881	0.79902406380836	-0.00166166164598586	13.9563516199725	0.349856426595073
14.875	37.75	-0.000241175996166494	0.798741971090617	-0.00177282853114288	13.8864788009856	0.349843235602492
15.125	37.75	-0.000235938407265851	0.798403726380706	-0.00188901763676456	13.8166343792754	0.349846640035277
15.375	37.75	-0.000186921258549011	0.797999518547747	-0.00200934060197629	13.7468193674528	0.349878501181943
15.625	37.75	-6.89927294783846e-05	0.797518149994129	-0.00213250534712355	13.6770329384346	0.349955154725839
15.875	37.75	0.000151459127018589	0.796946981343581	-0.00225673877934468	13.6072715704727	0.350098448432562
16.125	37.75	0.000518300072330983	0.796271936083466	-0.00237971297247973	13.5375279843175	0.350336895047015
16.375	37.75	0.00108759178556289	0.795477590514982	-0.00249848352701043	13.4677898482274	0.350706934660616
16.625	37.75	0.00192969269291874	0.794547377948635	-0.00260945204468253	13.3980382271347	0.351254300250397
16.875	37.75	0.0031315084829958	0.793463938231748	-0.00270836818743037	13.3282457529846	0.352035480513947
17.125	37.75	0.004798884530363	0.792209643402404	-0.00279039026677369	13.2583744940205	0.353119274944736
17.375	37.75	0.00705913224522251	0.790767326309878	-0.00285022607976176	13.1883735016891	0.354588435959395
17.625	37.75	0.0100636758105862	0.789121230085638	-0.0028823767376061	13.118176015314	0.356541389276881
17.875	37.75	0.0139907882952521	0.787258181098812	-0.00288150400826357	13.0476963077245	0.359094012391914
18.125	37.75	0.0190483463419768	0.785168965583739	-0.00284293418727572	12.9768261615219	0.362381425122285
18.375	37.75	0.0254764549950285	0.782849860466163	-0.00276329630587849	12.9054309789352	0.366559695746768
18.625	37.75	0.0335496571560142	0.78030423363409	-0.00264126720255279	12.8333455535768	0.371807277151409
18.875	37.75	0.0435782186784303	0.777544092093451	-0.0024783592097242	12.7603695779	0.37832584214098
19.125	37.75	0.0559076427498206	0.774591425492232	-0.00227963911637088	12.6862630368313	0.386339967787383
19.375	37.75	0.0709151011987834	0.771479178241845	-0.0020542157611662	12.6107417594456	0.396094815779209
19.625	37.75	0.0890009011537739	0.768251698310307	-0.00181529172997207	12.5334735797963	0.407850585749953
19.875	37.75	0.110572544694371	0.764964563579185	-0.00157956474608998	12.4540758010098	0.421872154051341
20.125	37.75	0.136018645571792	0.761683772526045	-0.0013658153412565	12.3721149494789	0.438412119621665
20.375	37.75	0.165670394418224	0.758484374497034	-0.00119265433363521	12.2871100957939	0.457685756371846
20.625	37.75	0.199750026694457	0.755448646381602	-0.00107562862667552	12.1985411950784	0.479837517351397
20.875	37.75	0.238309394186167	0.752663831744595	-0.00102415397591597	12.1058637867039	0.504901106221008
21.125	37.75	0.281167243144543	0.750219236470766	-0.00103896259968269	12.008530786249	0.532758708043953
21.375	37.75	0.327859866254935	0.748202243785576	-0.00111079957963889	11.9060208622571	0.563108913065708
21.625	37.75	0.377623497972662	0.746692826065076	-0.00122089230830089	11.7978711005321	0.59545527368223
21.875	37.75	0.42942441568774	0.745756619508833	-0.00134327915533929	11.6837097613201	0.629125870197031
22.125	37.75	0.48204202599603	0.745437521670744	-0.00144856896073598	11.5632836981913	0.663327316897419
22.375	37.75	0.534193514667226	0.745751583139966	-0.00150831649344529	11.4364752135997	0.697225784533697
22.625	37.75	0.584673096396416	0.746684065003686	-0.00149908316393364	11.3033050688085	0.73003751265767
22.875	37.75	0.632472849473461	0.748190691110385	-0.00140541698565419	11.1639215107945	0.76110735215775
23.125	37.75	0.676859162914313	0.750202768808822	-0.00122132812825678	11.0185783359067	0.789958455894303
23.375	37.75	0.717394998482689	0.75263474667663	-0.000950216617484418	10.8676069844106	0.816306749013748
23.625	37.75	0.753914968492311	0.755392420487228	-0.000603516803714077	10.7113879073669	0.840044729520002
23.875	37.75	0.786470539675795	0.758380342176763	-0.000198504171627159	10.5503252557788	0.861205850789267
24.125	37.75	0.815264453153357	0.761507640726683	0.000244242157848422	10.3848270946769	0.879921894549682
24.375	37.75	0.840589107636975	0.764692055789585	0.000703287003227584	10.215291613105	0.896382919964034
24.625	37.75	0.862777102880081	0.767862347983301	0.00115838638284872	10.0420986251504	0.910805116872053
24.875	37.75	0.882166372537122	0.770959397213568	0.00159196863459194	9.86560511380893	0.923408142149129
25.125	37.75	0.89907862744019	0.773936316461085	0.001990013788734	9.68614351044109	0.934401107836123
25.375	37.75	0.913808149116399	0.776757869359339	0.0023423909082991	9.50402161479775	0.943975296925659
25.625	37.75	0.926617701216723	0.779399428470366	0.00264276758672755	9.31952336611418	0.95230150579087
25.875	37.75	0.937738792145872	0.781845663469151	0.00288822419825873	9.13290996510001	0.959530214894817
26.125	37.75	0.947374236285996	0.78408910722243	0.00307869806028422	8.94442107145904	0.965793253585898
26.375	37.75	0.955701649045218	0.786128711873478	0.00321636053853967	8.75427595330605	0.971206071879391
26.625	37.75	0.962877058615268	0.787968475523615	0.00330500257123266	8.56267455461249	0.975870088099924
26.875	37.75	0.969038204615529	0.789616192796375	0.00334947740510117	8.36979849184375	0.979874833000094
27.125	37.75	0.974307343376275	0.791082359780163	0.00335522695530146	8.17581200749393	0.983299773194579
27.375	37.75	0.978793526622704	0.792379245796133	0.00332790136351286	7.98086290880718	0.986215792304758
27.625	37.75	0.98259439783968	0.793520131036927	0.00327306988811897	7.78508351308884	0.988686358595792
27.875	37.75	0.985797584477215	0.794518699941353	0.00319601436217745	7.58859161181422	0.99076842991019
28.125	37.75	0.988481772563011	0.795388574552474	0.00310159300738044	7.39149145701577	0.992513152165957
28.375	37.75	0.990717545063748	0.796142969298969	0.00299416134536461	7.19387476642359	0.993966404291436
28.625	37.75	0.992568053752758	0.796794447902583	0.00287753742421818	6.99582173890844	0.995169234939293
28.875	37.75	0.994089580615556	0.797354763794079	0.00275499991128276	6.7974020688283	0.996158227400111
29.125	37.75	0.995332031263796	0.797834766979984	0.00262930932455384	6.59867594659902	0.996965820321467
29.375	37.75	0.996339390596622	0.798244362331036	0.00250274447859818	6.39969503283215	0.997620603887804
29.625	37.75	0.997150160555338	0.798592506463572	0.00237714792448579	6.20050339435189	0.99814760436097
29.875	37.75	0.997797791408657	0.798887232557022	0.00225397567206412	6.00113839201109	0.998568564415627
30.125	37.75	0.998311111530046	0.799135694469267	0.00213434775860366	5.80163151221264	0.99890222249453
30.375	37.75	0.998714755929068	0.799344223309396	0.00201909726883146	5.60200913620104	0.999164591353894
30.625	37.75	0.999029590662587	0.799518391176562	0.00190881623469987	5.40229324335572	0.999369233930682
30.875	37.75	0.999273128439353	0.799663078072569	0.0018038974762439	5.20250204676901	0.99952753348558
31.125	37.75	0.999459929991139	0.799782539059402	0.00170457191729821	5.00265056123849	0.999648954494241
31.375	37.75	0.999601985861462	0.799880469585023	0.00161094125101449	4.8027511053858	0.99974129080995
31.625	37.75	0.999709073909052	0.799960067569289	0.00152300606656238	4.60281374090055	0.999810898040884
31.875	37.75	0.99978908880085	0.800024091357525	0.0014406897039918	4.40284665289141	0.999862907720552
32.125	37.75	0.999848340873373	0.800074913042276	0.00136385819926704	4.20285647602046	0.999901421567692
32.375	37.75	0.999891822832164	0.800114566954125	0.00129233673347413	4.00284857153198	0.999929684840906
32.625	37.75	0.999923443802835	0.800144793352758	0.00122592302186056	3.802827260496	0.999950238471843
32.875	37.75	0.999946231333601	0.800167077520797	0.0011643980770634	3.60279601859523	0.999965050366841
33.125	37.75	0.999962503232231	0.800182684565982	0.00110753475663105	3.40275763759528	0.99997562710095
33.375	37.75	0.999974012633543	0.800192690247279	0.00105510445318854	3.20271435823835	0.999983108211803
33.625	37.75	0.999982071056812	0.800198008037908	0.00100688220472274	3.00266797869675	0.999988346186928
33.875	37.75	0.99998765440052	0.800199412456944	0.0009626504086869	2.80261994200804	0.999991975360338
34.125	37.75	0.999991494355491	0.80019755858171	0.000922201265163578	2.60257140534269	0.999994471331069
34.375	37.75	0.999994151700811	0.800192997855765	0.000885338129875887	2.40252329393626	0.999996198605527
34.625	37.75	0.999996060044353	0.800186191098409	0.000851876194625989	2.20247634340675	0.99999743902883
34.875	37.75	0.999997525061692	0.800177520979779	0.000821643293382348	2.00243113581532	0.9999983912901
35.125	37.75	0.99999867592293	0.800167307425572	0.000794481896188745	1.80238813594865	0.999999139349904
35.375	37.75	0.999999402001517	0.800155828787482	0.000770252975749858	1.60234773231086	0.999999611300986
35.625	37.75	0.999999364696583	0.800143347037981	0.000748840824336794	1.40231027927851	0.999999587052779
35.875	37.75	0.999998216228278	0.800130125923047	0.000730154996840145	1.20227612241696	0.999998840548381
36.125	37.75	0.999996112502207	0.800116420438293	0.000714122705917439	1.00224557465828	0.999997473126435
36.375	37.75	0.999994393273677	0.800102414552669	0.000700665578862636	0.802218813515093	0.99999635562789
36.625	37.75	0.999995907505834	0.800088107545498	0.00068966333995568	0.602195711543155	0.999997339878792
36.875	37.75	1.00000406508271	0.800073204403864	0.000680926146041442	0.402175705812145	1.00000264230376
37.125	37.75	1.00001975780995	0.800052222192471	0.000674221633832684	0.202157929800394	1.00001284257647
37.375	37.75	1.00003644884582	0.400052301127087	0.000669921370936752	0.00214434756029981	1.00002369174979
0.125	38.25	-3.69627222105804e-12	0.400001432914303	-0.000120936010175705	18.016563420957	0.349999999997597
0.375	38.25	-5.55809179366658e-12	0.800004303322713	-0.000121266255246163	17.9465631701828	0.349999999996387
0.625	38.25	-7.2132410500341e-12	0.800007187462311	-0.000121927762163146	17.8765626678327	0.349999999995311
0.875	38.25	-6.1171290817694e-12	0.800010094481907	-0.000122922567937803	17.8065619123049	0.349999999996024
1.125	38.25	6.85861539734635e-13	0.800013033522058	-0.000124253737047476	17.7365609011965	0.350000000000446
1.375	38.25	1.57950220548504e-11	0.800016013708248	-0.000125925372036897	17.6665596313052	0.350000000010267
1.625	38.25	4.00742191977615e-11	0.800019044141769	-0.000127942628054144	17.5965580986305	0.350000000026048
1.875	38.25	7.08926849279905e-11	0.800022133886976	-0.000130311730741793	17.526556298377	0.35000000004608
2.125	38.25	1.00437214929612e-10	0.800025291953168	-0.000133039998268589	17.4565542249588	0.350000000065284
2.375	38.25	1.14760729191779e-10	0.800028527270464	-0.000136135867117835	17.3865518720058	0.350000000074594
2.625	38.25	9.43527104621535e-11	0.800031848658512	-0.000139608921760745	17.3165492323729	0.350000000061329
2.875	38.25	1.69744446474286e-11	0.80003526478508	-0.000143469928644015	17.2465462981515	0.350000000011033
3.125	38.25	-1.36738939740399e-10	0.80003878411468	-0.000147730874023328	17.1765430606856	0.34999999991112
3.375	38.25	-3.74848397359035e-10	0.800042414842903	-0.000152405006491932	17.1065395105903	0.349999999756349
3.625	38.25	-6.8342784077623e-10	0.800046164815979	-0.000157506883322435	17.0365356377772	0.349999999555772
3.875	38.25	-1.01505160556695e-09	0.800050041431087	-0.000163052421704413	16.966531431485	0.349999999340216
4.125	38.25	-1.27895727289637e-09	0.800054051515063	-0.000169058953858052	16.8965268803183	0.349999999168678
4.375	38.25	-1.3366424374644e-09	0.800058201177342	-0.000175545286983929	16.8265219722974	0.349999999131182
4.625	38.25	-1.00782929937555e-09	0.800062495632925	-0.000182531767092855	16.7565166949217	0.349999999344911
4.875	38.25	-9.2326381332864e-11	0.800066938990422	-0.000190040347075638	16.6865110352521	0.349999999939988
5.125	38.25	1.5873385456716e-09	0.800071533999915	-0.000198094658584378	16.6165049800169	0.35000000103177
5.375	38.25	4.12015360541983e-09	0.800076281753933	-0.00020672008700488	16.5464985157494	0.3500000026781
5.625	38.25	7.4200118909234e-09	0.800081181333842	-0.000215943849155442	16.4764916289637	0.350000004823008
5.875	38.25	1.11271158238166e-08	0.800086229391885	-0.00022579507215401	16.4064843063761	0.350000007232625
6.125	38.25	1.45140938655286e-08	0.800091419656887	-0.000236304872110776	16.3364765351801	0.350000009434161
6.375	38.25	1.64215757342963e-08	0.800096742350622	-0.000247506430394814	16.2664683033787	0.350000010674024
6.625	38.25	1.52548896543461e-08	0.800102183495537	-0.000259435063817841	16.196459600178	0.350000009915678
6.875	38.25	9.07777301024445e-09	0.800107724094846	-0.000272128284956913	16.1264504164415	0.350000005900552
7.125	38.25	-4.16111364317243e-09	0.800113339159284	-0.000285625846603513	16.0564407452034	0.349999997295276
7.375	38.25	-2.62390576899267e-08	0.800118996551719	-0.000299969763256873	15.9864305822337	0.349999982944612
7.625	38.25	-5.80908781431016e-08	0.80012465561502	-0.000315204300538826	15.9164199266527	0.349999962240929
7.875	38.25	-9.90657509190239e-08	0.80013026554333	-0.000331375921625442	15.8464087815887	0.349999935607262
8.125	38.25	-1.46043558179451e-07	0.800135763449675	-0.000348533176848565	15.7763971548837	0.349999905071687
8.375	38.25	-1.92483475599896e-07	0.800141072075644	-0.000366726520539758	15.7063850598597	0.349999874885741
8.625	38.25	-2.27524461125258e-07	0.800146097078712	-0.000386008035454962	15.6363725161781	0.3499998521091
8.875	38.25	-2.35312341225477e-07	0.800150723822966	-0.000406431041430653	15.5663595508466	0.349999847046978
9.125	38.25	-1.94790405018468e-07	0.800154813585531	-0.00042804955962838	15.4963461994646	0.349999873386237
9.375	38.25	-8.02579190769993e-08	0.800158199076424	-0.000450917597190894	15.4263325078405	0.349999947832353
9.625	38.25	1.36930095810994e-07	0.80016067915254	-0.000475088208068194	15.3563185341657	0.350000089004562
9.875	38.25	4.85085416807243e-07	0.800162012586995	-0.000500612273583996	15.2863043519991	0.350000315305521
10.125	38.25	9.86850442746203e-07	0.800161910732228	-0.000527536930295391	15.2162900543844	0.350000641452788
10.375	38.25	1.65131582891556e-06	0.800160028889651	-0.00055590355045407	15.1462757595059	0.350001073355289
10.625	38.25	2.46316513505119e-06	0.800155956166708	-0.00058574515257773	15.0762616183661	0.350001601057338
10.875	38.25	3.36858614300929e-06	0.800149203565083	-0.000617083083109028	15.0062478250405	0.350002189580993
11.125	38.25	4.25800883878296e-06	0.800139189995307	-0.000649922764989376	14.9362346301029	0.350002767705745
11.375	38.25	4.94625914370758e-06	0.800125225853547	-0.000684248254144983	14.8662223578162	0.350003215068443
11.625	38.25	5.15151188134981e-06	0.800106493719369	-0.000720015280696016	14.7962114275917	0.350003348482723
11.875	38.25	4.47553671764531e-06	0.800082025637744	-0.000757142379141623	14.7262023800263	0.350002909098866
12.125	38.25	2.389191394206e-06	0.800050676332016	-0.000795499634103495	14.6561959074676	0.350001552974406
12.375	38.25	-1.7710655979612e-06	0.800011091558965	-0.000834894491107692	14.5861928884979	0.349998848807361
12.625	38.25	-8.78772792006055e-06	0.799961670667096	-0.000875054013555382	14.5161944249229	0.349994287976852
12.875	38.25	-1.95175581530497e-05	0.79990052226942	-0.000915602921418366	14.4462018787598	0.3499873135872
13.125	38.25	-3.48048717626343e-05	0.799825411812379	-0.000956036741499962	14.3762169053212	0.349977376833354
13.375	38.25	-5.53375778346425e-05	0.799733699745565	-0.000995689458593602	14.3062414767765	0.349964030574407
13.625	38.25	-8.14286676697108e-05	0.799622269017604	-0.00103369521250835	14.2362778885677	0.349947071366015
13.875	38.25	-0.000112704319077892	0.799487440799568	-0.00106894387597776	14.1663287388038	0.349926742192599
14.125	38.25	-0.000147679093704094	0.799324877738128	-0.00110003081883286	14.0963968683496	0.349904008589092
14.375	38.25	-0.000183199065743392	0.799129474749666	-0.0011252018646274	14.0264852468578	0.349880920607267
14.625	38.25	-0.000213735272572692	0.79889523847069	-0.00114229543039009	13.9565967876129	0.349861072072828
14.875	38.25	-0.000230512642438314	0.798615158070263	-0.00114868515875479	13.8867340718928	0.349850166782415
15.125	38.25	-0.000220463404015271	0.798281072290958	-0.0011412280433932	13.8168989617449	0.34985669878739
15.375	38.25	-0.00016499862790262	0.797883540376002	-0.0011162251312497	13.7470920787347	0.349892750891863
15.625	38.25	-3.85965510118338e-05	0.797411727996732	-0.00106940433801152	13.677312125411	0.349974912241842
15.875	38.25	0.000192788855434747	0.796853323380708	-0.000995937657291851	13.6075550259648	0.350125312756033
16.125	38.25	0.000573491567792228	0.796194503452906	-0.000890507917511149	13.5378128627773	0.350372769519065
16.375	38.25	0.00116005913244675	0.795419974702189	-0.000747442963551048	13.4680725861451	0.35075403843609
16.625	38.25	0.00202332857866178	0.794513118287445	-0.000560937285936908	13.3983144752944	0.35131516357613
16.875	38.25	0.003250640841562	0.793456272989031	-0.000325382068735971	13.3285103296922	0.352112916547015
17.125	38.25	0.0049481819820732	0.79223119213086	-3.58235324589037e-05	13.2586213705744	0.353216318288348
17.375	38.25	0.00724343760334451	0.790819710359207	0.0003114347982119	13.1885958336182	0.354708234442174
17.625	38.25	0.0102877391883971	0.789204651668304	0.000718079060620425	13.1183662352284	0.356687030472458
17.875	38.25	0.0142588613719406	0.787370999526293	0.00118288939337676	13.047846297938	0.359268259891761
18.125	38.25	0.0193635877898431	0.78530733150133	0.00170073277331461	12.9769275267868	0.362586332063398
18.375	38.25	0.0258400860921462	0.783007492820554	0.0022615081697888	12.9054754413575	0.366796055959895
18.625	38.25	0.0339598008608124	0.780472445205229	0.00284915122714433	12.8333254924036	0.372073870559528
18.875	38.25	0.0440283632253127	0.777712180564284	0.00344085886294797	12.7602787350964	0.378618436096453
19.125	38.25	0.0563847049789197	0.774747538591148	0.0040067522776347	12.6860974029507	0.386650058236298
19.375	38.25	0.0713971425144954	0.771611722483919	0.00451024816036065	12.6105006397319	0.396408142634422
19.625	38.25	0.0894546883296287	0.768351282018548	0.00490943049916458	12.5331608129185	0.408145547414259
19.875	38.25	0.11095135929468	0.765026343318481	0.00515967625339232	12.4537010569816	0.422118383541542
20.125	38.25	0.136261015692711	0.761709918521074	0.00521764808082463	12.3716949654391	0.438569660200262
20.375	38.25	0.165700688504549	0.758486215991642	0.00504649802763617	12.2866696207632	0.457705447527957
20.625	38.25	0.199481978524927	0.75544795594727	0.00462173993992673	12.1981133223942	0.479663286041202
20.875	38.25	0.237653421903867	0.752692725051816	0.00393683012330946	12.1054892892077	0.504474724237513
21.125	38.25	0.280041687516651	0.750318352639503	0.00300720866538207	12.0082560873276	0.532027096885823
21.375	38.25	0.326204966970509	0.748417225412194	0.00187158790814742	11.9058944335314	0.562033228530831
21.625	38.25	0.375415364180027	0.747069544013883	0.000589737034354369	11.7979384036749	0.594019986717018
21.875	38.25	0.426685146918699	0.746335925249731	-0.00076317955066219	11.6840073035734	0.627345345497154
22.125	38.25	0.478842345886339	0.746250416893331	-0.00210477520392291	11.5638332087834	0.66124752482612
22.375	38.25	0.530646159447986	0.746815544543974	-0.00335458357475617	11.4372791717444	0.694920003641191
22.625	38.25	0.580918150175397	0.74800095710009	-0.00444250038789559	11.3043446661462	0.727596797614008
22.875	38.25	0.628658848644287	0.749746391745506	-0.00531518278787859	11.1651576081771	0.758628251618787
23.125	38.25	0.67312481215988	0.751968405414166	-0.00593965704793906	11.0199552550078	0.787531127903922
23.375	38.25	0.713855432674234	0.754569287851253	-0.00630401620697746	10.8690583300652	0.814006031238252
23.625	38.25	0.750654405995828	0.757446248784198	-0.00641560052451552	10.712843263583	0.837925363897288
23.875	38.25	0.783541051212326	0.760499343226257	-0.00629737485967806	10.5517166015857	0.859301683288012
24.125	38.25	0.812689219695134	0.763637308631278	-0.00598333929833391	10.3860940631751	0.878247992801837
24.375	38.25	0.838368139637804	0.766781159528405	-0.00551376069746258	10.2163851164513	0.894939290764573
24.625	38.25	0.860893675398918	0.769865822462437	-0.00493084454098153	10.0429827504378	0.909580889009297
24.875	38.25	0.880593007093235	0.772840281971114	-0.00427524080386571	9.86625747683162	0.922385454610603
25.125	38.25	0.897782025004555	0.775666723185024	-0.00358355267537203	9.68655441220662	0.933558316252961
25.375	38.25	0.912752905275233	0.778319084362507	-0.0028868344570415	9.50419239518246	0.943289388428901
25.625	38.25	0.925768888089356	0.780781333276464	-0.00220994395734609	9.31946432325481	0.951749777258081
25.875	38.25	0.937063606071023	0.783045686312266	-0.00157155493585939	9.13263814196805	0.959091343946165
26.125	38.25	0.946842935428495	0.78511091069175	-0.000984624066932623	8.94395812943461	0.965447908028522
26.375	38.25	0.955287983774986	0.78698079072804	-0.000457127514087293	8.75364627402705	0.970937189453741
26.625	38.25	0.962558358653654	0.788662796587808	7.0812805084042e-06	8.56190364528114	0.975662933124875
26.875	38.25	0.968795246621275	0.790166965507999	0.000407400431562166	8.36891171892061	0.979716910303829
27.125	38.25	0.97412408798688	0.791504987507609	0.00074566565178727	8.17483364898379	0.983180657191472
27.375	38.25	0.978656786916017	0.792689477442187	0.00102543366242087	7.9798154939086	0.986126911495411
27.625	38.25	0.982493481191733	0.79373341039399	0.00125138048294496	7.78398740690517	0.988620762774626
27.875	38.25	0.985723935462032	0.794649696029944	0.00142881661469693	7.58746479919798	0.990720558050321
28.125	38.25	0.988428634410898	0.795450868344653	0.00156331150348194	7.39034948092327	0.992478612367084
28.375	38.25	0.990679650062525	0.796148869189798	0.00166041444792013	7.19273078039753	0.993941772540642
28.625	38.25	0.992541347971171	0.796754906535457	0.00172545698586139	6.99468663901487	0.995151876181261
28.875	38.25	0.994070984834115	0.797279371117183	0.00176342165865408	6.79628467653566	0.996146140142175
29.125	38.25	0.995319237603869	0.79773179775071	0.00177886310785056	6.59758322005494	0.996957504442515
29.375	38.25	0.996330692758904	0.798120860013086	0.00177586912542081	6.39863228939163	0.997614950293288
29.625	38.25	0.997144314611196	0.798454389132805	0.00175805117394569	6.1994745318606	0.998143804497277
29.875	38.25	0.997793903579508	0.798739409783708	0.00172855577949948	6.00014610019641	0.99856603732668
30.125	38.25	0.998308549220868	0.798982187045303	0.00169008994173996	5.80067746861384	0.998900556993564
30.375	38.25	0.99871307835575	0.799188280096998	0.00164495523660783	5.60109418345265	0.999163500931237
30.625	38.25	0.999028495650101	0.79936259928344	0.00159508658542779	5.40141754642035	0.999368522172566
30.875	38.25	0.999272412304949	0.799509464053187	0.00154209273418919	5.20166522999936	0.999527067998217
31.125	38.25	0.999459457813703	0.799632659962765	0.00148729634747959	5.00185182602874	0.999648647578907
31.375	38.25	0.999601669837155	0.799735493480331	0.00143177229831132	4.80198932973877	0.999741085394151
31.625	38.25	0.999708857878788	0.799820843743572	0.00137638325593862	4.60208756256331	0.999810757621212
31.875	38.25	0.999788937393073	0.7998912107482	0.00132181206549419	4.40215453786149	0.999862809305498
32.125	38.25	0.999848232031651	0.799948759689628	0.00126859070212715	4.20219677424799	0.999901350820573
32.375	38.25	0.999891742791792	0.799995361371527	0.00121712579042869	4.00221956157842	0.999929632814665
32.625	38.25	0.999923383840793	0.800032628746255	0.00116772082612342	3.80222718478742	0.999950199496516
32.875	38.25	0.999946185824272	0.800061949768425	0.00112059533319166	3.60222311075069	0.999965020785777
33.125	38.25	0.999962468661465	0.800084516811607	0.00107590124004953	3.40221014313915	0.999975604629952
33.375	38.25	0.99997398721623	0.800101352893347	0.00103373676214288	3.20219054984146	0.99998309169055
33.625	38.25	0.999982054468903	0.800113334855064	0.000994158036724943	3.00216616695507	0.999988335404787
33.875	38.25	0.999987646984082	0.800121213478581	0.000957188688613303	2.80213848267073	0.999991970539653
34.125	38.25	0.999991495248142	0.800125630415006	0.000922827466769535	2.60210870382973	0.999994471911292
34.375	38.25	0.999994156035572	0.800127131986083	0.000891054165436997	2.40207780788283	0.999996201423122
34.625	38.25	0.999996056847981	0.800126180632107	0.000861834303099762	2.2020465837466	0.999997436951188
34.875	38.25	0.999997499286185	0.800123166004375	0.000835123439370415	2.00201566649304	0.99999837453602
35.125	38.25	0.999998618603402	0.800118418783382	0.000810872290699182	1.80198557178887	0.999999102092211
35.375	38.25	0.999999329276657	0.800112229747815	0.000789033408707379	1.60195673419709	0.999999564029827
35.625	38.25	0.999999337245617	0.800104872519371	0.000769568491814822	1.40192954623598	0.999999569209651
35.875	38.25	0.999998337089207	0.800096620047666	0.000752452345710794	1.20190438212429	0.999998919107984
36.125	38.25	0.999996472247139	0.800087735421807	0.00073766651074642	1.00188157732312	0.999997706960641
36.375	38.25	0.999994944745886	0.800078416303435	0.000725176190741729	0.801861337204349	0.999996714084826
36.625	38.25	0.999996306825349	0.800068693299438	0.000714893214127848	0.601843585838803	0.999997599436477
36.875	38.25	1.00000361191778	0.800058332216121	0.000706647875201061	0.401827849666123	1.00000234774655
37.125	38.25	1.00001765859566	0.800042462585442	0.000700217965587685	0.201813375953076	1.00001147808718
37.375	38.25	1.00003259728822	0.400045350298715	0.000696005531040737	0.00180193336983028	1.00002118823735
0.125	38.75	-3.72866726042042e-12	0.400001093514482	-0.000125988871010993	18.0165850869926	0.349999999997576
0.375	38.75	-5.61370093968136e-12	0.800003284109186	-0.000126335397247526	17.946584895614	0.349999999996351
0.625	38.75	-7.29945617387738e-12	0.80000548538979	-0.000127029455785378	17.8765845122329	0.349999999995255
0.875	38.75	-6.21983795161769e-12	0.800007704465768	-0.000128073060735943	17.8065839356026	0.349999999995957
1.125	38.75	6.1117028500877e-13	0.800009948424745	-0.000129469238150838	17.7365831638548	0.350000000000397
1.375	38.75	1.58292144528826e-11	0.800012224319809	-0.000131222031755133	17.6665821945017	0.350000000010289
1.625	38.75	4.0330825060805e-11	0.800014539155497	-0.000133336510468907	17.59658102444	0.350000000026215
1.875	38.75	7.14976583864472e-11	0.800016899869392	-0.000135818777783084	17.5265796499559	0.350000000046473
2.125	38.75	1.01486964703815e-10	0.800019313308725	-0.00013867598263187	17.4565780667325	0.350000000065967
2.375	38.75	1.16258198191309e-10	0.800021786201385	-0.000141916331536756	17.38657626986	0.350000000075568
2.625	38.75	9.61298990636325e-11	0.800024325119317	-0.000145549102117964	17.3165742538477	0.350000000062484
2.875	38.75	1.86202754656132e-11	0.800026936432895	-0.00014958465727879	17.2465720126406	0.350000000012103
3.125	38.75	-1.35918520680477e-10	0.800029626254722	-0.000154034459915686	17.1765695396392	0.349999999911653
3.375	38.75	-3.75810466319177e-10	0.800032400370425	-0.0001589110875722	17.1065668277238	0.349999999755723
3.625	38.75	-6.87292426046767e-10	0.800035264154834	-0.000164228246437144	17.0365638692846	0.34999999955326
3.875	38.75	-1.02291158454962e-09	0.800038222470118	-0.000170000783898807	16.9665606562578	0.349999999335107
4.125	38.75	-1.29159474051001e-09	0.800041279543062	-0.000176244698796694	16.8965571801701	0.349999999160463
4.375	38.75	-1.35414935927982e-09	0.80004443881828	-0.000182977148030006	16.8265534321944	0.349999999119803
4.625	38.75	-1.02913612202121e-09	0.800047702783391	-0.00019021644831767	16.7565494032185	0.349999999331062
4.875	38.75	-1.14669806257883e-10	0.800051072761458	-0.000197982071167445	16.6865450839327	0.349999999925465
5.125	38.75	1.56891898404562e-09	0.80005454866653	-0.000206294629052994	16.6165404649408	0.350000001019797
5.375	38.75	4.11312771008501e-09	0.800058128716333	-0.00021517584995804	16.5465355369012	0.350000002673533
5.625	38.75	7.43427054385202e-09	0.800061809095472	-0.000224648537223257	16.4765302907059	0.350000004832276
5.875	38.75	1.11742901956739e-08	0.80006558356068	-0.000234736510547631	16.4065247177028	0.350000007263289
6.125	38.75	1.46061810644867e-08	0.800069442978636	-0.000245464523168092	16.3365188099695	0.350000009494018
6.375	38.75	1.65689169490017e-08	0.800073374783531	-0.000256858148707449	16.2665125606411	0.350000010769796
6.625	38.75	1.54637168556837e-08	0.800077362340094	-0.000268943630052932	16.1965059642962	0.350000010051416
6.875	38.75	9.34769113390757e-09	0.800081384194427	-0.000281747680284186	16.1264990173969	0.350000006075999
7.125	38.75	-3.83926560608604e-09	0.800085413192032	-0.000295297223495156	16.0564917187812	0.349999997504477
7.375	38.75	-2.58845932359657e-08	0.800089415438393	-0.000309619060731966	15.986484070199	0.349999983175014
7.625	38.75	-5.77338237800802e-08	0.800093349074559	-0.000324739442819029	15.9164760768847	0.349999962473015
7.875	38.75	-9.87471134357584e-08	0.800097162834417	-0.000340683528258366	15.8464677481592	0.349999935814376
8.125	38.75	-1.45816785757949e-07	0.800100794346182	-0.000357474700013336	15.7764590980621	0.349999905219089
8.375	38.75	-1.92419870203143e-07	0.800104168134526	-0.000375133709674669	15.7064501460216	0.349999874927084
8.625	38.75	-2.27726737239208e-07	0.800107193272053	-0.000393677611475992	15.6364409175889	0.349999851977621
8.875	38.75	-2.35941820536397e-07	0.800109760621687	-0.000413118440917678	15.5664314452884	0.349999846637817
9.125	38.75	-1.96113975612641e-07	0.800111739600478	-0.000433461583120125	15.496421769663	0.349999872525916
9.375	38.75	-8.27201298674726e-08	0.800112974384857	-0.000454703763532955	15.4264119406407	0.349999946231916
9.625	38.75	1.32607564461922e-07	0.800113279463472	-0.000476830577521387	15.3564020193966	0.350000086194917
9.875	38.75	4.77781346721714e-07	0.800112434429261	-0.00049981345365395	15.2863920809465	0.350000310557875
10.125	38.75	9.74914721171651e-07	0.800110177884555	-0.000523605917601628	15.2163822177787	0.350000633694569
10.375	38.75	1.63246685110769e-06	0.800106200313304	-0.00054813898734948	15.1463725449037	0.350001061103453
10.625	38.75	2.43447270778299e-06	0.800100135749878	-0.000573315483892007	15.0763632067765	0.35000158240726
10.875	38.75	3.3266316453173e-06	0.800091552044052	-0.000599002984203904	15.0063543866053	0.350002162310569
11.125	38.75	4.19935527504987e-06	0.800079939483056	-0.000625025073274336	14.936346318594	0.350002729580929
11.375	38.75	4.86841113515549e-06	0.800064697480106	-0.000651150470260399	14.8663393036498	0.350003164467238
11.625	38.75	5.05459655192647e-06	0.800045118972897	-0.000677079511116634	14.7963337289871	0.350003285487759
11.875	38.75	4.3649855663187e-06	0.800020372086622	-0.000702427371271963	14.7263300918462	0.350002837240618
12.125	38.75	2.27974254524786e-06	0.79998947850635	-0.000726703313294267	14.6563290271757	0.350001481832654
12.375	38.75	-1.84970726331386e-06	0.799951287866074	-0.000749285157793239	14.5863313385529	0.349998797690279
12.625	38.75	-8.78325331360754e-06	0.799904447303524	-0.000769388117500221	14.5163380308046	0.349994290885346
12.875	38.75	-1.93451927137804e-05	0.799847365153304	-0.000786027127287984	14.4463503416975	0.349987425624736
13.125	38.75	-3.43351936911352e-05	0.799778167575583	-0.000797971878584777	14.37636976868	0.349977682124101
13.375	38.75	-5.43821700705361e-05	0.79969464676142	-0.000803693964378968	14.3063980849692	0.349964651589454
13.625	38.75	-7.9724134422627e-05	0.799594199258855	-0.00080130590969064	14.2364373373208	0.349948179312625
13.875	38.75	-0.000109895721763148	0.799473752965068	-0.000788492462300741	14.1664898156486	0.349928567780854
14.125	38.75	-0.000143304547743099	0.799329681494398	-0.000762435414915199	14.096557982364	0.349906852043967
14.375	38.75	-0.000176678092363588	0.799157705024543	-0.000719734497971829	14.0266443469992	0.349885159239964
14.625	38.75	-0.000204364505329913	0.79895277742913	-0.000656328594749068	13.9567512695004	0.349867163071536
14.875	38.75	-0.000217473612807892	0.798708960611751	-0.00056742375391225	13.8868806736678	0.349858642151675
15.125	38.75	-0.000202848318068807	0.798419288564191	-0.000447437256685735	13.8170336507095	0.349868148593255
15.375	38.75	-0.000141861222521079	0.798075625874043	-0.000289970343201824	13.7472099318704	0.349907790205361
15.625	38.75	-9.03620249540954e-06	0.797668528300779	-8.78260594291139e-05	13.6774072086444	0.349994126468378
15.875	38.75	0.00022950067095666	0.797187116696058	0.00016690710116279	13.6076202791694	0.350149175436122
16.125	38.75	0.000617732609459576	0.796618980009407	0.000482680816752103	13.5378399999562	0.350401526196149
16.375	38.75	0.0012116150150106	0.795950128372249	0.000868193035499276	13.4680520229878	0.350787549759757
16.625	38.75	0.00208107738573132	0.795165023167617	0.00133194311871283	13.3982352992495	0.351352700300725
16.875	38.75	0.00331215112784882	0.794246717279653	0.00188160420281146	13.3283603307817	0.352152898233102
17.125	38.75	0.00500920913595277	0.79317714481598	0.00252318429120932	13.2583871542824	0.353255985938369
17.375	38.75	0.00729729930993616	0.791937604582912	0.00325995656382644	13.1882630402559	0.354743244551459
17.625	38.75	0.0103245441210401	0.790509484017121	0.00409115636282919	13.1179198931409	0.356710953678676
17.875	38.75	0.0142645562380788	0.788875268065069	0.00501046998823883	13.0472713406982	0.359271961554751
18.125	38.75	0.0193187777986599	0.78701986790887	0.00600438159941993	12.9762095069384	0.362557205569129
18.375	38.75	0.0257185766414644	0.784932284227971	0.00705050139016315	12.9046014748344	0.366717074816952
18.625	38.75	0.0337268116622687	0.782607585671519	0.00811607123408377	12.8322854673468	0.371922427580475
18.875	38.75	0.0436383937940884	0.780049133362595	0.00915692973851407	12.7590668141302	0.378364955966157
19.125	38.75	0.0557791026212937	0.777270917397734	0.0101173065501081	12.6847138350188	0.386256416703841
19.375	38.75	0.0705015659709095	0.774299797214063	0.0109308840752454	12.6089538699184	0.395826017881091
19.625	38.75	0.088176895736316	0.771177366586971	0.0115235770451238	12.5314698275721	0.407314982228605
19.875	38.75	0.109180083970063	0.767961113790184	0.0118183859145018	12.4518978172185	0.420967054580541
20.125	38.75	0.133867087348322	0.764724536924033	0.0117424245636002	12.3698266582074	0.437013606776409
20.375	38.75	0.162541887527243	0.761555914356453	0.0112357744900552	12.284800297532	0.455652226892708
20.625	38.75	0.19541314285526	0.758555514645445	0.0102612094708326	12.1963243280298	0.477018542855919
20.875	38.75	0.232542738923749	0.755831138144403	0.00881320434280004	12.1038777679173	0.501152780300437
21.125	38.75	0.273792623181068	0.75349199901955	0.00692423373250679	12.0069308828917	0.527965205067694
21.375	38.75	0.31878094961296	0.751641107309869	0.00466645626113095	11.9049689814876	0.557207617248424
21.625	38.75	0.366861795185822	0.750366571084045	0.00214761931358918	11.7975207995131	0.588460166870785
21.875	38.75	0.417141838603331	0.749732669789318	-0.000498709897588734	11.684188553824	0.621142195092165
22.125	38.75	0.468540473485355	0.749772073113265	-0.0031270846381096	11.5646754918073	0.654551307765481
22.375	38.75	0.519887713721718	0.750480906916768	-0.0055957777529924	11.438806397968	0.687927013919117
22.625	38.75	0.570041429783597	0.751818140714371	-0.00778124999703819	11.3065374359777	0.720526929359338
22.875	38.75	0.61799816839296	0.7537098598216	-0.00958917044603733	11.1679537777676	0.751698809455424
23.125	38.75	0.662974039110455	0.756057699256567	-0.0109606302916136	11.023256020962	0.780933125421796
23.375	38.75	0.704442735731194	0.758749643943572	-0.0118732799665342	10.8727385130183	0.807887778225276
23.625	38.75	0.742131223075022	0.761671007586896	-0.0123380507947621	10.7167637243801	0.832385294998765
23.875	38.75	0.775983982923666	0.764713748440345	-0.0123927333258501	10.5557366244842	0.854389588900383
24.125	38.75	0.806110916635768	0.767783063801652	-0.0120939249643618	10.3900819756405	0.873972095813249
24.375	38.75	0.83273259690741	0.770801031863245	-0.0115087664801849	10.2202261208452	0.891276187989817
24.625	38.75	0.856132117215329	0.773707673036909	-0.010707560029911	10.0465836552564	0.906485876189964
24.875	38.75	0.876617908373315	0.776460104407232	-0.00975792935335744	9.8695485634581	0.919801640442655
25.125	38.75	0.89449813608883	0.779030511925439	-0.00872076498850608	9.68948899721484	0.93142378845774
25.375	38.75	0.910065107276244	0.781403563511084	-0.00764787329704471	9.50674476822154	0.941542319729559
25.625	38.75	0.923587256664674	0.783573722000065	-0.00658104863369621	9.32162671473097	0.950331716832038
25.875	38.75	0.935306284058037	0.785542750024975	-0.00555220447709773	9.13441726671102	0.957949084637724
26.125	38.75	0.945437429936421	0.787317560439077	-0.004584201495926	8.94537171360606	0.964534329458674
26.375	38.75	0.95417141476925	0.788908465891738	-0.00369206307154007	8.75471983643868	0.970211419600013
26.625	38.75	0.961677063873413	0.790327817628969	-0.00288434194389384	8.56266768893106	0.975090091517718
26.875	38.75	0.968104030496873	0.791588989122267	-0.00216447515534083	8.36939940035461	0.979267619822967
27.125	38.75	0.973585306437835	0.792705646099227	-0.0015320273569349	8.17507893150554	0.982830449184593
27.375	38.75	0.978239388828495	0.793691243311036	-0.000983770760574291	7.97985175170515	0.985855602738521
27.625	38.75	0.982172078096366	0.794558694078977	-0.000514583770406261	7.78384642568261	0.988411850762638
27.875	38.75	0.985477938500955	0.795320167331306	-0.000118171893919285	7.58717610996124	0.990560660025621
28.125	38.75	0.988241477222096	0.795986976039814	0.000212373156707125	7.38993996287665	0.992356960194362
28.375	38.75	0.990538103782838	0.796569529387086	0.000484154439342746	7.19222447332638	0.993849767458845
28.625	38.75	0.992434927271185	0.797077328093866	0.000704167491830725	6.99410471256838	0.99508270272627
28.875	38.75	0.993991439818854	0.797518987988847	0.000879092347052155	6.79564551195234	0.996094435882255
29.125	38.75	0.995260124290523	0.797902281231206	0.00101515967085751	6.59690256802247	0.99691908078884
29.375	38.75	0.996287013901959	0.798234187811265	0.00111807365293299	6.39792347530415	0.997586559036274
29.625	38.75	0.99711222242312	0.79852095228417	0.00119297718531888	6.19874868641561	0.998122944575028
29.875	38.75	0.99777045610896	0.798768142349147	0.00124444759473174	5.99941239894297	0.998550796470824
30.125	38.75	0.998291512628236	0.798980707047542	0.00127651362270241	5.79994336872785	0.998889483208354
30.375	38.75	0.99870076795985	0.799163033154598	0.00129268642480167	5.60036564974743	0.999155499173902
30.625	38.75	0.999019649336651	0.799318998887827	0.00129599908873806	5.4006992615111	0.999362772068823
30.875	38.75	0.999266090635328	0.799452024425509	0.00128905057803858	5.20096078575042	0.999522958912963
31.125	38.75	0.999454965913844	0.799565118976776	0.00127405113193913	5.00116389504393	0.999645727843999
31.375	38.75	0.999598496854123	0.799660924308667	0.00125286703499212	4.80131981681903	0.99973902295518
31.625	38.75	0.999706630449256	0.799741754742095	0.00122706335202952	4.60143773685168	0.999809309792016
31.875	38.75	0.999787384165372	0.799809633698151	0.00119794374290568	4.40152514690698	0.999861799707492
32.125	38.75	0.999847156821383	0.799866326923406	0.00116658685993965	4.20158814151703	0.999900651933899
32.375	38.75	0.999891004433751	0.799913372560886	0.001133879117798	4.00163166908029	0.999929152881938
32.625	38.75	0.999922881225746	0.799952108268898	0.00110054383354158	3.80165974250258	0.999949872796735
32.875	38.75	0.999945846961443	0.799983695621119	0.00106716687893724	3.6016756144935	0.999964800524938
33.125	38.75	0.999962242850019	0.800009142032055	0.0010342190746886	3.40168192238033	0.999975457852512
33.375	38.75	0.999973839501538	0.800029320414079	0.00100207558726092	3.20168080689068	0.999982995675999
33.625	38.75	0.99998196150431	0.800044986664134	0.000971032566556227	3.00167400878846	0.999988274977801
33.875	38.75	0.999987593331754	0.800056794920552	0.000941321208595269	2.80166294659867	0.99999193566564
34.125	38.75	0.999991469310687	0.800065310430503	0.000913119398029183	2.60164877812623	0.999994455051946
34.375	38.75	0.999994145588202	0.800071020028678	0.000886561169968118	2.40163244838375	0.999996194632331
34.625	38.75	0.999996045733202	0.800074340856869	0.000861744505531776	2.20161472717639	0.999997429726581
34.875	38.75	0.999997468754239	0.800075629035376	0.000838738401455508	2.0015962408235	0.999998354690255
35.125	38.75	0.999998557386427	0.800075190956676	0.000817590447415683	1.80157750332963	0.999999062301177
35.375	38.75	0.999999253091459	0.800073299391091	0.000798335732555724	1.60155895070945	0.999999514509449
35.625	38.75	0.999999308834626	0.800070212993905	0.000781006144328876	1.40154097580901	0.999999550742507
35.875	38.75	0.999998463738028	0.800066190451111	0.000765635951634691	1.20152394955489	0.999999001429718
36.125	38.75	0.99999684838692	0.800061482160978	0.0007522564557108	1.0015082032881	0.999997951451498
36.375	38.75	0.999995521144914	0.800056281207704	0.000740873134892405	0.801493948784597	0.999997088744194
36.625	38.75	0.999996724808962	0.800050633874002	0.00073142813976039	0.601481145654062	0.999997871125825
36.875	38.75	1.00000314140285	0.800044353829792	0.000723771824386882	0.40146939937874	1.00000204191185
37.125	38.75	1.00001547287309	0.80003319218436	0.000717693286823334	0.201458065403189	1.00001005736751
37.375	38.75	1.00002858616756	0.400038419472101	0.000713619141705587	0.00144870303349915	1.00001858100891
0.125	39.25	-3.75598995873129e-12	0.400000739861871	-0.00012965562708782	18.0166075185449	0.349999999997559
0.375	39.25	-5.66677717088785e-12	0.800002222153366	-0.000130014410125831	17.9466073890564	0.349999999996317
0.625	39.25	-7.39116950416759e-12	0.800003712135595	-0.000130732963799523	17.8766071296299	0.349999999995196
0.875	39.25	-6.34353362634425e-12	0.800005214917503	-0.000131813263732329	17.8066067393684	0.349999999995877
1.125	39.25	4.927489847588e-13	0.800006735580316	-0.000133258274463291	17.7366062169283	0.35000000000032
1.375	39.25	1.57933856441017e-11	0.800008279163613	-0.000135071950514198	17.6666055605224	0.350000000010266
1.625	39.25	4.04960185711824e-11	0.800009850649057	-0.000137259237554356	17.5966047679246	0.350000000026322
1.875	39.25	7.20088906582947e-11	0.800011454940926	-0.000139826073568566	17.5266038364755	0.350000000046806
2.125	39.25	1.02479918392856e-10	0.800013096842596	-0.000142779389326524	17.4566027630915	0.350000000066612
2.375	39.25	1.17799714981829e-10	0.800014781026982	-0.000146127108032963	17.3866015442746	0.35000000007657
2.625	39.25	9.81384019484213e-11	0.800016512001463	-0.000149878143697398	17.316600176127	0.35000000006379
2.875	39.25	2.07767162550715e-11	0.800018294063984	-0.000154042397092064	17.2465986543673	0.350000000013505
3.125	39.25	-1.34250743527785e-10	0.80002013125062	-0.000158630749226117	17.1765969743511	0.349999999912737
3.375	39.25	-3.75629871099697e-10	0.800022027271361	-0.000163655050593957	17.1065951310961	0.349999999755841
3.625	39.25	-6.89933492723731e-10	0.800023985433378	-0.000169128105608538	17.036593119311	0.349999999551543
3.875	39.25	-1.02990912370119e-09	0.800026008548801	-0.000175063650402628	16.9665909334308	0.349999999330559
4.125	39.25	-1.30440190451667e-09	0.800028098824804	-0.000181476322633142	16.8965885676601	0.349999999152139
4.375	39.25	-1.3736872873366e-09	0.800030257733173	-0.000188381620613933	16.8265860160239	0.349999999107103
4.625	39.25	-1.05518231604189e-09	0.800032485856107	-0.000195795850082684	16.7565832724327	0.349999999314132
4.875	39.25	-1.4513385527861e-10	0.800034782705449	-0.000203736054907674	16.6865803307624	0.349999999905663
5.125	39.25	1.53873612096778e-09	0.800037146511279	-0.000212219928386895	16.6165771849557	0.350000001000178
5.375	39.25	4.09114839517023e-09	0.800039573975991	-0.000221265701073943	16.5465738291509	0.350000002659246
5.625	39.25	7.43194889955291e-09	0.800042059989027	-0.000230891999575916	16.4765702578431	0.350000004830767
5.875	39.25	1.12064154585348e-08	0.800044597295893	-0.00024111767029489	16.4065664660858	0.35000000728417
6.125	39.25	1.46899931245747e-08	0.80004717611435	-0.000251961560462332	16.3365624497358	0.350000009548496
6.375	39.25	1.67224143194471e-08	0.80004978368919	-0.000263442247280813	16.2665582057469	0.350000010869569
6.625	39.25	1.57031427227641e-08	0.800052403773781	-0.000275577704007251	16.1965537325097	0.350000010207043
6.875	39.25	9.684301443666e-09	0.80005501602733	-0.000288384889191498	16.1265490302373	0.350000006294796
7.125	39.25	-3.40297205160979e-09	0.800057595311045	-0.000301879242355676	16.0565441013864	0.349999997788068
7.375	39.25	-2.53590440330688e-08	0.800060110868065	-0.000316074066385121	15.9865389511073	0.349999983516621
7.625	39.25	-5.71470446002545e-08	0.800062525366091	-0.000330979771809937	15.9165335877074	0.349999962854421
7.875	39.25	-9.81505180204617e-08	0.800064793780967	-0.000346602954285187	15.8465280231204	0.349999936202163
8.125	39.25	-1.45293511717027e-07	0.800066862096854	-0.000362945270012641	15.7765222733727	0.349999905559217
8.375	39.25	-1.920981417759e-07	0.800068665793686	-0.000380002067627304	15.706516359051	0.349999875136208
8.625	39.25	-2.27801842069875e-07	0.800070128090181	-0.000397760726286836	15.6365103057882	0.349999851928803
8.875	39.25	-2.36711072493415e-07	0.800071157905969	-0.000416198639650264	15.5665041448092	0.349999846137803
9.125	39.25	-1.98028901222225e-07	0.800071647499811	-0.000435280772417013	15.4964979136052	0.349999871281214
9.375	39.25	-8.64582166644014e-08	0.800071469736766	-0.000454956699244164	15.426491656848	0.349999943802159
9.625	39.25	1.26053961229004e-07	0.800070474928795	-0.000475157014211119	15.3564854276997	0.350000081935075
9.875	39.25	4.670101695639e-07	0.800068487186872	-0.000495788970364879	15.286479289733	0.35000030355661
10.125	39.25	9.58038858557768e-07	0.800065300214544	-0.000516731172026988	15.2164733197397	0.350000622725258
10.375	39.25	1.60710427659159e-06	0.800060672464417	-0.00053782709483689	15.146467611771	0.35000104461778
10.625	39.25	2.39787566087333e-06	0.800054321568309	-0.000558877148201925	15.0764622828198	0.35000155861918
10.875	39.25	3.2760624317425e-06	0.800045917939376	-0.000579628920386288	15.0064574805999	0.350002129440581
11.125	39.25	4.13285475417379e-06	0.800035077424623	-0.000599765156789593	14.9364533939007	0.35000268635559
11.375	39.25	4.78614464595311e-06	0.800021352860022	-0.000618888916817313	14.8664502659576	0.35000311099402
11.625	39.25	4.9609936024523e-06	0.800004224339215	-0.000636505237768882	14.7964484111655	0.350003224645842
11.875	39.25	4.27190289482168e-06	0.799983087949229	-0.000651998509369407	14.7264482352279	0.350002776736882
12.125	39.25	2.21085926377344e-06	0.799957242646154	-0.000664604639926427	14.6564502584453	0.350001437058521
12.375	39.25	-1.85313013369562e-06	0.799925874836989	-0.000673376988880578	14.5864551412603	0.349998795465413
12.625	39.25	-8.65527574049382e-06	0.799888040098898	-0.000677144972312593	14.516463710351	0.349994374070769
12.875	39.25	-1.89870628316612e-05	0.799842641305586	-0.000674464246737212	14.4464769824763	0.349987658409159
13.125	39.25	-3.36069104540412e-05	0.799788402248549	-0.000663557481634533	14.3764961819065	0.349978155508205
13.375	39.25	-5.30950983549941e-05	0.799723835651282	-0.000642244992592598	14.3065227456278	0.349965488186069
13.625	39.25	-7.76368947644196e-05	0.799647204296958	-0.000607864987161733	14.2365583086264	0.349949536018403
13.875	39.25	-0.000106716721215343	0.79955647385384	-0.000557183949028217	14.1666046595035	0.34993063413121
14.125	39.25	-0.000138705972470695	0.799449255925675	-0.000486298839530475	14.09666365454	0.349909841117894
14.375	39.25	-0.000170327961521824	0.799322739923019	-0.000390534425604942	14.0267370762505	0.349889286825011
14.625	39.25	-0.000195985481385077	0.799173612606667	-0.000264341250331721	13.9568264205746	0.3498726094371
14.875	39.25	-0.00020693963799995	0.798997964659489	-0.000101202643941643	13.8869325953064	0.3498654892353
15.125	39.25	-0.000190332728147042	0.798791184482169	0.000106437191918714	13.8170555112771	0.349876283726704
15.375	39.25	-0.000128052671850004	0.798547840665166	0.000367207567368	13.7471935472894	0.349916765763297
15.625	39.25	4.55861301936397e-06	0.798261556372587	0.000690786509008737	13.677342869881	0.350002963098463
15.875	39.25	0.000240146026798699	0.797924881287188	0.00108778934708189	13.607496589646	0.350156094917419
16.125	39.25	0.00062092085700292	0.797529169931561	0.00156953717324607	13.5376437369553	0.350403598557052
16.375	39.25	0.00120036634033197	0.797064479202554	0.00214766589736659	13.4677680413268	0.350780238121216
16.625	39.25	0.00204505539504581	0.796519502904598	0.00283353213652862	13.3978465001976	0.35132928600678
16.875	39.25	0.00323656639299857	0.795881566928145	0.00363737037412945	13.3278477242681	0.352103768155449
17.125	39.25	0.00487348208394213	0.795136715312624	0.0045671587782869	13.2577300478139	0.353167763354562
17.375	39.25	0.00707345347762281	0.79426992430686	0.00562716154214807	13.1874393934992	0.354597744760455
17.625	39.25	0.00997530142164836	0.793265487820089	0.00681613715455525	13.1169068826574	0.356483945924071
17.875	39.25	0.0137411092233113	0.792107621897622	0.00812523884801781	13.0460461845539	0.358931720995152
18.125	39.25	0.0185582237577051	0.790781335906616	0.00953569005649115	12.9747506032638	0.362062845442508
18.375	39.25	0.0246410219872021	0.789273611125234	0.0110163977366566	12.9028899107121	0.366016664291681
18.625	39.25	0.0322322046244273	0.787574910051376	0.012521770883769	12.830306952415	0.370950933005878
18.875	39.25	0.0416032373894967	0.785681008766334	0.0139901357273867	12.7568140830523	0.377042104303173
19.125	39.25	0.0530533624820366	0.78359509802152	0.0153432678779766	12.6821895380171	0.384484685613324
19.375	39.25	0.0669063446859024	0.781330036756466	0.0164876645887359	12.6061739214501	0.393489124045837
19.625	39.25	0.0835038122003871	0.778910568562612	0.0173182073482006	12.5284670977933	0.404277477930252
19.875	39.25	0.103193753545875	0.776375235221714	0.0177247483865253	12.4487259167796	0.417075939804819
20.125	39.25	0.12631255455823	0.773777652763943	0.017601822041222	12.3665633775227	0.43210316046285
20.375	39.25	0.153159108782656	0.771186766069823	0.0168610880381906	12.2815500270191	0.449553420708726
20.625	39.25	0.183960304645842	0.768685679259876	0.0154452898381743	12.1932185477018	0.469574198019797
20.875	39.25	0.218828897079533	0.766368686178416	0.0133416158343269	12.1010725404698	0.492238783101696
21.125	39.25	0.257717555807848	0.764336226844204	0.0105916843098974	12.0046003466467	0.517516411275101
21.375	39.25	0.300376421282108	0.762687720426678	0.00729530616178231	11.9032942630979	0.54524467383337
21.625	39.25	0.346324703896377	0.761512625094035	0.00360598630323858	11.7966746305975	0.575111057532645
21.875	39.25	0.394847915856823	0.760880649341162	-0.00028222266046084	11.6843170895421	0.606651145306935
22.125	39.25	0.445029381404861	0.760832658452557	-0.00415483034150323	11.565880063262	0.63926909791316
22.375	39.25	0.495817173936341	0.761374203837407	-0.00780050822846173	11.4411286765592	0.672281163058622
22.625	39.25	0.546117468324662	0.762473429043953	-0.0110338413987966	11.3099512855065	0.704976354411031
22.875	39.25	0.594896556703548	0.764064242119268	-0.013713231075547	11.1723657964987	0.736682761857306
23.125	39.25	0.641270647414091	0.766054316874799	-0.015751288930054	11.0285147957725	0.766825920819159
23.375	39.25	0.684566660777562	0.768336225567005	-0.0171168990136527	10.8786506305736	0.794968329505415
23.625	39.25	0.724346491257248	0.770799336615165	-0.0178298757926534	10.7231132996726	0.820825219317211
23.875	39.25	0.760397314272153	0.773340243547331	-0.0179503804458824	10.5623048493235	0.844258254276899
24.125	39.25	0.792697602780582	0.775870244169298	-0.01756576902423	10.3966638429635	0.865253441807378
24.375	39.25	0.821370984850293	0.778319362931312	-0.0167773708655467	10.226642634315	0.88389114015269
24.625	39.25	0.846638633087189	0.780637235131876	-0.0156890477766991	10.0526890323024	0.900315111506673
24.875	39.25	0.86877739461036	0.782791657253084	-0.0143985513262956	9.87523286785031	0.914705306496734
25.125	39.25	0.888087133266255	0.78476574602157	-0.0129919294480053	9.69467717351129	0.927256636623066
25.375	39.25	0.904867840849521	0.78655454119082	-0.0115406842733103	9.51139322672709	0.938164096552189
25.625	39.25	0.919405315482248	0.788161660621636	-0.0101010889904739	9.32571853961393	0.947613455063461
25.875	39.25	0.931963460008965	0.789596372061716	-0.00871499221743715	9.13795691030841	0.955776249005828
26.125	39.25	0.942781192038268	0.790871242519361	-0.00741149991013258	8.94837979042787	0.962807774824874
26.375	39.25	0.952072256258353	0.792000384491725	-0.0062090546284272	8.75722839929773	0.96884696656793
26.625	39.25	0.960026652779088	0.792998235997547	-0.00511757654253545	8.56471618439734	0.974017324306407
26.875	39.25	0.966812804467633	0.79387877488622	-0.00414045885880989	8.37103136768351	0.978428322903961
27.125	39.25	0.972579919529521	0.794655061549959	-0.00327630951775978	8.17633942302972	0.982176947694188
27.375	39.25	0.977460248339003	0.795339014560399	-0.00252039980715731	7.98078540343894	0.985349161420352
27.625	39.25	0.981571095148492	0.795941341307302	-0.00186582350081131	7.7844960840472	0.98802121184652
27.875	39.25	0.985016543944864	0.796471564505354	-0.00130439373636926	7.58758191503579	0.990260753564162
28.125	39.25	0.987888911947468	0.796938102327584	-0.00082731526391449	7.39013879345321	0.992127792765854
28.375	39.25	0.990269969510278	0.797348373661512	-0.000425671916085313	7.19224966937668	0.993675480181681
28.625	39.25	0.992231972940255	0.797708910393657	-9.07667785873842e-05	6.99398600327703	0.994950782411166
28.875	39.25	0.99383855479734	0.798025466080056	0.000185652023617557	6.79540909024858	0.995995060618271
29.125	39.25	0.99514550960852	0.798303115427461	0.00041125228869851	6.596571264439	0.996844581245538
29.375	39.25	0.996201504643275	0.798546342272796	0.000593042979665401	6.39751699446968	0.997530978018129
29.625	39.25	0.997048737157581	0.798759115727871	0.000737345918952872	6.19828387836587	0.998081679152428
29.875	39.25	0.997723552231531	0.798944955247429	0.000849800071321813	5.9989035447395	0.998520308950495
30.125	39.25	0.998257029361931	0.799106985902332	0.000935387817434588	5.79940246573871	0.998867069085255
30.375	39.25	0.998675541448317	0.799247985301875	0.000998475249367594	5.59980268655346	0.999139101941406
30.625	39.25	0.999001286641772	0.799370423569839	0.00104286059618545	5.40012247594966	0.999350836317152
30.875	39.25	0.999252791558794	0.799476497632188	0.0010718265053595	5.20037690228302	0.999514314513216
31.125	39.25	0.999445383392177	0.79956816088444	0.00108819315028348	5.00057833960317	0.999639499204915
31.375	39.25	0.999591628255276	0.799647149110122	0.00109437008060903	4.80073690870069	0.999734558365929
31.625	39.25	0.999701733450774	0.799715003339413	0.00109240544393257	4.6008608581927	0.999806126743003
31.875	39.25	0.999783912046866	0.799773090179444	0.00108403173663573	4.4009568909317	0.999859542830463
32.125	39.25	0.999844708986722	0.79982262002122	0.00107070763069503	4.20103044112421	0.999899060841369
32.375	39.25	0.999889288817749	0.799864663434446	0.00105365570656939	4.00108590754656	0.999928037731537
32.625	39.25	0.999921685952794	0.79990016600011	0.00103389612548076	3.80112684814484	0.999949095869316
32.875	39.25	0.999945019206216	0.799929961792616	0.00101227641437274	3.60115614110361	0.999964262484041
33.125	39.25	0.999961673276448	0.799954785688441	0.000989497620723657	3.40117611715496	0.999975087629691
33.375	39.25	0.99997345089273	0.799975284618241	0.000966137122092817	3.2011886674616	0.999982743080275
33.625	39.25	0.999981700252236	0.799992027770544	0.000942668349774091	3.00119533084393	0.999988105163953
33.875	39.25	0.999987422456448	0.800005515612068	0.000919477628876579	2.80119736349408	0.999991824596691
34.125	39.25	0.99999136191546	0.800016187502014	0.000896878306274307	2.60119579380197	0.999994385245049
34.375	39.25	0.999994078520404	0.800024427816638	0.000875122424540765	2.40119146478386	0.999996151038262
34.625	39.25	0.999995994911588	0.800030571045598	0.000854410482322533	2.2011850670976	0.999997396692532
34.875	39.25	0.999997409643033	0.800034907257686	0.00083490025902196	2.0011771666433	0.999998316267971
35.125	39.25	0.999998474743679	0.800037690168476	0.000816715982961776	1.80116823142927	0.999999008583391
35.375	39.25	0.999999160630779	0.80003914964149	0.000799958699346526	1.60115866097732	0.999999454410006
35.625	39.25	0.999999269561254	0.800039507373064	0.000784716890524343	1.40114881606357	0.999999525214815
35.875	39.25	0.999998587129095	0.800038988200735	0.00077107314960039	1.201139036785	0.999999081633911
36.125	39.25	0.999997231021394	0.800037812307926	0.000759099523787104	1.00112962725507	0.999998200163906
36.375	39.25	0.999996111795384	0.800036152607327	0.00074883480588685	0.801120786886995	0.999997472667
36.625	39.25	0.999997153726673	0.800034057457344	0.000740246713235173	0.601112496591402	0.999998149922338
36.875	39.25	1.00000265678596	0.800031376812002	0.000733203207264022	0.401104431281631	1.00000172691088
37.125	39.25	1.0000132240404	0.800024487029493	0.000727504035310049	0.20109604889826	1.00000859562626
37.375	39.25	1.00002446001912	0.40003157813721	0.000723593796134365	0.0010886885735303	1.00001589901243
0.125	39.75	-3.77444462369187e-12	0.400000375948434	-0.000131887251125407	18.016630468054	0.349999999997547
0.375	39.75	-5.71017861124794e-12	0.800001129435922	-0.000132254340592814	17.9466304022511	0.349999999996288
0.625	39.75	-7.47645248042759e-12	0.800001887682833	-0.000132989486817143	17.876630270367	0.34999999999514
0.875	39.75	-6.47285292999488e-12	0.800002653844805	-0.000134094623616753	17.8066300718466	0.349999999995793
1.125	39.75	3.44041794710528e-13	0.800003431051555	-0.000135572649486797	17.736629805859	0.350000000000224
1.375	39.75	1.5689096881365e-11	0.800004222393802	-0.000137427424856074	17.6666294713007	0.350000000010198
1.625	39.75	4.05455353302738e-11	0.800005030909035	-0.000139663768072864	17.5966290667993	0.350000000026355
1.875	39.75	7.23601719891632e-11	0.800005859564568	-0.000142287449291034	17.5266285907192	0.350000000047034
2.125	39.75	1.03291723603212e-10	0.800006711237071	-0.000145305182606175	17.4566280411695	0.35000000006714
2.375	39.75	1.19188349790999e-10	0.800007588688296	-0.000148724615246501	17.3866274160134	0.350000000077472
2.625	39.75	1.00099861897255e-10	0.800008494535362	-0.000152554313139142	17.3166267128801	0.350000000065065
2.875	39.75	2.30932921751496e-11	0.80000943121534	-0.000156803742247762	17.2466259291799	0.350000000015011
3.125	39.75	-1.32101188693897e-10	0.800010400942254	-0.00016148324412264	17.1766250621217	0.349999999914134
3.375	39.75	-3.74535945744739e-10	0.800011405656125	-0.000166604004900164	17.1066241087335	0.349999999756552
3.625	39.75	-6.91152711270067e-10	0.800012446961375	-0.000172178015511064	17.0366230658871	0.349999999550751
3.875	39.75	-1.0349775686226e-09	0.800013526054402	-0.000178218021717516	16.9666219303262	0.349999999327265
4.125	39.75	-1.31491754185493e-09	0.800014643637515	-0.000184737461449016	16.896620698701	0.349999999145304
4.375	39.75	-1.39093581059144e-09	0.800015799817791	-0.000191750386831275	16.8266193676086	0.349999999095892
4.625	39.75	-1.07958473246555e-09	0.800016993988858	-0.00019927136757642	16.756617933644	0.34999999929827
4.875	39.75	-1.75521819640656e-10	0.800018224693302	-0.000207315372053885	16.6866163934629	0.349999999885911
5.125	39.75	1.50596108895139e-09	0.800019489464365	-0.000215897621519739	16.6166147438618	0.350000000978875
5.375	39.75	4.06284545885215e-09	0.80002078464379	-0.000225033412132433	16.54661298188	0.35000000264085
5.625	39.75	7.41885850901289e-09	0.80002210517379	-0.000234737898353233	16.4766111049286	0.350000004822258
5.875	39.75	1.12233173255414e-08	0.800023444359586	-0.000245025830437593	16.406609110952	0.350000007295156
6.125	39.75	1.47551352749232e-08	0.80002479359825	-0.000255911236741317	16.336606998624	0.350000009590838
6.375	39.75	1.68559812522349e-08	0.800026142069015	-0.000267407040371798	16.2666047675819	0.350000010956388
6.625	39.75	1.59246096502972e-08	0.800027476378945	-0.000279524597098218	16.1966024186945	0.350000010350996
6.875	39.75	1.0008627218654e-08	0.800028780156524	-0.000292273139011917	16.126599954359	0.350000006505608
7.125	39.75	-2.970264923269e-09	0.800030033586281	-0.000305659105447802	16.0565973788167	0.349999998069328
7.375	39.75	-2.48278231478091e-08	0.800031212872975	-0.000319685338234525	15.9865946984732	0.349999983861915
7.625	39.75	-5.65495756828625e-08	0.800032289629279	-0.000334350115099529	15.9165919222059	0.349999963242776
7.875	39.75	-9.75498339246575e-08	0.800033230173024	-0.000349645988271937	15.8465890616443	0.349999936592608
8.125	39.75	-1.44793938169362e-07	0.800033994726476	-0.000365558390490009	15.776586131408	0.34999990588394
8.375	39.75	-1.91859403327565e-07	0.800034536505042	-0.000382063961988014	15.7065831492986	0.349999875291388
8.625	39.75	-2.28058745636984e-07	0.800034800685469	-0.000399128543708772	15.636580136453	0.349999851761815
8.875	39.75	-2.37800918119472e-07	0.800034723242351	-0.000416704769912178	15.5665771174878	0.349999845429403
9.125	39.75	-2.00427920224628e-07	0.800034229642807	-0.000434729179681468	15.4965741206907	0.349999869721852
9.375	39.75	-9.08256831158552e-08	0.800033233389424	-0.000453118747499607	15.4265711783501	0.349999940963306
9.625	39.75	1.1883075082611e-07	0.80003163440447	-0.000471766709632322	15.3565683273607	0.350000077239988
9.875	39.75	4.55786182446313e-07	0.800029317250821	-0.000490537531231409	15.2865656102901	0.350000296261019
10.125	39.75	9.414271977053e-07	0.800026149191819	-0.000509260818204205	15.2165630771507	0.350000611927678
10.375	39.75	1.58358757526028e-06	0.80002197810012	-0.000527723925719745	15.1465607881789	0.350001029331924
10.625	39.75	2.36608771364602e-06	0.800016630236377	-0.000545662948341177	15.0765588179733	0.350001537957014
10.875	39.75	3.23534301185107e-06	0.800009907932607	-0.000562751695115331	15.006557261383	0.350002102972958
11.125	39.75	4.08420838224971e-06	0.800001587227956	-0.000578588153363802	14.9365562415325	0.350002654735448
11.375	39.75	4.73375451950241e-06	0.799991415518004	-0.00059267782958465	14.8665559203237	0.350003076940438
11.625	39.75	4.91444392303991e-06	0.799979109285494	-0.000604413225514149	14.7965565116096	0.35000319438855
11.875	39.75	4.24923019991537e-06	0.799964351979181	-0.000613048568382385	14.7265582969852	0.35000276199963
12.125	39.75	2.24246354150522e-06	0.79994679209051	-0.000617668776675909	14.656561643723	0.350001457601302
12.375	39.75	-1.71986062611149e-06	0.79992604144397	-0.000617151520623063	14.5865670237787	0.349998882090593
12.625	39.75	-8.35107375460945e-06	0.799901673656739	-0.000610121153457623	14.5165750319532	0.349994571802059
12.875	39.75	-1.84165459546296e-05	0.799873222638572	-0.000594893275835455	14.4465864002099	0.34998802924513
13.125	39.75	-3.2646617315378e-05	0.799840180889186	-0.000569408793158542	14.3766020037907	0.349978779698745
13.375	39.75	-5.15963971241178e-05	0.799801997212338	-0.000531156587157417	14.3066228531811	0.349966462341869
13.625	39.75	-7.54376939245968e-05	0.799758073306207	-0.00047708441596563	14.2366500641683	0.349950965498949
13.875	39.75	-0.000103667652841841	0.799707758518908	-0.000403498462005522	14.1666847963118	0.349932616025653
14.125	39.75	-0.00013471892356642	0.799650341887302	-0.000305953160667061	14.0967281482035	0.349912432699682
14.375	39.75	-0.000165457539255518	0.799585040417802	-0.000179134673441687	14.0267809960659	0.349892452599484
14.625	39.75	-0.000190557229380444	0.799510982439939	-1.67437369733762e-05	13.9568437606899	0.349876137800903
14.875	39.75	-0.000201742555198588	0.799427184778044	0.0001886132556354	13.8869160865847	0.349868867339121
15.125	39.75	-0.000186897819731354	0.799332522467272	0.000445512092157698	13.8169964166493	0.349878516417175
15.375	39.75	-0.00012904377348479	0.799225689806684	0.000763759710567178	13.7470814457665	0.349916121547235
15.625	39.75	-5.18918587171084e-06	0.799105151723876	0.00115438062299056	13.6771654374985	0.349996627029183
15.875	39.75	0.000214931215847345	0.798969084767447	0.00162951037828892	13.6072393894848	0.350139705290301
16.125	39.75	0.000570217688824006	0.798815307600357	0.00220215835938987	13.5372900350819	0.350370641497736
16.375	39.75	0.00110964888022056	0.798641201729836	0.00288579495304885	13.4672986710543	0.350721271772143
16.625	39.75	0.00189379128507599	0.798443624483416	0.00369371189163498	13.3972398034791	0.351230964335299
16.875	39.75	0.00299635965972466	0.798218818073159	0.00463810089907725	13.3270796062586	0.351947633778821
17.125	39.75	0.0045058149726687	0.797962321134857	0.00572879695643076	13.256774188573	0.352928779732235
17.375	39.75	0.00652698691202179	0.797668892555039	0.00697164170181484	13.1862676692647	0.354242541492814
17.625	39.75	0.00918270485344767	0.797332461840215	0.00836644383651927	13.1154900577441	0.355968758154741
17.875	39.75	0.0126154114943317	0.796946125819843	0.00990455194839532	13.0443549430903	0.358200017471316
18.125	39.75	0.0169887133140044	0.796502218058247	0.0115661163507848	12.9727569965154	0.361042663654103
18.375	39.75	0.022488787076417	0.79599248473793	0.0133172052144498	12.9005692986463	0.364617711599671
18.625	39.75	0.0293255063165782	0.795408408377909	0.0151070586619715	12.8276405140473	0.369061579105776
18.875	39.75	0.0377330697553704	0.794741727400185	0.0168659089502174	12.7537919535568	0.374526495340991
19.125	39.75	0.0479697977641125	0.793985203070559	0.018503951288681	12.678814593503	0.381180368546673
19.375	39.75	0.0603166067551702	0.793133681850315	0.0199121882731805	12.6024661636273	0.389205794390861
19.625	39.75	0.0750734720968793	0.792185484293204	0.0209659409175931	12.5244684772123	0.398797756862972
19.875	39.75	0.0925529568621782	0.791144111827298	0.0215317494011343	12.4445052624135	0.410159421960416
20.125	39.75	0.113069651000044	0.790020188441909	0.0214780933436291	12.3622208670547	0.423495273150028
20.375	39.75	0.136924214208597	0.788833436118761	0.0206897735862812	12.2772203500473	0.439000739235588
20.625	39.75	0.164380795502098	0.787614323595555	0.0190849008802571	12.1890716313485	0.456847517076364
20.875	39.75	0.195637139605095	0.786404857379085	0.0166323330639146	12.0973105207253	0.477164140743312
21.125	39.75	0.230787949738758	0.785257870918028	0.0133663575369998	12.0014495266932	0.500012167330193
21.375	39.75	0.269784236383852	0.784234216370423	0.00939485383291056	11.9009912696839	0.525359753649504
21.625	39.75	0.312394305993353	0.783397573523175	0.00489755681049991	11.7954469727816	0.55305629889568
21.875	39.75	0.35817502018414	0.782807185818218	0.00011264613383962	11.6843597813009	0.582813763119691
22.125	39.75	0.406463608194518	0.782509589976117	-0.00468747172410194	11.5673315642129	0.614201345326436
22.375	39.75	0.456398974597951	0.782531045037896	-0.0092273884519633	11.4440505515294	0.646659333488668
22.625	39.75	0.506976096704959	0.782872559150358	-0.0132609743646668	11.3143160532044	0.679534462858223
22.875	39.75	0.557128518846594	0.783508957814758	-0.0165983007091952	11.1780560998443	0.712133537250286
23.125	39.75	0.605825052284069	0.784392413919177	-0.0191222548418605	11.0353345399899	0.743786283984645
23.375	39.75	0.652161536010697	0.78545963029831	-0.0207927195153009	10.8863459293427	0.773904998406953
23.625	39.75	0.69542961287674	0.786640910088054	-0.021639291088729	10.73139896118	0.802029248369881
23.875	39.75	0.735151567419419	0.787869023776743	-0.0217458602644345	10.570891407883	0.827848518822622
24.125	39.75	0.771080089980966	0.789086141762286	-0.0212313960865893	10.4052808458035	0.851202058487628
24.375	39.75	0.80317025158402	0.790247909134913	-0.0202309711640127	10.2350555199547	0.872060663529613
24.625	39.75	0.83153530840784	0.791324622204784	-0.0188798890775255	10.0607087733688	0.890497950465096
24.875	39.75	0.856397908969623	0.792300115404909	-0.0173023144881139	9.88271902782614	0.906658640830255
25.125	39.75	0.878045329461145	0.793169253852963	-0.0156045415542071	9.7015358849199	0.920729464149744
25.375	39.75	0.896793473626515	0.793934894469406	-0.0138722100106412	9.51757186068849	0.932915757857235
25.625	39.75	0.912961001327958	0.794604959636416	-0.0121704115099802	9.33119868142825	0.943424650863173
25.875	39.75	0.926852735642624	0.7951899969313	-0.0105456095867189	9.14274689026983	0.952454278167705
26.125	39.75	0.938750440030678	0.795701365933291	-0.00902847499679536	8.95250760656269	0.960187786019941
26.375	39.75	0.948908838474317	0.796150035209605	-0.007636987577165	8.76073550574251	0.966790745008306
26.625	39.75	0.957555003956662	0.796545888680989	-0.00637939521656252	8.56765234515834	0.972410752571831
26.875	39.75	0.964889676325704	0.796897412265824	-0.00525681169853991	8.37345059315967	0.977178289611707
27.125	39.75	0.971089514020009	0.797211637299682	-0.00426536903174907	8.17829690046768	0.981208184113006
27.375	39.75	0.976309652924832	0.797494238986493	-0.00339792301814798	7.98233528164008	0.984601274401141
27.625	39.75	0.980686217033989	0.797749714326761	-0.00264535559710733	7.78568995792634	0.987446041072093
27.875	39.75	0.984338607558897	0.797981588171223	-0.00199753644899493	7.58846786201782	0.989820094913283
28.125	39.75	0.987371509097606	0.798192615574273	-0.00144400962846465	7.39076083070236	0.991791480913444
28.375	39.75	0.989876613998554	0.798384962977512	-0.000974465913119226	7.19264752180595	0.99341979909906
28.625	39.75	0.991934096319001	0.798560360528208	-0.000579052819235574	6.99419509330971	0.99475716260735
28.875	39.75	0.99361387751037	0.798720224002435	-0.000248564635828366	6.79546067941029	0.995849020381741
29.125	39.75	0.994976725833665	0.798865748343741	2.54541745965801e-05	6.59649269322643	0.996734871791882
29.375	39.75	0.996075226052864	0.798997976586045	0.000250666624697193	6.39733198042227	0.997448896934361
29.625	39.75	0.996954648519225	0.799117848541424	0.00043394267464363	6.19801284305487	0.998020521537496
29.875	39.75	0.997653739199098	0.79922623357665	0.000581386328944171	5.99856394883417	0.998474930479414
30.125	39.75	0.998205445520095	0.799323951370156	0.000698380033909996	5.79900913779879	0.998833539588062
30.375	39.75	0.998637587479503	0.799411783960789	0.000789638984989836	5.59936813609978	0.999114431861677
30.625	39.75	0.998973479409167	0.799490481774563	0.000859270141573739	5.39965718500823	0.999332761615958
30.875	39.75	0.999232505012856	0.79956076572815	0.000910832361413787	5.19988959225625	0.999501128258357
31.125	39.75	0.999430646615517	0.799623326988	0.000947395246685208	5.00007621222149	0.999629920300086
31.375	39.75	0.999580968767145	0.799678825526361	0.000971595148265816	4.80022586112839	0.999727629698644
31.625	39.75	0.99969405619575	0.799727888260435	0.000985687388057749	4.60034567324734	0.999801136527238
31.875	39.75	0.999778406380618	0.799771107283417	0.000991594195222243	4.40044140393807	0.999855964147402
32.125	39.75	0.999840777522685	0.799809038488422	0.000990948159498085	4.20051768524701	0.999896505389745
32.375	39.75	0.999886493277424	0.799842200740209	0.000985131219683369	4.00057823959626	0.999926220630326
32.625	39.75	0.999919706215467	0.799871075656262	0.000975309354033535	3.80062605687729	0.999947809040053
32.875	39.75	0.999943622600206	0.799896108003906	0.000962463237099366	3.60066353997398	0.999963354690134
33.125	39.75	0.999960691783672	0.799917706682393	0.000947415179559858	3.40069262337416	0.999974449659387
33.375	39.75	0.999972764330513	0.799936246209584	0.000930852672137813	3.20071486906919	0.999982296814834
33.625	39.75	0.999981223670709	0.799952068549622	0.000913348812127189	3.00073154338575	0.99998779538596
33.875	39.75	0.999987096082119	0.799965485010119	0.000895379822122902	2.80074367779316	0.999991612453377
34.125	39.75	0.999991142285197	0.799976777876819	0.000877339832354556	2.6007521162252	0.999994242485378
34.375	39.75	0.999993930388255	0.799986201582968	0.00085955318212335	2.40075755127779	0.999996054752366
34.625	39.75	0.999995885282556	0.79999398367813	0.000842284780964312	2.20076055199458	0.999997325433661
34.875	39.75	0.999997307382	0.80000032665553	0.000825749514254485	2.00076158674643	0.9999982497983
35.125	39.75	0.999998359889869	0.800005412409397	0.000810121984754828	1.8007610452367	0.999998933928415
35.375	39.75	0.999999043999614	0.800009410778504	0.000795547453601005	1.60075926246649	0.999999378599749
35.625	39.75	0.999999213146962	0.800012491083487	0.000782153015122459	1.40075654291863	0.999999488545526
35.875	39.75	0.999998700961279	0.800014830320607	0.000770054742615346	1.20075317505044	0.999999155624831
36.125	39.75	0.999997612427287	0.800016605703526	0.000759353314727168	1.0007494181137	0.999998448077737
36.375	39.75	0.999996707781912	0.800017958403423	0.000750111307088484	0.800745444673084	0.999997860058243
36.625	39.75	0.999997587084665	0.800018928532749	0.000742315128059594	0.600741245740323	0.999998431605032
36.875	39.75	1.00000216161633	0.800019393271982	0.000735846163919839	0.400736557810593	1.00000140505062
37.125	39.75	1.00001093433266	0.800016354097215	0.000730512809215353	0.200730936373825	1.00000710731623
37.375	39.75	1.0000202607277	0.400024869168242	0.000726770754097773	0.000725492999356868	1.000013169473
0.125	40.25	-3.78184095950551e-12	0.40000000568295	-0.00013265051737944	18.0166536807772	0.349999999997542
0.375	40.25	-5.73809753708528e-12	0.800000017682066	-0.000133022044098086	17.9466536797716	0.34999999999627
0.625	40.25	-7.54288677935522e-12	0.800000031569792	-0.000133766047825479	17.8766536776497	0.349999999995097
0.875	40.25	-6.5872737902182e-12	0.800000048592556	-0.000134884427307987	17.8066536741912	0.349999999995718
1.125	40.25	1.91615247961248e-13	0.800000069978241	-0.000136380026304735	17.736653669067	0.350000000000125
1.375	40.25	1.55405123228166e-11	0.800000096926761	-0.000138256627805597	17.6666536618411	0.350000000010101
1.625	40.25	4.04836269003579e-11	0.800000130600213	-0.000140518946012704	17.5966536519736	0.350000000026314
1.875	40.25	7.25087186042301e-11	0.80000017211112	-0.000143172615567626	17.526653638825	0.350000000047131
2.125	40.25	1.03800335631311e-10	0.800000222508681	-0.000146224177283325	17.4566536216614	0.35000000006747
2.375	40.25	1.20197562214502e-10	0.800000282762345	-0.000149681059796115	17.3866535996615	0.350000000078128
2.625	40.25	1.01683914953125e-10	0.800000353742232	-0.000153551556410319	17.3166535719254	0.350000000066095
2.875	40.25	2.51815516641368e-11	0.800000436195623	-0.000157844795637704	17.246653537485	0.350000000016368
3.125	40.25	-1.29817003795584e-10	0.800000530718952	-0.000162570704693632	17.1766534953155	0.349999999915619
3.375	40.25	-3.72690957700541e-10	0.800000637724557	-0.000167739963948478	17.1066534443495	0.349999999757751
3.625	40.25	-6.90762767630806e-10	0.800000757401401	-0.000173363950862064	17.0366533834926	0.349999999551004
3.875	40.25	-1.03741398551177e-09	0.80000088966848	-0.000179454671097808	16.9666533116412	0.349999999325681
4.125	40.25	-1.32175582375573e-09	0.800001034120603	-0.000186024674135527	16.8966532277028	0.349999999140859
4.375	40.25	-1.40364223243555e-09	0.800001189965269	-0.000193086950798009	16.8266531306209	0.349999999087633
4.625	40.25	-1.09902819961083e-09	0.800001355949916	-0.000200654808705833	16.7566530194055	0.349999999285632
4.875	40.25	-2.01328398000769e-10	0.800001530279044	-0.000208741721835138	16.6866528931713	0.349999999869136
5.125	40.25	1.47616130313865e-09	0.800001710520663	-0.000217361149119734	16.6166527511887	0.350000000959505
5.375	40.25	4.03418861387352e-09	0.800001893501976	-0.000226526316482379	16.5466525929496	0.350000002622223
5.625	40.25	7.3998835925655e-09	0.800002075193763	-0.000236249955614151	16.4766524182534	0.350000004809924
5.875	40.25	1.1226242132195e-08	0.800002250582949	-0.000246543991721847	16.4066522273159	0.350000007297057
6.125	40.25	1.47954798404465e-08	0.800002413532467	-0.000257419170973301	16.3366520209041	0.350000009617062
6.375	40.25	1.69512285396059e-08	0.800002556627477	-0.000268884616862165	16.2666518004944	0.350000011018299
6.625	40.25	1.60916429598592e-08	0.800002671006636	-0.000280947302474438	16.1966515684519	0.350000010459568
6.875	40.25	1.02597976156955e-08	0.800002746176456	-0.000293611423358246	16.1266513282205	0.350000006668868
7.125	40.25	-2.63243693465624e-09	0.800002769807799	-0.000306877652795317	16.0566510845101	0.349999998288916
7.375	40.25	-2.44171621457113e-08	0.800002727513552	-0.00032074225750556	15.9866508434652	0.349999984128845
7.625	40.25	-5.61037415758322e-08	0.800002602606799	-0.000335196048164502	15.91665061279	0.349999963532568
7.875	40.25	-9.71385513341867e-08	0.800002375841677	-0.000350223133742827	15.8466504018113	0.349999936859942
8.125	40.25	-1.44527835731533e-07	0.800002025139935	-0.000365799443272691	15.7766502214575	0.349999906056907
8.375	40.25	-1.91899488585475e-07	0.800001525309641	-0.000381890971460445	15.7066500841407	0.349999875265332
8.625	40.25	-2.28626583181646e-07	0.800000847766165	-0.000398451696260357	15.636650003541	0.349999851392721
8.875	40.25	-2.39189202865844e-07	0.799999960270062	-0.000415421105937302	15.5666499943099	0.349999844527018
9.125	40.25	-2.0300986629771e-07	0.799998826702925	-0.000432721259937688	15.4966500717343	0.349999868043587
9.375	40.25	-9.50588289495687e-08	0.799997406911106	-0.000450253291017573	15.426650251436	0.349999938211761
9.625	40.25	1.12415871831051e-07	0.799995656657758	-0.000467893233663257	15.3566505492212	0.350000073070317
9.875	40.25	4.46630337054848e-07	0.799993527740585	-0.000485487035291563	15.2866509812379	0.350000290309719
10.125	40.25	9.29049557677314e-07	0.799990968353581	-0.000502844569057118	15.2166515646517	0.350000603882212
10.375	40.25	1.56780129462594e-06	0.799987923798658	-0.000519732418525567	15.1466523190963	0.350001019070841
10.625	40.25	2.34738833543954e-06	0.799984337690876	-0.000535865143911336	15.0766532691967	0.350001525802418
10.875	40.25	3.21555305504935e-06	0.799980153845196	-0.000550894662761004	15.006654448484	0.350002090109486
11.125	40.25	4.06747572146886e-06	0.799975319087718	-0.00056439728675042	14.9366559050033	0.350002643859219
11.375	40.25	4.7280032378879e-06	0.799969787296702	-0.000575857848238881	14.8666577088441	0.350003073202105
11.625	40.25	4.93335118471671e-06	0.79996352504857	-0.000584650228823276	14.7966599616615	0.35000320667827
11.875	40.25	4.31473259123486e-06	0.799956519316545	-0.000590013472035854	14.7266628079746	0.350002804576184
12.125	40.25	2.38765553610521e-06	0.799948787742506	-0.000591022531723052	14.6566664475947	0.350001551976099
12.375	40.25	-1.44781873926744e-06	0.79994039207088	-0.000586552591155249	14.5866711479073	0.349999058917819
12.625	40.25	-7.88881375204535e-06	0.799931455391264	-0.000575235804977845	14.5166772538797	0.349994872271061
12.875	40.25	-1.76844826658455e-05	0.799922183878235	-0.000555409295258139	14.4466851925756	0.349988505086267
13.125	40.25	-3.15532926119159e-05	0.799912893738185	-0.00052505331084355	14.3766954676175	0.349979490359802
13.375	40.25	-5.00505788657564e-05	0.799904044063428	-0.00048171868451685	14.3067086374838	0.349967467123737
13.625	40.25	-7.33732173814895e-05	0.799896276248817	-0.000422443155266798	14.2367252697958	0.349952307408702
13.875	40.25	-0.000101088056195375	0.799890460530234	-0.000343656836659979	14.1667458619522	0.349934292763473
14.125	40.25	-0.000131771541714127	0.799887750041021	-0.00024107819572623	14.0967707166958	0.349914348497886
14.375	40.25	-0.000162549938430952	0.799889642525726	-0.000109603460420554	14.0267997596326	0.34989434254002
14.625	40.25	-0.000188532723221626	0.799898049460228	5.68054891813657e-05	13.9568322844975	0.349877453729906
14.875	40.25	-0.000202136041003711	0.799915371752864	0.000265226851315308	13.8868666112727	0.349868611573348
15.125	40.25	-0.000192298263633681	0.799944580369856	0.000523866706525799	13.8168996422298	0.349875006128638
15.375	40.25	-0.000143595245160423	0.799989299058639	0.000842112790037596	13.7469263017132	0.349906663090646
15.625	40.25	-3.52682088603213e-05	0.800053884736245	0.0012305326325854	13.6769388470201	0.349977075664241
15.875	40.25	0.00015981835937255	0.800143498972997	0.00170078810420093	13.6069260400371	0.350103881933592
16.125	40.25	0.000476268586867399	0.800264161257799	0.0022654313882389	13.5368721722118	0.350309574581464
16.375	40.25	0.000957275931240311	0.800422771351079	0.00293754024896382	13.4667559387709	0.350622229355306
16.625	40.25	0.00165575355258606	0.800627084077296	0.00373014398449627	13.3965491615627	0.351076239809181
16.875	40.25	0.00263545927139299	0.800885615589272	0.00465538702953063	13.3262153632295	0.351713048526405
17.125	40.25	0.0039721060230865	0.801207455884505	0.00572337679187907	13.2557081983449	0.352581868915006
17.375	40.25	0.00575445560462461	0.801601958919654	0.00694066876525161	13.1849697495364	0.353740396143006
17.625	40.25	0.00808539995088784	0.802078280225294	0.00830835891636065	13.1139286984188	0.355255509968077
17.875	40.25	0.0110830385576215	0.802644734164799	0.00981978526967301	13.0424983825402	0.357203975062454
18.125	40.25	0.0148817611939624	0.803307951166417	0.0114578924668964	12.9705747507712	0.359673144776076
18.375	40.25	0.0196333397570293	0.804071832121759	0.013192389553578	12.898034231094	0.362761670842069
18.625	40.25	0.0255080195925552	0.804936325540568	0.0149769353529446	12.8247315270864	0.366580212735161
18.875	40.25	0.0326955751973843	0.805896095148244	0.0167467165791806	12.7504973632217	0.3712521238783
19.125	40.25	0.0414062516448623	0.806939201474644	0.0184169331292118	12.6751362053474	0.37691406356916
19.375	40.25	0.0518714403333602	0.80804598646968	0.0198828531524103	12.5984239930837	0.383716436216684
19.625	40.25	0.0643438179001422	0.809188414474533	0.0210222118886267	12.5201059386872	0.391823481635092
19.875	40.25	0.0790964851531241	0.810330166511383	0.021700747523602	12.4398944784401	0.401412715349531
20.125	40.25	0.0964203507250003	0.811427780092912	0.0217815191697371	12.3574675185477	0.41267322797125
20.375	40.25	0.116618596710628	0.812433042721886	0.0211382495637763	12.2724672136797	0.425802087861908
20.625	40.25	0.139996571359082	0.813296661964187	0.0196722037879067	12.1844996712583	0.440997771383403
20.875	40.25	0.166845005845272	0.8139729534736	0.0173310427059531	12.093136201327	0.458449253799427
21.125	40.25	0.197414335207499	0.814424960311115	0.0141268009464929	11.9979170197167	0.478319317884874
21.375	40.25	0.2318785865544	0.814629140074865	0.0101489755066261	11.8983586002439	0.50072108126036
21.625	40.25	0.270289337548899	0.814578650927691	0.00556824302753037	11.7939660220413	0.525688069406784
21.875	40.25	0.312523984831984	0.814284421046224	0.000627197225975859	11.6842514548376	0.553140590140789
22.125	40.25	0.358237592495112	0.813773596774619	-0.00438293878984902	11.5687591327208	0.582854435121823
22.375	40.25	0.406832256496581	0.813085531451149	-0.0091568193345639	11.4470956725332	0.614440966722777
22.625	40.25	0.457459364283991	0.812266048952181	-0.0134140729343747	11.3189625948734	0.647348586784594
22.875	40.25	0.509065510865257	0.811361156102969	-0.0169343172456432	11.1841860246134	0.680892582062417
23.125	40.25	0.560481583672155	0.81041156633795	-0.0195803334535778	11.0427376894775	0.714313029386901
23.375	40.25	0.61054011875068	0.809449215792639	-0.0213052628563316	10.8947422443589	0.746851077187942
23.625	40.25	0.658195121286338	0.808496356667906	-0.0221444101671457	10.7404686697187	0.77782682883612
23.875	40.25	0.702617071121409	0.807566965821793	-0.0221960723634857	10.5803071547404	0.806701096228916
24.125	40.25	0.743244762813956	0.806669487435171	-0.0215975071616349	10.4147360798236	0.833109095829072
24.375	40.25	0.779790169078614	0.805809690335448	-0.0205016590353638	10.244285298935	0.856863609901099
24.625	40.25	0.812205586713217	0.804992719889988	-0.0190583994502754	10.0695015670702	0.877933631363591
24.875	40.25	0.840629098617921	0.804224003264538	-0.0174018570028073	9.89092019486764	0.896408914101649
25.125	40.25	0.865324295746444	0.803509182723905	-0.0156436671979525	9.70904477070529	0.912460792235188
25.375	40.25	0.886625763601275	0.802853507621292	-0.0138709594238872	9.52433486807642	0.926306746340828
25.625	40.25	0.904896232215736	0.802261114654993	-0.0121475618488622	9.33720044599885	0.938182550940228
25.875	40.25	0.920496690917692	0.801734482159565	-0.0105170180753116	9.14800116365308	0.9483228490965
26.125	40.25	0.933767969192946	0.801274175622955	-0.0090063350221379	8.95704886655209	0.956949179975415
26.375	40.25	0.945021114372523	0.800878876151796	-0.00762974741166045	8.76461181535016	0.96426372434214
26.625	40.25	0.954533806983621	0.800545618337074	-0.00639209708311119	8.57091962659418	0.970446974539354
26.875	40.25	0.962550504250554	0.800270147059491	-0.00529165255428795	8.37616826230874	0.97565782776286
27.125	40.25	0.969284613890202	0.800047314086563	-0.00432233860044284	8.18052469318188	0.980034999028631
27.375	40.25	0.974921569379491	0.799871457781769	-0.00347542495024927	7.9841310608383	0.983699020096669
27.625	40.25	0.979622123928565	0.799736732242705	-0.00274075803796362	7.78710829107102	0.986754380553567
27.875	40.25	0.983525493534782	0.799637370759308	-0.00210762753160825	7.58955918104942	0.989291570797609
28.125	40.25	0.986752180855144	0.799567881351084	-0.00156535272479351	7.39157101752405	0.991388917555843
28.375	40.25	0.989406430590894	0.799523179882172	-0.00110366102062899	7.19321779420768	0.993114179884081
28.625	40.25	0.99157833051354	0.799498670108058	-0.000712916420523015	6.99456209494881	0.994525914833801
28.875	40.25	0.993345600965449	0.799490281250356	-0.000384242613622338	6.7956567016271	0.995674640627542
29.125	40.25	0.994775124192878	0.799494473365763	-0.000109573972027891	6.59654597587437	0.996603830725371
29.375	40.25	0.995924262699621	0.799508219619437	0.000118341279071515	6.39726705397061	0.997350770754753
29.625	40.25	0.996842008768888	0.799528973082033	0.000305968395960064	6.19785088566139	0.997947305699777
29.875	40.25	0.997569998755947	0.799554624137039	0.000459031825696133	5.99832314059612	0.998420499191366
30.125	40.25	0.998143417512828	0.799583453170315	0.000582570949665063	5.79870500062031	0.998793221383338
30.375	40.25	0.998591811230418	0.79961408198827	0.000681000238034851	5.59901385210433	0.999084677299772
30.625	40.25	0.998939821377634	0.799645426397012	0.000758170111204929	5.39926388961068	0.999310883895462
30.875	40.25	0.999207848285593	0.799676651562862	0.000817426142189106	5.19946664022904	0.999485101385635
31.125	40.25	0.99941265010606	0.799707131144275	0.000861665155507523	4.99963141660126	0.999618222568939
31.375	40.25	0.999567881135816	0.799736410709131	0.00089338740547053	4.79976570580705	0.999719122738281
31.625	40.25	0.999684572586159	0.79976417560269	0.00091474443852653	4.59987550071931	0.999794972181004
31.875	40.25	0.999771558540598	0.799790223186425	0.000927582524006022	4.39996558003964	0.999851513051388
32.125	40.25	0.99983584986362	0.799814439205361	0.000933481721152445	4.20003974290158	0.999893302411353
32.375	40.25	0.999882959029198	0.799836777946228	0.000933790769919479	4.00010100362694	0.999923923368979
32.625	40.25	0.999917179129518	0.799857245805237	0.000929658070075787	3.80015175190504	0.999946166434187
32.875	40.25	0.999941820680676	0.799875887877549	0.000922059059032582	3.60019388331681	0.999962183442439
33.125	40.25	0.99995941029141	0.799892777189652	0.00091182031444343	3.40022890472549	0.999973616689417
33.375	40.25	0.999971855797318	0.799908006196015	0.000899640687484525	3.20025801858939	0.999981706268257
33.625	40.25	0.999980582909814	0.799921680132953	0.000886109714643181	3.00028218971356	0.999987378891379
33.875	40.25	0.999986648329188	0.799933911771599	0.000871723477855828	2.80030219738922	0.999991321413972
34.125	40.25	0.999990832963696	0.799944817095012	0.000856898040592326	2.60031867538269	0.999994041426403
34.375	40.25	0.999993715974943	0.799954511554772	0.000841980671800812	2.40033214201548	0.999995915383713
34.625	40.25	0.999995726565588	0.79996310695956	0.000827259358296806	2.20034302278411	0.999997222267632
34.875	40.25	0.9999971685392	0.799970709704775	0.000812971556457547	2.00035166853842	0.99999815955048
35.125	40.25	0.999998217514429	0.799977421644602	0.000799313446985467	1.80035837260573	0.999998841384379
35.375	40.25	0.999998906618905	0.799983344682428	0.00078645053110316	1.60036338926052	0.999999289302288
35.625	40.25	0.999999141612413	0.799988588147642	0.00077452857248793	1.40036695227534	0.999999442048069
35.875	40.25	0.999998805095365	0.79999327385961	0.000763680580003946	1.20036928577202	0.999999223311987
36.125	40.25	0.999997989560256	0.79999752901542	0.000754022287760621	1.00037059314786	0.999998693214166
36.375	40.25	0.999997303777857	0.800001456342717	0.000745629271226366	0.800371010890058	0.999998247455607
36.625	40.25	0.999998020934936	0.800005081444429	0.000738498675367165	0.600370532763774	0.999998713607708
36.875	40.25	1.00000166062174	0.80000830293739	0.000732520194348454	0.400368951435334	1.00000107940413
37.125	40.25	1.0000086253317	0.800008744774402	0.000727508100410079	0.200365916270288	1.00000560646561
37.375	40.25	1.00001602778787	0.40001831316206	0.000723922352540408	0.000362307363980668	1.00001041806211
0.125	40.75	-3.77934252331036e-12	0.399999632895007	-0.000131927676804663	18.0166768975251	0.349999999997543
0.375	40.75	-5.75163912754498e-12	0.79999889837508	-0.000132299839745674	17.9466769617583	0.349999999996261
0.625	40.75	-7.59135633275979e-12	0.79999816291659	-0.000133045105786829	17.8766770902791	0.349999999995066
0.875	40.75	-6.68728414156675e-12	0.79999742588816	-0.000134165353150533	17.8066772831968	0.349999999995653
1.125	40.75	3.61956293540238e-14	0.799996686650987	-0.000135663393298834	17.736677540676	0.350000000000024
1.375	40.75	1.53525319441373e-11	0.799995944554865	-0.000137542963806573	17.6666778629371	0.350000000009979
1.625	40.75	4.03260583660967e-11	0.799995198933824	-0.000139808718217287	17.5966782502577	0.350000000026212
1.875	40.75	7.24908838903121e-11	0.799994449101799	-0.000142466212507162	17.5266787029745	0.350000000047119
2.125	40.75	1.04069060135653e-10	0.799993694347431	-0.00014552188749213	17.4566792214858	0.350000000067645
2.375	40.75	1.20907387776491e-10	0.799992933927491	-0.000148983046562032	17.3866798062547	0.35000000007859
2.625	40.75	1.02946984556688e-10	0.799992167059516	-0.000152857827675994	17.3166804578132	0.350000000066916
2.875	40.75	2.7006831786735e-11	0.799991392913079	-0.000157155168659493	17.2466811767667	0.350000000017554
3.125	40.75	-1.27579730756488e-10	0.799990610599216	-0.000161884764369084	17.1766819637984	0.349999999917073
3.375	40.75	-3.70390553459266e-10	0.79998981915793	-0.000167057014097084	17.1066828196747	0.349999999759246
3.625	40.75	-6.88969821503769e-10	0.799989017544253	-0.000172682957601694	17.0366837452493	0.34999999955217
3.875	40.75	-1.03693578211408e-09	0.799988204611174	-0.000178774197254059	16.9666847414681	0.349999999325992
4.125	40.75	-1.32363959706269e-09	0.799987379091341	-0.000185342804139104	16.8966858093736	0.349999999139634
4.375	40.75	-1.40912625794162e-09	0.799986539575508	-0.000192401204868749	16.8266869501097	0.349999999084068
4.625	40.75	-1.10935670748602e-09	0.799985684490091	-0.000199962045622362	16.7566881649292	0.349999999278918
4.875	40.75	-2.17335222050901e-10	0.799984812072565	-0.000208038029702914	16.6866894552037	0.349999999858732
5.125	40.75	1.45473875103047e-09	0.799983920347723	-0.000216641723407241	16.6166908224404	0.35000000094558
5.375	40.75	4.00958215180676e-09	0.799983007104897	-0.00022578532514416	16.5466922683077	0.350000002606228
5.625	40.75	7.37713329257017e-09	0.799982069878994	-0.000235480391496255	16.4766937946731	0.350000004795137
5.875	40.75	1.12136845219249e-08	0.799981105936411	-0.000245737512897946	16.4066954036545	0.350000007288895
6.125	40.75	1.48045401686125e-08	0.799980112269113	-0.000256565930600108	16.336697097687	0.350000009622951
6.375	40.75	1.69952069144472e-08	0.799979085598007	-0.000267973085074044	16.2666988796009	0.350000011046884
6.625	40.75	1.61832690128951e-08	0.799978022388837	-0.000279964084614	16.1967007527053	0.350000010519125
6.875	40.75	1.04074587381707e-08	0.799976918884171	-0.000292541080456795	16.1267027208655	0.350000006764848
7.125	40.75	-2.42971277298986e-09	0.799975771154868	-0.000305702532876116	16.056704788558	0.349999998420687
7.375	40.75	-2.4175674207142e-08	0.799974575177608	-0.000319442349840675	15.9867069608811	0.349999984285812
7.625	40.75	-5.58615093838551e-08	0.799973326945638	-0.00033374887618235	15.9167092434957	0.349999963690019
7.875	40.75	-9.69613876789736e-08	0.799972022624019	-0.000348603708331548	15.8467116424692	0.349999936975098
8.125	40.75	-1.44514161835933e-07	0.799970658764193	-0.0003639803043242	15.7767141639968	0.349999906065795
8.375	40.75	-1.92182766904394e-07	0.799969232598183	-0.00037984235429294	15.7067168139798	0.349999875081201
8.625	40.75	-2.29373971099799e-07	0.799967742438937	-0.000396141869931645	15.6367195974501	0.349999850906919
8.875	40.75	-2.40594479441404e-07	0.799966188222937	-0.000412816944400587	15.5667225178498	0.349999843613588
9.125	40.75	-2.05277535941746e-07	0.799964572241451	-0.00042978912410547	15.4967255761941	0.349999866569602
9.375	40.75	-9.83741175008381e-08	0.799962900122766	-0.00044696032232358	15.4267287701771	0.349999936056824
9.625	40.75	1.07940168783323e-07	0.799961182146611	-0.000464209188713221	15.3567320933164	0.35000007016111
9.875	40.75	4.41045024102228e-07	0.799959434999382	-0.000481386828674749	15.2867355342733	0.350000286679266
10.125	40.75	9.22721301346661e-07	0.799957684114064	-0.000498311739985844	15.2167390765272	0.350000599768846
10.375	40.75	1.56165941320261e-06	0.799955966784786	-0.000514763799884356	15.1467426986261	0.350001015078619
10.625	40.75	2.34331091640166e-06	0.799954336306461	-0.000530477092175319	15.0767463752637	0.350001523152096
10.875	40.75	3.21694687432611e-06	0.7999528674648	-0.000545131309517524	15.006750079444	0.350002091015468
11.125	40.75	4.08010746489796e-06	0.799951663794976	-0.000558341400339283	14.936753785962	0.350002652069852
11.375	40.75	4.76112778354579e-06	0.799950867137689	-0.000569645052180237	14.8667574763407	0.350003094733059
11.625	40.75	5.00114390499745e-06	0.799950670151091	-0.000578487516767786	14.7967611451828	0.350003250743538
11.875	40.75	4.43794922921997e-06	0.799951332582237	-0.00058420318926662	14.7267648075958	0.350002884666999
12.125	40.75	2.59529131541726e-06	0.799953202264867	-0.000585993262715379	14.6567685068939	0.350001686939355
12.375	40.75	-1.11735070136153e-06	0.799956741982918	-0.000582898699341043	14.5867723211327	0.349999273722044
12.625	40.75	-7.3878551922872e-06	0.799962563520197	-0.000573767707767674	14.5167763661711	0.349995197894125
12.875	40.75	-1.69591016355001e-05	0.799971470398499	-0.000557216910875208	14.4467807918564	0.349988976583937
13.125	40.75	-3.05513205047427e-05	0.799984510979541	-0.000531585459708383	14.3767857666053	0.349980141641672
13.375	40.75	-4.87381039326912e-05	0.800003043757853	-0.000494881529166485	14.3067914441258	0.349968320232444
13.625	40.75	-7.17644216503781e-05	0.800028816783309	-0.000444720963090364	14.23679790436	0.349953353125927
13.875	40.75	-9.9295218826525e-05	0.800064063192475	-0.000378258372212251	14.1668050590224	0.349935458107763
14.125	40.75	-0.000130084472014719	0.80011161475618	-0.00029211178559889	14.0968125104914	0.34991544509319
14.375	40.75	-0.000161557098732204	0.800175035100595	-0.000182283086525977	14.0268193514403	0.349894987885824
14.625	40.75	-0.000189299887879354	0.800258773742507	-4.40780000291503e-05	13.9568238916556	0.349876955072878
14.875	40.75	-0.00020646251352225	0.80036834117581	0.000127968576874771	13.8868232981485	0.349865799366211
15.125	40.75	-0.000203075393898472	0.800510503793837	0.000340153524114893	13.816813135091	0.349868000993966
15.375	40.75	-0.000165297144764131	0.800693495242459	0.000599641136674801	13.7467867914007	0.349892556855903
15.625	40.75	-7.46099617627746e-05	0.800927237644338	0.000914457998572313	13.6767347860053	0.349951503524854
15.875	40.75	9.30143541539977e-05	0.801223561782395	0.00129342716200048	13.6066439439018	0.3500604593302
16.125	40.75	0.000367952671855258	0.801596409563715	0.00174601675530828	13.5364964399336	0.350239169236706
16.375	40.75	0.000787748488622919	0.802061994759853	0.0022820730391985	13.4662687115312	0.350512036517605
16.625	40.75	0.00139788872045998	0.802638889139961	0.00291140321588417	13.3959302461809	0.350908627668299
16.875	40.75	0.00225252581306572	0.803347990931161	0.00364316984573654	13.3254422537661	0.351464141778493
17.125	40.75	0.00341514248464238	0.804212321702222	0.00448505783189846	13.254756237813	0.352219842615018
17.375	40.75	0.00495917029859159	0.805256587446457	0.00544217839426007	13.1838124827347	0.353223460694085
17.625	40.75	0.00696858956458996	0.806506431737919	0.00651568463046051	13.1125384761206	0.354529583216983
17.875	40.75	0.00953855603231087	0.807987306090565	0.00770109305782762	13.0408472856996	0.356200061421002
18.125	40.75	0.0127761187365424	0.809722888720565	0.00898633826188271	12.9686359095336	0.358304477178753
18.375	40.75	0.0168011123931074	0.811733002247346	0.0103496368214446	12.8957836149079	0.36092072305552
18.625	40.75	0.0217473256518518	0.814031018293346	0.0117573048459323	12.8221502757554	0.364135761673704
18.875	40.75	0.0277640603438831	0.816620796786346	0.0131617619335067	12.7475747096474	0.368046639223524
19.125	40.75	0.035018199764065	0.819493292442591	0.0145000611162053	12.6718730029377	0.372761829846642
19.375	40.75	0.0436968816537845	0.822623068926977	0.0156934018530461	12.5948367969837	0.37840297307496
19.625	40.75	0.0540107973094606	0.825965084900908	0.0166481950238943	12.5162314922637	0.385107018251149
19.875	40.75	0.0661979688344407	0.829452239852305	0.017259325555349	12.4357943181546	0.393028679742386
20.125	40.75	0.0805275312929365	0.832994266826946	0.0174162513964148	12.3532322294172	0.402342895340409
20.375	40.75	0.0973024974602498	0.836478602520527	0.0170124152892051	12.2682196519372	0.413246623349162
20.625	40.75	0.116859666108202	0.839773818608031	0.0159580355051912	12.1803962465553	0.425958782970332
20.875	40.75	0.139563794195081	0.842736031070906	0.0141955930090844	12.0893651309679	0.440716466226802
21.125	40.75	0.16579211903257	0.845218394559361	0.0117162198175045	11.9946924194065	0.457764877371171
21.375	40.75	0.195904812668901	0.847083325357177	0.0085738667798986	11.8959094789398	0.477338128234786
21.625	40.75	0.230197833794893	0.848216483002121	0.00489303453114366	11.7925198299184	0.49962859196668
21.875	40.75	0.268837922393001	0.848540816303219	0.000865736417295149	11.6840128700253	0.524744649555451
22.125	40.75	0.311785759558891	0.84802827392752	-0.00326500599379874	11.5698861974876	0.552660743713279
22.375	40.75	0.358721824215653	0.846706383675898	-0.0072342760255065	11.4496768955015	0.583169185740174
22.625	40.75	0.408997193998213	0.844657258095957	-0.0107916369007445	11.3229996545873	0.615848176098838
22.875	40.75	0.461633406123638	0.842008045585907	-0.0137360773256503	11.1895865723328	0.650061713980364
23.125	40.75	0.515386888595693	0.838914254200557	-0.0159406448221539	11.0493210501445	0.6850014775872
23.375	40.75	0.568874358916982	0.835539781416209	-0.0173612845244223	10.9022578121453	0.719768333296038
23.625	40.75	0.620733164648269	0.832038551466156	-0.0180297470794424	10.7486235033272	0.753476557021375
23.875	40.75	0.669776435269814	0.828541666400119	-0.018035083829628	10.5887970312038	0.785354682925379
24.125	40.75	0.715105348869737	0.825151500658655	-0.0175003456378101	10.4232739545639	0.814818476765329
24.375	40.75	0.75615819911056	0.821941687493484	-0.016560475891565	10.2526226763874	0.841502829421864
24.625	40.75	0.792698199533223	0.818960658210464	-0.015345157112321	10.0774408159187	0.865253829696595
24.875	40.75	0.824758223556879	0.816236473789522	-0.0139679081217508	9.89831824221475	0.886092845311972
25.125	40.75	0.852566029026248	0.81378151073465	-0.0125209200143816	9.7158101545607	0.904167918867061
25.375	40.75	0.876469791430558	0.811596417108673	-0.0110742100537162	9.53042066277638	0.919705364429863
25.625	40.75	0.896875959661971	0.809673283328807	-0.00967749177629042	9.34259535300222	0.932969373780281
25.875	40.75	0.914203910782182	0.807998169824444	-0.00836339939665573	9.15272046214098	0.944232542008418
26.125	40.75	0.928856746393089	0.806553142254426	-0.00715109821763079	8.96112625722074	0.953756885155508
26.375	40.75	0.941205060889959	0.80531791449158	-0.00604969460792765	8.7680926426662	0.961783289578473
26.625	40.75	0.951579904167489	0.804271156102379	-0.0050611558757367	8.57385558733761	0.968526937708868
26.875	40.75	0.960271589013296	0.803391500671508	-0.00418264830406802	8.37861348905014	0.974176532858642
27.125	40.75	0.967531801565638	0.802658287791352	-0.00340831594386963	8.18253300009727	0.978895671017665
27.375	40.75	0.973577287320379	0.802052074737012	-0.00273057740977846	7.98575411327529	0.982825236758247
27.625	40.75	0.978594045388077	0.801554956979757	-0.00214103515279074	7.78839447556696	0.98608612950225
27.875	40.75	0.982741435943584	0.801150737009629	-0.00163108834120743	7.59055298606871	0.98878193336333
28.125	40.75	0.98615591373302	0.8008249782934	-0.00119232773350885	7.39231277334587	0.991001343926463
28.375	40.75	0.988954285259253	0.800564976536506	-0.00081677539303164	7.19374365606446	0.992820285418514
28.625	40.75	0.991236488318277	0.800359674860163	-0.000497017240140692	6.99490418371894	0.99430371740688
28.875	40.75	0.993087940886068	0.800199543919844	-0.000226263765517277	6.79584334045864	0.995507161575944
29.125	40.75	0.994581523758508	0.800076442916837	1.63586474517298e-06	6.59660197952873	0.99647799044303
29.375	40.75	0.995779262053609	0.79998347314286	0.000192208750133794	6.39721404133883	0.997256520334846
29.625	40.75	0.996733763423209	0.799914832212695	0.000350390305948552	6.19770759581124	0.997876946225086
29.875	40.75	0.997489460666029	0.799865674420408	0.000480565497128346	5.99810573975245	0.998368149432919
30.125	40.75	0.998083696093482	0.799831980608422	0.000586614122878358	5.79842737240653	0.998754402460763
30.375	40.75	0.998547675836667	0.799810439430184	0.00067195692238299	5.59868786676179	0.999055989293833
30.625	40.75	0.998907314790187	0.799798340814131	0.000739600542710156	5.3988996502043	0.999289754613621
30.875	40.75	0.999183987154215	0.799793481691626	0.000792180242062114	5.19907270536616	0.999469591650239
31.125	40.75	0.99939519339776	0.799794083554832	0.000831999734781785	4.9992150001698	0.999606875708544
31.375	40.75	0.99955515166336	0.799798721097183	0.000861067918869895	4.7993328548458	0.999710848581184
31.625	40.75	0.999675319873024	0.799806261007947	0.000881132430697754	4.59943125288524	0.999788957917466
31.875	40.75	0.999764853791638	0.799815809906771	0.000893710092862751	4.39951410231561	0.999847154964564
32.125	40.75	0.999831005804302	0.799826670386175	0.000900114391634791	4.19958445325034	0.999890153772796
32.375	40.75	0.999879468967645	0.799838304160264	0.000901480161980219	3.9996446772806	0.999921654828969
32.625	40.75	0.999914670869121	0.799850301381512	0.00089878568365936	3.79969661390997	0.999944536064929
32.875	40.75	0.999940021912883	0.799862355270961	0.000892872405653047	3.59974168885024	0.999961014243374
33.125	40.75	0.999958122837242	0.799874241293521	0.000884462514253293	3.39978100858055	0.999972779844207
33.375	40.75	0.999970936534504	0.79988580018148	0.00087417453277659	3.19981543510823	0.999981108747427
33.625	40.75	0.999979929449601	0.799896924150529	0.00086253708269592	2.99984564435532	0.999986954142241
33.875	40.75	0.999986187637116	0.79990754566845	0.000850000862726447	2.79987217106079	0.999991021964126
34.125	40.75	0.999990511464554	0.799917628169429	0.000836948867736356	2.59989544261964	0.99999383245196
34.375	40.75	0.999993490654953	0.799927158241904	0.000823704962468939	2.39991580401472	0.99999576892572
34.625	40.75	0.999995558396563	0.799936139145751	0.000810541222928497	2.19993353605832	0.999997112957766
34.875	40.75	0.999997021680288	0.799944586033566	0.000797684917447279	1.99994886950225	0.999998064092187
35.125	40.75	0.999998068439117	0.799952523722311	0.000785326321705996	1.79996199778474	0.999998744485426
35.375	40.75	0.999998763718395	0.799959987725637	0.000773628147940632	1.59997309040101	0.999999196416956
35.625	40.75	0.999999065640188	0.799967027789971	0.000762735550135379	1.39998230613173	0.999999392666122
35.875	40.75	0.999998905817447	0.799973710088333	0.000752782377841293	1.19998980049677	0.999999288781341
36.125	40.75	0.999998364244603	0.799980110666835	0.000743886131675153	0.999995716981064	0.999998936758992
36.375	40.75	0.999997898181274	0.799986292184504	0.00073612475749887	0.800000152295122	0.999998633817828
36.625	40.75	0.99999845397349	0.79999226375421	0.000729498212666685	0.600003099720848	0.999998995082768
36.875	40.75	1.00000115978591	0.799997943160184	0.00072389929833993	0.400004405374783	1.00000075386084
37.125	40.75	1.00000631804462	0.800001572495522	0.000719145245903526	0.200003810325812	1.000004106729
37.375	40.75	1.00001179840053	0.400011914469464	0.000715693877908132	1.96263347263376e-06	1.00000766896034
0.125	41.25	-3.76732282731157e-12	0.399999261357089	-0.00012971618457447	18.0166998573426	0.349999999997551
0.375	41.25	-5.74855928616152e-12	0.799997782824109	-0.000130085222891338	17.9466999865959	0.349999999996263
0.625	41.25	-7.61333409616829e-12	0.799996300543091	-0.000130824238703148	17.8767002453208	0.349999999995051
0.875	41.25	-6.75417045942007e-12	0.799994812017815	-0.00013193510803255	17.8067006339544	0.34999999999561
1.125	41.25	-9.18022478585094e-14	0.799993314757349	-0.000133420638931855	17.7367011531516	0.34999999999994
1.375	41.25	1.5162032289379e-11	0.799991806277438	-0.000135284564196638	17.6667018037845	0.350000000009855
1.625	41.25	4.00995935585982e-11	0.799990284103316	-0.000137531530835599	17.5967025869422	0.350000000026065
1.875	41.25	7.22943401827582e-11	0.799988745772812	-0.000140167086282144	17.5267035039296	0.350000000046991
2.125	41.25	1.04012515757642e-10	0.799987188840273	-0.000143197660611234	17.456704556267	0.350000000067608
2.375	41.25	1.21138425241612e-10	0.79998561088062	-0.000146630543869048	17.3867057456895	0.35000000007874
2.625	41.25	1.03628787941971e-10	0.799984009495222	-0.000150473857852159	17.3167070741456	0.350000000067359
2.875	41.25	2.82794064187948e-11	0.799982382317743	-0.000154736521236642	17.2467085437951	0.350000000018382
3.125	41.25	-1.25654869049577e-10	0.799980727022099	-0.000159428206801753	17.1767101570066	0.349999999918324
3.375	41.25	-3.67899759883873e-10	0.799979041331343	-0.000164559289096967	17.1067119163526	0.349999999760865
3.625	41.25	-6.86224469024697e-10	0.799977323028787	-0.000170140781236935	17.0367138246025	0.349999999553954
3.875	41.25	-1.03454301148458e-09	0.79997556997156	-0.000176184258370803	16.9667158847135	0.349999999327547
4.125	41.25	-1.32253993601738e-09	0.799973780106793	-0.000182701765859613	16.8967180998182	0.349999999140349
4.375	41.25	-1.41055733698925e-09	0.799971951492416	-0.000189705709194851	16.8267204732094	0.349999999083138
4.625	41.25	-1.11469482012899e-09	0.799970082322602	-0.000197208722845622	16.7567230083232	0.349999999275448
4.875	41.25	-2.27775819712837e-10	0.799968170960744	-0.000205223514088965	16.6867257087207	0.349999999851946
5.125	41.25	1.43866718642816e-09	0.799966215982058	-0.000213762678207453	16.6167285780705	0.350000000935134
5.375	41.25	3.98861907451036e-09	0.799964216228492	-0.00022283848009152	16.546731620134	0.350000002592602
5.625	41.25	7.3538765199143e-09	0.79996217088028	-0.000232462597000224	16.4767348387554	0.35000000478002
5.875	41.25	1.11929693263291e-08	0.79996007954742	-0.000242645816555231	16.4067382378574	0.35000000727543
6.125	41.25	1.47933491930743e-08	0.799957942385825	-0.000253397683216078	16.3367418214411	0.350000009615677
6.375	41.25	1.70018376586032e-08	0.799955760243045	-0.000264726085338998	16.2667455935871	0.350000011051194
6.625	41.25	1.62155333805533e-08	0.799953534838904	-0.000276636773750269	16.1967495584481	0.350000010540097
6.875	41.25	1.04698150685026e-08	0.79995126898844	-0.000289132802154573	16.1267537202204	0.35000000680538
7.125	41.25	-2.33998568716985e-09	0.799948966874277	-0.00030221387712033	16.0567580830749	0.349999998479009
7.375	41.25	-2.40728674157609e-08	0.799946634379401	-0.000315875604617752	15.986762651023	0.349999984352636
7.625	41.25	-5.577570819315e-08	0.799944279493279	-0.000330108617635288	15.9167674276892	0.34999996374579
7.875	41.25	-9.6941447134269e-08	0.799941912807781	-0.000344897567330878	15.8467724159591	0.349999936988059
8.125	41.25	-1.44628022481755e-07	0.799939548125673	-0.000360219957894459	15.7767776174718	0.349999905991785
8.375	41.25	-1.92513429374004e-07	0.799937203209706	-0.000376044802601762	15.7067830319323	0.349999874866271
8.625	41.25	-2.30009235171183e-07	0.799934900709788	-0.000392331075824626	15.6367886562277	0.349999850493997
8.875	41.25	-2.41608342164838e-07	0.799932669315863	-0.000409025932347193	15.5667944833466	0.349999842954578
9.125	41.25	-2.06700799757134e-07	0.799930545198937	-0.000426062662277535	15.4968005011236	0.34999986564448
9.375	41.25	-1.00151060978515e-07	0.799928573820853	-0.000443358344898363	15.4268066908595	0.34999993490181
9.625	41.25	1.06013548398211e-07	0.799926812218664	-0.000460811159960425	15.3568130258985	0.350000068908806
9.875	41.25	4.39407971404494e-07	0.799925331902257	-0.000478297307539711	15.2868194702877	0.350000285615181
10.125	41.25	9.22170637676693e-07	0.799924222548203	-0.000495667478575626	15.216825977678	0.350000599410914
10.375	41.25	1.56352176151715e-06	0.799923596729842	-0.000512742805662682	15.1468324906677	0.350001016289145
10.625	41.25	2.34968380797074e-06	0.79992359599858	-0.000529310207892662	15.0768389408102	0.350001527294475
10.875	41.25	3.23103044319899e-06	0.799924398724655	-0.000545117023142512	15.0068452495139	0.350002100169788
11.125	41.25	4.1066458736048e-06	0.799926230222803	-0.000559864796746647	14.9368513300184	0.350002669319818
11.375	41.25	4.80696590676899e-06	0.799929375828766	-0.000573202067110875	14.8668570905363	0.350003124527839
11.625	41.25	5.07587137084961e-06	0.799934197760047	-0.000584715958377033	14.7968624384552	0.350003299316391
11.875	41.25	4.55453820871413e-06	0.799941156788353	-0.000593922360534601	14.7268672851842	0.350002960449836
12.125	41.25	2.77051958469594e-06	0.799950839970626	-0.000600254453334215	14.6568715507638	0.35000180083773
12.375	41.25	-8.63085749890313e-07	0.799963995930505	-0.000603049318390449	14.5868751667027	0.349999438994263
12.625	41.25	-7.0320098168481e-06	0.799981579446521	-0.000601532393052106	14.5168780746365	0.349995429193619
12.875	41.25	-1.64808387175874e-05	0.800004807384004	-0.000594799560995154	14.4468802173119	0.349989287454834
13.125	41.25	-2.99394159921252e-05	0.800035228292551	-0.000581796761206242	14.3768815170828	0.349980539379605
13.375	41.25	-4.80053692280545e-05	0.800074808267664	-0.00056129714322747	14.3068818356084	0.349968796510002
13.625	41.25	-7.09721422153368e-05	0.800126035915869	-0.000531876019496518	14.2368809068172	0.34995386810756
13.875	41.25	-9.85924365839118e-05	0.800192049434155	-0.000491884178663527	14.1668782335659	0.34993591491622
14.125	41.25	-0.000129768591477036	0.800276788852736	-0.000439420546026668	14.096872936892	0.34991565041554
14.375	41.25	-0.000162164300108484	0.800385176315541	-0.000372305719305522	14.0268635455215	0.349894593204929
14.625	41.25	-0.000191736195446023	0.800523326758088	-0.000288058584925017	13.9568477125107	0.34987537147296
14.875	41.25	-0.000212189082495178	0.800698790323821	-0.000183879039144212	13.8868218457735	0.349862077096378
15.125	41.25	-0.000214364601197706	0.800920826118191	-5.66408058006498e-05	13.8167806399247	0.349860663009221
15.375	41.25	-0.000185579313204954	0.801200704164291	9.71005420825767e-05	13.7467164984769	0.349879373446417
15.625	41.25	-0.000108933871439853	0.801552028380909	0.000281077995111496	13.6766188380155	0.349929192983564
15.875	41.25	3.73808267454458e-05	0.801991067711727	0.000499254221907142	13.6064732694971	0.350024297537385
16.125	41.25	0.000280752714679015	0.802537074875648	0.000755724207207442	13.5362606561471	0.350182489264541
16.375	41.25	0.000654766415003908	0.803212562342452	0.00105456879701748	13.4659560523295	0.350425598169752
16.625	41.25	0.00119974872508097	0.804043493015828	0.00139964723256712	13.3955275329239	0.350779836671303
16.875	41.25	0.00196323026957413	0.805059328985107	0.00179431580496206	13.3249349277833	0.351276099675223
17.125	41.25	0.00300032613362215	0.80629286633556	0.00224105949638963	13.2541284803545	0.351950211986854
17.375	41.25	0.00437405703532153	0.807779768786586	0.00274102438995546	13.1830474530877	0.352843137072959
17.625	41.25	0.00615565550859631	0.809557700109634	0.00329344144697488	13.1116187043721	0.354001176080588
17.875	41.25	0.00842492826704381	0.811664948091961	0.00389493796804918	13.0397552619107	0.355476203373578
18.125	41.25	0.0112707760200253	0.814138435480036	0.00453874299286604	12.9673549150194	0.357326004413016
18.375	41.25	0.0147920050118055	0.817011030917639	0.00521380870797335	12.89429884247	0.359614803257674
18.625	41.25	0.0190985992987599	0.820308110842723	0.00590389352211707	12.8204502820234	0.362414089544194
18.875	41.25	0.0243136561662014	0.824043386705097	0.00658668575679394	12.745653231392	0.365803876508031
19.125	41.25	0.030576211597181	0.828214104344449	0.00723309132250271	12.6697311467876	0.369874537538168
19.375	41.25	0.0380451824181868	0.832795844845107	0.00780686432942288	12.5924855742753	0.374729368571821
19.625	41.25	0.0469045968658063	0.837737305715394	0.00826482325296716	12.5136946134292	0.380487987962774
19.875	41.25	0.0573701263209952	0.842955610299825	0.00855795809797955	12.4331110803918	0.387290582108647
20.125	41.25	0.0696965955552187	0.848332869599639	0.00863377682316733	12.3504602258539	0.395302787110892
20.375	41.25	0.0841855483887476	0.853714886441119	0.00844022712176268	12.2654369032925	0.404720606452686
20.625	41.25	0.101191001990417	0.858913020725064	0.00793140737086908	12.1777022191724	0.415774151293771
20.875	41.25	0.121120229457567	0.863710281119909	0.00707497728176527	12.0868799835984	0.428728149147419
21.125	41.25	0.144424936850472	0.867872590559089	0.00586063503054057	11.9925537602692	0.443876208952807
21.375	41.25	0.171577033090415	0.87116575179881	0.00430826000767343	11.8942659818959	0.46152507150877
21.625	41.25	0.203023241866319	0.873377732436004	0.00247351711070627	11.7915213380316	0.481965107213107
21.875	41.25	0.239115354456118	0.874344365933996	0.000448302744851272	11.6837971810868	0.505424980396477
22.125	41.25	0.280019163075839	0.873974565816391	-0.00164605709169339	11.5705635911175	0.532012455999295
22.375	41.25	0.325615117353192	0.872269336741344	-0.0036731367352912	11.4513144982027	0.561649826279575
22.625	41.25	0.375415070061456	0.869328430699817	-0.00550083544524077	11.3256086247444	0.594019795539946
22.875	41.25	0.428526473117833	0.865340585472517	-0.00702107294543434	11.193115343815	0.628542207526592
23.125	41.25	0.48369095141386	0.860557931878193	-0.00816432557331228	11.0536570773338	0.664399118419009
23.375	41.25	0.539404759426438	0.855260587050191	-0.00890533827100544	10.9072383712536	0.700613093627185
23.625	41.25	0.59409961831036	0.84972078082189	-0.00925960270646092	10.7540536871087	0.736164751901734
23.875	41.25	0.646338052595061	0.844175134466622	-0.00927318134494025	10.5944711195831	0.77011973418679
24.125	41.25	0.694971854796673	0.838809520746363	-0.00900983216553907	10.4289957138558	0.801731705617838
24.375	41.25	0.739228890199843	0.833755950044767	-0.00853898047481946	10.2582210171584	0.830498778629898
24.625	41.25	0.778721642762664	0.829097728745517	-0.00792665690888008	10.0827790558702	0.856169067795732
24.875	41.25	0.813395229112434	0.824878523069774	-0.00723000737266899	9.90329709318626	0.878706898923082
25.125	41.25	0.843443573870324	0.8211120731023	-0.00649494055052255	9.72036582188172	0.89823832301571
25.375	41.25	0.869220284342441	0.817790836416905	-0.00575601971634003	9.53451991766241	0.914993184822587
25.625	41.25	0.891161582168409	0.814892993805447	-0.00503767514098332	9.3462292909351	0.929255028409466
25.875	41.25	0.909728730621778	0.812387850523288	-0.00435600115638595	9.15589820141591	0.941323674904155
26.125	41.25	0.925370223722473	0.810239876126405	-0.00372064763382315	8.96386932209953	0.951490645419607
26.375	41.25	0.938500270000499	0.808411648351198	-0.00313653211822411	8.77043035951428	0.960025175500324
26.625	41.25	0.949489001485685	0.806865930492455	-0.00260525521980206	8.57582154408202	0.967167850965695
26.875	41.25	0.958660220014432	0.80556707102269	-0.00212619880707464	8.38024295463132	0.973129143009381
27.125	41.25	0.966293455382427	0.804481881431035	-0.00169733755628039	8.1838611363327	0.978090745998577
27.375	41.25	0.972628125051211	0.803580122032709	-0.00131581497230482	7.98681480170407	0.982208281283287
27.625	41.25	0.977868421513562	0.802834702744604	-0.000978337893222481	7.78921959978902	0.985614473983815
27.875	41.25	0.982188155489281	0.80222168509494	-0.000681437652830282	7.59117203869053	0.988422301068032
28.125	41.25	0.98573517685213	0.801720152941687	-0.000421637007077208	7.39275268631304	0.990727864953884
28.375	41.25	0.98863523200829	0.801312002932132	-0.000195552633788125	7.19402877937976	0.992612900805388
28.625	41.25	0.990995246621492	0.800981691945167	4.51174274002156e-08	6.99505635877503	0.99414691030397
28.875	41.25	0.992906085636469	0.800715967682328	0.000168200056716074	6.79588203046706	0.995388955663705
29.125	41.25	0.99444486627448	0.800503600011494	0.000311755305084991	6.59654443148553	0.996389163078412
29.375	41.25	0.995676902112447	0.800335124278068	0.000433349037250088	6.397075462507	0.997189986373091
29.625	41.25	0.996657348561279	0.800202603178361	0.000535416538458049	6.19750133365728	0.997827276564832
29.875	41.25	0.997432608382484	0.800099410558135	0.000620195937199617	5.99784345835027	0.998331195448615
30.125	41.25	0.998041543770903	0.800020038308227	0.000689736035347775	5.79811922106611	0.998727003451087
30.375	41.25	0.998516530645818	0.799959926104452	0.000745905317009726	5.59834263846191	0.999035744919782
30.625	41.25	0.998884381802101	0.79991531285802	0.000790401610670788	5.3985249286031	0.999274848171366
30.875	41.25	0.99916715858617	0.799883108240506	0.0008247621021113	5.19867499993713	0.99945865308101
31.125	41.25	0.999382885610824	0.799860782402577	0.000850373513779544	4.99879986950549	0.999598875647036
31.375	41.25	0.999546179416978	0.799846271930334	0.000868482323695743	4.79890501848341	0.999705016621036
31.625	41.25	0.999668799600696	0.799837900116494	0.000880204921933554	4.59899469219919	0.999784719740452
31.875	41.25	0.999760129433438	0.799834309723105	0.000886537613045495	4.3990721511351	0.999844084131735
32.125	41.25	0.999827592132049	0.799834406550719	0.000888366379701938	4.1991398789193	0.999887934885832
32.375	41.25	0.999877008456742	0.799837312287308	0.000886476332862364	3.99919975289989	0.999920055496882
32.625	41.25	0.999912901069036	0.799842325276978	0.000881560789260677	3.79925318249652	0.999943385694874
32.875	41.25	0.999938750973267	0.799848888013999	0.000874229934894008	3.5993012201225	0.999960188132624
33.125	41.25	0.999957211352318	0.799856560321797	0.000865019044251403	3.39934464904365	0.999972187379006
33.375	41.25	0.999970284154601	0.799864997307747	0.00085439621602081	3.19938405207948	0.999980684700491
33.625	41.25	0.999979464794632	0.799873931284307	0.000842769549155582	2.99941986455847	0.999986652116511
33.875	41.25	0.999985860067848	0.799883156918457	0.000830493632141328	2.79945241443367	0.999990809044101
34.125	41.25	0.999990283527755	0.799892518943543	0.000817875205142777	2.59948195200761	0.99999368429304
34.375	41.25	0.999993330921113	0.799901901897416	0.000805177966825168	2.39950867139813	0.999995665098723
34.625	41.25	0.99999543615964	0.799911221601553	0.00079262681087091	2.19953272578537	0.999997033503766
34.875	41.25	0.999996907067151	0.799920418469869	0.000780412248501431	1.99955423858924	0.999997989593648
35.125	41.25	0.999997942132317	0.799929453081221	0.000768696107927545	1.79957331277066	0.999998662386006
35.375	41.25	0.999998636898703	0.799938304396473	0.000757619207201047	1.59959003986922	0.999999113984157
35.625	41.25	0.999999000623275	0.799946970066277	0.000747309912908119	1.3996045085362	0.999999350405129
35.875	41.25	0.999999012963425	0.79995546625256	0.000737889257729875	1.19961680908898	0.999999358426227
36.125	41.25	0.999998741076259	0.799963822019463	0.000729465116499585	0.999627027396751	0.999999181699568
36.375	41.25	0.999998491588806	0.799972062928752	0.000722108620154607	0.799635221795453	0.999999019532724
36.625	41.25	0.999998886455461	0.799980183537357	0.000715815663832059	0.599641385663787	0.99999927619605
36.875	41.25	1.00000066564059	0.799988121781003	0.00071047765589679	0.399645418363768	1.00000043266638
37.125	41.25	1.00000403253893	0.799994732134431	0.000705912291406366	0.199647151916029	1.00000262115031
37.375	41.25	1.00000760736543	0.400005668047298	0.000702569543898496	-0.000352995156457871	1.00000494478753
0.125	41.75	-3.74942417311659e-12	0.399998894818324	-0.000126028539016418	18.0167223001494	0.349999999997563
0.375	41.75	-5.73384980880459e-12	0.799996682266801	-0.000126390696100566	17.9467224935479	0.349999999996273
0.625	41.75	-7.61484793816145e-12	0.799994463146358	-0.000127115957725087	17.876722880728	0.34999999999505
0.875	41.75	-6.79284391380707e-12	0.799992233087786	-0.000128206216730833	17.8067234624557	0.349999999995585
1.125	41.75	-1.91699363738339e-13	0.79998998773903	-0.000129664307443748	17.7367242398783	0.349999999999875
1.375	41.75	1.49825620128835e-11	0.799987722771662	-0.000131493999340123	17.6667252145227	0.350000000009739
1.625	41.75	3.98407440653932e-11	0.79998543389031	-0.00013369998819896	17.5967263882931	0.350000000025896
1.875	41.75	7.19899901932409e-11	0.799983116842948	-0.000136287884421166	17.5267277634676	0.350000000046793
2.125	41.75	1.03744230391481e-10	0.799980767432722	-0.000139264197612098	17.4567293426952	0.350000000067434
2.375	41.75	1.21043061305684e-10	0.799978381532769	-0.000142636317382939	17.3867311289905	0.350000000078678
2.625	41.75	1.03892873387364e-10	0.799975955103403	-0.000146412488993554	17.3167331257282	0.35000000006753
2.875	41.75	2.91127920880499e-11	0.799973484212191	-0.000150601783422489	17.2467353366351	0.350000000018923
3.125	41.75	-1.24071970972569e-10	0.799970965058552	-0.000155214060328239	17.17673776578	0.349999999919353
3.375	41.75	-3.65496669389515e-10	0.799968394002157	-0.000160259923139797	17.1067404175604	0.349999999762427
3.625	41.75	-6.83137239606905e-10	0.79996576759745	-0.000165750664305626	17.0367432966846	0.349999999555961
3.875	41.75	-1.03120720893219e-09	0.799963082633824	-0.000171698199500127	16.9667464081498	0.349999999329715
4.125	41.75	-1.31974745846859e-09	0.799960336184144	-0.000178114988397232	16.8967497572145	0.349999999142164
4.375	41.75	-1.40944275489138e-09	0.799957525661845	-0.000185013940167117	16.8267533493646	0.349999999083862
4.625	41.75	-1.11662266055951e-09	0.799954648890267	-0.00019240830100931	16.7567571902749	0.349999999274195
4.875	41.75	-2.34113868772555e-10	0.79995170418479	-0.00020031152090651	16.6867612857646	0.349999999847826
5.125	41.75	1.42688428790887e-09	0.799948690453665	-0.00020873709656663	16.6167656417495	0.350000000927475
5.375	41.75	3.97110533960649e-09	0.799945607319602	-0.000217698386704526	16.5467702641907	0.350000002581218
5.625	41.75	7.33151970860782e-09	0.799942455267601	-0.000227208396037065	16.4767751590426	0.350000004765488
5.875	41.75	1.11681438184289e-08	0.799939235824883	-0.000237279523647444	16.4067803321991	0.350000007259293
6.125	41.75	1.47699426800958e-08	0.799935951777544	-0.000247923270420912	16.3367857894357	0.350000009600463
6.375	41.75	1.69847930334578e-08	0.799932607431141	-0.000259149900878819	16.2667915363435	0.350000011040115
6.625	41.75	1.62097414225428e-08	0.79992920892282	-0.000270968053117588	16.196797578244	0.350000010536332
6.875	41.75	1.04783113769929e-08	0.799925764592429	-0.000283384290669252	16.126803920071	0.350000006810902
7.125	41.75	-2.31835330044836e-09	0.799922285423781	-0.000296402589173807	16.0568105661979	0.34999999849307
7.375	41.75	-2.40458341630017e-08	0.799918785566939	-0.000310023750250827	15.9868175201844	0.349999984370208
7.625	41.75	-5.57592243874457e-08	0.799915282958181	-0.000324244734482691	15.9168247844126	0.349999963756504
7.875	41.75	-9.69593605274524e-08	0.799911800054767	-0.000339057904774043	15.8468323595778	0.349999936976416
8.125	41.75	-1.44708344269538e-07	0.799908364710102	-0.000354450171475992	15.7768402440021	0.349999905939576
8.375	41.75	-1.92679620622554e-07	0.799905011219174	-0.000370402030731706	15.7068484327426	0.349999874758247
8.625	41.75	-2.30265144921556e-07	0.799901781573397	-0.000386886488566471	15.6368569164751	0.349999850327656
8.875	41.75	-2.4191600461522e-07	0.799898726974973	-0.000403867865183323	15.5668656801506	0.349999842754597
9.125	41.75	-2.06951301299558e-07	0.79989590967443	-0.000421300476562274	15.4968747014422	0.349999865481654
9.375	41.75	-1.00130092178566e-07	0.799893405214689	-0.000439127195447788	15.4268839490307	0.34999993491544
9.625	41.75	1.06662151339848e-07	0.799891305188303	-0.000457277899448389	15.3568933808076	0.350000069330398
9.875	41.75	4.41215618563752e-07	0.799889720649527	-0.000475667822570971	15.2869029421164	0.350000286790152
10.125	41.75	9.25867628485162e-07	0.799888786364926	-0.000494195836271184	15.2169125641899	0.350000601813959
10.375	41.75	1.57004327406138e-06	0.799888666145298	-0.000512742699600565	15.1469221629802	0.350001020528128
10.625	41.75	2.3601495260956e-06	0.799889559575238	-0.0005311693329684	15.0769316386029	0.350001534097192
10.875	41.75	3.24668838504716e-06	0.799891710550808	-0.000549315189459095	15.006940875616	0.35000211034745
11.125	41.75	4.12876935080296e-06	0.799895418152737	-0.000566996820487807	14.9369497443197	0.350002683700078
11.375	41.75	4.83668809013721e-06	0.799901050523748	-0.000584006761003473	14.8669581031592	0.350003143847259
11.625	41.75	5.11393153256405e-06	0.799909062586477	-0.000600112894712508	14.7969658021255	0.350003324055496
11.875	41.75	4.60089276104737e-06	0.799920018633944	-0.000615058504423733	14.7269726867371	0.350002990580295
12.125	41.75	2.82373337921069e-06	0.799934621047339	-0.000628563268923869	14.6569786017239	0.350001835426696
12.375	41.75	-8.06814409527023e-07	0.799953746644024	-0.000640325538846294	14.5869833928847	0.349999475570634
12.625	41.75	-6.98043213212574e-06	0.799978492432682	-0.000650026312210058	14.5169869047315	0.349995462719114
12.875	41.75	-1.64482254666691e-05	0.800010232843804	-0.00065733543646395	14.446988970452	0.349989308653447
13.125	41.75	-2.99506822075493e-05	0.800050690808638	-0.000661920686074878	14.3769893894247	0.349980532056565
13.375	41.75	-4.81025667461443e-05	0.800102025363784	-0.00066346049716889	14.3069878860464	0.349968733331615
13.625	41.75	-7.12244394577884e-05	0.80016693873998	-0.000661661268016314	14.2369840420305	0.349953704114352
13.875	41.75	-9.91110689469945e-05	0.80024880611917	-0.00065628023537881	14.1669771927339	0.349935577805184
14.125	41.75	-0.00013072867852468	0.800351831356152	-0.000647154973592141	14.0969662765663	0.349915026358959
14.375	41.75	-0.000163835870716388	0.800481231878094	-0.0006342404878437	14.0269496253308	0.349893506684034
14.625	41.75	-0.000194527214938079	0.800643455573349	-0.000617654618267429	13.9569246825821	0.34987355731029
14.875	41.75	-0.000216703706133916	0.80084643158659	-0.000597731958800288	13.8868876369694	0.349859142591013
15.125	41.75	-0.000221480251650894	0.801099855326343	-0.000575085635073906	13.8168329582021	0.349856037836427
15.375	41.75	-0.000196546460610492	0.801415505364844	-0.000550674990864094	13.7467528248548	0.349872244800603
15.625	41.75	-0.000125502551526828	0.801807585926411	-0.000525875431974826	13.6766364357568	0.349918423341508
15.875	41.75	1.28037150500946e-05	0.802293082925927	-0.000502544339432763	13.6064692001645	0.350008322414783
16.125	41.75	0.000244911455089235	0.802892113645156	-0.000483074134344294	13.5362318061511	0.350159192445808
16.375	41.75	0.000603326336602541	0.803628239801516	-0.000470420412403939	13.4658991714691	0.350392162118792
16.625	41.75	0.00112702491163883	0.804528700817814	-0.00046808988151721	13.3954392862378	0.350732566192565
16.875	41.75	0.0018618729420404	0.80562450870928	-0.00048007014410152	13.3248119618455	0.351210217412326
17.125	41.75	0.00286096164735327	0.806950328830381	-0.000510681896987858	13.2539675050451	0.35185962507078
17.375	41.75	0.00418488500101842	0.808544053153107	-0.000564334816387869	13.1828453399546	0.352720175250662
17.625	41.75	0.00590200480345177	0.810445957096196	-0.000645172327768588	13.1113726031147	0.353836303122244
17.875	41.75	0.00808877802064984	0.812697320620517	-0.00075659869830855	13.0394627373614	0.355257705713422
18.125	41.75	0.0108302525843582	0.815338393941108	-0.000900695252534883	12.9670141083496	0.357039664179833
18.375	41.75	0.0142208732114026	0.818405603383183	-0.00107755126504981	12.8939086621305	0.359243567587412
18.625	41.75	0.0183657768835208	0.821927929774189	-0.00128455858374951	12.8200106318857	0.361937754974288
18.875	41.75	0.0233827955202467	0.825922456175533	-0.00151574544819586	12.7451652851114	0.36519881708816
19.125	41.75	0.0294054136211536	0.830389178117401	-0.00176125113620994	12.6691976776108	0.36911351885375
19.375	41.75	0.0365869351151729	0.835305299462063	-0.00200706468588822	12.5919113469725	0.373781507824862
19.625	41.75	0.0451060658184948	0.840619398421303	-0.00223516296560887	12.5130868379887	0.379318942782022
19.875	41.75	0.0551739646806482	0.846246034690729	-0.00242418054690332	12.4324799136636	0.385863077042421
20.125	41.75	0.0670424832207995	0.852061569663386	-0.00255072079808095	12.3498192858708	0.39357761409352
20.375	41.75	0.0810127047570873	0.857902172143726	-0.0025913679997614	12.2648037310371	0.402658258092107
20.625	41.75	0.0974419275075173	0.863565157530723	-0.00252537503252209	12.1770985858085	0.413337252879886
20.875	41.75	0.116745890988892	0.868814911540256	-0.00233786800281662	12.0863319030024	0.425884829142779
21.125	41.75	0.139391480372049	0.873394583806558	-0.00202321816993199	11.9920910374805	0.440604462241832
21.375	41.75	0.165873833640605	0.877044330014356	-0.001587993480342	11.8939211241137	0.457817991866394
21.625	41.75	0.196671639497895	0.879525896660123	-0.00105267905826818	11.7913276968852	0.477836565673632
21.875	41.75	0.232176775956816	0.880651595317565	-0.000451284380302181	11.6837863033358	0.500914904371931
22.125	41.75	0.272600607778546	0.880313338179686	0.000171786228370498	11.5707619379864	0.527190395056055
22.375	41.75	0.317869494746102	0.878505173324778	0.000767534376749933	11.4517399307445	0.556615171584967
22.625	41.75	0.367534099959832	0.875332085682217	0.00128980444984584	11.3262672794901	0.588897164973891
22.875	41.75	0.420725241972684	0.871000106536027	0.0017025144662792	11.193999634016	0.623471407282244
23.125	41.75	0.476185734834792	0.865788091182974	0.00198470740582491	11.0547454432091	0.659520727642615
23.375	41.75	0.532388499489987	0.860007843985835	0.00213217455789907	10.9084970325658	0.696052524668491
23.625	41.75	0.58772098565084	0.853963248503954	0.0021556299911683	10.7554401218685	0.732018640673046
23.875	41.75	0.640689183098222	0.84791838979195	0.00207649410939584	10.595938518266	0.766447969013844
24.125	41.75	0.690086860735992	0.842079949489408	0.00192180024259288	10.4304974515857	0.798556459478395
24.375	41.75	0.735091691810596	0.836593433105696	0.00171954142959469	10.2597143200575	0.827809599676888
24.625	41.75	0.775279313606428	0.831549031869976	0.00149522478494886	10.0842274071886	0.853931553844178
24.875	41.75	0.810572645559597	0.826992110348134	0.00126983930761201	9.90467133447673	0.876872219613738
25.125	41.75	0.84115624922865	0.822934515351895	0.00105906290145939	9.72164419615457	0.896751561998622
25.375	41.75	0.86738387043648	0.819364646991116	0.000873365987575638	9.53568742094509	0.913799515783712
25.625	41.75	0.889697857816387	0.81625558008999	0.000718654578025686	9.34727667967576	0.928303607580652
25.875	41.75	0.908568665388329	0.813571251360861	0.00059716078683229	9.15682091332669	0.940569632502414
26.125	41.75	0.924454964726395	0.811270999694744	0.000508377697518843	8.96466646535414	0.950895727072157
26.375	41.75	0.937780845644188	0.809312789917561	0.000449917270752676	8.77110384182075	0.959557549668722
26.625	41.75	0.948925351082309	0.807655413298375	0.000418232338821072	8.57637535853004	0.966801478203501
26.875	41.75	0.958219957151088	0.806259907281129	0.000409185365371816	8.38068261002144	0.972842972148207
27.125	41.75	0.965950607564529	0.805090391696923	0.000418471101700804	8.18419320816023	0.977867894916944
27.375	41.75	0.972361975494626	0.804114480804753	0.00044191240042252	7.98704657861752	0.982035284071507
27.625	41.75	0.977662505190913	0.803303398055411	0.00047565266873294	7.78935880372953	0.985480628374094
27.875	41.75	0.982029419396487	0.80263189229325	0.000516268123350792	7.59122660173846	0.988319122607716
28.125	41.75	0.985613293100718	0.802078029942802	0.000560820432998234	7.39273057183119	0.990648640515466
28.375	41.75	0.988542043525344	0.801622917595641	0.000606866913659541	7.193937838683	0.992552328291474
28.625	41.75	0.990924323301659	0.801250393258145	0.000652441965851378	6.9949042171638	0.994100810146078
28.875	41.75	0.992852370256499	0.800946712022518	0.000696020298712147	6.79567599818155	0.995354040666725
29.125	41.75	0.994404392321417	0.800700242598806	0.000736469821826604	6.59629143619146	0.996362855008921
29.375	41.75	0.995646568814922	0.800501184422562	0.000772999922100333	6.3967820005309	0.997170269729699
29.625	41.75	0.996634741318351	0.800341310373212	0.000805109136746208	6.19717343752286	0.997812581856928
29.875	41.75	0.997415855262158	0.800213736997178	0.000832534918243404	5.9974866783572	0.998320305920403
30.125	41.75	0.99802920075689	0.800112722112459	0.000855207193253983	5.79773861877993	0.998718980491979
30.375	41.75	0.998507489891099	0.800033488448772	0.00087320668079113	5.5979427900995	0.999029868429214
30.625	41.75	0.998877798368858	0.79997207130001	0.00088672840098981	5.39810993642582	0.999270568939758
30.875	41.75	0.999162392087479	0.799925187851764	0.000896050428982547	5.19824850991322	0.999455554856861
31.125	41.75	0.999379453885667	0.79989012576587	0.000901507692518418	4.99836509367266	0.999596645025683
31.375	41.75	0.999543721920853	0.799864648666639	0.000903470447509289	4.79846476062686	0.999703419248554
31.625	41.75	0.999667048622973	0.799846916318769	0.000902326969881294	4.59855137565148	0.999783581604932
31.875	41.75	0.999758887595203	0.799835417474845	0.000898469957370524	4.39862784769441	0.999843276936882
32.125	41.75	0.999826714903955	0.799828913575966	0.000892286128117292	4.19869633806426	0.999887364687571
32.375	41.75	0.999876390687049	0.799826391696494	0.000884148524495874	3.99875843064558	0.999919653946582
32.625	41.75	0.999912466735418	0.799827025324667	0.000874411072016214	3.79881526938236	0.999943103378022
32.875	41.75	0.999938445553592	0.799830141758872	0.000863404994410216	3.59886766794616	0.999959989609835
33.125	41.75	0.99995699631056	0.799835195069742	0.000851436733506842	3.39891619606045	0.999972047601864
33.375	41.75	0.999970133012949	0.799841743726073	0.000838787050580483	3.19896124648377	0.999980586458417
33.625	41.75	0.999979360110668	0.799849432103498	0.000825710984921008	2.99900308616781	0.999986584071934
33.875	41.75	0.999985790474248	0.799857975190865	0.000812438328109513	2.79904189461681	0.999990763808261
34.125	41.75	0.999990240108711	0.799867145894377	0.000799174289166189	2.59907779201495	0.999993656070662
34.375	41.75	0.999993302982274	0.799876764443171	0.000786100162262187	2.39911085930896	0.999995646938478
34.625	41.75	0.99999540809168	0.799886689556653	0.000773374139233135	2.19914115217983	0.999997015259592
34.875	41.75	0.999996859987676	0.799896811250717	0.000761132892231014	1.99916871070772	0.99999795899199
35.125	41.75	0.999997864588033	0.799907045368226	0.000749494898747768	1.79919356640654	0.999998611982222
35.375	41.75	0.999998545328315	0.799917329937966	0.00073856611148239	1.59921574791429	0.999999054463405
35.625	41.75	0.999998960274824	0.799927623047834	0.000728446841443383	1.39923528565076	0.999999324178636
35.875	41.75	0.99999913527605	0.79993790093789	0.000719235558819313	1.19925221412351	0.999999437929433
36.125	41.75	0.999999124042668	0.799948153819131	0.000711022212815265	0.999266568921282	0.999999430627734
36.375	41.75	0.999999084340147	0.799958376628131	0.000703864339962374	0.799278375491358	0.999999404821096
36.625	41.75	0.999999318453095	0.79996855432095	0.000697748712574491	0.599287630946093	0.999999556994511
36.875	41.75	1.00000018413087	0.799978648493784	0.000692562142272103	0.39929428967119	1.00000011968506
37.125	41.75	1.00000178735534	0.799988118583525	0.000688121153076091	0.199298274964419	1.00000116178097
37.375	41.75	1.00000348689823	0.399999566202103	0.000684863018396253	-0.000700219029342682	1.00000226648385
0.125	42.25	-3.73052941366053e-12	0.399998537042878	-0.000120892265058701	18.0167439693646	0.349999999997575
0.375	42.25	-5.71491976407296e-12	0.799995607986639	-0.000121243751279446	17.9467442253748	0.349999999996285
0.625	42.25	-7.60612257594326e-12	0.799992669501828	-0.000121947687233465	17.8767447379452	0.349999999995056
0.875	42.25	-6.81385286165998e-12	0.799989715318449	-0.000123005998734464	17.8067455081752	0.349999999995571
1.125	42.25	-2.6803832517054e-13	0.799986739192392	-0.00012442157143642	17.7367465377119	0.349999999999826
1.375	42.25	1.48265921192841e-11	0.799983734916403	-0.000126198246787245	17.6667478287468	0.350000000009637
1.625	42.25	3.95943230771099e-11	0.799980696333875	-0.000128340816465839	17.5967493840123	0.350000000025736
1.875	42.25	7.16717338783046e-11	0.799977617354928	-0.000130855014687089	17.526751206777	0.350000000046587
2.125	42.25	1.03418600138096e-10	0.799974491975149	-0.000133747508108367	17.4567533008398	0.350000000067222
2.375	42.25	1.20831587913202e-10	0.799971314298334	-0.000137025882823997	17.3867556705219	0.35000000007854
2.625	42.25	1.03973000708459e-10	0.799968078562647	-0.000140698627770788	17.3167583206577	0.350000000067582
2.875	42.25	2.96973233652574e-11	0.799964779173126	-0.000144775113881252	17.2467612565821	0.350000000019303
3.125	42.25	-1.22779326640549e-10	0.799961410738648	-0.000149265568094397	17.1767644841143	0.349999999920193
3.375	42.25	-3.63369369999325e-10	0.799957968116968	-0.000154181041463808	17.1067680095382	0.34999999976381
3.625	42.25	-6.80210867752262e-10	0.79995444646753	-0.000159533369711087	17.0367718395756	0.349999999557863
3.875	42.25	-1.02776722291193e-09	0.799950841313719	-0.000165335125674362	16.9667759813541	0.349999999331951
4.125	42.25	-1.31639832874926e-09	0.799947148616637	-0.000171599561673794	16.8967804423672	0.349999999144341
4.375	42.25	-1.4071312999703e-09	0.799943364861954	-0.000178340540265058	16.8267852304261	0.349999999085365
4.625	42.25	-1.1165866608949e-09	0.79993948716302	-0.000185572451953986	16.7567903536031	0.349999999274219
4.875	42.25	-2.37732936586797e-10	0.799935513382488	-0.000193310117284675	16.6867958201668	0.349999999845474
5.125	42.25	1.41834157359216e-09	0.799931442277411	-0.000201568671849086	16.6168016385098	0.350000000921922
5.375	42.25	3.95681512829084e-09	0.799927273671982	-0.000210363431259387	16.5468078170691	0.35000000257193
5.625	42.25	7.31145767803819e-09	0.799923008663293	-0.000219709734226128	16.4768143642406	0.350000004752447
5.875	42.25	1.11433646016827e-08	0.799918649865812	-0.000229622760347208	16.4068212882866	0.350000007243187
6.125	42.25	1.47426620756822e-08	0.799914201701367	-0.000240117320811484	16.3368285972336	0.35000000958273
6.375	42.25	1.69581531943525e-08	0.799909670741279	-0.000251207618374729	16.2668362987546	0.3500000110228
6.625	42.25	1.61871901167544e-08	0.799905066108202	-0.000262906974386605	16.1968444000254	0.350000010521674
6.875	42.25	1.04626488040382e-08	0.799900399946844	-0.00027522751974063	16.126852907539	0.350000006800722
7.125	42.25	-2.32599848680878e-09	0.799895687972806	-0.000288179847445409	16.0568618268575	0.349999998488101
7.375	42.25	-2.4046550219927e-08	0.799890950111807	-0.000301772624426393	15.9868711622723	0.349999984369742
7.625	42.25	-5.57555050654041e-08	0.79988621124262	-0.000316012161074265	15.9168809163437	0.349999963758922
7.875	42.25	-9.69517697274083e-08	0.799881502061608	-0.00033090193791117	15.8468910892842	0.34999993698135
8.125	42.25	-1.44688369124839e-07	0.799876860089547	-0.000346442090793469	15.7769016781519	0.34999990595256
8.375	42.25	-1.92617648559641e-07	0.79987233084753	-0.000362628858659623	15.7069126758268	0.349999874798528
8.625	42.25	-2.30093277700283e-07	0.799867969234921	-0.00037945400203985	15.6369240697509	0.349999850439369
8.875	42.25	-2.41506975981163e-07	0.799863841151363	-0.000396904206924131	15.5669358404292	0.349999843020466
9.125	42.25	-2.06097290436118e-07	0.799860025415284	-0.00041496049704013	15.4969479597138	0.349999866036761
9.375	42.25	-9.85288416414468e-08	0.799856616046959	-0.000433597689976332	15.4269603889194	0.349999935956253
9.625	42.25	1.09401814983087e-07	0.799853725002903	-0.000452783948608792	15.3569730768588	0.35000007111118
9.875	42.25	4.45531219848421e-07	0.799851485474827	-0.000472480500673525	15.2869859579232	0.350000289595293
10.125	42.25	9.32139878048787e-07	0.799850055901897	-0.000492641626964243	15.2169989503804	0.350000605890921
10.375	42.25	1.57840326232768e-06	0.799849624888877	-0.000513215052777903	15.1470119551032	0.35000102596212
10.625	42.25	2.37016333792938e-06	0.799850417283006	-0.000534142921132899	15.0770248549681	0.35000154060617
10.875	42.25	3.25688544481733e-06	0.79985270173499	-0.000555363578614922	15.0070375151791	0.350002116975539
11.125	42.25	4.13598519000634e-06	0.79985680015986	-0.000576814469303292	14.9370497847343	0.350002688390373
11.375	42.25	4.83520425352627e-06	0.799863099621273	-0.000598436510040493	14.8670614991677	0.350003142882765
11.625	42.25	5.09441817704373e-06	0.799872067288873	-0.000620180412068269	14.7970724845186	0.350003311371815
11.875	42.25	4.54919728599151e-06	0.799884269261485	-0.000642015523501892	14.7270825621866	0.350002956978236
12.125	42.25	2.71961674084866e-06	0.799900394208651	-0.000663941893482305	14.657091553884	0.350001767750882
12.375	42.25	-9.90805402342489e-07	0.799921282957608	-0.00068600640255199	14.5870992852688	0.349999355976488
12.625	42.25	-7.27964216227574e-06	0.799947965339275	-0.000708323963076829	14.5171055860058	0.349995268232594
12.875	42.25	-1.69056219687886e-05	0.799981705803498	-0.000731104959440766	14.4471102829475	0.34998901134572
13.125	42.25	-3.06148859749888e-05	0.800024059515152	-0.000754690258422777	14.3771131818541	0.349980100324116
13.375	42.25	-4.90230605614675e-05	0.800076940843333	-0.000779595250332471	14.3071140316179	0.349968135010635
13.625	42.25	-7.24423186246558e-05	0.800142706344498	-0.000806564444000726	14.2371124633766	0.349952912492894
13.875	42.25	-0.000100642984087972	0.800224254495315	-0.00083663807637973	14.1671078952911	0.349934582060343
14.125	42.25	-0.000132540648172441	0.800325144521641	-0.000871231930254989	14.0970993922437	0.349913848578688
14.375	42.25	-0.000165802341388838	0.800449736636653	-0.000912230973308009	14.0270854684383	0.349892228478097
14.625	42.25	-0.00019636905093493	0.800603355761531	-0.000962096401237571	13.9570638200105	0.349872360116892
14.875	42.25	-0.000217896641053606	0.80079248022674	-0.00102398402003023	13.887030974445	0.349858367183315
15.125	42.25	-0.000221122694416526	0.801024955863271	-0.00110186945138277	13.8169818439935	0.349856270248629
15.375	42.25	-0.000193172432766167	0.801310234051225	-0.00120067220182643	13.7469091714725	0.349874437918702
15.625	42.25	-0.000116822025127647	0.801659629398894	-0.0013263660387416	13.6768028588381	0.349924065683667
15.875	42.25	3.02585167381789e-05	0.802086588416479	-0.00148605728467743	13.6066491717464	0.35001966803588
16.125	42.25	0.000276258804849601	0.802606954439697	-0.00168800564322374	13.5364298167789	0.350179568223152
16.375	42.25	0.000655954733950692	0.803239205769893	-0.00194155432158783	13.4661208919801	0.350426370577068
16.625	42.25	0.00121138927938149	0.804004633264314	-0.00225692819572467	13.3956917155644	0.350787403031598
16.875	42.25	0.00199249597062713	0.80492741039409	-0.00264485174432495	13.3251035418557	0.351295122380908
17.125	42.25	0.0030576645991563	0.806034493486602	-0.00311593423526014	13.2543081774935	0.351987481989452
17.375	42.25	0.0044742629015546	0.807355273556901	-0.00367977063566545	13.1832465144346	0.35290827088601
17.625	42.25	0.0063191449374482	0.808920885859199	-0.00434371602789058	13.1118469991167	0.354107444209341
17.875	42.25	0.00867919638106302	0.81076307237276	-0.00511131247782372	13.0400240590716	0.355641477647691
18.125	42.25	0.0116519889325519	0.812912490655345	-0.00598038384297745	12.9676765088918	0.357573792806159
18.375	42.25	0.0153466406989142	0.815396376048969	-0.00694086870766557	12.8946859560805	0.359975316454294
18.625	42.25	0.0198850065623159	0.818235500226689	-0.00797253552106453	12.8209152228409	0.362925254265505
18.875	42.25	0.0254033504667659	0.821440434429321	-0.00904281515177668	12.7462067907328	0.366512177803398
19.125	42.25	0.0320546741418229	0.825007225247707	-0.0101050883354168	12.6703812596288	0.370835538192185
19.375	42.25	0.0400118793842248	0.828912724623883	-0.0110978675150397	12.5932357895311	0.376007721599746
19.625	42.25	0.0494718945709679	0.833109976805366	-0.0119453968799959	12.514542465044	0.382156731471129
19.875	42.25	0.0606607511453382	0.837524237235688	-0.012560236264643	12.4340464945086	0.38942948824447
20.125	42.25	0.0738392801721675	0.84205035682874	-0.0128483596982155	12.3514641452246	0.397995532111909
20.375	42.25	0.0893085260518879	0.846552378036591	-0.0127171401886713	12.2664803522237	0.408050541933727
20.625	42.25	0.107413073462978	0.850866220904097	-0.0120862454306772	12.178746064433	0.419818497750935
20.875	42.25	0.128539265283051	0.854806248168958	-0.0109008648474724	12.0878756603132	0.433550522433983
21.125	42.25	0.153103952220281	0.858176238396406	-0.00914579132240655	11.9934452139909	0.449517568943183
21.375	42.25	0.181528474691206	0.860784795838933	-0.00685777971165919	11.8949930092781	0.467993508549284
21.625	42.25	0.214192946612842	0.862464404106796	-0.00413263125276601	11.7920243626722	0.489225415298347
21.875	42.25	0.251368781073129	0.863092155061527	-0.00112323389794801	11.6840232530342	0.513389707697534
22.125	42.25	0.293133722825086	0.862608807709436	0.00197395527100293	11.5704730448166	0.540536919836306
22.375	42.25	0.339283127506376	0.861031751671874	0.00494348657192056	11.4508872956494	0.570534032879144
22.625	42.25	0.38926110030317	0.85845749191632	0.00758205360032572	11.3248490823754	0.603019715197061
22.875	42.25	0.442139903558681	0.855051173350172	0.00972855442836965	11.1920538957483	0.637390937313143
23.125	42.25	0.49666969061631	0.851024322017108	0.011285117520849	11.0523481440166	0.672835298900601
23.375	42.25	0.551401152404932	0.846605980881421	0.01222415265175	10.9057542895808	0.708410749063206
23.625	42.25	0.604857409465556	0.842014621421698	0.0125813740395657	10.7524757511623	0.743157316152611
23.875	42.25	0.655711643359312	0.837437277016708	0.0124389923222779	10.5928796219761	0.776212568183553
24.125	42.25	0.702925108916145	0.833018891966979	0.0119051038392106	10.4274610767524	0.806901320795494
24.375	42.25	0.745817231840416	0.828861029528802	0.0110945998941608	10.2567975950644	0.83478120069627
24.625	42.25	0.784065068387616	0.825026760465849	0.0101147896146532	10.0815022690688	0.85964229445195
24.875	42.25	0.817650080140796	0.8215482610899	0.00905668483441504	9.90218364130532	0.881472552091517
25.125	42.25	0.846778579804603	0.818434637090939	0.00799132146083607	9.71941614270151	0.900406076872992
25.375	42.25	0.871799334994952	0.815678729710951	0.00696975814319734	9.53372187566507	0.916669567746719
25.625	42.25	0.893133272324566	0.813262551857588	0.00602530099272975	9.34556220309305	0.930536627010968
25.875	42.25	0.911221399657675	0.81116144130487	0.00517675877407105	9.15533657437401	0.942293909777489
26.125	42.25	0.926490820630641	0.809347152350575	0.00443190018935567	8.96338595473393	0.952219033409917
26.375	42.25	0.93933553076154	0.807790104162368	0.00379062583711686	8.76999868746289	0.960568094995001
26.625	42.25	0.950107797642359	0.806460965079212	0.00324762588400783	8.57541724864548	0.967570068467533
26.875	42.25	0.959116322356978	0.805331716577246	0.00279446370930281	8.37984493657645	0.973425609532036
27.125	42.25	0.966628266882523	0.804376315090158	0.00242112169127749	8.18345198488058	0.97830837347364
27.375	42.25	0.972873154143426	0.803571050826158	0.00211708972458178	7.98638088919975	0.982367550193227
27.625	42.25	0.97804740359396	0.802894686373847	0.00187208954482761	7.78875091754265	0.985730812336074
27.875	42.25	0.982318808927888	0.802328442587913	0.00167652304181577	7.59066186857861	0.988507225803127
28.125	42.25	0.985830620029941	0.80185588489757	0.00152172002641455	7.39219718129234	0.990789903019462
28.375	42.25	0.988705105062869	0.801462750269449	0.0014000460175022	7.19342650675927	0.992658318290865
28.625	42.25	0.991046585868436	0.801136744033998	0.00130491647907415	6.9944078439487	0.994180280814484
28.875	42.25	0.992943996343084	0.800867326841	0.00123075183875809	6.79518932597555	0.995413597623005
29.125	42.25	0.99447303426251	0.800645505083343	0.00117289789040704	6.59581072646108	0.996407472270631
29.375	42.25	0.995697978566621	0.800463632985708	0.00112752868709391	6.39630474030917	0.997203686068304
29.625	42.25	0.996673236428734	0.800315230887616	0.00109154343507564	6.19669808034443	0.997837603678677
29.875	42.25	0.997444673333307	0.80019482173797	0.00106246482727656	5.99701242110696	0.998339037666649
30.125	42.25	0.998050768009817	0.800097786172759	0.00103834335784017	5.79726521343494	0.998732999206381
30.375	42.25	0.998523623938951	0.800020235527587	0.00101767014235471	5.59747038789242	0.999040355560318
30.625	42.25	0.998889860853785	0.799958901552442	0.000999299397660779	5.39763896117392	0.99927840955496
30.875	42.25	0.99917140328692	0.799911041305342	0.00098238083013646	5.19777955693056	0.999461412136498
31.125	42.25	0.999386178589601	0.79987435560086	0.000966301607105314	4.99789885066088	0.999601016083241
31.375	42.25	0.999548733683365	0.799846919406604	0.000950637243300157	4.79800194710919	0.999706676894188
31.625	42.25	0.999670777781001	0.799827122666536	0.000935110550830761	4.59809269779744	0.999786005557651
31.875	42.25	0.999761657128604	0.799813620151789	0.000919557725970683	4.39817396572212	0.999845077133593
32.125	42.25	0.999828767208522	0.79980528907711	0.000903900643348874	4.19824784376556	0.999888698685539
32.375	42.25	0.999877907584724	0.799801193361016	0.000888124473306223	3.9983158329295	0.99992063993007
32.625	42.25	0.999913584496859	0.799800553543409	0.000872259813051658	3.79837898605816	0.999943829922958
32.875	42.25	0.999939266293067	0.799802721501464	0.000856368611025833	3.598438022259	0.999960523090494
33.125	42.25	0.999957596754434	0.799807159222057	0.000840533249356944	3.39849341675114	0.999972437890382
33.375	42.25	0.999970571266223	0.79981342099518	0.000824848214213306	3.19854547037816	0.999980871323045
33.625	42.25	0.999979680626282	0.799821138487309	0.000809413817603383	2.99859436252585	0.999986792407083
33.875	42.25	0.999986027063988	0.799830008234468	0.000794331448559745	2.79864019069516	0.999990917591592
34.125	42.25	0.999990416789114	0.79983978116053	0.000779699875417883	2.59868299950436	0.999993770912924
34.375	42.25	0.999993433091698	0.799850253778072	0.000765612277602998	2.39872280144057	0.999995731509604
34.625	42.25	0.999995493627222	0.799861260772249	0.000752154027755543	2.198759591258	0.999997070857694
34.875	42.25	0.999996894978578	0.799872668713976	0.00073940173312065	1.99879335554641	0.999997981736076
35.125	42.25	0.999997846851218	0.799884370708706	0.000727424399042656	1.79882407868958	0.999998600453291
35.375	42.25	0.999998497410896	0.799896281864912	0.000716287232919561	1.59885174622113	0.999999023317082
35.625	42.25	0.99999895058117	0.799908335542928	0.000706056933879916	1.39887634646289	0.999999317877761
35.875	42.25	0.999999276011453	0.799920480376408	0.000696804246723825	1.19889787126023	0.999999529407445
36.125	42.25	0.999999513321488	0.799932677993209	0.000688596545415329	0.998916316519051	0.999999683658967
36.375	42.25	0.999999674189112	0.799944901183294	0.000681473859308707	0.798931682977714	0.999999788222923
36.625	42.25	0.999999748207379	0.799957132041936	0.000675410969741898	0.598943977117747	0.999999836334796
36.875	42.25	0.999999719564497	0.799969360827955	0.000670288490296742	0.398953211341918	0.999999817716923
37.125	42.25	0.999999599018598	0.799981642237343	0.000665921235280278	0.198959401108996	0.999999739362089
37.375	42.25	0.999999466570498	0.399993604391513	0.000662729829114206	-0.0010374764508607	0.999999653270824
0.125	42.75	-3.71450760276781e-12	0.399998191845867	-0.00011435004621669	18.0167646145414	0.349999999997586
0.375	42.75	-5.69748132927252e-12	0.7999945714224	-0.000114687007505895	17.9467649309621	0.349999999996297
0.625	42.75	-7.59448680723728e-12	0.799990938651393	-0.000115361914550678	17.8767655645237	0.349999999995064
0.875	42.75	-6.82351534399267e-12	0.799987285319418	-0.000116376736147315	17.8067665166663	0.349999999995565
1.125	42.75	-3.20903907466532e-13	0.799983603243104	-0.000117734425011186	17.7367677895473	0.349999999999791
1.375	42.75	1.47074699400124e-11	0.799979884281981	-0.000119438917185546	17.6667693860381	0.35000000000956
1.625	42.75	3.93944647475024e-11	0.799976120355196	-0.000121495130824565	17.5967713097198	0.350000000025606
1.875	42.75	7.13991493619308e-11	0.799972303460498	-0.000123908964270962	17.5267735648777	0.350000000046409
2.125	42.75	1.03119550964862e-10	0.79996842569733	-0.000126687293347695	17.4567761564939	0.350000000067028
2.375	42.75	1.20603178849633e-10	0.799964479294129	-0.000129837966897136	17.3867790902385	0.350000000078392
2.625	42.75	1.03965059833986e-10	0.799960456641269	-0.000133369800920573	17.316782372457	0.350000000067577
2.875	42.75	3.0095115303373e-11	0.79995635033019	-0.000137292570217108	17.2467860101562	0.350000000019562
3.125	42.75	-1.21797485400639e-10	0.799952153200183	-0.000141616997406487	17.1767900109845	0.349999999920832
3.375	42.75	-3.6169851666182e-10	0.799947858393622	-0.000146354738132737	17.1067943832069	0.349999999764896
3.625	42.75	-6.77898453622553e-10	0.799943459421625	-0.000151518362531828	17.0367991356746	0.349999999559366
3.875	42.75	-1.02508378865179e-09	0.799938950241224	-0.000157121331305462	16.9668042777852	0.349999999333696
4.125	42.75	-1.31387466943936e-09	0.799934325346435	-0.000163177965918848	16.8968098194355	0.349999999145981
4.375	42.75	-1.40554153599015e-09	0.799929579875356	-0.00016970341215042	16.8268157709634	0.349999999086398
4.625	42.75	-1.11686856423696e-09	0.799924709735786	-0.00017671359533912	16.7568221430804	0.349999999274035
4.875	42.75	-2.40851137184278e-10	0.799919711753165	-0.000184225166766654	16.686828946793	0.349999999843447
5.125	42.75	1.41157219432405e-09	0.799914583845284	-0.000192255439849565	16.6168361933145	0.350000000917522
5.375	42.75	3.94591950488871e-09	0.7999093252276	-0.000200822315010844	16.5468438939665	0.350000002564848
5.625	42.75	7.29646648105997e-09	0.799903936655609	-0.000209944192121625	16.4768520600722	0.350000004742703
5.875	42.75	1.11249022786053e-08	0.799898420709636	-0.000219639869517556	16.4068607028381	0.350000007231186
6.125	42.75	1.47218903105125e-08	0.799892782127726	-0.000229928428766138	16.3368698332238	0.350000009569229
6.375	42.75	1.69365139693719e-08	0.799887028194468	-0.000240829104513069	16.266879461791	0.350000011008734
6.625	42.75	1.61659547905162e-08	0.799881169191715	-0.000252361139087967	16.1968895985236	0.350000010507871
6.875	42.75	1.04424176256937e-08	0.799875218918955	-0.000264543622353299	16.1269002526008	0.350000006787571
7.125	42.75	-2.34547767936291e-09	0.79986919529209	-0.000277395317391425	16.0569114321031	0.349999998475439
7.375	42.75	-2.40655797921434e-08	0.799863121029501	-0.000290934474236432	15.9869231436232	0.349999984357373
7.625	42.75	-5.57716744497222e-08	0.799857024435882	-0.000305178634527327	15.9169353917514	0.349999963748412
7.875	42.75	-9.69540289029799e-08	0.799850940297175	-0.000320144432983716	15.8469481784008	0.349999936979881
8.125	42.75	-1.44646766882289e-07	0.799844910900362	-0.00033584740319922	15.7769615019418	0.349999905979601
8.375	42.75	-1.92468082496786e-07	0.799838987196935	-0.000352301800888911	15.7069753561163	0.349999874895746
8.625	42.75	-2.29717897700091e-07	0.799833230131272	-0.000369520463001353	15.636989728719	0.349999850683366
8.875	42.75	-2.40713270212182e-07	0.799827712159904	-0.000387514730168523	15.5670046000453	0.349999843536374
9.125	42.75	-2.04602659336005e-07	0.799822518994137	-0.000406294472246182	15.4970199411332	0.349999867008271
9.375	42.75	-9.59628349391149e-08	0.799817751605897	-0.00042586827297732	15.4270357118586	0.349999937624157
9.625	42.75	1.13458447306238e-07	0.799813528546751	-0.000446243852366682	15.3570518589812	0.350000073747991
9.875	42.75	4.51443230802289e-07	0.799809988644783	-0.000467428834186371	15.2870683142867	0.3500002934381
10.125	42.75	9.40013725003868e-07	0.799807294161923	-0.000489432003399518	15.2170849930187	0.350000611008921
10.375	42.75	1.58773857416285e-06	0.799805634518622	-0.000512265245929114	15.1471017928428	0.350001032030073
10.625	42.75	2.37931050090111e-06	0.799805230722955	-0.000535946421399112	15.0771185936265	0.350001546551826
10.875	42.75	3.26226156887386e-06	0.799806340678668	-0.000560503492200928	15.0071352583374	0.35000212047002
11.125	42.75	4.13101303758728e-06	0.799809265588503	-0.000585980318988525	14.9371516353469	0.350002685158474
11.375	42.75	4.80896822094534e-06	0.79981435771722	-0.000612444636645478	14.8671675623544	0.350003125829344
11.625	42.75	5.03008657283671e-06	0.799822029827438	-0.000639998847574401	14.7971828719874	0.350003269556272
11.875	42.75	4.42235228022482e-06	0.799832766649687	-0.000668794410502286	14.7271973988656	0.350002874528982
12.125	42.75	2.49677761720488e-06	0.799847138790785	-0.000699050764641096	14.6572109874949	0.350001622905451
12.375	42.75	-1.35296341235743e-06	0.799865819517265	-0.000731079907930494	14.5872234997611	0.349999120573782
12.625	42.75	-7.83355511722355e-06	0.799889604871872	-0.000765317938449164	14.5172348199922	0.349994908189174
12.875	42.75	-1.77093208777196e-05	0.799919437583921	-0.000802365060179593	14.4472448545323	0.349988488941429
13.125	42.75	-3.17237938035996e-05	0.799956435223212	-0.000843035726580539	14.3772535215342	0.349979379534028
13.375	42.75	-5.04743237148451e-05	0.800001923017653	-0.000888420717191696	14.3072607252436	0.349967191689585
13.625	42.75	-7.4227700425962e-05	0.80005747171279	-0.000939962962008328	14.2372663074784	0.349951751994723
13.875	42.75	-0.000102664744934238	0.800124940797979	-0.000999548773564468	14.1672699673773	0.349933267915793
14.125	42.75	-0.000134542718962142	0.800206527358823	-0.00106961571202501	14.0972711389141	0.349912547232675
14.375	42.75	-0.000167266347526711	0.800304820733358	-0.00115327745507148	14.0272688142778	0.349891276874108
14.625	42.75	-0.00019636124740056	0.800422863031653	-0.0012544645898433	13.9572613001349	0.34987236518919
14.875	42.75	-0.000214847474158568	0.800564215387658	-0.00137807796557819	13.887245893163	0.349860349141797
15.125	42.75	-0.000212515452931999	0.800733029484172	-0.00153014788616971	13.8172184611642	0.349861864955594
15.375	42.75	-0.000175111305431074	0.800934123320963	-0.00171798770490254	13.7471729166083	0.34988617765147
15.625	42.75	-8.34429805331581e-05	0.801173059238187	-0.00195032405834436	13.6771005706191	0.349945762062653
15.875	42.75	8.7577949378313e-05	0.801456220654274	-0.00223737787139476	13.6069893571387	0.350056925667096
16.125	42.75	0.000369941977133568	0.80179088158302	-0.00259086039499209	13.5368229191742	0.350240462285137
16.375	42.75	0.000803577821454406	0.802185259465946	-0.00302383723908989	13.4665795514862	0.350522325583945
16.625	42.75	0.00143740378031723	0.802648536915968	-0.00355040148611792	13.3962309966566	0.350934312457206
16.875	42.75	0.00233038234995742	0.803190831421412	-0.00418508610898579	13.3257410940648	0.351514748527472
17.125	42.75	0.00355257051236377	0.803823083949836	-0.00494193866557353	13.2550642838654	0.352309170833036
17.375	42.75	0.00518616248570159	0.804556828197294	-0.00583318140803342	13.1841439707034	0.353371005615706
17.625	42.75	0.0073265251868621	0.805403793184473	-0.00686739265470899	13.1129107548434	0.35476224137146
17.875	42.75	0.0100832283712836	0.806375285309097	-0.00804717678487063	13.0412805419323	0.356554098441334
18.125	42.75	0.013581071077921	0.807481295505374	-0.00936634726976721	12.9691525470425	0.358827696200649
18.375	42.75	0.01796110393427	0.808729287942753	-0.0108067356159443	12.8964072140218	0.361674717557276
18.625	42.75	0.0233816437479781	0.81012265478165	-0.0123348617398421	12.8229040771822	0.365198068436186
18.875	42.75	0.0300192726121883	0.811658872557705	-0.0138988547298499	12.7484795981477	0.369512527197922
19.125	42.75	0.0380698055038198	0.813327472558046	-0.0154261840638211	12.6729450150036	0.374745373577483
19.375	42.75	0.0477491883933101	0.815108036400061	-0.0168229239957225	12.5960842427482	0.381036972455652
19.625	42.75	0.0592942320366497	0.816968535038532	-0.0179753868726175	12.5176518641059	0.388541250823822
19.875	42.75	0.0729629580070682	0.818864418334554	-0.0187549688742371	12.4373712527465	0.397425922704594
20.125	42.75	0.0890340810869052	0.82073889648372	-0.0190268872654576	12.3549328887642	0.407872152706488
20.375	42.75	0.107804721105255	0.822524795537026	-0.0186630814666433	12.2699929805856	0.420073068718415
20.625	42.75	0.129584804204963	0.824148191830664	-0.0175588428291343	12.1821726293085	0.434230122733226
20.875	42.75	0.154685849325547	0.825533740396182	-0.0156517155567395	12.0910579932886	0.450545802061606
21.125	42.75	0.183401192472762	0.826611258783003	-0.0129399623093082	11.9962022465821	0.469210775107295
21.375	42.75	0.215974685442221	0.827322794408067	-0.00949668683296832	11.8971305363617	0.490383545537444
21.625	42.75	0.252556251058224	0.827629180551515	-0.0054750686836261	11.793349501691	0.514161563187846
21.875	42.75	0.293146091841654	0.827515028148907	-0.00110076833161422	11.6843629774042	0.540544959697075
22.125	42.75	0.337534946328782	0.826991208666587	0.00335009015959773	11.5696949604976	0.569397715113708
22.375	42.75	0.38525432798371	0.826094140329109	0.00758504805493941	11.4489195225915	0.600415313189411
22.625	42.75	0.435555170273406	0.824881622313005	0.0113350190540421	11.3216951719349	0.633110860677714
22.875	42.75	0.487431787075422	0.82342562965463	0.0143904460704624	11.1877987630211	0.666830661599024
23.125	42.75	0.539698071337115	0.821803325520094	0.0166253644729123	11.0471524405211	0.700803746369125
23.375	42.75	0.591106337849317	0.820088233137224	0.0180046000095147	10.899837335583	0.734219119602056
23.625	42.75	0.640483181301561	0.818343554877059	0.0185745762825074	10.7460902073987	0.766314067846015
23.875	42.75	0.686849676163501	0.816618828283285	0.0184425735061371	10.5862832434422	0.796452289506275
24.125	42.75	0.729499279364498	0.81494984352203	0.0177512007432183	10.4208912366946	0.824174531586923
24.375	42.75	0.768022434756302	0.813360725299825	0.0166542166093814	10.2504527876321	0.849214582591596
24.625	42.75	0.802283755805422	0.811866781230887	0.0152976558009587	10.0755323392066	0.871484441273524
24.875	42.75	0.832368438729298	0.810477073493149	0.0138077428975597	9.89668815042253	0.891039485174044
25.125	42.75	0.858516845827891	0.809196270715629	0.0122851674663361	9.71444879895075	0.908035949788129
25.375	42.75	0.881062189307694	0.808025808829933	0.0108042579674708	9.52929849521288	0.922690423050001
25.625	42.75	0.900379823469874	0.806964597012051	0.00941531536766691	9.34166995820381	0.935246885255418
25.875	42.75	0.916850876379298	0.806009505414325	0.00814856842305369	9.15194292927843	0.945953069646543
26.125	42.75	0.930839176953815	0.805155782860254	0.00701861711911559	8.96044637237236	0.95504546501998
26.375	42.75	0.942678675930298	0.804397462330186	0.00602865168961235	8.76746273692171	0.962741139354694
26.625	42.75	0.95266822167878	0.803727755630702	0.00517407816053901	8.57323310497359	0.969234344091207
26.875	42.75	0.961070967710187	0.80313941676035	0.00444542068489591	8.37796246232541	0.974696129011622
27.125	42.75	0.968116367470851	0.802625053430471	0.00383051573479497	8.18182466228414	0.979275638856053
27.375	42.75	0.974003376312976	0.802177375210976	0.00331608696599223	7.98496687913119	0.983102194603434
27.625	42.75	0.978904013821391	0.801789376726485	0.00288881657872171	7.78751349126744	0.986287608983904
27.875	42.75	0.98296681940386	0.801454461627359	0.00253602887870677	7.58956941372815	0.988928432612509
28.125	42.75	0.986319980796814	0.801166516987839	0.00224608818497515	7.39122293749511	0.991107987517929
28.375	42.75	0.989074062401912	0.800919948958986	0.00200859477556568	7.19254814536171	0.992898140561243
28.625	42.75	0.991324340016019	0.800709689908549	0.00181444396639794	6.99360697257788	0.994360821010412
28.875	42.75	0.993152785595665	0.800531185784729	0.00165579696127178	6.79445097249971	0.995549310637182
29.125	42.75	0.994629757890137	0.800380370657486	0.00152599859711377	6.59512283734521	0.996509342628589
29.375	42.75	0.995815453667559	0.800253633681397	0.00141946655331802	6.39565771424833	0.997280044883914
29.625	42.75	0.99676116697742	0.800147782259933	0.00133156864792679	6.19608434819277	0.997894758535323
29.875	42.75	0.997510394572435	0.800060004025021	0.00125849903558036	5.99642607645423	0.998381756472083
30.125	42.75	0.998099816473193	0.799987829363854	0.00119715998446639	5.79670169385798	0.998764880707575
30.375	42.75	0.998560172759847	0.799929095583813	0.00114505303305249	5.59692620425524	0.999064112293901
30.625	42.75	0.998917051399317	0.799881913354853	0.00110018137843848	5.39711147086124	0.999296083409556
30.875	42.75	0.999191597273867	0.799844635759068	0.00106096406704482	5.19726677620095	0.999474538228014
31.125	42.75	0.999401149387302	0.799815830070035	0.00102616174907331	4.99739930112598	0.999610747101746
31.375	42.75	0.999559811226775	0.799794252249184	0.000994813275782014	4.79751453149367	0.999713877297403
31.625	42.75	0.99967895817207	0.799778824061028	0.00096618215897734	4.59761660047454	0.999791322811845
31.875	42.75	0.999767685407891	0.799768612656898	0.000939711800996477	4.3977085739607	0.999848995515129
32.125	42.75	0.99983319978001	0.799762812447349	0.000914988389661592	4.19779268610446	0.999891579857006
32.375	42.75	0.999881159253402	0.799760729068158	0.000891710401154139	3.9978705315723	0.999922753514711
32.625	42.75	0.999915963925973	0.799761765239156	0.000869663739715696	3.79794322063044	0.999945376551883
32.875	42.75	0.999941002804305	0.799765408317106	0.000848701646434641	3.59801150267809	0.999961651822798
33.125	42.75	0.999958860674191	0.799771219353061	0.000828728611049203	3.39807586332102	0.999973259438224
33.375	42.75	0.999971489367897	0.799778823484404	0.000809687602029658	3.19813659954999	0.999981468089133
33.625	42.75	0.999980347589513	0.799787901521465	0.000791549980373601	2.99819387706981	0.999987225933183
33.875	42.75	0.999986513345876	0.799798182623	0.000774307492246131	2.79824777332276	0.999991233674819
34.125	42.75	0.999990773126527	0.799809437975994	0.00075796579174196	2.59829830924743	0.999994002532242
34.375	42.75	0.999993692375154	0.799821475375364	0.000742539108234343	2.39834547227809	0.99999590004385
34.625	42.75	0.999995672274628	0.799834134515575	0.000728046013426757	2.19838923249489	0.999997186978508
34.875	42.75	0.999996997687878	0.79984728267197	0.000714506723311806	1.99842955321743	0.99999804849712
35.125	42.75	0.999997879078996	0.799860810355103	0.000701942720647588	1.79846639685356	0.999998621401348
35.375	42.75	0.999998486460041	0.799874626646862	0.00069037916035013	1.59849972676946	0.999999016199027
35.625	42.75	0.999998966653129	0.7998886544762	0.000679848915081306	1.39852950664664	0.999999328324534
35.875	42.75	0.999999430639527	0.799902827098466	0.000670394166350494	1.19855570022717	0.999999629915692
36.125	42.75	0.999999903588967	0.79991708807173	0.000662058540110306	0.998578275720012	0.999999937332829
36.375	42.75	1.00000025505818	0.799931396954135	0.000654863402845804	0.798597218549871	1.00000016578782
36.625	42.75	1.00000017124986	0.799945740192852	0.00064877080945258	0.59861255106348	1.00000011131241
36.875	42.75	0.99999927410115	0.799960142092906	0.000643655156712368	0.398624347049596	0.999999528165748
37.125	42.75	0.999997481927345	0.799975239814179	0.000639330112508589	0.198632714991314	0.999998363252774
37.375	42.75	0.999995573540682	0.399987785491389	0.000636196519414283	-0.00136257586753057	0.999997122801443
0.125	43.25	-3.70457874680777e-12	0.3999978631203	-0.000106459982204662	18.0167839940379	0.349999999997592
0.375	43.25	-5.68656550407473e-12	0.799993584249912	-0.000106778480706716	17.9467843679866	0.349999999996304
0.625	43.25	-7.58692935974003e-12	0.799989290044519	-0.00010741648376205	17.8767851167784	0.349999999995068
0.875	43.25	-6.82888733837333e-12	0.799984970297584	-0.000108376004507065	17.8067862422021	0.349999999995561
1.125	43.25	-3.53056963008887e-13	0.79998061483043	-0.000109660065512631	17.736787746938	0.34999999999977
1.375	43.25	1.46334823134894e-11	0.79997621350504	-0.000111272701950722	17.6667896345552	0.350000000009512
1.625	43.25	3.92685419941161e-11	0.799971756240147	-0.000113218965952484	17.5967919095076	0.350000000025525
1.875	43.25	7.12255749433707e-11	0.799967233030482	-0.000115504931610751	17.5267945771283	0.350000000046297
2.125	43.25	1.02928368408739e-10	0.799962633970649	-0.000118137700645305	17.4567976436224	0.350000000066903
2.375	43.25	1.20459672459197e-10	0.799957949283694	-0.000121125408774077	17.3868011160587	0.350000000078299
2.625	43.25	1.03970552314219e-10	0.799953169356045	-0.00012447723218298	17.3168050023569	0.350000000067581
2.875	43.25	3.03707645096517e-11	0.799948284779266	-0.000128203394081602	17.246809311273	0.350000000019741
3.125	43.25	-1.21149409717974e-10	0.799943286400594	-0.000132315171024026	17.1768140523795	0.349999999921253
3.375	43.25	-3.6065232522375e-10	0.799938165382971	-0.000136824898769137	17.1068192360395	0.349999999765576
3.625	43.25	-6.76564834103123e-10	0.799932913276215	-0.000141745977097645	17.0368248733744	0.349999999560233
3.875	43.25	-1.02374425505087e-09	0.799927522101348	-0.000147092873533159	16.9668309762233	0.349999999334566
4.125	43.25	-1.3129638950615e-09	0.799921984450013	-0.000152881125352449	16.896837557092	0.349999999146573
4.375	43.25	-1.40556666794697e-09	0.799916293600693	-0.000159127339588846	16.8268446290929	0.349999999086382
4.625	43.25	-1.11828037522046e-09	0.799910443655511	-0.000165849190721491	16.7568522058722	0.349999999273118
4.875	43.25	-2.4390450548616e-10	0.799904429700898	-0.00017306541570722	16.6868603015266	0.349999999841462
5.125	43.25	1.40692290056388e-09	0.799898247994839	-0.000180795806052256	16.6168689305083	0.3500000009145
5.375	43.25	3.94004994856238e-09	0.799891896187936	-0.000189061197044127	16.5468781075196	0.350000002561032
5.625	43.25	7.2900023118442e-09	0.799885373580556	-0.000197883453874701	16.4768878473964	0.350000004738502
5.875	43.25	1.11184914029223e-08	0.799878681423402	-0.000207285455371699	16.4068981649805	0.350000007227019
6.125	43.25	1.4715785582808e-08	0.799871823266389	-0.000217291075413293	16.3369090749768	0.350000009565261
6.375	43.25	1.69299486777864e-08	0.799864805361336	-0.000227925163502371	16.2669205917904	0.350000011004467
6.625	43.25	1.61563794537933e-08	0.799857637124615	-0.000239213525775843	16.1969327293316	0.350000010501647
6.875	43.25	1.04248397443285e-08	0.799850331664917	-0.000251182908745656	16.1269455007747	0.350000006776146
7.125	43.25	-2.37854330237786e-09	0.799842906383137	-0.000263860988865698	16.0569589182481	0.349999998453947
7.375	43.25	-2.4122706874873e-08	0.799835383649007	-0.000277276371941993	15.9869729924304	0.349999984320241
7.625	43.25	-5.58584832367759e-08	0.7998277915613	-0.000291458608454008	15.9169877320212	0.349999963691986
7.875	43.25	-9.70650976442184e-08	0.799820164798783	-0.000306438232499898	15.8470031430548	0.349999936907687
8.125	43.25	-1.44752169213895e-07	0.799812545567792	-0.000322246835640555	15.7770192280265	0.34999990591109
8.375	43.25	-1.92493874233607e-07	0.799804984654839	-0.000338917191024494	15.7070359848072	0.349999874878982
8.625	43.25	-2.29521426752589e-07	0.799797542591493	-0.000356483449853293	15.6370534053342	0.349999850811073
8.875	43.25	-2.40056997465081e-07	0.799790290939662	-0.000374981440884971	15.5670714740862	0.349999843962952
9.125	43.25	-2.03134600829291e-07	0.799783313705104	-0.000394449116303367	15.4970901663762	0.349999867962509
9.375	43.25	-9.32180031453157e-08	0.799776708887094	-0.000414927203879307	15.4271094465322	0.349999939408298
9.625	43.25	1.18013106431236e-07	0.79977059017155	-0.00043646014798932	15.3571292660801	0.350000076708519
9.875	43.25	4.58288320304054e-07	0.799765088775626	-0.000459097450986125	15.2871495620923	0.350000297887408
10.125	43.25	9.49339123387073e-07	0.799760355450964	-0.000482895564223645	15.2171702559245	0.35000061707043
10.375	43.25	1.59903641869816e-06	0.799756562652493	-0.000507920524734992	15.1471912526195	0.350001039373672
10.625	43.25	2.39074377753478e-06	0.799753906877409	-0.000534251591464693	15.0772124413079	0.350001553983455
10.875	43.25	3.26975641793797e-06	0.799752611173787	-0.00056198620556601	15.0072336969693	0.350002125341672
11.125	43.25	4.1270411276886e-06	0.799752927805236	-0.00059124668223046	14.9372548839191	0.350002682576733
11.375	43.25	4.78102659425325e-06	0.799755141035335	-0.000622189140716468	14.8672758613294	0.350003107667286
11.625	43.25	4.95895742434812e-06	0.799759569954875	-0.000655015292094368	14.7972964909616	0.350003223322326
11.875	43.25	4.28034909139965e-06	0.799766571211179	-0.000689987833720789	14.7273166470406	0.350002782226909
12.125	43.25	2.24637657968284e-06	0.799776541402044	-0.000727450342914543	14.6573362278129	0.350001460144777
12.375	43.25	-1.75942082899509e-06	0.799789918761861	-0.00076785271733761	14.5873551677643	0.349998856376461
12.625	43.25	-8.45198744171519e-06	0.799807183585507	-0.000811783371009096	14.5173734487071	0.349994506208163
12.875	43.25	-1.85981713238089e-05	0.799828856603379	-0.00086000955028299	14.4473911069566	0.34998791118864
13.125	43.25	-3.29319295324829e-05	0.799855494240097	-0.000913527266698869	14.3774082326087	0.349978594245804
13.375	43.25	-5.20189474534158e-05	0.799887679363176	-0.000973622421803887	14.307424955521	0.349966187684155
13.625	43.25	-7.60571442719656e-05	0.799926005775643	-0.00104194467833498	14.2374414110332	0.349950562856223
13.875	43.25	-0.000104599009192585	0.799971054349055	-0.00112059544308947	14.1674576768087	0.349932010644025
14.125	43.25	-0.000136181986064592	0.800023358368896	-0.0012122308740576	14.0974736705347	0.349911481709058
14.375	43.25	-0.000167854301261394	0.800083355423424	-0.00132017997493096	14.0274889966827	0.34989089470418
14.625	43.25	-0.000194585713874731	0.800151323070807	-0.00144857641914709	13.9575027292236	0.349873519285981
14.875	43.25	-0.000208555536206401	0.800227295645826	-0.0016025005351301	13.8875131162072	0.349864438901466
15.125	43.25	-0.000198313672274624	0.800310960004736	-0.00178812461971943	13.8175171915219	0.349871096113021
15.375	43.25	-0.000147813987438654	0.800401528850474	-0.00201285013832804	13.7475102789776	0.349903920908165
15.625	43.25	-3.53226303847129e-05	0.800497591629389	-0.00228541912639933	13.6774853740573	0.34997704029025
15.875	43.25	0.000167793412120185	0.800596944931048	-0.00261597399811823	13.6074323891804	0.350109065717878
16.125	43.25	0.00049839047795005	0.800696406920999	-0.0030160299240861	13.5373372489789	0.350323953810667
16.375	43.25	0.00100297713301352	0.800791623607698	-0.0034983121997605	13.4671808227505	0.350651935136459
16.625	43.25	0.00173923928503484	0.800876878639782	-0.00407639836445435	13.3969376818388	0.351130505535273
16.875	43.25	0.00277765180991046	0.800944922713425	-0.00476409284733522	13.3265746701871	0.351805473676442
17.125	43.25	0.00420316367808466	0.800986843305611	-0.0055744533997768	13.2560492769278	0.352732056390755
17.375	43.25	0.00611693610667032	0.800992000033412	-0.00651838786370856	13.1853078010266	0.353976008469336
17.625	43.25	0.00863809939630652	0.800948055142151	-0.00760275307299849	13.1142833004415	0.355614764607599
17.875	43.25	0.0119054716594692	0.80084113218507	-0.00882792276170456	13.0428933229638	0.357738556578655
18.125	43.25	0.016079149924214	0.80065613876168	-0.0101848570805674	12.9710374240602	0.360451447450739
18.375	43.25	0.0213418403088034	0.800377291275307	-0.0116518105526021	12.8985944898288	0.363872196200722
18.625	43.25	0.0278997394003941	0.799988881006155	-0.0131909614474208	12.8254199015749	0.368134830610256
18.875	43.25	0.0359827148067463	0.799476320618936	-0.0147454274980024	12.7513426030929	0.373388764624385
19.125	43.25	0.0458434603784587	0.798827505940059	-0.0162373289002771	12.6761621625511	0.379798249245998
19.375	43.25	0.0577552210623787	0.798034513638974	-0.0175677271912428	12.5996459577786	0.387540893690546
19.625	43.25	0.072007592075169	0.797095621420334	-0.0186193437787089	12.5215266569928	0.39680493484886
19.875	43.25	0.0888997946730632	0.796017570533644	-0.0192628657447725	12.4415002184203	0.407784866537491
20.125	43.25	0.108730719124263	0.794817879672159	-0.0193673030969818	12.3592246962733	0.420674967430771
20.375	43.25	0.131784926825541	0.793526864934292	-0.0188142258898114	12.2743202242162	0.435660202436602
20.625	43.25	0.158313782695444	0.792188847198776	-0.0175148019836389	12.1863706575416	0.452903958752039
20.875	43.25	0.188511079667763	0.790861895815817	-0.0154274956820538	12.0949274902663	0.472532201784046
21.125	43.25	0.222483130827442	0.78961545831826	-0.0125733124136976	11.9995167995772	0.494614035037837
21.375	43.25	0.260214585566726	0.788525457488021	-0.00904493219490095	11.8996500447589	0.519139480618372
21.625	43.25	0.301533308673843	0.787666946582512	-0.00500635127504862	11.7948394498052	0.545996650637998
21.875	43.25	0.346080325917221	0.787105131503689	-0.000681020279959942	11.6846182858752	0.574952211846194
22.125	43.25	0.393293263826159	0.786886279732438	0.00367112476244208	11.5685655300858	0.605640621487003
22.375	43.25	0.442412458226581	0.787030435472252	0.00778443577780441	11.4463331365666	0.637568097847278
22.625	43.25	0.492516436404835	0.787527702957348	0.0114203899520849	11.3176727796888	0.670135683663143
22.875	43.25	0.542587208113741	0.788339113595869	0.0143958006652512	11.1824579272179	0.702681685273932
23.125	43.25	0.59159713628227	0.789401986644388	0.0166007816690952	11.0406970497176	0.734538138583476
23.375	43.25	0.638601490559597	0.790638609654959	0.0180036227448589	10.8925349927928	0.765090968863738
23.625	43.25	0.682817889624298	0.791966357210426	0.0186431763092709	10.7382418183113	0.793831628255794
23.875	43.25	0.723677471651901	0.793307224014713	0.018612203617759	10.5781910199264	0.820390356573736
24.125	43.25	0.760841224187058	0.794595154467831	0.0180365244691398	10.4128310187275	0.844546795721588
24.375	43.25	0.794184511191546	0.795780312457237	0.0170546048202096	10.2426546227807	0.866219932274505
24.625	43.25	0.823759614122395	0.796830266222947	0.0158008729391272	10.0681706332604	0.885443749179556
24.875	43.25	0.84974832058436	0.797728701917199	0.014394310665393	9.88988043237445	0.902336408379834
25.125	43.25	0.87241489667914	0.798472588206159	0.01293234909368	9.70826080625861	0.917069682841441
25.375	43.25	0.892066089861058	0.799068706376518	0.0114891309904397	9.52375292973993	0.929842958409688
25.625	43.25	0.909020997532021	0.79953024976469	0.0101168111618447	9.33675660040467	0.940863648395814
25.875	43.25	0.923590797356496	0.799873917509925	0.00884859981623911	9.14762845508679	0.950334018281722
26.125	43.25	0.936066750032087	0.800117678786194	0.00770251569729086	8.95668290274284	0.958443387520857
26.375	43.25	0.946714334762864	0.800279209655071	0.00668514437378773	8.76419470545152	0.965364317595861
26.625	43.25	0.955771475414808	0.800374908735468	0.00579499485099648	8.57040240599907	0.971251459019625
26.875	43.25	0.963449213967001	0.800419362011355	0.00502527312554845	8.37551205656763	0.97624198907855
27.125	43.25	0.969933654728954	0.800425128436174	0.00436603955439684	8.17970091128237	0.98045687557382
27.375	43.25	0.975388416147725	0.800402737520606	0.00380580102585315	7.98312089689766	0.984002470496021
27.625	43.25	0.979957142796236	0.80036081519503	0.00333262725954647	7.78590177665534	0.986972142817554
27.875	43.25	0.983765847540385	0.800306278040541	0.00293489002950336	7.5881539837765	0.98944780090125
28.125	43.25	0.986924990724754	0.800244555582044	0.00260171762376999	7.38997113488792	0.99150124397109
28.375	43.25	0.989531281541245	0.800179815138546	0.00232324314318133	7.19143224967953	0.99319533300181
28.625	43.25	0.991669226151611	0.800115174235612	0.00209070957578783	6.99260370842998	0.994584996998547
28.875	43.25	0.993412462608365	0.800052892687849	0.00189647978959008	6.79354097860126	0.995718100695437
29.125	43.25	0.994824924579071	0.799994541050321	0.00173398692213436	6.59429013857444	0.996636200976396
29.375	43.25	0.995961871072885	0.799941144968408	0.00159765045493966	6.39488922259154	0.997375216197376
29.625	43.25	0.99687081189251	0.79989330660024	0.00148277541274587	6.19536940706151	0.997966027730132
29.875	43.25	0.997592350710838	0.799851305156166	0.00138544628584707	5.99575605503313	0.998435027962045
30.125	43.25	0.99816096069412	0.799815178979903	0.00130242304790965	5.7960696329821	0.998804624451178
30.375	43.25	0.998605701973221	0.799784791675785	0.00123104366350919	5.59632651207827	0.999093706282593
30.625	43.25	0.998950886116378	0.799759884689722	0.00116913543487348	5.3965396646897	0.999318075975646
30.875	43.25	0.999216689978886	0.799740118558817	0.00111493617350847	5.19671926590721	0.999490848486276
31.125	43.25	0.999419719689139	0.799725104805885	0.0010670253044553	4.99687320920463	0.999622817797941
31.375	43.25	0.999573524828708	0.799714430202949	0.00102426447269022	4.79700754486756	0.99972279113866
31.625	43.25	0.999689062829881	0.799707674880685	0.000985746915949408	4.59712684943501	0.999797890839423
31.875	43.25	0.999775114024177	0.799704425530109	0.000950754719385745	4.39723453403273	0.999853824115715
32.125	43.25	0.999838648439533	0.799704284733106	0.000918723022054542	4.19733309909051	0.999895121485696
32.375	43.25	0.999885146203602	0.799706877271827	0.000889210266471977	3.99742434250062	0.999925345032341
32.625	43.25	0.999918874131458	0.799711854103111	0.000861873644758903	3.79750952778462	0.999947268185447
32.875	43.25	0.999943121643086	0.799718894544064	0.000836448977541888	3.59758951829799	0.999963029068006
33.125	43.25	0.999960399483995	0.799727707102269	0.000812734345709134	3.39766488293701	0.999974259664597
33.375	43.25	0.999972604791425	0.799738029303564	0.000790576861819364	3.19773597824885	0.999982193114426
33.625	43.25	0.999981155959604	0.799749626824471	0.000769862006746618	2.99780301130524	0.999987751373743
33.875	43.25	0.999987100765028	0.79976229221441	0.000750504977748322	2.79786608718465	0.999991615497268
34.125	43.25	0.999991201662262	0.799775843461462	0.000732443541251006	2.59792524437815	0.99999428108047
34.375	43.25	0.999994003243226	0.79979012255949	0.000715632033886194	2.39798048081831	0.999996102108097
34.625	43.25	0.999995888175768	0.799804994022388	0.000700036476145373	2.19803177246844	0.999997327314249
34.875	43.25	0.999997128115558	0.799820342979429	0.000685631218500491	1.99807908555615	0.999998133275113
35.125	43.25	0.999997932843997	0.799836072238436	0.00067239787306419	1.79812238288306	0.999998656348598
35.375	43.25	0.999998492336011	0.799852097871196	0.000660326975447943	1.59816162475533	0.999999020018407
35.625	43.25	0.999998993884931	0.799868343875586	0.000649421288745556	1.39819676656602	0.999999346025205
35.875	43.25	0.99999958765395	0.799884738409193	0.000639696839577069	1.19822775794292	0.999999731975068
36.125	43.25	1.00000028457053	0.799901216169611	0.000631174991696031	0.998254551169224	1.00000018497084
36.375	43.25	1.00000081740325	0.799917731533418	0.000623859437963402	0.798277125686189	1.00000053131211
36.625	43.25	1.00000058066576	0.799934281878599	0.000617700457987628	0.598295526064158	1.00000037743274
36.875	43.25	0.999998848026191	0.799950930365553	0.000612567486170777	0.398309890475028	0.999999251217024
37.125	43.25	0.999995448761381	0.799968879955692	0.000608274511719295	0.19832042074459	0.999997041694898
37.375	43.25	0.999991833141775	0.399982122276178	0.000605200092557255	-0.00167331124181902	0.999994691542154
0.125	43.75	-3.70328568346131e-12	0.399997554848837	-9.72959241225215e-05	18.0168018777422	0.349999999997593
0.375	43.75	-5.68615417528936e-12	0.79999265841927	-9.75919358137095e-05	17.9468023056394	0.349999999996304
0.625	43.75	-7.58904819679782e-12	0.79998774360378	-9.81849821977256e-05	17.8768031625062	0.349999999995067
0.875	43.75	-6.83565467419874e-12	0.799982798155976	-9.90771119230058e-05	17.8068044504872	0.349999999995557
1.125	43.75	-3.6636111112108e-13	0.799977809848277	-0.000100271404215973	17.7368061727977	0.349999999999762
1.375	43.75	1.46132377178687e-11	0.799972766481178	-0.000101771976534162	17.6668083337214	0.350000000009499
1.625	43.75	3.92443491109487e-11	0.799967655896046	-0.000103583994695245	17.5968109386078	0.350000000025509
1.875	43.75	7.12062818811505e-11	0.799962465991432	-0.000105713685421678	17.5268139938681	0.350000000046284
2.125	43.75	1.02930987397016e-10	0.799957184743253	-0.00010816835150409	17.45681750697	0.350000000066905
2.375	43.75	1.20509651066864e-10	0.799951800231158	-0.000110956389382737	17.3868214864309	0.350000000078331
2.625	43.75	1.04096622622559e-10	0.799946300670529	-0.000114087309150577	17.3168259418083	0.350000000067663
2.875	43.75	3.05905350273228e-11	0.799940674451889	-0.000117571757161917	17.246830883687	0.350000000019884
3.125	43.75	-1.2085407246944e-10	0.799934910189583	-0.000121421540965708	17.1768363236622	0.349999999921445
3.375	43.75	-3.60363596196608e-10	0.799928996779792	-0.000125649656739689	17.1068422743166	0.349999999765764
3.625	43.75	-6.76444689487555e-10	0.799922923470284	-0.000130270319475655	17.036848749191	0.349999999560311
3.875	43.75	-1.02401583938433e-09	0.799916679943441	-0.00013529899527076	16.966855762747	0.34999999933439
4.125	43.75	-1.31384161298911e-09	0.799910256414524	-0.000140752436852472	16.8968633303193	0.349999999146003
4.375	43.75	-1.40713557096359e-09	0.799903643746863	-0.000146648721562654	16.8268714680584	0.349999999085362
4.625	43.75	-1.12034979698949e-09	0.799896833587966	-0.000153007292552365	16.7568801928619	0.349999999271773
4.875	43.75	-2.45881661234888e-10	0.799889818528348	-0.00015984900362307	16.6868895222943	0.349999999840177
5.125	43.75	1.40608325399132e-09	0.799882592287928	-0.00016719616778184	16.616899474496	0.350000000913954
5.375	43.75	3.94175909546976e-09	0.799875149933934	-0.000175072610735702	16.5469100680811	0.350000002562143
5.625	43.75	7.29574509670159e-09	0.799867488134723	-0.000183503729791039	16.4769213220254	0.350000004742234
5.875	43.75	1.11292475248534e-08	0.799859605454393	-0.00019251655983193	16.4069332555434	0.350000007234011
6.125	43.75	1.47310924709965e-08	0.799851502693154	-0.000202139847694543	16.3369458879501	0.35000000957521
6.375	43.75	1.69465917728712e-08	0.799843183277696	-0.000212404136953319	16.2669592385048	0.350000011015285
6.625	43.75	1.61668316125071e-08	0.799834653705923	-0.000223341865954795	16.1969733262231	0.35000001050844
6.875	43.75	1.04158021435691e-08	0.799825924049963	-0.000234987481725691	16.1269881696453	0.350000006770271
7.125	43.75	-2.42681968693623e-09	0.799817008520849	-0.000247377573959035	16.057003786538	0.349999998422567
7.375	43.75	-2.42352408076463e-08	0.799807926097994	-0.000260551033764133	15.9870201935056	0.349999984247093
7.625	43.75	-5.60610365155401e-08	0.799798701224176	-0.000274549242963738	15.9170374054807	0.349999963560326
7.875	43.75	-9.73745166587091e-08	0.799789364569071	-0.000289416301637819	15.8470554350632	0.349999936706564
8.125	43.75	-1.45159813051778e-07	0.799779953859709	-0.000305199303890556	15.7770742916808	0.349999905646121
8.375	43.75	-1.92940921270467e-07	0.799770514776992	-0.000321948675066722	15.7070939805473	0.349999874588401
8.625	43.75	-2.29866330037537e-07	0.799761101913294	-0.000339718588397502	15.6371145014128	0.349999850586885
8.875	43.75	-2.40038113356618e-07	0.799751779783989	-0.000358567486026589	15.5671358471169	0.349999843975226
9.125	43.75	-2.02335394296774e-07	0.79974262387968	-0.000378558738728972	15.4971580019874	0.349999868481994
9.375	43.75	-9.1048473503787e-08	0.799733721739712	-0.000399761491312977	15.4271809401637	0.349999940818492
9.625	43.75	1.22297036547732e-07	0.799725174018892	-0.000422251757953737	15.3572046239723	0.350000079493074
9.875	43.75	4.65496157172302e-07	0.79971709550751	-0.000446113853617836	15.2872290025378	0.350000302572502
10.125	43.75	9.60146599285404e-07	0.799709616048921	-0.000471442275221806	15.2172540108751	0.350000624095289
10.375	43.75	1.61362582525272e-06	0.799702881278986	-0.000498344180570638	15.1472795697738	0.350001048856786
10.625	43.75	2.40822962939996e-06	0.79969705308147	-0.000526942653622961	15.0773055868456	0.350001565349259
10.875	43.75	3.28734656248111e-06	0.799692309614066	-0.000557380992291181	15.0073319591522	0.350002136775266
11.125	43.75	4.1389023608764e-06	0.799688844701655	-0.000589828309729214	14.9373585778412	0.350002690286535
11.375	43.75	4.77686548812312e-06	0.799686866311448	-0.000624486800641803	14.867385335182	0.350003104962567
11.625	43.75	4.92240202272905e-06	0.799686593711566	-0.000661601090232445	14.7974121342757	0.350003199561315
11.875	43.75	4.18733909918942e-06	0.799688252756416	-0.000701470154181148	14.7274389014865	0.350002721770414
12.125	43.75	2.06395623277513e-06	0.79969206853163	-0.000744462369702673	14.6574656012759	0.350001341571551
12.375	43.75	-2.07323942838728e-06	0.799698254314787	-0.000791034329461554	14.5874922525773	0.349998652394372
12.625	43.75	-8.94623349245255e-06	0.79970699545668	-0.000841754115493197	14.5175189451052	0.34999418494823
12.875	43.75	-1.93231986439156e-05	0.799718426355845	-0.000897329783003424	14.4475458530263	0.349987439920881
13.125	43.75	-3.39276360934942e-05	0.799732598186413	-0.000958643832458725	14.3775732422312	0.349977947036539
13.375	43.75	-5.32935972287344e-05	0.79974943445549	-0.00102679443518159	14.3076014660453	0.349965359161801
13.625	43.75	-7.7552132941537e-05	0.799768670833744	-0.00110314409608715	14.2376309426517	0.349949591113588
13.875	43.75	-0.000106133174113291	0.799789775065355	-0.00118937624749536	14.1676621058185	0.349931013436826
14.125	43.75	-0.000137366798803878	0.799811842180695	-0.00128755991284196	14.0976953188247	0.349910711580777
14.375	43.75	-0.000167968378485211	0.799833459806121	-0.00140022197821398	14.0277307398306	0.349890820553985
14.625	43.75	-0.000192393409753652	0.799852538218837	-0.00153042565558517	13.9577681254626	0.34987494428366
14.875	43.75	-0.000202049806419248	0.799866100108486	-0.00168185227379486	13.8878065581164	0.349868667625827
15.125	43.75	-0.000184357812061225	0.799870026011278	-0.00185888142054343	13.8178440815	0.34988016742216
15.375	43.75	-0.000121650172886528	0.799858753367382	-0.00206666148196118	13.7478772281989	0.349920927387624
15.625	43.75	1.00925548903063e-05	0.79982493047277	-0.00231115857716974	13.6779004225039	0.350006560160679
15.875	43.75	0.000242674951278348	0.799759031663139	-0.00259916658306066	13.6079052412507	0.350157738718331
16.125	43.75	0.000617290100219195	0.799648947328933	-0.00293825429856356	13.5378795148471	0.350401238565142
16.375	43.75	0.00118629446777994	0.799479572257054	-0.00333661791849294	13.4678062498287	0.350771091404057
16.625	43.75	0.00201515350155423	0.799232428666413	-0.00380279834816032	13.39766235314	0.35130984977601
16.875	43.75	0.00318455283827052	0.798885376261801	-0.00434521456462916	13.3274171369461	0.352069959344876
17.125	43.75	0.00479266081013129	0.798412480331388	-0.00497145819297303	13.2570305815039	0.353115229526585
17.375	43.75	0.00695751068837348	0.797784129268459	-0.00568729392419558	13.186451333148	0.354522381947443
17.625	43.75	0.00981944201583044	0.796967512686358	-0.00649532006810601	13.1156144159275	0.35638263731029
17.875	43.75	0.0135434953928346	0.795927586718941	-0.00739326962488838	13.0444386404454	0.358803272005342
18.125	43.75	0.018321590295337	0.794628658365598	-0.00837198188248963	12.9728237040288	0.361909033691969
18.375	43.75	0.0243742277757109	0.793036707872967	-0.00941315404433443	12.9006469947865	0.365843248054212
18.625	43.75	0.03195134755594	0.791122527313608	-0.0104870941541457	12.8277601407876	0.370768375911361
18.875	43.75	0.0413318328610535	0.788865674366252	-0.0115508342741889	12.7539853867506	0.376865691359685
19.125	43.75	0.0528210012671467	0.786259114756306	-0.0125471057944561	12.6791119361581	0.384333650823645
19.375	43.75	0.0667452580787783	0.783314253683713	-0.0134047876198479	12.6028924679537	0.393384417751206
19.625	43.75	0.0834429459128823	0.780065847429592	-0.0140414558835264	12.5250401245805	0.404237914843373
19.875	43.75	0.103250349370984	0.776576071117521	-0.0143685267455016	12.4452263713612	0.41711272709114
20.125	43.75	0.126481892956611	0.772936847737814	-0.0142991429944971	12.3630802423704	0.432213230421797
20.375	43.75	0.153403936985689	0.769269483122676	-0.0137584079779624	12.2781896046144	0.449712559040698
20.625	43.75	0.184202401657307	0.765720769493326	-0.0126948887727898	12.1901051676316	0.46973156107725
20.875	43.75	0.218945888762007	0.762455064962767	-0.0110916501654731	12.098347997598	0.492314827695305
21.125	43.75	0.257548037303649	0.759642434180688	-0.00897465645656905	12.0024211998584	0.517406224247372
21.375	43.75	0.299735231773555	0.757443692308302	-0.00641640004259101	11.9018261349841	0.544827900652811
21.625	43.75	0.345027693739789	0.755994008162993	-0.00353320567079463	11.7960829707237	0.574268000930863
21.875	43.75	0.392742241646599	0.755387404376624	-0.000475774873399694	11.6847545503675	0.60528245707029
22.125	43.75	0.442022484751929	0.755664811833475	0.00258605345873516	11.5674715979686	0.637314615088754
22.375	43.75	0.491896686791698	0.756808079212787	0.00548200885021279	11.44395643541	0.669732846414604
22.625	43.75	0.541356289083168	0.758741414732663	0.00806036010866364	11.3140419828888	0.701881587904059
22.875	43.75	0.589441778987535	0.761340283257875	0.010203804847183	11.1776831204638	0.733137156341898
23.125	43.75	0.635320002381227	0.7644461890603	0.0118396015327429	11.0349585573881	0.762958001547798
23.375	43.75	0.678339415958893	0.767884559289641	0.0129425884778762	10.8860629518546	0.790920620373281
23.625	43.75	0.718056117805141	0.771482507386428	0.0135313295293372	10.7312906912328	0.816736476573342
23.875	43.75	0.754231085300778	0.775083687098517	0.0136590245953361	10.5710139994115	0.840250205445505
24.125	43.75	0.786805089997566	0.778558499026627	0.0134016327825109	10.4056585776664	0.861423308498418
24.375	43.75	0.815860674027891	0.781809156518286	0.0128457227786054	10.2356797805981	0.880309438118129
24.625	43.75	0.841580364909071	0.784770164106946	0.0120780151629347	10.0615415884029	0.897027237190896
24.875	43.75	0.864208047726258	0.787405391495442	0.0111777220038971	9.88369967507342	0.911735231022068
25.125	43.75	0.884017448623121	0.78970311666561	0.0102119447166725	9.70258897086444	0.924611341605028
25.375	43.75	0.901289036411211	0.791670272584276	0.00923377597731924	9.51861544690733	0.935837873667287
25.625	43.75	0.916294819852733	0.79332681836717	0.00828243284721521	9.33215145972771	0.945591632904276
25.875	43.75	0.92928956303766	0.794700803249799	0.00738468284430803	9.14353384747341	0.954038215974479
26.125	43.75	0.940506667945801	0.795824386815153	0.00655692048518604	8.95306399307219	0.961329334164771
26.375	43.75	0.950157118132474	0.796730858655509	0.00580741804298427	8.76100918543833	0.967602126786108
26.625	43.75	0.958430212110304	0.797452566781841	0.00513844619069548	8.56760475863353	0.972979637871698
26.875	43.75	0.965495185449737	0.798019600065181	0.00454810313099153	8.37305663316603	0.977571870542329
27.125	43.75	0.971503144607308	0.798459053846197	0.00403179327161874	8.17754400496509	0.981477043994751
27.375	43.75	0.976588982510352	0.798794719716032	0.00358336077793815	7.98122202051305	0.984782838631729
27.625	43.75	0.980873115703395	0.799047065528546	0.00319591769716788	7.78422434291338	0.987567525207207
27.875	43.75	0.984462988872977	0.799233400385843	0.00286242015484033	7.58666555818794	0.989900942767435
28.125	43.75	0.987454351868792	0.799368146310975	0.00257604738868428	7.38864339932853	0.991845328714715
28.375	43.75	0.989932342431726	0.79946316116755	0.00233043301269297	7.19024078247858	0.993456022580622
28.625	43.75	0.991972416795967	0.799528075459494	0.00211978978103076	6.99152765896248	0.994782070917379
28.875	43.75	0.993641168661528	0.799570619236573	0.00193896054622772	6.79256269153842	0.995866759629993
29.125	43.75	0.994997070283796	0.799596925135864	0.00178342027344515	6.59339476517027	0.996748095684468
29.375	43.75	0.996091160968816	0.799611800396279	0.00164924737850258	6.39406434306165	0.99745925462973
29.625	43.75	0.996967699989703	0.799618965225058	0.00153307739817714	6.19460467845676	0.998029004993307
29.875	43.75	0.997664793801839	0.799621257786989	0.00143204796929428	5.99504289223877	0.998482115971195
30.125	43.75	0.998215001812813	0.799620807812593	0.00134374109769652	5.79540092588311	0.998839751178329
30.375	43.75	0.998645920909015	0.799619181747275	0.0012661265317836	5.5956963789481	0.99911984859086
30.625	43.75	0.998980746326644	0.799617502757066	0.00119750852688155	5.39594324002512	0.999337485112319
30.875	43.75	0.999238805063859	0.799616548959937	0.00113647723523629	5.19615251990056	0.999505223291509
31.125	43.75	0.999436057611796	0.799616833098204	0.00108186525249922	4.99633279555692	0.999633437447667
31.375	43.75	0.999585564083609	0.799618666599801	0.00103270939625005	4.79649067351594	0.999730616654346
31.625	43.75	0.999697911611698	0.799622210653984	0.000988217510594697	4.59663118086143	0.999803642547604
31.875	43.75	0.999781600965386	0.799627516590574	0.000947739929586917	4.39675809204611	0.999858040627501
32.125	43.75	0.999843391550493	0.79963455752328	0.00091074515275845	4.19687419926719	0.999898204507821
32.375	43.75	0.999888605151978	0.799643252910573	0.000876799261992503	3.99698153378549	0.999927593348786
32.625	43.75	0.999921389849209	0.799653487408135	0.000845548621163894	3.79708154506947	0.999948903401986
32.875	43.75	0.999944946356673	0.799665125140698	0.000816705432269454	3.59717524408809	0.999964215131838
33.125	43.75	0.999961719530895	0.799678020315429	0.000790035757894464	3.3972633164874	0.999975117695082
33.375	43.75	0.999973557925248	0.799692024942813	0.000765349643655299	3.19734621080177	0.999982812651411
33.625	43.75	0.9999818442169	0.799706994328805	0.000742492975772053	2.99742420630198	0.999988198740985
33.875	43.75	0.999987599440389	0.799722790939587	0.000721340697652098	2.79749746456426	0.999991939636253
34.125	43.75	0.999991564738449	0.799739287169801	0.000701791027032472	2.59756606829845	0.999994517079992
34.375	43.75	0.999994266066095	0.799756367385387	0.000683760434289195	2.39763005028888	0.999996272942962
34.625	43.75	0.999996069404306	0.799773929285514	0.000667179426337173	2.19768941438747	0.999997445112799
34.875	43.75	0.999997234556469	0.799791884153091	0.000651989595510212	1.99774414942605	0.999998202461705
35.125	43.75	0.999997971195825	0.799810155175334	0.000638142696025514	1.79779423610404	0.999998681277286
35.375	43.75	0.999998488697658	0.799828673227231	0.00062560221075746	1.59783964717401	0.999999017653478
35.625	43.75	0.999999013172617	0.799847370942518	0.00061434641504655	1.39788034348498	0.999999358562201
35.875	43.75	0.99999973231554	0.799866178728426	0.000604369267230964	1.19791627270432	0.999999826005101
36.125	43.75	1.00000064371027	0.799885029464564	0.000595672808037345	0.997947381689806	1.00000041841167
36.375	43.75	1.00000135010379	0.799903878768762	0.000588245274758536	0.797973652298177	1.00000087756746
36.625	43.75	1.00000096843792	0.799922740213782	0.000582027127057543	0.597995156852255	1.00000062948465
36.875	43.75	0.999998440757318	0.799941719433697	0.000576884875379413	0.398012100002517	0.999998986492257
37.125	43.75	0.999993511347292	0.799962564103217	0.000572634876215181	0.198024776309466	0.99999578237574
37.375	43.75	0.999988269751421	0.399976638218375	0.000569631294479397	-0.00196742802488458	0.999992375338424
0.125	44.25	-3.71144337570818e-12	0.399997271096922	-8.6947819327893e-05	18.0168180498601	0.349999999997588
0.375	44.25	-5.69804437619291e-12	0.799991806133783	-8.72172520350959e-05	17.946818527415	0.349999999996296
0.625	44.25	-7.60443256823777e-12	0.799986319692292	-8.77571473904072e-05	17.8768194837772	0.349999999995057
0.875	44.25	-6.84956621226042e-12	0.799980797453568	-8.85695691247633e-05	17.8068209214524	0.349999999995548
1.125	44.25	-3.67792909668356e-13	0.799975225101206	-8.96576228120952e-05	17.7368228441988	0.349999999999761
1.375	44.25	1.46421345376801e-11	0.799969588324123	-9.10254677704971e-05	17.6668252570267	0.350000000009517
1.625	44.25	3.93271555401083e-11	0.799963872822255	-9.26783330399103e-05	17.5968281661978	0.350000000025563
1.875	44.25	7.13671592600693e-11	0.799958064316609	-9.46225376334596e-05	17.5268315792247	0.350000000046389
2.125	44.25	1.03182948887079e-10	0.799952148562327	-9.68655150610879e-05	17.4568355048686	0.350000000067069
2.375	44.25	1.20835121897057e-10	0.799946111367866	-9.94158422593805e-05	17.3868399531368	0.350000000078543
2.625	44.25	1.04423917956093e-10	0.799939938619858	-0.000102283273237696	17.3168449352778	0.350000000067876
2.875	44.25	3.07774345634395e-11	0.799933616315161	-0.000105478777490462	17.2468504637737	0.350000000020005
3.125	44.25	-1.21012904243726e-10	0.799927130601415	-0.000109014583579605	17.1768565523297	0.349999999921342
3.375	44.25	-3.61092041362434e-10	0.79992046782685	-0.000112904228248046	17.1068632158576	0.34999999976529
3.625	44.25	-6.77904884225471e-10	0.799913614601425	-0.000117162611023064	17.0368704704541	0.349999999559362
3.875	44.25	-1.02621135409824e-09	0.799906557870565	-0.000121806055516117	16.9668783333714	0.349999999332963
4.125	44.25	-1.31652925052372e-09	0.799899285002927	-0.000126852377062642	16.8968868229788	0.349999999144256
4.375	44.25	-1.40975630718935e-09	0.799891783895375	-0.000132320958047073	16.8268959587159	0.349999999083658
4.625	44.25	-1.12196410367706e-09	0.799884043096212	-0.000138232831237887	16.7569057610339	0.349999999270723
4.875	44.25	-2.45088336335262e-10	0.799876051950656	-0.00014461077226443	16.6869162513284	0.349999999840693
5.125	44.25	1.41122277372152e-09	0.799867800771635	-0.000151479402233519	16.6169274518615	0.350000000917295
5.375	44.25	3.953681076478e-09	0.799859281039845	-0.000158865301863302	16.5469393856742	0.350000002569893
5.625	44.25	7.31703420365207e-09	0.799850485637278	-0.000166797138799349	16.4769520764918	0.350000004756072
5.875	44.25	1.11617609997213e-08	0.799841409118015	-0.000175305809685438	16.4069655486182	0.350000007255145
6.125	44.25	1.47744054342068e-08	0.799832048020738	-0.000184424599406606	16.3369798268197	0.350000009603363
6.375	44.25	1.69957532941355e-08	0.799822401226035	-0.000194189360164154	16.2669949361914	0.35000001104724
6.625	44.25	1.62096286896958e-08	0.799812470361593	-0.000204638712705135	16.197010901997	0.350000010536259
6.875	44.25	1.04300084210057e-08	0.799802260257819	-0.000215814273443108	16.1270277494668	0.350000006779505
7.125	44.25	-2.47536613813213e-09	0.799791779455191	-0.000227760911042239	16.0570455035354	0.349999998391012
7.375	44.25	-2.43924335209926e-08	0.79978104076412	-0.000240527035872688	15.9870641884927	0.349999984144918
7.625	44.25	-5.63803815967493e-08	0.799770061875961	-0.000254164927737266	15.9170838275215	0.349999963352752
7.875	44.25	-9.79068872313204e-08	0.799758866023544	-0.000268731106024742	15.847104442091	0.349999936360523
8.125	44.25	-1.45934692154004e-07	0.799747482685831	-0.000284286748868767	15.7771260511799	0.34999990514245
8.375	44.25	-1.93937076594334e-07	0.799735948330116	-0.000300898168317935	15.707148670309	0.3499998739409
8.625	44.25	-2.30971009332565e-07	0.799724307180231	-0.00031863735110269	15.6371723103786	0.349999849868844
8.875	44.25	-2.4099615945061e-07	0.79971261199364	-0.000337582577369816	15.5671969763262	0.349999843352496
9.125	44.25	-2.02693480327828e-07	0.799700924823824	-0.000357819134376404	15.4972226656508	0.349999868249238
9.375	44.25	-9.01051757606521e-08	0.799689317734241	-0.000379440148079378	15.42724936689	0.349999941431636
9.625	44.25	1.25517369869921e-07	0.799677873416046	-0.000402547563443103	15.3572770581856	0.35000008158629
9.875	44.25	4.72219164057267e-07	0.799666685646752	-0.000427253314105316	15.2873057061336	0.350000306942457
10.125	44.25	9.71737576003404e-07	0.799655859502421	-0.000453680733682272	15.2173352651773	0.350000631629424
10.375	44.25	1.63134949594279e-06	0.799645511206591	-0.000481966273605379	15.1473656778763	0.350001060377172
10.625	44.25	2.43283152889706e-06	0.7996357674577	-0.000512261605575072	15.077396876445	0.350001581340494
10.875	44.25	3.31840972787365e-06	0.799626764020527	-0.000544736198282883	15.007428786008	0.350002156966323
11.125	44.25	4.17394659442167e-06	0.799618643288527	-0.000579580467059506	14.9374613300358	0.350002713065286
11.375	44.25	4.81018716164598e-06	0.799611550417324	-0.000617009597077519	14.8674944383955	0.350003126621655
11.625	44.25	4.94370725554707e-06	0.799605627481849	-0.000657268135612197	14.7975280583369	0.350003213409716
11.875	44.25	4.18031045847178e-06	0.799601004912113	-0.000700635429996396	14.7275621685153	0.350002717201798
12.125	44.25	2.00502249306119e-06	0.799597789201533	-0.000747431954678519	14.657596795792	0.35000130326462
12.375	44.25	-2.21547846687135e-06	0.799596045543694	-0.000798026518693663	14.587632034009	0.349998559938997
12.625	44.25	-9.21022702984113e-06	0.799595773629775	-0.000852844271727385	14.5176680631976	0.349994013352431
12.875	44.25	-1.97512814920233e-05	0.799596874320672	-0.000912375331039574	14.4477051667098	0.34998716166703
13.125	44.25	-3.45590285668397e-05	0.799599104296483	-0.00097718373271543	14.377743742569	0.349977536631431
13.375	44.25	-5.41515731217513e-05	0.79960201509119	-0.0010479162691558	14.3077843039301	0.349964801477471
13.625	44.25	-7.86226775946709e-05	0.799604872169315	-0.00112531061295675	14.2378274619562	0.349948895259563
13.875	44.25	-0.000107331601513928	0.799606548939909	-0.00121020194835586	14.1678738827197	0.349930234459016
14.125	44.25	-0.000138487737597221	0.799605389908856	-0.00130352713827077	14.0979242079995	0.349909982970562
14.375	44.25	-0.000168613228600648	0.799599036655792	-0.00140632525139931	14.0279789281497	0.34989040140141
14.625	44.25	-0.000191867763487064	0.799584210147928	-0.00151973306115024	13.9580381936622	0.349875285953733
14.875	44.25	-0.000199221363349104	0.799556443292874	-0.00164497390628172	13.8881015506735	0.349870506113823
15.125	44.25	-0.000177462936507974	0.79950975888277	-0.00178333806729067	13.8181675845287	0.34988464909127
15.375	44.25	-0.000108034390842552	0.799436290577197	-0.00193615255477316	13.748233454564	0.349929777645952
15.625	44.25	3.43181823526845e-05	0.799325848798425	-0.00210473791427989	13.6782943024329	0.350022306818529
15.875	44.25	0.000283083506647468	0.799165439948136	-0.00229034931181571	13.6083425154225	0.350184004279321
16.125	44.25	0.000681720764046476	0.798938756864397	-0.00249409876664954	13.5383668251192	0.35044311849663
16.375	44.25	0.00128559749793058	0.79862567159932	-0.00271685494909532	13.4683512203103	0.350835638373655
16.625	44.25	0.00216413334285292	0.798201779002958	-0.0029591165046818	13.3982736510727	0.351406686672854
16.875	44.25	0.00340314795519123	0.797638061529251	-0.00322085451676564	13.3281044986978	0.352212046170874
17.125	44.25	0.00510740030174438	0.796900771789088	-0.00350131970961177	13.2578047838148	0.353319810196134
17.375	44.25	0.00740328539396247	0.79595165817703	-0.00379881073389905	13.1873240836056	0.354812135506076
17.625	44.25	0.0104416189509617	0.794748687103955	-0.00411040201197742	13.1165981296466	0.356787052318125
17.875	44.25	0.0144003850458404	0.793247437078791	-0.00443163405899517	13.0455460625401	0.359360250279796
18.125	44.25	0.0194872410592502	0.791403345821594	-0.00475617704664824	12.9740673305305	0.362666706688513
18.375	44.25	0.0259414631753001	0.789174968778112	-0.00507549072202617	12.9020382396484	0.366861951063945
18.625	44.25	0.0340348705506202	0.786528339883591	-0.00537852122290221	12.8293081958061	0.372122665857903
18.875	44.25	0.0440710865832652	0.783442397054658	-0.00565149714523432	12.7556957280187	0.378646206279122
19.125	44.25	0.0563822871310749	0.779915235083582	-0.0058779104732652	12.680984449753	0.386648486635199
19.375	44.25	0.0713223664157501	0.77597068129218	-0.00603878659961803	12.6049192050475	0.396359538170238
19.625	44.25	0.0892552638390989	0.771664383506589	-0.00611335230306951	12.5272027590381	0.408015921495414
19.875	44.25	0.110537121980161	0.767088317645762	-0.00608018998234496	12.447493527527	0.421849129287105
20.125	44.25	0.135491130567882	0.762372456432057	-0.00591891102580385	12.3654049893593	0.438069234869123
20.375	44.25	0.164374563433767	0.757682396557149	-0.00561228817145819	12.2805075679814	0.456843466231948
20.625	44.25	0.197338878252475	0.753212099854598	-0.00514866570479983	12.1923338630113	0.478270270864108
20.875	44.25	0.23438598011579	0.749171577555586	-0.00452434202546895	12.1003880903389	0.502350887075264
21.125	44.25	0.275326699087782	0.745770251570135	-0.00374552782863274	12.0041603596466	0.528962354407058
21.375	44.25	0.319750472678484	0.743197688253677	-0.0028294621678636	11.9031458962519	0.557837807241015
21.625	44.25	0.36701675392343	0.741604196256054	-0.00180434115217236	11.7968684753063	0.58856089005023
21.875	44.25	0.416277083326755	0.74108419924044	-0.000707877296452953	11.6849062834674	0.62058010416239
22.125	44.25	0.466531068294505	0.74166517994751	0.000415467481675081	11.5669174207448	0.653245194391428
22.375	44.25	0.516710602779153	0.743304273290665	0.00151828998308125	11.44266167647	0.685861891806449
22.625	44.25	0.565777686733475	0.745893319499405	0.00255459709623468	11.3120153836619	0.717755496376759
22.875	44.25	0.612816277349044	0.749271608606773	0.00348406415592953	11.1749771621684	0.748330580276879
23.125	44.25	0.65710030575263	0.753244062258466	0.00427554174591153	11.0316639555769	0.77711519873921
23.375	44.25	0.698127592014008	0.7576016569496	0.00490927414729502	10.8822984585063	0.803782934809105
23.625	44.25	0.735619293174616	0.762140775016178	0.00537754825615828	10.7271903150458	0.8281525405635
23.875	44.25	0.769492591169481	0.76667884306536	0.00568381739335567	10.5667140502397	0.850170184260163
24.125	44.25	0.79981816344983	0.771064772646701	0.00584064033219392	10.4012865698955	0.86988180624239
24.375	44.25	0.826773591938337	0.77518394224122	0.00586695320688791	10.2313464433685	0.887402834759919
24.625	44.25	0.850600852778805	0.778958422960515	0.00578521464002786	10.0573363579364	0.902890554306223
24.875	44.25	0.871572275411088	0.782343698056653	0.00561885795953943	9.87968934441795	0.916521979017207
25.125	44.25	0.889966179124766	0.785323269874031	0.00539031163315517	9.69881876318946	0.928478016431098
25.375	44.25	0.906051327404808	0.787902398402744	0.00511967510904766	9.51511165122805	0.938933362813125
25.625	44.25	0.920078353736111	0.790101912133054	0.00482400510919315	9.32892484198823	0.948050929928472
25.875	44.25	0.932276108965556	0.791952692350262	0.00451709194462305	9.14058322833448	0.955979470827611
26.125	44.25	0.942851121764242	0.793491132552596	0.00420958041313437	8.95037958783393	0.962853229146757
26.375	44.25	0.951988784358959	0.794755650325427	0.00390929926731524	8.75857548279066	0.968792709833323
26.625	44.25	0.959855309292795	0.795784184618097	0.00362169027819677	8.56540285226064	0.973905951040317
26.875	44.25	0.966599867678268	0.796612534769503	0.00335025972654019	8.37106601113969	0.978289913990874
27.125	44.25	0.972356589590476	0.797273370324319	0.0030970040548985	8.17574385357646	0.98203178323381
27.375	44.25	0.977246288015602	0.797795744575921	0.00286278404393182	7.97959212221416	0.985210087210141
27.625	44.25	0.981377877095954	0.798204965351315	0.00264763769328467	7.78274565242147	0.98789562011237
27.875	44.25	0.984849513642923	0.79852270369408	0.00245103191409711	7.58532053455204	0.9901521838679
28.125	44.25	0.987749515754373	0.798767248580834	0.00227205861078405	7.38741616050311	0.992037185240342
28.375	44.25	0.990157117343115	0.79895384034057	0.00210958315541808	7.18911713626574	0.993602126273024
28.625	44.25	0.992143111762751	0.799095035705913	0.00196235379085048	6.99049505209304	0.994893022645788
28.875	44.25	0.993770427445177	0.799201073245784	0.00182907997735939	6.79161010813489	0.995950777839365
29.125	44.25	0.995094667048907	0.799280219742913	0.00170848668001118	6.5925125971922	0.996811533581789
29.375	44.25	0.996164630951351	0.799339086560661	0.00159935042216313	6.39324424853599	0.997507010118378
29.625	44.25	0.997022836888545	0.799382910901416	0.0015005217942361	6.19383943812617	0.998064843977555
29.875	44.25	0.997706040453439	0.799415800735907	0.00141093809830348	5.99432627144156	0.998508926294736
30.125	44.25	0.998245755987107	0.799440944614721	0.00132962896062265	5.79472754573124	0.998859741391619
30.375	44.25	0.998668773950653	0.799460788983802	0.00125571705588481	5.59506159894577	0.999134703067925
30.625	44.25	0.998997668888774	0.799477186335492	0.00118841554300783	5.3953430529635	0.999348484777703
30.875	44.25	0.99925129130363	0.799491517773798	0.00112702339016957	5.19558345900757	0.999513339347359
31.125	44.25	0.999445236868384	0.799504793526295	0.00107091944417161	4.99579185334775	0.99963940396445
31.375	44.25	0.999592287162835	0.799517734715967	0.00101955585496373	4.79597523148262	0.999734986655843
31.625	44.25	0.999702817281741	0.799530839395093	0.000972451283130701	4.59613894898817	0.999806831233132
31.875	44.25	0.999785167060632	0.799544435493914	0.000929184182229613	4.39628705708832	0.999860358589411
32.125	44.25	0.999845974131679	0.799558722981864	0.000889386349071499	4.19642258074918	0.999899883185592
32.375	44.25	0.999890468435522	0.799573807198278	0.000852736865562554	3.99654774672716	0.999928804483089
32.625	44.25	0.999922729053591	0.799589724992895	0.000818956509260471	3.79666416852684	0.999949773884834
32.875	44.25	0.99994590516779	0.79960646503357	0.000787802678565383	3.5967729946743	0.999964838359064
33.125	44.25	0.99996240349879	0.799623983399997	0.000759064851948377	3.39687502612475	0.999975562274213
33.375	44.25	0.999974044710037	0.799642215401478	0.000732560566339539	3.19697080804609	0.999983129061524
33.625	44.25	0.999982191181453	0.799661084440761	0.000708131849949256	2.99706070068503	0.999988424267945
33.875	44.25	0.999987848720874	0.799680508678479	0.000685641988606095	2.79714493352326	0.999992101668568
34.125	44.25	0.999991745831985	0.799700406172738	0.00066497248128257	2.59722364638671	0.999994634790791
34.375	44.25	0.999994396462776	0.799720698971307	0.000646020117108782	2.39729692043817	0.999996357700805
34.625	44.25	0.999996155011041	0.799741316218041	0.000628694342087841	2.19736480093849	0.999997500757177
34.875	44.25	0.999997273187003	0.799762195721604	0.000612915447309983	1.99742731239488	0.999998227571552
35.125	44.25	0.999997962826398	0.799783282926211	0.000598614375116114	1.79748446576239	0.999998675837159
35.375	44.25	0.999998453233588	0.799804526485848	0.000585734645170417	1.59753625778283	0.999998994601832
35.625	44.25	0.999999008293462	0.799825871488753	0.000574235530014321	1.39758266549456	0.99999935539075
35.875	44.25	0.999999851964476	0.7998472550565	0.000564093094104213	1.19762364451017	0.999999903776909
36.125	44.25	1.00000096998216	0.799868613077944	0.000555293216418485	0.997659145093457	1.00000063048841
36.375	44.25	1.00000184318252	0.799889907088709	0.000547811181833279	0.797689158619987	1.00000119806864
36.625	44.25	1.00000132737979	0.799911170638575	0.000541579878986101	0.597713789548874	1.00000086279687
36.875	44.25	0.999998052235599	0.799932554063257	0.000536465199484064	0.39773330994516	0.999998733953139
37.125	44.25	0.999991681725592	0.799956323991277	0.00053228813952778	0.197748105371677	0.999994593121635
37.375	44.25	0.999984907730254	0.399971367001625	0.00052937653244227	-0.00224261095925674	0.999990190024665
0.125	44.75	-3.72610432149762e-12	0.399997015983431	-7.55219837416811e-05	18.0168323117613	0.349999999997578
0.375	44.75	-5.71570473648406e-12	0.799991039763212	-7.57607178268602e-05	17.946832833962	0.349999999996285
0.625	44.75	-7.61959633825061e-12	0.799985038969688	-7.62392069573101e-05	17.8768338797963	0.349999999995047
0.875	44.75	-6.84780413876253e-12	0.799978997205148	-7.69594983891674e-05	17.8068354521311	0.349999999995549
1.125	44.75	-3.26915370506348e-13	0.799972898050885	-7.79246762721415e-05	17.7368375552687	0.349999999999787
1.375	44.75	1.47471742682354e-11	0.799966725060504	-7.91388775973372e-05	17.6668401949485	0.350000000009586
1.625	44.75	3.95146746529225e-11	0.799960461755923	-8.06073138552011e-05	17.5968433783502	0.350000000025684
1.875	44.75	7.16353712690696e-11	0.799954091626687	-8.23362983139394e-05	17.5268471140966	0.350000000046563
2.125	44.75	1.03495635750119e-10	0.799947598133176	-8.4333279384777e-05	17.4568514122572	0.350000000067272
2.375	44.75	1.21109762881853e-10	0.799940964713951	-8.66068801770126e-05	17.3868562843515	0.350000000078721
2.625	44.75	1.04523624142169e-10	0.799934174799449	-8.91669447835291e-05	17.3168617433506	0.35000000006794
2.875	44.75	3.05045063699571e-11	0.799927211831392	-9.20245915482502e-05	17.246867803679	0.350000000019828
3.125	44.75	-1.21923777708349e-10	0.799920059289834	-9.51922740355052e-05	17.1768744812116	0.349999999920749
3.375	44.75	-3.62972599618912e-10	0.799912700729013	-9.86838499533346e-05	17.106881793269	0.349999999764068
3.625	44.75	-6.81115708290084e-10	0.799905119822952	-0.000102514659108727	17.0368897586072	0.349999999557275
3.875	44.75	-1.03102267062206e-09	0.799897300422111	-0.000106701610725283	16.9668983974007	0.349999999329835
4.125	44.75	-1.32288217888308e-09	0.799889226623056	-0.000111263281400576	16.8969077312198	0.349999999140127
4.375	44.75	-1.41691114531922e-09	0.799880882852925	-0.00011622002436621	16.8269177829989	0.349999999079008
4.625	44.75	-1.12811487539818e-09	0.799872253970456	-0.000121594091595326	16.756928576997	0.349999999266725
4.875	44.75	-2.47089685156501e-10	0.799863325386759	-0.000127409769731444	16.6869401387502	0.349999999839392
5.125	44.75	1.41784705405008e-09	0.799854083208841	-0.000133693531749278	16.6169524950164	0.350000000921601
5.375	44.75	3.97430613895124e-09	0.799844514408922	-0.000140474206004033	16.5469656737129	0.350000002583299
5.625	44.75	7.35698070782407e-09	0.799834607023664	-0.000147783164602156	16.4769797038494	0.350000004782037
5.875	44.75	1.12247423031241e-08	0.79982435038644	-0.00015565453365395	16.4069946154539	0.350000007296082
6.125	44.75	1.48602995769707e-08	0.799813735396314	-0.000164125427519839	16.3370104394916	0.350000009659195
6.375	44.75	1.70976615060134e-08	0.799802754825809	-0.000173236209999269	16.2670272077695	0.35000001111348
6.625	44.75	1.63103210689718e-08	0.799791403671445	-0.000183030785429844	16.1970449528206	0.350000010601709
6.875	44.75	1.0498139914871e-08	0.799779679546268	-0.000193556922511327	16.1270637077504	0.350000006823791
7.125	44.75	-2.48845275334032e-09	0.799767583117514	-0.000204866613782737	16.0570835060294	0.349999998382506
7.375	44.75	-2.45539415563212e-08	0.799755118586693	-0.000217016473735606	15.9871043812051	0.349999984039938
7.625	44.75	-5.67733295617925e-08	0.799742294211857	-0.000230068177542413	15.9171263665076	0.349999963097336
7.875	44.75	-9.86208228324079e-08	0.799729122867796	-0.000244088942602777	15.8471494943185	0.349999935896465
8.125	44.75	-1.47046867226343e-07	0.79971562263945	-0.000259152053939949	15.7771737954781	0.349999904419536
8.375	44.75	-1.95481118781664e-07	0.799701817439766	-0.000275337433800691	15.7071992984106	0.349999872937273
8.625	44.75	-2.32890832113645e-07	0.799687737641085	-0.000292732255063476	15.6372260280634	0.349999848620959
8.875	44.75	-2.43084547208983e-07	0.799673420702845	-0.000311431597105182	15.5672540046782	0.349999841995044
9.125	44.75	-2.04517759241242e-07	0.799658911772591	-0.000331539141530963	15.4972832424394	0.349999867063456
9.375	44.75	-9.09268438457205e-08	0.799644264228765	-0.00035316790434797	15.4273137480889	0.349999940897551
9.625	44.75	1.26816187486212e-07	0.799629540121135	-0.000376440998830891	15.357345519645	0.350000082430522
9.875	44.75	4.77182271878031e-07	0.799614810451774	-0.000401492420467763	15.2873785454223	0.350000310168477
10.125	44.75	9.82326111162419e-07	0.799600155218158	-0.000428467839567559	15.2174128036165	0.350000638511972
10.375	44.75	1.64984235468802e-06	0.799585663115499	-0.000457525377847904	15.1474482627869	0.35000107239753
10.625	44.75	2.46159323080216e-06	0.799571430759576	-0.000488836328774708	15.0774848836363	0.3500016000356
10.875	44.75	3.3594822723249e-06	0.799557561243506	-0.000522585756436179	15.0075226225318	0.350002183663477
11.125	44.75	4.22842623403878e-06	0.799544161775483	-0.000558972868468632	14.937561437233	0.350002748477052
11.375	44.75	4.87735997221642e-06	0.799531340051819	-0.000598211002007543	14.867601295251	0.350003170283982
11.625	44.75	5.01994083948728e-06	0.799519198893333	-0.000640526981647634	14.7976421851456	0.350003262961546
11.875	44.75	4.25773389184154e-06	0.799507828501826	-0.000686159500592249	14.7276841308352	0.35000276752703
12.125	44.75	2.07007154231324e-06	0.799497295466498	-0.000735356036039885	14.6577272086174	0.350001345546502
12.375	44.75	-2.18352301865202e-06	0.799487627356284	-0.000788367633274038	14.5877715660366	0.349998580710038
12.625	44.75	-9.24053197823447e-06	0.799478791365792	-0.000845440681399425	14.5178174409703	0.349993993654214
12.875	44.75	-1.98823776040664e-05	0.799470665031236	-0.000906804559560058	14.4478651783083	0.349987076454557
13.125	44.75	-3.48391508361889e-05	0.799462996502853	-0.000972653767176685	14.3779152403756	0.349977354551956
13.375	44.75	-5.46383001418984e-05	0.799455351260489	-0.00104312288435739	14.3079682058081	0.349964485104908
13.625	44.75	-7.93819272583215e-05	0.79944704151242	-0.00111825247060485	14.2380247499817	0.349948401747282
13.875	44.75	-0.000108436376934746	0.799437033872226	-0.00119794384733305	14.1680855983709	0.349929516354992
14.125	44.75	-0.000140017564784352	0.799423830324228	-0.00128190068978801	14.098151442467	0.34990898858289
14.375	44.75	-0.000170656047904456	0.799405317073648	-0.00136955556432133	14.0282228062101	0.349889073568862
14.625	44.75	-0.000194527193140946	0.799378575764293	-0.00145998010560453	13.9582998493706	0.349873557324458
14.875	44.75	-0.000202633802247707	0.799339651932477	-0.00155177857942371	13.8883820930412	0.349868288028539
15.125	44.75	-0.000181830954475765	0.799283276696623	-0.00164296629523378	13.8184680513957	0.349881809879591
15.375	44.75	-0.000113685276430327	0.799202539886474	-0.0017308369153067	13.7485547531318	0.34992610457032
15.625	44.75	2.68370260427571e-05	0.799088516490027	-0.00181182635435032	13.67863713545	0.350017444066928
15.875	44.75	0.000272857524657253	0.798929853922818	-0.0018813858533903	13.6087072929049	0.350177357391027
16.125	44.75	0.000667251611364477	0.798712335732711	-0.00193388303241751	13.5387535628018	0.350433713547387
16.375	44.75	0.00126449596927539	0.798418448488228	-0.00196255719721869	13.4687594278283	0.350821922380029
16.625	44.75	0.00213269899667449	0.798026993209172	-0.00195956349894264	13.3987022151903	0.351386254347838
16.875	44.75	0.00335581210127672	0.797512800981489	-0.00191614882207029	13.3285515697063	0.35218127786583
17.125	44.75	0.00503601117626996	0.796846634029433	-0.00182300886358025	13.2582676764086	0.353273407264575
17.375	44.75	0.00729622045126455	0.795995377272037	-0.00167087811692808	13.1877992068892	0.354742543293322
17.625	44.75	0.0102827209467923	0.794922648627926	-0.00145139853732141	13.1170809640557	0.356683768615415
17.875	44.75	0.014167738013621	0.79358997441863	-0.00115829351330164	13.0460312038155	0.359209029708854
18.125	44.75	0.019151831755201	0.791958681867213	-0.000788835736900587	12.9745486216937	0.362448690640881
18.375	44.75	0.0254658155567913	0.789992643804919	-0.000345535740465496	12.9025090101883	0.366552780111914
18.625	44.75	0.033371797551558	0.787661958640633	0.000162109264933831	12.8297616218129	0.371691668408513
18.875	44.75	0.043162775903794	0.784947548189511	0.00071607322364822	12.7561253164954	0.378055804337466
19.125	44.75	0.0551600241363285	0.78184649731191	0.00128884108114405	12.6813846335866	0.385854015688613
19.375	44.75	0.0697072899302345	0.778377742566765	0.00184348327886566	12.605286011339	0.395309738454652
19.625	44.75	0.0871606316112717	0.774587460682095	0.0023352173675361	12.5275344828814	0.406654410547327
19.875	44.75	0.10787259747791	0.770553255816143	0.0027147816737796	12.4477913079824	0.420117188360642
20.125	44.75	0.132169535611571	0.766386069031968	0.00293365812594677	12.3656731495456	0.435910198147521
20.375	44.75	0.160321295981516	0.762228723230133	0.00295074442111372	12.280753556764	0.454208842387985
20.625	44.75	0.192503693906007	0.758250253551476	0.00273956750159859	12.1925676369959	0.475127401038905
20.875	44.75	0.228756047974484	0.754635695432929	0.0022946962077483	12.1006208211457	0.498691431183415
21.125	44.75	0.268938858994658	0.751571772638896	0.00163582980446499	12.0044024601293	0.524810258346528
21.375	44.75	0.312699732770768	0.749229819978186	0.000808255090866183	11.9034045337822	0.553254826300999
21.625	44.75	0.359457763699658	0.74774809434538	-0.000120989951629689	11.7971449540001	0.583647546404777
21.875	44.75	0.40841611233966	0.747216150669997	-0.00107095961145666	11.6851938644328	0.615470473020779
22.125	44.75	0.458608102002728	0.747663989381919	-0.00195737574758028	11.5672002162321	0.648095266301773
22.375	44.75	0.508974056277721	0.749058101936965	-0.00270393858767558	11.4429151195159	0.680833136580518
22.625	44.75	0.558456797331748	0.751305376336001	-0.00325215931786807	11.3122084291244	0.712996918265636
22.875	44.75	0.606097219616529	0.754264297585617	-0.00356786242343748	11.1750759121055	0.743963192750744
23.125	44.75	0.651110911019126	0.757761399597891	-0.00364333743725725	11.0316359934183	0.773222092162432
23.375	44.75	0.692932781942528	0.761609958928383	-0.00349516710438018	10.8821169867519	0.800406308262643
23.625	44.75	0.731226251677796	0.765627766405897	-0.00315870570937116	10.7268372879072	0.825297063590567
23.875	44.75	0.765862542609555	0.769651452561635	-0.00268075983032666	10.566181815576	0.847810652696211
24.125	44.75	0.79688094636041	0.773545966816467	-0.00211211380131853	10.4005779405488	0.867972615134267
24.375	44.75	0.824441793982586	0.777208998424482	-0.00150120619289701	10.230473460816	0.885887166088681
24.625	44.75	0.848781476563961	0.780571044465771	-0.000889695807295946	10.0563182054396	0.901707959766575
24.875	44.75	0.87017513113128	0.783592328242479	-0.000310077975993871	9.87854990259634	0.915613835235332
25.125	44.75	0.888909098481853	0.786257874539822	0.00021491742264415	9.69758422108717	0.927790914013204
25.375	44.75	0.905262779067717	0.788571878257635	0.000671637463656159	9.51380845103894	0.938420806394016
25.625	44.75	0.919498191549601	0.79055220164661	0.00105405836865718	9.32757809700527	0.947673824507241
25.875	44.75	0.931855130415623	0.792225515581154	0.0013620313063934	9.13921564210965	0.955705834770155
26.125	44.75	0.942549970389208	0.793623329264712	0.00159954552588683	8.94901082886409	0.962657480752985
26.375	44.75	0.95177657078019	0.794778956956969	0.00177320164379589	8.75722193086415	0.968654771007124
26.625	44.75	0.95970818866374	0.795725349153563	0.00189098176395558	8.5640776212343	0.973810322631431
26.875	44.75	0.966499708752601	0.796493654680596	0.0019613299915279	8.36977915853053	0.978224810689191
27.125	44.75	0.972289800880005	0.797112361218274	0.00199251415533995	8.17450270165463	0.981988370572003
27.375	44.75	0.977202822852841	0.797606868395432	0.00199221987671523	7.97840163243317	0.985181834854347
27.625	44.75	0.981350414339085	0.797999367209362	0.00196732361257841	7.78160881149966	0.987877769320405
27.875	44.75	0.984832797905674	0.798308923736382	0.0019237953758357	7.58423872458089	0.990141318638688
28.125	44.75	0.98773983571555	0.798551688936876	0.00186668982330002	7.3863894965256	0.992030893215108
28.375	44.75	0.99015189970217	0.798741177321393	0.00180019337752174	7.18814476293253	0.99359873480641
28.625	44.75	0.992140609722994	0.798888574408177	0.00172770341982607	6.98957539667778	0.994891396319946
28.875	44.75	0.993769484988676	0.799003046248658	0.0016519226505676	6.79074109088409	0.995950165242639
29.125	44.75	0.9950945430024	0.799092034254708	0.00157495728078193	6.59169180219665	0.99681145295156
29.375	44.75	0.9961648695414	0.799161525722709	0.00149841189645122	6.39246905946556	0.99750716520191
29.625	44.75	0.997023173952853	0.799216295418646	0.00142347684030172	6.19310714360703	0.998065063069354
29.875	44.75	0.997706336633138	0.79926011690229	0.00135100603214793	5.99363414483062	0.99850911881154
30.125	44.75	0.99824595005456	0.799295944371819	0.00128158452489151	5.79407290374188	0.998859867535464
30.375	44.75	0.998668850944458	0.799326067053053	0.00121558596096776	5.59444184313131	0.999134753113897
30.625	44.75	0.998997638963408	0.799352238806114	0.0011532206038704	5.39475569755524	0.999348465326215
30.875	44.75	0.99925117619219	0.79937578587404	0.00109457488556582	5.19502614808873	0.999513264524924
31.125	44.75	0.999445061639856	0.799397695694759	0.00103964351617031	4.99526236985563	0.999639290065906
31.375	44.75	0.999592075565087	0.799418689541418	0.000988355206119411	4.79547150008745	0.999734849117306
31.625	44.75	0.99970258943002	0.799439281515032	0.000940592994316397	4.59565903450609	0.999806683129513
31.875	44.75	0.999784938588988	0.799459826134211	0.000896210086410932	4.3958291597497	0.999860210082842
32.125	44.75	0.999845756199458	0.799480556477362	0.000855042004470257	4.1959850293593	0.999899741529648
32.375	44.75	0.999890268196462	0.799501614550051	0.000816915745747366	3.99612899051842	0.9999286743277
32.625	44.75	0.999922550364628	0.799523075283482	0.000781656550998501	3.79626276830391	0.999949657737008
32.875	44.75	0.999945749434692	0.799544965329501	0.000749092793745044	3.59638761368999	0.99996473713255
33.125	44.75	0.999962270603314	0.799567277615687	0.000719059416661444	3.39650442099287	0.999975475892154
33.375	44.75	0.999973933909305	0.799589982478816	0.000691400251705341	3.19661381990051	0.999983057041048
33.625	44.75	0.999982101717443	0.799613036116112	0.000665969461495059	2.99671624673798	0.999988366116338
33.875	44.75	0.999987779717326	0.799636387063264	0.000642632239857047	2.79681199916067	0.999992056816262
34.125	44.75	0.999991695105654	0.799659981354706	0.000621264845738293	2.59690127794781	0.999994601818675
34.375	44.75	0.999994358430198	0.799683766818976	0.000601754078632247	2.39698421880873	0.999996332979628
34.625	44.75	0.99999611908135	0.799707696487371	0.000583996489769351	2.19706091596507	0.999997477402878
34.875	44.75	0.999997225508834	0.799731730371406	0.000567897932686349	1.99713143783791	0.999998196580742
35.125	44.75	0.999997894700172	0.799755834259925	0.000553374280410055	1.79719583409587	0.999998631555112
35.375	44.75	0.999998376795197	0.799779974507476	0.00054035384961354	1.59725413388845	0.999998944916878
35.625	44.75	0.999998972502613	0.799804110025095	0.00052878079368275	1.39730633870589	0.999999332126698
35.875	44.75	0.999999940779632	0.799828187157104	0.000518616392127229	1.1973524200884	0.999999961506761
36.125	44.75	1.00000125731765	0.799852148058102	0.000509832842789191	0.997392339043687	1.00000081725647
36.375	44.75	1.00000229026368	0.799875963545388	0.000502394566189194	0.797426102351444	1.00000148867139
36.625	44.75	1.00000165288381	0.799899689725347	0.000496228887704066	0.597453849864964	1.00000107437448
36.875	44.75	0.999997684157799	0.799923522639896	0.000491203255247595	0.397475920828254	0.999998494702569
37.125	44.75	0.999989973032584	0.799950217498252	0.000487145527145571	0.197492788920234	0.99999348247118
37.375	44.75	0.999981772123147	0.399966351287316	0.000484355277602142	-0.00249649195168696	0.999988151880045
0.125	45.25	-3.74750707494872e-12	0.399996793628798	-6.31412119398745e-05	18.0168444848621	0.349999999997564
0.375	45.25	-5.74137475866045e-12	0.799990371687423	-6.33451633910202e-05	17.9468450459759	0.349999999996268
0.625	45.25	-7.64150767300007e-12	0.799983922131202	-6.37540572611037e-05	17.8768461698134	0.349999999995033
0.875	45.25	-6.84481392232302e-12	0.799977426514924	-6.43698818514722e-05	17.8068478595969	0.349999999995551
1.125	45.25	-2.65902505418988e-13	0.799970866342672	-6.51956357491126e-05	17.7368501201638	0.349999999999827
1.375	45.25	1.4905031722261e-11	0.799964223048531	-6.62353474367908e-05	17.6668529579725	0.350000000009688
1.625	45.25	3.98004753051813e-11	0.799957477980096	-6.74941015306953e-05	17.5968563811088	0.35000000002587
1.875	45.25	7.20518911936685e-11	0.799950612384503	-6.8978072369469e-05	17.5268603992948	0.350000000046834
2.125	45.25	1.03992128370201e-10	0.799943607397379	-7.06945648467431e-05	17.4568650238987	0.350000000067595
2.375	45.25	1.21557092202134e-10	0.799936444036026	-7.26520633380939e-05	17.386870267946	0.350000000079012
2.625	45.25	1.04695881109253e-10	0.799929103196727	-7.48602887352025e-05	17.3168761461305	0.350000000068052
2.875	45.25	3.00735980459729e-11	0.799921565657787	-7.73302647864046e-05	17.246882674826	0.350000000019548
3.125	45.25	-1.23372554829886e-10	0.799913812088248	-8.00743937851265e-05	17.1768898720961	0.349999999919808
3.375	45.25	-3.65891061703279e-10	0.799905823064019	-8.3106543031501e-05	17.1068977577031	0.349999999762171
3.625	45.25	-6.85889179059876e-10	0.799897579092044	-8.64421424031161e-05	17.0369063531125	0.349999999554172
3.875	45.25	-1.03778892881358e-09	0.799889060643417	-9.00982947580004e-05	16.9669156814948	0.349999999325437
4.125	45.25	-1.3312597171644e-09	0.79988024819769	-9.40938995544526e-05	16.8969257677212	0.349999999134681
4.375	45.25	-1.42565256534481e-09	0.799871122298497	-9.8449791895345e-05	16.8269366383549	0.349999999073326
4.625	45.25	-1.13474552007114e-09	0.799861663623923	-0.000103188897869383	16.7569483216355	0.349999999262415
4.875	45.25	-2.47637679452249e-10	0.799851853072897	-0.000108336408265232	16.6869608474588	0.349999999839035
5.125	45.25	1.42888914584866e-09	0.799841671870751	-0.000113919972433144	16.6169742473524	0.350000000928778
5.375	45.25	4.00362818409412e-09	0.799831101696851	-0.000119969914565502	16.5469885544476	0.350000002602358
5.625	45.25	7.41153693333672e-09	0.799820124837581	-0.000126519474792389	16.4770038034498	0.350000004817499
5.875	45.25	1.13100846635995e-08	0.799808724367502	-0.000133605077509247	16.4070200306071	0.350000007351555
6.125	45.25	1.49779904681185e-08	0.799796884362119	-0.000141266630219174	16.3370372736758	0.350000009735694
6.375	45.25	1.72416639885961e-08	0.79978459014414	-0.000149547855293219	16.2670555718782	0.350000011207082
6.625	45.25	1.64624351524111e-08	0.79977182856578	-0.000158496658100609	16.1970749658445	0.350000010700583
6.875	45.25	1.06228555390037e-08	0.799758588328503	-0.000168165533847172	16.1270954975237	0.350000006904856
7.125	45.25	-2.44886819836054e-09	0.799744860340486	-0.000178612015988139	16.0571172100473	0.349999998408236
7.375	45.25	-2.46827215016781e-08	0.799730638112062	-0.000189899167702309	15.9871401475201	0.349999983956231
7.625	45.25	-5.71787777487584e-08	0.799715918187951	-0.000202096117551179	15.9171643547108	0.349999962833794
7.875	45.25	-9.94294133394729e-08	0.799700700614398	-0.000215278638730516	15.8471898766145	0.349999935370881
8.125	45.25	-1.48386547937447e-07	0.799684989438314	-0.000229529769487569	15.7772167578599	0.349999903548744
8.375	45.25	-1.97451228324006e-07	0.799668793234211	-0.000244940470150906	15.7072450419414	0.349999871656702
8.625	45.25	-2.35515312515199e-07	0.799652125652556	-0.000261610308878049	15.6372747702721	0.349999846915047
8.875	45.25	-2.46246202538939e-07	0.799635005981094	-0.00027964816433471	15.5673059810708	0.349999839939968
9.125	45.25	-2.07873429666763e-07	0.799617459708267	-0.000299172928668636	15.4973387081307	0.349999864882271
9.375	45.25	-9.38067344369727e-08	0.799599519072142	-0.000320314187063609	15.4273729795531	0.349999939025623
9.625	45.25	1.25517081548173e-07	0.799581223575884	-0.000343212841480865	15.3574088165803	0.350000081586103
9.875	45.25	4.79106768225864e-07	0.799562620443116	-0.000368021633110043	15.2874462327195	0.350000311419399
10.125	45.25	9.89730761388832e-07	0.799543764980343	-0.000394905500571016	15.2174852334129	0.350000643324995
10.375	45.25	1.66561880706674e-06	0.799524720803834	-0.000424041684578081	15.1475258165751	0.350001082652225
10.625	45.25	2.48920039332911e-06	0.799505559875409	-0.000455619453877764	15.0775679743798	0.350001617980256
10.875	45.25	3.40274897903447e-06	0.799486362273292	-0.00048983927500693	15.0076116967171	0.350002211786836
11.125	45.25	4.29117988138557e-06	0.799467215595732	-0.000526911176528947	14.9376569767491	0.350002789266923
11.375	45.25	4.96283308831325e-06	0.799448213854336	-0.000567051960709436	14.8677038189398	0.350003225841507
11.625	45.25	5.12990219610858e-06	0.799429455652868	-0.000610480785033235	14.7977522497959	0.350003334436427
11.875	45.25	4.39127784829809e-06	0.79941104136048	-0.000657412466984486	14.7278023312979	0.350002854330601
12.125	45.25	2.22196832770242e-06	0.799393068868548	-0.000708047652573748	14.65785417659	0.350001444279413
12.375	45.25	-2.02507974073324e-06	0.799375627359969	-0.000762558730082225	14.5879079669	0.349998683698169
12.625	45.25	-9.09707224576895e-06	0.799358788315322	-0.000821070064676868	14.5179639678436	0.34999408690304
12.875	45.25	-1.97897178796293e-05	0.799342592727094	-0.000883630788461966	14.4480225422244	0.349987136683378
13.125	45.25	-3.48542762274177e-05	0.799327033196997	-0.000950178018793521	14.3780841551568	0.349977344720452
13.375	45.25	-5.48500784362842e-05	0.799312029257817	-0.00102048803054749	14.3081493658517	0.349964347449016
13.625	45.25	-7.99280920643058e-05	0.799297393911503	-0.00109411262561072	14.2382187987481	0.349948046740158
13.875	45.25	-0.000109530570894082	0.799282789036164	-0.00117029780241169	14.1682930849323	0.349928805128919
14.125	45.25	-0.000141992148227537	0.799267667027704	-0.00124788193899561	14.0983727630551	0.349907705103652
14.375	45.25	-0.000174029001211083	0.79925119586785	-0.00132517121168802	14.0284581273458	0.349886881149213
14.625	45.25	-0.000200104927176465	0.799232164817223	-0.00139979107081732	13.958549008957	0.349869931797335
14.875	45.25	-0.000211666187398738	0.79920886822011	-0.00146851452478824	13.88864447585	0.349862416978191
15.125	45.25	-0.000196240500913922	0.799178965586311	-0.00152707103179662	13.8187424358182	0.349872443674406
15.375	45.25	-0.000136399198046253	0.799139317319149	-0.00156994428223443	13.7488391270664	0.34991134052127
15.625	45.25	-8.58478747633133e-06	0.79908579734379	-0.00159017339920649	13.6789284809679	0.34999441988814
15.875	45.25	0.000218191405797729	0.799013086611806	-0.00157918035539308	13.6090013420848	0.350141824413769
16.125	45.25	0.000583775614273556	0.798914455182216	-0.00152665681781625	13.5390445311073	0.350379454149278
16.375	45.25	0.00113841597274833	0.798781545430669	-0.00142055599913493	13.4690397368234	0.350739970382286
16.625	45.25	0.00194441932980071	0.79860417498626	-0.00124724869878095	13.3989622234342	0.35126387256437
16.875	45.25	0.00307791513509947	0.798370185188595	-0.000991916023486444	13.3287793393921	0.352000644837815
17.125	45.25	0.00463071893132749	0.798065368975788	-0.000639261562152479	13.2584488136031	0.353009967305363
17.375	45.25	0.00671228125076707	0.797673520690133	-0.000174628774372097	13.187916824689	0.354362982812999
17.625	45.25	0.0094516933082801	0.797176658556991	0.000414401075124581	13.1171158297867	0.356143600650382
17.875	45.25	0.0129996954181709	0.796555477369826	0.00113588681910211	13.0459621421944	0.358449802021811
18.125	45.25	0.0175305940044638	0.795790092654963	0.00199089939866141	12.9743532535182	0.361394886102901
18.375	45.25	0.0232439351576908	0.794861136013812	0.0029705062808217	12.9021649076041	0.365108557852499
18.625	45.25	0.0303657038156602	0.793751251556251	0.00405262822553129	12.8292479523951	0.369737707480179
18.875	45.25	0.0391487150059556	0.792447021377067	0.00519920519296558	12.7554250240381	0.375446664753871
19.125	45.25	0.0498717346787915	0.790941308703348	0.0063542973729362	12.6804871573355	0.382416627541214
19.375	45.25	0.062836711001398	0.789235944614152	0.00744390381856843	12.6041904707026	0.390843862150909
19.625	45.25	0.0783633154108447	0.787344592582776	0.00837833662594819	12.5262531456322	0.400936155017049
19.875	45.25	0.096779801527991	0.78529550310217	0.0090578597156663	12.4463530146394	0.412906870993194
20.125	45.25	0.118409032865944	0.783133727140706	0.00938191192278081	12.364126191974	0.426965871362863
20.375	45.25	0.143548502759338	0.780922218840592	0.00926155183539189	12.2791673284719	0.44330652679357
20.625	45.25	0.172443443034519	0.778741174739871	0.00863384209633363	12.1910322347471	0.462088237972437
20.875	45.25	0.205252937399394	0.776684998784834	0.00747591291395463	12.0992437609874	0.483414409309606
21.125	45.25	0.242010576548818	0.774856519919324	0.00581571321043605	12.0033018760682	0.507306874756732
21.375	45.25	0.282583706471226	0.773358555981085	0.00373634285160316	11.9026987426436	0.533679409206297
21.625	45.25	0.326638384641146	0.772283567604609	0.00137165676712442	11.7969391089932	0.562314950016745
21.875	45.25	0.373619745462617	0.771702827344185	-0.00110742308264069	11.6855654465018	0.592852834550701
22.125	45.25	0.422757947349006	0.771657010580393	-0.003514125197655	11.5681860065765	0.624792665776854
22.375	45.25	0.473106643096122	0.772150161871565	-0.00567063879932583	11.4445026282399	0.65751931801248
22.625	45.25	0.523613627046189	0.773148487552025	-0.0074313907541464	11.3143341849672	0.690348857580023
22.875	45.25	0.57321385477461	0.774584437992599	-0.0086999848435467	11.1776315432292	0.722589005603496
23.125	45.25	0.620927225823695	0.776365345664155	-0.00943675902083103	11.0344810883789	0.753602696785402
23.375	45.25	0.665941210564459	0.778384857148203	-0.00965645667409709	10.8850960372399	0.782861786866898
23.625	45.25	0.707662975660581	0.780534882406606	-0.00941790684258865	10.7297972117236	0.809980934179377
23.875	45.25	0.7457350210234	0.782715933183564	-0.00880910554923298	10.5689868543802	0.83472776366521
24.125	45.25	0.780018237278408	0.784844420438535	-0.00793138197842823	10.4031198555769	0.857011854230965
24.375	45.25	0.810552932086753	0.786856416768583	-0.00688560770371903	10.2326763728299	0.876859405856389
24.625	45.25	0.837510264502026	0.788708221177275	-0.00576215459502737	10.0581386353871	0.894381671926317
24.875	45.25	0.861144534469446	0.790374571781253	-0.00463504544893982	9.87997328933944	0.90974394740514
25.125	45.25	0.881752911893607	0.791845498237875	-0.00355981500424263	9.69861939965058	0.923139392730845
25.375	45.25	0.899645315078779	0.793122683758919	-0.00257411971257008	9.51448140928661	0.934769454801206
25.625	45.25	0.915124310177295	0.794215955540378	-0.0017000388362699	9.32792597690634	0.944830801615242
25.875	45.25	0.928473344334582	0.79514025786464	-0.000947156011686204	9.13928156740516	0.953507673817478
26.125	45.25	0.939951105306004	0.795913249288558	-0.000315759989357951	8.94883981567775	0.960968218448903
26.375	45.25	0.949789924721817	0.796553524399902	0.000200242542517991	8.7568579069207	0.967363451069181
26.625	45.25	0.958196561811308	0.797079384197936	0.000610901815316884	8.56356144119339	0.97282776517735
26.875	45.25	0.965354186417076	0.797508049343377	0.000928342537008777	8.36914743818757	0.977480221171099
27.125	45.25	0.971424803453659	0.79785520905146	0.0011653919825216	8.1737872788508	0.981426122244878
27.375	45.25	0.976551682463689	0.798134811173861	0.0013346432392819	7.97762947676342	0.984758593601398
27.625	45.25	0.980861575777144	0.79835901694225	0.00144786433841862	7.78080223300852	0.987560024255143
27.875	45.25	0.9844666457927	0.798538261837453	0.00151566723392379	7.58341576366593	0.989903319765255
28.125	45.25	0.987466099029893	0.798681379746754	0.00154736221169835	7.38556440758156	0.99185296436943
28.375	45.25	0.989947562135734	0.798795760231293	0.00155093776009204	7.18732853019709	0.993465915388227
28.625	45.25	0.991988248420749	0.798887518422968	0.00153312007463762	6.98877624146046	0.994792361473487
28.875	45.25	0.993655963439509	0.798961664229823	0.00149947869748264	6.78996494507803	0.995876376235681
29.125	45.25	0.995009991495868	0.799022262661878	0.00145455479820574	6.59094273436919	0.996756494472314
29.375	45.25	0.996101895883037	0.799072580675595	0.00140199632237353	6.39174964773024	0.997466232323974
29.625	45.25	0.996976256483542	0.799115218375519	0.00134468995611237	6.19241879470393	0.998034566714303
29.875	45.25	0.997671360231943	0.799152224020835	0.00128488395136832	5.99297736208517	0.998486384150763
30.125	45.25	0.998219853378186	0.799185193302739	0.00122429869324346	5.79344750840419	0.998842904695821
30.375	45.25	0.998649359584446	0.799215353962127	0.00116422378661123	5.59384715445956	0.99912208372989
30.625	45.25	0.998983064532972	0.799243637135898	0.00110560165321033	5.39419067722905	0.999338991946432
30.875	45.25	0.999240265700163	0.799270736947425	0.00104909836356835	5.19448951435952	0.999506172705106
31.125	45.25	0.999436885003861	0.799297159859905	0.000995162830647406	4.99475268643023	0.99963397525251
31.375	45.25	0.999585941894983	0.799323265237892	0.000944075673985006	4.79498724421335	0.999730862231739
31.625	45.25	0.999697984901945	0.799349298445488	0.00089598910248598	4.59519864815785	0.999803690186264
31.875	45.25	0.999781480442915	0.799375417671439	0.000850959116021819	4.39539108725448	0.999857962287895
32.125	45.25	0.999843158727767	0.799401715524756	0.000808971228996249	4.19556774427259	0.999898053173049
32.375	45.25	0.999888317630341	0.799428236296382	0.000769960798916937	3.99573101408346	0.999927406459721
32.625	45.25	0.999921086371611	0.799454989638166	0.000733828916497341	3.79588268140485	0.999948706141547
32.875	45.25	0.999944651552082	0.799481961277321	0.000700454689045489	3.5960240638402	0.999964023508853
33.125	45.25	0.999961448360237	0.799509121277827	0.000669704626237487	3.39615612558628	0.999974941434154
33.375	45.25	0.999973319634499	0.799536430300212	0.000641439712500514	3.19627956669766	0.999982657762424
33.625	45.25	0.999981645113486	0.799563844311612	0.000615520619450032	2.99639489236351	0.999988069323766
33.875	45.25	0.999987443303931	0.799591318239845	0.000591811384561351	2.79650246625495	0.999991838147555
34.125	45.25	0.999991449806836	0.799618809068035	0.000570181791392047	2.59660255152214	0.999994442374443
34.375	45.25	0.99999417918186	0.799646278685453	0.000550508688299352	2.39669534225459	0.999996216468209
34.625	45.25	0.999995981513842	0.79967369630387	0.0005326766264235	2.19678098698735	0.999997387983997
34.875	45.25	0.999997106167193	0.799701039444185	0.000516578457530332	1.99685960426146	0.999998119008675
35.125	45.25	0.999997777717103	0.79972829181947	0.000502116719186767	1.79693128907412	0.999998555516117
35.375	45.25	0.999998267493733	0.799755436826443	0.000489206362464048	1.59699610976656	0.999998873870927
35.625	45.25	0.999998911496189	0.799782447966993	0.000477778207263631	1.39705409913376	0.999999292472523
35.875	45.25	1.00000000192418	0.799809282730251	0.000467780379121145	1.1971052514431	1.00000000125071
36.125	45.25	1.00000150616313	0.799835892225517	0.000459172855252952	0.997149544795364	1.00000097900604
36.375	45.25	1.00000268970269	0.799862259329907	0.00045191058831191	0.797187006377807	1.00000174830675
36.625	45.25	1.00000194372617	0.799888464606238	0.000445916884237034	0.597217813789646	1.00000126342201
36.875	45.25	0.999997340516431	0.799914749957886	0.000441062615855191	0.397242372186264	0.99999827133568
37.125	45.25	0.999988399820106	0.799944324444605	0.000437184542346501	0.197261239401229	0.999992459883069
37.375	45.25	0.999978888831141	0.399961641242067	0.000434552004059368	-0.00272667525809288	0.999986277740242
0.125	45.75	-3.7741596625412e-12	0.399996608080539	-4.99446343717247e-05	18.0168544135101	0.349999999997547
0.375	45.75	-5.77442971887884e-12	0.799989814072681	-5.01098393932791e-05	17.9468550070959	0.349999999996247
0.625	45.75	-7.67256949362865e-12	0.799982989532863	-5.04411846315013e-05	17.8768561960471	0.349999999995013
0.875	45.75	-6.84911422895934e-12	0.799976114048152	-5.09405478201101e-05	17.8068579839267	0.349999999995548
1.125	45.75	-2.02003692798584e-13	0.799969167119493	-5.16107638979422e-05	17.7368603760864	0.349999999999869
1.375	45.75	1.50900759578214e-11	0.799962128128441	-5.24556472462027e-05	17.6668633796757	0.350000000009809
1.625	45.75	4.01566589443287e-11	0.799954976305093	-5.34800218224292e-05	17.5968670036537	0.350000000026102
1.875	45.75	7.2599705479247e-11	0.799947690698632	-5.46897593701587e-05	17.5268712588044	0.35000000004719
2.125	45.75	1.04684126856993e-10	0.799940250149435	-5.6091826240279e-05	17.4568761577541	0.350000000068045
2.375	45.75	1.2223384043537e-10	0.799932633264465	-5.76943392790915e-05	17.3868817149915	0.350000000079452
2.625	45.75	1.05051503576726e-10	0.799924818395808	-5.95066316794871e-05	17.3168879468905	0.350000000068283
2.875	45.75	2.96545270991208e-11	0.799916783622607	-6.15393290064477e-05	17.2468948717334	0.350000000019275
3.125	45.75	-1.25111026950747e-10	0.799908506738204	-6.38044369306099e-05	17.1769025097364	0.349999999918678
3.375	45.75	-3.69458011705554e-10	0.799899965241598	-6.63154409166434e-05	17.1069108830735	0.349999999759852
3.625	45.75	-6.91571353705942e-10	0.799891136335241	-6.90874198542977e-05	17.0369200159011	0.349999999550479
3.875	45.75	-1.04543416338161e-09	0.799881996929436	-7.21371739345777e-05	16.9669299343798	0.349999999320468
4.125	45.75	-1.34006139630852e-09	0.799872523654422	-7.54833693851179e-05	16.8969406666947	0.34999999912896
4.375	45.75	-1.43394449600117e-09	0.799862692881523	-7.91467005584071e-05	16.8269522430725	0.349999999067936
4.625	45.75	-1.13979194553596e-09	0.799852480754597	-8.31500721648161e-05	16.7569646957965	0.349999999259135
4.875	45.75	-2.45412417855613e-10	0.799841863234126	-8.75188030378419e-05	16.6869780592197	0.349999999840482
5.125	45.75	1.44386978864074e-09	0.79983081615576	-9.22808541229774e-05	16.6169923697769	0.350000000938515
5.375	45.75	4.03823561201924e-09	0.799819315306521	-9.74670828601358e-05	16.5470076659994	0.350000002624853
5.625	45.75	7.47342876879636e-09	0.799807336521374	-0.000103111527032884	16.4770239885308	0.350000004857729
5.875	45.75	1.14062288442048e-08	0.79979485580228	-0.000109251721014094	16.4070413801478	0.350000007414049
6.125	45.75	1.51120133181665e-08	0.79978184946378	-0.000115929047605183	16.3370598857829	0.350000009822809
6.375	45.75	1.74098491077399e-08	0.799768294305622	-0.000123189128909898	16.2670795525461	0.350000011316402
6.625	45.75	1.66484137956187e-08	0.799754167816206	-0.000131082259303991	16.1971004297371	0.350000010821469
6.875	45.75	1.07913406120449e-08	0.799739448407104	-0.000139663884071965	16.1271225688345	0.350000007014371
7.125	45.75	-2.35852397130874e-09	0.799724115680709	-0.0001489951256348	16.0571460234452	0.349999998466959
7.375	45.75	-2.47618080165418e-08	0.799708150731463	-0.00015914336020177	15.9871708491884	0.349999983904825
7.625	45.75	-5.75513516192663e-08	0.799691536482003	-0.000170182844799343	15.917197103489	0.349999962591621
7.875	45.75	-1.00248547526341e-07	0.799674258054834	-0.000182195394373045	15.8472248452491	0.349999934838444
8.125	45.75	-1.49821322036989e-07	0.799656303180802	-0.000195271105725079	15.7772541343723	0.349999902616141
8.375	45.75	-1.99660605562096e-07	0.799637662646744	-0.000209509122187262	15.7072850311198	0.349999870220606
8.625	45.75	-2.38604976441976e-07	0.799618330784376	-0.000225018429338906	15.6373175952899	0.349999844906765
8.875	45.75	-2.50204976331404e-07	0.799598306005081	-0.00024191866662982	15.567351885235	0.349999837366765
9.125	45.75	-2.12487304052278e-07	0.799577591386304	-0.000260340933616403	15.4973879567569	0.349999861883252
9.375	45.75	-9.8550980410901e-08	0.79955619531828	-0.000280428560859336	15.42742586196	0.349999935941863
9.625	45.75	1.21603631830266e-07	0.799534132224845	-0.000302337803692693	15.3574656481884	0.350000079042361
9.875	45.75	4.77556442858706e-07	0.799511423377915	-0.000326238401915651	15.2875073572287	0.350000310411688
10.125	45.75	9.92776226616991e-07	0.799488097835267	-0.000352313926158691	15.2175510250188	0.350000645304547
10.375	45.75	1.67629576051657e-06	0.79946419354445	-0.000380761801811677	15.1475966821654	0.350001089592244
10.625	45.75	2.51139605063117e-06	0.799439758672102	-0.000411792858991843	15.0776443556226	0.350001632407433
10.875	45.75	3.44116150308658e-06	0.799414853239536	-0.000445630198559131	15.0076940719161	0.350002236754977
11.125	45.75	4.35114574473139e-06	0.799389551169505	-0.000482507084613018	14.9377458622876	0.350002828244734
11.375	45.75	5.04996803563774e-06	0.799363942874903	-0.000522663466140755	14.8677997700622	0.350003282479223
11.625	45.75	5.24948232069295e-06	0.799338138547835	-0.000566340589381394	14.7978558603785	0.350003412163508
11.875	45.75	4.54725162672993e-06	0.799312272330716	-0.000613772980580789	14.7279142321289	0.350002955713557
12.125	45.75	2.41542360108441e-06	0.799286507572234	-0.000665176851097531	14.657975031508	0.350001570025341
12.375	45.75	-1.79829100700282e-06	0.799261043384006	-0.000720733700868588	14.5880384659184	0.349998831110845
12.625	45.75	-8.85005854310145e-06	0.799236122721818	-0.000780567573598172	14.518104816113	0.349994247461947
12.875	45.75	-1.95504771401833e-05	0.799212042215531	-0.000844714056814319	14.4481744433432	0.349987292189859
13.125	45.75	-3.46752375916018e-05	0.799189163971824	-0.000913078742861129	14.3782477869361	0.349977461095565
13.375	45.75	-5.48235127491354e-05	0.799167929575343	-0.000985382507937207	14.3083253461766	0.349964364716713
13.625	45.75	-8.02109017401198e-05	0.799148876527906	-0.00106109068228972	14.2384076386646	0.349947862913869
13.875	45.75	-0.000110383769454616	0.799132657398279	-0.00113932305969869	14.1684951255605	0.349928250549855
14.125	45.75	-0.000143842845502411	0.799120062011303	-0.00121874184514885	14.0985880924276	0.349906502150423
14.375	45.75	-0.000177566100247812	0.799112043088411	-0.00129741522648975	14.0286864728705	0.349884582034839
14.625	45.75	-0.000206424197225918	0.799109745846144	-0.00137265548183443	13.9587896010045	0.349865824271803
14.875	45.75	-0.000222486073575467	0.799114542136299	-0.00144083265484504	13.8888958781052	0.349855384052176
15.125	45.75	-0.00021421709064012	0.799128069717239	-0.00149716813920971	13.8190023386947	0.349860758891084
15.375	45.75	-0.00016557722528492	0.799152277086709	-0.00153551733554239	13.7491041018749	0.349892374803565
15.625	45.75	-5.50313103135409e-05	0.799189473853958	-0.00154815718933449	13.6791936949177	0.349964229648296
15.875	45.75	0.000145513301136978	0.799242385704502	-0.00152560312587367	13.6092602378711	0.350094583645739
16.125	45.75	0.000471824701594935	0.799314211391985	-0.00145649072734398	13.5392884800922	0.350306686056037
16.375	45.75	0.000968503742223983	0.799408676627663	-0.00132757017891019	13.4692576819461	0.350629527432446
16.625	45.75	0.00169016742106001	0.799530075983726	-0.00112387524063169	13.3991403371971	0.351098608823689
16.875	45.75	0.00270265012172862	0.799683288811617	-0.000829141677013319	13.3289007336446	0.351756722579124
17.125	45.75	0.00408422075657682	0.799873748729291	-0.000426560005578256	13.2584933512404	0.352654743491775
17.375	45.75	0.00592682010370996	0.80010733886236	0.000100049947953221	13.1878610982727	0.353852433067411
17.625	45.75	0.00833732717286063	0.800390177777725	0.000764565451825695	13.1169333874684	0.355419262662359
17.875	45.75	0.0114388644347234	0.80072825588329	0.00157634109102543	13.0456240554208	0.35743526188257
18.125	45.75	0.015372147247331	0.80112688212813	0.00253745335093863	12.9738291311646	0.359991895710765
18.375	45.75	0.0202968707588506	0.801589910405854	0.00363951241160136	12.9014244635938	0.363192965993253
18.625	45.75	0.0263931052791594	0.802118739156602	0.00486027481274219	12.8282632233682	0.367155518431454
18.875	45.75	0.033862634165402	0.802711120672483	0.00616045696950198	12.7541733036449	0.372010712207511
19.125	45.75	0.0429301084221893	0.803359879973018	0.00748133679017081	12.6789546564081	0.377904570474423
19.375	45.75	0.0538437947169068	0.80405172206294	0.00874390782247423	12.6023766194315	0.384998466565989
19.625	45.75	0.0668755349543112	0.804766386651413	0.0098504661815615	12.5241753174613	0.393469097720302
19.875	45.75	0.0823192852595517	0.80547646584143	0.0106894932857431	12.4440512685896	0.403507535418709
20.125	45.75	0.100487232421943	0.806148199845469	0.0111444614728883	12.3616674069633	0.415316701074263
20.375	45.75	0.121701997890596	0.806743477044034	0.0111066531702315	12.2766478645307	0.429106298628887
20.625	45.75	0.146282911509203	0.80722307338796	0.0104912052063196	12.1885780548172	0.445083892480982
20.875	45.75	0.17452398913591	0.807550891105064	0.00925442302499762	12.097006872416	0.463440592938342
21.125	45.75	0.20666149338705	0.807698656431438	0.00740917884234159	12.0014521247608	0.484329970701582
21.375	45.75	0.242830371511732	0.807650296017555	0.00503435173861899	11.9014105411289	0.507839741482625
21.625	45.75	0.283011974612759	0.8074051125363	0.00227437817862958	11.7963736681946	0.533957783498293
21.875	45.75	0.326980276641368	0.806978966859182	-0.000673446740549718	11.6858504213996	0.562537179816889
22.125	45.75	0.374259214739893	0.806402951479495	-0.00358325467626129	11.5693958347349	0.593268489580931
22.375	45.75	0.424107224748596	0.805719495832103	-0.00623217378359079	11.4466436937752	0.625669696086587
22.625	45.75	0.475543287150865	0.804976445751012	-0.00843212609381035	11.3173387018508	0.659103136648062
22.875	45.75	0.527419861552887	0.804220295115284	-0.0100543428105272	11.1813624470765	0.692822910009377
23.125	45.75	0.578533700363316	0.803490153997174	-0.0110413326006185	11.0387475830679	0.726046905236155
23.375	45.75	0.62775163301021	0.802813907674834	-0.0114050017134888	10.8896766813766	0.758038561456636
23.625	45.75	0.674122212427194	0.802207275114483	-0.0112135366243009	10.7344656377526	0.788179438077676
23.875	45.75	0.716949201381338	0.801675441653088	-0.010572020034988	10.5735350466504	0.81601698089787
24.125	45.75	0.755816479628562	0.801216165440388	-0.0096020573200395	10.4073752563328	0.841280711758565
24.375	45.75	0.790568997700316	0.800823091696805	-0.00842441971277298	10.236511199485	0.863869848505206
24.625	45.75	0.821264406707502	0.800488382513996	-0.00714678792263997	10.061471801142	0.883821864359877
24.875	45.75	0.8481125639891	0.800204337213476	-0.00585692294678412	9.88276663890506	0.901273166592915
25.125	45.75	0.871416894570364	0.79996412022175	-0.00462043111255363	9.70087045990791	0.916420981470737
25.375	45.75	0.891525914644853	0.799761907634955	-0.00348178437589326	9.51621469454176	0.929491844519154
25.625	45.75	0.908797893598621	0.799592757768449	-0.00246724199979113	9.32918438281565	0.940718630839103
25.875	45.75	0.923578003038049	0.799452412578171	-0.00158857444283279	9.14011880118838	0.950325701974732
26.125	45.75	0.936185507373268	0.799337131256358	-0.000846831708665152	8.94931430459898	0.958520579792624
26.375	45.75	0.946908108192472	0.79924358369446	-0.000235714475294804	8.75702826590287	0.965490270325107
26.625	45.75	0.956000866969996	0.799168794453449	0.000255651835719677	8.56348336334617	0.971400563530497
26.875	45.75	0.96368773402657	0.799110116754264	0.000640579792875636	8.36887176849531	0.97639702711727
27.125	45.75	0.970164330661872	0.799065218278188	0.000933267870633832	8.17335900409811	0.980606814930217
27.375	45.75	0.975601141833423	0.799032067263782	0.00114773995832963	7.97708738182902	0.984140742191725
27.625	45.75	0.980146647402204	0.799008913753161	0.0012971721921807	7.78017901164576	0.987095320811433
27.875	45.75	0.983930164647261	0.798994265228801	0.00139350951117425	7.58273841601097	0.98955460702072
28.125	45.75	0.987064322954327	0.798986858179264	0.00144728891995847	7.38485479863482	0.991591809920312
28.375	45.75	0.989647172998709	0.798985627898408	0.00146760320199808	7.18660401956903	0.993270662449161
28.625	45.75	0.991763971455124	0.798989678687378	0.00146215468165416	6.98805032359482	0.99464658144583
28.875	45.75	0.993488695632198	0.798998256087707	0.00143736220663377	6.78924786123754	0.995767652160929
29.125	45.75	0.9948853419953	0.799010722144099	0.00139849542902515	6.59024203382224	0.996675472296945
29.375	45.75	0.996009055519514	0.799026534142697	0.001349818839324	6.39107068694393	0.997405886087684
29.625	45.75	0.996907127446914	0.799045226858591	0.00129473421450796	6.19176517102037	0.997989632840494
29.875	45.75	0.997619889637709	0.799066398079081	0.00123591460017785	5.99235128328194	0.998452928264511
30.125	45.75	0.998181525456438	0.799089697023613	0.00117542605729107	5.79285010248469	0.998817991546685
30.375	45.75	0.998620810482361	0.799114815224589	0.00111483550752896	5.59327872558374	0.999103526813534
30.625	45.75	0.998961791345619	0.799141479435091	0.00105530438247907	5.39365091432826	0.999325164374652
30.875	45.75	0.999224407527657	0.799169446165027	0.000997668632782422	5.19397765901038	0.999495864892977
31.125	45.75	0.999425058787577	0.799198497498964	0.000942506143076597	4.99426766622543	0.999626288211925
31.375	45.75	0.999577119716925	0.799228437905702	0.00089019284332283	4.79452777732478	0.999725127816001
31.625	45.75	0.999691402525287	0.799259091804621	0.000840948890367325	4.5947633241503	0.999799411641437
31.875	45.75	0.99977656929069	0.79929030170256	0.000794876274753829	4.39497842854714	0.999854770038949
32.125	45.75	0.999839495379899	0.799321926754122	0.000751989128521072	4.19517625200535	0.999895671996935
32.375	45.75	0.999885586381916	0.799353841624502	0.000712237898624076	3.99535920155123	0.999925631148246
32.625	45.75	0.999919051527078	0.799385935547365	0.000675528426714664	3.79552909768653	0.999947383492601
32.875	45.75	0.999943136991264	0.799418111476392	0.000641736849335161	3.5956873097757	0.999963039044322
33.125	45.75	0.999960322534708	0.799450285244871	0.000610721105966736	3.39583486384649	0.99997420964756
33.375	45.75	0.999972484553306	0.799482384696219	0.000582329712951083	3.19597252735092	0.999982114959649
33.625	45.75	0.999981028089105	0.799514348847384	0.00055640832721031	2.99610087507145	0.999987668257918
33.875	45.75	0.999986990351562	0.799546127276961	0.00053280449349574	2.79622034002837	0.999991543728516
34.125	45.75	0.999991119820786	0.799577680002933	0.000511370872239787	2.59633125281553	0.999994227883511
34.375	45.75	0.99999393860924	0.799608977969975	0.000491967232044741	2.39643387203177	0.999996060096006
34.625	45.75	0.99999580034639	0.799640003745044	0.000474461605786093	2.19652840718198	0.999997270225153
34.875	45.75	0.999996957371699	0.799670751153009	0.000458731229901086	1.99661503372911	0.999998022291604
35.125	45.75	0.999997642662048	0.799701221847475	0.000444664044926271	1.79669389872321	0.999998467730331
35.375	45.75	0.999998147764168	0.799731417263066	0.000432161288250596	1.59676511628015	0.999998796046709
35.625	45.75	0.999998841289923	0.799761327343068	0.000421140664675954	1.39682875697991	0.99999924683845
35.875	45.75	1.00000004602446	0.799790923313789	0.000411537676024216	1.19688484417152	1.0000000299159
36.125	45.75	1.0000017224045	0.799820168290808	0.000403300783235947	0.99693337892423	1.00000111956292
36.375	45.75	1.0000030438364	0.799849060087222	0.000396376355571363	0.796974413308933	1.00000197849366
36.625	45.75	1.0000022015339	0.799877705444564	0.000390684874279116	0.597008164358977	1.00000143099704
36.875	45.75	0.999997027170141	0.799906391804328	0.000386102262552332	0.39703510100679	0.999998067660592
37.125	45.75	0.999986977618626	0.799938743294694	0.000382476058786378	0.197055860308424	0.999991535452107
37.375	45.75	0.999976284105943	0.39995729314385	0.000380043395835299	-0.00293077727478722	0.999984584668863
0.125	46.25	-3.80075337945569e-12	0.399996463218803	-3.60872367952667e-05	18.0168619678175	0.34999999999753
0.375	46.25	-5.80693333210923e-12	0.79998937858697	-3.62099545441516e-05	17.9468625867552	0.349999999996225
0.625	46.25	-7.70186335178858e-12	0.799982260714421	-3.64562402110281e-05	17.8768638265676	0.349999999994994
0.875	46.25	-6.84951879170589e-12	0.79997508735642	-3.68278021789584e-05	17.8068656911343	0.349999999995548
1.125	46.25	-1.31420745340608e-13	0.799967836143625	-3.73272226272388e-05	17.7368681862851	0.349999999999915
1.375	46.25	1.52840664134975e-11	0.799960484532107	-3.79579816695264e-05	17.6668713198132	0.350000000009935
1.625	46.25	4.05211101873281e-11	0.799953009754758	-3.87244897097468e-05	17.5968751014929	0.350000000026339
1.875	46.25	7.31490893684551e-11	0.799945388774059	-3.9632128695205e-05	17.5268795431015	0.350000000047547
2.125	46.25	1.05363253386695e-10	0.799937598235505	-4.06873026823055e-05	17.4568846584454	0.350000000068486
2.375	46.25	1.22878239082527e-10	0.799929614423184	-4.18974984127473e-05	17.3868904633908	0.350000000079871
2.625	46.25	1.05359184783101e-10	0.799921413216285	-4.32713564958174e-05	17.3168969758984	0.350000000068483
2.875	46.25	2.91877423096566e-11	0.799912970048644	-4.48187541312006e-05	17.2469042160608	0.350000000018972
3.125	46.25	-1.26876117272514e-10	0.79990425986973	-4.65509003804561e-05	17.1769122061438	0.349999999917531
3.375	46.25	-3.73023693323906e-10	0.799895257108935	-4.8480445098358e-05	17.1069209706293	0.349999999757535
3.625	46.25	-6.97255106061922e-10	0.799885935643069	-5.0621602672298e-05	17.0369305362608	0.349999999546784
3.875	46.25	-1.05316264626196e-09	0.799876268767356	-5.29902925603362e-05	16.9669409320886	0.349999999315444
4.125	46.25	-1.34913670860331e-09	0.799866229171106	-5.56042974802583e-05	16.8969521895174	0.349999999123061
4.375	46.25	-1.44279198474375e-09	0.799855788918345	-5.84834421489755e-05	16.8269643423532	0.349999999062185
4.625	46.25	-1.14569612157682e-09	0.799844919434865	-6.16497936869445e-05	16.7569774268523	0.349999999255298
4.875	46.25	-2.44265705467863e-10	0.799833591503112	-6.51278868895891e-05	16.6869914817723	0.349999999841227
5.125	46.25	1.45772868694566e-09	0.799821775266811	-6.89449762949583e-05	16.6170065484272	0.350000000947524
5.375	46.25	4.07193504419474e-09	0.799809440247344	-7.31313183760441e-05	16.5470226707483	0.350000002646758
5.625	46.25	7.5349823433983e-09	0.799796555375041	-7.77204868290758e-05	16.4770398953543	0.350000004897739
5.875	46.25	1.15031515242719e-08	0.799783089036469	-8.27497245972112e-05	16.4070582716304	0.350000007477048
6.125	46.25	1.52488276891416e-08	0.799769009141507	-8.82603362873416e-05	16.3370778518168	0.350000009911738
6.375	46.25	1.75842545391826e-08	0.799754283211276	-9.42981250752436e-05	16.2670986911038	0.350000011429765
6.625	46.25	1.68460664017818e-08	0.799738878489045	-0.000100913877957006	16.197120847724	0.350000010949943
6.875	46.25	1.0979473222341e-08	0.799722762076353	-0.000108163903497638	16.1271443830325	0.350000007136658
7.125	46.25	-2.23801386656338e-09	0.799705901095092	-0.000116110625733471	16.0571693615533	0.349999998545291
7.375	46.25	-2.47986518310247e-08	0.799688262879046	-0.000124823237510761	15.9871958509724	0.349999983880876
7.625	46.25	-5.78707971635575e-08	0.799669815195631	-0.000134378415738853	15.9172239220483	0.349999962383982
7.875	46.25	-1.01010338892858e-07	0.799650526503338	-0.000144861099630519	15.8472536484112	0.34999993434328
8.125	46.25	-1.51210556921677e-07	0.799630366248903	-0.000156365331536476	15.7772851062237	0.349999901713138
8.375	46.25	-2.01866666541901e-07	0.799609305212817	-0.000168995157334048	15.7073183736811	0.349999868786667
8.625	46.25	-2.41784440312715e-07	0.799587315914091	-0.000182865580397478	15.637353530343	0.349999842840114
8.875	46.25	-2.54424616989252e-07	0.799564373090459	-0.000198103559362531	15.5673906563049	0.349999834623999
9.125	46.25	-2.1764424052418e-07	0.799540454276198	-0.00021484903455589	15.4974298312494	0.349999858531244
9.375	46.25	-1.04268880134828e-07	0.799515540509692	-0.000233255961588562	15.4274711334504	0.349999932225228
9.625	46.25	1.16100476139261e-07	0.799489617215268	-0.000253493321956333	15.357514638849	0.350000075465309
9.875	46.25	4.73585377989494e-07	0.799462675322236	-0.000275746068662625	15.287560420373	0.350000307830496
10.125	46.25	9.92344180610791e-07	0.799434712708907	-0.000300215948972358	15.2176085477275	0.350000645023717
10.375	46.25	1.68223669496183e-06	0.799405736093038	-0.000327122123855379	15.1476590879388	0.350001093453852
10.625	46.25	2.52747599050494e-06	0.799375763534614	-0.000356701472256781	15.0777121069798	0.350001642859394
10.875	46.25	3.47212339588347e-06	0.799344827773529	-0.000389208424407034	15.0077676728232	0.350002256880207
11.125	46.25	4.40266022504156e-06	0.799312980696194	-0.000424914107212232	14.9378258602499	0.350002861729146
11.375	46.25	5.12844816407432e-06	0.799280299312549	-0.000464104502346246	14.8678867576459	0.350003333491307
11.625	46.25	5.36170694565917e-06	0.79924689372895	-0.000507077206585551	14.7979504758368	0.350003485109515
11.875	46.25	4.69971616438818e-06	0.799212917727295	-0.000554136240307277	14.7280171586865	0.350003054815507
12.125	46.25	2.61328652264852e-06	0.799178582703497	-0.000605584167800179	14.6580869946969	0.35000169863624
12.375	46.25	-1.55289248667682e-06	0.799144175885874	-0.000661710569354277	14.5881602281555	0.349998990619884
12.625	46.25	-8.56071885764276e-06	0.799110083945991	-0.000722775641033236	14.5182371674493	0.349994435532743
12.875	46.25	-1.92309395906362e-05	0.799076823334343	-0.000788987399309672	14.4483181870023	0.349987499889266
13.125	46.25	-3.43566600730121e-05	0.799045078924901	-0.000860470650640406	14.3784037178816	0.349977668170953
13.375	46.25	-5.45664377215025e-05	0.799015752836205	-0.000937225576920304	14.3084942205168	0.349964531815481
13.625	46.25	-8.01248518393803e-05	0.798990025607885	-0.0010190735316459	14.2385901312286	0.349947918846304
13.875	46.25	-0.000110658927060718	0.798969432239289	-0.00110558750350729	14.1686917724889	0.349928071697411
14.125	46.25	-0.000144800421285209	0.798955955909314	-0.00119600477585474	14.0987992151557	0.349905879726165
14.375	46.25	-0.000179736903294921	0.798952142444245	-0.00128911971434667	14.0289120795131	0.349883171012858
14.625	46.25	-0.000210668739707343	0.798961238691125	-0.00138315550902172	13.9590292609661	0.34986306531919
14.875	46.25	-0.000230174409682223	0.798987357755889	-0.00147561527067169	13.8891485658697	0.349850386633707
15.125	46.25	-0.000227492590133973	0.799035673382977	-0.00156311535543824	13.8192662433539	0.349852129816413
15.375	46.25	-0.000187735618611793	0.799112644320467	-0.00164120739737637	13.7493764002308	0.349877971847902
15.625	46.25	-9.10544804291997e-05	0.799226267000445	-0.00170420048411248	13.6794702881728	0.349940814587721
15.875	46.25	8.82205017580798e-05	0.799386350859566	-0.00174500136233485	13.6095354552591	0.350057343326143
16.125	46.25	0.000382437480561184	0.799604804690246	-0.00175499851884594	13.5395547575538	0.350248584362365
16.375	46.25	0.00083145521517114	0.799895914114713	-0.00172402520626225	13.4695052303652	0.350540445889861
16.625	46.25	0.0014834307811705	0.800276579287725	-0.00164044634979075	13.3993568229436	0.350964230007761
16.875	46.25	0.00239555368213907	0.8007664681829	-0.00149142362006961	13.3290710042736	0.35155710989339
17.125	46.25	0.00363473078696828	0.801388024687894	-0.00126341992566806	13.2585992509903	0.352362575011529
17.375	46.25	0.00527824370040188	0.802166253334358	-0.000943006487973295	13.1878814310136	0.353430858405261
17.625	46.25	0.00741442017542805	0.803128185979003	-0.000518028980124839	13.1168440980136	0.354819373114028
17.875	46.25	0.0101433829692049	0.804301923674078	2.08302937772881e-05	13.0453987121037	0.356593198929983
18.125	46.25	0.0135779618965867	0.805715144388713	0.000678094072611294	12.9734398009712	0.358825675232781
18.375	46.25	0.0178448759043191	0.807392980881776	0.00145119388283441	12.9008430726985	0.361599169337807
18.625	46.25	0.0230863086392862	0.809355210546234	0.00232797633120148	12.8274634863981	0.365006100615536
18.875	46.25	0.0294620069322309	0.811612768047108	0.0032842579090337	12.7531332791084	0.36915030450595
19.125	46.25	0.0371520145494108	0.814163697425007	0.00428179708952463	12.6776599373729	0.374148809457117
19.375	46.25	0.0463600908953483	0.816988803476257	0.00526717920633932	12.6008240913681	0.380134059081976
19.625	46.25	0.0573177188280707	0.820047434870012	0.00617221640793654	12.5223773037441	0.387256517238246
19.875	46.25	0.0702883232826816	0.823274015081773	0.00691651448142025	12.442039736105	0.395687410133743
20.125	46.25	0.0855708380841177	0.826576101069679	0.00741279634351735	12.3594977239821	0.405621044754676
20.375	46.25	0.103501019504646	0.829834851281753	0.00757532732831009	12.2744014070732	0.41727566267802
20.625	46.25	0.124447922735024	0.832908771463937	0.00733128254144211	12.1863627822093	0.430891149777766
20.875	46.25	0.148801892145241	0.835641417441971	0.00663408327921806	12.0949549001158	0.446721229894406
21.125	46.25	0.176949685940408	0.837873300962823	0.00547666281640931	11.9997134036642	0.465017295861265
21.375	46.25	0.20923270745949	0.839457507798613	0.00390156074318518	11.9001421143102	0.486001259848668
21.625	46.25	0.245886737225422	0.840277490074481	0.00200420861677033	11.7957247032427	0.509826379196525
21.875	46.25	0.286966864054327	0.840264278257225	-7.35861557266927e-05	11.6859443021901	0.536528461635313
22.125	46.25	0.33226929715135	0.839409368952449	-0.00216073325499288	11.5703118562561	0.565975043148377
22.375	46.25	0.381270185581093	0.837769431788811	-0.00408190963047051	11.4484019288983	0.59782562062771
22.625	46.25	0.433105967949334	0.835460346463402	-0.00568474766972463	11.3198918449608	0.631518879167067
22.875	46.25	0.486614957153424	0.832640943929003	-0.00686207322228839	11.1845974424334	0.666299722149726
23.125	46.25	0.54044383143099	0.829490177045784	-0.00756367856384684	11.0424976348975	0.701288490430144
23.375	46.25	0.593200222485505	0.826183601234491	-0.0077958262707219	10.893741490553	0.735580144615578
23.625	46.25	0.643614481511359	0.822874761106253	-0.00761063205383146	10.7386355140791	0.768349412982383
23.875	46.25	0.690670222553652	0.819684578634564	-0.00708989255800207	10.5776138268221	0.798935644659874
24.125	46.25	0.733676355472803	0.816698671815719	-0.00632819211185814	10.4111979070448	0.826889631057322
24.375	46.25	0.772275167673955	0.813970345821513	-0.00541880591564411	10.2399540022096	0.851978858988071
24.625	46.25	0.806400121395461	0.811526428644591	-0.00444405806244951	10.0644551514233	0.874160078907049
24.875	46.25	0.836206129543644	0.80937373448384	-0.00347021903814211	9.88525200691333	0.893533984203368
25.125	46.25	0.861993979514461	0.807504918180276	-0.00254608940935896	9.70285369128086	0.9102960866844
25.375	46.25	0.884143659299846	0.805903270182863	-0.0017040829839164	9.51771773267311	0.9246933785449
25.625	46.25	0.903063428292699	0.80454643459409	-0.000962691254696677	9.33024699227252	0.936991228390255
25.875	46.25	0.919155464737864	0.803409195393884	-0.000329468535896686	9.1407912670786	0.947451052079612
26.125	46.25	0.9327955808895	0.802465501514373	0.00019602724536668	8.94965155960484	0.956317127578175
26.375	46.25	0.944323332614758	0.801689881822768	0.000619649843981193	8.75708552707101	0.963810166199593
26.625	46.25	0.954038996884006	0.801058376730807	0.000950564421017489	8.5633131428411	0.970125347974604
26.875	46.25	0.962204609491583	0.800549094113085	0.00119964434222256	8.36852202189143	0.975432996169529
27.125	46.25	0.969047083430758	0.800142482100095	0.00137831504752896	8.17287215590872	0.979880604229993
27.375	46.25	0.974762142904206	0.799821397475636	0.00149776854801258	7.97649998704397	0.983595392887734
27.625	46.25	0.979518339951287	0.799571034716972	0.00156846758476032	7.77952185044748	0.986686920968336
27.875	46.25	0.983460778842176	0.799378767272846	0.00159986552680216	7.58203686211892	0.989249506247415
28.125	46.25	0.986714394923474	0.799233940205047	0.00160027999813527	7.38412934218809	0.991364356700258
28.375	46.25	0.989386760179632	0.799127642434037	0.00157687110845603	7.18587085974462	0.99310139411676
28.625	46.25	0.991570451223579	0.799052477868083	0.00153568702098542	6.98732197343558	0.994520793295326
28.875	46.25	0.993345041409703	0.799002347696939	0.00148174959709616	6.78853372787329	0.995674276916307
29.125	46.25	0.994778783799963	0.798972250926513	0.00141916084273763	6.58954895239545	0.996606209469976
29.375	46.25	0.99593004619874	0.798958106540943	0.00135121700309887	6.39040339720943	0.997354530029181
29.625	46.25	0.996848549572782	0.798956598191753	0.00128052169921851	6.19112673281813	0.997951557222308
29.875	46.25	0.997576450333434	0.798965040737141	0.00120909278769343	5.99174343176484	0.998424692716732
30.125	46.25	0.998149296946664	0.798981267035708	0.00113845994137788	5.79227354683076	0.998797043015332
30.375	46.25	0.998596882929396	0.799003532935775	0.00106975153837799	5.59273339648153	0.999087973904108
30.625	46.25	0.998944011704459	0.799030438240076	0.00100377050337561	5.39313616620698	0.999313607607899
30.875	46.25	0.999211183936053	0.799060861453709	0.00094105941938572	5.19349243309435	0.999487269558434
31.125	46.25	0.999415214622343	0.799093906261585	0.000881955632236187	4.99381062024109	0.999619889504523
31.375	46.25	0.999569785097751	0.799128857878206	0.000826637287448931	4.79409738723009	0.999720360313538
31.625	46.25	0.999685933912502	0.799165147631531	0.000775161330237532	4.59435796269386	0.999795857043126
31.875	46.25	0.999772490058703	0.799202324362406	0.000727494507671018	4.39459642486772	0.999852118538157
32.125	46.25	0.999836451984372	0.799240031425958	0.000683538368788892	4.19481593589464	0.999893693789842
32.375	46.25	0.999883316084045	0.7992779882617	0.000643149186071099	3.99501893544943	0.999924155454629
32.625	46.25	0.999917358676456	0.799315975651327	0.000606153634899213	3.79520729897621	0.999946283139696
32.875	46.25	0.999941875656614	0.799353823912088	0.000572360975149145	3.59538246548948	0.999962219176799
33.125	46.25	0.999959383840719	0.799391403397102	0.000541572382987522	3.39554553951263	0.999973599496467
33.375	46.25	0.999971787448564	0.799428616819064	0.000513587979522185	3.19569737137052	0.999981661841567
33.625	46.25	0.999980512465877	0.79946539310018	0.000488211994714451	2.9958386197557	0.99998733310282
33.875	46.25	0.999986611550835	0.799501682660094	0.000465256397847281	2.79596980022154	0.999991297508043
34.125	46.25	0.999990843760085	0.799537454189565	0.000444543245753681	2.59609132287488	0.999994048444055
34.375	46.25	0.999993737293869	0.799572692846191	0.000425905990842709	2.39620352178848	0.999995929241015
34.625	46.25	0.999995648490466	0.799607399275718	0.000409190091801745	2.19630667730892	0.999997171518803
34.875	46.25	0.999996831999187	0.799641587941785	0.00039425346227828	1.99640103064152	0.999997940799472
35.125	46.25	0.999997527948879	0.799675282460226	0.000380967432465432	1.79648678876687	0.999998393166771
35.375	46.25	0.999998045487729	0.799708506142467	0.00036921868740278	1.59656411871014	0.999998729567024
35.625	46.25	0.99999878180207	0.799741269197763	0.000358911741412598	1.39663313547474	0.999999208171346
35.875	46.25	1.0000000865505	0.799773560511596	0.00034996985339234	1.19669389776385	1.00000005625783
36.125	46.25	1.00000191406641	0.79980535910024	0.000342330620819448	0.996746435257891	1.00000124414316
36.375	46.25	1.00000335664493	0.799836681032643	0.000335932716186534	0.796790829017194	1.00000218181921
36.625	46.25	1.00000242912032	0.799867661022659	0.000330695005152534	0.596827336639649	1.00000157892821
36.875	46.25	0.999996750589921	0.799898631428841	0.000326500083893576	0.396856487910835	0.999997887883449
37.125	46.25	0.999985721850333	0.799933588834076	0.000323208127509092	0.196878993262004	0.999990719202716
37.375	46.25	0.999973983455414	0.399953368112767	0.00032102222183119	-0.00310647891059041	0.999983089246019
0.125	46.75	-3.82335748803548e-12	0.399996362645112	-2.173896839549e-05	18.0168670463771	0.349999999997515
0.375	46.75	-5.83490118187647e-12	0.799989076065914	-2.18157978924186e-05	17.9468676829161	0.349999999996207
0.625	46.75	-7.72797092669777e-12	0.799981753837705	-2.19701906970915e-05	17.8768689580714	0.349999999994977
0.875	46.75	-6.8527417916862e-12	0.799974372083315	-2.22036224092518e-05	17.8068708760037	0.349999999995546
1.125	46.75	-7.69218967959829e-14	0.799966906760319	-2.25183267003699e-05	17.7368734429687	0.34999999999995
1.375	46.75	1.54403566166306e-11	0.799959333593704	-2.29173197232807e-05	17.6668766673338	0.350000000010036
1.625	46.75	4.08204028963996e-11	0.799951628010091	-2.34044333917422e-05	17.5968805596018	0.350000000026533
1.875	46.75	7.36082411911943e-11	0.799943765071171	-2.3984357565706e-05	17.5268851324404	0.350000000047845
2.125	46.75	1.05944258471612e-10	0.7999357194081	-2.46626920447473e-05	17.4568904007173	0.350000000068864
2.375	46.75	1.23453294395575e-10	0.79992746515506	-2.54460086669172e-05	17.3868963815417	0.350000000080245
2.625	46.75	1.0568198403224e-10	0.799918975883447	-2.63419245773341e-05	17.3169030943115	0.350000000068693
2.875	46.75	2.88878527406372e-11	0.799910224536028	-2.73591875871243e-05	17.2469105607663	0.350000000018777
3.125	46.75	-1.28256592956935e-10	0.799901183361022	-2.85077743376976e-05	17.1769188050452	0.349999999916633
3.375	46.75	-3.75937741453381e-10	0.799891823846715	-2.97990031220426e-05	17.1069278537499	0.34999999975564
3.625	46.75	-7.02003308516144e-10	0.799882116655923	-3.12456622409812e-05	17.0369377360118	0.349999999543698
3.875	46.75	-1.05970652177918e-09	0.799872031561143	-3.28621556999286e-05	16.9669484835633	0.349999999311191
4.125	46.75	-1.35689503335842e-09	0.799861537380359	-3.46646682949777e-05	16.8969601308134	0.349999999118018
4.375	46.75	-1.45043426913745e-09	0.799850601913546	-3.66713517807613e-05	16.8269727149277	0.349999999057218
4.625	46.75	-1.15093408465893e-09	0.799839191881405	-3.89025347313685e-05	16.7569862759128	0.349999999251893
4.875	46.75	-2.43647420127247e-10	0.799827272865603	-4.13809585908983e-05	16.687000856709	0.349999999841629
5.125	46.75	1.46897376885545e-09	0.799814809254359	-4.41320428325918e-05	16.6170165032904	0.350000000954833
5.375	46.75	4.09986844069941e-09	0.799801764192256	-4.7184182562336e-05	16.5470332647779	0.350000002664914
5.625	46.75	7.58652217385336e-09	0.799788099538805	-5.05690820652234e-05	16.477051193566	0.350000004931239
5.875	46.75	1.15849499936865e-08	0.799773775835577	-5.43221284335957e-05	16.4070703454664	0.350000007530217
6.125	46.75	1.53651846855535e-08	0.799758752284819	-5.848280947498e-05	16.3370907798683	0.35000000998737
6.375	46.75	1.77338656407902e-08	0.799742986740555	-6.30951808429168e-05	16.2671125599129	0.350000011527013
6.625	46.75	1.70175450506477e-08	0.799726435713716	-6.82083873819778e-05	16.197135752675	0.350000011061404
6.875	46.75	1.11458050170456e-08	0.79970905439299	-7.38772437942538e-05	16.1271604293413	0.350000007244773
7.125	46.75	-2.12561118099437e-09	0.79969079668253	-8.01628807157971e-05	16.0571866653668	0.349999998618353
7.375	46.75	-2.48165552020475e-08	0.799671615258985	-8.71334611413402e-05	15.987214540588	0.349999983869239
7.625	46.75	-5.812702632153e-08	0.799651461651271	-9.48649729184053e-05	15.9172441392664	0.349999962217433
7.875	46.75	-1.01644700951828e-07	0.799630286347297	-0.000103442102581579	15.8472755500327	0.349999933930944
8.125	46.75	-1.52388066905917e-07	0.799608038935912	-0.000112959194560283	15.7773088657055	0.349999900947756
8.375	46.75	-2.03760805363562e-07	0.79958466829434	-0.000123521299905225	15.7073441829624	0.349999867555477
8.625	46.75	-2.44546439895691e-07	0.79956012283749	-0.000135245316938719	15.6373816018542	0.349999841044814
8.875	46.75	-2.58135051394734e-07	0.799534350851474	-0.000148261225287791	15.5674212251712	0.349999832212217
9.125	46.75	-2.22243992900206e-07	0.799507300943965	-0.00016271341337584	15.4974631576982	0.349999855541405
9.375	46.75	-1.09468276142239e-07	0.799478922655751	-0.000178762097751955	15.42750750543	0.34999992884562
9.625	46.75	1.10932768941145e-07	0.799449167297443	-0.000196584830890671	15.3575543748625	0.3500000721063
9.875	46.75	4.69548172395671e-07	0.799417989098841	-0.000216378091758543	15.2876038725262	0.350000305206312
10.125	46.75	9.91133987606815e-07	0.799385346793426	-0.000238358949948663	15.217656104983	0.350000644237092
10.375	46.75	1.68626678457208e-06	0.799351205805469	-0.000262766788930888	15.1477111795582	0.35000109607341
10.625	46.75	2.53996390252417e-06	0.799315541267561	-0.000289865065134527	15.0777692061226	0.350001650976537
10.875	46.75	3.49712311411099e-06	0.79927834217422	-0.000319943065475176	15.0078303002525	0.350002273130024
11.125	46.75	4.44501444010205e-06	0.799239617074584	-0.000353317603859095	14.937894588065	0.350002889259386
11.375	46.75	5.19363878127547e-06	0.799199401829338	-0.000390334563029795	14.8679622129274	0.350003375865208
11.625	46.75	5.45558836140684e-06	0.799157770105472	-0.000431370138885518	14.7980333440328	0.350003546132435
11.875	46.75	4.82812432248696e-06	0.79911484746098	-0.000476831574675032	14.728108186497	0.35000313828081
12.125	46.75	2.7815230846839e-06	0.799070830083848	-0.000527157077861093	14.6581869921172	0.350001807990005
12.375	46.75	-1.34070587562065e-06	0.799026009499685	-0.000582814489977895	14.5882700692065	0.349999128541181
12.625	46.75	-8.30245074272318e-06	0.798980804853379	-0.00064429812560774	14.5183577889617	0.349994603407017
12.875	46.75	-1.8927534951329e-05	0.79893580470672	-0.000712123012657626	14.4484505846106	0.349987697102282
13.125	46.75	-3.40137712849922e-05	0.798891820675795	-0.000786815555860235	14.3785489381365	0.349977891048665
13.375	46.75	-5.41971498534248e-05	0.798849955658225	-0.00086889941979408	14.3086533477287	0.349964771852595
13.625	46.75	-7.97545137055486e-05	0.79881168985614	-0.000958875205361831	14.2387642673262	0.349948159566091
13.875	46.75	-0.000110333811850201	0.798778988263174	-0.00105719230266566	14.1688820078269	0.349928283022297
14.125	46.75	-0.000144602984488	0.798754433699405	-0.00116421118408218	14.0990065878622	0.349906008060083
14.375	46.75	-0.000179811868846063	0.798741389764063	-0.00128015440931793	14.0291375206688	0.34988312228525
14.625	46.75	-0.000211266214904958	0.798744198103753	-0.00140504481770713	13.9592735227144	0.349862676960312
14.875	46.75	-0.000231718780310512	0.798768413966821	-0.00153862986688001	13.8894121295463	0.349849382792798
15.125	46.75	-0.000230689125344248	0.798821082874914	-0.00168029193728547	13.8195492049889	0.349850052068526
15.375	46.75	-0.000193730515874073	0.798911059040931	-0.001828945760998	13.7496783314441	0.349874075164682
15.625	46.75	-0.000101668421550542	0.799049362475155	-0.00198292604590779	13.6797900716785	0.349933915525992
15.875	46.75	7.01605259848792e-05	0.799249566064202	-0.00213987092516839	13.6098710960749	0.35004560434189
16.125	46.75	0.000352638631135155	0.799528195770382	-0.00229661008194212	13.5399031737154	0.350229215110238
16.375	46.75	0.000783537952521603	0.799905116039813	-0.00244907020745315	13.469862030607	0.350509299669139
16.625	46.75	0.00140811026197361	0.800403858252578	-0.00259221462973849	13.3997160835097	0.350915271670283
16.875	46.75	0.00227958650671443	0.801051832686361	-0.00272003809333176	13.3294250627775	0.351481731229364
17.125	46.75	0.0034595935086126	0.801880344660241	-0.00282564112710495	13.2589385419335	0.352248735780598
17.375	46.75	0.00501851833461642	0.802924314786951	-0.00290141028752169	13.1881943949064	0.353262036917501
17.625	46.75	0.00703587837957223	0.80422158422359	-0.0029393296304734	13.117117203481	0.354573320946722
17.875	46.75	0.00960078699014632	0.805811672449855	-0.00293144368118843	13.045616637035	0.356240511543595
18.125	46.75	0.0128126393082868	0.807733852832578	-0.00287048155381616	12.9735858234246	0.358328215550386
18.375	46.75	0.0167821790071944	0.810024426757264	-0.00275063456486498	12.9008997231911	0.360908416354676
18.625	46.75	0.0216331400648846	0.81271311789998	-0.00256845510283119	12.8274135081899	0.364061541042175
18.875	46.75	0.0275046813415131	0.815818581604003	-0.00232381303672857	12.7529609295165	0.367878042871984
19.125	46.75	0.0345548313368535	0.819343136187832	-0.00202080929439903	12.6773526381079	0.372460640368955
19.375	46.75	0.0429651106800064	0.823266976115884	-0.00166850785087441	12.6003743965188	0.377927321942004
19.625	46.75	0.0529463588513977	0.82754231947218	-0.0012813127653842	12.5217850980593	0.384415133253408
19.875	46.75	0.0647454981599689	0.83208816592672	-0.000878794318465721	12.4413145028589	0.39208457380398
20.125	46.75	0.0786524455006663	0.836786579806973	-0.000484769678244059	12.3586606330989	0.401124089575433
20.375	46.75	0.0950055593673781	0.841481636287038	-0.000125485864590369	12.2734868775152	0.411753613588796
20.625	46.75	0.114192868558904	0.845982324029608	0.000173141829516244	12.1854190831761	0.424225364563288
20.875	46.75	0.136644994741493	0.850070690942546	0.000389092391109123	12.0940433001331	0.438819246581971
21.125	46.75	0.162814542697192	0.853516198755835	0.000508178329535231	11.9989053958573	0.455829452753175
21.375	46.75	0.193136554432379	0.856096416177989	0.000527608209726248	11.8995143922335	0.475538760381046
21.625	46.75	0.227966529847907	0.857622668331674	0.000458162254384655	11.7953518848717	0.498178244401139
21.875	46.75	0.267497649761817	0.8579671559575	0.000323979738238243	11.6858899181775	0.523873472345181
22.125	46.75	0.311667513302403	0.857085949937438	0.000159407314899728	11.5706187722147	0.552583883646562
22.375	46.75	0.360075172456776	0.855031309429128	3.23998110244637e-06	11.4490839810531	0.584048862096904
22.625	46.75	0.411936869994148	0.851948211311129	-0.000108315014386052	11.3209287452551	0.617758965496196
22.875	46.75	0.46610721457686	0.848054149503968	-0.000148027369797513	11.1859346633671	0.652969689474959
23.125	46.75	0.521177311972837	0.843606761928963	-0.000101657042400229	11.0440519235561	0.688765252782344
23.375	46.75	0.57563569685501	0.838867936556324	3.12248308787015e-05	10.89541115719	0.724163202955757
23.625	46.75	0.628053410266322	0.83407345995033	0.000239292566101532	10.7403132843256	0.758234716673109
23.875	46.75	0.677245014133561	0.82941395889601	0.000503293287676915	10.579199437607	0.790209259186815
24.125	46.75	0.722368367528783	0.825028050446844	0.00080034129181633	10.4126079970863	0.819539438893709
24.375	46.75	0.762950575015569	0.82100490016211	0.00110766261271118	10.2411279331763	0.84591787376012
24.625	46.75	0.798851793457635	0.817392047345274	0.00140525717781667	10.0653566462512	0.869253665747463
24.875	46.75	0.830192048997811	0.814204951157161	0.00167738201769663	9.88586742591453	0.889624831848577
25.125	46.75	0.857266995686915	0.811436073559641	0.00191303438554901	9.70318818495131	0.907223547196495
25.375	46.75	0.880471268725658	0.80906253667748	0.00210572672161175	9.51779048010812	0.922306324671678
25.625	46.75	0.900238754316667	0.807052144950926	0.00225284594828822	9.33008644893239	0.935155190305833
25.875	46.75	0.917001647062762	0.805367906459814	0.00235483306221108	9.14043099093865	0.946051070590795
26.125	46.75	0.931165846435369	0.803971295093997	0.00241434612700947	8.94912687645279	0.95525780018299
26.375	46.75	0.943098604336114	0.802824501009139	0.00243550342059522	8.75643107881966	0.963014092818474
26.625	46.75	0.953124358557769	0.801891890889282	0.00242325282603168	8.56256123615615	0.96953083306255
26.875	46.75	0.961525463305437	0.801140867838108	0.0023828795992448	8.3677016370287	0.974991551148534
27.125	46.75	0.96854547543766	0.800542289882215	0.00231964463339542	8.17200846293008	0.979554559034479
27.375	46.75	0.974393488299177	0.800070577037531	0.00223853541632849	7.97561422845217	0.983355767394465
27.625	46.75	0.979248630936973	0.799703610019558	0.00214410849905171	7.77863147196321	0.986511610109033
27.875	46.75	0.983264274197757	0.799422499577888	0.00204040271839263	7.58115579855217	0.989121778228542
28.125	46.75	0.986571748708826	0.799211284709703	0.0019309047548978	7.38326838881569	0.991271636660737
28.375	46.75	0.989283530314302	0.799056600953788	0.00181855167339908	7.18503807946878	0.993034294704296
28.625	46.75	0.991495925810887	0.798947346522134	0.00170575821201171	6.98652310583897	0.994472351777077
28.875	46.75	0.993291324760807	0.798874363844189	0.00159445941452504	6.78777257838105	0.995639361094525
29.125	46.75	0.994740091163538	0.798830146679942	0.0014861616037721	6.58882774866379	0.9965810592563
29.375	46.75	0.995902164040619	0.798808577760028	0.001381996646939	6.38972310620874	0.997336406626402
29.625	46.75	0.996828425775644	0.79880469842208	0.00128277600173064	6.19048733644464	0.997938476754168
29.875	46.75	0.997561885410691	0.79881450948966	0.00118904221314883	5.99114416169239	0.998415225516949
30.125	46.75	0.998138713128992	0.798834801323933	0.00110111641715059	5.79171308110131	0.998790163533845
30.375	46.75	0.998589152795976	0.798863010288532	0.00101914105886472	5.59221002134112	0.999082949317385
30.625	46.75	0.998938331979078	0.798897098596132	0.000943117500397117	5.39264790715916	0.999309915786401
30.875	46.75	0.99920698326335	0.798935454499668	0.000872938518981611	5.19303715924298	0.999484539121178
31.125	46.75	0.9994120866972	0.798976809945879	0.000808415914245927	4.99338612585782	0.99961785635318
31.375	46.75	0.999567440548688	0.799020173052162	0.000749303580711931	4.79370145420226	0.999718836356647
31.625	46.75	0.999684165933631	0.799064773050821	0.000695316479237516	4.59398840715215	0.99979470785686
31.875	46.75	0.999771150027893	0.799110015637098	0.000646145975621056	4.39425113090413	0.99985124751813
32.125	46.75	0.999835432269621	0.799155446936464	0.000601472019060481	4.19449287889141	0.999893030975254
32.375	46.75	0.999882537985874	0.799200724559199	0.000560972618067392	3.99471619716566	0.999923649690818
32.625	46.75	0.999916764027349	0.799245594429592	0.000524331044058981	3.79492307619301	0.999945896617777
32.875	46.75	0.999941421028241	0.799289872267212	0.000491241157700329	3.59511507370155	0.999961923668356
33.125	46.75	0.999959036606864	0.799333428777192	0.000461411210691817	3.39529341287865	0.999973373794462
33.375	46.75	0.999971523118705	0.799376177803609	0.00043456642383814	3.19545905990107	0.999981490027158
33.625	46.75	0.999980312758013	0.799418066937034	0.000410450579950369	2.99561278452934	0.999987203292709
33.875	46.75	0.99998646267951	0.799459070323613	0.00038882680405422	2.79575520727831	0.999991200741682
34.125	46.75	0.99999073451943	0.799499183597371	0.000369477655706575	2.59588683632949	0.999993977437629
34.375	46.75	0.999993656905955	0.799538420761947	0.000352204666106237	2.39600809660077	0.99999587698887
34.625	46.75	0.999995584970369	0.79957681229553	0.000336827549803606	2.19611935199615	0.99999713023074
34.875	46.75	0.999996772734768	0.799614402778293	0.000323183492979636	1.99622091997492	0.999997902277599
35.125	46.75	0.999997464510858	0.799651245504938	0.000311127047655114	1.79631307618803	0.999998351932058
35.375	46.75	0.99999798306062	0.799687392096243	0.000300530994373615	1.59639604799478	0.999998688989403
35.625	46.75	0.99999874896061	0.799722878618213	0.000291287785746713	1.39647000138187	0.999999186824397
35.875	46.75	1.00000013414036	0.799757716687414	0.000283309797710598	1.19653503638364	1.00000008719123
36.125	46.75	1.00000208726162	0.799791905798198	0.00027652520940013	0.996591216512157	1.00000135672005
36.375	46.75	1.00000363088538	0.799825483896124	0.000270866506911376	0.796638655393424	1.0000023600755
36.625	46.75	1.00000262844451	0.799858615407913	0.000266252607495677	0.596677651642624	1.00000170848893
36.875	46.75	0.999996516316361	0.799891676585057	0.000262574697103069	0.396708792111026	0.999997735605634
37.125	46.75	0.999984646478254	0.799928990095166	0.000259707600779933	0.196732853807947	0.999990020210865
37.375	46.75	0.999972010269107	0.399949930765386	0.000257818827938998	-0.00325158923519544	0.99998180667492
0.125	47.25	-3.83835020385376e-12	0.39999630955982	-7.08338202560216e-06	18.016869578783	0.349999999997505
0.375	47.25	-5.85325270362916e-12	0.799988916142423	-7.11138810086202e-06	17.946870224613	0.349999999996195
0.625	47.25	-7.74469016159676e-12	0.799981485065458	-7.16798545689692e-06	17.8768715184669	0.349999999994966
0.875	47.25	-6.85413122961232e-12	0.799973991084386	-7.25435231370812e-06	17.8068734647408	0.349999999995545
1.125	47.25	-4.13662273186004e-14	0.799966408748881	-7.37227564433858e-06	17.736876070046	0.349999999999973
1.375	47.25	1.55386186086806e-11	0.799958712318332	-7.5241749903703e-06	17.6668793432317	0.3500000000101
1.625	47.25	4.10034778521713e-11	0.799950875678385	-7.71313464306141e-06	17.5968832954133	0.350000000026652
1.875	47.25	7.38826479919416e-11	0.799942872255624	-7.94294495706875e-06	17.5268879400094	0.350000000048024
2.125	47.25	1.06285686926827e-10	0.799934674931954	-8.21815272202259e-06	17.4568932927865	0.350000000069086
2.375	47.25	1.23789630870476e-10	0.799926255956733	-8.54412195554203e-06	17.3868993719109	0.350000000080463
2.625	47.25	1.0587702577646e-10	0.799917586857689	-8.92710542930514e-06	17.3169061980094	0.35000000006882
2.875	47.25	2.8729949297856e-11	0.799908638349858	-9.37432802618856e-06	17.2469137942361	0.350000000018674
3.125	47.25	-1.29053126329639e-10	0.799899380241901	-9.89408332003447e-06	17.1769221863489	0.349999999916116
3.375	47.25	-3.77705743696653e-10	0.799889781340165	-1.04958441288628e-05	17.1069314027911	0.349999999754491
3.625	47.25	-7.05054293958805e-10	0.799879809349581	-1.11903891066152e-05	17.036941474782	0.349999999541715
3.875	47.25	-1.06420627050842e-09	0.799869430771733	-1.19899465637722e-05	16.9669524364134	0.349999999308266
4.125	47.25	-1.36267878127606e-09	0.79985861079913	-1.2908357676626e-05	16.8969643247546	0.349999999114259
4.375	47.25	-1.45677478366083e-09	0.799847313206191	-1.39612612914318e-05	16.8269771799649	0.349999999053096
4.625	47.25	-1.15629792565205e-09	0.799835500236801	-1.51663025433726e-05	16.7569910454156	0.349999999248406
4.875	47.25	-2.45496138566909e-10	0.799823132488357	-1.65433683267703e-05	16.6870059678238	0.349999999840427
5.125	47.25	1.47426195017777e-09	0.799810168793578	-1.8114852779091e-05	16.6170219974003	0.35000000095827
5.375	47.25	4.11686332616897e-09	0.799796566101087	-1.99059561472671e-05	16.5470391880149	0.350000002675961
5.625	47.25	7.62028211367505e-09	0.799782279355136	-2.19450212392123e-05	16.4770575973827	0.350000004953183
5.875	47.25	1.16401134512417e-08	0.799767261376626	-2.42639116012018e-05	16.4070772872744	0.350000007566074
6.125	47.25	1.54444840694514e-08	0.799751462744769	-2.68984366464763e-05	16.3370983237511	0.350000010038915
6.375	47.25	1.78359518549241e-08	0.799734831681286	-2.98888289858468e-05	16.2671207774223	0.350000011593369
6.625	47.25	1.71340674824809e-08	0.799717313937229	-3.32802801960939e-05	16.1971447237216	0.350000011137144
6.875	47.25	1.12578125588159e-08	0.799698852681713	-3.71235420447966e-05	16.1271702431889	0.350000007317578
7.125	47.25	-2.05166774207873e-09	0.799679388394643	-4.14756001947384e-05	16.0571974217439	0.349999998666416
7.375	47.25	-2.48326060155507e-08	0.799658858763565	-4.64004291010357e-05	15.9872263509294	0.349999983858806
7.625	47.25	-5.83058769200667e-08	0.79963719858636	-5.19698368803664e-05	15.9172571280996	0.34999996210118
7.875	47.25	-1.02079596905176e-07	0.799614339684561	-5.82644095131488e-05	15.8472898565247	0.349999933648262
8.125	47.25	-1.5318707375571e-07	0.799590210832464	-6.53745655928958e-05	15.7773246453879	0.349999900428402
8.375	47.25	-2.05033207472475e-07	0.799564737712276	-7.34017328286841e-05	15.7073616096528	0.349999866728415
8.625	47.25	-2.46378075380743e-07	0.799537842910668	-8.245965970362e-05	15.6374008697943	0.349999839854251
8.875	47.25	-2.60549715895496e-07	0.799509445977668	-9.26758776052088e-05	15.5674425514025	0.349999830642685
9.125	47.25	-2.25149056112527e-07	0.799479463579906	-0.000104193331709301	15.497486784699	0.349999853653113
9.375	47.25	-1.1258476061745e-07	0.799447809792715	-0.000117172203871203	15.4275337040383	0.349999926819906
9.625	47.25	1.08151963647379e-07	0.799414396594009	-0.000131791956592972	15.3575834475115	0.350000070298776
9.875	47.25	4.68003389627839e-07	0.799379134647931	-0.000148253636610926	15.2876361568231	0.350000304202203
10.125	47.25	9.9215278083589e-07	0.799341934501253	-0.000166782487824149	15.2176919776632	0.350000644899307
10.375	47.25	1.69164578469321e-06	0.799302708360345	-0.000187630938520448	15.1477510608538	0.35000109956976
10.625	47.25	2.55195204485621e-06	0.799261372677556	-0.000211082045769123	15.0778135645867	0.350001658768829
10.875	47.25	3.51831705773517e-06	0.799217851852695	-0.000237453500809056	15.0078796580873	0.350002286906088
11.125	47.25	4.47814037087474e-06	0.799172083453298	-0.000267102322279539	14.9379495270079	0.350002910791241
11.375	47.25	5.24120812333834e-06	0.799124025477409	-0.000300430387301494	14.8680233807521	0.35000340678528
11.625	47.25	5.51944314993538e-06	0.799073666329757	-0.000337890971966784	14.798101461726	0.350003587638047
11.875	47.25	4.90893679569821e-06	0.799021038357232	-0.000379996488626306	14.7281840561684	0.350003190808917
12.125	47.25	2.87838957847585e-06	0.798966235998333	-0.000427327614722382	14.6582715056891	0.350001870953226
12.375	47.25	-1.23032826869521e-06	0.79890943984337	-0.000480543999187344	14.5883642179124	0.349999200286625
12.625	47.25	-8.18206952589731e-06	0.79885094818565	-0.000540396704682908	14.5184626736454	0.349994681654808
12.875	47.25	-1.8799624987228e-05	0.79879121796669	-0.000607742486721669	14.4485674267647	0.349987780243758
13.125	47.25	-3.38756361775369e-05	0.798730917383924	-0.000683559917437804	14.3786790915441	0.349977980836485
13.375	47.25	-5.40335446395783e-05	0.79867099283322	-0.000768967221936391	14.3087983104666	0.349964878195984
13.625	47.25	-7.95256123919762e-05	0.798612753284704	-0.000865241495694533	14.2389256937581	0.349948308351945
13.875	47.25	-0.000109956750631472	0.798557975616033	-0.000973838698700939	14.1690617200505	0.34992852811209
14.125	47.25	-0.00014392483563023	0.798509034797291	-0.00109641345576966	14.0992065858809	0.34990644885684
14.375	47.25	-0.000178571514419426	0.798469063053868	-0.0012348372104191	14.0293599903401	0.349883928515627
14.625	47.25	-0.000209042209143019	0.79844214210182	-0.00139121265237818	13.9595208402853	0.349864122564057
14.875	47.25	-0.000227859931237864	0.798433532061445	-0.00156788153423521	13.8896868613349	0.349851891044695
15.125	47.25	-0.00022422420881921	0.798449939461244	-0.00176742197535463	13.8198541005145	0.349854254264267
15.375	47.25	-0.000183253279403695	0.798499824508325	-0.00199263009127331	13.7500163080644	0.349880885368388
15.625	47.25	-8.51938680480443e-05	0.798593744124159	-0.00224647926847066	13.6801641885685	0.349944623985769
15.875	47.25	9.53726244790047e-05	0.798744721668252	-0.00253204864395954	13.6102845151891	0.350061992205911
16.125	47.25	0.000390296894377398	0.798968626329161	-0.00285241041896014	13.5403591052228	0.350253692981345
16.375	47.25	0.000838572711956477	0.79928453445782	-0.00321046369605631	13.4703636601802	0.350545072262772
16.625	47.25	0.00148696969650956	0.799715031434074	-0.00360870086645757	13.4002664787907	0.350966530302731
16.875	47.25	0.00239057683129764	0.800286396143771	-0.00404889164205034	13.3300270563373	0.351553874940343
17.125	47.25	0.00361326219529105	0.801028591513532	-0.00453167028554396	13.2595945880956	0.352348620426939
17.375	47.25	0.00522807595001879	0.801974965353248	-0.0050560143315169	13.1889063979422	0.353398249367512
17.625	47.25	0.00731764974410844	0.803161548619737	-0.00561860922897328	13.1178863149377	0.35475647233367
17.875	47.25	0.00997467564358229	0.80462582706802	-0.00621310417953877	13.0464430203963	0.356483539168328
18.125	47.25	0.0133025803629969	0.806404862364952	-0.00682928138646193	12.9744683850458	0.358646677235948
18.375	47.25	0.0174165441176392	0.808532656548814	-0.00745218527914284	12.9018358096558	0.361320753676465
18.625	47.25	0.0224450442897668	0.811036696259115	-0.00806129098941515	12.8283985721702	0.364589278788348
18.875	47.25	0.028532125147085	0.813933687084574	-0.00862983261679405	12.7539881692126	0.368545881345605
19.125	47.25	0.0358405921619631	0.81722459848799	-0.00912446038999832	12.678412619879	0.373296384905276
19.375	47.25	0.0445562779828874	0.820889287344892	-0.0095054479289453	12.6014546769323	0.378961580688877
19.625	47.25	0.0548933856811199	0.824881149205312	-0.00972771820494072	12.5228698709102	0.385680700692728
19.875	47.25	0.0671006235656256	0.829122450220021	-0.00974298373479275	12.4423843092499	0.393615405317657
20.125	47.25	0.0814673304725517	0.833501200121805	-0.00950327565731686	12.3596921885427	0.402953764807159
20.375	47.25	0.0983279839374156	0.837870607008969	-0.00896602535925278	12.2744530884306	0.41391318955932
20.625	47.25	0.118062375989383	0.842052258435761	-0.00810060719395705	12.1862893435108	0.426740544393099
20.875	47.25	0.141087467333538	0.845844119357574	-0.00689580575863699	12.09478417173	0.4417068537668
21.125	47.25	0.167835889062284	0.849034100162913	-0.00536704690586168	11.9994817742803	0.459093327890484
21.375	47.25	0.198716015376527	0.851419166545015	-0.00356156868003691	11.8998912298856	0.479165409994743
21.625	47.25	0.234050574012101	0.852828615078279	-0.00155933042972768	11.7954964710169	0.502132873107866
21.875	47.25	0.273995953009453	0.85314831228125	0.000532189503118224	11.6857745926093	0.528097369456144
22.125	47.25	0.318452882060173	0.852340907502575	0.00258976963734774	11.5702237857824	0.556994373339112
22.375	47.25	0.366989131196717	0.850456276901833	0.00449105070040852	11.4484000527277	0.588542935277866
22.625	47.25	0.418801649914155	0.847627805547301	0.00613211239244773	11.3199587744368	0.622221072444201
22.875	47.25	0.472743042057241	0.844053837060223	0.00744135183887688	11.1846941175648	0.657282977337207
23.125	47.25	0.527421793381848	0.839968467351404	0.0083861390198684	11.042567671395	0.692824165698201
23.375	47.25	0.581360813521314	0.835609419293834	0.00897132050737584	10.8937188983217	0.727884528788854
23.625	47.25	0.633176078420667	0.831191016242737	0.00923132083085476	10.7384540948395	0.761564450973433
23.875	47.25	0.681729286368698	0.826887271107732	0.00921909885849542	10.5772161416075	0.793124036139654
24.125	47.25	0.726220072384755	0.822825805804604	0.00899518823715264	10.4105420187582	0.822043047050091
24.375	47.25	0.766207162342269	0.819090056473009	0.00861898126591394	10.239017034789	0.848034655522475
24.625	47.25	0.801570681364791	0.815726086597325	0.00814309164181169	10.0632336519115	0.871020942887114
24.875	47.25	0.832440073697762	0.812750900053775	0.00761061606413998	9.88375979295956	0.891086047903546
25.125	47.25	0.859112355707959	0.810160366336528	0.00705459039100982	9.70111816951916	0.908423031210173
25.375	47.25	0.881978263549642	0.807935940913144	0.00649882067559559	9.51577563705216	0.923285871307268
25.625	47.25	0.901464938510411	0.806050008209392	0.00595939030552521	9.32814026255013	0.935952210031767
25.875	47.25	0.917996752506541	0.804469959158987	0.00544635075390868	9.13856350703782	0.946697889129252
26.125	47.25	0.93197182969116	0.803161198355622	0.00496530304183142	8.94734527040595	0.955781689299254
26.375	47.25	0.943750307834484	0.802089277685483	0.00451873034635444	8.75474013823072	0.963437700092415
26.625	47.25	0.953650433670418	0.801221333051614	0.00410704267102765	8.56096376132606	0.969872781885772
26.875	47.25	0.961949340857036	0.800526978209899	0.00372935097259386	8.36619877280468	0.975267071557074
27.125	47.25	0.968886269362725	0.799978788247816	0.00338401374833974	8.17059997743207	0.979776075085771
27.375	47.25	0.974666782978764	0.799552484387863	0.00306900577787518	7.97429875197736	0.983533408936197
27.625	47.25	0.979467140541076	0.799226911447819	0.00278215535068622	7.77740670584974	0.986653641351699
27.875	47.25	0.983438381875869	0.798983880047933	0.00252128865840589	7.58001870040768	0.989234948219315
28.125	47.25	0.986709941761155	0.798807928338935	0.00228431141486545	7.38221533789043	0.991361462144751
28.375	47.25	0.989392749469768	0.798686043227642	0.00206924985978742	7.18406502419309	0.993105287155349
28.625	47.25	0.991581845577582	0.798607369023709	0.00187426676748403	6.98562569453416	0.994528199625428
28.875	47.25	0.99335857935337	0.798562922027572	0.00169766303331841	6.78694627369854	0.995683076579691
29.125	47.25	0.994792457759064	0.798545322525612	0.00153787169911664	6.5880679262153	0.996615097543391
29.375	47.25	0.99594271256357	0.798548550560912	0.00139344866002503	6.38902513796236	0.99736276316632
29.625	47.25	0.996859642260761	0.798567728302446	0.00126306251661425	6.18984665966199	0.997958767469495
29.875	47.25	0.997585774281278	0.798598929472143	0.00114548487450279	5.99055633439388	0.998430753282831
30.125	47.25	0.998156882420272	0.798639014796068	0.00103958166908829	5.79117382522585	0.998801973573177
30.375	47.25	0.998602885383453	0.798685491573405	0.000944305667344315	5.59171525489152	0.999091875499244
30.625	47.25	0.998948645168002	0.798736395012595	0.000858690070309945	5.39219376668866	0.999316619359201
30.875	47.25	0.9992146785912	0.798790188825736	0.000781843036787803	5.19262001404581	0.99948954108428
31.125	47.25	0.999417791441105	0.798845682597733	0.000712942920655032	4.99300258518572	0.999621564436718
31.375	47.25	0.99957164217006	0.79890196358337	0.000651234027449006	4.7933483687508	0.999721567410539
31.625	47.25	0.999687240500682	0.798958340784213	0.000596022728890739	4.59366286595627	0.999796706325443
31.875	47.25	0.999773385511091	0.799014299383388	0.000546673813378474	4.3939504546625	0.999852700582209
32.125	47.25	0.999837047491894	0.799069463845509	0.000502606989040107	4.19421461061145	0.999894080869731
32.375	47.25	0.999883697920075	0.799123568204152	0.000463293489909808	3.99445809089272	0.999924403648049
32.625	47.25	0.999917592060869	0.799176432251344	0.000428252764281166	3.79468308446214	0.999946434839565
32.875	47.25	0.999942008747091	0.799227942514097	0.000397049245584948	3.5948913342324	0.999962305685609
33.125	47.25	0.99995945157081	0.799278037070284	0.00036928921878285	3.39508423492725	0.999973643521026
33.375	47.25	0.999971814985544	0.799326693447745	0.000344617795835136	3.19526291059077	0.999981679740603
33.625	47.25	0.999980517965577	0.799373919089165	0.000322716001025349	2.99542827541387	0.999987336677625
33.875	47.25	0.999986607749865	0.799419744128034	0.000303297946144293	2.79558108134358	0.999991295037412
34.125	47.25	0.999990838017459	0.799464216400444	0.000286108064290066	2.59572195561127	0.999994044711348
34.375	47.25	0.999993730312373	0.799507398513901	0.000270918399624319	2.39585143055745	0.999995924703043
34.625	47.25	0.999995633298836	0.799549366208906	0.000257526046491912	2.19596996669031	0.999997161644243
34.875	47.25	0.999996796448662	0.799590206216204	0.000245750984822299	1.99607796795137	0.99999791769163
35.125	47.25	0.999997464525271	0.799630010923194	0.000235434675464101	1.7961757867103	0.999998351941426
35.375	47.25	0.999997969265816	0.799668867739062	0.000226439660209649	1.59626371715079	0.99999868002278
35.625	47.25	0.99999874885735	0.799706844739558	0.000218649823845129	1.39634198175672	0.999999186757278
35.875	47.25	1.00000019241924	0.799743981550514	0.000211969873510706	1.19641072680927	1.00000012507251
36.125	47.25	1.00000224323292	0.799780302659363	0.000206321461187608	0.99647005384753	1.00000145810139
36.375	47.25	1.00000386602198	0.799815871218583	0.000201633500629589	0.796520111645863	1.00000251291428
36.625	47.25	1.00000279914002	0.799850882587481	0.000197827424697284	0.596561239274799	1.00000181944101
36.875	47.25	0.999996327798216	0.79988575511507	0.000194805440727369	0.396594075781619	0.99999761306884
37.125	47.25	0.99998376287663	0.799925087395766	0.000192459318168177	0.196619456886001	0.99998944586981
37.375	47.25	0.999970384554058	0.399947047466235	0.000190919940504276	-0.00336411932860085	0.999980749960138
0.125	47.75	-3.84467859008648e-12	0.399996306632985	7.68422856494168e-06	18.0168695278718	0.349999999997501
0.375	47.75	-5.86003253584194e-12	0.799988906859134	7.70738680046689e-06	17.946870174215	0.349999999996191
0.625	47.75	-7.74858043761904e-12	0.799981467909299	7.75329788156051e-06	17.8768714691832	0.349999999994963
0.875	47.75	-6.84866200462161e-12	0.799973963502921	7.82114375002302e-06	17.8068734173499	0.349999999995548
1.125	47.75	-1.91319922092139e-14	0.799966367114922	7.9096794805641e-06	17.7368760255959	0.349999999999987
1.375	47.75	1.55819344039788e-11	0.799958651875493	8.01721125485008e-06	17.6668793031356	0.350000000010128
1.625	47.75	4.10643745084749e-11	0.79995079046975	8.14156678954903e-06	17.5968832615514	0.350000000026692
1.875	47.75	7.39471419870466e-11	0.799942755034492	8.28005762631201e-06	17.5268879148375	0.350000000048066
2.125	47.75	1.06331938806274e-10	0.799934517053505	8.42943245746946e-06	17.456893279453	0.350000000069116
2.375	47.75	1.23796313114149e-10	0.799926047249158	8.58582139658984e-06	17.3868993743845	0.350000000080468
2.625	47.75	1.05830941729003e-10	0.799917315471116	8.74466984458212e-06	17.3169062212184	0.35000000006879
2.875	47.75	2.86187099367639e-11	0.799908290580631	8.9006613437059e-06	17.2469138442231	0.350000000018602
3.125	47.75	-1.29277092370275e-10	0.79989894033035	9.04762833087382e-06	17.1769222704404	0.34999999991597
3.375	47.75	-3.78185941760744e-10	0.799889231238508	9.17844921947971e-06	17.1069315297875	0.349999999754179
3.625	47.75	-7.06079435686405e-10	0.799879128457172	9.28493071656711e-06	17.0369416551683	0.349999999541048
3.875	47.75	-1.06618523989968e-09	0.799868595633663	9.35767355481033e-06	16.9669526825952	0.34999999930698
4.125	47.75	-1.36598647089555e-09	0.799857594764386	9.38591954676509e-06	16.8969646513218	0.349999999112109
4.375	47.75	-1.46147104806116e-09	0.79984608604023	9.35737842128114e-06	16.826977603987	0.349999999050044
4.625	47.75	-1.16180802856886e-09	0.799834027683389	9.25803106482745e-06	16.7569915867735	0.349999999244825
4.875	47.75	-2.50402778218111e-10	0.799821375775013	9.07190715823578e-06	16.6870066495818	0.349999999837238
5.125	47.75	1.47218008215044e-09	0.799808084073618	8.78083329593554e-06	16.6170228462241	0.350000000956917
5.375	47.75	4.1203041664494e-09	0.799794103824537	8.3641485279351e-06	16.5470402346414	0.350000002678198
5.625	47.75	7.63186826321774e-09	0.79977938355992	7.79838266992345e-06	16.4770588771483	0.350000004960714
5.875	47.75	1.16617249376946e-08	0.799763868890025	7.05689300663517e-06	16.4070788407088	0.350000007580121
6.125	47.75	1.54765472795488e-08	0.799747502284049	6.1094541115709e-06	16.3371001972453	0.350000010059756
6.375	47.75	1.7876677294332e-08	0.79973022284116	4.92179468632755e-06	16.2671230239804	0.35000001161984
6.625	47.75	1.7178574253092e-08	0.799711966049318	3.45507434545378e-06	16.1971474038061	0.350000011166073
6.875	47.75	1.12970968804248e-08	0.799692663531127	1.66529259669142e-06	16.127173425672	0.350000007343113
7.125	47.75	-2.03184182732965e-09	0.799672242774899	-4.9737913495428e-07	16.0572011849782	0.349999998679303
7.375	47.75	-2.4852581691443e-08	0.799650626849088	-3.08935292899356e-06	15.9872307839522	0.349999983845822
7.625	47.75	-5.83920870831813e-08	0.799627734099336	-6.17447908600724e-06	15.917262331988	0.349999962045143
7.875	47.75	-1.02262559866965e-07	0.799603477828251	-9.82501385942945e-06	15.8472959459214	0.349999933529336
8.125	47.75	-1.53495845486087e-07	0.799577765959497	-1.41227161423842e-05	15.7773317502175	0.3499999002277
8.375	47.75	-2.05484369853445e-07	0.799550500690724	-1.91600917573725e-05	15.7073698770539	0.34999986643516
8.625	47.75	-2.46957279831806e-07	0.799521578143888	-2.50418079108708e-05	15.6374104662937	0.349999839477768
8.875	47.75	-2.61184337992667e-07	0.799490888025799	-3.18863050810747e-05	15.5674536653644	0.34999983023018
9.125	47.75	-2.25672018138713e-07	0.799458313320137	-3.98276410228622e-05	15.4974996290838	0.349999853313188
9.375	47.75	-1.12692450456886e-07	0.799423730041445	-4.90176107112998e-05	15.4275485195134	0.349999926749907
9.625	47.75	1.08940143580582e-07	0.799387007096257	-5.96282000539573e-05	15.3576005059662	0.350000070811093
9.875	47.75	4.70369773812536e-07	0.799348006316047	-7.18544487656082e-05	15.287655765346	0.350000305740353
10.125	47.75	9.96968106210091e-07	0.799306582753053	-8.59178225639452e-05	15.2177144830586	0.350000648029269
10.375	47.75	1.69988602239258e-06	0.799262585365295	-0.000102070226249476	15.147776854789	0.350001104925915
10.625	47.75	2.56450486154437e-06	0.79921585826396	-0.000120598829723422	15.0778430894868	0.35000166692816
10.875	47.75	3.53563200717995e-06	0.799166242753699	-0.000141831929088708	15.0079134139244	0.350002298160805
11.125	47.75	4.49967946424104e-06	0.799113580469889	-0.000166146125681124	14.9379880791679	0.350002924791652
11.375	47.75	5.26467043515904e-06	0.799057718003832	-0.000193975176583436	14.8680673692117	0.350003422035783
11.625	47.75	5.53977765843915e-06	0.798998513511764	-0.00022582095097001	14.7981516118267	0.350003600855478
11.875	47.75	4.91723380011104e-06	0.798935845923754	-0.000262267014293542	14.728241191342	0.35000319620197
12.125	47.75	2.86086832413772e-06	0.798869627508835	-0.000303995452972034	14.6583365625673	0.350001859564411
12.375	47.75	-1.29282019199035e-06	0.798799820710449	-0.000351807640230727	14.5884382643351	0.349999159666875
12.625	47.75	-8.31333692706417e-06	0.798726460345572	-0.000406649717792022	14.5185469301792	0.349994596330997
12.875	47.75	-1.90250619205922e-05	0.79864968246147	-0.000469643615403549	14.4486632924351	0.349987633709752
13.125	47.75	-3.42151212966919e-05	0.798569761366889	-0.000542124429923061	14.3787881745769	0.349977760171157
13.375	47.75	-5.44878265259492e-05	0.798487156598779	-0.000625684909862401	14.3089224649138	0.349964582912758
13.625	47.75	-8.005270259017e-05	0.798402571842314	-0.000722227601860579	14.2390670629374	0.349947965743316
13.875	47.75	-0.000110433535090381	0.798317028076036	-0.00083402485986195	14.1692227877357	0.349928218202191
14.125	47.75	-0.000144087460812871	0.798231953435419	-0.00096378632819088	14.0993902361248	0.349906343150472
14.375	47.75	-0.00017792604786941	0.798149292416635	-0.0011147325968932	14.0295695766487	0.349884348068885
14.625	47.75	-0.000206734566191553	0.798071637000358	-0.00129067238249628	13.9597602645605	0.349865622531975
14.875	47.75	-0.000222491064406042	0.798002381925097	-0.00149607868079398	13.8899606624892	0.349855380808136
15.125	47.75	-0.00021359306727761	0.797945905512192	-0.00173615672654539	13.8201675518852	0.34986116450627
15.375	47.75	-0.000164006104588621	0.79790777589801	-0.00201689314026568	13.7503755216042	0.349893396032017
15.625	47.75	-5.23541179486086e-05	0.79789497997819	-0.0023450712352334	13.6805762221862	0.349965969823333
15.875	47.75	0.000149023800314789	0.79791616847888	-0.0027282320706357	13.6107574774222	0.350096865470205
16.125	47.75	0.000475023775602399	0.797981904990125	-0.00317455458737751	13.5409022485477	0.350308765454142
16.375	47.75	0.000968709018127043	0.798104899224316	-0.00369262141523842	13.4709874505836	0.350629660861783
16.625	47.75	0.00168220210644566	0.798300195011712	-0.00429103041547412	13.4009826246837	0.35109343136919
16.875	47.75	0.00267752488042694	0.798585271706262	-0.00497780694721505	13.3308484744836	0.351740391172278
17.125	47.75	0.00402738493882827	0.798980004273141	-0.00575957007254836	13.2605352780795	0.352617800210238
17.375	47.75	0.00581592245938604	0.799506413572283	-0.00664041003336314	13.1899811901092	0.353780349598601
17.625	47.75	0.00813944778081576	0.80018812637944	-0.0076204476777341	13.1191104502806	0.35529064105753
17.875	47.75	0.0111072177533695	0.801049457807397	-0.00869407301907203	13.0478315154372	0.35721969153969
18.125	47.75	0.014842315889646	0.802114031606927	-0.00984790391972938	12.976035131766	0.35964750532827
18.375	47.75	0.0194827159354844	0.803402872080031	-0.0110585706119558	12.9035923618903	0.362663765358065
18.625	47.75	0.0251826174260361	0.804931941314111	-0.0122905192911896	12.8303525781934	0.366368701326923
18.875	47.75	0.0321141389210988	0.806709162690377	-0.0134941367992602	12.7561414287627	0.370874190298714
19.125	47.75	0.0404694280279205	0.808731068901685	-0.0146046211743186	12.6807587764134	0.376305128218148
19.375	47.75	0.0504631756494155	0.810979337288179	-0.0155421435742466	12.6039766065753	0.38280106417212
19.625	47.75	0.0623353706046411	0.813417616042246	-0.0162139373785187	12.5255369019825	0.390517990893017
19.875	47.75	0.0763538513467364	0.815989180214336	-0.0165189652540473	12.4451495023779	0.399630003375379
20.125	47.75	0.0928157491570028	0.81861605463059	-0.0163556903241547	12.3624900251227	0.410330236952052
20.375	47.75	0.112046235718192	0.821200262915658	-0.0156331324531598	12.2771980453004	0.422830053216824
20.625	47.75	0.134392121445699	0.823627768084841	-0.0142847464221248	12.1888759526665	0.437354878939704
20.875	47.75	0.160206985358189	0.825775427563698	-0.0122836882260271	12.0970892371306	0.454134540482823
21.125	47.75	0.189824082841309	0.827520874174305	-0.00965685058280402	12.001369384015	0.473385653846851
21.375	47.75	0.223513988269234	0.828754655252405	-0.00649399921789993	11.9012209859264	0.495284092375002
21.625	47.75	0.261426647156502	0.829393253492512	-0.00294803736604492	11.7961348896091	0.519927320651726
21.875	47.75	0.303522793740211	0.829390893648167	0.000776458377341002	11.6856088845168	0.547289815931137
22.125	47.75	0.349506990959219	0.828747560920307	0.00444648011008223	11.5691762999215	0.577179544123492
22.375	47.75	0.398781440793505	0.827510802105438	0.00783180445434318	11.4464408203847	0.609207936515778
22.625	47.75	0.450441963172431	0.825769987838683	0.0107370960627539	11.3171132319338	0.64278727606208
22.875	47.75	0.503331012244989	0.823643727893198	0.0130269074761551	11.1810436065013	0.677165157959243
23.125	47.75	0.556146698576756	0.821263335450391	0.0146377985453369	11.0382418216723	0.711495354074891
23.375	47.75	0.607586996452787	0.818756496086379	0.0155761382870663	10.8888810905931	0.744931547694311
23.625	47.75	0.656494443744171	0.816234843050533	0.0159044935265863	10.7332830583181	0.776721388433711
23.875	47.75	0.701966550703328	0.813787245131429	0.0157220110341645	10.5718875695004	0.806278257957163
24.125	47.75	0.74341080638348	0.811478423703933	0.0151443146725003	10.4052135869877	0.833217024149262
24.375	47.75	0.780542751275581	0.809351146649116	0.0142868527331223	10.2338187613129	0.857352788329127
24.625	47.75	0.813341353006664	0.807430040793055	0.0132534974875014	10.0582638669672	0.878671879454331
24.875	47.75	0.841982509598091	0.805725622333504	0.0121304204357022	9.87908573736119	0.897288631238759
25.125	47.75	0.866769534669889	0.804237864189812	0.0109842197524204	9.69677965899188	0.913400197535428
25.375	47.75	0.888072989209124	0.802959128703409	0.00986291792920882	9.51179023844301	0.92724744298593
25.625	47.75	0.906285274596066	0.801876526095908	0.00879854396583742	9.32450877329378	0.939085428487443
25.875	47.75	0.921790287923473	0.800973807597881	0.00781032099849871	9.13527497233382	0.949163687150257
26.125	47.75	0.934945678615512	0.800232878020841	0.00690782383412085	8.94438116217539	0.957714691100083
26.375	47.75	0.946074343951278	0.799634981510039	0.00609376082098097	8.75207759641913	0.96494832356833
26.625	47.75	0.955461999350469	0.799161597907582	0.0053662411768313	8.55857796137275	0.971050299577805
26.875	47.75	0.963358325649652	0.798795084111413	0.00472051683647929	8.36406455931573	0.976182911672274
27.125	47.75	0.969979939205208	0.798519097483808	0.00415025531815451	8.16869292410871	0.980486960483385
27.375	47.75	0.975514065889631	0.798318840900103	0.00364842710907174	7.97259579704965	0.98408414282826
27.625	47.75	0.980122271300676	0.798181168884977	0.00320789421866325	7.77588648802082	0.987079476345439
27.875	47.75	0.983943916425167	0.798094591279567	0.00282177758474725	7.57866169294325	0.989563545676358
28.125	47.75	0.987099204104848	0.798049205921352	0.0024836673458502	7.38100385326851	0.991614482668151
28.375	47.75	0.98969179293066	0.798036586001572	0.00218772578339683	7.18298314079015	0.993299665404929
28.625	47.75	0.991811011481747	0.79804964197437	0.00192872002498461	6.98465914055406	0.994677157463136
28.875	47.75	0.993533728882967	0.798082472679069	0.00170201113998382	6.78608229150125	0.995796923773929
29.125	47.75	0.994925942083606	0.79813021596333	0.00150351811567235	6.5872951316187	0.996701862354344
29.375	47.75	0.99604413526536	0.798188905616471	0.00132966911741959	6.3883333831813	0.997428687922484
29.625	47.75	0.99693645785468	0.798255338775357	0.00117734803899464	6.18922690461613	0.998008697605542
29.875	47.75	0.997643757821229	0.798326956029305	0.00104384126359485	5.99000052859197	0.998468442583799
30.125	47.75	0.998200497881381	0.798401735088047	0.000926787453429796	5.79067480088413	0.998830323622897
30.375	47.75	0.998635574602018	0.798478097958137	0.00082413179619921	5.59126663104595	0.999113123491312
30.625	47.75	0.998973054419689	0.79855483098602	0.000734085252421978	5.39178986358685	0.999332485372798
30.875	47.75	0.999232836184746	0.798631016778864	0.000655088811112656	5.19225577689472	0.999501343520085
31.125	47.75	0.999431246805919	0.798705976837323	0.000585782458913965	4.99267351627912	0.999630310423848
31.375	47.75	0.999581574653975	0.798779223673766	0.000524978417691006	4.79305046703535	0.999728023525083
31.625	47.75	0.999694544330567	0.798850421206617	0.000471638151148867	4.59339257317351	0.999801453814869
31.875	47.75	0.999778735993962	0.79891935228585	0.000424852643605674	4.39370460729779	0.999856178396075
32.125	47.75	0.999840952461677	0.798985892294179	0.000383825488283684	4.193990396976	0.99989661910009
32.375	47.75	0.999886537599093	0.799049987864342	0.000347858372331694	3.994253012752	0.99992624943941
32.625	47.75	0.999919649852066	0.799111639844663	0.000316338600965648	3.79449492269931	0.999947772403843
32.875	47.75	0.999943494957261	0.79917088973292	0.000288728357295862	3.59471811809926	0.99996327172222
33.125	47.75	0.999960521643229	0.799227808897925	0.000264555442170737	3.39492421448767	0.999974339068099
33.375	47.75	0.99997258345435	0.799282490046935	0.000243405275610869	3.19511453200872	0.999982179245328
33.625	47.75	0.999981069013227	0.799335040595929	0.000224913965663486	2.99529015878382	0.999987694858598
33.875	47.75	0.99998700296996	0.799385577833808	0.000208762265058748	2.79545200081022	0.999991551930474
34.125	47.75	0.999991121828662	0.799434225927003	0.000194670253636366	2.59560082157363	0.999994229188631
34.375	47.75	0.999993933541446	0.799481114678736	0.000182392627516688	2.39573727378268	0.99999605680194
34.625	47.75	0.999995775810868	0.799526379327574	0.00017171456558775	2.19586192414666	0.999997254277064
34.875	47.75	0.999996890206798	0.799570159576673	0.00016244827389939	1.99597527008291	0.999997978634419
35.125	47.75	0.999997518606502	0.799612595101569	0.000154430410815534	1.79607774573529	0.999998387094227
35.375	47.75	0.999997997300548	0.799653815367817	0.000147520523380423	1.59616971587406	0.999998698245356
35.625	47.75	0.999998776371334	0.799693925423961	0.00014160020377783	1.39625146255008	0.999999204641367
35.875	47.75	1.00000025706082	0.799732997024252	0.000136571864665645	1.19632318105672	1.00000016708954
36.125	47.75	1.00000237774436	0.799771083033234	0.000132355189418969	0.996385013287073	1.00000154553384
36.375	47.75	1.0000040578521	0.799808274012469	0.000128879390861981	0.796437144114214	1.00000263760387
36.625	47.75	1.00000293825227	0.799844796299588	0.000126071774094706	0.596479951029834	1.00000190986397
36.875	47.75	0.999996186067321	0.799881107269693	0.000123848558847058	0.396514119031955	0.999997520943759
37.125	47.75	0.9999830792577	0.799922027480034	0.000122121041563636	0.196540533452422	0.999989001517505
37.375	47.75	0.999969122058084	0.399944783892725	0.000120983030083407	-0.00344236472213578	0.999979929337755
0.125	48.25	-3.845321796821e-12	0.399996355876302	2.23592061555035e-05	18.0168668915908	0.349999999997501
0.375	48.25	-5.86050164111357e-12	0.79998905428105	2.24351504151236e-05	17.9468675293173	0.349999999996191
0.625	48.25	-7.7486662186191e-12	0.799981712579358	2.25868418869714e-05	17.8768688071062	0.349999999994963
0.875	48.25	-6.84897320591171e-12	0.799974303847613	2.28138804384868e-05	17.8068707296397	0.349999999995548
1.125	48.25	-2.22441093873512e-14	0.799966800883844	2.31156504516136e-05	17.7368733039653	0.349999999999985
1.375	48.25	1.55707035286956e-11	0.799959176092935	2.34913023493037e-05	17.6668765395245	0.350000000010121
1.625	48.25	4.10377302065408e-11	0.799951401371059	2.39397271202775e-05	17.5968804481932	0.350000000026675
1.875	48.25	7.38994161914712e-11	0.799943447986943	2.44595241191084e-05	17.5268850443311	0.350000000048035
2.125	48.25	1.06266081007376e-10	0.799935286459541	2.50489612017717e-05	17.4568903448425	0.350000000069073
2.375	48.25	1.23732885941905e-10	0.799926886431577	2.57059267348932e-05	17.3868963692484	0.350000000080426
2.625	48.25	1.05814986701595e-10	0.799918216537663	2.64278728424368e-05	17.3169031397694	0.35000000006878
2.875	48.25	2.87181567893257e-11	0.799909244266867	2.72117489076274e-05	17.2469106814207	0.350000000018667
3.125	48.25	-1.28987321249867e-10	0.799899935817528	2.80539244182318e-05	17.1769190221185	0.349999999916158
3.375	48.25	-3.77655224210733e-10	0.799890255944866	2.89500998639731e-05	17.106928192799	0.349999999754524
3.625	48.25	-7.05321010518658e-10	0.799880167798577	2.98952044723747e-05	17.036938227549	0.349999999541541
3.875	48.25	-1.06530963841458e-09	0.799869632751007	3.08832791547214e-05	16.9669491637502	0.349999999307549
4.125	48.25	-1.36521453301496e-09	0.799858610212626	3.19073428765562e-05	16.8969610422371	0.349999999112611
4.375	48.25	-1.46112343927812e-09	0.799847057435707	3.29592404156717e-05	16.8269739074708	0.34999999905027
4.625	48.25	-1.16228667153361e-09	0.799834929303202	3.40294692012831e-05	16.7569878077291	0.349999999244514
4.875	48.25	-2.52193420995095e-10	0.799822178102846	3.51069824245796e-05	16.687002795319	0.349999999836074
5.125	48.25	1.46846027082049e-09	0.799808753285082	3.61789656244017e-05	16.6170189268118	0.350000000954499
5.375	48.25	4.11382070509441e-09	0.799794601204532	3.7230582807373e-05	16.5470362633087	0.350000002673983
5.625	48.25	7.62149707987918e-09	0.799779664842514	3.82446884678548e-05	16.4770548707395	0.350000004953973
5.875	48.25	1.16460814063963e-08	0.799763883510864	3.92015008089213e-05	16.4070748201998	0.350000007569953
6.125	48.25	1.54542096144063e-08	0.799747192533803	4.00782306590341e-05	16.3370961883297	0.350000010045236
6.375	48.25	1.78466691361466e-08	0.799729522905894	4.08486602009433e-05	16.2671190577337	0.350000011600335
6.625	48.25	1.71411267102493e-08	0.799710800922509	4.14826642859875e-05	16.1971435174395	0.350000011141732
6.875	48.25	1.125467887419e-08	0.799690947779323	4.19456658227875e-05	16.1271696633872	0.350000007315541
7.125	48.25	-2.07322197600997e-09	0.799669879135819	4.21980156674397e-05	16.0571975989365	0.349999998652406
7.375	48.25	-2.48817134071046e-08	0.799647504637394	4.21942852031268e-05	15.9872274353746	0.349999983826886
7.625	48.25	-5.83902692300614e-08	0.79962372739179	4.1882458670404e-05	15.9172592924031	0.349999962046325
7.875	48.25	-1.02200174407912e-07	0.799598443393217	4.12030085848407e-05	15.847293298582	0.349999933569887
8.125	48.25	-1.53327017160606e-07	0.799571540890053	4.00878358967208e-05	15.7773295917099	0.349999900337439
8.375	48.25	-2.05138787112657e-07	0.799542899692123	3.84590517603027e-05	15.7073683191275	0.349999866659788
8.625	48.25	-2.46328440901362e-07	0.799512390414997	3.62275733373922e-05	15.6374096379432	0.349999839886513
8.875	48.25	-2.6011434370004e-07	0.799479873661118	3.32914992127244e-05	15.5674537152019	0.349999830925677
9.125	48.25	-2.23934998493665e-07	0.799445199141398	2.95342208988978e-05	15.4975007280463	0.349999854442251
9.375	48.25	-1.09982299094166e-07	0.799408204745215	2.48222148437129e-05	15.4275508639609	0.349999928511506
9.625	48.25	1.13006327474365e-07	0.799368715574511	1.90024420503157e-05	15.3576043212349	0.350000073454113
9.875	48.25	4.76212882891791e-07	0.799326542967904	1.1899259927244e-05	15.287661309841	0.350000309538374
10.125	48.25	1.00494236320272e-06	0.799281483554164	3.31072015184833e-06	15.2177220529884	0.350000653212536
10.375	48.25	1.71006506702294e-06	0.799233318393891	-6.99591375088988e-06	15.1477867896734	0.350001111542294
10.625	48.25	2.576301775246e-06	0.799181812291073	-1.92896471922414e-05	15.0778557786049	0.350001674596154
10.875	48.25	3.54718549696906e-06	0.799126713384753	-3.38825169429889e-05	15.0079293039176	0.350002305670573
11.125	48.25	4.50693491754636e-06	0.799067753164855	-5.11379985999165e-05	14.9380076830728	0.350002929507696
11.375	48.25	5.26009623170282e-06	0.799004647091663	-7.14815190193231e-05	14.8680912772719	0.350003419062551
11.625	48.25	5.51069522766398e-06	0.7989370960369	-9.54136452692376e-05	14.798180504529	0.350003581951898
11.875	48.25	4.84382012050658e-06	0.798864788801482	-0.000123526648354132	14.728275855235	0.350003148483078
12.125	48.25	2.71403301299676e-06	0.798787405998566	-0.00015652527603416	14.6583779095562	0.350001764121458
12.375	48.25	-1.5532466162245e-06	0.798704625620157	-0.000195252708377327	14.5884873553077	0.349998990389699
12.625	48.25	-8.73930605434035e-06	0.798616130627132	-0.000240722799497757	14.5186050039935	0.349994319451065
12.875	48.25	-1.96785720274028e-05	0.798521618919887	-0.000294159811520008	14.4487318014979	0.349987208928182
13.125	48.25	-3.51619555773116e-05	0.798420816057654	-0.00035704689477515	14.3788688284485	0.349977144728875
13.375	48.25	-5.57836266572655e-05	0.798313491105602	-0.000431184524300007	14.309017283575	0.349963740642673
13.625	48.25	-8.17168190585649e-05	0.798199476001161	-0.00051875991264009	14.2391784415313	0.349946884067612
13.875	48.25	-0.000112404216925703	0.798078688848092	-0.000622428012299421	14.1693535747241	0.349926937258998
14.125	48.25	-0.000146149512843484	0.79795116156928	-0.000745404001039082	14.0995438268226	0.349905002816652
14.375	48.25	-0.000179598992303134	0.797817072366038	-0.00089156598829837	14.0297500239757	0.349883260655003
14.625	48.25	-0.000207105501367884	0.797676783428327	-0.00106556493843577	13.9599724084896	0.349865381424111
14.875	48.25	-0.000219971740148354	0.797530884276633	-0.00127293629496338	13.8902102789835	0.349857018368904
15.125	48.25	-0.000205575156894396	0.797380240941341	-0.00152020431080038	13.8204615209693	0.349866376148019
15.375	48.25	-0.000146382282089847	0.797226050814397	-0.0018149654389016	13.7507220124683	0.349904851516642
15.625	48.25	-1.88654910325121e-05	0.797069902336813	-0.00216593115478255	13.6809848906886	0.349987737430829
15.875	48.25	0.000207660783912135	0.796913837582136	-0.00258290319969624	13.611239667858	0.350134979509543
16.125	48.25	0.000572265091867803	0.796760414113924	-0.00307664558218985	13.5414711868798	0.350371972309714
16.375	48.25	0.00112366586561252	0.796612760094606	-0.00365860821279864	13.4716584103235	0.350730382812648
16.625	48.25	0.00192152299597865	0.796474613403746	-0.00434044774210087	13.4017730391267	0.351248989947386
16.875	48.25	0.00303774099757826	0.796350331487705	-0.00513328371658447	13.331777960042	0.351974531648426
17.125	48.25	0.00455777581103157	0.796244854010952	-0.00604662521882377	13.2616255231692	0.35296255427717
17.375	48.25	0.00658194200022613	0.796163595638801	-0.00708690853575003	13.1912556528764	0.354278262300147
17.625	48.25	0.00922671951639408	0.796112242477617	-0.0082556051631118	13.12059379724	0.355997367685656
17.875	48.25	0.0126260570758067	0.796096424527533	-0.00954689771048153	13.0495487232549	0.358206937099274
18.125	48.25	0.0169326600144528	0.796121240433229	-0.0109449854859121	12.9780101681186	0.361006229009394
18.375	48.25	0.0223192313378585	0.79619062300273	-0.0124211771062955	12.9058463617322	0.364507500369608
18.625	48.25	0.0289796018482749	0.796306557747304	-0.0139310562827162	12.8329014432085	0.368836741201379
18.875	48.25	0.0371296332122631	0.796468204473506	-0.0154121637597943	12.7589928059527	0.374134261587971
19.125	48.25	0.0470076979529284	0.796671023286693	-0.0167828063722962	12.6839084236441	0.380555003669403
19.375	48.25	0.0588744193272178	0.796906065381194	-0.0179427499401565	12.6074042362023	0.388268372562692
19.625	48.25	0.0730111739676391	0.797159641965797	-0.0187766227499841	12.5292017155891	0.397457263078965
19.875	48.25	0.0897166027797035	0.79741360917526	-0.0191607773270917	12.4489857940915	0.408315791806807
20.125	48.25	0.109300035486981	0.797646474813037	-0.0189740453048149	12.3664034338186	0.421045023066538
20.375	48.25	0.132070346048563	0.797835419695501	-0.0181121995599579	12.2810632579561	0.435845724931566
20.625	48.25	0.158318437322549	0.797959126202024	-0.016504988852682	12.1925368586851	0.452906984259657
20.875	48.25	0.188291551084122	0.798001048331984	-0.0141334287825152	12.1003626308344	0.472389508204679
21.125	48.25	0.222158306746414	0.797952512466614	-0.0110438967268453	12.0040532012042	0.494402899385169
21.375	48.25	0.259965244864964	0.797814905662231	-0.00735496436318752	11.9031076172327	0.518977409162227
21.625	48.25	0.301588952120234	0.79760027647149	-0.00325337483174771	11.7970292495127	0.546032818878152
21.875	48.25	0.346692205409299	0.797329968792787	0.00102249969548765	11.6853496587126	0.575349933516044
22.125	48.25	0.394696573399255	0.797031372592611	0.0052102061971002	11.5676573828769	0.606552772709516
22.375	48.25	0.444785124558625	0.796733383267578	0.00905679736088697	11.4436288703992	0.639110330963106
22.625	48.25	0.495944880391681	0.796461568232342	0.0123512135175317	11.3130571215051	0.672364172254593
22.875	48.25	0.547048855199126	0.796234211316028	0.0149482852166549	11.1758727662513	0.705581755879432
23.125	48.25	0.596964783510678	0.796060230175148	0.0167797059761492	11.0321529630723	0.738027109281941
23.375	48.25	0.644667621265768	0.795939418074282	0.0178512189798047	10.8821157596878	0.769033953822749
23.625	48.25	0.689330922586653	0.795864708187875	0.0182288802755637	10.7261007535794	0.798065099681324
23.875	48.25	0.730379492394459	0.795825524058646	0.0180193281607632	10.5645398458719	0.824746670056399
24.125	48.25	0.767498506054828	0.795811067703477	0.0173491497793405	10.3979235388133	0.848874028935638
24.375	48.25	0.800606412978916	0.795812665671192	0.0163471778432497	10.2267681835735	0.870394168436295
24.625	48.25	0.829805813040851	0.795824829625453	0.0151317223643941	10.0515881991528	0.889373778476553
24.875	48.25	0.855327149362711	0.795845188174306	0.0138030818564205	9.87287532839754	0.905962647085762
25.125	48.25	0.877476448175268	0.795873718535336	0.0124405753734605	9.69108520583537	0.920359691313924
25.375	48.25	0.896593283067048	0.79591173361568	0.0111028433418403	9.50663029747164	0.932785633993581
25.625	48.25	0.913020753662834	0.795960956547028	0.00983013367094472	9.31987770503205	0.943463489880842
25.875	48.25	0.927086440269748	0.796022850876837	0.00864751614410908	9.13115026195577	0.952606186175336
26.125	48.25	0.939091993555765	0.79609824129444	0.00756828210341487	8.94072957513352	0.960409795811247
26.375	48.25	0.949308788173038	0.796187180904631	0.00659708191460329	8.74886000416105	0.967050712312474
26.625	48.25	0.957977413051732	0.79628899052745	0.0057325820999481	8.55575290258325	0.972685318483626
26.875	48.25	0.965309318610775	0.79640239613907	0.00496957865734989	8.36159071745374	0.977451057097004
27.125	48.25	0.971489478912457	0.796525705999343	0.00430059389743903	8.16653073990704	0.981468161293097
27.375	48.25	0.976679362285456	0.79665698809153	0.00371702846486275	7.97070842760636	0.984841585485547
27.625	48.25	0.98101981727468	0.796794225376282	0.003209954606764	7.7742402954117	0.987662881228542
27.875	48.25	0.984633686669207	0.796935438914982	0.00277063410794633	7.57722640951524	0.990011896334984
28.125	48.25	0.987628086716532	0.79707877710625	0.00239083347218627	7.37975253596915	0.991958256365746
28.375	48.25	0.990096356793445	0.797222573943552	0.00206299534541145	7.18189199676047	0.993562631915739
28.625	48.25	0.992119717079175	0.79736538137805	0.00178031185356652	6.98370728192263	0.994877816101464
28.875	48.25	0.993768682734369	0.797505981469493	0.00153673387902974	6.78525145868338	0.99594964377734
29.125	48.25	0.995104282416289	0.797643383713616	0.00132694079454635	6.58656941067074	0.996817783570588
29.375	48.25	0.996179122715061	0.79777681220914	0.00114628777979947	6.38769893293721	0.99751642976479
29.625	48.25	0.997038331856617	0.797905686457291	0.000990742299158051	6.18867170253111	0.998074915706801
29.875	48.25	0.99772040776392	0.798029598732091	0.000856817281550665	5.9895141396571	0.998518265046548
30.125	48.25	0.998257988291579	0.798148290198732	0.000741505682766286	5.79024817102763	0.998867692389527
30.375	48.25	0.998678555556127	0.798261627320505	0.000642219136737441	5.59089190462039	0.999141061111483
30.625	48.25	0.999005081844999	0.798369579583603	0.000556732078698557	5.39146022349765	0.999353303199249
30.875	48.25	0.999256621490257	0.798472199172764	0.000483131864660605	5.19196530539382	0.999516803968667
31.125	48.25	0.999448851136807	0.798569602933767	0.000419774878561425	4.99241707424528	0.999641753238925
31.375	48.25	0.999594559789651	0.798661956743452	0.00036524830755753	4.79282358956232	0.999736463863273
31.625	48.25	0.999704089667292	0.798749462259141	0.000318337102872166	4.59319137940274	0.99980765828374
31.875	48.25	0.999785729026013	0.798832345920143	0.000277995576109636	4.39352572260852	0.999860723866909
32.125	48.25	0.999846058583342	0.798910850011024	0.00024332307262573	4.19383088584508	0.999899938079172
32.375	48.25	0.999890253801586	0.798985225554451	0.000213543190099902	3.99411032079759	0.999928664971031
32.625	48.25	0.999922345911558	0.799055726771624	0.000187986055832414	3.79436682661358	0.999949524842512
32.875	48.25	0.999945444940234	0.79912260683093	0.000166073229523849	3.59460268234859	0.999964539211152
33.125	48.25	0.999961927940488	0.79918611461565	0.000147304851832495	3.39481975381347	0.999975253161317
33.375	48.25	0.999973595049517	0.799246492306281	0.000131248707354048	3.19501957889873	0.999982836782186
33.625	48.25	0.999981795265394	0.799303973712344	0.000117530910258761	2.99520343520719	0.999988166922506
33.875	48.25	0.999987523842314	0.799358783475449	0.000105827952681763	2.79537239362248	0.999991890497504
34.125	48.25	0.999991495263995	0.799411137381481	9.5859887300401e-05	2.59552736109875	0.999994471921597
34.375	48.25	0.999994200638811	0.799461243848515	8.73844604114441e-05	2.39566911515844	0.999996230415227
34.625	48.25	0.999995964633782	0.799509305981159	8.01920843105058e-05	2.19579833105804	0.999997377011958
34.875	48.25	0.999997019353493	0.799555522433124	7.41016352802071e-05	1.99591560048893	0.999998062579771
35.125	48.25	0.999997601746409	0.799600084326178	6.89571436968186e-05	1.79602143913069	0.999998441135166
35.375	48.25	0.999998049133401	0.799643166051358	6.46254118209178e-05	1.59611628158881	0.999998731936711
35.625	48.25	0.999998818367047	0.799684911703195	6.09943375288414e-05	1.39620046872247	0.999999231938581
35.875	48.25	1.00000031815157	0.79972542680011	5.79712069064733e-05	1.19627424438044	1.00000020679852
36.125	48.25	1.00000248285373	0.799764793802408	5.54796675460461e-05	0.9963377904442	1.00000161385492
36.375	48.25	1.00000419984188	0.799803130948757	5.34541237643733e-05	0.796391326586405	1.00000272989722
36.625	48.25	1.00000304118987	0.799840693807209	5.18318063859644e-05	0.596435264781818	1.00000197677342
36.875	48.25	0.999996090257406	0.799877973965963	5.05463307213818e-05	0.396470328096396	0.999997458667314
37.125	48.25	0.999982600675089	0.799919956326055	4.95312537453348e-05	0.196497441018134	0.999988690438808
37.375	48.25	0.99996823381649	0.399943201815092	4.8843501170829e-05	-0.00348499360565516	0.999979351980718
0.125	48.75	-3.84138958518219e-12	0.3999964585215	3.67304067132998e-05	18.0168617044063	0.349999999997503
0.375	48.75	-5.85433572927599e-12	0.799989362130601	3.68599251353359e-05	17.9468623241709	0.349999999996195
0.625	48.75	-7.74054030145704e-12	0.799982225369341	3.71189976988951e-05	17.8768635660509	0.349999999994969
0.875	48.75	-6.84283559773581e-12	0.799975021120022	3.75076911513773e-05	17.8068654347597	0.349999999995552
1.125	48.75	-2.69238865199699e-14	0.79996772195872	3.80260939535531e-05	17.7368679373938	0.349999999999982
1.375	48.75	1.55414887816554e-11	0.799960300028904	3.86743018152998e-05	17.6668710834648	0.350000000010102
1.625	48.75	4.09678835993364e-11	0.799952726913457	3.94523983795039e-05	17.5968748849433	0.350000000026629
1.875	48.75	7.3776560415904e-11	0.799944973502938	4.03604302042968e-05	17.5268793563136	0.350000000047955
2.125	48.75	1.06091650915695e-10	0.799937009859066	4.13983760726076e-05	17.4568845146413	0.35000000006896
2.375	48.75	1.23535641064277e-10	0.799928805072846	4.25661098116584e-05	17.386890379652	0.350000000080298
2.625	48.75	1.05666221091284e-10	0.79992032711566	4.38633562662657e-05	17.3168969738239	0.350000000068683
2.875	48.75	2.87453781601089e-11	0.799911542683589	4.52896393545228e-05	17.2469043224929	0.350000000018685
3.125	48.75	-1.28593911608898e-10	0.799902417031205	4.68442218325726e-05	17.1769124539718	0.349999999916414
3.375	48.75	-3.76652760687114e-10	0.799892913796262	4.85260352757539e-05	17.1069213996825	0.349999999755176
3.625	48.75	-7.03453456922032e-10	0.799882994811786	5.03335995852472e-05	17.0369311943037	0.349999999542755
3.875	48.75	-1.06239040273491e-09	0.799872619904768	5.22649301599905e-05	16.9669418759335	0.349999999309446
4.125	48.75	-1.36126034313501e-09	0.799861746679845	5.43174317252631e-05	16.8969534862688	0.349999999115181
4.375	48.75	-1.45653465567439e-09	0.799850330285524	5.64877766387186e-05	16.8269660708029	0.349999999053252
4.625	48.75	-1.15805118427899e-09	0.79983832316198	5.87717658606566e-05	16.7569796790446	0.349999999247267
4.875	48.75	-2.50073204637806e-10	0.799825674767762	6.11641700779907e-05	16.6869943647606	0.349999999837452
5.125	48.75	1.465815251485e-09	0.79981233128442	6.36585485975539e-05	16.6170101862482	0.35000000095278
5.375	48.75	4.1028982499785e-09	0.799798235296904	6.62470425229519e-05	16.5470272066411	0.350000002666884
5.625	48.75	7.59816774158887e-09	0.799783325447076	6.89201390880125e-05	16.4770454942547	0.350000004938809
5.875	48.75	1.16061546982974e-08	0.799767536058045	7.16664026707985e-05	16.4070651229768	0.350000007544001
6.125	48.75	1.53943967263712e-08	0.799750796725774	7.44721678392377e-05	16.3370861727061	0.350000010006358
6.375	48.75	1.77660300504938e-08	0.799733031873022	7.73211887928092e-05	16.2671087298414	0.350000011547919
6.625	48.75	1.70430368918989e-08	0.799714160260865	8.01942383968298e-05	16.1971328878186	0.350000011077974
6.875	48.75	1.11492911420416e-08	0.799694094450409	8.30686492833977e-05	16.1271587476895	0.350000007247039
7.125	48.75	-2.16610006162004e-09	0.799672740207379	8.59177872567861e-05	16.0571864187312	0.349999998592035
7.375	48.75	-2.49294297227883e-08	0.799649995840427	8.87104464537556e-05	15.9872160190716	0.349999983795871
7.625	48.75	-5.83438966591715e-08	0.799625751462577	9.14101524922066e-05	15.9172476763102	0.349999962076467
7.875	48.75	-1.01990823979967e-07	0.799599888164768	9.39743583549741e-05	15.8472815281174	0.349999933705964
8.125	48.75	-1.52861776230416e-07	0.799572277089067	9.63535137986473e-05	15.777317722793	0.349999900639845
8.375	48.75	-2.04296157191878e-07	0.799542778388013	9.84899855317181e-05	15.7073564197752	0.349999867207498
8.625	48.75	-2.44953447003111e-07	0.799511240055879	0.000100316800564012	15.6373977901061	0.349999840780259
8.875	48.75	-2.58014416860704e-07	0.799477496616493	0.000101756177890621	15.5674420168782	0.349999832290629
9.125	48.75	-2.20879753070264e-07	0.799441367651386	0.000102717805832356	15.497489295722	0.349999856428161
9.375	48.75	-1.05714006468046e-07	0.799402656151632	0.000103096809367077	15.4275398354325	0.349999931285896
9.625	48.75	1.18738801108187e-07	0.799361146676447	0.000102771336637172	15.3575938588866	0.350000077180221
9.875	48.75	4.83575084876274e-07	0.799316603301509	0.000101599671299334	15.2876516044648	0.350000314323805
10.125	48.75	1.01385661059187e-06	0.799268767341677	9.9416748525237e-05	15.2177133282578	0.350000659006797
10.375	48.75	1.71992553850795e-06	0.799217354832566	9.60299140526843e-05	15.1477793074129	0.3500011179516
10.625	48.75	2.58549677658331e-06	0.799162053756533	9.12137160010589e-05	15.077849845038	0.350001680572905
10.875	48.75	3.55234490109445e-06	0.799102520995105	8.47034561288738e-05	15.0079252771249	0.350002309024186
11.125	48.75	4.50180931291779e-06	0.799038378983445	7.61871495502778e-05	14.938005981961	0.350002926176053
11.375	48.75	5.23397503876559e-06	0.798969212024764	6.52954477414737e-05	14.8680923924372	0.350003402083775
11.625	48.75	5.44629487152799e-06	0.798894562193526	5.15889696449211e-05	14.7981850115026	0.350003540091666
11.875	48.75	4.71463593449422e-06	0.798813924706964	3.45423608950893e-05	14.7282844307285	0.350003064513357
12.125	48.75	2.4812715143645e-06	0.798726742571613	1.3524265964662e-05	14.6583913514763	0.350001612826484
12.375	48.75	-1.943826150707e-06	0.798632400208772	-1.22277409499455e-05	14.5885066074914	0.349998736513002
12.625	48.75	-9.35997246905704e-06	0.798530215628168	-4.36383493472827e-05	14.5186311868199	0.349993916017895
12.875	48.75	-2.06204430756458e-05	0.798419430550134	-8.18330159769049e-05	14.4487662497613	0.349986596712001
13.125	48.75	-3.65321271823242e-05	0.798299197678391	-0.000128185010995324	14.3789131381145	0.349976254117331
13.375	48.75	-5.76956234889184e-05	0.798168564106383	-0.000184372193659435	14.3090733692815	0.349962497844732
13.625	48.75	-8.42699313162019e-05	0.798026449613285	-0.000252444512763911	14.2392486069087	0.349945224544644
13.875	48.75	-0.000115645350320285	0.797871618399441	-0.000334902818107895	14.1694405977615	0.349924830522292
14.125	48.75	-0.000150008643096305	0.797702642649915	-0.000434788851699937	14.0996510625571	0.349902494381987
14.375	48.75	-0.000183786069591465	0.797517856247766	-0.000555785140983412	14.0298815266565	0.349880539054766
14.625	48.75	-0.000210952585292825	0.797315297031489	-0.000702321796931453	13.9601330749902	0.34986288081956
14.875	48.75	-0.000222199170876451	0.797092636271053	-0.000879684754823194	13.8904060144895	0.34985557053893
15.125	48.75	-0.000203954630161891	0.796847094598737	-0.00109411659398829	13.8206994267234	0.349867429490395
15.375	48.75	-0.000137262807741592	0.796575344561743	-0.00135289654408844	13.7510105934473	0.349910779174968
15.625	48.75	3.47950473888372e-06	0.796273401366155	-0.00166438047148593	13.6813342783308	0.35000226167808
15.875	48.75	0.000251915228288301	0.795936505363951	-0.00203797447551252	13.6116618491553	0.350163744898387
16.125	48.75	0.000651239255385591	0.795559002507129	-0.00248400733027967	13.5419802260806	0.350423305516001
16.375	48.75	0.00125581849890953	0.795134232448845	-0.00301345782478109	13.472270642977	0.350816282024291
16.625	48.75	0.00213290812730226	0.794654438263301	-0.0036374840316161	13.4025072100896	0.351386390282746
16.875	48.75	0.00336445269356957	0.794110716856727	-0.00436669437224634	13.3326552673267	0.35218689425082
17.125	48.75	0.00504895962139042	0.793493034885691	-0.00521009776463616	13.2626695182674	0.353281823753904
17.375	48.75	0.00730342727244152	0.792790341033565	-0.00617367614166722	13.1924919358553	0.354747227727087
17.625	48.75	0.0102652973737322	0.791990811196168	-0.00725854262589943	13.1220494322959	0.356672443292926
17.875	48.75	0.0140943779961911	0.791082267536256	-0.00845868926941284	13.0512512889417	0.359161345697524
18.125	48.75	0.0189746439404355	0.790052814133523	-0.00975839654236172	12.9799863484329	0.362333518561283
18.375	48.75	0.0251157610592223	0.788891729276846	-0.0111294782709607	12.9081199830578	0.366325244688495
18.625	48.75	0.0327540938852406	0.787590645036353	-0.0125286714061086	12.8354908727679	0.371290161025406
18.875	48.75	0.0421528357495818	0.786145025836167	-0.0138956413179529	12.7619076566762	0.377399343237228
19.125	48.75	0.053600741901807	0.784555926135966	-0.0151522364627359	12.687145567	0.384840482236175
19.375	48.75	0.0674087473124087	0.782831959704746	-0.0162037469729682	12.6109432187902	0.393815685753066
19.625	48.75	0.0839035210694241	0.78099134667695	-0.0169429338939943	12.5329998172292	0.404537288695126
19.875	48.75	0.103416782061117	0.779063819277118	-0.0172574189247959	12.4529731607793	0.417220908339726
20.125	48.75	0.126269054376785	0.777092067821886	-0.0170405850331173	12.3704789631958	0.43207488534491
20.375	48.75	0.152746622402324	0.775132310288308	-0.0162054075145899	12.2850921810938	0.449285304561511
20.625	48.75	0.183070980607012	0.773253501335391	-0.014699678814648	12.1963511887806	0.468996137394558
20.875	48.75	0.217361330721739	0.77153470765061	-0.0125201118032577	12.103765732361	0.49128486496913
21.125	48.75	0.2555928483409	0.770060324762638	-0.00972214626602708	12.0068295307409	0.516135351421585
21.375	48.75	0.297556398283968	0.768913144686555	-0.00642234014819387	11.9050380588824	0.543411658884579
21.625	48.75	0.342828414156453	0.768165803583726	-0.00279127970272556	11.7979113521287	0.572838469201694
21.875	48.75	0.390761377447823	0.767871751877525	0.000963061834930593	11.6850206029995	0.603994895341085
22.125	48.75	0.440504028654691	0.768057397406415	0.00461914984202164	11.5660160490876	0.636327618625549
22.375	48.75	0.491055073115856	0.768717218705394	0.00796848089189073	11.4406525424141	0.669185797525306
22.625	48.75	0.541345479600221	0.769813239762675	0.0108396625074496	11.3088087339124	0.701874561740144
22.875	48.75	0.590335485782232	0.771279310673924	0.0131153886243161	11.1704963852784	0.733718065758451
23.125	48.75	0.637107116519676	0.773029431666229	0.0147396930291484	11.0258579605876	0.764119625737789
23.375	48.75	0.680934091262335	0.774968339747288	0.0157153728602207	10.8751529146197	0.792607159320518
23.625	48.75	0.721318052546611	0.777002140683154	0.016093658254543	10.7187352434513	0.818856734155297
23.875	48.75	0.75798981369603	0.779047038725517	0.0159594535745534	10.5570262076569	0.842693378902419
24.125	48.75	0.790882711139928	0.781035001393274	0.0154156209777978	10.3904863641528	0.864073762240953
24.375	48.75	0.820089506762912	0.782916128623057	0.0145690527594978	10.2195902936842	0.883058179395893
24.625	48.75	0.845814322354319	0.784658238543987	0.0135201331003081	10.0448061313252	0.899779309530307
24.875	48.75	0.86832823947717	0.786244569154831	0.0123560615514019	9.86658068306841	0.914413355660161
25.125	48.75	0.887933380716722	0.787670539824432	0.0111476802102031	9.68532987801314	0.927156697465869
25.375	48.75	0.904936941729829	0.788940337989114	0.00994900135787562	9.50143368967299	0.938209012124389
25.625	48.75	0.919634416860542	0.790063831676713	0.0087985178484991	9.31523442595004	0.947762370959352
25.875	48.75	0.932300172347354	0.791054057827426	0.00772147796432739	9.12703732073024	0.95599511202578
26.125	48.75	0.943183271602444	0.791925349224113	0.00673250383867178	8.93711253658553	0.963069126541588
26.375	48.75	0.952506687336441	0.792692048577648	0.00583814426843512	8.7456979112571	0.969129346768686
26.625	48.75	0.960468459169777	0.793367704424275	0.00503913285901661	8.55300199146535	0.974304498460355
26.875	48.75	0.96724379493761	0.793964630477442	0.0043322544846562	8.35920706888911	0.978708466709447
27.125	48.75	0.972987483342436	0.794493720019318	0.00371180829980865	8.16447205856663	0.982441864172584
27.375	48.75	0.977836259419341	0.794964426773724	0.00317070333097054	7.96893514425283	0.985593568622572
27.625	48.75	0.981910948733269	0.795384845463166	0.0027012441505169	7.77271616739023	0.988242116676625
27.875	48.75	0.985318330044747	0.795761844804801	0.00229566908104046	7.57591876558316	0.990456914529085
28.125	48.75	0.9881527197612	0.796101221463883	0.0019464991727956	7.37863228062158	0.99229926784478
28.375	48.75	0.990497312156823	0.79640785529839	0.00164674779859179	7.18093346105368	0.993823252901935
28.625	48.75	0.992425320021381	0.796685854597153	0.00139003114330595	6.98288798413073	0.995076458013898
28.875	48.75	0.994000959939791	0.796938685652989	0.00117061077406965	6.78455181928714	0.996100623960864
29.125	48.75	0.995280320478657	0.797169284626301	0.000983391617458842	6.58597245178373	0.996932208311127
29.375	48.75	0.996312143579807	0.797380151836246	0.000823892268957145	6.38718998163669	0.997602893326875
29.625	48.75	0.997138541365244	0.797573429827019	0.000688199564249153	6.18823810993025	0.998140051887409
29.875	48.75	0.997795663338388	0.797750967133685	0.000572915569462487	5.98914502223791	0.998567181169952
30.125	48.75	0.998314323059265	0.797914369852756	0.000475102376222396	5.78993417716349	0.998904309988522
30.375	48.75	0.998720588885737	0.798065043069479	0.00039222810169637	5.59062500688072	0.999168382775729
30.625	48.75	0.999036340232159	0.798204224013926	0.000322116105226338	5.3912335358802	0.999373621150903
30.875	48.75	0.999279788835724	0.798333008579369	0.000262898486628855	5.19177292379818	0.999531862743221
31.125	48.75	0.999465963519937	0.798452372583071	0.000212974304935135	4.99225393808375	0.999652876287959
31.375	48.75	0.999607156687843	0.798563188907132	0.000170972557018532	4.79268536225677	0.999744651847098
31.625	48.75	0.999713331062525	0.798666241437899	0.000135719714014362	4.59307434553804	0.999813665190641
31.875	48.75	0.999792485844804	0.798762236532932	0.00010621147888089	4.39342669963454	0.999865115799123
32.125	48.75	0.999850982336125	0.798851812581756	8.15883647813674e-05	4.1937471483935	0.999903138518481
32.375	48.75	0.999893830037495	0.798935548085879	6.11146759713234e-05	3.99403953587665	0.999930989524372
32.625	48.75	0.999924935117271	0.799013968559944	4.41604827489014e-05	3.79430699814325	0.999951207826226
32.875	48.75	0.999947313731503	0.799087552452952	3.01862082239141e-05	3.59455210369013	0.999965753925477
33.125	48.75	0.999963272774579	0.799156736222324	1.87294785380248e-05	3.39477696712355	0.999976127303477
33.375	48.75	0.99997456018618	0.7992219186927	9.39392403432736e-06	3.194983340299	0.999983464121017
33.625	48.75	0.99998248629387	0.799283464914974	1.83965300659177e-06	2.99517268490439	0.999988616091015
33.875	48.75	0.999988017760502	0.79934170988209	-4.22484972416709e-06	2.79534623024486	0.999992211544326
34.125	48.75	0.999991847856093	0.79939696253536	-9.04961787727174e-06	2.5955050196303	0.99999470110646
34.375	48.75	0.999994451781538	0.79944951028788	-1.28490776282099e-05	2.39564994794916	0.999996393658
34.625	48.75	0.999996142190247	0.799499623577408	-1.5807041694305e-05	2.19578179145548	0.999997492423661
34.875	48.75	0.999997142436711	0.799547558770079	-1.80809097301956e-05	1.99590122866535	0.999998142583862
35.125	48.75	0.999997684158647	0.799593556703798	-1.98051112414265e-05	1.79600884967588	0.99999849470312
35.375	48.75	0.999998103371564	0.799637834724015	-2.109382351238e-05	1.59610515244133	0.999998767191517
35.625	48.75	0.99999885940264	0.799680574032349	-2.20430945461545e-05	1.3961905311023	0.999999258611716
35.875	48.75	1.00000036434826	0.79972191218883	-2.27327236607001e-05	1.19626527366125	1.00000023682637
36.125	48.75	1.00000254996406	0.799761959621327	-2.3228511491367e-05	0.996329598379824	1.00000165747664
36.375	48.75	1.00000428537078	0.79980086005529	-2.3585510456281e-05	0.796383755779855	1.00000278549101
36.625	48.75	1.00000310331719	0.799838894359542	-2.38522535504283e-05	0.596428186216498	1.00000201715617
36.875	48.75	0.999996038571033	0.799876581514156	-2.40742996413327e-05	0.396463641178381	0.999997425071171
37.125	48.75	0.999982329344038	0.799919009943238	-2.42932066609401e-05	0.196491072473385	0.999988514073625
37.375	48.75	0.999967725946512	0.399942355238153	-2.4488129985111e-05	-0.00349113645775073	0.999979021865233
0.125	49.25	-3.83357978033986e-12	0.399996614913107	5.05835336632422e-05	18.0168540381665	0.349999999997508
0.375	49.25	-5.84107781884709e-12	0.799989831462977	5.07664833167613e-05	17.9468546305634	0.349999999996203
0.625	49.25	-7.72068051828325e-12	0.79998300811132	5.11326697923569e-05	17.8768558176806	0.349999999994982
0.875	49.25	-6.82124803240975e-12	0.799976118040096	5.1682664486277e-05	17.8068576041769	0.349999999995566
1.125	49.25	-1.66620977550632e-14	0.799969134105187	5.24173170664696e-05	17.7368599970688	0.349999999999989
1.375	49.25	1.55184180964287e-11	0.799962028701891	5.33377464282861e-05	17.6668630057645	0.350000000010087
1.625	49.25	4.08828382137631e-11	0.799954773628066	5.44453284011947e-05	17.5968666421105	0.350000000026574
1.875	49.25	7.3601017406966e-11	0.799947339942766	5.57416798851819e-05	17.5268709204501	0.350000000047841
2.125	49.25	1.05809142411796e-10	0.799939697819477	5.72286391792067e-05	17.4568758576953	0.350000000068776
2.375	49.25	1.23159158382389e-10	0.799931816392798	5.8908242081261e-05	17.386881473411	0.350000000080053
2.625	49.25	1.05261228561958e-10	0.79992366359756	6.07826933449708e-05	17.3168877899143	0.35000000006842
2.875	49.25	2.84577583008836e-11	0.79991520599832	6.28543330665586e-05	17.2468948323869	0.350000000018498
3.125	49.25	-1.28509561976049e-10	0.799906408608612	6.51255968559717e-05	17.1769026290033	0.349999999916469
3.375	49.25	-3.7581805086795e-10	0.799897234697543	6.75989699218031e-05	17.1069112110734	0.349999999755718
3.625	49.25	-7.01390045759011e-10	0.79988764558239	7.02769332472872e-05	17.0369206132021	0.349999999544096
3.875	49.25	-1.05861614100565e-09	0.799877600405181	7.31619014686402e-05	16.9669308734658	0.349999999311899
4.125	49.25	-1.35548421756231e-09	0.799867055891061	7.62561511243439e-05	16.8969420336074	0.349999999118935
4.375	49.25	-1.44895016778216e-09	0.799855966085966	7.95617376499902e-05	16.8269541392525	0.349999999058182
4.625	49.25	-1.14968638222462e-09	0.79984428207163	8.30803999060801e-05	16.7569672401489	0.349999999252704
4.875	49.25	-2.43115897049818e-10	0.799831951655413	8.68134503832848e-05	16.6869813904335	0.349999999841975
5.125	49.25	1.46781968511035e-09	0.799818919031969	9.07616487738442e-05	16.6169966489321	0.350000000954083
5.375	49.25	4.09507862511575e-09	0.79980512441488	9.49250568861138e-05	16.5470130794965	0.350000002661801
5.625	49.25	7.57468186241624e-09	0.799790503634265	9.9302871977955e-05	16.4770307513859	0.350000004923543
5.875	49.25	1.15609569986677e-08	0.799774987696907	0.000103893235135793	16.4070497396985	0.350000007514622
6.125	49.25	1.53225070261948e-08	0.799758502303346	0.0001086930112513	16.3370701258573	0.35000000995963
6.375	49.25	1.76653743162366e-08	0.799740967316693	0.000113697535774041	16.2670919981529	0.350000011482493
6.625	49.25	1.69168804814801e-08	0.799722296174479	0.000118900322948042	16.1971154523427	0.350000010995972
6.875	49.25	1.10091987347535e-08	0.799702395235646	0.000124292729448239	16.1271405923005	0.350000007155979
7.125	49.25	-2.29695063816875e-09	0.7996811630508	0.000129863565326577	16.0571675307083	0.349999998506982
7.375	49.25	-2.50128517132352e-08	0.799658489543991	0.000135598643538436	15.9871963897753	0.349999983741646
7.625	49.25	-5.83235477853944e-08	0.799634255090297	0.000141480256878845	15.9172273019694	0.349999962089694
7.875	49.25	-1.01789638127063e-07	0.799608329473161	0.00014748656916859	15.847260410742	0.349999933836735
8.125	49.25	-1.52380248782041e-07	0.799580570701949	0.000153590905133213	15.7772958712344	0.349999900952838
8.375	49.25	-2.03411719732901e-07	0.79955082366762	0.000159760920050588	15.7073338509585	0.349999867782382
8.625	49.25	-2.43521292267781e-07	0.799518918611798	0.000165957626349152	15.6373745304625	0.34999984171116
8.875	49.25	-2.55870687913803e-07	0.799484669380171	0.000172134249554147	15.5674181040134	0.349999833684053
9.125	49.25	-2.17849386111405e-07	0.799447871427252	0.000178234879142433	15.4974647803616	0.349999858397899
9.375	49.25	-1.01628240065015e-07	0.799408299533878	0.000184192871662608	15.4275147836958	0.349999933941644
9.625	49.25	1.24005539925366e-07	0.79936570519327	0.000189928951322248	15.3575683549514	0.350000080603601
9.875	49.25	4.90031885094253e-07	0.799319813613048	0.000195348938106005	15.2876257537003	0.350000318520725
10.125	49.25	1.02125885620844e-06	0.799270320271938	0.000200341012296256	15.217687260924	0.350000663818257
10.375	49.25	1.7275323925971e-06	0.799216886956547	0.000204772396842942	15.1477531830489	0.350001122896055
10.625	49.25	2.59166520524936e-06	0.799159137186193	0.0002084853031828	15.0778238576964	0.350001684582383
10.875	49.25	3.55388381256706e-06	0.799096650907338	0.000211291941031738	15.0078996616534	0.350002310024478
11.125	49.25	4.49300072688137e-06	0.799028958301651	0.00021296833592893	14.9379810215871	0.350002920450472
11.375	49.25	5.20515944917265e-06	0.798955532495096	0.000213246631275973	14.8680684279844	0.350003383353642
11.625	49.25	5.38192346880044e-06	0.798875780875412	0.000211805471764648	14.7981624526531	0.350003498250255
11.875	49.25	4.59072541243325e-06	0.798789034613855	0.000208257977164106	14.7282637698569	0.350002983971518
12.125	49.25	2.26227509370766e-06	0.798694535834316	0.000202136720132599	14.6583731807066	0.350001470478811
12.375	49.25	-2.30857170170012e-06	0.798591421676845	0.000192875028389424	14.5884916397815	0.349998499428394
12.625	49.25	-9.93981900023926e-06	0.798478704253414	0.000179783847924934	14.5186202820481	0.34999353911765
12.875	49.25	-2.15062346752759e-05	0.798355245194554	0.000162023347781615	14.4487604469757	0.349986020947461
13.125	49.25	-3.78368784845751e-05	0.798219723141022	0.000138568437564132	14.3789136953024	0.349975406028985
13.375	49.25	-5.95509027195619e-05	0.798070592157456	0.000108167438015543	14.3090818122006	0.349961291913232
13.625	49.25	-8.68146530935018e-05	0.797906028662656	6.92933300223282e-05	14.239266788687	0.349943570475489
13.875	49.25	-0.000119002170013248	0.79772386412087	2.00873605053093e-05	14.1694707710755	0.349922648589491
14.125	49.25	-0.000154241160773214	0.797521500480045	-4.17046314816358e-05	14.0996959662051	0.349899743245497
14.375	49.25	-0.000188827513056486	0.797295805252892	-0.000118801909830941	14.029944488202	0.349877262116513
14.625	49.25	-0.000216493469453963	0.797042983324766	-0.000214461998610974	13.960218130785	0.349859279244855
14.875	49.25	-0.00022751756111679	0.796758423172609	-0.000332552930670789	13.890518047714	0.349852113585274
15.125	49.25	-0.000207668035425739	0.796436516372426	-0.000477617780197762	13.8208443230026	0.349865015776973
15.375	49.25	-0.000136975408448983	0.796070451275082	-0.000654921502552212	13.7511954119835	0.349910965984508
15.625	49.25	1.16665426561519e-05	0.795651984805889	-0.000870466124287896	13.6815674342114	0.350007583252726
15.875	49.25	0.00027406899828985	0.795171200796302	-0.00113095552571853	13.611953299392	0.350178144848888
16.125	49.25	0.000696481059450256	0.794616269405956	-0.00144368555442269	13.5423416478694	0.350452712688643
16.375	49.25	0.00133748170564725	0.793973230336393	-0.00181632933959572	13.4727155874982	0.350869363108671
16.625	49.25	0.00227002393004218	0.793225832869131	-0.00225658212368149	13.4030512087936	0.351475515554527
16.875	49.25	0.00358362203544084	0.792355478233035	-0.00277162587935942	13.3333158600376	0.352329354323037
17.125	49.25	0.00538666750786002	0.791341323941234	-0.00336737332293956	13.2634661636638	0.353501333880109
17.375	49.25	0.00780884668507721	0.790160624348234	-0.00404745643944808	13.1934457552196	0.3550757503453
17.625	49.25	0.0110036102113835	0.788789394518445	-0.0048119400503397	13.1231827274181	0.357152346637399
17.875	49.25	0.0151506044096731	0.787203491914812	-0.0056557708672642	13.0525867657241	0.359847892866287
18.125	49.25	0.0204579113306669	0.785380207054632	-0.006567021697307	12.9815459707312	0.363297642364934
18.375	49.25	0.0271638492505328	0.783300433131425	-0.0075250626157522	12.9099233792572	0.367656502012846
18.625	49.25	0.0355379498588031	0.780951437636162	-0.0084988859176815	12.8375532245304	0.373099667408222
18.875	49.25	0.045880544007607	0.778330178901302	-0.00944592198335104	12.7642370209905	0.379822353604945
19.125	49.25	0.0585201508277923	0.775446993669438	-0.0103117894647771	12.6897396270044	0.388038098038065
19.375	49.25	0.0738075842144537	0.772329332872023	-0.0110314906288566	12.6137855355552	0.397974929739395
19.625	49.25	0.0921054035046723	0.76902505936335	-0.0115325414494068	12.5360557740234	0.409868512278037
19.875	49.25	0.113771131548471	0.765604676847752	-0.0117403598172486	12.456185960268	0.423951235506506
20.125	49.25	0.139132714162918	0.762161780863258	-0.0115858816785182	12.3737662531209	0.440436264205897
20.375	49.25	0.168455266695014	0.75881106149687	-0.0110148375379332	12.2883441202063	0.459495923351759
20.625	49.25	0.201899571083119	0.755683381550092	-0.00999748399816562	12.1994309624146	0.481234721204027
20.875	49.25	0.239475290339392	0.75291781085191	-0.008537025167691	12.1065135837868	0.505658938720605
21.125	49.25	0.280995330260065	0.75065098667975	-0.00667471879743831	12.0090711564995	0.532646964669042
21.375	49.25	0.326041362682942	0.74900472887949	-0.00448995589612642	11.9065976040926	0.561926885743912
21.625	49.25	0.373952540833355	0.74807338071544	-0.00209449002792484	11.7986282147123	0.593069151541681
21.875	49.25	0.423847806378677	0.747912759695956	0.000378709371168068	11.6847679875802	0.62550107414614
22.125	49.25	0.474685687150226	0.748532730695661	0.00279019164758281	11.5647181040787	0.658545696647647
22.375	49.25	0.525355216890227	0.749895079589503	0.00500967493736089	11.4382964905265	0.691480890978647
22.625	49.25	0.574781385729531	0.751917480692789	0.00692977240110458	11.3054490530709	0.723607900724195
22.875	49.25	0.622023187475868	0.754483059985813	0.00847552303320774	11.1662497842037	0.754315071859314
23.125	49.25	0.6663447010417	0.7574537713724	0.00960852783497285	11.0208900904797	0.783124055677105
23.375	49.25	0.707248570182594	0.760685018555964	0.0103257189190031	10.8696596593906	0.809711570618686
23.625	49.25	0.744472374464394	0.76403895416113	0.0106538295982902	10.7129223705089	0.833907043401856
23.875	49.25	0.77795703814995	0.767394585620862	0.010641252830071	10.5510909380171	0.855672074797467
24.125	49.25	0.80780014135795	0.770653853060425	0.0103490956944826	10.3846033238455	0.875070091882668
24.375	49.25	0.834206092278861	0.773743815134339	0.00984293796297703	10.2139028816703	0.89223395998126
24.625	49.25	0.857441546137999	0.776615728065369	0.0091862651752002	10.0394230830942	0.907337004989699
24.875	49.25	0.877800318375619	0.779242070428065	0.00843597187328538	9.86157680133477	0.920570206944152
25.125	49.25	0.895578696074743	0.781612529657567	0.00763986713905638	9.68074958079774	0.932126152448583
25.375	49.25	0.911059983836505	0.783729755723704	0.0068358283401376	9.49729607676484	0.942188989493729
25.625	49.25	0.924506212403329	0.785605420470662	0.00605213446594359	9.31153882363265	0.950929038062164
25.875	49.25	0.936154827117676	0.787256875341691	0.00530852174429802	9.12376859022029	0.958500637626489
26.125	49.25	0.946218486950882	0.788704512175435	0.00461758578102496	8.93424573272497	0.965042016518073
26.375	49.25	0.954886568726664	0.78996980850247	0.00398626014901607	8.74320211213634	0.970676269672332
26.625	49.25	0.962327423919035	0.791073971097112	0.00341720150053928	8.55084327842589	0.975512825547373
26.875	49.25	0.968690804238449	0.792037064359996	0.00290999152701152	8.35735072970778	0.979649022754992
27.125	49.25	0.97411013965749	0.792877508601912	0.00246212286237718	8.16288413118398	0.983171590777369
27.375	49.25	0.978704529051138	0.793611845686021	0.00206977173868936	7.96758343068201	0.98615794388324
27.625	49.25	0.982580409850504	0.794254687625233	0.00172837967276172	7.77157084080355	0.988677266402827
27.875	49.25	0.985832930141672	0.79481878266304	0.00143307473571329	7.57495267756742	0.990791404592087
28.125	49.25	0.988547071963034	0.795315150472993	0.0011789642734673	7.37782105636429	0.992555596775972
28.375	49.25	0.990798581017594	0.79575325231794	0.000961328438476947	7.18025545132997	0.994019077661436
28.625	49.25	0.99265475430907	0.796141173136306	0.000775739657902419	6.98232412619372	0.995225590300896
28.875	49.25	0.994175128812495	0.796485800850485	0.000618128481549689	6.78408544480091	0.996213833728122
29.125	49.25	0.995412104438728	0.79679299418766	0.000484811825578424	6.58558906882217	0.997017867885173
29.375	49.25	0.996411525018478	0.797067734463277	0.000372495781945934	6.38687704922626	0.997667491262011
29.625	49.25	0.997213232702021	0.797314259548799	0.000278261999004577	6.1879848172365	0.998188601256314
29.875	49.25	0.997851604385505	0.797536180007309	0.000199544134296423	5.98894207985933	0.998603542850578
30.125	49.25	0.998356073597522	0.797736578426332	0.000134098956814936	5.78977362471441	0.998931447838389
30.375	49.25	0.998751637605012	0.797918093532478	7.99752340940369e-05	5.59050003878601	0.999188564443258
30.625	49.25	0.999059347144389	0.798082990901539	3.54824814157244e-05	5.39113834580106	0.999388575643853
30.875	49.25	0.999296774925282	0.798233222102198	-8.39110514610691e-07	5.1917025671502	0.999542903701434
31.125	49.25	0.999478458665839	0.79837047401231	-3.02467897749065e-05	4.99220421153553	0.999660998132795
31.375	49.25	0.999616314675954	0.798496209883302	-5.38209899997427e-05	4.79265269879125	0.99975060453937
31.625	49.25	0.99972001871517	0.798611703538028	-7.24885498304515e-05	4.59305572353097	0.999818012164861
31.875	49.25	0.999797351854334	0.798718067892614	-8.70434078093517e-05	4.39341956439365	0.999868278705317
32.125	49.25	0.99985451023208	0.79881627880514	-9.81648771679551e-05	4.19374934466343	0.999905431650852
32.375	49.25	0.999896378790714	0.798907195076621	-0.000106433664280149	3.9940492499174	0.999932646213964
32.625	49.25	0.999926770144455	0.798991575264531	-0.000112345825102988	3.79432270811439	0.999952400593896
32.875	49.25	0.999948630474522	0.799070091823045	-0.000116324865076856	3.59457253720404	0.999966609808439
33.125	49.25	0.999964214560315	0.799143342976594	-0.000118732186238434	3.39480106496109	0.999976739464205
33.375	49.25	0.99997523169976	0.799211862693536	-0.000119876075115135	3.19501022540411	0.999983900604844
33.625	49.25	0.999982963699437	0.799276129175888	-0.000120019409788021	2.99520163588819	0.999988926404634
33.875	49.25	0.999988356263038	0.79933657239154	-0.000119386247279641	2.79537665873362	0.999992431570975
34.125	49.25	0.999992087306548	0.799393581226728	-0.000118167436544665	2.59553645088507	0.999994856749256
34.375	49.25	0.999994620786681	0.799447510606469	-0.000116525390542769	2.39568200426805	0.999996503511343
34.625	49.25	0.999996261104976	0.799498688195181	-0.000114598143915247	2.19581417793964	0.999997569718234
34.875	49.25	0.999997225588903	0.799547419076938	-0.000112502817202162	1.99593372098522	0.999998196632787
35.125	49.25	0.999997741650881	0.799593985760545	-0.000110338595160238	1.79604128351298	0.999998532073073
35.375	49.25	0.999998142734228	0.799638641401627	-0.000108189294371489	1.59613741430962	0.999998792777248
35.625	49.25	0.999998887119571	0.799681598100494	-0.000106125539215118	1.39622255029073	0.999999276627721
35.875	49.25	1.00000038678407	0.799723020180488	-0.000104206500788928	1.19629701511434	1.00000025140964
36.125	49.25	1.00000257268069	0.799763041414829	-0.000102481124349005	0.996361056467063	1.00000167224245
36.375	49.25	1.00000430982984	0.799801826269406	-0.000100988838572706	0.796414949063369	1.00000280138939
36.625	49.25	1.00000312144429	0.79983967476229	-9.97599401131314e-05	0.596459153380769	1.00000202893879
36.875	49.25	0.999996029189206	0.799877124462457	-9.8816122481475e-05	0.396494438007116	0.999997418972984
37.125	49.25	0.999982264952102	0.799919304119786	-9.81718673861954e-05	0.196521768986485	0.999988472218866
37.375	49.25	0.999967599471208	0.39994228625948	-9.78410960164543e-05	-0.00346047143611501	0.999978939656285
0.125	49.75	-3.82267011795116e-12	0.399996824420839	6.37048619399757e-05	18.0168440023417	0.349999999997515
0.375	49.75	-5.82069732146463e-12	0.799990460402815	6.39400942301997e-05	17.9468445580756	0.349999999996217
0.625	49.75	-7.68667232667578e-12	0.799984057731595	6.4411109111767e-05	17.8768456717939	0.349999999995004
0.875	49.75	-6.7772399545297e-12	0.799977590414473	6.51190063258403e-05	17.80684734801	0.349999999995595
1.125	49.75	2.20071695692951e-14	0.799971032122537	6.60654329634331e-05	17.7368495935227	0.350000000000014
1.375	49.75	1.55215937078215e-11	0.79996435605159	6.72525803727181e-05	17.6668524174524	0.350000000010089
1.625	49.75	4.08057769717508e-11	0.799957534780632	6.86831800712688e-05	17.5968558312879	0.350000000026524
1.875	49.75	7.33906498806838e-11	0.799950540125093	7.03604979687617e-05	17.5268598489478	0.350000000047704
2.125	49.75	1.05418838420233e-10	0.799943342984455	7.22883274174717e-05	17.456864486854	0.350000000068522
2.375	49.75	1.22573482595713e-10	0.799935913182587	7.44709804203365e-05	17.3868697640199	0.350000000079673
2.625	49.75	1.04530062496225e-10	0.799928219299336	7.69132767708676e-05	17.3168757021518	0.350000000067945
2.875	49.75	2.77356029686341e-11	0.799920228492029	7.96205309994782e-05	17.2468823257668	0.350000000018028
3.125	49.75	-1.28928292985995e-10	0.799911906305338	8.25985365012394e-05	17.176889662325	0.349999999916197
3.375	49.75	-3.7548284092938e-10	0.799903216467125	8.58535466046063e-05	17.1068977423787	0.349999999755936
3.625	49.75	-6.99717886355264e-10	0.799894120669169	8.93922518643049e-05	17.0369065997381	0.349999999545183
3.875	49.75	-1.05497873096468e-09	0.799884578329389	9.322175314986e-05	16.9669162716564	0.349999999314264
4.125	49.75	-1.34937960802294e-09	0.799874546334402	9.73495295677316e-05	16.8969267990336	0.349999999122903
4.375	49.75	-1.44026700632027e-09	0.799863978759019	0.000101783400691388	16.8269382266437	0.349999999063826
4.625	49.75	-1.13904452084338e-09	0.799852826559584	0.000106531481884359	16.7569506033867	0.349999999259621
4.875	49.75	-2.32232890518218e-10	0.799841037239836	0.000111602131769195	16.6869639825701	0.349999999849049
5.125	49.75	1.47582399738514e-09	0.79982855448405	0.000117003890623308	16.6169784222254	0.350000000959286
5.375	49.75	4.0955569515334e-09	0.799815317756401	0.000122745408171724	16.5469939854644	0.350000002662112
5.625	49.75	7.56164363105223e-09	0.799801261860583	0.000128835359204628	16.4770107408838	0.350000004915068
5.875	49.75	1.15276837310089e-08	0.799786316456143	0.000135282345076957	16.4070287630217	0.350000007492994
6.125	49.75	1.52626932302027e-08	0.799770405525092	0.000142094778446202	16.3370481328744	0.350000009920751
6.375	49.75	1.75748390343233e-08	0.79975344678102	0.000149280748888255	16.2670689384735	0.350000011423645
6.625	49.75	1.6795816799313e-08	0.799735351012343	0.000156847865695694	16.1970912755248	0.350000010917281
6.875	49.75	1.08648180026888e-08	0.799716021348584	0.000164803073843506	16.1271152481057	0.350000007062132
7.125	49.75	-2.44765742499378e-09	0.799695352436138	0.00017315243824392	16.0571409694101	0.349999998409023
7.375	49.75	-2.51406443970087e-08	0.799673229508752	0.000181900890386985	15.9871685625314	0.349999983658581
7.625	49.75	-5.83852561175846e-08	0.799649527334654	0.000191051930003412	15.9171981612671	0.349999962049584
7.875	49.75	-1.01727764887527e-07	0.799624109018939	0.000200607273483765	15.8472299109304	0.349999933876953
8.125	49.75	-1.52124228290311e-07	0.799596824637634	0.00021056643887333	15.7772639691571	0.349999901119252
8.375	49.75	-2.02880954408964e-07	0.799567509675208	0.000220926255654797	15.7073005067056	0.34999986812738
8.625	49.75	-2.42629772085011e-07	0.799535983232931	0.000231680285551488	15.6373397082626	0.349999842290648
8.875	49.75	-2.54532750264516e-07	0.799502045970196	0.000242818138164922	15.5673817732895	0.349999834553712
9.125	49.75	-2.15986245088471e-07	0.799465477734049	0.00025432466244711	15.4974269169827	0.349999859608941
9.375	49.75	-9.91756768658448e-08	0.799426034825162	0.000266178991367346	15.4274753714583	0.34999993553581
9.625	49.75	1.27085985818958e-07	0.799383446837514	0.000278353412380462	15.3575273873353	0.350000082605891
9.875	49.75	4.93732166431233e-07	0.799337412999205	0.000290812030170838	15.287583235952	0.350000320925908
10.125	49.75	1.02548196070711e-06	0.799287597925502	0.000303509179402415	15.2176432125318	0.350000666563274
10.375	49.75	1.73200706247328e-06	0.799233626676846	0.000316387534455332	15.1477076406916	0.350001125804591
10.625	49.75	2.59578466990232e-06	0.799175078988403	0.000329375848230322	15.0777768787672	0.350001687260035
10.875	49.75	3.55642058494736e-06	0.799111482500053	0.00034238623348459	15.0078513284858	0.35000231167338
11.125	49.75	4.49163322843938e-06	0.799042304765483	0.000355310877379775	14.9379314465445	0.350002919561598
11.375	49.75	5.19573099451917e-06	0.798966943744766	0.000368018052241942	14.8680177596153	0.350003377225146
11.625	49.75	5.35734431805243e-06	0.798884716384024	0.000380347254680279	14.7981108831676	0.350003482273807
11.875	49.75	4.53943090114304e-06	0.798794844747756	0.000392103272244137	14.7282115442396	0.350002950630086
12.125	49.75	2.16617692016256e-06	0.798696438986516	0.000403048944460576	14.6583206078582	0.350001408014998
12.375	49.75	-2.47664499465835e-06	0.798588476189627	0.000412896359458372	14.5884391061617	0.349998390180753
12.625	49.75	-1.02190854163201e-05	0.798469773882606	0.000421296213146033	14.5185682683883	0.349993357594479
12.875	49.75	-2.1951035013655e-05	0.798338956585999	0.000427825066626657	14.4487095487241	0.349985731827241
13.125	49.75	-3.85192917509762e-05	0.798194413462116	0.000431970279623057	14.3788646475581	0.349974962460362
13.375	49.75	-6.05619166324918e-05	0.798034244657875	0.000433112488432645	14.3090355199765	0.349960634754189
13.625	49.75	-8.82623358523575e-05	0.797856193536916	0.000430505653799247	14.2392243633906	0.349942629481696
13.875	49.75	-0.000121004527823582	0.797657561632681	0.000423254946008294	14.1694335741056	0.349921347056915
14.125	49.75	-0.000156910381388211	0.797435102913189	0.000410293081429013	14.0996656604962	0.349898008252098
14.375	49.75	-0.000192241063487881	0.797184893930345	0.000390356196615117	14.0299230983788	0.349875043308733
14.625	49.75	-0.000220646020444092	0.796902176755941	0.000361960957622878	13.9602081122855	0.349856580086711
14.875	49.75	-0.000232245950890579	0.796581172456588	0.000323385363306835	13.8905223647536	0.349849040131921
15.125	49.75	-0.000212539479689449	0.796214864442144	0.000272656609692658	13.820866534541	0.349861849338202
15.375	49.75	-0.000141126955983481	0.795794753605429	0.000207550417369904	13.751239763879	0.349908267478611
15.625	49.75	9.75164610123111e-06	0.795310591073789	0.000125607342418437	13.681638954446	0.350006338569966
15.875	49.75	0.000276864734645032	0.794750099976485	2.41727161763527e-05	13.6120578915924	0.350179962077519
16.125	49.75	0.000707820787842906	0.794098705282665	-9.95321301370307e-05	13.5424861762912	0.350460083512098
16.375	49.75	0.00136307990503361	0.793339300819199	-0.000248298974525785	13.4729079441541	0.350886001938272
16.625	49.75	0.00231813978226368	0.792452095242214	-0.000424773564392487	13.4033003504846	0.351506790858471
16.875	49.75	0.00366588758703683	0.791414593887631	-0.000631240276791494	13.3336317996887	0.352382826931574
17.125	49.75	0.00551910226346736	0.79020179037308	-0.000869344487939094	13.2638598966149	0.353587416471254
17.375	49.75	0.00801307746214107	0.788786658920139	-0.00113975012562775	13.1939290970598	0.355208500350392
17.625	49.75	0.0113083086854965	0.787141052571768	-0.00144173570036354	13.1237680357407	0.357350400645573
17.875	49.75	0.0155931429561796	0.785237118873127	-0.0017727407815789	13.0532865141329	0.360135542921517
18.125	49.75	0.0210862171974517	0.78304933603057	-0.00212788694573953	12.9823721400999	0.363706041178344
18.375	49.75	0.0280384025899911	0.780557239866454	-0.00249951298925601	12.9108866296361	0.368224961683494
18.625	49.75	0.0367338151267754	0.777748844836874	-0.00287678343372035	12.8386618128779	0.373876979832404
18.875	49.75	0.0474892366789044	0.774624652478361	-0.00324545072922958	12.7654954378274	0.380868003841288
19.125	49.75	0.060651011232215	0.771201985676511	-0.00358787190895649	12.6911469432442	0.38942315730094
19.375	49.75	0.0765881499031341	0.76751919766563	-0.00388339387298686	12.6153334848244	0.399782297437037
19.625	49.75	0.0956800463420069	0.763639110396912	-0.00410921879288857	12.5377266524288	0.412192030122304
19.875	49.75	0.118296991002275	0.759650889377364	-0.00424183043054412	12.4579505107036	0.426893044151479
20.125	49.75	0.144771801875621	0.755669528094354	-0.00425899182279289	12.375581815812	0.444101671219154
20.375	49.75	0.175361698600279	0.751832257257958	-0.00414220983694714	12.2901534645266	0.463985104090181
20.625	49.75	0.210201423806747	0.748291540896224	-0.00387941334545115	12.2011623360274	0.486630925474385
20.875	49.75	0.24925178783132	0.745204841885714	-0.00346744320628189	12.1080825666241	0.512013662090358
21.125	49.75	0.292251972456118	0.74272194161739	-0.00291385906493282	12.0103848110009	0.539963782096477
21.375	49.75	0.338687826993241	0.740971162158025	-0.0022375882749125	11.9075610977653	0.570147087545607
21.625	49.75	0.387789795456043	0.74004626009444	-0.00146810541210014	11.7991535419185	0.602063367046428
21.875	49.75	0.438570635479001	0.739995961076974	-0.000643111300331255	11.684783732683	0.635070913061351
22.125	49.75	0.489903906042484	0.740817995044524	0.000195001111562883	11.5641785936403	0.668437538927615
22.375	49.75	0.540631685715761	0.742458963361413	0.00100334803565501	11.4371884616477	0.701410595715245
22.625	49.75	0.58967947515961	0.744820378411537	0.00174274978947901	11.3037943100553	0.733291658853746
22.875	49.75	0.636153179456879	0.747769941703536	0.00238127120632187	11.1641031852044	0.763499566646971
23.125	49.75	0.679399276620357	0.75115598822132	0.00289661646834432	11.0183333064894	0.791609529803232
23.375	49.75	0.719021555375775	0.754822471432251	0.00327713086597166	10.8667920762284	0.817364010994254
23.625	49.75	0.754860185705222	0.758622082660368	0.00352143334379823	10.7098509561116	0.840659120708394
23.875	49.75	0.786946521083149	0.762425913131501	0.0036369396836577	10.5479208014859	0.861515238704047
24.125	49.75	0.815448506584662	0.766129087004967	0.00363768436698459	10.3814301972701	0.88004152928003
24.375	49.75	0.840618494708298	0.769652659174365	0.00354188602247305	10.2108081079324	0.896402021560394
24.625	49.75	0.862750384147187	0.772942598363684	0.00336963951523256	10.0364711112929	0.910787749695672
24.875	49.75	0.882148496743243	0.775966857525228	0.00314099603817473	9.85881479753466	0.923396522883108
25.125	49.75	0.899107544349011	0.778711464792998	0.00287455654791453	9.67820857743787	0.934419903826857
25.375	49.75	0.913901504756966	0.781176367355261	0.00258658867362515	9.49499306741548	0.944035978092028
25.625	49.75	0.926778834693637	0.78337152314554	0.00229060014331042	9.30947929603945	0.952406242550864
25.875	49.75	0.937961710628602	0.785313520226263	0.00199726409325594	9.12194912030833	0.959675111908592
26.125	49.75	0.947647516439708	0.78702283778761	0.00171458491893383	8.93265639390739	0.96597088568581
26.375	49.75	0.956011351299804	0.788521750501078	0.00144820595040696	8.74182856530078	0.971407378344872
26.625	49.75	0.963208796908465	0.789832812418822	0.00120178171590477	8.54966849030566	0.976085717990502
26.875	49.75	0.96937852646554	0.790977826105666	0.000977360481250566	8.35635632181606	0.980096042202601
27.125	49.75	0.974644566672923	0.791977195578521	0.000775742916403527	8.16205139314109	0.9835189683374
27.375	49.75	0.979118162912608	0.792849568277394	0.000596798433373087	7.9668940467692	0.986426805893195
27.625	49.75	0.982899273059246	0.793611684695357	0.000439731823265464	7.77100738257833	0.98888452748851
27.875	49.75	0.986077749535959	0.79427836986327	0.00030329995453375	7.5744989128353	0.990950537198373
28.125	49.75	0.988734278820646	0.794862615938453	0.000185982407545844	7.37746211890179	0.99267728123342
28.375	49.75	0.990941143914728	0.795375718339154	8.61119168620146e-05	7.1799779085789	0.994111743544573
28.625	49.75	0.992762865386198	0.795827438712659	1.97111835501606e-06	6.98211597494552	0.995295862501029
28.875	49.75	0.994256764665637	0.796226176527174	-6.81380889677427e-05	6.78393605833047	0.996266897032664
29.125	49.75	0.995473481567896	0.796579137492697	-0.000125846871474174	6.5854891133028	0.997057763019133
29.375	49.75	0.996457467648058	0.796892491690415	-0.000172688578611431	6.38681838262723	0.997697353971237
29.625	49.75	0.997247468408766	0.79717151758669	-0.000210080571875361	6.1879603802124	0.998210854465698
29.875	49.75	0.997877000648696	0.79742073034592	-0.000239315458332274	5.98894578527155	0.998620050421652
30.125	49.75	0.998374826265872	0.797643994312144	-0.000261559102205561	5.78980025024391	0.998943637072817
30.375	49.75	0.998765420412996	0.79784462041981	-0.000277853365405312	5.59054512547272	0.999197523268447
30.625	49.75	0.999069429811832	0.798025449788564	-0.00028912200436853	5.39119810416052	0.999395129377691
30.875	49.75	0.999304116023932	0.7981889249833	-0.000296178535984482	5.1917737916734	0.999547675415556
31.125	49.75	0.999483778305622	0.79833715047268	-0.000299735192001047	4.99228420379126	0.999664455898654
31.375	49.75	0.999620151123067	0.798471943764607	-0.000300412321909019	4.79273919895634	0.999753098229994
31.625	49.75	0.9997227722754	0.798594878582653	-0.000298747791046899	4.59314684992228	0.99981980197901
31.875	49.75	0.999799318712399	0.798707321303677	-0.000295206063778476	4.39351376042633	0.999869557163059
32.125	49.75	0.999855908408656	0.798810461721111	-0.000290186770283562	4.19384533258411	0.999906340465626
32.375	49.75	0.999897367944015	0.798905339039813	-0.00028403263716358	3.99414599063573	0.99993328916361
32.625	49.75	0.999927466587704	0.798992863851979	-0.000277036722440046	3.79441936646573	0.999952853282008
32.875	49.75	0.99994911849286	0.799073836699902	-0.000269448939256253	3.59466845200723	0.999966927020359
33.125	49.75	0.999964554882967	0.799148963721209	-0.000261481882036574	3.39489572327996	0.999976960673929
33.375	49.75	0.999975467808723	0.799218869826838	-0.00025331598600792	3.1951032404715	0.99998405407567
33.625	49.75	0.999983126524735	0.799284109903124	-0.000245104057661856	2.99529272820222	0.999989032241078
33.875	49.75	0.999988467708946	0.799345178631352	-0.000236975213858684	2.79546563988474	0.999992504010815
34.125	49.75	0.999992162945936	0.799402519561656	-0.00022903826879768	2.59562320971852	0.999994905914858
34.375	49.75	0.999994671923987	0.799456533843643	-0.000221384621427739	2.39576649503423	0.999996536750592
34.625	49.75	0.999996296236317	0.799507588280318	-0.000214090729104769	2.19589641013979	0.999997592553606
34.875	49.75	0.999997251128938	0.799556021161644	-0.000207220299670648	1.99601375068538	0.999998213233809
35.125	49.75	0.999997761773502	0.799602143278182	-0.000200826360078809	1.79611920596721	0.999998545152776
35.375	49.75	0.999998158454124	0.799646232045591	-0.000194953302557929	1.59621335777744	0.99999880299518
35.625	49.75	0.999998895409975	0.799688520595267	-0.000189638806038129	1.39629667090981	0.999999282016483
35.875	49.75	1.00000038137589	0.799729191669184	-0.000184915187674572	1.1963694925619	1.00000024789433
36.125	49.75	1.0000025485257	0.799768395169403	-0.000180809429427886	0.996432089931901	1.0000016565417
36.375	49.75	1.00000427191347	0.799806309342622	-0.000177341239207484	0.796484752893675	1.00000277674376
36.625	49.75	1.0000030947673	0.799843245303929	-0.000174519540587392	0.596527951941043	1.00000201159875
36.875	49.75	0.999996060840322	0.799879748757697	-0.000172339938276798	0.396562460073078	0.999997439546209
37.125	49.75	0.999982404803479	0.799920924394166	-0.000170788394502725	0.196589243541169	0.999988563122261
37.375	49.75	0.999967850095265	0.399943021103195	-0.000169911878998179	-0.00339329915853564	0.999979102561922
0.125	50.25	-3.81028291020705e-12	0.399997085377641	7.58852611917858e-05	18.0168317435838	0.349999999997523
0.375	50.25	-5.79668690319171e-12	0.799991243957235	7.61705746961921e-05	17.9468322536512	0.349999999996232
0.625	50.25	-7.64537378295397e-12	0.799985365935417	7.67420191507763e-05	17.8768332759166	0.349999999995031
0.875	50.25	-6.72178703988513e-12	0.799979426687651	7.76012305191143e-05	17.8068348146541	0.349999999995631
1.125	50.25	7.52114508665485e-14	0.799973401253147	7.87506655441626e-05	17.7368368763035	0.350000000000049
1.375	50.25	1.55394746630257e-11	0.799967264196109	8.0193605124057e-05	17.6668394695062	0.350000000010101
1.625	50.25	4.0738944116043e-11	0.799960989463468	8.19341586080496e-05	17.5968426051527	0.35000000002648
1.875	50.25	7.31797516658537e-11	0.799954550238127	8.39772692953965e-05	17.5268462964432	0.350000000047567
2.125	50.25	1.05008092340107e-10	0.79994791878557	8.6328720894302e-05	17.4568505589619	0.350000000068255
2.375	50.25	1.21931535830737e-10	0.799941066293343	8.89951447825085e-05	17.3868554107646	0.350000000079255
2.625	50.25	1.03678407908168e-10	0.799933962701005	9.19840284016637e-05	17.3168608724816	0.350000000067391
2.875	50.25	2.67857704653618e-11	0.799926576520181	9.53037241101005e-05	17.2468669674344	0.350000000017411
3.125	50.25	-1.29728748653209e-10	0.799918874641514	9.89634591145309e-05	17.1768737217698	0.349999999915676
3.375	50.25	-3.75703828944995e-10	0.799910822127949	0.000102973345559283	17.1068811646091	0.349999999755793
3.625	50.25	-6.98724519498026e-10	0.799902381991292	0.000107344391343883	17.0368893282156	0.349999999545829
3.875	50.25	-1.05197479730224e-09	0.799893514950515	0.000112088511098223	16.9668982481803	0.349999999316216
4.125	50.25	-1.34356017747504e-09	0.79988417916828	0.000117218537348557	16.8969079636285	0.349999999126686
4.375	50.25	-1.43109882282331e-09	0.799874329964147	0.000122748231423701	16.8269185174488	0.349999999069786
4.625	50.25	-1.12664408367034e-09	0.799863919500069	0.000128692294140254	16.7569299565487	0.349999999267681
4.875	50.25	-2.17761016120031e-10	0.799852896436345	0.000135066375870938	16.6869423321398	0.349999999858455
5.125	50.25	1.48985710801574e-09	0.799841205553906	0.000141887085485515	16.6169557000585	0.350000000968407
5.375	50.25	4.10517067315833e-09	0.79982878733985	0.00014917199836955	16.5469701211293	0.350000002668361
5.625	50.25	7.56151799985836e-09	0.799815577531225	0.000156939662393359	16.4769856615753	0.350000004914987
5.875	50.25	1.15115972231156e-08	0.799801506612528	0.000165209601910386	16.4070023934842	0.350000007482538
6.125	50.25	1.52243204237102e-08	0.799786499259961	0.000174002319117474	16.3370203953346	0.350000009895808
6.375	50.25	1.75089403840825e-08	0.799770473724317	0.000183339291622278	16.2670397525861	0.350000011380811
6.625	50.25	1.66997794200501e-08	0.799753341142756	0.000193242965821992	16.1970605583329	0.350000010854857
6.875	50.25	1.07403732953536e-08	0.799735004767985	0.00020373674423103	16.1270829140183	0.350000006981243
7.125	50.25	-2.59288368911429e-09	0.799715359099937	0.000214844965584596	16.057106930202	0.349999998314626
7.375	50.25	-2.52922569487901e-08	0.79969428890428	0.000226592875500502	15.9871327273677	0.349999983560033
7.625	50.25	-5.85224947477474e-08	0.799671668097183	0.000239006585326264	15.9171604367586	0.349999961960378
7.875	50.25	-1.01825756490627e-07	0.799647358474363	0.000252113016527088	15.8471902012257	0.349999933813258
8.125	50.25	-1.52158409089011e-07	0.799621208257668	0.000265939827575895	15.7772221760786	0.349999901097034
8.375	50.25	-2.02833461505731e-07	0.799593050428417	0.000280515320228719	15.7072565299382	0.34999986815825
8.625	50.25	-2.42496750261446e-07	0.799562700812194	0.000295868322312525	15.6372934456046	0.349999842377112
8.875	50.25	-2.54330326093233e-07	0.799529955873068	0.0003120280448197	15.5673331209785	0.349999834685288
9.125	50.25	-2.15751440731259e-07	0.79949459016909	0.000329023912116976	15.4973757701089	0.349999859761564
9.375	50.25	-9.89569176875363e-08	0.799456353412105	0.000346885366019594	15.427421624482	0.349999935678004
9.625	50.25	1.27255608779043e-07	0.799414967065759	0.000365641647222528	15.3574709347252	0.350000082716146
9.875	50.25	4.93886689747822e-07	0.799370120403325	0.000385321561083564	15.2875239729651	0.350000321026348
10.125	50.25	1.02580712735829e-06	0.799321465933873	0.000405953239825164	15.2175810361576	0.350000666774633
10.375	50.25	1.7329636340304e-06	0.799268614085994	0.000427563919255709	15.1476424507869	0.350001126426362
10.625	50.25	2.59827221413112e-06	0.799211127014966	0.000450179755724009	15.0777085794103	0.350001688876939
10.875	50.25	3.56197612360975e-06	0.799148511365345	0.000473825718659848	15.0077798295845	0.35000231528448
11.125	50.25	4.50264798702554e-06	0.799080209774311	0.000498525605644455	14.9378566657375	0.350002926721192
11.375	50.25	5.21565313997524e-06	0.799005590835235	0.00052430224127105	14.8679396245113	0.350003390174541
11.625	50.25	5.39081589833597e-06	0.798923937149247	0.000551177939757173	14.7980293339736	0.350003504030334
11.875	50.25	4.59228351488609e-06	0.798834430969296	0.000579175333781899	14.7281265368376	0.350002984984285
12.125	50.25	2.24518366405748e-06	0.798736136777451	0.000608318702820208	14.6582321173932	0.350001459369382
12.375	50.25	-2.36439302765642e-06	0.79862797992944	0.000638635972180182	14.5883471312096	0.349998463144532
12.625	50.25	-1.00673404496648e-05	0.798508720245708	0.000670161604276657	14.5184728357686	0.349993456228708
12.875	50.25	-2.1756285861601e-05	0.798376919132325	0.000702940665976323	14.4486107190139	0.34998585841419
13.125	50.25	-3.82836177311968e-05	0.798230898484472	0.000737034432042928	14.3787625213407	0.349975115648475
13.375	50.25	-6.02970729578862e-05	0.79806868928424	0.000772527972658797	14.3089302448164	0.349960806902577
13.625	50.25	-8.7995401394026e-05	0.79788796748536	0.000809540265405409	14.2391161414634	0.349942802989094
13.875	50.25	-0.000120785542114017	0.797685974530194	0.000848237456283801	14.1693226703143	0.349921489397626
14.125	50.25	-0.000156822558114166	0.797459419738386	0.000888849943061041	14.0995524107787	0.349898065337226
14.375	50.25	-0.000192414433829314	0.797204361935044	0.000931693928668251	14.0298079177458	0.349874930618011
14.625	50.25	-0.000221275787081338	0.796916068166609	0.000977197930066937	13.9600915019297	0.349856170738397
14.875	50.25	-0.000233617491732685	0.796588848335264	0.00102593434481413	13.8904049173585	0.349848148630374
15.125	50.25	-0.000215062908673337	0.796215866248872	0.0010786554615356	13.8207489366998	0.349860209109362
15.375	50.25	-0.000145385506733446	0.795788930151372	0.00113633211694533	13.7511227943623	0.349905499420623
15.625	50.25	2.93333454373905e-06	0.795298269515898	0.0012001914008718	13.6815234769778	0.350001906667453
15.875	50.25	0.000266324058168788	0.794732310016355	0.00127174725390698	13.6119448408739	0.35017311063781
16.125	50.25	0.000691921252211927	0.794077465402936	0.00135281440023774	13.5423765363451	0.350449748813938
16.375	50.25	0.00133952177470505	0.793317973688024	0.00144549184737731	13.4728027187282	0.350870689153558
16.625	50.25	0.00228370038574993	0.792435815644948	0.00155209742423355	13.4032005263444	0.351484405250737
16.875	50.25	0.00361607223512422	0.791410765882702	0.00167503014670801	13.3335383051966	0.352350446952831
17.125	50.25	0.00544768628802199	0.790220639926524	0.00181653375829111	13.2637735600337	0.353540996087214
17.375	50.25	0.00791152245881381	0.788841813277332	0.00197833445575799	13.1938506114288	0.355142489598229
17.625	50.25	0.0111650434335639	0.78725009770296	0.0021611312353464	13.1236979397083	0.357257278231816
17.875	50.25	0.0153927139175064	0.785422061973455	0.00236393183090222	13.0532252003383	0.360005264046379
18.125	50.25	0.0208083375088394	0.78333687324091	0.00258325440890246	12.9823199039161	0.363525419380746
18.375	50.25	0.0276569646285146	0.780978704233447	0.00281225766738301	12.910843770385	0.367977027008535
18.625	50.25	0.0362159819988812	0.778339692892495	0.00303991954600701	12.838628795899	0.373540388299273
18.875	50.25	0.0467947926176297	0.775423349124597	0.00325045162993824	12.7654731178213	0.380416615201459
19.125	50.25	0.0597322264594283	0.772248177234598	0.00342319826447957	12.6911368361344	0.388825947198628
19.375	50.25	0.0753904920058494	0.76885113149268	0.00353330186067544	12.6153380566471	0.399003819803802
19.625	50.25	0.094144126963851	0.765290369955399	0.00355338583621803	12.5377495704832	0.411193682526503
19.875	50.25	0.116362138164032	0.761646658439147	0.00345638073316956	12.4579967776648	0.425635389806621
20.125	50.25	0.142381542646758	0.75802275438513	0.00321937980236664	12.3756576882793	0.442548002720393
20.375	50.25	0.172471163109595	0.754540217900107	0.00282807803497719	12.2902660539345	0.462106256021237
20.625	50.25	0.206786194251551	0.751333376910443	0.00228099944237778	12.2013188152934	0.484411026263508
20.875	50.25	0.245317034692008	0.748540590676206	0.00159248143304965	12.1082889727722	0.509456072549805
21.125	50.25	0.287839992094073	0.746293439400087	0.000793408543376885	12.010644545883	0.537095994861148
21.375	50.25	0.33388163200399	0.744704925856522	-7.09401375278594e-05	11.9078733698953	0.567023060802594
21.625	50.25	0.382710619370003	0.743858133891937	-0.000945888140425248	11.7995121189171	0.598761902590502
21.875	50.25	0.433368377302923	0.743796995808845	-0.0017743784147384	11.6851764209401	0.6316894452469
22.125	50.25	0.484741509867438	0.744520800270526	-0.00250458261969829	11.5645877704651	0.665081981413835
22.375	50.25	0.535666513518007	0.745983702003581	-0.00309649238855732	11.4375927444103	0.698183233786704
22.625	50.25	0.585045895306343	0.748099683165546	-0.00352618493029004	11.3041711223983	0.730279831949123
22.875	50.25	0.631950205595097	0.750752278343328	-0.00378711541207702	11.1644316982714	0.760767633636813
23.125	50.25	0.675685323671778	0.753807285870288	-0.00388855588100242	11.018597115277	0.789195460386656
23.375	50.25	0.71581612667425	0.757126101027834	-0.00385192318400481	10.8669810649607	0.815280482338262
23.625	50.25	0.752150575510539	0.76057744963031	-0.00370605744202251	10.7099620602564	0.83889787408185
23.875	50.25	0.784696940708982	0.764046035558032	-0.00348249978905625	10.547957674275	0.860053011460838
24.125	50.25	0.813609329873847	0.767437569531472	-0.00321155649117258	10.3814020261662	0.878846064418001
24.375	50.25	0.839134119333931	0.770680458253201	-0.00291956483252811	10.2107279439344	0.895437177567055
24.625	50.25	0.861565059634736	0.773724916530834	-0.00262742546033309	10.0363540731817	0.910017288762578
24.875	50.25	0.881210106766144	0.776540416517331	-0.0023502180593441	9.85867643342005	0.922786569397994
25.125	50.25	0.898369680858337	0.779112306932576	-0.00209759532862423	9.6780635552774	0.933940292557919
25.375	50.25	0.913324288430674	0.781438239683581	-0.00187463399266605	9.49485426175573	0.943660787479938
25.625	50.25	0.9263289116041	0.78352482274193	-0.00168287164221131	9.30935725994019	0.952113792542665
25.875	50.25	0.937611768254195	0.785384728352286	-0.0015213359364977	9.12185188418031	0.959447649365226
26.125	50.25	0.947375563822821	0.787034344586825	-0.00138745045532654	8.93258951262621	0.965794116484833
26.375	50.25	0.955799922972468	0.78849196625213	-0.00127776450590639	8.74179533360664	0.971269949932104
26.625	50.25	0.963044175896203	0.789776469332995	-0.00118849786722485	8.54967025626217	0.975978714332532
26.875	50.25	0.969250037301142	0.790906390191438	-0.00111591730432831	8.35639284274777	0.980012524245742
27.125	50.25	0.974543960761971	0.791899326299426	-0.00105657386194867	8.16212119384656	0.983453574495281
27.375	50.25	0.979039101289704	0.792771581361228	-0.00100743300984523	7.96699475357979	0.986375415838308
27.625	50.25	0.982836901825501	0.793537988713476	-0.000965927505035807	7.77113601798789	0.988843986186575
27.875	50.25	0.98602835834419	0.794211859373377	-0.000929958139391322	7.57465214377808	0.990918432923724
28.125	50.25	0.988695030813863	0.794805013050552	-0.000897862131339893	7.37763645756921	0.992651770029011
28.375	50.25	0.990909865308053	0.795327860882488	-0.000868363797560297	7.18016986839554	0.994091412450234
28.625	50.25	0.992737883640053	0.795789517263931	-0.000840517770646978	6.98232218646108	0.995279624366034
28.875	50.25	0.99423678543648	0.796197924942788	-0.000813651552168625	6.78415335077503	0.996253910533712
29.125	50.25	0.995457496046541	0.796559982745883	-0.000787311568903636	6.58571456776688	0.997047372430252
29.375	50.25	0.996444683319616	0.796881669142752	-0.000761215013001313	6.38704936255217	0.99768904415775
29.625	50.25	0.997237257595206	0.797168157623811	-0.000735208449528684	6.18819454432133	0.998204217436884
29.875	50.25	0.997868862367513	0.797423921803118	-0.000709233327612663	5.98918108738365	0.998614760538883
30.125	50.25	0.998368357938155	0.797652829461845	-0.000683298014407837	5.79003492969334	0.998939432659801
30.375	50.25	0.998760296781039	0.797858225592682	-0.000657455686958517	5.59077769115983	0.999194192907675
30.625	50.25	0.999065387092107	0.798043005018267	-0.000631787291260944	5.3914273146318	0.99939250160987
30.875	50.25	0.999300939844728	0.798209675438431	-0.000606388754712818	5.19199863307559	0.999545610899073
31.125	50.25	0.999481294380905	0.798360411886661	-0.000581361677799741	4.99250386707825	0.999662841347588
31.375	50.25	0.999618217916566	0.798497103600991	-0.000556806805372408	4.79295305734328	0.999751841645768
31.625	50.25	0.999721275131239	0.798621394277761	-0.000532819668289984	4.59335443727244	0.999818828835306
31.875	50.25	0.999798165087775	0.798734716604568	-0.000509487880552335	4.39371475101379	0.999868807307054
32.125	50.25	0.999855023954055	0.798838321876502	-0.000486889667798948	4.19403952248978	0.999905765570136
32.375	50.25	0.999896693249076	0.798933305395849	-0.000465093286476724	3.99433328089651	0.999932850611899
32.625	50.25	0.999926954456687	0.799020628245069	-0.000444157066725486	3.79459974799761	0.999952520396846
32.875	50.25	0.999948731644694	0.79910113591703	-0.000424129874970767	3.59484199225546	0.999966675569051
33.125	50.25	0.999964263999656	0.799175574206598	-0.000405051842766865	3.39506255450536	0.999976771599776
33.375	50.25	0.999975249893708	0.799244602745213	-0.000386955245130791	3.19526354955361	0.99998391243091
33.625	50.25	0.999982963580942	0.799308806617619	-0.000369865434440188	2.99544674782156	0.999988926327613
33.875	50.25	0.999988345785607	0.799368706613435	-0.000353801749530818	2.79561364093229	0.999992424760645
34.125	50.25	0.999992071589454	0.799424768719702	-0.000338778335393472	2.59576549477268	0.999994846533145
34.375	50.25	0.999994603945575	0.799477413239406	-0.000324804845055638	2.39590339275068	0.999996492564624
34.625	50.25	0.999996247459827	0.799527023205929	-0.000311887065919156	2.19602827043221	0.999997560848887
34.875	50.25	0.999997219502743	0.799573950579472	-0.000300027608803835	1.99614094064353	0.999998192676783
35.125	50.25	0.99999774519563	0.799618517674602	-0.00028922686148772	1.79624210654921	0.99999853437716
35.375	50.25	0.99999815128095	0.799661011782274	-0.000279484328156865	1.59633236136629	0.999998798332618
35.625	50.25	0.999998885181691	0.799701674793706	-0.000270800132275925	1.39641217973724	0.999999275368099
35.875	50.25	1.00000034944598	0.799740697467424	-0.000263175850611184	1.19648191767408	1.00000022713989
36.125	50.25	1.00000247947934	0.799778236844439	-0.000256613266156468	0.996541849822794	1.00000161166157
36.375	50.25	1.0000041741088	0.799814476467133	-0.000251109785768449	0.79659227046421	1.00000271317072
36.625	50.25	1.00000302528694	0.799849729203585	-0.000246651103140456	0.596633648717174	1.00000196643651
36.875	50.25	0.999996133080239	0.799884537366918	-0.000243205647369527	0.396666748449423	0.999997486502155
37.125	50.25	0.999982743876852	0.799923917493249	-0.000240730402078764	0.196692521592963	0.999988783519954
37.375	50.25	0.999968468037806	0.399944566779749	-0.000239303355994794	-0.00329060060995864	0.999979504224574
0.125	50.75	-3.79639976705337e-12	0.399997395047827	8.69244064505125e-05	18.0168174445594	0.349999999997532
0.375	50.75	-5.7689495620782e-12	0.799992173918691	8.72565314856757e-05	17.9468179004352	0.34999999999625
0.625	50.75	-7.59594568823487e-12	0.799986919043097	8.79218615690407e-05	17.8768188141513	0.349999999995063
0.875	50.75	-6.65211464200806e-12	0.799981607707072	8.89225600072478e-05	17.8068201896483	0.349999999995676
1.125	50.75	1.48214940671908e-13	0.799976216871556	9.02618799189709e-05	17.7368220328655	0.350000000000096
1.375	50.75	1.55770919684769e-11	0.799970723037635	9.19441740572956e-05	17.6668243517746	0.350000000010125
1.625	50.75	4.067792910537e-11	0.799965102109175	9.3974907901958e-05	17.5968271564263	0.350000000026441
1.875	50.75	7.29382362899694e-11	0.799959329250351	9.63606764932604e-05	17.5268304590091	0.35000000004741
2.125	50.75	1.04505173134044e-10	0.799953378736814	9.91092243807971e-05	17.4568342739207	0.350000000067928
2.375	50.75	1.21122407149582e-10	0.799947223799783	0.000102229469585234	17.3868386178532	0.35000000007873
2.625	50.75	1.02599286088139e-10	0.799940836460818	0.000105731531043061	17.3168435098925	0.35000000006669
2.875	50.75	2.55929468414307e-11	0.799934187356596	0.000109626760314253	17.2468489716325	0.350000000016635
3.125	50.75	-1.30746497259657e-10	0.79992724555076	0.000113927777186362	17.1768550273036	0.349999999915015
3.375	50.75	-3.76152380684074e-10	0.799919978332323	0.00011864850971404	17.106861703919	0.349999999755501
3.625	50.75	-6.981630998818e-10	0.799912350997652	0.000123804239065878	17.0368690314361	0.349999999546194
3.875	50.75	-1.0499781300818e-09	0.799904326613682	0.000129411649024508	16.9668770429379	0.349999999317514
4.125	50.75	-1.33975744893571e-09	0.799895865760618	0.000135488881107393	16.8968857748331	0.349999999129158
4.375	50.75	-1.42519575461571e-09	0.799886926250332	0.000142055595282098	16.8268952670793	0.349999999073623
4.625	50.75	-1.11848239008181e-09	0.799877462818538	0.000149133037025806	16.756905563431	0.349999999272986
4.875	50.75	-2.07490739445781e-10	0.799867426787065	0.000156744111153515	16.6869167117184	0.349999999865131
5.125	50.75	1.50146132055001e-09	0.79985676569333	0.000164913463299493	16.6169287641596	0.35000000097595
5.375	50.75	4.11632225227883e-09	0.799845422882742	0.000173667569490679	16.5469417777151	0.350000002675609
5.625	50.75	7.56913518897614e-09	0.799833337060852	0.000183034835105367	16.4769558144899	0.350000004919938
5.875	50.75	1.15113286379637e-08	0.799820441798604	0.000193045704168664	16.4069709421886	0.350000007482364
6.125	50.75	1.52110165702849e-08	0.799806664985121	0.000203732780056725	16.3369872346318	0.350000009887161
6.375	50.75	1.74775699133841e-08	0.799791928219784	0.000215130959378931	16.2670047723341	0.35000001136042
6.625	50.75	1.6646620925317e-08	0.799776146134106	0.000227277579967054	16.1970236431454	0.350000010820304
6.875	50.75	1.066414215849e-08	0.799759225631251	0.000240212585215039	16.1270439429524	0.350000006931692
7.125	50.75	-2.69047543428372e-09	0.799741065030108	0.000253978706315862	16.0570657764311	0.349999998251191
7.375	50.75	-2.54071430124399e-08	0.799721553096406	0.000268621664358588	15.9870892578393	0.349999983485357
7.625	50.75	-5.86507988758995e-08	0.799700567942536	0.000284190395501547	15.917114511836	0.349999961876981
7.875	50.75	-1.01968863246404e-07	0.799677975773327	0.000300737301761268	15.8471416743121	0.349999933720239
8.125	50.75	-1.52330869888297e-07	0.799653629451982	0.000318318532088527	15.7771708932228	0.349999900984935
8.375	50.75	-2.03073359441276e-07	0.79962736685677	0.00033699429911306	15.7072023294201	0.349999868002316
8.625	50.75	-2.42876944790784e-07	0.799599008994147	0.000356829239663577	15.6372361574986	0.349999842129986
8.875	50.75	-2.54967126007197e-07	0.799568357828959	0.000377892829925322	15.5672725666925	0.349999834271368
9.125	50.75	-2.16804575145458e-07	0.799535193786786	0.000400259871130721	15.4973117618938	0.349999859077026
9.375	50.75	-1.00611104019881e-07	0.799499272876662	0.000424011067904585	15.4273539649061	0.349999934602782
9.625	50.75	1.2484165555814e-07	0.799460323376021	0.000449233730302509	15.3573994161038	0.350000081147076
9.875	50.75	4.90683141116064e-07	0.799418042011085	0.00047602264261432	15.2874483767313	0.350000318944042
10.125	50.75	1.02209267392853e-06	0.799372089557747	0.000504481157509683	15.2175011321529	0.350000664360238
10.375	50.75	1.7296118969181e-06	0.799322085777447	0.000534722594425356	15.1475579964428	0.350001124247733
10.625	50.75	2.59717869969303e-06	0.799267603588637	0.000566872046455583	15.0776193187783	0.350001688166155
10.875	50.75	3.56666016671968e-06	0.799208162356137	0.000601068731726206	15.0076854921568	0.350002318329108
11.125	50.75	4.51905947923847e-06	0.799143220153187	0.000637469063743081	14.9377569649793	0.350002937388661
11.375	50.75	5.25320074787523e-06	0.799072164811935	0.000676250661440603	14.867834255998	0.350003414580486
11.625	50.75	5.46360775577286e-06	0.798994303522113	0.00071761757386809	14.7979179729933	0.350003551345041
11.875	50.75	4.72052742397453e-06	0.79890885065873	0.000761807057602824	14.7280088352739	0.350003068342826
12.125	50.75	2.45662418027189e-06	0.79881491341675	0.000809098315454715	14.658107699651	0.350001596805717
12.375	50.75	-2.03322867865063e-06	0.798711474697148	0.000859823683454086	14.5882155888788	0.349998678401359
12.625	50.75	-9.57047047212299e-06	0.798597372529424	0.000914382834665732	14.5183337206401	0.349993779194193
12.875	50.75	-2.10387814863244e-05	0.798471275133278	0.000973260649316789	14.4484635339644	0.349986324792034
13.125	50.75	-3.72842113110585e-05	0.798331650531106	0.00103704947009798	14.3786067084878	0.349975765262648
13.375	50.75	-5.89542297547872e-05	0.798176729443896	0.00110647650340247	14.3087651702145	0.349961679750659
13.625	50.75	-8.62588320270047e-05	0.79800446006745	0.00118243711630825	14.2389410754649	0.349943931759182
13.875	50.75	-0.000118635976533579	0.797812453277137	0.00126603467379236	14.1691367625716	0.349922886615253
14.125	50.75	-0.000154303750143409	0.797597916903147	0.00135862730507616	14.0993546587198	0.349899702562407
14.375	50.75	-0.00018968290833666	0.797357578021769	0.00146188149772073	14.0295971272514	0.349876706109581
14.625	50.75	-0.000218675885051092	0.797087592803181	0.00157783158355834	13.9598662389061	0.349857860674717
14.875	50.75	-0.000231791926276706	0.796783444428979	0.00170894285920588	13.8901634489971	0.34984933524792
15.125	50.75	-0.000215112429028996	0.796439831043084	0.00185817410417793	13.8204891615219	0.349860176921131
15.375	50.75	-0.000149095465915383	0.796050547720214	0.00202903243092093	13.7508421607631	0.349903087947155
15.625	50.75	-7.22333352158692e-06	0.795608369118745	0.00222560954003065	13.6812188910464	0.349995304833211
15.875	50.75	0.00024549876854326	0.79510494289206	0.00245258342911692	13.6116125659214	0.350159574199553
16.125	50.75	0.000654181614524803	0.794530708085476	0.00271516341832477	13.5420120889906	0.350425218049441
16.375	50.75	0.00127581518064281	0.793874857585414	0.00301894926146277	13.4724007697489	0.350829279867418
16.625	50.75	0.0021811423164546	0.793125369028674	0.00336966778335474	13.4027548189135	0.351417742505695
16.875	50.75	0.00345662876140585	0.792269134052855	0.00377274422710068	13.3330416086945	0.352246808694914
17.125	50.75	0.00520651434574937	0.791292220744814	0.0042326624917488	13.2632176842498	0.353384234324737
17.375	50.75	0.00755492601687504	0.790180307662806	0.00475207196045208	13.1932265133929	0.354910701910969
17.625	50.75	0.0106480226689291	0.788919328509235	0.0053306130989022	13.1229959630079	0.356921214734804
17.875	50.75	0.0146561199709931	0.787496362648975	0.00596346480946739	13.0524354935394	0.359526477981145
18.125	50.75	0.0197757041373842	0.785900796069862	0.00663966913723581	12.9814330689528	0.3628542076893
18.375	50.75	0.0262311783402959	0.784125757788991	0.00734036722449003	12.9098517911086	0.367050265921192
18.625	50.75	0.0342760831233828	0.782169806058519	0.00803718381881793	12.8375262880388	0.372279454030199
18.875	50.75	0.0441933792688327	0.780038795852927	0.00869111706807045	12.7642589201173	0.378725696524741
19.125	50.75	0.0562941643930246	0.777747804686346	0.00925240356005674	12.6898159232502	0.386591206855466
19.375	50.75	0.0709139055305732	0.775322931541267	0.00966189666059922	12.6139236924245	0.396094038594873
19.625	50.75	0.0884049217329097	0.772802721605127	0.00985446407678483	12.5362655313944	0.407463199126391
19.875	50.75	0.109123501179489	0.770238920582206	0.00976471601421614	12.4564793617583	0.420930275766668
20.125	50.75	0.133409825553049	0.767696243556541	0.0093349710099703	12.3741570949762	0.436716386609482
20.375	50.75	0.161559055516076	0.765250872059635	0.00852475624762894	12.2888466014973	0.45501338608545
20.625	50.75	0.193782876072813	0.762987480537314	0.00732041967387167	12.2000574045335	0.475958869447329
20.875	50.75	0.230162900982258	0.760994739194861	0.0057428165778587	12.1072712773432	0.499605885638468
21.125	50.75	0.270600747536369	0.759359431837898	0.00385082430981808	12.0099586847783	0.52589048589864
21.375	50.75	0.314773830070647	0.758159550738941	0.00173890931870726	11.9076013330635	0.554602989545921
21.625	50.75	0.362109493728445	0.757456981658277	-0.000471808787478122	11.7997199145839	0.585371170923489
21.875	50.75	0.411790661514736	0.757290665649032	-0.0026478538642576	11.6859045999633	0.617663929984579
22.125	50.75	0.462801526758495	0.757671367793744	-0.00466031980406024	11.5658443578597	0.650820992393022
22.375	50.75	0.514011806378856	0.758579249237486	-0.00640086419702796	11.4393503924529	0.684107674146257
22.625	50.75	0.56428576590907	0.759965137353927	-0.00779349137183328	11.3063694238226	0.716785747840896
22.875	50.75	0.612593158030234	0.761755645440764	-0.00880012019581288	11.1669843123627	0.748185552719652
23.125	50.75	0.65809814717354	0.763861311153485	-0.00941965822357697	11.0214021497717	0.777763795662801
23.375	50.75	0.700209921597492	0.766186125909537	-0.00968184124407764	10.8699324869659	0.80513644903837
23.625	50.75	0.738591100539505	0.768636588771281	-0.00963799573458143	10.7129599730862	0.830084215350678
23.875	50.75	0.773131424013957	0.771128803156534	-0.00935102029906325	10.550915949507	0.852535425609072
24.125	50.75	0.803900470545446	0.773592889479642	-0.00888642578020214	10.3842526749722	0.87253530585454
24.375	50.75	0.831093581132887	0.775974747148287	-0.0083055269459717	10.2134224090766	0.890210827736377
24.625	50.75	0.854981674167463	0.778235710135156	-0.00766113374915537	10.0388621284693	0.905738088208851
24.875	50.75	0.875870840962445	0.780350836192251	-0.00699553366851302	9.86098356210707	0.919316046625589
25.125	50.75	0.894073451407203	0.782306523678561	-0.00634025001289825	9.68016762146963	0.931147743414682
25.375	50.75	0.909889798772398	0.784097980423912	-0.00571697343650319	9.4967621015594	0.941428369202059
25.625	50.75	0.923598049700898	0.785726874324071	-0.00513912181484945	9.31108159720227	0.950338732305584
25.875	50.75	0.935450025111378	0.787199331122999	-0.00461361143116584	9.1234087786516	0.958042516322396
26.125	50.75	0.945670655503291	0.788524329992983	-0.00414256366428574	8.93399640182702	0.964685926077139
26.375	50.75	0.954459477963437	0.789712479220229	-0.0037247936761723	8.74306963626021	0.970398660676234
26.625	50.75	0.961993064192979	0.790775120988888	-0.00335701830954811	8.55082845585451	0.975295491725436
26.875	50.75	0.968427695679423	0.791723703502684	-0.00303477932944318	8.35744995189004	0.979478002191625
27.125	50.75	0.973901911119939	0.792569360552586	-0.00275311109272057	8.16309050180477	0.98303624222796
27.375	50.75	0.978538754741505	0.793322646387389	-0.00250699617881533	7.96788777139632	0.986050190581978
27.625	50.75	0.982447676791801	0.793993383331129	-0.00229165525871185	7.77196255177101	0.988590989914671
27.875	50.75	0.985726103956773	0.794590588892926	-0.00210271373869981	7.57542044316159	0.990721967571902
28.125	50.75	0.98846072797493	0.795122457192546	-0.00193628105629737	7.37835340103263	0.992499473183704
28.375	50.75	0.990728569876976	0.79559637611161	-0.00178897111890852	7.18084115925556	0.993973570420034
28.625	50.75	0.99259787483607	0.796018966738284	-0.00165788545735864	6.98295254277355	0.995188618643446
28.875	50.75	0.994128884666151	0.796396135601182	-0.00154057475806638	6.78474667936673	0.996183775032998
29.125	50.75	0.995374525143805	0.796733133118381	-0.0014349896911395	6.58627411754765	0.996993441343473
29.375	50.75	0.996381035532961	0.79703461383637	-0.00133942830950028	6.38757785557262	0.997647673096425
29.625	50.75	0.997188558961002	0.797304695586269	-0.00125248460379375	6.18869428513647	0.998172563324651
29.875	50.75	0.997831705057524	0.797547015788112	-0.00117300087901456	5.98965405249669	0.998590608287391
30.125	50.75	0.99834009062829	0.797764783904491	-0.00110002529805832	5.79048283945506	0.998921058908388
30.375	50.75	0.998738860025461	0.797960829570418	-0.00103277506454188	5.59120206669457	0.999180259016549
30.625	50.75	0.999049184125619	0.798137646274201	-0.000970605169235527	5.39182952230228	0.999381969681652
30.875	50.75	0.999288735227829	0.79829743068524	-0.000912982305480158	5.19237991879397	0.999537677898089
31.125	50.75	0.999472134507269	0.798442117856551	-0.000859463396240632	4.99286538249425	0.999656887429725
31.375	50.75	0.999611368683929	0.798573412601897	-0.000809678115511346	4.79329587964026	0.999747389644554
31.625	50.75	0.999716173090994	0.798692817379096	-0.000763314791145258	4.59367958400886	0.999815512509146
31.875	50.75	0.99979437918585	0.798801657016795	-0.000720109118364975	4.39402319117891	0.999866346470803
32.125	50.75	0.999852225597786	0.798901100608823	-0.000679835175031899	4.19433218470591	0.999903946638561
32.375	50.75	0.999894632916806	0.79899218087099	-0.000642298299851286	3.99461105950006	0.999931511395924
32.625	50.75	0.999925443439392	0.799075811213772	-0.00060732946535697	3.79486350756587	0.999951538235605
32.875	50.75	0.999947627801536	0.799152800738599	-0.000574780843539061	3.59509257101352	0.999965958070999
33.125	50.75	0.99996346065134	0.799223867337605	-0.000544522318399426	3.39530076694205	0.999976249423371
33.375	50.75	0.999974667194323	0.799289649096079	-0.000516438742666346	3.19549018849046	0.99998353367631
33.625	50.75	0.999982541910635	0.799350714287356	-0.000490427763476701	2.99566258610719	0.999988652241912
33.875	50.75	0.999988040871393	0.799407570388523	-0.000466398058972291	2.79581943287167	0.999992226566405
34.125	50.75	0.999991851127514	0.799460672621309	-0.000444267849861304	2.59596197734781	0.999994703232884
34.375	50.75	0.999994445383151	0.799510432328113	-0.000423963601337653	2.39609128665956	0.999996389499048
34.625	50.75	0.999996136267689	0.799557224815994	-0.000405418932019765	2.19620828098759	0.999997488573998
34.875	50.75	0.999997146871592	0.799601395164702	-0.000388573885125003	1.99631375864638	0.999998145466535
35.125	50.75	0.99999770404028	0.799643259494383	-0.000373374813185263	1.7964084093645	0.999998507626182
35.375	50.75	0.999998130377871	0.79968309968668	-0.000359775023235518	1.59649281449231	0.999998784745616
35.625	50.75	0.999998863675627	0.799721153278648	-0.00034773585180151	1.39656743901246	0.999999261389158
35.875	50.75	1.00000029735514	0.799757607852325	-0.000337226977058422	1.19663263174717	1.00000019328084
36.125	50.75	1.00000237184974	0.799792617863593	-0.000328223939833143	0.996688661641508	1.00000154170233
36.375	50.75	1.000004022735	0.799826363014755	-0.000320701042003298	0.796735815774374	1.00000261477775
36.625	50.75	1.00000291794946	0.799859148063028	-0.000314620376858885	0.596774549936905	1.00000189666715
36.875	50.75	0.999996246455284	0.799891500053562	-0.000309923406890033	0.396805605102425	0.999997560195935
37.125	50.75	0.999983274929653	0.799928285222873	-0.000306538777335448	0.196829904397527	0.999989128704274
37.375	50.75	0.999969438043121	0.399946908735152	-0.000304573193748461	-0.00315407280030225	0.999980134728028
0.125	51.25	-3.78405001623588e-12	0.399997749627695	9.66350516488299e-05	18.0168013220341	0.34999999999754
0.375	51.25	-5.74606252784266e-12	0.799993238867375	9.70096680983546e-05	17.9468017158593	0.349999999996265
0.625	51.25	-7.55792806205255e-12	0.799988697992349	9.77602305679378e-05	17.8768025052623	0.349999999995087
0.875	51.25	-6.60261350913341e-12	0.799984106724172	9.88894036666963e-05	17.8068036937601	0.349999999995708
1.125	51.25	1.93640806030968e-13	0.799979444481055	0.000100401197449455	17.736805286654	0.350000000000126
1.375	51.25	1.55882670920596e-11	0.799974690252013	0.000102300983770304	17.6668072910617	0.350000000010132
1.625	51.25	4.06107539030138e-11	0.799969822468542	0.000104595517876057	17.5968097159609	0.350000000026397
1.875	51.25	7.27411115955542e-11	0.799964818871773	0.000107292965858481	17.5268125722435	0.350000000047282
2.125	51.25	1.04132716101505e-10	0.79995965637309	0.000110402938011602	17.4568158727833	0.350000000067686
2.375	51.25	1.20556323739523e-10	0.799954310908685	0.000113936528579726	17.3868196325146	0.350000000078362
2.625	51.25	1.01873754908963e-10	0.799948757285151	0.000117906362052079	17.3168238685261	0.350000000066218
2.875	51.25	2.4819031309848e-11	0.79994296901527	0.000122326646352152	17.2468286001664	0.350000000016132
3.125	51.25	-1.3136522242946e-10	0.799936918142583	0.000127213233582287	17.1768338491652	0.349999999914613
3.375	51.25	-3.76321573677902e-10	0.799930575052388	0.000132583688861104	17.1068396397691	0.349999999755391
3.625	51.25	-6.97523765855547e-10	0.799923908267831	0.000138457367675369	17.036845998893	0.34999999954661
3.875	51.25	-1.04816047358766e-09	0.799916884228579	0.000144855502825987	16.9668529562886	0.349999999318696
4.125	51.25	-1.33646173939014e-09	0.799909467050115	0.000151801301530215	16.8968605447316	0.3499999991313
4.375	51.25	-1.42029630756961e-09	0.799901618260051	0.000159320054001867	16.8268688002298	0.349999999076807
4.625	51.25	-1.1121477551757e-09	0.799893296510964	0.000167439254514808	16.7568777622545	0.349999999277104
4.875	51.25	-2.00306798879584e-10	0.799884457264508	0.000176188736423156	16.6868874740007	0.349999999869801
5.125	51.25	1.50839312206017e-09	0.799875052445724	0.000185600822748939	16.616897982679	0.350000000980456
5.375	51.25	4.1213628736503e-09	0.79986503006337	0.000195710494267346	16.5469093398471	0.350000002678886
5.625	51.25	7.57023662888627e-09	0.799854333792666	0.000206555577271022	16.4769216017862	0.350000004920654
5.875	51.25	1.15063900724274e-08	0.799842902515638	0.000218176953436444	16.4069348299287	0.350000007479153
6.125	51.25	1.51985053954419e-08	0.799830669813211	0.000230618794876683	16.3369490913422	0.350000009879029
6.375	51.25	1.74573544347131e-08	0.799817563401734	0.000243928827435018	16.2669644592726	0.35000001134728
6.625	51.25	1.66208243320959e-08	0.799803504505741	0.000258158626392286	16.196981013746	0.350000010803536
6.875	51.25	1.06376574893156e-08	0.799788407155583	0.000273363948466818	16.1269988422262	0.350000006914477
7.125	51.25	-2.71035398844476e-09	0.799772177398096	0.000289605105606224	16.0570180403174	0.34999999823827
7.375	51.25	-2.54126898100905e-08	0.799754712405006	0.00030694738625522	15.9870387125014	0.349999983481752
7.625	51.25	-5.86382635197645e-08	0.799735899462361	0.000325461531066065	15.9170609728945	0.349999961885129
7.875	51.25	-1.01946145460128e-07	0.799715614821048	0.000345224271709755	15.847084946007	0.349999933735005
8.125	51.25	-1.52329058799719e-07	0.79969372238601	0.000366318942867164	15.7771107674965	0.349999900986112
8.375	51.25	-2.03162116326816e-07	0.799670072218895	0.000388836180596993	15.7071385849084	0.349999867944624
8.625	51.25	-2.43182508011209e-07	0.799644498825342	0.000412874723473021	15.6371685584171	0.34999984193137
8.875	51.25	-2.55689687690727e-07	0.79961681919527	0.000438542338152513	15.5672008616025	0.349999833801703
9.125	51.25	-2.18228647184956e-07	0.799586830559931	0.000465956897718486	15.4972356823262	0.349999858151379
9.375	51.25	-1.030979883422e-07	0.799554307828102	0.000495247650448753	15.4272732238178	0.349999932986308
9.625	51.25	1.20896253868843e-07	0.799519000659109	0.000526556729499412	15.3573137061332	0.350000078582565
9.875	51.25	4.84951019005533e-07	0.799480630130504	0.000560040970548998	15.2873573682088	0.350000315218162
10.125	51.25	1.01450830928326e-06	0.799438884956472	0.000595874126244762	15.2174044708105	0.350000659430401
10.375	51.25	1.72070447183795e-06	0.799393417215275	0.00063424959459733	15.1474553007458	0.350001118457907
10.625	51.25	2.58859374473052e-06	0.799343837544339	0.000675383813162646	15.0775101767823	0.350001682585934
10.875	51.25	3.56192994953983e-06	0.799289709765977	0.000719520514042613	15.0075694577597	0.350002315254467
11.125	51.25	4.52468125870435e-06	0.799230544905199	0.000766936086054427	14.9376335533993	0.350002941042818
11.375	51.25	5.28007054281547e-06	0.799165794560588	0.000817946350910753	14.8677029382615	0.350003432045853
11.625	51.25	5.52882711062254e-06	0.799094843579421	0.000872915127843754	14.7977781691516	0.350003593737622
11.875	51.25	4.84954186910218e-06	0.79901700197243	0.000932265036709036	14.7278599059963	0.350003152202215
12.125	51.25	2.6855513238506e-06	0.798931495977475	0.000996491068061148	14.6579489357486	0.350001745608361
12.375	51.25	-1.65538396323052e-06	0.798837458146837	0.00106617752670778	14.5880461982084	0.349998924000424
12.625	51.25	-8.98025978031674e-06	0.798733916291437	0.00114201902507848	14.5181528117127	0.349994162831143
12.875	51.25	-2.01583183690862e-05	0.798619781077792	0.00122484625283237	14.4482700954432	0.34998689709306
13.125	51.25	-3.60241505985911e-05	0.798493832050461	0.00131565726182851	14.3783995836072	0.349976584302111
13.375	51.25	-5.72218443505442e-05	0.798354701863908	0.0014156549572614	14.3085430249932	0.349962805801172
13.625	51.25	-8.39742872503137e-05	0.798200858580473	0.00152629133773282	14.2387023594291	0.349945416713287
13.875	51.25	-0.000115761220429607	0.798030586052781	0.00164931873055719	14.1688796605753	0.349924755206721
14.125	51.25	-0.000150890190494264	0.797841962697754	0.00178684775100359	14.0990770323694	0.349901921376179
14.375	51.25	-0.000185946339320794	0.797632839412797	0.00194141088369572	14.0292964444579	0.349879134879441
14.625	51.25	-0.000215110073872986	0.797400818016247	0.0021160293193896	13.9595394902602	0.349860178451983
14.875	51.25	-0.000229335987671909	0.797143232418723	0.00231427883747998	13.8898070500684	0.349850931608013
15.125	51.25	-0.000215391701335268	0.79685713574557	0.00254034793698394	13.8200988409353	0.349859995394132
15.375	51.25	-0.000154761110580636	0.796539297783647	0.00279907792218456	13.7504128351318	0.349899405278123
15.625	51.25	-2.242228127023e-05	0.796186218327016	0.0030959701077618	13.6807445297002	0.349985425517174
15.875	51.25	0.000214484775403836	0.795794163096528	0.0034371396759304	13.6110860510489	0.350139415104012
16.125	51.25	0.000598081665161408	0.79535922968401	0.00382918912559462	13.5414250804922	0.350388753082355
16.375	51.25	0.0011812461872077	0.794877451136737	0.00427896713058097	13.4717435889519	0.350767810021685
16.625	51.25	0.00202915837679929	0.794344943987191	0.00479317186514093	13.4020163714608	0.351318952944919
16.875	51.25	0.0032208814667108	0.793758105365458	0.00537775301112799	13.3322093743911	0.352093572953362
17.125	51.25	0.00485096583115106	0.793113859936283	0.00603706613227839	13.2622778102992	0.353153127790248
17.375	51.25	0.00703106891738542	0.792409951562292	0.00677274027821094	13.1921640568482	0.354570194796301
17.625	51.25	0.00989158734047233	0.791645266877415	0.00758223892851958	13.1217953375801	0.356429531771307
17.875	51.25	0.0135832955350413	0.790820168932713	0.00845713073115359	13.0510811837779	0.358829142097777
18.125	51.25	0.0182789739362808	0.789936810029987	0.00938114480690834	12.9799106791412	0.361881333058582
18.375	51.25	0.0241749817051216	0.788999385894364	0.0103281688937422	12.9081494939281	0.365713738108329
18.625	51.25	0.0314926744407008	0.788014291324035	0.0112604564302869	12.8356367249612	0.370470238386455
18.875	51.25	0.0404794718434631	0.786990143568174	0.0121274325521825	12.7621815761095	0.376311656698251
19.125	51.25	0.0514092250757631	0.785937656491685	0.0128656092090675	12.6875599461221	0.383415996299246
19.375	51.25	0.0645812973608993	0.784869376666021	0.0134002012790574	12.611511045023	0.391977843284585
19.625	51.25	0.0803174381492469	0.783799328906308	0.0136490266999647	12.5337342472729	0.402206334797011
19.875	51.25	0.098955107854588	0.782742655745486	0.0135291088743309	12.4538865215158	0.414320820105482
20.125	51.25	0.1208354584471	0.781715360318624	0.0129660144644265	12.3715809621372	0.428543047990615
20.375	51.25	0.146283856920828	0.780734259166113	0.0119053216282457	12.2863871846078	0.445084506998539
20.625	51.25	0.17558095878299	0.779817204557083	0.0103247715231316	12.1978346057139	0.464127623208944
20.875	51.25	0.208923343000773	0.778983534655227	0.00824479396333258	12.1054198371145	0.485800172950502
21.125	51.25	0.246375073169111	0.778254558578324	0.00573455611399284	12.0086194435309	0.510143797559922
21.375	51.25	0.287815421500625	0.777653715554135	0.00291087982770205	11.9069089753121	0.537080023975406
21.625	51.25	0.332892773016506	0.777205939777582	-7.14012497140404e-05	11.7997883121089	0.566380302460729
21.875	51.25	0.380998637131154	0.776935829539237	-0.00303693181399984	11.686811914898	0.59764911413525
22.125	51.25	0.431276013782407	0.776864555419884	-0.00581205740187506	11.5676208147642	0.630329408958565
22.375	51.25	0.482670751698848	0.777006013096463	-0.00824700147592457	11.4419716352758	0.663735988604251
22.625	51.25	0.534023110954558	0.777363288351267	-0.0102331071779399	11.3097573966996	0.697115022120463
22.875	51.25	0.584183352723385	0.777926686297727	-0.0117117983501932	11.1710158320444	0.7297191792702
23.125	51.25	0.632126108432674	0.778674157132511	-0.0126744237364558	11.0259233956196	0.760881970481238
23.375	51.25	0.677038427604679	0.77957408099958	-0.0131545553612123	10.8747762796861	0.790074977943042
23.625	51.25	0.718365782196117	0.780589528894701	-0.0132157759937125	10.7179624200743	0.816937758427476
23.875	51.25	0.755813995412146	0.781682739876795	-0.0129382488965451	10.5559297622874	0.841279097017895
24.125	51.25	0.789316684291366	0.782818752522879	-0.0124066845673194	10.3891557585985	0.863055844789388
24.375	51.25	0.8189834069013	0.783967664804091	-0.011701214514305	10.2181216264024	0.882339214485845
24.625	51.25	0.845043160629028	0.785105535101618	-0.0108916148373915	10.0432930665187	0.899278054408868
24.875	51.25	0.867793611503471	0.78621426588346	-0.0100345596249715	9.86510755272156	0.914065847477256
25.125	51.25	0.887561285522138	0.787280900690538	-0.00917319046837742	9.68396727794806	0.92691483558939
25.375	51.25	0.904673796600174	0.788296695848895	-0.00833819734759018	9.50023639613212	0.938037967790113
25.625	51.25	0.919442673542325	0.789256200808364	-0.00754970291294595	9.3142411800492	0.947637737802511
25.875	51.25	0.932154305703168	0.790156462738126	-0.00681942033600322	9.12627193386329	0.955900298707059
26.125	51.25	0.943066456680761	0.790996389373691	-0.00615274104354957	8.93658579942436	0.962993196842495
26.375	51.25	0.952408211966635	0.791776259820006	-0.00555056419480407	8.74540988246185	0.969065337778313
26.625	51.25	0.960381790400644	0.792497355673219	-0.00501079199652487	8.55294435524149	0.974248163760419
26.875	51.25	0.967165174995488	0.79316168286049	-0.00452948618139693	8.35936535655976	0.978657363747067
27.125	51.25	0.972914932230629	0.793771759391893	-0.00410171997078779	8.16482761606932	0.982394705949909
27.375	51.25	0.977768880289837	0.794330450684603	-0.00372217654336404	7.96946679185964	0.985549772188394
27.625	51.25	0.981848454699485	0.794840839867349	-0.00338554797568055	7.77340154188267	0.988201495554666
27.875	51.25	0.98526073114137	0.795306124742964	-0.00308678412619639	7.5767353625084	0.990419475241891
28.125	51.25	0.988100124586813	0.79572953591758	-0.00282123318802092	7.37955822936471	0.992265080981428
28.375	51.25	0.990449810578827	0.796114272332047	-0.00258470714647311	7.18194807204339	0.993792376876238
28.625	51.25	0.992382922024345	0.796463451420577	-0.00237349747794756	6.983972108543	0.995048899315824
28.875	51.25	0.993963572122437	0.796780071672518	-0.00218435970136189	6.78568805933433	0.996076321879584
29.125	51.25	0.995247746530135	0.797066985690287	-0.00201447999052538	6.58714525562142	0.996911035244588
29.375	51.25	0.996284098762191	0.797326882045957	-0.00186143289660096	6.38838565211543	0.997584664195424
29.625	51.25	0.997114673898423	0.797562274407577	-0.00172313613635779	6.18944475151266	0.998124538033975
29.875	51.25	0.997775577817929	0.797775496565329	-0.00159780617003334	5.99035244577309	0.998554125581654
30.125	51.25	0.998297602762524	0.797968702145887	-0.00148391672930659	5.79113377806206	0.998893441795641
30.375	51.25	0.998706815125406	0.798143867960893	-0.00138016139443276	5.59180962864797	0.999159429831514
30.625	51.25	0.999025107873106	0.798302800087832	-0.00128542062538583	5.39239732795361	0.999366320117519
30.875	51.25	0.99927071775961	0.798447141924518	-0.00119873321895123	5.19291120016728	0.999525966543747
31.125	51.25	0.999458706262131	0.798578383589197	-0.00111927191230099	4.99336304119118	0.999648159070385
31.375	51.25	0.999601402732944	0.798697872155644	-0.0010463227245606	4.79376253512645	0.999740911776413
31.625	51.25	0.999708808411446	0.7988068223159	-0.000979267578433635	4.59411761388409	0.99981072546744
31.875	51.25	0.999788960494996	0.798906327152506	-0.000917569744151165	4.39443476481159	0.999862824321747
32.125	51.25	0.999848256273116	0.79899736877472	-0.000860761677527363	4.19471929140036	0.999901366577525
32.375	51.25	0.999891738243402	0.799080828627428	-0.000808434868999842	3.99497553217167	0.999929629858211
32.625	51.25	0.999923341984362	0.799157497316574	-0.000760231372533373	3.7952070427314	0.999950172289835
32.875	51.25	0.999946109159922	0.799228083818597	-0.00071583673481333	3.59541674576136	0.999964970953949
33.125	51.25	0.999962368177038	0.799293223972369	-0.000674974090532402	3.39560705342787	0.999975539315075
33.375	51.25	0.9999738846578	0.799353488220788	-0.00063739922255833	3.19577996640225	0.99998302502757
33.625	51.25	0.999981983327315	0.799409388697723	-0.000602896403841244	2.99593715345261	0.999988289162755
33.875	51.25	0.999987642993827	0.799461385924269	-0.000571274846355024	2.7960800153556	0.999991967945987
34.125	51.25	0.999991568210114	0.799509895480978	-0.000542365599681178	2.5962097365334	0.999994519336574
34.375	51.25	0.999994245701249	0.799555294861742	-0.000516018798607534	2.39632732705884	0.999996259705812
34.625	51.25	0.999995999459242	0.799597930086603	-0.000492101280894061	2.19643365623759	0.999997399648508
34.875	51.25	0.999997060651582	0.799638120576427	-0.000470494768189313	1.99652947701427	0.999998089423528
35.125	51.25	0.999997658765415	0.799676159841571	-0.000451094924107888	1.79661543896588	0.99999847819752
35.375	51.25	0.999998111170804	0.799712310015713	-0.0004338114733739	1.59669208868522	0.999998772261023
35.625	51.25	0.999998843009111	0.799746791836759	-0.000418568962847388	1.39675986223188	0.999999247955922
35.875	51.25	1.00000023553981	0.79977977897166	-0.00040530664940244	1.19681908535291	1.00000015310087
36.125	51.25	1.00000223565902	0.799811413870991	-0.000393974927012845	0.996870008186618	1.00000145317837
36.375	51.25	1.00000382757645	0.799841863498561	-0.000384525935421751	0.796912899061588	1.00000248792469
36.625	51.25	1.00000278045533	0.799871414912569	-0.000376899266653623	0.596948188695548	1.00000180729596
36.875	51.25	0.999996402433326	0.79990056841847	-0.000371010909370496	0.396976581852306	0.999997661581662
37.125	51.25	0.999983988504681	0.799933981467907	-0.000366762897414317	0.196998958970139	0.999989592528043
37.375	51.25	0.999970739417722	0.399950009737121	-0.000364288068116523	-0.00298613830302462	0.999980980621519
0.125	51.75	-3.77286757667105e-12	0.399998144280713	0.000104847231111314	18.0167836242109	0.349999999997548
0.375	51.75	-5.72897821641512e-12	0.79999442427647	0.000105259020521075	17.9467839489725	0.349999999996276
0.625	51.75	-7.5351134170144e-12	0.799990678514117	0.0001060841572826	17.8767845999947	0.349999999995102
0.875	51.75	-6.58127381782366e-12	0.799986889640699	0.000107325764426082	17.8067855802858	0.349999999995722
1.125	51.75	1.98604983244824e-13	0.799983040031731	0.00010898854468505	17.7367868943812	0.350000000000129
1.375	51.75	1.55555661858061e-11	0.799979111678582	0.0001110788022211	17.6667885483727	0.350000000010111
1.625	51.75	4.05171218037537e-11	0.79997508607363	0.000113604472211646	17.5967905499466	0.350000000026336
1.875	51.75	7.25692618318855e-11	0.799970944091136	0.000116575158160993	17.5267929084333	0.35000000004717
2.125	51.75	1.03882452472063e-10	0.799966665863227	0.000120002177516133	17.4567956348668	0.350000000067524
2.375	51.75	1.20257595337794e-10	0.79996223064914	0.000123898615764128	17.3867987420563	0.350000000078167
2.625	51.75	1.01599570663099e-10	0.799957616697845	0.000128279389834902	17.3168022446693	0.35000000006604
2.875	51.75	2.46947998484507e-11	0.799952801100848	0.000133161321109584	17.2468061593266	0.350000000016052
3.125	51.75	-1.31161705732186e-10	0.799947759636169	0.000138563218979462	17.1768105047107	0.349999999914745
3.375	51.75	-3.75578439504468e-10	0.79994246659939	0.000144505975766339	17.1068153016868	0.349999999755874
3.625	51.75	-6.96042919426768e-10	0.799936894622106	0.000151012673666487	17.0368205734379	0.349999999547572
3.875	51.75	-1.0458443582269e-09	0.799931014474883	0.000158108705442273	16.9668263456157	0.349999999320201
4.125	51.75	-1.33343894576514e-09	0.799924794853388	0.000165821909587315	16.8968326465063	0.349999999133265
4.375	51.75	-1.41706770091219e-09	0.799918202144393	0.00017418272189838	16.8268395072155	0.349999999078906
4.625	51.75	-1.10971074695941e-09	0.799911200171114	0.000183224345059389	16.7568469618752	0.349999999278688
4.875	51.75	-2.00192692663255e-10	0.799903749914451	0.000192982938433624	16.6868550478736	0.349999999869875
5.125	51.75	1.50424658784092e-09	0.799895809207873	0.000203497830586878	16.6168638061157	0.35000000097776
5.375	51.75	4.11097814692721e-09	0.799887332404189	0.000214811757070777	16.5468732813191	0.350000002672136
5.625	51.75	7.5522538654384e-09	0.799878270009994	0.000226971127171529	16.4768835223491	0.350000004908965
5.875	51.75	1.14810248459497e-08	0.799868568285005	0.000240026322883428	16.4068945826021	0.350000007462666
6.125	51.75	1.51687519412471e-08	0.799858168800939	0.000254032034665386	16.3369065204385	0.350000009859689
6.375	51.75	1.74302900689974e-08	0.799847007954198	0.000269047638743538	16.2669193996688	0.350000011329688
6.625	51.75	1.66087494891568e-08	0.799835016425548	0.000285137621627518	16.1969332900923	0.350000010795687
6.875	51.75	1.06586490152858e-08	0.799822118577744	0.000302372058256323	16.1269482680811	0.350000006928122
7.125	51.75	-2.63308958353375e-09	0.799808231781001	0.000320827151482576	16.0569644172026	0.349999998288492
7.375	51.75	-2.52534895659997e-08	0.7997932656545	0.000340585841560834	15.9869818288643	0.349999983585232
7.625	51.75	-5.83747400946953e-08	0.799777121210015	0.00036173849583331	15.9170006029668	0.349999962056419
7.875	51.75	-1.01569152560281e-07	0.799759689882363	0.000384383690910636	15.8470208485451	0.349999933980051
8.125	51.75	-1.5185804596017e-07	0.799740852429488	0.000408629101929874	15.7770426843871	0.34999990129227
8.375	51.75	-2.02666698917983e-07	0.799720477683435	0.000434592516542172	15.7070662396211	0.349999868266646
8.625	51.75	-2.42810219537677e-07	0.799698421131951	0.000462402995689106	15.6370916542802	0.349999842173357
8.875	51.75	-2.55698205972671e-07	0.799674523308707	0.00049220220871002	15.5671190798752	0.349999833796166
9.125	51.75	-2.19017944548493e-07	0.799648607970856	0.000524145977708799	15.4971486800345	0.349999857638336
9.375	51.75	-1.05233470298692e-07	0.799620480041264	0.000558406076639224	15.4271806313131	0.349999931598244
9.625	51.75	1.16684828822028e-07	0.799589923297105	0.000595172343552434	15.3572151243232	0.350000075845139
9.875	51.75	4.7781840221659e-07	0.799556697789852	0.000634655182377046	15.2872523653979	0.350000310581961
10.125	51.75	1.00362430779731e-06	0.799520536991176	0.000677088553385486	15.2172925790674	0.3500006523558
10.375	51.75	1.70551176998622e-06	0.79948114467136	0.000722733579828482	15.1473360116978	0.35000110858265
10.625	51.75	2.56925021626141e-06	0.799438191534995	0.000771882934037185	15.0773829367027	0.350001670012641
10.875	51.75	3.54000165258051e-06	0.799391311661003	0.000824866208030313	15.0074336617816	0.350002301001074
11.125	51.75	4.50415450233595e-06	0.799340098822926	0.000882056522915606	14.9374885386415	0.350002927700426
11.375	51.75	5.26874065038479e-06	0.799284102797428	0.000943878685740025	14.8675479755953	0.350003424681423
11.625	51.75	5.54008900884567e-06	0.799222825807248	0.00101081926079659	14.7976124532706	0.350003601057856
11.875	51.75	4.90454141194636e-06	0.799155719285289	0.0010834389800569	14.7276825433653	0.350003187951918
12.125	51.75	2.81554039174022e-06	0.799082181194255	0.00116238797018954	14.6577589299168	0.350001830101255
12.375	51.75	-1.40683173753587e-06	0.799001554188916	0.00124842431246723	14.5878424318591	0.349999085559371
12.625	51.75	-8.55579866739165e-06	0.79891312497609	0.00134243646637251	14.5179340247056	0.349994438730866
12.875	51.75	-1.94871841859233e-05	0.798816125314023	0.00144547006288388	14.448034857976	0.349987333330279
13.125	51.75	-3.50259401818226e-05	0.798709735212934	0.0015587594887181	14.3781462634995	0.349977233138882
13.375	51.75	-5.58161464005377e-05	0.798593089068518	0.00168376451091736	14.3082697479776	0.34996371950484
13.625	51.75	-8.2099673840063e-05	0.798465285692487	0.00182221189703148	14.2384069612506	0.349946635212004
13.875	51.75	-0.000113408541897319	0.798325403521332	0.00197614152144974	14.1685596296649	0.349926284447767
14.125	51.75	-0.00014815697824769	0.798172522692799	0.00214795575427919	14.0987294419097	0.349903697964139
14.375	51.75	-0.000183121496133838	0.798005756179942	0.00234046992991479	14.0289178728493	0.349880971027513
14.625	51.75	-0.000212801004429554	0.797824292740735	0.0025569603001204	13.9591259293787	0.349861679347121
14.875	51.75	-0.000228653967511595	0.797627455022655	0.00280120399058603	13.8893538013699	0.349851374921117
15.125	51.75	-0.00021821564604335	0.797414776654875	0.00307750300361484	13.8196004004991	0.349858159830072
15.375	51.75	-0.000164104981279423	0.797186102406109	0.00339068116160722	13.7498627702748	0.349893331762168
15.625	51.75	-4.29370491487756e-05	0.796941715257525	0.00374603904110811	13.6801353519627	0.349972090918053
15.875	51.75	0.000175837621288623	0.796682493233028	0.00414924748162476	13.6104090933001	0.350114294453838
16.125	51.75	0.000531142087467988	0.796410096676009	0.0046061554175389	13.5406703897674	0.350345242356854
16.375	51.75	0.0010715048639908	0.796127182944546	0.00512248309330031	13.4708998515273	0.350696478161594
16.625	51.75	0.00185629176840119	0.79583763981258	0.00570336807186362	13.4010708926316	0.351206589649461
16.875	51.75	0.00295692138265736	0.795546820904632	0.00635273021096876	13.3311481423957	0.351921998898727
17.125	51.75	0.00445805809793965	0.795261756192353	0.0070724249070342	13.2610856815733	0.352897737763661
17.375	51.75	0.00645879035145122	0.794991298325048	0.00786116392462974	13.1908251078046	0.354198213728443
17.625	51.75	0.00907381741971316	0.794746152417676	0.00871320304835885	13.1202934355325	0.355897981322814
17.875	51.75	0.0124346838500684	0.794538724907493	0.00961682877791548	13.0494008351179	0.358082544502544
18.125	51.75	0.0166911126856216	0.794382719408885	0.0105527250561999	12.9780382144592	0.360849223245654
18.375	51.75	0.0220124911430996	0.794292408560181	0.0114923668921375	12.9060746447042	0.364308119243015
18.625	51.75	0.028589545724416	0.794281526046769	0.0123966692557168	12.8333546310687	0.36858320472087
18.875	51.75	0.0366361927317799	0.794361757901613	0.0132152107334766	12.7596952330517	0.373813525275657
19.125	51.75	0.0463914422246785	0.794540871324768	0.0138864392179129	12.6848830502114	0.380154437446041
19.375	51.75	0.0581210378886972	0.794820604110442	0.014339328907454	12.6086711179283	0.387778674627653
19.625	51.75	0.0721181964883658	0.79519454443388	0.0144969595007756	12.5307758140609	0.396876827717438
19.875	51.75	0.0887023399917127	0.795646347489308	0.0142823818525805	12.450873978112	0.407656520994613
20.125	51.75	0.108214096562571	0.79614874032844	0.0136268628284022	12.3686006076233	0.420339162765671
20.375	51.75	0.131004170475056	0.796663825150093	0.0124801169186333	12.2835477354619	0.435152710808787
20.625	51.75	0.157413179259329	0.797145157373795	0.0108214301304454	12.1952654012014	0.452318566518564
20.875	51.75	0.187739666025977	0.797541892178179	0.00866976385765554	12.1032659635037	0.472030782916885
21.125	51.75	0.222194839441574	0.797804912438278	0.00609025372826438	12.0070332451925	0.494426645637023
21.375	51.75	0.26084578691535	0.797894267548751	0.00319440157676056	11.9060379664519	0.519549761494977
21.625	51.75	0.303554084249951	0.79778656844951	0.000132106325331769	11.7997603637856	0.547310154762468
21.875	51.75	0.349922877365165	0.797480459325694	-0.00292440113849076	11.6877196286534	0.577449870287357
22.125	51.75	0.399270041156387	0.796998297914768	-0.00580213987539255	11.5695078777894	0.609525526751651
22.375	51.75	0.450644294854692	0.79638300892327	-0.00834981899248619	11.4448242334969	0.64291879165555
22.625	51.75	0.502892566931539	0.795690611081012	-0.010455908719489	11.3135030860745	0.6768801685055
22.875	51.75	0.554771645768275	0.794980502617615	-0.0120584648527036	11.1755306459142	0.710601569749379
23.125	51.75	0.605081266882971	0.794306346973589	-0.0131454930471006	11.0310459001157	0.743302823473931
23.375	51.75	0.652787387046829	0.793709877138781	-0.013747373706834	10.8803255820133	0.774311801580439
23.625	51.75	0.697108226228732	0.793218495082879	-0.0139245753683259	10.7237564496941	0.803120347048676
23.875	51.75	0.737549521000123	0.792846072434637	-0.0137541797726521	10.5618006382329	0.82940718865008
24.125	51.75	0.77389187164631	0.792595581545185	-0.0133179498269105	10.3949603471663	0.853029716570101
24.375	51.75	0.806144688190307	0.79246222207366	-0.0126934301697659	10.2237468602465	0.873994047323699
24.625	51.75	0.83448491390133	0.79243620385524	-0.0119484284647495	10.0486567295919	0.892415194035865
24.875	51.75	0.859195850729106	0.79250487720873	-0.0111384627700891	9.87015582144008	0.908477302973919
25.125	51.75	0.880615559114743	0.792654238270579	-0.0103064087956991	9.68867039903629	0.922400113424583
25.375	51.75	0.899098570321256	0.792869962171857	-0.00948353765703252	9.50458365861193	0.934414070708817
25.625	51.75	0.914990627943584	0.793138113648012	-0.00869126409614668	9.31823599205035	0.944743908163329
25.875	51.75	0.928614104013245	0.793445637310165	-0.00794311612197061	9.12992747611884	0.95359916760861
26.125	51.75	0.940261140659	0.793780685937568	-0.00724662102879739	8.93992146116518	0.96116974142835
26.375	51.75	0.950191820746	0.794132819263854	-0.00660494841574464	8.74844850720215	0.9676246834849
26.625	51.75	0.958635268099749	0.794493095212922	-0.00601825130458982	8.55571022229654	0.973112924264837
26.875	51.75	0.965792215311576	0.794854073276867	-0.00548470748756309	8.36188277835737	0.977764939952524
27.125	51.75	0.971838113107632	0.795209749997589	-0.00500129495141732	8.16712002112555	0.981694773519961
27.375	51.75	0.976926250064657	0.795555446314971	-0.00456434759722951	7.97155617279991	0.985002062542027
27.625	51.75	0.981190615925234	0.795887664973891	-0.00416993846235363	7.77530816627062	0.987773900351402
27.875	51.75	0.98474840488515	0.796203933446389	-0.00381413282590245	7.57847766491037	0.990086463175347
28.125	51.75	0.987702147339764	0.796502644499396	-0.00349314646157737	7.38115282248755	0.992006395770847
28.375	51.75	0.990141504662866	0.796782903174712	-0.00320343689828477	7.18340983136436	0.993591978030863
28.625	51.75	0.992144779828419	0.797044385925189	-0.00294174885946822	6.98531429817459	0.994894106888472
28.875	51.75	0.993780199279423	0.797287215162124	-0.00270512946668347	6.78692247710887	0.995957129531625
29.125	51.75	0.995107016109795	0.797511850565984	-0.00249092436497644	6.58828238297581	0.996819560471367
29.375	51.75	0.996176475972919	0.797718997155802	-0.00229676254697591	6.38943479981587	0.997514709382397
29.625	51.75	0.997032677781558	0.797909529218685	-0.00212053514725357	6.19041419606539	0.998071240558013
29.875	51.75	0.997713352598132	0.798084428671072	-0.0019603716682655	5.99124955393768	0.998513679188786
30.125	51.75	0.998250576773859	0.798244736162791	-0.00181461582142222	5.7919651185561	0.998862874903009
30.375	51.75	0.998671429593216	0.798391513162311	-0.00168180228617755	5.5925810711689	0.99913642923559
30.625	51.75	0.998998601389141	0.798525813311985	-0.00156063509819339	5.39311413024301	0.999349090902941
30.875	51.75	0.999250955157207	0.79864866146596	-0.00144996799212543	5.1935780841503	0.999513120852185
31.125	51.75	0.999444042895254	0.798761038987049	-0.00134878678290511	4.99398425934284	0.999638627881915
31.375	51.75	0.999590576993057	0.798863874057657	-0.00125619372595734	4.79434192821966	0.999733875045487
31.625	51.75	0.999700856770302	0.798958035939504	-0.00117139371886473	4.59465866121101	0.999805556900696
31.875	51.75	0.999783150514176	0.79904433228613	-0.0010936821713823	4.394940627873	0.999859047834214
32.125	51.75	0.999844033932676	0.799123508763929	-0.00102243436196639	4.19519285194778	0.999898622056239
32.375	51.75	0.999888686660384	0.799196250365644	-0.000957096106698997	3.99541942537809	0.999927646329249
32.625	51.75	0.999921149158879	0.799263183902566	-0.000897175583482326	3.79562368616512	0.999948746953271
32.875	51.75	0.999944542842257	0.799324881245095	-0.000842236174687664	3.59580836474803	0.999963952847467
33.125	51.75	0.999961256335078	0.799381862962899	-0.000791890208700023	3.39597570330716	0.999974816617801
33.375	51.75	0.999973100377007	0.799434602125677	-0.000745793488439586	3.19612755211365	0.999982515245055
33.625	51.75	0.999981433309446	0.79948352818471	-0.000703640489774946	2.99626544681378	0.99998793165114
33.875	51.75	0.999987259100734	0.799529031046631	-0.000665160100426445	2.79639067032308	0.999991718415477
34.125	51.75	0.999991301624799	0.7995714655751	-0.000630111772091228	2.59650430266596	0.999994346056119
34.375	51.75	0.9999940631142	0.799611156626818	-0.000598282010610195	2.3966072613616	0.99999614102423
34.625	51.75	0.99999588017642	0.799648404152463	-0.000569481261406241	2.19670033358658	0.999997322114673
34.875	51.75	0.999996992877399	0.799683486889495	-0.000543541442191219	1.99678419947456	0.99999804537031
35.125	51.75	0.999997633208207	0.799716662280573	-0.000520314512988259	1.79685944449281	0.999998461585335
35.375	51.75	0.999998111601537	0.799748160705497	-0.000499672316221865	1.59692655979809	0.999998772540999
35.625	51.75	0.999998837293642	0.799778175494217	-0.000481507201309081	1.39698593501266	0.999999244240867
35.875	51.75	1.00000017624395	0.799806857102493	-0.000465731641404527	1.19703785827901	1.00000011455857
36.125	51.75	1.00000208281229	0.799834327706362	-0.000452273763878751	0.997082548877138	1.00000135382799
36.375	51.75	1.00000360037536	0.799860733617076	-0.000441065973770984	0.797120245729943	1.00000234024398
36.625	51.75	1.00000262201934	0.799886335573866	-0.000432027734964831	0.597151343649181	1.00000170431257
36.875	51.75	0.999996602417669	0.799911596757574	-0.00042505219098998	0.397176498942799	0.999997791571485
37.125	51.75	0.999984872189305	0.799940912650892	-0.000420017468382411	0.197196536606662	0.999990166923048
37.375	51.75	0.999972345470401	0.399953810133382	-0.00041707964030795	-0.00278992672188946	0.99998202455576
0.125	52.25	-3.7611452073991e-12	0.399998573206516	0.000111412252931858	18.0167646273438	0.349999999997555
0.375	52.25	-5.71667232149149e-12	0.799995712719653	0.000111854983581599	17.9467648770441	0.349999999996284
0.625	52.25	-7.52901450151768e-12	0.799992831480144	0.000112742202317444	17.8767653776522	0.349999999995106
0.875	52.25	-6.59511341224015e-12	0.799989915498994	0.000114077432787121	17.8067661315919	0.349999999995713
1.125	52.25	1.47047153895394e-13	0.799986950556698	0.000115865982687892	17.7367671425184	0.350000000000096
1.375	52.25	1.54511249266072e-11	0.799983922107252	0.000118114970660902	17.6667684153432	0.350000000010043
1.625	52.25	4.03576079930247e-11	0.799980815180861	0.000120833362450581	17.5967699562666	0.350000000026232
1.875	52.25	7.23776497050781e-11	0.799977614282971	0.000124032016800084	17.5267717728193	0.350000000047045
2.125	52.25	1.03717525871908e-10	0.79997430328891	0.000127723741499382	17.4567738739138	0.350000000067416
2.375	52.25	1.20219501314451e-10	0.799970865333815	0.000131923360049699	17.3867762699049	0.350000000078143
2.625	52.25	1.01828212170986e-10	0.799967282695861	0.000136647789505673	17.31677897266	0.350000000066188
2.875	52.25	2.53606911115743e-11	0.799963536672656	0.000141916130607113	17.2467819956404	0.350000000016484
3.125	52.25	-1.29875935807852e-10	0.79995960744947	0.000147749770635692	17.1767853539925	0.349999999915581
3.375	52.25	-3.73514896719956e-10	0.799955473957287	0.000154172500399903	17.1067890646506	0.349999999757215
3.625	52.25	-6.93142997925032e-10	0.799951113720264	0.000161210646502549	17.0367931464508	0.349999999549457
3.875	52.25	-1.04228394607494e-09	0.799946502691354	0.000168893220180622	16.9667976202574	0.349999999322515
4.125	52.25	-1.32983117403827e-09	0.799941615072916	0.000177252084543011	16.8968025091026	0.34999999913561
4.375	52.25	-1.41469844075594e-09	0.799936423122842	0.000186322142020202	16.8268078383416	0.349999999080446
4.625	52.25	-1.11071479952157e-09	0.799930896942754	0.000196141544260634	16.7568136358249	0.349999999278035
4.875	52.25	-2.07531979539033e-10	0.79992500424823	0.000206751927349332	16.6868199320916	0.349999999865104
5.125	52.25	1.48714900300487e-09	0.799918710117848	0.000218198674956553	16.6168267605872	0.350000000966647
5.375	52.25	4.08105240810274e-09	0.799911976721289	0.000230531213463169	16.546834157912	0.350000002652684
5.625	52.25	7.50807475358657e-09	0.799904763022869	0.00024380334258708	16.4768421641041	0.350000004880249
5.875	52.25	1.14245263928074e-08	0.799897024459048	0.000258073606416771	16.4068508229621	0.350000007425942
6.125	52.25	1.51072342544453e-08	0.799888712586065	0.000273405709836704	16.3368601824121	0.350000009819702
6.375	52.25	1.73785055615529e-08	0.799879774694065	0.000289868986456059	16.2668702949184	0.350000011296029
6.625	52.25	1.65907459215774e-08	0.799870153381923	0.000307538924647204	16.1968812179374	0.350000010783985
6.875	52.25	1.07088877719476e-08	0.799859786087337	0.000326497760175875	16.1268930144071	0.350000006960777
7.125	52.25	-2.47004075162005e-09	0.799848604564211	0.000346835143514057	16.0569057532613	0.349999998394474
7.375	52.25	-2.49256678410781e-08	0.799836534298841	0.000368648893283649	15.9869195099536	0.349999983798316
7.625	52.25	-5.78292004889621e-08	0.799823493855773	0.000392045847059693	15.9169343669722	0.34999996241102
7.875	52.25	-1.00763699278802e-07	0.799809394142596	0.000417142824173224	15.8469504143264	0.349999934503596
8.125	52.25	-1.50780139449547e-07	0.799794137582864	0.0004440677166699	15.776967749987	0.349999901992909
8.375	52.25	-2.01361421368031e-07	0.799777617185862	0.000472960728332503	15.7069864802724	0.349999869115076
8.625	52.25	-2.41418781646762e-07	0.799759715501798	0.000503975785189935	15.6370067201827	0.349999843077792
8.875	52.25	-2.54507355071341e-07	0.799740303452546	0.000537282146410698	15.5670285937079	0.349999834570219
9.125	52.25	-2.18518408130389e-07	0.799719239029021	0.000573066251446602	15.4970522341625	0.349999857963035
9.375	52.25	-1.06181804270078e-07	0.799696365851244	0.000611533847998481	15.4270777846422	0.349999930981827
9.625	52.25	1.13212346165341e-07	0.799671511592363	0.000652912457500483	15.3571053987418	0.350000073588025
9.875	52.25	4.70399182301028e-07	0.799644486278927	0.000697454249905335	15.2871352417348	0.350000305759468
10.125	52.25	9.9051978494962e-07	0.79961508049435	0.000745439418965464	15.2171674924768	0.35000064383786
10.375	52.25	1.6847962795867e-06	0.799583063534054	0.000797180172620253	15.1472023463601	0.350001095117582
10.625	52.25	2.53909244104922e-06	0.799548181589129	0.000853025481110576	15.0772400197035	0.350001650410087
10.875	52.25	3.4991629025889e-06	0.799510156072793	0.000913366757440856	15.0072807559967	0.350002274455887
11.125	52.25	4.45277202943796e-06	0.799468682250663	0.00097864467891212	14.9373248344144	0.350002894301819
11.375	52.25	5.20945563074576e-06	0.799423428391571	0.00104935739209756	14.8673725809441	0.35000338614616
11.625	52.25	5.47954905548145e-06	0.79937403572274	0.00112607037419851	14.7974243823022	0.350003561706886
11.875	52.25	4.85524485247735e-06	0.799320119551259	0.00120942824272376	14.7274807025099	0.350003155909154
12.125	52.25	2.79787904073229e-06	0.799261272004414	0.00130016880785228	14.657542101523	0.350001818621376
12.375	52.25	-1.36265172384634e-06	0.799197066947993	0.00139913963505877	14.5876092546147	0.349999114276379
12.625	52.25	-8.40854482380258e-06	0.799127067769833	0.0015073173186916	14.5176829702741	0.349994534445864
12.875	52.25	-1.91850645848556e-05	0.799050838870422	0.00162582954153373	14.4477642031763	0.34998752970802
13.125	52.25	-3.45102495841982e-05	0.798967961895326	0.00175597979512203	14.3778540573091	0.34997756833777
13.375	52.25	-5.5030305586678e-05	0.798878057983616	0.00189927433451675	14.3079537726282	0.349964230301369
13.625	52.25	-8.10068108204755e-05	0.79878081760395	0.00205745051496355	14.2380646867263	0.349947345572967
13.875	52.25	-0.000112021960776713	0.798676039906749	0.00223250507512003	14.1681881610296	0.349927185725495
14.125	52.25	-0.000146589361684251	0.798563683934621	0.00242672015957287	14.0983254591198	0.349904716914905
14.375	52.25	-0.000181660527892754	0.798443934476494	0.00264268387620408	14.0284775630776	0.34988192065687
14.625	52.25	-0.000212021307548045	0.798317285768933	0.0028833009311694	13.9586449124487	0.349862186150094
14.875	52.25	-0.000229577841359714	0.798184646552011	0.00315178735076919	13.8888270497177	0.349850774403116
15.125	52.25	-0.000222538032151201	0.798047470021731	0.00345164148421987	13.8190221562204	0.349855350279102
15.375	52.25	-0.000174501325712947	0.797907911782659	0.00378658141763	13.7492264633341	0.349886574138286
15.625	52.25	-6.34761201089377e-05	0.79776901770662	0.004160436717426	13.6794335256254	0.349958740521929
15.875	52.25	0.0001391505973133	0.797634941297688	0.00457698025081976	13.6096333453478	0.350090447888254
16.125	52.25	0.000469663766457569	0.797511186351535	0.00503968403116745	13.539811341124	0.350305281448197
16.375	52.25	0.000973063578751451	0.797404864966263	0.00555138210793165	13.4699471575563	0.350632491326188
16.625	52.25	0.00170407874662068	0.797324952964397	0.00611382417962352	13.4000133165144	0.351107651185303
16.875	52.25	0.00272813623601259	0.797282514350304	0.00672710679321535	13.3299737145015	0.351773288553408
17.125	52.25	0.0041222885931877	0.797290853705545	0.00738897585247242	13.2597819732968	0.352679487585572
17.375	52.25	0.0059761196976234	0.797365541112624	0.00809400595410916	13.1893796525014	0.353884477803455
17.625	52.25	0.00839267375522494	0.797524239738591	0.0088326800227806	13.1186943322048	0.355455237940896
17.875	52.25	0.0114894788446017	0.797786254034754	0.00959041772514209	13.0476375713889	0.357468161248991
18.125	52.25	0.0153997620759993	0.798171710180271	0.0103466334312052	12.9761027427625	0.3600098453494
18.375	52.25	0.0202739727024793	0.798700284618525	0.0110739431594619	12.9039627377535	0.363178082256612
18.625	52.25	0.0262817326648247	0.799389416935533	0.0117376824780933	12.8310675274065	0.367083126232136
18.875	52.25	0.0336143052950424	0.800251985931038	0.0122959390714003	12.7572415582601	0.371849298441777
19.125	52.25	0.0424875879087924	0.801293498074851	0.0127003371298313	12.6822809614301	0.377616932140715
19.375	52.25	0.0531454580205484	0.80250893941707	0.0128978246164338	12.6059505659958	0.384544547713356
19.625	52.25	0.0658629918885413	0.803879575688247	0.0128336923668947	12.5279807470396	0.392810944727552
19.875	52.25	0.0809485833605562	0.805370144829339	0.0124559728697316	12.4480642226144	0.402616579184361
20.125	52.25	0.0987432981248411	0.80692705488338	0.0117211972174358	12.3658530653491	0.414183143781147
20.375	52.25	0.119614948330468	0.808478343457741	0.0106012022846995	12.280956435348	0.427749716414804
20.625	52.25	0.14394354759606	0.809936210470366	0.00909026766397543	12.1929398795175	0.443563305937439
20.875	52.25	0.172094408087469	0.811202806643225	0.00721137033920236	12.101327449375	0.461861365256855
21.125	52.25	0.204375829970998	0.81217952627056	0.00501992048950087	12.0056082675992	0.482844289481149
21.375	52.25	0.240980919769558	0.812779226738241	0.00260324070564993	11.905249332628	0.506637597850212
21.625	52.25	0.281918121881422	0.812939638578572	7.45616575905794e-05	11.7997160169675	0.533246779222924
21.875	52.25	0.32694213875247	0.812635076564244	-0.00243844641718733	11.6885006180441	0.562512390189105
22.125	52.25	0.375503857616765	0.811883043965164	-0.00480887213220004	11.5711573753116	0.594077507450897
22.375	52.25	0.42674067479539	0.810743087317193	-0.0069262696251683	11.4473398990942	0.627381438617003
22.625	52.25	0.479523016640225	0.809307440998952	-0.00870919556710871	11.3168348023387	0.661689960816146
22.875	52.25	0.532557842256226	0.807685812797061	-0.0101118378379885	11.1795846045884	0.696162597466547
23.125	52.25	0.584530296721077	0.805988663924636	-0.011123930429831	11.0356944863228	0.7299446928687
23.375	52.25	0.63424994241598	0.804313408500289	-0.0117651413527096	10.8854210421136	0.762262462570387
23.625	52.25	0.680766380391709	0.802736181075062	-0.0120763230302109	10.7291455387261	0.792498147254611
23.875	52.25	0.723431444090454	0.801309393376192	-0.0121101443203333	10.5673375868389	0.820230438658795
24.125	52.25	0.761904334754733	0.800063546660931	-0.0119229645985153	10.4005163746597	0.845237817590577
24.375	52.25	0.796112373970078	0.799011237055678	-0.0115688775621217	10.2292156180189	0.867473043080551
24.625	52.25	0.826187596578714	0.798151693373531	-0.011096055118112	10.0539560349337	0.887021937776164
24.875	52.25	0.852398261071835	0.797474906047468	-0.0105450349812224	9.87522660272899	0.904058869696692
25.125	52.25	0.875088282123306	0.796964999467033	-0.00994840637650996	9.69347392004157	0.918807383380149
25.375	52.25	0.894630682034838	0.796602831322537	-0.00933135901393589	9.50909795664452	0.931509943322644
25.625	52.25	0.911395880004907	0.796367926444757	-0.00871266848754137	9.32245220834756	0.94240732200319
25.875	52.25	0.925732663627903	0.796239869917715	-0.00810582332507268	9.13384649224396	0.951726231358137
26.125	52.25	0.93795861262497	0.796199266943988	-0.00752011576982669	8.9435510416743	0.959673098206231
26.375	52.25	0.948356834406124	0.796228357533449	-0.00696160563083057	8.75180100286025	0.96643194236398
26.625	52.25	0.957176484013856	0.796311360392205	-0.00643392398745391	8.55880080248827	0.972164714609007
26.875	52.25	0.96463526717233	0.796434610792601	-0.0059389170570996	8.36472812016033	0.977012923662015
27.125	52.25	0.970922761829191	0.79658654886195	-0.0054771473077058	8.16973736983553	0.981099795188974
27.375	52.25	0.976203873768267	0.796757606157361	-0.00504827516138922	7.97396269198824	0.984532517949374
27.625	52.25	0.980622069085949	0.796940029462156	-0.00465134500110964	7.77752050620935	0.987404344905867
27.875	52.25	0.984302231395189	0.797127671953289	-0.00428499669950899	7.58051169128376	0.989796450406873
28.125	52.25	0.987353109759129	0.797315773848872	-0.00394762035928267	7.3830234599665	0.991779521343434
28.375	52.25	0.98986938447855	0.797500747764886	-0.00363746836733511	7.18513098761421	0.993415099911057
28.625	52.25	0.99193340409119	0.797679978465597	-0.00335273567625905	6.98689884282506	0.994756712659274
28.875	52.25	0.993616653293028	0.797851642461106	-0.00309161659050687	6.78838225721109	0.995850824640468
29.125	52.25	0.99498100750983	0.798014549843214	-0.00285234425112022	6.5896282617728	0.996737654881389
29.375	52.25	0.996079821286218	0.798168008655404	-0.00263321741376513	6.39067670957852	0.997451883836041
29.625	52.25	0.996958887803997	0.798311710753269	-0.00243261791153578	6.19156119860166	0.998023277072598
29.875	52.25	0.997657297444082	0.798445637333908	-0.00224902130035865	5.992309904429	0.998477243338654
30.125	52.25	0.998208215203239	0.79856998193334	-0.00208100252686645	5.79294632982292	0.998835339882105
30.375	52.25	0.998639590273873	0.798685088580265	-0.00192723797680289	5.59348997648094	0.999115733678017
30.625	52.25	0.998974806200442	0.798791402854859	-0.00178650491016388	5.39395694349157	0.999333624030287
30.875	52.25	0.999233276589469	0.798889433761818	-0.00165767903231584	5.19436045668222	0.999501629783155
31.125	52.25	0.999430989145531	0.798979724539564	-0.00153973076240619	4.99471133308301	0.999630142944595
31.375	52.25	0.999580999584289	0.799062830759696	-0.00143172062211664	4.79501838492994	0.999727649729788
31.625	52.25	0.999693876495951	0.799139304302533	-0.00133279406523273	4.59528876788037	0.999801019722368
31.875	52.25	0.99977809828786	0.799209682012668	-0.00124217599197928	4.39552827832987	0.999855763887109
32.125	52.25	0.99984040374236	0.799274478034239	-0.00115916513473203	4.19574160484844	0.999896262432534
32.375	52.25	0.999886098321017	0.79933417899285	-0.00108312845912195	3.99593253876434	0.999925963908661
32.625	52.25	0.999919318953596	0.799389241328351	-0.00101349569331553	3.79610414881024	0.999947557319837
32.875	52.25	0.999943260470209	0.79944009019542	-0.000949754073901186	3.59625892452563	0.999963119305636
33.125	52.25	0.999960366878147	0.799487119455529	-0.000891443373973616	3.39639889282522	0.999974238470796
33.375	52.25	0.999972490289913	0.799530692411235	-0.000838151250599418	3.19652571185315	0.999982118688443
33.625	52.25	0.999981019736404	0.799571143103821	-0.000789508911153496	2.99664074599328	0.999987662828663
33.875	52.25	0.999986982080395	0.799608778192091	-0.000745187057362946	2.79674512567654	0.999991538352257
34.125	52.25	0.999991118842713	0.799643879562316	-0.000704892045907904	2.59683979528047	0.999994227247763
34.375	52.25	0.999993946637137	0.799676707712502	-0.000668362245017839	2.39692555170312	0.999996065314139
34.625	52.25	0.999995813983773	0.799707505427688	-0.000635364701565566	2.19700307489009	0.999997279089453
34.875	52.25	0.999996969236148	0.799736500332503	-0.000605692442427892	1.99707294982322	0.999998030003496
35.125	52.25	0.999997645789728	0.799763904074216	-0.000579162882004044	1.79713567812871	0.999998469763323
35.375	52.25	0.999998144931318	0.799789906310369	-0.000555617623513965	1.59719167833398	0.999998794205357
35.625	52.25	0.999998856617118	0.799814664829551	-0.000534923121734646	1.39724127894927	0.999999256801127
35.875	52.25	1.00000012837169	0.799838299601308	-0.000516970184886194	1.19728471826188	1.0000000834416
36.125	52.25	1.00000192260357	0.799860905937171	-0.000501668822846607	0.997322174470246	1.00000124969232
36.375	52.25	1.00000335085919	0.799882603063614	-0.000488935229400803	0.797353847983198	1.00000217805847
36.625	52.25	1.00000244987115	0.799903618244792	-0.000478672096564628	0.597380088358445	1.00000159241625
36.875	52.25	0.999996844734973	0.799924368764925	-0.000470753272354214	0.397401492789493	0.999997949077733
37.125	52.25	0.999985908101266	0.799948941715441	-0.000465036509718867	0.197418819656974	0.999990840265823
37.375	52.25	0.99997422137866	0.399958229515272	-0.000461697921075959	-0.00256922828224437	0.999983243896129
0.125	52.75	-3.74607930063697e-12	0.399999029741995	0.00011620635214482	18.0167446316782	0.349999999997565
0.375	52.75	-5.70494608646536e-12	0.799997084175231	0.000116672994382205	17.9467448014855	0.349999999996292
0.625	52.75	-7.53404611796862e-12	0.799995123412497	0.000117608200337707	17.8767451419839	0.349999999995103
0.875	52.75	-6.63911082434358e-12	0.799993137201535	0.000119015823219013	17.8067456549483	0.349999999995685
1.125	52.75	3.87163928808116e-14	0.799991115107761	0.00012090166825071	17.7367463430567	0.350000000000025
1.375	52.75	1.52615624515063e-11	0.799989046438534	0.000123273523682641	17.6667472099093	0.35000000000992
1.625	52.75	4.00956343900325e-11	0.799986920166536	0.000126141202280365	17.5967482600543	0.350000000026062
1.875	52.75	7.2097319684539e-11	0.799984724849975	0.000129516594027826	17.5267494990216	0.350000000046863
2.125	52.75	1.03533640425649e-10	0.799982448550227	0.000133413730531329	17.4567509333624	0.350000000067297
2.375	52.75	1.2031177473765e-10	0.799980078745095	0.000137848861468529	17.3867525706978	0.350000000078203
2.625	52.75	1.02428965629439e-10	0.799977602237663	0.000142840544120856	17.3167544197743	0.350000000066579
2.875	52.75	2.6725394655344e-11	0.799975005059984	0.000148409746589076	17.2467564905274	0.350000000017371
3.125	52.75	-1.27514197490497e-10	0.799972272370123	0.000154579966009559	17.1767587941541	0.349999999917116
3.375	52.75	-3.7001283038985e-10	0.799969388342542	0.000161377362648582	17.1067613431927	0.349999999759492
3.625	52.75	-6.88556843404716e-10	0.799966336050148	0.000168830911464094	17.0367641516122	0.349999999552438
3.875	52.75	-1.03705112153673e-09	0.799963097337519	0.000176972572813556	16.9667672349101	0.349999999325917
4.125	52.75	-1.32503624657937e-09	0.799959652684317	0.00018583748380657	16.8967706102205	0.349999999138726
4.375	52.75	-1.41238029721111e-09	0.799955981057016	0.000195464172933035	16.8267742964334	0.349999999081953
4.625	52.75	-1.11409024040336e-09	0.79995205974918	0.000205894800340046	16.7567783143275	0.349999999275841
4.875	52.75	-2.20942793762845e-10	0.799947864208711	0.000217175426279452	16.6867826867183	0.349999999856387
5.125	52.75	1.45876683587866e-09	0.799943367851206	0.000229356311833167	16.6167874386268	0.350000000948198
5.375	52.75	4.03331179668446e-09	0.799938541860014	0.00024249225521945	16.5467925974709	0.350000002621653
5.625	52.75	7.43891766639152e-09	0.799933354970951	0.000256642968273629	16.4767981932863	0.350000004835296
5.875	52.75	1.13365639084312e-08	0.799927773241423	0.000271873498268354	16.406804258979	0.350000007368767
6.125	52.75	1.50104931878713e-08	0.799921759802068	0.00028825470051623	16.3368108306126	0.350000009756821
6.375	52.75	1.72933516727733e-08	0.799915274588639	0.000305863768571506	16.2668179477314	0.350000011240679
6.625	52.75	1.6550633235472e-08	0.799908274051349	0.000324784829296021	16.1968256537138	0.350000010757912
6.875	52.75	1.07623892767557e-08	0.799900710837646	0.000345109611024378	16.1268339961502	0.350000006995553
7.125	52.75	-2.25874365419387e-09	0.799892533444446	0.000366938194702758	16.0568430272309	0.349999998531817
7.375	52.75	-2.44790178509898e-08	0.799883685834327	0.000390379858518376	15.9868528041278	0.349999984088638
7.625	52.75	-5.70628243910964e-08	0.799874107011481	0.000415554028717032	15.9168633893489	0.349999962909164
7.875	52.75	-9.95993609195255e-08	0.799863730550678	0.000442591350505696	15.8468748510432	0.349999935260415
8.125	52.75	-1.49167579515109e-07	0.799852484075168	0.000471634895543383	15.7768872632362	0.349999903041073
8.375	52.75	-1.99311849177684e-07	0.799840288679026	0.000502841524849402	15.7069007059831	0.349999870447298
8.625	52.75	-2.39052692856943e-07	0.799827058290503	0.000536383429327163	15.63691526544	0.34999984461575
8.875	52.75	-2.52118592611545e-07	0.799812698976593	0.000572449874473737	15.5669310338705	0.349999836122915
9.125	52.75	-2.16654561666698e-07	0.79979710819074	0.000611249180809622	15.4969481096393	0.349999859174535
9.375	52.75	-1.05737682800085e-07	0.799780173973171	0.000653010978967194	15.4269665972754	0.349999931270506
9.625	52.75	1.10896817790553e-07	0.799761774120211	0.000697988787106628	15.3569866077393	0.350000072082932
9.875	52.75	4.63453084848238e-07	0.799741775352403	0.000746462969416792	15.2870082590804	0.350000301244505
10.125	52.75	9.76494108995523e-07	0.799720032528406	0.000798744148301948	15.2170316777349	0.350000634721171
10.375	52.75	1.66069486201057e-06	0.799696387976002	0.000855177158175121	15.147057000771	0.35000107945166
10.625	52.75	2.50153369485385e-06	0.79967067104368	0.000916145646554566	15.0770843794475	0.350001625996902
10.875	52.75	3.44473741914256e-06	0.799642698017024	0.000982077444637128	15.0071139844763	0.350002239079322
11.125	52.75	4.37866862140094e-06	0.799612272594851	0.00105345084410407	14.9371460133765	0.350002846134604
11.375	52.75	5.11442568361194e-06	0.799579187180814	0.0011308019245388	14.8671807002297	0.350003324376694
11.625	52.75	5.36525883618786e-06	0.799543225317468	0.00121473306998089	14.7972183279755	0.350003487418243
11.875	52.75	4.72801825850431e-06	0.799504165672264	0.00130592278880255	14.7272592430835	0.350003073211868
12.125	52.75	2.67074768139233e-06	0.799461788077898	0.00140513689512288	14.6573038719648	0.350001735985993
12.375	52.75	-1.46781151184749e-06	0.799415882237832	0.00151324101451911	14.5873527377986	0.349999045922517
12.625	52.75	-8.45921193751457e-06	0.799366259829214	0.00163121422437379	14.5174064755338	0.349994501512241
12.875	52.75	-1.91373186731853e-05	0.799312770880069	0.00176016341990735	14.4474658416434	0.349987560742862
13.125	52.75	-3.43101506801412e-05	0.799255325466049	0.00190133769013624	14.3775317137758	0.349977698402058
13.375	52.75	-5.46189835188337e-05	0.799193921972215	0.00205614158364951	14.3076050737965	0.349964497660713
13.625	52.75	-8.03314418947476e-05	0.799128683400497	0.00222614562578514	14.2376869658902	0.349947784562768
13.875	52.75	-0.000111055526852257	0.799059903470772	0.002413091810801	14.167778419521	0.349927813907546
14.125	52.75	-0.000145362912209359	0.798988104550178	0.00261889103186642	14.0978803252434	0.349905514107064
14.375	52.75	-0.000180312578733103	0.798914109720624	0.00284560854127292	14.027993249795	0.349882796823824
14.625	52.75	-0.000210869976389195	0.798839131500479	0.00309543258011698	13.9581171757613	0.349862934515347
14.875	52.75	-0.000229222284361393	0.798764879780172	0.00337062033724615	13.8882511505696	0.349851005515165
15.125	52.75	-0.000223996634356452	0.798693691271228	0.00367341448048806	13.8183928298008	0.349854402187668
15.375	52.75	-0.000179394806257303	0.79862868201762	0.00400592278996244	13.7485379009159	0.349883393375933
15.625	52.75	-7.42641100539307e-05	0.798573923025014	0.0043699531105073	13.6786793755107	0.349951728328465
15.875	52.75	0.000118871028409334	0.798534636539566	0.00476679620222568	13.6088067410778	0.350077266168466
16.125	52.75	0.000434789923618736	0.798517406633131	0.00519695045161375	13.5389049667818	0.350282613450352
16.375	52.75	0.000916543273392251	0.798530392221906	0.00565978523065402	13.4689533616411	0.350595753127705
16.625	52.75	0.00161638762334862	0.798583523239357	0.00615314441743136	13.3989242873433	0.351050651955177
16.875	52.75	0.00259667758273576	0.798688651355571	0.00667289866201846	13.3287817311836	0.351687840428778
17.125	52.75	0.00393072316694503	0.798859615639809	0.00721246471775699	13.2584797467319	0.352554970058514
17.375	52.75	0.00570364146748124	0.79911217160683	0.00776232262069101	13.1879607702202	0.353707366953863
17.625	52.75	0.00801325817646713	0.799463720490232	0.00830957629416602	13.1171538187501	0.355208617814704
17.875	52.75	0.0109711434192106	0.799932766418075	0.0088376192281864	13.045972571836	0.357131243222487
18.125	52.75	0.0147038944110757	0.800538025343773	0.00932598233542442	12.9743133303771	0.359557531367199
18.375	52.75	0.0193547987101475	0.801297114881703	0.00975045306433351	12.9020528371951	0.362580619161596
18.625	52.75	0.0250860164206899	0.802224773103077	0.010083559597779	12.8290459319311	0.366305910673448
18.875	52.75	0.0320813918032115	0.803330591840635	0.010295507080626	12.755123002885	0.370852904672087
19.125	52.75	0.0405499202183654	0.804616311152731	0.0103556297520007	12.6800871941257	0.376357448141938
19.375	52.75	0.0507297208114576	0.806072810765512	0.0102343796137214	12.6037113361588	0.382974318527447
19.625	52.75	0.0628920549887071	0.807677054306291	0.00990580627172635	12.5257346057046	0.39087983574266
19.875	52.75	0.0773444396470828	0.809389391752784	0.00935039374029339	12.4458590034908	0.400273885770604
20.125	52.75	0.0944312049923002	0.81115179483527	0.00855801220835065	12.3637458919722	0.411380283244995
20.375	52.75	0.114528972867919	0.812887761672864	0.00753062658200725	12.2790130809431	0.424443832364147
20.625	52.75	0.138033644941148	0.814504722476446	0.00628430040009412	12.1912332988629	0.439721869211746
20.875	52.75	0.165334966732396	0.815899706475634	0.00484998023063854	12.0999353170733	0.457467728376057
21.125	52.75	0.196775219307164	0.816968652800901	0.00327259406442751	12.0046094122472	0.477903892549657
21.375	52.75	0.232590927171227	0.817618942561737	0.00160820119800432	11.9047190739038	0.501184102661298
21.625	52.75	0.272841342154287	0.817783513917831	-8.06896768103136e-05	11.7997206111613	0.527346872400287
21.875	52.75	0.317334671075631	0.817433614468741	-0.00173102535994162	11.6890912921833	0.55626753619916
22.125	52.75	0.365570599733123	0.816586514036125	-0.003285289342558	11.5723647278342	0.58762088982653
22.375	52.75	0.416721626560193	0.815305106386439	-0.00469654846903734	11.4491696538414	0.620869057264126
22.625	52.75	0.469671423333592	0.813688539611481	-0.00593150383610169	11.3192658807605	0.655286425166835
22.875	52.75	0.523113978680558	0.811856094469043	-0.00697118368454362	11.1825701366927	0.690024086142363
23.125	52.75	0.575696756676195	0.809928919598409	-0.00780959896228745	11.0391657616539	0.724202891839527
23.375	52.75	0.62617416291243	0.808014577349289	-0.00845114348712621	10.8892937152634	0.757013205893079
23.625	52.75	0.673533694315933	0.806197568520324	-0.00890760763702742	10.7333269210218	0.787796901305357
23.875	52.75	0.717068483326863	0.804536321072271	-0.0091954539599954	10.5717337549864	0.816094514162461
24.125	52.75	0.756389814295662	0.803065062219713	-0.00933366753607251	10.4050380955632	0.84165337929218
24.375	52.75	0.791391195326252	0.801798274049437	-0.00934221604029414	10.2337825575323	0.864404276962064
24.625	52.75	0.822184724796172	0.800735810716382	-0.00924100696172833	10.0584991817897	0.884420071117512
24.875	52.75	0.849030178099585	0.799867554014946	-0.00904919589900046	9.87968916173238	0.901869615764731
25.125	52.75	0.872271201953746	0.799177177922249	-0.00878472757440321	9.69781107612857	0.916976281269935
25.375	52.75	0.892285684720304	0.798644996524169	-0.00846403408193205	9.51327592012253	0.929985695068198
25.625	52.75	0.909451601470675	0.798250029405685	-0.00810184876478155	9.32644688234061	0.941143540955939
25.875	52.75	0.924126287268459	0.797971445375296	-0.00771111317370034	9.13764200838784	0.950682086724498
26.125	52.75	0.936635814092433	0.797789524348686	-0.00730296209872547	8.94713832137639	0.958813279160082
26.375	52.75	0.947271163769931	0.797686249685104	-0.00688677308735594	8.75517643244652	0.965726256450455
26.625	52.75	0.956288505180638	0.797645621452102	-0.00647026632493025	8.56196506309651	0.971587528367415
26.875	52.75	0.963911644581269	0.797653764950005	-0.00605964048911095	8.36768518367283	0.976542568977825
27.125	52.75	0.970335394440182	0.79769889576142	-0.00565973094305383	8.17249365544116	0.980718006386119
27.375	52.75	0.975729120036894	0.797771190890787	-0.00527417832738207	7.97652636962107	0.984223928023981
27.625	52.75	0.980240074627829	0.797862604730727	-0.00490559786747928	7.77990092978176	0.987156048508089
27.875	52.75	0.983996354866285	0.797966658802396	-0.00455574212959698	7.58271894408856	0.989597630663085
28.125	52.75	0.987109435707599	0.798078225776865	-0.00422565223719732	7.38506799550043	0.991621133209939
28.375	52.75	0.989676310255004	0.798193321382037	-0.00391579452087749	7.18702335058978	0.993289601665752
28.625	52.75	0.991781288689018	0.798308912443811	-0.00362618114827011	6.98864945686705	0.994657837647862
28.875	52.75	0.993497517723623	0.798422745363046	-0.00335647446203496	6.79000126746232	0.995773386520355
29.125	52.75	0.994888278217555	0.798533196572027	-0.00310607558403653	6.59112542226099	0.996677380841411
29.375	52.75	0.996008109819304	0.79863914470014	-0.00287419838080538	6.39206130668003	0.997405271382547
29.625	52.75	0.996903801357397	0.798739863075688	-0.0026599301924018	6.19284200326594	0.997987470882308
29.875	52.75	0.997615275971866	0.798834930597853	-0.00246228086321664	5.99349514700157	0.998449929381713
30.125	52.75	0.998176391604535	0.798924158767937	-0.00228022162956542	5.79404369233243	0.998814654542948
30.375	52.75	0.99861567074587	0.799007532649096	-0.00211271535596371	5.5945065981479	0.999100185984816
30.625	52.75	0.998956968281094	0.799085163638938	-0.0019587395011567	5.39489943598537	0.999322029382711
30.875	52.75	0.999220082729185	0.799157252127441	-0.00181730305877963	5.19523492631036	0.99949305377397
31.125	52.75	0.999421313888976	0.799224058332622	-0.00168745857191748	4.99552340765499	0.999623854027834
31.375	52.75	0.999573968637768	0.799285879832683	-0.00156831017606724	4.79577324350866	0.999723079614549
31.625	52.75	0.999688816121021	0.79934303453031	-0.00145901848752771	4.59599117202724	0.999797730478664
31.875	52.75	0.999774493608042	0.799395847984139	-0.00135880302810006	4.39618260377655	0.999853420845228
32.125	52.75	0.999837864681277	0.799444644217363	-0.00126694276421784	4.19635187279649	0.99989461204283
32.375	52.75	0.99988433200829	0.799489739261176	-0.00118277524082461	3.99650244623459	0.999924815805389
32.625	52.75	0.999918107542856	0.799531436809728	-0.0011056947066861	3.79663709764315	0.999946769902856
32.875	52.75	0.99994244342303	0.799570025460803	-0.00103514955648386	3.59675804877945	0.99996258822497
33.125	52.75	0.999959826899257	0.799605777108068	-0.000970639349905974	3.39686708443332	0.999973887484517
33.375	52.75	0.999972142274757	0.799638946163263	-0.000911711602541734	3.19696564448605	0.999981892478592
33.625	52.75	0.999980802310733	0.799669769439228	-0.000857958472734258	2.9970548971218	0.999987521501977
33.875	52.75	0.999986851513255	0.799698466703643	-0.000809013399463321	2.79713579685106	0.999991453483616
34.125	52.75	0.99999104515859	0.799725242034429	-0.000764547704027944	2.59720913064147	0.999994179353083
34.375	52.75	0.999993911454724	0.799750286009916	-0.000724267195839164	2.39727555475281	0.99999604244557
34.625	52.75	0.999995808882889	0.799773778282367	-0.00068790895685076	2.197335623636	0.999997275773878
34.875	52.75	0.99999699256764	0.799795889224329	-0.00065523869746478	1.99738981059102	0.999998045168966
35.125	52.75	0.999997695649727	0.799816778563764	-0.000626049230659389	1.79743851860057	0.999998502172323
35.375	52.75	0.999998207881368	0.799836589301889	-0.000600160402762238	1.59748208052408	0.999998835122889
35.625	52.75	0.999998896721784	0.799855438106619	-0.000577419914889356	1.39752075254405	0.99999928286916
35.875	52.75	1.00000008835456	0.799873409338923	-0.000557702829115275	1.19755471367892	1.00000005743046
36.125	52.75	1.00000175352543	0.799890566703351	-0.000540905932712348	0.997584093145677	1.00000113979153
36.375	52.75	1.00000307934587	0.799906997594579	-0.000526933434173431	0.79760904572073	1.00000200157482
36.625	52.75	1.00000226261111	0.799922890360736	-0.000515675304324041	0.597629868257698	1.00000147069722
36.875	52.75	0.999997118772547	0.799938609550701	-0.00050699036470361	0.397647090168703	0.999998127202156
37.125	52.75	0.999987067819023	0.799957895394637	-0.000500720242141235	0.197661394005416	0.999991594082365
37.375	52.75	0.999976319720776	0.399963169715499	-0.000497057698989043	-0.00232842196173424	0.999984607818505
0.125	53.25	-3.72500060170682e-12	0.399999506490934	0.0001191338825116	18.0167239567862	0.349999999997579
0.375	53.25	-5.6872122989902e-12	0.799998516416015	0.000119616750242455	17.946724043163	0.349999999996303
0.625	53.25	-7.53626388338859e-12	0.799997517137793	0.000120584530645353	17.8767242164516	0.349999999995101
0.875	53.25	-6.6900496938339e-12	0.799996502434971	0.000122041324751493	17.8067244777271	0.349999999995651
1.125	53.25	-9.64433222034145e-14	0.799995465958017	0.000123993311983742	17.736724828613	0.349999999999937
1.375	53.25	1.50121500682506e-11	0.799994401175968	0.000126448783797919	17.6667252712948	0.350000000009758
1.625	53.25	3.97273456977704e-11	0.799993301322493	0.000129418189209198	17.5967258085384	0.350000000025823
1.875	53.25	7.16574738842382e-11	0.799992159340598	0.000132914192290795	17.5267264437131	0.350000000046577
2.125	53.25	1.0315058460818e-10	0.79999096782468	0.000136951742376532	17.4567271808202	0.350000000067048
2.375	53.25	1.20218482946882e-10	0.799989718960987	0.000141548157428184	17.386728024527	0.350000000078142
2.625	53.25	1.02967751731017e-10	0.799988404464316	0.000146723221691234	17.3167289802062	0.350000000066929
2.875	53.25	2.83146825783616e-11	0.799987015511926	0.000152499298050466	17.24673005398	0.350000000018405
3.125	53.25	-1.24472128726617e-10	0.79998554267335	0.000158901456570439	17.1767312527709	0.349999999919093
3.375	53.25	-3.65296857037066e-10	0.799983975835605	0.000165957620176893	17.1067325843572	0.349999999762557
3.625	53.25	-6.82359092676553e-10	0.79998230412419	0.000173698729300582	17.0367340574336	0.349999999556467
3.875	53.25	-1.03024412173224e-09	0.799980515817712	0.00018215892652559	16.9667356816783	0.349999999330341
4.125	53.25	-1.31942070611713e-09	0.799978598257469	0.000191375764004455	16.8967374678257	0.349999999142377
4.375	53.25	-1.41084893063456e-09	0.799976537750354	0.000201390435226654	16.8267394277458	0.349999999082948
4.625	53.25	-1.12064216148265e-09	0.799974319465133	0.000212248033970974	16.7567415745332	0.349999999271583
4.875	53.25	-2.4047560411309e-10	0.799971927322267	0.000223997843547288	16.6867439226058	0.349999999843691
5.125	53.25	1.42099006506756e-09	0.799969343877684	0.000236693659619103	16.6167464878177	0.350000000923643
5.375	53.25	3.9726688091311e-09	0.799966550200627	0.000250394150463261	16.5467492875898	0.350000002582235
5.625	53.25	7.35307639105144e-09	0.799963525746253	0.000265163259418812	16.476752341061	0.3500000047795
5.875	53.25	1.12278978139857e-08	0.79996024822322	0.00028107065433346	16.4067556692635	0.350000007298134
6.125	53.25	1.48892552516009e-08	0.799956693456827	0.000298192230081842	16.336759295324	0.350000009678016
6.375	53.25	1.71814042776031e-08	0.799952835245994	0.000316610670385613	16.2667632446895	0.350000011167913
6.625	53.25	1.64852938212655e-08	0.799948645215217	0.000336416076366595	16.1967675453723	0.350000010715441
6.875	53.25	1.07996759031567e-08	0.799944092658584	0.000357706670042582	16.126772228206	0.350000007019789
7.125	53.25	-2.04251068590306e-09	0.799939144375183	0.000380589581866058	16.0567773270968	0.349999998672368
7.375	53.25	-2.39886992361996e-08	0.799933764494421	0.000405181732503022	15.9867828792519	0.349999984407345
7.625	53.25	-5.61909392737682e-08	0.799927914288949	0.000431610820517695	15.9167889253612	0.349999963475889
7.875	53.25	-9.82399804960165e-08	0.799921551974852	0.000460016428690043	15.8467955097085	0.349999936144013
8.125	53.25	-1.4724054239024e-07	0.799914632498492	0.00049055126354183	15.7768026801895	0.349999904293647
8.375	53.25	-1.96800520289784e-07	0.799907107311475	0.000523382544722092	15.7068104882197	0.349999872079662
8.625	53.25	-2.36058411878031e-07	0.799898924136707	0.000558693562988505	15.6368189885289	0.349999846562032
8.875	53.25	-2.48934163081231e-07	0.799890026731611	0.000596685428902275	15.5668282388574	0.349999838192794
9.125	53.25	-2.13857188346625e-07	0.799880354658785	0.000637579038103276	15.4968382995973	0.349999860992828
9.375	53.25	-1.04298160440422e-07	0.799869843079329	0.000681617283959663	15.4268492334584	0.349999932206196
9.625	53.25	1.09497660008186e-07	0.799858422593378	0.000729067554689602	15.3568611052835	0.350000071173479
9.875	53.25	4.57118126323265e-07	0.799846019162833	0.000780224559341986	15.2868739821932	0.350000297126782
10.125	53.25	9.62442628283375e-07	0.799832554167734	0.000835413535682489	15.2168879342972	0.350000625587708
10.375	53.25	1.63547691046292e-06	0.79981794466874	0.000894993901649836	15.1469030362693	0.350001063059992
10.625	53.25	2.46118464496254e-06	0.799802103975207	0.000959363419984905	15.0769193701352	0.350001599770019
10.875	53.25	3.3851469275383e-06	0.799784942652476	0.00102896294976001	15.0069370296513	0.350002200345503
11.125	53.25	4.29625107118642e-06	0.799766370142071	0.00110428185620805	14.9369561266432	0.350002792563196
11.375	53.25	5.00718489224446e-06	0.799746297215291	0.00118586413514214	14.8669767995987	0.35000325467018
11.625	53.25	5.23433299646399e-06	0.799724639531368	0.00127431527542405	14.7969992246453	0.350003402316448
11.875	53.25	4.5797652482333e-06	0.799701322626969	0.00137030982134793	14.7270236287426	0.350002976847411
12.125	53.25	2.51937903370288e-06	0.799676288719848	0.00147459949901279	14.6570503044624	0.350001637596372
12.375	53.25	-1.59712419402045e-06	0.799649505766449	0.0015880216221324	14.5870796250669	0.349998961869274
12.625	53.25	-8.52695653381876e-06	0.799620979271062	0.00171150728390014	14.5171120577014	0.349994457478253
12.875	53.25	-1.9086348015077e-05	0.799590767400228	0.00184608855701742	14.4471481713859	0.34998759387379
13.125	53.25	-3.4063030899883e-05	0.799559000014299	0.00199290355658899	14.3771886351082	0.349977859029915
13.375	53.25	-5.4076762803534e-05	0.799525902289756	0.00215319776141727	14.3072341997376	0.349964850104178
13.625	53.25	-7.9374838568995e-05	0.799491823668126	0.00232831944025833	14.2372856557418	0.34994840635493
13.875	53.25	-0.000109549721757889	0.799457272932007	0.00251970640024795	14.167343756914	0.349928792680857
14.125	53.25	-0.000143167229113897	0.799422960263406	0.00272886059181104	14.0974090986161	0.349906941301076
14.375	53.25	-0.000177296278978977	0.799389847163719	0.00295730641389663	14.027481937596	0.349884757418664
14.625	53.25	-0.000206935094359094	0.799359205073968	0.0032065279388262	13.9575619394018	0.349865492188667
14.875	53.25	-0.0002243337884663	0.799332683367937	0.00347787982754275	13.8876478389698	0.349854183037497
15.125	53.25	-0.000218219105453954	0.799312387017911	0.00377246658455645	13.8177370002481	0.349858157581455
15.375	53.25	-0.000172933174087839	0.799300963540184	0.00409098520863038	13.7478248618193	0.349887593436843
15.625	53.25	-6.75036864891039e-05	0.799301697680925	0.0044335274824999	13.6779042574173	0.349956122603782
15.875	53.25	0.00012533298889855	0.799318610546366	0.0047993404107358	13.6079646028928	0.350081466442784
16.125	53.25	0.000440132614432135	0.799356557367905	0.00518654698263107	13.5379909443589	0.350286086199381
16.375	53.25	0.000919746461041403	0.799421314696398	0.00559183481651646	13.4679628656059	0.350597835199677
16.625	53.25	0.0016163119517278	0.799519643498477	0.00601012755735393	13.397853255965	0.351050602768623
16.875	53.25	0.00259222608198434	0.799659309453163	0.00643426318743619	13.3276269420869	0.35168494695329
17.125	53.25	0.00392111280678636	0.799849035997175	0.00685471437425356	13.2572391880152	0.352548723324411
17.375	53.25	0.00568881562907375	0.800098359870453	0.00725939781678882	13.1866340669027	0.353697730158898
17.625	53.25	0.00799446975814	0.800417353938286	0.0076336307640026	13.1157427042872	0.355196405342791
17.875	53.25	0.0109517320670431	0.800816179150589	0.00796030111292383	13.0444813867343	0.357118625843578
18.125	53.25	0.014690267727656	0.801304428284502	0.00822031946242482	12.9727495209579	0.359548674022976
18.375	53.25	0.0193576035146492	0.801890230602523	0.00839341308941236	12.9004274179186	0.362582442284522
18.625	53.25	0.0251214493950931	0.802579101034697	0.00845929847549457	12.8273738654903	0.366328942106811
18.875	53.25	0.0321725468961202	0.803372542400564	0.00839922657008814	12.7534234452079	0.370912155482478
19.125	53.25	0.0407280024081546	0.804266446941793	0.00819783101876311	12.6783835487824	0.3764732015653
19.375	53.25	0.0510348751462947	0.805249396195463	0.00784512553120916	12.6020310672601	0.383172668845092
19.625	53.25	0.0633734750655034	0.8063010274076	0.00733840043350663	12.5241087730129	0.391192758792577
19.875	53.25	0.0780593485991143	0.807390719800086	0.00668367800385935	12.4443215101556	0.400738576589424
20.125	53.25	0.0954422739128738	0.808476950001886	0.00589633132161694	12.3623324739116	0.412037478043368
20.375	53.25	0.115899798052621	0.809507757572037	0.00500049317556872	12.2777601134579	0.425334868734204
20.625	53.25	0.139822096593869	0.810422814094038	0.00402702390226136	12.1901765413795	0.440884362786015
20.875	53.25	0.167584594119754	0.811157538699574	0.00301009563595585	12.0991087461774	0.45892998617784
21.125	53.25	0.19950546715947	0.811649456076037	0.0019828601795108	12.004044288456	0.479678553653655
21.375	53.25	0.235787630525938	0.811846461361686	0.000973090881280528	11.9044433341079	0.50326195984186
21.625	53.25	0.276449647692251	0.811715842087335	-6.31625661965117e-08	11.7997585748237	0.529692270999963
21.875	53.25	0.321256867401277	0.811252023886133	-0.000927199734887354	11.6894635377153	0.55881696381083
22.125	53.25	0.369670936776868	0.810480529808485	-0.0018072326278539	11.5730878864674	0.590286108904964
22.375	53.25	0.420838808885435	0.809456130862798	-0.00264384782379064	11.4502558472715	0.623545225775533
22.625	53.25	0.473637251989118	0.808254821759303	-0.00344106687230922	11.3207216428856	0.657864213792926
22.875	53.25	0.526774373759855	0.80696151838626	-0.00419943051658295	11.1843948958834	0.692403342943906
23.125	53.25	0.578930236954789	0.80565704674767	-0.00491397351378379	11.0413502271551	0.726304654020613
23.375	53.25	0.628903543201892	0.804408052005411	-0.00557438537073934	10.8918186760464	0.75878730308123
23.625	53.25	0.675729050551338	0.803261894870108	-0.0061669468151991	10.736162931147	0.78922388285837
23.875	53.25	0.718742188790329	0.802246454098266	-0.00667734539697548	10.5748419531027	0.817182422713714
24.125	53.25	0.757586404241867	0.801373230264668	-0.00709342103536666	10.4083720942036	0.842431162757214
24.375	53.25	0.792175370781193	0.800641772524282	-0.00740716543865224	10.2372910762114	0.864913991007775
24.625	53.25	0.822630186109574	0.800043944661458	-0.00761569294389136	10.0621289736062	0.884709620971223
24.875	53.25	0.849210836639013	0.799567308133826	-0.00772123980308649	9.88338780411674	0.901987043815359
25.125	53.25	0.872255242161878	0.799197492847797	-0.00773044976380504	9.70152931331529	0.916965907405221
25.375	53.25	0.892132230437992	0.798919724300241	-0.0076532644029789	9.51696939357157	0.929885949784695
25.625	53.25	0.90920940513975	0.798719748512852	-0.00750170035952321	9.33007721711104	0.940986113340837
25.875	53.25	0.923833800562367	0.798584360009474	-0.00728871405264681	9.14117731531484	0.950491970365538
26.125	53.25	0.936322085210927	0.798501675512126	-0.00702726711093256	8.9505532243537	0.958609355387103
26.375	53.25	0.946957144293118	0.79846124403904	-0.00672963429736486	8.75845174577945	0.965522143790527
26.625	53.25	0.955988484003586	0.798454050408062	-0.00640694736940218	8.56508723751212	0.971392514602331
26.875	53.25	0.9636346355269	0.798472449710881	-0.00606894147721534	8.37064562158043	0.976362513092485
27.125	53.25	0.970086383286273	0.798510059202927	-0.00572386007868188	8.17528797392177	0.980556149136078
27.375	53.25	0.975510129660714	0.798561627024307	-0.00537847412499824	7.9791536679789	0.984081584279464
27.625	53.25	0.980051039950987	0.798622892015147	-0.00503817664855474	7.78236309966351	0.987033175968142
27.875	53.25	0.983835818194423	0.798690444724002	-0.00470712150892868	7.58502004503718	0.989493281826375
28.125	53.25	0.986975082643458	0.798761596278855	-0.00438838287827831	7.38721370736569	0.991533803718248
28.375	53.25	0.98956537007399	0.798834259052813	-0.00408411900914508	7.18902050604479	0.993217490548094
28.625	53.25	0.991690823280763	0.79890684098918	-0.00379572950291243	6.99050565178883	0.994599035132496
28.875	53.25	0.993424621489282	0.798978153989558	-0.00352399963832078	6.79172454352443	0.995726003968034
29.125	53.25	0.994830208668438	0.799047335817223	-0.00326922846659579	6.59272401421641	0.996639635634485
29.375	53.25	0.995962365658742	0.799113784413742	-0.00303133954665531	6.39354344603314	0.997375537678183
29.625	53.25	0.996868161900908	0.799177103260386	-0.00280997460268887	6.19421576998822	0.99796430523559
29.875	53.25	0.997587813063155	0.799237056344772	-0.00260457123593785	5.994768361367	0.998432078491051
30.125	53.25	0.998155462807145	0.799293531342146	-0.00241442627691566	5.79522383963938	0.998801050824644
30.375	53.25	0.998599900560626	0.799346509736437	-0.00223874655103184	5.59560077991617	0.999089935364407
30.625	53.25	0.998945222450752	0.799396042750885	-0.00207668884451471	5.39591434207623	0.999314394592989
30.875	53.25	0.999211439317461	0.799442232108717	-0.00192739076700593	5.19617682325464	0.99948743555635
31.125	53.25	0.999415033726299	0.799485214787537	-0.00178999405896368	4.99639813925298	0.999619771922094
31.375	53.25	0.999569466872167	0.799525151060699	-0.00166366171759798	4.79658624046705	0.999720153466908
31.625	53.25	0.999685635961233	0.799562215232811	-0.0015475901345752	4.59674746801447	0.999795663374801
31.875	53.25	0.999772282859694	0.799596588574003	-0.00144101726462657	4.39688685580896	0.999851983858801
32.125	53.25	0.999836355320935	0.799628454038435	-0.00134322768400417	4.19700838431811	0.999893630958608
32.375	53.25	0.999883322783815	0.799657992415577	-0.00125355525551838	3.99711519163077	0.99992415980948
32.625	53.25	0.999917449410364	0.799685379609029	-0.00117138399380857	3.79720974724126	0.999946342116736
32.875	53.25	0.999942027522796	0.799710784772453	-0.00109614761837063	3.59729399364727	0.999962317889818
33.125	53.25	0.999959574741951	0.799734369071103	-0.00102732818710183	3.3973694604926	0.999973723582268
33.375	53.25	0.99997199786675	0.799756284901902	-0.000964454111697418	3.19743735561748	0.999981798613388
33.625	53.25	0.999980726082215	0.799776675514036	-0.0009070977632366	2.99749863704815	0.99998747195344
33.875	53.25	0.999986816054084	0.799795675110849	-0.000854872787862202	2.79755406965008	0.999991430435154
34.125	53.25	0.999991032757004	0.799813409606508	-0.000807431195339698	2.59760426977579	0.999994171292053
34.375	53.25	0.999993913069056	0.799829998109414	-0.000764460302572641	2.39764974054839	0.999996043494886
34.625	53.25	0.999995823359996	0.79984555475447	-0.000725679748824428	2.19769089924997	0.999997285183998
34.875	53.25	0.999997023937967	0.799860189715965	-0.000690839025031626	1.99772809672842	0.999998065559679
35.125	53.25	0.999997746096746	0.799874007517134	-0.000659716117979991	1.7977616275326	0.999998534962885
35.375	53.25	0.999998265971918	0.799887101079621	-0.000632117643546296	1.59779173013914	0.999998872881747
35.625	53.25	0.99999892586142	0.799899542575125	-0.000607879875367088	1.39781858086459	0.999999301809923
35.875	53.25	1.00000002824508	0.799911377558425	-0.000586868323287714	1.19784229312363	1.0000000183593
36.125	53.25	1.00000155239714	0.799922635093306	-0.000568971784237624	0.997862941826008	1.00000100905814
36.375	53.25	1.0000027667916	0.799933367615908	-0.000554087106644443	0.797880631246919	1.00000179841454
36.625	53.25	1.00000204115923	0.799943720843495	-0.000542096075728731	0.597895600264705	1.0000013267535
36.875	53.25	0.999997396883599	0.79995400178412	-0.000532847351576654	0.397908304150293	0.999998307974339
37.125	53.25	0.999988305266445	0.799967574144794	-0.000526171365398599	0.19791934270792	0.999992398423189
37.375	53.25	0.999978574110493	0.399968518945553	-0.000522274186763205	-0.00207238267951741	0.99998607317182
0.125	53.75	-3.69979930603375e-12	0.39999999547741	0.000120129941961341	18.0167029363896	0.349999999997595
0.375	53.75	-5.66524774032618e-12	0.799999985471447	0.000120620855326306	17.9467029371943	0.349999999996318
0.625	53.75	-7.53672559946433e-12	0.799999972561564	0.000121604806009156	17.876702938972	0.349999999995101
0.875	53.75	-6.74716375767749e-12	0.799999954764394	0.000123086053672652	17.8067029420621	0.349999999995614
1.125	53.75	-2.53376937703466e-13	0.799999930026259	0.000125071016986036	17.7367029469798	0.349999999999835
1.375	53.75	1.47178955616694e-11	0.799999896193854	0.000127568309090683	17.6667029544232	0.350000000009567
1.625	53.75	3.92883987017969e-11	0.799999850984739	0.000130588785136876	17.5967029652836	0.350000000025537
1.875	53.75	7.11288816763064e-11	0.799999791957767	0.000134145602637602	17.5267029806582	0.350000000046234
2.125	53.75	1.02683369154199e-10	0.799999716481767	0.000138254294807536	17.4567030018662	0.350000000066744
2.375	53.75	1.20083261389375e-10	0.799999621704052	0.000142932858048016	17.3867030304673	0.350000000078054
2.625	53.75	1.03554032761733e-10	0.799999504517225	0.000148201853599881	17.3167030682833	0.35000000006731
2.875	53.75	3.0090946964002e-11	0.799999361524573	0.000154084524979835	17.2467031174231	0.350000000019559
3.125	53.75	-1.21050330826227e-10	0.799999189004569	0.000160606931744405	17.1767031803089	0.349999999921317
3.375	53.75	-3.59939775248207e-10	0.799998982872697	0.000167798101084879	17.1067032597061	0.349999999766039
3.625	53.75	-6.75159974884311e-10	0.799998738642463	0.000175690198420771	17.0367033587545	0.349999999561146
3.875	53.75	-1.02195372696283e-09	0.799998451384102	0.000184318719046359	16.9667034810018	0.34999999933573
4.125	53.75	-1.31175254540551e-09	0.799998115681736	0.000193722702011151	16.8967036304387	0.349999999147361
4.375	53.75	-1.40675744303032e-09	0.799997725588723	0.000203944969240629	16.8267038115376	0.349999999085608
4.625	53.75	-1.12447635933414e-09	0.799997274582246	0.000215032391621306	16.7567040292942	0.34999999926909
4.875	53.75	-2.57872627996941e-10	0.799996755517042	0.000227036185402498	16.686704289275	0.349999999832383
5.125	53.75	1.38363093326482e-09	0.799996160580415	0.000240012241859907	16.6167045976723	0.35000000089936
5.375	53.75	3.90929351216638e-09	0.799995481249419	0.000254021494237557	16.5467049613703	0.350000002541041
5.625	53.75	7.25980630439124e-09	0.799994708251967	0.000269130325894254	16.4767053880243	0.350000004718874
5.875	53.75	1.11056756438709e-08	0.799993831533673	0.000285411024602544	16.4067058861566	0.350000007218689
6.125	53.75	1.47473055352949e-08	0.799992840231644	0.000302942288456181	16.3367064652679	0.350000009585749
6.375	53.75	1.70413461043777e-08	0.799991722657239	0.000321809789229821	16.2667071359633	0.350000011076875
6.625	53.75	1.63854995301324e-08	0.799990466287616	0.000342106800065992	16.1967079100863	0.350000010650575
6.875	53.75	1.07991387180481e-08	0.799989057768827	0.000363934894420131	16.12670880085	0.35000000701944
7.125	53.75	-1.86195147656837e-09	0.79998748292979	0.000387404725048239	16.05670982295	0.349999998789732
7.375	53.75	-2.35234150320556e-08	0.799985726809367	0.000412636891266508	15.9867109926368	0.34999998470978
7.625	53.75	-5.53220295055888e-08	0.799983773697449	0.000439762904755044	15.9167123277249	0.349999964040681
7.875	53.75	-9.6847969793209e-08	0.799981607192634	0.000468926264492459	15.8467138475095	0.34999993704882
8.125	53.75	-1.45231422096077e-07	0.799979210279776	0.000500283652869314	15.7767155725689	0.349999905599576
8.375	53.75	-1.94146482672144e-07	0.799976565432744	0.000534006266230208	15.7067175244299	0.349999873804786
8.625	53.75	-2.32856291012065e-07	0.799973654749032	0.000570281295319056	15.6367197250929	0.349999848643411
8.875	53.75	-2.45483382913229e-07	0.799970460126441	0.000609313572727396	15.5667221964265	0.349999840435801
9.125	53.75	-2.10756462657736e-07	0.799966963494323	0.000651327408205129	15.496724959471	0.349999863008299
9.375	53.75	-1.02555752421174e-07	0.799963147118011	0.000696568636038078	15.4267280337269	0.349999933338761
9.625	53.75	1.08352183038857e-07	0.799958993999534	0.000745306903939759	15.3567314365475	0.350000070428919
9.875	53.75	4.50942482730925e-07	0.799954488407345	0.00079783823840443	15.2867351828083	0.350000293112614
10.125	53.75	9.48445513211412e-07	0.79994961657829	0.000854487927611757	15.2167392850828	0.350000616489584
10.375	53.75	1.6102874360723e-06	0.799944367649264	0.000915613768906233	15.1467437546161	0.350001046686833
10.625	53.75	2.42109627450078e-06	0.799938734893248	0.000981609731039907	15.0767486034334	0.350001573712578
10.875	53.75	3.32662340330419e-06	0.799932717354547	0.00105291008031415	15.0067538479545	0.350002162305212
11.125	53.75	4.21679880840472e-06	0.799926321999227	0.00112999400939733	14.9367595144763	0.350002740919225
11.375	53.75	4.90670816934586e-06	0.799919566517494	0.00121339078376394	14.8667656468161	0.35000318936031
11.625	53.75	5.11709100160511e-06	0.799912482931662	0.00130368537523168	14.7967723162481	0.350003326109151
11.875	53.75	4.45703941856156e-06	0.79990512217205	0.00140152447765511	14.7267796335845	0.350002897075622
12.125	53.75	2.41293154963834e-06	0.799897559779941	0.00150762268587371	14.6567877628074	0.350001568405507
12.375	53.75	-1.65076613684333e-06	0.799889902875698	0.00162276845502284	14.5867969350273	0.349998927002011
12.625	53.75	-8.47141905795655e-06	0.799882298486791	0.00174782923333592	14.5168074606858	0.349994493577612
12.875	53.75	-1.883963193446e-05	0.799874943261447	0.00188375486736258	14.4468197368352	0.349987754239243
13.125	53.75	-3.35112014975064e-05	0.799868094494619	0.0020315780092847	14.3768342450099	0.349978217719027
13.375	53.75	-5.30673036777667e-05	0.799862082263854	0.00219240981023038	14.3068515336903	0.349965506252609
13.625	53.75	-7.77098191300284e-05	0.799857322311777	0.00236742867048703	14.2368721777111	0.349949488617565
13.875	53.75	-0.000106978747018089	0.799854329121073	0.00255785925751937	14.1668967052752	0.349930463814438
14.125	53.75	-0.000139379747960086	0.799853728407537	0.00276493843388716	14.0969254816287	0.349909403163826
14.375	53.75	-0.000171912128621789	0.79985626800616	0.00298986421985663	14.0269585370828	0.349888257116396
14.625	53.75	-0.000199491044854553	0.799862825844493	0.0032337235386254	13.9569953260887	0.349870330820845
14.875	53.75	-0.000214262205078345	0.799874413382819	0.00349739437770344	13.8870344036458	0.349860729566699
15.125	53.75	-0.000204812555515609	0.799892172548804	0.00378141831012385	13.8170730055542	0.349866871838915
15.375	53.75	-0.000155285779062766	0.799917363807684	0.00408584025599956	13.7471065199898	0.349899064243609
15.625	53.75	-4.44162179594019e-05	0.799951342595	0.00441001416676911	13.6771278395487	0.349971129458326
15.875	53.75	0.000155501806792592	0.799995520931993	0.00475237624377517	13.6071265851568	0.350101076174415
16.125	53.75	0.000479691235845151	0.800051310699433	0.00511019161460752	13.5370881958298	0.350311799303299
16.375	53.75	0.000972000043234821	0.800120044874702	0.00547928628076579	13.4669928808349	0.350631800028103
16.625	53.75	0.00168602918492791	0.800202873193356	0.0058537836809644	13.3968144329009	0.351095918970203
16.875	53.75	0.00268627991301984	0.800300629403484	0.00622587419284601	13.3265189022195	0.351746081943463
17.125	53.75	0.00404933275641604	0.800413668801523	0.00658565574378811	13.2560631305581	0.35263206629167
17.375	53.75	0.00586508618242516	0.800541677361378	0.00692109327810277	13.1853931424013	0.353812306018576
17.625	53.75	0.00823809944822929	0.800683457740493	0.00721815228132085	13.114442385337	0.355354764641349
17.875	53.75	0.0112890984853943	0.800836702886825	0.00746116421383618	13.043129804917	0.357337914015506
18.125	53.75	0.0151567113530871	0.800997774742154	0.00763347606950637	12.9713577303703	0.359851862379507
18.375	53.75	0.0199994941657673	0.801161513111231	0.00771841829922622	12.8990095380124	0.362999671207749
18.625	53.75	0.0259982796043855	0.801321107081641	0.00770059102762008	12.8259470511801	0.366898881742851
18.875	53.75	0.0333588139208202	0.801468066812383	0.00756741503237943	12.7520076328374	0.371683229048533
19.125	53.75	0.0423145249494429	0.801592335005673	0.0073108215440913	12.6770009356907	0.377504441217138
19.375	53.75	0.0531290575069978	0.801682572970517	0.00692886926675216	12.6007053037934	0.384533887379549
19.625	53.75	0.0660978951841217	0.801726644947398	0.00642699229306701	12.5228638819797	0.392963631869679
19.875	53.75	0.0815479367663113	0.801712307760534	0.00581852392945972	12.4431806013274	0.403006158898102
20.125	53.75	0.0998333168021199	0.801628095829011	0.00512414496541967	12.3613163879881	0.414891655921378
20.375	53.75	0.121325124846654	0.801464381700291	0.004370011915329	12.2768862023919	0.428861331150325
20.625	53.75	0.146392181316871	0.801214594791622	0.00358456213902457	12.189457852604	0.445154917855966
20.875	53.75	0.175370046023393	0.800876588243887	0.00279436228506044	12.0985538995812	0.463990529915206
21.125	53.75	0.208516536457248	0.800454123631988	0.00201979002251116	12.0036582824468	0.485535748697211
21.375	53.75	0.245954842802468	0.799958342120407	0.00127166105417675	11.9042293600262	0.509870647821604
21.625	53.75	0.287610140964562	0.799408872184198	0.000549932934263146	11.7997206504057	0.536946591626965
21.875	53.75	0.333151744911987	0.798833945921707	-0.000154810645048237	11.6896094329499	0.566548634192792
22.125	53.75	0.381958071251039	0.798268765285258	-0.000857224616023445	11.5734315180098	0.598272746313176
22.375	53.75	0.433122433957869	0.797751659166596	-0.00157149468143566	11.4508182184175	0.631529582072615
22.625	53.75	0.485510758855678	0.797318403469916	-0.00230576588805761	11.3215296414212	0.665581993256191
22.875	53.75	0.537867785734265	0.796996110862902	-0.00305839734367429	11.1854778423392	0.699614060727272
23.125	53.75	0.588951387577451	0.796798658434629	-0.00381705403126373	11.0427348094031	0.732818401925343
23.375	53.75	0.637663670035033	0.796725201405489	-0.00456063723053184	10.8935234940051	0.764481385522772
23.625	53.75	0.683148718394428	0.796762079301044	-0.0052631760013216	10.7381940285992	0.794046666956378
23.875	53.75	0.724839574352201	0.796887111557971	-0.00589838202749718	10.5771903700897	0.821145723328931
24.125	53.75	0.762454224711998	0.797074632433594	-0.00644366557960063	10.4110138202354	0.845595246062799
24.375	53.75	0.795953857400755	0.797299809477305	-0.00688284938669841	10.2401891241989	0.867370007310491
24.625	53.75	0.825482048113027	0.797541476431839	-0.00720734632997367	10.0652368641303	0.886563331273468
24.875	53.75	0.851301590879775	0.79778341000147	-0.00741598709043134	9.88665362536901	0.903346034071854
25.125	53.75	0.873739892909454	0.798014407061454	-0.00751390956396043	9.70489964020053	0.917930930391145
25.375	53.75	0.893147704376634	0.798227644821906	-0.00751096600170788	9.52039258813308	0.930546007844812
25.625	53.75	0.909871423520026	0.798419739412421	-0.00742002978995282	9.33350588292159	0.941416425288017
25.875	53.75	0.924236757971856	0.798589780614194	-0.00725546057266588	9.14456987698688	0.950753892681706
26.125	53.75	0.936540713484477	0.798738489961069	-0.00703186424415177	8.95387472944429	0.95875146376491
26.375	53.75	0.947049056092098	0.798867556553911	-0.00676318911038993	8.76167404705667	0.965581886459864
26.625	53.75	0.955996993469575	0.798979150939879	-0.00646213806335006	8.56818872703732	0.971398045755224
26.875	53.75	0.963591494325738	0.799075592167941	-0.0061398448101004	8.37361067333797	0.97633447131173
27.125	53.75	0.970014241392918	0.799159135376006	-0.00580575175494501	8.17810622377318	0.980509256905397
27.375	53.75	0.975424641622097	0.79923184847695	-0.00546762971436894	7.98181922844572	0.984026017054363
27.625	53.75	0.979962604301354	0.799295551402935	-0.00513168871022019	7.7848737780422	0.98697569279588
27.875	53.75	0.983750974271482	0.799351797107337	-0.00480274026864327	7.58737660915319	0.989438133276463
28.125	53.75	0.986897606227614	0.799401878817075	-0.00448438243487818	7.38941922452691	0.991483444047949
28.375	53.75	0.989497114794287	0.799446852417687	-0.00417918790323581	7.19107976709105	0.993173124616286
28.625	53.75	0.991632353731111	0.799487566285586	-0.00388888288761272	6.99242468274268	0.994561029925222
28.875	53.75	0.993375679708158	0.799524693464961	-0.00361450970061445	6.79351020131113	0.995694191810303
29.125	53.75	0.994790049995689	0.799558762976972	-0.00335656975130562	6.59438365937829	0.996613532497198
29.375	53.75	0.995929994100971	0.799590188396995	-0.00311514615240354	6.39508468359184	0.997354496165631
29.625	53.75	0.996842489598246	0.799619292771237	-0.00289000666930822	6.19564624903598	0.99794761823886
29.875	53.75	0.997567763528102	0.799646329571044	-0.00268068861721845	5.9960956241631	0.998419046293266
30.125	53.75	0.998140033392541	0.799671499783474	-0.00248656773258968	5.79645521163884	0.998791021705152
30.375	53.75	0.998588196101522	0.799694965472596	-0.00230691317062039	5.59674329304676	0.999082327465989
30.625	53.75	0.998936469156963	0.799716860266442	-0.00214093072591637	5.39697468456175	0.999308704952026
30.875	53.75	0.999204985691975	0.799737297265465	-0.00198779621731996	5.19716131026371	0.999483240699784
31.125	53.75	0.999410343466553	0.799756374858554	-0.00184668077257755	4.99731269957829	0.99961672325326
31.375	53.75	0.99956610729706	0.799774180891928	-0.00171676952687304	4.79743641527868	0.999717969743089
31.625	53.75	0.999683264423472	0.799790795580158	-0.00159727503159938	4.59753841847135	0.999794121875257
31.875	53.75	0.999770632785356	0.799806293486709	-0.00148744646695909	4.39762337695042	0.999850911310482
32.125	53.75	0.999835222908336	0.799820744838287	-0.00138657557087806	4.19769492319965	0.999892894890419
32.375	53.75	0.999882554943674	0.799834216375195	-0.00129400003909107	3.99775586812177	0.999923660713388
32.625	53.75	0.999916933203471	0.799846771879429	-0.00120910501754068	3.79780837627905	0.999946006582256
32.875	53.75	0.999941681131717	0.799858472467928	-0.00113132319464551	3.59785410805123	0.999962092735616
33.125	53.75	0.99995933989919	0.799869376701843	-0.00106013390106254	3.39789433369128	0.999973570934473
33.375	53.75	0.999971833659275	0.799879540562765	-0.000995061529276736	3.19793002383446	0.999981691878529
33.625	53.75	0.999980604145697	0.799889017397278	-0.000935673489034785	2.99796192062942	0.999987392694703
33.875	53.75	0.999986717281405	0.799897858019424	-0.000881577823580146	2.79799059330146	0.999991366232914
34.125	53.75	0.999990945607173	0.799906111215853	-0.000832420553000745	2.59801648152983	0.999994114644662
34.375	53.75	0.999993833158054	0.799913824787654	-0.000787882831553388	2.39803992933817	0.999995991552735
34.625	53.75	0.999995753141426	0.799921046844935	-0.000747678145735475	2.198061211091	0.999997239541927
34.875	53.75	0.99999697023497	0.799927826348717	-0.000711550013820677	1.99808054974646	0.99999803065273
35.125	53.75	0.99999771299217	0.799934211237469	-0.000679270811170635	1.79809812638879	0.99999851344491
35.375	53.75	0.999998242645984	0.799940242747422	-0.000650642108983169	1.59811408059578	0.99999885771989
35.625	53.75	0.999998874616274	0.79994594685964	-0.000625495907027554	1.39812850492428	0.999999268500578
35.875	53.75	0.999999886175379	0.799951328646402	-0.000603694318705717	1.19814144396266	0.999999926013996
36.125	53.75	1.00000126542872	0.799956380886669	-0.000585123466496681	0.998152915648481	1.00000082252867
36.375	53.75	1.00000236645123	0.799961119300261	-0.000569677680400012	0.798162971275402	1.0000015381933
36.625	53.75	1.00000174105696	0.799965644800647	-0.000557235474745083	0.598171788856514	1.00000113168702
36.875	53.75	0.999997627432102	0.799970203975333	-0.000547640783261418	0.398179745747365	0.999998457830867
37.125	53.75	0.999989550583652	0.799977763633616	-0.000540718519084163	0.198187354728215	0.999993207879374
37.375	53.75	0.99998089374943	0.39997415671872	-0.00053668511089824	-0.00180637380357742	0.99998758093713
0.125	54.25	-3.67162331249548e-12	0.400000488317604	0.000119162348119014	18.0166819127765	0.349999999997613
0.375	54.25	-5.63688576028888e-12	0.800001466144008	0.000119652811065136	17.9466818273348	0.349999999996336
0.625	54.25	-7.52508896818883e-12	0.800002447534464	0.000120635893369648	17.8766816562429	0.349999999995109
0.875	54.25	-6.78627230777272e-12	0.800003434857063	0.000122115919643858	17.806681399085	0.349999999995589
1.125	54.25	-3.90154479773449e-13	0.80000443046931	0.000124099406480129	17.7366810552383	0.349999999999746
1.375	54.25	1.44361016593268e-11	0.80000543671315	0.000126595098163315	17.6666806238735	0.350000000009383
1.625	54.25	3.88371014653073e-11	0.800006455910922	0.000129614014954013	17.5966801039572	0.350000000025244
1.875	54.25	7.05401787703176e-11	0.800007490361626	0.000133169514000481	17.5266794942536	0.350000000045851
2.125	54.25	1.02085145032483e-10	0.800008542337142	0.000137277363513002	17.4566787933274	0.350000000066355
2.375	54.25	1.19732942147092e-10	0.800009614079255	0.000141955830849361	17.3866779995472	0.350000000077826
2.625	54.25	1.03850043795881e-10	0.80001070779684	0.00014722578501099	17.3166771110892	0.350000000067502
2.875	54.25	3.15416255417023e-11	0.800011825663296	0.00015311081465774	17.2466761259404	0.350000000020502
3.125	54.25	-1.17918764520262e-10	0.800012969815555	0.000159637362247309	17.1766750419026	0.349999999923353
3.375	54.25	-3.5474618998884e-10	0.80001414235297	0.000166834875813388	17.1066738565943	0.349999999769415
3.625	54.25	-6.678986928512e-10	0.800015345338203	0.000174735979359779	17.0366725674525	0.349999999565866
3.875	54.25	-1.01327342711479e-09	0.800016580799226	0.000183376663329874	16.9666711717321	0.349999999341372
4.125	54.25	-1.30325050371162e-09	0.800017850733578	0.000192796497276382	16.8966696665037	0.349999999152887
4.375	54.25	-1.40124141997361e-09	0.800019157115473	0.000203038866009521	16.8266680486497	0.349999999089193
4.625	54.25	-1.12612616372905e-09	0.800020501906468	0.000214151232040065	16.7566663148598	0.349999999268018
4.875	54.25	-2.72201023967161e-10	0.800021887072042	0.000226185426459283	16.6866644616262	0.349999999823069
5.125	54.25	1.35016209254639e-09	0.80002331460436	0.00023919797117243	16.616662485241	0.350000000877605
5.375	54.25	3.85018820686181e-09	0.800024786556326	0.000253250435827298	16.5466603817986	0.350000002502622
5.625	54.25	7.17018365816257e-09	0.800026305085907	0.000268409833173044	16.4766581472034	0.350000004660619
5.875	54.25	1.09848225202271e-08	0.800027872517434	0.000284749056845777	16.4066557771872	0.350000007140135
6.125	54.25	1.46021935284513e-08	0.800029491419186	0.000302347366490321	16.3366532673324	0.350000009491426
6.375	54.25	1.68909789833266e-08	0.800031164702465	0.000321290925044116	16.2666506131009	0.350000010979136
6.625	54.25	1.62656686743315e-08	0.800032895743584	0.000341673393990004	16.1966478098602	0.350000010572685
6.875	54.25	1.07667817975885e-08	0.800034688532089	0.000363596592666117	16.1266448528935	0.350000006998408
7.125	54.25	-1.72606367384952e-09	0.800036547848387	0.00038717122798636	16.0566417373795	0.349999998878059
7.375	54.25	-2.3115480633944e-08	0.80003847947338	0.000412517701953875	15.9866384583164	0.349999984974938
7.625	54.25	-5.4521899035905e-08	0.800040490434689	0.000439767004363577	15.9166350103658	0.349999964560766
7.875	54.25	-9.55346379712393e-08	0.800042589294064	0.000469061699268823	15.8466313875876	0.349999937902485
8.125	54.25	-1.43310616740176e-07	0.800044786482089	0.000500557014152061	15.7766275830383	0.349999906848099
8.375	54.25	-1.91593622183498e-07	0.800047094687768	0.000534422042232141	15.7066235882132	0.349999875464146
8.625	54.25	-2.29777386767406e-07	0.800049529312855	0.000570841069499229	15.6366193923217	0.349999850644699
8.875	54.25	-2.42194693338107e-07	0.80005210900211	0.00061001504069911	15.5666149814059	0.349999842573449
9.125	54.25	-2.07880378672598e-07	0.800054856264479	0.000652163181145282	15.4966103373386	0.349999864877754
9.375	54.25	-1.01124977239914e-07	0.800057798202241	0.00069752479578654	15.4266054367716	0.349999934268765
9.625	54.25	1.06798113004402e-07	0.800060967369661	0.000746361271987326	15.3566002501498	0.350000069418773
9.875	54.25	4.44295283260267e-07	0.800064402787636	0.000798958319379929	15.2865947409583	0.350000288791934
10.125	54.25	9.3404186478259e-07	0.800068151146666	0.000855628487326918	15.2165888654266	0.350000607127212
10.375	54.25	1.58505614973304e-06	0.800072268237805	0.000916714007862619	15.1465825729725	0.350001030286497
10.625	54.25	2.38191530309044e-06	0.800076820658705	0.000982590017803687	15.0765758077164	0.350001548244947
10.875	54.25	3.27098167468351e-06	0.800081887847851	0.00105366821511389	15.0065685114308	0.350002126138089
11.125	54.25	4.14387388321767e-06	0.800087564504144	0.00113040099868718	14.9365606282808	0.350002693518024
11.375	54.25	4.81898085129071e-06	0.80009396344413	0.00121328612190624	14.8665521116476	0.350003132337553
11.625	54.25	5.02261842866214e-06	0.800101218933505	0.00130287185294776	14.7965429331774	0.350003264701979
11.875	54.25	4.37249509366094e-06	0.800109490496571	0.00139976257147703	14.7265330939224	0.350002842121811
12.125	54.25	2.36749147357526e-06	0.800118967146729	0.00150462463342961	14.6565226370241	0.350001538869458
12.375	54.25	-1.61065804195516e-06	0.800129871889162	0.00161819219479199	14.5865116607754	0.349998953072273
12.625	54.25	-8.27643211598705e-06	0.800142466212568	0.00174127249364491	14.5165003300821	0.349994620319125
12.875	54.25	-1.83911647670758e-05	0.800157054103357	0.00187474984005821	14.4464888833012	0.349988045742901
13.125	54.25	-3.2674368655855e-05	0.800173984877504	0.00201958725392324	14.3764776301723	0.349978761660374
13.375	54.25	-5.16634314390506e-05	0.800193653829087	0.00217682432232007	14.3064669351084	0.349966418769565
13.625	54.25	-7.55085044233846e-05	0.800216499340201	0.00234756943132076	14.2364571785355	0.349950919472125
13.875	54.25	-0.00010368930311639	0.800242994689258	0.00253298408170291	14.1664486873514	0.349932601952974
14.125	54.25	-0.000134641410704265	0.800273632347798	0.00273425655781931	14.0964416240412	0.349912483083042
14.375	54.25	-0.000165281639658697	0.800308898086914	0.00295256183309083	14.0264358226669	0.349892566934222
14.625	54.25	-0.000190425066318548	0.800349231757638	0.00318900433529716	13.9564305589997	0.349876223706893
14.875	54.25	-0.000202090355052425	0.800394971212794	0.00344454015129232	13.8864242416148	0.349868641269216
15.125	54.25	-0.000188694599847761	0.800446275570651	0.00371987554177096	13.8164140109186	0.349877348510099
15.375	54.25	-0.00013414361932566	0.800503023984028	0.0040153394016165	13.7463952338756	0.349912806647438
15.625	54.25	-1.68277828579111e-05	0.800564686414016	0.00433072869812655	13.6763608835905	0.349989061941142
15.875	54.25	0.000191463730633943	0.800630163803485	0.00466512811093125	13.6063007947415	0.350124451424912
16.125	54.25	0.000526696576484583	0.800697596750231	0.00501670822644302	13.5362007879001	0.350342352774715
16.375	54.25	0.0010338010344873	0.800764144593142	0.00538251079390525	13.4660416576295	0.350671970672417
16.625	54.25	0.00176793110654405	0.80082574108696	0.0057582347021845	13.3957980205138	0.351149155219254
16.875	54.25	0.00279577392394322	0.800876838888401	0.00613804227437617	13.3254370194172	0.351817253050563
17.125	54.25	0.00419692057740148	0.800910163162768	0.00651441171023361	13.2549168788808	0.352727998375311
17.375	54.25	0.0060653204928708	0.800916504789479	0.00687806718010173	13.1841853032617	0.353942458320366
17.625	54.25	0.00851085113160003	0.800884595547373	0.00721802188864548	13.1131777038867	0.35553205323554
17.875	54.25	0.0116610397383993	0.800801120301004	0.00752176963376563	13.0418152343541	0.35757967582996
18.125	54.25	0.0156629693101622	0.800650932669433	0.00777565488079876	12.970002604924	0.360180930051605
18.375	54.25	0.0206853801908414	0.800417547806819	0.00796543798993496	12.8976256392282	0.363445497124047
18.625	54.25	0.0269209323826498	0.80008398426398	0.00807704930816438	12.8245485319342	0.367498606048722
18.875	54.25	0.0345885090510969	0.799634010704026	0.00809749308354111	12.7506107686977	0.372482530883213
19.125	54.25	0.043935302135265	0.799053816296757	0.00801582186992022	12.6756236859864	0.378557946387922
19.375	54.25	0.0552382066167224	0.798334060902688	0.00782406042778464	12.5993666870901	0.38590483430087
19.625	54.25	0.068803741734906	0.797472171829852	0.00751792602971596	12.5215832036991	0.394722432127689
19.875	54.25	0.0849653072195369	0.796474645441111	0.00709718488314358	12.4419766141485	0.405227449692699
20.125	54.25	0.104076094728098	0.795359004126153	0.00656551892527807	12.3602065139431	0.417649461573264
20.375	54.25	0.126495501642576	0.794154985970228	0.00592986534708175	12.2758859893983	0.432222076067674
20.625	54.25	0.152566644808296	0.792904547883334	0.00519932969911499	12.1885808610254	0.449168319125393
20.875	54.25	0.182582910023576	0.791660376289447	0.00438393381846001	12.0978121936901	0.468678891515325
21.125	54.25	0.216742898548345	0.790482821429746	0.00349358477016725	12.0030636133813	0.490882884056424
21.375	54.25	0.255096112200354	0.789435446626757	0.00253766732941327	11.9037949566802	0.51581247293023
21.625	54.25	0.297486299649078	0.788579617157997	0.00152551534137373	11.7994632954534	0.5433660947719
21.875	54.25	0.343504637117906	0.787968671852525	0.000467714662010406	11.6895512507391	0.573278014126639
22.125	54.25	0.392468566827904	0.787642248800564	-0.000622171133134061	11.5736007458685	0.605104568438138
22.375	54.25	0.443441043180059	0.7876213932669	-0.00172612203117297	11.4512482979279	0.638236678067038
22.625	54.25	0.495296944925691	0.787905234313579	-0.00282111679839726	11.3222563244066	0.671943014201699
22.875	54.25	0.546829627400578	0.788470140328155	-0.00387994340939536	11.1865345989072	0.705439257810376
23.125	54.25	0.596876378385592	0.789272047740057	-0.00487333620185774	11.0441474397859	0.737969645950635
23.375	54.25	0.644434092958131	0.790251936878742	-0.00577296629772596	10.8953052034488	0.768882160422785
23.625	54.25	0.688740035158696	0.791343451482128	-0.0065545521422903	10.74034214356	0.797681022853152
23.875	54.25	0.72930519287043	0.792480962593838	-0.00720036724612499	10.5796853892272	0.824048375365779
24.125	54.25	0.765902798118088	0.793606358417291	-0.00770066251217062	10.4138208320065	0.847836818776757
24.375	54.25	0.798525367251812	0.794673450956287	-0.00805386465076906	10.2432610580046	0.869041488713678
24.625	54.25	0.827327159112579	0.795649739837656	-0.0082657212508693	10.0685187470705	0.887762653423176
24.875	54.25	0.852566437451332	0.796515961317638	-0.0083477481673026	9.89008701092855	0.904168184343366
25.125	54.25	0.874556540942521	0.797264185620469	-0.00831537829619898	9.70842656735758	0.918461751612639
25.375	54.25	0.893629399303821	0.797895238031015	-0.00818614819676626	9.52395869676978	0.930859109547484
25.625	54.25	0.910111317158924	0.798416044162047	-0.00797814567484018	9.33706255848738	0.9415723561533
25.875	54.25	0.924308848078415	0.798837271022143	-0.00770882499024497	9.14807547579595	0.95080075125097
26.125	54.25	0.936501984417725	0.799171435579184	-0.00739420473137256	8.95729503718428	0.958726289871521
26.375	54.25	0.946942109871988	0.799431512873806	-0.00704840561913172	8.76498216091575	0.965512371416792
26.625	54.25	0.955852723623248	0.799629995513687	-0.00668345825072014	8.57136454752128	0.971304270355111
26.875	54.25	0.963431552392136	0.799778321090322	-0.00630930547026496	8.3766401648648	0.976230509054888
27.125	54.25	0.969853179537878	0.799886577263165	-0.00593393160265994	8.18098056776643	0.98040456669962
27.375	54.25	0.97527169763583	0.799963402691255	-0.00556356405242631	7.9845339576606	0.983926603463289
27.625	54.25	0.979823142099132	0.800016016722745	-0.00520290707481281	7.78742795068203	0.986885042364436
27.875	54.25	0.98362761634401	0.800050326550105	-0.00485538033748262	7.58977205752495	0.989357950623607
28.125	54.25	0.986791103435913	0.800071074784018	-0.0045233451786091	7.39165989546097	0.991414217233344
28.375	54.25	0.98940699965875	0.800082002080979	-0.00420830909980446	7.19317115924248	0.993114549778187
28.625	54.25	0.991557419863264	0.800086008452451	-0.00391110432705041	6.99437337807875	0.994512322911121
28.875	54.25	0.993314324658012	0.800085303476063	-0.00363203970769321	6.79532348347766	0.995654311027708
29.125	54.25	0.994740512903872	0.800081540260195	-0.00337102726952267	6.59606920928899	0.996581333387517
29.375	54.25	0.995890513885008	0.800075931129333	-0.00312768586405871	6.3966503417584	0.997328834025255
29.625	54.25	0.996811404317127	0.800069344991482	-0.00290142477636019	6.19709983429414	0.997927412806132
29.875	54.25	0.997543567189096	0.800062387540384	-0.00269151024838335	5.99744479915425	0.998403318672913
30.125	54.25	0.998121402798639	0.800055466081256	-0.00249711769979762	5.79770738640198	0.998778911819115
30.375	54.25	0.998573997335594	0.8000488410328	-0.00231737215200044	5.59790555918348	0.999073098268136
30.625	54.25	0.99892575088188	0.800042666184478	-0.00215137903866922	5.39805377354312	0.999301738073222
30.875	54.25	0.999196964529906	0.800037019670163	-0.00199824726272006	5.19816357048787	0.999478026944439
31.125	54.25	0.999404385223919	0.800031927423687	-0.00185710605785184	4.99824408772626	0.999612850395547
31.375	54.25	0.999561706649941	0.800027380651913	-0.00172711694426533	4.798302498341	0.999715109322462
31.625	54.25	0.999680024806101	0.800023348625895	-0.00160748183567922	4.59834438352673	0.999792016123966
31.875	54.25	0.99976824757395	0.800019787866944	-0.00149744815818442	4.39837404637763	0.999849360923068
32.125	54.25	0.999833458513836	0.800016648600283	-0.00139631167798987	4.19839477350484	0.999891748033993
32.375	54.25	0.999881236078436	0.800013879167162	-0.00130341760168117	3.99840905097779	0.999922803450983
32.625	54.25	0.999915930339132	0.800011428926017	-0.00121816040499856	3.79841874071445	0.999945354720436
32.875	54.25	0.999940900005433	0.800009250037291	-0.00113998275861651	3.59842522300418	0.999961585003532
33.125	54.25	0.999958712857016	0.80000729842238	-0.00106837384357571	3.39842951036674	0.99997316335706
33.375	54.25	0.999971312658631	0.800005534129273	-0.0010028672753906	3.19843233747363	0.99998135322811
33.625	54.25	0.999980155360578	0.800003921336343	-0.000943038778215775	2.99843423141981	0.999987100984376
33.875	54.25	0.999986317386691	0.800002428268073	-0.000888503675107427	2.79843556622665	0.999991106301349
34.125	54.25	0.999990579792728	0.800001027319554	-0.000838914215064778	2.5984366049979	0.999993876865273
34.375	54.25	0.999993494519301	0.799999695570829	-0.000793956789582114	2.39843753247733	0.999995771437546
34.625	54.25	0.999995442206088	0.79999841549077	-0.000753349241701495	2.1984384797205	0.999997037433957
34.875	54.25	0.999996692320062	0.799997174982466	-0.000716838713867775	1.99843954126801	0.99999785000804
35.125	54.25	0.999997470830045	0.799995965327298	-0.000684200650875439	1.79844078416071	0.999998356039529
35.375	54.25	0.999998023858576	0.799994775802939	-0.000655239336881047	1.59844224854528	0.999998715508074
35.625	54.25	0.99999863941755	0.799993585773856	-0.00062978932541172	1.39844394283096	0.999999115621407
35.875	54.25	0.999999569120446	0.799992359302867	-0.0006077152732797	1.19844584259862	0.99999971992829
36.125	54.25	1.00000081042805	0.799991052278613	-0.000588905863545596	0.998447908806451	1.00000052677823
36.375	54.25	1.00000180566564	0.799989642978562	-0.000573257846961821	0.798450139750756	1.00000117368267
36.625	54.25	1.00000129395171	0.799988186562607	-0.000560651709545456	0.598452652244163	1.00000084106861
36.875	54.25	0.999997736132485	0.79998686795101	-0.000550932688170192	0.398455744826162	0.999998528486115
37.125	54.25	0.999990711540748	0.799988246043548	-0.00054392670387257	0.198459842018221	0.999993962501486
37.375	54.25	0.999983165073318	0.399979958995181	-0.000539858344048749	-0.00153593226771831	0.999989057297657
0.125	54.75	-3.64314211959316e-12	0.400000976403299	0.000116232902525864	18.0166612309331	0.349999999997632
0.375	54.75	-5.60310232314538e-12	0.800002932561869	0.000116714289412227	17.9466610600768	0.349999999996358
0.625	54.75	-7.49695579301587e-12	0.80000489877865	0.000117679204745427	17.8766607177778	0.349999999995127
0.875	54.75	-6.79223260325344e-12	0.800006881790667	0.000119131943260385	17.8066602028618	0.349999999995585
1.125	54.75	-4.75217845898355e-13	0.800008888383611	0.000121078976183334	17.7366595135632	0.349999999999691
1.375	54.75	1.42177449731745e-11	0.800010925411539	0.000123528986308795	17.6666586475197	0.350000000009242
1.625	54.75	3.8439626871442e-11	0.800012999817736	0.000126492915249395	17.5966576017655	0.350000000024986
1.875	54.75	6.99561691121558e-11	0.800015118656663	0.00012998402311437	17.5266563727227	0.350000000045471
2.125	54.75	1.01387130334706e-10	0.800017289117448	0.000134017961137265	17.4566549561916	0.350000000065902
2.375	54.75	1.19118839404186e-10	0.800019518548491	0.000138612857409837	17.3866533473384	0.350000000077427
2.625	54.75	1.03674952957396e-10	0.800021814484567	0.000143789417010164	17.3166515406809	0.350000000067389
2.875	54.75	3.23086335876127e-11	0.800024184675632	0.000149571036533152	17.2466495300717	0.350000000021001
3.125	54.75	-1.15638017994985e-10	0.800026637118639	0.000155983934293002	17.1766473086784	0.349999999924835
3.375	54.75	-3.5047693618383e-10	0.800029180092514	0.000163057296996303	17.1066448689594	0.34999999977219
3.625	54.75	-6.6150260753422e-10	0.800031822196757	0.000170823443950545	17.0366422026363	0.349999999570023
3.875	54.75	-1.00522259179934e-09	0.800034572394635	0.000179318010110501	16.9666393006599	0.349999999346605
4.125	54.75	-1.29488558563692e-09	0.800037440061723	0.000188580149391024	16.8966361531717	0.349999999158324
4.375	54.75	-1.39497681517413e-09	0.800040435040925	0.000198652759595918	16.8266327494595	0.349999999093265
4.625	54.75	-1.12558287736212e-09	0.800043567705745	0.000209582731129636	16.7566290779069	0.349999999268371
4.875	54.75	-2.82234278270477e-10	0.800046849033613	0.00022142122126264	16.6866251259396	0.349999999816548
5.125	54.75	1.32364511480022e-09	0.800050290691954	0.000234223956428711	16.6166208799672	0.350000000860369
5.375	54.75	3.80083373346211e-09	0.800053905140091	0.000248051565078982	16.5466163253243	0.350000002470542
5.625	54.75	7.09251152802873e-09	0.800057705749734	0.000262969944003179	16.476611446212	0.350000004610132
5.875	54.75	1.08765337744777e-08	0.800061706948661	0.000279050661705247	16.4066062256398	0.350000007069747
6.125	54.75	1.44675968985411e-08	0.800065924390177	0.000296371401919658	16.3366006453675	0.350000009403938
6.375	54.75	1.67454198503488e-08	0.800070375153645	0.000315016451812129	16.2665946858434	0.350000010884523
6.625	54.75	1.61405100520248e-08	0.80007507797869	0.000335077238455862	16.1965883261301	0.350000010491332
6.875	54.75	1.07140727185863e-08	0.800080053538293	0.00035665291853257	16.1265815438044	0.350000006964147
7.125	54.75	-1.63059358486262e-09	0.800085324754982	0.000379851025691487	16.0565743148152	0.349999998940114
7.375	54.75	-2.27730301240227e-08	0.800090917165164	0.000404788180687881	15.9865666132732	0.34999998519753
7.625	54.75	-5.38173330414487e-08	0.800096859336859	0.000431590869504023	15.9165584111473	0.349999965018733
7.875	54.75	-9.43524050668441e-08	0.800103183348512	0.000460396294965948	15.846549677836	0.349999938670937
8.125	54.75	-1.41563187126479e-07	0.800109925336384	0.000491353308289336	15.7765403795874	0.349999907983928
8.375	54.75	-1.8926559579418e-07	0.800117126120698	0.000524623427539099	15.7065304787446	0.349999876977363
8.625	54.75	-2.26987414425052e-07	0.800124831922071	0.000560381951970007	15.636519932804	0.349999852458181
8.875	54.75	-2.39275116002008e-07	0.800133095182273	0.000598819183570319	15.5665086932968	0.349999844471175
9.125	54.75	-2.05470548879784e-07	0.800141975505008	0.000640141770928256	15.4964967045238	0.349999866444143
9.375	54.75	-1.00268109778413e-07	0.80015154073577	0.000684574195997568	15.4264839022131	0.349999934825729
9.625	54.75	1.04573392067582e-07	0.800161868201703	0.000732360431446024	15.3564702122114	0.350000067972705
9.875	54.75	4.36938928130744e-07	0.800173046137138	0.000783765805717688	15.2864555493698	0.350000284010303
10.125	54.75	9.19036111892962e-07	0.800185175322968	0.000839079123618711	15.2164398168411	0.350000597373473
10.375	54.75	1.55961878647273e-06	0.800198370973068	0.000898615103192028	15.1464229060628	0.350001013752211
10.625	54.75	2.34342829155341e-06	0.800212764903113	0.000962717201234518	15.0764046977466	0.350001523228389
10.875	54.75	3.21773469208658e-06	0.800228508018159	0.00103176091124815	15.0063850642275	0.35000209152755
11.125	54.75	4.07622058462251e-06	0.800245773149663	0.00110615762265631	14.9363638735196	0.35000264954338
11.375	54.75	4.74100409095762e-06	0.800264758257905	0.00118635912807326	14.8663409953609	0.350003081652659
11.625	54.75	4.94438433470407e-06	0.800285689984992	0.00127286284925329	14.7963163093854	0.350003213849818
11.875	54.75	4.31293961610264e-06	0.800308827490504	0.00136621781752349	14.726289715298	0.35000280341075
12.125	54.75	2.35792220795949e-06	0.800334466417183	0.0014670313847929	14.6562611445158	0.350001532649435
12.375	54.75	-1.52255032516621e-06	0.800362942708363	0.00157597655081946	14.5862305721535	0.349999010342289
12.625	54.75	-8.02227380656999e-06	0.800394635823551	0.00169379966437086	14.5161980274365	0.349994785522026
12.875	54.75	-1.78776723904121e-05	0.800429970663549	0.00182132808903298	14.4461635996154	0.349988379512946
13.125	54.75	-3.17797070796142e-05	0.800469417214501	0.00195947721388647	14.3761274352346	0.349979343190398
13.375	54.75	-5.02348159742082e-05	0.800513486549637	0.00210925593970145	14.3060897212078	0.349967347369617
13.625	54.75	-7.3361818467644e-05	0.80056272138623	0.0022717694869592	14.2360506466198	0.349952314817996
13.875	54.75	-0.000100611546044963	0.800617678894165	0.00244821806496136	14.1660103346153	0.349934602495071
14.125	54.75	-0.000130396718162838	0.8006789029087	0.00263988962832253	14.0959687342394	0.349915242133194
14.375	54.75	-0.000159621378080288	0.800746882143439	0.00284814465009728	14.0259254608186	0.349896246104248
14.625	54.75	-0.000183102041254564	0.800821990481966	0.00307439058900992	13.9558795725324	0.349880983673185
14.875	54.75	-0.000192876440007986	0.800904405016764	0.00332004355283817	13.8858292703652	0.349874630313995
15.125	54.75	-0.000177400055730023	0.800993997311992	0.00358647459832726	13.8157715087293	0.349884689963775
15.375	54.75	-0.000120635030856012	0.801090193531819	0.00387493819580618	13.7457015047417	0.349921587229944
15.625	54.75	-1.03993041554388e-06	0.801191799803161	0.00418648065794345	13.6756121353713	0.34999932404523
15.875	54.75	0.000209528507837676	0.801296790719254	0.00452182681161628	13.6054932132992	0.350136193530094
16.125	54.75	0.000546989689737965	0.801402061562905	0.00488124388997845	13.5353306340957	0.35035554329833
16.375	54.75	0.00105627916069476	0.80150314900334	0.00526438252442471	13.4651053888631	0.350686581454452
16.625	54.75	0.00179264802473316	0.801593931088192	0.00567009577792536	13.3947924374115	0.351165221216077
16.875	54.75	0.00282302200501089	0.80166632566479	0.00609623830362736	13.3243594368752	0.351834964303257
17.125	54.75	0.00422742838833312	0.801710017114969	0.00653944882867443	13.2537653190486	0.352747828452417
17.375	54.75	0.00610050718032057	0.801712254351198	0.0069949201481578	13.1829587063539	0.353965329667208
17.625	54.75	0.00855312863347326	0.801657777712747	0.00745616162753587	13.1118761512181	0.355559533611758
17.875	54.75	0.0117141396118044	0.801528947176467	0.00791475998015698	13.0404401770569	0.357614190747673
18.125	54.75	0.0157322515267153	0.801306156418765	0.00836014526273722	12.9685570919133	0.360225963492365
18.375	54.75	0.0207780567534931	0.800968622517194	0.00877937158083788	12.8961145396534	0.363505736889771
18.625	54.75	0.0270461103772454	0.800495633652666	0.00915692755118266	12.8229787510891	0.367579971745209
18.875	54.75	0.0347569290460693	0.799868309992069	0.00947460243196038	12.7489914624486	0.372592003879945
19.125	54.75	0.0441586249289948	0.799071878745364	0.00971145257872945	12.6739664870096	0.378703106203847
19.375	54.75	0.0555276944854971	0.79809837801168	0.00984394125911549	12.5976859654885	0.386093001415573
19.625	54.75	0.0691682046556233	0.79694958599414	0.00984636166351745	12.5198963924217	0.394959333026155
19.875	54.75	0.085408259608451	0.795639833538768	0.00969169089988961	12.440304631734	0.405515368745493
20.125	54.75	0.104592215146051	0.794198224932695	0.00935304512713269	12.3585743071251	0.417984939844933
20.375	54.75	0.127066721507945	0.792669707094289	0.0088058852360871	12.2743231883022	0.432593368980164
20.625	54.75	0.153158506151491	0.791114443127179	0.00803102486191854	12.1871224830794	0.449553028998469
20.875	54.75	0.183142177168086	0.789605106443307	0.00701829269720492	12.0964992470255	0.469042415159256
21.125	54.75	0.217197668479466	0.788222022869426	0.00577040751375784	12.001943346189	0.491178484511653
21.375	54.75	0.25535965608395	0.787046495161961	0.00430630566933988	11.9029204042904	0.515983776454568
21.625	54.75	0.297465369985512	0.786153034826246	0.00266295147535726	11.7988917418222	0.543352490490583
21.875	54.75	0.343111874935448	0.785601482270393	0.000894719609713084	11.6893413071413	0.573022718708041
22.125	54.75	0.391637101880691	0.785430070879471	-0.000930140059927888	11.5738080013095	0.604564116222449
22.375	54.75	0.442137951369682	0.785650434083818	-0.00273572468787728	11.4519198974795	0.637389668390293
22.625	54.75	0.49353171942863	0.786245435069978	-0.00444637707570212	11.3234252757669	0.67079561762861
22.875	54.75	0.544654826683998	0.787170476719841	-0.00599472465007546	11.1882149112919	0.704025637344599
23.125	54.75	0.594379972029863	0.788358479172446	-0.00732827285658299	11.0463311880629	0.736346981819411
23.375	54.75	0.641725711621003	0.789727940958974	-0.00841340047236193	10.8979622291683	0.767121712553652
23.625	54.75	0.68593504769281	0.791192658027995	-0.00923632656344588	10.743422474697	0.795857781000327
23.875	54.75	0.726510573048228	0.792671190142152	-0.00980135089431784	10.5831238251172	0.822231872481348
24.125	54.75	0.763207380396965	0.794094325924421	-0.010127182972552	10.4175427293725	0.846084797258027
24.375	54.75	0.795995233867706	0.795409521438632	-0.0102423693206899	10.2471882704657	0.867396902014009
24.625	54.75	0.8250054142362	0.796582198300578	-0.0101807346526373	10.0725748662856	0.88625351925353
24.875	54.75	0.850475899888701	0.797594503119091	-0.00997748205152187	9.89420139695367	0.902809334927656
25.125	54.75	0.872703849492534	0.798442466561642	-0.00966627781950197	9.71253700012037	0.917257502170147
25.375	54.75	0.892009377976149	0.799132488674742	-0.00927737407883433	9.52801274144684	0.929806095684497
25.625	54.75	0.908710904270243	0.799677859659403	-0.00883664184423105	9.34101788668366	0.940662087775658
25.875	54.75	0.923110280828829	0.80009574776	-0.00836530140971573	9.15189943552503	0.950021682538739
26.125	54.75	0.935485188720547	0.80040484274647	-0.00788012316533713	8.96096374941592	0.958065372668355
26.375	54.75	0.946086382752566	0.800623673020086	-0.00739390117892228	8.76847937088783	0.964956148789168
26.625	54.75	0.955137847644984	0.800769517139659	-0.00691604900771665	8.57468039903084	0.97083960096924
26.875	54.75	0.962838484333123	0.800857789656479	-0.00645321553612787	8.37977000966717	0.97584501481653
27.125	54.75	0.969364435566619	0.800901776278001	-0.00600985946766178	8.18392387656982	0.980086883118303
27.375	54.75	0.97487153064352	0.800912607652441	-0.00558875151188204	7.98729336552558	0.983666494918288
27.625	54.75	0.979497581732302	0.800899382866317	-0.00519139373200273	7.7900084467747	0.986673428125996
27.875	54.75	0.983364421737217	0.800869376231171	-0.00481835786877863	7.59218031493709	0.989186874129191
28.125	54.75	0.986579663129815	0.800828280720966	-0.00446955097091511	7.39390372887914	0.99127678103438
28.375	54.75	0.989238202036737	0.800780457291797	-0.00414441932901439	7.19525909461177	0.993004831323879
28.625	54.75	0.991423509666975	0.800729171243536	-0.00384210206024141	6.99631431750176	0.994425281283534
28.875	54.75	0.99320875582198	0.800676805288621	-0.00356154479574459	6.79712644928665	0.995585691284287
29.125	54.75	0.994657804339593	0.800625044769004	-0.00330158247450756	6.59774315276425	0.996527572820735
29.375	54.75	0.99582611239859	0.800575034184882	-0.00306099865887763	6.39820400384502	0.997286973059084
29.625	54.75	0.996761557180642	0.800527506443148	-0.00283856728282602	6.19854164759698	0.997895012167418
29.875	54.75	0.997505205745672	0.80048288745591	-0.00263308142821913	5.99878282230206	0.998378383734687
30.125	54.75	0.998092037694239	0.800441379260944	-0.00244337263083917	5.79894926348699	0.998759824501255
30.375	54.75	0.998551625424297	0.80040302494435	-0.00226832334112699	5.59905849837513	0.999058556525793
30.625	54.75	0.998908773473275	0.800367758493638	-0.00210687448109632	5.39912454014694	0.999290702757629
30.875	54.75	0.999184116389527	0.800335442415338	-0.00195802951749118	5.19915849069126	0.999469675653192
31.125	54.75	0.999394673568995	0.800305895592966	-0.00182085608108995	4.99916906006723	0.999606537819847
31.375	54.75	0.999554359281691	0.800278913488827	-0.00169448587433011	4.79916301057973	0.999710333533099
31.625	54.75	0.999674446470246	0.800254282436647	-0.00157811340025352	4.59914553311866	0.99978839020566
31.875	54.75	0.999763983629323	0.800231789448008	-0.00147099389545722	4.39912056316298	0.99984658935906
32.125	54.75	0.999830165002323	0.800211228669942	-0.00137244074339042	4.19909104356191	0.99988960725151
32.375	54.75	0.999878655317638	0.800192405384775	-0.00128182257077452	3.99905914085366	0.999921125956465
32.625	54.75	0.999913871198057	0.80017513823276	-0.00119856018008053	3.79902642146002	0.999944016278737
32.875	54.75	0.999939222080388	0.800159260163763	-0.00112212343647955	3.59899399361171	0.999960494352252
33.125	54.75	0.999957313859629	0.80014461848931	-0.00105202819901719	3.39896262034311	0.999972254008759
33.375	54.75	0.999970118482911	0.800131074321843	-0.000987833353025112	3.19893280838249	0.999980577013892
33.625	54.75	0.999979112508114	0.800118501661155	-0.000929137958068597	2.99890487728849	0.999986423130274
33.875	54.75	0.99998538762894	0.800106786406164	-0.000875578479601084	2.79887901274056	0.999990501958811
34.125	54.75	0.999989736974129	0.800095825578328	-0.000826826050557549	2.59885530741105	0.999993329033184
34.375	54.75	0.999992723039644	0.800085526936053	-0.000782583758834149	2.39883379219084	0.999995269975769
34.625	54.75	0.999994735863805	0.80007580882587	-0.000742584118907191	2.19881445958121	0.999996578311473
34.875	54.75	0.999996051155717	0.800066599550563	-0.000706587136725083	1.99879727986095	0.999997433251216
35.125	54.75	0.999996893371251	0.800057835009809	-0.000674379553291346	1.79878220967535	0.999997980691313
35.375	54.75	0.999997494322011	0.800049453539966	-0.000645775624139532	1.59876919297949	0.999998371309307
35.625	54.75	0.999998115240539	0.800041388609579	-0.000620618787086162	1.3987581569668	0.999998774906351
35.875	54.75	0.999998982653309	0.800033563693016	-0.000598781742491249	1.19874901092703	0.999999338724651
36.125	54.75	1.00000010402941	0.800025897943262	-0.000580160659042347	0.998741661411687	1.00000006761912
36.375	54.75	1.00000101079796	0.800018332153461	-0.000564659554810422	0.798736056187904	1.00000065701868
36.625	54.75	1.00000063037627	0.800010875595909	-0.000552166337260952	0.598732253237312	1.00000040974457
36.875	54.75	0.999997646867858	0.800003651442628	-0.000542534122674577	0.398730474557643	0.999998470464108
37.125	54.75	0.999991692845128	0.799998808684099	-0.000535597217169199	0.198731058666279	0.999994600349333
37.375	54.75	0.999985270313017	0.399985802722401	-0.000531587078694966	-0.00126675345495984	0.999990425703461
0.125	55.25	-3.61888906676651e-12	0.40000145109134	0.000111377909478961	18.0166412325172	0.349999999997648
0.375	55.25	-5.57072729257575e-12	0.800004358748318	0.0001118416539658	17.946640978591	0.349999999996379
0.625	55.25	-7.46213060363029e-12	0.800007282842053	0.000112771223269654	17.8766404697806	0.34999999999515
0.875	55.25	-6.77614864299727e-12	0.800010234399968	0.000114170789120065	17.8066397041671	0.349999999995596
1.125	55.25	-5.14770646964946e-13	0.800013224555617	0.000116046636836961	17.7366386788626	0.349999999999665
1.375	55.25	1.40751361737912e-11	0.800016264591802	0.000118407198749257	17.666637389999	0.350000000009149
1.625	55.25	3.81492449474959e-11	0.80001936598563	0.000121263099241833	17.5966358327133	0.350000000024797
1.875	55.25	6.94980589523301e-11	0.800022540454957	0.000124627211326534	17.5266340011285	0.350000000045174
2.125	55.25	1.00795242857735e-10	0.800025800007651	0.000128514725518568	17.4566318883316	0.350000000065517
2.375	55.25	1.18512959629455e-10	0.800029156992843	0.000132943231216979	17.3866294863463	0.350000000077033
2.625	55.25	1.03289036117184e-10	0.800032624155885	0.000137932810998091	17.3166267861019	0.350000000067138
2.875	55.25	3.25069246707808e-11	0.800036214696323	0.000143506148615525	17.2466237773967	0.35000000002113
3.125	55.25	-1.14370018548021e-10	0.800039942330948	0.000149688651324307	17.1766204488561	0.349999999925659
3.375	55.25	-3.47587080930078e-10	0.800043821361281	0.000156508587091488	17.1066167878833	0.349999999774068
3.625	55.25	-6.56500397360021e-10	0.800047866747106	0.000163997237764924	17.0366127806035	0.349999999573275
3.875	55.25	-9.97909016242216e-10	0.800052094186869	0.000172189069011056	16.9666084117994	0.349999999351359
4.125	55.25	-1.28569423995655e-09	0.800056520206183	0.00018112191794472	16.8966036648376	0.349999999164299
4.375	55.25	-1.38539498399453e-09	0.800061162255528	0.000190837199907868	16.8265985215864	0.349999999099493
4.625	55.25	-1.11856305233626e-09	0.800066038819496	0.000201380135430991	16.7565929623237	0.349999999272934
4.875	55.25	-2.82447572590821e-10	0.800071169539887	0.00021279999900733	16.6865869656367	0.349999999816409
5.125	55.25	1.30990401254721e-09	0.800076575355463	0.000225150391431645	16.6165805083133	0.350000000851438
5.375	55.25	3.76629655708271e-09	0.80008227866146	0.000238489537393799	16.5465735652277	0.350000002448093
5.625	55.25	7.03033875199481e-09	0.800088303493903	0.000252880610589269	16.4765661092207	0.35000000456972
5.875	55.25	1.07826284476758e-08	0.80009467574131	0.000268392088344599	16.4065581109749	0.350000007008708
6.125	55.25	1.43439034825082e-08	0.800101423389606	0.000285098138266124	16.3365495388835	0.350000009323537
6.375	55.25	1.66041182627424e-08	0.800108576803549	0.000303079039217792	16.2665403589084	0.350000010792677
6.625	55.25	1.60087442938468e-08	0.80011616905085	0.00032242163949075	16.1965305344176	0.350000010405684
6.875	55.25	1.06384563538123e-08	0.80012423627304	0.000343219854570454	16.1265200259905	0.350000006914997
7.125	55.25	-1.5809753054821e-09	0.800132818108983	0.000365575207205787	16.0565087911693	0.349999998972366
7.375	55.25	-2.25070200144934e-08	0.800141958177324	0.000389597412442904	15.9864967841361	0.349999985370437
7.625	55.25	-5.32280463685769e-08	0.800151704624729	0.000415405009779714	15.9164839552832	0.34999996540177
7.875	55.25	-9.33326069548203e-08	0.800162110748517	0.000443126045617486	15.8464702506499	0.349999939333805
8.125	55.25	-1.40033045177931e-07	0.800173235703358	0.000472898808360973	15.7764556111946	0.349999908978521
8.375	55.25	-1.8721584085354e-07	0.800185145304524	0.00050487262049731	15.7064399718799	0.349999878309703
8.625	55.25	-2.24539721389975e-07	0.800197912941246	0.00053920869286793	15.6364232605568	0.349999854049181
8.875	55.25	-2.36758975692444e-07	0.800211620617633	0.000576081049701727	15.5664053966553	0.349999846106666
9.125	55.25	-2.03511616120346e-07	0.800226360140212	0.000615677537190812	15.4963862897108	0.34999986771745
9.375	55.25	-9.9876614228598e-08	0.80024223447565	0.000658200935195012	15.4263658377913	0.349999935080201
9.625	55.25	1.01934296793126e-07	0.800259359305274	0.000703870200637563	15.3563439259308	0.350000066257293
9.875	55.25	4.29335907554154e-07	0.800277864808723	0.000752921882950427	15.2863204247246	0.35000027906834
10.125	55.25	9.04143001619736e-07	0.800297897714364	0.000805611767151147	15.2162951892932	0.350000587692951
10.375	55.25	1.53494481385828e-06	0.800319623661185	0.000862216817197835	15.1462680588778	0.350000997714129
10.625	55.25	2.30676421975293e-06	0.800343229922902	0.000923037511880135	15.0762388573743	0.350001499396743
10.875	55.25	3.16788947091413e-06	0.800368928551046	0.000988400685356892	15.0062073951421	0.350002059128156
11.125	55.25	4.01411688513471e-06	0.800396959994208	0.00105866300337944	14.9361734724146	0.350002609175975
11.375	55.25	4.67118147478815e-06	0.800427597244916	0.00113421522021884	14.8661368845748	0.350003036267959
11.625	55.25	4.8769170238898e-06	0.800461150545478	0.00121548736925233	14.7960974294138	0.350003169996066
11.875	55.25	4.26570437655288e-06	0.800497972644592	0.00130295503604679	14.726054916228	0.350002772707845
12.125	55.25	2.35904293607822e-06	0.800538464530896	0.00139714684465224	14.6560091762112	0.350001533377908
12.375	55.25	-1.43240858660507e-06	0.800583081464747	0.00149865325097227	14.5859600730118	0.349999068934419
12.625	55.25	-7.78829389138848e-06	0.800632338982623	0.00160813667959161	14.5159075115516	0.349994937608971
12.875	55.25	-1.74307506095374e-05	0.800686818346058	0.00172634295947031	14.4458514422057	0.349988670012104
13.125	55.25	-3.10389079203785e-05	0.800747170646203	0.00185411391004306	14.3757918562469	0.349979824709852
13.375	55.25	-4.9113904444174e-05	0.800814118450639	0.00199240080192684	14.3057287670781	0.349968075962111
13.625	55.25	-7.17817879877089e-05	0.80088845349348	0.00214227826808234	14.2356621702743	0.349953341837808
13.875	55.25	-9.85215366782361e-05	0.800971028470357	0.00230495807105161	14.1655919739198	0.349935961001159
14.125	55.25	-0.000127806238027998	0.801062740522091	0.00248180193883756	14.0955178892616	0.349916925945282
14.375	55.25	-0.000156647295688334	0.801164503503576	0.00267433245754521	14.02543927044	0.349898179257803
14.625	55.25	-0.000180034409307789	0.801277205677255	0.00288424073656122	13.9553548911472	0.34988297763395
14.875	55.25	-0.000190267852581766	0.801401649105189	0.0031133892126944	13.8852626456119	0.349876325895822
15.125	55.25	-0.000176183955384565	0.801538466826399	0.00336380748604741	13.8151591614308	0.349885480429
15.375	55.25	-0.000122279212611847	0.801688014009881	0.00363767841720915	13.7450393124746	0.349920518511802
15.625	55.25	-7.74249820961607e-06	0.801850229826518	0.00393731077729801	13.674895621371	0.349994967376164
15.875	55.25	0.000194592208176724	0.802024467977853	0.00426509342805403	13.6047175427531	0.350126484935315
16.125	55.25	0.000519359014979514	0.802209295896848	0.00462342421541976	13.5344906203427	0.350337583359737
16.375	55.25	0.00100982677923128	0.802402265863661	0.00501460440266076	13.4641955126748	0.3506563874065
16.625	55.25	0.00171911040343868	0.802599665935436	0.00544068652781958	13.3938068834904	0.351117421762235
16.875	55.25	0.00271142391890878	0.802796264896722	0.00590326015073225	13.3232921531045	0.351762425547291
17.125	55.25	0.00406338019207286	0.802985073497191	0.00640315639013313	13.2526101060387	0.352641197124847
17.375	55.25	0.00586535024511927	0.803157153893874	0.00694004913277362	13.1817093476348	0.353812477659327
17.625	55.25	0.00822290190553719	0.803301519881909	0.00751192954260928	13.1105265981827	0.355344886238599
17.875	55.25	0.0112583401383697	0.803405180990105	0.0081144329423428	13.0389848075726	0.35731792108994
18.125	55.25	0.0151123664114407	0.803453391837422	0.00874000607667903	12.9669910673019	0.359823038167436
18.375	55.25	0.0199458570536608	0.803430171338705	0.00937692188022275	12.8944342911077	0.362964807084879
18.625	55.25	0.0259417243964701	0.803319150503315	0.0100081824453745	12.8211826326335	0.366862120857706
18.875	55.25	0.0333067608450666	0.803104788110447	0.0106104029529704	12.7470806115144	0.371649394549293
19.125	55.25	0.0422732632451639	0.802773955979075	0.0111528419209874	12.6719459327033	0.377477621109357
19.375	55.25	0.0531000782126549	0.802317836903792	0.0115968332864615	12.5955660142871	0.384515050838226
19.625	55.25	0.0660724822135088	0.80173399933374	0.0118959713387649	12.5176942953338	0.392947113438781
19.875	55.25	0.0815000011278094	0.801028420792197	0.0119974739657324	12.4380464886526	0.402975000733076
20.125	55.25	0.0997108885683587	0.800217143338524	0.011845159052043	12.3562970860901	0.414812077569433
20.375	55.25	0.121041569070504	0.79932718561499	0.0113843539247179	12.272076626022	0.428677019895828
20.625	55.25	0.145819041064763	0.798396340323484	0.0105687584460115	12.1849704936836	0.444782376692096
20.875	55.25	0.17433427707368	0.797471582471186	0.00936877026631456	12.094520320961	0.463317280097892
21.125	55.25	0.206805441558805	0.796606010041269	0.00778010739076404	12.0002293175981	0.484423537013224
21.375	55.25	0.243331714072051	0.795854503495809	0.00583090470041723	11.9015729770468	0.508165614146833
21.625	55.25	0.283841913092516	0.795268551439427	0.00358511651494399	11.7980163783452	0.534497243510135
21.875	55.25	0.328046604809425	0.794890863681563	0.00114035337899934	11.6890385602475	0.563230293126126
22.125	55.25	0.375406540076152	0.794750441728148	-0.00138061998693072	11.5741630792902	0.594014251049499
22.375	55.25	0.425131637966266	0.794858743112031	-0.0038437958860049	11.4529920246273	0.626335564678073
22.625	55.25	0.476220808804873	0.795207538567177	-0.00612059825793219	11.325238938623	0.659543525723167
22.875	55.25	0.527543013228068	0.795769019413381	-0.00810368638173177	11.1907550426043	0.692902958598244
23.125	55.25	0.577946894983168	0.796498529283418	-0.00971847012773676	11.0495435951189	0.725665481739059
23.375	55.25	0.626375873937029	0.79733982092903	-0.0109282589967098	10.9017593092232	0.757144318059069
23.625	55.25	0.67196323275359	0.798232039505226	-0.0117328357412496	10.7476929493653	0.786776101289834
23.875	55.25	0.714088868668583	0.79911704047712	-0.0121618884140185	10.587744375597	0.814157764634579
24.125	55.25	0.752392238213002	0.799945526538276	-0.0122656279145147	10.4223892906405	0.839054954838451
24.375	55.25	0.786748359575778	0.800680924534214	-0.0121049526045682	10.2521452602941	0.861386433724256
24.625	55.25	0.817220860785834	0.801300676313917	-0.0117429347654764	10.077541461622	0.881193559510792
24.875	55.25	0.844006929392402	0.801795316389621	-0.0112385719026304	9.89909477723883	0.898604504105061
25.125	55.25	0.867385541970116	0.802166105519171	-0.0106429901113981	9.71729303528734	0.913800602280576
25.375	55.25	0.887675353724012	0.802422046714288	-0.00999777753356273	9.53258485749314	0.926988979920608
25.625	55.25	0.905204236547173	0.802576939291068	-0.00933488877877985	9.34537485383784	0.938382753755662
25.875	55.25	0.920289588633821	0.802646872105473	-0.00867753380568002	9.15602269448782	0.948188232611984
26.125	55.25	0.933227190957211	0.802648324162851	-0.00804155834529785	8.96484471083185	0.956597674122187
26.375	55.25	0.944286115713174	0.802596876723552	-0.00743696133163531	8.77211695131817	0.963785975213563
26.625	55.25	0.953707505778947	0.802506450120808	-0.00686932902247278	8.57807892120459	0.969909878756315
26.875	55.25	0.961705571619992	0.80238894404765	-0.00634107229896805	8.38293750186527	0.975108621552995
27.125	55.25	0.968469676951461	0.802254160746123	-0.00585242748589825	8.1868707502882	0.979505290018449
27.375	55.25	0.97416681176274	0.802109908638548	-0.00540222582341135	7.99003142258483	0.983208427645781
27.625	55.25	0.978944059356995	0.801962207677486	-0.00498845976776346	7.79255015739313	0.986313638582047
27.875	55.25	0.982930866489667	0.801815540506253	-0.00460868295715318	7.59453830940759	0.988905063218284
28.125	55.25	0.986241047831178	0.801673112528556	-0.00426028087123569	7.39609045205709	0.991056681090266
28.375	55.25	0.988974522843841	0.801537098466384	-0.00394064511180078	7.19728658103246	0.992833439848496
28.625	55.25	0.991218814841895	0.801408863303609	-0.00364727848254921	6.99819405364644	0.994292229647232
28.875	55.25	0.993050352889772	0.801289152448029	-0.00337785215656433	6.79886929732213	0.995482729378352
29.125	55.25	0.994535616818949	0.801178250333663	-0.00313023094071059	6.59935931660774	0.996448150932317
29.375	55.25	0.995732159934563	0.801076109262471	-0.00290247826448346	6.39970302360864	0.997225903957466
29.625	55.25	0.996689536412368	0.800982451632148	-0.00269284906850669	6.19993241246787	0.997848198668039
29.875	55.25	0.997450152856351	0.800896849245439	-0.00249977615229919	6.00007359490586	0.998342599356628
30.125	55.25	0.998050056938478	0.80081878345254	-0.00232185362264562	5.80014771096637	0.998732537010011
30.375	55.25	0.998519670850089	0.800747689650099	-0.00215781971780161	5.60017172697572	0.999037786052558
30.625	55.25	0.998884473514824	0.800682989285698	-0.00200654033797331	5.40015913119769	0.999274907784636
30.875	55.25	0.999165633027426	0.800624112083713	-0.00186699397978333	5.2001205366194	0.999457661467827
31.125	55.25	0.999380589388938	0.800570510770809	-0.00173825836460927	5.00006419959792	0.99959738310281
31.375	55.25	0.999543587073109	0.800521670168599	-0.00161949880068833	4.79999646260998	0.999703331597521
31.625	55.25	0.999666157050727	0.800477112153402	-0.00150995817698743	4.59992212897703	0.999783002082973
31.875	55.25	0.999757548410341	0.800436397664878	-0.00140894841634469	4.3998447771103	0.999842406466722
32.125	55.25	0.999825110467877	0.800399126676129	-0.00131584319132397	4.19976702147992	0.99988632180412
32.375	55.25	0.999874627103704	0.800364936813494	-0.00123007171069659	3.99969072712838	0.999918507617408
32.625	55.25	0.999910605868249	0.800333501128776	-0.00115111340558821	3.79961718410646	0.999941893814362
32.875	55.25	0.99993652502649	0.800304525376871	-0.00107849337217194	3.59954724771546	0.999958741267218
33.125	55.25	0.999955042055594	0.800277745039533	-0.00101177845282023	3.39948144991399	0.999970777336136
33.375	55.25	0.999968167126105	0.800252922268638	-0.000950573850754169	3.19942008672417	0.999979308631968
33.625	55.25	0.999977404902368	0.800229842905752	-0.000894520169216977	2.99936328597937	0.999985313186539
33.875	55.25	0.999983867943726	0.800208313758072	-0.00084329075191508	2.799311059294	0.999989514163422
34.125	55.25	0.999988365603123	0.800188160327047	-0.000796589204114005	2.59926334164789	0.99999243764203
34.375	55.25	0.999991473976833	0.800169225105657	-0.000754147039492442	2.39922002134944	0.999994458084941
34.625	55.25	0.99999359472016	0.800151366286549	-0.000715721567411366	2.19918096226439	0.999995836568104
34.875	55.25	0.999995011451645	0.800134456249107	-0.00068109438762774	1.99914601911874	0.999996757443569
35.125	55.25	0.999995948523154	0.800118378746706	-0.000650071039744104	1.7991150458089	0.99999736654005
35.375	55.25	0.99999662484655	0.800103023851403	-0.000622482146231524	1.5990878968236	0.999997806150257
35.625	55.25	0.999997276377819	0.800088281168157	-0.000598185429031381	1.39906442408233	0.999998229645582
35.875	55.25	0.999998105882218	0.800074034937031	-0.00057706621780801	1.19904447590275	0.999998768823442
36.125	55.25	0.99999913126731	0.80006016831292	-0.000559032304286641	0.999027909350049	0.999999435323751
36.375	55.25	0.999999971659026	0.800046584920233	-0.000543999288923337	0.799014626499662	0.999999981578367
36.625	55.25	0.999999739091811	0.800033248351362	-0.000531867785247544	0.599004631628361	0.999999830409677
36.875	55.25	0.999997336162402	0.800020220466542	-0.00052250559609862	0.398998075880732	0.999998268505562
37.125	55.25	0.999992446549011	0.800009246563067	-0.00051576332537471	0.198995217916767	0.999995090256857
37.375	55.25	0.999987135567618	0.399991568643723	-0.000511878624495713	-0.00100458113640779	0.999991638118952
0.125	55.75	-3.59885734383233e-12	0.400001903892235	0.000104667938554435	18.0166222498088	0.349999999997661
0.375	55.75	-5.53902882082923e-12	0.80000571918936	0.000105105719288432	17.9466219166428	0.3499999999964
0.625	55.75	-7.41814299995155e-12	0.800009557048861	0.00010598325562086	17.8766212489962	0.349999999995178
0.875	55.75	-6.73275287850803e-12	0.800013432617718	0.000107304507474941	17.8066202442347	0.349999999995624
1.125	55.75	-5.00472991748486e-13	0.800017361202914	0.000109075440404161	17.7366188983929	0.349999999999675
1.375	55.75	1.4017853630229e-11	0.800021358336704	0.000111304056637967	17.666617206157	0.350000000009112
1.625	55.75	3.79716375605253e-11	0.800025439843578	0.000114000436431028	17.5966151608427	0.350000000024682
1.875	55.75	6.915948533852e-11	0.800029621910426	0.000117176790564819	17.5266127543667	0.350000000044954
2.125	55.75	1.00283189390575e-10	0.800033921158896	0.000120847523643325	17.4566099772125	0.350000000065184
2.375	55.75	1.17867724226924e-10	0.800038354721284	0.000125029308840904	17.38660681839	0.350000000076614
2.625	55.75	1.0263428701918e-10	0.800042940320872	0.000129741174396121	17.3166032653882	0.350000000066712
2.875	55.75	3.20890515418696e-11	0.800047696356497	0.000135004602319218	17.2465993041203	0.350000000020858
3.125	55.75	-1.14136578660886e-10	0.800052641993125	0.000140843639620476	17.1765949188614	0.349999999925811
3.375	55.75	-3.46090810588033e-10	0.800057797258573	0.000147285022844309	17.1065900921762	0.349999999775041
3.625	55.75	-6.52971390672865e-10	0.800063183147525	0.000154358316323704	17.0365848048374	0.349999999575569
3.875	55.75	-9.91596165743042e-10	0.800068821734335	0.000162096064593941	16.9665790357331	0.349999999355462
4.125	55.75	-1.27623452926875e-09	0.800074736295563	0.000170533960054609	16.8965727617617	0.349999999170448
4.375	55.75	-1.37336057101222e-09	0.800080951443918	0.000179711026103702	16.8265659577155	0.349999999107316
4.625	55.75	-1.10606874637679e-09	0.800087493275806	0.000189669816935493	16.7565585961512	0.349999999281055
4.875	55.75	-2.73608526003292e-10	0.80009438953474	0.000200456634678217	16.6865506472481	0.349999999822154
5.125	55.75	1.30890918032377e-09	0.80010166979403	0.000212121764782671	16.6165420786555	0.350000000850791
5.375	55.75	3.74776823319461e-09	0.80010936566237	0.000224719731118998	16.5465328553295	0.350000002436049
5.625	55.75	6.98635035789963e-09	0.800117511016072	0.000238309571160468	16.4765229393603	0.350000004541128
5.875	55.75	1.0707163609829e-08	0.800126142262944	0.000252955133056424	16.4065122897903	0.350000006959656
6.125	55.75	1.42358805109622e-08	0.800135298642301	0.000268725394987545	16.3365008624209	0.350000009253322
6.375	55.75	1.64712514348168e-08	0.800145022565163	0.000285694808292022	16.266488609603	0.350000010706313
6.625	55.75	1.58719826403756e-08	0.800155360000885	0.000303943664837106	16.1964754800024	0.350000010316789
6.875	55.75	1.05363758537703e-08	0.800166360914775	0.000323558489590061	16.1264614183263	0.350000006848644
7.125	55.75	-1.58897217335808e-09	0.80017807976306	0.00034463245834228	16.0564463649912	0.349999998967168
7.375	55.75	-2.23404806105254e-08	0.800190576051726	0.000367265840730852	15.9864302557085	0.349999985478688
7.625	55.75	-5.27906670094228e-08	0.800203914967141	0.000391566467867412	15.9164130209589	0.349999965686066
7.875	55.75	-9.25258467045451e-08	0.800218168087481	0.000417650223719433	15.8463945853252	0.3499999398582
8.125	55.75	-1.38781360181366e-07	0.800233414186946	0.000445641559391337	15.7763748666545	0.349999909792116
8.375	55.75	-1.85506343245485e-07	0.800249740145686	0.000475674029886785	15.7063537750253	0.349999879420877
8.625	55.75	-2.22477700343619e-07	0.800267241982603	0.000507890854343994	15.6363312115072	0.349999855389495
8.875	55.75	-2.34638003380112e-07	0.800286026031272	0.000542445503480238	15.5663070667165	0.349999847485298
9.125	55.75	-2.01892536715885e-07	0.800306210283176	0.000579502322367247	15.496281219198	0.349999868769851
9.375	55.75	-9.96633308755757e-08	0.800327925928502	0.000619237203443746	15.4262535336926	0.349999935218835
9.625	55.75	9.94426720581278e-08	0.800351319131369	0.00066183833414218	15.3562238593929	0.350000064637737
9.875	55.75	4.22446896165326e-07	0.800376553085124	0.000707507056468556	15.2861920283342	0.350000274590482
10.125	55.75	8.90867443715133e-07	0.800403810405063	0.000756458891457177	15.2161578541189	0.350000579063838
10.375	55.75	1.51323851203482e-06	0.80043329593037	0.000808924800960446	15.1461211312233	0.350000983605033
10.625	55.75	2.27496986696264e-06	0.800465240023717	0.000865152781341133	15.0760816351781	0.350001478730414
10.875	55.75	3.12543131649319e-06	0.800499902477143	0.000925409907153729	15.006039123936	0.350002031530356
11.125	55.75	3.96248428405488e-06	0.800537577152374	0.000989984967329976	14.9359933407296	0.350002575614785
11.375	55.75	4.6152009872407e-06	0.800578597502456	0.00105919185940956	14.8659440186541	0.350002999880642
11.625	55.75	4.82624802940528e-06	0.800623343135065	0.00113337392643724	14.7958908870587	0.350003137061219
11.875	55.75	4.23639101422193e-06	0.800672247579697	0.00121290943539189	14.7258336795706	0.350002753654159
12.125	55.75	2.37480542700335e-06	0.800725807409484	0.00129821840223626	14.6557721431689	0.350001543623528
12.375	55.75	-1.339668336672e-06	0.800784592831504	0.00138977096653393	14.5857060471461	0.349999129215581
12.625	55.75	-7.57957527269345e-06	0.800849259797134	0.00148809750719187	14.5156351900196	0.349995073276073
12.875	55.75	-1.70637875956234e-05	0.800920563585303	0.00159380067082257	14.4455594014644	0.349988908538063
13.125	55.75	-3.04763662950387e-05	0.800999373674546	0.00170756945684696	14.3754785351451	0.349980190361908
13.375	55.75	-4.83381145264856e-05	0.801086689543267	0.00183019546955877	14.3053924469512	0.349968580225558
13.625	55.75	-7.08188633957335e-05	0.801183656818278	0.00196259140635012	14.2353009516469	0.349953967738793
13.875	55.75	-9.74785484227028e-05	0.801291582937032	0.00210581179829768	14.1652037494119	0.349936638943525
14.125	55.75	-0.000126926096170275	0.801411951202641	0.00226107594109973	14.0951003122971	0.349917498037489
14.375	55.75	-0.00015638717027207	0.801546431803796	0.00242979282610348	14.0249897193732	0.349898348339323
14.625	55.75	-0.000181174940364748	0.801696888057599	0.00261358765862854	13.9548704284571	0.349882236288763
14.875	55.75	-0.000194062108144483	0.801865375828392	0.00281432916726179	13.8847399718982	0.349873859629706
15.125	55.75	-0.000184557157537026	0.80205413380228	0.00303415626755127	13.8145945640931	0.349880037847601
15.375	55.75	-0.000138092728262352	0.802265562081743	0.00327550161959091	13.7444286092365	0.349910239726629
15.625	55.75	-3.51385380038101e-05	0.80250218644408	0.00354110805682899	13.6742340992778	0.349977159950297
15.875	55.75	0.000149745296889485	0.802766605625071	0.00383403159117359	13.6039998940439	0.350097334442978
16.125	55.75	0.000448897070411756	0.803061419202101	0.00415762155132871	13.5337108777949	0.350291783095768
16.375	55.75	0.000902567740997418	0.803389134123371	0.00451546427250446	13.4633469888157	0.350586669031648
16.625	55.75	0.00155994754226489	0.80375204872825	0.00491127162517625	13.3928821206529	0.351013965902472
16.875	55.75	0.00248019835817426	0.804152114287513	0.00534868976760218	13.3222828948846	0.351612128932813
17.125	55.75	0.00373349436614318	0.804590775690214	0.00583099739568325	13.2515073054832	0.352426771337993
17.375	55.75	0.00540208439998111	0.805068794891449	0.00636065753395151	13.1805032335952	0.353511354859988
17.625	55.75	0.00758140105575779	0.805586063009331	0.00693868436170064	13.1092068287396	0.354927910686243
17.875	55.75	0.0103812519991424	0.806141409319876	0.00756378939473964	13.0375407480672	0.356747813799443
18.125	55.75	0.0139271358288421	0.806732417541569	0.00823128325123444	12.9654122397428	0.359052638288747
18.375	55.75	0.0183617248844876	0.807355261353418	0.00893173486037915	12.8927110504304	0.361935121174917
18.625	55.75	0.023846545765335	0.808004571675149	0.0096494344781592	12.8193071315175	0.365500254747468
18.875	55.75	0.0305638578457937	0.808673347579439	0.0103607748787175	12.7450481161282	0.369866507599766
19.125	55.75	0.0387186697680064	0.809352920780241	0.0110327587308893	12.6697565423308	0.375167135349204
19.375	55.75	0.0485407274969554	0.810032980841455	0.0116219558741046	12.5932268121489	0.381551472873021
19.625	55.75	0.0602861326086873	0.810701665552687	0.0120743580572971	12.5152219084635	0.389185986195647
19.875	55.75	0.0742379791902095	0.811345720046578	0.0123266807842301	12.4354699533307	0.398254686473636
20.125	55.75	0.0907050087648781	0.811950731682575	0.0123096913622689	12.3536607957967	0.408958255697171
20.375	55.75	0.110016774942016	0.812501458429063	0.0119540272061075	12.2694429811186	0.421510903712311
20.625	55.75	0.132513243117843	0.812982288349976	0.0111986282230362	12.1824216893235	0.436133608026598
20.875	55.75	0.158526300438334	0.813377894160271	0.0100012862024975	12.0921585376151	0.453042095284917
21.125	55.75	0.188350663142966	0.813674166182432	0.00834994276078226	11.998174482785	0.472427931042928
21.375	55.75	0.222202667362443	0.813859489249822	0.00627243392974476	11.8999573427326	0.494431733785588
21.625	55.75	0.260167991053397	0.813926331323726	0.00384176456548395	11.7969755105941	0.519109194184708
21.875	55.75	0.302143742995321	0.813872906759438	0.00117418793756587	11.688699029178	0.546393432946959
22.125	55.75	0.347785937391631	0.813704409551938	-0.00158129128979588	11.5746281127808	0.57606085930456
22.375	55.75	0.396478113329717	0.813433141322461	-0.00426101849449907	11.4543274069709	0.607710773664316
22.625	55.75	0.447337536324507	0.813077011713572	-0.00670884704974038	11.3274620800302	0.640769398610929
22.875	55.75	0.499269183683155	0.812656471945115	-0.00879717620947272	11.1938299827389	0.674524969394051
23.125	55.75	0.55106461913742	0.81219073764855	-0.0104418904745426	11.0533835494028	0.708192002439323
23.375	55.75	0.601527461818279	0.811694657327887	-0.0116082296321818	10.9062365012497	0.740992850181882
23.625	55.75	0.649596907940818	0.811177367319585	-0.0123074915425563	10.7526535921651	0.772237990161531
23.875	55.75	0.694441346408425	0.81064301754363	-0.0125869352246685	10.5930255235261	0.801386875165476
24.125	55.75	0.735505239385617	0.810092909170603	-0.0125164487962829	10.4278342675746	0.828078405600651
24.375	55.75	0.772508068565619	0.809527925933298	-0.0121753709955038	10.2576153145301	0.852130244567652
24.625	55.75	0.805406858470498	0.808950317179485	-0.0116417875244692	10.0829226666423	0.873514458005824
24.875	55.75	0.834339358143254	0.808364428922517	-0.01098531432294	9.90430042989187	0.892320582793115
25.125	55.75	0.859563689415257	0.807776493845371	-0.0102633117959827	9.72226257220538	0.908716398119917
25.375	55.75	0.881405177629741	0.807193861722634	-0.00951984617538845	9.53728057202438	0.922913365459332
25.625	55.75	0.900215380848804	0.806624072651546	-0.00878649945208905	9.3497775859315	0.935139997551723
25.875	55.75	0.916343968991414	0.806074055240949	-0.0080841926614832	9.16012737116261	0.945623579844419
26.125	55.75	0.930121619350868	0.805549581986645	-0.00742538333421974	8.96865628515726	0.954579052578064
26.375	55.75	0.941851177249478	0.805054998266207	-0.0068162200092099	8.77564700913369	0.962203265212161
26.625	55.75	0.951804389082431	0.80459317681303	-0.0062584265394808	8.58134302775368	0.96867285290358
26.875	55.75	0.960222023767172	0.804165627191834	-0.00575082589094979	8.38595324194509	0.974144315448662
27.125	55.75	0.967315813303289	0.803772693114456	-0.00529049881994781	8.18965635756065	0.978755278647138
27.375	55.75	0.973271188723951	0.803413785095138	-0.00487361834703294	7.99260487602076	0.982626272670568
27.625	55.75	0.978250203185385	0.803087612831987	-0.00449601921264642	7.79492862836915	0.9858626320705
27.875	55.75	0.982394319298771	0.802792396316614	-0.00415356346038464	7.59673785960894	0.988556307544201
28.125	55.75	0.985826917836497	0.802526045541608	-0.00384235686676454	7.39812590244392	0.990787496593723
28.375	55.75	0.988655489260698	0.802286305901541	-0.00355886120315756	7.19917149148692	0.992626068019454
28.625	55.75	0.990973523830813	0.802070870700666	-0.00329993718653183	6.99994076957905	0.994132790490029
28.875	55.75	0.992862139624555	0.801877464428505	-0.00306284389512562	6.80048903287524	0.995360390755961
29.125	55.75	0.994391493856841	0.801703901365895	-0.0028452129439138	6.60086225426787	0.996354471006947
29.375	55.75	0.995622019863414	0.801548124178056	-0.00264500989161607	6.4010984174698	0.997154312911219
29.625	55.75	0.996605525146776	0.801408226808577	-0.00246049101020501	6.20122868761385	0.997793591345405
29.875	55.75	0.997386177878732	0.801282465443689	-0.00229016042781385	6.0012784389175	0.998301015621175
30.125	55.75	0.998001401755499	0.801169260711152	-0.00213273048857865	5.8012681558573	0.998700911141074
30.375	55.75	0.998482692818461	0.801067193689435	-0.00198708672059901	5.60121422127478	0.999013750332
30.625	55.75	0.998856367015937	0.800974997770245	-0.00185225787024217	5.40112960270493	0.999256638560359
30.875	55.75	0.999144243851916	0.800891547955134	-0.00172739089460037	5.20102444676918	0.999443758503745
31.125	55.75	0.999364269272122	0.800815848778967	-0.00161173048874333	5.00090659051475	0.999586775026879
31.375	55.75	0.999531079742866	0.800747021734408	-0.00150460257590648	4.80078199794136	0.999695201832863
31.625	55.75	0.999656509039535	0.800684292816185	-0.0014054011460785	4.60065512950335	0.999776730875698
31.875	55.75	0.999750039351716	0.800626980602831	-0.00131357784999556	4.40052925200815	0.999837525578616
32.125	55.75	0.999819198733153	0.800574485137689	-0.00122863381253092	4.2004066959815	0.99988247917655
32.375	55.75	0.999869907509051	0.80052627775129	-0.00115011320398003	4.00028906719241	0.999915439880883
32.625	55.75	0.999906776854294	0.800481891875526	-0.00107759818760473	3.80017741860427	0.999939404955291
32.875	55.75	0.999933363240196	0.800440914832368	-0.00101070493835212	3.60007238854372	0.999956686106127
33.125	55.75	0.999952382703048	0.80040298053654	-0.000949080493077497	3.3999743103702	0.999969048756981
33.375	55.75	0.999965888866395	0.80036776303949	-0.000892400239213436	3.19988329841713	0.999977827763156
33.625	55.75	0.999975418438487	0.800334970866198	-0.000840365872739807	2.9997993144846	0.999984021985017
33.875	55.75	0.999982107793083	0.800304342149118	-0.000792703664423124	2.79972221869813	0.999988370065504
34.125	55.75	0.999986784664303	0.800275640606397	-0.000749162891132396	2.59965180806377	0.999991410031797
34.375	55.75	0.999990040262722	0.800248652370177	-0.000709514360640493	2.39958784545546	0.99999352617077
34.625	55.75	0.999992288907704	0.800223183464157	-0.000673549123663007	2.19953008097668	0.999994987790008
34.875	55.75	0.999993822979043	0.800199057350209	-0.000641077710313175	1.99947826668428	0.999995984936378
35.125	55.75	0.999994867750641	0.800176111600325	-0.000611930409604333	1.79943216487489	0.999996664037917
35.375	55.75	0.999995630760616	0.800154192864809	-0.000585958935369919	1.59939155020573	0.9999971599944
35.625	55.75	0.999996324675488	0.800133150517315	-0.000563038944864609	1.39935620765427	0.999997611039067
35.875	55.75	0.999997130148343	0.800112831946714	-0.000543071228264795	1.19932593186905	0.999998134596423
36.125	55.75	0.999998075134478	0.800093085543715	-0.00052597769386902	0.999300537140968	0.999998748837411
36.375	55.75	0.99999886203966	0.800073778161528	-0.000511688453711846	0.799279886640713	0.999999260325779
36.625	55.75	0.999998778565118	0.80005482776073	-0.000500121103386109	0.59926393860004	0.999999206067327
36.875	55.75	0.999996935881698	0.800036235025892	-0.000491164308507534	0.399252782398504	0.999998008323103
37.125	55.75	0.999993067299436	0.80001935475582	-0.000484692458132939	0.199246607009646	0.999995493744633
37.375	55.75	0.99998882162891	0.399997140931275	-0.000480948196848315	-0.000755103537636694	0.999992734058791
0.125	56.25	-3.58014704673145e-12	0.400002326652784	9.62068447119585e-05	18.0166045997667	0.349999999997673
0.375	56.25	-5.50384425369553e-12	0.800006989382385	9.66107623469015e-05	17.946604192618	0.349999999996423
0.625	56.25	-7.35938898509643e-12	0.800011680418267	9.74204259361671e-05	17.8766033766714	0.349999999995216
0.875	56.25	-6.65651705463739e-12	0.800016418769343	9.86395014157493e-05	17.8066021486221	0.349999999995673
1.125	56.25	-4.31670247905783e-13	0.80002122365381	0.000100273510787946	17.7366005034941	0.349999999999719
1.375	56.25	1.40316498512084e-11	0.800026114583937	0.000102329859875778	17.6665984346187	0.350000000009121
1.625	56.25	3.78617153489458e-11	0.800031111453928	0.000104817875749289	17.5965959336046	0.35000000002461
1.875	56.25	6.88461374253243e-11	0.80003623463037	0.0001077488534228	17.5265929903012	0.35000000004475
2.125	56.25	9.96971339720549e-11	0.800041505045861	0.000111136112639553	17.4565895927539	0.350000000064803
2.375	56.25	1.16984550467101e-10	0.800046944296655	0.000114995064523646	17.3865857271507	0.35000000007604
2.625	56.25	1.01522156268903e-10	0.800052574745395	0.000119343288460513	17.316581377761	0.350000000065989
2.875	56.25	3.09663722986252e-11	0.800058419628937	0.000124200619515254	17.2465765268645	0.350000000020128
3.125	56.25	-1.14844582991514e-10	0.800064503172538	0.000129589246774289	17.1765711546701	0.349999999925351
3.375	56.25	-3.4572096239515e-10	0.800070850711649	0.000135533822480286	17.1065652392232	0.349999999775281
3.625	56.25	-6.50656590144011e-10	0.800077488821513	0.000142061582858625	17.0365587563016	0.349999999577073
3.875	56.25	-9.86412739939364e-10	0.800084445456882	0.00014920248058436	16.9665516792971	0.349999999358832
4.125	56.25	-1.26750050968343e-09	0.800091750101941	0.000156989329045002	16.8965439790843	0.349999999176125
4.375	56.25	-1.36108568686321e-09	0.800099433933295	0.00016545795924431	16.8265356238732	0.349999999115294
4.625	56.25	-1.09149776397036e-09	0.800107529997223	0.000174647388915575	16.7565265790477	0.349999999290526
4.875	56.25	-2.59733978659155e-10	0.800116073403683	0.000184600004769312	16.6865168069892	0.349999999831173
5.125	56.25	1.31704128364964e-09	0.800125101540946	0.00019536175773266	16.6165062668857	0.350000000856077
5.375	56.25	3.74316464430428e-09	0.800134654313352	0.00020698237133644	16.5464949145279	0.350000002433057
5.625	56.25	6.9608000248634e-09	0.800144774407292	0.000219515563847416	16.4764827020935	0.35000000452452
5.875	56.25	1.06527881109885e-08	0.800155507588753	0.000233019283383946	16.4064695779183	0.350000006924312
6.125	56.25	1.41476562318322e-08	0.800166903037375	0.00024755595658376	16.3364554862534	0.350000009195977
6.375	56.25	1.63505396443682e-08	0.80017901372161	0.00026319274963261	16.2664403670027	0.350000010627851
6.625	56.25	1.57308801749743e-08	0.800191896819309	0.000280001841497338	16.1964241554326	0.350000010225072
6.875	56.25	1.04023368614438e-08	0.800205614189354	0.000298060707086255	16.1264067818389	0.350000006761519
7.125	56.25	-1.66929683061236e-09	0.800220232899642	0.000317452409017699	16.0563881711535	0.349999998914957
7.375	56.25	-2.2299848545362e-08	0.80023582581767	0.000338265894389717	15.9863682424643	0.349999985505098
7.625	56.25	-5.25445826386331e-08	0.80025247227186	0.000360596293238197	15.9163469084238	0.349999965846021
7.875	56.25	-9.1983415273117e-08	0.800270258792194	0.000384545213408509	15.8463240745122	0.34999994021078
8.125	56.25	-1.37866581987384e-07	0.800289279941762	0.000410221027009111	15.7762996381301	0.349999910386722
8.375	56.25	-1.84192273670808e-07	0.800309639253823	0.000437739142244767	15.7062734874941	0.349999880275022
8.625	56.25	-2.20834420177352e-07	0.80033145029181	0.000467222256036585	15.6362455003257	0.349999856457627
8.875	56.25	-2.32892525214094e-07	0.800354837854799	0.000498800583439417	15.5662155423342	0.349999848619859
9.125	56.25	-2.00494314403996e-07	0.800379939356732	0.000532612064042432	15.4961834655252	0.349999869678696
9.375	56.25	-9.93427902021418e-08	0.800406906415243	0.000568802550108601	15.426149106391	0.349999935427186
9.625	56.25	9.76430659423116e-08	0.800435906696303	0.000607525989227397	15.3561122840823	0.350000063467993
9.875	56.25	4.17198487751825e-07	0.800467126074336	0.000648944624376601	15.286072798703	0.350000271179017
10.125	56.25	8.80676414384362e-07	0.800500771185645	0.000693229247411101	15.2160304299177	0.350000572439669
10.375	56.25	1.49670693482064e-06	0.800537072477176	0.000740559557453946	15.1459849361092	0.350000972859508
10.625	56.25	2.25124292522249e-06	0.80057628788128	0.000791124693009339	15.0759360543625	0.350001463307901
10.875	56.25	3.09486856351719e-06	0.800618707285574	0.00084512402508555	15.0058835015701	0.350002011664566
11.125	56.25	3.92756951285915e-06	0.800664658008586	0.000902768316361069	14.9358269769369	0.350002552920183
11.375	56.25	4.58166015511945e-06	0.800714511542586	0.000964281367785619	14.8657661660933	0.350002978079101
11.625	56.25	4.80426978166121e-06	0.800768691877222	0.00102990228622421	14.7957007468674	0.350003122775358
11.875	56.25	4.24173068110018e-06	0.800827685773366	0.00109988851507343	14.7256303965064	0.350002757124943
12.125	56.25	2.42939109467437e-06	0.80089205540956	0.00117451977194305	14.6555547997253	0.350001579104212
12.375	56.25	-1.20823044580853e-06	0.80096245387333	0.00125410303566972	14.5854736563814	0.34999921465021
12.625	56.25	-7.34049040814642e-06	0.801039644010458	0.00133897871902427	14.5153866867926	0.349995228681235
12.875	56.25	-1.66888248872832e-05	0.801124521175971	0.00142952815916751	14.4452936317256	0.349989152263823
13.125	56.25	-2.99506103243469e-05	0.801218140449387	0.00152618255704836	14.375194242881	0.349980532103289
13.375	56.25	-4.76780312679428e-05	0.801321748879843	0.0016294335070057	14.3050882583269	0.349969009279676
13.625	56.25	-7.0100703810055e-05	0.801436823316303	0.00173984528051849	14.234975355825	0.349954434542523
13.875	56.25	-9.68809748155476e-05	0.801565114345984	0.00185806906369494	14.1648550754594	0.34993702736637
14.125	56.25	-0.000126791964282099	0.801708696810054	0.00198485938833753	14.0947267015104	0.349917585223217
14.375	56.25	-0.000157310675776991	0.801870027269469	0.00212109301956522	14.0245890922713	0.349897748060745
14.625	56.25	-0.000184121894217289	0.802052008637409	0.00226779052930108	13.9544404456235	0.349880320768759
14.875	56.25	-0.000200533002069878	0.802258061934833	0.00242614062958559	13.8842779878183	0.349869653548655
15.125	56.25	-0.000196804983567128	0.802492204708778	0.00259752696737447	13.814097573179	0.349872076760681
15.375	56.25	-0.000159410282016595	0.802759134995031	0.00278355636539755	13.7438931834193	0.349896383316689
15.625	56.25	-7.02331962966604e-05	0.803064318709613	0.00298608627260188	13.6736563169756	0.349954348422407
15.875	56.25	9.42675989994471e-05	0.803414076889934	0.00320724728192033	13.6033752611021	0.35006127393935
16.125	56.25	0.000363912843513334	0.803815667143661	0.00344945380477921	13.533034242309	0.350236543348284
16.375	56.25	0.000775651909416562	0.804277350862593	0.00371539222186401	13.4626124537729	0.350504173741121
16.625	56.25	0.00137439052572253	0.80480843411297	0.0040079710245103	13.3920829612796	0.35089335384172
16.875	56.25	0.00221378769899939	0.805419265570787	0.00433021177789712	13.3214114916714	0.35143896200435
17.125	56.25	0.00335702386717176	0.806121169487254	0.00468505364390385	13.2505551092589	0.352182065513662
17.375	56.25	0.00487755714450832	0.806926285682169	0.00507503861863037	13.1794607858208	0.35317041214393
17.625	56.25	0.00685990219228101	0.807847282457507	0.0055018410973239	13.1080638683301	0.354458936424983
17.875	56.25	0.00940048576032996	0.808896902947552	0.00596560615434662	13.0362864451744	0.356110315744214
18.125	56.25	0.0126086527455918	0.810087302080094	0.00646406912435451	12.9640356063075	0.358195624284635
18.375	56.25	0.0166079143175022	0.811429131877903	0.0069914485610588	12.8912015855824	0.360795144306376
18.625	56.25	0.0215375413622691	0.812930339746011	0.00753713975847455	12.8176557649265	0.363999401885475
18.875	56.25	0.0275546055588876	0.814594660711602	0.00808429079965721	12.7432485109847	0.367910493613277
19.125	56.25	0.0348365455285506	0.816419813731693	0.00860841998297961	12.6678068073419	0.372643754593558
19.375	56.25	0.0435842681814572	0.818395457571249	0.00907633101399485	12.5911316430658	0.378329774317947
19.625	56.25	0.0540256572275936	0.82050102608417	0.0094456917533428	12.5129951275758	0.385116677197936
19.875	56.25	0.0664191124898442	0.822703646937859	0.00966574271953457	12.4331373334774	0.393172423118399
20.125	56.25	0.0810563390113542	0.824956449457986	0.00967965467510086	12.3512629394177	0.40268662035738
20.375	56.25	0.0982630065023273	0.827197677931616	0.00942900126465733	12.2670378764585	0.413870954226513
20.625	56.25	0.118395113824135	0.829351127774388	0.00886057697510863	12.180086398801	0.426956823985688
20.875	56.25	0.141828032137001	0.831328477969616	0.00793530229188444	12.0899893205439	0.44218822088905
21.125	56.25	0.168934566002486	0.833034043989428	0.00663820260607261	11.9962845746314	0.459807467901616
21.375	56.25	0.200048527064125	0.834372234432988	0.00498754431371485	11.8984716898405	0.480031542591681
21.625	56.25	0.235412054582485	0.835257470712322	0.00304047984923595	11.7960220861572	0.503017835478615
21.875	56.25	0.27510899757668	0.835625495509108	0.000892483877198368	11.6883969947142	0.528820848424842
22.125	56.25	0.318993187703369	0.835444006291231	-0.00133109673696195	11.5750740022613	0.55734557200719
22.375	56.25	0.366627946954237	0.834719830093902	-0.00349087873954785	11.455581494315	0.588308165520254
22.625	56.25	0.417258237570246	0.833500009132859	-0.0054535324554363	11.329537765229	0.62121785442066
22.875	56.25	0.469834911096742	0.831865590691246	-0.00711114390776385	11.1966889601958	0.655392692212882
23.125	56.25	0.523098746756257	0.829919298452393	-0.00839487192490179	11.0569384608716	0.690014185391567
23.375	56.25	0.575712813889689	0.827770482167628	-0.00927990658586163	10.9103609266524	0.724213329028297
23.625	56.25	0.626413498138321	0.825521514554964	-0.00978170747053844	10.7571972639968	0.757168773789909
23.875	56.25	0.674143130031692	0.823258691813249	-0.00994602452264357	10.5978313822022	0.7881930345206
24.125	56.25	0.718134836708017	0.821048492017315	-0.00983631933392298	10.4327538933262	0.816787643860211
24.375	56.25	0.757938400286351	0.81893810223265	-0.0095218544638868	10.2625202636687	0.842659960186128
24.625	56.25	0.793394703649207	0.816958296951132	-0.00906850749671407	10.0877107326186	0.865706557371985
24.875	56.25	0.82457770351731	0.815126983446041	-0.00853302504889691	9.90889720033511	0.885975507286252
25.125	56.25	0.851724658519524	0.813452437645886	-0.00796043580595702	9.72661947574297	0.903621028037691
25.375	56.25	0.87517044202987	0.811935899484588	-0.00738383178851791	9.5413708511685	0.918860787319415
25.625	56.25	0.895294614250136	0.810573559741493	-0.00682561934086245	9.3535914609533	0.931941499262588
25.875	56.25	0.912483763975282	0.809358085027599	-0.00629947204316407	9.16366729732517	0.943114446583934
26.125	56.25	0.927107754682694	0.80827981290801	-0.00581243966031695	8.97193282539899	0.952620040543751
26.375	56.25	0.939506802945894	0.80732770041594	-0.005366885848517	8.77867553914173	0.960679421914831
26.625	56.25	0.949986073830047	0.806490070998786	-0.0049620988389788	8.58414128721005	0.96749094798953
26.875	56.25	0.958814975647715	0.805755186195161	-0.00459553408929855	8.38853963371238	0.973229734171015
27.125	56.25	0.966229068552676	0.805111663241626	-0.00426371374716827	8.19204885074958	0.978048894559239
27.375	56.25	0.972433193800799	0.804548760539105	-0.00396283827893109	7.99482036408101	0.982081575970519
27.625	56.25	0.977604975335188	0.80405655434429	-0.0036891738300166	7.79698260997171	0.985443233967872
27.875	56.25	0.981898227967527	0.803626030038115	-0.00343927488296961	7.59864433510981	0.988233848178893
28.125	56.25	0.985446052565563	0.803249109588022	-0.00321009233081632	7.39989740456083	0.990539934167616
28.375	56.25	0.988363544532275	0.802918633894157	-0.00299900623300392	7.2008191917272	0.992436303945979
28.625	56.25	0.990750120450367	0.802628315271681	-0.00280381238465418	7.00147462053651	0.993987578292739
28.875	56.25	0.992691504366196	0.802372671912419	-0.00262268330948654	6.80191792067748	0.995249477838027
29.125	56.25	0.994261427375041	0.802146953117618	-0.00245411759289918	6.60219414572827	0.996269927793776
29.375	56.25	0.995523093326626	0.801947061548681	-0.00229688646903373	6.40234049361985	0.997090010662307
29.625	56.25	0.996530456553536	0.801769476727847	-0.00214998298893459	6.20238746000181	0.997744796759799
29.875	56.25	0.997329348554742	0.801611182491978	-0.00201257662334645	6.00235984800778	0.998264076560582
30.125	56.25	0.997958481708617	0.801469599982341	-0.00188397451673463	5.80227765257457	0.998673013110601
30.375	56.25	0.998450350391257	0.801342526959419	-0.00176358957840691	5.60215683361031	0.998992727754317
30.625	56.25	0.998832043730809	0.80122808368715	-0.00165091499153483	5.40200998963551	0.999240828425026
30.875	56.25	0.999125979667581	0.801124665271425	-0.00154550440495472	5.20184694174291	0.999431886783928
31.125	56.25	0.999350566853704	0.801030900111926	-0.00144695694598261	5.00167523657669	0.999577868454908
31.375	56.25	0.999520798970998	0.80094561399524	-0.00135490618404631	4.80150057630263	0.999688519331149
31.625	56.25	0.999648785004055	0.800867799292215	-0.00126901223516812	4.60132718306003	0.999771710252636
31.875	56.25	0.999744218623304	0.800796588701692	-0.00118895629326465	4.40115810502758	0.999833742105148
32.125	56.25	0.999814789886169	0.800731232991102	-0.00111443698436756	4.20099547091411	0.99987961342601
32.375	56.25	0.999866542763755	0.800671082209161	-0.00104516805135124	4.00084069934537	0.999913252796441
32.625	56.25	0.99990418238421	0.800615569879551	-0.000980876981945535	3.80069466923301	0.999937718549736
32.875	56.25	0.999931336211453	0.800564199722692	-0.000921304286395024	3.60055785677555	0.999955368537445
33.125	56.25	0.999950773535735	0.800516534497232	-0.000866203208229321	3.40043044426645	0.999968002798228
33.375	56.25	0.999964587585511	0.800472186610255	-0.000815339706887854	3.20031240539533	0.999976981930582
33.625	56.25	0.99997434434021	0.800430810221426	-0.000768492581598022	3.00020357125044	0.999983323821137
33.875	56.25	0.999981201957517	0.800392094656484	-0.000725453618161197	2.8001036807687	0.999987781272386
34.125	56.25	0.999986004981897	0.800355759019335	-0.000686027656917042	2.6000124189042	0.999990903238233
34.375	56.25	0.999989358435135	0.800321547889968	-0.000650032541386019	2.39992944522467	0.999993082982838
34.625	56.25	0.999991688238783	0.8002892278513	-0.000617299052644867	2.19985441493025	0.999994597355209
34.875	56.25	0.999993294916182	0.800258584297487	-0.000587671157137945	1.99978699345055	0.999995641695518
35.125	56.25	0.999994404878389	0.800229417694795	-0.000561007077417926	1.79972686507825	0.999996363170953
35.375	56.25	0.999995215643633	0.800201538574533	-0.000537181573091114	1.59967373608844	0.999996890168362
35.625	56.25	0.999995918774462	0.800174761541272	-0.000516089066986537	1.39962733411026	0.9999973472034
35.875	56.25	0.999996674316103	0.800148900710141	-0.000497645768398007	1.19958740827448	0.999997838305467
36.125	56.25	0.999997518274977	0.800123771514593	-0.000481787332920603	0.99955373751245	0.999998386878735
36.375	56.25	0.999998227908055	0.800099204443072	-0.000468458564897888	0.799526153857072	0.999998848140236
36.625	56.25	0.999998251697168	0.800075071366173	-0.000457595759874614	0.599504578896967	0.999998863603159
36.875	56.25	0.999996895026511	0.800051310790429	-0.00044911219476668	0.39948905211187	0.999997981767232
37.125	56.25	0.999993943210744	0.800028905623287	-0.000442910985161719	0.199479706426066	0.999996063086984
37.375	56.25	0.999990668332687	0.400002401807842	-0.000439235521782519	-0.000523849456831305	0.999993934416246
0.125	56.75	-3.56136944481491e-12	0.400002711727456	8.61300804839864e-05	18.0165885783221	0.349999999997685
0.375	56.75	-5.46535635124004e-12	0.800008146351683	8.64928215775614e-05	17.9465881037856	0.349999999996448
0.625	56.75	-7.29030362438333e-12	0.800013614526822	8.72199487148309e-05	17.8765871527581	0.349999999995261
0.875	56.75	-6.5597303376048e-12	0.800019138787139	8.83147598692414e-05	17.8065857213222	0.349999999995736
1.125	56.75	-3.32211256561083e-13	0.800024741919626	8.97822220897215e-05	17.7365838035798	0.349999999999784
1.375	56.75	1.40790295307055e-11	0.800030447066563	9.16289958462845e-05	17.6665813916251	0.350000000009151
1.625	56.75	3.77706270389396e-11	0.800036277830962	9.3863467325959e-05	17.5965784755093	0.350000000024551
1.875	56.75	6.85079381730619e-11	0.800042258385201	9.6495789263388e-05	17.5265750431958	0.35000000004453
2.125	56.75	9.90067835910529e-11	0.800048413583008	9.95379300028327e-05	17.4565710805063	0.350000000064354
2.375	56.75	1.15885474642721e-10	0.800054769075855	0.000103003731049134	17.3865665710567	0.350000000075326
2.625	56.75	1.00067141361383e-10	0.800061351434663	0.000106908973401841	17.3165614961833	0.350000000065044
2.875	56.75	2.93836430782747e-11	0.800068188277067	0.000111271452568255	17.246555834857	0.350000000019099
3.125	56.75	-1.16098963521897e-10	0.800075308401749	0.000116111062347338	17.1765495635866	0.349999999924536
3.375	56.75	-3.45948158251061e-10	0.800082741930257	0.000121449887848998	17.1065426563088	0.349999999775134
3.625	56.75	-6.48961285781604e-10	0.800090520457453	0.000127312307319235	17.0365350842634	0.349999999578175
3.875	56.75	-9.81830832778964e-10	0.80009867721187	0.000133725103138321	16.9665268158551	0.34999999936181
4.125	56.75	-1.25922437526288e-09	0.800107247227386	0.000140717581988139	16.8965178164977	0.349999999181504
4.375	56.75	-1.34879902891188e-09	0.800116267527254	0.00014832170382905	16.8265080484426	0.349999999123281
4.625	56.75	-1.07582084260104e-09	0.800125777322632	0.000156572220002917	16.7564974705901	0.349999999300716
4.875	56.75	-2.42748435275601e-10	0.800135818228203	0.000165506819553561	16.6864860382843	0.349999999842214
5.125	56.75	1.33128176475215e-09	0.800146434496897	0.000175166284024003	16.6164737030917	0.350000000865333
5.375	56.75	3.7483209397002e-09	0.80015767327818	0.000185594649722536	16.5464604125651	0.350000002436409
5.625	56.75	6.94840218263431e-09	0.800169584902189	0.000196839377028325	16.4764461099931	0.350000004516461
5.875	56.75	1.06131736179881e-08	0.80018222319431	0.000208951525576528	16.4064307341365	0.350000006898563
6.125	56.75	1.40719740333058e-08	0.800195645823558	0.000221985934200013	16.3364142189473	0.350000009146783
6.375	56.75	1.62339676071363e-08	0.800209914689007	0.000236001403809877	16.2663964932685	0.350000010552079
6.625	56.75	1.55769546241503e-08	0.800225096347713	0.000251060880487249	16.1963774805037	0.35000001012502
6.875	56.75	1.0227920323676e-08	0.800241262488415	0.000267231635991583	16.1263570982442	0.350000006648148
7.125	56.75	-1.82937534253744e-09	0.800258490455638	0.000284585440845398	16.0563352578352	0.349999998810906
7.375	56.75	-2.23900233197786e-08	0.80027686382901	0.000303198724708429	15.9863118638574	0.349999985446485
7.625	56.75	-5.24897728265652e-08	0.800296473063671	0.000323152716778621	15.9162868134965	0.349999965881648
7.875	56.75	-9.1696794584997e-08	0.800317416200162	0.000344533557849702	15.846259995773	0.349999940397083
8.125	56.75	-1.37266526223967e-07	0.800339799652379	0.000367432373610564	15.7762312906036	0.349999910776758
8.375	56.75	-1.83230545776629e-07	0.800363739087129	0.000391945298099695	15.7062005676728	0.349999880900145
8.625	56.75	-2.19536113701165e-07	0.800389360410962	0.00041817343465196	15.6361676851032	0.349999857301526
8.875	56.75	-2.31405454405605e-07	0.80041680088573	0.000446222742236899	15.5661324879309	0.349999849586455
9.125	56.75	-1.99141158276903e-07	0.800446210400556	0.000476203835440828	15.4960948064133	0.349999870558247
9.375	56.75	-9.866328430284e-08	0.800477752936901	0.000508231688726408	15.426054454231	0.349999935868865
9.625	56.75	9.68800299320148e-08	0.800511608275558	0.000542425239178441	15.356011226679	0.350000062972019
9.875	56.75	4.1404118926729e-07	0.800547974011318	0.000578906886715869	15.2859648989879	0.350000269126773
10.125	56.75	8.74131084599846e-07	0.800587067963042	0.000617801896852781	15.2159152249616	0.350000568185205
10.375	56.75	1.48601418462925e-06	0.800629131098165	0.000659237717461146	15.1458619361627	0.35000096590922
10.625	56.75	2.23633075762507e-06	0.800674431128203	0.000703343226654532	15.0758047419122	0.350001453614992
10.875	56.75	3.07701338175706e-06	0.800723266982114	0.000750247932874058	15.0057433303915	0.350002000058698
11.125	56.75	3.91027296805874e-06	0.800775974424639	0.000800081148144744	14.9356773711092	0.350002541677429
11.375	56.75	4.57170648220783e-06	0.800832933158277	0.000852971149956309	14.86560651893	0.350002971609213
11.625	56.75	4.81285927689819e-06	0.80089457583166	0.000909044334389562	14.7955304197006	0.35000312835853
11.875	56.75	4.28548374022195e-06	0.800961399471001	0.00096842434168768	14.7254487172487	0.350002785564431
12.125	56.75	2.53087743829158e-06	0.801033979956615	0.00103123110596931	14.655361061118	0.350001645070335
12.375	56.75	-1.02096690391038e-06	0.801112990279619	0.00109757974362083	14.5852671138262	0.349999336371512
12.625	56.75	-7.03617418672203e-06	0.801199223437169	0.00116757915586976	14.5151665556485	0.349995426486779
12.875	56.75	-1.62380094199782e-05	0.801293620955639	0.00124133018462452	14.4450590839423	0.349989445293877
13.125	56.75	-2.933495120739e-05	0.801397308170371	0.00131892313838792	14.3749444028232	0.349980932281715
13.375	56.75	-4.69055730044217e-05	0.801511637538928	0.00140043450803259	14.3048221976181	0.349969511377547
13.625	56.75	-6.92294534599614e-05	0.801638241416015	0.00148592273538287	14.2346920870085	0.349955000855251
13.875	56.75	-9.60535845839661e-05	0.801779095868386	0.00157542299478875	14.1645535442163	0.34993756517002
14.125	56.75	-0.000126284984476777	0.801936597235745	0.00166894111125425	14.0944057770986	0.34991791476009
14.375	56.75	-0.00015760259245994	0.80211365322004	0.00176644697270491	14.0242475557446	0.349897558314901
14.625	56.75	-0.000185985064225695	0.802313790253254	0.00186786809250175	13.9540769752585	0.349879109708253
14.875	56.75	-0.000205155682636688	0.802541278672559	0.00197308431704081	13.8838911410328	0.349866648806286
15.125	56.75	-0.000205950970484247	0.802801276696693	0.00208192500429308	13.8136857640918	0.349866131869185
15.375	56.75	-0.000175625262127194	0.80309999318731	0.00219417024529064	13.7434546551216	0.349885843579617
15.625	56.75	-9.7108812794895e-05	0.803444867484208	0.00230955774972996	13.6731891076289	0.349936879271683
15.875	56.75	5.1758789588876e-05	0.803844761973636	0.00242779672561446	13.6028771632382	0.350033643213233
16.125	56.75	0.000298995957368148	0.804310159213643	0.00254858927646174	13.5325027553179	0.350194347372289
16.375	56.75	0.000679223894514994	0.804853350133506	0.00267165833597639	13.4620447306709	0.350441495531435
16.625	56.75	0.00123436983997225	0.805488592837353	0.00279677879566351	13.3914757526298	0.350802340395982
16.875	56.75	0.00201431822955651	0.806232212803119	0.00292380516201459	13.320761092159	0.351309306849212
17.125	56.75	0.0030775122431122	0.807102604927914	0.00305268485938858	13.2498573160553	0.352000382958023
17.375	56.75	0.0044915257785532	0.80812008644589	0.00318344146198741	13.1787108825899	0.35291949175606
17.625	56.75	0.00633364777800716	0.80930653823059	0.00331610733728034	13.1072566545042	0.354116871055705
17.875	56.75	0.00869154639330803	0.810684762025039	0.0034505815262291	13.0354163367165	0.35564950515565
18.125	56.75	0.0116641085772759	0.812277475091623	0.00358638783745851	12.963096841039	0.357581670575229
18.375	56.75	0.0153625793104473	0.814105864804264	0.00372231233132973	12.8901885723394	0.359985676551791
18.625	56.75	0.0199121501655204	0.816187637750413	0.00385591128827267	12.8165636197834	0.362942897607588
18.875	56.75	0.0254541626094069	0.818534525496128	0.00398290314957548	12.742073823366	0.366545205696114
19.125	56.75	0.0321490854602244	0.821149257138703	0.00409649292468914	12.666548671068	0.370896905549146
19.375	56.75	0.0401803780889482	0.824022081858887	0.0041867255394556	12.5897929685871	0.376117245757816
19.625	56.75	0.0497592293796313	0.827127026900962	0.0042400224192424	12.511584217762	0.38234349909676
19.875	56.75	0.0611299211966677	0.830418210103597	0.00423911429892772	12.4316696525783	0.389734448777834
20.125	56.75	0.074575146535218	0.833826690088784	0.00416362538151025	12.3497629311112	0.398473845247892
20.375	56.75	0.0904199607473116	0.837258522762724	0.0039915615870167	12.2655405941108	0.408772974485753
20.625	56.75	0.10903213880719	0.840594875532137	0.00370187146799985	12.1786386082553	0.420870890224673
20.875	56.75	0.130815631355317	0.843695176819199	0.00327804477545833	12.088649643131	0.435030160380956
21.125	56.75	0.156192830480488	0.846404247893342	0.00271237512238902	11.9951221903431	0.451525339812317
21.375	56.75	0.185571040865666	0.848564023757167	0.00201008354709164	11.8975631667899	0.470621176562683
21.625	56.75	0.219289790673625	0.850029649696443	0.00119211947104305	11.7954460975935	0.492538363937856
21.875	56.75	0.257549413140646	0.850688370538725	0.000295358734343853	11.6882270676182	0.51740711854142
22.125	56.75	0.300328198349539	0.850477938978244	-0.000630660953182675	11.5753699960889	0.545213328927201
22.375	56.75	0.347304370585901	0.849399940730384	-0.00153034180729117	11.4563811217744	0.575747840880836
22.625	56.75	0.397806810997575	0.847523468363005	-0.00235059519828476	11.3308499139845	0.608574427148424
22.875	56.75	0.450819439335086	0.844976683684766	-0.00304910644703208	11.198490576588	0.643032635567806
23.125	56.75	0.505053914605522	0.84192760685439	-0.00360001160325846	11.0591761320788	0.67828504449359
23.375	56.75	0.559084482696751	0.838559253800407	-0.00399565596526947	10.9129571351087	0.713404913752888
23.625	56.75	0.611515691773957	0.835045924222306	-0.00424452444995212	10.7600599972766	0.747485199653072
23.875	56.75	0.66114057762811	0.831536114187839	-0.00436659842791368	10.6008649122671	0.779741375458271
24.125	56.75	0.707051473539583	0.828144203846096	-0.00438784095473532	10.4358684529741	0.809583457800729
24.375	56.75	0.748684866096207	0.82494980600976	-0.0043352557123816	10.2656390011369	0.836645162962534
24.625	56.75	0.785804579744617	0.822001951177929	-0.00423333890936799	10.0907733339258	0.860772976834001
24.875	56.75	0.818443186018754	0.819325272750832	-0.00410211260868905	9.91186048171492	0.88198807091219
25.125	56.75	0.846825746427281	0.81692626771764	-0.00395650268342223	9.72945578973736	0.900436735177733
25.375	56.75	0.871295388149697	0.814798710697635	-0.00380664239319436	9.54406528554547	0.916342002297303
25.625	56.75	0.89225204573544	0.812927976292752	-0.00365868061154952	9.35613866353174	0.929963829728036
25.875	56.75	0.910108223267457	0.811294345161512	-0.00351576502379143	9.16606849353791	0.941570345123847
26.125	56.75	0.925260731861905	0.809875464019604	-0.00337898663877362	8.97419333051088	0.951419475710238
26.375	56.75	0.938075076545878	0.808648127297093	-0.00324817387093261	8.78080286429267	0.959748799754821
26.625	56.75	0.948878712784054	0.807589521067296	-0.0031224977064754	8.5861438112929	0.966771163309635
26.875	56.75	0.957959893621315	0.806678044824909	-0.00300089404790787	8.39042574960514	0.972673930853854
27.125	56.75	0.965569653932777	0.80589380788819	-0.00288233150647954	8.19382647466993	0.977620275056305
27.375	56.75	0.971925281183229	0.805218882222851	-0.00276596019179685	7.99649670236505	0.981751432769099
27.625	56.75	0.977214261483916	0.80463738000088	-0.00265117579277508	7.79856409486408	0.985189269964545
27.875	56.75	0.981598141638765	0.80413541137791	-0.00253762796349661	7.60013666171857	0.988038792065197
28.125	56.75	0.985216039909433	0.803700965949199	-0.00242519552316951	7.40130562042262	0.990390425941131
28.375	56.75	0.988187712137122	0.803323750583392	-0.00231394476927543	7.20214780647484	0.992322012889129
28.625	56.75	0.990616174242495	0.802995007195187	-0.00220408196372331	7.00272771549417	0.993900513257622
28.875	56.75	0.9925899267618	0.802707326633703	-0.00209590696790695	6.80309924711517	0.99518345239517
29.125	56.75	0.994184842693565	0.802454469160548	-0.00198977200495899	6.60330720658293	0.996220147750817
29.375	56.75	0.995465779957707	0.802231197767591	-0.00188604744149755	6.40338860738654	0.99705275697251
29.625	56.75	0.996487972422341	0.802033127580525	-0.00178509510710142	6.20337380780671	0.997717182074521
29.875	56.75	0.997298243482876	0.8018565925466	-0.00168724882368464	6.00328750608072	0.998243858263869
30.125	56.75	0.997936076151871	0.801698529275954	-0.00159280134547723	5.80314961281742	0.998658449498716
30.375	56.75	0.998434564788238	0.801556377097512	-0.00150199669407102	5.60297601498363	0.998982467112354
30.625	56.75	0.998821266447419	0.801427992945396	-0.00141502682244256	5.40277924285463	0.999233823190823
30.875	56.75	0.999118964431383	0.801311579492142	-0.00133203159295754	5.20256904941655	0.999427326880399
31.125	56.75	0.999346352798562	0.801205624903831	-0.00125310116181735	5.00235291052222	0.999575129319065
31.375	56.75	0.999518648098954	0.801108852649055	-0.00117827999604566	4.8021364533831	0.99968712126432
31.625	56.75	0.999648133139299	0.801020179905862	-0.00110757188883759	4.60192382053798	0.999771286540544
31.875	56.75	0.99974463688026	0.800938683251119	-0.00104094547294037	4.40171797613294	0.999834013972169
32.125	56.75	0.999815954376614	0.800863570465658	-0.000978339853048688	4.20152096108101	0.999880370344799
32.375	56.75	0.999868210785373	0.800794157434615	-0.000919670084370974	4.00133410338445	0.999914337010492
32.625	56.75	0.999906173712078	0.800729849258016	-0.000864832314799952	3.80115818956632	0.999939012912851
32.875	56.75	0.999933518397335	0.800670124809758	-0.000813708482595346	3.60099360276397	0.999956786958268
33.125	56.75	0.999953050350607	0.800614524096448	-0.000766170518553241	3.40084043259582	0.999969482727895
33.375	56.75	0.999966889959484	0.800562637877925	-0.000722084038589733	3.20069856144693	0.999978478473664
33.625	56.75	0.999976623382722	0.800514099125262	-0.000681311527341439	3.0005677313517	0.999984805198769
33.875	56.75	0.999983423852737	0.800468576006874	-0.000643715010162807	2.80044759519273	0.999989225504279
34.125	56.75	0.999988147647967	0.800425766185145	-0.000609158208478052	2.6003377554628	0.999992295971178
34.375	56.75	0.999991409650706	0.800385392227996	-0.000577508207451873	2.40023779329993	0.999994416272959
34.625	56.75	0.99999364436506	0.800347197840442	-0.000548636775192434	2.20014728985453	0.999995868837289
34.875	56.75	0.999995158533804	0.800310944401965	-0.000522421664761854	2.00006584131318	0.999996853046972
35.125	56.75	0.999996179285347	0.800276407087905	-0.000498748416491061	1.79999306829501	0.999997516535476
35.375	56.75	0.9999968954282	0.800243369969318	-0.000477513135921246	1.59992862028131	0.99999798202833
35.625	56.75	0.999997479745717	0.800211620329187	-0.00045862614677667	1.39987217671547	0.999998361834716
35.875	56.75	0.999998072601817	0.800180944171456	-0.000442015154371207	1.19982344847271	0.999998747191181
36.125	56.75	0.999998713542023	0.800151126916379	-0.000427625025628783	0.999782185467037	0.999999163802315
36.375	56.75	0.999999241068767	0.800121963703735	-0.000415410915546814	0.799748195557885	0.999999506694699
36.625	56.75	0.999999243008549	0.800093279726405	-0.00040532455532628	0.599721373062473	0.999999507955557
36.875	56.75	0.999998201524308	0.800064948892302	-0.000397301923074735	0.399701720392059	0.9999988309908
37.125	56.75	0.999995964958079	0.80003760484632	-0.00039127314031678	0.199689329537154	0.999997377222751
37.375	56.75	0.999993496164761	0.400007218624589	-0.000387470102850653	-0.000316067692751554	0.999995772507094
0.125	57.25	-3.54310513383439e-12	0.400003052134965	7.46023519581633e-05	18.0165744550258	0.349999999997697
0.375	57.25	-5.42712358414144e-12	0.800009169118738	7.49173367172754e-05	17.9465739209183	0.349999999996472
0.625	57.25	-7.22064946303223e-12	0.800015324294634	7.55487355617739e-05	17.8765728504784	0.349999999995307
0.875	57.25	-6.46105429703529e-12	0.800021543315788	7.64994140078789e-05	17.8065712392468	0.3499999999958
1.125	57.25	-2.29871977283674e-13	0.800027852125469	7.77736872487163e-05	17.7365690805094	0.349999999999851
1.375	57.25	1.41281751475436e-11	0.800034277074286	7.93773405417948e-05	17.6665663652661	0.350000000009183
1.625	57.25	3.76757047944944e-11	0.800040845041086	8.13176564635995e-05	17.5965630821904	0.350000000024489
1.875	57.25	6.81540179685783e-11	0.80004758355679	8.36034491094093e-05	17.5265592175785	0.3500000000443
2.125	57.25	9.82832277546706e-11	0.800054520931548	8.62451049779792e-05	17.4565547552865	0.350000000063884
2.375	57.25	1.14735023704208e-10	0.800061686386788	8.92546312059999e-05	17.3865496766582	0.350000000074578
2.625	57.25	9.85508707475283e-11	0.800069110192805	9.26457105390759e-05	17.3165439604395	0.350000000064058
2.875	57.25	2.7747521952707e-11	0.800076823811482	9.64337634493358e-05	17.2465375826818	0.350000000018036
3.125	57.25	-1.17377562541806e-10	0.800084860046736	0.000100636017184668	17.1765305166309	0.349999999923705
3.375	57.25	-3.46156245542354e-10	0.800093253201971	0.000105271581930961	17.1065227326027	0.349999999774998
3.625	57.25	-6.47203811313676e-10	0.800102039246672	0.000110361533566425	17.0365141978425	0.349999999579318
3.875	57.25	-9.77149758040702e-10	0.800111255992157	0.000115929003429385	16.9665048763684	0.349999999364853
4.125	57.25	-1.25079165139312e-09	0.800120943278299	0.000121999274243433	16.8964947287974	0.349999999186985
4.375	57.25	-1.33620339768703e-09	0.800131143172516	0.000128599882189654	16.8264837121536	0.349999999131468
4.625	57.25	-1.05947822770732e-09	0.800141900181723	0.000135760724643171	16.756471779658	0.349999999311339
4.875	57.25	-2.24447727508934e-10	0.800153261480822	0.000143514172734273	16.6864588805008	0.349999999854109
5.125	57.25	1.34775479349214e-09	0.800165277158259	0.000151895187960774	16.6164449595963	0.350000000876041
5.375	57.25	3.75665502851981e-09	0.800178000483197	0.000160941441880796	16.5464299573226	0.350000002441826
5.625	57.25	6.93962349559257e-09	0.800191488195497	0.000170693437380424	16.4764138092463	0.350000004510755
5.875	57.25	1.05762693839237e-08	0.800205800822367	0.000181194630113433	16.4063964458322	0.350000006874575
6.125	57.25	1.39956272506598e-08	0.800221003024342	0.000192491547708065	16.3363777921379	0.350000009097158
6.375	57.25	1.61096241712353e-08	0.800237163973375	0.000204633903996275	16.2663577674872	0.350000010471256
6.625	57.25	1.5403199012515e-08	0.800254357764789	0.000217674705045626	16.1963362851157	0.350000010012079
6.875	57.25	1.00157710679329e-08	0.800272663866854	0.000231670341639805	16.1263132517745	0.350000006510251
7.125	57.25	-2.05111788678156e-09	0.800292167609391	0.000246680662740665	16.0562885672761	0.349999998666773
7.375	57.25	-2.25708035402364e-08	0.80031296071437	0.000262769021998659	15.9862621239591	0.349999985328978
7.625	57.25	-5.25566666745027e-08	0.800335141872054	0.000280002287807773	15.9162338060459	0.349999965838167
7.875	57.25	-9.15596609691646e-08	0.8003588173668	0.00029845080502015	15.846203488868	0.34999994048622
8.125	57.25	-1.36831398468219e-07	0.800384101758403	0.000318188294355501	15.7761710379318	0.349999911059591
8.375	57.25	-1.82423198499576e-07	0.800411118627267	0.000339291672647539	15.7061363078059	0.349999881424921
8.625	57.25	-2.18336291176488e-07	0.800440001394263	0.000361840775187722	15.6360991408231	0.349999858081411
8.875	57.25	-2.29889600448825e-07	0.800470894231216	0.000385917958611211	15.5660593656025	0.34999985057176
9.125	57.25	-1.97527435077797e-07	0.800503953082456	0.000411607561374683	15.496016795427	0.349999871607167
9.375	57.25	-9.73471666948182e-08	0.80053934682766	0.000438995196620742	15.4259712265373	0.349999936724342
9.625	57.25	9.7318010751394e-08	0.800577258626475	0.000468166850970173	15.3559224364421	0.350000063256707
9.875	57.25	4.12881267222373e-07	0.800617887502648	0.000499207760438684	15.285870182388	0.350000268372824
10.125	57.25	8.70646075600267e-07	0.800661450247265	0.000532201031751458	15.2158142001779	0.350000565919949
10.375	57.25	1.47972411928829e-06	0.800708183751451	0.000567225971551894	15.145754203571	0.350000961820678
10.625	57.25	2.2274168255523e-06	0.800758347919131	0.000604356076635595	15.0756898845357	0.350001447820937
10.875	57.25	3.06691966435246e-06	0.800812229360543	0.000643656622787848	15.0056209146436	0.350001993497782
11.125	57.25	3.9025053188934e-06	0.800870146132117	0.0006851817653313	14.9355469478783	0.350002536628457
11.375	57.25	4.57280416911879e-06	0.800932453863544	0.000728971029742544	14.8654676250597	0.35000297232271
11.625	57.25	4.83346343456355e-06	0.800999553704195	0.000775045021617063	14.7953825799374	0.350003141751232
11.875	57.25	4.34135504748127e-06	0.801071902624654	0.000823400122060412	14.7252914467479	0.350002821880781
12.125	57.25	2.64362316068249e-06	0.801150026727251	0.000874001855581528	14.6551938686286	0.350001718355054
12.375	57.25	-8.23807371432167e-07	0.801234538351506	0.000926776526322445	14.585089505715	0.349999464525209
12.625	57.25	-6.72216072445652e-06	0.801326157908539	0.000981600619694102	14.5149780409726	0.349995630595529
12.875	57.25	-1.57725541328243e-05	0.801425741540423	0.00103828737015795	14.4448591808368	0.349989747839814
13.125	57.25	-2.86865180835661e-05	0.801534315884007	0.00109656981825855	14.3747326465352	0.349981353763246
13.375	57.25	-4.60541443640406e-05	0.801653121418349	0.00115607964120826	14.3045981505803	0.349970064806163
13.625	57.25	-6.81791324453174e-05	0.801783666093265	0.00121632107146549	14.2344553513971	0.34995568356391
13.875	57.25	-9.48501849584909e-05	0.801927791163213	0.0012766393507394	14.1643037774672	0.349938347379777
14.125	57.25	-0.000125039353680781	0.802087751368018	0.00133618344476523	14.0941427108423	0.349918724420107
14.375	57.25	-0.000156520205578483	0.802266311770657	0.00139386321182889	14.0239710185448	0.349898261866374
14.625	57.25	-0.00018540210792284	0.802466863619582	0.00144830192215215	13.9537869193852	0.34987948862985
14.875	57.25	-0.000205581423907063	0.802693561448255	0.00149778600607617	13.8835876732382	0.34986637207446
15.125	57.25	-0.000208115695018243	0.80295148310982	0.00154021519731753	13.8133691799793	0.349864724798238
15.375	57.25	-0.000180532507422621	0.803246813373505	0.00157305783792865	13.7431254761909	0.349882653870175
15.625	57.25	-0.00010609006366524	0.803587049821061	0.00159331799378069	13.6728481194531	0.349931041458618
15.875	57.25	3.69892674131546e-05	0.803981226774336	0.00159752310666872	13.602525452508	0.350024043023819
16.125	57.25	0.000276288828706782	0.804440148520994	0.00158174301995887	13.5321417427185	0.350179587738659
16.375	57.25	0.000645947858920118	0.804976616859412	0.00154165310062675	13.4616761958267	0.350419866108298
16.625	57.25	0.00118737290436765	0.805605629706955	0.00147265547068121	13.391101846757	0.350771792387839
16.875	57.25	0.00194989960841413	0.806344517136015	0.00137007256523015	13.3203843337581	0.351267434745469
17.125	57.25	0.00299140682387749	0.807212968945408	0.00122942575920228	13.2494805650969	0.35194441443552
17.375	57.25	0.00437890246638698	0.808232894440254	0.00104680800087123	13.1783372893805	0.352846286603152
17.625	57.25	0.00618912248523738	0.809428041805129	0.00081935264099693	13.1068895809018	0.354022929615404
17.875	57.25	0.00850921022844867	0.81082329343617	0.000545790497186185	13.0350592497103	0.355530986648492
18.125	57.25	0.0114375722577598	0.812443547871999	0.000227073520678372	12.9627531819219	0.357434421967544
18.375	57.25	0.0150850364025646	0.814312102409767	-0.00013297340267293	12.8898616086469	0.359805273661667
18.625	57.25	0.0195764648751705	0.816448467760627	-0.000527030018157446	12.8162562915147	0.362724702168861
18.875	57.25	0.0250529928677723	0.818865582146165	-0.000943764803965884	12.741788599149	0.366284445364052
19.125	57.25	0.0316750590274444	0.821566451870584	-0.00136752105995396	12.6662874330228	0.370588788367839
19.375	57.25	0.0396263477788367	0.824540332567605	-0.00177831506560012	12.5895569456264	0.375757126056244
19.625	57.25	0.0491186416820854	0.827758682339569	-0.00215226492854941	12.5113739848127	0.381927117093356
19.875	57.25	0.0603973374276757	0.831171264644677	-0.00246256806413995	12.4314852068497	0.389258269327989
20.125	57.25	0.0737469522758461	0.834702950574951	-0.00268112998983124	12.3496038458465	0.3979355189793
20.375	57.25	0.0894952812898529	0.838251954681937	-0.0027809071022779	12.2654062361935	0.408171932838404
20.625	57.25	0.108013938811546	0.841690407568268	-0.00273894409204518	12.1785283910862	0.420209060227505
20.875	57.25	0.129711911420904	0.844868264553742	-0.00253994043902031	12.0885632744063	0.434312742423587
21.125	57.25	0.155017743905374	0.847621469654605	-0.00217995558828607	11.9950598707137	0.450761533538493
21.375	57.25	0.184345654622956	0.849784884779762	-0.00166957996753103	11.8975257041043	0.469824675504921
21.625	57.25	0.218042136750485	0.851209593159452	-0.00103565002989712	11.7954349236891	0.491727388887816
21.875	57.25	0.25631346913486	0.851782745734131	-0.000320540693774771	11.6882441760573	0.516603754937659
22.125	57.25	0.299141556493448	0.851446406009679	0.000421584158454895	11.5754178490128	0.544442011720741
22.375	57.25	0.34620463867194	0.850210586800067	0.0011313860878375	11.4564625872289	0.575033015136761
22.625	57.25	0.396827207529791	0.84815587554159	0.00175263148426751	11.3309682791957	0.607937684894364
22.875	57.25	0.449984464980593	0.845423380729211	0.00224016869480835	11.1986496368974	0.642489902237386
23.125	57.25	0.504376185654822	0.842193718412441	0.00256559115080564	11.0593802965432	0.677844520675635
23.375	57.25	0.558563614284448	0.838660591417461	0.00271934788707051	10.9132114487735	0.713066349284891
23.625	57.25	0.611139524172495	0.835006078949225	0.00270926605927276	10.7603699845902	0.747240690712122
23.875	57.25	0.660888300431034	0.831383210861047	0.00255648311718082	10.601236200903	0.779577395280172
24.125	57.25	0.706897677546148	0.827907875476346	0.00229024306088293	10.4363062178449	0.809483490404996
24.375	57.25	0.74860346049515	0.824658737415276	0.00194287290989803	10.2661473352653	0.836592249321848
24.625	57.25	0.78577180706255	0.821682127749022	0.00154577784244476	10.0913546770124	0.860751674590657
24.875	57.25	0.818439422886031	0.818998914540019	0.00112677160826962	9.91251521513808	0.88198562487592
25.125	57.25	0.846836168807854	0.816611343378337	0.000708673744742357	9.73018205624716	0.900443509725105
25.375	57.25	0.87130979598606	0.814508894584657	0.000308903271975857	9.5448590373234	0.916351367390939
25.625	57.25	0.892264191475213	0.812672913705437	-6.02554894215816e-05	9.35699390109187	0.929971724458888
25.875	57.25	0.910114935402903	0.811080108487099	-0.000391005500963669	9.16697763654369	0.941574708011887
26.125	57.25	0.925261033546196	0.809705106167485	-0.000679228300207282	8.97514765781411	0.951419671805027
26.375	57.25	0.938069412242518	0.808522262759777	-0.000923660459033983	8.78179296837967	0.959745117957637
26.625	57.25	0.948868330389763	0.80750688642451	-0.00112514003109331	8.58716002571418	0.966764414753346
26.875	57.25	0.957946387747086	0.806636008358637	-0.00128596310202189	8.39145852233797	0.972665152035606
27.125	57.25	0.965554653511515	0.805888811868376	-0.00140936156054868	8.19486667308603	0.977610524782485
27.375	57.25	0.971910255087235	0.805246811643112	-0.00149909644828743	7.99753584542368	0.981741665806703
27.625	57.25	0.977200414184106	0.804693858577841	-0.0015591529685385	7.79959451516287	0.985180269219669
27.875	57.25	0.98158637338207	0.804216030098545	-0.00159352030539551	7.6011516044474	0.988031142698346
28.125	57.25	0.985206950074056	0.803801451960831	-0.00160603953111885	7.40229928861235	0.990384517548137
28.375	57.25	0.988181628997456	0.80344008530985	-0.00160030453745847	7.20311536276433	0.992318058848346
28.625	57.25	0.99061319863794	0.8031235026767	-0.00157960318282472	7.00366525044099	0.993898579114661
28.875	57.25	0.992589980813625	0.802844668579412	-0.00154688817762903	6.80400372323888	0.995183487528856
29.125	57.25	0.994187717666891	0.802597734334994	-0.00150476937117156	6.6041763861481	0.996222016483479
29.375	57.25	0.995471179650209	0.802377852296443	-0.00145552094724326	6.40422097061383	0.997056266772636
29.625	57.25	0.996495550157184	0.802181011685678	-0.00140109856105232	6.20416846688483	0.99772210760217
29.875	57.25	0.997307631988054	0.802003896190021	-0.00134316267810795	6.00404411912613	0.998249960792235
30.125	57.25	0.997946910418517	0.80184376225432	-0.001283105346118	5.80386830084048	0.998665491772036
30.375	57.25	0.998446498505249	0.801698336309849	-0.00122207838709949	5.60365728399127	0.998990224028412
30.625	57.25	0.998833982885516	0.80156572886133	-0.00116102158012353	5.40342391245299	0.999242088875585
30.875	57.25	0.999132182760935	0.801444363275522	-0.00110068985096118	5.20317818866489	0.999435918794608
31.125	57.25	0.999359830824211	0.801332917185886	-0.00104167882295332	5.00292778131587	0.999583890035737
31.375	57.25	0.99953218232167	0.801230274583408	-0.000984448337077759	4.80267846129135	0.999695918509085
31.625	57.25	0.999661556944038	0.80113548686072	-0.000929343737488873	4.60243447277242	0.999780012013625
31.875	57.25	0.999757817516812	0.801047741287188	-0.000876614855960048	4.40219884615483	0.999842581385928
32.125	57.25	0.999828789266152	0.800966335599151	-0.000826432726950354	4.20197365925621	0.999888713022999
32.375	57.25	0.999880623553201	0.800890657581232	-0.000778904133555643	4.00176025304601	0.999922405309581
32.625	57.25	0.999918110223202	0.80082016868673	-0.000734084131435453	3.80155940783666	0.999946771645081
32.875	57.25	0.999944942963358	0.800754390896241	-0.000691986727860563	3.60137148550967	0.999964212926183
33.125	57.25	0.999963942199038	0.800692896147534	-0.00065259390892982	3.40119654292938	0.999976562429375
33.375	57.25	0.999977240030148	0.800635297793144	-0.000615863208712395	3.20103442124141	0.999985206019596
33.625	57.25	0.999986431553232	0.800581243660221	-0.00058173399758083	3.00088481528549	0.999991180509601
33.875	57.25	0.999992696773151	0.80053041039825	-0.000550132635104435	2.80074732688402	0.999995252902548
34.125	57.25	0.999996897396513	0.80048249888384	-0.00052097659886581	2.60062150528666	0.999997983307734
34.375	57.25	0.999999653255675	0.800437230471322	-0.000494177694972709	2.40050687752111	0.999999774616189
34.625	57.25	1.00000140373309	0.800394343796011	-0.00046964451999547	2.20040297079344	1.00000091242651
34.875	57.25	1.00000245953841	0.800353591663287	-0.000447284499921216	2.00030932843267	1.00000159869997
35.125	57.25	1.00000304819473	0.80031473740917	-0.000427006029972344	1.80022552036044	1.00000198132657
35.375	57.25	1.00000335151766	0.800277550253442	-0.000408721306190107	1.60015114901204	1.00000217848648
35.625	57.25	1.00000352602996	0.800241799894022	-0.000392350091275417	1.40008585237396	1.00000229191948
35.875	57.25	1.00000369229063	0.800207251998948	-0.000377823663838348	1.20002930729397	1.00000239998891
36.125	57.25	1.0000038853566	0.800173667773872	-0.000365086751306513	0.999981237545168	1.00000252548179
36.375	57.25	1.00000398502977	0.800140810885093	-0.000354094393659593	0.799941430232195	1.00000259026935
36.625	57.25	1.00000369013696	0.800108461536013	-0.000344802460974109	0.599909758527524	1.00000239858902
36.875	57.25	1.00000264112415	0.800076427068482	-0.000337157093517853	0.399886197719135	1.0000017167307
37.125	57.25	1.00000077493352	0.800045018978571	-0.000331099851510485	0.199870810783731	1.00000050370679
37.375	57.25	0.999998849965373	0.400011419691085	-0.000326821652825143	-0.000136557882769339	0.999999252477492
0.125	57.75	-3.52697071885473e-12	0.400003341696938	6.18146845086054e-05	18.016562468162	0.349999999997707
0.375	57.75	-5.39394963888199e-12	0.800010039118779	6.20761955044739e-05	17.9465618833814	0.349999999996494
0.625	57.75	-7.16132156806211e-12	0.800016778681265	6.26004041263543e-05	17.8765607113653	0.349999999995345
0.875	57.75	-6.37916937437174e-12	0.800023588690222	6.33896890918622e-05	17.8065589471934	0.349999999995854
1.125	57.75	-1.49393208394298e-13	0.800030497772411	6.44476321070331e-05	17.7365565834573	0.349999999999903
1.375	57.75	1.4156414419045e-11	0.800037535004897	6.57790343557294e-05	17.6665536102264	0.350000000009202
1.625	57.75	3.75734107036025e-11	0.800044730048384	6.73899383086312e-05	17.5965500150029	0.350000000024423
1.875	57.75	6.78259147988523e-11	0.800052113283236	6.92876550642708e-05	17.5265457826654	0.350000000044087
2.125	57.75	9.76428297370742e-11	0.800059715949254	7.14807973897644e-05	17.4565408954002	0.350000000063468
2.375	57.75	1.13747047750362e-10	0.800067570290171	7.39793178741883e-05	17.3865353326209	0.350000000073936
2.625	57.75	9.72868123666321e-11	0.800075709703254	7.67945528641275e-05	17.3165290708746	0.350000000063236
2.875	57.75	2.64449462505624e-11	0.800084168894645	7.99392714872936e-05	17.2465220837352	0.350000000017189
3.125	57.75	-1.1826720414293e-10	0.800092984041819	8.34277303518177e-05	17.1765143416819	0.349999999923126
3.375	57.75	-3.45950824349424e-10	0.800102192962814	8.72757329456654e-05	17.1065058119628	0.349999999775132
3.625	57.75	-6.45027169594247e-10	0.800111835294351	9.15006942573364e-05	17.0364964584413	0.349999999580732
3.875	57.75	-9.72046262181974e-10	0.80012195267839	9.61217099023443e-05	16.9664862414259	0.34999999936817
4.125	57.75	-1.24194416854977e-09	0.800132588959057	0.000101159629455631	16.8964751174816	0.349999999192736
4.375	57.75	-1.32327696974015e-09	0.800143790390218	0.000106637133569772	16.8264630392221	0.34999999913987
4.625	57.75	-1.04309686168587e-09	0.800155605855689	0.000112578813881736	16.7564499550836	0.349999999321987
4.875	57.75	-2.06776102854901e-10	0.800168087102696	0.000119011255298166	16.6864358090803	0.349999999865596
5.125	57.75	1.36241466245121e-09	0.80018128899122	0.000125963119106872	16.6164205405421	0.35000000088557
5.375	57.75	3.76142521779485e-09	0.800195269760921	0.00013346522603863	16.5464040838367	0.350000002444926
5.625	57.75	6.92502942824823e-09	0.800210091317765	0.000141550637152278	16.4763863680769	0.350000004501269
5.875	57.75	1.05309592008592e-08	0.800225819541867	0.000150254730997727	16.4063673168138	0.350000006845123
6.125	57.75	1.39081593621011e-08	0.800242524618653	0.000159615273988869	16.3363468477149	0.350000009040304
6.375	57.75	1.59715673765437e-08	0.800260281394605	0.00016967248109858	16.2663248722235	0.350000010381519
6.625	57.75	1.52135882475583e-08	0.800279169757871	0.000180469062358277	16.1963012951912	0.350000009888832
6.875	57.75	9.78662585346906e-09	0.800299275044269	0.000192050250177994	16.1262760144731	0.350000006361307
7.125	57.75	-2.28897225495161e-09	0.800320688469025	0.000204463800161406	16.0562489204675	0.349999998512168
7.375	57.75	-2.27629345027171e-08	0.800343507583399	0.000217759957149114	15.986219895582	0.349999985204093
7.625	57.75	-5.26231540233151e-08	0.80036783675545	0.000231991375315277	15.9161888135988	0.34999996579495
7.875	57.75	-9.13985034075947e-08	0.800393787675806	0.000247212978946221	15.846155538918	0.349999940590973
8.125	57.75	-1.36329737644244e-07	0.800421479887531	0.000263481747314071	15.7761199256539	0.34999991138567
8.375	57.75	-1.81478524873194e-07	0.80045104134231	0.000280856403956964	15.7060818165692	0.349999882038959
8.625	57.75	-2.16888645122707e-07	0.800482608985539	0.000299396986891384	15.636041041842	0.349999859022381
8.875	57.75	-2.27963610364884e-07	0.80051632937544	0.000319164272352542	15.5659974176794	0.349999851823653
9.125	57.75	-1.95279684007348e-07	0.800552359345622	0.000340219020092848	15.4959507448141	0.349999873068205
9.375	57.75	-9.51098472934316e-08	0.80059086672472	0.0003626210033509	15.425900806953	0.349999938178599
9.625	57.75	9.90116663795718e-08	0.800632031136325	0.000386427779855382	15.3558473692836	0.350000064357583
9.875	57.75	4.13310141537458e-07	0.800676044913252	0.000411693152244021	15.2857901771894	0.350000268651592
10.125	57.75	8.68978512947501e-07	0.800723114178548	0.000438465254461967	15.215728955371	0.350000564836033
10.375	57.75	1.47518834511415e-06	0.800773460168241	0.000466784184390541	15.1456634076193	0.350000958872424
10.625	57.75	2.21959284802216e-06	0.800827320903783	0.000496679079510824	15.0755932175236	0.350001442735351
10.875	57.75	3.05617490095979e-06	0.800884953361564	0.000528164498770867	15.005518050425	0.350001986513686
11.125	57.75	3.89058246217194e-06	0.800946636337488	0.000561235928104011	14.9354375569098	0.3500025288786
11.375	57.75	4.56354724737918e-06	0.801012674264979	0.000595864163808405	14.8653513780816	0.350002966305711
11.625	57.75	4.83363665488567e-06	0.801083402313494	0.000631988247186517	14.7952591527095	0.350003141863826
11.875	57.75	4.36147105073716e-06	0.801159193173407	0.000669506519823417	14.725160526107	0.350002834956183
12.125	57.75	2.69865831626409e-06	0.801240466020481	0.000708265244182701	14.6550551602147	0.350001754127906
12.375	57.75	-7.13962902468131e-07	0.801327698247109	0.000748044089162627	14.58494274381	0.349999535924113
12.625	57.75	-6.53267511527821e-06	0.801421440652708	0.000788537621732078	14.5148230010164	0.349995753761175
12.875	57.75	-1.54741612634177e-05	0.801522336899523	0.000829331786381269	14.4446956953277	0.349989941795179
13.125	57.75	-2.82465490391102e-05	0.801631148170013	0.000869874212802916	14.3745606251785	0.349981639743125
13.375	57.75	-4.54378269039491e-05	0.801748784107258	0.000909437099307223	14.3044176057208	0.349970465412512
13.625	57.75	-6.73504871660993e-05	0.801876341288793	0.00094707141500093	14.2342664299311	0.349956222183342
13.875	57.75	-9.37712051418584e-05	0.802015150669335	0.00098155130439504	14.1641068005713	0.349939048716658
14.125	57.75	-0.000123665226532607	0.802166835625079	0.00101130793175371	14.0939382229368	0.349919617602754
14.375	57.75	-0.000154787055085794	0.802333382415221	0.00103435265787753	14.0237598468993	0.349899388414194
14.625	57.75	-0.000183202060451992	0.80251722499543	0.00104819049742911	13.9535702456175	0.349880918660706
14.875	57.75	-0.000202717680009798	0.802721346097674	0.00104972637473096	13.8833671175965	0.349868233507994
15.125	57.75	-0.000204227726105029	0.802949396204217	0.001035168892046	13.81314689867	0.349867251978032
15.375	57.75	-0.000174978518055034	0.803205831316175	0.000999939249438771	13.7429042710393	0.349886263963264
15.625	57.75	-9.77705625931388e-05	0.803496069017773	0.000938596673303452	13.6726315577964	0.349936449134314
15.875	57.75	4.98863902241622e-05	0.803826659977493	0.000844796209721401	13.6023179933572	0.350032426153646
16.125	57.75	0.000296644645989106	0.804205468381426	0.000711299884462186	13.5319488628374	0.350192819019893
16.375	57.75	0.00067819591068929	0.804641849535088	0.000530067696765025	13.4615045064576	0.350440827341948
16.625	57.75	0.00123813737376706	0.805146805730571	0.000292460104805264	13.3909591883112	0.350804789292949
16.875	57.75	0.0020288157175395	0.805733092354035	-1.04123591165714e-05	13.3202798319834	0.351318730216401
17.125	57.75	0.00311214843898392	0.806415235305161	-0.000387155278192337	13.2494246282442	0.35202289648534
17.375	57.75	0.00456043570030284	0.807209408798996	-0.000845338167774584	13.1783415220082	0.352964283205197
17.625	57.75	0.00645719302247936	0.808133110897389	-0.00139049906743317	13.1069665866308	0.354197175464612
17.875	57.75	0.00889805480500719	0.80920456492367	-0.00202489913120147	13.0352222930441	0.355783735623255
18.125	57.75	0.0119918197404588	0.810441771488261	-0.00274604944362893	12.9630156789185	0.357794682831298
18.375	57.75	0.0158617296784403	0.81186114240895	-0.00354507381830168	12.8902364186513	0.360310124290986
18.625	57.75	0.020647089786356	0.813475669135375	-0.00440502580981232	12.8167547883758	0.363420608361131
18.875	57.75	0.0265053432659327	0.815292619166194	-0.00529934416885647	12.742419511523	0.367228473122856
19.125	57.75	0.0336146964600578	0.817310817990185	-0.00619070450587405	12.6670554608304	0.371849552699038
19.375	57.75	0.042177329675708	0.819517662385697	-0.00703059852723184	12.5904611849329	0.37741526428921
19.625	57.75	0.0524230938857827	0.821886120554421	-0.00776003350614127	12.5124062278843	0.384075011025759
19.875	57.75	0.0646133396039371	0.824372097304593	-0.00831177397807588	12.4326282293369	0.391998670742559
20.125	57.75	0.0790440998192133	0.826912663827586	-0.00861451445847278	12.3508298497317	0.401378664882489
20.375	57.75	0.0960472115202408	0.829425749836166	-0.00859923158483543	12.266675684093	0.412430687488156
20.625	57.75	0.115987115450504	0.831811940365589	-0.00820766002272883	12.1797895391204	0.425391625042827
20.875	57.75	0.139250140961393	0.833958967499694	-0.00740231895573476	12.0897527733563	0.440512591624906
21.125	57.75	0.166222384738784	0.835749279942241	-0.00617678862308483	11.9961048321787	0.458044550080209
21.375	57.75	0.19725242775948	0.837070640339557	-0.00456413049054149	11.8983475783503	0.478214078043662
21.625	57.75	0.232596945794411	0.837828988861237	-0.00264078241725865	11.7959553567528	0.501188014766367
21.875	57.75	0.272351552772247	0.837961859761143	-0.00052341738149831	11.6883926617956	0.527028509301961
22.125	57.75	0.316376068038915	0.837449680068383	0.00164246903597243	11.5751404695858	0.555644444225295
22.375	57.75	0.364231303014306	0.836321801362703	0.00370114049840131	11.4557305390115	0.586750346959299
22.625	57.75	0.415149779655062	0.834654703973676	0.00550865392310849	11.3297844248052	0.61984735677579
22.875	57.75	0.46806072019277	0.832561734341186	0.00695300781335503	11.1970512923153	0.654239468125301
23.125	57.75	0.521677255124121	0.830176471153472	0.00796743588273366	11.0574370615984	0.689090215830678
23.375	57.75	0.574633689851825	0.827634068396811	0.00853418566993225	10.9110180609747	0.723511898403686
23.625	57.75	0.625641689528062	0.825055394685562	0.008679229155756	10.758035524664	0.756667098193241
23.875	57.75	0.673626717657364	0.822537201788576	0.00846079928648491	10.5988719369169	0.787857366477286
24.125	57.75	0.717814380119137	0.820148932789969	0.00795557406073835	10.4340145399734	0.816579347077439
24.375	57.75	0.757755474209285	0.817934618126526	0.007245812328557	10.2640136094871	0.842541058236035
24.625	57.75	0.793298107208473	0.815917469863758	0.00640945334035081	10.0894428036238	0.865643769685508
24.875	57.75	0.824526849088964	0.814105131574858	0.00551384460672504	9.9108666856883	0.885942451907827
25.125	57.75	0.851690457907738	0.81249439292237	0.00461279078120721	9.72881766914044	0.90359879764003
25.375	57.75	0.875134418694601	0.81107494260292	0.00374612537871705	9.54378222140117	0.918837372151491
25.625	57.75	0.895247029486369	0.809832176438799	0.00294090159865454	9.35619469890921	0.93191056916614
25.875	57.75	0.91242139932162	0.808749238325606	0.00221341973305967	9.16643665355786	0.943073909559053
26.125	57.75	0.927031779873963	0.807808479431971	0.00157151890762072	8.97483956042727	0.952570656918076
26.375	57.75	0.939420962793367	0.80699247906243	0.00101677222141008	8.78168934124389	0.960623625815689
26.625	57.75	0.949895282478661	0.80628472960102	0.000546394857101448	8.58723155451892	0.96743193361113
26.875	57.75	0.958724315496802	0.805670061210186	0.000154793662178147	8.39167655849043	0.973170805072921
27.125	57.75	0.96614314274418	0.805134866804513	-0.000165240437639519	8.19520427821718	0.977993042783717
27.375	57.75	0.972355761993433	0.804667178368734	-0.000421657603650254	7.9979684240783	0.982031245295731
27.625	57.75	0.977538800787084	0.804256638069328	-0.000622537025535213	7.80010013724038	0.985400220511605
27.875	57.75	0.981845071403296	0.803894400157091	-0.0007756812679352	7.60171110435375	0.988199296412143
28.125	57.75	0.98540675955578	0.80357299221631	-0.000888366123081409	7.40289621130941	0.990514393711257
28.375	57.75	0.988338185069196	0.80328615726159	-0.000967203386211803	7.20373581095867	0.992419820294978
28.625	57.75	0.990738150419509	0.803028691956011	-0.00101808272346179	7.00429767336856	0.993979797772681
28.875	57.75	0.992691927985649	0.80279629106577	-0.00104616677801062	6.8046386762535	0.995249753190672
29.125	57.75	0.994272947210191	0.802585404245535	-0.00105592037006659	6.604806281501	0.996277415686624
29.375	57.75	0.995544240268741	0.80239310828488	-0.00105116000665417	6.4048398330998	0.997103756174681
29.625	57.75	0.996559696389296	0.802216995880148	-0.00103511404349788	6.20477170304862	0.997763802653042
29.875	57.75	0.997365164706822	0.80205508064548	-0.00101048692799006	6.0046283051095	0.998287357059434
30.125	57.75	0.99799943565171	0.801905717262844	-0.000979523207033953	5.80443099138953	0.998699633173611
30.375	57.75	0.998495122378789	0.801767535241339	-0.000944068596399222	5.60419684337842	0.999021829546213
30.625	57.75	0.998879457009476	0.801639384587053	-0.000905626538914018	5.40393936689101	0.999271647056159
30.875	57.75	0.999175011481054	0.801520291682934	-0.00086540945484281	5.2036690990443	0.999463757462685
31.125	57.75	0.999400349383005	0.801409423776328	-0.00082438440756975	5.00339413465971	0.999610227098953
31.375	57.75	0.999570613036591	0.801306060622552	-0.000783313245013747	4.80312057910213	0.999720898473784
31.625	57.75	0.999698048946103	0.80120957200614	-0.000742787486320895	4.60285293437693	0.999803731814967
31.875	57.75	0.999792474338427	0.801119400036881	-0.000703258343786224	4.4025944251842	0.999865108319978
32.125	57.75	0.999861687565624	0.801035045283965	-0.000665062330100437	4.20234727149408	0.999910096917656
32.375	57.75	0.999911825466451	0.800956055962228	-0.000628442921633927	4.00211291401212	0.999942686553193
32.625	57.75	0.999947671199418	0.800882019516085	-0.000593568744163239	3.80189219862788	0.999965986279622
32.875	57.75	0.999972916440821	0.800812556060766	-0.000560548728403894	3.60168552558447	0.999982395686534
33.125	57.75	0.999990382094841	0.800747313239853	-0.000529444653882526	3.40149296868502	0.999993748361647
33.375	57.75	1.00000220175227	0.800685962148607	-0.000500281461880688	3.20131436938849	1.00000143113897
33.625	57.75	1.00000997209882	0.800628194057537	-0.000473055668563422	3.00114941016342	1.00000648186423
33.875	57.75	1.00001487443497	0.800573717746054	-0.000447742146638519	2.80099767097578	1.00000966838273
34.125	57.75	1.00001777158741	0.800522257303603	-0.00042429947561922	2.6008586722795	1.00001155153182
34.375	57.75	1.00001928483132	0.800473550245545	-0.000402674011922683	2.40073190733434	1.00001253514036
34.625	57.75	1.00001985576682	0.80042734569896	-0.000382802843656508	2.20061686608733	1.00001290624844
34.875	57.75	1.00001979771479	0.80038340226051	-0.000364615912199121	2.00051305227356	1.00001286851461
35.125	57.75	1.00001933913005	0.800341485026421	-0.000348037796207722	1.80041999498018	1.00001257043453
35.375	57.75	1.00001865723096	0.8003013614571	-0.000332989844115611	1.60033725592716	1.00001212720012
35.625	57.75	1.00001789473375	0.800262796383948	-0.000319393246658547	1.40026443434391	1.00001163157694
35.875	57.75	1.00001715046389	0.800225547576496	-0.000307172944204182	1.20020117238921	1.00001114780153
36.125	57.75	1.00001644241175	0.800189364273407	-0.000296260881920582	1.00014716468278	1.00001068756764
36.375	57.75	1.00001566458214	0.800153990619311	-0.000286595685239807	0.800102174064097	1.00001018197839
36.625	57.75	1.00001459181521	0.800119172447796	-0.000278116058476251	0.600066050621616	1.00000948467989
36.875	57.75	1.00001300572841	0.800084656454031	-0.000270749662316125	0.400038742799216	1.00000845372347
37.125	57.75	1.00001097748666	0.80005047040032	-0.000264409846883006	0.200020284110934	1.00000713536633
37.375	57.75	1.00000921110193	0.400014754899807	-0.000259184200191841	1.06004628570254e-05	1.00000598721625
0.125	58.25	-3.51361767220404e-12	0.40000357515693	4.79809731111973e-05	18.0165528204234	0.349999999997716
0.375	58.25	-5.36773516183299e-12	0.800010740557882	4.81842638625447e-05	17.9465521947874	0.349999999996511
0.625	58.25	-7.11642778870626e-12	0.800017951281628	4.85917673889849e-05	17.8765509408752	0.349999999995374
0.875	58.25	-6.32067501581422e-12	0.80002523777156	4.92053318602915e-05	17.8065490533952	0.349999999995892
1.125	58.25	-9.88084718867674e-14	0.800032630815833	5.00277399610576e-05	17.7365465243793	0.349999999999936
1.375	58.25	1.41574008560573e-11	0.800040161686646	5.10627211711058e-05	17.6665433431471	0.350000000009202
1.625	58.25	3.74647382157436e-11	0.800047862282849	5.23149682719964e-05	17.5965394962574	0.350000000024352
1.875	58.25	6.75399764458216e-11	0.800055765275928	5.37901581632729e-05	17.5265349674474	0.350000000043901
2.125	58.25	9.71264125310102e-11	0.800063904258853	5.54949763458195e-05	17.4565297375588	0.350000000063132
2.375	58.25	1.12994272422276e-10	0.800072313900308	5.74371459179994e-05	17.3865237844518	0.350000000073446
2.625	58.25	9.63806474469408e-11	0.800081030103209	5.96254601780236e-05	17.3165170829048	0.350000000062647
2.875	58.25	2.56027094106342e-11	0.800090090169627	6.20698193361606e-05	17.2465096044999	0.350000000016642
3.125	58.25	-1.18652441979525e-10	0.800099532971395	6.47812708765367e-05	17.1765013174933	0.349999999922876
3.375	58.25	-3.45288550411023e-10	0.800109399128341	6.7772053539368e-05	17.1064921866693	0.349999999775562
3.625	58.25	-6.4255514915712e-10	0.800119731193424	7.10556445833408e-05	17.0364821731782	0.349999999582339
3.875	58.25	-9.66942719292913e-10	0.800130573847182	7.46468099736028e-05	16.9664712343545	0.349999999371487
4.125	58.25	-1.23356595610282e-09	0.800141974099957	7.85616571233704e-05	16.8964593235181	0.349999999198182
4.375	58.25	-1.31154352410915e-09	0.800153981504803	8.28176896917989e-05	16.8264463897546	0.349999999147497
4.625	58.25	-1.02899815821993e-09	0.800166648380387	8.74338633983419e-05	16.7564323776781	0.349999999331151
4.875	58.25	-1.92928712221955e-10	0.800180030045492	9.24306423740521e-05	16.6864172271739	0.349999999874596
5.125	58.25	1.37129139489467e-09	0.80019418506664	9.78300547651374e-05	16.6164008731249	0.350000000891339
5.375	58.25	3.7582846219295e-09	0.80020917551966	0.000103655746106424	16.546383245122	0.350000002442885
5.625	58.25	6.90073878432369e-09	0.800225067266794	0.000109933029089551	16.4763642671603	0.35000000448548
5.875	58.25	1.04752652781845e-08	0.80024193025001	0.000116688927482402	16.4063438573222	0.350000006808922
6.125	58.25	1.3811660109742e-08	0.800259838801164	0.000123952211699967	16.336321927447	0.350000008977579
6.375	58.25	1.58289272219905e-08	0.800278871967969	0.000131753422936485	16.2662983827836	0.350000010288803
6.625	58.25	1.50280736164026e-08	0.800299113856128	0.000140124881598714	16.1962731216191	0.350000009768248
6.875	58.25	9.57573212214758e-09	0.800320653983666	0.000149100674828267	16.1262460348736	0.350000006224226
7.125	58.25	-2.48747973743377e-09	0.800343587646735	0.000158716616798708	16.0562170056455	0.349999998383138
7.375	58.25	-2.28858009818259e-08	0.800368016291578	0.000169010172918464	15.9861859086882	0.349999985124229
7.625	58.25	-5.25790721363793e-08	0.800394047889185	0.000180020337663507	15.9161526097954	0.349999965823603
7.875	58.25	-9.10705713106355e-08	0.800421797306401	0.000191787452675394	15.8461169650756	0.349999940804129
8.125	58.25	-1.35585615133289e-07	0.800451386668223	0.000204352948922312	15.776078820092	0.34999991186935
8.375	58.25	-1.80190873371342e-07	0.800482945704384	0.000217758993025736	15.7060380088595	0.349999882875932
8.625	58.25	-2.14967748657616e-07	0.800516612073262	0.000232048013774438	15.6359943526955	0.349999860270963
8.875	58.25	-2.25402616200131e-07	0.800552531655907	0.000247262080027018	15.5659476589442	0.349999853488299
9.125	58.25	-1.92210576174695e-07	0.800590858813307	0.000263442095444053	15.4958977196175	0.349999875063125
9.375	58.25	-9.18651130732697e-08	0.800631756601559	0.0002806267684889	15.4258443100278	0.349999940287677
9.625	58.25	1.01840456668242e-07	0.800675396941917	0.000298851306970967	15.3557871875288	0.350000066196297
9.875	58.25	4.14829448011868e-07	0.800721960748114	0.000318145774673774	15.2857260905244	0.350000269639141
10.125	58.25	8.67981368753486e-07	0.800771638021842	0.000338533030946646	15.2156607379576	0.35000056418789
10.375	58.25	1.47019145354679e-06	0.80082462793848	0.000360026151769281	15.1455908295418	0.350000955624445
10.625	58.25	2.20893782406193e-06	0.800881138962534	0.000382625199351908	15.075516047041	0.350001435809586
10.875	58.25	3.03820369859515e-06	0.80094138905156	0.000406313164199795	15.0054360569368	0.350001974832404
11.125	58.25	3.86388688272787e-06	0.801005606033134	0.000431050845414282	14.9353505148187	0.350002511526474
11.375	58.25	4.52727821132327e-06	0.801074028264921	0.000456770358220199	14.8652590717872	0.350002942730837
11.625	58.25	4.78784314414854e-06	0.801146905715154	0.000483366857882928	14.7951613830359	0.350003112098044
11.875	58.25	4.30742689045502e-06	0.801224501625987	0.000510687945504361	14.725057118557	0.350002799827479
12.125	58.25	2.63913736016633e-06	0.801307094940739	0.000538520070452894	14.6549459755586	0.350001715439284
12.375	58.25	-7.74469846822894e-07	0.80139498369019	0.000566571069431443	14.5848276916578	0.3499994965946
12.625	58.25	-6.58772090676255e-06	0.801488489536222	0.000594447788711905	14.5147020571993	0.349995717981411
12.875	58.25	-1.55148237696289e-05	0.801587963670355	0.000621627536623575	14.4445689241186	0.34998991536455
13.125	58.25	-2.82600657376066e-05	0.801693794259621	0.000647421928015328	14.3744282076169	0.349981630957271
13.375	58.25	-4.54043112587854e-05	0.801806415632601	0.000670931544009591	14.3042798755601	0.349970487197682
13.625	58.25	-6.72358854285138e-05	0.801926319413357	0.00069098978588498	14.2341239189871	0.349956296674471
13.875	58.25	-9.35135311730112e-05	0.802054067852221	0.000706094415916694	14.1639602954819	0.349939216204738
14.125	58.25	-0.000123149544541987	0.802190309681023	0.000714325638528769	14.0937888355217	0.349919952796048
14.375	58.25	-0.000153802565699311	0.802335798940559	0.000713250293898837	14.0236091003663	0.349900028332295
14.625	58.25	-0.000181371888642632	0.80249141738633	0.000699812951288876	13.9534201787345	0.349882108272382
14.875	58.25	-0.000199388486781146	0.802658201248499	0.000670216565840883	13.8832204085486	0.349870397483592
15.125	58.25	-0.000198302029748251	0.80283737325299	0.000619798080938871	13.8130070095255	0.349871103680664
15.375	58.25	-0.00016466763922374	0.803030380813772	0.000542908102509027	13.7427756124431	0.349892966034505
15.625	58.25	-8.02405209977115e-05	0.80323894104631	0.000432808696307455	13.6725196715444	0.349947843661351
15.875	58.25	7.9009643224243e-05	0.803465092547035	0.000281609540547688	13.6022297477367	0.350051356268096
16.125	58.25	0.000343950132560194	0.803711252501225	8.02700268060127e-05	13.5318926519189	0.350223567586164
16.375	58.25	0.000753387236215866	0.803980275363437	-0.000181296896672862	13.4614904397919	0.35048970170354
16.625	58.25	0.00135520496372446	0.804275505855832	-0.000513975034501306	13.3909992516932	0.350880883226421
16.875	58.25	0.00220752990868363	0.804600814184298	-0.000928998169047053	13.3203879931693	0.351434894440644
17.125	58.25	0.00337991720336805	0.804960595218373	-0.00143725100182907	13.2496168539848	0.352196946182189
17.375	58.25	0.00495455946934062	0.805359706316591	-0.00204826463765505	13.1786356649357	0.353220463655071
17.625	58.25	0.00702752839160211	0.805803311449371	-0.00276886508120973	13.1073820931259	0.354567893454541
17.875	58.25	0.00971006595908696	0.806296593989134	-0.00360145871368493	13.0357796772744	0.356311542873406
18.125	58.25	0.0131299480732876	0.806844299574872	-0.0045419823811747	12.963735705201	0.358534466247637
18.375	58.25	0.017432944960827	0.807450077209135	-0.00557761098880133	12.8911389360242	0.361331414224538
18.625	58.25	0.0227843970243036	0.808115604958105	-0.00668440348607147	12.8178571700607	0.364809858065797
18.875	58.25	0.0293709050510327	0.808839519505227	-0.00782517581730705	12.7437346705977	0.369091088283171
19.125	58.25	0.0374020889797208	0.80961621748951	-0.00894800744410593	12.6685894450975	0.374311357836818
19.375	58.25	0.0471122815953855	0.810434658242958	-0.00998589854918469	12.592210402191	0.380622983037001
19.625	58.25	0.0587618658981416	0.811277363769245	-0.010858169613391	12.514354421119	0.388195212833792
19.875	58.25	0.0726377037767317	0.812119867782872	-0.0114741934731063	12.43474341254	0.397214507454876
20.125	58.25	0.0890517072951332	0.812930891617581	-0.0117399204738192	12.3530615294853	0.407883609741837
20.375	58.25	0.108336065091555	0.813673500199181	-0.0115673417411902	12.268952824503	0.42041844230951
20.625	58.25	0.130833013961466	0.81430740071165	-0.0108864851511972	12.1820198622261	0.435041459074953
20.875	58.25	0.156876524983325	0.814792386086431	-0.00965874936730804	12.0918240904116	0.451969741239161
21.125	58.25	0.186763226165164	0.815092705404606	-0.00788945216436137	11.9978891163739	0.471396097007356
21.375	58.25	0.220710873253384	0.815181887074772	-0.00563666294991247	11.8997083368535	0.493462067614699
21.625	58.25	0.258805320798073	0.815047282869889	-0.00301313824347724	11.7967584534844	0.518223458518748
21.875	58.25	0.300941513465649	0.814693395045424	-0.000178951362270017	11.6885200332434	0.545611983752672
22.125	58.25	0.346769839489573	0.814142987030922	0.0026755934470209	11.5745052215271	0.575400395668223
22.375	58.25	0.395664120732722	0.813435197890443	0.00535434283078788	11.4542909430677	0.607181678476269
22.625	58.25	0.446728194210418	0.812620500276897	0.00768194711066543	11.327553755926	0.640373326236772
22.875	58.25	0.498851524831387	0.811753305696689	0.0095266404413988	11.1941007060485	0.674253491140402
23.125	58.25	0.550810690748866	0.810883969428474	0.0108140625755763	11.0538900156794	0.708026948986763
23.375	58.25	0.601397695815597	0.810052326865875	0.0115298629588175	10.9070368650887	0.740908502280138
23.625	58.25	0.649545638815615	0.809284356413587	0.0117121332822777	10.7538026985592	0.772204665230149
23.875	58.25	0.694423113545041	0.808592331204965	0.0114371312821704	10.5945702988601	0.801375023804277
24.125	58.25	0.73548039668157	0.807977580336832	0.0108025844726323	10.4298098612402	0.828062257843021
24.375	58.25	0.772446636985822	0.807434362858242	0.00991224474245734	10.2600424415856	0.852090314040784
24.625	58.25	0.805290221295771	0.806953506873875	0.00886396499973917	10.0858063741832	0.873438643842251
24.875	58.25	0.834160000716776	0.806525062365251	0.00774209129964073	9.90763026643949	0.892204000465904
25.125	58.25	0.859323542588738	0.806139827953217	0.00661385683837977	9.72601394412094	0.90856030268268
25.375	58.25	0.881113218012877	0.805789985369445	0.00552886732066433	9.54141695714389	0.92272359170837
25.625	58.25	0.899885052274054	0.805469186350648	0.00452060655476036	9.35425324334601	0.934925283978135
25.875	58.25	0.915990819987456	0.805172383990079	0.0036090070146075	9.16489021737195	0.945394032991846
26.125	58.25	0.929761376818756	0.804895593282259	0.00280336863266725	8.97365067391174	0.954344894932192
26.375	58.25	0.941498336313654	0.804635669995078	0.0021051629488967	8.78081623149607	0.961973918603875
26.625	58.25	0.951471304373935	0.804390135609397	0.00151047240315394	8.58663142402409	0.968456347843058
26.875	58.25	0.959918433741739	0.804157046095844	0.00101196733829466	8.39130787938461	0.97394698193213
27.125	58.25	0.967048706310713	0.803934892648665	0.00060041933230856	8.19502827434556	0.978581659101964
27.375	58.25	0.973044916844621	0.803722522834315	0.000265801193567882	7.99794992313039	0.982479195949004
27.625	58.25	0.978066758721179	0.803519074273215	-1.95470417183201e-06	7.80020795951345	0.985743393168767
27.875	58.25	0.982253703128107	0.80332391663627	-0.000212465215127166	7.60191812777812	0.98846490703327
28.125	58.25	0.985727544661373	0.803136600267468	-0.000374604749126224	7.40317922306324	0.990722904029892
28.375	58.25	0.988594589817073	0.802956811063129	-0.000496356583147242	7.20407522891441	0.992586483381098
28.625	58.25	0.99094751721979	0.802784331700519	-0.000584762405674468	7.00467719770485	0.994115886192863
28.875	58.25	0.992866959615256	0.802619009279443	-0.000645936159097221	6.80504491327617	0.995363523749917
29.125	58.25	0.994422861308537	0.80246072920535	-0.000685117355323978	6.6052283677166	0.996374859850549
29.375	58.25	0.99567565951044	0.802309394889177	-0.000706746295522621	6.40526907722838	0.997189178681786
29.625	58.25	0.99667732921067	0.8021649126403	-0.000714549171728506	6.20520125623122	0.997840263986936
29.875	58.25	0.99747232165891	0.802027181017623	-0.000711625132668176	6.00505286439226	0.998357009078291
30.125	58.25	0.998098417834152	0.80189608387241	-0.000700530348846095	5.80484653808362	0.998763971592199
30.375	58.25	0.998587511096291	0.801771486345218	-0.000683356180743546	5.6046004156461	0.999081882212589
30.625	58.25	0.998966327728445	0.801653233147329	-0.000661799964838942	5.40432886453958	0.999328113023489
30.875	58.25	0.99925709021568	0.801541148544774	-0.000637227865758294	5.2040431177539	0.999517108640192
31.125	58.25	0.999478125649607	0.801435037556377	-0.00061072983735141	5.00375182653197	0.999660781672245
31.375	58.25	0.999644420326185	0.80133468796767	-0.000583167094508465	4.80346153635101	0.99976887321202
31.625	58.25	0.999768121137277	0.801239872843976	-0.000555212695885276	4.60317709309018	0.99984927873923
31.875	58.25	0.999858984481905	0.801150353296485	-0.000527385929310628	4.40290198629232	0.999908339913238
32.125	58.25	0.999924773912649	0.801065881314123	-0.000500081214363299	4.20263863634522	0.999951103043222
32.375	58.25	0.999971608395865	0.800986202521194	-0.000473592217163885	4.00238863223404	0.999981545457312
32.625	58.25	1.00000426374917	0.800911058758207	-0.000448131829198095	3.80215292624139	1.00000277143696
32.875	58.25	1.0000264304116	0.800840190412825	-0.000423848607181089	3.60193199160455	1.00001717976754
33.125	58.25	1.00004093113017	0.800773338453645	-0.000400840211157591	3.40172594869899	1.00002660523461
33.375	58.25	1.00004990239531	0.800710246145018	-0.00037916431415704	3.20153466482919	1.00003243655695
33.625	58.25	1.00005494358108	0.800650660446759	-0.00035884738527678	3.00135783219363	1.0000357133277
33.875	58.25	1.0000572378529	0.800594333122778	-0.000339891664406976	2.80119502806032	1.00003720460438
34.125	58.25	1.00005764911422	0.800541021576627	-0.000322280553223115	2.60104576063984	1.00003747192424
34.375	58.25	1.00005679954798	0.800490489377499	-0.000305982562927932	2.40090950356365	1.00003691970619
34.625	58.25	1.00005513235797	0.800442506323679	-0.000290953927146012	2.20078572128094	1.00003583603268
34.875	58.25	1.00005296347463	0.800396847745779	-0.000277140064836529	2.00067388715521	1.00003442625851
35.125	58.25	1.00005052354634	0.800353292691523	-0.000264476293124297	1.80057349573992	1.00003284030512
35.375	58.25	1.0000479875274	0.80031162083195	-0.000252888476468291	1.60048407084713	1.00003119189281
35.625	58.25	1.00004548551375	0.80027160851406	-0.000242294420042931	1.40040517166582	1.00002956558394
35.875	58.25	1.00004308959118	0.800233025200397	-0.000232606372519677	1.20033639998077	1.00002800823427
36.125	58.25	1.00004078280677	0.800195631882717	-0.000223733636784712	1.00027741148763	1.0000265088244
36.375	58.25	1.00003843945447	0.800159181675553	-0.000215582162940966	0.80022793187011	1.00002498564541
36.625	58.25	1.00003587035008	0.800123418512133	-0.000208046493308262	0.600187772939478	1.00002331572755
36.875	58.25	1.00003298499254	0.800088060425633	-0.000200991567766418	0.400156837584134	1.00002144024515
37.125	58.25	1.00003005685005	0.800052923769036	-0.000194231845344035	0.200135102126973	1.00001953695253
37.375	58.25	1.00002793226573	0.400016845126836	-0.000187637483096149	0.00012250110995946	1.00001815597272
0.125	58.75	-3.5027530207129e-12	0.400003748278413	3.33340988244221e-05	18.016545675231	0.349999999997723
0.375	58.75	-5.34708100424636e-12	0.800011260707252	3.34754811699262e-05	17.9465450192989	0.349999999996524
0.625	58.75	-7.08186536632516e-12	0.800018820817119	3.37588867654525e-05	17.8765437046571	0.349999999995397
0.875	58.75	-6.2768287790613e-12	0.800026460635256	3.4185600198822e-05	17.8065417257386	0.34999999999592
1.125	58.75	-6.36672321711219e-14	0.800034212550911	3.47575554036696e-05	17.7365390741609	0.349999999999959
1.375	58.75	1.41490304407521e-11	0.800042109461499	3.54773440403382e-05	17.666535738688	0.350000000009197
1.625	58.75	3.73623493088574e-11	0.80005018492271	3.63482268224263e-05	17.5965317051799	0.350000000024285
1.875	58.75	6.72870203223652e-11	0.800058473300183	3.73741473912193e-05	17.526526956528	0.350000000043736
2.125	58.75	9.66819551341954e-11	0.800067009926205	3.85597491776613e-05	17.4565214725789	0.350000000062843
2.375	58.75	1.12367320401694e-10	0.8000758312599	3.99103947499432e-05	17.3865152300429	0.350000000073039
2.625	58.75	9.56719487819348e-11	0.800084975052475	4.14321879522827e-05	17.3165082023896	0.350000000062187
2.875	58.75	2.50409535015597e-11	0.800094480518072	4.31319985401132e-05	17.2465003597278	0.350000000016277
3.125	58.75	-1.18699022888645e-10	0.800104388510753	4.50174891526794e-05	17.1764916686701	0.349999999922846
3.375	58.75	-3.44343162035135e-10	0.800114741707706	4.70971446542728e-05	17.106482092181	0.349999999776177
3.625	58.75	-6.40115085680644e-10	0.800125584799747	4.93803033714887e-05	17.0364715894068	0.349999999583925
3.875	58.75	-9.62612320361968e-10	0.800136964689323	5.1877190143735e-05	16.9664601154881	0.349999999374302
4.125	58.75	-1.22723611433587e-09	0.800148930696533	5.45989506934014e-05	16.8964476213522	0.349999999202297
4.375	58.75	-1.30362296462041e-09	0.800161534773616	5.75576867367943e-05	16.8264340534864	0.349999999152645
4.625	58.75	-1.02071098159259e-09	0.800174831728162	6.07664916756058e-05	16.7564193536926	0.349999999336538
4.875	58.75	-1.8667779886784e-10	0.800188879456409	6.42394854070449e-05	16.6864034588223	0.349999999878659
5.125	58.75	1.37155622308309e-09	0.800203739186537	6.79918481491602e-05	16.6163863004958	0.350000000891512
5.375	58.75	3.7468556779533e-09	0.800219475733419	7.20398514969215e-05	16.5463678048046	0.350000002435456
5.625	58.75	6.8703606059612e-09	0.800236157764516	7.64008858857316e-05	16.4763478920022	0.350000004465734
5.875	58.75	1.04180845073668e-08	0.800253858077789	8.109348234469e-05	16.4063264761813	0.350000006771755
6.125	58.75	1.37212153741955e-08	0.800272653889846	8.61373269536873e-05	16.33630346494	0.35000000891879
6.375	58.75	1.57033816331034e-08	0.800292627133529	9.15532650128511e-05	16.266278759032	0.350000010207198
6.625	58.75	1.48747117820174e-08	0.800313864761875	9.7363291720158e-05	16.1962522519972	0.350000009668563
6.875	58.75	9.41646683917868e-09	0.80033645905486	0.000103590525484589	16.1262238297601	0.350000006120703
7.125	58.75	-2.61023089703502e-09	0.800360507923244	0.000110259158082139	16.0561933701847	0.34999999830335
7.375	58.75	-2.29039960341169e-08	0.800386115202932	0.000117394375161545	15.9861607425656	0.349999985112403
7.625	58.75	-5.23963602076156e-08	0.800413390931785	0.000125022238480503	15.9161258070376	0.349999965942366
7.875	58.75	-9.05642626255117e-08	0.800442451598689	0.000133169519045034	15.8460884138812	0.349999941133229
8.125	58.75	-1.3461594705962e-07	0.8004734203528	0.000141863467941703	15.77604840271	0.349999912499634
8.375	58.75	-1.78620385878551e-07	0.800506427159268	0.000151131508352172	15.7060056015275	0.349999883896749
8.625	58.75	-2.12693368935361e-07	0.800541608884825	0.00016100082874491	15.6359598256603	0.34999986174931
8.875	58.75	-2.22402345545807e-07	0.800579109294129	0.000171497852727031	15.5659108765891	0.349999855438475
9.125	58.75	-1.88605432421275e-07	0.80061907893429	0.000182647555845977	15.4958585407261	0.349999877406469
9.375	58.75	-8.79952828369054e-08	0.800661674882462	0.000194472592527111	15.4258025882246	0.349999942803066
9.625	58.75	1.05328225658323e-07	0.800707060327946	0.000206992188068251	15.3557427719419	0.350000068463347
9.875	58.75	4.16887906384874e-07	0.800755403958095	0.000220220738280681	15.2856788267299	0.350000270977139
10.125	58.75	8.67067867895837e-07	0.800806879114898	0.000234166044014514	15.2156104692789	0.350000563594114
10.375	58.75	1.46417699652605e-06	0.80086166268864	0.000248827085390183	15.1455373987943	0.350000951715048
10.625	58.75	2.19502193725364e-06	0.800919933713364	0.000264191210762844	15.0754592988394	0.350001426764259
10.875	58.75	3.01283111061146e-06	0.800981871626074	0.000280230574476008	15.0053758407131	0.350001958340222
11.125	58.75	3.8226534359751e-06	0.801047654146668	0.000296897602643085	14.9352866887425	0.350002484724733
11.375	58.75	4.46480367919428e-06	0.801117454721198	0.000314119193823905	14.8651915078368	0.350002902122391
11.625	58.75	4.69758134538999e-06	0.801191439448218	0.000331789269099659	14.7950899735435	0.350003053427875
11.875	58.75	4.1813856761392e-06	0.801269763365948	0.000349759169697688	14.7249817846486	0.350002717900689
12.125	58.75	2.46750447915333e-06	0.801352565915426	0.000367825259490585	14.6548666780328	0.350001603877911
12.375	58.75	-1.00373599227483e-06	0.801439965303218	0.000385712924707313	14.5847444450018	0.349999347571605
12.625	58.75	-6.88914711683824e-06	0.801532051366412	0.000403055978363754	14.5146149476312	0.349995522054374
12.875	58.75	-1.59051023536592e-05	0.801628876386877	0.000419370281975812	14.4444781327687	0.34998966168347
13.125	58.75	-2.87563485578079e-05	0.801730443121578	0.000434020209698908	14.374334040221	0.349981308373437
13.375	58.75	-4.60196976220213e-05	0.80183668911333	0.000446176427928071	14.304182800321	0.349970087196546
13.625	58.75	-6.79697720812882e-05	0.801947466146077	0.000454763388374662	14.2340246145589	0.349955819648147
13.875	58.75	-9.43331795622025e-05	0.802062513530302	0.000458394995531707	14.163859711314	0.349938683433285
14.125	58.75	-0.00012395739309273	0.802181423786946	0.000455297192480806	14.0936882670269	0.34991942769449
14.375	58.75	-0.000154381350444254	0.802303599283059	0.000443216822549836	14.0235102814998	0.349899652122211
14.625	58.75	-0.000181296411206931	0.802428198508998	0.00041931721032736	13.9533253944997	0.349882157332715
14.875	58.75	-0.000197888776570006	0.802554071034714	0.000380062636403489	13.8831326295873	0.349871372295229
15.125	58.75	-0.000194057617530507	0.802679680790209	0.000321096460692952	13.8129300501724	0.349873862548605
15.375	58.75	-0.000155506693199726	0.8028030182376	0.000237121297051327	13.7427143122674	0.34989892064942
15.625	58.75	-6.27108099167792e-05	0.802921503267659	0.000121794567240845	13.6724800982936	0.349959237973554
15.875	58.75	0.000110238314477958	0.803031882275654	-3.23408873236035e-05	13.6022194165349	0.350071654904411
16.125	58.75	0.00039689969303597	0.803130124814325	-0.000233863674002866	13.5319207513728	0.350257984800473
16.375	58.75	0.000839855479756246	0.803211327411479	-0.000492381777469823	13.4615680501535	0.350545906061841
16.625	58.75	0.00149217856837174	0.803269634431991	-0.000818295685600541	13.3911395333349	0.350969916069442
16.875	58.75	0.00241898538865562	0.803298188065764	-0.0012223622654694	13.320606315374	0.351572340502626
17.125	58.75	0.00369906318138691	0.803289121401511	-0.00171499944576652	13.2499308246809	0.352404391067901
17.375	58.75	0.0054265589068505	0.803233609878634	-0.00230527268486384	13.1790650120202	0.353527263289453
17.625	58.75	0.00771271204773077	0.803121997059751	-0.0029995160586887	13.1079483383188	0.355013262831025
17.875	58.75	0.0106876043127355	0.80294401067505	-0.00379956907551359	13.0365055353836	0.356946942803278
18.125	58.75	0.0145018837933535	0.8026890845273	-0.00470066075937445	12.964644137173	0.35942622446568
18.375	58.75	0.019328397150841	0.802346801571689	-0.00568904968759052	12.8922517857384	0.362563458148047
18.625	58.75	0.0253636275086056	0.801907473664355	-0.006739633519079	12.8191933256756	0.366486357880594
18.875	58.75	0.0328287823528036	0.801362873815722	-0.00781386838294607	12.7453077151842	0.371338708529322
19.125	58.75	0.0419702958565749	0.800707135494598	-0.00885847134118731	12.6704048026375	0.377280692306774
19.375	58.75	0.0530593900933949	0.799937826492629	-0.0098054889516937	12.5942620484044	0.384488603560707
19.625	58.75	0.0663901624900124	0.799057185524475	-0.0105743590216554	12.5166213183116	0.393153605618508
19.875	58.75	0.0822754176861424	0.798073470568476	-0.0110765180374065	12.4371859463953	0.403479021495993
20.125	58.75	0.101039142574617	0.797002304190724	-0.0112228597554673	12.35561837181	0.415675442673501
20.375	58.75	0.123004179358724	0.795867816484068	-0.0109338935239295	12.2715388088176	0.429952716583171
20.625	58.75	0.148473411209767	0.794703298494386	-0.0101517885579272	12.184525612428	0.446507717286349
20.875	58.75	0.177702886713199	0.793551020816141	-0.00885270213739523	12.0941182367325	0.465506876363579
21.125	58.75	0.210866141730988	0.792460883599394	-0.00705706030427518	11.999823890068	0.487062992125142
21.375	58.75	0.24801092462496	0.791487676527853	-0.00483508055825295	11.9011290586501	0.511207101006224
21.625	58.75	0.289012759390505	0.790686943736553	-0.00230512836534817	11.7975168366413	0.537858293603828
21.875	58.75	0.333533833912601	0.790109737679909	0.000376305778844244	11.6884903007962	0.566796992043191
22.125	58.75	0.38099915539163	0.789796853330401	0.00303224943895676	11.5736009330779	0.597649451004559
22.375	58.75	0.430602517064254	0.789773401653891	0.00548755456068595	11.4524794811895	0.629891636091765
22.625	58.75	0.481350487537021	0.790044744515771	0.00759133324481913	11.3248651118445	0.662877816899064
22.875	58.75	0.532143153585293	0.790594781493393	0.00923476277485061	11.1906279228058	0.695893049830441
23.125	58.75	0.581878610924542	0.791387247387768	0.0103607990473318	11.0497804149201	0.728221097100952
23.375	58.75	0.629559439201227	0.792370026502548	0.0109646461885835	10.9024754884962	0.759213635480797
23.625	58.75	0.674378212144445	0.793481689116215	0.0110862235296652	10.7489913616614	0.788345837893889
23.875	58.75	0.715766262454748	0.794658845637758	0.0107975122731923	10.5897065064354	0.815248070595586
24.125	58.75	0.753401787671121	0.795842788640633	0.0101881709826101	10.4250693282454	0.839711161986229
24.375	58.75	0.78718438650111	0.796984288015078	0.00935230949426592	10.2555674823775	0.861669851225722
24.625	58.75	0.817189242309886	0.79804608466983	0.00837824537109211	10.0817006745236	0.881173007501426
24.875	58.75	0.843614661962479	0.799003270545533	0.00734191842958166	9.90395916114843	0.898349530275612
25.125	58.75	0.866733329296943	0.799842133327048	0.00630374224387002	9.72280858146113	0.913376664043013
25.375	58.75	0.886852989780669	0.800558146586611	0.0053081565053695	9.53868060496409	0.926454443357435
25.625	58.75	0.904288244772404	0.801153685801846	0.00438497874088486	9.35196826918259	0.937787359102063
25.875	58.75	0.919342515036812	0.801635864647294	0.00355172667007393	9.16302471924831	0.947572634773928
26.125	58.75	0.932298014844614	0.802014702070834	0.00281627257669528	8.97216417899868	0.955993709648999
26.375	58.75	0.943411353478418	0.802301691776444	0.00217940663802731	8.77966422821434	0.963217379760972
26.625	58.75	0.952912694930928	0.802508759987825	0.00163707409665766	8.58576872643863	0.969393251705103
26.875	58.75	0.961006915600324	0.802647555118609	0.0011821904909366	8.39069095412349	0.97465449514021
27.125	58.75	0.967875702818269	0.802728999665465	0.000806029237132829	8.19461671667402	0.979119206831875
27.375	58.75	0.973679945244549	0.802763037472114	0.000499225778072133	7.99770727734545	0.982891964408957
27.625	58.75	0.978562059392629	0.802758519549023	0.000252464023533626	7.80010206106321	0.986065338605209
27.875	58.75	0.982648088070737	0.802723183578784	5.6914533947317e-05	7.60192111529146	0.988721257245979
28.125	58.75	0.986049520748239	0.80266369341612	-9.55120650297309e-05	7.40326733684902	0.990932188486355
28.375	58.75	0.988864846945798	0.8025857142493	-0.000212043145099381	7.20422848329544	0.992762150514769
28.625	58.75	0.991180881175796	0.802494006422894	-0.00029901144825614	7.00487898989122	0.994267572764267
28.875	58.75	0.993073905673881	0.802392526433086	-0.000361879897917858	6.80528161184866	0.995498038688023
29.125	58.75	0.994610674402179	0.80228452762845	-0.000405300679628145	6.60548890884234	0.996496938361416
29.375	58.75	0.995849314329309	0.802172656005672	-0.000433192355044805	6.40554458576566	0.997302054314051
29.625	58.75	0.996840151114554	0.802059038483371	-0.000448824056257596	6.20548470110888	0.99794609822446
29.875	58.75	0.997626477859998	0.801945362392362	-0.000454899693922102	6.00533875233136	0.998457210608998
30.125	58.75	0.998245278406209	0.801832945819756	-0.000453637883365026	5.8051306462365	0.998859430964036
30.375	58.75	0.998727911059471	0.801722799013203	-0.000446845210244616	5.60487956155113	0.999173142188656
30.625	58.75	0.999100754643086	0.801615677396444	-0.000435981743222155	5.40460071053846	0.999415490518006
30.875	58.75	0.99938581621964	0.801512126931223	-0.000422218532073084	5.20430600639819	0.999600780542766
31.125	58.75	0.999601298492872	0.801412522637607	-0.000406487341851079	5.00400464330165	0.999740844020367
31.375	58.75	0.999762124496144	0.801317101095165	-0.000389523166912318	4.80370359606842	0.999845380922493
31.625	58.75	0.999880417464035	0.801225987710482	-0.000371900215619452	4.60340804662974	0.999922271351623
31.875	58.75	0.999965934511972	0.801139219477357	-0.000354062108896556	4.40312174448746	0.999977857432782
32.125	58.75	1.00002645371846	0.801056763883433	-0.000336347028757948	4.20284730833053	1.000017194917
32.375	58.75	1.00006811524351	0.800978534540261	-0.00031900851160846	4.00258647580167	1.00004427490828
32.625	58.75	1.00009571809208	0.800904404038914	-0.000302232521997954	3.80234030811806	1.00006221675985
32.875	58.75	1.00011297494764	0.800834214464382	-0.000286151376543762	3.60210935585886	1.00007343371597
33.125	58.75	1.00012272810995	0.800767785942986	-0.000270855020667013	3.40189379176303	1.00007977327147
33.375	58.75	1.00012712998062	0.800704923549961	-0.0002564000928863	3.20169351586069	1.00008263448741
33.625	58.75	1.00012779182136	0.800645422867837	-0.000242817138599463	3.00150823770966	1.00008306468388
33.875	58.75	1.00012590477741	0.800589074448597	-0.000230116250956735	2.80133753993489	1.00008183810532
34.125	58.75	1.00012233747645	0.800535667378703	-0.000218291318750345	2.60118092666787	1.00007951935969
34.375	58.75	1.00011771477672	0.800484992052807	-0.000207322963242687	2.40103785985518	1.00007651460487
34.625	58.75	1.00011248202287	0.800436842130236	-0.000197180184666911	2.20090778578428	1.00007311331486
34.875	58.75	1.00010695778259	0.800391015525019	-0.000187820774060726	2.0007901536701	1.00006952255868
35.125	58.75	1.00010137496921	0.800347314279225	-0.000179190727469236	1.80068442794828	1.00006589372999
35.375	58.75	1.00009590611591	0.800305543434306	-0.000171223199167372	1.60059009621589	1.00006233897534
35.625	58.75	1.00009066620471	0.800265509582751	-0.000163837744024124	1.40050667550693	1.00005893303306
35.875	58.75	1.00008569110741	0.800227020343206	-0.000156940281307553	1.20043372021604	1.00005569921982
36.125	58.75	1.00008090646379	0.800189885680282	-0.000150422768535177	1.00037083423891	1.00005258920146
36.375	58.75	1.00007612918119	0.800153919426468	-0.00014415867035081	0.800317686324368	1.00004948396777
36.625	58.75	1.0000711647553	0.800118933492398	-0.000137986709892498	0.6002740210574	1.00004625709094
36.875	58.75	1.00006604207611	0.800084706040729	-0.000131674108577001	0.400239651793336	1.00004292734947
37.125	58.75	1.00006132193034	0.800050999591398	-0.000124857820743225	0.20021442652785	1.00003985925472
37.375	58.75	1.00005822377636	0.400017162254701	-0.000117031452219641	0.00019814326714372	1.00003784545464
0.125	59.25	-3.49600463988741e-12	0.400003857921624	1.81216872185038e-05	18.0165411537696	0.349999999997728
0.375	59.25	-5.33522925244149e-12	0.800011590133759	1.81985976214806e-05	17.94654047865	0.349999999996532
0.625	59.25	-7.06383592592198e-12	0.800019371519585	1.8352766899708e-05	17.8765391255463	0.349999999995408
0.875	59.25	-6.25735068557915e-12	0.800027235108722	1.85848935123315e-05	17.8065370887171	0.349999999995933
1.125	59.25	-5.52148764647152e-14	0.800035214303462	1.88960289645606e-05	17.7365343595177	0.349999999999964
1.375	59.25	1.41259695452703e-11	0.800043343029503	1.92875822216999e-05	17.6665309263606	0.350000000009182
1.625	59.25	3.72824247938286e-11	0.800051655889854	1.97613258440048e-05	17.5965267746632	0.350000000024234
1.875	59.25	6.71277197840809e-11	0.800060188321272	2.03194033706146e-05	17.5265218867823	0.350000000043633
2.125	59.25	9.64358671278755e-11	0.800068976754583	2.09643383250995e-05	17.4565162419347	0.350000000062683
2.375	59.25	1.12057897233821e-10	0.800078058779275	2.16990446032068e-05	17.3865098161037	0.350000000072838
2.625	59.25	9.53713603160974e-11	0.800087473312288	2.25268381837149e-05	17.3165025819311	0.350000000061991
2.875	59.25	2.48886244462398e-11	0.80009726077303	2.34514502382064e-05	17.2464945085948	0.350000000016178
3.125	59.25	-1.18480587439872e-10	0.800107463263329	2.44770414939104e-05	17.1764855616689	0.349999999922988
3.375	59.25	-3.43445445257443e-10	0.800118124753916	2.56082176029555e-05	17.1064757029682	0.34999999977676
3.625	59.25	-6.3817454691117e-10	0.800129291277819	2.68500457184383e-05	17.0364648903744	0.349999999585187
3.875	59.25	-9.59304356301874e-10	0.800141011130332	2.82080716926314e-05	16.9664530776435	0.349999999376452
4.125	59.25	-1.22245624301938e-09	0.800153335076567	2.96883379175551e-05	16.8964402141942	0.349999999205403
4.375	59.25	-1.29775576586305e-09	0.80016631656633	3.12974015494106e-05	16.8264262448767	0.349999999156459
4.625	59.25	-1.01494877160881e-09	0.800180011957113	3.30423524675269e-05	16.7564111097221	0.349999999340283
4.875	59.25	-1.83311956555487e-10	0.80019448074472	3.49308309042467e-05	16.686394743674	0.349999999880847
5.125	59.25	1.36897376390907e-09	0.800209785803274	3.69710439745692e-05	16.6163770763021	0.350000000889833
5.375	59.25	3.73359616690478e-09	0.800225993633286	3.91717803694165e-05	16.5463580315023	0.350000002426837
5.625	59.25	6.84097952109922e-09	0.800243174619185	4.15424227416166e-05	16.476337527183	0.350000004446637
5.875	59.25	1.03674211051452e-08	0.800261403294544	4.40929564504775e-05	16.4063154749407	0.350000006738824
6.125	59.25	1.36461147332562e-08	0.800280758614199	4.683397359125e-05	16.3362917797247	0.350000008869975
6.375	59.25	1.56053002600793e-08	0.800301324230209	4.97766707387031e-05	16.266266339488	0.350000010143445
6.625	59.25	1.47632620737409e-08	0.800323188768286	5.29328386710061e-05	16.1962390448196	0.35000000959612
6.875	59.25	9.31374710732103e-09	0.800346446098886	5.63148410935645e-05	16.1262097785482	0.350000006053936
7.125	59.25	-2.66498694496282e-09	0.800371195596415	5.99355798293347e-05	16.0561784153055	0.349999998267758
7.375	59.25	-2.28503191685833e-08	0.800397542377635	6.3808441985742e-05	15.9861448210297	0.349999985147293
7.625	59.25	-5.21503262374952e-08	0.800425597507898	6.79472242355744e-05	15.9161088523937	0.349999966102288
7.875	59.25	-9.00199594345649e-08	0.800455478162628	7.23660276419676e-05	15.8460703561357	0.349999941487026
8.125	59.25	-1.33652854735353e-07	0.800487307727134	7.7079115214708e-05	15.7760291682813	0.349999913125644
8.375	59.25	-1.77119186368305e-07	0.800521215815906	8.21007221244408e-05	15.7059851132467	0.349999884872529
8.625	59.25	-2.10562784839368e-07	0.800557338187804	8.7444806432275e-05	15.6359380028324	0.34999986313419
8.875	59.25	-2.19619431882771e-07	0.800595816528897	9.31247254552577e-05	15.5658876351326	0.349999857247369
9.125	59.25	-1.85271309924815e-07	0.800636798069433	9.91528191084181e-05	15.4958337934149	0.349999879573649
9.375	59.25	-8.44076897690027e-08	0.800680434994223	0.00010553987772823	15.4257762450589	0.349999945135002
9.625	59.25	1.0858477751024e-07	0.800726883598995	0.000112294465555044	15.3557147406841	0.350000070580105
9.875	59.25	4.1883382948646e-07	0.800776303136165	0.000119422063867008	15.2856490136498	0.350000272241989
10.125	59.25	8.66200954389596e-07	0.800828854283972	0.000126923986974444	15.215578780162	0.35000056303062
10.375	59.25	1.45832266345131e-06	0.800884697160889	0.000134796010142057	15.1455037402854	0.350000947909731
10.625	59.25	2.18115463536325e-06	0.800943988792182	0.000143026628750654	15.0754235802093	0.350001417750513
10.875	59.25	2.98685462471245e-06	0.801006879913415	0.000151594841313211	15.0053379761648	0.350001941455506
11.125	59.25	3.77912058536308e-06	0.801073510965334	0.000160467313240828	14.935246600407	0.35000245642838
11.375	59.25	4.39654867452628e-06	0.801144007087591	0.000169594731069878	14.8651491296539	0.350002857756638
11.625	59.25	4.59523415712942e-06	0.80121847185119	0.000178907096370723	14.7950452562841	0.350002986902202
11.875	59.25	4.03274340065583e-06	0.801296979371806	0.000188307632097532	14.724934702412	0.35000262128321
12.125	59.25	2.25676005641992e-06	0.801379564308587	0.000197664881378336	14.6548172366525	0.350001466894037
12.375	59.25	-1.29684650881985e-06	0.801466209070639	0.000206802468340592	14.5846926929202	0.349999157049769
12.625	59.25	-7.29009813528108e-06	0.801556827312705	0.000215485866074887	14.514560989956	0.349995261436212
12.875	59.25	-1.64448421490512e-05	0.801651242505976	0.000223405382283159	14.4444221494097	0.349989310852603
13.125	59.25	-2.94703360581822e-05	0.801749160014381	0.000230154439769255	14.3742763092202	0.349980844281562
13.375	59.25	-4.69444379570776e-05	0.801850130704356	0.000235202113151025	14.3041237277309	0.349969486115328
13.625	59.25	-6.91347721159009e-05	0.80195350368755	0.000237858811434511	14.2339647724769	0.349955062398125
13.875	59.25	-9.57450848400318e-05	0.802058365372794	0.000237234006873819	14.1637998859348	0.349937765694854
14.125	59.25	-0.000125571446579989	0.802163461644858	0.000232185058641242	14.0936295187928	0.349918378559723
14.375	59.25	-0.000156053112895174	0.802267099761363	0.000221256539462471	14.0234540195682	0.349898565476618
14.625	59.25	-0.000182703778908866	0.802367026574211	0.000202610143042578	13.9532734677479	0.349881242543709
14.875	59.25	-0.000198410608156656	0.802460280065121	0.000173946355804647	13.8830874361455	0.349871033104698
15.125	59.25	-0.000192590648974811	0.802543012106547	0.000132420768875845	13.8128946669087	0.349874816078166
15.375	59.25	-0.000150196850888195	0.802610282021918	7.45603615776434e-05	13.7426926446081	0.349902372046923
15.625	59.25	-5.05686032719271e-05	0.802655823159467	-3.81151676948405e-06	13.6724770490696	0.349967130407873
15.875	59.25	0.000133875681877584	0.802671788578492	-0.000107628248070906	13.6022410700314	0.35008701919322
16.125	59.25	0.000439104017846885	0.802648487340518	-0.000242592257515416	13.5319745652118	0.3502854176116
16.375	59.25	0.000911092026384955	0.802574130031485	-0.00041512095499372	13.461663042888	0.35059220981715
16.625	59.25	0.00160759470370503	0.802434611141016	-0.00063219339319315	13.3912864495461	0.351044936557408
16.875	59.25	0.00260005931269412	0.802213366707171	-0.000901057712292322	13.3208177426205	0.351690038553251
17.125	59.25	0.00397566278098211	0.801891357756496	-0.00122875442372546	13.2502212280113	0.352584180807638
17.375	59.25	0.00583944514128522	0.801447242556903	-0.00162141022288483	13.1794506423711	0.353795639341835
17.625	59.25	0.00831649195079637	0.800857811801593	-0.00208326508447292	13.1084469617999	0.355405719768018
17.875	59.25	0.0115540911084473	0.800098767847244	-0.00261541664492076	13.0371359225282	0.357510159220491
18.125	59.25	0.0157237509502624	0.79914592817556	-0.00321430544021185	12.9654252466338	0.360220438117671
18.375	59.25	0.0210229148679695	0.797976919373611	-0.00387002651268645	12.8932015782292	0.36366489466418
18.625	59.25	0.0276761405799666	0.796573395390707	-0.00456463781762306	12.8203271544706	0.367989491376978
18.875	59.25	0.0359354262424132	0.794923757023725	-0.00527073754086764	12.7466362630492	0.373358027057568
19.125	59.25	0.046079255892387	0.7930262647322	-0.00595068437264676	12.6719315759436	0.379951516330052
19.375	59.25	0.058409797180387	0.790892324699023	-0.00655690802406611	12.5959805015783	0.387966368167252
19.625	59.25	0.0732475112635089	0.788549597171725	-0.00703376193245605	12.518511769116	0.397610882321281
19.875	59.25	0.0909222363939338	0.786044446554432	-0.00732126270185916	12.4392125558083	0.409099453656057
20.125	59.25	0.111759622118508	0.783443157472973	-0.00736080839330902	12.357726597282	0.42264375437703
20.375	59.25	0.136061717050733	0.780831323291969	-0.00710256695180472	12.2736538823207	0.438440116082976
20.625	59.25	0.16408073127031	0.77831091684284	-0.00651372223191961	12.1865527147555	0.456652475325702
20.875	59.25	0.195985770102978	0.775994804086824	-0.00558626392530916	12.095945084731	0.477390750566935
21.125	59.25	0.231823948030243	0.77399884993882	-0.00434266917197878	12.0013263498947	0.500685566219658
21.375	59.25	0.271479845740639	0.772432232383761	-0.00283782820168577	11.902180065003	0.526461899731416
21.625	59.25	0.314640412065647	0.771387026113738	-0.00115604784305192	11.7979982865552	0.55451626784267
21.875	59.25	0.360775060536898	0.770928430021089	0.000597075114995852	11.6883067449539	0.584503789348984
22.125	59.25	0.409141160669478	0.771087111600862	0.00230688292825755	11.5726930000429	0.615941754435161
22.375	59.25	0.458821758989596	0.771854988382218	0.0038638249551621	11.4508343791077	0.648234143343238
22.625	59.25	0.508794913963863	0.773185353515514	0.00517678719985936	11.3225216303027	0.680716694076511
22.875	59.25	0.55802454918292	0.774997594751043	0.00618297669821608	11.1876742996156	0.712715956968898
23.125	59.25	0.60555519476599	0.7771859239422	0.00685267154555246	11.046345064027	0.743610876597893
23.375	59.25	0.650591171438584	0.779630712889494	0.00718847899848587	10.8987123569698	0.772884261435079
23.625	59.25	0.692545763149714	0.782210494806037	0.00722002374454653	10.7450629211157	0.800154746047314
23.875	59.25	0.731055311215915	0.784812662289443	0.00699582575530008	10.5857676484836	0.825185952290345
24.125	59.25	0.765962639043099	0.787341389212702	0.00657435249933195	10.4212547409344	0.847875715378014
24.375	59.25	0.797280227720452	0.789722111688698	0.00601591666828267	10.2519838389422	0.868232148018294
24.625	59.25	0.825144952390211	0.791902709221794	0.00537646841217034	10.0784236908807	0.886344219053637
24.875	59.25	0.849774015968002	0.793852089231655	0.00470366076476661	9.90103465770222	0.902353110379201
25.125	59.25	0.871427973171482	0.795557112252649	0.00403503772369772	9.72025625314742	0.916428182561463
25.375	59.25	0.89038313761827	0.797018754433899	0.00339788579692055	9.53649919189189	0.928749039451876
25.625	59.25	0.906913108111201	0.798248204206683	0.0028101886740387	9.35014106546943	0.939493520272281
25.875	59.25	0.921277794807558	0.799263342159512	0.00228216855427219	9.16152469794572	0.948830566624913
26.125	59.25	0.933717912343127	0.800085830557575	0.00181801515695013	8.97095833441967	0.956916643023033
26.375	59.25	0.944453059953607	0.800738874195902	0.00141753828304621	8.77871698831065	0.963894488969845
26.625	59.25	0.953681909566533	0.801245611163063	0.00107759832800351	8.58504445438357	0.969893241218246
26.875	59.25	0.961583465503954	0.801628039599078	0.000793257437639331	8.39015565080939	0.97502925257757
27.125	59.25	0.968318739965062	0.801906369252446	0.000558651089735803	8.1942390740812	0.97940718097729
27.375	59.25	0.974032472504598	0.802098690501124	0.000367611290922899	7.99745923629066	0.983121107127989
27.625	59.25	0.978854712703456	0.802220867930629	0.000214085733741885	7.79995901135856	0.986255563257247
27.875	59.25	0.98290220197437	0.802286583648346	9.23990020408074e-05	7.60186185271562	0.98888643128334
28.125	59.25	0.986279554536223	0.802307473269009	-2.60250474917348e-06	7.40327386624408	0.991081710448545
28.375	59.25	0.989080267490973	0.802293313027356	-7.54872858768133e-05	7.20428573415141	0.992902173869132
28.625	59.25	0.991387599496013	0.802252229066694	-0.000130229949280707	7.00497449151771	0.994401939672408
28.875	59.25	0.993275356048182	0.802190909667882	-0.000170236621933926	6.80540515999673	0.995628981431318
29.125	59.25	0.994808612775278	0.802114808373402	-0.000198389989200723	6.60563224412665	0.996625598303931
29.375	59.25	0.996044399825693	0.802028331093564	-0.000217103902395583	6.40570109587253	0.9974288598867
29.625	59.25	0.997032362338427	0.801935003819908	-0.000228380893793771	6.20564915292071	0.998071035519977
29.875	59.25	0.997815404990381	0.801837619916573	-0.000233868408889193	6.00550705615808	0.998580013243747
30.125	59.25	0.998430323123203	0.801738367440856	-0.000234911303279247	5.80529965181476	0.998979710030082
30.375	59.25	0.99890841899185	0.801638937818677	-0.000232599334770927	5.60504688394965	0.999290472344702
30.625	59.25	0.999276099152125	0.801540617653716	-0.000227809159265271	5.40476458328306	0.999529464448881
30.875	59.25	0.99955544769908	0.801444365627593	-0.000221240828925971	5.20446515877234	0.999711041004402
31.125	59.25	0.999764769751677	0.801350876450851	-0.000213449081916187	5.00415819872241	0.99984710033859
31.375	59.25	0.999919100014368	0.801260633717903	-0.000204869869481647	4.80385098856561	0.999947415009339
31.625	59.25	1.00003067218614	0.801173953358646	-0.000195842634641845	4.60354895268771	1.00001993692099
31.875	59.25	1.00010934623689	0.801091019190365	-0.000186628869710837	4.40325602779013	1.00007107505398
32.125	59.25	1.0001629919417	0.801011911880643	-0.0001774274593363	4.20297497524628	1.0001059447621
32.375	59.25	1.00019782840939	0.800936632446699	-0.000168387276728336	4.00270763973368	1.0001285884661
32.625	59.25	1.00021872054852	0.800865121246582	-0.000159617453469743	3.80245516111554	1.00014216835654
32.875	59.25	1.0002294344043	0.80079727326819	-0.000151195693983423	3.60221814612966	1.00014913236279
33.125	59.25	1.00023285404467	0.800732950395806	-0.000143174957557727	3.40199680594551	1.00015135512903
33.375	59.25	1.00023116320251	0.800671991231498	-0.000135588783445112	3.20179106510118	1.00015025608163
33.625	59.25	1.00022599528326	0.80061421896628	-0.000128455484230905	3.00160064674797	1.00014689693412
33.875	59.25	1.00021855573558	0.800559447721869	-0.0001217813737531	2.80142513851841	1.00014206122813
34.125	59.25	1.00020972119446	0.800507487701434	-0.000115563124987478	2.60126404268628	1.0001363187764
34.375	59.25	1.00020012004993	0.800458149381987	-0.000109789276596053	2.40111681361105	1.00013007803245
34.625	59.25	1.00019019863833	0.800411246862751	-0.000104440848747669	2.20098288480278	1.00012362911491
34.875	59.25	1.00018027533728	0.800366600413623	-9.94910323145866e-05	2.00086168744627	1.00011717896923
35.125	59.25	1.0001705810798	0.800324038365322	-9.49040246422808e-05	1.80075266210179	1.00011087770187
35.375	59.25	1.00016128029836	0.800283398872837	-9.06332921276293e-05	1.60065526573386	1.00010483219394
35.625	59.25	1.00015246487177	0.800244532745007	-8.66196979035832e-05	1.40056897707498	1.00009910216665
35.875	59.25	1.00014412167476	0.800207309063696	-8.27896566421753e-05	1.20049330380837	1.00009367908859
36.125	59.25	1.00013609736639	0.800171624752927	-7.90521073396514e-05	1.00042779355616	1.00008846328815
36.375	59.25	1.00012811862376	0.800137416213938	-7.52898358534547e-05	0.800372045428093	1.00008327710545
36.625	59.25	1.00011994882391	0.800104664508779	-7.13350521195513e-05	0.600325709922833	1.00007796673554
36.875	59.25	1.00011172538575	0.800073372571324	-6.69117403102016e-05	0.40028845713713	1.00007262150074
37.125	59.25	1.000104371014	0.800043566241504	-6.15208037856188e-05	0.200259900379087	1.0000678411591
37.375	59.25	1.00009970278532	0.400015195384524	-5.42349412098588e-05	0.00023946911931774	1.00006480681046
0.125	59.75	-3.49241608325837e-12	0.400003902099212	5.20291712621191e-06	18.0165393327917	0.34999999999773
0.375	59.75	-5.32889045368857e-12	0.800011722866551	5.22500591689038e-06	17.9465386499411	0.349999999996536
0.625	59.75	-7.05401250906235e-12	0.800019593408891	5.26928353845204e-06	17.8765372813403	0.349999999995415
0.875	59.75	-6.2462722104291e-12	0.800027547159343	5.33595056687609e-06	17.8065352211778	0.34999999999594
1.125	59.75	-4.93380105712028e-14	0.800035617928266	5.42530886396583e-06	17.7365324607031	0.349999999999968
1.375	59.75	1.41152853716513e-11	0.800043840055344	5.53776296798814e-06	17.6665289881871	0.350000000009175
1.625	59.75	3.7239934948221e-11	0.80005224856516	5.67382176561154e-06	17.5965247888694	0.350000000024206
1.875	59.75	6.70382755370579e-11	0.800060879325516	5.83410059664352e-06	17.5265198448911	0.350000000043575
2.125	59.75	9.62924540156964e-11	0.800069769209298	6.01932383374087e-06	17.4565141352157	0.35000000006259
2.375	59.75	1.11873838474439e-10	0.800078956260328	6.23032782859941e-06	17.3865076355335	0.350000000072718
2.625	59.75	9.5194549396977e-11	0.800088479864438	6.46806423874949e-06	17.3165003181535	0.350000000061876
2.875	59.75	2.48123581064556e-11	0.800098380924988	6.73360376493518e-06	17.2464921518787	0.350000000016128
3.125	59.75	-1.18318396448438e-10	0.800108702044902	7.02814016450361e-06	17.1764831018654	0.349999999923093
3.375	59.75	-3.42882749863576e-10	0.800119487713972	7.35299467585007e-06	17.1064731294661	0.349999999777126
3.625	59.75	-6.37069179107901e-10	0.800130784503316	7.70962062208117e-06	17.0364621920537	0.349999999585905
3.875	59.75	-9.57599225526498e-10	0.800142641266223	8.09960825382404e-06	16.9664502428276	0.349999999377561
4.125	59.75	-1.22025968516876e-09	0.800155109345837	8.5246898276543e-06	16.8964372306002	0.349999999206831
4.375	59.75	-1.29543256907954e-09	0.800168242790538	8.98674454102174e-06	16.826423099564	0.349999999157969
4.625	59.75	-1.0132211534101e-09	0.800182098575915	9.48780364613841e-06	16.7564077890394	0.349999999341406
4.875	59.75	-1.8336591262352e-10	0.8001967368348	1.00300552145842e-05	16.6863912332038	0.349999999880812
5.125	59.75	1.36540349840299e-09	0.800212221095168	1.06158486082546e-05	16.6163733608049	0.350000000887512
5.375	59.75	3.72422999914975e-09	0.800228618525395	1.12476984201088e-05	16.5463540948583	0.350000002420749
5.625	59.75	6.82319650848265e-09	0.80024600018781	1.19282875778696e-05	16.4763333523334	0.350000004435078
5.875	59.75	1.03387967878411e-08	0.80026444129843	1.2660469378603e-05	16.4063110438282	0.350000006720218
6.125	59.75	1.36054192332091e-08	0.800284021491442	1.34472680905439e-05	16.3362870732334	0.350000008843523
6.375	59.75	1.55540390757952e-08	0.800304825085802	1.42918776341674e-05	16.2662613373842	0.350000010110125
6.625	59.75	1.47077635790344e-08	0.800326941349365	1.51976577670746e-05	16.1962337256935	0.350000009560046
6.875	59.75	9.26768259928785e-09	0.800350464754627	1.61681271147115e-05	16.1262041197588	0.350000006023994
7.125	59.75	-2.67792966168229e-09	0.800375495218391	1.72069519285282e-05	16.0561723929284	0.349999998259346
7.375	59.75	-2.27941012710875e-08	0.800402138316495	1.83179295290364e-05	15.9861384098117	0.349999985183834
7.625	59.75	-5.19753090470426e-08	0.800430505460093	1.95049648519023e-05	15.9161020257146	0.349999966216049
7.875	59.75	-8.9663761716872e-08	0.800460714019958	2.07720381496977e-05	15.8460630859825	0.349999941718555
8.125	59.75	-1.33044599325961e-07	0.800492887380792	2.21231614232251e-05	15.7760214252367	0.34999991352101
8.375	59.75	-1.76188634180497e-07	0.800527154903171	2.35623206621149e-05	15.7059768664982	0.349999885477388
8.625	59.75	-2.09255987073726e-07	0.800563651767676	2.50934000881017e-05	15.6359292202079	0.349999863983608
8.875	59.75	-2.17922561797046e-07	0.800602518668621	2.6720083917687e-05	15.5658782831703	0.349999858350335
9.125	59.75	-1.83244272672834e-07	0.80064390131885	2.84457299872575e-05	15.4958238374772	0.349999880891223
9.375	59.75	-8.22290066642244e-08	0.800687949718762	3.02732082275642e-05	15.4257656495032	0.349999946551146
9.625	59.75	1.1056034145098e-07	0.800734817133116	3.22046952192535e-05	15.3557034691053	0.350000071864222
9.875	59.75	4.20003197130013e-07	0.800784658708372	3.42414136609207e-05	15.2856370292137	0.350000273002078
10.125	59.75	8.65623802035511e-07	0.800837629649993	3.63833022252042e-05	15.2155660460552	0.350000562655471
10.375	59.75	1.45461169613683e-06	0.800893882862131	3.86285969019678e-05	15.1454902203107	0.350000945497603
10.625	59.75	2.17233864303597e-06	0.800953565931317	4.09732986749738e-05	15.075409239569	0.350001412020118
10.875	59.75	2.97020430594075e-06	0.801016817304997	4.34104939330121e-05	15.0053227824815	0.350001930632799
11.125	59.75	3.75092274064501e-06	0.801083761473214	4.59294828439243e-05	14.9352305250508	0.350002438099781
11.375	59.75	4.35181010666322e-06	0.801154502899852	4.85146558640578e-05	14.8651321494633	0.350002828676569
11.625	59.75	4.52729443614704e-06	0.801229118359087	5.11440394346466e-05	14.7950273557974	0.350002942741383
11.875	59.75	3.93277910919369e-06	0.801307647207145	5.37874074332639e-05	14.7249158767609	0.350002556306421
12.125	59.75	2.11317808171582e-06	0.801390078941739	5.64038251441143e-05	14.6547974953167	0.350001373565753
12.375	59.75	-1.4990935791745e-06	0.801476337166716	5.8938456744047e-05	14.5846720645998	0.349999025589174
12.625	59.75	-7.5701720845789e-06	0.801566258771771	6.13184264671079e-05	14.514539528892	0.349995079388145
12.875	59.75	-1.68264300632728e-05	0.801659566751963	6.34474787569745e-05	14.4443999435711	0.349989062820459
13.125	59.75	-2.99813865585122e-05	0.801755834625192	6.51991372009195e-05	14.3742534908793	0.349980512098737
13.375	59.75	-4.76154828555218e-05	0.801854439864587	6.64080204807104e-05	14.3041004870671	0.349969049936144
13.625	59.75	-6.99946212314145e-05	0.801954503163668	6.68589441663135e-05	14.2339413749779	0.3499545034962
13.875	59.75	-9.68119951443446e-05	0.802054809732013	6.62734319530093e-05	14.1637766944952	0.349937072203156
14.125	59.75	-0.000126836898068965	0.802153708231028	6.42932958133822e-05	14.0936070215325	0.349917556016255
14.375	59.75	-0.000157453993384006	0.802248982494676	6.04610460395246e-05	14.0234328644841	0.3498976549043
14.625	59.75	-0.0001840770009811	0.802337690957651	5.41970912969428e-05	13.9532545053462	0.349880349949362
14.875	59.75	-0.000199421864878164	0.802415968911292	4.47740285433185e-05	13.8830717711362	0.349870375787829
15.125	59.75	-0.000192626082780029	0.802478789555501	3.12888556901736e-05	13.8128837198251	0.349874793046193
15.375	59.75	-0.00014820281550301	0.802519681627305	1.26347296123815e-05	13.7426882237694	0.349903668169923
15.625	59.75	-4.48204581577919e-05	0.802530404553007	-1.25249924844057e-05	13.6724814325529	0.349970866702197
15.875	59.75	0.000146099564594201	0.802500587082307	-4.5776184687122e-05	13.602257096145	0.350094964716986
16.125	59.75	0.000461971829967258	0.802417342782441	-8.89606748886982e-05	13.532005728264	0.350300281689479
16.375	59.75	0.000950825106783579	0.802264886201113	-0.000144161719077243	13.4617135886904	0.350618036319409
16.625	59.75	0.00167326789297281	0.802024187488518	-0.000213657034021015	13.3913614619907	0.351087624130432
16.875	59.75	0.00270463247760553	0.801672721098775	-0.000299825547727825	13.3209232087634	0.351758011110444
17.125	59.75	0.00413727679937556	0.801184385623726	-0.000404991968350875	13.2503640644213	0.352689229919594
17.375	59.75	0.00608300408220992	0.80052969559606	-0.000531192766667384	13.1796386602548	0.353953952653436
17.625	59.75	0.00867553080711464	0.79967636937789	-0.000679849634271422	13.1086887430124	0.355639095024624
17.875	59.75	0.01207289138675	0.798590454837212	-0.000851343772363289	13.0374405737689	0.357847379401387
18.125	59.75	0.0164596107978848	0.797238138259327	-0.00104449853281282	12.9658019960474	0.360698747018625
18.375	59.75	0.0220484030529487	0.795588360563904	-0.00125600063824438	12.8936591788779	0.364331461984417
18.625	59.75	0.0290810632941311	0.793616304896511	-0.00147982169381798	12.8208730647737	0.368902691141185
18.875	59.75	0.0378281147100347	0.791307708095043	-0.00170673935734315	12.7472755876957	0.374588274561522
19.125	59.75	0.048586649245143	0.788663778361756	-0.00192409440246868	12.6726657745223	0.381581322009343
19.375	59.75	0.0616756657184009	0.785706279353825	-0.00211594397065862	12.5968059085229	0.390089182716961
19.625	59.75	0.0774280690820703	0.782482095666652	-0.00226376660993027	12.5194180189177	0.400328244903346
19.875	59.75	0.0961783753508796	0.779066382439677	-0.00234782533338875	12.4401810712779	0.412515943978072
20.125	59.75	0.118245128594159	0.775563301872962	-0.00234919179570179	12.3587293718108	0.426859333586203
20.375	59.75	0.143907198029946	0.772103445975254	-0.00225228326485922	12.2746528594005	0.443539678719465
20.625	59.75	0.173373674582724	0.768837394500661	-0.00204758987574606	12.1875001201146	0.462692888478771
20.875	59.75	0.206748259151378	0.765925451904634	-0.00173411765698237	12.0967850677728	0.484386368448396
21.125	59.75	0.243990989867179	0.763524351864597	-0.00132099865307447	12.0019982021649	0.508594143413666
21.375	59.75	0.284882764785068	0.761772440424125	-0.000827772806115847	11.9026230674166	0.535173797110294
21.625	59.75	0.329000707944375	0.760775352378265	-0.00028304965425482	11.7981578843382	0.563850460163844
21.875	59.75	0.375713699896331	0.760594332539598	0.000278412456026777	11.6881413085148	0.594213904932615
22.125	59.75	0.424205796135002	0.761239079194421	0.000819793050563546	11.572180027971	0.625733767487751
22.375	59.75	0.47352993257251	0.762666354669436	0.00130673170827491	11.4499748183644	0.657794456172132
22.625	59.75	0.522686186310397	0.764784725316269	0.00171141778811621	11.3213411868294	0.689746021101758
22.875	59.75	0.570710886201739	0.767464785349376	0.00201547721875791	11.186221217116	0.72096207603113
23.125	59.75	0.616758771655907	0.770553256527248	0.00221119311461999	11.0446846942906	0.75089320157634
23.375	59.75	0.660162387891918	0.77388866907741	0.00230101099040208	10.8969196266691	0.779105552129746
23.625	59.75	0.700460120624848	0.777316146954277	0.00229566315064413	10.7432142258265	0.805299078406151
23.875	59.75	0.737393316135367	0.78069922896211	0.00221148728302309	10.5839336496921	0.829305655487988
24.125	59.75	0.770880049191378	0.783927514909068	0.00206756444779287	10.4194950947636	0.851072031974396
24.375	59.75	0.800976220631338	0.786919923869059	0.00188318810422702	10.2503442704142	0.87063454341037
24.625	59.75	0.827833955320128	0.789624176169976	0.00167597251356759	10.0769352730473	0.888092070958083
24.875	59.75	0.851664300590191	0.792013581529391	0.00146069717526194	9.89971479837058	0.903581795383624
25.125	59.75	0.872707752237361	0.794082320240713	0.00124882136521973	9.71911075923321	0.917260038954284
25.375	59.75	0.891213326008893	0.795840244170285	0.00104851179375846	9.53552482176359	0.929288661905781
25.625	59.75	0.907425169926159	0.797307935805785	0.000865000667570383	9.34932811500567	0.939826360452003
25.875	59.75	0.921574979549928	0.798512459597854	0.000701110119191551	9.16085932773622	0.949023736707453
26.125	59.75	0.933878417641671	0.79948398744671	0.00055781914999466	8.97042448969895	0.957020971467086
26.375	59.75	0.944534027432622	0.800253304158979	0.000434793312826157	8.77829787042054	0.963947117831204
26.625	59.75	0.953723528481021	0.800850095927471	0.000330835116838721	8.58472357052504	0.969920293512664
26.875	59.75	0.961612760988434	0.801301879107298	0.000244240620130852	8.38991750420646	0.975048294642482
27.125	59.75	0.968352841674399	0.801633418697391	0.000173064963871784	8.19406956893337	0.979429347088359
27.375	59.75	0.974081302341268	0.801866499556848	0.000115308704440175	7.99734586992305	0.983152846521824
27.625	59.75	0.978923114028722	0.802019936585003	6.90402231778688e-05	7.79989091665164	0.986300024118669
27.875	59.75	0.98299157496111	0.80210973535636	3.24694663160995e-05	7.60182974183158	0.988944523724722
28.125	59.75	0.986389078052136	0.802149337935078	3.98646061874257e-06	7.40326991461511	0.991152900733888
28.375	59.75	0.989207788195266	0.802149908021179	-1.78244348883273e-05	7.20430343305405	0.992985062326923
28.625	59.75	0.991530261161506	0.802120624811388	-3.41861005598724e-05	7.00500848885504	0.994494669754979
28.875	59.75	0.993430031192049	0.802068966325914	-4.61398443462957e-05	6.80545110217696	0.995729520274832
29.125	59.75	0.99497218720812	0.802000971091805	-5.45618266403838e-05	6.60568662694345	0.996731921685278
29.375	59.75	0.996213950115659	0.801921472676334	-6.0181755205056e-05	6.40576112874861	0.997539067575179
29.625	59.75	0.997205257041303	0.801834305264279	-6.36019312114843e-05	6.20571263845334	0.998183417076847
29.875	59.75	0.997989352965352	0.801742480796171	-6.53154761670373e-05	6.00557228532061	0.998693079427479
30.125	59.75	0.998603386244414	0.801648339543005	-6.57230871147581e-05	5.80536531418885	0.999092201058869
30.375	59.75	0.999079001888037	0.801553676696527	-6.51480132308438e-05	5.60511199180665	0.999401351227224
30.625	59.75	0.999442925026418	0.801459847826824	-6.38491690052607e-05	5.40482840806299	0.999637901267171
30.875	59.75	0.999717526587129	0.801367856061233	-6.203243505208e-05	5.20452717842571	0.999816392281634
31.125	59.75	0.999921363578095	0.801278423680528	-5.98602745136892e-05	5.00421805441318	0.999948886325762
31.375	59.75	1.00006968734075	0.801192050583936	-5.74598311562351e-05	4.8039084493334	1.00004529677149
31.625	59.75	1.00017491448782	0.801109061793681	-5.49296885306666e-05	4.60360388680255	1.00011369441708
31.875	59.75	1.00024705679356	0.80102964588262	-5.23454673906651e-05	4.40330837968036	1.00016058691582
32.125	59.75	1.00029410790207	0.800953885934374	-4.97644276908704e-05	4.20302474702775	1.00019117013635
32.375	59.75	1.00032238623036	0.800881784394427	-4.72292260216477e-05	4.00275487650726	1.00020955104974
32.625	59.75	1.00033683476825	0.800813282948583	-4.47709622146796e-05	3.80249993932693	1.00021894259936
32.875	59.75	1.0003412795508	0.800748278374736	-4.24116318707222e-05	3.60226056439796	1.00022183170802
33.125	59.75	1.00033864938577	0.800686635156124	-4.01660853677881e-05	3.40203697786577	1.00022012210075
33.375	59.75	1.0003311599989	0.800628195517606	-3.80435783523785e-05	3.20182911361019	1.00021525399928
33.625	59.75	1.00032046621558	0.80057278744596	-3.60489821715042e-05	3.00163669971084	1.00020830304013
33.875	59.75	1.00030778624105	0.800520231169319	-3.41837030708841e-05	2.80145932524243	1.00020006105668
34.125	59.75	1.00029400255158	0.800470344484745	-3.24463345056102e-05	2.60129649109333	1.00019110165852
34.375	59.75	1.00027974412787	0.800422947228605	-3.08330391533064e-05	2.40114764779657	1.00018183368311
34.625	59.75	1.00026545414451	0.800377865101544	-2.93376339718052e-05	2.20101222268327	1.00017254519393
34.875	59.75	1.00025144496695	0.800334933058944	-2.7951347925555e-05	2.00088963816681	1.00016343922851
35.125	59.75	1.00023793806244	0.800293998681136	-2.6662254417391e-05	1.80077932287769	1.00015465974058
35.375	59.75	1.00022508160657	0.800254926460467	-2.54544482507867e-05	1.60068071787009	1.00014630304427
35.625	59.75	1.00021293759564	0.800217604750426	-2.4307086119388e-05	1.40059328102628	1.00013840943717
35.875	59.75	1.00020144046698	0.800181957859304	-2.3193282141378e-05	1.20051649313463	1.00013093630354
36.125	59.75	1.00019035689554	0.800147965746672	-2.2078232700397e-05	1.00044986700253	1.0001237319821
36.375	59.75	1.00017931773723	0.800115692482493	-2.09143440279755e-05	0.800392954133285	1.0001165565292
36.625	59.75	1.00016802158735	0.800085323135231	-1.96278965190902e-05	0.600345331294035	1.00010921403178
36.875	59.75	1.00015666929393	0.800057208970695	-1.80861291424344e-05	0.400306535812055	1.00010183504105
37.125	59.75	1.00014651030002	0.800032056906212	-1.60246495690019e-05	0.200275916596931	1.00009523169501
37.375	59.75	1.00014003623035	0.400011197562379	-1.28852027424622e-05	0.000252345029517499	1.00009102354973
