x	y	$\phi$	X Velocity	Y Velocity	pressure	$\beta$
0.125	0.25	0.000455964531266775	0.8	-0.000233066752598	22.8301764933684	1
0.375	0.25	0.000456401374899761	0.800299886084412	-0.000202842535510464	22.830031313681	1
0.625	0.25	0.000457249916944438	0.800507550797363	-0.000231919808215788	22.8298340033586	1
0.875	0.25	0.000458266603653863	0.800737946040271	-0.000234489469691109	22.8295791336283	1
1.125	0.25	0.000458802930740238	0.800975473075775	-0.000192491949367479	22.8292614859852	1
1.375	0.25	0.000457666123432966	0.801176297086239	-7.72344164787167e-05	22.8288849470987	1
1.625	0.25	0.000453094969040079	0.801285863230994	0.000122347111575835	22.8284675517074	1
1.875	0.25	0.000442934423373654	0.801272076220381	0.000363643896048854	22.8280417554286	1
2.125	0.25	0.000425079343555042	0.801172514148362	0.000544237094318498	22.827642297882	1
2.375	0.25	0.000398211721378368	0.80109590278068	0.000589859464398927	22.8272824185478	1
2.625	0.25	0.000362784505692902	0.801131276494105	0.000553988750849214	22.8269410942048	1
2.875	0.25	0.000322132604757084	0.801254292938295	0.000512484652342082	22.8265852343896	1
3.125	0.25	0.000283547706478997	0.801363059725001	0.000417430688871655	22.8262038062106	1
3.375	0.25	0.000259150292061048	0.801386615940177	0.000231592896327016	22.8258108071065	1
3.625	0.25	0.000266407890347502	0.80132050164837	4.20299337373173e-05	22.8254234305932	1
3.875	0.25	0.000328144696372548	0.801183274391659	-4.81425764791997e-05	22.8250467939987	1
4.125	0.25	0.000471853077697929	0.800975926902768	-2.91828155658055e-05	22.8246747889404	1
4.375	0.25	0.000728079714922378	0.800684329231878	3.34931161090375e-05	22.8242963985228	1
4.625	0.25	0.00112767430732762	0.800303630869557	7.25386883891469e-05	22.8238963757698	1
4.875	0.25	0.00169786401986541	0.799853173789715	5.14005137908072e-05	22.8234502212256	1
5.125	0.25	0.00245757663410156	0.799377729342551	-4.48823520012326e-05	22.8229182429837	1
5.375	0.25	0.0034131632310991	0.798945747344679	-0.000225139410147472	22.8222404671407	1
5.625	0.25	0.00455646830485442	0.798650158750699	-0.000498196007847728	22.8213308996261	1
5.875	0.25	0.0058679743120731	0.798610180363015	-0.000871411704664001	22.8200686764012	1
6.125	0.25	0.00732877975159262	0.79897061368421	-0.00134601173472486	22.8182835567672	1
6.375	0.25	0.0089469563268649	0.799895762199723	-0.00191153764098799	22.8157328007363	1
6.625	0.25	0.0108069536829921	0.801555772631844	-0.00254039278419392	22.812065489074	1
6.875	0.25	0.0131558329241493	0.804103386548493	-0.00318327035187531	22.8067690436549	1
7.125	0.25	0.0165475798883751	0.80763897552761	-0.00376663537646561	22.799091722969	1
7.375	0.25	0.0220749797218899	0.812161571872996	-0.00419400508198622	22.7879356863836	1
7.625	0.25	0.0317190615134854	0.817504022095345	-0.00435337643011802	22.7717210016516	1
7.875	0.25	0.0488123416649626	0.823253873891057	-0.00413367726810376	22.7482373298486	1
8.125	0.25	0.0784816294792146	0.828675859717687	-0.00345316709184015	22.714534271603	1
8.375	0.25	0.12761381463902	0.832694013494378	-0.00230058114672098	22.6669559909301	1
8.625	0.25	0.203387574481634	0.834074602813993	-0.000780797980874412	22.6014786637169	1
8.875	0.25	0.309347205230076	0.83198819534342	0.000863975680413427	22.5144822221514	1
9.125	0.25	0.439976412513214	0.826801848457408	0.00230453919064605	22.4038591274082	1
9.375	0.25	0.578942059806792	0.820220251830953	0.00325822060067421	22.2699517154551	1
9.625	0.25	0.705959045974893	0.814139650215634	0.00361973177228202	22.1156305911888	1
9.875	0.25	0.807312473334215	0.809423374972206	0.00347702144351343	21.945342350343	1
10.125	0.25	0.87993009651136	0.805964812723632	0.00301795703595462	21.7637589252243	1
10.375	0.25	0.928010111864266	0.80339732905957	0.00242712247628598	21.5748102041643	1
10.625	0.25	0.958101375770939	0.801466396401785	0.00183471553649263	21.3813517668599	1
10.875	0.25	0.976173844019596	0.800039169231829	0.00131189579634227	21.1852620369085	1
11.125	0.25	0.986681508763148	0.799031917743316	0.000886089239892447	20.9876929309283	1
11.375	0.25	0.992622061160013	0.798370395434819	0.000558589438729835	20.7893140622418	1
11.625	0.25	0.995894067617152	0.797981873934095	0.000317885442477355	20.5904971807532	1
11.875	0.25	0.997651952519229	0.7977986622306	0.00014796709601263	20.3914395459572	1
12.125	0.25	0.998575668476491	0.797762270233617	3.27948932400871e-05	20.192240786803	1
12.375	0.25	0.999054212623409	0.797825283886958	-4.16752003992884e-05	19.9929484649508	1
12.625	0.25	0.999303505395634	0.797951187588979	-8.68491587472978e-05	19.7935839628824	1
12.875	0.25	0.999439381911631	0.798113033022205	-0.000111548093162136	19.5941565534547	1
13.125	0.25	0.999521511539473	0.798291685923482	-0.000122357475550205	19.394670635784	1
13.375	0.25	0.999579115747911	0.79847408343782	-0.000124059217235433	19.1951291730954	1
13.625	0.25	0.999625590087304	0.798651705772759	-0.000120044252797867	18.9955351196648	1
13.875	0.25	0.999666535445968	0.798819328143682	-0.000112664553625373	18.7958918528914	1
14.125	0.25	0.999703985864115	0.798974048078643	-0.000103514919617443	18.5962031642147	1
14.375	0.25	0.999738515475084	0.79911455255356	-9.36494263133068e-05	18.39647309378	1
14.625	0.25	0.999770212106341	0.799240580509214	-8.37428781881828e-05	18.1967057431739	1
14.875	0.25	0.999799077752837	0.799352537845294	-7.4208585185589e-05	17.9969051202746	1
15.125	0.25	0.999825160476929	0.799451227782845	-6.52827488004941e-05	17.7970750304206	1
15.375	0.25	0.999848574391921	0.799537666414712	-5.70839949345751e-05	17.5972190105537	1
15.625	0.25	0.999869482385363	0.799612959862493	-4.96547840513772e-05	17.3973402969738	1
15.875	0.25	0.999888073212574	0.799678225122715	-4.29898229131354e-05	17.1974418167764	1
16.125	0.25	0.999904543671317	0.799734541307882	-3.70552751928556e-05	16.9975261946357	1
16.375	0.25	0.999919087521628	0.799782921613005	-3.18015433268174e-05	16.7975957687089	1
16.625	0.25	0.999931889674421	0.799824299085885	-2.7171608257906e-05	16.597652611362	1
16.875	0.25	0.999943123659652	0.799859521351116	-2.31063327566258e-05	16.3976985519194	1
17.125	0.25	0.999952950815259	0.799889350938852	-1.9547718195681e-05	16.197735199708	1
17.375	0.25	0.999961520235943	0.799914468944026	-1.64407976916476e-05	15.9977639663783	1
17.625	0.25	0.999968968999269	0.799935480518599	-1.37346346856086e-05	15.7977860869484	1
17.875	0.25	0.999975422485529	0.799952921217741	-1.13827497964059e-05	15.5978026392891	1
18.125	0.25	0.999980994752824	0.799967263582111	-9.34318909790208e-06	15.3978145619472	1
18.375	0.25	0.999985788981843	0.799978923590303	-7.57837715817166e-06	15.1978226703008	1
18.625	0.25	0.999989898007305	0.799988266764557	-6.05485121462624e-06	14.9978276711004	1
18.875	0.25	0.99999340493604	0.7999956138184	-4.74293460768114e-06	14.7978301754853	1
19.125	0.25	0.999996383836375	0.80000124580849	-3.61638833523399e-06	14.5978307105839	1
19.375	0.25	0.99999890047343	0.800005408780131	-2.6520660564369e-06	14.3978297298119	1
19.625	0.25	1.00000101306057	0.800008317922746	-1.82958401151435e-06	14.19782762199	1
19.875	0.25	1.00000277300086	0.800010161274601	-1.13101331119662e-06	13.9978247193961	1
20.125	0.25	1.00000422559755	0.800011103004826	-5.40600096429564e-07	13.7978213048639	1
20.375	0.25	1.00000541071858	0.800011286316519	-4.45122041521747e-08	13.5978176180308	1
20.625	0.25	1.00000636340711	0.800010836011905	3.69388183729129e-07	13.3978138608327	1
20.875	0.25	1.0000071144353	0.800009860751867	7.11746113023813e-07	13.1978102023303	1
21.125	0.25	1.00000769080154	0.800008455043868	9.9189268178388e-07	12.9978067829465	1
21.375	0.25	1.00000811617319	0.800006700993335	1.21800379425085e-06	12.7978037181848	1
21.625	0.25	1.00000841127966	0.800004669844555	1.39723895866015e-06	12.5978011018896	1
21.875	0.25	1.00000859425949	0.800002423333243	1.53586353438307e-06	12.3977990091033	1
22.125	0.25	1.00000868096644	0.800000014877739	1.63935688353587e-06	12.1977974985702	1
22.375	0.25	1.00000868523954	0.799997490629319	1.71250696154096e-06	11.9977966149277	1
22.625	0.25	1.0000086191413	0.799994890393681	1.75949289031038e-06	11.7977963906228	1
22.875	0.25	1.00000849316669	0.799992248442136	1.78395791801672e-06	11.597796847587	1
23.125	0.25	1.00000831642706	0.799989594227876	1.78907314751112e-06	11.3977979986994	1
23.375	0.25	1.00000809681221	0.799986953016779	1.77759310820645e-06	11.1977998490606	1
23.625	0.25	1.00000784113254	0.79998434644293	1.75190474024951e-06	10.9978023971025	1
23.875	0.25	1.00000755524361	0.799981793001491	1.71407027393107e-06	10.7978056355524	1
24.125	0.25	1.00000724415553	0.799979308484292	1.66586422943192e-06	10.5978095522669	1
24.375	0.25	1.0000069121287	0.799976906364426	1.60880572665609e-06	10.3978141309532	1
24.625	0.25	1.00000656275687	0.799974598139369	1.54418699939225e-06	10.197819351789	1
24.875	0.25	1.00000619903919	0.799972393638247	1.47309756456202e-06	9.99782519195293	1
25.125	0.25	1.00000582344294	0.799970301295222	1.39644479396671e-06	9.79783162607485	1
25.375	0.25	1.00000543795716	0.799968328395634	1.31497196825283e-06	9.59783862661563	1
25.625	0.25	1.00000504413828	0.799966481301161	1.22927329080709e-06	9.39784616418269	1
25.875	0.25	1.00000464314839	0.799964765654943	1.13980567851966e-06	9.19785420778734	1
26.125	0.25	1.00000423578643	0.799963186569753	1.046898195846e-06	8.99786272505022	1
26.375	0.25	1.00000382251218	0.799961748806893	9.50759682141795e-07	8.79787168235856	1
26.625	0.25	1.00000340346321	0.799960456948547	8.51483520247223e-07	8.5978810449783	1
26.875	0.25	1.00000297846505	0.799959315563581	7.49049267995916e-07	8.39789077712367	1
27.125	0.25	1.00000254703355	0.799958329371624	6.43322181463127e-07	8.19790084198678	1
27.375	0.25	1.0000021083708	0.799957503413647	5.3404998551763e-07	7.99791120172773	1
27.625	0.25	1.00000166135668	0.799956843231758	4.20855998076453e-07	7.79792181742386	1
27.875	0.25	1.00000120453859	0.799956355060361	3.03228088599238e-07	7.59793264897623	1
28.125	0.25	1.00000073612087	0.799956046037016	1.8050313656461e-07	7.39794365496988	1
28.375	0.25	1.00000025395267	0.79995592444132	5.18459424139834e-08	7.19795479248143	1
28.625	0.25	0.999999755504384	0.799955999968818	-8.37796157563484e-08	6.99796601682742	1
28.875	0.25	0.999999237807832	0.799956284050056	-2.27648164320342e-07	6.79797728124739	1
29.125	0.25	0.999998697320135	0.799956790234617	-3.81320701113677e-07	6.59798853651921	1
29.375	0.25	0.999998129664927	0.799957534662917	-5.46706128496217e-07	6.39799973050691	1
29.625	0.25	0.999997529223053	0.79995853665493	-7.26140290561613e-07	6.19801080764375	1
29.875	0.25	0.999996888611483	0.799959819459156	-9.22488653189684e-07	5.99802170834558	1
30.125	0.25	0.999996198214984	0.799961411214559	-1.13928298812851e-06	5.79803236831796	1
30.375	0.25	0.99999544609566	0.799963346177928	-1.38091055351294e-06	5.59804271766018	1
30.625	0.25	0.999994618714319	0.799965666269915	-1.65288498260883e-06	5.39805267957637	1
30.875	0.25	0.999993702779558	0.799968422997249	-1.96223437649407e-06	5.19806216840542	1
31.125	0.25	0.999992687965342	0.799971679841095	-2.31805308507691e-06	4.99807108663979	1
31.375	0.25	0.999991569021344	0.799975515284213	-2.73226113446992e-06	4.79807932072292	1
31.625	0.25	0.999990344029146	0.799980026838689	-3.22059735219594e-06	4.59808673581547	1
31.875	0.25	0.999989003935831	0.799985336789281	-3.80385803936777e-06	4.39809317043566	1
32.125	0.25	0.999987508604536	0.79999160085906	-4.50939825861709e-06	4.19809843271679	1
32.375	0.25	0.999985748863697	0.799999021575725	-5.37302897143408e-06	3.99810230039852	1
32.625	0.25	0.999983504766297	0.800007868606324	-6.44180246838836e-06	3.79810452546974	1
32.875	0.25	0.999980427654098	0.800018508545088	-7.77895744523969e-06	3.59810484019347	1
33.125	0.25	0.999976092236838	0.800031446644072	-9.47367935753306e-06	3.39810295303367	1
33.375	0.25	0.999970170024772	0.800047383444753	-1.16603513716803e-05	3.19809851154492	1
33.625	0.25	0.999962741844484	0.800067292116026	-1.45543192237576e-05	2.99809099911402	1
33.875	0.25	0.999954664895715	0.800092531097266	-1.85130293746534e-05	2.7980795334348	1
34.125	0.25	0.999947722736806	0.800125026435705	-2.41314090882525e-05	2.59806256132476	1
34.375	0.25	0.999944046544194	0.800167594343401	-3.23775581906621e-05	2.39803751047459	1
34.625	0.25	0.999944127179972	0.800224530684725	-4.47710998657097e-05	2.19800056274355	1
34.875	0.25	0.999942889736154	0.800302672588328	-6.36126142014235e-05	1.99794681731268	1
35.125	0.25	0.999924129330776	0.80041324931663	-9.23203559248871e-05	1.79787111310096	1
35.375	0.25	0.999855431474223	0.800575043862778	-0.000136097705289071	1.59776949336733	1
35.625	0.25	0.999688505523538	0.800819892627228	-0.000203614908500523	1.39764046218436	1
35.875	0.25	0.999372791294747	0.801202949040841	-0.000311514066906147	1.1974835222947	1
36.125	0.25	0.998890931128646	0.801823890500021	-0.000496125757040182	0.997289787072051	1
36.375	0.25	0.998318808831938	0.802874690824265	-0.000842469244594975	0.797015647563018	1
36.625	0.25	0.997893390777974	0.804751898868585	-0.0015527711605613	0.596525441203222	1
36.875	0.25	0.998028794764447	0.808321240157894	-0.00310211780139702	0.395481913660984	1
37.125	0.25	0.999140558693862	0.759663434431935	-0.00658160774932358	0.19315043274538	1
37.375	0.25	1.00099166392992	0.8	0.0134544595670808	0.0159877198525982	1
0.125	0.75	0.00046125199088234	0.79990813235008	-0.000707309565165175	22.8301307411051	1
0.375	0.75	0.000461674298166897	0.800270910967589	-0.000584716897296875	22.829988941793	1
0.625	0.75	0.000462490858129057	0.800454688566504	-0.000683207862572392	22.8298014320813	1
0.875	0.75	0.000463455564325855	0.800659752661912	-0.000732228292291456	22.8295620995395	1
1.125	0.75	0.000463924557350693	0.800867686181489	-0.000668770241787522	22.8292674590506	1
1.375	0.75	0.000462724210661354	0.801044325299293	-0.000438614397480474	22.8289215127463	1
1.625	0.75	0.000458136197957358	0.801149460037782	-5.0369955958091e-05	22.8285389681729	1
1.875	0.75	0.000448082575957559	0.801159823736804	0.000337048029571169	22.8281449636368	1
2.125	0.75	0.000430580325430955	0.801102950819427	0.000434695362527315	22.8277665014581	1
2.375	0.75	0.000404489518391967	0.801065051477254	0.000100332602949317	22.8274149773733	1
2.625	0.75	0.000370509829318542	0.801127895376559	-0.000384933722220482	22.8270731576642	1
2.875	0.75	0.000332310609355379	0.801278625652083	-0.000571170932754021	22.8267093175606	1
3.125	0.75	0.000297639678430222	0.801420426581604	-0.000341501149736187	22.8263100984077	1
3.375	0.75	0.000279255007237661	0.801476924537916	5.95990096898866e-05	22.8258880562073	1
3.625	0.75	0.00029553783361327	0.801439817933692	0.000366590473012071	22.8254603699227	1
3.875	0.75	0.00037063882399103	0.801328497680014	0.000521574123938491	22.8250324720137	1
4.125	0.75	0.000533971993135525	0.801148457063663	0.00061582724093063	22.8245976860703	1
4.375	0.75	0.000818834790674104	0.800888752827757	0.000709676866949347	22.8241425825327	1
4.625	0.75	0.00125995706263267	0.800538766822052	0.000771952202793669	22.8236488284102	1
4.875	0.75	0.00188997402895741	0.800100330661584	0.000732591594006128	22.8230908576094	1
5.125	0.75	0.00273529947884019	0.799590769179943	0.000528512966078949	22.8224321585441	1
5.375	0.75	0.0038126289984781	0.79904266678504	0.000110671393099343	22.8216214263786	1
5.625	0.75	0.00512814117155535	0.79850452445584	-0.000560935808567625	22.8205874982094	1
5.875	0.75	0.0066823131824624	0.798042255047607	-0.0015156103297366	22.8192307438969	1
6.125	0.75	0.00848440740286414	0.797739613113918	-0.00276196140779006	22.8174079960703	1
6.375	0.75	0.0105826238159381	0.797695673056294	-0.00427343913776906	22.8149073799257	1
6.625	0.75	0.013119213328562	0.798017799340816	-0.00597306910634089	22.8114082915012	1
6.875	0.75	0.0164250713885277	0.798808618067706	-0.00772089633626905	22.8064205099764	1
7.125	0.75	0.0211755252728908	0.800145266137811	-0.00930858898374991	22.7991957879619	1
7.375	0.75	0.0286356113524153	0.802048583157412	-0.0104669119735297	22.7886070662821	1
7.625	0.75	0.0410180976494534	0.804439065777092	-0.0108924342690341	22.7729984325775	1
7.875	0.75	0.0619290919926564	0.807077456378805	-0.0102992517346299	22.7500292912352	1
8.125	0.75	0.0967164881241657	0.8094994579215	-0.00849902309838506	22.7165758968982	1
8.375	0.75	0.152183563175532	0.810996636392224	-0.00550515519417029	22.6688110994265	1
8.625	0.75	0.234683855411832	0.810779375313485	-0.00163441430627865	22.6026260445973	1
8.875	0.75	0.345872187443784	0.808467438388054	0.00246769614497365	22.5144939224459	1
9.125	0.75	0.477871854448249	0.804675571072834	0.00598118213921296	22.402597847328	1
9.375	0.75	0.613317856518985	0.800867292681618	0.0082441775979107	22.2676476050978	1
9.625	0.75	0.733373395607598	0.798235601673913	0.00904167867751036	22.1127616188224	1
9.875	0.75	0.826988747729953	0.796932652449143	0.00861217359789608	21.9424110223577	1
10.125	0.75	0.893017840902152	0.796459528199705	0.00741816011899097	21.7611270807637	1
10.375	0.75	0.936290851086248	0.796333772192735	0.00590830211485455	21.5726569573971	1
10.625	0.75	0.963186642445865	0.79631793853702	0.00440070015490522	21.379712961154	1
10.875	0.75	0.979252472092703	0.7963462078174	0.00307153692708787	21.1840903034564	1
11.125	0.75	0.988544285148493	0.79641716611226	0.001990236809387	20.9869059044122	1
11.375	0.75	0.993765150613215	0.796537875721144	0.00116111042965204	20.7888238260584	1
11.625	0.75	0.996617738869489	0.796707480077475	0.000555713982508402	20.5902248006657	1
11.875	0.75	0.998133388486243	0.796917324485933	0.000133536067061116	20.3913203549841	1
12.125	0.75	0.998917284364425	0.797154967024635	-0.000146556689413209	20.1922247933245	1
12.375	0.75	0.999314067637897	0.797407595435628	-0.000320943644304877	19.9929985988282	1
12.625	0.75	0.999513870162696	0.797663992323171	-0.000419405856397049	19.7936736397847	1
12.875	0.75	0.999617840987487	0.79791533075288	-0.000465117964504138	19.5942672748892	1
13.125	0.75	0.999677485492863	0.798155256442893	-0.000475458632042655	19.3947899186188	1
13.375	0.75	0.999717622223688	0.798379611745905	-0.000463080103352929	19.1952488864489	1
13.625	0.75	0.999749365207597	0.798586024063438	-0.000436958185771254	18.9956502078504	1
13.875	0.75	0.999777196491114	0.798773480844298	-0.000403303899312263	18.7959993853027	1
14.125	0.75	0.999802643706883	0.798941949505306	-0.000366302750941867	18.5963016452999	1
14.375	0.75	0.999826078701729	0.799092063921471	-0.000328688421684283	18.3965619717909	1
14.625	0.75	0.999847523965378	0.799224879778523	-0.000292174298769526	18.1967850665939	1
14.875	0.75	0.999866966692385	0.799341691920039	-0.000257770458911313	17.9969753016251	1
15.125	0.75	0.999884449296198	0.799443903373983	-0.00022601205558615	17.7971366867949	1
15.375	0.75	0.99990007221343	0.799532935289066	-0.000197121135315414	17.5972728581516	1
15.625	0.75	0.99991397176531	0.799610167978355	-0.000171119515014007	17.3973870831136	1
15.875	0.75	0.999926298104506	0.799676904823129	-0.000147906311146029	17.1974822775609	1
16.125	0.75	0.999937200436538	0.799734352432062	-0.000127310310713548	16.997561029922	1
16.375	0.75	0.999946819409324	0.799783611970607	-0.000109124677471688	16.7976256285558	1
16.625	0.75	0.999955284396576	0.799825677879511	-9.31294120147884e-05	16.5976780899383	1
16.875	0.75	0.999962713405303	0.799861441242319	-7.91054288804943e-05	16.3977201861332	1
17.125	0.75	0.999969214019764	0.799891695880531	-6.6842976829077e-05	16.1977534707118	1
17.375	0.75	0.999974884507127	0.799917145867903	-5.61463008295359e-05	15.9977793027262	1
17.625	0.75	0.999979814724733	0.799938413598096	-4.68358535202581e-05	15.7977988686023	1
17.875	0.75	0.999984086764487	0.799956047856242	-3.87489511625032e-05	15.5978132019652	1
18.125	0.75	0.999987775401358	0.79997053156695	-3.17394748745242e-05	15.3978232014839	1
18.375	0.75	0.999990948444176	0.799982289032147	-2.56770161396972e-05	15.1978296468587	1
18.625	0.75	0.999993667067168	0.799991692573161	-2.04457302990483e-05	14.9978332130914	1
18.875	0.75	0.999995986168978	0.799999068552213	-1.59430638670344e-05	14.7978344831804	1
19.125	0.75	0.999997954775619	0.800004702781319	-1.20784602973392e-05	14.597833959383	1
19.375	0.75	0.999999616481915	0.800008845350989	-8.77210837800881e-06	14.3978320731813	1
19.625	0.75	1.00000100991638	0.800011714921852	-5.95376686541818e-06	14.1978291940843	1
19.875	0.75	1.00000216921158	0.800013502525968	-3.56168156322105e-06	13.997825637387	1
20.125	0.75	1.00000312446227	0.800014374923872	-1.54160552158234e-06	13.797821671002	1
20.375	0.75	1.0000039021593	0.800014477568559	1.54082935735692e-07	13.597817521467	1
20.625	0.75	1.000004525592	0.800013937215155	1.56716699571526e-06	13.397813379224	1
20.875	0.75	1.00000501521439	0.800012864217575	2.73428975635981e-06	13.197809403254	1
21.125	0.75	1.00000538897499	0.80001135455024	3.68757186748995e-06	12.9978057251458	1
21.375	0.75	1.00000566261098	0.800009491585187	4.45515680263943e-06	12.7978024526629	1
21.625	0.75	1.00000584990904	0.800007347653872	5.06169021030935e-06	12.5977996728732	1
21.875	0.75	1.00000596293546	0.800004985421646	5.52874164106448e-06	12.3977974548897	1
22.125	0.75	1.00000601223967	0.800002459096494	5.87517547956924e-06	12.1977958522724	1
22.375	0.75	1.00000600703345	0.799999815492571	6.11747631735961e-06	11.9977949051299	1
22.625	0.75	1.00000595534881	0.799997094965454	6.2700339962625e-06	11.7977946419572	1
22.875	0.75	1.00000586417675	0.799994332235406	6.34539393405067e-06	11.5977950812426	1
23.125	0.75	1.00000573958964	0.799991557112661	6.35447632473983e-06	11.3977962328691	1
23.375	0.75	1.00000558684876	0.799988795137099	6.306768227407e-06	11.1977980993365	1
23.625	0.75	1.00000541049885	0.799986068142261	6.21049193153924e-06	10.9978006768251	1
23.875	0.75	1.00000521445138	0.799983394753442	6.07275184109134e-06	10.7978039561182	1
24.125	0.75	1.00000500205753	0.79998079082797	5.89966288769193e-06	10.597807923402	1
24.375	0.75	1.00000477617201	0.7999782698451	5.69646238396646e-06	10.3978125609558	1
24.625	0.75	1.00000453920884	0.799975843252399	5.46760724680125e-06	10.1978178477452	1
24.875	0.75	1.00000429318975	0.7999735207735	5.21685799627128e-06	9.99782375992941	1
25.125	0.75	1.00000403978652	0.79997131068358	4.94735100781763e-06	9.79783027129258	1
25.375	0.75	1.00000378035749	0.799969220056362	4.66166040654538e-06	9.59783735360629	1
25.625	0.75	1.00000351597894	0.799967254986504	4.36184965330404e-06	9.39784497693112	1
25.875	0.75	1.00000324747165	0.799965420791497	4.04951404404766e-06	9.19785310986303	1
26.125	0.75	1.00000297542287	0.799963722197683	3.72581498282559e-06	8.99786171972998	1
26.375	0.75	1.00000270020402	0.799962163513746	3.3915060885268e-06	8.79787077274235	1
26.625	0.75	1.00000242198371	0.799960748793345	3.04695085803787e-06	8.59788023410084	1
26.875	0.75	1.0000021407361	0.799959481990818	2.69213149122693e-06	8.39789006806487	1
27.125	0.75	1.00000185624468	0.799958367113755	2.32664972697184e-06	8.19790023798309	1
27.375	0.75	1.00000156810245	0.799957408376802	1.94971811718009e-06	7.99791070628722	1
27.625	0.75	1.00000127571073	0.799956610359233	1.56014026922972e-06	7.79792143444848	1
27.875	0.75	1.00000097827944	0.79995597816976	1.15627891032575e-06	7.59793238289545	1
28.125	0.75	1.00000067483178	0.799955517624694	7.36009065518754e-07	7.39794351089018	1
28.375	0.75	1.00000036421285	0.799955235443137	2.96653402396162e-07	7.1979547763572	1
28.625	0.75	1.00000004509391	0.799955139464914	-1.6510467324417e-07	6.99796613566088	1
28.875	0.75	0.999999715951249	0.799955238900643	-6.53334241468859e-07	6.7979775433264	1
29.125	0.75	0.999999374983603	0.799955544624126	-1.17300188759459e-06	6.59798895170311	1
29.375	0.75	0.999999019925392	0.799956069524171	-1.73015678261186e-06	6.39800031057418	1
29.625	0.75	0.999998647730342	0.799956828936678	-2.33216566471261e-06	6.19801156671899	1
29.875	0.75	0.999998254162955	0.799957841188554	-2.98801521719399e-06	5.99802266342942	1
30.125	0.75	0.99999783345646	0.799959128286345	-3.70871361637177e-06	5.79803353995426	1
30.375	0.75	0.999997378351636	0.799960716772408	-4.5078408410777e-06	5.59804413079303	1
30.625	0.75	0.999996880947724	0.799962638768854	-5.40232936719357e-06	5.39805436467863	1
30.875	0.75	0.999996334711947	0.799964933207665	-6.41357930061586e-06	5.19806416299606	1
31.125	0.75	0.999995737484942	0.799967647240773	-7.56902913420911e-06	4.99807343735349	1
31.375	0.75	0.999995094214755	0.799970837876	-8.90429254443135e-06	4.79808208613862	1
31.625	0.75	0.999994416507245	0.799974573998196	-1.04659011792888e-05	4.5980899902768	1
31.875	0.75	0.999993714519911	0.799978939195226	-1.23146127761124e-05	4.39809700910739	1
32.125	0.75	0.999992976685584	0.799984036162782	-1.45292155995798e-05	4.19810297813948	1
32.375	0.75	0.999992136433085	0.799989993778718	-1.72109958693868e-05	3.99810771093853	1
32.625	0.75	0.999991034701391	0.79999697798218	-2.04899089552672e-05	3.79811100655698	1
32.875	0.75	0.999989402973259	0.800005206918255	-2.45354466253011e-05	3.59811266051541	1
33.125	0.75	0.999986909261764	0.80001496904107	-2.95785943961213e-05	3.39811247051404	1
33.375	0.75	0.999983316367281	0.80002663997455	-3.59559717339109e-05	3.1981102186128	1
33.625	0.75	0.999978776156976	0.800040690669978	-4.41919196670585e-05	2.99810560378813	1
33.875	0.75	0.999974200340794	0.800057677639659	-5.51358262615029e-05	2.79809810159197	1
34.125	0.75	0.999971494645082	0.800078208316504	-7.0165391546559e-05	2.59808675436146	1
34.375	0.75	0.99997324871984	0.800102881951954	-9.1446694814114e-05	2.39806995859199	1
34.625	0.75	0.999981345396933	0.800132213320121	-0.00012220868337083	2.19804541634745	1
34.875	0.75	0.999994094998748	0.800166531183068	-0.000166958593347995	1.9980105272209	1
35.125	0.75	1.00000218107623	0.800205752191804	-0.00023158496690285	1.79796354583693	1
35.375	0.75	0.999985108869363	0.800248648751451	-0.000323473950880014	1.59790570982139	1
35.625	0.75	0.999911784376184	0.800290516285128	-0.000452297549571088	1.39784416870323	1
35.875	0.75	0.999750324915772	0.800316478332969	-0.000633327364510642	1.19779500727958	1
36.125	0.75	0.99949102923548	0.800283824579116	-0.000897406263848847	0.997785534821745	1
36.375	0.75	0.999179346011876	0.800077820440502	-0.00131553793695277	0.797856881522042	1
36.625	0.75	0.998939820049524	0.799404287184961	-0.00205166518004168	0.598075159998188	1
36.875	0.75	0.998949515626829	0.79753222209365	-0.00346394915628287	0.398578258009682	1
37.125	0.75	0.999307765404998	0.792668709040659	-0.00628003618537513	0.19972655949879	1
37.375	0.75	0.999800825550724	0.394676756389797	0.0160672036823431	0.00251515093521868	1
0.125	1.25	0.000468096577212954	0.799875278930714	-0.00102866142662907	22.8300187678178	1
0.375	1.25	0.000468496385666558	0.800210819397205	-0.000922008227800987	22.8298906711401	1
0.625	1.25	0.000469262442495331	0.800381535793489	-0.00105919940150126	22.8297179454712	1
0.875	1.25	0.000470144568177212	0.800557611399975	-0.00114284830315218	22.829499614729	1
1.125	1.25	0.000470504363625802	0.800735952699951	-0.00107904665808569	22.8292347386688	1
1.375	1.25	0.00046919358731181	0.800906300223852	-0.000796360452208945	22.8289245077873	1
1.625	1.25	0.000464551956328176	0.801053898822657	-0.000301186839179591	22.8285737343596	1
1.875	1.25	0.00045460627329508	0.801159580142796	0.000215134149426609	22.8281916132991	1
2.125	1.25	0.000437538630951502	0.801199455397216	0.000378857541783245	22.8277933716901	1
2.375	1.25	0.000412446657855614	0.801162797454355	-3.87055066715585e-05	22.8274013440252	1
2.625	1.25	0.000380351644998215	0.801088012353561	-0.000660671783480378	22.8270364897185	1
2.875	1.25	0.000345346370379602	0.80105647601487	-0.000804409486167858	22.8266997673837	1
3.125	1.25	0.000315744274971002	0.80112015483644	-0.000401510728024324	22.8263670540184	1
3.375	1.25	0.000305098269841159	0.801256952068989	9.04835718194238e-05	22.8260064247678	1
3.625	1.25	0.000332964959165221	0.801396692606363	0.000418809642323652	22.8255956792142	1
3.875	1.25	0.000425267152845157	0.80146886280421	0.00066115286663282	22.8251274708396	1
4.125	1.25	0.000614060519097625	0.801435589919057	0.00094530028453126	22.8246020811911	1
4.375	1.25	0.000936471543363745	0.801290731271261	0.00127926524000729	22.8240155918308	1
4.625	1.25	0.00143261412484426	0.8010363102775	0.00158520383045289	22.8233535586738	1
4.875	1.25	0.00214254242734697	0.800664972761675	0.00177564698449967	22.82259170683	1
5.125	1.25	0.00310285485691846	0.80015786917301	0.00178165381629888	22.8216988072151	1
5.375	1.25	0.00434434243987629	0.799489858113626	0.00154686581047601	22.8206377701073	1
5.625	1.25	0.00589291076161101	0.798634767634486	0.00101973131750669	22.8193631347993	1
5.875	1.25	0.00777694913860017	0.797569563140589	0.000157014429897805	22.8178132003689	1
6.125	1.25	0.0100456904408883	0.796278834317672	-0.00106286793350305	22.8158937237347	1
6.375	1.25	0.012805332056835	0.794760657348254	-0.0026214862449477	22.813448494741	1
6.625	1.25	0.0162832657970485	0.793033759109314	-0.00444124085287415	22.8102105997263	1
6.875	1.25	0.020936121100357	0.791144584745764	-0.00637000492216308	22.8057271451269	1
7.125	1.25	0.0276239666140018	0.789170983884074	-0.00817574641656511	22.7992506177034	1
7.375	1.25	0.0378766122243564	0.787216413838883	-0.0095585263646454	22.7895942289076	1
7.625	1.25	0.0542630121169775	0.785385360142075	-0.0101865276578283	22.7749609039208	1
7.875	1.25	0.0808010627070951	0.783730827309139	-0.00975940553520638	22.7527824706651	1
8.125	1.25	0.12313862758932	0.782180282915622	-0.00809690658966511	22.7196521682229	1
8.375	1.25	0.187848182615834	0.780499692818742	-0.00524235812359924	22.6714908848738	1
8.625	1.25	0.279866829502652	0.778437867267427	-0.00154993177276032	22.60410627974	1
8.875	1.25	0.397936032368193	0.776135860798717	0.00231669519443369	22.5141794804928	1
9.125	1.25	0.530975612505903	0.774433345612651	0.00556144831059674	22.4003776014733	1
9.375	1.25	0.660739005208995	0.774380502155528	0.00757799787910685	22.2639527713348	1
9.625	1.25	0.77084309111761	0.776258613465661	0.00819564193137433	22.1083434766883	1
9.875	1.25	0.853855448364662	0.779397218326684	0.00765908441515009	21.9380107537424	1
10.125	1.25	0.910998138008751	0.782870041490189	0.00641140905186685	21.7572579618222	1
10.375	1.25	0.947790165219644	0.786058483119974	0.00487997227273144	21.5695620641556	1
10.625	1.25	0.970336986920948	0.788721696830395	0.00337029765556957	21.377428813473	1
10.875	1.25	0.983628414629774	0.790847583434047	0.00205360490504361	21.1825341215955	1
11.125	1.25	0.991205343111581	0.79251550521846	0.000997798833450174	20.9859448882962	1
11.375	1.25	0.995388072848654	0.793822671800307	0.000206207210152417	20.788317934558	1
11.625	1.25	0.99762136237227	0.794855299349047	-0.000351199970602356	20.5900483386164	1
11.875	1.25	0.998771444223727	0.795681383223593	-0.000717196024701351	20.3913701079795	1
12.125	1.25	0.999340907521781	0.796351756613752	-0.000935519836700769	20.1924208382495	1
12.375	1.25	0.999611896266863	0.796903487145222	-0.00104513185845981	19.9932817230581	1
12.625	1.25	0.999737077488202	0.797363360664569	-0.00107810708156119	19.7940015965871	1
12.875	1.25	0.999795489292078	0.797750764112921	-0.00105949035573392	19.5946110047656	1
13.125	1.25	0.999825811849424	0.798079868452013	-0.00100807020682362	19.3951302300908	1
13.375	1.25	0.99984557686809	0.798361204822039	-0.000937475737225343	19.1955737503438	1
13.625	1.25	0.999861863076974	0.798602769238329	-0.000857287330464774	18.9959526541824	1
13.875	1.25	0.999876989476052	0.798810781372869	-0.000774020970729024	18.7962759229732	1
14.125	1.25	0.999891372104814	0.798990198788178	-0.000691939072110925	18.5965511055619	1
14.375	1.25	0.999904842276748	0.799145062986756	-0.000613687752348087	18.3967846805487	1
14.625	1.25	0.999917177809109	0.799278732323933	-0.00054078121119244	18.1969822641192	1
14.875	1.25	0.999928263884754	0.799394040149056	-0.00047396048869434	17.9971487440751	1
15.125	1.25	0.999938101631386	0.799493404157576	-0.000413453506205203	17.7972883787358	1
15.375	1.25	0.999946769659895	0.799578904120758	-0.000359159930771338	17.5974048778717	1
15.625	1.25	0.999954383142321	0.799652339077484	-0.000310780142583511	17.3975014725927	1
15.875	1.25	0.99996106484694	0.799715271012058	-0.0002679034417632	17.1975809767494	1
16.125	1.25	0.999966929280821	0.799769059410517	-0.000230067030882081	16.9976458408353	1
16.375	1.25	0.99997207651648	0.799814889422213	-0.000196794371606231	16.7976981990022	1
16.625	1.25	0.999976591696381	0.799853795332366	-0.00016761920818344	16.5977399098238	1
16.875	1.25	0.999980547113025	0.799886680437598	-0.000142099792902623	16.3977725915198	1
17.125	1.25	0.999984004938089	0.799914334048663	-0.00011982653735666	16.1977976523817	1
17.375	1.25	0.999987019639539	0.799937446130813	-0.000100425349373698	15.9978163171037	1
17.625	1.25	0.99998963975944	0.799956619963702	-8.35582200810025e-05	15.7978296496454	1
17.875	1.25	0.999991909067768	0.7999723831147	-6.89221286334844e-05	15.5978385731517	1
18.125	1.25	0.999993867246635	0.799985196970542	-5.62469809856842e-05	15.3978438873685	1
18.375	1.25	0.999995550282044	0.799995465029928	-4.52930548129967e-05	15.1978462839061	1
18.625	1.25	0.99999699070682	0.800003540125988	-3.5848255236053e-05	14.9978463596392	1
18.875	1.25	0.999998217790069	0.800009730726177	-2.77253702228466e-05	14.7978446284824	1
19.125	1.25	0.999999257725282	0.800014306433626	-2.07594392538325e-05	14.5978415317416	1
19.375	1.25	1.00000013383698	0.800017502794572	-1.48052975362342e-05	14.3978374472116	1
19.625	1.25	1.00000086680685	0.800019525503938	-9.73532443634712e-06	14.1978326971716	1
19.875	1.25	1.00000147491153	0.800020554086995	-5.43740556839544e-06	13.9978275554062	1
20.125	1.25	1.00000197426125	0.800020745124961	-1.81310678212891e-06	13.7978222533719	1
20.375	1.25	1.00000237903062	0.800020235081534	1.22395516377214e-06	13.5978169856077	1
20.625	1.25	1.00000270167513	0.800019142782739	3.74955708293152e-06	13.3978119144832	1
20.875	1.25	1.00000295312934	0.800017571592508	5.83014634480381e-06	13.1978071743636	1
21.125	1.25	1.00000314298575	0.800015611321249	7.5239669531702e-06	12.9978028752615	1
21.375	1.25	1.00000327965371	0.800013339902576	8.88205050519957e-06	12.7977991060385	1
21.625	1.25	1.0000033705001	0.800010824866337	9.94908747185204e-06	12.5977959372117	1
21.875	1.25	1.00000342197319	0.800008124632894	1.07641926131636e-05	12.3977934234115	1
22.125	1.25	1.00000343971186	0.800005289651351	1.13615770376099e-05	12.1977916055338	1
22.375	1.25	1.00000342864119	0.800002363401511	1.17711377019607e-05	11.9977905126238	1
22.625	1.25	1.00000339305706	0.799999383274389	1.20189742101147e-05	11.7977901635219	1
22.875	1.25	1.00000333670014	0.799996381347217	1.21278424700969e-05	11.597790568302	1
23.125	1.25	1.00000326282103	0.799993385067347	1.21175521249287e-05	11.3977917295267	1
23.375	1.25	1.00000317423781	0.799990417855208	1.20053148242214e-05	11.1977936433395	1
23.625	1.25	1.0000030733867	0.799987499634366	1.18060494875215e-05	10.9977963004156	1
23.875	1.25	1.00000296236663	0.799984647300932	1.15326490771278e-05	10.7977996867859	1
24.125	1.25	1.00000284297834	0.79998187513872	1.11962138253726e-05	10.5978037845508	1
24.375	1.25	1.00000271675883	0.799979195184739	1.08062547683526e-05	10.3978085724945	1
24.625	1.25	1.00000258501123	0.799976617553945	1.03708706953389e-05	10.1978140266137	1
24.875	1.25	1.00000244883094	0.799974150728864	9.89690167493313e-06	9.99782012056843	1
25.125	1.25	1.00000230912893	0.799971801816429	9.39006134666528e-06	9.79782682606442	1
25.375	1.25	1.00000216665172	0.799969576776098	8.855050110474e-06	9.5978341131745	1
25.625	1.25	1.00000202199856	0.79996748062591	8.29565066108296e-06	9.39784195060578	1
25.875	1.25	1.00000187563657	0.799965517628754	7.71480769297956e-06	9.19785030591734	1
26.125	1.25	1.00000172791347	0.799963691460213	7.11469274880125e-06	8.99785914569386	1
26.375	1.25	1.00000157906795	0.799962005362928	6.4967540994605e-06	8.79786843567909	1
26.625	1.25	1.00000142923741	0.799960462289922	5.86175295989271e-06	8.59787814087227	1
26.875	1.25	1.00000127846326	0.799959065038889	5.2097852697818e-06	8.39788822559052	1
27.125	1.25	1.00000112669398	0.799957816379376	4.54028916736979e-06	8.19789865349926	1
27.375	1.25	1.00000097378608	0.799956719176664	3.85203724553083e-06	7.99790938761248	1
27.625	1.25	1.00000081950584	0.799955776515778	3.14311109084112e-06	7.79792039026292	1
27.875	1.25	1.00000066353494	0.79995499182484	2.41085691977437e-06	7.59793162304175	1
28.125	1.25	1.00000050548265	0.799954369001315	1.65181795052541e-06	7.39794304670657	1
28.375	1.25	1.00000034490516	0.799953912544473	8.61639450337312e-07	7.19795462105478	1
28.625	1.25	1.00000018132641	0.799953627695408	3.4941444213123e-08	6.99796630475957	1
28.875	1.25	1.00000001424339	0.799953520587463	-8.34847536809231e-07	6.79797805516711	1
29.125	1.25	0.999999843083895	0.799953598410418	-1.75570250003161e-06	6.59798982805759	1
29.375	1.25	0.999999667077856	0.799953869597634	-2.73726932153455e-06	6.39800157737901	1
29.625	1.25	0.999999485017264	0.799954344045853	-3.79119931045141e-06	6.19801325496616	1
29.875	1.25	0.999999294930957	0.799955033376027	-4.9315717760579e-06	5.99802481025745	1
30.125	1.25	0.99999909380757	0.799955951248635	-6.17544727300908e-06	5.79803619000532	1
30.375	1.25	0.999998877644987	0.799957113723506	-7.54361488837473e-06	5.59804733793261	1
30.625	1.25	0.9999986422236	0.799958539634086	-9.06163781145576e-06	5.39805819422658	1
30.875	1.25	0.999998384965786	0.799960250915313	-1.07613396646214e-05	5.19806869468617	1
31.125	1.25	0.999998107849556	0.799962272776476	-1.26828762241868e-05	4.99807876931284	1
31.375	1.25	0.999997820432406	0.799964633625327	-1.48775052257738e-05	4.79808834024326	1
31.625	1.25	0.999997540627533	0.799967364699682	-1.7411036696219e-05	4.59809731925393	1
31.875	1.25	0.999997289421702	0.799970499504061	-2.036774496319e-05	4.39810560570145	1
32.125	1.25	0.999997075389401	0.799974073374095	-2.38543698467469e-05	4.19811308657478	1
32.375	1.25	0.999996867453238	0.799978123588899	-2.80039588593977e-05	3.99811964094898	1
32.625	1.25	0.999996561777843	0.799982690144982	-3.29801693969199e-05	3.79812515080897	1
32.875	1.25	0.999995961512366	0.79998781609397	-3.8984797092537e-05	3.59812951797997	1
33.125	1.25	0.999994803159587	0.799993543645771	-4.62750317937168e-05	3.39813268209294	1
33.375	1.25	0.999992871340952	0.799999897783029	-5.52017606113339e-05	3.19813462774409	1
33.625	1.25	0.999990228555575	0.800006843450724	-6.62838933336949e-05	2.99813536348832	1
33.875	1.25	0.99998752956879	0.800014197338826	-8.03313501464369e-05	2.79813485779136	1
34.125	1.25	0.999986282434374	0.800021474244425	-9.86135909765736e-05	2.59813293716412	1
34.375	1.25	0.999988781664055	0.800027654925279	-0.000123033417691426	2.39812919780739	1
34.625	1.25	0.999997349420459	0.800030878772169	-0.000156204319567576	2.19812305282552	1
34.875	1.25	1.00001261520187	0.800028084435466	-0.000201255428196636	1.99811410950843	1
35.125	1.25	1.00003100482603	0.800014625476709	-0.000261137605158679	1.79810309201794	1
35.375	1.25	1.0000424662881	0.799983840630113	-0.000337238374642627	1.59809341676875	1
35.625	1.25	1.00003051384965	0.799926426679212	-0.000427284952149488	1.39809322791645	1
35.875	1.25	0.999977196183038	0.799829281192213	-0.000522754694853011	1.19811723803334	1
36.125	1.25	0.999874320633199	0.799673566815963	-0.000605869644955466	0.998187306238311	1
36.375	1.25	0.999737892877219	0.799433262561537	-0.000644370907968489	0.79833070436345	1
36.625	1.25	0.999615436626681	0.799081936585389	-0.000575478143502562	0.598575619240824	1
36.875	1.25	0.999569938262917	0.798636488814927	-0.00025238885285434	0.398943157926653	1
37.125	1.25	0.999630482050459	0.798316752907465	0.00071385329261635	0.199427581797824	1
37.375	1.25	0.999732842376692	0.399279353601762	0.00337018372879527	-7.12193405319082e-05	1
0.125	1.75	0.00047132559716869	0.79984862436002	-0.0011876540081849	22.8298744467581	1
0.375	1.75	0.000471707362289874	0.800147601423877	-0.00124344007176526	22.8297586486323	1
0.625	1.75	0.000472432892125209	0.800285421882053	-0.00135856897551147	22.8296053617072	1
0.875	1.75	0.000473248695500319	0.800416872486728	-0.00142128845173742	22.8294168938253	1
1.125	1.75	0.000473519622716823	0.800545922680724	-0.001331473578546	22.8291946758638	1
1.375	1.75	0.000472113612242779	0.800675666383282	-0.0010010429161386	22.8289394577641	1
1.625	1.75	0.000467406588048985	0.800809385977101	-0.000411372852423589	22.8286514283061	1
1.875	1.75	0.00045748857473452	0.800943568194609	0.000315416195507255	22.8283299771484	1
2.125	1.75	0.000440637681469541	0.801048574313836	0.000897511537511844	22.8279776601323	1
2.375	1.75	0.000416084475381284	0.80107129196274	0.00101602095684402	22.8276100968082	1
2.625	1.75	0.000385024397498819	0.801003083859955	0.000600294434346416	22.8272579254215	1
2.875	1.75	0.000351775597772742	0.800941819293761	4.13082287356641e-06	22.8269399912791	1
3.125	1.75	0.000324953533747702	0.801007094383854	-0.00033591105935428	22.8266323008518	1
3.375	1.75	0.000318543104439266	0.801200206010555	-0.000305079164816555	22.826285243727	1
3.625	1.75	0.000352754808876771	0.801416504700596	4.48922614875678e-06	22.8258647010056	1
3.875	1.75	0.000454522145825443	0.801560587884544	0.000483601353371972	22.825363195339	1
4.125	1.75	0.000657444779054233	0.801602680396437	0.00104593854590043	22.8247821642561	1
4.375	1.75	0.00100094224033357	0.801551069815317	0.00163043381459904	22.8241138685021	1
4.625	1.75	0.00152843339164963	0.801406421037583	0.00219780740413738	22.8233375288029	1
4.875	1.75	0.00228463642927263	0.801142202224407	0.00272111312302393	22.8224248083881	1
5.125	1.75	0.00331267627092845	0.800707285217191	0.00317462283004372	22.8213460541962	1
5.375	1.75	0.00465248472973872	0.800033514618836	0.00352679199970911	22.8200733673058	1
5.625	1.75	0.00634284527505285	0.79904085932245	0.00373942451745926	22.8185794112313	1
5.875	1.75	0.00843046917861622	0.797641650848436	0.00377185612539876	22.8168302747736	1
6.125	1.75	0.0109910184445768	0.795747567386471	0.00358844412990252	22.8147686809658	1
6.375	1.75	0.0141694162112257	0.793281872383684	0.00316818372901234	22.8122817823155	1
6.625	1.75	0.0182505558328781	0.790197690538255	0.00251529603060966	22.8091461415569	1
6.875	1.75	0.0237769366305632	0.786500982763217	0.00166885721286592	22.8049417073134	1
7.125	1.75	0.0317358631751897	0.782273545869922	0.000708346166289597	22.7989279222598	1
7.375	1.75	0.0438399232297834	0.777686395377256	-0.000248864644316829	22.7898812730404	1
7.625	1.75	0.0629015937741679	0.772988528871984	-0.00106159998608391	22.775909333155	1
7.875	1.75	0.0932098768275221	0.768455796855723	-0.0015917138478029	22.7542879315055	1
8.125	1.75	0.140577947992728	0.764304152834218	-0.0017410157034579	22.7214186988729	1
8.375	1.75	0.211329590698891	0.760633260509351	-0.00149130702840963	22.6730590286625	1
8.625	1.75	0.309314346782434	0.757545265310343	-0.000934179264629857	22.6049750934034	1
8.875	1.75	0.431281142001553	0.755478152149441	-0.000266931891627669	22.5140014875178	1
9.125	1.75	0.564264888486967	0.755319737265904	0.000268971635284383	22.3991245251916	1
9.375	1.75	0.689871198277429	0.757761158587705	0.000491104777166433	22.2619267674937	1
9.625	1.75	0.79352083472507	0.762498857917958	0.000351131465424247	22.1060183778232	1
9.875	1.75	0.86997358542126	0.768406271486696	-7.24785176122114e-05	21.9358279690117	1
10.125	1.75	0.921739241102703	0.774342009694392	-0.000641283000681793	21.7555050333561	1
10.375	1.75	0.954644820085675	0.779620610532305	-0.00122350287646382	21.5683576583405	1
10.625	1.75	0.974588865194119	0.783996519272548	-0.00172806021903888	21.3767667947461	1
10.875	1.75	0.986218112118812	0.787481785718855	-0.00210901955067984	21.1823385863494	1
11.125	1.75	0.992766263103184	0.790196847133051	-0.00235538327505695	20.986113075789	1
11.375	1.75	0.996326553623383	0.792288440470256	-0.00247775993614178	20.7887466429717	1
11.625	1.75	0.998190186828437	0.793893460765014	-0.00249728737559809	20.590647176619	1
11.875	1.75	0.999124371199229	0.795126637382681	-0.00243816048083608	20.3920662791567	1
12.125	1.75	0.999569635831794	0.796078923589039	-0.00232332933384127	20.1931592339174	1
12.375	1.75	0.99977001036657	0.796820100472157	-0.00217244995658017	19.9940228074346	1
12.625	1.75	0.999855165514042	0.797402620663645	-0.00200123646252841	19.7947185324081	1
12.875	1.75	0.999890523445607	0.79786541606876	-0.00182158663363862	19.5952867774981	1
13.125	1.75	0.999906883018577	0.798237185765935	-0.00164207160501252	19.3957551144679	1
13.375	1.75	0.999917345720339	0.798539041933672	-0.00146854681139218	19.196143233206	1
13.625	1.75	0.999926597626408	0.798786548704338	-0.00130475347342983	18.9964658109616	1
13.875	1.75	0.999935738479635	0.798991247580386	-0.00115284938907621	18.7967341934306	1
14.125	1.75	0.999944618120298	0.79916177509016	-0.00101384784220142	18.5969573977234	1
14.375	1.75	0.999952847583336	0.799304669682185	-0.00088796466433587	18.3971427326242	1
14.625	1.75	0.999960153866551	0.799424948594789	-0.000774883413956819	18.1972962026861	1
14.875	1.75	0.999966443198586	0.799526518038683	-0.000673952196654697	17.9974227877156	1
15.125	1.75	0.999971758639759	0.799612464449631	-0.000584325843525282	17.797526647048	1
15.375	1.75	0.99997621741183	0.799685261772951	-0.00050506580177031	17.5976112751922	1
15.625	1.75	0.999979960512264	0.799746919826989	-0.000435208142163882	17.3976796235364	1
15.875	1.75	0.999983121907698	0.799799091418704	-0.000373808072486072	17.197734196813	1
16.125	1.75	0.999985814363324	0.799843150533929	-0.000319967517705107	16.9977771300277	1
16.375	1.75	0.999988126235082	0.799880250144765	-0.000272850769513675	16.797810250008	1
16.625	1.75	0.999990124066264	0.799911365550395	-0.000231691937548067	16.5978351248117	1
16.875	1.75	0.999991857365579	0.799937327341414	-0.000195796936798121	16.3978531035963	1
17.125	1.75	0.999993363463974	0.799958846842335	-0.000164541975664992	16.1978653490399	1
17.375	1.75	0.999994671490416	0.799976536035762	-0.000137369924038691	15.9978728639611	1
17.625	1.75	0.999995805217765	0.799990923382145	-0.000113785516749956	15.797876513418	1
17.875	1.75	0.999996784895069	0.800002466550597	-9.33500313402896e-05	15.5978770432591	1
18.125	1.75	0.99999762832124	0.80001156279588	-7.56758552417699e-05	15.397875095857	1
18.375	1.75	0.999998351421168	0.800018557512691	-6.0421203862057e-05	15.197871223571	1
18.625	1.75	0.999998968534051	0.800023751364628	-4.72851417304921e-05	14.9978659003485	1
18.875	1.75	0.999999492560142	0.800027406283439	-3.60029845732208e-05	14.7978595317762	1
19.125	1.75	0.999999935053306	0.800029750556303	-2.63421165450577e-05	14.5978524638211	1
19.375	1.75	1.00000030630306	0.800030983172689	-1.80982245137867e-05	14.3978449904524	1
19.625	1.75	1.00000061542417	0.800031277561018	-1.10919316430755e-05	14.1978373603	1
19.875	1.75	1.00000087045586	0.800030784813897	-5.16580775991947e-06	13.9978297824772	1
20.125	1.75	1.00000107846618	0.800029636486055	-1.81722604248772e-07	13.7978224316777	1
20.375	1.75	1.00000124565653	0.800027947029396	3.98149067532991e-06	13.5978154526387	1
20.625	1.75	1.00000137746189	0.800025815915405	7.43009284957154e-06	13.3978089640502	1
20.875	1.75	1.0000014786426	0.80002332949102	1.02572470533483e-05	13.1978030619806	1
21.125	1.75	1.00000155336696	0.800020562603926	1.25446080424062e-05	12.9977978228778	1
21.375	1.75	1.00000160528438	0.800017580027092	1.43637170746836e-05	12.797793306199	1
21.625	1.75	1.00000163758909	0.800014437709136	1.57772256475784e-05	12.5977895567137	1
21.875	1.75	1.00000165307543	0.800011183874113	1.68399692186445e-05	12.397786606521	1
22.125	1.75	1.00000165418665	0.800007859987915	1.75999090365923e-05	12.1977844768141	1
22.375	1.75	1.00000164305675	0.800004501608356	1.80989580745937e-05	11.9977831794243	1
22.625	1.75	1.00000162154735	0.800001139134225	1.83737050480301e-05	11.7977827181693	1
22.875	1.75	1.00000159127987	0.799997798465105	1.8456049793201e-05	11.5977830900299	1
23.125	1.75	1.00000155366384	0.799994501582204	1.83737605730631e-05	11.3977842861761	1
23.375	1.75	1.0000015099217	0.799991267062025	1.81509620875304e-05	11.1977862928589	1
23.625	1.75	1.00000146111087	0.799988110528591	1.78085635381562e-05	10.9977890921846	1
23.875	1.75	1.0000014081433	0.799985045052467	1.736463344325e-05	10.7977926627855	1
24.125	1.75	1.00000135180239	0.799982081503868	1.6834727272775e-05	10.5977969803985	1
24.375	1.75	1.00000129275777	0.799979228864536	1.62321738429649e-05	10.3978020183633	1
24.625	1.75	1.0000012315786	0.799976494503946	1.55683249722663e-05	10.1978077480476	1
24.875	1.75	1.00000116874498	0.799973884423746	1.48527723052163e-05	9.99781413921019	1
25.125	1.75	1.00000110465823	0.799971403474937	1.40935344601745e-05	9.797821160307	1
25.375	1.75	1.00000103964984	0.799969055550551	1.32972183443759e-05	9.59782877874708	1
25.625	1.75	1.00000097398918	0.799966843757436	1.24691564189592e-05	9.39783696110447	1
25.875	1.75	1.00000090789068	0.799964770570213	1.16135214448287e-05	9.19784567329009	1
26.125	1.75	1.0000008415197	0.799962837968504	1.07334216818274e-05	8.997854880688	1
26.375	1.75	1.00000077499736	0.799961047561646	9.8309761685498e-06	8.79786454826005	1
26.625	1.75	1.0000007084044	0.799959400701146	8.90737169455552e-06	8.59787464062106	1
26.875	1.75	1.00000064178336	0.799957898582361	7.96290165429385e-06	8.39788512208869	1
27.125	1.75	1.00000057513961	0.799956542339202	6.99698626321919e-06	8.19789595670925	1
27.375	1.75	1.00000050844136	0.799955333130952	6.00817445364906e-06	7.99790710826195	1
27.625	1.75	1.00000044162131	0.79995427222367	4.99412441915968e-06	7.79791854024299	1
27.875	1.75	1.00000037458211	0.799953361065662	3.95156178681056e-06	7.59793021582992	1
28.125	1.75	1.00000030720859	0.799952601357499	2.87621198635596e-06	7.39794209782724	1
28.375	1.75	1.00000023938857	0.799951995117254	1.76270209753045e-06	7.19795414859218	1
28.625	1.75	1.00000017103846	0.799951544737816	6.04427919021208e-07	6.99796632994085	1
28.875	1.75	1.00000010212032	0.799951253035947	-6.0662004737615e-07	6.79797860303689	1
29.125	1.75	1.00000003262419	0.799951123290582	-1.88007630073357e-06	6.59799092826838	1
29.375	1.75	0.999999962480606	0.799951159269847	-3.22747198501083e-06	6.39800326512608	1
29.625	1.75	0.999999891376829	0.799951365248282	-4.66256858848845e-06	6.19801557210206	1
29.875	1.75	0.999999818487395	0.799951746005997	-6.20176620542753e-06	5.99802780663073	1
30.125	1.75	0.999999742214646	0.799952306805993	-7.86462078148339e-06	5.79803992508903	1
30.375	1.75	0.999999660162675	0.799953053322395	-9.6745284626381e-06	5.59805188284098	1
30.625	1.75	0.999999569682195	0.799953991452099	-1.16596656009974e-05	5.39806363426991	1
30.875	1.75	0.999999469337366	0.799955126917935	-1.38543151155796e-05	5.19807513268676	1
31.125	1.75	0.999999361389598	0.799956464506119	-1.63007032065508e-05	4.99808632997484	1
31.375	1.75	0.999999254715637	0.799958006755428	-1.90514061352276e-05	4.79809717591388	1
31.625	1.75	0.999999166459818	0.799959751954602	-2.21722217390578e-05	4.59810761738072	1
31.875	1.75	0.999999119453249	0.799961691391982	-2.57451041403957e-05	4.39811759812464	1
32.125	1.75	0.999999131828732	0.799963805972245	-2.98704525416292e-05	4.19812706050882	1
32.375	1.75	0.999999196671689	0.799966062425357	-3.46679464658468e-05	3.99813595123119	1
32.625	1.75	0.999999254479865	0.799968409094699	-4.02756210051131e-05	3.79814423307361	1
32.875	1.75	0.999999170320464	0.799970770301767	-4.68484847475593e-05	3.59815190347365	1
33.125	1.75	0.999998739071619	0.799973036061923	-5.45609381188114e-05	3.39815901762206	1
33.375	1.75	0.999997750024512	0.7999750402428	-6.36209537980617e-05	3.19816570915118	1
33.625	1.75	0.999996135763513	0.799976515749155	-7.43062333012873e-05	2.99817219727255	1
33.875	1.75	0.99999419715904	0.799977012068528	-8.70288829430843e-05	2.7981787696509	1
34.125	1.75	0.999992830157785	0.799975762463348	-0.000102419154138553	2.59818574120011	1
34.375	1.75	0.999993593685215	0.79997150068699	-0.000121384565913875	2.39819341495228	1
34.625	1.75	0.999998396690267	0.799962255210056	-0.000145048351362278	2.19820210993804	1
34.875	1.75	1.00000862563004	0.799945192925927	-0.000174414949513821	1.9982123564773	1
35.125	1.75	1.00002376792493	0.799916635451581	-0.000209586234983679	1.79822535720054	1
35.375	1.75	1.0000400352965	0.799872409070043	-0.000248416092097526	1.59824372659968	1
35.625	1.75	1.0000500091777	0.799808691792312	-0.000284694674902046	1.39827232039519	1
35.875	1.75	1.00004452676842	0.799723490913111	-0.000306288725050748	1.19831867313245	1
36.125	1.75	1.00001732859609	0.799618904506091	-0.000293991289472416	0.998392302160495	1
36.375	1.75	0.999971014643779	0.799504594655134	-0.000221886896241176	0.798502121455225	1
36.625	1.75	0.999920142818092	0.799403616544422	-5.97659876334569e-05	0.598651612664286	1
36.875	1.75	0.999886058241704	0.799362170571172	0.000221041216192296	0.398832121865891	1
37.125	1.75	0.999881830138127	0.799455038223626	0.000628897698519876	0.199015336454482	1
37.375	1.75	0.999896208236859	0.399847882668431	0.00108213906784074	-0.000849835037955586	1
0.125	2.25	0.000467422980556993	0.799834786409396	-0.00132510265318494	22.8297059592527	1
0.375	2.25	0.000467799931125471	0.800092515216206	-0.00148557174849033	22.8295988852431	1
0.625	2.25	0.000468515788641319	0.800185870794144	-0.00158668430143714	22.8294669645359	1
0.875	2.25	0.000469318381969405	0.800280762202375	-0.00165419231101481	22.8293102474129	1
1.125	2.25	0.000469575370134525	0.80038238802551	-0.00159643282067568	22.8291281654785	1
1.375	2.25	0.000468157419324	0.800497151343517	-0.00134600199474844	22.8289185804562	1
1.625	2.25	0.000463439374240842	0.800626865428566	-0.000919122880230955	22.8286781733338	1
1.875	2.25	0.000453500470216304	0.800758974941078	-0.000443998084270538	22.8284044578959	1
2.125	2.25	0.000436591053277732	0.800858736235445	-0.000119358202540605	22.8281012213236	1
2.375	2.25	0.00041188965357391	0.800887656915023	-0.000107008854713133	22.8277844253419	1
2.625	2.25	0.000380508729893448	0.800853356634397	-0.000432332410771878	22.8274776266606	1
2.875	2.25	0.000346645392316181	0.800831257258531	-0.000906104010881401	22.827191406945	1
3.125	2.25	0.000318745747130093	0.800901411166808	-0.00116466008416722	22.8269069014309	1
3.375	2.25	0.000310561163089404	0.801067750275983	-0.000973678268330858	22.8265873901671	1
3.625	2.25	0.000341983974605647	0.801263139216917	-0.000400698522355128	22.8262031743502	1
3.875	2.25	0.000439525757230347	0.801417913974489	0.000339939579366408	22.8257405141162	1
4.125	2.25	0.000636252135666574	0.80150256271275	0.0010964817703911	22.8251918337102	1
4.375	2.25	0.000970948266748236	0.801515639196678	0.00184410945945946	22.8245430408973	1
4.625	2.25	0.00148632880907156	0.801451515599297	0.00262374699584251	22.8237696692384	1
4.875	2.25	0.00222636031346915	0.801282568935106	0.00347611708266067	22.8228406450015	1
5.125	2.25	0.00323333498874853	0.800958733649561	0.00442017611749316	22.8217235805105	1
5.375	2.25	0.00454613874131104	0.800413005447684	0.00545652560858678	22.8203878253214	1
5.625	2.25	0.00620203530239634	0.799566413895479	0.00657237679757996	22.8188036428549	1
5.875	2.25	0.00824530920723752	0.798332906588062	0.00774122367067823	22.8169355214588	1
6.125	2.25	0.0107475989113795	0.796626886444143	0.00891897470705259	22.8147259194061	1
6.375	2.25	0.0138471251056485	0.794375513825268	0.0100392357016708	22.8120638232082	1
6.625	2.25	0.0178177287076113	0.791536405125162	0.011009802280685	22.8087308526267	1
6.875	2.25	0.0231839907619442	0.788119295957528	0.0117124693076557	22.8043167821203	1
7.125	2.25	0.0309048505267276	0.784206974154261	0.0120085838359915	22.7980975317129	1
7.375	2.25	0.0426496737092477	0.779966005654602	0.011752455031105	22.7888745756706	1
7.625	2.25	0.0611695971507289	0.775632709128459	0.0108133997136458	22.774789953799	1
7.875	2.25	0.0906786749182225	0.77145983947773	0.00910555006391249	22.7531618441913	1
8.125	2.25	0.136929053424058	0.76762884628578	0.00662406859583905	22.7204353775818	1
8.375	2.25	0.206268944555595	0.764193394096922	0.00348605601945098	22.6723982957196	1
8.625	2.25	0.302766806290206	0.761199657968953	-3.45999786581139e-05	22.6048134274812	1
8.875	2.25	0.423624704323434	0.759033180842846	-0.00351498848028704	22.5144620996115	1
9.125	2.25	0.55635346797289	0.758573221666861	-0.00648231828330957	22.4002338054525	1
9.375	2.25	0.68267073110589	0.760581738565625	-0.0085864778291254	22.2636067413157	1
9.625	2.25	0.787648814574659	0.764868303403646	-0.00972478093348173	22.1081218878718	1
9.875	2.25	0.865561238980588	0.77038601750081	-0.0100241958211449	21.9381904785933	1
10.125	2.25	0.918597947435824	0.776016698930945	-0.00972520199114921	21.7579824789513	1
10.375	2.25	0.952478811280233	0.781065696614188	-0.00907033624033292	21.5708410216729	1
10.625	2.25	0.973120614505488	0.785269339432558	-0.00824763940861295	21.3791809477229	1
10.875	2.25	0.985231230092709	0.78862252571349	-0.00738062290654053	21.1846352118271	1
11.125	2.25	0.992106243224438	0.791232074310844	-0.00654022214146301	20.9882632618146	1
11.375	2.25	0.995887696282937	0.793234863551742	-0.0057615646877021	20.7907350323142	1
11.625	2.25	0.997901444863919	0.794761232856177	-0.00505811375255224	20.5924677877009	1
11.875	2.25	0.998938098473303	0.795921964474673	-0.00443147607625657	20.3937195993606	1
12.125	2.25	0.999453648301397	0.796805935849263	-0.00387746358202598	20.1946501762552	1
12.375	2.25	0.999702296278874	0.797482066825699	-0.00338952918028139	19.9953592377309	1
12.625	2.25	0.999820457496624	0.798002648142206	-0.00296056024602879	19.7959101827007	1
12.875	2.25	0.999878098742446	0.798406785497632	-0.00258372412619725	19.5963444342701	1
13.125	2.25	0.999909146235889	0.798723455503606	-0.00225280384731683	19.3966900129145	1
13.375	2.25	0.999928901291413	0.798974020124099	-0.00196228036544961	19.1969666119381	1
13.625	2.25	0.999943627334375	0.799174203376098	-0.00170730204548433	18.997188593972	1
13.875	2.25	0.999955570671843	0.799335598180528	-0.0014836135432208	18.7973667731607	1
14.125	2.25	0.999965420169628	0.79946679007333	-0.00128747798296347	18.5975094975815	1
14.375	2.25	0.999973400498124	0.799574181976488	-0.00111560615213003	18.3976233307255	1
14.625	2.25	0.999979684118655	0.799662592790607	-0.000965096584417032	18.1977135015253	1
14.875	2.25	0.999984496177291	0.799735688659585	-0.000833386117719929	17.997784217151	1
15.125	2.25	0.999988103462889	0.799796292454378	-0.00071820905046066	17.7978388903944	1
15.375	2.25	0.999990775872071	0.799846605638691	-0.000617562868802886	17.5978803103894	1
15.625	2.25	0.999992754752152	0.799888367582741	-0.000529678856542449	17.3979107732363	1
15.875	2.25	0.999994236586596	0.799922970397585	-0.000452996363528064	17.1979321828109	1
16.125	2.25	0.999995369915044	0.799951542176477	-0.000386139915389495	16.9979461287587	1
16.375	2.25	0.999996260476032	0.799975007772242	-0.000327898645803749	16.7979539468566	1
16.625	2.25	0.999996979966818	0.79999413354586	-0.000277207737016984	16.5979567657737	1
16.875	2.25	0.999997575266646	0.80000956062101	-0.000233131667532533	16.3979555434259	1
17.125	2.25	0.999998076420894	0.800021829857136	-0.000194849127116825	16.197951095444	1
17.375	2.25	0.999998502755823	0.800031400811368	-0.000161639485513184	15.997944117703	1
17.625	2.25	0.999998867141017	0.800038666307106	-0.000132870708748917	15.7979352043932	1
17.875	2.25	0.999999178724297	0.800043963773392	-0.000107988613152301	15.5979248627346	1
18.125	2.25	0.999999444552094	0.800047584186083	-8.65073476473632e-05	15.3979135251376	1
18.375	2.25	0.999999670451958	0.800049779211087	-6.8000992942532e-05	15.1979015593915	1
18.625	2.25	0.999999861471214	0.800050766992059	-5.20961652738816e-05	14.9978892773046	1
18.875	2.25	1.00000002207567	0.800050736899126	-3.84655196017618e-05	14.7978769420964	1
19.125	2.25	1.0000001562344	0.800049853469534	-2.6822052714825e-05	14.5978647747701	1
19.375	2.25	1.00000026746055	0.800048259717276	-1.69141119687664e-05	14.3978529596342	1
19.625	2.25	1.00000035884282	0.800046079938446	-8.52102713879737e-06	14.1978416491042	1
19.875	2.25	1.0000004330792	0.800043422105729	-1.44928853768109e-06	13.9978309678895	1
20.125	2.25	1.00000049251519	0.800040379931186	4.47079675111356e-06	13.7978210166512	1
20.375	2.25	1.00000053918485	0.800037034651102	9.38803000389678e-06	13.5978118752009	1
20.625	2.25	1.00000057485115	0.800033456575643	1.34328791460879e-05	13.3978036053003	1
20.875	2.25	1.00000060104296	0.800029706442735	1.67197177940044e-05	13.1977962531136	1
21.125	2.25	1.00000061908838	0.80002583660257	1.93487858201942e-05	12.9977898513548	1
21.375	2.25	1.00000063014301	0.800021892055507	2.14079050739537e-05	12.7977844211691	1
21.625	2.25	1.0000006352138	0.80001791136502	2.29739824909917e-05	12.5977799737806	1
21.875	2.25	1.00000063517894	0.800013927461485	2.41143279131711e-05	12.397776511933	1
22.125	2.25	1.00000063080513	0.800009968349439	2.48878085853501e-05	12.1977740311513	1
22.375	2.25	1.00000062276124	0.800006057731515	2.53458615227834e-05	11.997772520842	1
22.625	2.25	1.00000061163044	0.800002215558695	2.55333816122145e-05	11.7977719652545	1
22.875	2.25	1.00000059792058	0.799998458516542	2.54895006698766e-05	11.5977723443172	1
23.125	2.25	1.00000058207314	0.799994800453777	2.52482711236953e-05	11.3977736343652	1
23.375	2.25	1.00000056447098	0.799991252761744	2.48392654766391e-05	11.1977758087702	1
23.625	2.25	1.00000054544537	0.799987824708598	2.42881020901869e-05	10.997778838486	1
23.875	2.25	1.00000052528226	0.799984523734816	2.36169061714534e-05	10.7977826925176	1
24.125	2.25	1.00000050422752	0.799981355715115	2.28447136308612e-05	10.5977873383251	1
24.375	2.25	1.00000048249152	0.799978325188858	2.19878243358812e-05	10.3977927421666	1
24.625	2.25	1.00000046025345	0.799975435563658	2.10601102032684e-05	10.1977988693914	1
24.875	2.25	1.0000004376649	0.799972689295658	2.00732838870458e-05	9.99780568468544	1
25.125	2.25	1.00000041485317	0.799970088049213	1.90371317220727e-05	9.79781315227726	1
25.375	2.25	1.00000039192436	0.799967632837121	1.79597146229398e-05	9.5978212361073	1
25.625	2.25	1.00000036896587	0.799965324143659	1.68475405456533e-05	9.39782989996602	1
25.875	2.25	1.00000034604886	0.799963162035433	1.57057099548115e-05	9.19783910760406	1
26.125	2.25	1.00000032323057	0.799961146257419	1.45380379760322e-05	8.99784882281711	1
26.375	2.25	1.00000030055586	0.799959276316873	1.3347153580279e-05	8.79785900950975	1
26.625	2.25	1.00000027805853	0.799957551558088	1.21345770097339e-05	8.59786963173997	1
26.875	2.25	1.00000025576146	0.799955971226314	1.09007779072403e-05	8.39788065374714	1
27.125	2.25	1.00000023367629	0.799954534523071	9.64521227818624e-06	8.19789203996621	1
27.375	2.25	1.00000021180252	0.799953240651739	8.36633968898276e-06	7.99790375502973	1
27.625	2.25	1.00000019012737	0.799952088855003	7.06161932170014e-06	7.79791576376068	1
27.875	2.25	1.00000016862928	0.799951078443032	5.72748344977329e-06	7.59792803115687	1
28.125	2.25	1.00000014728723	0.799950208808792	4.35928651947809e-06	7.3979405223693	1
28.375	2.25	1.00000012609839	0.799949479430567	2.95122578968346e-06	7.19795320267606	1
28.625	2.25	1.00000010510212	0.799948889857028	1.49623166433941e-06	6.99796603745347	1
28.875	2.25	1.00000008440087	0.799948439670581	-1.41765730763766e-08	6.79797899214924	1
29.125	2.25	1.00000006415857	0.799948128423619	-1.59007207051279e-06	6.59799203226521	1
29.375	2.25	1.00000004454597	0.799947955539376	-3.24333778880186e-06	6.39800512336463	1
29.625	2.25	1.00000002560492	0.799947920176569	-4.98792436606772e-06	6.19801823112691	1
29.875	2.25	1.00000000702897	0.799948021043305	-6.84015137213687e-06	5.99803132147554	1
30.125	2.25	0.999999987916224	0.799948256142528	-8.81906571508706e-06	5.79804436080905	1
30.375	2.25	0.999999966653507	0.79994862242441	-1.09468974566259e-05	5.59805731634583	1
30.625	2.25	0.999999941196692	0.799949115273449	-1.32496717857611e-05	5.3980701565634	1
30.875	2.25	0.999999910059616	0.799949727730476	-1.57580659326422e-05	5.19808285167617	1
31.125	2.25	0.999999874194627	0.799950449304413	-1.85085997928196e-05	4.99809537406537	1
31.375	2.25	0.99999983950727	0.799951264184912	-2.15451705994496e-05	4.79810769861662	1
31.625	2.25	0.999999818943753	0.799952148699843	-2.49207699268126e-05	4.59811980308684	1
31.875	2.25	0.999999832074711	0.799953067956811	-2.86989181975427e-05	4.39813166896334	1
32.125	2.25	0.999999899370504	0.799953971775096	-3.29539730374517e-05	4.19814328378633	1
32.375	2.25	1.00000002882939	0.799954790218227	-3.77692125816651e-05	3.99815464642683	1
32.625	2.25	1.0000001953835	0.799955429063139	-4.32317744290241e-05	3.7981657770021	1
32.875	2.25	1.00000031924058	0.799955765068099	-4.94245445973637e-05	3.59817673249376	1
33.125	2.25	1.00000025725459	0.799955639621184	-5.64171754830568e-05	3.39818762727816	1
33.375	2.25	0.99999982821627	0.799954847094055	-6.42611547085007e-05	3.19819865469803	1
33.625	2.25	0.999998892293088	0.799953111474598	-7.2995656780497e-05	2.99821010249814	1
33.875	2.25	0.999997488961808	0.79995004326568	-8.26686754835704e-05	2.79822235369969	1
34.125	2.25	0.999996001946071	0.799945071267182	-9.33674946172243e-05	2.59823586851469	1
34.375	2.25	0.999995269524182	0.799937354844259	-0.000105230842113868	2.39825115472487	1
34.625	2.25	0.999996517186106	0.79992570506448	-0.000118384267881771	2.19826875231833	1
34.875	2.25	1.00000099788945	0.799908577062689	-0.000132713351736499	1.99828927453965	1
35.125	2.25	1.00000932682125	0.799884232205421	-0.000147393639361826	1.79831354457265	1
35.375	2.25	1.00002070383982	0.799851186943732	-0.000160169373573304	1.59834282355511	1
35.625	2.25	1.00003245960925	0.799809036900332	-0.000166543931013245	1.39837903044188	1
35.875	2.25	1.00004046827864	0.799759645668939	-0.000159298277410475	1.19842472849011	1
36.125	2.25	1.00004071459199	0.799708517746739	-0.000128992728366483	0.998482567809155	1
36.375	2.25	1.00003158125977	0.799665968417405	-6.61566272275357e-05	0.798553939944828	1
36.625	2.25	1.00001550865519	0.799647484051817	3.44219329608047e-05	0.598636913337904	1
36.875	2.25	0.999998366751164	0.799672303420699	0.000167459432225174	0.398724063175664	1
37.125	2.25	0.999986104867839	0.799757859305897	0.000309733800815143	0.198801421914204	1
37.375	2.25	0.999980916318495	0.399919828269961	0.000417912950709372	-0.00114947685213486	1
0.125	2.75	0.000456374858546353	0.799831046573032	-0.00139104230883558	22.8295120477426	1
0.375	2.75	0.000456760002997168	0.800051255766861	-0.00163829475152425	22.8294116257906	1
0.625	2.75	0.000457498141522962	0.80010396590159	-0.00176237351082261	22.829298880572	1
0.875	2.75	0.000458346558583093	0.800174139472536	-0.00185450337864907	22.8291695811325	1
1.125	2.75	0.000458681979548188	0.8002655785261	-0.00183251025008585	22.8290192374564	1
1.375	2.75	0.00045737610841799	0.800381049023132	-0.00160527775905282	22.8288422057403	1
1.625	2.75	0.000452784529338403	0.800510245677021	-0.0011250213626779	22.828633426728	1
1.875	2.75	0.000442930313339316	0.800621219331076	-0.000426468861951528	22.8283934145464	1
2.125	2.75	0.000425951621258479	0.800673129631346	0.000315413208749534	22.8281340077422	1
2.375	2.75	0.000400839597151338	0.800657737930462	0.00074355627925485	22.8278765644661	1
2.625	2.75	0.000368425449996521	0.800624067313969	0.000509470306082743	22.8276366745004	1
2.875	2.75	0.000332508769115861	0.800634707798072	-0.000267764194818598	22.8274095843444	1
3.125	2.75	0.000300985391212374	0.800709929855777	-0.000984443206819133	22.8271756759095	1
3.375	2.75	0.000286840027341455	0.800831012950337	-0.00115458550653182	22.8269140762852	1
3.625	2.75	0.000308883573044436	0.80096702297798	-0.000724673580762213	22.8266069951611	1
3.875	2.75	0.000392101630370397	0.801087712424866	6.58787600374148e-05	22.8262386643511	1
4.125	2.75	0.000567439858955025	0.801171523877642	0.000960851259166165	22.8257930211647	1
4.375	2.75	0.000870812305113135	0.801208025975021	0.00186649380435968	22.8252497349212	1
4.625	2.75	0.00134113967366324	0.80118984994067	0.00282589298155675	22.8245811454769	1
4.875	2.75	0.002017426546197	0.801103081588413	0.00391747377624076	22.8237523245818	1
5.125	2.75	0.00293539258738907	0.800924183046522	0.00519864191206347	22.8227229783034	1
5.375	2.75	0.00412494284575702	0.800622474057942	0.00669783735513825	22.8214486719028	1
5.625	2.75	0.00561061770959276	0.800164573485402	0.00841968128592126	22.819879246043	1
5.875	2.75	0.00741809120841708	0.799519319439937	0.0103442331293831	22.8179521964079	1
6.125	2.75	0.00959108313678977	0.798663425453011	0.012418758709872	22.8155778386357	1
6.375	2.75	0.012225162426088	0.797588315627637	0.0145459862451396	22.8126116776968	1
6.625	2.75	0.0155283341307812	0.796307865684967	0.016573048238912	22.8088079081236	1
6.875	2.75	0.0199234525639332	0.794865531926991	0.0182855089385063	22.8037468319873	1
7.125	2.75	0.0262140394495158	0.793337435647603	0.019411749860715	22.7967291984806	1
7.375	2.75	0.035839284111296	0.791825178254787	0.0196433016902412	22.7866342503193	1
7.625	2.75	0.051232079787961	0.790429095551302	0.018675378172821	22.7717497347967	1
7.875	2.75	0.0762292931927813	0.789192928963897	0.0162690130428606	22.7496074367869	1
8.125	2.75	0.116296137760258	0.788025807792093	0.0123331660226896	22.7169021319962	1
8.375	2.75	0.177959167391778	0.786658255960183	0.0070204624213189	22.6696282358302	1
8.625	2.75	0.266499095338619	0.784771832159963	0.000811338495521051	22.6035931119126	1
8.875	2.75	0.3815816925144	0.782406636356412	-0.00548555959593592	22.5153606538377	1
9.125	2.75	0.513322693439964	0.780331463680976	-0.010916908637535	22.4033650703714	1
9.375	2.75	0.644051087925177	0.779664099714549	-0.0147362465393457	22.2685842914348	1
9.625	2.75	0.75682891615034	0.7808767369714	-0.0166890562459514	22.1142503196375	1
9.875	2.75	0.843106379665831	0.783457163961344	-0.0170080331408365	21.9447461692796	1
10.125	2.75	0.90324176612619	0.78652204737038	-0.0161802358411083	21.7644066611539	1
10.375	2.75	0.942396183688408	0.789422257782894	-0.0147063123163115	21.5767934286921	1
10.625	2.75	0.966661595795979	0.791870713428152	-0.012973459195627	21.3845045993548	1
10.875	2.75	0.981151444130225	0.793818378164538	-0.011230668242932	21.1892948544952	1
11.125	2.75	0.989548727553444	0.795320926278571	-0.00961359328898619	20.99229142165	1
11.375	2.75	0.99429053272017	0.796462710410957	-0.00818096585260587	20.7941950824625	1
11.625	2.75	0.996905965724099	0.797324687244133	-0.00694577278268096	20.5954321783085	1
11.875	2.75	0.998318656755977	0.797974404100182	-0.00589708560579223	20.396258578905	1
12.125	2.75	0.999069282653568	0.798464908351044	-0.00501360754142235	20.1968268530957	1
12.375	2.75	0.999465154504976	0.798836615708966	-0.00427129565050925	19.9972281047914	1
12.625	2.75	0.999675736613077	0.799119805801417	-0.00364720709280928	19.7975173433566	1
12.875	2.75	0.999791499360153	0.799336942337741	-0.00312113247006403	19.5977285384842	1
13.125	2.75	0.999859095153868	0.799504597635094	-0.00267603174274893	19.3978833887382	1
13.375	2.75	0.99990175102272	0.799634967553883	-0.00229788444487583	19.1979963505406	1
13.625	2.75	0.99993069567349	0.799737028768835	-0.00197529948205426	18.9980774933103	1
13.875	2.75	0.999951310653836	0.799817405266525	-0.00169906589234577	18.7981341189258	1
14.125	2.75	0.999966282435248	0.799881007771559	-0.00146173061969207	18.5981716930403	1
14.375	2.75	0.999977119939243	0.799931500635783	-0.00125723694731819	18.398194398912	1
14.625	2.75	0.999984827570609	0.799971640280175	-0.00108063041070336	18.1982054848428	1
14.875	2.75	0.999990172038458	0.80000351949514	-0.000927826692690216	17.9982074967113	1
15.125	2.75	0.99999377297558	0.800028743530461	-0.000795431516925584	17.7982024433434	1
15.375	2.75	0.999996129198471	0.800048557147029	-0.000680601970501675	17.5981919194289	1
15.625	2.75	0.999997629034269	0.800063936558345	-0.000580939817034447	17.3981771991115	1
15.875	2.75	0.999998561636487	0.800075656253709	-0.000494409066778787	17.1981593078139	1
16.125	2.75	0.99999913231929	0.80008433782764	-0.000419271771837307	16.9981390772461	1
16.375	2.75	0.999999480070301	0.800090485862481	-0.00035403748751655	16.7981171872728	1
16.625	2.75	0.999999694638766	0.800094514455181	-0.000297423025507341	16.598094197584	1
16.875	2.75	0.999999831346624	0.800096766950163	-0.000248320018052784	16.3980705715792	1
17.125	2.75	0.999999922788864	0.800097530710656	-0.000205768480004808	16.1980466944172	1
17.375	2.75	0.999999987383358	0.800097048254532	-0.000168935036362974	15.9980228867651	1
17.625	2.75	1.00000003519846	0.800095525717837	-0.000137094828469258	15.7979994154196	1
17.875	2.75	1.00000007166847	0.800093139347929	-0.00010961635838557	15.5979765016628	1
18.125	2.75	1.0000000998076	0.800090040537901	-8.59487101529847e-05	15.3979543279746	1
18.375	2.75	1.00000012143591	0.800086359780762	-6.56107121714454e-05	15.197933043539	1
18.625	2.75	1.0000001378037	0.800082209818795	-4.81817002747328e-05	14.9979127688444	1
18.875	2.75	1.00000014987883	0.800077688185645	-3.32936129096111e-05	14.7978935995869	1
19.125	2.75	1.00000015846275	0.800072879290333	-2.0624201276611e-05	14.5978756100227	1
19.375	2.75	1.00000016423101	0.800067856151855	-9.89117799158048e-06	14.3978588558692	1
19.625	2.75	1.00000016774751	0.800062681858266	-8.47161270710464e-07	14.1978433768313	1
19.875	2.75	1.00000016947332	0.800057410809768	6.72470450151101e-06	13.9978291988101	1
20.125	2.75	1.00000016977756	0.800052089791779	1.30145508345487e-05	13.7978163358368	1
20.375	2.75	1.00000016895158	0.800046758903541	1.81890911041019e-05	13.597804791769	1
20.625	2.75	1.00000016722361	0.800041452368748	2.23945005498876e-05	13.3977945617797	1
20.875	2.75	1.00000016477252	0.800036199250713	2.57589290448052e-05	13.1977856336643	1
21.125	2.75	1.00000016174016	0.800031024080298	2.83946957748012e-05	12.9977779889868	1
21.375	2.75	1.00000015824053	0.80002594740993	3.04002076322697e-05	12.7977716040852	1
21.625	2.75	1.000000154367	0.800020986307699	3.18616389957938e-05	12.5977664509524	1
21.875	2.75	1.00000015019749	0.800016154794879	3.28544036191984e-05	12.397762498005	1
22.125	2.75	1.00000014579828	0.800011464232454	3.34444439907826e-05	12.1977597107561	1
22.375	2.75	1.00000014122593	0.800006923666299	3.36893625212121e-05	11.9977580523991	1
22.625	2.75	1.0000001365292	0.800002540133936	3.36394151030741e-05	11.7977574843162	1
22.875	2.75	1.00000013175044	0.799998318936808	3.33383827092807e-05	11.5977579665168	1
23.125	2.75	1.00000012692628	0.799994263881069	3.28243367620981e-05	11.3977594580158	1
23.375	2.75	1.00000012208827	0.799990377492368	3.2130311559576e-05	11.1977619171583	1
23.625	2.75	1.00000011726364	0.79998666120585	3.12848946325615e-05	10.9977653018954	1
23.875	2.75	1.000000112476	0.79998311553431	3.03127448641145e-05	10.7977695700186	1
24.125	2.75	1.00000010774562	0.799979740217481	2.92350470054626e-05	10.5977746793564	1
24.375	2.75	1.00000010308974	0.799976534352388	2.80699102055493e-05	10.3977805879373	1
24.625	2.75	1.000000098523	0.799973496509205	2.68327160574394e-05	10.1977872541245	1
24.875	2.75	1.00000009405792	0.799970624833149	2.55364228079754e-05	9.99779463672435	1
25.125	2.75	1.00000008970512	0.79996791713292	2.4191830572294e-05	9.79780269507274	1
25.375	2.75	1.00000008547379	0.799965370958299	2.28078102111493e-05	9.59781138910141	1
25.625	2.75	1.00000008137198	0.799962983666206	2.13915013263422e-05	9.39782067938757	1
25.875	2.75	1.000000077407	0.799960752478673	1.99484811012093e-05	9.19783052718913	1
26.125	2.75	1.00000007358611	0.799958674531096	1.84829068526232e-05	8.99784089446682	1
26.375	2.75	1.00000006991647	0.799956746910787	1.69976352874822e-05	8.79785174389661	1
26.625	2.75	1.00000006640533	0.799954966689677	1.54943180631885e-05	8.59786303887364	1
26.875	2.75	1.00000006305956	0.799953330946952	1.39734774490677e-05	8.39787474350955	1
27.125	2.75	1.00000005988455	0.79995183678313	1.24345613667026e-05	8.19788682262628	1
27.375	2.75	1.00000005688255	0.799950481326292	1.0875978909978e-05	7.99789924174745	1
27.625	2.75	1.00000005405152	0.799949261727837	9.29511698926001e-06	7.79791196709046	1
27.875	2.75	1.00000005138656	0.799948175147119	7.68833639602948e-06	7.59792496556095	1
28.125	2.75	1.00000004888559	0.799947218720598	6.05094793181651e-06	7.39793820475262	1
28.375	2.75	1.0000000465623	0.799946389515264	4.37716616135073e-06	7.19795165295527	1
28.625	2.75	1.00000004446633	0.799945684459928	2.66003997411387e-06	6.99796527917333	1
28.875	2.75	1.00000004270449	0.799945100246935	8.91360085022017e-07	6.79797905316128	1
29.125	2.75	1.0000000414495	0.799944633202527	-9.38457162798654e-07	6.59799294548402	1
29.375	2.75	1.00000004091297	0.799944279113339	-2.84050368662784e-06	6.39800692761489	1
29.625	2.75	1.00000004125477	0.799944033003321	-4.82752667240054e-06	6.19802097209455	1
29.875	2.75	1.00000004241601	0.799943888854433	-6.9140848665946e-06	5.99803505277611	1
30.125	2.75	1.00000004389935	0.799943839250207	-9.11670940496539e-06	5.79804914518766	1
30.375	2.75	1.00000004459379	0.799943874922817	-1.14540845649352e-05	5.59806322703694	1
30.625	2.75	1.00000004283265	0.79994398415559	-1.39472812514665e-05	5.39807727886096	1
30.875	2.75	1.00000003693991	0.799944151958727	-1.66200900525894e-05	5.19809128479631	1
31.125	2.75	1.00000002648324	0.799944358910162	-1.94995051986231e-05	4.99810523341726	1
31.375	2.75	1.0000000142132	0.799944579525655	-2.26163521587181e-05	4.79811911859299	1
31.625	2.75	1.00000000815178	0.799944780036606	-2.60059026680927e-05	4.59813294039691	1
31.875	2.75	1.00000002254944	0.799944915552339	-2.97080704709349e-05	4.39814670630031	1
32.125	2.75	1.00000007572527	0.799944926763926	-3.37664431713756e-05	4.19816043320237	1
32.375	2.75	1.00000018268219	0.799944736589459	-3.82251171895382e-05	3.99817415122099	1
32.625	2.75	1.00000034159538	0.799944247374726	-4.31223138615617e-05	3.79818791039219	1
32.875	2.75	1.0000005164169	0.799943339214217	-4.84803599164707e-05	3.59820179119214	1
33.125	2.75	1.00000062281305	0.799941869413017	-5.42930303284294e-05	3.3982159187874	1
33.375	2.75	1.0000005299181	0.79993967192174	-6.05132909078995e-05	3.1982304790075	1
33.625	2.75	1.00000009261234	0.799936553959623	-6.7046186411268e-05	2.99824573160084	1
33.875	2.75	0.999999223669464	0.79993228593716	-7.37511208821584e-05	2.79826201446989	1
34.125	2.75	0.999997998573708	0.799926582003137	-8.04526734606814e-05	2.5982797329739	1
34.375	2.75	0.999996759088622	0.799919074456547	-8.69478779322084e-05	2.39829933258934	1
34.625	2.75	0.999996154092212	0.799909297660249	-9.29825741772945e-05	2.19832126122831	1
34.875	2.75	0.999997046139066	0.799896714932264	-9.81583583628719e-05	1.99834593620004	1
35.125	2.75	1.00000024102345	0.799880838726256	-0.000101740608615453	1.79837373334348	1
35.375	2.75	1.00000607517098	0.799861496853997	-0.00010238582321915	1.59840500398547	1
35.625	2.75	1.00001400217703	0.799839267714738	-9.79019508779166e-05	1.39844009536816	1
35.875	2.75	1.00002239773036	0.799816031509067	-8.5276770170911e-05	1.1984793110767	1
36.125	2.75	1.00002877761766	0.799795466654543	-6.12871783606082e-05	0.998522726298939	1
36.375	2.75	1.0000304655007	0.799783195346812	-2.39247155692166e-05	0.798569804754911	1
36.625	2.75	1.00002553701058	0.799786212336637	2.54610187634064e-05	0.598618870357377	1
36.875	2.75	1.00001379794954	0.799811290957665	7.99885820323376e-05	0.39866663737872	1
37.125	2.75	0.999997768374328	0.799865459061675	0.000126420053099589	0.198708101282244	1
37.375	2.75	0.999983920222129	0.399934608784155	0.000150818600235389	-0.00126457090267731	1
0.125	3.25	0.000441270105860467	0.799829111919453	-0.00140173485917009	22.8293115076754	1
0.375	3.25	0.000441669579181592	0.800007634969178	-0.00162058332005191	22.8292185772407	1
0.625	3.25	0.000442447214429757	0.800009265283327	-0.00177672794804212	22.8291272741598	1
0.875	3.25	0.000443378834623563	0.800034831045309	-0.00188945411678297	22.8290315462916	1
1.125	3.25	0.000443862988786607	0.800083891837208	-0.00187910705603981	22.828925493221	1
1.375	3.25	0.000442788054950167	0.800152370769423	-0.00164365306690416	22.8288038696539	1
1.625	3.25	0.000438507148478486	0.800226805836028	-0.00111197326866851	22.8286638308507	1
1.875	3.25	0.000429001959017914	0.800287347125882	-0.000322080129068038	22.8285079551494	1
2.125	3.25	0.000412306172992702	0.800329249908034	0.000471542200386626	22.8283439416027	1
2.375	3.25	0.00038721747314999	0.800380825238705	0.000808824902420692	22.8281765666763	1
2.625	3.25	0.000354259597380913	0.800474312577709	0.000391204197964523	22.8279987064712	1
2.875	3.25	0.000316785178196301	0.800593434035575	-0.00048310018129914	22.8277975662956	1
3.125	3.25	0.000282067509219074	0.800685367317487	-0.00116439934294408	22.8275709526238	1
3.375	3.25	0.000262229463686942	0.800722923317721	-0.00127377291561102	22.8273279916315	1
3.625	3.25	0.00027487804789339	0.800725918372471	-0.00083045552328555	22.8270735939398	1
3.875	3.25	0.000343313095325194	0.800728781329554	-4.81027231548331e-05	22.8267966164267	1
4.125	3.25	0.000496146139348281	0.800746251154257	0.000861473030273483	22.8264709419308	1
4.375	3.25	0.000766127058373842	0.800770599887803	0.00181151638476123	22.8260625415472	1
4.625	3.25	0.00118798371819689	0.800788740349617	0.0028339453076262	22.8255329596955	1
4.875	3.25	0.00179523289568618	0.800794773045336	0.00400103083090464	22.8248380543819	1
5.125	3.25	0.00261634801839893	0.800792028535476	0.00537007877895942	22.8239254595499	1
5.375	3.25	0.00367138457372617	0.800791674054371	0.00696939890035898	22.8227323845448	1
5.625	3.25	0.00497099431775518	0.80081301974478	0.00879990048537597	22.8211825543912	1
5.875	3.25	0.00652059934155066	0.800885517059015	0.0108342295464025	22.8191798179036	1
6.125	3.25	0.00833358308283455	0.801050592068365	0.0130102813286345	22.8165954345953	1
6.375	3.25	0.0104591645352875	0.801361795550243	0.0152218338399439	22.8132452972422	1
6.625	3.25	0.0130336830581535	0.801882191086204	0.0173098667292015	22.808852139403	1
6.875	3.25	0.0163688593941511	0.802677804688307	0.0190583200133027	22.8029864389698	1
7.125	3.25	0.0210973234011062	0.803805351775007	0.0201986400687244	22.7949790555377	1
7.375	3.25	0.0284021873216462	0.805291260192464	0.0204278990180826	22.78380036598	1
7.625	3.25	0.0403542043033842	0.807097310178041	0.0194448573571664	22.7679082528397	1
7.875	3.25	0.0603391041417964	0.80906797477468	0.0170068707369117	22.7450864950586	1
8.125	3.25	0.0934177120052918	0.810863757594227	0.0130082808306541	22.7123324985406	1
8.375	3.25	0.146141964892345	0.811922546819873	0.00757601827351628	22.6659084990345	1
8.625	3.25	0.224914297199892	0.81157076512414	0.00116048527618973	22.601715348732	1
8.875	3.25	0.332096759084916	0.809436799123189	-0.00544430156136643	22.5161002515926	1
9.125	3.25	0.461187949742347	0.806012674944531	-0.0112556846302028	22.4069622386762	1
9.375	3.25	0.596037840353158	0.802623657264586	-0.0154496619679268	22.274631327107	1
9.625	3.25	0.717837082517537	0.800434033365322	-0.0176890431808038	22.1218874500907	1
9.875	3.25	0.814490047340449	0.799617288026343	-0.0181664628316013	21.9530202473946	1
10.125	3.25	0.883710936980618	0.799640866546828	-0.0173766326971158	21.7725518484433	1
10.375	3.25	0.929691356371018	0.799947832252828	-0.0158516978841703	21.584330052281	1
10.625	3.25	0.958642111614882	0.800242378028247	-0.0140131894188959	21.3912057629682	1
10.875	3.25	0.976180481089218	0.800437343262905	-0.0121381747579138	21.1951063832204	1
11.125	3.25	0.986499814501813	0.800538973319068	-0.0103822779948348	20.9972571759988	1
11.375	3.25	0.992431367260686	0.800577136203125	-0.00881696393396382	20.7984042828973	1
11.625	3.25	0.995775526692104	0.800578659309071	-0.00746231244917275	20.5989877275621	1
11.875	3.25	0.997632026988791	0.800561613914136	-0.00631047004166976	20.3992603517003	1
12.125	3.25	0.998652261921849	0.800536590929503	-0.00534059010663693	20.1993642204474	1
12.375	3.25	0.99921187662436	0.800509213074839	-0.00452753655314339	19.9993776051636	1
12.625	3.25	0.999522045365065	0.800482175208711	-0.00384650215834666	19.799342945228	1
12.875	3.25	0.999698527115786	0.800456579728658	-0.00327515014962662	19.5992830261833	1
13.125	3.25	0.999803250562829	0.800432726315405	-0.00279435539721204	19.3992100882116	1
13.375	3.25	0.99986866098436	0.80041054968545	-0.00238821624728988	19.19913081298	1
13.625	3.25	0.999911557951303	0.800389848619732	-0.00204373174428104	18.9990489764043	1
13.875	3.25	0.999940703242039	0.800370397326656	-0.00175036289309088	18.7989668207174	1
14.125	3.25	0.999960847474364	0.800351993242502	-0.00149958997684561	18.5988857481234	1
14.375	3.25	0.999974770362932	0.80033447224641	-0.00128451644110451	18.3988066687627	1
14.625	3.25	0.999984265670834	0.800317708529905	-0.001099536339147	18.1987301795018	1
14.875	3.25	0.999990594483497	0.80030160839605	-0.000940065450944709	17.9986566627494	1
15.125	3.25	0.99999468793921	0.800286102677046	-0.000802328768347303	17.79858634781	1
15.375	3.25	0.999997241590653	0.800271139898982	-0.000683194685055927	17.5985193536953	1
15.625	3.25	0.999998767680926	0.800256680936927	-0.000580046390824588	17.3984557212302	1
15.875	3.25	0.999999632719065	0.8002426951948	-0.000490682190600012	17.198395437612	1
16.125	3.25	1.0000000895183	0.800229158057135	-0.000413237987670026	16.9983384548879	1
16.375	3.25	1.00000030547476	0.800216049268654	-0.000346126632647183	16.7982847033618	1
16.625	3.25	1.00000038665298	0.800203351928751	-0.000287990091540995	16.5982341008772	1
16.875	3.25	1.00000039715444	0.800191051855679	-0.00023766137715465	16.3981865589034	1
17.125	3.25	1.0000003737715	0.800179137147308	-0.000194133952046231	16.1981419862851	1
17.375	3.25	1.00000033642888	0.800167597837767	-0.000156536911334352	15.9981002913814	1
17.625	3.25	1.00000029520088	0.800156425588336	-0.000124114665882734	15.7980613831688	1
17.875	3.25	1.00000025475519	0.800145613394901	-9.62101690458364e-05	15.5980251717251	1
18.125	3.25	1.00000021699782	0.800135155304975	-7.22509593475883e-05	15.397991568378	1
18.375	3.25	1.00000018254263	0.800125046148052	-5.17374634940116e-05	15.1979604856991	1
18.625	3.25	1.00000015146372	0.80011528128952	-3.42331301581991e-05	14.9979318374462	1
18.875	3.25	1.00000012364269	0.800105856411993	-1.93560608546823e-05	14.797905538508	1
19.125	3.25	1.00000009890685	0.800096767329044	-6.77187326348998e-06	14.5978815048745	1
19.375	3.25	1.00000007707174	0.80008800983489	3.81241274587582e-06	14.3978596536388	1
19.625	3.25	1.00000005794762	0.800079579587362	1.26536333043032e-05	14.1978399030264	1
19.875	3.25	1.00000004133723	0.800071472021999	1.99770193629447e-05	13.9978221724465	1
20.125	3.25	1.00000002703512	0.80006368229539	2.5980126890514e-05	13.7978063825579	1
20.375	3.25	1.00000001483076	0.800056205252167	3.08362486640994e-05	13.5977924553424	1
20.625	3.25	1.00000000451367	0.800049035412285	3.46973839622826e-05	13.3977803141822	1
20.875	3.25	0.999999995879051	0.800042166975598	3.76968278386255e-05	13.1977698839353	1
21.125	3.25	0.999999988732887	0.800035593836678	3.9951432695806e-05	12.9977610910068	1
21.375	3.25	0.999999982895011	0.800029309610113	4.1563587149388e-05	12.7977538634145	1
21.625	3.25	0.999999978201398	0.800023307665126	4.26229493005249e-05	12.5977481308466	1
21.875	3.25	0.999999974504911	0.800017581161392	4.32079667386951e-05	12.3977438247096	1
22.125	3.25	0.999999971674834	0.800012123086916	4.33872104475213e-05	12.1977408781681	1
22.375	3.25	0.999999969595571	0.80000692630059	4.32205466002852e-05	11.9977392261746	1
22.625	3.25	0.999999968165963	0.800001983572012	4.27601666795326e-05	11.7977388054892	1
22.875	3.25	0.999999967297862	0.799997287619293	4.20514928843778e-05	11.5977395546906	1
23.125	3.25	0.99999996691428	0.799992831146617	4.11339745610762e-05	11.3977414141782	1
23.375	3.25	0.999999966948212	0.799988606879764	4.00417889595781e-05	11.1977443261655	1
23.625	3.25	0.999999967341798	0.799984607597169	3.88044574101087e-05	10.997748234666	1
23.875	3.25	0.999999968045061	0.799980826158686	3.74473874728147e-05	10.797753085472	1
24.125	3.25	0.999999969014799	0.799977255532659	3.59923489120841e-05	10.5977588261275	1
24.375	3.25	0.999999970213947	0.799973888816998	3.44578919120311e-05	10.3977654058944	1
24.625	3.25	0.999999971610787	0.799970719257587	3.28597137022142e-05	10.1977727757157	1
24.875	3.25	0.999999973178436	0.799967740265652	3.12109793432298e-05	9.99778088817406	1
25.125	3.25	0.99999997489423	0.799964945429476	2.95226026008692e-05	9.79778969744624	1
25.375	3.25	0.999999976739375	0.799962328522504	2.78034892486002e-05	9.59779915925695	1
25.625	3.25	0.999999978698758	0.7999598835082	2.60607483373127e-05	9.39780923083015	1
25.875	3.25	0.99999998076038	0.799957604542006	2.42998748390687e-05	9.19781987084051	1
26.125	3.25	0.999999982915571	0.799955485969622	2.25249046914637e-05	8.99783103936455	1
26.375	3.25	0.999999985158731	0.799953522318217	2.07385467938495e-05	8.79784269783329	1
26.625	3.25	0.999999987487085	0.799951708284957	1.89422922349938e-05	8.59785480898802	1
26.875	3.25	0.999999989900092	0.7999500387204	1.7136503598912e-05	8.39786733683907	1
27.125	3.25	0.999999992398205	0.799948508604027	1.53204861605641e-05	8.19788024663042	1
27.375	3.25	0.999999994981361	0.799947113013555	1.34925407374416e-05	7.99789350481122	1
27.625	3.25	0.999999997647205	0.799945847084739	1.16500009399724e-05	7.79790707901655	1
27.875	3.25	1.00000000039075	0.799944705961288	9.78925416206499e-06	7.59792093805968	1
28.125	3.25	1.00000000320736	0.79994368473055	7.9057474536142e-06	7.39793505193813	1
28.375	3.25	1.00000000610103	0.799942778341938	5.99397857273382e-06	7.19794939185697	1
28.625	3.25	1.00000000909981	0.799941981505739	4.04747187156787e-06	6.99796393027254	1
28.875	3.25	1.00000001227531	0.799941288563563	2.05874281255744e-06	6.79797864096077	1
29.125	3.25	1.00000001575761	0.799940693327817	1.92530935484038e-08	6.5979934991186	1
29.375	3.25	1.0000000197295	0.799940188882373	-2.08063753825675e-06	6.39800848150763	1
29.625	3.25	1.00000002437585	0.799939767336421	-4.25171044831121e-06	6.1980235666585	1
29.875	3.25	1.00000002976911	0.799939419530631	-6.50590785160711e-06	5.99803873515779	1
30.125	3.25	1.00000003569177	0.799939134684662	-8.8563218748444e-06	5.7980539700436	1
30.375	3.25	1.00000004144419	0.799938899972807	-1.13171479443825e-05	5.5980692573356	1
30.625	3.25	1.00000004575597	0.799938700006059	-1.3903612872299e-05	5.39808458671274	1
30.875	3.25	1.00000004699071	0.799938516176624	-1.66319003636682e-05	5.19809995232922	1
31.125	3.25	1.00000004385628	0.79993832579639	-1.9519098744473e-05	4.99811535373176	1
31.375	3.25	1.00000003673645	0.799938100950515	-2.25831645296276e-05	4.79813079682391	1
31.625	3.25	1.00000002947244	0.799937806998229	-2.58427970592882e-05	4.59814629484125	1
31.875	3.25	1.00000003092741	0.799937400723147	-2.93169395388907e-05	4.39816186939214	1
32.125	3.25	1.00000005507116	0.799936828293283	-3.30233785413387e-05	4.19817755179297	1
32.375	3.25	1.00000011791419	0.799936023418672	-3.69756857791239e-05	3.99819338516615	1
32.625	3.25	1.00000022986853	0.799934906354609	-4.1177700440984e-05	3.79820942797567	1
32.875	3.25	1.00000038352845	0.799933384553534	-4.5615106146e-05	3.59822575966987	1
33.125	3.25	1.00000053969416	0.799931355638231	-5.02445865382184e-05	3.39824248865972	1
33.375	3.25	1.00000061827336	0.799928712789295	-5.49824864967376e-05	3.19825976180617	1
33.625	3.25	1.00000050400664	0.799925351621157	-5.96963452435155e-05	2.99827777296188	1
33.875	3.25	1.00000007727322	0.799921176555276	-6.4203039427363e-05	2.79829676631907	1
34.125	3.25	0.999999274743324	0.799916104451532	-6.827521782917e-05	2.5983170291802	1
34.375	3.25	0.999998171796403	0.799910065076757	-7.16524112970801e-05	2.39833886934641	1
34.625	3.25	0.999997060045709	0.799903002879766	-7.40457685324298e-05	2.19836257538421	1
34.875	3.25	0.99999647509703	0.799894892178247	-7.51202768345249e-05	1.99838836344334	1
35.125	3.25	0.999997121715477	0.799885785276412	-7.4443443424728e-05	1.79841632057429	1
35.375	3.25	0.999999656247025	0.79987591400916	-7.14130574447609e-05	1.59844635910275	1
35.625	3.25	1.00000432553446	0.799865851657127	-6.52203088278557e-05	1.39847819720327	1
35.875	3.25	1.00001052666313	0.799856708561637	-5.49530880218771e-05	1.19851137661383	1
36.125	3.25	1.00001643678096	0.799850284516686	-3.99595169187491e-05	0.998545320294884	1
36.375	3.25	1.00001896130262	0.799849052364446	-2.05210273833513e-05	0.79857942028432	1
36.625	3.25	1.00001435184312	0.799855831337251	1.308962501806e-06	0.598613122389609	1
36.875	3.25	0.999999903751705	0.799873067297194	2.11299717066149e-05	0.398645926784098	1
37.125	3.25	0.999977005846886	0.799907678577271	3.25537804760236e-05	0.198677143676365	1
37.375	3.25	0.999955188715455	0.399941171203295	3.15775176311101e-05	-0.00129780596877271	1
0.125	3.75	0.0004262578566879	0.799822885272878	-0.00149189492449217	22.829082693039	1
0.375	3.75	0.000426669222430925	0.799972454704099	-0.00164514904643224	22.8289992164187	1
0.625	3.75	0.000427483267390584	0.799951209533666	-0.0018844578865941	22.8289230539133	1
0.875	3.75	0.000428499713312287	0.799953489682997	-0.00211240722333033	22.8288486387705	1
1.125	3.75	0.000429150539172426	0.79998028211332	-0.00224677363029519	22.8287698000571	1
1.375	3.75	0.000428362370392508	0.800026702415721	-0.00217864096393109	22.828681124144	1
1.625	3.75	0.000424521926027771	0.800080111763856	-0.0018187066458219	22.8285799295191	1
1.875	3.75	0.000415624837630406	0.800126048022922	-0.00120023075230198	22.8284681639378	1
2.125	3.75	0.000399678836370326	0.800163311721098	-0.000593839842064403	22.8283507948451	1
2.375	3.75	0.000375391917099082	0.800207998542816	-0.00042998222709442	22.8282299549329	1
2.625	3.75	0.000343109421569349	0.800269499863366	-0.000872027326484792	22.8281017507991	1
2.875	3.75	0.000305892390968164	0.800328493743532	-0.00150637904028549	22.8279621805261	1
3.125	3.75	0.000270584245706835	0.800354891541231	-0.00176104620667953	22.8278144020245	1
3.375	3.75	0.000248710441498597	0.800341798457918	-0.00146493986979538	22.8276656164252	1
3.625	3.75	0.000257075151954862	0.80031379102313	-0.000793983649545475	22.8275156811434	1
3.875	3.75	0.000317919656414735	0.800303362399051	2.68638509387699e-05	22.8273487893659	1
4.125	3.75	0.000458476206669806	0.80032482919082	0.000880253015578402	22.8271350057999	1
4.375	3.75	0.000709712450046301	0.800374762092378	0.0017626781250358	22.8268363922808	1
4.625	3.75	0.0011040629436085	0.800450816367513	0.00272161234392311	22.8264091132072	1
4.875	3.75	0.00167208281309646	0.800564440006219	0.00380517516318089	22.8258007222787	1
5.125	3.75	0.00243836024572605	0.80074160276905	0.00504307211021012	22.8249465806017	1
5.375	3.75	0.00341769623638853	0.801019944157598	0.00644254424263741	22.8237672058561	1
5.625	3.75	0.00461332339247327	0.801447695927938	0.00798748261527655	22.8221653725852	1
5.875	3.75	0.00601968578876029	0.80208370584099	0.00963711712367799	22.8200206944659	1
6.125	3.75	0.007633264706816	0.802996252072247	0.0113236829067601	22.817179104153	1
6.375	3.75	0.0094765596284564	0.8042591039882	0.0129496870858759	22.8134339890729	1
6.625	3.75	0.0116431283781322	0.805944046762097	0.0143862702928278	22.8084945490598	1
6.875	3.75	0.0143761184095403	0.808109318653461	0.0154746378472052	22.801935486105	1
7.125	3.75	0.0181993480804056	0.810783204331007	0.0160327088736585	22.7931210417556	1
7.375	3.75	0.0241275266951323	0.813941264665557	0.0158690845192327	22.7810970673664	1
7.625	3.75	0.0339837425690687	0.817474210108343	0.0148061248891754	22.7644501964617	1
7.875	3.75	0.0508255583923939	0.82114234489809	0.0127133837495837	22.7411485294516	1
8.125	3.75	0.079372107035947	0.824517628525374	0.00955201500511546	22.7084105291422	1
8.375	3.75	0.126046569612885	0.826942229030119	0.00542896238690211	22.662701277077	1
8.625	3.75	0.197790691745029	0.827604793080539	0.000650991000094657	22.6000099564472	1
8.875	3.75	0.298645401281361	0.825904104752946	-0.00425686498975803	22.5165507708696	1
9.125	3.75	0.424629102925755	0.822070997749315	-0.00863408233776349	22.4098354200011	1
9.375	3.75	0.561265681566472	0.817394095381728	-0.0118982171225635	22.2796766981526	1
9.625	3.75	0.68895683989518	0.813372145935924	-0.0137750292829184	22.1284448352422	1
9.875	3.75	0.793076599976123	0.810620318962201	-0.0143570623001208	21.9602930902592	1
10.125	3.75	0.869118239572355	0.808858844694657	-0.0139661841831913	21.7798566302392	1
10.375	3.75	0.920308008703749	0.807599121511655	-0.0129708718492777	21.5912078122694	1
10.625	3.75	0.952836546224303	0.806545063012249	-0.0116762711269022	21.3974144120079	1
10.875	3.75	0.972678904470275	0.805597213079995	-0.0102936860848107	21.2005617110099	1
11.125	3.75	0.984423993696592	0.804746244539733	-0.00895134168208187	21.0019708067286	1
11.375	3.75	0.991215575660025	0.804002212498368	-0.00771691542653962	20.8024370141132	1
11.625	3.75	0.995069620541184	0.803368935860454	-0.00661867169767633	20.6024198467569	1
11.875	3.75	0.997224693539431	0.80284072808495	-0.00566143583906172	20.4021748712845	1
12.125	3.75	0.9984181617945	0.802405811865891	-0.00483742512809773	20.2018385022634	1
12.375	3.75	0.999077615164078	0.802050078795958	-0.00413305964659853	20.0014799273369	1
12.625	3.75	0.999445073447131	0.801759585995742	-0.00353295976663953	19.8011317497838	1
12.875	3.75	0.999654366582258	0.801521837127185	-0.0030221082355559	19.6008074831072	1
13.125	3.75	0.999777892749411	0.801326253527804	-0.00258688174613065	19.4005112034397	1
13.375	3.75	0.99985410750129	0.801164193736406	-0.00221542582921815	19.2002426704815	1
13.625	3.75	0.999903237439485	0.80102875870323	-0.00189767515576994	18.9999999156266	1
13.875	3.75	0.999935991376909	0.800914519935467	-0.00162520258782874	18.7997804677556	1
14.125	3.75	0.999958226674631	0.800817242231091	-0.00139100237995208	18.5995818802356	1
14.375	3.75	0.999973355498442	0.800733634035618	-0.00118926404841458	18.3994019211802	1
14.625	3.75	0.999983536685675	0.800661137273939	-0.00101516413600209	18.1992386153117	1
14.875	3.75	0.999990244927996	0.800597757671955	-0.000864686458432793	17.999090229407	1
15.125	3.75	0.999994538141257	0.800541931598726	-0.000734472609235067	17.7989552423707	1
15.375	3.75	0.999997187970857	0.800492423634822	-0.000621700303481624	17.5988323157101	1
15.625	3.75	0.999998752520619	0.800448248856403	-0.0005239855518542	17.3987202687792	1
15.875	3.75	0.999999625755507	0.800408614400046	-0.000439304402420282	17.1986180587458	1
16.125	3.75	1.00000007658403	0.800372875728973	-0.000365930366728326	16.9985247640397	1
16.375	3.75	1.00000028146367	0.800340503904294	-0.00030238424426989	16.7984395701164	1
16.625	3.75	1.00000035121195	0.800311061017849	-0.000247393699072882	16.5983617567845	1
16.875	3.75	1.00000035211627	0.800284181622967	-0.00019986048902134	16.3982906867196	1
17.125	3.75	1.00000032169749	0.800259558553478	-0.000158833711723641	16.1982257950329	1
17.375	3.75	1.00000027984589	0.800236931978779	-0.00012348781785113	15.9981665798722	1
17.625	3.75	1.00000023625739	0.80021608084522	-9.31044148621129e-05	15.798112594058	1
17.875	3.75	1.00000019511649	0.800196816101837	-6.70571092442674e-05	15.5980634377413	1
18.125	3.75	1.00000015786522	0.800178975277061	-4.47987993565394e-05	15.3980187520339	1
18.375	3.75	1.00000012472687	0.800162418093979	-2.58509607292691e-05	15.197978213536	1
18.625	3.75	1.00000009547281	0.800147022894752	-9.79456249829655e-06	14.9979415296657	1
18.875	3.75	1.00000006976414	0.800132683702311	3.73767250691997e-06	14.7979084346896	1
19.125	3.75	1.00000004727574	0.800119307796513	1.50678939881835e-05	14.5978786863539	1
19.375	3.75	1.0000000277229	0.800106813704637	2.44788204611373e-05	14.3978520630243	1
19.625	3.75	1.00000001085319	0.800095129526112	3.22186541643394e-05	14.1978283612521	1
19.875	3.75	0.999999996432465	0.80008419153492	3.85053372444573e-05	13.9978073936981	1
20.125	3.75	0.999999984235267	0.800073943011652	4.35302485895934e-05	13.7977889873552	1
20.375	3.75	0.999999974041815	0.800064333261787	4.7461421991552e-05	13.59777298202	1
20.625	3.75	0.999999965638987	0.800055316789859	5.04463560601144e-05	13.3977592289742	1
20.875	3.75	0.999999958822927	0.8000468526051	5.2614471469701e-05	13.1977475898422	1
21.125	3.75	0.999999953402476	0.800038903634073	5.40792629959274e-05	12.9977379355975	1
21.375	3.75	0.999999949201405	0.800031436222529	5.49401884591691e-05	12.7977301456948	1
21.625	3.75	0.999999946059961	0.800024419715091	5.5284327866626e-05	12.59772410731	1
21.875	3.75	0.999999943835059	0.800017826097153	5.51878421651626e-05	12.3977197146698	1
22.125	3.75	0.999999942399876	0.800011629687702	5.47172576888676e-05	12.19771686846	1
22.375	3.75	0.999999941642654	0.800005806878901	5.39305970185204e-05	11.9977154753003	1
22.625	3.75	0.999999941465724	0.80000033591185	5.28783755274785e-05	11.7977154472761	1
22.875	3.75	0.999999941783999	0.7999951966832	5.16044800717087e-05	11.597716701519	1
23.125	3.75	0.99999994252336	0.799990370578307	5.01469438074638e-05	11.3977191598306	1
23.375	3.75	0.999999943619434	0.799985840326563	4.85386292565942e-05	11.1977227483428	1
23.625	3.75	0.999999945016611	0.799981589875255	4.68078304853841e-05	10.9977273972102	1
23.875	3.75	0.999999946666891	0.799977604278608	4.49788045314391e-05	10.7977330403302	1
24.125	3.75	0.999999948528797	0.799973869599908	4.30722386732115e-05	10.597739615089	1
24.375	3.75	0.999999950566785	0.799970372823905	4.11056616400026e-05	10.3977470621288	1
24.625	3.75	0.999999952750321	0.799967101778487	3.90938063300107e-05	10.1977553251349	1
24.875	3.75	0.999999955053426	0.799964045065763	3.70489272318917e-05	9.99776435064097	1
25.125	3.75	0.999999957454316	0.799961191995965	3.49810787343676e-05	9.79777408784966	1
25.375	3.75	0.999999959934622	0.799958532526457	3.28983583565773e-05	9.59778448846917	1
25.625	3.75	0.999999962479241	0.799956057206973	3.08071185243192e-05	9.39779550656351	1
25.875	3.75	0.999999965075956	0.799953757125531	2.87121513965402e-05	9.19780709841575	1
26.125	3.75	0.999999967715507	0.799951623855801	2.66168468636043e-05	8.99781922240441	1
26.375	3.75	0.999999970391315	0.799949649404218	2.45233287198563e-05	8.79783183889225	1
26.625	3.75	0.999999973099129	0.799947826157561	2.24325710325014e-05	8.59784491012842	1
26.875	3.75	0.999999975836785	0.799946146829405	2.03444953336745e-05	8.39785840016297	1
27.125	3.75	0.999999978603328	0.79994460440105	1.82580522368371e-05	8.19787227477544	1
27.375	3.75	0.999999981397614	0.799943192059651	1.61712880549606e-05	7.99788650141861	1
27.625	3.75	0.999999984216522	0.799941903130888	1.40813988243669e-05	7.7979010491781	1
27.875	3.75	0.999999987053698	0.799940731002747	1.19847726648209e-05	7.59791588875009	1
28.125	3.75	0.999999989900382	0.799939669038769	9.87702145048069e-06	7.39793099243912	1
28.375	3.75	0.999999992749951	0.799938710477877	7.75300482488898e-06	7.19794633417855	1
28.625	3.75	0.99999999560839	0.799937848319682	5.60684756467244e-06	6.9979618895763	1
28.875	3.75	0.999999998510833	0.799937075187938	3.43195278068302e-06	6.79797763598863	1
29.125	3.75	1.00000000153922	0.799936383167923	1.22101654527476e-06	6.59799355262798	1
29.375	3.75	1.00000000483036	0.799935763616154	-1.03394888414584e-06	6.3980096207115	1
29.625	3.75	1.0000000085563	0.799935206938929	-3.34157206848212e-06	6.19802582366166	1
29.875	3.75	1.00000001285673	0.799934702337097	-5.71104489693718e-06	5.99804214737373	1
30.125	3.75	1.00000001770943	0.799934237515692	-8.15199665509667e-06	5.7980585805706	1
30.375	3.75	1.0000000227533	0.799933798361301	-1.06743085085724e-05	5.59807511526488	1
30.625	3.75	1.00000002712775	0.799933368580663	-1.32878631668994e-05	5.398091747341	1
30.875	3.75	1.00000002945597	0.799932929286408	-1.60022392666618e-05	5.19810847725566	1
31.125	3.75	1.00000002815336	0.79993245850349	-1.88263668330796e-05	4.99812531082708	1
31.375	3.75	1.00000002223546	0.799931930557115	-2.17681434356005e-05	4.79814226005602	1
31.625	3.75	1.00000001267034	0.799931315310588	-2.4833960439256e-05	4.5981593439047	1
31.875	3.75	1.00000000401935	0.799930577265777	-2.8027984375166e-05	4.39817658898021	1
32.125	3.75	1.00000000564678	0.799929674639891	-3.13508853520607e-05	4.19819403014781	1
32.375	3.75	1.00000003127329	0.799928558703355	-3.47975577182328e-05	3.99821171124822	1
32.625	3.75	1.00000009538478	0.799927173896537	-3.83533374274585e-05	3.7982296862765	1
32.875	3.75	1.0000002053951	0.799925459439764	-4.19884254405593e-05	3.59824802150698	1
33.125	3.75	1.00000034991775	0.799923353198962	-4.56508025484837e-05	3.39826679896973	1
33.375	3.75	1.00000048620861	0.799920798320907	-4.92588521658205e-05	3.19828612120703	1
33.625	3.75	1.00000053339016	0.799917752492067	-5.26959184588208e-05	2.99830611622188	1
33.875	3.75	1.00000038116039	0.799914198679678	-5.58095248681321e-05	2.79832694000327	1
34.125	3.75	0.999999924042848	0.799910155218804	-5.84171894688125e-05	2.59834877230967	1
34.375	3.75	0.999999125952557	0.799905682767065	-6.03182141013169e-05	2.39837180026749	1
34.625	3.75	0.99999810645875	0.799900886718596	-6.13070289954971e-05	2.19839618494027	1
34.875	3.75	0.999997218265854	0.799895916551517	-6.1180876855443e-05	1.99842200969807	1
35.125	3.75	0.999997059194169	0.799890967780719	-5.97367190065844e-05	1.79844921705428	1
35.375	3.75	0.999998342336668	0.799886295776881	-5.67630091974402e-05	1.5984775526423	1
35.625	3.75	1.00000155480201	0.799882250495746	-5.20514419086788e-05	1.39850654886063	1
35.875	3.75	1.00000639595851	0.799879333832117	-4.54735581906735e-05	1.19853559013319	1
36.125	3.75	1.00001112779159	0.799878265231224	-3.71681671036522e-05	0.998564094938934	1
36.375	3.75	1.00001219976778	0.799880018074082	-2.7843479973429e-05	0.798591809995546	1
36.625	3.75	1.0000047765851	0.799885764674081	-1.90988920183455e-05	0.598619123448791	1
36.875	3.75	0.999984938086613	0.799896659514449	-1.35362638117512e-05	0.398647167837225	1
37.125	3.75	0.999954033334741	0.799921446525166	-1.43331461682859e-05	0.198677340605305	1
37.375	3.75	0.999924564105577	0.399941959732667	-2.20587225068874e-05	-0.00129421603456822	1
0.125	4.25	0.000414432129078998	0.799810316149834	-0.00131994492073974	22.8288541227162	1
0.375	4.25	0.000414846633609086	0.799923954965019	-0.00145463357453795	22.8287823877885	1
0.625	4.25	0.000415677075939817	0.799867736959986	-0.00168391332605632	22.828725199296	1
0.875	4.25	0.000416744836909943	0.799820715602705	-0.00186521186691104	22.8286810022186	1
1.125	4.25	0.000417516877470918	0.799786076331305	-0.00189358163128191	22.828646978592	1
1.375	4.25	0.000416968307044456	0.799764180189518	-0.00162805015442255	22.828620557603	1
1.625	4.25	0.000413544772524769	0.799759316606757	-0.000958578105048504	22.8285994322146	1
1.875	4.25	0.000405303649412899	0.799786612992406	5.05375261628973e-05	22.8285792401127	1
2.125	4.25	0.000390304314882062	0.799867669305157	0.00102607606182615	22.8285497711575	1
2.375	4.25	0.00036727886472849	0.800003747317277	0.00140461925046314	22.8284955053258	1
2.625	4.25	0.000336550286291388	0.800148364748422	0.000928660992554707	22.8284062088365	1
2.875	4.25	0.000301095431649258	0.800229685642775	5.15078820394801e-06	22.8282895351137	1
3.125	4.25	0.000267605103762165	0.800214854128242	-0.000696949711071061	22.828168060794	1
3.375	4.25	0.000247389649625533	0.80013570600328	-0.000872162339675531	22.8280605589836	1
3.625	4.25	0.000256994573073341	0.800053061727094	-0.000594636619421432	22.8279663316388	1
3.875	4.25	0.000318387498653207	0.800012806038473	-3.03028769323404e-05	22.8278633246216	1
4.125	4.25	0.000458544678567435	0.800032269897078	0.000696536115034109	22.8277148789104	1
4.375	4.25	0.000708225331452832	0.800113612048633	0.00151313417733775	22.8274756381363	1
4.625	4.25	0.00109972382827307	0.800261751584632	0.0023891632001175	22.827092439421	1
4.875	4.25	0.00166353318298235	0.80049302218921	0.00332419752989824	22.8265020915704	1
5.125	4.25	0.00242425649362864	0.80083598947418	0.00432564676013378	22.8256287789588	1
5.375	4.25	0.00339674886247882	0.801329745683981	0.00538872664980062	22.8243819041718	1
5.625	4.25	0.004584178475064	0.802022011655548	0.0064877595239505	22.8226535954875	1
5.875	4.25	0.00598038786125324	0.802966962251841	0.00757629131590138	22.8203142123904	1
6.125	4.25	0.00757984936213695	0.804222029189395	0.00859042382379189	22.8172034560084	1
6.375	4.25	0.00940005440357662	0.805843051592178	0.00945273897894267	22.8131137692112	1
6.625	4.25	0.0115238253905218	0.80787739525909	0.0100768856851589	22.807761476306	1
6.875	4.25	0.0141733575119227	0.810354773498439	0.0103736794205196	22.8007396790112	1
7.125	4.25	0.0178342468679457	0.813275244366804	0.0102592480978163	22.7914457900669	1
7.375	4.25	0.0234555125975972	0.816592905824478	0.00966511812374251	22.7789770215784	1
7.625	4.25	0.0327548346545287	0.820191923568111	0.00854951143513447	22.7619918821551	1
7.875	4.25	0.0486369577449557	0.823849541435908	0.00690879570103257	22.7385497267781	1
8.125	4.25	0.0756373547696068	0.827183568546868	0.00478836412279735	22.7059705816182	1
8.375	4.25	0.120045884372713	0.829604686776375	0.00229306129842614	22.6608081660944	1
8.625	4.25	0.18891113452347	0.830361138139185	-0.000403713232942833	22.5990863012128	1
8.875	4.25	0.286868248992514	0.828845315758202	-0.00306073497096691	22.5169508638279	1
9.125	4.25	0.411012019659008	0.825189531247946	-0.00540057649444494	22.4117200937871	1
9.375	4.25	0.54778642110929	0.820577288523531	-0.00718564848338696	22.2829360830203	1
9.625	4.25	0.677513663522816	0.816510069609614	-0.00830235653598011	22.1327331972207	1
9.875	4.25	0.784569828901048	0.813672140282061	-0.00878391408921862	21.9651592416905	1
10.125	4.25	0.863420694015851	0.811811200931322	-0.00875904563936559	21.7848816776689	1
10.375	4.25	0.916782589339709	0.810421695359649	-0.00838239195614818	21.5960814868363	1
10.625	4.25	0.950787586955243	0.809193312536751	-0.00779133851694167	21.4019465450115	1
10.875	4.25	0.971552432103362	0.808031687755827	-0.00709147082873983	21.2046592105756	1
11.125	4.25	0.983839820001623	0.806943817490753	-0.00635692782890158	21.0056066420515	1
11.375	4.25	0.990934311238308	0.805957178733796	-0.00563587750681689	20.8056237668855	1
11.625	4.25	0.994949056576049	0.80508911300004	-0.00495689640665887	20.6051909283342	1
11.875	4.25	0.997184229029406	0.804342529496876	-0.00433473057123537	20.4045725339259	1
12.125	4.25	0.99841416827317	0.803710063371365	-0.00377494977481627	20.2039067960085	1
12.375	4.25	0.99908771450927	0.803179031355146	-0.00327743458544866	20.0032609144648	1
12.625	4.25	0.999458603339935	0.802735020589177	-0.00283883047694933	19.8026637257311	1
12.875	4.25	0.999666823423261	0.802363997531315	-0.00245417789652024	19.6021243621534	1
13.125	4.25	0.999787813777556	0.802053344845388	-0.00211793304449186	19.4016425357892	1
13.375	4.25	0.999861395210395	0.801792238092576	-0.00182456527600565	19.2012139684724	1
13.625	4.25	0.999908307404498	0.801571658877926	-0.00156887612491001	19.000833103474	1
13.875	4.25	0.99993937191057	0.801384231386095	-0.00134614489914468	18.8004943540895	1
14.125	4.25	0.999960394365962	0.801223990897336	-0.00115217238220009	18.6001926033372	1
14.375	4.25	0.999974685678102	0.801086142886493	-0.000983268897824618	18.3999233457503	1
14.625	4.25	0.99998430410924	0.800966841363562	-0.000836215177150159	18.1996826752419	1
14.875	4.25	0.999990642138317	0.800862998018699	-0.000708212595295488	17.9994672188015	1
15.125	4.25	0.99999469660003	0.800772124488757	-0.000596831826223277	17.7992740604028	1
15.375	4.25	0.999997196174417	0.80069220547353	-0.000499964425848725	17.5991006718651	1
15.625	4.25	0.999998669668252	0.800621598492039	-0.000415779258984569	17.3989448548289	1
15.875	4.25	0.999999491351161	0.800558955598279	-0.000342684277124737	17.1988046930974	1
16.125	4.25	0.999999916906348	0.800503162635327	-0.00027929346460635	16.998678513262	1
16.375	4.25	1.00000011383867	0.800453292203008	-0.00022439846826025	16.798564851627	1
16.625	4.25	1.00000018683121	0.800408567191683	-0.000176944327355856	16.598462425961	1
16.875	4.25	1.0000001979224	0.800368332387716	-0.000136008744466406	16.398370111093	1
17.125	4.25	1.00000018167642	0.800332032213949	-0.000100784365230219	16.1982869177277	1
17.375	4.25	1.00000015593763	0.800299193147501	-7.05636198714008e-05	15.998211974052	1
17.625	4.25	1.00000012901163	0.800269409701433	-4.47257355471625e-05	15.7981445098184	1
17.875	4.25	1.00000010416905	0.800242333155832	-2.27255863885387e-05	15.5980838426286	1
18.125	4.25	1.00000008228377	0.800217662421553	-4.08409992818758e-06	15.3980293661624	1
18.375	4.25	1.00000006325812	0.800195136570225	1.16200152060298e-05	15.1979805401067	1
18.625	4.25	1.00000004671453	0.800174528688919	2.47574202016138e-05	14.9979368815564	1
18.875	4.25	1.0000000322807	0.800155640792717	3.56543437205758e-05	14.797897957672	1
19.125	4.25	1.00000001967212	0.800138299589401	4.45979659477339e-05	14.5978633794063	1
19.375	4.25	1.00000000868847	0.800122352936667	5.18411071648974e-05	14.3978327961336	1
19.625	4.25	0.999999999184264	0.800107666867306	5.76063208139584e-05	14.1978058910394	1
19.875	4.25	0.999999991041091	0.800094123082488	6.20894739477899e-05	13.9977823771513	1
20.125	4.25	0.999999984149418	0.800081616829368	6.54628855971524e-05	13.7977619939105	1
20.375	4.25	0.999999978399978	0.800070055100496	6.78780819533573e-05	13.5977445042021	1
20.625	4.25	0.999999973682132	0.800059355102928	6.94682206146844e-05	13.3977296917732	1
20.875	4.25	0.999999969885427	0.800049442948951	7.03502252089713e-05	13.1977173589822	1
21.125	4.25	0.999999966902544	0.800040252535001	7.06266663560181e-05	12.9977073248327	1
21.375	4.25	0.999999964631854	0.800031724581215	7.03874233450053e-05	12.7976994232497	1
21.625	4.25	0.999999962979765	0.800023805805301	6.97111521519142e-05	12.597693501565	1
21.875	4.25	0.999999961861595	0.80001644820844	6.86665817684644e-05	12.3976894191828	1
22.125	4.25	0.999999961201898	0.800009608456856	6.73136614679355e-05	12.197687046402	1
22.375	4.25	0.999999960934089	0.80000324734781	6.57045761789833e-05	11.9976862633741	1
22.625	4.25	0.999999961000053	0.799997329344577	6.38846444634589e-05	11.7976869591778	1
22.875	4.25	0.999999961349227	0.79999182217042	6.18931132984268e-05	11.597689030997	1
23.125	4.25	0.99999996193767	0.799986696454245	5.97638618028124e-05	11.3976923833883	1
23.375	4.25	0.999999962727262	0.799981925420492	5.75260241821274e-05	11.1976969276266	1
23.625	4.25	0.999999963685126	0.799977484616546	5.52045400971369e-05	10.9977025811202	1
23.875	4.25	0.999999964783112	0.799973351671358	5.2820641587148e-05	10.797709266886	1
24.125	4.25	0.999999965996769	0.799969506081769	5.03922836223487e-05	10.5977169130788	1
24.375	4.25	0.999999967305031	0.799965929024258	4.79345234789277e-05	10.397725452569	1
24.625	4.25	0.999999968689894	0.7999626031855	4.54598563760613e-05	10.1977348225615	1
24.875	4.25	0.999999970136002	0.799959512610726	4.29785102363025e-05	9.99774496425347	1
25.125	4.25	0.999999971630444	0.799956642566764	4.04987046423678e-05	9.7977558225265	1
25.375	4.25	0.999999973162107	0.799953979417271	3.80268792726433e-05	9.59776734566957	1
25.625	4.25	0.999999974721816	0.799951510510551	3.55678928645976e-05	9.39777948513071	1
25.875	4.25	0.99999997630219	0.799949224073686	3.31251976517354e-05	9.19779219529422	1
26.125	4.25	0.999999977897438	0.799947109113666	3.0700991032608e-05	8.99780543328289	1
26.375	4.25	0.99999997950329	0.799945155325324	2.82963469884141e-05	8.79781915878281	1
26.625	4.25	0.999999981116958	0.799943353001767	2.59113306499249e-05	8.59783333389012	1
26.875	4.25	0.999999982737023	0.799941692947763	2.35450963731592e-05	8.39784792297909	1
27.125	4.25	0.999999984362839	0.799940166393651	2.11959728403113e-05	8.19786289259099	1
27.375	4.25	0.999999985993549	0.799938764909149	1.88615370812745e-05	7.99787821134417	1
27.625	4.25	0.999999987626648	0.799937480314468	1.65386781494778e-05	7.79789384986548	1
27.875	4.25	0.999999989256376	0.799936304586564	1.42236529924173e-05	7.59790978074444	1
28.125	4.25	0.99999999087273	0.799935229761078	1.19121372660662e-05	7.3979259785113	1
28.375	4.25	0.999999992463312	0.799934247827146	9.59927241969968e-06	7.1979424196398	1
28.625	4.25	0.999999994020189	0.799933350611148	7.27971180664133e-06	6.9979590825766	1
28.875	4.25	0.999999995552346	0.799932529646649	4.94766884019847e-06	6.7979759477991	1
29.125	4.25	0.999999997102722	0.799931776031649	2.59697121169438e-06	6.59799299790478	1
29.375	4.25	0.999999998764283	0.799931080268456	2.21130539821084e-07	6.39801021773386	1
29.625	4.25	1.00000000068106	0.799930432085543	-2.18656439694117e-06	6.19802759453281	1
29.875	4.25	1.00000000301625	0.799929820245904	-4.63292060013539e-06	5.99804511816625	1
30.125	4.25	1.00000000586675	0.799929232341439	-7.12466221347091e-06	5.79806278138919	1
30.375	4.25	1.00000000911739	0.79992865458591	-9.66818931276137e-06	5.59808058019471	1
30.625	4.25	1.00000001226145	0.799928071615455	-1.22692695172868e-05	5.39809851424496	1
30.875	4.25	1.0000000142668	0.799927466293885	-1.49326621790798e-05	5.19811658738552	1
31.125	4.25	1.00000001362955	0.799926819524763	-1.76616870085857e-05	4.99813480822094	1
31.375	4.25	1.00000000880169	0.799926110063491	-2.04577487629814e-05	4.798153190696	1
31.625	4.25	0.999999999147181	0.79992531430806	-2.33198039171889e-05	4.59817175459405	1
31.875	4.25	0.999999986409129	0.799924406070663	-2.62437063068369e-05	4.39819052585066	1
32.125	4.25	0.999999976319579	0.79992335639176	-2.92212906343369e-05	4.19820953660438	1
32.375	4.25	0.999999979473487	0.799922133556894	-3.22389676555819e-05	3.99822882500152	1
32.625	4.25	1.00000001008207	0.799920703647125	-3.52755834021419e-05	3.79824843494192	1
32.875	4.25	1.00000008105562	0.79991903213576	-3.82994164405453e-05	3.59826841615604	1
33.125	4.25	1.00000019453725	0.799917087159769	-4.12645168018926e-05	3.39828882513917	1
33.375	4.25	1.00000032902086	0.79991484502477	-4.41071274960014e-05	3.19830972733851	1
33.625	4.25	1.00000042771531	0.799912298090568	-4.67435256774456e-05	2.99833120035806	1
33.875	4.25	1.00000039722429	0.799909464354395	-4.90709337129639e-05	2.79835333662675	1
34.125	4.25	1.00000012889349	0.799906396863857	-5.09727496249285e-05	2.59837624202606	1
34.375	4.25	0.999999553708974	0.79990318990453	-5.23279622664627e-05	2.39840002497445	1
34.625	4.25	0.999998730726109	0.799899978381978	-5.30225420511284e-05	2.19842476974251	1
34.875	4.25	0.999997944928153	0.799896927797398	-5.29590431530181e-05	1.99845049044627	1
35.125	4.25	0.999997754353363	0.799894215490215	-5.20616905595558e-05	1.79847707063689	1
35.375	4.25	0.999998890055663	0.799892009521092	-5.02797915892169e-05	1.59850420892029	1
35.625	4.25	1.00000190346262	0.799890458474577	-4.76022709764925e-05	1.39853141120309	1
35.875	4.25	1.00000651711068	0.799889710348974	-4.41058150128624e-05	1.19855808572939	1
36.125	4.25	1.00001081230911	0.799889975867372	-4.0058148473722e-05	0.998583789791711	1
36.375	4.25	1.00001069527763	0.799891633468263	-3.60730680117086e-05	0.798608621872467	1
36.625	4.25	1.00000044762682	0.799895333172092	-3.32570263092622e-05	0.598633629590373	1
36.875	4.25	0.99997536155507	0.7999020052222	-3.32087383819575e-05	0.398660920556301	1
37.125	4.25	0.999937082709134	0.79992243566348	-3.7674389857357e-05	0.198692986237709	1
37.375	4.25	0.999900852324977	0.399938088196281	-4.60695835658992e-05	-0.0012741983556315	1
0.125	4.75	0.000406937050760128	0.799792806620965	-0.00132770103038447	22.8286185489242	1
0.375	4.75	0.000407345217766747	0.799873323299043	-0.00142887554073724	22.8285590654077	1
0.625	4.75	0.000408167431146467	0.799789343298308	-0.00169982085395151	22.8285195222935	1
0.875	4.75	0.000409237324858589	0.79970134720826	-0.00199192258039601	22.8285023496742	1
1.125	4.75	0.000410045562102516	0.799619400473545	-0.00220265904415036	22.8285072168211	1
1.375	4.75	0.000409605298327604	0.799554658497898	-0.00222750581114296	22.8285319305978	1
1.625	4.75	0.00040641557919841	0.799528241285785	-0.00201600842224104	22.8285709891216	1
1.875	4.75	0.000398600432707222	0.799570745215046	-0.00165996755889708	22.8286118484968	1
2.125	4.75	0.000384293057865895	0.799697464308842	-0.00141242356608589	22.8286336430492	1
2.375	4.75	0.000362296754769726	0.799869492750697	-0.00150374907739573	22.8286162083813	1
2.625	4.75	0.00033299182306895	0.799996629560763	-0.00183858076118299	22.8285584231593	1
2.875	4.75	0.000299390173242128	0.800013508885168	-0.00200764874030713	22.8284848749527	1
3.125	4.75	0.000268196284109524	0.799941383786542	-0.0017507939859978	22.8284247869179	1
3.375	4.75	0.000250729594700771	0.799851037446458	-0.00118896749239285	22.828386561481	1
3.625	4.75	0.000263576396117072	0.799794686768074	-0.000546278693797494	22.8283551647897	1
3.875	4.75	0.000328831076226588	0.799792513659076	7.72641354491091e-05	22.8283021214163	1
4.125	4.75	0.000473750206079807	0.799854975349882	0.000687464586639392	22.82819017996	1
4.375	4.75	0.000729601393978672	0.799995846412829	0.00131358948839219	22.8279718553756	1
4.625	4.75	0.001129492500421	0.800231550724518	0.00197126773808996	22.8275878563553	1
4.875	4.75	0.00170512255228269	0.800580286063554	0.0026608561084632	22.8269669919649	1
5.125	4.75	0.00248281170280297	0.801064251775642	0.00337078305617255	22.8260261721514	1
5.375	4.75	0.00347979749146912	0.801711088938973	0.00407757118707599	22.82466970302	1
5.625	4.75	0.00470244987861255	0.802552663043931	0.00474564589864557	22.8227875939307	1
5.875	4.75	0.00614872810128883	0.803622089088921	0.00532933624338829	22.8202518621421	1
6.125	4.75	0.00781812107680922	0.804950163740046	0.00577693448534468	22.816908565408	1
6.375	4.75	0.00973385305256831	0.806561626437437	0.00603610554041895	22.8125620150403	1
6.625	4.75	0.0119847386183998	0.808471227896147	0.00606030584479933	22.8069462970857	1
6.875	4.75	0.0147982984019895	0.810679407846377	0.00581595236268875	22.7996778358687	1
7.125	4.75	0.0186630778599225	0.813166911339448	0.00528968484647403	22.7901816946941	1
7.375	4.75	0.0245257771264158	0.815886361686765	0.00449443200681577	22.7775848830039	1
7.625	4.75	0.0340921189438085	0.818746367723865	0.00347243775421171	22.7605748384104	1
7.875	4.75	0.0502397641194348	0.821581002925041	0.00229331765474594	22.7372353601887	1
8.125	4.75	0.0774575869753759	0.824099314835693	0.00104601925885407	22.7049024134816	1
8.375	4.75	0.121972027530281	0.825830968133951	-0.00017463411721908	22.6601326881309	1
8.625	4.75	0.190771548538476	0.826150129916139	-0.00128397293666315	22.5989349383635	1
8.875	4.75	0.288478102311424	0.824544463667698	-0.00222190810739303	22.5174170684623	1
9.125	4.75	0.412262569467209	0.821168453193848	-0.00296144818155622	22.4128355255341	1
9.375	4.75	0.548708788759887	0.817139877265709	-0.00350733693055189	22.2846560807756	1
9.625	4.75	0.678235490754959	0.81383810931059	-0.0038833472129097	22.1349431376054	1
9.875	4.75	0.785207726079014	0.811816420104691	-0.00411490641953389	21.9677025337751	1
10.125	4.75	0.864024062978206	0.810714699809777	-0.00421978924081052	21.787595518159	1
10.375	4.75	0.917348701939032	0.809959437988331	-0.00421090775956032	21.5988243120904	1
10.625	4.75	0.95129612426678	0.809214401875785	-0.00410291268306883	21.4046109142949	1
10.875	4.75	0.971987036969293	0.808390758632886	-0.00391492118826726	21.2071729064809	1
11.125	4.75	0.984194638451276	0.807517906360922	-0.00366886828952876	21.0079274558887	1
11.375	4.75	0.991212736756594	0.806651030829662	-0.00338635193734504	20.8077322501723	1
11.625	4.75	0.995160204167786	0.80583375111766	-0.00308614639803535	20.6070834691117	1
11.875	4.75	0.997339662144301	0.805090891078123	-0.00278302472823251	20.4062557086807	1
12.125	4.75	0.998525614652503	0.804431979055871	-0.00248765412046313	20.2053931706782	1
12.375	4.75	0.99916575463872	0.803856648281446	-0.00220710392579845	20.0045661228549	1
12.625	4.75	0.999512087925148	0.803359071546721	-0.00194558676364331	19.8038045467574	1
12.875	4.75	0.999702760629871	0.802930957635084	-0.00170520207910864	19.6031175224636	1
13.125	4.75	0.999811519129427	0.802563363414201	-0.00148657367426356	19.4025040118296	1
13.375	4.75	0.999876760040874	0.80224768788565	-0.00128934911591792	19.2019586177944	1
13.625	4.75	0.999918095875161	0.801976149852424	-0.00111256809421228	19.0014745045684	1
13.875	4.75	0.999945496936211	0.801741960443798	-0.000954922350079455	18.8010447728667	1
14.125	4.75	0.99996415001058	0.801539327404864	-0.000814932621974468	18.6006630326705	1
14.375	4.75	0.999976930294712	0.801363375489704	-0.000691065210668118	18.400323584096	1
14.625	4.75	0.999985597591223	0.801210032576144	-0.000581806105420198	18.2000214234076	1
14.875	4.75	0.999991344695846	0.801075909104353	-0.000485706021488126	17.999752182381	1
15.125	4.75	0.999995037473757	0.800958184952773	-0.000401405883924442	17.7995120507143	1
15.375	4.75	0.999997320072644	0.800854509893829	-0.000327649389192971	17.5992977015143	1
15.625	4.75	0.999998667388826	0.800762919292396	-0.000263287183345659	17.3991062260031	1
15.875	4.75	0.999999419570669	0.800681764398588	-0.000207275730402072	17.1989350778753	1
16.125	4.75	0.999999810773151	0.800609655524804	-0.000158672944164379	16.9987820258998	1
16.375	4.75	0.999999994907842	0.800545416084912	-0.000116631970363801	16.7986451131645	1
16.625	4.75	1.00000006804568	0.800488045527992	-8.03940406045989e-05	16.5985226216831	1
16.875	4.75	1.00000008674755	0.80043668942065	-4.92810058621208e-05	16.3984130414685	1
17.125	4.75	1.00000008208932	0.800390615230202	-2.26879362248475e-05	16.1983150434688	1
17.375	4.75	1.00000006970511	0.80034919262177	-7.60238388442598e-08	15.9982274559212	1
17.625	4.75	1.00000005652114	0.800311877344164	1.90340705311273e-05	15.7981492437707	1
17.875	4.75	1.00000004497454	0.800278197974943	3.50683629369291e-05	15.5980794908283	1
18.125	4.75	1.00000003546531	0.800247744953018	4.84051590276456e-05	15.3980173843606	1
18.375	4.75	1.00000002765672	0.800220161456809	5.9380141277624e-05	15.1979622018163	1
18.625	4.75	1.00000002108304	0.800195135784174	6.82909553895531e-05	14.997913299406	1
18.875	4.75	1.000000015378	0.800172394953595	7.54013286426002e-05	14.7978701022798	1
19.125	4.75	1.00000001031812	0.800151699313107	8.09447586967033e-05	14.5978320960696	1
19.375	4.75	1.00000000579336	0.800132837983602	8.51278122567228e-05	14.3977988195953	1
19.625	4.75	1.00000000176134	0.800115624989948	8.81330719891919e-05	14.1977698585579	1
19.875	4.75	0.999999998209106	0.800099895968053	9.01217658249941e-05	13.997744840074	1
20.125	4.75	0.999999995128655	0.800085505354709	9.12361140256451e-05	13.7977234279255	1
20.375	4.75	0.999999992505203	0.800072323982251	9.16014233631567e-05	13.5977053184212	1
20.625	4.75	0.9999999903143	0.800060237013148	9.13279544482234e-05	13.3976902367795	1
20.875	4.75	0.999999988522774	0.800049142159679	9.05125874801401e-05	13.1976779339633	1
21.125	4.75	0.999999987091728	0.80003894815046	8.92403082456491e-05	12.9976681839013	1
21.375	4.75	0.999999985980092	0.800029573405148	8.758553359778e-05	12.797660781045	1
21.625	4.75	0.999999985147871	0.800020944882279	8.5613293365732e-05	12.5976555382148	1
21.875	4.75	0.999999984557339	0.800012997078659	8.33802837708396e-05	12.3976522847006	1
22.125	4.75	0.999999984174085	0.80000567115929	8.09358068957021e-05	12.1976508645809	1
22.375	4.75	0.999999983967657	0.799998914197115	7.83226077610903e-05	11.997651135234	1
22.625	4.75	0.999999983911587	0.799992678506735	7.55776196122412e-05	11.7976529660178	1
22.875	4.75	0.999999983982676	0.799986921061969	7.27326280083175e-05	11.5976562370959	1
23.125	4.75	0.999999984160748	0.799981602984302	6.98148615760426e-05	11.3976608383936	1
23.375	4.75	0.999999984428665	0.799976689090854	6.68475173444917e-05	11.1976666686674	1
23.625	4.75	0.999999984771694	0.799972147495692	6.38502275463361e-05	10.9976736346745	1
23.875	4.75	0.999999985177207	0.799967949258703	6.08394738317294e-05	10.797681650432	1
24.125	4.75	0.999999985634173	0.7999640680723	5.78289555940923e-05	10.597690636554	1
24.375	4.75	0.999999986133085	0.799960479983456	5.48299153482043e-05	10.3977005196591	1
24.625	4.75	0.999999986665956	0.799957163145682	5.18514270376082e-05	10.1977112318396	1
24.875	4.75	0.999999987225747	0.799954097596624	4.89006514953033e-05	9.99772271018752	1
25.125	4.75	0.999999987806476	0.799951265059073	4.59830606266003e-05	9.79773489637009	1
25.375	4.75	0.999999988403026	0.799948648759718	4.31026362386329e-05	9.59774773625015	1
25.625	4.75	0.999999989011139	0.799946233266031	4.02620445095326e-05	9.39776117954834	1
25.875	4.75	0.999999989627324	0.799944004337549	3.74627891574624e-05	9.19777517954168	1
26.125	4.75	0.999999990248764	0.799941948787312	3.47053464089885e-05	8.99778969279687	1
26.375	4.75	0.999999990873335	0.799940054354529	3.19892826877684e-05	8.79780467893534	1
26.625	4.75	0.999999991499674	0.799938309585202	2.93133584971673e-05	8.59782010042773	1
26.875	4.75	0.999999992127183	0.79993670371933	2.66756201508897e-05	8.39783592241634	1
27.125	4.75	0.999999992755806	0.79993522658334	2.40734806018815e-05	8.19785211256409	1
27.375	4.75	0.999999993385632	0.799933868484735	2.15037917712572e-05	7.99786864092913	1
27.625	4.75	0.999999994015408	0.799932620108143	1.89629104900048e-05	7.79788547986511	1
27.875	4.75	0.999999994640776	0.79993147241377	1.64467593931264e-05	7.59790260394685	1
28.125	4.75	0.999999995252926	0.799930416534879	1.39508863212682e-05	7.39791998992092	1
28.375	4.75	0.999999995838353	0.799929443671877	1.14705232540083e-05	7.19793761668206	1
28.625	4.75	0.999999996382626	0.799928544984815	9.00064573807013e-06	6.99795546527572	1
28.875	4.75	0.99999999687949	0.799927711478699	6.53603956369962e-06	6.7979735189262	1
29.125	4.75	0.999999997345279	0.799926933885588	4.07137608692287e-06	6.59799176309229	1
29.375	4.75	0.999999997838115	0.799926202543351	1.60130025435202e-06	6.39801018554841	1
29.625	4.75	0.999999998471176	0.799925507263447	-8.79457438839464e-07	6.19802877649376	1
29.875	4.75	0.999999999403392	0.799924837200835	-3.37593983307821e-06	5.99804752869457	1
30.125	4.75	1.00000000078763	0.799924180732882	-5.89278218570869e-06	5.79806643766233	1
30.375	4.75	1.00000000265858	0.799923525349239	-8.43397843077157e-06	5.59808550187706	1
30.625	4.75	1.00000000476225	0.799922857572171	-1.10025935143253e-05	5.39810472306369	1
30.875	4.75	1.0000000063747	0.799922162922472	-1.36004233698349e-05	5.19812410651955	1
31.125	4.75	1.00000000622069	0.799921425933437	-1.62276076058658e-05	4.99814366147465	1
31.375	4.75	1.00000000266844	0.79992063021921	-1.88822119413637e-05	4.79816340143808	1
31.625	4.75	0.99999999439956	0.799919758589709	-2.15597907939987e-05	4.59818334444171	1
31.875	4.75	0.999999981659083	0.799918793192317	-2.42529146835399e-05	4.3982035130636	1
32.125	4.75	0.999999967913847	0.79991771569158	-2.69506154551984e-05	4.19822393411505	1
32.375	4.75	0.999999961257999	0.799916507554388	-2.96376654991762e-05	3.99824463794152	1
32.625	4.75	0.999999974294714	0.799915150612319	-3.22935992511333e-05	3.79826565745241	1
32.875	4.75	1.00000002078547	0.79991362822646	-3.48914564830479e-05	3.59828702724476	1
33.125	4.75	1.0000001076291	0.799911927529161	-3.73964070972534e-05	3.39830878343824	1
33.375	4.75	1.00000022238528	0.79991004324307	-3.97646981006473e-05	3.19833096489579	1
33.625	4.75	1.00000032007592	0.799907983335885	-4.19436526225499e-05	2.99835361607514	1
33.875	4.75	1.00000031808111	0.799905776118355	-4.38735527855344e-05	2.79837679052833	1
34.125	4.75	1.00000011269406	0.799903477248242	-4.54919171031386e-05	2.59840055194678	1
34.375	4.75	0.999999631220239	0.799901173672444	-4.6739811079018e-05	2.39842496712958	1
34.625	4.75	0.999998923435543	0.79989898042624	-4.75686328490874e-05	2.19845008377934	1
34.875	4.75	0.999998270164385	0.799897026469983	-4.79450583260981e-05	1.99847588818153	1
35.125	4.75	0.999998244494543	0.799895428786428	-4.78527585424278e-05	1.7985022467521	1
35.375	4.75	0.99999961535052	0.799894260821743	-4.72932409306187e-05	1.59852885308575	1
35.625	4.75	1.00000296641152	0.799893531566555	-4.62945345938987e-05	1.39855522601808	1
35.875	4.75	1.00000796867915	0.799893201611762	-4.49424407502476e-05	1.19858082331018	1
36.125	4.75	1.00001244950841	0.799893264302842	-4.34480122420105e-05	0.998605327714731	1
36.375	4.75	1.00001176350581	0.799893901471165	-4.22480811337266e-05	0.798629097259149	1
36.625	4.75	0.999999402850358	0.799895671893156	-4.20969063221479e-05	0.598653625852766	1
36.875	4.75	0.999970016104834	0.799899615138317	-4.40518932216674e-05	0.398681645710866	1
37.125	4.75	0.999925561036411	0.799918372211427	-4.92115719491145e-05	0.19871630135451	1
37.375	4.75	0.999883641208038	0.399931826631354	-5.67071080255166e-05	-0.00124685837682725	1
0.125	5.25	0.000403390517556959	0.799778988063304	-0.000974109230040182	22.8283911298959	1
0.375	5.25	0.00040378694620205	0.799825491831567	-0.00114709218079718	22.8283407854293	1
0.625	5.25	0.000404584151693487	0.799708108844564	-0.00133747031437958	22.8283191525914	1
0.875	5.25	0.000405616583308045	0.799586205513333	-0.00152937196563045	22.8283288263809	1
1.125	5.25	0.000406381352392732	0.799473843569532	-0.00160628121293141	22.828369371344	1
1.375	5.25	0.000405906465992411	0.799390611292399	-0.00145185829927969	22.8284366175719	1
1.625	5.25	0.000402715943125239	0.799364083894503	-0.00101401210474581	22.8285206033008	1
1.875	5.25	0.000394968885207101	0.799420305823115	-0.000371593310839612	22.8286035112315	1
2.125	5.25	0.000380841651847388	0.79955671775616	0.000256233351424448	22.8286624103807	1
2.375	5.25	0.000359185336063983	0.799717587745827	0.00061067019323488	22.8286810552927	1
2.625	5.25	0.000330428928437653	0.79981544442734	0.000547138070903498	22.8286648721232	1
2.875	5.25	0.000297631243335683	0.799802816577307	0.000139628789678711	22.8286408798037	1
3.125	5.25	0.00026754160844596	0.79971508641946	-0.000330172824753397	22.8286352129183	1
3.375	5.25	0.000251525852271266	0.799628678862165	-0.000565465904843886	22.8286511593273	1
3.625	5.25	0.000266227635729012	0.79959771359914	-0.000459417847615766	22.8286683534942	1
3.875	5.25	0.000333828599265578	0.799641557031929	-9.95966563649077e-05	22.8286529444892	1
4.125	5.25	0.000481736116731618	0.799767837331698	0.000367518620594691	22.8285629083464	1
4.375	5.25	0.00074148577479604	0.799988270579613	0.000849415948106943	22.8283468360497	1
4.625	5.25	0.001146647179057	0.800318339482012	0.00131778026455696	22.8279418913649	1
4.875	5.25	0.00172967346437834	0.800773753435563	0.00176916850030765	22.8272736537472	1
5.125	5.25	0.00251804533228415	0.801370344100565	0.00219571431335855	22.8262568004504	1
5.375	5.25	0.00353068740079126	0.802124791366654	0.00257712663120626	22.8247953810604	1
5.625	5.25	0.00477630757947276	0.803053648379047	0.00288365171553475	22.8227820324679	1
5.875	5.25	0.00625599841498963	0.804171032739955	0.00308133660410839	22.8200949726177	1
6.125	5.25	0.00797337483079012	0.805486167287393	0.00313720097932746	22.816590412907	1
6.375	5.25	0.00995707322368753	0.807001440769868	0.00302460211943101	22.8120867033586	1
6.625	5.25	0.0123030458406641	0.808711165462292	0.00272898163257062	22.8063351426139	1
6.875	5.25	0.0152483134410128	0.810600843514717	0.0022535339264945	22.7989709826426	1
7.125	5.25	0.0192941540985802	0.812646027765225	0.00162379957789644	22.7894371891258	1
7.375	5.25	0.0254042835542455	0.814808241864693	0.000889740263450666	22.7768742743899	1
7.625	5.25	0.0353065672846758	0.817022628279669	0.000123593967610841	22.7599747570975	1
7.875	5.25	0.0519051642309906	0.819168941340118	-0.000587976613860161	22.7368154492537	1
8.125	5.25	0.0797135560787084	0.821019305864548	-0.00115800455899371	22.7047116192712	1
8.375	5.25	0.124961447088289	0.82217829678029	-0.00151856747103895	22.6601881196611	1
8.625	5.25	0.194578719634538	0.822098287745169	-0.00164209999032387	22.599219258658	1
8.875	5.25	0.293018663991126	0.820337347209833	-0.00155777308326431	22.5178891138135	1
9.125	5.25	0.41718660586543	0.817093336626108	-0.00135077332601238	22.4134516942816	1
9.375	5.25	0.553460221835628	0.81346901425059	-0.00113306833106039	22.2853896127376	1
9.625	5.25	0.682306671368981	0.810756512116048	-0.000994348427682801	22.135786886571	1
9.875	5.25	0.788363686553097	0.809390792382436	-0.000967249730875829	21.9686554216843	1
10.125	5.25	0.866302447970238	0.808919185490612	-0.00103095861361813	21.7886475035007	1
10.375	5.25	0.918923426488083	0.808717813953447	-0.0011400220404536	21.5999514956326	1
10.625	5.25	0.952359709799287	0.80843052145063	-0.00125107463645758	21.4057799707932	1
10.875	5.25	0.972697932726199	0.807966436729993	-0.00133528404637028	21.2083484142191	1
11.125	5.25	0.984667797711949	0.807363091752987	-0.00137934297149158	21.009077642198	1
11.375	5.25	0.991526929732379	0.806688897188966	-0.0013814292407858	20.8088319514431	1
11.625	5.25	0.995368217186789	0.806002241379859	-0.00134642531635047	20.6081148417447	1
11.875	5.25	0.997476709106785	0.805342031388207	-0.00128216665364586	20.407207617689	1
12.125	5.25	0.998615260663311	0.80473004705597	-0.00119704125027303	20.2062600024186	1
12.375	5.25	0.999223841912406	0.804175949371945	-0.00109869456342868	20.0053464816232	1
12.625	5.25	0.999549293558835	0.803681765787423	-0.00099347768128159	19.804500067462	1
12.875	5.25	0.999726272424931	0.8032451522259	-0.000886332097352328	19.6037318887282	1
13.125	5.25	0.999826151313207	0.802861543636628	-0.000780898066757092	19.4030421919138	1
13.375	5.25	0.999885709282045	0.802525481937519	-0.00067971543716134	19.2024262955003	1
13.625	5.25	0.999923460436865	0.802231387225678	-0.000584444177333097	19.001877670351	1
13.875	5.25	0.99994863540478	0.801973971808124	-0.000496068815216257	18.8013894399468	1
14.125	5.25	0.999965928858989	0.801748434755422	-0.000415072456157427	18.6009550473549	1
14.375	5.25	0.999977893406544	0.801550527647788	-0.000341577457911959	18.4005685052997	1
14.625	5.25	0.999986080869404	0.801376549193872	-0.000275455241775976	18.2002244519406	1
14.875	5.25	0.999991552287401	0.801223304190064	-0.000216409800075846	17.9999181253001	1
15.125	5.25	0.999995091526947	0.801088047774742	-0.000164039842995689	17.7996453098432	1
15.375	5.25	0.99999729257278	0.800968426718133	-0.000117884134531878	17.5994022781633	1
15.625	5.25	0.99999860011522	0.800862423803749	-7.7453890132173e-05	17.3991857361397	1
15.875	5.25	0.999999336360136	0.800768307992112	-4.22553892180902e-05	17.1989927736477	1
16.125	5.25	0.999999724917798	0.800684591159928	-1.1805297574386e-05	16.998820820638	1
16.375	5.25	0.999999913548349	0.800609991235557	1.43593663897274e-05	16.7986676078758	1
16.625	5.25	0.999999994751021	0.800543401090288	3.66751424993932e-05	16.5985311317056	1
16.875	5.25	1.00000002302155	0.800483862402786	5.55488004248082e-05	16.3984096224169	1
17.125	5.25	1.00000002825171	0.800430543727388	7.13559450284382e-05	16.1983015159325	1
17.375	5.25	1.00000002541107	0.800382722067993	8.44409396736636e-05	15.9982054286099	1
17.625	5.25	1.00000002107166	0.800339767360278	9.5117704581815e-05	15.7981201349599	1
17.875	5.25	1.00000001750394	0.800301129373688	0.000103671071610013	15.5980445480636	1
18.125	5.25	1.00000001505467	0.80026632662121	0.000110358467048831	15.397977702451	1
18.375	5.25	1.00000001340139	0.80023493694338	0.000115411765902941	15.1979187391842	1
18.625	5.25	1.00000001213134	0.80020658949563	0.000119039209258406	14.9978668928934	1
18.875	5.25	1.00000001095088	0.800180957912138	0.000121427311860629	14.7978214805162	1
19.125	5.25	1.00000000971676	0.800157754462339	0.000122742714052478	14.597781891516	1
19.375	5.25	1.00000000839962	0.800136725043817	0.000123133947003804	14.3977475793734	1
19.625	5.25	1.00000000703367	0.800117644880752	0.000122733095745831	14.1977180541748	1
19.875	5.25	1.00000000567583	0.800100314824689	0.000121657350848764	13.997692876142	1
20.125	5.25	1.0000000043809	0.80008455816535	0.000120010446156054	13.7976716499726	1
20.375	5.25	1.00000000318987	0.800070217871837	0.000117883984184481	13.5976540198785	1
20.625	5.25	1.00000000212679	0.800057154205182	0.000115358651116157	13.3976396652284	1
20.875	5.25	1.00000000120046	0.800045242646054	0.000112505327789155	13.1976282967136	1
21.125	5.25	1.00000000040876	0.80003437209214	0.000109386102922089	12.9976196529683	1
21.375	5.25	0.999999999742668	0.800024443288331	0.000106055193451578	12.7976134975856	1
21.625	5.25	0.999999999189803	0.800015367455456	0.000102559779196353	12.5976096164793	1
21.875	5.25	0.999999998736438	0.800007065090636	9.89407587363105e-05	12.3976078155479	1
22.125	5.25	0.999999998369329	0.799999464915306	9.52334319728115e-05	12.1976079186039	1
22.375	5.25	0.999999998076396	0.799992502951886	9.1468115343398e-05	11.9976097655357	1
22.625	5.25	0.999999997846819	0.7999861217124	8.76706960896971e-05	11.7976132106742	1
22.875	5.25	0.999999997671116	0.79998026948284	8.38631308325932e-05	11.5976181213397	1
23.125	5.25	0.99999999754118	0.799974899690685	8.00638921166593e-05	11.3976243765478	1
23.375	5.25	0.999999997450347	0.799969970346201	7.62883683566535e-05	11.1976318658566	1
23.625	5.25	0.99999999739277	0.799965443547688	7.2549223015377e-05	10.9976404883379	1
23.875	5.25	0.999999997363427	0.799961285042708	6.88567141571375e-05	10.7976501516593	1
24.125	5.25	0.999999997358087	0.799957463836238	6.52189794556691e-05	10.5976607712645	1
24.375	5.25	0.999999997372928	0.79995395184221	6.16422906497685e-05	10.3976722696416	1
24.625	5.25	0.999999997404741	0.799950723573934	5.81312791753805e-05	10.1976845756686	1
24.875	5.25	0.999999997450693	0.799947755864219	5.46891370599442e-05	9.99769762403008	1
25.125	5.25	0.999999997508368	0.799945027614873	5.13177937894592e-05	9.7977113546955	1
25.375	5.25	0.999999997575583	0.799942519572185	4.80180736657821e-05	9.59772571245509	1
25.625	5.25	0.999999997650438	0.799940214123495	4.47898355305326e-05	9.397740646506	1
25.875	5.25	0.999999997731352	0.799938095112215	4.1632095030514e-05	9.19775611008477	1
26.125	5.25	0.999999997817066	0.799936147667954	3.85431330889415e-05	8.9977720601422	1
26.375	5.25	0.999999997906506	0.79993435805217	3.5520592394075e-05	8.79778845705695	1
26.625	5.25	0.999999997998829	0.799932713516594	3.25615630304014e-05	8.59780526438453	1
26.875	5.25	0.999999998093941	0.799931202170257	2.96626590398617e-05	8.39782244863888	1
27.125	5.25	0.999999998192255	0.799929812854269	2.68200876892196e-05	8.19783997910511	1
27.375	5.25	0.999999998294357	0.799928535025207	2.40297123565055e-05	7.99785782768155	1
27.625	5.25	0.999999998400022	0.799927358643239	2.12871128338233e-05	7.79787596874894	1
27.875	5.25	0.999999998506427	0.799926274065278	1.8587643083137e-05	7.59789437906704	1
28.125	5.25	0.999999998606794	0.799925271943479	1.59264873957123e-05	7.39791303769633	1
28.375	5.25	0.99999999868917	0.799924343122589	1.3298720131165e-05	7.19793192594466	1
28.625	5.25	0.999999998737324	0.799923478543333	1.0699367605588e-05	6.99795102733937	1
28.875	5.25	0.999999998737552	0.799922669148587	8.12347578131331e-06	6.79797032762081	1
29.125	5.25	0.999999998691075	0.799921905786798	5.56618882953163e-06	6.59798981475811	1
29.375	5.25	0.999999998632289	0.799921179122684	3.0228371995027e-06	6.39800947898534	1
29.625	5.25	0.999999998647362	0.799920479551492	4.89042892304859e-07	6.19802931285473	1
29.875	5.25	0.999999998878509	0.799919797117238	-2.03915065361658e-06	5.99804931130875	1
30.125	5.25	0.999999999493285	0.799919121450179	-4.56512294545176e-06	5.79806947177264	1
30.375	5.25	1.00000000059839	0.799918441729074	-7.09148750859489e-06	5.59808979427019	1
30.625	5.25	1.00000000208731	0.799917746676486	-9.61986465469486e-06	5.39811028156882	1
30.875	5.25	1.00000000344926	0.799917024611667	-1.21506220011165e-05	5.19813093935547	1
31.125	5.25	1.00000000363003	0.799916263571366	-1.46825899269928e-05	4.99815177642656	1
31.375	5.25	1.00000000110911	0.799915451495655	-1.72127639808042e-05	4.7981728048524	1
31.625	5.25	0.999999994403376	0.799914576474351	-1.97360114486533e-05	4.59819404003664	1
31.875	5.25	0.999999983156927	0.799913627030309	-2.22447907257057e-05	4.39821550055355	1
32.125	5.25	0.999999969741462	0.799912592409573	-2.47288768357007e-05	4.19823720763739	1
32.375	5.25	0.999999960815201	0.799911462878202	-2.71750762711565e-05	3.99825918425759	1
32.625	5.25	0.999999967632633	0.799910230105811	-2.95669204363818e-05	3.79828145387821	1
32.875	5.25	1.0000000033345	0.799908887841132	-3.18843677957011e-05	3.59830403927554	1
33.125	5.25	1.00000007553583	0.799907433239037	-3.41036413027273e-05	3.39832696210389	1
33.375	5.25	1.00000017404232	0.799905869289591	-3.61974662314663e-05	3.19835024404965	1
33.625	5.25	1.00000025711354	0.79990420866797	-3.81360799770302e-05	2.99837391006691	1
33.875	5.25	1.00000024520874	0.799902478793623	-3.98893479978936e-05	2.7983979929626	1
34.125	5.25	1.00000003669517	0.799900726820483	-4.14300129529137e-05	2.59842253632023	1
34.375	5.25	0.999999561117814	0.799899021798044	-4.27374831208908e-05	2.39844758987438	1
34.625	5.25	0.999998875531155	0.799897449909925	-4.38008400526451e-05	2.19847318952879	1
34.875	5.25	0.999998281384481	0.799896098694246	-4.46194614547112e-05	1.99849931614453	1
35.125	5.25	0.999998392643578	0.799895029174248	-4.52006640567901e-05	1.79852583664876	1
35.375	5.25	1.00000003378647	0.799894242333985	-4.55567871290596e-05	1.59855245030624	1
35.625	5.25	1.00000382543735	0.799893658222834	-4.57089370685092e-05	1.39857868955739	1
35.875	5.25	1.00000938564705	0.799893138317517	-4.5708984031233e-05	1.19860404637933	1
36.125	5.25	1.00001430125494	0.799892585145994	-4.56904331946643e-05	0.998628286774335	1
36.375	5.25	1.00001342839386	0.799892132838704	-4.59460265669849e-05	0.798651943889638	1
36.625	5.25	0.999999564867699	0.799892383108035	-4.70003763066253e-05	0.598676818034604	1
36.875	5.25	0.999966796658802	0.799894550500539	-4.96030019356711e-05	0.398706073434746	1
37.125	5.25	0.999917325690553	0.799912848434118	-5.45307151691853e-05	0.198743299866407	1
37.375	5.25	0.99987071720936	0.399925049431161	-6.09415847092307e-05	-0.00121640279411309	1
0.125	5.75	0.000402818519600116	0.799768194441196	-0.000815085770257674	22.8281908838493	1
0.375	5.75	0.000403203748535359	0.799774949612237	-0.000946243146823859	22.8281466537862	1
0.625	5.75	0.000403973773243981	0.799606385147712	-0.00116030881434564	22.8281457793403	1
0.875	5.75	0.000404956597494526	0.799440923655767	-0.00143208272352253	22.8281879678308	1
1.125	5.75	0.000405643193461505	0.799290431457432	-0.00166942359029256	22.8282714572401	1
1.375	5.75	0.000405057338735711	0.799178311399307	-0.00179574259506985	22.8283902046798	1
1.625	5.75	0.000401721784694943	0.799134647462959	-0.00178771834650552	22.8285311377214	1
1.875	5.75	0.000393797502732299	0.799182354481737	-0.00169330796640684	22.8286736795997	1
2.125	5.75	0.000379465430295483	0.799318307046647	-0.00159168192172887	22.8287937826413	1
2.375	5.75	0.000357584133709095	0.799502248346242	-0.00150574987720594	22.8288726531952	1
2.625	5.75	0.000328595231565108	0.799667103110468	-0.00137670479949724	22.828905960165	1
2.875	5.75	0.000295579011961968	0.79975150718295	-0.00116266327423856	22.8289069914792	1
3.125	5.75	0.000265314906713938	0.799737616707273	-0.000913393211332673	22.8288992408644	1
3.375	5.75	0.000249195451681395	0.799664627875742	-0.000685754864545416	22.8289002446995	1
3.625	5.75	0.000263862262068742	0.799605597301264	-0.000466274470758008	22.828906841441	1
3.875	5.75	0.000331437287059609	0.799629074385845	-0.000228548083583879	22.8288901780327	1
4.125	5.75	0.000479194488106618	0.799774135275297	1.59416313871327e-05	22.8288004132504	1
4.375	5.75	0.000738478632190688	0.800051235094646	0.000244661573821031	22.8285750702105	1
4.625	5.75	0.00114267594516854	0.800458900625239	0.000449794623195714	22.8281442495292	1
4.875	5.75	0.00172416426987741	0.800997409204461	0.000627655672253542	22.8274313942804	1
5.125	5.75	0.00251053887867182	0.801672234314958	0.00076576022723875	22.8263522568294	1
5.375	5.75	0.00352104798107641	0.80249138857147	0.000843653774535242	22.8248140786431	1
5.625	5.75	0.0047649223480107	0.803461902140379	0.00083887615068512	22.8227147258724	1
5.875	5.75	0.00624402682830178	0.804587455149268	0.00073173611466984	22.8199398778623	1
6.125	5.75	0.00796318754529617	0.805867178462986	0.000508999846251586	22.8163553693363	1
6.375	5.75	0.00995308439457609	0.807295345538203	0.000167643743897273	22.8117908002913	1
6.625	5.75	0.012313235319146	0.808861813442163	-0.000281266429566386	22.8060092656536	1
6.875	5.75	0.0152868915359831	0.810552860302263	-0.000809302114377835	22.7986566690466	1
7.125	5.75	0.0193860448308196	0.812351210437437	-0.0013690861423609	22.7891831523496	1
7.375	5.75	0.0255923159106605	0.814232249393185	-0.00189563676337462	22.7767300526297	1
7.625	5.75	0.0356621395477082	0.816150548405653	-0.00231182956874773	22.759981307742	1
7.875	5.75	0.0525417033092732	0.818007903979321	-0.0025387351633761	22.7369933806512	1
8.125	5.75	0.0807971534531259	0.819596587370144	-0.00251077000745108	22.705049394595	1
8.375	5.75	0.126701792136219	0.820535397244877	-0.00219456074125908	22.6606350121234	1
8.625	5.75	0.197168638541702	0.820286100769054	-0.00160877085890351	22.599690042499	1
8.875	5.75	0.296498128517501	0.818420849680071	-0.000837756557736201	22.518286162693	1
9.125	5.75	0.421289368375668	0.815163053208528	-2.42243294448971e-05	22.4137008791576	1
9.375	5.75	0.557625861562433	0.811632810869187	0.000672824322106019	22.2854714119219	1
9.625	5.75	0.685952596408398	0.809101214960694	0.00114051834149345	22.1357401402286	1
9.875	5.75	0.791174176560953	0.807957258468337	0.00134976364546534	21.9685512613783	1
10.125	5.75	0.868270244924715	0.807715158268784	0.00134285598793368	21.7885551673911	1
10.375	5.75	0.920211635888351	0.807737637288274	0.00119364453217879	21.5999174230653	1
10.625	5.75	0.953165810338719	0.807661877351866	0.00097381371482238	21.4058240643101	1
10.875	5.75	0.973187256390092	0.807390544702151	0.000737179995023175	21.2084701109863	1
11.125	5.75	0.984958475577377	0.806955599224877	0.00051736029746817	21.009264304411	1
11.375	5.75	0.991696620993664	0.806422388266557	0.000331495413617883	20.8090658103297	1
11.625	5.75	0.995465623969162	0.805849055773124	0.000185387575299989	20.6083775601547	1
11.875	5.75	0.997531537522935	0.805276440724939	7.80081666030366e-05	20.4074827912045	1
12.125	5.75	0.998645324017567	0.804729530292351	4.79616583095986e-06	20.2065342316081	1
12.375	5.75	0.999239701207413	0.80422169414336	-4.01924969165691e-05	20.0056095818566	1
12.625	5.75	0.999557153453593	0.80375863798571	-6.30197729495747e-05	19.8047448220211	1
12.875	5.75	0.99972974379441	0.803341359612455	-6.92061102491473e-05	19.6039536027742	1
13.125	5.75	0.999827309700486	0.802968160623907	-6.34517726078077e-05	19.4032381961652	1
13.375	5.75	0.999885726373493	0.802635943077659	-4.95784748492097e-05	19.2025954772511	1
13.625	5.75	0.999922979756488	0.802341010386943	-3.05862040256638e-05	19.0020200662954	1
13.875	5.75	0.999947995485286	0.802079540193902	-8.76090781049023e-06	18.8015059009125	1
14.125	5.75	0.999965295444592	0.801847847205163	1.42036438481828e-05	18.6010469724294	1
14.375	5.75	0.999977337265932	0.801642515595326	3.70890039605055e-05	18.400637637135	1
14.625	5.75	0.99998562302251	0.801460453219392	5.90489017554904e-05	18.2002727231734	1
14.875	5.75	0.999991189728499	0.801298901068262	7.95225977952071e-05	17.9999475461731	1
15.125	5.75	0.999994811352383	0.801155418798317	9.81644567189411e-05	17.7996578881673	1
15.375	5.75	0.999997079318815	0.801027858893412	0.000114788031253513	17.5993999641379	1
15.625	5.75	0.999998439222686	0.800914336711626	0.000129322452439406	17.3991703859371	1
15.875	5.75	0.999999215520213	0.80081320038309	0.000141778902837344	17.1989661269251	1
16.125	5.75	0.999999634333805	0.800723002533186	0.000152225159147438	16.9987844882141	1
16.375	5.75	0.999999845704665	0.800642474666377	0.000160766480904405	16.7986230666874	1
16.625	5.75	0.999999944008112	0.800570504422517	0.000167531423598134	16.5984797248681	1
16.875	5.75	0.999999985196636	0.800506115608076	0.000172661434846561	16.3983525627638	1
17.125	5.75	1.00000000025406	0.800448450764467	0.000176303330104606	16.1982398918326	1
17.375	5.75	1.00000000495139	0.800396755991156	0.000178603942018743	15.9981402111926	1
17.625	5.75	1.00000000644248	0.800350367756133	0.000179706403711691	15.7980521861174	1
17.875	5.75	1.00000000741966	0.800308701436646	0.00017974764861723	15.597974628786	1
18.125	5.75	1.00000000853671	0.800271241361056	0.000178856809052105	15.3979064811819	1
18.375	5.75	1.00000000969652	0.800237532159792	0.00017715427740489	15.1978467999881	1
18.625	5.75	1.00000001065355	0.800207171252227	0.0001747512484974	14.9977947432933	1
18.875	5.75	1.00000001123983	0.800179802316564	0.000171749606719443	14.7977495589153	1
19.125	5.75	1.0000000114076	0.800155109613183	0.000168242059138029	14.597710574154	1
19.375	5.75	1.00000001120063	0.800132813048419	0.000164312436390685	14.3976771867939	1
19.625	5.75	1.00000001070958	0.800112663877096	0.000160036106492997	14.1976488571988	1
19.875	5.75	1.00000001003556	0.800094440957305	0.000155480460140329	13.9976251013556	1
20.125	5.75	1.00000000926826	0.80007794748563	0.000150705434827105	13.7976054847458	1
20.375	5.75	1.00000000847617	0.800063008144549	0.000145764057364287	13.5975896169372	1
20.625	5.75	1.00000000770529	0.800049466607203	0.00014070298739171	13.3975771468042	1
20.875	5.75	1.00000000698225	0.800037183351999	0.000135563049283463	13.1975677583002	1
21.125	5.75	1.0000000063196	0.800026033746219	0.00013037974648408	12.9975611667106	1
21.375	5.75	1.0000000057204	0.800015906362899	0.000125183751693051	12.7975571153309	1
21.625	5.75	1.00000000518232	0.800006701499238	0.000120001368574875	12.5975553725167	1
21.875	5.75	1.00000000470026	0.799998329870953	0.000114854963860862	12.3975557290621	1
22.125	5.75	1.00000000426831	0.799990711460228	0.000109763369540276	12.197557995869	1
22.375	5.75	1.00000000388048	0.799983774498686	0.0001047422545036	11.9975620018715	1
22.625	5.75	1.00000000353108	0.79997745456767	9.98044657012705e-05	11.7975675921876	1
22.875	5.75	1.00000000321531	0.799971693799643	9.49603403186877e-05	11.5975746264707	1
23.125	5.75	1.00000000292902	0.799966440169313	9.0217990773542e-05	11.3975829774409	1
23.375	5.75	1.00000000266865	0.799961646866722	8.55835627988034e-05	11.1975925295731	1
23.625	5.75	1.0000000024312	0.799957271737701	8.10614696985896e-05	10.9976031779261	1
23.875	5.75	1.00000000221406	0.799953276784071	7.66546029577604e-05	10.7976148270974	1
24.125	5.75	1.00000000201502	0.799949627719852	7.23645212651347e-05	10.5976273902895	1
24.375	5.75	1.00000000183196	0.799946293574763	6.81916215210775e-05	10.3976407884762	1
24.625	5.75	1.00000000166317	0.799943246338832	6.41352902786242e-05	10.1976549496574	1
24.875	5.75	1.00000000150718	0.799940460642284	6.01940389581715e-05	9.99766980819502	1
25.125	5.75	1.0000000013626	0.799937913469547	5.63656249233238e-05	9.79768530422031	1
25.375	5.75	1.00000000122807	0.799935583903569	5.26471588192143e-05	9.5977013831056	1
25.625	5.75	1.0000000011025	0.799933452892561	4.9035199851854e-05	9.3977179949942	1
25.875	5.75	1.0000000009849	0.79993150303871	4.55258400459016e-05	9.19773509438326	1
26.125	5.75	1.00000000087428	0.799929718407995	4.2114779713185e-05	8.99775263975461	1
26.375	5.75	1.00000000076977	0.799928084357212	3.87973953948941e-05	8.79777059324855	1
26.625	5.75	1.00000000067066	0.799926587374718	3.55688004126358e-05	8.5977889203775	1
26.875	5.75	1.00000000057699	0.7999252149346	3.24238991375576e-05	8.39780758977613	1
27.125	5.75	1.00000000048928	0.799923955361727	2.93574385555879e-05	8.19782657298478	1
27.375	5.75	1.00000000040805	0.799922797708236	2.63640560559321e-05	7.99784584426446	1
27.625	5.75	1.00000000033367	0.799921731638761	2.34383252776746e-05	7.7978653804399	1
27.875	5.75	1.00000000026481	0.79992074732038	2.05748031572188e-05	7.59788516077018	1
28.125	5.75	1.00000000019638	0.7999198353243	1.77680758377847e-05	7.39790516684527	1
28.375	5.75	1.00000000011823	0.799918986532612	1.50128083690962e-05	7.19792538250508	1
28.625	5.75	1.00000000001504	0.79991819204957	1.23037997144834e-05	6.99794579378181	1
28.875	5.75	0.999999999870756	0.799917443123496	9.63604055756409e-06	6.79796638886191	1
29.125	5.75	0.999999999679243	0.799916731072745	7.0047796449103e-06	6.59798715806487	1
29.375	5.75	0.999999999461222	0.7999160472192	4.40560043851577e-06	6.39800809383716	1
29.625	5.75	0.999999999283754	0.799915382834342	1.83450729909176e-06	6.19802919075713	1
29.875	5.75	0.999999999270943	0.799914729094609	-7.11973598681051e-07	5.99805044554851	1
30.125	5.75	0.99999999958508	0.799914077053087	-3.23667591826378e-06	5.79807185710361	1
30.375	5.75	1.00000000035576	0.799913417641307	-5.74165769906849e-06	5.59809342651855	1
30.625	5.75	1.00000000154278	0.799912741706817	-8.22804673920056e-06	5.39811515714346	1
30.875	5.75	1.00000000275049	0.79991204009978	-1.06958697953649e-05	5.19813705465135	1
31.125	5.75	1.00000000307173	0.799911303823411	-1.31438749165052e-05	4.99815912711448	1
31.375	5.75	1.00000000111771	0.799910524249116	-1.55693575357688e-05	4.79818138505351	1
31.625	5.75	0.999999995447651	0.799909693381289	-1.79680023769723e-05	4.59820384138683	1
31.875	5.75	0.999999985577803	0.799908804139602	-2.03337543052491e-05	4.39822651117058	1
32.125	5.75	0.999999973531835	0.799907850616423	-2.2658727565377e-05	4.19824941100673	1
32.375	5.75	0.999999965421682	0.799906828271162	-2.49331588310383e-05	3.99827255805297	1
32.625	5.75	0.999999971863622	0.799905734088127	-2.71454207253111e-05	3.79829596873964	1
32.875	5.75	1.00000000541012	0.799904566848051	-2.92821432084131e-05	3.59831965759144	1
33.125	5.75	1.00000007319443	0.799903327817636	-3.13285443226417e-05	3.39834363690049	1
33.375	5.75	1.00000016447723	0.799902022283494	-3.32691351691467e-05	3.19836791819176	1
33.625	5.75	1.00000023650186	0.79990066229388	-3.50889829307126e-05	2.99839251609721	1
33.875	5.75	1.00000020792737	0.799899270507479	-3.67756179299906e-05	2.79841745398577	1
34.125	5.75	0.999999975158304	0.799897884019529	-3.83213844678777e-05	2.59844276826529	1
34.375	5.75	0.999999468370727	0.79989655552874	-3.97255630266755e-05	2.39846850513017	1
34.625	5.75	0.999998753555007	0.799895347772817	-4.09951224812553e-05	2.19849470132855	1
34.875	5.75	0.99999815703683	0.799894317051945	-4.21429166358588e-05	1.99852134240119	1
35.125	5.75	0.999998338460419	0.799893484740884	-4.31831496897501e-05	1.79854830178891	1
35.375	5.75	1.00000018156185	0.799892803658113	-4.41264827857029e-05	1.59857528488195	1
35.625	5.75	1.00000434862884	0.799892139014516	-4.49810024506392e-05	1.39860183077172	1
35.875	5.75	1.00001041956424	0.799891297295373	-4.57686826943988e-05	1.19862744790601	1
36.125	5.75	1.00001578097422	0.799890140457147	-4.65661219153222e-05	0.998651951055162	1
36.375	5.75	1.00001486901315	0.799888800842891	-4.75681871601804e-05	0.798675989249094	1
36.625	5.75	0.999999894418499	0.799887947317541	-4.91496861425518e-05	0.598701579096552	1
36.875	5.75	0.999964460262382	0.799888951509442	-5.18656689634905e-05	0.39873220043293	1
37.125	5.75	0.999910947115012	0.799907318723477	-5.63011728570275e-05	0.198771773147451	1
37.375	5.75	0.999860516541603	0.399918742618139	-6.1728294114457e-05	-0.00118500094367905	1
0.125	6.25	0.000404264783295548	0.799755356921142	-0.000462872713084959	22.8279983140014	1
0.375	6.25	0.000404643492171953	0.799739077286041	-0.000522505151574306	22.827960430504	1
0.625	6.25	0.00040539602494004	0.79955178582684	-0.000734693996902262	22.8279716546277	1
0.875	6.25	0.000406342900750603	0.799375291442015	-0.000993727982565566	22.8280299525046	1
1.125	6.25	0.00040696560430882	0.799225360902397	-0.00123385094541163	22.8281311734483	1
1.375	6.25	0.00040627768967253	0.799128947743114	-0.00139110660660629	22.8282655021789	1
1.625	6.25	0.000402792621011085	0.799111655455478	-0.00142699536871251	22.8284157489502	1
1.875	6.25	0.000394665050240256	0.799178705541318	-0.00135113198734895	22.8285600143315	1
2.125	6.25	0.000380074769413807	0.799302340352352	-0.00121512447302443	22.828679253213	1
2.375	6.25	0.000357886191200166	0.799431490135581	-0.00106960318032784	22.8287657700634	1
2.625	6.25	0.000328553896570346	0.799520850019607	-0.000928832980604287	22.8288254358812	1
2.875	6.25	0.000295175126375534	0.79955298625785	-0.000788308780118365	22.828871401833	1
3.125	6.25	0.000264543883040627	0.799538782265494	-0.000650194338599785	22.8289152949894	1
3.375	6.25	0.000248057685922058	0.799511188052883	-0.000526920226707332	22.8289604496671	1
3.625	6.25	0.000262348014666896	0.799520489013272	-0.000447086958123596	22.8289953779097	1
3.875	6.25	0.000329508448344018	0.799617990300322	-0.000429485738492305	22.8289886734558	1
4.125	6.25	0.000476766308862474	0.799833846786733	-0.000457710505826523	22.8288909189961	1
4.375	6.25	0.000735405233981519	0.800173770736647	-0.000505297761242463	22.8286416759678	1
4.625	6.25	0.00113874152026652	0.800633954545746	-0.000566504220892836	22.828174028466	1
4.875	6.25	0.00171908036764284	0.801213016885073	-0.000655747408175582	22.8274148033414	1
5.125	6.25	0.00250395728364003	0.801913033888651	-0.00079320143276926	22.8262836243781	1
5.375	6.25	0.00351262052461334	0.802736027544286	-0.000995997856720161	22.8246926786872	1
5.625	6.25	0.00475446400498583	0.803681469914984	-0.00127568510866245	22.8225463170064	1
5.875	6.25	0.00623187002792287	0.804745590543024	-0.00163691844834739	22.8197382450377	1
6.125	6.25	0.00795087491963107	0.805921729676297	-0.0020752370394433	22.8161433716782	1
6.375	6.25	0.00994465140590048	0.807201356787261	-0.00257422514175357	22.8116004530283	1
6.625	6.25	0.0123174959144214	0.808575646313599	-0.00310294071926084	22.8058803677517	1
6.875	6.25	0.0153213777771037	0.810037147178479	-0.00361450792596676	22.7986334534285	1
7.125	6.25	0.0194835692330646	0.811580051851864	-0.00404682917513854	22.7893084505778	1
7.375	6.25	0.0258114152613111	0.813195660024499	-0.00432641469555104	22.7770366340643	1
7.625	6.25	0.0361024361422083	0.814856732768448	-0.00437614499184198	22.7604805486816	1
7.875	6.25	0.0533630513559112	0.816481758089071	-0.00412729300160412	22.7376625208676	1
8.125	6.25	0.0822342199660991	0.817873518035254	-0.0035355126782222	22.7058206692498	1
8.375	6.25	0.129049644387063	0.818652412346857	-0.00259992582110096	22.6613928724612	1
8.625	6.25	0.200694672569974	0.81827798115229	-0.0013828183290473	22.600284995024	1
8.875	6.25	0.301249133099023	0.816332239140233	-2.13259783896254e-05	22.5185710274448	1
9.125	6.25	0.426881702367602	0.813069964340499	0.00128801739599826	22.4135819890119	1
9.375	6.25	0.563275722562375	0.8096354585212	0.0023473197399136	22.2849478248194	1
9.625	6.25	0.690862511527242	0.807276422749277	0.00303399186227692	22.1349015122536	1
9.875	6.25	0.79492507266394	0.806331155700921	0.00333729630248233	21.9675348006531	1
10.125	6.25	0.870866048535933	0.80628449275004	0.00333135142697115	21.7874939572847	1
10.375	6.25	0.921884402612197	0.806495405231945	0.00312106588025432	21.5989092756827	1
10.625	6.25	0.954190083960744	0.806602682190304	0.002802136158031	21.4049251534794	1
10.875	6.25	0.973790849048766	0.806506575894551	0.00244507395133876	21.2077027337278	1
11.125	6.25	0.985303056018672	0.806234018637191	0.00209467184981898	21.0086283701781	1
11.375	6.25	0.991887535566825	0.805845845551169	0.00177550313501175	20.8085488078376	1
11.625	6.25	0.995568026716467	0.805397690907025	0.00149829949347011	20.6079615659604	1
11.875	6.25	0.99758431262877	0.804929953950629	0.00126524255283354	20.407148785969	1
12.125	6.25	0.998671043693643	0.804468715033316	0.00107376288210293	20.2062644525974	1
12.375	6.25	0.999251149195539	0.804029341909852	0.000919030102203507	20.0053886019036	1
12.625	6.25	0.999561391281166	0.803619932941214	0.000795465928874012	19.8045598716515	1
12.875	6.25	0.999730563803646	0.803243925254061	0.000697590883737087	19.6037944814747	1
13.125	6.25	0.999826678486027	0.802901900094023	0.000620445675854083	19.4030969881567	1
13.375	6.25	0.99988461590828	0.802592776491755	0.000559757040381286	19.2024661976099	1
13.625	6.25	0.999921835933787	0.802314576823774	0.00051196018349587	19.0018983058471	1
13.875	6.25	0.999946996380737	0.80206490451851	0.000474148090110927	18.8013885033479	1
14.125	6.25	0.999964490051481	0.801841232900146	0.00044398948683291	18.6009317568273	1
14.375	6.25	0.999976717693574	0.801641072630431	0.000419638883225459	18.4005231680321	1
14.625	6.25	0.99998516050198	0.801462062776138	0.000399650786728969	18.2001581248162	1
14.875	6.25	0.999990851461166	0.801302015021819	0.000382903517286238	17.9998323552728	1
15.125	6.25	0.999994567564304	0.801158930016367	0.000368534331140737	17.7995419389095	1
15.375	6.25	0.999996905543851	0.801030997805427	0.000355885630223717	17.5992832995104	1
15.625	6.25	0.999998316430447	0.800916589682747	0.000344461149072437	17.3990531901362	1
15.875	6.25	0.999999129401894	0.80081424583815	0.000333890699521469	17.1988486744147	1
16.125	6.25	0.999999574367893	0.800722661325998	0.000323902042182756	16.9986671058019	1
16.375	6.25	0.999999804270907	0.8006406717615	0.000314298581746636	16.798506105692	1
16.625	6.25	0.999999915645251	0.800567239487227	0.000304941761975674	16.5983635410498	1
16.875	6.25	0.999999966019735	0.800501440574072	0.000295737222491406	16.3982375021875	1
17.125	6.25	0.999999987514032	0.800442452814521	0.000286623948311052	16.1981262812373	1
17.375	6.25	0.99999999671005	0.800389544755617	0.000277565793469611	15.998028351754	1
17.625	6.25	1.00000000133731	0.800342065760399	0.000268544883185527	15.7979423497474	1
17.875	6.25	1.00000000449498	0.800299437048686	0.00025955649735748	15.5978670563075	1
18.125	6.25	1.00000000712284	0.800261143662877	0.000250605122884907	15.3978013818727	1
18.375	6.25	1.00000000932471	0.800226727292045	0.000241701427793741	15.1977443521047	1
18.625	6.25	1.000000010996	0.800195779877585	0.000232859958317803	14.9976950952777	1
18.875	6.25	1.00000001206713	0.800167937935432	0.000224097403649646	14.7976528310633	1
19.125	6.25	1.00000001255902	0.800142877523849	0.000215431307978999	14.5976168605718	1
19.375	6.25	1.00000001256332	0.800120309786567	0.000206879129145379	14.3975865575184	1
19.625	6.25	1.00000001220403	0.800099977012012	0.000198457567413142	14.1975613603857	1
19.875	6.25	1.0000000116057	0.80008164914912	0.000190182105852599	13.9975407654677	1
20.125	6.25	1.00000001087428	0.80006512072848	0.000182066711275037	13.7975243206904	1
20.375	6.25	1.00000001008961	0.80005020813975	0.000174123657774426	13.5975116201184	1
20.625	6.25	1.00000000930584	0.800036747220894	0.000166363444183354	13.3975022990678	1
20.875	6.25	1.00000000855544	0.800024591125929	0.000158794780398368	13.1974960297545	1
21.125	6.25	1.00000000785504	0.800013608437816	0.000151424624351206	12.9974925174176	1
21.375	6.25	1.00000000721085	0.80000368149267	0.000144258254760598	12.7974914968622	1
21.625	6.25	1.00000000662297	0.799994704891943	0.00013729936795173	12.5974927293765	1
21.875	6.25	1.000000006088	0.799986584183224	0.00013055019045193	12.3974959999809	1
22.125	6.25	1.00000000560122	0.799979234687109	0.000124011600546889	12.1975011149707	1
22.375	6.25	1.0000000051578	0.799972580451636	0.000117683253201869	11.9975078997227	1
22.625	6.25	1.00000000475289	0.799966553321853	0.000111563704705458	11.7975161967348	1
22.875	6.25	1.00000000438225	0.799961092111594	0.00010565053366575	11.5975258638748	1
23.125	6.25	1.00000000404211	0.799956141862872	9.99404581602223e-05	11.3975367728142	1
23.375	6.25	1.00000000372927	0.799951653185764	9.44294456603093e-05	11.1975488076293	1
23.625	6.25	1.00000000344101	0.799947581668269	8.91128152323096e-05	10.9975618635487	1
23.875	6.25	1.0000000031748	0.799943887347243	8.39853330756003e-05	10.7975758458357	1
24.125	6.25	1.00000000292842	0.799940534237262	7.90412993627717e-05	10.5975906687881	1
24.375	6.25	1.00000000269995	0.799937489906941	7.42746278824607e-05	10.3976062548445	1
24.625	6.25	1.00000000248789	0.799934725097706	6.96789174758641e-05	10.1976225337857	1
24.875	6.25	1.00000000229069	0.79993221338318	6.52475163277898e-05	9.99763944202324	1
25.125	6.25	1.00000000210694	0.799929930863056	6.09735804532692e-05	9.79765692196307	1
25.375	6.25	1.00000000193539	0.799927855886846	5.68501252193815e-05	9.5976749214396	1
25.625	6.25	1.00000000177493	0.799925968804208	5.2870070860339e-05	9.39769339321179	1
25.875	6.25	1.0000000016245	0.799924251740476	4.90262841078535e-05	9.1977122945159	1
26.125	6.25	1.00000000148292	0.79992268839425	4.53116156211585e-05	8.99773158666899	1
26.375	6.25	1.00000000134934	0.799921263852904	4.1718932958917e-05	8.79775123471836	1
26.625	6.25	1.00000000122313	0.799919964423847	3.82411515046786e-05	8.59777120713322	1
26.875	6.25	1.00000000110397	0.799918777483527	3.48712627373221e-05	8.39779147553484	1
27.125	6.25	1.00000000099221	0.799917691339179	3.16023619768027e-05	8.19781201446047	1
27.375	6.25	1.00000000088845	0.799916695100722	2.84276760254269e-05	7.9978328011598	1
27.625	6.25	1.00000000079319	0.799915778566756	2.53405893832425e-05	7.79785381542035	1
27.875	6.25	1.00000000070593	0.799914932117517	2.23346735653866e-05	7.597875039419	1
28.125	6.25	1.00000000062277	0.799914146619212	1.94037185971917e-05	7.39789645759913	1
28.375	6.25	1.00000000053496	0.799913413339745	1.65417661673278e-05	7.19791805656904	1
28.625	6.25	1.00000000042878	0.799912723869451	1.37431481090513e-05	6.99793982502039	1
28.875	6.25	1.00000000028852	0.799912070052512	1.10025291716304e-05	6.79796175366477	1
29.125	6.25	1.00000000010528	0.799911443930626	8.31495471325277e-06	6.59798383518396	1
29.375	6.25	0.999999999893206	0.799910837695089	5.67590582208617e-06	6.39800606419033	1
29.625	6.25	0.999999999708825	0.799910243648773	3.08136110281877e-06	6.19802843719417	1
29.875	6.25	0.999999999663068	0.799909654182415	5.27865203337893e-07	5.99805095257531	1
30.125	6.25	0.999999999907321	0.799909061768428	-1.98739377243184e-06	5.79807361055779	1
30.375	6.25	1.00000000057057	0.79990845897811	-4.46649883523207e-06	5.59809641319019	1
30.625	6.25	1.00000000163105	0.799907838529948	-6.91071303076678e-06	5.39811936433641	1
30.875	6.25	1.00000000273696	0.799907193380995	-9.32038647112935e-06	5.19814246968112	1
31.125	6.25	1.00000000304978	0.799906516868961	-1.16948667197771e-05	4.99816573674202	1
31.375	6.25	1.0000000012629	0.799905802904703	-1.40324208669911e-05	4.79818917485995	1
31.625	6.25	0.999999996011472	0.799905046200609	-1.63301793131845e-05	4.59821279509947	1
31.875	6.25	0.99999998686079	0.799904242493539	-1.8584109942933e-05	4.39823660995506	1
32.125	6.25	0.999999975845866	0.799903388709657	-2.07890309482882e-05	4.19826063274667	1
32.375	6.25	0.999999969055201	0.799902483023734	-2.29386725230912e-05	3.99828487664409	1
32.625	6.25	0.999999977044999	0.7999015248184	-2.50258082403318e-05	3.79830935343554	1
32.875	6.25	1.00000001220899	0.7999005146673	-2.70425001511564e-05	3.59833407246304	1
33.125	6.25	1.00000008121924	0.799899454632193	-2.89805370273928e-05	3.39835904051701	1
33.375	6.25	1.0000001721785	0.79989834931001	-3.08321750582319e-05	3.19838426369562	1
33.625	6.25	1.000000239993	0.799897208027596	-3.25912751670262e-05	2.99840975190578	1
33.875	6.25	1.00000019963477	0.799896048142019	-3.42548230814398e-05	2.79843552535789	1
34.125	6.25	0.999999943382444	0.799894898383645	-3.58245707042161e-05	2.59846161984053	1
34.375	6.25	0.999999399798111	0.799893799633287	-3.73081703960813e-05	2.39848808421276	1
34.625	6.25	0.999998641261772	0.799892799008968	-3.87188516415195e-05	2.19851496116386	1
34.875	6.25	0.99999801539742	0.799891932973751	-4.00727426950636e-05	1.9985422441857	1
35.125	6.25	0.999998222246824	0.799891198343942	-4.13838490975164e-05	1.79856981413412	1
35.375	6.25	1.00000019878184	0.799890518436987	-4.2658809648224e-05	1.59859738059262	1
35.625	6.25	1.00000464708954	0.799889725213931	-4.38966432706305e-05	1.39862448365049	1
35.875	6.25	1.00001112168427	0.799888592825234	-4.51014028566254e-05	1.19865063664099	1
36.125	6.25	1.00001685059158	0.7998869624078	-4.63149380549345e-05	0.998675681216001	1
36.375	6.25	1.00001593025837	0.799884974692482	-4.76688878234946e-05	0.798700343880672	1
36.625	6.25	1.00000009209701	0.799883357720028	-4.94362776690938e-05	0.598726797480515	1
36.875	6.25	0.999962539138183	0.799883606663144	-5.20354057428382e-05	0.398758758363503	1
37.125	6.25	0.999905783570921	0.799902272063315	-5.59147417317476e-05	0.198800398560312	1
37.375	6.25	0.999852267979342	0.399913236883039	-6.04684966233269e-05	-0.00115391420562128	1
0.125	6.75	0.000406913291981593	0.799738204032974	-9.66943470560009e-05	22.8278466090106	1
0.375	6.75	0.000407290890096552	0.799697017577606	-0.000121420717752802	22.8278166591935	1
0.625	6.75	0.000408039047615251	0.799485659978625	-0.000341702376233843	22.8278407850556	1
0.875	6.75	0.00040897396386104	0.799279049700462	-0.000630747200417173	22.8279193445061	1
1.125	6.75	0.000409571352639375	0.79909844570019	-0.000947930706983385	22.8280487259158	1
1.375	6.75	0.000408839165702009	0.798975277294574	-0.00123746036522973	22.8282186321238	1
1.625	6.75	0.000405288148121404	0.798943185405893	-0.00143000612853133	22.828410007875	1
1.875	6.75	0.000397076698860608	0.799020051901014	-0.00146246504128497	22.828596338763	1
2.125	6.75	0.000382398402956389	0.799188084836928	-0.00131260680971374	22.8287504099965	1
2.375	6.75	0.000360143772955294	0.799389016097589	-0.0010261990832688	22.8288551719423	1
2.625	6.75	0.000330805832847216	0.79954774063439	-0.000697687384375023	22.8289123967763	1
2.875	6.75	0.000297531134416076	0.799616631036303	-0.000420552874886449	22.828941281606	1
3.125	6.75	0.000267173787911677	0.799607995141474	-0.000268210646939622	22.8289645166495	1
3.375	6.75	0.000251207589693139	0.799582900887236	-0.000292512891857213	22.8289901836654	1
3.625	6.75	0.000266369588604077	0.799609350453725	-0.000492794820699931	22.829003097346	1
3.875	6.75	0.00033490710499721	0.799732173151585	-0.000793126473181937	22.8289676193701	1
4.125	6.75	0.000484267903169358	0.799969769043015	-0.00110089088605547	22.8288343431332	1
4.375	6.75	0.000746033441460654	0.800324471513315	-0.00138275014423537	22.8285450131138	1
4.625	6.75	0.0011538953584477	0.800792371676511	-0.00166133674897366	22.8280345707558	1
4.875	6.75	0.00174061458624267	0.801367799776073	-0.0019703248970524	22.8272318089914	1
5.125	6.75	0.0025343035570186	0.802044174739264	-0.00233044401026652	22.8260598387858	1
5.375	6.75	0.00355503073822007	0.802813495738222	-0.00274916773375859	22.824436442199	1
5.625	6.75	0.00481349048741199	0.803665661923077	-0.00322515283584221	22.8222734413652	1
5.875	6.75	0.00631423277333281	0.804588278148467	-0.00374923885496772	22.8194732992672	1
6.125	6.75	0.00806693581878599	0.805567358219567	-0.00430278705071023	22.8159201423738	1
6.375	6.75	0.0101108446012253	0.80658910340532	-0.00485556112379208	22.8114612099716	1
6.625	6.75	0.0125602662213606	0.807642636369993	-0.005364408808256	22.8058733842676	1
6.875	6.75	0.0156834704926335	0.808723029924425	-0.00577346155866698	22.7988081054942	1
7.125	6.75	0.0200338766668195	0.809832870746309	-0.00601653666725011	22.789707219092	1
7.375	6.75	0.0266598215786776	0.810978572046156	-0.00602242463119272	22.7776835929565	1
7.625	6.75	0.0374204433162785	0.812154610224913	-0.00572350611584514	22.7613666903932	1
7.875	6.75	0.0554072629111799	0.813306217743455	-0.00506770897622048	22.7387299351474	1
8.125	6.75	0.0853585898314994	0.814265130055226	-0.00403350935510022	22.7069505202693	1
8.375	6.75	0.133669167990111	0.814681222867065	-0.00264759793942247	22.6624060296669	1
8.625	6.75	0.207137885480015	0.814048755150567	-0.0010032110705788	22.6009665703796	1
8.875	6.75	0.309468866619304	0.812000900465346	0.000730463329309965	22.5187246040702	1
9.125	6.75	0.436179637411272	0.808852451119213	0.00232969075810219	22.4130995082913	1
9.375	6.75	0.572416287745438	0.805759688602851	0.00358375699054563	22.2838559845752	1
9.625	6.75	0.698680162731845	0.803887789753599	0.00437699639456863	22.133348048118	1
9.875	6.75	0.800865199247307	0.803455688131555	0.00471960699332081	21.9657227569107	1
10.125	6.75	0.874995386709682	0.803876838631006	0.00470896082256355	21.7856115935173	1
10.375	6.75	0.924582753115986	0.80449312154373	0.00446762443682135	21.5970922162119	1
10.625	6.75	0.955881647876989	0.804947410984346	0.00410191899664035	21.4032519292395	1
10.875	6.75	0.974822091773567	0.805146347822725	0.00368796211219991	21.2062072832375	1
11.125	6.75	0.985919688425485	0.80512217303995	0.00327355070352416	21.0073157382134	1
11.375	6.75	0.992251097531488	0.80494073256391	0.00288526067847015	20.807407915624	1
11.625	6.75	0.995780109724966	0.804662845744255	0.00253556484241819	20.6069738474886	1
11.875	6.75	0.997707031253604	0.804334141839776	0.00222832802065684	20.4062933957753	1
12.125	6.75	0.998741637757982	0.803985681688165	0.00196257265701316	20.2055211095722	1
12.375	6.75	0.999291613359013	0.803637340343684	0.001734878016626	20.0047389568781	1
12.625	6.75	0.999584558285375	0.803301143780432	0.0015408235643917	19.8039880161872	1
12.875	6.75	0.999743845008364	0.80298386156746	0.00137580748041529	19.6032869906656	1
13.125	6.75	0.999834319357415	0.802688850645217	0.00123547568795515	19.4026427335134	1
13.375	6.75	0.999889034382111	0.802417312728829	0.00111591821294545	19.2020560652508	1
13.625	6.75	0.999924405296323	0.8021691310354	0.00101373296089195	19.0015248934084	1
13.875	6.75	0.999948497256799	0.801943416814696	0.000926018555130199	18.8010458325175	1
14.125	6.75	0.999965368309172	0.801738860089184	0.000850332872830899	18.60061501764	1
14.375	6.75	0.99997723018061	0.801553950470396	0.000784638161107839	18.4002284997658	1
14.625	6.75	0.999985456850401	0.801387113064283	0.000727243996591666	18.1998824325855	1
14.875	6.75	0.999991019900099	0.801236789727995	0.000676753673946357	17.9995731588189	1
15.125	6.75	0.999994660662753	0.801101485692354	0.000632016392275442	17.7992972491912	1
15.375	6.75	0.999996954820692	0.800979794564534	0.000592085873169013	17.5990515186835	1
15.625	6.75	0.999998340782468	0.800870410030804	0.000556185183345798	17.3988330308905	1
15.875	6.75	0.999999140067862	0.800772129499595	0.000523677156561798	17.1986390951672	1
16.125	6.75	0.999999577916346	0.800683852939838	0.000494039690570955	16.9984672587942	1
16.375	6.75	0.999999804431869	0.8006045789221	0.000466845205016303	16.79831529554	1
16.625	6.75	0.999999914445891	0.800533399097327	0.000441743609452729	16.5981811917377	1
16.875	6.75	0.999999964489328	0.800469491879392	0.000418448213792538	16.3980631308683	1
17.125	6.75	0.999999986117819	0.800412115809008	0.000396724095798833	16.1979594775071	1
17.375	6.75	0.999999995611372	0.80036060290419	0.000376378516179267	15.9978687613233	1
17.625	6.75	1.00000000055086	0.800314352193205	0.000357253036379425	15.7977896616358	1
17.875	6.75	1.00000000397219	0.800272823549345	0.0003392170496569	15.5977209928571	1
18.125	6.75	1.00000000679683	0.800235531904539	0.000322162485229335	15.3976616910087	1
18.375	6.75	1.00000000913171	0.800202041879236	0.000305999481836024	15.1976108013837	1
18.625	6.75	1.00000001088347	0.800171962841023	0.000290652862341534	14.9975674673539	1
18.875	6.75	1.00000001199506	0.8001449443964	0.00027605926934987	14.7975309202721	1
19.125	6.75	1.00000001249896	0.8001206722949	0.000262164843633208	14.5975004703911	1
19.375	6.75	1.00000001249614	0.800098864721102	0.000248923348053715	14.3974754987155	1
19.625	6.75	1.00000001211733	0.800079268956779	0.000236294656344627	14.1974554496948	1
19.875	6.75	1.00000001149202	0.800061658376712	0.000224243540429173	13.997439824675	1
20.125	6.75	1.00000001072986	0.800045829748027	0.000212738700038851	13.7974281760281	1
20.375	6.75	1.00000000991308	0.800031600809513	0.000201751988715288	13.5974201018912	1
20.625	6.75	1.00000000909738	0.800018808100468	0.000191257800067568	13.397415241449	1
20.875	6.75	1.00000000831645	0.800007305013596	0.000181232583053668	13.1974132707051	1
21.125	6.75	1.00000000758787	0.799996960051157	0.000171654460194162	12.9974138986897	1
21.375	6.75	1.00000000691838	0.79998765526107	0.000162502928579498	12.797416864059	1
21.625	6.75	1.00000000630824	0.799979284834786	0.000153758627527735	12.597421932046	1
21.875	6.75	1.00000000575435	0.799971753851017	0.000145403158850845	12.3974288917271	1
22.125	6.75	1.00000000525216	0.799964977148237	0.000137418948060892	12.1974375535702	1
22.375	6.75	1.00000000479685	0.799958878313544	0.00012978913772501	11.9974477472378	1
22.625	6.75	1.00000000438347	0.799953388775336	0.000122497507451338	11.7974593196168	1
22.875	6.75	1.00000000400756	0.799948446989627	0.000115528412128002	11.5974721330535	1
23.125	6.75	1.00000000366531	0.799943997708865	0.000108866735326508	11.3974860637715	1
23.375	6.75	1.00000000335327	0.799939991325215	0.000102497854990655	11.1975010004547	1
23.625	6.75	1.00000000306842	0.79993638328203	9.64076163790086e-05	10.9975168429779	1
23.875	6.75	1.000000002808	0.799933133543567	9.05823121322562e-05	10.7975335012709	1
24.125	6.75	1.00000000256968	0.799930206119242	8.50086667098105e-05	10.5975508943019	1
24.375	6.75	1.00000000235134	0.799927568636192	7.96738237097465e-05	10.3975689491676	1
24.625	6.75	1.00000000215118	0.799925191953375	7.45653360747037e-05	10.1975876002812	1
24.875	6.75	1.00000000196748	0.799923049815544	6.96711578570539e-05	9.99760678864598	1
25.125	6.75	1.00000000179877	0.799921118541671	6.49796367880495e-05	9.79762646120851	1
25.375	6.75	1.00000000164375	0.799919376743211	6.04795079074631e-05	9.59764657028114	1
25.625	6.75	1.00000000150099	0.799917805071259	5.61598879445099e-05	9.39766707302907	1
25.875	6.75	1.00000000136928	0.799916385989028	5.20102705094474e-05	9.19768793101391	1
26.125	6.75	1.00000000124746	0.799915103564356	4.80205223064644e-05	8.99770910978931	1
26.375	6.75	1.00000000113453	0.799913943283526	4.41808788778517e-05	8.7977305785436	1
26.625	6.75	1.00000000102975	0.799912891882838	4.04819427102232e-05	8.59775230978423	1
26.875	6.75	1.00000000093259	0.799911937196595	3.69146830994279e-05	8.39777427906103	1
27.125	6.75	1.0000000008432	0.799911068020565	3.34704360912404e-05	8.19779646472333	1
27.375	6.75	1.00000000076227	0.799910273985198	3.01409075370996e-05	7.99781884770847	1
27.625	6.75	1.00000000069036	0.799909545444315	2.691817818073e-05	7.79784141135949	1
27.875	6.75	1.000000000627	0.799908873375322	2.37947115726769e-05	7.59786414126743	1
28.125	6.75	1.00000000056898	0.799908249288396	2.07633655279307e-05	7.39788702513712	1
28.375	6.75	1.0000000005088	0.799907665147316	1.78174065610203e-05	7.19791005267356	1
28.625	6.75	1.00000000043385	0.799907113300437	1.49505282835695e-05	6.9979332154864	1
28.875	6.75	1.00000000032918	0.799906586422385	1.21568740542311e-05	6.79795650700948	1
29.125	6.75	1.00000000018585	0.799906077466409	9.43106416516739e-06	6.59797992243213	1
29.375	6.75	1.00000000001607	0.799905579627376	6.76822705033318e-06	6.39800345863816	1
29.625	6.75	0.999999999871765	0.799905086315239	4.16403359232725e-06	6.19802711414917	1
29.875	6.75	0.999999999856843	0.799904591140364	1.61473600890694e-06	5.99805088906918	1
30.125	6.75	1.00000000011428	0.79990408791439	-8.82789831890002e-07	5.79807478503045	1
30.375	6.75	1.00000000076563	0.799903570671582	-3.33100245607499e-06	5.59809880514303	1
30.625	6.75	1.00000000178636	0.799903033712489	-5.7316534343591e-06	5.3981229539536	1
30.875	6.75	1.00000000282957	0.799902471680971	-8.08574987525108e-06	5.19814723742098	1
31.125	6.75	1.00000000307135	0.799901879684138	-1.03935272675062e-05	4.99817166290247	1
31.375	6.75	1.00000000123208	0.799901253447752	-1.26544372073433e-05	4.79819623912439	1
31.625	6.75	0.999999995991444	0.799900589487574	-1.48671548454591e-05	4.59822097607412	1
31.875	6.75	0.999999986987948	0.799899885258444	-1.70296122309632e-05	4.3982458847128	1
32.125	6.75	0.999999976377934	0.799899139225912	-1.91390615237651e-05	4.19827097639421	1
32.375	6.75	0.999999970437257	0.799898350802832	-2.11921733288423e-05	3.9982962619338	1
32.625	6.75	0.999999979958657	0.799897520152444	-2.31851874342754e-05	3.79832175045422	1
32.875	6.75	1.00000001751163	0.799896647983318	-2.51141509235772e-05	3.59834744844944	1
33.125	6.75	1.00000008961287	0.799895735629651	-2.69753018193228e-05	3.39837335989356	1
33.375	6.75	1.00000018342565	0.799894785869533	-2.87656737525493e-05	3.19839948844422	1
33.625	6.75	1.00000025161803	0.799893804911544	-3.04839768696511e-05	2.99842584245118	1
33.875	6.75	1.0000002054224	0.799892805542497	-3.21317142374662e-05	2.79845244210246	1
34.125	6.75	0.999999932651709	0.799891810391297	-3.37142906990643e-05	2.59847932536339	1
34.375	6.75	0.999999359217931	0.799890852666841	-3.52415901853702e-05	2.39850654585647	1
34.625	6.75	0.99999856135061	0.799889970139716	-3.67272684056378e-05	2.198534153309	1
34.875	6.75	0.999997902881091	0.799889187932457	-3.81860822291312e-05	1.9985621491307	1
35.125	6.75	0.999998116066044	0.799888488939828	-3.96293301154156e-05	1.79859042052738	1
35.375	6.75	1.00000018129767	0.799887779399848	-4.10601616101234e-05	1.59861867933073	1
35.625	6.75	1.00000483437179	0.799886871377427	-4.24729485819049e-05	1.39864646348085	1
35.875	6.75	1.00001161237769	0.799885519233943	-4.38630330703007e-05	1.19867328520599	1
36.125	6.75	1.00001762011746	0.799883551960217	-4.52526032322118e-05	0.998699000475173	1
36.375	6.75	1.00001668590574	0.799881118985863	-4.67321328803167e-05	0.798724388501188	1
36.625	6.75	1.00000015979483	0.799878994463202	-4.85021004249288e-05	0.598751736255157	1
36.875	6.75	0.999960923246988	0.799878767566471	-5.08778308724162e-05	0.398784938048582	1
37.125	6.75	0.999901587144109	0.799897827121192	-5.42014414140507e-05	0.198828358337678	1
37.375	6.75	0.999845608939131	0.399908546193267	-5.79761166173774e-05	-0.00112391022122961	1
0.125	7.25	0.000410118355380668	0.799728048823575	0.000284581080057989	22.827713285191	1
0.375	7.25	0.000410498933913586	0.799682593254262	0.000267262116610687	22.8276872349948	1
0.625	7.25	0.000411252663366036	0.799476215934408	4.78922334144173e-05	22.8277135406086	1
0.875	7.25	0.000412194025531561	0.799273497658207	-0.000300161245020212	22.8277934601572	1
1.125	7.25	0.00041279578320262	0.799099390826073	-0.000760419070266491	22.8279229748665	1
1.375	7.25	0.000412063045008765	0.798986254103263	-0.00130979371855983	22.8280907336138	1
1.625	7.25	0.000408506741490669	0.798967197485855	-0.00189369119152398	22.8282765964488	1
1.875	7.25	0.00040029296551954	0.799058045703221	-0.00240600099167918	22.8284530458133	1
2.125	7.25	0.000385635711170132	0.799232445592453	-0.00269363586774805	22.828592852633	1
2.375	7.25	0.000363462793778551	0.799414925866769	-0.00261127494633143	22.8286828427166	1
2.625	7.25	0.000334322726060258	0.799522195104473	-0.00213097938417515	22.8287343710563	1
2.875	7.25	0.000301434357587163	0.799534052443201	-0.00144443766997071	22.8287750783056	1
3.125	7.25	0.000271741403282272	0.799511425090883	-0.000881919466579605	22.8288227378215	1
3.375	7.25	0.000256833961730901	0.799532589998572	-0.000657232319883234	22.8288682623283	1
3.625	7.25	0.000273612967387071	0.7996345142768	-0.000780411257167143	22.8288823649634	1
3.875	7.25	0.000344564390351137	0.799819714894759	-0.00114525037339458	22.8288280340026	1
4.125	7.25	0.000497473069586447	0.800087585071158	-0.00162327234825896	22.8286634824377	1
4.375	7.25	0.00076436442545075	0.800444028149474	-0.00212996942670801	22.8283388843827	1
4.625	7.25	0.00117946847427852	0.800893025766631	-0.00263759113417094	22.8277948909204	1
4.875	7.25	0.00177616707865936	0.801430513337722	-0.00315106204027022	22.8269643718745	1
5.125	7.25	0.00258332237282545	0.802045615674706	-0.00368163573498148	22.8257747797855	1
5.375	7.25	0.00362204347532135	0.80272366224331	-0.00423316441800359	22.8241493601859	1
5.625	7.25	0.0049046593124236	0.803447586687856	-0.00479847109297265	22.8220064616465	1
5.875	7.25	0.00643841344818771	0.804198322105157	-0.0053594912011719	22.8192556397987	1
6.125	7.25	0.00823743344102672	0.80495570763769	-0.00588792273275962	22.8157879103355	1
6.375	7.25	0.0103482342065641	0.805700713546287	-0.00634595030602799	22.8114560722047	1
6.625	7.25	0.0128968535545241	0.806419033644953	-0.00668757608530734	22.8060395992201	1
6.875	7.25	0.0161702565840586	0.807105383065652	-0.00686114758596363	22.7991872797729	1
7.125	7.25	0.0207512346209618	0.807766651748789	-0.00681349811003335	22.790330145843	1
7.375	7.25	0.0277332677696123	0.808419882905993	-0.0064958251180561	22.7785587959216	1
7.625	7.25	0.0390420257077716	0.809077783666726	-0.00587103618459933	22.7624661130357	1
7.875	7.25	0.0578588356091803	0.809711706975943	-0.00492199608026737	22.7399739818099	1
8.125	7.25	0.089020889108895	0.810186555641827	-0.00366032178289421	22.7081977262354	1
8.375	7.25	0.138975766982088	0.810192117896575	-0.00213609993190398	22.6634565977295	1
8.625	7.25	0.214408494735359	0.8092735280201	-0.000448187321650797	22.601591044969	1
8.875	7.25	0.318598611124906	0.807132277844228	0.00125166064113389	22.5187223356606	1
9.125	7.25	0.446366756521305	0.804150756997873	0.00277820166527061	22.4123702505153	1
9.375	7.25	0.58232426535299	0.801485805190872	0.00396703041033469	22.2824432022758	1
9.625	7.25	0.707097762922594	0.800195931077143	0.004736388271307	22.1314187240766	1
9.875	7.25	0.80724800958806	0.800360551520575	0.00510520774934849	21.963496443484	1
10.125	7.25	0.879443297747532	0.801312242463298	0.00515807897823263	21.7832890437935	1
10.375	7.25	0.927508205113803	0.80237412995047	0.00499626653762055	21.5948188087428	1
10.625	7.25	0.957734215293946	0.803196121403393	0.00470708793922299	21.4011146513073	1
10.875	7.25	0.975966838289774	0.803696474707994	0.00435444788917798	21.2042478653457	1
11.125	7.25	0.98661587730304	0.803918324438045	0.00398067670620121	21.0055463350622	1
11.375	7.25	0.992670148181508	0.803937228488745	0.00361176949432737	20.8058236171663	1
11.625	7.25	0.996030771930577	0.80382252788495	0.00326247289071421	20.6055610867611	1
11.875	7.25	0.997856544679914	0.803627093471575	0.00294021073004201	20.4050350607627	1
12.125	7.25	0.998830860126147	0.803387932719025	0.00264783753603735	20.2043994240359	1
12.375	7.25	0.999345059933724	0.803129678638874	0.00238547734406771	20.0037369784224	1
12.625	7.25	0.999616800602297	0.802868106701612	0.0021517144013457	19.8030903244246	1
12.875	7.25	0.999763487534009	0.802612925206517	0.00194434484585395	19.6024799229099	1
13.125	7.25	0.999846426063903	0.802369799122963	0.00176083849982394	19.4019143809495	1
13.375	7.25	0.999896587287016	0.802141755770489	0.0015986128743046	19.2013961522486	1
13.625	7.25	0.999929169571384	0.801930136661889	0.00145518776351649	19.0009246083939	1
13.875	7.25	0.999951528409932	0.801735230432583	0.00132826547107511	18.8004976470586	1
14.125	7.25	0.999967306764462	0.801556687348859	0.00121576585398162	18.6001125122421	1
14.375	7.25	0.999978471393223	0.801393787000332	0.00111583475208507	18.3997662047628	1
14.625	7.25	0.999986249493766	0.801245608877104	0.00102683739426379	18.1994556870661	1
14.875	7.25	0.999991522903989	0.801111139627726	0.000947343868291997	17.9991779877401	1
15.125	7.25	0.999994976832143	0.800989339549967	0.00087611090063261	17.7989302575135	1
15.375	7.25	0.999997151096895	0.800879183101183	0.000812062432869712	17.5987098008319	1
15.625	7.25	0.999998460793514	0.800779682965461	0.000754270415939036	17.3985140937197	1
15.875	7.25	0.999999212124948	0.800689903739009	0.000701936602346791	17.1983407926717	1
16.125	7.25	0.999999620232633	0.80060896904959	0.00065437573696134	16.998187736952	1
16.375	7.25	0.999999828584413	0.800536064507412	0.000611000323748395	16.7980529458494	1
16.625	7.25	0.999999927688429	0.800470437993156	0.000571307009118375	16.5979346121797	1
16.875	7.25	0.999999971295069	0.800411398246435	0.00053486454420599	16.3978310931857	1
17.125	7.25	0.999999989199813	0.800358312383971	0.000501303240077701	16.1977408998393	1
17.375	7.25	0.999999996587797	0.800310602770037	0.000470305804033996	15.9976626853655	1
17.625	7.25	1.00000000037105	0.800267743528848	0.000441599429866589	15.7975952336079	1
17.875	7.25	1.00000000318437	0.800229256898465	0.000414949011019693	15.5975374476685	1
18.125	7.25	1.0000000057128	0.800194709568811	0.000390151348855186	15.397488339098	1
18.375	7.25	1.00000000792568	0.800163709100246	0.000367030230512226	15.1974470177887	1
18.625	7.25	1.00000000965052	0.800135900485729	0.000345432263021556	14.9974126826375	1
18.875	7.25	1.00000001078533	0.800110962899053	0.000325223359664664	14.7973846129869	1
19.125	7.25	1.00000001133702	0.800088606649376	0.00030628578166003	14.5973621608191	1
19.375	7.25	1.00000001139192	0.800068570350804	0.000288515655118528	14.3973447436603	1
19.625	7.25	1.00000001107271	0.800050618311594	0.000271820890281306	14.197331838142	1
19.875	7.25	1.00000001050466	0.800034538132735	0.000256119437609781	13.9973229741668	1
20.125	7.25	1.00000000979522	0.800020138507308	0.000241337828979353	13.7973177296263	1
20.375	7.25	1.00000000902575	0.800007247211896	0.000227409957865494	13.5973157256217	1
20.625	7.25	1.00000000825198	0.799995709274331	0.000214276057374038	13.3973166221436	1
20.875	7.25	1.00000000750811	0.799985385305322	0.000201881844488464	13.197320114167	1
21.125	7.25	1.00000000681233	0.799976149983094	0.000190177803023787	12.997325928126	1
21.375	7.25	1.00000000617207	0.79996789067658	0.000179118580882158	12.7973338187321	1
21.625	7.25	1.00000000558831	0.799960506196037	0.000168662482413688	12.5973435661046	1
21.875	7.25	1.00000000505877	0.799953905660816	0.000158771040004645	12.3973549731845	1
22.125	7.25	1.00000000457952	0.799948007472572	0.000149408651736269	12.1973678634051	1
22.375	7.25	1.00000000414605	0.799942738387243	0.000140542272510971	11.9973820785961	1
22.625	7.25	1.00000000375384	0.799938032674424	0.000132141150840526	11.7973974770968	1
22.875	7.25	1.00000000339885	0.799933831355879	0.000124176603363619	11.5974139320611	1
23.125	7.25	1.00000000307741	0.799930081519654	0.000116621819775624	11.3974313299348	1
23.375	7.25	1.00000000278615	0.799926735699323	0.000109451694748402	11.1974495690874	1
23.625	7.25	1.0000000025222	0.799923751312447	0.000102642680950423	10.9974685585856	1
23.875	7.25	1.00000000228289	0.799921090154396	9.61726600611032e-05	10.7974882170938	1
24.125	7.25	1.00000000206596	0.79991871794176	9.00208300495593e-05	10.5975084718885	1
24.375	7.25	1.00000000186923	0.799916603900281	8.41676050960918e-05	10.3975292579764	1
24.625	7.25	1.00000000169088	0.799914720392501	7.85945260077054e-05	10.1975505173063	1
24.875	7.25	1.00000000152926	0.799913042581777	7.32841811215046e-05	9.99757219806427	1
25.125	7.25	1.00000000138276	0.799911548129882	6.82201353398582e-05	9.79759425404596	1
25.375	7.25	1.00000000125001	0.799910216924413	6.33868660720122e-05	9.59761664409615	1
25.625	7.25	1.00000000112961	0.799909030832352	5.87697065660155e-05	9.39763933161091	1
25.875	7.25	1.00000000102033	0.799907973479085	5.43547940746022e-05	9.1976622840951	1
26.125	7.25	1.00000000092114	0.799907030047093	5.01290239743024e-05	8.99768547276984	1
26.375	7.25	1.00000000083091	0.79990618709545	4.60800088995007e-05	8.79770887222612	1
26.625	7.25	1.00000000074866	0.799905432399218	4.21960425395731e-05	8.59773246011842	1
26.875	7.25	1.00000000067393	0.799904754802143	3.84660684174051e-05	8.39775621689515	1
27.125	7.25	1.00000000060695	0.799904144084675	3.48796520911851e-05	8.1977801255624	1
27.375	7.25	1.0000000005482	0.799903590846149	3.14269581875678e-05	7.99780417147745	1
27.625	7.25	1.00000000049813	0.799903086400588	2.80987318814051e-05	7.79782834216888	1
27.875	7.25	1.00000000045645	0.799902622682202	2.48862847805435e-05	7.59785262718008	1
28.125	7.25	1.00000000042023	0.799902192162435	2.17814845447666e-05	7.39787701793483	1
28.375	7.25	1.00000000038239	0.799901787779518	1.87767480627474e-05	7.19790150762105	1
28.625	7.25	1.00000000033109	0.799901402876089	1.58650401720593e-05	6.99792609109061	1
28.875	7.25	1.0000000002521	0.799901031148616	1.30398757471092e-05	6.7979507647729	1
29.125	7.25	1.00000000013717	0.799900666608498	1.0295324025686e-05	6.59797552659767	1
29.375	7.25	0.999999999998902	0.799900303549498	7.62601730214546e-06	6.3980003759238	1
29.625	7.25	0.999999999888204	0.799899936526261	5.02716201885584e-06	6.19802531347185	1
29.875	7.25	0.999999999906332	0.79989956034657	2.49455032137832e-06	5.99805034125626	1
30.125	7.25	1.00000000019239	0.799899170070375	2.45729690117261e-08	5.79807546251722	1
30.375	7.25	1.00000000086227	0.799898761023709	-2.38576983555111e-06	5.5981006816584	1
30.625	7.25	1.00000000188319	0.799898328835925	-4.73886246469353e-06	5.39812600419562	1
30.875	7.25	1.00000000289795	0.799897869500405	-7.03647427510203e-06	5.19815143672411	1
31.125	7.25	1.0000000030716	0.799897379464007	-9.2797701423777e-06	4.99817698690275	1
31.375	7.25	1.00000000111678	0.799896855745249	-1.14693358024181e-05	4.79820266343084	1
31.625	7.25	0.999999995720303	0.799896296058135	-1.36052206365656e-05	4.59822847595511	1
31.875	7.25	0.999999986565396	0.799895698896278	-1.5686998154016e-05	4.3982544348079	1
32.125	7.25	0.999999975923444	0.79989506352557	-1.77138450303314e-05	4.19828055046427	1
32.375	7.25	0.999999970285501	0.799894389829438	-1.96846425780232e-05	3.99830683266315	1
32.625	7.25	0.999999980754584	0.799893678004809	-2.15981100477531e-05	3.79833328932513	1
32.875	7.25	1.00000002021144	0.799892928240002	-2.34529920614682e-05	3.59835992572386	1
33.125	7.25	1.00000009524272	0.799892140683394	-2.52483434961404e-05	3.39838674476192	1
33.375	7.25	1.00000019243355	0.799891316174801	-2.69839658921911e-05	3.19841374943115	1
33.625	7.25	1.00000026275665	0.799890458193548	-2.86610295478595e-05	2.9984409481893	1
33.875	7.25	1.00000021440679	0.799889576041004	-3.02828424621303e-05	2.79846836256416	1
34.125	7.25	0.999999931376625	0.799888688211743	-3.18555720529062e-05	2.59849603353092	1
34.375	7.25	0.999999336952615	0.799887823250793	-3.33885150905421e-05	2.39852401958166	1
34.625	7.25	0.999998509634199	0.799887013745736	-3.48933455247402e-05	2.19855237679012	1
34.875	7.25	0.999997825093228	0.79988627886527	-3.63818348538112e-05	1.9985811131471	1
35.125	7.25	0.999998040010123	0.799885594180662	-3.78621272665916e-05	1.79861012061266	1
35.375	7.25	1.00000016825337	0.799884856489027	-3.93349448656856e-05	1.59863911183354	1
35.625	7.25	1.00000497205277	0.799883866117257	-4.0792963338399e-05	1.39866762127871	1
35.875	7.25	1.0000119756961	0.799882365127254	-4.22282375187451e-05	1.19869515756167	1
36.125	7.25	1.00001818913657	0.799880174988968	-4.36521413345772e-05	0.998721584029361	1
36.375	7.25	1.00001723264085	0.799877452336117	-4.51274840368782e-05	0.79874771618115	1
36.625	7.25	1.00000015867689	0.799875006242582	-4.68011572470197e-05	0.598775924350266	1
36.875	7.25	0.999959595794228	0.799874497041735	-4.89087272064041e-05	0.398810235739465	1
37.125	7.25	0.999898228970498	0.799893981100363	-5.17078366302009e-05	0.198855159851306	1
37.375	7.25	0.999840308807522	0.399904581951382	-5.47949403302877e-05	-0.0010954348443556	1
0.125	7.75	0.000413609705824743	0.799728008407689	0.000806016331442304	22.8276218955617	1
0.375	7.75	0.00041399543822119	0.799683448704232	0.000726601475908533	22.8275942114467	1
0.625	7.75	0.000414759165875019	0.799477205038888	0.000545520968018804	22.8276198447873	1
0.875	7.75	0.000415713160376529	0.79928132635709	0.000222478893944139	22.8276978829361	1
1.125	7.75	0.000416325077168612	0.799117113042202	-0.000236261661081897	22.8278231566621	1
1.375	7.75	0.000415592090214842	0.79901317753545	-0.000799455900857467	22.8279840217807	1
1.625	7.75	0.000412015954145815	0.798998425048316	-0.00137800760178047	22.828161123266	1
1.875	7.75	0.000403755713332802	0.799086254053372	-0.00179110086372382	22.8283288202666	1
2.125	7.75	0.000389025506634108	0.799252921943298	-0.00180346826047591	22.8284619844172	1
2.375	7.75	0.000366766747506107	0.799431313373729	-0.00130339400622759	22.8285480318299	1
2.625	7.75	0.000337561480960698	0.79954771196438	-0.000528497302603339	22.8285957786989	1
2.875	7.75	0.000304686986001558	0.799583233443102	1.06114152265734e-05	22.8286279032874	1
3.125	7.75	0.000275171165628781	0.799586030223717	4.82038633482828e-06	22.8286592135666	1
3.375	7.75	0.000260708663440803	0.799619355906764	-0.00042604943303457	22.8286831193514	1
3.625	7.75	0.000278313542236354	0.799719409668015	-0.00102825983171972	22.8286752308681	1
3.875	7.75	0.000350576703499788	0.799896947771944	-0.00166208082850281	22.8286011338231	1
4.125	7.75	0.000505359847232562	0.800153370763743	-0.00229521148001714	22.8284194662461	1
4.375	7.75	0.000774718508583247	0.800488019320692	-0.00292861413243788	22.8280816847775	1
4.625	7.75	0.0011928552832842	0.80089752754846	-0.00356225862601044	22.8275319403365	1
4.875	7.75	0.00179306786078086	0.801374585300107	-0.00419350719825619	22.8267079678583	1
5.125	7.75	0.00260409222966447	0.801908472886107	-0.00481823328340637	22.8255422611038	1
5.375	7.75	0.00364691770842339	0.802486124193336	-0.00542708585954234	22.8239626613289	1
5.625	7.75	0.00493388758856702	0.80309278226844	-0.00600178885172614	22.821891367171	1
5.875	7.75	0.00647265707019535	0.803712517318799	-0.00651432852687916	22.8192406771414	1
6.125	7.75	0.00827861619068894	0.804329301561199	-0.00692846675952317	22.8159026780438	1
6.375	7.75	0.0104011094466065	0.804929121527328	-0.00720260005300535	22.811728802327	1
6.625	7.75	0.0129716713623522	0.805503190395281	-0.00729368627090078	22.8064937781506	1
6.875	7.75	0.0162871137763804	0.806051694891669	-0.00716225745969178	22.799837172876	1
7.125	7.75	0.0209469664381977	0.806586312004692	-0.00677828777138536	22.7911751197429	1
7.375	7.75	0.0280719610068931	0.807127522038239	-0.00612715993426386	22.7795764885231	1
7.625	7.75	0.0396298572321007	0.807689458111733	-0.0052144694950366	22.7636049172731	1
7.875	7.75	0.0588614380388876	0.808242306349787	-0.00406833096467454	22.7411462295773	1
8.125	7.75	0.090673681593124	0.808647145322615	-0.00273867307789403	22.7092766364748	1
8.375	7.75	0.141561467588353	0.808589357060552	-0.00129468863636507	22.6642823191885	1
8.625	7.75	0.218158730364375	0.807616378034151	0.000177491503472406	22.601992324727	1
8.875	7.75	0.323500262884029	0.805449985026582	0.0015778326190325	22.5185562824945	1
9.125	7.75	0.451982185484164	0.802507655467575	0.00280342768327665	22.4115693920924	1
9.375	7.75	0.587873510647506	0.799959381934191	0.00377294117220793	22.2810434546874	1
9.625	7.75	0.711851637395548	0.798826400980894	0.00445147473099098	22.1295457439519	1
9.875	7.75	0.810861254250618	0.799135789685419	0.00485353113968316	21.9613181626952	1
10.125	7.75	0.881953086717521	0.80019853792518	0.00502394302731425	21.780966416646	1
10.375	7.75	0.929143519896973	0.801344419911367	0.0050162562993926	21.5924780744039	1
10.625	7.75	0.958752828077687	0.802236348310719	0.00488041696350725	21.3988416785122	1
10.875	7.75	0.976580841783534	0.802801362417958	0.00465847469374532	21.2020943129777	1
11.125	7.75	0.986976727349878	0.803086571258415	0.0043839211159348	21.0035389436221	1
11.375	7.75	0.992877890265837	0.803168628492257	0.00408227681255483	20.8039725178779	1
11.625	7.75	0.996148361494991	0.803116609931949	0.00377212878755087	20.6038660241064	1
11.875	7.75	0.997922259137543	0.802982596350688	0.00346634256138909	20.4034896755567	1
12.125	7.75	0.998867333418542	0.802802700125281	0.00317328549182079	20.2029940662161	1
12.375	7.75	0.999365343369252	0.802600758015248	0.00289794506243097	20.0024604958132	1
12.625	7.75	0.99962824056103	0.802391937147587	0.00264287593391116	19.8019311670203	1
12.875	7.75	0.999770124301078	0.802185549790211	0.00240895488813408	19.6014267999876	1
13.125	7.75	0.999850435580296	0.80198706521406	0.00219595397733304	19.4009566306642	1
13.375	7.75	0.999899123442588	0.80179948491925	0.0020029584370964	19.2005239290716	1
13.625	7.75	0.999930841743922	0.801624257140895	0.00182866098523275	19.0001289571299	1
13.875	7.75	0.999952663499595	0.801461872659153	0.00167156254151697	18.7997705078985	1
14.125	7.75	0.999968087934526	0.801312246275756	0.00153010474497152	18.5994466853925	1
14.375	7.75	0.999979008789527	0.801174957245005	0.00140275419473448	18.3991552928411	1
14.625	7.75	0.999986614972103	0.801049398668282	0.00128805331079783	18.1988940267564	1
14.875	7.75	0.999991766612914	0.800934869184084	0.00118464856488022	17.9986605778924	1
15.125	7.75	0.999995135144942	0.800830628690108	0.00109130366398453	17.7984526880922	1
15.375	7.75	0.999997250664878	0.800735931959074	0.00100690294569412	17.5982681853305	1
15.625	7.75	0.999998520952205	0.800650048793896	0.000930448597299246	17.3981050064956	1
15.875	7.75	0.999999246600742	0.800572276003712	0.000861054159057486	17.1979612119044	1
16.125	7.75	0.999999638500655	0.800501944374161	0.000797935979236996	16.9978349934379	1
16.375	7.75	0.999999836984442	0.800438422512098	0.000740403738039684	16.7977246775353	1
16.625	7.75	0.999999930325502	0.800381118679011	0.000687850774347922	16.5976287241404	1
16.875	7.75	0.999999970738551	0.800329481289256	0.000639744689062527	16.3975457226416	1
17.125	7.75	0.999999987002339	0.800282998495215	0.000595618509974882	16.197474385751	1
17.375	7.75	0.999999993653369	0.800241197138886	0.000555062576790628	15.9974135421238	1
17.625	7.75	0.999999997204759	0.80020364126634	0.000517717216473626	15.7973621283458	1
17.875	7.75	1.00000000005461	0.800169930351671	0.000483266218920734	15.5973191807465	1
18.125	7.75	1.00000000275245	0.800139697340346	0.000451431087292333	15.3972838273461	1
18.375	7.75	1.00000000519253	0.800112606594532	0.000421966010426985	15.1972552801298	1
18.625	7.75	1.00000000716214	0.800088351808377	0.000394653494861493	14.9972328277559	1
18.875	7.75	1.00000000853859	0.800066653938366	0.000369300589974034	14.7972158287469	1
19.125	7.75	1.0000000093183	0.800047259182803	0.000345735634673111	14.5972037051761	1
19.375	7.75	1.00000000958264	0.800029937036901	0.000323805462219573	14.3971959368415	1
19.625	7.75	1.00000000945267	0.800014478437362	0.000303373003590687	14.1971920559062	1
19.875	7.75	1.00000000905348	0.800000694004771	0.000284315231901913	13.9971916419793	1
20.125	7.75	1.0000000084931	0.799988412392853	0.000266521400785877	13.7971943176109	1
20.375	7.75	1.0000000078543	0.799977478742134	0.000249891534916478	13.597199744172	1
20.625	7.75	1.00000000719464	0.799967753237341	0.000234335133202252	13.3972076180935	1
20.875	7.75	1.00000000654997	0.799959109770732	0.000219770054232358	13.1972176674386	1
21.125	7.75	1.00000000594017	0.799951434704565	0.000206121556957281	12.997229648782	1
21.375	7.75	1.00000000537462	0.799944625725863	0.000193321471718981	12.7972433443748	1
21.625	7.75	1.00000000485603	0.799938590793287	0.000181307482946938	12.5972585595714	1
21.875	7.75	1.00000000438346	0.79993324717138	0.000170022506470265	12.397275120498	1
22.125	7.75	1.00000000395423	0.799928520542297	0.000159414147567482	12.1972928719422	1
22.375	7.75	1.00000000356501	0.799924344193	0.000149434227282847	11.9973116754464	1
22.625	7.75	1.00000000321224	0.799920658274405	0.000140038367024324	11.7973314075854	1
22.875	7.75	1.00000000289263	0.799917409124052	0.000131185623927719	11.5973519584151	1
23.125	7.75	1.00000000260317	0.799914548649843	0.000122838168900993	11.3973732300739	1
23.375	7.75	1.00000000234105	0.799912033769483	0.000114961001103214	11.1973951355256	1
23.625	7.75	1.00000000210398	0.799909825899888	0.000107521694805433	10.9974175974291	1
23.875	7.75	1.00000000188962	0.799907890495587	0.000100490174195281	10.797440547125	1
24.125	7.75	1.00000000169586	0.799906196630791	9.38385117330166e-05	10.5974639237265	1
24.375	7.75	1.00000000152092	0.799904716618159	8.75407480495221e-05	10.3974876733047	1
24.625	7.75	1.0000000013632	0.799903425664811	8.15727297621835e-05	10.1975117481619	1
24.875	7.75	1.0000000012211	0.799902301563592	7.59119638731378e-05	9.9975361061814	1
25.125	7.75	1.00000000109309	0.799901324411614	7.05374877029526e-05	9.79756071024803	1
25.375	7.75	1.00000000097791	0.799900476356971	6.54297503825208e-05	9.59758552773212	1
25.625	7.75	1.00000000087438	0.799899741370324	6.05705065187245e-05	9.39761053003091	1
25.875	7.75	1.00000000078142	0.799899105039063	5.59427206352451e-05	9.19763569216175	1
26.125	7.75	1.00000000069789	0.799898554381748	5.15304809475515e-05	8.99766099240165	1
26.375	7.75	1.00000000062271	0.799898077681346	4.73189219197532e-05	8.79768641196907	1
26.625	7.75	1.00000000055506	0.799897664335979	4.32941550667366e-05	8.59771193474294	1
26.875	7.75	1.00000000049445	0.799897304723661	3.94432071287257e-05	8.39773754701577	1
27.125	7.75	1.00000000044109	0.799896990082301	3.57539644979845e-05	8.19776323727709	1
27.375	7.75	1.00000000039556	0.799896712401705	3.22151256446029e-05	7.99778899602369	1
27.625	7.75	1.00000000035815	0.799896464329801	2.88161585807118e-05	7.79781481559473	1
27.875	7.75	1.00000000032855	0.799896239088834	2.55472633944594e-05	7.59784069002698	1
28.125	7.75	1.00000000030415	0.799896030399215	2.23993418816723e-05	7.39786661493004	1
28.375	7.75	1.00000000027777	0.799895832418719	1.9363970821564e-05	7.19789258737838	1
28.625	7.75	1.00000000023764	0.799895639691015	1.643337933721e-05	6.99791860581627	1
28.875	7.75	1.00000000017044	0.799895447098457	1.36004320400973e-05	6.79794466997432	1
29.125	7.75	1.00000000006874	0.799895249828074	1.08586140880136e-05	6.59797078079536	1
29.375	7.75	0.999999999945484	0.799895043348505	8.20201833460219e-06	6.39799694036401	1
29.625	7.75	0.999999999852259	0.799894823389654	5.62533644003164e-06	6.1980231518379	1
29.875	7.75	0.999999999890906	0.79989458593208	3.12385000935736e-06	5.99804941937977	1
30.125	7.75	1.0000000001997	0.799894327206906	6.93419723971455e-07	5.79807574808953	1
30.375	7.75	1.00000000089179	0.799894043704368	-1.66952659033316e-06	5.59810214394203	1
30.625	7.75	1.00000000192846	0.799893732196655	-3.96800926776425e-06	5.39812861373879	1
30.875	7.75	1.00000000294082	0.79989338978343	-6.20452031568731e-06	5.19815516508289	1
31.125	7.75	1.0000000030759	0.79989301396162	-8.38105624347376e-06	4.99818180637483	1
31.375	7.75	1.00000000102538	0.799892602710716	-1.04991608579255e-05	4.79820854680719	1
31.625	7.75	0.999999995461927	0.799892154577096	-1.25599812995464e-05	4.59823539629809	1
31.875	7.75	0.999999986082667	0.799891668716297	-1.45643367655119e-05	4.39826236526322	1
32.125	7.75	0.999999975233846	0.799891144831573	-1.65127972110229e-05	4.1982894641125	1
32.375	7.75	0.999999969574931	0.799890582952909	-1.8405773092285e-05	3.99831670241954	1
32.625	7.75	0.999999980476516	0.799889983067297	-2.02436207940731e-05	3.79834408789927	1
32.875	7.75	1.00000002112193	0.799889344733769	-2.20267776065189e-05	3.59837162565827	1
33.125	7.75	1.00000009825268	0.799888666997015	-2.37559561389861e-05	3.39839931858625	1
33.375	7.75	1.00000019814276	0.799887949096142	-2.54324345867529e-05	3.19842716999188	1
33.625	7.75	1.00000027060944	0.799887192446438	-2.70584663601076e-05	2.99845518922716	1
33.875	7.75	1.00000022164201	0.799886403923589	-2.86377806798143e-05	2.79848339959458	1
34.125	7.75	0.999999932357525	0.799885599395293	-3.01760307523754e-05	2.59851184500131	1
34.375	7.75	0.99999932394928	0.799884804742236	-3.1680896039306e-05	2.3985405881106	1
34.625	7.75	0.999998476378234	0.799884049907855	-3.31614254241265e-05	2.19856969005517	1
34.875	7.75	0.999997773879673	0.799883351244732	-3.46262552827761e-05	1.99859916377814	1
35.125	7.75	0.999997991142537	0.799882680805288	-3.60807721147652e-05	1.79862890448411	1
35.375	7.75	1.00000016692923	0.79988193043075	-3.75242436436621e-05	1.59865862472728	1
35.625	7.75	1.00000508316954	0.7998808936581	-3.8949332307408e-05	1.3986878552531	1
35.875	7.75	1.0000122542496	0.799879304927088	-4.03476421182437e-05	1.19871610041569	1
36.125	7.75	1.00001861786353	0.799876981029149	-4.17246693983427e-05	0.998743227155505	1
36.375	7.75	1.00001763537776	0.79987408432141	-4.3123998539787e-05	0.798770075988884	1
36.625	7.75	1.00000013096051	0.799871450126508	-4.4652117093613e-05	0.598799077581224	1
36.875	7.75	0.999958537579903	0.79987079239638	-4.6482383728091e-05	0.398834356961321	1
37.125	7.75	0.999895594794867	0.79989069490417	-4.88056762853215e-05	0.198880531193483	1
37.375	7.75	0.999836163624998	0.399901243493546	-5.12976109312651e-05	-0.00106871216015142	1
0.125	8.25	0.000417718180628378	0.799736567145491	0.00112562131447939	22.8275576599982	1
0.375	8.25	0.000418109648033236	0.799707269758506	0.0010815897840354	22.8275237244114	1
0.625	8.25	0.000418883180731106	0.799511715324487	0.00084863810798176	22.8275413828655	1
0.875	8.25	0.000419845304033566	0.79933288396746	0.000418965672296789	22.827607614829	1
1.125	8.25	0.000420451802997132	0.799186001794366	-0.000226646833393557	22.8277162330489	1
1.375	8.25	0.000419680803082651	0.799090725938533	-0.00108386024985732	22.8278565100308	1
1.625	8.25	0.000416008559960734	0.799066326400172	-0.00207247051622093	22.8280125042398	1
1.875	8.25	0.000407565314261089	0.799123203565044	-0.00297377818843894	22.8281641879963	1
2.125	8.25	0.000392538729380511	0.799252340039538	-0.00343864693870679	22.8282913141951	1
2.375	8.25	0.000369853228437867	0.799418610745596	-0.00318010832758839	22.8283799549442	1
2.625	8.25	0.000340089855953603	0.799570310534963	-0.00229710366903523	22.8284285399283	1
2.875	8.25	0.000306543611931857	0.799669752313513	-0.00132940251298273	22.8284474379933	1
3.125	8.25	0.000276273997532095	0.799719822180117	-0.000801672612947597	22.8284496625311	1
3.375	8.25	0.000261004613086361	0.799757950439796	-0.000835550534157568	22.8284388157837	1
3.625	8.25	0.000277744817283539	0.799829723159505	-0.00128694130226069	22.8284022364009	1
3.875	8.25	0.000349001493822059	0.799967158991309	-0.00197792654087134	22.8283110373816	1
4.125	8.25	0.000502414872722079	0.800180997000136	-0.00276889257544033	22.8281244163224	1
4.375	8.25	0.000769614824026132	0.800466127397374	-0.00357225146670721	22.8277943311685	1
4.625	8.25	0.00118410331036029	0.800811848371357	-0.00434882381300744	22.8272677827966	1
4.875	8.25	0.00177812934725873	0.801208434390548	-0.00508922083995385	22.8264869691126	1
5.125	8.25	0.00257895599069724	0.801648719601377	-0.00579162173860806	22.8253887968641	1
5.375	8.25	0.00360560387564373	0.802127629527252	-0.00644709135607484	22.8239042276311	1
5.625	8.25	0.00486790943248786	0.80264184586021	-0.0070344645447644	22.8219565065561	1
5.875	8.25	0.00637049848862975	0.803190111256176	-0.00752118734573752	22.819456272509	1
6.125	8.25	0.00812530349692286	0.803774025938613	-0.0078667059655637	22.8162906429299	1
6.375	8.25	0.0101779764477139	0.804399163582946	-0.00802701201353565	22.8123022883455	1
6.625	8.25	0.0126564647867749	0.805076285186103	-0.0079601800422079	22.8072531994338	1
6.875	8.25	0.0158546999682332	0.805822026150009	-0.00763287457999966	22.8007665240685	1
7.125	8.25	0.0203711198971713	0.806657410474212	-0.00702731184615508	22.7922391832127	1
7.375	8.25	0.0273290578607517	0.807600581274536	-0.00614744650377962	22.7807195413761	1
7.625	8.25	0.0387056792272815	0.80864718549785	-0.00502257920966758	22.764751432253	1
7.875	8.25	0.0577623364314611	0.809729525717618	-0.00370661605627543	22.7422038541261	1
8.125	8.25	0.0894419882038649	0.810650949326149	-0.00227233607013592	22.7101415856241	1
8.375	8.25	0.140290177564547	0.811023915022701	-0.000802177065715258	22.6648474654559	1
8.625	8.25	0.216990587377081	0.810320703130676	0.000621160900586191	22.6021587148635	1
8.875	8.25	0.322588656028696	0.808208753791578	0.00192203195841696	22.5182486613747	1
9.125	8.25	0.451412315991638	0.805097106077255	0.00303875042925517	22.4107536939173	1
9.375	8.25	0.587604425250844	0.802198540109451	0.00393222062186652	22.2797390995242	1
9.625	8.25	0.711752984205379	0.800605189920527	0.00459118687504499	22.1278237538534	1
9.875	8.25	0.81080796370107	0.800416473590967	0.00502731940775079	21.9592836152651	1
10.125	8.25	0.881879353128269	0.801003636037774	0.00526482896847735	21.7787343686476	1
10.375	8.25	0.929036296804127	0.801737423270815	0.00533348680752972	21.5901539982807	1
10.625	8.25	0.958624557332089	0.802300126379672	0.00526581304984582	21.3965110674699	1
10.875	8.25	0.976449071229813	0.802620566586725	0.00509500721126347	21.1998201113234	1
11.125	8.25	0.986855011297918	0.802736928420223	0.00485241151832905	21.0013635357847	1
11.375	8.25	0.992773776401469	0.802712314682986	0.00456527843396053	20.8019215790814	1
11.625	8.25	0.996064371391281	0.802601584320576	0.00425555488132102	20.6019526402649	1
11.875	8.25	0.997857613248628	0.80244400202233	0.00393972396959036	20.4017179889734	1
12.125	8.25	0.998819496830431	0.802265073519233	0.00362936390000132	20.2013622013487	1
12.375	8.25	0.999331133153843	0.802080341761169	0.0033320398724966	20.0009627664665	1
12.625	8.25	0.999604507302761	0.801898759346866	0.00305225108275453	19.8005596679199	1
12.875	8.25	0.999754106304159	0.801725146772654	0.00279227958962725	19.6001725122044	1
13.125	8.25	0.999839893143127	0.801561836321071	0.0025528805753301	19.3998101625271	1
13.375	8.25	0.999892342073911	0.80140971860463	0.00233380832518222	19.1994759936508	1
13.625	8.25	0.999926568497643	0.801268885168255	0.00213419837747023	18.9991706646904	1
13.875	8.25	0.999950018159577	0.801139009981508	0.00195283483961486	18.7988935314974	1
14.125	8.25	0.99996647334933	0.801019567641223	0.0017883312686277	18.5986433414792	1
14.375	8.25	0.999978032475783	0.800909952638856	0.00163924910680068	18.3984185663214	1
14.625	8.25	0.999986026373273	0.800809540800777	0.00150417234639935	18.1982175609137	1
14.875	8.25	0.999991410002938	0.800717718410281	0.00138175222492426	17.9980386430929	1
15.125	8.25	0.99999491604495	0.800633894315746	0.00127073181194852	17.7978801386657	1
15.375	8.25	0.999997112926744	0.800557503811133	0.00116995736214571	17.597740410867	1
15.625	8.25	0.999998431726462	0.800488009052841	0.00107838115881969	17.3976178816289	1
15.875	8.25	0.999999186830756	0.800424898383413	0.000995059055702433	17.1975110471583	1
16.125	8.25	0.999999597115102	0.800367685589029	0.000919144878292713	16.9974184886877	1
16.375	8.25	0.999999807462119	0.800315909410165	0.000849883127935285	16.7973388789445	1
16.625	8.25	0.999999908722103	0.800269133307261	0.00078660093960082	16.5972709849644	1
16.875	8.25	0.999999954580969	0.8002269453664	0.00072869991223567	16.3972136679812	1
17.125	8.25	0.999999974678717	0.800188958212088	0.000675648195194773	16.1971658811443	1
17.375	8.25	0.999999984076825	0.800154808832405	0.000626973059031283	15.9971266657464	1
17.625	8.25	0.999999989624405	0.800124158256453	0.000582254074019716	15.797095146526	1
17.875	8.25	0.999999993944241	0.800096691061	0.000541116942712408	15.5970705264734	1
18.125	8.25	0.99999999774088	0.800072114710539	0.000503227989626473	15.3970520814476	1
18.375	8.25	1.00000000101714	0.800050158746363	0.00046828928161431	15.1970391548087	1
18.625	8.25	1.00000000363621	0.800030573858476	0.000436034332838814	14.9970311521945	1
18.875	8.25	1.00000000552818	0.800013130865213	0.000406224342618024	14.7970275365155	1
19.125	8.25	1.0000000067259	0.799997619627676	0.00037864490992831	14.5970278232095	1
19.375	8.25	1.0000000073355	0.79998384793204	0.000353103169236758	14.397031575776	1
19.625	8.25	1.00000000749497	0.799971640356737	0.000329425296091697	14.1970384015922	1
19.875	8.25	1.00000000734107	0.799960837140628	0.000307454334954556	13.9970479480128	1
20.125	8.25	1.00000000699017	0.799951293074019	0.000287048306114826	13.7970598987457	1
20.375	8.25	1.00000000653117	0.799942876418782	0.000268078554045628	13.5970739704948	1
20.625	8.25	1.00000000602624	0.799935467865949	0.000250428303887827	13.3970899098605	1
20.875	8.25	1.00000000551495	0.799928959542421	0.000233991398223253	13.1971074904859	1
21.125	8.25	1.00000000502045	0.799923254066408	0.000218671188065086	12.9971265104367	1
21.375	8.25	1.00000000455481	0.79991826365443	0.000204379556932691	12.7971467898015	1
21.625	8.25	1.00000000412291	0.7999139092849	0.000191036061372406	12.5971681685003	1
21.875	8.25	1.00000000372574	0.799910119916598	0.00017856717078567	12.3971905042877	1
22.125	8.25	1.00000000336228	0.799906831759536	0.000166905593006428	12.197213670936	1
22.375	8.25	1.00000000303055	0.799903987600151	0.000155989675976935	11.997237556588	1
22.625	8.25	1.00000000272822	0.799901536178685	0.000145762875216551	11.7972620622647	1
22.875	8.25	1.00000000245298	0.799899431614639	0.000136173277544011	11.5972871005162	1
23.125	8.25	1.0000000022028	0.799897632879024	0.000127173175418086	11.3973125942049	1
23.375	8.25	1.00000000197556	0.799896103311279	0.000118718685740235	11.1973384754088	1
23.625	8.25	1.00000000176956	0.799894810178154	0.000110769406950005	10.9973646844365	1
23.875	8.25	1.00000000158307	0.799893724270761	0.000103288111574303	10.7973911689414	1
24.125	8.25	1.00000000141445	0.799892819538188	9.62404683329602e-05	10.597417883129	1
24.375	8.25	1.00000000126233	0.799892072753953	8.95947913064374e-05	10.3974447870467	1
24.625	8.25	1.0000000011253	0.799891463213011	8.33218147183891e-05	10.1974718459506	1
24.875	8.25	1.00000000100185	0.799890972459945	7.73944887341558e-05	9.99749902973958	1
25.125	8.25	1.00000000089072	0.799890584040578	7.17877947335522e-05	9.79752631245183	1
25.375	8.25	1.00000000079106	0.799890283276761	6.64785784321541e-05	9.59755367181806	1
25.625	8.25	1.00000000070178	0.799890057066004	6.14453991628285e-05	9.39758108886506	1
25.875	8.25	1.00000000062184	0.799889893700798	5.66683934467582e-05	9.19760854756462	1
26.125	8.25	1.00000000055034	0.799889782703414	5.21291521142792e-05	8.99763603452345	1
26.375	8.25	1.00000000048624	0.799889714679422	4.78106090054749e-05	8.79766353871073	1
26.625	8.25	1.00000000042883	0.799889681188257	4.3696940489837e-05	8.5976910512179	1
26.875	8.25	1.00000000037784	0.799889674623379	3.97734763139636e-05	8.39771856504796	1
27.125	8.25	1.00000000033331	0.799889688108694	3.6026618197677e-05	8.19774607493222	1
27.375	8.25	1.00000000029588	0.7998897154067	3.24437674093806e-05	7.99777357716898	1
27.625	8.25	1.00000000026614	0.79988975083467	2.90132611432317e-05	7.79780106948403	1
27.875	8.25	1.00000000024359	0.799889789194432	2.57243141812964e-05	7.59782855090942	1
28.125	8.25	1.00000000022542	0.79988982571069	2.25669681285096e-05	7.39785602167778	1
28.375	8.25	1.00000000020466	0.799889855976306	1.95320473219474e-05	7.19788348313079	1
28.625	8.25	1.00000000016966	0.799889875909425	1.66111179946824e-05	6.99791093764003	1
28.875	8.25	1.00000000010719	0.799889881717865	1.37964526976149e-05	6.79793838853596	1
29.125	8.25	1.00000000001031	0.799889869868642	1.10809995034805e-05	6.5979658400442	1
29.375	8.25	0.999999999892591	0.79988983706772	8.45835293506086e-06	6.39799329722559	1
29.625	8.25	0.999999999806453	0.799889780246079	5.92272721981089e-06	6.19802076591642	1
29.875	8.25	0.999999999855015	0.799889696548172	3.4689309359063e-06	5.99804825266824	1
30.125	8.25	1.00000000017777	0.799889583326048	1.09234102025945e-06	5.79807576468918	1
30.375	8.25	1.00000000088762	0.799889438145857	-1.21112447770826e-06	5.59810330979234	1
30.625	8.25	1.00000000194274	0.799889258804117	-3.44503646833756e-06	5.39813089635866	1
30.875	8.25	1.00000000296642	0.799889043356713	-5.61249041105237e-06	5.19815853332634	1
31.125	8.25	1.00000000309112	0.799888790171848	-7.71614840486738e-06	4.99818623020646	1
31.375	8.25	1.00000000098765	0.799888497998874	-9.75828865683371e-06	4.79821399710145	1
31.625	8.25	0.999999995308593	0.799888166027407	-1.17408637015255e-05	4.59824184466675	1
31.875	8.25	0.999999985747982	0.799887793897619	-1.3665565693866e-05	4.39826978391641	1
32.125	8.25	0.999999974690645	0.799887381606422	-1.55338968627628e-05	4.19829782575789	1
32.375	8.25	0.999999968903584	0.799886929252865	-1.7347244569691e-05	3.99832598020222	1
32.625	8.25	0.999999979945381	0.799886436630158	-1.910696103588e-05	3.79835425538631	1
32.875	8.25	1.00000002122928	0.799885902804015	-2.08144566008394e-05	3.59838265687836	1
33.125	8.25	1.00000009964323	0.799885326006914	-2.24713256600036e-05	3.39841118814613	1
33.375	8.25	1.00000020129894	0.799884704356334	-2.40795280020213e-05	3.19843985330348	1
33.625	8.25	1.00000027526709	0.799884037885207	-2.56416418502433e-05	2.99846866289021	1
33.875	8.25	1.00000022604493	0.799883331931788	-2.716116906857e-05	2.79849764196863	1
34.125	8.25	0.999999932764068	0.79988260082722	-2.86427950692588e-05	2.59852683694302	1
34.375	8.25	0.999999315162836	0.799881869070857	-3.00924037046042e-05	2.39855631373492	1
34.625	8.25	0.999998454265532	0.799881165445706	-3.15165596411153e-05	2.19858613721223	1
34.875	8.25	0.999997740460844	0.799880505227103	-3.29212047736251e-05	1.9986163237909	1
35.125	8.25	0.999997961408443	0.799879859050654	-3.43096210165986e-05	1.79864677071742	1
35.375	8.25	1.00000017382683	0.799879116371467	-3.56803844084311e-05	1.59867718997337	1
35.625	8.25	1.00000517374687	0.799878066931077	-3.70270376344817e-05	1.39870710890373	1
35.875	8.25	1.00001246775892	0.799876440526944	-3.83421147326254e-05	1.19873602788368	1
36.125	8.25	1.00001893938717	0.799874051099159	-3.96279913750544e-05	0.998763815415582	1
36.375	8.25	1.00001793089223	0.799871065444139	-4.09145456445927e-05	0.798791329079445	1
36.625	8.25	1.00000009451642	0.799868338365605	-4.22774681847695e-05	0.598821042416722	1
36.875	8.25	0.999957714448195	0.799867623689177	-4.38415700907523e-05	0.398857150989578	1
37.125	8.25	0.999893568982706	0.799887917804925	-4.57452920714894e-05	0.198904350016847	1
37.375	8.25	0.999832980289964	0.399898442486853	-4.77311343184874e-05	-0.00104381720094089	1
0.125	8.75	0.000423240577868202	0.799744725659655	0.00157132064703389	22.8275171253015	1
0.375	8.75	0.000423637354177339	0.79974318265516	0.00153477739337633	22.8274763659775	1
0.625	8.75	0.000424418069982445	0.79957751507275	0.00131151304761264	22.8274797129264	1
0.875	8.75	0.000425379519138223	0.799431262977099	0.000892090737293049	22.8275237518555	1
1.125	8.75	0.000425959110897257	0.799320188324304	0.000258100827564917	22.8276013898912	1
1.375	8.75	0.000425106873733268	0.799260811701285	-0.000578872034777532	22.8277012936087	1
1.625	8.75	0.000421262484072817	0.799264669113855	-0.00152635330971479	22.8278083194851	1
1.875	8.75	0.000412515508615478	0.799330433592416	-0.0023577808673108	22.8279059152644	1
2.125	8.75	0.000397016417577066	0.799437645659996	-0.00273296567075331	22.8279807162962	1
2.375	8.75	0.000373665262242096	0.799548472581148	-0.00240055494511979	22.8280280481101	1
2.625	8.75	0.000343039461263188	0.799625914003338	-0.00152273988773076	22.8280543379499	1
2.875	8.75	0.000308453444246834	0.799662510457017	-0.000693553340037927	22.8280715117576	1
3.125	8.75	0.000277002286827471	0.799686802087054	-0.000417276465481589	22.8280854044328	1
3.375	8.75	0.000260442914308666	0.79973678864528	-0.000734758332067943	22.8280884289006	1
3.625	8.75	0.00027578382386564	0.799835804209177	-0.00143539047341061	22.8280603719696	1
3.875	8.75	0.000345448624846454	0.799988580882526	-0.00231545301265755	22.8279722464987	1
4.125	8.75	0.000496844607242718	0.800188251624659	-0.00324152711893573	22.8277894836551	1
4.375	8.75	0.000761130898972322	0.800425735964332	-0.00414668134260344	22.8274729259301	1
4.625	8.75	0.00117099236116955	0.800695377125438	-0.00500992708175645	22.8269779043006	1
4.875	8.75	0.00175739189839865	0.80099554248204	-0.00583116424750738	22.8262530631674	1
5.125	8.75	0.00254571536395334	0.801327730180813	-0.00661184308961489	22.8252397886427	1
5.375	8.75	0.00355241237693509	0.801696844017918	-0.0073446080802942	22.8238716059446	1
5.625	8.75	0.00478398748736966	0.802112559892764	-0.00800997521129099	22.8220720794057	1
5.875	8.75	0.00624095661882136	0.802590786359279	-0.00857689006355489	22.819749249932	1
6.125	8.75	0.00793041535181644	0.80315455247636	-0.00900502955058401	22.8167839399549	1
6.375	8.75	0.0098926039186169	0.803833986642806	-0.00924810292302183	22.8130082035423	1
6.625	8.75	0.0122498057369695	0.804665032529954	-0.00925822059761479	22.8081688742275	1
6.875	8.75	0.0152906737685492	0.805686184020438	-0.00899149802889729	22.801869805593	1
7.125	8.75	0.0196099714329572	0.806931674275842	-0.00841468574278215	22.7934856561075	1
7.375	8.75	0.0263311695556237	0.808417923401155	-0.00751203058028936	22.7820415000821	1
7.625	8.75	0.037439056327425	0.810117572221329	-0.00629105840096354	22.7660593892227	1
7.875	8.75	0.0562154128038267	0.811913693356327	-0.00478593922334124	22.7433908508662	1
8.125	8.75	0.0876422545062111	0.813532879379645	-0.00305799832423462	22.7110902621931	1
8.375	8.75	0.138324501377375	0.814488969350321	-0.00119457135223619	22.6654398363081	1
8.625	8.75	0.215012802379129	0.814150872358318	0.000692281573172209	22.6022889896253	1
8.875	8.75	0.320789425722497	0.812109035134737	0.00247015716492814	22.5178394366808	1
9.125	8.75	0.449941225637276	0.808757164671866	0.00400397287954469	22.409773519081	1
9.375	8.75	0.586495130348111	0.805365761879022	0.00519147814566535	22.2782144712524	1
9.625	8.75	0.710931694742268	0.803129508777458	0.00599548277409605	22.1258365630514	1
9.875	8.75	0.81017180710971	0.802254352710358	0.00644365727448163	21.9569523043	1
10.125	8.75	0.881355831580315	0.802196576829363	0.00660027668525397	21.7761879438959	1
10.375	8.75	0.928591534172891	0.802380074008605	0.00653771902372745	21.5875105308102	1
10.625	8.75	0.958247390216644	0.802508797085748	0.00632158594016128	21.3938660187585	1
10.875	8.75	0.976135987109401	0.802509878570921	0.00600602288200046	21.1972433697901	1
11.125	8.75	0.986602513056148	0.802406736234236	0.00563327231253449	20.9989016865567	1
11.375	8.75	0.992576194844777	0.802242833899341	0.00523467440163012	20.7996023607216	1
11.625	8.75	0.995914197663411	0.802053531438126	0.0048322619898791	20.5997897212864	1
11.875	8.75	0.997746548837286	0.801861145810196	0.00444059265123622	20.3997151736412	1
12.125	8.75	0.99873942408847	0.801677560846569	0.00406855274965223	20.199516770858	1
12.375	8.75	0.999274762141879	0.801507935440688	0.00372094934134396	19.9992679635923	1
12.625	8.75	0.999565696499516	0.80135361734385	0.00339980193151373	19.7990064567831	1
12.875	8.75	0.999727936734412	0.80121404294682	0.00310532368541164	19.5987507747721	1
13.125	8.75	0.999822586806323	0.801087853308111	0.00283662749760662	19.3985094809311	1
13.375	8.75	0.999881100182361	0.800973494643812	0.00259221091612554	19.1982861398551	1
13.625	8.75	0.999919382946642	0.800869507342423	0.00237027514247353	18.9980818897922	1
13.875	8.75	0.999945489262879	0.800774638650532	0.00216892594118964	18.7978967215318	1
14.125	8.75	0.999963651092162	0.800687862586447	0.00198629403474075	18.5977300865889	1
14.375	8.75	0.999976287718442	0.800608356351754	0.0018206026120259	18.3975811753148	1
14.625	8.75	0.999984951846842	0.800535460894351	0.00167020127013187	18.1974490426647	1
14.875	8.75	0.99999074749763	0.800468640112464	0.00153357937617109	17.9973326689193	1
15.125	8.75	0.999994504863826	0.800407445407476	0.00140936729675831	17.7972309948532	1
15.375	8.75	0.999996854613918	0.800351487891475	0.00129633083033564	17.5971429471877	1
15.625	8.75	0.999998266670827	0.80030041824308	0.00119336213402196	17.3970674594956	1
15.875	8.75	0.999999079187894	0.800253913125939	0.0010994691208382	17.1970034896081	1
16.125	8.75	0.999999525345912	0.80021166673859	0.00101376448518221	16.9969500334374	1
16.375	8.75	0.999999758539175	0.800173386083227	0.000935455013193839	16.7969061351416	1
16.625	8.75	0.999999874656913	0.800138788752965	0.000863831529392898	16.5968708938615	1
16.875	8.75	0.999999930377762	0.800107602293852	0.000798259650259514	16.3968434675107	1
17.125	8.75	0.999999957141267	0.800079564447838	0.000738171405751829	16.1968230742192	1
17.375	8.75	0.999999971113773	0.800054423812364	0.000683057727509023	15.9968089920296	1
17.625	8.75	0.999999979841546	0.80003194060589	0.00063246176529089	15.796800557365	1
17.875	8.75	0.999999986399393	0.800011887359692	0.000585972972177484	15.5967971626902	1
18.125	8.75	0.999999991791633	0.799994049447683	0.000543221889425139	15.3967982536767	1
18.375	8.75	0.999999996223345	0.799978225409373	0.000503875561318363	15.1968033260923	1
18.625	8.75	0.99999999969522	0.799964227067389	0.000467633508135788	14.9968119225695	1
18.875	8.75	1.00000000223074	0.799951879455774	0.000434224190024712	14.7968236293512	1
19.125	8.75	1.00000000392607	0.799941020580939	0.000403401902284915	14.5968380730812	1
19.375	8.75	1.00000000493006	0.79993150104951	0.000374944046508286	14.3968549176843	1
19.625	8.75	1.00000000540934	0.799923183590041	0.000348648726160172	14.1968738613632	1
19.875	8.75	1.0000000055199	0.799915942493356	0.000324332626289579	13.9968946337335	1
20.125	8.75	1.00000000539124	0.799909662999659	0.000301829139366167	13.7969169931082	1
20.375	8.75	1.00000000512137	0.799904240649362	0.000280986703616825	13.5969407239411	1
20.625	8.75	1.00000000477875	0.79989958061615	0.000261667326662178	13.3969656344319	1
20.875	8.75	1.0000000044078	0.799895597038313	0.000243745271767408	13.1969915542959	1
21.125	8.75	1.0000000040354	0.799892212355247	0.000227105884740222	12.9970183326946	1
21.375	8.75	1.00000000367644	0.79988935666119	0.000211644544065967	12.797045836326	1
21.625	8.75	1.00000000333796	0.799886967083546	0.000197265720664297	12.5970739476681	1
21.875	8.75	1.00000000302297	0.799884987186803	0.000183882133030803	12.3971025633698	1
22.125	8.75	1.00000000273196	0.79988336640797	0.000171413986878412	12.1971315927811	1
22.375	8.75	1.0000000024641	0.799882059527544	0.000159788290401136	11.9971609566158	1
22.625	8.75	1.0000000022183	0.799881026172537	0.00014893823670454	11.7971905857369	1
22.875	8.75	1.00000000199325	0.799880230353034	0.000138802645179941	11.5972204200582	1
23.125	8.75	1.00000000178767	0.799879640035848	0.000129325456191126	11.3972504075517	1
23.375	8.75	1.00000000160024	0.799879226749649	0.00012045527496723	11.1972805033539	1
23.625	8.75	1.00000000142984	0.799878965221777	0.000112144957281848	10.9973106689633	1
23.875	8.75	1.00000000127526	0.799878833046533	0.000104351233834259	10.7973408715196	1
24.125	8.75	1.00000000113536	0.79987881038061	9.70343705228481e-05	10.5973710831602	1
24.375	8.75	1.00000000100907	0.799878879667161	9.015785955319e-05	10.3974012804456	1
24.625	8.75	1.00000000089517	0.799879025385152	8.36881396015336e-05	10.1974314438476	1
24.875	8.75	1.00000000079262	0.799879233821376	7.75943418553481e-05	9.99746155729374	1
25.125	8.75	1.0000000007004	0.799879492863715	7.18480593457493e-05	9.7974916077652	1
25.375	8.75	1.00000000061779	0.799879791815744	6.64231377572301e-05	9.59752158493981	1
25.625	8.75	1.00000000054386	0.799880121229582	6.12954867590182e-05	9.3975514808777	1
25.875	8.75	1.00000000047768	0.799880472755465	5.64429078916905e-05	9.19758128974481	1
26.125	8.75	1.00000000041863	0.799880839006258	5.18449386372909e-05	8.99761100756997	1
26.375	8.75	1.00000000036595	0.799881213435853	4.74827126013599e-05	8.79764063203292	1
26.625	8.75	1.0000000003188	0.799881590234058	4.33388316181571e-05	8.5976701622793	1
26.875	8.75	1.00000000027707	0.799881964229436	3.93972512537473e-05	8.39769959875887	1
27.125	8.75	1.00000000024108	0.799882330802876	3.56431776066455e-05	8.1977289430865	1
27.375	8.75	1.0000000002114	0.799882685815066	3.2062973103168e-05	7.99775819792145	1
27.625	8.75	1.0000000001885	0.799883025540822	2.86440731036687e-05	7.79778736686295	1
27.875	8.75	1.00000000017212	0.799883346611267	2.53749108052589e-05	7.59781645436085	1
28.125	8.75	1.00000000015945	0.799883645965962	2.22448487169305e-05	7.39784546563889	1
28.375	8.75	1.00000000014343	0.799883920811893	1.92441177759217e-05	7.19787440662859	1
28.625	8.75	1.00000000011248	0.799884168589076	1.63637624464959e-05	6.99790328391252	1
28.875	8.75	1.00000000005346	0.7998843869434	1.35955907263946e-05	6.79793210467431	1
29.125	8.75	0.999999999959305	0.799884573705515	1.09321288550922e-05	6.59796087665353	1
29.375	8.75	0.99999999984399	0.799884726875646	8.36657938799334e-06	6.39798960810236	1
29.625	8.75	0.999999999760988	0.799884844610469	5.89278202610981e-06	6.19801830774175	1
29.875	8.75	0.999999999814468	0.799884925214166	3.505175800342e-06	5.9980469847174	1
30.125	8.75	1.0000000001449	0.799884967135104	1.19876237204623e-06	5.79807564855612	1
30.375	8.75	1.00000000086629	0.799884968967162	-1.03093040563866e-06	5.59810430912931	1
30.625	8.75	1.00000000193654	0.799884929457975	-3.18788722187811e-06	5.39813297663339	1
30.875	8.75	1.00000000297492	0.799884847533607	-5.27564695000478e-06	5.19816166159881	1
31.125	8.75	1.00000000310484	0.79988472234323	-7.29734716720793e-06	4.99819037492652	1
31.375	8.75	1.00000000098308	0.799884553311897	-9.25577350640565e-06	4.79821912793072	1
31.625	8.75	0.999999995246048	0.799884340185904	-1.11534143090711e-05	4.59824793232927	1
31.875	8.75	0.99999998557874	0.799884083031521	-1.29925184080832e-05	4.39827680007968	1
32.125	8.75	0.999999974381085	0.799883782122385	-1.47751551376563e-05	4.19830574294546	1
32.375	8.75	0.999999968478935	0.799883437664229	-1.65032750641917e-05	3.99833477173975	1
32.625	8.75	0.999999979543168	0.799883049371818	-1.8178770185837e-05	3.7983638953821	1
32.875	8.75	1.00000002113171	0.799882616034974	-1.98035387086533e-05	3.59839312024125	1
33.125	8.75	1.00000010023292	0.799882135406889	-2.13795635519588e-05	3.39842245065053	1
33.375	8.75	1.0000002028689	0.799881604937437	-2.29090182680872e-05	3.1984518917209	1
33.625	8.75	1.0000002776473	0.799881023854277	-2.43944112473775e-05	2.9984814552122	1
33.875	8.75	1.00000022811896	0.799880396643023	-2.58387544471391e-05	2.79851116773761	1
34.125	8.75	0.999999932150575	0.799879736854895	-2.72456975089181e-05	2.59854107767258	1
34.375	8.75	0.999999308585898	0.799879068407498	-2.8619500471939e-05	2.39857125332604	1
34.625	8.75	0.999998439281454	0.79987841976577	-2.99646573564122e-05	2.19860176215941	1
34.875	8.75	0.999997718960306	0.799877806057749	-3.12850081327041e-05	1.99863262287461	1
35.125	8.75	0.999997944326404	0.799877197627144	-3.25823719430117e-05	1.79866373389701	1
35.375	8.75	1.0000001845749	0.799876482998799	-3.38551827450238e-05	1.59869480647328	1
35.625	8.75	1.00000524538973	0.799875449947201	-3.50982980635455e-05	1.39872536516108	1
35.875	8.75	1.00001262727502	0.799873825552108	-3.63057930428955e-05	1.19875490706249	1
36.125	8.75	1.00001917415173	0.799871422070967	-3.74784908684982e-05	0.998783301200975	1
36.375	8.75	1.00001814126613	0.799868409607015	-3.86363237617202e-05	0.798811416500447	1
36.625	8.75	1.00000005446902	0.799865657064822	-3.98313510260468e-05	0.598841756057335	1
36.875	8.75	0.99995708702996	0.799864947228877	-4.11504709624319e-05	0.398878564732001	1
37.125	8.75	0.999892043144216	0.799885595204054	-4.26910116937642e-05	0.198926592917751	1
37.375	8.75	0.999830585013357	0.39989610413134	-4.42516497910338e-05	-0.00102072950475316	1
0.125	9.25	0.000430847120738902	0.799762574543299	0.00181971654395316	22.8275017836119	1
0.375	9.25	0.000431246891498406	0.799800141868596	0.00176921513123723	22.8274485988016	1
0.625	9.25	0.000432028160608761	0.799665738721987	0.0014893058274032	22.8274321721011	1
0.875	9.25	0.000432974704094071	0.799551521362922	0.00096014754733021	22.8274481153624	1
1.125	9.25	0.000433501778737726	0.799466431236353	0.000152756239956538	22.8274900325176	1
1.375	9.25	0.000432528501591045	0.799419418856045	-0.000917849562513061	22.8275489995254	1
1.625	9.25	0.000428458453686029	0.79941368962214	-0.0021270259397139	22.827614312255	1
1.875	9.25	0.000419347489786939	0.79944386616868	-0.00317685326848883	22.8276759820952	1
2.125	9.25	0.000403326092800836	0.799500749726414	-0.00362822234992666	22.8277272741392	1
2.375	9.25	0.000379301514895354	0.799577460390462	-0.00316589797154346	22.8277647957479	1
2.625	9.25	0.000347898286105274	0.79966614580263	-0.00201439719945808	22.8277861429683	1
2.875	9.25	0.000312526729947133	0.799752063881448	-0.000941929357318156	22.8277892218182	1
3.125	9.25	0.000280428831101837	0.799821106454105	-0.000577183807707603	22.8277742797733	1
3.375	9.25	0.000263552163697758	0.799876403206184	-0.00094323344454422	22.8277417250099	1
3.625	9.25	0.000279120263433816	0.799942365760292	-0.00174197341591977	22.8276837670024	1
3.875	9.25	0.000349763297911156	0.800045067151173	-0.00270244014000862	22.827578687593	1
4.125	9.25	0.000503039795228785	0.80019173070889	-0.00367592265644826	22.8273931895019	1
4.375	9.25	0.000770145617216951	0.80037182482414	-0.00461352578173333	22.8270879679232	1
4.625	9.25	0.00118362204675674	0.80057138892381	-0.00551369044514497	22.826620159472	1
4.875	9.25	0.0017740450784784	0.800782718052448	-0.0063850913942653	22.8259423387039	1
5.125	9.25	0.00256612409005016	0.801005876654089	-0.0072325428592518	22.8250006938276	1
5.375	9.25	0.00357534166886783	0.801247824792581	-0.00805320815107234	22.8237333256774	1
5.625	9.25	0.00480704093756584	0.801522831481924	-0.00883487182720527	22.8220674285631	1
5.875	9.25	0.00626064539870103	0.801853987956168	-0.00955454543465278	22.81991305855	1
6.125	9.25	0.00794274400987754	0.802274468898618	-0.0101774651202537	22.8171505843704	1
6.375	9.25	0.0098945504851603	0.802827505056021	-0.0106567212988156	22.8136080546805	1
6.625	9.25	0.0122422765153935	0.803564320154696	-0.0109339703524788	22.8090234853809	1
6.875	9.25	0.0152838354440289	0.804539107648955	-0.0109418834688897	22.8029857435933	1
7.125	9.25	0.019632297994577	0.805799389623921	-0.0106090095299986	22.7948469942701	1
7.375	9.25	0.0264438843680236	0.807368614356605	-0.00986752656228509	22.7836012161569	1
7.625	9.25	0.0377571093961715	0.809215619362374	-0.00866400846546732	22.7677304383009	1
7.875	9.25	0.0569325776244287	0.811204359037226	-0.00697311824413278	22.745038848788	1
8.125	9.25	0.0890471987623482	0.813024647978067	-0.00481442116157059	22.7125318730401	1
8.375	9.25	0.140773076314906	0.814140391204975	-0.00227270082795138	22.6664538410495	1
8.625	9.25	0.218800740092653	0.813875821337144	0.000481523688470807	22.6026482256858	1
8.875	9.25	0.325906148379063	0.811812613736094	0.00318798075330016	22.5173655596622	1
9.125	9.25	0.455855867576206	0.808382906142217	0.0055408239075644	22.408398180168	1
9.375	9.25	0.592284851462637	0.804900141045201	0.00729028908072243	22.2760110345001	1
9.625	9.25	0.715773385611415	0.802562267559028	0.00833975003747723	22.1229951287705	1
9.875	9.25	0.813716888720137	0.8015658729928	0.00875555242713309	21.9537126207757	1
10.125	9.25	0.883693193138893	0.801382165732642	0.00869522611139358	21.7727738212982	1
10.375	9.25	0.930009260950729	0.801462166748185	0.00832774725374678	21.5840946005439	1
10.625	9.25	0.959046503584881	0.801526651518385	0.00779068360454768	21.3905637920178	1
10.875	9.25	0.976552855435188	0.801504853548915	0.00718051224468367	21.1941226054935	1
11.125	9.25	0.986798600884538	0.801413467128744	0.00655837359023754	20.9959956896655	1
11.375	9.25	0.992652875729481	0.801286411922444	0.00595958895241579	20.7969218112596	1
11.625	9.25	0.995931297297956	0.801150014431552	0.00540223976317381	20.5973315335358	1
11.875	9.25	0.997737425955888	0.801019329477357	0.00489363266868893	20.3974685568316	1
12.125	9.25	0.998721503906315	0.800900932525538	0.00443476324386139	20.1974671354865	1
12.375	9.25	0.999256340709377	0.800796371779604	0.00402322609712487	19.9973993169866	1
12.625	9.25	0.999550116233325	0.800704706318577	0.00365502148785886	19.7973027961182	1
12.875	9.25	0.999716039874446	0.800624046663205	0.0033256194789727	19.5971968413261	1
13.125	9.25	0.999814091834412	0.800552374712971	0.00303054533797622	19.3970911222126	1
13.375	9.25	0.999875329896074	0.8004879184577	0.00276566873347142	19.196990440604	1
13.625	9.25	0.999915617540208	0.800429277340332	0.00252731813537423	18.9968971736428	1
13.875	9.25	0.999943112946003	0.800375420848333	0.0023122982890209	18.7968124856644	1
14.125	9.25	0.999962192580324	0.800325631584335	0.00211785880599786	18.5967369062009	1
14.375	9.25	0.999975411853947	0.800279431720023	0.00194164219839649	18.3966705987372	1
14.625	9.25	0.999984433230547	0.800236512395264	0.00178162707071754	18.196613488211	1
14.875	9.25	0.999990441444515	0.800196674538589	0.00163607443987612	17.9965653288228	1
15.125	9.25	0.999994322242567	0.800159783487866	0.00150348059772353	17.7965257484144	1
15.375	9.25	0.999996742528288	0.800125736692313	0.00138253741851171	17.596494283523	1
15.625	9.25	0.999998194766409	0.800094442419662	0.00127209974740752	17.396470409422	1
15.875	9.25	0.999999030530186	0.800065806997607	0.00117115896289464	17.1964535658321	1
16.125	9.25	0.999999490661218	0.800039728257842	0.00107882166561456	16.996443178111	1
16.375	9.25	0.999999732756722	0.800016093195323	0.000994292498874384	16.7964386738647	1
16.625	9.25	0.999999854932248	0.799994778289034	0.000916860243829103	16.5964394952908	1
16.875	9.25	0.999999915018016	0.799975651336429	0.00084588648611368	16.3964451078267	1
17.125	9.25	0.999999945050167	0.799958573997303	0.000780796299181083	16.1964550058011	1
17.375	9.25	0.999999961518866	0.799943404529313	0.000721070512761056	15.9964687157734	1
17.625	9.25	0.999999972165039	0.799930000391272	0.000666239231236388	15.7964857981623	1
17.875	9.25	0.999999980196588	0.799918220539868	0.000615876349327731	15.5965058476508	1
18.125	9.25	0.99999998671872	0.799907927348347	0.000569594867054388	15.396528492739	1
18.375	9.25	0.999999992016936	0.799898988126065	0.000527042851125748	15.1965533947177	1
18.625	9.25	0.99999999615644	0.799891276261535	0.000487899927119864	14.9965802462578	1
18.875	9.25	0.999999999211391	0.799884672030019	0.000451874208103631	14.7966087697549	1
19.125	9.25	1.00000000131674	0.799879063110521	0.000418699586293448	14.5966387155267	1
19.375	9.25	1.00000000265028	0.799874344860437	0.000388133331937651	14.3966698599344	1
19.625	9.25	1.00000000339971	0.799870420394185	0.000359953950589271	14.1967020034807	1
19.875	9.25	1.00000000373594	0.799867200507408	0.000333959263045685	13.9967349689221	1
20.125	9.25	1.00000000379904	0.799864603481938	0.000309964677585704	13.7967685994256	1
20.375	9.25	1.00000000369454	0.799862554799472	0.000287801628983751	13.596802756791	1
20.625	9.25	1.00000000349623	0.799860986793678	0.000267316164831477	13.396837319756	1
20.875	9.25	1.00000000325235	0.799859838262183	0.000248367662099103	13.1968721823934	1
21.125	9.25	1.00000000299266	0.799859054049296	0.000230827659471688	12.9969072526079	1
21.375	9.25	1.00000000273423	0.799858584618409	0.000214578793823018	12.7969424507372	1
21.625	9.25	1.00000000248579	0.799858385625371	0.000199513830528522	12.5969777082576	1
21.875	9.25	1.00000000225161	0.799858417496309	0.000185534778055766	12.3970129665918	1
22.125	9.25	1.00000000203329	0.799858645018805	0.000172552080056902	12.1970481760194	1
22.375	9.25	1.00000000183088	0.799859036952655	0.000160483877668676	11.9970832946821	1
22.625	9.25	1.00000000164412	0.799859565659093	0.000149255335003197	11.797118287682	1
22.875	9.25	1.00000000147237	0.799860206750978	0.000138798023789876	11.5971531262658	1
23.125	9.25	1.00000000131489	0.799860938770062	0.00012904936117699	11.3971877870908	1
23.375	9.25	1.00000000117102	0.799861742885624	0.000119952096899993	11.1972222515645	1
23.625	9.25	1.00000000104024	0.799862602614578	0.000111453844824476	10.9972565052552	1
23.875	9.25	1.00000000092164	0.799863503567632	0.000103506655288641	10.7972905373657	1
24.125	9.25	1.0000000008143	0.799864433216411	9.60666260539741e-05	10.5973243402653	1
24.375	9.25	1.00000000071756	0.799865380679493	8.90935475656646e-05	10.397357909075	1
24.625	9.25	1.00000000063051	0.799866336529397	8.25505792594787e-05	10.1973912413014	1
24.875	9.25	1.00000000055234	0.799867292618982	7.64039548507019e-05	9.99742433651443	1
25.125	9.25	1.0000000004823	0.799868241922724	7.06227152025036e-05	9.79745719606399	1
25.375	9.25	1.00000000041972	0.799869178395545	6.51784646147593e-05	9.59748982283315	1
25.625	9.25	1.00000000036388	0.799870096846405	6.00451496774767e-05	9.39752222102225	1
25.875	9.25	1.00000000031412	0.7998709928232	5.51988586623021e-05	9.19755439596225	1
26.125	9.25	1.00000000026996	0.799871862511975	5.06176388342923e-05	8.99758635395365	1
26.375	9.25	1.00000000023078	0.799872702646761	4.62813321518527e-05	8.79761810212771	1
26.625	9.25	1.0000000001959	0.799873510430898	4.21714253984266e-05	8.59764964832826	1
26.875	9.25	1.00000000016533	0.79987428346616	3.82709144036703e-05	8.39768100101039	1
27.125	9.25	1.00000000013948	0.799875019689965	3.45641823119368e-05	8.19771216915562	1
27.375	9.25	1.00000000011888	0.799875717323328	3.10368887020895e-05	7.9977431622004	1
27.625	9.25	1.00000000010415	0.799876374825025	2.76758696768544e-05	7.79777398997601	1
27.875	9.25	1.00000000009517	0.799876990850998	2.44690480068522e-05	7.59780466265891	1
28.125	9.25	1.00000000008921	0.799877564221324	2.14053510047207e-05	7.39783519073006	1
28.375	9.25	1.00000000007924	0.799878093892858	1.84746367493669e-05	7.19786558494143	1
28.625	9.25	1.00000000005352	0.799878578937927	1.56676275186474e-05	6.99789585628873	1
28.875	9.25	0.999999999998754	0.799879018527905	1.2975848529913e-05	6.79792601598797	1
29.125	9.25	0.999999999908072	0.799879411918844	1.03915721083132e-05	6.59795607545449	1
29.375	9.25	0.999999999795747	0.799879758443249	7.90776611189e-06	6.3979860462828	1
29.625	9.25	0.999999999715448	0.799880057504143	5.51804572277636e-06	6.19801594022388	1
29.875	9.25	0.999999999771853	0.799880308568692	3.21662781393693e-06	5.99804576916089	1
30.125	9.25	1.00000000010654	0.799880511165053	9.98287524891002e-07	5.79807554508533	1
30.375	9.25	1.0000000008346	0.799880664885011	-1.14168439672776e-06	5.59810528008017	1
30.625	9.25	1.00000000191436	0.799880769391282	-3.20752452003219e-06	5.39813498631993	1
30.875	9.25	1.00000000296434	0.79988082443721	-5.20303952544017e-06	5.1981646761	1
31.125	9.25	1.00000000310459	0.799880829906441	-7.13165044760075e-06	4.99819436189534	1
31.375	9.25	1.00000000098465	0.799880785862538	-8.99643942468807e-06	4.79822405642694	1
31.625	9.25	0.999999995231282	0.799880692588456	-1.08001976713655e-05	4.59825377267669	1
31.875	9.25	0.999999985522149	0.799880550576091	-1.25454748244762e-05	4.39828352374964	1
32.125	9.25	0.999999974260062	0.799880360408275	-1.42346297224933e-05	4.19831332246794	1
32.375	9.25	0.999999968295232	0.799880122480797	-1.58698792474137e-05	3.99834318064103	1
32.625	9.25	0.99999997935189	0.79987983657202	-1.7453344746551e-05	3.79837310814757	1
32.875	9.25	1.00000002106072	0.799879501404423	-1.89870986105679e-05	3.5984031123049	1
33.125	9.25	1.00000010046044	0.799879114540665	-2.04732118943749e-05	3.39843319841362	1
33.375	9.25	1.00000020351852	0.799878673135136	-2.19138105383706e-05	3.19846337260628	1
33.625	9.25	1.00000027857694	0.799878176051525	-2.33111460551558e-05	2.99849364776532	1
33.875	9.25	1.00000022864502	0.799877627407774	-2.46676714388597e-05	2.79852405178101	1
34.125	9.25	0.999999930873382	0.799877040474305	-2.59860924784246e-05	2.59855463450088	1
34.375	9.25	0.999999303645871	0.799876439071887	-2.72693233391414e-05	2.39858546588347	1
34.625	9.25	0.99999842947634	0.799875851804474	-2.85202392854769e-05	2.19861661507573	1
34.875	9.25	0.999997706004483	0.799875294119431	-2.97411324108996e-05	1.99864810217739	1
35.125	9.25	0.999997935899098	0.799874736648782	-3.09328851994746e-05	1.79867982622464	1
35.375	9.25	1.00000019652567	0.799874067813099	-3.20941512470068e-05	1.59871149778392	1
35.625	9.25	1.00000529974535	0.799873074555345	-3.32212670354693e-05	1.39874263936152	1
35.875	9.25	1.00001274142707	0.799871482501683	-3.43100528656663e-05	1.19877274565608	1
36.125	9.25	1.00001933764077	0.799869102978166	-3.5360676638691e-05	0.998801685739989	1
36.375	9.25	1.00001828244336	0.799866108408594	-3.63857575094672e-05	0.798830335712588	1
36.625	9.25	1.00000001195489	0.799863377490022	-3.74191226743672e-05	0.598861218008301	1
36.875	9.25	0.999956619066208	0.799862713274228	-3.85180000290875e-05	0.398898610245998	1
37.125	9.25	0.9998909235825	0.799883672840358	-3.97474199455014e-05	0.198947300026513	1
37.375	9.25	0.999828829898522	0.39989416431273	-4.09529775335105e-05	-0.000999370408185018	1
0.125	9.75	0.000440395676840192	0.79978106621097	0.00207584579837319	22.8275031341547	1
0.375	9.75	0.000440794192985415	0.799871375434393	0.00209774515010134	22.8274364388058	1
0.625	9.75	0.000441565778220416	0.799784459982034	0.00180449305414112	22.8273935292601	1
0.875	9.75	0.000442478824344974	0.799707857686643	0.0012822341575266	22.827372362484	1
1.125	9.75	0.000442925024964286	0.799647897982526	0.000503408524116393	22.8273693245096	1
1.375	9.75	0.000441794507908188	0.799610044093896	-0.000510748406016282	22.8273791615795	1
1.625	9.75	0.000437463384561775	0.799595379672568	-0.00163220045370874	22.8273956947474	1
1.875	9.75	0.000427973380868497	0.799600575910245	-0.00260038997438494	22.8274136348041	1
2.125	9.75	0.000411470163757759	0.799625015023244	-0.00307524603145309	22.8274295464121	1
2.375	9.75	0.000386923286719757	0.799674099491908	-0.00282864902334691	22.8274399629369	1
2.625	9.75	0.000355083335418328	0.799745368590104	-0.00200688785670122	22.827439467553	1
2.875	9.75	0.000319564219851177	0.799818739009685	-0.00114281747270546	22.8274240668383	1
3.125	9.75	0.000287900924030655	0.799877096456451	-0.000750093308828351	22.8273942802302	1
3.375	9.75	0.000272435882234018	0.799926473435286	-0.000993084457509834	22.8273493422281	1
3.625	9.75	0.000290903266065271	0.799987226907447	-0.00175729906835504	22.8272794756912	1
3.875	9.75	0.000366572346451881	0.800075105037969	-0.00280191126533639	22.8271635406126	1
4.125	9.75	0.00052777550289944	0.800191911934955	-0.00389341773808212	22.8269712927591	1
4.375	9.75	0.000806612898522233	0.800327745461127	-0.00491324616943768	22.8266667070033	1
4.625	9.75	0.00123664965244712	0.80046858918974	-0.00585171028387017	22.8262096160561	1
4.875	9.75	0.00184961165986047	0.800602293213616	-0.00673955482590873	22.8255555612433	1
5.125	9.75	0.00267155955869366	0.800720883509091	-0.00760276189904983	22.824654945601	1
5.375	9.75	0.0037197426832694	0.800821271224192	-0.00845252175463763	22.8234517468746	1
5.625	9.75	0.00500212027072108	0.800906464482953	-0.00928773899213208	22.8218806425417	1
5.875	9.75	0.00652234496258466	0.800987628557109	-0.0100961289190366	22.8198603363973	1
6.125	9.75	0.00829411690279729	0.801086316737558	-0.0108519335531906	22.8172800366588	1
6.375	9.75	0.0103706944583849	0.80123605068918	-0.0115121501907151	22.8139750466083	1
6.625	9.75	0.0128985157325257	0.801482418180001	-0.0120131778279616	22.8096861828348	1
6.875	9.75	0.016208921692153	0.801880507517404	-0.0122695321665709	22.803996487144	1
7.125	9.75	0.0209690360199098	0.802487567485331	-0.0121763969619908	22.7962382253755	1
7.375	9.75	0.0284196942935234	0.803347034109421	-0.0116178693438182	22.7853652665845	1
7.625	9.75	0.0407246525964674	0.804457639822588	-0.0104824977772087	22.7697942102978	1
7.875	9.75	0.0614106957240086	0.805720422603526	-0.00868719190901881	22.7472380586718	1
8.125	9.75	0.0957261010773764	0.806865787341911	-0.00621014860911823	22.7145956640084	1
8.375	9.75	0.150400119578044	0.80740343136132	-0.00313210982681816	22.6680178551858	1
8.625	9.75	0.231831294162664	0.806725374014083	0.000322672507044502	22.6033160596338	1
8.875	9.75	0.341929552190254	0.804524055530087	0.0037768389313857	22.5168214227921	1
9.125	9.75	0.473223449633385	0.801346708027734	0.00677332896463472	22.4065301582089	1
9.375	9.75	0.608619233568905	0.798499303263847	0.00893989914557102	22.2729657990019	1
9.625	9.75	0.729193215747926	0.797002588098248	0.010139515700645	22.1191148762339	1
9.875	9.75	0.823583916031096	0.796852590792226	0.0104809751961589	21.9493983307238	1
10.125	9.75	0.890378998706659	0.797422586947321	0.0102056508280722	21.7683678606892	1
10.375	9.75	0.934290671269391	0.798147799249051	0.00956477443883863	21.5798313352344	1
10.625	9.75	0.961684641330925	0.798758358378765	0.00875477727180635	21.3865748715452	1
10.875	9.75	0.978135039525602	0.79919430242877	0.0079048019853636	21.1904645602255	1
11.125	9.75	0.987728412104039	0.799482169201334	0.00708860219224257	20.9926783327974	1
11.375	9.75	0.993190379487607	0.799665962445696	0.00634181145719437	20.7939295886885	1
11.625	9.75	0.996237673882181	0.79978240444734	0.00567670420224056	20.5946372810523	1
11.875	9.75	0.997909974032152	0.799856608179825	0.00509264899146196	20.3950414924486	1
12.125	9.75	0.998817776267222	0.799904252235312	0.00458276523957258	20.1952770759488	1
12.375	9.75	0.999309775864638	0.799934703473892	0.00413783404917426	19.9954186283543	1
12.625	9.75	0.999579809700928	0.79995348672563	0.00374841450393125	19.7955070754033	1
12.875	9.75	0.999732709741985	0.799963918515431	0.0034058651851631	19.5955649393165	1
13.125	9.75	0.99982365226509	0.799968095389885	0.00310273723291837	19.3956048612297	1
13.375	9.75	0.999880993321549	0.799967456725929	0.00283283108969408	19.1956342219366	1
13.625	9.75	0.999919107890468	0.799963088134126	0.00259109119412774	18.9956575749996	1
13.875	9.75	0.999945351197406	0.79995587499918	0.00237343753186622	18.7956778950368	1
14.125	9.75	0.999963675110704	0.799946573866134	0.0021765867278989	18.5956972090291	1
14.375	9.75	0.999976413907685	0.799935841807333	0.00199788808433638	18.3957169201244	1
14.625	9.75	0.999985115355676	0.799924246583713	0.00183518453603602	18.1957379849499	1
14.875	9.75	0.99999090368702	0.799912269880817	0.00168670029310156	17.9957610234756	1
15.125	9.75	0.999994631162354	0.799900309631301	0.0015509529608623	17.7957863974489	1
15.375	9.75	0.999996944610398	0.799888683882487	0.00142668636908913	17.595814272312	1
15.625	9.75	0.999998323293295	0.799877636756249	0.00131282004859391	17.3958446680907	1
15.875	9.75	0.999999109418485	0.799867346139908	0.00120841162761113	17.1958775011403	1
16.125	9.75	0.99999953690112	0.799857932427996	0.00111262900379248	16.9959126176285	1
16.375	9.75	0.999999758166265	0.799849467604046	0.00102472976611022	16.7959498195901	1
16.625	9.75	0.999999867512775	0.799841984083377	0.000944045921544443	16.5959888845659	1
16.875	9.75	0.999999920021356	0.799835482906774	0.000869972458122598	16.3960295799422	1
17.125	9.75	0.999999945807071	0.799829941038543	0.0008019586651869	16.1960716730969	1
17.375	9.75	0.999999960062826	0.799825317663234	0.000739501429965371	15.9961149383393	1
17.625	9.75	0.999999969684534	0.799821559469189	0.000682139944859992	15.7961591614692	1
17.875	9.75	0.999999977350689	0.79981860497753	0.000629451430616328	15.596204142606	1
18.125	9.75	0.99999998384894	0.799816388007774	0.000581047593815569	15.3962496977783	1
18.375	9.75	0.999999989282905	0.799814840391903	0.000536571618607192	15.1962956596369	1
18.625	9.75	0.999999993619486	0.799813894052867	0.000495695558167006	14.996341877549	1
18.875	9.75	0.999999996883882	0.799813482549189	0.000458118028827614	14.7963882172627	1
19.125	9.75	0.999999999189281	0.799813542186876	0.000423562137071694	14.5964345602736	1
19.375	9.75	1.00000000070561	0.799814012783996	0.000391773595511875	14.3964808029929	1
19.625	9.75	1.00000000161942	0.79981483815681	0.000362518993856192	14.1965268557879	1
19.875	9.75	1.00000000210334	0.799815966390839	0.000335584201629862	13.9965726419502	1
20.125	9.75	1.0000000022998	0.799817349946027	0.00031077288622585	13.7966180966313	1
20.375	9.75	1.00000000231646	0.799818945635303	0.000287905133985614	13.5966631657781	1
20.625	9.75	1.00000000222892	0.799820714512229	0.000266816166794535	13.3967078050916	1
20.875	9.75	1.00000000208696	0.799822621693888	0.000247355146092985	13.1967519790234	1
21.125	9.75	1.00000000192137	0.799824636136902	0.000229384058168102	12.9967956598256	1
21.375	9.75	1.00000000174997	0.799826730386975	0.000212776677926621	12.7968388266588	1
21.625	9.75	1.00000000158219	0.799828880313161	0.000197417605981895	12.5968814647647	1
21.875	9.75	1.00000000142275	0.799831064835302	0.000183201373764891	12.3969235647046	1
22.125	9.75	1.00000000127361	0.799833265654685	0.000170031615081696	12.196965121664	1
22.375	9.75	1.00000000113513	0.799835466991956	0.000157820300339763	11.9970061348217	1
22.625	9.75	1.00000000100739	0.799837655334458	0.000146487027578957	11.7970466067811	1
22.875	9.75	1.00000000089003	0.799839819197611	0.000135958369702741	11.597086543061	1
23.125	9.75	1.00000000078269	0.799841948903679	0.000126167273638418	11.3971259516421	1
23.375	9.75	1.00000000068506	0.799844036374028	0.000117052507060957	11.1971648425637	1
23.625	9.75	1.00000000059674	0.799846074936653	0.00010855815064771	10.9972032275696	1
23.875	9.75	1.00000000051708	0.799848059153247	0.000100633132864731	10.7972411197975	1
24.125	9.75	1.00000000044548	0.799849984660338	9.32308039398606e-05	10.5972785335073	1
24.375	9.75	1.00000000038163	0.799851848023878	8.63085456952632e-05	10.3973154838459	1
24.625	9.75	1.0000000003248	0.799853646609039	7.98274155684486e-05	10.1973519866455	1
24.875	9.75	1.00000000027427	0.799855378465246	7.37518214588069e-05	9.99738805825	1
25.125	9.75	1.00000000022949	0.799857042221222	6.80492260468231e-05	9.79742371536806	1
25.375	9.75	1.0000000001899	0.799858636991776	6.26898769469737e-05	9.59745897494955	1
25.625	9.75	1.00000000015501	0.799860162296702	5.7646560941864e-05	9.39749385408249	1
25.875	9.75	1.00000000012438	0.799861617987292	5.2894381702054e-05	9.19752836990842	1
26.125	9.75	1.00000000009761	0.799863004183527	4.84105570136619e-05	8.99756253955398	1
26.375	9.75	1.00000000007427	0.799864321218164	4.4174235375843e-05	8.79759638007606	1
26.625	9.75	1.00000000005388	0.799865569588558	4.01663295040252e-05	8.59762990841979	1
26.875	9.75	1.00000000003651	0.799866749915802	3.63693651428785e-05	8.39766314138644	1
27.125	9.75	1.0000000000226	0.799867862908174	3.27673451705708e-05	8.19769609561066	1
27.375	9.75	1.00000000001269	0.79986890933225	2.93456259160365e-05	7.99772878754542	1
27.625	9.75	1.00000000000768	0.799869889989034	2.6090805214801e-05	7.79776123345291	1
27.875	9.75	1.0000000000077	0.799870805691777	2.29906217311718e-05	7.59779344940081	1
28.125	9.75	1.0000000000099	0.799871657250657	2.00338628501069e-05	7.39782545126381	1
28.375	9.75	1.00000000000715	0.79987244546263	1.7210281755061e-05	7.19785725472762	1
28.625	9.75	0.999999999987931	0.799873171101961	1.45105228622566e-05	6.99788887529569	1
28.875	9.75	0.999999999939025	0.799873834914639	1.19260522557533e-05	6.79792032829742	1
29.125	9.75	0.999999999853368	0.799874437616605	9.44909438278969e-06	6.59795162889618	1
29.375	9.75	0.999999999745263	0.799874979893682	7.072575075868e-06	6.39798279209494	1
29.625	9.75	0.999999999668514	0.799875462400364	4.79006780149337e-06	6.19801383273841	1
29.875	9.75	0.999999999727762	0.799875885760357	2.5957424269704e-06	5.99804476551242	1
30.125	9.75	1.00000000006488	0.799876250568817	4.84318260329453e-07	5.79807560494175	1
30.375	9.75	1.00000000079581	0.799876557394742	-1.54898072505233e-06	5.59810636539439	1
30.625	9.75	1.00000000187992	0.799876806789471	-3.50847051041929e-06	5.39813706110314	1
30.875	9.75	1.0000000029365	0.799876999309623	-5.39804966391286e-06	5.19816770621575	1
31.125	9.75	1.00000000308579	0.799877135555245	-7.22124095685543e-06	4.99819831487411	1
31.375	9.75	1.00000000097632	0.79987721621659	-8.98123355737449e-06	4.79822890130228	1
31.625	9.75	0.999999995232038	0.799877242114338	-1.06809249821872e-05	4.5982594798435	1
31.875	9.75	0.999999985526219	0.799877214189973	-1.23229631262742e-05	4.39829006484457	1
32.125	9.75	0.999999974258387	0.799877133387107	-1.39097882987795e-05	4.19832067027193	1
32.375	9.75	0.999999968281113	0.79987700037354	-1.54436733562254e-05	3.99835130900358	1
32.625	9.75	0.999999979329839	0.799876815113292	-1.69267618447713e-05	3.79838199193183	1
32.875	9.75	1.00000002105308	0.799876576434787	-1.8361102619924e-05	3.59841272735162	1
33.125	9.75	1.00000010049936	0.799876281934253	-1.97486781322381e-05	3.39844352152162	1
33.375	9.75	1.00000020360375	0.799875928739233	-2.10914292805086e-05	3.19847438152978	1
33.625	9.75	1.00000027858605	0.799875515656062	-2.23912767652796e-05	2.99850532122935	1
33.875	9.75	1.0000002282147	0.799875046760693	-2.36501344366385e-05	2.79853636951265	1
34.125	9.75	0.999999929335745	0.799874535355062	-2.48699063201527e-05	2.59856757726796	1
34.375	9.75	0.999999300195606	0.799874005432398	-2.60524393681411e-05	2.39859901551276	1
34.625	9.75	0.999998423810197	0.799873485956937	-2.71993880240413e-05	2.19863075439044	1
34.875	9.75	0.999997699606332	0.799872992904684	-2.8311946175308e-05	1.99866281476356	1
35.125	9.75	0.999997933786369	0.799872497474741	-2.9390448883681e-05	1.7986950959358	1
35.375	9.75	1.00000020849986	0.79987188844709	-3.04339807519004e-05	1.59872730798066	1
35.625	9.75	1.00000533907919	0.799870952655692	-3.14403587650694e-05	1.39875897211343	1
35.875	9.75	1.00001281799609	0.799869415130875	-3.24071331040431e-05	1.19878958152253	1
36.125	9.75	1.00001944294812	0.799867086763584	-3.33343183527028e-05	0.998819005178718	1
36.375	9.75	1.00001836755824	0.799864141463546	-3.42290938409865e-05	0.798848123285738	1
36.625	9.75	0.999999967692906	0.79986146428461	-3.51111413018025e-05	0.598879469743163	1
36.875	9.75	0.999956280492043	0.799860871647593	-3.60143875331144e-05	0.398917342014069	1
37.125	9.75	0.999890133204307	0.799882099870798	-3.69783888547292e-05	0.198966550816762	1
37.375	9.75	0.999827593570338	0.399892567786419	-3.78878055899798e-05	-0.000979627799386173	1
0.125	10.25	0.000450652014731831	0.799797254849046	0.00215181952869081	22.8275228014336	1
0.375	10.25	0.000451045671843538	0.799947830701046	0.00214434220266943	22.8274436408306	1
0.625	10.25	0.000451799322294804	0.799921723624917	0.0018400820403822	22.8273706134301	1
0.875	10.25	0.00045266503576194	0.799887718139484	0.00126316708571438	22.8273065676434	1
1.125	10.25	0.000453011241395856	0.799855544017619	0.000383141535151523	22.8272522174448	1
1.375	10.25	0.000451702193039689	0.79983681811499	-0.000780944267948814	22.8272053369869	1
1.625	10.25	0.000447094565772225	0.799840620624309	-0.00209193927147279	22.8271607151566	1
1.875	10.25	0.000437231517430184	0.799865289345945	-0.00325891603666286	22.8271119166376	1
2.125	10.25	0.000420299997486518	0.79989073092143	-0.00388094631146535	22.8270559459369	1
2.375	10.25	0.0003953716558217	0.799884393471691	-0.00363436214589543	22.8269989744954	1
2.625	10.25	0.000363379473381262	0.799831280129864	-0.00260353992289211	22.8269562672832	1
2.875	10.25	0.000328216430650617	0.799765160232344	-0.00144035469045596	22.8269395908116	1
3.125	10.25	0.0002978102361046	0.799749023148924	-0.000876237538578924	22.8269409602283	1
3.375	10.25	0.000285035066445051	0.799813093764742	-0.00111230784814718	22.8269331027533	1
3.625	10.25	0.000308333459784779	0.799932257010914	-0.00192416522900948	22.8268849506664	1
3.875	10.25	0.000391905400483113	0.800062360289865	-0.00299857096692531	22.8267720364284	1
4.125	10.25	0.000565281471443062	0.800178302339354	-0.00410006052180599	22.8265737005182	1
4.375	10.25	0.000862062417642271	0.800277505302777	-0.00512075525850615	22.8262646087537	1
4.625	10.25	0.00131764189848111	0.800361652092378	-0.00604613755434877	22.8258103437752	1
4.875	10.25	0.00196595673251582	0.800423560247895	-0.00689745687756554	22.825168581224	1
5.125	10.25	0.00283582880046008	0.800446713244154	-0.00769690193387789	22.8242919143936	1
5.375	10.25	0.00394819689894831	0.800410363010374	-0.00845774368158016	22.823129104467	1
5.625	10.25	0.00531631509353581	0.800294366366016	-0.00918453180136227	22.8216231780054	1
5.875	10.25	0.00695184600518455	0.800082938140755	-0.00987310814271624	22.819704698873	1
6.125	10.25	0.00888100185543664	0.799768348718627	-0.0105078565547435	22.8172773212596	1
6.375	10.25	0.0111769095379539	0.799355166657987	-0.0110571235666323	22.8141912488085	1
6.625	10.25	0.0140177126882356	0.798864751511833	-0.0114684839732588	22.8101987724664	1
6.875	10.25	0.0177851284921089	0.798338692925363	-0.011665719768198	22.8048848894278	1
7.125	10.25	0.0232252168062992	0.79783836426516	-0.0115496985396813	22.7975659410141	1
7.375	10.25	0.0316990127064776	0.797435306003879	-0.0110055173341035	22.7871522471934	1
7.625	10.25	0.045543124749478	0.797184083740977	-0.00991797434826541	22.7719807777693	1
7.875	10.25	0.0685047140524703	0.797068509236358	-0.00819670879575676	22.7496471955491	1
8.125	10.25	0.106040009868428	0.796923981527967	-0.00581162847558109	22.716909446177	1
8.375	10.25	0.164894779263734	0.796385757307225	-0.00283747553881328	22.6697937039176	1
8.625	10.25	0.250967647312956	0.795003202699525	0.000502749907147319	22.6040693751483	1
8.875	10.25	0.364896580750342	0.792661134727583	0.00383000123813056	22.5161745938878	1
9.125	10.25	0.497563465597561	0.790048275293509	0.00669001789052359	22.4043678486936	1
9.375	10.25	0.631096191585582	0.788388527555103	0.0087232803575742	22.2694917247382	1
9.625	10.25	0.747444825907873	0.788386712870877	0.00980993719907607	22.1147573624171	1
9.875	10.25	0.836949360500036	0.789723968261467	0.010070461675103	21.9446347575278	1
10.125	10.25	0.899466146126931	0.791617490615619	0.00974911803698768	21.7635865794711	1
10.375	10.25	0.94016956588278	0.793465764847463	0.00909394661938585	21.5752823464186	1
10.625	10.25	0.965367554283755	0.795005760740247	0.00829531634551228	21.3823850137194	1
10.875	10.25	0.980394625788036	0.796195532765572	0.00747539247844273	21.1866755517979	1
11.125	10.25	0.989095581370239	0.79708373774748	0.00670118632995961	20.9892824963144	1
11.375	10.25	0.994009647443148	0.797738483389761	0.00600252299434545	20.7908952151329	1
11.625	10.25	0.99672531102556	0.798220416580524	0.00538713520577286	20.5919240548648	1
11.875	10.25	0.998198965626	0.79857653291171	0.00485115613306238	20.3926087957612	1
12.125	10.25	0.99898873568455	0.798841290158195	0.00438562915001388	20.1930878631173	1
12.375	10.25	0.999411032444236	0.799039427301609	0.00398018781359791	19.993440797741	1
12.625	10.25	0.999640069279436	0.7991886241106	0.00362492940667946	19.7937135518962	1
12.875	10.25	0.999768886247699	0.799301566350325	0.00331122110942091	19.5939331732638	1
13.125	10.25	0.9998456471905	0.799387437204372	0.003031920338718	19.3941161275682	1
13.375	10.25	0.999894578816927	0.799452960994038	0.00278130243152091	19.1942729125071	1
13.625	10.25	0.999927646390373	0.799503123436822	0.00255486427424561	18.9944105696029	1
13.875	10.25	0.999950809391055	0.799541666208117	0.00234909496478541	18.7945340394015	1
14.125	10.25	0.999967214974281	0.799571426990112	0.00216125858801855	18.5946468993568	1
14.375	10.25	0.999978733480846	0.799594575010158	0.00198920807392214	18.3947517814123	1
14.625	10.25	0.999986643464264	0.799612776414527	0.00183123507893479	18.1948506263469	1
14.875	10.25	0.999991910628865	0.799627312655861	0.00168595391279241	17.9949448541838	1
15.125	10.25	0.999995291691717	0.799639167262612	0.00155221460355957	17.7950354887683	1
15.375	10.25	0.999997374148048	0.799649091049885	0.00142903944534279	17.5951232540593	1
15.625	10.25	0.999998599199298	0.799657652272133	0.00131557767234122	17.3952086501968	1
15.875	10.25	0.999999283907092	0.799665275925112	0.00121107367381064	17.1952920134671	1
16.125	10.25	0.999999645203157	0.79967227494432	0.00111484505197887	16.9953735628583	1
16.375	10.25	0.999999823898312	0.799678875138066	0.00102626765568901	16.7954534354648	1
16.625	10.25	0.999999906326199	0.799685235150948	0.000944765454284006	16.5955317128166	1
16.875	10.25	0.99999994213346	0.799691462406375	0.000869803691085318	16.3956084400422	1
17.125	10.25	0.99999995776984	0.79969762577609	0.000800884208922787	16.1956836395373	1
17.375	10.25	0.999999965995396	0.79970376557531	0.000737542181965836	15.9957573205309	1
17.625	10.25	0.99999997212195	0.799709901377687	0.00067934372822984	15.7958294856582	1
17.875	10.25	0.999999977818368	0.799716038073834	0.00062588405718133	15.595900135386	1
18.125	10.25	0.999999983243871	0.799722170513432	0.000576785928509208	15.3959692709134	1
18.375	10.25	0.99999998812033	0.799728287022163	0.000531698281136032	15.1960368960033	1
18.625	10.25	0.999999992188678	0.799734372036316	0.000490294948246424	14.9961030180602	1
18.875	10.25	0.999999995343976	0.799740408037722	0.000452273411625722	14.7961676486834	1
19.125	10.25	0.999999997626264	0.799746376950024	0.000417353571686935	14.5962308038529	1
19.375	10.25	0.999999999165422	0.799752261123086	0.000385276524790139	14.3962925038639	1
19.625	10.25	1.00000000012662	0.79975804399721	0.000355803347391486	14.1963527730882	1
19.875	10.25	1.0000000006711	0.799763710528401	0.000328713892044058	13.9964116396271	1
20.125	10.25	1.00000000093524	0.799769247434074	0.00030380560234081	13.7964691348953	1
20.375	10.25	1.0000000010233	0.799774643305606	0.0002808923538246	13.5965252931733	1
20.625	10.25	1.00000000100879	0.799779888627006	0.000259803328051385	13.3965801511489	1
20.875	10.25	1.00000000094027	0.799784975724566	0.000240381926918955	13.1966337474669	1
21.125	10.25	1.00000000084756	0.799789898669521	0.000222484731259265	12.9966861222993	1
21.375	10.25	1.00000000074761	0.799794653153939	0.000205980508045688	12.7967373169443	1
21.625	10.25	1.00000000064939	0.79979923634663	0.000190749269361539	12.5967873734578	1
21.875	10.25	1.00000000055708	0.799803646740158	0.000176681384007307	12.3968363343226	1
22.125	10.25	1.00000000047224	0.799807884000032	0.000163676742575683	12.1968842421542	1
22.375	10.25	1.00000000039501	0.799811948814425	0.000151643977002527	11.9969311394427	1
22.625	10.25	1.00000000032518	0.799815842749459	0.000140499731549923	11.796977068331	1
22.875	10.25	1.0000000002623	0.799819568115567	0.000130167985852566	11.5970220704262	1
23.125	10.25	1.00000000020605	0.799823127843774	0.000120579428191886	11.3970661866414	1
23.375	10.25	1.00000000015618	0.799826525370523	0.000111670874973609	11.1971094570669	1
23.625	10.25	1.00000000011227	0.79982976453412	0.00010338473588192	10.9971519208663	1
23.875	10.25	1.00000000007386	0.799832849484138	9.56685225216893e-05	10.7971936161971	1
24.125	10.25	1.00000000004058	0.799835784598474	8.84743969000314e-05	10.5972345801499	1
24.375	10.25	1.00000000001218	0.799838574409805	8.17587567409303e-05	10.3972748487081	1
24.625	10.25	0.999999999987985	0.799841223542641	7.54818573840149e-05	10.1973144567219	1
24.875	10.25	0.999999999967431	0.799843736660144	6.96074660123047e-05	9.99735343789766	1
25.125	10.25	0.999999999950262	0.799846118415847	6.41025459456404e-05	9.79739182479726	1
25.375	10.25	0.999999999936043	0.799848373412667	5.89369692236291e-05	9.59742964884945	1
25.625	10.25	0.99999999992432	0.799850506171481	5.40832548764968e-05	9.39746694036892	1
25.875	10.25	0.999999999914866	0.799852521101929	4.9516331940997e-05	9.19750372858225	1
26.125	10.25	0.999999999907439	0.799854422479491	4.52133232270374e-05	8.99754004166049	1
26.375	10.25	0.999999999901719	0.799856214427851	4.11533494489333e-05	8.79757590675576	1
26.625	10.25	0.999999999897402	0.799857900904622	3.73173524958028e-05	8.59761135004194	1
26.875	10.25	0.999999999894631	0.799859485691713	3.36879341792304e-05	8.39764639675778	1
27.125	10.25	0.999999999893962	0.799860972387591	3.02492111191613e-05	8.19768107125181	1
27.375	10.25	0.999999999896153	0.799862364403136	2.69866836021012e-05	7.99771539702879	1
27.625	10.25	0.999999999902153	0.799863664961519	2.38871156848923e-05	7.79774939679639	1
27.875	10.25	0.999999999912104	0.799864877097548	2.09384277633867e-05	7.59778309251161	1
28.125	10.25	0.999999999923224	0.799866003660419	1.81295997094385e-05	7.3978165054278	1
28.375	10.25	0.999999999928553	0.799867047320974	1.54505820785666e-05	7.19784965614015	1
28.625	10.25	0.999999999916794	0.799868010576997	1.28922157357246e-05	6.99788256462963	1
28.875	10.25	0.999999999874763	0.799868895759849	1.04461588966749e-05	6.79791525030563	1
29.125	10.25	0.999999999795317	0.799869705045322	8.10482071408986e-06	6.59794773204531	1
29.375	10.25	0.999999999692646	0.799870440464037	5.86130010601534e-06	6.3979800282278	1
29.625	10.25	0.999999999620362	0.799871103907202	3.70932920406492e-06	6.19801215676278	1
29.875	10.25	0.999999999682864	0.799871697133947	1.64322121270089e-06	5.99804413511493	1
30.125	10.25	1.00000000002187	0.799872221780566	-3.42178018972885e-07	5.79807598032499	1
30.375	10.25	1.00000000075342	0.799872679367429	-2.25153592786708e-06	5.59810770903589	1
30.625	10.25	1.00000000183771	0.79987307131055	-4.08907649038309e-06	5.39813933753541	1
30.875	10.25	1.00000000289599	0.799873398947119	-5.85862050175712e-06	5.19817088182642	1
31.125	10.25	1.00000000305127	0.799873663576436	-7.5636246947923e-06	4.99820235772587	1
31.375	10.25	1.00000000095515	0.799873866510158	-9.20721935493044e-06	4.79823378097179	1
31.625	10.25	0.999999995233754	0.799874009114167	-1.07922440473556e-05	4.5982651672789	1
31.875	10.25	0.999999985559432	0.799874092800498	-1.23212832579628e-05	4.39829653224186	1
32.125	10.25	0.999999974325363	0.799874118914145	-1.37967019458895e-05	4.19832789097039	1
32.375	10.25	0.999999968371226	0.799874088461152	-1.52206798154306e-05	3.998359257399	1
32.625	10.25	0.999999979413934	0.799874001684776	-1.65952434376431e-05	3.79839064340659	1
32.875	10.25	1.00000002108114	0.799873857640808	-1.79222934144946e-05	3.59842205821944	1
33.125	10.25	1.00000010040235	0.799873654110982	-1.92036220975617e-05	3.39845350898233	1
33.375	10.25	1.00000020329759	0.79987338837818	-2.04409179976826e-05	3.19848500362837	1
33.625	10.25	1.00000027797358	0.799873059391048	-2.16357533263601e-05	2.99851655681275	1
33.875	10.25	1.00000022718595	0.799872671380477	-2.27895558711902e-05	2.79854819817822	1
34.125	10.25	0.999999927785942	0.799872237854621	-2.39035704847624e-05	2.59857997929875	1
34.375	10.25	0.999999298117462	0.799871783111411	-2.49788162031835e-05	2.398611971793	1
34.625	10.25	0.999998421555995	0.799871336557401	-2.6016044120845e-05	2.19864424629083	1
34.875	10.25	0.999997698408495	0.799870914756266	-2.70156886071324e-05	1.99867682397701	1
35.125	10.25	0.999997936484422	0.799870489582579	-2.79778049560238e-05	1.79870960423845	1
35.375	10.25	1.00000022005026	0.799869950435481	-2.89020083952826e-05	1.59874229691221	1
35.625	10.25	1.00000536580303	0.799869084513386	-2.97875038716277e-05	1.39877442264762	1
35.875	10.25	1.00001286386931	0.79986761684844	-3.0633442813925e-05	1.19880547396485	1
36.125	10.25	1.00001950121653	0.799865358238527	-3.14399504368517e-05	0.998835319756893	1
36.375	10.25	1.00001840771191	0.799862483402117	-3.22101086861385e-05	0.798864842045486	1
36.625	10.25	0.999999922677035	0.799859881029542	-3.29525515114838e-05	0.598896580095367	1
36.875	10.25	0.999956047389392	0.799859375446279	-3.36828187144722e-05	0.398934841092865	1
37.125	10.25	0.999889610104268	0.799880830802873	-3.442026670771e-05	0.198984447777282	1
37.375	10.25	0.999826778368177	0.399891267380923	-3.50820940739162e-05	-0.000961372181523428	1
0.125	10.75	0.000459675495558633	0.799833422298669	0.00224553293467624	22.8275635759122	1
0.375	10.75	0.000460064050213419	0.800056477455482	0.00215813810380822	22.827462237699	1
0.625	10.75	0.000460799472260665	0.800088173449524	0.00190537208707583	22.8273529958281	1
0.875	10.75	0.000461618632796538	0.800106414969669	0.00138836451199621	22.8272380653689	1
1.125	10.75	0.000461868656007758	0.800108413811565	0.000561908496918945	22.8271218361354	1
1.375	10.75	0.000460390239915465	0.800099688018106	-0.000551305621984351	22.8270078442643	1
1.625	10.75	0.00045552228945606	0.800085733409928	-0.00178775135560313	22.8268976884053	1
1.875	10.75	0.000445308862127674	0.800063657150689	-0.00279770512683455	22.8267925426866	1
2.125	10.75	0.000427974103156622	0.800020814652603	-0.00312956020163202	22.8266968848846	1
2.375	10.75	0.000402684630862968	0.799949123535991	-0.00254917784756495	22.8266204542211	1
2.625	10.75	0.000370549798033443	0.799866666638208	-0.00143936863036613	22.8265723304087	1
2.875	10.75	0.000335743625429591	0.799813286571708	-0.000654170119200879	22.8265497012169	1
3.125	10.75	0.000306599648863341	0.799811419100751	-0.000699731371194597	22.8265362189512	1
3.375	10.75	0.000296538229549121	0.799848875070328	-0.00139851535190182	22.8265121820261	1
3.625	10.75	0.000324701064880098	0.799904688129891	-0.00236698871921514	22.8264596040204	1
3.875	10.75	0.000416153971524498	0.799967225473305	-0.00337476880936822	22.8263589437085	1
4.125	10.75	0.000601480792366935	0.800030471169949	-0.00434704724268721	22.826185605217	1
4.375	10.75	0.000915561111099255	0.800087774951645	-0.00526584107208739	22.8259087708264	1
4.625	10.75	0.00139536177644232	0.800128823071228	-0.00611438028201673	22.8254915058001	1
4.875	10.75	0.00207679558856437	0.800137106583229	-0.00687382888619937	22.8248917139198	1
5.125	10.75	0.00299122657668505	0.800088113927525	-0.00753149075778012	22.8240637772125	1
5.375	10.75	0.00416297997312586	0.799949740787381	-0.00808126454540974	22.8229597317811	1
5.625	10.75	0.00561005889006779	0.799684687289873	-0.00851973108249052	22.8215280303575	1
5.875	10.75	0.00735117119169073	0.799254164325	-0.00884268851190042	22.8197073441219	1
6.125	10.75	0.00942344494047186	0.798623013985752	-0.00904269997369505	22.8174119108443	1
6.375	10.75	0.0119173280088339	0.797766713797643	-0.00910689017337455	22.8145035937669	1
6.625	10.75	0.0150386484041751	0.796680258017056	-0.00901481522548612	22.8107443516168	1
6.875	10.75	0.0192131600551182	0.795387687760665	-0.00873697264051357	22.8057217179658	1
7.125	10.75	0.0252558757825407	0.793948914652872	-0.00823498270152649	22.7987401794226	1
7.375	10.75	0.0346324286653626	0.792457211027055	-0.00746465223178145	22.7886752473895	1
7.625	10.75	0.0498284562889076	0.79101689796498	-0.0063830431972225	22.7737987164746	1
7.875	10.75	0.0747771153565422	0.789689985071615	-0.00496049206567568	22.7516094439984	1
8.125	10.75	0.11509919612577	0.788414548100558	-0.00319852501741677	22.7187496805237	1
8.375	10.75	0.177519833273697	0.786950053082761	-0.00115386019817602	22.6711459651766	1
8.625	10.75	0.2674528883754	0.784996247247795	0.00103721074177423	22.6045406680863	1
8.875	10.75	0.384410298859008	0.782605251426082	0.00315523403499243	22.5154705812913	1
9.125	10.75	0.517930421471802	0.780562813520462	0.00494609243321979	22.4024167646546	1
9.375	10.75	0.649642561312645	0.779983734142428	0.00621828209377668	22.2664799816805	1
9.625	10.75	0.762350959237144	0.781286153216233	0.00691977882388548	22.1110425291022	1
9.875	10.75	0.847803479121406	0.783893843817327	0.00713102524378982	21.9406018283948	1
10.125	10.75	0.906834053305858	0.786905069714252	0.00699632525757346	21.7595420920143	1
10.375	10.75	0.944942461575578	0.789693131578508	0.00665785133609233	21.5714206587232	1
10.625	10.75	0.9683669057834	0.792002987611981	0.00622353780097293	21.3788035736404	1
10.875	10.75	0.98224221192982	0.793809732223533	0.00576267154499091	21.1834060680714	1
11.125	10.75	0.990218195518854	0.795182644672628	0.00531381628374054	20.9863191491509	1
11.375	10.75	0.994684994261286	0.796211955668111	0.00489501300037446	20.7882143030008	1
11.625	10.75	0.99712854764246	0.796979908773209	0.00451217578212958	20.5894957475273	1
11.875	10.75	0.998438418914352	0.797552961705163	0.00416485587620681	20.3904033324747	1
12.125	10.75	0.999130474159397	0.797982048226626	0.00384977892503551	20.19107834434	1
12.375	10.75	0.999494900905632	0.798305210815586	0.00356282127895417	19.9916040850383	1
12.625	10.75	0.999689858395386	0.798550492482654	0.00330000139580699	19.7920302190193	1
12.875	10.75	0.999798670710446	0.79873843103602	0.00305789644700396	19.5923870495745	1
13.125	10.75	0.999863685570781	0.798884029492806	0.00283374831726201	19.3926937225034	1
13.375	10.75	0.999905685844813	0.798998248785353	0.00262541810769007	19.1929628615805	1
13.625	10.75	0.99993461938075	0.79908911230164	0.00243127959223385	18.9932031600974	1
13.875	10.75	0.999955275424233	0.799162511469086	0.00225009975865967	18.7934208308477	1
14.125	10.75	0.99997012753807	0.799222788177729	0.00208092966363309	18.5936204332737	1
14.375	10.75	0.999980659803341	0.799273154047649	0.00192301478619878	18.3938053664851	1
14.625	10.75	0.99998792872557	0.79931599213275	0.00177572659729364	18.1939781833049	1
14.875	10.75	0.999992770918273	0.799353074700392	0.00163851344050111	17.994140805763	1
15.125	10.75	0.999995866408965	0.799385721357023	0.00151086736466619	17.7942946824766	1
15.375	10.75	0.999997755681576	0.799414914760137	0.00139230328463995	17.5944409080406	1
15.625	10.75	0.999998850026763	0.799441386006687	0.00128234714612726	17.3945803148688	1
15.875	10.75	0.99999944676667	0.7994656781633	0.00118053032579619	17.1947135435999	1
16.125	10.75	0.999999749416628	0.799488193844922	0.00108638809469842	16.9948410963398	1
16.375	10.75	0.999999889496808	0.799509231010953	0.000999460526147736	16.7949633761956	1
16.625	10.75	0.999999946860839	0.799529009964617	0.000919294702178729	16.5950807160489	1
16.875	10.75	0.999999966647547	0.799547693707185	0.000845447440850066	16.3951933990998	1
17.125	10.75	0.999999972201435	0.799565403257129	0.000777488048876576	16.1953016732801	1
17.375	10.75	0.999999974175539	0.799582229132365	0.000715000806274045	15.9954057612122	1
17.625	10.75	0.99999997647812	0.799598239904121	0.000657587031553335	15.7955058670062	1
17.875	10.75	0.999999979861808	0.799613488532665	0.000604866669037102	15.5956021808553	1
18.125	10.75	0.99999998390038	0.799628017017205	0.000556479396135736	15.3956948821172	1
18.375	10.75	0.999999987949827	0.799641859776119	0.000512085288179937	15.1957841413682	1
18.625	10.75	0.999999991527356	0.799655046079931	0.000471365092065812	14.9958701217643	1
18.875	10.75	0.999999994393677	0.799667601774354	0.000434020165999266	14.7959529799346	1
19.125	10.75	0.999999996509346	0.799679550482101	0.000399772148863424	14.5960328665627	1
19.375	10.75	0.999999997957892	0.799690914422951	0.000368362413820833	14.3961099267593	1
19.625	10.75	0.999999998877495	0.799701714953434	0.00033955135587086	14.1961843002981	1
19.875	10.75	0.999999999413059	0.799711972909509	0.000313117559921341	13.9962561217641	1
20.125	10.75	0.999999999690878	0.799721708806789	0.000288856885704471	13.7963255206484	1
20.375	10.75	0.999999999808818	0.799730942940271	0.000266581501716405	13.5963926214143	1
20.625	10.75	0.999999999835778	0.799739695420472	0.000246118894017385	13.3964575435513	1
20.875	10.75	0.999999999816855	0.799747986166128	0.000227310870047453	13.196520401627	1
21.125	10.75	0.999999999779335	0.799755834866335	0.000210012575372918	12.9965813053456	1
21.375	10.75	0.99999999973807	0.799763260931223	0.000194091534240588	12.7966403596176	1
21.625	10.75	0.999999999700371	0.799770283434996	0.00017942672315086	12.5966976646417	1
21.875	10.75	0.999999999669105	0.799776921055677	0.000165907686481519	12.3967533160003	1
22.125	10.75	0.999999999644755	0.799783192021789	0.000153433696234083	12.1968074047697	1
22.375	10.75	0.999999999626693	0.799789114061952	0.000141912959312912	11.9968600176405	1
22.625	10.75	0.999999999614104	0.799794704359452	0.000131261874201892	11.7969112370502	1
22.875	10.75	0.999999999606001	0.79979997951806	0.000121404337374625	11.5969611413251	1
23.125	10.75	0.999999999601714	0.799804955533733	0.000112271098011634	11.3970098048286	1
23.375	10.75	0.999999999600837	0.799809647770647	0.000103799159920962	11.1970572981154	1
23.625	10.75	0.999999999602847	0.799814070947219	9.59312299157678e-05	10.9971036880903	1
23.875	10.75	0.999999999607436	0.79981823912955	8.86152094631605e-05	10.7971490381687	1
24.125	10.75	0.999999999614335	0.799822165726168	8.18037277447295e-05	10.5971934084378	1
24.375	10.75	0.999999999623156	0.799825863489641	7.54537133426491e-05	10.3972368558189	1
24.625	10.75	0.999999999633301	0.799829344523969	6.95260034499791e-05	10.1972794342269	1
24.875	10.75	0.999999999644492	0.79983262029423	6.39849864916575e-05	9.99732119472852	1
25.125	10.75	0.999999999656615	0.799835701638472	5.87982760642737e-05	9.79736218569672	1
25.375	10.75	0.999999999669248	0.799838598782845	5.39364149875512e-05	9.59740245296258	1
25.625	10.75	0.99999999968211	0.799841321360997	4.93726054026058e-05	9.39744203996218	1
25.875	10.75	0.999999999695258	0.799843878431421	4.50824646962976e-05	9.19748098787856	1
26.125	10.75	0.999999999708418	0.799846278497324	4.10438036262961e-05	8.99751933577996	1
26.375	10.75	0.99999999972129	0.799848529529462	3.72364247820713e-05	8.79755712075196	1
26.625	10.75	0.999999999733926	0.799850638987092	3.36419416848198e-05	8.59759437802437	1
26.875	10.75	0.999999999746619	0.799852613840578	3.02436141859083e-05	8.39763114109296	1
27.125	10.75	0.999999999759948	0.799854460594983	2.70261989864375e-05	8.19766744183523	1
27.375	10.75	0.999999999774929	0.799856185311525	2.39758158762174e-05	7.99770331062056	1
27.625	10.75	0.999999999792604	0.799857793631314	2.10798262372549e-05	7.79773877641532	1
27.875	10.75	0.999999999812961	0.799859290799229	1.8326722922891e-05	7.59777386688165	1
28.125	10.75	0.999999999833384	0.799860681685616	1.57060314804711e-05	7.3978086084714	1
28.375	10.75	0.999999999847333	0.799861970809082	1.32082203516011e-05	7.19784302651466	1
28.625	10.75	0.99999999984357	0.799863162358964	1.08246192183743e-05	6.99787714530312	1
28.875	10.75	0.999999999808775	0.799864260217823	8.54734525372275e-06	6.79791098816788	1
29.125	10.75	0.999999999735972	0.799865267983013	6.3692364119828e-06	6.59794457755063	1
29.375	10.75	0.999999999639459	0.79986618898641	4.28378980204978e-06	6.39797793506771	1
29.625	10.75	0.999999999572414	0.799867026311578	2.28510521524244e-06	6.19801108156619	1
29.875	10.75	0.999999999638573	0.799867782810364	3.6783389961573e-07	5.998044037173	1
30.125	10.75	0.999999999979151	0.79986846111719	-1.47286902875082e-06	5.798076821339	1
30.375	10.75	1.00000000071	0.799869063661442	-3.24138898780154e-06	5.5981094528872	1
30.625	10.75	1.00000000179187	0.799869592686395	-4.94169263308991e-06	5.39814195007577	1
30.875	10.75	1.00000000284823	0.799870050279371	-6.57736543213661e-06	5.19817433068681	1
31.125	10.75	1.00000000300654	0.799870438415024	-8.15164697754963e-06	4.99820661214308	1
31.375	10.75	1.00000000092454	0.799870759010093	-9.66746344312934e-06	4.79823881163219	1
31.625	10.75	0.999999995233991	0.799871013970709	-1.1127458600382e-05	4.59827094617827	1
31.875	10.75	0.999999985608529	0.799871205189023	-1.25340242547276e-05	4.3983030325609	1
32.125	10.75	0.999999974433011	0.799871334434595	-1.3889329901737e-05	4.19833508696596	1
32.375	10.75	0.999999968523796	0.799871403088973	-1.51953527910973e-05	3.99836712431122	1
32.625	10.75	0.999999979558098	0.79987141173102	-1.64539066381938e-05	3.79839915738084	1
32.875	10.75	1.00000002111498	0.799871359720402	-1.76666643583626e-05	3.59843119623974	1
33.125	10.75	1.00000010018551	0.799871245117673	-1.88351693051567e-05	3.39846324881065	1
33.375	10.75	1.00000020269101	0.799871065468046	-1.99608259737838e-05	3.19849532374057	1
33.625	10.75	1.00000027691079	0.79987081997633	-2.10448649411117e-05	2.99852743631927	1
33.875	10.75	1.00000022576258	0.799870513136367	-2.20882865678396e-05	2.7985596167197	1
34.125	10.75	0.999999926337334	0.79987015874564	-2.30917987514704e-05	2.5985919169141	1
34.375	10.75	0.999999297247866	0.799869781446386	-2.40557819894995e-05	2.39862440877177	1
34.625	10.75	0.999998422100544	0.799869411083512	-2.49803231398827e-05	2.1986571630371	1
34.875	10.75	0.999997701351478	0.799869064787156	-2.58653394297349e-05	1.99869020091882	1
35.125	10.75	0.999997942887551	0.799868715125343	-2.67107779278083e-05	1.79872342180702	1
35.375	10.75	1.0000002309891	0.79986825225371	-2.75168091912118e-05	1.59875653558235	1
35.625	10.75	1.00000538207652	0.799867464049275	-2.82838865859037e-05	1.39878906298717	1
35.875	10.75	1.0000128848229	0.799866075978123	-2.90125824566433e-05	1.19882049662908	1
36.125	10.75	1.00001952163658	0.799863898997017	-2.97032527670162e-05	0.99885070543179	1
36.375	10.75	1.00001841205786	0.799861108095991	-3.03558471828693e-05	0.798880571510474	1
36.625	10.75	0.999999877979694	0.799858593451862	-3.09702996529447e-05	0.598912634736688	1
36.875	10.75	0.999955900932826	0.799858182968794	-3.15475435089778e-05	0.398951204047636	1
37.125	10.75	0.999889305122477	0.79987982630504	-3.20908002349932e-05	0.199001105413829	1
37.375	10.75	0.999826306566417	0.399890223449634	-3.25444767053669e-05	-0.000944467048562788	1
0.125	11.25	0.000465695107437851	0.79986993141513	0.00201481276177003	22.8276266562065	1
0.375	11.25	0.00046608142926774	0.800167119434252	0.00202276130134916	22.8275047303603	1
0.625	11.25	0.000466806385860122	0.800260004829441	0.00176062552345987	22.8273580300963	1
0.875	11.25	0.00046759445859996	0.800323436468148	0.00126895625897972	22.8271919492962	1
1.125	11.25	0.000467774127568602	0.800346642990728	0.000472951292484693	22.8270160523759	1
1.375	11.25	0.00046616344516919	0.800328720494471	-0.000623805995205732	22.8268411569232	1
1.625	11.25	0.000461080242549788	0.800275269685809	-0.00186315082789604	22.8266772278902	1
1.875	11.25	0.000450558515126398	0.800195784174959	-0.00290568700780446	22.826532494008	1
2.125	11.25	0.000432836193283229	0.800104727613974	-0.00333379182407571	22.8264132883216	1
2.375	11.25	0.000407132270408459	0.80002331395903	-0.00292881522487799	22.8263224669683	1
2.625	11.25	0.000374661934776127	0.799970547629953	-0.00195569797879058	22.8262562917057	1
2.875	11.25	0.000339772338625803	0.799947349853459	-0.00106718786315504	22.8262051859886	1
3.125	11.25	0.000311049260436072	0.799935580516228	-0.000780111987037852	22.8261595645003	1
3.375	11.25	0.00030225221734699	0.799914957439048	-0.00117670354425	22.8261127640422	1
3.625	11.25	0.000332950198893754	0.79987941598263	-0.00207053736585386	22.8260573561519	1
3.875	11.25	0.000428716602982939	0.799837479197686	-0.00318944096331919	22.8259788493651	1
4.125	11.25	0.000620703845593921	0.799799449082762	-0.00429730929415259	22.8258524008532	1
4.375	11.25	0.000944390272170488	0.799766295044183	-0.00527359109431267	22.8256438355374	1
4.625	11.25	0.00143733550213267	0.799727803292448	-0.0060882948659633	22.8253122745275	1
4.875	11.25	0.00213601138633564	0.7996652790472	-0.00673676760345774	22.8248122920386	1
5.125	11.25	0.00307230827700389	0.799553167398864	-0.00720770799947621	22.8240954058381	1
5.375	11.25	0.00427110267720747	0.799359243464492	-0.00748279506366144	22.823110775829	1
5.625	11.25	0.00575112818308402	0.799045253074047	-0.00754378070001287	22.8218038082631	1
5.875	11.25	0.00753230784045936	0.798569265729611	-0.00737748240104375	22.8201101039195	1
6.125	11.25	0.0096540017244001	0.797890361592316	-0.00697919438405637	22.8179409855536	1
6.375	11.25	0.0122107761235315	0.796976018452186	-0.00635591827111238	22.8151555039615	1
6.625	11.25	0.0154158335625361	0.795812073333869	-0.00552943829888018	22.8115124109154	1
6.875	11.25	0.0197076436679521	0.794413956951631	-0.00453843576248647	22.8065945403939	1
7.125	11.25	0.0259222754537745	0.792835683736225	-0.00343851362665456	22.799698441718	1
7.375	11.25	0.0355585522367461	0.791169598127138	-0.00229898759685954	22.7896862676617	1
7.625	11.25	0.0511506546863829	0.78952580411345	-0.00119575523085364	22.7748091197469	1
7.875	11.25	0.0766934699861538	0.787979412102039	-0.000200650526543787	22.7525377061125	1
8.125	11.25	0.117863535724953	0.786488457454062	0.000630824827740003	22.7194828023747	1
8.375	11.25	0.181381657114567	0.784839518902912	0.00127040962037273	22.6715471227474	1
8.625	11.25	0.272506318890454	0.782769766628349	0.00172349645229096	22.6044743851584	1
8.875	11.25	0.390389392476007	0.780377723963511	0.00202800329827211	22.5148437164692	1
9.125	11.25	0.524149160788428	0.778477966475471	0.00224266843176498	22.4012171025927	1
9.375	11.25	0.655273258417957	0.778155696385822	0.00242545621205073	22.2647849519965	1
9.625	11.25	0.766844469092319	0.779752043178422	0.00261220206888349	22.1089884951787	1
9.875	11.25	0.851046686079775	0.782627403771629	0.00280930878172086	21.9383361603398	1
10.125	11.25	0.90900905590849	0.78585746286009	0.00300267392155249	21.757187977095	1
10.375	11.25	0.946326626101624	0.788816961112223	0.00317217855956306	21.5690650036922	1
10.625	11.25	0.969214107101965	0.791258230195322	0.00330180852166256	21.3765006189434	1
10.875	11.25	0.982744301101648	0.793163629963434	0.00338322409351644	21.1811864403088	1
11.125	11.25	0.990506752105472	0.794609042104176	0.00341511786068184	20.9841984396879	1
11.375	11.25	0.994845383720292	0.795690773222488	0.00340102933845419	20.7861992978725	1
11.625	11.25	0.997214190119428	0.796496488327726	0.00334715261077371	20.5875883761666	1
11.875	11.25	0.99848182302569	0.797097211788208	0.00326069580363897	20.3886029584049	1
12.125	11.25	0.999150907779072	0.797547491744379	0.00314884342906246	20.1893830035299	1
12.375	11.25	0.99950345496486	0.797888063006991	0.0030181907602699	19.9900111116642	1
12.625	11.25	0.999692692104802	0.798148854703309	0.00287449354344936	19.790536539631	1
12.875	11.25	0.999799047059769	0.798351637179008	0.00272260591735522	19.5909893118548	1
13.125	11.25	0.99986322203302	0.79851214720421	0.00256651892940596	19.3913883508994	1
13.375	11.25	0.999905104738961	0.798641718657573	0.00240944528121036	19.1917460875333	1
13.625	11.25	0.999934184672939	0.798748500614942	0.00225391946281236	18.9920710490349	1
13.875	11.25	0.999955037091283	0.798838351197993	0.00210189738468017	18.7923693141794	1
14.125	11.25	0.999970051011379	0.798915485515399	0.00195484835203139	18.5926453465822	1
14.375	11.25	0.999980689226977	0.798982941542095	0.0018138368800286	18.3929024919988	1
14.625	11.25	0.999988013924252	0.799042913545466	0.001679594106976	18.1931432937718	1
14.875	11.25	0.999992875818626	0.799096990315614	0.00155257948204462	17.9933697069715	1
15.125	11.25	0.999995968984141	0.799146325509801	0.00143303368967349	17.7935832522625	1
15.375	11.25	0.999997844794922	0.799191759768204	0.00132102377949149	17.593785130343	1
15.625	11.25	0.999998921788224	0.799233908546421	0.00121648138901387	17.3939763080706	1
15.875	11.25	0.999999501479583	0.799273225512987	0.00111923486149502	17.1941575829381	1
16.125	11.25	0.999999789403142	0.799310048418353	0.0010290359805648	16.994329630576	1
16.375	11.25	0.999999917731486	0.79934463231299	0.000945581993815832	16.7944930389998	1
16.625	11.25	0.999999966219348	0.799377173579476	0.000868533541728588	16.594648332709	1
16.875	11.25	0.999999979567251	0.799407827250008	0.00079752906295638	16.3947959892309	1
17.125	11.25	0.999999980588101	0.799436719415057	0.000732196204983878	16.1949364502156	1
17.375	11.25	0.999999979438045	0.799463956035679	0.000672160710253376	15.9950701287243	1
17.625	11.25	0.999999979615946	0.799489629129105	0.00061705320224372	15.7951974139424	1
17.875	11.25	0.999999981563379	0.799513821049538	0.000566514245071288	15.5953186742079	1
18.125	11.25	0.999999984630743	0.799536607394386	0.000520197993406472	15.3954342589701	1
18.375	11.25	0.999999988020232	0.799558058937045	0.000477774709395116	15.1955445000933	1
18.625	11.25	0.999999991146765	0.799578242871632	0.000438932378549699	14.9956497127725	1
18.875	11.25	0.999999993704232	0.799597223581665	0.000403377613933055	14.795750196229	1
19.125	11.25	0.999999995610015	0.799615063092384	0.000370836010945156	14.59584623429	1
19.375	11.25	0.999999996919659	0.799631821309627	0.000341052082544849	14.3959380959093	1
19.625	11.25	0.999999997752679	0.799647556124234	0.000313788878817192	14.1960260356669	1
19.875	11.25	0.999999998241186	0.79966232343944	0.000288827379541528	13.996110294263	1
20.125	11.25	0.999999998502166	0.799676177151972	0.000265965725446762	13.7961910990183	1
20.375	11.25	0.999999998626415	0.799689169114485	0.000245018341975243	13.596268664382	1
20.625	11.25	0.999999998677334	0.799701349095507	0.000225815001163914	13.3963431924493	1
20.875	11.25	0.999999998695455	0.799712764745681	0.000208199851037628	13.1964148734866	1
21.125	11.25	0.999999998704401	0.79972346157391	0.000192030438387571	12.9964838864604	1
21.375	11.25	0.999999998716111	0.799733482937549	0.000177176746061712	12.7965503995692	1
21.625	11.25	0.999999998735506	0.799742870048295	0.000163520255688809	12.5966145707734	1
21.875	11.25	0.999999998763516	0.79975166199184	0.000150953047497622	12.3966765483204	1
22.125	11.25	0.999999998799201	0.799759895760435	0.000139376943889088	12.1967364712615	1
22.375	11.25	0.999999998840696	0.799767606296491	0.000128702700024945	11.9967944699592	1
22.625	11.25	0.999999998886157	0.799774826546244	0.000118849244444138	11.7968506665803	1
22.875	11.25	0.999999998934048	0.799781587522185	0.000109742971135921	11.5969051755753	1
23.125	11.25	0.999999998983254	0.79978791837048	0.000101317081499768	11.3969581041401	1
23.375	11.25	0.999999999033016	0.799793846443054	9.35109749581096e-05	11.1970095526613	1
23.625	11.25	0.999999999082695	0.79979939737365	8.62696885485216e-05	10.9970596151419	1
23.875	11.25	0.999999999131962	0.799804595156511	7.95433813942983e-05	10.7971083796089	1
24.125	11.25	0.999999999180417	0.799809462223697	7.32868618699634e-05	10.5971559285007	1
24.375	11.25	0.999999999227659	0.799814019523873	6.74591551153845e-05	10.3972023390358	1
24.625	11.25	0.999999999273392	0.799818286601042	6.2023109562843e-05	10.1972476835622	1
24.875	11.25	0.999999999317453	0.799822281670876	5.69450379136266e-05	9.99729202988764	1
25.125	11.25	0.999999999359743	0.799826021695465	5.21943898010315e-05	9.79733544159142	1
25.375	11.25	0.999999999400092	0.7998295224547	4.77434563799642e-05	9.5973779783185	1
25.625	11.25	0.99999999943838	0.799832798618366	4.35671015411473e-05	9.39741969605643	1
25.875	11.25	0.999999999474742	0.799835863813016	3.96425181311972e-05	9.19746064739464	1
26.125	11.25	0.99999999950903	0.799838730684443	3.5949008357579e-05	8.99750088176889	1
26.375	11.25	0.999999999541013	0.799841410961744	3.24677846834222e-05	8.79754044569021	1
26.625	11.25	0.999999999570932	0.799843915516697	2.91817904921067e-05	8.59757938295837	1
26.875	11.25	0.999999999599336	0.799846254417267	2.6075538169163e-05	8.3976177348621	1
27.125	11.25	0.999999999626948	0.79984843698168	2.31349621922432e-05	8.19765554036648	1
27.375	11.25	0.999999999654839	0.799850471830004	2.03472879456837e-05	7.99769283628706	1
27.625	11.25	0.999999999684132	0.799852366931347	1.77009132045324e-05	7.79772965745243	1
27.875	11.25	0.999999999714986	0.799854129648812	1.51853002317529e-05	7.59776603685555	1
28.125	11.25	0.99999999974498	0.799855766782571	1.27908794511585e-05	7.39780200579498	1
28.375	11.25	0.999999999767623	0.799857284611451	1.05089625892154e-05	7.19783759400595	1
28.625	11.25	0.999999999771716	0.799858688930523	8.3316635258535e-06	6.99787282978212	1
28.875	11.25	0.99999999974418	0.799859985087565	6.25182704278724e-06	6.7979077400885	1
29.125	11.25	0.999999999678248	0.799861178018071	4.26296482628433e-06	6.59794235066437	1
29.375	11.25	0.999999999588034	0.799862272276422	2.35919647572465e-06	6.39797668611631	1
29.625	11.25	0.99999999952635	0.799863272062712	5.35195755728483e-07	6.19801077000056	1
29.875	11.25	0.999999999596418	0.799864181247744	-1.21385759054421e-06	5.99804462489637	1
30.125	11.25	0.999999999938539	0.799865003395623	-2.8923226069278e-06	5.79807827247257	1
30.375	11.25	1.00000000066779	0.799865741783801	-4.50413825993991e-06	5.59811173355612	1
30.625	11.25	1.00000000174549	0.799866399427038	-6.05286033698988e-06	5.3981450282136	1
30.875	11.25	1.00000000279767	0.79986697911235	-7.54169524995944e-06	5.19817817585755	1
31.125	11.25	1.00000000295705	0.799867483449316	-8.97353102578322e-06	4.99821119537916	1
31.375	11.25	1.00000000088931	0.799867914929623	-1.03509647990314e-05	4.79824410528652	1
31.625	11.25	0.99999999523445	0.799868275977127	-1.16763293287808e-05	4.59827692379002	1
31.875	11.25	0.999999985669138	0.799868568950915	-1.29517184890497e-05	4.39830966873515	1
32.125	11.25	0.999999974568061	0.799868796044575	-1.41790121827932e-05	4.19834235726657	1
32.375	11.25	0.999999968716195	0.799868959027008	-1.53599034801879e-05	3.99837500516743	1
32.625	11.25	0.999999979735852	0.799869058834959	-1.64959249672121e-05	3.7984076260071	1
32.875	11.25	1.00000002113804	0.799869095164267	-1.75884684822067e-05	3.598440230566	1
33.125	11.25	1.00000009986242	0.799869066398454	-1.8638792103971e-05	3.39847282741615	1
33.375	11.25	1.0000002018462	0.799868970398895	-1.96480017726472e-05	3.19850542577851	1
33.625	11.25	1.00000027550951	0.799868806679911	-2.06170007195131e-05	2.99853804141703	1
33.875	11.25	1.0000002240681	0.799868580039897	-2.15464130763656e-05	2.7985707048431	1
34.125	11.25	0.999999925031256	0.799868304584801	-2.2436505934385e-05	2.59860346819538	1
34.375	11.25	0.999999297405172	0.799868005287259	-2.32871631901999e-05	2.39863640332577	1
34.625	11.25	0.99999842491259	0.799867712380849	-2.40979798225229e-05	2.19866958082177	1
34.875	11.25	0.999997707568946	0.799867443495447	-2.48685221516946e-05	1.99870302171611	1
35.125	11.25	0.999997952120835	0.799867171858476	-2.5598730977104e-05	1.79873662538611	1
35.375	11.25	1.00000024119909	0.79986678844899	-2.62893111590591e-05	1.59877010203241	1
35.625	11.25	1.0000053896663	0.799866082038519	-2.69418073404138e-05	1.39880297306989	1
35.875	11.25	1.00001288550065	0.799864778846879	-2.75580179569327e-05	1.19883473184925	1
36.125	11.25	1.00001951155764	0.799862690180654	-2.81385663225948e-05	0.998865247465094	1
36.375	11.25	1.00001838791423	0.799859990881557	-2.86809641470884e-05	0.798895400805415	1
36.625	11.25	0.999999834527706	0.799857570915622	-2.91782195736163e-05	0.598927728603404	1
36.875	11.25	0.999955826321015	0.799857258332911	-2.96195533501871e-05	0.398966535219049	1
37.125	11.25	0.999889179479069	0.799879053184702	-2.9995170446649e-05	0.199016642834029	1
37.375	11.25	0.999826116789202	0.399889403173154	-3.02723927459215e-05	-0.000928775581449931	1
0.125	11.75	0.000467983844259922	0.79989778898946	0.00175530040010279	22.8276966544321	1
0.375	11.75	0.000468373326969839	0.800273229854822	0.0017362706018223	22.8275599691679	1
0.625	11.75	0.000469101976335854	0.800450028345023	0.00156149844521692	22.8273734706955	1
0.875	11.75	0.000469886632403555	0.800574235491097	0.00117812235253206	22.8271498301879	1
1.125	11.75	0.000470041688740624	0.800641959557869	0.000494195521747381	22.8269032910972	1
1.375	11.75	0.000468364516022492	0.80065562973137	-0.000512730407721675	22.8266485590863	1
1.625	11.75	0.000463147720907321	0.800626469601899	-0.00171775951070718	22.8263985174902	1
1.875	11.75	0.000452400344460549	0.800566067023274	-0.00280332180404681	22.8261623163821	1
2.125	11.75	0.00043434258584731	0.800467955725175	-0.00334150425828199	22.8259481958718	1
2.375	11.75	0.00040818988201812	0.800307394008711	-0.00306458699667304	22.8257710617197	1
2.625	11.75	0.000375172080053942	0.800084811460273	-0.00219058510174205	22.8256532238622	1
2.875	11.75	0.000339668899698165	0.79986351217286	-0.001378534839957	22.8256067560963	1
3.125	11.75	0.000310313952584822	0.799721838401167	-0.00113125364049056	22.8256153241326	1
3.375	11.75	0.000300927087646825	0.799670819966122	-0.00145678759445486	22.8256432822673	1
3.625	11.75	0.000331142521613285	0.799651137888323	-0.00216547378515612	22.825659545976	1
3.875	11.75	0.000426578991257643	0.799598456137113	-0.00308703393016284	22.8256477861179	1
4.125	11.75	0.000618355745677216	0.799491943368355	-0.00407617298570078	22.8255971058698	1
4.375	11.75	0.000941727356093113	0.799348096354608	-0.00501161874740221	22.8254876097658	1
4.625	11.75	0.00143366450677534	0.799188618838043	-0.00580632867088106	22.825284512282	1
4.875	11.75	0.0021294750619647	0.799021182350616	-0.00640374965652986	22.8249406367015	1
5.125	11.75	0.00305911345903043	0.79883902931977	-0.00676373585356522	22.8244008047915	1
5.375	11.75	0.00424456238266366	0.798626899035205	-0.00685222448194254	22.8236040928826	1
5.625	11.75	0.00570044430685348	0.798365340900962	-0.00663946884071198	22.8224826365789	1
5.875	11.75	0.0074409051477062	0.798033282274571	-0.00610448356423939	22.8209555530009	1
6.125	11.75	0.00949711160512396	0.797611067777412	-0.00524271432205755	22.8189149691492	1
6.375	11.75	0.0119518324874848	0.797085295585681	-0.00407491129510708	22.8161994112918	1
6.625	11.75	0.0150010460746803	0.796455438779419	-0.00265549411288094	22.8125482740571	1
6.875	11.75	0.0190578618709422	0.795740932831632	-0.00107830725122407	22.807529970622	1
7.125	11.75	0.0249210750832404	0.794985538272293	0.000522969339156022	22.8004365444739	1
7.375	11.75	0.034035838037387	0.794252845562092	0.00198276967009464	22.7901411677706	1
7.625	11.75	0.0488633895247859	0.793603216155514	0.00312226763337547	22.7749262371685	1
7.875	11.75	0.073312638977036	0.79304170592466	0.00377907098358793	22.7523151143896	1
8.125	11.75	0.112993844897958	0.792440110923953	0.00384575151887902	22.7189858722265	1
8.375	11.75	0.174665845578966	0.791487850316829	0.00331207293657386	22.6709047013109	1
8.625	11.75	0.263863903636973	0.789818121009322	0.00229984740511367	22.6038457682139	1
8.875	11.75	0.380320328148966	0.787433387462419	0.00106568962714047	22.5143590779469	1
9.125	11.75	0.513792299127982	0.785112929002304	-6.18802032606548e-05	22.4009194080757	1
9.375	11.75	0.645942974597236	0.784030520578242	-0.000807461900709496	22.2646145611298	1
9.625	11.75	0.759380302729266	0.784706912900304	-0.00105689251732958	22.108823650774	1
9.875	11.75	0.845595805602056	0.786659748675639	-0.000866303577727347	21.9380556664607	1
10.125	11.75	0.905266479350958	0.789046592846457	-0.000386353376472416	21.7567131230186	1
10.375	11.75	0.943851037215544	0.79127149707174	0.000222423020176763	21.5683682105311	1
10.625	11.75	0.967608682523956	0.793092899212578	0.000836778468245473	21.3755936583764	1
10.875	11.75	0.981711754089722	0.794488891390388	0.00138145298334126	21.1801036925158	1
11.125	11.75	0.989843467333912	0.795525291650025	0.00182113142493926	20.9829832197925	1
11.375	11.75	0.994418178528221	0.796285287340278	0.00214745295726826	20.7848951198092	1
11.625	11.75	0.996937871354346	0.796842551429051	0.00236754740978201	20.5862343368947	1
11.875	11.75	0.998302345357741	0.797254757466283	0.00249589727269469	20.3872318565739	1
12.125	11.75	0.999033974702193	0.797564573656973	0.00254928389199753	20.1880210342257	1
12.375	11.75	0.999427180546179	0.797802636414685	0.00254399619717541	19.9886783574325	1
12.625	11.75	0.99964299234335	0.797990549337309	0.00249450350349675	19.7892477914465	1
12.875	11.75	0.999766774938081	0.798143358958736	0.00241299159285036	19.5897549656627	1
13.125	11.75	0.999842387393246	0.798271447073475	0.00230936269693045	19.3902152544589	1
13.375	11.75	0.99989176072117	0.798381923038889	0.00219145509302201	19.1906382853218	1
13.625	11.75	0.99992572266613	0.798479625035296	0.00206534328898589	18.9910304114833	1
13.875	11.75	0.999949733465032	0.798567828701865	0.00193564579557704	18.7913960560785	1
14.125	11.75	0.999966771019485	0.798648742597712	0.00180580634498378	18.5917384471755	1
14.375	11.75	0.999978690816981	0.79872385132958	0.00167833588773949	18.3920600313805	1
14.625	11.75	0.999986816383397	0.798794151471729	0.00155501371601758	18.1923627196815	1
14.875	11.75	0.999992171346677	0.798860312918966	0.00143705107773678	17.9926480445048	1
15.125	11.75	0.999995563148743	0.798922788837517	0.00132522248586309	17.7929172671713	1
15.375	11.75	0.999997616619413	0.798981890378634	0.00121997014709474	17.5931714548292	1
15.625	11.75	0.999998797230591	0.799037837289225	0.00112148646923525	17.3934115364192	1
15.875	11.75	0.999999436020304	0.79909079203662	0.00102977890184388	17.1936383430129	1
16.125	11.75	0.999999756778603	0.799140882621061	0.000944720626222358	16.9938526360998	1
16.375	11.75	0.999999902763933	0.799188217609133	0.000866089971782481	16.7940551266304	1
16.625	11.75	0.999999960335424	0.799232895800527	0.000793600869957261	16.594246487171	1
16.875	11.75	0.999999978049355	0.799275012201295	0.000726926203954618	16.3944273591467	1
17.125	11.75	0.999999980922614	0.799314661473889	0.00066571554951713	16.1945983567661	1
17.375	11.75	0.999999980343042	0.79935193967735	0.000609608493754	15.9947600688538	1
17.625	11.75	0.999999980480221	0.799386944888846	0.000558244486097428	15.7949130594782	1
17.875	11.75	0.99999998213042	0.799419777116201	0.000511269981255973	15.5950578679824	1
18.125	11.75	0.999999984824638	0.799450537786416	0.000468343477900171	15.3951950088066	1
18.375	11.75	0.999999987851636	0.799479329022845	0.00042913893291591	15.1953249713303	1
18.625	11.75	0.999999990663721	0.799506252838358	0.000393347930489378	14.9954482198502	1
18.875	11.75	0.999999992967	0.799531410332171	0.000360680906830991	14.795565193743	1
19.125	11.75	0.999999994678975	0.799554900953512	0.000330867665592044	14.5956763078196	1
19.375	11.75	0.99999999584999	0.799576821852461	0.000303657368790312	14.3957819528503	1
19.625	11.75	0.999999996591909	0.799597267335931	0.000278818147700524	14.19588249624	1
19.875	11.75	0.999999997028956	0.799616328434616	0.000256136445738608	13.9959782828186	1
20.125	11.75	0.999999997270811	0.799634092566538	0.000235416179888785	13.7960696357206	1
20.375	11.75	0.999999997401325	0.799650643298503	0.000216477786275129	13.59615685733	1
20.625	11.75	0.999999997477931	0.799666060193883	0.000199157201598262	13.396240230264	1
20.875	11.75	0.999999997536337	0.799680418727258	0.000183304817535477	13.1963200183795	1
21.125	11.75	0.999999997595953	0.799693790262561	0.00016878443525725	12.9963964677873	1
21.375	11.75	0.999999997665163	0.799706242083873	0.000155472242252968	12.7964698078594	1
21.625	11.75	0.999999997746332	0.799717837463436	0.000143255824694306	12.5965402522205	1
21.875	11.75	0.999999997838251	0.79972863576347	0.000132033225508673	12.396607999715	1
22.125	11.75	0.999999997938191	0.799738692564414	0.000121712053667913	12.1966732353443	1
22.375	11.75	0.999999998043127	0.799748059808762	0.000112208649021372	11.9967361311677	1
22.625	11.75	0.999999998150255	0.799756785958621	0.000103447304225058	11.7967968471665	1
22.875	11.75	0.999999998257294	0.799764916164281	9.53595428455312e-05	11.5968555320658	1
23.125	11.75	0.999999998362704	0.799772492433031	8.78834529006859e-05	11.3969123241157	1
23.375	11.75	0.999999998465493	0.799779553800679	8.09630739909203e-05	11.1969673518295	1
23.625	11.75	0.99999999856476	0.799786136505234	7.4547836339689e-05	10.9970207346803	1
23.875	11.75	0.999999998660156	0.799792274155437	6.85920470170123e-05	10.7970725837552	1
24.125	11.75	0.999999998751429	0.799797997891754	6.30544219527866e-05	10.5971230023697	1
24.375	11.75	0.999999998838157	0.799803336546836	5.78976603089228e-05	10.3971720866428	1
24.625	11.75	0.999999998920203	0.79980831679951	5.30880580359365e-05	10.197219926034	1
24.875	11.75	0.999999998997672	0.799812963316928	4.85951577507489e-05	9.99726660384416	1
25.125	11.75	0.999999999070509	0.799817298893933	4.43914308348348e-05	9.79731219768301	1
25.375	11.75	0.999999999138723	0.799821344584954	4.04519916274384e-05	9.59735677990295	1
25.625	11.75	0.999999999202505	0.79982511982671	3.67543388203281e-05	9.39740041800279	1
25.875	11.75	0.99999999926206	0.799828642554089	3.32781211267192e-05	9.19744317500248	1
26.125	11.75	0.999999999317286	0.799831929309407	3.00049278701423e-05	8.99748510979085	1
26.375	11.75	0.999999999368188	0.799834995345596	2.69181000222863e-05	8.79752627744771	1
26.625	11.75	0.999999999415289	0.799837854721347	2.40025591046438e-05	8.59756672954186	1
26.875	11.75	0.999999999459205	0.799840520388968	2.12446544972791e-05	8.3976065144073	1
27.125	11.75	0.999999999500667	0.799843004279439	1.86320260230991e-05	8.1976456773989	1
27.375	11.75	0.999999999541038	0.799845317380323	1.61534802994888e-05	7.99768426112773	1
27.625	11.75	0.999999999581705	0.799847469806222	1.37988796915267e-05	7.79772230567918	1
27.875	11.75	0.999999999622818	0.799849470867232	1.15590423622831e-05	7.59775984881446	1
28.125	11.75	0.999999999661999	0.799851329132501	9.42565277551503e-06	7.39779692615632	1
28.375	11.75	0.999999999693003	0.799853052487297	7.39118099248528e-06	7.19783357136043	1
28.625	11.75	0.999999999704758	0.799854648186924	5.44880995914318e-06	6.99786981627409	1
28.875	11.75	0.999999999684208	0.799856122909341	3.59237041001908e-06	6.79790569108187	1
29.125	11.75	0.999999999624753	0.799857482801267	1.8162821445991e-06	6.59794122443788	1
29.375	11.75	0.999999999540592	0.799858733518801	1.15500349857901e-07	6.39797644358601	1
29.625	11.75	0.999999999484199	0.799859880266442	-1.5145326021284e-06	6.19801137446723	1
29.875	11.75	0.999999999557994	0.799860927831564	-3.0779304111289e-06	5.99804604181465	1
30.125	11.75	0.999999999901298	0.799861880612635	-4.5784030014574e-06	5.79808046924046	1
30.375	11.75	1.00000000062848	0.79986274264656	-6.01929268642915e-06	5.59811467932331	1
30.625	11.75	1.00000000170108	0.799863517640828	-7.40360614399735e-06	5.39814869370651	1
30.875	11.75	1.00000000274757	0.799864209013799	-8.7340435251055e-06	5.19818253321927	1
31.125	11.75	1.00000000290672	0.799864819949145	-1.00130246143858e-05	4.99821621802287	1
31.375	11.75	1.00000000085372	0.799865353459958	-1.12427114650745e-05	4.79824976776124	1
31.625	11.75	0.99999999523814	0.799865812445151	-1.24250298960751e-05	4.5982832016581	1
31.875	11.75	0.999999985740323	0.799866199699263	-1.35616903234768e-05	4.39831653846056	1
32.125	11.75	0.999999974723566	0.799866517815271	-1.46542090856925e-05	4.19834979611428	1
32.375	11.75	0.99999996893589	0.799866768931131	-1.57039328337333e-05	3.99838299111579	1
32.625	11.75	0.999999979933248	0.79986695433339	-1.67120625287216e-05	3.79841613767265	1
32.875	11.75	1.00000002114411	0.799867074055957	-1.76796710598114e-05	3.59844924713697	1
33.125	11.75	1.00000009944847	0.799867126812331	-1.86077071689542e-05	3.39848232858755	1
33.375	11.75	1.00000020081317	0.799867110788746	-1.94969708647322e-05	3.19851539167502	1
33.625	11.75	1.00000027385337	0.799867025817514	-2.03480515569867e-05	2.99854845248571	1
33.875	11.75	1.00000022218802	0.799866877002534	-2.11612367814007e-05	2.79858154170133	1
34.125	11.75	0.999999923881127	0.799866678738835	-2.19364238188173e-05	2.59861471143624	1
34.375	11.75	0.999999298423152	0.799866456280575	-2.26731017129936e-05	2.39864803331627	1
34.625	11.75	0.999998429552031	0.799866240173405	-2.33704935933253e-05	2.19868157757191	1
34.875	11.75	0.999997716363469	0.799866048460968	-2.40279242415848e-05	1.99871536492633	1
35.125	11.75	0.999997963488926	0.799865854972966	-2.46453822349297e-05	1.79874929476365	1
35.375	11.75	1.00000025058803	0.799865551536396	-2.52240608196207e-05	1.59878307786033	1
35.625	11.75	1.00000538996233	0.799864927965743	-2.57664401957516e-05	1.39881623680183	1
35.875	11.75	1.00001286954546	0.799863711476574	-2.62753573713927e-05	1.19884826623915	1
36.125	11.75	1.00001947673305	0.799861713877596	-2.6751693060985e-05	0.998879035579848	1
36.375	11.75	1.00001834099748	0.799859109535856	-2.7191019573866e-05	0.798909423452999	1
36.625	11.75	0.999999793022832	0.799856786859105	-2.7580753618991e-05	0.598941960469596	1
36.875	11.75	0.999955811935258	0.799856571303586	-2.79006047020216e-05	0.398980941335563	1
37.125	11.75	0.999889202773584	0.799878483880339	-2.81301382218744e-05	0.199031178773458	1
37.375	11.75	0.999826160923644	0.399888779691436	-2.82561674265925e-05	-0.000914164920610949	1
0.125	12.25	0.000467243724275361	0.799946215792037	0.00135288990642153	22.8277865817745	1
0.375	12.25	0.000467642367751008	0.800393917210059	0.00121514378870166	22.8276258801104	1
0.625	12.25	0.000468390024555978	0.800625702484748	0.00115241934159271	22.827402347375	1
0.875	12.25	0.000469201953170882	0.800805880398911	0.000889847866929659	22.8271264928287	1
1.125	12.25	0.000469385612752011	0.800913642146615	0.000333287790669761	22.8268147199864	1
1.375	12.25	0.000467723213081522	0.800935308447038	-0.000540831853208918	22.8264883350015	1
1.625	12.25	0.000462481907287422	0.80087098983836	-0.00159018210118501	22.8261707563236	1
1.875	12.25	0.000451634562558452	0.800737096620224	-0.00241341697221338	22.8258834623705	1
2.125	12.25	0.000433356633569781	0.800560744681919	-0.00246273693908744	22.8256427519504	1
2.375	12.25	0.000406815589927886	0.800370734481955	-0.00153446330774782	22.825458448664	1
2.625	12.25	0.000373197770593906	0.800193552427373	-0.000260445955450039	22.8253322069889	1
2.875	12.25	0.000336849356493649	0.800044120116723	0.000336765175950176	22.8252563703469	1
3.125	12.25	0.000306374183310321	0.799908202503335	-6.99540457271022e-05	22.8252201909387	1
3.375	12.25	0.000295536684903791	0.799755095872556	-0.00102344495547029	22.8252172289271	1
3.625	12.25	0.000323830917839637	0.799567477768718	-0.00203660799856459	22.8252429533335	1
3.875	12.25	0.000416563562460182	0.79934486661456	-0.0029524902412778	22.8252884133732	1
4.125	12.25	0.00060426309956952	0.799093977400808	-0.00380860070099271	22.8253362892671	1
4.375	12.25	0.000921199992997255	0.798824242212937	-0.00462952172759967	22.8253591896141	1
4.625	12.25	0.0014028466029282	0.798547455776897	-0.00536920917398761	22.825318913871	1
4.875	12.25	0.00208233916057229	0.798277633233003	-0.00595175341206066	22.8251661115142	1
5.125	12.25	0.00298652661332306	0.798030175091125	-0.00630886086434436	22.8248402091971	1
5.375	12.25	0.0041329322145481	0.797821069221745	-0.0063876093509671	22.8242690656967	1
5.625	12.25	0.00552973589280753	0.797666590973912	-0.00614676596159767	22.8233670427516	1
5.875	12.25	0.00718172070368063	0.797583552974143	-0.00555737303923275	22.8220293093108	1
6.125	12.25	0.00910632163217961	0.797590081646466	-0.00460988650682874	22.820119186384	1
6.375	12.25	0.0113659229215409	0.797706809909495	-0.0033245312588452	22.817444133729	1
6.625	12.25	0.0141259011333493	0.797958074258089	-0.00176151600892869	22.8137146129965	1
6.875	12.25	0.0177531643360079	0.798372043881984	-2.82367314356385e-05	22.8084788223838	1
7.125	12.25	0.0229770771688132	0.798977424678646	0.00171967805565328	22.8010260449758	1
7.375	12.25	0.0311407792738577	0.799792170228162	0.00328694343280679	22.7902540862469	1
7.625	12.25	0.044563901604237	0.800796740139776	0.00445975832773597	22.7745059270213	1
7.875	12.25	0.0669831908822501	0.801883626829382	0.00504069719534482	22.7514035774631	1
8.125	12.25	0.103864101375227	0.80278626184818	0.00489583942566005	22.7177497177339	1
8.375	12.25	0.162005618823078	0.803036754427673	0.00400891776853251	22.6696267880623	1
8.625	12.25	0.247432322956245	0.802092635465926	0.00252892799636097	22.6028609879173	1
8.875	12.25	0.360975846078569	0.799777483057774	0.000779014657787674	22.5139369990537	1
9.125	12.25	0.493683889498993	0.796778926318635	-0.000818980758150212	22.4011460810065	1
9.375	12.25	0.627675831159544	0.794400063051816	-0.00190489457986022	22.2653562061999	1
9.625	12.25	0.744705300042881	0.793478586037017	-0.00232540180493065	22.1098049159297	1
9.875	12.25	0.834888134134679	0.793824550179627	-0.00215128283772805	21.9389895773271	1
10.125	12.25	0.897958381690706	0.794747718389268	-0.00157976566667991	21.7573935782546	1
10.375	12.25	0.939069599891975	0.795703112015219	-0.000822491899441904	21.5686943018404	1
10.625	12.25	0.964556532146534	0.796457491827055	-4.26747853624421e-05	21.3755494943181	1
10.875	12.25	0.979788719691398	0.796979966174513	0.000659286509760717	21.1797256333775	1
11.125	12.25	0.988638849931382	0.797317929421394	0.00123536746918876	20.982331995227	1
11.375	12.25	0.993664700497201	0.797531005821219	0.00167295285729298	20.7840374316506	1
11.625	12.25	0.996466135681587	0.797667815929753	0.0019798554226967	20.5852326905951	1
11.875	12.25	0.998006389672976	0.797762168219626	0.00217366699229791	20.3861399760271	1
12.125	12.25	0.998847867415269	0.797835568732317	0.00227513001084855	20.1868825668059	1
12.375	12.25	0.999309922583499	0.797900774528686	0.00230446410083081	19.9875272970621	1
12.625	12.25	0.999569031751832	0.797964778921071	0.00227961063891711	19.7881096647282	1
12.875	12.25	0.999720126054427	0.798030965330254	0.00221561276984634	19.5886482501742	1
13.125	12.25	0.999813004816172	0.798100558413642	0.0021246085022863	19.389152760063	1
13.375	12.25	0.999873304767357	0.798173563382666	0.00201611569986453	19.1896283797542	1
13.625	12.25	0.999914178331518	0.798249355177999	0.00189742498657285	18.990078052515	1
13.875	12.25	0.999942552361849	0.798327036044048	0.00177400318959297	18.7905036329139	1
14.125	12.25	0.999962334648814	0.798405643600679	0.00164986130699916	18.590906451447	1
14.375	12.25	0.999975972414832	0.798484264659085	0.0015278696759658	18.3912875838243	1
14.625	12.25	0.999985166440941	0.798562091216588	0.00141001792322814	18.1916479784244	1
14.875	12.25	0.999991180840723	0.798638442182264	0.00129762421232586	17.991988518195	1
15.125	12.25	0.999994976030434	0.79871276573381	0.00119150092592877	17.7923100526588	1
15.375	12.25	0.999997273759267	0.798784631464876	0.00109208430736801	17.5926134155972	1
15.625	12.25	0.999998600558234	0.798853717791681	0.000999534987080232	17.392899434829	1
15.875	12.25	0.999999325664199	0.798919797737811	0.000913815345558726	17.1931689367632	1
16.125	12.25	0.999999696570828	0.798982724786081	0.000834748627189821	16.9934227471233	1
16.375	12.25	0.999999871113007	0.799042419651743	0.000762063787281983	16.7936616888847	1
16.625	12.25	0.999999944525876	0.799098858330059	0.000695429241005033	16.5938865783768	1
16.875	12.25	0.999999970712974	0.799152061535474	0.000634478020703471	16.3940982204174	1
17.125	12.25	0.999999977875169	0.799202085509166	0.000578826311019659	16.1942974031887	1
17.375	12.25	0.999999979271328	0.7992490140996	0.000528086898117355	15.9944848933955	1
17.625	12.25	0.999999980153564	0.799292952018353	0.000481878737925934	15.7946614320494	1
17.875	12.25	0.999999981932478	0.799334019149294	0.000439833571889184	15.594827731062	1
18.125	12.25	0.999999984478827	0.799372345792852	0.000401600314526432	15.3949844707047	1
18.375	12.25	0.999999987262523	0.799408068741561	0.000366847774842682	15.1951322979042	1
18.625	12.25	0.999999989826967	0.799441328077691	0.000335266137154792	14.9952718252885	1
18.875	12.25	0.999999991919436	0.799472264596492	0.000306567536157625	14.795403630877	1
19.125	12.25	0.999999993471844	0.799501017769805	0.000280485979500587	14.5955282582977	1
19.375	12.25	0.999999994535437	0.799527724164088	0.000256776808490151	14.3956462174216	1
19.625	12.25	0.999999995216726	0.799552516242917	0.000235215846656565	14.1957579853181	1
19.875	12.25	0.999999995632227	0.799575521492033	0.000215598344579906	13.9958640074431	1
20.125	12.25	0.999999995883479	0.799596861804162	0.000197737803328886	13.795964698994	1
20.375	12.25	0.999999996046954	0.799616653081007	0.000181464739470471	13.5960604463715	1
20.625	12.25	0.999999996173784	0.799635005010482	0.00016662543456823	13.3961516087038	1
20.875	12.25	0.999999996294282	0.799652020978885	0.000153080700412158	13.1962385193973	1
21.125	12.25	0.999999996423642	0.79966779809226	0.000140704684189822	12.9963214876848	1
21.375	12.25	0.999999996566958	0.799682427282505	0.000129383728045187	12.7964008001513	1
21.625	12.25	0.999999996723942	0.799695993475541	0.000119015290544167	12.5964767222204	1
21.875	12.25	0.999999996891417	0.799708575805243	0.00010950693787207	12.3965494995886	1
22.125	12.25	0.999999997065203	0.799720247859755	0.000100775406157564	12.1966193596014	1
22.375	12.25	0.999999997241218	0.799731077950245	9.27457338865311e-05	11.996686512563	1
22.625	12.25	0.999999997416088	0.799741129391278	8.53504647537239e-05	11.7967511529784	1
22.875	12.25	0.999999997587317	0.799750460786665	7.85289171784168e-05	11.5968134607246	1
23.125	12.25	0.999999997752932	0.799759126315086	7.22265170234017e-05	11.396873602152	1
23.375	12.25	0.999999997911642	0.799767176013129	6.63941906080146e-05	11.1969317311158	1
23.625	12.25	0.999999998062667	0.799774656049531	6.09878146706215e-05	10.9969879899401	1
23.875	12.25	0.99999999820574	0.799781608989806	5.59677165027803e-05	10.7970425103157	1
24.125	12.25	0.999999998340681	0.799788074049977	5.12982227057608e-05	10.5970954141354	1
24.375	12.25	0.999999998467337	0.799794087338556	4.69472528612913e-05	10.3971468142697	1
24.625	12.25	0.999999998585904	0.79979968208611	4.28859522081789e-05	10.1971968152847	1
24.875	12.25	0.999999998696643	0.79980488885885	3.90883617329155e-05	9.99724551410752	1
25.125	12.25	0.999999998799612	0.799809735762123	3.55311213032865e-05	9.79729300064047	1
25.375	12.25	0.999999998895185	0.799814248630085	3.21932034988572e-05	9.59733935832865	1
25.625	12.25	0.999999998983814	0.799818451200891	2.90556750606431e-05	9.39738466468328	1
25.875	12.25	0.999999999065692	0.799822365282204	2.61014818948926e-05	9.19742899176445	1
26.125	12.25	0.999999999141002	0.799826010904111	2.33152576136241e-05	8.99747240662519	1
26.375	12.25	0.999999999210113	0.79982940645972	2.06831524054419e-05	8.7975149717206	1
26.625	12.25	0.999999999273568	0.799832568837323	1.81926784889413e-05	8.5975567452843	1
26.875	12.25	0.999999999332052	0.799835513541359	1.58325729737853e-05	8.39759778167416	1
27.125	12.25	0.999999999386612	0.799838254804334	1.35926755448323e-05	8.19763813169057	1
27.375	12.25	0.999999999438761	0.79984080569109	1.14638181850227e-05	7.99767784286836	1
27.625	12.25	0.999999999489907	0.799843178193641	9.43772704546517e-06	7.79771695974517	1
27.875	12.25	0.999999999540428	0.799845383319126	7.50693499899112e-06	7.59775552410783	1
28.125	12.25	0.999999999588191	0.799847431171366	5.66470303247336e-06	7.3977935752189	1
28.375	12.25	0.999999999626928	0.799849331025962	3.90494969294744e-06	7.19783115002455	1
28.625	12.25	0.999999999645626	0.799851091399156	2.22218861423035e-06	6.99786828334551	1
28.875	12.25	0.999999999631542	0.79985272011218	6.11472393311094e-07	6.79790500805201	1
29.125	12.25	0.99999999957824	0.799854224349165	-9.316583005042e-07	6.59794135522266	1
29.375	12.25	0.999999999499724	0.799855610709767	-2.41122008986076e-06	6.39797735428849	1
29.625	12.25	0.999999999448116	0.79985688525693	-3.83082733100107e-06	6.1980130331613	1
29.875	12.25	0.999999999525215	0.79985805355804	-5.19372894226293e-06	5.99804841834831	1
30.125	12.25	0.999999999869245	0.799859120721595	-6.50284191497796e-06	5.79808353505693	1
30.375	12.25	1.00000000059353	0.799860091432786	-7.76078079354077e-06	5.59811840729778	1
30.625	12.25	1.00000000165988	0.799860969989993	-8.96988405679851e-06	5.39815305799676	1
30.875	12.25	1.0000000026997	0.799861760349318	-1.01322376900096e-05	5.19818750912911	1
31.125	12.25	1.00000000285821	0.799862466186098	-1.12496955550077e-05	4.998221781877	1
31.375	12.25	1.00000000082047	0.799863090964291	-1.23238968150677e-05	4.79825589678943	1
31.625	12.25	0.999999995246665	0.799863637995387	-1.33562824275573e-05	4.5982898738883	1
31.875	12.25	0.999999985821679	0.799864110452991	-1.43481116527254e-05	4.39832373262123	1
32.125	12.25	0.999999974896047	0.799864511281978	-1.53004799385359e-05	4.19835749154659	1
32.375	12.25	0.999999969175928	0.799864842951674	-1.62143397944968e-05	3.99839116769669	1
32.625	12.25	0.999999980142549	0.799865107066427	-1.70905227204888e-05	3.79842477574912	1
32.875	12.25	1.00000002113202	0.799865303970007	-1.79297555000465e-05	3.59845832746849	1
33.125	12.25	1.0000000989596	0.799865432683108	-1.87326610247151e-05	3.39849183228928	1
33.375	12.25	1.00000019963332	0.799865491698327	-1.94997286608634e-05	3.19852530014576	1
33.625	12.25	1.0000002720068	0.799865481145451	-2.02312441711915e-05	2.99855874730066	1
33.875	12.25	1.00000022018505	0.79986540640334	-2.09271872445656e-05	2.79859220445459	1
34.125	12.25	0.999999922891454	0.799865282110257	-2.15871353336781e-05	2.59862572353694	1
34.375	12.25	0.999999300165628	0.79986513373711	-2.22102526909342e-05	2.39865937578094	1
34.625	12.25	0.999998435670512	0.799864992055937	-2.27954713179573e-05	2.19869323090794	1
34.875	12.25	0.99999772719009	0.799864875429231	-2.33419434273306e-05	1.99872730923978	1
35.125	12.25	0.999997976453757	0.799864758218845	-2.38497283037664e-05	1.79876151020368	1
35.375	12.25	1.00000025909011	0.799864533101818	-2.4320450475284e-05	1.59879554538038	1
35.625	12.25	1.00000538404813	0.799863991043074	-2.47573822582206e-05	1.39882893894765	1
35.875	12.25	1.00001283978111	0.799862860440457	-2.51642305281334e-05	1.19886118732283	1
36.125	12.25	1.00001942160985	0.799860953726368	-2.55421001962689e-05	0.99889216035435	1
36.375	12.25	1.00001827570825	0.79985844453906	-2.58849806152266e-05	0.798922733587368	1
36.625	12.25	0.999999753957203	0.799856218652597	-2.61756944462315e-05	0.598955429095725	1
36.875	12.25	0.999955848691721	0.799856096724275	-2.63861034129871e-05	0.398994527799175	1
37.125	12.25	0.999889351329054	0.799878095735345	-2.64869328462629e-05	0.199044828312275	1
37.375	12.25	0.999826401519131	0.399888331167916	-2.64817769727017e-05	-0.000900508807353964	1
0.125	12.75	0.000465320453904422	0.799987574610234	0.000698615810054442	22.8278810691885	1
0.375	12.75	0.000465731175093002	0.800491678773001	0.000745240038798948	22.8277003442478	1
0.625	12.75	0.000466506181815442	0.800766003227184	0.000739118291964533	22.8274471601483	1
0.875	12.75	0.000467363752001022	0.800992835773434	0.000618883190690346	22.8271290974947	1
1.125	12.75	0.000467610839753155	0.801134457313115	0.000280530645832023	22.8267638431855	1
1.375	12.75	0.000466022192423047	0.80115897259781	-0.000340360809034137	22.8263786154196	1
1.625	12.75	0.000460847393057049	0.801050774460872	-0.00118433704968965	22.826007716562	1
1.875	12.75	0.000450029481121582	0.800829254050764	-0.0019889186102991	22.8256865771757	1
2.125	12.75	0.000431701553442233	0.800566000542557	-0.00234323676283445	22.8254401377832	1
2.375	12.75	0.000404978544804215	0.800365644272811	-0.00199775667298351	22.8252683377393	1
2.625	12.75	0.000370989272590842	0.800286178883535	-0.0011960991556938	22.8251428731411	1
2.875	12.75	0.000334023143653174	0.800268329072465	-0.00050582126186225	22.8250313993691	1
3.125	12.75	0.000302625080508726	0.800184392721079	-0.000289584083867981	22.824930979153	1
3.375	12.75	0.000290471744945988	0.79995980162563	-0.000559698573680615	22.8248682573587	1
3.625	12.75	0.000316881217050864	0.799616372215569	-0.00119417913009908	22.8248697302895	1
3.875	12.75	0.000406809551240911	0.799216934438583	-0.00205047238002354	22.8249390738783	1
4.125	12.75	0.00059015910841314	0.798804486733422	-0.0029867160260617	22.8250562264318	1
4.375	12.75	0.000900198297109117	0.798391769611628	-0.00389150246491643	22.8251870267161	1
4.625	12.75	0.0013709328252793	0.797984363453541	-0.00469590336071628	22.8252888331348	1
4.875	12.75	0.00203346998970934	0.797600184492576	-0.00535734920045224	22.8253092455481	1
5.125	12.75	0.00291188514522888	0.797272973691491	-0.00583963714985628	22.8251823193428	1
5.375	12.75	0.00401982888569189	0.797047383330816	-0.00610406959233761	22.8248253785294	1
5.625	12.75	0.00535993751405355	0.796973886100847	-0.00611062722294592	22.8241359526845	1
5.875	12.75	0.00692893551042283	0.797105648972523	-0.00582440716844223	22.8229862594547	1
6.125	12.75	0.00873240367029917	0.797496222304038	-0.00522443123420143	22.8212118164348	1
6.375	12.75	0.0108150532959463	0.798196766197073	-0.00431326282219857	22.8185899824248	1
6.625	12.75	0.0133155797380329	0.799252090223761	-0.00312601275738426	22.8148030332658	1
6.875	12.75	0.0165603402226628	0.800694773394231	-0.0017369230573775	22.8093790474808	1
7.125	12.75	0.021217319019592	0.802535838653731	-0.000261207758363735	22.8016032725038	1
7.375	12.75	0.0285387305307607	0.804748748988324	0.00115047611507714	22.7903946293424	1
7.625	12.75	0.040716565148807	0.807241008901869	0.00232727347201752	22.7741502894319	1
7.875	12.75	0.0613291490841904	0.809806609373818	0.00310427376723057	22.7505819402415	1
8.125	12.75	0.0957002892586251	0.812061873240087	0.0033586979602457	22.7166073920827	1
8.375	12.75	0.150639978400429	0.813408623152355	0.00305223039615157	22.668419586176	1
8.625	12.75	0.232576652683156	0.813157286019297	0.0022693453608554	22.6018998078176	1
8.875	12.75	0.343315362099387	0.810970839531945	0.00122838166056052	22.5134811041381	1
9.125	12.75	0.475124880393026	0.807433626455596	0.000231725654090983	22.4012897826085	1
9.375	12.75	0.610655977467539	0.803934036262197	-0.000449449332965293	22.2659865604167	1
9.625	12.75	0.730953815861575	0.80158301225095	-0.000687252664686667	22.1106682285909	1
9.875	12.75	0.824843497437226	0.800464429952062	-0.000519259511163596	21.9398137423705	1
10.125	12.75	0.891125538777858	0.800038459365306	-8.17569318451133e-05	21.7579800333443	1
10.375	12.75	0.934630574937371	0.799813931421647	0.00047352562890305	21.5689449987027	1
10.625	12.75	0.961751808251014	0.799569889526289	0.00102842358239126	21.3754491018279	1
10.875	12.75	0.978044491949606	0.799270829610373	0.00151084489424278	21.1793100621617	1
11.125	12.75	0.987563252556204	0.798949861786007	0.00188778422724712	20.9816610584759	1
11.375	12.75	0.993004090598754	0.79864649732618	0.00215279803612053	20.7831766450328	1
11.625	12.75	0.996061026081185	0.798386925192716	0.00231467092164814	20.5842431764779	1
11.875	12.75	0.997758025941453	0.798182950723547	0.00238926295800017	20.3850739206013	1
12.125	12.75	0.998695565288651	0.798036176414847	0.00239440963444034	20.1857819683497	1
12.375	12.75	0.99921650895442	0.797942300480752	0.00234710433126462	19.9864244386367	1
12.625	12.75	0.999511748427128	0.797894229543441	0.00226217836889703	19.7870283527669	1
12.875	12.75	0.999685028132095	0.797884018065133	0.00215187286789192	19.5876052826932	1
13.125	12.75	0.999791535183915	0.797903953753078	0.00202589209592346	19.3881593510042	1
13.375	12.75	0.999860204676003	0.797947093436977	0.00189168336281738	19.1886914181768	1
13.625	12.75	0.999906212602433	0.79800747060252	0.00175479642120056	18.9892011580928	1
13.875	12.75	0.99993773006365	0.798080119238243	0.00161924433015502	18.789688010832	1
14.125	12.75	0.999959431281015	0.798161003405442	0.00148782906215857	18.590151568292	1
14.375	12.75	0.999974236037791	0.798246905538557	0.00136241840138478	18.3905916921811	1
14.625	12.75	0.999984136455985	0.798335303484194	0.00124417283863333	18.1910085178358	1
14.875	12.75	0.999990576045411	0.798424252189534	0.00113372685382791	17.991402417337	1
15.125	12.75	0.999994625437253	0.798512277539036	0.00103133111307458	17.7917739538451	1
15.375	12.75	0.999997073881842	0.798598284975356	0.000936962400817642	17.59212383896	1
15.625	12.75	0.999998489096988	0.798681482934851	0.000850407564649861	17.3924528961171	1
15.875	12.75	0.999999265347827	0.798761319808533	0.000771326877740422	17.1927620297962	1
16.125	12.75	0.999999665271374	0.798837432634083	0.000699301306711513	16.9930521995479	1
16.375	12.75	0.99999985582319	0.798909605653095	0.000633867317766857	16.7933243979518	1
16.625	12.75	0.999999937703554	0.798977736982469	0.000574542115384815	16.5935796319235	1
16.875	12.75	0.999999968070423	0.799041811899438	0.000520841598282429	16.3938189070279	1
17.125	12.75	0.99999997704634	0.799101881472696	0.000472292810901856	16.1940432145697	1
17.375	12.75	0.999999979010317	0.799158045505528	0.000428442269907283	15.994253521265	1
17.625	12.75	0.999999979855486	0.799210438962982	0.000388861232579936	15.7944507612707	1
17.875	12.75	0.99999998134877	0.799259221203866	0.000353148717095191	15.5946358303213	1
18.125	12.75	0.999999983549358	0.799304567488998	0.000320932894653131	15.3948095816937	1
18.375	12.75	0.999999986019004	0.799346662330898	0.000291871325118584	15.1949728237119	1
18.625	12.75	0.999999988338757	0.799385694326958	0.000265650385124054	14.9951263185146	1
18.875	12.75	0.999999990264369	0.799421852200963	0.000241984154524802	14.7952707818293	1
19.125	12.75	0.999999991722114	0.799455321815794	0.000220612956715001	14.5954068835241	1
19.375	12.75	0.999999992751585	0.799486283963619	0.000201301694466702	14.3955352487463	1
19.625	12.75	0.99999999344603	0.799514912783785	0.000183838088035266	14.1956564594856	1
19.875	12.75	0.999999993909786	0.799541374675984	0.000168030888282521	13.995771056431	1
20.125	12.75	0.999999994233848	0.79956582760263	0.000153708116596486	13.7958795410196	1
20.375	12.75	0.999999994486053	0.799588420702029	0.000140715368724461	13.5959823775955	1
20.625	12.75	0.999999994711178	0.799609294136296	0.000128914203988949	13.3960799956148	1
20.875	12.75	0.999999994934562	0.799628579117857	0.00011818063307642	13.1961727918513	1
21.125	12.75	0.99999999516752	0.799646398076485	0.000108403712702673	12.9962611325678	1
21.375	12.75	0.999999995412635	0.799662864922767	9.94842495980752e-05	12.7963453556236	1
21.625	12.75	0.999999995667896	0.799678085379736	9.13336108520104e-05	12.5964257725043	1
21.875	12.75	0.999999995928743	0.799692157366649	8.38726385028101e-05	12.3965026702594	1
22.125	12.75	0.999999996190266	0.799705171409912	7.70306639688387e-05	12.1965763133385	1
22.375	12.75	0.999999996448272	0.799717211067779	7.0744614753338e-05	11.9966469453241	1
22.625	12.75	0.999999996699207	0.799728353362561	6.4958208061761e-05	11.7967147905591	1
22.875	12.75	0.999999996940526	0.799738669209017	5.96212246498768e-05	11.5967800556678	1
23.125	12.75	0.999999997170467	0.799748223830306	5.46888565564314e-05	11.3968429309738	1
23.375	12.75	0.999999997387965	0.799757077163836	5.01211213392751e-05	11.1969035918194	1
23.625	12.75	0.999999997592488	0.799765284249315	4.5882338378113e-05	10.9969621997865	1
23.875	12.75	0.999999997784076	0.799772895594832	4.19406598661218e-05	10.7970189038285	1
24.125	12.75	0.999999997962945	0.799779957525071	3.8267651976311e-05	10.5970738413141	1
24.375	12.75	0.999999998129281	0.799786512509513	3.48379221778129e-05	10.3971271389911	1
24.625	12.75	0.999999998283552	0.799792599469356	3.16287855096909e-05	10.1971789138727	1
24.875	12.75	0.999999998426441	0.799798254060562	2.86199682483024e-05	9.99722927405309	1
25.125	12.75	0.999999998558327	0.799803508940863	2.57933445248706e-05	9.79727831945759	1
25.375	12.75	0.999999998679791	0.799808394018011	2.3132701342413e-05	9.59732614253012	1
25.625	12.75	0.999999998791609	0.799812936674949	2.06235302077803e-05	9.39737282886414	1
25.875	12.75	0.99999999889424	0.799817161980086	1.82528416113051e-05	9.1974184577819	1
26.125	12.75	0.999999998988072	0.799821092883964	1.60090004637054e-05	8.99746310286451	1
26.375	12.75	0.999999999073752	0.799824750396284	1.38815807090733e-05	8.79750683243695	1
26.625	12.75	0.999999999152048	0.799828153749336	1.18612351052997e-05	8.59754971001311	1
26.875	12.75	0.999999999223787	0.799831320550161	9.93958004278937e-06	8.39759179470243	1
27.125	12.75	0.99999999929017	0.799834266919245	8.10909427963175e-06	8.19763314158203	1
27.375	12.75	0.999999999352852	0.799837007616878	6.36302806662364e-06	7.99767380203689	1
27.625	12.75	0.999999999413359	0.79983955615929	4.69532251006999e-06	7.79771382407132	1
27.875	12.75	0.999999999472183	0.799841924926063	3.10053884977965e-06	7.59775325259363	1
28.125	12.75	0.999999999527274	0.799844125257503	1.57379542359349e-06	7.39779212967657	1
28.375	12.75	0.999999999572495	0.799846167544032	1.10710961821836e-07	7.19783049479588	1
28.625	12.75	0.999999999597119	0.799848061308759	-1.29264509649695e-06	6.99786838504835	1
28.875	12.75	0.999999999588641	0.79984981528337	-2.63979656849485e-06	6.79790583535085	1
29.125	12.75	0.999999999540702	0.799851437475961	-3.93390038980676e-06	6.59794287862105	1
29.375	12.75	0.999999999467268	0.799852935232776	-5.17778176773599e-06	6.39797954594075	1
29.625	12.75	0.999999999420062	0.799854315294344	-6.37396536402063e-06	6.19801586670173	1
29.875	12.75	0.999999999499908	0.799855583844036	-7.52470339260264e-06	5.9980518687359	1
30.125	12.75	0.999999999843879	0.799856746550847	-8.63200068842176e-06	5.7980875784341	1
30.375	12.75	1.00000000056448	0.799857808610046	-9.69763689444332e-06	5.59812302086155	1
30.625	12.75	1.0000000016238	0.799858774785522	-1.07231863011569e-05	5.39815821988125	1
30.875	12.75	1.00000000265601	0.799859649460018	-1.17100341869426e-05	5.19819319829755	1
31.125	12.75	1.00000000281311	0.799860436699856	-1.26593909312937e-05	4.99822797802176	1
31.375	12.75	1.00000000079085	0.799861140327265	-1.35723046690966e-05	4.79826258023939	1
31.625	12.75	0.999999995260865	0.799861763983976	-1.44496722054825e-05	4.59829702552297	1
31.875	12.75	0.999999985912577	0.799862311150509	-1.52922504739109e-05	4.39833133379157	1
32.125	12.75	0.999999975082346	0.799862785058968	-1.61006710467538e-05	4.19836552400367	1
32.375	12.75	0.999999969431136	0.799863188450813	-1.68754576985284e-05	3.99839961352993	1
32.625	12.75	0.999999980359303	0.799863523194849	-1.76170459181443e-05	3.79843361733495	1
32.875	12.75	1.00000002110302	0.799863789898686	-1.83257973847555e-05	3.59846754742641	1
33.125	12.75	1.00000009840974	0.799863987848358	-1.90019978005764e-05	3.3985014134366	1
33.375	12.75	1.00000019833955	0.799864115800537	-1.96458233892555e-05	3.19853522543547	1
33.625	12.75	1.00000027001993	0.799864174139325	-2.02572640751113e-05	2.99856899972116	1
33.875	12.75	1.00000021810683	0.799864168472201	-2.08360115560719e-05	2.79860276687413	1
34.125	12.75	0.999999922063502	0.799864113623047	-2.13813573199526e-05	2.59863657849805	1
34.375	12.75	0.999999302525502	0.799864035203774	-2.18921882035508e-05	2.39867050529462	1
34.625	12.75	0.999998443000389	0.799863964121037	-2.23671983175079e-05	2.19870461635584	1
34.875	12.75	0.999997739634571	0.799863918962878	-2.28054083331091e-05	1.99873893153648	1
35.125	12.75	0.999997990610972	0.799863874554252	-2.32069514310802e-05	1.79877335034813	1
35.375	12.75	1.00000026666698	0.799863724411526	-2.35738245750078e-05	1.59880758537336	1
35.625	12.75	1.00000537276833	0.799863260725804	-2.39099673356505e-05	1.39884116273601	1
35.875	12.75	1.00001279838372	0.799862213224186	-2.4219811197687e-05	1.19887358100714	1
36.125	12.75	1.00001934959864	0.799860395066322	-2.45046419390837e-05	0.998904710583066	1
36.375	12.75	1.00001819540205	0.799857978964031	-2.47571192799334e-05	0.798935423245995	1
36.625	12.75	0.999999717657519	0.799855847186493	-2.49562139208177e-05	0.598968230539345	1
36.875	12.75	0.999955929524601	0.79985581379399	-2.50671892537841e-05	0.399007396173434	1
37.125	12.75	0.999889606817717	0.799877870211505	-2.50532836864448e-05	0.199057700773943	1
37.375	12.75	0.9998268096063	0.399888039882131	-2.49327356851635e-05	-0.00088768911678786	1
0.125	13.25	0.000464430627063802	0.800000306574664	-8.49838791369813e-05	22.8279499616985	1
0.375	13.25	0.000464851856234935	0.800550240104458	3.58929269563534e-05	22.8277629394395	1
0.625	13.25	0.000465651479892748	0.800886503882068	7.23360040261045e-05	22.8274854201626	1
0.875	13.25	0.00046655147314321	0.801167919669578	4.76707225425756e-05	22.8271285938738	1
1.125	13.25	0.000466860356698884	0.801364385451185	-0.000142773660675289	22.8267105342563	1
1.375	13.25	0.000465350535830194	0.801443135635252	-0.000574729260943601	22.8262583346157	1
1.625	13.25	0.000460264375367827	0.80138437879104	-0.00122473394613658	22.8258071771096	1
1.875	13.25	0.000449533074116044	0.801199426401361	-0.00190385869196579	22.8253945396299	1
2.125	13.25	0.000431274220793065	0.800937244802561	-0.00228874309348807	22.8250503198519	1
2.375	13.25	0.000404583129558909	0.800663991564122	-0.00213137458998479	22.8247879182468	1
2.625	13.25	0.000370559925112217	0.800423005981208	-0.00150372639640004	22.8246038657988	1
2.875	13.25	0.000333445416592213	0.800213799270651	-0.000769253170132658	22.8244874682877	1
3.125	13.25	0.000301703684170502	0.800008456753375	-0.000287389162536212	22.8244305650874	1
3.375	13.25	0.000288893020736076	0.799775571941603	-0.000223978668142842	22.8244294433576	1
3.625	13.25	0.00031417864306469	0.79948852392606	-0.000584297937756928	22.824482429566	1
3.875	13.25	0.00040232803928617	0.799128423874876	-0.00126058729499252	22.8245872659445	1
4.125	13.25	0.000582995162991054	0.79869106397237	-0.00209129001728446	22.8247374631993	1
4.375	13.25	0.000889073059516411	0.798191735574201	-0.00294923253845995	22.8249170517001	1
4.625	13.25	0.00135393953041649	0.797663323135243	-0.0037728526003196	22.8250955590277	1
4.875	13.25	0.00200765512238608	0.797151814106394	-0.00453977450386911	22.8252247083003	1
5.125	13.25	0.00287268665196748	0.79671341884879	-0.00523307765978968	22.8252365333902	1
5.375	13.25	0.00396043632582904	0.796413088212864	-0.00582601818547275	22.825041760208	1
5.625	13.25	0.00527057542691329	0.796322700430055	-0.00628215068314175	22.8245271403722	1
5.875	13.25	0.00679593364088149	0.796518020416578	-0.00656098714842428	22.8235499943722	1
6.125	13.25	0.00853678804033168	0.797074243558829	-0.00662455465661977	22.8219273445551	1
6.375	13.25	0.0105302767474511	0.798060087709676	-0.00644407326043975	22.8194158240414	1
6.625	13.25	0.0129038640636444	0.799530350614567	-0.00600644730847949	22.8156771203278	1
6.875	13.25	0.0159669085055684	0.801516634047498	-0.00531976740834852	22.810222262521	1
7.125	13.25	0.0203616283249685	0.80401525427285	-0.00441666616536291	22.8023272966993	1
7.375	13.25	0.0273019697371222	0.806969815204323	-0.00335424595160097	22.7909145709813	1
7.625	13.25	0.0389260691019433	0.810243496996686	-0.00220947350863461	22.7744015585528	1
7.875	13.25	0.0587452027865292	0.81357480480457	-0.00106961993682118	22.7505389072804	1
8.125	13.25	0.0920227446786072	0.816518750215625	-1.86115762667651e-05	22.7162982974696	1
8.375	13.25	0.145572081021268	0.818414363823046	0.00087824311351922	22.6679286604114	1
8.625	13.25	0.225991929116781	0.818506726126451	0.00158736818066594	22.6013468014945	1
8.875	13.25	0.335505727707296	0.816389893474202	0.00211329955337282	22.5129766021576	1
9.125	13.25	0.466920437439596	0.812602166367191	0.00249356861170685	22.4008844906919	1
9.375	13.25	0.60313689261669	0.808566531383145	0.002780263427976	22.265648935133	1
9.625	13.25	0.724898124690099	0.805515964958469	0.00301566069656668	22.1103096269819	1
9.875	13.25	0.820450852735007	0.803663565314251	0.003217320744295	21.9393399063014	1
10.125	13.25	0.888170195700563	0.802546260062304	0.00338093698390556	21.7573304452874	1
10.375	13.25	0.932739374331768	0.801705651009795	0.00349348918503751	21.5681034893384	1
10.625	13.25	0.960579752394206	0.800933213605789	0.00354472952594376	21.374434378991	1
10.875	13.25	0.977332900563289	0.800196157541906	0.00353204781893941	21.1781603876017	1
11.125	13.25	0.987137229940718	0.79952371836546	0.00346014864866744	20.9804213122278	1
11.375	13.25	0.992751797557593	0.798946976154902	0.00333852278721209	20.7818900243462	1
11.625	13.25	0.995913129225408	0.798481254337109	0.00317874730974405	20.5829469262914	1
11.875	13.25	0.997672294885991	0.798126855791964	0.00299246132091702	20.3837977871418	1
12.125	13.25	0.998646547627396	0.797874452579117	0.00279015009550618	20.1845482273057	1
12.375	13.25	0.999188973942552	0.797710038885006	0.00258057966218715	19.9852487039535	1
12.625	13.25	0.999496638585158	0.797618295744469	0.00237066387512866	19.7859206825204	1
12.875	13.25	0.999676995173164	0.797584534012913	0.00216557873088084	19.5865713154236	1
13.125	13.25	0.999787450637552	0.797595650966478	0.00196899385503337	19.3872013416776	1
13.375	13.25	0.999858262350178	0.797640480961004	0.00178334052156606	19.1878091217456	1
13.625	13.25	0.999905388484778	0.797709806107769	0.00161007163653562	18.9883925511801	1
13.875	13.25	0.999937457921536	0.797796195326813	0.00144989248509537	18.7889498629635	1
14.125	13.25	0.999959408607769	0.797893771817866	0.00130295482220339	18.5894798827353	1
14.375	13.25	0.999974308883005	0.797997965061515	0.00116901430000113	18.3899820385316	1
14.625	13.25	0.999984231970906	0.798105276475442	0.00104755472591466	18.1904562773274	1
14.875	13.25	0.999990663759396	0.79821307191088	0.000937883956292572	17.9909029593164	1
15.125	13.25	0.999994695658614	0.798319405133951	0.000839206371974872	17.7913227589129	1
15.375	13.25	0.999997126128408	0.798422871596053	0.000750676495474425	17.5917165814372	1
15.625	13.25	0.999998526247784	0.798522489504973	0.00067143771336644	17.3920854959599	1
15.875	13.25	0.999999290936486	0.798617604331238	0.000600649414980601	17.1924306819285	1
16.125	13.25	0.99999968241437	0.798707812823166	0.000537505272388882	16.9927533867971	1
16.375	13.25	0.999999866933601	0.798792902929873	0.000481244843342281	16.7930548923358	1
16.625	13.25	0.999999944534055	0.798872806513828	0.000431160226426076	16.5933364878925	1
16.875	13.25	0.999999971859338	0.798947562267065	0.00038659912578524	16.3935994493631	1
17.125	13.25	0.999999978666962	0.799017286711874	0.000346965364531994	16.1938450229419	1
17.375	13.25	0.999999979088227	0.799082151600467	0.000311717642797296	15.9940744129184	1
17.625	13.25	0.999999978849777	0.799142366375577	0.000280367136363179	15.7942887728863	1
17.875	13.25	0.999999979604046	0.799198164620659	0.000252474375387988	15.594489199802	1
18.125	13.25	0.999999981327761	0.799249793672677	0.000227645726891296	15.3946767303823	1
18.375	13.25	0.999999983520187	0.799297506731912	0.000205529708660521	15.1948523393784	1
18.625	13.25	0.999999985712871	0.799341556939113	0.000185813293672902	14.9950169393228	1
18.875	13.25	0.999999987621708	0.799382193010414	0.000168218316881124	14.7951713813995	1
19.125	13.25	0.999999989140935	0.799419656092114	0.000152498052340951	14.5953164571425	1
19.375	13.25	0.999999990284674	0.799454177570572	0.00013843400286812	14.3954529007252	1
19.625	13.25	0.999999991126354	0.799485977627935	0.000125832927358757	14.1955813916465	1
19.875	13.25	0.999999991755432	0.799515264369933	0.00011452411151972	13.9957025576611	1
20.125	13.25	0.999999992252135	0.799542233392682	0.000104356882253235	13.7958169778402	1
20.375	13.25	0.999999992676772	0.799567067683841	9.51983584622866e-05	13.5959251856724	1
20.625	13.25	0.99999999306909	0.799589937768192	8.6931423773038e-05	13.3960276721378	1
20.875	13.25	0.999999993451195	0.799611002031755	7.94529090176759e-05	13.1961248887114	1
21.125	13.25	0.999999993832616	0.79963040717606	7.26719680884254e-05	12.9962172502589	1
21.375	13.25	0.999999994215065	0.799648288755667	6.65086297322079e-05	12.7963051378032	1
21.625	13.25	0.99999999459611	0.799664771768163	6.08925105952306e-05	12.5963889011477	1
21.875	13.25	0.999999994971357	0.799679971276605	5.57616742178381e-05	12.3964688613477	1
22.125	13.25	0.999999995336455	0.799693993040002	5.106162033454e-05	12.1965453130271	1
22.375	13.25	0.999999995687934	0.799706934140485	4.67443909408541e-05	11.9966185265399	1
22.625	13.25	0.999999996022991	0.799718883598637	4.27677820960111e-05	11.7966887499805	1
22.875	13.25	0.999999996339877	0.799729922967322	3.90946480937884e-05	11.596756211047	1
23.125	13.25	0.999999996637527	0.799740126898117	3.56922886719387e-05	11.3968211187634	1
23.375	13.25	0.999999996915505	0.799749563681596	3.25319096063218e-05	11.1968836650689	1
23.625	13.25	0.999999997174034	0.799758295755031	2.95881484251287e-05	10.9969440262796	1
23.875	13.25	0.999999997413698	0.79976638017688	2.68386573323071e-05	10.797002364433	1
24.125	13.25	0.999999997635198	0.799773869073043	2.42637364170606e-05	10.5970588285212	1
24.375	13.25	0.99999999783944	0.799780810049096	2.18460128052079e-05	10.3971135556213	1
24.625	13.25	0.999999998027417	0.799787246572593	1.95701576127043e-05	10.1971666719303	1
24.875	13.25	0.999999998200106	0.799793218327364	1.74226380796165e-05	9.99721829371172	1
25.125	13.25	0.999999998358342	0.799798761539743	1.53915014797429e-05	9.79726852816107	1
25.375	13.25	0.99999999850319	0.799803909278098	1.34661838313385e-05	9.59731747419581	1
25.625	13.25	0.999999998635735	0.7998086917271	1.16373425228945e-05	9.39736522317707	1
25.875	13.25	0.999999998756598	0.799813136440933	9.89671085252725e-06	9.19741185956841	1
26.125	13.25	0.999999998866434	0.79981726857622	8.23696968191897e-06	8.9974574615363	1
26.375	13.25	0.999999998966276	0.799821111101269	6.65163510169455e-06	8.79750210149733	1
26.625	13.25	0.999999999057125	0.79982468498893	5.13496022549006e-06	8.59754584661829	1
26.875	13.25	0.999999999139949	0.799828009395464	3.68184919565675e-06	8.39758875927116	1
27.125	13.25	0.9999999992162	0.79983110182081	2.28778187074773e-06	8.19763089744773	1
27.375	13.25	0.999999999287733	0.799833978254296	9.48747637221246e-07	7.99767231513767	1
27.625	13.25	0.99999999935605	0.799836653309832	-3.38812237696861e-07	7.79771306267341	1
27.875	13.25	0.999999999421627	0.799839140348971	-1.57805488369797e-06	7.59775318704377	1
28.125	13.25	0.999999999482565	0.799841451590315	-2.77178019581049e-06	7.39779273218033	1
28.375	13.25	0.999999999532918	0.799843598211407	-3.922469911047e-06	7.19783173921903	1
28.625	13.25	0.999999999562164	0.799845590443088	-5.03232125378942e-06	6.99787024673837	1
28.875	13.25	0.999999999558026	0.799847437653513	-6.10327658370868e-06	6.79790829097609	1
29.125	13.25	0.999999999514327	0.799849148423857	-7.13705002660442e-06	6.59794590602589	1
29.375	13.25	0.999999999444983	0.799850730618419	-8.13515021430169e-06	6.39798312401484	1
29.625	13.25	0.999999999401237	0.799852191446848	-9.09890026183737e-06	6.19801997526142	1
29.875	13.25	0.999999999483026	0.799853537517603	-1.00294559349216e-05	5.99805648841682	1
30.125	13.25	0.999999999826342	0.799854774886054	-1.09278213397269e-05	5.7980926905936	1
30.375	13.25	1.00000000054265	0.799855909099878	-1.17948622588668e-05	5.59812860748973	1
30.625	13.25	1.00000000159406	0.799856945245665	-1.26313179955045e-05	5.39816426351957	1
30.875	13.25	1.00000000261777	0.799857888002331	-1.3437810632725e-05	5.19819968196342	1
31.125	13.25	1.00000000277297	0.799858741708034	-1.42148526321348e-05	4.99823488513852	1
31.375	13.25	1.00000000076638	0.799859510436474	-1.49628535022073e-05	4.79826989457094	1
31.625	13.25	0.999999995281459	0.799860198063777	-1.5682124729422e-05	4.59830473111204	1
31.875	13.25	0.999999986012276	0.799860808288711	-1.63728865908715e-05	4.39833941490252	1
32.125	13.25	0.999999975280091	0.799861344549606	-1.70352789865747e-05	4.19837396507169	1
32.375	13.25	0.999999969697797	0.799861809787982	-1.76693750559836e-05	3.99840839911804	1
32.625	13.25	0.99999998058002	0.799862206071157	-1.8275197831915e-05	3.7984427320998	1
32.875	13.25	1.00000002105789	0.799862534208142	-1.88527329979618e-05	3.5984769760907	1
33.125	13.25	1.0000000978097	0.799862793691569	-1.9401923932459e-05	3.39851114075934	1
33.375	13.25	1.00000019695698	0.799862983487421	-1.99226338915362e-05	3.19854523616337	1
33.625	13.25	1.00000026792984	0.799863104180653	-2.04145630462507e-05	2.99857927849852	1
33.875	13.25	1.00000021598747	0.79986316154884	-2.08771296250363e-05	2.79861329809361	1
34.125	13.25	0.999999921396359	0.799863170533131	-2.13093633501811e-05	2.59864734609963	1
34.375	13.25	0.999999305421088	0.799863156807923	-2.17099055873827e-05	2.39868149256701	1
34.625	13.25	0.999998451340289	0.799863151327861	-2.20772461394228e-05	2.19871580585857	1
34.875	13.25	0.999997753387562	0.799863172818538	-2.24102969811374e-05	1.99875030531032	1
35.125	13.25	0.999998005663858	0.799863196498239	-2.27092587805427e-05	1.7987848905569	1
35.375	13.25	1.00000027330559	0.799863116704133	-2.29764464738132e-05	1.59881927535173	1
35.625	13.25	1.00000535678385	0.799862726913151	-2.32163610820431e-05	1.39885298806113	1
35.875	13.25	1.00001274702371	0.799861758304232	-2.34340370845018e-05	1.19888552973045	1
36.125	13.25	1.00001926329882	0.799860024851827	-2.36308970917198e-05	0.998916771387162	1
36.375	13.25	1.00001810261774	0.799857698182051	-2.37984516204581e-05	0.798947580474576	1
36.625	13.25	0.999999684325914	0.799855656344229	-2.39123687907436e-05	0.598980456324196	1
36.875	13.25	0.999956048957363	0.799855705317402	-2.39322463482838e-05	0.399019642541669	1
37.125	13.25	0.999889955114588	0.799877792134343	-2.38148486540174e-05	0.199069898455682	1
37.375	13.25	0.999827362876301	0.399887891409025	-2.35913769263838e-05	-0.000875596637487651	1
0.125	13.75	0.000466346207423756	0.800007176913972	-0.000741590801764157	22.8280109848613	1
0.375	13.75	0.000466773187321462	0.800571931880811	-0.000654856848903979	22.8278191146753	1
0.625	13.75	0.000467585466074923	0.800920021104185	-0.000479122874011812	22.8275331257759	1
0.875	13.75	0.000468505504395407	0.801211940474937	-0.000291600216106815	22.8271646628874	1
1.125	13.75	0.000468840808767862	0.801412126011589	-0.000155230994992585	22.8267323962305	1
1.375	13.75	0.00046736127112754	0.801477556046102	-0.000128227725727997	22.826266704209	1
1.625	13.75	0.000462306336721138	0.801386858172524	-0.000215730663747155	22.8258085643558	1
1.875	13.75	0.000451605983001019	0.801172774524315	-0.000297074097448438	22.8253994603601	1
2.125	13.75	0.000433380432366953	0.800926013608399	-0.000132531479996371	22.8250639395405	1
2.375	13.75	0.000406732077947411	0.800738306373456	0.000422238046868367	22.8247977736277	1
2.625	13.75	0.000372770649180848	0.800623126452592	0.00113935204077963	22.8245789439036	1
2.875	13.75	0.000335745448425551	0.800514051862487	0.00154367428878334	22.8243949084949	1
3.125	13.75	0.000304124304655759	0.800342577792204	0.00140409795632102	22.8242536511079	1
3.375	13.75	0.000291462165115429	0.800084413040844	0.000872360636427457	22.8241704734086	1
3.625	13.75	0.000316912437736895	0.799740471636231	0.000193380659666324	22.8241552195798	1
3.875	13.75	0.000405218772747272	0.799313041876382	-0.000495721084256703	22.8242098980223	1
4.125	13.75	0.000585988080930195	0.798805418397399	-0.00117491608601265	22.8243287782898	1
4.375	13.75	0.00089202001895999	0.798229747486785	-0.00187839028459357	22.8244964036266	1
4.625	13.75	0.00135651992227244	0.797611995888284	-0.00264013500656191	22.824684308972	1
4.875	13.75	0.0020092719525037	0.796993753967288	-0.00347473301443479	22.8248476662984	1
5.125	13.75	0.00287238203401442	0.796432024588771	-0.0043784079643351	22.8249222272737	1
5.375	13.75	0.00395691306547328	0.795997256180493	-0.00533215725280664	22.8248213670493	1
5.625	13.75	0.00526243927976571	0.795769822237989	-0.00630267862978168	22.8244324160894	1
5.875	13.75	0.00678228444941153	0.79583522393844	-0.007243038157581	22.8236106003618	1
6.125	13.75	0.00851831231003621	0.796278076989541	-0.00809436977277867	22.822167862127	1
6.375	13.75	0.0105110564879947	0.797174746327226	-0.00878874793419849	22.8198526302041	1
6.625	13.75	0.0128942375593976	0.798584522840293	-0.00925314036352251	22.8163152010601	1
6.875	13.75	0.0159879138755606	0.800539217646254	-0.00941441562099452	22.8110519401023	1
7.125	13.75	0.0204518102396173	0.80303047716825	-0.00920540998269459	22.8033207581897	1
7.375	13.75	0.0275274587619487	0.805992534380236	-0.00857202898948867	22.792022100413	1
7.625	13.75	0.0393942280986364	0.809275526828146	-0.0074813762877305	22.7755476919994	1
7.875	13.75	0.0596191656114111	0.812603082305523	-0.00593118973109543	22.7516196219966	1
8.125	13.75	0.0935259094529791	0.815516392729915	-0.00396156877432485	22.7171820043191	1
8.375	13.75	0.147956244545705	0.817347056185674	-0.0016701235125085	22.66846578022	1
8.625	13.75	0.229431480017341	0.817348799642817	0.000772650376462751	22.6013930449701	1
8.875	13.75	0.339917762291538	0.815149438702541	0.00312433464295056	22.5124297153716	1
9.125	13.75	0.47184057675034	0.811333397533571	0.00511611539890754	22.3997212842847	1
9.375	13.75	0.607862395982902	0.807339555515277	0.0065447202978555	22.2639387404421	1
9.625	13.75	0.728853591191934	0.804367864459594	0.00734907627131932	22.1081906665648	1
9.875	13.75	0.823418414508873	0.802589917963072	0.00760546894337021	21.9369734404792	1
10.125	13.75	0.890230655819671	0.801527926524417	0.0074588118817061	21.7548613779416	1
10.375	13.75	0.934100167680414	0.80072882170278	0.00705591146347141	21.5656421413885	1
10.625	13.75	0.961452083418475	0.799992871084571	0.00651319341103383	21.3720555557606	1
10.875	13.75	0.977883377862604	0.799293015522655	0.0059115196086818	21.1759101733914	1
11.125	13.75	0.987482535938498	0.798661110889932	0.00530238837670628	20.9783250852487	1
11.375	13.75	0.992968636732134	0.798128937226912	0.00471624575004259	20.779959103314	1
11.625	13.75	0.996050166119085	0.797711461453184	0.00416952671082058	20.5811834050344	1
11.875	13.75	0.997759787689911	0.797408081050261	0.00366978464502549	20.382197863166	1
12.125	13.75	0.998703111204825	0.797208327108254	0.00321917017880658	20.1831044481322	1
12.375	13.75	0.999226020898795	0.797097021644668	0.00281669405370666	19.983951477555	1
12.625	13.75	0.999521187944313	0.797057771188458	0.00245965553780293	19.7847592951963	1
12.875	13.75	0.999693405969062	0.797074980881423	0.00214452039004468	19.5855346188232	1
13.125	13.75	0.999798473321797	0.797134839513101	0.00186744549071403	19.3862782147716	1
13.375	13.75	0.999865668362918	0.797225669739883	0.00162458177042521	19.186988777281	1
13.625	13.75	0.999910344432704	0.797337921025191	0.00141224103004042	18.9876647330179	1
13.875	13.75	0.999940747981346	0.797463982352065	0.00122698101203264	18.7883049659326	1
14.125	13.75	0.999961568113134	0.797597920667435	0.00106564247683062	18.5889090170988	1
14.375	13.75	0.999975706429373	0.797735204801265	0.000925358770871106	18.3894770548781	1
14.625	13.75	0.999985121648093	0.797872445957608	0.000803550038313268	18.1900097634619	1
14.875	13.75	0.9999912197544	0.798007168810445	0.00069790916515149	17.9905082177597	1
15.125	13.75	0.999995036066096	0.798137617496131	0.000606383522979885	17.7909737714783	1
15.375	13.75	0.999997329795773	0.798262595578285	0.000527154846257722	17.5914079657535	1
15.625	13.75	0.999998644859642	0.7983813365518	0.000458618600409453	17.3918124575827	1
15.875	13.75	0.999999357686948	0.798493400522153	0.000399363636851929	17.1921889647249	1
16.125	13.75	0.999999718166974	0.798598592642859	0.000348152628392874	16.9925392235399	1
16.375	13.75	0.99999988451881	0.798696899242847	0.000303903584369394	16.7928649568539	1
16.625	13.75	0.999999951677975	0.79878843813912	0.000265672627258425	16.5931678496728	1
16.875	13.75	0.999999973127184	0.798873420211925	0.000232638129155708	16.3934495311492	1
17.125	13.75	0.999999976715542	0.798952119850768	0.000204086239937927	16.1937115616204	1
17.375	13.75	0.999999975449027	0.799024852370674	0.000179397799484539	15.9939554237907	1
17.625	13.75	0.9999999744038	0.799091956883494	0.000158036584811276	15.794182517294	1
17.875	13.75	0.999999974860472	0.799153783427049	0.000139538821658209	15.5943941559834	1
18.125	13.75	0.999999976583322	0.799210683423001	0.000123503876815811	15.3945915673789	1
18.375	13.75	0.999999978948565	0.799263002716494	0.000109586033785722	15.1947758937779	1
18.625	13.75	0.999999981413798	0.799311076621535	9.74872543541871e-05	14.9949481946099	1
18.875	13.75	0.999999983648593	0.799355226522168	8.69508307473789e-05	14.7951094496794	1
19.125	13.75	0.999999985517068	0.799395757658786	7.77558328802449e-05	14.5952605630102	1
19.375	13.75	0.999999987013171	0.799432957823278	6.9712263226283e-05	14.3954023670612	1
19.625	13.75	0.999999988196967	0.799467096742178	6.26568397206665e-05	14.1955356271337	1
19.875	13.75	0.999999989149393	0.79949842596575	5.64493298596991e-05	13.9956610458342	1
20.125	13.75	0.999999989945676	0.799527179132132	5.09693703784543e-05	13.7957792674929	1
20.375	13.75	0.999999990643769	0.799553572498732	4.61137130809992e-05	13.5958908824648	1
20.625	13.75	0.999999991282896	0.799577805654336	4.17938401116925e-05	13.395996431263	1
20.875	13.75	0.999999991885718	0.799600062352864	3.79339036067999e-05	13.1960964084927	1
21.125	13.75	0.999999992463179	0.799620511419683	3.44689474119265e-05	12.9961912665643	1
21.375	13.75	0.999999993018914	0.79963930768975	3.13433719500033e-05	12.7962814191767	1
21.625	13.75	0.999999993552438	0.799656592954187	2.85096113428754e-05	12.5963672445681	1
21.875	13.75	0.999999994061482	0.799672496896668	2.59269945349504e-05	12.3964490885353	1
22.125	13.75	0.999999994543787	0.79968713799849	2.35607645561066e-05	12.1965272672291	1
22.375	13.75	0.999999994997742	0.799700624408599	2.13812343132486e-05	11.9966020697342	1
22.625	13.75	0.999999995422206	0.799713054772171	1.93630619965668e-05	11.7966737604432	1
22.875	13.75	0.999999995817101	0.799724519009589	1.74846274014996e-05	11.5967425812376	1
23.125	13.75	0.99999999618293	0.79973509904536	1.57274964447305e-05	11.3968087534859	1
23.375	13.75	0.999999996520413	0.799744869491148	1.40759615003966e-05	11.1968724798739	1
23.625	13.75	0.999999996830799	0.799753898278298	1.25166469223235e-05	10.9969339460752	1
23.875	13.75	0.999999997115693	0.799762247238913	1.10381709877682e-05	10.7969933222773	1
24.125	13.75	0.999999997376588	0.799769972646576	9.63085502717986e-06	10.5970507645735	1
24.375	13.75	0.999999997615078	0.799777125711906	8.28647526231639e-06	10.39710641623	1
24.625	13.75	0.999999997832729	0.799783753035541	6.99805020399555e-06	10.1971604088405	1
24.875	13.75	0.999999998031094	0.799789897025052	5.75965786822832e-06	9.99721286337616	1
25.125	13.75	0.999999998211711	0.79979559627497	4.56628038068261e-06	9.79726389114055	1
25.375	13.75	0.999999998376087	0.79980088591272	3.41367044509499e-06	9.59731359463808	1
25.625	13.75	0.999999998525562	0.799805797915311	2.29823702074816e-06	9.39736206836336	1
25.875	13.75	0.99999999866113	0.799810361397719	1.21694901876604e-06	9.19740939951818	1
26.125	13.75	0.99999999878376	0.799814602875664	1.67252210922472e-07	8.99745566866298	1
26.375	13.75	0.999999998894626	0.799818546502972	-8.53001852188375e-07	8.79750095030832	1
26.625	13.75	0.999999998994946	0.799822214287683	-1.84561535650489e-06	8.59754531345265	1
26.875	13.75	0.999999999086042	0.799825626290033	-2.81209516266944e-06	8.39758882207049	1
27.125	13.75	0.999999999169579	0.799828800800688	-3.75369653494737e-06	8.19763153555573	1
27.375	13.75	0.999999999247449	0.799831754502583	-4.67145988147142e-06	7.99767350912447	1
27.625	13.75	0.99999999932122	0.799834502618899	-5.56624139911176e-06	7.79771479418101	1
27.875	13.75	0.999999999391506	0.799837059046797	-6.43873951573673e-06	7.59775543865014	1
28.125	13.75	0.999999999456538	0.799839436477157	-7.28951725040673e-06	7.39779548727952	1
28.375	13.75	0.999999999510453	0.799841646505521	-8.11902069796031e-06	7.19783498191515	1
28.625	13.75	0.999999999542892	0.799843699733489	-8.92759451911851e-06	6.99787396175131	1
28.875	13.75	0.999999999541793	0.799845605858641	-9.7154951693396e-06	6.7979124635577	1
29.125	13.75	0.999999999501096	0.799847373756337	-1.04829020549519e-05	6.59795052188522	1
29.375	13.75	0.999999999434623	0.799849011554994	-1.12299265346579e-05	6.39798816925095	1
29.625	13.75	0.999999999393241	0.799850526701566	-1.19566196272333e-05	6.19802543630287	1
29.875	13.75	0.999999999476045	0.799851926018816	-1.26629786490684e-05	5.99806235196728	1
30.125	13.75	0.999999999817784	0.79985321575753	-1.33489524683446e-05	5.79809894358232	1
30.375	13.75	1.0000000005288	0.799854401644152	-1.40144452995877e-05	5.59813523702624	1
30.625	13.75	1.00000000157136	0.799855488929439	-1.46593200856323e-05	5.39817125685191	1
30.875	13.75	1.00000000258581	0.799856482444592	-1.52834001316834e-05	5.19820702643913	1
31.125	13.75	1.00000000273862	0.799857386669314	-1.58864693432055e-05	4.9982425681674	1
31.375	13.75	1.00000000074775	0.799858205810039	-1.64682723771291e-05	4.7982779035894	1
31.625	13.75	0.999999995308752	0.799858943868687	-1.70285142320864e-05	4.59831305354866	1
31.875	13.75	0.999999986120284	0.799859604663562	-1.75668618939444e-05	4.39834803814567	1
32.125	13.75	0.999999975487532	0.799860191749464	-1.80829505233335e-05	4.19838287644149	1
32.375	13.75	0.999999969973108	0.799860708185109	-1.85763935552605e-05	3.99841758584419	1
32.625	13.75	0.999999980802426	0.799861156158772	-1.90467965712584e-05	3.79845218130717	1
32.875	13.75	1.00000002099778	0.79986153660932	-1.94937673736297e-05	3.5984866747905	1
33.125	13.75	1.00000009716759	0.79986184917022	-1.99169079421418e-05	3.39852107583649	1
33.375	13.75	1.00000019550348	0.799862092953785	-2.03157724134575e-05	3.19855539434297	1
33.625	13.75	1.0000002657629	0.799862268682363	-2.0689779033679e-05	2.99858964626848	1
33.875	13.75	1.00000021385095	0.799862382238533	-2.10380856206177e-05	2.79862386156551	1
34.125	13.75	0.999999920887348	0.799862448612194	-2.1359478100514e-05	2.59865809081525	1
34.375	13.75	0.99999930878895	0.799862493463911	-2.16523742029476e-05	2.39869240330913	1
34.625	13.75	0.999998460538707	0.79986254771159	-2.1915081550879e-05	2.19872686659339	1
34.875	13.75	0.999997768220901	0.799862630134711	-2.21464164934187e-05	1.99876149944148	1
35.125	13.75	0.999998021399537	0.79986271628182	-2.23466366974967e-05	1.7987962016451	1
35.375	13.75	1.00000027901182	0.799862701293643	-2.25183269092361e-05	1.59883068827131	1
35.625	13.75	1.00000533661174	0.799862379980159	-2.26664629050679e-05	1.39886449017718	1
35.875	13.75	1.00001268697935	0.799861485073076	-2.27965844697345e-05	1.19889711114835	1
36.125	13.75	1.00001916468316	0.799859831438472	-2.29102113089959e-05	0.998928422905146	1
36.375	13.75	1.0000179992643	0.799857589490894	-2.29978327235622e-05	0.798959288048825	1
36.625	13.75	0.999999654070795	0.799855632463622	-2.30322193556041e-05	0.598992192245609	1
36.875	13.75	0.99995620274756	0.799855757003722	-2.29679983130069e-05	0.399031356491999	1
37.125	13.75	0.999890385353421	0.799877849006214	-2.27562174995453e-05	0.199081515937813	1
37.375	13.75	0.999828044181937	0.399887873898932	-2.24397137732134e-05	-0.000864131347548139	1
0.125	14.25	0.00047188238851892	0.799998603854292	-0.00165736539566245	22.8280343007217	1
0.375	14.25	0.00047230850102042	0.800554244448519	-0.00146659335496733	22.8278431466726	1
0.625	14.25	0.000473116091390862	0.800899010493513	-0.00126296553819905	22.8275607360446	1
0.875	14.25	0.000474021855735312	0.801206351221505	-0.00103074375078872	22.8271936859189	1
1.125	14.25	0.000474325143056412	0.801438312245372	-0.000806717510917972	22.8267562808985	1
1.375	14.25	0.000472786796300064	0.801545823459722	-0.000695179658993014	22.8262751488382	1
1.625	14.25	0.000467639228742473	0.801492159678106	-0.000842394590939132	22.8257900724534	1
1.875	14.25	0.000456811740688566	0.801288411010188	-0.00132999175376778	22.8253466591283	1
2.125	14.25	0.000438435643753296	0.801015146258948	-0.00198126524398778	22.8249790342734	1
2.375	14.25	0.000411641681122586	0.800786292178541	-0.00229647601583384	22.8246917945245	1
2.625	14.25	0.000377589045743317	0.800658967118296	-0.00184230719368457	22.8244616492467	1
2.875	14.25	0.000340597884349785	0.800587860281949	-0.000790675127629276	22.824263744961	1
3.125	14.25	0.000309223659202799	0.800486558800631	0.000248017907496162	22.8240933610787	1
3.375	14.25	0.000297116502806214	0.800301197036025	0.000851707120115538	22.8239617361648	1
3.625	14.25	0.000323520663133838	0.800016007012796	0.000951227401780016	22.823882065263	1
3.875	14.25	0.000413254492462444	0.799629027218296	0.000664987870907483	22.8238616852282	1
4.125	14.25	0.000595975315295729	0.799140372024029	0.000151504341065045	22.8239000939907	1
4.375	14.25	0.000904511642943411	0.798555427976553	-0.000488474258313563	22.8239880620655	1
4.625	14.25	0.00137210217129401	0.797892160295187	-0.00123689726340326	22.8241052904878	1
4.875	14.25	0.00202863455145122	0.797185171940801	-0.00212445291140341	22.8242168652177	1
5.125	14.25	0.00289652101826929	0.796485596911851	-0.00318605625310336	22.8242695975012	1
5.375	14.25	0.00398759340052261	0.795858739141648	-0.0044347087411567	22.8241885308128	1
5.625	14.25	0.00530314723277177	0.795380842781164	-0.00585346593695438	22.8238726737425	1
5.875	14.25	0.00684003698924664	0.79513508369835	-0.00739500407444904	22.8231879942696	1
6.125	14.25	0.00860687106425827	0.795206270449956	-0.00898226154092839	22.8219547814298	1
6.375	14.25	0.0106563612471738	0.795673850030585	-0.0105091391748226	22.8199253549394	1
6.625	14.25	0.013143292025944	0.796603136092889	-0.0118426421652076	22.8167466773548	1
6.875	14.25	0.0164229659676742	0.798034745286791	-0.0128281855783556	22.8119009556391	1
7.125	14.25	0.0212123629806264	0.799971598510765	-0.0132995199224015	22.8046166911616	1
7.375	14.25	0.0288427675773108	0.802361094730082	-0.0130943409515173	22.793744886624	1
7.625	14.25	0.0416262914938059	0.805067310484668	-0.012076193404443	22.7776042193647	1
7.875	14.25	0.0633053372590597	0.807826940876452	-0.0101630011120529	22.7538212994307	1
8.125	14.25	0.0993817401996533	0.810193232084872	-0.00736271164724721	22.7192343490593	1
8.375	14.25	0.156749425687351	0.811517185665386	-0.00381536194366296	22.6699879578581	1
8.625	14.25	0.241611078515239	0.811105019505062	0.0001691072438866	22.601986117707	1
8.875	14.25	0.355032231503197	0.808696047522023	0.00411456428615766	22.5117930015342	1
9.125	14.25	0.48821421003501	0.804999786776996	0.00747967915596212	22.3977715283021	1
9.375	14.25	0.623181366781389	0.801460338418288	0.00985078132377348	22.2608527915166	1
9.625	14.25	0.74137241466628	0.799125309441156	0.0110961800953303	22.1043309201416	1
9.875	14.25	0.832600714000364	0.798001343011448	0.0113556841942884	21.9327486824553	1
10.125	14.25	0.896463777219492	0.79753816169485	0.0109060810699795	21.7506143485652	1
10.375	14.25	0.938118386255696	0.79727433688993	0.0100301870904985	21.5616052912703	1
10.625	14.25	0.96395844374722	0.797016088149251	0.00895148834838565	21.3683583569421	1
10.875	14.25	0.979415112336738	0.796739938211682	0.00782185200995651	21.1726065920052	1
11.125	14.25	0.988407378303191	0.79647971047897	0.0067330940807739	20.9754213556369	1
11.375	14.25	0.993523531508317	0.79626993012646	0.00573401118814975	20.7774347355561	1
11.625	14.25	0.996382468581467	0.796129642731525	0.00484540092640552	20.5790049934311	1
11.875	14.25	0.997959149631622	0.796063178183005	0.00407120319074057	20.3803273854323	1
12.125	14.25	0.998823313078025	0.796065218344643	0.00340603723392038	20.1815038900923	1
12.375	14.25	0.9992990377206	0.79612550013407	0.0028399833186539	19.9825851891839	1
12.625	14.25	0.999565941236762	0.796232069794036	0.00236144791733771	19.7835950206695	1
12.875	14.25	0.999721087116867	0.796373212701424	0.00195877419002868	19.5845437899459	1
13.125	14.25	0.999815728142039	0.79653844413337	0.001621069669016	19.3854358598379	1
13.375	14.25	0.999876477529316	0.796718908760422	0.00133856783653853	19.1862732479068	1
13.625	14.25	0.999917122792563	0.796907438511113	0.00110272663236917	18.9870573610259	1
13.875	14.25	0.999944983197572	0.797098431091751	0.000906188826663142	18.787789709327	1
14.125	14.25	0.99996419123369	0.797287648363775	0.000742677963398574	18.5884721240155	1
14.375	14.25	0.999977308102953	0.797471991960439	0.00060687126783525	18.3891067578398	1
14.625	14.25	0.9999860799871	0.797649287106475	0.000494271304763088	18.1896960075827	1
14.875	14.25	0.999991777562944	0.797818089512957	0.000401086771136006	17.9902424222648	1
15.125	14.25	0.99999534872777	0.797977520776887	0.000324126481523345	17.7907486220179	1
15.375	14.25	0.999997495778034	0.798127132511731	0.00026070731721117	17.5912172343377	1
15.625	14.25	0.999998725585962	0.798266796781894	0.000208575350686112	17.3916508468984	1
15.875	14.25	0.999999390665369	0.798396619310073	0.000165838744391962	17.1920519738038	1
16.125	14.25	0.999999725697535	0.798516871707838	0.000130910878128526	16.9924230320342	1
16.375	14.25	0.999999879434264	0.798627939190155	0.000102462233559867	16.7927663254874	1
16.625	14.25	0.999999941074	0.798730280677204	7.93797314589474e-05	16.5930840347234	1
16.875	14.25	0.999999960734097	0.798824398677557	6.07323874050135e-05	16.393378211082	1
17.125	14.25	0.999999964364206	0.798910816818371	4.57423177012969e-05	16.1936507742247	1
17.375	14.25	0.999999963946679	0.798990063319356	3.37602792011788e-05	15.9939035123814	1
17.625	14.25	0.999999964036864	0.799062659053413	2.42450431084291e-05	15.7941380847225	1
17.875	14.25	0.99999996566977	0.799129109131629	1.67460141098824e-05	15.5943560253652	1
18.125	14.25	0.999999968506221	0.799189897187204	1.08885933008365e-05	15.3945587485898	1
18.375	14.25	0.999999971886904	0.799245481703861	6.36185700174273e-06	15.1947475548978	1
18.625	14.25	0.99999997526322	0.799296293889102	2.90819333170906e-06	14.994923637604	1
18.875	14.25	0.99999997830971	0.799342736702096	3.14589098693245e-07	14.7950880897054	1
19.125	14.25	0.999999980898245	0.799385184724468	-1.59469335606363e-06	14.5952419108249	1
19.375	14.25	0.999999983030446	0.799423984646635	-2.96426649628262e-06	14.3953860140737	1
19.625	14.25	0.999999984773746	0.799459456184197	-3.91278046507623e-06	14.195521232717	1
19.875	14.25	0.999999986215886	0.799491893280698	-4.53725585287812e-06	13.9956483265619	1
20.125	14.25	0.999999987438516	0.799521565498837	-4.91671722533658e-06	13.7957679880173	1
20.375	14.25	0.999999988505961	0.799548719513439	-5.11523759334441e-06	13.5958808477905	1
20.625	14.25	0.999999989463651	0.799573580645223	-5.18448925587346e-06	13.3959874802095	1
20.875	14.25	0.999999990340116	0.79959635439855	-5.1658779085692e-06	13.1960884081672	1
21.125	14.25	0.999999991151854	0.799617227966278	-5.09232744025526e-06	12.9961841076927	1
21.375	14.25	0.999999991907616	0.799636371678332	-4.9897718284495e-06	12.7962750121635	1
21.625	14.25	0.999999992611459	0.79965394038465	-4.8783994211182e-06	12.5963615161752	1
21.875	14.25	0.999999993265361	0.799670074761588	-4.77369078258343e-06	12.396443979085	1
22.125	14.25	0.99999999387075	0.799684902531993	-4.68728329700461e-06	12.1965227282517	1
22.375	14.25	0.999999994429143	0.799698539604754	-4.6276900224904e-06	11.9965980619922	1
22.625	14.25	0.99999999494223	0.799711091131164	-4.60089571711017e-06	11.796670252274	1
22.875	14.25	0.999999995412325	0.799722652476672	-4.61085235280697e-06	11.5967395471657	1
23.125	14.25	0.999999995841917	0.799733310115542	-4.65988842798286e-06	11.3968061730626	1
23.375	14.25	0.999999996233437	0.799743142453285	-4.74904590331036e-06	11.1968703367095	1
23.625	14.25	0.999999996589682	0.79975222057718	-4.87835917136339e-06	10.9969322270329	1
23.875	14.25	0.999999996913569	0.799760608938069	-5.0470833094344e-06	10.7969920168041	1
24.125	14.25	0.999999997207474	0.799768365976571	-5.25388080266864e-06	10.597049864146	1
24.375	14.25	0.999999997473797	0.799775544691576	-5.4969737132649e-06	10.3971059138966	1
24.625	14.25	0.999999997714929	0.799782193153227	-5.77426676551813e-06	10.1971602988446	1
24.875	14.25	0.999999997933018	0.799788354971732	-6.08344749158184e-06	9.99721314084739	1
25.125	14.25	0.999999998130198	0.799794069721998	-6.42206567125704e-06	9.79726455184298	1
25.375	14.25	0.999999998308574	0.799799373325383	-6.78759620089788e-06	9.59731463476534	1
25.625	14.25	0.999999998469883	0.799804298398431	-7.17748950296842e-06	9.39736348437368	1
25.875	14.25	0.999999998615419	0.799808874568472	-7.58920967065207e-06	9.19741118800182	1
26.125	14.25	0.999999998746449	0.799813128757063	-8.02026369143505e-06	8.99745782623661	1
26.375	14.25	0.999999998864379	0.799817085436275	-8.46822392223238e-06	8.79750347353199	1
26.625	14.25	0.999999998970644	0.799820766861809	-8.93074368722313e-06	8.59754819876499	1
26.875	14.25	0.999999999066738	0.799824193283445	-9.40556771914981e-06	8.39759206573847	1
27.125	14.25	0.9999999991544	0.799827383133846	-9.89053930994984e-06	8.19763513363685	1
27.375	14.25	0.999999999235592	0.799830353200348	-1.03836041663505e-05	7.99767745743861	1
27.625	14.25	0.999999999312059	0.799833118780684	-1.08828110790789e-05	7.79771908828989	1
27.875	14.25	0.999999999384567	0.799835693822616	-1.13863111755872e-05	7.59776007384293	1
28.125	14.25	0.99999999945144	0.799838091049248	-1.18923557711461e-05	7.39780045856334	1
28.375	14.25	0.999999999506904	0.799840322074673	-1.23992926357455e-05	7.19784028400908	1
28.625	14.25	0.999999999540739	0.799842397508764	-1.29055614522601e-05	6.99787958908308	1
28.875	14.25	0.99999999954107	0.799844327049933	-1.34096887226767e-05	6.7979184102623	1
29.125	14.25	0.999999999501966	0.799846119569357	-1.39102823981929e-05	6.59795678180489	1
29.375	14.25	0.999999999437143	0.799847783188259	-1.44060263105103e-05	6.39799473593603	1
29.625	14.25	0.99999999939706	0.799849325345062	-1.48956743660572e-05	6.19803230301312	1
29.875	14.25	0.999999999479889	0.799850752853999	-1.53780446304141e-05	5.99806951167331	1
30.125	14.25	0.999999999819026	0.799852071958597	-1.58520139301479e-05	5.79810638896705	1
30.375	14.25	1.00000000052373	0.799853288379952	-1.63165118595032e-05	5.59814296048575	1
30.625	14.25	1.00000000155658	0.799854407365838	-1.6770514772355e-05	5.39817925049571	1
30.875	14.25	1.00000000256099	0.79985543374797	-1.72130395450143e-05	5.19821528208926	1
31.125	14.25	1.0000000027108	0.799856372009899	-1.76431364103459e-05	4.99825107735587	1
31.375	14.25	1.00000000073547	0.799857226365074	-1.80598823337133e-05	4.79828665755405	1
31.625	14.25	0.99999999534279	0.799858000826325	-1.84623751093287e-05	4.59832204322749	1
31.875	14.25	0.999999986235904	0.799858699226871	-1.88497295197499e-05	4.39835725417081	1
32.125	14.25	0.99999997570319	0.799859325141662	-1.92210788935039e-05	4.19839230913519	1
32.375	14.25	0.999999970255064	0.799859881657581	-1.95755820326006e-05	3.99842722521922	1
32.625	14.25	0.99999998102485	0.799860371002093	-1.99124334582092e-05	3.79846201707328	1
32.875	14.25	1.00000002092324	0.799860794167871	-2.02308702909163e-05	3.59849669636507	1
33.125	14.25	1.00000009648898	0.79986115085777	-2.05301615841652e-05	3.39853127235005	1
33.375	14.25	1.00000019399185	0.799861440262856	-2.0809562268355e-05	3.19856575462202	1
33.625	14.25	1.0000002635377	0.799861663177094	-2.10682201497351e-05	2.99860015877202	1
33.875	14.25	1.00000021171312	0.799861825522215	-2.13050458635466e-05	2.79863451425722	1
34.125	14.25	0.999999920532038	0.799861942268136	-2.15185970960374e-05	2.59866887097941	1
34.375	14.25	0.999999312580318	0.79986203898718	-2.17070857234367e-05	2.39870329737229	1
34.625	14.25	0.999998470483524	0.799862146482266	-2.18686533743679e-05	2.19873786008676	1
34.875	14.25	0.99999778396853	0.799862283511913	-2.20020282886334e-05	1.99877257729405	1
35.125	14.25	0.999998037667612	0.79986242589823	-2.21075142537396e-05	1.79880734897055	1
35.375	14.25	1.00000028380403	0.799862469568017	-2.21879266969474e-05	1.5988418916178	1
35.625	14.25	1.0000053126575	0.799862210703858	-2.22486482726203e-05	1.39887573879389	1
35.875	14.25	1.00001261922726	0.799861383679857	-2.2295647267976e-05	1.19890839724789	1
36.125	14.25	1.00001905524238	0.799859804324898	-2.23305067461336e-05	0.998939739435414	1
36.375	14.25	1.00001788676639	0.799857641738597	-2.23427868298292e-05	0.798970622663255	1
36.625	14.25	0.999999626927694	0.799855763828085	-2.2302660767399e-05	0.599003517646147	1
36.875	14.25	0.999956387595779	0.799855956834877	-2.21603036600621e-05	0.399042620556395	1
37.125	14.25	0.999890889156502	0.799878030409075	-2.1861614371433e-05	0.199092639799644	1
37.375	14.25	0.999828840314869	0.399887977472315	-2.1460009811557e-05	-0.000853202355615744	1
0.125	14.75	0.000480700285604374	0.799970184774863	-0.00225866836841538	22.8280139671522	1
0.375	14.75	0.000481118231267217	0.800489181984268	-0.00208779608283069	22.8278321610821	1
0.625	14.75	0.0004819022982442	0.800809227909637	-0.00181839196564996	22.8275673331296	1
0.875	14.75	0.000482756598795816	0.801113558194284	-0.00142335860435297	22.827221212983	1
1.125	14.75	0.000482964405076929	0.801370562641197	-0.000890558394386434	22.8268018198771	1
1.375	14.75	0.000481270371486484	0.80153507171729	-0.000267718917140261	22.8263276020764	1
1.625	14.75	0.000475895938295685	0.801560836142187	0.000318400002312907	22.8258301440982	1
1.875	14.75	0.000464771835787828	0.801427081891139	0.000705522428427136	22.8253520237531	1
2.125	14.75	0.000446051671790969	0.801169663983223	0.000841799019218616	22.824936012634	1
2.375	14.75	0.000418917572910972	0.800884057224003	0.000917464360041322	22.8246067537965	1
2.625	14.75	0.000384614263282241	0.800671134562464	0.00118269526473597	22.8243579303949	1
2.875	14.75	0.000347580604222878	0.800563573968781	0.00156689929046262	22.8241611219624	1
3.125	14.75	0.000316517487318547	0.800514296397216	0.001782691785227	22.8239898193604	1
3.375	14.75	0.000305239290635573	0.800448624180813	0.00173751636756357	22.8238334962234	1
3.625	14.75	0.000333167576732648	0.800307594517785	0.00153732320177364	22.8236943783272	1
3.875	14.75	0.000425308925197938	0.800053418071349	0.00129143214800485	22.8235794870847	1
4.125	14.75	0.000611522749259906	0.799663585177049	0.00102127566301538	22.8234954755751	1
4.375	14.75	0.000924865889670147	0.799131341345199	0.000670162335148706	22.8234445638697	1
4.625	14.75	0.00139886594066658	0.798467393876289	0.000152710691530778	22.8234198991913	1
4.875	14.75	0.0020638479536181	0.79769778912078	-0.000607805044866384	22.8234013432891	1
5.125	14.75	0.00294301324873034	0.796860616119789	-0.00166393649122984	22.8233524486716	1
5.375	14.75	0.00404974947277879	0.796004561403078	-0.00303903386685335	22.8232176673994	1
5.625	14.75	0.00538844216314099	0.795188829349195	-0.00472408136115991	22.8229178808899	1
5.875	14.75	0.0069618988115625	0.794482534015122	-0.00667344294025117	22.8223419572728	1
6.125	14.75	0.00878974946174949	0.793962280620617	-0.00879963881409348	22.8213314082767	1
6.375	14.75	0.0109443547167689	0.793707455030497	-0.010968919451908	22.8196540755187	1
6.625	14.75	0.0136143976649075	0.793793100024755	-0.0130002253420854	22.8169612733259	1
6.875	14.75	0.017212004124186	0.794280151168529	-0.0146703446024263	22.8127213790127	1
7.125	14.75	0.0225466656379865	0.795202002540132	-0.0157278555520121	22.806122532538	1
7.375	14.75	0.0310945905715135	0.796544462049517	-0.0159177196904175	22.795940208902	1
7.625	14.75	0.0453807292651276	0.79821340708655	-0.0150171903116557	22.7803763798438	1
7.875	14.75	0.0694229717566615	0.799984322314573	-0.0128825455492239	22.7569025134518	1
8.125	14.75	0.108986488385265	0.801442560253699	-0.00950564726715855	22.7221848249049	1
8.375	14.75	0.170993361530598	0.801976812692599	-0.00507680285555054	22.6722302603442	1
8.625	14.75	0.261046476157941	0.800978341416385	-3.47592729072624e-05	22.6029191576579	1
8.875	14.75	0.378712069901874	0.798354348305917	0.00495266130973071	22.5109784833093	1
9.125	14.75	0.513340833082453	0.794978610626509	0.00914910100947053	22.395113024496	1
9.375	14.75	0.646212082578293	0.792255899917325	0.0120205628390486	22.2566437843864	1
9.625	14.75	0.759858303279757	0.790978142445244	0.0134246202705273	22.0991239739458	1
9.875	14.75	0.845961110733156	0.790914901616915	0.0135708727497961	21.9271415365692	1
10.125	14.75	0.905421024965939	0.791424152077105	0.012834021733596	21.7450898010365	1
10.375	14.75	0.943826111459747	0.792037111872995	0.0115861305400786	21.5564759095228	1
10.625	14.75	0.967475157702951	0.792566422555165	0.0101166730365156	21.363784405915	1
10.875	14.75	0.981533799021338	0.79299006816957	0.0086193261868275	21.1686400719971	1
11.125	14.75	0.989664453060955	0.79334195512862	0.00720825049496835	20.9720482613466	1
11.375	14.75	0.994261571536851	0.793659298183108	0.00594098829118884	20.7746062694598	1
11.625	14.75	0.996812735108398	0.79396706389981	0.00483858478677759	20.5766576813099	1
11.875	14.75	0.998208960020894	0.794277671924126	0.00390051950633773	20.3783948474728	1
12.125	14.75	0.998968150603119	0.794594769111057	0.00311478931001124	20.179923100796	1
12.375	14.75	0.999383108456128	0.794916966178817	0.00246426175507474	19.9812993727105	1
12.625	14.75	0.999614897090725	0.795240522620997	0.00193042560752003	19.7825546174652	1
12.875	14.75	0.999749721345572	0.795561012606399	0.00149543829091106	19.5837063907415	1
13.125	14.75	0.999832547947553	0.79587424690246	0.00114311674610478	19.3847656392803	1
13.375	14.75	0.999886380580142	0.796176712708174	0.000859306890043289	19.1857401998656	1
13.625	14.75	0.999922943700897	0.796465724329371	0.000631910429160091	18.98663649795	1
13.875	14.75	0.999948377602751	0.796739413086556	0.000450739702222627	18.7874603062908	1
14.125	14.75	0.999966137528383	0.796996637118586	0.000307300214252233	18.5882170420302	1
14.375	14.75	0.999978391454136	0.797236859405156	0.000194555810854875	18.3889118562566	1
14.625	14.75	0.999986653741629	0.797460021397022	0.000106704453729361	18.1895496429985	1
14.875	14.75	0.999992056017739	0.797666426512772	3.89769618569096e-05	17.9901350258276	1
15.125	14.75	0.99999546144411	0.79785663978495	-1.25374392388229e-05	17.7906723451978	1
15.375	14.75	0.999997520125132	0.798031405323855	-5.10392420399613e-05	17.591165653233	1
15.625	14.75	0.999998706699881	0.798191580773474	-7.91428914252533e-05	17.3916187159904	1
15.875	14.75	0.999999353917227	0.798338086754375	-9.89802168143127e-05	17.1920350211884	1
16.125	14.75	0.999999684555886	0.798471868879105	-0.000112286171505824	16.9924177893141	1
16.375	14.75	0.99999984041284	0.798593869957071	-0.000120469724489979	16.7927699865665	1
16.625	14.75	0.999999906802582	0.798705010252338	-0.000124672380082455	16.5930943386717	1
16.875	14.75	0.99999993181539	0.798806173965931	-0.00012581643297982	16.3933933450323	1
17.125	14.75	0.999999940453091	0.798898200459899	-0.00012464472546158	16.1936692929321	1
17.375	14.75	0.999999944343426	0.798981879041393	-0.000121753376744275	15.9939242716357	1
17.625	14.75	0.999999947986864	0.799057946373966	-0.000117618709583915	15.7941601862712	1
17.875	14.75	0.999999952494788	0.799127085805448	-0.000112619383971207	15.5943787713987	1
18.125	14.75	0.999999957645979	0.799189928064952	-0.000107054578277235	15.3945816041642	1
18.375	14.75	0.999999962897443	0.799247052909922	-0.000101158913219344	15.1947701169457	1
18.625	14.75	0.99999996779832	0.799298991414411	-9.51146897657245e-05	14.9949456094088	1
18.875	14.75	0.999999972099148	0.799346228659529	-8.90619178234737e-05	14.7951092599053	1
19.125	14.75	0.999999975728497	0.799389206646639	-8.31065263445335e-05	14.5952621361709	1
19.375	14.75	0.999999978729685	0.799428327311392	-7.73270758908015e-05	14.3954052052954	1
19.625	14.75	0.999999981201229	0.7994639555391	-7.17802426706134e-05	14.195539342961	1
19.875	14.75	0.999999983254486	0.799496422110816	-6.6505291608817e-05	13.9956653419581	1
20.125	14.75	0.999999984989791	0.799526026542603	-6.15277187074896e-05	13.7957839200022	1
20.375	14.75	0.999999986486645	0.799553039781365	-5.68622117553239e-05	13.5958957268821	1
20.625	14.75	0.999999987803096	0.799577706737167	-5.25150523704595e-05	13.3960013509787	1
20.875	14.75	0.999999988978544	0.799600248648946	-4.84860584908482e-05	13.1961013251934	1
21.125	14.75	0.99999999003886	0.799620865275053	-4.47701514309555e-05	12.9961961323302	1
21.375	14.75	0.999999991000809	0.79963973691232	-4.13586160496051e-05	12.7962862099721	1
21.625	14.75	0.999999991875261	0.799657026250803	-3.82401084734675e-05	12.596371954895	1
21.875	14.75	0.999999992670118	0.799672880069123	-3.54014591928173e-05	12.3964537270561	1
22.125	14.75	0.999999993391675	0.799687430777676	-3.28283085569814e-05	12.1965318531963	1
22.375	14.75	0.99999999404551	0.799700797825683	-3.05056063206087e-05	11.9966066300911	1
22.625	14.75	0.999999994636972	0.799713088976111	-2.84180000858569e-05	11.796678327481	1
22.875	14.75	0.999999995171299	0.799724401458177	-2.65501350888971e-05	11.596747190714	1
23.125	14.75	0.999999995653337	0.799734823013418	-2.48868814595623e-05	11.3968134431257	1
23.375	14.75	0.999999996087672	0.799744432839142	-2.3413502263081e-05	11.1968772881828	1
23.625	14.75	0.999999996478851	0.79975330243825	-2.21157767715925e-05	10.9969389114141	1
23.875	14.75	0.999999996831119	0.799761496384852	-2.09800854645345e-05	10.7969984821482	1
24.125	14.75	0.99999999714792	0.799769073017223	-1.99934650675833e-05	10.5970561550792	1
24.375	14.75	0.999999997432614	0.799776085060248	-1.91436418058527e-05	10.3971120716749	1
24.625	14.75	0.99999999768845	0.79978258018251	-1.84190455760298e-05	10.1971663614457	1
24.875	14.75	0.99999999791816	0.799788601500675	-1.78088102308769e-05	9.99721914308694	1
25.125	14.75	0.999999998124382	0.799794188033765	-1.73027637924617e-05	9.79727052550736	1
25.375	14.75	0.999999998309763	0.799799375107161	-1.68914099051612e-05	9.59732060875557	1
25.625	14.75	0.999999998476418	0.799804194718955	-1.65659039033754e-05	9.3973694848555	1
25.875	14.75	0.999999998625955	0.799808675870586	-1.63180249325476e-05	9.19741723855843	1
26.125	14.75	0.999999998760001	0.799812844860822	-1.61401451969395e-05	8.99746394802103	1
26.375	14.75	0.999999998880197	0.799816725550483	-1.60251978096153e-05	8.79750968541701	1
26.625	14.75	0.999999998988029	0.799820339602694	-1.59666436123357e-05	8.59755451748899	1
26.875	14.75	0.999999999085067	0.799823706697568	-1.59584377600781e-05	8.39759850604576	1
27.125	14.75	0.999999999173188	0.799826844723637	-1.59949970607801e-05	8.19764170841171	1
27.375	14.75	0.99999999925443	0.7998297699527	-1.60711680213723e-05	7.99768417783267	1
27.625	14.75	0.99999999933062	0.799832497196977	-1.61821954591879e-05	7.79772596384212	1
27.875	14.75	0.999999999402633	0.79983503994843	-1.63236927849406e-05	7.59776711259221	1
28.125	14.75	0.999999999468893	0.799837410504493	-1.64916138760343e-05	7.39780766715379	1
28.375	14.75	0.999999999523688	0.799839620083885	-1.66822258471473e-05	7.19784766778792	1
28.625	14.75	0.999999999556889	0.7998416789306	-1.68920834099679e-05	6.99788715219121	1
28.875	14.75	0.999999999556808	0.799843596405373	-1.71180049489769e-05	6.79792615571788	1
29.125	14.75	0.999999999517681	0.799845381068686	-1.73570500428417e-05	6.59796471158016	1
29.375	14.75	0.99999999945307	0.799847040757259	-1.76064984418108e-05	6.3980028510278	1
29.625	14.75	0.99999999941294	0.799848582650352	-1.78638304105745e-05	6.1980406035071	1
29.875	14.75	0.999999999494568	0.799850013326346	-1.81267082998839e-05	5.99807799680252	1
30.125	14.75	0.999999999830051	0.799851338814931	-1.83929601522255e-05	5.79811505716504	1
30.375	14.75	1.00000000052759	0.799852564645058	-1.86605635936865e-05	5.59815180943447	1
30.625	14.75	1.00000000154994	0.799853695892336	-1.89276304620234e-05	5.39818827716828	1
30.875	14.75	1.00000000254359	0.799854737234968	-1.91923927992845e-05	5.19822448278775	1
31.125	14.75	1.00000000268986	0.799855693020446	-1.94531883766406e-05	4.99826044774386	1
31.375	14.75	1.00000000072992	0.799856567341747	-1.97084471316411e-05	4.79829619268441	1
31.625	14.75	0.999999995383832	0.799857364106411	-1.99566796965853e-05	4.59833173756594	1
31.875	14.75	0.999999986359037	0.799858087056573	-2.01964683962246e-05	4.39836710161652	1
32.125	14.75	0.999999975926357	0.799858739689468	-2.04264642686837e-05	4.19840230304114	1
32.375	14.75	0.99999997054244	0.799859325029884	-2.06453904263105e-05	3.99843735841549	1
32.625	14.75	0.999999981246248	0.799859845261721	-2.08520484891165e-05	3.79847228189456	1
32.875	14.75	1.00000002083483	0.799860301354382	-2.10453226119933e-05	3.59850708468081	1
33.125	14.75	1.00000009577787	0.799860693007945	-2.12241660627447e-05	3.39854177558829	1
33.375	14.75	1.00000019243076	0.799861019424217	-2.13875512092362e-05	3.19857636376858	1
33.625	14.75	1.00000026126624	0.799861281403357	-2.1534371777902e-05	2.99861086432127	1
33.875	14.75	1.00000020958326	0.799861484841923	-2.16633072306774e-05	2.79864530609598	1
34.125	14.75	0.999999920324496	0.79986164462395	-2.1772703558518e-05	2.59867973821264	1
34.375	14.75	0.999999316756982	0.799861786164456	-2.18605835134722e-05	2.39871422815618	1
34.625	14.75	0.999998481091343	0.799861940080117	-2.19249365291863e-05	2.19874884160978	1
34.875	14.75	0.999997800510599	0.799862125040491	-2.19644090217503e-05	1.99878359610525	1
35.125	14.75	0.99999805436523	0.79986231709113	-2.19793425326049e-05	1.79881839182618	1
35.375	14.75	1.00000028771072	0.799862412931285	-2.19727533946774e-05	1.59885294681227	1
35.625	14.75	1.00000528524233	0.799862210153305	-2.19503796499231e-05	1.39888679750353	1
35.875	14.75	1.00001254451547	0.799861444854569	-2.19185596057561e-05	1.19891945380216	1
36.125	14.75	1.00001893610285	0.799859933892047	-2.18789138709098e-05	0.99895078892616	1
36.375	14.75	1.00001776618282	0.799857844964802	-2.18201414956998e-05	0.798981654472118	1
36.625	14.75	0.999999602875389	0.799856040210531	-2.17100425875217e-05	0.599014505039959	1
36.875	14.75	0.999956600908472	0.799856294525247	-2.14947298105382e-05	0.399053509976848	1
37.125	14.75	0.999891460012543	0.799878327500843	-2.11153823987463e-05	0.199103348614823	1
37.375	14.75	0.999829741022257	0.399888193716871	-2.06351465624056e-05	-0.000842727625595923	1
0.125	15.25	0.000491336547346211	0.799929070020424	-0.00293803345321366	22.8279562953865	1
0.375	15.25	0.000491741354215513	0.800383284311001	-0.00272805341512047	22.8277892396853	1
0.625	15.25	0.000492489548381218	0.800640081439583	-0.0024963539881485	22.8275568122751	1
0.875	15.25	0.00049326921720473	0.800898233516681	-0.0021241881724449	22.8272568452613	1
1.125	15.25	0.000493344469109385	0.80112959305017	-0.00157628686117177	22.8268924455981	1
1.375	15.25	0.000491442787244867	0.801291356514239	-0.000899862916843908	22.8264763300008	1
1.625	15.25	0.000485777862116958	0.801336724917513	-0.000257451784952047	22.8260338981983	1
1.875	15.25	0.000474291329088231	0.801240627662727	0.000106371278078107	22.8256022758511	1
2.125	15.25	0.000455176188153781	0.801036587005914	5.18325442405355e-05	22.8252203980548	1
2.375	15.25	0.000427691246488009	0.800827993751775	-0.00020302539212915	22.8249088907279	1
2.625	15.25	0.000393201345910876	0.800725093888972	-0.00017861714084383	22.8246537384359	1
2.875	15.25	0.000356311673445068	0.800747628356336	0.000316778417017286	22.8244179683169	1
3.125	15.25	0.000325935986431732	0.800819512748388	0.000996527310607587	22.8241739455692	1
3.375	15.25	0.000316148329975681	0.800852968769004	0.00153059361168301	22.8239169512849	1
3.625	15.25	0.000346680310103888	0.800797050376369	0.00182297032294615	22.8236550368771	1
3.875	15.25	0.000442909216865138	0.800625752019762	0.00194165773176559	22.8233978051641	1
4.125	15.25	0.000635146074787231	0.800318980106071	0.00196403989510002	22.8231523353639	1
4.375	15.25	0.000957018120547029	0.799858943863368	0.00188381276972748	22.8229224036538	1
4.625	15.25	0.00144281689055716	0.799234457682695	0.00162387806783044	22.8227071252638	1
4.875	15.25	0.0021239727582535	0.798443770859432	0.00109105259345722	22.8224985751785	1
5.125	15.25	0.00302541909345231	0.797494656501423	0.000211208678799191	22.8222791648255	1
5.375	15.25	0.00416344329760043	0.796404486899479	-0.00105933143775743	22.8220184595249	1
5.625	15.25	0.00554749253460352	0.795201713404956	-0.0027297165758351	22.8216676873717	1
5.875	15.25	0.00718933964808591	0.793928063529011	-0.00476843487111845	22.8211492570094	1
6.125	15.25	0.00912440041661474	0.792640118888285	-0.00709433336671039	22.8203378223942	1
6.375	15.25	0.0114523668001497	0.791409184586224	-0.00956775935727533	22.8190283692067	1
6.625	15.25	0.0144082662925104	0.790318562220953	-0.0119859216069765	22.8168854354838	1
6.875	15.25	0.0184810409446078	0.789457068085398	-0.0140868453339957	22.8133664002028	1
7.125	15.25	0.024604068916067	0.788906601852747	-0.0155659525941848	22.8076120404066	1
7.375	15.25	0.0344454114752146	0.788719477400523	-0.0161079530869404	22.7983019907511	1
7.625	15.25	0.0508064678718236	0.788878747285538	-0.0154343339482389	22.7834863190772	1
7.875	15.25	0.0780492513009213	0.789236614145167	-0.0133642828671852	22.7604342320109	1
8.125	15.25	0.122232006971515	0.789447130713818	-0.00988560318168519	22.7255917451544	1
8.375	15.25	0.190201132887453	0.788974257816023	-0.00522859598167168	22.6747993096243	1
8.625	15.25	0.286615392825593	0.787340686355443	8.41804579169835e-05	22.6039282884189	1
8.875	15.25	0.409014944955245	0.784664192476394	0.00528185607413486	22.5099361527033	1
9.125	15.25	0.544579670483075	0.781965438876024	0.00955408975674397	22.3919647521798	1
9.375	15.25	0.674096301906125	0.780507482135221	0.012357152673968	22.2517964262976	1
9.625	15.25	0.781771639869324	0.780721691682142	0.0135904087413546	22.0932584786519	1
9.875	15.25	0.861560590920579	0.782101064568781	0.0135180604342568	21.920953913796	1
10.125	15.25	0.915772128112983	0.783912807774019	0.0125575086998528	21.7391173177475	1
10.375	15.25	0.95037442891868	0.785687048352683	0.0111071636021922	21.5510491877082	1
10.625	15.25	0.97148640835454	0.787246459868527	0.00946997687574721	21.3590583580387	1
10.875	15.25	0.9839366810286	0.78857338260566	0.00784434031236897	21.1646489567018	1
11.125	15.25	0.991080685021143	0.789705276814299	0.00634361764126517	20.9687553714065	1
11.375	15.25	0.99508597995173	0.790686105919987	0.00502145180792004	20.771939568975	1
11.625	15.25	0.997287940229825	0.791551043767981	0.00389356854973861	20.5745322785513	1
11.875	15.25	0.998480744283249	0.792324785812162	0.00295379132607851	20.376725826302	1
12.125	15.25	0.99912265381286	0.793023818532401	0.0021847549095414	20.1786320787827	1
12.375	15.25	0.999470547915554	0.793659080237479	0.00156457618627373	19.9803172786377	1
12.625	15.25	0.999664222665018	0.794238038604625	0.0010707228669233	19.7818223376925	1
12.875	15.25	0.999777471074584	0.794766099743916	0.000682062718715975	19.5831743065877	1
13.125	15.25	0.99984810537728	0.795247494123743	0.000379795158480363	19.3843926580569	1
13.375	15.25	0.999895048157782	0.795685802194792	0.000147734887127272	19.1854926176714	1
13.625	15.25	0.999927714660043	0.796084247472102	-2.77536550822948e-05	18.9864868723198	1
13.875	15.25	0.999950945021384	0.796445846496313	-0.00015798964363561	18.7873864235127	1
14.125	15.25	0.999967463244613	0.796773475006875	-0.000252272362769812	18.5882010117645	1
14.375	15.25	0.999979024690431	0.797069888307864	-0.000318184134246386	18.3889393384394	1
14.625	15.25	0.999986909181388	0.797337719273985	-0.000361871717454316	18.189609198543	1
14.875	15.25	0.999992113691513	0.797579467797006	-0.000388294664565916	17.990217577072	1
15.125	15.25	0.999995423301502	0.797797489249319	-0.000401437985861965	17.7907707306588	1
15.375	15.25	0.999997442549013	0.79799398563505	-0.000404490887466709	17.5912742618917	1
15.625	15.25	0.999998619510066	0.798171000775354	-0.000399995234561444	17.3917331878806	1
15.875	15.25	0.999999271640298	0.798330419599998	-0.000389967935150925	17.1921520028637	1
16.125	15.25	0.999999613159744	0.798473970979235	-0.000376001323906027	16.9925347345292	1
16.375	15.25	0.999999781317302	0.798603233300066	-0.000359345213390288	16.7928849941011	1
16.625	15.25	0.99999985922538	0.798719641985513	-0.000340973789683626	16.5932060206026	1
16.875	15.25	0.999999894095047	0.798824498242461	-0.000321640039619271	16.3935007199269	1
17.125	15.25	0.999999910749687	0.798918978466351	-0.000301919949643998	16.1937716994125	1
17.375	15.25	0.999999920971083	0.799004143865946	-0.000282248335658363	15.9940212985724	1
17.625	15.25	0.999999929537957	0.799080949992523	-0.000262947839074707	15.7942516165391	1
17.875	15.25	0.999999937855493	0.799150255961622	-0.00024425234816077	15.5944645366785	1
18.125	15.25	0.999999945962227	0.7992128332239	-0.000226325881776227	15.3946617487289	1
18.375	15.25	0.999999953524475	0.799269373804236	-0.000209277784008045	15.1948447687477	1
18.625	15.25	0.999999960251088	0.799320497967859	-0.000193174922014999	14.9950149570899	1
18.875	15.25	0.999999966010243	0.799366761296522	-0.000178051456059637	14.7951735346052	1
19.125	15.25	0.99999997081554	0.79940866118191	-0.000163916642386585	14.5953215972169	1
19.375	15.25	0.999999974771897	0.799446642754928	-0.000150761044522714	14.3954601290242	1
19.625	15.25	0.999999978023038	0.799481104273752	-0.000138561462067349	14.1955900140643	1
19.875	15.25	0.999999980713804	0.799512402005161	-0.000127284822490683	13.9957120468564	1
20.125	15.25	0.999999982970307	0.799540854636613	-0.000116891238979922	13.7958269418423	1
20.375	15.25	0.99999998489264	0.799566747247559	-0.000107336398453113	13.5959353418319	1
20.625	15.25	0.999999986555466	0.79959033487843	-9.85734118318465e-05	13.3960378255523	1
20.875	15.25	0.999999988011868	0.7996118457374	-9.05542336401326e-05	13.1961349143927	1
21.125	15.25	0.999999989299125	0.799631484069205	-8.32307386895596e-05	12.9962270784268	1
21.375	15.25	0.999999990443619	0.799649432722043	-7.65555256113081e-05	12.7963147417902	1
21.625	15.25	0.999999991464148	0.799665855444555	-7.04825029837481e-05	12.5963982874818	1
21.875	15.25	0.999999992375238	0.799680898936128	-6.49673059746773e-05	12.3964780616474	1
22.125	15.25	0.999999993188778	0.799694694673973	-5.99675780297734e-05	12.1965543774058	1
22.375	15.25	0.999999993914951	0.799707360546591	-5.54431481490733e-05	11.9966275182636	1
22.625	15.25	0.999999994562877	0.799719002309294	-5.13561277629449e-05	11.7966977411646	1
22.875	15.25	0.999999995140776	0.799729714878471	-4.76709457820036e-05	11.5967652792127	1
23.125	15.25	0.999999995656	0.79973958348941	-4.43543372546072e-05	11.396830344106	1
23.375	15.25	0.999999996115328	0.799748684726521	-4.13752962998067e-05	11.1968931283096	1
23.625	15.25	0.999999996524873	0.799757087439969	-3.87050054290666e-05	10.9969538069998	1
23.875	15.25	0.999999996890134	0.799764853563895	-3.6316747041056e-05	10.7970125398013	1
24.125	15.25	0.999999997215833	0.799772038845931	-3.4185801954554e-05	10.5970694723421	1
24.375	15.25	0.999999997506265	0.799778693497379	-3.22893424308996e-05	10.3971247376446	1
24.625	15.25	0.99999999776531	0.799784862772049	-3.06063213819614e-05	10.1971784573705	1
24.875	15.25	0.999999997996262	0.799790587483145	-2.91173597243932e-05	9.99723074293717	1
25.125	15.25	0.999999998202235	0.799795904465352	-2.78046359663548e-05	9.79728169651671	1
25.375	15.25	0.999999998386203	0.799800846984795	-2.6651777942249e-05	9.59733141193225	1
25.625	15.25	0.99999999855057	0.799805445106553	-2.56437579742337e-05	9.3973799754623	1
25.875	15.25	0.999999998697276	0.799809726023839	-2.47667930740179e-05	9.19742746656208	1
26.125	15.25	0.999999998828214	0.799813714349833	-2.40082498886415e-05	8.99747395851134	1
26.375	15.25	0.999999998945112	0.799817432379156	-2.33565545828686e-05	8.79751951899661	1
26.625	15.25	0.999999999049461	0.799820900323414	-2.2801108207237e-05	8.59756421063467	1
26.875	15.25	0.999999999142913	0.799824136520329	-2.23322077112168e-05	8.3976080914427	1
27.125	15.25	0.999999999227414	0.799827157619695	-2.19409717563594e-05	8.197651215262	1
27.375	15.25	0.999999999305005	0.799829978752765	-2.16192716978147e-05	7.99769363213956	1
27.625	15.25	0.999999999377594	0.799832613683364	-2.13596675972377e-05	7.7977353886712	1
27.875	15.25	0.999999999446164	0.799835074940966	-2.11553490870644e-05	7.59777652831126	1
28.125	15.25	0.999999999509147	0.799837373941185	-2.1000080669449e-05	7.3978170916526	1
28.375	15.25	0.999999999560867	0.799839521096408	-2.08881507362037e-05	7.19785711667932	1
28.625	15.25	0.999999999591385	0.799841525913789	-2.08143249632306e-05	6.99789663899469	1
28.875	15.25	0.999999999589172	0.799843397081713	-2.07738037958546e-05	6.79793569202716	1
29.125	15.25	0.999999999548456	0.799845142548544	-2.07621828812339e-05	6.59797430721582	1
29.375	15.25	0.99999999948255	0.799846769594488	-2.07754164952122e-05	6.39801251417608	1
29.625	15.25	0.999999999440963	0.799848284893511	-2.08097846248536e-05	6.19805034084593	1
29.875	15.25	0.999999999520152	0.79984969456565	-2.08618624808768e-05	5.99808781361583	1
30.125	15.25	0.999999999850898	0.799851004225858	-2.09284927912397e-05	5.79812495744646	1
30.375	15.25	1.00000000054022	0.799852219029248	-2.10067600591215e-05	5.59816179598093	1
30.625	15.25	1.00000000155112	0.799853343714218	-2.10939665419039e-05	5.39819835166402	1
30.875	15.25	1.00000000253327	0.799854382655348	-2.11876103310427e-05	5.19823464587979	1
31.125	15.25	1.00000000267557	0.799855339928231	-2.12853639291075e-05	4.99827069910885	1
31.375	15.25	1.00000000073089	0.799856219382166	-2.13850541734602e-05	4.7983065310872	1
31.625	15.25	0.999999995431557	0.799857024706469	-2.14846453878784e-05	4.5983421609115	1
31.875	15.25	0.999999986489107	0.799857759448649	-2.15822257276555e-05	4.39837760699641	1
32.125	15.25	0.999999976156188	0.799858426933432	-2.16759996175722e-05	4.19841288677776	1
32.375	15.25	0.999999970834315	0.799859030036894	-2.17642871983608e-05	3.99844801610723	1
32.625	15.25	0.999999981466084	0.799859570819344	-2.18455277462237e-05	3.79848300846354	1
32.875	15.25	1.00000002073324	0.799860050152054	-2.19182811122439e-05	3.598517874422	1
33.125	15.25	1.0000000950374	0.799860467662517	-2.19812108934085e-05	3.39855262221087	1
33.375	15.25	1.0000001908264	0.799860822498134	-2.20330307840191e-05	3.19858726041092	1
33.625	15.25	1.00000025895646	0.799861115403947	-2.20724025342079e-05	2.99862180351532	1
33.875	15.25	1.00000020746647	0.799861352191113	-2.20977949983963e-05	2.79865627966214	1
34.125	15.25	0.999999920258112	0.799861547595714	-2.21073621115397e-05	2.59869073709517	1
34.375	15.25	0.999999321288782	0.799861726812215	-2.20989553276165e-05	2.39872524226723	1
34.625	15.25	0.999998492300065	0.799861920207844	-2.20704262573632e-05	2.19875985982768	1
34.875	15.25	0.999997817760924	0.799862146304143	-2.20203471431691e-05	1.99879460663443	1
35.125	15.25	0.999998071423248	0.799862381327037	-2.19490928432312e-05	1.79882938309688	1
35.375	15.25	1.0000002907658	0.799862522737566	-2.18598600540569e-05	1.59886390888396	1
35.625	15.25	1.0000052546233	0.799862369574146	-2.17587049885066e-05	1.39889772347697	1
35.875	15.25	1.0000124634219	0.799861659733903	-2.16522934208397e-05	1.19893034009647	1
36.125	15.25	1.00001880812046	0.799860211164917	-2.15422655039969e-05	0.998961632738497	1
36.375	15.25	1.00001763830053	0.799858190093301	-2.14165117391419e-05	0.798992446900514	1
36.625	15.25	0.999999581848971	0.799856452492581	-2.1240630274955e-05	0.599025219995726	1
36.875	15.25	0.999956840612277	0.799856761073539	-2.09569687369806e-05	0.399064092705533	1
37.125	15.25	0.999892092787572	0.799878732600463	-2.0502318009778e-05	0.199113713137285	1
37.375	15.25	0.999830738231366	0.399888515283181	-1.99488536127484e-05	-0.00083263356723569	1
0.125	15.75	0.000501418312073168	0.799875449815246	-0.0033461668694163	22.8278343287261	1
0.375	15.75	0.000501809484211099	0.800258749868033	-0.00314325412399957	22.8276889010006	1
0.625	15.75	0.000502521561250994	0.80046631506022	-0.00293509731897632	22.8274920407012	1
0.875	15.75	0.000503228552163683	0.800695176036173	-0.00254851779789426	22.8272380330968	1
1.125	15.75	0.000503179137842094	0.800931275161751	-0.00191011671763019	22.8269230897642	1
1.375	15.75	0.000501089843177971	0.801142728455499	-0.00103600514849867	22.8265491877312	1
1.625	15.75	0.000495176016808894	0.801278338578684	-8.75077250107067e-05	22.8261291961482	1
1.875	15.75	0.000483403497110032	0.801278873895553	0.000614549310181588	22.8256916775068	1
2.125	15.75	0.000464022260594688	0.801113798761154	0.000748949199669269	22.8252806258846	1
2.375	15.75	0.000436389025167625	0.800836882497013	0.000363929869838347	22.8249412587434	1
2.625	15.75	0.000402011066074104	0.800596070919666	3.30862994464564e-05	22.8246900671034	1
2.875	15.75	0.000365680027906371	0.800532047821807	0.000248290021545064	22.8244950949746	1
3.125	15.75	0.000336543138756301	0.800658488261598	0.000850179161732519	22.8242977113534	1
3.375	15.75	0.000328972870862662	0.800873496937478	0.00145301867133151	22.8240526409349	1
3.625	15.75	0.00036310214861471	0.801051406447382	0.00191202416471916	22.823744090241	1
3.875	15.75	0.000464866396605166	0.801099765175877	0.00227808271873121	22.8233794731784	1
4.125	15.75	0.000665354105355604	0.800969204532784	0.00261052607167164	22.8229764529533	1
4.375	15.75	0.000999254761801464	0.800638830440422	0.00288301653589178	22.822552034589	1
4.625	15.75	0.00150228653962989	0.800095902271716	0.00300448837698523	22.822117638102	1
4.875	15.75	0.00220782300144713	0.799324020070938	0.00287267022790598	22.8216789145596	1
5.125	15.75	0.00314359819925578	0.798302049252171	0.0024050153285993	22.8212367046672	1
5.375	15.75	0.0043302345915054	0.797008979611574	0.00154642535240889	22.8207861031644	1
5.625	15.75	0.00578424302008485	0.795430712259667	0.000271029817362597	22.8203112711101	1
5.875	15.75	0.00752919047858728	0.793567270561848	-0.00141175505691939	22.819773321152	1
6.125	15.75	0.00962030996487785	0.791440007850727	-0.00344621661326472	22.8190875898404	1
6.375	15.75	0.0121904529519548	0.789098238299645	-0.00571813436065055	22.8180852974979	1
6.625	15.75	0.0155295360576733	0.786624001409798	-0.00804638628737745	22.8164532632996	1
6.875	15.75	0.0202158728229234	0.784132519707651	-0.0101838154797013	22.8136445579289	1
7.125	15.75	0.0273247502273613	0.781764102334595	-0.0118325045188605	22.808754171587	1
7.375	15.75	0.038740115585499	0.779660683918181	-0.0126767887214832	22.8003600336443	1
7.625	15.75	0.0575661141756461	0.777918176237387	-0.0124338153174746	22.7863465160206	1
7.875	15.75	0.0885214711818722	0.776510651957765	-0.0109176897431672	22.7637620826125	1
8.125	15.75	0.137916244257475	0.775211702623909	-0.00811127510874354	22.7288178542601	1
8.375	15.75	0.212363287858381	0.773614600136267	-0.0042360348059556	22.6771893171936	1
8.625	15.75	0.315284565963657	0.77142236344908	0.000209707542947434	22.6047651099312	1
8.875	15.75	0.441941845018938	0.768971429867623	0.0045115893828631	22.5087749090471	1
9.125	15.75	0.577468459551432	0.767351135278116	0.00795233033289658	22.3888242711374	1
9.375	15.75	0.702656421688614	0.76755882470641	0.0100869323766194	22.2471426724942	1
9.625	15.75	0.803762291742358	0.769599983213437	0.0108713041712954	22.0877863060535	1
9.875	15.75	0.877014121084573	0.772692921381878	0.0105666500850347	21.9153304191552	1
10.125	15.75	0.925957628813799	0.776026980465487	0.00954855689026867	21.7338305637115	1
10.375	15.75	0.956803417825666	0.779136281546834	0.00816338316081532	21.5463802744994	1
10.625	15.75	0.975427494884925	0.781857332224495	0.00666840722743258	21.3551217765872	1
10.875	15.75	0.986303968952456	0.784182855865171	0.00522772212986662	21.1614494027064	1
11.125	15.75	0.99248156151116	0.786161052654515	0.00393111146054188	20.9662359153001	1
11.375	15.75	0.99590541708835	0.787849431030065	0.00281699725694531	20.7700150451722	1
11.625	15.75	0.997762788030883	0.789299045452138	0.0018918404002296	20.5731097602462	1
11.875	15.75	0.998753774918054	0.790551308133442	0.00114421454933636	20.3757159311701	1
12.125	15.75	0.999278620799532	0.791638912978252	0.000554100541338981	20.1779544296258	1
12.375	15.75	0.999559147379	0.7925876437824	9.85777084162733e-05	19.9799025083181	1
12.625	15.75	0.999714297740861	0.793418049077036	-0.000244956250025753	19.7816121932768	1
12.875	15.75	0.999805621529275	0.794146757982992	-0.000497151618171769	19.5831208038099	1
13.125	15.75	0.999863822107654	0.794787453589897	-0.000676033303765772	19.3844568392291	1
13.375	15.75	0.999903732833017	0.795351575313332	-0.000796873090133389	19.1856432177385	1
13.625	15.75	0.999932433841407	0.795848820977675	-0.000872346618407933	18.9866990488107	1
13.875	15.75	0.999953438321968	0.796287505800509	-0.00091281878593832	18.7876406202002	1
14.125	15.75	0.999968717815575	0.796674821304388	-0.000926668852455812	18.5884819784226	1
14.375	15.75	0.999979600690551	0.79701702536952	-0.000920608362694103	18.3892353045107	1
14.625	15.75	0.999987123735166	0.797319585431088	-0.000899969761032425	18.1899111870543	1
14.875	15.75	0.999992145023582	0.797587289905309	-0.000868957538847329	17.9905188408837	1
15.125	15.75	0.999995369997592	0.797824337911753	-0.000830861150197318	17.7910662926481	1
15.375	15.75	0.999997357550628	0.798034413821778	-0.000788232502810958	17.5915605419807	1
15.625	15.75	0.999998529783754	0.798220750777645	-0.000743032253222883	17.3920077018426	1
15.875	15.75	0.999999189629949	0.798386185773286	-0.000696749436834913	17.1924131200209	1
16.125	15.75	0.999999543457427	0.79853320792865	-0.000650498726601231	16.9927814835226	1
16.375	15.75	0.999999724514873	0.79866400102183	-0.000605099138294912	16.7931169077453	1
16.625	15.75	0.999999814090707	0.798780481015364	-0.00056113747439661	16.5934230124216	1
16.875	15.75	0.999999858752792	0.798884329145281	-0.000519019283490189	16.3937029863008	1
17.125	15.75	0.999999883278649	0.798977021053859	-0.000479009650857795	16.1939596423753	1
17.375	15.75	0.999999899669267	0.79905985238387	-0.000441265736868889	15.9941954652203	1
17.625	15.75	0.999999913007526	0.799133961222939	-0.000405862637357458	15.7944126517662	1
17.875	15.75	0.999999924998288	0.799200347759737	-0.000372813856526378	15.5946131465772	1
18.125	15.75	0.999999935937503	0.799259891474495	-0.000342087446290359	15.3947986724998	1
18.375	15.75	0.999999945696477	0.799313366164954	-0.000313618667320002	15.194970757379	1
18.625	15.75	0.999999954139972	0.799361453075584	-0.000287319866724357	14.9951307574026	1
18.875	15.75	0.999999961251581	0.799404752364738	-0.000263088135059368	14.7952798775351	1
19.125	15.75	0.999999967129525	0.799443793121911	-0.000240811195698741	14.5954191894256	1
19.375	15.75	0.999999971940615	0.799479042118892	-0.000220371891608626	14.3955496471142	1
19.625	15.75	0.999999975874224	0.799510911455479	-0.000201651564717755	14.1956721008152	1
19.875	15.75	0.99999997910964	0.799539765241713	-0.000184532560077737	13.9957873090186	1
20.125	15.75	0.99999998179973	0.799565925440367	-0.000168900045372531	13.79589594912	1
20.375	15.75	0.999999984065532	0.79958967697518	-0.000154643296062357	13.5959986267608	1
20.625	15.75	0.999999985998509	0.799611272198536	-0.000141656564453528	13.3960958840425	1
20.875	15.75	0.999999987665787	0.799630934802887	-0.000129839628829993	13.1961882067518	1
21.125	15.75	0.999999989116058	0.799648863242905	-0.000119098098565877	12.9962760307224	1
21.375	15.75	0.999999990384927	0.799665233735118	-0.000109343534431367	12.7963597474396	1
21.625	15.75	0.999999991498875	0.799680202885979	-0.000100493430318861	12.5964397089817	1
21.875	15.75	0.999999992478758	0.799693909995634	-9.24710956493303e-05	12.3965162323791	1
22.125	15.75	0.999999993341539	0.79970647907965	-8.52054647737287e-05	12.1965896034644	1
22.375	15.75	0.999999994101534	0.799718020645436	-7.86308572085189e-05	11.9966600802745	1
22.625	15.75	0.999999994771369	0.799728633251263	-7.26867070706476e-05	11.796727896059	1
22.875	15.75	0.999999995362059	0.7997384048753	-6.73172725746433e-05	11.5967932619436	1
23.125	15.75	0.999999995882983	0.799747414125623	-6.24713374641674e-05	11.39685636929	1
23.375	15.75	0.99999999634266	0.799755731302017	-5.81019114362895e-05	11.1969173917861	1
23.625	15.75	0.99999999674861	0.799763419328764	-5.41659351872592e-05	10.9969764873026	1
23.875	15.75	0.99999999710733	0.799770534581842	-5.06239943884806e-05	10.7970337995408	1
24.125	15.75	0.999999997424452	0.799777127618452	-4.74400439642769e-05	10.5970894594966	1
24.375	15.75	0.999999997705023	0.799783243818198	-4.45811465641616e-05	10.3971435867634	1
24.625	15.75	0.999999997953465	0.799788923951484	-4.20172258480101e-05	10.1971962906912	1
24.875	15.75	0.999999998173451	0.79979420468325	-3.97208330969319e-05	9.99724767141922	1
25.125	15.75	0.999999998368288	0.799799119018257	-3.76669299058252e-05	9.79729782079701	1
25.375	15.75	0.999999998541114	0.799803696693856	-3.58326861811722e-05	9.59734682320538	1
25.625	15.75	0.999999998694624	0.799807964529452	-3.41972917301681e-05	9.39739475629043	1
25.875	15.75	0.999999998830946	0.799811946737498	-3.27417819502768e-05	9.197441691619	1
26.125	15.75	0.99999999895195	0.799815665198321	-3.14488774657312e-05	8.99748769526496	1
26.375	15.75	0.999999999059373	0.799819139703839	-3.03028361016694e-05	8.79753282833398	1
26.625	15.75	0.999999999154846	0.799822388175557	-2.92893164773942e-05	8.5975771474338	1
26.875	15.75	0.999999999240049	0.799825426858337	-2.83952531677621e-05	8.39762070509545	1
27.125	15.75	0.999999999316781	0.799828270491917	-2.76087420793432e-05	8.19766355015142	1
27.375	15.75	0.999999999386993	0.799830932465345	-2.69189354627347e-05	7.99770572807515	1
27.625	15.75	0.999999999452671	0.799833424954217	-2.63159458727466e-05	7.79774728128573	1
27.875	15.75	0.999999999514793	0.799835759041549	-2.57907583420709e-05	7.59778824942221	1
28.125	15.75	0.999999999571701	0.79983794482726	-2.53351502654513e-05	7.3978286695911	1
28.375	15.75	0.999999999617842	0.799839991527593	-2.49416180156836e-05	7.19786857658906	1
28.625	15.75	0.999999999643567	0.799841907562146	-2.46033101897404e-05	6.99790800310349	1
28.875	15.75	0.999999999637372	0.799843700631563	-2.43139671566203e-05	6.79794697989382	1
29.125	15.75	0.999999999593364	0.799845377788773	-2.40678655377703e-05	6.59798553595411	1
29.375	15.75	0.999999999524706	0.799846945502151	-2.38597672645879e-05	6.39802369865742	1
29.625	15.75	0.999999999480455	0.799848409709797	-2.36848742501445e-05	6.19806149388342	1
29.875	15.75	0.999999999556098	0.799849775866027	-2.35387865553779e-05	5.99809894613077	1
30.125	15.75	0.999999999881036	0.799851048984001	-2.34174641053474e-05	5.79813607861895	1
30.375	15.75	1.00000000056113	0.799852233675268	-2.33171923951161e-05	5.59817291338605	1
30.625	15.75	1.00000000155974	0.799853334187595	-2.32345504919944e-05	5.39820947139448	1
30.875	15.75	1.00000000252977	0.799854354453365	-2.31663813695521e-05	5.19824577265617	1
31.125	15.75	1.00000000266767	0.799855298150396	-2.31097643901263e-05	4.998281836378	1
31.375	15.75	1.00000000073804	0.799856168769559	-2.30619897462768e-05	4.79831768110971	1
31.625	15.75	0.999999995485573	0.799856969677005	-2.30205362487087e-05	4.59835332483967	1
31.875	15.75	0.999999986625667	0.799857704130049	-2.29830534805435e-05	4.39838878494496	1
32.125	15.75	0.999999976392028	0.799858375194197	-2.29473501055439e-05	4.19842407788989	1
32.375	15.75	0.999999971129863	0.79985898551648	-2.29113897831397e-05	3.99845921861988	1
32.625	15.75	0.999999981683722	0.79985953695857	-2.28732922853523e-05	3.79849421977405	1
32.875	15.75	1.00000002061867	0.799860030224966	-2.28313320870081e-05	3.59852909115479	1
33.125	15.75	1.00000009426923	0.799860464807666	-2.27839179620614e-05	3.39856384027469	1
33.375	15.75	1.0000001891822	0.799860839740239	-2.27295363968712e-05	3.19859847502807	1
33.625	15.75	1.00000025661288	0.799861155655932	-2.26666456983158e-05	2.99863300919846	1
33.875	15.75	1.0000002053651	0.799861418225325	-2.25935302778592e-05	2.79866747011929	1
34.125	15.75	0.99999992032649	0.799861641981678	-2.25081754672667e-05	2.59870190507394	1
34.375	15.75	0.999999326152226	0.799861851843792	-2.24082814756667e-05	2.39873637940844	1
34.625	15.75	0.999998504063845	0.799862077873691	-2.22915787503773e-05	2.19877095667887	1
34.875	15.75	0.999997835658674	0.799862338393442	-2.21565760389748e-05	1.99880565303857	1
35.125	15.75	0.999998088797889	0.799862609773236	-2.20036822190404e-05	1.79884036914009	1
35.375	15.75	1.0000002930075	0.799862790230768	-2.18362620864662e-05	1.59887482636463	1
35.625	15.75	1.00000522101013	0.79986268028883	-2.16606646100603e-05	1.39890856737902	1
35.875	15.75	1.0000123763988	0.7998620197176	-2.14838541224508e-05	1.19894110886992	1
36.125	15.75	1.00001867195201	0.799860627616923	-2.13074799053307e-05	0.998972325619456	1
36.375	15.75	1.00001750370632	0.799858668677412	-2.11186672847193e-05	0.799003056658298	1
36.625	15.75	0.999999563749058	0.799856992352168	-2.08809469393461e-05	0.599035721210846	1
36.875	15.75	0.999957105007672	0.79985734840406	-2.05331344564626e-05	0.399074429574128	1
37.125	15.75	0.999892783341124	0.799879238862219	-2.00078960612758e-05	0.199123796617377	1
37.375	15.75	0.999831825442357	0.399888935569637	-1.93858458181117e-05	-0.000822854545159061	1
0.125	16.25	0.000508136988189156	0.799823998080258	-0.00353888969458494	22.8276785998051	1
0.375	16.25	0.000508517688928313	0.800119082124121	-0.0034718431763992	22.8275557424546	1
0.625	16.25	0.000509203317374804	0.800246129277206	-0.0033207535916737	22.8274033267573	1
0.875	16.25	0.000509860340788536	0.800408646683385	-0.0029832932230966	22.8272124614052	1
1.125	16.25	0.000509731242265035	0.8005988212694	-0.00235625856148243	22.8269750338026	1
1.375	16.25	0.000507532246470503	0.800792771356509	-0.00139359418476412	22.8266866567544	1
1.625	16.25	0.00050149004527062	0.800945114487001	-0.000171542227720226	22.8263517540532	1
1.875	16.25	0.000489599800958254	0.800995657184716	0.00105798521751916	22.8259892808893	1
2.125	16.25	0.000470164862818012	0.800901682984376	0.00189837906716331	22.8256348570602	1
2.375	16.25	0.000442624584494334	0.800696176227281	0.00202286028204344	22.8253305340414	1
2.625	16.25	0.000408602707267642	0.800514751427887	0.00152272305562315	22.8250964149869	1
2.875	16.25	0.000373046460298157	0.800509417972141	0.000936128832840525	22.8249043168758	1
3.125	16.25	0.000345307127107354	0.800713297705116	0.000713381655081254	22.8246924377616	1
3.375	16.25	0.000340028875806638	0.801027305744315	0.00090897414976794	22.8244089544371	1
3.625	16.25	0.000377718763808212	0.801317967950073	0.00141319791939895	22.8240335649987	1
3.875	16.25	0.000484842271613529	0.80148829579087	0.00211211122730547	22.8235712019641	1
4.125	16.25	0.000693247505082941	0.801486267441824	0.00289137782029167	22.823037739477	1
4.375	16.25	0.0010387113390042	0.801283389165959	0.00363967688790422	22.8224495933653	1
4.625	16.25	0.00155850287764813	0.800851277568961	0.00426294712341207	22.8218205359166	1
4.875	16.25	0.00228821355680798	0.800149769856831	0.00468838924223794	22.8211633098718	1
5.125	16.25	0.00325879620036871	0.799126417783152	0.0048588942093243	22.8204921022042	1
5.375	16.25	0.00449567333368418	0.797722251219978	0.00472784127490834	22.8198226878436	1
5.625	16.25	0.00602275140418093	0.795880304715289	0.00425964329198852	22.8191675530967	1
5.875	16.25	0.00787532130790176	0.793555934051769	0.00343637070599568	22.8185228351647	1
6.125	16.25	0.0101275457320434	0.79072898789271	0.0022686548838601	22.8178427664657	1
6.375	16.25	0.0129430588089752	0.787417501530556	0.000808178442176862	22.8169959259103	1
6.625	16.25	0.0166616953101705	0.783691265580167	-0.000841808563176713	22.8156963879363	1
6.875	16.25	0.0219417521283991	0.779681542060755	-0.00252246675403275	22.8134025554203	1
7.125	16.25	0.0299836261208125	0.775580292822336	-0.00402673085685024	22.8091787112159	1
7.375	16.25	0.0428581738739624	0.771618896685897	-0.00512172340608168	22.8015224906837	1
7.625	16.25	0.0639242303229016	0.768014678498086	-0.00558661475837878	22.7881813182631	1
7.875	16.25	0.0981826913248981	0.764881555423119	-0.00526217505751502	22.7660193798206	1
8.125	16.25	0.152095639644739	0.762138296792924	-0.00410541539825569	22.7310545984807	1
8.375	16.25	0.231954997641682	0.759532794481019	-0.00223961010743655	22.6788350527235	1
8.625	16.25	0.339990018532576	0.756951031274756	2.2859794915237e-05	22.6052803093344	1
8.875	16.25	0.469532798884266	0.754897007155498	0.00222915454428227	22.5078568274264	1
9.125	16.25	0.604279636406002	0.754439135950867	0.00393266519630682	22.3865407212506	1
9.375	16.25	0.725409430078255	0.756271515636646	0.00486761707309722	22.2438893308319	1
9.625	16.25	0.821003689937116	0.760024060568017	0.00502032054231293	22.0840993427232	1
9.875	16.25	0.88902382222436	0.764700851414958	0.00456179917820186	21.9116936172925	1
10.125	16.25	0.933851135830072	0.769434263462282	0.00372790106652668	21.7305757615797	1
10.375	16.25	0.961795055831834	0.773760953166175	0.00273167025913462	21.543679845051	1
10.625	16.25	0.97850445225579	0.777528664601846	0.00172756112123728	21.3530263746361	1
10.875	16.25	0.988168192257699	0.780741410828913	0.000809958678057594	21.1599333002907	1
11.125	16.25	0.993597407608938	0.783460513302171	2.59415296501451e-05	20.9652334153031	1
11.375	16.25	0.996567397661152	0.785759039765681	-0.000609523457074763	20.7694448620318	1
11.625	16.25	0.998152853526264	0.787704988772611	-0.00110082639291758	20.5728894643346	1
11.875	16.25	0.998982384834503	0.789356699717975	-0.00146254654686457	20.3757695375772	1
12.125	16.25	0.999412004705603	0.790762715822224	-0.0017134906375278	20.1782157122808	1
12.375	16.25	0.999636650413985	0.791962999053497	-0.00187313509969915	19.980315848252	1
12.625	16.25	0.999759132525883	0.792990383428553	-0.00195970197407045	19.7821321188911	1
12.875	16.25	0.999831414213963	0.793871907266293	-0.00198926803196384	19.5837109207658	1
13.125	16.25	0.999878544394684	0.794629932732017	-0.00197548562403326	19.3850885483217	1
13.375	16.25	0.999912038948813	0.795283051651814	-0.00192963902603255	19.186294434359	1
13.625	16.25	0.999937038072258	0.795846804932725	-0.00186086508791953	18.9873530280912	1
13.875	16.25	0.99995592215948	0.796334249245909	-0.00177643768674906	18.7882849296279	1
14.125	16.25	0.999970001189634	0.796756402891057	-0.0016820605814705	18.5891076260201	1
14.375	16.25	0.999980216770004	0.797122598174642	-0.00158214070756561	18.3898360137886	1
14.625	16.25	0.999987379357519	0.797440762339721	-0.00148002989397258	18.1904828025865	1
14.875	16.25	0.999992214620382	0.797717644096171	-0.0013782317503744	17.9910588461784	1
15.125	16.25	0.999995350781727	0.797958998541952	-0.00127857496364956	17.7915734224437	1
15.375	16.25	0.999997302038168	0.798169739879898	-0.00118235628609512	17.592034472765	1
15.625	16.25	0.999998464972254	0.79835406879584	-0.00109045719770192	17.3924488064907	1
15.875	16.25	0.999999128271441	0.798515579504486	-0.00100343824259487	17.1928222745721	1
16.125	16.25	0.999999490626274	0.798657350178337	-0.00092161473177618	16.9931599160863	1
16.375	16.25	0.999999681371965	0.798782019585167	-0.000845117069107802	16.7934660812638	1
16.625	16.25	0.99999977998405	0.798891852144945	-0.00077393850321752	16.5937445345073	1
16.875	16.25	0.999999832342915	0.798988793191276	-0.000707972666296766	16.393998540622	1
17.125	16.25	0.999999863104045	0.799074515914273	-0.000647042872127844	16.1942309371075	1
17.375	16.25	0.999999884399676	0.799150461233079	-0.000590924803970047	15.9944441949499	1
17.625	16.25	0.999999901532036	0.7992178716594	-0.000539363925659365	15.7946404699363	1
17.875	16.25	0.999999916432654	0.799277820057998	-0.000492088705990275	15.5948216461465	1
18.125	16.25	0.999999929596714	0.799331234079513	-0.000448820537425714	15.3949893729579	1
18.375	16.25	0.999999941057168	0.799378916931194	-0.000409281058209567	15.1951450966386	1
18.625	16.25	0.999999950804332	0.799421565045252	-0.000373197448805025	14.9952900873983	1
18.875	16.25	0.999999958916632	0.799459783121693	-0.000340306156025334	14.7954254626065	1
19.125	16.25	0.999999965563124	0.799494096951528	-0.000310355406308236	14.5955522067587	1
19.375	16.25	0.999999970963434	0.799524964357184	-0.000283106793853725	14.3956711886731	1
19.625	16.25	0.999999975346626	0.799552784538828	-0.000258336169478302	14.1957831763249	1
19.875	16.25	0.99999997892214	0.799577906070432	-0.000235834005150431	13.9958888496569	1
20.125	16.25	0.999999981866153	0.799600633746136	-0.000215405374280425	13.7959888116574	1
20.375	16.25	0.999999984318003	0.799621234450322	-0.000196869654433237	13.5960835979498	1
20.625	16.25	0.999999986383606	0.799639942197043	-0.000180060034479356	13.3961736851072	1
20.875	16.25	0.999999988141663	0.799656962463292	-0.0001648228913484	13.1962594978672	1
21.125	16.25	0.999999989650108	0.799672475915034	-0.000151017084115379	12.996341415403	1
21.375	16.25	0.999999990952063	0.79968664162023	-0.000138513202506088	12.7964197767807	1
21.625	16.25	0.999999992080059	0.799699599821093	-0.000127192796389394	12.5964948857146	1
21.875	16.25	0.999999993059603	0.799711474328742	-0.000116947607629621	12.3965670147164	1
22.125	16.25	0.999999993911519	0.799722374594255	-0.00010767881771001	12.1966364087196	1
22.375	16.25	0.999999994653254	0.799732397501847	-9.92963213770416e-05	11.9967032882517	1
22.625	16.25	0.999999995299639	0.799741628925684	-9.17180347025137e-05	11.7967678522119	1
22.875	16.25	0.999999995863428	0.799750145079944	-8.48692387410127e-05	11.5968302803075	1
23.125	16.25	0.999999996355473	0.799758013694663	-7.868196364083e-05	11.3968907351946	1
23.375	16.25	0.999999996785397	0.799765295038417	-7.30944142532025e-05	11.1969493643586	1
23.625	16.25	0.999999997161412	0.799772042808085	-6.80504348166142e-05	10.9970063017712	1
23.875	16.25	0.999999997490521	0.799778304908372	-6.34990137692227e-05	10.7970616693505	1
24.125	16.25	0.999999997778987	0.799784124131953	-5.93938272249805e-05	10.5971155782492	1
24.375	16.25	0.999999998032251	0.79978953875194	-5.56928182876215e-05	10.3971681299928	1
24.625	16.25	0.999999998254725	0.799794583044561	-5.2357811151607e-05	10.1972194174872	1
24.875	16.25	0.999999998450166	0.799799287746887	-4.9354157187578e-05	9.99726952590989	1
25.125	16.25	0.999999998622111	0.799803680456089	-4.66504116228716e-05	9.79731853350031	1
25.375	16.25	0.999999998773692	0.799807785981751	-4.42180385963662e-05	9.59736651226185	1
25.625	16.25	0.999999998907402	0.799811626657996	-4.20311413306932e-05	9.39741352858538	1
25.875	16.25	0.999999999025277	0.799815222616338	-4.00662164689468e-05	9.19745964380334	1
26.125	16.25	0.999999999129208	0.799818592025083	-3.83019310521079e-05	8.99750491468377	1
26.375	16.25	0.999999999220926	0.7998217513029	-3.67189193553179e-05	8.79754939387063	1
26.625	16.25	0.99999999930201	0.799824715307882	-3.52995976454947e-05	8.59759313027659	1
26.875	16.25	0.999999999374035	0.799827497503221	-3.40279967054839e-05	8.39763616943363	1
27.125	16.25	0.999999999438744	0.79983011010348	-3.28896098245248e-05	8.19767855380703	1
27.375	16.25	0.999999999498006	0.799832564206762	-3.18712543951993e-05	7.99772032307633	1
27.625	16.25	0.999999999553649	0.799834869911437	-3.09609464262731e-05	7.79776151438665	1
27.875	16.25	0.999999999606487	0.799837036417373	-3.0147786979559e-05	7.59780216257438	1
28.125	16.25	0.999999999654841	0.799839072117525	-2.94218590987717e-05	7.39784230037046	1
28.375	16.25	0.999999999693267	0.799840984681728	-2.87741342131159e-05	7.19788195858296	1
28.625	16.25	0.999999999712209	0.799842781128948	-2.81963872938278e-05	6.99792116626118	1
28.875	16.25	0.999999999700111	0.799844467891514	-2.76811203942888e-05	6.79795995084381	1
29.125	16.25	0.999999999651108	0.799846050874697	-2.72214931638526e-05	6.5979983382914	1
29.375	16.25	0.999999999578332	0.799847535508339	-2.68112592792953e-05	6.39803635320323	1
29.625	16.25	0.999999999530213	0.799848926790968	-2.64447099503887e-05	6.19807401892037	1
29.875	16.25	0.999999999601129	0.799850229328183	-2.61166224379551e-05	5.99811135761556	1
30.125	16.25	0.999999999919199	0.799851447366112	-2.58222127343486e-05	5.79814839037434	1
30.375	16.25	1.0000000005892	0.79985258482317	-2.5557093678125e-05	5.59818513727454	1
30.625	16.25	1.00000000157478	0.799853645322134	-2.53172359148768e-05	5.39822161747497	1
30.875	16.25	1.00000000253212	0.799854632231626	-2.509893173993e-05	5.19825784932459	1
31.125	16.25	1.0000000026652	0.799855548720626	-2.48987626739166e-05	4.99829385049354	1
31.375	16.25	1.00000000075057	0.799856397820969	-2.47135689864407e-05	4.79832963810757	1
31.625	16.25	0.999999995545303	0.79985718248441	-2.45404225636335e-05	4.59836522883202	1
31.875	16.25	0.999999986768275	0.799857905594535	-2.43766057525159e-05	4.39840063881252	1
32.125	16.25	0.999999976633564	0.799858569881032	-2.42195965062541e-05	4.19843588336731	1
32.375	16.25	0.99999997142895	0.799859177691129	-2.40670612952999e-05	3.99847097637869	1
32.625	16.25	0.99999998189929	0.799859730622807	-2.39168538687913e-05	3.79850592950591	1
32.875	16.25	1.00000002049165	0.799860229154735	-2.37670111967375e-05	3.59854075165342	1
33.125	16.25	1.0000000934745	0.799860672588372	-2.3615730689597e-05	3.39857544950677	1
33.375	16.25	1.00000018750007	0.799861059791193	-2.34613109074782e-05	3.19861003017499	1
33.625	16.25	1.00000025423743	0.799861391235301	-2.33020416007791e-05	2.99864450664374	1
33.875	16.25	1.0000002032786	0.799861672403597	-2.31360538767686e-05	2.79867890536226	1
34.125	16.25	0.999999920522079	0.79986191758021	-2.29611918484187e-05	2.59871327258099	1
34.375	16.25	0.99999933132753	0.799862151360303	-2.27750282755311e-05	2.39874767247435	1
34.625	16.25	0.999998516348118	0.799862403452151	-2.25751924884403e-05	2.19878216745408	1
34.875	16.25	0.999997854161277	0.799862691935766	-2.23601436758148e-05	1.99881677294377	1
35.125	16.25	0.999998106463617	0.79986299329792	-2.21303302332237e-05	1.79885138985766	1
35.375	16.25	1.00000029447719	0.799863206513431	-2.18892799327952e-05	1.59888574136786	1
35.625	16.25	1.00000518457917	0.799863133628873	-2.16436195412759e-05	1.39891937346122	1
35.875	16.25	1.0000122838096	0.799862516359466	-2.1400594320515e-05	1.19895180642719	1
36.125	16.25	1.00001852811294	0.799861175017885	-2.11618586706752e-05	0.998982915838229	1
36.375	16.25	1.0000173628438	0.799859272705313	-2.0913810983009e-05	0.799013533908236	1
36.625	16.25	0.999999548449537	0.799857652026965	-2.06180247753825e-05	0.599046060725649	1
36.875	16.25	0.999957392656963	0.799858049092532	-2.02099739195505e-05	0.399084574580669	1
37.125	16.25	0.999893528232397	0.799879840023452	-1.96184183791736e-05	0.199133655201634	1
37.375	16.25	0.999832997263416	0.399889448482423	-1.89318966485169e-05	-0.000813332344363299	1
0.125	16.75	0.000509005695845562	0.799779988323434	-0.00363174079819105	22.827475926161	1
0.375	16.75	0.00050938079375476	0.799993002001576	-0.00360865706809311	22.8273747058192	1
0.625	16.75	0.000510054507373238	0.800045304939137	-0.00355721785503598	22.8272641860127	1
0.875	16.75	0.000510694190385695	0.800144713636209	-0.00332796470433709	22.8271328344503	1
1.125	16.75	0.000510546635763552	0.800288768513583	-0.00280321478577873	22.8269689579493	1
1.375	16.75	0.000508337337916865	0.80046004640024	-0.00192043776295565	22.8267628674237	1
1.625	16.75	0.000502308070023629	0.800616671385485	-0.000752070542766489	22.8265122069149	1
1.875	16.75	0.000490474662228224	0.800695773744641	0.000416684658637047	22.8262288277016	1
2.125	16.75	0.000471165329476377	0.800644278813705	0.00111868078843746	22.8259427900005	1
2.375	16.75	0.00044384639279276	0.800479820421576	0.000990587726235506	22.8256941897703	1
2.625	16.75	0.000410168968909408	0.800328968038542	0.000228964131437483	22.8255052304233	1
2.875	16.75	0.000375108638666551	0.800352398387801	-0.000429856568991994	22.8253501443112	1
3.125	16.75	0.000348051857231185	0.800599340517995	-0.000465882280843193	22.8251651804957	1
3.375	16.75	0.000343700153597179	0.800976482874635	6.70778872495629e-05	22.8248934426499	1
3.625	16.75	0.000382669047944338	0.801347872071917	0.000928338790593382	22.8245098589691	1
3.875	16.75	0.000491628571122283	0.801614305371955	0.00195805663836803	22.8240154938938	1
4.125	16.75	0.000702790041488363	0.801722381765747	0.0030725337062205	22.82342270955	1
4.375	16.75	0.00105253382368343	0.801639964443079	0.00421564542826049	22.8227448904899	1
4.625	16.75	0.0015790768733393	0.801330620430807	0.00533978737841493	22.8219941232376	1
4.875	16.75	0.00231943954756718	0.800740996650384	0.00640432478180425	22.8211839627583	1
5.125	16.75	0.00330667742124932	0.799800235911448	0.00737337985850133	22.8203330435659	1
5.375	16.75	0.00456928312100507	0.798425995434754	0.00821021482101023	22.8194661999698	1
5.625	16.75	0.00613567410350182	0.796533697324087	0.00887305412449597	22.8186102425234	1
5.875	16.75	0.00804787979888584	0.794048352810885	0.00931531286568222	22.8177809654228	1
6.125	16.75	0.0103903344752458	0.790919420574587	0.00949015325443747	22.8169566963274	1
6.375	16.75	0.0133425938251362	0.787138715370154	0.00935826370531908	22.8160322235495	1
6.625	16.75	0.0172693689224182	0.782759767100325	0.00889756651801272	22.8147457456263	1
6.875	16.75	0.022867661104252	0.777914333112094	0.00811300244486884	22.8125714394909	1
7.125	16.75	0.0313968544533517	0.772817995588442	0.00704355410505508	22.808573120919	1
7.375	16.75	0.0450135096380625	0.767752582297989	0.00576298577269685	22.8012237638837	1
7.625	16.75	0.0671888371049416	0.763011404004535	0.00437147099296065	22.7882171424439	1
7.875	16.75	0.103038902305178	0.758802901997191	0.00297805903182359	22.7663382929624	1
8.125	16.75	0.159063948352705	0.755149615308169	0.00167810007925211	22.7315182905006	1
8.375	16.75	0.241357979842676	0.751908086497914	0.000532976273323782	22.6792453000397	1
8.625	16.75	0.351558482356626	0.749075206639351	-0.000440323438822245	22.605447030249	1
8.875	16.75	0.482137009716262	0.74723255897241	-0.00126483821079038	22.5076838794616	1
9.125	16.75	0.616255234656011	0.747410829194714	-0.00198432945564392	22.386075461352	1
9.375	16.75	0.735395387722845	0.750132749009453	-0.00263696941857866	22.2432957800878	1
9.625	16.75	0.828487948933934	0.754838888531331	-0.00323698904352464	22.0835768572347	1
9.875	16.75	0.894216148862166	0.760424345356278	-0.00377439508259025	21.9114020668674	1
10.125	16.75	0.93727354041112	0.765982438399931	-0.00422792811438908	21.7306034607336	1
10.375	16.75	0.96398035646922	0.771038685596667	-0.00457886344091943	21.5440483555921	1
10.625	16.75	0.979874350160163	0.775437767132972	-0.00481835155621154	21.3537110021137	1
10.875	16.75	0.98901860494576	0.779184985614224	-0.00494830311233914	21.1608841601883	1
11.125	16.75	0.994123040609165	0.782346953245151	-0.00497879238406822	20.9663911766679	1
11.375	16.75	0.996891875027334	0.785005115587199	-0.00492458743921164	20.7707506078281	1
11.625	16.75	0.99835316666955	0.787237576939874	-0.00480217481863048	20.5742899920349	1
11.875	16.75	0.99910604058026	0.789113276881959	-0.0046277025914772	20.3772196424925	1
12.125	16.75	0.999488236800264	0.790690982369565	-0.00441578791830384	20.1796786731529	1
12.375	16.75	0.999683476244891	0.792019991798702	-0.00417897150254856	19.9817629444992	1
12.625	16.75	0.999787701844773	0.793141350567552	-0.0039275920596717	19.7835416968039	1
12.875	16.75	0.999848660716478	0.794089125756548	-0.00366990119591762	19.5850673103186	1
13.125	16.75	0.999888797726924	0.794891574797928	-0.00341229539308817	19.3863809944409	1
13.375	16.75	0.999918007852116	0.795572156117506	-0.00315958883367825	19.1875161230083	1
13.625	16.75	0.999940414775662	0.796150376409544	-0.00291528434175104	18.9885002393158	1
13.875	16.75	0.999957757990812	0.79664248864791	-0.00268182130548031	18.7893563233037	1
14.125	16.75	0.999970942694873	0.797062061973624	-0.00246079220444539	18.5901036526444	1
14.375	16.75	0.99998065557332	0.797420445558438	-0.0022531262842606	18.3907584366884	1
14.625	16.75	0.999987547810005	0.797727146598549	-0.00205924231535481	18.1913343160591	1
14.875	16.75	0.999992246866438	0.797990139513855	-0.0018791737721101	17.9918427743459	1
15.125	16.75	0.999995321528822	0.798216120164024	-0.00171267014847527	17.7922934848875	1
15.375	16.75	0.999997250889239	0.798410715958733	-0.00155927800945755	17.5926946046856	1
15.625	16.75	0.999998411437292	0.798578660320674	-0.00141840506418011	17.3930530228906	1
15.875	16.75	0.999999080819373	0.798723938058334	-0.00128937017267129	17.1933745696256	1
16.125	16.75	0.999999451987532	0.798849906790291	-0.0011714418139661	16.9936641903615	1
16.375	16.75	0.999999651534671	0.798959398493732	-0.00106386718609678	16.7939260907749	1
16.625	16.75	0.999999757809878	0.799054804468421	-0.000965893782063357	16.5941638567053	1
16.875	16.75	0.99999981638422	0.799138146422529	-0.000876784986945237	16.3943805533791	1
17.125	16.75	0.999999851978076	0.799211135923978	-0.000795830981155222	16.1945788075451	1
17.375	16.75	0.999999876930046	0.799275224103386	-0.00072235600244235	15.9947608756101	1
17.625	16.75	0.999999896776963	0.79933164319605	-0.000655722820216892	15.7949287003317	1
17.875	16.75	0.99999991366412	0.799381441261948	-0.000595335109926219	15.5950839581551	1
18.125	16.75	0.99999992826347	0.799425511211329	-0.000540638269301149	15.395228098874	1
18.375	16.75	0.999999940747057	0.799464615081338	-0.000491119103309019	15.1953623789697	1
18.625	16.75	0.999999951211488	0.799499404356879	-0.000446304711256904	14.9954878897171	1
18.875	16.75	0.999999959814953	0.79953043699688	-0.000405760828770567	14.7956055809386	1
19.125	16.75	0.999999966786137	0.79955819171538	-0.000369089820399257	14.5957162811225	1
19.375	16.75	0.99999997238892	0.79958307997503	-0.000335928467643114	14.3958207144952	1
19.625	16.75	0.999999976885249	0.799605456074602	-0.000305945659970091	14.1959195155327	1
19.875	16.75	0.999999980509121	0.799625625644379	-0.000278840067734354	13.9960132413144	1
20.125	16.75	0.999999983454893	0.799643852809424	-0.000254337854051539	13.796102382058	1
20.375	16.75	0.999999985875426	0.79966036624209	-0.000232190462828062	13.5961873701152	1
20.625	16.75	0.999999987886872	0.79967536428011	-0.000212172508854648	13.3962685876664	1
20.875	16.75	0.999999989575778	0.799689019262937	-0.00019407978800453	13.1963463733133	1
21.125	16.75	0.999999991005827	0.7997014812099	-0.000177727413483989	12.9964210277357	1
21.375	16.75	0.999999992224255	0.799712880948378	-0.000162948082616295	12.7964928185544	1
21.625	16.75	0.999999993266761	0.799723332774584	-0.000149590473551055	12.5965619845176	1
21.875	16.75	0.999999994161118	0.799732936720896	-0.000137517768763208	12.3966287391119	1
22.125	16.75	0.999999994929756	0.79974178049366	-0.000126606300358538	12.1966932736815	1
22.375	16.75	0.999999995591241	0.799749941128436	-0.000116744309575192	11.9967557601275	1
22.625	16.75	0.999999996161088	0.799757486409017	-0.000107830815981028	11.796816353248	1
22.875	16.75	0.999999996652623	0.799764476083956	-9.97745868652393e-05	11.5968751927692	1
23.125	16.75	0.999999997076987	0.799770962912719	-9.24931999530321e-05	11.3969324051123	1
23.375	16.75	0.999999997443731	0.799776993566236	-8.59121938515357e-05	11.196988104932	1
23.625	16.75	0.999999997761115	0.799782609401183	-7.99642966759873e-05	10.9970423964585	1
23.875	16.75	0.999999998036199	0.799787847129505	-7.45887276116173e-05	10.7970953746709	1
24.125	16.75	0.999999998274979	0.79979273939886	-6.97305659536715e-05	10.5971471263237	1
24.375	16.75	0.999999998482505	0.799797315292723	-6.53401793579904e-05	10.3971977308456	1
24.625	16.75	0.999999998663025	0.799801600765161	-6.13727073545524e-05	10.1972472611303	1
24.875	16.75	0.999999998820275	0.799805619019042	-5.77875955681331e-05	9.99729578423009	1
25.125	16.75	0.999999998957564	0.799809390833619	-5.45481748804162e-05	9.79734336196712	1
25.375	16.75	0.999999999077604	0.799812934850597	-5.16212813579819e-05	9.59739005147275	1
25.625	16.75	0.999999999182612	0.799816267824692	-4.89769134670038e-05	9.39743590566346	1
25.875	16.75	0.999999999274481	0.799819404840937	-4.65879231320014e-05	9.1974809736615	1
26.125	16.75	0.999999999354805	0.799822359504546	-4.44297367569916e-05	8.99752530116791	1
26.375	16.75	0.999999999424989	0.799825144109286	-4.24801036051221e-05	8.79756893079326	1
26.625	16.75	0.999999999486482	0.7998277697838	-4.07188687239689e-05	8.59761190235096	1
26.875	16.75	0.9999999995408	0.799830246618993	-3.91277687647995e-05	8.39765425311848	1
27.125	16.75	0.999999999589512	0.799832583781598	-3.76902474098159e-05	8.19769601807024	1
27.375	16.75	0.999999999634286	0.799834789615463	-3.63912886197258e-05	7.99773723008497	1
27.625	16.75	0.999999999676795	0.799836871729013	-3.52172667797078e-05	7.79777792013058	1
27.875	16.75	0.999999999717761	0.799838837071314	-3.41558116392853e-05	7.59781811743003	1
28.125	16.75	0.999999999755421	0.799840692001642	-3.31956857434846e-05	7.39785784961031	1
28.375	16.75	0.999999999784207	0.799842442352429	-3.23266742117618e-05	7.19789714283582	1
28.625	16.75	0.999999999794556	0.799844093481943	-3.15394855785379e-05	6.99793602192802	1
28.875	16.75	0.999999999775015	0.799845650321437	-3.08256620291127e-05	6.79797451047364	1
29.125	16.75	0.999999999719751	0.799847117420576	-3.01774982876689e-05	6.59801263092084	1
29.375	16.75	0.999999999641657	0.799848498984867	-2.95879682618214e-05	6.39805040466314	1
29.625	16.75	0.999999999588501	0.799849798906207	-2.90506595392882e-05	6.19808785211293	1
29.875	16.75	0.999999999653688	0.799851020790921	-2.8559714208619e-05	5.99812499276472	1
30.125	16.75	0.999999999964111	0.799852167982959	-2.81097744073562e-05	5.79816184525188	1
30.375	16.75	1.0000000006233	0.799853243586228	-2.7695934143004e-05	5.59819842740434	1
30.625	16.75	1.00000000159513	0.799854250488957	-2.73136950615223e-05	5.39823475631716	1
30.875	16.75	1.00000000253912	0.799855191396332	-2.69589255141568e-05	5.19827084844115	1
31.125	16.75	1.00000000266704	0.799856068877994	-2.66278238402501e-05	4.99830671969723	1
31.375	16.75	1.00000000076737	0.799856885425428	-2.63168839339453e-05	4.79834238559533	1
31.625	16.75	0.999999995609561	0.799857643501851	-2.60228647764738e-05	4.59837786130436	1
31.875	16.75	0.999999986915766	0.799858345548566	-2.57427667037007e-05	4.39841316158226	1
32.125	16.75	0.999999976879881	0.799858993896714	-2.5473813971425e-05	4.1984483004608	1
32.375	16.75	0.999999971730994	0.799859590536637	-2.52134454024811e-05	3.99848329063321	1
32.625	16.75	0.999999982112568	0.799860136750422	-2.49593111912107e-05	3.79851814266636	1
32.875	16.75	1.00000002035252	0.79986063274212	-2.47092670333812e-05	3.59855286446648	1
33.125	16.75	1.0000000926543	0.799861077576908	-2.44613499866077e-05	3.39858746180337	1
33.375	16.75	1.00000018578155	0.799861469914298	-2.42137162294632e-05	3.19862194092215	1
33.625	16.75	1.00000025183106	0.799861810025929	-2.39645271241804e-05	2.99865631394025	1
33.875	16.75	1.0000002012052	0.799862103168628	-2.37117961955116e-05	2.79869060635884	1
34.125	16.75	0.999999920837364	0.799862363339017	-2.3453258039714e-05	2.59872486333667	1
34.375	16.75	0.999999336798035	0.799862614768804	-2.3186385822117e-05	2.3987591478238	1
34.625	16.75	0.999998529125954	0.799862886773116	-2.29087307628656e-05	2.19879352104653	1
34.875	16.75	0.999997873237926	0.799863197155964	-2.26187195706481e-05	1.9988279976805	1
35.125	16.75	0.999998124406672	0.799863522500186	-2.2316850226819e-05	1.79886247892363	1
35.375	16.75	1.00000029521813	0.79986376254354	-2.2006814775919e-05	1.59889668981664	1
35.625	16.75	1.00000514548347	0.799863720898856	-2.16955112208604e-05	1.39893017979596	1
35.875	16.75	1.00001218595559	0.799863141299854	-2.13904564705014e-05	1.19896247288426	1
36.125	16.75	1.00001837701944	0.799861845333294	-2.10933117522169e-05	0.998993445447427	1
36.375	16.75	1.00001721605607	0.799859994462359	-2.07897847007074e-05	0.799023922548829	1
36.625	16.75	0.999999535804445	0.799858424139347	-2.04395870166324e-05	0.599056284239568	1
36.875	16.75	0.99995770230136	0.799858856162472	-1.99750133971123e-05	0.399094575260057	1
37.125	16.75	0.999894324499965	0.799880530222521	-1.93211061914059e-05	0.199143338387364	1
37.375	16.75	0.999834249061614	0.399890048268699	-1.85738674644137e-05	-0.000804015616266591	1
0.125	17.25	0.000502615413789256	0.799743126014768	-0.00345581775397592	22.8272398755353	1
0.375	17.25	0.00050298918943856	0.799880959004636	-0.00358452391792204	22.8271606111818	1
0.625	17.25	0.000503664708797439	0.79986930740103	-0.00361834615413258	22.8270884385278	1
0.875	17.25	0.000504319020883983	0.799909381122304	-0.00347682422299936	22.8270116561757	1
1.125	17.25	0.000504213845990098	0.800008561165192	-0.0030249001292084	22.8269160790399	1
1.375	17.25	0.000502092562507834	0.800158759516715	-0.00213811207994834	22.8267869355873	1
1.625	17.25	0.000496212311356557	0.80032215925223	-0.000793877596734736	22.8266147923347	1
1.875	17.25	0.000484592904801561	0.800428728258933	0.000808555081039984	22.8264042605995	1
2.125	17.25	0.000465543712476281	0.800404687849904	0.00214948597558232	22.8261813369751	1
2.375	17.25	0.000438477160250472	0.800242380435774	0.00250645017062102	22.8259889215871	1
2.625	17.25	0.000404944607476738	0.800057649217396	0.00156686397045723	22.825859327097	1
2.875	17.25	0.000369768446378628	0.800030634798666	6.98347311211381e-05	22.8257767564615	1
3.125	17.25	0.000342125549171133	0.800251706510899	-0.000838594743999538	22.8256761195341	1
3.375	17.25	0.000336454843449448	0.800650798612272	-0.000748612769532613	22.825488239808	1
3.625	17.25	0.000373068134454799	0.801080253117915	0.000118381746430079	22.8251758573048	1
3.875	17.25	0.000478312742504751	0.801419817540622	0.00142654344622726	22.8247340888124	1
4.125	17.25	0.000684090876298802	0.801608314664343	0.00293249138547003	22.8241735260959	1
4.375	17.25	0.00102652746542355	0.801619276258705	0.00452132808249111	22.8235054914072	1
4.625	17.25	0.00154367688112345	0.801425202085427	0.00616785465908633	22.8227375695594	1
4.875	17.25	0.00227251177744618	0.800978226525734	0.00788216920122325	22.8218768126778	1
5.125	17.25	0.00324612850087771	0.800208796504038	0.00967230846331405	22.8209346381159	1
5.375	17.25	0.00449301901955606	0.799033228553321	0.0115260486304362	22.8199290467655	1
5.625	17.25	0.00604124779100985	0.797363981065966	0.013403327654406	22.818881299816	1
5.875	17.25	0.00793155108464057	0.79512145121856	0.0152327572779436	22.8178039720876	1
6.125	17.25	0.0102451354893451	0.792248174776948	0.0169101990580752	22.8166759589854	1
6.375	17.25	0.0131547906703256	0.788725938862294	0.0183003637396141	22.8153983687869	1
6.625	17.25	0.0170123844647378	0.784594663187477	0.0192436300718207	22.8137238749806	1
6.875	17.25	0.0224920640112018	0.779969247568231	0.0195701697537396	22.811151867662	1
7.125	17.25	0.0308146146508106	0.775046813692335	0.0191219405709485	22.806784376381	1
7.375	17.25	0.0440752143371149	0.77009236851287	0.0177802220354007	22.7991466620984	1
7.625	17.25	0.0656564001576349	0.765388603089271	0.0154934044339325	22.785997248602	1
7.875	17.25	0.10056853894643	0.7611439766087	0.0122995849502766	22.7641916200854	1
8.125	17.25	0.155239812793112	0.7573923327048	0.00834314262157897	22.7297217666954	1
8.375	17.25	0.235842924069473	0.754003826004587	0.00388841234980123	22.6781017769147	1
8.625	17.25	0.34438604743137	0.750973981875815	-0.000678310945109398	22.6052209813008	1
8.875	17.25	0.473965914557227	0.74886972129063	-0.00489540055075706	22.5085247869659	1
9.125	17.25	0.60822085707099	0.748738526988089	-0.00834913598619518	22.3879700299779	1
9.375	17.25	0.728532464219896	0.751175785829855	-0.0108131638696319	22.2460836112619	1
9.625	17.25	0.82327712318554	0.755691885867601	-0.0122912981226049	22.0870181623737	1
9.875	17.25	0.890602596245081	0.76119421260105	-0.0129450169744996	21.9152506531885	1
10.125	17.25	0.934933426324471	0.766746308701519	-0.0129889597608049	21.7346509850402	1
10.375	17.25	0.96254524915972	0.77183729459378	-0.0126218669173271	21.5481377610917	1
10.625	17.25	0.97903607520516	0.776284930881748	-0.0120004734514177	21.3577323828074	1
10.875	17.25	0.988553098719578	0.780078190275864	-0.0112380597553565	21.1647647707316	1
11.125	17.25	0.993879869099115	0.783274987222824	-0.0104120958979543	20.9700854948256	1
11.375	17.25	0.996775309177932	0.785952989888235	-0.00957332753017057	20.7742323583785	1
11.625	17.25	0.998304882318092	0.788189585440126	-0.00875358818581395	20.5775462697993	1
11.875	17.25	0.999091986544418	0.790054814108329	-0.00797177521786221	20.3802467323919	1
12.125	17.25	0.999489480827886	0.791609516509472	-0.00723816940422086	20.1824791127341	1
12.375	17.25	0.999690138569013	0.792905467486405	-0.00655745412493536	19.9843434611884	1
12.625	17.25	0.999795087049147	0.79398622317735	-0.00593077442995914	19.7859117529035	1
12.875	17.25	0.999854880570529	0.79488817608051	-0.00535711176882855	19.5872380699565	1
13.125	17.25	0.999893369156838	0.795641610102612	-0.00483418350701335	19.3883645853157	1
13.375	17.25	0.999921066873345	0.796271668903697	-0.00435902007903311	19.1893251063756	1
13.625	17.25	0.999942304738255	0.796799205534462	-0.00392832834196057	18.9901472292488	1
13.875	17.25	0.999958834892067	0.797241508146538	-0.00353871615245898	18.7908537147904	1
14.125	17.25	0.999971498978096	0.797612909750744	-0.0031868285812112	18.5914634304172	1
14.375	17.25	0.999980903290109	0.797925295703475	-0.0028694287106811	18.3919920448378	1
14.625	17.25	0.999987627601148	0.7981885240793	-0.00258344397450942	18.1924525738866	1
14.875	17.25	0.999992245094646	0.7984107733361	-0.00232599106274359	17.9928558275304	1
15.125	17.25	0.999995287249524	0.798598829918827	-0.00209438735972961	17.7932107835329	1
15.375	17.25	0.999997209498674	0.798758326432162	-0.00188615375640639	17.5935249016046	1
15.625	17.25	0.999998374420818	0.798893939099038	-0.00169901181998335	17.3938043868259	1
15.875	17.25	0.999999052129615	0.799009551587466	-0.00153087721648636	17.1940544091698	1
16.125	17.25	0.999999431907782	0.799108390967628	-0.00137985065262066	16.9942792851994	1
16.375	17.25	0.999999638842383	0.799193140501037	-0.00124420723464984	16.7944826275875	1
16.625	17.25	0.999999750881325	0.79926603314231	-0.00112238490669394	16.5946674676707	1
16.875	17.25	0.99999981369003	0.799328928977187	-0.00101297247117537	16.3948363556982	1
17.125	17.25	0.999999852257135	0.799383379288118	-0.000914697576257443	16.1949914428268	1
17.375	17.25	0.999999879211221	0.799430679513546	-0.00082641495506364	15.995134548276	1
17.625	17.25	0.999999900341111	0.799471912990993	-0.000747095123175499	15.7952672144597	1
17.875	17.25	0.999999917991307	0.799507987072828	-0.000675813675488704	15.5953907523843	1
18.125	17.25	0.999999932984102	0.799539662946515	-0.000611741267079108	15.3955062791473	1
18.375	17.25	0.999999945602554	0.799567580259044	-0.000554134323429428	15.1956147490072	1
18.625	17.25	0.999999956024596	0.799592277462923	-0.000502326493747924	14.9957169791974	1
18.875	17.25	0.999999964467823	0.799614208639647	-0.000455720834330084	14.7958136714259	1
19.125	17.25	0.999999971204316	0.799633757423517	-0.000413782697437785	14.5959054298194	1
19.375	17.25	0.999999976529289	0.799651248539564	-0.000376033287193781	14.3959927759276	1
19.625	17.25	0.999999980727094	0.79966695737571	-0.000342043839116119	14.1960761612907	1
19.875	17.25	0.999999984047387	0.79968111793366	-0.000311430377384447	13.9961559779804	1
20.125	17.25	0.999999986694909	0.799693929442849	-0.000283849002198649	13.7962325674563	1
20.375	17.25	0.999999988829319	0.799705561871917	-0.000258991660717352	13.596306228017	1
20.625	17.25	0.999999990570933	0.799716160522341	-0.000236582357197953	13.3963772210788	1
20.875	17.25	0.999999992008352	0.799725849868366	-0.00021637376136141	13.1964457764754	1
21.125	17.25	0.999999993206008	0.799734736769293	-0.000198144173231819	12.9965120969382	1
21.375	17.25	0.999999994211146	0.799742913160893	-0.000181694810955287	12.7965763618901	1
21.625	17.25	0.999999995058986	0.799750458313621	-0.000166847388217458	12.5966387306642	1
21.875	17.25	0.999999995776322	0.799757440730132	-0.000153441949135518	12.3966993452391	1
22.125	17.25	0.999999996384364	0.799763919743964	-0.000141334935940042	12.1967583325667	1
22.375	17.25	0.999999996900516	0.79976994686463	-0.000130397463021628	11.9968158065584	1
22.625	17.25	0.999999997338976	0.799775566914733	-0.000120513776074163	11.7968718697815	1
22.875	17.25	0.999999997711756	0.799780818992794	-0.000111579876245046	11.5969266149116	1
23.125	17.25	0.999999998028967	0.799785737286885	-0.000103502290886962	11.3969801259775	1
23.375	17.25	0.999999998299221	0.799790351765541	-9.61969765862066e-05	11.197032479431	1
23.625	17.25	0.999999998529891	0.799794688765113	-8.95883388325119e-05	10.9970837450676	1
23.875	17.25	0.999999998727108	0.799798771488704	-8.36083553148409e-05	10.7971339868198	1
24.125	17.25	0.999999998895851	0.799802620432889	-7.81957935398615e-05	10.5971832634437	1
24.375	17.25	0.999999999040352	0.799806253751156	-7.32955107738733e-05	10.3972316291112	1
24.625	17.25	0.999999999164279	0.799809687564408	-6.88578274171903e-05	10.1972791339256	1
24.875	17.25	0.999999999270746	0.799812936227517	-6.48379672405504e-05	9.99732582436805	1
25.125	17.25	0.999999999362371	0.799816012557405	-6.11955564271445e-05	9.7973717436866	1
25.375	17.25	0.999999999441393	0.799818928029159	-5.78941745264201e-05	9.59741693223591	1
25.625	17.25	0.999999999509665	0.799821692945654	-5.49009525581164e-05	9.39746142777377	1
25.875	17.25	0.999999999568621	0.799824316582933	-5.21862133846318e-05	9.19750526572056	1
26.125	17.25	0.999999999619379	0.799826807315155	-4.97231490106115e-05	8.99754847938728	1
26.375	17.25	0.99999999966303	0.799829172724128	-4.74875313554477e-05	8.79759110017591	1
26.625	17.25	0.99999999970076	0.799831419693515	-4.54574528736356e-05	8.59763315775567	1
26.875	17.25	0.999999999733696	0.799833554489593	-4.36130940803846e-05	8.39767468021889	1
27.125	17.25	0.999999999763084	0.799835582832627	-4.1936514683669e-05	8.19771569421897	1
27.375	17.25	0.999999999790491	0.799837509959569	-4.04114658941505e-05	7.99775622509238	1
27.625	17.25	0.999999999817445	0.799839340677396	-3.90232222833943e-05	7.79779629696701	1
27.875	17.25	0.999999999844388	0.799841079409911	-3.77584307691231e-05	7.59783593285899	1
28.125	17.25	0.999999999869401	0.799842730239523	-3.66049742055342e-05	7.39787515475915	1
28.375	17.25	0.999999999886878	0.799844296944136	-3.55518493944837e-05	7.19791398371051	1
28.625	17.25	0.999999999887259	0.799845783028553	-3.45890575376547e-05	6.99795243987769	1
28.875	17.25	0.999999999859093	0.799847191752707	-3.37075047763639e-05	6.7979905426095	1
29.125	17.25	0.999999999796417	0.799848526158502	-3.2898913245717e-05	6.59802831049399	1
29.375	17.25	0.999999999711908	0.7998497890904	-3.21557414510251e-05	6.39806576140556	1
29.625	17.25	0.99999999965287	0.799850983211458	-3.1471112068127e-05	6.19810291254529	1
29.875	17.25	0.999999999711695	0.79985211101972	-3.08387472154464e-05	5.99813978047441	1
30.125	17.25	1.00000000001384	0.799853174859501	-3.02529096437056e-05	5.79817638114366	1
30.375	17.25	1.00000000066164	0.799854176931914	-2.97083503553962e-05	5.59821272992671	1
30.625	17.25	1.00000000161929	0.799855119310369	-2.92002609161459e-05	5.39824884166663	1
30.875	17.25	1.00000000254972	0.799856003964598	-2.87242293275831e-05	5.19828473074602	1
31.125	17.25	1.00000000267237	0.799856832800242	-2.82762001135731e-05	4.99832041118295	1
31.375	17.25	1.00000000078773	0.799857607709185	-2.78524376984363e-05	4.79835589673259	1
31.625	17.25	0.999999995677591	0.799858330611494	-2.7449494244334e-05	4.59839120094221	1
31.875	17.25	0.999999987067337	0.799859003456526	-2.70641836695578e-05	4.39842633706935	1
32.125	17.25	0.999999977130134	0.799859628131696	-2.6693562323997e-05	4.19846131775796	1
32.375	17.25	0.999999972035107	0.799860206228817	-2.63349188398444e-05	3.99849615442158	1
32.625	17.25	0.999999982322803	0.799860738675505	-2.59857698654129e-05	3.79853085645383	1
32.875	17.25	1.00000002020095	0.799861225364902	-2.56438527700266e-05	3.59856543069109	1
33.125	17.25	1.0000000918088	0.799861665092476	-2.53071004222257e-05	3.39859988192431	1
33.375	17.25	1.00000018402699	0.799862056279707	-2.49735766187843e-05	3.19863421547891	1
33.625	17.25	1.00000024939339	0.799862398968797	-2.46413591212783e-05	2.99866844255388	1
33.875	17.25	1.00000019914228	0.799862698161243	-2.43083837041085e-05	2.79870258765632	1
34.125	17.25	0.999999921265222	0.799862967536612	-2.39723106242295e-05	2.5987366948103	1
34.375	17.25	0.99999934254969	0.799863230932772	-2.36305441256576e-05	2.39877082570259	1
34.625	17.25	0.999998542376137	0.799863517241648	-2.32805828864155e-05	2.19880504034416	1
34.875	17.25	0.999997892866462	0.799863843965229	-2.29208414503764e-05	1.99883935265318	1
35.125	17.25	0.999998142621883	0.799864187769129	-2.25518813474929e-05	1.79887366413878	1
35.375	17.25	1.00000029527494	0.79986444916568	-2.21775651747799e-05	1.59890770178989	1
35.625	17.25	1.00000510386001	0.799864433380094	-2.1805061645262e-05	1.39894101862067	1
35.875	17.25	1.00001208309575	0.799863886239347	-2.14421564909091e-05	1.19897314251475	1
36.125	17.25	1.00001821902089	0.799862630666021	-2.10905245912277e-05	0.999003950636363	1
36.375	17.25	1.00001706361843	0.799860826442263	-2.07352183910408e-05	0.799034260580243	1
36.625	17.25	0.999999525653212	0.799859301581306	-2.03341740474589e-05	0.599066431498955	1
36.875	17.25	0.999958032799465	0.799859762949762	-1.98166522594621e-05	0.399104473108834	1
37.125	17.25	0.999895169500231	0.799881303874506	-1.91041487796381e-05	0.199152889506432	1
37.375	17.25	0.999835576708604	0.399890729403014	-1.82997051059881e-05	-0.000794859323427141	1
0.125	17.75	0.000489021594157175	0.799726188829182	-0.00321138336302912	22.826988131355	1
0.375	17.75	0.000489396512803813	0.799799521928489	-0.00346708644670356	22.8269241929187	1
0.625	17.75	0.000490083446936221	0.799715796605746	-0.00360069800727151	22.8268855769424	1
0.875	17.75	0.000490777953433196	0.799679834922421	-0.00358826517025095	22.8268614605764	1
1.125	17.75	0.000490768357459287	0.799698458626373	-0.00327944089424742	22.8268385948856	1
1.375	17.75	0.000488827308986313	0.799765148901554	-0.00250372381799826	22.8268034397748	1
1.625	17.75	0.000483232802099086	0.799851175787853	-0.00117613878972486	22.8267468689473	1
1.875	17.75	0.000472000182444302	0.799909644114131	0.00054113341546396	22.8266700739745	1
2.125	17.75	0.000453388039156744	0.799904114202396	0.00207951108777636	22.8265870507797	1
2.375	17.75	0.000426690178536	0.799849160050181	0.00257394629010517	22.8265176372385	1
2.625	17.75	0.000393253647380318	0.799815054045649	0.00156802780025011	22.82647115164	1
2.875	17.75	0.000357598817450531	0.799879231886717	-0.000221141299969957	22.8264328380381	1
3.125	17.75	0.000328494234517999	0.800074436496238	-0.00147844085820335	22.8263667448688	1
3.375	17.75	0.000319854407810448	0.800366962694766	-0.00156983336134058	22.8262338227755	1
3.625	17.75	0.000351339493997324	0.800681079052402	-0.000644849653068457	22.8260082282897	1
3.875	17.75	0.000448511659030469	0.80094759855607	0.000889804850982282	22.8256787839042	1
4.125	17.75	0.000642361842821156	0.801125334745137	0.0026996522799156	22.8252408174419	1
4.375	17.75	0.000968003129102226	0.801189476386484	0.004637793894406	22.8246887065432	1
4.625	17.75	0.00146240598557952	0.801111589230307	0.00670283359958208	22.8240139980964	1
4.875	17.75	0.00216136113813922	0.800849150076702	0.00894789653194841	22.8232076692772	1
5.125	17.75	0.00309649587105156	0.800345441615934	0.0114178440047666	22.8222631716524	1
5.375	17.75	0.00429404597304057	0.799534573825169	0.0141218944567769	22.8211776115658	1
5.625	17.75	0.00577803088402654	0.798348563194873	0.017023345848716	22.8199487598065	1
5.875	17.75	0.00758157066891039	0.796725889873023	0.0200332602501189	22.8185649566497	1
6.125	17.75	0.00977168847502139	0.794621823281862	0.023004590862267	22.8169837569427	1
6.375	17.75	0.0124955483619859	0.792020629345052	0.0257287654642588	22.8150936514322	1
6.625	17.75	0.0160602140703184	0.788948881680048	0.0279390292830742	22.8126517317884	1
6.875	17.75	0.0210639752301591	0.785487349387613	0.0293254116999961	22.8091894572863	1
7.125	17.75	0.0286037220335465	0.781776032033195	0.0295649616238261	22.8038803414335	1
7.375	17.75	0.040582433610351	0.778002961474511	0.0283673285969062	22.7953705910585	1
7.625	17.75	0.060110345299324	0.774364292907172	0.0255306328427094	22.7815918501342	1
7.875	17.75	0.0918784852772835	0.770988156511947	0.0209993546620942	22.7596108965477	1
8.125	17.75	0.142102624213192	0.767845706053793	0.0149186740835348	22.7256262196369	1
8.375	17.75	0.2172050443509	0.764750066616054	0.00768322854551183	22.6752743731446	1
8.625	17.75	0.320346912705424	0.761609116849475	-3.97004083175891e-05	22.6043856787744	1
8.875	17.75	0.446607237948027	0.758888406969834	-0.00738002116604657	22.5101135730469	1
9.125	17.75	0.581216456426866	0.757670533087505	-0.0134910482291879	22.3919641505954	1
9.375	17.75	0.705329252279199	0.758817379771676	-0.0178424608910251	22.2520451006956	1
9.625	17.75	0.805544710576081	0.76214759535157	-0.0203563334690027	22.0942883943323	1
9.875	17.75	0.878211270775457	0.766703429236352	-0.0213029796307564	21.9231722597559	1
10.125	17.75	0.926821254599248	0.771528299344213	-0.0210959607881173	21.7427004125854	1
10.375	17.75	0.957483939077517	0.776046693284474	-0.0201369630250648	21.5559584237649	1
10.625	17.75	0.975995889905911	0.780024274882293	-0.0187473881735983	21.3651118192674	1
10.875	17.75	0.986786854206568	0.783417913793584	-0.0171572943279265	21.1715953619418	1
11.125	17.75	0.992886990233183	0.786266720700009	-0.0155187945435667	20.9763284625803	1
11.375	17.75	0.996236922673558	0.788636902735551	-0.0139253900151346	20.7798908109177	1
11.625	17.75	0.998025196785053	0.790598434572479	-0.0124296460026005	20.582646936658	1
11.875	17.75	0.998954504503402	0.792216324852339	-0.0110570431671738	20.384828309511	1
12.125	17.75	0.999426998940951	0.793547858804864	-0.00981600914354254	20.1865851518246	1
12.375	17.75	0.999665181651103	0.794642184413629	-0.00870482038585184	19.988018216185	1
12.625	17.75	0.999787577592141	0.795540806817819	-0.0077161596281051	19.789197882731	1
12.875	17.75	0.999854592072323	0.79627841652869	-0.00684000949927575	19.5901754728723	1
13.125	17.75	0.999895440240623	0.796883804788574	-0.00606541201221198	19.3909899028028	1
13.375	17.75	0.999923419405536	0.797380751909894	-0.00538148211463779	19.1916716092829	1
13.625	17.75	0.9999442131055	0.7977888356966	-0.00477794773637629	18.9922449116877	1
13.875	17.75	0.99996016959319	0.798124139362343	-0.00424540059914822	18.7927294924581	1
14.125	17.75	0.999972350809063	0.79839985628974	-0.00377537813246164	18.5931413839273	1
14.375	17.75	0.999981412758928	0.79862679846775	-0.00336035236022299	18.3934936750978	1
14.625	17.75	0.999987918634507	0.798813819709593	-0.0029936718138604	18.1937970520913	1
14.875	17.75	0.999992407465908	0.798968165877318	-0.00266948327860367	17.9940602311929	1
15.125	17.75	0.999995378827103	0.799095763776178	-0.00238264820238032	17.794290314858	1
15.375	17.75	0.999997264422471	0.799201459069852	-0.00212866143196429	17.5944930871074	1
15.625	17.75	0.9999984113095	0.799289212027589	-0.00190357584069932	17.3946732584225	1
15.875	17.75	0.999999080376563	0.7993622584534	-0.00170393416895662	17.1948346676054	1
16.125	17.75	0.999999455871846	0.799423241873534	-0.00152670825213725	16.9949804469623	1
16.375	17.75	0.999999660363025	0.799474321988733	-0.00136924527347217	16.795113156568	1
16.625	17.75	0.999999770655526	0.799517263537073	-0.00122922045672082	16.5952348928369	1
16.875	17.75	0.999999831957807	0.799553508999726	-0.00110459555618077	16.395347376039	1
17.125	17.75	0.999999869106936	0.799584238000088	-0.000993582513906046	16.1954520207589	1
17.375	17.75	0.99999989469727	0.799610415773454	-0.000894611695558564	15.9955499926503	1
17.625	17.75	0.999999914518534	0.799632832672262	-0.000806304168264717	15.7956422542292	1
17.875	17.75	0.999999930921312	0.799652136344993	-0.000727447533779611	15.5957296019179	1
18.125	17.75	0.99999994473201	0.799668857937962	-0.000656974879621919	15.3958126960936	1
18.375	17.75	0.999999956235951	0.799683433422578	-0.000593946458658398	15.1958920855319	1
18.625	17.75	0.999999965612653	0.79969622096447	-0.000537533749510955	14.9959682273408	1
18.875	17.75	0.999999973081227	0.799707515074112	-0.000487005588564397	14.7960415032495	1
19.125	17.75	0.999999978915339	0.799717558139198	-0.000441716104625654	14.5961122329432	1
19.375	17.75	0.999999983411243	0.79972654983443	-0.000401094216809368	14.3961806849918	1
19.625	17.75	0.999999986853151	0.799734654804519	-0.000364634488358232	14.1962470858165	1
19.875	17.75	0.999999989489227	0.799742008942185	-0.000331889157013205	13.9963116270515	1
20.125	17.75	0.999999991521421	0.799748724522805	-0.000302461183586939	13.7963744715929	1
20.375	17.75	0.999999993105668	0.799754894409907	-0.000275998184160555	13.5964357585706	1
20.625	17.75	0.999999994357628	0.799760595497624	-0.000252187127831442	13.3964956074378	1
20.875	17.75	0.999999995360573	0.799765891536947	-0.000230749699574161	13.1965541213371	1
21.125	17.75	0.99999999617371	0.799770835454162	-0.000211438239314624	12.996611389871	1
21.375	17.75	0.999999996839175	0.799775471253368	-0.000194032182851878	12.7966674913861	1
21.625	17.75	0.999999997387215	0.799779835582965	-0.000178334939740264	12.5967224948554	1
21.875	17.75	0.999999997840116	0.799783959022339	-0.000164171149249216	12.3967764614304	1
22.125	17.75	0.999999998214958	0.799787867141154	-0.000151384269018193	12.1968294457237	1
22.375	17.75	0.999999998525352	0.799791581371596	-0.000139834452195171	11.9968814968665	1
22.625	17.75	0.999999998782061	0.799795119727336	-0.000129396675768097	11.7969326593834	1
22.875	17.75	0.99999999899411	0.79979849739664	-0.000119959090857695	11.5969829739158	1
23.125	17.75	0.999999999169161	0.799801727230529	-0.000111421565898962	11.3970324778189	1
23.375	17.75	0.999999999313631	0.799804820145963	-0.000103694398483483	11.1970812056575	1
23.625	17.75	0.999999999432926	0.799807785459439	-9.66971764801831e-05	10.9971291896154	1
23.875	17.75	0.999999999531513	0.799810631160667	-9.03577691853437e-05	10.7971764598348	1
24.125	17.75	0.999999999612881	0.799813364139878	-8.46114335826221e-05	10.5972230446981	1
24.375	17.75	0.999999999679913	0.799815990376282	-7.94000213589104e-05	10.3972689710616	1
24.625	17.75	0.999999999735148	0.799818515092172	-7.46712746564519e-05	10.1973142644491	1
24.875	17.75	0.999999999780638	0.799820942880039	-7.03782008682028e-05	9.99735894921333	1
25.125	17.75	0.999999999817991	0.799823277808732	-6.64785166952413e-05	9.7974030486704	1
25.375	17.75	0.999999999848635	0.799825523511248	-6.29341528680364e-05	9.59744658521153	1
25.625	17.75	0.999999999873822	0.799827683256412	-5.97108131676509e-05	9.39748958039655	1
25.875	17.75	0.999999999894423	0.799829760007924	-5.67775820667389e-05	9.19753205503214	1
26.125	17.75	0.999999999911045	0.799831756473602	-5.41065743129263e-05	8.99757402923767	1
26.375	17.75	0.999999999924292	0.799833675146884	-5.16726221504653e-05	8.79761552250037	1
26.625	17.75	0.999999999934909	0.799835518339746	-4.94529962329939e-05	8.59765655372176	1
26.875	17.75	0.999999999943638	0.799837288209099	-4.74271563249109e-05	8.39769714125741	1
27.125	17.75	0.999999999951411	0.799838986780702	-4.5576528168179e-05	8.19773730295089	1
27.375	17.75	0.999999999959506	0.799840615968984	-4.38843038131359e-05	7.99777705616228	1
27.625	17.75	0.999999999969143	0.799842177591313	-4.23352630380129e-05	7.79781641779294	1
27.875	17.75	0.999999999980522	0.799843673380534	-4.0915613735488e-05	7.59785540430738	1
28.125	17.75	0.999999999991685	0.799845104996317	-3.9612848264064e-05	7.39789403175234	1
28.375	17.75	0.999999999996902	0.799846474034457	-3.84156148443581e-05	7.19793231577388	1
28.625	17.75	0.999999999986403	0.799847782034655	-3.73136025879751e-05	6.99797027163259	1
28.875	17.75	0.999999999948727	0.799849030486333	-3.62974375651216e-05	6.79800791421705	1
29.125	17.75	0.999999999877919	0.799850220834501	-3.53585900867849e-05	6.59804525805526	1
29.375	17.75	0.999999999786433	0.799851354483907	-3.44892918801237e-05	6.39808231732255	1
29.625	17.75	0.999999999720969	0.799852432800142	-3.36824603905298e-05	6.19811910584628	1
29.875	17.75	0.999999999772789	0.799853457111004	-3.29316317678062e-05	5.99815563710745	1
30.125	17.75	1.00000000006602	0.799854428704743	-3.22309006308489e-05	5.79819192424143	1
30.375	17.75	1.00000000070204	0.799855348829195	-3.15748653914876e-05	5.59822798004558	1
30.625	17.75	1.00000000164534	0.799856218697891	-3.09585788620216e-05	5.39826381700236	1
30.875	17.75	1.00000000256207	0.799857039504675	-3.03775031530799e-05	5.19829944732792	1
31.125	17.75	1.00000000267944	0.79985781245404	-2.98274684263463e-05	4.99833488304838	1
31.375	17.75	1.00000000081018	0.799858538803334	-2.93046354469335e-05	4.79837013608369	1
31.625	17.75	0.999999995748394	0.79985921989803	-2.88054628079651e-05	4.59840521828709	1
31.875	17.75	0.999999987222332	0.79985985716777	-2.83266798003403e-05	4.39844014135052	1
32.125	17.75	0.999999977383819	0.799860452029736	-2.78652666625181e-05	4.19847491647141	1
32.375	17.75	0.999999972340959	0.799861005651583	-2.74184446511647e-05	3.99850955373136	1
32.625	17.75	0.999999982529924	0.799861518583237	-2.69836713200972e-05	3.79854406130469	1
32.875	17.75	1.00000002003701	0.799861990385976	-2.65586324338982e-05	3.59857844491741	1
33.125	17.75	1.00000009093798	0.799862419565905	-2.61412161068957e-05	3.3986127083462	1
33.375	17.75	1.00000018223599	0.799862804287546	-2.5729447059342e-05	3.1986468559656	1
33.625	17.75	1.00000024692309	0.799863144345013	-2.53213674050629e-05	2.99868089802808	1
33.875	17.75	1.00000019708651	0.799863444465942	-2.49148775151077e-05	2.79871485802023	1
34.125	17.75	0.999999921798413	0.799863717993528	-2.45076005332809e-05	2.59874877880575	1
34.375	17.75	0.999999348569584	0.799863988350955	-2.40969043323015e-05	2.39878272078393	1
34.625	17.75	0.999998556080626	0.799864283985235	-2.36802628558853e-05	2.19881674273299	1
34.875	17.75	0.999997913029878	0.799864622078012	-2.325610126925e-05	1.99885085781419	1
35.125	17.75	0.999998161109148	0.799864979371858	-2.2825061323971e-05	1.79888496788269	1
35.375	17.75	1.00000029469258	0.799865257171452	-2.23911860389197e-05	1.5989188019592	1
35.625	17.75	1.00000505983486	0.799865262364337	-2.19619185276935e-05	1.39895191676489	1
35.875	17.75	1.00001197546144	0.799864742946857	-2.15453152432873e-05	1.19898384417206	1
36.125	17.75	1.00001805442313	0.799863523240206	-2.11430751571876e-05	0.999014462152214	1
36.375	17.75	1.00001690576198	0.799861761307324	-2.07396312827217e-05	0.799044580529054	1
36.625	17.75	0.99999951782576	0.799860277451762	-2.0291225507027e-05	0.599076536732468	1
36.875	17.75	0.999958383086661	0.799860763020231	-1.97242196027355e-05	0.399114304042833	1
37.125	17.75	0.999896060796892	0.799882155594012	-1.89567239611499e-05	0.199162346221835	1
37.375	17.75	0.999836976404481	0.399891486521851	-1.80984201518112e-05	-0.00078582419487452	1
0.125	18.25	0.000469575377662107	0.799718535294327	-0.00287672227772608	22.8267239523647	1
0.375	18.25	0.000469953233257333	0.79974299251189	-0.00316873089301604	22.8266732886089	1
0.625	18.25	0.000470659701437363	0.799606824159047	-0.00337602701945682	22.8266607206645	1
0.875	18.25	0.000471418097413996	0.799509563702373	-0.00345832366422047	22.8266775261477	1
1.125	18.25	0.000471557103711451	0.799460612993656	-0.00325324210301532	22.8267125932193	1
1.375	18.25	0.000469895452805155	0.799461440620514	-0.00257033668577338	22.8267532243846	1
1.625	18.25	0.000464748525157142	0.799495183721431	-0.00130316363603212	22.826788539546	1
1.875	18.25	0.000454138122426014	0.799526540794674	0.000379394746346794	22.8268147102082	1
2.125	18.25	0.000436270826693711	0.799524113960803	0.00185361324581488	22.8268380454383	1
2.375	18.25	0.000410302305386744	0.799492825438025	0.00219856796971167	22.8268705348436	1
2.625	18.25	0.000377333194411	0.799473035132543	0.0010003892000769	22.8269182436934	1
2.875	18.25	0.000341514945934772	0.799505533109971	-0.00090273822537715	22.8269729336791	1
3.125	18.25	0.00031111524077655	0.799612369941909	-0.00213790875575669	22.8270139306373	1
3.375	18.25	0.0002994059534263	0.799788142326859	-0.00210836909614308	22.8270154239278	1
3.625	18.25	0.000325252478268164	0.79999953017806	-0.00103454535316692	22.8269531591417	1
3.875	18.25	0.00041326708205634	0.800204262099164	0.000630358671095204	22.8268071595425	1
4.125	18.25	0.000593351864948197	0.800370255512586	0.00255676401155546	22.8265600770837	1
4.375	18.25	0.000899434368616974	0.80047945674992	0.00463758150793407	22.8261927543392	1
4.625	18.25	0.00136725383926407	0.80051804172756	0.00691302152283206	22.8256808804923	1
4.875	18.25	0.00203131206457679	0.800465689431011	0.00946410872080376	22.8249950071649	1
5.125	18.25	0.00292167018733396	0.800292121163814	0.0123518087446291	22.8241025481528	1
5.375	18.25	0.00406208784395877	0.799959892578913	0.0155936071460503	22.8229690553259	1
5.625	18.25	0.00547188394797793	0.799429574129034	0.019153551765476	22.8215563341232	1
5.875	18.25	0.00717487093942179	0.798665177595576	0.0229340307579564	22.8198149033519	1
6.125	18.25	0.00922010565514935	0.797639554282364	0.0267672418318024	22.817667394664	1
6.375	18.25	0.0117214779554031	0.796340123987561	0.0304086825739825	22.8149779979001	1
6.625	18.25	0.0149268355212774	0.794775005163952	0.0335371092687304	22.8115013847425	1
6.875	18.25	0.0193328221804806	0.792978631741841	0.0357665388897775	22.8068032954087	1
7.125	18.25	0.0258681953230995	0.791014006483562	0.036675609464604	22.8001454727472	1
7.375	18.25	0.0361710375851189	0.788965534027405	0.0358570777093977	22.7903325987162	1
7.625	18.25	0.052966605070753	0.786912743803108	0.032985402474428	22.7755331168539	1
7.875	18.25	0.0804688667631853	0.784876177670486	0.0278956539945894	22.7531158254489	1
8.125	18.25	0.124504014382903	0.782746819043361	0.0206665353499056	22.7195938541684	1
8.375	18.25	0.191653654463557	0.780271886839902	0.0117017018329398	22.6708242834242	1
8.625	18.25	0.286461442124512	0.77724837409758	0.00178556342732755	22.6026188141219	1
8.875	18.25	0.406777297102004	0.773970295513491	-0.00796621004354446	22.5117707710932	1
9.125	18.25	0.540556727295734	0.771472758549159	-0.0163625138103147	22.3971487635472	1
9.375	18.25	0.669316644103397	0.770908384480571	-0.0225401212949367	22.2602035788724	1
9.625	18.25	0.777360472089291	0.772547658959491	-0.0262312169636101	22.1044681117085	1
9.875	18.25	0.858182872069156	0.775688553228781	-0.0277025842212068	21.9343657099443	1
10.125	18.25	0.913561908915822	0.779382842290548	-0.0274922161300909	21.7540799259034	1
10.375	18.25	0.949148576643852	0.782971925302599	-0.0261689715886548	21.5669535898913	1
10.625	18.25	0.970960229004911	0.786150886740496	-0.0242075221496848	21.375385682723	1
10.875	18.25	0.983845209459814	0.788837676922275	-0.0219550457040819	21.1809846136551	1
11.125	18.25	0.991222473231088	0.791053204749365	-0.019642912626598	20.9847843644833	1
11.375	18.25	0.995326183173651	0.792854985837118	-0.0174126667102716	20.7874335042432	1
11.625	18.25	0.99754582646617	0.794307772773643	-0.0153421561539579	20.5893340297489	1
11.875	18.25	0.998714115075357	0.795472301875159	-0.0134669193756682	20.3907347998515	1
12.125	18.25	0.999314174389886	0.796401683111525	-0.0117960296800664	20.1917913145419	1
12.375	18.25	0.999617400091213	0.7971407985327	-0.0103231128922991	19.9926027330057	1
12.625	18.25	0.9997709945505	0.797726839098315	-0.00903363371999285	19.7932342658623	1
12.875	18.25	0.999851673713584	0.798190235322744	-0.00790949010089779	19.5937304804936	1
13.125	18.25	0.999897609849907	0.798555672951944	-0.00693175978804158	19.3941231071718	1
13.375	18.25	0.999926814646096	0.798843059413821	-0.00608223173115325	19.1944355941538	1
13.625	18.25	0.999947320848689	0.799068384286389	-0.00534417102785086	18.9946857825848	1
13.875	18.25	0.999962560860389	0.799244455580784	-0.00470262215186925	18.7948875151086	1
14.125	18.25	0.999974038808989	0.799381513718688	-0.0041444492766795	18.595051647891	1
14.375	18.25	0.999982549817837	0.799487734924684	-0.0036582383871059	18.3951867289256	1
14.625	18.25	0.999988668287737	0.799569639561514	-0.00323413612544113	18.19529948511	1
14.875	18.25	0.999992901075528	0.799632421303657	-0.00286366822744039	17.9953951931359	1
15.125	18.25	0.999995708984378	0.799680211661865	-0.00253956048618088	17.7954779731096	1
15.375	18.25	0.99999749158835	0.799716292288636	-0.0022555733273649	17.5955510254894	1
15.625	18.25	0.999998573145222	0.799743265327588	-0.00200635435129604	17.3956168231735	1
15.875	18.25	0.99999919977337	0.799763190107271	-0.0017873095955078	17.1956772666309	1
16.125	18.25	0.999999546709584	0.799777692817303	-0.00159449250674146	16.9957338082255	1
16.375	18.25	0.999999731223085	0.799788054467269	-0.00142450886513951	16.7957875510016	1
16.625	18.25	0.999999827044844	0.799795281373808	-0.00127443569899438	16.5958393265783	1
16.875	18.25	0.999999877573592	0.799800161579604	-0.00114175228946799	16.3958897562087	1
17.125	18.25	0.999999906535435	0.799803309948716	-0.00102428153170797	16.1959392984609	1
17.375	18.25	0.999999925801357	0.799805204162784	-0.000920140125306519	15.9959882863813	1
17.625	18.25	0.999999940662782	0.799806213409951	-0.000827696270164445	15.7960369564533	1
17.875	18.25	0.999999953114146	0.799806621223191	-0.000745533729646015	15.5960854711781	1
18.125	18.25	0.99999996372364	0.799806643642684	-0.000672421290197662	15.396133936702	1
18.375	18.25	0.999999972589516	0.799806443641876	-0.000607286789457111	15.1961824165895	1
18.625	18.25	0.999999979757348	0.799806142581923	-0.000549195009669567	14.9962309425882	1
18.875	18.25	0.999999985351558	0.79980582929664	-0.000497328840582704	14.7962795230334	1
19.125	18.25	0.999999989578955	0.799805567292059	-0.000450973208623518	14.5963281493984	1
19.375	18.25	0.999999992688059	0.799805400451985	-0.000409501345351021	14.3963768013788	1
19.625	18.25	0.999999994928191	0.799805357548963	-0.000372363037080606	14.1964254508195	1
19.875	18.25	0.999999996521107	0.799805455808098	-0.000339074554270351	13.9964740647241	1
20.125	18.25	0.999999997647564	0.799805703718847	-0.000309210003279964	13.7965226075412	1
20.375	18.25	0.999999998445643	0.799806103248726	-0.000282393888680584	13.5965710428782	1
20.625	18.25	0.999999999015544	0.799806651575898	-0.000258294704238691	13.3966193347655	1
20.875	18.25	0.999999999426931	0.799807342446515	-0.000236619400370679	13.1966674485694	1
21.125	18.25	0.999999999727155	0.799808167230526	-0.000217108600025454	12.9967153516294	1
21.375	18.25	0.999999999947887	0.799809115735564	-0.000199532453732564	12.7967630136836	1
21.625	18.25	1.0000000001101	0.799810176835127	-0.000183687043706847	12.5968104071305	1
21.875	18.25	1.00000000022816	0.799811338944557	-0.000169391256705742	12.3968575071655	1
22.125	18.25	1.00000000031212	0.799812590377452	-0.000156484061819622	12.1969042918247	1
22.375	18.25	1.00000000036942	0.799813919611544	-0.000144822136813171	11.9969507419587	1
22.625	18.25	1.00000000040562	0.799815315479445	-0.000134277793351296	11.7969968411552	1
22.875	18.25	1.00000000042532	0.79981676730191	-0.000124737162819659	11.5970425756269	1
23.125	18.25	1.00000000043224	0.799818264978488	-0.000116098607095492	11.3970879340748	1
23.375	18.25	1.0000000004295	0.799819799042718	-0.000108271322974291	11.197132907536	1
23.625	18.25	1.00000000041973	0.799821360690829	-0.000101174116825992	10.9971774892231	1
23.875	18.25	1.00000000040503	0.799822941790462	-9.47343266720589e-05	10.7972216743612	1
24.125	18.25	1.00000000038685	0.799824534875888	-8.88868718304206e-05	10.5972654600244	1
24.375	18.25	1.00000000036637	0.799826133132412	-8.35734151009127e-05	10.3973088449762	1
24.625	18.25	1.00000000034464	0.799827730371322	-7.87416231889442e-05	10.1973518295155	1
24.875	18.25	1.00000000032235	0.799829321000034	-7.43445127080814e-05	9.99739441532935	1
25.125	18.25	1.00000000029986	0.799830899990369	-7.03398710763299e-05	9.79743660535355	1
25.375	18.25	1.00000000027764	0.799832462844532	-6.66897435906293e-05	9.59747840364171	1
25.625	18.25	1.00000000025607	0.799834005558853	-6.33599786141658e-05	9.39751981524256	1
25.875	18.25	1.00000000023525	0.799835524588415	-6.03198239705071e-05	9.19756084608633	1
26.125	18.25	1.00000000021516	0.799837016812727	-5.75415678215813e-05	8.99760150287943	1
26.375	18.25	1.00000000019587	0.799838479502498	-5.50002196707212e-05	8.79764179300744	1
26.625	18.25	1.00000000017763	0.799839910286968	-5.26732266102124e-05	8.59768172444577	1
26.875	18.25	1.00000000016066	0.799841307122822	-5.05402201237164e-05	8.39772130567832	1
27.125	18.25	1.00000000014551	0.799842668266263	-4.85827901574826e-05	8.1977605456231	1
27.375	18.25	1.00000000013315	0.799843992246583	-4.67842841446244e-05	7.99779945356418	1
27.625	18.25	1.00000000012459	0.799845277839448	-4.51296273079556e-05	7.79783803909004	1
27.875	18.25	1.00000000011974	0.799846524043859	-4.36051621426351e-05	7.59787631203835	1
28.125	18.25	1.00000000011644	0.799847730061774	-4.21985045862134e-05	7.39791428244572	1
28.375	18.25	1.00000000010879	0.79984889527778	-4.08984153733772e-05	7.19795196050265	1
28.625	18.25	1.00000000008696	0.79985001924113	-3.96946854765636e-05	6.99798935651349	1
28.875	18.25	1.00000000003957	0.799851101649318	-3.85780328895635e-05	6.79802648085995	1
29.125	18.25	0.999999999960554	0.799852142333021	-3.75400100260079e-05	6.5980633439679	1
29.375	18.25	0.999999999861946	0.799853141242881	-3.65729214898038e-05	6.39809995627542	1
29.625	18.25	0.999999999789833	0.799854098434067	-3.56697491851513e-05	6.19813632820119	1
29.875	18.25	0.9999999998345	0.799855014051871	-3.48240860834393e-05	5.99817247011398	1
30.125	18.25	1.00000000011874	0.799855888318117	-3.40300768620952e-05	5.79820839230465	1
30.375	18.25	1.00000000074284	0.799856721519091	-3.32823634884659e-05	5.5982441049674	1
30.625	18.25	1.00000000167154	0.799857514000173	-3.2576036658315e-05	5.3982796181992	1
30.875	18.25	1.00000000257433	0.799858266170933	-3.19065917356559e-05	5.19831494202696	1
31.125	18.25	1.00000000268653	0.799858978527143	-3.1269887905537e-05	4.99835008646401	1
31.375	18.25	1.00000000083314	0.79985965168479	-3.06621112008537e-05	4.798385061576	1
31.625	18.25	0.999999995820435	0.799860286408292	-3.00797423670581e-05	4.59841987750485	1
31.875	18.25	0.999999987379354	0.79986088360075	-2.95195304447821e-05	4.3984545443611	1
32.125	18.25	0.999999977639875	0.799861444201781	-2.89784738486287e-05	4.1984890718818	1
32.375	18.25	0.999999972648014	0.799861968947987	-2.84538107928737e-05	3.99852346880462	1
32.625	18.25	0.999999982733853	0.799862458005433	-2.79430151685615e-05	3.79855774207451	1
32.875	18.25	1.00000001986079	0.799862910597554	-2.74437891364282e-05	3.59859189629885	1
33.125	18.25	1.00000009004188	0.799863324934521	-2.69540370870284e-05	3.39862593423347	1
33.375	18.25	1.00000018040828	0.799863698916835	-2.64717992294071e-05	3.19865985929671	1
33.625	18.25	1.00000024441895	0.799864032083811	-2.59951306453433e-05	2.9986936807896	1
33.875	18.25	1.00000019503437	0.799864328881939	-2.55219393462314e-05	2.7987274211722	1
34.125	18.25	0.999999922429602	0.799864602308333	-2.50498495622885e-05	2.59876112213986	1
34.375	18.25	0.999999354845583	0.799864875359193	-2.45762264147504e-05	2.39879484279589	1
34.625	18.25	0.999998570223621	0.799865176023221	-2.40985480557356e-05	2.1988286406818	1
34.875	18.25	0.999997933714632	0.799865521151662	-2.36152740956364e-05	1.99886252821349	1
35.125	18.25	0.999998179871523	0.799865887565621	-2.31271446977194e-05	1.79889640763529	1
35.375	18.25	1.00000029351589	0.79986617738571	-2.26383955162586e-05	1.5989300100887	1
35.625	18.25	1.00000501352676	0.799866199215395	-2.21567506269572e-05	1.39896289613383	1
35.875	18.25	1.00001186326596	0.799865703297926	-2.16905421026519e-05	1.19899460176144	1
36.125	18.25	1.00001788350401	0.799864515417048	-2.12415056646348e-05	0.999025005764606	1
36.375	18.25	1.00001674268964	0.799862791882666	-2.07934911635805e-05	0.799054909909698	1
36.625	18.25	0.999999512146316	0.799861345031849	-2.03011248184094e-05	0.599086629115215	1
36.875	18.25	0.999958752147606	0.799861850130856	-1.96879989780003e-05	0.399124098872653	1
37.125	18.25	0.999896996085874	0.799883080159308	-1.88689943448892e-05	0.199171741026055	1
37.375	18.25	0.999838444558973	0.399892314397685	-1.79600508911249e-05	-0.000776876198116929	1
0.125	18.75	0.000446375054944091	0.79972448919092	-0.00249480783594034	22.8264637860348	1
0.375	18.75	0.000446757464739771	0.799716290353655	-0.00286738803688274	22.8264212269215	1
0.625	18.75	0.00044749023657463	0.799538544741643	-0.00314294027039278	22.8264267097094	1
0.875	18.75	0.000448332202202285	0.79938531170263	-0.00331628997309877	22.8264742115786	1
1.125	18.75	0.000448665046258204	0.79926263133341	-0.0032285791115568	22.8265571215808	1
1.375	18.75	0.00044737144814958	0.799176915986923	-0.00265029095295051	22.8266671280339	1
1.625	18.75	0.000442826667516991	0.799125916906207	-0.00139930616171378	22.8267954348214	1
1.875	18.75	0.000433084046810122	0.79909857776681	0.000422756511505403	22.8269351564729	1
2.125	18.75	0.0004163221302274	0.799087751257864	0.00216730226956801	22.8270818177035	1
2.375	18.75	0.000391576608585458	0.799097470247125	0.00276677606443558	22.8272312294741	1
2.625	18.75	0.000359710690895012	0.79912295609418	0.00163805875035072	22.8273794236312	1
2.875	18.75	0.000324507857740915	0.799142352367291	-0.00045238857052639	22.8275258982288	1
3.125	18.75	0.000293734985439281	0.799152460111816	-0.00205610612772298	22.8276711784088	1
3.375	18.75	0.000280032462594289	0.799175821979704	-0.00239638253676035	22.8278090253166	1
3.625	18.75	0.000301508516222412	0.799231650249413	-0.00153494700575427	22.8279230522748	1
3.875	18.75	0.000381908352055144	0.799323665030249	0.000114387479499212	22.8279872439292	1
4.125	18.75	0.000550196736308545	0.799444825572411	0.00214276996256413	22.8279683159714	1
4.375	18.75	0.000839366291553581	0.799587088385741	0.00434526617447964	22.8278273626773	1
4.625	18.75	0.00128431556164597	0.799746856785895	0.00672465865407701	22.8275189352791	1
4.875	18.75	0.00191883783703054	0.799922810666548	0.00937794343576724	22.8269894789391	1
5.125	18.75	0.00277224397930889	0.800111561869574	0.0123959264411944	22.8261770804421	1
5.375	18.75	0.00386688498800673	0.80030611738461	0.0158177210473199	22.8250119055431	1
5.625	18.75	0.00521865980465409	0.800496973859141	0.0196186492862032	22.8234152213917	1
5.875	18.75	0.00684344316666698	0.800673585035543	0.0237064956076822	22.8212945744832	1
6.125	18.75	0.00877352388807679	0.800825043210285	0.0279163143905512	22.8185321657338	1
6.375	18.75	0.0110900559925028	0.800940172826864	0.0320043205275421	22.8149622320608	1
6.625	18.75	0.0139806818026931	0.801007680114056	0.0356453417012905	22.8103315581793	1
6.875	18.75	0.0178363462880363	0.801016668970714	0.0384395707379564	22.8042356559649	1
7.125	18.75	0.0234077244234008	0.800956694725223	0.0399345740874241	22.7960227064376	1
7.375	18.75	0.0320465963409341	0.800814157534194	0.0396674015644369	22.7846602247148	1
7.625	18.75	0.0460490821841609	0.800558291763185	0.0372286149187447	22.7685695820532	1
7.875	18.75	0.0690634122286049	0.800108156796753	0.0323459040704	22.7454569772224	1
8.125	18.75	0.106359870750059	0.799282189858921	0.024982391702394	22.7122116372787	1
8.375	18.75	0.164419513866072	0.797774537619241	0.0154433791027289	22.6649979800097	1
8.625	18.75	0.248924106996396	0.795279756213184	0.00446957510781495	22.5997005844531	1
8.875	18.75	0.360636934842052	0.791875188698844	-0.00675972867988947	22.5127988829744	1
9.125	18.75	0.491144268198413	0.788407483936805	-0.0168410773775685	22.4024659469459	1
9.375	18.75	0.623530918213762	0.786188729853074	-0.0245928249135586	22.2693269256732	1
9.625	18.75	0.740164352575243	0.785975875761789	-0.0294653614052122	22.1163174856955	1
9.875	18.75	0.830997781136902	0.787454848402989	-0.031603044598754	21.9476815910962	1
10.125	18.75	0.895195422931488	0.789764404193425	-0.0315837222643925	21.7677658760384	1
10.375	18.75	0.93742577844622	0.792173997091242	-0.0301017909879498	21.5802252397713	1
10.625	18.75	0.963786946733258	0.794301978686074	-0.0277698011538478	21.3877681955794	1
10.875	18.75	0.979601083246325	0.796028235256431	-0.0250474932242646	21.1922436347762	1
11.125	18.75	0.988784957918725	0.797362998555746	-0.0222440128958061	20.9948477951304	1
11.375	18.75	0.99396646478497	0.798363740875172	-0.019547917210956	20.7963276651242	1
11.625	18.75	0.996810641607491	0.799096458289346	-0.0170613242014334	20.5971386295604	1
11.875	18.75	0.998330625777144	0.799621056002241	-0.0148290060607344	20.3975538285596	1
12.125	18.75	0.999122768662435	0.799987291658208	-0.0128602354808203	20.1977354691707	1
12.375	18.75	0.999527293083303	0.800234766448817	-0.0111439850971415	19.9977795380991	1
12.625	18.75	0.999732086671398	0.800394249282464	-0.00965890526639314	19.7977430546423	1
12.875	18.75	0.999837256645279	0.800489283179128	-0.00837952814119814	19.5976603057894	1
13.125	18.75	0.99989402586899	0.800537691057596	-0.00727989671232012	19.3975523296257	1
13.375	18.75	0.999927441322655	0.800552859108969	-0.00633551866932536	19.1974323654906	1
13.625	18.75	0.999949175128116	0.800544778444867	-0.00552427989102208	18.9973089528619	1
13.875	18.75	0.999964446648018	0.800520865582648	-0.00482674443510078	18.7971876918135	1
14.125	18.75	0.999975577217271	0.800486595961434	-0.00422611609508712	18.5970722581526	1
14.375	18.75	0.999983697072855	0.80044598664142	-0.00370803139535096	18.39696501024	1
14.625	18.75	0.999989492193442	0.800401961065348	-0.00326028411510093	18.1968673728986	1
14.875	18.75	0.999993487681392	0.800356623515627	-0.0028725369723248	17.9967800971258	1
15.125	18.75	0.999996130456087	0.800311465366135	-0.00253604890773767	17.7967034467146	1
15.375	18.75	0.999997800048656	0.800267520205085	-0.00224343051019026	17.5966373379279	1
15.625	18.75	0.999998803683964	0.800225480725146	-0.00198843131112027	17.3965814459673	1
15.875	18.75	0.999999375381698	0.800185786987498	-0.00176575814723816	17.1965352861448	1
16.125	18.75	0.999999682522036	0.800148693175653	-0.0015709217293758	16.9964982750343	1
16.375	18.75	0.999999837483212	0.80011431810538	-0.00140010784499711	16.7964697756534	1
16.625	18.75	0.999999910960772	0.800082683404931	-0.00125006960320443	16.5964491300468	1
16.875	18.75	0.999999944406353	0.800053742300733	-0.0011180374260214	16.3964356821253	1
17.125	18.75	0.999999960222988	0.800027401228238	-0.00100164389637211	16.19642879314	1
17.375	18.75	0.999999969327202	0.800003535960246	-0.000898860996445344	15.9964278517161	1
17.625	18.75	0.999999976292046	0.799982003546297	-0.000807947657610195	15.7964322799557	1
17.875	18.75	0.999999982561344	0.799962651064289	-0.00072740588302179	15.5964415367543	1
18.125	18.75	0.999999988282031	0.799945321952709	-0.000655943997853741	15.3964551191795	1
18.375	18.75	0.999999993234137	0.799929860511685	-0.000592445824420313	15.1964725625245	1
18.625	18.75	0.999999997226915	0.799916115033167	-0.000535944785577764	14.9964934394757	1
18.875	18.75	1.00000000021173	0.799903939904281	-0.000485602110006519	14.7965173587002	1
19.125	18.75	1.00000000226969	0.79989319694752	-0.000440688454670746	14.5965439630715	1
19.375	18.75	1.00000000355827	0.799883756203949	-0.000400568377181792	14.3965729276842	1
19.625	18.75	1.00000000425997	0.799875496304766	-0.000364687188627898	14.1966039577641	1
19.875	18.75	1.00000000454645	0.799868304552083	-0.00033255979826313	13.9966367865504	1
20.125	18.75	1.00000000455995	0.799862076792722	-0.000303761225315207	13.7966711731997	1
20.375	18.75	1.00000000440807	0.799856717148076	-0.000277918513308115	13.5967069007493	1
20.625	18.75	1.00000000416613	0.799852137648292	-0.000254703822813667	13.3967437741662	1
20.875	18.75	1.00000000388294	0.799848257809809	-0.000233828517202697	13.1967816184944	1
21.125	18.75	1.00000000358831	0.799845004179029	-0.00021503808950734	12.9968202771125	1
21.375	18.75	1.00000000329907	0.799842309859063	-0.000198107799171839	12.796859610104	1
21.625	18.75	1.00000000302348	0.799840114041042	-0.000182838912917854	12.5968994927444	1
21.875	18.75	1.00000000276509	0.799838361543646	-0.000169055459271245	12.3969398140988	1
22.125	18.75	1.00000000252489	0.799837002365606	-0.000156601420346209	12.1969804757309	1
22.375	18.75	1.0000000023026	0.799835991263516	-0.000145338298017854	11.9970213905166	1
22.625	18.75	1.00000000209734	0.799835287351815	-0.00013514299956623	11.7970624815559	1
22.875	18.75	1.00000000190811	0.799834853725222	-0.000125905998256062	11.5971036811791	1
23.125	18.75	1.00000000173384	0.79983465710989	-0.000117529730950949	11.3971449300397	1
23.375	18.75	1.0000000015737	0.799834667538777	-0.000109927198044435	11.1971861762882	1
23.625	18.75	1.00000000142699	0.799834858050168	-0.000103020739224951	10.9972273748209	1
23.875	18.75	1.00000000129282	0.7998352044115	-9.67409618033613e-05	10.7972684865972	1
24.125	18.75	1.00000000117019	0.799835684866573	-9.1025799900902e-05	10.5973094780211	1
24.375	18.75	1.00000000105837	0.799836279902378	-8.58196881444559e-05	10.39735032038	1
24.625	18.75	1.00000000095672	0.799836972035762	-8.10728350742384e-05	10.1973909893365	1
24.875	18.75	1.0000000008643	0.799837745619843	-7.67405827852125e-05	9.99743146446952	1
25.125	18.75	1.0000000007802	0.799838586667855	-7.27828416741218e-05	9.79747172885889	1
25.375	18.75	1.00000000070386	0.799839482692226	-6.91635917977772e-05	9.59751176871027	1
25.625	18.75	1.00000000063471	0.799840422557979	-6.58504417597105e-05	9.39755157301658	1
25.875	18.75	1.00000000057192	0.799841396350433	-6.28142382360221e-05	9.19759113325276	1
26.125	18.75	1.00000000051482	0.799842395254999	-6.00287196807784e-05	8.99763044310044	1
26.375	18.75	1.00000000046295	0.799843411448018	-5.74702094855625e-05	8.79766949819994	1
26.625	18.75	1.00000000041583	0.799844437998252	-5.51173435179415e-05	8.5977082959269	1
26.875	18.75	1.00000000037318	0.799845468777666	-5.29508275006248e-05	8.39774683519131	1
27.125	18.75	1.00000000033524	0.799846498380631	-5.09532210506894e-05	8.19778511625656	1
27.375	18.75	1.0000000003027	0.799847522051379	-4.91087462559816e-05	7.99782314057679	1
27.625	18.75	1.00000000027617	0.799848535617575	-4.74031163999331e-05	7.79786091065068	1
27.875	18.75	1.00000000025525	0.799849535431063	-4.58233829124372e-05	7.59789842989052	1
28.125	18.75	1.00000000023756	0.799850518315313	-4.43577992405622e-05	7.39793570250447	1
28.375	18.75	1.00000000021721	0.799851481516183	-4.29956990467862e-05	7.19797273339116	1
28.625	18.75	1.0000000001843	0.799852422658931	-4.17273875141629e-05	6.99800952804575	1
28.875	18.75	1.00000000012737	0.799853339710139	-4.05440439359849e-05	6.79804609247519	1
29.125	18.75	1.00000000004022	0.799854230941779	-3.94376341016432e-05	6.59808243312144	1
29.375	18.75	0.99999999993459	0.799855094900076	-3.84008327856128e-05	6.39811855679101	1
29.625	18.75	0.999999999856061	0.799855930374725	-3.74269534917262e-05	6.19815447058843	1
29.875	18.75	0.999999999893915	0.799856736369555	-3.65098857369332e-05	5.99819018185463	1
30.125	18.75	1.00000000016945	0.799857512076937	-3.56440393001249e-05	5.79822569811116	1
30.375	18.75	1.00000000078177	0.799858256854339	-3.48242932992446e-05	5.59826102701601	1
30.625	18.75	1.00000000169599	0.799858970207799	-3.40459505016092e-05	5.39829617634039	1
30.875	18.75	1.00000000258515	0.799859651788598	-3.33046958087185e-05	5.19833115397529	1
31.125	18.75	1.00000000269254	0.79986030140723	-3.2596557923924e-05	4.99836596796874	1
31.375	18.75	1.0000000008554	0.799860919058869	-3.19178747438193e-05	4.79840062657454	1
31.625	18.75	0.999999995892452	0.799861504944296	-3.12652630053098e-05	4.59843513826109	1
31.875	18.75	0.999999987537301	0.799862059454923	-3.06355938682141e-05	4.39846951159175	1
32.125	18.75	0.99999997789747	0.799862583066479	-3.0025975869801e-05	4.19850375487407	1
32.375	18.75	0.999999972955634	0.799863076096692	-2.94337465591323e-05	3.99853787552989	1
32.625	18.75	0.999999982934108	0.799863538337333	-2.88564702182662e-05	3.79857187930053	1
32.875	18.75	1.00000001967206	0.799863968681923	-2.82919320342165e-05	3.59860576969884	1
33.125	18.75	1.00000008912051	0.799864365052018	-2.77381123003676e-05	3.39863954848223	1
33.375	18.75	1.00000017854364	0.799864725090366	-2.71931198930352e-05	3.19867321813343	1
33.625	18.75	1.00000024187948	0.799865048086334	-2.66550703248356e-05	2.99870678701998	1
33.875	18.75	1.00000019298201	0.79986533820776	-2.61219217023998e-05	2.79874027658974	1
34.125	18.75	0.999999923151443	0.799865608104998	-2.55913370552257e-05	2.59877372737987	1
34.375	18.75	0.999999361366205	0.799865880344014	-2.50607117914981e-05	2.39880719720506	1
34.625	18.75	0.999998584790597	0.799866182450569	-2.4527556866978e-05	2.19884074237969	1
34.875	18.75	0.999997954908771	0.799866530942987	-2.39903901652269e-05	1.99887437459718	1
35.125	18.75	0.999998198913413	0.799866902728434	-2.34500688671241e-05	1.7989079965429	1
35.375	18.75	1.00000029178952	0.799867200772211	-2.2911034299273e-05	1.59894134157441	1
35.625	18.75	1.00000496505033	0.799867235451391	-2.23812993925226e-05	1.39897397422663	1
35.875	18.75	1.00001174671231	0.79986675933573	-2.18694781971131e-05	1.19900543474155	1
36.125	18.75	1.00001770652508	0.799865599736331	-2.1377357068013e-05	0.999035602754426	1
36.375	18.75	1.00001657458824	0.799863911179729	-2.08882393068047e-05	0.799065271704338	1
36.625	18.75	0.999999508437233	0.799862497792103	-2.03552126334235e-05	0.599096733244416	1
36.875	18.75	0.999959139000001	0.799863018224181	-1.96992262403431e-05	0.39913388378171	1
37.125	18.75	0.99989797314969	0.799884072504541	-1.88320833142488e-05	0.199181101729601	1
37.375	18.75	0.999839977719625	0.399893207940815	-1.78756146588428e-05	-0.000767986034802803	1
0.125	19.25	0.000421812421715974	0.799732979559687	-0.00209621438120893	22.8262294944773	1
0.375	19.25	0.00042220073431096	0.799699181201147	-0.0023857898918572	22.8261944171179	1
0.625	19.25	0.000422964029167517	0.799480275725545	-0.00267814753238108	22.8262149994719	1
0.875	19.25	0.000423899806528088	0.799254768217764	-0.00284344942328863	22.8262927763171	1
1.125	19.25	0.000424448295554874	0.799026906254375	-0.00273484062863577	22.8264294587923	1
1.375	19.25	0.000423565073387743	0.79881089642613	-0.00213157311274398	22.826625003884	1
1.625	19.25	0.000419698565620181	0.798634502484794	-0.000873645112023551	22.8268745409765	1
1.875	19.25	0.000410951436004205	0.79853942130261	0.000875346705553763	22.8271637148992	1
2.125	19.25	0.000395494794844448	0.798564303068909	0.00241298366906734	22.8274650980563	1
2.375	19.25	0.000372263691712818	0.798700456376526	0.00276361596921954	22.8277445104904	1
2.625	19.25	0.000341896773545221	0.798859714638413	0.00156289833286757	22.8279818473952	1
2.875	19.25	0.00030781343335892	0.798928664878004	-0.000367895731165258	22.8281879586864	1
3.125	19.25	0.000277279350169131	0.798867607564352	-0.00175946355833258	22.8283936825057	1
3.375	19.25	0.000262312465486825	0.798724062587455	-0.0020033269400598	22.8286232027572	1
3.625	19.25	0.000280302462904878	0.798577284184017	-0.00122197623011907	22.8288772088711	1
3.875	19.25	0.000354216725544022	0.79849497038938	0.000216862809965693	22.8291293954233	1
4.125	19.25	0.000512236909370554	0.798515752772609	0.00200807770974116	22.8293317713903	1
4.375	19.25	0.000786639754793116	0.798653876969543	0.00400976418047074	22.8294225078568	1
4.625	19.25	0.00121175117759428	0.798915528442741	0.00622189614457902	22.8293301043758	1
4.875	19.25	0.00182095673406817	0.79931052918375	0.00871658933643134	22.8289732729864	1
5.125	19.25	0.00264315874977292	0.799854648226044	0.0115709560167444	22.828259424296	1
5.375	19.25	0.00369972691498233	0.80056713061902	0.0148246389893632	22.8270835084324	1
5.625	19.25	0.00500372369361722	0.80146729661038	0.0184618022910052	22.8253268055485	1
5.875	19.25	0.00656391082126691	0.802570967786241	0.0224052395842636	22.8228539347946	1
6.125	19.25	0.00839698227773149	0.803886454171106	0.0265121217266786	22.8195054469146	1
6.375	19.25	0.0105530394065458	0.8054101547113	0.0305684488130943	22.8150822467204	1
6.625	19.25	0.0131619766733479	0.80712224845406	0.0342845781569275	22.8093166058869	1
6.875	19.25	0.0165126543456765	0.808983072585182	0.0372964301418226	22.8018229193821	1
7.125	19.25	0.0211826964874942	0.810930347432076	0.0391778334783423	22.7920203449833	1
7.375	19.25	0.0282429658080487	0.812875947233294	0.0394696480242983	22.779020652605	1
7.625	19.25	0.0395598891819256	0.814698105010382	0.0377303975516868	22.7614811400981	1
7.875	19.25	0.0581884428464311	0.816222059548922	0.0336109259402745	22.7374394717784	1
8.125	19.25	0.0887377870004838	0.817185568175121	0.0269529619354962	22.7041807921764	1
8.375	19.25	0.137325831979928	0.817211495110305	0.0179083270635184	22.6582382870169	1
8.625	19.25	0.210335631206418	0.81587379431204	0.00706193380818592	22.5956755644525	1
8.875	19.25	0.311126922786642	0.812989789886255	-0.00450550701204543	22.5127759805979	1
9.125	19.25	0.435383673325162	0.809075119963449	-0.0153478373283582	22.4070706564764	1
9.375	19.25	0.569145841246557	0.805395039142986	-0.0240651891654591	22.2782833954414	1
9.625	19.25	0.693943606826942	0.803142683469831	-0.0298145382269905	22.1285767075293	1
9.875	19.25	0.795989544133625	0.802549874840059	-0.0325367738873712	21.9618507712494	1
10.125	19.25	0.870892694050355	0.803010842533615	-0.0327676555799475	21.7825446439058	1
10.375	19.25	0.921575261481359	0.803796854367744	-0.0312726504408664	21.5946433902576	1
10.625	19.25	0.953897006998273	0.804466210898919	-0.028769278731958	21.4012234504045	1
10.875	19.25	0.973628252283592	0.804864658361272	-0.0258073182082078	21.2044336810269	1
11.125	19.25	0.985269608145132	0.80499534647587	-0.0227561322604002	21.0056767032078	1
11.375	19.25	0.991942934941143	0.804918031275587	-0.0198374640717587	20.8058250152723	1
11.625	19.25	0.995669659636413	0.80469945349811	-0.0171675694603049	20.6054013411994	1
11.875	19.25	0.997700178675992	0.804395487631276	-0.0147938465400415	20.4047085150889	1
12.125	19.25	0.998781467160686	0.80404761309569	-0.012722165039126	20.203915950847	1
12.375	19.25	0.999346332128408	0.803684520110191	-0.0109355442749716	20.0031144768658	1
12.625	19.25	0.999638141233563	0.803324969963706	-0.00940611774994648	19.8023499208036	1
12.875	19.25	0.999789497719088	0.802980517710971	-0.00810234832097191	19.6016430938893	1
13.125	19.25	0.999870236105777	0.802657709416248	-0.00699308362803606	19.4010013640285	1
13.375	19.25	0.999915818280828	0.802359728427711	-0.00604961301338074	19.2004251752555	1
13.625	19.25	0.999943602727535	0.802087576490071	-0.00524652230015047	18.9999116141607	1
13.875	19.25	0.999961833050878	0.801840895269013	-0.00456186698843147	18.7994562999569	1
14.125	19.25	0.999974395012308	0.801618523125169	-0.00397698972165213	18.5990543519772	1
14.375	19.25	0.999983205358731	0.801418863342055	-0.00347617701255613	18.3987008660572	1
14.625	19.25	0.999989334717577	0.801240121547512	-0.00304626586440237	18.198391138371	1
14.875	19.25	0.999993492017139	0.801080454412824	-0.0026762586657793	17.9981207636399	1
15.125	19.25	0.999996210997237	0.800938059376558	-0.00235697372706749	17.797885672416	1
15.375	19.25	0.999997912593364	0.800811225906805	-0.00208074132958199	17.5976821389925	1
15.625	19.25	0.999998924602955	0.800698362147779	-0.00184114592682316	17.3975067747342	1
15.875	19.25	0.999999492009066	0.800598006118262	-0.00163281076235654	17.1973565136638	1
16.125	19.25	0.99999978848658	0.80050882743896	-0.00145121949322078	16.9972285936226	1
16.375	19.25	0.999999930193083	0.800429623435439	-0.00129256915295967	16.7971205348727	1
16.625	19.25	0.999999990077906	0.800359312069283	-0.00115364919866893	16.5970301174143	1
16.875	19.25	1.00000001084764	0.800296923246375	-0.00103174205280356	16.3969553579991	1
17.125	19.25	1.00000001549855	0.800241589467222	-0.000924541263412117	16.1968944876072	1
17.375	19.25	1.00000001512067	0.800192536422865	-0.000830084077110911	15.9968459299558	1
17.625	19.25	1.00000001421761	0.800149073897453	-0.000746695787630718	15.7968082814168	1
17.875	19.25	1.00000001404444	0.800110587188122	-0.000672943714729929	15.596780292556	1
18.125	19.25	1.00000001451963	0.800076529153513	-0.000607599067021154	15.3967608513687	1
18.375	19.25	1.00000001520055	0.800046412936102	-0.00054960526554051	15.1967489681939	1
18.625	19.25	1.0000000157017	0.800019805366245	-0.00049805157262449	14.9967437622215	1
18.875	19.25	1.00000001581471	0.799996321023163	-0.000452151083992467	14.7967444494723	1
19.125	19.25	1.0000000154945	0.79997561691518	-0.000411222315424011	14.5967503321162	1
19.375	19.25	1.00000001480091	0.799957387737862	-0.000374673758412572	14.3967607889895	1
19.625	19.25	1.00000001384132	0.799941361651518	-0.000341990891857166	14.1967752671808	1
19.875	19.25	1.00000001272937	0.799927296535104	-0.000312725231522023	13.9967932745634	1
20.125	19.25	1.00000001156202	0.799914976664877	-0.000286485072120246	13.7968143731654	1
20.375	19.25	1.00000001041057	0.799904209770297	-0.000262927641828779	13.5968381732809	1
20.625	19.25	1.00000000932086	0.799894824426594	-0.000241752436308597	13.3968643282355	1
20.875	19.25	1.00000000831764	0.799886667745632	-0.000222695539394431	13.1968925297328	1
21.125	19.25	1.00000000741066	0.799879603330939	-0.000205524774909933	12.9969225037131	1
21.375	19.25	1.00000000659988	0.799873509464436	-0.000190035555909931	12.7969540066674	1
21.625	19.25	1.00000000587933	0.799868277499939	-0.000176047323501272	12.5969868223551	1
21.875	19.25	1.00000000524066	0.799863810437524	-0.000163400486018928	12.3970207588787	1
22.125	19.25	1.00000000467489	0.799860021657154	-0.000151953780072567	12.1970556460776	1
22.375	19.25	1.00000000417324	0.799856833797299	-0.000141581991228769	11.9970913332035	1
22.625	19.25	1.00000000372778	0.799854177757063	-0.000132173982610252	11.7971276868456	1
22.875	19.25	1.00000000333168	0.79985199180583	-0.000123630984966168	11.5971645890804	1
23.125	19.25	1.00000000297893	0.799850220795564	-0.000115865111250735	11.3972019358191	1
23.375	19.25	1.00000000266449	0.79984881545972	-0.000108798063352353	11.1972396353316	1
23.625	19.25	1.00000000238407	0.799847731785407	-0.000102360004557256	10.9972776069272	1
23.875	19.25	1.00000000213378	0.799846930455448	-9.64885749919686e-05	10.7973157797767	1
24.125	19.25	1.00000000191014	0.799846376352869	-9.11280299305416e-05	10.5973540918582	1
24.375	19.25	1.0000000017104	0.799846038116909	-8.6228484629085e-05	10.3973924890145	1
24.625	19.25	1.000000001532	0.799845887746413	-8.17452517877194e-05	10.1974309241101	1
24.875	19.25	1.00000000137245	0.799845900247226	-7.76382591105243e-05	9.99746935627722	1
25.125	19.25	1.00000000122962	0.799846053317017	-7.38715363064878e-05	9.79750775024004	1
25.375	19.25	1.00000000110185	0.799846327063017	-7.04127633024688e-05	9.59754607571071	1
25.625	19.25	1.00000000098751	0.799846703749692	-6.72328714789921e-05	9.39758430684797	1
25.875	19.25	1.00000000088498	0.79984716757366	-6.43056911717965e-05	9.19762242177282	1
26.125	19.25	1.00000000079299	0.799847704461865	-6.16076397725215e-05	8.99766040213437	1
26.375	19.25	1.00000000071043	0.799848301890999	-5.91174455744582e-05	8.79769823272133	1
26.625	19.25	1.00000000063611	0.799848948726576	-5.68159028353309e-05	8.59773590111379	1
26.875	19.25	1.00000000056934	0.799849635078452	-5.46856543354106e-05	8.39777339737126	1
27.125	19.25	1.00000000051015	0.799850352170538	-5.27109979417491e-05	8.197810713753	1
27.375	19.25	1.00000000045883	0.799851092225198	-5.08777151841772e-05	7.99784784446795	1
27.625	19.25	1.00000000041555	0.799851848359971	-4.91729181776256e-05	7.79788478545019	1
27.875	19.25	1.00000000037968	0.799852614493929	-4.7584912683447e-05	7.5979215341581	1
28.125	19.25	1.00000000034875	0.799853385264731	-4.61030769857965e-05	7.39795808939458	1
28.375	19.25	1.00000000031678	0.799854155953574	-4.47177533832813e-05	7.19799445114612	1
28.625	19.25	1.00000000027371	0.799854922418633	-4.3420150913543e-05	6.99803062043918	1
28.875	19.25	1.00000000020798	0.799855681036323	-4.22022588897639e-05	6.79806659921108	1
29.125	19.25	1.00000000011334	0.799856428646486	-4.10567690889212e-05	6.59810239019339	1
29.375	19.25	1.00000000000131	0.799857162504727	-3.99770065840305e-05	6.39813799680605	1
29.625	19.25	0.999999999916892	0.799857880237568	-3.89568675897841e-05	6.19817342305887	1
29.875	19.25	0.999999999948323	0.799858579799345	-3.79907636119991e-05	5.99820867346143	1
30.125	19.25	1.00000000021549	0.799859259434815	-3.70735719209338e-05	5.79824375294177	1
30.375	19.25	1.00000000081641	0.799859917645876	-3.62005905390844e-05	5.59827866677924	1
30.625	19.25	1.0000000017166	0.799860553165558	-3.53674974823587e-05	5.39831342056033	1
30.875	19.25	1.00000000259259	0.799861164945946	-3.45703137102684e-05	5.19834802016625	1
31.125	19.25	1.0000000026957	0.799861752164198	-3.38053692170948e-05	4.99838247179283	1
31.375	19.25	1.00000000087554	0.799862314241067	-3.30692723356525e-05	4.7984167819835	1
31.625	19.25	0.999999995963396	0.799862850855575	-3.23588823247397e-05	4.59845095762421	1
31.875	19.25	0.999999987695376	0.79986336192449	-3.16712879439675e-05	4.39848500581282	1
32.125	19.25	0.999999978155899	0.799863847492425	-3.10037936746995e-05	4.19851893350108	1
32.375	19.25	0.999999973263196	0.79986430748706	-3.03539138015875e-05	3.9985527468614	1
32.625	19.25	0.999999983130307	0.799864741351109	-2.97193724254928e-05	3.79858645049182	1
32.875	19.25	1.0000000194708	0.799865147671069	-2.90980996552218e-05	3.59862004686572	1
33.125	19.25	1.00000008817396	0.799865524100522	-2.84882071919364e-05	3.39865353679213	1
33.375	19.25	1.00000017664173	0.799865868042168	-2.7887922461552e-05	3.19868692186338	1
33.625	19.25	1.00000023930325	0.799866178550438	-2.72954660474284e-05	2.99872020955359	1
33.875	19.25	1.00000019092588	0.79986645952681	-2.67088859935008e-05	2.79875342033245	1
34.125	19.25	0.999999923957071	0.799866723283861	-2.61259194055366e-05	2.59878659360656	1
34.375	19.25	0.99999936812036	0.799866991962509	-2.55440230508614e-05	2.39881978592447	1
34.625	19.25	0.999998599767226	0.799867292628108	-2.49607678995381e-05	2.19885305239632	1
34.875	19.25	0.999997976600446	0.79986764147034	-2.43747529678332e-05	1.9988864040269	1
35.125	19.25	0.999998218239048	0.799868015496155	-2.37869701081261e-05	1.79891974400333	1
35.375	19.25	1.00000028955684	0.799868318549213	-2.32020786576039e-05	1.5989528080007	1
35.625	19.25	1.00000491451645	0.799868362841117	-2.26283882439616e-05	1.39898516466873	1
35.875	19.25	1.00001162599628	0.799867903348907	-2.20748015685195e-05	1.19901635863688	1
36.125	19.25	1.00001752373809	0.799866768976272	-2.15431697111307e-05	0.999046270409879	1
36.375	19.25	1.00001640163624	0.799865112439594	-2.10162855871464e-05	0.799075684846143	1
36.625	19.25	0.999999506523068	0.79986372942198	-2.04457743463781e-05	0.599106869613864	1
36.875	19.25	0.999959542688159	0.799864261447703	-1.97500659349756e-05	0.399143680796425	1
37.125	19.25	0.999898989835294	0.799885127734596	-1.88380358435785e-05	0.199190451932168	1
37.375	19.25	0.999841572536057	0.399894162222326	-1.78370509958105e-05	-0.000759128664671599	1
0.125	19.75	0.000398474873321336	0.799734408222301	-0.00176179510843128	22.8260183294948	1
0.375	19.75	0.000398869722340895	0.799687121906821	-0.00203067820227412	22.825993572824	1
0.625	19.75	0.000399663435752631	0.799458798543349	-0.00229195832898415	22.8260226759665	1
0.875	19.75	0.000400688714542834	0.799190636940064	-0.00247075847194855	22.8261171294875	1
1.125	19.75	0.000401438742674607	0.798899688391935	-0.00244428388416231	22.8262853442996	1
1.375	19.75	0.000400934524482437	0.798617707093811	-0.00204243251883678	22.8265305187854	1
1.625	19.75	0.000397689109514688	0.798399570562619	-0.00116642773133751	22.8268452563917	1
1.875	19.75	0.000389846291891963	0.79831079008186	1.69159589804806e-05	22.8272048262122	1
2.125	19.75	0.000375563398264639	0.798378230420041	0.000965574708740292	22.8275681317739	1
2.375	19.75	0.000353670240010059	0.79853051125889	0.0010120327468234	22.8278971708964	1
2.625	19.75	0.000324573724784532	0.798611641870722	-2.00653365431377e-05	22.8281884946237	1
2.875	19.75	0.000291309972571769	0.798508791891041	-0.00144066119173236	22.8284822376613	1
3.125	19.75	0.000260603021774587	0.798258820180723	-0.00225427966706914	22.8288270126787	1
3.375	19.75	0.000243786191911857	0.797985996433729	-0.00206340894731356	22.829238263676	1
3.625	19.75	0.000257456081342495	0.797779404233903	-0.00108510112087901	22.8296942005974	1
3.875	19.75	0.000323724699544195	0.797670137942968	0.000323870731972861	22.8301539796142	1
4.125	19.75	0.000469905106596807	0.797677030798758	0.00192107645841001	22.8305665004454	1
4.375	19.75	0.000727428235789578	0.797833060909914	0.00362778746350817	22.8308667981804	1
4.625	19.75	0.0011297909683652	0.798180019790166	0.00548316859640961	22.8309717354511	1
4.875	19.75	0.00170948079677338	0.79876024428131	0.0075714984141757	22.8307795037278	1
5.125	19.75	0.00249420403914721	0.799616918352158	0.00996589879742643	22.8301704766164	1
5.375	19.75	0.00350330708797202	0.800796355278102	0.0127010344235396	22.8290074419595	1
5.625	19.75	0.00474586394179005	0.80234656293395	0.0157654866337293	22.8271350328768	1
5.875	19.75	0.00622248983212542	0.804312019410064	0.0191003897406865	22.8243780678964	1
6.125	19.75	0.00793373811861023	0.806726517822572	0.0225967590788361	22.8205372166698	1
6.375	19.75	0.00989926306497955	0.809605338159248	0.0260902820305689	22.8153789206038	1
6.625	19.75	0.0121941641973429	0.812937308995592	0.0293556405205328	22.8086150135675	1
6.875	19.75	0.0150125489767061	0.816677169520528	0.0321036440025748	22.7998659463709	1
7.125	19.75	0.0187737917009032	0.82073854952536	0.033985228919331	22.7886002133328	1
7.375	19.75	0.0242937514746512	0.824987179895248	0.0346072808551491	22.7740425752217	1
7.625	19.75	0.0330472264538931	0.829232136902117	0.0335658955212448	22.7550473031229	1
7.875	19.75	0.0475346234976635	0.833210377808859	0.0305025284754767	22.7299441062834	1
8.125	19.75	0.0716976346260145	0.836560010264216	0.025187233749217	22.6963895413893	1
8.375	19.75	0.111135793701091	0.838791743414467	0.0176301069407686	22.6512998997854	1
8.625	19.75	0.172505539430763	0.839315029649573	0.00821090090462875	22.5909944457067	1
8.875	19.75	0.261152917192558	0.837645608650037	-0.00221994556456362	22.5116966644731	1
9.125	19.75	0.376695477112682	0.833863897335841	-0.0123832788234687	22.4104334969828	1
9.375	19.75	0.509109369864814	0.828973837231172	-0.0208828961253246	22.2860725854157	1
9.625	19.75	0.640578385106836	0.824460888932117	-0.0267154262529319	22.1399167817152	1
9.875	19.75	0.75406961372614	0.821220390035941	-0.0296240558304138	21.975375983055	1
10.125	19.75	0.840983352317346	0.819138408043937	-0.0300276920480612	21.7968788682522	1
10.375	19.75	0.901655498702722	0.817642132690233	-0.0286676994396087	21.6087163725608	1
10.625	19.75	0.941243231300143	0.816285112585787	-0.0262812169165231	21.4143575812139	1
10.875	19.75	0.965846541492948	0.814889150642277	-0.0234408306147431	21.2162872064443	1
11.125	19.75	0.980592748540105	0.813445760706112	-0.0205274229122029	21.0161419734443	1
11.375	19.75	0.989180063773197	0.812006655165022	-0.0177635760236994	20.8149356761024	1
11.625	19.75	0.994059612267145	0.810626164790749	-0.0152604356227494	20.6132649449351	1
11.875	19.75	0.996772394221143	0.80934221117091	-0.0130583973119277	20.4114633868862	1
12.125	19.75	0.998251704057526	0.808174886347682	-0.0111567970841816	20.2097060512374	1
12.375	19.75	0.99904594144113	0.80713059638626	-0.00953358579793509	20.0080761117965	1
12.625	19.75	0.999468560501845	0.806206792278538	-0.00815748019479012	19.8066056807955	1
12.875	19.75	0.999693893834275	0.805395755956699	-0.00699498047548065	19.6052999317136	1
13.125	19.75	0.999816228813965	0.804687238029798	-0.00601409919836524	19.40415087624	1
13.375	19.75	0.999885146555928	0.804070148015403	-0.0051860911164148	19.2031449350707	1
13.625	19.75	0.999926046610953	0.803533561426214	-0.00448603262822666	19.0022669012238	1
13.875	19.75	0.999951695745591	0.803067268321871	-0.00389278407457477	18.8015018766666	1
14.125	19.75	0.999968498491865	0.802662029544554	-0.00338865565063519	18.6008361150635	1
14.375	19.75	0.999979765138331	0.802309655606858	-0.00295896073471303	18.4002573032895	1
14.625	19.75	0.999987336345185	0.802002984322476	-0.00259155547510551	18.1997545745651	1
14.875	19.75	0.999992348921587	0.801735805714928	-0.00227641281837245	17.9993184069927	1
15.125	19.75	0.999995577552687	0.801502763970349	-0.00200525032910606	17.7989404836423	1
15.375	19.75	0.999997581644406	0.80129925384513	-0.00177121569667196	17.5986135489189	1
15.625	19.75	0.99999877055036	0.801121321035052	-0.00156862627779998	17.3983312750917	1
15.875	19.75	0.999999438458097	0.800965571149497	-0.0013927559385071	17.1980881431415	1
16.125	19.75	0.999999789284789	0.800829089062721	-0.00123966173339478	16.9978793380268	1
16.375	19.75	0.999999957951013	0.800709368795699	-0.00110604338561127	16.7977006570949	1
16.625	19.75	1.00000002902995	0.800604253265104	-0.0009891294165159	16.5975484301073	1
16.875	19.75	1.00000005233968	0.800511882874583	-0.000886584770996594	16.3974194494723	1
17.125	19.75	1.00000005512628	0.800430651831461	-0.000796435735908781	16.1973109094729	1
17.375	19.75	1.00000005093169	0.800359171098207	-0.00071700874880708	15.9972203534432	1
17.625	19.75	1.00000004560531	0.800296236997596	-0.000646880383460056	15.7971456279598	1
17.875	19.75	1.00000004108791	0.800240804606326	-0.000584836345261582	15.5970848432065	1
18.125	19.75	1.00000003760603	0.80019196519539	-0.000529837747878456	15.3970363387369	1
18.375	19.75	1.00000003482081	0.800148927081038	-0.000480993289607738	15.1969986539285	1
18.625	19.75	1.00000003234847	0.800110999354135	-0.000437536225512748	14.9969705024934	1
18.875	19.75	1.00000002993763	0.800077578036886	-0.000398805248218915	14.7969507504762	1
19.125	19.75	1.00000002748539	0.800048134284042	-0.000364228563867888	14.5969383972423	1
19.375	19.75	1.0000000249936	0.800022204313329	-0.000333310589998218	14.3969325590252	1
19.625	19.75	1.00000002251731	0.799999380791305	-0.000305620808224964	14.1969324546631	1
19.875	19.75	1.00000002012514	0.799979305456587	-0.000280784395235665	13.9969373932094	1
20.125	19.75	1.00000001787615	0.799961662786506	-0.00025847432538188	13.7969467631488	1
20.375	19.75	1.00000001581	0.799946174546181	-0.00023840469487522	13.5969600229932	1
20.625	19.75	1.00000001394599	0.799932595092272	-0.00022032506331514	13.3969766930659	1
20.875	19.75	1.0000000122867	0.79992070731644	-0.000204015642996278	13.1969963483095	1
21.125	19.75	1.00000001082309	0.799910319133069	-0.000189283199936914	12.9970186119823	1
21.375	19.75	1.00000000953939	0.799901260432925	-0.000175957552194446	12.7970431501211	1
21.625	19.75	1.00000000841653	0.799893380435265	-0.000163888569927166	12.597069666674	1
21.875	19.75	1.00000000743494	0.799886545383442	-0.000152943601198407	12.3970978992132	1
22.125	19.75	1.0000000065762	0.799880636534941	-0.000143005256216552	12.197127615156	1
22.375	19.75	1.00000000582386	0.799875548404372	-0.000133969496115274	11.9971586084275	1
22.625	19.75	1.00000000516356	0.799871187224985	-0.000125743982940506	11.7971906965122	1
22.875	19.75	1.00000000458291	0.799867469599642	-0.000118246649910002	11.5972237178446	1
23.125	19.75	1.00000000407121	0.799864321318795	-0.000111404460274606	11.3972575294995	1
23.375	19.75	1.00000000361958	0.799861676320249	-0.00010515232906676	11.1972920051421	1
23.625	19.75	1.00000000322055	0.79985947577039	-9.94321842120941e-05	10.9973270332114	1
23.875	19.75	1.0000000028675	0.799857667256569	-9.41921467862732e-05	10.7973625153057	1
24.125	19.75	1.00000000255467	0.799856204075619	-8.93858145837719e-05	10.5973983647481	1
24.375	19.75	1.00000000227737	0.799855044602405	-8.49716352740039e-05	10.3974345053103	1
24.625	19.75	1.00000000203145	0.799854151731204	-8.09123567083989e-05	10.1974708700772	1
24.875	19.75	1.00000000181305	0.799853492383192	-7.71745438296703e-05	9.99750740043526	1
25.125	19.75	1.00000000161888	0.799853037068829	-7.37281538507364e-05	9.79754404517159	1
25.375	19.75	1.00000000144619	0.799852759498672	-7.05461625432256e-05	9.59758075966971	1
25.625	19.75	1.00000000129249	0.799852636238262	-6.76042345374212e-05	9.39761750519295	1
25.875	19.75	1.0000000011555	0.799852646401923	-6.48804316262073e-05	9.1976542482446	1
26.125	19.75	1.00000000103327	0.799852771380059	-6.2354955290196e-05	8.99769095999654	1
26.375	19.75	1.00000000092397	0.799852994596135	-6.00099187787077e-05	8.79772761577894	1
26.625	19.75	1.00000000082598	0.79985330129074	-5.78291448649425e-05	8.59776419462423	1
26.875	19.75	1.00000000073833	0.799853678329108	-5.57979865295508e-05	8.39780067885945	1
27.125	19.75	1.0000000006608	0.799854114028495	-5.39031675635333e-05	8.19783705374149	1
27.375	19.75	1.00000000059317	0.799854598005222	-5.21326410807299e-05	7.99787330713156	1
27.625	19.75	1.00000000053524	0.799855121039005	-5.04754635304529e-05	7.79790942920322	1
27.875	19.75	1.0000000004864	0.799855674949587	-4.89216817510056e-05	7.59794541218133	1
28.125	19.75	1.00000000044406	0.799856252487444	-4.74622332612003e-05	7.397981250109	1
28.375	19.75	1.00000000040208	0.799856847237112	-4.6088857027672e-05	7.19801693863898	1
28.625	19.75	1.0000000003503	0.799857453530005	-4.47940128804211e-05	6.99805247484715	1
28.875	19.75	1.00000000027711	0.799858066367283	-4.35708105320264e-05	6.79808785706534	1
29.125	19.75	1.00000000017625	0.799858681349453	-4.241294561327e-05	6.5981230847306	1
29.375	19.75	1.00000000005901	0.799859294614272	-4.13146423780939e-05	6.39815815824879	1
29.625	19.75	0.999999999969717	0.799859902779547	-4.02706027717665e-05	6.19819307886884	1
29.875	19.75	0.999999999995496	0.799860502888604	-3.92759605235343e-05	5.99822784856806	1
30.125	19.75	1.00000000025492	0.799861092362817	-3.83262400173082e-05	5.79826246994901	1
30.375	19.75	1.00000000084501	0.799861668959663	-3.74173191484163e-05	5.59829694615248	1
30.625	19.75	1.00000000173163	0.79986223073853	-3.65453959316819e-05	5.39833128079548	1
30.875	19.75	1.0000000025949	0.799862776041044	-3.57069577315932e-05	5.19836547794238	1
31.125	19.75	1.00000000269437	0.799863303490136	-3.48987527271067e-05	4.99839954210985	1
31.375	19.75	1.00000000089216	0.799863812003138	-3.41177644281411e-05	4.79843347828626	1
31.625	19.75	0.999999996032064	0.799864300801033	-3.3361188895731e-05	4.59846729191448	1
31.875	19.75	0.999999987852547	0.799864769382344	-3.26264173652713e-05	4.39850098875198	1
32.125	19.75	0.999999978414395	0.799865217410322	-3.19110264796497e-05	4.19853457450734	1
32.375	19.75	0.999999973570283	0.799865644467577	-3.1212775747091e-05	3.99856805420524	1
32.625	19.75	0.99999998332233	0.799866049688386	-3.05296103649836e-05	3.7986014313922	1
32.875	19.75	1.00000001925698	0.799866431388152	-2.9859660275269e-05	3.5986347075851	1
33.125	19.75	1.00000008720205	0.799866786984058	-2.92012181464606e-05	3.39866788271988	1
33.375	19.75	1.00000017470198	0.799867113666866	-2.85526742699083e-05	3.19870095756633	1
33.625	19.75	1.00000023668888	0.799867410281157	-2.79123936859295e-05	2.99873393876544	1
33.875	19.75	1.00000018886285	0.799867680483599	-2.7278549611282e-05	2.7987668458607	1
34.125	19.75	0.999999924840114	0.799867936265968	-2.66489847846543e-05	2.59879971717165	1
34.375	19.75	0.999999375097452	0.799868199356234	-2.60212453485009e-05	2.39883260801734	1
34.625	19.75	0.999998615139744	0.799868496368588	-2.53929865913067e-05	2.19886557233873	1
34.875	19.75	0.999997998778234	0.799868843175116	-2.47629090007225e-05	1.99889862049627	1
35.125	19.75	0.999998237852367	0.799869216902002	-2.41321548951445e-05	1.79893165624741	1
35.375	19.75	1.00000028685952	0.799869522308553	-2.35056125774681e-05	1.59896441769207	1
35.625	19.75	1.00000486203252	0.799869573503859	-2.28918950023207e-05	1.3989964777385	1
35.875	19.75	1.00001150130836	0.799869127954093	-2.23001991514349e-05	1.19902738554327	1
36.125	19.75	1.0000173353884	0.799868016221738	-2.17324538649539e-05	0.999057022514384	1
36.375	19.75	1.00001622400777	0.799866389189377	-2.11709766165343e-05	0.799086164692434	1
36.625	19.75	0.999999506233119	0.799865033875748	-2.05660044870224e-05	0.599117055075118	1
36.875	19.75	0.999959962281591	0.799865574190021	-1.98335698986525e-05	0.399153508238607	1
37.125	19.75	0.999900044046981	0.799886241153116	-1.88797679422461e-05	0.199199811469842	1
37.375	19.75	0.999843225748388	0.399895172507996	-1.7837159666575e-05	-0.000750282860279266	1
0.125	20.25	0.000379203109527066	0.799749062204964	-0.0012197414050368	22.8258681446829	1
0.375	20.25	0.000379603546832738	0.799683660162674	-0.00154897558382206	22.8258453713751	1
0.625	20.25	0.00038042135030797	0.799419670724604	-0.00164664397286757	22.8258850078123	1
0.875	20.25	0.000381515653793448	0.799102872638082	-0.00165412249810083	22.8260011160971	1
1.125	20.25	0.00038241879090354	0.798747646054137	-0.00145794421076317	22.8262060483244	1
1.375	20.25	0.000382197963796419	0.798391246299152	-0.000911906378572747	22.8265066836753	1
1.625	20.25	0.000379406514780468	0.798102357068158	5.4522577677456e-05	22.826896508684	1
1.875	20.25	0.000372201151746541	0.797963916261513	0.00130434031409896	22.8273473520087	1
2.125	20.25	0.000358696006294212	0.798019916149461	0.00242974619157605	22.8278103388149	1
2.375	20.25	0.00033759048726883	0.798213002587795	0.00290727620706442	22.8282354317574	1
2.625	20.25	0.000309048111801665	0.798380787521946	0.00244339575944985	22.8286041662267	1
2.875	20.25	0.000275734106476789	0.798355752057933	0.00124085952346895	22.8289486531114	1
3.125	20.25	0.000243868680935144	0.798095461644185	-5.77462184068119e-05	22.8293310056409	1
3.375	20.25	0.000224141516619307	0.797702213032594	-0.000756519165327887	22.8297973994754	1
3.625	20.25	0.000232348997073764	0.79732636807163	-0.000537787545364383	22.8303500830403	1
3.875	20.25	0.000289622580851375	0.797079963350296	0.000415697293609229	22.8309496368486	1
4.125	20.25	0.000422096065999651	0.797024087796732	0.00170168696399592	22.8315289427845	1
4.375	20.25	0.000659823224674466	0.797195860233807	0.00305811045066563	22.8320029449841	1
4.625	20.25	0.00103474377996986	0.797632386478109	0.00444738261714608	22.8322707888372	1
4.875	20.25	0.0015775911136572	0.798381236273881	0.00594168633793525	22.8322141558022	1
5.125	20.25	0.00231394312053516	0.799503070081099	0.00761471341273115	22.8316949210926	1
5.375	20.25	0.00326012854798238	0.801069679671968	0.00950137323114692	22.8305532652621	1
5.625	20.25	0.00442026077808843	0.803158247884432	0.0115970615245252	22.8286066062598	1
5.875	20.25	0.00578619831983416	0.805843271105315	0.0138642989147683	22.825648864042	1
6.125	20.25	0.00734288853171258	0.809187447337241	0.0162344795722386	22.8214484176143	1
6.375	20.25	0.00908265594827424	0.813231903062406	0.0186048839147011	22.8157419943712	1
6.625	20.25	0.0110339223546236	0.81798570028314	0.0208339056465741	22.8082205518114	1
6.875	20.25	0.0133130553188153	0.823414681787162	0.0227370386661361	22.7985018123892	1
7.125	20.25	0.0162130612065265	0.829429861301671	0.0240861515927772	22.7860826599262	1
7.375	20.25	0.0203497645887308	0.835875302247297	0.0246153835546887	22.7702638413458	1
7.625	20.25	0.02689279853414	0.842514410139924	0.024038109303411	22.7500410695399	1
7.875	20.25	0.0379057626057143	0.849011798023799	0.0220802744730667	22.723964050848	1
8.125	20.25	0.0567797316126927	0.854907143551592	0.0185354522358898	22.6899835771145	1
8.375	20.25	0.0886064235980069	0.85958499173796	0.0133452271946971	22.6453426820949	1
8.625	20.25	0.140020975545646	0.862277695936824	0.00670113054297826	22.5866203636552	1
8.875	20.25	0.217604522420925	0.862210603338121	-0.000859492173904686	22.5100792233439	1
9.125	20.25	0.324020019873588	0.859027026802944	-0.0084409387033499	22.4124247277937	1
9.375	20.25	0.453099509742328	0.853345335543695	-0.0149708793413279	22.291852392645	1
9.625	20.25	0.58880601382304	0.846731432082758	-0.0195820619980658	22.1488895258488	1
9.875	20.25	0.712056566628448	0.840684974132209	-0.0219563099664009	21.9864190109566	1
10.125	20.25	0.810288880442383	0.835724918207342	-0.0223505535615933	21.808770118643	1
10.375	20.25	0.880872568437569	0.831592531383729	-0.021335477481	21.6204665132874	1
10.625	20.25	0.927876713074188	0.827916489956051	-0.0195067447287985	21.4253293687826	1
10.875	20.25	0.957534531588256	0.824516144067057	-0.0173303143323348	21.226159114835	1
11.125	20.25	0.975536565569936	0.821366979253239	-0.0151118264605505	21.0248147196108	1
11.375	20.25	0.986149521783088	0.818498796204707	-0.0130246544018121	20.8224425663809	1
11.625	20.25	0.992261713617879	0.815937342293399	-0.0111509152958394	20.6197065312729	1
11.875	20.25	0.99571344762615	0.813687550184143	-0.00951653898806943	20.4169663328977	1
12.125	20.25	0.997631022657629	0.811735749367358	-0.00811615559462566	20.2143998848397	1
12.375	20.25	0.998683124102265	0.810056707905925	-0.00692904082806626	20.0120815025892	1
12.625	20.25	0.99925658347027	0.808619965624866	-0.00592859219170674	19.810029530515	1
12.875	20.25	0.999569826423367	0.807394161785281	-0.00508755670044246	19.6082342080599	1
13.125	20.25	0.999743325414511	0.806349557645585	-0.00438064104050099	19.4066733317574	1
13.375	20.25	0.999842058578436	0.80545928360734	-0.00378559488053588	19.2053206462277	1
13.625	20.25	0.999900403480288	0.804699786661364	-0.00328345602168018	19.0041500502146	1
13.875	20.25	0.999936327337463	0.80405081974981	-0.00285837310175358	18.8031374848615	1
14.125	20.25	0.999959234015836	0.803495194743699	-0.00249724585105081	18.60226159874	1
14.375	20.25	0.999974161490205	0.803018433830104	-0.00218931416037432	18.4015038094239	1
14.625	20.25	0.999983948147045	0.802608396544044	-0.00192576232987084	18.2008480983875	1
14.875	20.25	0.999990310902219	0.802254923501793	-0.00169936767005269	18.0002807127205	1
15.125	20.25	0.999994365424325	0.801949516059893	-0.00150420238521666	17.7997898565229	1
15.375	20.25	0.999996874373995	0.801685058548405	-0.0013353874597281	17.5993654069104	1
15.625	20.25	0.999998370130078	0.801455582874649	-0.00118889277620946	17.3989986657745	1
15.875	20.25	0.999999222416261	0.801256071925766	-0.00106137628121698	17.198682147717	1
16.125	20.25	0.999999682044025	0.801082296852062	-0.000950055145752248	16.9984094004692	1
16.375	20.25	0.999999913227778	0.800930683078876	-0.000852602673315952	16.7981748531132	1
16.625	20.25	1.00000001884898	0.800798200238373	-0.000767065712407407	16.5979736876765	1
16.875	20.25	1.00000006010806	0.800682271778721	-0.000691798318024389	16.3978017303172	1
17.125	20.25	1.00000007125174	0.800580700660081	-0.000625408275511181	16.1976553589819	1
17.375	20.25	1.00000007005999	0.800491608159878	-0.000566713813106222	15.9975314249698	1
17.625	20.25	1.00000006489499	0.800413383349129	-0.000514708408519532	15.7974271862712	1
17.875	20.25	1.00000005914868	0.800344641264497	-0.000468532051885052	15.5973402508881	1
18.125	20.25	1.00000005385806	0.800284188178085	-0.000427447679078856	15.3972685286159	1
18.375	20.25	1.00000004911718	0.800230992674634	-0.0003908217636699	15.1972101899866	1
18.625	20.25	1.00000004475863	0.80018416149574	-0.000358108269045375	14.9971636312666	1
18.875	20.25	1.00000004062746	0.800142919306569	-0.000328835327975523	14.797127444565	1
19.125	20.25	1.00000003665347	0.800106591694328	-0.000302594144277869	14.5971003922571	1
19.375	20.25	1.00000003283894	0.800074590847866	-0.00027902971443643	14.3970813850497	1
19.625	20.25	1.00000002922465	0.800046403456607	-0.000257833042399906	14.1970694631252	1
19.875	20.25	1.00000002585938	0.80002158045891	-0.000238734586842606	13.9970637798918	1
20.125	20.25	1.00000002278129	0.799999728332238	-0.000221498729383465	13.7970635879463	1
20.375	20.25	1.00000002001009	0.799980501670802	-0.000205919089143002	13.5970682269184	1
20.625	20.25	1.00000001754695	0.799963596848156	-0.000191814544084714	13.3970771129222	1
20.875	20.25	1.00000001537868	0.799948746589332	-0.000179025842833113	13.1970897293808	1
21.125	20.25	1.0000000134826	0.799935715308508	-0.000167412711440225	12.9971056190302	1
21.375	20.25	1.00000001183107	0.799924295098135	-0.000156851377786445	12.7971243769384	1
21.625	20.25	1.0000000103949	0.799914302267908	-0.00014723244659729	12.5971456443983	1
21.875	20.25	1.00000000914599	0.79990557435123	-0.000138459072372372	12.3971691035771	1
22.125	20.25	1.00000000805886	0.799897967513084	-0.000130445384956974	12.1971944728213	1
22.375	20.25	1.00000000711112	0.79989135429759	-0.000123115128968926	11.9972215025294	1
22.625	20.25	1.00000000628327	0.799885621667545	-0.0001164004869944	11.7972499715207	1
22.875	20.25	1.00000000555857	0.799880669296647	-0.000110241058756394	11.5972796838338	1
23.125	20.25	1.00000000492287	0.799876408078781	-0.000104582973603897	11.397310465903	1
23.375	20.25	1.00000000436437	0.79987275882267	-9.9378118656974e-05	11.1973421640622	1
23.625	20.25	1.00000000387292	0.79986965110733	-9.45834658048539e-05	10.9973746423385	1
23.875	20.25	1.00000000343972	0.799867022279243	-9.0160483213578e-05	10.7974077804979	1
24.125	20.25	1.00000000305732	0.799864816570974	-8.60746204654713e-05	10.5974414723142	1
24.375	20.25	1.00000000271959	0.799862984323896	-8.22948578947799e-05	10.397475624032	1
24.625	20.25	1.00000000242101	0.799861481304345	-7.87933105652297e-05	10.1975101530035	1
24.875	20.25	1.00000000215663	0.799860268101197	-7.554487995615e-05	9.99754498647627	1
25.125	20.25	1.00000000192234	0.799859309591781	-7.25269475707394e-05	9.79758006051526	1
25.375	20.25	1.00000000171466	0.799858574469741	-6.97191051129898e-05	9.59761531904408	1
25.625	20.25	1.00000000153035	0.799858034828615	-6.71029159469851e-05	9.39765071299088	1
25.875	20.25	1.00000000136654	0.799857665792269	-6.46617039765166e-05	9.19768619952723	1
26.125	20.25	1.00000000122067	0.799857445185555	-6.2380367186012e-05	8.99772174138957	1
26.375	20.25	1.0000000010905	0.799857353243299	-6.0245212628219e-05	8.79775730627414	1
26.625	20.25	1.00000000097417	0.79985737235208	-5.82438092590688e-05	8.59779286629671	1
26.875	20.25	1.00000000087041	0.79985748682012	-5.63648576662871e-05	8.39782839751014	1
27.125	20.25	1.00000000077859	0.799857682671477	-5.45980744734893e-05	8.19786387947334	1
27.375	20.25	1.00000000069817	0.799857947463774	-5.29340890091093e-05	7.99789929486654	1
27.625	20.25	1.00000000062888	0.799858270127403	-5.1364351464513e-05	7.79793462914688	1
27.875	20.25	1.00000000057004	0.799858640819397	-4.98810506704617e-05	7.59796987024027	1
28.125	20.25	1.00000000051883	0.799859050793408	-4.84770412345897e-05	7.39800500826666	1
28.375	20.25	1.00000000046891	0.799859492286237	-4.71457783973437e-05	7.19804003529413	1
28.625	20.25	1.00000000041021	0.799859958414557	-4.5881258640361e-05	6.99807494511864	1
28.875	20.25	1.00000000033125	0.799860443083087	-4.46779677430986e-05	6.79810973306729	1
29.125	20.25	1.00000000022573	0.799860940902642	-4.35308341505329e-05	6.59814439582073	1
29.375	20.25	1.00000000010469	0.799861447116585	-4.24351865532901e-05	6.3981789312528	1
29.625	20.25	1.0000000000118	0.799861957533514	-4.13867165720856e-05	6.1982133382835	1
29.875	20.25	1.00000000003308	0.799862468464511	-4.03814450162021e-05	5.99824761674505	1
30.125	20.25	1.00000000028579	0.799862976668015	-3.94156913644893e-05	5.79828176726146	1
30.375	20.25	1.00000000086592	0.799863479300172	-3.84860463696078e-05	5.59831579114599	1
30.625	20.25	1.00000000173967	0.799863973874324	-3.75893476035625e-05	5.3983496903251	1
30.875	20.25	1.00000000259081	0.799864458236386	-3.672265629265e-05	5.19838346729665	1
31.125	20.25	1.00000000268737	0.799864930558137	-3.58832352176257e-05	4.99841712512261	1
31.375	20.25	1.0000000009041	0.799865389345047	-3.50685296345468e-05	4.7984506674376	1
31.625	20.25	0.999999996097392	0.799865833441699	-3.42761504256832e-05	4.59848409842229	1
31.875	20.25	0.999999988007968	0.79986626200143	-3.35038615435481e-05	4.39851742265631	1
32.125	20.25	0.999999978672423	0.799866674371646	-3.27495747143923e-05	4.19855064475128	1
32.375	20.25	0.999999973876648	0.799867069848725	-3.20113510178417e-05	3.99858376871577	1
32.625	20.25	0.999999983510156	0.799867447311039	-3.12874075468349e-05	3.79861679716347	1
32.875	20.25	1.00000001903072	0.799867804849379	-3.05761199236468e-05	3.59864973076208	1
33.125	20.25	1.00000008620494	0.799868139686452	-2.9876002835834e-05	3.3986825686715	1
33.375	20.25	1.00000017272423	0.799868448839261	-2.91856460225515e-05	3.1987153109263	1
33.625	20.25	1.00000023403518	0.799868730975969	-2.85035916300796e-05	2.99874796341178	1
33.875	20.25	1.00000018678964	0.799868989536714	-2.78281674704216e-05	2.79878054481271	1
34.125	20.25	0.999999925794021	0.79986923621598	-2.71573484019268e-05	2.59881309241897	1
34.375	20.25	0.999999382286839	0.799869492347679	-2.64887932333105e-05	2.39884566036893	1
34.625	20.25	0.999998630894422	0.79986978411025	-2.58202616003603e-05	2.19887830148006	1
34.875	20.25	0.999998021430551	0.799870127074165	-2.51505723639423e-05	1.9989110255215	1
35.125	20.25	0.999998257756596	0.799870498508278	-2.44810314488297e-05	1.79894373689669	1
35.375	20.25	1.00000028373767	0.799870804128279	-2.38167646351485e-05	1.59897617624251	1
35.625	20.25	1.00000480770318	0.799870860006039	-2.31666923827571e-05	1.39900792087246	1
35.875	20.25	1.00001137283494	0.799870426179344	-2.25403095538213e-05	1.19903852461228	1
36.125	20.25	1.00001714171672	0.799869334935597	-2.19396340875053e-05	0.999067869812927	1
36.375	20.25	1.0000160418749	0.799867735301984	-2.13465413690071e-05	0.799096723475691	1
36.625	20.25	0.99999950740414	0.799866405421828	-2.07099527635281e-05	0.599127303275697	1
36.875	20.25	0.999960396877828	0.799866951122433	-1.99436217811832e-05	0.39916338115324	1
37.125	20.25	0.999901133749402	0.79988740829807	-1.89510065960284e-05	0.199209196834391	1
37.375	20.25	0.999844934191352	0.399896234300562	-1.78695342512686e-05	-0.000741430794352189	1
0.125	20.75	0.000366847076616768	0.799760194297273	-0.000953638554453698	22.8257813582146	1
0.375	20.75	0.000367250373360186	0.799674423509552	-0.00107224358069111	22.8257587697075	1
0.625	20.75	0.000368081051920214	0.799372292437537	-0.00110397503049728	22.8258097414224	1
0.875	20.75	0.000369213450481416	0.799020232113901	-0.00108057555458734	22.8259461821385	1
1.125	20.75	0.000370202132762325	0.798626490930243	-0.000940957791251477	22.8261809252372	1
1.375	20.75	0.000370138984347226	0.798229736924514	-0.00064102091872023	22.8265217097936	1
1.625	20.75	0.000367594583648123	0.797902408974333	-0.000212811057928103	22.8269619574394	1
1.875	20.75	0.000360719244836055	0.797730145756997	0.000190073272240527	22.8274730320269	1
2.125	20.75	0.000347575692432858	0.797762743090954	0.000333170491765608	22.8280053815526	1
2.375	20.75	0.0003267444499828	0.797958456179124	8.11800045993322e-05	22.8285053240563	1
2.625	20.75	0.000298185627830786	0.798173530234085	-0.000404019975089168	22.8289436339915	1
2.875	20.75	0.000264269323315807	0.79823185044939	-0.000732288233765608	22.8293371370838	1
3.125	20.75	0.000230826430134898	0.798035618845274	-0.000655138039544923	22.8297425424064	1
3.375	20.75	0.00020804953616999	0.797628023613247	-0.000244318822000304	22.8302219780719	1
3.625	20.75	0.000211093032249481	0.797163034888489	0.000339587041905747	22.8308038046068	1
3.875	20.75	0.000260247756931899	0.796816609979535	0.00101349905140363	22.8314626046087	1
4.125	20.75	0.000380560138327919	0.79671071043757	0.00172500329861805	22.8321251171868	1
4.375	20.75	0.000600731892489624	0.796900628663523	0.00243200535988515	22.8326897667305	1
4.625	20.75	0.000951113606996724	0.797413362370899	0.00313180753257856	22.8330405178507	1
4.875	20.75	0.00146065805362682	0.798287603387	0.0038499486200238	22.833048293235	1
5.125	20.75	0.00215292139575678	0.799588439301548	0.00460734144649667	22.8325657255902	1
5.375	20.75	0.00304165502065732	0.801402201502546	0.00540783954312767	22.8314221437043	1
5.625	20.75	0.00412713041460168	0.803824999936384	0.00624196651816746	22.8294212967939	1
5.875	20.75	0.00539491337170655	0.806951759719431	0.00709143309692123	22.8263408884798	1
6.125	20.75	0.0068193872031172	0.810866194059663	0.00793003955812934	22.8219316754621	1
6.375	20.75	0.00837525887218976	0.815630284905384	0.00872230359536384	22.8159133655101	1
6.625	20.75	0.0100620166309694	0.821272336867182	0.0094212530486018	22.8079637747376	1
6.875	20.75	0.0119493071416815	0.82777339403961	0.00996614480058852	22.7976964382525	1
7.125	20.75	0.0142559934316812	0.835052147678054	0.0102808771796407	22.7846203433361	1
7.375	20.75	0.0174825673039137	0.842948389108411	0.0102743493084782	22.7680742981877	1
7.625	20.75	0.0226243782743525	0.851204472393876	0.00984466953971998	22.7471290687066	1
7.875	20.75	0.0314949230674603	0.859443068856563	0.00888971820314047	22.720455689653	1
8.125	20.75	0.0471620394600135	0.867138742791161	0.00732689426105719	22.6861733081721	1
8.375	20.75	0.0743916593411158	0.873585777734127	0.00512442709404534	22.641721171455	1
8.625	20.75	0.119715962139195	0.877890440010883	0.00234386398307179	22.5838499425752	1
8.875	20.75	0.190278547278191	0.87908342724495	-0.0008158965829235	22.5088804951504	1
9.125	20.75	0.290418754680467	0.876513400374104	-0.0040030262063621	22.4133686236571	1
9.375	20.75	0.416451513664429	0.870491631876421	-0.00677449313746532	22.2951301738353	1
9.625	20.75	0.553972762204924	0.86253666486393	-0.00875107216952832	22.1542064956749	1
9.875	20.75	0.683101045004181	0.854506119124785	-0.00977688477326598	21.9931105782558	1
10.125	20.75	0.788762283237981	0.847406813343183	-0.00995005604798722	21.8160657765232	1
10.375	20.75	0.866129737258963	0.84128118022149	-0.00951541939831272	21.6277218681916	1
10.625	20.75	0.918323016528272	0.835859431122168	-0.00873297393395596	21.4321230869053	1
10.875	20.75	0.951558826393451	0.830974378463667	-0.00780510736581043	21.2322777792485	1
11.125	20.75	0.971880885407771	0.82658860271373	-0.00686239702858564	21.0301923813436	1
11.375	20.75	0.983944193387568	0.822708598617869	-0.00597708053525435	20.827100436291	1
11.625	20.75	0.990943234044794	0.819330826797978	-0.00518209711498412	20.6237089931633	1
11.875	20.75	0.99492976463842	0.816428816343332	-0.00448688218997927	20.4203936799254	1
12.125	20.75	0.997166879805447	0.813958778994856	-0.00388822602703778	20.2173333166071	1
12.375	20.75	0.998408692829771	0.811868758386379	-0.0033770042527593	20.0145958597025	1
12.625	20.75	0.999094295303585	0.810105799628917	-0.00294203947997665	19.8121904735655	1
12.875	20.75	0.999473660106429	0.808620264144037	-0.00257214809464612	19.6100977501712	1
13.125	20.75	0.999686120478038	0.807367902704323	-0.0022571089775336	19.4082864973503	1
13.375	20.75	0.999807844144918	0.806310495321983	-0.00198802644833174	19.2067225771921	1
13.625	20.75	0.999879805109999	0.805415688184519	-0.0017573743541516	19.0053732066908	1
13.875	20.75	0.999923839971248	0.804656440206533	-0.00155888830352385	18.8042087728289	1
14.125	20.75	0.999951615010431	0.80401032417132	-0.00138739898785717	18.6032033571348	1
14.375	20.75	0.999969489821627	0.803458816562519	-0.00123865535427543	18.4023346412729	1
14.625	20.75	0.99998107634853	0.802986642395422	-0.00110916089494047	18.2015835549468	1
14.875	20.75	0.999988546651113	0.802581202170282	-0.000996032191268684	18.0009338494164	1
15.125	20.75	0.999993286481636	0.802232086663911	-0.000896881455706894	17.800371681778	1
15.375	20.75	0.999996220581706	0.801930674488283	-0.000809721293577413	17.5998852436839	1
15.625	20.75	0.999997979856753	0.801669802648694	-0.000732888536998865	17.3994644430016	1
15.875	20.75	0.999998994701853	0.801443499015046	-0.000664983740450781	17.1991006358768	1
16.125	20.75	0.999999553713076	0.801246766004951	-0.00060482319941946	16.998786402752	1
16.375	20.75	0.999999844830825	0.801075405950933	-0.000551400823770948	16.798515361289	1
16.625	20.75	0.999999985899044	0.800925880062456	-0.000503857699420997	16.5982820098279	1
16.875	20.75	1.00000004755427	0.800795194305192	-0.000461457635251596	16.3980815960566	1
17.125	20.75	1.00000006996923	0.80068080679662	-0.000423567373267098	16.197910006559	1
17.375	20.75	1.00000007461581	0.800580552405645	-0.000389640452000049	15.997763673735	1
17.625	20.75	1.0000000721305	0.800492581112734	-0.000359203948742748	15.7976394972327	1
17.875	20.75	1.00000006728584	0.800415307427177	-0.000331847510729144	15.5975347775362	1
18.125	20.75	1.00000006194209	0.80034736871082	-0.000307214222300872	15.397447159749	1
18.375	20.75	1.00000005667367	0.800287590704966	-0.000284992956998176	15.1973745859327	1
18.625	20.75	1.00000005158601	0.800234958908494	-0.000264911939957368	14.9973152546249	1
18.875	20.75	1.00000004667348	0.80018859472934	-0.000246733306131467	14.7972675863821	1
19.125	20.75	1.000000041943	0.800147735538984	-0.000230248481363751	14.5972301943839	1
19.375	20.75	1.00000003743296	0.800111717940301	-0.000215274249398875	14.3972018592907	1
19.625	20.75	1.00000003319776	0.800079963681557	-0.000201649391965208	14.1971815076849	1
19.875	20.75	1.00000002928791	0.800051967761351	-0.00018923181043098	13.9971681935358	1
20.125	20.75	1.00000002573721	0.800027288354896	-0.000177896055452594	13.797161082224	1
20.375	20.75	1.00000002255855	0.800005538253793	-0.000167531199958472	13.5971594367372	1
20.625	20.75	1.00000001974551	0.799986377573686	-0.000158039005182421	13.3971626057149	1
20.875	20.75	1.00000001727739	0.799969507526221	-0.000149332336814361	13.1971700130711	1
21.125	20.75	1.00000001512449	0.799954665081538	-0.000141333792744209	12.9971811489669	1
21.375	20.75	1.00000001325287	0.799941618385501	-0.000133974514111071	12.7971955619434	1
21.625	20.75	1.00000001162799	0.799930162814707	-0.000127193152741869	12.5972128520521	1
21.875	20.75	1.0000000102172	0.799920117571249	-0.000120934972234214	12.3972326648458	1
22.125	20.75	1.00000000899099	0.799911322739945	-0.000115151065427225	12.197254686114	1
22.375	20.75	1.00000000792348	0.799903636736348	-0.00010979767152294	11.9972786372624	1
22.625	20.75	1.00000000699234	0.79989693408892	-0.000104835579163889	11.7973042712526	1
22.875	20.75	1.00000000617849	0.799891103511511	-0.000100229604261873	11.5973313690293	1
23.125	20.75	1.00000000546576	0.799886046223526	-9.59481323355351e-05	11.3973597363707	1
23.375	20.75	1.00000000484054	0.799881674480918	-9.19627172571091e-05	11.19738920111	1
23.625	20.75	1.00000000429119	0.799877910290832	-8.82477285351847e-05	10.9974196106806	1
23.875	20.75	1.00000000380771	0.799874684287567	-8.47800408759134e-05	10.7974508299459	1
24.125	20.75	1.00000000338162	0.799871934745466	-8.15387606563341e-05	10.5974827392768	1
24.375	20.75	1.00000000300573	0.799869606710156	-7.8504985090623e-05	10.3975152328485	1
24.625	20.75	1.00000000267371	0.799867651235136	-7.56615891216546e-05	10.1975482171295	1
24.875	20.75	1.00000000238007	0.799866024709825	-7.29930370474782e-05	9.9975816095409	1
25.125	20.75	1.00000000212025	0.799864688265092	-7.04852158278182e-05	9.79761533726327	1
25.375	20.75	1.0000000018902	0.799863607248664	-6.81252872913435e-05	9.59764933617759	1
25.625	20.75	1.00000000168619	0.799862750762533	-6.59015569761537e-05	9.39768354992176	1
25.875	20.75	1.00000000150504	0.799862091252478	-6.38033576163363e-05	9.19771792905032	1
26.125	20.75	1.00000000134393	0.7998616041431	-6.18209454684186e-05	8.99775243028603	1
26.375	20.75	1.00000000120032	0.799861267516467	-5.99454082186834e-05	8.79778701585269	1
26.625	20.75	1.0000000010721	0.799861061826456	-5.81685823324648e-05	8.59782165287927	1
26.875	20.75	1.00000000095779	0.799860969643321	-5.64829797597009e-05	8.3978563128684	1
27.125	20.75	1.00000000085653	0.799860975427171	-5.48817227771013e-05	8.19789097122176	1
27.375	20.75	1.00000000076778	0.799861065327463	-5.33584846672547e-05	7.99792560681599	1
27.625	20.75	1.00000000069118	0.799861227005047	-5.19074372712269e-05	7.79796020162349	1
27.875	20.75	1.00000000062591	0.799861449470971	-5.0523204391451e-05	7.59799474037314	1
28.125	20.75	1.00000000056891	0.799861722943223	-4.92008195550885e-05	7.39802921024778	1
28.375	20.75	1.0000000005138	0.799862038722743	-4.79356880999845e-05	7.19806360061352	1
28.625	20.75	1.00000000045067	0.799862389079727	-4.67235526024182e-05	6.99809790277669	1
28.875	20.75	1.00000000036809	0.799862767151271	-4.55604626775148e-05	6.79813210976727	1
29.125	20.75	1.00000000025968	0.799863166852138	-4.44427479065204e-05	6.59816621614354	1
29.375	20.75	1.00000000013634	0.799863582794039	-4.3366992532469e-05	6.39820021781537	1
29.625	20.75	1.00000000004123	0.799864010211432	-4.23300133551892e-05	6.19823411188284	1
29.875	20.75	1.00000000005933	0.799864444893532	-4.13288397637411e-05	5.99826789648936	1
30.125	20.75	1.00000000030651	0.799864883123856	-4.03606957777215e-05	5.79830157068945	1
30.375	20.75	1.00000000087768	0.799865321625255	-3.94229837114612e-05	5.59833513433569	1
30.625	20.75	1.00000000173947	0.799865757515403	-3.85132691160513e-05	5.39836858799317	1
30.875	20.75	1.00000000257938	0.799866188279567	-3.76292663931114e-05	5.19840193288859	1
31.125	20.75	1.00000000267387	0.799866611759376	-3.67688247179162e-05	4.99843517089416	1
31.375	20.75	1.00000000091054	0.799867026156234	-3.59299158168569e-05	4.79846830452863	1
31.625	20.75	0.999999996158566	0.799867430034543	-3.51106234913638e-05	4.59850133692414	1
31.875	20.75	0.999999988160882	0.799867822288946	-3.43091366350844e-05	4.39853427167449	1
32.125	20.75	0.999999978929339	0.799868202028597	-3.35237489452366e-05	4.19856711246696	1
32.375	20.75	0.99999997418188	0.799868568332869	-3.27528652293604e-05	3.99859986244936	1
32.625	20.75	0.999999983693713	0.799868919885879	-3.19950126542899e-05	3.79863252344267	1
32.875	20.75	1.00000001879234	0.799869254609357	-3.1248846730786e-05	3.59866509539198	1
33.125	20.75	1.00000008518313	0.799869569581869	-3.0513134611364e-05	3.39869757679544	1
33.375	20.75	1.00000017070874	0.799869861691901	-2.97866930207817e-05	3.19872996705509	1
33.625	20.75	1.00000023134142	0.799870129470873	-2.90682660906404e-05	2.99876227139181	1
33.875	20.75	1.00000018470352	0.799870376176512	-2.83563584858651e-05	2.79879450771148	1
34.125	20.75	0.999999926812764	0.799870613235324	-2.76490970032852e-05	2.59882671234279	1
34.375	20.75	0.999999389678188	0.79987086161151	-2.6944270700189e-05	2.39885893830203	1
34.625	20.75	0.999998647017349	0.799871147067402	-2.62397588621951e-05	2.19889123733714	1
34.875	20.75	0.999998044545039	0.799871484891242	-2.55345113245674e-05	1.99892361868608	1
35.125	20.75	0.999998277953564	0.799871852521531	-2.48300068271136e-05	1.79895598747938	1
35.375	20.75	1.0000002802292	0.799872156674172	-2.41316134727067e-05	1.59898808700641	1
35.625	20.75	1.00000475162988	0.799872215450189	-2.34485604199063e-05	1.39901949913412	1
35.875	20.75	1.00001124075811	0.799871791540805	-2.27906416376039e-05	1.19904978250095	1
36.125	20.75	1.00001694295958	0.799870719023701	-2.21599730762216e-05	0.999078820445422	1
36.375	20.75	1.0000158554089	0.799869145051266	-2.15380189542551e-05	0.799107370722944	1
36.625	20.75	0.999999509882697	0.799867838690936	-2.08724541687504e-05	0.599137625066412	1
36.875	20.75	0.999960845606644	0.799868387242435	-2.00748679881318e-05	0.399173311705093	1
37.125	20.75	0.999902256975421	0.799888624978813	-1.90462202332085e-05	0.19921862155986	1
37.375	20.75	0.999846694807011	0.399897343381185	-1.79284914820637e-05	-0.000732557661671735	1
0.125	21.25	0.000363480849399878	0.799754422223933	-0.000524428967735015	22.8257457911268	1
0.375	21.25	0.000363882925559561	0.799657345935244	-0.000478228767358319	22.8257280204985	1
0.625	21.25	0.000364712909865192	0.799349398398029	-0.000401213453433424	22.8257851801823	1
0.875	21.25	0.000365849438952987	0.798992296929713	-0.000236159791104653	22.8259296289797	1
1.125	21.25	0.000366854019552523	0.798600851283395	3.30069116248129e-05	22.8261730773759	1
1.375	21.25	0.000366826880649029	0.798219567607776	0.000398883390130627	22.8265202948186	1
1.625	21.25	0.00036434504222428	0.797921183815425	0.000800210099715087	22.8269606249348	1
1.875	21.25	0.000357557562272622	0.797780615460007	0.00111264546827533	22.8274624877797	1
2.125	21.25	0.000344510103869892	0.797824580447552	0.00120590372991514	22.8279779664759	1
2.375	21.25	0.000323740726903951	0.797985627863317	0.00105465046948596	22.8284622856214	1
2.625	21.25	0.000295131414664322	0.798114960477268	0.000786722150944028	22.8289008638995	1
2.875	21.25	0.000260927640573298	0.798071843878536	0.000586999186412435	22.8293219814122	1
3.125	21.25	0.000226778165571508	0.797816421946227	0.000573754737800655	22.8297789843118	1
3.375	21.25	0.000202628130164621	0.797422810679301	0.000761514620072039	22.8303160269826	1
3.625	21.25	0.000203319953673237	0.797028564356735	0.0010647886721577	22.8309427217187	1
3.875	21.25	0.00024877948970231	0.796774300241129	0.00135337202265977	22.8316244814926	1
4.125	21.25	0.000363656053770245	0.796757430348901	0.00154871389730481	22.8322877495593	1
4.375	21.25	0.000576250497958713	0.797024376235184	0.00164399491602886	22.8328347013001	1
4.625	21.25	0.000916537753666459	0.797602584080657	0.0016474073472819	22.8331537557311	1
4.875	21.25	0.00141313533522151	0.798534441623606	0.00154656071633298	22.8331194681836	1
5.125	21.25	0.00208929773153066	0.799887680977884	0.00131609409989577	22.8325871041614	1
5.375	21.25	0.0029584858247035	0.801748783755468	0.000933671882935065	22.8313882367925	1
5.625	21.25	0.00402064960920085	0.804212784457974	0.000387162007210193	22.8293290131414	1
5.875	21.25	0.00526090279810008	0.807374307303903	-0.000323478430704531	22.8261897557403	1
6.125	21.25	0.00665283982471936	0.811318920652413	-0.00118454244342602	22.8217237814207	1
6.375	21.25	0.00816969451676416	0.816113188900408	-0.00216615367021678	22.8156529402133	1
6.625	21.25	0.00980828047991943	0.821792638551757	-0.00321989265900222	22.8076565508813	1
6.875	21.25	0.0116336398694732	0.828347490552296	-0.00427730708973426	22.7973490875977	1
7.125	21.25	0.013857104386351	0.835706277596831	-0.0052500270347883	22.7842404057855	1
7.375	21.25	0.01696739264301	0.843717433423284	-0.0060323780127596	22.76767107114	1
7.625	21.25	0.0219422618509146	0.852128479229712	-0.00650773369720301	22.7467158361823	1
7.875	21.25	0.0305704287687006	0.860561427658469	-0.00656017947618994	22.7200533293655	1
8.125	21.25	0.0458882864104175	0.86848242741123	-0.00609313437060865	22.6858145806301	1
8.375	21.25	0.0726304644993783	0.8751685158754	-0.00505602260202711	22.6414537939802	1
8.625	21.25	0.117319302797166	0.87969956394235	-0.00347789105391522	22.5837351484097	1
8.875	21.25	0.187152876228606	0.881070478566382	-0.00150035035038779	22.5089833060485	1
9.125	21.25	0.286636494314372	0.878586366402374	0.000611790227397047	22.4137388010777	1
9.375	21.25	0.412341199098687	0.872520304427186	0.00251695501381442	22.2957802828409	1
9.625	21.25	0.550047654105393	0.864388035729734	0.00391243109228963	22.1551011503338	1
9.875	21.25	0.679809549585684	0.85609548957319	0.00465655978762198	21.9941773457879	1
10.125	21.25	0.786290471700953	0.848716537949381	0.0047990298814722	21.8172213431095	1
10.375	21.25	0.864419446709407	0.842338081272178	0.00450706923590368	21.6288955286598	1
10.625	21.25	0.917203714688122	0.836706319438563	0.00396792871590862	21.4332666340989	1
10.875	21.25	0.950852583183249	0.831654668450801	0.0033312780658119	21.2333639491873	1
11.125	21.25	0.971446130873387	0.827140527795718	0.00269501869988116	21.0312087858689	1
11.375	21.25	0.98368143011309	0.82316344210438	0.00211320558373373	20.8280436601529	1
11.625	21.25	0.990786881581077	0.819712860769316	0.00160954733732798	20.6245804119717	1
11.875	21.25	0.994838104221183	0.816756103027132	0.00118929069165649	20.4211969334022	1
12.125	21.25	0.997113943965473	0.814244338937161	0.000847709055926485	20.218072929774	1
12.375	21.25	0.998378577187035	0.812121772445679	0.000575512771847781	20.0152765494376	1
12.625	21.25	0.999077402836525	0.810332663231619	0.000362012665238279	19.8128168291483	1
12.875	21.25	0.999464291371569	0.808825427823262	0.000196810430114767	19.6106741045521	1
13.125	21.25	0.999680951454881	0.807554500538065	7.05903986101265e-05	19.4088168893565	1
13.375	21.25	0.999804975939493	0.806480793073839	-2.46027282449792e-05	19.2072107533138	1
13.625	21.25	0.999878177917556	0.805571390934854	-9.53590609934597e-05	19.0058226374231	1
13.875	21.25	0.999922877083567	0.804798896537613	-0.000147028193192101	18.8046226722519	1
14.125	21.25	0.999951010621746	0.804140657316985	-0.000183892496532874	18.6035847012582	1
14.375	21.25	0.999969085468986	0.803578005750109	-0.000209346386271799	18.4026861839134	1
14.625	21.25	0.999980790974929	0.803095571300329	-0.000226061232293323	18.2019078412894	1
14.875	21.25	0.999988338348989	0.802680686371773	-0.000236128028086848	18.0012332278768	1
15.125	21.25	0.999993132410274	0.802322888208697	-0.000241176423938303	17.8006483148207	1
15.375	21.25	0.999996106939062	0.802013508930531	-0.000242471813898418	17.6001411181125	1
15.625	21.25	0.99999789716811	0.801745342015991	-0.000240993373034686	17.3997013800612	1
15.875	21.25	0.999998935762927	0.801512372829483	-0.000237496179617677	17.199320301334	1
16.125	21.25	0.999999512758734	0.801309561607418	-0.00023256035075339	16.9989903170004	1
16.375	21.25	0.999999817208093	0.801132668813997	-0.000226629733225526	16.7987049094365	1
16.625	21.25	0.99999996791082	0.800978114419128	-0.000220042270844733	16.5984584516798	1
16.875	21.25	1.00000003633971	0.80084286420455	-0.000213053780598966	16.3982460758864	1
17.125	21.25	1.00000006338109	0.80072433757907	-0.000205856528992359	16.1980635625643	1
17.375	21.25	1.00000007109211	0.800620332529626	-0.000198593719355151	15.9979072470854	1
17.625	21.25	1.00000007056933	0.800528964245171	-0.000191370772446535	15.7977739406419	1
17.875	21.25	1.00000006693282	0.800448614704181	-0.000184264094471693	15.5976608633064	1
18.125	21.25	1.000000062296	0.80037789108143	-0.000177327882906462	15.3975655872605	1
18.375	21.25	1.00000005741157	0.800315591289338	-0.000170599401418342	15.1974859885672	1
18.625	21.25	1.00000005250644	0.800260675315467	-0.000164103060752764	14.9974202061276	1
18.875	21.25	1.00000004765526	0.800212241290795	-0.000157853572656242	14.7973666066776	1
19.125	21.25	1.00000004291649	0.800169505432017	-0.000151858382427055	14.5973237548699	1
19.375	21.25	1.00000003836064	0.800131785178756	-0.000146119541740006	14.3972903876394	1
19.625	21.25	1.00000003406147	0.80009848496815	-0.000140635148055431	14.1972653921847	1
19.875	21.25	1.00000003008078	0.800069084195117	-0.000135400447210936	13.997247787008	1
20.125	21.25	1.00000002645856	0.800043126994596	-0.000130408676399876	13.7972367055489	1
20.375	21.25	1.00000002321109	0.800020213543105	-0.000125651705670689	13.5972313820241	1
20.625	21.25	1.00000002033355	0.79999999263339	-0.000121120523219687	13.3972311391481	1
20.875	21.25	1.0000000178058	0.799982155322215	-0.000116805601654618	13.1972353774637	1
21.125	21.25	1.00000001559835	0.799966429477686	-0.000112697170748503	12.9972435660496	1
21.375	21.25	1.00000001367726	0.799952575088828	-0.000108785418952831	12.7972552344163	1
21.625	21.25	1.00000001200774	0.799940380224239	-0.000105060640887809	12.5972699654232	1
21.875	21.25	1.00000001055677	0.799929657538744	-0.000101513341868001	12.3972873890782	1
22.125	21.25	1.00000000929447	0.799920241249161	-9.81343109506389e-05	12.1973071771023	1
22.375	21.25	1.0000000081946	0.799911984510597	-9.49146698569524e-05	11.997329038156	1
22.625	21.25	1.00000000723446	0.799904757134638	-9.18459028858851e-05	11.7973527136428	1
22.875	21.25	1.00000000639471	0.79989844360307	-8.89198730843629e-05	11.5973779740138	1
23.125	21.25	1.00000000565885	0.799892941335434	-8.61288287390272e-05	11.3974046155096	1
23.375	21.25	1.00000000501302	0.799888159173883	-8.34654020887174e-05	11.1974324572846	1
23.625	21.25	1.00000000444533	0.799884016056968	-8.09226021479972e-05	10.9974613388653	1
23.875	21.25	1.00000000394559	0.799880439858432	-7.84938039764794e-05	10.7974911179026	1
24.125	21.25	1.00000000350502	0.79987736636672	-7.61727356240282e-05	10.5975216681798	1
24.375	21.25	1.00000000311619	0.799874738386941	-7.39534634390191e-05	10.3975528778481	1
24.625	21.25	1.00000000277265	0.799872504951918	-7.18303758739423e-05	10.1975846478604	1
24.875	21.25	1.00000000246879	0.799870620626991	-6.97981670481291e-05	9.99761689058001	1
25.125	21.25	1.00000000219982	0.799869044894905	-6.78518205883822e-05	9.79764952854475	1
25.375	21.25	1.00000000196154	0.799867741612588	-6.59865933383412e-05	9.59768249336723	1
25.625	21.25	1.00000000175021	0.799866678532142	-6.41979994406951e-05	9.39771572475618	1
25.875	21.25	1.00000000156262	0.799865826876203	-6.24817952126939e-05	9.19774916964439	1
26.125	21.25	1.00000000139584	0.799865160960022	-6.08339644086895e-05	8.99778278141152	1
26.375	21.25	1.00000000124713	0.799864657858327	-5.92507044408417e-05	8.79781651919138	1
26.625	21.25	1.00000000111433	0.799864297109385	-5.77284132449035e-05	8.59785034725287	1
26.875	21.25	1.00000000099588	0.799864060449991	-5.62636766476186e-05	8.39788423444778	1
27.125	21.25	1.00000000089079	0.799863931581785	-5.48532570011334e-05	8.19791815371755	1
27.375	21.25	1.00000000079857	0.799863895963276	-5.34940815106459e-05	7.99795208165209	1
27.625	21.25	1.00000000071892	0.79986394062382	-5.21832321729161e-05	7.79798599809532	1
27.875	21.25	1.00000000065092	0.799864053997178	-5.09179367429796e-05	7.59801988579261	1
28.125	21.25	1.00000000059151	0.799864225774121	-4.96955590049699e-05	7.39805373007564	1
28.375	21.25	1.00000000053432	0.79986444677338	-4.85135901901719e-05	7.19808751858038	1
28.625	21.25	1.00000000046949	0.799864708822938	-4.73696414359081e-05	6.9981212409939	1
28.875	21.25	1.00000000038565	0.799865004653387	-4.62614366045458e-05	6.7981548888287	1
29.125	21.25	1.00000000027651	0.799865327806327	-4.51868054089508e-05	6.5981884552193	1
29.375	21.25	1.00000000015275	0.799865672550973	-4.41436767798484e-05	6.39822193473766	1
29.625	21.25	1.00000000005697	0.799866033806438	-4.31300732318443e-05	6.19825532322513	1
29.875	21.25	1.00000000007326	0.799866407070884	-4.21441055082113e-05	5.99828861763937	1
30.125	21.25	1.00000000031612	0.799866788358903	-4.11839678857027e-05	5.79832181591681	1
30.375	21.25	1.00000000087942	0.799867174145128	-4.02479334946374e-05	5.59835491685439	1
30.625	21.25	1.00000000173028	0.799867561317891	-3.93343490887699e-05	5.39838792001917	1
30.875	21.25	1.00000000255991	0.799867947149863	-3.8441630348023e-05	5.19842082569271	1
31.125	21.25	1.00000000265328	0.799868329284833	-3.75682567412087e-05	4.99845363485037	1
31.375	21.25	1.00000000091102	0.799868705739096	-3.67127660512377e-05	4.79848634915808	1
31.625	21.25	0.999999996215251	0.799869074903477	-3.58737505109369e-05	4.59851897093571	1
31.875	21.25	0.999999988310937	0.799869435509486	-3.50498561151282e-05	4.39855150300357	1
32.125	21.25	0.999999979184754	0.799869786513548	-3.42397875472788e-05	4.19858394831551	1
32.375	21.25	0.999999974485663	0.799870126854215	-3.34423196384587e-05	3.9986163093304	1
32.625	21.25	0.999999983872841	0.799870455089828	-3.26563133201889e-05	3.79864858723153	1
32.875	21.25	1.00000001854187	0.799870769035063	-3.18807250696319e-05	3.59868078138124	1
33.125	21.25	1.00000008413688	0.799871065679796	-3.11145934431735e-05	3.39871288974207	1
33.375	21.25	1.00000016865575	0.799871341833591	-3.03569794008893e-05	3.19874491119693	1
33.625	21.25	1.00000022860726	0.799871595935484	-2.96068446735846e-05	2.99877685040337	1
33.875	21.25	1.0000001826024	0.799871831099619	-2.88628848167105e-05	2.79880872457689	1
34.125	21.25	0.999999927890964	0.799872058517663	-2.81233909540764e-05	2.59884056916114	1
34.375	21.25	0.999999397261595	0.799872298811474	-2.73862937029216e-05	2.39887243611575	1
34.625	21.25	0.999998663494642	0.799872577350233	-2.6649601883304e-05	2.19890437617916	1
34.875	21.25	0.999998068108737	0.799872909162524	-2.59124036865776e-05	1.99893639812304	1
35.125	21.25	0.999998298443608	0.799873271886003	-2.51763552740982e-05	1.7989684078894	1
35.375	21.25	1.00000027636946	0.799873573281909	-2.44470679059624e-05	1.59900015153708	1
35.625	21.25	1.00000469391025	0.799873633546233	-2.37340772407177e-05	1.39903121563476	1
35.875	21.25	1.00001110525531	0.79987321810458	-2.30474744079483e-05	1.19906116377726	1
36.125	21.25	1.00001673934906	0.799872162889588	-2.23894790580299e-05	0.999089880338814	1
36.375	21.25	1.00001566478056	0.79987061316114	-2.17411720359835e-05	0.799118113635972	1
36.625	21.25	0.999999513526989	0.799869328719848	-2.10490473289102e-05	0.599148028870809	1
36.875	21.25	0.999961307635342	0.799869877912142	-2.02226401757892e-05	0.399183309538322	1
37.125	21.25	0.999903411837096	0.799889887307454	-1.91605444438779e-05	0.199228096572789	1
37.375	21.25	0.999848504661777	0.399898495844408	-1.80089988484528e-05	-0.000723651337174505	1
0.125	21.75	0.000369494401139661	0.79973633222801	-6.842255169662e-05	22.8258004598496	1
0.375	21.75	0.000369891329201556	0.79961503911461	0.00014095937170635	22.8257894572575	1
0.625	21.75	0.000370707912384675	0.799281476504749	0.000339836813879829	22.8258588688224	1
0.875	21.75	0.000371817664556463	0.798894552403014	0.000615999353120203	22.8260228395025	1
1.125	21.75	0.000372776712472169	0.798474658061822	0.000937343397100488	22.8262931818365	1
1.375	21.75	0.00037268248965897	0.798071770205663	0.00122286451874143	22.8266735763087	1
1.625	21.75	0.00037011596133909	0.797766677886006	0.00135945576174845	22.8271507063695	1
1.875	21.75	0.000363242088574359	0.797645023045757	0.00125915787435498	22.8276879205333	1
2.125	21.75	0.000350139728466037	0.797744042102581	0.000963756594374488	22.8282292420834	1
2.375	21.75	0.000329401251207525	0.797999614756712	0.000698546896211492	22.8287193788329	1
2.625	21.75	0.000300984768211007	0.79824659123835	0.000734307762126371	22.8291340753687	1
2.875	21.75	0.000267231629404393	0.798305383915583	0.00112663030963976	22.8294998692932	1
3.125	21.75	0.000233906129462288	0.798106682971705	0.00164679642218497	22.8298803996976	1
3.375	21.75	0.000211099268986775	0.797739467651439	0.00198551834658597	22.8303327676922	1
3.625	21.75	0.000213858947644562	0.797379008873708	0.00197204697797826	22.8308692267611	1
3.875	21.75	0.000262425640200904	0.797179787543903	0.00165484302945681	22.8314492460588	1
4.125	21.75	0.000381937071247823	0.797224756607712	0.00119306157476134	22.8319950377137	1
4.375	21.75	0.00060142793359357	0.797542450060556	0.000668164383035605	22.8324101691004	1
4.625	21.75	0.000951927283271997	0.798148141995126	3.42677837069555e-05	22.8325877958141	1
4.875	21.75	0.00146352127529616	0.799070163495318	-0.000804645936167882	22.8324094405247	1
5.125	21.75	0.00216151465748535	0.800355675834984	-0.00192705492175623	22.8317407836738	1
5.375	21.75	0.00306232670352758	0.802066248053179	-0.00337661522069369	22.830428356623	1
5.625	21.75	0.00417035459912199	0.804271053008379	-0.00516617407161995	22.8282977412913	1
5.875	21.75	0.00547758720513147	0.807040052087997	-0.00727993511907813	22.8251521718893	1
6.125	21.75	0.00696838018905425	0.810436898404363	-0.00966950843044649	22.8207696235519	1
6.375	21.75	0.00863286186209575	0.814510702837067	-0.0122466809655807	22.8148957629778	1
6.625	21.75	0.010494330704626	0.819286002948704	-0.0148758782816921	22.8072291438602	1
6.875	21.75	0.0126591885441183	0.824750642031594	-0.0173685253437327	22.7973936781789	1
7.125	21.75	0.0154029525001008	0.830841540352472	-0.019481660649821	22.7848919188733	1
7.375	21.75	0.0193128558903707	0.837428295960856	-0.0209240555253843	22.7690317579567	1
7.625	21.75	0.0255145461536968	0.8442938990457	-0.0213742353253902	22.7488204306601	1
7.875	21.75	0.0360086084878546	0.851110543951639	-0.0205156592736966	22.7228264914866	1
8.125	21.75	0.0541058263608466	0.857408155827476	-0.0180942663566608	22.6890280659006	1
8.375	21.75	0.0848193719174881	0.862540590243684	-0.014001533258817	22.6447004460645	1
8.625	21.75	0.134764700067951	0.865686397134943	-0.00837855189074663	22.5864483173917	1
8.875	21.75	0.210670433602958	0.865992189193405	-0.00171371116620893	22.5105334904473	1
9.125	21.75	0.315616824315593	0.863002753469533	0.00514032260438569	22.413613632631	1
9.375	21.75	0.444032335166463	0.857253957404583	0.0111378995047683	22.293786761345	1
9.625	21.75	0.580247215980603	0.850314145877029	0.0154109597018753	22.1514638146837	1
9.875	21.75	0.704960416262507	0.843790520736561	0.0176145722993231	21.9894434600893	1
10.125	21.75	0.805005847812259	0.838332958198894	0.0179681230648091	21.8120339934705	1
10.375	21.75	0.877239995858583	0.833758957384624	0.0170078633083007	21.6237911845865	1
10.625	21.75	0.925512766784433	0.829718895615836	0.0153025259503598	21.4285897219979	1
10.875	21.75	0.956053489780284	0.826028785880701	0.0132974069700859	21.2292799378114	1
11.125	21.75	0.974634279743912	0.822653234525801	0.0112818555535419	21.0277573325555	1
11.375	21.75	0.985612512384644	0.819609636877591	0.00941626104385868	20.8251915975905	1
11.625	21.75	0.991949162038276	0.816911922993519	0.00777256947103363	20.6222602032784	1
11.875	21.75	0.995535785438302	0.81455482696088	0.00636902066902087	20.4193302580087	1
12.125	21.75	0.997532669513735	0.8125165312456	0.00519468951440032	20.2165833990293	1
12.375	21.75	0.998630294417023	0.810765693447316	0.00422505183865736	20.0140956001165	1
12.625	21.75	0.999229164145135	0.809267502372314	0.003431082997431	19.8118857381877	1
12.875	21.75	0.999556124494887	0.807987632314918	0.002784144605753	19.6099439887353	1
13.125	21.75	0.999736733701759	0.806894400457758	0.00225830952957591	19.408247778116	1
13.375	21.75	0.999838972204012	0.805959705698556	0.00183122021269154	19.2067703305816	1
13.625	21.75	0.999898940708329	0.805159237646255	0.0014841639874262	19.0054849567153	1
13.875	21.75	0.999935561073766	0.804472292507859	0.00120177173231729	18.8043669845826	1
14.125	21.75	0.999958742561853	0.803881405859633	0.000971569675032193	18.6033944469553	1
14.375	21.75	0.999973774888782	0.80337192436813	0.000783506414575248	18.4025481546254	1
14.625	21.75	0.999983611254746	0.802931582453299	0.000629514105058175	18.2018114979683	1
14.875	21.75	0.9999900138194	0.802550115959066	0.000503127374632293	18.0011701529437	1
15.125	21.75	0.999994111143081	0.802218925297966	0.000399164894806951	17.8006117756417	1
15.375	21.75	0.999996665829797	0.801930789828412	0.000313469532366054	17.6001257207901	1
15.625	21.75	0.999998206554586	0.801679629862837	0.000242699407431585	17.3997027955079	1
15.875	21.75	0.999999099568212	0.801460310448308	0.000184161374644434	17.199335048721	1
16.125	21.75	0.999999593621572	0.8012684805062	0.000135678975020608	16.9990155925234	1
16.375	21.75	0.99999985227827	0.801100441255584	9.5487967663954e-05	16.7987384507917	1
16.625	21.75	0.99999997877261	0.800953038561894	6.21537230009456e-05	16.5984984306484	1
16.875	21.75	1.00000003521338	0.800823574684185	3.45058583014532e-05	16.3982910130504	1
17.125	21.75	1.00000005696041	0.800709735703732	1.15864388541969e-05	16.198112259456	1
17.375	21.75	1.00000006288512	0.800609531626528	-7.39115106360424e-06	15.9979587320904	1
17.625	21.75	1.0000000622999	0.800521246741977	-2.30749436686998e-05	15.7978274257647	1
17.875	21.75	1.00000005936097	0.80044339832419	-3.60005084413217e-05	15.5977157095339	1
18.125	21.75	1.00000005568489	0.800374702135253	-4.66118526269934e-05	15.397621276742	1
18.375	21.75	1.00000005178464	0.800314043509264	-5.52781927536988e-05	15.1975421022099	1
18.625	21.75	1.00000004778368	0.800260453029006	-6.23074518977938e-05	14.9974764055052	1
18.875	21.75	1.00000004372153	0.800213086001726	-6.7957156803575e-05	14.7974226193816	1
19.125	21.75	1.00000003965338	0.80017120508802	-7.244326281744e-05	14.5973793626162	1
19.375	21.75	1.00000003565971	0.800134165560264	-7.59473228468925e-05	14.3973454165859	1
19.625	21.75	1.00000003182837	0.800101402757764	-7.86223314636838e-05	14.1973197050271	1
19.875	21.75	1.00000002823557	0.800072421383812	-8.05975032814651e-05	13.997301276511	1
20.125	21.75	1.00000002493428	0.800046786353249	-8.19821925050751e-05	13.7972892892389	1
20.375	21.75	1.00000002195184	0.800024114946513	-8.28691197135817e-05	13.5972829978234	1
20.625	21.75	1.00000001929287	0.800004070067022	-8.33370349146141e-05	13.3972817417762	1
20.875	21.75	1.00000001694513	0.799986354437714	-8.34529233648045e-05	13.197284935463	1
21.125	21.75	1.00000001488577	0.799970705592503	-8.32738380193348e-05	12.997292059324	1
21.375	21.75	1.00000001308649	0.799956891543858	-8.28484256546105e-05	12.7973026521883	1
21.625	21.75	1.00000001151715	0.79994470703168	-8.22182026673819e-05	12.597316304537	1
21.875	21.75	1.00000001014867	0.79993397026682	-8.14186236542994e-05	12.397332652587	1
22.125	21.75	1.00000000895442	0.799924520099331	-8.04799791770904e-05	12.1973513730909	1
22.375	21.75	1.00000000791074	0.799916213552804	-7.94281521253592e-05	11.9973721787588	1
22.625	21.75	1.00000000699707	0.799908923671886	-7.82852564731984e-05	11.7973948142229	1
22.875	21.75	1.00000000619586	0.799902537641441	-7.70701779508439e-05	11.5974190524773	1
23.125	21.75	1.00000000549206	0.799896955141772	-7.57990330961471e-05	11.3974446917325	1
23.375	21.75	1.00000000487287	0.799892086906826	-7.44855594506146e-05	11.1974715526332	1
23.625	21.75	1.00000000432737	0.799887853457686	-7.31414479247806e-05	10.9974994757957	1
23.875	21.75	1.00000000384619	0.79988418399014	-7.1776627103337e-05	10.7975283196254	1
24.125	21.75	1.00000000342122	0.799881015395708	-7.03995065671196e-05	10.5975579583812	1
24.375	21.75	1.00000000304548	0.799878291399064	-6.90171852154539e-05	10.3975882804572	1
24.625	21.75	1.00000000271295	0.799875961798001	-6.76356302490155e-05	10.1976191868553	1
24.875	21.75	1.00000000241835	0.799873981791449	-6.62598312809802e-05	9.9976505898282	1
25.125	21.75	1.00000000215708	0.799872311384805	-6.48939334428532e-05	9.79768241167036	1
25.375	21.75	1.00000000192524	0.799870914864704	-6.35413517610236e-05	9.59771458364266	1
25.625	21.75	1.00000000171936	0.799869760334039	-6.22048698867713e-05	9.39774704501333	1
25.875	21.75	1.00000000153639	0.799868819299235	-6.08867260901988e-05	9.19777974220292	1
26.125	21.75	1.00000000137358	0.799868066302689	-5.95886874352649e-05	8.99781262802135	1
26.375	21.75	1.00000000122834	0.799867478598088	-5.83121139400689e-05	8.79784566098732	1
26.625	21.75	1.0000000010986	0.799867035862482	-5.70580147811851e-05	8.59787880471959	1
26.875	21.75	1.00000000098274	0.799866719937382	-5.58270964806643e-05	8.39791202739323	1
27.125	21.75	1.00000000087977	0.799866514600259	-5.46198053553965e-05	8.19794530125377	1
27.375	21.75	1.00000000078935	0.799866405361151	-5.34363640999974e-05	7.99797860218198	1
27.625	21.75	1.00000000071122	0.799866379279771	-5.22768036963668e-05	7.79801190930478	1
27.875	21.75	1.00000000064442	0.799866424803629	-5.11409916995469e-05	7.5980452046471	1
28.125	21.75	1.00000000058596	0.799866531623738	-5.00286556846433e-05	7.39807847282003	1
28.375	21.75	1.00000000052966	0.799866690546182	-4.89394045302209e-05	7.19811170074174	1
28.625	21.75	1.00000000046581	0.799866893375708	-4.7872747473449e-05	6.99814487738725	1
28.875	21.75	1.00000000038319	0.7998671328121	-4.68281098133805e-05	6.79817799356464	1
29.125	21.75	1.0000000002755	0.799867402359978	-4.58048465032212e-05	6.5982110417132	1
29.375	21.75	1.00000000015322	0.799867696245781	-4.48022546350363e-05	6.39824401572028	1
29.625	21.75	1.00000000005845	0.799868009341143	-4.38195845838908e-05	6.19827691075448	1
29.875	21.75	1.00000000007441	0.799868337093148	-4.2856049036516e-05	5.99830972311352	1
30.125	21.75	1.00000000031428	0.799868675462578	-4.1910831338678e-05	5.79834245008749	1
30.375	21.75	1.0000000008708	0.799869020868882	-4.09830926162593e-05	5.59837508984127	1
30.625	21.75	1.00000000171166	0.799869370143673	-4.00719771216185e-05	5.39840764132392	1
30.875	21.75	1.00000000253191	0.799869720500679	-3.91766170711372e-05	5.19844010421323	1
31.125	21.75	1.00000000262521	0.799870069523847	-3.82961359733384e-05	4.99847247889458	1
31.375	21.75	1.00000000090532	0.799870415168902	-3.74296501795891e-05	4.79850476645671	1
31.625	21.75	0.99999999626729	0.799870755764303	-3.65762720905018e-05	4.59853696865487	1
31.875	21.75	0.999999988458007	0.799871089977928	-3.57351156539855e-05	4.39856908775863	1
32.125	21.75	0.999999979438652	0.799871416702708	-3.49053065062987e-05	4.19860112618867	1
32.375	21.75	0.999999974788132	0.799871734816193	-3.40859986492469e-05	3.99863308589536	1
32.625	21.75	0.999999984047834	0.799872042823145	-3.32763949354735e-05	3.79866496758699	1
32.875	21.75	1.00000001827975	0.799872338496282	-3.24757602984259e-05	3.59869677018988	1
33.125	21.75	1.00000008306668	0.799872618794788	-3.16834116554015e-05	3.39872849126325	1
33.375	21.75	1.00000016656575	0.799872880501393	-3.08986603000487e-05	3.19876012928999	1
33.625	21.75	1.00000022583254	0.799873122009342	-3.01206911821741e-05	2.99879168847039	1
33.875	21.75	1.00000018048433	0.799873346330352	-2.93483959855878e-05	2.79882318542274	1
34.125	21.75	0.99999992902349	0.799873564456325	-2.85802347403648e-05	2.59885465478584	1
34.375	21.75	0.999999405027434	0.799873796695696	-2.78142840297504e-05	2.39888614753182	1
34.625	21.75	0.999998680312483	0.799874068049744	-2.70486858318804e-05	2.19891771345282	1
34.875	21.75	0.999998092108114	0.799874393311785	-2.62826686859178e-05	1.99894936092133	1
35.125	21.75	0.999998319225431	0.799874750349065	-2.55180660673207e-05	1.79898099677632	1
35.375	21.75	1.00000027219087	0.799875048013493	-2.47607289055543e-05	1.59901236996259	1
35.625	21.75	1.00000463463763	0.799875108660867	-2.40204932633589e-05	1.39904307189711	1
35.875	21.75	1.00001096649838	0.79987470053072	-2.33077416009084e-05	1.19907267127304	1
36.125	21.75	1.00001653111188	0.799873661473688	-2.26247996997889e-05	0.999101053550517	1
36.375	21.75	1.00001547015971	0.799872134840401	-2.19523893776027e-05	0.799128957426373	1
36.625	21.75	0.99999951820819	0.799870870982238	-2.12358849298153e-05	0.599158521012667	1
36.875	21.75	0.999961782173714	0.799871418886264	-2.03828724487021e-05	0.399193382096847	1
37.125	21.75	0.99990459653582	0.799891191723151	-1.92897050712446e-05	0.199237630505258	1
37.375	21.75	0.999850360961563	0.399899688125415	-1.81066026507205e-05	-0.000714702069851281	1
0.125	22.25	0.000383269755281354	0.799716821893071	0.000323016378049606	22.8259039948563	1
0.375	22.25	0.000383658973370066	0.799594779327123	0.000650822552330463	22.8258966784276	1
0.625	22.25	0.000384452328892656	0.799279676359075	0.000924197898460674	22.8259657439437	1
0.875	22.25	0.000385508970799472	0.798922177790742	0.00121406002708816	22.8261232576452	1
1.125	22.25	0.000386366544404494	0.798548614325594	0.00143517685635937	22.8263774020224	1
1.375	22.25	0.000386105407951434	0.798209947342694	0.00142665919018739	22.8267268849043	1
1.625	22.25	0.000383300671190397	0.797976170892327	0.00101999750888176	22.8271543961522	1
1.875	22.25	0.000376137082055684	0.797907358391068	0.000170449910864333	22.8276237101412	1
2.125	22.25	0.000362756715344908	0.798006778494143	-0.000879477664759611	22.8280872902285	1
2.375	22.25	0.000341876334752138	0.798190983726492	-0.00157720031213109	22.828506963037	1
2.625	22.25	0.000313652387334248	0.79832034008372	-0.00137652230113216	22.8288774005819	1
2.875	22.25	0.000280703690553958	0.798290336194994	-0.000267560308823446	22.829230960147	1
3.125	22.25	0.000249154680263566	0.798111617848157	0.00110277548100876	22.8296121839724	1
3.375	22.25	0.000229555901912423	0.7978925303313	0.00200655961538643	22.8300418850364	1
3.625	22.25	0.000237556529965751	0.797749677032716	0.0021507415972063	22.8305030093691	1
3.875	22.25	0.000294207386487637	0.797754418696465	0.00166418674879601	22.8309490996081	1
4.125	22.25	0.000425747518913632	0.797942063970089	0.000820649228787125	22.8313154147139	1
4.375	22.25	0.00066268826057612	0.798335133607736	-0.000210930516865707	22.8315235283458	1
4.625	22.25	0.00103799574452081	0.798953039518935	-0.00142408960160064	22.8314821900471	1
4.875	22.25	0.00158427955167018	0.799814477938923	-0.00290097154757582	22.8310877626377	1
5.125	22.25	0.00233023488482022	0.800940050689934	-0.00473242698849483	22.8302243757499	1
5.375	22.25	0.00329714421094319	0.802353821362178	-0.00697883056747783	22.8287634539656	1
5.625	22.25	0.00449685546794625	0.804082060007001	-0.00965963799740895	22.8265626343292	1
5.875	22.25	0.00593324769157508	0.806149975995289	-0.0127504279951142	22.823463448468	1
6.125	22.25	0.00760996471225057	0.80857761049019	-0.016177056927678	22.8192859629796	1
6.375	22.25	0.00954848351757666	0.811375203658785	-0.0198060584408927	22.8138173679477	1
6.625	22.25	0.0118227747093054	0.814537812222752	-0.0234341146898682	22.8067902368267	1
6.875	22.25	0.0146203821331825	0.818038917040252	-0.0267803926109024	22.7978447549577	1
7.125	22.25	0.018345141551076	0.821822773562262	-0.0294863206136831	22.7864679134239	1
7.375	22.25	0.0237835868475936	0.825794780775934	-0.0311284784146993	22.7719025054515	1
7.625	22.25	0.0323615445129469	0.829807731139034	-0.0312511363436093	22.7530219971423	1
7.875	22.25	0.0465057459370329	0.833639737607707	-0.0294248499880049	22.7281780675765	1
8.125	22.25	0.0700614938681274	0.836960102152795	-0.02533591707932	22.6950517122685	1
8.375	22.25	0.108533173682699	0.839292965983176	-0.0189076274173436	22.6505809652157	1
8.625	22.25	0.168552614131117	0.84003436769821	-0.0104424068622697	22.5910912948406	1
8.875	22.25	0.255632112273985	0.838649666024568	-0.000737421757534796	22.512777255384	1
9.125	22.25	0.369831696393724	0.835133107840651	0.0089421710825466	22.4125855608209	1
9.375	22.25	0.501693083904379	0.830405732680586	0.0171669837557434	22.2892588044439	1
9.625	22.25	0.633663834396713	0.825937152503474	0.0228673260233272	22.1439694651565	1
9.875	22.25	0.748433708298858	0.822677428051873	0.0257219633478766	21.9800428188792	1
10.125	22.25	0.836862995877799	0.820568616765762	0.0261145792506465	21.8018921586022	1
10.375	22.25	0.898880681648281	0.819054791793577	0.0247796269450975	21.6138463663025	1
10.625	22.25	0.939487001232453	0.817682886399907	0.0224586487072896	21.4194339438085	1
10.875	22.25	0.96479009226589	0.816266187577404	0.0197265156699139	21.2211967766921	1
11.125	22.25	0.979987297171969	0.814792384756486	0.016960200860585	21.0208166445911	1
11.375	22.25	0.988851719502508	0.813312898415823	0.0143737420502124	20.8193392923179	1
11.625	22.25	0.993894389145222	0.81188332255529	0.0120680155178999	20.6173826561744	1
11.875	22.25	0.996698805935707	0.810543315961819	0.0100736538695287	20.4152939766389	1
12.125	22.25	0.998226577870977	0.80931475975079	0.00838189654967742	20.2132567196897	1
12.375	22.25	0.999044223774238	0.808205756010648	0.00696460546240479	20.0113590331948	1
12.625	22.25	0.999476417609468	0.807215301603662	0.00578629110728263	19.8096357692062	1
12.875	22.25	0.999704206125175	0.806337042846222	0.00481080588589062	19.6080934072235	1
13.125	22.25	0.999825730317281	0.805561894536098	0.00400470697501976	19.4067243541161	1
13.375	22.25	0.999892661305309	0.804879723056941	0.00333865480028411	19.205514854091	1
13.625	22.25	0.999931439420841	0.804280357378047	0.00278772324837265	19.0044491711234	1
13.875	22.25	0.999955276738847	0.803754150612077	0.00233115707463456	18.8035116670339	1
14.125	22.25	0.999970707024415	0.803292255596966	0.00195188871839432	18.6026877358279	1
14.375	22.25	0.999981018932372	0.802886726703811	0.00163598672705583	18.4019641449813	1
14.625	22.25	0.999987973079333	0.802530521632678	0.00137212358781388	18.2013290880469	1
14.875	22.25	0.999992615565162	0.802217449976644	0.00115110200078287	18.0007721096176	1
15.125	22.25	0.999995641234457	0.801942097142708	0.000965451899778088	17.8002839832881	1
15.375	22.25	0.999997547657761	0.80169974033369	0.000809096933458341	17.5998565801173	1
15.625	22.25	0.999998700321329	0.801486265772881	0.000677083051829681	17.3994827431812	1
15.875	22.25	0.99999936448583	0.801298091756963	0.00056535985034454	17.1991561734578	1
16.125	22.25	0.999999726304507	0.801132099427667	0.000470605394985326	16.998871327871	1
16.375	22.25	0.999999910635087	0.800985571660659	0.000390086231264715	16.7986233287373	1
16.625	22.25	0.999999996938035	0.800856139704022	0.000321545552683952	16.5984078834869	1
16.875	22.25	1.00000003287784	0.800741736858385	0.000263113777569021	16.398221213574	1
17.125	22.25	1.00000004516956	0.800640558390784	0.000213236905812107	16.198059991638	1
17.375	22.25	1.00000004760923	0.800551026891079	0.000170618982139743	15.9979212860915	1
17.625	22.25	1.00000004659939	0.800471762334565	0.000134175755469996	15.7978025123955	1
17.875	22.25	1.00000004467627	0.800401556213285	0.000102997244349753	15.5977013903255	1
18.125	22.25	1.00000004258764	0.800339349169886	7.63174025419571e-05	15.3976159065783	1
18.375	22.25	1.00000004040364	0.800284211658577	5.34894592793868e-05	15.1975442821035	1
18.625	22.25	1.00000003803873	0.800235327212104	3.39658077671243e-05	14.9974849435881	1
18.875	22.25	1.00000003544686	0.800191977956276	1.72815494109416e-05	14.7974364985749	1
19.125	22.25	1.00000003265964	0.800153532063635	3.0409850187901e-06	14.5973977137459	1
19.375	22.25	1.00000002976315	0.80011943288088	-9.09350992517969e-06	14.3973674959541	1
19.625	22.25	1.00000002686257	0.800089189499134	-1.94106772540897e-05	14.197344875644	1
19.875	22.25	1.00000002405487	0.800062368569979	-2.815799542334e-05	13.99732899234	1
20.125	22.25	1.00000002141358	0.800038587193804	-3.55480137208575e-05	13.7973190819333	1
20.375	22.25	1.00000001898484	0.800017506735332	-4.17636364403974e-05	13.5973144655293	1
20.625	22.25	1.00000001678983	0.799998827440366	-4.69625425568863e-05	13.3973145396537	1
20.875	22.25	1.00000001483061	0.799982283744698	-5.12808933880726e-05	13.1973187676413	1
21.125	22.25	1.00000001309659	0.7999676401806	-5.48364529637102e-05	12.9973266720563	1
21.375	22.25	1.00000001156983	0.799954687799359	-5.77312201654438e-05	12.7973378280139	1
21.625	22.25	1.00000001022899	0.799943241044814	-6.00536550480079e-05	12.5973518572909	1
21.875	22.25	1.00000000905228	0.799933135015869	-6.18805671465526e-05	12.3973684231253	1
22.125	22.25	1.00000000801926	0.799924223066359	-6.32787209235451e-05	12.1973872256214	1
22.375	22.25	1.0000000071114	0.799916374699363	-6.43062039267753e-05	11.9974079976848	1
22.625	22.25	1.00000000631244	0.799909473716433	-6.50135955945973e-05	11.7974305014242	1
22.875	22.25	1.00000000560833	0.79990341659063	-6.54449678000978e-05	11.5974545249637	1
23.125	22.25	1.00000000498686	0.799898111035001	-6.56387431820879e-05	11.3974798796147	1
23.375	22.25	1.00000000443763	0.799893474740633	-6.56284330850947e-05	11.1975063973668	1
23.625	22.25	1.00000000395174	0.799889434261963	-6.54432733402514e-05	10.9975339286581	1
23.875	22.25	1.00000000352145	0.799885924033775	-6.51087730321095e-05	10.7975623403945	1
24.125	22.25	1.00000000314002	0.799882885502508	-6.46471887298874e-05	10.5975915141866	1
24.375	22.25	1.00000000280163	0.799880266356933	-6.40779350674573e-05	10.3976213447804	1
24.625	22.25	1.00000000250123	0.79987801984751	-6.34179414708918e-05	10.1976517386602	1
24.875	22.25	1.00000000223432	0.799876104182906	-6.26819619031329e-05	9.99768261280184	1
25.125	22.25	1.00000000199686	0.799874481994491	-6.18828443275227e-05	9.79771389356196	1
25.375	22.25	1.00000000178549	0.799873119861652	-6.10317654769112e-05	9.59774551568609	1
25.625	22.25	1.00000000159728	0.799871987889477	-6.01384356588966e-05	9.39777742142287	1
25.875	22.25	1.00000000142956	0.799871059333357	-5.92112781716025e-05	9.19780955973296	1
26.125	22.25	1.00000000127995	0.79987031026466	-5.82575858530582e-05	8.99784188558164	1
26.375	22.25	1.00000000114623	0.799869719273598	-5.72836577799142e-05	8.79787435930656	1
26.625	22.25	1.00000000102657	0.799869267205195	-5.62949200633238e-05	8.59790694605157	1
26.875	22.25	1.0000000009196	0.799868936921795	-5.52960312134216e-05	8.39793961525996	1
27.125	22.25	1.00000000082446	0.799868713092554	-5.42909747588861e-05	8.19797234022118	1
27.375	22.25	1.00000000074091	0.799868582006566	-5.32831410090898e-05	7.99800509766402	1
27.625	22.25	1.00000000066871	0.799868531403417	-5.22753984188606e-05	7.79803786739238	1
27.875	22.25	1.00000000060698	0.79986855032365	-5.12701570822027e-05	7.59807063195916	1
28.125	22.25	1.00000000055291	0.799868628975188	-5.02694240602003e-05	7.39810337637336	1
28.375	22.25	1.00000000050055	0.799868758613162	-4.92748525417798e-05	7.19813608783803	1
28.625	22.25	1.00000000044034	0.79986893143249	-4.82877853954607e-05	6.998168755515	1
28.875	22.25	1.00000000036119	0.799869140472129	-4.73092929962524e-05	6.79820137031401	1
29.125	22.25	1.0000000002569	0.79986937952999	-4.63402069457906e-05	6.5982339247021	1
29.375	22.25	1.00000000013795	0.799869643084655	-4.53811501291706e-05	6.39826641253086	1
29.625	22.25	1.000000000046	0.799869926224793	-4.44325635135956e-05	6.19829882887868	1
29.875	22.25	1.00000000006319	0.799870224584114	-4.34947292901257e-05	5.99833116990631	1
30.125	22.25	1.00000000030128	0.799870534282438	-4.25677916200083e-05	5.79836343272716	1
30.375	22.25	1.00000000085202	0.799870851874117	-4.16517750277575e-05	5.5983956152957	1
30.625	22.25	1.00000000168381	0.799871174304141	-4.07466001368219e-05	5.39842771632208	1
30.875	22.25	1.00000000249559	0.799871498880486	-3.98520972096036e-05	5.19845973522103	1
31.125	22.25	1.00000000258976	0.799871823265041	-3.8968017206974e-05	4.99849167209412	1
31.375	22.25	1.00000000089332	0.799872145475953	-3.80940408731932e-05	4.79852352772806	1
31.625	22.25	0.999999996314422	0.799872463889186	-3.72297886271765e-05	4.59855530356107	1
31.875	22.25	0.99999998860197	0.799872777207969	-3.63748313851947e-05	4.39858700153474	1
32.125	22.25	0.999999979691115	0.799873084350702	-3.55287062699288e-05	4.19861862373704	1
32.375	22.25	0.999999975089484	0.799873384213906	-3.46909382425162e-05	3.99865017179045	1
32.625	22.25	0.999999984219071	0.799873675320497	-3.38610645294317e-05	3.79868164609113	1
32.875	22.25	1.00000001800663	0.799873955465623	-3.30386523272596e-05	3.59871304527637	1
33.125	22.25	1.00000008197349	0.799874221636182	-3.22232914648359e-05	3.39874436663485	1
33.375	22.25	1.00000016443971	0.799874470640507	-3.14145384524809e-05	3.19877560836868	1
33.625	22.25	1.00000022301758	0.799874700872678	-3.06117972001512e-05	2.99880677432735	1
33.875	22.25	1.00000017834796	0.799874915283403	-2.98141516486517e-05	2.79883788062539	1
34.125	22.25	0.999999930205823	0.799875124699923	-2.90202275153884e-05	2.59886896117716	1
34.375	22.25	0.999999412966526	0.799875349146382	-2.82282447103629e-05	2.39890006603683	1
34.625	22.25	0.999998697457118	0.799875613281748	-2.74364753996129e-05	2.19893124411359	1
34.875	22.25	0.999998116529113	0.799875931688564	-2.6644285059014e-05	1.9989625034475	1
35.125	22.25	0.999998340296396	0.799876282494335	-2.58536792375835e-05	1.79899375185874	1
35.375	22.25	1.00000026772325	0.799876575686308	-2.50707406059254e-05	1.59902474129196	1
35.625	22.25	1.000004573901	0.799876635843291	-2.4305595542217e-05	1.39905506815516	1
35.875	22.25	1.00001082465326	0.799876234095657	-2.35689080387932e-05	1.19908430637833	1
36.125	22.25	1.00001631846862	0.799875210272464	-2.28631092293414e-05	0.999112342558126	1
36.375	22.25	1.00001527171468	0.79987370579937	-2.21685824347795e-05	0.799139905601311	1
36.625	22.25	0.999999523810868	0.79987246140405	-2.14296389397517e-05	0.599169105998168	1
36.875	22.25	0.999962268476542	0.799873006326879	-2.05520145683289e-05	0.39920353490288	1
37.125	22.25	0.99990580936806	0.799892535004708	-1.94299394505291e-05	0.199247229969433	1
37.375	22.25	0.999852261060925	0.399900917014215	-1.82173564711471e-05	-0.000705702212009653	1
0.125	22.75	0.000401768347642175	0.799695971370545	0.00105895950226878	22.8260995567256	1
0.375	22.75	0.000402149176692876	0.799564295339932	0.00139376729686806	22.8260939054264	1
0.625	22.75	0.000402913643812108	0.799246187032348	0.00182585783531527	22.8261664616674	1
0.875	22.75	0.000403897561142933	0.798900418956646	0.00230637856732895	22.8263255559259	1
1.125	22.75	0.00040460584666377	0.798554571366956	0.00271878011736637	22.8265753878314	1
1.375	22.75	0.000404082819981961	0.79825916283477	0.00288258423630859	22.826910447659	1
1.625	22.75	0.000400876538259262	0.798079962406133	0.0026383894306348	22.8273099656026	1
1.875	22.75	0.000393172955788249	0.798070421363696	0.00200231585943833	22.8277359636209	1
2.125	22.75	0.000379168647122888	0.798226994800919	0.00129572900267151	22.8281410110444	1
2.375	22.75	0.000357715225906005	0.798458607906171	0.00104174080417354	22.8284887247171	1
2.625	22.75	0.000329207854634165	0.798620652481325	0.00153712664852599	22.8287774252061	1
2.875	22.75	0.000296623356281943	0.7986221557361	0.00245991811176021	22.8290426794959	1
3.125	22.75	0.000266571310792634	0.798504697506322	0.00311048595325188	22.8293255087695	1
3.375	22.75	0.000250221714020513	0.798389868058478	0.00307434821371421	22.8296358227625	1
3.625	22.75	0.000263992159306785	0.798375169486791	0.00240043555081509	22.8299468733946	1
3.875	22.75	0.000329875639116994	0.798502937208617	0.00133412211855135	22.8302097430135	1
4.125	22.75	0.000475259188715431	0.798786094405094	7.93629651301925e-05	22.8303639724226	1
4.375	22.75	0.000732046201658815	0.799229965884328	-0.00130252466944534	22.8303402199718	1
4.625	22.75	0.00113489697108946	0.799836436413936	-0.00286870602980024	22.830060338673	1
4.875	22.75	0.00171854470026258	0.800602114007027	-0.00472044147617268	22.829438082419	1
5.125	22.75	0.00251454395692058	0.801517820650218	-0.00694677468352709	22.8283804048656	1
5.375	22.75	0.00354843988115174	0.80256920290654	-0.0095998549641715	22.8267884432216	1
5.625	22.75	0.00483903770671127	0.803736884788024	-0.0126875677557727	22.8245572573632	1
5.875	22.75	0.00640215805926954	0.804995978120665	-0.0161692152859161	22.8215729326077	1
6.125	22.75	0.00826221625938026	0.806315656832419	-0.0199479520940032	22.8177046381239	1
6.375	22.75	0.0104765336135306	0.807659444740039	-0.0238599731288518	22.812787913577	1
6.625	22.75	0.013179892259602	0.808986507478602	-0.0276636847269903	22.8065939756196	1
6.875	22.75	0.0166609598526737	0.810253869862679	-0.0310337077137112	22.7987783529188	1
7.125	22.75	0.0214880806719122	0.811418803957477	-0.0335657323694714	22.7888012506851	1
7.375	22.75	0.0287081960617543	0.812439071427137	-0.0347989010293027	22.7758132139247	1
7.625	22.75	0.0401423755718774	0.81326588957601	-0.0342617096410052	22.7585059505513	1
7.875	22.75	0.0587731098136374	0.813821576437086	-0.0315448984597327	22.7349446459362	1
8.125	22.75	0.0891125913348432	0.813956820246761	-0.0264013505325347	22.7024308284407	1
8.375	22.75	0.137183540844041	0.813407156533206	-0.0188694258067495	22.6574951244281	1
8.625	22.75	0.209344041589653	0.81183195990545	-0.00940465860382807	22.5961674641928	1
8.875	22.75	0.309098954620011	0.809072789697073	0.00103758588388105	22.5146536249038	1
9.125	22.75	0.432479864515971	0.805591297489505	0.0110961446887137	22.4103612634976	1
9.375	22.75	0.565898586753607	0.80255050299329	0.0193794025033295	22.2828670685459	1
9.625	22.75	0.690983683514432	0.801046743964332	0.024976512621775	22.1342067508611	1
9.875	22.75	0.79371671955656	0.801235036630902	0.0277304101830304	21.9682128864557	1
10.125	22.75	0.869385871969148	0.802439078752301	0.0280972763458251	21.7893237132088	1
10.375	22.75	0.920709032122231	0.803871353801713	0.0267966927168048	21.6015692457484	1
10.625	22.75	0.953483300446921	0.805057595577252	0.0245238235083399	21.408088862078	1
10.875	22.75	0.973497131883512	0.805838314328803	0.0218160511045839	21.2110930163719	1
11.125	22.75	0.985295302791444	0.806229448205163	0.0190330246496847	21.0120357947924	1
11.375	22.75	0.992042580492039	0.80631153606556	0.0163875250523594	20.811829055746	1
11.625	22.75	0.995793380018115	0.806173425731531	0.0139878717266845	20.611023945706	1
11.875	22.75	0.99782073954968	0.805891040377058	0.0118751219708197	20.4099429378362	1
12.125	22.75	0.998886045761996	0.805522587621891	0.0100506385284204	20.2087684675903	1
12.375	22.75	0.999430665860108	0.805110024334208	0.00849466007725872	20.007599597386	1
12.625	22.75	0.999702631907639	0.804682274999036	0.00717796487750247	19.806487026553	1
12.875	22.75	0.99983675343691	0.80425847751125	0.00606872915801485	19.6054541339596	1
13.125	22.75	0.999903610142549	0.803850707925479	0.00513625162176297	19.4045093121247	1
13.375	22.75	0.999938609705029	0.803466092107137	0.00435274002132412	19.2036530209328	1
13.625	22.75	0.999958676497431	0.803108370707041	0.00369396242006875	19.0028817222214	1
13.875	22.75	0.999971490888986	0.802779025252193	0.00313927629224785	18.8021900198884	1
14.125	22.75	0.99998038400936	0.802478070832014	0.00267134928707834	18.6015717953384	1
14.375	22.75	0.999986792041613	0.802204604259322	0.00227575460222325	18.4010207957228	1
14.625	22.75	0.99999140118014	0.801957177320866	0.00194054139207856	18.2005309317418	1
14.875	22.75	0.999994630284568	0.801734047252515	0.00165583067283094	18.0000964243468	1
15.125	22.75	0.99999680438013	0.801533342263377	0.00141345826998415	17.7997118733742	1
15.375	22.75	0.999998200347723	0.801353168915161	0.00120667054604661	17.5993722851804	1
15.625	22.75	0.999999050338076	0.801191680019944	0.00102987069672228	17.3990730777259	1
15.875	22.75	0.999999538199559	0.801047115886689	0.000878409946325268	17.1988100723826	1
16.125	22.75	0.999999800037918	0.800917827670492	0.0007484169576036	16.9985794774374	1
16.375	22.75	0.999999929893591	0.800802288768804	0.000636658964914359	16.7983778663161	1
16.625	22.75	0.999999988329685	0.800699098315373	0.000540428857984071	16.5982021526318	1
16.875	22.75	1.00000001154012	0.800606979531676	0.000457453326314492	16.398049563646	1
17.125	22.75	1.00000001938953	0.80052477482727	0.000385818022539929	16.1979176133718	1
17.375	22.75	1.00000002167383	0.800451438953284	0.000323906468037331	15.9978040762279	1
17.625	22.75	1.00000002252854	0.800386031099705	0.000270350055399718	15.7977069618844	1
17.875	22.75	1.00000002325467	0.800327706553335	0.000223987024157714	15.5976244916997	1
18.125	22.75	1.00000002396283	0.80027570832679	0.000183828711223932	15.3975550769674	1
18.375	22.75	1.00000002442119	0.800229359031882	0.000149031709331306	15.1974972990447	1
18.625	22.75	1.00000002442235	0.800188053163988	0.000118874835019016	14.9974498913439	1
18.875	22.75	1.00000002388994	0.800151249896224	9.27400246798063e-05	14.7974117231014	1
19.125	22.75	1.00000002286786	0.800118466431908	7.00964438565329e-05	14.5973817848065	1
19.375	22.75	1.00000002147166	0.800089271928799	5.0487233784123e-05	14.3973591751551	1
19.625	22.75	1.00000001984056	0.800063281981365	3.35184278107209e-05	14.1973430893899	1
19.875	22.75	1.00000001810446	0.800040153640816	1.88496562881003e-05	13.9973328088923	1
20.125	22.75	1.00000001636671	0.800019580935997	6.18633258598355e-06	13.7973276918977	1
20.375	22.75	1.0000000146994	0.800001290857503	-4.72693393732323e-06	13.5973271652199	1
20.625	22.75	1.00000001314599	0.799985039768256	-1.41119046267336e-05	13.3973307168744	1
20.875	22.75	1.0000000117276	0.799970610198323	-2.21614269175865e-05	13.1973378895065	1
21.125	22.75	1.00000001044972	0.799957807987201	-2.90434391674204e-05	12.9973482745349	1
21.375	22.75	1.00000000930798	0.799946459738987	-3.49043793911245e-05	12.7973615069349	1
21.625	22.75	1.00000000829246	0.79993641055857	-3.98720927076865e-05	12.5973772605894	1
21.875	22.75	1.00000000739107	0.799927522036423	-4.40583175734523e-05	12.3973952441463	1
22.125	22.75	1.00000000659146	0.799919670456866	-4.75608161873233e-05	12.1974151973253	1
22.375	22.75	1.00000000588184	0.799912745205521	-5.04652032621467e-05	11.9974368876261	1
22.625	22.75	1.00000000525159	0.799906647351638	-5.28465192003713e-05	11.7974601073917	1
22.875	22.75	1.00000000469137	0.799901288388161	-5.47705863653845e-05	11.5974846711894	1
23.125	22.75	1.00000000419291	0.799896589111788	-5.62951800074202e-05	11.397510413473	1
23.375	22.75	1.00000000374905	0.799892478626272	-5.74710413610761e-05	11.1975371864958	1
23.625	22.75	1.0000000033536	0.799888893454023	-5.8342755501037e-05	10.9975648584465	1
23.875	22.75	1.00000000300101	0.799885776746778	-5.89495134027373e-05	10.7975933117842	1
24.125	22.75	1.00000000268645	0.799883077582729	-5.93257743306007e-05	10.5976224417494	1
24.375	22.75	1.00000000240578	0.799880750338926	-5.95018425114609e-05	10.3976521550334	1
24.625	22.75	1.00000000215531	0.799878754132903	-5.95043703273999e-05	10.1976823685877	1
24.875	22.75	1.00000000193162	0.799877052325191	-5.9356797564706e-05	9.99771300855813	1
25.125	22.75	1.00000000173168	0.799875612074606	-5.90797350781662e-05	9.7977440093317	1
25.375	22.75	1.00000000155296	0.799874403942102	-5.86913012725275e-05	9.59777531268196	1
25.625	22.75	1.0000000013932	0.799873401536613	-5.82074167101091e-05	9.39780686700386	1
25.875	22.75	1.00000000125021	0.799872581198922	-5.76420627885122e-05	9.1978386266281	1
26.125	22.75	1.00000000112207	0.799871921719331	-5.70075089691776e-05	8.99787055120615	1
26.375	22.75	1.0000000010071	0.799871404084413	-5.631451226296e-05	8.79790260515896	1
26.625	22.75	1.00000000090385	0.799871011251854	-5.55724934933135e-05	8.59793475718243	1
26.875	22.75	1.00000000081134	0.799870727947956	-5.47896922497829e-05	8.3979669798033	1
27.125	22.75	1.00000000072891	0.79987054048632	-5.39733031267497e-05	8.19799924898092	1
27.375	22.75	1.00000000065649	0.799870436606924	-5.31295969704354e-05	7.99803154374936	1
27.625	22.75	1.00000000059408	0.799870405329744	-5.22640271095484e-05	7.79806384589595	1
27.875	22.75	1.00000000054098	0.799870436824891	-5.1381323550453e-05	7.59809613967305	1
28.125	22.75	1.00000000049451	0.79987052229696	-5.04855765435476e-05	7.39812841153874	1
28.375	22.75	1.00000000044883	0.799870653880185	-4.95803102805369e-05	7.1981606499242	1
28.625	22.75	1.00000000039462	0.799870824544694	-4.86685481788725e-05	6.99819284502466	1
28.875	22.75	1.00000000032101	0.799871028012512	-4.77528706492125e-05	6.79822498861153	1
29.125	22.75	1.00000000022204	0.799871258682989	-4.68354668721362e-05	6.59825707386244	1
29.375	22.75	1.0000000001082	0.799871511563909	-4.59181800060823e-05	6.39828909520652	1
29.625	22.75	1.00000000002064	0.799871782209046	-4.50025479791054e-05	6.19832104818296	1
29.875	22.75	1.00000000004034	0.799872066660744	-4.40898398590554e-05	5.99835292931089	1
30.125	22.75	1.00000000027779	0.799872361397172	-4.31810875989197e-05	5.79838473597223	1
30.375	22.75	1.00000000082388	0.799872663286239	-4.22771143324502e-05	5.59841646631143	1
30.625	22.75	1.00000000164756	0.799872969546953	-4.13785596500809e-05	5.39844811915993	1
30.875	22.75	1.00000000245163	0.799873277726174	-4.04859008489004e-05	5.19847969399335	1
31.125	22.75	1.00000000254742	0.799873585693073	-3.9599471290489e-05	4.99851119092077	1
31.375	22.75	1.00000000087536	0.799873891643823	-3.8719476414196e-05	4.79854261068922	1
31.625	22.75	0.999999996356979	0.799874194106575	-3.78460090918327e-05	4.59857395465602	1
31.875	22.75	0.999999988743125	0.799874491914023	-3.69790654513887e-05	4.39860522464718	1
32.125	22.75	0.999999979942267	0.799874784093943	-3.61185661239756e-05	4.19863642260946	1
32.375	22.75	0.999999975389788	0.799875069637678	-3.5264382148517e-05	3.99866755001006	1
32.625	22.75	0.999999984386814	0.799875347154276	-3.44163627496568e-05	3.79869860708862	1
32.875	22.75	1.00000001772316	0.799875614522326	-3.35743576074142e-05	3.59872959233427	1
33.125	22.75	1.00000008085828	0.799875868812514	-3.27382117151029e-05	3.39876050289228	1
33.375	22.75	1.00000016227863	0.799876106908801	-3.19077110432682e-05	3.19879133679826	1
33.625	22.75	1.0000002201629	0.799876327250589	-3.10824646106692e-05	2.99882209765293	1
33.875	22.75	1.0000001761923	0.799876532767171	-3.02617360921678e-05	2.7988528011565	1
34.125	22.75	0.999999931433835	0.799876734154361	-2.94443062054909e-05	2.59888348057603	1
34.375	22.75	0.999999421069961	0.799876951180359	-2.86285284725425e-05	2.39891418511428	1
34.625	22.75	0.999998714914788	0.799877208186376	-2.78127960706731e-05	2.19894496285782	1
34.875	22.75	0.999998141357153	0.799877519567513	-2.69966025635535e-05	1.99897582157804	1
35.125	22.75	0.999998361652538	0.799877863741047	-2.61821152188288e-05	1.79900667015689	1
35.375	22.75	1.0000002629938	0.799878151872161	-2.53756363696874e-05	1.59903726364797	1
35.625	22.75	1.0000045117851	0.799878210823667	-2.45875684470598e-05	1.39906720358746	1
35.875	22.75	1.00001067988007	0.799877814690161	-2.38288434278997e-05	1.19909606927519	1
36.125	22.75	1.00001610163398	0.799876805336417	-2.31019936330822e-05	0.999123748493853	1
36.375	22.75	1.00001506961253	0.799875322247972	-2.23870806318306e-05	0.799150960198499	1
36.625	22.75	0.999999530233269	0.799874096361649	-2.16274051691811e-05	0.599179786751437	1
36.875	22.75	0.999962765844221	0.799874636801934	-2.07269454140513e-05	0.399213771792814	1
37.125	22.75	0.999907048726692	0.799893914269668	-1.95779188125406e-05	0.199256899793537	1
37.375	22.75	0.999854202465254	0.399902179656186	-1.8337751417625e-05	-0.00069664598366277	1
0.125	23.25	0.000421697508979012	0.799687834465672	0.00142201833120188	22.8263435791729	1
0.375	23.25	0.000422072474110399	0.799572344036503	0.00179937476871176	22.8263324005343	1
0.625	23.25	0.0004228105332286	0.799283373244027	0.00219187043360991	22.8263948198406	1
0.875	23.25	0.000423717696691489	0.798995018444739	0.00251433468732023	22.8265319183076	1
1.125	23.25	0.000424254304970115	0.79873103412853	0.00258435699501741	22.8267411774584	1
1.375	23.25	0.000423410357968438	0.79852955093797	0.00214673771338965	22.8270120951735	1
1.625	23.25	0.000419682216267147	0.798430233831325	0.00100681410563522	22.827323600333	1
1.875	23.25	0.000411227755075066	0.798452600068703	-0.000733726357555105	22.8276452781668	1
2.125	23.25	0.000396267731629894	0.798573577686526	-0.00246466406325428	22.8279451165472	1
2.375	23.25	0.00037376233564032	0.798724141246617	-0.00320386714465298	22.8282038456467	1
2.625	23.25	0.000344328298317343	0.798823376268228	-0.00232466747957597	22.8284269748572	1
2.875	23.25	0.000311294928521073	0.79884137248187	-0.000336380597322404	22.8286378955365	1
3.125	23.25	0.000281759344780918	0.798830168253093	0.00147457385126104	22.8288515472165	1
3.375	23.25	0.000267506588890053	0.798870820772053	0.00225468912012462	22.8290569512277	1
3.625	23.25	0.000285680567804826	0.799009402413476	0.00195011138224999	22.829222363793	1
3.875	23.25	0.000359086374361378	0.799255712260719	0.000891394774662478	22.8293054117838	1
4.125	23.25	0.000515971440794538	0.799607596965175	-0.000569840042450529	22.8292570881716	1
4.375	23.25	0.000789099973922392	0.800061759477102	-0.00223699106162497	22.8290216543184	1
4.625	23.25	0.0012139521829364	0.800610483353856	-0.00407934541917076	22.8285365622425	1
4.875	23.25	0.00182605400516414	0.801235731009081	-0.00615406980484353	22.827734077855	1
5.125	23.25	0.00265789572263185	0.80190675090153	-0.008529519348313	22.8265439462388	1
5.375	23.25	0.00373660542571916	0.80258067526157	-0.0112435991535401	22.8248956688722	1
5.625	23.25	0.00508433239264263	0.803204088140415	-0.0142887996845455	22.8227188506129	1
5.875	23.25	0.00672412936657943	0.803714938314812	-0.0176070367584699	22.8199396068887	1
6.125	23.25	0.00869526443732129	0.804045482774908	-0.0210845544193414	22.8164699687527	1
6.375	23.25	0.0110837578133228	0.804127306965449	-0.0245451627157995	22.81218575871	1
6.625	23.25	0.0140769878781492	0.803899142543394	-0.0277447024405819	22.8068867716503	1
6.875	23.25	0.018055918583885	0.803317364668693	-0.030371765293291	22.8002316629228	1
7.125	23.25	0.0237448360541376	0.802367397099578	-0.0320604915581259	22.7916396245321	1
7.375	23.25	0.0324438457605481	0.801071265801206	-0.0324206055240486	22.7801537325037	1
7.625	23.25	0.0463629884034395	0.799482274946963	-0.031087114220309	22.7642705722022	1
7.875	23.25	0.0690281519539774	0.797654839002075	-0.027787827739939	22.741763221245	1
8.125	23.25	0.105574651851723	0.795585387768198	-0.022423890551195	22.709565649264	1
8.375	23.25	0.162413751051682	0.793159454960585	-0.0151586573108711	22.6638427366642	1
8.625	23.25	0.245364015892787	0.790219803109758	-0.00650312451966234	22.6004073560567	1
8.875	23.25	0.355644068853989	0.786884442534497	0.00265301911510221	22.5155766190008	1
9.125	23.25	0.485465230967015	0.783922358688383	0.0111706883492651	22.4072882609626	1
9.375	23.25	0.618236940252025	0.782519098426934	0.0180002991243262	22.2759252281557	1
9.625	23.25	0.736056339915263	0.783313104034332	0.0225520850921624	22.1242559853491	1
9.875	23.25	0.828301335688609	0.785868011868686	0.0248176838464926	21.9564725755942	1
10.125	23.25	0.893703749694899	0.789196822781693	0.0252013236817674	21.7769650735546	1
10.375	23.25	0.936778939879693	0.792475289735433	0.0242582674231568	21.5894793888599	1
10.625	23.25	0.963652638082575	0.795279364714757	0.0225085811080889	21.3968229048758	1
10.875	23.25	0.979736425762712	0.797488727642838	0.020357650463024	21.2009307192549	1
11.125	23.25	0.989034727234367	0.799137177859229	0.0180861274882135	21.0030663215444	1
11.375	23.25	0.994241272592055	0.800314689443118	0.0158700680473753	20.804025735814	1
11.625	23.25	0.997064659589844	0.801119949799917	0.0138083944681178	20.6042983755998	1
11.875	23.25	0.998544546949386	0.801641621370895	0.011947764851669	20.4041799610276	1
12.125	23.25	0.999292241065265	0.801952912761907	0.0103018489028075	20.2038469464165	1
12.375	23.25	0.999655588270037	0.802111613834731	0.00886501305145171	20.0034037060803	1
12.625	23.25	0.99982570167508	0.802162081871452	0.00762144417544298	19.8029116455753	1
12.875	23.25	0.999903436725212	0.802137696992569	0.00655090475689713	19.6024067826342	1
13.125	23.25	0.999939495011923	0.802063193553506	0.0056321551929771	19.4019101779825	1
13.375	23.25	0.99995786023973	0.801956658205477	0.00484484015874466	19.2014340367767	1
13.625	23.25	0.999969012397836	0.801831151707676	0.00417041004315792	19.0009852459368	1
13.875	23.25	0.999977063357436	0.801695981658083	0.00359246596655474	18.800567424159	1
14.125	23.25	0.999983403411243	0.801557678895474	0.00309678128147328	18.6001821247331	1
14.375	23.25	0.999988430233142	0.801420734971072	0.00267115731740029	18.3998295615852	1
14.625	23.25	0.999992281480329	0.80128815327943	0.00230520734877172	18.1995090670468	1
14.875	23.25	0.999995088337604	0.80116185809584	0.00199012175377815	17.9992193956656	1
15.125	23.25	0.999997024699088	0.801042996859593	0.00171844200191502	17.7989589355195	1
15.375	23.25	0.99999828697338	0.800932162992735	0.00148385614815958	17.5987258599739	1
15.625	23.25	0.9999990633385	0.800829559849627	0.0012810201232207	17.3985182380627	1
15.875	23.25	0.999999512762826	0.800735121126456	0.00110540472355882	17.1983341143045	1
16.125	23.25	0.99999975676291	0.800648599056569	0.000953166157427701	16.9981715651503	1
16.375	23.25	0.999999880590658	0.800569628726519	0.000821037244593844	16.7980287373969	1
16.625	23.25	0.99999993945617	0.800497774672813	0.000706236279817072	16.5979038728162	1
16.875	23.25	0.999999966319315	0.800432564312323	0.000606390792886412	16.3977953224524	1
17.125	23.25	0.999999979145407	0.800373511598353	0.000519473774146498	16.1977015533904	1
17.375	23.25	0.999999986670658	0.800320133441709	0.000443750294976232	15.9976211502061	1
17.625	23.25	0.999999992487878	0.800271960791147	0.000377732783400643	15.797552812803	1
17.875	23.25	0.999999997661027	0.800228545804639	0.000320143503879246	15.5974953519071	1
18.125	23.25	1.0000000022341	0.800189466181644	0.000269883039114989	15.397447683143	1
18.375	23.25	1.00000000599541	0.800154327457701	0.000226003774253205	15.1974088203408	1
18.625	23.25	1.00000000879503	0.800122763861307	0.000187687554812308	14.9973778685229	1
18.875	23.25	1.00000001062503	0.800094438174037	0.000154226833214582	14.7973540168678	1
19.125	23.25	1.00000001159564	0.800069040917928	0.000125008731606061	14.5973365318456	1
19.375	23.25	1.00000001188121	0.800046289112975	9.95015464780286e-05	14.3973247506467	1
19.625	23.25	1.00000001167099	0.800025924770985	7.72433025146706e-05	14.1973180749732	1
19.875	23.25	1.00000001113657	0.80000771325294	5.78320256092927e-05	13.9973159652323	1
20.125	23.25	1.00000001041599	0.799991441573579	4.09174626661217e-05	13.7973179351437	1
20.375	23.25	1.00000000961041	0.799976916710882	2.61940205980087e-05	13.5973235467631	1
20.625	23.25	1.00000000878768	0.799963963965272	1.33947328400852e-05	13.3973324059097	1
20.875	23.25	1.00000000798938	0.799952425391617	2.28609541653651e-06	13.1973441579807	1
21.125	23.25	1.00000000723825	0.799942158318276	-7.33636086553307e-06	12.9973584841325	1
21.375	23.25	1.00000000654442	0.799933033963849	-1.5651873973625e-05	12.7973750978058	1
21.625	23.25	1.00000000591032	0.799924936155022	-2.28177233928515e-05	12.5973937415686	1
21.875	23.25	1.00000000533426	0.799917760142865	-2.89720511098016e-05	12.3974141842548	1
22.125	23.25	1.0000000048125	0.799911411517325	-3.42362973471631e-05	12.1974362183736	1
22.375	23.25	1.00000000434054	0.799905805215529	-3.87173070848895e-05	11.9974596577668	1
22.625	23.25	1.00000000391397	0.799900864615718	-4.25091544919418e-05	11.7974843354925	1
22.875	23.25	1.00000000352871	0.799896520714474	-4.56947259842909e-05	11.5975101019147	1
23.125	23.25	1.00000000318084	0.799892711381466	-4.83470952923862e-05	11.3975368229799	1
23.375	23.25	1.00000000286681	0.799889380683441	-5.05307203555199e-05	11.1975643786632	1
23.625	23.25	1.00000000258346	0.799886478271438	-5.23024860861448e-05	10.9975926615668	1
23.875	23.25	1.00000000232785	0.799883958828592	-5.37126142503066e-05	10.7976215756588	1
24.125	23.25	1.0000000020973	0.799881781572074	-5.48054585165368e-05	10.5976510351353	1
24.375	23.25	1.00000000188951	0.799879909802041	-5.56202000123327e-05	10.3976809633964	1
24.625	23.25	1.00000000170225	0.799878310495875	-5.619145650275e-05	10.1977112921237	1
24.875	23.25	1.0000000015335	0.799876953943612	-5.65498167875249e-05	9.99774196044969	1
25.125	23.25	1.0000000013815	0.799875813417843	-5.67223093664591e-05	9.79777291420893	1
25.375	23.25	1.00000000124469	0.799874864877248	-5.67328151250762e-05	9.59780410526489	1
25.625	23.25	1.00000000112155	0.799874086699955	-5.66024300616631e-05	9.39783549090277	1
25.875	23.25	1.00000000101058	0.799873459442722	-5.63497844832407e-05	9.1978670332831	1
26.125	23.25	1.00000000091049	0.799872965624953	-5.59913249734281e-05	8.99789869894956	1
26.375	23.25	1.00000000082018	0.799872589533391	-5.55415626982639e-05	8.79793045838548	1
26.625	23.25	1.00000000073857	0.799872317047385	-5.50132929758559e-05	8.5979622856147	1
26.875	23.25	1.00000000066505	0.799872135481253	-5.44177893721979e-05	8.39799415784147	1
27.125	23.25	1.00000000059935	0.799872033441238	-5.37649749522662e-05	8.19802605512634	1
27.375	23.25	1.00000000054165	0.799872000698621	-5.30635746432504e-05	7.99805796009418	1
27.625	23.25	1.00000000049224	0.79987202807433	-5.2321249658785e-05	7.79808985767061	1
27.875	23.25	1.00000000045063	0.799872107334772	-5.15447164941546e-05	7.59812173484518	1
28.125	23.25	1.0000000004143	0.799872231099304	-5.07398532230582e-05	7.39815358045774	1
28.375	23.25	1.00000000037756	0.799872392756489	-4.99117933764712e-05	7.19818538500619	1
28.625	23.25	1.00000000033139	0.799872586388434	-4.90650092168825e-05	6.99821714047315	1
28.875	23.25	1.00000000026519	0.799872806702235	-4.82033857409778e-05	6.79824884016988	1
29.125	23.25	1.00000000017319	0.799873048970032	-4.73302870847217e-05	6.59828047859476	1
29.375	23.25	1.00000000006588	0.79987330897294	-4.6448614761583e-05	6.39831205130345	1
29.625	23.25	0.999999999983908	0.799873582948581	-4.55608600567375e-05	6.19834355478985	1
29.875	23.25	1.00000000000724	0.799873867544235	-4.46691510966344e-05	5.99837498637616	1
30.125	23.25	1.00000000024516	0.799874159773534	-4.37752939080012e-05	5.79840634411319	1
30.375	23.25	1.00000000078752	0.799874456976942	-4.28808091870051e-05	5.59843762669581	1
30.625	23.25	1.00000000160376	0.799874756790133	-4.19869656132711e-05	5.3984688334014	1
30.875	23.25	1.0000000024007	0.79987505712725	-4.10948074380724e-05	5.19849996405888	1
31.125	23.25	1.00000000249887	0.799875356179771	-4.0205179177561e-05	4.99853101904833	1
31.375	23.25	1.00000000085223	0.799875652425952	-3.93187474711297e-05	4.79856199931457	1
31.625	23.25	0.999999996395678	0.799875944640281	-3.84360208716136e-05	4.59859290634793	1
31.875	23.25	0.999999988881967	0.79987623186876	-3.75573705426019e-05	4.39862374205155	1
32.125	23.25	0.999999980192504	0.799876513323641	-3.66830557248871e-05	4.19865450840486	1
32.375	23.25	0.999999975689577	0.799876788159622	-3.58132531461713e-05	3.9986852068768	1
32.625	23.25	0.999999984551756	0.799877055133479	-3.49480883208305e-05	3.79871583769215	1
32.875	23.25	1.00000001743012	0.799877312262534	-3.40876611820987e-05	3.59874639932013	1
33.125	23.25	1.00000007972204	0.799877556751615	-3.3232042985208e-05	3.39877688887849	1
33.375	23.25	1.00000016008363	0.799877785605214	-3.23812237271333e-05	3.19880730434072	1
33.625	23.25	1.00000021726934	0.79987799734863	-3.15349945788609e-05	2.99883764915193	1
33.875	23.25	1.00000017401681	0.799878194925586	-3.06927785901047e-05	2.79886793867961	1
34.125	23.25	0.999999932703783	0.799878388930801	-2.98534936328547e-05	2.59889820561372	1
34.375	23.25	0.999999429329102	0.799878598902489	-2.9015610459954e-05	2.39892849836587	1
34.625	23.25	0.999998732671626	0.799878848885874	-2.81776288230163e-05	2.1989588642546	1
34.875	23.25	0.999998166576901	0.799879153109813	-2.73391564480967e-05	1.99898931084093	1
35.125	23.25	0.999998383288251	0.799879490308356	-2.65025073075704e-05	1.79901974814298	1
35.375	23.25	1.00000025802694	0.799879772864542	-2.56741871650031e-05	1.5990499344258	1
35.625	23.25	1.00000444837049	0.799879829983367	-2.48648562069102e-05	1.39907947648315	1
35.875	23.25	1.00001053233337	0.799879438792386	-2.40856977146023e-05	1.19910795911053	1
36.125	23.25	1.0000158808172	0.799878443245689	-2.33393375097593e-05	0.999135271323441	1
36.375	23.25	1.00001486401939	0.799876980873339	-2.26055287770287e-05	0.799162121970642	1
36.625	23.25	0.99999953738696	0.799875772661553	-2.18266101528296e-05	0.599190564804104	1
36.875	23.25	0.99996327362091	0.799876307267306	-2.09048889924171e-05	0.39922409511148	1
37.125	23.25	0.999908313096819	0.799895326959899	-1.97306736624569e-05	0.199266643220467	1
37.375	23.25	0.999856182824208	0.39990347353763	-1.84646504377504e-05	-0.000687529270356245	1
0.125	23.75	0.000440505791172687	0.799686676434874	0.0022144394984241	22.8266375347068	1
0.375	23.75	0.000440880009034128	0.799601543083782	0.00255332309830563	22.826616844641	1
0.625	23.75	0.000441602079849097	0.799351998714835	0.0030148978450467	22.8266616673047	1
0.875	23.75	0.000442446834674345	0.799127150164538	0.00347330348613627	22.8267670119835	1
1.125	23.75	0.000442825676064562	0.798946597861922	0.00374121151810134	22.8269243296195	1
1.375	23.75	0.000441665682987135	0.798834903747415	0.00359999186396455	22.8271194064627	1
1.625	23.75	0.000437397847320617	0.798809593993972	0.0029161318822014	22.8273324068351	1
1.875	23.75	0.000428133070500647	0.79886736135344	0.00182472003751801	22.8275410226396	1
2.125	23.75	0.000412092681593264	0.798976685773995	0.000844759774616974	22.8277267999501	1
2.375	23.75	0.000388317860311162	0.799086330059003	0.000659093856283624	22.8278827980668	1
2.625	23.75	0.000357615606126162	0.799155043828287	0.00147230674664716	22.8280167118818	1
2.875	23.75	0.000323631855201611	0.79919069849549	0.00259825729477599	22.8281415876877	1
3.125	23.75	0.000293908276857011	0.799250842104046	0.00310450537614002	22.8282576534686	1
3.375	23.75	0.000280788403475013	0.799388465684905	0.00269128920735493	22.8283445855155	1
3.625	23.75	0.000302057133114838	0.799616925525718	0.00159297824463759	22.8283691911512	1
3.875	23.75	0.000381187317810888	0.79992325682711	0.000124739332212266	22.8282938159193	1
4.125	23.75	0.000547031751721886	0.800289251876234	-0.00151529945121569	22.8280789289656	1
4.375	23.75	0.000832768660796643	0.800698819822201	-0.00326777442199826	22.8276821570902	1
4.625	23.75	0.00127393966768322	0.801133952867866	-0.00515752342073368	22.8270573040866	1
4.875	23.75	0.00190562865946123	0.801567473421354	-0.00723200888151328	22.8261553556166	1
5.125	23.75	0.00275933839028932	0.801958614299311	-0.00952371236993628	22.8249271479881	1
5.375	23.75	0.00386088815127934	0.802252698550844	-0.0120329774525174	22.8233259482192	1
5.625	23.75	0.00523150497288949	0.802383502802776	-0.0147210430870113	22.8213077204746	1
5.875	23.75	0.00689520506081608	0.802277198966831	-0.0175067548089497	22.8188264281107	1
6.125	23.75	0.00889685605718223	0.80185809328271	-0.0202642554550978	22.8158207644965	1
6.375	23.75	0.0113374160408141	0.801057087386323	-0.0228218776601575	22.8121872410387	1
6.625	23.75	0.0144362625507028	0.799823500168594	-0.0249645657052213	22.8077329108484	1
6.875	23.75	0.0186357355006732	0.798139625138449	-0.0264432463805676	22.8020997382276	1
7.125	23.75	0.0247697498806815	0.796034924600689	-0.0269943546396985	22.7946528885917	1
7.375	23.75	0.0343228763502816	0.793592793366505	-0.026370794303242	22.7843293691227	1
7.625	23.75	0.0497944737909676	0.790938023382602	-0.0243820643451334	22.7694557799858	1
7.875	23.75	0.0751160788483344	0.788191501550563	-0.0209378718323054	22.7475707298128	1
8.125	23.75	0.115875519524287	0.785392628886924	-0.0160898019701277	22.715334031333	1
8.375	23.75	0.178716869524184	0.782442766597582	-0.010070258354439	22.6686637110928	1
8.625	23.75	0.268928543221345	0.779212390604111	-0.00332538319141526	22.60326711235	1
8.875	23.75	0.38591223703493	0.775921894466604	0.00349071820324306	22.5156200214474	1
9.125	23.75	0.519217942627504	0.77346944284751	0.00962717950238639	22.4041163466086	1
9.375	23.75	0.650636353495137	0.772985093267537	0.0144620498063923	22.2697478310625	1
9.625	23.75	0.763143724210314	0.774815588865693	0.0177024082629767	22.1157825828446	1
9.875	23.75	0.848534974345408	0.778265562727722	0.0194059072371348	21.9466237234935	1
10.125	23.75	0.907587630017834	0.78229853986192	0.0198497654729571	21.7665987456111	1
10.375	23.75	0.945728678495353	0.786163260571471	0.0193796365464538	21.5792474716882	1
10.625	23.75	0.969153537472011	0.789508640183542	0.0183151110109697	21.3871480270117	1
10.875	23.75	0.982986263066137	0.792248129608032	0.0169119258681512	21.1920450251592	1
11.125	23.75	0.990884640990565	0.794419831833051	0.015356900071019	20.9950660946006	1
11.375	23.75	0.995253454319272	0.796105303030945	0.013776926415225	20.7969199623308	1
11.625	23.75	0.997592884938524	0.797392577226125	0.0122520700695368	20.5980450362321	1
11.875	23.75	0.998803292152764	0.79836191996344	0.0108282852866097	20.3987106844649	1
12.125	23.75	0.999407244644018	0.799081544900969	0.00952804863752494	20.1990826699663	1
12.375	23.75	0.999698060968887	0.799607348464435	0.0083585313364504	19.9992640295357	1
12.625	23.75	0.999834404581562	0.799984139222777	0.00731751606210135	19.7993200181437	1
12.875	23.75	0.999898442600559	0.800247314433585	0.00639747456806947	19.5992930607814	1
13.125	23.75	0.999930505816599	0.800424546985101	0.00558825167866751	19.3992115970521	1
13.375	23.75	0.999949079190993	0.800537305636783	0.00487874965241111	19.1990952750833	1
13.625	23.75	0.999961899207334	0.800602148808139	0.00425792770541375	18.9989580075537	1
13.875	23.75	0.999971827732006	0.800631787561651	0.00371535162681675	18.7988097984501	1
14.125	23.75	0.999979771429203	0.800635938860802	0.00324145983653061	18.5986578722879	1
14.375	23.75	0.99998600811005	0.800621999907564	0.00282765856646059	18.3985074085055	1
14.625	23.75	0.999990707361431	0.800595575741388	0.00246631949373661	18.198362048613	1
14.875	23.75	0.999994079905632	0.800560889558008	0.00215072576165156	17.9982242666147	1
15.125	23.75	0.99999638073934	0.800521100814169	0.00187499404935786	17.798095650973	1
15.375	23.75	0.999997872369973	0.800478551538675	0.00163398864590201	17.5979771242411	1
15.625	23.75	0.999998791145599	0.80043495701016	0.00142323624347859	17.3978691154068	1
15.875	23.75	0.999999328738304	0.800391553387167	0.00123884585469788	17.1977716946732	1
16.125	23.75	0.999999627777324	0.800349212006282	0.00107743578584645	16.9976846778406	1
16.375	23.75	0.999999786642197	0.80030852782072	0.000936068235266222	16.7976077061105	1
16.625	23.75	0.999999868483679	0.800269887751716	0.000812191380620198	16.5975403062388	1
16.875	23.75	0.999999910978214	0.800233523407126	0.000703588473385552	16.3974819352193	1
17.125	23.75	0.999999934869468	0.80019955163246	0.000608333319281148	16.1974320129878	1
17.375	23.75	0.999999950534507	0.800168005599374	0.000524751486273432	15.9973899459868	1
17.625	23.75	0.999999962548815	0.800138858535733	0.000451386594941514	15.7973551438458	1
17.875	23.75	0.999999972578719	0.800112041756379	0.00038697108843776	15.5973270309308	1
18.125	23.75	0.9999999810487	0.800087458283858	0.000330400927674764	15.3973050540978	1
18.375	23.75	0.999999987995413	0.800064993065485	0.000280713711899668	15.1972886876557	1
18.625	23.75	0.999999993436343	0.800044520576582	0.000237069777902494	14.9972774362918	1
18.875	23.75	0.99999999748027	0.800025910418962	0.000198735881498583	14.7972708365131	1
19.125	23.75	1.00000000032127	0.800009031384203	0.000165071112510336	14.5972684570212	1
19.375	23.75	1.0000000021955	0.799993754355037	0.00013551473681013	14.397269898327	1
19.625	23.75	1.00000000333946	0.799979954320018	0.000109575700820435	14.1972747918342	1
19.875	23.75	1.00000000396199	0.799967511721894	8.68235668202746e-05	13.9972827985653	1
20.125	23.75	1.00000000423125	0.799956313307717	6.68806790006264e-05	13.797293607656	1
20.375	23.75	1.00000000427331	0.7999462526045	4.94153894756921e-05	13.5973069347163	1
20.625	23.75	1.00000000417689	0.799937230122527	3.41361948757799e-05	13.397322520127	1
20.875	23.75	1.00000000400124	0.799929153360462	2.07866570371959e-05	13.1973401273258	1
21.125	23.75	1.0000000037843	0.799921936667573	9.1409986245752e-06	12.997359541118	1
21.375	23.75	1.00000000354921	0.799915501008477	-9.99719710477203e-07	12.7973805660418	1
21.625	23.75	1.00000000330946	0.799909773663992	-9.81092157208821e-06	12.5974030248011	1
21.875	23.75	1.00000000307273	0.799904687889538	-1.74474046541241e-05	12.3974267567819	1
22.125	23.75	1.00000000284332	0.799900182552039	-2.40458573603037e-05	12.1974516166557	1
22.375	23.75	1.00000000262366	0.799896201759521	-2.97270530669367e-05	11.9974774730737	1
22.625	23.75	1.00000000241513	0.799892694490198	-3.45977650790171e-05	11.7975042074521	1
22.875	23.75	1.00000000221851	0.799889614230954	-3.87524399502533e-05	11.5975317128472	1
23.125	23.75	1.00000000203403	0.79988691862967	-4.22746608266134e-05	11.3975598929156	1
23.375	23.75	1.00000000186178	0.79988456916277	-4.52384292903376e-05	11.1975886609583	1
23.625	23.75	1.00000000170172	0.799882530820784	-4.77092889154381e-05	10.9976179390414	1
23.875	23.75	1.00000000155352	0.79988077181437	-4.97453109106366e-05	10.7976476571914	1
24.125	23.75	1.00000000141663	0.799879263300025	-5.13979601624217e-05	10.5976777526581	1
24.375	23.75	1.00000000129056	0.799877979124089	-5.27128568005525e-05	10.3977081692414	1
24.625	23.75	1.00000000117466	0.799876895586622	-5.37304459237612e-05	10.1977388566773	1
24.875	23.75	1.00000000106831	0.799875991224806	-5.44865881487255e-05	9.99776977007786	1
25.125	23.75	1.00000000097097	0.799875246611623	-5.50130799702144e-05	9.79780086942154	1
25.375	23.75	1.00000000088205	0.799874644171686	-5.53381132513087e-05	9.59783211908943	1
25.625	23.75	1.00000000080089	0.799874168013943	-5.54866810388671e-05	9.39786348744355	1
25.875	23.75	1.00000000072683	0.799873803776958	-5.54809356060425e-05	9.19789494644368	1
26.125	23.75	1.0000000006592	0.799873538488387	-5.53405062056481e-05	8.99792647129948	1
26.375	23.75	1.00000000059745	0.79987336043657	-5.5082779927046e-05	8.79795804015464	1
26.625	23.75	1.00000000054101	0.799873259053825	-5.47231502633147e-05	8.59798963380039	1
26.875	23.75	1.0000000004897	0.799873224810374	-5.42752380534891e-05	8.39802123541545	1
27.125	23.75	1.00000000044367	0.799873249116578	-5.3751086999935e-05	8.19805283033027	1
27.375	23.75	1.00000000040339	0.799873324235739	-5.31613375358521e-05	7.99808440581357	1
27.625	23.75	1.00000000036933	0.799873443204367	-5.25153811997683e-05	7.79811595087842	1
27.875	23.75	1.00000000034127	0.799873599758517	-5.18214976604655e-05	7.59814745610698	1
28.125	23.75	1.00000000031696	0.799873788268405	-5.10869769416978e-05	7.39817891349196	1
28.375	23.75	1.00000000029093	0.799874003679598	-5.03182279200043e-05	7.19821031629313	1
28.625	23.75	1.00000000025435	0.79987424145891	-4.95208750247172e-05	6.99824165890732	1
28.875	23.75	1.00000000019696	0.799874497544225	-4.86998440951394e-05	6.79827293675082	1
29.125	23.75	1.00000000011317	0.799874768301608	-4.78594393850251e-05	6.59830414615239	1
29.375	23.75	1.00000000001349	0.799875050484569	-4.70034118579796e-05	6.39833528425392	1
29.625	23.75	0.999999999938089	0.799875341194393	-4.6135020398277e-05	6.19836634891875	1
29.875	23.75	0.99999999996596	0.799875637845511	-4.52570863324783e-05	5.99839733864615	1
30.125	23.75	1.00000000020516	0.799875938132835	-4.4372042128946e-05	5.79842825249325	1
30.375	23.75	1.0000000007444	0.7998762400005	-4.34819747771606e-05	5.59845909000979	1
30.625	23.75	1.00000000155365	0.799876541619397	-4.25886646189922e-05	5.39848985119396	1
30.875	23.75	1.00000000234399	0.799876841378199	-4.16936180394519e-05	5.19852053647594	1
31.125	23.75	1.00000000244515	0.799877137886939	-4.07980972027421e-05	4.99855114673053	1
31.375	23.75	1.00000000082477	0.799877429992762	-3.99031463604403e-05	4.79858168330236	1
31.625	23.75	0.999999996431193	0.79987771679452	-3.90096152410206e-05	4.5986121479971	1
31.875	23.75	0.999999989019108	0.799877997621838	-3.81181837224354e-05	4.39864254295974	1
32.125	23.75	0.999999980442542	0.799878271935613	-3.72293898965243e-05	4.19867287035115	1
32.375	23.75	0.999999975989609	0.799878539111488	-3.63436627358217e-05	3.99870313177633	1
32.625	23.75	0.999999984714605	0.799878798105748	-3.54613567972392e-05	3.79873332756694	1
32.875	23.75	1.00000001712837	0.79987904712168	-3.45827794685637e-05	3.59876345628246	1
33.125	23.75	1.00000007856599	0.799879283540626	-3.37081899814978e-05	3.39879351511287	1
33.375	23.75	1.00000015785625	0.799879504526041	-3.28377483327074e-05	3.19882350205957	1
33.625	23.75	1.00000021433822	0.799879708724064	-3.1971396973161e-05	2.99885342049234	1
33.875	23.75	1.00000017182134	0.799879899123124	-3.11086912001405e-05	2.79888328551602	1
34.125	23.75	0.999999934012274	0.799880086242901	-3.0248661829724e-05	2.59891312930359	1
34.375	23.75	0.999999437735544	0.799880289413062	-2.93898750591148e-05	2.39894299952646	1
34.625	23.75	0.999998750713741	0.799880532400591	-2.85309180172614e-05	2.19897294278173	1
34.875	23.75	0.999998192172568	0.799880829286914	-2.76714939556645e-05	1.99900296647049	1
35.125	23.75	0.99999840519666	0.79988115914669	-2.68140446571763e-05	1.79903298181337	1
35.375	23.75	1.00000025284468	0.799881435617123	-2.59652592056796e-05	1.59906275038056	1
35.625	23.75	1.00000438373405	0.799881490299025	-2.51360340699905e-05	1.39909188434333	1
35.875	23.75	1.00001038216294	0.799881103416708	-2.43377842911229e-05	1.19911997411016	1
36.125	23.75	1.00001565622305	0.799880121063435	-2.3573218060231e-05	0.999146909971629	1
36.375	23.75	1.00001465510117	0.799878678797642	-2.28217907247053e-05	0.799173390521346	1
36.625	23.75	0.999999545195934	0.799877487502351	-2.20249236603269e-05	0.599201440440667	1
36.875	23.75	0.9999637911899	0.799878015032028	-2.10833359816473e-05	0.399234505866458	1
37.125	23.75	0.999909601045346	0.799896770812241	-1.98855247414858e-05	0.199276462070999	1
37.375	23.75	0.999858199915318	0.399904796455522	-1.85952281403776e-05	-0.000678349451933383	1
0.125	24.25	0.000456750235085432	0.799693023484706	0.00253806425411168	22.8269673708479	1
0.375	24.25	0.000457129398458735	0.799648437415344	0.00287861618438479	22.826935054872	1
0.625	24.25	0.00045784933135635	0.799447657313171	0.00321515367930588	22.8269569960462	1
0.875	24.25	0.000458657264690699	0.799288928364563	0.00343303622324409	22.8270241592476	1
1.125	24.25	0.000458919523736899	0.799188223867876	0.0033148084598985	22.8271239596268	1
1.375	24.25	0.000457503456085022	0.79915827677516	0.00260603940599547	22.8272401489214	1
1.625	24.25	0.00045277592535627	0.799198708138855	0.0011625472805781	22.8273546508901	1
1.875	24.25	0.000442798504840115	0.799289035752018	-0.000822400446286037	22.8274513480141	1
2.125	24.25	0.000425785343604883	0.79939218386843	-0.00263988503536794	22.8275212208326	1
2.375	24.25	0.000400844265025102	0.799473313464894	-0.0032688547371465	22.8275669293376	1
2.625	24.25	0.00036895229157976	0.799526543165567	-0.00220191782798045	22.8276007401827	1
2.875	24.25	0.000334049035844051	0.799588740831665	-0.000200589946746746	22.8276297789458	1
3.125	24.25	0.00030409895421935	0.799715519494041	0.00133997305719401	22.8276407297634	1
3.375	24.25	0.000291984326033879	0.799929347124422	0.00170308472344876	22.8276044282436	1
3.625	24.25	0.000316107922199921	0.800207735253055	0.000996017693513263	22.8274901640403	1
3.875	24.25	0.000400570031210325	0.800515104278519	-0.000382334777177356	22.8272709481223	1
4.125	24.25	0.000574746238358276	0.800824521418504	-0.00207699672417317	22.8269211662402	1
4.375	24.25	0.000872065279450044	0.801117458310351	-0.00389785546119522	22.8264130573756	1
4.625	24.25	0.00132783025010561	0.801373905313894	-0.00579515979690197	22.8257153949778	1
4.875	24.25	0.00197616066526209	0.80156399305051	-0.00777922117327359	22.8247948817735	1
5.125	24.25	0.00284667710093379	0.801645186254977	-0.0098590015646261	22.8236189064648	1
5.375	24.25	0.00396235918251349	0.801563981121489	-0.012014498219649	22.8221576157997	1
5.625	24.25	0.00534089862602737	0.801259994481749	-0.014189450128615	22.8203830507154	1
5.875	24.25	0.00700283700560595	0.800671494042683	-0.0162919753410942	22.8182626087234	1
6.125	24.25	0.00899114120506826	0.799742636219385	-0.0181981502038601	22.8157430614939	1
6.375	24.25	0.0114091058033034	0.798433035092416	-0.0197582116537974	22.8127199141651	1
6.625	24.25	0.0144871187549607	0.796729706920539	-0.0208068462346447	22.8089853620502	1
6.875	24.25	0.0186943770276142	0.794659908580582	-0.0211790432146158	22.8041470550425	1
7.125	24.25	0.0249186751274862	0.79230070446208	-0.0207316439647548	22.7975105228823	1
7.375	24.25	0.0347415111896286	0.789777163770475	-0.0193682055081224	22.7879229145618	1
7.625	24.25	0.0508207087177492	0.787236956054131	-0.0170619948120578	22.7735891535452	1
7.875	24.25	0.0773156734792338	0.784789503470785	-0.0138709952269262	22.7519002736583	1
8.125	24.25	0.120071534510586	0.782416465756283	-0.009942236154383	22.7193627427185	1
8.375	24.25	0.185864021872018	0.779921569797059	-0.00550947281720043	22.6717773656066	1
8.625	24.25	0.279680473317291	0.777080618901119	-0.000888674260217172	22.6048339575265	1
8.875	24.25	0.399925982801957	0.77408464904286	0.00354144557279629	22.5151508119259	1
9.125	24.25	0.534778313738996	0.771861105733733	0.00740375526902698	22.4014258217471	1
9.375	24.25	0.665323322804853	0.771526260437052	0.0104267190200471	22.26501853912	1
9.625	24.25	0.775122917989209	0.773352530127048	0.0125146117414906	22.1094809891865	1
9.875	24.25	0.85720541309466	0.776625358704632	0.0137286886612298	21.9393294703162	1
10.125	24.25	0.913296278486915	0.780383408443109	0.0142154840474778	21.7588535015245	1
10.375	24.25	0.949201598230232	0.783974831887897	0.0141440864824312	21.5714770233974	1
10.625	24.25	0.971111711527824	0.787114869149427	0.0136727464749114	21.3796475869072	1
10.875	24.25	0.983995122744146	0.789742036615245	0.0129358741524784	21.1849971228444	1
11.125	24.25	0.991337017856159	0.79189196833992	0.0120407486357005	20.9885680481037	1
11.375	24.25	0.995401981649089	0.793630588717913	0.0110686248188709	20.7910097629537	1
11.625	24.25	0.997590498799304	0.795026424442455	0.0100779632205254	20.5927219715316	1
11.875	24.25	0.998737261049435	0.79614118546335	0.00910854947312221	20.3939504260851	1
12.125	24.25	0.999323931803118	0.797027515435779	0.00818569620418365	20.1948477285607	1
12.375	24.25	0.999619621885559	0.797729242376268	0.0073240330949833	19.9955106962558	1
12.625	24.25	0.999769472116904	0.798282388358332	0.00653065051087987	19.7960027871508	1
12.875	24.25	0.999848658034563	0.798716328978386	0.00580754805765313	19.5963673152519	1
13.125	24.25	0.999894319503321	0.799054895396217	0.00515344896965854	19.3966351362909	1
13.375	24.25	0.999923830820909	0.799317351475156	0.00456509015746421	19.1968290915392	1
13.625	24.25	0.999944860367911	0.799519229736933	0.00403810722545036	18.9969665937254	1
13.875	24.25	0.999960650081886	0.799673030732109	0.00356762205433261	18.7970611701249	1
14.125	24.25	0.999972616962135	0.799788799505918	0.00314862037966149	18.5971234290853	1
14.375	24.25	0.999981526191187	0.799874596203906	0.00277618564604383	18.397161708274	1
14.625	24.25	0.999987951170445	0.799936878101101	0.00244563692805154	18.1971825428953	1
14.875	24.25	0.999992410438615	0.799980808901384	0.00215260411413665	17.9971910254715	1
15.125	24.25	0.999995380413581	0.800010508963187	0.00189306276750276	17.7971910935236	1
15.375	24.25	0.999997275917752	0.800029257797666	0.00166334351072888	17.5971857638742	1
15.625	24.25	0.999998434287737	0.800039658030784	0.00146012563812031	17.3971773241193	1
15.875	24.25	0.999999112059673	0.800043768210824	0.00128042126856447	17.1971674882926	1
16.125	24.25	0.999999492363774	0.800043210361125	0.0011215541418405	16.9971575223021	1
16.375	24.25	0.999999698228444	0.800039257006093	0.000981135729850113	16.7971483440499	1
16.625	24.25	0.99999980745794	0.800032901495863	0.000857040410957138	16.5971406026622	1
16.875	24.25	0.999999866254745	0.800024914725964	0.000747380838350963	16.3971347407652	1
17.125	24.25	0.999999900227452	0.800015890793256	0.000650484229340224	16.1971310432021	1
17.375	24.25	0.999999922481275	0.800006283667308	0.000564870019454461	15.9971296750286	1
17.625	24.25	0.999999939099047	0.799996436576757	0.000489229129328646	15.7971307111036	1
17.875	24.25	0.999999952570573	0.799986605513925	0.000422404961783948	15.5971341591136	1
18.125	24.25	0.999999963767474	0.799976977995928	0.000363376146629311	15.3971399774804	1
18.375	24.25	0.999999972969794	0.799967688013699	0.000311240990522049	15.1971480892727	1
18.625	24.25	0.999999980329516	0.799958827924833	0.000265203549194113	14.9971583929921	1
18.875	24.25	0.999999986032496	0.799950457896902	0.000224561209484281	14.797170770905	1
19.125	24.25	0.999999990319821	0.799942613389375	0.000188693661624713	14.5971850954446	1
19.375	24.25	0.999999993459072	0.799935311075156	0.000157053134853053	14.3972012340923	1
19.625	24.25	0.999999995710145	0.799928553512009	0.00012915577090244	14.1972190530568	1
19.875	24.25	0.999999997300812	0.7999223328184	0.000104574017049975	13.9972384200103	1
20.125	24.25	0.999999998415493	0.799916633556877	8.29299259386782e-05	13.7972592060796	1
20.375	24.25	0.999999999194782	0.799911434982988	6.38892598050415e-05	13.5972812872557	1
20.625	24.25	0.999999999740599	0.799906712792925	4.71563056924384e-05	13.3973045453512	1
20.875	24.25	1.00000000012405	0.799902440473082	3.24693177743963e-05	13.1973288686061	1
21.125	24.25	1.0000000003936	0.799898590331563	1.9596510811337e-05	12.9973541520249	1
21.375	24.25	1.00000000058171	0.799895134278904	8.33253883668587e-06	12.7973802975095	1
21.625	24.25	1.00000000071017	0.799892044411733	-1.50460091010895e-06	12.5974072138394	1
21.875	24.25	1.00000000079404	0.799889293439923	-1.00762904849411e-05	12.3974348165392	1
22.125	24.25	1.00000000084405	0.799886854992066	-1.75256861863059e-05	12.1974630276657	1
22.375	24.25	1.0000000008681	0.799884703826916	-2.39798264196929e-05	11.9974917755383	1
22.625	24.25	1.00000000087223	0.799882815969164	-2.95514876755922e-05	11.7975209944333	1
22.875	24.25	1.00000000086124	0.799881168789595	-3.43408195540908e-05	11.5975506242554	1
23.125	24.25	1.00000000083898	0.799879741042499	-3.84367859736316e-05	11.3975806101984	1
23.375	24.25	1.00000000080868	0.799878512869148	-4.19184364289701e-05	11.1976109024038	1
23.625	24.25	1.00000000077291	0.799877465777385	-4.48560281700601e-05	10.9976414556233	1
23.875	24.25	1.00000000073364	0.799876582604324	-4.73120167812767e-05	10.7976722288894	1
24.125	24.25	1.0000000006923	0.799875847466436	-4.93419317336246e-05	10.5977031851987	1
24.375	24.25	1.00000000065014	0.799875245700918	-5.09951506221184e-05	10.3977342912081	1
24.625	24.25	1.00000000060806	0.799874763802008	-5.23155837724326e-05	10.1977655169476	1
24.875	24.25	1.00000000056671	0.799874389355131	-5.33422808969389e-05	9.99779683554844	1
25.125	24.25	1.00000000052667	0.799874110968793	-5.41099686706783e-05	9.79782822298817	1
25.375	24.25	1.00000000048824	0.799873918207317	-5.4649526569863e-05	9.59785965785259	1
25.625	24.25	1.00000000045158	0.799873801526815	-5.49884094884578e-05	9.39789112111345	1
25.875	24.25	1.00000000041679	0.799873752210545	-5.51510222410672e-05	9.19792259592167	1
26.125	24.25	1.00000000038379	0.799873762307385	-5.5159052941127e-05	8.9979540674165	1
26.375	24.25	1.00000000035257	0.79987382457482	-5.50317689119282e-05	8.79798552254843	1
26.625	24.25	1.00000000032319	0.79987393242396	-5.47862790554885e-05	8.59801694991597	1
26.875	24.25	1.00000000029591	0.799874079868086	-5.44377681840547e-05	8.39804833961516	1
27.125	24.25	1.00000000027116	0.799874261473743	-5.39997052964949e-05	8.19807968310109	1
27.375	24.25	1.00000000024972	0.799874472316171	-5.34840287113173e-05	7.99811097306097	1
27.625	24.25	1.00000000023236	0.799874707937475	-5.29013112491047e-05	7.7981422032971	1
27.875	24.25	1.0000000002191	0.799874964306724	-5.22609075197191e-05	7.59817336862023	1
28.125	24.25	1.00000000020793	0.799875237784519	-5.15710851864471e-05	7.3982044647519	1
28.375	24.25	1.00000000019366	0.799875525090267	-5.08391416600765e-05	7.19823548823535	1
28.625	24.25	1.00000000016767	0.799875823271781	-5.00715090961313e-05	6.99826643635396	1
28.875	24.25	1.00000000011997	0.799876129676093	-4.9273847249725e-05	6.79829730705684	1
29.125	24.25	1.00000000004525	0.799876441924781	-4.84511268785903e-05	6.59832809889033	1
29.375	24.25	0.999999999953914	0.799876757889801	-4.76077042172193e-05	6.39835881093318	1
29.625	24.25	0.999999999885756	0.799877075668761	-4.67473878575656e-05	6.19838944273561	1
29.875	24.25	0.999999999918824	0.799877393563287	-4.58734979578405e-05	5.99841999426123	1
30.125	24.25	1.00000000015984	0.799877710057599	-4.49889200098104e-05	5.79845046583363	1
30.375	24.25	1.00000000069633	0.799878023798025	-4.40961523924788e-05	5.59848085809308	1
30.625	24.25	1.00000000149897	0.799878333580366	-4.31973481982365e-05	5.39851117197171	1
30.875	24.25	1.00000000228305	0.799878638348444	-4.22943521896661e-05	5.1985414086938	1
31.125	24.25	1.00000000238754	0.799878937203553	-4.13887338037366e-05	4.99857156980354	1
31.375	24.25	1.00000000079405	0.799879229427574	-4.0481815862552e-05	4.79860165720345	1
31.625	24.25	0.999999996464545	0.799879514503337	-3.95747006188953e-05	4.59863167315762	1
31.875	24.25	0.99999998915551	0.799879792098473	-3.86682972344254e-05	4.39866162018252	1
32.125	24.25	0.99999998069319	0.799880061971937	-3.77633515763888e-05	4.19869150073763	1
32.375	24.25	0.999999976290507	0.79988032376387	-3.68604814724366e-05	3.99872131667027	1
32.625	24.25	0.999999984876035	0.799880576670216	-3.59602136346802e-05	3.79875106851561	1
32.875	24.25	1.00000001681894	0.799880819117395	-3.50630116337197e-05	3.59878075501102	1
33.125	24.25	1.0000000773915	0.799881048696227	-3.4169277041136e-05	3.39881037349822	1
33.375	24.25	1.00000015559808	0.799881262759549	-3.32792987898828e-05	3.1988399220785	1
33.625	24.25	1.00000021137087	0.799881460101629	-3.23931337119248e-05	2.99886940411017	1
33.875	24.25	1.00000016960588	0.799881643779003	-3.1510436763955e-05	2.79889883449123	1
34.125	24.25	0.999999935356209	0.799881824256769	-3.06303224713406e-05	2.59892824492481	1
34.375	24.25	0.999999446281117	0.799882020672167	-2.97514265112101e-05	2.39895768238169	1
34.625	24.25	0.999998769027189	0.799882256527589	-2.88723997909011e-05	2.19898719277379	1
34.875	24.25	0.999998218127698	0.799882545771885	-2.79930188047767e-05	1.99901678338283	1
35.125	24.25	0.999998427369347	0.799882867839832	-2.7115831391086e-05	1.79904636668844	1
35.375	24.25	1.00000024746672	0.799883137654575	-2.62476866393921e-05	1.59907570764932	1
35.625	24.25	1.00000431794965	0.799883189261236	-2.53996931225128e-05	1.3991044239233	1
35.875	24.25	1.00001022951535	0.799882806040256	-2.45834751400374e-05	1.19913211163914	1
36.125	24.25	1.0000154280538	0.799881836269435	-2.38018096986218e-05	0.999158662398846	1
36.375	24.25	1.00001444302482	0.799880413517842	-2.30338626721055e-05	0.799184764396528	1
36.625	24.25	0.999999553595344	0.79987923841918	-2.22201804258377e-05	0.599212412803432	1
36.875	24.25	0.999964317966506	0.799879757707085	-2.12599736549681e-05	0.399245003846188	1
37.125	24.25	0.99991091120464	0.79989824381602	-2.00400212548998e-05	0.199286356875098	1
37.375	24.25	0.999860251618112	0.399906146474566	-1.87269168089966e-05	-0.000669105259309498	1
0.125	24.75	0.000469881162724357	0.79971822318594	0.00310235878954199	22.8272818546462	1
0.375	24.75	0.000470268133488019	0.799750181285666	0.00332474513943525	22.8272291468711	1
0.625	24.75	0.000470994299316583	0.799636270617267	0.00360919175136154	22.8272105005485	1
0.875	24.75	0.000471784286879567	0.799583162248592	0.00379924091249071	22.8272116735593	1
1.125	24.75	0.000471966445108556	0.79959763288015	0.00369531994769488	22.8272162920765	1
1.375	24.75	0.000470357009451188	0.799672718361548	0.00310839948667547	22.8272077194705	1
1.625	24.75	0.000465267688792534	0.799776897361551	0.00198238843664115	22.8271741687513	1
1.875	24.75	0.000454718265098659	0.799857161547793	0.000565593230065611	22.8271152177606	1
2.125	24.75	0.000436919397517916	0.799866911037264	-0.000511279655903045	22.8270452813119	1
2.375	24.75	0.000411042237500578	0.799810291774132	-0.000545591156136391	22.8269875251371	1
2.625	24.75	0.000378219694778177	0.79975878572995	0.000482045652711392	22.8269554555099	1
2.875	24.75	0.000342657456064276	0.799804277412426	0.0016253272653886	22.8269350537055	1
3.125	24.75	0.000312704188815472	0.799985420188497	0.00196122028704148	22.8268892576352	1
3.375	24.75	0.000301741374534261	0.800267069595059	0.00139297436244464	22.8267798420986	1
3.625	24.75	0.000328764200031724	0.800584529453494	0.000253000773027405	22.8265799829434	1
3.875	24.75	0.000418504484808722	0.80088251026093	-0.00116835764266072	22.8262728634367	1
4.125	24.75	0.000600906056309652	0.801123924762449	-0.00271938156628119	22.8258462856586	1
4.375	24.75	0.00090973701128797	0.80128511270594	-0.00434567347691909	22.8252876915468	1
4.625	24.75	0.00138017801607231	0.801346072778677	-0.00603069463270831	22.8245813974186	1
4.875	24.75	0.00204548973799229	0.801281512729061	-0.0077593940290332	22.8237088163792	1
5.125	24.75	0.00293344375028199	0.801057468151214	-0.00950408219160619	22.8226503937156	1
5.375	24.75	0.00406402399074646	0.800633609480518	-0.0112184630573744	22.8213868101162	1
5.625	24.75	0.00545078621443901	0.79996877282043	-0.0128344957019907	22.8198968607873	1
5.875	24.75	0.00710923048983337	0.799027906002002	-0.0142627759077593	22.8181491771	1
6.125	24.75	0.00907693308803812	0.797789955221117	-0.0153972366291718	22.8160841148175	1
6.375	24.75	0.0114524781678058	0.796256645238142	-0.0161242046191571	22.8135808418964	1
6.625	24.75	0.0144639828277921	0.794461516057723	-0.0163356184317379	22.8104032780881	1
6.875	24.75	0.0185837364042902	0.792477141139581	-0.0159456804070482	22.8061176258526	1
7.125	24.75	0.0247127132179505	0.790416127095671	-0.0149088372515143	22.7999749448074	1
7.375	24.75	0.0344627916014914	0.788418302912941	-0.0132350780706131	22.7907570032822	1
7.625	24.75	0.0505483301409092	0.786613491527595	-0.0109972602530305	22.7765970449352	1
7.875	24.75	0.0772175863601838	0.785051064876358	-0.00832622868662718	22.754815900073	1
8.125	24.75	0.120426080120616	0.783607998699672	-0.00539395185663769	22.7218633767915	1
8.375	24.75	0.187027176185781	0.781951158510024	-0.00239090241816582	22.6735148603175	1
8.625	24.75	0.281938390323394	0.779722620312993	0.000494524378113453	22.6054881329561	1
8.875	24.75	0.403242338222609	0.777032369451204	0.00309428083534815	22.5144997774353	1
9.125	24.75	0.538645415148017	0.774800755628908	0.00528343084245897	22.399408277657	1
9.375	24.75	0.668979380804212	0.774180225420059	0.00700211426175208	22.2617510719129	1
9.625	24.75	0.777987392643117	0.775498925576731	0.00825514017770091	22.1052151104573	1
9.875	24.75	0.859095438834448	0.778127403045376	0.00908638115656854	21.9343752175484	1
10.125	24.75	0.914332514922173	0.781206750483577	0.00955259112089786	21.7535115079087	1
10.375	24.75	0.949622906232137	0.784170610840299	0.00971202908936287	21.5659999955423	1
10.625	24.75	0.971150881172376	0.786784593771569	0.00962250019231523	21.3742281908505	1
10.875	24.75	0.983830523009213	0.789005473180653	0.00934037195157821	21.1797711424283	1
11.125	24.75	0.991087657338443	0.790865885353838	0.00891825753435443	20.9836238080723	1
11.375	24.75	0.995138905434864	0.79241752542188	0.0084024961718661	20.7863988099213	1
11.625	24.75	0.997351022955178	0.793710348071484	0.00783157787485984	20.5884687892501	1
11.875	24.75	0.998537105991007	0.794787219279089	0.00723578718735535	20.3900604336955	1
12.125	24.75	0.999166163930303	0.795683765845877	0.0066377863003132	20.1913134908558	1
12.375	24.75	0.999500699241927	0.796429490764599	0.00605371473863211	19.9923165531203	1
12.625	24.75	0.999683049942399	0.797048937131109	0.00549445415380106	19.7931281955303	1
12.875	24.75	0.999787802006577	0.797562632671203	0.00496683573466081	19.5937891951986	1
13.125	24.75	0.999852657297575	0.797987816789299	0.00447468075487281	19.3943294742248	1
13.375	24.75	0.99989603959975	0.798339002634346	0.00401964110896255	19.1947720045725	1
13.625	24.75	0.999926769985272	0.798628420814537	0.00360184931058355	18.9951350112549	1
13.875	24.75	0.999949147741481	0.798866377578464	0.00322040622465982	18.7954332482352	1
14.125	24.75	0.999965468962424	0.799061549502947	0.00287373943179803	18.5956787810816	1
14.375	24.75	0.999977183160001	0.799221229633849	0.00255986260458439	18.3958815103745	1
14.625	24.75	0.999985370642767	0.799351535494621	0.00227656103197295	18.19604955643	1
14.875	24.75	0.999990910523888	0.799457586377054	0.00202152281397449	17.9961895643755	1
15.125	24.75	0.999994526895109	0.799543655289443	0.00179243033384868	17.796306957118	1
15.375	24.75	0.99999679943664	0.799613299551566	0.00158702272930577	17.5964061488145	1
15.625	24.75	0.999998172055785	0.799669473061194	0.0014031371707555	17.3964907251341	1
15.875	24.75	0.999998968279924	0.799714622639907	0.00123873465452121	17.1965635943547	1
16.125	24.75	0.999999412210773	0.799750770441184	0.00109191451315741	16.9966271127676	1
16.375	24.75	0.999999651252159	0.799779584135798	0.000960920770004992	16.7966831877949	1
16.625	24.75	0.999999777302154	0.799802436408189	0.000844142688730029	16.5967333621667	1
16.875	24.75	0.999999844467323	0.799820455141867	0.000740111287964068	16.3967788823114	1
17.125	24.75	0.999999882641256	0.799834565559865	0.000647493160311303	16.1968207537957	1
17.375	24.75	0.99999990716195	0.799845525456403	0.000565082598617939	15.9968597862535	1
17.625	24.75	0.999999925219109	0.799853954543221	0.000491792771347759	15.796896629846	1
17.875	24.75	0.999999939815094	0.799860358821452	0.000426646492610504	15.5969318049058	1
18.125	24.75	0.999999952034472	0.799865150764721	0.00036876696942808	15.3969657260985	1
18.375	24.75	0.999999962228422	0.799868666004544	0.00031736879209438	15.196998722154	1
18.625	24.75	0.999999970559449	0.799871177099968	0.000271749344366142	14.997031052008	1
18.875	24.75	0.999999977202404	0.799872904886144	0.00023128073560062	14.7970629180167	1
19.125	24.75	0.999999982383327	0.799874027820652	0.000195402314919506	14.5970944767827	1
19.375	24.75	0.999999986357758	0.799874689676224	0.000163613788402964	14.3971258480179	1
19.625	24.75	0.999999989378267	0.799875005865397	0.000135468933855408	14.1971571217961	1
19.875	24.75	0.999999991669726	0.799875068640261	0.000110569895495525	13.99718836448	1
20.125	24.75	0.99999999341716	0.799874951364864	8.85620277013679e-05	13.7972196235589	1
20.375	24.75	0.999999994764024	0.799874712021901	6.91292512067872e-05	13.5972509315888	1
20.625	24.75	0.999999995816451	0.799874396092656	5.19898833926456e-05	13.3972823093974	1
20.875	24.75	0.999999996650425	0.79987403891908	3.68929030663421e-05	13.1973137686833	1
21.125	24.75	0.999999997319564	0.799873667638816	2.36146092963631e-05	12.9973453141201	1
21.375	24.75	0.999999997861417	0.799873302771196	1.19556383198922e-05	12.7973769450536	1
21.625	24.75	0.999999998302721	0.799872959515514	1.73830267574617e-06	12.5974086568677	1
21.875	24.75	0.999999998663111	0.799872648811757	-7.19578017251063e-06	12.3974404420772	1
22.125	24.75	0.999999998957459	0.799872378206758	-1.49877998971171e-05	12.1974722911998	1
22.375	24.75	0.999999999197364	0.79987215256171	-2.17636333776856e-05	11.9975041934465	1
22.625	24.75	0.999999999392214	0.799871974626841	-2.76355176121e-05	11.7975361372655	1
22.875	24.75	0.999999999549753	0.799871845509297	-3.27035378825957e-05	11.5975681107659	1
23.125	24.75	0.99999999967645	0.799871765052884	-3.7056951994129e-05	11.397600102044	1
23.375	24.75	0.999999999777793	0.799871732143628	-4.07753680472504e-05	11.1976320994319	1
23.625	24.75	0.999999999858322	0.799871744956673	-4.39297923957455e-05	10.9976640916825	1
23.875	24.75	0.999999999921779	0.799871801155425	-4.65835616326258e-05	10.7976960681034	1
24.125	24.75	0.999999999971236	0.799871898049831	-4.87931719438918e-05	10.5977280186504	1
24.375	24.75	1.00000000000935	0.799872032722287	-5.06090175130825e-05	10.3977599339885	1
24.625	24.75	1.00000000003838	0.799872202126611	-5.20760474961732e-05	10.1977918055274	1
24.875	24.75	1.00000000006005	0.799872403165611	-5.32343512578335e-05	9.99782362543721	1
25.125	24.75	1.00000000007589	0.799872632751328	-5.41196799508101e-05	9.79785538664836	1
25.375	24.75	1.00000000008702	0.799872887850744	-5.47639103360159e-05	9.59788708283997	1
25.625	24.75	1.00000000009432	0.799873165521071	-5.51954589593537e-05	9.39791870841913	1
25.875	24.75	1.00000000009852	0.799873462933469	-5.54396512785533e-05	9.19795025849325	1
26.125	24.75	1.00000000010011	0.799873777389734	-5.55190506833699e-05	8.99798172883876	1
26.375	24.75	1.00000000009961	0.799874106335873	-5.54537523024408e-05	8.79801311586619	1
26.625	24.75	1.00000000009757	0.799874447368491	-5.52616444508576e-05	8.59804441658297	1
26.875	24.75	1.00000000009461	0.799874798237025	-5.49586429956415e-05	8.39807562855598	1
27.125	24.75	1.00000000009147	0.799875156844401	-5.45589005138702e-05	8.19810674987357	1
27.375	24.75	1.00000000008923	0.799875521245852	-5.40749924932437e-05	7.9981377791081	1
27.625	24.75	1.00000000008898	0.799875889644903	-5.35180841677315e-05	7.79816871527887	1
27.875	24.75	1.00000000009088	0.799876260387648	-5.28980798181548e-05	7.59819955781696	1
28.125	24.75	1.00000000009316	0.799876631958375	-5.22237563504084e-05	7.39823030653137	1
28.375	24.75	1.00000000009095	0.799877002973263	-5.15028817778492e-05	7.19826096157648	1
28.625	24.75	1.00000000007592	0.799877372173998	-5.07423227280932e-05	6.99829152342183	1
28.875	24.75	1.00000000003826	0.799877738420926	-4.99481395512838e-05	6.79832199282288	1
29.125	24.75	0.999999999972932	0.799878100686811	-4.9125671789151e-05	6.5983523707932	1
29.375	24.75	0.999999999890281	0.799878458049605	-4.82796148927892e-05	6.39838265857609	1
29.625	24.75	0.999999999829728	0.799878809683392	-4.74140891293983e-05	6.19841285761632	1
29.875	24.75	0.999999999868354	0.799879154850338	-4.65327008478356e-05	5.99844296953109	1
30.125	24.75	1.00000000011141	0.799879492890975	-4.56385981137886e-05	5.79847299608303	1
30.375	24.75	1.00000000064532	0.799879823215851	-4.47345200858131e-05	5.59850293916013	1
30.625	24.75	1.00000000144145	0.799880145301921	-4.38228401034662e-05	5.39853280077136	1
30.875	24.75	1.00000000221939	0.799880458698378	-4.29056050280842e-05	5.19856258306539	1
31.125	24.75	1.00000000232745	0.79988076304461	-4.19845694577662e-05	4.99859228837453	1
31.375	24.75	1.00000000076138	0.799881058100538	-4.10612250966973e-05	4.79862191926708	1
31.625	24.75	0.999999996496854	0.799881343771754	-4.01368285250649e-05	4.59865147856354	1
31.875	24.75	0.999999989292066	0.799881620099181	-3.92124301880734e-05	4.39868096924114	1
32.125	24.75	0.999999980945173	0.799881887171831	-3.82889050658651e-05	4.19871039413916	1
32.375	24.75	0.999999976592987	0.799882144923474	-3.73669892437345e-05	3.99873975542124	1
32.625	24.75	0.999999985036909	0.799882392817139	-3.64473178013275e-05	3.79876905389367	1
32.875	24.75	1.00000001650289	0.799882629527124	-3.55304535605241e-05	3.59879828853318	1
33.125	24.75	1.00000007619996	0.799882852875863	-3.46168894642376e-05	3.39882745688958	1
33.375	24.75	1.00000015331082	0.799883060426649	-3.37069973843905e-05	3.19885655721501	1
33.625	24.75	1.00000020836895	0.799883251140373	-3.28009075626496e-05	2.99888559290151	1
33.875	24.75	1.00000016737091	0.799883428157619	-3.1898337880609e-05	2.79891457867928	1
34.125	24.75	0.999999936732994	0.79988360190276	-3.09984538008992e-05	2.59894354581393	1
34.375	24.75	0.99999945495784	0.799883791331141	-3.00999315013612e-05	2.39897254060189	1
34.625	24.75	0.999998787597681	0.799884019689034	-2.92014590527368e-05	2.19900160829399	1
34.875	24.75	0.999998244424829	0.799884300801966	-2.83028616923462e-05	1.99903075608191	1
35.125	24.75	0.999998449796378	0.799884614479997	-2.74067691204715e-05	1.79905989774982	1
35.375	24.75	1.00000024191088	0.799884876959606	-2.65201646713181e-05	1.59908880171647	1
35.625	24.75	1.00000425108927	0.799884924773382	-2.56543425464411e-05	1.39911709122316	1
35.875	24.75	1.00001007453553	0.799884544511523	-2.4821111631263e-05	1.19914436821492	1
36.125	24.75	1.00001519651127	0.799883586676341	-2.40233028991823e-05	0.999170525634754	1
36.375	24.75	1.00001422795991	0.799882182828624	-2.32397992840554e-05	0.799196241136582	1
36.625	24.75	0.999999562529629	0.799881023213001	-2.24103130739675e-05	0.599223479962046	1
36.875	24.75	0.999964853388441	0.799881533141118	-2.14326249638776e-05	0.399255587706144	1
37.125	24.75	0.999912242250703	0.799899744159436	-2.01918867805369e-05	0.199296326974864	1
37.375	24.75	0.999862335879916	0.399907521872029	-1.88573591150512e-05	-0.000659796656119402	1
0.125	25.25	0.000479822037046179	0.799742410158518	0.00337458996765667	22.8276130657373	1
0.375	25.25	0.00048021532502188	0.79983609034206	0.00358393876376809	22.8275428025481	1
0.625	25.25	0.00048094683686171	0.799776642326207	0.0037461821618173	22.8274913498094	1
0.875	25.25	0.000481723090992884	0.799771790750619	0.00379899509287016	22.8274463336326	1
1.125	25.25	0.000481841779558725	0.79982361167362	0.00356451463338288	22.8273932148216	1
1.375	25.25	0.000480077760016803	0.799916443663514	0.00288368197621954	22.8273195594519	1
1.625	25.25	0.000474697965420804	0.800018648275359	0.00172000844852096	22.827219625232	1
1.875	25.25	0.000463687853803433	0.800096101503606	0.000284640345387341	22.82709714666	1
2.125	25.25	0.000445253837830186	0.800136163376024	-0.00090904304955789	22.8269632018527	1
2.375	25.25	0.000418615725146825	0.80016315114493	-0.0012505011108229	22.8268282250783	1
2.625	25.25	0.000385030781175032	0.800223975276439	-0.000561944241925955	22.826692617176	1
2.875	25.25	0.000348924602254738	0.80035521687549	0.00054090374405709	22.8265428982918	1
3.125	25.25	0.000318974496369865	0.800558976737979	0.00115733152959888	22.826356321749	1
3.375	25.25	0.00030900015154214	0.800798829779631	0.00090248970680468	22.8261116318044	1
3.625	25.25	0.000338526207355935	0.801022486146987	-6.34280351992723e-05	22.8257963729062	1
3.875	25.25	0.000432858975251147	0.801189327369735	-0.00140656136887261	22.8254046718901	1
4.125	25.25	0.000622476558805244	0.80127468318267	-0.00286769360911933	22.8249311991998	1
4.375	25.25	0.000941508499731232	0.801258307143478	-0.00433206954175876	22.8243677934606	1
4.625	25.25	0.0014251464240551	0.801115930133135	-0.00577260866302857	22.8237035172257	1
4.875	25.25	0.00210610448681277	0.800818903864634	-0.00717906990417949	22.8229258272281	1
5.125	25.25	0.00301084031344056	0.800337421158984	-0.00852684464418316	22.8220211869104	1
5.375	25.25	0.00415707732380579	0.799644477487864	-0.0097724302374351	22.8209740820044	1
5.625	25.25	0.00555505008172674	0.798720568197761	-0.0108564514472128	22.8197628483005	1
5.875	25.25	0.00721585029302468	0.797559433803253	-0.011708270133574	22.8183497079779	1
6.125	25.25	0.00917162960375951	0.796174567939078	-0.0122524730728125	22.8166613356843	1
6.375	25.25	0.0115147155771313	0.794605662306715	-0.0124179193907156	22.814555128512	1
6.625	25.25	0.0144664905809	0.792923578146204	-0.0121490853867895	22.8117651684913	1
6.875	25.25	0.0184926938964558	0.791231455333422	-0.011418429238775	22.8078210307216	1
7.125	25.25	0.0244891667403294	0.789657923654537	-0.010237378460123	22.8019332021449	1
7.375	25.25	0.0340662449727398	0.788336006277232	-0.00866255949573128	22.7928433668417	1
7.625	25.25	0.0499437818911897	0.787359074080926	-0.00679379890473077	22.7786507863119	1
7.875	25.25	0.0763870887529353	0.786707483446002	-0.00476210812183265	22.7566543622467	1
8.125	25.25	0.119384045009463	0.786160061328691	-0.00270943949124918	22.7232992484162	1
8.375	25.25	0.185833479574724	0.785268468542987	-0.000765819450275907	22.674376974968	1
8.625	25.25	0.280695249113717	0.783565080809084	0.000969569973312659	22.6056433518163	1
8.875	25.25	0.402060254742071	0.781086560834336	0.00243979082913017	22.5138725350639	1
9.125	25.25	0.53759015812384	0.778741915863128	0.00363286124137639	22.3979927592344	1
9.375	25.25	0.668049684493319	0.777734615551543	0.00457256232609709	22.2596104541755	1
9.625	25.25	0.777147302190077	0.778481336247227	0.00529695386183311	22.1024662344025	1
9.875	25.25	0.858317339310907	0.780449255089152	0.00583728786367171	21.931164319374	1
10.125	25.25	0.913611250879371	0.782862677971704	0.00621162556174484	21.7499902612815	1
10.375	25.25	0.948967573868398	0.785213876680415	0.00643123394329915	21.5623081865258	1
10.625	25.25	0.970573173593303	0.787301374383151	0.00650862847537287	21.370484318833	1
10.875	25.25	0.983337835905393	0.789094245597198	0.00646103437395873	21.1760692786965	1
11.125	25.25	0.990680996842916	0.790623628239143	0.00630964677595481	20.9800343926306	1
11.375	25.25	0.994813549482507	0.791931860879913	0.00607717989620721	20.7829714828107	1
11.625	25.25	0.997098268328822	0.793055977453401	0.00578551100879188	20.5852359814113	1
11.875	25.25	0.998346150354899	0.794025110654433	0.00545412358911283	20.387040970087	1
12.125	25.25	0.999025680237698	0.794861920045113	0.00509938137879196	20.188515826945	1
12.375	25.25	0.999399953921138	0.795584486100744	0.0047344108905425	19.9897414972247	1
12.625	25.25	0.99961257210408	0.796207749788271	0.00436934239404473	19.7907711011494	1
12.875	25.25	0.999739683957319	0.796744441413767	0.00401171642263209	19.5916416730792	1
13.125	25.25	0.999820590237656	0.797205641131076	0.00366693279998862	19.3923806991854	1
13.375	25.25	0.999875183732098	0.797601111284305	0.00333867543227197	19.1930096950964	1
13.625	25.25	0.999913539785461	0.79793949838623	0.00302928353870712	18.9935461521348	1
13.875	25.25	0.999940970418364	0.798228464840637	0.00274006166888884	18.7940046149972	1
14.125	25.25	0.99996055289027	0.798474784909086	0.00247153171878101	18.5943973131563	1
14.375	25.25	0.999974316016638	0.798684423641724	0.00222363450236395	18.3947345696459	1
14.625	25.25	0.999983754858365	0.798862608252007	0.00199588933938408	18.195025099369	1
14.875	25.25	0.999990035978065	0.799013896151219	0.0017875194483777	17.9952762493774	1
15.125	25.25	0.999994076633934	0.799142241002852	0.00159754975364184	17.79549420362	1
15.375	25.25	0.9999965824662	0.799251056722938	0.00142488250422181	17.5956841609322	1
15.625	25.25	0.999998077079024	0.799343278739452	0.00126835506112283	17.3958504896251	1
15.875	25.25	0.999998932882201	0.799421421710274	0.00112678337696969	17.1959968604631	1
16.125	25.25	0.999999402982651	0.799487633003844	0.000998994033057937	16.9961263597455	1
16.375	25.25	0.999999651372794	0.799543741480728	0.000883847184967011	16.7962415845208	1
16.625	25.25	0.999999779038215	0.799591301361226	0.000780252350192068	16.5963447221907	1
16.875	25.25	0.99999984480121	0.799631631179836	0.000687178626367959	16.3964376168015	1
17.125	25.25	0.999999880824808	0.799665848017683	0.000603660641029832	16.1965218241832	1
17.375	25.25	0.999999903412818	0.799694897311963	0.000528801287437868	15.9965986578504	1
17.625	25.25	0.999999920068846	0.799719578625378	0.000461772092177383	15.7966692273002	1
17.875	25.25	0.999999933813341	0.799740567793981	0.000401811886299708	15.5967344700498	1
18.125	25.25	0.999999945636457	0.799758435864185	0.000348224302784094	15.3967951785171	1
18.375	25.25	0.999999955769689	0.799773665235224	0.000300374503931188	15.1968520226254	1
18.625	25.25	0.999999964267272	0.799786663374339	0.000257685445494482	14.9969055688489	1
18.875	25.25	0.999999971218462	0.799797774443324	0.000219633903071578	14.7969562962789	1
19.125	25.25	0.999999976786813	0.799807289143242	0.000185746428597047	14.5970046101889	1
19.375	25.25	0.999999981185082	0.799815453036988	0.000155595354863591	14.3970508534892	1
19.625	25.25	0.999999984637696	0.79982247357856	0.00012879492839919	14.1970953164031	1
19.875	25.25	0.999999987351774	0.799828526050301	0.000104997625602047	13.9971382446388	1
20.125	25.25	0.999999989501881	0.799833758572051	8.38906846126894e-05	13.7971798462913	1
20.375	25.25	0.999999991225818	0.799838296325474	6.5192870061582e-05	13.5972202976706	1
20.625	25.25	0.999999992627207	0.799842245120364	4.86514778770226e-05	13.3972597482251	1
20.875	25.25	0.999999993781498	0.799845694402564	3.4039578697764e-05	13.1972983246987	1
21.125	25.25	0.999999994742843	0.799848719790385	2.11534924831136e-05	12.9973361346434	1
21.375	25.25	0.999999995549944	0.799851385216524	9.81048491511113e-06	12.7973732693871	1
21.625	25.25	0.999999996231181	0.799853744735249	-1.53327414364501e-07	12.5974098065413	1
21.875	25.25	0.999999996808037	0.79985584404731	-8.88487702957391e-06	12.3974458121218	1
22.125	25.25	0.999999997297265	0.799857721788283	-1.65158645629372e-05	12.1974813423414	1
22.375	25.25	0.999999997712283	0.799859410618348	-2.31643113113951e-05	11.9975164451268	1
22.625	25.25	0.999999998064273	0.799860938141726	-2.89359592551451e-05	11.7975511614008	1
22.875	25.25	0.999999998362686	0.799862327684279	-3.39255316640349e-05	11.5975855261679	1
23.125	25.25	0.999999998615574	0.799863598951644	-3.82178676854057e-05	11.3976195694328	1
23.375	25.25	0.999999998829864	0.799864768585394	-4.18889418580833e-05	11.1976533169772	1
23.625	25.25	0.999999999011368	0.799865850634095	-4.50067796819755e-05	10.9976867910178	1
23.875	25.25	0.999999999165007	0.799866856953094	-4.76322797435042e-05	10.7977200107629	1
24.125	25.25	0.999999999294996	0.799867797541744	-4.98199511103217e-05	10.5977529928824	1
24.375	25.25	0.999999999404996	0.799868680829555	-5.16185750708831e-05	10.3977857519066	1
24.625	25.25	0.999999999498204	0.799869513918841	-5.30717982247927e-05	10.1978183005627	1
24.875	25.25	0.999999999577199	0.799870302789652	-5.42186640055507e-05	9.99785065005899	1
25.125	25.25	0.99999999964417	0.799871052474534	-5.50940897226585e-05	9.79788281032581	1
25.375	25.25	0.999999999700967	0.799871767205972	-5.57292934261132e-05	9.59791479021811	1
25.625	25.25	0.999999999749037	0.799872450541799	-5.61521769902691e-05	9.39794659768691	1
25.875	25.25	0.999999999789644	0.799873105470698	-5.63876697262417e-05	9.19797823992338	1
26.125	25.25	0.999999999823742	0.799873734501553	-5.64580354226201e-05	8.9980097234807	1
26.375	25.25	0.999999999852267	0.799874339741317	-5.63831482873529e-05	8.79804105437633	1
26.625	25.25	0.999999999876153	0.799874922958978	-5.61807401696616e-05	8.59807223817745	1
26.875	25.25	0.999999999896376	0.799875485638781	-5.5866622217595e-05	8.3981032800733	1
27.125	25.25	0.999999999914001	0.799876029027632	-5.54548836594544e-05	8.19813418493548	1
27.375	25.25	0.999999999930312	0.799876554175047	-5.49580696476909e-05	7.99816495736825	1
27.625	25.25	0.999999999946614	0.799877061965184	-5.43873414700439e-05	7.79819560175014	1
27.875	25.25	0.999999999963204	0.79987755314359	-5.37526195761994e-05	7.59822612226931	1
28.125	25.25	0.999999999978603	0.799878028343023	-5.30627127206743e-05	7.3982565229529	1
28.375	25.25	0.999999999988174	0.799878488103074	-5.23254325809803e-05	7.19828680769076	1
28.625	25.25	0.99999999998385	0.799878932886464	-5.15476980367753e-05	6.99831698025608	1
28.875	25.25	0.999999999956035	0.799879363094102	-5.07356278527449e-05	6.79834704432153	1
29.125	25.25	0.999999999899973	0.799879779076963	-4.98946239904776e-05	6.59837700347203	1
29.375	25.25	0.999999999825964	0.799880181145642	-4.90294467618101e-05	6.39840686121303	1
29.625	25.25	0.999999999772957	0.799880569576625	-4.81442822213969e-05	6.19843662097496	1
29.875	25.25	0.999999999817081	0.799880944617499	-4.72428026122115e-05	5.99846628611364	1
30.125	25.25	1.00000000006213	0.799881306489031	-4.63282209001519e-05	5.79849585990974	1
30.375	25.25	1.0000000005934	0.799881655388582	-4.54033398027677e-05	5.59852534557238	1
30.625	25.25	1.00000000138296	0.799881991495348	-4.44705945087425e-05	5.39855474625548	1
30.875	25.25	1.00000000215475	0.799882314983777	-4.35320915730809e-05	5.19858406509529	1
31.125	25.25	1.00000000226643	0.799882626050863	-4.25896426329664e-05	4.99861330527067	1
31.375	25.25	1.00000000072804	0.799882924952696	-4.16447936606358e-05	4.79864247006951	1
31.625	25.25	0.999999996529118	0.799883212033844	-4.06988529249189e-05	4.59867156291843	1
31.875	25.25	0.999999989429632	0.799883487723685	-3.97529198290011e-05	4.39870058730129	1
32.125	25.25	0.999999981199281	0.799883752455841	-3.88079156723404e-05	4.19872954647948	1
32.375	25.25	0.999999976897793	0.799884006471555	-3.78646202551732e-05	3.99875844297206	1
32.625	25.25	0.999999985197979	0.799884249513709	-3.69237100651053e-05	3.79878727789247	1
32.875	25.25	1.00000001618118	0.799884480515925	-3.59857873171051e-05	3.59881605049024	1
33.125	25.25	1.00000007499284	0.799884697543294	-3.50513821968321e-05	3.39884475855424	1
33.375	25.25	1.00000015099648	0.799884898380271	-3.41209009569337e-05	3.19887340051574	1
33.625	25.25	1.00000020533443	0.799885082163829	-3.31945039718552e-05	2.99890197982538	1
33.875	25.25	1.00000016511724	0.799885252126602	-3.22719329177249e-05	2.7989305110664	1
34.125	25.25	0.999999938140158	0.799885418658405	-3.13523695910559e-05	2.59895902508293	1
34.375	25.25	0.999999463757595	0.799885600536883	-3.04344999849289e-05	2.398987567509	1
34.625	25.25	0.999998806410452	0.799885820754868	-2.95170213386345e-05	2.19901618294533	1
34.875	25.25	0.999998271045678	0.799886093018607	-2.85997816231205e-05	1.99904487851073	1
35.125	25.25	0.999998472466677	0.799886397524352	-2.76854664309649e-05	1.7990735693274	1
35.375	25.25	1.00000023619369	0.799886651844072	-2.67811665056758e-05	1.59910202733299	1
35.625	25.25	1.00000418322397	0.799886695034725	-2.58983337110137e-05	1.3991298814361	1
35.875	25.25	1.00000991736901	0.799886316943246	-2.50489355046399e-05	1.19915673948188	1
36.125	25.25	1.00001496179991	0.799885370331812	-2.42358407804759e-05	0.999182495776621	1
36.375	25.25	1.00001401008088	0.799883984733345	-2.34376551582411e-05	0.799207817296319	1
36.625	25.25	0.999999571950467	0.799882839869738	-2.25932981297212e-05	0.599234638953399	1
36.875	25.25	0.999965396904358	0.799883339346209	-2.1599199305861e-05	0.399266255027827	1
37.125	25.25	0.999913592877259	0.799901270166359	-2.0338975391389e-05	0.199306370603189	1
37.375	25.25	0.999864450675462	0.399908921072055	-1.89843689810571e-05	-0.00065042474180404	1
0.125	25.75	0.000486633718265347	0.799778071853238	0.00343634956536157	22.8278723001701	1
0.375	25.75	0.000487030358213877	0.799969577422908	0.00350329637485199	22.8277806849612	1
0.625	25.75	0.000487762868991037	0.800021570898142	0.0035315273459897	22.8276789602372	1
0.875	25.75	0.000488523818288643	0.80012769994035	0.00336823687905489	22.8275555813035	1
1.125	25.75	0.000488587221609223	0.800290728206299	0.00286663531250735	22.8273959132841	1
1.375	25.75	0.000486695578036887	0.800487575760141	0.00189433936737749	22.8271878591729	1
1.625	25.75	0.000481079982311075	0.800666487741278	0.00043360336087134	22.8269290515022	1
1.875	25.75	0.000469697085194663	0.800756918916708	-0.00127640730471514	22.8266335351809	1
2.125	25.75	0.000450747036544185	0.800702842362451	-0.00264276213420609	22.8263343773913	1
2.375	25.75	0.000423483824419486	0.800519123776057	-0.0029371224446104	22.8260752231185	1
2.625	25.75	0.000389255250533553	0.800322559246066	-0.00201934861654825	22.8258846085723	1
2.875	25.75	0.000352644871531123	0.80026788629003	-0.000743032144486455	22.8257466467549	1
3.125	25.75	0.000322563253660716	0.800422986131986	-3.0194369123771e-05	22.8256048930729	1
3.375	25.75	0.000313145254912838	0.800719392501274	-6.01267429446792e-05	22.8254011713553	1
3.625	25.75	0.000344313007456895	0.80102176044251	-0.000644003748556171	22.8251052346873	1
3.875	25.75	0.000441836315082238	0.801216650782401	-0.00158767467686937	22.824716598729	1
4.125	25.75	0.000636677034691833	0.801249836285391	-0.00272139670817473	22.8242492544251	1
4.375	25.75	0.000963379413427226	0.801111668350809	-0.00390759064631267	22.8237150245446	1
4.625	25.75	0.0014573453683165	0.800803677147343	-0.00505914015172671	22.8231162827589	1
4.875	25.75	0.00215114423792498	0.80031973902401	-0.00612899994221607	22.8224469197779	1
5.125	25.75	0.00307061717249218	0.799646600449728	-0.00708604117847072	22.8216950505863	1
5.375	25.75	0.00423233336372216	0.798772203715684	-0.00789852860402034	22.8208431890033	1
5.625	25.75	0.00564479390616773	0.79769391542699	-0.00852902996397377	22.8198640282402	1
5.875	25.75	0.00731673858804214	0.796425176574136	-0.00893662398222583	22.8187099678415	1
6.125	25.75	0.00927731534075075	0.795001009757467	-0.0090824333499157	22.8172933180528	1
6.375	25.75	0.0116151852314241	0.793482232075682	-0.0089363884852092	22.8154527075367	1
6.625	25.75	0.0145474386776211	0.791957254663985	-0.00848416124809103	22.8128998977499	1
6.875	25.75	0.0185350361846838	0.790539348500333	-0.00773322429853723	22.8091402758709	1
7.125	25.75	0.0244688927709468	0.789355865885593	-0.00671660655546391	22.8033607715947	1
7.375	25.75	0.0339549623289178	0.788523851319829	-0.00549272862851402	22.7942832342675	1
7.625	25.75	0.049710499001257	0.788104423936689	-0.00414017382156323	22.7799940549858	1
7.875	25.75	0.0760020023701188	0.788030490980534	-0.00274762840726243	22.7577889961832	1
8.125	25.75	0.118825255915895	0.788022529204139	-0.00140120952491397	22.7241214001427	1
8.375	25.75	0.185097185893435	0.787570626070613	-0.000172781817366099	22.6748021327694	1
8.625	25.75	0.279807560157841	0.786153238583665	0.000887981621079915	22.6056152225881	1
8.875	25.75	0.401082698059583	0.783773852073197	0.00175786505257674	22.5133678599918	1
9.125	25.75	0.536606622740167	0.781340461519946	0.00244144206463539	22.3970212930775	1
9.375	25.75	0.667135663459057	0.780089189003169	0.00296628045098698	22.2582106771659	1
9.625	25.75	0.776345694870418	0.780489719191402	0.00336905796463132	22.1006981503054	1
9.875	25.75	0.857638510608836	0.782063573150327	0.00367976298697546	21.9291008380255	1
10.125	25.75	0.913047245557468	0.784078677548084	0.00391491793329828	21.7477087101934	1
10.375	25.75	0.948504558859383	0.786056998186952	0.00408072851553349	21.5598833349251	1
10.625	25.75	0.970197322242082	0.78781428742572	0.00417942910267613	21.3679836483181	1
10.875	25.75	0.983036833819796	0.789327335228241	0.00421378700546264	21.1735504674419	1
11.125	25.75	0.990443884873123	0.790628474558782	0.00418881731843292	20.9775445273317	1
11.375	25.75	0.994630321087037	0.791757195065846	0.00411168254424287	20.7805474101007	1
11.625	25.75	0.996959667215396	0.792745470119419	0.00399086371905714	20.5829052982307	1
11.875	25.75	0.998243682681788	0.793616415574622	0.00383525640707487	20.3848232948413	1
12.125	25.75	0.998951733189205	0.794386522923262	0.00365346373216043	20.1864241243692	1
12.375	25.75	0.999347917991454	0.795068032375041	0.00345334275885203	19.9877833289804	1
12.625	25.75	0.999576906808058	0.79567062725034	0.00324176817354152	19.7889497409339	1
12.875	25.75	0.999715907817964	0.796202470301522	0.00302455221425979	19.589957065899	1
13.125	25.75	0.99980520340716	0.796670779722628	0.00280646428315017	19.3908302670647	1
13.375	25.75	0.999865544719588	0.797082123447543	0.00259130741648023	19.1915890023798	1
13.625	25.75	0.999907720185098	0.79744255524041	0.00238202264710408	18.992249447557	1
13.875	25.75	0.999937607779251	0.797757669192082	0.00218080315763905	18.7928252680821	1
14.125	25.75	0.999958715666308	0.798032617190773	0.00198920760946784	18.5933281612402	1
14.375	25.75	0.999973388299541	0.798272113813949	0.00180826679398608	18.3937681899867	1
14.625	25.75	0.999983343569633	0.79848044101341	0.0016385806355764	18.1941540189158	1
14.875	25.75	0.999989899759196	0.798661457933686	0.00148040426267558	17.994493103049	1
15.125	25.75	0.999994073716577	0.798818617296054	0.0013337228674459	17.7947918504159	1
15.375	25.75	0.999996633991964	0.798954987756138	0.00119831566126388	17.5950557658635	1
15.625	25.75	0.999998142290491	0.799073280749912	0.00107380960115869	17.3952895782793	1
15.875	25.75	0.999998992996532	0.799175880114122	0.000959723777752609	17.1954973519685	1
16.125	25.75	0.999999451136666	0.799264872873935	0.000855505470519157	16.9956825829757	1
16.375	25.75	0.999999686635638	0.79934207988279	0.000760558923966465	16.7958482815497	1
16.625	25.75	0.999999803035134	0.799409085328198	0.000674267880641817	16.5959970422858	1
16.875	25.75	0.999999859938601	0.799467264431005	0.00059601285728985	16.3961311036104	1
17.125	25.75	0.999999889449387	0.79951780894904	0.000525184066470756	16.1962523982278	1
17.375	25.75	0.999999907483292	0.799561750293718	0.000461190788266032	15.9963625959872	1
17.625	25.75	0.999999921086269	0.799599980235266	0.000403467894311614	15.7964631404259	1
17.875	25.75	0.999999932866095	0.799633269277736	0.000351480120179129	15.5965552800214	1
18.125	25.75	0.999999943483139	0.799662282839275	0.000304724587440921	15.3966400950048	1
18.375	25.75	0.999999952923401	0.799687595428988	0.000262731988080493	15.1967185204175	1
18.625	25.75	0.999999961067005	0.799709703007197	0.000225066764321818	14.9967913659717	1
18.875	25.75	0.999999967883763	0.799729033725867	0.000191326553639387	14.796859333174	1
19.125	25.75	0.999999973457221	0.799745957242301	0.000161141111318175	14.5969230300961	1
19.375	25.75	0.999999977947418	0.79976079277494	0.000134170875861514	14.3969829841157	1
19.625	25.75	0.99999998154414	0.799773816060215	0.000110105306522572	14.1970396529062	1
19.875	25.75	0.999999984431953	0.799785265356831	8.86610906984558e-05	13.9970934339137	1
20.125	25.75	0.999999986770833	0.799795346619627	6.95802940390949e-05	13.7971446725277	1
20.375	25.75	0.999999988689007	0.799804237955418	5.26285086181859e-05	13.5971936691263	1
20.625	25.75	0.99999999028372	0.799812093462298	3.75930383042316e-05	13.3972406851501	1
20.875	25.75	0.999999991626191	0.799819046532627	2.42811477734109e-05	13.1972859483395	1
21.125	25.75	0.9999999927678	0.799825212694975	1.25183943476689e-05	12.9973296572527	1
21.375	25.75	0.999999993745667	0.799830692061741	2.14705416932412e-06	12.7973719851639	1
21.625	25.75	0.999999994587333	0.799835571434908	-6.9753514164717e-06	12.5974130834277	1
21.875	25.75	0.999999995313787	0.799839926118737	-1.49774273687898e-05	12.3974530843854	1
22.125	25.75	0.99999999594158	0.799843821481168	-2.19751735801376e-05	12.1974921038762	1
22.375	25.75	0.999999996484295	0.799847314299209	-2.80731542978504e-05	11.9975302434073	1
22.625	25.75	0.999999996953516	0.799850453917459	-3.33655718761969e-05	11.7975675920321	1
22.875	25.75	0.999999997359197	0.799853283247113	-3.79372495001579e-05	11.5976042279747	1
23.125	25.75	0.999999997709875	0.79985583962788	-4.18645285706999e-05	11.3976402200371	1
23.375	25.75	0.999999998013065	0.799858155571596	-4.52160862539097e-05	11.1976756288188	1
23.625	25.75	0.999999998275229	0.7998602594039	-4.8053678339499e-05	10.9977105077732	1
23.875	25.75	0.999999998501952	0.799862175819685	-5.04328144993229e-05	10.7977449041247	1
24.125	25.75	0.999999998698072	0.799863926362209	-5.24033700313169e-05	10.597778859664	1
24.375	25.75	0.99999999886781	0.7998655298377	-5.40101400005974e-05	10.3978124114392	1
24.625	25.75	0.999999999014911	0.799867002674632	-5.5293340605919e-05	10.1978455923557	1
24.875	25.75	0.999999999142519	0.799868359233386	-5.62890621272396e-05	9.99787843169816	1
25.125	25.75	0.999999999253276	0.799869612075934	-5.70296786313078e-05	9.79791095558427	1
25.375	25.75	0.999999999349556	0.799870772199278	-5.75442174760518e-05	9.59794318735951	1
25.625	25.75	0.99999999943322	0.799871849237403	-5.78586927566917e-05	9.39797514794115	1
25.875	25.75	0.999999999505821	0.799872851637019	-5.79964065954502e-05	9.19800685611759	1
26.125	25.75	0.999999999568654	0.799873786809573	-5.79782199797048e-05	8.99803832880945	1
26.375	25.75	0.999999999623007	0.799874661264441	-5.78227972564426e-05	8.79806958129727	1
26.625	25.75	0.999999999670121	0.799875480723824	-5.7546827127918e-05	8.59810062741969	1
26.875	25.75	0.999999999711185	0.799876250222005	-5.71652208730216e-05	8.39813147974696	1
27.125	25.75	0.999999999747586	0.799876974193498	-5.66912913449543e-05	8.19816214973224	1
27.375	25.75	0.999999999780742	0.799877656549136	-5.61369138963674e-05	7.99819264784353	1
27.625	25.75	0.999999999812121	0.799878300741535	-5.55126723528289e-05	7.79822298367904	1
27.875	25.75	0.999999999842182	0.799878909821661	-5.48279888027771e-05	7.59825316606827	1
28.125	25.75	0.999999999869717	0.799879486490961	-5.40912418625087e-05	7.39828320316098	1
28.375	25.75	0.99999999989024	0.799880033145084	-5.33098725854332e-05	7.19831310250401	1
28.625	25.75	0.999999999895895	0.79988055191121	-5.24904802149345e-05	6.99834287111015	1
28.875	25.75	0.999999999877347	0.799881044683189	-5.16389080267996e-05	6.79837251551725	1
29.125	25.75	0.999999999830049	0.799881513150307	-5.07603205503635e-05	6.5984020418397	1
29.375	25.75	0.999999999764216	0.799881958822449	-4.98592737661344e-05	6.3984314558117	1
29.625	25.75	0.999999999718277	0.799882383050642	-4.89397777645172e-05	6.19846076282306	1
29.875	25.75	0.999999999767455	0.799882787044683	-4.80053535696269e-05	5.99848996794782	1
30.125	25.75	1.00000000001414	0.799883171886304	-4.70590840957197e-05	5.79851907596912	1
30.375	25.75	1.00000000054251	0.799883538543188	-4.61036604108327e-05	5.59854809140584	1
30.625	25.75	1.00000000132528	0.799883887883434	-4.51414222510825e-05	5.39857701854888	1
30.875	25.75	1.00000000209069	0.799884220696497	-4.41743942439211e-05	5.19860586151686	1
31.125	25.75	1.00000000220589	0.799884537728209	-4.32043177528632e-05	4.99863462433207	1
31.375	25.75	1.00000000069531	0.799884839723219	-4.22326789630128e-05	4.79866331100075	1
31.625	25.75	0.99999999656257	0.799885127459201	-4.12607352179925e-05	4.59869192555594	1
31.875	25.75	0.999999989569344	0.799885401749575	-4.02895424876641e-05	4.39872047198953	1
32.125	25.75	0.999999981456427	0.799885663369131	-3.93199853944091e-05	4.19874895398741	1
32.375	25.75	0.999999977205674	0.799885912863905	-3.83528127910001e-05	3.99877737442718	1
32.625	25.75	0.999999985360062	0.799886150254509	-3.73886755472829e-05	3.79880573473325	1
32.875	25.75	1.00000001585497	0.799886374732854	-3.64281549794111e-05	3.5988340344325	1
33.125	25.75	1.00000007377178	0.799886584606243	-3.54717639990049e-05	3.39886227155767	1
33.375	25.75	1.00000014865717	0.799886777880045	-3.45198944182703e-05	3.19889044472394	1
33.625	25.75	1.00000020226946	0.799886953867644	-3.35726929439874e-05	2.99891855744457	1
33.875	25.75	1.00000016284578	0.799887115893375	-3.26298857776455e-05	2.79894662415771	1
34.125	25.75	0.999999939575219	0.799887274310762	-3.16906362430103e-05	2.59897467528535	1
34.375	25.75	0.999999472672025	0.799887447717539	-3.07536089785946e-05	2.39900275579625	1
34.625	25.75	0.999998825450018	0.799887658850292	-2.98174822752407e-05	2.19903090963849	1
34.875	25.75	0.999998297970644	0.799887921294983	-2.88821003180266e-05	1.99905914386256	1
35.125	25.75	0.999998495367474	0.799888215639255	-2.79501784051575e-05	1.79908737494952	1
35.375	25.75	1.00000023033041	0.799888460807017	-2.70288876617155e-05	1.59911537840191	1
35.625	25.75	1.0000041144254	0.799888498410905	-2.61298087403427e-05	1.3991427888658	1
35.875	25.75	1.0000097581645	0.799888121595417	-2.52650408574501e-05	1.19916922015761	1
36.125	25.75	1.0000147241302	0.799887185413077	-2.44374739841044e-05	0.999194567961357	1
36.375	25.75	1.0000137895694	0.799885817347717	-2.36254428094644e-05	0.79921948844034	1
36.625	25.75	0.999999581814562	0.799884686471283	-2.27671171058261e-05	0.599245885798721	1
36.875	25.75	0.999965947961455	0.799885174415339	-2.17576570757396e-05	0.399277002357019	1
37.125	25.75	0.999914961767397	0.799902820227158	-2.04792392846758e-05	0.199316484943776	1
37.375	25.75	0.999866593962221	0.399910342574568	-1.91059018546173e-05	-0.000640991671689698	1
0.125	26.25	0.000490308093811585	0.799825359673652	0.00369553944634165	22.8281250826147	1
0.375	26.25	0.000490706167541135	0.800087646417788	0.00360059167605035	22.8280073076275	1
0.625	26.25	0.000491438064892684	0.800181911162034	0.00362636473140029	22.8278696870592	1
0.875	26.25	0.000492188536778532	0.800327995773727	0.0035406694866372	22.8276985786947	1
1.125	26.25	0.000492218322704735	0.800510124551723	0.00326395281929572	22.8274828193436	1
1.375	26.25	0.000490251202630649	0.800694191030277	0.00277372199129988	22.8272176432791	1
1.625	26.25	0.000484496155515733	0.800827038525176	0.00215948297879782	22.8269100788115	1
1.875	26.25	0.00047288924167768	0.800854926697757	0.00166037894036214	22.8265830279445	1
2.125	26.25	0.000453620406551585	0.800768042302525	0.00157175712942649	22.8262712418629	1
2.375	26.25	0.000425957798192676	0.800642027808314	0.00194093465685505	22.8260027190326	1
2.625	26.25	0.000391306991521701	0.800605759447988	0.00232479996158934	22.8257731387879	1
2.875	26.25	0.000354373774678816	0.800723251626515	0.00214120845599107	22.8255435118231	1
3.125	26.25	0.000324267999261493	0.800930320206913	0.00128044952188406	22.8252742755862	1
3.375	26.25	0.000315394001484376	0.80111635735578	0.000103393236183566	22.8249529931335	1
3.625	26.25	0.000347986090486288	0.801217133786533	-0.00100461206890268	22.8245865645121	1
3.875	26.25	0.000448132307034733	0.801213712484507	-0.00191463951364041	22.8241833852624	1
4.125	26.25	0.000647091515192004	0.801094269052255	-0.00270367957981665	22.8237462614686	1
4.375	26.25	0.00097968903966389	0.800838631376316	-0.00346046655157248	22.8232737357053	1
4.625	26.25	0.00148164214925087	0.80042452766817	-0.00419371413022373	22.8227616482049	1
4.875	26.25	0.00218593252012876	0.799835033070273	-0.00486266539110086	22.8222022989983	1
5.125	26.25	0.00311892033091744	0.799060278337696	-0.00542217110271844	22.8215826206266	1
5.375	26.25	0.00429774242631747	0.798097804142628	-0.00583788432015754	22.8208817692239	1
5.625	26.25	0.00573146087119912	0.796955024141441	-0.00608530494303557	22.8200663551223	1
5.875	26.25	0.00742939452405982	0.795653454015578	-0.00614789075812655	22.8190803373438	1
6.125	26.25	0.00942141430321662	0.794233137394255	-0.00601778656880059	22.8178258984486	1
6.375	26.25	0.0117972666165381	0.792756012387472	-0.00569784768653126	22.816130671677	1
6.625	26.25	0.0147758126188705	0.791307069044643	-0.00520332224409322	22.8136954694297	1
6.875	26.25	0.0188209404230692	0.789991527845477	-0.00456209087086219	22.8100156694151	1
7.125	26.25	0.0248283044441806	0.788924855846001	-0.00381281015419745	22.8042698306676	1
7.375	26.25	0.0344111531185199	0.788210174269855	-0.00300082675631731	22.7951734320991	1
7.625	26.25	0.0502969097517452	0.787895242780833	-0.00217247984999449	22.780808541468	1
7.875	26.25	0.0767635303082731	0.787903073735959	-0.00136929549237922	22.7584687095801	1
8.125	26.25	0.11981302162995	0.787950332936606	-0.000624167464887037	22.7246079171252	1
8.375	26.25	0.186348461610457	0.787531366757848	3.88907774139085e-05	22.6750425429602	1
8.625	26.25	0.281306186303589	0.786137547769007	0.000602255187860692	22.605569904749	1
8.875	26.25	0.402719346807502	0.78378975655419	0.00105374100441886	22.5130195457694	1
9.125	26.25	0.538191303769426	0.781405530637477	0.00139119065821588	22.3963802877822	1
9.375	26.25	0.668485531076422	0.780212016835696	0.00162868188868228	22.2573111943281	1
9.625	26.25	0.777372054537967	0.780659269358009	0.00179446111655415	22.0995870144376	1
9.875	26.25	0.858353638640473	0.782255101551231	0.0019193248479006	21.9278258047813	1
10.125	26.25	0.913515814897762	0.784264399578531	0.0020253053740084	21.7463120440622	1
10.375	26.25	0.948798834578279	0.78621249795583	0.00212200043070439	21.5584006137487	1
10.625	26.25	0.970376508270061	0.787921126269398	0.00220936635203051	21.3664449696954	1
10.875	26.25	0.983143235062067	0.789373850003669	0.00228256146312612	21.1719818772882	1
11.125	26.25	0.990505695013192	0.790609540571604	0.00233591629136619	20.9759688938546	1
11.375	26.25	0.994665595704278	0.791673273716849	0.00236519241465928	20.7789847685094	1
11.625	26.25	0.996979641066992	0.792601268632054	0.00236839797519807	20.5813729119237	1
11.875	26.25	0.998255148447013	0.793419470365692	0.00234571771787852	20.383335640861	1
12.125	26.25	0.9989586549005	0.794145924011773	0.00229903468036419	20.1849929179048	1
12.375	26.25	0.999352502746785	0.794793397705553	0.00223134883675231	19.9864176280968	1
12.625	26.25	0.999580307567431	0.795371353101406	0.00214625006438317	19.7876561304953	1
12.875	26.25	0.999718675791856	0.795887234896706	0.00204750585338682	19.5887399011687	1
13.125	26.25	0.999807570312716	0.796347254940625	0.00193877120576554	19.3896919528453	1
13.375	26.25	0.999867590626385	0.796756844425852	0.00182340444634355	19.1905302856442	1
13.625	26.25	0.999909466475498	0.797120901706811	0.00170436541188354	18.9912697061292	1
13.875	26.25	0.999939063265475	0.797443920248955	0.001584173188836	18.7919227829212	1
14.125	26.25	0.999959895291615	0.797730049953918	0.00146490431513316	18.5925003643459	1
14.375	26.25	0.999974317297845	0.797983124255112	0.001348216713668	18.3930118835661	1
14.625	26.25	0.999984055091661	0.798206671960762	0.00123538854606583	18.1934655642118	1
14.875	26.25	0.999990430528223	0.798403924352465	0.00112736434822883	17.9938685792178	1
15.125	26.25	0.999994459991595	0.79857782282674	0.00102480325574287	17.7942271851756	1
15.375	26.25	0.99999690871848	0.798731029250137	0.00092812593182803	17.594546840465	1
15.625	26.25	0.999998333553672	0.798865939454202	0.000837558140445911	17.394832309772	1
15.875	26.25	0.999999123540549	0.798984699407906	0.000753169841259666	17.1950877558709	1
16.125	26.25	0.999999538608296	0.79908922324623	0.000674909338349926	16.9953168193899	1
16.375	26.25	0.999999744233401	0.799181212278702	0.000602632456567101	16.795522687559	1
16.625	26.25	0.9999998403196	0.799262174199927	0.000536126990160375	16.595708153196	1
16.875	26.25	0.999999883642783	0.799333441886732	0.000475132837688658	16.3958756652835	1
17.125	26.25	0.999999904199194	0.799396191345499	0.000419358311131867	16.1960273724368	1
17.375	26.25	0.99999991638965	0.799451458522263	0.000368493129567497	15.9961651604179	1
17.625	26.25	0.999999926204339	0.799500154818207	0.000322218597796842	15.7962906846696	1
17.875	26.25	0.999999935535124	0.799543081250282	0.000280215428147247	15.5964053986566	1
18.125	26.25	0.999999944568458	0.799580941256742	0.000242169620519644	15.3965105786483	1
18.375	26.25	0.99999995298294	0.799614352204641	0.000207776763586716	15.1966073454437	1
18.625	26.25	0.999999960462245	0.799643855669495	0.000176745063510905	14.9966966834463	1
18.875	26.25	0.999999966851662	0.79966992658175	0.000148797365522595	14.7967794574206	1
19.125	26.25	0.999999972156046	0.799692981337302	0.000123672384981914	14.5968564272128	1
19.375	26.25	0.999999976485293	0.799713384967227	0.000101125325971042	14.396928260676	1
19.625	26.25	0.999999979996624	0.79973145746296	8.09280354456069e-05	14.1969955450127	1
19.875	26.25	0.999999982852924	0.799747479346121	6.28688102529195e-05	13.9970587967205	1
20.125	26.25	0.999999985199025	0.799761696563943	4.67519501509638e-05	13.7971184703081	1
20.375	26.25	0.999999987152089	0.799774324787156	3.23971335703256e-05	13.5971749659297	1
20.625	26.25	0.999999988801192	0.799785553179856	1.96386740319313e-05	13.3972286360699	1
20.875	26.25	0.999999990211424	0.799795547701243	8.32470167665337e-06	13.1972797913949	1
21.125	26.25	0.999999991429384	0.799804453997227	-1.68369330850757e-06	12.9973287058753	1
21.375	26.25	0.999999992488567	0.799812399931795	-1.0513329658533e-05	12.7973756212686	1
21.625	26.25	0.999999993413677	0.799819497799221	-1.82797969805483e-05	12.5974207510452	1
21.875	26.25	0.999999994223488	0.799825846259299	-2.50882965109232e-05	12.3974642838243	1
22.125	26.25	0.999999994932987	0.799831532030052	-3.10344496527492e-05	12.1975063863841	1
22.375	26.25	0.999999995554758	0.799836631367163	-3.62050685295748e-05	11.9975472062988	1
22.625	26.25	0.999999996099559	0.79984121135708	-4.06788841772973e-05	11.7975868742488	1
22.875	26.25	0.999999996576732	0.79984533104754	-4.45272299316475e-05	11.5976255060464	1
23.125	26.25	0.999999996994436	0.799849042436077	-4.78146791066305e-05	11.3976632044122	1
23.375	26.25	0.999999997360115	0.799852391334986	-5.05996376248127e-05	11.1977000605334	1
23.625	26.25	0.999999997680329	0.799855418127235	-5.2934891808156e-05	10.9977361554315	1
23.875	26.25	0.99999999796073	0.799858158428504	-5.48681144881715e-05	10.7977715611634	1
24.125	26.25	0.999999998206251	0.799860643666812	-5.64423303795822e-05	10.5978063418757	1
24.375	26.25	0.99999999842132	0.799862901589323	-5.76963425388605e-05	10.3978405547323	1
24.625	26.25	0.999999998609937	0.799864956707323	-5.86651235600148e-05	10.1978742507292	1
24.875	26.25	0.999999998775518	0.799866830684531	-5.93801725750086e-05	9.99790747541106	1
25.125	26.25	0.999999998920897	0.799868542678821	-5.98698415924239e-05	9.79794026950277	1
25.375	26.25	0.999999999048703	0.799870109642077	-6.015963265098e-05	9.5979726694646	1
25.625	26.25	0.999999999161092	0.79987154658209	-6.02724683477846e-05	9.39800470798154	1
25.875	26.25	0.999999999259767	0.799872866793393	-6.02289380367542e-05	9.1980364143947	1
26.125	26.25	0.99999999934628	0.799874082059995	-6.00475215271224e-05	8.99806781508145	1
26.375	26.25	0.999999999422143	0.799875202833046	-5.97447916151763e-05	8.79809893379088	1
26.625	26.25	0.999999999488809	0.79987623838726	-5.93355990882544e-05	8.59812979193972	1
26.875	26.25	0.99999999954751	0.799877196958418	-5.8833239350982e-05	8.39816040887385	1
27.125	26.25	0.999999999599876	0.799878085864933	-5.82496040976899e-05	8.19819080209912	1
27.375	26.25	0.999999999647424	0.799878911614194	-5.75953181096496e-05	7.99822098748519	1
27.625	26.25	0.999999999691716	0.799879679996639	-5.68798643080724e-05	7.7982509794461	1
27.875	26.25	0.999999999733356	0.799880396168045	-5.61116952748732e-05	7.59828079109951	1
28.125	26.25	0.999999999771364	0.799881064722877	-5.52983352244971e-05	7.39831043440866	1
28.375	26.25	0.99999999980144	0.799881689759197	-5.44464725458431e-05	7.19833992030719	1
28.625	26.25	0.999999999815938	0.799882274934997	-5.35620426774462e-05	6.99836925881087	1
28.875	26.25	0.999999999805754	0.799882823520262	-5.26503033946747e-05	6.79839845911561	1
29.125	26.25	0.999999999766375	0.799883338440357	-5.1715902792093e-05	6.59842752968394	1
29.375	26.25	0.999999999707936	0.799883822314931	-5.07629412167925e-05	6.39845647832002	1
29.625	26.25	0.999999999668392	0.799884277491193	-4.97950264895975e-05	6.19848531223396	1
29.875	26.25	0.999999999721975	0.799884706072521	-4.88153246211788e-05	5.99851403809627	1
30.125	26.25	0.999999999969626	0.799885109941744	-4.78266051959774e-05	5.79854266208597	1
30.375	26.25	1.00000000049449	0.799885490784137	-4.68312823604271e-05	5.5985711899382	1
30.625	26.25	1.00000000126995	0.799885850110585	-4.58314514348015e-05	5.39859962699919	1
30.875	26.25	1.00000000202853	0.799886189285443	-4.48289211894167e-05	5.19862797829824	1
31.125	26.25	1.000000002147	0.799886509567733	-4.38252422096558e-05	4.99865624863835	1
31.375	26.25	1.00000000066433	0.799886812159348	-4.2821732258947e-05	4.79868444268926	1
31.625	26.25	0.999999996598286	0.799887098244059	-4.18194998630119e-05	4.5987125650424	1
31.875	26.25	0.999999989712083	0.799887368995411	-4.08194695158385e-05	4.39874062015565	1
32.125	26.25	0.99999998171732	0.799887625508361	-3.98224099093288e-05	4.19876861210273	1
32.375	26.25	0.999999977517353	0.799887868615445	-3.88289674943326e-05	3.9987965440877	1
32.625	26.25	0.999999985524064	0.799888098598947	-3.78397031446764e-05	3.79882441781822	1
32.875	26.25	1.00000001552542	0.799888314895475	-3.68551193825644e-05	3.59885223307451	1
33.125	26.25	1.00000007253841	0.799888516042673	-3.58756597325658e-05	3.39887998811235	1
33.375	26.25	1.00000014629508	0.799888700256271	-3.49016544694444e-05	3.19890768171258	1
33.625	26.25	1.00000019917643	0.799888867017081	-3.39331943926444e-05	2.99893531743429	1
33.875	26.25	1.0000001605577	0.799889019732467	-3.29699527715111e-05	2.79896290955403	1
34.125	26.25	0.999999941035879	0.799889168711038	-3.20110407283254e-05	2.5989904880546	1
34.375	26.25	0.999999481692598	0.799889332362023	-3.1055071439136e-05	2.39901809722171	1
34.625	26.25	0.99999884470005	0.799889533157282	-3.01006773967745e-05	2.19904578033512	1
34.875	26.25	0.999998325178642	0.799889784556042	-2.91476734808679e-05	1.999073544369	1
35.125	26.25	0.99999851848448	0.799890067536896	-2.81987793193136e-05	1.79910130717173	1
35.375	26.25	1.00000022433594	0.799890302387347	-2.72612193462012e-05	1.5991288478437	1
35.625	26.25	1.00000404476713	0.799890333301436	-2.63466742570765e-05	1.39915580682477	1
35.875	26.25	1.00000959707622	0.799889956755524	-2.54673483067064e-05	1.19918180396089	1
36.125	26.25	1.00001448372162	0.799889030117111	-2.46261359227819e-05	0.999206736320139	1
36.375	26.25	1.00001356661666	0.799887678798256	-2.38011089191001e-05	0.799231249122121	1
36.625	26.25	0.999999592081413	0.799886561101624	-2.29297334004848e-05	0.599257215505463	1
36.875	26.25	0.999966505992285	0.799887036436408	-2.19059871141625e-05	0.399287825227913	1
37.125	26.25	0.999916347563283	0.799904392727283	-2.06107068002232e-05	0.199326666177856	1
37.375	26.25	0.999868763632831	0.399911784881345	-1.92200338770977e-05	-0.000631500589385149	1
0.125	26.75	0.0004907339075683	0.79987054525819	0.00311200321606779	22.8282935983883	1
0.375	26.75	0.000491133141615549	0.800216294589995	0.00313265267028611	22.8281545355125	1
0.625	26.75	0.000491867341393967	0.800390947392338	0.00290045954469487	22.827974441543	1
0.875	26.75	0.000492620474991737	0.80060486270869	0.00247258122784639	22.8277421615551	1
1.125	26.75	0.000492651293741591	0.800835602805193	0.00175931395689829	22.8274506998291	1
1.375	26.75	0.000490680379020809	0.8010427126841	0.000704219335045738	22.8271009334974	1
1.625	26.75	0.000484913119523107	0.80116733801837	-0.000650373965075054	22.8267069091461	1
1.875	26.75	0.000473283553332896	0.801153308547791	-0.00211521204487824	22.8262995779798	1
2.125	26.75	0.000453984315537613	0.800996875131338	-0.00333892144417274	22.8259216151326	1
2.375	26.75	0.000426294896013277	0.800790768294765	-0.00389596093007149	22.82560644762	1
2.625	26.75	0.000391645091419605	0.800681852800859	-0.00356788062760606	22.8253507722128	1
2.875	26.75	0.000354782661910699	0.800740579781621	-0.00261986419331301	22.8251131876244	1
3.125	26.75	0.000324884684581007	0.800901440622947	-0.00160680185224474	22.8248503496508	1
3.375	26.75	0.00031646090338253	0.801049439295372	-0.000968028949677089	22.8245463615811	1
3.625	26.75	0.000349908934553936	0.801111931096026	-0.000889758820000674	22.8242066219269	1
3.875	26.75	0.00045156385109236	0.801061311489732	-0.00128808994326864	22.8238402826633	1
4.125	26.75	0.000653046295656595	0.800882491265465	-0.00190940251648976	22.8234523474335	1
4.375	26.75	0.000989693077428447	0.800559409281196	-0.00252839755244474	22.823043365488	1
4.625	26.75	0.00149791975728979	0.800078365245295	-0.00303762430196604	22.8226093810577	1
4.875	26.75	0.00221163655567785	0.799431292514671	-0.00340690585816319	22.822140435094	1
5.125	26.75	0.00315842801806511	0.798615057257707	-0.00362782837201919	22.8216190019744	1
5.375	26.75	0.00435705362114514	0.797630975650218	-0.00369385767914471	22.8210182218578	1
5.625	26.75	0.00581873205650249	0.796486709946661	-0.00360177490779447	22.8202978491212	1
5.875	26.75	0.00755562979557819	0.795199679295373	-0.00335646404710922	22.8193949501938	1
6.125	26.75	0.00960133848848222	0.79380074767926	-0.00297377509952409	22.8182056946417	1
6.375	26.75	0.0120504321482966	0.792337519983928	-0.00248151528033923	22.816553503733	1
6.625	26.75	0.0151280284301149	0.790876606572592	-0.00191870761969009	22.8141374726875	1
6.875	26.75	0.0193061306154471	0.789503414470159	-0.00133276093362346	22.8104539341479	1
7.125	26.75	0.0254908421506687	0.788316316537876	-0.000774375944782684	22.8046844924097	1
7.375	26.75	0.0353084055203429	0.787409336377343	-0.00029069600626677	22.7955483730126	1
7.625	26.75	0.0515007876022448	0.786834563170331	8.19317860328516e-05	22.7811302255064	1
7.875	26.75	0.078357555357267	0.786536907024722	0.000323600498455808	22.7587235213577	1
8.125	26.75	0.121877286470216	0.786273771409546	0.000433070599046262	22.7247796421982	1
8.375	26.75	0.18892135473671	0.785596068511001	0.000426053163743215	22.6751126560698	1
8.625	26.75	0.284320665963701	0.784058247695243	0.000330931228449179	22.6055226748667	1
8.875	26.75	0.405950721820978	0.781731133009364	0.000184123939607028	22.5128502899305	1
9.125	26.75	0.541297290962604	0.779540381384197	2.56677680764304e-05	22.3961002760398	1
9.375	26.75	0.671158347370427	0.778665773802054	-0.000106408503619676	22.2569432062262	1
9.625	26.75	0.779470756638529	0.779480994086282	-0.000182926699705427	22.0991540240244	1
9.875	26.75	0.859902378858269	0.781428879064852	-0.000188831399881191	21.9273420007838	1
10.125	26.75	0.914620470965295	0.783736465662269	-0.000124383991990218	21.745781628527	1
10.375	26.75	0.949575810918845	0.785913904189284	-2.1373930345689e-06	21.5578221358935	1
10.625	26.75	0.970921525417842	0.787782633984263	0.000158499653884652	21.3658164608286	1
10.875	26.75	0.983526237909767	0.789334648648905	0.000336742827244285	21.1713041055614	1
11.125	26.75	0.990775477697492	0.79062124666711	0.000514353934042528	20.9752464182075	1
11.375	26.75	0.994855835807239	0.791700593822937	0.000677591795187885	20.778225514193	1
11.625	26.75	0.997113714594024	0.792620684679186	0.000817583041282454	20.5805870765703	1
11.875	26.75	0.998349450088194	0.793417039433561	0.000929750652590309	20.3825344862466	1
12.125	26.75	0.999024785297788	0.794114910247133	0.00101284730596167	20.1841877345718	1
12.375	26.75	0.999398711721996	0.794732125648431	0.00106794582919622	19.9856189753059	1
12.625	26.75	0.999612469281973	0.795281444277457	0.00109756485311039	19.7868733520261	1
12.875	26.75	0.999740966612807	0.795772255667956	0.00110499093002448	19.5879808723762	1
13.125	26.75	0.999822950584432	0.796211736453131	0.00109379426212866	19.3889630017618	1
13.375	26.75	0.999878151245063	0.796605609382115	0.0010675072571699	19.1898362341728	1
13.625	26.75	0.999916678990428	0.7969586290034	0.00102942797400625	18.9906139868247	1
13.875	26.75	0.999943959874993	0.797274885477191	0.000982513398559936	18.7913075975028	1
14.125	26.75	0.99996319768915	0.797557990607679	0.000929334029640179	18.5919268597088	1
14.375	26.75	0.999976528379416	0.797811189724321	0.000872068242409632	18.3924803289051	1
14.625	26.75	0.999985523931463	0.798037428401954	0.000812520957006621	18.1929755188683	1
14.875	26.75	0.999991398281774	0.798239392787007	0.000752155902056293	17.9934190452568	1
15.125	26.75	0.999995092282901	0.798419535284738	0.000692134301486894	17.7938167417894	1
15.375	26.75	0.999997318482959	0.798580092672478	0.000633355335183986	17.59417375939	1
15.625	26.75	0.999998597145496	0.798723100659941	0.000576495496595551	17.3944946522478	1
15.875	26.75	0.999999292077596	0.798850407001572	0.000522045170816195	17.1947834524749	1
16.125	26.75	0.999999645940629	0.798963684140688	0.000470341570775013	16.9950437345084	1
16.375	26.75	0.999999812513225	0.799064441723492	0.000421597703263269	16.7952786704203	1
16.625	26.75	0.99999988386592	0.79915403900504	0.000375927368050384	16.595491077394	1
16.875	26.75	0.999999911597279	0.799233697034061	0.000333366404938771	16.3956834586122	1
17.125	26.75	0.999999922329867	0.799304510465065	0.000293890510776201	16.1958580386968	1
17.375	26.75	0.999999928298665	0.799367458864173	0.000257430000332864	15.9960167946664	1
17.625	26.75	0.999999934124922	0.799423417405882	0.000223881901470644	15.7961614831895	1
17.875	26.75	0.999999940848289	0.799473166894666	0.00019311975628127	15.5962936647346	1
18.125	26.75	0.999999948131977	0.799517403076398	0.000165001476442456	15.3964147250765	1
18.375	26.75	0.999999955336974	0.799556745231553	0.000139375567050178	15.1965258945035	1
18.625	26.75	0.999999961955333	0.799591744056037	0.000116085991920884	14.9966282649992	1
18.875	26.75	0.999999967716658	0.799622888858268	9.49759231186444e-05	14.7967228056117	1
19.125	26.75	0.999999972555371	0.799650614099846	7.58905780239238e-05	14.5968103761927	1
19.375	26.75	0.999999976537096	0.799675305317978	5.86793170329177e-05	14.3968917396661	1
19.625	26.75	0.999999979789976	0.799697304471819	4.3197148264706e-05	14.1969675729663	1
19.875	26.75	0.999999982456837	0.799716914751544	2.93057600942704e-05	13.9970384767773	1
20.125	26.75	0.999999984667803	0.799734404894068	1.68741803040899e-05	13.797104984194	1
20.375	26.75	0.999999986528707	0.799750013048209	5.77914574152805e-06	13.5971675684136	1
20.625	26.75	0.999999988119629	0.799763950226736	-4.09475260321143e-06	13.3972266495616	1
20.875	26.75	0.999999989498233	0.799776403384342	-1.28550948922994e-05	13.197282600743	1
21.125	26.75	0.999999990704985	0.79978753815906	-2.06017832798949e-05	12.9973357534054	1
21.375	26.75	0.999999991768486	0.799797501309349	-2.74272850410767e-05	12.7973864020876	1
21.625	26.75	0.99999999270944	0.799806422876606	-3.34169401903661e-05	12.5974348086249	1
21.875	26.75	0.999999993543375	0.799814418105013	-3.86493114216818e-05	12.3974812058713	1
22.125	26.75	0.99999999428276	0.799821589143411	-4.31965597830259e-05	12.1975258009934	1
22.375	26.75	0.999999994938213	0.799828026551407	-4.71248333167228e-05	11.9975687783858	1
22.625	26.75	0.999999995518826	0.799833810632711	-5.04946587100056e-05	11.7976103022503	1
22.875	26.75	0.999999996032703	0.799839012615126	-5.33613284710608e-05	11.5976505188792	1
23.125	26.75	0.999999996487149	0.799843695693965	-5.57752777964429e-05	11.3976895586756	1
23.375	26.75	0.999999996888934	0.799847915955432	-5.77824478490669e-05	11.1977275379417	1
23.625	26.75	0.999999997244144	0.799851723191543	-5.94246323775802e-05	10.9977645604616	1
23.875	26.75	0.999999997558065	0.799855161620486	-6.07398064808789e-05	10.7978007189032	1
24.125	26.75	0.999999997835463	0.799858270525085	-6.17624367083132e-05	10.5978360960599	1
24.375	26.75	0.999999998080717	0.799861084815684	-6.25237703504329e-05	10.39787076595	1
24.625	26.75	0.999999998297713	0.799863635528432	-6.30521069803518e-05	10.1979047947908	1
24.875	26.75	0.999999998489721	0.799865950264744	-6.33730500529355e-05	9.99793824186285	1
25.125	26.75	0.999999998659595	0.799868053580631	-6.35097404526332e-05	9.79797116027514	1
25.375	26.75	0.999999998810023	0.799869967331678	-6.34830722178225e-05	9.59800359764461	1
25.625	26.75	0.99999999894334	0.799871710976879	-6.33118918571492e-05	9.39803559669841	1
25.875	26.75	0.999999999061266	0.799873301848369	-6.30131813123373e-05	9.19806719580877	1
26.125	26.75	0.999999999165505	0.799874755390445	-6.26022267320327e-05	8.99809842946767	1
26.375	26.75	0.999999999257653	0.799876085370252	-6.20927723604543e-05	8.79812932870823	1
26.625	26.75	0.999999999339334	0.799877304064501	-6.14971625916279e-05	8.59815992147937	1
26.875	26.75	0.999999999411791	0.799878422425624	-6.08264711033617e-05	8.39819023297868	1
27.125	26.75	0.999999999476759	0.799879450229165	-6.00906195399442e-05	8.19822028594834	1
27.375	26.75	0.999999999535775	0.799880396203421	-5.92984851723773e-05	7.99825010093787	1
27.625	26.75	0.999999999590386	0.799881268145301	-5.84579998948932e-05	7.79827969653868	1
27.875	26.75	0.999999999641325	0.799882073023017	-5.75762396874885e-05	7.59830908959179	1
28.125	26.75	0.999999999687776	0.79988281706612	-5.66595062178935e-05	7.398338295374	1
28.375	26.75	0.999999999725617	0.799883505847515	-5.57134019814392e-05	7.1983673277631	1
28.625	26.75	0.999999999747376	0.79988414435534	-5.47428973423818e-05	6.99839619938574	1
28.875	26.75	0.999999999744181	0.799884737057806	-5.37523922961917e-05	6.79842492174847	1
29.125	26.75	0.999999999711539	0.79988528795899	-5.2745772518335e-05	6.59845350535412	1
29.375	26.75	0.999999999659511	0.799885800649464	-5.17264603714484e-05	6.39848195980397	1
29.625	26.75	0.99999999962556	0.799886278349751	-5.06974604897755e-05	6.19851029388641	1
29.875	26.75	0.999999999682763	0.799886723947687	-4.96614023643099e-05	5.99853851565387	1
30.125	26.75	0.999999999930579	0.799887140030943	-4.86205784070032e-05	5.79856663249102	1
30.375	26.75	1.00000000045119	0.799887528917237	-4.75769778661933e-05	5.59859465118036	1
30.625	26.75	1.00000000121862	0.799887892684212	-4.6532317985321e-05	5.39862257797358	1
30.875	26.75	1.00000000196974	0.799888233203915	-4.54880712335402e-05	5.19865041867788	1
31.125	26.75	1.00000000209107	0.799888552189158	-4.44454885984014e-05	4.99867817875892	1
31.375	26.75	1.00000000063621	0.799888851246248	-4.34056211025819e-05	4.79870586344529	1
31.625	26.75	0.999999996637074	0.799889131918111	-4.23693399428775e-05	4.59873347779388	1
31.875	26.75	0.999999989858444	0.799889395696694	-4.13373581904235e-05	4.39876102664609	1
32.125	26.75	0.999999981982493	0.799889643960366	-4.03102563649353e-05	4.19878851439029	1
32.375	26.75	0.999999977833344	0.799889877795679	-3.92885135327134e-05	3.99881594449212	1
32.625	26.75	0.999999985690572	0.799890097717343	-3.82725418460666e-05	3.79884331888503	1
32.875	26.75	1.00000001519346	0.799890303381032	-3.72627120901949e-05	3.59887063755198	1
33.125	26.75	1.00000007129424	0.799890493532591	-3.62593507733219e-05	3.39889789892696	1
33.375	26.75	1.00000014391248	0.799890666578288	-3.52626834414082e-05	3.19892510191646	1
33.625	26.75	1.00000019605778	0.799890822148286	-3.42727063763671e-05	2.99895225008917	1
33.875	26.75	1.00000015825426	0.79989096371698	-3.328900550122e-05	2.79897935752629	1
34.125	26.75	0.999999942519736	0.79989110153307	-3.23106087492078e-05	2.59900645373868	1
34.375	26.75	0.999999490810253	0.799891253802074	-3.13360505910307e-05	2.39903358229758	1
34.625	26.75	0.999998864143234	0.799891442717169	-3.03638931624379e-05	2.19906078578632	1
34.875	26.75	0.999998352647262	0.79989168159985	-2.93938986353675e-05	1.99908807108298	1
35.125	26.75	0.999998541802191	0.79989195181489	-2.84287671296795e-05	1.79911535739993	1
35.375	26.75	1.00000021822521	0.799892175019672	-2.74757502714779e-05	1.59914242745552	1
35.625	26.75	1.00000397432591	0.799892198008744	-2.65466012022851e-05	1.39916892752606	1
35.875	26.75	1.00000943426648	0.799891820618439	-2.5653603063901e-05	1.19919448353262	1
36.125	26.75	1.00001424080629	0.799890902550662	-2.4799639183984e-05	0.999218993926077	1
36.375	26.75	1.00001334142602	0.799889567122304	-2.39625286923579e-05	0.799243092855871	1
36.625	26.75	0.999999602710844	0.799888461755549	-2.30790846923253e-05	0.599268622061516	1
36.875	26.75	0.999967070401275	0.799888923408165	-2.20421970979043e-05	0.399298718179044	1
37.125	26.75	0.999917748835857	0.799905985975936	-2.07314712091158e-05	0.199336909522477	1
37.375	26.75	0.999870957467881	0.399913246421836	-1.93249492413281e-05	-0.000621955567562008	1
0.125	27.25	0.000487848557475797	0.799894901941208	0.00315494566974615	22.8284082762548	1
0.375	27.25	0.00048825042216708	0.800306483170933	0.00303970779677085	22.8282585166898	1
0.625	27.25	0.00048899363214466	0.80054917464845	0.00289193922251391	22.8280459289544	1
0.875	27.25	0.000489768512909113	0.800798917313811	0.0027068726133351	22.8277687861177	1
1.125	27.25	0.000489842607246838	0.801041604207032	0.00246748070089162	22.8274268675184	1
1.375	27.25	0.000487947314483121	0.801245287649507	0.0022350751901992	22.8270263345443	1
1.625	27.25	0.000482299928366345	0.801368058740212	0.00214824966817207	22.8265837725958	1
1.875	27.25	0.000470845629999841	0.801372728935983	0.00233686470395557	22.8261271822621	1
2.125	27.25	0.000451783788553137	0.801247207947902	0.0027287394202244	22.8256926264914	1
2.375	27.25	0.00042438985403902	0.801029643921093	0.00293284972029029	22.8253148649096	1
2.625	27.25	0.000390070364960438	0.800816027002193	0.00254937149582645	22.8250111410948	1
2.875	27.25	0.000353524296814911	0.80071086773651	0.00165816641786447	22.8247665305271	1
3.125	27.25	0.000323858794878864	0.800746433134426	0.000648285781271265	22.8245403102799	1
3.375	27.25	0.000315516578716592	0.800857686117112	-0.000240474544022548	22.8242928482977	1
3.625	27.25	0.000348876219569212	0.800933118974291	-0.000921671786092254	22.8240064121552	1
3.875	27.25	0.000450359225290887	0.800881746311379	-0.00137777870669287	22.8236863785694	1
4.125	27.25	0.000651833217944275	0.800665349332458	-0.00165902392168777	22.8233476788378	1
4.375	27.25	0.000989076492856562	0.800286322261658	-0.00183322520896865	22.8229994540745	1
4.625	27.25	0.00149914567647463	0.799758080398714	-0.00192816840230606	22.822638117553	1
4.875	27.25	0.00221679916502924	0.799088243571567	-0.00192912649585493	22.8222479587284	1
5.125	27.25	0.00317074418482609	0.798278429995891	-0.00180691926399322	22.8218033951218	1
5.375	27.25	0.00438127207612853	0.797329747192258	-0.00154001521390907	22.821269132864	1
5.625	27.25	0.00586166932345789	0.796247047420886	-0.00112284286710276	22.820596727459	1
5.875	27.25	0.00762673353834194	0.795041484214225	-0.000566951394288924	22.8197158145924	1
6.125	27.25	0.00971312850107293	0.793732824563599	9.92387353574021e-05	22.8185168092299	1
6.375	27.25	0.0122186404421408	0.792352341043306	0.00083062333973678	22.8168202265608	1
6.625	27.25	0.015371202514974	0.790946121998522	0.0015664288629268	22.8143262615597	1
6.875	27.25	0.0196443374272163	0.789577512993896	0.00223339249051528	22.8105372074299	1
7.125	27.25	0.025942892830908	0.788325544024968	0.00275201167335514	22.8046457923333	1
7.375	27.25	0.0358867514602181	0.787273183067092	0.00304594156425377	22.7953871006642	1
7.625	27.25	0.0522031519068455	0.786475834471193	0.00305361309909641	22.7808651295679	1
7.875	27.25	0.0791551950827943	0.785901221766688	0.00274038447011428	22.7583940693537	1
8.125	27.25	0.122703099214282	0.785350828128383	0.00210966197249976	22.7244442196516	1
8.375	27.25	0.189668468513126	0.784435636014772	0.00121220066886545	22.6748421360703	1
8.625	27.25	0.284869945172069	0.782769887924803	0.000151422363964898	22.6053878558142	1
8.875	27.25	0.40623446048703	0.780458984108906	-0.00092403048414401	22.5129037758246	1
9.125	27.25	0.541356618303842	0.778421528939283	-0.00185315130798029	22.3963587292646	1
9.375	27.25	0.671120741214297	0.77779771506228	-0.00251497024008355	22.2573803120635	1
9.625	27.25	0.779459049356382	0.778910135180004	-0.00286522357179078	22.0997099435507	1
9.875	27.25	0.859973401098841	0.781152225771004	-0.00293131316649086	21.9279434109801	1
10.125	27.25	0.914770601034621	0.783712482132188	-0.00278010165248386	21.7463607052202	1
10.375	27.25	0.949773919143952	0.786080020778237	-0.00248692878485881	21.5583275305864	1
10.625	27.25	0.971134315319949	0.788072300900613	-0.00211796312865738	21.3662162527612	1
10.875	27.25	0.983729151046848	0.789688741598846	-0.00172379250536587	21.1715837890565	1
11.125	27.25	0.99095439417788	0.790993280267327	-0.00133920828906811	20.9754048454774	1
11.375	27.25	0.995005007920702	0.792057558582375	-0.00098565458813518	20.7782706007645	1
11.625	27.25	0.997232920746102	0.792941529136486	-0.000674431609971228	20.5805321167429	1
11.875	27.25	0.998441556190407	0.793690240595669	-0.000409732698055349	20.3823953417093	1
12.125	27.25	0.99909400908755	0.79433596118548	-0.000191143608856114	20.183980867397	1
12.375	27.25	0.999449533622313	0.794901332675984	-1.55236037471176e-05	19.9853601800738	1
12.625	27.25	0.999649031907108	0.795402166846989	0.00012167287772847	19.7865770166658	1
12.875	27.25	0.999766803534783	0.795849587743945	0.000225523347985416	19.587659613305	1
13.125	27.25	0.999840916349373	0.796251569472748	0.000301097100869065	19.3886275491043	1
13.375	27.25	0.99989046126242	0.796613999600619	0.000353147185070134	19.189495474148	1
13.625	27.25	0.999924999580324	0.796941394842352	0.000385956117975419	18.9902750953716	1
13.875	27.25	0.999949512679494	0.797237371508739	0.000403278382867634	18.7909762203511	1
14.125	27.25	0.999966859154406	0.797504947828928	0.00040834049955668	18.5916073097125	1
14.375	27.25	0.999978915540035	0.797746733932088	0.000403872867828794	18.3921757824912	1
14.625	27.25	0.999987063909082	0.797965048682998	0.000392157089485271	18.1926882010053	1
14.875	27.25	0.999992382181639	0.798161990207443	0.000375078902838637	17.9931503973602	1
15.125	27.25	0.999995715635184	0.798339477984995	0.000354181043502281	17.7935675702139	1
15.375	27.25	0.999997710799848	0.798499278093493	0.000330712968555058	17.5939443641686	1
15.625	27.25	0.999998843054419	0.798643018882883	0.000305675982031872	17.3942849369322	1
15.875	27.25	0.999999446145036	0.798772201481696	0.000279863236619625	17.1945930165866	1
16.125	27.25	0.999999742892043	0.798888207712166	0.000253894620960335	16.9948719504144	1
16.375	27.25	0.999999874166474	0.798992306822598	0.000228246823133406	16.7951247465356	1
16.625	27.25	0.999999923762098	0.799085661767639	0.00020327899621149	16.5953541095668	1
16.875	27.25	0.999999938047013	0.799169335370912	0.00017925450341926	16.3955624714258	1
17.125	27.25	0.999999940386553	0.799244296480728	0.000156359220399201	16.1957520182604	1
17.375	27.25	0.999999941016398	0.799311426132932	0.000134716848926766	15.9959247142927	1
17.625	27.25	0.999999943347979	0.799371523676887	0.00011440166029754	15.7960823231774	1
17.875	27.25	0.999999947698213	0.799425312804168	9.54490426638733e-05	15.5962264273092	1
18.125	27.25	0.999999953303029	0.799473447424231	7.78641847399131e-05	15.3963584453836	1
18.375	27.25	0.999999959272414	0.799516517334197	6.1629186778302e-05	15.1964796484168	1
18.625	27.25	0.99999996495066	0.799555053638525	4.67088498084078e-05	14.9965911743754	1
18.875	27.25	0.999999969979086	0.799589533893228	3.30553620265197e-05	14.7966940415222	1
19.125	27.25	0.999999974237814	0.79962038694457	2.06120651297765e-05	14.5967891605692	1
19.375	27.25	0.999999977757198	0.799647997453368	9.31645995600083e-06	14.3968773457183	1
19.625	27.25	0.999999980641203	0.799672710100396	-8.97416017916386e-07	14.1969593246648	1
19.875	27.25	0.999999983014934	0.799694833470986	-1.00971268640554e-05	13.9970357476391	1
20.125	27.25	0.999999984994701	0.799714643628121	-1.83503985035875e-05	13.7971071955608	1
20.375	27.25	0.999999986675145	0.79973238738405	-2.57240213326912e-05	13.5971741873761	1
20.625	27.25	0.999999988127129	0.79974828528116	-3.22830322974911e-05	13.3972371866498	1
20.875	27.25	0.999999989400578	0.799762534302571	-3.80901203741314e-05	13.1972966074792	1
21.125	27.25	0.999999990529631	0.79977531032846	-4.32052106512807e-05	12.9973528197913	1
21.375	27.25	0.999999991537566	0.79978677035397	-4.768519157083e-05	12.7974061540846	1
21.625	27.25	0.999999992440464	0.799797054488228	-5.15837549859411e-05	12.5974569056684	1
21.875	27.25	0.99999999325003	0.799806287753713	-5.49513228058233e-05	12.3975053384515	1
22.125	27.25	0.999999993975793	0.799814581701415	-5.7835042142048e-05	12.1975516883247	1
22.375	27.25	0.999999994625977	0.799822035858541	-6.02788316093289e-05	11.9975961661807	1
22.625	27.25	0.999999995207664	0.799828739025023	-6.23234661075028e-05	11.7976389606085	1
22.875	27.25	0.999999995727303	0.799834770433485	-6.40066893238721e-05	11.5976802402958	1
23.125	27.25	0.999999996190953	0.799840200785522	-6.53633456987527e-05	11.3977201561726	1
23.375	27.25	0.999999996604301	0.799845093177413	-6.64255245809939e-05	11.1977588433212	1
23.625	27.25	0.999999996972699	0.799849503925008	-6.72227126846498e-05	10.9977964226795	1
23.875	27.25	0.999999997300855	0.799853483299042	-6.77819489896641e-05	10.7978330025596	1
24.125	27.25	0.999999997593139	0.799857076183447	-6.81279809349009e-05	10.5978686800012	1
24.375	27.25	0.999999997853544	0.799860322659665	-6.82834167174742e-05	10.3979035419778	1
24.625	27.25	0.999999998085593	0.799863258526877	-6.82688754635851e-05	10.1979376664727	1
24.875	27.25	0.999999998292215	0.799865915766434	-6.81031310882267e-05	9.99797112343798	1
25.125	27.25	0.999999998476263	0.799868322955059	-6.78032498807478e-05	9.79800397564963	1
25.375	27.25	0.999999998640314	0.799870505633407	-6.73847213276834e-05	9.5980362794704	1
25.625	27.25	0.999999998786582	0.799872486633351	-6.6861582695551e-05	9.39806808553011	1
25.875	27.25	0.999999998916647	0.799874286370294	-6.62465350646622e-05	9.19809943933268	1
26.125	27.25	0.999999999032306	0.799875923103425	-6.5551052791885e-05	8.99813038179779	1
26.375	27.25	0.999999999135146	0.799877413167312	-6.47854854431794e-05	8.79816094974408	1
26.625	27.25	0.999999999226844	0.799878771177658	-6.39591531263296e-05	8.5981911763209	1
26.875	27.25	0.999999999308681	0.799880010215707	-6.30804344577734e-05	8.39822109139354	1
27.125	27.25	0.99999999938242	0.799881141992584	-6.21568487094953e-05	8.19825072188764	1
27.375	27.25	0.999999999449578	0.799882176995166	-6.11951314314165e-05	7.99828009209607	1
27.625	27.25	0.999999999511631	0.799883124616513	-6.0201304175117e-05	7.79830922395413	1
27.875	27.25	0.99999999956941	0.799883993272697	-5.91807389676192e-05	7.59833813728441	1
28.125	27.25	0.999999999622138	0.799884790505012	-5.81382170828674e-05	7.39836685001681	1
28.375	27.25	0.999999999665753	0.799885523073923	-5.70779840783067e-05	7.19839537838505	1
28.625	27.25	0.999999999692918	0.799886197042222	-5.60037990787756e-05	6.99842373710266	1
28.875	27.25	0.999999999695051	0.799886817848901	-5.49189806555005e-05	6.79845193951989	1
29.125	27.25	0.999999999667748	0.799887390374517	-5.38264487984332e-05	6.59847999776382	1
29.375	27.25	0.999999999620905	0.799887919000983	-5.27287633545143e-05	6.39850792286194	1
29.625	27.25	0.999999999591422	0.799888407662077	-5.16281585957284e-05	6.19853572485026	1
29.875	27.25	0.999999999651218	0.799888859887335	-5.05265757297914e-05	5.99856341286824	1
30.125	27.25	0.999999999898312	0.799889278842256	-4.94256922916322e-05	5.7985909952433	1
30.375	27.25	1.00000000041391	0.799889667363965	-4.83269480918871e-05	5.59861847957079	1
30.625	27.25	1.00000000117261	0.799890027995732	-4.72315694927156e-05	5.39864587279869	1
30.875	27.25	1.00000000191562	0.799890363027533	-4.61405903757457e-05	5.19867318132558	1
31.125	27.25	1.00000000203937	0.799890674546047	-4.50548695356787e-05	4.99870041111334	1
31.375	27.25	1.00000000061202	0.799890964490198	-4.39751076638666e-05	4.79872756780083	1
31.625	27.25	0.999999996679751	0.799891234698278	-4.2901863034177e-05	4.598754656778	1
31.875	27.25	0.999999990009106	0.799891486923974	-4.1835568618714e-05	4.39878168315151	1
32.125	27.25	0.999999982252493	0.799891722778161	-4.07765548116609e-05	4.1988086515189	1
32.375	27.25	0.999999978154049	0.799891943556128	-3.9725077607787e-05	3.99883556551344	1
32.625	27.25	0.999999985860083	0.799892149964637	-3.86813498383556e-05	3.79886242721065	1
32.875	27.25	1.00000001486002	0.799892341842494	-3.76455647017397e-05	3.59888923672182	1
33.125	27.25	1.00000007004094	0.79989251811237	-3.66178904374016e-05	3.39891599259293	1
33.375	27.25	1.00000014151175	0.799892677342827	-3.55984106535627e-05	3.19894269379676	1
33.625	27.25	1.00000019291614	0.799892819287731	-3.45869936554256e-05	2.99896934385809	1
33.875	27.25	1.00000015593681	0.799892947465983	-3.35831080289876e-05	2.79899595661345	1
34.125	27.25	0.99999994402418	0.799893072045036	-3.2585672134764e-05	2.59902256105529	1
34.375	27.25	0.999999500015234	0.799893211006037	-3.15931184078083e-05	2.39904919999674	1
34.625	27.25	0.99999888376102	0.799893386245146	-3.0603917143154e-05	2.19907591528558	1
34.875	27.25	0.999998380352293	0.799893610930964	-2.96177576029535e-05	1.99910271367357	1
35.125	27.25	0.999998565303409	0.799893866805483	-2.86372992091759e-05	1.79912951572283	1
35.375	27.25	1.00000021201326	0.79989407689682	-2.76697968375458e-05	1.59915610777768	1
35.625	27.25	1.00000390318299	0.799894090613192	-2.67270497904609e-05	1.39918214198067	1
35.875	27.25	1.00000926990827	0.799893711173286	-2.5821394910504e-05	1.19920725036113	1
36.125	27.25	1.00001399563207	0.799892800627892	-2.49556907943242e-05	0.999231332744493	1
36.375	27.25	1.00001311421506	0.799891480174814	-2.41075170574406e-05	0.799255012089426	1
36.625	27.25	0.999999613660627	0.799890386252814	-2.32130906482814e-05	0.599280098429126	1
36.875	27.25	0.999967640552663	0.799890833160562	-2.21643175761721e-05	0.399309674767571	1
37.125	27.25	0.999919164057396	0.799907598138563	-2.08396907279083e-05	0.1993472092658	1
37.375	27.25	0.999873173092731	0.399914725483509	-1.94189359069697e-05	-0.000612361553221713	1
0.125	27.75	0.000482003856472201	0.799930388250347	0.0023894063512125	22.8284752616197	1
0.375	27.75	0.000482411011422994	0.800386630461893	0.00218789167195421	22.8283120421383	1
0.625	27.75	0.000483171113358974	0.800656626662236	0.00192529680259081	22.8280777889358	1
0.875	27.75	0.000483986196930229	0.800915612654011	0.00149654359408422	22.8277743498635	1
1.125	27.75	0.000484139954527343	0.801140528928443	0.000889868529980989	22.8274073216155	1
1.375	27.75	0.000482382009709486	0.801295058341069	0.000124468914380796	22.8269908016692	1
1.625	27.75	0.00047694546000381	0.801347040670683	-0.000722783547787424	22.8265491613004	1
1.875	27.75	0.000465781910818299	0.801291667401578	-0.00149768449489587	22.8261131162984	1
2.125	27.75	0.000447078644764527	0.801164416212549	-0.00200501297026313	22.8257100163834	1
2.375	27.75	0.000420070657078641	0.801026083352519	-0.00213847739835781	22.8253534743373	1
2.625	27.75	0.000386087769902184	0.800928012906836	-0.00200616556100688	22.8250404938779	1
2.875	27.75	0.000349712168684216	0.800889921361376	-0.00180772653625852	22.8247571643086	1
3.125	27.75	0.000319893451656267	0.800896419402804	-0.00158872205258835	22.824486026854	1
3.375	27.75	0.000310876217966465	0.800900098127102	-0.00130878479214827	22.8242135732449	1
3.625	27.75	0.000342802235436988	0.800840023966875	-0.00101771332215074	22.8239364359483	1
3.875	27.75	0.00044182526277066	0.800671159366377	-0.000816336038604392	22.8236598927778	1
4.125	27.75	0.000639533660693932	0.800377037202986	-0.000728643221558706	22.8233893805374	1
4.375	27.75	0.000971452157444427	0.799959317293404	-0.000682836729267222	22.823122717407	1
4.625	27.75	0.00147446253318837	0.799423521055849	-0.000584194641448458	22.822847305318	1
4.875	27.75	0.00218327401890796	0.798774160411449	-0.000367252416559989	22.8225403575705	1
5.125	27.75	0.00312667295463072	0.798016430880588	-4.60907704342821e-07	22.822169181001	1
5.375	27.75	0.00432507678416341	0.797158381928898	0.000525919474824141	22.8216900605856	1
5.625	27.75	0.00579173128085753	0.796211705393231	0.00120730213570976	22.8210446796295	1
5.875	27.75	0.00754079390929047	0.795192062002145	0.0020251989073347	22.82015205195	1
6.125	27.75	0.00960689697463616	0.794120011738884	0.00294430088751895	22.8188925297119	1
6.375	27.75	0.0120830500934657	0.793022936528236	0.00390921243260383	22.8170789881465	1
6.625	27.75	0.0151874640550049	0.791937726901398	0.00484264167416738	22.8144088452732	1
6.875	27.75	0.0193755631711862	0.790913158604566	0.00564652913691461	22.8103894727746	1
7.125	27.75	0.0255206682085842	0.790009182428087	0.00620755518264594	22.8042298842611	1
7.375	27.75	0.0351911149357589	0.789287386827302	0.00640811235906602	22.7946958148531	1
7.625	27.75	0.051036566079739	0.788783312848721	0.00614298241914942	22.7799380120195	1
7.875	27.75	0.0772189543761955	0.788451300070948	0.00534099398054665	22.7573314899513	1
8.125	27.75	0.119603791668745	0.788089529249804	0.00399054401943771	22.7234120510755	1
8.375	27.75	0.185011065340027	0.787311874073457	0.00216725777230632	22.6740561274287	1
8.625	27.75	0.278494166063592	0.785724688521779	5.60505484605124e-05	22.6050682989355	1
8.875	27.75	0.398524956566752	0.78339948397954	-0.0020563721180867	22.5132056373449	1
9.125	27.75	0.533309031561554	0.781222734235568	-0.00385006253547422	22.3973090854688	1
9.375	27.75	0.663899278954595	0.780361513747195	-0.00508869376885533	22.2588668252017	1
9.625	27.75	0.773796012687689	0.7812117000792	-0.00570239987205427	22.1015318301136	1
9.875	27.75	0.855985763367696	0.783214317041905	-0.00577363615516902	21.9298870281524	1
10.125	27.75	0.912183279957059	0.785560335135072	-0.00545937400212264	21.7482537787581	1
10.375	27.75	0.94819871434468	0.787726145358983	-0.00491923600183437	21.5600576373773	1
10.625	27.75	0.970226506115139	0.789522173496611	-0.00427958367873447	21.3677250959462	1
10.875	27.75	0.983234350131275	0.790948368217106	-0.00362616808458831	21.1728525819544	1
11.125	27.75	0.99070261424522	0.79207249041414	-0.00301015493751755	20.9764398182763	1
11.375	27.75	0.994889535102652	0.792970034240673	-0.00245765081775886	20.7790918378682	1
11.625	27.75	0.997189802884449	0.793703510968901	-0.00197839687605142	20.5811659935634	1
11.875	27.75	0.998434041505533	0.794319065032001	-0.00157236264589442	20.382869833346	1
12.125	27.75	0.999101921946639	0.794848883008268	-0.0012342662166084	20.1843228727951	1
12.375	27.75	0.999462431019783	0.795314726841589	-0.000956454801730521	19.9855941587167	1
12.625	27.75	0.999661966360867	0.795731061862786	-0.000730620344410438	19.7867244326262	1
12.875	27.75	0.999777785938667	0.796107446123113	-0.000548742597035547	19.5877388481933	1
13.125	27.75	0.999849447704209	0.796450235328098	-0.000403547807797231	19.3886540676753	1
13.375	27.75	0.999896716402564	0.796763750426593	-0.000288680169896993	19.189482109964	1
13.625	27.75	0.99992939669815	0.797051052353158	-0.000198714029825863	18.990232378691	1
13.875	27.75	0.999952503337187	0.797314441158241	-0.000129086120801676	18.7909127050559	1
14.125	27.75	0.999968838919377	0.797555767637302	-7.59945168398488e-05	18.5915298772775	1
14.375	27.75	0.999980196752752	0.797776620935827	-3.62901854862683e-05	18.3920899134822	1
14.625	27.75	0.999987877583506	0.797978436461353	-7.37427118618219e-06	18.1925982116218	1
14.875	27.75	0.999992891309342	0.798162554239166	1.28931994106059e-05	17.9930596422362	1
15.125	27.75	0.999996031014285	0.798330247630083	2.6271593530055e-05	17.7934786144323	1
15.375	27.75	0.999997905430355	0.79848273520451	3.42054063478857e-05	17.5938591280845	1
15.625	27.75	0.999998963730793	0.798621183726119	3.78788305017197e-05	17.3942048174476	1
15.875	27.75	0.999999522129374	0.798746706992634	3.82608092041567e-05	17.1945189882798	1
16.125	27.75	0.999999792073789	0.798860363248441	3.61421718695202e-05	16.9948046495694	1
16.375	27.75	0.999999907261937	0.798963152600756	3.2166264258512e-05	16.7950645407305	1
16.625	27.75	0.999999947079997	0.799056015125952	2.68542662769197e-05	16.5953011551083	1
16.875	27.75	0.999999955254408	0.799139829918599	2.06261708364272e-05	16.3955167605825	1
17.125	27.75	0.999999953604237	0.799215415098578	1.38182114118274e-05	16.1957134179536	1
17.375	27.75	0.999999951479828	0.799283528688534	6.69737264535862e-06	15.9958929976468	1
17.625	27.75	0.999999951795443	0.799344870217454	-5.26509212978402e-07	15.7960571951174	1
17.875	27.75	0.999999954592377	0.799400082898033	-7.69064450633583e-06	15.5962075452059	1
18.125	27.75	0.999999958953895	0.79944975623425	-1.46708525373888e-05	15.3963454355895	1
18.375	27.75	0.999999963903714	0.799494428927108	-2.13745162101186e-05	15.1964721194027	1
18.625	27.75	0.999999968734961	0.799534591965669	-2.77347026427781e-05	14.9965887270626	1
18.875	27.75	0.999999973056141	0.799570691812959	-3.37052615085552e-05	14.7966962773108	1
19.125	27.75	0.999999976724232	0.799603133604208	-3.92567479017089e-05	14.5967956874799	1
19.375	27.75	0.999999979751461	0.79963228430259	-4.43730352175901e-05	14.3968877829974	1
19.625	27.75	0.999999982226922	0.799658475763446	-4.90485099906113e-05	14.1969733061419	1
19.875	27.75	0.999999984262889	0.799682007670856	-5.32857549236536e-05	13.9970529240798	1
20.125	27.75	0.999999985964606	0.799703150326085	-5.70936420910109e-05	13.7971272362141	1
20.375	27.75	0.999999987417234	0.799722147270059	-6.04857689961778e-05	13.5971967808813	1
20.625	27.75	0.999999988683573	0.799739217730255	-6.34791837395808e-05	13.3972620414404	1
20.875	27.75	0.999999989806526	0.799754558895145	-6.60933491247811e-05	13.1973234517941	1
21.125	27.75	0.999999990814397	0.799768348012188	-6.83493076321326e-05	12.9973814013855	1
21.375	27.75	0.999999991725376	0.799780744313333	-7.02690134041241e-05	12.7974362397131	1
21.625	27.75	0.999999992551204	0.799791890779043	-7.18748030867355e-05	12.5974882804049	1
21.875	27.75	0.999999993300067	0.799801915748006	-7.31889796332646e-05	12.3975378048896	1
22.125	27.75	0.999999993978664	0.799810934379533	-7.42334919431474e-05	12.1975850657009	1
22.375	27.75	0.999999994592641	0.79981904998098	-7.50296913745699e-05	11.9976302894502	1
22.625	27.75	0.999999995146999	0.799826355208661	-7.55981518504091e-05	11.7976736794983	1
22.875	27.75	0.999999995646467	0.799832933153546	-7.59585414482875e-05	11.5977154183543	1
23.125	27.75	0.999999996095815	0.799838858321274	-7.61295361644062e-05	11.3977556698306	1
23.375	27.75	0.999999996499505	0.799844197514981	-7.61287659783977e-05	11.1977945809747	1
23.625	27.75	0.999999996861993	0.799849010628551	-7.59727894371242e-05	10.9978322838032	1
23.875	27.75	0.999999997187197	0.799853351359667	-7.56770875673223e-05	10.7978688968567	1
24.125	27.75	0.999999997478877	0.799857267853387	-7.5256075544181e-05	10.5979045265935	1
24.375	27.75	0.999999997740437	0.799860803277324	-7.47231255404858e-05	10.3979392686386	1
24.625	27.75	0.999999997974985	0.799863996336661	-7.40906003646684e-05	10.1979732089037	1
24.875	27.75	0.999999998185035	0.799866881739	-7.33698930813176e-05	9.99800642459067	1
25.125	27.75	0.999999998373293	0.799869490609287	-7.25714713020843e-05	9.79803898509065	1
25.375	27.75	0.999999998542079	0.799871850861382	-7.17049246081224e-05	9.59807095278988	1
25.625	27.75	0.999999998693368	0.799873987531291	-7.07790146212413e-05	9.39810238379221	1
25.875	27.75	0.999999998828574	0.799875923077158	-6.9801724431415e-05	9.1981333285661	1
26.125	27.75	0.999999998949497	0.799877677646292	-6.87803081566354e-05	8.99816383252461	1
26.375	27.75	0.999999999057561	0.799879269314409	-6.77213402824774e-05	8.79819393654514	1
26.625	27.75	0.999999999154297	0.799880714300161	-6.66307634818289e-05	8.5982236774357	1
26.875	27.75	0.999999999241053	0.799882027157662	-6.55139341129207e-05	8.39825308835236	1
27.125	27.75	0.999999999319568	0.799883220948537	-6.43756663668447e-05	8.19828219917416	1
27.375	27.75	0.99999999939133	0.799884307396528	-6.32202746606377e-05	7.99831103683839	1
27.625	27.75	0.99999999945774	0.799885297025699	-6.20516128995164e-05	7.79833962564215	1
27.875	27.75	0.999999999519669	0.79988619928471	-6.08731122847561e-05	7.59836798751178	1
28.125	27.75	0.999999999576292	0.799887022656035	-5.96878162360654e-05	7.3983961422456	1
28.375	27.75	0.999999999623577	0.79988777475679	-5.84984137841791e-05	7.19842410773164	1
28.625	27.75	0.999999999654317	0.799888462428903	-5.73072699287826e-05	6.99845190014291	1
28.875	27.75	0.99999999966015	0.79988909181851	-5.61164544295503e-05	6.79847953411222	1
29.125	27.75	0.999999999636696	0.799889668447075	-5.49277684394495e-05	6.59850702288891	1
29.375	27.75	0.999999999593622	0.79989019727691	-5.37427694055217e-05	6.39853437847765	1
29.625	27.75	0.99999999956727	0.79989068276664	-5.25627936952899e-05	6.19856161176036	1
29.875	27.75	0.999999999628497	0.799891128919256	-5.13889778176173e-05	5.99858873260406	1
30.125	27.75	0.999999999873891	0.79989153932739	-5.02222782160807e-05	5.79861574995724	1
30.375	27.75	1.00000000038359	0.79989191721266	-4.9063488747455e-05	5.5986426719403	1
30.625	27.75	1.00000000113274	0.799892265463463	-4.79132569790642e-05	5.39866950594008	1
30.875	27.75	1.00000000186696	0.799892586680039	-4.67720981039393e-05	5.19869625871603	1
31.125	27.75	1.00000000199255	0.799892883226216	-4.56404061914557e-05	4.99872293651999	1
31.375	27.75	1.00000000059233	0.799893157286793	-4.45184657204508e-05	4.79874954521662	1
31.625	27.75	0.999999996726903	0.799893410918559	-4.34064620471196e-05	4.5987760903639	1
31.875	27.75	0.999999990164571	0.799893646067896	-4.2304493777165e-05	4.3988025771858	1
32.125	27.75	0.999999982527666	0.79989386451555	-4.12125921068769e-05	4.19882901035686	1
32.375	27.75	0.999999978479783	0.799894067710178	-4.01307453964976e-05	3.99885539355994	1
32.625	27.75	0.999999986033069	0.799894256501463	-3.90589266929089e-05	3.79888172890698	1
32.875	27.75	1.000000014526	0.799894430866883	-3.79971149412232e-05	3.59890801654331	1
33.125	27.75	1.00000006878015	0.799894589866536	-3.69452869282764e-05	3.39893425504277	1
33.375	27.75	1.00000013909542	0.799894732196177	-3.59033545115704e-05	3.19896044336899	1
33.625	27.75	1.00000018975435	0.799894857701765	-3.48710311267612e-05	2.99898658493478	1
33.875	27.75	1.00000015360691	0.799894969918136	-3.38476439815046e-05	2.7990126932697	1
34.125	27.75	0.99999994554659	0.799895078905042	-3.28319809871387e-05	2.59903879678999	1
34.375	27.75	0.999999509297312	0.799895202395042	-3.18223538615612e-05	2.39906493749698	1
34.625	27.75	0.999998903533497	0.799895361964866	-3.08171240887111e-05	2.19909115645445	1
34.875	27.75	0.999998408267474	0.799895570610869	-2.98158918348019e-05	1.99911746024892	1
35.125	27.75	0.999998588969335	0.799895810439744	-2.88212578942378e-05	1.79914377076861	1
35.375	27.75	1.00000020571591	0.799896005847086	-2.78404593233395e-05	1.59916987798098	1
35.625	27.75	1.0000038314251	0.799896008862745	-2.68853170881958e-05	1.39919543991227	1
35.875	27.75	1.00000910418677	0.799895626103613	-2.59681983449476e-05	1.19922009472151	1
36.125	27.75	1.00001374846481	0.799894721979053	-2.5091925606983e-05	0.999243743594523	1
36.375	27.75	1.00001288521738	0.799893415544111	-2.42338560926235e-05	0.799266998186127	1
36.625	27.75	0.99999962488472	0.799892332160697	-2.33296747320118e-05	0.599291636545689	1
36.875	27.75	0.999968215760184	0.799892763283829	-2.22704181324408e-05	0.39932068758826	1
37.125	27.75	0.999920591577719	0.799909227177568	-2.09335984394979e-05	0.199357558804589	1
37.375	27.75	0.999875407939995	0.399916220150043	-1.95003895907624e-05	-0.000602724313291622	1
0.125	28.25	0.000474290896072576	0.799959231312596	0.00208741284299482	22.8284723865011	1
0.375	28.25	0.000474704935990436	0.800450398629647	0.00188247351291919	22.8282987598152	1
0.625	28.25	0.000475486123502862	0.800749908445347	0.00173089798671368	22.8280475973427	1
0.875	28.25	0.000476350169674408	0.801038210440422	0.00156785169750367	22.8277194760284	1
1.125	28.25	0.000476599011650636	0.801285717247952	0.00144457359448726	22.8273211935676	1
1.375	28.25	0.000475001066689215	0.801451960736755	0.00143784562166501	22.8268690309195	1
1.625	28.25	0.000469801670597789	0.801495924846564	0.00161413639634427	22.8263909653642	1
1.875	28.25	0.000458947940738593	0.801398768266649	0.00196129646841199	22.8259246044982	1
2.125	28.25	0.000440593924533339	0.801191316289237	0.00230235970860543	22.825507797907	1
2.375	28.25	0.000413900780689806	0.800959763523874	0.00231002979673206	22.8251626887376	1
2.625	28.25	0.000380073629913699	0.800797898372638	0.00177152804963557	22.8248833871543	1
2.875	28.25	0.000343509595724149	0.80073361952845	0.000886169241366044	22.8246431342979	1
3.125	28.25	0.000312900516194773	0.800718036087993	8.28868069128375e-05	22.8244176922856	1
3.375	28.25	0.00030214089245964	0.8006828564457	-0.000382716610726548	22.824198239223	1
3.625	28.25	0.000330902451235695	0.800581208117727	-0.000490965739260805	22.8239860508805	1
3.875	28.25	0.00042471944370003	0.800386090156967	-0.000353213571641228	22.8237842286472	1
4.125	28.25	0.000614390467621685	0.800082150386641	-0.000100284778428222	22.8235932905599	1
4.375	28.25	0.000934477874897161	0.799665350530055	0.000204023842041657	22.8234079118194	1
4.625	28.25	0.0014207410979635	0.799142689807787	0.000565359348919786	22.8232135980992	1
4.875	28.25	0.00210659996444218	0.798529120402213	0.00101523937553345	22.8229842783782	1
5.125	28.25	0.00301928899393512	0.797844687028314	0.00158000335505862	22.822680988684	1
5.375	28.25	0.0041771484979399	0.797113440046961	0.0022721000308772	22.822250526444	1
5.625	28.25	0.00559030856894189	0.796363423898467	0.00309002990098726	22.8216222897905	1
5.875	28.25	0.00726788484063639	0.795626827301937	0.00401766823231236	22.8207009560321	1
6.125	28.25	0.00923606711438933	0.794939984702793	0.00502140794171394	22.8193517634363	1
6.375	28.25	0.0115736298367873	0.794343259009491	0.0060464084213031	22.8173739038577	1
6.625	28.25	0.0144749762304185	0.793880716294698	0.00701354796716174	22.8144560738606	1
6.875	28.25	0.0183563812215833	0.793598874565726	0.00781879050246977	22.8101069769478	1
7.125	28.25	0.0240283824468309	0.793542392670969	0.00833693433015618	22.8035535372598	1
7.375	28.25	0.0329625170948627	0.793742020462743	0.0084317234398228	22.7936030437677	1
7.625	28.25	0.0476693213580367	0.794186857784811	0.00797379456118316	22.7784767121511	1
7.875	28.25	0.0721373296331427	0.794772467293692	0.00686707713558394	22.7556478310227	1
8.125	28.25	0.112082709604965	0.795230665096858	0.00508349200536901	22.7217637408045	1
8.375	28.25	0.174358993860695	0.795100215244772	0.00270389695740193	22.6727907831036	1
8.625	28.25	0.264493393385119	0.79388978397922	-4.60423734703359e-05	22.6045488876612	1
8.875	28.25	0.382000481515147	0.791549391504372	-0.00279886735205718	22.5136907821949	1
9.125	28.25	0.516243258904385	0.78889603815287	-0.00513276972458757	22.3988438728091	1
9.375	28.25	0.648588857048535	0.787193893878253	-0.00673124203473036	22.2612621815069	1
9.625	28.25	0.761688924809046	0.787062895220346	-0.00750288727553272	22.104453841636	1
9.875	28.25	0.847312962854712	0.788123636676692	-0.00756635454592188	21.9329884731033	1
10.125	28.25	0.906394912524174	0.789635470345576	-0.00714103923536521	21.7512651454215	1
10.375	28.25	0.944518442686944	0.791081572374148	-0.00644436884754855	21.5628133155863	1
10.625	28.25	0.967963560691591	0.792264491247966	-0.00564204144733117	21.3701479771274	1
10.875	28.25	0.981876252123144	0.793175354552412	-0.00484055821945619	21.1749257827071	1
11.125	28.25	0.989902999882877	0.793872453045803	-0.00409862680690625	20.9781812369312	1
11.375	28.25	0.994426445597378	0.794420569481334	-0.00344236739258312	20.78053614378	1
11.625	28.25	0.996925660317911	0.794870831052849	-0.00287814080574594	20.58235350972	1
11.875	28.25	0.998285540714784	0.795258273974747	-0.00240160940760627	20.383840385722	1
12.125	28.25	0.999019559979503	0.79560498089877	-0.00200349472515101	20.185112799591	1
12.375	28.25	0.999417290666806	0.795923982710861	-0.00167293983817244	19.9862351677408	1
12.625	28.25	0.999637439847289	0.79622246758294	-0.0013993028668651	19.7872434582792	1
12.875	28.25	0.999764501048629	0.796504077507707	-0.00117299428540529	19.5881583965446	1
13.125	28.25	0.999842211526894	0.796770438309905	-0.000985768836171651	19.3889927584442	1
13.375	28.25	0.999892705317644	0.797022128972226	-0.000830729936675197	19.1897552596808	1
13.625	28.25	0.999927103333739	0.797259266986051	-0.000702199929746943	18.9904525488901	1
13.875	28.25	0.999951135758771	0.797481841650093	-0.000595542335234736	18.7910901840599	1
14.125	28.25	0.999967985209253	0.797689887869868	-0.000506981066382253	18.5916730878846	1
14.375	28.25	0.99997964224897	0.797883563010845	-0.000433437444966722	18.3922057504627	1
14.625	28.25	0.99998750795538	0.798063167817718	-0.000372392426577824	18.1926923177349	1
14.875	28.25	0.999992642651266	0.798229137471551	-0.000321774510685523	17.9931366326936	1
15.125	28.25	0.999995864928949	0.798382018752294	-0.000279870636542533	17.7935422592172	1
15.375	28.25	0.999997796937136	0.798522442629887	-0.00024525626042075	17.5939125002963	1
15.625	28.25	0.999998895496253	0.798651097367171	-0.000216740778783619	17.3942504144364	1
15.875	28.25	0.999999481676071	0.798768704602308	-0.000193324898252191	17.1945588310087	1
16.125	28.25	0.999999770328329	0.798875999352187	-0.000174167154581019	16.994840364507	1
16.375	28.25	0.999999897685743	0.798973714026782	-0.000158557381585437	16.7950974276506	1
16.625	28.25	0.999999945060074	0.799062566132783	-0.000145895445615286	16.5953322434425	1
16.875	28.25	0.999999957629372	0.799143249164717	-0.000135673990487917	16.3955468564065	1
17.125	28.25	0.999999958282175	0.799216426151552	-0.000127464263383024	16.1957431432538	1
17.375	28.25	0.99999995713338	0.799282725360365	-0.000120904336123305	15.9959228231822	1
17.625	28.25	0.9999999576253	0.799342737711284	-0.000115689221839516	15.7960874679393	1
17.875	28.25	0.999999960150533	0.799397015533513	-0.000111562513483795	15.5962385116993	1
18.125	28.25	0.999999964016886	0.79944607235004	-0.000108309264170107	15.3963772607488	1
18.375	28.25	0.999999968385093	0.799490383436874	-0.000105749898680927	15.1965049029334	1
18.625	28.25	0.999999972627249	0.799530386954057	-0.000103734988977197	14.996622516803	1
18.875	28.25	0.999999976393779	0.7995664854817	-0.000102140762133097	14.7967310803893	1
19.125	28.25	0.999999979560866	0.799599047825718	-0.000100865236721527	14.59683147956	1
19.375	28.25	0.999999982146634	0.7996284109953	-9.98248967278588e-05	14.3969245159064	1
19.625	28.25	0.999999984239211	0.799654882265343	-9.89518318916467e-05	14.1970109141381	1
19.875	28.25	0.999999985946361	0.799678741263084	-9.81912803121012e-05	13.9970913289717	1
20.125	28.25	0.999999987367527	0.799700242033996	-9.74995202866137e-05	13.7971663515151	1
20.375	28.25	0.999999988581731	0.799719615049323	-9.68420644697286e-05	13.597236515155	1
20.625	28.25	0.999999989646019	0.799737069130482	-9.6192117385356e-05	13.3973023009696	1
20.875	28.25	0.999999990598105	0.799752793280239	-9.55292584543589e-05	13.1973641426847	1
21.125	28.25	0.999999991461975	0.799766958403112	-9.48383229846036e-05	12.997422431202	1
21.375	28.25	0.999999992251883	0.799779718912012	-9.41084523337203e-05	12.7974775187257	1
21.625	28.25	0.999999992976142	0.799791214223723	-9.33322908681299e-05	12.5975297225173	1
21.875	28.25	0.99999999364002	0.799801570140698	-9.25053077328595e-05	12.3975793283038	1
22.125	28.25	0.999999994247744	0.799810900120724	-9.16252283738532e-05	12.1976265933698	1
22.375	28.25	0.999999994802631	0.799819306444263	-9.0691557769692e-05	11.9976717493568	1
22.625	28.25	0.99999999530795	0.79982688128042	-8.97051832406398e-05	11.7977150047969	1
22.875	28.25	0.999999995766907	0.79983370765989	-8.86680444580941e-05	11.5977565474028	1
23.125	28.25	0.999999996183013	0.799839860362132	-8.7582861835072e-05	11.3977965461355	1
23.375	28.25	0.999999996559513	0.799845406719992	-8.64529121431493e-05	11.1978351530712	1
23.625	28.25	0.999999996899979	0.799850407348414	-8.52818475622802e-05	10.997872505085	1
23.875	28.25	0.999999997207553	0.799854916805976	-8.40735475135073e-05	10.7979087253694	1
24.125	28.25	0.999999997485314	0.799858984195196	-8.28320008155362e-05	10.5979439248028	1
24.375	28.25	0.999999997735934	0.799862653703126	-8.15612120412052e-05	10.3979782031815	1
24.625	28.25	0.99999999796199	0.799865965087848	-8.026512870853e-05	10.1980116503307	1
24.875	28.25	0.999999998165524	0.799868954121704	-7.89475850390831e-05	9.99804434710402	1
25.125	28.25	0.999999998348919	0.799871652988678	-7.761225977806e-05	9.79807636628349	1
25.375	28.25	0.999999998514193	0.799874090641758	-7.62626457860924e-05	9.59810777338943	1
25.625	28.25	0.999999998663095	0.799876293126133	-7.49020291075002e-05	9.39813862741022	1
25.875	28.25	0.999999998796877	0.799878283872388	-7.35334755762827e-05	9.19816898145806	1
26.125	28.25	0.999999998917172	0.799880083957054	-7.21598234347839e-05	8.99819888335924	1
26.375	28.25	0.999999999025189	0.799881712337822	-7.07836816222039e-05	8.79822837618541	1
26.625	28.25	0.999999999122263	0.79988318606688	-6.9407431386745e-05	8.59825749873193	1
26.875	28.25	0.999999999209747	0.799884520482437	-6.80332305304037e-05	8.39828628594725	1
27.125	28.25	0.999999999289222	0.799885729379572	-6.66630204164138e-05	8.19831476932025	1
27.375	28.25	0.999999999362087	0.799886825165831	-6.52985353175476e-05	7.998342977228	1
27.625	28.25	0.999999999429734	0.79988781900081	-6.39413115787759e-05	7.79837093524902	1
27.875	28.25	0.999999999493037	0.799888720921481	-6.25926986771146e-05	7.59839866644456	1
28.125	28.25	0.999999999551054	0.799889539953536	-6.12538703507429e-05	7.39842619161244	1
28.375	28.25	0.999999999599832	0.799890284214228	-5.99258359356751e-05	7.19845352951556	1
28.625	28.25	0.999999999632317	0.7998909610047	-5.86094514763904e-05	6.99848069708719	1
28.875	28.25	0.999999999640196	0.799891576891401	-5.73054314783846e-05	6.79850770961559	1
29.125	28.25	0.999999999619059	0.799892137779547	-5.60143597976064e-05	6.59853458090972	1
29.375	28.25	0.999999999578392	0.799892648980943	-5.47367002498874e-05	6.39856132344668	1
29.625	28.25	0.999999999553975	0.799893115272094	-5.3472807040326e-05	6.19858794850158	1
29.875	28.25	0.999999999615553	0.799893540944041	-5.22229345270472e-05	5.99861446626283	1
30.125	28.25	0.999999999858229	0.799893929849809	-5.09872468330931e-05	5.79864088593557	1
30.375	28.25	1.00000000036104	0.799894285445839	-4.97658264481626e-05	5.5986672158385	1
30.625	28.25	1.00000000109972	0.799894610831653	-4.85586820247749e-05	5.39869346350408	1
30.875	28.25	1.00000000182429	0.79989490879722	-4.73657550909659e-05	5.19871963578971	1
31.125	28.25	1.00000000195103	0.799895181875209	-4.61869248897928e-05	4.99874573900138	1
31.375	28.25	1.00000000057757	0.79989543239929	-4.50220136247774e-05	4.79877177901813	1
31.625	28.25	0.999999996778913	0.799895662557806	-4.38707917325985e-05	4.5987977613763	1
31.875	28.25	0.999999990325077	0.799895874411462	-4.27329856011539e-05	4.39882369124717	1
32.125	28.25	0.999999982808161	0.79989606984041	-4.16082925002462e-05	4.19884957322995	1
32.375	28.25	0.999999978810703	0.79989625038407	-4.04964012847854e-05	3.99887541092058	1
32.625	28.25	0.99999998620977	0.799896416978813	-3.9397016656612e-05	3.79890120634521	1
32.875	28.25	1.00000001419205	0.799896569690084	-3.83098772384634e-05	3.59892695957382	1
33.125	28.25	1.00000006751343	0.799896707670172	-3.72347444893765e-05	3.39895266911029	1
33.375	28.25	1.00000013666596	0.799896829701615	-3.61713372672972e-05	3.19897833382137	1
33.625	28.25	1.00000018657524	0.799896935686271	-3.51191949723913e-05	2.99900395692875	1
33.875	28.25	1.00000015126609	0.799897029141979	-3.40774862936433e-05	2.79902955158288	1
34.125	28.25	0.999999947084192	0.799897119990746	-3.3044853843149e-05	2.5990551455574	1
34.375	28.25	0.999999518645529	0.799897225689118	-3.20194757733824e-05	2.39908077998055	1
34.625	28.25	0.999998923439233	0.799897367468784	-3.09995933454978e-05	2.19910649507694	1
34.875	28.25	0.999998436364651	0.799897558131977	-2.99847056673708e-05	1.99913229722208	1
35.125	28.25	0.99999861277985	0.79989778013457	-2.8977340805902e-05	1.79915810959897	1
35.375	28.25	1.00000019935	0.799897959232599	-2.79847003576068e-05	1.59918372578604	1
35.625	28.25	1.00000375914514	0.799897950080557	-2.70186050282791e-05	1.39920880969942	1
35.875	28.25	1.00000893730081	0.799897562703328	-2.60914311191522e-05	1.19923300563855	1
36.125	28.25	1.00001349959041	0.79989666387413	-2.5205956098747e-05	0.999256216130619	1
36.375	28.25	1.00001265468399	0.799895370482183	-2.43393367450394e-05	0.799279041423198	1
36.625	28.25	0.999999636331494	0.799894296730289	-2.34267980911816e-05	0.599303227337766	1
36.875	28.25	0.999968795278408	0.799894711070258	-2.23586337161002e-05	0.399331748302488	1
37.125	28.25	0.999922029604928	0.799910870803387	-2.10115206732958e-05	0.199367950688326	1
37.375	28.25	0.999877659219466	0.399917728249725	-1.95678248426229e-05	-0.000593050376675485	1
0.125	28.75	0.000466457468044222	0.799967883005807	0.00127050480347237	22.8284430974395	1
0.375	28.75	0.000466876967850572	0.800453109154641	0.00108943186476718	22.8282698331668	1
0.625	28.75	0.000467675648508782	0.800735810246206	0.000863396115257622	22.8280225046805	1
0.875	28.75	0.00046858164969987	0.80099758604295	0.000597899155466394	22.8277039945435	1
1.125	28.75	0.000468913757734601	0.801209922996965	0.000342265175723288	22.8273234766307	1
1.375	28.75	0.000467457910235178	0.801338178940733	0.000157813114758505	22.8268989919906	1
1.625	28.75	0.000462470493604955	0.80135396129807	8.51472925566638e-05	22.8264580559422	1
1.875	28.75	0.000451892310281481	0.801255841472163	9.91979744761246e-05	22.8260338603895	1
2.125	28.75	0.000433839834146724	0.80108722552368	7.56809435897966e-05	22.8256552081669	1
2.375	28.75	0.000407390540847124	0.800925117826808	-0.000148531466628139	22.8253334258759	1
2.625	28.75	0.000373606333624015	0.800827586589519	-0.000579146811469294	22.8250576254447	1
2.875	28.75	0.000336669499775856	0.800786102903775	-0.000964643464998818	22.8248076657031	1
3.125	28.75	0.000304969502333107	0.800742020518816	-0.00104080248107192	22.8245731918948	1
3.375	28.75	0.000291983873879058	0.800642080679566	-0.000779010569248146	22.8243579158709	1
3.625	28.75	0.000316812724511459	0.800465221437449	-0.000314007858020391	22.8241697189288	1
3.875	28.75	0.000404216545970573	0.800209399109134	0.000209329891330575	22.824011110222	1
4.125	28.75	0.000583971579851504	0.799873019191361	0.000715146019375419	22.8238766889286	1
4.375	28.75	0.000889332022682785	0.799453245463389	0.00120407263712524	22.8237539178362	1
4.625	28.75	0.00135443487915784	0.798954563755102	0.00171203866187431	22.8236222471754	1
4.875	28.75	0.00201071197335278	0.798393961913363	0.00227174935870757	22.8234503183231	1
5.125	28.75	0.00288289568325878	0.797800245436498	0.0028996316618476	22.823193087652	1
5.375	28.75	0.00398597296450146	0.797211736696738	0.00359761977404375	22.8227892529262	1
5.625	28.75	0.00532525581819985	0.796674831990502	0.00435664919843554	22.8221575656244	1
5.875	28.75	0.00690256233939467	0.796243075460349	0.0051574336655123	22.8211896345942	1
6.125	28.75	0.00873266688408651	0.795975716965676	0.00596894530302255	22.8197360940863	1
6.375	28.75	0.0108761952439188	0.795935107182327	0.00674590082213946	22.8175819835658	1
6.625	28.75	0.0134985765461591	0.796182554619245	0.00742640353709733	22.8144058263718	1
6.875	28.75	0.0169700841441176	0.796772034321336	0.007930951850113	22.8097155558347	1
7.125	28.75	0.0220293634509142	0.797740195012048	0.00816433121248213	22.8027540398514	1
7.375	28.75	0.0300391169168579	0.799089173139341	0.00802216091498733	22.7923695557496	1
7.625	28.75	0.0433552665541697	0.800755995933884	0.00740383553168869	22.7768561918635	1
7.875	28.75	0.0657745030649061	0.802561644239344	0.00623328707577293	22.7537922270015	1
8.125	28.75	0.102846299678061	0.804144631499738	0.00448847422123418	22.719947685892	1
8.375	28.75	0.161455063980672	0.804931580842571	0.002238493485984	22.6713919382879	1
8.625	28.75	0.247645674738017	0.804289056603549	-0.00032158487328405	22.6039693446323	1
8.875	28.75	0.362109768414861	0.801998531088312	-0.0028687309483087	22.5142251178614	1
9.125	28.75	0.495583741720049	0.798772707997719	-0.00502601687398356	22.4005532179565	1
9.375	28.75	0.629898231211578	0.795981333158679	-0.00650688813598116	22.2639438101686	1
9.625	28.75	0.746776292189136	0.794531317360406	-0.00722929247622036	22.1077372829316	1
9.875	28.75	0.83653396095107	0.794299172356314	-0.00730556996168721	21.936485277969	1
10.125	28.75	0.899128911369636	0.794661590540989	-0.00694054625513515	21.7546748925295	1
10.375	28.75	0.939841133171668	0.795127954788546	-0.00633432653634588	21.5659540588631	1
10.625	28.75	0.965040072069652	0.795495630744371	-0.00563624461447241	21.3729375212903	1
10.875	28.75	0.980082935244432	0.795741685489175	-0.00493961207349321	21.1773481895673	1
11.125	28.75	0.988816222937701	0.795906228650829	-0.00429393587321941	20.9802573745492	1
11.375	28.75	0.99377304993982	0.796033733407562	-0.00371990947376274	20.782303477645	1
11.625	28.75	0.996534762998828	0.796155005761741	-0.00322149722154422	20.5838541428365	1
11.875	28.75	0.9980522363389	0.796286458537041	-0.00279411556036179	20.3851148246946	1
12.125	28.75	0.998880270898754	0.796434185447946	-0.00242959724308366	20.186197207328	1
12.375	28.75	0.999333857393145	0.796598122453785	-0.0021189343531536	19.9871605454118	1
12.625	28.75	0.999587135461518	0.796775089485148	-0.00185363512201783	19.7880357935155	1
12.875	28.75	0.999733871723512	0.796960714776363	-0.0016262796358671	19.5888392269488	1
13.125	28.75	0.999823325062359	0.797150533986958	-0.00143064713840539	19.3895798566528	1
13.375	28.75	0.999880890980336	0.79734054969209	-0.00126163708412897	19.1902632966219	1
13.625	28.75	0.999919604083658	0.797527463186971	-0.0011151086724686	18.9908936752491	1
13.875	28.75	0.999946312519012	0.79770872010742	-0.000987704148774632	18.7914745135173	1
14.125	28.75	0.999964851422466	0.797882459020858	-0.000876686602472104	18.5920090865436	1
14.375	28.75	0.999977593746822	0.798047416715168	-0.000779803905997421	18.3925005453576	1
14.625	28.75	0.99998616696028	0.798202821016789	-0.000695180576466188	18.1929519393824	1
14.875	28.75	0.999991767719164	0.798348287631219	-0.000621234786227271	17.993366205709	1
15.125	28.75	0.999995298629133	0.798483728802895	-0.000556616101701733	17.793746152891	1
15.375	28.75	0.999997435003962	0.798609276519944	-0.000500159368263222	17.594094448655	1
15.625	28.75	0.999998668204662	0.798725220216962	-0.000450850683995032	17.3944136131341	1
15.875	28.75	0.999999342245301	0.798831957565016	-0.000407802158957251	17.1947060165771	1
16.125	28.75	0.999999687455074	0.798929956406668	-0.000370232918432547	16.9949738800517	1
16.375	28.75	0.999999850585977	0.799019725826654	-0.000337454479507261	16.7952192779959	1
16.625	28.75	0.999999920099491	0.799101794522159	-0.000308859165126681	16.5954441419184	1
16.875	28.75	0.999999946002528	0.799176694889492	-0.000283910634576667	16.3956502648916	1
17.125	28.75	0.999999954407953	0.799244951539248	-0.000262135907393377	16.1958393066753	1
17.375	28.75	0.999999957551303	0.79930707320645	-0.000243118469581674	15.9960127993791	1
17.625	28.75	0.999999960244308	0.79936354724148	-0.000226492196638115	15.79617215359	1
17.875	28.75	0.999999963745632	0.799414836060049	-0.000211935922450757	15.5963186648699	1
18.125	28.75	0.99999996789824	0.799461375062907	-0.000199168544014757	15.3964535205128	1
18.375	28.75	0.999999972184883	0.799503571652925	-0.000187944591210412	15.1965778064378	1
18.625	28.75	0.999999976165694	0.7995418050666	-0.000178050211308699	14.9966925140998	1
18.875	28.75	0.999999979597135	0.799576426794221	-0.000169299532817992	14.7967985473056	1
19.125	28.75	0.999999982412606	0.799607761417942	-0.000161531380618424	14.5968967288471	1
19.375	28.75	0.999999984659203	0.799636107742499	-0.000154606315113807	14.3969878068779	1
19.625	28.75	0.999999986438334	0.799661740110927	-0.000148403974356657	14.1970724609829	1
19.875	28.75	0.999999987862344	0.799684909832501	-0.000142820694886521	13.9971513079062	1
20.125	28.75	0.999999989031047	0.799705846664312	-0.000137767390237712	13.7972249069218	1
20.375	28.75	0.999999990021781	0.799724760300849	-0.0001331676658667	13.5972937648358	1
20.625	28.75	0.99999999088925	0.799741841841878	-0.000128956150350835	13.3973583406299	1
20.875	28.75	0.999999991668629	0.7997572652198	-0.000125077020668542	13.1974190497484	1
21.125	28.75	0.999999992381485	0.79977118856294	-0.000121482706288644	12.997476268048	1
21.375	28.75	0.999999993039593	0.799783755489555	-0.000118132751195502	12.7975303354242	1
21.625	28.75	0.999999993649126	0.799795096328437	-0.000114992818666068	12.5975815591351	1
21.875	28.75	0.999999994213435	0.799805329259507	-0.000112033822638239	12.3976302168393	1
22.125	28.75	0.999999994734991	0.799814561373276	-0.000109231172596425	12.1976765593703	1
22.375	28.75	0.999999995215313	0.799822889656209	-0.000106564117279911	11.9977208132653	1
22.625	28.75	0.9999999956563	0.79983040189746	-0.000104015177000607	11.7977631830665	1
22.875	28.75	0.999999996059831	0.79983717752376	-0.0001015696526464	11.5978038534151	1
23.125	28.75	0.999999996428304	0.799843288368155	-9.921520338324e-05	11.3978429909526	1
23.375	28.75	0.999999996763989	0.799848799371807	-9.6941482187221e-05	11.1978807460465	1
23.625	28.75	0.999999997069659	0.799853769224416	-9.47398246749983e-05	10.9979172543562	1
23.875	28.75	0.999999997347675	0.7998582509515	-9.2602981395388e-05	10.7979526382516	1
24.125	28.75	0.999999997600423	0.79986229244877	-9.05248894162712e-05	10.5979870080988	1
24.375	28.75	0.999999997829891	0.799865936967386	-8.85004784819415e-05	10.3980204634235	1
24.625	28.75	0.999999998038118	0.799869223553985	-8.65255056034563e-05	10.1980530939643	1
24.875	28.75	0.999999998226696	0.799872187454377	-8.45964145748577e-05	9.99808498062566	1
25.125	28.75	0.999999998397521	0.799874860476788	-8.27102172628373e-05	9.79811619633899	1
25.375	28.75	0.999999998552197	0.799877271320902	-8.08643939922564e-05	9.59814680684169	1
25.625	28.75	0.999999998692234	0.799879445877152	-7.90568087532107e-05	9.39817687138139	1
25.875	28.75	0.999999998818745	0.799881407499541	-7.72856387741543e-05	9.19820644335176	1
26.125	28.75	0.999999998933091	0.79988317724939	-7.5549315579217e-05	8.99823557086692	1
26.375	28.75	0.999999999036276	0.799884774116701	-7.38464759967288e-05	8.79826429728057	1
26.625	28.75	0.999999999129412	0.79988621522271	-7.21759209226282e-05	8.5982926616549	1
26.875	28.75	0.999999999213745	0.79988751600134	-7.05365816588624e-05	8.3983206991829	1
27.125	28.75	0.999999999290613	0.799888690361532	-6.89274922576913e-05	8.19834844157084	1
27.375	28.75	0.999999999361339	0.799889750837179	-6.73477673624919e-05	7.99837591738294	1
27.625	28.75	0.999999999427342	0.799890708721993	-6.57965830416164e-05	7.7984031523523	1
27.875	28.75	0.999999999489415	0.799891574189871	-6.42731623694188e-05	7.59843016966141	1
28.125	28.75	0.999999999546442	0.79989235640373	-6.27767637695065e-05	7.39845699019587	1
28.375	28.75	0.999999999594571	0.799893063615979	-6.13066712460403e-05	7.19848363277323	1
28.625	28.75	0.999999999626916	0.799893703257993	-5.98621868538075e-05	6.99851011434926	1
28.875	28.75	0.99999999963514	0.799894282020186	-5.84426258468668e-05	6.79853645020423	1
29.125	28.75	0.999999999614827	0.799894805925452	-5.70473121861038e-05	6.59856265411013	1
29.375	28.75	0.99999999957532	0.799895280395692	-5.56755750549389e-05	6.39858873847985	1
29.625	28.75	0.999999999551724	0.799895710309367	-5.43267474124823e-05	6.19861471449922	1
29.875	28.75	0.999999999612609	0.799896100051403	-5.30001646056594e-05	5.99864059224431	1
30.125	28.75	0.999999999851583	0.799896453560384	-5.16951635855207e-05	5.798666380787	1
30.375	28.75	1.00000000034654	0.799896774370472	-5.04110826905063e-05	5.59869208829381	1
30.625	28.75	1.00000000107386	0.799897065650895	-4.91472610023051e-05	5.39871772212782	1
30.875	28.75	1.00000000178798	0.799897330253667	-4.79030378509071e-05	5.19874328896133	1
31.125	28.75	1.00000000191521	0.799897570765734	-4.66777512464523e-05	4.99876879490024	1
31.375	28.75	1.00000000056803	0.799897789566695	-4.5470736523225e-05	4.79879424560952	1
31.625	28.75	0.99999999683593	0.799897988883187	-4.42813265320311e-05	4.59881964639869	1
31.875	28.75	0.999999990490649	0.799898170806631	-4.31088547171113e-05	4.39884500220225	1
32.125	28.75	0.999999983093931	0.799898337241907	-4.19526650825186e-05	4.19887031737872	1
32.375	28.75	0.999999979146744	0.799898489751455	-4.08121292936382e-05	3.99889559528873	1
32.625	28.75	0.999999986390329	0.79989862929746	-3.96866678066983e-05	3.79892083773971	1
32.875	28.75	1.00000001385894	0.799898755979186	-3.85757641470167e-05	3.59894604460715	1
33.125	28.75	1.00000006624242	0.799898868992078	-3.74789509795234e-05	3.39897121421812	1
33.375	28.75	1.00000013422597	0.799898967161419	-3.63957421067104e-05	3.1989963452468	1
33.625	28.75	1.00000018338178	0.7998990504061	-3.53254919442449e-05	2.99902144063743	1
33.875	28.75	1.00000014891591	0.799899122191461	-3.42672012267855e-05	2.79904651308279	1
34.125	28.75	0.999999948633828	0.799899192268905	-3.32193593531849e-05	2.59907158964207	1
34.375	28.75	0.999999528048014	0.799899277789037	-3.21800044160185e-05	2.39909671050455	1
34.625	28.75	0.999998943455389	0.799899399611798	-3.1147251617624e-05	2.19912191499636	1
34.875	28.75	0.999998464613875	0.799899570322117	-3.01204920574195e-05	1.99914720923174	1
35.125	28.75	0.999998636713491	0.799899772706572	-2.91021715674787e-05	1.79917251765138	1
35.375	28.75	1.00000019293375	0.799899933871356	-2.80994420529814e-05	1.59919763742486	1
35.625	28.75	1.00000368644311	0.799899911094501	-2.71241050079151e-05	1.3992222383545	1
35.875	28.75	1.00000876946419	0.799899517813417	-2.61885272888527e-05	1.19924597088122	1
36.125	28.75	1.00001324931603	0.799898623165884	-2.52954352668614e-05	0.999268738850975	1
36.375	28.75	1.00001242288381	0.799897341853201	-2.44218122396366e-05	0.799291131012826	1
36.625	28.75	0.999999647942252	0.799896276849565	-2.3502503799367e-05	0.599314860753669	1
36.875	28.75	0.999969378296831	0.799896673471055	-2.24271998467715e-05	0.399342847681824	1
37.125	28.75	0.999923476192539	0.799912526437804	-2.10719025884269e-05	0.199378376673725	1
37.375	28.75	0.999879923898087	0.399919247316848	-1.96198912914515e-05	-0.000583346969830173	1
0.125	29.25	0.000460318689962978	0.799969956505174	0.000744112701627485	22.8283461381902	1
0.375	29.25	0.000460739280710341	0.800452477328762	0.000610872868052904	22.8281753595192	1
0.625	29.25	0.000461544319720143	0.800734600568176	0.000451681199846633	22.8279305652782	1
0.875	29.25	0.000462470698528792	0.800992318303287	0.000339488202035137	22.8276158467349	1
1.125	29.25	0.000462850478598501	0.801198645325559	0.000359359556445899	22.8272407505027	1
1.375	29.25	0.000461485635328091	0.801317426773736	0.000596749429268616	22.8268237063332	1
1.625	29.25	0.000456646969061541	0.801316899430242	0.00107257643414139	22.8263932176269	1
1.875	29.25	0.000446280416050776	0.801193322749151	0.00165468583763768	22.8259842413981	1
2.125	29.25	0.000428487014995615	0.800992465627586	0.00202163157429042	22.8256274282028	1
2.375	29.25	0.000402293231775851	0.800797326671833	0.0018336121666128	22.8253349610041	1
2.625	29.25	0.000368656091823473	0.800670019965505	0.00110476771304776	22.8250957236473	1
2.875	29.25	0.000331579154022168	0.800603461677754	0.000302306286168406	22.8248888972991	1
3.125	29.25	0.000299180591141758	0.8005427155363	-0.000123622392461971	22.8247028657686	1
3.375	29.25	0.000284558906560851	0.800440291015658	-9.49221379202514e-05	22.8245386359904	1
3.625	29.25	0.00030631429813187	0.800277400020228	0.000256550938792951	22.8244000994713	1
3.875	29.25	0.000388570940212722	0.800048936695749	0.000789639159040869	22.8242861965243	1
4.125	29.25	0.000560309857222318	0.799749600300594	0.00140568223695876	22.8241894010034	1
4.375	29.25	0.000853794631072842	0.799376356024935	0.00204841678287808	22.8240958038539	1
4.625	29.25	0.00130191489362591	0.798936636352708	0.0026921312289087	22.8239832394448	1
4.875	29.25	0.00193450476118528	0.798451860481313	0.00332691843385848	22.8238180925206	1
5.125	29.25	0.00277421712646425	0.797956418970076	0.00394575001398272	22.8235523515441	1
5.375	29.25	0.00383327316436143	0.797495985098865	0.00453680875389535	22.8231209343186	1
5.625	29.25	0.00511316385089987	0.797126679082609	0.00508137814411517	22.8224378608137	1
5.875	29.25	0.00661016425895408	0.796914354765967	0.00555498245565551	22.8213890494559	1
6.125	29.25	0.00833065710407336	0.796932790952034	0.00592946125270327	22.8198188350724	1
6.375	29.25	0.0103222236074226	0.797259885238132	0.00617488151754644	22.817506341225	1
6.625	29.25	0.0127297971623764	0.797971234930668	0.00626107965330143	22.814126535338	1
6.875	29.25	0.0158914907637208	0.799130437068753	0.00615898071335256	22.8091894288206	1
7.125	29.25	0.0204961090479361	0.800774827543075	0.00584200229821277	22.8019502669152	1
7.375	29.25	0.0278312787241789	0.802893903314126	0.00528801561066951	22.7912855811128	1
7.625	29.25	0.0401463382281085	0.805395416522617	0.00448254933407517	22.7755384628209	1
7.875	29.25	0.0611048215221898	0.80805344348802	0.00342420813816378	22.7523576492138	1
8.125	29.25	0.096136947649046	0.810443041101822	0.00213355581227208	22.718596013054	1
8.375	29.25	0.152137033869809	0.811909883955604	0.000666119433347295	22.6703932931751	1
8.625	29.25	0.235490351967599	0.811714151310288	-0.000874012979489681	22.6036111895932	1
8.875	29.25	0.347700429167104	0.8095067610532	-0.00233370068968815	22.5147206979827	1
9.125	29.25	0.480503339627024	0.805908264491519	-0.00354375167829871	22.4019509258562	1
9.375	29.25	0.616135979225329	0.802346741448023	-0.0043834253010832	22.2661011836616	1
9.625	29.25	0.735710993926965	0.79993490265705	-0.00482969954869311	22.1103861402595	1
9.875	29.25	0.828487253418774	0.798749003135733	-0.00494766082662907	21.9393394690312	1
10.125	29.25	0.893677727552338	0.798265016616213	-0.00483972986392608	21.7575092291583	1
10.375	29.25	0.936314952373061	0.798017683908259	-0.00460077604334729	21.5686283459468	1
10.625	29.25	0.962823408321963	0.797801045099162	-0.00429939358729877	21.3753837912717	1
10.875	29.25	0.978713105146849	0.797579634088138	-0.00397801460673309	21.179546636374	1
11.125	29.25	0.987977988345781	0.797377203225649	-0.00365988696246027	20.9822151650155	1
11.375	29.25	0.99326269165465	0.797220516042304	-0.00335625468339995	20.7840403392888	1
11.625	29.25	0.996224491953628	0.797123321496477	-0.00307163173311327	20.5853939432458	1
11.875	29.25	0.99786329575981	0.797086983870472	-0.00280711350449026	20.3864812384949	1
12.125	29.25	0.998764664999238	0.797105156542477	-0.00256225231069291	20.1874118161964	1
12.375	29.25	0.999262559601691	0.797167972781767	-0.00233602822636975	19.9882422472905	1
12.625	29.25	0.999542682525285	0.797264798332927	-0.00212730147717849	19.7890008449974	1
12.875	29.25	0.999705787338013	0.797385742248455	-0.00193499029248857	19.5897015446307	1
13.125	29.25	0.999805324321523	0.79752233443075	-0.00175811576155457	19.3903513860406	1
13.375	29.25	0.99986918919203	0.797667711897375	-0.00159579058225645	19.1909543604946	1
13.625	29.25	0.999911902936237	0.797816545293515	-0.00144719070198711	18.9915132683837	1
13.875	29.25	0.99994119745335	0.797964847248983	-0.0013115277810745	18.7920305379008	1
14.125	29.25	0.999961435987641	0.798109743176968	-0.0011880292581231	18.5925085331947	1
14.375	29.25	0.999975310650024	0.798249247024303	-0.00107592724332263	18.3929496329278	1
14.625	29.25	0.99998464528549	0.798382061870723	-0.000974454996718365	18.1933562199033	1
14.875	29.25	0.999990760276963	0.798507412442425	-0.000882848899735611	17.9937306464236	1
15.125	29.25	0.999994638294661	0.798624909745256	-0.000800353802700635	17.7940752011975	1
15.375	29.25	0.999997007821748	0.798734444692348	-0.000726229964630361	17.5943920853516	1
15.625	29.25	0.999998396288226	0.798836106308028	-0.00065976025332336	17.3946833976066	1
15.875	29.25	0.999999172527533	0.798930119915211	-0.000600256717567115	17.1949511263741	1
16.125	29.25	0.99999958405743	0.799016801091499	-0.000547066015636773	16.9951971464164	1
16.375	29.25	0.999999789524163	0.799096521792506	-0.000499573471653691	16.7954232183184	1
16.625	29.25	0.99999988556423	0.799169685712743	-0.000457205733612016	16.5956309896747	1
16.875	29.25	0.999999927740093	0.799236710564031	-0.000419432133971955	16.3958219973864	1
17.125	29.25	0.999999945885108	0.799298015496999	-0.00038576492477059	16.1959976707614	1
17.375	29.25	0.999999954684586	0.799354012319272	-0.000355758591057212	15.9961593352503	1
17.625	29.25	0.999999960533298	0.799405099501837	-0.000329008446817513	15.7963082167113	1
17.875	29.25	0.999999965692723	0.799451658234727	-0.000305148704376661	15.5964454461012	1
18.125	29.25	0.999999970627973	0.799494049978657	-0.000283850184667799	15.3965720644858	1
18.375	29.25	0.99999997519963	0.799532615108859	-0.00026481780819613	15.1966890282573	1
18.625	29.25	0.999999979192492	0.799567672355213	-0.000247787979121063	14.9967972144501	1
18.875	29.25	0.999999982493664	0.799599518810949	-0.000232525952235659	14.7968974260534	1
19.125	29.25	0.999999985110677	0.799628430346233	-0.000218823248556495	14.596990397239	1
19.375	29.25	0.999999987131658	0.799654662306464	-0.000206495166896702	14.3970767984344	1
19.625	29.25	0.999999988680212	0.799678450395815	-0.000195378425824286	14.1971572411929	1
19.875	29.25	0.999999989880214	0.799700011682691	-0.000185328955305272	13.9972322828257	1
20.125	29.25	0.999999990837357	0.799719545672174	-0.000176219850323609	13.7973024307751	1
20.375	29.25	0.999999991631585	0.799737235405689	-0.000167939490730201	13.597368146718	1
20.625	29.25	0.999999992318506	0.799753248563099	-0.00016038982623775	13.3974298503987	1
20.875	29.25	0.999999992933302	0.799767738547489	-0.000153484820510797	13.1974879231924	1
21.125	29.25	0.999999993497094	0.799780845531519	-0.000147149049576619	12.9975427114085	1
21.375	29.25	0.999999994020901	0.79979269746287	-0.000141316442754898	12.797594529344	1
21.625	29.25	0.999999994510164	0.799803411020594	-0.000135929157093903	12.5976436620992	1
21.875	29.25	0.999999994967246	0.799813092516851	-0.000130936575191362	12.3976903681675	1
22.125	29.25	0.999999995393488	0.79982183874183	-0.000126294415271595	12.1977348818161	1
22.375	29.25	0.999999995789256	0.799829737756467	-0.000121963942670498	11.9977774152682	1
22.625	29.25	0.999999996155569	0.799836869627232	-0.000117911274230307	11.7978181607019	1
22.875	29.25	0.999999996493371	0.799843307108685	-0.000114106764544121	11.5978572920789	1
23.125	29.25	0.999999996804097	0.799849116277555	-0.00011052446680767	11.3978949668158	1
23.375	29.25	0.999999997089172	0.799854357115118	-0.00010714165901268	11.1979313273083	1
23.625	29.25	0.999999997350543	0.799859084042299	-0.000103938429205336	10.997966502323	1
23.875	29.25	0.999999997589835	0.799863346415835	-0.000100897312287764	10.7980006082651	1
24.125	29.25	0.999999997808879	0.799867188980775	-9.8002972125484e-05	10.5980337503325	1
24.375	29.25	0.999999998009155	0.799870652285123	-9.52419253937291e-05	10.3980660235665	1
24.625	29.25	0.999999998192097	0.799873773059634	-9.2602299739663e-05	10.1980975138076	1
24.875	29.25	0.999999998358792	0.79987658456763	-9.00736233868434e-05	9.99812829856395	1
25.125	29.25	0.999999998510622	0.7998791169207	-8.76466419760213e-05	9.79815844780035	1
25.375	29.25	0.999999998648813	0.799881397368109	-8.53131602278844e-05	9.59818802465485	1
25.625	29.25	0.999999998774625	0.799883450561633	-8.30659029277211e-05	9.39821708608959	1
25.875	29.25	0.999999998889	0.799885298797015	-8.08983951337375e-05	9.19824568348086	1
26.125	29.25	0.999999998992933	0.799886962232011	-7.88048585249115e-05	8.99827386315446	1
26.375	29.25	0.999999999087182	0.799888459085909	-7.67801210475347e-05	8.79830166687131	1
26.625	29.25	0.999999999172632	0.799889805822283	-7.48195382276616e-05	8.59832913226757	1
26.875	29.25	0.999999999250364	0.799891017313135	-7.29189259257355e-05	8.39835629325276	1
27.125	29.25	0.999999999321524	0.799892106987136	-7.10745016568019e-05	8.19838318037148	1
27.375	29.25	0.999999999387347	0.799893086967961	-6.9282833885105e-05	7.99840982113049	1
27.625	29.25	0.999999999449161	0.799893968198394	-6.75407977341842e-05	7.79843624029452	1
27.875	29.25	0.999999999507621	0.799894760550846	-6.58455373923368e-05	7.59846246015415	1
28.125	29.25	0.999999999561514	0.799895472929315	-6.41944333040749e-05	7.39848850076893	1
28.375	29.25	0.999999999607075	0.799896113363687	-6.25850734029908e-05	7.1985143801869	1
28.625	29.25	0.999999999637517	0.799896689092421	-6.10152284269036e-05	6.99854011464316	1
28.875	29.25	0.999999999644493	0.799897206638121	-5.94828311941837e-05	6.79856571873997	1
29.125	29.25	0.999999999623631	0.799897671878156	-5.79859578909764e-05	6.59859120560835	1
29.375	29.25	0.999999999584077	0.799898090106635	-5.65228117676246e-05	6.39861658705256	1
29.625	29.25	0.999999999560182	0.799898466088748	-5.50917102946566e-05	6.19864187367865	1
29.875	29.25	0.999999999619382	0.799898804109365	-5.36910730589434e-05	5.99866707500853	1
30.125	29.25	0.999999999853769	0.799899108017767	-5.2319411146473e-05	5.79869219958282	1
30.375	29.25	1.00000000033998	0.799899381267822	-5.09753187238495e-05	5.59871725505753	1
30.625	29.25	1.0000000010551	0.79989962695593	-4.96574643002362e-05	5.39874224830371	1
30.875	29.25	1.00000000175806	0.799899847867088	-4.83645830310109e-05	5.19876718551815	1
31.125	29.25	1.00000000188512	0.799900046526395	-4.70954692071836e-05	4.99879207234558	1
31.375	29.25	1.00000000056369	0.799900225254909	-4.58489685903286e-05	4.79881691400185	1
31.625	29.25	0.999999996897879	0.799900386222878	-4.46239732901592e-05	4.59884171535834	1
31.875	29.25	0.999999990661132	0.799900531467384	-4.34194204855539e-05	4.39886648092285	1
32.125	29.25	0.999999983384679	0.79990066284147	-4.22342977994958e-05	4.19889121464245	1
32.375	29.25	0.999999979487607	0.799900781860947	-4.10676566377646e-05	3.99891591948915	1
32.625	29.25	0.999999986574804	0.799900889451508	-3.99186299724718e-05	3.79894059691414	1
32.875	29.25	1.00000001352736	0.799900985690532	-3.87864432790546e-05	3.59896524647503	1
33.125	29.25	1.00000006496869	0.799901069766043	-3.76703978023058e-05	3.39898986621143	1
33.375	29.25	1.00000013177807	0.799901140500949	-3.65697994783992e-05	3.19901445450567	1
33.625	29.25	1.00000018017709	0.799901197790737	-3.5483815476e-05	2.99903901393507	1
33.875	29.25	1.0000001465579	0.799901245011261	-3.44112773959008e-05	2.79906355665366	1
34.125	29.25	0.999999950191991	0.799901291709632	-3.33505207224041e-05	2.59908810893231	1
34.375	29.25	0.999999537492094	0.799901354699978	-3.22994432878473e-05	2.39911270995388	1
34.625	29.25	0.999998963557645	0.799901454443203	-3.12560342428087e-05	2.19913739808539	1
34.875	29.25	0.999998492983155	0.799901603282809	-3.02195754984896e-05	1.99916217912751	1
35.125	29.25	0.999998660747399	0.799901784316482	-2.91924257411647e-05	1.79918697873818	1
35.375	29.25	1.00000018648687	0.799901925987926	-2.81816764748743e-05	1.59921159765219	1
35.625	29.25	1.0000036134262	0.79990188819335	-2.71990943861029e-05	1.39923571154597	1
35.875	29.25	1.00000860090579	0.799901487782379	-2.62570210899153e-05	1.19925897699468	1
36.125	29.25	1.00001299797026	0.799900596254257	-2.53581290152216e-05	0.999281299138396	1
36.375	29.25	1.00001219010384	0.799899326102054	-2.44792598355326e-05	0.799303255150815	1
36.625	29.25	0.999999659650603	0.799898269015188	-2.35549688304762e-05	0.599326525819067	1
36.875	29.25	0.999969963937549	0.799898647070784	-2.24744945570111e-05	0.399353975670028	1
37.125	29.25	0.999924929234474	0.799914191192639	-2.11133391745246e-05	0.199388827792666	1
37.375	29.25	0.99988219869192	0.399920774569194	-1.96553939650666e-05	-0.000573621943886319	1
0.125	29.75	0.000456917562499528	0.799949486353356	0.000143357121750434	22.8282456132394	1
0.375	29.75	0.000457332739993404	0.800388213959795	5.54560044806103e-05	22.8280873186999	1
0.625	29.75	0.000458128220987476	0.800622785813222	-6.65376605688703e-05	22.8278658744153	1
0.875	29.75	0.000459045705328041	0.800822977671494	-0.000110082692558247	22.8275885894847	1
1.125	29.75	0.000459427524146184	0.800970384999141	3.55041908325261e-05	22.8272664437549	1
1.375	29.75	0.000458092192607859	0.801042475284648	0.00045258044430787	22.826916630383	1
1.625	29.75	0.000453332019562592	0.801026757186476	0.00111280071803192	22.8265620512509	1
1.875	29.75	0.000443115011880717	0.800936967428696	0.00178353129826128	22.8262266179033	1
2.125	29.75	0.000425556852052359	0.800817976732077	0.00205572839295051	22.8259268211925	1
2.375	29.75	0.00039968032973223	0.800720800318173	0.00163843559362488	22.8256648939495	1
2.625	29.75	0.000366408567340024	0.800660100527886	0.000743116534189287	22.8254319749507	1
2.875	29.75	0.000329670113805135	0.800606695210307	-1.36970453355459e-05	22.8252208169305	1
3.125	29.75	0.000297458227976837	0.800526012925536	-0.000220332830665142	22.8250329849551	1
3.375	29.75	0.000282690548087854	0.800405332311881	7.24864225833641e-05	22.8248727303164	1
3.625	29.75	0.000303728686585476	0.800244204589368	0.000646247040297221	22.824739451307	1
3.875	29.75	0.000384404616162176	0.800039295184266	0.00134535601895573	22.8246264144575	1
4.125	29.75	0.000553363873719165	0.799784303841206	0.0020909043157996	22.8245215058797	1
4.375	29.75	0.000842507927393137	0.799476751546466	0.00283910672487312	22.8244064360934	1
4.625	29.75	0.00128436103425405	0.799122487160549	0.00355687226161187	22.824254704008	1
4.875	29.75	0.00190841593372102	0.798737161026299	0.00421436914562427	22.8240294443613	1
5.125	29.75	0.00273702966217273	0.798346598490923	0.0047817626333355	22.8236814592889	1
5.375	29.75	0.00378217452889089	0.797987075454124	0.00522651225486296	22.8231469075017	1
5.625	29.75	0.00504510599687926	0.797705583014218	0.00551309315212964	22.8223434312415	1
5.875	29.75	0.00652179202154973	0.797559749800098	0.00560609273034383	22.8211627460385	1
6.125	29.75	0.00821808034700059	0.797616790527177	0.00547586699727755	22.8194568472963	1
6.375	29.75	0.0101805337460347	0.797950666601411	0.00510541752970772	22.8170139456477	1
6.625	29.75	0.0125521845085318	0.798636593445384	0.00449721297469763	22.8135189799897	1
6.875	29.75	0.0156677534862482	0.799741891568672	0.00367864711465746	22.8084922574908	1
7.125	29.75	0.0202102749541336	0.801311614667635	0.00270463413459907	22.8011991827673	1
7.375	29.75	0.0274580763232201	0.803346046657587	0.00165573029847898	22.7905260207179	1
7.625	29.75	0.0396466212423276	0.805765110590598	0.0006304367637924	22.7748249663004	1
7.875	29.75	0.060421391673677	0.808354247347315	-0.000268808040989472	22.7517527490748	1
8.125	29.75	0.0951955159566514	0.810696642737527	-0.000955024450168827	22.7181676880404	1
8.375	29.75	0.15086240519954	0.812140141207132	-0.00137876922838973	22.6702093204179	1
8.625	29.75	0.233849740506396	0.811938111820784	-0.00154761268864493	22.6037288985657	1
8.875	29.75	0.345766980825099	0.809725196217719	-0.00153314271792514	22.5151731234376	1
9.125	29.75	0.478484245294536	0.80610541691513	-0.00145210028458096	22.4027351845925	1
9.375	29.75	0.614296458445371	0.80250694920748	-0.00141931535027888	22.2671774988731	1
9.625	29.75	0.734237355439699	0.800060813491508	-0.00149876091914389	22.1116902088525	1
9.875	29.75	0.827423469657612	0.798860299685128	-0.00168860827265115	21.9408005772384	1
10.125	29.75	0.89296594073856	0.798384977489318	-0.00194385577197649	21.7590638271058	1
10.375	29.75	0.93586306319936	0.798164096888446	-0.00220945252634615	21.5702254287632	1
10.625	29.75	0.96254672433315	0.797984029917846	-0.00244183690847782	21.3769846598952	1
10.875	29.75	0.97854795372801	0.797802521686338	-0.00261569204607686	21.1811226135192	1
11.125	29.75	0.987881102406905	0.797638151184495	-0.00272189048723477	20.9837452579421	1
11.375	29.75	0.99320633439547	0.797514172977375	-0.00276245088005355	20.7855094415277	1
11.625	29.75	0.996191568564627	0.797442329149059	-0.00274565466741153	20.5867915516606	1
11.875	29.75	0.997843608747265	0.79742320359526	-0.00268241874364565	20.3878005216559	1
12.125	29.75	0.998752325798106	0.797450571569071	-0.00258399504223928	20.1886488978577	1
12.375	29.75	0.999254286639528	0.797515278353973	-0.00246070643813845	19.9893956230265	1
12.625	29.75	0.99953671728801	0.797607730381301	-0.00232137955611885	19.7900708897042	1
12.875	29.75	0.999701223913839	0.797719209263083	-0.00217319802482692	19.5906900906059	1
13.125	29.75	0.999801708775581	0.797842414561925	-0.00202178318376828	19.391261361638	1
13.375	29.75	0.999866290721379	0.797971566656023	-0.0018713801687293	19.1917894834198	1
13.625	29.75	0.9999095909099	0.798102288483981	-0.00172507826895133	18.9922777889481	1
13.875	29.75	0.999939380890699	0.798231396054642	-0.00158502766374377	18.7927290277244	1
14.125	29.75	0.999960037656571	0.798356668857666	-0.00145263474342727	18.5931457147267	1
14.375	29.75	0.999974258714637	0.798476635630068	-0.00132872956083559	18.3935302450407	1
14.625	29.75	0.999983872628444	0.798590390425335	-0.00121370490483963	18.1938849148229	1
14.875	29.75	0.999990206245529	0.798697442764022	-0.0011076292689459	17.9942119133911	1
15.125	29.75	0.999994250427129	0.798797599998797	-0.00101033706057735	17.794513312512	1
15.375	29.75	0.999996742688458	0.798890877563295	-0.000921499587999159	17.5947910607858	1
15.625	29.75	0.999998219373653	0.798977432057916	-0.00084068014289619	17.3950469835928	1
15.875	29.75	0.999999057401701	0.799057512326208	-0.000767376122030617	17.195282786793	1
16.125	29.75	0.999999511155184	0.799131424290923	-0.000701050714579316	16.995500062271	1
16.375	29.75	0.999999744803514	0.799199506062674	-0.000641156281091572	16.7957002940011	1
16.625	29.75	0.999999859229942	0.799262110580414	-0.000587151190045062	16.5958848639415	1
16.875	29.75	0.999999913136658	0.799319593682449	-0.000538511560047534	16.3960550575139	1
17.125	29.75	0.999999938599028	0.799372306051507	-0.000494739082007628	16.1962120686779	1
17.375	29.75	0.999999951854079	0.799420587896868	-0.00045536586826176	15.9963570047078	1
17.625	29.75	0.999999960340374	0.799464765555745	-0.000419957078512697	15.7964908907905	1
17.875	29.75	0.999999967003799	0.799505149439743	-0.000388111915505985	15.5966146745284	1
18.125	29.75	0.999999972747815	0.79954203291707	-0.000359463451333216	15.3967292303915	1
18.375	29.75	0.999999977708125	0.799575691848166	-0.000333677639752333	15.1968353641244	1
18.625	29.75	0.999999981839263	0.799606384575643	-0.000310451784679655	14.9969338170917	1
18.875	29.75	0.999999985131638	0.799634352223241	-0.000289512670368034	14.7970252705304	1
19.125	29.75	0.99999998765513	0.799659819207886	-0.000270614502908415	14.5971103496817	1
19.375	29.75	0.999999989535579	0.799682993894863	-0.000253536774053621	14.3971896277681	1
19.625	29.75	0.999999990919583	0.799704069339432	-0.000238082126598075	14.1972636297977	1
19.875	29.75	0.999999991945046	0.7997232240836	-0.000224074275367716	13.9973328361762	1
20.125	29.75	0.99999999272634	0.799740622976558	-0.000211356021472075	13.7973976861204	1
20.375	29.75	0.999999993348721	0.79975641799892	-0.000199787382458802	13.5974585808673	1
20.625	29.75	0.999999993871137	0.799770749080561	-0.000189243851125737	13.3975158866827	1
20.875	29.75	0.999999994330905	0.799783744900258	-0.000179614788737462	13.1975699376685	1
21.125	29.75	0.99999999475032	0.799795523654826	-0.000170801954131914	12.9976210383798	1
21.375	29.75	0.999999995140871	0.799806193801005	-0.000162718164306012	12.7976694662566	1
21.625	29.75	0.999999995508126	0.79981585476172	-0.00015528608085695	12.5977154738794	1
21.875	29.75	0.999999995854156	0.799824597595601	-0.000148437116436866	12.3977592910576	1
22.125	29.75	0.999999996179833	0.799832505628914	-0.000142110451477395	12.1978011267612	1
22.375	29.75	0.999999996485037	0.799839655052162	-0.000136252153239817	11.9978411709023	1
22.625	29.75	0.999999996770196	0.799846115477104	-0.000130814389571309	11.7978795959796	1
22.875	29.75	0.999999997035518	0.799851950458998	-0.000125754727316627	11.5979165585909	1
23.125	29.75	0.99999999728161	0.799857217985359	-0.000121035508498536	11.3979522008257	1
23.375	29.75	0.99999999750923	0.799861970928765	-0.000116623296813384	11.1979866515426	1
23.625	29.75	0.999999997719643	0.799866257466148	-0.00011248838598157	10.998020027544	1
23.875	29.75	0.999999997913856	0.799870121472372	-0.000108604365049309	10.7980524346515	1
24.125	29.75	0.999999998093117	0.799873602880467	-0.000104947733182116	10.5980839686919	1
24.375	29.75	0.99999999825838	0.799876738014781	-0.000101497560275996	10.3981147163993	1
24.625	29.75	0.999999998410449	0.799879559899724	-9.82351861403404e-05	10.1981447562413	1
24.875	29.75	0.999999998549962	0.799882098545771	-9.51439557937031e-05	9.99817415917256	1
25.125	29.75	0.999999998677897	0.799884381208786	-9.22089854936121e-05	9.79820298932387	1
25.375	29.75	0.999999998795122	0.799886432630651	-8.94169572085916e-05	9.59823130463145	1
25.625	29.75	0.999999998902542	0.799888275261583	-8.67559365713806e-05	9.39825915741044	1
25.875	29.75	0.999999999000841	0.799889929462127	-8.42152130465757e-05	9.19828659487765	1
26.125	29.75	0.999999999090683	0.799891413688324	-8.17851594334503e-05	8.99831365962838	1
26.375	29.75	0.999999999172641	0.799892744662798	-7.945710760226e-05	8.7983403900703	1
26.625	29.75	0.999999999247389	0.799893937531265	-7.72232388321258e-05	8.59836682081832	1
26.875	29.75	0.999999999315758	0.799895006003888	-7.50764882632739e-05	8.39839298305355	1
27.125	29.75	0.999999999378685	0.7998959624847	-7.30104598724857e-05	8.19841890485041	1
27.375	29.75	0.99999999943728	0.799896818192537	-7.10193516108322e-05	7.9984446114735	1
27.625	29.75	0.999999999492709	0.799897583269816	-6.90978897699562e-05	7.798470125647	1
27.875	29.75	0.999999999545528	0.799898266879946	-6.7241271275346e-05	7.59849546779955	1
28.125	29.75	0.99999999959452	0.799898877298437	-6.54451122077718e-05	7.39852065628711	1
28.375	29.75	0.999999999635887	0.79989942199707	-6.37054027842391e-05	7.19854570759476	1
28.625	29.75	0.999999999662848	0.799899907717383	-6.2018467664623e-05	6.99857063651971	1
28.875	29.75	0.999999999667141	0.799900340538833	-6.03809308064869e-05	6.79859545633788	1
29.125	29.75	0.999999999644468	0.799900725943393	-5.87896843278384e-05	6.59862017895366	1
29.375	29.75	0.999999999603741	0.79990106887073	-5.72418609774367e-05	6.39864481503367	1
29.625	29.75	0.999999999578557	0.799901373767746	-5.57348106060792e-05	6.19866937412665	1
29.875	29.75	0.999999999635215	0.799901644633889	-5.42660783859451e-05	5.99869386476928	1
30.125	29.75	0.999999999864221	0.799901885060928	-5.28333856085278e-05	5.79871829458191	1
30.375	29.75	1.0000000003409	0.799902098269962	-5.14346136553032e-05	5.59874267035927	1
30.625	29.75	1.0000000010431	0.799902287147011	-5.0067787791046e-05	5.39876699816415	1
30.875	29.75	1.00000000173429	0.799902454285335	-4.87310627647581e-05	5.19879128343271	1
31.125	29.75	1.00000000186056	0.799902602035159	-4.74227098507595e-05	4.99881553109178	1
31.375	29.75	1.00000000056438	0.799902732557427	-4.61411034599822e-05	4.7988397456769	1
31.625	29.75	0.999999996964598	0.79990284787389	-4.48847109188919e-05	4.59886393141302	1
31.875	29.75	0.99999999083628	0.799902949883687	-4.36520872513112e-05	4.39888809219398	1
32.125	29.75	0.99999998368005	0.799903040312789	-4.24418763329154e-05	4.19891223138702	1
32.375	29.75	0.999999979832963	0.799903120562642	-4.12528202898589e-05	3.99893635142414	1
32.625	29.75	0.999999986763089	0.799903191461127	-4.00837741799316e-05	3.79896045326431	1
32.875	29.75	1.00000001319773	0.799903253008309	-3.89337142014167e-05	3.59898453602532	1
33.125	29.75	1.00000006369369	0.7999033043354	-3.78017179127994e-05	3.39900859734996	1
33.375	29.75	1.00000012932492	0.79990334421841	-3.66868901944821e-05	3.19903263523041	1
33.625	29.75	1.0000001769643	0.79990337248856	-3.55882176434037e-05	2.99905665178862	1
33.875	29.75	1.00000014419368	0.799903392395722	-3.4504369236495e-05	2.79908065856023	1
34.125	29.75	0.99999995175509	0.799903413250215	-3.34335329268387e-05	2.59910468095532	1
34.375	29.75	0.99999954696436	0.799903451499545	-3.23734727945767e-05	2.39912875708441	1
34.625	29.75	0.999998983720123	0.799903527178102	-3.1322057956974e-05	2.19915292429618	1
34.875	29.75	0.999998521438572	0.799903652364353	-3.02784652438645e-05	1.99917718802637	1
35.125	29.75	0.99999868485743	0.799903810447787	-2.92449659237373e-05	1.79920147510833	1
35.375	29.75	1.00000018003029	0.799903931194793	-2.82285846243966e-05	1.59922558981191	1
35.625	29.75	1.00000354020813	0.799903877110628	-2.72410407969224e-05	1.39924921366884	1
35.875	29.75	1.00000843186875	0.799903468452675	-2.62946376504376e-05	1.19927200937427	1
36.125	29.75	1.00001274590215	0.79990257907522	-2.53919943430816e-05	0.999293883337213	1
36.375	29.75	1.00001195664801	0.799901319244882	-2.45098478550183e-05	0.799315401096032	1
36.625	29.75	0.999999671381915	0.799900269324657	-2.35825605729413e-05	0.599338210718565	1
36.875	29.75	0.999970551256303	0.799900628081393	-2.24990840005472e-05	0.399365121466008	1
37.125	29.75	0.999926386468091	0.799915861865105	-2.11346093641453e-05	0.199399294435678	1
37.375	29.75	0.999884480070642	0.399922306901948	-1.96733166988882e-05	-0.000563883691336315	1
0.125	30.25	0.000455939790146128	0.799930015984159	-0.000418087610389745	22.8281009599844	1
0.375	30.25	0.000456343405597143	0.800333559516398	-0.000506244409227471	22.8279533005034	1
0.625	30.25	0.000457114344899524	0.800539272204102	-0.000596563296277134	22.8277509152991	1
0.875	30.25	0.0004579956838126	0.800715031722095	-0.000623252795389379	22.8274999345331	1
1.125	30.25	0.000458337360828661	0.800848258763046	-0.000469144666078835	22.8272097949896	1
1.375	30.25	0.000456974549711548	0.800926323975378	-6.289729659484e-05	22.8268934747338	1
1.625	30.25	0.000452226721786705	0.800938457840303	0.000545559743376408	22.8265673386644	1
1.875	30.25	0.000442098829740696	0.800879114559221	0.00111709756329855	22.8262503559207	1
2.125	30.25	0.000424750162165068	0.800753723351429	0.00128727589848351	22.8259624175326	1
2.375	30.25	0.000399248771639504	0.800585773644979	0.000864021439132799	22.8257206537314	1
2.625	30.25	0.000366558672103315	0.800416715686435	0.000133988323936152	22.8255330364148	1
2.875	30.25	0.000330639360070855	0.800287171876778	-0.000339871922607636	22.825393487604	1
3.125	30.25	0.000299503771632473	0.800208696014541	-0.000289429026877286	22.8252854867308	1
3.375	30.25	0.000286086582517761	0.80015908393233	0.000171980615882425	22.8251914654128	1
3.625	30.25	0.000308786822477789	0.800103892294145	0.000870525775183932	22.8250978389793	1
3.875	30.25	0.000391534754660776	0.800015676953073	0.00169322275457895	22.8249935893691	1
4.125	30.25	0.000563196851043703	0.799880765072144	0.00255975451666625	22.8248660634926	1
4.375	30.25	0.000856104652667153	0.799697874395954	0.00340902127317282	22.8246966924029	1
4.625	30.25	0.00130353575515137	0.799473261150564	0.00419595263702636	22.8244581667427	1
4.875	30.25	0.00193620878627554	0.799216629975263	0.00488294204822084	22.8241133337303	1
5.125	30.25	0.00277837816522537	0.798939800959504	0.0054309392978135	22.8236149855252	1
5.375	30.25	0.00384485174072296	0.798657650210543	0.00579564991915018	22.8229051906906	1
5.625	30.25	0.00514102490944917	0.798390055312145	0.00592915610727544	22.8219125216771	1
5.875	30.25	0.00666884831101851	0.798163941017211	0.00578563253130015	22.8205450258256	1
6.125	30.25	0.00844283573803048	0.798014918573075	0.00533020690725557	22.8186759523389	1
6.375	30.25	0.0105222316503881	0.797988053558711	0.00454994789198838	22.8161181242523	1
6.625	30.25	0.0130688392691844	0.798137035031296	0.00346538986581923	22.8125815284119	1
6.875	30.25	0.0164453531321433	0.798520458749002	0.00214027170852048	22.8076074692745	1
7.125	30.25	0.0213763782154842	0.799192899152936	0.000686380704955493	22.8004723068598	1
7.375	30.25	0.0292008104255496	0.800186664817765	-0.000740143483490596	22.7900563204522	1
7.625	30.25	0.0422378655385436	0.801477819386715	-0.00195442343530977	22.7746825204245	1
7.875	30.25	0.0642352996465802	0.802929825142093	-0.0027722439917229	22.7519526537719	1
8.125	30.25	0.100694838770839	0.804220019742561	-0.00305237585572557	22.7186500491995	1
8.375	30.25	0.158494749392058	0.804801012296904	-0.00274690189030314	22.6708385987784	1
8.625	30.25	0.243786738278384	0.804041276203564	-0.0019466023363678	22.6043267046576	1
8.875	30.25	0.357532516761015	0.801694923985095	-0.000892631221254674	22.5155852204408	1
9.125	30.25	0.490804376262914	0.798438356181463	8.44255435927898e-05	22.4029036096013	1
9.375	30.25	0.625568376894182	0.795636275334578	0.000697940405983288	22.2671673822326	1
9.625	30.25	0.743342684545199	0.794224929492979	0.000826629952847631	22.1116475198155	1
9.875	30.25	0.834092639410194	0.794100957944078	0.000529764410262088	21.940875902521	1
10.125	30.25	0.897531510530095	0.794630045011402	-3.30234540529536e-05	21.759357260241	1
10.375	30.25	0.938860029702428	0.795294498765984	-0.000693701990665123	21.5707731521833	1
10.625	30.25	0.964468051597766	0.795865560069816	-0.00132674790112061	21.3777729936468	1
10.875	30.25	0.979765204313015	0.796301078979025	-0.00185971029124011	21.1821094021703	1
11.125	30.25	0.988648465339109	0.796628989546061	-0.00226329013678696	20.9848775687652	1
11.375	30.25	0.993689336717913	0.796887384008336	-0.00253635677572905	20.7867348288375	1
11.625	30.25	0.996495445510652	0.79710511552834	-0.00269304485255488	20.5880638837681	1
11.875	30.25	0.998034614538956	0.797299786269011	-0.00275381547442925	20.3890822011035	1
12.125	30.25	0.998872099229724	0.797480685842424	-0.00274009545915221	20.1899110230118	1
12.375	30.25	0.999329057993378	0.79765202700877	-0.00267148884853756	19.990617135445	1
12.625	30.25	0.999583073715813	0.797815296114928	-0.0025646127147315	19.7912373303006	1
12.875	30.25	0.999729690579053	0.797970706203622	-0.0024328568640359	19.5917923016038	1
13.125	30.25	0.999818975518769	0.798118007307078	-0.00228661071558193	19.392294296746	1
13.375	30.25	0.999876605601425	0.798256894628568	-0.00213368494067189	19.1927511898428	1
13.625	30.25	0.999915640471198	0.798387184815379	-0.00197977845495979	18.9931685728676	1
13.875	30.25	0.99994285159311	0.798508867770559	-0.00182891696579251	18.7935507900972	1
14.125	30.25	0.999961976803871	0.798622097705265	-0.00168383261940432	18.5939014344189	1
14.375	30.25	0.999975307569131	0.798727159341069	-0.00154627736621838	18.3942235842097	1
14.625	30.25	0.999984417036689	0.798824428335418	-0.00141727379807002	18.19451992301	1
14.875	30.25	0.999990473557534	0.798914335140806	-0.00129731170609477	17.9947928097962	1
15.125	30.25	0.999994371314951	0.798997335916123	-0.00118649968259187	17.7950443292734	1
15.375	30.25	0.999996790064832	0.799073891136111	-0.00108468055067753	17.5952763332616	1
15.625	30.25	0.999998232480101	0.799144451095392	-0.000991518239360498	17.3954904764233	1
15.875	30.25	0.999999056409979	0.79920944695197	-0.000906562416389103	17.1956882468743	1
16.125	30.25	0.999999505802784	0.799269285884154	-0.000829295971934319	16.9958709916922	1
16.375	30.25	0.999999739355766	0.799324349091714	-0.000759169391393768	16.7960399375618	1
16.625	30.25	0.999999855236233	0.799374991631226	-0.000695625182981188	16.5961962071056	1
16.875	30.25	0.999999910900573	0.799421543330796	-0.000638114822567328	16.3963408316451	1
17.125	30.25	0.999999937923419	0.799464310264471	-0.000586110114541344	16.1964747611753	1
17.375	30.25	0.999999952393737	0.799503576445874	-0.000539110427882431	15.9965988722613	1
17.625	30.25	0.999999961752259	0.799539605537317	-0.000496646918559145	15.7967139744457	1
17.875	30.25	0.999999968999567	0.799572642465203	-0.000458284581768756	15.596820815607	1
18.125	30.25	0.999999975103088	0.799602914892001	-0.000423622767947583	15.3969200865871	1
18.375	30.25	0.999999980255611	0.799630634534068	-0.000392294637423546	15.1970124253015	1
18.625	30.25	0.999999984457574	0.799655998333482	-0.000363965905090113	14.997098420469	1
18.875	30.25	0.99999998773461	0.799679189497355	-0.000338333134925262	14.7971786150474	1
19.125	30.25	0.999999990183097	0.799700378428078	-0.000315121770912166	14.5972535094288	1
19.375	30.25	0.999999991948714	0.799719723563232	-0.000294084040965858	14.3973235644244	1
19.625	30.25	0.999999993192762	0.799737372138099	-0.000274996828524251	14.1973892040633	1
19.875	30.25	0.999999994064013	0.799753460889379	-0.000257659577615087	13.9974508182158	1
20.125	30.25	0.999999994684813	0.799768116706591	-0.000241892275897128	13.7975087650564	1
20.375	30.25	0.999999995146254	0.799781457241045	-0.000227533543260047	13.5975633733723	1
20.625	30.25	0.999999995511415	0.799793591480709	-0.00021443884170384	13.3976149447299	1
20.875	30.25	0.999999995820478	0.799804620293679	-0.00020247881604165	13.1976637555025	1
21.125	30.25	0.999999996097473	0.799814636939564	-0.000191537766342119	12.9977100587702	1
21.375	30.25	0.999999996354945	0.799823727559858	-0.000181512250652914	12.7977540860968	1
21.625	30.25	0.999999996599053	0.799831971642131	-0.000172309812427039	12.5977960491901	1
21.875	30.25	0.999999996831969	0.799839442461215	-0.000163847827568828	12.3978361414522	1
22.125	30.25	0.999999997054331	0.799846207498756	-0.000156052461999656	12.1978745394248	1
22.375	30.25	0.999999997265699	0.799852328841628	-0.000148857732775532	11.9979114041352	1
22.625	30.25	0.999999997465924	0.799857863558027	-0.000142204664530885	11.7979468823487	1
22.875	30.25	0.999999997654691	0.799862864055138	-0.000136040532391991	11.5979811077318	1
23.125	30.25	0.999999997832032	0.799867378417023	-0.000130318183817727	11.3980142019312	1
23.375	30.25	0.999999997998137	0.79987145072247	-0.000124995433550489	11.1980462755742	1
23.625	30.25	0.999999998153569	0.799875121342686	-0.000120034521549489	10.9980774291936	1
23.875	30.25	0.99999999829873	0.799878427224453	-0.000115401630544914	10.7981077540839	1
24.125	30.25	0.999999998434245	0.799881402151993	-0.000111066455659697	10.5981373330906	1
24.375	30.25	0.999999998560585	0.799884076992752	-0.000107001821598709	10.398166241339	1
24.625	30.25	0.999999998678072	0.799886479928069	-0.000103183340615752	10.1981945469053	1
24.875	30.25	0.999999998786945	0.799888636668948	-9.95891095268745e-05	9.99822231143452	1
25.125	30.25	0.999999998887717	0.799890570653684	-9.61994396257698e-05	9.79824959070766	1
25.375	30.25	0.999999998980827	0.799892303233328	-9.29966165801476e-05	9.59827643516391	1
25.625	30.25	0.999999999066827	0.799893853845169	-8.99646868282277e-05	9.3983028903791	1
25.875	30.25	0.999999999146201	0.799895240170978	-8.70892679980752e-05	9.19832899750431	1
26.125	30.25	0.999999999219336	0.79989647828412	-8.43573803698712e-05	8.99835479366833	1
26.375	30.25	0.999999999286579	0.799897582787233	-8.1757296885846e-05	8.79838031234547	1
26.625	30.25	0.999999999348357	0.799898566937701	-7.92784096495113e-05	8.59840558369204	1
26.875	30.25	0.999999999405221	0.799899442762457	-7.69111121014697e-05	8.39843063485378	1
27.125	30.25	0.999999999457892	0.799900221164811	-7.46466933867885e-05	8.19845549024717	1
27.375	30.25	0.999999999507391	0.799900912023997	-7.24772442791509e-05	7.99848017181559	1
27.625	30.25	0.999999999554754	0.799901524285041	-7.03955741846637e-05	7.79850469926296	1
27.875	30.25	0.999999999600423	0.799902066040895	-6.83951371813861e-05	7.59852909026686	1
28.125	30.25	0.999999999643119	0.799902544609046	-6.64699654447718e-05	7.39855336067295	1
28.375	30.25	0.999999999678935	0.799902966602282	-6.46146107280668e-05	7.19857752467187	1
28.625	30.25	0.999999999701118	0.799903337991556	-6.28240921446744e-05	6.99860159496007	1
28.875	30.25	0.999999999701563	0.799903664164426	-6.10938489244492e-05	6.79862558288657	1
29.125	30.25	0.99999999967599	0.799903949980604	-5.94196989941308e-05	6.59864949858518	1
29.375	30.25	0.999999999633078	0.799904199819133	-5.77978018258746e-05	6.39867335109274	1
29.625	30.25	0.999999999605733	0.799904417621445	-5.62246254701209e-05	6.19869714845532	1
29.875	30.25	0.99999999965905	0.799904606931294	-5.46969169596406e-05	5.99872089782169	1
30.125	30.25	0.999999999881942	0.799904770927953	-5.32116756300473e-05	5.79874460552797	1
30.375	30.25	1.00000000034849	0.799904912459137	-5.17661299739161e-05	5.59876827717891	1
30.625	30.25	1.00000000103724	0.799905034073222	-5.0357715380389e-05	5.39879191773225	1
30.875	30.25	1.0000000017161	0.799905138056079	-4.89840539091902e-05	5.19881553159569	1
31.125	30.25	1.00000000184105	0.799905226477988	-4.76429360274061e-05	4.9988391227366	1
31.375	30.25	1.00000000056974	0.79990530124473	-4.63323025262286e-05	4.7988626947925	1
31.625	30.25	0.99999999703573	0.799905364143172	-4.50502300070989e-05	4.59888625114577	1
31.875	30.25	0.999999991015713	0.799905416856137	-4.37949216322057e-05	4.39890979489978	1
32.125	30.25	0.99999998397968	0.799905460912102	-4.25647045319219e-05	4.19893332868314	1
32.375	30.25	0.999999980182419	0.799905497534539	-4.13580359777416e-05	3.99895685424501	1
32.625	30.25	0.999999986954878	0.799905527395459	-4.0173515154574e-05	3.79898037192384	1
32.875	30.25	1.00000001287034	0.799905550365276	-3.90098885584294e-05	3.59900388028252	1
33.125	30.25	1.00000006241878	0.799905565471582	-3.78660277157935e-05	3.39902737646375	1
33.375	30.25	1.0000001268691	0.799905571400954	-3.67408528479145e-05	3.19905085797691	1
33.625	30.25	1.00000017374657	0.79990556788179	-3.56331848785254e-05	2.99907432640549	1
33.875	30.25	1.00000014182492	0.799905558003682	-3.45415438024901e-05	2.79909779259189	1
34.125	30.25	0.999999953319347	0.799905550809076	-3.34639835873478e-05	2.59912128101777	1
34.375	30.25	0.999999556450761	0.799905562350413	-3.23981476442929e-05	2.39914482866018	1
34.625	30.25	0.999999003915875	0.79990561221001	-3.13417965968635e-05	2.19916847179458	1
34.875	30.25	0.999998549944911	0.799905712178908	-3.02940113067093e-05	1.99919221544345	1
35.125	30.25	0.999998709018656	0.799905845919258	-2.92569801738906e-05	1.79921598757483	1
35.375	30.25	1.00000017358645	0.799905944504496	-2.82376585155375e-05	1.59923959596139	1
35.625	30.25	1.00000346690907	0.799905873037451	-2.72477090351632e-05	1.39926272796591	1
35.875	30.25	1.00000826260932	0.799905455174152	-2.62993863782101e-05	1.19928505238353	1
36.125	30.25	1.00001249347917	0.799904567114025	-2.53952605408987e-05	0.999306476868322	1
36.375	30.25	1.00001172283523	0.79990331688241	-2.45120053751763e-05	0.799327555282589	1
36.625	30.25	0.999999683053307	0.799902273490528	-2.35838952233582e-05	0.59934990290475	1
36.875	30.25	0.999971139246816	0.799902612356712	-2.24997698019982e-05	0.399376273628908	1
37.125	30.25	0.999927845485168	0.799917534949464	-2.11347117352436e-05	0.199409766452047	1
37.375	30.25	0.999886764274994	0.399923840897901	-1.96728465293279e-05	-0.000554141051218893	1
0.125	30.75	0.000455731480233018	0.799904810096767	-0.00065354721099648	22.8279782317674	1
0.375	30.75	0.000456120986763082	0.800248074267931	-0.000709351394507492	22.8278437240801	1
0.625	30.75	0.000456861535786324	0.800384654151974	-0.000698673599349077	22.8276730152994	1
0.875	30.75	0.000457696888367407	0.800492398624776	-0.00052594245736134	22.8274712293673	1
1.125	30.75	0.000457984622486203	0.800559590328473	-7.10322455141886e-05	22.8272478617781	1
1.375	30.75	0.000456578094290522	0.800583620540665	0.000755427812993314	22.8270142037943	1
1.625	30.75	0.000451827784903539	0.800567462503656	0.00191681263393585	22.8267813073647	1
1.875	30.75	0.000441782519820131	0.800516608500978	0.00313833520484209	22.826559151184	1
2.125	30.75	0.000424656066438672	0.800441517303278	0.00390509250836514	22.8263566822226	1
2.375	30.75	0.000399578808153736	0.800364094937964	0.00374626566822934	22.8261804092803	1
2.625	30.75	0.000367585121829612	0.800310691768689	0.00271824084565218	22.826029713451	1
2.875	30.75	0.000332718906063123	0.800286186581839	0.00149102672633724	22.8258954300073	1
3.125	30.75	0.00030310347666994	0.800265840544821	0.000737054705657157	22.8257684728232	1
3.375	30.75	0.000291827331640065	0.800224498244735	0.000642573475088611	22.8256459041317	1
3.625	30.75	0.00031751522604181	0.800162002775066	0.00107151227616312	22.8255241634613	1
3.875	30.75	0.000404447008147626	0.800093193921762	0.00182592823551208	22.8253902838087	1
4.125	30.75	0.000582052990562501	0.800026297795764	0.00273067827381931	22.8252203602582	1
4.375	30.75	0.000883588949111791	0.799956537139183	0.00365631713153648	22.8249827957357	1
4.625	30.75	0.00134383555936388	0.799872331267775	0.00452180220607153	22.8246408913142	1
4.875	30.75	0.00199588187129512	0.799760805016686	0.00527919203978739	22.8241534537104	1
5.125	30.75	0.00286755541012874	0.799608305541297	0.00589225068831255	22.8234747182338	1
5.375	30.75	0.0039788310282872	0.799399211933245	0.00632191888092956	22.8225540150172	1
5.625	30.75	0.00534240890132041	0.799116196729347	0.00652260762469762	22.8213337415237	1
5.875	30.75	0.00697055059135284	0.798742606835087	0.00644678662941952	22.8197429056859	1
6.125	30.75	0.00889249853647648	0.798266553998714	0.00605447813789389	22.8176825748361	1
6.375	30.75	0.0111888851921989	0.79768631142349	0.00532538546710645	22.8149984795859	1
6.625	30.75	0.0140530253979114	0.797016429956259	0.004271916277168	22.8114347212345	1
6.875	30.75	0.0178944148188884	0.796293077487735	0.00295083781676597	22.8065614310804	1
7.125	30.75	0.0235069632152239	0.795575318769011	0.00147016966832692	22.7996693383124	1
7.375	30.75	0.0323300049794593	0.794936299588315	-1.30445782981147e-05	22.7896276845878	1
7.625	30.75	0.0468202334723504	0.794435138413871	-0.00130832539695915	22.7747129284559	1
7.875	30.75	0.0708895465664826	0.79406014616844	-0.00222306133011975	22.7524406893921	1
8.125	30.75	0.110171826474869	0.793648158730892	-0.00260831231851402	22.7194785849347	1
8.375	30.75	0.171489784480208	0.792836986392273	-0.00241286439932268	22.6717775246397	1
8.625	30.75	0.260494820937414	0.791201071700724	-0.0017304189191544	22.6050899065012	1
8.875	30.75	0.377054901283837	0.788699072644132	-0.000808621105012387	22.5159398989893	1
9.125	30.75	0.510981321523763	0.786111622033268	1.9199866400139e-05	22.4027812632679	1
9.375	30.75	0.643824391400339	0.784669065198756	0.000473637110490821	22.2666963768263	1
9.625	30.75	0.757978537039837	0.784971747771948	0.000448910493775152	22.1110769535815	1
9.875	30.75	0.844775142620767	0.786598889020263	2.06977962170432e-05	21.9404532728999	1
10.125	30.75	0.904845576097276	0.788739682509173	-0.00064008665705823	21.7592455053324	1
10.375	30.75	0.943675883262	0.790806845575983	-0.00136126412987624	21.5710339273394	1
10.625	30.75	0.967571864073056	0.792552633238915	-0.00201939358958722	21.3783909269751	1
10.875	30.75	0.981745583341612	0.793940440782297	-0.00254809629985706	21.1830259262155	1
11.125	30.75	0.989907694649548	0.795018125000783	-0.0029257676897768	20.9860180564698	1
11.375	30.75	0.994489965995221	0.795851460763693	-0.0031588116167896	20.7880254524457	1
11.625	30.75	0.997005094129741	0.796499397886088	-0.00326773361797373	20.5894400850677	1
11.875	30.75	0.998359388003585	0.797008345844727	-0.00327784033488122	20.3904917352778	1
12.125	30.75	0.999079098010069	0.797413076114684	-0.00321392107244214	20.1913139910558	1
12.375	30.75	0.999460839039232	0.797739183858882	-0.00309769770032033	19.9919845945949	1
12.625	30.75	0.999666746254101	0.798005445659998	-0.00294695656866022	19.7925494063464	1
12.875	30.75	0.999782596977347	0.798225682621231	-0.00277558687834419	19.5930362858296	1
13.125	30.75	0.999852243941423	0.798410137235376	-0.00259403706065492	19.3934629473301	1
13.375	30.75	0.999897385370711	0.798566464766337	-0.00240991006017929	19.1938413130096	1
13.625	30.75	0.99992852048001	0.798700440162179	-0.00222855353918004	18.9941798861578	1
13.875	30.75	0.999950768251367	0.798816460991561	-0.00205358102636643	18.7944850377525	1
14.125	30.75	0.999966799608154	0.79891790607741	-0.00188730374935806	18.594761714083	1
14.375	30.75	0.99997821870479	0.799007392765694	-0.00173107460630978	18.3950138439712	1
14.625	30.75	0.999986157983621	0.799086963229807	-0.00158555498027006	18.1952445922445	1
14.875	30.75	0.999991505125846	0.799158221062352	-0.00145091779884017	17.9954565331693	1
15.125	30.75	0.999994977076066	0.799222432833416	-0.0013269998119587	17.7956517791487	1
15.375	30.75	0.999997142750388	0.799280604685833	-0.00121341435930622	17.5958320809809	1
15.625	30.75	0.999998436231859	0.79933354084014	-0.00110963388920172	17.3959989072954	1
15.875	30.75	0.999999173384674	0.799381888726859	-0.00101504958065609	17.1961535072394	1
16.125	30.75	0.999999572735081	0.799426174024456	-0.000929013791808541	16.996296959224	1
16.375	30.75	0.999999777747705	0.799466827932305	-0.00085086972915527	16.7964302081447	1
16.625	30.75	0.999999877552096	0.799504208389491	-0.000779971678975148	16.5965540933063	1
16.875	30.75	0.999999924291075	0.799538616527995	-0.000715698328668163	16.3966693690818	1
17.125	30.75	0.999999946441508	0.799570309368785	-0.000657461074546827	16.1967767200661	1
17.375	30.75	0.999999958301458	0.799599509556577	-0.000604708734786938	15.9968767721721	1
17.625	30.75	0.999999966285596	0.799626412772164	-0.00055692972069605	15.7969701008123	1
17.875	30.75	0.999999972813376	0.799651193339801	-0.000513652444789974	15.597057237021	1
18.125	30.75	0.999999978528365	0.799674008442308	-0.000474444534758806	15.3971386721431	1
18.375	30.75	0.999999983447342	0.799695001273797	-0.000438911268965891	15.197214861529	1
18.625	30.75	0.999999987478645	0.799714303390489	-0.000406693531441483	14.9972862275382	1
18.875	30.75	0.999999990602808	0.799732036458699	-0.000377465500406054	14.7973531620585	1
19.125	30.75	0.99999999289681	0.799748313559518	-0.00035093221836907	14.5974160286807	1
19.375	30.75	0.999999994500453	0.799763240168304	-0.00032682714848079	14.3974751646181	1
19.625	30.75	0.999999995575573	0.799776914897199	-0.000304909785357252	14.1975308824392	1
19.875	30.75	0.999999996274152	0.799789430070254	-0.000284963365981276	13.9975834716519	1
20.125	30.75	0.999999996722252	0.799800872177301	-0.000266792708037439	13.7976332001716	1
20.375	30.75	0.999999997014427	0.799811322244472	-0.000250222190691533	13.5976803156935	1
20.625	30.75	0.999999997216494	0.79982085614754	-0.000235093883277128	13.397725046984	1
20.875	30.75	0.999999997370638	0.799829544886333	-0.000221265824653576	13.1977676051002	1
21.125	30.75	0.999999997502138	0.799837454829491	-0.000208610446776238	12.9978081845466	1
21.375	30.75	0.99999999762428	0.79984464794614	-0.000197013138212677	12.7978469643727	1
21.625	30.75	0.999999997743473	0.799851182023291	-0.000186370938555138	12.5978841092154	1
21.875	30.75	0.999999997861729	0.799857110874827	-0.000176591356129784	12.3979197702882	1
22.125	30.75	0.999999997979267	0.799862484545378	-0.000167591298808319	12.1979540863206	1
22.375	30.75	0.999999998095311	0.799867349508675	-0.000159296109799994	11.9979871844459	1
22.625	30.75	0.999999998209127	0.799871748861227	-0.000151638698866661	11.7980191810434	1
22.875	30.75	0.999999998319879	0.799875722513465	-0.000144558761056604	11.5980501825306	1
23.125	30.75	0.999999998426998	0.799879307374603	-0.000138002074009815	11.3980802861116	1
23.375	30.75	0.999999998529991	0.799882537533104	-0.000131919868684831	11.1981095804793	1
23.625	30.75	0.999999998628687	0.799885444430981	-0.000126268263064008	10.9981381464751	1
23.875	30.75	0.99999999872299	0.799888057033556	-0.000121007755505761	10.7981660577062	1
24.125	30.75	0.99999999881296	0.799890401990774	-0.000116102770659979	10.5981933811226	1
24.375	30.75	0.999999998898527	0.799892503793467	-0.000111521253085192	10.398220177556	1
24.625	30.75	0.999999998979557	0.79989438492255	-0.000107234302199801	10.1982465022207	1
24.875	30.75	0.999999999055893	0.799896065991005	-0.000103215846920003	9.99827240517987	1
25.125	30.75	0.999999999127581	0.799897565877581	-9.94423541622935e-05	9.7982979317784	1
25.375	30.75	0.999999999194701	0.799898901854443	-9.58925673643754e-05	9.5983231230436	1
25.625	30.75	0.999999999257533	0.799900089708329	-9.25472728405783e-05	9.39834801605637	1
25.875	30.75	0.999999999316346	0.799901143852439	-8.9389091030688e-05	9.19837264429379	1
26.125	30.75	0.999999999371191	0.79990207743258	-8.64022894451461e-05	8.99839703794591	1
26.375	30.75	0.99999999942211	0.799902902428126	-8.35726153157825e-05	8.7984212242072	1
26.625	30.75	0.999999999469345	0.799903629744111	-8.08871457086752e-05	8.59844522754475	1
26.875	30.75	0.999999999513264	0.799904269296954	-7.83341537413559e-05	8.39846906994515	1
27.125	30.75	0.999999999554364	0.799904830096279	-7.59029884518572e-05	8.19849277114132	1
27.375	30.75	0.999999999593512	0.799905320320592	-7.3583967067005e-05	7.99851634882016	1
27.625	30.75	0.999999999631624	0.799905747385898	-7.13682788668346e-05	7.79853981881288	1
27.875	30.75	0.999999999668995	0.799906118010215	-6.92478992477055e-05	7.59856319526975	1
28.125	30.75	0.999999999704282	0.799906438273798	-6.72155120254414e-05	7.39858649081965	1
28.375	30.75	0.999999999733546	0.799906713674621	-6.52644402437141e-05	7.19860971671622	1
28.625	30.75	0.999999999750098	0.799906949179188	-6.33885842379006e-05	6.99863288297123	1
28.875	30.75	0.999999999745905	0.799907149269211	-6.15823653106194e-05	6.79865599847625	1
29.125	30.75	0.9999999997166	0.799907317986189	-5.98406761640541e-05	6.59867907111304	1
29.375	30.75	0.999999999670691	0.799907458969932	-5.81588359070732e-05	6.39870210785194	1
29.625	30.75	0.999999999640469	0.799907575493232	-5.65325495171917e-05	6.19872511484034	1
29.875	30.75	0.999999999689757	0.799907670494808	-5.49578722185505e-05	5.99874809748044	1
30.125	30.75	0.99999999990593	0.799907746605888	-5.34311765405275e-05	5.79877106049954	1
30.375	30.75	1.00000000036187	0.799907806177206	-5.19491230432246e-05	5.59879400801861	1
30.625	30.75	1.00000000103666	0.799907851306484	-5.05086336228001e-05	5.39881694362488	1
30.875	30.75	1.00000000170264	0.799907883869749	-4.91068663040129e-05	5.19883987045781	1
31.125	30.75	1.00000000182591	0.799907905564154	-4.77411921078571e-05	4.9988627913088	1
31.375	30.75	1.0000000005792	0.799907917955136	-4.64091735259732e-05	4.79888570872209	1
31.625	30.75	0.999999997110708	0.799907922517596	-4.51085463882986e-05	4.59890862506167	1
31.875	30.75	0.999999991198846	0.799907920648417	-4.38372066464271e-05	4.398931542482	1
32.125	30.75	0.999999984282927	0.799907913615062	-4.25932049470201e-05	4.19895446273049	1
32.375	30.75	0.999999980535312	0.7999079024052	-4.13747503717681e-05	3.99897738674541	1
32.625	30.75	0.999999987149775	0.799907887483042	-4.01802192329194e-05	3.79900031412972	1
32.875	30.75	1.0000000125455	0.799907868542319	-3.90081579064082e-05	3.59902324278815	1
33.125	30.75	1.00000006114545	0.799907844463966	-3.7857258846857e-05	3.39904616927092	1
33.375	30.75	1.00000012441332	0.79990781380668	-3.67262822627749e-05	3.1990690905219	1
33.625	30.75	1.00000017052713	0.799907776161853	-3.56139057467458e-05	2.99909200751201	1
33.875	30.75	1.00000013945311	0.7999077344272	-3.45185211902914e-05	2.79911493032387	1
34.125	30.75	0.999999954880527	0.799907697348664	-3.34380685354031e-05	2.59913788245127	1
34.375	30.75	0.999999565936603	0.799907680558748	-3.23700891633115e-05	2.39916089968437	1
34.625	30.75	0.999999024116918	0.799907703165026	-3.13122522570056e-05	2.19918401717737	1
34.875	30.75	0.9999985784656	0.799907776650329	-3.02635568295902e-05	1.99920723949684	1
35.125	30.75	0.999998733205409	0.799907884931577	-2.92261170255042e-05	1.799230495708	1
35.375	30.75	1.00000016717929	0.799907960373973	-2.82068199509844e-05	1.59925359705366	1
35.625	30.75	1.00000339365476	0.799907870663951	-2.7217265440944e-05	1.39927623669956	1
35.875	30.75	1.00000809339499	0.799907442842704	-2.62696524307105e-05	1.19929808951667	1
36.125	30.75	1.00001224108453	0.799906555442598	-2.53665085421402e-05	0.999319064382925	1
36.375	30.75	1.00001148899723	0.799905314236775	-2.44844902104868e-05	0.79933970346513	1
36.625	30.75	0.999999694574607	0.799904276876041	-2.35578952321633e-05	0.599361589234948	1
36.875	30.75	0.999971726849237	0.799904595426361	-2.24756361143513e-05	0.399387420205807	1
37.125	30.75	0.999929303752029	0.7999192066659	-2.11128999432477e-05	0.199420233266915	1
37.375	30.75	0.999889047348165	0.399925372856167	-1.96533977112873e-05	-0.000544403202988665	1
0.125	31.25	0.000453975393411021	0.799875265905538	-0.00120010306567967	22.827841267303	1
0.375	31.25	0.000454353671086899	0.800174254088523	-0.00117437017209552	22.827722393597	1
0.625	31.25	0.000455071383215101	0.800276998500585	-0.00121558540299182	22.8275751091654	1
0.875	31.25	0.000455875271049269	0.800346295363301	-0.00115284168169593	22.8274067960312	1
1.125	31.25	0.000456132658712552	0.800381588132243	-0.000913053462261452	22.8272266885658	1
1.375	31.25	0.000454716227691632	0.800393445391112	-0.000463891207358196	22.8270426373697	1
1.625	31.25	0.000450006874208669	0.800396604409108	0.000124035488039568	22.8268588451634	1
1.875	31.25	0.000440094349171588	0.800395843042339	0.000609236806645844	22.8266762298289	1
2.125	31.25	0.00042324065557476	0.800372069835304	0.000629074993515861	22.8264975084517	1
2.375	31.25	0.000398626033859347	0.800292928409453	1.50505572916153e-06	22.8263344302447	1
2.625	31.25	0.000367329513480755	0.800158946160583	-0.000883980274126336	22.8262060616717	1
2.875	31.25	0.000333430443842396	0.800028644094162	-0.00126230209607243	22.8261214308161	1
3.125	31.25	0.0003050860684089	0.799963640064062	-0.000829411942396363	22.826066147753	1
3.375	31.25	0.000295448990587743	0.799970330123779	7.52551939305349e-05	22.8260123240953	1
3.625	31.25	0.000323301910918627	0.80001625071205	0.00106144671511406	22.8259336018706	1
3.875	31.25	0.000413271922578902	0.800070822592881	0.00198995739068217	22.8258081063409	1
4.125	31.25	0.000595449197849991	0.800121621544719	0.00287830221494579	22.8256130902168	1
4.375	31.25	0.000904206054403235	0.800167694983152	0.00375628378702169	22.8253192256939	1
4.625	31.25	0.00137605476675829	0.80020560424591	0.00461777069308111	22.8248889838508	1
4.875	31.25	0.00204661985748933	0.80022038871305	0.00543643213540588	22.8242786793739	1
5.125	31.25	0.00294733777040912	0.800183525054435	0.00618349079653275	22.8234416892191	1
5.375	31.25	0.00410326455359335	0.800054523283638	0.00682938997835337	22.8223306763266	1
5.625	31.25	0.00553420185250371	0.799783624184173	0.00733957839274909	22.820897017423	1
5.875	31.25	0.00726227417633955	0.799315461580623	0.00767372446108472	22.8190850747622	1
6.125	31.25	0.00933042030453824	0.79859475573059	0.00778962754422806	22.8168177021135	1
6.375	31.25	0.0118384456782962	0.797575019997258	0.00765010739468495	22.8139678469134	1
6.625	31.25	0.0150068408227447	0.796230431745683	0.00723148322494642	22.8103095940468	1
6.875	31.25	0.0192840040286756	0.794569509705049	0.00653248600216186	22.8054409403522	1
7.125	31.25	0.0255194963413811	0.792646720628907	0.00558179658905019	22.7986710665867	1
7.375	31.25	0.0352305186742215	0.790564365745155	0.00444143117139629	22.7888692115527	1
7.625	31.25	0.0509758935831742	0.78845284840664	0.00320277762679647	22.7742847736371	1
7.875	31.25	0.0767811460021385	0.786416794508566	0.00197308581396514	22.7523754215995	1
8.125	31.25	0.11835275224541	0.784450018108317	0.000853025637581593	22.719727270928	1
8.375	31.25	0.182419096651953	0.782378018000283	-8.99672808922964e-05	22.6722106921114	1
8.625	31.25	0.274183151738771	0.779979106782614	-0.000843387221986023	22.6055385307229	1
8.875	31.25	0.392645791070289	0.777393981706846	-0.00145351347915118	22.5162721071895	1
9.125	31.25	0.526727040329711	0.775467624039052	-0.00200062415608148	22.4029746913132	1
9.375	31.25	0.657813262023831	0.775280635895631	-0.00255215075618481	22.2668503652955	1
9.625	31.25	0.769065455819337	0.777132915634627	-0.00312472139263154	22.1113515325211	1
9.875	31.25	0.852835195238169	0.780334489785453	-0.00368322332422944	21.9409859237708	1
10.125	31.25	0.910382309767717	0.783921493423493	-0.00417066327972212	21.760103277177	1
10.375	31.25	0.947357957352007	0.787240642370556	-0.00453993989524901	21.5722124292452	1
10.625	31.25	0.969982944793756	0.790024121990447	-0.00476895834345132	21.3798382044915	1
10.875	31.25	0.983316511343435	0.79224066215514	-0.00485980893691497	21.1846689726544	1
11.125	31.25	0.990931817506202	0.79395849703554	-0.00483056600179196	20.9877819272749	1
11.375	31.25	0.995159488400632	0.795271287705455	-0.00470652584520352	20.7898438271783	1
11.625	31.25	0.997444059548874	0.796267690755816	-0.00451383275550281	20.5912594964635	1
11.875	31.25	0.998647689499264	0.797022001233739	-0.00427587146248722	20.3922720264177	1
12.125	31.25	0.999268445663216	0.797593209554149	-0.00401177061364011	20.1930269075657	1
12.375	31.25	0.999584961046484	0.798026874406491	-0.00373620452069118	19.9936116864685	1
12.625	31.25	0.999747813167997	0.798357626688712	-0.00345985422458032	19.7940798708553	1
12.875	31.25	0.999835270122857	0.798611533001964	-0.00319011736911522	19.5944650426752	1
13.125	31.25	0.999886251340446	0.79880809048144	-0.00293183993459302	19.3947890461535	1
13.375	31.25	0.99991918420872	0.798961824763653	-0.0026879641745584	19.1950666767752	1
13.625	31.25	0.999942386431734	0.799083532324763	-0.00246005741677019	18.9953083517217	1
13.875	31.25	0.999959518776203	0.799181227898476	-0.00224872229605334	18.7955216416449	1
14.125	31.25	0.999972278765584	0.799260857730431	-0.00205390429716789	18.5957121722219	1
14.375	31.25	0.999981623685003	0.799326832097814	-0.00187511672904625	18.3958841805026	1
14.625	31.25	0.999988259072209	0.799382421039638	-0.00171160221875787	18.1960408807816	1
14.875	31.25	0.999992793311651	0.799430047909917	-0.00156244679055362	17.9961847214494	1
15.125	31.25	0.99999576240688	0.799471507213751	-0.00142665919218044	17.7963175747894	1
15.375	31.25	0.999997619259219	0.799508126532429	-0.00130322506722277	17.5964408814243	1
15.625	31.25	0.99999872433292	0.799540887151578	-0.00119114309196172	17.396555761281	1
15.875	31.25	0.99999934723812	0.799570514105509	-0.00108944827280031	17.1966630984128	1
16.125	31.25	0.999999677704672	0.799597543462997	-0.00099722617727586	16.9967636049721	1
16.375	31.25	0.999999841413697	0.79962237259699	-0.000913620823666632	16.7968578686135	1
16.625	31.25	0.999999916587917	0.799645297677285	-0.00083783819154115	16.5969463869545	1
16.875	31.25	0.999999948719425	0.799666541535449	-0.000769146766253494	16.3970295921565	1
17.125	31.25	0.99999996224944	0.79968627427413	-0.000706876126538519	16.1971078681561	1
17.375	31.25	0.999999969038512	0.79970462840644	-0.000650414295471403	15.9971815625552	1
17.625	31.25	0.999999974036268	0.799721709885175	-0.000599204361518328	15.7972509947224	1
17.875	31.25	0.999999978787213	0.799737606060247	-0.000552740722364722	15.5973164612597	1
18.125	31.25	0.999999983416946	0.799752391351232	-0.000510565192393752	15.3973782396725	1
18.375	31.25	0.999999987639433	0.799766131235248	-0.000472263135276069	15.1974365908317	1
18.625	31.25	0.999999991189006	0.79977888500343	-0.000437459723944146	14.9974917606405	1
18.875	31.25	0.999999993948671	0.799790707623409	-0.000405816392277664	14.797543981181	1
19.125	31.25	0.999999995942492	0.799801650965449	-0.000377027511931043	14.5975934715315	1
19.375	31.25	0.999999997282873	0.799811764579066	-0.000350817311107734	14.3976404383764	1
19.625	31.25	0.999999998118163	0.799821096157322	-0.000326937037302361	14.1976850764942	1
19.875	31.25	0.999999998594341	0.799829691791116	-0.00030516235962925	13.9977275691753	1
20.125	31.25	0.99999999883501	0.799837596084233	-0.00028529099928167	13.7977680886073	1
20.375	31.25	0.999999998934003	0.799844852182825	-0.000267140575501063	13.597806796247	1
20.625	31.25	0.999999998956909	0.799851501753992	-0.000250546650571676	13.3978438431949	1
20.875	31.25	0.999999998945712	0.799857584939632	-0.000235360961479033	13.1978793705768	1
21.125	31.25	0.999999998925279	0.799863140299734	-0.000221449819547392	12.9979135099381	1
21.375	31.25	0.999999998908423	0.799868204760635	-0.000208692665850152	12.7979463836489	1
21.625	31.25	0.999999998900875	0.799872813570929	-0.000196980767510016	12.5979781053191	1
21.875	31.25	0.999999998903925	0.799877000269652	-0.000186216042143893	12.398008780221	1
22.125	31.25	0.999999998916947	0.799880796669712	-0.000176309998074782	12.1980385057158	1
22.375	31.25	0.999999998938462	0.799884232855062	-0.000167182780115897	11.9980673716808	1
22.625	31.25	0.99999999896687	0.799887337191303	-0.00015876230943507	11.7980954609349	1
22.875	31.25	0.999999999000576	0.799890136350834	-0.000150983510127657	11.5981228496568	1
23.125	31.25	0.999999999038291	0.799892655346941	-0.000143787612115365	11.3981496077967	1
23.375	31.25	0.999999999078861	0.799894917578656	-0.000137121524729597	11.1981757994757	1
23.625	31.25	0.999999999121427	0.799896944883409	-0.000130937271880855	10.9982014833737	1
23.875	31.25	0.999999999165344	0.799898757595417	-0.000125191484724953	10.7982267131023	1
24.125	31.25	0.999999999210039	0.799900374607354	-0.000119844944874101	10.5982515375623	1
24.375	31.25	0.999999999254855	0.799901813437905	-0.000114862173747643	10.398276001286	1
24.625	31.25	0.999999999299259	0.799903090300364	-0.000110211062348424	10.1983001447611	1
24.875	31.25	0.999999999342762	0.799904220171256	-0.000105862539023672	9.99832400473856	1
25.125	31.25	0.999999999384978	0.799905216860436	-0.000101790270624527	9.79834761452298	1
25.375	31.25	0.999999999425657	0.799906093080708	-9.79703928069378e-05	9.59837100424567	1
25.625	31.25	0.999999999464781	0.799906860515757	-9.43812679697347e-05	9.39839420112103	1
25.875	31.25	0.999999999502336	0.799907529885303	-9.10032676605247e-05	9.19841722968645	1
26.125	31.25	0.999999999538101	0.799908111009529	-8.78185762664641e-05	8.9984401120268	1
26.375	31.25	0.999999999571921	0.799908612872352	-8.48110145426003e-05	8.79846286798294	1
26.625	31.25	0.999999999603892	0.799909043679608	-8.19658808600831e-05	8.59848551534563	1
26.875	31.25	0.999999999634189	0.799909410914555	-7.92698082086508e-05	8.3985080700356	1
27.125	31.25	0.999999999663036	0.799909721392627	-7.67106354713242e-05	8.1985305462705	1
27.375	31.25	0.999999999691118	0.799909981312803	-7.42772915236545e-05	7.99855295671857	1
27.625	31.25	0.99999999971926	0.79991019630393	-7.19596907200255e-05	7.79857531264071	1
27.875	31.25	0.999999999747618	0.799910371470066	-6.97486390573503e-05	7.59859762402175	1
28.125	31.25	0.999999999774815	0.799910511433518	-6.76357492953404e-05	7.39861989969094	1
28.375	31.25	0.999999999796926	0.799910620374032	-6.56133643656198e-05	7.19864214743288	1
28.625	31.25	0.999999999807266	0.799910702065947	-6.36744889213105e-05	6.99866437408943	1
28.875	31.25	0.999999999797837	0.79991075991202	-6.18127267979151e-05	6.79868658565277	1
29.125	31.25	0.999999999764229	0.799910796976439	-6.0022225302755e-05	6.59870878735039	1
29.375	31.25	0.999999999714807	0.799910816013958	-5.82976247139055e-05	6.39873098372045	1
29.625	31.25	0.999999999681247	0.799910819494787	-5.66340123175831e-05	6.19875317867933	1
29.875	31.25	0.999999999726072	0.799910809629491	-5.50268821083884e-05	5.9987753755812	1
30.125	31.25	0.99999999993511	0.799910788389019	-5.34720972821308e-05	5.79879757727116	1
30.375	31.25	1.00000000038001	0.799910757524115	-5.1965856462538e-05	5.5988197861387	1
30.625	31.25	1.0000000010404	0.799910718587129	-5.05046634456372e-05	5.39884200417651	1
30.875	31.25	1.00000000169312	0.799910672958552	-4.90852981082566e-05	5.19886423305338	1
31.125	31.25	1.00000000181441	0.799910621884004	-4.77047896263434e-05	4.99888647420172	1
31.375	31.25	1.000000000592	0.799910566516463	-4.63603923254053e-05	4.79890872890756	1
31.625	31.25	0.999999997188748	0.799910507953839	-4.50495644173107e-05	4.59893099836796	1
31.875	31.25	0.99999999138478	0.799910447248047	-4.37699518676732e-05	4.39895328365463	1
32.125	31.25	0.999999984588765	0.799910385351054	-4.25193808016316e-05	4.19897558551349	1
32.375	31.25	0.999999980890759	0.799910322965405	-4.12958588692629e-05	3.998997903964	1
32.625	31.25	0.999999987347376	0.799910260303362	-4.00975818538777e-05	3.79902023777689	1
32.875	31.25	1.00000001222358	0.799910196841574	-3.89229346780432e-05	3.59904258411197	1
33.125	31.25	1.00000005987518	0.799910131277377	-3.77704655746986e-05	3.39906493884949	1
33.375	31.25	1.0000001219604	0.799910062008696	-3.66388062667876e-05	3.19908729829871	1
33.625	31.25	1.00000016730932	0.799909988460242	-3.55265202991503e-05	2.99910966275629	1
33.875	31.25	1.00000013707975	0.799909913310606	-3.44318987251389e-05	2.79913204149028	1
34.125	31.25	0.99999995643439	0.799909844985224	-3.33527926087928e-05	2.59915445695801	1
34.375	31.25	0.999999575406894	0.799909798675363	-3.2286665063838e-05	2.39917694371956	1
34.625	31.25	0.999999044294505	0.799909792994356	-3.12311159974961e-05	2.19919953576938	1
34.875	31.25	0.999998606963099	0.799909839099638	-3.01850808001108e-05	1.99922223718334	1
35.125	31.25	0.999998757391416	0.799909921147247	-2.91506116062448e-05	1.79924497809125	1
35.375	31.25	1.00000016083354	0.799909972778616	-2.81345319566373e-05	1.59926757317473	1
35.625	31.25	1.00000332057477	0.799909864247899	-2.71483757894593e-05	1.39928972137219	1
35.875	31.25	1.00000792450132	0.799909425965276	-2.620428169056e-05	1.19931110360338	1
36.125	31.25	1.00001198911277	0.799908538781565	-2.53047443400786e-05	0.999331629952738	1
36.375	31.25	1.00001125547463	0.799907306210123	-2.44264521397814e-05	0.799351830895397	1
36.625	31.25	0.999999705849244	0.799906274550568	-2.35038427800338e-05	0.599373256134579	1
36.875	31.25	0.999972312961984	0.799906572548986	-2.24260929083016e-05	0.399398548881085	1
37.125	31.25	0.999930758637683	0.799920873006038	-2.10687151915788e-05	0.199430684014615	1
37.375	31.25	0.999891325179645	0.399926898837555	-1.96146340963389e-05	-0.00053467954924266	1
0.125	31.75	0.000448757835662527	0.799849220084257	-0.0010583037832391	22.8277376434135	1
0.375	31.75	0.000449132600176711	0.80009687210389	-0.00111879069513492	22.8276344369062	1
0.625	31.75	0.000449846553558199	0.800154272774344	-0.000967991135888321	22.8275134858827	1
0.875	31.75	0.000450654585057049	0.800173706379652	-0.00061076050253445	22.8273842110771	1
1.125	31.75	0.000450938431492052	0.800162740662801	2.39631354379603e-05	22.8272558766675	1
1.375	31.75	0.000449591413644227	0.800141603095617	0.000990700579418797	22.8271339959631	1
1.625	31.75	0.000445018885024551	0.800136164850253	0.00225457980134314	22.8270175003534	1
1.875	31.75	0.000435333464632968	0.800159606491321	0.00360915377391787	22.8268988656618	1
2.125	31.75	0.000418810097044188	0.800189130850186	0.0046362444316909	22.8267710983285	1
2.375	31.75	0.000394622023022067	0.800169070749707	0.00481854451379884	22.826640327274	1
2.625	31.75	0.000363812437198106	0.800065645348447	0.00392015849488133	22.8265304621278	1
2.875	31.75	0.00033039239397773	0.799924001703302	0.00241048442599729	22.826464213613	1
3.125	31.75	0.00030242467761759	0.799835919633102	0.00117771556426617	22.8264358309061	1
3.375	31.75	0.000292962023307272	0.799845825411219	0.000712277810968821	22.8264123455092	1
3.625	31.75	0.000320720989753314	0.799923997272796	0.000966282436512738	22.8263573133463	1
3.875	31.75	0.000410355963189324	0.800022183878185	0.00167773483347328	22.8262435822672	1
4.125	31.75	0.000592157758627749	0.800120271959868	0.0025871520368877	22.8260475825454	1
4.375	31.75	0.000900969433378338	0.800223194883867	0.00353580650355188	22.825738779471	1
4.625	31.75	0.0013741522729177	0.800334505761201	0.00446956012106526	22.8252759644417	1
4.875	31.75	0.00204867303116768	0.800439663334467	0.00539263658309146	22.8246104534482	1
5.125	31.75	0.00295791839983992	0.800504608504267	0.00632324448205238	22.8236910456337	1
5.375	31.75	0.0041295954356333	0.800480152392078	0.007270794862341	22.822467229627	1
5.625	31.75	0.00558688601440794	0.800305928508713	0.0082291390983205	22.8208890460844	1
5.875	31.75	0.00735593708043949	0.799913925148584	0.00917560376372584	22.8189017554236	1
6.125	31.75	0.00948409592125884	0.7992338594908	0.0100705657173851	22.8164319181024	1
6.375	31.75	0.0120754633768784	0.798202140864942	0.010856730149253	22.8133597105243	1
6.625	31.75	0.0153538335354606	0.79677492600351	0.0114591849811605	22.8094706769909	1
6.875	31.75	0.0197683978171784	0.794944134297628	0.0117878421367295	22.8043790317045	1
7.125	31.75	0.0261643958265348	0.792752707224437	0.0117437708526984	22.7974151046082	1
7.375	31.75	0.0360452949273008	0.790301421589062	0.0112302361860796	22.7874738882063	1
7.625	31.75	0.0519403879036582	0.787734887791914	0.010168024556264	22.7728341704436	1
7.875	31.75	0.0778225996819093	0.785193029897907	0.00851354928659154	22.7509847506326	1
8.125	31.75	0.119320684141928	0.78272869548496	0.00627857204632174	22.7185410216069	1
8.375	31.75	0.183078850529756	0.780245633621902	0.00355199462651633	22.6713939715223	1
8.625	31.75	0.274269205220274	0.777601445941833	0.000521383757740563	22.6052570836081	1
8.875	31.75	0.392002801568667	0.774984953149336	-0.00252403052946914	22.5166590093077	1
9.125	31.75	0.525462512448834	0.773234492576087	-0.00524385410566041	22.4040919555461	1
9.375	31.75	0.656280407528416	0.773383542758297	-0.00735546517131466	22.2686660091051	1
9.625	31.75	0.767646834363553	0.77567470487063	-0.0087316562251599	22.1137493012106	1
9.875	31.75	0.851752455022331	0.779358353188504	-0.00941092025708893	21.9438020932065	1
10.125	31.75	0.909675670205827	0.78341161795642	-0.0095327926062052	21.7631677789214	1
10.375	31.75	0.946963355505395	0.787136163154664	-0.00926377717969267	21.5753767891855	1
10.625	31.75	0.969806431320448	0.790241450496895	-0.00875225192941116	21.3829872422523	1
10.875	31.75	0.983273757664334	0.792693068872306	-0.00811217645372413	21.1877213048181	1
11.125	31.75	0.990960697955321	0.794568130546127	-0.00742297312082489	20.9906850600288	1
11.375	31.75	0.995219527582473	0.795974368979338	-0.00673572287947397	20.792567658899	1
11.625	31.75	0.997511508837461	0.797015305914487	-0.00608057085299387	20.5937901515939	1
11.875	31.75	0.998710228697493	0.797778624274499	-0.00547326027850873	20.3946067574664	1
12.125	31.75	0.99932088353431	0.798334349267132	-0.00492020266648235	20.1951701972813	1
12.375	31.75	0.999626167194214	0.798736618104988	-0.00442212361848397	19.9955724214736	1
12.625	31.75	0.999778707855559	0.799026445174271	-0.00397654146592038	19.7958693748183	1
12.875	31.75	0.999857603655585	0.799234475899909	-0.00357937146780092	19.5960957561627	1
13.125	31.75	0.99990192457751	0.79938337955652	-0.00322591304578327	19.3962736718471	1
13.375	31.75	0.999929915028328	0.799489798576852	-0.0029114220594102	19.1964176483715	1
13.625	31.75	0.999949582083707	0.799565877960492	-0.00263141594322391	18.9965375217521	1
13.875	31.75	0.999964260262006	0.799620436022144	-0.00238181443655505	18.7966401137307	1
14.125	31.75	0.999975358310566	0.799659845491209	-0.00215898423969705	18.5967302263564	1
14.375	31.75	0.999983600909787	0.799688688905482	-0.001959731220473	18.396811256702	1
14.625	31.75	0.9999895176478	0.799710242380333	-0.00178126685237495	18.1968855981653	1
14.875	31.75	0.999993589861219	0.799726831048789	-0.00162116444439147	17.9969549178	1
15.125	31.75	0.999996265109658	0.799740089617257	-0.0014773136972461	17.7970203569813	1
15.375	31.75	0.999997936525822	0.7997511532154	-0.0013478778720148	17.5970826806221	1
15.625	31.75	0.99999892515401	0.799760797178063	-0.00123125540513754	17.3971423891071	1
15.875	31.75	0.999999475111481	0.799769539422134	-0.00112604646314948	17.1971998017708	1
16.125	31.75	0.999999759891874	0.799777715364061	-0.00103102426261475	16.9972551181768	1
16.375	31.75	0.999999894948529	0.799785532634273	-0.000945110684251479	16.7973084621039	1
16.625	31.75	0.999999952105351	0.799793110886553	-0.000867355620241751	16.5973599122641	1
16.875	31.75	0.999999972863383	0.799800510590598	-0.000796919504242177	16.3974095230743	1
17.125	31.75	0.999999979174637	0.799807753687104	-0.000733058523073416	16.1974573381661	1
17.375	31.75	0.999999981344403	0.799814838234562	-0.000675112079201879	15.9975033987406	1
17.625	31.75	0.999999983348302	0.799821748640999	-0.00062249213551697	15.7975477483721	1
17.875	31.75	0.999999986120457	0.799828462670211	-0.000574674134549828	15.5975904354366	1
18.125	31.75	0.999999989404558	0.799834956107327	-0.000531189235248178	15.3976315140099	1
18.375	31.75	0.99999999267666	0.799841205746363	-0.000491617653999727	15.1976710438175	1
18.625	31.75	0.99999999552398	0.799847191188869	-0.000455582931594041	14.9977090896337	1
18.875	31.75	0.999999997739478	0.799852895810616	-0.000422746979933782	14.7977457203894	1
19.125	31.75	0.999999999292648	0.799858307164456	-0.000392805784826122	14.5977810081589	1
19.375	31.75	1.00000000026328	0.799863417007422	-0.000365485664512169	14.3978150271292	1
19.625	31.75	1.00000000078017	0.799868221088114	-0.000340539999019582	14.197847852618	1
19.875	31.75	1.00000000097756	0.799872718793092	-0.000317746361520464	13.9978795601749	1
20.125	31.75	1.00000000097164	0.799876912717698	-0.000296903991791448	13.7979102247871	1
20.375	31.75	1.00000000085133	0.79988080820939	-0.000277831565236625	13.5979399201948	1
20.625	31.75	1.00000000067856	0.799884412911146	-0.000260365214995923	13.3979687183174	1
20.875	31.75	1.00000000049245	0.799887736326901	-0.0002443567759469	13.1979966887853	1
21.125	31.75	1.00000000031549	0.799890789419286	-0.000229672219053996	12.9980238985712	1
21.375	31.75	1.00000000015854	0.79989358424766	-0.000216190253995194	12.7980504117098	1
21.625	31.75	1.00000000002549	0.799896133647807	-0.000203801078992261	12.5980762890969	1
21.875	31.75	0.999999999916034	0.799898450952925	-0.000192405260159972	12.3981015883588	1
22.125	31.75	0.999999999828059	0.799900549754906	-0.000181912725254402	12.1981263637803	1
22.375	31.75	0.999999999758892	0.799902443703168	-0.000172241860029936	11.998150666284	1
22.625	31.75	0.999999999705845	0.799904146337059	-0.000163318693800468	11.798174543452	1
22.875	31.75	0.999999999666393	0.799905670950717	-0.000155076167057679	11.5981980395816	1
23.125	31.75	0.999999999638362	0.799907030484045	-0.000147453470529843	11.3982211957686	1
23.375	31.75	0.999999999619853	0.799908237438584	-0.000140395449206669	11.1982440500134	1
23.625	31.75	0.999999999609285	0.799909303813694	-0.000133852063902737	10.9982666373414	1
23.875	31.75	0.999999999605349	0.799910241060157	-0.000127777905990029	10.7982889899376	1
24.125	31.75	0.999999999606864	0.799911060048229	-0.000122131758179717	10.5983111372882	1
24.375	31.75	0.999999999612717	0.799911771050671	-0.000116876197692594	10.3983331063274	1
24.625	31.75	0.999999999622034	0.799912383735108	-0.000111977237614587	10.1983549215863	1
24.875	31.75	0.999999999633955	0.799912907163301	-0.000107404002769645	9.99837660534263	1
25.125	31.75	0.99999999964767	0.799913349800014	-0.000103128436767888	9.79839817776766	1
25.375	31.75	0.999999999662665	0.799913719526771	-9.91250364664172e-05	9.59841965707102	1
25.625	31.75	0.999999999678661	0.799914023658944	-9.53706122151711e-05	9.39844105964062	1
25.875	31.75	0.999999999695321	0.799914268966101	-9.18440711995754e-05	9.19846240017788	1
26.125	31.75	0.999999999712214	0.79991446169603	-8.8526220636766e-05	8.99848369182745	1
26.375	31.75	0.999999999729069	0.799914607600389	-8.5399590146526e-05	8.79850494630035	1
26.625	31.75	0.999999999745775	0.799914711959961	-8.24482713605578e-05	8.5985261739909	1
26.875	31.75	0.999999999762289	0.799914779610428	-7.96577723647196e-05	8.39854738408724	1
27.125	31.75	0.999999999778687	0.799914814969933	-7.70148857224562e-05	8.19856858467542	1
27.375	31.75	0.999999999795544	0.799914822066233	-7.45075695805114e-05	7.99858978283648	1
27.625	31.75	0.999999999813557	0.799914804561242	-7.21248396735556e-05	7.7986109847372	1
27.875	31.75	0.999999999832708	0.799914765776388	-6.98566716735434e-05	7.59863219571528	1
28.125	31.75	0.999999999851583	0.799914708718164	-6.76939128021397e-05	7.39865342035793	1
28.375	31.75	0.99999999986627	0.799914636100733	-6.56282014503711e-05	7.19867466257503	1
28.625	31.75	0.999999999870039	0.799914550368756	-6.36518951779127e-05	6.99869592566711	1
28.875	31.75	0.99999999985499	0.799914453718541	-6.17580045578685e-05	6.79871721238744	1
29.125	31.75	0.999999999816778	0.799914348118715	-5.99401335650042e-05	6.59873852499911	1
29.375	31.75	0.999999999763535	0.799914235329393	-5.81924261548531e-05	6.39875986532537	1
29.625	31.75	0.999999999726299	0.799914116916949	-5.65095169880085e-05	6.19878123479421	1
29.875	31.75	0.999999999766381	0.799913994270195	-5.48864876101493e-05	5.99880263447758	1
30.125	31.75	0.999999999968033	0.79991386861344	-5.33188264054233e-05	5.79882406512591	1
30.375	31.75	1.00000000040164	0.799913741018022	-5.18023919615892e-05	5.59884552720449	1
30.625	31.75	1.00000000104741	0.799913612418081	-5.03333798435945e-05	5.39886702093699	1
30.875	31.75	1.00000000168671	0.799913483631706	-4.89082911568255e-05	5.19888854636372	1
31.125	31.75	1.00000000180575	0.799913355391454	-4.75239036704126e-05	4.99891010341572	1
31.375	31.75	1.00000000060732	0.799913228381557	-4.61772451680111e-05	4.79893169199249	1
31.625	31.75	0.99999999726902	0.799913103271531	-4.48655699899036e-05	4.59895331200864	1
31.875	31.75	0.999999991572634	0.799912980721177	-4.35863414730281e-05	4.39897496334939	1
32.125	31.75	0.999999984896289	0.799912861324273	-4.23372222393126e-05	4.1989966456662	1
32.375	31.75	0.999999981247965	0.799912745459389	-4.11160735063182e-05	3.99901835797638	1
32.625	31.75	0.99999998754714	0.799912633051002	-3.99209607734727e-05	3.79904009814395	1
32.875	31.75	1.00000001190463	0.799912523326474	-3.87501532835936e-05	3.59906186251756	1
33.125	31.75	1.00000005860917	0.799912414770608	-3.76020963021708e-05	3.39908364624833	1
33.375	31.75	1.00000011951285	0.799912305593668	-3.6475330740168e-05	3.19910544495848	1
33.625	31.75	1.00000016409625	0.799912195029436	-3.53683409004902e-05	2.99912725822425	1
33.875	31.75	1.00000013470638	0.799912085516364	-3.42793490806555e-05	2.79914909445871	1
34.125	31.75	0.999999957976653	0.799911985140453	-3.32061473974729e-05	2.59917097504739	1
34.375	31.75	0.999999584846424	0.799911908634313	-3.21461489814031e-05	2.39919293328975	1
34.625	31.75	0.999999064419654	0.79991187410223	-3.10969101803362e-05	2.19921500199359	1
34.875	31.75	0.999998635399674	0.799911892363356	-3.00573244682876e-05	1.99923718471886	1
35.125	31.75	0.999998781550378	0.799911947799304	-2.90293978665699e-05	1.79925941263418	1
35.375	31.75	1.00000015457475	0.799911975312953	-2.80198978365998e-05	1.59928150383161	1
35.625	31.75	1.00000324780119	0.799911847709336	-2.70402918593998e-05	1.39930316299093	1
35.875	31.75	1.00000775620856	0.799911398748491	-2.61026562077922e-05	1.1993240770519	1
36.125	31.75	1.00001173796469	0.799910511582863	-2.52094645792424e-05	0.99934415729343	1
36.375	31.75	1.00001102261264	0.799909287462861	-2.43374890719896e-05	0.799363922527433	1
36.625	31.75	0.999999716775754	0.799908261364771	-2.34214266587105e-05	0.599384889784464	1
36.875	31.75	0.999972896456385	0.799908538783782	-2.23509136937996e-05	0.399409647145009	1
37.125	31.75	0.999932207448826	0.799922529793017	-2.10020143385104e-05	0.199441107686382	1
37.375	31.75	0.999893593560379	0.399928414724879	-1.95564877749437e-05	-0.000524979588628688	1
0.125	32.25	0.000439573847376546	0.799841093308104	-0.00144229563270162	22.8276587350353	1
0.375	32.25	0.000439953409006622	0.800049061202075	-0.00150579335567925	22.827563079483	1
0.625	32.25	0.000440683781383524	0.800063692390382	-0.00140631299042901	22.8274621404232	1
0.875	32.25	0.000441533137020597	0.800050699038124	-0.0012119749677445	22.8273620736651	1
1.125	32.25	0.000441901821656675	0.80001294655413	-0.000910652595680195	22.8272702461624	1
1.375	32.25	0.000440703475544566	0.799966234426069	-0.000512555505308354	22.8271914695363	1
1.625	32.25	0.000436358235396248	0.799931909524844	-7.80161041965356e-05	22.8271254494225	1
1.875	32.25	0.000426976801377185	0.799924525103747	0.000276602804149961	22.8270667780071	1
2.125	32.25	0.000410801514987298	0.799940348230745	0.000405001810614024	22.8270085526029	1
2.375	32.25	0.000386928227073954	0.799957569304949	0.000208328927834937	22.8269478562439	1
2.625	32.25	0.000356267273985024	0.799951152505279	-0.000237620295412202	22.826888622883	1
2.875	32.25	0.000322636201262741	0.799913523020031	-0.000631829847033513	22.8268388537351	1
3.125	32.25	0.000293841716772509	0.799863237677359	-0.000650954001082427	22.8268026990231	1
3.375	32.25	0.000282613943898066	0.799828310941484	-0.000197958168984713	22.8267732794696	1
3.625	32.25	0.000307272500610809	0.799825736806675	0.000608010965262622	22.8267327541738	1
3.875	32.25	0.000391993699387364	0.799861171110168	0.00156216597357825	22.8266552356873	1
4.125	32.25	0.00056651161504818	0.799936693183227	0.00250486804272385	22.8265074884447	1
4.375	32.25	0.000865053309620483	0.800051723645848	0.00339539977545568	22.826248495134	1
4.625	32.25	0.0013243359851844	0.800199378606545	0.00427944998570233	22.8258299339144	1
4.875	32.25	0.00198065481481765	0.800364024606285	0.00522210161589149	22.8251978335675	1
5.125	32.25	0.00286658081561955	0.800521056237561	0.00627328828902064	22.8242945645056	1
5.375	32.25	0.00400852544584755	0.800637613901408	0.00746288187653068	22.8230601298923	1
5.625	32.25	0.00542723193472308	0.800673707822019	0.0088024999932138	22.8214313867235	1
5.875	32.25	0.007144108489898	0.800584236639145	0.0102833202988574	22.8193370166208	1
6.125	32.25	0.00919752120541292	0.800322763862919	0.0118693328229436	22.816684894052	1
6.375	32.25	0.0116751569302526	0.799847746743887	0.0134884149373068	22.8133370974855	1
6.625	32.25	0.0147718396733685	0.799131343542977	0.0150240566297932	22.8090663283175	1
6.875	32.25	0.0188872309756773	0.79816986562567	0.0163110526181851	22.8034863050656	1
7.125	32.25	0.0247845472127179	0.796993038588529	0.0171391222681576	22.7959487223949	1
7.375	32.25	0.0338367087784108	0.795666126605202	0.0172684559988589	22.7854026897737	1
7.625	32.25	0.0483778874100782	0.794275010745832	0.0164599353145249	22.7702231387127	1
7.875	32.25	0.0721220409441906	0.792882572388258	0.0145204487642515	22.7480385739685	1
8.125	32.25	0.110436618696952	0.791455625944977	0.0113617777350515	22.7156315568666	1
8.375	32.25	0.169899595586592	0.789807058636502	0.00706997749387751	22.6690428499379	1
8.625	32.25	0.256177225084297	0.787684003783337	0.00197247375767318	22.6040433249976	1
8.875	32.25	0.369721376857875	0.785131540143278	-0.00334270563572121	22.5170506327386	1
9.125	32.25	0.501464440058061	0.782884070652462	-0.00813479633752151	22.4062672657642	1
9.375	32.25	0.633874925507822	0.782066060303738	-0.0117625314095007	22.2724402199917	1
9.625	32.25	0.749284910111146	0.783198520754487	-0.0139281723535942	22.118666844251	1
9.875	32.25	0.838190173717635	0.785776397034505	-0.0147219584825993	21.9493236246836	1
10.125	32.25	0.900386867539674	0.78886662659296	-0.0144729578078193	21.768826835036	1
10.375	32.25	0.940925263869079	0.791766021592438	-0.0135637356899909	21.5808470908942	1
10.625	32.25	0.966020088216671	0.794160979610209	-0.0123170096266926	21.3880794199367	1
10.875	32.25	0.980959506905181	0.796001157901746	-0.0109601658120763	21.1923495033298	1
11.125	32.25	0.989573465332931	0.797353713679417	-0.00963308773172331	20.994830537717	1
11.375	32.25	0.994401092255065	0.798317911598358	-0.00841041836682969	20.7962500864977	1
11.625	32.25	0.99703525775883	0.798988371339941	-0.00732378445459086	20.5970481706437	1
11.875	32.25	0.998436486038395	0.799443402237645	-0.00637908221249177	20.3974860402628	1
12.125	32.25	0.999165253407448	0.799743754103256	-0.00556835107760836	20.1977167124385	1
12.375	32.25	0.99953850960151	0.799934923915342	-0.00487727511204773	19.9978290098551	1
12.625	32.25	0.999729691168267	0.800050244123979	-0.00428958754281123	19.7978742994516	1
12.875	32.25	0.999830318192487	0.800113758424013	-0.00378944903130283	19.5978823574729	1
13.125	32.25	0.999886755681441	0.800142599022168	-0.0033625785110982	19.3978705933628	1
13.375	32.25	0.999921464268904	0.800148843483974	-0.00299666008134231	19.1978493185896	1
13.625	32.25	0.999944850165555	0.800140918101374	-0.00268135879222598	18.9978247166929	1
13.875	32.25	0.999961593091045	0.800124635831732	-0.00240814695705251	18.7978005088476	1
14.125	32.25	0.999973846302714	0.800103952458223	-0.00217005705800367	18.5977788955428	1
14.375	32.25	0.99998274245133	0.800081511664556	-0.00196142386449335	18.3977611034778	1
14.625	32.25	0.999989033531715	0.800059035171353	-0.00177764636463458	18.1977477184015	1
14.875	32.25	0.999993322321635	0.800037600762293	-0.00161498181232987	17.9977389000414	1
15.125	32.25	0.999996123353912	0.800017839970357	-0.00147037435267495	17.7977345289166	1
15.375	32.25	0.999997867381796	0.800000078493826	-0.00134131588108377	17.5977343105491	1
15.625	32.25	0.999998897105282	0.799984435861766	-0.00122573482469361	17.3977378505089	1
15.875	32.25	0.999999469429965	0.799970896075219	-0.00112190809416865	17.1977447079955	1
16.125	32.25	0.999999765556987	0.7999593575058	-0.00102839175491313	16.997754433032	1
16.375	32.25	0.999999905632055	0.79994966792289	-0.000943966561150454	16.7977665910931	1
16.625	32.25	0.999999964326838	0.799941648816644	-0.000867595168981622	16.597780778259	1
16.875	32.25	0.999999984840402	0.799935112006114	-0.000798388467834633	16.397796629448	1
17.125	32.25	0.999999990104359	0.799929870694236	-0.000735579008219976	16.1978138217922	1
17.375	32.25	0.99999999096069	0.799925746536353	-0.00067849994910586	15.9978320747659	1
17.625	32.25	0.999999991656332	0.799922573876295	-0.000626568298331463	15.7978511482805	1
17.875	32.25	0.999999993244814	0.799920201994181	-0.000579271499010598	15.5978708396125	1
18.125	32.25	0.999999995507458	0.799918495982614	-0.000536156629546913	15.3978909797652	1
18.375	32.25	0.999999997917963	0.799917336705582	-0.000496821650592715	15.1979114296573	1
18.625	32.25	1.00000000004479	0.799916620165184	-0.000460908261153684	14.9979320763795	1
18.875	32.25	1.00000000165798	0.799916256507424	-0.000428096024474688	14.7979528296641	1
19.125	32.25	1.00000000270554	0.799916168835629	-0.00039809749915711	14.5979736186397	1
19.375	32.25	1.00000000324926	0.799916291941317	-0.000370654172055826	14.3979943889002	1
19.625	32.25	1.00000000340331	0.799916571028375	-0.000345533032180996	14.1980150998945	1
19.875	32.25	1.00000000329047	0.799916960482623	-0.00032252366220475	13.9980357226246	1
20.125	32.25	1.00000000301785	0.799917422713887	-0.000301435748028786	13.7980562376328	1
20.375	32.25	1.00000000266723	0.799917927089443	-0.000282096932182528	13.5980766332552	1
20.625	32.25	1.00000000229477	0.799918448963823	-0.000264350948570516	13.398096904116	1
20.875	32.25	1.00000000193486	0.79991896880847	-0.000248055992458988	13.1981170498396	1
21.125	32.25	1.00000000160599	0.799919471438173	-0.000233083286191099	12.9981370739542	1
21.375	32.25	1.00000000131575	0.799919945328433	-0.000219315810808683	12.7981569829667	1
21.625	32.25	1.00000000106513	0.799920382018207	-0.00020664717934188	12.5981767855876	1
21.875	32.25	1.00000000085161	0.799920775590134	-0.000194980631328485	12.3981964920844	1
22.125	32.25	1.0000000006712	0.799921122220163	-0.000184228131822019	12.1982161137503	1
22.375	32.25	1.00000000051974	0.799921419790956	-0.000174309563001188	11.9982356624689	1
22.625	32.25	1.0000000003932	0.799921667560292	-0.000165151994917293	11.7982551503629	1
22.875	32.25	1.00000000028798	0.79992186587916	-0.000156689028052126	11.5982745895142	1
23.125	32.25	1.00000000020091	0.799922015953176	-0.000148860198651886	11.3982939917444	1
23.375	32.25	1.00000000012932	0.799922119642266	-0.000141610440111811	11.1983133684462	1
23.625	32.25	1.00000000007099	0.799922179292113	-0.000134889594302919	10.9983327304566	1
23.875	32.25	1.00000000002395	0.799922197593991	-0.000128651968963059	10.7983520879671	1
24.125	32.25	0.999999999986413	0.799922177469717	-0.000122855934925803	10.5983714504619	1
24.375	32.25	0.999999999956864	0.799922121977858	-0.000117463559854537	10.3983908266815	1
24.625	32.25	0.999999999934097	0.799922034236952	-0.000112440276040502	10.1984102246038	1
24.875	32.25	0.999999999916935	0.799921917362947	-0.000107754577919961	9.99842965144309	1
25.125	32.25	0.999999999904288	0.799921774422173	-0.000103377746834055	9.79844911366009	1
25.375	32.25	0.999999999895472	0.799921608394248	-9.9283600563714e-05	9.598468616982	1
25.625	32.25	0.999999999889962	0.799921422142595	-9.54482655924494e-05	9.39848816642974	1
25.875	32.25	0.999999999887063	0.799921218393617	-9.18499700287343e-05	9.19850776635093	1
26.125	32.25	0.999999999886141	0.799920999722955	-8.8468854647709e-05	8.99852742045652	1
26.375	32.25	0.999999999886865	0.799920768545879	-8.52868011940361e-05	8.7985471318597	1
26.625	32.25	0.999999999888942	0.79992052711152	-8.22872766131987e-05	8.59856690311655	1
26.875	32.25	0.999999999892139	0.79992027750151	-7.94551908395345e-05	8.39858673626717	1
27.125	32.25	0.999999999896491	0.799920021631392	-7.6776766949327e-05	8.19860663287653	1
27.375	32.25	0.999999999902455	0.799919761253907	-7.42394238803366e-05	7.99862659407463	1
27.625	32.25	0.999999999910554	0.799919497963042	-7.18316695656816e-05	7.7986466205954	1
27.875	32.25	0.999999999920632	0.799919233200131	-6.95430032370124e-05	7.5986667128147	1
28.125	32.25	0.999999999931286	0.799918968262087	-6.73638269887778e-05	7.39868687078637	1
28.375	32.25	0.999999999938642	0.79991870430796	-6.5285364941741e-05	7.19870709427636	1
28.625	32.25	0.999999999935884	0.799918442367723	-6.32995904063278e-05	6.99872738279586	1
28.875	32.25	0.999999999915208	0.79991818335121	-6.13991587945087e-05	6.79874773563117	1
29.125	32.25	0.999999999872327	0.799917928055774	-5.95773465940067e-05	6.59876815187168	1
29.375	32.25	0.999999999815085	0.799917677175155	-5.78279971152754e-05	6.39878863043427	1
29.625	32.25	0.999999999773942	0.799917431305361	-5.61454697980227e-05	6.19880917008373	1
29.875	32.25	0.999999999809111	0.7999171909513	-5.45245944763475e-05	5.99882976945039	1
30.125	32.25	1.00000000000323	0.799916956532201	-5.2960630543281e-05	5.7988504270451	1
30.375	32.25	1.00000000042541	0.799916728386262	-5.14492288937995e-05	5.59887114127762	1
30.625	32.25	1.00000000105651	0.799916506779705	-4.9986396831571e-05	5.39889191048355	1
30.875	32.25	1.00000000168228	0.799916291921493	-4.85684657643103e-05	5.19891273296728	1
31.125	32.25	1.00000000179889	0.7999160839883	-4.71920611374466e-05	4.99893360706182	1
31.375	32.25	1.00000000062428	0.799915883156747	-4.58540739766914e-05	4.79895453119318	1
31.625	32.25	0.999999997350739	0.799915689631496	-4.45516364781098e-05	4.59897550391552	1
31.875	32.25	0.999999991761684	0.799915503646726	-4.32821036502352e-05	4.39899652385812	1
32.125	32.25	0.999999985204825	0.799915325408185	-4.20430420350303e-05	4.19901758951593	1
32.375	32.25	0.999999981606223	0.799915154942591	-4.08322280315764e-05	3.99903869884893	1
32.625	32.25	0.999999987748522	0.79991499186075	-3.96476528674506e-05	3.79905984876567	1
32.875	32.25	1.00000001158881	0.799914835117974	-3.84875207089772e-05	3.59908103476065	1
33.125	32.25	1.00000005734866	0.799914682965707	-3.73502203214889e-05	3.39910225121786	1
33.375	32.25	1.00000011707311	0.799914533407039	-3.6234244301535e-05	3.19912349303944	1
33.625	32.25	1.00000016089095	0.799914385467597	-3.51380363063339e-05	2.99914475905285	1
33.875	32.25	1.00000013233428	0.799914241330576	-3.40597858493029e-05	2.79916605679206	1
34.125	32.25	0.999999959502696	0.799914108728982	-3.29972599409058e-05	2.59918740655103	1
34.375	32.25	0.999999594239704	0.799914001925208	-3.19478530483992e-05	2.39920884035237	1
34.625	32.25	0.999999084463193	0.799913938504856	-3.09091064499963e-05	2.19923038980344	1
34.875	32.25	0.999998663737469	0.799913928939472	-2.98798964505309e-05	1.99925205793431	1
35.125	32.25	0.99999880565606	0.799913957826072	-2.8862201476396e-05	1.79927377693493	1
35.375	32.25	1.00000014842875	0.799913961315992	-2.78627426539759e-05	1.59929536828347	1
35.625	32.25	1.00000317546651	0.799913814746684	-2.68929230151053e-05	1.39931654237005	1
35.875	32.25	1.00000758879757	0.799913355206262	-2.596475675621e-05	1.19933699212532	1
36.125	32.25	1.00001148804191	0.799912468131055	-2.50807102474081e-05	0.999356630016772	1
36.375	32.25	1.00001079075659	0.799911252510044	-2.42176925039224e-05	0.79937596324709	1
36.625	32.25	0.999999727250011	0.799910232041951	-2.33107802725368e-05	0.599396476328376	1
36.875	32.25	0.99997347619469	0.799910489076835	-2.22502659749945e-05	0.399420702478629	1
37.125	32.25	0.999933647472209	0.79992417275498	-2.09129918963845e-05	0.19945149329001	1
37.375	32.25	0.99989584824887	0.399929916297647	-1.94791730672313e-05	-0.00051531278123739	1
0.125	32.75	0.000427757461706771	0.799833183022272	-0.00120968271230046	22.8276036800903	1
0.375	32.75	0.000428146384673562	0.800007445595542	-0.00122656831756081	22.8275169973807	1
0.625	32.75	0.000428904587389767	0.799992869513672	-0.000976633597499259	22.8274326624463	1
0.875	32.75	0.000429816507460474	0.799956196933417	-0.000502643473384663	22.8273559514764	1
1.125	32.75	0.000430303267256246	0.799901234183311	0.000207026749783569	22.8272924061497	1
1.375	32.75	0.000429298063730271	0.799841257729586	0.00116181719799496	22.8272453481683	1
1.625	32.75	0.000425229327812901	0.799795435094132	0.00231641661466155	22.8272137013902	1
1.875	32.75	0.00041619030106725	0.799780330577686	0.00350627193934448	22.827191355326	1
2.125	32.75	0.000400362339448117	0.799798639334034	0.00439170403084978	22.8271694920388	1
2.375	32.75	0.000376718072577816	0.799832342809506	0.00452831717883293	22.8271420100886	1
2.625	32.75	0.000345965396463575	0.799849347044561	0.00371304501611534	22.8271108787693	1
2.875	32.75	0.000311626051530605	0.799826060337417	0.00236157975793047	22.8270855076384	1
3.125	32.75	0.00028110394714423	0.799767897498305	0.00124252800696169	22.8270744650559	1
3.375	32.75	0.000266600964947556	0.799701607358046	0.000789973405546002	22.827077079588	1
3.625	32.75	0.000285754711086109	0.799653667308223	0.000968922279064967	22.8270808448593	1
3.875	32.75	0.000361865754496251	0.799641757089431	0.00154433708776931	22.8270620771496	1
4.125	32.75	0.000523547777335704	0.799675957263527	0.00229074422037148	22.8269870030554	1
4.375	32.75	0.000803598573569814	0.799761045368989	0.00309123950482017	22.8268126260102	1
4.625	32.75	0.00123690456778645	0.799898294423378	0.00393390289497994	22.8264873535133	1
4.875	32.75	0.00185736670222845	0.800087083723491	0.00486037232476651	22.8259514738085	1
5.125	32.75	0.00269428801714714	0.800326202745207	0.00592315319349159	22.825137468549	1
5.375	32.75	0.0037693533096026	0.80061468539854	0.00716526922907272	22.8239697906839	1
5.625	32.75	0.00509607319377915	0.800952296334506	0.00861237236419236	22.8223631349592	1
5.875	32.75	0.00668432616833612	0.801339992789527	0.0102666817145821	22.8202174230922	1
6.125	32.75	0.00855368601497124	0.801780669220897	0.012098320859967	22.8174067173214	1
6.375	32.75	0.0107609914400374	0.802280254530236	0.0140343420727108	22.8137580721744	1
6.625	32.75	0.0134505799409217	0.802848878446423	0.0159479006562208	22.8090149696635	1
6.875	32.75	0.0169403019000494	0.803501309473866	0.0176511500984663	22.8027786608054	1
7.125	32.75	0.0218630307528917	0.804254903405703	0.0188963448520126	22.7944201440001	1
7.375	32.75	0.0293899484695416	0.805121491948103	0.0193901623335899	22.7829573351118	1
7.625	32.75	0.0415593686376583	0.806086944220101	0.0188257764446417	22.7668996222444	1
7.875	32.75	0.0616962092345828	0.807070391217235	0.0169355201243427	22.7440810641238	1
8.125	32.75	0.0947724430778266	0.807861990882261	0.0135646659573547	22.7115404754631	1
8.375	32.75	0.147247239802359	0.808072553569076	0.00876333680148467	22.66556145442	1
8.625	32.75	0.225491216447194	0.807206602513219	0.0028805229395706	22.6020313541939	1
8.875	32.75	0.331984577697685	0.805012069802383	-0.00339430775557257	22.517235056114	1
9.125	32.75	0.460506074128922	0.801986412444232	-0.00914196442569043	22.4089596062185	1
9.375	32.75	0.595170509294429	0.79935117599422	-0.0135202576034731	22.2773988738357	1
9.625	32.75	0.717188540005741	0.798115338845947	-0.0160997512432258	22.1252188355805	1
9.875	32.75	0.814257526916697	0.798292995907355	-0.0169623356680406	21.9566547622474	1
10.125	32.75	0.883869610533308	0.799216894028648	-0.0165244455491196	21.7762380850399	1
10.375	32.75	0.930107102087717	0.800245041706071	-0.0152850647716349	21.5878668517721	1
10.625	32.75	0.95917230540935	0.801053032589842	-0.013664096580479	21.3944558561416	1
10.875	32.75	0.976719525011358	0.801567265738271	-0.0119512190480234	21.1979917293407	1
11.125	32.75	0.986985894395587	0.801829066483945	-0.0103176428505965	20.9997463415039	1
11.375	32.75	0.992837233085541	0.801908930280915	-0.00884823886041278	20.8004985773801	1
11.625	32.75	0.996096319151645	0.80187090873869	-0.00757282371377332	20.6007092500392	1
11.875	32.75	0.997875166152264	0.801763274753137	-0.00648981278520216	20.4006428956355	1
12.125	32.75	0.998830469032047	0.801619259949162	-0.0055819404240667	20.2004469146751	1
12.375	32.75	0.999338938280412	0.801460461419732	-0.00482580555045956	20.000200769176	1
12.625	32.75	0.999610573295836	0.801300245325046	-0.00419719646916266	19.7999455739813	1
12.875	32.75	0.999759015831889	0.801146434094834	-0.00367375567851913	19.5997013964428	1
13.125	32.75	0.999843896852927	0.801003241281266	-0.0032360753177901	19.3994770956493	1
13.375	32.75	0.999895575382102	0.800872600379919	-0.00286792877722849	19.1992757615418	1
13.625	32.75	0.999929134497237	0.800755050360789	-0.00255606965542937	18.9990976324131	1
13.875	32.75	0.99995201364728	0.800650311995055	-0.00228984806239611	18.7989416111669	1
14.125	32.75	0.999967992956138	0.80055765479219	-0.00206078067493079	18.5988060288271	1
14.375	32.75	0.999979165969176	0.800476125343045	-0.00186214280485338	18.3986890183224	1
14.625	32.75	0.999986855096235	0.800404685788956	-0.00168861169785399	18.1985886940988	1
14.875	32.75	0.999992004434399	0.800342295147551	-0.00153596912637515	17.9985032383007	1
15.125	32.75	0.999995334829386	0.800287955011028	-0.00140086078737011	17.7984309428059	1
15.375	32.75	0.999997403123181	0.800240733452212	-0.00128060548637476	17.5983702299004	1
15.625	32.75	0.999998629874655	0.800199775857284	-0.00117304578586003	17.3983196615918	1
15.875	32.75	0.999999320454464	0.800164308066504	-0.00107643210626545	17.1982779418933	1
16.125	32.75	0.999999686367033	0.800133635086621	-0.000989333257846014	16.9982439141757	1
16.375	32.75	0.999999866708486	0.800107137337017	-0.000910567567054292	16.7982165549121	1
16.625	32.75	0.999999947948904	0.80008426558942	-0.000839149908691892	16.5981949648999	1
16.875	32.75	0.999999980567645	0.800064535300924	-0.000774250949730181	16.398178358925	1
17.125	32.75	0.999999991929957	0.800047520759798	-0.000715165739057609	16.1981660546931	1
17.375	32.75	0.999999995531796	0.800032849297453	-0.00066128943906349	15.9981574616869	1
17.625	32.75	0.999999997175368	0.800020195730158	-0.000612098509585921	15.7981520704269	1
17.875	32.75	0.999999998802514	0.800009277124667	-0.00056713605839926	15.5981494424421	1
18.125	32.75	1.00000000068606	0.799999847944831	-0.000526000377412966	15.3981492011209	1
18.375	32.75	1.00000000256089	0.799991695607555	-0.000488335917777283	15.1981510235058	1
18.625	32.75	1.00000000412665	0.799984636453453	-0.000453826137153494	14.9981546330234	1
18.875	32.75	1.00000000521368	0.799978512123728	-0.000422187786098961	14.7981597930986	1
19.125	32.75	1.00000000579303	0.799973186327452	-0.000393166303602056	14.5981663015796	1
19.375	32.75	1.00000000593122	0.799968541971714	-0.00036653207285151	14.3981739858886	1
19.625	32.75	1.00000000573874	0.799964478626505	-0.000342077343764818	14.1981826988171	1
19.875	32.75	1.00000000533158	0.799960910297149	-0.000319613678058069	13.998192314886	1
20.125	32.75	1.00000000480951	0.799957763470423	-0.000298969803703634	13.7982027271995	1
20.375	32.75	1.00000000424728	0.799954975407367	-0.000279989795254657	13.5982138447305	1
20.625	32.75	1.00000000369474	0.79995249265368	-0.000262531513165939	13.398225589979	1
20.875	32.75	1.00000000318088	0.799950269743285	-0.000246465252610746	13.1982378969582	1
21.125	32.75	1.00000000271959	0.799948268073066	-0.000231672562559888	12.9982507094626	1
21.375	32.75	1.00000000231478	0.799946454925721	-0.000218045205121118	12.7982639795809	1
21.625	32.75	1.00000000196438	0.799944802624066	-0.000205484231878475	12.5982776664232	1
21.875	32.75	1.0000000016634	0.799943287800389	-0.000193899159124842	12.398291735031	1
22.125	32.75	1.0000000014059	0.79994189076394	-0.000183207226118154	12.1983061554467	1
22.375	32.75	1.00000000118605	0.799940594956255	-0.000173332726612527	11.9983209019213	1
22.625	32.75	1.00000000099847	0.799939386481834	-0.000164206402759919	11.7983359522393	1
22.875	32.75	1.00000000083851	0.799938253703899	-0.000155764894661723	11.598351287147	1
23.125	32.75	1.00000000070222	0.79993718689777	-0.000147950238886859	11.3983668898671	1
23.375	32.75	1.00000000058627	0.799936177954687	-0.000140709411056921	11.1983827456896	1
23.625	32.75	1.00000000048784	0.799935220126234	-0.000133993907376453	10.9983988416261	1
23.875	32.75	1.00000000040435	0.7999343078061	-0.000127759362330317	10.79841516612	1
24.125	32.75	1.00000000033356	0.799933436345412	-0.000121965198311538	10.5984317088031	1
24.375	32.75	1.00000000027367	0.799932601894514	-0.000116574304234621	10.3984484602928	1
24.625	32.75	1.00000000022321	0.799931801267871	-0.000111552741848854	10.1984654120225	1
24.875	32.75	1.0000000001808	0.799931031829536	-0.000106869476034821	9.9984825561019	1
25.125	32.75	1.00000000014514	0.799930291397925	-0.000102496127411622	9.79849988520128	1
25.375	32.75	1.00000000011536	0.799929578164583	-9.84067460455298e-05	9.59851739245608	1
25.625	32.75	1.00000000009069	0.79992889062453	-9.45776039659713e-05	9.39853507138921	1
25.875	32.75	1.00000000007021	0.79992822751916	-9.09870048903369e-05	9.19855291584814	1
26.125	32.75	1.00000000005321	0.799927587789191	-8.76151098767036e-05	8.99857091995383	1
26.375	32.75	1.0000000000393	0.799926970534054	-8.44437778446363e-05	8.79858907805966	1
26.625	32.75	1.00000000002798	0.799926374978347	-8.14564195854522e-05	8.59860738471923	1
26.875	32.75	1.00000000001888	0.799925800445773	-7.86378640462881e-05	8.39862583466094	1
27.125	32.75	1.00000000001202	0.799925246336562	-7.59742355368501e-05	8.19864442276782	1
27.375	32.75	1.00000000000775	0.79992471210886	-7.34528421981133e-05	7.99866314406243	1
27.625	32.75	1.00000000000647	0.799924197264192	-7.10620738173596e-05	7.79868199369541	1
27.875	32.75	1.00000000000798	0.799923701335854	-6.87913075692586e-05	7.59870096693709	1
28.125	32.75	1.00000000001084	0.799923223880541	-6.66308228482121e-05	7.39872005917158	1
28.375	32.75	1.00000000001121	0.799922764469972	-6.45717229393743e-05	7.1987392658926	1
28.625	32.75	1.00000000000222	0.799922322686263	-6.26058636297535e-05	6.99875858270168	1
28.875	32.75	0.999999999976166	0.799921898119241	-6.07257878691525e-05	6.79877800530614	1
29.125	32.75	0.999999999928805	0.79992149036167	-5.89246657763297e-05	6.59879752951786	1
29.375	32.75	0.999999999867696	0.799921099008154	-5.71962408970169e-05	6.39881715125156	1
29.625	32.75	0.999999999822722	0.79992072365295	-5.55347801054754e-05	6.19883686652096	1
29.875	32.75	0.99999999985298	0.799920363886704	-5.39350280185795e-05	5.9988566714343	1
30.125	32.75	1.00000000003951	0.799920019293995	-5.2392166449727e-05	5.79887656218972	1
30.375	32.75	1.00000000045021	0.799919689452127	-5.09017762679981e-05	5.5988965350752	1
30.625	32.75	1.00000000106657	0.799919373933057	-4.94598021275945e-05	5.39891658647858	1
30.875	32.75	1.00000000167874	0.799919072311551	-4.80625200636132e-05	5.19893671291479	1
31.125	32.75	1.00000000179289	0.799918784185356	-4.67065069173235e-05	4.9989569110711	1
31.375	32.75	1.00000000064202	0.799918509201987	-4.53886116812995e-05	4.79897717785765	1
31.625	32.75	0.999999997432988	0.799918247080933	-4.41059309944118e-05	4.5989975104308	1
31.875	32.75	0.999999991950995	0.799917997612118	-4.28557899079192e-05	4.39901790613115	1
32.125	32.75	0.999999985513443	0.79991776059588	-4.16357304446407e-05	4.19903836226878	1
32.375	32.75	0.99999998196464	0.799917535691081	-4.04435099160569e-05	3.9990588757219	1
32.625	32.75	0.999999987951013	0.799917322180667	-3.92771045829717e-05	3.7990794424227	1
32.875	32.75	1.00000001127642	0.799917118734489	-3.8134707587283e-05	3.59910005699366	1
33.125	32.75	1.0000000560951	0.799916923358021	-3.7014701073603e-05	3.39912071303707	1
33.375	32.75	1.00000011464391	0.799916733836449	-3.59155745789384e-05	3.19914140472315	1
33.625	32.75	1.00000015769658	0.799916548977257	-3.4835772626373e-05	2.9991621301214	1
33.875	32.75	1.00000012996477	0.799916370699269	-3.37734906544344e-05	2.79918289588079	1
34.125	32.75	0.999999961008096	0.799916206375517	-3.27265063881927e-05	2.59920372120068	1
34.375	32.75	0.999999603571633	0.799916069792801	-3.16922291580992e-05	2.39922463682635	1
34.625	32.75	0.999999104396457	0.799915978013247	-3.06682159977974e-05	2.19924567316519	1
34.875	32.75	0.999998691939285	0.799915941156038	-2.96533525868715e-05	1.99926683271582	1
35.125	32.75	0.99999882968272	0.799915944027298	-2.86496099776636e-05	1.79928804868139	1
35.375	32.75	1.00000014242091	0.799915924015071	-2.76636749547243e-05	1.599309145907	1
35.625	32.75	1.00000310370108	0.799915758970081	-2.67068900298639e-05	1.39932984046355	1
35.875	32.75	1.00000742254498	0.799915289285182	-2.57912089032859e-05	1.19934983124376	1
36.125	32.75	1.00001123973991	0.799914402661352	-2.49191058763052e-05	0.999369031904773	1
36.375	32.75	1.00001056024603	0.799913195832087	-2.40676806596224e-05	0.799387938120145	1
36.625	32.75	0.99999973716728	0.79991218128278	-2.31725087939624e-05	0.599408002096099	1
36.875	32.75	0.999974051050115	0.799912418360804	-2.21247321378183e-05	0.399431702550834	1
37.125	32.75	0.999935076021921	0.799925797609343	-2.08021944356968e-05	0.199461830018045	1
37.375	32.75	0.999898085045126	0.399931399316738	-1.93831949395097e-05	-0.000505688408597226	1
0.125	33.25	0.000416055057543848	0.799822981366547	-0.00144304798149389	22.8275812764635	1
0.375	33.25	0.000416453522971172	0.799961423267279	-0.00144712934411504	22.8275040935232	1
0.625	33.25	0.000417240229845817	0.799915306214526	-0.00124966831082022	22.8274370467172	1
0.875	33.25	0.000418216485130156	0.799852070256083	-0.000944108149931797	22.8273849657173	1
1.125	33.25	0.0004188250208092	0.799778558434425	-0.000558075723485664	22.8273514869311	1
1.375	33.25	0.000418019576773565	0.799707360290688	-0.000138585231633901	22.827338178491	1
1.625	33.25	0.000414237941072658	0.799658008458061	0.000238675037807437	22.8273427717592	1
1.875	33.25	0.000405556934452797	0.799652338072708	0.000484153769012663	22.8273576739891	1
2.125	33.25	0.000390097794161413	0.799701805256657	0.000523196415761303	22.8273703761645	1
2.375	33.25	0.000366710497800185	0.799788167911586	0.000331928578219739	22.8273680137074	1
2.625	33.25	0.000335900821382217	0.799855734413468	-1.47682858231098e-05	22.8273470275224	1
2.875	33.25	0.000300894829598211	0.799844667529445	-0.000310603724645481	22.8273210926644	1
3.125	33.25	0.000268692172061229	0.799746582100074	-0.000309492574831549	22.8273135562869	1
3.375	33.25	0.000250957842919928	0.799610695808585	8.81225272655599e-05	22.8273370263739	1
3.625	33.25	0.000264619964487597	0.799494857056046	0.000783886306603249	22.8273822672053	1
3.875	33.25	0.000332039301816934	0.799429226588314	0.00158140752386333	22.8274222924916	1
4.125	33.25	0.000480585050641593	0.799420002878409	0.00233157330913463	22.8274200838815	1
4.375	33.25	0.000741414215557027	0.799468986813503	0.00301133275641567	22.8273314666246	1
4.625	33.25	0.00114725696634914	0.799585463921048	0.00368228563088556	22.8271033978691	1
4.875	33.25	0.00172915977218015	0.799787847278146	0.00441827538140924	22.8266715014559	1
5.125	33.25	0.00251254813302693	0.800102543395774	0.00527296828270065	22.82595846421	1
5.375	33.25	0.00351361529780107	0.800563617897244	0.00627924786664063	22.8248726715271	1
5.625	33.25	0.00473773792832063	0.801212580633053	0.00745392221080993	22.8233058956392	1
5.875	33.25	0.00618230301811059	0.802097271915589	0.00879644512267033	22.8211285437519	1
6.125	33.25	0.00784724720563213	0.803269455045067	0.0102819544114186	22.818180252816	1
6.375	33.25	0.00975817331590488	0.804780843897513	0.0118518479912718	22.8142525590607	1
6.625	33.25	0.0120095931721295	0.80667718482832	0.0134047553424844	22.8090590658916	1
6.875	33.25	0.0148402093416128	0.808989884879309	0.0147905178361123	22.8021871012509	1
7.125	33.25	0.0187585931464144	0.811724346017681	0.0158102213581342	22.7930237768475	1
7.375	33.25	0.0247451117568755	0.814843241526114	0.0162259304897716	22.7806499579736	1
7.625	33.25	0.0345581691836229	0.818241202650174	0.0157839891629886	22.7637007665988	1
7.875	33.25	0.0511489031803113	0.821705744939318	0.0142552538552138	22.7402059261795	1
8.125	33.25	0.0790875546982145	0.82486312642456	0.0114943600313542	22.7074543089821	1
8.375	33.25	0.124642456782757	0.827132788130047	0.00751711080528774	22.6619779350754	1
8.625	33.25	0.194708217543379	0.827782175432031	0.00258434945919062	22.5998053950964	1
8.875	33.25	0.293576264509217	0.826246243295987	-0.00274989203445074	22.5171293035525	1
9.125	33.25	0.417908340668974	0.822711065365005	-0.00770986581072343	22.4113544088083	1
9.375	33.25	0.553953050292081	0.818371396365963	-0.0115446971518451	22.2821176676122	1
9.625	33.25	0.682313341857397	0.81466713272309	-0.0138348044704879	22.1316119303066	1
9.875	33.25	0.787894748337426	0.81220012194221	-0.014615565536447	21.9638861147951	1
10.125	33.25	0.865538430103594	0.810670292148116	-0.014241337680946	21.7835685574822	1
10.375	33.25	0.918062866331463	0.809556583153574	-0.0131557518709257	21.5947924935197	1
10.625	33.25	0.951541619710143	0.808546114891595	-0.0117358876324141	21.4007094838049	1
10.875	33.25	0.971993520709847	0.807547218007191	-0.0102410337197586	21.2034812271031	1
11.125	33.25	0.984099462210189	0.806573375907544	-0.00882268150439293	21.0044860816395	1
11.375	33.25	0.991089233578516	0.805660943782193	-0.00755426238131647	20.8045569312358	1
11.625	33.25	0.995042967960937	0.804836754868093	-0.00646000870615641	20.6041750658023	1
11.875	33.25	0.997241962461706	0.804112449334469	-0.00553654703361924	20.4036066754375	1
12.125	33.25	0.998450007629295	0.803487922657962	-0.00476707037857088	20.202991585424	1
12.375	33.25	0.999110055410274	0.802956099983435	-0.00412982078796505	20.0023980916504	1
12.625	33.25	0.999472504406702	0.802506650262549	-0.00360273678574909	19.801855583007	1
12.875	33.25	0.999675401659751	0.802128352922401	-0.00316571726242915	19.6013733013416	1
13.125	33.25	0.999793021517318	0.801810419659945	-0.00280150010326485	19.4009507558893	1
13.375	33.25	0.999864466922153	0.801543130566886	-0.00249579221524097	19.2005832719557	1
13.625	33.25	0.999910026769757	0.801318061106637	-0.00223703466038407	19.0002647954803	1
13.875	33.25	0.999940237104136	0.801128084138907	-0.002016022046086	18.7999892080648	1
14.125	33.25	0.999960722681679	0.800967260824204	-0.00182549356885846	18.5997508708247	1
14.375	33.25	0.99997468027533	0.800830686992769	-0.00165975289577943	18.3995447933297	1
14.625	33.25	0.999984096376248	0.800714331710729	-0.00151434008064119	18.1993666364165	1
14.875	33.25	0.999990318222461	0.8006148866462	-0.00138576062933818	17.9992126524817	1
15.125	33.25	0.999994313763849	0.800529634219283	-0.00127126805010053	17.7990796105093	1
15.375	33.25	0.999996792770984	0.800456336594155	-0.00116869264503613	17.5989647246335	1
15.625	33.25	0.999998271241158	0.800393144504838	-0.00107630846396554	17.3988655918337	1
15.875	33.25	0.999999114458218	0.80033852352566	-0.000992730836889025	17.1987801389879	1
16.125	33.25	0.999999571637459	0.80029119498201	-0.000916837926749155	16.998706577846	1
16.375	33.25	0.999999805586418	0.80025008878387	-0.000847710901314972	16.7986433663553	1
16.625	33.25	0.999999917612568	0.800214305780567	-0.000784588406635296	16.598589175111	1
16.875	33.25	0.999999967402257	0.800183087638223	-0.000726831955668167	16.3985428580942	1
17.125	33.25	0.999999987967564	0.800155792623284	-0.000673899615358405	16.1985034271267	1
17.375	33.25	0.999999996216875	0.800131876022042	-0.000625325984437653	15.998470029636	1
17.625	33.25	0.999999999978469	0.800110874212718	-0.000580706929499561	15.7984419293915	1
17.875	33.25	1.00000000237233	0.800092391625591	-0.000539687918545934	15.5984184899014	1
18.125	33.25	1.00000000433963	0.800076090008082	-0.000501955069832015	15.3983991601717	1
18.375	33.25	1.00000000598329	0.800061679540069	-0.00046722825022549	15.1983834625326	1
18.625	33.25	1.00000000719792	0.800048911445253	-0.000435255720859514	14.9983709822576	1
18.875	33.25	1.00000000791174	0.800037571822441	-0.000405809949628608	14.7983613587192	1
19.125	33.25	1.00000000814088	0.800027476475457	-0.000378684304783473	14.5983542778517	1
19.375	33.25	1.00000000796927	0.800018466564939	-0.000353690416715213	14.3983494657222	1
19.625	33.25	1.00000000751096	0.800010404940761	-0.000330656043782454	14.198346683038	1
19.875	33.25	1.00000000687931	0.800003173040383	-0.000309423323415053	13.9983457204452	1
20.125	33.25	1.00000000616901	0.799996668257027	-0.000289847316779865	13.7983463944958	1
20.375	33.25	1.00000000544907	0.799990801701811	-0.000271794779804472	13.598348544184	1
20.625	33.25	1.00000000476395	0.799985496296061	-0.000255143109604949	13.3983520279636	1
20.875	33.25	1.000000004138	0.799980685140947	-0.000239779428249079	13.1983567211787	1
21.125	33.25	1.00000000358122	0.799976310123077	-0.000225599775911447	12.9983625138456	1
21.375	33.25	1.00000000309437	0.799972320717239	-0.000212508392142042	12.7983693087368	1
21.625	33.25	1.00000000267282	0.799968672957786	-0.000200417069068287	12.598377019725	1
21.875	33.25	1.00000000230951	0.799965328554988	-0.000189244565437053	12.39838557035	1
22.125	33.25	1.00000000199688	0.799962254132283	-0.000178916070939339	12.1983948925774	1
22.375	33.25	1.00000000172788	0.799959420568441	-0.00016936271498049	11.9984049257247	1
22.625	33.25	1.00000000149611	0.799956802430111	-0.000160521114135062	11.7984156155296	1
22.875	33.25	1.00000000129614	0.79995437748063	-0.000152332954150885	11.5984269133425	1
23.125	33.25	1.00000000112342	0.799952126255532	-0.000144744602635921	11.398438775427	1
23.375	33.25	1.00000000097411	0.799950031696311	-0.000137706750424572	11.1984511623522	1
23.625	33.25	1.000000000845	0.799948078831556	-0.0001311740788318	10.9984640384655	1
23.875	33.25	1.00000000073321	0.799946254500787	-0.00012510495075853	10.7984773714355	1
24.125	33.25	1.00000000063632	0.799944547117396	-0.000119461124185367	10.5984911318546	1
24.375	33.25	1.00000000055238	0.799942946461518	-0.000114207486032322	10.398505292894	1
24.625	33.25	1.00000000047972	0.79994144350008	-0.00010931180599525	10.1985198300037	1
24.875	33.25	1.00000000041676	0.799940030231566	-0.000104744507943753	9.9985347206521	1
25.125	33.25	1.00000000036216	0.799938699552178	-0.000100478457979336	9.79854994409968	1
25.375	33.25	1.00000000031492	0.799937445138939	-9.64887688859908e-05	9.59856548120132	1
25.625	33.25	1.00000000027412	0.799936261348207	-9.27526191596547e-05	9.39858131423497	1
25.875	33.25	1.00000000023876	0.799935143128536	-8.92490851788945e-05	9.19859742675203	1
26.125	33.25	1.00000000020804	0.799934085945343	-8.59589865803891e-05	8.99861380344698	1
26.375	33.25	1.00000000018142	0.799933085714497	-8.28647438971157e-05	8.79863043004333	1
26.625	33.25	1.00000000015828	0.799932138745312	-7.99502467749262e-05	8.59864729319435	1
26.875	33.25	1.00000000013822	0.799931241692544	-7.72007326565188e-05	8.398664380396	1
27.125	33.25	1.00000000012133	0.799930391513319	-7.46026750538985e-05	8.19868167991025	1
27.375	33.25	1.00000000010788	0.799929585429547	-7.21436809645825e-05	7.9986991806982	1
27.625	33.25	1.00000000009813	0.799928820897321	-6.98123964475666e-05	7.79871687236115	1
27.875	33.25	1.00000000009186	0.799928095578862	-6.75984189490159e-05	7.59873474508829	1
28.125	33.25	1.00000000008757	0.799927407318907	-6.54922181266463e-05	7.3987527896111	1
28.375	33.25	1.00000000008139	0.799926754123711	-6.3485062511369e-05	7.19877099716257	1
28.625	33.25	1.0000000000666	0.799926134143862	-6.15689515877267e-05	6.99878935944173	1
28.875	33.25	1.0000000000356	0.79992554566036	-5.973655442431e-05	6.7988078685811	1
29.125	33.25	0.999999999984145	0.799924987069312	-5.79811528202112e-05	6.5988265171172	1
29.375	33.25	0.999999999919541	0.79992445687135	-5.62965894629028e-05	6.39884529796333	1
29.625	33.25	0.999999999871025	0.799923953661301	-5.46772202865392e-05	6.19886420438217	1
29.875	33.25	0.999999999896528	0.799923476115956	-5.31178708789593e-05	5.99888322995971	1
30.125	33.25	1.0000000000756	0.799923022984383	-5.16137969944409e-05	5.79890236858136	1
30.375	33.25	1.00000000047498	0.799922593080814	-5.01606476500204e-05	5.59892161441377	1
30.625	33.25	1.00000000107667	0.79992218528003	-4.87544312668969e-05	5.39894096189808	1
30.875	33.25	1.00000000167528	0.799921798519583	-4.73914837946854e-05	5.19896040576172	1
31.125	33.25	1.00000000178701	0.799921431814625	-4.60684385356388e-05	4.99897994104885	1
31.375	33.25	1.00000000065974	0.799921084279096	-4.47821987691432e-05	4.79899956315746	1
31.625	33.25	0.999999997514889	0.799920755143585	-4.35299134678106e-05	4.59901926785094	1
31.875	33.25	0.9999999921396	0.799920443750126	-4.23089577414564e-05	4.39903905118679	1
32.125	33.25	0.999999985821091	0.79992014948911	-4.11169224260827e-05	4.19905890929671	1
32.375	33.25	0.99999998232228	0.799919871648073	-3.99516125622991e-05	3.99907883798477	1
32.625	33.25	0.999999988154046	0.799919609179268	-3.8811050363408e-05	3.79909883221488	1
32.875	33.25	1.00000001096753	0.799919360463045	-3.76934740102112e-05	3.59911888574631	1
33.125	33.25	1.0000000548497	0.799919123255654	-3.65973099318011e-05	3.39913899140935	1
33.375	33.25	1.00000011222771	0.799918895121969	-3.55210910760539e-05	3.19915914265258	1
33.625	33.25	1.00000015451608	0.799918674648609	-3.44633061165757e-05	2.99917933679897	1
33.875	33.25	1.00000012759918	0.7999184634884	-3.3422195976658e-05	2.79919957962542	1
34.125	33.25	0.999999962488736	0.799918268653761	-3.23955859280922e-05	2.5992198892512	1
34.375	33.25	0.999999612827752	0.799918103455863	-3.13809351261889e-05	2.39924029516029	1
34.625	33.25	0.999999124191964	0.799917984434491	-3.03758480641712e-05	2.19926082657577	1
34.875	33.25	0.999998719969415	0.799917921356779	-2.93792472559299e-05	1.99928148547626	1
35.125	33.25	0.999998853605644	0.799917899234793	-2.8393117880907e-05	1.79930220607996	1
35.375	33.25	1.00000013657595	0.799917856683648	-2.74241256942885e-05	1.59932281658591	1
35.625	33.25	1.00000303263117	0.799917674048765	-2.64835578761429e-05	1.39934303871827	1
35.875	33.25	1.00000725771838	0.799917195001943	-2.55833108139383e-05	1.199362577304	1
36.125	33.25	1.00001099344109	0.799916309487856	-2.47258830606088e-05	0.99938134719875	1
36.375	33.25	1.00001033140905	0.799915111996054	-2.38886175364936e-05	0.799399832652875	1
36.625	33.25	0.999999746424907	0.799914103880794	-2.30077039127023e-05	0.59941945383632	1
36.875	33.25	0.999974619928549	0.799914321664093	-2.1975320122756e-05	0.399442635422707	1
37.125	33.25	0.999936490490527	0.799927400154972	-2.06705268579673e-05	0.199472107420759	1
37.375	33.25	0.999900299870833	0.399932859618045	-1.9269350594826e-05	-0.000496115431491337	1
0.125	33.75	0.000407516473567245	0.799824221387967	-0.00118463899359343	22.8275636876662	1
0.375	33.75	0.000407921422355145	0.799941558573421	-0.00115999905981296	22.8274892713564	1
0.625	33.75	0.000408728834561249	0.799874837720888	-0.000857991896726011	22.8274321471267	1
0.875	33.75	0.000409754814350136	0.7998054745485	-0.000368711192444237	22.8273927093762	1
1.125	33.75	0.000410462362841251	0.799732128708059	0.000300213219966403	22.8273719264502	1
1.375	33.75	0.000409827070808231	0.799656740769012	0.00113220621096124	22.8273710305779	1
1.625	33.75	0.000406302968792387	0.799587182937201	0.00207091201789887	22.8273903591171	1
1.875	33.75	0.000397966793889059	0.79954032630399	0.00298562250339371	22.8274276262275	1
2.125	33.75	0.000382910059725526	0.799541586496594	0.00364751795317493	22.8274751754071	1
2.375	33.75	0.000359909680982152	0.799607526338853	0.0037959239623209	22.8275184983961	1
2.625	33.75	0.000329343819310763	0.799713168973225	0.00334636411601179	22.8275419468635	1
2.875	33.75	0.000294249061164145	0.799786203757823	0.00254023301988868	22.8275425593015	1
3.125	33.75	0.000261366952642925	0.799759082652366	0.00177050117825751	22.8275377406885	1
3.375	33.75	0.00024202104184924	0.799628119508242	0.00131417226861939	22.827553244486	1
3.625	33.75	0.000252684556683287	0.799454444223576	0.00127800615357382	22.8276010363596	1
3.875	33.75	0.00031510433324442	0.799314226040173	0.00161137344194917	22.8276658993995	1
4.125	33.75	0.000455821455344199	0.79925249853055	0.00214647074752493	22.8277083556111	1
4.375	33.75	0.000704893412963098	0.799279604549169	0.00272196739590244	22.8276756417927	1
4.625	33.75	0.00109362138113506	0.799398624692061	0.0032687291303038	22.8275077433844	1
4.875	33.75	0.00165120965491024	0.799628540445032	0.00379276756470684	22.8271354850049	1
5.125	33.75	0.00240065066827315	0.800009599240732	0.00432350559805601	22.8264756490382	1
5.375	33.75	0.00335474548679161	0.800599078454264	0.00488454482398383	22.825426916734	1
5.625	33.75	0.00451386245030763	0.801466167209482	0.00548730876074596	22.8238666424873	1
5.875	33.75	0.00586769287802066	0.80268778892138	0.00613127968519397	22.8216465413617	1
6.125	33.75	0.00740408709646206	0.804343846541064	0.00680284062112978	22.8185847810401	1
6.375	33.75	0.00912947374950324	0.806510398688798	0.00747224790808169	22.8144513782422	1
6.625	33.75	0.0111078673009822	0.809250058792222	0.0080903250047919	22.8089427196467	1
6.875	33.75	0.0135296156501462	0.812599369406952	0.00858641802575934	22.8016395735733	1
7.125	33.75	0.0168273364508644	0.816552888099475	0.00886903641917866	22.7919416247294	1
7.375	33.75	0.0218643912184531	0.821043092488952	0.00883070284844609	22.7789715080015	1
7.625	33.75	0.0302259164209715	0.825913764208889	0.00835864010296983	22.7614450355251	1
7.875	33.75	0.044626599249635	0.830882841002261	0.00735285594759722	22.7375164421771	1
8.125	33.75	0.0693680745764063	0.835492919392973	0.00575285299596939	22.7046348076431	1
8.375	33.75	0.110548661199034	0.839066965279279	0.00357304534429005	22.6594956049827	1
8.625	33.75	0.175292802772022	0.840747294528028	0.000942308325877156	22.5982296509778	1
8.875	33.75	0.268922896933531	0.839782048654111	-0.00187079561448532	22.5169873565138	1
9.125	33.75	0.389951058291533	0.836128985673333	-0.00448659811731731	22.4129381238462	1
9.375	33.75	0.526269818714653	0.830885259198967	-0.0065287473626241	22.2853483116385	1
9.625	33.75	0.658436930237133	0.825699286227475	-0.0077778789859559	22.1360708935866	1
9.875	33.75	0.769621904680649	0.821554255871402	-0.00824346171147936	21.9689986577031	1
10.125	33.75	0.852762974387152	0.818425528794386	-0.00810201763227708	21.7888068431996	1
10.375	33.75	0.909668535964212	0.815896603365826	-0.00758006959515654	21.5997860600615	1
10.625	33.75	0.946242536299032	0.813673091189502	-0.0068721298476678	21.4052556343097	1
10.875	33.75	0.968730703752866	0.8116569536916	-0.00611311241015118	21.2075046241304	1
11.125	33.75	0.982120705228226	0.809847148482404	-0.00538294302865778	21.0079901422523	1
11.375	33.75	0.989899983272971	0.808260079148728	-0.00472151015946828	20.8075856797454	1
11.625	33.75	0.994331786646147	0.806899433518327	-0.00414324703134491	20.6067884949695	1
11.875	33.75	0.996817582399955	0.805753230094507	-0.00364808960184083	20.4058668140129	1
12.125	33.75	0.998196737714514	0.804799387773947	-0.00322872541956478	20.2049556086476	1
12.375	33.75	0.998958589544291	0.804011656252396	-0.00287498478050991	20.0041155843234	1
12.625	33.75	0.999381579698279	0.803363696589544	-0.00257628879241455	19.8033680404043	1
12.875	33.75	0.999620540584538	0.802831328626032	-0.00232287525507082	19.6027147132314	1
13.125	33.75	0.999759723594067	0.80239349620842	-0.00210630340192591	19.4021486230057	1
13.375	33.75	0.999844133906143	0.802032467976616	-0.00191956121742459	19.2016597123678	1
13.625	33.75	0.999897543061602	0.801733636727127	-0.00175697335216465	19.0012375766436	1
13.875	33.75	0.99993254167146	0.801485141439678	-0.00161402468952437	18.800872638701	1
14.125	33.75	0.999955969657256	0.80127743904518	-0.00148716251441849	18.6005565380008	1
14.375	33.75	0.999971746440033	0.801102892053496	-0.00137360890128121	18.4002821545537	1
14.625	33.75	0.999982291830701	0.800955402180024	-0.00127119692470568	18.2000434863922	1
14.875	33.75	0.999989215626044	0.80083009996499	-0.00117823449853425	17.9998354864218	1
15.125	33.75	0.999993646708564	0.800723089799259	-0.00109339473717893	17.799653904561	1
15.375	33.75	0.9999963945943	0.800631244784056	-0.00101562959642793	17.5994951511844	1
15.625	33.75	0.999998037676006	0.800552044010109	-0.000944102922815375	17.3993561843458	1
15.875	33.75	0.999998980507478	0.800483444686672	-0.000878139160191396	17.1992344180803	1
16.125	33.75	0.999999497073534	0.800423782218127	-0.000817184406347866	16.9991276478228	1
16.375	33.75	0.999999765773755	0.800371692318169	-0.000760777060135858	16.7990339892931	1
16.625	33.75	0.999999897670771	0.800326050306528	-0.000708525827896476	16.5989518279651	1
16.875	33.75	0.999999958494472	0.80028592370938	-0.000660093326430764	16.398879776977	1
17.125	33.75	0.99999998495181	0.800250535118537	-0.000615183912514249	16.1988166419103	1
17.375	33.75	0.99999999617354	0.800219232960335	-0.000573534681534178	15.9987613912566	1
17.625	33.75	1.00000000129939	0.800191468370933	-0.000534908829336164	15.7987131316463	1
17.875	33.75	1.00000000420614	0.800166776797913	-0.000499090765958633	15.5986710870832	1
18.125	33.75	1.0000000062604	0.8001447632826	-0.000465882518988664	15.3986345815482	1
18.375	33.75	1.00000000779693	0.800125090617521	-0.000435101080952668	15.1986030244239	1
18.625	33.75	1.00000000883156	0.800107469765403	-0.000406576442229524	14.9985758982731	1
18.875	33.75	1.00000000935237	0.800091652067436	-0.00038015011747098	14.7985527485729	1
19.125	33.75	1.00000000940237	0.800077422870356	-0.000355674024480422	14.5985331750658	1
19.375	33.75	1.0000000090752	0.800064596288434	-0.000333009613918609	14.3985168244519	1
19.625	33.75	1.00000000848634	0.800053010877141	-0.000312027172701828	14.1985033841872	1
19.875	33.75	1.00000000774701	0.800042526040786	-0.000292605249626023	13.9984925772027	1
20.125	33.75	1.00000000694842	0.800033019035526	-0.000274630164928416	13.7984841573868	1
20.375	33.75	1.00000000615593	0.800024382457077	-0.000257995576532263	13.5984779057083	1
20.625	33.75	1.00000000541065	0.800016522124788	-0.000242602086304518	13.3984736268756	1
20.875	33.75	1.00000000473417	0.80000935529142	-0.000228356873053399	13.1984711464505	1
21.125	33.75	1.0000000041341	0.800002809123017	-0.000215173344768162	12.9984703083459	1
21.375	33.75	1.00000000360945	0.799996819401581	-0.000202970805895172	12.7984709726513	1
21.625	33.75	1.00000000315424	0.799991329414056	-0.000191674135700508	12.59847301374	1
21.875	33.75	1.0000000027605	0.799986288999524	-0.000181213477312018	12.3984763186163	1
22.125	33.75	1.00000000241999	0.799981653727441	-0.000171523936153243	12.1984807854705	1
22.375	33.75	1.00000000212514	0.799977384186666	-0.000162545287850354	11.9984863224135	1
22.625	33.75	1.00000000186915	0.799973445369965	-0.000154221695955015	11.7984928463663	1
22.875	33.75	1.00000000164626	0.799969806139198	-0.000146501440149212	11.5985002820859	1
23.125	33.75	1.0000000014517	0.799966438760038	-0.000139336654367427	11.3985085613067	1
23.375	33.75	1.00000000128156	0.79996331849669	-0.000132683076062055	11.1985176219861	1
23.625	33.75	1.00000000113258	0.799960423256924	-0.000126499806967229	10.9985274076381	1
23.875	33.75	1.00000000100188	0.799957733281288	-0.000120749084767136	10.7985378667462	1
24.125	33.75	1.00000000088697	0.799955230873004	-0.000115396066548751	10.598548952244	1
24.375	33.75	1.00000000078591	0.799952900159121	-0.00011040862349693	10.3985606210561	1
24.625	33.75	1.00000000069698	0.799950726880363	-0.000105757147241222	10.1985728336919	1
24.875	33.75	1.00000000061861	0.799948698208089	-0.00010141436724165	9.99858555388556	1
25.125	33.75	1.00000000054957	0.799946802582918	-9.73551787592061e-05	9.7985987482766	1
25.375	33.75	1.00000000048885	0.799945029571679	-9.35564819952205e-05	9.59861238612633	1
25.625	33.75	1.00000000043539	0.799943369742399	-8.99970314982826e-05	9.39862643906621	1
25.875	33.75	1.00000000038814	0.799941814554313	-8.6657294889758e-05	9.19864088087354	1
26.125	33.75	1.00000000034626	0.799940356259913	-8.35193212754073e-05	8.99865568727182	1
26.375	33.75	1.00000000030911	0.799938987818722	-8.0566619208455e-05	8.79867083575295	1
26.625	33.75	1.00000000027606	0.799937702821632	-7.77840423230942e-05	8.59868630541836	1
26.875	33.75	1.00000000024678	0.799936495424611	-7.51576833948558e-05	8.39870207683705	1
27.125	33.75	1.00000000022139	0.799935360288747	-7.26747763802205e-05	8.19871813191825	1
27.375	33.75	1.00000000020003	0.799934292527231	-7.0323605346709e-05	7.9987344537978	1
27.625	33.75	1.00000000018287	0.799933287660852	-6.80934202964326e-05	7.79875102673596	1
27.875	33.75	1.00000000016976	0.799932341575727	-6.5974358652264e-05	7.59876783602503	1
28.125	33.75	1.00000000015912	0.799931450486429	-6.39573738479839e-05	7.39878486790741	1
28.375	33.75	1.00000000014711	0.799930610904988	-6.20341689920244e-05	7.19880210950099	1
28.625	33.75	1.00000000012717	0.799929819612311	-6.01971345715606e-05	6.99881954873226	1
28.875	33.75	1.00000000009176	0.79992907363343	-5.84392925511041e-05	6.79883717427546	1
29.125	33.75	1.00000000003663	0.799928370213848	-5.6754244348727e-05	6.59885497549676	1
29.375	33.75	0.999999999968906	0.799927706800255	-5.51361224708284e-05	6.39887294240284	1
29.625	33.75	0.999999999917194	0.799927081022073	-5.35795466570211e-05	6.19889106559138	1
29.875	33.75	0.999999999938264	0.799926490672073	-5.20795835606991e-05	5.99890933620482	1
30.125	33.75	1.0000000001102	0.799925933690254	-5.06317094725717e-05	5.79892774588779	1
30.375	33.75	1.00000000049855	0.799925408150296	-4.92317758112157e-05	5.59894628675176	1
30.625	33.75	1.00000000108582	0.799924912249271	-4.78759776280278e-05	5.39896495135252	1
30.875	33.75	1.00000000167104	0.799924444305125	-4.65608232774126e-05	5.19898373268685	1
31.125	33.75	1.00000000178043	0.799924002765335	-4.52831057794186e-05	4.9990026242088	1
31.375	33.75	1.00000000067667	0.799923586223145	-4.40398770281869e-05	4.79902161985399	1
31.625	33.75	0.999999997595754	0.799923193432459	-4.2828424401508e-05	4.59904071403964	1
31.875	33.75	0.999999992326747	0.799922823297976	-4.16462522916626e-05	4.39905990158415	1
32.125	33.75	0.999999986126886	0.799922474809123	-4.04910727805464e-05	4.19907917748261	1
32.375	33.75	0.99999998267829	0.79992214689066	-3.93608044534281e-05	3.99909853650451	1
32.625	33.75	0.999999988356972	0.799921838171344	-3.82535762666663e-05	3.799117972683	1
32.875	33.75	1.00000001066206	0.799921546748473	-3.71677271093213e-05	3.59913747894997	1
33.125	33.75	1.00000005361344	0.79992127013543	-3.61017779826175e-05	3.39915704739777	1
33.375	33.75	1.0000001098267	0.799921005681816	-3.50543518479943e-05	3.19917667078611	1
33.625	33.75	1.00000015135218	0.799920751758531	-3.40240244348708e-05	2.99919634572373	1
33.875	33.75	1.0000001252388	0.799920509758162	-3.3009121509441e-05	2.79921607714734	1
34.125	33.75	0.99999996394065	0.799920286337416	-3.20075531697711e-05	2.5992358821286	1
34.375	33.75	0.999999621994376	0.799920094338003	-3.10168629115026e-05	2.39925578892303	1
34.625	33.75	0.999999143823729	0.799919949784493	-3.00347341781873e-05	2.19927582560031	1
34.875	33.75	0.999998747793932	0.799919862096743	-2.90601542417597e-05	1.99929599364383	1
35.125	33.75	0.999998877401282	0.799919816493498	-2.8095143968341e-05	1.79931622829917	1
35.375	33.75	1.00000013091709	0.799919752809785	-2.71463619754279e-05	1.59933636111273	1
35.625	33.75	1.00000296237606	0.799919553866842	-2.62250467143418e-05	1.39935611943715	1
35.875	33.75	1.00000709457096	0.799919066587614	-2.53430417704148e-05	1.19937521400769	1
36.125	33.75	1.00001074950765	0.799918183139314	-2.45028861065423e-05	0.999393560895182	1
36.375	33.75	1.00001010455648	0.799916995783916	-2.3682216148095e-05	0.799411633057659	1
36.625	33.75	0.999999754925139	0.799915994843335	-2.28179450731227e-05	0.599430818953144	1
36.875	33.75	0.999975181791628	0.799916194225368	-2.18034624327596e-05	0.399453489754129	1
37.125	33.75	0.999937888403071	0.799928976369879	-2.05192489776157e-05	0.199482315579659	1
37.375	33.75	0.999902488853623	0.399934293212062	-1.9138724096548e-05	-0.000486602348993477	1
0.125	34.25	0.000404285454062595	0.799804057789372	-0.00125308558489056	22.8275795425072	1
0.375	34.25	0.000404692660329709	0.799879785533836	-0.00106991308690539	22.8275161944501	1
0.625	34.25	0.000405509428806612	0.799773670438911	-0.000826217225281011	22.8274794190498	1
0.875	34.25	0.000406561669262058	0.799665123314555	-0.000435845897259673	22.8274701112066	1
1.125	34.25	0.000407327213054573	0.799556883713304	7.40541574877488e-05	22.8274887160429	1
1.375	34.25	0.000406800647731872	0.799456933280172	0.000635873909341448	22.8275349801577	1
1.625	34.25	0.000403456734688791	0.799384781803605	0.00113057508732708	22.8276057666738	1
1.875	34.25	0.000395390316572244	0.79937199187184	0.00138757703678152	22.8276916681791	1
2.125	34.25	0.000380702336810058	0.799448233236924	0.00125475578327225	22.8277744493301	1
2.375	34.25	0.000358163998387984	0.799609268170328	0.000760078257206635	22.8278302130036	1
2.625	34.25	0.000328128094314635	0.799791925421133	0.000217772349766222	22.8278421962096	1
2.875	34.25	0.000293585827934927	0.799899529080429	4.09422325327525e-05	22.8278163449938	1
3.125	34.25	0.000261217073606083	0.799871849169669	0.000380120226495992	22.8277816690034	1
3.375	34.25	0.000242272581994872	0.799727923843169	0.00102682177127156	22.8277698744743	1
3.625	34.25	0.000253146015427128	0.79954278507358	0.0016637062405357	22.8277930630418	1
3.875	34.25	0.000315501668928125	0.799394334369294	0.00212977210191374	22.8278350786683	1
4.125	34.25	0.000455799021866566	0.799327793638797	0.00245566201163358	22.8278562121157	1
4.375	34.25	0.000704019422772373	0.799356552772603	0.00272273299695273	22.8278028917741	1
4.625	34.25	0.00109140125129451	0.799486431514995	0.0029585841845087	22.8276131160771	1
4.875	34.25	0.00164711108783325	0.79973704979807	0.00314379804497732	22.827215273048	1
5.125	34.25	0.00239413004014474	0.800148708916238	0.0032509413735815	22.8265238410407	1
5.375	34.25	0.00334523626379618	0.800779565089756	0.00326133933234682	22.8254352735722	1
5.625	34.25	0.00450066164484765	0.801700312698479	0.00316461639832878	22.8238245681147	1
5.875	34.25	0.00584966363751261	0.802989005903064	0.00295575365237634	22.8215410018606	1
6.125	34.25	0.00737905940233469	0.804725363651966	0.00263448023228659	22.8184006047515	1
6.375	34.25	0.00909314873508297	0.806983355554079	0.00220644004965296	22.8141722267165	1
6.625	34.25	0.0110519027530059	0.809821416717954	0.00168502797003879	22.8085529810199	1
6.875	34.25	0.0134383787403867	0.813270109319608	0.00109323200543105	22.801127407618	1
7.125	34.25	0.0166725581585225	0.81731706184069	0.000464928122377988	22.7913033475142	1
7.375	34.25	0.0215967445481986	0.82188835911827	-0.00015508925035114	22.7782173787299	1
7.625	34.25	0.0297627639903433	0.826824008215487	-0.000713253927191974	22.760606174428	1
7.875	34.25	0.0438369150203017	0.831843199687747	-0.0011525166776243	22.7366518552888	1
8.125	34.25	0.0680611336131917	0.836496668545949	-0.00142151076509402	22.7038360786979	1
8.375	34.25	0.10848530068019	0.840121419135512	-0.00148765798216905	22.6588847771518	1
8.625	34.25	0.172253788699971	0.841871753538282	-0.00135266236426138	22.5979443097993	1
8.875	34.25	0.264861417258352	0.840989360057879	-0.0010649918827258	22.5171492230482	1
9.125	34.25	0.385169551160192	0.837396999324339	-0.000717857217138027	22.4136116394205	1
9.375	34.25	0.521419049567775	0.832152909117082	-0.000421180197258528	22.2865106697054	1
9.625	34.25	0.654209574633952	0.826905998818842	-0.000255684482480748	22.1376171895069	1
9.875	34.25	0.766399869790651	0.822673445475052	-0.000242388793087162	21.9707820065902	1
10.125	34.25	0.850551924306212	0.819454650785769	-0.000350141472089239	21.7906858818586	1
10.375	34.25	0.908263265790323	0.816836105278759	-0.000526249755528104	21.6016536985346	1
10.625	34.25	0.945397314844302	0.814520931937299	-0.000722635136198531	21.4070448754875	1
10.875	34.25	0.968242830596165	0.812412063543828	-0.000906741060799268	21.2091812861511	1
11.125	34.25	0.981848322864724	0.810512150565314	-0.00106142252744968	21.0095422289727	1
11.375	34.25	0.989752387140411	0.808841354752693	-0.00118062626119153	20.8090142467107	1
11.625	34.25	0.994254141247317	0.807405833255677	-0.0012648714696572	20.6081012513636	1
11.875	34.25	0.996778015128843	0.806194619564653	-0.00131791648951309	20.4070741497966	1
12.125	34.25	0.998177299747188	0.805185532850777	-0.00134469576146303	20.2060683565424	1
12.375	34.25	0.998949462095715	0.804351534000782	-0.00135020113804428	20.005143893285	1
12.625	34.25	0.9993775472785	0.803665155636652	-0.00133895868532441	19.8043209084083	1
12.875	34.25	0.999618920047949	0.803100989703984	-0.00131484207490229	19.6035998834058	1
13.125	34.25	0.999759183865755	0.802636798215887	-0.00128105798842065	19.4029726616337	1
13.375	34.25	0.999844042396226	0.802253790671941	-0.00124020845305168	19.2024281634422	1
13.625	34.25	0.999897614620837	0.80193645472905	-0.00119437931594807	19.0019551354747	1
13.875	34.25	0.999932656410944	0.801672182104933	-0.0011452299919842	18.801543315787	1
14.125	34.25	0.999956082118612	0.801450829148118	-0.00109407383868678	18.6011838008568	1
14.375	34.25	0.999971842438925	0.80126428618131	-0.00104194583553218	18.4008690441606	1
14.625	34.25	0.999982369136748	0.801106090623825	-0.000989657701554946	18.2005927094271	1
14.875	34.25	0.999989275949296	0.80097109664386	-0.000937841997459125	18.0003494863875	1
15.125	34.25	0.999993692700005	0.800855202165107	-0.000886987142462431	17.800134915502	1
15.375	34.25	0.999996428878411	0.800755128233335	-0.000837465187933729	17.5999452375561	1
15.625	34.25	0.999998062606447	0.800668243422868	-0.000789553926417061	17.3997772701757	1
15.875	34.25	0.99999899813174	0.80059242555173	-0.000743454606025095	17.1996283080368	1
16.125	34.25	0.999999509138032	0.800525953512987	-0.000699306240322119	16.9994960422936	1
16.375	34.25	0.999999773731784	0.800467422985794	-0.000657197269084605	16.7993784951218	1
16.625	34.25	0.999999902694546	0.800415680848484	-0.000617175137008674	16.5992739661076	1
16.875	34.25	0.999999961496366	0.800369774117106	-0.000579254218626828	16.3991809880304	1
17.125	34.25	0.999999986615424	0.800328910111689	-0.000543422411163029	16.1990982902165	1
17.375	34.25	0.99999999699144	0.800292425284896	-0.000509646638008361	15.9990247680926	1
17.625	34.25	1.00000000161279	0.80025976073158	-0.000477877452102022	15.798959457862	1
17.875	34.25	1.00000000424204	0.800230442859366	-0.000448052885931726	15.598901515438	1
18.125	34.25	1.00000000616345	0.800204068060911	-0.000420101665436618	15.3988501989119	1
18.375	34.25	1.00000000765511	0.800180290495111	-0.000393945884979486	15.1988048539468	1
18.625	34.25	1.00000000869535	0.800158812296825	-0.000369503221881297	14.9987649015873	1
18.875	34.25	1.00000000924853	0.800139375691683	-0.000346688758487093	14.7987298280526	1
19.125	34.25	1.0000000093432	0.800121756606088	-0.000325416469322446	14.5986991761578	1
19.375	34.25	1.00000000906438	0.800105759463105	-0.000305600423139019	14.3986725380692	1
19.625	34.25	1.0000000085228	0.800091212919235	-0.000287155741630322	14.1986495491541	1
19.875	34.25	1.00000000782719	0.800077966348701	-0.000269999353096872	13.9986298827319	1
20.125	34.25	1.00000000706745	0.800065886929752	-0.000254050573356298	13.7986132455706	1
20.375	34.25	1.00000000630842	0.800054857213065	-0.000239231540547786	13.5985993740031	1
20.625	34.25	1.00000000559106	0.800044773080481	-0.000225467529841971	13.3985880305616	1
20.875	34.25	1.00000000493706	0.80003554202264	-0.000212687167455183	13.1985790010501	1
21.125	34.25	1.00000000435432	0.800027081676133	-0.000200822561507155	12.9985720919861	1
21.375	34.25	1.00000000384229	0.80001931857398	-0.000189809366624099	12.7985671283587	1
21.625	34.25	1.00000000339548	0.800012187073575	-0.000179586793677109	12.5985639516573	1
21.875	34.25	1.00000000300646	0.800005628433111	-0.000170097576195687	12.3985624181341	1
22.125	34.25	1.00000000266751	0.799999590011087	-0.000161287903095909	12.1985623972686	1
22.375	34.25	1.0000000023715	0.799994024569978	-0.000153107325150875	11.998563770407	1
22.625	34.25	1.00000000211208	0.799988889668298	-0.00014550864131955	11.7985664295558	1
22.875	34.25	1.00000000188391	0.799984147128533	-0.000138447771294807	11.5985702763095	1
23.125	34.25	1.0000000016826	0.799979762570504	-0.00013188361791421	11.3985752208959	1
23.375	34.25	1.00000000150453	0.799975704999955	-0.000125777923128833	11.1985811813244	1
23.625	34.25	1.0000000013467	0.799971946444854	-0.000120095121435961	10.9985880826269	1
23.875	34.25	1.0000000012065	0.799968461633868	-0.00011480219186382	10.7985958561787	1
24.125	34.25	1.00000000108168	0.79996522771323	-0.000109868511337003	10.5986044390916	1
24.375	34.25	1.00000000097049	0.799962223993851	-0.000105265710591305	10.3986137736697	1
24.625	34.25	1.00000000087145	0.799959431726003	-0.00010096753374331	10.1986238069225	1
24.875	34.25	1.00000000078313	0.799956833900822	-9.69497025440946e-05	9.99863449012757	1
25.125	34.25	1.00000000070434	0.799954415072915	-9.31897857855894e-05	9.79864577843779	1
25.375	34.25	1.00000000063414	0.799952161200738	-8.96670744398948e-05	9.59865763052898	1
25.625	34.25	1.00000000057145	0.799950059505885	-8.63624628954807e-05	9.39867000828277	1
25.875	34.25	1.00000000051529	0.79994809834783	-8.32583361261494e-05	9.19868287650094	1
26.125	34.25	1.00000000046488	0.799946267110073	-8.03384628608013e-05	8.9986962026481	1
26.375	34.25	1.00000000041955	0.799944556099511	-7.75878954139762e-05	8.79870995662008	1
26.625	34.25	1.00000000037873	0.799942956456982	-7.49928748571089e-05	8.59872411053452	1
26.875	34.25	1.00000000034209	0.79994146007657	-7.25407422696305e-05	8.39873863854184	1
27.125	34.25	1.00000000030976	0.799940059532799	-7.02198562897358e-05	8.19875351665423	1
27.375	34.25	1.00000000028185	0.799938748015639	-6.80195151269646e-05	7.99876872259125	1
27.625	34.25	1.00000000025851	0.799937519274515	-6.59298845165097e-05	7.79878423563976	1
27.875	34.25	1.00000000023967	0.799936367564758	-6.39419301557876e-05	7.59880003652636	1
28.125	34.25	1.00000000022369	0.799935287599745	-6.20473552554151e-05	7.398816107303	1
28.375	34.25	1.0000000002067	0.799934274511626	-6.02385427344174e-05	7.1988324312424	1
28.625	34.25	1.00000000018229	0.799933323813097	-5.8508500503048e-05	6.99884899274292	1
28.875	34.25	1.00000000014306	0.799932431363132	-5.68508119921261e-05	6.79886577724214	1
29.125	34.25	1.0000000000848	0.799931593336722	-5.52595900832129e-05	6.59888277113747	1
29.375	34.25	1.00000000001445	0.799930806198134	-5.37294338829285e-05	6.39889996171253	1
29.625	34.25	0.999999999960017	0.799930066674858	-5.22553894928198e-05	6.19891733706759	1
29.875	34.25	0.999999999977107	0.799929371732376	-5.0832913852026e-05	5.99893488605483	1
30.125	34.25	1.00000000014227	0.79992871855248	-4.94578411214915e-05	5.79895259821867	1
30.375	34.25	1.00000000051986	0.799928104513614	-4.81263514644754e-05	5.5989704637445	1
30.625	34.25	1.00000000109302	0.799927527175632	-4.68349422518069e-05	5.39898847342163	1
30.875	34.25	1.00000000166518	0.799926984273096	-4.55804005090928e-05	5.19900661862595	1
31.125	34.25	1.0000000017724	0.799926473718556	-4.43597768476195e-05	4.99902489132299	1
31.375	34.25	1.00000000069217	0.799925993614422	-4.31703611774464e-05	4.79904328408011	1
31.625	34.25	0.99999999767499	0.799925542264408	-4.20096612352912e-05	4.59906179005571	1
31.875	34.25	0.999999992511783	0.79992511815967	-4.08753863497792e-05	4.39908040291052	1
32.125	34.25	0.999999986430108	0.799924719910811	-3.97654389654337e-05	4.19909911657898	1
32.375	34.25	0.999999983031937	0.799924346099405	-3.86779144816691e-05	3.99911792486672	1
32.625	34.25	0.999999988559249	0.799923995048062	-3.76111069058287e-05	3.79913682094241	1
32.875	34.25	1.00000001036008	0.799923664587734	-3.65635088697674e-05	3.59915579697262	1
33.125	34.25	1.00000005238729	0.799923352003754	-3.55337847365859e-05	3.39917484436977	1
33.375	34.25	1.00000010744284	0.799923054443278	-3.45206925170854e-05	3.19919395525962	1
33.625	34.25	1.00000014820739	0.799922770074277	-3.35229359189113e-05	2.9992131255891	1
33.875	34.25	1.00000012288476	0.799922500040807	-3.25389640366966e-05	2.79923235950553	1
34.125	34.25	0.999999965360151	0.799922250655345	-3.15668077734444e-05	2.59925167308313	1
34.375	34.25	0.999999631058923	0.799922034302768	-3.06041277848149e-05	2.39927109339807	1
34.625	34.25	0.999999163267703	0.799921866504122	-2.96487173434788e-05	2.19929064741248	1
34.875	34.25	0.999998775381439	0.799921756341934	-2.86996554303281e-05	1.99931033615271	1
35.125	34.25	0.999998901047768	0.799921689246482	-2.77590195342879e-05	1.79933009591414	1
35.375	34.25	1.0000001254655	0.799921606266836	-2.68334755554312e-05	1.59934976159073	1
35.625	34.25	1.0000028930456	0.799921392681418	-2.5934220445775e-05	1.39936906614218	1
35.875	34.25	1.00000693333638	0.799920898635927	-2.50730501194828e-05	1.19938772618836	1
36.125	34.25	1.00001050827404	0.799920018498229	-2.42525596995717e-05	0.999405659039534	1
36.375	34.25	1.0000098799754	0.799918842323149	-2.34507261697918e-05	0.799423326516076	1
36.625	34.25	0.999999762577647	0.799917849515634	-2.26052865792932e-05	0.599442085739546	1
36.875	34.25	0.99997573567942	0.799918031611361	-2.16110029463794e-05	0.399464255006584	1
37.125	34.25	0.999939267470738	0.7999305225104	-2.0349962469761e-05	0.199492445276688	1
37.375	34.25	0.999904648411505	0.399935696384063	-1.89926734861042e-05	-0.00047715706192819	1
0.125	34.75	0.000406914827068319	0.799782990593024	-0.00104144053910236	22.8275691817349	1
0.375	34.75	0.000407321152626146	0.799841340294839	-0.000883853394071544	22.8275152134681	1
0.625	34.75	0.0004081368063253	0.799738901366948	-0.00061854897756144	22.8274865710424	1
0.875	34.75	0.000409189278268481	0.799638980793437	-0.00021848899803198	22.827484139891	1
1.125	34.75	0.000409959739554553	0.79955218163075	0.000296270083008564	22.8275058494864	1
1.375	34.75	0.000409449214321649	0.799488955786068	0.000865801402337651	22.8275474282503	1
1.625	34.75	0.000406143966375117	0.799463699356548	0.0013822159510993	22.8276018359083	1
1.875	34.75	0.000398158061064103	0.799490939334016	0.00170280896878259	22.8276580818907	1
2.125	34.75	0.000383622393475932	0.799568487829307	0.00171741656863035	22.8277026042576	1
2.375	34.75	0.000361351141819734	0.799660572255719	0.00146745300897983	22.8277262699494	1
2.625	34.75	0.000331753157204673	0.799710936811641	0.00119716552585508	22.8277335089091	1
2.875	34.75	0.000297887222456363	0.799688834220611	0.00115966988248437	22.8277420082335	1
3.125	34.75	0.000266516260552844	0.799617124013949	0.00135082408937356	22.8277683561881	1
3.375	34.75	0.000249011245873741	0.799546586277678	0.00159842146988733	22.8278132631518	1
3.625	34.75	0.000261968888677121	0.799512451286677	0.00181270941313566	22.8278599473571	1
3.875	34.75	0.000327402613702621	0.799522682690077	0.00201352272410413	22.8278812506599	1
4.125	34.75	0.000472334845521328	0.799576392911158	0.00222178659505016	22.8278440218074	1
4.375	34.75	0.000727579548867336	0.799681277095032	0.002403680621209	22.8277073469608	1
4.625	34.75	0.00112550849064738	0.799856463208768	0.00249528093658016	22.827418896912	1
4.875	34.75	0.00169674915884951	0.80012954538604	0.00243710240353294	22.8269127348782	1
5.125	34.75	0.0024661678873991	0.800535852668318	0.00218575870523602	22.8261081841984	1
5.375	34.75	0.00344910117417218	0.801119029771677	0.00171247839442251	22.8249085326245	1
5.625	34.75	0.00464944524605219	0.801930290556562	0.00100074361283587	22.8231988200312	1
5.875	34.75	0.00606186760357915	0.803025800305076	4.75715408358511e-05	22.8208416553053	1
6.125	34.75	0.00768128749719245	0.804462514663884	-0.00113182834199068	22.8176690593119	1
6.375	34.75	0.0095242539526731	0.806292580558558	-0.00249776457417577	22.8134671776488	1
6.625	34.75	0.0116693854186268	0.808556203528595	-0.00397984570114129	22.8079493898189	1
6.875	34.75	0.0143281968646157	0.811272853285049	-0.00547248058041301	22.8007118726504	1
7.125	34.75	0.0179639229497513	0.814430434138914	-0.00683407034779082	22.7911644533467	1
7.375	34.75	0.0234836815059437	0.817971117211837	-0.00789233291703064	22.7784298081641	1
7.625	34.75	0.032533239487203	0.821770589455689	-0.00845844357080124	22.7612083497556	1
7.875	34.75	0.0479053406798766	0.825605198421022	-0.00835241003521315	22.7376192824516	1
8.125	34.75	0.0739850223879304	0.82910334286506	-0.00744121320042994	22.705057080895	1
8.375	34.75	0.116914424240429	0.831697676053384	-0.005689320024632	22.6601517370878	1
8.625	34.75	0.183719831212937	0.832657464735518	-0.00321527984698356	22.5989785919902	1
8.875	34.75	0.279343839661692	0.831364728646923	-0.00033092030521222	22.517672456282	1
9.125	34.75	0.401622767404903	0.827886446723494	0.00248771658913588	22.4134487906024	1
9.375	34.75	0.537831989568605	0.823329474505506	0.00474222025154161	22.2856696966725	1
9.625	34.75	0.668519845609779	0.819194595463583	0.00611337043707859	22.1362833028743	1
9.875	34.75	0.777492689251263	0.816231782788193	0.00656905069632802	21.9692263346991	1
10.125	34.75	0.858419843130135	0.814232208592131	0.00630176857212819	21.7891581153119	1
10.375	34.75	0.913517934587716	0.812689544252376	0.00558416820951689	21.6003222318512	1
10.625	34.75	0.948776738961556	0.811283445777064	0.00465907871765679	21.4059913298658	1
10.875	34.75	0.970368078204566	0.809920891973075	0.00369730928982828	21.2084228994097	1
11.125	34.75	0.983167899070574	0.808619711826556	0.00279954279599079	21.0090583772007	1
11.375	34.75	0.990566029489995	0.807420375304997	0.00201430283567007	20.8087667731884	1
11.625	34.75	0.994754065952145	0.806350813897682	0.00135678862827077	20.6080471307999	1
11.875	34.75	0.997084760924379	0.805420725725383	0.000823369351732502	20.4071722561395	1
12.125	34.75	0.998365533693045	0.804626037119495	0.000401226239313933	20.2062824834318	1
12.375	34.75	0.999065118217164	0.803954745385948	7.41684494995527e-05	20.005443660336	1
12.625	34.75	0.999448771363411	0.803391425128061	-0.000174161048456439	19.8046815962612	1
12.875	34.75	0.999662919655222	0.802920081143994	-0.000358711600538989	19.6040018009905	1
13.125	34.75	0.999786468882177	0.802525717635036	-0.000492403751686367	19.4034003690499	1
13.375	34.75	0.999861033105509	0.802195061939618	-0.000586025950371953	19.2028697097329	1
13.625	34.75	0.999908238622918	0.801916783355085	-0.000648386330473217	19.0024013798918	1
13.875	34.75	0.999939323095196	0.801681436178757	-0.000686569074097111	18.8019873538158	1
14.125	34.75	0.999960275723089	0.801481269699889	-0.000706214291330301	18.6016204933172	1
14.375	34.75	0.999974482313922	0.801309988987519	-0.000711781466603283	18.401294637933	1
14.625	34.75	0.99998402843089	0.801162512674983	-0.000706779777332788	18.2010045353623	1
14.875	34.75	0.999990314459639	0.801034750864533	-0.000693961029153261	18.0007457202281	1
15.125	34.75	0.999994337797303	0.80092341270413	-0.000675477061348808	17.8005143892806	1
15.375	34.75	0.999996825048731	0.800825845591055	-0.000653006045203571	17.6003072909788	1
15.625	34.75	0.999998302002569	0.800739904038122	-0.000627852786559093	17.4001216334895	1
15.875	34.75	0.999999139591659	0.800663844506205	-0.000601027911244313	17.1999550096283	1
16.125	34.75	0.999999590152042	0.800596242005574	-0.000573310200984923	16.9998053357161	1
16.375	34.75	0.999999818055924	0.800535924437012	-0.000545295628298775	16.7996708014135	1
16.625	34.75	0.999999925242732	0.800481921106184	-0.000517435955658798	16.599549828181	1
16.875	34.75	0.999999971507272	0.800433422411123	-0.000490069170226518	16.3994410346237	1
17.125	34.75	0.999999989710724	0.80038974826542	-0.00046344353207522	16.1993432074487	1
17.375	34.75	0.99999999651328	0.80035032331718	-0.000437736619860589	15.9992552770854	1
17.625	34.75	0.999999999488555	0.800314657441225	-0.000413070449690288	15.7991762972174	1
17.875	34.75	1.00000000153832	0.800282330324956	-0.000389523500440355	15.599105427612	1
18.125	34.75	1.00000000343619	0.800252979236039	-0.000367140294512472	15.3990419197183	1
18.375	34.75	1.00000000516679	0.800226289267207	-0.000345939040998813	15.1989851045801	1
18.625	34.75	1.0000000065468	0.800201985518362	-0.000325917735876084	14.9989343826698	1
18.875	34.75	1.00000000745654	0.800179826796075	-0.000307059031903826	14.7988892153077	1
19.125	34.75	1.00000000788462	0.800159600503498	-0.000289334124098603	14.5988491173872	1
19.375	34.75	1.00000000790007	0.800141118473076	-0.000272705844949554	14.3988136511704	1
19.625	34.75	1.00000000761005	0.800124213544764	-0.000257131125255067	14.1987824209653	1
19.875	34.75	1.00000000712545	0.800108736733874	-0.000242562943858822	13.9987550685299	1
20.125	34.75	1.00000000654058	0.800094554874359	-0.00022895186630849	13.7987312690799	1
20.375	34.75	1.00000000592537	0.800081548640002	-0.000216247251119936	13.5987107278001	1
20.625	34.75	1.00000000532553	0.800069610870847	-0.000204398188921418	13.3986931767816	1
20.875	34.75	1.00000000476687	0.80005864515079	-0.000193354225713215	13.1986783723179	1
21.125	34.75	1.00000000426096	0.800048564586386	-0.000183065911616725	12.9986660925107	1
21.375	34.75	1.0000000038103	0.800039290751706	-0.000173485210616248	12.7986561351408	1
21.625	34.75	1.00000000341193	0.800030752773745	-0.000164565797680313	12.5986483157701	1
21.875	34.75	1.00000000306064	0.80002288653361	-0.000156263265736314	12.3986424660451	1
22.125	34.75	1.0000000027506	0.80001563396461	-0.000148535261184719	12.1986384321762	1
22.375	34.75	1.00000000247624	0.800008942434128	-0.00014134156278482	11.9986360735739	1
22.625	34.75	1.00000000223254	0.800002764195865	-0.000134644115227975	11.7986352616215	1
22.875	34.75	1.00000000201523	0.79999705590293	-0.000128407027976882	11.5986358785714	1
23.125	34.75	1.00000000182083	0.79999177817558	-0.000122596547352856	11.3986378165496	1
23.375	34.75	1.00000000164641	0.799986895213998	-0.000117181007477111	11.1986409766573	1
23.625	34.75	1.00000000148961	0.799982374451212	-0.000112130766570644	10.99864526816	1
23.875	34.75	1.00000000134845	0.799978186242301	-0.000107418131674334	10.7986506077548	1
24.125	34.75	1.00000000122119	0.799974303586604	-0.00010301727581523	10.598656918907	1
24.375	34.75	1.00000000110642	0.799970701876377	-9.89041505564398e-05	10.3986641312502	1
24.625	34.75	1.00000000100296	0.799967358669992	-9.50563955630185e-05	10.1986721800429	1
24.875	34.75	1.0000000009096	0.799964253489235	-9.14532469741346e-05	9.99868100567644	1
25.125	34.75	1.00000000082533	0.799961367636081	-8.80754464523713e-05	9.79869055322849	1
25.375	34.75	1.00000000074935	0.799958684026047	-8.49051513617416e-05	9.59870077205844	1
25.625	34.75	1.00000000068077	0.799956187039053	-8.19258471125323e-05	9.39871161544037	1
25.875	34.75	1.0000000006187	0.799953862385549	-7.91222625026573e-05	9.19872304022957	1
26.125	34.75	1.0000000005624	0.799951696983301	-7.64802879816325e-05	8.99873500655956	1
26.375	34.75	1.00000000051121	0.799949678847134	-7.39868976358918e-05	8.79874747756732	1
26.625	34.75	1.00000000046466	0.799947796990341	-7.16300746336426e-05	8.59876041914288	1
26.875	34.75	1.00000000042247	0.799946041333696	-6.93987403349622e-05	8.39877379970171	1
27.125	34.75	1.00000000038477	0.799944402624019	-6.72826880493273e-05	8.19878758997772	1
27.375	34.75	1.00000000035176	0.799942872360326	-6.52725193194909e-05	7.99880176283451	1
27.625	34.75	1.00000000032359	0.799941442728463	-6.33595848499333e-05	7.79881629309366	1
27.875	34.75	1.00000000030015	0.799940106539539	-6.15359290815245e-05	7.59883115737742	1
28.125	34.75	1.00000000027979	0.799938857173723	-5.97942376365841e-05	7.39884633396646	1
28.375	34.75	1.00000000025865	0.799937688533628	-5.81277888886979e-05	7.19886180266964	1
28.625	34.75	1.00000000023052	0.799936594998902	-5.6530408156396e-05	6.99887754470454	1
28.875	34.75	1.00000000018819	0.799935571384404	-5.4996425400915e-05	6.79889354258896	1
29.125	34.75	1.0000000001275	0.799934612904226	-5.3520635949046e-05	6.59890978004076	1
29.375	34.75	1.00000000005515	0.799933715138945	-5.20982636773951e-05	6.39892624188498	1
29.625	34.75	0.999999999998523	0.799932874003268	-5.07249271766899e-05	6.19894291396657	1
29.875	34.75	1.00000000001211	0.799932085715617	-4.93966083693664e-05	5.9989597830694	1
30.125	34.75	1.00000000017092	0.799931346771846	-4.81096235660021e-05	5.79897683684139	1
30.375	34.75	1.00000000053813	0.7999306539209	-4.68605962942716e-05	5.59899406372922	1
30.625	34.75	1.00000000109757	0.799930004144978	-4.56464317093443e-05	5.39901145292802	1
30.875	34.75	1.00000000165706	0.799929394648522	-4.44642926051816e-05	5.19902899435164	1
31.125	34.75	1.00000000176232	0.799928822857928	-4.33115765460159e-05	4.99904667862389	1
31.375	34.75	1.0000000007056	0.799928286429442	-4.21858936608371e-05	4.79906449707942	1
31.625	34.75	0.999999997751883	0.799927783256318	-4.10850477466395e-05	4.59908244174325	1
31.875	34.75	0.999999992693998	0.799927311452367	-4.00070225476181e-05	4.39910050523493	1
32.125	34.75	0.999999986730101	0.799926869283072	-3.89499746536614e-05	4.19911868053626	1
32.375	34.75	0.999999983382601	0.799926455016926	-3.7912235187637e-05	3.9991369605893	1
32.625	34.75	0.999999988760483	0.799926066697864	-3.68923169890632e-05	3.79915533779155	1
32.875	34.75	1.00000001006172	0.799925701915741	-3.58889156451971e-05	3.59917380363099	1
33.125	34.75	1.00000005117219	0.799925357750263	-3.4900884646715e-05	3.39919234892096	1
33.375	34.75	1.00000010507803	0.799925031167173	-3.39271587003672e-05	3.19921096522913	1
33.625	34.75	1.00000014508409	0.79992472015069	-3.29666077633442e-05	2.99922964791215	1
33.875	34.75	1.00000012053813	0.799924425613993	-3.20178403255053e-05	2.7992484003968	1
34.125	34.75	0.999999966744016	0.799924153543694	-3.10790411444463e-05	2.59926723782665	1
34.375	34.75	0.999999640010005	0.799923915885328	-3.01480190844557e-05	2.39928618616298	1
34.625	34.75	0.999999182502116	0.79992372767289	-2.92227061511089e-05	2.19930527132086	1
34.875	34.75	0.999998802703584	0.799923597666717	-2.83022978420695e-05	1.99932449392008	1
35.125	34.75	0.999998924525143	0.799923511516301	-2.73889487222748e-05	1.79934379133827	1
35.375	34.75	1.00000012023979	0.799923411481104	-2.64893457780028e-05	1.59936300182398	1
35.625	34.75	1.00000282473805	0.799923185279101	-2.56146516768053e-05	1.39938186392586	1
35.875	34.75	1.00000677422385	0.799922686249086	-2.47766205304726e-05	1.19940010012726	1
36.125	34.75	1.00001027004003	0.799921810937094	-2.39779184195125e-05	0.999417629009599	1
36.375	34.75	1.00000965792364	0.799920647215893	-2.31969050692574e-05	0.799434901431906	1
36.625	34.75	0.999999769302547	0.799919663703282	-2.23722305633097e-05	0.599453243600853	1
36.875	34.75	0.999976280733079	0.799919829832043	-2.14001722331526e-05	0.39947492163657	1
37.125	34.75	0.999940625644035	0.799932035209031	-2.01645883151684e-05	0.199502488154677	1
37.375	34.75	0.999906775336046	0.399937065794427	-1.88328101218429e-05	-0.000467786744779031	1
0.125	35.25	0.000414467457000737	0.799758473045297	-0.000672978085805695	22.8276028756397	1
0.375	35.25	0.000414871571865257	0.799767748573702	-0.0005182607550876	22.8275580988935	1
0.625	35.25	0.000415678851828846	0.799607997478578	-0.000202313998657869	22.8275537157482	1
0.875	35.25	0.000416709072124848	0.799456160149887	0.00026648705710173	22.8275888530006	1
1.125	35.25	0.000417432376857229	0.799321310103903	0.000882672012351187	22.8276603343068	1
1.375	35.25	0.000416837195590261	0.799216347701064	0.00158309259280586	22.8277628290002	1
1.625	35.25	0.000413399176386754	0.799165235062349	0.00223511325626981	22.8278869063272	1
1.875	35.25	0.000405229262178512	0.799201627908967	0.00266798686707846	22.8280157260935	1
2.125	35.25	0.000390470168651732	0.799348024576287	0.0027692092706538	22.8281238212712	1
2.375	35.25	0.00036797235864687	0.799579745661082	0.00258645936572869	22.828183862044	1
2.625	35.25	0.000338217565546912	0.79981343348516	0.00230281966192718	22.828182773286	1
2.875	35.25	0.000304388937512426	0.799959304147412	0.00208146321884501	22.8281337170394	1
3.125	35.25	0.000273441379140955	0.799992877592406	0.00197054906464787	22.8280656120255	1
3.375	35.25	0.000257021726923902	0.799959643105758	0.00194636094798391	22.827998621688	1
3.625	35.25	0.000272106344528477	0.799924390667121	0.00197695152265583	22.8279310385779	1
3.875	35.25	0.000341222139964382	0.799935298619661	0.00203898036016764	22.8278402870949	1
4.125	35.25	0.00049208426375111	0.800016571628258	0.00210512607289971	22.8276880778503	1
4.375	35.25	0.000756446658724717	0.800173652586203	0.00212870308797036	22.827425477245	1
4.625	35.25	0.00116797058124605	0.800404160263476	0.00204346521305981	22.8269960665182	1
4.875	35.25	0.00175906765145943	0.800708453388863	0.00177853447342248	22.8263363507581	1
5.125	35.25	0.00255708302959545	0.801094688444646	0.00127343936495491	22.8253743732867	1
5.375	35.25	0.00358084025563699	0.801578717094303	0.000484935193994788	22.8240277637545	1
5.625	35.25	0.00483929649573662	0.802181827329976	-0.000610869132130611	22.8222011676247	1
5.875	35.25	0.00633477553906259	0.802928298774319	-0.00201543739450424	22.8197815476348	1
6.125	35.25	0.00807418716476689	0.80384317399579	-0.00370168933792479	22.8166287065283	1
6.375	35.25	0.0100932273884078	0.804949959079697	-0.00560578193079829	22.8125573133638	1
6.625	35.25	0.0125012633904471	0.806267897331574	-0.00761903420602349	22.8073054667694	1
6.875	35.25	0.0155589924581393	0.807808433240545	-0.00958278716503147	22.8004834478944	1
7.125	35.25	0.0198074029441324	0.809570011448907	-0.0112894472430131	22.7914953564547	1
7.375	35.25	0.0262739015425329	0.811528987165462	-0.0124932571594363	22.7794272245324	1
7.625	35.25	0.0367828981924644	0.813621921367823	-0.0129340510099837	22.76290095439	1
7.875	35.25	0.0543715096033281	0.81571199809984	-0.0123761235945937	22.7399092320331	1
8.125	35.25	0.0837030822708698	0.817535537986053	-0.0106626471566715	22.7076792301973	1
8.375	35.25	0.131096637307104	0.81865021384061	-0.00778370913061241	22.6626653039888	1
8.625	35.25	0.203341468340142	0.818477333194277	-0.00394853911758785	22.6008248266659	1
8.875	35.25	0.304316497518902	0.81660212993847	0.000371577106543741	22.5183186852765	1
9.125	35.25	0.429962298008513	0.813315778814388	0.00449979570796294	22.4125846787224	1
9.375	35.25	0.565897523706257	0.809794652436912	0.00776097175632543	22.2833473163582	1
9.625	35.25	0.692747506687449	0.807294267386186	0.00974880765465197	22.1328908529034	1
9.875	35.25	0.796081298040101	0.80615995889693	0.010447008081146	21.9653081006221	1
10.125	35.25	0.871471592607305	0.805899595829337	0.010128715488361	21.7852143014154	1
10.375	35.25	0.922141640235965	0.805900234553238	0.00916507487721414	21.5966996709558	1
10.625	35.25	0.954254795877503	0.805822282158665	0.00788628996316463	21.4028726324746	1
10.875	35.25	0.973762683375058	0.80557894139415	0.00652878393195856	21.2058658383732	1
11.125	35.25	0.985238992905335	0.805202832536911	0.00523688389359943	21.0070437446505	1
11.375	35.25	0.991817315037352	0.804754911614	0.00408481929890844	20.8072362209699	1
11.625	35.25	0.99550545922206	0.804286998140006	0.00310051124996142	20.6069277832687	1
11.875	35.25	0.997534418160544	0.803833315071068	0.0022844852259054	20.4063907137967	1
12.125	35.25	0.998634287837619	0.803412767603991	0.00162292529629837	20.2057717716467	1
12.375	35.25	0.999225882981459	0.803033566441013	0.00109589131716283	20.0051459715757	1
12.625	35.25	0.999545217273399	0.802697316370836	0.000682091948094578	19.8045487366614	1
12.875	35.25	0.999721062012575	0.802401954008759	0.000361407304261696	19.6039945080363	1
13.125	35.25	0.999821750982665	0.80214365410541	0.000116033850448803	19.4034871669115	1
13.375	35.25	0.999882608904239	0.801917979854671	-6.9162571338197e-05	19.2030256592293	1
13.625	35.25	0.999921539157853	0.801720527299777	-0.000206714588592381	19.0026068984986	1
13.875	35.25	0.999947582631252	0.801547250194362	-0.000306818675613006	18.8022271794367	1
14.125	35.25	0.999965433323024	0.801394592982057	-0.000377670619030734	18.6018828114881	1
14.375	35.25	0.999977711719913	0.801259515156331	-0.000425803187033449	18.4015703655086	1
14.625	35.25	0.999986048560525	0.801139459227099	-0.000456393548980037	18.201286742352	1
14.875	35.25	0.999991571344325	0.801032293730147	-0.000473528082049246	18.0010291681347	1
15.125	35.25	0.999995111604018	0.800936249242931	-0.000480422885691095	17.8007951649705	1
15.375	35.25	0.999997293569323	0.800849856900286	-0.000479603481263565	17.6005825175042	1
15.625	35.25	0.999998578821024	0.800771893789929	-0.000473049207437991	17.4003892422017	1
15.875	35.25	0.999999297431246	0.800701336666541	-0.000462308208870716	17.2002135607706	1
16.125	35.25	0.999999675441204	0.80063732384987	-0.00044858850476167	17.0000538772164	1
16.375	35.25	0.999999860194799	0.800579124442272	-0.000432829891014871	16.7999087577221	1
16.625	35.25	0.999999942596522	0.800526113736606	-0.000415760632396648	16.5997769127329	1
16.875	35.25	0.99999997532642	0.800477753685673	-0.00039794215201765	16.3996571808909	1
17.125	35.25	0.999999986707855	0.800433577424379	-0.000379804276644583	16.1995485146386	1
17.375	35.25	0.999999990553843	0.800393176992048	-0.000361673060660457	15.9994499673956	1
17.625	35.25	0.999999992690673	0.800356193564367	-0.000343792776901615	15.7993606822268	1
17.875	35.25	0.999999994978278	0.800322309648392	-0.000326343318431708	15.5992798819047	1
18.125	35.25	0.999999997592027	0.800291242811543	-0.000309453985530525	15.399206860242	1
18.375	35.25	1.00000000019008	0.800262740611998	-0.000293214420314313	15.1991409745573	1
18.625	35.25	1.000000002424	0.80023657647412	-0.000277683285941246	14.9990816391263	1
18.875	35.25	1.00000000410074	0.800212546306225	-0.000262895160515079	14.7990283194766	1
19.125	35.25	1.00000000518499	0.800190465704399	-0.000248866015041797	14.5989805273978	1
19.375	35.25	1.00000000574646	0.8001701676234	-0.00023559756503965	14.3989378165542	1
19.625	35.25	1.00000000590372	0.80015150041846	-0.000223080727725725	14.1988997786032	1
19.875	35.25	1.00000000578243	0.800134326181619	-0.000211298364822927	13.9988660397408	1
20.125	35.25	1.00000000549138	0.800118519318717	-0.000200227456232874	13.7988362576126	1
20.375	35.25	1.00000000511332	0.800103965318305	-0.000189840818997533	13.5988101185357	1
20.625	35.25	1.00000000470466	0.800090559676984	-0.000180108462257363	13.3987873349919	1
20.875	35.25	1.00000000429995	0.800078206957886	-0.000170998651196016	13.1987676433579	1
21.125	35.25	1.00000000391782	0.800066819954565	-0.000162478737770285	12.998750801845	1
21.375	35.25	1.00000000356647	0.800056318944486	-0.000154515805022444	12.7987365886253	1
21.625	35.25	1.00000000324746	0.800046631022412	-0.000147077161515486	12.5987248001246	1
21.875	35.25	1.00000000295927	0.800037689499726	-0.000140130716088717	12.3987152494671	1
22.125	35.25	1.00000000269911	0.800029433359908	-0.000133645256967401	12.198707765054	1
22.375	35.25	1.0000000024638	0.800021806766199	-0.000127590654489564	11.9987021892677	1
22.625	35.25	1.00000000225031	0.800014758613488	-0.000121938002875112	11.7986983772867	1
22.875	35.25	1.00000000205609	0.800008242119091	-0.000116659713554802	11.5986961960034	1
23.125	35.25	1.00000000187899	0.800002214451989	-0.000111729570743632	11.3986955230353	1
23.375	35.25	1.00000000171722	0.799996636392884	-0.000107122756417488	11.1986962458201	1
23.625	35.25	1.00000000156934	0.799991472022875	-0.000102815852465972	10.9986982607901	1
23.875	35.25	1.00000000143411	0.799986688440076	-9.87868246282554e-05	10.7987014726163	1
24.125	35.25	1.00000000131042	0.799982255500953	-9.5014992569579e-05	10.5987057935182	1
24.375	35.25	1.00000000119734	0.799978145582607	-9.14809901678033e-05	10.3987111426325	1
24.625	35.25	1.00000000109405	0.799974333365678	-8.81667183001376e-05	10.1987174454365	1
24.875	35.25	1.00000000099969	0.799970795636947	-8.50552919710403e-05	9.99872463322064	1
25.125	35.25	1.00000000091354	0.799967511108249	-8.21309844709921e-05	9.79873264260642	1
25.375	35.25	1.00000000083503	0.799964460250255	-7.93791697515605e-05	9.59874141510603	1
25.625	35.25	1.00000000076347	0.799961625141482	-7.67862634781774e-05	9.39875089671972	1
25.875	35.25	1.00000000069809	0.799958989331158	-7.43396647489711e-05	9.19876103756761	1
26.125	35.25	1.00000000063824	0.799956537712144	-7.20276982359093e-05	8.99877179155295	1
26.375	35.25	1.0000000005833	0.799954256405811	-6.98395576390061e-05	8.79878311605467	1
26.625	35.25	1.00000000053295	0.799952132658361	-6.77652509521608e-05	8.59879497164564	1
26.875	35.25	1.00000000048702	0.799950154743477	-6.57955472321201e-05	8.39880732183505	1
27.125	35.25	1.00000000044558	0.799948311875331	-6.39219265453749e-05	8.19882013283318	1
27.375	35.25	1.00000000040889	0.79994659412907	-6.21365311769036e-05	7.99883337333542	1
27.625	35.25	1.00000000037712	0.799944992368342	-6.04321196020993e-05	7.79884701432517	1
27.875	35.25	1.00000000035013	0.799943498178614	-5.88020235001294e-05	7.59886102889264	1
28.125	35.25	1.00000000032634	0.799942103805379	-5.72401059491413e-05	7.39887539206984	1
28.375	35.25	1.00000000030198	0.799940802101286	-5.57407227405286e-05	7.1988900806792	1
28.625	35.25	1.00000000027099	0.799939586475617	-5.42986861023238e-05	6.99890507319431	1
28.875	35.25	1.00000000022629	0.799938450847075	-5.29092303903393e-05	6.7989203496128	1
29.125	35.25	1.00000000016381	0.799937389602759	-5.15679800537663e-05	6.598935891339	1
29.375	35.25	1.00000000009004	0.799936397560755	-5.02709198264666e-05	6.39895168107496	1
29.625	35.25	1.00000000003181	0.799935469933393	-4.90143670600239e-05	6.19896770271832	1
29.875	35.25	1.00000000004248	0.799934602292432	-4.77949456894654e-05	5.99898394126733	1
30.125	35.25	1.00000000019552	0.799933790538768	-4.66095623186339e-05	5.79900038273337	1
30.375	35.25	1.00000000055291	0.799933030874873	-4.54553838115376e-05	5.59901701406353	1
30.625	35.25	1.00000000109909	0.799932319780878	-4.43298157669994e-05	5.39903382307896	1
30.875	35.25	1.00000000164622	0.799931653999576	-4.3230482238317e-05	5.19905079843445	1
31.125	35.25	1.0000000017497	0.799931030533673	-4.21552063530723e-05	4.99906792959943	1
31.375	35.25	1.00000000071644	0.799930446650435	-4.11019912224575e-05	4.79908520684885	1
31.625	35.25	0.999999997825873	0.799929899884608	-4.00690038942091e-05	4.59910262123431	1
31.875	35.25	0.999999992872784	0.799929388020209	-3.90545640659567e-05	4.3991201644823	1
32.125	35.25	0.99999998702618	0.799928909020899	-3.80571393255428e-05	4.19913782875909	1
32.375	35.25	0.999999983729567	0.799928460881711	-3.70753490172905e-05	3.9991556062704	1
32.625	35.25	0.999999988960126	0.79992804140434	-3.61079727990645e-05	3.79917348876044	1
32.875	35.25	1.00000000976692	0.799927647970112	-3.51539535378439e-05	3.59919146714786	1
33.125	35.25	1.00000004996891	0.799927277483048	-3.42123745908203e-05	3.39920953174874	1
33.375	35.25	1.00000010273402	0.799926926755528	-3.32823846221982e-05	3.1992276736675	1
33.625	35.25	1.00000014198441	0.799926593613002	-3.23630546124912e-05	2.99924588775972	1
33.875	35.25	1.00000011820002	0.799926278761586	-3.14531843782365e-05	2.79926417681689	1
34.125	35.25	0.999999968089589	0.799925987885433	-3.0551142315446e-05	2.59928255513384	1
34.375	35.25	0.999999648837822	0.799925732512782	-2.96549138637683e-05	2.39930104763588	1
34.625	35.25	0.999999201508206	0.799925527212408	-2.8762595133786e-05	2.1993196792645	1
34.875	35.25	0.999998829735699	0.799925380441006	-2.78735208851347e-05	1.99933845029491	1
35.125	35.25	0.999998947815742	0.799925278078255	-2.69899415208729e-05	1.79935729922893	1
35.375	35.25	1.00000011525543	0.799925163593233	-2.61185774406904e-05	1.59937606768296	1
35.625	35.25	1.00000275753729	0.79992492712556	-2.52705647113174e-05	1.39939449977994	1
35.875	35.25	1.00000661741308	0.799924425176832	-2.44576215243103e-05	1.19941232384842	1
36.125	35.25	1.00001003506392	0.799923556449237	-2.36824981103684e-05	0.999429459779358	1
36.375	35.25	1.00000943862415	0.799922406662044	-2.29239733934577e-05	0.799446347665882	1
36.625	35.25	0.999999775033097	0.799921433787815	-2.21216863879897e-05	0.599464283261642	1
36.875	35.25	0.999976816216565	0.799921585450307	-2.11735505695967e-05	0.39948548127398	1
37.125	35.25	0.999941961163328	0.799933511568067	-1.99653340377688e-05	0.19951243686419	1
37.375	35.25	0.999908866871081	0.399938398574051	-1.86609707195699e-05	-0.000458497729527759	1
0.125	35.75	0.000425147997390176	0.799734896046702	-0.000566197272749759	22.8276034260956	1
0.375	35.75	0.000425549294747743	0.799722150239491	-0.000372984910673198	22.8275658496728	1
0.625	35.75	0.000426342909618076	0.79955806872791	-0.000170140003026695	22.8275719227745	1
0.875	35.75	0.000427331985786865	0.799423625566993	7.56519169224062e-05	22.827615662745	1
1.125	35.75	0.000427960943956766	0.799333090798721	0.000332313649734208	22.8276878651125	1
1.375	35.75	0.000427184755191918	0.799300265765064	0.000486829000840355	22.8277756507453	1
1.625	35.75	0.000423442321815276	0.799332196181347	0.000363162892106914	22.8278634364902	1
1.875	35.75	0.00041481293991671	0.799420650069755	-0.000181023518599458	22.8279356045247	1
2.125	35.75	0.000399425169792459	0.799535665383373	-0.00105853837671864	22.8279813753106	1
2.375	35.75	0.00037614767982417	0.799634856745287	-0.00180741126072293	22.8280002539717	1
2.625	35.75	0.000345526588553829	0.79969303603696	-0.00182720933070925	22.8280025405244	1
2.875	35.75	0.000310865059112473	0.799724828501987	-0.000988317443694647	22.8279999510535	1
3.125	35.75	0.000279300369662897	0.799772123249206	0.000195628969371157	22.8279924294321	1
3.375	35.75	0.00026273522449391	0.799870347997461	0.00115936429604655	22.8279643086642	1
3.625	35.75	0.000278496219968685	0.800028684319769	0.00169633722962024	22.8278901469129	1
3.875	35.75	0.000349584464037442	0.800236625853609	0.00187764067558001	22.8277405229847	1
4.125	35.75	0.000504347434593814	0.800480284920398	0.00185964689295294	22.8274834394959	1
4.375	35.75	0.000775362936236405	0.800752299449698	0.0017403741721958	22.8270822680014	1
4.625	35.75	0.00119733822531775	0.801051042343822	0.00152032824812643	22.8264931979769	1
4.875	35.75	0.00180400180878888	0.801375068181662	0.00114095028905144	22.8256644143654	1
5.125	35.75	0.00262441933770496	0.801719784763917	0.000533800209443242	22.8245368145452	1
5.375	35.75	0.00367985960888281	0.802077701218742	-0.000352938604522789	22.8230446833475	1
5.625	35.75	0.00498309012746336	0.802440232432428	-0.00154661438745307	22.8211145903473	1
5.875	35.75	0.00654275968801788	0.802799539022079	-0.00304718876372392	22.8186605966944	1
6.125	35.75	0.00837658733653037	0.803150198093225	-0.00482203546871651	22.8155730917733	1
6.375	35.75	0.010538833337587	0.803490977599208	-0.00679810799070377	22.8116973595226	1
6.625	35.75	0.0131704581446262	0.803826781013975	-0.00885411238954334	22.806796533937	1
6.875	35.75	0.0165850337453157	0.80417026106842	-0.0108162367289322	22.8004922205191	1
7.125	35.75	0.0214100971288794	0.804541529393085	-0.0124613499544379	22.7921754189947	1
7.375	35.75	0.0288104271218563	0.804962397151766	-0.0135314874619077	22.7808821402207	1
7.625	35.75	0.0408178770150115	0.80543855535684	-0.0137624193568453	22.7651356383835	1
7.875	35.75	0.0607550351159048	0.805920766822237	-0.0129270627914525	22.7427761227665	1
8.125	35.75	0.0936064883390881	0.806242020886817	-0.0108922930596421	22.7108358774213	1
8.375	35.75	0.145877744773223	0.80606098027873	-0.00768572527610157	22.6655733739549	1
8.625	35.75	0.224034418439611	0.804921839947394	-0.00356196298365066	22.6028282236953	1
8.875	35.75	0.330674220437807	0.802590844041891	0.00096722189549177	22.5188187265935	1
9.125	35.75	0.459617087267593	0.799563931279446	0.00520886607314841	22.4112630426238	1
9.375	35.75	0.594849737695617	0.797053455748451	0.00850864356179686	22.280307642201	1
9.625	35.75	0.717359582241721	0.796048434780532	0.0105029838280065	22.1286060878942	1
9.875	35.75	0.81470788139414	0.796524634964212	0.0112077369681193	21.9604085115316	1
10.125	35.75	0.884395872868142	0.797772324037276	0.0109026160459129	21.7802698683887	1
10.375	35.75	0.930584795860002	0.79911956799136	0.00994966296979277	21.5921074264536	1
10.625	35.75	0.959551420714015	0.800226059428708	0.00866904823227184	21.3988479480592	1
10.875	35.75	0.976995442110706	0.801010904569469	0.00729292387014957	21.2024849834889	1
11.125	35.75	0.987174338911261	0.801512546150133	0.00596686594849685	21.0042950355344	1
11.375	35.75	0.992959420906535	0.801800977562953	0.00476929766026229	20.8050610550639	1
11.625	35.75	0.996171953942232	0.801941175329832	0.00373300136810855	20.605248074404	1
11.875	35.75	0.997919961487445	0.801983211486833	0.00286273434225283	20.4051251398137	1
12.125	35.75	0.998855873611802	0.801962614010154	0.00214780149372228	20.2048443379243	1
12.375	35.75	0.999352757058117	0.801903510360169	0.00157026805607432	20.0044898085689	1
12.625	35.75	0.999617830991202	0.80182185432236	0.0011099367252222	19.8041071652382	1
12.875	35.75	0.999762771541151	0.801728000279704	0.000747124213519227	19.6037206666112	1
13.125	35.75	0.999845904030139	0.801628569476051	0.000464034422588094	19.4033429743582	1
13.375	35.75	0.999896770061153	0.801527739663748	0.000245288411138061	19.2029805513078	1
13.625	35.75	0.999929972394672	0.801428110508781	7.79811834309605e-05	19.0026365691556	1
13.875	35.75	0.999952688903325	0.801331272067127	-4.85024494938366e-05	18.8023124369047	1
14.125	35.75	0.999968571231347	0.801238171846613	-0.000142774373047184	18.6020085907454	1
14.375	35.75	0.99997965953716	0.801149348523179	-0.000211754142790735	18.4017249023487	1
14.625	35.75	0.999987261116423	0.801065079249346	-0.000260964146028229	18.2014608967076	1
14.875	35.75	0.999992321489332	0.800985472069993	-0.000294790948639646	18.00121587723	1
15.125	35.75	0.999995567777951	0.800910524082964	-0.000316707325622455	17.8009890054064	1
15.375	35.75	0.999997562515312	0.800840158519887	-0.000329455989291173	17.6007793566726	1
15.625	35.75	0.999998729492618	0.800774248959129	-0.000335199014365177	17.4005859618626	1
15.875	35.75	0.999999374786888	0.800712635662779	-0.000335637986781401	17.2004078383582	1
16.125	35.75	0.999999708750584	0.80065513701239	-0.000332109896153766	17.0002440130396	1
16.375	35.75	0.99999986828511	0.800601557792792	-0.000325663312987208	16.8000935385127	1
16.625	35.75	0.999999937309705	0.800551695346531	-0.000317118740574565	16.5999555039243	1
16.875	35.75	0.999999963864766	0.800505344214824	-0.000307116361551981	16.3998290415829	1
17.125	35.75	0.999999973246006	0.800462299648721	-0.000296153793916431	16.199713330477	1
17.375	35.75	0.999999977343641	0.800422360247928	-0.000284615949747533	15.9996075976021	1
17.625	35.75	0.999999980807466	0.800385329913694	-0.000272798658344741	15.7995111178158	1
17.875	35.75	0.999999984812872	0.800351019257405	-0.000260927368808442	15.5994232127488	1
18.125	35.75	0.999999989164488	0.800319246579103	-0.000249171967704233	15.3993432491464	1
18.375	35.75	0.999999993341704	0.800289838508602	-0.000237658527115413	15.1992706368868	1
18.625	35.75	0.999999996928738	0.800262630383682	-0.000226478626128432	14.9992048268366	1
18.875	35.75	0.999999999724945	0.800237466423271	-0.000215696751602166	14.7991453086409	1
19.125	35.75	1.00000000171595	0.800214199743805	-0.000205356177826006	14.5990916085085	1
19.375	35.75	1.00000000300307	0.800192692257072	-0.000195483638539455	14.3990432870272	1
19.625	35.75	1.00000000373751	0.800172814478474	-0.000186093041911581	14.1989999370321	1
19.875	35.75	1.00000000407432	0.80015444526775	-0.000177188423469238	13.9989611815401	1
20.125	35.75	1.00000000414703	0.800137471522205	-0.000168766292907215	13.7989266717621	1
20.375	35.75	1.00000000405831	0.800121787835696	-0.00016081749897029	13.5988960851964	1
20.625	35.75	1.00000000388035	0.800107296134735	-0.000153328708762186	13.3988691238127	1
20.875	35.75	1.00000000366005	0.800093905303889	-0.000146283579641854	13.1988455123253	1
21.125	35.75	1.00000000342566	0.800081530803091	-0.000139663686009118	12.9988249965592	1
21.375	35.75	1.00000000319274	0.800070094284621	-0.000133449249355443	12.7988073419102	1
21.625	35.75	1.00000000296863	0.800059523217067	-0.000127619710477829	12.5987923318972	1
21.875	35.75	1.00000000275635	0.800049750516756	-0.000122154176072785	12.3987797668044	1
22.125	35.75	1.00000000255675	0.800040714189542	-0.000117031764269201	12.1987694624123	1
22.375	35.75	1.0000000023695	0.800032356987275	-0.000112231868815288	11.9987612488143	1
22.625	35.75	1.00000000219402	0.800024626078537	-0.000107734358676768	11.7987549693141	1
22.875	35.75	1.00000000202971	0.800017472733989	-0.000103519725353597	11.5987504794015	1
23.125	35.75	1.00000000187593	0.800010852030845	-9.95691890099649e-05	11.3987476458021	1
23.375	35.75	1.00000000173215	0.800004722572372	-9.58647711399012e-05	11.1987463455965	1
23.625	35.75	1.00000000159798	0.799999046222731	-9.23893411194938e-05	10.9987464654053	1
23.875	35.75	1.000000001473	0.799993787860412	-8.91266420375411e-05	10.7987479006358	1
24.125	35.75	1.00000000135682	0.799988915147575	-8.60612998803088e-05	10.5987505547867	1
24.375	35.75	1.00000000124906	0.799984398313395	-8.317882011743e-05	10.3987543388058	1
24.625	35.75	1.00000000114929	0.799980209953457	-8.04655746165858e-05	10.1987591704983	1
24.875	35.75	1.00000000105702	0.799976324844246	-7.79087806202306e-05	9.99876497398204	1
25.125	35.75	1.00000000097179	0.799972719769498	-7.54964742919065e-05	9.79877167918476	1
25.375	35.75	1.00000000089327	0.799969373359638	-7.32174805902095e-05	9.59877922138249	1
25.625	35.75	1.00000000082098	0.799966265944002	-7.10613797238585e-05	9.39878754077444	1
25.875	35.75	1.00000000075433	0.799963379414839	-6.90184721997048e-05	9.19879658209216	1
26.125	35.75	1.00000000069287	0.799960697100524	-6.70797428293923e-05	8.99880629423991	1
26.375	35.75	1.00000000063606	0.799958203649127	-6.52368240814765e-05	8.79881662996462	1
26.625	35.75	1.00000000058367	0.79995588492311	-6.34819601182155e-05	8.59882754555217	1
26.875	35.75	1.00000000053557	0.799953727899011	-6.18079704552496e-05	8.39883900054796	1
27.125	35.75	1.00000000049182	0.799951720577221	-6.02082153867236e-05	8.19885095750119	1
27.375	35.75	1.00000000045273	0.799949851899914	-5.86765619369955e-05	7.99886338172885	1
27.625	35.75	1.00000000041854	0.79994811167409	-5.72073507311733e-05	7.79887624109934	1
27.875	35.75	1.0000000003891	0.799946490501646	-5.57953651302404e-05	7.59888950583347	1
28.125	35.75	1.00000000036287	0.799944979714466	-5.44358007378246e-05	7.39890314832186	1
28.375	35.75	1.00000000033619	0.799943571316701	-5.31242366698136e-05	7.19891714295724	1
28.625	35.75	1.00000000030312	0.799942257930659	-5.1856608765153e-05	6.99893146598	1
28.875	35.75	1.00000000025671	0.799941032746541	-5.0629183844686e-05	6.79894609533646	1
29.125	35.75	1.00000000019301	0.799939889477563	-4.94385352630609e-05	6.59896101054789	1
29.375	35.75	1.00000000011846	0.79993882231876	-4.82815201574336e-05	6.3989761925888	1
29.625	35.75	1.00000000005926	0.799937825907343	-4.71552585589372e-05	6.19899162377309	1
29.875	35.75	1.0000000000676	0.799936895284973	-4.60571132976609e-05	5.99900728764793	1
30.125	35.75	1.00000000021545	0.799936025863966	-4.49846712300763e-05	5.79902316889584	1
30.375	35.75	1.00000000056357	0.799935213397012	-4.39357259378365e-05	5.59903925324785	1
30.625	35.75	1.00000000109699	0.799934453950789	-4.29082610215577e-05	5.39905552741245	1
30.875	35.75	1.00000000163217	0.799933743887769	-4.1900433589875e-05	5.19907197902635	1
31.125	35.75	1.00000000173418	0.799933079861093	-4.09105585667627e-05	4.99908859662689	1
31.375	35.75	1.00000000072449	0.799932458816654	-3.99370934461294e-05	4.7991053696348	1
31.625	35.75	0.999999997896773	0.799931877992936	-3.89786253261317e-05	4.59912228831816	1
31.875	35.75	0.999999993047833	0.799931334901033	-3.80338622964934e-05	4.39913934368599	1
32.125	35.75	0.999999987317872	0.799930827254549	-3.71016313813409e-05	4.19915652725166	1
32.375	35.75	0.999999984072324	0.799930352822697	-3.61808846208258e-05	3.99917383063509	1
32.625	35.75	0.99999998915779	0.799929909208601	-3.5270709632111e-05	3.79919124506663	1
32.875	35.75	1.00000000947562	0.799929493624658	-3.43703345366986e-05	3.59920876102482	1
33.125	35.75	1.00000004877807	0.799929102835682	-3.34791071097593e-05	3.39922636844835	1
33.375	35.75	1.00000010041216	0.799928733534011	-3.25964221744387e-05	3.19924405809004	1
33.625	35.75	1.00000013891003	0.799928383417004	-3.17215815768214e-05	2.99926182440926	1
33.875	35.75	1.00000011587128	0.799928053012635	-3.0853603683224e-05	2.7992796696616	1
34.125	35.75	0.999999969394683	0.799927747729871	-2.99910664598052e-05	2.59929760738866	1
34.375	35.75	0.999999657534474	0.799927478706803	-2.91321558924626e-05	2.39931566157126	1
34.625	35.75	0.999999220270668	0.799927260072772	-2.82751540150401e-05	2.19933385626217	1
34.875	35.75	0.999998856457381	0.799927100002418	-2.74195548317185e-05	1.99935219146436	1
35.125	35.75	0.999998970904649	0.799926984620429	-2.65677203008733e-05	1.79937060685406	1
35.375	35.75	1.00000011052417	0.799926858605939	-2.57264157095401e-05	1.59938894743432	1
35.625	35.75	1.00000269151081	0.799926614502581	-2.49067578671065e-05	1.39940696289147	1
35.875	35.75	1.00000646305009	0.799926111944891	-2.41204342265382e-05	1.19942438738341	1
36.125	35.75	1.00000980355644	0.799925251768807	-2.33702910034583e-05	0.999441142155075	1
36.375	35.75	1.00000922226003	0.799924117571893	-2.26355557745332e-05	0.799457656745224	1
36.625	35.75	0.999999779718115	0.799923156834177	-2.18569169038287e-05	0.599475196949642	1
36.875	35.75	0.999977341535866	0.799923295683984	-2.09340197721756e-05	0.399495926879493	1
37.125	35.75	0.999943272604044	0.799934949245184	-1.97546523133707e-05	0.199522285192118	1
37.375	35.75	0.999910920783918	0.399939692411464	-1.8479182099668e-05	-0.000449295404892379	1
0.125	36.25	0.000436910962495319	0.799712149303738	0.000171283664810221	22.8276263262071	1
0.375	36.25	0.00043730795734343	0.799665207957908	0.000267990915541722	22.8275953682117	1
0.625	36.25	0.000438082649139879	0.799463856273143	0.000522286019463282	22.8276182991629	1
0.875	36.25	0.000439016821349903	0.799302268890759	0.000915190561380022	22.8276869108993	1
1.125	36.25	0.000439521913622194	0.799195919311226	0.00144256735520852	22.8277888640231	1
1.375	36.25	0.000438509840163413	0.799156764075922	0.00207161848678703	22.8279083257879	1
1.625	36.25	0.000434371537039652	0.799189213109502	0.0027256406341912	22.8280274086665	1
1.875	36.25	0.000425143022447346	0.799286333598597	0.00330325153789706	22.8281288494983	1
2.125	36.25	0.000408928046006971	0.799429253963604	0.00371795961843969	22.8281992146914	1
2.375	36.25	0.000384605334353505	0.799590730135797	0.00390464898850676	22.8282315144961	1
2.625	36.25	0.000352782417869122	0.799744881061667	0.00378400372267244	22.8282261748777	1
2.875	36.25	0.000316889181829031	0.799882528505976	0.00330930521592225	22.8281883195238	1
3.125	36.25	0.000284264462490319	0.800018121351031	0.00259678027959808	22.8281202062277	1
3.375	36.25	0.000267091861206659	0.800177374272115	0.00188832961766575	22.8280141286922	1
3.625	36.25	0.00028305887432738	0.800379760189532	0.00137654609526526	22.8278512658313	1
3.875	36.25	0.000355605961597131	0.800631737657615	0.00111347880388935	22.8276040632752	1
4.125	36.25	0.000513595009645693	0.800928459844773	0.0010197578555916	22.8272386242891	1
4.375	36.25	0.000790189225669486	0.801257448737944	0.000957533814111175	22.8267162292647	1
4.625	36.25	0.00122075371270982	0.801601222611668	0.000804817008361421	22.8259941942286	1
4.875	36.25	0.00183976934249681	0.80193794619135	0.000481939780677965	22.8250266324232	1
5.125	36.25	0.00267722638018188	0.802241158111487	-5.76892411755316e-05	22.8237654259882	1
5.375	36.25	0.00375570252862718	0.80248021806617	-0.000841158058449212	22.8221608328255	1
5.625	36.25	0.00509014769677462	0.802622144988187	-0.00188048475680664	22.8201602140539	1
5.875	36.25	0.00669324842547972	0.802634740935909	-0.00316920304528909	22.8177025661112	1
6.125	36.25	0.00859040025334861	0.802490868683247	-0.0046750589457415	22.8147056299174	1
6.375	36.25	0.0108502169259268	0.802173847234004	-0.00633157221000523	22.8110411668744	1
6.625	36.25	0.0136396518114119	0.801683678489241	-0.00803079811786987	22.8064926118687	1
6.875	36.25	0.0173177396750263	0.80104304322201	-0.0096201037017348	22.8006880708261	1
7.125	36.25	0.0225887648001392	0.80030048474508	-0.0109062959875827	22.7930013713683	1
7.375	36.25	0.0307418490672557	0.799525656072484	-0.0116702867199794	22.7824165029368	1
7.625	36.25	0.0439986902384176	0.798788166361241	-0.0116941545816643	22.7673600201901	1
7.875	36.25	0.0659429394138139	0.798109956661364	-0.0108001462870136	22.745527835167	1
8.125	36.25	0.101846218777621	0.79739055617679	-0.00889905616875274	22.7137737808053	1
8.375	36.25	0.158357090935764	0.796346454711413	-0.00604411484953647	22.6681853323129	1
8.625	36.25	0.241586900086625	0.794593137601554	-0.00248064939844376	22.6045132149927	1
8.875	36.25	0.352912146456076	0.792021371475651	0.00134006058786456	22.5190539693001	1
9.125	36.25	0.484297017515809	0.789271416791348	0.00484009275395256	22.4098016034955	1
9.375	36.25	0.618510982998746	0.787553456923987	0.00750527194546522	22.2772864661295	1
9.625	36.25	0.737105136735412	0.787630249553751	0.00907814583287705	22.1244769184678	1
9.875	36.25	0.829404400912929	0.789217983837015	0.00960347043163215	21.9557421553305	1
10.125	36.25	0.894439616632744	0.791487455320013	0.00932068446232049	21.7755715751607	1
10.375	36.25	0.93704562656534	0.793755167715676	0.00852171903319265	21.5877276537136	1
10.625	36.25	0.963532711923536	0.795692936231722	0.00746035538068836	21.3949791112378	1
10.875	36.25	0.979371440861882	0.797223899080585	0.0063205114605863	21.1991986398204	1
11.125	36.25	0.988555824699539	0.798384633001202	0.00521859979232825	21.0015852623559	1
11.375	36.25	0.993744036088589	0.799244150163444	0.00421850067357413	20.8028793890124	1
11.625	36.25	0.996607420324538	0.799870163285918	0.00334795262210377	20.6035272766405	1
11.875	36.25	0.998155892819381	0.800318984000264	0.00261210240460719	20.403793652676	1
12.125	36.25	0.998980397759094	0.800634583544801	0.00200333438324616	20.2038342060342	1
12.375	36.25	0.999416603566541	0.800850424238819	0.00150781760001775	20.0037404307964	1
12.625	36.25	0.999649526445511	0.800991721720209	0.00110956255867049	19.8035665733414	1
12.875	36.25	0.999777955197186	0.801077429912343	0.000792745450201177	19.6033454432533	1
13.125	36.25	0.999852907388093	0.801121811874646	0.000542901804146349	19.4030974988747	1
13.375	36.25	0.999899885941256	0.801135632329873	0.000347424313602613	19.2028359776276	1
13.625	36.25	0.999931326575461	0.801127045881703	0.000195659357172363	19.0025697597943	1
13.875	36.25	0.999953284422054	0.801102252599467	7.87916105722853e-05	18.8023049668235	1
14.125	36.25	0.999968853853191	0.801065980308186	-1.03674514986686e-05	18.6020458703757	1
14.375	36.25	0.999979813092057	0.801021839816547	-7.76202578298167e-05	18.4017954331555	1
14.625	36.25	0.999987354944718	0.800972587897976	-0.000127617208869676	18.2015556540635	1
14.875	36.25	0.999992379819526	0.800920323624022	-0.000164067122540006	18.0013278068975	1
15.125	36.25	0.999995599756022	0.800866636514192	-0.000189917943793807	17.8011126171207	1
15.375	36.25	0.999997573593429	0.800812719632935	-0.000207507467842688	17.6009103984818	1
15.625	36.25	0.999998724752817	0.800759456897066	-0.000218686664622104	17.4007211604374	1
15.875	36.25	0.999999359272496	0.800707491117803	-0.000224919311416264	17.2005446925517	1
16.125	36.25	0.999999687021567	0.800657277411831	-0.00022736180980308	17.000380630093	1
16.375	36.25	0.999999844019467	0.800609125317306	-0.000226926786984584	16.8002285042402	1
16.625	36.25	0.999999913151451	0.800563232073529	-0.000224333612365033	16.6000877798876	1
16.875	36.25	0.999999941484642	0.800519708920571	-0.000220148448224315	16.3999578836649	1
17.125	36.25	0.999999953522081	0.800478601849707	-0.000214815980379588	16.1998382244085	1
17.375	36.25	0.999999960579364	0.800439907934682	-0.000208684553346093	15.9997282079156	1
17.625	36.25	0.999999966935021	0.800403588140175	-0.000202026086808678	15.799627247435	1
17.875	36.25	0.999999973556312	0.800369577326849	-0.000195051866992703	15.599534771008	1
18.125	36.25	0.999999980156755	0.80033779203487	-0.000187925075015638	15.3994502264921	1
18.375	36.25	0.999999986200136	0.800308136508333	-0.000180770734099668	15.1993730848821	1
18.625	36.25	0.999999991298018	0.80028050733258	-0.000173683614816859	14.9993028423749	1
18.875	36.25	0.999999995297031	0.800254796978524	-0.000166734521586528	14.7992390215033	1
19.125	36.25	0.999999998235561	0.800230896488751	-0.000159975297285293	14.5991811715789	1
19.375	36.25	1.00000000026499	0.800208697491161	-0.000153442809532197	14.3991288686215	1
19.625	36.25	1.00000000158	0.800188093685249	-0.000147162129379057	14.1990817149091	1
19.875	36.25	1.00000000237143	0.800168981916667	-0.000141149067537066	13.999039338251	1
20.125	36.25	1.00000000280126	0.800151262930089	-0.000135412199123894	13.7990013910649	1
20.375	36.25	1.00000000299428	0.800134841872049	-0.000129954481599154	13.5989675493198	1
20.625	36.25	1.0000000030396	0.800119628600831	-0.000124774547476726	13.3989375113936	1
20.875	36.25	1.00000000299709	0.800105537848669	-0.000119867737343234	13.1989109968831	1
21.125	36.25	1.00000000290478	0.800092489268305	-0.00011522692558907	12.998887745396	1
21.375	36.25	1.00000000278567	0.80008040739475	-0.000110843179585748	12.7988675153488	1
21.625	36.25	1.00000000265294	0.800069221544808	-0.000106706284761269	12.5988500827842	1
21.875	36.25	1.00000000251414	0.800058865669189	-0.000102805162628514	12.3988352402245	1
22.125	36.25	1.00000000237361	0.800049278172499	-9.91282024572316e-05	12.1988227955656	1
22.375	36.25	1.00000000223379	0.800040401712567	-9.56635225226083e-05	11.998812571021	1
22.625	36.25	1.00000000209634	0.800032182985675	-9.23991756819978e-05	11.7988044021167	1
22.875	36.25	1.00000000196247	0.800024572504244	-8.93233089234504e-05	11.598798136742	1
23.125	36.25	1.00000000183294	0.800017524375289	-8.64242863699027e-05	11.3987936342534	1
23.375	36.25	1.00000000170837	0.800010996079493	-8.36907824696966e-05	11.1987907646342	1
23.625	36.25	1.00000000158938	0.800004948253384	-8.11118510162955e-05	10.998789407707	1
23.875	36.25	1.00000000147633	0.799999344480808	-7.86769747606136e-05	10.7987894523984	1
24.125	36.25	1.0000000013694	0.799994151092584	-7.63760994749827e-05	10.5987907960539	1
24.375	36.25	1.00000000126876	0.799989336973362	-7.41996552746262e-05	10.3987933437995	1
24.625	36.25	1.00000000117435	0.799984873379682	-7.21385679767513e-05	10.1987970079498	1
24.875	36.25	1.00000000108596	0.799980733769317	-7.01842624655524e-05	9.99880170745814	1
25.125	36.25	1.00000000100345	0.799976893638268	-6.83286594755625e-05	9.79880736740695	1
25.375	36.25	1.00000000092668	0.799973330368814	-6.65641678518614e-05	9.59881391853662	1
25.625	36.25	1.00000000085542	0.799970023088091	-6.48836724000783e-05	9.39882129680918	1
25.875	36.25	1.00000000078919	0.799966952535879	-6.32805191743372e-05	9.19882944300533	1
26.125	36.25	1.00000000072769	0.79996410094092	-6.17484989056638e-05	8.99883830235191	1
26.375	36.25	1.00000000067051	0.799961451905776	-6.0281828174175e-05	8.7988478241784	1
26.625	36.25	1.00000000061743	0.799958990302454	-5.88751305208029e-05	8.59885796159981	1
26.875	36.25	1.00000000056844	0.799956702172297	-5.75234160628815e-05	8.39886867122346	1
27.125	36.25	1.00000000052363	0.799954574634416	-5.62220612156061e-05	8.19887991287993	1
27.375	36.25	1.00000000048331	0.799952595803262	-5.49667887585401e-05	7.99889164937388	1
27.625	36.25	1.00000000044779	0.799950754709746	-5.3753647319895e-05	7.79890384625471	1
27.875	36.25	1.0000000004169	0.799949041229405	-5.25789921008193e-05	7.5989164716053	1
28.125	36.25	1.00000000038913	0.799947446016149	-5.143946565019e-05	7.39892949584744	1
28.375	36.25	1.00000000036095	0.79994596044199	-5.03319791393483e-05	7.1989428915626	1
28.625	36.25	1.00000000032658	0.799944576540554	-4.92536946897053e-05	6.99895663332667	1
28.875	36.25	1.00000000027918	0.799943286955338	-4.82020082956407e-05	6.7989706975579	1
29.125	36.25	1.00000000021493	0.799942084892638	-4.71745333823693e-05	6.59898506237601	1
29.375	36.25	1.00000000014019	0.799940964077383	-4.61690852003448e-05	6.39899970747115	1
29.625	36.25	1.00000000008057	0.799939918711468	-4.51836666122094e-05	6.19901461398157	1
29.875	36.25	1.00000000008705	0.799938943434767	-4.42164543877026e-05	5.99902976437937	1
30.125	36.25	1.00000000023013	0.799938033288941	-4.32657858633407e-05	5.7990451423648	1
30.375	36.25	1.00000000056948	0.799937183684635	-4.23301467148358e-05	5.59906073277217	1
30.625	36.25	1.00000000109069	0.799936390373847	-4.14081592720473e-05	5.39907652149212	1
30.875	36.25	1.00000000161446	0.79993564942985	-4.04985703034582e-05	5.19909249541522	1
31.125	36.25	1.00000000171538	0.799934957239557	-3.96002391945796e-05	4.99910864239788	1
31.375	36.25	1.00000000072935	0.799934310503562	-3.87121265960612e-05	4.79912495123854	1
31.625	36.25	0.999999997964209	0.799933706233991	-3.78332848310842e-05	4.59914141163635	1
31.875	36.25	0.999999993218743	0.799933141733368	-3.69628523933288e-05	4.39915801408131	1
32.125	36.25	0.999999987604783	0.799932614524315	-3.61000544481427e-05	4.19917474961748	1
32.375	36.25	0.999999984410565	0.799932122204303	-3.52442113624038e-05	3.99919160944896	1
32.625	36.25	0.999999989353296	0.799931662227298	-3.43947518903596e-05	3.79920858444953	1
32.875	36.25	1.00000000918792	0.799931231682397	-3.35512198747128e-05	3.59922566480334	1
33.125	36.25	1.00000004760021	0.799930827236602	-3.2713255461547e-05	3.3992428402067	1
33.375	36.25	1.00000009811351	0.799930445499954	-3.18805256635839e-05	3.1992601011865	1
33.625	36.25	1.00000013586238	0.799930084077226	-3.10525870333515e-05	2.99927744192369	1
33.875	36.25	1.00000011355281	0.799929743351013	-3.02286987429657e-05	2.79929486424937	1
34.125	36.25	0.999999970657947	0.799929428486445	-2.9407669145762e-05	2.59931238105861	1
34.375	36.25	0.999999666094184	0.799929150262453	-2.85879038322327e-05	2.39933001548966	1
34.625	36.25	0.999999238777761	0.79992892239744	-2.77678888955299e-05	2.19934779080104	1
34.875	36.25	0.999998882852689	0.799928752809175	-2.69472933752835e-05	1.99936570680447	1
35.125	36.25	0.9999989937796	0.799928627884371	-2.61286037080895e-05	1.79938370440761	1
35.375	36.25	1.00000010605341	0.79992849351387	-2.53186402641878e-05	1.59940163202426	1
35.625	36.25	1.00000262670799	0.799928244629302	-2.45285065192315e-05	1.39941924489624	1
35.875	36.25	1.0000063112435	0.799927743967463	-2.37698644378318e-05	1.19943628299738	1
36.125	36.25	1.00000957567567	0.799926894475905	-2.3045665729533e-05	0.999452668976231	1
36.375	36.25	1.0000090089705	0.799925777665827	-2.2335608031459e-05	0.799468822041062	1
36.625	36.25	0.999999783324235	0.799924830684934	-2.15814728697912e-05	0.599485978550453	1
36.875	36.25	0.999977856256076	0.799924958494183	-2.06847055321003e-05	0.399506252876225	1
37.125	36.25	0.99994455891677	0.799936346528937	-1.95351914932788e-05	0.199532028168209	1
37.375	36.25	0.999912935428048	0.399940945631007	-1.82896196515431e-05	-0.000440184134567231	1
0.125	36.75	0.000447745820965703	0.799689524385711	0.000326098912602292	22.8276424687682	1
0.375	36.75	0.000448137529574748	0.799617928073943	0.000491582295060238	22.8276183077188	1
0.625	36.75	0.000448891870152283	0.79939740558253	0.000567061037804092	22.8276532866365	1
0.875	36.75	0.000449770890178226	0.799224972774971	0.00061208078801118	22.8277378690023	1
1.125	36.75	0.000450156418073033	0.799122405513269	0.000601284057192908	22.8278567334861	1
1.375	36.75	0.000448923243245364	0.799105522278054	0.000434992272937811	22.8279896718205	1
1.625	36.75	0.000444423825101255	0.799176130700718	-3.24423376570087e-05	22.828114104156	1
1.875	36.75	0.000434665216996747	0.799315065263556	-0.00089939557484596	22.8282098362397	1
2.125	36.75	0.000417747092745058	0.799484750805985	-0.0020253838593294	22.8282646045638	1
2.375	36.75	0.000392587045851114	0.799645952641218	-0.00289005493224248	22.8282773374002	1
2.625	36.75	0.000359891745717135	0.79978156140596	-0.00286790283663227	22.8282560559397	1
2.875	36.75	0.00032326387702039	0.799908445414797	-0.00189396194626923	22.8282088112039	1
3.125	36.75	0.000290297797772381	0.800066105570299	-0.000594863141407159	22.828131858183	1
3.375	36.75	0.000273522479609276	0.800287298929671	0.000395270969646239	22.8280057666186	1
3.625	36.75	0.000291067141614873	0.800575227547447	0.000857727629339494	22.8278020720668	1
3.875	36.75	0.00036691406791892	0.800910078413065	0.000893531937243731	22.8274908663827	1
4.125	36.75	0.000530563779010516	0.801269202596772	0.000715622405579049	22.8270424911778	1
4.375	36.75	0.000815899579270352	0.80163584887314	0.000477681698816738	22.826424863774	1
4.625	36.75	0.00125905977151388	0.801992961325482	0.00021922342025444	22.8256015151534	1
4.875	36.75	0.00189532723093233	0.802314382033709	-9.19987043025905e-05	22.824532708609	1
5.125	36.75	0.00275555076888576	0.802562072574387	-0.000503330175834212	22.8231782639318	1
5.375	36.75	0.0038633782585431	0.802688725680384	-0.00104906619033831	22.8214996392535	1
5.625	36.75	0.00523542469954312	0.802642511129912	-0.00174486261041399	22.819459145925	1
5.875	36.75	0.00688740143445137	0.802372597957628	-0.0025882117435717	22.8170140109201	1
6.125	36.75	0.00885047999485659	0.801835762519176	-0.00355706317915939	22.8141020284563	1
6.375	36.75	0.0112041901870119	0.801004589545521	-0.00460605365596634	22.8106141486661	1
6.625	36.75	0.0141354624282186	0.799877069631875	-0.0056624722972931	22.8063478811407	1
6.875	36.75	0.01803855130533	0.79848611162821	-0.00662461953662982	22.8009342446429	1
7.125	36.75	0.0236774572735659	0.796905436883673	-0.00736523164201735	22.7937310898146	1
7.375	36.75	0.0324380298348841	0.795245272382624	-0.0077422229279403	22.7836790179687	1
7.625	36.75	0.0466886241597166	0.793627730357002	-0.00761780709910776	22.7691267798915	1
7.875	36.75	0.0702106953900321	0.792131015389342	-0.00688525511396209	22.7476571851086	1
8.125	36.75	0.108482032824916	0.790704363766318	-0.00550109848079542	22.7159883639042	1
8.375	36.75	0.168221726790313	0.789104624007037	-0.00351978873489125	22.6700843767429	1
8.625	36.75	0.25519853093353	0.786997064578456	-0.00112343755345836	22.6056436160575	1
8.875	36.75	0.369789723861175	0.784359644008682	0.00137615185092337	22.519042771686	1
9.125	36.75	0.502587232760425	0.781920596951299	0.00360038737623622	22.4085006061612	1
9.375	36.75	0.635630915789299	0.780854689232891	0.00523425416278737	22.2748365954982	1
9.625	36.75	0.751084935012477	0.781740655866695	0.00614288833838076	22.12123859544	1
9.875	36.75	0.83961700717738	0.784119445497705	0.0063835305278313	21.9521440760612	1
10.125	36.75	0.901303618025232	0.787097998753544	0.00612576591558559	21.7719807579389	1
10.375	36.75	0.94138768553151	0.789997928645728	0.00556075390238062	21.584392907215	1
10.625	36.75	0.966157128830187	0.792505153299395	0.00484828969079361	21.3920341535675	1
10.875	36.75	0.98089931832905	0.794547793352586	0.00410095103923652	21.1966910268031	1
11.125	36.75	0.989414641093622	0.796161940945408	0.00338808779491227	20.9995079185808	1
11.375	36.75	0.994208967819672	0.797416060680587	0.00274640753771062	20.8011954581994	1
11.625	36.75	0.996847954053092	0.79837951049085	0.00219066645058531	20.6021868898953	1
11.875	36.75	0.99827294429607	0.799112493239594	0.00172219618573308	20.4027441091868	1
12.125	36.75	0.999032242994291	0.799664360611881	0.00133494799424854	20.2030255560881	1
12.375	36.75	0.999435833380909	0.800074620326714	0.00101944508569253	20.0031281241133	1
12.625	36.75	0.999653693809591	0.800374567166621	0.000765188313925224	19.8031123597495	1
12.875	36.75	0.999776066239202	0.800588865995481	0.000562004835802586	19.6030173065898	1
13.125	36.75	0.999849275356571	0.80073690818323	0.000400716973068132	19.4028691099867	1
13.375	36.75	0.999896357480097	0.800833920891374	0.000273398638933293	19.2026859540201	1
13.625	36.75	0.999928527612876	0.800891854553272	0.00017339807506518	19.0024808924723	1
13.875	36.75	0.999951290377933	0.80092008431583	9.52405928565351e-05	18.8022634966912	1
14.125	36.75	0.999967531532911	0.800925960602359	3.44800614215846e-05	18.6020408503278	1
14.375	36.75	0.9999789819472	0.800915239869651	-1.24617082501975e-05	18.4018181859857	1
14.625	36.75	0.999986853523834	0.8008924215581	-4.84472040292757e-05	18.201599322702	1
14.875	36.75	0.999992085679266	0.800861012215831	-7.5757827914417e-05	18.0013869872021	1
15.125	36.75	0.999995428864884	0.800823733257711	-9.6208041403608e-05	17.801183061308	1
15.375	36.75	0.999997472478281	0.800782685048849	-0.000111239579444962	17.6009887773379	1
15.625	36.75	0.999998661564373	0.800739476980907	-0.000121997839097384	17.4008048735503	1
15.875	36.75	0.999999316220832	0.800695330886267	-0.000129393098906349	17.2006317173025	1
16.125	36.75	0.99999965481157	0.800651163401264	-0.000134149217015283	17.0004694016778	1
16.375	36.75	0.999999818127102	0.800607651588878	-0.000136842202909568	16.8003178204139	1
16.625	36.75	0.999999891520696	0.800565285192717	-0.000137930703206206	16.6001767253435	1
16.875	36.75	0.999999923209558	0.800524408178844	-0.000137780080908662	16.4000457699862	1
17.125	36.75	0.999999938156173	0.800485251686284	-0.000136681444821089	16.1999245423633	1
17.375	36.75	0.999999947813886	0.800447960098083	-0.000134866702932727	15.9998125895367	1
17.625	36.75	0.999999956476118	0.800412611605404	-0.000132520489274782	15.7997094358595	1
17.875	36.75	0.99999996509697	0.800379234380802	-0.000129789629846154	15.599614596476	1
18.125	36.75	0.999999973386406	0.800347819261677	-0.000126790667582328	15.3995275872391	1
18.375	36.75	0.999999980822885	0.800318329662145	-0.000123615855631868	15.1994479319209	1
18.625	36.75	0.999999987047299	0.800290709295206	-0.000120337940111586	14.9993751673748	1
18.875	36.75	0.999999991943634	0.800264888164239	-0.00011701398205571	14.7993088471367	1
19.125	36.75	0.999999995589537	0.800240787190238	-0.000113688419222633	14.5992485438362	1
19.375	36.75	0.999999998173281	0.800218321767331	-0.00011039552255937	14.3991938506978	1
19.625	36.75	0.999999999921773	0.80019740447337	-0.000107161371288898	14.1991443823475	1
19.875	36.75	1.00000000105254	0.800177947118617	-0.000104005444948275	13.9990997750927	1
20.125	36.75	1.00000000174884	0.800159862274435	-0.000100941908886123	13.7990596868058	1
20.375	36.75	1.00000000215212	0.800143064394905	-9.79806548187263e-05	13.5990237965136	1
20.625	36.75	1.00000000236427	0.800127470621144	-9.51281450979695e-05	13.3989918037755	1
20.875	36.75	1.00000000245488	0.800113001339415	-9.23880993130457e-05	13.1989634279115	1
21.125	36.75	1.00000000246941	0.80009958054498	-8.97620538056942e-05	12.9989384071305	1
21.375	36.75	1.00000000243644	0.800087136059641	-8.72498184551843e-05	12.798916497599	1
21.625	36.75	1.0000000023735	0.800075599637114	-8.4849850146529e-05	12.5988974724769	1
21.875	36.75	1.00000000229138	0.800064906980909	-8.25595584264841e-05	12.398881120945	1
22.125	36.75	1.00000000219692	0.800054997699386	-8.03755561271769e-05	12.1988672472414	1
22.375	36.75	1.00000000209463	0.800045815214029	-7.82938641150018e-05	11.9988556697169	1
22.625	36.75	1.00000000198779	0.80003730663339	-7.63100794624867e-05	11.7988462199208	1
22.875	36.75	1.00000000187894	0.800029422603518	-7.4419512428646e-05	11.5988387417224	1
23.125	36.75	1.00000000176989	0.800022117145091	-7.26172979902492e-05	11.3988330904725	1
23.375	36.75	1.00000000166211	0.800015347480696	-7.08984867276149e-05	11.1988291322059	1
23.625	36.75	1.00000000155683	0.800009073856785	-6.92581179252556e-05	10.9988267428888	1
23.875	36.75	1.00000000145492	0.800003259367045	-6.76912778015832e-05	10.7988258077092	1
24.125	36.75	1.00000000135698	0.799997869778264	-6.61931460845548e-05	10.5988262204106	1
24.375	36.75	1.00000000126355	0.799992873358898	-6.47590321638565e-05	10.3988278826673	1
24.625	36.75	1.00000000117492	0.799988240714525	-6.33844025781798e-05	10.198830703502	1
24.875	36.75	1.00000000109115	0.79998394463138	-6.20649018765042e-05	9.99883459874135	1
25.125	36.75	1.00000000101228	0.799979959924964	-6.07963672994871e-05	9.79883949050869	1
25.375	36.75	1.00000000093831	0.799976263297317	-5.95748387781545e-05	9.59884530675343	1
25.625	36.75	1.00000000086917	0.799972833203119	-5.83965645647577e-05	9.39885198081295	1
25.875	36.75	1.00000000080454	0.799969649722577	-5.72580037274548e-05	9.19885945100648	1
26.125	36.75	1.00000000074418	0.799966694442828	-5.61558265044337e-05	8.99886766025857	1
26.375	36.75	1.0000000006878	0.799963950346223	-5.50869112834594e-05	8.79887655575014	1
26.625	36.75	1.00000000063521	0.799961401708102	-5.40483408245912e-05	8.59888608859577	1
26.875	36.75	1.00000000058643	0.799959033999164	-5.30373968280198e-05	8.39889621354418	1
27.125	36.75	1.00000000054159	0.799956833794418	-5.20515529191195e-05	8.19890688870243	1
27.375	36.75	1.000000000501	0.799954788691591	-5.10884676991325e-05	7.99891807528022	1
27.625	36.75	1.000000000465	0.799952887232787	-5.01459765044918e-05	7.79892973735353	1
27.875	36.75	1.00000000043349	0.799951118832038	-4.92220830440697e-05	7.59894184164662	1
28.125	36.75	1.00000000040504	0.799949473709193	-4.83149508296283e-05	7.39895435733069	1
28.375	36.75	1.0000000003762	0.799947942829102	-4.74228944008415e-05	7.19896725583801	1
28.625	36.75	1.00000000034131	0.799946517844207	-4.65443705499438e-05	6.99898051069014	1
28.875	36.75	1.00000000029366	0.79994519104191	-4.56779696070397e-05	6.79899409733969	1
29.125	36.75	1.00000000022952	0.799943955296812	-4.48224071000644e-05	6.59900799302338	1
29.375	36.75	1.00000000015511	0.799942804025247	-4.39765154289712e-05	6.39902217662523	1
29.625	36.75	1.00000000009553	0.799941731142296	-4.31392359866905e-05	6.19903662854885	1
29.875	36.75	1.00000000010062	0.799940731022438	-4.23096117387169e-05	5.9990513305981	1
30.125	36.75	1.00000000023944	0.799939798462368	-4.1486779870489e-05	5.79906626586635	1
30.375	36.75	1.00000000057053	0.799938928646417	-4.06699645608758e-05	5.59908141863771	1
30.625	36.75	1.00000000108007	0.799938117117984	-3.98584701288005e-05	5.39909677430478	1
30.875	36.75	1.00000000159289	0.799937359758695	-3.90516735309211e-05	5.19911231930751	1
31.125	36.75	1.00000000169302	0.799936652779056	-3.82490166114553e-05	4.99912804109431	1
31.375	36.75	1.00000000073069	0.799935992716892	-3.74499984560702e-05	4.79914392809371	1
31.625	36.75	0.999999998027838	0.799935376433728	-3.66541693776233e-05	4.59915996966926	1
31.875	36.75	0.999999993385208	0.799934801093354	-3.58611287044e-05	4.39917615600789	1
32.125	36.75	0.999999987886626	0.799934264091891	-3.5070527997614e-05	4.19919247788416	1
32.375	36.75	0.999999984743977	0.799933762913777	-3.42820822064935e-05	3.99920892627112	1
32.625	36.75	0.999999989546353	0.799933294917756	-3.34955854696532e-05	3.79922549185729	1
32.875	36.75	1.00000000890367	0.799932857119526	-3.27109197020504e-05	3.59924216469083	1
33.125	36.75	1.0000000464355	0.799932446133574	-3.19280381653975e-05	3.39925893437237	1
33.375	36.75	1.00000009583878	0.799932058529261	-3.11468989546088e-05	3.19927579133945	1
33.625	36.75	1.0000001328426	0.799931691857471	-3.03673308384688e-05	2.99929272962231	1
33.875	36.75	1.00000011124546	0.799931346391375	-2.95888503551429e-05	2.79930975074835	1
34.125	36.75	0.999999971878792	0.79993102708698	-2.88105112260538e-05	2.59932686708144	1
34.375	36.75	0.999999674513295	0.799930744397215	-2.80309529018551e-05	2.39934410102716	1
34.625	36.75	0.99999925702164	0.799930511660952	-2.72488788456586e-05	2.19936147515193	1
34.875	36.75	0.999998908910606	0.79993033656693	-2.64641444420814e-05	1.99937898916367	1
35.125	36.75	0.999999016431347	0.79993020578203	-2.56793707922546e-05	1.79939658526402	1
35.375	36.75	1.0000001018462	0.799930066412716	-2.49014409011697e-05	1.59941411530592	1
35.625	36.75	1.00000256315854	0.799929815763044	-2.41414501825203e-05	1.39943134008126	1
35.875	36.75	1.00000616206128	0.79992931964108	-2.34110400878925e-05	1.19944800536886	1
36.125	36.75	1.00000935152262	0.79992848308526	-2.27132738944453e-05	0.999464035274208	1
36.375	36.75	1.00000879884705	0.79992738555716	-2.20283329758009e-05	0.799479838907493	1
36.625	36.75	0.999999785837546	0.79992645403778	-2.12991174499457e-05	0.599496623727948	1
36.875	36.75	0.999978360115241	0.799926572659063	-2.04289106307066e-05	0.399516455251087	1
37.125	36.75	0.999945819459543	0.799937702401647	-1.930973865589e-05	0.199541662145535	1
37.375	36.75	0.999914909793667	0.39994215725659	-1.80945607177469e-05	-0.00043116719684708	1
0.125	37.25	0.000455693272970794	0.799684861440578	0.00115484815690666	22.8276365655039	1
0.375	37.25	0.000456080156003584	0.799618180568614	0.00113893054162693	22.8276108469278	1
0.625	37.25	0.000456818049580574	0.799412388115165	0.00121571587431862	22.827643078826	1
0.875	37.25	0.000457656362238969	0.799273248174785	0.00130688226447732	22.8277183353656	1
1.125	37.25	0.000457959473512541	0.79922128975738	0.00140910610152268	22.8278171356677	1
1.375	37.25	0.000456583003004405	0.799270361120426	0.0015175512308637	22.8279145727038	1
1.625	37.25	0.000451864781211786	0.799404858231024	0.00162935471292361	22.8279850804045	1
1.875	37.25	0.000441811919991362	0.799566309891531	0.00175603990982653	22.8280128644237	1
2.125	37.25	0.000424553126517553	0.799672757313639	0.00192438705915633	22.8280029960634	1
2.375	37.25	0.000399081811863614	0.799680815500719	0.00212295144825078	22.8279814341071	1
2.625	37.25	0.000366246608318671	0.799642956926219	0.00220118402840144	22.8279743852387	1
2.875	37.25	0.00032987652681393	0.799675833206965	0.00192264949766222	22.8279795550797	1
3.125	37.25	0.000297892163326894	0.799853655019123	0.00125961369598985	22.8279614781141	1
3.375	37.25	0.000283261423348768	0.800161280155406	0.000486476110702164	22.8278754674363	1
3.625	37.25	0.000304674731037921	0.800543926799198	-9.15308232593202e-05	22.8276859679417	1
3.875	37.25	0.00038680336329478	0.800956189953821	-0.000370485879606553	22.8273659654073	1
4.125	37.25	0.000559966371806718	0.801369510734717	-0.000448943267962915	22.8268907992231	1
4.375	37.25	0.000858995628073876	0.801764841288941	-0.000476838861128302	22.8262338350767	1
4.625	37.25	0.00132111209075475	0.802123950772395	-0.000539715793802566	22.8253644520161	1
4.875	37.25	0.00198282927373305	0.802420197773924	-0.000654475062614184	22.8242486375098	1
5.125	37.25	0.00287640968343203	0.802612864754469	-0.000810918208156273	22.8228518375474	1
5.375	37.25	0.0040271860338933	0.802647984827002	-0.00099796833476048	22.8211418124245	1
5.625	37.25	0.00545394104391753	0.802463746986568	-0.00120837426171783	22.8190885968585	1
5.875	37.25	0.0071754858347848	0.801997767781555	-0.00143547951177652	22.8166587215339	1
6.125	37.25	0.00922786554234398	0.801195542763519	-0.00166985390752026	22.8138002738428	1
6.375	37.25	0.0116986990251925	0.80002058087778	-0.00189715886031347	22.8104140657157	1
6.625	37.25	0.0147885435730988	0.798466295198632	-0.00209699671589826	22.806304651421	1
6.875	37.25	0.0189143776124591	0.796568178104134	-0.00224280503257093	22.8011038150835	1
7.125	37.25	0.0248771369115406	0.794412304930079	-0.00230321826898106	22.7941594614089	1
7.375	37.25	0.0341202636441437	0.792132731442738	-0.00224534954272001	22.7843867440003	1
7.625	37.25	0.0490958068306616	0.789886582581033	-0.00204017844626448	22.7700898277025	1
7.875	37.25	0.0736912996915598	0.787795250561786	-0.00166983022768807	22.7487881801049	1
8.125	37.25	0.113480314808918	0.785854628732854	-0.00113624688669638	22.7171265718964	1
8.375	37.25	0.175174670711555	0.783869864426679	-0.000470385840453251	22.6710071674909	1
8.625	37.25	0.26427404751465	0.781562605653793	0.00026095795152749	22.6061114319298	1
8.875	37.25	0.380523113923337	0.778978412585472	0.00095884941103855	22.5188749560673	1
9.125	37.25	0.51375684763698	0.77688515370985	0.00151689211374637	22.4076496475751	1
9.375	37.25	0.645736502668636	0.776398098241565	0.00186225443432104	22.2734099705299	1
9.625	37.25	0.759114166857309	0.77795084152604	0.00198385120573004	22.1194477370305	1
9.875	37.25	0.845357252542239	0.78096204612266	0.00192460046858428	21.9502187558665	1
10.125	37.25	0.905094282775751	0.784492005040153	0.00175015091563279	21.770104701998	1
10.375	37.25	0.943747522637	0.78786100104415	0.00152117571811526	21.582681822561	1
10.625	37.25	0.967559257845422	0.790764273357361	0.00128108292463349	21.3905434519002	1
10.875	37.25	0.981698171163516	0.793138514521974	0.00105549783620445	21.1954340157099	1
11.125	37.25	0.989850003182254	0.795027277155852	0.000856601768027273	20.9984730634925	1
11.375	37.25	0.994433498329528	0.796506321113029	0.000688022959594851	20.8003589709223	1
11.625	37.25	0.996954868778062	0.797652274492062	0.000548655133709739	20.6015206856537	1
11.875	37.25	0.998317239926268	0.798532282029663	0.000435179123567277	20.402220313055	1
12.125	37.25	0.999045275767657	0.799201994688303	0.000343552675479738	20.2026187551275	1
12.375	37.25	0.999434780178667	0.799706401785572	0.00026980450938614	20.0028162656321	1
12.625	37.25	0.999647478789368	0.800081422234417	0.000210402358416605	19.8028768949947	1
12.875	37.25	0.999768973149605	0.800355536134038	0.000162378875704179	19.6028429517407	1
13.125	37.25	0.999843091947599	0.800551234216468	0.000123330450069095	19.4027434431961	1
13.375	37.25	0.9998916109949	0.800686234774329	9.13568516401937e-05	19.2025989702025	1
13.625	37.25	0.999925170289869	0.800774476336638	6.49797815105891e-05	19.0024245785312	1
13.875	37.25	0.99994906069421	0.800826913569772	4.30603483853561e-05	18.8022314553357	1
14.125	37.25	0.999966130351049	0.800852148566884	2.47249460008976e-05	18.6020279813276	1
14.375	37.25	0.999978147443666	0.800856928475402	9.30307648940112e-06	18.4018204236232	1
14.625	37.25	0.999986384063168	0.800846536717085	-3.72250358177393e-06	18.2016134235067	1
14.875	37.25	0.999991838425253	0.800825100567562	-1.4754471001606e-05	18.0014103604137	1
15.125	37.25	0.999995309072947	0.800795833405242	-2.41102247651372e-05	17.801213634487	1
15.375	37.25	0.999997420927398	0.800761226024385	-3.20436399758485e-05	17.601024890278	1
15.625	37.25	0.999998643402796	0.800723198143442	-3.87609967247537e-05	17.4008451946623	1
15.875	37.25	0.999999312292358	0.800683218667879	-4.44325327488492e-05	17.2006751776847	1
16.125	37.25	0.999999655469747	0.800642401298167	-4.92007811661278e-05	17.0005151430403	1
16.375	37.25	0.999999819116107	0.800601580569717	-5.31865921340778e-05	16.8003651538343	1
16.625	37.25	0.999999891399486	0.800561372311372	-5.64935071228179e-05	16.6002250984916	1
16.875	37.25	0.999999921843064	0.800522221655685	-5.92109742736639e-05	16.4000947409856	1
17.125	37.25	0.999999935896472	0.800484441096373	-6.14167522309202e-05	16.1999737588665	1
17.375	37.25	0.999999945099788	0.800448240596774	-6.31787436300931e-05	15.999861771913	1
17.625	37.25	0.999999953668771	0.800413751346947	-6.45564276703011e-05	15.7997583636368	1
17.875	37.25	0.99999996243653	0.800381044467342	-6.56020044180187e-05	15.5996630973693	1
18.125	37.25	0.999999971003203	0.80035014569781	-6.63613290384619e-05	15.3995755282417	1
18.375	37.25	0.999999978766406	0.800321046899021	-6.68746898503612e-05	15.1994952120473	1
18.625	37.25	0.999999985315701	0.800293715038472	-6.71774670563643e-05	14.9994217117304	1
18.875	37.25	0.999999990507483	0.8002680991859	-6.73006969954206e-05	14.7993546020572	1
19.125	37.25	0.999999994408047	0.800244135938451	-6.72715623750154e-05	14.5992934728929	1
19.375	37.25	0.999999997204057	0.800221753613724	-6.71138211535721e-05	14.3992379314059	1
19.625	37.25	0.999999999125997	0.800200875468498	-6.68481845902377e-05	14.1991876034472	1
19.875	37.25	1.00000000039701	0.800181422154093	-6.64926532387465e-05	13.9991421342998	1
20.125	37.25	1.00000000120628	0.800163313572737	-6.60628164910316e-05	13.7991011889469	1
20.375	37.25	1.00000000170073	0.800146470262542	-6.55721206210868e-05	13.5990644519802	1
20.625	37.25	1.00000000198695	0.800130814414736	-6.50321097630519e-05	13.3990316272402	1
20.875	37.25	1.00000000213819	0.800116270604924	-6.44526431235958e-05	13.199002437264	1
21.125	37.25	1.00000000220277	0.800102766298704	-6.3842090827853e-05	12.9989766225964	1
21.375	37.25	1.00000000221144	0.800090232185006	-6.32075104517015e-05	12.7989539410111	1
21.625	37.25	1.0000000021834	0.800078602377453	-6.25548066078929e-05	12.598934166676	1
21.875	37.25	1.00000000213064	0.800067814511906	-6.18888745219251e-05	12.3989170892885	1
22.125	37.25	1.000000002061	0.800057809768038	-6.12137296013437e-05	12.1989025132035	1
22.375	37.25	1.00000000197984	0.800048532833258	-6.05326234904662e-05	11.9988902565661	1
22.625	37.25	1.00000000189109	0.800039931823555	-5.98481485564421e-05	11.7988801504629	1
22.875	37.25	1.00000000179775	0.800031958174319	-5.9162331091309e-05	11.5988720380988	1
23.125	37.25	1.00000000170206	0.800024566510978	-5.84767142731254e-05	11.3988657740045	1
23.375	37.25	1.0000000016058	0.80001771450483	-5.77924321793975e-05	11.1988612232794	1
23.625	37.25	1.00000000151042	0.800011362720537	-5.71102753288501e-05	10.9988582608713	1
23.875	37.25	1.000000001417	0.800005474460603	-5.64307479793582e-05	10.7988567708947	1
24.125	37.25	1.00000000132634	0.800000015609075	-5.57541189352979e-05	10.5988566459877	1
24.375	37.25	1.00000000123916	0.799994954476589	-5.50804658940174e-05	10.3988577867067	1
24.625	37.25	1.00000000115586	0.799990261649056	-5.44097134493666e-05	10.1988601009589	1
24.875	37.25	1.00000000107665	0.79998590984257	-5.37416666588906e-05	9.99886350347127	1
25.125	37.25	1.00000000100167	0.799981873762187	-5.30760396452156e-05	9.79886791529329	1
25.375	37.25	1.00000000093095	0.79997812996803	-5.24124799410109e-05	9.59887326333457	1
25.625	37.25	1.00000000086456	0.79997465674877	-5.17505891551781e-05	9.39887947993278	1
25.875	37.25	1.00000000080229	0.799971434000076	-5.10899400720654e-05	9.19888650245221	1
26.125	37.25	1.00000000074391	0.799968443111907	-5.04300917658634e-05	8.99889427291074	1
26.375	37.25	1.00000000068921	0.799965666861704	-4.9770600916472e-05	8.79890273763283	1
26.625	37.25	1.00000000063798	0.799963089314848	-4.91110315423043e-05	8.59891184692807	1
26.875	37.25	1.00000000059026	0.799960695730892	-4.84509632079614e-05	8.39892155479229	1
27.125	37.25	1.00000000054622	0.799958472475114	-4.77899964789658e-05	8.19893181863125	1
27.375	37.25	1.00000000050619	0.799956406938485	-4.71277576944718e-05	7.99894259900439	1
27.625	37.25	1.00000000047057	0.799954487461692	-4.64639023445823e-05	7.79895385938722	1
27.875	37.25	1.00000000043927	0.799952703263799	-4.57981172139459e-05	7.59896556595173	1
28.125	37.25	1.00000000041097	0.799951044376996	-4.51301216713615e-05	7.39897768736325	1
28.375	37.25	1.00000000038222	0.799949501586613	-4.44596684335891e-05	7.19899019459265	1
28.625	37.25	1.00000000034745	0.799948066374536	-4.378654364926e-05	6.99900306074237	1
28.875	37.25	1.00000000030018	0.799946730866551	-4.31105660696803e-05	6.79901626088588	1
29.125	37.25	1.00000000023675	0.799945487784709	-4.24315863793614e-05	6.59902977191854	1
29.375	37.25	1.00000000016322	0.799944330402441	-4.17494861819424e-05	6.39904357241852	1
29.625	37.25	1.00000000010417	0.799943252501351	-4.10641763242081e-05	6.19905764251679	1
29.875	37.25	1.00000000010839	0.799942248331416	-4.03755954918776e-05	5.99907196377554	1
30.125	37.25	1.00000000024343	0.799941312574078	-3.96837089374397e-05	5.79908651907549	1
30.375	37.25	1.00000000056673	0.799940440307361	-3.89885063014094e-05	5.59910129251474	1
30.625	37.25	1.00000000106503	0.799939626976587	-3.82899994018846e-05	5.39911626932433	1
30.875	37.25	1.00000000156731	0.79993886837332	-3.7588219386337e-05	5.19913143580467	1
31.125	37.25	1.00000000166697	0.799938160625465	-3.6883213126277e-05	4.9991467792838	1
31.375	37.25	1.00000000072845	0.79993750019466	-3.61750394178397e-05	4.7991622880863	1
31.625	37.25	0.999999998087588	0.79993688387146	-3.54637664822909e-05	4.59917795148621	1
31.875	37.25	0.999999993547152	0.799936308754242	-3.47494729623228e-05	4.3991937595951	1
32.125	37.25	0.999999988163282	0.79993577218015	-3.40322541913271e-05	4.19920970312882	1
32.375	37.25	0.999999985072366	0.799935271582604	-3.33122359587757e-05	3.99922577302453	1
32.625	37.25	0.999999989736782	0.799934804282245	-3.25895925589497e-05	3.79924195996605	1
32.875	37.25	1.00000000862283	0.799934367273916	-3.186455777075e-05	3.5992582540327	1
33.125	37.25	1.00000004528415	0.799933957167848	-3.11374108286367e-05	3.39927464488431	1
33.375	37.25	1.0000000935885	0.799933570537002	-3.04084124899236e-05	3.1992911230129	1
33.625	37.25	1.0000001298514	0.799933204918933	-2.96776746889862e-05	2.99930768243255	1
33.875	37.25	1.00000010894987	0.799932860515796	-2.89449813926252e-05	2.79932432449418	1
34.125	37.25	0.99999997305718	0.799932542111079	-2.82096408341455e-05	2.59934106115161	1
34.375	37.25	0.999999682790263	0.799932259866595	-2.74705351422033e-05	2.39935791419323	1
34.625	37.25	0.999999274998583	0.799932026775498	-2.67265929354872e-05	2.19937490560054	1
34.875	37.25	0.999998934625289	0.79993185032657	-2.59778632072773e-05	1.99939203506955	1
35.125	37.25	0.999999038853848	0.799931717486716	-2.52271081836589e-05	1.79940924616253	1
35.375	37.25	1.00000009790074	0.799931576583015	-2.44812785089503e-05	1.59942639420274	1
35.625	37.25	1.0000025008713	0.799931327276418	-2.37514663835024e-05	1.39944324552918	1
35.875	37.25	1.00000601552871	0.799930838416898	-2.3049296201692e-05	1.19945955171665	1
36.125	37.25	1.00000913113819	0.79993001711311	-2.23779462875705e-05	0.999475238383004	1
36.375	37.25	1.00000859193121	0.799928940814742	-2.17180867400486e-05	0.799490704777561	1
36.625	37.25	0.999999787265279	0.799928026505439	-2.10137419269667e-05	0.599507130005844	1
36.875	37.25	0.999978853034423	0.799928137830254	-2.01700409594578e-05	0.399526531621785	1
37.125	37.25	0.999947054021231	0.79993901658683	-1.90811572137259e-05	0.19955118485191	1
37.375	37.25	0.999916843544472	0.399943327060728	-1.7896333209273e-05	-0.000422246748100268	1
0.125	37.75	0.000459006761508049	0.799685174031533	0.00152319093074382	22.8276620122846	1
0.375	37.75	0.000459390177233495	0.79961105781562	0.001573742388255	22.827634522647	1
0.625	37.75	0.00046011861560713	0.799378989048865	0.00147054490774031	22.8276706246973	1
0.875	37.75	0.000460937475248758	0.799201716555746	0.00132537002604891	22.827757770561	1
1.125	37.75	0.000461207291349607	0.799093679302442	0.00111385550022628	22.8278802680362	1
1.375	37.75	0.000459783097673879	0.799067032614403	0.000836299150707413	22.8280186128639	1
1.625	37.75	0.00045501033676981	0.799120168762209	0.000533033578132528	22.8281517157938	1
1.875	37.75	0.000444918654748002	0.799233697075847	0.000266186790352177	22.8282618860605	1
2.125	37.75	0.000427682331931117	0.799384347366284	8.04255554033741e-05	22.8283387912834	1
2.375	37.75	0.000402373037696697	0.79956809672656	-2.2357039809681e-05	22.8283769410256	1
2.625	37.75	0.000369963369112637	0.799797176656441	-6.90655974042401e-05	22.8283674851487	1
2.875	37.75	0.000334471050703697	0.800063331613327	-9.11153442207807e-05	22.828296933688	1
3.125	37.75	0.000304094095871945	0.800329325055131	-0.000119277403300442	22.8281573438654	1
3.375	37.75	0.000292188522961392	0.800570122554987	-0.000211973181102328	22.827948992303	1
3.625	37.75	0.000317957885609329	0.800798445991962	-0.000419489133307445	22.827669244251	1
3.875	37.75	0.000406718481802537	0.801045985807883	-0.000693953156980666	22.8273019367197	1
4.125	37.75	0.000589567328941872	0.801331741012707	-0.00092974316410391	22.8268158041561	1
4.375	37.75	0.000902246697150485	0.801646263479584	-0.00107060472673941	22.8261703624224	1
4.625	37.75	0.00138303053601025	0.801956061947131	-0.00111986864728507	22.8253228816535	1
4.875	37.75	0.00206965417599087	0.802214633098682	-0.00108712851112728	22.824232533683	1
5.125	37.75	0.00299578826805	0.802368832425721	-0.000963843338873481	22.8228620306644	1
5.375	37.75	0.00418833568529058	0.802360462408014	-0.000731926260714493	22.8211779318639	1
5.625	37.75	0.00566775420676787	0.802127672229453	-0.00037598347695107	22.8191489404657	1
5.875	37.75	0.00745458508583126	0.801608865099389	0.000110472672454335	22.8167395628252	1
6.125	37.75	0.00958663017777039	0.800749565523899	0.000721653575356504	22.8138952044971	1
6.375	37.75	0.0121532511314503	0.799512062671071	0.00143609028930188	22.810513605451	1
6.625	37.75	0.0153566063390626	0.797887317951657	0.00221312890095638	22.8063962349861	1
6.875	37.75	0.0196147832392398	0.795907535051677	0.00299073450424853	22.8011722697643	1
7.125	37.75	0.0257285106931452	0.793655572775175	0.00368646400369931	22.7941881353074	1
7.375	37.75	0.0351379765567258	0.79126397460837	0.00420331888872813	22.7843594988504	1
7.625	37.75	0.0502856748839986	0.78889252794719	0.00444138477826641	22.7699941303048	1
7.875	37.75	0.0750380677585113	0.786672564764206	0.00431481096202732	22.7486194081077	1
8.125	37.75	0.11493008849209	0.78461999277821	0.00377253044531516	22.7168931605605	1
8.375	37.75	0.176616405530595	0.782570152183563	0.00282079841299296	22.6707350570336	1
8.625	37.75	0.265538862594354	0.780278135185	0.0015439433551698	22.605844525135	1
8.875	37.75	0.381431066472887	0.777809275010327	0.00011131737562995	22.5186675441898	1
9.125	37.75	0.514210951634182	0.775919966784603	-0.00125217084677332	22.4075501855405	1
9.375	37.75	0.645786342236091	0.775686275897707	-0.00233904680145197	22.2734434413494	1
9.625	37.75	0.758911568082907	0.777498790762448	-0.00303415935132075	22.1196080426589	1
9.875	37.75	0.845056033333718	0.780744611267249	-0.00333552262929773	21.9504754158798	1
10.125	37.75	0.904792723250217	0.784464463070065	-0.00331871512291198	21.7704170965689	1
10.375	37.75	0.943488577302027	0.787970100737705	-0.00308631110843478	21.5830117012357	1
10.625	37.75	0.967352545860174	0.790958333254573	-0.00273318641800454	21.3908615727714	1
10.875	37.75	0.981538887751477	0.793374281338883	-0.00233199352786267	21.195721635075	1
11.125	37.75	0.989729332254051	0.795272679203471	-0.00193148372973016	20.998720557182	1
11.375	37.75	0.99434291799058	0.796740138525571	-0.0015604923504697	20.8005634570419	1
11.625	37.75	0.996887383165796	0.797862233266694	-0.00123335389919791	20.6016836880493	1
11.875	37.75	0.998267407346139	0.798712711278975	-0.000954825964791693	20.4023458822314	1
12.125	37.75	0.999008906067504	0.799351672178647	-0.000723896708639031	20.2027121225719	1
12.375	37.75	0.999408625884821	0.799826834176661	-0.000536455064225515	20.0028829613593	1
12.625	37.75	0.999629002574862	0.800175592972907	-0.000387027953223629	19.8029222168524	1
12.875	37.75	0.999756188053771	0.800427058058183	-0.000269832709939106	19.6028716805045	1
13.125	37.75	0.999834450810633	0.800603815126048	-0.000179362994506083	19.402759718802	1
13.375	37.75	0.999885924509574	0.800723367653349	-0.000110675500206362	19.2026062674654	1
13.625	37.75	0.999921540874986	0.800799281612333	-5.94955375042324e-05	19.0024257400732	1
13.875	37.75	0.999946825898577	0.800842078726675	-2.2220001500592e-05	18.8022287540424	1
14.125	37.75	0.999964813446395	0.800859926342258	4.13264493602448e-06	18.6020231949431	1
14.375	37.75	0.999977414710684	0.80085916743085	2.19954677970961e-05	18.4018149110542	1
14.625	37.75	0.999986008806218	0.800844727250492	3.33321665413366e-05	18.2016081969505	1
14.875	37.75	0.99999167164121	0.800820425932929	3.97131058311638e-05	18.0014061503251	1
15.125	37.75	0.999995256380139	0.800789219701173	4.23839662393618e-05	17.8012109461877	1
15.375	37.75	0.999997425065032	0.800753387969087	4.23254452007891e-05	17.6010240520845	1
15.625	37.75	0.99999867143117	0.800714679240183	4.03039103417362e-05	17.4008463980096	1
15.875	37.75	0.999999346569775	0.800674425433925	3.69136508606347e-05	17.2006785100366	1
16.125	37.75	0.999999687529673	0.800633631821793	3.26116839875273e-05	17.0005206144986	1
16.375	37.75	0.999999845677152	0.800593047958749	2.77461545628262e-05	16.8003727183732	1
16.625	37.75	0.999999911879838	0.800553223710335	2.25793342937756e-05	16.6002346706937	1
16.875	37.75	0.999999936892018	0.800514553515291	1.73061279115008e-05	16.400106209069	1
17.125	37.75	0.999999946583175	0.800477311335626	1.20688851802441e-05	16.1999869946939	1
17.375	37.75	0.999999952506428	0.800441678220463	6.96920008678124e-06	15.9998766385727	1
17.625	37.75	0.999999958718059	0.800407764002464	2.07726739308996e-06	15.7997747210903	1
17.875	37.75	0.999999965844763	0.80037562434722	-2.56072483420557e-06	15.5996808065734	1
18.125	37.75	0.999999973293504	0.800345274119479	-6.91677924811832e-06	15.3995944540766	1
18.375	37.75	0.999999980304485	0.800316697833924	-1.09765308623899e-05	15.1995152253215	1
18.625	37.75	0.999999986349266	0.800289857810082	-1.47356884428739e-05	14.999442690475	1
18.875	37.75	0.999999991200922	0.800264700511163	-1.8197269473243e-05	14.7993764322817	1
19.125	37.75	0.999999994869322	0.800241161453218	-2.13694625483633e-05	14.5993160489368	1
19.375	37.75	0.99999999750411	0.800219168994447	-2.42639841477984e-05	14.399261155992	1
19.625	37.75	0.999999999312077	0.800198647238118	-2.6894825394791e-05	14.1992113875204	1
19.875	37.75	1.00000000050128	0.800179518242889	-2.92773046430623e-05	13.9991663967137	1
20.125	37.75	1.00000000125128	0.800161703690427	-3.14273591464511e-05	13.7991258560497	1
20.375	37.75	1.00000000170279	0.800145126125443	-3.33610239938606e-05	13.5990894571368	1
20.625	37.75	1.00000000195824	0.800129709862774	-3.50940561039698e-05	13.3990569103203	1
20.875	37.75	1.0000000020879	0.800115381636245	-3.66416708435151e-05	13.1990279441166	1
21.125	37.75	1.00000000213795	0.800102071043968	-3.80183652964721e-05	12.9990023045278	1
21.375	37.75	1.00000000213751	0.800089710838476	-3.92378070963094e-05	12.7989797542775	1
21.625	37.75	1.00000000210452	0.800078237097915	-4.03127736057512e-05	12.5989600719987	1
21.875	37.75	1.00000000205	0.800067589304124	-4.12551279596175e-05	12.3989430513971	1
22.125	37.75	1.00000000198095	0.800057710352476	-4.20758228039089e-05	12.1989285004099	1
22.375	37.75	1.0000000019021	0.800048546510412	-4.27849233992256e-05	11.9989162403719	1
22.625	37.75	1.00000000181689	0.80004004733706	-4.33916443659045e-05	11.7989061052001	1
22.875	37.75	1.00000000172785	0.800032165576832	-4.39043953925752e-05	11.598897940603	1
23.125	37.75	1.00000000163697	0.800024857034763	-4.43308324290904e-05	11.3988916033202	1
23.375	37.75	1.00000000154583	0.800018080438655	-4.46779115701698e-05	11.1988869603957	1
23.625	37.75	1.00000000145566	0.800011797294595	-4.49519438390515e-05	10.9988838884862	1
23.875	37.75	1.00000000136739	0.800005971739641	-4.51586490765071e-05	10.7988822732059	1
24.125	37.75	1.00000000128168	0.800000570393639	-4.53032082491756e-05	10.5988820085073	1
24.375	37.75	1.00000000119915	0.79999556221342	-4.53903134580013e-05	10.3988829960994	1
24.625	37.75	1.00000000112021	0.799990918349742	-4.54242143763571e-05	10.1988851448995	1
24.875	37.75	1.00000000104507	0.799986612009715	-4.54087622546308e-05	9.99888837052095	1
25.125	37.75	1.0000000009739	0.799982618323758	-4.53474504631751e-05	9.79889259479232	1
25.375	37.75	1.00000000090671	0.799978914218943	-4.52434513011642e-05	9.59889774530959	1
25.625	37.75	1.00000000084353	0.799975478299383	-4.50996501444427e-05	9.39890375501713	1
25.875	37.75	1.00000000078416	0.799972290730301	-4.49186756924985e-05	9.19891056181753	1
26.125	37.75	1.00000000072833	0.799969333130997	-4.47029281079457e-05	8.99891810820888	1
26.375	37.75	1.00000000067585	0.799966588473901	-4.4454603718448e-05	8.79892634094635	1
26.625	37.75	1.00000000062661	0.799964040988505	-4.4175717060486e-05	8.59893521072829	1
26.875	37.75	1.00000000058064	0.799961676072391	-4.38681214174016e-05	8.39894467190423	1
27.125	37.75	1.00000000053815	0.79995948020698	-4.35335260229365e-05	8.19895468220395	1
27.375	37.75	1.0000000004995	0.799957440880113	-4.31735116818868e-05	7.99896520248607	1
27.625	37.75	1.00000000046505	0.799955546512976	-4.27895448708082e-05	7.79897619650463	1
27.875	37.75	1.00000000043473	0.799953786391823	-4.23829899762799e-05	7.59898763069291	1
28.125	37.75	1.00000000040725	0.799952150604564	-4.19551198519309e-05	7.39899947396312	1
28.375	37.75	1.00000000037926	0.799950629982409	-4.15071253446043e-05	7.19901169752104	1
28.625	37.75	1.0000000003453	0.799949216045565	-4.10401238497227e-05	6.99902427469417	1
28.875	37.75	1.00000000029905	0.799947900952085	-4.0555166235709e-05	6.79903718077256	1
29.125	37.75	1.00000000023693	0.799946677450762	-4.00532432160882e-05	6.59905039286107	1
29.375	37.75	1.0000000001648	0.7999455388379	-3.95352912250996e-05	6.39906388974148	1
29.625	37.75	1.00000000010672	0.799944478915225	-3.90021971439294e-05	6.19907765174313	1
29.875	37.75	1.00000000011045	0.799943491950021	-3.84548025961973e-05	5.99909166062213	1
30.125	37.75	1.00000000024213	0.799942572639279	-3.78939082083965e-05	5.79910589944928	1
30.375	37.75	1.00000000055807	0.79994171607581	-3.73202765278108e-05	5.59912035250924	1
30.625	37.75	1.00000000104557	0.7999409177189	-3.67346344875677e-05	5.399135005216	1
30.875	37.75	1.00000000153774	0.799940173373439	-3.61376749090638e-05	5.19914984404907	1
31.125	37.75	1.00000000163726	0.799939479180033	-3.55300568940979e-05	4.99916485651089	1
31.375	37.75	1.00000000072256	0.799938831612015	-3.49124060982712e-05	4.79918003109497	1
31.625	37.75	0.999999998143311	0.799938227470318	-3.42853155723238e-05	4.59919535723833	1
31.875	37.75	0.999999993704369	0.799937663862818	-3.36493496882636e-05	4.39921082521094	1
32.125	37.75	0.999999988434532	0.799937138136543	-3.30050537334714e-05	4.19922642588638	1
32.375	37.75	0.999999985395536	0.799936647737856	-3.23529701636748e-05	3.99924215036639	1
32.625	37.75	0.99999998992445	0.799936190008054	-3.16936587022528e-05	3.79925798951546	1
32.875	37.75	1.00000000834534	0.79993576197486	-3.10277100137098e-05	3.59927393361576	1
33.125	37.75	1.00000004414621	0.799935360293946	-3.03557339532953e-05	3.39928997254534	1
33.375	37.75	1.00000009136287	0.799934981587318	-2.96782982302235e-05	3.19930609699835	1
33.625	37.75	1.0000001268892	0.79993462342109	-2.89958018853999e-05	2.99932230111088	1
33.875	37.75	1.00000010666673	0.799934285966182	-2.83082996818244e-05	2.79933858618775	1
34.125	37.75	0.99999997419404	0.799933973871124	-2.76153575601699e-05	2.59935496389685	1
34.375	37.75	0.99999969092611	0.79993369704278	-2.69161031035996e-05	2.39937145552765	1
34.625	37.75	0.999999292709277	0.799933468163154	-2.62096925674089e-05	2.19938808258635	1
34.875	37.75	0.999998959996243	0.799933294550989	-2.5496371363917e-05	1.9994048448514	1
35.125	37.75	0.99999906104423	0.799933163494337	-2.47790452527025e-05	1.79942168731436	1
35.375	37.75	1.0000000942101	0.799933024545953	-2.40647354933022e-05	1.59943846880186	1
35.625	37.75	1.00000243983361	0.799932779709461	-2.33645342860562e-05	1.39945496119898	1
35.875	37.75	1.0000058716271	0.799932300848359	-2.26900513476614e-05	1.19947092186864	1
36.125	37.75	1.00000891450159	0.799931497121138	-2.20445810879826e-05	0.999486277997656	1
36.375	37.75	1.00000838821348	0.799930444004881	-2.14092773458353e-05	0.799501419211713	1
36.625	37.75	0.999999787636769	0.799929548654309	-2.07292754075273e-05	0.599517496806705	1
36.875	37.75	0.999979335124068	0.799929654568383	-1.99115263421441e-05	0.399536481266641	1
37.125	37.75	0.999948262836193	0.799940289579881	-1.88523198820517e-05	0.199560595409853	1
37.375	37.75	0.999918737040343	0.399944455597397	-1.76972607229513e-05	-0.000413423812303274	1
0.125	38.25	0.000456695880490312	0.79968543018136	0.0020227344766501	22.8276327035389	1
0.375	38.25	0.000457079571220934	0.799652783962229	0.00200811733382795	22.8276054839476	1
0.625	38.25	0.000457810398692814	0.799491435588303	0.00182717758867213	22.8276206342771	1
0.875	38.25	0.000458636919174828	0.799368902263123	0.00153754031003957	22.8276722611955	1
1.125	38.25	0.000458924712699457	0.799316804344905	0.00110628029012971	22.8277461763514	1
1.375	38.25	0.000457536597183882	0.799357241147478	0.000526764387236951	22.8278207711599	1
1.625	38.25	0.000452829716889489	0.799488610526668	-0.000161930352838116	22.8278711602467	1
1.875	38.25	0.0004428508770467	0.799667932629876	-0.000885148083226764	22.8278773522175	1
2.125	38.25	0.000425798240814878	0.799805728712135	-0.00155562661813115	22.8278373369142	1
2.375	38.25	0.00040077346602974	0.799812513190402	-0.00206560615561672	22.8277775486711	1
2.625	38.25	0.000368781163812376	0.7996974898484	-0.00226145522705273	22.8277417249026	1
2.875	38.25	0.000333867609687114	0.799605414980663	-0.00206630518712476	22.8277504380444	1
3.125	38.25	0.000304258550964607	0.799692925201757	-0.00166722066435324	22.8277701167811	1
3.375	38.25	0.000293359866532698	0.79998162245484	-0.00135317441249031	22.8277347186977	1
3.625	38.25	0.000320490740237239	0.800368708693269	-0.0012575113642855	22.8275905044347	1
3.875	38.25	0.000411196504396341	0.800743558668161	-0.0013394139219365	22.8273133305879	1
4.125	38.25	0.000596940972870025	0.801062596581915	-0.00148531655655702	22.8268937715526	1
4.375	38.25	0.000913937819181108	0.801335680818097	-0.00158921357793535	22.8263157040368	1
4.625	38.25	0.00140092211801826	0.801576791103281	-0.00157564636108511	22.8255483732217	1
4.875	38.25	0.00209590970381069	0.801776446482099	-0.00139400694771193	22.8245507202359	1
5.125	38.25	0.00303251272211096	0.801902696269856	-0.00100662665052753	22.8232781784174	1
5.375	38.25	0.00423708976653867	0.801911803199606	-0.000383306555346852	22.8216863016843	1
5.625	38.25	0.00572878996184881	0.801756776301382	0.000496135913605773	22.8197299154371	1
5.875	38.25	0.00752545154537529	0.801392958387471	0.00163542955579405	22.8173568423763	1
6.125	38.25	0.00965957799843357	0.80078333131971	0.00301383162711986	22.8144936067115	1
6.375	38.25	0.0122106044508939	0.799905255008888	0.0045773704855845	22.8110186709945	1
6.625	38.25	0.0153628659192551	0.79875877835445	0.00623087831779682	22.8067171859228	1
6.875	38.25	0.0195036097645072	0.797375244800027	0.00783354201517828	22.8012101075218	1
7.125	38.25	0.0253819888574231	0.795823087328729	0.00920149688048265	22.7938506168697	1
7.375	38.25	0.0343552561356866	0.794204910055745	0.0101209387984303	22.7835840340109	1
7.625	38.25	0.0487402665670381	0.792636466250935	0.0103739176545144	22.76877770276	1
7.875	38.25	0.0722330538776677	0.791196876667671	0.00977656476306443	22.7470506660832	1
8.125	38.25	0.110187827085253	0.789850434662117	0.00822726258313281	22.7151753301657	1
8.375	38.25	0.16918831066381	0.788385342132844	0.00576080574375728	22.6691806865018	1
8.625	38.25	0.254948832297072	0.786501357189231	0.00259850717864121	22.6048210467131	1
8.875	38.25	0.368024124345548	0.784181120850165	-0.000837587345756401	22.5184899858818	1
9.125	38.25	0.499466211559064	0.782104765212309	-0.00400225144171597	22.4083606837191	1
9.375	38.25	0.631796771782726	0.781379108253827	-0.00641074445577052	22.2751536472348	1
9.625	38.25	0.747301895494154	0.782547186154659	-0.00782153940085484	22.1219497954462	1
9.875	38.25	0.836392030176635	0.78514132258024	-0.0082773807930141	21.9531190497761	1
10.125	38.25	0.898801570648979	0.788259677627085	-0.00800276805370837	21.7730754440921	1
10.375	38.25	0.939553161948957	0.791216863814123	-0.00726963602650454	21.5854872513938	1
10.625	38.25	0.964852500050477	0.793704184258379	-0.00631199384317401	21.3930462858144	1
10.875	38.25	0.979984296412959	0.795666850903526	-0.00529670591704194	21.1975754755277	1
11.125	38.25	0.988775589727331	0.797162555949834	-0.0043268287432629	21.0002471476158	1
11.375	38.25	0.993762574551974	0.798279719150463	-0.00345673008233106	20.8017905308576	1
11.625	38.25	0.99653584096266	0.799103069050214	-0.00270809192805328	20.602649735868	1
11.875	38.25	0.998054849940003	0.799703097539987	-0.00208278039302829	20.4030919650205	1
12.125	38.25	0.998880366937184	0.800135090346326	-0.00157191593179228	20.2032773373831	1
12.375	38.25	0.999330783708584	0.800441242978435	-0.00116172919592957	20.0033022572657	1
12.625	38.25	0.999581769477133	0.800653354078865	-0.000837065964761358	19.8032256187855	1
12.875	38.25	0.999727481639128	0.800795261828651	-0.000583313578551411	19.6030842971117	1
13.125	38.25	0.999816999207394	0.800884819015134	-0.000387333357212412	19.402902145109	1
13.375	38.25	0.999875337130051	0.800935417592253	-0.000237803519221233	19.2026951516617	1
13.625	38.25	0.999915153092256	0.800957135515079	-0.00012523596987342	19.0024743851954	1
13.875	38.25	0.999943010494952	0.800957586839075	-4.18299467177398e-05	18.802247687589	1
14.125	38.25	0.999962570689065	0.80094254687593	1.8741610587279e-05	18.6020206761521	1
14.375	38.25	0.999976127591297	0.800916410640996	6.15598426410984e-05	18.4017973662169	1
14.625	38.25	0.999985295886234	0.800882529589545	9.06748663688137e-05	18.2015805840373	1
14.875	38.25	0.999991297668692	0.800843460291623	0.000109295952768432	18.0013722593763	1
15.125	38.25	0.99999507732862	0.800801149608987	0.000119953553570591	17.8011736438826	1
15.375	38.25	0.999997353921582	0.800757074002187	0.000124634060881035	17.6009854791355	1
15.625	38.25	0.999998656684603	0.800712345457866	0.00012489012089805	17.4008081274252	1
15.875	38.25	0.999999358604253	0.800667792860997	0.000121929980140274	17.200641673335	1
16.125	38.25	0.99999971001595	0.800624025043453	0.000116689321390288	17.0004860019135	1
16.375	38.25	0.999999870158414	0.8005814799569	0.000109888726262762	16.8003408580971	1
16.625	38.25	0.999999934410635	0.800540463197845	0.000102079474725256	16.6002058913108	1
16.875	38.25	0.99999995599316	0.800501178257245	9.36799464534929e-05	16.4000806885644	1
17.125	38.25	0.999999962032132	0.800463750294712	8.50044920169661e-05	16.1999647987811	1
17.375	38.25	0.999999964649215	0.80042824481014	7.62862893381185e-05	15.9998577505433	1
17.625	38.25	0.999999968098289	0.800394682283397	6.76954066294776e-05	15.7997590649567	1
17.875	38.25	0.99999997301947	0.800363049632017	5.93530571350537e-05	15.5996682649165	1
18.125	38.25	0.999999978753882	0.800333309149531	5.13428262125186e-05	15.3995848817247	1
18.375	38.25	0.999999984451766	0.800305405457588	4.37194992113686e-05	15.1995084597542	1
18.625	38.25	0.999999989497304	0.800279270895324	3.65159890559114e-05	14.999438559663	1
18.875	38.25	0.999999993589231	0.800254829674294	2.97487576606347e-05	14.7993747605237	1
19.125	38.25	0.9999999966784	0.800232001066413	2.34220482313736e-05	14.5993166611386	1
19.375	38.25	0.999999998869651	0.800210701835286	1.75311782329298e-05	14.399263880738	1
19.625	38.25	1.00000000033645	0.800190848069309	1.20650895808786e-05	14.1992160592135	1
19.875	38.25	1.0000000012622	0.800172356552211	7.00831479618107e-06	13.9991728570031	1
20.125	38.25	1.00000000180839	0.800155145770178	2.34248369212949e-06	13.7991339547154	1
20.375	38.25	1.00000000210227	0.800139136634486	-1.95253203973598e-06	13.5990990525655	1
20.625	38.25	1.00000000223607	0.80012425298501	-5.89775709160767e-06	13.3990678696782	1
20.875	38.25	1.00000000227228	0.800110421924092	-9.51447195196345e-06	13.1990401432994	1
21.125	38.25	1.00000000225106	0.800097574018095	-1.28237454188951e-05	12.9990156279521	1
21.375	38.25	1.00000000219681	0.800085643399637	-1.58461001185586e-05	12.7989940945621	1
21.625	38.25	1.00000000212372	0.800074567794649	-1.86012819370979e-05	12.5989753295727	1
21.875	38.25	1.00000000203985	0.800064288491037	-2.11081083855867e-05	12.3989591340647	1
22.125	38.25	1.00000000194986	0.800054750266299	-2.33843772620352e-05	12.198945322892	1
22.375	38.25	1.00000000185657	0.800045901285595	-2.54468207641742e-05	11.9989337238413	1
22.625	38.25	1.00000000176194	0.800037692977373	-2.73110931792102e-05	11.7989241768211	1
22.875	38.25	1.00000000166731	0.800030079895432	-2.89917831305001e-05	11.5989165330843	1
23.125	38.25	1.00000000157374	0.800023019573171	-3.05024437388758e-05	11.3989106544871	1
23.375	38.25	1.00000000148208	0.800016472372397	-3.18556344811413e-05	11.1989064127844	1
23.625	38.25	1.00000000139294	0.800010401330768	-3.3062971003907e-05	10.9989036889625	1
23.875	38.25	1.00000000130676	0.800004772011333	-3.41351797421236e-05	10.7989023726102	1
24.125	38.25	1.00000000122385	0.799999552353916	-3.50821546504419e-05	10.5989023613254	1
24.375	38.25	1.00000000114455	0.799994712531955	-3.59130146146897e-05	10.3989035601587	1
24.625	38.25	1.00000000106914	0.799990224813182	-3.66361595213592e-05	10.1989058810897	1
24.875	38.25	1.00000000099771	0.799986063426353	-3.72593251683752e-05	9.99890924253843	1
25.125	38.25	1.00000000093034	0.799982204434482	-3.77896358252803e-05	9.79891356890704	1
25.375	38.25	1.00000000086689	0.799978625613797	-3.82336532171532e-05	9.59891879015199	1
25.625	38.25	1.00000000080725	0.799975306340264	-3.85974236367244e-05	9.39892484138489	1
25.875	38.25	1.00000000075122	0.799972227479994	-3.88865209702321e-05	9.19893166249974	1
26.125	38.25	1.00000000069847	0.799969371287738	-3.91060868511174e-05	8.9989391978266	1
26.375	38.25	1.00000000064882	0.799966721312128	-3.92608679895226e-05	8.79894739580807	1
26.625	38.25	1.00000000060221	0.799964262304543	-3.9355249999154e-05	8.5989562086988	1
26.875	38.25	1.00000000055867	0.79996198013515	-3.93932889912439e-05	8.39896559228591	1
27.125	38.25	1.00000000051837	0.799959861714118	-3.93787400210027e-05	8.1989755056292	1
27.375	38.25	1.00000000048169	0.799957894917956	-3.93150829902572e-05	7.99898591081952	1
27.625	38.25	1.00000000044904	0.799956068520162	-3.92055464316091e-05	7.79899677275462	1
27.875	38.25	1.00000000042032	0.79995437212705	-3.90531291598731e-05	7.59900805893103	1
28.125	38.25	1.00000000039431	0.799952796117816	-3.88606197449537e-05	7.39901973925103	1
28.375	38.25	1.00000000036775	0.799951331588616	-3.86306140510399e-05	7.19903178584377	1
28.625	38.25	1.00000000033528	0.799949970301117	-3.83655315089991e-05	6.99904417289939	1
28.875	38.25	1.00000000029064	0.79994870463429	-3.80676296762676e-05	6.7990568765151	1
29.125	38.25	1.00000000023029	0.799947527538973	-3.77390171958668e-05	6.59906987455199	1
29.375	38.25	1.00000000016	0.799946432496525	-3.73816658647344e-05	6.39908314650156	1
29.625	38.25	1.00000000010331	0.799945413478957	-3.69974216134933e-05	6.19909667336011	1
29.875	38.25	1.00000000010696	0.799944464910313	-3.65880143423481e-05	5.9991104375114	1
30.125	38.25	1.00000000023569	0.799943581632352	-3.61550670997779e-05	5.79912442261778	1
30.375	38.25	1.00000000054474	0.799942758872061	-3.57001038926951e-05	5.59913861352199	1
30.625	38.25	1.00000000102189	0.799941992213192	-3.52245568505311e-05	5.39915299616492	1
30.875	38.25	1.00000000150431	0.79994127757639	-3.47297718035766e-05	5.19916755752351	1
31.125	38.25	1.00000000160394	0.799940611209408	-3.42170124151592e-05	4.99918228556929	1
31.375	38.25	1.00000000071303	0.799939989684423	-3.36874643460486e-05	4.79919716923753	1
31.625	38.25	0.999999998194982	0.799939409893829	-3.31422393686444e-05	4.59921219838101	1
31.875	38.25	0.999999993856823	0.799938869029733	-3.25823821173182e-05	4.39922736366197	1
32.125	38.25	0.999999988700335	0.799938364517819	-3.20088828317793e-05	4.19924265632847	1
32.375	38.25	0.999999985713424	0.799937893881211	-3.14226961132923e-05	3.99925806784747	1
32.625	38.25	0.999999990109228	0.799937454540619	-3.08247630823368e-05	3.79927358944988	1
32.875	38.25	1.00000000807099	0.799937043610412	-3.02160275074413e-05	3.59928921179259	1
33.125	38.25	1.0000000430214	0.799936657841382	-2.95974263130207e-05	3.39930492513117	1
33.375	38.25	1.00000008916164	0.799936293950211	-2.89698309524767e-05	3.19932072050976	1
33.625	38.25	1.00000012395597	0.79993594957393	-2.83339243099766e-05	2.99933659232478	1
33.875	38.25	1.00000010439663	0.799935624892071	-2.76900287648281e-05	2.79935254196535	1
34.125	38.25	0.999999975291085	0.799935324456028	-2.70379650431057e-05	2.59936858093755	1
34.375	38.25	0.999999698924133	0.799935057954183	-2.63771030722837e-05	2.39938473015007	1
34.625	38.25	0.999999310158501	0.799934837791651	-2.57068240084851e-05	2.1994010107434	1
34.875	38.25	0.999998985028161	0.799934671147479	-2.5027567427236e-05	1.99941742267283	1
35.125	38.25	0.99999908300277	0.799934545652175	-2.43423813670775e-05	1.79943391242812	1
35.375	38.25	1.00000009076236	0.799934412089877	-2.36583581872416e-05	1.59945034237317	1
35.625	38.25	1.0000023800115	0.799934174793752	-2.29865914962456e-05	1.39946648993891	1
35.875	38.25	1.00000573029377	0.799933708612842	-2.23386782050187e-05	1.1994821182695	1
36.125	38.25	1.00000870153025	0.799932924736951	-2.17180262552982e-05	0.999497156176963	1
36.375	38.25	1.00000818763306	0.799931896709377	-2.1106259274225e-05	0.799511983895966	1
36.625	38.25	0.999999787003765	0.799931022020758	-2.04495909112965e-05	0.599527725446325	1
36.875	38.25	0.9999798066858	0.799931124358948	-1.9656737908382e-05	0.39954630511502	1
37.125	38.25	0.999949446588083	0.799941522661152	-1.86260392043697e-05	0.199569894323173	1
37.375	38.25	0.999920591343585	0.399945544215597	-1.7499605761194e-05	-0.000404698297713838	1
0.125	38.75	0.000449158409554743	0.799716262563829	0.00271583587392205	22.8276401799859	1
0.375	38.75	0.000449547322916053	0.799712234358794	0.00238644542917808	22.8275994972115	1
0.625	38.75	0.00045029356076269	0.799553002543188	0.00224156291138574	22.8276008676619	1
0.875	38.75	0.000451154482338724	0.799425511425047	0.00197890246039427	22.8276383740334	1
1.125	38.75	0.000451506538838886	0.799346552598661	0.00159481623999482	22.8277018418998	1
1.375	38.75	0.000450221978462369	0.799329147805901	0.00117970453113416	22.8277771633181	1
1.625	38.75	0.000445660140268783	0.799376591358975	0.0009313116371837	22.8278480510211	1
1.875	38.75	0.000435854821904404	0.799475646516995	0.00112581450431811	22.827899500005	1
2.125	38.75	0.000418967054463145	0.799595026565755	0.00191103099375288	22.8279227851451	1
2.375	38.75	0.000394029801439556	0.799700758699689	0.00293247324515313	22.8279189675918	1
2.625	38.75	0.000361943956632918	0.799785008407667	0.00327402376946476	22.8278960473853	1
2.875	38.75	0.000326616892047211	0.799870713966115	0.00230669247361944	22.8278592737098	1
3.125	38.75	0.000296096725474723	0.799980211071351	0.000541263408894997	22.8278029845146	1
3.375	38.75	0.000283556788560963	0.800117750956303	-0.00100655748688407	22.8277122411435	1
3.625	38.75	0.000307996081441854	0.800274323431387	-0.00184829838877568	22.8275690319958	1
3.875	38.75	0.000394507313325702	0.800439119958787	-0.00211708668409434	22.8273540782342	1
4.125	38.75	0.000573923444832578	0.80060921722761	-0.00213322883068261	22.8270432490985	1
4.375	38.75	0.000881614903212891	0.800786708124186	-0.00207277333928132	22.8266036326486	1
4.625	38.75	0.00135523213283427	0.800969277065537	-0.00193226797911785	22.8259930466675	1
4.875	38.75	0.00203138735060021	0.801146441037267	-0.00162899646848538	22.8251620687824	1
5.125	38.75	0.00294175079853309	0.80130251127511	-0.00108026147831953	22.8240560424218	1
5.375	38.75	0.00410974758381202	0.801421224000079	-0.000230314378475013	22.8226154902274	1
5.625	38.75	0.00554981202230192	0.801489138789163	0.000948699182776188	22.8207740605029	1
5.875	38.75	0.00727197394843787	0.801498020119664	0.00245728621688979	22.8184525543776	1
6.125	38.75	0.00929567002162492	0.801447176127824	0.00426323704748085	22.8155463307807	1
6.375	38.75	0.0116784879041849	0.801346099238941	0.00629239457016645	22.8119020243821	1
6.625	38.75	0.0145685361304592	0.801217036188306	0.00841953829659353	22.8072781474617	1
6.875	38.75	0.018293820557678	0.801096460062484	0.0104633327224693	22.801282917988	1
7.125	38.75	0.0235085328277983	0.801033376808281	0.0121894590733384	22.7932822396868	1
7.375	38.75	0.0314223720171146	0.801080498485738	0.0133260178081247	22.7822728904088	1
7.625	38.75	0.044135245015726	0.801271554253705	0.0135942635347181	22.7667241360493	1
7.875	38.75	0.0650573729394769	0.801576390212487	0.0127555970358059	22.7444108873167	1
8.125	38.75	0.0992518140289352	0.801833129192838	0.0106733747875334	22.7122995968547	1
8.375	38.75	0.153213454026242	0.8016931880821	0.00738556561311771	22.6666035537093	1
8.625	38.75	0.233170042990675	0.800695675191628	0.0031751344600449	22.6031680326489	1
8.875	38.75	0.341154093657109	0.798623070277614	-0.00140381922151415	22.5182938325133	1
9.125	38.75	0.470278979291231	0.795993453506702	-0.00562013451130083	22.409853643948	1
9.375	38.75	0.604236937595474	0.79398476688485	-0.00880932807115971	22.2781669925208	1
9.625	38.75	0.724481117137433	0.793483175568446	-0.0106330369449328	22.1260033123798	1
9.875	38.75	0.819404310695914	0.794379665420717	-0.0111508077411232	21.9576324232827	1
10.125	38.75	0.887098466518427	0.795951377550634	-0.0106814329027074	21.7775539658528	1
10.375	38.75	0.931903820028982	0.797552769379524	-0.00960923805626482	21.5896026285251	1
10.625	38.75	0.960022588283791	0.798869604770567	-0.00825983078810513	21.3966306434874	1
10.875	38.75	0.977002858262472	0.79983562188959	-0.00685962931774113	21.2005783171911	1
11.125	38.75	0.986962793529063	0.80049584553824	-0.00554346895261162	21.0026896802339	1
11.375	38.75	0.992671747275672	0.800923300133652	-0.00437840127586436	20.8037307213946	1
11.625	38.75	0.995884226431065	0.801184859052674	-0.00338750879802025	20.6041596031307	1
11.875	38.75	0.997667565723318	0.801332265498056	-0.00256829641406428	20.404244449822	1
12.125	38.75	0.998650921580867	0.80140272223865	-0.00190517700826939	20.2041395821124	1
12.375	38.75	0.999195055078602	0.80142203038895	-0.00137723146663646	20.0039327860791	1
12.625	38.75	0.99950147453137	0.801407757278443	-0.000962659366402418	19.8036737129575	1
12.875	38.75	0.999679911902475	0.801371757553241	-0.000641092573655889	19.6033904987914	1
13.125	38.75	0.999788747005204	0.801322006499291	-0.000394613648395952	19.4030992609418	1
13.375	38.75	0.999858507651371	0.801263876091105	-0.000208037655802301	19.2028094065148	1
13.625	38.75	0.999905100465658	0.801201001146279	-6.88076560702511e-05	19.002526544963	1
13.875	38.75	0.999936996332742	0.801135857678158	3.32871710317798e-05	18.8022540679595	1
14.125	38.75	0.999958974820978	0.801070144754724	0.000106452693888229	18.6019940084692	1
14.375	38.75	0.999973986085867	0.801005034920711	0.000157228123702449	18.4017475198173	1
14.625	38.75	0.999984031401012	0.800941338191835	0.000190792239746479	18.2015151577287	1
14.875	38.75	0.999990562049195	0.800879610018191	0.000211226850255207	18.0012970597255	1
15.125	38.75	0.999994659422644	0.800820223311402	0.00022173652610894	17.8010930686673	1
15.375	38.75	0.999997125227776	0.800763417543744	0.000224828265439233	17.6009028229299	1
15.625	38.75	0.999998538999128	0.800709333164336	0.000222456511266083	17.4007258240983	1
15.875	38.75	0.999999304540255	0.800658036487951	0.000216139231424703	17.2005614878797	1
16.125	38.75	0.999999691134808	0.800609538223509	0.000207050336348377	17.0004091818174	1
16.375	38.75	0.999999869663064	0.800563807601049	0.000196093011706979	16.8002682525324	1
16.625	38.75	0.999999942615361	0.800520783319699	0.000183957787302302	16.6001380447932	1
16.875	38.75	0.999999967506723	0.800480382099409	0.000171168458054582	16.400017914395	1
17.125	38.75	0.999999974010851	0.800442505380267	0.000158118369336367	16.1999072364976	1
17.375	38.75	0.999999975722517	0.80040704454879	0.000145099068031443	15.9998054107399	1
17.625	38.75	0.999999977716953	0.800373884989562	0.000132322909781212	15.7997118641367	1
17.875	38.75	0.999999981068649	0.800342909198341	0.000119940885517907	15.5996260524851	1
18.125	38.75	0.999999985329513	0.800313999140208	0.000108056661205824	15.3995474607965	1
18.375	38.75	0.999999989736155	0.800287038014984	9.67376229670934e-05	15.199475603096	1
18.625	38.75	0.999999993693937	0.800261911552759	8.60235519705417e-05	14.9994100218194	1
18.875	38.75	0.999999996891151	0.800238508939261	7.5933422358624e-05	14.7993502869535	1
19.125	38.75	0.99999999925525	0.800216723458115	6.64707166365118e-05	14.599295995016	1
19.375	38.75	1.00000000086464	0.800196452912375	5.76275681813352e-05	14.3992467679352	1
19.625	38.75	1.00000000186759	0.800177599873653	4.93879764928944e-05	14.1992022518734	1
19.875	38.75	1.00000000242536	0.800160071806878	4.17302922333098e-05	13.9991621160227	1
20.125	38.75	1.00000000268097	0.800143781095851	3.46291263294923e-05	13.799126051394	1
20.375	38.75	1.00000000274639	0.800128644994996	2.80568053225998e-05	13.5990937696159	1
20.625	38.75	1.00000000270139	0.800114585529652	2.19844714237156e-05	13.3990650017574	1
20.875	38.75	1.00000000259841	0.800101529357199	1.63829042222111e-05	13.199039497181	1
21.125	38.75	1.00000000246953	0.800089407600767	1.1223124290815e-05	12.9990170224351	1
21.375	38.75	1.00000000233263	0.800078155666094	6.47682873774214e-06	12.798997360191	1
21.625	38.75	1.00000000219673	0.800067713047533	2.11669517730724e-06	12.5989803082251	1
21.875	38.75	1.00000000206577	0.800058023127744	-1.88341491936289e-06	12.3989656784514	1
22.125	38.75	1.00000000194108	0.800049032976507	-5.54832934667029e-06	12.1989532960021	1
22.375	38.75	1.00000000182284	0.800040693151319	-8.90149679341802e-06	11.9989429983584	1
22.625	38.75	1.00000000171082	0.800032957500826	-1.19649623044129e-05	11.7989346345293	1
22.875	38.75	1.00000000160461	0.800025782973766	-1.47593743798219e-05	11.5989280642783	1
23.125	38.75	1.00000000150387	0.800019129435012	-1.73040156875775e-05	11.3989231573954	1
23.375	38.75	1.00000000140836	0.800012959488495	-1.96168500109649e-05	11.1989197930136	1
23.625	38.75	1.00000000131784	0.800007238307353	-2.17145797808497e-05	10.9989178589673	1
23.875	38.75	1.0000000012321	0.800001933472746	-2.36127110152554e-05	10.7989172511911	1
24.125	38.75	1.00000000115098	0.799997014820189	-2.53256216134442e-05	10.5989178731571	1
24.375	38.75	1.00000000107438	0.799992454295017	-2.68666314512759e-05	10.3989196353476	1
24.625	38.75	1.00000000100232	0.799988225814476	-2.82480719562703e-05	10.1989224547632	1
24.875	38.75	1.00000000093464	0.799984305137153	-2.94813542301607e-05	9.99892625446218	1
25.125	38.75	1.00000000087123	0.799980669741798	-3.05770353570198e-05	9.79893096313149	1
25.375	38.75	1.00000000081185	0.799977298711622	-3.15448806355043e-05	9.5989365146855	1
25.625	38.75	1.00000000075625	0.799974172626585	-3.23939237729537e-05	9.39894284789257	1
25.875	38.75	1.00000000070415	0.799971273461285	-3.3132522940481e-05	9.19894990602611	1
26.125	38.75	1.00000000065519	0.799968584489427	-3.37684128154262e-05	8.99895763654043	1
26.375	38.75	1.00000000060908	0.799966090195502	-3.43087539328923e-05	8.79896599076806	1
26.625	38.75	1.00000000056575	0.799963776190174	-3.47601779242215e-05	8.59897492363834	1
26.875	38.75	1.00000000052524	0.799961629132106	-3.51288295006581e-05	8.39898439341549	1
27.125	38.75	1.00000000048773	0.799959636655171	-3.54204052239386e-05	8.19899436145507	1
27.375	38.75	1.0000000004536	0.799957787300214	-3.56401892695213e-05	7.99900479197722	1
27.625	38.75	1.00000000042334	0.799956070450522	-3.57930861768969e-05	7.79901565185605	1
27.875	38.75	1.00000000039687	0.799954476272284	-3.58836509148118e-05	7.59902691042413	1
28.125	38.75	1.0000000003729	0.799952995659292	-3.59161168093307e-05	7.3990385392908	1
28.375	38.75	1.00000000034829	0.799951620180935	-3.58944206385346e-05	7.19905051217357	1
28.625	38.75	1.00000000031783	0.79995034203386	-3.58222257515935e-05	6.99906280474182	1
28.875	38.75	1.00000000027529	0.79994915399757	-3.57029436296238e-05	6.79907539447157	1
29.125	38.75	1.00000000021716	0.799948049392338	-3.55397531955731e-05	6.5990882605101	1
29.375	38.75	1.00000000014915	0.799947022040063	-3.53356184536102e-05	6.3991013835496	1
29.625	38.75	1.00000000009432	0.799946066227025	-3.50933051845149e-05	6.19911474570835	1
29.875	38.75	1.0000000000983	0.799945176667887	-3.48153960239749e-05	5.99912833041937	1
30.125	38.75	1.00000000022444	0.799944348473545	-3.45043042237378e-05	5.79914212232707	1
30.375	38.75	1.00000000052695	0.799943577120198	-3.416228601677e-05	5.5991561071939	1
30.625	38.75	1.00000000099412	0.799942858422495	-3.37914520502206e-05	5.39917027182279	1
30.875	38.75	1.00000000146713	0.799942188515737	-3.33937769156315e-05	5.19918460399845	1
31.125	38.75	1.00000000156709	0.799941563846462	-3.29711067699921e-05	4.99919909244892	1
31.375	38.75	1.00000000069999	0.799940981170443	-3.25251669328663e-05	4.79921372681757	1
31.625	38.75	0.999999998242758	0.79994043755012	-3.20575692661139e-05	4.59922849761955	1
31.875	38.75	0.999999994004655	0.799939930334576	-3.1569821725534e-05	4.39924339613789	1
32.125	38.75	0.999999988960786	0.799939457095112	-3.10633438105373e-05	4.19925841420674	1
32.375	38.75	0.999999986026074	0.799939015493653	-3.05394877615326e-05	3.99927354385438	1
32.625	38.75	0.999999990291076	0.799938603087594	-2.99995628323164e-05	3.79928877685957	1
32.875	38.75	1.00000000779964	0.799938217130709	-2.94448534744894e-05	3.59930410442194	1
33.125	38.75	1.00000004190948	0.799937854517449	-2.88766121432625e-05	3.39931951733011	1
33.375	38.75	1.0000000869844	0.799937512103992	-2.82960033546092e-05	3.19933500712274	1
33.625	38.75	1.00000012105148	0.799937187639856	-2.77039836453172e-05	2.9993505685915	1
33.875	38.75	1.00000010214016	0.799936881351932	-2.71011334479117e-05	2.79936620333713	1
34.125	38.75	0.999999976350778	0.799936597731588	-2.64875191598659e-05	2.59938192282513	1
34.375	38.75	0.999999706789789	0.79993634628452	-2.58627443414691e-05	2.39939774769866	1
34.625	38.75	0.999999327354967	0.79993613917275	-2.52264069200278e-05	2.19941369883938	1
34.875	38.75	0.999999009730647	0.799935983465355	-2.45791334618329e-05	1.99942977647159	1
35.125	38.75	0.999999104732591	0.799935867156138	-2.39241093835847e-05	1.79944592865054	1
35.375	38.75	1.00000008754042	0.799935742266954	-2.32684958253545e-05	1.59946202131073	1
35.625	38.75	1.00000232134961	0.799935515447824	-2.26233881030836e-05	1.39947783742909	1
35.875	38.75	1.00000559142267	0.799935064506884	-2.20003709146928e-05	1.19949314592462	1
36.125	38.75	1.00000849208092	0.799934302648037	-2.14029597724756e-05	0.999507877288524	1
36.375	38.75	1.00000799007899	0.799933301518398	-2.08132258111291e-05	0.799522402588557	1
36.625	38.75	0.999999785440664	0.799932449104729	-2.01784086586452e-05	0.599537819081845	1
36.875	38.75	0.999980268209704	0.799932549605596	-1.94089040711999e-05	0.399556005697302	1
37.125	38.75	0.999950606403206	0.799942717890614	-1.84049970843732e-05	0.199579083429709	1
37.375	38.75	0.999922408208682	0.399946595055393	-1.73055124199571e-05	-0.000396069041395199	1
0.125	39.25	0.000438402954471255	0.799759629627106	0.00278182722563657	22.827625959929	1
0.375	39.25	0.000438801195715368	0.799800176264643	0.00263386008440509	22.8275678186392	1
0.625	39.25	0.000439573554316389	0.799666585357662	0.00234176665339058	22.8275464532924	1
0.875	39.25	0.00044049026871453	0.799563264392182	0.0018487437806663	22.8275542139173	1
1.125	39.25	0.000440942649783582	0.79948939018849	0.00112302658420387	22.8275838424915	1
1.375	39.25	0.000439813475494731	0.799443033613862	0.000178785091190723	22.8276283481976	1
1.625	39.25	0.000435458218795535	0.799418567842797	-0.000891039223744206	22.8276818351666	1
1.875	39.25	0.000425878721097419	0.799412279707749	-0.00191433310381789	22.8277406712901	1
2.125	39.25	0.000409160222500109	0.799438587897959	-0.00270288169204884	22.8278014791238	1
2.375	39.25	0.00038420127361145	0.799533988281565	-0.0031367358103236	22.8278538309372	1
2.625	39.25	0.000351699184702266	0.799715149022218	-0.00317099485000469	22.8278756501015	1
2.875	39.25	0.000315282256253093	0.799925309811779	-0.00284527312977447	22.8278466956449	1
3.125	39.25	0.000282633404735846	0.800067725850472	-0.00236419824291547	22.8277706931433	1
3.375	39.25	0.000266443873468442	0.800103673555033	-0.00198878023599338	22.827671076483	1
3.625	39.25	0.000285054159390001	0.800078760210018	-0.0018445351092165	22.8275631045683	1
3.875	39.25	0.000362643043006489	0.800063122320388	-0.00190793320274683	22.827436217741	1
4.125	39.25	0.00052879566617165	0.800097301336264	-0.00207549769571803	22.827256623431	1
4.375	39.25	0.000817243488775822	0.800186420695573	-0.00221563641296771	22.8269778087486	1
4.625	39.25	0.00126357846547034	0.800321567446543	-0.00220875072435468	22.8265469939033	1
4.875	39.25	0.00190189180781775	0.800498136598326	-0.00197120722926555	22.8259055945399	1
5.125	39.25	0.00276068902007278	0.80072207363567	-0.00145315343746149	22.8249870064324	1
5.375	39.25	0.00385911053417294	0.801009206946066	-0.000626330201308656	22.8237141189107	1
5.625	39.25	0.00520528759091164	0.801383509284556	0.000521100790098391	22.8219963885711	1
5.875	39.25	0.00679945504339256	0.801876170281401	0.00198073998874045	22.8197245494133	1
6.125	39.25	0.00864541033327874	0.802524861598492	0.00371560475447307	22.8167601156217	1
6.375	39.25	0.0107755070415349	0.803372161832176	0.00565094816618539	22.812915986649	1
6.625	39.25	0.0132971274276441	0.804462375555158	0.00766668368824697	22.8079233046462	1
6.875	39.25	0.0164730366496379	0.805836034080877	0.00959379938374189	22.8013783759606	1
7.125	39.25	0.0208544873482233	0.807520909822273	0.0112176298745652	22.7926625851742	1
7.375	39.25	0.0274930570776471	0.809517158232843	0.0122911425885973	22.7808292916225	1
7.625	39.25	0.0382576170759305	0.81177209404285	0.0125610141356598	22.7644577600835	1
7.875	39.25	0.0562532460615334	0.814138384498538	0.011808107761566	22.7414905271377	1
8.125	39.25	0.0862244659821088	0.816314326748507	0.00990234379412043	22.7091040136452	1
8.375	39.25	0.13454153527394	0.817793499559589	0.00686946008730495	22.6637149594534	1
8.625	39.25	0.207922009386907	0.817924470945885	0.00295853643815447	22.6012773602182	1
8.875	39.25	0.309943559225889	0.81624529261989	-0.0013265535653003	22.5180049888541	1
9.125	39.25	0.436053174831433	0.813048709783173	-0.00530218044353612	22.4114501354739	1
9.375	39.25	0.571514883692514	0.809535175796955	-0.00832547594699333	22.2814830899433	1
9.625	39.25	0.69709780958267	0.806967484410829	-0.0100505356747388	22.1305067117919	1
9.875	39.25	0.798895763614666	0.805700134078461	-0.0105184039708235	21.9626603702664	1
10.125	39.25	0.872950019133796	0.805280065847689	-0.0100332326857438	21.7825346240729	1
10.375	39.25	0.922677832092791	0.805142484066743	-0.0089699747948439	21.5941569806822	1
10.625	39.25	0.954226625501908	0.804976372089743	-0.00764700525910722	21.4005683109832	1
10.875	39.25	0.973450554205587	0.80469978895622	-0.00628431149414303	21.2038464757408	1
11.125	39.25	0.984822201194377	0.804336161160182	-0.00501129829030404	21.0053182290173	1
11.375	39.25	0.991397632774468	0.803932710032959	-0.00389093273097768	20.8057906810124	1
11.625	39.25	0.995133016751029	0.803528317249245	-0.00294357926014237	20.6057365539723	1
11.875	39.25	0.997227994145446	0.803147091659288	-0.00216516267557221	20.4054235644159	1
12.125	39.25	0.998395229725448	0.802800902025371	-0.00153934345598564	20.2049982540278	1
12.375	39.25	0.999046956268967	0.80249352546357	-0.00104499189631264	20.0045377661843	1
12.625	39.25	0.999415893226834	0.802224075823201	-0.000660417987509704	19.8040807050681	1
12.875	39.25	0.999630458601896	0.8019893315412	-0.000365532027750413	19.6036449671078	1
13.125	39.25	0.999760097081941	0.801785159857272	-0.000142765326452791	19.4032377348261	1
13.375	39.25	0.999841822859219	0.801607318704019	2.27059035287324e-05	19.2028608979201	1
13.625	39.25	0.999895309657927	0.801451865174496	0.000143096538408132	19.0025138879361	1
13.875	39.25	0.999931197909046	0.80131532949777	0.000228309369843809	18.8021950990504	1
14.125	39.25	0.999955507999087	0.801194757200269	0.000286281432233377	18.6019025655214	1
14.375	39.25	0.9999718963385	0.801087682881542	0.000323322001213002	18.4016342658433	1
14.625	39.25	0.999982765499704	0.800992073302934	0.000344415738641298	18.2013882493342	1
14.875	39.25	0.999989795329885	0.800906261137381	0.000353481870832317	18.00116268349	1
15.125	39.25	0.999994198365442	0.800828880648974	0.000353589342941806	17.8009558684284	1
15.375	39.25	0.999996852524841	0.800758810528807	0.000347132092603244	17.6007662385005	1
15.625	39.25	0.999998382416283	0.800695125651788	0.000335970107960511	17.4005923588924	1
15.875	39.25	0.999999219056267	0.800637057681292	0.000321542073755535	17.2004329198817	1
16.125	39.25	0.999999648504631	0.800583963561525	0.000304954894063473	17.0002867295994	1
16.375	39.25	0.9999998521713	0.800535300641487	0.000287054638669185	16.8001527056995	1
16.625	39.25	0.999999939238495	0.800490607160105	0.000268482677137675	16.6000298663206	1
16.875	39.25	0.999999971496368	0.80044948695945	0.000249720055515315	16.3999173207722	1
17.125	39.25	0.999999981343023	0.800411597492365	0.00023112256237456	16.1998142603574	1
17.375	39.25	0.99999998409161	0.800376640363818	0.000212948425361968	15.9997199496696	1
17.625	39.25	0.99999998588144	0.800344353830371	0.000195380177011683	15.7996337185915	1
17.875	39.25	0.999999988428528	0.800314506810275	0.000178541904720145	15.5995549551138	1
18.125	39.25	0.999999991656962	0.80028689406171	0.000162512843218858	15.3994830990042	1
18.375	39.25	0.999999995007477	0.800261332282318	0.000147338070559029	15.1994176362891	1
18.625	39.25	0.999999997987898	0.800237656928444	0.000133036906854599	14.9993580944756	1
18.875	39.25	1.00000000032953	0.800215719606003	0.000119609492506913	14.7993040384215	1
19.125	39.25	1.00000000197005	0.800195385921466	0.000107041925400273	14.5992550667608	1
19.375	39.25	1.00000000298139	0.800176533698126	9.53102553650941e-05	14.3992108087936	1
19.625	39.25	1.00000000349781	0.800159051486765	8.43835760391579e-05	14.1991709217686	1
19.875	39.25	1.00000000366435	0.800142837320284	7.42264045205197e-05	13.999135088489	1
20.125	39.25	1.00000000360833	0.800127797659701	6.48004982421979e-05	13.7991030151903	1
20.375	39.25	1.00000000342738	0.800113846498583	5.60662300011571e-05	13.5990744296469	1
20.625	39.25	1.00000000318893	0.800100904599441	4.79836166501038e-05	13.3990490794734	1
20.875	39.25	1.00000000293518	0.800088898834867	4.05130766489618e-05	13.1990267305902	1
21.125	39.25	1.00000000268964	0.800077761617252	3.36159761385398e-05	12.999007165835	1
21.375	39.25	1.00000000246325	0.800067430402217	2.72550123231924e-05	12.7989901836967	1
21.625	39.25	1.00000000225947	0.800057847251569	2.13944700786753e-05	12.5989755971608	1
21.875	39.25	1.0000000020777	0.800048958448096	1.60003819025127e-05	12.3989632326508	1
22.125	39.25	1.00000000191568	0.800040714153602	1.10406152752252e-05	12.1989529290561	1
22.375	39.25	1.0000000017707	0.800033068102433	6.4849048885991e-06	11.9989445368362	1
22.625	39.25	1.00000000164017	0.800025977326402	2.30484354943964e-06	11.7989379171951	1
22.875	39.25	1.00000000152176	0.800019401906463	-1.5261555530671e-06	11.5989329413175	1
23.125	39.25	1.00000000141364	0.800013304747396	-5.03291772443218e-06	11.3989294896622	1
23.375	39.25	1.00000000131441	0.800007651372932	-8.23858006168043e-06	11.1989274513062	1
23.625	39.25	1.00000000122289	0.800002409737438	-1.11646733352992e-05	10.9989267233369	1
23.875	39.25	1.00000000113814	0.799997550053922	-1.38312093897854e-05	10.7989272102869	1
24.125	39.25	1.00000000105946	0.799993044635158	-1.62567704515634e-05	10.5989288236092	1
24.375	39.25	1.00000000098625	0.799988867748106	-1.8458598695948e-05	10.3989314811884	1
24.625	39.25	1.00000000091823	0.799984995478433	-2.04526843241149e-05	10.1989351068857	1
24.875	39.25	1.00000000085503	0.799981405603875	-2.22538503626042e-05	9.99893963011644	1
25.125	39.25	1.00000000079634	0.79997807747928	-2.38758349237865e-05	9.79894498545574	1
25.375	39.25	1.00000000074181	0.799974991927821	-2.53313685528733e-05	9.59895111227128	1
25.625	39.25	1.00000000069106	0.799972131139886	-2.66322479900159e-05	9.39895795438203	1
25.875	39.25	1.00000000064366	0.799969478579764	-2.7789405641664e-05	9.19896545973958	1
26.125	39.25	1.00000000059918	0.799967018897579	-2.88129737211103e-05	8.99897358013201	1
26.375	39.25	1.0000000005573	0.799964737848109	-2.97123449835147e-05	8.79898227090773	1
26.625	39.25	1.00000000051791	0.799962622214365	-3.04962289920888e-05	8.59899149071854	1
26.875	39.25	1.00000000048109	0.799960659736622	-3.1172704045952e-05	8.39900120128042	1
27.125	39.25	1.00000000044707	0.799958839046105	-3.17492653580235e-05	8.19901136715089	1
27.375	39.25	1.0000000004162	0.799957149603359	-3.223286994845e-05	7.9990219555218	1
27.625	39.25	1.00000000038894	0.799955581640251	-3.2629977786717e-05	7.79903293602656	1
27.875	39.25	1.00000000036523	0.799954126105519	-3.29465895040638e-05	7.5990442805609	1
28.125	39.25	1.00000000034378	0.799952774614765	-3.31882817082303e-05	7.3990559631166	1
28.375	39.25	1.00000000032154	0.79995151940397	-3.33602392351572e-05	7.1990679596267	1
28.625	39.25	1.00000000029349	0.799950353285181	-3.34672844784528e-05	6.99908024782185	1
28.875	39.25	1.0000000002535	0.799949269606076	-3.35139049464286e-05	6.79909280709697	1
29.125	39.25	1.00000000019808	0.799948262212415	-3.35042784829119e-05	6.59910561838667	1
29.375	39.25	1.00000000013281	0.799947325412002	-3.34422961741907e-05	6.3991186640487	1
29.625	39.25	1.00000000008021	0.799946453940402	-3.33315840002253e-05	6.19913192775438	1
29.875	39.25	1.00000000008485	0.799945642928367	-3.31755225050051e-05	5.9991453943857	1
30.125	39.25	1.00000000020872	0.799944887872522	-3.2977264964317e-05	5.79915904993967	1
30.375	39.25	1.00000000050502	0.799944184606571	-3.27397539111675e-05	5.59917288144203	1
30.625	39.25	1.00000000096258	0.799943529276533	-3.24657362198257e-05	5.39918687687598	1
30.875	39.25	1.00000000142654	0.799942918325593	-3.21577763162146e-05	5.19920102512915	1
31.125	39.25	1.00000000152705	0.799942348485764	-3.1818267221887e-05	4.99921531595953	1
31.375	39.25	1.00000000068368	0.799941816776694	-3.14494410005056e-05	4.79922973997187	1
31.625	39.25	0.999999998286862	0.799941320505125	-3.10533792470292e-05	4.59924428857852	1
31.875	39.25	0.999999994148049	0.799940857245988	-3.06320253918792e-05	4.39925895390089	1
32.125	39.25	0.999999989216043	0.799940424780087	-3.01872023440332e-05	4.19927372856082	1
32.375	39.25	0.999999986333612	0.799940020967105	-2.97206359878897e-05	3.99928860533459	1
32.625	39.25	0.999999990470014	0.799939643555767	-2.92339815517101e-05	3.79930357672168	1
32.875	39.25	1.00000000753109	0.799939289989593	-2.87288435856732e-05	3.59931863462438	1
33.125	39.25	1.00000004080988	0.799938957352901	-2.8206770957588e-05	3.39933377051245	1
33.375	39.25	1.00000008483037	0.799938642684164	-2.7669203423202e-05	3.19934897655664	1
33.625	39.25	1.00000011817509	0.799938343885075	-2.71173544909212e-05	2.99936424807234	1
33.875	39.25	1.00000009989786	0.799938061266942	-2.65520468509887e-05	2.79937958699299	1
34.125	39.25	0.999999977376475	0.799937799296544	-2.597357746012e-05	2.59939500485882	1
34.375	39.25	0.999999714530975	0.799937567331277	-2.53817692532979e-05	2.39941052215719	1
34.625	39.25	0.99999934431159	0.799937377322739	-2.47764236090711e-05	2.19942615961258	1
34.875	39.25	0.999999034118328	0.799937236258337	-2.41583424640383e-05	1.99944191780583	1
35.125	39.25	0.999999126239714	0.799937132515046	-2.35308398885854e-05	1.79945774642172	1
35.375	39.25	1.00000008452219	0.799937019358533	-2.2901140936504e-05	1.59947351499678	1
35.625	39.25	1.00000226377211	0.799936805743968	-2.22803416544462e-05	1.39948901205378	1
35.875	39.25	1.00000545486603	0.799936372414072	-2.1680013573481e-05	1.19950401227995	1
36.125	39.25	1.00000828595197	0.799935634570397	-2.11037710308204e-05	0.999518447896019	1
36.375	39.25	1.0000077953923	0.799934662000682	-2.05341014851483e-05	0.799532681014182	1
36.625	39.25	0.999999783043624	0.799933833339673	-1.99192002201267e-05	0.599547782612905	1
36.875	39.25	0.999980720366859	0.799933933600393	-1.91710267680937e-05	0.399565587054131	1
37.125	39.25	0.999951743833088	0.799943878083206	-1.81916741574324e-05	0.199588165819689	1
37.375	39.25	0.999924190054895	0.399947611023608	-1.71169497788351e-05	-0.000387533881384382	1
0.125	39.75	0.00042743096917785	0.799785105727525	0.00316604914828243	22.8275847671839	1
0.375	39.75	0.000427839927525947	0.799879676498368	0.00295555331505519	22.8275176784278	1
0.625	39.75	0.000428642965632524	0.79980860938904	0.00267378589541602	22.8274692058279	1
0.875	39.75	0.000429626193669298	0.799752643265431	0.00225816991209272	22.8274365694757	1
1.125	39.75	0.00043020034375647	0.799717290758054	0.001698610941361	22.8274154581937	1
1.375	39.75	0.000429265409615977	0.799705142994369	0.00107857043697678	22.8274006625009	1
1.625	39.75	0.000425182447639046	0.799713959068601	0.000583223429076797	22.8273870716364	1
1.875	39.75	0.000415934105947782	0.799734186523994	0.000427869172582514	22.8273713993566	1
2.125	39.75	0.000399545501000691	0.799748842064203	0.000654722243235649	22.8273542652065	1
2.375	39.75	0.000374795864876386	0.79973963987343	0.000938089926605161	22.8273412967063	1
2.625	39.75	0.000342183761528418	0.799699860990747	0.000772296052048246	22.8273416516631	1
2.875	39.75	0.000305036397654905	0.799642870712733	4.54136584093014e-05	22.8273626437399	1
3.125	39.75	0.00027060858696885	0.799593189070643	-0.000829205168976627	22.8274030928606	1
3.375	39.75	0.00025101443341171	0.799567572327044	-0.00147264208540046	22.8274521500115	1
3.625	39.75	0.000263851197423975	0.799567515935567	-0.00184831623476775	22.8274925978176	1
3.875	39.75	0.00033237218585627	0.799587363071315	-0.00209117543616775	22.8275025788418	1
4.125	39.75	0.000485034037703639	0.79962491914579	-0.00229777996973234	22.8274546030115	1
4.375	39.75	0.000754203469126809	0.799688150301588	-0.0024636663333819	22.8273128508704	1
4.625	39.75	0.00117380913409246	0.799796776351284	-0.00252848073035568	22.8270298544921	1
4.875	39.75	0.00177587280061953	0.799979999067094	-0.00242925220182176	22.8265439512331	1
5.125	39.75	0.00258626570908125	0.800274068082011	-0.00212175068156434	22.825778021655	1
5.375	39.75	0.00362068179272022	0.800721705753258	-0.00158170332243473	22.8246387081683	1
5.625	39.75	0.00488252400635968	0.801372374172622	-0.000802478279783553	22.8230147544692	1
5.875	39.75	0.00636510303136282	0.80228166697144	0.00020451011286575	22.8207728932427	1
6.125	39.75	0.00806146797016895	0.803508917067061	0.00140672870581384	22.8177491598869	1
6.375	39.75	0.00998671879254028	0.80511273870427	0.00274651985395687	22.8137325017105	1
6.625	39.75	0.0122202645174587	0.807144360340006	0.00413795480032541	22.8084362077889	1
6.875	39.75	0.0149797596384946	0.809638483134734	0.00546620662486719	22.8014511941114	1
7.125	39.75	0.0187448238204945	0.812601003428841	0.00659107057494335	22.7921740235025	1
7.375	39.75	0.0244562777080333	0.815991956727292	0.0073562147632002	22.7797029695757	1
7.625	39.75	0.0338196788497339	0.81970021152066	0.00760549278816348	22.7627001665224	1
7.875	39.75	0.0497206241717375	0.82350461523247	0.00720709404345323	22.7392318511489	1
8.125	39.75	0.0766641228509696	0.827019467192564	0.00608552638698826	22.706628763572	1
8.375	39.75	0.120895961913305	0.829645488864293	0.00426010146754388	22.6614591277279	1
8.625	39.75	0.189416781859095	0.830614595522601	0.00188392963523707	22.5997632888379	1
8.875	39.75	0.286847009851129	0.829297300376239	-0.000736746306776788	22.517700770986	1
9.125	39.75	0.410358520959377	0.825799384606243	-0.00318341786202535	22.4125928799428	1
9.375	39.75	0.546573947812159	0.821280085691877	-0.00505392586666084	22.2839684706678	1
9.625	39.75	0.67598547337919	0.817235485485648	-0.00612137050017005	22.1339356532678	1
9.875	39.75	0.783003187976377	0.814368764680346	-0.00639924600505003	21.9665151456461	1
10.125	39.75	0.86200497297157	0.81245295643446	-0.00607149469260948	21.7863576893925	1
10.375	39.75	0.915596808750814	0.81099862211476	-0.0053725399838792	21.5976403314745	1
10.625	39.75	0.949837322237012	0.809702460564121	-0.00450478747199939	21.4035555011186	1
10.875	39.75	0.970810224738695	0.808473237092017	-0.00361014684379743	21.2062933397446	1
11.125	39.75	0.983269541714143	0.807320109152004	-0.00277358834910729	21.0072486976885	1
11.375	39.75	0.990501757798818	0.806272424115525	-0.00203758772954058	20.8072627449124	1
11.625	39.75	0.994625129905457	0.805349019057867	-0.00141682257274221	20.6068203886488	1
11.875	39.75	0.996945092963121	0.804553784336216	-0.00090961102745312	20.4061891530751	1
12.125	39.75	0.99824051779691	0.803879791489875	-0.000505754808536662	20.2055092617568	1
12.375	39.75	0.998963976214213	0.803314312684348	-0.000191481816165293	20.0048491332579	1
12.625	39.75	0.999372284243037	0.802842521545671	4.76660879835354e-05	19.8042382762947	1
12.875	39.75	0.999608007927112	0.80244972524471	0.000225293394394396	19.6036861305751	1
13.125	39.75	0.999748758097875	0.802122513220387	0.000353444566424503	19.4031924807857	1
13.375	39.75	0.999836176791747	0.801849223763298	0.000442383172016468	19.2027529790841	1
13.625	39.75	0.999892507150737	0.801620022483788	0.000500633694085241	19.0023619219527	1
13.875	39.75	0.999929783068871	0.801426781538171	0.00053514980637292	18.8020135441484	1
14.125	39.75	0.999954760316127	0.801262872237094	0.00055152993273393	18.6017025489975	1
14.375	39.75	0.999971471159852	0.801122934200836	0.0005542369186576	18.4014242695979	1
14.625	39.75	0.999982503127198	0.801002653959989	0.000546800476108899	18.201174667593	1
14.875	39.75	0.999989623086299	0.800898568072193	0.000531993697011584	18.0009502714406	1
15.125	39.75	0.999994082450514	0.800807895786714	0.000511981843451051	17.8007481003647	1
15.375	39.75	0.999996775598605	0.800728400933331	0.000488445074069385	17.6005655922483	1
15.625	39.75	0.999998333882002	0.800658280154233	0.000462678245556083	17.4004005408742	1
15.875	39.75	0.999999191241037	0.800596073637	0.000435671318864937	17.2002510427355	1
16.125	39.75	0.99999963534858	0.800540594405522	0.00040817374717744	17.000115452052	1
16.375	39.75	0.999999848843294	0.800490872574507	0.000380745840403603	16.7999923424898	1
16.625	39.75	0.999999942008366	0.800446111476176	0.000353799636246355	16.599880474398	1
16.875	39.75	0.999999977624831	0.800405653118756	0.00032763136950749	16.3997787667169	1
17.125	39.75	0.999999988935716	0.800368950945566	0.000302447233353985	16.1996862729465	1
17.375	39.75	0.999999991928405	0.800335548285162	0.000278383792520772	15.9996021606994	1
17.625	39.75	0.999999993245896	0.800305061254112	0.000255524137886576	15.7995256944231	1
17.875	39.75	0.999999994956822	0.800277165143528	0.000233910646899458	15.5994562208963	1
18.125	39.75	0.999999997215671	0.800251583541849	0.000213555040392322	15.3993931571289	1
18.375	39.75	0.999999999602133	0.80022807962384	0.000194446287221758	15.1993359803068	1
18.625	39.75	1.00000000169903	0.800206449148918	0.000176556792995296	14.9992842194546	1
18.875	39.75	1.00000000327071	0.800186514822615	0.000159847225280507	14.7992374485239	1
19.125	39.75	1.00000000426263	0.80016812174482	0.000144270255861066	14.5991952806513	1
19.375	39.75	1.00000000474043	0.800151133724007	0.000129773441716276	14.3991573633708	1
19.625	39.75	1.0000000048254	0.800135430287235	0.000116301426792575	14.1991233746031	1
19.875	39.75	1.00000000464764	0.80012090424939	0.000103797607417682	13.9990930192733	1
20.125	39.75	1.00000000431979	0.800107459726633	9.22053738344926e-05	13.7990660264413	1
20.375	39.75	1.0000000039261	0.800095010510946	8.14690219006818e-05	13.599042146849	1
20.625	39.75	1.00000000352254	0.800083478734976	7.15344064209079e-05	13.3990211508086	1
20.875	39.75	1.00000000314181	0.800072793767857	6.2349393945557e-05	13.199002826373	1
21.125	39.75	1.00000000279952	0.800062891301057	5.38641611688181e-05	12.9989869777379	1
21.375	39.75	1.00000000250021	0.800053712586642	4.60313755978747e-05	12.7989734238377	1
21.625	39.75	1.00000000224232	0.80004520379655	3.88062861141387e-05	12.5989619971042	1
21.875	39.75	1.00000000202114	0.800037315484361	3.21467465422574e-05	12.3989525423619	1
22.125	39.75	1.0000000018312	0.800030002128778	2.60131901285508e-05	12.1989449158393	1
22.375	39.75	1.00000000166729	0.800023221741549	2.03685680871398e-05	11.9989389842794	1
22.625	39.75	1.00000000152472	0.800016935531228	1.51782626697665e-05	11.7989346241359	1
22.875	39.75	1.0000000013995	0.800011107612673	1.04099838794068e-05	11.598931720843	1
23.125	39.75	1.00000000128849	0.800005704752022	6.03365563270223e-06	11.3989301681493	1
23.375	39.75	1.0000000011893	0.800000696143708	2.0212955799238e-06	11.1989298675092	1
23.625	39.75	1.00000000109997	0.799996053212499	-1.653106651148e-06	10.9989307275229	1
23.875	39.75	1.00000000101893	0.799991749437508	-5.01371112687753e-06	10.7989326634223	1
24.125	39.75	1.00000000094506	0.799987760194224	-8.08294671520804e-06	10.5989355965954	1
24.375	39.75	1.00000000087735	0.799984062612587	-1.08816263196829e-05	10.3989394541472	1
24.625	39.75	1.00000000081523	0.799980635448558	-1.34290579907894e-05	10.1989441684934	1
24.875	39.75	1.00000000075816	0.799977458965167	-1.57431496542069e-05	9.99894967698204	1
25.125	39.75	1.00000000070559	0.799974514826377	-1.7840509163683e-05	9.79895592154452	1
25.375	39.75	1.00000000065708	0.799971785998278	-1.9736538172626e-05	9.59896284836898	1
25.625	39.75	1.00000000061216	0.799969256657252	-2.14455199473244e-05	9.39897040759819	1
25.875	39.75	1.00000000057033	0.79996691210709	-2.29807020261937e-05	9.19897855304766	1
26.125	39.75	1.00000000053112	0.799964738700827	-2.4354372631017e-05	8.99898724194336	1
26.375	39.75	1.00000000049423	0.799962723768291	-2.55779320852007e-05	8.79899643467749	1
26.625	39.75	1.00000000045959	0.799960855549044	-2.66619592232643e-05	8.59900609458126	1
26.875	39.75	1.00000000042722	0.799959123130427	-2.76162728441569e-05	8.39901618771296	1
27.125	39.75	1.00000000039736	0.799957516388851	-2.8449988496014e-05	8.19902668266076	1
27.375	39.75	1.00000000037038	0.799956025935669	-2.91715711934866e-05	7.99903755035912	1
27.625	39.75	1.00000000034667	0.799954643066956	-2.97888842799939e-05	7.7990487639177	1
27.875	39.75	1.0000000003262	0.799953359715605	-3.0309234099281e-05	7.59906029846216	1
28.125	39.75	1.00000000030776	0.799952168406954	-3.07394115483508e-05	7.39907213098637	1
28.375	39.75	1.0000000002884	0.799951062218688	-3.10857306225653e-05	7.1990842402148	1
28.625	39.75	1.0000000002632	0.799950034741903	-3.13540635375364e-05	6.99909660647449	1
28.875	39.75	1.00000000022613	0.799949080045045	-3.1549873346145e-05	6.79910921157621	1
29.125	39.75	1.00000000017379	0.799948192641166	-3.16782442281026e-05	6.59912203870339	1
29.375	39.75	1.00000000011158	0.79994736745613	-3.17439092200524e-05	6.39913507230779	1
29.625	39.75	1.00000000006148	0.799946599798117	-3.17512761736524e-05	6.19914829801146	1
29.875	39.75	1.00000000006707	0.799945885328795	-3.17044513501877e-05	5.99916170251433	1
30.125	39.75	1.00000000018899	0.799945220037128	-3.1607261506509e-05	5.79917527350832	1
30.375	39.75	1.00000000047941	0.799944600213594	-3.1463274277811e-05	5.59918899959995	1
30.625	39.75	1.00000000092767	0.799944022428038	-3.12758163211028e-05	5.39920287024718	1
30.875	39.75	1.00000000138284	0.799943483517128	-3.10479897164606e-05	5.19921687571345	1
31.125	39.75	1.00000000148402	0.799942980577985	-3.07826862290014e-05	4.99923100703986	1
31.375	39.75	1.00000000066433	0.799942510968249	-3.04826002634657e-05	4.79924525602715	1
31.625	39.75	0.999999998327551	0.799942072307429	-3.01502419811501e-05	4.59925961520232	1
31.875	39.75	0.999999994287343	0.799941662460031	-2.97879522110076e-05	4.39927407772674	1
32.125	39.75	0.999999989466491	0.79994127947567	-2.93979220248972e-05	4.1992886371967	1
32.375	39.75	0.999999986636365	0.799940921466495	-2.89822182270702e-05	3.9993032873094	1
32.625	39.75	0.999999990646143	0.799940586423126	-2.85428116866803e-05	3.79931802144516	1
32.875	39.75	1.000000007265	0.799940272025536	-2.80815989486488e-05	3.59933283235701	1
33.125	39.75	1.00000003972175	0.799939975590839	-2.76003990902861e-05	3.39934771233299	1
33.375	39.75	1.00000008269829	0.799939694379486	-2.71009026019412e-05	3.19936265430317	1
33.625	39.75	1.00000011532575	0.799939426482313	-2.65845570831551e-05	2.99937765422548	1
33.875	39.75	1.00000009767015	0.799939172329766	-2.60524058655823e-05	2.79939271447812	1
34.125	39.75	0.99999997837214	0.799938936397109	-2.55049558389684e-05	2.59940784678269	1
34.375	39.75	0.999999722157533	0.799938727925468	-2.494222976333e-05	2.3994230715722	1
34.625	39.75	0.999999361044853	0.799938558686473	-2.43642143556164e-05	2.19943840950803	1
34.875	39.75	0.999999058210278	0.799938435612365	-2.37718711251156e-05	1.9994538616084	1
35.125	39.75	0.999999147532777	0.799938347481801	-2.31686304544304e-05	1.79946937924646	1
35.375	39.75	1.00000008168113	0.799938248809771	-2.25617739698439e-05	1.59948483558923	1
35.625	39.75	1.00000220718447	0.799938050846091	-2.19623958094116e-05	1.39950002470413	1
35.875	39.75	1.00000532043777	0.799937637245415	-2.13820523311807e-05	1.19951472703906	1
36.125	39.75	1.00000808288805	0.79993692519209	-2.08244449890025e-05	0.999528876589679	1
36.375	39.75	1.00000760336977	0.799935982649011	-2.0272438158666e-05	0.799542826706928	1
36.625	39.75	0.999999779929511	0.799935179039498	-1.96750963505865e-05	0.59955762253734	1
36.875	39.75	0.999981163997587	0.799935280473288	-1.89458004123414e-05	0.399575054605526	1
37.125	39.75	0.999952860826	0.799945006765028	-1.79882822693988e-05	0.199597145720373	1
37.375	39.75	0.999925939921973	0.399948595750149	-1.69356567926082e-05	-0.000379089756004843	1
0.125	40.25	0.00041909909072425	0.799815623257852	0.00322372390097736	22.8275630679552	1
0.375	40.25	0.000419517205699275	0.799937941871621	0.00303671354129575	22.827484190038	1
0.625	40.25	0.000420347590684171	0.799867219815025	0.00273727773638179	22.8274221749278	1
0.875	40.25	0.000421393229341488	0.799789978095464	0.00226222901875856	22.8273783556706	1
1.125	40.25	0.000422088355630899	0.799698356839232	0.00160306799974204	22.8273556875069	1
1.375	40.25	0.000421360116393062	0.799588406074091	0.000820208949996569	22.827359710086	1
1.625	40.25	0.000417594433484843	0.799475316804665	6.90990647605941e-05	22.8273955874933	1
1.875	40.25	0.000408786758426952	0.799403737866319	-0.000431990356564975	22.8274615284848	1
2.125	40.25	0.00039294910261107	0.799436174685211	-0.000537814911984994	22.8275407076736	1
2.375	40.25	0.000368805187994418	0.799601855411175	-0.000334889099619642	22.827600173073	1
2.625	40.25	0.00033674047919343	0.799836924090821	-0.000118731321653971	22.8276078835617	1
2.875	40.25	0.000299901910926962	0.800002956634929	-0.000161524495801083	22.8275614947447	1
3.125	40.25	0.000265291560714507	0.799999356286588	-0.000521438231043924	22.8274957898765	1
3.375	40.25	0.000244689662325037	0.79984130842548	-0.00105908009270034	22.8274539861962	1
3.625	40.25	0.000255262716659709	0.799622965245782	-0.00159322438046573	22.8274552766118	1
3.875	40.25	0.000319720173196152	0.799437738676176	-0.00203090892176483	22.8274847019274	1
4.125	40.25	0.000465856135877036	0.799335156796541	-0.00237583114233184	22.8275011754281	1
4.375	40.25	0.00072527382826454	0.799327050991737	-0.00265625027420247	22.8274497522954	1
4.625	40.25	0.00113109115342973	0.799416792613098	-0.00287394057784369	22.8272675727655	1
4.875	40.25	0.0017145540069479	0.799620970713972	-0.00300718836770326	22.8268825272563	1
5.125	40.25	0.00250085544083947	0.799974423404945	-0.00303215059584656	22.8262092353928	1
5.375	40.25	0.0035050917841462	0.800526010627389	-0.00293490380305546	22.8251456650591	1
5.625	40.25	0.00473001970473476	0.801332892833703	-0.00271336664523365	22.8235705343239	1
5.875	40.25	0.00616798275761148	0.80245572512181	-0.00237599664723546	22.8213396693409	1
6.125	40.25	0.00781023888225958	0.803954075262937	-0.00194079674897197	22.8182786084997	1
6.375	40.25	0.00966837917464613	0.805881005459252	-0.00143483360110862	22.8141679744964	1
6.625	40.25	0.0118150834839568	0.808276257977508	-0.000893421652636554	22.80871700538	1
6.875	40.25	0.0144556677016517	0.811157767286927	-0.00035823654453593	22.8015192146316	1
7.125	40.25	0.0180482138407137	0.814510957853256	0.000126002737122747	22.79198295735	1
7.375	40.25	0.0234978582930885	0.818274256961653	0.000516258451459811	22.7792299564308	1
7.625	40.25	0.0324547350581525	0.822317277230427	0.000776899255202669	22.7619592142427	1
7.875	40.25	0.0477265402138763	0.826405979613519	0.00088565803288529	22.7382869913617	1
8.125	40.25	0.0737281235513319	0.830151409821835	0.000838813470142655	22.7056025163618	1
8.375	40.25	0.116646620108051	0.8329597212669	0.000654570492252496	22.6605285619366	1
8.625	40.25	0.183555491523718	0.834065736644406	0.000373636216958675	22.5991339775105	1
8.875	40.25	0.279409688092266	0.832818405199232	5.54151487404822e-05	22.5175539432489	1
9.125	40.25	0.401975729434252	0.829270883900456	-0.000232697102014088	22.4130190989914	1
9.375	40.25	0.538386666626005	0.824546559072807	-0.000433229015696473	22.28492459791	1
9.625	40.25	0.669086419769217	0.820180798899804	-0.000515966871447855	22.1352604296115	1
9.875	40.25	0.777905956334982	0.816958439811593	-0.000482653649667748	21.9679964295868	1
10.125	40.25	0.858619042850985	0.814702373364149	-0.000357417912967921	21.7878043431223	1
10.375	40.25	0.91352997089714	0.812932283804583	-0.000172979563469013	21.5989208936689	1
10.625	40.25	0.948664385371832	0.811342227733858	3.91673087478114e-05	21.4046017144668	1
10.875	40.25	0.970192944510447	0.809841377519684	0.000253511018389848	21.2070856211508	1
11.125	40.25	0.982975629722541	0.808442067096298	0.000451971636177731	21.0077982828396	1
11.375	40.25	0.990384790770182	0.807176475503127	0.000623534941654232	20.8075971760444	1
11.625	40.25	0.994598134042696	0.806064468408686	0.000762992901334762	20.6069736891683	1
11.875	40.25	0.996958990758953	0.805109146158993	0.000869391217484222	20.4061959260877	1
12.125	40.25	0.998269137741656	0.804301506126278	0.000944558472161217	20.205401530719	1
12.375	40.25	0.998994406754289	0.80362604012736	0.000991903882934565	20.0046549196014	1
12.625	40.25	0.999398952759766	0.803064882104037	0.00101553537212869	19.80398119927	1
12.875	40.25	0.999629176556137	0.802600334601594	0.00101967146681605	19.6033855633372	1
13.125	40.25	0.999764523988065	0.802216188454142	0.00100828737400336	19.402863975542	1
13.375	40.25	0.999847380414887	0.801898273728105	0.000984930299443456	19.2024087928658	1
13.625	40.25	0.999900172582402	0.801634566886462	0.000952647493082909	19.0020115498183	1
13.875	40.25	0.999934859147795	0.801415065557831	0.000913983509643456	18.8016642125991	1
14.125	40.25	0.99995802413227	0.801231558680502	0.000871015898332911	18.6013596494297	1
14.375	40.25	0.999973513132534	0.801077364834744	0.000825409014793729	18.4010917267846	1
14.625	40.25	0.999983748324335	0.800947077482529	0.000778473428095775	18.200855246107	1
14.875	40.25	0.999990364599143	0.800836335500315	0.00073122377224363	18.0006458265803	1
15.125	40.25	0.999994514930322	0.800741625756731	0.000684431403996757	17.8004597813618	1
15.375	40.25	0.999997023922368	0.800660118163678	0.000638670377924375	17.6002940054722	1
15.625	40.25	0.999998475530798	0.80058953051446	0.000594356503489322	17.4001458800566	1
15.875	40.25	0.999999272711276	0.800528019145486	0.000551779902787115	17.2000131923163	1
16.125	40.25	0.999999683608503	0.800474091211196	0.000511131788757506	16.9998940687874	1
16.375	40.25	0.99999987899639	0.800426534640001	0.00047252627748618	16.7997869195767	1
16.625	40.25	0.999999962219052	0.800384362332209	0.000436018020485744	16.5996903915906	1
16.875	40.25	0.999999992161986	0.800346767729833	0.000401616375508557	16.3996033292527	1
17.125	40.25	0.9999999999777	0.800313089417211	0.000369296733747897	16.1995247415567	1
17.375	40.25	1.00000000058648	0.800282782876943	0.000339009526959308	15.9994537745343	1
17.625	40.25	1.00000000011584	0.800255397922224	0.000310687353083111	15.7993896883606	1
17.875	40.25	1.00000000039858	0.800230560630681	0.000284250576212851	15.5993318384147	1
18.125	40.25	1.00000000148445	0.800207958861685	0.000259611696753021	15.3992796596882	1
18.375	40.25	1.00000000290396	0.800187330633586	0.000236678732660029	15.1992326539957	1
18.625	40.25	1.00000000421083	0.800168454781544	0.000215357805305623	14.9991903795093	1
18.875	40.25	1.00000000514591	0.800151143447219	0.000195555091797023	14.7991524421998	1
19.125	40.25	1.00000000563246	0.800135236032461	0.000177178272944287	14.5991184888333	1
19.375	40.25	1.00000000571456	0.800120594327747	0.00016013758070686	14.3990882012268	1
19.625	40.25	1.00000000549349	0.800107098586965	0.000144346533013513	14.1990612915219	1
19.875	40.25	1.00000000508169	0.800094644358652	0.000129722423725642	13.9990374982765	1
20.125	40.25	1.00000000457668	0.800083139923146	0.000116186621865872	13.7990165832177	1
20.375	40.25	1.00000000405019	0.800072504220524	0.000103664727475282	13.5989983285274	1
20.625	40.25	1.00000000354827	0.800062665168924	9.20866172566887e-05	13.3989825345595	1
20.875	40.25	1.00000000309572	0.800053558296107	8.13864085525268e-05	13.1989690179056	1
21.125	40.25	1.00000000270197	0.800045125625644	7.15023648312055e-05	12.9989576097465	1
21.375	40.25	1.00000000236684	0.800037314764809	6.23767589395382e-05	12.7989481544358	1
21.625	40.25	1.00000000208513	0.800030078153726	5.39557073777232e-05	12.5989405082754	1
21.875	40.25	1.00000000184924	0.800023372448479	4.61889872898345e-05	12.3989345384477	1
22.125	40.25	1.00000000165147	0.800017158009263	3.90298428857628e-05	12.1989301220796	1
22.375	40.25	1.0000000014849	0.800011398471262	3.243478755291e-05	11.9989271454148	1
22.625	40.25	1.00000000134343	0.80000606038609	2.63634063375265e-05	11.7989255030781	1
22.875	40.25	1.000000001222	0.800001112919879	2.07781619013213e-05	11.5989250974164	1
23.125	40.25	1.0000000011167	0.799996527594015	1.56442062783243e-05	11.398925837906	1
23.375	40.25	1.00000000102448	0.799992278064691	1.09291996019401e-05	11.1989276406158	1
23.625	40.25	1.00000000094297	0.799988339931685	6.60313790504781e-06	10.9989304277188	1
23.875	40.25	1.0000000008703	0.7999846905716	2.63818944990513e-06	10.798934127046	1
24.125	40.25	1.0000000008051	0.799981308991935	-9.91459921200003e-07	10.5989386716779	1
24.375	40.25	1.00000000074614	0.799978175701725	-4.30975129970381e-06	10.3989439995675	1
24.625	40.25	1.00000000069261	0.799975272596917	-7.33888912552095e-06	10.1989500531934	1
24.875	40.25	1.00000000064386	0.799972582855825	-1.00994675951811e-05	9.99895677923844	1
25.125	40.25	1.00000000059924	0.799970090846055	-1.26105888963781e-05	9.79896412829221	1
25.375	40.25	1.00000000055823	0.799967782040055	-1.48899735590741e-05	9.5989720545746	1
25.625	40.25	1.0000000005204	0.799965642936438	-1.69540621980134e-05	9.39898051567921	1
25.875	40.25	1.00000000048525	0.799963660989645	-1.88181104518457e-05	9.1989894723344	1
26.125	40.25	1.00000000045229	0.799961824544255	-2.04962768901871e-05	8.99899888818084	1
26.375	40.25	1.00000000042127	0.79996012277376	-2.20017043454751e-05	8.79900872956418	1
26.625	40.25	1.00000000039214	0.799958545624197	-2.33465951168179e-05	8.59901896534203	1
26.875	40.25	1.00000000036488	0.799957083762452	-2.45422807725642e-05	8.39902956670394	1
27.125	40.25	1.00000000033974	0.799955728527311	-2.55992866551242e-05	8.19904050700342	1
27.375	40.25	1.00000000031714	0.799954471883692	-2.65273911561891e-05	7.99905176160145	1
27.625	40.25	1.00000000029752	0.799953306380805	-2.73356809882222e-05	7.7990633077207	1
27.875	40.25	1.00000000028078	0.79995222511225	-2.80326020981678e-05	7.59907512430939	1
28.125	40.25	1.00000000026581	0.799951221678259	-2.86260064737398e-05	7.39908719191483	1
28.375	40.25	1.00000000024973	0.79995029015205	-2.91231957231097e-05	7.19909949256587	1
28.625	40.25	1.00000000022772	0.799949425047389	-2.95309612510412e-05	6.99911200966296	1
28.875	40.25	1.00000000019387	0.799948621287863	-2.98556212268271e-05	6.79912472787624	1
29.125	40.25	1.00000000014491	0.799947874179144	-3.01030549912227e-05	6.59913763305007	1
29.375	40.25	1.00000000008611	0.799947179381928	-3.02787347987126e-05	6.3991507121132	1
29.625	40.25	1.00000000003881	0.799946532886181	-3.038775553937e-05	6.19916395299418	1
29.875	40.25	1.00000000004565	0.79994593098641	-3.04348616937999e-05	5.99917734454113	1
30.125	40.25	1.00000000016592	0.799945370258495	-3.0424472662201e-05	5.79919087644744	1
30.375	40.25	1.00000000045069	0.799944847537852	-3.03607064630929e-05	5.59920453918505	1
30.625	40.25	1.00000000088983	0.799944359900634	-3.02474005119806e-05	5.39921832395065	1
30.875	40.25	1.00000000133638	0.799943904653462	-3.0088130602486e-05	5.19923222262835	1
31.125	40.25	1.00000000143835	0.799943479329655	-2.98862279973184e-05	4.99924622776944	1
31.375	40.25	1.0000000006423	0.799943081691235	-2.96447946734116e-05	4.7992603325812	1
31.625	40.25	0.999999998365229	0.799942709732049	-2.93667185569121e-05	4.5992745309004	1
31.875	40.25	0.999999994422946	0.799942361663327	-2.90546906954394e-05	4.39928881710932	1
32.125	40.25	0.999999989712483	0.799942035856689	-2.87112266511025e-05	4.19930318594625	1
32.375	40.25	0.999999986934561	0.799941730725982	-2.83386936065276e-05	3.99931763218449	1
32.625	40.25	0.999999990819472	0.799941444549136	-2.79393403500192e-05	3.79933215022877	1
32.875	40.25	1.000000007001	0.79994117528474	-2.75153204169403e-05	3.59934673381568	1
33.125	40.25	1.00000003864418	0.79994092052164	-2.70686904624065e-05	3.39936137617431	1
33.375	40.25	1.00000008058679	0.799940677778067	-2.66013611796534e-05	3.19937607110798	1
33.625	40.25	1.00000011250223	0.799940445367286	-2.6114985689014e-05	2.99939081532349	1
33.875	40.25	1.00000009545744	0.79994022387033	-2.5610801045611e-05	2.79940561174404	1
34.125	40.25	0.99999997934234	0.799940017801022	-2.50894985121711e-05	2.59942047236802	1
34.375	40.25	0.999999729681024	0.799939836313161	-2.45512763417237e-05	2.39943541766493	1
34.625	40.25	0.999999377574386	0.799939691025918	-2.39962840297441e-05	2.19945046831723	1
34.875	40.25	0.999999082029485	0.799939588840534	-2.34256228705626e-05	1.99946562585277	1
35.125	40.25	0.999999168622609	0.799939518954243	-2.28428240259261e-05	1.79948084338509	1
35.375	40.25	1.00000007898638	0.799939437136216	-2.22552159145658e-05	1.59949599773586	1
35.625	40.25	1.00000215147507	0.799939256921045	-2.16738865692597e-05	1.39951088851417	1
35.875	40.25	1.00000518791726	0.799938864854764	-2.11103740922633e-05	1.19952530191968	1
36.125	40.25	1.00000788258565	0.79993818009161	-2.0568452508731e-05	0.999539173761898	1
36.375	40.25	1.0000074137688	0.799937268801091	-2.00313168340865e-05	0.799552848804276	1
36.625	40.25	0.999999776234656	0.799936491323069	-1.94487992597337e-05	0.599567346763231	1
36.875	40.25	0.999981600095601	0.799936595119219	-1.87355358487469e-05	0.399584414981897	1
37.125	40.25	0.999953959689013	0.799946108111938	-1.77967009464196e-05	0.19960602834908	1
37.375	40.25	0.999927661410655	0.399949553528101	-1.67630906747177e-05	-0.000370732829416588	1
0.125	40.75	0.000415190838092568	0.799834327098942	0.00313929505610822	22.8274913162863	1
0.375	40.75	0.000415613852613687	0.800000664854795	0.0030968383716841	22.8274048690836	1
0.625	40.75	0.00041646026275193	0.799986094313993	0.00277924967185494	22.8273205480776	1
0.875	40.75	0.000417545496850241	0.79995891094087	0.00228977336915308	22.8272411580595	1
1.125	40.75	0.000418323073784815	0.799911351610898	0.00161792658974409	22.8271713965745	1
1.375	40.75	0.000417746530542066	0.799839136391208	0.000772043641872065	22.8271182427863	1
1.625	40.75	0.000414234469707917	0.799752359190228	-0.00019192347443809	22.8270886719977	1
1.875	40.75	0.000405818771729478	0.79968018820743	-0.00117392760803819	22.8270845935815	1
2.125	40.75	0.000390546679451667	0.799656006257866	-0.00205028220611287	22.827098338925	1
2.375	40.75	0.000367167942768372	0.799685055700189	-0.00267302257459043	22.8271151356279	1
2.625	40.75	0.000336073412800463	0.799727495638112	-0.00286431365880936	22.827124708299	1
2.875	40.75	0.000300381109346528	0.79972582106502	-0.00254389144315184	22.8271317607967	1
3.125	40.75	0.000267019657542659	0.799651007040361	-0.00191861332410484	22.8271524734249	1
3.375	40.75	0.000247654296004764	0.799519418971809	-0.00138710402703316	22.8272003410528	1
3.625	40.75	0.000259317220643429	0.799373702951433	-0.00124271321372911	22.8272744308406	1
3.875	40.75	0.00032460261588822	0.799254697146928	-0.00151260034749353	22.8273556766315	1
4.125	40.75	0.000471255947555753	0.799187796787794	-0.00202294860871503	22.8274093888232	1
4.375	40.75	0.000730948827166413	0.799188501471254	-0.00258500036254238	22.8273888562459	1
4.625	40.75	0.00113703330059757	0.799275162190409	-0.00310380155987482	22.8272360658192	1
4.875	40.75	0.00172121449535522	0.799476526868046	-0.00356418971745533	22.8268798279039	1
5.125	40.75	0.00250948413070965	0.799832033644273	-0.00397998848900443	22.8262334973582	1
5.375	40.75	0.00351829539905818	0.800388467110493	-0.00436486186260453	22.8251933832332	1
5.625	40.75	0.00475264923389242	0.801195798882321	-0.00472593724533301	22.8236373073767	1
5.875	40.75	0.00620843613601656	0.802302977942106	-0.00506486929883157	22.8214216619021	1
6.125	40.75	0.00788227058898378	0.803753540823266	-0.00537831729552955	22.8183744475895	1
6.375	40.75	0.00979356994646491	0.805580873350154	-0.00565674224182027	22.8142807616525	1
6.625	40.75	0.0120262297762656	0.807803112004026	-0.00588231682648469	22.80885590504	1
6.875	40.75	0.0148014932037278	0.810417642219733	-0.00602674899096798	22.8016998148381	1
7.125	40.75	0.0185999711422705	0.813394640840732	-0.00604986806798137	22.792225402495	1
7.375	40.75	0.0243584737809325	0.816667768473263	-0.00590010880582237	22.7795538688405	1
7.625	40.75	0.0337707247076477	0.820117706332809	-0.00551831820138748	22.762374877624	1
7.875	40.75	0.0497007217865732	0.823541600084981	-0.00484643716457486	22.7387834768967	1
8.125	40.75	0.0766244095840364	0.826603512639045	-0.0038425150390318	22.7061356805675	1
8.375	40.75	0.120763542066529	0.828782726856865	-0.00250290024133775	22.6610149789232	1
8.625	40.75	0.189127191404427	0.829402860511856	-0.000889527355693617	22.5994592900242	1
8.875	40.75	0.286407639691914	0.827909342180691	0.000849146070523207	22.5176016479177	1
9.125	40.75	0.409900746579273	0.824435391040037	0.00249001616906162	22.4127135972967	1
9.375	40.75	0.546310297380766	0.820114157835372	0.0038033093451645	22.2842647029	1
9.625	40.75	0.676069642752668	0.816382204828551	0.00464915892100418	22.1343173335983	1
9.875	40.75	0.783436882540497	0.813869573199293	0.00502576904626503	21.9668769656237	1
10.125	40.75	0.862675439081845	0.812279754879961	0.00503439210801341	21.7866087350015	1
10.375	40.75	0.916365433098086	0.811076937385612	0.00480820402502547	21.5977200916746	1
10.625	40.75	0.950595486488216	0.809942109379306	0.00446154200361525	21.4034359064549	1
10.875	40.75	0.97149283758155	0.80879142595399	0.00407282028188314	21.2059728325811	1
11.125	40.75	0.983847487468584	0.807652544901788	0.00368775185028656	21.0067438693194	1
11.375	40.75	0.990969632392425	0.806575437220768	0.00332895559558393	20.8066005919657	1
11.625	40.75	0.994990874578388	0.805596982442355	0.00300499997071708	20.6060323245039	1
11.875	40.75	0.997222850858916	0.804734885688152	0.00271687638733137	20.4053068990693	1
12.125	40.75	0.998446232844239	0.803991809599526	0.00246201935223694	20.204562327784	1
12.375	40.75	0.999112932117938	0.803361092196553	0.00223656089968914	20.003863488083	1
12.625	40.75	0.999477903190154	0.802831316177944	0.00203647561001144	19.8032358336724	1
12.875	40.75	0.999681419008413	0.802389337934673	0.00185808900636692	19.6026847507299	1
13.125	40.75	0.999798805148442	0.802022076917188	0.00169824854763707	19.4022062669225	1
13.375	40.75	0.999869651862356	0.801717458114285	0.00155433162986541	19.2017927182938	1
13.625	40.75	0.999914476827752	0.801464824421736	0.00142418564394968	19.0014355740637	1
13.875	40.75	0.999943929713675	0.801255038992797	0.00130604833791023	18.8011267211665	1
14.125	40.75	0.999963696424457	0.801080419739435	0.00119847068664137	18.6008589543641	1
14.375	40.75	0.9999770079628	0.800934593440643	0.00110025080492169	18.4006260835956	1
14.625	40.75	0.999985868346868	0.800812320824931	0.00101038075295178	18.2004228755919	1
14.875	40.75	0.999991630417606	0.80070932109636	0.000928005174135668	18.0002449374946	1
15.125	40.75	0.999995259044547	0.800622110294235	0.000852389717184334	17.8000885915506	1
15.375	40.75	0.999997455093357	0.800547859524813	0.000782897100606859	17.5999507602387	1
15.625	40.75	0.999998722408646	0.800484274403063	0.00071896896210297	17.3998288673035	1
15.875	40.75	0.99999941300583	0.800429494571349	0.000660112006449463	17.1997207544491	1
16.125	40.75	0.99999976327755	0.800382011056497	0.000605887326547085	16.9996246116195	1
16.375	40.75	0.999999924633019	0.800340598876107	0.000555902068768988	16.7995389185934	1
16.625	40.75	0.999999988881333	0.80030426236871	0.000509802836713828	16.5994623959659	1
16.875	40.75	1.00000000820776	0.800272190985253	0.000467270401121913	16.3993939640052	1
17.125	40.75	1.00000000997433	0.800243723594297	0.000428015396813588	16.1993327081983	1
17.375	40.75	1.00000000701329	0.800218319685873	0.000391774777379291	15.9992778505247	1
17.625	40.75	1.0000000043306	0.800195536149575	0.000358308857059316	15.7992287256375	1
17.875	40.75	1.00000000316824	0.800175008546865	0.000327398810793224	15.5991847612273	1
18.125	40.75	1.00000000326673	0.800156436015558	0.000298844538370926	15.3991454619253	1
18.375	40.75	1.00000000399213	0.800139569105139	0.00027246281924096	15.1991103961621	1
18.625	40.75	1.00000000480587	0.800124199974641	0.000248085701892939	14.9990791854798	1
18.875	40.75	1.00000000539232	0.800110154505175	0.00022555908668906	14.7990514958512	1
19.125	40.75	1.00000000563661	0.800097285949879	0.000204741468434189	14.5990270306338	1
19.375	40.75	1.00000000555493	0.800085469826638	0.000185502813597187	14.3990055248463	1
19.625	40.75	1.00000000522748	0.800074599814924	0.000167723553585218	14.1989867405083	1
19.875	40.75	1.00000000475057	0.800064584454724	0.000151293677390656	13.9989704628328	1
20.125	40.75	1.00000000420947	0.800055344492659	0.000136111910889563	13.7989564971056	1
20.375	40.75	1.00000000366689	0.80004681075015	0.000122084974590959	13.5989446661117	1
20.625	40.75	1.00000000316246	0.800038922405007	0.000109126909021683	13.3989348080044	1
20.875	40.75	1.00000000271632	0.800031625607852	9.7158461463558e-05	13.198926774527	1
21.125	40.75	1.00000000233471	0.800024872367167	8.61065289273524e-05	12.9989204295221	1
21.375	40.75	1.00000000201532	0.800018619645476	7.59036501894264e-05	12.7989156476704	1
21.625	40.75	1.0000000017514	0.800012828626542	6.64875425165354e-05	12.5989123134177	1
21.875	40.75	1.0000000015343	0.800007464121929	5.7800680212859e-05	12.3989103200535	1
22.125	40.75	1.00000000135563	0.800002494084747	4.97899092222437e-05	12.1989095689148	1
22.375	40.75	1.00000000120798	0.799997889209802	4.24060950135112e-05	11.9989099686908	1
22.625	40.75	1.00000000108487	0.79999362260536	3.56038015635318e-05	11.7989114348128	1
22.875	40.75	1.00000000098114	0.79998966952103	2.93409973389232e-05	11.5989138889136	1
23.125	40.75	1.00000000089275	0.799986007118399	2.35787862533917e-05	11.3989172583445	1
23.375	40.75	1.00000000081649	0.799982614280395	1.8281161314366e-05	11.1989214757426	1
23.625	40.75	1.00000000075002	0.79997947144832	1.34147793548558e-05	10.9989264786379	1
23.875	40.75	1.00000000069153	0.799976560481076	8.94875426225113e-06	10.7989322090975	1
24.125	40.75	1.00000000063963	0.799973864535565	4.85446667038761e-06	10.5989386133998	1
24.375	40.75	1.00000000059314	0.799971367961345	1.10539041708791e-06	10.398945641735	1
24.625	40.75	1.00000000055124	0.799969056208267	-2.32306782879115e-06	10.1989532479298	1
24.875	40.75	1.00000000051327	0.799966915743927	-5.45371561941218e-06	9.99896138919218	1
25.125	40.75	1.00000000047862	0.799964933979659	-8.30770959788924e-06	9.79897002587536	1
25.375	40.75	1.00000000044678	0.799963099204706	-1.09046803149473e-05	9.59897912125814	1
25.625	40.75	1.00000000041742	0.799961400525145	-1.32628465260853e-05	9.39898864134063	1
25.875	40.75	1.0000000003901	0.799959827808784	-1.539912062721e-05	9.19899855465383	1
26.125	40.75	1.00000000036439	0.799958371634273	-1.7329205973077e-05	8.99900883208205	1
26.375	40.75	1.00000000034006	0.799957023243909	-1.90676866482381e-05	8.79901944669701	1
26.625	40.75	1.00000000031715	0.799955774499723	-2.06281098175315e-05	8.59903037360299	1
26.875	40.75	1.00000000029566	0.799954617842969	-2.2023062049636e-05	8.39904158979215	1
27.125	40.75	1.0000000002758	0.799953546256415	-2.32642400907845e-05	8.19905307400935	1
27.375	40.75	1.00000000025807	0.799952553228599	-2.43625156079864e-05	7.99906480662575	1
27.625	40.75	1.00000000024292	0.799951632720471	-2.53279951861224e-05	7.7990767695208	1
27.875	40.75	1.00000000023026	0.79995077913436	-2.61700762227615e-05	7.59908894597216	1
28.125	40.75	1.00000000021902	0.799949987284194	-2.68974980372694e-05	7.39910132055289	1
28.375	40.75	1.00000000020644	0.799949252368676	-2.75183892681904e-05	7.1991138790359	1
28.625	40.75	1.00000000018784	0.799948569945616	-2.80403118991487e-05	6.99912660830447	1
28.875	40.75	1.00000000015746	0.799947935907381	-2.8470301843683e-05	6.79913949626915	1
29.125	40.75	1.00000000011214	0.799947346458711	-2.8814906688207e-05	6.59915253178971	1
29.375	40.75	1.000000000057	0.799946798094622	-2.9080220471569e-05	6.39916570460151	1
29.625	40.75	1.00000000001276	0.799946287579753	-2.9271916396379e-05	6.19917900524596	1
29.875	40.75	1.00000000002106	0.799945811928278	-2.93952766938115e-05	5.99919242500414	1
30.125	40.75	1.00000000013991	0.799945368384079	-2.94552203939528e-05	5.79920595583537	1
30.375	40.75	1.00000000041925	0.799944954403139	-2.94563295616749e-05	5.59921959032254	1
30.625	40.75	1.00000000084949	0.799944567638753	-2.94028724693793e-05	5.39923332162897	1
30.875	40.75	1.00000000128767	0.799944205933527	-2.92988246008476e-05	5.19924714347084	1
31.125	40.75	1.00000000139059	0.799943867318296	-2.91478880042743e-05	4.99926105010567	1
31.375	40.75	1.00000000061809	0.799943550016728	-2.89535085378313e-05	4.79927503632909	1
31.625	40.75	0.999999998400306	0.799943252450328	-2.87188927742355e-05	4.59928909745614	1
31.875	40.75	0.999999994555218	0.799942973226477	-2.84470269861424e-05	4.39930322924609	1
32.125	40.75	0.999999989954369	0.799942711084867	-2.81407001832193e-05	4.1993174277239	1
32.375	40.75	0.999999987228507	0.799942464783858	-2.78025324936215e-05	3.99933168887273	1
32.625	40.75	0.999999990990145	0.799942232928288	-2.74350064336666e-05	3.79934600824547	1
32.875	40.75	1.00000000673885	0.799942013792	-2.70404913969618e-05	3.59936038067656	1
33.125	40.75	1.00000003757627	0.799941805269538	-2.6621243376826e-05	3.39937480044178	1
33.375	40.75	1.00000007849433	0.799941605168176	-2.61793575557244e-05	3.19938926231547	1
33.625	40.75	1.00000010970307	0.799941412052485	-2.57166589965962e-05	2.99940376384455	1
33.875	40.75	1.00000009326012	0.79994122668144	-2.52345468156641e-05	2.79941830858329	1
34.125	40.75	0.999999980292204	0.79994105363384	-2.47338666510277e-05	2.59943290888879	1
34.375	40.75	0.999999737114627	0.799940902001657	-2.42149637774137e-05	2.39944758534508	1
34.625	40.75	0.999999393922657	0.799940783275708	-2.3678123937363e-05	2.19946235872799	1
34.875	40.75	0.999999105602378	0.79994070434736	-2.31245648411472e-05	1.99947723113673	1
35.125	40.75	0.999999189521946	0.799940654847239	-2.25579000275209e-05	1.79949215746902	1
35.375	40.75	1.00000007640336	0.799940591802773	-2.19854927938469e-05	1.59950701821994	1
35.625	40.75	1.0000020965175	0.799940431023999	-2.14184194540543e-05	1.39952161853474	1
35.875	40.75	1.00000505705406	0.799940061929932	-2.08681953569154e-05	1.19953575035392	1
36.125	40.75	1.00000768469985	0.799939405633517	-2.03386501608457e-05	0.999549351332103	1
36.375	40.75	1.00000722631315	0.799938526539629	-1.98132571712041e-05	0.799562757795327	1
36.625	40.75	0.999999772112462	0.799937776017755	-1.92425020732057e-05	0.599576964380035	1
36.875	40.75	0.999982029787318	0.799937883105661	-1.8542090433887e-05	0.399593675819744	1
37.125	40.75	0.999955043039649	0.799947186871507	-1.76184185887569e-05	0.199614819736368	1
37.375	40.75	0.99992935860715	0.39995048923445	-1.66003804315135e-05	-0.00036245864080961	1
0.125	41.25	0.000416187859042077	0.799831997592351	0.00330929188434969	22.8274385635203	1
0.375	41.25	0.000416609262826567	0.800003193034831	0.00320119791714958	22.8273527123789	1
0.625	41.25	0.000417453174225326	0.799990550724635	0.00298684796674638	22.8272663564766	1
0.875	41.25	0.000418537357279162	0.79995056972584	0.00267417194216072	22.8271865726856	1
1.125	41.25	0.000419321061264877	0.799880345185952	0.00227440205911096	22.8271211084519	1
1.375	41.25	0.000418769523124109	0.7997835412823	0.00182583824510658	22.8270787918509	1
1.625	41.25	0.0004153222059598	0.799687003304453	0.00140494609869411	22.827065625993	1
1.875	41.25	0.000407044218375479	0.799642561441945	0.00112449701548868	22.8270769791624	1
2.125	41.25	0.000392030425989521	0.799692662717976	0.00108137358340051	22.8270929800344	1
2.375	41.25	0.000369091967294701	0.79981393036703	0.00124764222173317	22.8270880783992	1
2.625	41.25	0.00033869070302078	0.799909281455886	0.00140992569467023	22.8270544036607	1
2.875	41.25	0.000304018572890942	0.799891164942265	0.0012942725484648	22.8270143180762	1
3.125	41.25	0.000272075528103079	0.799763596446708	0.00079369807099765	22.8270007558894	1
3.375	41.25	0.000254597188510759	0.799596102642495	2.71341771825298e-05	22.827027727703	1
3.625	41.25	0.00026869823708764	0.799446251547358	-0.000805863827809783	22.8270840590068	1
3.875	41.25	0.000337090881288672	0.799334459011876	-0.00156488894945607	22.827143790575	1
4.125	41.25	0.000487702619909704	0.799266498322798	-0.00222086006482288	22.8271729592611	1
4.375	41.25	0.00075247862577352	0.799253972681554	-0.00282391554855046	22.827128583345	1
4.625	41.25	0.00116516380292758	0.799317926442949	-0.00343642084914318	22.8269554661561	1
4.875	41.25	0.00175802703229704	0.799486081186008	-0.00409708733923194	22.8265843729671	1
5.125	41.25	0.00255792315714274	0.799791136023207	-0.00482135024725379	22.82593135771	1
5.375	41.25	0.00358273531553285	0.800269465493273	-0.00561091503983787	22.8248972331178	1
5.625	41.25	0.00483991779598871	0.800958461947868	-0.00645808141157341	22.8233663879254	1
5.875	41.25	0.00632954277228759	0.801892659321507	-0.00734489182798727	22.8212036499817	1
6.125	41.25	0.00805520085799107	0.803099547117556	-0.00824028516754261	22.8182467749648	1
6.375	41.25	0.0100477055934671	0.804595703766178	-0.00909715806645472	22.8142908200336	1
6.625	41.25	0.0124092610298202	0.806383533685984	-0.0098502683255169	22.8090592334786	1
6.875	41.25	0.0153901326283646	0.808448606678675	-0.0104158088145658	22.8021550328178	1
7.125	41.25	0.019516333267685	0.810756906836235	-0.010693726057786	22.7929844608118	1
7.375	41.25	0.0257943595556408	0.81324965131115	-0.0105740651377177	22.7806463912793	1
7.625	41.25	0.0360210768343362	0.815830472419992	-0.00994859024617225	22.7637864215919	1
7.875	41.25	0.0532018637752129	0.8183367587341	-0.00872866907306094	22.7404301541764	1
8.125	41.25	0.0819753050082614	0.820489489117921	-0.00687018591284839	22.7078424596167	1
8.375	41.25	0.128671145394216	0.821840441915128	-0.00440589640069296	22.6625118289256	1
8.625	41.25	0.200173104206923	0.821806311905183	-0.00148208167596076	22.6004142752692	1
8.875	41.25	0.300573853209538	0.819957280714144	0.00161781647951858	22.517702880727	1
9.125	41.25	0.4260826132987	0.816562068733134	0.00450303582621142	22.4117810976056	1
9.375	41.25	0.562437417095042	0.812796803234092	0.00679105455031967	22.2823306630458	1
9.625	41.25	0.690090868172653	0.809956772443607	0.00825851869833821	22.1316117085074	1
9.875	41.25	0.79429141879527	0.808438232003556	0.00890774560960625	21.9637249638447	1
10.125	41.25	0.870386492777241	0.807781886056097	0.00890533172199769	21.7833159557379	1
10.375	41.25	0.921538311350844	0.807392832948803	0.00847096692766123	21.5945085691404	1
10.625	41.25	0.953945515345174	0.806945046792532	0.0077992213874039	21.4004357830911	1
10.875	41.25	0.973619139074648	0.806362950394538	0.00703121778484358	21.2032427549194	1
11.125	41.25	0.98518303027664	0.805686766814023	0.00625644477027485	21.0042966903189	1
11.375	41.25	0.991804696958486	0.804981008397827	0.00552513774497235	20.8044239558853	1
11.625	41.25	0.995512467575585	0.804297677329739	0.00486124191417373	20.604102239639	1
11.875	41.25	0.997548935990536	0.803668842163927	0.0042726048146103	20.4035956585007	1
12.125	41.25	0.998650447750014	0.803109861059725	0.00375802216652906	20.2030426685098	1
12.375	41.25	0.999241051944753	0.802624717942162	0.00331173634221108	20.0025104999912	1
12.625	41.25	0.999558374475029	0.802210598174931	0.00292613239036292	19.8020276249897	1
12.875	41.25	0.999731959064027	0.801861135446463	0.00259325221357176	19.6016024795077	1
13.125	41.25	0.99983049121476	0.801568499201337	0.00230557505056381	19.4012338845341	1
13.375	41.25	0.999889441837756	0.801324638665915	0.0020563642667677	19.200916610222	1
13.625	41.25	0.999926761361163	0.801121963682594	0.00183977128948117	19.0006441905291	1
13.875	41.25	0.999951489828874	0.800953669967054	0.00165081305501291	18.8004102390357	1
14.125	41.25	0.999968297224317	0.800813850984466	0.00148529099842081	18.6002089849636	1
14.375	41.25	0.999979769353145	0.800697489391388	0.00133968945850821	18.4000354279101	1
14.625	41.25	0.99998749854566	0.800600386557939	0.00121107323048954	18.1998853225684	1
14.875	41.25	0.99999257437516	0.800519065603458	0.00109699352205476	17.9997550992266	1
15.125	41.25	0.999995793540086	0.800450668354157	0.000995405790973851	17.7996417689958	1
15.375	41.25	0.999997750003779	0.800392857152921	0.000904599960420651	17.5995428337751	1
15.625	41.25	0.999998880257542	0.800343726675838	0.00082314211660764	17.3994562073153	1
15.875	41.25	0.999999494427546	0.800301727529717	0.000749826258185844	17.1993801480141	1
16.125	41.25	0.999999803292719	0.800265601572143	0.000683634575828851	16.9993132021426	1
16.375	41.25	0.99999994292584	0.80023432797505	0.000623704841871843	16.7992541558679	1
16.625	41.25	0.999999996180168	0.800207078694949	0.000569303669475241	16.5992019946622	1
16.875	41.25	1.00000001016224	0.800183181954876	0.000519804593351021	16.3991558689896	1
17.125	41.25	1.00000000945008	0.800162092423671	0.000474670096682335	16.1991150654125	1
17.375	41.25	1.00000000540806	0.800143366944235	0.000433436868342823	15.9990789824058	1
17.625	41.25	1.00000000230183	0.800126644822073	0.000395703697062677	15.799047110261	1
17.875	41.25	1.00000000101784	0.800111631845868	0.000361121519239965	15.5990190145174	1
18.125	41.25	1.0000000011341	0.800098087360895	0.00032938522652226	15.3989943223995	1
18.375	41.25	1.0000000019452	0.800085813828561	0.000300226907621915	15.1989727117833	1
18.625	41.25	1.00000000288071	0.800074648407699	0.000273410261931639	14.9989539022659	1
18.875	41.25	1.00000000360896	0.800064456183521	0.000248725970489478	14.7989376479593	1
19.125	41.25	1.0000000040051	0.800055124724859	0.00022598784766499	14.5989237316889	1
19.375	41.25	1.00000000407769	0.800046559720766	0.000205029633316757	14.3989119603227	1
19.625	41.25	1.000000003901	0.800038681488956	0.000185702309261743	14.1989021610081	1
19.875	41.25	1.00000000356695	0.800031422180554	0.000167871845743171	13.9988941781331	1
20.125	41.25	1.00000000315778	0.800024723548666	0.000151417302102032	13.7988878708653	1
20.375	41.25	1.00000000273471	0.800018535169151	0.00013622922016189	13.5988831111491	1
20.625	41.25	1.00000000233698	0.800012813017645	0.000122208258379494	13.3988797820688	1
20.875	41.25	1.00000000198498	0.800007518337275	0.000109264026680204	13.198877776503	1
21.125	41.25	1.00000000168585	0.800002616735802	9.73140883138686e-05	12.9988769960102	1
21.375	41.25	1.00000000143852	0.799998077461373	8.62831001422897e-05	12.7988773498995	1
21.625	41.25	1.00000000123737	0.799993872825174	7.61020693726527e-05	12.5988787544499	1
21.875	41.25	1.00000000107498	0.799989977740489	6.67077087837946e-05	12.3988811322482	1
22.125	41.25	1.00000000094412	0.799986369349436	5.80418734041429e-05	12.1988844116216	1
22.375	41.25	1.00000000083823	0.799983026722925	5.00510668921998e-05	11.9988885261484	1
22.625	41.25	1.00000000075171	0.799979930618264	4.26860080901705e-05	11.7988934142303	1
22.875	41.25	1.00000000068013	0.79997706328099	3.59012471199065e-05	11.5988990187162	1
23.125	41.25	1.00000000062012	0.799974408281152	2.96548248495791e-05	11.398905286567	1
23.375	41.25	1.00000000056891	0.799971950380529	2.3907969857561e-05	11.198912168556	1
23.625	41.25	1.00000000052472	0.799969675420317	1.86248272061501e-05	10.9989196189967	1
23.875	41.25	1.0000000004862	0.799967570224344	1.37722153917745e-05	10.7989275954956	1
24.125	41.25	1.00000000045221	0.799965622519819	9.31940669591229e-06	10.5989360587256	1
24.375	41.25	1.00000000042185	0.799963820867691	5.23792992080279e-06	10.3989449722171	1
24.625	41.25	1.00000000039452	0.799962154600966	1.50139106443875e-06	10.1989543021646	1
24.875	41.25	1.00000000036966	0.799960613771214	-1.91468977197001e-06	9.99896401724652	1
25.125	41.25	1.00000000034677	0.799959189099945	-5.03302606704606e-06	9.79897408845796	1
25.375	41.25	1.00000000032554	0.799957871935208	-7.87470016832416e-06	9.59898448895389	1
25.625	41.25	1.00000000030579	0.799956654211771	-1.04592868980129e-05	9.39899519390263	1
25.875	41.25	1.00000000028722	0.799955528414681	-1.2804966631951e-05	9.19900618034842	1
26.125	41.25	1.00000000026954	0.799954487545057	-1.49286290116891e-05	8.9990174270825	1
26.375	41.25	1.00000000025261	0.799953525088682	-1.68459684714258e-05	8.7990289145222	1
26.625	41.25	1.00000000023652	0.799952634986517	-1.85715719057334e-05	8.59904062459726	1
26.875	41.25	1.00000000022131	0.799951811606281	-2.01189992589613e-05	8.39905254064321	1
27.125	41.25	1.00000000020721	0.799951049716556	-2.15008584128836e-05	8.19906464730151	1
27.375	41.25	1.0000000001947	0.799950344462548	-2.27288739462083e-05	7.99907693042545	1
27.625	41.25	1.00000000018426	0.799949691341967	-2.38139503286529e-05	7.79908937699215	1
27.875	41.25	1.00000000017588	0.799949086182892	-2.47662309450905e-05	7.59910197502016	1
28.125	41.25	1.00000000016857	0.799948525122956	-2.55951523949287e-05	7.39911471349237	1
28.375	41.25	1.00000000015967	0.799948004589881	-2.63094946058383e-05	7.199127582284	1
28.625	41.25	1.00000000014464	0.799947521282674	-2.6917427478296e-05	6.99914057209513	1
28.875	41.25	1.0000000001179	0.799947072153514	-2.74265540213676e-05	6.79915367438793	1
29.125	41.25	1.00000000007636	0.79994665439169	-2.78439506023595e-05	6.5991668813275	1
29.375	41.25	1.00000000002498	0.799946265406929	-2.81762038929894e-05	6.39918018572562	1
29.625	41.25	0.999999999983927	0.799945902813727	-2.84294455754281e-05	6.1991935809876	1
29.875	41.25	0.999999999993855	0.799945564416431	-2.86093845619231e-05	5.99920706106095	1
30.125	41.25	1.00000000011147	0.799945248193223	-2.87213365848035e-05	5.7992206203878	1
30.375	41.25	1.00000000038562	0.799944952282591	-2.8770252103452e-05	5.59923425386342	1
30.625	41.25	1.00000000080721	0.799944674972849	-2.87607414812766e-05	5.3992479568048	1
30.875	41.25	1.00000000123722	0.799944414696728	-2.86970976406397e-05	5.1992617249336	1
31.125	41.25	1.00000000134117	0.799944170033017	-2.85833169554253e-05	4.99927555437447	1
31.375	41.25	1.00000000059205	0.799943939714244	-2.84231180780659e-05	4.79928944166052	1
31.625	41.25	0.999999998433102	0.799943722633693	-2.82199601804995e-05	4.59930338372314	1
31.875	41.25	0.999999994684525	0.799943517835818	-2.79770632550482e-05	4.39931737782649	1
32.125	41.25	0.999999990192592	0.799943324466512	-2.76974325214788e-05	4.19933142140051	1
32.375	41.25	0.999999987518626	0.799943141664274	-2.73838878553189e-05	3.99934551174767	1
32.625	41.25	0.999999991158341	0.799942968393834	-2.70390959592449e-05	3.79935964566992	1
32.875	41.25	1.00000000647822	0.799942803274633	-2.66655958768377e-05	3.59937381919269	1
33.125	41.25	1.00000003651699	0.79994264453502	-2.6265799894178e-05	3.39938802772431	1
33.375	41.25	1.00000007641921	0.799942490297395	-2.58419475254963e-05	3.19940226708958	1
33.625	41.25	1.00000010692667	0.799942339401837	-2.53959980102826e-05	2.99941653574946	1
33.875	41.25	1.00000009107863	0.799942192808016	-2.4929476794897e-05	2.79943083795896	1
34.125	41.25	0.999999981227441	0.799942055181733	-2.44433500528411e-05	2.59944518650039	1
34.375	41.25	0.999999744472844	0.799941935574657	-2.39380781087422e-05	2.39945960213564	1
34.625	41.25	0.999999410114243	0.799941845369571	-2.34140531384992e-05	2.19947410579256	1
34.875	41.25	0.99999912895781	0.799941791465534	-2.28725828464395e-05	1.99948870019139	1
35.125	41.25	0.999999210244712	0.799941763938715	-2.23173421287329e-05	1.79950334204815	1
35.375	41.25	1.0000000738943	0.799941721077864	-2.17557153391056e-05	1.59951791554384	1
35.625	41.25	1.00000204217343	0.799941580960103	-2.11987601072191e-05	1.3995322313511	1
35.875	41.25	1.00000492757394	0.799941235861226	-2.06579632038604e-05	1.19954608713767	1
36.125	41.25	1.00000748885268	0.799940608843448	-2.01371907682469e-05	0.999559422425704	1
36.375	41.25	1.00000704069992	0.799939762572392	-1.96201370259598e-05	0.799572565227588	1
36.625	41.25	0.999999767730831	0.799939039543818	-1.9057817468923e-05	0.599586485393025	1
36.875	41.25	0.99998245430755	0.799939150562481	-1.83668056647907e-05	0.399602845525218	1
37.125	41.25	0.999956113748204	0.799948248268967	-1.74544810610737e-05	0.199623526522479	1
37.375	41.25	0.999931035993304	0.399951408235446	-1.64482854161473e-05	-0.00035426227482403	1
0.125	41.75	0.000421700529454568	0.799833388777577	0.00306806380052194	22.8273629025385	1
0.375	41.75	0.000422115344886951	0.800009122708416	0.00301684335823499	22.827274693196	1
0.625	41.75	0.000422940404734299	0.80000122654065	0.00277796263808071	22.8271860759215	1
0.875	41.75	0.000423983531107	0.799974863317587	0.00235078114808227	22.8271016326168	1
1.125	41.75	0.000424691390495393	0.799924177212544	0.0017256516121855	22.8270271218058	1
1.375	41.75	0.000424017137850287	0.7998466097263	0.000848947161425517	22.8269703263681	1
1.625	41.75	0.000420393892186075	0.799757313712096	-0.000335388950983018	22.8269383664242	1
1.875	41.75	0.000411893463441623	0.799695895847386	-0.00176823581530575	22.8269311326597	1
2.125	41.75	0.000396639045423162	0.799706865954317	-0.00312276007901516	22.8269353300496	1
2.375	41.75	0.000373499833156527	0.799793618074525	-0.00383287774689886	22.8269287495275	1
2.625	41.75	0.000343030616759111	0.79989329831765	-0.0035169736657478	22.8268983403985	1
2.875	41.75	0.000308551054522882	0.799925141284624	-0.00245667907234754	22.8268544974471	1
3.125	41.75	0.000277217201688089	0.799866151112652	-0.00138181585732851	22.826820566934	1
3.375	41.75	0.000260936697812211	0.799754013799169	-0.000790873852911795	22.8268104462941	1
3.625	41.75	0.000276994617477379	0.799634890071267	-0.000765225408030715	22.8268196727395	1
3.875	41.75	0.000348250273825777	0.799536359237177	-0.00117815572939431	22.8268285834877	1
4.125	41.75	0.000502730492364743	0.799472193488566	-0.00185124992412312	22.8268061715473	1
4.375	41.75	0.000772408535637628	0.799452493178842	-0.00264517413715304	22.8267112962876	1
4.625	41.75	0.00119097266627531	0.799489666168426	-0.00350008763547326	22.8264923415601	1
4.875	41.75	0.00179056259392524	0.799601308900373	-0.00441928053761667	22.8260863382202	1
5.125	41.75	0.00259789798998839	0.799810982979234	-0.00542839383032614	22.8254179388998	1
5.375	41.75	0.00363089668999997	0.800146871272754	-0.0065444392619189	22.8243983342746	1
5.625	41.75	0.00489759378849963	0.800638895637945	-0.007762747274116	22.8229235703144	1
5.875	41.75	0.00639989330645239	0.801315267281565	-0.00905402401968386	22.8208707037058	1
6.125	41.75	0.00814568026091175	0.802199133888609	-0.0103639569930793	22.8180890790968	1
6.375	41.75	0.0101745080435648	0.803305625241585	-0.011612924630448	22.8143827704624	1
6.625	41.75	0.0126049301120356	0.804639451340541	-0.0126965390302931	22.8094788257937	1
6.875	41.75	0.0157161322287904	0.806192989342697	-0.0134886703370745	22.8029745101662	1
7.125	41.75	0.0200831845723175	0.807944010210226	-0.0138485413793922	22.7942558789849	1
7.375	41.75	0.0267925715997008	0.809850344540395	-0.0136330601888516	22.7823812878738	1
7.625	41.75	0.0377650104994929	0.81183570253639	-0.0127148732517977	22.7659300281834	1
7.875	41.75	0.0561815507665909	0.81375798304479	-0.0110058931113742	22.7428335877883	1
8.125	41.75	0.0868891096065031	0.815355401222169	-0.00848589302677896	22.7102419362562	1
8.375	41.75	0.136365252038927	0.816194821881408	-0.00523608766655	22.6645317803047	1
8.625	41.75	0.211360813163573	0.815723262587082	-0.00147421792857623	22.6016165008858	1
8.875	41.75	0.315266171114533	0.813590370549188	0.00242891429165666	22.5176937896705	1
9.125	41.75	0.44302697407382	0.810190390141311	0.00599716256630393	22.4103502639562	1
9.375	41.75	0.579304266636531	0.806762232544326	0.00879051082746916	22.2795436309169	1
9.625	41.75	0.704631962234841	0.804497817134684	0.010571025155051	22.1277836002623	1
9.875	41.75	0.805396742398934	0.803615463109569	0.0113604608391286	21.95928915804	1
10.125	41.75	0.878130993203462	0.803553636232188	0.0113594324180668	21.7786814195644	1
10.375	41.75	0.926607682444419	0.803700549965973	0.0108235693493373	21.5899797256534	1
10.625	41.75	0.957124951591799	0.803739262119461	0.00998075413455354	21.3961994204705	1
10.875	41.75	0.975556174862084	0.803599079940098	0.00900108068305269	21.19939060196	1
11.125	41.75	0.98633924118762	0.803319592508601	0.00799751347111219	21.0008562102587	1
11.375	41.75	0.992484389587328	0.802963993851188	0.00703774867949151	20.8013844575156	1
11.625	41.75	0.995907259832976	0.802584814101552	0.00615747345799427	20.6014332252419	1
11.875	41.75	0.997775996396837	0.802216731980579	0.00537145798470074	20.401258387712	1
12.125	41.75	0.998779962352733	0.801879126211554	0.00468174971872625	20.2009968612111	1
12.375	41.75	0.999314406021336	0.801580649975177	0.00408328824779896	20.0007178886234	1
12.625	41.75	0.99959965912147	0.801323236110273	0.00356753529286722	19.8004535953196	1
12.875	41.75	0.99975504879988	0.801104994986564	0.00312469465558605	19.6002166158824	1
13.125	41.75	0.999843307766718	0.800922124950965	0.00274498504653789	19.4000099271249	1
13.375	41.75	0.999896479240648	0.80077009272032	0.00241930620107846	19.1998321263215	1
13.625	41.75	0.999930559007578	0.800644317376595	0.00213953412153549	18.9996801321176	1
13.875	41.75	0.999953480321104	0.800540533826337	0.00189860138608106	18.7995504797677	1
14.125	41.75	0.999969288832878	0.800454958106158	0.00169046140671074	18.5994398831769	1
14.375	41.75	0.99998021821717	0.800384335983662	0.00150999675809384	18.3993454358311	1
14.625	41.75	0.999987661550999	0.800325927226002	0.00135290645973559	18.1992646475592	1
14.875	41.75	0.99999259505856	0.800277458074362	0.00121559129154794	17.999195415649	1
15.125	41.75	0.999995750645345	0.80023706130984	0.00109504670376241	17.7991359759823	1
15.375	41.75	0.999997685213433	0.800203214831364	0.000988767400145566	17.5990848530637	1
15.625	41.75	0.999998814224686	0.800174684382165	0.000894664665617653	17.3990408152631	1
15.875	41.75	0.999999436132926	0.800150472887731	0.00081099597992615	17.1990028363716	1
16.125	41.75	0.999999755516301	0.800129777075427	0.000736305769125083	16.9989700628184	1
16.375	41.75	0.999999905411435	0.800111951087376	0.000669375906854105	16.7989417855995	1
16.625	41.75	0.999999967412663	0.800096476370946	0.000609184578156913	16.5989174161427	1
16.875	41.75	0.999999988311052	0.800082936984905	0.000554872219988729	16.3988964655684	1
17.125	41.75	0.999999992820456	0.800070999463463	0.000505713397605373	16.1988785269725	1
17.375	41.75	0.999999992613714	0.800060396469451	0.000461093632231033	15.9988632604364	1
17.625	41.75	0.999999992290974	0.800050913562556	0.000420490335808421	15.7988503804906	1
17.875	41.75	0.999999993031675	0.800042378518139	0.000383457141955141	15.5988396457597	1
18.125	41.75	0.999999994643165	0.800034652730341	0.000349611037954173	15.3988308505088	1
18.375	41.75	0.999999996586312	0.800027624308819	0.000318621797516973	15.1988238178129	1
18.625	41.75	0.999999998404613	0.800021202552885	0.000290203302982385	14.9988183940869	1
18.875	41.75	0.99999999984123	0.800015313543215	0.000264106415123238	14.798814444734	1
19.125	41.75	1.00000000081912	0.80000989663146	0.000240113107311295	14.5988118507003	1
19.375	41.75	1.00000000137707	0.800004901658902	0.000218031635637229	14.3988105057558	1
19.625	41.75	1.00000000160894	0.800000286758325	0.000197692553597453	14.1988103143505	1
19.875	41.75	1.00000000161998	0.799996016619217	0.000178945416948274	13.9988111899217	1
20.125	41.75	1.0000000015022	0.799992061126587	0.000161656053542967	13.7988130535575	1
20.375	41.75	1.00000000132471	0.799988394295331	0.000145704294124796	13.5988158329354	1
20.625	41.75	1.00000000113344	0.799984993434645	0.000130982080236708	13.3988194614763	1
20.875	41.75	1.00000000095461	0.799981838500178	0.000117391882226078	13.1988238776658	1
21.125	41.75	1.00000000080063	0.799978911589807	0.00010484537029634	12.9988290245056	1
21.375	41.75	1.00000000067498	0.799976196549842	9.32622939045691e-05	12.798834849064	1
21.625	41.75	1.00000000057593	0.799973678672351	8.25695333855345e-05	12.5988413021072	1
21.875	41.75	1.0000000004994	0.799971344461393	7.27002930831479e-05	12.3988483377889	1
22.125	41.75	1.00000000044093	0.799969181449148	6.35934110865093e-05	12.1988559133877	1
22.375	41.75	1.00000000039616	0.799967178055913	5.51927664064291e-05	11.9988639890811	1
22.625	41.75	1.00000000036144	0.799965323481036	4.74467678419639e-05	11.7988725277481	1
22.875	41.75	1.00000000033396	0.799963607616535	4.03079091934816e-05	11.5988814947931	1
23.125	41.75	1.00000000031166	0.799962020979584	3.37323816231471e-05	11.3988908579883	1
23.375	41.75	1.00000000029286	0.79996055466044	2.76797342669215e-05	11.1989005873298	1
23.625	41.75	1.00000000027678	0.799959200279203	2.21125740068599e-05	10.9989106549037	1
23.875	41.75	1.00000000026279	0.799957949948416	1.69963003091862e-05	10.798921034763	1
24.125	41.75	1.00000000025027	0.799956796245067	1.22988688008431e-05	10.5989317028115	1
24.375	41.75	1.0000000002388	0.799955732185682	7.99058015450209e-06	10.3989426366935	1
24.625	41.75	1.00000000022817	0.799954751202298	4.04389060046908e-06	10.1989538156905	1
24.875	41.75	1.00000000021804	0.799953847123292	4.33240591451204e-07	9.99896522062205	1
25.125	41.75	1.00000000020814	0.799953014154832	-2.86509951634069e-06	9.79897683375159	1
25.375	41.75	1.00000000019849	0.799952246863168	-5.87316971027333e-06	9.59898863869673	1
25.625	41.75	1.00000000018912	0.799951540158	-8.61144812008531e-06	9.39900062034364	1
25.875	41.75	1.00000000017986	0.799950889277316	-1.10989677736755e-05	9.19901276476543	1
26.125	41.75	1.00000000017064	0.799950289771408	-1.33534231548947e-05	8.99902505914421	1
26.375	41.75	1.00000000016147	0.799949737487951	-1.53912680285174e-05	8.79903749169711	1
26.625	41.75	1.00000000015248	0.799949228557884	-1.72278056709266e-05	8.59905005160579	1
26.875	41.75	1.00000000014377	0.799948759380418	-1.88772714853115e-05	8.3990627289494	1
27.125	41.75	1.00000000013562	0.799948326609037	-2.03529094066998e-05	8.19907551464143	1
27.375	41.75	1.00000000012852	0.799947927139086	-2.16670426402593e-05	7.99908840036944	1
27.625	41.75	1.00000000012298	0.799947558093829	-2.28311386015911e-05	7.79910137853819	1
27.875	41.75	1.00000000011902	0.799947216811277	-2.38558693157745e-05	7.59911444221615	1
28.125	41.75	1.00000000011577	0.799946900832147	-2.47511673432779e-05	7.39912758508517	1
28.375	41.75	1.00000000011063	0.799946607888367	-2.55262774913935e-05	7.19914080139321	1
28.625	41.75	1.00000000009922	0.79994633589137	-2.61898049477096e-05	6.99915408590986	1
28.875	41.75	1.00000000007617	0.799946082920365	-2.67497596998539e-05	6.79916743388473	1
29.125	41.75	1.00000000003844	0.799945847212649	-2.72135982883822e-05	6.59918084100833	1
29.375	41.75	0.999999999990852	0.799945627152851	-2.75882621893822e-05	6.39919430337397	1
29.625	41.75	0.999999999953085	0.799945421261971	-2.78802135682656e-05	6.19920781744176	1
29.875	41.75	0.999999999964776	0.799945228187611	-2.80954690782509e-05	5.99922138000325	1
30.125	41.75	1.00000000008129	0.799945046692543	-2.82396307886763e-05	5.79923498814862	1
30.375	41.75	1.0000000003504	0.799944875645032	-2.83179149758231e-05	5.59924863923884	1
30.625	41.75	1.00000000076352	0.799944714012458	-2.83351786919661e-05	5.3992623308869	1
30.875	41.75	1.00000000118553	0.79994456085913	-2.8295943647073e-05	5.19927606095199	1
31.125	41.75	1.00000000129061	0.799944415350746	-2.82044180099198e-05	4.99928982754814	1
31.375	41.75	1.00000000056479	0.799944276765103	-2.80645163588561e-05	4.79930362905919	1
31.625	41.75	0.999999998464301	0.79994414450143	-2.7879878980941e-05	4.59931746413764	1
31.875	41.75	0.999999994811568	0.799944018073054	-2.76538930562291e-05	4.39933133164933	1
32.125	41.75	0.999999990427769	0.799943897061589	-2.73897179542584e-05	4.19934523051858	1
32.375	41.75	0.999999987805316	0.799943781013244	-2.70903154990125e-05	3.99935915944961	1
32.625	41.75	0.999999991324047	0.799943669278334	-2.67584827771021e-05	3.79937311656935	1
32.875	41.75	1.00000000621847	0.799943560845608	-2.63968782584049e-05	3.59938709916392	1
33.125	41.75	1.00000003546496	0.799943454299003	-2.60080235887891e-05	3.39940110383826	1
33.375	41.75	1.00000007435948	0.799943348096368	-2.5594258778307e-05	3.19941512752665	1
33.625	41.75	1.00000010417127	0.799943241372366	-2.51576361303722e-05	2.99942916965888	1
33.875	41.75	1.00000008891343	0.799943135305206	-2.46997685506509e-05	2.79944323524227	1
34.125	41.75	0.999999982154062	0.799943034664792	-2.42217058552822e-05	2.59945733753364	1
34.375	41.75	0.999999751771022	0.799942948479427	-2.37239885171725e-05	2.39947149751996	1
34.625	41.75	0.999999426175215	0.799942888040087	-2.32070827066688e-05	2.19948573632459	1
34.875	41.75	0.9999991521264	0.799942860267422	-2.26723572544296e-05	1.99950005732507	1
35.125	41.75	0.999999230805667	0.799942855692322	-2.21235251376605e-05	1.79951441907908	1
35.375	41.75	1.00000007141903	0.799942833866503	-2.15679761469001e-05	1.59952870945873	1
35.625	41.75	1.00000198829578	0.79994271512661	-2.10167409550378e-05	1.39954274465146	1
35.875	41.75	1.00000479918515	0.799942394591526	-2.04812708037704e-05	1.19955632803539	1
36.125	41.75	1.00000729464208	0.799941797265046	-1.99654472573352e-05	0.999569401012807	1
36.375	41.75	1.00000685660707	0.799940984094775	-1.94531244610076e-05	0.799582283377744	1
36.625	41.75	0.999999763269297	0.799940288782183	-1.88957171607251e-05	0.599595920425637	1
36.875	41.75	0.999982874972394	0.799940404054387	-1.82104547197169e-05	0.399611933009728	1
37.125	41.75	0.999957174873444	0.799949297899179	-1.73054482276999e-05	0.199632155730834	1
37.375	41.75	0.999932698345804	0.399952316279486	-1.63071603421463e-05	-0.000346138550861224	1
0.125	42.25	0.000430932040299365	0.79982298982589	0.00328171390921017	22.8272819304869	1
0.375	42.25	0.000431338194129045	0.799989634091578	0.00321443677107171	22.8271947859449	1
0.625	42.25	0.000432135740479305	0.799977595051834	0.0030727709008132	22.827110686747	1
0.875	42.25	0.00043311333600533	0.799967798167992	0.00284695374237838	22.8270289364288	1
1.125	42.25	0.000433690754637267	0.799957057494167	0.00255903272551673	22.8269496437272	1
1.375	42.25	0.0004327899237291	0.799941996876679	0.0021964348912216	22.8268741254753	1
1.625	42.25	0.000428815114351804	0.799921721527947	0.00171865907841183	22.8268047987643	1
1.875	42.25	0.000419822198200555	0.799901107508439	0.00112978230189806	22.8267440853889	1
2.125	42.25	0.000403945269027736	0.79989010503181	0.000591192075617486	22.8266923529837	1
2.375	42.25	0.000380106539831515	0.799894063129804	0.000395930817275595	22.8266469881058	1
2.625	42.25	0.000348968339346802	0.79990333520209	0.000637255872210657	22.8266052070372	1
2.875	42.25	0.000314016635954549	0.799900214662821	0.000946134436489373	22.8265678241944	1
3.125	42.25	0.000282625005524399	0.79987671539306	0.000867356724951134	22.826537887785	1
3.375	42.25	0.000266949419259203	0.799839840357344	0.000341924705473085	22.826515251591	1
3.625	42.25	0.000284520981369122	0.799804378535788	-0.000414754145389812	22.8264915785326	1
3.875	42.25	0.000358397342891299	0.799781201320458	-0.00121291101124004	22.8264483351687	1
4.125	42.25	0.000516699872291721	0.799770625509207	-0.00199291775603224	22.8263585495051	1
4.375	42.25	0.000791329960346548	0.799768608854691	-0.00278874233548567	22.8261888517753	1
4.625	42.25	0.00121567701787607	0.799777093273889	-0.00366072091147191	22.8258987187018	1
4.875	42.25	0.00182131174829962	0.79980765072803	-0.00465934082141025	22.8254380575713	1
5.125	42.25	0.00263411869379339	0.799879167339433	-0.00581576423114648	22.8247453128752	1
5.375	42.25	0.00367102669924282	0.800014916054121	-0.00713925326493376	22.8237463077876	1
5.625	42.25	0.00493925566401009	0.800241044025346	-0.00861444664024225	22.8223523476405	1
5.875	42.25	0.00644076819229471	0.800585679591336	-0.0101984375836179	22.820455376227	1
6.125	42.25	0.00818567028555519	0.801077700994798	-0.0118181295325581	22.8179173286088	1
6.375	42.25	0.0102200905798183	0.801744878093526	-0.0133685871521523	22.8145497746597	1
6.625	42.25	0.0126770911784188	0.802611426443751	-0.0147138281548354	22.8100785275101	1
6.875	42.25	0.0158639985769303	0.803694796565474	-0.0156918667350792	22.8040864229181	1
7.125	42.25	0.0204064355767702	0.805000624630189	-0.0161256278728807	22.7959267180355	1
7.375	42.25	0.0274764333412184	0.806512864718107	-0.0158406595761674	22.784601222794	1
7.625	42.25	0.0391302601551311	0.808173157239652	-0.0146894652952762	22.7686047950107	1
7.875	42.25	0.0587433738482773	0.809841306992609	-0.0125812250790832	22.7457569524855	1
8.125	42.25	0.0913926295563704	0.811235187082081	-0.00951559017858278	22.7130789581387	1
8.375	42.25	0.143712414682323	0.811883391105658	-0.00561981817039154	22.6668313704263	1
8.625	42.25	0.222289642073946	0.811206669676107	-0.00118394021994996	22.602876100754	1
8.875	42.25	0.329729023854975	0.808893365126881	0.00333195481686491	22.5174852023022	1
9.125	42.25	0.459636425652755	0.80544857787317	0.00737068988754325	22.4084708433968	1
9.375	42.25	0.595634518407418	0.802181020360106	0.0104518155423452	22.276105646579	1
9.625	42.25	0.718473280535338	0.80021108489081	0.0123487440977867	22.1231692072341	1
9.875	42.25	0.815759204912468	0.799638127193614	0.0131257034365882	21.953998729666	1
10.125	42.25	0.8851903344429	0.799858561816112	0.0130290170778177	21.7731795638305	1
10.375	42.25	0.931096525539782	0.800280393419727	0.0123499026394459	21.5846122803143	1
10.625	42.25	0.959836378485233	0.800608012346228	0.0113409662858592	21.3911811993329	1
10.875	42.25	0.977127433415288	0.800772815603014	0.0101890096049401	21.1948299171323	1
11.125	42.25	0.987215858797922	0.800804018669124	0.00901805244895747	20.996787986533	1
11.375	42.25	0.992954281539315	0.800751762081692	0.00790269536075102	20.7977987380593	1
11.625	42.25	0.996147271895521	0.800658012028765	0.00688242754297244	20.5982957218334	1
11.875	42.25	0.997890712975659	0.800550776042059	0.00597356364641453	20.3985238691963	1
12.125	42.25	0.998829217027973	0.800446281335477	0.0051781460164433	20.1986172365501	1
12.375	42.25	0.999331300310637	0.800352635908071	0.00449013193277124	19.9986467204996	1
12.625	42.25	0.999601818717393	0.800272926830706	0.00389945838573257	19.7986483563216	1
12.875	42.25	0.999751418289879	0.800207396985896	0.00339457034599785	19.5986395886478	1
13.125	42.25	0.999838131564917	0.800154842252753	0.00296389683545816	19.3986283339492	1
13.375	42.25	0.999891564813929	0.800113453840251	0.00259663997685171	19.1986178530851	1
13.625	42.25	0.999926521122117	0.800081295323865	0.002283135977646	18.9986092652881	1
13.875	42.25	0.999950398141552	0.800056550606834	0.00201496299417874	18.7986027820732	1
14.125	42.25	0.999967035471672	0.800037634273869	0.00178490908533505	18.5985982759962	1
14.375	42.25	0.999978614413043	0.800023223414729	0.00158687048640985	18.39859552193	1
14.625	42.25	0.999986539335297	0.800012247873842	0.00141572183096224	18.1985942879558	1
14.875	42.25	0.999991818236037	0.800003861230672	0.0012671816630142	17.9985943634774	1
15.125	42.25	0.999995216487311	0.799997405342154	0.00113768534175122	17.798595564622	1
15.375	42.25	0.999997319337783	0.799992375319254	0.00102427081735826	17.5985977332615	1
15.625	42.25	0.999998564055343	0.799988388188604	0.000924479023994617	17.3986007351238	1
15.875	42.25	0.999999265037684	0.799985156399734	0.000836268671914799	17.1986044581309	1
16.125	42.25	0.999999638199922	0.799982466217475	0.00075794427871184	16.9986088107683	1
16.375	42.25	0.999999824519888	0.79998016050134	0.000688095907840166	16.7986137201679	1
16.625	42.25	0.999999911110431	0.799978125190212	0.00062554902431323	16.5986191297909	1
16.875	42.25	0.999999948578561	0.799976278793285	0.000569322958321065	16.3986249968053	1
17.125	42.25	0.999999964263653	0.799974564266337	0.000518596619477421	16.1986312893591	1
17.375	42.25	0.999999971633038	0.799972942757985	0.000472680275090193	15.998637983957	1
17.625	42.25	0.999999976501961	0.799971388805066	0.000430992369022979	15.7986450631071	1
17.875	42.25	0.99999998086281	0.79996988665567	0.000393040514037017	15.5986525133346	1
18.125	42.25	0.999999985059545	0.799968427467176	0.000358405926798547	15.3986603235987	1
18.375	42.25	0.999999988902095	0.799967007181818	0.000326730691836431	15.1986684840982	1
18.625	42.25	0.999999992158119	0.799965624932371	0.000297707346737152	14.9986769854233	1
18.875	42.25	0.999999994713555	0.799964281858207	0.000271070365809911	14.7986858179946	1
19.125	42.25	0.999999996582143	0.799962980237016	0.000246589193102699	14.5986949717285	1
19.375	42.25	0.999999997861123	0.799961722864996	0.000224062541139571	14.3987044358725	1
19.625	42.25	0.999999998683054	0.799960512623386	0.000203313718418746	14.1987141989618	1
19.875	42.25	0.999999999179795	0.79995935218646	0.000184186794951179	13.9987242488578	1
20.125	42.25	0.999999999462867	0.79995824383796	0.000166543450946533	13.7987345728401	1
20.375	42.25	0.999999999616417	0.799957189365531	0.000150260379607962	13.598745157726	1
20.625	42.25	0.999999999698401	0.799956190011008	0.00013522714135429	13.3987559900069	1
20.875	42.25	0.999999999745039	0.799955246463887	0.000121344386796009	13.1987670559849	1
21.125	42.25	0.999999999777151	0.799954358880717	0.000108522378125065	12.9987783419068	1
21.375	42.25	0.999999999805155	0.799953526921968	9.66797551535818e-05	12.7987898340871	1
21.625	42.25	0.999999999833097	0.799952749802023	8.57425018344571e-05	12.5988015190209	1
21.875	42.25	0.999999999861787	0.799952026344114	7.56430752858195e-05	12.3988133834812	1
22.125	42.25	0.999999999890628	0.799951355035177	6.63196687456642e-05	12.1988254146034	1
22.375	42.25	0.999999999918459	0.799950734083886	5.77155849388286e-05	11.9988375999559	1
22.625	42.25	0.999999999944419	0.799950161474023	4.97787004153381e-05	11.7988499275969	1
22.875	42.25	0.999999999967878	0.799949635013254	4.24610039237586e-05	11.5988623861188	1
23.125	42.25	0.999999999988485	0.799949152380217	3.5718197384729e-05	11.3988749646818	1
23.375	42.25	1.00000000000609	0.799948711166451	2.95093495932901e-05	11.1988876530365	1
23.625	42.25	1.00000000002108	0.79994830891232	2.3796591474617e-05	10.9989004415373	1
23.875	42.25	1.00000000003377	0.799947943138024	1.85448487879197e-05	10.7989133211485	1
24.125	42.25	1.00000000004426	0.79994761137241	1.3721605643772e-05	10.5989262834431	1
24.375	42.25	1.0000000000528	0.799947311176874	9.29669334774498e-06	10.3989393205956	1
24.625	42.25	1.00000000005965	0.799947040163341	5.24210202905385e-06	10.1989524253697	1
24.875	42.25	1.0000000000648	0.799946796011287	1.5318110900952e-06	9.99896559110251	1
25.125	42.25	1.0000000000683	0.79994657648096	-1.85836370989691e-06	9.79897881168507	1
25.375	42.25	1.00000000007046	0.799946379422997	-4.9509089771052e-06	9.59899208154007	1
25.625	42.25	1.0000000000716	0.799946202785724	-7.76673965764715e-06	9.3990053955981	1
25.875	42.25	1.00000000007169	0.799946044621275	-1.03253143209602e-05	9.19901874927235	1
26.125	42.25	1.00000000007089	0.799945903089019	-1.26447406705027e-05	8.99903213843216	1
26.375	42.25	1.00000000006942	0.79994577645694	-1.47418720267744e-05	8.79904555937621	1
26.625	42.25	1.00000000006748	0.799945663102636	-1.66323966235251e-05	8.59905900880567	1
26.875	42.25	1.00000000006523	0.799945561512453	-1.83309197523277e-05	8.39907248379717	1
27.125	42.25	1.000000000063	0.799945470279307	-1.98510393844437e-05	8.19908598177648	1
27.375	42.25	1.00000000006129	0.799945388101405	-2.12054164905989e-05	7.99909950049257	1
27.625	42.25	1.00000000006062	0.799945313778793	-2.24058400067897e-05	7.79911303799222	1
27.875	42.25	1.00000000006106	0.799945246209206	-2.34632870908854e-05	7.59912659259588	1
28.125	42.25	1.00000000006184	0.799945184384543	-2.43879790570104e-05	7.39914016287443	1
28.375	42.25	1.00000000006045	0.799945127387147	-2.51894332676609e-05	7.19915374762712	1
28.625	42.25	1.00000000005265	0.799945074385439	-2.58765116948138e-05	6.99916734586052	1
28.875	42.25	1.00000000003329	0.799945024628608	-2.64574655782039e-05	6.79918095676855	1
29.125	42.25	0.999999999999387	0.799944977442893	-2.69399775117013e-05	6.59919457971368	1
29.375	42.25	0.999999999955579	0.79994493222701	-2.73312005317765e-05	6.39920821420768	1
29.625	42.25	0.999999999921071	0.7999448884459	-2.76377942299518e-05	6.19922185989299	1
29.875	42.25	0.999999999934509	0.799944845625629	-2.78659590988435e-05	5.99923551652399	1
30.125	42.25	1.00000000004993	0.799944803347133	-2.80214682220401e-05	5.79924918394931	1
30.375	42.25	1.00000000031407	0.799944761240442	-2.81096964329938e-05	5.59926286209811	1
30.625	42.25	1.00000000071891	0.799944718982003	-2.81356475067393e-05	5.39927655097426	1
30.875	42.25	1.00000000113312	0.799944676296093	-2.81039788449402e-05	5.19929025066241	1
31.125	42.25	1.00000000123945	0.79994463296222	-2.8019023698364e-05	4.99930396134724	1
31.375	42.25	1.00000000053689	0.79994458882856	-2.78848117139512e-05	4.79931768333822	1
31.625	42.25	0.99999999849454	0.799944543823769	-2.77050889702796e-05	4.59933141707813	1
31.875	42.25	0.999999994936966	0.799944497952214	-2.74833396884369e-05	4.39934516309811	1
32.125	42.25	0.999999990660439	0.799944451251867	-2.72228118866349e-05	4.19935892187533	1
32.375	42.25	0.999999988088982	0.799944403695813	-2.6926548160517e-05	3.99937269356934	1
32.625	42.25	0.999999991487411	0.799944355037894	-2.6597418934814e-05	3.79938647768105	1
32.875	42.25	1.00000000595925	0.799944304652849	-2.62381489294747e-05	3.59940027280189	1
33.125	42.25	1.00000003441906	0.799944251495472	-2.58513194503478e-05	3.399414076774	1
33.375	42.25	1.00000007231328	0.799944194373136	-2.54393244341116e-05	3.19942788767822	1
33.625	42.25	1.00000010143513	0.799944132728354	-2.50042655901246e-05	2.99944170594741	1
33.875	42.25	1.00000008676493	0.799944067970499	-2.45478021253015e-05	2.79945553737338	1
34.125	42.25	0.999999983078105	0.799944004985736	-2.40710283603049e-05	2.59946939571833	1
34.375	42.25	0.999999759024812	0.799943952790979	-2.35745277861196e-05	2.39948330222401	1
34.625	42.25	0.999999442132358	0.799943922597102	-2.30588060523158e-05	2.19949727823663	1
34.875	42.25	0.999999175139668	0.799943921356448	-2.25252624671903e-05	1.99951132781282	1
35.125	42.25	0.999999251219873	0.799943940060803	-2.19776231896961e-05	1.79952541136352	1
35.375	42.25	1.0000000689357	0.799943939524781	-2.14232662844411e-05	1.59953942044914	1
35.625	42.25	1.00000193473215	0.799943842337438	-2.087318586156e-05	1.39955317675477	1
35.875	42.25	1.00000467158581	0.799943546449498	-2.03387894827002e-05	1.1995664893482	1
36.125	42.25	1.00000710165223	0.799942978800558	-1.98239516772489e-05	0.999579301513864	1
36.375	42.25	1.00000667370218	0.799942198637346	-1.93126233017535e-05	0.799591924892928	1
36.625	42.25	0.999999758915841	0.799941530928169	-1.87564839492109e-05	0.599605280395637	1
36.875	42.25	0.999983293149051	0.799941650440912	-1.80732012193564e-05	0.399620947402974	1
37.125	42.25	0.999958229591304	0.799950341607657	-1.7171359580736e-05	0.199640714522522	1
37.375	42.25	0.999934350624631	0.399953219376206	-1.61769286699779e-05	-0.000338082227229315	1
0.125	42.75	0.000442757904410302	0.799806113331546	0.00312103799479448	22.8272047024323	1
0.375	42.75	0.00044315554719134	0.799948936454106	0.00311365433796215	22.827121708987	1
0.625	42.75	0.000443924278521253	0.799911111911786	0.00287858142924841	22.8270496401133	1
0.875	42.75	0.000444830102003369	0.799887124866716	0.00248713012285709	22.8269850784581	1
1.125	42.75	0.000445260815070947	0.799876158461911	0.00194390571703603	22.8269246861702	1
1.375	42.75	0.000444101430382008	0.799875004216212	0.00120506561291693	22.8268658062865	1
1.625	42.75	0.000439722999661396	0.79987694871088	0.000207965615264427	22.8268073783103	1
1.875	42.75	0.000430165172315864	0.799876062809642	-0.00102502416370186	22.8267507998296	1
2.125	42.75	0.000413579968251906	0.79987928094443	-0.00221919291064787	22.8266983081121	1
2.375	42.75	0.000388960322349054	0.799910338279877	-0.00283469994317833	22.8266479477857	1
2.625	42.75	0.000357108473426502	0.799983895715424	-0.00249484767564691	22.8265906587512	1
2.875	42.75	0.000321729494620624	0.800076554210691	-0.00150217987782147	22.8265168129292	1
3.125	42.75	0.000290495389150163	0.800147838514209	-0.000590653717879237	22.8264250651042	1
3.375	42.75	0.000275927629654502	0.800181419944939	-0.000228576489327301	22.8263196719277	1
3.625	42.75	0.000295964587402904	0.800189928017545	-0.000447407657834565	22.8262000662806	1
3.875	42.75	0.000374075345990041	0.800191784922626	-0.00105333089117345	22.8260541138751	1
4.125	42.75	0.000538747636203546	0.800191892868071	-0.0018330477073461	22.8258589172292	1
4.375	42.75	0.000822146821340131	0.800181286064584	-0.00267950099764027	22.8255849832991	1
4.625	42.75	0.00125777084500063	0.800148332217383	-0.00359738385129631	22.8251982216259	1
4.875	42.75	0.00187711682249049	0.800087245925207	-0.0046397350384929	22.8246590013524	1
5.125	42.75	0.00270584863634945	0.799999962249237	-0.00585522965195178	22.8239202777952	1
5.375	42.75	0.00376069608065523	0.799895402305235	-0.00726692007585184	22.8229256502384	1
5.625	42.75	0.00504913924701509	0.799789454363329	-0.00886725377366243	22.8216062096264	1
5.875	42.75	0.00657476679201334	0.799705885204409	-0.010615833220634	22.8198738311294	1
6.125	42.75	0.00835231997537092	0.799677122347986	-0.0124360625025452	22.8176078036222	1
6.375	42.75	0.0104383352019539	0.799744034976761	-0.0142119229853212	22.8146307202595	1
6.625	42.75	0.0129865240141506	0.799954141419362	-0.015787504067559	22.8106682324886	1
6.875	42.75	0.0163421461306758	0.800357491148626	-0.0169719874244333	22.8052859154528	1
7.125	42.75	0.0211967224951311	0.800998595699984	-0.0175523857650516	22.7977959756861	1
7.375	42.75	0.0288310033732194	0.801900954384987	-0.0173154171383266	22.7871287722735	1
7.625	42.75	0.0414692200757048	0.803038061446206	-0.0160784205278466	22.7716728864299	1
7.875	42.75	0.0627194751557192	0.804283701850686	-0.0137277860324554	22.749108880991	1
8.125	42.75	0.0979153813181112	0.805344187707632	-0.010263083340956	22.7163026519615	1
8.375	42.75	0.153820063945082	0.805717687112455	-0.00584501625545305	22.6693826277453	1
8.625	42.75	0.236707996972549	0.804813694848852	-0.000837336835972403	22.6041674531418	1
8.875	42.75	0.348111115610423	0.802385523465146	0.00419486886651798	22.5170442681157	1
9.125	42.75	0.48002661551302	0.799063552921711	0.00859400532478187	22.4061142294061	1
9.375	42.75	0.615061952351539	0.796192937390998	0.0118312213043722	22.2720210449087	1
9.625	42.75	0.73450963266242	0.794760459565105	0.0137004667121434	22.1178353336756	1
9.875	42.75	0.827516026144255	0.794710073458951	0.0143280741934114	21.9479977232165	1
10.125	42.75	0.893069467241928	0.795391566586916	0.0140256048705934	21.7670273288138	1
10.375	42.75	0.936039434217575	0.79623719130823	0.0131320468914575	21.5786781518796	1
10.625	42.75	0.962784917728395	0.796976388411569	0.0119275252229562	21.3856849949675	1
10.875	42.75	0.978813218230706	0.797545867636032	0.0106108928253975	21.1898748882225	1
11.125	42.75	0.988140804827436	0.797967953227789	0.00930859075414432	20.992399510329	1
11.375	42.75	0.993438730698493	0.798283256511093	0.00809258852466706	20.7939559892875	1
11.625	42.75	0.996386079953724	0.798526354966673	0.00699766051835224	20.5949538397966	1
11.875	42.75	0.997998049385577	0.798721219779261	0.00603499954716074	20.3956280781572	1
12.125	42.75	0.998869705432768	0.798883015035918	0.00520193831879016	20.1961111865204	1
12.375	42.75	0.999340190747501	0.799020927817766	0.00448845307169299	19.996477017272	1
12.625	42.75	0.999597496449099	0.799140461550067	0.003881280453285	19.7967667198101	1
12.875	42.75	0.999742909075503	0.799244981669853	0.00336637627694606	19.5970036087804	1
13.125	42.75	0.999829471549851	0.799336668905361	0.00293027838451648	19.3972014450846	1
13.375	42.75	0.999884265560924	0.799417073566344	0.00256077755384492	19.1973689095705	1
13.625	42.75	0.999920909739552	0.799487420770004	0.00224717232209064	18.9975119450131	1
13.875	42.75	0.999946312706506	0.799548767663392	0.00198028825060354	18.7976349464485	1
14.125	42.75	0.999964163512323	0.799602076687194	0.00175237502595359	18.5977413544612	1
14.375	42.75	0.999976642018823	0.799648243997817	0.00155694958393416	18.3978339532874	1
14.625	42.75	0.999985205310048	0.79968810613312	0.00138862417823901	18.197915030394	1
14.875	42.75	0.999990924408855	0.799722437941912	0.00124294009239035	17.9979864740706	1
15.125	42.75	0.999994620470026	0.79975194861865	0.00111621679479544	17.7980498435801	1
15.375	42.75	0.999996922317127	0.799777279001133	0.00100542012226248	17.5981064258496	1
15.625	42.75	0.999998298998668	0.799799001205162	0.000908049737544863	17.398157283557	1
15.875	42.75	0.999999087135048	0.799817620589182	0.000822044476471165	17.1982032960227	1
16.125	42.75	0.999999517771345	0.79983357955851	0.000745703529910918	16.9982451933929	1
16.375	42.75	0.999999742016132	0.799847262583397	0.000677621254202194	16.7982835846195	1
16.625	42.75	0.999999853698881	0.79985900185328	0.000616633510112625	16.5983189799569	1
16.875	42.75	0.99999990785476	0.799869083097868	0.000561773642241706	16.3983518088446	1
17.125	42.75	0.999999934732366	0.799877751248923	0.000512236461332196	16.1983824340684	1
17.375	42.75	0.999999949704648	0.799885215735032	0.000467348833812654	15.9984111630079	1
17.625	42.75	0.999999959830375	0.799891655292676	0.000426545703848449	15.7984382566527	1
17.875	42.75	0.99999996790932	0.799897222255933	0.00038935056959113	15.5984639369192	1
18.125	42.75	0.999999974806695	0.79990204632503	0.00035535960000133	15.398488392669	1
18.375	42.75	0.999999980666858	0.79990623784313	0.000324228721168075	15.1985117847216	1
18.625	42.75	0.999999985471334	0.79990989062881	0.000295663120509227	14.9985342500716	1
18.875	42.75	0.999999989243102	0.799913084409377	0.000269408715207504	14.7985559054591	1
19.125	42.75	0.999999992084487	0.799915886905464	0.000245245214390654	14.5985768504089	1
19.375	42.75	0.999999994151351	0.799918355615953	0.000222980474350746	14.3985971698194	1
19.625	42.75	0.999999995616395	0.799920539339442	0.000202445899228907	14.1986169361704	1
19.875	42.75	0.999999996640098	0.799922479473309	0.000183492688630563	13.9986362114054	1
20.125	42.75	0.999999997355583	0.799924211121934	0.000165988771167672	13.7986550485338	1
20.375	42.75	0.999999997863979	0.799925764039069	0.000149816291694964	13.5986734929939	1
20.625	42.75	0.999999998236913	0.799927163431165	0.000134869547080532	13.3986915838117	1
20.875	42.75	0.999999998521967	0.799928430642838	0.000121053285935415	13.1987093545845	1
21.125	42.75	0.999999998749414	0.799929583738197	0.0001082813015826	12.9987268343159	1
21.375	42.75	0.999999998937491	0.799930637997012	9.6475264045219e-05	12.7987440481238	1
21.625	42.75	0.999999999096779	0.799931606337639	8.55637464971929e-05	12.5987610178414	1
21.875	42.75	0.99999999923347	0.799932499675801	7.54814081124739e-05	12.3987777625252	1
22.125	42.75	0.999999999351285	0.799933327229333	6.61683060027959e-05	12.1987942988867	1
22.375	42.75	0.999999999452588	0.799934096780671	5.75693122516872e-05	11.9988106416569	1
22.625	42.75	0.999999999539524	0.799934814897373	4.9633616442644e-05	11.7988268038947	1
22.875	42.75	0.999999999613747	0.799935487119183	4.23142988012099e-05	11.5988427972476	1
23.125	42.75	0.999999999676758	0.799936118120968	3.55679614797341e-05	11.3988586321722	1
23.375	42.75	0.999999999730088	0.799936711848921	2.93544088396998e-05	11.1988743181183	1
23.625	42.75	0.999999999775365	0.799937271635398	2.36363663949798e-05	10.998889863686	1
23.875	42.75	0.999999999813818	0.799937800298064	1.83792339467415e-05	10.7989052767556	1
24.125	42.75	0.999999999846415	0.799938300224025	1.35508673861381e-05	10.5989205645977	1
24.375	42.75	0.999999999874091	0.799938773440923	9.12138311079017e-06	10.398935733965	1
24.625	42.75	0.99999999989754	0.799939221676322	5.06298317295184e-06	10.1989507911681	1
24.875	42.75	0.999999999917106	0.799939646409424	1.34979796289992e-06	9.99896574213929	1
25.125	42.75	0.999999999933234	0.799940048913934	-2.04225652312348e-06	9.79898059248492	1
25.375	42.75	0.999999999946525	0.799940430294211	-5.13560876774069e-06	9.59899534752862	1
25.625	42.75	0.999999999957514	0.799940791515726	-7.95114995750553e-06	9.39901001234682	1
25.875	42.75	0.999999999966435	0.799941133430665	-1.05083423845556e-05	9.19902459179781	1
26.125	42.75	0.99999999997363	0.799941456799535	-1.28253197134892e-05	8.99903909054537	1
26.375	42.75	0.99999999997947	0.799941762308719	-1.49189786910423e-05	8.79905351307765	1
26.625	42.75	0.999999999984221	0.799942050585139	-1.6805064059632e-05	8.5990678637227	1
26.875	42.75	0.999999999988079	0.799942322208498	-1.84982474834873e-05	8.39908214666054	1
27.125	42.75	0.999999999991426	0.799942577720828	-2.00122003595902e-05	8.19909636593292	1
27.375	42.75	0.999999999994782	0.799942817635509	-2.13596615184492e-05	7.9991105254509	1
27.625	42.75	0.999999999998717	0.799943042443436	-2.25525002492075e-05	7.79912462900058	1
27.875	42.75	1.00000000000335	0.799943252617763	-2.36017749736563e-05	7.59913868024781	1
28.125	42.75	1.00000000000801	0.799943448618637	-2.45177878228825e-05	7.39915268274182	1
28.375	42.75	1.00000000001027	0.799943630896541	-2.5310135312743e-05	7.19916663991803	1
28.625	42.75	1.000000000006	0.799943799894958	-2.59877561943291e-05	6.99918055510049	1
28.875	42.75	0.999999999990225	0.799943956051591	-2.6558975532852e-05	6.79919443150337	1
29.125	42.75	0.999999999960046	0.799944099800069	-2.70315460255825e-05	6.59920827223244	1
29.375	42.75	0.999999999919921	0.799944231571271	-2.74126869364514e-05	6.3992220802848	1
29.625	42.75	0.999999999888585	0.799944351792074	-2.77091199854095e-05	6.19923585854771	1
29.875	42.75	0.999999999903719	0.799944460884569	-2.79271033440531e-05	5.99924960979639	1
30.125	42.75	1.00000000001802	0.799944559264849	-2.80724633783804e-05	5.79926333669182	1
30.375	42.75	1.00000000027725	0.799944647341268	-2.81506237563341e-05	5.59927704178111	1
30.625	42.75	1.00000000067392	0.799944725515061	-2.81666326371195e-05	5.3992907275049	1
30.875	42.75	1.00000000108046	0.799944794185447	-2.81251875832324e-05	5.19930439621539	1
31.125	42.75	1.00000000118809	0.799944853760227	-2.80306579014891e-05	4.99931805020652	1
31.375	42.75	1.0000000005087	0.799944904671576	-2.78871052115054e-05	4.79933169174856	1
31.625	42.75	0.999999998524144	0.799944947390282	-2.76983037732141e-05	4.5993453231066	1
31.875	42.75	0.999999995061075	0.799944982423964	-2.74677623999185e-05	4.39935894650611	1
32.125	42.75	0.999999990890981	0.799945010278573	-2.71987501512818e-05	4.19937256400327	1
32.375	42.75	0.999999988369968	0.79994503136475	-2.68943271680071e-05	3.99938617723637	1
32.625	42.75	0.999999991648584	0.799945045849666	-2.6557378166687e-05	3.79939978710112	1
32.875	42.75	1.00000000570022	0.799945053503266	-2.61906390653618e-05	3.59941339351261	1
33.125	42.75	1.00000003337818	0.799945053659748	-2.57966993959232e-05	3.39942699556625	1
33.375	42.75	1.00000007027882	0.799945045483764	-2.5377958755327e-05	3.19944059250349	1
33.625	42.75	1.00000009871664	0.799945028732888	-2.4936522872464e-05	2.99945418577292	1
33.875	42.75	1.0000000846338	0.799945005054747	-2.44740544955768e-05	2.79946778196264	1
34.125	42.75	0.999999984005969	0.799944979458904	-2.39916519049258e-05	2.59948139535181	1
34.375	42.75	0.999999766250199	0.799944960957945	-2.34899031346739e-05	2.39949504744831	1
34.625	42.75	0.999999458012634	0.79994496068939	-2.29693174468594e-05	2.19950875983149	1
34.875	42.75	0.99999919802906	0.799944985643058	-2.24312927149814e-05	1.99952253724366	1
35.125	42.75	0.999999271501929	0.799945027274705	-2.18795422897386e-05	1.79953634194832	1
35.375	42.75	1.00000006640144	0.799945047660155	-2.13214141681522e-05	1.59955006918254	1
35.625	42.75	1.00000188132828	0.799944971634084	-2.07678549324797e-05	1.3995635461068	1
35.875	42.75	1.00000454447142	0.799944699970016	-2.02302190349752e-05	1.19957658745338	1
36.125	42.75	1.00000690946457	0.799944161539315	-1.97123504871855e-05	0.999589138379705	1
36.375	42.75	1.00000649165181	0.799943413901062	-1.91982330529556e-05	0.79960150240906	1
36.625	42.75	0.999999754863588	0.799942773333228	-1.86396765936866e-05	0.599614576171276	1
36.875	42.75	0.999983710223361	0.799942896725607	-1.79545692207519e-05	0.399629897748828	1
37.125	42.75	0.999959281117938	0.799951385362343	-1.70517103131232e-05	0.199649209936828	1
37.375	42.75	0.999935997852911	0.399954123667157	-1.60570640894414e-05	-0.000330088216045459	1
0.125	43.25	0.000455512786391121	0.799788480278454	0.00331783451049585	22.8271006338729	1
0.375	43.25	0.000455903008835411	0.799927518557953	0.00331090908234785	22.8270210626162	1
0.625	43.25	0.000456645721916385	0.799899966389232	0.00308077619750058	22.8269511226762	1
0.875	43.25	0.000457485514862784	0.799899258592112	0.00273290905107649	22.8268847951419	1
1.125	43.25	0.000457780612031642	0.799931419958935	0.00228760794211392	22.8268143781628	1
1.375	43.25	0.000456383766532312	0.799994956019786	0.00173383741662183	22.8267311670649	1
1.625	43.25	0.000451641415622141	0.800070006741824	0.00103923367641586	22.8266290153572	1
1.875	43.25	0.00044159174203478	0.800116758478769	0.000197618312522097	22.8265102638083	1
2.125	43.25	0.000424427685442621	0.800097700556988	-0.000658606902132651	22.8263896648423	1
2.375	43.25	0.000399244791650547	0.800018890720396	-0.00118746818558063	22.826288713932	1
2.625	43.25	0.00036702381388713	0.799943289132379	-0.00108198208934649	22.8262188521821	1
2.875	43.25	0.00033173044593855	0.799940425197717	-0.000533258400519894	22.8261687246872	1
3.125	43.25	0.000301381791589867	0.800029146673587	-0.000112461515691439	22.8261113303431	1
3.375	43.25	0.000288936409779094	0.800179383037925	-0.00014832512670445	22.8260201620087	1
3.625	43.25	0.000312877510908351	0.800346529455271	-0.000592407776429121	22.8258758058938	1
3.875	43.25	0.000397343628731567	0.800492177513574	-0.00124867059054975	22.8256639431569	1
4.125	43.25	0.000571622855092999	0.800589027433991	-0.00196122020948352	22.8253716788077	1
4.375	43.25	0.000868796731454464	0.800620020076839	-0.00269062864919918	22.8249838770383	1
4.625	43.25	0.00132335975921906	0.80057346617788	-0.00348094086374487	22.8244804382497	1
4.875	43.25	0.00196787241152603	0.800437689914554	-0.00439732953300812	22.8238354892507	1
5.125	43.25	0.00282923974064599	0.800199531820436	-0.00549057467654202	22.8230177543822	1
5.375	43.25	0.00392598010491969	0.799847023169977	-0.00678728144215219	22.8219902239673	1
5.625	43.25	0.00526867361838858	0.799374066791661	-0.00828818898751591	22.8207070455552	1
5.875	43.25	0.00686666277568447	0.798785354420198	-0.00996462923570758	22.8191053292207	1
6.125	43.25	0.00874533155984115	0.79810070842928	-0.011752045325711	22.8170888181054	1
6.375	43.25	0.0109803799421184	0.797358353648677	-0.0135431611478388	22.8144992071345	1
6.625	43.25	0.0137589802112568	0.796616361046257	-0.0151840805532969	22.8110695137749	1
6.875	43.25	0.0174830968778691	0.795950837422055	-0.0164766405324013	22.8063527062608	1
7.125	43.25	0.0229374156132837	0.795448240169846	-0.0171901533067242	22.7996187252271	1
7.375	43.25	0.0315498018034987	0.79518720327525	-0.0170847826891185	22.7897162453679	1
7.625	43.25	0.0457623921936333	0.795202808438903	-0.015947011653686	22.7749061789364	1
7.875	43.25	0.0694689232975378	0.79542653433979	-0.0136357100900965	22.7526984978442	1
8.125	43.25	0.108284267044293	0.795609460742904	-0.0101365316007327	22.7197685957997	1
8.375	43.25	0.169025056845866	0.795287975998609	-0.00562121632813063	22.6720886570651	1
8.625	43.25	0.25738416852076	0.793941581729814	-0.000496382689030754	22.6054401819049	1
8.875	43.25	0.373362402883009	0.79146623198036	0.00460775080341536	22.5163725854059	1
9.125	43.25	0.506979964034532	0.788635141280522	0.00897919835873604	22.4033487147195	1
9.375	43.25	0.639935585719524	0.786739427084931	0.0120802294791713	22.2674408807014	1
9.625	43.25	0.754575769154502	0.786490494041383	0.0137421354890656	22.112021293934	1
9.875	43.25	0.842038772894027	0.787577651365425	0.0141446485819317	21.9416036973322	1
10.125	43.25	0.902772030295651	0.789260238014733	0.0136418738305031	21.7605990249336	1
10.375	43.25	0.942163808304799	0.79097905588616	0.0125959158994022	21.5725827960535	1
10.625	43.25	0.966495379093695	0.792486961158312	0.0112933802526698	21.3801235949545	1
10.875	43.25	0.980990952830878	0.793733660720472	0.00992886212754482	21.1849267256649	1
11.125	43.25	0.989384463257668	0.7947475255309	0.00861923898375725	20.9880672569311	1
11.375	43.25	0.994130417597476	0.795574090759297	0.00742549362133626	20.7902000630949	1
11.625	43.25	0.996760054690034	0.796254056721807	0.0063722537991683	20.5917151363111	1
11.875	43.25	0.998193733564301	0.79681877961848	0.00546241580869906	20.3928416650883	1
12.125	43.25	0.998968007069306	0.797291421022741	0.0046870846660611	20.1937138734631	1
12.375	43.25	0.999386925544136	0.797689133291951	0.00403188510168716	19.9944110867884	1
12.625	43.25	0.999617939343279	0.798024912022638	0.00348072526954889	19.7949813907027	1
12.875	43.25	0.999750594232589	0.798308901102947	0.00301788190084932	19.5954552378802	1
13.125	43.25	0.999831391092653	0.798549250755964	0.00262903413323788	19.3958530828395	1
13.375	43.25	0.999883870388596	0.798752668349861	0.00230167130324679	19.1961895705553	1
13.625	43.25	0.999919798843757	0.798924772130393	0.00202514994487791	18.9964757957136	1
13.875	43.25	0.999945157503016	0.799070322580489	0.00179057082318176	18.7967205165919	1
14.125	43.25	0.99996319688166	0.799193379137838	0.00159057744897671	18.5969308218781	1
14.375	43.25	0.999975906542029	0.799297411874684	0.0014191331760904	18.3971125205863	1
14.625	43.25	0.999984672632369	0.799385386082699	0.00127130668206897	18.1972703948248	1
14.875	43.25	0.999990548365935	0.799459830350918	0.00114307951165719	17.9974083837107	1
15.125	43.25	0.999994357888366	0.799522894155382	0.0010311802962774	17.7975297296108	1
15.375	43.25	0.99999673913184	0.799576398216664	0.000932945503826799	17.5976370999483	1
15.625	43.25	0.999998170416066	0.799621879282217	0.000846204338193838	17.3977326899886	1
15.875	43.25	0.999998995872066	0.799660630132303	0.000769184578722427	17.1978183091343	1
16.125	43.25	0.999999452050703	0.799693735194871	0.000700436058306557	16.9978954525016	1
16.375	43.25	0.99999969389279	0.799722102003737	0.000638768737788665	16.7979653595349	1
16.625	43.25	0.999999817824649	0.799746488718338	0.000583202724724665	16.5980290615123	1
16.875	43.25	0.999999880620251	0.799767527952529	0.000532927997517404	16.3980874197935	1
17.125	43.25	0.99999991368875	0.799785747214156	0.00048727198479174	16.198141156532	1
17.375	43.25	0.999999933178564	0.799801586288125	0.000445673481908346	15.998190879358	1
17.625	43.25	0.999999946667627	0.799815411910868	0.000407661672795751	15.7982371012876	1
17.875	43.25	0.999999957303796	0.799827530088472	0.000372839260361872	15.5982802568645	1
18.125	43.25	0.999999966185917	0.799838196385656	0.000340868897774361	15.3983207153265	1
18.375	43.25	0.999999973615272	0.79984762449098	0.000311462272354392	15.1983587914036	1
18.625	43.25	0.999999979679422	0.799855993330324	0.000284371318227345	14.9983947542201	1
18.875	43.25	0.999999984473939	0.799863452961788	0.000259381136650925	14.7984288346601	1
19.125	43.25	0.999999988151886	0.799870129457207	0.000236304286363212	14.5984612314814	1
19.375	43.25	0.999999990905823	0.799876128944035	0.000214976172076452	14.3984921163995	1
19.625	43.25	0.999999992935987	0.799881540947238	0.000195251312773042	14.198521638323	1
19.875	43.25	0.999999994424247	0.799886441157501	0.000177000316276144	13.9985499268849	1
20.125	43.25	0.999999995521064	0.799890893723227	0.00016010741974369	13.798577095391	1
20.375	43.25	0.999999996341892	0.799894953147432	0.000144468483973652	13.5986032432825	1
20.625	43.25	0.999999996970298	0.799898665862012	0.000129989352502102	13.3986284581974	1
20.875	43.25	0.999999997463962	0.799902071534762	0.000116584503750299	13.1986528176971	1
21.125	43.25	0.999999997861602	0.799905204152883	0.00010417593836103	12.9986763907143	1
21.375	43.25	0.999999998188513	0.799908092926473	9.26922567822932e-05	12.7986992387712	1
21.625	43.25	0.999999998461209	0.79991076303984	8.20678903139092e-05	12.5987214170048	1
21.875	43.25	0.999999998690681	0.799913236277219	7.2242454827821e-05	12.3987429750313	1
22.125	43.25	0.999999998884579	0.799915531545817	6.31602059217656e-05	12.1987639576786	1
22.375	43.25	0.999999999048499	0.799917665314779	5.47695756100815e-05	11.9987844056055	1
22.625	43.25	0.99999999918721	0.799919651980382	4.7022774441772e-05	11.7988043558286	1
22.875	43.25	0.999999999304397	0.799921504172525	3.98754491518075e-05	11.5988238421702	1
23.125	43.25	0.999999999403235	0.799923233015802	3.32863845085512e-05	11.3988428956411	1
23.375	43.25	0.999999999486752	0.799924848346432	2.72172423290077e-05	11.1988615447671	1
23.625	43.25	0.999999999557612	0.799926358894056	2.16323307696831e-05	10.9988798158694	1
23.875	43.25	0.999999999617796	0.799927772438512	1.64983993604972e-05	10.7988977333058	1
24.125	43.25	0.999999999669016	0.799929095940854	1.17844561075774e-05	10.5989153196782	1
24.375	43.25	0.999999999712784	0.799930335653925	7.46160208476043e-06	10.3989325960115	1
24.625	43.25	0.999999999750146	0.799931497217069	3.50288191043618e-06	10.1989495819097	1
24.875	43.25	0.999999999781821	0.799932585737177	-1.16852173300733e-07	9.99896629569017	1
25.125	43.25	0.999999999808686	0.79993360585624	-3.42106479143597e-06	9.79898275450134	1
25.375	43.25	0.999999999831548	0.799934561810139	-6.43165209914051e-06	9.59899897442553	1
25.625	43.25	0.999999999851078	0.799935457479313	-9.1690470571803e-06	9.3990149705688	1
25.875	43.25	0.999999999867748	0.799936296430659	-1.16523165246964e-05	9.19903075714006	1
26.125	43.25	0.999999999882045	0.799937081954413	-1.38992520484644e-05	8.99904634752112	1
26.375	43.25	0.999999999894371	0.799937817096234	-1.59264538183757e-05	8.79906175432838	1
26.625	43.25	0.999999999905048	0.799938504683862	-1.77494084631633e-05	8.59907698946786	1
26.875	43.25	0.999999999914366	0.799939147350259	-1.93825621800029e-05	8.39909206418425	1
27.125	43.25	0.999999999922747	0.799939747553936	-2.08393887149179e-05	8.19910698910493	1
27.375	43.25	0.999999999930699	0.799940307597288	-2.2132452817407e-05	7.99912177427944	1
27.625	43.25	0.99999999993885	0.79994082964112	-2.32734696238781e-05	7.79913642921492	1
27.875	43.25	0.999999999947354	0.79994131571743	-2.42733602694153e-05	7.59915096290859	1
28.125	43.25	0.999999999955564	0.799941767741806	-2.51423040443168e-05	7.39916538387737	1
28.375	43.25	0.999999999961181	0.799942187523213	-2.58897867360952e-05	7.19917970018474	1
28.625	43.25	0.999999999960196	0.799942576772789	-2.65246465774895e-05	6.99919391946587	1
28.875	43.25	0.999999999947787	0.79994293711161	-2.70551170155351e-05	6.79920804895034	1
29.125	43.25	0.999999999921132	0.799943270077414	-2.74888664335497e-05	6.59922209548325	1
29.375	43.25	0.999999999884546	0.799943577131118	-2.78330359776104e-05	6.39923606554353	1
29.625	43.25	0.999999999856284	0.799943859660592	-2.80942747119229e-05	6.19924996526014	1
29.875	43.25	0.999999999873059	0.79994411898411	-2.82787726072405e-05	5.99926380042606	1
30.125	43.25	0.999999999986222	0.799944356353615	-2.83922916283255e-05	5.79927757651133	1
30.375	43.25	1.00000000024052	0.799944572957017	-2.8440194413899e-05	5.59929129867749	1
30.625	43.25	1.00000000062904	0.799944769921938	-2.84274708812091e-05	5.39930497179802	1
30.875	43.25	1.00000000102796	0.799944948324294	-2.83587627662025e-05	5.19931860048838	1
31.125	43.25	1.00000000113693	0.799945109202184	-2.82383857097801e-05	4.99933218914692	1
31.375	43.25	1.00000000048061	0.799945253574028	-2.80703495596697e-05	4.79934574199946	1
31.625	43.25	0.999999998553546	0.799945382454955	-2.78583784156506e-05	4.59935926312752	1
31.875	43.25	0.999999995184385	0.799945496857982	-2.76059323981286e-05	4.39937275644462	1
32.125	43.25	0.999999991119905	0.799945597759331	-2.731623317749e-05	4.19938622557907	1
32.375	43.25	0.999999988648659	0.799945686009305	-2.69922945473235e-05	3.99939967364046	1
32.625	43.25	0.999999991807624	0.799945762190129	-2.66369557120821e-05	3.79941310291125	1
32.875	43.25	1.0000000054409	0.799945826468494	-2.62529078450571e-05	3.59942651462167	1
33.125	43.25	1.0000000323411	0.799945878559672	-2.58426964132914e-05	3.39943990911127	1
33.375	43.25	1.00000006825426	0.799945917987123	-2.54086776701654e-05	3.19945328677261	1
33.625	43.25	1.00000009601422	0.799945944824657	-2.49529152443988e-05	2.99946665006038	1
33.875	43.25	1.00000008252078	0.799945960959466	-2.44770319095363e-05	2.79948000634993	1
34.125	43.25	0.999999984944029	0.79994597152631	-2.39820887425945e-05	2.59949337042908	1
34.375	43.25	0.999999773462867	0.799945985535537	-2.34686393608395e-05	2.39950676406451	1
34.625	43.25	0.999999473842297	0.799946014053303	-2.29371602619487e-05	2.1995202090614	1
34.875	43.25	0.999999220825017	0.799946064108167	-2.23890152917046e-05	1.99953371083878	1
35.125	43.25	0.999999291665622	0.799946127619454	-2.18278781601977e-05	1.79954723349904	1
35.375	43.25	1.0000000637736	0.799946167921027	-2.12610475723009e-05	1.59956067593516	1
35.625	43.25	1.00000182793239	0.799946112086768	-2.06994104036463e-05	1.39957387075487	1
35.875	43.25	1.00000441754302	0.799945863705789	-2.0154257350012e-05	1.19958663832471	1
36.125	43.25	1.0000067176688	0.799945353578517	-1.96293777963174e-05	0.999598925654353	1
36.375	43.25	1.00000631013055	0.799944637585326	-1.91087254605798e-05	0.799611028153815	1
36.625	43.25	0.999999751306691	0.799944023339154	-1.85441093181298e-05	0.599623818213862	1
36.875	43.25	0.999984127565641	0.799944149896554	-1.78534259685196e-05	0.39963879268965	1
37.125	43.25	0.999960332629508	0.799952435118231	-1.69454377400504e-05	0.199657648622729	1
37.375	43.25	0.999937644991614	0.399955035290378	-1.59465803993892e-05	-0.000322151805216046	1
0.125	43.75	0.000466924674605645	0.799771722839418	0.00342161630782347	22.8270180776856	1
0.375	43.75	0.000467307509574272	0.79989681817389	0.00336794977197051	22.8269422999073	1
0.625	43.75	0.000468025932024041	0.799852947697942	0.00307449879470701	22.8268799955641	1
0.875	43.75	0.000468806864357623	0.799833291687964	0.00263326999759035	22.8268261309511	1
1.125	43.75	0.000468985128352385	0.799847609177485	0.00206529769036303	22.8267731179051	1
1.375	43.75	0.00046738985695835	0.79989961885807	0.0013922192697815	22.8267112381075	1
1.625	43.75	0.000462353335488566	0.799977179789759	0.000650157978835078	22.8266316793395	1
1.875	43.75	0.000451922766540163	0.800049152288236	-9.16730273030831e-05	22.8265318087508	1
2.125	43.75	0.000434339381942036	0.800080591244659	-0.000704044625454758	22.8264195365552	1
2.375	43.75	0.000408802152132896	0.800066195907879	-0.00100671042489561	22.8263105891907	1
2.625	43.75	0.000376463764807979	0.800049632287818	-0.000899653105855646	22.8262156059421	1
2.875	43.75	0.00034154110649934	0.800092803940641	-0.000554187139749849	22.8261269516886	1
3.125	43.75	0.00031239259084809	0.800222791173197	-0.00033367908737697	22.8260204402581	1
3.375	43.75	0.00030242375322519	0.800416149827479	-0.000462349789805688	22.825868870156	1
3.625	43.75	0.000330693945142214	0.800624575544279	-0.000905590763803758	22.8256519500431	1
3.875	43.75	0.000422077136930495	0.800805044856177	-0.00149417640124898	22.8253567113933	1
4.125	43.75	0.000606788059666311	0.800930697805906	-0.00208879309775508	22.8249722688775	1
4.375	43.75	0.000919058383740566	0.800983007209751	-0.00265889524329724	22.8244850029362	1
4.625	43.75	0.00139480231218905	0.800939629334974	-0.00324858465859241	22.8238774948657	1
4.875	43.75	0.00206837107818614	0.800769098235627	-0.0039160403679031	22.8231302128969	1
5.125	43.75	0.00296906830694879	0.80043258216076	-0.00470567421549653	22.8222234238152	1
5.375	43.75	0.0041189118337329	0.799888808906115	-0.00564504623545192	22.8211373349861	1
5.625	43.75	0.00553399935496316	0.799099989043661	-0.00674536088817223	22.8198486877405	1
5.875	43.75	0.00723279108204193	0.798038441524622	-0.00799748501210105	22.8183213930662	1
6.125	43.75	0.00925600049202125	0.796694062650376	-0.00936418482079311	22.8164876897239	1
6.375	43.75	0.0117050643600076	0.795082348100549	-0.0107713797166169	22.8142150021745	1
6.625	43.75	0.0148098892821517	0.793251873086593	-0.0121014371695419	22.811252364395	1
6.875	43.75	0.0190422288241627	0.791288949419916	-0.0131918774278144	22.8071493695832	1
7.125	43.75	0.0252981271751808	0.789315350857048	-0.0138430900281379	22.801141212308	1
7.375	43.75	0.035176683941904	0.787472386505401	-0.0138380218673092	22.7919979654967	1
7.625	43.75	0.0513660603587022	0.785882035346259	-0.0129749374890992	22.7778493625354	1
7.875	43.75	0.0780673459063976	0.784577698101528	-0.0111120324528597	22.7560247552331	1
8.125	43.75	0.121162820420159	0.783416895445558	-0.00822137800871881	22.7229967151745	1
8.375	43.75	0.187419067471987	0.782049904782094	-0.00444776009297165	22.674575551518	1
8.625	43.75	0.281709290115672	0.780106851257604	-0.000154798170904994	22.6065163629853	1
8.875	43.75	0.402211680578022	0.777681371910449	0.00409231791362093	22.515557699518	1
9.125	43.75	0.536900755548942	0.775665857211382	0.00766957532163886	22.4005483301807	1
9.375	43.75	0.66688275557167	0.775191140751499	0.0101293890093997	22.2629859361031	1
9.625	43.75	0.775958629297809	0.776589319505137	0.011358718370425	22.1065109761464	1
9.875	43.75	0.857402793048451	0.779245614960352	0.0115406852325504	21.9356703284037	1
10.125	43.75	0.91305513392289	0.782308379398173	0.0109946544930841	21.754742334387	1
10.375	43.75	0.948721296936796	0.785214086459532	0.010034437846836	21.5671190272546	1
10.625	43.75	0.970542158218041	0.787734299302954	0.00890100020285982	21.3752098277557	1
10.875	43.75	0.9834315620128	0.789835916518471	0.00775214544512567	21.1806096701265	1
11.125	43.75	0.990831361697064	0.791563162091567	0.00667763415784718	20.9843281701795	1
11.375	43.75	0.994976492600825	0.792978197044045	0.00571981461472255	20.7869870995375	1
11.625	43.75	0.997249066954913	0.794139039121409	0.00489143198524492	20.5889637124618	1
11.875	43.75	0.998473524622116	0.795093990488123	0.00418854563793411	20.3904860379144	1
12.125	43.75	0.999126708538225	0.795881820038821	0.00359899529802199	20.1916930301787	1
12.375	43.75	0.999476316622009	0.796533404766096	0.00310753342235587	19.9926712341222	1
12.625	43.75	0.999668045190605	0.797073417353235	0.00269870025846188	19.7934765475704	1
12.875	43.75	0.999778615076808	0.797521710041726	0.00235827202460582	19.5941468553344	1
13.125	43.75	0.999847070937308	0.79789437641774	0.00207385926417306	19.3947092304779	1
13.375	43.75	0.999892675795262	0.798204551782384	0.0018350309604227	19.1951839881652	1
13.625	43.75	0.999924773431849	0.7984630170169	0.00163319669387772	18.9955869647587	1
13.875	43.75	0.999947988160631	0.798678658222579	0.00146138360920716	18.7959308228584	1
14.125	43.75	0.999964818036241	0.798858821087438	0.00131398425707328	18.5962258345036	1
14.375	43.75	0.999976838012685	0.79900958823452	0.00118651437334628	18.3964803886775	1
14.625	43.75	0.999985206282982	0.799135999796415	0.00107539805984821	18.1967013515513	1
14.875	43.75	0.999990850295192	0.799242231590083	0.000977785875346592	17.9968943434593	1
15.125	43.75	0.999994524123165	0.799331741025121	0.000891405194815637	17.7970639631584	1
15.375	43.75	0.999996826034261	0.799407387884115	0.000814439408846055	17.5972139737276	1
15.625	43.75	0.99999821144548	0.799471535041992	0.000745431600996341	17.3973474573343	1
15.875	43.75	0.999999010991198	0.79952613279552	0.00068320835124282	17.1974669433398	1
16.125	43.75	0.999999453132592	0.799572789553729	0.000626819756496443	16.9975745133385	1
16.375	43.75	0.999999687911873	0.799612831036183	0.000575492350883331	16.7976718864736	1
16.625	43.75	0.999999808784228	0.799647349724752	0.000528592201887505	16.5977604882143	1
16.875	43.75	0.999999870734728	0.799677246037183	0.000485595993453161	16.397841505536	1
17.125	43.75	0.999999904112778	0.7997032624864	0.000446068362331346	16.1979159311095	1
17.375	43.75	0.999999924454515	0.799726011918489	0.00040964412056266	15.9979845987127	1
17.625	43.75	0.999999938996316	0.799746000782259	0.000376014296464065	15.7980482116826	1
17.875	43.75	0.999999950704831	0.79976364825349	0.000344915159899468	15.5981073658663	1
18.125	43.75	0.999999960589947	0.799779301916934	0.000316119578858667	15.3981625682163	1
18.375	43.75	0.999999968915216	0.799793250607581	0.000289430201437422	15.1982142519248	1
18.625	43.75	0.999999975757778	0.799805734914823	0.000264674065521928	14.9982627887896	1
18.875	43.75	0.999999981216509	0.799816955768859	0.000241698327077697	14.7983084993542	1
19.125	43.75	0.999999985454124	0.799827081459375	0.000220366866504242	14.5983516612461	1
19.375	43.75	0.999999988675263	0.799836253374405	0.000200557582934999	14.3983925160486	1
19.625	43.75	0.999999991092575	0.799844590692402	0.000182160229143306	14.1984312749769	1
19.875	43.75	0.999999992899717	0.799852194224893	0.000165074672802812	13.9984681235737	1
20.125	43.75	0.999999994257911	0.799859149563141	0.000149209492078627	13.7985032256009	1
20.375	43.75	0.999999995292121	0.799865529657425	0.000134480835661585	13.5985367262716	1
20.625	43.75	0.999999996094181	0.799871396935641	0.000120811492141852	13.3985687549392	1
20.875	43.75	0.999999996728922	0.799876805044881	0.000108130124106303	13.1985994273404	1
21.125	43.75	0.999999997241044	0.7998818002835	9.63706335100268e-05	12.9986288474704	1
21.375	43.75	0.999999997660844	0.799886422784404	8.54716315910633e-05	12.7986571091555	1
21.625	43.75	0.99999999800906	0.799890707490051	7.53759920298981e-05	12.5986842973756	1
21.875	43.75	0.999999998300028	0.799894684959257	6.60304699753558e-05	12.3987104893799	1
22.125	43.75	0.999999998544205	0.799898382037644	5.73853754155197e-05	12.1987357556317	1
22.375	43.75	0.999999998749518	0.799901822413889	4.93942899020736e-05	11.9987601606107	1
22.625	43.75	0.999999998922479	0.799905027082018	4.20138169350658e-05	11.7987837634969	1
22.875	43.75	0.99999999906817	0.799908014727946	3.52033626513158e-05	11.5988066187573	1
23.125	43.75	0.999999999190946	0.799910802054865	2.89249395146847e-05	11.398828776648	1
23.375	43.75	0.999999999294782	0.799913404054123	2.31429890909661e-05	11.1988502836484	1
23.625	43.75	0.999999999382975	0.79991583423236	1.782422189325e-05	10.9988711828371	1
23.875	43.75	0.999999999458019	0.799918104806115	1.29374708281453e-05	10.7988915142185	1
24.125	43.75	0.99999999952211	0.799920226864779	8.45355654277859e-06	10.5989113150078	1
24.375	43.75	0.999999999577121	0.79992221050856	4.34516289631701e-06	10.3989306198812	1
24.625	43.75	0.999999999624366	0.799924064966967	5.86721804579607e-07	10.1989494611958	1
24.875	43.75	0.999999999664838	0.799925798700266	-2.84569445316938e-06	9.99896786918374	1
25.125	43.75	0.999999999699676	0.79992741948493	-5.97447381402626e-06	9.79898587212471	1
25.375	43.75	0.999999999729787	0.799928934488423	-8.82055839548335e-06	9.59900349649939	1
25.625	43.75	0.999999999755902	0.799930350334664	-1.14035329045119e-05	9.39902076712671	1
25.875	43.75	0.999999999778654	0.799931673158428	-1.37417074464767e-05	9.19903770728665	1
26.125	43.75	0.999999999798629	0.7999329086534	-1.58521957114182e-05	8.99905433883151	1
26.375	43.75	0.999999999816222	0.799934062115744	-1.77509885931049e-05	8.79907068228593	1
26.625	43.75	0.9999999998318	0.799935138480356	-1.94530232003116e-05	8.59908675693765	1
26.875	43.75	0.99999999984573	0.799936142352577	-2.09722482935801e-05	8.39910258092024	1
27.125	43.75	0.999999999858448	0.799937078037296	-2.2321685774295e-05	8.19911817128868	1
27.375	43.75	0.999999999870389	0.799937949565154	-2.35134886035781e-05	7.99913354408836	1
27.625	43.75	0.999999999882211	0.799938760714221	-2.45589954415582e-05	7.79914871441811	1
27.875	43.75	0.999999999894108	0.799939515029299	-2.54687819972403e-05	7.59916369648889	1
28.125	43.75	0.999999999905441	0.799940215841162	-2.62527098042769e-05	7.39917850367779	1
28.375	43.75	0.999999999914038	0.799940866282253	-2.69199714776778e-05	7.19919314857771	1
28.625	43.75	0.999999999916045	0.799941469300534	-2.74791337935624e-05	6.99920764304411	1
28.875	43.75	0.999999999906758	0.799942027673203	-2.79381783718595e-05	6.799221998238	1
29.125	43.75	0.999999999883419	0.799942544018381	-2.83045393404759e-05	6.59923622466587	1
29.375	43.75	0.999999999850203	0.799943020805854	-2.85851392297618e-05	6.39925033221589	1
29.625	43.75	0.999999999824862	0.799943460365598	-2.87864228308909e-05	6.19926433019089	1
29.875	43.75	0.999999999843146	0.799943864895392	-2.89143887244716e-05	5.99927822733798	1
30.125	43.75	0.999999999955094	0.799944236468	-2.89746190808839e-05	5.79929203187644	1
30.375	43.75	1.00000000020444	0.799944577037329	-2.89723074766925e-05	5.59930575152584	1
30.625	43.75	1.00000000058482	0.799944888445383	-2.8912284529449e-05	5.39931939353913	1
30.875	43.75	1.00000000097616	0.799945172433888	-2.87990414720202e-05	5.1993329647444	1
31.125	43.75	1.00000000108648	0.799945430661202	-2.86367516185248e-05	4.99934647159636	1
31.375	43.75	1.00000000045313	0.799945664722919	-2.84292901202935e-05	4.79935992023057	1
31.625	43.75	0.999999998583194	0.799945876170286	-2.81802533591929e-05	4.59937331650133	1
31.875	43.75	0.999999995307289	0.799946066514106	-2.78929801340048e-05	4.39938666596848	1
32.125	43.75	0.999999991347569	0.799946237193741	-2.75705767480451e-05	4.1993999737925	1
32.375	43.75	0.999999988925325	0.799946389492686	-2.72159471290238e-05	3.99941324451592	1
32.625	43.75	0.99999999196455	0.799946524402204	-2.68318255528571e-05	3.79942648177104	1
32.875	43.75	1.00000000518084	0.799946642479982	-2.64208027243241e-05	3.59943968806751	1
33.125	43.75	1.00000003130678	0.799946743816977	-2.5985327830048e-05	3.39945286495459	1
33.375	43.75	1.00000006623808	0.799946828290494	-2.55276649622887e-05	3.19946601394267	1
33.625	43.75	1.00000009332656	0.799946896285879	-2.50497898249641e-05	2.99947913846067	1
33.875	43.75	1.00000008042664	0.799946949925477	-2.45532418532078e-05	2.79949224664098	1
34.125	43.75	0.99999998589826	0.799946994465539	-2.40390038621695e-05	2.59950535375197	1
34.375	43.75	0.999999780677478	0.799947038911188	-2.35075562816596e-05	2.39951848179288	1
34.625	43.75	0.99999948964585	0.799947094254553	-2.295930664548e-05	2.1995316527699	1
34.875	43.75	0.999999243555754	0.799947167560027	-2.23955522716235e-05	1.99954487275395	1
35.125	43.75	0.999999311723088	0.799947251206537	-2.18199000276846e-05	1.79955810765957	1
35.375	43.75	1.0000000610106	0.799947309780793	-2.1239579339283e-05	1.59957126000517	1
35.625	43.75	1.00000177439915	0.799947272589738	-2.06654042011113e-05	1.39958416781133	1
35.875	43.75	1.00000429051563	0.799947046032568	-2.01085897831195e-05	1.19959665704296	1
36.125	43.75	1.00000652587475	0.799946562837332	-1.95728466272551e-05	0.999608676529447	1
36.375	43.75	1.00000612883082	0.799945877210381	-1.9042037726893e-05	0.799620513542574	1
36.625	43.75	0.999999748436491	0.799945288107803	-1.84678467161848e-05	0.599633016214418	1
36.875	43.75	0.999984546495823	0.799945416763417	-1.77679783115559e-05	0.399647640145768	1
37.125	43.75	0.999961387179956	0.79995349667874	-1.68509190088624e-05	0.199666036566498	1
37.375	43.75	0.999939296810985	0.399955960239713	-1.58440309245756e-05	-0.000314268882936879	1
0.125	44.25	0.000474533401447132	0.799769002159264	0.00353336885516309	22.826915199777	1
0.375	44.25	0.000474908693186361	0.799911293091275	0.00342844861284109	22.8268376943113	1
0.625	44.25	0.000475604878891027	0.79989070896554	0.00308407665336997	22.8267674696016	1
0.875	44.25	0.000476336048264796	0.799890983749694	0.00254937754410838	22.8267007873694	1
1.125	44.25	0.000476420409606511	0.799925479155484	0.00184194701168828	22.826630348202	1
1.375	44.25	0.000474670616828257	0.800000052399455	0.000989156206750762	22.8265457600526	1
1.625	44.25	0.000469409334740587	0.800100628271245	4.06205779926141e-05	22.826437220559	1
1.875	44.25	0.000458690466530052	0.80018558453932	-0.000921725083877199	22.8263022564038	1
2.125	44.25	0.00044078919351958	0.800197431935688	-0.00175712352451881	22.826153125714	1
2.375	44.25	0.000414975649174448	0.800108050307262	-0.00224387003394226	22.826017450165	1
2.625	44.25	0.000382517494056317	0.799974166747841	-0.0021983153505614	22.8259223844522	1
2.875	44.25	0.000347793942377034	0.799922798781134	-0.00176164459283782	22.8258660841316	1
3.125	44.25	0.000319378861095491	0.800042480117807	-0.00136005812527428	22.825807508239	1
3.375	44.25	0.000310961843630156	0.800306102981648	-0.00126151281064812	22.8256930542328	1
3.625	44.25	0.000341983217987809	0.800613925734896	-0.00145888458215017	22.8254869232376	1
3.875	44.25	0.000437833431695607	0.800878783384655	-0.00182596966123245	22.8251761341813	1
4.125	44.25	0.000629423104500392	0.801061224843525	-0.00223716879137018	22.8247572706887	1
4.375	44.25	0.000951904171335906	0.80114978163895	-0.00262397831326725	22.824223465883	1
4.625	44.25	0.00144239050399282	0.801128334069299	-0.00297434797427927	22.8235612769314	1
4.875	44.25	0.00213682388983601	0.800960882577271	-0.00330596353444913	22.8227545983422	1
5.125	44.25	0.00306674370165573	0.80059334819075	-0.00364361832965943	22.8217893974596	1
5.375	44.25	0.00425754220465674	0.799961259368099	-0.00400941171237542	22.8206556817747	1
5.625	44.25	0.00573067006535674	0.798997698786474	-0.00442014648851269	22.8193448807562	1
5.875	44.25	0.00751328430482256	0.797641564257083	-0.00488511360497919	22.8178403469584	1
6.125	44.25	0.00966034342658915	0.795847567016428	-0.00540167572333087	22.8160972018802	1
6.375	44.25	0.012296606019168	0.793598551470583	-0.00594911655574891	22.8140061560168	1
6.625	44.25	0.0156899173684101	0.79091929890899	-0.0064824399639891	22.8113345482695	1
6.875	44.25	0.0203730027624984	0.787889079998396	-0.00692840301788827	22.8076371533687	1
7.125	44.25	0.0273378889563131	0.784647470501085	-0.00718649960662117	22.8021305577416	1
7.375	44.25	0.0383292207378527	0.781384324789466	-0.00713753673908681	22.793530824599	1
7.625	44.25	0.0562402881291219	0.778301718920967	-0.00666147077967788	22.7798696541745	1
7.875	44.25	0.0855192581947891	0.775538738956673	-0.00566455628338141	22.7583360872224	1
8.125	44.25	0.132239931107919	0.773074695095257	-0.00411446234226285	22.7252429599432	1
8.375	44.25	0.20305790720919	0.770696346252965	-0.00207983466227102	22.6762747813231	1
8.625	44.25	0.302067435967048	0.768198758379065	0.000238676456432023	22.6071723176838	1
8.875	44.25	0.425896971358298	0.765853728249069	0.00251947437073927	22.5148310595552	1
9.125	44.25	0.560978744639901	0.764618573843542	0.004409454051605	22.3984016265169	1
9.375	44.25	0.688205960188685	0.765435664630419	0.00566438852880426	22.2596957445695	1
9.625	44.25	0.792704575034196	0.768299827566102	0.00623578640454175	22.102533333852	1
9.875	44.25	0.869403348216746	0.77235046899208	0.00624147149146515	21.9314629534974	1
10.125	44.25	0.921126116336734	0.776645567566126	0.00587040119998791	21.7506508578152	1
10.375	44.25	0.953928927686033	0.780610612529748	0.00530180376105337	21.5633499924402	1
10.625	44.25	0.9738151693048	0.784026067668405	0.00466843374312118	21.3718552776726	1
10.875	44.25	0.985455090613284	0.786871261080207	0.00405273884555859	21.1776857834205	1
11.125	44.25	0.992069579834031	0.789205463067116	0.00349741558250129	20.9818086770634	1
11.375	44.25	0.995729337286571	0.791108307972744	0.00301862941177425	20.7848263777109	1
11.625	44.25	0.997705074862605	0.792656287233836	0.00261701063842042	20.5871107118654	1
11.875	44.25	0.998749225798672	0.793915564353354	0.00228532633994127	20.388891733749	1
12.125	44.25	0.999293351062848	0.794941034061099	0.00201325518814509	20.1903138302488	1
12.375	44.25	0.999577147451768	0.795777426608086	0.00179007330112374	19.9914700704332	1
12.625	44.25	0.999729187186776	0.796460897592657	0.00160598905867646	19.7924227562507	1
12.875	44.25	0.999815800364165	0.797020574094028	0.0014526738516754	19.5932155005094	1
13.125	44.25	0.999869762162585	0.797479900710836	0.00132335250333871	19.3938802377248	1
13.375	44.25	0.999906567421249	0.797857758613054	0.0012126778097877	19.1944412769282	1
13.625	44.25	0.999933299906024	0.798169374322119	0.00111651892397772	18.9949176670663	1
13.875	44.25	0.999953228757085	0.798427048128496	0.00103173331456063	18.7953246194992	1
14.125	44.25	0.999968037945634	0.798640733930387	0.000955956129567249	18.5956744108394	1
14.375	44.25	0.999978811494424	0.79881849966382	0.000887420454885577	18.3959769988534	1
14.625	44.25	0.999986409859695	0.79896689323012	0.00082481117582892	18.1962404749522	1
14.875	44.25	0.999991578665385	0.799091234233352	0.000767149963225073	17.9964714167335	1
15.125	44.25	0.999994960126369	0.799195847586987	0.000713706845470744	17.7966751726253	1
15.375	44.25	0.999997083222508	0.799284251448887	0.000663933407934292	17.5968560952413	1
15.625	44.25	0.999998360224896	0.799359309047685	0.000617413021834446	17.3970177330224	1
15.875	44.25	0.999999094821329	0.79942335173621	0.000573824175642258	17.1971629867773	1
16.125	44.25	0.999999498642923	0.799478278935182	0.00053291371538859	16.9972942365423	1
16.375	44.25	0.999999711253051	0.79952563938642	0.000494477478830089	16.7974134435888	1
16.625	44.25	0.999999819623364	0.799566697213636	0.000458346388258565	16.5975222319486	1
16.875	44.25	0.999999874764429	0.799602485599473	0.000424376537242251	16.3976219533254	1
17.125	44.25	0.999999904618566	0.79963385035673	0.000392442177072222	16.197713738713	1
17.375	44.25	0.999999923285373	0.799661485255155	0.000362430792876946	15.9977985394817	1
17.625	44.25	0.999999937158764	0.799685960635897	0.000334239675924478	15.7978771601734	1
17.875	44.25	0.999999948721437	0.799707746567974	0.00030777355974022	15.5979502847796	1
18.125	44.25	0.999999958712002	0.799727231577747	0.000282943005327877	15.3980184978928	1
18.375	44.25	0.999999967246695	0.799744737796914	0.000259663311497265	15.1980823018089	1
18.625	44.25	0.999999974326113	0.799760533213759	0.000237853787626382	14.9981421304146	1
18.875	44.25	0.999999980011935	0.799774841587515	0.000217437274136411	14.7981983605071	1
19.125	44.25	0.99999998445107	0.799787850476735	0.000198339830453478	14.5982513210525	1
19.375	44.25	0.999999987843469	0.79979971774653	0.000180490532343891	14.3983013007787	1
19.625	44.25	0.999999990402471	0.799810576848791	0.000163821339473314	14.1983485544205	1
19.875	44.25	0.999999992324846	0.799820541114213	0.000148267007000531	13.9983933078677	1
20.125	44.25	0.999999993775709	0.799829707242911	0.000133765021270488	13.7984357624204	1
20.375	44.25	0.999999994883857	0.79983815814947	0.00012025554856854	13.5984760983153	1
20.625	44.25	0.999999995744632	0.799845965285513	0.00010768138925992	13.3985144776562	1
20.875	44.25	0.999999996425946	0.79985319053867	9.59879311694626e-05	13.1985510468576	1
21.125	44.25	0.999999996975036	0.799859887787624	8.51231007126257e-05	12.9985859386889	1
21.375	44.25	0.999999997424262	0.799866104181165	7.50373096825228e-05	12.7986192739909	1
21.625	44.25	0.999999997796093	0.79987188118749	6.56833970644765e-05	12.5986511631222	1
21.875	44.25	0.999999998106149	0.799877255460331	5.70165660180882e-05	12.3986817071849	1
22.125	44.25	0.999999998365978	0.799882259557182	4.89943165319814e-05	12.1987109990662	1
22.375	44.25	0.999999998584399	0.799886922532079	4.15763746470728e-05	11.9987391243279	1
22.625	44.25	0.999999998768439	0.799891270428936	3.47246172304539e-05	11.7987661619701	1
22.875	44.25	0.999999998923631	0.799895326694375	2.84029956289348e-05	11.5987921850903	1
23.125	44.25	0.999999999054771	0.799899112522871	2.25774572937807e-05	11.3988172614533	1
23.375	44.25	0.999999999166083	0.799902647145865	1.72158653851542e-05	11.1988414539883	1
23.625	44.25	0.999999999260999	0.799905948075185	1.22879189824171e-05	10.9988648212238	1
23.875	44.25	0.999999999342206	0.799909031310512	7.76507309124669e-06	10.7988874176696	1
24.125	44.25	0.999999999412037	0.799911911514369	3.6204588273836e-06	10.5989092941543	1
24.375	44.25	0.999999999472375	0.799914602161854	-1.71195244494452e-07	10.398930498125	1
24.625	44.25	0.999999999524628	0.799917115668929	-3.63363979740308e-06	10.1989510739146	1
24.875	44.25	0.99999999956989	0.799919463502557	-6.78918060076098e-06	9.99897106298016	1
25.125	44.25	0.999999999609311	0.799921656275725	-9.65875251911847e-06	9.79899050411844	1
25.375	44.25	0.999999999643802	0.799923703830722	-1.22619904995721e-05	9.59900943365955	1
25.625	44.25	0.999999999674143	0.799925615311966	-1.46172989547145e-05	9.3990278856426	1
25.875	44.25	0.999999999701032	0.79992739922823	-1.67419189171994e-05	9.19904589197512	1
26.125	44.25	0.999999999725036	0.79992906350809	-1.86519922464251e-05	8.99906348257903	1
26.375	44.25	0.999999999746516	0.799930615550438	-2.03626234600169e-05	8.79908068552365	1
26.625	44.25	0.999999999765848	0.799932062267247	-2.18879390390946e-05	8.59909752714773	1
26.875	44.25	0.999999999783386	0.799933410121817	-2.32411443565521e-05	8.39911403217197	1
27.125	44.25	0.999999999799541	0.799934665164293	-2.44345776097205e-05	8.19913022380269	1
27.375	44.25	0.999999999814702	0.7999358330636	-2.54797613740666e-05	7.99914612382745	1
27.625	44.25	0.999999999829546	0.799936919135043	-2.63874519523133e-05	7.79916175270348	1
27.875	44.25	0.999999999844315	0.799937928364795	-2.71676857907126e-05	7.59917712963999	1
28.125	44.25	0.999999999858359	0.799938865434606	-2.78298239877228e-05	7.39919227267499	1
28.375	44.25	0.999999999869588	0.799939734742817	-2.83825941443275e-05	7.19920719874609	1
28.625	44.25	0.999999999874291	0.799940540422356	-2.88341299481915e-05	6.99922192375735	1
28.875	44.25	0.99999999986784	0.799941286359406	-2.91920090784176e-05	6.79923646264138	1
29.125	44.25	0.999999999847527	0.799941976209827	-2.946328844886e-05	6.59925082941697	1
29.375	44.25	0.999999999817437	0.799942613413433	-2.96545376977342e-05	6.39926503724216	1
29.625	44.25	0.999999999794834	0.799943201206764	-2.97718711237234e-05	6.19927909846321	1
29.875	44.25	0.999999999814493	0.799943742634812	-2.98209774731885e-05	5.99929302465912	1
30.125	44.25	0.999999999925162	0.799944240561514	-2.98071479530716e-05	5.79930682668352	1
30.375	44.25	1.00000000016957	0.799944697679343	-2.97353026883689e-05	5.599320514706	1
30.625	44.25	1.00000000054183	0.799945116519602	-2.96100151379195e-05	5.39933409825738	1
30.875	44.25	1.00000000092558	0.799945499466816	-2.94355343629284e-05	5.19934758628252	1
31.125	44.25	1.0000000010372	0.79994584877811	-2.92158053500062e-05	4.99936098720194	1
31.375	44.25	1.00000000042665	0.799946166606221	-2.89544879057749e-05	4.79937430897554	1
31.625	44.25	0.999999998613443	0.799946455020167	-2.86549752337733e-05	4.5993875591496	1
31.875	44.25	0.999999995430107	0.799946716011523	-2.83204141098543e-05	4.39940074485371	1
32.125	44.25	0.999999991574273	0.799946951466809	-2.79537291699509e-05	4.19941387270801	1
32.375	44.25	0.999999989200219	0.799947163087806	-2.75576524085175e-05	3.99942694861914	1
32.625	44.25	0.999999992119416	0.799947352261101	-2.71347551106236e-05	3.79943997750377	1
32.875	44.25	1.00000000491966	0.799947519922583	-2.66874731326071e-05	3.59945296308861	1
33.125	44.25	1.00000003027428	0.799947666526651	-2.62181083904107e-05	3.39946590807311	1
33.375	44.25	1.00000006422888	0.799947792292856	-2.57287850128109e-05	3.19947881502879	1
33.625	44.25	1.00000009065259	0.799947897907506	-2.5221345961348e-05	2.99949168830497	1
33.875	44.25	1.00000007835228	0.799947985718458	-2.4697205033025e-05	2.79950453674011	1
34.125	44.25	0.999999986874327	0.799948061094478	-2.41572265958342e-05	2.59951737603526	1
34.375	44.25	0.999999787907567	0.799948133027424	-2.36017800302379e-05	2.39953022837745	1
34.625	44.25	0.999999505445579	0.799948212427991	-2.30311685615682e-05	2.19954311593174	1
34.875	44.25	0.999999266246497	0.799948306389364	-2.24465912146293e-05	1.9995560453805	1
35.125	44.25	0.999999331684187	0.799948407742817	-2.18515611526524e-05	1.7995689844105	1
35.375	44.25	1.00000005807243	0.799948482320403	-2.12532179586356e-05	1.59958183912519	1
35.625	44.25	1.0000017205932	0.799948461655574	-2.06622885047621e-05	1.39959445291672	1
35.875	44.25	1.00000416312604	0.799948254953494	-2.0089899509811e-05	1.19960665730635	1
36.125	44.25	1.00000633372388	0.799947796869652	-1.95396587746938e-05	0.999618402898958	1
36.375	44.25	1.00000594747288	0.799947139937509	-1.89952819364558e-05	0.799629968775017	1
36.625	44.25	0.999999746438001	0.799946574448595	-1.84082130388707e-05	0.599642178731464	1
36.875	44.25	0.99998496824872	0.799946703792823	-1.76957818914177e-05	0.399656446996484	1
37.125	44.25	0.999962447618429	0.799954575555971	-1.67659803507308e-05	0.199674378821223	1
37.375	44.25	0.999940957761288	0.399956904223628	-1.57475174429546e-05	-0.000306436160014647	1
0.125	44.75	0.000476422025062344	0.799778632451538	0.00379870659097279	22.8268406925296	1
0.375	44.75	0.000476792053229879	0.799937589851585	0.00356085878518227	22.826757124038	1
0.625	44.75	0.00047747455713194	0.799922821297288	0.00324100504906569	22.8266793880836	1
0.875	44.75	0.000478178569750054	0.799923640881872	0.00274129024103278	22.8266043233978	1
1.125	44.75	0.000478216051514467	0.799950930006887	0.0020897930347495	22.8265266737409	1
1.375	44.75	0.00047639318438807	0.800014334059374	0.00136425197118918	22.8264378411169	1
1.625	44.75	0.000471027368009584	0.800106860763149	0.000698714427191334	22.8263281951041	1
1.875	44.75	0.00046017042485101	0.800191383131499	0.00026065899819945	22.8261937151095	1
2.125	44.75	0.000442101460169362	0.800207923460165	0.000160465280118698	22.8260449451995	1
2.375	44.75	0.000416104704271706	0.800122518714135	0.000297225476390776	22.8259092744261	1
2.625	44.75	0.000383477501881212	0.799988998184492	0.000305449756151156	22.8258142195154	1
2.875	44.75	0.000348649108443837	0.799929091737722	-0.000120637979761841	22.8257579619437	1
3.125	44.75	0.000320264783788345	0.800020786410788	-0.000847267558441558	22.8257024621426	1
3.375	44.75	0.000312102870338657	0.800238781112451	-0.00153176719375799	22.825600196505	1
3.625	44.75	0.000343704334379478	0.80050269154301	-0.00201142222686066	22.8254179814744	1
3.875	44.75	0.00044057311706922	0.800741672690562	-0.00232170014443887	22.8251394137824	1
4.125	44.75	0.000633764793107607	0.800917794652819	-0.00254161528646066	22.824755411957	1
4.375	44.75	0.000958658058163897	0.801013822273865	-0.00269764910084398	22.8242548029971	1
4.625	44.75	0.00145276826518641	0.80100961997935	-0.00276989249423459	22.8236214695029	1
4.875	44.75	0.0021527463663277	0.800867463252622	-0.00272974147393377	22.822837239039	1
5.125	44.75	0.0030913147883137	0.800530050785392	-0.00255975973203311	22.8218863699216	1
5.375	44.75	0.00429574371453778	0.799925419133239	-0.00225605118352337	22.8207581572086	1
5.625	44.75	0.00579039747689189	0.798974031594905	-0.00182618218120803	22.8194452107001	1
5.875	44.75	0.00760693811549163	0.797597174770398	-0.00128841662997856	22.8179346723348	1
6.125	44.75	0.00980731294307897	0.795727713577591	-0.000671997511771642	22.8161883584767	1
6.375	44.75	0.0125271556076604	0.793324117452293	-1.6976461085621e-05	22.8141061901676	1
6.625	44.75	0.0160512330390495	0.790387384696664	0.000627474056779621	22.8114657924308	1
6.875	44.75	0.0209384589698617	0.786978298214676	0.00120691693869721	22.807830446777	1
7.125	44.75	0.0282207763555938	0.783229121974652	0.00166786827786362	22.8024190640297	1
7.375	44.75	0.0397015863641823	0.779339477797062	0.00196575576219338	22.7939383712703	1
7.625	44.75	0.0583543464862438	0.775542410039651	0.00207291395418141	22.7803941120009	1
7.875	44.75	0.0887191187748811	0.772029809220217	0.00198417359797155	22.7589315166305	1
8.125	44.75	0.136930551600361	0.768852864920327	0.00171808901455517	22.7258089586039	1
8.375	44.75	0.209573302454407	0.765886400811679	0.00131380593420036	22.6766654814635	1
8.625	44.75	0.310402326795374	0.763027558441311	0.000825463949975421	22.6072347056625	1
8.875	44.75	0.43542888945571	0.760644119880636	0.000315312979280223	22.5144652073878	1
9.125	44.75	0.570529515969938	0.759720890507014	-0.000155708921450948	22.3976094252902	1
9.375	44.75	0.696591842100114	0.76110931616412	-0.000539531402502116	22.25858010295	1
9.625	44.75	0.799290457332781	0.764652098467117	-0.000808998167063619	22.1012471785565	1
9.875	44.75	0.874171133033588	0.769373732085341	-0.00095815628654521	21.9301483908235	1
10.125	44.75	0.924400826179552	0.774278028957411	-0.000997218123898076	21.7494048800408	1
10.375	44.75	0.956111029132668	0.778770579805212	-0.000946316954889116	21.5622208996967	1
10.625	44.75	0.975247420587958	0.782626167940873	-0.000829897054129521	21.3708552000161	1
10.875	44.75	0.986389768129766	0.785826146398197	-0.000672275860270721	21.1768058979199	1
11.125	44.75	0.992679147834546	0.788437230160572	-0.000494680399589501	20.981031002086	1
11.375	44.75	0.996127523785479	0.790549795410837	-0.000313785679513255	20.7841310762321	1
11.625	44.75	0.997965728418064	0.792252287417414	-0.000141455085915343	20.5864798405399	1
11.875	44.75	0.998920112809862	0.793622458239237	1.47641375028047e-05	20.388310709102	1
12.125	44.75	0.999405435494322	0.794725496282429	0.000150797733440016	20.1897716268279	1
12.375	44.75	0.999650599470907	0.795614737158381	0.000265137507632702	19.9909588171778	1
12.625	44.75	0.99977721683031	0.796333214607135	0.000358028592352588	19.7919371185799	1
12.875	44.75	0.999847099062358	0.796915363158845	0.000430815336235001	19.5927520500566	1
13.125	44.75	0.999890065994765	0.79738860482816	0.00048545355455463	19.3934369004986	1
13.375	44.75	0.999919666875839	0.797774725437872	0.000524168846246833	19.1940168895315	1
13.625	44.75	0.999941698451904	0.798091021549646	0.0005492309417537	18.994511640009	1
13.875	44.75	0.999958576161023	0.798351232480648	0.000562814207106192	18.7949366934492	1
14.125	44.75	0.999971417350584	0.79856628548883	0.000566918911361659	18.5953044877114	1
14.375	44.75	0.999980930470608	0.798744885661743	0.00056333350106398	18.3956250301892	1
14.625	44.75	0.999987727809195	0.798893980400738	0.000553623383494894	18.1959063924721	1
14.875	44.75	0.999992391760959	0.799019124484552	0.000539136011208413	17.9961550928719	1
15.125	44.75	0.99999545780881	0.799124767152299	0.000521015320783575	17.7963764016609	1
15.375	44.75	0.999997385628543	0.799214478320116	0.000500220932627196	17.596574588028	1
15.625	44.75	0.999998542845117	0.799291127312657	0.000477549162782967	17.3967531202588	1
15.875	44.75	0.999999204635203	0.799357024462855	0.000453654022474664	17.1969148272496	1
16.125	44.75	0.999999564593963	0.799414033560289	0.000429067132987578	16.9970620278957	1
16.375	44.75	0.99999975098967	0.799463661312695	0.000404215977649818	16.7971966340085	1
16.625	44.75	0.99999984379502	0.799507128609687	0.000379440234275851	16.5973202317192	1
16.875	44.75	0.999999889731327	0.799545427334219	0.0003550061319648	16.3974341456515	1
17.125	44.75	0.999999914142069	0.799579365674274	0.00033111889823285	16.197539489467	1
17.375	44.75	0.999999929570289	0.799609604272751	0.000307933432961668	15.9976372057339	1
17.625	44.75	0.999999941488434	0.799636685079481	0.000285563379351843	15.79772809748	1
17.875	44.75	0.999999951839985	0.799661054387436	0.000264088775030893	15.5978128532797	1
18.125	44.75	0.99999996105136	0.799683081238308	0.000243562464117284	15.3978920673068	1
18.375	44.75	0.999999969059865	0.799703072144332	0.000224015441537597	15.1979662554517	1
18.625	44.75	0.999999975764388	0.799721282875275	0.000205461285416171	14.9980358683441	1
18.875	44.75	0.999999981168962	0.799737927912105	0.000187899817335603	14.798101301925	1
19.125	44.75	0.999999985387843	0.799753188040363	0.00017132011298538	14.598162906068	1
19.375	44.75	0.999999988602251	0.799767216460099	0.000155702968842016	14.3982209916363	1
19.625	44.75	0.999999991014434	0.799780143713278	0.000141022915823844	14.1982758362806	1
19.875	44.75	0.999999992814357	0.799792081666051	0.000127249857162426	13.9983276892188	1
20.125	44.75	0.999999994162632	0.799803126731737	0.000114350394738729	13.7983767751903	1
20.375	44.75	0.999999995184788	0.799813362487992	0.000102288898946938	13.5984232977393	1
20.625	44.75	0.999999995973638	0.799822861805049	9.10283674944595e-05	13.3984674419519	1
20.875	44.75	0.999999996594981	0.799831688581417	8.05311097415579e-05	13.1985093767475	1
21.125	44.75	0.999999997094287	0.799839899162892	7.07592897282642e-05	12.998549256805	1
21.375	44.75	0.999999997502372	0.799847543507208	6.16753522508413e-05	12.7985872241908	1
21.625	44.75	0.999999997840424	0.799854666139299	5.32423532048066e-05	12.5986234097413	1
21.875	44.75	0.99999999812293	0.799861306939925	4.54242131028433e-05	12.3986579342429	1
22.125	44.75	0.999999998360511	0.799867501800434	3.81859067598757e-05	12.1986909094458	1
22.375	44.75	0.999999998561213	0.799873283163227	3.14936020813388e-05	11.9987224389374	1
22.625	44.75	0.999999998731255	0.799878680473138	2.53147567465989e-05	11.7987526189024	1
22.875	44.75	0.999999998875533	0.799883720557374	1.96181817517235e-05	11.598781538785	1
23.125	44.75	0.999999998998387	0.799888427942831	1.43740781269454e-05	11.3988092818704	1
23.375	44.75	0.999999999103559	0.799892825124253	9.5540514488193e-06	11.1988359257978	1
23.625	44.75	0.999999999194045	0.799896932792165	5.13110985311313e-06	10.9988615430162	1
23.875	44.75	0.999999999272282	0.799900770027271	1.07964842836813e-06	10.7988862011898	1
24.125	44.75	0.999999999340348	0.799904354466137	-2.62457703436483e-06	10.5989099635617	1
24.375	44.75	0.999999999399803	0.799907702445564	-6.00448433200279e-06	10.3989328892818	1
24.625	44.75	0.999999999451928	0.799910829126425	-9.08170468908683e-06	10.198955033702	1
24.875	44.75	0.999999999497766	0.799913748600648	-1.18766274395131e-05	9.99897644864468	1
25.125	44.75	0.999999999538282	0.799916473986376	-1.44084480522149e-05	9.79899718264785	1
25.375	44.75	0.999999999574273	0.799919017512079	-1.66952172855111e-05	9.59901728118825	1
25.625	44.75	0.999999999606506	0.799921390589527	-1.87538918816575e-05	9.39903678688638	1
25.875	44.75	0.999999999635591	0.799923603878634	-2.06003861596476e-05	9.19905573969483	1
26.125	44.75	0.999999999661945	0.799925667346175	-2.22496226861247e-05	8.99907417707236	1
26.375	44.75	0.999999999685863	0.799927590319164	-2.37155825166973e-05	8.7990921341442	1
26.625	44.75	0.999999999707722	0.799929381530809	-2.50113546724883e-05	8.59910964385058	1
26.875	44.75	0.999999999727787	0.799931049163036	-2.61491844739972e-05	8.39912673708495	1
27.125	44.75	0.999999999746435	0.799932600886391	-2.71405199832815e-05	8.19914344282206	1
27.375	44.75	0.999999999764075	0.799934043895324	-2.79960568654659e-05	7.99915978823706	1
27.625	44.75	0.999999999781364	0.799935384940157	-2.87257823304929e-05	7.79917579881661	1
27.875	44.75	0.99999999979853	0.799936630356053	-2.93390164804145e-05	7.59919149846263	1
28.125	44.75	0.999999999814887	0.799937786091525	-2.98444520652668e-05	7.39920690958949	1
28.375	44.75	0.999999999828392	0.799938857733719	-3.02501926843341e-05	7.19922205321438	1
28.625	44.75	0.999999999835462	0.79993985053026	-3.05637887545304e-05	6.9992369490425	1
28.875	44.75	0.999999999831543	0.799940769411742	-3.07922720602141e-05	6.79925161554675	1
29.125	44.75	0.999999999813976	0.799941619012302	-3.09421883257308e-05	6.59926607004185	1
29.375	44.75	0.999999999786785	0.799942403687136	-3.10196280476863e-05	6.39928032875309	1
29.625	44.75	0.999999999766766	0.799943127528762	-3.10302560149769e-05	6.19929440688011	1
29.875	44.75	0.999999999787681	0.799943794382658	-3.09793390731326e-05	5.99930831865556	1
30.125	44.75	0.999999999896965	0.799944407860808	-3.08717721560495e-05	5.79932207740001	1
30.375	44.75	1.00000000013635	0.799944971354064	-3.07121028759851e-05	5.59933569557566	1
30.625	44.75	1.00000000050042	0.799945488045616	-3.05045544207261e-05	5.39934918484317	1
30.875	44.75	1.0000000008765	0.799945960928178	-3.02530463084057e-05	5.19936255612486	1
31.125	44.75	1.00000000098931	0.799946392825497	-2.99612132147386e-05	4.99937581967584	1
31.375	44.75	1.00000000040139	0.799946786417293	-2.96324226155632e-05	4.79938898515657	1
31.625	44.75	0.999999998644577	0.799947144262236	-2.92697922821001e-05	4.59940206168868	1
31.875	44.75	0.999999995553199	0.799947468806731	-2.88762093424687e-05	4.39941505786142	1
32.125	44.75	0.99999999180038	0.799947762360152	-2.84543533821688e-05	4.19942798165058	1
32.375	44.75	0.999999989473614	0.799948027019659	-2.80067249656546e-05	3.99944084022855	1
32.625	44.75	0.999999992272282	0.799948264545864	-2.75356766906227e-05	3.79945363970336	1
32.875	44.75	1.00000000465707	0.799948476233042	-2.70434374194554e-05	3.59946638493054	1
33.125	44.75	1.00000002924281	0.799948662880367	-2.65321129445123e-05	3.399479079676	1
33.375	44.75	1.00000006222558	0.799948825031958	-2.60036415787694e-05	3.19949172749297	1
33.625	44.75	1.00000008799155	0.799948963658662	-2.54596903449935e-05	2.99950433357597	1
33.875	44.75	1.00000007629881	0.799949081318993	-2.49015068777962e-05	2.79951690739852	1
34.125	44.75	0.999999987877495	0.799949183480386	-2.43297987402823e-05	2.59952946502746	1
34.375	44.75	0.999999795165041	0.799949279108475	-2.37447880975549e-05	2.39954202877487	1
34.625	44.75	0.999999521260622	0.799949379020515	-2.31466401497804e-05	2.19955462090579	1
34.875	44.75	0.999999288918396	0.799949490327186	-2.2536425040392e-05	1.99956724865856	1
35.125	44.75	0.999999351556033	0.799949606301734	-2.19175361514729e-05	1.79957988143932	1
35.375	44.75	1.00000005492195	0.799949694012037	-2.12970025048041e-05	1.59959242888606	1
35.625	44.75	1.00000166639341	0.799949687210838	-2.06854485312085e-05	1.39960473971382	1
35.875	44.75	1.00000403514111	0.799949497905863	-2.00938983643292e-05	1.19961665095144	1
36.125	44.75	1.00000614090061	0.799949062680407	-1.95258337276712e-05	0.99962811492357	1
36.375	44.75	1.00000576581404	0.799948432392921	-1.89647719680978e-05	0.799639402440658	1
36.625	44.75	0.999999745485774	0.799947888648887	-1.83618170858958e-05	0.599651312837078	1
36.875	44.75	0.999985393939329	0.799948016945337	-1.76337639618356e-05	0.399665218768811	1
37.125	44.75	0.999963516507844	0.799955676831969	-1.66879176129813e-05	0.199682679243631	1
37.375	44.75	0.999942631845597	0.399957872525449	-1.56547084273261e-05	-0.000298651385519683	1
0.125	45.25	0.000471875663358697	0.799811070581555	0.00369350536590628	22.8267657445293	1
0.375	45.25	0.000472246121916325	0.800012091226107	0.00344521561985577	22.826668099395	1
0.625	45.25	0.000472932030352229	0.800026250486284	0.00303093852323574	22.8265697682918	1
0.875	45.25	0.000473647782668318	0.800051077096259	0.00237622072336173	22.8264670901619	1
1.125	45.25	0.000473712932663217	0.800084944860143	0.00147458771014868	22.8263580110913	1
1.375	45.25	0.000471941781123354	0.800129005796866	0.000389838353577728	22.8262396464219	1
1.625	45.25	0.000466657171450015	0.800171588656122	-0.000713021255089134	22.826109683449	1
1.875	45.25	0.000455909065271769	0.80018001271315	-0.00158348731107556	22.8259720220441	1
2.125	45.25	0.000437962229825028	0.800119268401524	-0.00200664880855734	22.8258423110317	1
2.375	45.25	0.000412069972269152	0.79999860965332	-0.00200321214374755	22.8257433242778	1
2.625	45.25	0.000379480470287946	0.799891694792013	-0.00187377989707848	22.825685508458	1
2.875	45.25	0.000344555751056236	0.799876009465398	-0.00190313270964802	22.8256517814047	1
3.125	45.25	0.000315853734262929	0.799960134167423	-0.00210276438810176	22.8256095502866	1
3.375	45.25	0.000307035641632246	0.800098373380138	-0.00234022923150233	22.8255322816206	1
3.625	45.25	0.000337478002474933	0.800247227675268	-0.00253146769956138	22.8254031765983	1
3.875	45.25	0.000432455513055448	0.800382812561099	-0.00266745318942084	22.8252075966683	1
4.125	45.25	0.000622725425193533	0.800488876891017	-0.00275501159959753	22.8249281750239	1
4.375	45.25	0.000943322431737208	0.800547158256003	-0.00276359301105191	22.8245440236409	1
4.625	45.25	0.00143142805111756	0.80053339901272	-0.00262748274725243	22.8240313101618	1
4.875	45.25	0.00212343176060173	0.800413476814474	-0.00227705673022808	22.8233646509458	1
5.125	45.25	0.00305187422788067	0.800140294236571	-0.00165932453669394	22.8225193308265	1
5.375	45.25	0.00424381199214973	0.799654087754044	-0.000743115057342183	22.8214729573128	1
5.625	45.25	0.00572308289944989	0.798886358229639	0.000479882162202363	22.8202040131921	1
5.875	45.25	0.00751998130997317	0.797766501640314	0.00199154713197444	22.8186841139254	1
6.125	45.25	0.0096933133757521	0.796230973104119	0.00374074074562131	22.8168598692311	1
6.375	45.25	0.0123722047700739	0.794235401864244	0.00563586465585503	22.8146188733414	1
6.625	45.25	0.0158289186187612	0.791769499575134	0.00753968576107634	22.811732852892	1
6.875	45.25	0.0205997020122833	0.788872823864383	0.00927013220264675	22.8077701078864	1
7.125	45.25	0.0276774575146556	0.785646439947969	0.0106108405997905	22.8019704945028	1
7.375	45.25	0.0388020661148518	0.782251320124004	0.0113340027844632	22.793082121425	1
7.625	45.25	0.0568518942335105	0.778880305843968	0.0112351444125668	22.7791746097528	1
7.875	45.25	0.0862448267355553	0.775692327262085	0.0101759748963503	22.7574759458724	1
8.125	45.25	0.133007360439894	0.772720964256147	0.0081299306999347	22.7243324020912	1
8.375	45.25	0.203742844708564	0.769837953061103	0.00522551607680798	22.6754485383159	1
8.625	45.25	0.302525891407685	0.766935635518006	0.00177578525332934	22.6065632612162	1
8.875	45.25	0.426047797418382	0.764362940534969	-0.00174157333074033	22.5145418258612	1
9.125	45.25	0.560881292072262	0.76310624616645	-0.00479891157612243	22.3984780315188	1
9.375	45.25	0.688033053393762	0.764088120349857	-0.00700214372542482	22.2601153892093	1
9.625	45.25	0.792621740924207	0.767251656568676	-0.00821621992528569	22.1032171857841	1
9.875	45.25	0.869483972629593	0.771668225613156	-0.00854470907390145	21.9323028496877	1
10.125	45.25	0.921356574175487	0.776329000027928	-0.0082160357883629	21.7515377014851	1
10.375	45.25	0.954254103962399	0.780610478247266	-0.00747574712608698	21.5641924559737	1
10.625	45.25	0.974176014673515	0.78426799343472	-0.00652823782040075	21.3725876062697	1
10.875	45.25	0.985806367305685	0.787275826419698	-0.00552001575031834	21.1782678835749	1
11.125	45.25	0.992383661871672	0.789700926346315	-0.00454447942859642	20.982222183266	1
11.375	45.25	0.995993545487522	0.791636652127436	-0.00365406014773919	20.7850693427826	1
11.625	45.25	0.99791717132122	0.79317465420828	-0.0028727384171769	20.58719242472	1
11.875	45.25	0.998913196109732	0.794395059051754	-0.002206325181962	20.3888283526999	1
12.125	45.25	0.999416192772588	0.795364337748148	-0.00165000122012719	20.190125032241	1
12.375	45.25	0.999666728923187	0.796136115019981	-0.00119344109087792	19.9911766634191	1
12.625	45.25	0.999792990044279	0.796752946585023	-0.000824079168087753	19.7920450947146	1
12.875	45.25	0.999860299190213	0.79724826497518	-0.000529056608312621	19.5927725186553	1
13.125	45.25	0.999900217458851	0.797648178317706	-0.000296285775945148	19.3933889296212	1
13.375	45.25	0.999927058029124	0.797973012352539	-0.000114954532829792	19.1939164833589	1
13.625	45.25	0.999946873682548	0.798238576840574	2.43058640926011e-05	18.9943720618139	1
13.875	45.25	0.999962094661992	0.798457177503521	0.000129441575775122	18.7947688171595	1
14.125	45.25	0.999973755762867	0.798638410074967	0.000207092618943783	18.595117141937	1
14.375	45.25	0.99998245782761	0.798789776139354	0.000262749019483559	18.3954253159418	1
14.625	45.25	0.999988712924166	0.798917157531199	0.00030091497402399	18.195699966348	1
14.875	45.25	0.999993022135882	0.799025180687578	0.000325264414412094	17.9959464136045	1
15.125	45.25	0.999995859989592	0.79911749643637	0.000338780398860768	17.7961689413184	1
15.375	45.25	0.999997642831119	0.799196995225005	0.000343875878042183	17.5963710108139	1
15.625	45.25	0.999998708669947	0.799265973165009	0.00034249611127169	17.3965554325569	1
15.875	45.25	0.999999313050631	0.799326260561848	0.000336204309923522	17.1967245026801	1
16.125	45.25	0.999999636869147	0.799379321733101	0.000326252584047368	16.9968801109687	1
16.375	45.25	0.99999980033934	0.799426332758479	0.000313640338027212	16.7970238256412	1
16.625	45.25	0.9999998784038	0.799468242190716	0.000299162121468341	16.5971569595051	1
16.875	45.25	0.999999914677859	0.799505818556106	0.000283446714200379	16.3972806213911	1
17.125	45.25	0.999999932600655	0.799539687583546	0.000266988975585418	16.1973957561077	1
17.375	45.25	0.999999943550702	0.7995703614253	0.000250175751615299	15.9975031755436	1
17.625	45.25	0.999999952286779	0.799598261628146	0.000233306917465898	15.7976035829884	1
17.875	45.25	0.999999960311846	0.799623737219624	0.000216612448494627	15.597697592271	1
18.125	45.25	0.999999967777034	0.799647078974486	0.000200266255909882	15.3977857429353	1
18.375	45.25	0.999999974444664	0.799668530693817	0.000184397389661263	15.1978685123644	1
18.625	45.25	0.999999980099976	0.799688298142213	0.000169099102343782	14.9979463255448	1
18.875	45.25	0.999999984671299	0.799706556150795	0.00015443617757614	14.7980195629829	1
19.125	45.25	0.999999988221068	0.7997234542771	0.000140450850120241	14.5980885671663	1
19.375	45.25	0.999999990893916	0.799739121329467	0.000127167585102034	14.398153647868	1
19.625	45.25	0.999999992865454	0.79975366899616	0.000114596933169678	14.1982150865238	1
19.875	45.25	0.999999994305755	0.799767194766422	0.000102738636918113	13.9982731398635	1
20.125	45.25	0.99999999536009	0.799779784287319	9.1584131379197e-05	13.7983280429388	1
20.375	45.25	0.999999996141901	0.799791513275083	8.11185539365367e-05	13.598380011661	1
20.625	45.25	0.999999996734333	0.799802449067364	7.13223571366944e-05	13.3984292449399	1
20.875	45.25	0.999999997195266	0.799812651891153	6.21725993829757e-05	13.198475926497	1
21.125	45.25	0.999999997563755	0.799822175901523	5.36439762372284e-05	12.998520226411	1
21.375	45.25	0.999999997865339	0.799831070035583	4.57096406116446e-05	12.7985623024444	1
21.625	45.25	0.999999998116835	0.799839378716763	3.83418514785793e-05	12.5986023011895	1
21.875	45.25	0.999999998329177	0.799847142439872	3.15124859453706e-05	12.3986403590632	1
22.125	45.25	0.999999998510068	0.799854398259795	2.51934385574643e-05	12.1986766031791	1
22.375	45.25	0.999999998665138	0.799861180198453	1.93569304230622e-05	11.9987111521125	1
22.625	45.25	0.999999998798562	0.799867519587833	1.39757456926116e-05	11.7987441165809	1
22.875	45.25	0.999999998913596	0.799873445362854	9.02340874066797e-06	11.5987756000479	1
23.125	45.25	0.999999999013238	0.799878984308323	4.47431409740185e-06	11.3988056992654	1
23.375	45.25	0.999999999100098	0.799884161270982	3.03818155863426e-07	11.1988345047609	1
23.625	45.25	0.99999999917625	0.799888999342614	-3.51169946511418e-06	10.9988621012795	1
23.875	45.25	0.999999999243404	0.799893520018881	-6.99479933746865e-06	10.7988885681847	1
24.125	45.25	0.999999999303035	0.799897743337095	-1.01669646087998e-05	10.5989139798247	1
24.375	45.25	0.999999999356161	0.799901687998872	-1.30485986809751e-05	10.3989384058682	1
24.625	45.25	0.999999999403711	0.799905371477466	-1.56590351170702e-05	10.1989619116118	1
24.875	45.25	0.999999999446456	0.799908810111549	-1.8016556437932e-05	9.99898455826493	1
25.125	45.25	0.999999999485058	0.799912019191576	-2.01384202165849e-05	9.79900640321235	1
25.375	45.25	0.999999999520079	0.799915013037563	-2.20408901244901e-05	9.59902750025748	1
25.625	45.25	0.999999999552134	0.799917805066901	-2.37392710080647e-05	9.39904789984816	1
25.875	45.25	0.999999999581644	0.799920407856917	-2.52479467250751e-05	9.19906764928705	1
26.125	45.25	0.999999999608831	0.799922833202918	-2.65804191783403e-05	8.99908679292747	1
26.375	45.25	0.999999999633912	0.799925092171043	-2.77493485409594e-05	8.79910537235588	1
26.625	45.25	0.999999999657235	0.799927195144724	-2.87665938777621e-05	8.59912342656233	1
26.875	45.25	0.999999999678927	0.799929151869295	-2.96432536336674e-05	8.39914099210034	1
27.125	45.25	0.999999999699289	0.799930971494309	-3.03897052990459e-05	8.199158103236	1
27.375	45.25	0.999999999718768	0.799932662610394	-3.10156441221626e-05	7.99917479208735	1
27.625	45.25	0.999999999737955	0.799934233283987	-3.15301216727652e-05	7.79919108875568	1
27.875	45.25	0.999999999757003	0.79993569109023	-3.1941582400565e-05	7.59920702144809	1
28.125	45.25	0.999999999775229	0.799937043143935	-3.22578987321813e-05	7.39922261659309	1
28.375	45.25	0.999999999790648	0.79993829612801	-3.24864054526137e-05	7.19923789894842	1
28.625	45.25	0.999999999799781	0.79993945631882	-3.26339321794749e-05	6.99925289170301	1
28.875	45.25	0.999999999798157	0.799940529611801	-3.27068343202885e-05	6.79926761657254	1
29.125	45.25	0.999999999783146	0.799941521545345	-3.27110227736871e-05	6.59928209388871	1
29.375	45.25	0.999999999758667	0.79994243732131	-3.26519920387555e-05	6.39929634268231	1
29.625	45.25	0.99999999974104	0.799943281824281	-3.25348469996708e-05	6.19931038076068	1
29.875	45.25	0.999999999763033	0.799944059640519	-3.23643283356804e-05	5.99932422477927	1
30.125	45.25	0.999999999870773	0.799944775074395	-3.21448364650568e-05	5.79933789030872	1
30.375	45.25	1.00000000010501	0.799945432163297	-3.18804540563837e-05	5.59935139190001	1
30.625	45.25	1.00000000046085	0.799946034693783	-3.15749669632153e-05	5.39936474315185	1
30.875	45.25	1.00000000082925	0.799946586221477	-3.12318832660467e-05	5.19937795678362	1
31.125	45.25	1.00000000094321	0.799947090094544	-3.08544504726948e-05	4.99939104471518	1
31.375	45.25	1.00000000037777	0.799947549480189	-3.04456715944081e-05	4.79940401814765	1
31.625	45.25	0.999999998677002	0.799947967389634	-3.00083211742503e-05	4.59941688762734	1
31.875	45.25	0.999999995676932	0.799948346689457	-2.95449630839803e-05	4.39942966306129	1
32.125	45.25	0.999999992026171	0.799948690079662	-2.90579723564208e-05	4.19944235364704	1
32.375	45.25	0.999999989745629	0.799949000022527	-2.85495622918209e-05	3.99945496769649	1
32.625	45.25	0.999999992423082	0.799949278624274	-2.80218143692719e-05	3.79946751238971	1
32.875	45.25	1.00000000439278	0.799949527511056	-2.74767013995121e-05	3.59947999359828	1
33.125	45.25	1.00000002821187	0.799949747801966	-2.69160870680639e-05	3.39949241604784	1
33.375	45.25	1.00000006022755	0.799949940342513	-2.63416808330371e-05	3.19950478417236	1
33.625	45.25	1.00000008534326	0.799950106366274	-2.57549331872475e-05	2.999517103916	1
33.875	45.25	1.00000007426762	0.799950248622171	-2.51568874623406e-05	2.7995293852973	1
34.125	45.25	0.999999988912523	0.799950372657735	-2.45480586448898e-05	2.59954164466399	1
34.375	45.25	0.999999802459802	0.799950487394934	-2.39284879286e-05	2.39955390437359	1
34.625	45.25	0.999999537106208	0.799950603541414	-2.32981710674757e-05	2.19956618671646	1
34.875	45.25	0.999999311587493	0.799950728210126	-2.26580204876288e-05	1.99957849941696	1
35.125	45.25	0.99999937134225	0.799950855102494	-2.20112847173096e-05	1.79959081353536	1
35.375	45.25	1.00000005152569	0.799950952510552	-2.13648616363516e-05	1.59960304218351	1
35.625	45.25	1.00000161169678	0.799950956398332	-2.07292569998008e-05	1.39961503934286	1
35.875	45.25	1.00000390636574	0.799950781573158	-2.01153772225217e-05	1.1996266474937	1
36.125	45.25	1.00000594714343	0.799950366546513	-1.95265555938308e-05	0.999637820613655	1
36.375	45.25	1.00000558365797	0.799949760496563	-1.89460672352705e-05	0.799648821141832	1
36.625	45.25	0.999999745740113	0.799949236309762	-1.83245926682404e-05	0.599660423779162	1
36.875	45.25	0.999985824529482	0.799949361518384	-1.75782600867032e-05	0.399673959340952	1
37.125	45.25	0.999964596046417	0.799956805024978	-1.66135283307007e-05	0.199690940243804	1
37.375	45.25	0.999944322497208	0.399958869867833	-1.55628665710432e-05	-0.000290913551182436	1
0.125	45.75	0.000461692509278671	0.79983976742709	0.00379482356980999	22.8267110327045	1
0.375	45.75	0.000462071040411947	0.800086794146139	0.00357820734879066	22.8266030649304	1
0.625	45.75	0.00046278189450905	0.800140342159074	0.00321490126698542	22.8264819848992	1
0.875	45.75	0.000463555415830533	0.800181911217442	0.0027074293373295	22.8263497627238	1
1.125	45.75	0.000463732651911325	0.800207282595597	0.00204677995185961	22.8262104221088	1
1.375	45.75	0.000462151446880649	0.800217130927495	0.00132706845181507	22.8260681817965	1
1.625	45.75	0.000457153852605415	0.800210677728793	0.000756413682129649	22.8259270622788	1
1.875	45.75	0.000446795125680853	0.80017988235404	0.000565387928971165	22.8257924597023	1
2.125	45.75	0.000429319115512014	0.800112375805815	0.000769752824297126	22.8256735645071	1
2.375	45.75	0.000403918532385962	0.800009412648364	0.000969759653550583	22.8255826281179	1
2.625	45.75	0.000371729242779212	0.79990194675793	0.000618719012597488	22.8255276942214	1
2.875	45.75	0.000336940886499459	0.799832760574227	-0.00032368490470344	22.8255035769962	1
3.125	45.75	0.000307874090489716	0.799818223852734	-0.00135717633299033	22.8254926238566	1
3.375	45.75	0.000297884328895782	0.799839613211397	-0.00210327502726866	22.8254752914152	1
3.625	45.75	0.000325969200272752	0.799867609583394	-0.00253678792649245	22.8254358939764	1
3.875	45.75	0.000416943441217154	0.79988241599078	-0.00275970933975419	22.825359724917	1
4.125	45.75	0.000601010415542401	0.799874592662423	-0.00283689794291047	22.8252284799522	1
4.375	45.75	0.000912534664415362	0.799838200303961	-0.00276266666731375	22.8250176779531	1
4.625	45.75	0.00138786817878211	0.799764525822237	-0.0024811457123362	22.8246961748873	1
4.875	45.75	0.00206232264377736	0.79963798573275	-0.00191502155425313	22.8242271409356	1
5.125	45.75	0.00296692470074187	0.799434540522072	-0.000989903342569559	22.8235696589834	1
5.375	45.75	0.00412638552020548	0.799122578203919	0.000349220055071243	22.8226795653798	1
5.625	45.75	0.00556057442823382	0.798665530176253	0.00212806756571299	22.8215076373348	1
5.875	45.75	0.00729271376652145	0.7980256717258	0.00433450996732756	22.8199926130064	1
6.125	45.75	0.00936883615778128	0.797169229436717	0.0069077802818325	22.8180455321576	1
6.375	45.75	0.0118952427500268	0.796073135969346	0.00972598488028552	22.8155205180725	1
6.625	45.75	0.0151042935074299	0.794733307460384	0.0125956020609248	22.8121656164474	1
6.875	45.75	0.0194642993840761	0.793173199945532	0.0152483938793284	22.8075461554258	1
7.125	45.75	0.0258560903696497	0.791449420648631	0.0173518189286433	22.8009334393527	1
7.375	45.75	0.0358425906975357	0.789648047414613	0.0185381816467517	22.7911559196648	1
7.625	45.75	0.0520425186748078	0.787861665845739	0.0184547621422392	22.7764228664183	1
7.875	45.75	0.0785437134914039	0.786137106739012	0.016832747370343	22.7541585805769	1
8.125	45.75	0.12107951509254	0.784400495636263	0.0135694481436464	22.7209332941902	1
8.375	45.75	0.186293848090768	0.782422815095514	0.00881587589511218	22.6726352362802	1
8.625	45.75	0.27911040883917	0.779974395921549	0.00304772816186096	22.605045270098	1
8.875	45.75	0.398091470203039	0.777249445632147	-0.00294377682131173	22.5148435785775	1
9.125	45.75	0.531844003381409	0.775165301743608	-0.00823022716507235	22.4007312586961	1
9.375	45.75	0.661890652845913	0.774831633879177	-0.0120732796315371	22.2640139511303	1
9.625	45.75	0.771876294325094	0.776543368266883	-0.0141846363881749	22.1081723023008	1
9.875	45.75	0.854568085539789	0.779615907589941	-0.0147254867916747	21.9376785372751	1
10.125	45.75	0.911372310159407	0.783101023333481	-0.0141069098165285	21.7568204588831	1
10.375	45.75	0.947900066382638	0.786353131933086	-0.0127801963227653	21.5690491466616	1
10.625	45.75	0.970277083876406	0.78910177622923	-0.0111183769828855	21.3768475640052	1
10.875	45.75	0.983480216402064	0.791308854951971	-0.00938225534049942	21.1818774887732	1
11.125	45.75	0.991028390097361	0.793035963461969	-0.00773120113587254	20.9852002941715	1
11.375	45.75	0.995221119012117	0.794371611633617	-0.00624862221419151	20.7874735236412	1
11.625	45.75	0.997486542330181	0.79540065039011	-0.00496727381791424	20.5890965868967	1
11.875	45.75	0.998678683483323	0.796194485092887	-0.00388923709939835	20.3903093255404	1
12.125	45.75	0.999291762890611	0.796809808267644	-0.00299993282185536	20.1912552566238	1
12.375	45.75	0.999602663070548	0.797290295017407	-0.00227718006950022	19.9920207585837	1
12.625	45.75	0.999761180723569	0.797669024537297	-0.00169664058828982	19.7926587203685	1
12.875	45.75	0.999845225078328	0.797970805602775	-0.00123482819766702	19.5932025034678	1
13.125	45.75	0.999893527110608	0.798214147385831	-0.000870575821490981	19.3936740293265	1
13.375	45.75	0.999924388709162	0.798412833661054	-0.000585581462096069	19.1940883928686	1
13.625	45.75	0.999946024106227	0.79857713761421	-0.000364440902899353	18.9944564719003	1
13.875	45.75	0.999962000327524	0.798714738467418	-0.000194421646143404	18.79478640802	1
14.125	45.75	0.999973929474792	0.798831402679406	-6.51290495583926e-05	18.595084465856	1
14.375	45.75	0.999982693360376	0.798931485226973	3.18510513370793e-05	18.3953555548975	1
14.625	45.75	0.999988933550773	0.799018296481495	0.000103290028472124	18.1956035680502	1
14.875	45.75	0.999993206478512	0.799094370262202	0.000154615420113348	17.9958316176989	1
15.125	45.75	0.999996007669959	0.799161659964594	0.000190165587714529	17.7960422104527	1
15.375	45.75	0.99999775972128	0.799221682611412	0.000213401432422014	17.5962373814231	1
15.625	45.75	0.999998801265269	0.79927562522784	0.000227079678724862	17.3964187990365	1
15.875	45.75	0.999999386769321	0.799324423881264	0.00023339327259614	17.1965878468937	1
16.125	45.75	0.999999695847556	0.799368822776829	0.000234084404932651	16.9967456872203	1
16.375	45.75	0.999999847674508	0.79940941869671	0.000230535139130477	16.7968933095358	1
16.625	45.75	0.999999916445332	0.799446694584301	0.00022383991407806	16.5970315676186	1
16.875	45.75	0.999999945252889	0.799481045029548	0.000214863479912777	16.3971612073892	1
17.125	45.75	0.999999957162395	0.799512795678689	0.000204287172004867	16.1972828878908	1
17.375	45.75	0.99999996327136	0.799542218060198	0.000192645871550791	15.997397197113	1
17.625	45.75	0.999999968116839	0.799569540944563	0.000180357535411536	15.7975046640183	1
17.875	45.75	0.999999973021121	0.799594959075832	0.000167746799624694	15.5976057677902	1
18.125	45.75	0.999999977986324	0.79961863990712	0.000155063856640794	15.397700945051	1
18.375	45.75	0.999999982652033	0.799640728819241	0.000142499560807893	15.1977905955883	1
18.625	45.75	0.999999986703271	0.799661353183662	0.000130197522592064	14.9978750869716	1
18.875	45.75	0.999999989987512	0.799680625544611	0.000118263797778607	14.7979547583297	1
19.125	45.75	0.999999992502606	0.799698646124592	0.000106774652809577	14.5980299234838	1
19.375	45.75	0.999999994341938	0.799715504811557	9.57827911830505e-05	14.3981008735746	1
19.625	45.75	0.999999995640658	0.799731282745527	8.53223475612939e-05	14.1981678792887	1
19.875	45.75	0.99999999653698	0.799746053595019	7.54128933089044e-05	13.9982311927606	1
20.125	45.75	0.999999997150953	0.7997598845894	6.60626496492902e-05	13.7982910492126	1
20.375	45.75	0.999999997575966	0.799772837362502	5.72710637335339e-05	13.5983476683775	1
20.625	45.75	0.99999999787922	0.799784968643646	4.90308729099256e-05	13.3984012557453	1
20.875	45.75	0.999999998105746	0.799796330831187	4.13297570538668e-05	13.1984520036611	1
21.125	45.75	0.999999998284323	0.799806972471114	3.41516594394352e-05	12.9985000923004	1
21.375	45.75	0.999999998432157	0.79981693865713	2.74778403730145e-05	12.798545690541	1
21.625	45.75	0.999999998559207	0.799826271370011	2.1287714353315e-05	12.5985889567483	1
21.875	45.75	0.999999998670937	0.799835009767778	1.55595147628546e-05	12.3986300394857	1
22.125	45.75	0.999999998770615	0.79984319043472	1.02708174222473e-05	12.1986690781625	1
22.375	45.75	0.9999999988602	0.799850847596494	5.3989505704793e-06	11.9987062036257	1
22.625	45.75	0.999999998940919	0.79985801330783	9.21314392155141e-07	11.7987415387052	1
22.875	45.75	0.999999999013693	0.799864717619395	-3.1843737009436e-06	11.5987751987163	1
23.125	45.75	0.999999999079564	0.799870988724288	-6.93989329758316e-06	11.3988072919252	1
23.375	45.75	0.999999999139532	0.799876853089296	-1.03663826378771e-05	11.1988379199818	1
23.625	45.75	0.99999999919442	0.799882335572477	-1.34842384513559e-05	10.9988671783217	1
23.875	45.75	0.999999999244851	0.799887459530206	-1.63130471431857e-05	10.7988951565431	1
24.125	45.75	0.999999999291409	0.799892246914378	-1.88715399528609e-05	10.5989219387571	1
24.375	45.75	0.999999999334448	0.799896718361771	-2.11775673029386e-05	10.3989476039178	1
24.625	45.75	0.999999999374352	0.799900893275649	-2.32480894010864e-05	10.19897222613	1
24.875	45.75	0.999999999411428	0.799904789900377	-2.50991782797845e-05	9.9989958749388	1
25.125	45.75	0.999999999445953	0.799908425392275	-2.6746028947343e-05	9.79901861560233	1
25.375	45.75	0.999999999478215	0.799911815885616	-2.82029781161012e-05	9.59904050934662	1
25.625	45.75	0.999999999508575	0.799914976552089	-2.9483528351877e-05	9.39906161360624	1
25.875	45.75	0.999999999537204	0.799917921657753	-3.06003759568128e-05	9.19908198225064	1
26.125	45.75	0.999999999564163	0.799920664617055	-3.15654413062094e-05	8.99910166579709	1
26.375	45.75	0.999999999589539	0.799923218042797	-3.23899015856543e-05	8.79912071161083	1
26.625	45.75	0.999999999613572	0.799925593791706	-3.30842245615385e-05	8.59913916409383	1
26.875	45.75	0.999999999636234	0.799927803009091	-3.36582023921541e-05	8.39915706486267	1
27.125	45.75	0.99999999965774	0.799929856171946	-3.41209859222217e-05	8.19917445291569	1
27.375	45.75	0.999999999678551	0.79993176312659	-3.44811183063468e-05	7.99919136479005	1
27.625	45.75	0.999999999699181	0.799933533124989	-3.47465684595672e-05	7.79920783471044	1
27.875	45.75	0.999999999719697	0.799935174860692	-3.49247633798328e-05	7.59922389472854	1
28.125	45.75	0.999999999739462	0.799936696501541	-3.50226191259928e-05	7.39923957485455	1
28.375	45.75	0.999999999756549	0.799938105720214	-3.50465714228682e-05	7.19925490318094	1
28.625	45.75	0.999999999767509	0.799939409722933	-3.50026047546216e-05	6.99926990599929	1
28.875	45.75	0.999999999767942	0.799940615277631	-3.48962798356351e-05	6.79928460791008	1
29.125	45.75	0.999999999755275	0.799941728740211	-3.47327602488028e-05	6.59929903192566	1
29.375	45.75	0.999999999733283	0.799942756078095	-3.45168378752847e-05	6.39931319956631	1
29.625	45.75	0.999999999717795	0.799943702892223	-3.4252956821602e-05	6.19932713095003	1
29.875	45.75	0.999999999740646	0.79994457443848	-3.3945236187714e-05	5.99934084487578	1
30.125	45.75	0.999999999846715	0.79994537564682	-3.3597491772535e-05	5.79935435890168	1
30.375	45.75	1.00000000007576	0.799946111138632	-3.32132564241474e-05	5.59936768942051	1
30.625	45.75	1.00000000042336	0.799946785245329	-3.27957987311362e-05	5.39938085173676	1
30.875	45.75	1.00000000078411	0.799947402030461	-3.23481400729207e-05	5.19939386014832	1
31.125	45.75	1.00000000089923	0.799947965314994	-3.18730700615726e-05	4.99940672803416	1
31.375	45.75	1.00000000035614	0.79994847870536	-3.13731608783234e-05	4.79941946794253	1
31.625	45.75	0.999999998711026	0.799948945620193	-3.0850781550928e-05	4.59943209166223	1
31.875	45.75	0.999999995801587	0.799949369303648	-3.03081141381017e-05	4.39944461024648	1
32.125	45.75	0.999999992251929	0.799949752806528	-2.97471742041623e-05	4.19945703395305	1
32.375	45.75	0.999999990016517	0.799950098919211	-2.9169836492382e-05	3.999469372081	1
32.625	45.75	0.999999992571939	0.799950410058647	-2.8577863129946e-05	3.79948163273874	1
32.875	45.75	1.00000000412675	0.799950688150136	-2.7972925745803e-05	3.59949382267831	1
33.125	45.75	1.00000002718124	0.799950934601948	-2.73566035877061e-05	3.39950594745693	1
33.375	45.75	1.00000005823456	0.799951150532338	-2.67303376511294e-05	3.19951801226827	1
33.625	45.75	1.00000008270784	0.799951337410986	-2.60953248126867e-05	2.99953002369181	1
33.875	45.75	1.0000000722601	0.799951498152099	-2.54523690992656e-05	2.79954199218325	1
34.125	45.75	0.999999989983274	0.799951638360088	-2.48017602358827e-05	2.59955393426982	1
34.375	45.75	0.999999809799286	0.799951766891786	-2.4143327723816e-05	2.39956587225924	1
34.625	45.75	0.999999552993096	0.799951894325303	-2.34768693222533e-05	2.19957782837798	1
34.875	45.75	0.999999334264092	0.799952027757264	-2.28031133982345e-05	1.99958981075314	1
35.125	45.75	0.999999391042596	0.799952161300208	-2.21251400438589e-05	1.79960179202195	1
35.375	45.75	1.00000004785457	0.799952264456048	-2.1449695697539e-05	1.59961368869944	1
35.625	45.75	1.00000155642169	0.799952275390626	-2.07871502416193e-05	1.39962535996868	1
35.875	45.75	1.00000377664994	0.799952111707703	-2.01482762644215e-05	1.19963665369759	1
36.125	45.75	1.00000575225519	0.799951713847221	-1.95362377721564e-05	0.999647525439436	1
36.375	45.75	1.00000540086336	0.799951129299356	-1.89340320769158e-05	0.799658229141812	1
36.625	45.75	0.999999747343776	0.79995062218992	-1.82918528283231e-05	0.599669514666854	1
36.875	45.75	0.999986260796775	0.799950741997344	-1.75250629430602e-05	0.399682670666735	1
37.125	45.75	0.999965687994018	0.799957963963225	-1.6539154399028e-05	0.19969916255329	1
37.375	45.75	0.999946032464343	0.399959900285126	-1.54688851800944e-05	-0.000283223080132067	1
0.125	46.25	0.000448148514646106	0.799873478857634	0.00344265152907503	22.8266672700147	1
0.375	46.25	0.000448541597330972	0.800174175028478	0.00319703082513251	22.8265488726833	1
0.625	46.25	0.00044929419182183	0.800279014472118	0.00280615999280517	22.8264011630496	1
0.875	46.25	0.000450158666611477	0.800345561077898	0.00220156961128828	22.8262331970734	1
1.125	46.25	0.000450504747065016	0.800367356104603	0.00134603360876897	22.8260556894874	1
1.375	46.25	0.000449200487737886	0.800341515808296	0.000295354269306788	22.8258809856524	1
1.625	46.25	0.000444610976347583	0.800276514880335	-0.000761399778234878	22.8257211800888	1
1.875	46.25	0.000434794677694212	0.800193354824045	-0.00153096921896516	22.8255846215446	1
2.125	46.25	0.000417962504326973	0.800111355321971	-0.00179882833533489	22.8254738847708	1
2.375	46.25	0.000393219368167945	0.800026879916536	-0.00168795275663118	22.8253889327041	1
2.625	46.25	0.000361540150133614	0.799916668883097	-0.00162803001558655	22.8253342641924	1
2.875	46.25	0.000326866090517191	0.799775546707167	-0.00187184077621431	22.8253195138115	1
3.125	46.25	0.000297173983754116	0.799633449063347	-0.00224236372153016	22.8253475568975	1
3.375	46.25	0.000285376282035397	0.799516756114183	-0.00250714122884436	22.8254064954847	1
3.625	46.25	0.000309922902740278	0.799414605169357	-0.00262649970458604	22.8254774326093	1
3.875	46.25	0.000394961167054063	0.799298499552971	-0.00265644857394466	22.8255434147442	1
4.125	46.25	0.000569873173244064	0.79915575813212	-0.00262796239971745	22.8255872947714	1
4.375	46.25	0.00086798077015348	0.798994892742086	-0.00250054613675695	22.8255839915041	1
4.625	46.25	0.00132425039719765	0.798831451676157	-0.00218027775737246	22.8254961392347	1
4.875	46.25	0.0019720644443232	0.798678026801799	-0.00156030981384865	22.8252742087743	1
5.125	46.25	0.00283964277866253	0.798543977173518	-0.000549637457144952	22.8248577271483	1
5.375	46.25	0.00394740829515082	0.798438454894553	0.000915068639218378	22.8241752033054	1
5.625	46.25	0.0053083220668695	0.798372222174373	0.00286451624544907	22.823141673105	1
5.875	46.25	0.0069340063239733	0.798357985401286	0.00528982165026893	22.8216524425047	1
6.125	46.25	0.00885063115442971	0.798410214159676	0.00813092446788314	22.8195703683352	1
6.375	46.25	0.0111304799974586	0.798544901850754	0.0112624238893767	22.8167025824249	1
6.625	46.25	0.0139483203994752	0.798779109583463	0.0144810084607503	22.812761082266	1
6.875	46.25	0.0176767120657113	0.799129653864419	0.0174996966777205	22.8073002432222	1
7.125	46.25	0.0230411418844609	0.799609444647591	0.0199548148968627	22.7996238408945	1
7.375	46.25	0.0313615720253164	0.800218156600681	0.0214316454242498	22.7886566129404	1
7.625	46.25	0.0449001281778961	0.800921088188317	0.0215132350236343	22.772784661834	1
7.875	46.25	0.0672829498927061	0.801608671900825	0.0198538991697416	22.7496912313859	1
8.125	46.25	0.103801118869828	0.802038708831701	0.0162755588269679	22.7162557086128	1
8.375	46.25	0.161048324949594	0.801805049544583	0.0108802646027973	22.6686406534482	1
8.625	46.25	0.244947892174322	0.80045787206307	0.00415457321622861	22.602728442529	1
8.875	46.25	0.356573079426076	0.79790392355292	-0.00300700563304626	22.5149943732911	1
9.125	46.25	0.487663392180886	0.79485516321141	-0.00947584003699734	22.4036210276385	1
9.375	46.25	0.62108709603475	0.792593257820911	-0.0142783562939061	22.2692825733074	1
9.625	46.25	0.738762264211942	0.791941206270855	-0.0169669588943965	22.115011434655	1
9.875	46.25	0.830326401925272	0.792687163498273	-0.0176847132781511	21.9451703875271	1
10.125	46.25	0.894901992600018	0.79407829671673	-0.016934700076878	21.7642074793827	1
10.375	46.25	0.937268641276214	0.795491237153383	-0.0152955798140386	21.5758380763494	1
10.625	46.25	0.963648741767131	0.79663725040288	-0.0132492379289208	21.3827895399436	1
10.875	46.25	0.979445989117531	0.797463101965911	-0.0111286387062348	21.1868996102257	1
11.125	46.25	0.988615858857301	0.798017544481515	-0.00913187976975204	20.9893366198017	1
11.375	46.25	0.99379804475722	0.798373028114533	-0.00735773536655999	20.7908130323226	1
11.625	46.25	0.99665655177442	0.798594152970885	-0.00584053035692941	20.5917494274873	1
11.875	46.25	0.998199220244469	0.79872965862663	-0.00457699885952673	20.3923872232371	1
12.125	46.25	0.999017017674209	0.798813367612806	-0.00354455812323515	20.1928614001863	1
12.375	46.25	0.999446241973058	0.798867523651013	-0.00271270838053613	19.9932454917549	1
12.625	46.25	0.999672534714023	0.798906127930873	-0.00204959608249178	19.7935785279324	1
12.875	46.25	0.999795111857344	0.798937605253415	-0.00152543662714202	19.5938807094168	1
13.125	46.25	0.999865201779969	0.798966747445594	-0.00111402444269612	19.3941622655555	1
13.375	46.25	0.999908346306218	0.798996059902462	-0.000793151372690639	19.1944283089364	1
13.625	46.25	0.999936905802818	0.79902666222571	-0.000544451498419439	18.9946814087236	1
13.875	46.25	0.999956797302137	0.79905887280518	-0.000352982980421738	18.7949229064357	1
14.125	46.25	0.999970953598161	0.799092577138714	-0.000206722931962046	18.5951535639375	1
14.375	46.25	0.999980994410054	0.799127452386214	-9.60680068950317e-05	18.3953738715577	1
14.625	46.25	0.999987972708686	0.799163098908641	-1.338405281652e-05	18.1955841912364	1
14.875	46.25	0.999992674877599	0.799199113287503	4.73795737397237e-05	17.9957848234641	1
15.125	46.25	0.999995725985139	0.799235125630663	9.10100129892372e-05	17.7959760404222	1
15.375	46.25	0.999997622558632	0.799270815845175	0.000121291085271607	17.5961581041617	1
15.625	46.25	0.999998746136548	0.799305918062311	0.000141212087117742	17.3963312775092	1
15.875	46.25	0.999999376533984	0.799340218791187	0.000153133963282315	17.1964958306284	1
16.125	46.25	0.99999970857317	0.799373552079466	0.000158920896060969	16.9966520444178	1
16.375	46.25	0.999999870642659	0.799405793529982	0.000160044225074587	16.7968002114359	1
16.625	46.25	0.99999994252815	0.799436854169084	0.000157664419866757	16.5969406349714	1
16.875	46.25	0.999999970685461	0.79946667466428	0.000152695736294766	16.3970736268641	1
17.125	46.25	0.999999980162066	0.799495220113843	0.000145857245555768	16.1971995046348	1
17.375	46.25	0.999999983183797	0.799522475478181	0.000137713150932862	15.9973185883766	1
17.625	46.25	0.999999984894758	0.799548441647328	0.000128704684089918	15.7974311977396	1
17.875	46.25	0.999999986913836	0.799573132102586	0.000119175376003842	15.5975376492172	1
18.125	46.25	0.99999998936179	0.799596570112997	0.000109391109393346	15.3976382538424	1
18.375	46.25	0.999999991900449	0.799618786404683	9.95560542808097e-05	15.1977333153254	1
18.625	46.25	0.99999999418944	0.799639817240871	8.98253501964394e-05	14.9978231286172	1
18.875	46.25	0.999999996031202	0.799659702854521	8.03152134561553e-05	14.7979079788528	1
19.125	46.25	0.999999997373871	0.799678486177335	7.11110019006111e-05	14.5979881406216	1
19.375	46.25	0.999999998263858	0.799696211820337	6.22736573481618e-05	14.398063877504	1
19.625	46.25	0.999999998795191	0.799712925261974	5.38448571171941e-05	14.1981354418253	1
19.875	46.25	0.999999999071575	0.7997286722086	4.58511356978117e-05	13.9982030745769	1
20.125	46.25	0.999999999184743	0.799743498094273	3.83071849591033e-05	13.7982670054706	1
20.375	46.25	0.999999999205079	0.799757447695962	3.12184961218313e-05	13.5983274530913	1
20.625	46.25	0.999999999181281	0.799770564839675	2.45834748173158e-05	13.3983846251268	1
20.875	46.25	0.999999999143453	0.799782892182729	1.83951340165073e-05	13.1984387186528	1
21.125	46.25	0.999999999108364	0.799794471055915	1.26424465346805e-05	12.9984899204581	1
21.375	46.25	0.999999999083535	0.79980534135083	7.31142484230206e-06	12.7985384073988	1
21.625	46.25	0.999999999071012	0.799815541446893	2.38598025197448e-06	12.5985843467715	1
21.875	46.25	0.999999999069979	0.799825108169421	-2.15139453977893e-06	12.3986278966971	1
22.125	46.25	0.999999999078655	0.799834076769351	-6.3190860593145e-06	12.1986692065108	1
22.375	46.25	0.99999999909486	0.799842480922554	-1.01359364808233e-05	11.998708417152	1
22.625	46.25	0.9999999991165	0.799850352743536	-1.36209122310727e-05	11.7987456615519	1
22.875	46.25	0.99999999914189	0.799857722811014	-1.67928479824987e-05	11.5987810650146	1
23.125	46.25	0.999999999169863	0.799864620201279	-1.9670251120645e-05	11.3988147455908	1
23.375	46.25	0.999999999199572	0.799871072529058	-2.22711548167846e-05	11.1988468144412	1
23.625	46.25	0.999999999230439	0.799877105991646	-2.46130096575442e-05	10.9988773761889	1
23.875	46.25	0.999999999261886	0.799882745417185	-2.67126071113396e-05	10.7989065292603	1
24.125	46.25	0.999999999293499	0.799888014316173	-2.8586027847461e-05	10.5989343662137	1
24.375	46.25	0.999999999324911	0.799892934933262	-3.02486094170228e-05	10.3989609740541	1
24.625	46.25	0.999999999355909	0.799897528299248	-3.17149304251339e-05	10.1989864345361	1
24.875	46.25	0.999999999386248	0.799901814283865	-3.29988066418391e-05	9.99901082445302	1
25.125	46.25	0.999999999415793	0.79990581164875	-3.41132963769447e-05	9.79903421591323	1
25.375	46.25	0.999999999444541	0.799909538099197	-3.50707137116766e-05	9.59905667660368	1
25.625	46.25	0.999999999472537	0.799913010333802	-3.58826473775508e-05	9.39907827004077	1
25.875	46.25	0.999999999499667	0.799916244094626	-3.65599834889802e-05	9.19909905580919	1
26.125	46.25	0.99999999952587	0.799919254215442	-3.71129309855056e-05	8.99911908978839	1
26.375	46.25	0.999999999551085	0.799922054667773	-3.75510497321249e-05	8.79913842436776	1
26.625	46.25	0.99999999957538	0.799924658605267	-3.78832797807109e-05	8.5991571086506	1
26.875	46.25	0.999999999598619	0.799927078407273	-3.81179705092356e-05	8.39917518864745	1
27.125	46.25	0.99999999962096	0.799929325721449	-3.82629108848201e-05	8.19919270745893	1
27.375	46.25	0.999999999642836	0.799931411502314	-3.83253592657998e-05	7.99920970544822	1
27.625	46.25	0.999999999664663	0.799933346048695	-3.83120725385695e-05	7.79922622040505	1
27.875	46.25	0.999999999686428	0.799935139041576	-3.82293347814647e-05	7.59924228769992	1
28.125	46.25	0.999999999707538	0.799936799578263	-3.80829848167702e-05	7.39925794042994	1
28.375	46.25	0.999999999726109	0.799938336204739	-3.78784432200868e-05	7.19927320955652	1
28.625	46.25	0.99999999973869	0.799939756947324	-3.76207381176929e-05	6.99928812403557	1
28.875	46.25	0.999999999740968	0.799941069343139	-3.73145294883653e-05	6.7993027109399	1
29.125	46.25	0.999999999730467	0.799942280468164	-3.69641326833296e-05	6.59931699557433	1
29.375	46.25	0.999999999710819	0.79994339696342	-3.65735410547496e-05	6.39933100158341	1
29.625	46.25	0.99999999969732	0.799944425059852	-3.61464471257594e-05	6.19934475105223	1
29.875	46.25	0.999999999720886	0.799945370601783	-3.56862626018998e-05	5.99935826459996	1
30.125	46.25	0.999999999825187	0.799946239067956	-3.5196137553703e-05	5.79937156146801	1
30.375	46.25	1.00000000004897	0.799947035591597	-3.46789785415949e-05	5.5993846596049	1
30.625	46.25	1.00000000038825	0.799947764981306	-3.41374649336948e-05	5.39939757575173	1
30.875	46.25	1.00000000074127	0.799948431744823	-3.35740636623154e-05	5.19941032553162	1
31.125	46.25	1.00000000085748	0.799949040115848	-3.29910427784233e-05	4.99942292354443	1
31.375	46.25	1.00000000033656	0.799949594083726	-3.23904838338963e-05	4.79943538346137	1
31.625	46.25	0.999999998746727	0.799950097421781	-3.17742942630043e-05	4.59944771810288	1
31.875	46.25	0.99999999592725	0.79995055370231	-3.11442218071727e-05	4.39945993946979	1
32.125	46.25	0.999999992477738	0.799950966280167	-3.05018731820914e-05	4.19947205869323	1
32.375	46.25	0.999999990286368	0.799951338230243	-2.98487384519239e-05	3.99948408588351	1
32.625	46.25	0.999999992718909	0.799951672239521	-2.91862172474254e-05	3.79949602991156	1
32.875	46.25	1.00000000385899	0.799951970494063	-2.85156395428112e-05	3.59950789825343	1
33.125	46.25	1.00000002615098	0.799952234655318	-2.7838262285848e-05	3.39951969715036	1
33.375	46.25	1.0000000562469	0.799952466080473	-2.7155222406239e-05	3.1995314324165	1
33.625	46.25	1.0000000800862	0.79995266644407	-2.64674300699719e-05	2.99954311113526	1
33.875	46.25	1.00000007027802	0.799952838796375	-2.57754189438368e-05	2.79955474407571	1
34.125	46.25	0.999999991092826	0.799952988771383	-2.50792244860885e-05	2.59956634782816	1
34.375	46.25	0.999999817188042	0.79995312513541	-2.43784374397428e-05	2.39957794454137	1
34.625	46.25	0.999999568926654	0.799953258313518	-2.3672632385277e-05	2.19958955627571	1
34.875	46.25	0.999999356951678	0.799953395364223	-2.29623302927588e-05	1.99960119146568	1
35.125	46.25	0.999999410652351	0.799953530791323	-2.22504212647999e-05	1.79961282423736	1
35.375	46.25	1.00000004388471	0.799953635289969	-2.154348059537e-05	1.59962437442841	1
35.625	46.25	1.0000015005113	0.799953649216419	-2.08517241716441e-05	1.39963570634998	1
35.875	46.25	1.00000364589557	0.799953492966505	-2.01857735483728e-05	1.1996466731855	1
36.125	46.25	1.00000555611242	0.799953108908156	-1.95486044418529e-05	0.999657231976932	1
36.375	46.25	1.00000521735157	0.799952542834091	-1.89229103795775e-05	0.79966762804566	1
36.625	46.25	0.999999750418437	0.799952050062503	-1.82583576144649e-05	0.599678586185639	1
36.875	46.25	0.999986703305631	0.799952161918345	-1.74694829406197e-05	0.399691352526667	1
37.125	46.25	0.999966793604379	0.799959156668086	-1.64607346986566e-05	0.19970734501643	1
37.375	46.25	0.999947763704288	0.399960967004949	-1.53693329270219e-05	-0.000275581995765532	1
0.125	46.75	0.000434661935403212	0.799913458604703	0.00334890463450725	22.8266435897922	1
0.375	46.75	0.000435071605488194	0.800263152271298	0.00308206123425854	22.8265109019717	1
0.625	46.75	0.000435869520019701	0.800404532980136	0.00285916495805586	22.8263388153566	1
0.875	46.75	0.000436828753271622	0.800495711598006	0.00251814767275012	22.8261383754947	1
1.125	46.75	0.000437344513813222	0.800519126452454	0.00204864078969506	22.8259247394271	1
1.375	46.75	0.00043630861144679	0.80046079119542	0.00151630525208787	22.8257181196169	1
1.625	46.75	0.000432097907670737	0.800327453387341	0.00107666931854042	22.8255408813087	1
1.875	46.75	0.000422756660123245	0.800158654437014	0.000936680766224779	22.8254099868398	1
2.125	46.75	0.000406438934315152	0.800014464594847	0.00117793435512418	22.8253281292986	1
2.375	46.75	0.000382133133104331	0.799931725936713	0.0015207169886295	22.825282187654	1
2.625	46.75	0.000350623615755277	0.799883231239441	0.00140383965030185	22.8252561514419	1
2.875	46.75	0.000315576706967276	0.79979564848271	0.000560265129781095	22.8252498485957	1
3.125	46.75	0.000284599196974211	0.799619721068717	-0.000631860914831927	22.8252809659394	1
3.375	46.75	0.000270117824595645	0.799365636061261	-0.00160260539426293	22.825367188066	1
3.625	46.75	0.000289942502545921	0.799069816028465	-0.00210643816611309	22.8255122394817	1
3.875	46.75	0.000367368349440253	0.798759848869079	-0.00224215702052741	22.8257050421138	1
4.125	46.75	0.000530639042225663	0.798452718392455	-0.00220065068163673	22.825922353581	1
4.375	46.75	0.000811563703172695	0.798164629504633	-0.00206101030156531	22.8261292569773	1
4.625	46.75	0.00124310739193625	0.797917312045998	-0.00177589287329615	22.8262781396234	1
4.875	46.75	0.00185597134047288	0.797741878030363	-0.00124970621330338	22.82630707155	1
5.125	46.75	0.00267464101568187	0.797681274899396	-0.000396517775825841	22.826137598982	1
5.375	46.75	0.00371403959878615	0.797790126890587	0.000841700625764523	22.8256720465794	1
5.625	46.75	0.00497859604240068	0.79813207627871	0.002493061660625	22.8247901032657	1
5.875	46.75	0.00646621528903226	0.798775614362071	0.00455235627852466	22.8233434591939	1
6.125	46.75	0.00818060782580202	0.799788778965733	0.00697237233422051	22.8211461296644	1
6.375	46.75	0.0101571119223858	0.801232432658179	0.00965244043051483	22.8179569706523	1
6.625	46.75	0.0125100025347166	0.803151761609322	0.0124278720316656	22.8134495721513	1
6.875	46.75	0.0155138815682524	0.805565821641079	0.0150640438103024	22.8071632253732	1
7.125	46.75	0.0197383721513372	0.808454851398074	0.0172593309505534	22.7984275742217	1
7.375	46.75	0.026262482007182	0.81174414612798	0.0186616748605608	22.7862544432272	1
7.625	46.75	0.0369949147184745	0.815281282904377	0.0189036672963758	22.7691963961314	1
7.875	46.75	0.0550952353077611	0.818801688320957	0.0176601883218987	22.7451882666629	1
8.125	46.75	0.0853723891245491	0.821882396135151	0.0147306608667137	22.7114219570501	1
8.375	46.75	0.134248049301168	0.823912674626745	0.0101432476929074	22.6643579514072	1
8.625	46.75	0.20842698691343	0.824182245779334	0.00426234662116338	22.6000278567718	1
8.875	46.75	0.311348778378286	0.822242799081361	-0.00216127942023329	22.5147586449814	1
9.125	46.75	0.438204417233701	0.818473194241749	-0.00810735256819861	22.4062406066797	1
9.375	46.75	0.574031984472931	0.814188869494375	-0.0126231930630096	22.2744791572571	1
9.625	46.75	0.699574923094057	0.810747599431689	-0.0152062427903123	22.1219764167348	1
9.875	46.75	0.801079610445888	0.808571928533541	-0.0159301810191446	21.9529182594373	1
10.125	46.75	0.874760207308529	0.807263173437228	-0.0152537043748771	21.7718959550327	1
10.375	46.75	0.924134670158549	0.806299261809564	-0.0137335455634964	21.5829105585559	1
10.625	46.75	0.955384247487658	0.805397316087853	-0.011837630215003	21.3889653620597	1
10.875	46.75	0.974364004918398	0.804489642739775	-0.00988587718223703	21.1920985269456	1
11.125	46.75	0.985537781181	0.803603113258774	-0.00806392484014349	20.9935989320054	1
11.375	46.75	0.991952731528896	0.802780864417796	-0.00646015732781097	20.7942391613679	1
11.625	46.75	0.995558170794714	0.802052948531123	-0.00510149847579862	20.5944613242566	1
11.875	46.75	0.997548675252336	0.801432114769949	-0.00398029608966562	20.3945065974313	1
12.125	46.75	0.998632942341176	0.800917990572607	-0.00307207478428404	20.1944989896004	1
12.375	46.75	0.999219836755314	0.800502353775911	-0.0023462370381823	19.9944968929697	1
12.625	46.75	0.999539063057818	0.800173242773858	-0.00177197264527553	19.7945236080487	1
12.875	46.75	0.999716299046013	0.799917630134412	-0.00132116488565674	19.5945847776209	1
13.125	46.75	0.999818525586075	0.799722960556444	-0.00096953539203852	19.3946779602898	1
13.375	46.75	0.999880594098928	0.799577921248499	-0.000696827137279361	19.1947976393441	1
13.625	46.75	0.999920334895259	0.799472738257141	-0.000486511747035648	18.9949376740554	1
13.875	46.75	0.999946865477128	0.799399201682997	-0.00032530150082356	18.7950923777392	1
14.125	46.75	0.999964987145029	0.799350550056683	-0.000202617918219876	18.5952568981137	1
14.375	46.75	0.999977410744557	0.799321293106045	-0.000110092155095655	18.3954272701931	1
14.625	46.75	0.999985828304072	0.799307018537041	-4.11287493444882e-05	18.1956003346596	1
14.875	46.75	0.99999140265268	0.79930420722839	9.45923669572501e-06	17.9957736156044	1
15.125	46.75	0.999994982439296	0.799310068320916	4.57472316385642e-05	17.7959451987995	1
15.375	46.75	0.999997198302291	0.799322398170131	7.09367836433045e-05	17.5961136253455	1
15.625	46.75	0.999998513062458	0.799339463014026	8.75435802932819e-05	17.3962778035733	1
15.875	46.75	0.999999256262408	0.799359903183224	9.75452091265389e-05	17.1964369374523	1
16.125	46.75	0.999999653359112	0.799382655887027	0.000102496842577486	16.996590468544	1
16.375	46.75	0.999999851676913	0.799406893485939	0.000103621662230092	16.796738028717	1
16.625	46.75	0.99999994269328	0.79943197440139	0.00010188152936556	16.5968794014104	1
16.875	46.75	0.999999980040076	0.799457404184579	9.80322685627806e-05	16.3970144897917	1
17.125	46.75	0.999999993119953	0.799482804680287	9.26669835061873e-05	16.1971432905879	1
17.375	46.75	0.999999996757246	0.799507889606922	8.62500648682333e-05	15.9972658726462	1
17.625	46.75	0.999999997609977	0.799532445208723	7.91439514843945e-05	15.7973823594733	1
17.875	46.75	0.999999998150424	0.799556314914268	7.16302389491732e-05	15.5974929151135	1
18.125	46.75	0.99999999895822	0.799579387162645	6.39263685962106e-05	15.3975977328197	1
18.375	46.75	0.999999999924453	0.799601585736668	5.61988531886702e-05	15.1976970260355	1
18.625	46.75	1.00000000080884	0.799622862083158	4.85737804715657e-05	14.9977910212767	1
18.875	46.75	1.00000000144456	0.799643189210641	4.11451715260826e-05	14.797879952554	1
19.125	46.75	1.00000000177571	0.799662556838071	3.39816440807072e-05	14.597964057041	1
19.375	46.75	1.0000000018293	0.79968096754144	2.71317327145224e-05	14.3980435717371	1
19.625	46.75	1.00000000167498	0.799698433692065	2.06281425642003e-05	14.1981187309248	1
19.875	46.75	1.00000000139216	0.799714975027688	1.44911531207156e-05	13.9981897642561	1
20.125	46.75	1.00000000105066	0.79973061672497	8.73134446648975e-06	13.798256895337	1
20.375	46.75	1.00000000070198	0.799745387873318	3.3517806427087e-06	13.5983203407061	1
20.625	46.75	1.00000000037901	0.799759320268433	-1.65024203657618e-06	13.3983803091235	1
20.875	46.75	1.00000000009885	0.799772447461695	-6.2817947947047e-06	13.1984370011032	1
21.125	46.75	0.999999999867565	0.799784804013243	-1.05531982027226e-05	12.9984906086388	1
21.375	46.75	0.999999999683955	0.799796424906044	-1.44771296011332e-05	12.7985413150774	1
21.625	46.75	0.999999999542987	0.799807345091324	-1.80679128101662e-05	12.5985892951126	1
21.875	46.75	0.99999999943813	0.799817599139428	-2.13409553164337e-05	12.3986347148659	1
22.125	46.75	0.999999999362974	0.799827220971412	-2.43123040223915e-05	12.1986777320381	1
22.375	46.75	0.99999999931157	0.799836243658376	-2.69982970281551e-05	11.9987184961121	1
22.625	46.75	0.999999999278792	0.799844699274315	-2.94152927115953e-05	11.7987571485951	1
22.875	46.75	0.999999999260516	0.799852618791362	-3.15794614893845e-05	11.5987938232869	1
23.125	46.75	0.999999999253559	0.799860032008452	-3.35066276313602e-05	11.3988286465683	1
23.375	46.75	0.999999999255374	0.799866967508321	-3.52121518467171e-05	11.1988617377004	1
23.625	46.75	0.999999999264075	0.799873452634268	-3.67108462082973e-05	10.9988932091307	1
23.875	46.75	0.999999999278033	0.799879513484015	-3.8016914860233e-05	10.7989231668014	1
24.125	46.75	0.999999999295935	0.799885174918522	-3.91439158844981e-05	10.5989517104556	1
24.375	46.75	0.999999999316721	0.799890460579666	-4.01047392208184e-05	10.3989789339403	1
24.625	46.75	0.999999999339604	0.79989539291504	-4.09115977035839e-05	10.1990049255023	1
24.875	46.75	0.999999999363837	0.799899993210316	-4.15760281180945e-05	9.99902976807766	1
25.125	46.75	0.999999999388896	0.79990428162574	-4.2108899863544e-05	9.79905353957124	1
25.375	46.75	0.999999999414482	0.799908277235149	-4.2520429921123e-05	9.59907631312717	1
25.625	46.75	0.999999999440342	0.799911998066561	-4.28202020272288e-05	9.39909815738914	1
25.875	46.75	0.9999999994661	0.799915461145975	-4.30171890694658e-05	9.19911913675022	1
26.125	46.75	0.999999999491604	0.799918682540527	-4.31197775844519e-05	8.99913931159161	1
26.375	46.75	0.999999999516669	0.799921677400969	-4.31357939372432e-05	8.79915873851095	1
26.625	46.75	0.999999999541194	0.799924460005162	-4.30725314824363e-05	8.59917747054015	1
26.875	46.75	0.999999999564991	0.79992704380074	-4.2936777256019e-05	8.3991955573522	1
27.125	46.75	0.999999999588169	0.799929441446812	-4.27348394300865e-05	8.19921304545813	1
27.375	46.75	0.999999999611071	0.79993166485391	-4.24725744375506e-05	7.9992299783933	1
27.625	46.75	0.999999999634016	0.799933725222699	-4.21554128046091e-05	7.79924639689478	1
27.875	46.75	0.999999999656942	0.799935633082961	-4.17883847264199e-05	7.59926233906873	1
28.125	46.75	0.999999999679282	0.799937398329473	-4.13761447699717e-05	7.39927784054892	1
28.375	46.75	0.999999999699189	0.799939030256228	-4.09229955350594e-05	7.19929293464677	1
28.625	46.75	0.999999999713253	0.799940537590607	-4.04329102470243e-05	6.99930765249325	1
28.875	46.75	0.999999999717281	0.799941928525931	-3.99095541755769e-05	6.79932202317242	1
29.125	46.75	0.999999999708885	0.799943210751263	-3.9356305197833e-05	6.5993360738472	1
29.375	46.75	0.999999999691522	0.799944391479925	-3.8776273392182e-05	6.39934982987736	1
29.625	46.75	0.999999999679921	0.799945477476973	-3.81723194005466e-05	6.19936331492994	1
29.875	46.75	0.999999999704076	0.799946475084652	-3.75470717598045e-05	5.99937655108181	1
30.125	46.75	0.999999999806462	0.799947390245019	-3.6902943436584e-05	5.79938955891653	1
30.375	46.75	1.00000000002485	0.799948228522285	-3.62421472888161e-05	5.59940235761732	1
30.625	46.75	1.00000000035572	0.799948995126222	-3.55667100964581e-05	5.39941496505994	1
30.875	46.75	1.00000000070094	0.799949694937195	-3.48784849171048e-05	5.19942739790861	1
31.125	46.75	1.00000000081816	0.799950332534116	-3.41791623774338e-05	4.99943967171683	1
31.375	46.75	1.00000000031925	0.799950912225767	-3.34702810727054e-05	4.79945180102748	1
31.625	46.75	0.99999999878428	0.799951438080461	-3.27532377291713e-05	4.59946379945615	1
31.875	46.75	0.999999996054028	0.799951913942718	-3.20292999640993e-05	4.39947567972901	1
32.125	46.75	0.999999992703566	0.799952343418845	-3.1299622744662e-05	4.19948745364125	1
32.375	46.75	0.999999990555025	0.799952729818668	-3.05652711984003e-05	3.99949913191758	1
32.625	46.75	0.999999992863825	0.799953076053021	-2.98272449638337e-05	3.79951072400604	1
32.875	46.75	1.00000000358946	0.799953384525341	-2.90864972045563e-05	3.59952223793203	1
33.125	46.75	1.00000002512137	0.799953657109629	-2.83439298199152e-05	3.3995336804561	1
33.375	46.75	1.00000005426542	0.799953895363795	-2.76003449063408e-05	3.1995450578575	1
33.625	46.75	1.00000007747985	0.799954101131594	-2.68563372659428e-05	2.99955637757728	1
33.875	46.75	1.00000006832354	0.799954277566322	-2.61121436452677e-05	2.7995676505601	1
34.125	46.75	0.999999992243472	0.799954430300779	-2.53675206159938e-05	2.59957889333007	1
34.375	46.75	0.999999824627642	0.799954567982168	-2.4621797356497e-05	2.39959012775564	1
34.625	46.75	0.999999584906492	0.799954700855817	-2.38743039932475e-05	2.19960137561767	1
34.875	46.75	0.999999379646297	0.799954835917316	-2.31253340764406e-05	1.99961264555223	1
35.125	46.75	0.999999430161893	0.799954968039095	-2.23775684279447e-05	1.79962391307618	1
35.375	46.75	1.00000003959812	0.799955069090551	-2.16373923046093e-05	1.59963510125984	1
35.625	46.75	1.00000144393652	0.799955081604882	-2.09148487907308e-05	1.39964607945972	1
35.875	46.75	1.00000351406238	0.79995492876371	-2.02203902515613e-05	1.19965670609386	1
36.125	46.75	1.00000535867363	0.799954554861065	-1.95567872807483e-05	0.999666939597293	1
36.375	46.75	1.00000503311349	0.799954003981562	-1.89064143179346e-05	0.799677016520935	1
36.625	46.75	0.999999755061578	0.799953522586845	-1.82183949023025e-05	0.59968763634877	1
36.875	46.75	0.999987152381652	0.799953623745594	-1.74064204955093e-05	0.399700002311478	1
37.125	46.75	0.999967913564988	0.799960385249515	-1.63738674911266e-05	0.19971548440981	1
37.375	46.75	0.999949517289507	0.39996207234187	-1.52605063095546e-05	-0.000267994066819423	1
0.125	47.25	0.000425064777789209	0.799944146501818	0.00274058743550118	22.8266428382677	1
0.375	47.25	0.000425486814869717	0.800323800198536	0.0025782685051536	22.826499890738	1
0.625	47.25	0.000426317116867093	0.800485332654582	0.00237279542420265	22.8263125389953	1
0.875	47.25	0.000427341247400978	0.800593132535061	0.00202097677369241	22.8260918227087	1
1.125	47.25	0.000427968091649996	0.800622138808201	0.00150249383657344	22.8258548623669	1
1.375	47.25	0.000427098395566659	0.800552033890403	0.000822807409965787	22.8256257515997	1
1.625	47.25	0.000423104383964937	0.800386859357085	4.09275089918271e-05	22.8254321780526	1
1.875	47.25	0.000414000660166793	0.800173184294048	-0.000703853529067555	22.8252963836752	1
2.125	47.25	0.000397873896290912	0.799992721775104	-0.00123021991115785	22.8252227070559	1
2.375	47.25	0.000373595597358527	0.799906587078154	-0.00144850494057169	22.825192325588	1
2.625	47.25	0.000341775092342355	0.799884906857754	-0.00145269202116104	22.8251784596058	1
2.875	47.25	0.000305839316530207	0.799814106301473	-0.00140314971155679	22.8251757930759	1
3.125	47.25	0.000273080103677917	0.7995992408126	-0.00137133616375496	22.8252115273989	1
3.375	47.25	0.000255505330796267	0.799240514832214	-0.00135296695367369	22.8253227873007	1
3.625	47.25	0.000270349551908058	0.798805933990941	-0.00133515245061349	22.8255284253626	1
3.875	47.25	0.000340102807008553	0.798363115723367	-0.00132990767472544	22.8258199231957	1
4.125	47.25	0.000491889871841422	0.797947076562448	-0.00134727228839665	22.826168067484	1
4.375	47.25	0.000756001632452426	0.797573692140193	-0.00134969965756408	22.8265311505557	1
4.625	47.25	0.00116339545397605	0.79726721610576	-0.00126380813757599	22.8268560427483	1
4.875	47.25	0.00174213621768511	0.797075572690645	-0.00102132767687059	22.8270736184792	1
5.125	47.25	0.00251315220582463	0.797071406951484	-0.000577085965841625	22.8270931238797	1
5.375	47.25	0.0034863080689577	0.797347034081569	9.46608167714291e-05	22.826797695149	1
5.625	47.25	0.00465846308066251	0.798008257049452	0.00100539945445106	22.8260406889111	1
5.875	47.25	0.00601580703609123	0.799167569869764	0.00215121861495865	22.8246412461456	1
6.125	47.25	0.00754359821277747	0.800935628076929	0.00350714097901887	22.8223768727155	1
6.375	47.25	0.0092479121865334	0.803410048458942	0.00502010912444038	22.8189700326603	1
6.625	47.25	0.0111966372432927	0.80666124705232	0.00660270413189924	22.8140645247035	1
6.875	47.25	0.0135912836025782	0.810715536073067	0.00812915671026775	22.8071858305777	1
7.125	47.25	0.0168876655271089	0.815535827993298	0.00943550779578936	22.7976781760385	1
7.375	47.25	0.0219914112656874	0.820999764598587	0.0103264207686122	22.7846109799049	1
7.625	47.25	0.0305581068656131	0.826873665319004	0.0105917426574724	22.7666513531787	1
7.875	47.25	0.0454089695506732	0.832779080378182	0.0100361223342781	22.7419121973391	1
8.125	47.25	0.0709837709798877	0.83815142458047	0.0085243959932476	22.7078141024375	1
8.375	47.25	0.113508520928196	0.842211224263183	0.00604278729382416	22.6610483602114	1
8.625	47.25	0.180110899031606	0.84403122026119	0.00276680286008661	22.5977859338833	1
8.875	47.25	0.275814951431406	0.842862615377848	-0.00089707416711599	22.5142859406864	1
9.125	47.25	0.398460195825503	0.838758772078636	-0.00436069080221393	22.407904903033	1
9.375	47.25	0.535216504916572	0.832950106191701	-0.00704056728069401	22.2781436766998	1
9.625	47.25	0.666474510307607	0.827159448365874	-0.00859892764709808	22.1270635682902	1
9.875	47.25	0.77593121074881	0.822380920748411	-0.00904986028854834	21.9586700248008	1
10.125	47.25	0.85722976566633	0.818608764327796	-0.00865944144837634	21.7776412548257	1
10.375	47.25	0.912607298051654	0.815471217221706	-0.00776546878644568	21.5881990352576	1
10.625	47.25	0.948080848699715	0.81271502309872	-0.00665345775023967	21.3935696935148	1
10.875	47.25	0.969841249185519	0.810262870446753	-0.00551639406431416	21.1959549332295	1
11.125	47.25	0.982775354487343	0.808116562683673	-0.00446356323209174	20.9967410846832	1
11.375	47.25	0.990279394202007	0.806285042381636	-0.00354468707963304	20.7967480449679	1
11.625	47.25	0.994549487268275	0.804759989382813	-0.00277280835997539	20.596433691412	1
11.875	47.25	0.996942263087105	0.80351617440524	-0.00214104792162531	20.3960376585488	1
12.125	47.25	0.998268755723054	0.802518733115406	-0.0016333521089634	20.1956742566575	1
12.375	47.25	0.999001062336198	0.80172990226834	-0.00123075779320867	19.9953893070023	1
12.625	47.25	0.999407454292165	0.801113411834461	-0.000914712011020587	19.7951934404314	1
12.875	47.25	0.999636936421923	0.800636771905042	-0.000668607756066867	19.5950808188039	1
13.125	47.25	0.999770517360822	0.80027213301844	-0.000478311916489642	19.395039174593	1
13.375	47.25	0.999851449192691	0.799996314102354	-0.00033216696614668	19.1950548639349	1
13.625	47.25	0.999902578949198	0.799790406692962	-0.000220748872159747	18.9951151676091	1
13.875	47.25	0.99993601575203	0.799639205505869	-0.000136537878543295	18.7952091473065	1
14.125	47.25	0.999958345098661	0.799530605805386	-7.35831590690523e-05	18.5953277952282	1
14.375	47.25	0.999973343870451	0.799455039238238	-2.71987926697602e-05	18.3954638759605	1
14.625	47.25	0.999983343336504	0.79940497926328	6.295346363526e-06	18.1956116641785	1
14.875	47.25	0.999989891662764	0.799374524737461	2.97864176145692e-05	17.9957666735403	1
15.125	47.25	0.99999407130913	0.799359058537072	4.55394218404257e-05	17.7959254152262	1
15.375	47.25	0.999996655817841	0.799354972778645	5.53322844935139e-05	17.59608519672	1
15.625	47.25	0.999998195981849	0.799359450440112	6.05617278907859e-05	17.3962439592533	1
15.875	47.25	0.999999075839775	0.799370293307237	6.23258362403671e-05	17.1964001480935	1
16.125	47.25	0.999999554760425	0.799385787181325	6.14883077223232e-05	16.9965526092534	1
16.375	47.25	0.999999801216195	0.799404596619167	5.8728454056853e-05	16.7967005070105	1
16.625	47.25	0.999999919864003	0.799425682854464	5.45801666313297e-05	16.5968432577729	1
16.875	47.25	0.999999972518535	0.799448239794908	4.94623587821941e-05	16.3969804768749	1
17.125	47.25	0.999999993627818	0.799471644064894	4.37028236941925e-05	16.1971119357109	1
17.375	47.25	1.00000000109536	0.799495415946914	3.75569974961797e-05	15.9972375272133	1
17.625	47.25	1.00000000343275	0.799519188781459	3.12227685636013e-05	15.7973572381079	1
17.875	47.25	1.00000000420829	0.799542684938552	2.48522083429587e-05	15.5974711266867	1
18.125	47.25	1.00000000463495	0.799565696908934	1.85608948445403e-05	15.3975793050715	1
18.375	47.25	1.00000000495882	0.79958807239295	1.2435346170658e-05	15.1976819251167	1
18.625	47.25	1.00000000513033	0.799609702519177	6.53896375778529e-06	14.9977791672543	1
18.875	47.25	1.00000000507854	0.799630512520883	9.16795045409591e-07	14.7978712317013	1
19.125	47.25	1.00000000479025	0.799650454345012	-4.40064206549998e-06	14.5979583315614	1
19.375	47.25	1.00000000430656	0.799669500788632	-9.39428413924711e-06	14.3980406874373	1
19.625	47.25	1.00000000369685	0.799687640840608	-1.40540464352981e-05	14.1981185232448	1
19.875	47.25	1.00000000303352	0.799704875980109	-1.83768293846369e-05	13.9981920629837	1
20.125	47.25	1.00000000237705	0.79972121723227	-2.23649132329396e-05	13.7982615282676	1
20.375	47.25	1.00000000176922	0.799736682826081	-2.60246661031518e-05	13.5983271364566	1
20.625	47.25	1.00000000123394	0.799751296333826	-2.93655064366897e-05	13.3983890992689	1
20.875	47.25	1.00000000078038	0.799765085193156	-3.23990700248225e-05	13.1984476217712	1
21.125	47.25	1.0000000004078	0.799778079534394	-3.51385450228441e-05	12.9985029016706	1
21.375	47.25	1.00000000010926	0.799790311252316	-3.75981423118504e-05	12.7985551288447	1
21.625	47.25	0.999999999874978	0.799801813273997	-3.9792675438013e-05	12.5986044850594	1
21.875	47.25	0.9999999996945	0.799812618985054	-4.1737230786168e-05	12.3986511438348	1
22.125	47.25	0.999999999558127	0.799822761780443	-4.34469102491829e-05	12.1986952704263	1
22.375	47.25	0.999999999457279	0.799832274717386	-4.4936632582805e-05	11.9987370218956	1
22.625	47.25	0.999999999384718	0.799841190249242	-4.62209825849287e-05	11.79877654725	1
22.875	47.25	0.99999999933454	0.799849540025746	-4.73140993945103e-05	11.5988139876347	1
23.125	47.25	0.999999999302132	0.799857354744905	-4.82295951399028e-05	11.398849476562	1
23.375	47.25	0.999999999283758	0.799864664047807	-4.89804988882677e-05	11.1988831401699	1
23.625	47.25	0.999999999276547	0.799871496446405	-4.95792208706927e-05	10.9989150974986	1
23.875	47.25	0.999999999278082	0.799877879278036	-5.00375319036716e-05	10.7989454607793	1
24.125	47.25	0.999999999286403	0.799883838682667	-5.0366555673298e-05	10.5989743357303	1
24.375	47.25	0.999999999299912	0.799889399596259	-5.0576770826176e-05	10.3990018218547	1
24.625	47.25	0.999999999317353	0.799894585756602	-5.06780204455629e-05	10.1990280127367	1
24.875	47.25	0.999999999337636	0.79989941972089	-5.06795271304362e-05	9.99905299633498	1
25.125	47.25	0.999999999359956	0.799903922890825	-5.05899124055437e-05	9.79907685526949	1
25.375	47.25	0.999999999383755	0.799908115543386	-5.04172194772445e-05	9.59909966710077	1
25.625	47.25	0.999999999408575	0.799912016865678	-5.01689375650983e-05	9.39912150460104	1
25.875	47.25	0.999999999433856	0.79991564499447	-4.98520278396778e-05	9.19914243601574	1
26.125	47.25	0.999999999459342	0.799919017056721	-4.9472950199898e-05	8.99916252531481	1
26.375	47.25	0.99999999948476	0.799922149210454	-4.90376899573312e-05	8.79918183243384	1
26.625	47.25	0.999999999509881	0.799925056688145	-4.85517847654881e-05	8.599200413505	1
26.875	47.25	0.999999999534507	0.799927753839597	-4.80203506573395e-05	8.39921832107678	1
27.125	47.25	0.999999999558724	0.799930254173721	-4.74481078011794e-05	8.19923560432371	1
27.375	47.25	0.999999999582747	0.799932570400456	-4.68394056434793e-05	7.99925230924554	1
27.625	47.25	0.999999999606846	0.799934714471204	-4.61982464078005e-05	7.79926847885638	1
27.875	47.25	0.999999999630981	0.799936697618892	-4.55283079786928e-05	7.59928415336403	1
28.125	47.25	0.999999999654572	0.799938530395979	-4.48329660869946e-05	7.39929937033974	1
28.375	47.25	0.999999999675766	0.79994022271107	-4.41153148991064e-05	7.19931416487903	1
28.625	47.25	0.999999999691263	0.799941783865056	-4.33781864643666e-05	6.99932856975381	1
28.875	47.25	0.999999999697017	0.799943222585591	-4.26241693881342e-05	6.79934261555559	1
29.125	47.25	0.999999999690672	0.799944547058941	-4.18556264639581e-05	6.59935633083057	1
29.375	47.25	0.999999999675484	0.799945764960888	-4.10747111137167e-05	6.39936974220632	1
29.625	47.25	0.999999999665656	0.799946883486308	-4.02833827895521e-05	6.19938287451039	1
29.875	47.25	0.999999999690275	0.799947909376288	-3.94834215863893e-05	5.99939575088066	1
30.125	47.25	0.999999999790619	0.799948848942736	-3.86764420907827e-05	5.79940839286947	1
30.375	47.25	1.0000000000035	0.799949708092616	-3.78639059233855e-05	5.59942082054344	1
30.625	47.25	1.0000000003259	0.799950492353224	-3.70471331279406e-05	5.39943305258251	1
30.875	47.25	1.00000000066334	0.799951206898785	-3.62273123950549e-05	5.19944510638126	1
31.125	47.25	1.00000000078152	0.799951856579218	-3.54055096495248e-05	4.9994569981546	1
31.375	47.25	1.0000000003044	0.799952445952952	-3.4582676379292e-05	4.79946874304232	1
31.625	47.25	0.999999998823828	0.799952979317551	-3.37596572907739e-05	4.5994803551969	1
31.875	47.25	0.999999996181988	0.799953460727839	-3.29372012791146e-05	4.39949184782698	1
32.125	47.25	0.999999992929416	0.799953893983749	-3.21159757598168e-05	4.19950323316355	1
32.375	47.25	0.999999990822433	0.799954282575591	-3.12965873303447e-05	3.99951452233095	1
32.625	47.25	0.999999993006708	0.799954629586953	-3.04796043726342e-05	3.79952572515226	1
32.875	47.25	1.00000000331846	0.799954937590699	-2.96655740297962e-05	3.59953685001196	1
33.125	47.25	1.00000002409326	0.799955208628537	-2.88550160277426e-05	3.39954790401066	1
33.375	47.25	1.0000000522916	0.799955444417188	-2.80483723722512e-05	3.19955889372384	1
33.625	47.25	1.00000007489082	0.799955646930266	-2.72458989628569e-05	2.99956982679123	1
33.875	47.25	1.00000006639873	0.799955819387468	-2.644751396932e-05	2.79958071418368	1
34.125	47.25	0.999999993436166	0.799955967386512	-2.56526752558703e-05	2.59959157221899	1
34.375	47.25	0.999999832116164	0.799956099424232	-2.4860432367027e-05	2.39960242235417	1
34.625	47.25	0.999999600926051	0.799956225537167	-2.40698541779082e-05	2.19961328596797	1
34.875	47.25	0.999999402336232	0.799956352630852	-2.32809906305219e-05	1.99962417178336	1
35.125	47.25	0.999999449556611	0.799956475921167	-2.24962965596833e-05	1.79963505660115	1
35.375	47.25	1.00000003498341	0.799956568430026	-2.1721949201463e-05	1.59964586662527	1
35.625	47.25	1.00000138669835	0.799956574851301	-2.09677994246259e-05	1.39965647616545	1
35.875	47.25	1.00000338117283	0.799956421143372	-2.02441114144585e-05	1.19966674878431	1
36.125	47.25	1.00000515998631	0.799956053522574	-1.95534363157902e-05	0.999676644206726	1
36.375	47.25	1.0000048482154	0.799955514354519	-1.88778257860736e-05	0.799686390064745	1
36.625	47.25	0.999999761344159	0.799955041197319	-1.81658724943347e-05	0.599696660290888	1
36.875	47.25	0.999987608090233	0.799955128765402	-1.73304481756821e-05	0.399708614843386	1
37.125	47.25	0.999969047946349	0.799961650816177	-1.62738812104091e-05	0.199723575294271	1
37.375	47.25	0.999951293328074	0.399963217606188	-1.51384890210168e-05	-0.000260464925135265	1
0.125	47.75	0.000422437355241047	0.799963277524732	0.00236202361035309	22.8266436077628	1
0.375	47.75	0.000422862410936011	0.800369746725728	0.00228525082814805	22.8264928557558	1
0.625	47.75	0.000423699749551612	0.800555148038706	0.00220959321563281	22.8262921236904	1
0.875	47.75	0.000424735973488656	0.800687865766322	0.00209167895939156	22.8260516905941	1
1.125	47.75	0.000425379411394238	0.800739070665837	0.00193405905613719	22.8257888080988	1
1.375	47.75	0.00042452613362825	0.800683045929045	0.00174935930297305	22.8255288346808	1
1.625	47.75	0.000420536101533469	0.800515310960323	0.0015559341382821	22.8253025797061	1
1.875	47.75	0.000411399926334841	0.800273667077633	0.00137806621597711	22.8251381211553	1
2.125	47.75	0.000395164314916536	0.800039782717142	0.00124010526207745	22.825047327522	1
2.375	47.75	0.000370641030316415	0.799889774695843	0.00113824585317238	22.8250167390572	1
2.625	47.75	0.000338356570863471	0.799817405353174	0.00100639723539876	22.825018960483	1
2.875	47.75	0.000301628133837549	0.799724325899811	0.000753338571305572	22.8250421121475	1
3.125	47.75	0.000267603911805269	0.799507571645871	0.000371321109043301	22.8251055940178	1
3.375	47.75	0.000248100198876728	0.799142741868279	-3.76425369513839e-05	22.8252444634527	1
3.625	47.75	0.000260088399932432	0.798683480092004	-0.000359508213727828	22.825482378855	1
3.875	47.75	0.000325691760761019	0.798204894533569	-0.00055448110737676	22.8258159825553	1
4.125	47.75	0.000471528451506993	0.797755426970061	-0.000659399077672708	22.8262169254558	1
4.375	47.75	0.000727206984045376	0.797356106156661	-0.000731836994639005	22.8266417058301	1
4.625	47.75	0.00112278872893609	0.797031806261637	-0.000805934592634647	22.8270354450918	1
4.875	47.75	0.00168517180397646	0.79683505450498	-0.000890297052279616	22.8273272123028	1
5.125	47.75	0.00243373304622079	0.796849113056485	-0.000983504481481001	22.8274228861783	1
5.375	47.75	0.00337617989063336	0.797180833852867	-0.00108374828144076	22.8271996734686	1
5.625	47.75	0.00450622603408706	0.797952658190601	-0.0011902456937256	22.8265022290108	1
5.875	47.75	0.00580531631102811	0.799294969157744	-0.00130161319207115	22.8251384951826	1
6.125	47.75	0.00725142311745406	0.801336735901595	-0.00141421698666055	22.8228729637408	1
6.375	47.75	0.00883936755344179	0.804192880567871	-0.00152111203566337	22.8194145275905	1
6.625	47.75	0.0106196794633881	0.807947954363999	-0.001611540878535	22.8143949480853	1
6.875	47.75	0.0127672668654126	0.8126364327595	-0.0016710243768369	22.8073323554397	1
7.125	47.75	0.0156976155335433	0.818220151730336	-0.00168216017262254	22.7975726278504	1
7.375	47.75	0.0202563388609266	0.824563028844285	-0.00162625563006885	22.7842011124124	1
7.625	47.75	0.0280128810825366	0.831402079396338	-0.00148590055139568	22.7659204425999	1
7.875	47.75	0.0416740050332797	0.838312416315912	-0.00124854814183181	22.7409018075468	1
8.125	47.75	0.0655527146839914	0.844666288344287	-0.000911098117594192	22.7066437977729	1
8.375	47.75	0.10579946852648	0.849605132376617	-0.000485228707894496	22.6599204613296	1
8.625	47.75	0.169663449190497	0.852102862858502	-2.3529671235174e-06	22.5969593465868	1
8.875	47.75	0.26268492637325	0.851284291441473	0.000485105209116568	22.514009063829	1
9.125	47.75	0.383632765878086	0.847069450545896	0.000911948127272632	22.4083230823436	1
9.375	47.75	0.520521095835443	0.840643054780645	0.00122086338985892	22.2792322081208	1
9.625	47.75	0.653742119639906	0.833861988613516	0.00138544311956013	22.1286396638221	1
9.875	47.75	0.766115664187295	0.827960165427825	0.00141692654754401	21.9604791784626	1
10.125	47.75	0.850298203147943	0.823116661206001	0.00135051640920352	21.779453369272	1
10.375	47.75	0.907992566347333	0.819041043208503	0.0012261366297229	21.5898594059642	1
10.625	47.75	0.945118863238467	0.815499432791599	0.00107661236605811	21.3950015730283	1
10.875	47.75	0.967980289863238	0.812408985469401	0.000924360518189751	21.1971385015176	1
11.125	47.75	0.981620021788966	0.809755932459368	0.000782537252445596	20.9976897387036	1
11.375	47.75	0.989566714302186	0.807529419361761	0.000657493134954121	20.7974906353852	1
11.625	47.75	0.994111301507761	0.805700605696884	0.000551137409597626	20.5970036347897	1
11.875	47.75	0.996673252952914	0.804225300570841	0.000462782298911447	20.3964671934577	1
12.125	47.75	0.998103677340092	0.803052391781819	0.000390428973261714	20.1959919041604	1
12.375	47.75	0.998899731083793	0.802130884956834	0.000331588946049337	19.9956191072114	1
12.625	47.75	0.999345197524521	0.801414100800863	0.000283763138989897	19.7953550729602	1
12.875	47.75	0.999598632111795	0.800861547777271	0.000244689236585568	19.595190100853	1
13.125	47.75	0.999746905756959	0.800439318440313	0.000212443547101877	19.3951086706388	1
13.375	47.75	0.999836861941929	0.800119688425174	0.000185458555951922	19.1950944789648	1
13.625	47.75	0.99989354506742	0.799880359468395	0.000162496517893626	18.9951326705824	1
13.875	47.75	0.999930407676072	0.799703601781661	0.000142603964562143	18.7952106096952	1
14.125	47.75	0.999954856457903	0.799575429098083	0.000125061392660591	18.5953179474915	1
14.375	47.75	0.999971170534967	0.799484866739341	0.000109335582518794	18.3954463921317	1
14.625	47.75	0.999981988770958	0.799423332278654	9.50378803592676e-05	18.1955893866965	1
14.875	47.75	0.999989048149799	0.799384127207244	8.18894435475556e-05	17.9957417899116	1
15.125	47.75	0.999993547409588	0.7993620282205	6.9693238548889e-05	17.7958995965747	1
15.375	47.75	0.99999633198472	0.79935296324451	5.8312029591256e-05	17.5960597065047	1
15.625	47.75	0.999997997318354	0.799353757129271	4.76514133953089e-05	17.3962197387667	1
15.875	47.75	0.999998955310685	0.799361933310239	3.7646967517453e-05	17.1963778839178	1
16.125	47.75	0.999999482793621	0.799375559715753	2.82546707134062e-05	16.9965327866841	1
16.375	47.75	0.999999759226325	0.799393129265045	1.94438821032201e-05	16.7966834525332	1
16.625	47.75	0.999999896196371	0.799413467209849	1.11922924565855e-05	16.5968291729599	1
16.875	47.75	0.999999959895542	0.79943565921154	3.48237356054706e-06	16.3969694655234	1
17.125	47.75	0.999999987534664	0.799458995405458	-3.70104719552268e-06	16.197104025626	1
17.375	47.75	0.999999998756936	0.799482926786542	-1.03723792536677e-05	15.9972326877231	1
17.625	47.75	1.00000000316441	0.799507031103836	-1.65462554675026e-05	15.7973553941593	1
17.875	47.75	1.00000000500436	0.799530986110352	-2.22380851128016e-05	15.5974721701876	1
18.125	47.75	1.00000000590868	0.799554548519718	-2.74643046433604e-05	15.3975831040059	1
18.375	47.75	1.00000000637902	0.799577537406968	-3.22424247543908e-05	15.1976883308527	1
18.625	47.75	1.00000000651927	0.799599821080802	-3.65909455684725e-05	14.9977880203815	1
18.875	47.75	1.00000000634887	0.799621306678482	-4.05291935248087e-05	14.7978823666688	1
19.125	47.75	1.00000000590643	0.799641931899973	-4.40771167402112e-05	14.5979715803374	1
19.375	47.75	1.00000000526158	0.799661658433632	-4.72550658962889e-05	14.398055882369	1
19.625	47.75	1.00000000449853	0.799680466717535	-5.00835772675105e-05	14.1981354992669	1
19.875	47.75	1.00000000369658	0.799698351761899	-5.25831695439155e-05	13.9982106592953	1
20.125	47.75	1.0000000029186	0.79971531981399	-5.47741616601659e-05	13.7982815895771	1
20.375	47.75	1.00000000220641	0.799731385694051	-5.66765137049569e-05	13.5983485138765	1
20.625	47.75	1.00000000158271	0.799746570669715	-5.83096934507906e-05	13.3984116509275	1
20.875	47.75	1.00000000105506	0.799760900759584	-5.96925667718966e-05	13.198471213198	1
21.125	47.75	1.00000000062087	0.799774405379553	-6.08433115058448e-05	12.9985274060003	1
21.375	47.75	1.0000000002714	0.79978711626693	-6.17793526347364e-05	12.7985804268777	1
21.625	47.75	0.999999999995269	0.799799066626266	-6.25173156591177e-05	12.5986304652109	1
21.875	47.75	0.999999999780613	0.799810290454823	-6.30729969200587e-05	12.3986777019968	1
22.125	47.75	0.999999999616434	0.799820822011944	-6.3461348024678e-05	12.1987223097645	1
22.375	47.75	0.999999999493105	0.799830695405427	-6.36964720635394e-05	11.9987644525973	1
22.625	47.75	0.999999999402579	0.799839944270501	-6.37916294577013e-05	11.7988042862378	1
22.875	47.75	0.999999999338175	0.799848601526338	-6.37592525220787e-05	11.5988419582564	1
23.125	47.75	0.999999999294632	0.799856699193414	-6.36109659090761e-05	11.3988776082669	1
23.375	47.75	0.999999999267706	0.799864268259443	-6.33576119377834e-05	11.198911368177	1
23.625	47.75	0.999999999254044	0.799871338585195	-6.30092802994529e-05	10.998943362464	1
23.875	47.75	0.999999999250808	0.799877938842303	-6.25753398632533e-05	10.7989737084664	1
24.125	47.75	0.999999999255743	0.799884096476687	-6.20644723007444e-05	10.5990025166865	1
24.375	47.75	0.999999999267007	0.799889837691979	-6.1484707118903e-05	10.3990298910968	1
24.625	47.75	0.999999999283097	0.799895187448331	-6.08434568857023e-05	10.1990559294478	1
24.875	47.75	0.99999999930276	0.799900169474861	-6.01475524375709e-05	9.99908072357333	1
25.125	47.75	0.999999999325063	0.799904806290909	-5.94032775617063e-05	9.79910435969028	1
25.375	47.75	0.999999999349267	0.799909119235167	-5.86164033533191e-05	9.59912691869218	1
25.625	47.75	0.999999999374813	0.799913128499971	-5.77922209612836e-05	9.39914847643395	1
25.875	47.75	0.999999999401057	0.799916853170116	-5.69355733713287e-05	9.19916910400755	1
26.125	47.75	0.999999999427658	0.799920311264574	-5.60508863971479e-05	8.99918886800714	1
26.375	47.75	0.99999999945428	0.799923519778706	-5.51421974634098e-05	8.79920783078381	1
26.625	47.75	0.999999999480657	0.799926494729024	-5.4213183353178e-05	8.5992260506897	1
26.875	47.75	0.999999999506615	0.79992925119814	-5.32671865500652e-05	8.39924358231044	1
27.125	47.75	0.999999999532236	0.799931803378377	-5.23072399145635e-05	8.19926047668714	1
27.375	47.75	0.999999999557659	0.79993416461626	-5.1336090180647e-05	7.99927678152726	1
27.625	47.75	0.999999999583129	0.79993634745565	-5.03562196638724e-05	7.79929254140483	1
27.875	47.75	0.999999999608633	0.799938363679282	-4.93698667114586e-05	7.5993077979501	1
28.125	47.75	0.999999999633562	0.799940224349362	-4.83790451435013e-05	7.39932259002957	1
28.375	47.75	0.999999999656048	0.799941939847218	-4.73855620469071e-05	7.19933695391598	1
28.625	47.75	0.99999999967292	0.799943519911207	-4.63910341278563e-05	6.99935092344912	1
28.875	47.75	0.99999999968032	0.799944973672967	-4.53969033827666e-05	6.79936453018735	1
29.125	47.75	0.999999999675906	0.79994630969187	-4.44044517058815e-05	6.59937780355054	1
29.375	47.75	0.999999999662724	0.799947535988217	-4.34148140761298e-05	6.3993907709539	1
29.625	47.75	0.999999999654523	0.79994866007451	-4.24289909049221e-05	6.19940345793325	1
29.875	47.75	0.999999999679513	0.799949688984107	-4.1447859748418e-05	5.99941588826178	1
30.125	47.75	0.999999999777743	0.79995062929782	-4.04721861557637e-05	5.79942808406022	1
30.375	47.75	0.99999999998506	0.799951487170304	-3.95026334403719e-05	5.59944006590192	1
30.625	47.75	1.00000000029898	0.799952268356256	-3.85397709081163e-05	5.39945185291673	1
30.875	47.75	1.00000000062868	0.799952978238446	-3.75840818988003e-05	5.1994634628967	1
31.125	47.75	1.00000000074779	0.799953621857681	-3.66359696068159e-05	4.99947491240524	1
31.375	47.75	1.00000000029228	0.799954203946632	-3.56957629574245e-05	4.7994862168851	1
31.625	47.75	0.999999998865592	0.799954728961284	-3.47637218555258e-05	4.59949739074933	1
31.875	47.75	0.999999996311281	0.799955201099853	-3.38400458343482e-05	4.39950844742952	1
32.125	47.75	0.999999993155366	0.799955624293207	-3.29248864878437e-05	4.19951939934862	1
32.375	47.75	0.999999991088601	0.799956002153483	-3.20183656363632e-05	3.99953025780138	1
32.625	47.75	0.999999993147611	0.79995633788187	-3.11205960411592e-05	3.79954103277038	1
32.875	47.75	1.00000000304636	0.799956634168827	-3.02316961978424e-05	3.59955173279632	1
33.125	47.75	1.00000002306769	0.79995689317516	-2.93517826072985e-05	3.39956236512905	1
33.375	47.75	1.00000005032745	0.799957116731184	-2.84809178023021e-05	3.19957293646059	1
33.625	47.75	1.00000007232192	0.799957306898144	-2.76190009302963e-05	2.99958345446036	1
33.875	47.75	1.00000006450604	0.799957466922773	-2.67656153572666e-05	2.79959392996683	1
34.125	47.75	0.999999994670854	0.799957602331228	-2.59199056696429e-05	2.59960437894311	1
34.375	47.75	0.999999839648135	0.799957721436385	-2.50806287932956e-05	2.39961482229613	1
34.625	47.75	0.999999616972089	0.799957834034888	-2.42465803957698e-05	2.19962528087299	1
34.875	47.75	0.999999425001245	0.799957946913244	-2.34175548614987e-05	1.99963576336213	1
35.125	47.75	0.999999468816341	0.799958055603629	-2.2595767358379e-05	1.79964624773406	1
35.375	47.75	1.000000030036	0.799958134256072	-2.17871702900841e-05	1.59965666321868	1
35.625	47.75	1.00000132882976	0.799958129705461	-2.10014023745953e-05	1.39966688897714	1
35.875	47.75	1.00000324731607	0.799957970674214	-2.0248519824268e-05	1.19967679361698	1
36.125	47.75	1.00000496019247	0.799957605294588	-1.95308427010841e-05	0.999686338043425	1
36.375	47.75	1.0000046628036	0.799957074202907	-1.88301085267876e-05	0.799695740822921	1
36.625	47.75	0.999999769308532	0.799956606012881	-1.80944196721931e-05	0.599705650108862	1
36.875	47.75	0.999988070219161	0.799956677000008	-1.7235901081592e-05	0.399717182239438	1
37.125	47.75	0.999970196161128	0.799962953402134	-1.61559122477684e-05	0.199731609903189	1
37.375	47.75	0.999953090899744	0.399964403029123	-1.49992173030043e-05	-0.000253002152919901	1
0.125	48.25	0.000427851447599517	0.799958942355382	0.00175067451041912	22.8266814835146	1
0.375	48.25	0.000428268791073908	0.800359762230391	0.00184801975022363	22.8265317033656	1
0.625	48.25	0.000429085452034914	0.800533121434183	0.00183514138290836	22.8263340693951	1
0.875	48.25	0.000430079013073296	0.800646319474476	0.00181282773984596	22.826100943173	1
1.125	48.25	0.00043064666913121	0.80067370654736	0.00178564242116383	22.825851042279	1
1.375	48.25	0.000429673873469851	0.800595917679565	0.00172296421583539	22.8256101355187	1
1.625	48.25	0.000425514439569956	0.80041847445901	0.00155321452269248	22.8254073124867	1
1.875	48.25	0.000416162426627622	0.800189606357192	0.00118351936322049	22.8252661497939	1
2.125	48.25	0.000399683331302005	0.799997400410895	0.000606322376060977	22.8251917143989	1
2.375	48.25	0.000374928743726743	0.799916168259273	2.84887855935673e-05	22.8251628183749	1
2.625	48.25	0.000342491399104183	0.799922797400802	-0.000225156121868168	22.8251460430941	1
2.875	48.25	0.000305786960107872	0.799888595337744	-4.28659393185132e-05	22.8251303646761	1
3.125	48.25	0.000272102517475259	0.799693746921812	0.000362902136297873	22.8251444986409	1
3.375	48.25	0.000253446771245133	0.799328437174849	0.000687406625284299	22.8252326038309	1
3.625	48.25	0.000267057879958031	0.798869578157428	0.000757901877288938	22.825420254875	1
3.875	48.25	0.000335431674876595	0.79840081078473	0.000599829421283089	22.8257017397294	1
4.125	48.25	0.000485708174818768	0.79796818875291	0.000341495189058855	22.8260465742536	1
4.375	48.25	0.000748223260524486	0.797588341518481	5.77930046832802e-05	22.826410185414	1
4.625	48.25	0.00115404591860909	0.79727888698697	-0.000277032828180806	22.8267376568626	1
4.875	48.25	0.00173146944505019	0.797079531255778	-0.000734160725258568	22.8269601646369	1
5.125	48.25	0.00250181579670117	0.79705631839196	-0.00137756994708286	22.8269889939203	1
5.375	48.25	0.00347554022830813	0.797296916491778	-0.00224894872901164	22.826710401083	1
5.625	48.25	0.00465031239203223	0.797904217668536	-0.00336888389480433	22.8259814244088	1
5.875	48.25	0.0060134023620859	0.798989953918387	-0.00473614583694961	22.8246249510751	1
6.125	48.25	0.0075515501638287	0.800666988364618	-0.00632187836580861	22.8224216452534	1
6.375	48.25	0.00927300604610398	0.803038758749578	-0.00806141867297274	22.8190956869554	1
6.625	48.25	0.0112491051923997	0.806185136944585	-0.00984671284928406	22.8142901419207	1
6.875	48.25	0.0136871413329515	0.810144635551005	-0.0115217813285437	22.8075262367016	1
7.125	48.25	0.0170528419210918	0.814893144176011	-0.0128838218208513	22.7981393823319	1
7.375	48.25	0.0222685432086014	0.820319016974329	-0.0136931089804886	22.7851847724117	1
7.625	48.25	0.0310164623155614	0.826193175708508	-0.0136954075852468	22.7673095161091	1
7.875	48.25	0.0461559310119447	0.832131733650952	-0.0126607182428541	22.7426014851757	1
8.125	48.25	0.0721707755207679	0.837552212667256	-0.0104412353228288	22.7084542261116	1
8.375	48.25	0.11531389605753	0.841647057993823	-0.00704766649009133	22.661536776371	1
8.625	48.25	0.182672201915985	0.84346206165526	-0.00273076263572193	22.5980138891351	1
8.875	48.25	0.279100314065449	0.842242554816278	0.0019753885229183	22.5141670919228	1
9.125	48.25	0.402150727171829	0.838068266432798	0.00632859393013145	22.4074083146157	1
9.375	48.25	0.538765452452937	0.832205830369122	0.00962033320738159	22.2773119529881	1
9.625	48.25	0.669386092607505	0.826389197932977	0.0114684858642611	22.1259997012376	1
9.875	48.25	0.778001533073442	0.821604125037525	0.0119283964182015	21.9574991955713	1
10.125	48.25	0.858535877100021	0.817843113139857	0.0113534925144669	21.7764728787896	1
10.375	48.25	0.913351626397417	0.814739398427465	0.0101710223287006	21.5871076785135	1
10.625	48.25	0.948465309220979	0.812039977924938	0.00873497780614146	21.3925946052311	1
10.875	48.25	0.970017184323716	0.809661017644153	0.00728179780043156	21.1951087304506	1
11.125	48.25	0.982840546287403	0.807595248884543	0.00594385771338987	20.996019819844	1
11.375	48.25	0.990291221795718	0.805843654083201	0.00478007940520219	20.7961392234191	1
11.625	48.25	0.994539105813775	0.804392489340682	0.00380434202182134	20.5959216041473	1
11.875	48.25	0.996925272599089	0.803213602846903	0.00300619249347901	20.395606498573	1
12.125	48.25	0.99825214632903	0.802271112287294	0.00236413597344627	20.1953097032727	1
12.375	48.25	0.998987376892923	0.801527476295503	0.00185339352000846	19.9950791584741	1
12.625	48.25	0.99939713399688	0.800947343303479	0.00145000717211296	19.7949277071977	1
12.875	48.25	0.999629565529353	0.80049945484581	0.00113272018058636	19.5948515431019	1
13.125	48.25	0.999765436599984	0.800157261567295	0.00088359452878443	19.3948401361954	1
13.375	48.25	0.999848025805703	0.799898810631968	0.000687968408978384	19.1948812612768	1
13.625	48.25	0.999900301409291	0.79970627986721	0.000534109993719268	18.994963319717	1
13.875	48.25	0.999934506744626	0.79956538271861	0.000412766288735204	18.7950762360583	1
14.125	48.25	0.999957342074505	0.799464766030642	0.000316710064416426	18.5952116531139	1
14.375	48.25	0.999972671251193	0.799395460087688	0.000240332273059432	18.3953628171929	1
14.625	48.25	0.999982886769146	0.799350404352258	0.000179296728149874	18.195524353775	1
14.875	48.25	0.999989577764143	0.799324052888612	0.00013025808617052	17.9956920280295	1
15.125	48.25	0.999993853141397	0.799312053829398	9.06369616940094e-05	17.7958625288136	1
15.375	48.25	0.99999650311049	0.799310993203706	5.84434401457068e-05	17.5960332874447	1
15.625	48.25	0.999998088849483	0.799318192465981	3.21400519193089e-05	17.396202330533	1
15.875	48.25	0.99999900088415	0.799331549622248	1.05361430223102e-05	17.1963681619074	1
16.125	48.25	0.999999502706534	0.799349415092679	-7.29317630573545e-06	16.9965296679843	1
16.375	48.25	0.999999765490934	0.799370494897249	-2.20690470019535e-05	16.7966860416176	1
16.625	48.25	0.999999895733368	0.799393775149037	-3.43562364260297e-05	16.5968367205017	1
16.875	48.25	0.999999956547175	0.799418463079892	-4.459930518621e-05	16.3969813371446	1
17.125	48.25	0.99999998332382	0.79944394086954	-5.31502148441866e-05	16.1971196781594	1
17.375	48.25	0.999999994663683	0.799469729384666	-6.02894101251897e-05	15.9972516511462	1
17.625	48.25	0.999999999595252	0.799495459605892	-6.62419301156749e-05	15.7973772578046	1
17.875	48.25	1.00000000206839	0.799520850035873	-7.11897324259909e-05	15.5974965721749	1
18.125	48.25	1.00000000357452	0.799545688776474	-7.52811330356981e-05	15.3976097230983	1
18.375	48.25	1.00000000455997	0.799569819269683	-7.8638048352225e-05	15.1977168801373	1
18.625	48.25	1.0000000051165	0.799593128921702	-8.13615611753019e-05	14.9978182423214	1
18.875	48.25	1.00000000527105	0.79961554000798	-8.35362093749489e-05	14.7979140291887	1
19.125	48.25	1.00000000507691	0.799637002385586	-8.52332987020619e-05	14.5980044736871	1
19.375	48.25	1.00000000461935	0.799657487648216	-8.65134707775975e-05	14.3980898165754	1
19.625	48.25	1.00000000399661	0.79967698443123	-8.74287014012665e-05	14.1981703020328	1
19.875	48.25	1.00000000329947	0.799695494637558	-8.80238621419231e-05	13.998246174238	1
20.125	48.25	1.00000000259976	0.799713030402788	-8.83379483880322e-05	13.7983176747295	1
20.375	48.25	1.00000000194621	0.799729611654295	-8.84050494101746e-05	13.5983850403909	1
20.625	48.25	1.00000000136662	0.799745264150573	-8.82551208346802e-05	13.3984485019401	1
20.875	48.25	1.00000000087238	0.799760017907973	-8.79146044055868e-05	13.1985082828198	1
21.125	48.25	1.00000000046371	0.79977390593815	-8.74069288618204e-05	12.9985645984124	1
21.375	48.25	1.00000000013395	0.799786963240498	-8.6752918828837e-05	12.7986176555121	1
21.625	48.25	0.999999999873229	0.799799225999518	-8.5971131367197e-05	12.5986676520027	1
21.875	48.25	0.99999999967082	0.799810730948832	-8.50781358789848e-05	12.3987147766993	1
22.125	48.25	0.99999999951655	0.799821514870267	-8.40887489023485e-05	12.1987592093175	1
22.375	48.25	0.999999999401393	0.799831614203712	-8.30162334687458e-05	11.9988011205443	1
22.625	48.25	0.99999999931781	0.799841064744339	-8.18724692769847e-05	11.7988406721859	1
22.875	48.25	0.999999999259452	0.799849901413748	-8.06680996309609e-05	11.5988780173763	1
23.125	48.25	0.999999999221274	0.799858158090229	-7.94126595839411e-05	11.3989133008285	1
23.375	48.25	0.999999999199218	0.79986586748504	-7.81146878025263e-05	11.1989466591192	1
23.625	48.25	0.999999999190032	0.799873061057309	-7.6781825638444e-05	10.9989782209954	1
23.875	48.25	0.999999999190932	0.79987976896065	-7.54209048814346e-05	10.7990081076953	1
24.125	48.25	0.999999999199735	0.799886020013916	-7.40380259500317e-05	10.5990364332779	1
24.375	48.25	0.999999999214668	0.799891841691394	-7.26386281018953e-05	10.3990633049552	1
24.625	48.25	0.999999999234235	0.799897260128358	-7.12275524810147e-05	10.1990888234236	1
24.875	48.25	0.999999999257185	0.799902300139662	-6.98090990374295e-05	9.99911308319133	1
25.125	48.25	0.999999999282624	0.799906985246604	-6.83870777762603e-05	9.7991361728997	1
25.375	48.25	0.999999999309784	0.799911337711548	-6.69648554567379e-05	9.59915817563573	1
25.625	48.25	0.999999999338101	0.799915378577876	-6.55453977830419e-05	9.39917916923519	1
25.875	48.25	0.999999999366967	0.799919127713096	-6.41313074720484e-05	9.19919922657514	1
26.125	48.25	0.999999999395999	0.799922603855341	-6.27248595208971e-05	8.99921841585519	1
26.375	48.25	0.999999999424871	0.79992582466069	-6.13280326138736e-05	8.79923680086669	1
26.625	48.25	0.999999999453351	0.799928806751554	-5.99425377738177e-05	8.59925444125049	1
26.875	48.25	0.99999999948129	0.799931565765538	-5.85698448141174e-05	8.39927139274223	1
27.125	48.25	0.99999999950879	0.799934116403044	-5.72112060346082e-05	8.19928770740591	1
27.375	48.25	0.999999999535982	0.799936472475144	-5.58676778796604e-05	7.99930343385575	1
27.625	48.25	0.999999999563106	0.799938646950077	-5.45401407267156e-05	7.79931861746635	1
27.875	48.25	0.999999999590159	0.799940651997722	-5.322931681992e-05	7.59933330057175	1
28.125	48.25	0.999999999616514	0.799942499033058	-5.19357865293004e-05	7.39934752265393	1
28.375	48.25	0.999999999640337	0.799944198758894	-5.06600030799519e-05	7.19936132052076	1
28.625	48.25	0.999999999658593	0.799945761206117	-4.94023059272472e-05	6.99937472847393	1
28.875	48.25	0.999999999667581	0.799947195771767	-4.81629329378544e-05	6.79938777846723	1
29.125	48.25	0.999999999664994	0.799948511256103	-4.69420316150981e-05	6.5994005002557	1
29.375	48.25	0.999999999653682	0.79994971589818	-4.57396689997605e-05	6.39941292153505	1
29.625	48.25	0.999999999646955	0.799950817408436	-4.45558406811495e-05	6.19942506807209	1
29.875	48.25	0.99999999967217	0.799951822999034	-4.33904794679386e-05	5.99943696382638	1
30.125	48.25	0.99999999976813	0.799952739412195	-4.22434626941853e-05	5.79944863106481	1
30.375	48.25	0.99999999996978	0.799953572948691	-4.11146192197662e-05	5.59946009047074	1
30.625	48.25	1.00000000027518	0.799954329494799	-4.00037344925289e-05	5.39947136125101	1
30.875	48.25	1.00000000059716	0.799955014551146	-3.89105558002884e-05	5.19948246124488	1
31.125	48.25	1.00000000071721	0.799955633264133	-3.78347954101146e-05	4.99949340703538	1
31.375	48.25	1.00000000028313	0.799956190460456	-3.67761336557886e-05	4.79950421405936	1
31.625	48.25	0.99999999890981	0.799956690679171	-3.5734221895124e-05	4.5995148967005	1
31.875	48.25	0.999999996442024	0.79995713819099	-3.47086884517275e-05	4.39952546834111	1
32.125	48.25	0.999999993381353	0.799957536991052	-3.36991489761267e-05	4.19953594134054	1
32.375	48.25	0.999999991353357	0.799957890750925	-3.27052220594688e-05	3.99954632692395	1
32.625	48.25	0.99999999328646	0.799958202730879	-3.17265478936679e-05	3.79955663500792	1
32.875	48.25	1.00000000277356	0.799958475684139	-3.07628007764565e-05	3.59956687407731	1
33.125	48.25	1.000000022046	0.799958711839122	-2.98136795589293e-05	3.39957705133174	1
33.375	48.25	1.00000004837559	0.79995891309167	-2.8878854130076e-05	3.19958717339225	1
33.625	48.25	1.00000006977667	0.799959081545928	-2.79578550586671e-05	2.99959724778182	1
33.875	48.25	1.00000006264836	0.799959220434206	-2.70499205775148e-05	2.79960728504158	1
34.125	48.25	0.99999999594659	0.799959335172864	-2.61538731837281e-05	2.59961730062593	1
34.375	48.25	0.999999847214583	0.799959433855667	-2.52681697735341e-05	2.39962731474821	1
34.625	48.25	0.999999633024568	0.799959526006761	-2.43913259999535e-05	2.19963734758974	1
34.875	48.25	0.999999447612303	0.799959618263097	-2.35228731576113e-05	1.99964740767834	1
35.125	48.25	0.999999487915192	0.799959706444229	-2.26647762614229e-05	1.79965747403409	1
35.375	48.25	1.00000002475857	0.799959765801247	-2.18227474683872e-05	1.59966747879733	1
35.625	48.25	1.00000127039716	0.799959745286608	-2.10061930864005e-05	1.39967730586882	1
35.875	48.25	1.00000311265083	0.799959576369629	-2.02249409402185e-05	1.19968682879153	1
36.125	48.25	1.00000475953259	0.799959209088855	-1.94810713153698e-05	0.999696009536616	1
36.375	48.25	1.00000447710741	0.799958682342457	-1.87560291197957e-05	0.799705057465923	1
36.625	48.25	0.999999778966468	0.79995821576918	-1.79974967704728e-05	0.599714594754068	1
36.875	48.25	0.999988538265518	0.799958267142984	-1.71169743465672e-05	0.399725693820664	1
37.125	48.25	0.999971356934088	0.799964291911677	-1.60149887258787e-05	0.199739578070194	1
37.375	48.25	0.999954908009203	0.399965627706115	-1.48385499699155e-05	-0.000245615336870552	1
0.125	48.75	0.000439702262226106	0.79994306936013	0.00121077657861322	22.8267128461952	1
0.375	48.75	0.000440104269992126	0.800346960513405	0.00138363171554976	22.8265668073565	1
0.625	48.75	0.000440880658460483	0.800538477454999	0.00145925280666995	22.826368049447	1
0.875	48.75	0.000441793384576776	0.800669926726326	0.00155157410235148	22.8261296757761	1
1.125	48.75	0.000442222272925816	0.800725487885171	0.00166535193578326	22.825869206633	1
1.375	48.75	0.000441040617439152	0.800695853906611	0.00174293153186112	22.8256080632679	1
1.625	48.75	0.00043660574195136	0.80058594743426	0.00165888840507801	22.8253689794829	1
1.875	48.75	0.000426944685070018	0.800418422120187	0.00125152359361393	22.8251716001958	1
2.125	48.75	0.000410201241865121	0.80022775717352	0.000484804248258771	22.8250278803303	1
2.375	48.75	0.000385366005560801	0.800044046177844	-0.000315512253792252	22.8249400427872	1
2.625	48.75	0.000353243289069721	0.799874098220826	-0.000556657897221902	22.8249039355513	1
2.875	48.75	0.000317541444546404	0.799697684840286	-2.78313872642485e-05	22.8249170020739	1
3.125	48.75	0.00028593622236839	0.799492771679443	0.000786619434112095	22.8249821792012	1
3.375	48.75	0.000270959741886147	0.799259246198843	0.00132289046758959	22.8251017078247	1
3.625	48.75	0.000290582721968404	0.799007346276825	0.00142760106101844	22.8252702169636	1
3.875	48.75	0.000368350373668869	0.798741442071584	0.00125244687960706	22.8254741975132	1
4.125	48.75	0.000532900319070878	0.798465000083596	0.000975501718253327	22.8256927712874	1
4.375	48.75	0.000816658922574947	0.798190562068076	0.000641395272867382	22.8258954542675	1
4.625	48.75	0.00125353685686963	0.797940778443366	0.000180341713620048	22.8260388436623	1
4.875	48.75	0.00187563917689379	0.797745405964122	-0.000512102684153393	22.8260645669396	1
5.125	48.75	0.00270946876966399	0.797640523155422	-0.00152590749725792	22.8258980961629	1
5.375	48.75	0.0037727677731227	0.797669339578008	-0.0029233942532601	22.8254471837594	1
5.625	48.75	0.00507383220944232	0.797882312144043	-0.00473805119815432	22.8245988922185	1
5.875	48.75	0.00661585249505744	0.79833582368231	-0.00696956355395715	22.8232138393401	1
6.125	48.75	0.00840985957037844	0.799089378806943	-0.00957228380372415	22.8211153696875	1
6.375	48.75	0.0105016112811243	0.80020106118137	-0.0124404123730119	22.8180702023335	1
6.625	48.75	0.0130207209244946	0.801720765381648	-0.0153942389850135	22.8137557381713	1
6.875	48.75	0.0162650442194191	0.803680639191223	-0.0181719794084001	22.807707745905	1
7.125	48.75	0.0208399708048526	0.806081927674438	-0.0204324259576088	22.7992412018354	1
7.375	48.75	0.0278789242726009	0.808876526155559	-0.0217743924024288	22.78733828219	1
7.625	48.75	0.0393693791763298	0.81193982481156	-0.0217789466156267	22.7705042716025	1
7.875	48.75	0.0585721751047037	0.815030416089747	-0.0200791285855659	22.7466100529937	1
8.125	48.75	0.0903931993676234	0.817739113865433	-0.0164590140226013	22.7127754134353	1
8.375	48.75	0.141266010993852	0.819462357955575	-0.0109773986149677	22.6654009873102	1
8.625	48.75	0.217673069553456	0.819508579512397	-0.0040904901137682	22.6005033943664	1
8.875	48.75	0.322466273920125	0.817484610984149	0.00330297136465605	22.5144718297453	1
9.125	48.75	0.450030874738082	0.813845669267999	0.0100210853507129	22.4051394697318	1
9.375	48.75	0.584956361069478	0.809922258434581	0.0150043496837548	22.2726860946855	1
9.625	48.75	0.708359390928468	0.806980987604536	0.0177406512834569	22.119739461128	1
9.875	48.75	0.807357777048538	0.805329078586157	0.018373424378981	21.9505138658427	1
10.125	48.75	0.878859487274899	0.804510229958219	0.0174593298776948	21.7695479123975	1
10.375	48.75	0.926640829621177	0.803991350744678	0.0156409172825873	21.580758682709	1
10.625	48.75	0.956844630742509	0.803489192800873	0.0134442852041595	21.3870735778199	1
10.875	48.75	0.97518431430277	0.8029338775699	0.0112210867120158	21.1904782185737	1
11.125	48.75	0.985984816735839	0.802349997769961	0.00916964111541544	20.9922316349999	1
11.375	48.75	0.992189904142657	0.801780898388055	0.00737955919047876	20.7930929907699	1
11.625	48.75	0.995680929709419	0.801259704580382	0.00587322757193965	20.5935010521559	1
11.875	48.75	0.997610799622533	0.800804238235609	0.00463629191425908	20.3936990295099	1
12.125	48.75	0.998663801678433	0.800420127874515	0.00363740116883133	20.1938153430162	1
12.375	48.75	0.999234995988499	0.800105244968984	0.00283985190544426	19.9939134494865	1
12.625	48.75	0.99954652248565	0.799853293105988	0.00220783035328647	19.7940214742008	1
12.875	48.75	0.99972004289204	0.7996562187004	0.00170933152217845	19.5941492510948	1
13.125	48.75	0.999820477087568	0.799505661416635	0.00131717244209726	19.3942977810851	1
13.375	48.75	0.999881657608597	0.799393742055568	0.00100899577332617	19.194464268162	1
13.625	48.75	0.999920931140314	0.799313431426422	0.0007667987393424	18.9946446609947	1
13.875	48.75	0.999947194893914	0.799258671018488	0.000576288943894744	18.7948348407288	1
14.125	48.75	0.999965152988192	0.79922435674595	0.000426225463164052	18.5950311083177	1
14.375	48.75	0.999977473280816	0.799206254782061	0.00030781974810408	18.3952303317538	1
14.625	48.75	0.999985827137988	0.799200890381604	0.000214224180419663	18.1954299429823	1
14.875	48.75	0.999991365457412	0.799205432605233	0.000140111803450101	17.9956278786225	1
15.125	48.75	0.999994928505949	0.79921758671925	8.13393412572645e-05	17.7958225074057	1
15.375	48.75	0.999997140414888	0.79923549939859	3.46813315667482e-05	17.5960125614091	1
15.625	48.75	0.999998458938734	0.799257678095955	-2.37741540905051e-06	17.3961970761924	1
15.875	48.75	0.99999920986613	0.799282923957453	-3.18027299721724e-05	17.1963753400656	1
16.125	48.75	0.999999616075358	0.799310276766335	-5.51353336960184e-05	16.9965468511998	1
16.375	48.75	0.99999982328716	0.799338970110176	-7.35865753806235e-05	16.7967112811481	1
16.625	48.75	0.999999922116717	0.799368395007432	-8.81121418642108e-05	16.5968684436398	1
16.875	48.75	0.999999965847803	0.799398070421526	-9.94688240596287e-05	16.3970182678357	1
17.125	48.75	0.999999983857201	0.799427619338496	-0.000108258275284842	16.1971607754672	1
17.375	48.75	0.999999991119699	0.799456749317544	-0.000114960791849683	15.9972960614169	1
17.625	48.75	0.999999994519059	0.799485236643167	-0.000119961437822859	15.7974242773607	1
17.875	48.75	0.999999996765894	0.799512913382445	-0.000123570291687247	15.5975456181156	1
18.125	48.75	0.999999998656476	0.799539656793386	-0.000126038173925392	15.3976603103562	1
18.375	48.75	1.00000000026215	0.799565380648317	-0.000127568895125386	15.1977686033731	1
18.625	48.75	1.0000000014835	0.79959002811682	-0.000128328819791348	14.9978707615683	1
18.875	48.75	1.00000000225841	0.799613565927357	-0.000128454357291265	14.7979670584138	1
19.125	48.75	1.00000000260563	0.799635979576736	-0.000128057846937576	14.5980577716266	1
19.375	48.75	1.00000000260338	0.799657269403226	-0.000127232196997495	14.3981431793506	1
19.625	48.75	1.0000000023555	0.799677447370045	-0.00012605455563248	14.1982235571636	1
19.875	48.75	1.00000000196322	0.799696534432975	-0.000124589225530974	13.9982991757602	1
20.125	48.75	1.0000000015097	0.799714558390248	-0.000122889988954905	13.7983702991862	1
20.375	48.75	1.00000000105429	0.799731552130074	-0.000121001969303782	13.5984371835206	1
20.625	48.75	1.00000000063406	0.799747552205717	-0.000118963128394631	13.3985000759216	1
20.875	48.75	1.00000000026801	0.799762597682065	-0.000116805477175773	13.1985592139666	1
21.125	48.75	0.999999999962623	0.799776729203348	-0.000114556058468966	12.9986148252308	1
21.375	48.75	0.999999999716271	0.799789988245576	-0.000112237748872606	12.798667127055	1
21.625	48.75	0.999999999523114	0.79980241652011	-0.000109869916523107	12.5987163264674	1
21.875	48.75	0.999999999375619	0.799814055502405	-0.000107468963409972	12.3987626202252	1
22.125	48.75	0.999999999266213	0.799824946062286	-0.000105048774042408	12.1988061949516	1
22.375	48.75	0.999999999187903	0.799835128179507	-0.00010262108956785	11.9988472273454	1
22.625	48.75	0.999999999134753	0.799844640727363	-0.000100195820617656	11.7988858844473	1
22.875	48.75	0.999999999101696	0.799853521313261	-9.77813098276167e-05	11.5989223239474	1
23.125	48.75	0.999999999084691	0.799861806166212	-9.5384554020406e-05	11.398956694522	1
23.375	48.75	0.999999999080445	0.79986953006068	-9.3011392398714e-05	11.1989891361908	1
23.625	48.75	0.999999999086308	0.799876726270704	-9.06666667842084e-05	10.9990197806868	1
23.875	48.75	0.999999999100003	0.799883426549455	-8.83543585621171e-05	10.7990487518312	1
24.125	48.75	0.999999999119749	0.799889661127581	-8.60777062112972e-05	10.5990761659106	1
24.375	48.75	0.999999999144106	0.799895458726966	-8.38393065361566e-05	10.3991021320509	1
24.625	48.75	0.999999999171834	0.799900846586248	-8.16412017687428e-05	10.1991267525847	1
24.875	48.75	0.999999999201867	0.79990585049667	-7.94849553270342e-05	9.99915012341102	1
25.125	48.75	0.999999999233516	0.799910494843812	-7.73717172740268e-05	9.79917233434458	1
25.375	48.75	0.999999999266136	0.799914802654899	-7.53022811656163e-05	9.59919346945356	1
25.625	48.75	0.999999999299261	0.799918795650283	-7.32771339090702e-05	9.39921360738484	1
25.875	48.75	0.999999999332389	0.799922494296096	-7.12964986961469e-05	9.19923282167605	1
26.125	48.75	0.999999999365169	0.799925917859324	-6.93603730002702e-05	8.99925118105451	1
26.375	48.75	0.999999999397328	0.799929084463237	-6.74685615281738e-05	8.79926874972193	1
26.625	48.75	0.999999999428734	0.799932011142032	-6.56207047821954e-05	8.59928558762602	1
26.875	48.75	0.999999999459274	0.799934713895694	-6.38163045638784e-05	8.39930175071819	1
27.125	48.75	0.99999999948908	0.799937207743254	-6.20547458890181e-05	8.19931729119826	1
27.375	48.75	0.999999999518343	0.799939506775076	-6.03353161631974e-05	7.99933225774598	1
27.625	48.75	0.99999999954734	0.799941624203416	-5.86572221533945e-05	7.79934669574019	1
27.875	48.75	0.999999999576068	0.79994357241101	-5.7019604797756e-05	7.59936064746566	1
28.125	48.75	0.999999999603916	0.799945362998071	-5.54215518820576e-05	7.39937415230863	1
28.375	48.75	0.999999999629128	0.799947006827685	-5.38621090361009e-05	7.19938724694087	1
28.625	48.75	0.999999999648798	0.799948514068726	-5.23402896723507e-05	6.99939996549328	1
28.875	48.75	0.999999999659313	0.799949894236548	-5.08550834596319e-05	6.79941233971909	1
29.125	48.75	0.99999999965841	0.799951156232128	-4.94054633840446e-05	6.59942439914744	1
29.375	48.75	0.999999999648847	0.799952308379841	-4.79903923161891e-05	6.39943617122672	1
29.625	48.75	0.999999999643459	0.799953358461377	-4.66088282354923e-05	6.19944768145847	1
29.875	48.75	0.999999999668742	0.799954313747897	-4.52597295937118e-05	5.99945895352237	1
30.125	48.75	0.99999999976226	0.799955181029966	-4.39420587631595e-05	5.79947000939337	1
30.375	48.75	0.999999999958144	0.799955966647248	-4.26547858280855e-05	5.59948086945345	1
30.625	48.75	1.000000000255	0.799956676516578	-4.13968906912127e-05	5.39949155260036	1
30.875	48.75	1.00000000056926	0.799957316161343	-4.01673649992414e-05	5.1995020763582	1
31.125	48.75	1.00000000069017	0.799957890744048	-3.89652124754298e-05	4.99951245698965	1
31.375	48.75	1.0000000002772	0.79995840510115	-3.77894489924718e-05	4.79952270960671	1
31.625	48.75	0.999999998956575	0.799958863775613	-3.66391031957025e-05	4.59953284826463	1
31.875	48.75	0.99999999657408	0.799959271036504	-3.55132196407795e-05	4.39954288601593	1
32.125	48.75	0.999999993606994	0.799959630873712	-3.44108667089098e-05	4.19955283489325	1
32.375	48.75	0.999999991616221	0.799959946952998	-3.33311496125283e-05	3.99956270580524	1
32.625	48.75	0.999999993423038	0.799960222532506	-3.22732268290777e-05	3.79957250837067	1
32.875	48.75	1.00000000250063	0.799960460371048	-3.12363203643271e-05	3.59958225080086	1
33.125	48.75	1.00000002103008	0.799960662711241	-3.02197041562374e-05	3.39959194004053	1
33.375	48.75	1.00000004643944	0.799960831464396	-2.92226490164395e-05	3.19960158244745	1
33.625	48.75	1.00000006725942	0.799960968730869	-2.82443115004391e-05	2.9996111852179	1
33.875	48.75	1.00000006082878	0.799961077685387	-2.72835805330371e-05	2.79962075842722	1
34.125	48.75	0.999999997261086	0.799961163594956	-2.63389537048944e-05	2.59963031686434	1
34.375	48.75	0.99999985480263	0.799961234298262	-2.54085862978207e-05	2.39963987990332	1
34.625	48.75	0.999999649056455	0.799961299013774	-2.44907126619333e-05	2.19964946692379	1
34.875	48.75	0.999999470131644	0.799961364197585	-2.35845981548452e-05	1.99965908616425	1
35.125	48.75	0.999999506821854	0.79996142592623	-2.26919505693545e-05	1.79966871756991	1
35.375	48.75	1.00000001916161	0.799961460522005	-2.18182279733933e-05	1.59967829606884	1
35.625	48.75	1.00000121150145	0.799961419027094	-2.0972583808303e-05	1.39968771017964	1
35.875	48.75	1.00000297740711	0.799961235635227	-2.0164596655146e-05	1.19969683826098	1
36.125	48.75	1.00000455834774	0.799960862277749	-1.93961014934423e-05	0.999705643232157	1
36.375	48.75	1.00000429144089	0.799960336108174	-1.8648285338626e-05	0.799714325125467	1
36.625	48.75	0.999999790297954	0.799959867774442	-1.78685112893721e-05	0.599723479979638	1
36.875	48.75	0.999989011428007	0.799959896517464	-1.69678262459738e-05	0.399734136070127	1
37.125	48.75	0.9999725282844	0.799965664083811	-1.58461188082322e-05	0.19974746719887	1
37.375	48.75	0.999956741558395	0.399966889560106	-1.46523418525306e-05	-0.000238316087291578	1
0.125	49.25	0.000454173360041296	0.799919518948011	0.000908472657822099	22.8268010985004	1
0.375	49.25	0.00045455864957271	0.800295825455335	0.0010932591580468	22.8266611678893	1
0.625	49.25	0.000455290467889111	0.800456048333883	0.00133049091964773	22.8264766545601	1
0.875	49.25	0.000456112912000853	0.800556466221839	0.00166777501522057	22.8262601869172	1
1.125	49.25	0.000456386139036077	0.800584506121573	0.00210877196618019	22.8260291041607	1
1.375	49.25	0.000454970168582043	0.800541750874035	0.00259234115481691	22.8258025271906	1
1.625	49.25	0.000450227850565131	0.800446633948123	0.00298176531484083	22.8255973956973	1
1.875	49.25	0.000440226859911082	0.800329549015644	0.00309510581488698	22.8254243759715	1
2.125	49.25	0.00042320564908786	0.800217539019716	0.00283478427999304	22.8252862830191	1
2.375	49.25	0.00039832327044917	0.80011823081087	0.00235599941071491	22.8251809118214	1
2.625	49.25	0.000366645715712104	0.800019004255644	0.00201443874227036	22.8251064690749	1
2.875	49.25	0.000332255944819517	0.799904148856954	0.00199381321178491	22.8250646258383	1
3.125	49.25	0.00030334182150502	0.799771064924619	0.00211399095493652	22.8250574985835	1
3.375	49.25	0.000293123995743175	0.799625904912136	0.00212649809056614	22.8250821786627	1
3.625	49.25	0.000320502295020431	0.799470902364462	0.00196976441765594	22.8251295326936	1
3.875	49.25	0.000410287748363331	0.799305547440768	0.00171886535048393	22.8251848752783	1
4.125	49.25	0.000592851290179543	0.799133266378762	0.0014373226644163	22.8252263338719	1
4.375	49.25	0.000902991790940607	0.798959785517989	0.00109767600638806	22.8252226269851	1
4.625	49.25	0.00137786428172859	0.798787221024726	0.000604435658245856	22.8251326784577	1
4.875	49.25	0.00205403078495337	0.79861129551632	-0.000150415069469131	22.824906729373	1
5.125	49.25	0.00296420932532138	0.7984220817712	-0.00125591452748425	22.8244875211681	1
5.375	49.25	0.00413504059230672	0.798205749078319	-0.00277459522068157	22.8238103850877	1
5.625	49.25	0.00558798439789322	0.797946100290763	-0.00474025098149	22.8228010224588	1
5.875	49.25	0.00734631003971258	0.797626242441952	-0.0071505255943362	22.8213690224336	1
6.125	49.25	0.00945237423525017	0.797231146632357	-0.0099532499355333	22.8193939869457	1
6.375	49.25	0.0120014376307914	0.796751451486855	-0.013029663831187	22.8166997550136	1
6.625	49.25	0.0152016438129075	0.796188207990309	-0.0161791563607704	22.8130107733068	1
6.875	49.25	0.0194749171257445	0.795557432129718	-0.0191112817394007	22.8078834506941	1
7.125	49.25	0.0256201134553699	0.794891963073032	-0.0214518949122216	22.8006053087211	1
7.375	49.25	0.0350641689933806	0.794235783651531	-0.0227703706785673	22.7900581129727	1
7.625	49.25	0.0502157950131757	0.79362291606463	-0.0226329577760391	22.7745521222055	1
7.875	49.25	0.074873667929096	0.793032428477809	-0.0206834358248924	22.7516633317837	1
8.125	49.25	0.114458303122647	0.792323887058262	-0.0167480099352311	22.7181494245846	1
8.375	49.25	0.175475506414192	0.791204984872559	-0.0109558382267723	22.6700763956774	1
8.625	49.25	0.263271544331494	0.78936302143952	-0.00384622915459823	22.6033139453799	1
8.875	49.25	0.377722834675524	0.786861241008723	0.00361963048274175	22.5144576186569	1
9.125	49.25	0.509244233849587	0.784499282023781	0.0102629330267287	22.4019305503376	1
9.375	49.25	0.640327493834235	0.783440320752645	0.0151048153137347	22.2666684935243	1
9.625	49.25	0.753896884491353	0.784213979486666	0.0177340203796144	22.1118615656889	1
9.875	49.25	0.841092741094412	0.78634888879535	0.0183435296677494	21.9418770892354	1
10.125	49.25	0.902025764922665	0.788973616282963	0.0174770672429131	21.7610626104936	1
10.375	49.25	0.941758991166318	0.791438898697573	0.0157375983342054	21.5730065195807	1
10.625	49.25	0.966392965316929	0.793461163824488	0.0136169798970251	21.3803328720496	1
10.875	49.25	0.981091953869013	0.795000601592613	0.0114484757483185	21.1848137329508	1
11.125	49.25	0.989593059740748	0.796123638283662	0.00942537124159776	20.9875837969133	1
11.375	49.25	0.994375994694236	0.79692320088242	0.00763991699410963	20.7893432368585	1
11.625	49.25	0.996998884995194	0.797485142713834	0.00612023181690219	20.5905124246409	1
11.875	49.25	0.998403255629051	0.797878345023095	0.00485808220879591	20.3913383445439	1
12.125	49.25	0.999139883680544	0.798154466843196	0.00382737224766408	20.1919635687864	1
12.375	49.25	0.999521224426043	0.79835078944757	0.00299539821255139	19.99246925861	1
12.625	49.25	0.99971898113674	0.798493545078801	0.00232913117445673	19.7929011942482	1
12.875	49.25	0.999824302092582	0.798600843416915	0.00179834664278534	19.5932851382707	1
13.125	49.25	0.999883771303437	0.798684987058285	0.00137688347279491	19.3936356921256	1
13.375	49.25	0.999920257357715	0.798754208489865	0.00104286869084009	19.1939612883807	1
13.625	49.25	0.999944572119452	0.798813931413116	0.000778423573271201	18.9942669479637	1
13.875	49.25	0.999961723080513	0.798867666230045	0.000569151771833909	18.7945557793563	1
14.125	49.25	0.999974097269641	0.798917635120793	0.00040357452294447	18.5948297888065	1
14.375	49.25	0.99998297799731	0.798965202653757	0.000272595918111945	18.3950903227329	1
14.625	49.25	0.999989204852615	0.799011169383702	0.000169033891308487	18.1953383174232	1
14.875	49.25	0.99999342534857	0.799055970426199	8.72268071091471e-05	17.9955744480153	1
15.125	49.25	0.999996172450442	0.799099808899585	2.27125963662544e-05	17.7957992233618	1
15.375	49.25	0.99999788098152	0.799142745089048	-2.8028215506092e-05	17.5960130497382	1
15.625	49.25	0.999998891098245	0.799184755653438	-6.77758914073314e-05	17.3962162747217	1
15.875	49.25	0.999999455056501	0.799225772601477	-9.87312567404255e-05	17.1964092171768	1
16.125	49.25	0.999999749575847	0.799265708603142	-0.000122640663457893	16.9965921869319	1
16.375	49.25	0.999999891382686	0.79930447305644	-0.000140893512241151	16.7967654967071	1
16.625	49.25	0.999999952931289	0.79934198189812	-0.000154598308894985	16.5969294683441	1
16.875	49.25	0.999999976203029	0.799378163189407	-0.000164642003909298	16.3970844350258	1
17.125	49.25	0.999999983610377	0.799412959870534	-0.000171736345183944	16.1972307408547	1
17.375	49.25	0.999999985894381	0.799446330646511	-0.000176454147976022	15.9973687388463	1
17.625	49.25	0.999999987409029	0.799478249674564	-0.000179257733503956	15.7974987881116	1
17.875	49.25	0.999999989385681	0.799508705518622	-0.000180521280069646	15.5976212507586	1
18.125	49.25	0.999999991778876	0.799537699693147	-0.000180548433176608	15.3977364888563	1
18.375	49.25	0.999999994197847	0.799565245020811	-0.000179586217760554	15.1978448616541	1
18.625	49.25	0.99999999630203	0.799591363946051	-0.000177836059393272	14.9979467231558	1
18.875	49.25	0.99999999791294	0.799616086901771	-0.00017546254123372	14.7980424200794	1
19.125	49.25	0.999999999001123	0.799639450786013	-0.000172600382703481	14.5981322901977	1
19.375	49.25	0.999999999632042	0.799661497579335	-0.000169360017755848	14.3982166610301	1
19.625	49.25	0.999999999913752	0.799682273117344	-0.000165832069480899	14.1982958488493	1
19.875	49.25	0.999999999958861	0.799701826018133	-0.000162090949773001	13.9983701579606	1
20.125	49.25	0.999999999863949	0.799720206758502	-0.000158197765718925	13.798439880218	1
20.375	49.25	0.999999999701411	0.79973746689059	-0.000154202674077049	13.5985052947372	1
20.625	49.25	0.999999999519934	0.799753658383776	-0.000150146794659754	13.3985666677753	1
20.875	49.25	0.999999999348436	0.799768833080721	-0.00014606377126793	13.1986242527479	1
21.125	49.25	0.999999999201589	0.799783042252116	-0.000141981048997112	12.9986782903582	1
21.375	49.25	0.999999999084604	0.799796336238877	-0.00013792092288505	12.7987290088166	1
21.625	49.25	0.999999998997223	0.799808764168342	-0.000133901401633398	12.5987766241325	1
21.875	49.25	0.999999998936407	0.799820373736235	-0.000129936921860216	12.3988213404618	1
22.125	49.25	0.999999998898282	0.799831211041908	-0.000126038939613588	12.1988633504966	1
22.375	49.25	0.999999998878814	0.799841320469682	-0.000122216422348867	11.9989028358855	1
22.625	49.25	0.999999998874386	0.79985074460918	-0.000118476259367826	11.798939967675	1
22.875	49.25	0.999999998881798	0.799859524207506	-0.000114823604373687	11.598974906764	1
23.125	49.25	0.999999998898519	0.799867698148166	-0.000111262162694668	11.3990078043642	1
23.375	49.25	0.999999998922441	0.79987530345114	-0.000107794432573912	11.1990388024611	1
23.625	49.25	0.999999998951865	0.79988237529013	-0.000104421907994785	10.9990680342712	1
23.875	49.25	0.999999998985355	0.799888947024537	-0.000101145249658328	10.7990956246927	1
24.125	49.25	0.999999999021802	0.799895050241659	-9.79644293727612e-05	10.5991216907451	1
24.375	49.25	0.999999999060292	0.799900714807715	-9.48788520946183e-05	10.3991463419967	1
24.625	49.25	0.999999999100064	0.799905968924232	-9.18874588479591e-05	10.1991696809786	1
24.875	49.25	0.999999999140389	0.799910839190088	-8.89888142180254e-05	9.99919180358392	1
25.125	49.25	0.999999999180851	0.799915350665941	-8.61811803695612e-05	9.79921279944981	1
25.375	49.25	0.999999999221025	0.799919526940277	-8.34625792770414e-05	9.59923275232468	1
25.625	49.25	0.999999999260611	0.799923390197001	-8.08308459479442e-05	9.39925174041794	1
25.875	49.25	0.999999999299293	0.799926961282271	-7.82836730169139e-05	9.19926983673322	1
26.125	49.25	0.999999999336852	0.799930259771085	-7.58186484847158e-05	8.99928710938548	1
26.375	49.25	0.99999999937311	0.79993330403336	-7.34332877120726e-05	8.79930362190134	1
26.625	49.25	0.999999999408062	0.799936111297155	-7.11250599172139e-05	8.5993194335039	1
26.875	49.25	0.99999999944169	0.799938697710983	-6.8891410642593e-05	8.39933459938199	1
27.125	49.25	0.999999999474157	0.799941078403973	-6.67297805145281e-05	8.19934917094461	1
27.375	49.25	0.999999999505726	0.799943267543645	-6.46376205434131e-05	7.99936319606073	1
27.625	49.25	0.999999999536742	0.799945278391079	-6.26124051145649e-05	7.79937671928563	1
27.875	49.25	0.999999999567197	0.799947123354147	-6.06516424347829e-05	7.59938978207377	1
28.125	49.25	0.99999999959652	0.799948814038385	-5.87528829247619e-05	7.39940242297936	1
28.375	49.25	0.999999999623057	0.799950361295205	-5.69137259229335e-05	7.19941467784463	1
28.625	49.25	0.999999999644018	0.799951775267247	-5.51318249956304e-05	6.99942657997713	1
28.875	49.25	0.999999999655893	0.799953065432235	-5.34048923675595e-05	6.79943816031597	1
29.125	49.25	0.999999999656455	0.799954240643996	-5.17307013254615e-05	6.59944944758761	1
29.375	49.25	0.999999999648456	0.799955309171717	-5.01070888507162e-05	6.39946046845139	1
29.625	49.25	0.999999999644254	0.799956278735432	-4.85319567705318e-05	6.19947124763502	1
29.875	49.25	0.999999999669452	0.799957156539808	-4.70032731693433e-05	5.99948180806103	1
30.125	49.25	0.999999999760392	0.799957949305617	-4.55190721002469e-05	5.7994921709648	1
30.375	49.25	0.999999999950422	0.799958663299748	-4.40774535580593e-05	5.59950235600699	1
30.625	49.25	1.00000000023873	0.799959304364328	-4.26765824636469e-05	5.39951238138269	1
30.875	49.25	1.00000000054523	0.79995987794672	-4.13146870490222e-05	5.19952226393193	1
31.125	49.25	1.00000000066689	0.799960389132814	-3.99900561818647e-05	4.99953201925137	1
31.375	49.25	1.00000000027467	0.799960842681692	-3.8701036247448e-05	4.79954166180425	1
31.625	49.25	0.999999999005934	0.799961243058263	-3.74460292366242e-05	4.59955120501397	1
31.875	49.25	0.999999996707344	0.799961594453392	-3.62234930416953e-05	4.39956066131905	1
32.125	49.25	0.999999993832011	0.799961900780172	-3.50319466952845e-05	4.19957004215918	1
32.375	49.25	0.999999991876842	0.799962165631584	-3.38699807055206e-05	3.99957935787681	1
32.625	49.25	0.999999993557219	0.799962392200685	-3.27362710488275e-05	3.79958861755881	1
32.875	49.25	1.00000000222825	0.799962583192992	-3.16295871173043e-05	3.59959782892316	1
33.125	49.25	1.00000002002207	0.799962740810407	-3.05487780992906e-05	3.3996069984534	1
33.375	49.25	1.00000004452294	0.799962866928514	-2.94927164153818e-05	3.1996161320504	1
33.625	49.25	1.00000006477511	0.799962963596171	-2.84601859373624e-05	2.99962523640253	1
33.875	49.25	1.00000005905048	0.799963033886566	-2.74497285642798e-05	2.79963432095049	1
34.125	49.25	0.999999998610721	0.799963082877218	-2.64595203418108e-05	2.59964339966112	1
34.375	49.25	0.999999862395459	0.799963118115428	-2.54874193176085e-05	2.39965249092431	1
34.625	49.25	0.999999665033599	0.799963148480794	-2.45313829019759e-05	2.19966161318277	1
34.875	49.25	0.999999492512573	0.79996318021704	-2.35904126452155e-05	1.9996707742569	1
35.125	49.25	0.99999952549937	0.799963209626287	-2.26659557148687e-05	1.79967995489007	1
35.375	49.25	1.00000001326329	0.799963214069479	-2.17632040532284e-05	1.59968909266893	1
35.625	49.25	1.00000115227802	0.799963146645802	-2.08910377452591e-05	1.39969808059807	1
35.875	49.25	1.00000284188643	0.799962944244664	-2.00587649481557e-05	1.19970680172185	1
36.125	49.25	1.00000435708012	0.799962560672196	-1.92679730718178e-05	0.99971521978802	1
36.375	49.25	1.00000410620315	0.799962031334074	-1.84996392170672e-05	0.799723525394872	1
36.625	49.25	0.999999803250931	0.799961557890801	-1.77009380727561e-05	0.599732288345323	1
36.875	49.25	0.999989488604976	0.799961561058939	-1.67826847221873e-05	0.399742492642087	1
37.125	49.25	0.999973707520862	0.799967066477719	-1.56443818105793e-05	0.199755262276217	1
37.375	49.25	0.999958587338749	0.399968185325849	-1.44365196388332e-05	-0.000231118020788925	1
0.125	49.75	0.000466765469735849	0.799900923045411	0.000311746964424143	22.826897707026	1
0.375	49.75	0.000467139407053988	0.800267260727603	0.000547357754928996	22.8267620726137	1
0.625	49.75	0.000467838799679985	0.800430656479498	0.000786880107845883	22.8265824462342	1
0.875	49.75	0.000468591054754787	0.800547433920627	0.00108037822277344	22.8263684360563	1
1.125	49.75	0.000468735860177321	0.800610090726302	0.00137567235524547	22.8261335277461	1
1.375	49.75	0.000467115042394906	0.800623372807996	0.0015393295595604	22.825891331881	1
1.625	49.75	0.00046208554556356	0.800596206611571	0.00137660917130667	22.8256535106967	1
1.875	49.75	0.000451735430270158	0.80052947498138	0.000724929740021505	22.8254301026049	1
2.125	49.75	0.000434366600857185	0.800408862278238	-0.000335954509740461	22.8252331440445	1
2.375	49.75	0.000409261588717762	0.800224333983746	-0.00128835477370701	22.8250798581122	1
2.625	49.75	0.00037768396960118	0.800008524689941	-0.0014072052761869	22.8249866964695	1
2.875	49.75	0.00034399902245536	0.799833366425802	-0.0005296995568381	22.8249535719625	1
3.125	49.75	0.00031677434818706	0.799749722352594	0.000693716359825075	22.824956862411	1
3.375	49.75	0.000309732298629258	0.799746569270498	0.00159059141117554	22.8249631717939	1
3.625	49.75	0.00034243928210391	0.799771758144501	0.00197053238997726	22.824946027098	1
3.875	49.75	0.000440598783867025	0.799778156392241	0.00196402974111592	22.8248887774052	1
4.125	49.75	0.000635775553893404	0.799747220347303	0.00175567242882817	22.8247764581965	1
4.375	49.75	0.000964352187121365	0.799679496269778	0.00143327725011192	22.8245870228112	1
4.625	49.75	0.00146557255092079	0.799572272244255	0.000979737466473218	22.8242887462972	1
4.875	49.75	0.00217878809162183	0.799405467769466	0.00032996492697646	22.8238430878802	1
5.125	49.75	0.00314059462775023	0.799139350950943	-0.000581709249869052	22.823209016306	1
5.375	49.75	0.00438334668730201	0.798717775782657	-0.00180117777690656	22.8223457272412	1
5.625	49.75	0.00593739739586713	0.798072377726377	-0.00334837403541403	22.8212117898191	1
5.875	49.75	0.00784039460946501	0.797127457361757	-0.00521228279676908	22.8197583923016	1
6.125	49.75	0.010158409774116	0.795807221282491	-0.00734264143954348	22.8179129631791	1
6.375	49.75	0.013026033814281	0.794046861940718	-0.00963948512131864	22.8155477315513	1
6.625	49.75	0.0167163308340697	0.791807817596452	-0.0119441282285291	22.812426194324	1
6.875	49.75	0.0217570491425601	0.789095742653508	-0.0140364171407388	22.8081195230811	1
7.125	49.75	0.0291159151457366	0.78597683866846	-0.0156436551133343	22.8018859478388	1
7.375	49.75	0.04047972767769	0.782583962364647	-0.0164657091101437	22.7925118057885	1
7.625	49.75	0.0586309590674938	0.779099407316215	-0.016217743343051	22.7781280169106	1
7.875	49.75	0.0878362083279214	0.775701637361958	-0.0146877124651625	22.7560466990457	1
8.125	49.75	0.133926436448371	0.772483085634554	-0.0118030935544135	22.722713078137	1
8.375	49.75	0.203344817986607	0.7694079995215	-0.00770052647688348	22.6739237504026	1
8.625	49.75	0.300226297282521	0.766459028690815	-0.00278126531575358	22.6054645905798	1
8.875	49.75	0.421735742608413	0.764016144611854	0.00229973618911482	22.5141605373659	1
9.125	49.75	0.555211194408448	0.763022600463131	0.00678295376164515	22.3989655339573	1
9.375	49.75	0.682157879183787	0.764344021640385	0.0100696469421798	22.2614307015061	1
9.625	49.75	0.787538259179397	0.767889586704206	0.0119264034151935	22.1051579178203	1
9.875	49.75	0.865644557122304	0.772687974100529	0.0124811576075617	21.9345925104629	1
10.125	49.75	0.918740957402288	0.777670545402102	0.0120642509064926	21.7539106918622	1
10.375	49.75	0.952614819366573	0.782167739790328	0.0110417369065318	21.5664424973033	1
10.625	49.75	0.973225249239201	0.785920996199158	0.00971948081612537	21.3745804038349	1
10.875	49.75	0.985301641673545	0.788917363605662	0.00831404209707772	21.1799330507571	1
11.125	49.75	0.992148578181451	0.791249621225365	0.00695996950413033	20.9835376156441	1
11.375	49.75	0.995910573477324	0.793039196294555	0.00572966499195409	20.7860454199532	1
11.625	49.75	0.997912892518549	0.794402231231616	0.00465363210033146	20.5878590190584	1
11.875	49.75	0.998944343474859	0.795437690169704	0.00373667214496297	20.3892252715818	1
12.125	49.75	0.99945887084902	0.796225217865323	0.00296935232156849	20.1902955222458	1
12.375	49.75	0.999708860892886	0.796826833408618	0.00233548347042007	19.9911633053985	1
12.625	49.75	0.999829338752001	0.797289828610655	0.00181666007466946	19.7918874249153	1
12.875	49.75	0.999889338055132	0.797649760135538	0.00139480686442994	19.5925058260187	1
13.125	49.75	0.999922251627339	0.797933104902628	0.00105345370370123	19.3930438141532	1
13.375	49.75	0.999943152753191	0.798159451637307	0.000778244547913053	19.1935188801279	1
13.625	49.75	0.999958282790093	0.798343233942979	0.000557014448671415	18.99394352956	1
13.875	49.75	0.999969985604376	0.798495063034762	0.00037964440989054	18.7943269600917	1
14.125	49.75	0.999979101556137	0.798622733189542	0.00023781952104053	18.5946760822171	1
14.375	49.75	0.99998601642348	0.798731970404249	0.000124761136098401	18.3949961674875	1
14.625	49.75	0.999991047413936	0.798826985064516	3.49699650221427e-05	18.1952912823089	1
14.875	49.75	0.999994535924182	0.798910877828691	-3.60031589474462e-05	17.9955645936605	1
15.125	49.75	0.999996833652565	0.798985936952257	-9.17533772426573e-05	17.7958185934132	1
15.375	49.75	0.999998266666279	0.799053855940639	-0.000135185219212771	17.5960552669122	1
15.625	49.75	0.999999108935213	0.79911589294711	-0.000168646525278842	17.3962762207666	1
15.875	49.75	0.999999571894248	0.799172987614301	-0.000194037048296633	17.196482779456	1
16.125	49.75	0.999999806820126	0.799225846790439	-0.000212895953691293	16.9966760576556	1
16.375	49.75	0.999999914482725	0.799275007422963	-0.000226472062339617	16.796857013677	1
16.625	49.75	0.999999957318962	0.799320882678917	-0.000235780142946191	16.5970264884025	1
16.875	49.75	0.999999971049662	0.799363795707748	-0.000241646005926612	16.3971852332813	1
17.125	49.75	0.999999974213576	0.799404004290098	-0.000244742644534813	16.1973339302451	1
17.375	49.75	0.999999975191899	0.799441718765162	-0.000245619230792535	15.9974732057728	1
17.625	49.75	0.9999999769317	0.799477115007093	-0.000244724412346125	15.797603640799	1
17.875	49.75	0.999999979849367	0.799510343764914	-0.000242425063187542	15.5977257777149	1
18.125	49.75	0.999999983445585	0.799541537341972	-0.000239021401918552	15.3978401253652	1
18.375	49.75	0.999999987090823	0.799570814341117	-0.000234759206527569	15.1979471626738	1
18.625	49.75	0.999999990330077	0.799598283007065	-0.000229839703685028	14.9980473413398	1
18.875	49.75	0.9999999929394	0.799624043562199	-0.000224427591843282	14.7981410879039	1
19.125	49.75	0.999999994880281	0.799648189825383	-0.000218657565504276	14.5982288053904	1
19.375	49.75	0.999999996226812	0.799670810322513	-0.000212639631419809	14.3983108746597	1
19.625	49.75	0.999999997102818	0.799691989043599	-0.000206463451414403	14.1983876555674	1
19.875	49.75	0.99999999763852	0.79971180595517	-0.000200201897428158	13.9984594879888	1
20.125	49.75	0.999999997947344	0.799730337344688	-0.000193913968218234	13.7985266927528	1
20.375	49.75	0.999999998116596	0.799747656055894	-0.000187647188249385	13.5985895725133	1
20.625	49.75	0.99999999820768	0.799763831651563	-0.000181439584446341	13.3986484125748	1
20.875	49.75	0.999999998260176	0.799778930532226	-0.00017532131879028	13.1987034816861	1
21.125	49.75	0.999999998297553	0.799793016028274	-0.000169316039325287	12.998755032808	1
21.375	49.75	0.999999998332262	0.799806148479097	-0.000163442000547074	12.7988033038596	1
21.625	49.75	0.99999999837004	0.799818385305155	-0.000157712993599879	12.5988485184449	1
21.875	49.75	0.999999998412714	0.799829781080953	-0.000152139120571502	12.3988908865621	1
22.125	49.75	0.999999998460372	0.799840387609532	-0.000146727439593454	12.1989306052918	1
22.375	49.75	0.999999998512197	0.799850254000036	-0.000141482502773329	11.9989678594678	1
22.625	49.75	0.999999998567135	0.799859426749982	-0.000136406805892507	11.7990028223262	1
22.875	49.75	0.999999998624063	0.799867949832134	-0.000131501164003828	11.5990356561334	1
23.125	49.75	0.999999998682159	0.799875864784247	-0.000126765025676764	11.3990665127923	1
23.375	49.75	0.999999998740709	0.799883210801735	-0.000122196735987482	11.1990955344246	1
23.625	49.75	0.999999998799143	0.799890024832313	-0.000117793756614078	10.999122853931	1
23.875	49.75	0.999999998857009	0.799896341672289	-0.00011355284993682	10.7991485955267	1
24.125	49.75	0.999999998914013	0.799902194062827	-0.000109470232854474	10.5991728752532	1
24.375	49.75	0.999999998969866	0.799907612786576	-0.000105541705526176	10.3991958014664	1
24.625	49.75	0.999999999024362	0.799912626762269	-0.000101762758370622	10.1992174753012	1
24.875	49.75	0.999999999077185	0.799917263138318	-9.81286613425188e-05	9.99923799111279	1
25.125	49.75	0.999999999128208	0.799921547385136	-9.463453829462e-05	9.79925743689497	1
25.375	49.75	0.999999999177287	0.799925503383939	-9.12754278572596e-05	9.59927589467654	1
25.625	49.75	0.999999999224368	0.799929153513428	-8.80463341101138e-05	9.39929344089619	1
25.875	49.75	0.999999999269389	0.79993251873348	-8.49422679894448e-05	9.19931014675626	1
26.125	49.75	0.999999999312357	0.79993561866538	-8.19582807588153e-05	8.99932607855695	1
26.375	49.75	0.999999999353239	0.799938471669813	-7.90894914188133e-05	8.79934129801091	1
26.625	49.75	0.999999999392139	0.799941094920451	-7.63311083020979e-05	8.59935586253949	1
26.875	49.75	0.999999999429144	0.799943504474332	-7.36784459742883e-05	8.39936982555146	1
27.125	49.75	0.999999999464486	0.799945715339462	-7.11269385393323e-05	8.19938323670502	1
27.375	49.75	0.999999999498468	0.799947741538627	-6.86721495138114e-05	7.99939614215367	1
27.625	49.75	0.999999999531492	0.799949596169611	-6.63097790031445e-05	7.79940858477722	1
27.875	49.75	0.999999999563598	0.799951291463049	-6.40356686320724e-05	7.59942060439837	1
28.125	49.75	0.999999999594263	0.799952838836842	-6.18458042703047e-05	7.39943223798586	1
28.375	49.75	0.999999999621959	0.799954248947593	-5.97363177744198e-05	7.1994435198447	1
28.625	49.75	0.99999999964399	0.799955531738255	-5.77034865783126e-05	6.99945448179461	1
28.875	49.75	0.999999999657017	0.79995669648454	-5.57437331797584e-05	6.79946515333708	1
29.125	49.75	0.999999999658854	0.799957751837868	-5.38536226828287e-05	6.5994755618112	1
29.375	49.75	0.999999999652217	0.799958705865616	-5.20298607106704e-05	6.39948573253912	1
29.625	49.75	0.999999999648989	0.799959566088005	-5.02692900798927e-05	6.19949568896107	1
29.875	49.75	0.999999999673893	0.799960339513061	-4.8568887618566e-05	5.99950545276131	1
30.125	49.75	0.999999999762111	0.799961032669296	-4.69257601092351e-05	5.79951504398503	1
30.375	49.75	0.999999999946193	0.799961651635788	-4.53371400860303e-05	5.59952448114976	1
30.625	49.75	1.00000000022593	0.799962202071841	-4.38003813235317e-05	5.39953378135307	1
30.875	49.75	1.00000000052469	0.799962689247456	-4.2312953423893e-05	5.19954296038144	1
31.125	49.75	1.00000000064701	0.799963118076916	-4.08724360148761e-05	4.99955203281974	1
31.375	49.75	1.0000000002752	0.799963493152964	-3.94765124398941e-05	4.79956101215895	1
31.625	49.75	0.999999999057468	0.79996381877908	-3.81229649398307e-05	4.59956991088806	1
31.875	49.75	0.999999996841253	0.79996409899007	-3.68096720450223e-05	4.39957874054852	1
32.125	49.75	0.999999994055706	0.799964337549466	-3.55346109967998e-05	4.19958751172215	1
32.375	49.75	0.999999992134539	0.799964537909457	-3.42958654612805e-05	3.99959623393729	1
32.625	49.75	0.999999993688673	0.7999647031345	-3.30916368609004e-05	3.79960491551651	1
32.875	49.75	1.00000000195699	0.79996483581732	-3.19202498479186e-05	3.59961356346662	1
33.125	49.75	1.00000001902418	0.799964938063531	-3.07801366599552e-05	3.39962218360562	1
33.375	49.75	1.00000004263029	0.799965011661177	-2.96697792341407e-05	3.19963078118602	1
33.625	49.75	1.00000006232899	0.799965058559579	-2.8587596986603e-05	2.99963936220944	1
33.875	49.75	1.00000005731656	0.799965081686436	-2.75317937233683e-05	2.79964793531585	1
34.125	49.75	0.999999999990419	0.799965085890008	-2.65002337837352e-05	2.59965651349671	1
34.375	49.75	0.999999869972235	0.799965078390392	-2.54904885393786e-05	2.39966511401641	1
34.625	49.75	0.999999680914607	0.799965067695688	-2.45002486639854e-05	2.19967375424917	1
34.875	49.75	0.999999514699239	0.79996505980609	-2.35282590818153e-05	1.99968244147074	1
35.125	49.75	0.99999954390477	0.799965051217237	-2.25757066928577e-05	1.79969115709489	1
35.375	49.75	1.00000000708886	0.799965020293556	-2.16475072112793e-05	1.59969984123234	1
35.625	49.75	1.00000109289586	0.799964922153229	-2.07522470386493e-05	1.39970839123172	1
35.875	49.75	1.0000027064605	0.799964696345589	-1.98989426072281e-05	1.19971669468267	1
36.125	49.75	1.00000415627132	0.799964298528443	-1.90889348508508e-05	0.999724716041416	1
36.375	49.75	1.00000392187697	0.79996376236072	-1.83030520258296e-05	0.799732636394656	1
36.625	49.75	0.999999817741184	0.799963280542432	-1.74884410445101e-05	0.599740999281268	1
36.875	49.75	0.99998996839745	0.799963255323655	-1.6555955227692e-05	0.399750744423416	1
37.125	49.75	0.999974891249629	0.799968494479754	-1.54050204280077e-05	0.199762945930854	1
37.375	49.75	0.999960440043341	0.399969510555707	-1.41871586676088e-05	-0.000224036705625923	1
0.125	50.25	0.000474102498080515	0.799883400610413	0.000265544566879004	22.8270418175829	1
0.375	50.25	0.000474474170193547	0.800230214672093	0.00043032667996878	22.8269117314048	1
0.625	50.25	0.000475163078791801	0.800379550539096	0.00084623970360269	22.8267413509288	1
0.875	50.25	0.000475884542166098	0.800489852906227	0.00144639657882939	22.8265390908268	1
1.125	50.25	0.000475960254944455	0.800558449802519	0.00217932016795495	22.8263154336495	1
1.375	50.25	0.000474210009817451	0.800591446387015	0.00295452336731586	22.8260802079597	1
1.625	50.25	0.000468969040413025	0.80059680164778	0.00363869710534065	22.8258412828774	1
1.875	50.25	0.000458311113440521	0.800572398526779	0.00409095554943685	22.8256055377816	1
2.125	50.25	0.000440540225855223	0.800496557585597	0.00422223293829458	22.8253834441105	1
2.375	50.25	0.000414966114978573	0.800345509728842	0.00403628901931162	22.8251941527597	1
2.625	50.25	0.000382910413353419	0.800144402547306	0.00362257617233538	22.8250602034008	1
2.875	50.25	0.000348828241304169	0.799984167927138	0.00311270099596933	22.8249858863264	1
3.125	50.25	0.000321405411268101	0.799943479096743	0.00262631102113349	22.8249430195258	1
3.375	50.25	0.000314504731415952	0.800010786782629	0.00223818203644287	22.8248890724304	1
3.625	50.25	0.000347845923046537	0.800111270788694	0.00197654295665156	22.8247929863115	1
3.875	50.25	0.000447281845453868	0.800180464414806	0.00181703109314231	22.8246399168908	1
4.125	50.25	0.000644492316948145	0.800195473551818	0.00169207247138817	22.824419539592	1
4.375	50.25	0.000975891815973129	0.800156498432855	0.00152753269291038	22.8241146590964	1
4.625	50.25	0.00148061015782564	0.8000565108703	0.00126928857094259	22.8236989007397	1
4.875	50.25	0.00219769014516439	0.799866057014411	0.000886128553541228	22.8231409760897	1
5.125	50.25	0.00316324753157225	0.799532869076944	0.000363473227529729	22.8224100364011	1
5.375	50.25	0.004409161994598	0.798986650528058	-0.000300152722100249	22.8214788115056	1
5.625	50.25	0.00596575800014455	0.798144221142905	-0.00109288221980184	22.8203226792807	1
5.875	50.25	0.00787197717477524	0.796915536389758	-0.00198809057334336	22.8189122323657	1
6.125	50.25	0.0101980896438275	0.795212775305246	-0.00294327513081795	22.8171952920963	1
6.375	50.25	0.0130884932021457	0.792964138897941	-0.00389987685855028	22.8150625104343	1
6.625	50.25	0.0168361070841103	0.790132586134765	-0.00478488034716823	22.8122891290058	1
6.875	50.25	0.0220056188557326	0.786737519782493	-0.00551527152646127	22.8084447258349	1
7.125	50.25	0.0296293467646358	0.782873917795324	-0.00600610214090829	22.8027642806727	1
7.375	50.25	0.0415004628089503	0.778718482084598	-0.00618180964646903	22.7939805181994	1
7.625	50.25	0.0605631056147128	0.774507659963314	-0.00598879897819505	22.7801342322462	1
7.875	50.25	0.0912973753786957	0.770474128997303	-0.00540608083020651	22.7584127136133	1
8.125	50.25	0.139738528470969	0.766752728531697	-0.0044515462037934	22.7251194898424	1
8.375	50.25	0.212344985035135	0.763336705065475	-0.00318464129533695	22.6759342273786	1
8.625	50.25	0.312781695900863	0.760244678640876	-0.00170806015498507	22.6066133252594	1
8.875	50.25	0.437113848827146	0.757915851196172	-0.000165188015799911	22.5140937353694	1
9.125	50.25	0.571454032342139	0.75731915670042	0.00127938116242672	22.3975738481529	1
9.375	50.25	0.696955309371355	0.759222890039669	0.00248023578239066	22.2588843538189	1
9.625	50.25	0.799389167508757	0.763367771774552	0.00334959045338937	22.1018180324759	1
9.875	50.25	0.874225555628993	0.768684701280316	0.00386812840516721	21.9308680219968	1
10.125	50.25	0.924509011451048	0.774105244886023	0.00406977824229527	21.7501490430077	1
10.375	50.25	0.956285927552486	0.778993852678529	0.00401777387727817	21.5628856460483	1
10.625	50.25	0.975465235994027	0.783115236268137	0.0037840908737601	21.3713683803615	1
10.875	50.25	0.986620323571207	0.786462704787702	0.00343586781878637	21.1771275470314	1
11.125	50.25	0.992898776472902	0.789125989222422	0.00302840540988211	20.9811479943028	1
11.375	50.25	0.996321966979273	0.791221179906417	0.00260305293823474	20.7840499523216	1
11.625	50.25	0.998128810548688	0.792860278615286	0.00218808713167066	20.5862199528375	1
11.875	50.25	0.999051267053799	0.794140316718258	0.00180101035620066	20.3878985942601	1
12.125	50.25	0.999507389576666	0.795141050560328	0.00145121082869588	20.1892368128306	1
12.375	50.25	0.999727633299904	0.795926100394652	0.00114240350107265	19.9903309358267	1
12.625	50.25	0.999834015204677	0.796545269002368	0.000874609989752472	19.791244071795	1
12.875	50.25	0.999888085196935	0.79703706368361	0.000645637264280765	19.5920189640731	1
13.125	50.25	0.999919075783811	0.797431017685921	0.000452113183828511	19.392685635243	1
13.375	50.25	0.999939841517054	0.79774966771746	0.000290171379503005	19.1932659184394	1
13.625	50.25	0.999955503070106	0.798010164623947	0.000155878410339519	18.9937761626104	1
13.875	50.25	0.999967881154557	0.798225547876803	4.54818467984529e-05	18.7942288828701	1
14.125	50.25	0.999977602622661	0.798405734613193	-4.44602540520015e-05	18.5946338063187	1
14.375	50.25	0.999984989705032	0.798558277246655	-0.000117024916235593	18.3949985695972	1
14.625	50.25	0.999990361323762	0.798688939036492	-0.00017491497262759	18.1953292104874	1
14.875	50.25	0.999994083528637	0.798802129324372	-0.000220475277511879	17.9956305312235	1
15.125	50.25	0.999996536254568	0.798901231992525	-0.000255721919100966	17.7959063759082	1
15.375	50.25	0.99999806983328	0.79898885329657	-0.000282376806640727	17.5961598459427	1
15.625	50.25	0.999998976590262	0.799067009034788	-0.000301903172367433	17.3963934680536	1
15.875	50.25	0.999999480832795	0.799137266104783	-0.000315539528249271	17.196609324874	1
16.125	50.25	0.999999742409993	0.799200849716225	-0.00032433084816647	16.9968091556426	1
16.375	50.25	0.999999867590153	0.799258724682242	-0.000329156476003847	16.796994433175	1
16.625	50.25	0.999999922242333	0.799311657099946	-0.000330754678697131	16.5971664222266	1
16.875	50.25	0.999999944191673	0.799360261157789	-0.000329743992777995	16.397326223488	1
17.125	50.25	0.999999953256389	0.799405034649659	-0.00032664162459421	16.1974748066552	1
17.375	50.25	0.999999958597602	0.799446385908323	-0.000321879210987348	15.9976130353038	1
17.625	50.25	0.999999963644577	0.799484654217994	-0.000315816254866889	15.7977416856769	1
17.875	50.25	0.999999969119343	0.799520125280275	-0.00030875153773785	15.5978614609844	1
18.125	50.25	0.999999974723104	0.799553042930615	-0.000300932785086829	15.3979730023986	1
18.375	50.25	0.999999979962838	0.799583618018284	-0.000292564835445554	15.198076897616	1
18.625	50.25	0.99999998447985	0.799612035143482	-0.000283816533582523	14.9981736876185	1
18.875	50.25	0.999999988120377	0.799638457778202	-0.000274826538181136	14.79826387209	1
19.125	50.25	0.999999990898337	0.799663032170212	-0.000265708212509257	14.5983479138232	1
19.375	50.25	0.999999992927777	0.799685890330619	-0.000256553738810822	14.3984262423569	1
19.625	50.25	0.999999994363317	0.799707152332511	-0.000247437578578852	14.198499257025	1
19.875	50.25	0.999999995359179	0.799726928091919	-0.000238419382422082	13.9985673295458	1
20.125	50.25	0.999999996047653	0.799745318756632	-0.000229546436121517	13.7986308062551	1
20.375	50.25	0.999999996530977	0.799762417802518	-0.000220855716962856	13.5986900100551	1
20.625	50.25	0.999999996882447	0.79977831190747	-0.000212375622507856	13.3987452421374	1
20.875	50.25	0.99999999715125	0.799793081658383	-0.000204127424020111	13.1987967835224	1
21.125	50.25	0.999999997368661	0.799806802129823	-0.000196126487938062	12.9988448964495	1
21.375	50.25	0.999999997553443	0.79981954336737	-0.000188383303261599	12.7988898256422	1
21.625	50.25	0.99999999771654	0.799831370795697	-0.000180904344728781	12.5989317994689	1
21.875	50.25	0.999999997864073	0.799842345570426	-0.000173692797986231	12.3989710310129	1
22.125	50.25	0.999999997999625	0.79985252488584	-0.000166749169053496	12.1990077190652	1
22.375	50.25	0.999999998125235	0.799861962246929	-0.000160071795639595	11.9990420490471	1
22.625	50.25	0.999999998242193	0.799870707714096	-0.000153657276107647	11.7990741938723	1
22.875	50.25	0.999999998351315	0.799878808126194	-0.000147500828859827	11.5991043147514	1
23.125	50.25	0.999999998453367	0.799886307304424	-0.000141596593084943	11.3991325619467	1
23.375	50.25	0.99999999854898	0.799893246240696	-0.000135937879928503	11.1991590754786	1
23.625	50.25	0.999999998638687	0.799899663272622	-0.000130517381844904	10.9991839857886	1
23.875	50.25	0.999999998722959	0.799905594247838	-0.000125327346807282	10.7992074143614	1
24.125	50.25	0.999999998802304	0.799911072677059	-0.000120359722260797	10.5992294743082	1
24.375	50.25	0.999999998877065	0.799916129878579	-0.000115606274316845	10.3992502709146	1
24.625	50.25	0.999999998947572	0.799920795113614	-0.000111058685649406	10.1992699021543	1
24.875	50.25	0.999999999013931	0.799925095713604	-0.000106708635150056	9.99928845917062	1
25.125	50.25	0.99999999907634	0.799929057201399	-0.000102547862962869	9.7993060267287	1
25.375	50.25	0.999999999134988	0.799932703404621	-9.85682223260621e-05	9.59932268363864	1
25.625	50.25	0.99999999919012	0.799936056562195	-9.47617208220481e-05	9.39933850315241	1
25.875	50.25	0.999999999241925	0.799939137425534	-9.11205529162725e-05	9.19935355333526	1
26.125	50.25	0.999999999290635	0.799941965353232	-8.76371245231375e-05	8.99936789741379	1
26.375	50.25	0.999999999336385	0.799944558400858	-8.43040714500857e-05	8.79938159410141	1
26.625	50.25	0.999999999379392	0.799946933405188	-8.1114272786708e-05	8.5993946979029	1
26.875	50.25	0.999999999419841	0.799949106063051	-7.80608594510622e-05	8.39940725939912	1
27.125	50.25	0.99999999945808	0.799951091005563	-7.51372193627502e-05	8.19941932551332	1
27.375	50.25	0.999999999494463	0.799952901868156	-7.23369998994604e-05	7.99943093975986	1
27.625	50.25	0.999999999529419	0.799954551355659	-6.96541073527034e-05	7.79944214247675	1
27.875	50.25	0.999999999563095	0.799956051304304	-6.70827049354343e-05	7.59945297104276	1
28.125	50.25	0.999999999595025	0.799957412739096	-6.46172084953946e-05	7.39946346008012	1
28.375	50.25	0.9999999996238	0.799958645928145	-6.22522820123297e-05	7.199473641644	1
28.625	50.25	0.999999999646777	0.799959760432668	-5.99828308802245e-05	6.99948354539912	1
28.875	50.25	0.9999999996608	0.799960765154811	-5.78039953381121e-05	6.79949319878498	1
29.125	50.25	0.99999999966375	0.799961668382078	-5.57111426821564e-05	6.5995026271692	1
29.375	50.25	0.999999999658261	0.799962477828365	-5.36998597752244e-05	6.39951185399058	1
29.625	50.25	0.999999999655759	0.799963200671992	-5.17659448240927e-05	6.19952090089125	1
29.875	50.25	0.999999999680153	0.799963843591007	-4.99053991206338e-05	5.99952978783979	1
30.125	50.25	0.999999999765565	0.799964412796418	-4.81144188354742e-05	5.7995385332451	1
30.375	50.25	0.999999999943732	0.799964914062269	-4.63893865670913e-05	5.59954715406471	1
30.625	50.25	1.00000000021499	0.799965352755545	-4.47268628650431e-05	5.39955566590933	1
30.875	50.25	1.00000000050609	0.799965733866466	-4.31235769327599e-05	5.19956408314799	1
31.125	50.25	1.00000000062908	0.799966062041753	-4.15764174301728e-05	4.99957241901397	1
31.375	50.25	1.00000000027731	0.799966341618127	-4.00824230098203e-05	4.79958068570861	1
31.625	50.25	0.999999999109603	0.799966576654052	-3.86387743920679e-05	4.59958889449011	1
31.875	50.25	0.999999996974005	0.799966770950378	-3.72427887170857e-05	4.39959705572598	1
32.125	50.25	0.999999994276055	0.799966928048283	-3.589191908095e-05	4.19960517888151	1
32.375	50.25	0.999999992387275	0.799967051191146	-3.45837595476711e-05	3.99961327242907	1
32.625	50.25	0.999999993815852	0.799967143251439	-3.33160538046531e-05	3.7996213437007	1
32.875	50.25	1.00000000168658	0.799967206650152	-3.20866980335555e-05	3.59962939878011	1
33.125	50.25	1.00000001803823	0.799967243341492	-3.08937232225439e-05	3.39963744262118	1
33.375	50.25	1.00000004076567	0.799967254974589	-2.97352361642842e-05	3.19964547964225	1
33.625	50.25	1.00000005992644	0.799967243351626	-2.8609307067559e-05	2.99965351498511	1
33.875	50.25	1.00000005562975	0.799967211211418	-2.75138172683879e-05	2.79966155632892	1
34.125	50.25	1.0000000013933	0.799967163134101	-2.64463357406948e-05	2.59966961554282	1
34.375	50.25	0.999999877507817	0.799967105977998	-2.54041640341556e-05	2.39967770863118	1
34.625	50.25	0.999999696650742	0.799967047848525	-2.43847421684248e-05	2.19968585177451	1
34.875	50.25	0.999999536626723	0.799966994472303	-2.33865707489213e-05	1.99969405158216	1
35.125	50.25	0.999999561989172	0.799966942506301	-2.24105805697852e-05	1.79970229001158	1
35.375	50.25	1.00000000067038	0.799966871280678	-2.14614030894735e-05	1.59971050955854	1
35.625	50.25	1.00000103355638	0.799966737888887	-2.05473110815724e-05	1.39971861176392	1
35.875	50.25	1.00000257156872	0.799966484496597	-1.9677008057736e-05	1.19972648861174	1
36.125	50.25	1.00000395655869	0.799966068584557	-1.885159298002e-05	0.999734105148165	1
36.375	50.25	1.00000373902532	0.799965522071225	-1.80518190335641e-05	0.799741632903783	1
36.625	50.25	0.999999833652367	0.799965028750907	-1.7224994606022e-05	0.599749589210997	1
36.875	50.25	0.999990449117261	0.799964972522899	-1.62823280795387e-05	0.399758869647469	1
37.125	50.25	0.999976075394712	0.799969942332233	-1.51235322913641e-05	0.199770498536088	1
37.375	50.25	0.99996229329927	0.399970859647429	-1.39005587971001e-05	-0.000217089569741951	1
0.125	50.75	0.000475083193773192	0.799879570210332	-0.000280197234879523	22.8272121098092	1
0.375	50.75	0.000475461365115747	0.800216225883796	-0.000130031637236466	22.8270832001164	1
0.625	50.75	0.000476162198187618	0.800359951089642	0.000241658277119104	22.8269168586402	1
0.875	50.75	0.000476896326951708	0.800481600967208	0.000693207250152125	22.8267176164412	1
1.125	50.75	0.000476974679278215	0.800578159749223	0.0011235984339048	22.8264915197748	1
1.375	50.75	0.000475197805657795	0.800648884018518	0.00137253210190099	22.8262449680699	1
1.625	50.75	0.000469871419802424	0.80068780505928	0.00125810373802309	22.8259852427665	1
1.875	50.75	0.000459028886949302	0.800677391682388	0.000699728571604124	22.8257229730367	1
2.125	50.75	0.000440923819688296	0.800594515119143	-0.000116723372698673	22.8254752550584	1
2.375	50.75	0.000414807310763216	0.800439158832344	-0.000727528426368672	22.8252646042126	1
2.625	50.75	0.000381934335665451	0.800263759185944	-0.000738850559626947	22.8251077806406	1
2.875	50.75	0.00034668002304056	0.800150675173423	-0.000217269493747541	22.8249994770781	1
3.125	50.75	0.000317620173074944	0.800144911075012	0.000483924215716405	22.82491090486	1
3.375	50.75	0.000308442620450589	0.80022261873886	0.0011229000356726	22.8248074364156	1
3.625	50.75	0.000338567989771841	0.800322320913993	0.00159532527442892	22.8246639798366	1
3.875	50.75	0.000433338769762454	0.800389287681741	0.00185049237236688	22.8244669108193	1
4.125	50.75	0.00062359565302027	0.800395388698878	0.0019044028526778	22.824206829805	1
4.375	50.75	0.000944435644301807	0.800331193679433	0.00182883631663411	22.8238703381786	1
4.625	50.75	0.00143300627394546	0.800186421389841	0.0016959012147288	22.8234370026217	1
4.875	50.75	0.00212546475731843	0.799936809984952	0.00154840700806233	22.8228815005125	1
5.125	50.75	0.0030538223070945	0.799541986717782	0.00140899137687786	22.8221773591735	1
5.375	50.75	0.00424421898262359	0.798949416605964	0.00129811106352433	22.8212990894797	1
5.625	50.75	0.00571906373061021	0.798100110637253	0.00124221467923977	22.8202204500878	1
5.875	50.75	0.00750648735588793	0.796935341465489	0.00127153433443155	22.8189062722923	1
6.125	50.75	0.00966204508222	0.795405338259511	0.00141229121955203	22.8172940158468	1
6.375	50.75	0.0123100454573741	0.793480729406354	0.00167664357249369	22.815259651174	1
6.625	50.75	0.0157158056198756	0.7911663234089	0.00205218240333419	22.8125609955301	1
6.875	50.75	0.0204059503626527	0.788514897438184	0.00249291097024615	22.8087508302484	1
7.125	50.75	0.0273607608686521	0.785635751430247	0.0029147042007396	22.8030532760256	1
7.375	50.75	0.0383048492614626	0.782688880314691	0.00319912176422141	22.7942027118291	1
7.625	50.75	0.0561006816658248	0.779852121777538	0.00320922081127601	22.7802598492643	1
7.875	50.75	0.0851553307238578	0.777251147553597	0.00281928544308087	22.7584511611293	1
8.125	50.75	0.131502175548881	0.77486600486139	0.00195738969100568	22.7251297280383	1
8.375	50.75	0.201789862247594	0.772496650263027	0.000654579372000608	22.6760132167095	1
8.625	50.75	0.300193738279827	0.769954592332495	-0.000917604121330367	22.6068553713138	1
8.875	50.75	0.423538378454445	0.767520865855568	-0.00245932951782293	22.5145343191955	1
9.125	50.75	0.558474437799235	0.76615973039996	-0.00363952706969632	22.3981560967417	1
9.375	50.75	0.685953796875515	0.766833494086496	-0.00424294180516871	22.2594808605294	1
9.625	50.75	0.790954341397606	0.769562297275398	-0.00425586079245326	22.1022942705684	1
9.875	50.75	0.86819782531773	0.773494296103079	-0.00382771399734972	21.9311379660178	1
10.125	50.75	0.920376637544179	0.777679272406976	-0.00316538776382497	21.7501917882651	1
10.375	50.75	0.953507568403297	0.781531713145608	-0.00244745526195689	21.5627303426063	1
10.625	50.75	0.973606901672338	0.784826547544396	-0.0017899996829845	21.3710693227121	1
10.875	50.75	0.985374232430413	0.787543370673504	-0.00124954803672528	21.1767437969289	1
11.125	50.75	0.992058672512949	0.789745101508478	-0.00084049527898406	20.980731501067	1
11.375	50.75	0.995752566788788	0.791516181094535	-0.00055308962046727	20.7836407333081	1
11.625	50.75	0.997741523230282	0.792937687955918	-0.000366784315765464	20.585845626525	1
11.875	50.75	0.998787558039386	0.794079479617186	-0.000258469763494268	20.3875760336432	1
12.125	50.75	0.999328074123496	0.794999030565926	-0.000206782013913885	20.188974509118	1
12.375	50.75	0.99960613936967	0.795742570394204	-0.000193890247016969	19.9901313281673	1
12.625	50.75	0.999752140346695	0.796346831768262	-0.00020586319697405	19.7911055238615	1
12.875	50.75	0.999833282952683	0.796840798861389	-0.000232340372982565	19.5919373027702	1
13.125	50.75	0.99988267997366	0.797247254504539	-0.000265935126106544	19.392655278859	1
13.375	50.75	0.999915875279261	0.797584076480726	-0.00030159564625115	19.1932806642677	1
13.625	50.75	0.999939862665148	0.797865290933746	-0.000336028379277168	18.9938297115531	1
13.875	50.75	0.99995776775598	0.798101911994629	-0.000367220951119621	18.7943151705113	1
14.125	50.75	0.999971123196416	0.798302602636812	-0.000394067743384507	18.5947471968231	1
14.375	50.75	0.999980875902225	0.798474190816687	-0.000416086427627284	18.3951339555006	1
14.625	50.75	0.999987771957719	0.798622070983933	-0.000433209050093461	18.1954820499996	1
14.875	50.75	0.999992466627352	0.798750516061066	-0.000445631406641383	17.9957968455872	1
15.125	50.75	0.999995533555505	0.798862920051414	-0.000453706588561861	17.7960827225	1
15.375	50.75	0.999997451348706	0.798961987064948	-0.000457871262062105	17.5963432777953	1
15.625	50.75	0.999998596288964	0.799049878939447	-0.000458595791309643	17.3965814869074	1
15.875	50.75	0.999999246987213	0.79912833077577	-0.000456351479312893	17.1967998323608	1
16.125	50.75	0.999999598002821	0.799198741507702	-0.000451589934584465	16.9970004054802	1
16.375	50.75	0.99999977753116	0.799262244968528	-0.000444730904907258	16.797184986075	1
16.625	50.75	0.999999865133807	0.799319765670515	-0.000436155927023285	16.597355104431	1
16.875	50.75	0.999999907090675	0.799372062573707	-0.000426205889749017	16.3975120893332	1
17.125	50.75	0.99999992838457	0.799419763413982	-0.000415181154929267	16.1976571052312	1
17.375	50.75	0.999999941299706	0.799463391609508	-0.000403343283520102	15.9977911810712	1
17.625	50.75	0.999999951136755	0.7995033873393	-0.000390917702503117	15.7979152327878	1
17.875	50.75	0.999999959730436	0.799540124057298	-0.000378096857829532	15.5980300809901	1
18.125	50.75	0.999999967439925	0.799573921435856	-0.000365043547864825	15.3981364650052	1
18.375	50.75	0.999999974160153	0.799605055521373	-0.00035189423798913	15.1982350541487	1
18.625	50.75	0.99999997976145	0.799633766719446	-0.000338762232369049	14.998326456871	1
18.875	50.75	0.999999984226419	0.799660266088133	-0.000325740628640701	14.7984112282575	1
19.125	50.75	0.999999987651329	0.79968474031519	-0.000312905020045437	14.5984898762454	1
19.375	50.75	0.999999990201099	0.799707355672854	-0.000300315930714954	14.3985628668264	1
19.625	50.75	0.999999992062859	0.799728261174062	-0.000288020985809936	14.1986306284422	1
19.875	50.75	0.999999993412408	0.799747591107445	-0.000276056829394572	13.9986935557314	1
20.125	50.75	0.999999994396959	0.799765467085097	-0.000264450806508111	13.7987520127524	1
20.375	50.75	0.99999999512962	0.79978199971026	-0.000253222429605484	13.5988063357772	1
20.625	50.75	0.99999999569192	0.79979728994446	-0.000242384650670471	13.3988568357359	1
20.875	50.75	0.999999996139465	0.799811430239776	-0.000231944960377161	13.1989038003689	1
21.125	50.75	0.999999996508712	0.799824505482407	-0.000221906333084396	12.9989474961374	1
21.375	50.75	0.999999996822635	0.79983659378806	-0.000212268037248477	12.7989881699307	1
21.625	50.75	0.999999997095662	0.799847767178057	-0.000203026327915492	12.5990260506006	1
21.875	50.75	0.999999997336856	0.799858092159414	-0.000194175035837605	12.3990613503474	1
22.125	50.75	0.999999997552265	0.799867630227068	-0.000185706067913425	12.1990942659792	1
22.375	50.75	0.999999997745973	0.799876438302115	-0.000177609830423142	11.9991249800598	1
22.625	50.75	0.999999997921015	0.799884569117916	-0.000169875585797079	11.7991536619584	1
22.875	50.75	0.999999998079692	0.799892071563258	-0.000162491752115175	11.5991804688135	1
23.125	50.75	0.999999998223998	0.799898990988477	-0.000155446153759698	11.3992055464193	1
23.375	50.75	0.99999999835563	0.799905369480834	-0.000148726229971945	11.199229030043	1
23.625	50.75	0.999999998476037	0.799911246113005	-0.000142319207320475	10.9992510451788	1
23.875	50.75	0.999999998586436	0.799916657170175	-0.000136212241914339	10.7992717082464	1
24.125	50.75	0.999999998688027	0.79992163635623	-0.000130392535211851	10.5992911272364	1
24.375	50.75	0.999999998781715	0.799926214982557	-0.000124847427790787	10.3993094023089	1
24.625	50.75	0.999999998868318	0.799930422141626	-0.000119564474730665	10.1993266263487	1
24.875	50.75	0.999999998948368	0.79993428486634	-0.000114531504648401	9.99934288548032	1
25.125	50.75	0.999999999022374	0.799937828277961	-0.000109736665684037	9.79935825954633	1
25.375	50.75	0.999999999090833	0.799941075722371	-0.000105168460250121	9.59937282255107	1
25.625	50.75	0.999999999154264	0.79994404889545	-0.000100815770174895	9.3993866430734	1
25.875	50.75	0.999999999213043	0.799946767960093	-9.66678742576384e-05	9.19939978464995	1
26.125	50.75	0.999999999267599	0.799949251654585	-9.27144591638034e-05	8.99941230613149	1
26.375	50.75	0.999999999318247	0.799951517393049	-8.89456248302591e-05	8.79942426201389	1
26.625	50.75	0.999999999365362	0.799953581358766	-8.53518856638251e-05	8.59943570274609	1
26.875	50.75	0.999999999409254	0.799955458590936	-8.19241682441013e-05	8.39944667501599	1
27.125	50.75	0.999999999450367	0.79995716306454	-7.86538055787336e-05	8.1994572220166	1
27.375	50.75	0.999999999489163	0.799958707765492	-7.55325298908075e-05	7.99946738369331	1
27.625	50.75	0.99999999952607	0.799960104759892	-7.2552462617434e-05	7.79947719697386	1
27.875	50.75	0.999999999561343	0.799961365259112	-6.97061039244615e-05	7.59948669598219	1
28.125	50.75	0.999999999594563	0.79996249967946	-6.69863202410984e-05	7.39949591223705	1
28.375	50.75	0.999999999624433	0.799963517698279	-6.43863320429404e-05	7.19950487483726	1
28.625	50.75	0.99999999964836	0.79996442830589	-6.18997002731794e-05	6.99951361063337	1
28.875	50.75	0.999999999663334	0.799965239853968	-5.9520312831407e-05	6.79952214438786	1
29.125	50.75	0.999999999667335	0.799965960100592	-5.72423707917777e-05	6.59953049892327	1
29.375	50.75	0.999999999662905	0.799966596251469	-5.50603748304802e-05	6.39953869526003	1
29.625	50.75	0.999999999661061	0.79996715499864	-5.29691117725135e-05	6.19954675274328	1
29.875	50.75	0.999999999684922	0.799967642555427	-5.09636410182753e-05	5.99955468916068	1
30.125	50.75	0.999999999767596	0.799968064689299	-4.903928173406e-05	5.7995625208511	1
30.375	50.75	0.99999999994	0.799968426751715	-4.71915998806129e-05	5.59957026280774	1
30.625	50.75	1.00000000020299	0.79996873370781	-4.54163956119753e-05	5.39957792877745	1
30.875	50.75	1.00000000048661	0.799968990166084	-4.37096900062072e-05	5.19958553136042	1
31.125	50.75	1.00000000061029	0.799969200410418	-4.20677123252299e-05	4.99959308211069	1
31.375	50.75	1.00000000027819	0.799969368432695	-4.04868872665069e-05	4.79960059163458	1
31.625	50.75	0.999999999159431	0.79996949796379	-3.89638238234856e-05	4.59960806967487	1
31.875	50.75	0.999999997102583	0.799969592493862	-3.74953066552166e-05	4.39961552515977	1
32.125	50.75	0.999999994489937	0.799969655270316	-3.60782926826318e-05	4.19962296619049	1
32.375	50.75	0.999999992631966	0.799969689261083	-3.47099132860224e-05	3.99963039995238	1
32.625	50.75	0.99999999393618	0.799969697084644	-3.33874801815929e-05	3.79963783257109	1
32.875	50.75	1.00000000141579	0.799969680932504	-3.21084857554514e-05	3.5996452690053	1
33.125	50.75	1.00000001706529	0.799969642553647	-3.08705833951353e-05	3.39965271315579	1
33.375	50.75	1.00000003893284	0.799969583408224	-2.96715276045592e-05	3.1996601684303	1
33.625	50.75	1.00000005757252	0.799969505105141	-2.85090617649291e-05	2.99966763894684	1
33.875	50.75	1.00000005399214	0.799969410152443	-2.73807670980365e-05	2.79967513127296	1
34.125	50.75	1.00000000281063	0.799969302824976	-2.62839399938949e-05	2.5996826560181	1
34.375	50.75	0.999999884972982	0.799969189586667	-2.52156352045707e-05	2.39969022780178	1
34.625	50.75	0.999999712186411	0.799969078111213	-2.41730639603504e-05	2.19969786149487	1
34.875	50.75	0.999999558221707	0.799968973823465	-2.31544999221885e-05	1.99970556292573	1
35.125	50.75	0.999999579698345	0.799968873509869	-2.21606258332664e-05	1.79971331447178	1
35.375	50.75	0.999999994046645	0.799968757426093	-2.11957831252098e-05	1.59972106087135	1
35.625	50.75	1.0000009744919	0.799968584591076	-2.02679116368005e-05	1.39972870769613	1
35.875	50.75	1.00000243771473	0.799968299734741	-1.93853810814702e-05	1.19973615116333	1
36.125	50.75	1.00000375867028	0.799967862125925	-1.85490563294799e-05	0.999743356793558	1
36.375	50.75	1.00000355828702	0.799967301954986	-1.77397013208543e-05	0.799750486555836	1
36.625	50.75	0.999999850837285	0.799966794197183	-1.69050021121202e-05	0.599758031732866	1
36.875	50.75	0.999990928801304	0.799966704582855	-1.595688293942e-05	0.399766844059606	1
37.125	50.75	0.999977255231894	0.799971403184107	-1.47957587694618e-05	0.199777898356982	1
37.375	50.75	0.999964139720551	0.399972225893786	-1.35733176666141e-05	-0.000210295772362622	1
0.125	51.25	0.00047082213510595	0.799889062823953	-0.000322518834387229	22.8273928356446	1
0.375	51.25	0.000471210999942531	0.800229867080336	-0.000222305796126565	22.8272602866223	1
0.625	51.25	0.000471936586518405	0.8003822284673	0.000254346426852996	22.8270904912391	1
0.875	51.25	0.000472713153866707	0.800533852694704	0.000924389308428141	22.8268820322866	1
1.125	51.25	0.000472852109652447	0.800674529848	0.00171051208884986	22.8266362223105	1
1.375	51.25	0.0004711469553196	0.800789455627297	0.00252498908925391	22.8263571498453	1
1.625	51.25	0.000465883536904121	0.800849789506494	0.00327571168380808	22.8260545179508	1
1.875	51.25	0.000455057029730005	0.800815914752188	0.00388870883765963	22.8257482872276	1
2.125	51.25	0.000436859872748102	0.800668425999912	0.00429123117973762	22.8254693774721	1
2.375	51.25	0.000410455743718654	0.800453007289856	0.00434807209914035	22.8252481076608	1
2.625	51.25	0.000376982961709705	0.800275753093855	0.00391621408063358	22.8250920350061	1
2.875	51.25	0.000340664153062759	0.80021685742239	0.00309993524312659	22.8249764055973	1
3.125	51.25	0.000309869198508824	0.800262951646722	0.00226964304420198	22.8248644610156	1
3.375	51.25	0.000297988003735873	0.800345803987775	0.00173140514644806	22.8247319239457	1
3.625	51.25	0.000323983324919643	0.800410098972901	0.00156424528476068	22.8245684252769	1
3.875	51.25	0.000412479533488372	0.800427820395692	0.00165895401472544	22.8243673652768	1
4.125	51.25	0.000593207132826294	0.800382629864731	0.00183850431590912	22.8241198561833	1
4.375	51.25	0.000899598518628398	0.800260712549967	0.00199255092148184	22.8238130589878	1
4.625	51.25	0.00136638092278294	0.80004904364526	0.00211071373848529	22.8234294367641	1
4.875	51.25	0.00202625989629685	0.799733556875235	0.00223570415402348	22.8229464090892	1
5.125	51.25	0.00290634400401097	0.799297355554213	0.00241873178170202	22.8223366988669	1
5.375	51.25	0.00402576897965076	0.798721760740613	0.00270414688652808	22.8215682184852	1
5.625	51.25	0.00539685064280097	0.797990435878431	0.00312805751506914	22.8206011852587	1
5.875	51.25	0.00703303919422862	0.797095199547322	0.0037156403933298	22.8193796036546	1
6.125	51.25	0.00896830167505261	0.796042403378724	0.0044733110923046	22.8178135726669	1
6.375	51.25	0.0112948252246055	0.794859177082281	0.00537768954145203	22.8157477781625	1
6.625	51.25	0.0142296741249221	0.793598529278752	0.00636446136772309	22.8129102090922	1
6.875	51.25	0.0182267535683459	0.792341226774269	0.00732063293535628	22.8088341152516	1
7.125	51.25	0.0241576955029882	0.791190613371997	0.00808432640057835	22.8027466174501	1
7.375	51.25	0.0335896237115076	0.790254082456115	0.00845650621894817	22.7934215818203	1
7.625	51.25	0.0491728299295414	0.789602585928637	0.00822808364323472	22.7790069090903	1
7.875	51.25	0.0750742261091381	0.789201527015157	0.00722363724789707	22.7568640620701	1
8.125	51.25	0.117172991257729	0.788825854934368	0.00536011232317642	22.7235060073166	1
8.375	51.25	0.182318180399699	0.788033344593495	0.00271386918130184	22.674779509481	1
8.625	51.25	0.275614468856642	0.786360897474431	-0.000425748027340724	22.6064561524841	1
8.875	51.25	0.395603211254093	0.783833010638346	-0.00356861407531417	22.515261036954	1
9.125	51.25	0.530545738507273	0.781344737468219	-0.00616022771431782	22.4000082840939	1
9.375	51.25	0.661486848149711	0.78012975455586	-0.0078068546240712	22.262166482603	1
9.625	51.25	0.771845109270241	0.780673130502484	-0.00842520930460166	22.1053752655811	1
9.875	51.25	0.854505345175815	0.782483258714404	-0.00820312200461452	21.9342076300414	1
10.125	51.25	0.911114090265573	0.784776131762529	-0.00744465771806252	21.7529763194126	1
10.375	51.25	0.947456129197402	0.78701640176921	-0.0064352818646568	21.5650997445165	1
10.625	51.25	0.96972754436004	0.788981792955538	-0.0053812952326746	21.3730003080364	1
10.875	51.25	0.982908879504273	0.790633234058541	-0.00440514250030063	21.1782747187158	1
11.125	51.25	0.990495834473502	0.792002838901809	-0.00356450300032061	20.9819275157699	1
11.375	51.25	0.994760845665689	0.793138541854487	-0.00287508799140492	20.7845722262015	1
11.625	51.25	0.997110477307453	0.794084475631647	-0.0023290964359289	20.5865770351023	1
11.875	51.25	0.998384678499307	0.794876613292144	-0.0019077687232242	20.388161316883	1
12.125	51.25	0.999070062131176	0.795543345195212	-0.00158897165052028	20.1894563226351	1
12.375	51.25	0.999440510784414	0.796107069723052	-0.00135129111273226	19.9905419974371	1
12.625	51.25	0.999645678617347	0.796585638124848	-0.0011759212998412	19.7914687096317	1
12.875	51.25	0.999764851259254	0.796993446185399	-0.00104727955098458	19.5922697768589	1
13.125	51.25	0.999838753680478	0.797342222199306	-0.000952950474671819	19.3929685393882	1
13.375	51.25	0.999887757448204	0.797641596935399	-0.000883323010835878	19.1935822904449	1
13.625	51.25	0.999921938953494	0.797899524119796	-0.000831124743814071	18.9941244450467	1
13.875	51.25	0.999946404824903	0.798122598278437	-0.000790959055772534	18.7946057497679	1
14.125	51.25	0.999963967767275	0.798316300764727	-0.000758893032666122	18.5950349845532	1
14.375	51.25	0.999976405184039	0.798485194327408	-0.000732112322511564	18.3954194008183	1
14.625	51.25	0.999985003211574	0.798633079871452	-0.000708643011658174	18.1957650224068	1
14.875	51.25	0.999990768433007	0.798763124714541	-0.000687133342602163	17.9960768718272	1
15.125	51.25	0.99999450266727	0.798877968757723	-0.000666685659496747	17.7963591510699	1
15.375	51.25	0.999996832187833	0.79897981306812	-0.000646728934042283	17.5966153903711	1
15.625	51.25	0.999998228323588	0.799070494100423	-0.000626923254902336	17.3968485713366	1
15.875	51.25	0.999999030424849	0.799151545947883	-0.000607089048647778	17.1970612282141	1
16.125	51.25	0.999999471525404	0.799224252476582	-0.000587155183686448	16.9972555303074	1
16.375	51.25	0.999999703941095	0.79928969084729	-0.000567121341702532	16.7974333483384	1
16.625	51.25	0.999999822178397	0.799348767694518	-0.000547031075678412	16.5975963074553	1
16.875	51.25	0.999999881656247	0.799402249063684	-0.000526952807930626	16.3977458293917	1
17.125	51.25	0.999999912865986	0.799450785074352	-0.000506966679536436	16.1978831659863	1
17.375	51.25	0.999999931360027	0.799494930157532	-0.000487155678091895	15.9980094259258	1
17.625	51.25	0.999999944345077	0.799535159608261	-0.000467599861435739	15.7981255962202	1
17.875	51.25	0.999999954747001	0.799571883095235	-0.000448372796778839	15.5982325595968	1
18.125	51.25	0.99999996353724	0.799605455673249	-0.000429539564460687	15.398331108724	1
18.375	51.25	0.999999970946939	0.799636186757431	-0.000411155844381697	15.1984219579575	1
18.625	51.25	0.999999977026875	0.799664347444243	-0.000393267735966428	14.9985057531315	1
18.875	51.25	0.999999981854325	0.799690176491939	-0.000375912056891652	14.7985830797867	1
19.125	51.25	0.999999985574058	0.79971388521784	-0.000359116938919876	14.5986544701417	1
19.375	51.25	0.999999988375369	0.799735661524059	-0.000342902592267644	14.3987204090353	1
19.625	51.25	0.999999990457607	0.799755673216447	-0.000327282149039954	14.1987813390262	1
19.875	51.25	0.99999999200286	0.799774070753781	-0.000312262525296355	13.9988376647919	1
20.125	51.25	0.999999993161816	0.799790989535232	-0.000297845261505112	13.7988897569473	1
20.375	51.25	0.999999994049888	0.799806551814096	-0.000284027316791176	13.5989379553736	1
20.625	51.25	0.999999994750433	0.799820868305099	-0.000270801801946368	13.3989825721376	1
20.875	51.25	0.999999995320576	0.79983403954498	-0.000258158644845558	13.1990238940639	1
21.125	51.25	0.999999995798184	0.799846157048177	-0.000246085185421674	12.9990621850121	1
21.375	51.25	0.9999999962076	0.799857304295093	-0.000234566701527195	12.7990976879022	1
21.625	51.25	0.999999996564529	0.799867557582485	-0.000223586869383992	12.5991306265239	1
21.875	51.25	0.999999996879234	0.799876986759432	-0.000213128162514119	12.3991612071586	1
22.125	51.25	0.999999997158889	0.799885655866662	-0.000203172194863222	12.1991896200402	1
22.375	51.25	0.999999997408602	0.799893623695948	-0.000193700013423409	11.9992160406733	1
22.625	51.25	0.999999997632337	0.799900944282237	-0.000184692345563087	11.7992406310279	1
22.875	51.25	0.999999997833286	0.799907667338823	-0.000176129806349565	11.5992635406239	1
23.125	51.25	0.999999998014201	0.799913838643264	-0.000167993070667792	11.3992849075185	1
23.375	51.25	0.999999998177447	0.799919500381864	-0.000160263014813121	11.1993048592067	1
23.625	51.25	0.999999998325112	0.799924691457438	-0.000152920830971627	10.9993235134445	1
23.875	51.25	0.999999998458937	0.799929447766941	-0.000145948119092602	10.7993409790023	1
24.125	51.25	0.999999998580621	0.799933802451331	-0.000139326958892459	10.5993573563554	1
24.375	51.25	0.999999998691532	0.799937786120957	-0.000133039964789687	10.399372738318	1
24.625	51.25	0.999999998792868	0.799941427060364	-0.000127070326999567	10.1993872106257	1
24.875	51.25	0.999999998885544	0.799944751414363	-0.000121401839989802	9.99940085247125	1
25.125	51.25	0.99999999897036	0.799947783357751	-0.000116018921086737	9.79941373699813	1
25.375	51.25	0.999999999048004	0.799950545250427	-0.00011090662060977	9.59942593175472	1
25.625	51.25	0.999999999119205	0.799953057778199	-0.000106050624796576	9.39943749911337	1
25.875	51.25	0.999999999184513	0.799955340082561	-0.000101437252993341	9.19944849665701	1
26.125	51.25	0.999999999244525	0.799957409879566	-9.70534502053577e-05	8.99945897753595	1
26.375	51.25	0.999999999299754	0.799959283569025	-9.28867759809782e-05	8.79946899079729	1
26.625	51.25	0.999999999350721	0.799960976334258	-8.89253898997314e-05	8.59947858168933	1
26.875	51.25	0.999999999397877	0.799962502234703	-8.51580356073878e-05	8.39948779194294	1
27.125	51.25	0.999999999441681	0.799963874290129	-8.15740220170965e-05	8.19949666003151	1
27.375	51.25	0.999999999482703	0.799965104558947	-7.81632041774269e-05	7.99950522141168	1
27.625	51.25	0.999999999521391	0.799966204210093	-7.49159623558381e-05	7.79951350874568	1
27.875	51.25	0.999999999558083	0.799967183589682	-7.18231814589938e-05	7.59952155210751	1
28.125	51.25	0.999999999592404	0.799968052282021	-6.88762295114277e-05	7.39952937917324	1
28.375	51.25	0.999999999623174	0.799968819166036	-6.60669364692553e-05	7.19953701539794	1
28.625	51.25	0.999999999647925	0.79996949246796	-6.33875730068412e-05	6.99954448417896	1
28.875	51.25	0.999999999663769	0.799970079809487	-6.08308295138944e-05	6.79955180700764	1
29.125	51.25	0.999999999668765	0.799970588252445	-5.83897957331352e-05	6.59955900360901	1
29.375	51.25	0.999999999665344	0.799971024339399	-5.60579406440482e-05	6.39956609207144	1
29.625	51.25	0.999999999664144	0.799971394131848	-5.38290933217132e-05	6.19957308896551	1
29.875	51.25	0.999999999687498	0.799971703244358	-5.16974240071465e-05	5.99958000945387	1
30.125	51.25	0.999999999767499	0.799971956876334	-4.96574263227628e-05	5.79958686739245	1
30.375	51.25	0.999999999934266	0.799972159841003	-4.77038995642119e-05	5.59959367542609	1
30.625	51.25	1.0000000001892	0.799972316594164	-4.58319318085963e-05	5.39960044508066	1
30.875	51.25	1.00000000046559	0.799972431262659	-4.4036882799017e-05	5.19960718685538	1
31.125	51.25	1.00000000059002	0.799972507674739	-4.23143675533358e-05	4.99961391031616	1
31.375	51.25	1.00000000027715	0.799972549391356	-4.06602402323015e-05	4.79962062418706	1
31.625	51.25	0.999999999206094	0.799972559735878	-3.90705797415834e-05	4.59962733642819	1
31.875	51.25	0.999999997225888	0.799972541813489	-3.75416781452285e-05	4.39963405427989	1
32.125	51.25	0.999999994696047	0.799972498508896	-3.60700344727988e-05	4.19964078424789	1
32.375	51.25	0.999999992867326	0.799972432450727	-3.46523540047968e-05	3.999647532015	1
32.625	51.25	0.999999994048902	0.799972345944105	-3.32855513025549e-05	3.79965430229937	1
32.875	51.25	1.00000000114528	0.799972240895786	-3.19667480696104e-05	3.59966109874678	1
33.125	51.25	1.00000001610837	0.799972118797917	-3.06932516052736e-05	3.3996679240294	1
33.375	51.25	1.00000003713752	0.799971980873744	-2.94624943287222e-05	3.19967478038078	1
33.625	51.25	1.0000000552742	0.79997182849498	-2.82719221230448e-05	2.9996816707439	1
33.875	51.25	1.00000005240721	0.799971663899442	-2.71188450552109e-05	2.79968860043639	1
34.125	51.25	1.00000000423387	0.799971491022067	-2.6000316051784e-05	2.59969557868325	1
34.375	51.25	0.999999892336519	0.799971315902593	-2.49131721629366e-05	2.39970261860698	1
34.625	51.25	0.999999727461401	0.7999711457569	-2.38544233300657e-05	2.19970973366489	1
34.875	51.25	0.999999579404776	0.799970985682287	-2.28221386215054e-05	1.99971692879945	1
35.125	51.25	0.999999596974757	0.799970832563548	-2.1816764656254e-05	1.79972418668911	1
35.375	51.25	0.999999987264291	0.799970667539305	-2.08423494351488e-05	1.59973145417002	1
35.625	51.25	1.00000091596499	0.79997045149796	-1.99064814080358e-05	1.39973864067394	1
35.875	51.25	1.00000230546323	0.799970131672602	-1.90171761418195e-05	1.19974564648002	1
36.125	51.25	1.00000356341969	0.799969669078829	-1.81750756061576e-05	0.999752437472429	1
36.375	51.25	1.00000338037257	0.799969092198232	-1.73610515133745e-05	0.799759166097851	1
36.625	51.25	0.999999869121328	0.799968567309332	-1.65234085545698e-05	0.599766297857749	1
36.875	51.25	0.999991405232378	0.799968442229062	-1.55751879299048e-05	0.399774641132281	1
37.125	51.25	0.999978425436128	0.799972869162503	-1.44179690059237e-05	0.199785121739553	1
37.375	51.25	0.99996597098125	0.399973601552738	-1.3202399838304e-05	-0.000203676040813534	1
0.125	51.75	0.000463604920338916	0.79989314326559	-0.000823604763552542	22.8275988688767	1
0.375	51.75	0.000464003077068349	0.800226893647274	-0.000641416507445076	22.8274666226774	1
0.625	51.75	0.000464753684800508	0.800369370400711	-0.000257808892442534	22.8272992202829	1
0.875	51.75	0.000465581617163725	0.800512408008683	0.000278983820433664	22.8270951169097	1
1.125	51.75	0.000465810864814959	0.800642592485564	0.00087434963232177	22.8268555893537	1
1.375	51.75	0.000464245956465073	0.800740190186604	0.00141796139433549	22.8265863544168	1
1.625	51.75	0.000459176911431547	0.800779679491691	0.00179946023666178	22.8262996438669	1
1.875	51.75	0.00044858930768572	0.80074168037422	0.00192618257331116	22.8260153472808	1
2.125	51.75	0.000430644453226166	0.800639162637972	0.00174417003136855	22.8257565927227	1
2.375	51.75	0.000404446215485416	0.800531901521868	0.00129277520897684	22.8255370517273	1
2.625	51.75	0.000371039690382456	0.800488795349884	0.000785086087778158	22.8253487346906	1
2.875	51.75	0.000334518529401414	0.800520196750085	0.00053578202275568	22.8251682467534	1
3.125	51.75	0.000303082753018618	0.800570965710113	0.000688922852041728	22.8249789519024	1
3.375	51.75	0.000289894256934271	0.800584001123389	0.00111227756208116	22.8247802128336	1
3.625	51.75	0.000313593661790749	0.800541340611984	0.001584154005243	22.8245764745459	1
3.875	51.75	0.00039833332754777	0.800447923405472	0.00197141050303303	22.824365571366	1
4.125	51.75	0.000573146661653862	0.800303724897282	0.00225974879266075	22.8241364384818	1
4.375	51.75	0.000870448947065441	0.800097354697564	0.00249629673264691	22.8238720946119	1
4.625	51.75	0.00132351084580084	0.799815396855309	0.00273455440762792	22.8235513428319	1
4.875	51.75	0.0019629706735511	0.799450533597414	0.00301786292848404	22.8231477957283	1
5.125	51.75	0.00281296933108041	0.799003470598904	0.003381686274089	22.8226279538033	1
5.375	51.75	0.00388827097420538	0.79848294982482	0.00385544067911618	22.8219489357673	1
5.625	51.75	0.00519458552167448	0.797907232052903	0.00446017401351553	22.8210544061924	1
5.875	51.75	0.00673519225348059	0.797306934048218	0.0052032146952423	22.8198660724505	1
6.125	51.75	0.00852818967659341	0.796727707958464	0.00607082756219609	22.8182674338977	1
6.375	51.75	0.0106407869721448	0.796231389767033	0.00702014487332064	22.8160755774037	1
6.625	51.75	0.0132505869256627	0.795894431227192	0.00797233128811056	22.8129955894431	1
6.875	51.75	0.0167493484450167	0.795802110081885	0.00880955188559595	22.8085509641693	1
7.125	51.75	0.0219121208083965	0.796036084699167	0.00937863428572185	22.8019831967345	1
7.375	51.75	0.0301604903647082	0.79665119260561	0.00950412029078723	22.7921167024741	1
7.625	51.75	0.0439393682542472	0.797635347023398	0.00901248559905702	22.7771954788849	1
7.875	51.75	0.0671645774821179	0.798847076108374	0.0077678683981281	22.7547221518787	1
8.125	51.75	0.105507566243211	0.799939924160246	0.00571819466127014	22.7213747388856	1
8.375	51.75	0.165889625572295	0.800335403791352	0.00294781037742976	22.6731366835256	1
8.625	51.75	0.254145280465582	0.799399031663539	-0.000278349624324875	22.6058084093141	1
8.875	51.75	0.370383172111955	0.796948983964991	-0.00351986387943396	22.515968634033	1
9.125	51.75	0.50458313136165	0.793759428613371	-0.00626852170517843	22.4021260259862	1
9.375	51.75	0.638233280683022	0.791209484759033	-0.0081423209684753	22.2654164112553	1
9.625	51.75	0.753455197786193	0.790139387554998	-0.00903029842421883	22.1092805914937	1
9.875	51.75	0.841298761952515	0.790357014765802	-0.00907417908513262	21.9382852227005	1
10.125	51.75	0.902245645313854	0.791210441828822	-0.00853712003678286	21.7568655299874	1
10.375	51.75	0.9417535565489	0.79219653351719	-0.00768102790996773	21.5685943160448	1
10.625	51.75	0.966156663469444	0.793094163801363	-0.00670689760532514	21.3760203604901	1
10.875	51.75	0.98070700863569	0.793856310848302	-0.00574496470202807	21.1808221863203	1
11.125	51.75	0.989149285159675	0.794500899566402	-0.00486730237150789	20.9840478566538	1
11.375	51.75	0.993940366219899	0.795056795847149	-0.00410546035601936	20.7863283968996	1
11.625	51.75	0.996610843701784	0.795546662524122	-0.00346584630209519	20.5880342462719	1
11.875	51.75	0.9980799831914	0.795985042840557	-0.00294096490944968	20.3893792834045	1
12.125	51.75	0.998883729219116	0.796380605883855	-0.00251681479134679	20.1904861038604	1
12.375	51.75	0.999326161869259	0.796738580668315	-0.00217736480015933	19.9914253882179	1
12.625	51.75	0.999575252311167	0.797062440277794	-0.00190703023361438	19.7922389022763	1
12.875	51.75	0.999721343524972	0.797354871863321	-0.0016918759419891	19.5929525494837	1
13.125	51.75	0.999811824425625	0.797618264605825	-0.00152006054709074	19.393583567008	1
13.375	51.75	0.999871086750999	0.797854917181507	-0.00138186065357248	19.1941443789373	1
13.625	51.75	0.999911640352614	0.798067098382338	-0.00126948613607541	18.9946446037928	1
13.875	51.75	0.999940072954875	0.798257039714834	-0.00117681097299083	18.7950920807988	1
14.125	51.75	0.999960105156428	0.798426903052921	-0.00109908846447713	18.5954933967299	1
14.375	51.75	0.999974075392076	0.798578745145391	-0.00103268558372558	18.3958541707058	1
14.625	51.75	0.999983619294236	0.798714488755595	-0.000974851297306555	18.1961792272661	1
14.875	51.75	0.999989962700382	0.798835903705651	-0.000923522705548452	17.996472719268	1
15.125	51.75	0.999994045662494	0.798944597778247	-0.000877167265116649	17.7967382270196	1
15.375	51.75	0.999996581785881	0.799042015926261	-0.000834656882888631	17.5969788435159	1
15.625	51.75	0.99999809749364	0.799129445736892	-0.000795168913838195	17.3971972487774	1
15.875	51.75	0.999998966707627	0.799208027126678	-0.000758109214907734	17.1973957740469	1
16.125	51.75	0.999999443950481	0.799278764529047	-0.000723052917627787	16.9975764562893	1
16.375	51.75	0.999999694711432	0.799342540206541	-0.000689699231057331	16.7977410837224	1
16.625	51.75	0.999999821423911	0.799400127694796	-0.000657837231024704	16.5978912334189	1
16.875	51.75	0.999999884163269	0.799452204714763	-0.000627320176409565	16.3980283021852	1
17.125	51.75	0.999999916072459	0.799499365150358	-0.000598046392920927	16.1981535319138	1
17.375	51.75	0.999999934152968	0.799542129886148	-0.000569945181765224	15.998268030492	1
17.625	51.75	0.999999946359336	0.799580956440519	-0.000542966545749998	15.7983727891812	1
17.875	51.75	0.999999955970775	0.799616247415842	-0.000517073795675809	15.5984686971955	1
18.125	51.75	0.999999964100412	0.799648357844531	-0.0004922383161085	15.3985565540499	1
18.375	51.75	0.999999971015138	0.799677601534376	-0.000468435933817594	15.1986370801087	1
18.625	51.75	0.99999997675398	0.799704256527204	-0.000445644467236917	14.9987109256645	1
18.875	51.75	0.999999981365484	0.799728569783871	-0.000423842136266661	14.7987786787951	1
19.125	51.75	0.999999984963415	0.799750761200081	-0.0004030065893497	14.5988408721979	1
19.375	51.75	0.999999987709974	0.79977102705068	-0.000383114367690968	14.3988979891518	1
19.625	51.75	0.999999989783039	0.799789542943082	-0.000364140672128561	14.1989504687366	1
19.875	51.75	0.999999991348708	0.79980646635515	-0.000346059333354086	13.9989987104115	1
20.125	51.75	0.999999992546245	0.799821938817479	-0.000328842912958887	13.7990430780436	1
20.375	51.75	0.999999993483107	0.799836087795863	-0.000312462884728025	13.5990839034592	1
20.625	51.75	0.999999994237237	0.799849028316248	-0.000296889857902727	13.3991214895836	1
20.875	51.75	0.999999994862136	0.799860864373454	-0.000282093817474388	13.1991561132235	1
21.125	51.75	0.999999995393314	0.799871690154109	-0.000268044364495387	12.9991880275392	1
21.375	51.75	0.999999995853661	0.799881591101172	-0.000254710944585047	12.7992174642462	1
21.625	51.75	0.999999996258033	0.799890644844132	-0.000242063058104865	12.5992446355831	1
21.875	51.75	0.999999996616229	0.799898922013925	-0.000230070448222082	12.3992697360707	1
22.125	51.75	0.999999996935249	0.799906486957762	-0.000218703265248263	12.1992929440929	1
22.375	51.75	0.999999997220237	0.799913398369058	-0.000207932206947134	11.9993144233168	1
22.625	51.75	0.99999999747529	0.799919709844244	-0.000197728635864042	11.7993343239738	1
22.875	51.75	0.999999997703843	0.799925470376262	-0.00018806467500453	11.5993527840148	1
23.125	51.75	0.999999997908937	0.79993072479225	-0.000178913283666463	11.3993699301567	1
23.375	51.75	0.999999998093168	0.799935514144177	-0.000170248315713239	11.1993858788298	1
23.625	51.75	0.999999998258919	0.799939876056766	-0.000162044561660596	10.9994007370373	1
23.875	51.75	0.999999998408223	0.799943845039527	-0.000154277777042602	10.7994146031375	1
24.125	51.75	0.999999998543055	0.799947452766817	-0.000146924699089709	10.599427567554	1
24.375	51.75	0.999999998665087	0.799950728328554	-0.000139963052725601	10.3994397134248	1
24.625	51.75	0.999999998775781	0.799953698456637	-0.000133371548364306	10.1994511171926	1
24.875	51.75	0.999999998876289	0.799956387729343	-0.000127129872156361	9.99946184914517	1
25.125	51.75	0.999999998967647	0.799958818755857	-0.000121218670317828	9.79947197390864	1
25.375	51.75	0.999999999050672	0.799961012343991	-0.000115619528902388	9.59948155089916	1
25.625	51.75	0.999999999126218	0.799962987651319	-0.000110314949333463	9.39949063473627	1
25.875	51.75	0.999999999195009	0.799964762322974	-0.000105288321259926	9.19949927562179	1
26.125	51.75	0.999999999257765	0.799966352616629	-0.000100523892768571	8.99950751968749	1
26.375	51.75	0.999999999315147	0.799967773516995	-9.60067397593363e-05	8.79951540931395	1
26.625	51.75	0.999999999367732	0.799969038839057	-9.17227331906167e-05	8.59952298342341	1
26.875	51.75	0.999999999416087	0.799970161323177	-8.76585067715519e-05	8.39953027774917	1
27.125	51.75	0.999999999460657	0.799971152721509	-8.38014235225766e-05	8.19953732508274	1
27.375	51.75	0.999999999502072	0.799972023877139	-8.01395429984102e-05	7.99954415550179	1
27.625	51.75	0.999999999540827	0.799972784796398	-7.66615883005466e-05	7.79955079657932	1
27.875	51.75	0.999999999577339	0.799973444715031	-7.33569140984463e-05	7.59955727357692	1
28.125	51.75	0.9999999996113	0.799974012159147	-7.02154752086138e-05	7.39956360962215	1
28.375	51.75	0.999999999641629	0.799974495000647	-6.72277958471632e-05	7.19956982587283	1
28.625	51.75	0.999999999666011	0.799974900508815	-6.4384939959703e-05	6.99957594166777	1
28.875	51.75	0.999999999681658	0.799975235397027	-6.16784824041463e-05	6.79958197466642	1
29.125	51.75	0.999999999686652	0.799975505866096	-5.91004815472806e-05	6.5995879409769	1
29.375	51.75	0.999999999683264	0.799975717643271	-5.66434524696876e-05	6.39959385527421	1
29.625	51.75	0.999999999681773	0.799975876018645	-5.43003417705818e-05	6.19959973090824	1
29.875	51.75	0.999999999703774	0.799975985877626	-5.20645031648696e-05	5.99960558000313	1
30.125	51.75	0.999999999780386	0.799976051731064	-4.99296745881875e-05	5.79961141354855	1
30.375	51.75	0.999999999940965	0.79997607774261	-4.788995579741e-05	5.59961724148555	1
30.625	51.75	1.00000000018746	0.799976067755565	-4.59397871058387e-05	5.39962307278937	1
30.875	51.75	1.00000000045634	0.799976025319488	-4.40739284678127e-05	5.19962891555251	1
31.125	51.75	1.00000000058105	0.799975953718568	-4.22874394446865e-05	4.9996347770692	1
31.375	51.75	1.00000000028641	0.799975856001127	-4.05756597436289e-05	4.79964066391824	1
31.625	51.75	0.99999999926116	0.799975735007554	-3.89341916408841e-05	4.59964658203304	1
31.875	51.75	0.999999997354756	0.799975593388006	-3.73588855360117e-05	4.39965253673953	1
32.125	51.75	0.999999994904477	0.799975433599547	-3.58458309770813e-05	4.19965853273775	1
32.375	51.75	0.999999993102944	0.799975257871485	-3.43913531297398e-05	3.99966457401251	1
32.625	51.75	0.999999994163739	0.799975068139981	-3.29920129973516e-05	3.79967066369247	1
32.875	51.75	1.00000000088588	0.799974865975374	-3.16446029209758e-05	3.59967680394078	1
33.125	51.75	1.0000000151805	0.799974652564832	-3.03461233200497e-05	3.39968299604268	1
33.375	51.75	1.00000003539526	0.799974428850039	-2.9093721876726e-05	3.19968924091047	1
33.625	51.75	1.00000005304791	0.799974195924773	-2.78845829678678e-05	2.99969554017665	1
33.875	51.75	1.00000005088713	0.799973955720235	-2.67157808099768e-05	2.79970189778626	1
34.125	51.75	1.00000000566165	0.799973711800075	-2.55841600680656e-05	2.59970832147076	1
34.375	51.75	0.999999899572103	0.799973469753613	-2.44863749952559e-05	2.39971482275911	1
34.625	51.75	0.999999742417726	0.799973236316483	-2.34192671615585e-05	2.19972141360578	1
34.875	51.75	0.9999996000972	0.799973016235746	-2.23807281992901e-05	1.99972809797448	1
35.125	51.75	0.999999613763917	0.799972806464635	-2.13709843524195e-05	1.79973485873242	1
35.375	51.75	0.999999980382878	0.799972588980107	-2.03937892148332e-05	1.59974164466769	1
35.625	51.75	1.0000008582711	0.799972326477627	-1.94563624844087e-05	1.39974836889263	1
35.875	51.75	1.00000217543929	0.799971968622919	-1.85663460293588e-05	1.19975493556725	1
36.125	51.75	1.00000337170254	0.799971478130243	-1.77241733263919e-05	0.99976131083463	1
36.375	51.75	1.00000320606145	0.799970881799585	-1.69109310199501e-05	0.799767637708198	1
36.625	51.75	0.999999888308897	0.799970337374139	-1.60758054733209e-05	0.599774356299619	1
36.875	51.75	0.999991875967124	0.799970175093622	-1.51333917585781e-05	0.399782232326626	1
37.125	51.75	0.999979580142524	0.799974331463509	-1.39869377506257e-05	0.199792143339386	1
37.375	51.75	0.999967777908663	0.399974977936281	-1.27852003168505e-05	-0.000197252474927147	1
0.125	52.25	0.000455624616302101	0.799898357370599	-0.00106723253396301	22.827769227813	1
0.375	52.25	0.000456028012990322	0.800249392196152	-0.000902280857108882	22.82763700096	1
0.625	52.25	0.000456796561207162	0.800427061459528	-0.000494960310446911	22.8274598892159	1
0.875	52.25	0.000457669337843478	0.800605131739347	0.000104837478445446	22.8272372574681	1
1.125	52.25	0.000457990814939393	0.800772777336188	0.000832977064499797	22.8269698870956	1
1.375	52.25	0.000456590620706655	0.800907223183316	0.00161916240588761	22.8266630481916	1
1.625	52.25	0.000451785035601766	0.80097674110969	0.00238356743983373	22.826329737939	1
1.875	52.25	0.000441581750331405	0.80095299863519	0.00300600670586958	22.8259921713946	1
2.125	52.25	0.000424153116584225	0.800832398769779	0.00328770557109096	22.8256786734584	1
2.375	52.25	0.000398594815827642	0.800653028493293	0.00302550466182225	22.8254142663608	1
2.625	52.25	0.000365915889421797	0.80048430189812	0.00229381952289658	22.8252083133607	1
2.875	52.25	0.000330139296960586	0.800385332652922	0.00156717852905454	22.8250487636493	1
3.125	52.25	0.00029936009564074	0.800366203144421	0.00126092524451079	22.8249104374387	1
3.375	52.25	0.000286614015169631	0.800388246107269	0.00137290936097248	22.8247699404017	1
3.625	52.25	0.000310419055488421	0.800394590544778	0.00171671736232681	22.824613437672	1
3.875	52.25	0.000394836255204687	0.800337844945556	0.00214583428068188	22.8244355366763	1
4.125	52.25	0.000568858092228064	0.800193177630381	0.00258135214067826	22.8242333228379	1
4.375	52.25	0.000864904286972091	0.799957540332597	0.00299689087522336	22.8239991226767	1
4.625	52.25	0.00131624972525573	0.799640495707799	0.00340151077117582	22.8237155991523	1
4.875	52.25	0.00195345012863988	0.799256779862354	0.00382102812621356	22.8233539967949	1
5.125	52.25	0.00280036139740741	0.798824978866258	0.00428261577265269	22.822873735242	1
5.375	52.25	0.0038710838605893	0.798369899671016	0.00480567804042843	22.8222212923102	1
5.625	52.25	0.00516992707700326	0.797925392844854	0.00539731594358743	22.8213267291747	1
5.875	52.25	0.00669731187918097	0.797536106897599	0.00604944116318121	22.820095988199	1
6.125	52.25	0.008465714453826	0.797257691918971	0.00673585447181306	22.8183962537158	1
6.375	52.25	0.010531765035248	0.797155136943048	0.00740940047764754	22.8160304743684	1
6.625	52.25	0.0130539883386585	0.797298773114104	0.00800047430887937	22.812695748818	1
6.875	52.25	0.0163910100551014	0.797757126756756	0.00841850287595302	22.8079189431052	1
7.125	52.25	0.0212623935364415	0.798584996511335	0.00855782548965784	22.800962449456	1
7.375	52.25	0.0290007986227154	0.799803468638937	0.00830883423832334	22.7906953733305	1
7.625	52.25	0.0419179241642644	0.801366179840061	0.00757441543982475	22.7754345737253	1
7.875	52.25	0.0637534363261893	0.803105556173601	0.00629099966545158	22.7527822606147	1
8.125	52.25	0.100003615958074	0.804663990413116	0.00445337133557585	22.7195291099349	1
8.375	52.25	0.157552543077927	0.805460945037268	0.00214206134345385	22.6717514734664	1
8.625	52.25	0.242583855153757	0.804838479746696	-0.000452998601101907	22.6052712440624	1
8.875	52.25	0.356127168859416	0.802534510012943	-0.00303456147425136	22.516568600328	1
9.125	52.25	0.489335375999339	0.799224024847916	-0.00526007967522826	22.4039350556201	1
9.375	52.25	0.624206164290582	0.796290442753113	-0.00686172605673823	22.2682528205784	1
9.625	52.25	0.742207449219791	0.794704322986716	-0.00774495837875839	22.1127896024325	1
9.875	52.25	0.833217925224129	0.794396198691519	-0.00798644270251838	21.9420774611294	1
10.125	52.25	0.896888581818964	0.794754577977485	-0.00775418632585757	21.7606237815123	1
10.375	52.25	0.938397730122009	0.795273964354774	-0.00722702978625924	21.5721124565536	1
10.625	52.25	0.964137596441817	0.795730807109625	-0.00655192120639887	21.3791932435398	1
10.875	52.25	0.979528612547824	0.796083698707417	-0.00583292801978595	21.1836170653944	1
11.125	52.25	0.988478574125659	0.796358420758166	-0.00513565659562772	20.9864761496884	1
11.375	52.25	0.99356725109019	0.796589205232867	-0.00449642054932457	20.788424449279	1
11.625	52.25	0.996407969525627	0.796800266231434	-0.00393135845456984	20.5898414831103	1
11.875	52.25	0.997972355905719	0.797004456506141	-0.00344383992518636	20.3909420827196	1
12.125	52.25	0.998828228983463	0.797206634380699	-0.00302987785828889	20.1918455346192	1
12.375	52.25	0.999298533124823	0.7974071357369	-0.0026817959724692	19.9926173477079	1
12.625	52.25	0.999562145405068	0.797604222361388	-0.00239055110327428	19.7932936401552	1
12.875	52.25	0.999715577440719	0.797795541858882	-0.00214709790609242	19.5938949289293	1
13.125	52.25	0.999809631314855	0.797978890332385	-0.00194311317297925	19.3944336684408	1
13.375	52.25	0.999870544046045	0.798152544799441	-0.00177131587511607	19.1949182190657	1
13.625	52.25	0.99991179846108	0.798315353122175	-0.00162554741312752	18.9953548474947	1
13.875	52.25	0.999940481418339	0.798466699884922	-0.00150072062197179	18.7957486863955	1
14.125	52.25	0.999960561851801	0.798606418193472	-0.00139270564945651	18.5961041715549	1
14.375	52.25	0.999974497504916	0.798734686402681	-0.00129819323220492	18.3964252336945	1
14.625	52.25	0.999983978976267	0.798851929906404	-0.00121455793497673	18.1967153852141	1
14.875	52.25	0.999990256059091	0.798958737017159	-0.00113973274199617	17.9969777676152	1
15.125	52.25	0.99999427835911	0.799055791697106	-0.00107209974693458	17.7972151870836	1
15.375	52.25	0.999996762610411	0.799143822590786	-0.00101039795403062	17.5974301475545	1
15.625	52.25	0.999998235625321	0.799223566258206	-0.000953647264014039	17.397624882996	1
15.875	52.25	0.999999070615227	0.799295741982004	-0.000901086839209218	17.1978013881704	1
16.125	52.25	0.999999521001619	0.799361035551955	-0.000852125761674594	16.9979614468417	1
16.375	52.25	0.999999751086343	0.799420089728204	-0.000806303938115552	16.798106656821	1
16.625	52.25	0.999999862163559	0.799473499490149	-0.000763261390725818	16.5982384517407	1
16.875	52.25	0.999999913279349	0.79952181058568	-0.000722714321090186	16.3983581197968	1
17.125	52.25	0.999999936685096	0.799565520260176	-0.000684436587074855	16.1984668198663	1
17.375	52.25	0.99999994863655	0.799605079349058	-0.000648245467376668	15.9985655954457	1
17.625	52.25	0.999999956484066	0.799640895159907	-0.000613990797611873	15.7986553868118	1
17.875	52.25	0.999999963031596	0.799673334745188	-0.000581546738068519	15.5987370417302	1
18.125	52.25	0.999999969028352	0.799702728305977	-0.000550805583311786	15.3988113249635	1
18.375	52.25	0.999999974469563	0.799729372557356	-0.000521673144141501	15.1988789267603	1
18.625	52.25	0.99999997919599	0.799753533950209	-0.000494065333080822	14.9989404704623	1
18.875	52.25	0.999999983114268	0.799775451693066	-0.000467905664688638	14.7989965193298	1
19.125	52.25	0.999999986238319	0.79979534054324	-0.000443123444941976	14.5990475826658	1
19.375	52.25	0.999999988661135	0.799813393358008	-0.000419652476401168	14.3990941213078	1
19.625	52.25	0.99999999051302	0.799829783406693	-0.000397430145481325	14.1991365525455	1
19.875	52.25	0.999999991927586	0.799844666456205	-0.000376396789861521	13.9991752545208	1
20.125	52.25	0.999999993022043	0.799858182639946	-0.000356495268128178	13.799210570161	1
20.375	52.25	0.99999999388876	0.799870458129926	-0.000337670674618997	13.5992428106924	1
20.625	52.25	0.999999994595299	0.799881606628104	-0.000319870155110166	13.3992722587797	1
20.875	52.25	0.999999995188037	0.799891730694137	-0.000303042791081666	13.1992991713296	1
21.125	52.25	0.999999995697571	0.799900922925654	-0.000287139530035625	12.9993237819978	1
21.375	52.25	0.999999996143321	0.79990926700738	-0.000272113144228568	12.7993463034312	1
21.625	52.25	0.999999996537717	0.799916838642927	-0.000257918205809129	12.599366929274	1
21.875	52.25	0.999999996888843	0.799923706382753	-0.000244511070266495	12.3993858359669	1
22.125	52.25	0.999999997202478	0.799929932359116	-0.000231849862581371	12.1994031843595	1
22.375	52.25	0.999999997482957	0.79993557293977	-0.000219894461862378	11.9994191211588	1
22.625	52.25	0.999999997733843	0.79994067930932	-0.000208606482675975	11.7994337802319	1
22.875	52.25	0.999999997958198	0.799945297987572	-0.00019794925211521	11.5994472837769	1
23.125	52.25	0.99999999815884	0.799949471290252	-0.000187887781325868	11.3994597433793	1
23.375	52.25	0.999999998338214	0.799953237741094	-0.00017838873235556	11.199471260964	1
23.625	52.25	0.999999998498656	0.799956632439341	-0.000169420380089557	10.9994819296548	1
23.875	52.25	0.999999998642225	0.79995968738829	-0.000160952569605602	10.7994918345523	1
24.125	52.25	0.999999998770922	0.799962431789835	-0.000152956670576928	10.5995010534363	1
24.375	52.25	0.999999998886472	0.799964892307743	-0.000145405528026088	10.3995096574028	1
24.625	52.25	0.99999999899041	0.799967093303833	-0.000138273411011851	10.1995177114423	1
24.875	52.25	0.999999999083944	0.799969057051085	-0.000131535959712099	9.99952527496299	1
25.125	52.25	0.999999999168184	0.799970803924285	-0.000125170130824243	9.79953240226747	1
25.375	52.25	0.99999999924404	0.799972352572737	-0.000119154143083884	9.59953914298542	1
25.625	52.25	0.999999999312384	0.799973720074965	-0.000113467421978212	9.3995455424675	1
25.875	52.25	0.99999999937404	0.799974922078921	-0.000108090545415806	9.1995516421441	1
26.125	52.25	0.999999999429731	0.799975972928078	-0.000103005189145992	8.99955747985234	1
26.375	52.25	0.999999999480165	0.799976885776366	-9.81940741022355e-05	8.79956309013445	1
26.625	52.25	0.999999999525882	0.799977672691458	-9.36409139817285e-05	8.59956850450989	1
26.875	52.25	0.999999999567495	0.799978344748581	-8.93303648274673e-05	8.39957375172433	1
27.125	52.25	0.999999999605448	0.799978912115787	-8.52479757398792e-05	8.19957885797672	1
27.375	52.25	0.999999999640375	0.799979384131261	-8.13801414986158e-05	7.99958384712761	1
27.625	52.25	0.999999999672783	0.799979769373662	-7.77140567104214e-05	7.79958874088908	1
27.875	52.25	0.999999999703138	0.799980075725563	-7.42376717101155e-05	7.59959355899942	1
28.125	52.25	0.999999999731204	0.799980310432099	-7.0939650570293e-05	7.39959831938269	1
28.375	52.25	0.999999999755949	0.799980480153849	-6.78093305658078e-05	7.19960303829552	1
28.625	52.25	0.999999999775149	0.799980591015598	-6.48366837882861e-05	6.99960773046136	1
28.875	52.25	0.999999999786059	0.799980648650095	-6.20122802199304e-05	6.79961240919407	1
29.125	52.25	0.999999999786759	0.799980658238683	-5.93272530628362e-05	6.59961708651082	1
29.375	52.25	0.999999999779352	0.799980624547705	-5.67732653268022e-05	6.3996217732357	1
29.625	52.25	0.99999999977376	0.799980551961955	-5.4342478558433e-05	6.1996264790939	1
29.875	52.25	0.999999999790871	0.799980444514432	-5.20275229207602e-05	5.99963121279791	1
30.125	52.25	0.999999999860863	0.799980305913898	-4.98214692389438e-05	5.79963598212638	1
30.375	52.25	1.00000000001235	0.799980139569908	-4.77178020659031e-05	5.59964079399804	1
30.625	52.25	1.00000000024777	0.799979948616936	-4.57103941924827e-05	5.39964565454303	1
30.875	52.25	1.00000000050661	0.799979735938446	-4.37934819863017e-05	5.19965056917497	1
31.125	52.25	1.00000000062896	0.799979504192754	-4.19616417943868e-05	4.99965554266475	1
31.375	52.25	1.00000000034945	0.799979255840128	-4.02097673005801e-05	4.79966057921318	1
31.625	52.25	0.999999999366137	0.799978993168387	-3.8533049086317e-05	4.59966568251174	1
31.875	52.25	0.999999997528762	0.799978718308518	-3.69269574555572e-05	4.39967085577291	1
32.125	52.25	0.999999995152958	0.79997843323079	-3.538723071126e-05	4.1996761017067	1
32.375	52.25	0.999999993374998	0.799978139710587	-3.39098689351982e-05	3.99968142242904	1
32.625	52.25	0.999999994315975	0.799977839264556	-3.24911315103032e-05	3.79968681932034	1
32.875	52.25	1.00000000067305	0.799977533079541	-3.11275304713649e-05	3.59969229291342	1
33.125	52.25	1.00000001431845	0.799977221993974	-2.98158057698432e-05	3.39969784296908	1
33.375	52.25	1.00000003374454	0.799976906627584	-2.85528644206861e-05	3.19970346895108	1
33.625	52.25	1.00000005093214	0.799976587759491	-2.73356716052572e-05	2.99970917106509	1
33.875	52.25	1.00000004946501	0.799976266981835	-2.61611069823996e-05	2.79971495177952	1
34.125	52.25	1.00000000711188	0.799975947459614	-2.5025847840583e-05	2.59972081724172	1
34.375	52.25	0.999999906670328	0.799975634309804	-2.3926405928375e-05	2.3997267773088	1
34.625	52.25	0.999999757011654	0.799975333769719	-2.28594924202805e-05	2.19973284236037	1
34.875	52.25	0.999999620232771	0.799975050217123	-2.18228532318146e-05	1.99973901530276	1
35.125	52.25	0.999999630025423	0.799974780645513	-2.08165137117321e-05	1.79974527908825	1
35.375	52.25	0.99999997348407	0.799974507823734	-1.98439346401912e-05	1.599751584311	1
35.625	52.25	1.00000080174447	0.799974196185477	-1.89119510193046e-05	1.39975784757625	1
35.875	52.25	1.00000204832985	0.79997379774881	-1.80278125958517e-05	1.19976397673447	1
36.125	52.25	1.00000318449427	0.799973276871653	-1.71917618711217e-05	0.999769938090806	1
36.375	52.25	1.00000303620075	0.799972658708294	-1.63852164365754e-05	0.799775865368857	1
36.625	52.25	0.999999908192809	0.799972092670296	-1.55585262118266e-05	0.599782173814805	1
36.875	52.25	0.999992338371067	0.799971891843087	-1.46283074214889e-05	0.399789587396774	1
37.125	52.25	0.999980713020833	0.799975780460831	-1.35000160014771e-05	0.199798936386292	1
37.375	52.25	0.999969550596218	0.399976345516983	-1.23196018840127e-05	-0.000191048322175253	1
0.125	52.75	0.00044824866419167	0.799900811706186	-0.00134325886700496	22.8279602328861	1
0.375	52.75	0.000448653451736544	0.800239397275251	-0.00121909282537191	22.8278292145947	1
0.625	52.75	0.00044943151584125	0.800396535838414	-0.000797853166634233	22.827657750917	1
0.875	52.75	0.000450336248900082	0.800547342721482	-0.00015615506817624	22.8274463419123	1
1.125	52.75	0.000450734665884885	0.800675646353091	0.000667882450911564	22.8271983719114	1
1.375	52.75	0.000449486427791013	0.800758212490024	0.00162826578159336	22.8269228676628	1
1.625	52.75	0.000444942293736554	0.800776734969289	0.00264579169982982	22.8266353837758	1
1.875	52.75	0.000435143067777927	0.800735974236296	0.00356094903631287	22.826354724672	1
2.125	52.75	0.000418284778957067	0.800673607763059	0.00410384229427247	22.8260948358149	1
2.375	52.75	0.000393469303281269	0.800639780005523	0.00399903936727568	22.8258567483482	1
2.625	52.75	0.000361690565921185	0.800652366197398	0.00325135387484779	22.8256300421158	1
2.875	52.75	0.000326939180358254	0.800680564561588	0.00229597528041402	22.8254051331145	1
3.125	52.75	0.000297272127472366	0.800680213286555	0.00165723559577643	22.8251820206313	1
3.375	52.75	0.000285697136092673	0.8006276265567	0.00153545967858755	22.8249664092253	1
3.625	52.75	0.000310734919315332	0.800518960718599	0.00184039341866443	22.8247618324821	1
3.875	52.75	0.000396510035709586	0.800357067931025	0.00238329001203785	22.8245651110667	1
4.125	52.75	0.000572183803249529	0.800143430673104	0.00299337561127338	22.8243650567393	1
4.375	52.75	0.000870514549589871	0.799877351339089	0.00357766701961483	22.8241426671726	1
4.625	52.75	0.0013253710060713	0.799560324613272	0.00411732518673903	22.8238709961634	1
4.875	52.75	0.00196824397325846	0.799200963016457	0.00462927845722594	22.8235139461922	1
5.125	52.75	0.00282430622072553	0.79881728151707	0.00513393921398039	22.823024376349	1
5.375	52.75	0.00390930775581632	0.798436627995132	0.00564102285203146	22.8223417458729	1
5.625	52.75	0.00522937055142839	0.798094711014284	0.00614669000747865	22.8213884436366	1
5.875	52.75	0.00678654214874363	0.797834372678223	0.00663409094398906	22.8200628376451	1
6.125	52.75	0.00859409157741739	0.797703960997106	0.00707397513833513	22.8182260677309	1
6.375	52.75	0.0107074604554351	0.797754955295857	0.0074252573059709	22.8156784809962	1
6.625	52.75	0.0132800550357528	0.798038537290552	0.00763650624958753	22.8121202651883	1
6.875	52.75	0.0166582617631568	0.798600614517643	0.00764928577511025	22.8070894961814	1
7.125	52.75	0.0215372905853737	0.79947395723439	0.00740383956828594	22.7998702950474	1
7.375	52.75	0.0292061749074736	0.800664196432988	0.00684702118313836	22.78936600065	1
7.625	52.75	0.0419053864161683	0.802123520845708	0.0059417817348962	22.773940995546	1
7.875	52.75	0.0632716475172359	0.80370435692896	0.00467728022455931	22.7512562648803	1
8.125	52.75	0.0986819668165453	0.805094452471786	0.00307919635688615	22.7181647622395	1
8.375	52.75	0.154948303138399	0.80577691478303	0.00122064823611341	22.6707915366874	1
8.625	52.75	0.238361671622472	0.805148279638286	-0.000767840994193689	22.6049663934905	1
8.875	52.75	0.350370655721628	0.802950655648102	-0.00269995847825281	22.5171091260883	1
9.125	52.75	0.482758504463008	0.799805227444888	-0.00436681148003053	22.405379352499	1
9.375	52.75	0.617905437448207	0.797042418526444	-0.0056042793568554	22.270497905428	1
9.625	52.75	0.737060174939592	0.795623633226987	-0.00635127845993989	22.1156102450592	1
9.875	52.75	0.829528986727691	0.795476646211233	-0.00665086555449954	21.9452077860446	1
10.125	52.75	0.894503255524029	0.795964728884295	-0.00660456240725782	21.763828995772	1
10.375	52.75	0.936979046380779	0.796555984524893	-0.0063247075412992	21.5752227890168	1
10.625	52.75	0.963356393804886	0.797019270740015	-0.00590805198319891	21.382105648539	1
10.875	52.75	0.979134419282312	0.797322778254999	-0.00542755276444106	21.1862815290102	1
11.125	52.75	0.988303725101157	0.797509376535342	-0.0049332875517606	20.9888789635857	1
11.375	52.75	0.993508243249164	0.797630444903357	-0.00445665894516474	20.7905740071214	1
11.625	52.75	0.996404762660711	0.797723978770989	-0.00401519399574775	20.5917579758699	1
11.875	52.75	0.997992135172478	0.797812469533927	-0.0036168388442651	20.3926507133869	1
12.125	52.75	0.998854291726876	0.79790673360425	-0.00326337807059892	20.1933723935248	1
12.375	52.75	0.999323231581478	0.798010242653745	-0.0029529502568988	19.9939871201112	1
12.625	52.75	0.999582633048876	0.798122428345614	-0.00268178252894723	19.794528496513	1
12.875	52.75	0.999731360131865	0.79824084802651	-0.00244531551817056	19.5950141354143	1
13.125	52.75	0.999821225515014	0.798362473073866	-0.00223888580360435	19.3954536077952	1
13.375	52.75	0.999878786543391	0.798484386270196	-0.00205810553117922	19.1958526237075	1
13.625	52.75	0.99991752323094	0.798604110158391	-0.00189904571707556	18.9962151239208	1
13.875	52.75	0.999944392726567	0.798719718833496	-0.00175829922932241	18.7965442608306	1
14.125	52.75	0.999963204835469	0.798829831567962	-0.00163297484701258	18.5968428191254	1
14.375	52.75	0.999976271713267	0.798933548996725	-0.00152065553083846	18.3971133731837	1
14.625	52.75	0.999985166541991	0.79903036767229	-0.00141934126245507	18.1973583330251	1
14.875	52.75	0.999991051043022	0.799120092861958	-0.00132738829015292	17.9975799509625	1
15.125	52.75	0.999994811832106	0.799202759576709	-0.00124345117242322	17.7977803196626	1
15.375	52.75	0.999997122060577	0.799278565923478	-0.00116643067545482	17.5979613723027	1
15.625	52.75	0.999998479077024	0.79934781953574	-0.00109542862689204	17.398124886878	1
15.875	52.75	0.999999236478566	0.79941089611554	-0.00102970974930702	17.1982724936891	1
16.125	52.75	0.999999634743697	0.799468208365896	-0.000968669951339939	16.9984056844909	1
16.375	52.75	0.999999829659688	0.799520183403052	-0.000911810321956253	16.7985258221227	1
16.625	52.75	0.999999916910394	0.79956724684432	-0.000858716012118738	16.598634149934	1
16.875	52.75	0.999999951826667	0.799609812003167	-0.000809039222617225	16.3987318007187	1
17.125	52.75	0.999999964182795	0.799648272904532	-0.000762485591530837	16.1988198050989	1
17.375	52.75	0.9999999685715	0.799683000098215	-0.000718803362987685	15.9988990994052	1
17.625	52.75	0.999999971220296	0.79971433848468	-0.000677774813928912	15.7989705331221	1
17.875	52.75	0.999999974172403	0.799742606555732	-0.000639209497747181	15.5990348759467	1
18.125	52.75	0.999999977661099	0.799768096608925	-0.000602938940696179	15.3990928244902	1
18.375	52.75	0.999999981332162	0.79979107561035	-0.000568812493282393	15.199145008618	1
18.625	52.75	0.999999984790258	0.79981178646665	-0.000536694093853855	14.9991919974224	1
18.875	52.75	0.999999987783039	0.799830449538604	-0.000506459748516092	14.79923430481	1
19.125	52.75	0.999999990217613	0.799847264273255	-0.000477995571175921	14.5992723946934	1
19.375	52.75	0.999999992115278	0.799862410870952	-0.000451196259151643	14.3993066857823	1
19.625	52.75	0.9999999935581	0.799876051927518	-0.000425963904816834	14.1993375559787	1
19.875	52.75	0.999999994647019	0.799888334016324	-0.000402207066884983	13.9993653463854	1
20.125	52.75	0.999999995476925	0.799899389181922	-0.000379840039901323	13.799390364948	1
20.375	52.75	0.99999999612467	0.799909336334609	-0.000358782274901008	13.5994128897502	1
20.625	52.75	0.999999996646848	0.799918282539284	-0.000338957914952504	13.3994331719883	1
20.875	52.75	0.999999997082006	0.799926324196685	-0.000320295417305309	13.1994514386497	1
21.125	52.75	0.999999997455009	0.799933548118519	-0.000302727241121998	12.9994678949217	1
21.375	52.75	0.999999997780969	0.799940032503335	-0.000286189584273238	12.7994827263555	1
21.625	52.75	0.999999998069056	0.799945847817731	-0.000270622157047373	12.5994961008087	1
21.875	52.75	0.999999998324871	0.799951057589607	-0.000255967983548745	12.3995081701884	1
22.125	52.75	0.999999998552241	0.799955719120902	-0.000242173224086217	12.1995190720152	1
22.375	52.75	0.999999998754002	0.799959884127314	-0.000229187013313899	11.9995289308266	1
22.625	52.75	0.999999998932568	0.799963599310336	-0.000216961310370039	11.7995378594368	1
22.875	52.75	0.999999999090064	0.799966906870522	-0.000205450759124498	11.599545960067	1
23.125	52.75	0.999999999228569	0.799969844965636	-0.000194612555770009	11.3995533253614	1
23.375	52.75	0.999999999349967	0.799972448120629	-0.000184406322690445	11.1995600392995	1
23.625	52.75	0.999999999456192	0.799974747594382	-0.000174793988325434	10.9995661780166	1
23.875	52.75	0.999999999548965	0.799976771707066	-0.000165739671310093	10.7995718105416	1
24.125	52.75	0.99999999962994	0.799978546133307	-0.000157209569596475	10.5995769994619	1
24.375	52.75	0.999999999700534	0.799980094164349	-0.000149171853749769	10.3995818015218	1
24.625	52.75	0.999999999762045	0.799981436941914	-0.000141596563725873	10.199586268162	1
24.875	52.75	0.999999999815526	0.799982593669014	-0.000134455510461609	9.99959044600661	1
25.125	52.75	0.999999999861928	0.799983581797763	-0.000127722180412362	9.79959437730273	1
25.375	52.75	0.999999999902117	0.799984417198358	-0.00012137164484578	9.59959810031759	1
25.625	52.75	0.999999999936814	0.799985114310119	-0.000115380472173866	9.39960164969761	1
25.875	52.75	0.999999999966735	0.799985686277634	-0.000109726644848661	9.19960505679348	1
26.125	52.75	0.999999999992427	0.799986145072657	-0.000104389479040606	8.99960834995433	1
26.375	52.75	1.0000000000145	0.799986501604041	-9.93495486718072e-05	8.79961155479469	1
26.625	52.75	1.00000000003337	0.799986765816632	-9.45886126765371e-05	8.5996146944361	1
26.875	52.75	1.00000000004955	0.799986946780019	-9.00895459720225e-05	8.39961778972695	1
27.125	52.75	1.00000000006343	0.799987052768883	-8.58362737670673e-05	8.19962085944158	1
27.375	52.75	1.00000000007556	0.799987091335345	-8.18137091913806e-05	7.99962392046185	1
27.625	52.75	1.0000000000864	0.799987069374631	-7.80076943046306e-05	7.79962698794154	1
27.875	52.75	1.00000000009635	0.799986993183566	-7.4404943915321e-05	7.59963007545668	1
28.125	52.75	1.00000000010518	0.799986868514337	-7.09929927725269e-05	7.39963319514192	1
28.375	52.75	1.00000000011181	0.799986700622803	-6.77601453341189e-05	7.1996363578154	1
28.625	52.75	1.00000000011404	0.79998649431276	-6.46954287167028e-05	6.99963957309208	1
28.875	52.75	1.00000000010909	0.799986253975342	-6.1788547835123e-05	6.79964284948752	1
29.125	52.75	1.00000000009501	0.799985983625324	-5.90298435011404e-05	6.59964619451211	1
29.375	52.75	1.00000000007376	0.799985686933508	-5.64102526246557e-05	6.39964961475691	1
29.625	52.75	1.00000000005485	0.799985367256248	-5.39212711404034e-05	6.19965311597119	1
29.875	52.75	1.00000000005841	0.799985027661509	-5.15549188155489e-05	5.99965670313281	1
30.125	52.75	1.00000000011366	0.799984670952789	-4.93037063911429e-05	5.79966038051227	1
30.375	52.75	1.0000000002485	0.799984299690846	-4.71606043562834e-05	5.59966415173253	1
30.625	52.75	1.0000000004658	0.799983916214528	-4.51190135390261e-05	5.39966801982698	1
30.875	52.75	1.00000000070794	0.799983522661635	-4.31727368993773e-05	5.19967198729863	1
31.125	52.75	1.00000000082135	0.799983120991672	-4.13159527118458e-05	4.99967605618168	1
31.375	52.75	1.00000000055006	0.799982713009849	-3.95431889430915e-05	4.79968022810238	1
31.625	52.75	0.999999999601074	0.799982300389691	-3.78493002374759e-05	4.59968450432929	1
31.875	52.75	0.999999997824277	0.799981884686368	-3.6229448235509e-05	4.39968888579469	1
32.125	52.75	0.99999999551435	0.799981467331401	-3.46790873162024e-05	4.19969337306478	1
32.375	52.75	0.999999993753267	0.799981049598495	-3.31939558897328e-05	3.99969796624458	1
32.625	52.75	0.999999994573109	0.799980632540547	-3.17700714404654e-05	3.79970266483466	1
32.875	52.75	1.00000000057318	0.799980216919721	-3.04037219148948e-05	3.59970746761531	1
33.125	52.75	1.00000001358874	0.799979803187425	-2.90914397671834e-05	3.39971237270962	1
33.375	52.75	1.00000003225256	0.799979391606105	-2.782994147831e-05	3.19971737802845	1
33.625	52.75	1.00000004899306	0.799978982608289	-2.66160210220208e-05	2.99972248225619	1
33.875	52.75	1.00000004820044	0.799978577419266	-2.54464101832185e-05	2.799727686302	1
34.125	52.75	1.00000000862728	0.799978178782817	-2.43176648809575e-05	2.59973299465968	1
34.375	52.75	0.999999913644431	0.799977791326643	-2.32261995397836e-05	2.39973841545694	1
34.625	52.75	0.999999771219624	0.799977420776545	-2.21686375768752e-05	2.19974395744609	1
34.875	52.75	0.999999639763648	0.799977071126045	-2.11426152025633e-05	1.9997496224139	1
35.125	52.75	0.999999645738033	0.799976739382829	-2.01479800082493e-05	1.79975539330423	1
35.375	52.75	0.99999996667466	0.79997640905957	-1.91879042945461e-05	1.5997612223729	1
35.625	52.75	1.00000074675745	0.799976046252906	-1.82688242571183e-05	1.39976702952287	1
35.875	52.75	1.00000192487829	0.799975605243058	-1.73975806668593e-05	1.19977272609604	1
36.125	52.75	1.00000300284089	0.799975051969768	-1.65742456168402e-05	0.99977827847193	1
36.375	52.75	1.00000287169745	0.799974409987283	-1.57806911705626e-05	0.799783811286102	1
36.625	52.75	0.999999928559882	0.799973820624443	-1.49687279597718e-05	0.599789715584595	1
36.875	52.75	0.999992789654787	0.799973580327517	-1.40574848600384e-05	0.399796674732324	1
37.125	52.75	0.999981817358237	0.799977205832262	-1.29551934099748e-05	0.199805472981219	1
37.375	52.75	0.999971278531463	0.399977694053828	-1.18040275734166e-05	-0.000185087726559361	1
0.125	53.25	0.000442071248455779	0.799901261186463	-0.00182821435172079	22.8281020724238	1
0.375	53.25	0.000442475191457107	0.800241664971425	-0.00165740066491662	22.8279726447505	1
0.625	53.25	0.000443256458275617	0.800409756985437	-0.0012905668707364	22.8277999276637	1
0.875	53.25	0.000444179295179398	0.800572856699146	-0.000730079563929597	22.8275843598629	1
1.125	53.25	0.000444628132163714	0.80071633034165	-6.20055514741178e-06	22.827328939108	1
1.375	53.25	0.000443485669798324	0.800817762476536	0.000811622623468917	22.8270418781746	1
1.625	53.25	0.000439128086729332	0.800856829656323	0.0015849709619832	22.8267379118576	1
1.875	53.25	0.000429618139626355	0.800829769077185	0.00208235688595048	22.826436095927	1
2.125	53.25	0.00041316228546256	0.800756769986302	0.00204331721618311	22.8261539654798	1
2.375	53.25	0.000388852131579655	0.800671631423351	0.00141341179239991	22.8259013250447	1
2.625	53.25	0.000357642009038113	0.800601686153216	0.000592788340916682	22.825678401503	1
2.875	53.25	0.000323448053403434	0.800557267626108	0.000221304123289724	22.8254788477862	1
3.125	53.25	0.000294219599817666	0.800530479490006	0.000545980730109172	22.8252938155358	1
3.375	53.25	0.000282837231974145	0.800498678863677	0.00129999995378157	22.8251150934943	1
3.625	53.25	0.000307702316306466	0.800434788100473	0.00214743634077941	22.8249364278202	1
3.875	53.25	0.000392867296767135	0.800318332316234	0.00292530119403591	22.8247520911263	1
4.125	53.25	0.000567517778170632	0.80014123470675	0.00361197839456734	22.824553036889	1
4.375	53.25	0.000864586319829707	0.79990682767912	0.00423673915513696	22.8243226343607	1
4.625	53.25	0.00131831449230036	0.799625886250352	0.00482291801125143	22.8240339306971	1
4.875	53.25	0.00196080346134376	0.799314534441628	0.00537640866204811	22.8236483951879	1
5.125	53.25	0.00281810397435699	0.798994441069837	0.00589274634174648	22.8231150764684	1
5.375	53.25	0.00390711518405105	0.798693299526454	0.00636220697557768	22.8223692254587	1
5.625	53.25	0.0052353007037974	0.798444425130711	0.00677033308431533	22.8213293530565	1
5.875	53.25	0.00680600438524188	0.798285482003344	0.00709733582766754	22.8198909894536	1
6.125	53.25	0.00863326624023705	0.798256658801893	0.00731817521492096	22.8179143396138	1
6.375	53.25	0.0107719406675696	0.798398476411131	0.00740355475709885	22.8152017623686	1
6.625	53.25	0.0133721222843367	0.798749237360412	0.00732181686655545	22.8114595789453	1
6.875	53.25	0.0167719760685471	0.799341781175875	0.007041786003188	22.8062373495911	1
7.125	53.25	0.0216501986921655	0.800198244613913	0.00653651424445926	22.7988372063609	1
7.375	53.25	0.0292661730139585	0.801319465785122	0.00578765686733635	22.7881879450535	1
7.625	53.25	0.0418118710721077	0.802662531293014	0.00479001656248022	22.7726870495404	1
7.875	53.25	0.0628535475719995	0.80409795296417	0.0035559256719213	22.7500347091528	1
8.125	53.25	0.0976853408549473	0.805345991378584	0.00211983259098257	22.7171240348114	1
8.375	53.25	0.153065646513594	0.805931499407822	0.000544215537848506	22.670110013358	1
8.625	53.25	0.23535099545246	0.805284727394779	-0.00107369770044092	22.604824282338	1
8.875	53.25	0.346270173553477	0.803147940101634	-0.00260217750612846	22.5176419322312	1
9.125	53.25	0.478046021295189	0.800104712275875	-0.00389753533847176	22.4066286262282	1
9.375	53.25	0.613347305676301	0.797450096746275	-0.00485159189101644	22.2723898255451	1
9.625	53.25	0.733294277411927	0.79614274110824	-0.00543228426942463	22.1179814493332	1
9.875	53.25	0.826797114443365	0.796113102062755	-0.00568166548207988	21.9478620861878	1
10.125	53.25	0.892713334150223	0.796708550187701	-0.00567987911835478	21.7665888644267	1
10.375	53.25	0.935898223388347	0.79737646243457	-0.00550972431364325	21.577955022411	1
10.625	53.25	0.962749905544197	0.797876113002781	-0.00523897252781192	21.3847241237729	1
10.875	53.25	0.978820255803147	0.798178164878169	-0.00491675445337754	21.1887385915005	1
11.125	53.25	0.988158139135985	0.798334204046576	-0.00457605398218327	20.9911542083012	1
11.375	53.25	0.993453650812585	0.798405575902539	-0.00423763646309292	20.7926644966516	1
11.625	53.25	0.996395385528638	0.798438939143029	-0.00391364764613814	20.5936709773794	1
11.875	53.25	0.998002445420664	0.79846332904682	-0.00361044128061561	20.3943987741241	1
12.125	53.25	0.998870956584448	0.798494036682157	-0.00333064830333235	20.1949702155527	1
12.375	53.25	0.999339908971242	0.798537315378778	-0.00307462394032412	19.9954496977097	1
12.625	53.25	0.999596776745272	0.798594121519416	-0.00284142248891792	19.7958700894695	1
12.875	53.25	0.99974234261387	0.798662666755269	-0.00262943004856341	19.5962477703551	1
13.125	53.25	0.99982928501388	0.798740010871297	-0.00243675863280946	19.3965908977946	1
13.375	53.25	0.999884469676258	0.798822982711511	-0.00226147947159054	19.1969037690517	1
13.625	53.25	0.999921413736457	0.798908664323964	-0.00210175165458518	18.9971890076138	1
13.875	53.25	0.999946997471694	0.798994606430316	-0.00195588517121211	18.7974485864199	1
14.125	53.25	0.999964920709694	0.799078887764813	-0.00182236457668691	18.5976842604633	1
14.375	53.25	0.999977390021226	0.799160090418524	-0.00169985029387414	18.3978977195832	1
14.625	53.25	0.999985891576996	0.799237235623652	-0.00158716819049024	18.1980906216879	1
14.875	53.25	0.999991521272985	0.799309706099458	-0.0014832938269512	17.9982645834808	1
15.125	53.25	0.999995118683402	0.799377169328806	-0.0013873350419293	17.7984211621399	1
15.375	53.25	0.999997324710361	0.799439508841839	-0.00129851485518345	17.5985618400583	1
15.625	53.25	0.999998615284624	0.799496766244312	-0.00121615565629041	17.3986880153418	1
15.875	53.25	0.99999933012193	0.799549094298294	-0.00113966507455493	17.1988009972978	1
16.125	53.25	0.999999700865684	0.799596720126481	-0.00106852361158211	16.9989020053692	1
16.375	53.25	0.999999877748241	0.799639917096777	-0.00100227396018021	16.7989921701889	1
16.625	53.25	0.999999952983473	0.799678983835687	-0.000940511862317926	16.5990725358812	1
16.875	53.25	0.999999979736479	0.7997142289166	-0.000882878334221843	16.3991440631237	1
17.125	53.25	0.999999986424207	0.7997459599693	-0.00082905308641698	16.1992076327219	1
17.375	53.25	0.999999986781987	0.799774476168347	-0.00077874897458923	15.99926404957	1
17.625	53.25	0.999999986490069	0.799800063267031	-0.00073170733476411	15.7993140469158	1
17.875	53.25	0.999999987238492	0.799822990523416	-0.000687694069952445	15.599358290848	1
18.125	53.25	0.99999998903026	0.799843509012096	-0.000646496371489242	15.3993973849219	1
18.375	53.25	0.999999991359558	0.799861850935527	-0.000607919974631648	15.1994318748288	1
18.625	53.25	0.999999993730274	0.799878229641445	-0.00057178686027408	14.999462253024	1
18.875	53.25	0.99999999582245	0.799892840126589	-0.000537933327590161	14.7994889632305	1
19.125	53.25	0.999999997497222	0.799905859859669	-0.000506208374305868	14.599512404758	1
19.375	53.25	0.99999999874402	0.799917449804631	-0.000476472331439155	14.3995329365878	1
19.625	53.25	0.99999999962241	0.799927755551755	-0.00044859570618042	14.1995508811933	1
19.875	53.25	1.00000000021699	0.799936908494119	-0.000422458197025239	13.9995665280805	1
20.125	53.25	1.00000000061039	0.799945027002204	-0.000397947850147576	13.7995801370433	1
20.375	53.25	1.00000000087001	0.799952217566867	-0.000374960330820128	13.5995919411374	1
20.625	53.25	1.00000000104506	0.799958575889399	-0.000353398290300075	13.3996021493858	1
20.875	53.25	1.00000000116808	0.7999641879062	-0.000333170811174465	13.1996109492277	1
21.125	53.25	1.00000000125906	0.799969130740528	-0.000314192917418611	12.9996185087305	1
21.375	53.25	1.00000000132906	0.799973473580315	-0.000296385138051214	12.7996249785813	1
21.625	53.25	1.00000000138391	0.799977278481067	-0.000279673116079105	12.5996304938784	1
21.875	53.25	1.00000000142641	0.799980601096649	-0.000263987255216675	12.3996351757385	1
22.125	53.25	1.00000000145799	0.799983491341099	-0.000249262398457714	12.1996391327382	1
22.375	53.25	1.00000000147947	0.799985993986803	-0.000235437534390289	11.9996424622063	1
22.625	53.25	1.00000000149156	0.79998814920179	-0.000222455526946373	11.7996452513798	1
22.875	53.25	1.00000000149494	0.799989993033301	-0.000210262866004755	11.5996475784398	1
23.125	53.25	1.00000000149047	0.799991557841286	-0.000198809436358565	11.3996495134379	1
23.375	53.25	1.00000000147905	0.79999287268604	-0.000188048302516879	11.1996511191254	1
23.625	53.25	1.00000000146173	0.799993963675217	-0.000177935508569547	10.9996524516955	1
23.875	53.25	1.00000000143944	0.799994854273808	-0.000168429891057284	10.7996535614475	1
24.125	53.25	1.00000000141306	0.79999556558061	-0.000159492903616254	10.5996544933814	1
24.375	53.25	1.00000000138333	0.79999611657598	-0.000151088453431028	10.3996552877301	1
24.625	53.25	1.00000000135097	0.799996524341569	-0.000143182746764325	10.199655980437	1
24.875	53.25	1.00000000131662	0.799996804257717	-0.000135744145032802	9.99965660358354	1
25.125	53.25	1.0000000012808	0.799996970178966	-0.000128743028939725	9.79965718577214	1
25.375	53.25	1.00000000124405	0.799997034590961	-0.000122151671585189	9.59965775247075	1
25.625	53.25	1.00000000120669	0.799997008750248	-0.000115944118668617	9.39965832632125	1
25.875	53.25	1.00000000116908	0.799996902809583	-0.000110096076516332	9.19965892741717	1
26.125	53.25	1.00000000113137	0.799996725929918	-0.000104584806458516	8.99965957355253	1
26.375	53.25	1.00000000109387	0.799996486379917	-9.93890258557592e-05	8.79966028044627	1
26.625	53.25	1.00000000105673	0.79999619162551	-9.44888152355819e-05	8.59966106194358	1
26.875	53.25	1.0000000010202	0.799995848409582	-8.98655310962337e-05	8.3996619301978	1
27.125	53.25	1.00000000098447	0.799995462823951	-8.55017241433355e-05	8.19966289583364	1
27.375	53.25	1.00000000094991	0.799995040373295	-8.13810622970008e-05	7.99966396809484	1
27.625	53.25	1.00000000091682	0.799994586033041	-7.74882589324298e-05	7.79966515497688	1
27.875	53.25	1.0000000008854	0.799994104300567	-7.38090051604073e-05	7.59966646334709	1
28.125	53.25	1.00000000085529	0.799993599241806	-7.03299067157059e-05	7.39966789905297	1
28.375	53.25	1.00000000082529	0.799993074532716	-6.70384244104918e-05	7.19966946702024	1
28.625	53.25	1.00000000079312	0.799992533497206	-6.39228188244401e-05	6.99967117134143	1
28.875	53.25	1.00000000075592	0.799991979140709	-6.09720980828122e-05	6.79967301535601	1
29.125	53.25	1.00000000071166	0.799991414180666	-5.81759692413187e-05	6.59967500172262	1
29.375	53.25	1.00000000066206	0.799990841073455	-5.5524792543395e-05	6.39967713248414	1
29.625	53.25	1.00000000061617	0.799990262038782	-5.30095389099968e-05	6.19967940912591	1
29.875	53.25	1.00000000059331	0.799989679081224	-5.06217499833431e-05	5.99968183262785	1
30.125	53.25	1.00000000062174	0.799989094009537	-4.83535008067645e-05	5.79968440351146	1
30.375	53.25	1.00000000072862	0.799988508454149	-4.61973647347669e-05	5.59968712188352	1
30.625	53.25	1.00000000091726	0.799987923883813	-4.41463804942238e-05	5.39968998747887	1
30.875	53.25	1.00000000113274	0.799987341622709	-4.21940208452972e-05	5.19969299970526	1
31.125	53.25	1.00000000122752	0.799986762869569	-4.03341629379255e-05	4.99969615769104	1
31.375	53.25	1.00000000095455	0.799986188717964	-3.85610601650263e-05	4.79969946033307	1
31.625	53.25	1.00000000002922	0.799985620175411	-3.68693168129554e-05	4.59970290633522	1
31.875	53.25	0.999999998301484	0.799985058174012	-3.52538662327581e-05	4.39970649421968	1
32.125	53.25	0.999999996045872	0.799984503563256	-3.37099543146118e-05	4.19971022228981	1
32.375	53.25	0.999999994292386	0.799983957075383	-3.22331286463477e-05	3.99971408853026	1
32.625	53.25	0.999999994987981	0.799983419262767	-3.08192313633347e-05	3.79971809046086	1
32.875	53.25	1.00000000063851	0.799982890428728	-2.94643887662015e-05	3.59972222501611	1
33.125	53.25	1.00000001304434	0.799982370605937	-2.81649844631157e-05	3.39972648859521	1
33.375	53.25	1.00000003097357	0.799981859670262	-2.69175997602068e-05	3.19973087747737	1
33.625	53.25	1.0000000472845	0.799981357681221	-2.57189102948447e-05	2.99973538875586	1
33.875	53.25	1.00000004714098	0.799980865474748	-2.45655512615596e-05	2.79974002172176	1
34.125	53.25	1.00000001023854	0.799980385356194	-2.34540076018898e-05	2.59974477916926	1
34.375	53.25	0.999999920495032	0.79997992145243	-2.23806458540153e-05	2.39974966746217	1
34.625	53.25	0.999999785004512	0.799979478969809	-2.13420484609107e-05	2.19975469369475	1
34.875	53.25	0.999999658627799	0.799979061507114	-2.03357818689877e-05	1.99975985849041	1
35.125	53.25	0.999999660867463	0.799978666062505	-1.93615425758044e-05	1.7997651447032	1
35.375	53.25	0.999999960053365	0.799978276842944	-1.84222216908353e-05	1.5997705061088	1
35.625	53.25	1.00000069368468	0.799977861526192	-1.752384483808e-05	1.39977586570635	1
35.875	53.25	1.00000180584486	0.799977376554361	-1.66728291790546e-05	1.19978113812236	1
36.125	53.25	1.00000282781712	0.799976789380397	-1.58691002793354e-05	0.99978628973371	1
36.375	53.25	1.00000271348076	0.799976122014832	-1.50951146945483e-05	0.799791436351279	1
36.625	53.25	0.999999949171057	0.799975508000711	-1.43044528853758e-05	0.59979694563376	1
36.875	53.25	0.999993226891603	0.79997522775763	-1.34192659362164e-05	0.39980346173285	1
37.125	53.25	0.999982886132565	0.79997859670712	-1.23511486026073e-05	0.199811724421173	1
37.375	53.25	0.999972950722609	0.399979012744232	-1.12374892610734e-05	-0.000179395453145296	1
0.125	53.75	0.000437345106882467	0.799890306494484	-0.00189080285450795	22.8282439139484	1
0.375	53.75	0.000437747520167002	0.800202491646721	-0.00179667765699714	22.8281217327341	1
0.625	53.75	0.000438528689145571	0.800341549464203	-0.00133708720389655	22.8279629541342	1
0.875	53.75	0.000439459611944351	0.800473295462661	-0.000588653110503612	22.8277691075292	1
1.125	53.75	0.000439935314048383	0.800587637899047	0.000458809524261397	22.8275431545764	1
1.375	53.75	0.00043885117628618	0.80066898737957	0.00178347457785391	22.8272918099511	1
1.625	53.75	0.000434593761906499	0.80070672042234	0.00326489603187356	22.8270258796779	1
1.875	53.75	0.000425226584482641	0.800705883714228	0.00462521712262902	22.8267576179894	1
2.125	53.75	0.000408937521760786	0.800687311291772	0.00544839625735457	22.8264963751021	1
2.375	53.75	0.000384769854317656	0.800670680530721	0.00537445073315098	22.8262463139754	1
2.625	53.75	0.000353590931176198	0.800656278374274	0.00442938862345299	22.8260090052215	1
2.875	53.75	0.000319185107278709	0.800632711117988	0.00315759225727966	22.8257868131807	1
3.125	53.75	0.000289320933438548	0.800597288316382	0.00223705466718398	22.8255806185988	1
3.375	53.75	0.000276645443627887	0.800551770859932	0.0019835332745678	22.8253860074473	1
3.625	53.75	0.000299271180246973	0.800486955546494	0.00233137656231577	22.8251944208607	1
3.875	53.75	0.000380908642441434	0.800386047989249	0.00304156487033328	22.8249956829495	1
4.125	53.75	0.000550359127860431	0.800238568460867	0.0038682089499808	22.8247769798157	1
4.375	53.75	0.000840150679694705	0.800046247973096	0.00466070819508843	22.8245189509772	1
4.625	53.75	0.00128413139176723	0.799819715328378	0.00536540127665242	22.8241923420971	1
4.875	53.75	0.00191404518936516	0.799574810763349	0.00597456580921365	22.8237565009753	1
5.125	53.75	0.00275561088954239	0.799332174741746	0.00648705774741519	22.8231586860936	1
5.375	53.75	0.00382533967159075	0.7991180464145	0.00689493633241963	22.8223328994403	1
5.625	53.75	0.00513006875113235	0.798964297606724	0.00718373092619665	22.8211971065354	1
5.875	53.75	0.00667195736058976	0.798907490782513	0.00733570679355465	22.8196471657741	1
6.125	53.75	0.00846278715573076	0.79898734748614	0.00733276654429989	22.8175447324329	1
6.375	53.75	0.010553276593686	0.799244809512398	0.00715890731988139	22.8146951297081	1
6.625	53.75	0.013086275139702	0.799719591603197	0.00680250850142762	22.8108097685682	1
6.875	53.75	0.0163877390858642	0.800446737761591	0.00625842011544915	22.8054463339944	1
7.125	53.75	0.0211165025337904	0.801450763503789	0.00552962764760998	22.7979193534075	1
7.375	53.75	0.0285008903365341	0.802734022380361	0.00462823219489537	22.7871757056891	1
7.625	53.75	0.0406871376883977	0.804252971730593	0.00357562825861566	22.7716377150804	1
7.875	53.75	0.0611813246183397	0.805874108921331	0.00240220398342928	22.7490366897684	1
8.125	53.75	0.0952166070402602	0.807309048652138	0.00114765124192473	22.7162990543683	1
8.375	53.75	0.14953381164728	0.808066818741054	-0.000136558785980217	22.6696052219064	1
8.625	53.75	0.230600581650129	0.807548815947182	-0.00138272899490708	22.6047879440199	1
8.875	53.75	0.340463205459129	0.805451492691554	-0.00250662602354378	22.5181827323343	1
9.125	53.75	0.471786455693792	0.802315192562312	-0.00342269561452689	22.4077738387367	1
9.375	53.75	0.607484772379047	0.799441415438691	-0.00407578901825846	22.2740698853796	1
9.625	53.75	0.728486599818147	0.79785613788374	-0.00446535751194949	22.1200561406957	1
9.875	53.75	0.823258814978803	0.797561046977631	-0.00463778088587137	21.9501707953894	1
10.125	53.75	0.890307624630444	0.797934975501452	-0.00465668960788111	21.7689922647546	1
10.375	53.75	0.934349876400966	0.798426391269061	-0.00457819923331434	21.5803524416327	1
10.625	53.75	0.961790348548949	0.798786466705421	-0.00444200680662844	21.3870520379196	1
10.875	53.75	0.978241596215556	0.798977753321485	-0.00427301501590692	21.1909615171109	1
11.125	53.75	0.987816554373948	0.799045202738457	-0.0040860419985722	20.9932552358247	1
11.375	53.75	0.993255649203713	0.799044790300752	-0.0038899272530028	20.7946380556036	1
11.625	53.75	0.996282471791292	0.799018890772282	-0.00369019902097547	20.5955180117691	1
11.875	53.75	0.997938984568609	0.798993248828265	-0.00349056564985633	20.3961237519675	1
12.125	53.75	0.998835706887432	0.798980738431113	-0.00329367684775567	20.1965793549699	1
12.375	53.75	0.999320462521823	0.798985907922114	-0.00310149501160509	19.9969499468302	1
12.625	53.75	0.999586033002193	0.799008548426179	-0.00291547981447072	19.7972685561307	1
12.875	53.75	0.999736324305264	0.79904609086831	-0.00273669106556725	19.5975514139803	1
13.125	53.75	0.999825812932598	0.799095074331619	-0.00256585812743866	19.3978063714501	1
13.375	53.75	0.999882375178415	0.799151974969673	-0.00240343557908733	19.1980373461552	1
13.625	53.75	0.999920081382469	0.799213626332909	-0.00224965200054739	18.9982465555328	1
13.875	53.75	0.999946106233637	0.799277392906794	-0.00210455371852492	18.7984355655	1
14.125	53.75	0.999964301827794	0.799341203286282	-0.00196804373030514	18.5986057364676	1
14.375	53.75	0.999976951527552	0.799403510074872	-0.0018399157128732	18.3987583828988	1
14.625	53.75	0.999985579708971	0.799463217148397	-0.001719883124418	18.1988948096661	1
14.875	53.75	0.999991301535609	0.799519597726036	-0.00160760357858596	17.9990163039284	1
15.125	53.75	0.99999496691245	0.799572215817107	-0.00150269881666522	17.7991241168617	1
15.375	53.75	0.999997222956062	0.799620856968419	-0.00140477070043896	17.5992194478285	1
15.625	53.75	0.999998549872233	0.799665470346546	-0.00131341369938962	17.3993034339333	1
15.875	53.75	0.999999290624555	0.799706122058161	-0.00122822436721037	17.1993771443457	1
16.125	53.75	0.999999679435434	0.799742958571407	-0.00114880829247179	16.9994415779346	1
16.375	53.75	0.999999868592008	0.799776178700119	-0.00107478497949746	16.7994976629531	1
16.625	53.75	0.999999951916987	0.799806012574429	-0.0010057910756204	16.5995462579498	1
16.875	53.75	0.999999983803724	0.799832706154763	-0.000941482307231695	16.3995881534577	1
17.125	53.75	0.99999999358226	0.799856510062473	-0.000881534435587144	16.1996240742434	1
17.375	53.75	0.999999995649951	0.799877671715206	-0.000825643489138445	15.9996546820104	1
17.625	53.75	0.99999999615624	0.799896429963935	-0.000773525479730893	15.7996805784906	1
17.875	53.75	0.99999999711705	0.799913011603543	-0.000724915765666222	15.5997023088488	1
18.125	53.75	0.999999998757662	0.799927629269547	-0.000679568187146803	15.39972036532	1
18.375	53.75	1.00000000072129	0.799940480349023	-0.000637254067654412	15.1997351909841	1
18.625	53.75	1.00000000260992	0.799951746621905	-0.00059776114956788	14.9997471835874	1
18.875	53.75	1.00000000416688	0.799961594418282	-0.000560892513049815	14.7997566993244	1
19.125	53.75	1.00000000529311	0.799970175126244	-0.000526465510669879	14.5997640565105	1
19.375	53.75	1.00000000600205	0.799977625933278	-0.00049431074031984	14.3997695390903	1
19.625	53.75	1.000000006367	0.799984070707093	-0.000464271068955634	14.199773399944	1
19.875	53.75	1.0000000064796	0.799989620950229	-0.000436200714831967	13.9997758639675	1
20.125	53.75	1.00000000642524	0.799994376780853	-0.000409964391475875	13.7997771309172	1
20.375	53.75	1.00000000627155	0.799998427905929	-0.000385436512925133	13.5997773780149	1
20.625	53.75	1.00000000606647	0.800001854562054	-0.000362500459232808	13.399776762322	1
20.875	53.75	1.00000000584047	0.800004728410344	-0.000341047899296869	13.1997754228901	1
21.125	53.75	1.0000000056111	0.800007113374881	-0.000320978167179332	12.9997734827023	1
21.375	53.75	1.00000000538701	0.80000906642076	-0.000302197688365068	12.7997710504203	1
21.625	53.75	1.00000000517165	0.800010638269258	-0.000284619452408828	12.5997682219528	1
21.875	53.75	1.00000000496555	0.80001187405187	-0.000268162527915685	12.3997650818588	1
22.125	53.75	1.00000000476808	0.800012813903951	-0.000252751616032059	12.1997617046034	1
22.375	53.75	1.00000000457814	0.80001349350203	-0.00023831663971036	11.9997581556782	1
22.625	53.75	1.00000000439483	0.800013944547388	-0.000224792365267687	11.7997544926003	1
22.875	53.75	1.00000000421733	0.800014195200896	-0.00021211805327061	11.5997507658028	1
23.125	53.75	1.00000000404525	0.800014270472815	-0.00020023713670866	11.3997470194268	1
23.375	53.75	1.0000000038784	0.800014192571054	-0.00018909692370413	11.1997432920261	1
23.625	53.75	1.00000000371675	0.80001398121181	-0.000178648322637941	10.9997396171945	1
23.875	53.75	1.00000000356029	0.800013653897423	-0.000168845588392732	10.7997360241218	1
24.125	53.75	1.00000000340901	0.800013226162432	-0.000159646086543357	10.59973253809	1
24.375	53.75	1.00000000326294	0.800012711793785	-0.000151010076076018	10.399729180912	1
24.625	53.75	1.0000000031221	0.800012123025665	-0.000142900506955536	10.199725971323	1
24.875	53.75	1.00000000298662	0.800011470712893	-0.000135282833155411	9.99972292532722	1
25.125	53.75	1.00000000285646	0.80001076448495	-0.000128124838672863	9.79972005650624	1
25.375	53.75	1.00000000273165	0.80001001288266	-0.00012139647649001	9.5997173762932	1
25.625	53.75	1.00000000261205	0.800009223479584	-0.00011506971855914	9.39971489421584	1
25.875	53.75	1.00000000249755	0.800008402989639	-0.000109118416634394	9.1997126181132	1
26.125	53.75	1.00000000238786	0.800007557363115	-0.000103518173018467	8.99971055432747	1
26.375	53.75	1.00000000228289	0.800006691870961	-9.82462202331846e-05	8.79970870787515	1
26.625	53.75	1.00000000218246	0.800005811180185	-9.3281309324491e-05	8.59970708259875	1
26.875	53.75	1.00000000208654	0.800004919420393	-8.86036056973734e-05	8.39970568130218	1
27.125	53.75	1.00000000199507	0.800004020243769	-8.4194592573242e-05	8.19970450587076	1
27.375	53.75	1.00000000190816	0.800003116877435	-8.00369807022568e-05	7.9997035573782	1
27.625	53.75	1.00000000182592	0.800002212170512	-7.61146247995375e-05	7.79970283618163	1
27.875	53.75	1.00000000174829	0.800001308635428	-7.24124453945268e-05	7.59970234200633	1
28.125	53.75	1.00000000167471	0.800000408485212	-6.89163563832543e-05	7.39970207402107	1
28.375	53.75	1.00000000160385	0.799999513666234	-6.56131972277181e-05	7.19970203090535	1
28.625	53.75	1.00000000153335	0.799998625887789	-6.24906701644498e-05	6.99970221090919	1
28.875	53.75	1.00000000146025	0.799997746648203	-5.95372814874319e-05	6.79970261190643	1
29.125	53.75	1.00000000138238	0.799996877258179	-5.67422870729481e-05	6.59970323144189	1
29.375	53.75	1.00000000130119	0.799996018861135	-5.40956414307156e-05	6.39970406677298	1
29.625	53.75	1.00000000122529	0.799995172451333	-5.15879504352859e-05	6.19970511490612	1
29.875	53.75	1.00000000117324	0.799994338889669	-4.92104272144726e-05	5.99970637262847	1
30.125	53.75	1.0000000011724	0.799993518917631	-4.69548511638327e-05	5.79970783653587	1
30.375	53.75	1.00000000124924	0.799992713169652	-4.48135295618003e-05	5.59970950305873	1
30.625	53.75	1.0000000014074	0.799991922185081	-4.2779261707524e-05	5.39971136848813	1
30.875	53.75	1.00000000159446	0.799991146420758	-4.08453049039064e-05	5.19971342900474	1
31.125	53.75	1.0000000016686	0.799990386265889	-3.9005342483921e-05	4.99971568071159	1
31.375	53.75	1.0000000013912	0.799989642058177	-3.72534536951139e-05	4.79971811966786	1
31.625	53.75	1.00000000048559	0.799988914099039	-3.55840864638279e-05	4.59972074191452	1
31.875	53.75	0.999999998801687	0.799988202661122	-3.39920338366372e-05	4.39972354347479	1
32.125	53.75	0.999999996594833	0.799987507978786	-3.24724155962945e-05	4.1997265203084	1
32.375	53.75	0.999999994845617	0.799986830212417	-3.10206656072303e-05	3.99972966820619	1
32.625	53.75	0.99999999542016	0.799986169385855	-2.96325227774258e-05	3.79973298264005	1
32.875	53.75	1.00000000073574	0.799985525317535	-2.83040192022599e-05	3.59973645863698	1
33.125	53.75	1.00000001256011	0.799984897597057	-2.70314528181408e-05	3.39974009081573	1
33.375	53.75	1.00000002979082	0.799984285691103	-2.58113292821342e-05	3.19974387377306	1
33.625	53.75	1.00000004569604	0.799983689265877	-2.46402626317307e-05	2.9997478029679	1
33.875	53.75	1.00000004617632	0.79998310875132	-2.35148463444483e-05	2.79975187604025	1
34.125	53.75	1.00000001182417	0.799982546002864	-2.2431548211658e-05	2.599756094064	1
34.375	53.75	0.999999927075571	0.799982004640667	-2.13867397031837e-05	2.3997604616294	1
34.625	53.75	0.99999979818626	0.799981489349123	-2.03770124577844e-05	2.19976498416545	1
34.875	53.75	0.999999676624194	0.799981003326327	-1.9399906450127e-05	1.9997696611086	1
35.125	53.75	0.999999675245127	0.799980543539473	-1.8454996996085e-05	1.79977447515536	1
35.375	53.75	0.999999953591698	0.799980094838405	-1.75449043552204e-05	1.59977938146371	1
35.625	53.75	1.00000064278462	0.799979626393027	-1.66752347198053e-05	1.39978430592231	1
35.875	53.75	1.00000169188847	0.799979096696207	-1.58519700919673e-05	1.19978916622883	1
36.125	53.75	1.00000266041079	0.799978474638163	-1.50749175412388e-05	0.999793928692963	1
36.375	53.75	1.00000256239666	0.799977780753204	-1.43272546973479e-05	0.799798700628706	1
36.625	53.75	0.999999969680737	0.799977141146065	-1.35646512694675e-05	0.599803827272596	1
36.875	53.75	0.999993646982488	0.799976820924984	-1.27128040200037e-05	0.399809915203856	1
37.125	53.75	0.999983912041486	0.799979941841625	-1.16872724850287e-05	0.199817661544972	1
37.375	53.75	0.999974555788481	0.399980290413434	-1.06196238926632e-05	-0.00017399659012842	1
0.125	54.25	0.000434246975547671	0.799881894546256	-0.00240444684238358	22.8283517065102	1
0.375	54.25	0.000434647636912475	0.800166213411752	-0.00228741807424484	22.8282343156819	1
0.625	54.25	0.000435426705196807	0.800274366004389	-0.00192336080493942	22.8280896435167	1
0.875	54.25	0.000436358911678735	0.800385783367884	-0.00136022956653196	22.8279162174418	1
1.125	54.25	0.00043684511233495	0.800489517122066	-0.000595366662520599	22.8277146613755	1
1.375	54.25	0.000435786601123389	0.800570287921732	0.000307370676937536	22.8274893053264	1
1.625	54.25	0.000431571422253725	0.800613945869696	0.00117360712304764	22.8272488631611	1
1.875	54.25	0.000422252858564423	0.800616692413833	0.00171961643458874	22.8270054888134	1
2.125	54.25	0.000405987506152852	0.800594755829056	0.00168131582458176	22.8267709345421	1
2.375	54.25	0.000381756572599604	0.800581216701499	0.00108500224498661	22.8265501129925	1
2.625	54.25	0.000350326107844683	0.800599558326444	0.000397211608809507	22.8263374628089	1
2.875	54.25	0.000315333066701381	0.800636522628784	0.000188472617456082	22.8261235428495	1
3.125	54.25	0.000284344856665878	0.800654472291931	0.000612665983990015	22.8259060017563	1
3.375	54.25	0.000269741504908493	0.800630855448967	0.00143772682477385	22.8256892055661	1
3.625	54.25	0.000289285475718168	0.800571240848761	0.00241276047910447	22.8254741434811	1
3.875	54.25	0.000366237050232561	0.800489637601831	0.00338989257636939	22.8252516295646	1
4.125	54.25	0.000528839089953711	0.800390743177076	0.00429376885279021	22.8250026586906	1
4.375	54.25	0.000808963039003122	0.800270906787248	0.0050988608205135	22.8247011893024	1
4.625	54.25	0.00123973276017853	0.800128583603469	0.00580204285294901	22.8243146861927	1
4.875	54.25	0.00185213253699528	0.799970961326021	0.00639664174552036	22.8238023761881	1
5.125	54.25	0.0026710773224257	0.799814307825981	0.00686502752009884	22.8231131325461	1
5.375	54.25	0.00371214209764847	0.799682147969981	0.00718336061847817	22.822183574108	1
5.625	54.25	0.00498092045912332	0.799604105131471	0.00732735834513135	22.820935209422	1
5.875	54.25	0.00647776369405607	0.799615555285557	0.00727605228049639	22.819268404507	1
6.125	54.25	0.00821172762020446	0.799757279913821	0.00701483874181517	22.8170501831787	1
6.375	54.25	0.0102293933672186	0.800074439645994	0.00653879637569234	22.8140918872213	1
6.625	54.25	0.0126673635773482	0.800614362111998	0.00585605398097067	22.8101114302139	1
6.875	54.25	0.0158422609070753	0.801422396685832	0.0049903965064199	22.8046735318876	1
7.125	54.25	0.0203991935806207	0.802534217629551	0.00398215437832901	22.7971006729089	1
7.375	54.25	0.0275468563068346	0.8039611832746	0.00288650329820139	22.7863493107072	1
7.625	54.25	0.0394049624322695	0.805662726375761	0.00176865235741805	22.7708536853953	1
7.875	54.25	0.0594481046673788	0.807498262769956	0.000696144572966227	22.7483592853537	1
8.125	54.25	0.0928835855464159	0.809159086316777	-0.000270442112655559	22.7158068085279	1
8.375	54.25	0.14646068111399	0.8101192075631	-0.00108625059299903	22.6693853888949	1
8.625	54.25	0.226739901874343	0.809731630550295	-0.00172838634550057	22.6049219517137	1
8.875	54.25	0.335982645931085	0.807639774244807	-0.00219888286397282	22.5187235091256	1
9.125	54.25	0.46712525407412	0.804351983845832	-0.00252390296910554	22.408724621581	1
9.375	54.25	0.603207108983883	0.801193085587905	-0.00274674348355588	22.2753797590277	1
9.625	54.25	0.725002187437615	0.799264866957059	-0.00291313090331899	22.1216385279427	1
9.875	54.25	0.820679842659143	0.798646167776677	-0.00305535788827524	21.9519324827114	1
10.125	54.25	0.888523276655585	0.79875710866347	-0.0031857684463152	21.7708545528945	1
10.375	54.25	0.933167618784661	0.799055246395351	-0.00330139255243176	21.5822577543832	1
10.625	54.25	0.961027395644697	0.799284617826888	-0.00339288143827444	21.3889610501857	1
10.875	54.25	0.977756968421643	0.799394723212066	-0.00345151151804394	21.1928476517786	1
11.125	54.25	0.987511684423898	0.799416568689548	-0.00347246447158729	20.9951000848974	1
11.375	54.25	0.993065000397184	0.799393759669991	-0.00345528427792352	20.796428471613	1
11.625	54.25	0.99616363069772	0.79935892830063	-0.00340293198550874	20.5972444827203	1
11.875	54.25	0.997864938081957	0.799330850784132	-0.00332046183562421	20.3977795199022	1
12.125	54.25	0.998789442681656	0.7993178528585	-0.00321384265062006	20.1981598964445	1
12.375	54.25	0.999291366725608	0.799321810449671	-0.00308910476586482	19.9984526074193	1
12.625	54.25	0.999567539407738	0.799341172450467	-0.00295181364727339	19.7986922457204	1
12.875	54.25	0.999724399879656	0.799372899165005	-0.00280680144914514	19.5988963299223	1
13.125	54.25	0.999817992584894	0.799413583548882	-0.0026580756260846	19.3990737430042	1
13.375	54.25	0.999877153770328	0.799460036591516	-0.00250883588335224	19.1992292024917	1
13.625	54.25	0.999916535879859	0.799509547627638	-0.00236154935255324	18.9993655207424	1
13.875	54.25	0.999943664299485	0.7995599596427	-0.00221805097968182	18.7994846825706	1
14.125	54.25	0.999962602153796	0.799609647142335	-0.00207964918035844	18.59958832025	1
14.375	54.25	0.999975760597136	0.799657449014618	-0.00194722579327705	18.3996779005062	1
14.625	54.25	0.999984742599727	0.799702586386462	-0.00182132507221649	18.1997547857259	1
14.875	54.25	0.999990712864027	0.799744581578804	-0.00170222986222067	17.9998202475687	1
15.125	54.25	0.999994553503937	0.79978318588517	-0.00159002499978891	17.7998754671632	1
15.375	54.25	0.99999693327143	0.799818319040353	-0.00148464894335354	17.5999215345665	1
15.625	54.25	0.999998347329828	0.799850020576048	-0.00138593505748003	17.399959450692	1
15.875	54.25	0.999999149204782	0.799878411942076	-0.00129364408478769	17.1999901314262	1
16.125	54.25	0.999999580669713	0.799903667748775	-0.00120748928454442	17.0000144128458	1
16.375	54.25	0.999999799434244	0.799925994400364	-0.00112715558078625	16.8000330566401	1
16.625	54.25	0.99999990320917	0.799945614537437	-0.00105231389634201	16.6000467552549	1
16.875	54.25	0.999999949161031	0.799962755939073	-0.000982631671027016	16.4000561366105	1
17.125	54.25	0.999999968583381	0.799977643792557	-0.000917780397618685	16.2000617684355	1
17.375	54.25	0.999999977252592	0.799990495470777	-0.000857440857963361	16.00006416233	1
17.625	54.25	0.999999982278954	0.800001517158973	-0.000801306607666298	15.8000637776669	1
17.875	54.25	0.999999986343045	0.800010901831647	-0.000749086146375773	15.6000610254012	1
18.125	54.25	0.999999990126826	0.800018828205528	-0.000700504116821638	15.4000562718178	1
18.375	54.25	0.999999993585498	0.800025460390351	-0.000655301797608893	15.2000498422083	1
18.625	54.25	0.999999996533057	0.800030948028252	-0.000613237093118458	15.000042024454	1
18.875	54.25	0.999999998856098	0.800035426769089	-0.000574084176311847	14.8000330724767	1
19.125	54.25	1.00000000055185	0.800039018964092	-0.000537632898409362	14.6000232095243	1
19.375	54.25	1.00000000169815	0.800041834496225	-0.000503688051896408	14.4000126312638	1
19.625	54.25	1.00000000241105	0.800043971682524	-0.000472068549694205	14.2000015086608	1
19.875	54.25	1.00000000281045	0.800045518203343	-0.00044260656489737	13.9999899906368	1
20.125	54.25	1.00000000300028	0.800046552026359	-0.000415146663097628	13.7999782065015	1
20.375	54.25	1.0000000030603	0.800047142303386	-0.000389544949507831	13.5999662681636	1
20.625	54.25	1.00000000304636	0.800047350223257	-0.000365668245124656	13.3999542721304	1
20.875	54.25	1.00000000299412	0.800047229813585	-0.000343393301237217	13.1999423013069	1
21.125	54.25	1.00000000292455	0.800046828684821	-0.000322606057641653	12.9999304266087	1
21.375	54.25	1.00000000284867	0.800046188714821	-0.00030320094710902	12.7999187084026	1
21.625	54.25	1.00000000277148	0.800045346674057	-0.000285080246796257	12.5999071977915	1
21.875	54.25	1.0000000026946	0.800044334794531	-0.000268153475790753	12.3998959377555	1
22.125	54.25	1.00000000261822	0.800043181282873	-0.000252336837089005	12.1998849641645	1
22.375	54.25	1.00000000254193	0.80004191078238	-0.000237552702152371	11.999874306675	1
22.625	54.25	1.0000000024654	0.800040544786937	-0.000223729135379877	11.7998639895228	1
22.875	54.25	1.00000000238835	0.800039102011389	-0.000210799455959029	11.5998540322223	1
23.125	54.25	1.0000000023108	0.800037598721468	-0.00019870183439271	11.3998444501839	1
23.375	54.25	1.00000000223295	0.800036049027426	-0.000187378921626776	11.1998352552561	1
23.625	54.25	1.00000000215507	0.800034465144179	-0.000176777507008363	10.999826456204	1
23.875	54.25	1.00000000207747	0.800032857622964	-0.000166848204623297	10.7998180591278	1
24.125	54.25	1.00000000200042	0.800031235554989	-0.000157545163646318	10.5998100678314	1
24.375	54.25	1.00000000192434	0.800029606752261	-0.000148825802643329	10.3998024841444	1
24.625	54.25	1.0000000018495	0.800027977906894	-0.000140650564473472	10.1997953082048	1
24.875	54.25	1.00000000177626	0.800026354731523	-0.000132982690832985	9.99978853870618	1
25.125	54.25	1.00000000170483	0.800024742083084	-0.000125788014348166	9.79978217311299	1
25.375	54.25	1.00000000163545	0.800023144071674	-0.000119034767056938	9.59977620784963	1
25.625	54.25	1.00000000156814	0.800021564156611	-0.000112693403844037	9.39977063846422	1
25.875	54.25	1.00000000150298	0.80002000523031	-0.000106736439367977	9.19976545977199	1
26.125	54.25	1.00000000143986	0.80001846969242	-0.000101138297915334	8.99976066597942	1
26.375	54.25	1.0000000013788	0.800016959514427	-9.58751744840355e-05	8.79975625079259	1
26.625	54.25	1.00000000131979	0.800015476296653	-9.09249066735525e-05	8.59975220751064	1
26.875	54.25	1.00000000126295	0.800014021317824	-8.6266855883111e-05	8.39974852910717	1
27.125	54.25	1.00000000120841	0.800012595579219	-8.18817979138334e-05	8.19974520830021	1
27.375	54.25	1.00000000115642	0.800011199842663	-7.77518214906504e-05	7.99974223761286	1
27.625	54.25	1.00000000110716	0.800009834664165	-7.38602346852184e-05	7.79973960942515	1
27.875	54.25	1.00000000106071	0.800008500422925	-7.01914778890852e-05	7.59973731601886	1
28.125	54.25	1.00000000101663	0.800007197347097	-6.67310435504532e-05	7.39973534961574	1
28.375	54.25	1.00000000097375	0.800005925536027	-6.34654015796454e-05	7.19973370241024	1
28.625	54.25	1.00000000092985	0.800004684979963	-6.03819304235045e-05	6.99973236659736	1
28.875	54.25	1.00000000088208	0.80000347557707	-5.74688529951519e-05	6.79973133439612	1
29.125	54.25	1.00000000082841	0.800002297148407	-5.47151774266324e-05	6.59973059806915	1
29.375	54.25	1.00000000077025	0.800001149450595	-5.21106419750774e-05	6.39973014993861	1
29.625	54.25	1.00000000071598	0.800000032186683	-4.96456640393668e-05	6.19972998239869	1
29.875	54.25	1.0000000006837	0.799998945015167	-4.73112928050952e-05	5.9997300879252	1
30.125	54.25	1.00000000070006	0.799997887557749	-4.50991653936799e-05	5.79973045908293	1
30.375	54.25	1.000000000791	0.799996859405937	-4.30014659353371e-05	5.59973108853227	1
30.625	54.25	1.00000000096064	0.799995860127774	-4.10108875065961e-05	5.3997319690374	1
30.875	54.25	1.00000000115907	0.799994889275453	-3.91205961166823e-05	5.19973309347818	1
31.125	54.25	1.00000000124994	0.79999394639521	-3.73241970787009e-05	4.99973445486699	1
31.375	54.25	1.00000000100269	0.799993031038902	-3.56157034972308e-05	4.79973604636758	1
31.625	54.25	1.00000000014818	0.799992142774923	-3.39895076605487e-05	4.5997378613072	1
31.875	54.25	0.99999999853638	0.799991281192332	-3.24403562719137e-05	4.39973989316526	1
32.125	54.25	0.999999996404566	0.799990445888632	-3.09633306771175e-05	4.19974213551851	1
32.375	54.25	0.999999994686849	0.799989636432631	-2.95538327969914e-05	3.99974458192908	1
32.625	54.25	0.999999995173334	0.799988852301488	-2.82075745687519e-05	3.79974722578978	1
32.875	54.25	1.00000000019818	0.799988092811727	-2.69205649710665e-05	3.59975006019204	1
33.125	54.25	1.00000001149899	0.799987357093695	-2.56890826636924e-05	3.39975307794912	1
33.375	54.25	1.00000002809628	0.799986644189571	-2.45096200269825e-05	3.19975627195419	1
33.625	54.25	1.00000004364565	0.799985953358661	-2.33787887357979e-05	2.9997596360168	1
33.875	54.25	1.00000004474318	0.799985284614566	-2.22931976855191e-05	2.79976316612015	1
34.125	54.25	1.00000001282718	0.79998463935731	-2.12493534973883e-05	2.59976686162386	1
34.375	54.25	0.999999932820001	0.799984020700259	-2.02436875774293e-05	2.39977072536116	1
34.625	54.25	0.999999810179803	0.799983432808688	-1.92728531905278e-05	2.19977476111355	1
34.875	54.25	0.999999693160109	0.799982878478272	-1.83344095021911e-05	1.99977896712863	1
35.125	54.25	0.99999968832397	0.799982354625284	-1.74278430237312e-05	1.79978332589278	1
35.375	54.25	0.999999946897619	0.799981846687875	-1.65555161193966e-05	1.59978779381439	1
35.625	54.25	1.00000059397075	0.799981325230035	-1.57226096287776e-05	1.39979229946133	1
35.875	54.25	1.00000158334612	0.799980750671102	-1.49346626556303e-05	1.19979676338427	1
36.125	54.25	1.00000250131342	0.799980093253153	-1.41913974317384e-05	0.999801151775701	1
36.375	54.25	1.00000241901643	0.79997937211189	-1.34768579642842e-05	0.79980556384835	1
36.625	54.25	0.999999989475466	0.799978706313388	-1.2749135318501e-05	0.599810323538885	1
36.875	54.25	0.999994046541836	0.799978346478505	-1.1938011158336e-05	0.39981600175142	1
37.125	54.25	0.999984887450497	0.799981229825692	-1.09636260290347e-05	0.199823255081751	1
37.375	54.25	0.999976081964505	0.39998151573962	-9.95068112601485e-06	-0.000168916237700256	1
0.125	54.75	0.000432709573739321	0.799862815243207	-0.00233455361693891	22.8284395505803	1
0.375	54.75	0.000433107208038285	0.800106306546155	-0.00219239278579476	22.8283324542453	1
0.625	54.75	0.000433880884623647	0.80017684892909	-0.00175206927813562	22.8282084655147	1
0.875	54.75	0.000434807971657123	0.800258331534971	-0.000987997089727576	22.8280643105972	1
1.125	54.75	0.000435294408292098	0.800343655790385	0.000135680751648587	22.8278982650448	1
1.375	54.75	0.000434248200866784	0.800423413132922	0.00160277505155943	22.8277105714113	1
1.625	54.75	0.000430062923854462	0.800485475109824	0.00326546844732477	22.8275041482697	1
1.875	54.75	0.000420790962958741	0.800518525789244	0.00476889596853115	22.8272855755296	1
2.125	54.75	0.00040457421656334	0.800522300217646	0.00559022452866515	22.8270648997629	1
2.375	54.75	0.000380357118549961	0.800516450542001	0.0053362020499128	22.8268517881441	1
2.625	54.75	0.000348839274483654	0.800529484321726	0.00418910603065777	22.8266483513205	1
2.875	54.75	0.000313555506613778	0.800570056106378	0.0029159492809516	22.8264469054155	1
3.125	54.75	0.000281930915313858	0.800616810782095	0.00220105268114989	22.8262385020837	1
3.375	54.75	0.000266160206182315	0.800644170356038	0.00218300289011038	22.8260199816706	1
3.625	54.75	0.000283778044151588	0.800648667601094	0.00267622263735506	22.8257885161393	1
3.875	54.75	0.000357782140516115	0.800641363498905	0.00345588344734101	22.825532939834	1
4.125	54.75	0.000516137780046143	0.800626778252374	0.00434042585867367	22.8252322393899	1
4.375	54.75	0.000790460456399031	0.800599102704578	0.00520419933036559	22.8248586878199	1
4.625	54.75	0.00121369540489471	0.800552390496969	0.00597060018144178	22.8243792117652	1
4.875	54.75	0.00181679404795442	0.800487700794643	0.0065948626445363	22.823754028204	1
5.125	54.75	0.0026248491786748	0.800413036610287	0.00704660564525769	22.8229348272082	1
5.375	54.75	0.00365387389137053	0.800341388069089	0.00729902100939081	22.8218632858081	1
5.625	54.75	0.00491020544521129	0.800290402854992	0.00732589209878057	22.8204685304303	1
5.875	54.75	0.00639531954972603	0.800283517856161	0.00710414365396072	22.8186610924277	1
6.125	54.75	0.00811992944163235	0.800351336409951	0.00661928866036139	22.8163202599375	1
6.375	54.75	0.0101330953372767	0.80053238636679	0.00587198362945614	22.8132708207782	1
6.625	54.75	0.0125752261278062	0.800872601639737	0.00488443857566089	22.8092439233462	1
6.875	54.75	0.0157689080421505	0.801422508609927	0.00370538607307953	22.8038154700306	1
7.125	54.75	0.0203686467002223	0.802230100646371	0.00241197979848146	22.7963148810058	1
7.375	54.75	0.027597736511196	0.803325574178037	0.00110676083657057	22.7856989862237	1
7.625	54.75	0.039597603187472	0.804691584459221	-9.19155012914967e-05	22.7703937885733	1
7.875	54.75	0.0598721241722864	0.806211550424512	-0.00106660356433975	22.7481269048112	1
8.125	54.75	0.0936600420294356	0.807597308909546	-0.00172360481838267	22.715812711968	1
8.375	54.75	0.147724600039155	0.808337338220878	-0.00201890226695105	22.6696104829598	1
8.625	54.75	0.228582627810487	0.807795454963185	-0.00198127812986789	22.60532314754	1
8.875	54.75	0.33835354907355	0.805629254234292	-0.00172079757248859	22.5192509642965	1
9.125	54.75	0.46976392054194	0.802363839051281	-0.00140496413384208	22.4093444924583	1
9.375	54.75	0.605723827920145	0.799324528179094	-0.00119709205168497	22.2760883143167	1
9.625	54.75	0.727082512339883	0.797586223397077	-0.00118958330708153	22.1224568938134	1
9.875	54.75	0.822211867433446	0.797193569524602	-0.00138154207390181	21.9528874892688	1
10.125	54.75	0.88956127801987	0.797544407545667	-0.00170865545381489	21.7719612757205	1
10.375	54.75	0.933833049466724	0.798083505074152	-0.00208938353588737	21.5835128761508	1
10.625	54.75	0.961439687454054	0.798544673830427	-0.00245611704555686	21.3903453960964	1
10.875	54.75	0.978007603616387	0.798868394869841	-0.00276589101489978	21.1943324315207	1
11.125	54.75	0.987662711699399	0.799079083524219	-0.00299853140984926	20.9966529552232	1
11.375	54.75	0.99315578273392	0.799216887859082	-0.00315024715102231	20.7980179106476	1
11.625	54.75	0.996218220393083	0.79931384477818	-0.00322710353502975	20.598842364846	1
11.875	54.75	0.997897753895695	0.799390234632115	-0.00324000709754445	20.399362295417	1
12.125	54.75	0.998809077206062	0.799457163866291	-0.00320140252134356	20.1997088501819	1
12.375	54.75	0.999302961813517	0.799519888294945	-0.00312335325274396	19.9999535821421	1
12.625	54.75	0.999574206725315	0.799580356605657	-0.003016581014054	19.8001350996453	1
12.875	54.75	0.999728050049968	0.799638848828824	-0.00289010428716308	19.6002742988405	1
13.125	54.75	0.99981981452083	0.799694934929542	-0.00275121700817163	19.4003828057994	1
13.375	54.75	0.999877893122484	0.799747992299004	-0.00260563888926628	19.2004675013988	1
13.625	54.75	0.999916659868977	0.799797458095342	-0.0024577357286762	19.0005328583251	1
13.875	54.75	0.999943462232259	0.799842930990331	-0.00231075300998549	18.800582100388	1
14.125	54.75	0.999962248806719	0.799884192588373	-0.00216703416239321	18.6006177550824	1
14.375	54.75	0.999975357344238	0.799921189960475	-0.00202821130858921	18.4006419097411	1
14.625	54.75	0.999984344552239	0.79995400278958	-0.00189536534267147	18.2006563320155	1
14.875	54.75	0.99999034682049	0.799982807731219	-0.00176915671328853	18.0006625329092	1
15.125	54.75	0.999994229683066	0.800007846121781	-0.00164993025124543	17.8006618073373	1
15.375	54.75	0.99999665279663	0.800029397458212	-0.00153779797339176	17.6006552660037	1
15.625	54.75	0.999998106834563	0.80004775905354	-0.00143270370099185	17.4006438629909	1
15.875	54.75	0.999998943530107	0.800063231282284	-0.00133447293580603	17.2006284199191	1
16.125	54.75	0.999999404339422	0.800076107442675	-0.00124285094852939	17.0006096466147	1
16.375	54.75	0.999999647380317	0.800086667196379	-0.00115753154166683	16.8005881582843	1
16.625	54.75	0.999999771062129	0.800095172656499	-0.0010781785039949	16.6005644894693	1
16.875	54.75	0.999999833305845	0.800101866357693	-0.00100444138586898	16.4005391052602	1
17.125	54.75	0.999999866102323	0.800106970517533	-0.000935966898344565	16.2005124103295	1
17.375	54.75	0.999999885824066	0.800110687153768	-0.000872406968546053	16.0004847563088	1
17.625	54.75	0.999999900068626	0.800113198749281	-0.0008134242626986	15.8004564479529	1
17.875	54.75	0.999999911904142	0.800114669249115	-0.000758695809869705	15.6004277484185	1
18.125	54.75	0.999999922315592	0.800115245245042	-0.000707915216577348	15.400398883893	1
18.375	54.75	0.999999931492702	0.800115057253192	-0.000660793849405428	15.2003700477229	1
18.625	54.75	0.999999939430006	0.800114221016867	-0.00061706127241693	15.0003414041352	1
18.875	54.75	0.999999946152632	0.80011283879591	-0.000576465158463566	14.8003130916101	1
19.125	54.75	0.999999951764122	0.800111000613547	-0.000538770837404841	14.6002852259378	1
19.375	54.75	0.999999956424157	0.800108785443862	-0.000503760603241126	14.4002579029834	1
19.625	54.75	0.999999960312061	0.800106262328634	-0.000471232871298142	14.2002312011792	1
19.875	54.75	0.999999963597025	0.800103491418082	-0.000441001250443573	14.0002051837607	1
20.125	54.75	0.99999996642188	0.800100524931501	-0.000412893577904204	13.8001799007642	1
20.375	54.75	0.999999968897447	0.800097408039064	-0.000386750950672317	13.6001553908042	1
20.625	54.75	0.999999971104766	0.800094179665357	-0.000362426776353991	13.40013168265	1
20.875	54.75	0.999999973100304	0.80009087321828	-0.000339785858430838	13.2001087966171	1
21.125	54.75	0.999999974922465	0.800087517246423	-0.000318703526605697	13.0000867457939	1
21.375	54.75	0.999999976597061	0.800084136029805	-0.000299064817231292	12.8000655371186	1
21.625	54.75	0.99999997814191	0.80008075010832	-0.000280763706336294	12.6000451723231	1
21.875	54.75	0.999999979569824	0.800077376754342	-0.000263702396289695	12.4000256487575	1
22.125	54.75	0.999999980890978	0.800074030391917	-0.000247790654766344	12.2000069601093	1
22.375	54.75	0.999999982113862	0.80007072296891	-0.000232945204652936	11.9999890970279	1
22.625	54.75	0.999999983246114	0.800067464285936	-0.00021908916169611	11.7999720476678	1
22.875	54.75	0.999999984294696	0.800064262286914	-0.000206151517923152	11.5999557981567	1
23.125	54.75	0.999999985266069	0.800061123314418	-0.000194066666914321	11.3999403330011	1
23.375	54.75	0.999999986166315	0.800058052334773	-0.000182773969061015	11.199925635434	1
23.625	54.75	0.999999987001019	0.800055053134494	-0.000172217352131275	10.9999116877132	1
23.875	54.75	0.999999987775459	0.800052128493008	-0.000162344946234084	10.7998984713767	1
24.125	54.75	0.999999988494448	0.800049280332919	-0.000153108748902067	10.5998859674597	1
24.375	54.75	0.999999989162559	0.800046509851022	-0.000144464318547837	10.3998741566783	1
24.625	54.75	0.999999989783826	0.800043817632765	-0.000136370493557649	10.199863019585	1
24.875	54.75	0.999999990362063	0.800041203751194	-0.000128789134904116	9.9998525366986	1
25.125	54.75	0.999999990900652	0.800038667853016	-0.000121684890191983	9.79984268861271	1
25.375	54.75	0.999999991402786	0.800036209232596	-0.000115024977194464	9.59983345608548	1
25.625	54.75	0.99999999187121	0.800033826896459	-0.000108778985572716	9.39982482011285	1
25.875	54.75	0.999999992308485	0.800031519618105	-0.000102918694607067	9.19981676198829	1
26.125	54.75	0.999999992716848	0.800029285985564	-9.74179061644654e-05	8.99980926335004	1
26.375	54.75	0.999999993098434	0.800027124441776	-9.22522908727094e-05	8.79980230621858	1
26.625	54.75	0.999999993455193	0.800025033319631	-8.73992470806295e-05	8.59979587302491	1
26.875	54.75	0.999999993789078	0.800023010871119	-8.28377706430641e-05	8.39978994663157	1
27.125	54.75	0.999999994101958	0.800021055292553	-7.85483355617427e-05	8.1997845103472	1
27.375	54.75	0.999999994395648	0.800019164745447	-7.45127838396823e-05	7.99977954793586	1
27.625	54.75	0.999999994671795	0.800017337374644	-7.071422427331e-05	7.79977504362173	1
27.875	54.75	0.999999994931815	0.80001557132293	-6.71369388533356e-05	7.59977098209012	1
28.125	54.75	0.999999995176586	0.800013864743426	-6.37662966375344e-05	7.39976734848532	1
28.375	54.75	0.999999995406097	0.800012215809669	-6.05886741438182e-05	7.19976412840603	1
28.625	54.75	0.999999995619228	0.800010622724153	-5.75913820352156e-05	6.99976130789865	1
28.875	54.75	0.999999995814183	0.800009083725088	-5.47625972471669e-05	6.7997588734488	1
29.125	54.75	0.999999995989891	0.800007597091806	-5.20913003736323e-05	6.59975681197135	1
29.375	54.75	0.999999996148603	0.800006161148723	-4.95672177365795e-05	6.39975511079888	1
29.625	54.75	0.999999996299244	0.800004774268133	-4.71807679652261e-05	6.19975375766895	1
29.875	54.75	0.999999996460108	0.800003434871814	-4.49230124386773e-05	5.99975274071014	1
30.125	54.75	0.99999999665782	0.800002141431989	-4.27856095729616e-05	5.79975204842767	1
30.375	54.75	0.999999996918444	0.800000892471549	-4.07607722568872e-05	5.59975166968982	1
30.625	54.75	0.999999997247092	0.799999686564974	-3.8841228394591e-05	5.39975159371726	1
30.875	54.75	0.999999997596771	0.799998522340493	-3.70201838462719e-05	5.19975181007723	1
31.125	54.75	0.999999997836722	0.799997398484683	-3.52912878421072e-05	4.99975230868385	1
31.375	54.75	0.99999999774429	0.799996313749207	-3.36486007401554e-05	4.79975307980147	1
31.625	54.75	0.999999997057721	0.799995266957214	-3.20865646377044e-05	4.59975411404275	1
31.875	54.75	0.999999995627366	0.799994257003619	-3.05999779174488e-05	4.39975540234517	1
32.125	54.75	0.999999993674003	0.799993282839868	-2.91839746522891e-05	4.19975693590646	1
32.375	54.75	0.999999992088713	0.799992343435008	-2.78340095574923e-05	3.99975870606561	1
32.625	54.75	0.999999992591118	0.799991437711969	-2.65458463544973e-05	3.79976070414284	1
32.875	54.75	0.999999997438438	0.799990564478089	-2.53155440378067e-05	3.59976292130101	1
33.125	54.75	1.000000008341	0.799989722397123	-2.41394300471899e-05	3.39976534855549	1
33.375	54.75	1.00000002443512	0.7999889100795	-2.30140471284891e-05	3.19976797710537	1
33.625	54.75	1.00000003973897	0.799988126371373	-2.19360647441963e-05	2.99977079912489	1
33.875	54.75	1.0000000414985	0.799987370866407	-2.09021650163505e-05	2.79977380896263	1
34.125	54.75	1.00000001194126	0.799986644509963	-1.99089499287489e-05	2.59977700429744	1
34.375	54.75	0.999999936441015	0.799985949914295	-1.89529663436438e-05	2.39978038624901	1
34.625	54.75	0.999999819704677	0.7999852907335	-1.80309820711484e-05	2.19978395699489	1
34.875	54.75	0.999999706971864	0.799984669362469	-1.7140621596385e-05	1.99978771361432	1
35.125	54.75	0.999999698910669	0.799984082646504	-1.62813154867592e-05	1.79979163834712	1
35.375	54.75	0.999999938960211	0.799983516551689	-1.54551818509234e-05	1.59979568872695	1
35.625	54.75	1.00000054657032	0.799982942925204	-1.46669716891803e-05	1.39979979578835	1
35.875	54.75	1.00000148000777	0.799982323970573	-1.39217768169672e-05	1.19980388271397	1
36.125	54.75	1.00000235071302	0.799981631181553	-1.32192755130614e-05	0.999807915546874	1
36.375	54.75	1.00000228344888	0.799980882378549	-1.25445370028175e-05	0.799811985866828	1
36.625	54.75	1.00000000750709	0.799980190039437	-1.18584274052053e-05	0.599816397597154	1
36.875	54.75	0.999994421753874	0.79997979123461	-1.10953810697086e-05	0.399821688129509	1
37.125	54.75	0.999985804275793	0.799982449298658	-1.01807653365063e-05	0.199828475958722	1
37.375	54.75	0.99997751701052	0.399982677458801	-9.23137713950601e-06	-0.000164179219018938	1
0.125	55.25	0.000432081690283583	0.799834783298342	-0.00269593337194699	22.8285090530213	1
0.375	55.25	0.000432474014327081	0.800031310010149	-0.00253234337567791	22.8284158316888	1
0.625	55.25	0.000433237556171949	0.800059566578775	-0.00222231278635382	22.8283158711869	1
0.875	55.25	0.000434152601816134	0.8000983702201	-0.00168287659241566	22.8282069562794	1
1.125	55.25	0.00043463216553405	0.800149029548555	-0.000901267550517799	22.8280863935458	1
1.375	55.25	0.000433596531797631	0.800211618285076	7.29249310587357e-05	22.8279514051701	1
1.625	55.25	0.000429456489037514	0.800284725056939	0.00107894282339065	22.8277994452622	1
1.875	55.25	0.000420284351536058	0.800363709543819	0.00181766358097286	22.8276289942163	1
2.125	55.25	0.000404240129946207	0.80043906994923	0.00194709853288501	22.8274411006019	1
2.375	55.25	0.000380278083903952	0.800499584505254	0.00137413473642901	22.8272406207989	1
2.625	55.25	0.000349092449185334	0.800542952374551	0.000539015791450874	22.82703434895	1
2.875	55.25	0.00031419307245409	0.800580895050136	0.000167074356625692	22.8268256561448	1
3.125	55.25	0.000282963369877318	0.800626239397341	0.000560797965863201	22.8266114003068	1
3.375	55.25	0.000267556047745154	0.800683099521364	0.00144565553651281	22.8263832053736	1
3.625	55.25	0.000285498027597127	0.800750902285379	0.00246062890502021	22.8261280872383	1
3.875	55.25	0.000359867302900094	0.800826043970493	0.00344305072220161	22.8258280565313	1
4.125	55.25	0.000518868781678483	0.800901586075103	0.00436896847474628	22.8254601187483	1
4.375	55.25	0.000794602588408615	0.800969563435071	0.00523264456511063	22.8249960670965	1
4.625	55.25	0.0012208417148672	0.801022803922949	0.00600404935420972	22.8244019555878	1
4.875	55.25	0.00182982725106664	0.801054705780562	0.00664226512201527	22.8236378085691	1
5.125	55.25	0.0026485667227961	0.801058498765146	0.00710974195636985	22.8226576994744	1
5.375	55.25	0.00369584849614548	0.801027404988244	0.00737332706526422	22.8214095070632	1
5.625	55.25	0.00498197806773013	0.800955961611062	0.00740189348158922	22.8198328908382	1
5.875	55.25	0.00651406692575533	0.800842257451226	0.00716769237472572	22.8178532658049	1
6.125	55.25	0.00831084711821686	0.800690831457881	0.00665178237153977	22.8153686503787	1
6.375	55.25	0.0104329005443264	0.800515975050675	0.00585166408762398	22.8122251247206	1
6.625	55.25	0.0130374083780606	0.800344903504247	0.00478940000270961	22.8081753099116	1
6.875	55.25	0.0164716219228368	0.800219560774311	0.00351853552928121	22.8028130425705	1
7.125	55.25	0.0214263602745962	0.800194485790306	0.0021276395286381	22.7954770707441	1
7.375	55.25	0.0291775452712095	0.800325952176014	0.000737771110540923	22.7851189840692	1
7.625	55.25	0.04193931392643	0.800644717285405	-0.000508702337034231	22.7701394118164	1
7.875	55.25	0.0633049104454757	0.801103609725649	-0.00146931922456574	22.7482178772515	1
8.125	55.25	0.0985927750272541	0.801501023374234	-0.00203192502548374	22.7162024382525	1
8.375	55.25	0.154560531195143	0.801424029732348	-0.00215041731949174	22.6701840175327	1
8.625	55.25	0.237497511644163	0.80034502017272	-0.00187703848210628	22.6059240255182	1
8.875	55.25	0.348965051669588	0.798033272328986	-0.00137269842978972	22.5197389226641	1
9.125	55.25	0.480968469254133	0.795084254865407	-0.000868938327824162	22.4096604938545	1
9.375	55.25	0.616072802153817	0.792772476065746	-0.00057729530644632	22.2762825103681	1
9.625	55.25	0.735514151304564	0.791997022656433	-0.000599045117537465	22.1226549899805	1
9.875	55.25	0.828427390074346	0.792616233021399	-0.000904707326679456	21.9532231615016	1
10.125	55.25	0.893833879588196	0.793916095304529	-0.00138569571455587	21.77252447153	1
10.375	55.25	0.936644004401633	0.795294443999251	-0.00192166056856104	21.5843354617838	1
10.625	55.25	0.963243519753402	0.796469969911709	-0.00242099416587089	21.3914128908094	1
10.875	55.25	0.979150822640745	0.797382985976294	-0.0028309828837353	21.1956034229115	1
11.125	55.25	0.988383702168498	0.79806650391487	-0.00313132843583374	20.9980755675449	1
11.375	55.25	0.993610129069542	0.798574385439234	-0.00332303516807982	20.7995404462504	1
11.625	55.25	0.996504827901001	0.798954491635472	-0.00341857856660443	20.6004188946697	1
11.875	55.25	0.998078777897784	0.799242835375505	-0.00343504667410287	20.4009548568139	1
12.125	55.25	0.998923462643504	0.799464856532141	-0.00339003806309931	20.2012876892626	1
12.375	55.25	0.999375155520147	0.79963815577119	-0.0032995516873548	20.0014964204315	1
12.625	55.25	0.999619619425875	0.799774915837863	-0.00317713029042202	19.8016260134053	1
12.875	55.25	0.999756443822567	0.799883675473369	-0.0030337105677349	19.6017025314065	1
13.125	55.25	0.999837399995997	0.799970539441647	-0.00287782528253411	19.4017416689252	1
13.375	55.25	0.999888632995331	0.800039979452316	-0.00271594759379314	19.2017534282091	1
13.625	55.25	0.9999230850458	0.800095357650035	-0.00255286402348912	19.0017446211062	1
13.875	55.25	0.999947187340926	0.80013926735826	-0.00239202103924544	18.8017201827081	1
14.125	55.25	0.999964300613703	0.800173755249803	-0.00223582338926036	18.601683858133	1
14.375	55.25	0.999976385437135	0.800200467388943	-0.00208587970597549	18.4016385705233	1
14.625	55.25	0.999984757084867	0.800220746820484	-0.00194319907188176	18.2015866322175	1
14.875	55.25	0.999990398091043	0.800235700513739	-0.00180834539098683	18.0015298799619	1
15.125	55.25	0.9999940765425	0.800246246932168	-0.00168155700238103	17.8014697721283	1
15.375	55.25	0.99999639082604	0.800253151229471	-0.00156283840861166	17.6014074645817	1
15.625	55.25	0.999997793403178	0.800257052342252	-0.00145203000570463	17.4013438721018	1
15.875	55.25	0.999998612381957	0.800258484541305	-0.00134886064892298	17.2012797183252	1
16.125	55.25	0.999999074747134	0.80025789498045	-0.00125298693473829	17.0012155758818	1
16.375	55.25	0.999999329844104	0.800255658182018	-0.00116402226473004	16.8011518981226	1
16.625	55.25	0.999999470831526	0.800252088068901	-0.00108155809298033	16.6010890438258	1
16.875	55.25	0.999999552541027	0.800247447969286	-0.00100517922772598	16.4010272962467	1
17.125	55.25	0.999999605191703	0.800241958925788	-0.000934474635876616	16.2009668777596	1
17.375	55.25	0.99999964418168	0.80023580658049	-0.000869044867389134	16.0009079611606	1
17.625	55.25	0.999999676611832	0.80022914687177	-0.000808506959281755	15.8008506784905	1
17.875	55.25	0.999999705335486	0.800222110745573	-0.000752497476487129	15.6007951280303	1
18.125	55.25	0.999999731284913	0.800214808055822	-0.00070067418914225	15.4007413799526	1
18.375	55.25	0.999999754686292	0.800207330804128	-0.000652716767234616	15.2006894809646	1
18.625	55.25	0.999999775615795	0.800199755838807	-0.000608326777956444	15.0006394581845	1
18.875	55.25	0.999999794199282	0.800192147115944	-0.000567227200432625	14.8005913224111	1
19.125	55.25	0.999999810645186	0.800184557603309	-0.00052916161801838	14.6005450709061	1
19.375	55.25	0.999999825214183	0.800177030891899	-0.000493893205975635	14.400500689769	1
19.625	55.25	0.999999838178751	0.800169602566085	-0.000461203601083907	14.2004581559698	1
19.875	55.25	0.999999849791964	0.80016230137505	-0.000430891715783294	14.0004174390876	1
20.125	55.25	0.999999860271224	0.800155150235844	-0.000402772541153244	13.8003785027966	1
20.375	55.25	0.999999869793194	0.800148167095936	-0.000376675969706827	13.6003413061327	1
20.625	55.25	0.999999878496897	0.800141365676474	-0.000352445659082023	13.4003058045725	1
20.875	55.25	0.999999886489921	0.80013475611341	-0.000329937949571183	13.200271950947	1
21.125	55.25	0.999999893855866	0.800128345510015	-0.000309020843859561	13.0002396962153	1
21.375	55.25	0.999999900660613	0.800122138414997	-0.000289573053003222	12.8002089901157	1
21.625	55.25	0.999999906957751	0.80011613723444	-0.000271483108941615	12.600179781712	1
21.875	55.25	0.999999912792173	0.800110342588107	-0.000254648544097205	12.4001520198495	1
22.125	55.25	0.999999918202868	0.800104753615657	-0.000238975134801163	12.2001256535318	1
22.375	55.25	0.999999923224363	0.800099368240798	-0.00022437620639624	12.0001006322323	1
22.625	55.25	0.999999927887743	0.800094183398028	-0.000210771995532343	11.8000769061467	1
22.875	55.25	0.999999932221311	0.800089195227339	-0.000198089067048187	11.6000544263968	1
23.125	55.25	0.999999936250829	0.800084399240379	-0.00018625978020535	11.4000331451922	1
23.375	55.25	0.99999993999999	0.800079790463171	-0.000175221801874963	11.2000130159556	1
23.625	55.25	0.999999943490451	0.800075363556761	-0.000164917661576277	10.9999939934175	1
23.875	55.25	0.999999946742232	0.800071112919544	-0.000155294345928448	10.7999760336848	1
24.125	55.25	0.999999949773599	0.800067032773978	-0.000146302928609419	10.599959094288	1
24.375	55.25	0.999999952601427	0.80006311723921	-0.000137898232706426	10.3999431342089	1
24.625	55.25	0.999999955241036	0.800059360392086	-0.000130038522752144	10.1999281138935	1
24.875	55.25	0.999999957706574	0.800055756317471	-0.000122685223583716	9.99991399525248	1
25.125	55.25	0.999999960010933	0.800052299150071	-0.000115802663957317	9.79990074164949	1
25.375	55.25	0.999999962166051	0.800048983107938	-0.000109357842041026	9.5998883178826	1
25.625	55.25	0.99999996418279	0.800045802520045	-0.000103320211571755	9.39987669015747	1
25.875	55.25	0.999999966071161	0.800042751847638	-9.76614861089683e-05	9.1998658260557	1
26.125	55.25	0.999999967840281	0.800039825701442	-9.23554603143519e-05	8.99985569449835	1
26.375	55.25	0.999999969498581	0.800037018854245	-8.73778459722078e-05	8.7998462657065	1
26.625	55.25	0.999999971053857	0.800034326250613	-8.27061222098433e-05	8.59983751115905	1
26.875	55.25	0.999999972513465	0.800031743013035	-7.83193979549154e-05	8.39982940354897	1
27.125	55.25	0.999999973884305	0.800029264445875	-7.41982861228875e-05	8.19982191673841	1
27.375	55.25	0.99999997517284	0.800026886037131	-7.03247879922687e-05	7.99981502571341	1
27.625	55.25	0.999999976385031	0.800024603458936	-6.66821872711311e-05	7.79980870653836	1
27.875	55.25	0.999999977526258	0.800022412566365	-6.32549526043797e-05	7.59980293631072	1
28.125	55.25	0.999999978601066	0.800020309395143	-6.00286480539816e-05	7.39979769311638	1
28.375	55.25	0.999999979612849	0.800018290158248	-5.69898506524448e-05	7.19979295598573	1
28.625	55.25	0.999999980563703	0.80001635124216	-5.4126074676192e-05	6.99978870485088	1
28.875	55.25	0.999999981454852	0.800014489202398	-5.14257018538042e-05	6.79978492050381	1
29.125	55.25	0.999999982288014	0.800012700758657	-4.88779171414377e-05	6.59978158455563	1
29.375	55.25	0.999999983067922	0.800010982789266	-4.64726494485296e-05	6.39977867939665	1
29.625	55.25	0.999999983805603	0.800009332325403	-4.42005170607043e-05	6.1997761881575	1
29.875	55.25	0.999999984521047	0.800007746544761	-4.20527771794309e-05	5.99977409467086	1
30.125	55.25	0.999999985242286	0.800006222765173	-4.00212795068148e-05	5.7997723834348	1
30.375	55.25	0.999999985996808	0.80000475843816	-3.80984231799826e-05	5.59977103957841	1
30.625	55.25	0.999999986791872	0.800003351143533	-3.62771168885061e-05	5.39977004883186	1
30.875	55.25	0.99999998758425	0.800001998585829	-3.45507416540256e-05	5.19976939750262	1
31.125	55.25	0.999999988249331	0.800000698593425	-3.29131160476374e-05	4.99976907245888	1
31.375	55.25	0.99999998857269	0.799999449120291	-3.13584639430487e-05	4.79976906111733	1
31.625	55.25	0.999999988300275	0.799998248247653	-2.98813850599165e-05	4.59976935142697	1
31.875	55.25	0.999999987283625	0.799997094180139	-2.84768294696488e-05	4.39976993183322	1
32.125	55.25	0.999999985729099	0.799995985227294	-2.71400767047332e-05	4.1997707912034	1
32.375	55.25	0.999999984488918	0.799994919762568	-2.58667201659052e-05	3.99977191870032	1
32.625	55.25	0.999999985218618	0.799993896158567	-2.46526548203435e-05	3.79977330361652	1
32.875	55.25	0.999999990105513	0.799992912716655	-2.34940631453694e-05	3.59977493522886	1
33.125	55.25	1.00000000083592	0.799991967636242	-2.23873893633705e-05	3.39977680279551	1
33.375	55.25	1.00000001665396	0.799991059097555	-2.13292898122732e-05	3.1997788958618	1
33.625	55.25	1.00000003191303	0.799990185535411	-2.03165511123825e-05	2.99978120500977	1
33.875	55.25	1.00000003445859	0.799989346127244	-1.934598531545e-05	2.79978372300355	1
34.125	55.25	1.0000000072451	0.799988541371198	-1.84143448901381e-05	2.59978644590187	1
34.375	55.25	0.999999936059823	0.799987773390136	-1.75183458645204e-05	2.39978937318118	1
34.625	55.25	0.999999824910964	0.799987045339833	-1.66549212063816e-05	2.19979250548397	1
34.875	55.25	0.999999716248577	0.799986359218506	-1.58218039485938e-05	1.99979583876386	1
35.125	55.25	0.999999705290007	0.799985711778266	-1.50183980360776e-05	1.79979935499329	1
35.375	55.25	0.999999928278511	0.799985089443336	-1.4246587098111e-05	1.59980301271254	1
35.625	55.25	1.00000049946164	0.799984465214786	-1.35106846866501e-05	1.39980674520818	1
35.875	55.25	1.00000138126402	0.799983802912421	-1.28153308721161e-05	1.19981047807227	1
36.125	55.25	1.00000220844933	0.799983075157431	-1.21602078284778e-05	0.999814177187961	1
36.375	55.25	1.00000215549177	0.799982298534283	-1.15315881244643e-05	0.799817927050995	1
36.625	55.25	1.00000002241898	0.799981579426364	-1.08935029769946e-05	0.599822013035375	1
36.875	55.25	0.999994768446483	0.799981142400712	-1.01856611082279e-05	0.399826941466301	1
37.125	55.25	0.999986653985554	0.799983589090478	-9.33936561892574e-06	0.199833295485025	1
37.375	55.25	0.999978848148786	0.399983764383002	-8.46248481830254e-06	-0.00015980990366171	1
0.125	55.75	0.000431091010456308	0.799809380893958	-0.00244559090363313	22.8285542654867	1
0.375	55.75	0.00043147692956181	0.799962694428905	-0.00232309164527802	22.8284746677217	1
0.625	55.75	0.000432228547279032	0.79995770504039	-0.00193184883261891	22.8283966795863	1
0.875	55.75	0.000433130411334523	0.7999650468847	-0.0012364869780021	22.828318337997	1
1.125	55.75	0.000433605510150174	0.799992630918893	-0.000196437275858326	22.8282355268545	1
1.375	55.75	0.000432591672694332	0.800046929135902	0.00117377802120723	22.8281421132291	1
1.625	55.75	0.000428525604695533	0.80013077495533	0.0027352339215538	22.8280304404203	1
1.875	55.75	0.000419513086581987	0.80023785884982	0.00416018960536705	22.8278929962203	1
2.125	55.75	0.000403752381071721	0.800346345662763	0.00496774493596135	22.8277265786506	1
2.375	55.75	0.00038023637172483	0.800423899030494	0.00477857073832482	22.827537628587	1
2.625	55.75	0.000349693658407999	0.800455356128188	0.00372657690173207	22.8273417234364	1
2.875	55.75	0.000315662904542986	0.800470620110377	0.00253297362705472	22.8271509195055	1
3.125	55.75	0.000285559411712621	0.800524066328381	0.00188112209950208	22.8269592064109	1
3.375	55.75	0.000271597427843688	0.800640686925022	0.00190032786787719	22.8267440965083	1
3.625	55.75	0.000291445032859415	0.800801840254988	0.00240124208568495	22.8264795057016	1
3.875	55.75	0.000368475289583494	0.800975752209959	0.0031818692440963	22.8261429469347	1
4.125	55.75	0.000531438848224859	0.801144259193159	0.00408291946910362	22.8257128086652	1
4.375	55.75	0.000813347239903554	0.801303402378718	0.0049858985144458	22.8251623500448	1
4.625	55.75	0.00124938094803313	0.801449938191913	0.00581455790817654	22.8244571109792	1
4.875	55.75	0.00187384172426489	0.801572090225233	0.00652647432512724	22.8235562765553	1
5.125	55.75	0.00271666453137351	0.801648784658029	0.00709650973845236	22.8224151547425	1
5.375	55.75	0.00380073163765124	0.801652523210264	0.00750301581182664	22.8209865133273	1
5.625	55.75	0.00514201567107703	0.801552405727006	0.00772193855965686	22.8192193335328	1
5.875	55.75	0.00675542733104688	0.801317161533737	0.00772757391511982	22.8170530729839	1
6.125	55.75	0.00867044608610783	0.800919199859417	0.00749706791214671	22.814404307898	1
6.375	55.75	0.0109625938658765	0.800340351129822	0.00701665447229161	22.8111411900295	1
6.625	55.75	0.0138100795950991	0.799579211416312	0.00628852380597522	22.8070397054458	1
6.875	55.75	0.017590053354314	0.798658921168786	0.00533728440237123	22.8017145360852	1
7.125	55.75	0.0230358929443525	0.797632412275505	0.0042144349681789	22.7945172378824	1
7.375	55.75	0.0314830558742156	0.796579286704439	0.00299862726782088	22.7843974228798	1
7.625	55.75	0.0452245791074076	0.795584879627323	0.0017893761783154	22.7697324999066	1
7.875	55.75	0.0679447732565344	0.794690552255179	0.000692789729648189	22.7481544234851	1
8.125	55.75	0.105030714841824	0.793814790867219	-0.000200001103121207	22.7164442799917	1
8.375	55.75	0.163196856171315	0.792689643742395	-0.000838090061315926	22.670624495934	1
8.625	55.75	0.248429410602871	0.790947773704431	-0.00123237610404481	22.6064173825668	1
8.875	55.75	0.361634438822094	0.788509993309469	-0.00146109846501143	22.5201606487013	1
9.125	55.75	0.494045205528832	0.786045925203392	-0.00164496628191402	22.4099709411793	1
9.375	55.75	0.627942279109376	0.784737540116981	-0.00189285277564362	22.2765475881946	1
9.625	55.75	0.745078359202937	0.785245378436663	-0.00225068496563896	22.1230041112933	1
9.875	55.75	0.835446659187319	0.787189743473597	-0.00269214245565399	21.9537791392716	1
10.125	55.75	0.898667173790085	0.789713550916884	-0.00315081720551437	21.7733563998525	1
10.375	55.75	0.939846120832413	0.79215325128701	-0.00356034249444718	21.5854515096698	1
10.625	55.75	0.965321729191745	0.794210084319957	-0.00387717171656149	21.3927775238507	1
10.875	55.75	0.980487306164007	0.795829625750038	-0.00408417747654817	21.1971594181335	1
11.125	55.75	0.989240888527446	0.797062636001082	-0.00418416853946863	20.9997608472414	1
11.375	55.75	0.994160134530672	0.797986570252914	-0.0041913122703471	20.8012978984029	1
11.625	55.75	0.99685819555474	0.79867400408239	-0.00412425564583692	20.6022007441025	1
11.875	55.75	0.998305998430807	0.799183877210686	-0.00400178710493719	20.4027236826655	1
12.125	55.75	0.999069499368083	0.799561374286492	-0.00384060747009664	20.2030157080929	1
12.375	55.75	0.999468799893548	0.799840285762355	-0.00365449320856158	20.0031640522568	1
12.625	55.75	0.999679399446061	0.800045627454458	-0.00345424441395386	19.8032202899289	1
12.875	55.75	0.999794336610573	0.800195868514697	-0.00324800610280616	19.6032156158786	1
13.125	55.75	0.999861172162403	0.800304664045512	-0.00304172004555061	19.4031695927797	1
13.375	55.75	0.999903327289516	0.800382150946634	-0.0028395803941144	19.2030950648797	1
13.625	55.75	0.999931973539439	0.800435898138155	-0.00264443677201326	19.0030008785636	1
13.875	55.75	0.999952388048264	0.800471595780108	-0.00245812710184302	18.8028933819676	1
14.125	55.75	0.999967179209353	0.800493552378171	-0.00228174137801826	18.6027772628201	1
14.375	55.75	0.999977818098179	0.800505052837247	-0.00211582540022983	18.4026560357461	1
14.625	55.75	0.99998530268507	0.800508617028481	-0.0019605355274365	18.2025323459659	1
14.875	55.75	0.999990410829291	0.80050618768808	-0.00181575490885804	18.0024081753717	1
15.125	55.75	0.999993779320835	0.800499268239326	-0.00168118006003548	17.8022849935163	1
15.375	55.75	0.999995922790677	0.800489025030485	-0.00155638488992841	17.6021638739656	1
15.625	55.75	0.999997240550434	0.800476364091067	-0.00144086770228213	17.4020455859792	1
15.875	55.75	0.999998027137221	0.800461989413088	-0.00133408538997041	17.2019306668929	1
16.125	55.75	0.999998488420249	0.800446447634911	-0.00123547802182184	17.0018194787458	1
16.375	55.75	0.999998760520003	0.800430162557347	-0.00114448623905547	16.8017122519908	1
16.625	55.75	0.999998928356872	0.800413461944221	-0.00106056328759921	16.6016091187848	1
16.875	55.75	0.999999041673039	0.800396598396751	-0.000983183067415024	16.4015101380687	1
17.125	55.75	0.999999127587043	0.800379765641938	-0.000911845242669994	16.2014153143356	1
17.375	55.75	0.999999199653171	0.800363111250436	-0.000846078201016156	16.0013246116449	1
17.625	55.75	0.999999263921132	0.800346746570565	-0.000785440457094657	15.8012379641173	1
17.875	55.75	0.999999322690369	0.800330754493311	-0.000729520947931699	15.6011552838466	1
18.125	55.75	0.999999376647558	0.800315195526348	-0.000677938553765255	15.4010764669201	1
18.375	55.75	0.999999425959986	0.80030011255435	-0.000630341095076331	15.2010013980496	1
18.625	55.75	0.99999947075368	0.800285534577703	-0.000586403989768773	15.0009299541673	1
18.875	55.75	0.999999511263538	0.800271479658133	-0.000545828705550186	14.8008620072403	1
19.125	55.75	0.999999547835077	0.800257957247099	-0.00050834110657755	14.600797426484	1
19.375	55.75	0.999999580875197	0.800244970034112	-0.000473689764728579	14.4007360801057	1
19.625	55.75	0.999999610800759	0.800232515418783	-0.00044164428500026	14.2006778366754	1
19.875	55.75	0.99999963800143	0.800220586688584	-0.000411993679228365	14.0006225661967	1
20.125	55.75	0.999999662820639	0.800209173963129	-0.000384544811020591	13.8005701409381	1
20.375	55.75	0.999999685549622	0.800198264954375	-0.00035912092498733	13.6005204360671	1
20.625	55.75	0.999999706430662	0.800187845579509	-0.000335560268641714	13.400473330127	1
20.875	55.75	0.999999725664016	0.80017790045653	-0.000313714810250612	13.2004287053845	1
21.125	55.75	0.999999743416361	0.80016841330334	-0.000293449051648463	13.0003864480733	1
21.375	55.75	0.999999759828132	0.800159367261643	-0.000274638934964856	12.8003464485532	1
21.625	55.75	0.999999775019895	0.800150745156908	-0.000257170838145415	12.6003086014015	1
21.875	55.75	0.999999789096875	0.800142529708116	-0.000240940656051392	12.4002728054503	1
22.125	55.75	0.999999802152381	0.800134703695249	-0.000225852960398499	12.2002389637791	1
22.375	55.75	0.999999814270133	0.800127250092816	-0.000211820234085851	12.0002069836736	1
22.625	55.75	0.999999825525711	0.800120152174706	-0.000198762173452275	11.8001767765572	1
22.875	55.75	0.999999835987846	0.800113393596192	-0.000186605054092785	11.6001482579008	1
23.125	55.75	0.999999845719037	0.800106958456338	-0.000175281153612179	11.4001213471158	1
23.375	55.75	0.999999854776437	0.800100831344911	-0.000164728227599146	11.2000959674367	1
23.625	55.75	0.999999863212212	0.800094997376094	-0.000154889033418677	11.0000720457921	1
23.875	55.75	0.999999871074255	0.800089442210881	-0.000145710897606942	10.8000495126719	1
24.125	55.75	0.999999878406301	0.800084152071426	-0.000137145323026236	10.6000283019892	1
24.375	55.75	0.999999885248501	0.800079113747677	-0.000129147631779281	10.4000083509412	1
24.625	55.75	0.999999891637552	0.80007431459845	-0.000121676640910614	10.1999895998687	1
24.875	55.75	0.999999897607199	0.80006974254711	-0.000114694367364536	9.99997199211691	1
25.125	55.75	0.99999990318834	0.800065386074181	-0.000108165759931552	9.79995547389777	1
25.375	55.75	0.999999908409455	0.800061234206122	-0.000102058455021128	9.59993999415509	1
25.625	55.75	0.999999913296692	0.80005727650207	-9.63425546035142e-05	9.39992550443244	1
25.875	55.75	0.99999991787412	0.800053503038421	-9.0990423657975e-05	9.19991195874512	1
26.125	55.75	0.999999922163784	0.800049904392688	-8.59765058121018e-05	8.99989931345581	1
26.375	55.75	0.999999926186	0.800046471625942	-8.12771548987945e-05	8.79988752715474	1
26.625	55.75	0.999999929959569	0.800043196264779	-7.68704813936971e-05	8.599876560544	1
26.875	55.75	0.999999933502023	0.800040070282533	-7.27362120460953e-05	8.39986637632659	1
27.125	55.75	0.999999936829675	0.800037086080522	-6.88555617437078e-05	8.19985693910001	1
27.375	55.75	0.999999939957676	0.8000342364692	-6.52111161323781e-05	7.99984821525453	1
27.625	55.75	0.999999942900022	0.800031514649891	-6.17867243042472e-05	7.79984017287604	1
27.875	55.75	0.999999945669509	0.800028914196549	-5.85674003770147e-05	7.5998327816534	1
28.125	55.75	0.999999948277552	0.800026429038007	-5.55392333884666e-05	7.39982601279013	1
28.375	55.75	0.999999950733945	0.800024053440348	-5.26893045626468e-05	7.19981983892062	1
28.625	55.75	0.999999953046786	0.800021781990084	-5.00056114582813e-05	6.99981423403052	1
28.875	55.75	0.999999955222912	0.800019609577902	-4.74769982649185e-05	6.79980917338113	1
29.125	55.75	0.999999957269207	0.800017531383099	-4.50930918133803e-05	6.59980463343761	1
29.375	55.75	0.999999959195072	0.800015542858335	-4.28442426295297e-05	6.39980059180041	1
29.625	55.75	0.999999961015692	0.80001363971486	-4.07214707623167e-05	6.19979702714	1
29.875	55.75	0.999999962754705	0.80001181790785	-3.87164158470219e-05	5.99979391913427	1
30.125	55.75	0.999999964443378	0.800010073622377	-3.68212912476126e-05	5.79979124840954	1
30.375	55.75	0.999999966112323	0.800008403260102	-3.50288416653555e-05	5.59978899648539	1
30.625	55.75	0.999999967772421	0.800006803427524	-3.33323038777345e-05	5.39978714572566	1
30.875	55.75	0.999999969385415	0.800005270926583	-3.17253702635084e-05	5.19978567929669	1
31.125	55.75	0.999999970833696	0.800003802748228	-3.02021546944998e-05	4.99978458113412	1
31.375	55.75	0.999999971911641	0.800002396069042	-2.87571610736095e-05	4.79978383591513	1
31.625	55.75	0.999999972373445	0.800001048248013	-2.73852545935383e-05	4.59978342902822	1
31.875	55.75	0.999999972072923	0.799999756818483	-2.60816367733023e-05	4.39978334652512	1
32.125	55.75	0.999999971204515	0.799998519466406	-2.48418248153677e-05	4.19978357503616	1
32.375	55.75	0.999999970586335	0.799997333986988	-2.36616358977655e-05	3.99978410163644	1
32.625	55.75	0.999999971816936	0.799996198218628	-2.25371746382837e-05	3.79978491367397	1
32.875	55.75	0.999999977021365	0.799995109971205	-2.14648191567459e-05	3.59978599861753	1
33.125	55.75	0.999999987865248	0.799994066992557	-2.04411968303418e-05	3.39978734404136	1
33.375	55.75	1.00000000369151	0.79999306704405	-1.94631387975727e-05	3.1997889379076	1
33.625	55.75	1.00000001915835	0.7999921081601	-1.85276057834708e-05	2.99979076927745	1
33.875	55.75	1.00000002265537	0.799991189114095	-1.76315935211644e-05	2.79979282940764	1
34.125	55.75	0.999999997795836	0.799990309972268	-1.677205637907e-05	2.59979511282349	1
34.375	55.75	0.999999930739996	0.799989472386985	-1.59459285206084e-05	2.39979761745367	1
34.625	55.75	0.999999824857714	0.799988679034152	-1.51503525577333e-05	2.19980034249809	1
34.875	55.75	0.999999720060513	0.799987931521889	-1.43832053827996e-05	1.99980328284717	1
35.125	55.75	0.999999706609687	0.799987226483571	-1.36438837321188e-05	1.79980642019801	1
35.375	55.75	0.999999914209796	0.799986550719472	-1.29340349053124e-05	1.59980971398196	1
35.625	55.75	1.00000045239113	0.799985878231705	-1.22575154978845e-05	1.39981309951788	1
35.875	55.75	1.00000128739168	0.799985174254896	-1.16185006979258e-05	1.19981650458212	1
36.125	55.75	1.00000207525556	0.799984412378213	-1.10167253011176e-05	0.999819894911987	1
36.375	55.75	1.00000203579895	0.799983608011372	-1.04398628433028e-05	0.799823348559639	1
36.625	55.75	1.00000003358607	0.79998286196365	-9.85554750494136e-06	0.599827134012945	1
36.875	55.75	0.999995082937792	0.799982387437421	-9.20946505300503e-06	0.39983172929347	1
37.125	55.75	0.99998742820422	0.799984638118523	-8.43966878714971e-06	0.199837685298596	1
37.375	55.75	0.999980062457813	0.399984764930978	-7.64407187827121e-06	-0.000155832306485096	1
0.125	56.25	0.00042831945822002	0.799786073541755	-0.00251092973456968	22.8286023135719	1
0.375	56.25	0.000428700490320695	0.799887577226706	-0.00243950855837474	22.828535427124	1
0.625	56.25	0.000429444354124732	0.799832860599291	-0.002142187159158	22.8284835712572	1
0.875	56.25	0.00043034196749761	0.799797745688974	-0.00163463624062581	22.8284429229146	1
1.125	56.25	0.000430828868341873	0.799793896994212	-0.000900888647285674	22.8284073627937	1
1.375	56.25	0.000429862531694934	0.799835233081867	1.527902784877e-05	22.8283672172422	1
1.625	56.25	0.000425905683539149	0.799930734015091	0.000968661098146092	22.8283095065046	1
1.875	56.25	0.000417093683794563	0.800073663533198	0.00170510910115038	22.8282205781125	1
2.125	56.25	0.000401653454426657	0.800232703679033	0.00194763186315322	22.8280920558892	1
2.375	56.25	0.000378601230229141	0.800361540000505	0.00159525831316316	22.827927563243	1
2.625	56.25	0.000348682133593015	0.800435260746773	0.000904368755377866	22.8277423789154	1
2.875	56.25	0.00031544824346814	0.80048058483675	0.000388169531744817	22.8275505123661	1
3.125	56.25	0.000286334883626794	0.80055199297458	0.000407411185560481	22.8273495506116	1
3.375	56.25	0.000273599294525012	0.800679546562363	0.000945608259802117	22.8271203982619	1
3.625	56.25	0.000295002179402174	0.800855906720426	0.00179949904030799	22.8268378813239	1
3.875	56.25	0.00037410211199811	0.801060711102011	0.0027763851724698	22.8264767835795	1
4.125	56.25	0.000539994722156054	0.801279817878933	0.00375067031498545	22.8260104130337	1
4.375	56.25	0.000826292970472	0.801505351333049	0.00466790502073116	22.8254071410268	1
4.625	56.25	0.00126916597484563	0.801726965045415	0.00551809979769736	22.8246291765609	1
4.875	56.25	0.0019044436110751	0.801925510417596	0.00630423858437841	22.823633931227	1
5.125	56.25	0.00276427372270638	0.80207172464432	0.00702625029529084	22.8223763453112	1
5.375	56.25	0.00387455587360482	0.802127749189804	0.00767718029258242	22.8208104659248	1
5.625	56.25	0.00525518956662165	0.802049554862483	0.00824321980568845	22.8188886562577	1
5.875	56.25	0.00692603692278494	0.801790035361127	0.00870418901106145	22.8165562856115	1
6.125	56.25	0.00892269402243733	0.801303547451644	0.00903415191560674	22.8137386440982	1
6.375	56.25	0.0113281346217929	0.800552732453957	0.00920245255526194	22.8103154024461	1
6.625	56.25	0.0143295371723694	0.799517863665717	0.00917548736535935	22.8060764398342	1
6.875	56.25	0.0183146577426277	0.798207809831811	0.00891950845045523	22.8006516644529	1
7.125	56.25	0.0240289502250341	0.796669686339893	0.00840457721029749	22.7934074475583	1
7.375	56.25	0.0328204335375139	0.794991031377483	0.0076093912978832	22.7833054814494	1
7.625	56.25	0.0469922397554674	0.793284239711648	0.00652624696591214	22.7687300955946	1
7.875	56.25	0.0702292197282455	0.791640949785787	0.00516532909309052	22.7473133770061	1
8.125	56.25	0.107895142121835	0.790054169761899	0.00355843629133397	22.7158300360677	1
8.375	56.25	0.166634993955595	0.788350379941358	0.00176392720969508	22.6702924205882	1
8.625	56.25	0.252301235332062	0.786263196200798	-0.000125709875809979	22.6064132584272	1
8.875	56.25	0.365626756072309	0.78379296475959	-0.00197950827787557	22.5205230966532	1
9.125	56.25	0.49773793954409	0.781627151244026	-0.00364342410612532	22.4107296993133	1
9.375	56.25	0.630992332079014	0.780881489082936	-0.00498401473678358	22.2777138126518	1
9.625	56.25	0.747367350053543	0.782097289030017	-0.00593423642865646	22.1245583887467	1
9.875	56.25	0.837058579074966	0.784780304053239	-0.00650339418142122	21.9556683095125	1
10.125	56.25	0.899768818159948	0.787993530771303	-0.00675111217498999	21.7755029778167	1
10.375	56.25	0.940595557471834	0.791028618664789	-0.00675432859551914	21.5877692504113	1
10.625	56.25	0.965836120239169	0.79356931623562	-0.00658609343759303	21.3951849746455	1
10.875	56.25	0.980844690431825	0.79556255419698	-0.00630677110028407	21.1995878303158	1
11.125	56.25	0.989491443378071	0.797071336007885	-0.00596236245265343	21.0021568743585	1
11.375	56.25	0.994336367829205	0.798189908949622	-0.00558593905920272	20.8036229733424	1
11.625	56.25	0.996981815594356	0.799008052337307	-0.00520011576853239	20.6044288835779	1
11.875	56.25	0.998392033254628	0.799600134740687	-0.00481960099995666	20.4048388570703	1
12.125	56.25	0.999128663921735	0.800024151454661	-0.0044534177538435	20.2050093700894	1
12.375	56.25	0.999508867820116	0.800324012501455	-0.00410666735606826	20.0050330628333	1
12.625	56.25	0.999706039474351	0.800532456502973	-0.00378184539673319	19.8049652876967	1
12.875	56.25	0.999811663772464	0.800673699876179	-0.00347977819853597	19.6048397870377	1
13.125	56.25	0.999872140609674	0.800765592768242	-0.00320026405298934	19.4046777691079	1
13.375	56.25	0.999910026061335	0.8008212857053	-0.00294249806263533	19.2044930755449	1
13.625	56.25	0.999935854864387	0.800850481664686	-0.00270534549186437	19.004295091663	1
13.875	56.25	0.999954443690648	0.800860360253105	-0.00248751297071795	18.8040903848628	1
14.125	56.25	0.999968074739627	0.80085625241618	-0.00228765297206845	18.6038836426992	1
14.375	56.25	0.999977992872288	0.800842130101535	-0.0021044258646089	18.403678232029	1
14.625	56.25	0.999985042397468	0.800820961042693	-0.00193653559216118	18.2034765540064	1
14.875	56.25	0.999989898779576	0.800794966363333	-0.0017827492443033	18.0032802866878	1
15.125	56.25	0.999993131711186	0.800765808605422	-0.00164190690945155	17.803090561954	1
15.375	56.25	0.99999521244787	0.800734730002974	-0.00151292569346784	17.6029081001753	1
15.625	56.25	0.99999651253068	0.800702655051886	-0.00139480023751317	17.4027333146973	1
15.875	56.25	0.999997308812844	0.800670267261375	-0.00128660112724824	17.2025663930336	1
16.125	56.25	0.999997795919281	0.800638067041222	-0.00118747203703098	17.0024073593965	1
16.375	56.25	0.999998102812509	0.80060641564081	-0.00109662612175737	16.8022561221948	1
16.625	56.25	0.999998309850835	0.800575568654941	-0.00101334198822954	16.602112509576	1
16.875	56.25	0.999998463876812	0.800545701642796	-0.000936959464493156	16.4019762956513	1
17.125	56.25	0.999998590187812	0.800516929743328	-0.000866875317398501	16.2018472196203	1
17.375	56.25	0.999998701226572	0.800489322692406	-0.000802539023327744	16.0017249995899	1
17.625	56.25	0.999998802403182	0.800462916309257	-0.000743448663748285	15.801609342498	1
17.875	56.25	0.999998895691962	0.800437721271993	-0.000689146995955914	15.6014999512054	1
18.125	56.25	0.99999898166206	0.800413729809753	-0.000639217730116224	15.4013965295462	1
18.375	56.25	0.999999060496773	0.800390920797422	-0.000593282031266551	15.2012987859036	1
18.625	56.25	0.999999132420014	0.800369263627161	-0.000550995254897109	15.0012064357191	1
18.875	56.25	0.999999197810807	0.800348721144209	-0.000512043917019361	14.8011192032206	1
19.125	56.25	0.999999257180788	0.80032925186691	-0.000476142895136975	14.6010368225756	1
19.375	56.25	0.999999311109047	0.800310811661343	-0.000443032852201669	14.4009590386166	1
19.625	56.25	0.999999360180946	0.800293354998406	-0.000412477873608041	14.2008856072459	1
19.875	56.25	0.999999404945235	0.800276835892308	-0.000384263305530113	14.0008162955998	1
20.125	56.25	0.999999445892187	0.800261208595137	-0.000358193782311906	13.8007508820325	1
20.375	56.25	0.999999483446724	0.800246428105855	-0.00033409142985554	13.6006891559667	1
20.625	56.25	0.999999517971774	0.800232450535619	-0.000311794231766125	13.4006309176463	1
20.875	56.25	0.999999549775999	0.800219233365596	-0.000291154547009759	13.200575977819	1
21.125	56.25	0.999999579123234	0.800206735620231	-0.00027203776487241	13.0005241573707	1
21.375	56.25	0.99999960624108	0.800194917978217	-0.000254321087513151	12.8004752869284	1
21.625	56.25	0.999999631328226	0.800183742834251	-0.000237892427646598	12.6004292064444	1
21.875	56.25	0.999999654560126	0.800173174325092	-0.000222649412104014	12.4003857647711	1
22.125	56.25	0.999999676093218	0.800163178328231	-0.000208498480595081	12.2003448192352	1
22.375	56.25	0.999999696068228	0.800153722440174	-0.000195354071682849	12.0003062352148	1
22.625	56.25	0.999999714612252	0.800144775939463	-0.000183137887051389	11.8002698857251	1
22.875	56.25	0.999999731840674	0.80013630973941	-0.000171778227159948	11.6002356510149	1
23.125	56.25	0.999999747858306	0.800128296333354	-0.000161209390808449	11.4002034181762	1
23.375	56.25	0.999999762760742	0.800120709734711	-0.000151371132593067	11.2001730807679	1
23.625	56.25	0.999999776635096	0.800113525414191	-0.000142208172791264	11.0001445384547	1
23.875	56.25	0.999999789561067	0.800106720235009	-0.000133669753891082	10.8001176966622	1
24.125	56.25	0.999999801611432	0.800100272388091	-0.00012570923973755	10.6000924662472	1
24.375	56.25	0.999999812852863	0.800094161327238	-0.000118283752597701	10.4000687631844	1
24.625	56.25	0.999999823346346	0.800088367705672	-0.000111353844945744	10.2000465082685	1
24.875	56.25	0.999999833147853	0.800082873313679	-0.000104883201664892	10.0000256268316	1
25.125	56.25	0.999999842308686	0.800077661018399	-9.88383705156593e-05	9.80000604847552	1
25.375	56.25	0.999999850876023	0.800072714705305	-9.3188517371423e-05	9.59998770681893	1
25.625	56.25	0.999999858893207	0.800068019222006	-8.79052043379171e-05	9.39997053925759	1
25.875	56.25	0.999999866400093	0.800063560324184	-8.29621878915752e-05	9.19995448673867	1
26.125	56.25	0.999999873433267	0.800059324624326	-7.8335235670003e-05	8.99993949354751	1
26.375	56.25	0.999999880026414	0.800055299542655	-7.40019596686721e-05	8.79992550710659	1
26.625	56.25	0.999999886210681	0.800051473260439	-6.994166455006e-05	8.59991247778606	1
26.875	56.25	0.999999892014964	0.800047834675233	-6.61352093399213e-05	8.39990035872529	1
27.125	56.25	0.999999897466063	0.800044373358721	-6.25648814090519e-05	8.19988910566499	1
27.375	56.25	0.999999902588791	0.800041079516759	-5.92142814083432e-05	7.99987867678924	1
27.625	56.25	0.999999907406068	0.800037943951835	-5.60682182331268e-05	7.79986903257687	1
27.875	56.25	0.999999911938936	0.800034958027355	-5.31126129922902e-05	7.59986013566173	1
28.125	56.25	0.999999916206464	0.800032113633908	-5.03344113072667e-05	7.39985195070142	1
28.375	56.25	0.999999920225572	0.800029403157282	-4.77215029778212e-05	7.19984444425387	1
28.625	56.25	0.999999924011005	0.800026819448517	-4.52626484537535e-05	6.99983758466164	1
28.875	56.25	0.99999992757577	0.800024355795738	-4.29474113506275e-05	6.79983134194308	1
29.125	56.25	0.999999930932439	0.800022005897819	-4.07660966445234e-05	6.59982568769002	1
29.375	56.25	0.999999934095589	0.800019763839264	-3.87096938688968e-05	6.39982059497121	1
29.625	56.25	0.999999937085054	0.800017624066399	-3.67698250248387e-05	6.19981603824125	1
29.875	56.25	0.999999939928582	0.800015581364443	-3.49386967087879e-05	5.99981199325432	1
30.125	56.25	0.999999942661109	0.80001363083589	-3.32090560715689e-05	5.7998084369834	1
30.375	56.25	0.999999945316768	0.80001176788041	-3.15741502739822e-05	5.59980534754502	1
30.625	56.25	0.99999994791035	0.800009988176744	-3.00276889267303e-05	5.39980270413157	1
30.875	56.25	0.999999950408651	0.800008287667547	-2.85638093266414e-05	5.19980048695236	1
31.125	56.25	0.999999952700875	0.800006662547572	-2.71770440161253e-05	4.99979867718421	1
31.375	56.25	0.999999954589779	0.800005109255089	-2.58622908898472e-05	4.7997972569289	1
31.625	56.25	0.999999955837423	0.800003624464034	-2.4614785898539e-05	4.59979620916929	1
31.875	56.25	0.999999956300194	0.800002205071852	-2.34300791747436e-05	4.39979551770945	1
32.125	56.25	0.999999956162484	0.800000848174408	-2.23040151809224e-05	4.1997951670803	1
32.375	56.25	0.999999956212627	0.799999551020205	-2.12327173430748e-05	3.99979514239822	1
32.625	56.25	0.999999957999004	0.799998310942737	-2.02125756677748e-05	3.79979542918725	1
32.875	56.25	0.999999963591668	0.799997125287373	-1.92402332828956e-05	3.59979601322027	1
33.125	56.25	0.999999974638018	0.799995991374987	-1.83125641154924e-05	3.39979688049228	1
33.375	56.25	0.999999990568689	0.799994906570784	-1.74266320375953e-05	3.19979801748166	1
33.625	56.25	1.00000000631246	0.799993868530583	-1.65796250695994e-05	2.99979941182684	1
33.875	56.25	1.00000001074193	0.799992875646472	-1.57687718415493e-05	2.79980105337918	1
34.125	56.25	0.999999988055303	0.799991927578421	-1.49912742118448e-05	2.59980293524099	1
34.375	56.25	0.999999924743762	0.799991025536931	-1.42443257485939e-05	2.39980505391075	1
34.625	56.25	0.999999823609256	0.799990171744814	-1.35253129225539e-05	2.19980740725784	1
34.875	56.25	0.999999722306044	0.799989367431726	-1.28322782567768e-05	1.9998099891864	1
35.125	56.25	0.999999706688436	0.799988609085815	-1.21646133082127e-05	1.79981278111637	1
35.375	56.25	0.99999990064733	0.799987883791018	-1.1523705946109e-05	1.59981574325	1
35.625	56.25	1.00000040952404	0.799987166375173	-1.09129123424811e-05	1.39981881270529	1
35.875	56.25	1.00000120297068	0.799986423251745	-1.0335906386888e-05	1.1998219192081	1
36.125	56.25	1.00000195601848	0.799985628778354	-9.7925082949962e-06	0.999825028386945	1
36.375	56.25	1.00000192893781	0.799984797221126	-9.27199227503671e-06	0.799828212590969	1
36.625	56.25	1.00000004389854	0.7999840243388	-8.74606694422729e-06	0.599831725309641	1
36.875	56.25	0.999995364461059	0.799983513157859	-8.16717399468667e-06	0.399836019386208	1
37.125	56.25	0.999988120720588	0.799985584814786	-7.48104702229767e-06	0.199841617008209	1
37.375	56.25	0.999981148527901	0.399985665834427	-6.77456076287987e-06	-0.000152270647688079	1
0.125	56.75	0.000422957144820111	0.799774108294576	-0.0021846085326073	22.8286260690151	1
0.375	56.75	0.000423336661761393	0.799841886177976	-0.00214803444838395	22.8285678706308	1
0.625	56.75	0.000424081011895196	0.799759016577887	-0.00184419490002924	22.8285330100557	1
0.875	56.75	0.000424989338273027	0.799705443296627	-0.00129204890339055	22.8285152223173	1
1.125	56.75	0.000425510672614471	0.799692818612442	-0.000474275089506743	22.8285058464187	1
1.375	56.75	0.000424620300196719	0.799732707537207	0.000597990041980545	22.8284927237541	1
1.625	56.75	0.000420799841803389	0.799827004395313	0.00183299785009394	22.828461448411	1
1.875	56.75	0.000412198824381415	0.79995996625936	0.00301444265590563	22.8283992238304	1
2.125	56.75	0.000397045673047638	0.800099315043373	0.00380094052288995	22.8283004436958	1
2.375	56.75	0.000374336647194015	0.800213474909475	0.00384758087174386	22.8281701654354	1
2.625	56.75	0.00034476749980084	0.800296014602628	0.00310437298451699	22.8280200867804	1
2.875	56.75	0.000311806450724413	0.8003721756252	0.00203909002434673	22.8278572836386	1
3.125	56.75	0.000282769672681474	0.800476549859109	0.00130443181007015	22.8276758011231	1
3.375	56.75	0.000269763822440725	0.800625696126253	0.00118653149376549	22.8274588498708	1
3.625	56.75	0.000290375699437825	0.800815678907186	0.00160101992106434	22.8271849437487	1
3.875	56.75	0.000367979287744224	0.801036429044663	0.00234573809590144	22.8268298155605	1
4.125	56.75	0.000531493376208956	0.80128004354784	0.00323314929587698	22.8263650048586	1
4.375	56.75	0.000814385504983753	0.801539703024173	0.00414703189234259	22.8257562502931	1
4.625	56.75	0.00125273235745578	0.801804930583141	0.0050458360508534	22.8249632058594	1
4.875	56.75	0.00188232534011716	0.802057932853963	0.00593311458720628	22.8239406237916	1
5.125	56.75	0.00273527552920817	0.80227285424128	0.00682655376587672	22.8226401750334	1
5.375	56.75	0.00383729166682405	0.802417191744726	0.00773977455044005	22.8210116379618	1
5.625	56.75	0.00520759630986465	0.802454097248736	0.00867529124493125	22.8190019399155	1
5.875	56.75	0.00686427596431256	0.802345238449534	0.00962194471499198	22.8165499739027	1
6.125	56.75	0.00883900498257369	0.802054733630696	0.0105523521292361	22.8135740940741	1
6.375	56.75	0.0112069689177784	0.801554789058675	0.0114194238468078	22.8099478527868	1
6.625	56.75	0.0141409302732689	0.800833195780383	0.0121529858692997	22.8054580804288	1
6.875	56.75	0.0180032583908779	0.799901872560019	0.0126583371179428	22.799738167093	1
7.125	56.75	0.0234964577611853	0.798803917141796	0.0128188863614742	22.792169207664	1
7.375	56.75	0.0318988375300392	0.797613783899025	0.0125049346064818	22.7817443886771	1
7.625	56.75	0.0454068304767682	0.796421434979585	0.0115900115565764	22.7669012701306	1
7.875	56.75	0.0675581857385094	0.795289112926802	0.00997515049147282	22.7453482999222	1
8.125	56.75	0.103554879932148	0.794177831707949	0.00762093806210721	22.7139523109304	1
8.375	56.75	0.159962440137567	0.792880783997354	0.00458702797616205	22.6688109126685	1
8.625	56.75	0.242835886103144	0.791086416887192	0.00107374237869639	22.6056748264013	1
8.875	56.75	0.353592485133626	0.788721811482001	-0.00255985772026397	22.5208201010153	1
9.125	56.75	0.48437281270193	0.786399489668019	-0.00585235627674344	22.4121933995709	1
9.375	56.75	0.618165746693428	0.785248980261065	-0.00839184728605945	22.2802590897936	1
9.625	56.75	0.736615587268208	0.785941362945816	-0.00997608678790763	22.1279244409045	1
9.875	56.75	0.828977222961382	0.788116659213913	-0.0106520239530672	21.9595250965084	1
10.125	56.75	0.894157457971781	0.790891245658273	-0.0106255881360623	21.7795500336243	1
10.375	56.75	0.93690450377295	0.793553076393146	-0.010141556198458	21.5917842587419	1
10.625	56.75	0.963494067986744	0.795770749647437	-0.00940844483636505	21.399027856308	1
10.875	56.75	0.979393904389195	0.797481588321126	-0.00857462606193227	21.2031836884623	1
11.125	56.75	0.988607382975695	0.79874394950636	-0.00773303648552668	21.0054751050029	1
11.375	56.75	0.993803798780119	0.79964908278807	-0.00693528597146221	20.8066600082301	1
11.625	56.75	0.996663553831253	0.800283729770998	-0.00620567826725858	20.6071961034369	1
11.875	56.75	0.998202845942913	0.800718855934735	-0.00555203015980258	20.4073548992012	1
12.125	56.75	0.999016530332527	0.801008895270464	-0.00497305097616866	20.2072955665028	1
12.375	56.75	0.999442457245116	0.801194316875683	-0.00446298635225083	20.0071109132071	1
12.625	56.75	0.999666673755591	0.801304732867815	-0.00401435069330736	19.8068551772603	1
12.875	56.75	0.999788290447968	0.801361640007891	-0.00361942343631379	19.6065604285053	1
13.125	56.75	0.999858248777417	0.801380592730314	-0.00327099071970163	19.4062460435957	1
13.375	56.75	0.999901784025582	0.801372842216533	-0.00296265079175788	19.2059240781119	1
13.625	56.75	0.999931001127799	0.8013465396355	-0.00268888268170364	19.0056022699937	1
13.875	56.75	0.999951634485955	0.801307605200719	-0.00244499759840739	18.8052857101929	1
14.125	56.75	0.999966503792245	0.801260349847044	-0.00222704123610143	18.6049777818949	1
14.375	56.75	0.999977171056062	0.801207917944652	-0.00203168363717798	18.4046807066195	1
14.625	56.75	0.999984670064514	0.801152602577009	-0.00185611459501645	18.2043958810802	1
14.875	56.75	0.999989791279126	0.801096070986014	-0.0016979520729436	18.004124101146	1
15.125	56.75	0.999993175310748	0.80103952701967	-0.0015551655649057	17.8038657216631	1
15.375	56.75	0.999995337704459	0.800983829381194	-0.00142601354375837	17.6036207762638	1
15.625	56.75	0.999996677824501	0.800929578683673	-0.00130899311038651	17.4033890692894	1
15.875	56.75	0.999997489948723	0.80087718224654	-0.00120279968360122	17.2031702464758	1
16.125	56.75	0.999997979469553	0.800826902796172	-0.0011062947291784	17.0029638487193	1
16.375	56.75	0.999998281841312	0.800778895343804	-0.00101847982429519	16.802769352229	1
16.625	56.75	0.999998481191625	0.800733235233684	-0.000938475668331312	16.6025861978749	1
16.875	56.75	0.999998626434986	0.800689939515785	-0.000865504959568136	16.4024138121441	1
17.125	56.75	0.999998743917519	0.800648983222659	-0.00079887830249529	16.2022516217485	1
17.375	56.75	0.999998846543242	0.800610311731535	-0.000737982506584096	16.0020990635405	1
17.625	56.75	0.999998939869266	0.800573850109967	-0.00068227078574203	15.801955591039	1
17.875	56.75	0.999999025866331	0.800539510139218	-0.000631254483725404	15.6018206785486	1
18.125	56.75	0.999999105041438	0.800507195552261	-0.00058449603582735	15.4016938235942	1
18.375	56.75	0.999999177504551	0.800476805904546	-0.000541602940722366	15.2015745481851	1
18.625	56.75	0.999999243415848	0.800448239402065	-0.000502222566081076	15.0014623992758	1
18.875	56.75	0.999999303106502	0.800421394937541	-0.000466037647697931	14.8013569486711	1
19.125	56.75	0.999999357055517	0.800396173527597	-0.000432762370394069	14.6012577925566	1
19.375	56.75	0.999999405821044	0.800372479301013	-0.000402138940558418	14.4011645507728	1
19.625	56.75	0.999999449975288	0.80035022014988	-0.000373934577459727	14.2010768659239	1
19.875	56.75	0.99999949005837	0.800329308131288	-0.000347938863344976	14.00099440238	1
20.125	56.75	0.999999526554031	0.800309659684015	-0.0003239614024134	13.8009168452208	1
20.375	56.75	0.999999559881327	0.800291195711765	-0.000301829748467247	13.6008438991521	1
20.625	56.75	0.999999590397099	0.800273841567487	-0.000281387565255674	13.4007752874211	1
20.875	56.75	0.999999618403432	0.80025752697049	-0.000262492991859745	13.2007107507468	1
21.125	56.75	0.9999996441569	0.800242185874786	-0.000245017186586418	13.0006500462787	1
21.375	56.75	0.999999667877298	0.800227756306379	-0.000228843029316534	12.8005929465929	1
21.625	56.75	0.999999689754991	0.800214180180408	-0.000213863962700757	12.6005392387305	1
21.875	56.75	0.999999709956888	0.800201403107533	-0.000199982956683581	12.4004887232827	1
22.125	56.75	0.999999728630746	0.800189374195854	-0.000187111582000356	12.2004412135233	1
22.375	56.75	0.999999745908659	0.800178045852618	-0.00017516918083323	12.0003965345894	1
22.625	56.75	0.999999761909244	0.800167373589093	-0.000164082123357017	11.8003545227101	1
22.875	56.75	0.999999776739616	0.800157315831439	-0.000153783140854755	11.6003150244818	1
23.125	56.75	0.999999790496603	0.80014783373902	-0.000144210727163135	11.4002778961877	1
23.375	56.75	0.999999803268085	0.800138891030403	-0.000135308600671173	11.2002430031612	1
23.625	56.75	0.999999815133768	0.800130453818389	-0.000127025220766083	11.0002102191895	1
23.875	56.75	0.999999826166217	0.800122490453787	-0.000119313352377263	10.800179425956	1
24.125	56.75	0.999999836431465	0.800114971378198	-0.000112129674027132	10.6001505125196	1
24.375	56.75	0.999999845989808	0.800107868985332	-0.000105434424325212	10.4001233748279	1
24.625	56.75	0.999999854896225	0.800101157491379	-9.91910833160473e-05	10.2000979152633	1
24.875	56.75	0.999999863200974	0.800094812813392	-9.33660844701945e-05	10.0000740422186	1
25.125	56.75	0.99999987094997	0.800088812455506	-8.79285546795489e-05	9.80005166970146	1
25.375	56.75	0.999999878185285	0.800083135402378	-8.28500788968686e-05	9.60003071696517	1
25.625	56.75	0.999999884945459	0.80007776201992	-7.81044873016881e-05	9.40001110816418	1
25.875	56.75	0.999999891265828	0.800072673962488	-7.36676622614391e-05	9.19999277203273	1
26.125	56.75	0.999999897178775	0.800067854086471	-6.95173634686377e-05	8.99997564158497	1
26.375	56.75	0.999999902714042	0.800063286369645	-6.56330692129008e-05	8.79995965383528	1
26.625	56.75	0.999999907899047	0.80005895583608	-6.19958323676302e-05	8.59994474953716	1
26.875	56.75	0.999999912759142	0.800054848485928	-5.85881493047881e-05	8.39993087293973	1
27.125	56.75	0.9999999173178	0.80005095123014	-5.53938406926582e-05	8.19991797156043	1
27.375	56.75	0.999999921596719	0.800047251829608	-5.23979428598536e-05	7.99990599597292	1
27.625	56.75	0.999999925615906	0.800043738838676	-4.95866089416659e-05	7.79989489960914	1
27.875	56.75	0.999999929393656	0.800040401552304	-4.69470186652869e-05	7.59988463857448	1
28.125	56.75	0.999999932946471	0.800037229956781	-4.44672960812864e-05	7.39987517147529	1
28.375	56.75	0.999999936288903	0.800034214683767	-4.21364343276245e-05	7.19986645925794	1
28.625	56.75	0.99999993943351	0.800031346967646	-3.99442268516296e-05	6.99985846505854	1
28.875	56.75	0.999999942391247	0.800028618605896	-3.78812044361102e-05	6.79985115406255	1
29.125	56.75	0.999999945172727	0.800026021922202	-3.59385775985898e-05	6.59984449337357	1
29.375	56.75	0.999999947790609	0.800023549731807	-3.41081837851476e-05	6.39983845189016	1
29.625	56.75	0.999999950262805	0.800021195308909	-3.23824390087283e-05	6.19983300019049	1
29.875	56.75	0.999999952615086	0.800018952355988	-3.07542934473764e-05	5.99982811042372	1
30.125	56.75	0.999999954880399	0.800016814974976	-2.92171906029021e-05	5.79982375620863	1
30.375	56.75	0.999999957091106	0.8000147776406	-2.77650297916864e-05	5.59981991253946	1
30.625	56.75	0.999999959260878	0.800012835176256	-2.63921314194703e-05	5.39981655570069	1
30.875	56.75	0.999999961356693	0.800010982733349	-2.5093204900591e-05	5.19981366319192	1
31.125	56.75	0.999999963269763	0.800009215774277	-2.38633187703261e-05	4.99981121366335	1
31.375	56.75	0.999999964806513	0.800007530059101	-2.26978731807731e-05	4.79980918685927	1
31.625	56.75	0.99999996573251	0.800005921633368	-2.15925746920325e-05	4.59980756356155	1
31.875	56.75	0.999999965903313	0.800004386812061	-2.05434141492695e-05	4.39980632551859	1
32.125	56.75	0.999999965491786	0.800002922151345	-1.95466481265686e-05	4.19980545534168	1
32.375	56.75	0.999999965257801	0.80000152440036	-1.85987843230723e-05	3.99980493635644	1
32.625	56.75	0.999999966703646	0.800000190432027	-1.76965696778235e-05	3.79980475241913	1
32.875	56.75	0.999999971848957	0.799998917168484	-1.68369776896353e-05	3.59980488775151	1
33.125	56.75	0.999999982322235	0.799997701542099	-1.60171883088051e-05	3.39980532690375	1
33.375	56.75	0.999999997626627	0.799996540558131	-1.5234552093683e-05	3.19980605499684	1
33.625	56.75	1.00000001292165	0.799995431529093	-1.44865331666579e-05	2.99980705836917	1
33.875	56.75	1.0000000174952	0.799994372502303	-1.37706369156804e-05	2.79980832559124	1
34.125	56.75	0.999999996050715	0.799993362771227	-1.30843513074962e-05	2.59980984847308	1
34.375	56.75	0.999999935367891	0.799992403147456	-1.24251611687641e-05	2.39981162221832	1
34.625	56.75	0.999999837763235	0.79999149544137	-1.17907183002657e-05	2.19981364349139	1
34.875	56.75	0.999999738947005	0.799990640528038	-1.11792356804187e-05	1.9998159052937	1
35.125	56.75	0.999999720969815	0.799989834732562	-1.05900797960523e-05	1.79981838876216	1
35.375	56.75	0.999999902696843	0.799989065332526	-1.00243284737269e-05	1.5998210547322	1
35.625	56.75	1.0000003858383	0.799988307799682	-9.48476045497659e-06	1.39982384185956	1
35.875	56.75	1.00000114297913	0.799987529474064	-8.97447220390525e-06	1.19982668155978	1
36.125	56.75	1.0000018655491	0.799986705258831	-8.4933572175778e-06	0.999829539399505	1
36.375	56.75	1.00000184880395	0.799985848284733	-8.03244356606719e-06	0.799832482860209	1
36.625	56.75	1.00000006478806	0.799985049770825	-7.56794642805135e-06	0.599835752554808	1
36.875	56.75	0.999995619776727	0.799984503749537	-7.05982416705999e-06	0.399839779667725	1
37.125	56.75	0.99998873168781	0.799986415943773	-6.46243552190255e-06	0.199845061689324	1
37.375	56.75	0.999982100340758	0.399986449952638	-5.85038094294814e-06	-0.000149150387384503	1
0.125	57.25	0.000415324098529907	0.799757374540418	-0.00199185498573851	22.828662353179	1
0.375	57.25	0.000415705678064062	0.799782428358865	-0.00196432367960814	22.8286160111582	1
0.625	57.25	0.000416459295752969	0.799657964034591	-0.00173502554708523	22.8286026130916	1
0.875	57.25	0.000417394231711674	0.799561294927614	-0.00130739651662522	22.8286173506349	1
1.125	57.25	0.000417974010414072	0.799510691577085	-0.00067831112376871	22.828650800378	1
1.375	57.25	0.000417189943127974	0.799522759712412	0.000128177852795548	22.8286890272403	1
1.625	57.25	0.000413535187556322	0.799607882942201	0.0010161652823829	22.8287145004406	1
1.875	57.25	0.000405156692686554	0.799763073194489	0.00178746430956388	22.8287085938834	1
2.125	57.25	0.000390253450597955	0.799964741630999	0.0021704128788329	22.828656244679	1
2.375	57.25	0.000367751191277653	0.800168810711062	0.00196403189236285	22.8285519821212	1
2.625	57.25	0.000338220739860833	0.80033011385152	0.00126430836023919	22.8284035688919	1
2.875	57.25	0.000304940384694201	0.800437414041371	0.000522253249549865	22.8282267411352	1
3.125	57.25	0.000274962321371366	0.800523627958174	0.00020808591096459	22.828030936506	1
3.375	57.25	0.000260043724310054	0.800630743307694	0.000446314963210017	22.8278097258921	1
3.625	57.25	0.000277318838992743	0.800777602063272	0.00108328122834105	22.8275439375788	1
3.875	57.25	0.000349580686967296	0.800963799595979	0.00191440584973336	22.8272078422954	1
4.125	57.25	0.000505004375622375	0.801185294411122	0.00279548828697281	22.8267706137853	1
4.375	57.25	0.000776104819376029	0.801438749064517	0.00366994662790963	22.8261949443425	1
4.625	57.25	0.00119773025336114	0.801717852989151	0.00454575307320406	22.8254365435508	1
4.875	57.25	0.00180405585173143	0.802011187503337	0.00545559015307528	22.8244451100633	1
5.125	57.25	0.00262497909344616	0.802303763653836	0.00643035504511038	22.8231655509399	1
5.375	57.25	0.00368300375736373	0.80257988843322	0.00748956183494872	22.8215382564926	1
5.625	57.25	0.0049924524904923	0.802825640638517	0.00863898838612435	22.8194973486081	1
5.875	57.25	0.0065636219663687	0.803030904376379	0.009868263211155	22.8169652780423	1
6.125	57.25	0.00841554504784928	0.80319154277338	0.0111462483243595	22.8138410894891	1
6.375	57.25	0.0106027665780311	0.803312001385219	0.0124149206127796	22.8099783918126	1
6.625	57.25	0.0132644525716898	0.803408074595073	0.0135834889571454	22.8051477004606	1
6.875	57.25	0.016708786064401	0.803508909751175	0.0145249991313741	22.7989765396927	1
7.125	57.25	0.021552203136276	0.803656236686623	0.0150781651660203	22.7908601389092	1
7.375	57.25	0.0289398494592017	0.803896865719149	0.0150574115149724	22.7798373385479	1
7.625	57.25	0.0408721118812323	0.804261663701365	0.0142737259376699	22.7644337168737	1
7.875	57.25	0.0606259479086833	0.804722262349572	0.012567900175572	22.7424924798047	1
8.125	57.25	0.0931295208661966	0.805123032806182	0.00985668200194215	22.7110499687145	1
8.375	57.25	0.144840753404321	0.805119162609152	0.00619098777218363	22.6663674800565	1
8.625	57.25	0.222235307712772	0.804230911236925	0.00181766807269291	22.6042795240148	1
8.875	57.25	0.328045806330082	0.802176630419917	-0.00278986109267369	22.5209815853741	1
9.125	57.25	0.456358916684823	0.799390791610897	-0.00700126778215105	22.4141457895427	1
9.375	57.25	0.591409316148872	0.797044599439135	-0.0102354391787998	22.2838580524895	1
9.625	57.25	0.714209514764799	0.796132962733422	-0.0121934976665409	22.1327190882603	1
9.875	57.25	0.812127326360751	0.796664792493992	-0.0129310298591123	21.9649530309062	1
10.125	57.25	0.88243812656147	0.797955914170008	-0.0127368696541136	21.7851173809961	1
10.375	57.25	0.929169317016701	0.799344276839033	-0.0119574742932535	21.5971487901326	1
10.625	57.25	0.95855652722784	0.800491528179276	-0.0108845017753238	21.4039977664932	1
10.875	57.25	0.976307485514371	0.801316369679593	-0.00971986800139996	21.2076790849341	1
11.125	57.25	0.986703373067712	0.801856132686769	-0.00858438880711956	21.0094859588954	1
11.375	57.25	0.992639319460963	0.802179448505158	-0.00754009408047957	20.8102138801526	1
11.625	57.25	0.995955756447785	0.802350021542976	-0.00661160106181167	20.6103372177874	1
11.875	57.25	0.997774876597563	0.802417009469855	-0.00580206658872302	20.4101320369576	1
12.125	57.25	0.998759218038729	0.802415502160013	-0.00510367844285782	20.2097557723848	1
12.375	57.25	0.999288943959376	0.802369646489954	-0.00450398146714369	20.0092966800499	1
12.625	57.25	0.999576210385805	0.802295774635646	-0.00398940446866131	19.8088035545585	1
12.875	57.25	0.999736101763054	0.802204854304378	-0.0035470484195544	19.6083031088029	1
13.125	57.25	0.999829278372164	0.802104239810851	-0.00316546036346652	19.4078098849395	1
13.375	57.25	0.999886869699481	0.801998871025972	-0.00283485243657673	19.2073317703023	1
13.625	57.25	0.999924552073341	0.801892075920238	-0.0025470419811929	19.0068729984192	1
13.875	57.25	0.999950227035409	0.801786100979197	-0.00229527040092974	18.8064357526961	1
14.125	57.25	0.999968034380958	0.801682459518627	-0.00207398580250327	18.6060210174711	1
14.375	57.25	0.999980345030493	0.801582160334752	-0.001878631938495	18.4056290361547	1
14.625	57.25	0.999988692032838	0.801485858802169	-0.00170546155130645	18.2052595696079	1
14.875	57.25	0.999994176241695	0.801393958079523	-0.00155137955856909	18.0049120540373	1
15.125	57.25	0.999997632351532	0.801306678467861	-0.00141381528964443	17.8045857070357	1
15.375	57.25	0.999999697565454	0.801224106361662	-0.00129062024206492	17.6042796044096	1
15.625	57.25	1.00000084731373	0.801146229844179	-0.00117998698524939	17.4039927380971	1
15.875	57.25	1.00000142299226	0.801072965237832	-0.00108038500148513	17.203724060044	1
16.125	57.25	1.00000165865038	0.801004177508773	-0.000990510152441921	17.003472514814	1
16.375	57.25	1.00000170664305	0.800939695981874	-0.000909244518547954	16.8032370629915	1
16.625	57.25	1.00000166057207	0.800879326588684	-0.000835624447138071	16.6030166971788	1
16.875	57.25	1.00000157420862	0.800822861352188	-0.000768814964238271	16.402810452238	1
17.125	57.25	1.00000147595567	0.800770085656628	-0.000708089143250718	16.2026174112313	1
17.375	57.25	1.00000137913861	0.800720783731995	-0.000652811357912142	16.0024367082683	1
17.625	57.25	1.00000128883353	0.800674742701812	-0.000602423594969514	15.8022675292216	1
17.875	57.25	1.00000120607745	0.8006317554849	-0.000556434192378576	15.602109111031	1
18.125	57.25	1.00000113025728	0.800591622795568	-0.000514408512828517	15.401960740119	1
18.375	57.25	1.00000106032674	0.800554154444218	-0.000475961170103552	15.2018217502754	1
18.625	57.25	1.00000099533239	0.800519170103212	-0.000440749510186034	15.0016915202567	1
18.875	57.25	1.00000093457072	0.800486499672247	-0.000408468111922405	14.8015694712544	1
19.125	57.25	1.0000008775776	0.800455983347855	-0.000378844120950191	14.6014550643367	1
19.375	57.25	1.00000082405948	0.800427471481419	-0.00035163326958803	14.4013477979234	1
19.625	57.25	1.00000077382227	0.800400824288044	-0.000326616463866854	14.2012472053365	1
19.875	57.25	1.00000072671713	0.800375911457102	-0.000303596843605761	14.0011528524475	1
20.125	57.25	1.00000068260771	0.800352611698418	-0.000282397237223781	13.801064335438	1
20.375	57.25	1.00000064135403	0.8003308122541	-0.000262857951161851	13.6009812786795	1
20.625	57.25	1.00000060280785	0.800310408393227	-0.000244834840929757	13.4009033327371	1
20.875	57.25	1.00000056681415	0.800291302906417	-0.000228197623524814	13.2008301724961	1
21.125	57.25	1.00000053321494	0.800273405608579	-0.000212828395554641	13.0007614954113	1
21.375	57.25	1.0000005018535	0.800256632857925	-0.000198620328971387	12.8006970198737	1
21.625	57.25	1.00000047257763	0.800240907095917	-0.0001854765197886	12.6006364836911	1
21.875	57.25	1.00000044524227	0.800226156410604	-0.000173308969630296	12.4005796426768	1
22.125	57.25	1.00000041971066	0.800212314124934	-0.000162037682953874	12.2005262693398	1
22.375	57.25	1.00000039585517	0.800199318410518	-0.000151589865349827	12.0004761516725	1
22.625	57.25	1.00000037355709	0.800187111927202	-0.000141899210165578	11.8004290920265	1
22.875	57.25	1.00000035270646	0.800175641487328	-0.000132905262608043	11.6003849060738	1
23.125	57.25	1.00000033320136	0.800164857744404	-0.000124552852536682	11.4003434218444	1
23.375	57.25	1.00000031494743	0.800154714904285	-0.000116791587206681	11.2003044788376	1
23.625	57.25	1.00000029785722	0.800145170458216	-0.000109575397442359	11.0002679271985	1
23.875	57.25	1.0000002818498	0.800136184935718	-0.000102862130751082	10.8002336269576	1
24.125	57.25	1.00000026685017	0.800127721676625	-9.66131866004076e-05	10.6002014473267	1
24.375	57.25	1.00000025278899	0.800119746620416	-9.07931884923295e-05	10.400171266048	1
24.625	57.25	1.00000023960193	0.800112228112338	-8.53696893104252e-05	10.2001429687913	1
24.875	57.25	1.00000022722932	0.800105136724468	-8.0312905917612e-05	10.0001164485964	1
25.125	57.25	1.00000021561576	0.800098445090702	-7.55954801377379e-05	9.800091605357	1
25.375	57.25	1.00000020470987	0.80009212775427	-7.11922629717825e-05	9.60006834534194	1
25.625	57.25	1.00000019446399	0.800086161027481	-6.70801198497699e-05	9.40004658075256	1
25.875	57.25	1.00000018483385	0.800080522861986	-6.32377545386853e-05	9.20002622931192	1
26.125	57.25	1.00000017577831	0.800075192729299	-5.96455499744157e-05	9.00000721388423	1
26.375	57.25	1.00000016725913	0.800070151510373	-5.62854239863286e-05	8.79998946212182	1
26.625	57.25	1.00000015924078	0.800065381393973	-5.31406986084328e-05	8.59997290613769	1
26.875	57.25	1.00000015169034	0.800060865782573	-5.01959813797048e-05	8.39995748220148	1
27.125	57.25	1.00000014457731	0.800056589205482	-4.74370576455401e-05	8.19994313045731	1
27.375	57.25	1.0000001378734	0.800052537238433	-4.48507925526642e-05	7.99992979466172	1
27.625	57.25	1.00000013155229	0.800048696429412	-4.24250420215904e-05	7.79991742194019	1
27.875	57.25	1.00000012558928	0.80004505423	-4.01485716537844e-05	7.59990596256091	1
28.125	57.25	1.00000011996098	0.800041598931838	-3.80109828611728e-05	7.39989536972451	1
28.375	57.25	1.00000011464491	0.800038319607787	-3.60026453759802e-05	7.19988559936851	1
28.625	57.25	1.00000010961928	0.80003520605758	-3.41146356478604e-05	6.9998766099855	1
28.875	57.25	1.00000010486312	0.800032248757525	-3.23386805377697e-05	6.7998683624539	1
29.125	57.25	1.00000010035737	0.800029438813924	-3.06671058936654e-05	6.59986081988028	1
29.375	57.25	1.00000009608703	0.800026767919769	-2.90927895216974e-05	6.39985394745209	1
29.625	57.25	1.00000009204417	0.800024228314218	-2.76091180582239e-05	6.19984771230006	1
29.875	57.25	1.00000008823028	0.800021812744832	-2.62099474839669e-05	5.99984208336934	1
30.125	57.25	1.00000008465561	0.800019514432164	-2.48895667701601e-05	5.79983703129937	1
30.375	57.25	1.00000008133142	0.800017327037151	-2.36426645720127e-05	5.59983252831256	1
30.625	57.25	1.00000007825223	0.800015244631581	-2.24642983828338e-05	5.39982854811325	1
30.875	57.25	1.00000007536821	0.800013261672445	-2.13498660931289e-05	5.19982506579784	1
31.125	57.25	1.0000000725565	0.800011372980271	-2.0295079536436e-05	4.99982205777666	1
31.375	57.25	1.00000006961194	0.800009573721597	-1.92959400670747e-05	4.79981950170486	1
31.625	57.25	1.00000006628941	0.800007859392987	-1.83487161564964e-05	4.59981737641438	1
31.875	57.25	1.0000000624311	0.800006225801535	-1.74499235890636e-05	4.39981566183273	1
32.125	57.25	1.00000005818843	0.800004669033796	-1.65963087294939e-05	4.19981433887088	1
32.375	57.25	1.00000005428631	0.80000318540544	-1.57848351168174e-05	3.99981338926787	1
32.625	57.25	1.00000005217772	0.8000017713907	-1.50126724171025e-05	3.79981279540168	1
32.875	57.25	1.00000005382938	0.800000423546621	-1.42771847813535e-05	3.59981254011812	1
33.125	57.25	1.00000006084312	0.7999991384719	-1.35759131547808e-05	3.39981260668454	1
33.375	57.25	1.0000000727719	0.799997912864374	-1.29065445612015e-05	3.19981297901595	1
33.625	57.25	1.0000000849581	0.799996743745239	-1.22668637846814e-05	2.99981364229579	1
33.875	57.25	1.0000000870292	0.79999562887097	-1.1654692016469e-05	2.79981458395802	1
34.125	57.25	1.00000006410815	0.799994567226887	-1.1067835851072e-05	2.59981579466801	1
34.375	57.25	1.00000000322042	0.799993559288823	-1.05040951582482e-05	2.3998172684828	1
34.625	57.25	0.999999906290533	0.799992606517665	-9.9613979620726e-06	2.19981900099454	1
34.875	57.25	0.999999807425614	0.799991709482523	-9.43811913302588e-06	1.9998209843834	1
35.125	57.25	0.999999785519614	0.799990864354892	-8.93356381345157e-06	1.79982319948196	1
35.375	57.25	0.999999955244514	0.799990058545694	-8.44842869852747e-06	1.59982560758947	1
35.625	57.25	1.00000041524105	0.799989268020551	-7.98480979772807e-06	1.39982814859158	1
35.875	57.25	1.00000114043439	0.799988460826962	-7.54510518381619e-06	1.19983075528537	1
36.125	57.25	1.00000183574299	0.799987612223854	-7.12919301137503e-06	0.999833393202221	1
36.375	57.25	1.00000182534335	0.799986734243274	-6.72988079721766e-06	0.799836125847972	1
36.625	57.25	1.00000012262546	0.79998591408688	-6.32812796823495e-06	0.599839183271014	1
36.875	57.25	0.999995869424625	0.799985337935267	-5.89191170732293e-06	0.399842978867914	1
37.125	57.25	0.999989273915589	0.799987115015949	-5.38487140602312e-06	0.199847989892184	1
37.375	57.25	0.999982923687951	0.399987093896331	-4.86783606854729e-06	-0.000146499191229668	1
0.125	57.75	0.000406778312250895	0.799754397244027	-0.00167029899840568	22.8286706408042	1
0.375	57.75	0.000407163794881604	0.799761749693193	-0.00171528609354757	22.8286296751659	1
0.625	57.75	0.000407931134210065	0.799626675860895	-0.00152137683220689	22.8286250188588	1
0.875	57.75	0.000408900992504098	0.799527048349831	-0.00118372686060822	22.8286503017091	1
1.125	57.75	0.000409552459940999	0.799483356982453	-0.000691729906087198	22.828693741742	1
1.375	57.75	0.000408892783903036	0.799510842096309	-4.99550109525359e-05	22.8287388360499	1
1.625	57.75	0.000405424033278411	0.799611861967989	0.000688921196492698	22.8287665639584	1
1.875	57.75	0.000397283796259341	0.79976815391498	0.00140308047967979	22.8287599105035	1
2.125	57.75	0.000382629123904337	0.79994170328131	0.00190260368732478	22.82870990188	1
2.375	57.75	0.000360295506234003	0.800090860893967	0.00198340418508603	22.8286195090489	1
2.625	57.75	0.000330699804197943	0.800193632921989	0.0015727002381439	22.828501071229	1
2.875	57.75	0.000296888361589618	0.800259745140044	0.000900827237050488	22.8283674950744	1
3.125	57.75	0.000265589614337686	0.800323228767653	0.000409029419953024	22.8282227472173	1
3.375	57.75	0.000248128264436299	0.800420085899771	0.000383344079382954	22.8280570830412	1
3.625	57.75	0.000261071960239507	0.800567369832927	0.000816137620682922	22.8278491092841	1
3.875	57.75	0.000326475686479056	0.80076199060057	0.00153043584514432	22.8275709734937	1
4.125	57.75	0.0004715559353712	0.800995057506037	0.00233935585627739	22.8271909343703	1
4.375	57.75	0.000727586205188803	0.801262925734525	0.00315106804114647	22.8266718864862	1
4.625	57.75	0.001127806530284	0.801567139277595	0.00396551809243212	22.8259689328847	1
4.875	57.75	0.00170428911117265	0.801910589398186	0.00481997069974927	22.8250285526592	1
5.125	57.75	0.00248411261754362	0.802296950792999	0.00574881093707452	22.8237888691281	1
5.375	57.75	0.00348583880063523	0.80273299070277	0.006769678199925	22.822179475601	1
5.625	57.75	0.0047179903301542	0.803231117777161	0.00788285715715637	22.8201195469205	1
5.875	57.75	0.00618195547778154	0.803811107104495	0.00907158093318702	22.8175127610483	1
6.125	57.75	0.00788271778800938	0.804500921315602	0.0102993264958844	22.8142367225123	1
6.375	57.75	0.00985241157941057	0.805336470566444	0.0115053317002241	22.8101234565029	1
6.625	57.75	0.0121944100304325	0.80635982730888	0.0126005267919201	22.8049262462048	1
6.875	57.75	0.0151600367597025	0.807615055181585	0.0134658655558858	22.7982667369142	1
7.125	57.75	0.0192764600645233	0.809140190711505	0.0139550812236469	22.7895553317262	1
7.375	57.75	0.0255517841888629	0.810952668880143	0.0139040363312074	22.7778788045037	1
7.625	57.75	0.0357851503558342	0.813023440192969	0.0131486778983205	22.7618546385398	1
7.875	57.75	0.0529840360674212	0.815233327484423	0.0115530748637566	22.7394669816498	1
8.125	57.75	0.0817851771690213	0.817309535193838	0.00904841288463961	22.7079311355606	1
8.375	57.75	0.128503936180041	0.818766986420025	0.00568271488057033	22.6636854099333	1
8.625	57.75	0.199986466982705	0.818950950159982	0.00167473634210492	22.6026636795146	1
8.875	57.75	0.300268018540608	0.817350943347659	-0.0025561653917586	22.520991949521	1
9.125	57.75	0.425522660193327	0.814176905162697	-0.00644379446552784	22.4160625778282	1
9.375	57.75	0.561539285598069	0.810585211349657	-0.00945224014840044	22.2875543523441	1
9.625	57.75	0.688899810208385	0.807888864763438	-0.0112915978301322	22.1377207257399	1
9.875	57.75	0.792957761372017	0.806525389377031	-0.0119986545450308	21.9706460701935	1
10.125	57.75	0.869074274356497	0.806074920903887	-0.0118338267842579	21.7909536883365	1
10.375	57.75	0.920362020703047	0.805958610482181	-0.0111171404387098	21.6027472392992	1
10.625	57.75	0.952959290122584	0.805840936017843	-0.0101201388805503	21.4091470014818	1
10.875	57.75	0.972832425437366	0.805622046271068	-0.00903166491969079	21.2122945952376	1
11.125	57.75	0.98457972065074	0.805314671081442	-0.0079655007795053	21.0135618647248	1
11.375	57.75	0.991357357690463	0.80495981130166	-0.0069809633359705	20.8137858500913	1
11.625	57.75	0.995191020524888	0.804592840494535	-0.00610257444427157	20.6134586093113	1
11.875	57.75	0.997325272896299	0.804236233154895	-0.0053346996458816	20.4128602850825	1
12.125	57.75	0.998500469968638	0.803901609233893	-0.00467118469480939	20.2121454676972	1
12.375	57.75	0.999145213176516	0.803593485156637	-0.00410120371845993	20.0113965917121	1
12.625	57.75	0.99950143109226	0.803312347395334	-0.00361256604060177	19.810655798661	1
12.875	57.75	0.99970236590416	0.803056682008685	-0.00319343876848262	19.6099433821608	1
13.125	57.75	0.999819699159525	0.802824170299971	-0.00283313604292467	19.4092681563232	1
13.375	57.75	0.999891233032922	0.802612331831893	-0.00252238804840252	19.2086331071609	1
13.625	57.75	0.999936681677991	0.802418834109343	-0.00225334003073829	19.0080383717145	1
13.875	57.75	0.999966393529621	0.802241614571787	-0.0020194258087469	18.8074827528251	1
14.125	57.75	0.99998599587296	0.80207890380851	-0.00181519518943272	18.6069644613184	1
14.375	57.75	0.999998767858875	0.801929202367435	-0.00163613710950256	18.4064814681504	1
14.625	57.75	1.00000679963214	0.801791240371086	-0.00147851781267899	18.2060316690485	1
14.875	57.75	1.0000115348492	0.80166393402038	-0.00133924036353241	18.005612963668	1
15.125	57.75	1.00001401907773	0.80154634761695	-0.00121572836692806	17.8052232974349	1
15.375	57.75	1.00001501841252	0.801437661680927	-0.00110582963317846	17.6048606869374	1
15.625	57.75	1.00001508580124	0.801337148611047	-0.00100773831695669	17.4045232369232	1
15.875	57.75	1.0000146077972	0.801244154572653	-0.000919932120352929	17.204209151756	1
16.125	57.75	1.00001384322787	0.801158086376252	-0.000841121694650435	17.0039167423272	1
16.375	57.75	1.00001295649157	0.801078402084768	-0.000770209833799826	16.8036444290326	1
16.625	57.75	1.00001204541791	0.801004604279359	-0.000706258497048955	16.6033907414711	1
16.875	57.75	1.00001116336175	0.800936235129014	-0.000648462075183412	16.4031543156152	1
17.125	57.75	1.00001033569885	0.800872872641422	-0.000596125641514899	16.2029338892069	1
17.375	57.75	1.00000957140123	0.800814127666224	-0.000548647193109933	16.0027282960554	1
17.625	57.75	1.00000887065714	0.800759641369247	-0.00050550309606465	15.8025364597778	1
17.875	57.75	1.00000822955079	0.800709083002505	-0.000466236110226054	15.6023573873844	1
18.125	57.75	1.0000076427133	0.800662147868717	-0.000430445497973318	15.4021901629749	1
18.375	57.75	1.00000710467122	0.800618555425432	-0.000397778821267672	15.2020339417123	1
18.625	57.75	1.00000661042499	0.800578047500043	-0.000367925110153496	15.0018879441581	1
18.875	57.75	1.00000615561285	0.800540386605651	-0.000340609149401151	14.8017514510071	1
19.125	57.75	1.0000057364823	0.800505354351565	-0.00031558667828812	14.6016237982221	1
19.375	57.75	1.00000534979203	0.800472749949468	-0.0002926403403993	14.4015043725568	1
19.625	57.75	1.00000499270723	0.800442388812953	-0.000271576249490643	14.201392607442	1
19.875	57.75	1.00000466271228	0.800414101252275	-0.000252221065908396	14.0012879792105	1
20.125	57.75	1.00000435754687	0.800387731259235	-0.000234419495265691	13.8011900036332	1
20.375	57.75	1.00000407516208	0.800363135382115	-0.000218032140491137	13.601098232743	1
20.625	57.75	1.00000381369091	0.800340181685336	-0.000202933648701643	13.4010122519221	1
20.875	57.75	1.00000357142813	0.800318748790996	-0.000189011106771019	13.2009316772325	1
21.125	57.75	1.00000334681505	0.80029872499707	-0.000176162646891813	13.000856152968	1
21.375	57.75	1.00000313842731	0.800280007467606	-0.000164296230357293	12.8007853494124	1
21.625	57.75	1.0000029449637	0.800262501490715	-0.000153328583541772	12.6007189607835	1
21.875	57.75	1.00000276523606	0.800246119798841	-0.000143184264178896	12.4006567033507	1
22.125	57.75	1.00000259815945	0.80023078194676	-0.000133794839797973	12.2005983137077	1
22.375	57.75	1.00000244274313	0.800216413743006	-0.000125098162700181	12.0005435471916	1
22.625	57.75	1.00000229808183	0.80020294673056	-0.000117037728988047	11.8004921764313	1
22.875	57.75	1.00000216334789	0.800190317712142	-0.000109562110227907	11.6004439900178	1
23.125	57.75	1.00000203778373	0.80017846831715	-0.000102624449116274	11.4003987912831	1
23.375	57.75	1.00000192069537	0.80016734460622	-9.61820103582432e-05	11.2003563971797	1
23.625	57.75	1.00000181144644	0.800156896710192	-9.019578058446e-05	11.0003166372518	1
23.875	57.75	1.00000170945307	0.800147078499925	-8.46301109409057e-05	10.8002793526897	1
24.125	57.75	1.00000161417902	0.800137847284861	-7.94523977918526e-05	10.6002443954605	1
24.375	57.75	1.00000152513146	0.800129163537622	-7.46327965370781e-05	10.4002116275088	1
24.625	57.75	1.00000144185701	0.800120990642474	-7.01439651251362e-05	10.2001809200209	1
24.875	57.75	1.00000136393822	0.800113294665114	-6.59608336299711e-05	10.0001521527472	1
25.125	57.75	1.00000129099048	0.800106044142133	-6.20603972540235e-05	9.80012521337836	1
25.375	57.75	1.00000122265923	0.800099209888167	-5.84215298391758e-05	9.60009999696952	1
25.625	57.75	1.00000115861738	0.800092764819239	-5.50248159289228e-05	9.40007640540969	1
25.875	57.75	1.000001098563	0.800086683790582	-5.18523992467242e-05	9.20005434693203	1
26.125	57.75	1.00000104221712	0.8000809434484	-4.88878458921374e-05	9.00003373566156	1
26.375	57.75	1.00000098932185	0.800075522093614	-4.61160205475632e-05	8.80001449119748	1
26.625	57.75	1.00000093963868	0.800070399557115	-4.35229744939431e-05	8.59999653822688	1
26.875	57.75	1.000000892947	0.800065557084744	-4.10958441163225e-05	8.39997980616758	1
27.125	57.75	1.0000008490427	0.800060977231757	-3.88227589652861e-05	8.19996422883766	1
27.375	57.75	1.00000080773674	0.800056643765639	-3.66927582173114e-05	7.99994974414942	1
27.625	57.75	1.00000076885394	0.800052541576705	-3.46957148094453e-05	7.79993629382612	1
27.875	57.75	1.00000073223166	0.800048656595908	-3.28222664925346e-05	7.59992382313938	1
28.125	57.75	1.00000069771859	0.80004497571905	-3.10637530186343e-05	7.39991228066585	1
28.375	57.75	1.00000066517361	0.800041486736978	-2.94121589181421e-05	7.19990161806149	1
28.625	57.75	1.00000063446483	0.800038178271268	-2.78600612335437e-05	6.99989178985219	1
28.875	57.75	1.0000006054691	0.8000350397148	-2.6400581871302e-05	6.79988275323936	1
29.125	57.75	1.00000057807244	0.800032061176942	-2.50273440801452e-05	6.59987446791927	1
29.375	57.75	1.00000055217158	0.800029233432847	-2.37344327492664e-05	6.39986689591477	1
29.625	57.75	1.00000052767633	0.800026547876414	-2.25163579927535e-05	6.19986000141846	1
29.875	57.75	1.00000050451156	0.800023996476445	-2.13680218044421e-05	5.99985375064617	1
30.125	57.75	1.00000048261604	0.800021571735777	-2.02846874059755e-05	5.79984811170061	1
30.375	57.75	1.00000046193461	0.80001926665367	-1.9261951147738e-05	5.59984305444519	1
30.625	57.75	1.00000044240033	0.800017074691713	-1.82957165217911e-05	5.39983855038916	1
30.875	57.75	1.00000042390699	0.800014989743954	-1.73821702420904e-05	5.19983457258507	1
31.125	57.75	1.00000040628053	0.800013006111521	-1.65177599563502e-05	4.99983109553886	1
31.375	57.75	1.00000038926929	0.800011118481666	-1.56991735953129e-05	4.79982809512982	1
31.625	57.75	1.00000037258497	0.800009321908721	-1.49233204009642e-05	4.5998255485325	1
31.875	57.75	1.00000035602685	0.80000761179179	-1.41873140511125e-05	4.39982343412666	1
32.125	57.75	1.0000003396991	0.80000598384142	-1.34884582686856e-05	4.1998217313776	1
32.375	57.75	1.00000032427032	0.800004434027655	-1.28242350852925e-05	3.99982042067468	1
32.625	57.75	1.00000031112692	0.800002958508581	-1.21922949905791e-05	3.79981948313716	1
32.875	57.75	1.00000030216703	0.800001553554003	-1.15904465913705e-05	3.59981890043778	1
33.125	57.75	1.00000029894553	0.800000215502897	-1.10166414595431e-05	3.39981865474843	1
33.375	57.75	1.00000030103054	0.799998940817034	-1.04689485968623e-05	3.19981872895248	1
33.625	57.75	1.00000030388836	0.79999772629732	-9.94551458492708e-06	2.99981910724407	1
33.875	57.75	1.00000029740036	0.799996569483289	-9.44451252453449e-06	2.79981977608265	1
34.125	57.75	1.00000026701576	0.79999546913236	-8.96409747762672e-06	2.59982072515093	1
34.375	57.75	1.00000019995985	0.799994425472984	-8.50240582005647e-06	2.39982194751747	1
34.625	57.75	1.00000009786216	0.799993439710068	-8.0576515776379e-06	2.19982343783791	1
34.875	57.75	0.9999999935791	0.799992512194013	-7.628364901244e-06	1.9998251875459	1
35.125	57.75	0.999999963511507	0.799991639002718	-7.21376010533214e-06	1.79982717712797	1
35.375	57.75	1.00000011897873	0.799990807687307	-6.81409289695018e-06	1.59982936813968	1
35.625	57.75	1.00000055608275	0.799989994645967	-6.43067951719277e-06	1.39983170133208	1
35.875	57.75	1.00000125137497	0.799989168528202	-6.065082967725e-06	1.19983411050604	1
36.125	57.75	1.00000192007675	0.799988304895351	-5.71699668634891e-06	0.999836561119306	1
36.375	57.75	1.00000190874968	0.799987414863074	-5.38082619025319e-06	0.799839113565645	1
36.625	57.75	1.00000026299669	0.799986582259711	-5.0421119759406e-06	0.599841989689423	1
36.875	57.75	0.999996152617587	0.799985986591592	-4.6767198314436e-06	0.399845589120182	1
37.125	57.75	0.999989778879768	0.799987661144598	-4.25740699498076e-06	0.199850373543134	1
37.375	57.75	0.999983643313597	0.399987567409385	-3.82942293666429e-06	-0.00014434625594912	1
0.125	58.25	0.000399036200677251	0.799755188260877	-0.00123405370904631	22.8286993176374	1
0.375	58.25	0.000399424605752869	0.799734017575533	-0.00127321735587268	22.8286614892343	1
0.625	58.25	0.000400203513902345	0.799558455799553	-0.00110684603300224	22.8286712129348	1
0.875	58.25	0.000401205343362305	0.799422457151728	-0.000795499077287007	22.8287200623496	1
1.125	58.25	0.000401926205771075	0.799340126794322	-0.000321452382820622	22.8287962732282	1
1.375	58.25	0.000401392528040537	0.799324521317128	0.000333711757132214	22.8288845553294	1
1.625	58.25	0.000398121056231487	0.799381257103028	0.00114998723828971	22.8289670897834	1
1.875	58.25	0.000390248772933797	0.799504492243505	0.00201451343966705	22.8290264215118	1
2.125	58.25	0.000375902789077531	0.7996818868831	0.00267852326322533	22.8290483402178	1
2.375	58.25	0.00035384493121992	0.799901252682657	0.00282928120114778	22.8290222072496	1
2.625	58.25	0.000324364484773783	0.800140944309373	0.00234951674863974	22.8289401584236	1
2.875	58.25	0.000290323003880488	0.800355376414697	0.0015191058508291	22.8288011389022	1
3.125	58.25	0.000258205647166224	0.800497317215444	0.000799965015442987	22.8286167293204	1
3.375	58.25	0.000239023899941103	0.800563243595703	0.000479541678781749	22.8284048541803	1
3.625	58.25	0.000248933125304347	0.800602684559291	0.000613859733311558	22.8281726326403	1
3.875	58.25	0.000309436852440839	0.800682273392085	0.00110493011598768	22.8279039349825	1
4.125	58.25	0.000447025163709155	0.800844921824922	0.00177917526142402	22.8275600562825	1
4.375	58.25	0.000692056360577547	0.801098982295977	0.00249974622326755	22.8270889421262	1
4.625	58.25	0.0010766877789912	0.801435604672128	0.00322220840624405	22.8264325931089	1
4.875	58.25	0.00163177456741324	0.801849130530228	0.00396096903230848	22.8255283423901	1
5.125	58.25	0.00238299679971182	0.802345728691377	0.00473920213587169	22.8243065608854	1
5.375	58.25	0.00334708691241341	0.80294294282234	0.00556618952671701	22.8226879031608	1
5.625	58.25	0.00452978094081905	0.803667273011617	0.006434187919367	22.8205804910817	1
5.875	58.25	0.00592786607101658	0.804552828269706	0.00731966654163012	22.817875253899	1
6.125	58.25	0.00753858659117819	0.805640463664602	0.0081836256963959	22.8144366558406	1
6.375	58.25	0.0093811309324031	0.806976025469792	0.00897132794882779	22.8100853329763	1
6.625	58.25	0.0115374776451892	0.808606716631229	0.00961280104187567	22.8045681219238	1
6.875	58.25	0.0142240979889175	0.81057479308458	0.0100252249877763	22.797509638543	1
7.125	58.25	0.0179123610575897	0.812907448809578	0.0101180326278951	22.7883384912204	1
7.375	58.25	0.0235232352186572	0.815600714294248	0.0098012762003724	22.7761816396047	1
7.625	58.25	0.0327255547254118	0.818593374243847	0.00899744055897457	22.7597249673693	1
7.875	58.25	0.0483477495786381	0.821725157358483	0.00765652768468781	22.7370516380253	1
8.125	58.25	0.0748223561406088	0.824676512701995	0.00577421708276711	22.7054990955652	1
8.375	58.25	0.118335644508095	0.826909797727877	0.00341309630278258	22.661625266665	1
8.625	58.25	0.185909737246072	0.827697837672612	0.0007248777764934	22.6014319744782	1
8.875	58.25	0.282360813883279	0.826410468944276	-0.00203856553153443	22.5209997341476	1
9.125	58.25	0.405243067835683	0.823104625851554	-0.00455447118033538	22.4175285211375	1
9.375	58.25	0.541532121354319	0.818876718760834	-0.00652154382579177	22.2904060985484	1
9.625	58.25	0.671723800794177	0.81519262690999	-0.00777533231664125	22.1416235665963	1
9.875	58.25	0.779876356266278	0.81274867135977	-0.00833368740449405	21.9751446769211	1
10.125	58.25	0.859978723691782	0.811296025261294	-0.00834142583995208	21.7956253341138	1
10.375	58.25	0.91443199889546	0.810307399164957	-0.00798005184907269	21.6072853048982	1
10.625	58.25	0.949263031639359	0.809445835204027	-0.00740787717572709	21.4133707984592	1
10.875	58.25	0.970605037285424	0.80859981927146	-0.00674035640185005	21.216121646668	1
11.125	58.25	0.983277607195179	0.807769885457589	-0.00605276794902763	21.0169733568108	1
11.375	58.25	0.990622353195203	0.806984284924105	-0.00538986706528383	20.8167988169289	1
11.625	58.25	0.994796965178458	0.806265133136963	-0.00477549268285135	20.616107330753	1
11.875	58.25	0.997132921572301	0.805621973998556	-0.00422007116623441	20.4151851687777	1
12.125	58.25	0.998425458978188	0.805054640071687	-0.0037259079558014	20.2141869869811	1
12.375	58.25	0.999137006104536	0.804557447137765	-0.00329070979059078	20.0131923191752	1
12.625	58.25	0.999530029560754	0.804122365912569	-0.00290983171780453	19.812239210558	1
12.875	58.25	0.999750114173743	0.803740937926862	-0.00257765370798086	19.6113436135711	1
13.125	58.25	0.999876304325818	0.803405262533098	-0.00228838545755749	19.4105102267219	1
13.375	58.25	0.999950770411367	0.803108408763502	-0.00203650610552509	19.2097383472799	1
13.625	58.25	0.999995808053276	0.802844508693774	-0.00181697843510943	19.0090249083527	1
13.875	58.25	1.00002328717916	0.802608694235411	-0.00162533013622872	18.8083659800435	1
14.125	58.25	1.00003972976796	0.802396965370394	-0.00145765712570571	18.6077574660739	1
14.375	58.25	1.00004893916217	0.802206047786476	-0.00131059217026067	18.4071953999503	1
14.625	58.25	1.00005331019386	0.802033253783172	-0.00118125055430452	18.2066760540472	1
14.875	58.25	1.0000544604515	0.80187636359949	-0.00106717171198997	18.0061959680229	1
15.125	58.25	1.00005353096957	0.801733527561212	-0.000966262005992355	17.8057519465074	1
15.375	58.25	1.0000513359031	0.801603188179649	-0.00087674183234511	17.6053410470944	1
15.625	58.25	1.00004844756235	0.801484019581623	-0.000797098506802413	17.4049605661689	1
15.875	58.25	1.00004525462685	0.801374881020963	-0.000726045187174443	17.2046080245767	1
16.125	58.25	1.00004200795828	0.801274781441191	-0.000662485571389395	17.0042811532957	1
16.375	58.25	1.00003885840905	0.801182852477755	-0.000605483848082417	16.8039778789457	1
16.625	58.25	1.00003588754628	0.801098327781607	-0.00055423929253889	16.6036963091306	1
16.875	58.25	1.0000331315482	0.801020527017639	-0.000508064893658723	16.4034347178021	1
17.125	58.25	1.00003059880548	0.800948843301042	-0.000466369434604005	16.2031915309384	1
17.375	58.25	1.00002828214033	0.800882733162071	-0.000428642505316089	16.0029653128314	1
17.625	58.25	1.00002616676527	0.800821708385754	-0.000394441987694792	15.8027547532158	1
17.875	58.25	1.00002423510421	0.800765329260593	-0.000363383614152232	15.602558655384	1
18.125	58.25	1.00002246946141	0.800713198904418	-0.000335132256746871	15.4023759253502	1
18.375	58.25	1.00002085331509	0.800664958433402	-0.000309394657016749	15.2022055620555	1
18.625	58.25	1.0000193718021	0.800620282802614	-0.000285913349821378	15.0020466485643	1
18.875	58.25	1.00001801177151	0.80057887719511	-0.000264461577027966	14.8018983441733	1
19.125	58.25	1.0000167616422	0.800540473864112	-0.000244839018766591	14.6017598773439	1
19.375	58.25	1.00001561119608	0.800504829358329	-0.000226868201875512	14.4016305393699	1
19.625	58.25	1.00001455137305	0.800471722071772	-0.000210391467004773	14.201509678695	1
19.875	58.25	1.00001357409388	0.800440950073972	-0.00019526839998831	14.001396695806	1
20.125	58.25	1.00001267211676	0.800412329181308	-0.000181373647362177	13.8012910386335	1
20.375	58.25	1.000011838924	0.800385691239215	-0.000168595052071747	13.6011921984039	1
20.625	58.25	1.000011068632	0.800360882588577	-0.000156832055847549	13.4010997058914	1
20.875	58.25	1.00001035591859	0.800337762693787	-0.000145994325021313	13.2010131280271	1
21.125	58.25	1.00000969596205	0.800316202913618	-0.00013600056419105	13.0009320648277	1
21.375	58.25	1.00000908438924	0.800296085398083	-0.000126777488052582	12.8008561466097	1
21.625	58.25	1.00000851722975	0.800277302097309	-0.000118258927456003	12.600785031461	1
21.875	58.25	1.00000799087552	0.800259753869643	-0.00011038504948382	12.4007184029436	1
22.125	58.25	1.00000750204453	0.80024334967855	-0.000103101674974992	12.2006559680036	1
22.375	58.25	1.00000704774851	0.800228005868227	-9.63596790737693e-05	12.0005974550694	1
22.625	58.25	1.00000662526369	0.800213645509885	-9.01144639783176e-05	11.8005426123188	1
22.875	58.25	1.00000623210476	0.800200197810831	-8.43254933981406e-05	11.6004912060988	1
23.125	58.25	1.00000586600136	0.80018759758054	-7.89558809109899e-05	11.4004430194839	1
23.375	58.25	1.00000552487743	0.800175784747489	-7.39720247514595e-05	11.2003978509587	1
23.625	58.25	1.0000052068326	0.800164703921307	-6.93432836336273e-05	11.0003555132141	1
23.875	58.25	1.00000491012575	0.800154303995283	-6.50416880015692e-05	10.800315832046	1
24.125	58.25	1.00000463316014	0.800144537786071	-6.10416826543011e-05	10.6002786453464	1
24.375	58.25	1.00000437447012	0.800135361706332	-5.73198966254589e-05	10.4002438021795	1
24.625	58.25	1.00000413270924	0.800126735467481	-5.38549374993001e-05	10.2002111619347	1
24.875	58.25	1.00000390663945	0.800118621808958	-5.06272069547374e-05	10.0001805935484	1
25.125	58.25	1.00000369512157	0.800110986251856	-4.76187353593178e-05	9.80015197479017	1
25.375	58.25	1.00000349710656	0.800103796874263	-4.48130330696109e-05	9.60012519160633	1
25.625	58.25	1.00000331162773	0.800097024106357	-4.21949567678968e-05	9.40010013751634	1
25.875	58.25	1.00000313779359	0.800090640543204	-3.97505889330004e-05	9.20007671305735	1
26.125	58.25	1.00000297478143	0.800084620774204	-3.74671291945056e-05	9.0000548252727	1
26.375	58.25	1.00000282183151	0.800078941226946	-3.53327961063863e-05	8.80003438724051	1
26.625	58.25	1.00000267824189	0.800073580024577	-3.33367385155016e-05	8.60001531763899	1
26.875	58.25	1.00000254336364	0.80006851685481	-3.14689553188675e-05	8.39999754034533	1
27.125	58.25	1.00000241659655	0.800063732850112	-2.97202227632371e-05	8.19998098406542	1
27.375	58.25	1.00000229738518	0.800059210477844	-2.80820285421598e-05	7.99996558199176	1
27.625	58.25	1.00000218521509	0.800054933439325	-2.6546511927352e-05	7.79995127148733	1
27.875	58.25	1.00000207960941	0.800050886577319	-2.51064094674701e-05	7.59993799379322	1
28.125	58.25	1.00000198012564	0.800047055791062	-2.37550055468101e-05	7.39992569375815	1
28.375	58.25	1.00000188635266	0.800043427958193	-2.24860873734335e-05	7.19991431958802	1
28.625	58.25	1.00000179790812	0.800039990862949	-2.1293903901108e-05	6.99990382261399	1
28.875	58.25	1.00000171443645	0.80003673312994	-2.01731284484535e-05	6.79989415707744	1
29.125	58.25	1.00000163560783	0.800033644163145	-1.91188245404014e-05	6.59988527993061	1
29.375	58.25	1.00000156111837	0.80003071408978	-1.81264147975332e-05	6.39987715065109	1
29.625	58.25	1.00000149069127	0.800027933708394	-1.719165233943e-05	6.19986973106936	1
29.875	58.25	1.00000142407777	0.800025294440585	-1.63105947004412e-05	5.99986298520781	1
30.125	58.25	1.00000136105507	0.800022788286087	-1.54795798181775e-05	5.79985687913117	1
30.375	58.25	1.0000013014177	0.800020407781472	-1.46952040380279e-05	5.59985138080823	1
30.625	58.25	1.00000124495903	0.800018145962707	-1.39543017984914e-05	5.39984645998576	1
30.875	58.25	1.00000119144347	0.800015996332299	-1.32539268795146e-05	5.1998420880756	1
31.125	58.25	1.00000114057739	0.800013952831333	-1.25913348942789e-05	4.99983823805518	1
31.375	58.25	1.00000109199874	0.800012009816053	-1.19639670443783e-05	4.79983488437844	1
31.625	58.25	1.00000104531653	0.800010162036648	-1.13694351786265e-05	4.59983200288964	1
31.875	58.25	1.00000100023228	0.800008404612999	-1.0805508396354e-05	4.39982957072588	1
32.125	58.25	1.00000095675337	0.800006732999883	-1.02701015374979e-05	4.19982756619116	1
32.375	58.25	1.00000091544845	0.800005142934259	-9.76126554679783e-06	3.99982596858978	1
32.625	58.25	1.00000087759929	0.800003630363691	-9.27717924267423e-06	3.79982475802777	1
32.875	58.25	1.00000084500035	0.800002191370162	-8.8161406297775e-06	3.59982391523179	1
33.125	58.25	1.00000081912135	0.800000822127066	-8.37655459977733e-06	3.39982342148814	1
33.375	58.25	1.00000079949487	0.799999518950674	-7.95691265503442e-06	3.19982325884383	1
33.625	58.25	1.00000078163785	0.799998278511395	-7.5557613373306e-06	2.99982341068834	1
33.875	58.25	1.00000075558765	0.799997098224972	-7.17166102677016e-06	2.79982386268572	1
34.125	58.25	1.00000070701567	0.799995976722108	-6.80314730588188e-06	2.59982460371217	1
34.375	58.25	1.00000062329055	0.799994914096944	-6.44872151253705e-06	2.39982562601651	1
34.625	58.25	1.00000050583094	0.799993911423592	-6.10690871900956e-06	2.19982692345946	1
34.875	58.25	1.0000003865761	0.799992968965022	-5.77641641306296e-06	1.99982848680243	1
35.125	58.25	1.00000034006785	0.799992082829538	-5.45638678820509e-06	1.79983029613483	1
35.375	58.25	1.00000047506901	0.799991240809704	-5.14664546794174e-06	1.5998323130394	1
35.625	58.25	1.00000088561082	0.799990419812171	-4.84771777947625e-06	1.39983447872853	1
35.875	58.25	1.0000015490746	0.799989589175389	-4.5602663456287e-06	1.19983672756384	1
36.125	58.25	1.00000218769782	0.799988724965056	-4.28362257153151e-06	0.999839024790208	1
36.375	58.25	1.00000216377845	0.799987837876565	-4.01341463364966e-06	0.799841428406322	1
36.625	58.25	1.00000054590186	0.799987009355631	-3.73908616531537e-06	0.599844154212066	1
36.875	58.25	0.999996524243022	0.799986413737572	-3.44331464907763e-06	0.399847591827665	1
37.125	58.25	0.999990296341359	0.799988030062412	-3.106445303201e-06	0.199852191692868	1
37.375	58.25	0.999984305017679	0.399987837833257	-2.75617625861271e-06	-0.000142717204190193	1
0.125	58.75	0.000393337668944064	0.799752974578671	-0.00108423487474958	22.8286967833162	1
0.375	58.75	0.000393726147064722	0.799727997127136	-0.00103975756328676	22.8286625248132	1
0.625	58.75	0.000394509892439714	0.799555464585629	-0.00101236211218626	22.8286743570782	1
0.875	58.75	0.000395531544589632	0.79941846544229	-0.000925360056740609	22.8287253036543	1
1.125	58.75	0.00039630337575366	0.79933415329943	-0.000777187097800419	22.8288042262497	1
1.375	58.75	0.000395872868019139	0.79931863110516	-0.000566359702652231	22.8288957910719	1
1.625	58.75	0.00039277937885428	0.799381618772699	-0.000306989769529897	22.828981289219	1
1.875	58.75	0.000385177989352885	0.79951939248441	-7.18260318172531e-05	22.8290411907356	1
2.125	58.75	0.000371200743495718	0.799709815198193	-1.59275043467711e-05	22.8290593218019	1
2.375	58.75	0.000349590786141651	0.799913739189632	-0.000280240814287983	22.8290276449144	1
2.625	58.75	0.000320584084334558	0.800087720007622	-0.00076121771068034	22.8289492989256	1
2.875	58.75	0.000286944400017494	0.800205449233541	-0.00105877641270232	22.8288365518091	1
3.125	58.75	0.000255009891591572	0.800270577383137	-0.000859209843653824	22.8287031480766	1
3.375	58.75	0.000235603440990653	0.800312725678223	-0.000254286109793199	22.8285553791984	1
3.625	58.75	0.00024467616935121	0.800376224210633	0.000452341481744534	22.8283851298892	1
3.875	58.75	0.00030355561183408	0.800502917114723	0.00105824241001125	22.8281666122217	1
4.125	58.75	0.000438641901412606	0.800715753855112	0.00154912937273758	22.8278587520249	1
4.375	58.75	0.000680355274553234	0.801018849071059	0.00200113693778139	22.8274105357531	1
4.625	58.75	0.00106112841600343	0.801411151597126	0.0024722658196251	22.8267639688157	1
4.875	58.75	0.00161235055449487	0.801897441074178	0.00297684445181855	22.8258534817061	1
5.125	58.75	0.00236052987617649	0.802490447274599	0.00350613357636967	22.8246042171524	1
5.375	58.75	0.00332355590549636	0.803208778120684	0.00404416818206765	22.822930743762	1
5.625	58.75	0.00450864981684975	0.804075089689908	0.00456983598377812	22.8207355640427	1
5.875	58.75	0.00591429015762231	0.805115151477006	0.00505475267317901	22.8179055526588	1
6.125	58.75	0.00753928893821352	0.806356942673288	0.00546282319696893	22.8143037836446	1
6.375	58.75	0.00940366433315419	0.807829096646078	0.00575218076133031	22.8097533628421	1
6.625	58.75	0.0115884787724337	0.809558334366009	0.00587899551226842	22.8040086767868	1
6.875	58.75	0.0143059449712289	0.811565448788064	0.00580288264078157	22.7967080653729	1
7.125	58.75	0.0180173426574334	0.813858809369634	0.00549356687080146	22.7873008257161	1
7.375	58.75	0.0236240134029393	0.81642305577958	0.00493793514942807	22.7749418531784	1
7.625	58.75	0.0327607591971634	0.819198473907443	0.0041459415233204	22.758351682061	1
7.875	58.75	0.0482031702932024	0.82204429067137	0.00315341367000027	22.7356529091257	1
8.125	58.75	0.0743139559881204	0.824681332001825	0.00202011878563186	22.7042227435139	1
8.375	58.75	0.117213795697064	0.826630362400634	0.00082276095966451	22.6606505628786	1
8.625	58.75	0.183921965927569	0.827226575319507	-0.000355583163072843	22.6009473177903	1
8.875	58.75	0.279404851161352	0.825878589574029	-0.00143716787451572	22.5211636131179	1
9.125	58.75	0.401553151554241	0.822634331159724	-0.00236076716772599	22.4184217615465	1
9.375	58.75	0.537693376221127	0.818547456502971	-0.003090690863553	22.2919988321558	1
9.625	58.75	0.668383150605476	0.815050386548459	-0.00361906611609492	22.143782005844	1
9.875	58.75	0.777402628909904	0.812821730579644	-0.00395809662514748	21.9776771587997	1
10.125	58.75	0.85839294998589	0.811586411506402	-0.00412878474643824	21.7983380910529	1
10.375	58.75	0.913555705318419	0.810784335133924	-0.00415517805903314	21.6100194384723	1
10.625	58.75	0.948874894916058	0.810057167625347	-0.00406382014717249	21.4160143223284	1
10.875	58.75	0.970519790614595	0.809289024682594	-0.00388329209617404	21.2186055515279	1
11.125	58.75	0.983364582734092	0.80848759168031	-0.003642010530733	21.0192617159445	1
11.375	58.75	0.990797911950464	0.807692898509998	-0.00336553041637502	20.8188786555302	1
11.625	58.75	0.995010987630706	0.80693904698596	-0.00307470883411193	20.6179803918463	1
11.875	58.75	0.997357009449486	0.806245751510127	-0.00278510234165149	20.4168619040993	1
12.125	58.75	0.998644488213586	0.80562062179142	-0.00250731170556636	20.2156824455487	1
12.375	58.75	0.99934361501788	0.805063479845384	-0.0022478254217358	20.0145234690894	1
12.625	58.75	0.999721212920265	0.804569923860812	-0.00201000471297	19.8134232767107	1
12.875	58.75	0.999925199315715	0.804133688705646	-0.00179499788104653	19.6123971060899	1
13.125	58.75	1.00003578981074	0.803748037121245	-0.00160249133363848	19.4114484240246	1
13.375	58.75	1.0000956835304	0.80340649215439	-0.00143127586005823	19.2105750681949	1
13.625	58.75	1.00012736422354	0.803103184422804	-0.00127966215535096	19.0097724606312	1
13.875	58.75	1.00014271963218	0.802832972679138	-0.00114575807095236	18.8090352118942	1
14.125	58.75	1.00014821154094	0.802591436923268	-0.00102764345787006	18.6083578729745	1
14.375	58.75	1.00014755259755	0.802374817436783	-0.000923477181458884	18.4077352561069	1
14.625	58.75	1.00014303934367	0.802179930505697	-0.000831555613948191	18.2071625502486	1
14.875	58.75	1.00013619363167	0.802004081451815	-0.000750339592925728	18.0066353455641	1
15.125	58.75	1.00012806719358	0.80184498419282	-0.00067846137619383	17.806149621569	1
15.375	58.75	1.00011939235893	0.801700691223619	-0.000614719573263462	17.6057017229536	1
15.625	58.75	1.00011066701414	0.801569534845722	-0.000558067441697836	17.4052883324774	1
15.875	58.75	1.00010221239353	0.801450078903759	-0.000507598014666047	17.2049064439993	1
16.125	58.75	1.00009421841657	0.801341079634115	-0.000462528228431371	17.0045533363805	1
16.375	58.75	1.00008678104886	0.801241454071122	-0.000422183349556352	16.8042265483686	1
16.625	58.75	1.00007993260747	0.801150254551753	-0.000385982429759209	16.6039238545484	1
16.875	58.75	1.00007366524845	0.801066648059927	-0.000353425147003724	16.4036432425309	1
17.125	58.75	1.00006794815611	0.800989899383713	-0.000324080160824013	16.2033828915957	1
17.375	58.75	1.0000627393436	0.800919357271029	-0.00029757496941642	16.0031411529732	1
17.625	58.75	1.00005799319192	0.800854442954048	-0.000273587175787426	15.8029165318807	1
17.875	58.75	1.00005366485896	0.800794640559322	-0.000251837031246221	15.6027076713377	1
18.125	58.75	1.00004971255328	0.800739489032076	-0.000232081106690654	15.4025133377101	1
18.375	58.75	1.00004609845826	0.800688575291484	-0.000214106944531728	15.2023324078749	1
18.625	58.75	1.000042788878	0.800641528393899	-0.000197728549372608	15.0021638578635	1
18.875	58.75	1.00003975398584	0.800598014530946	-0.000182782591751732	14.8020067528261	1
19.125	58.75	1.0000369674109	0.800557732722194	-0.000169125211284034	14.6018602381621	1
19.375	58.75	1.00003440579331	0.800520411092033	-0.000156629323171398	14.4017235316687	1
19.625	58.75	1.00003204837152	0.800485803637747	-0.000145182344279219	14.2015959165771	1
19.875	58.75	1.00002987662509	0.800453687414503	-0.000134684269839917	14.0014767353602	1
20.125	58.75	1.00002787397554	0.800423860074717	-0.000125046041862071	13.8013653842109	1
20.375	58.75	1.00002602553847	0.80039613771035	-0.000116188160571528	13.6012613081091	1
20.625	58.75	1.00002431791749	0.800370352954866	-0.000108039498944804	13.4011639964008	1
20.875	58.75	1.00002273903102	0.800346353308314	-0.000100536286738082	13.2010729788306	1
21.125	58.75	1.00002127796455	0.800323999655721	-9.36212369655028e-05	13.0009878219725	1
21.375	58.75	1.00001992484314	0.800303164952703	-8.72427918379451e-05	12.8009081260144	1
21.625	58.75	1.00001867072006	0.80028373305695	-8.13544699192171e-05	12.6008335218564	1
21.875	58.75	1.00001750747893	0.80026559768691	-7.59142985371679e-05	12.400763668488	1
22.125	58.75	1.00001642774734	0.800248661492401	-7.08843190558789e-05	12.2006982506144	1
22.375	58.75	1.00001542482054	0.800232835222792	-6.62301538355054e-05	12.0006369765058	1
22.625	58.75	1.00001449259346	0.800218036981586	-6.1920626613011e-05	11.8005795760455	1
22.875	58.75	1.00001362550058	0.800204191557214	-5.79274282571873e-05	11.6005257989571	1
23.125	58.75	1.0000128184623	0.800191229821884	-5.42248220396981e-05	11.4004754131925	1
23.375	58.75	1.00001206683752	0.800179088190124	-5.07893829062622e-05	11.2004282034634	1
23.625	58.75	1.00001136638123	0.800167708130568	-4.75997666331358e-05	11.0003839699039	1
23.875	58.75	1.00001071320688	0.800157035725139	-4.46365045743404e-05	10.8003425268501	1
24.125	58.75	1.00001010375267	0.800147021270841	-4.18818210017562e-05	10.600303701725	1
24.375	58.75	1.00000953475148	0.80013761891934	-3.93194701131539e-05	10.4002673340202	1
24.625	58.75	1.00000900320383	0.80012878635055	-3.69345906446063e-05	10.2002332743636	1
24.875	58.75	1.00000850635356	0.80012048447658	-3.47135756967823e-05	10.0002013836663	1
25.125	58.75	1.00000804166612	0.800112677173001	-3.26439561478192e-05	9.80017153233983	1
25.375	58.75	1.00000760680889	0.800105331034535	-3.07142959296769e-05	9.60014359957935	1
25.625	58.75	1.00000719963349	0.800098415152802	-2.89140980312281e-05	9.40011747270479	1
25.875	58.75	1.00000681815981	0.800091900913949	-2.72337198052403e-05	9.20009304655604	1
26.125	58.75	1.00000646056159	0.800085761814475	-2.56642966629517e-05	9.00007022293681	1
26.375	58.75	1.00000612515327	0.800079973293086	-2.41976732616176e-05	8.80004891010295	1
26.625	58.75	1.00000581037823	0.800074512577122	-2.28263414091204e-05	8.6000290222914	1
26.875	58.75	1.00000551479796	0.8000693585424	-2.1543383944188e-05	8.4000104792862	1
27.125	58.75	1.00000523708245	0.800064491584867	-2.03424238267348e-05	8.19999320601839	1
27.375	58.75	1.00000497600122	0.800059893503196	-1.92175780683722e-05	7.99997713219691	1
27.625	58.75	1.00000473041519	0.80005554739114	-1.81634159342277e-05	7.79996219196792	1
27.875	58.75	1.00000449926916	0.800051437538939	-1.71749210503082e-05	7.59994832360017	1
28.125	58.75	1.00000428158482	0.800047549343116	-1.62474569140989e-05	7.39993546919429	1
28.375	58.75	1.00000407645438	0.80004386922372	-1.53767355095439e-05	7.1999235744139	1
28.625	58.75	1.00000388303493	0.800040384548128	-1.45587886846489e-05	6.99991258823681	1
28.875	58.75	1.00000370054351	0.800037083560971	-1.37899421374396e-05	6.79990246272475	1
29.125	58.75	1.00000352825352	0.800033955319671	-1.30667916257974e-05	6.59989315280997	1
29.375	58.75	1.00000336549247	0.800030989635345	-1.23861812843273e-05	6.39988461609701	1
29.625	58.75	1.000003211641	0.800028177018124	-1.17451837457292e-05	6.19987681267848	1
29.875	58.75	1.00000306613182	0.800025508626382	-1.11410820368029e-05	5.99986970496343	1
30.125	58.75	1.00000292844577	0.800022976219619	-1.05713528926777e-05	5.79986325751794	1
30.375	58.75	1.00000279810163	0.80002057211519	-1.00336514598876e-05	5.59985743691785	1
30.625	58.75	1.00000267463628	0.800018289149157	-9.52579714282367e-06	5.3998522116143	1
30.875	58.75	1.00000255757572	0.800016120641871	-9.04576051305147e-06	5.19984755181316	1
31.125	58.75	1.00000244640497	0.800014060368666	-8.59165110690749e-06	4.99984342936833	1
31.375	58.75	1.00000234055647	0.800012102535142	-8.16170608187365e-06	4.799839817686	1
31.625	58.75	1.00000223944774	0.800010241754873	-7.75427976397813e-06	4.59983669163227	1
31.875	58.75	1.00000214260029	0.800008473024347	-7.36783418108178e-06	4.39983402743017	1
32.125	58.75	1.00000204984945	0.800006791687744	-7.00093081106438e-06	4.19983180252892	1
32.375	58.75	1.00000196159607	0.800005193384341	-6.65222357914939e-06	3.99982999543327	1
32.625	58.75	1.00000187895656	0.800003673977517	-6.32045273911256e-06	3.79982858550141	1
32.875	58.75	1.00000180356565	0.800002229479415	-6.00443841414755e-06	3.59982755276019	1
33.125	58.75	1.00000173675074	0.800000856008545	-5.7030715977774e-06	3.39982687783883	1
33.375	58.75	1.0000016779413	0.799999549840965	-5.41529945410604e-06	3.19982654216142	1
33.625	58.75	1.0000016226173	0.799998307619605	-5.14010228452389e-06	2.99982652851522	1
33.875	58.75	1.00000156086119	0.79999712674154	-4.87646274321811e-06	2.79982682196496	1
34.125	58.75	1.00000147844839	0.799996005823523	-4.62333458201743e-06	2.59982741077319	1
34.375	58.75	1.00000136281352	0.799994944951214	-4.379627684379e-06	2.39982828655427	1
34.625	58.75	1.00000121521307	0.799993945210216	-4.14423387529591e-06	2.19982944253357	1
34.875	58.75	1.00000106694428	0.799993006933797	-3.91611527677063e-06	1.99983086889564	1
35.125	58.75	1.00000099123982	0.799992126428497	-3.69445168043312e-06	1.79983254530796	1
35.375	58.75	1.00000109500458	0.799991291902506	-3.4787864514484e-06	1.59983443318182	1
35.625	58.75	1.00000147059588	0.799990480965504	-3.26902701504938e-06	1.39983647381309	1
35.875	58.75	1.00000209545682	0.799989663918663	-3.06508134374256e-06	1.19983860167967	1
36.125	58.75	1.00000269577753	0.799988817818566	-2.86592151169103e-06	0.999840781598895	1
36.375	58.75	1.00000264343526	0.799987953857831	-2.6680637061406e-06	0.799843069668932	1
36.625	58.75	1.0000010214922	0.799987152699067	-2.4639229656556e-06	0.599845677343334	1
36.875	58.75	0.999997033610974	0.79998658587366	-2.24119794964895e-06	0.39984898720548	1
37.125	58.75	0.999990876909722	0.799988200148642	-1.98502707751727e-06	0.199853441631165	1
37.375	58.75	0.999984961650143	0.399987884007817	-1.70412181175128e-06	-0.000141621296752005	1
0.125	59.25	0.000389986633592463	0.799745405522599	-0.000455386970714156	22.8287060462183	1
0.375	59.25	0.000390373282779052	0.799707876094272	-0.000457389743605701	22.8286773344036	1
0.625	59.25	0.000391156730354643	0.799523947859829	-0.000372665320517329	22.8286956848787	1
0.875	59.25	0.000392187547272594	0.799361872863376	-0.000186953578284766	22.8287581372051	1
1.125	59.25	0.000392991786825016	0.799242987922033	0.000121335796450623	22.8288564539809	1
1.375	59.25	0.000392637139132489	0.799190242320502	0.000587708288471041	22.8289770925306	1
1.625	59.25	0.000389688821373606	0.799228187438586	0.00123288763358708	22.8291005040923	1
1.875	59.25	0.000382330744770288	0.799374006425316	0.00199929983345084	22.8292011053015	1
2.125	59.25	0.000368721887155941	0.799616638117288	0.00268479664872356	22.8292511425078	1
2.375	59.25	0.000347623858644202	0.799897296264975	0.00297879709446901	22.8292313679348	1
2.625	59.25	0.000319276187312758	0.800124887070207	0.00268866725608974	22.8291445471574	1
2.875	59.25	0.000286428477914071	0.800239245774984	0.00197457006828929	22.829016889807	1
3.125	59.25	0.000255392877982086	0.800262555756445	0.00122475252807875	22.8288779528756	1
3.375	59.25	0.000236975176716606	0.800272103448194	0.000707249894164868	22.8287365799499	1
3.625	59.25	0.000247159554690513	0.800334297166034	0.000488541511725309	22.8285756658692	1
3.875	59.25	0.00030742078308812	0.800478290600938	0.000537039288296265	22.8283612260575	1
4.125	59.25	0.000444505810080226	0.800711551926395	0.000770802295346773	22.8280501232644	1
4.375	59.25	0.000689483704827016	0.801039066356565	0.00109129986545172	22.8275913706964	1
4.625	59.25	0.00107585273840557	0.801468757931718	0.00142664995186926	22.8269246645276	1
4.875	59.25	0.00163661431845613	0.802009276124109	0.00174525084220928	22.8259797691241	1
5.125	59.25	0.00240059671735291	0.802668528500098	0.0020392759356823	22.8246770228684	1
5.375	59.25	0.00338892748432789	0.803453884375972	0.00230467232350241	22.8229278355994	1
5.625	59.25	0.0046132413247004	0.804372059722896	0.0025312681355414	22.8206341280205	1
5.875	59.25	0.00607790079089004	0.805428077133318	0.00270143246159171	22.8176853948207	1
6.125	59.25	0.00778941651761478	0.806623928906471	0.00279259160290074	22.8139511284505	1
6.375	59.25	0.00977776147803368	0.807957621704586	0.00278108577636574	22.8092650692958	1
6.625	59.25	0.0121368217780015	0.809422917644162	0.00264676320786911	22.8033963336547	1
6.875	59.25	0.0150953586226901	0.81100964051167	0.0023782545302372	22.7960010265249	1
7.125	59.25	0.0191360412580243	0.812703591057364	0.00197854363773473	22.7865469173217	1
7.375	59.25	0.0251876428975854	0.81448342350533	0.00146976281229289	22.7742043750972	1
7.625	59.25	0.0349189748344159	0.816308984994338	0.000895420399946744	22.7577016741679	1
7.875	59.25	0.0511437916436932	0.818092458476743	0.000317842431193624	22.7351567696653	1
8.125	59.25	0.0782560173685026	0.819644991298868	-0.000191145862654441	22.7039274171082	1
8.375	59.25	0.122370010063459	0.820612085089807	-0.000567003021757023	22.6605714491815	1
8.625	59.25	0.190401212675721	0.820475767821161	-0.000774644887663702	22.6010663172194	1
8.875	59.25	0.287046874518912	0.818788753546863	-0.000828598608380242	22.5214428524495	1
9.125	59.25	0.409789181280053	0.815695329665301	-0.000796395541446855	22.4188289795577	1
9.375	59.25	0.54564404398559	0.812235673325364	-0.00077103621506969	22.2925272758779	1
9.625	59.25	0.675250637991902	0.809695189826808	-0.00082164653484886	22.1444473702137	1
9.875	59.25	0.782817400538746	0.808544572280971	-0.000960035410584576	21.9784948596611	1
10.125	59.25	0.862414634936007	0.808341509100563	-0.00114895059805661	21.7993027210362	1
10.375	59.25	0.916459208911569	0.808434253226936	-0.00133572448437674	21.6111011523128	1
10.625	59.25	0.950964155432552	0.808431278602857	-0.00147999518746971	21.4171684939067	1
10.875	59.25	0.972044018822808	0.808218497213477	-0.00156305212480289	21.2197851401781	1
11.125	59.25	0.984503343634749	0.8078237716494	-0.00158430852603833	21.0204259172565	1
11.375	59.25	0.99167299773854	0.807314655288941	-0.00155369391673815	20.8199967230191	1
11.625	59.25	0.995702965431919	0.806753202461739	-0.00148504318777422	20.6190319814925	1
11.875	59.25	0.99791891338362	0.806183836278815	-0.00139194732467896	20.4178356094956	1
12.125	59.25	0.999111473709583	0.805634236114096	-0.00128577023120379	20.2165737188551	1
12.375	59.25	0.999739323478113	0.805119603168266	-0.00117507575621172	20.0153325890368	1
12.625	59.25	1.0000618510421	0.80464682274895	-0.0010658006980466	19.81415364882	1
12.875	59.25	1.00022213037008	0.804217626256458	-0.000961715876559022	19.6130539649366	1
13.125	59.25	1.00029718093315	0.803830751522972	-0.000864959650238547	19.4120379039283	1
13.375	59.25	1.00032756123465	0.803483385254215	-0.000776527940344927	19.2111035765355	1
13.625	59.25	1.00033429785507	0.80317202577183	-0.000696652586076609	19.0102462813567	1
13.875	59.25	1.00032826793849	0.802893003786892	-0.00062508675973578	18.8094602717744	1
14.125	59.25	1.00031521723912	0.802642771709978	-0.000561307321890695	18.6087396192941	1
14.375	59.25	1.00029833867472	0.80241804903837	-0.000504652789570548	18.4080786080079	1
14.625	59.25	1.00027954134412	0.802215881235537	-0.000454413050691236	18.2074718962711	1
14.875	59.25	1.00026005006804	0.802033649273585	-0.000409884909620864	18.0069145684762	1
15.125	59.25	1.00024068248326	0.801869053003482	-0.000370404204874922	17.806402137812	1
15.375	59.25	1.00022198168039	0.801720082351369	-0.000335362371680307	17.6059305284773	1
15.625	59.25	1.00020428920622	0.801584984432543	-0.000304213032112321	17.4054960498356	1
15.875	59.25	1.00018779487024	0.801462230972145	-0.000276472456899063	17.2050953676751	1
16.125	59.25	1.00017257665804	0.801350488182968	-0.000251716481133522	17.0047254746932	1
16.375	59.25	1.00015863430926	0.801248589954585	-0.000229575564950338	16.8043836612114	1
16.625	59.25	1.00014591688827	0.801155514505821	-0.000209729075331586	16.6040674867585	1
16.875	59.25	1.00013434421328	0.801070364301095	-0.000191899448170208	16.4037747530238	1
17.125	59.25	1.00012382242987	0.800992348886631	-0.000175846612129865	16.2035034785757	1
17.375	59.25	1.00011425449781	0.800920770265544	-0.000161362876138732	16.0032518756167	1
17.625	59.25	1.00010554663222	0.800855010445322	-0.000148268365710926	15.8030183289121	1
17.875	59.25	1.00009761177923	0.800794520831562	-0.000136407025932628	15.6028013769094	1
18.125	59.25	1.00009037108813	0.800738813183212	-0.000125643165279668	15.4025996949667	1
18.375	59.25	1.00008375414451	0.80068745188886	-0.000115858495746227	15.2024120805429	1
18.625	59.25	1.00007769851963	0.800640047358712	-0.000106949613205962	15.0022374401656	1
18.875	59.25	1.00007214900491	0.800596250360376	-9.88258621828866e-05	14.8020747779784	1
19.125	59.25	1.00006705675623	0.80055574715214	-9.14075297433316e-05	14.6019231856735	1
19.375	59.25	1.00006237846911	0.800518255291842	-8.46243196936483e-05	14.4017818336298	1
19.625	59.25	1.0000580756397	0.800483520017128	-7.84140631488281e-05	14.2016499630944	1
19.875	59.25	1.0000541139277	0.800451311110602	-7.27216274920085e-05	14.0015268792662	1
20.125	59.25	1.00005046261674	0.800421420176957	-6.74979915384041e-05	13.8014119451615	1
20.375	59.25	1.00004709416002	0.800393658270256	-6.2699459265996e-05	13.6013045761575	1
20.625	59.25	1.00004398379643	0.800367853820038	-5.8286989913809e-05	13.4012042351269	1
20.875	59.25	1.00004110922399	0.80034385081264	-5.42256248946097e-05	13.2011104280877	1
21.125	59.25	1.00003845031957	0.800321507191834	-5.04839962023758e-05	13.0010227003069	1
21.375	59.25	1.0000359888964	0.800300693447871	-4.70339029883003e-05	12.8009406328017	1
21.625	59.25	1.00003370849265	0.800281291369749	-4.38499460376233e-05	12.6008638391933	1
21.875	59.25	1.00003159418636	0.800263192938874	-4.09092104703529e-05	12.4007919628717	1
22.125	59.25	1.00002963243286	0.800246299345901	-3.8190989948407e-05	12.2007246744369	1
22.375	59.25	1.00002781092146	0.800230520114475	-3.56765457858102e-05	12.0006616693865	1
22.625	59.25	1.00002611844889	0.800215772318939	-3.33488961810292e-05	11.8006026660221	1
22.875	59.25	1.00002454480718	0.800201979884495	-3.11926309210376e-05	11.6005474035517	1
23.125	59.25	1.00002308068436	0.800189072960229	-2.91937484322496e-05	11.4004956403674	1
23.375	59.25	1.00002171757627	0.800176987356085	-2.73395118627123e-05	11.2004471524809	1
23.625	59.25	1.00002044770812	0.800165664036623	-2.56183218336039e-05	11.0004017320992	1
23.875	59.25	1.00001926396479	0.800155048665295	-2.40196033163939e-05	10.8003591863277	1
24.125	59.25	1.00001815982859	0.800145091193311	-2.25337051571599e-05	10.6003193359881	1
24.375	59.25	1.00001712932352	0.800135745488197	-2.11518106155334e-05	10.4002820145384	1
24.625	59.25	1.00001616696538	0.800126968998019	-1.98658576235168e-05	10.2002470670875	1
24.875	59.25	1.00001526771694	0.800118722447534	-1.86684674330799e-05	10.0002143494927	1
25.125	59.25	1.00001442694774	0.800110969562857	-1.7552880747112e-05	9.80018372753492	1
25.375	59.25	1.00001364039785	0.800103676821333	-1.65129003994567e-05	9.60015507616176	1
25.625	59.25	1.00001290414534	0.800096813224438	-1.55428399639837e-05	9.40012827879444	1
25.875	59.25	1.00001221457681	0.800090350091256	-1.46374774620574e-05	9.20010322669129	1
26.125	59.25	1.00001156836077	0.800084260870644	-1.37920136833663e-05	9.00007981836331	1
26.375	59.25	1.00001096242355	0.800078520969989	-1.30020346970266e-05	8.80005795903698	1
26.625	59.25	1.00001039392743	0.800073107599041	-1.22634779577499e-05	8.60003756016015	1
26.875	59.25	1.00000986025088	0.800067999627524	-1.15726016934772e-05	8.40001853894721	1
27.125	59.25	1.00000935897066	0.800063177454949	-1.09259571570984e-05	8.20000081796007	1
27.375	59.25	1.00000888784556	0.800058622891402	-1.03203635454906e-05	7.99998432472199	1
27.625	59.25	1.00000844480149	0.800054319048492	-9.75288526712607e-06	7.79996899136135	1
27.875	59.25	1.00000802791771	0.800050250239557	-9.22081132789737e-06	7.59995475428299	1
28.125	59.25	1.00000763541432	0.800046401888526	-8.72163653997249e-06	7.39994155386466	1
28.375	59.25	1.00000726564066	0.800042760446257	-8.25304447969284e-06	7.1999293341765	1
28.625	59.25	1.00000691706504	0.800039313313642	-7.81289191308604e-06	6.99991804272165	1
28.875	59.25	1.00000658826552	0.800036048770875	-7.39919466853241e-06	6.79990763019626	1
29.125	59.25	1.00000627792242	0.80003295591254	-7.01011467822334e-06	6.59989805026726	1
29.375	59.25	1.00000598481252	0.800030024588016	-6.64394821034273e-06	6.39988925936614	1
29.625	59.25	1.00000570780475	0.800027245346378	-6.29911511191452e-06	6.19988121649727	1
29.875	59.25	1.00000544585608	0.80002460938538	-5.97414899947887e-06	5.99987388305959	1
30.125	59.25	1.00000519800488	0.800022108504246	-5.66768818643485e-06	5.79986722268104	1
30.375	59.25	1.00000496335821	0.800019735060281	-5.37846734315991e-06	5.59986120106549	1
30.625	59.25	1.00000474106985	0.800017481929607	-5.10530979027903e-06	5.39985578585314	1
30.875	59.25	1.0000045303093	0.80001534247266	-4.84712036771416e-06	5.19985094649499	1
31.125	59.25	1.00000433022986	0.800013310504798	-4.60287884523867e-06	4.99984665414156	1
31.375	59.25	1.0000041399552	0.800011380271718	-4.37163371381838e-06	4.79984288154304	1
31.625	59.25	1.00000395861491	0.800009546427283	-4.15249645219124e-06	4.5998396029529	1
31.875	59.25	1.00000378546089	0.800007804008795	-3.94463626530293e-06	4.39983679402135	1
32.125	59.25	1.00000362007402	0.800006148402246	-3.74727551063386e-06	4.19983443166156	1
32.375	59.25	1.00000346261269	0.800004575290514	-3.55968575509794e-06	3.9998324938762	1
32.625	59.25	1.00000331396067	0.800003080583592	-3.38118429617979e-06	3.79983095955312	1
32.875	59.25	1.00000317553088	0.8000016603446	-3.21113049602921e-06	3.59982980827798	1
33.125	59.25	1.00000304844628	0.800000310748892	-3.04892064024609e-06	3.39982902026447	1
33.375	59.25	1.00000293196219	0.799999028136502	-2.89397948237184e-06	3.19982857654104	1
33.625	59.25	1.00000282143152	0.799997809221946	-2.74574682993785e-06	2.99982845951011	1
33.875	59.25	1.00000270686785	0.799996651481433	-2.60365912021257e-06	2.79982865384999	1
34.125	59.25	1.00000257402364	0.799995553619311	-2.46712934831063e-06	2.59982914742215	1
34.375	59.25	1.00000241029918	0.799994515823165	-2.33553375167585e-06	2.39982993141733	1
34.625	59.25	1.00000221678845	0.799993539312369	-2.20821776159365e-06	2.19983099862103	1
34.875	59.25	1.00000202433689	0.799992624623237	-2.08453266413456e-06	1.99983233878997	1
35.125	59.25	1.00000190529994	0.799991768398	-1.9639016024745e-06	1.79983393122492	1
35.375	59.25	1.00000196530639	0.799990959399212	-1.8458842387843e-06	1.59983573707967	1
35.625	59.25	1.000002295407	0.799990176097129	-1.73016583557625e-06	1.39983769749662	1
35.875	59.25	1.00000287254551	0.799989390004072	-1.61635585015344e-06	1.19983974676643	1
36.125	59.25	1.0000034244299	0.799988579678847	-1.50347887072038e-06	0.999841849137785	1
36.375	59.25	1.0000033275365	0.799987757898982	-1.38912122671715e-06	0.799844059191085	1
36.625	59.25	1.00000167249526	0.799987006667025	-1.26838208625353e-06	0.599846585270984	1
36.875	59.25	0.999997670920398	0.799986498362115	-1.13300909515647e-06	0.399849804913583	1
37.125	59.25	0.999991522448091	0.799988168639744	-9.71146571687853e-07	0.199854153993649	1
37.375	59.25	0.999985626520954	0.399987724779148	-7.7440697124812e-07	-0.000141029881764435	1
0.125	59.75	0.000388559654038171	0.799747609622403	-0.000319825009092591	22.8287076263772	1
0.375	59.75	0.000388944893645764	0.799709308550723	-0.000321896582388006	22.8286783969058	1
0.625	59.75	0.000389727289165862	0.799522881280662	-0.000355182040872214	22.8286972810028	1
0.875	59.75	0.000390761970319878	0.799358339053203	-0.000427690279068365	22.8287606821872	1
1.125	59.75	0.000391583328421229	0.799233889283292	-0.000544726351312782	22.8288610109408	1
1.375	59.75	0.000391271856356146	0.799172370951411	-0.000719201434337874	22.8289856850451	1
1.625	59.75	0.000388410067265211	0.799199864593669	-0.000962833632094792	22.8291158913396	1
1.875	59.75	0.000381202730904797	0.799335526241953	-0.00127222090638257	22.8292262998699	1
2.125	59.75	0.00036783134687959	0.799569975638556	-0.0016029475834223	22.8292889129005	1
2.375	59.75	0.000347079484995032	0.799847309765496	-0.00184312472792781	22.8292835347438	1
2.625	59.75	0.000319207055877901	0.800082002992927	-0.00184348703616122	22.829210374356	1
2.875	59.75	0.000286984834344451	0.800216210825339	-0.00154033356814603	22.8290914053232	1
3.125	59.75	0.000256754792118452	0.800262462007806	-0.00103919379698701	22.8289532318009	1
3.375	59.75	0.000239376494970584	0.800282868788669	-0.000517376409372507	22.8288063553858	1
3.625	59.75	0.000250937145025023	0.800340150168687	-9.48530651216765e-05	22.8286386097184	1
3.875	59.75	0.000313102504161029	0.800474963834934	0.000187873032299901	22.8284192978686	1
4.125	59.75	0.00045295427986317	0.800708699276288	0.000350492286448973	22.8281040864904	1
4.375	59.75	0.000702117013367091	0.801051184954889	0.000442981494064581	22.8276379200981	1
4.625	59.75	0.00109496751702245	0.801506547778068	0.000510298266361551	22.8269565340187	1
4.875	59.75	0.00166583814990241	0.802076886966634	0.000574834848291168	22.8259871809521	1
5.125	59.75	0.00244549507999119	0.802763592308568	0.000640012373179114	22.8246490357237	1
5.375	59.75	0.00345779361768496	0.803566609813582	0.000700325400256449	22.8228534621801	1
5.625	59.75	0.00471811463370882	0.804482538965692	0.000747663766031168	22.8205036241931	1
5.875	59.75	0.00623588924780711	0.8055024726831	0.000773442372268539	22.8174919837866	1
6.125	59.75	0.00802443993323539	0.806610331875276	0.000769228101367959	22.8136931617854	1
6.375	59.75	0.0101228955252581	0.807782322438409	0.000727505721444068	22.8089484043974	1
6.625	59.75	0.0126375183950984	0.808988028337863	0.000643003150003206	22.8030364792908	1
6.875	59.75	0.0158139422763029	0.81019337810212	0.000514494258654867	22.7956243454051	1
7.125	59.75	0.0201579855400634	0.811364913389011	0.000346787393369782	22.7861899171259	1
7.375	59.75	0.0266300509960772	0.812472924511281	0.000152389203051307	22.7739099903439	1
7.625	59.75	0.0369409227814025	0.813487698183237	-4.79180656217062e-05	22.7575116746536	1
7.875	59.75	0.0539554798639924	0.814359070658579	-0.000226522930017929	22.7351003850981	1
8.125	59.75	0.0821165317553117	0.814969543717122	-0.000353340993857574	22.704008328118	1
8.375	59.75	0.127549578229497	0.81507067941637	-0.000403532259402877	22.6607584574782	1
8.625	59.75	0.197069986475842	0.814277075633627	-0.000367868418098981	22.601295840842	1
8.875	59.75	0.295075908603014	0.812278640993111	-0.0002623157056282	22.5216397845516	1
9.125	59.75	0.418571746473545	0.809316636105785	-0.000129161925622407	22.4189414190041	1
9.375	59.75	0.554192952642062	0.806421828769184	-2.19094195848704e-05	22.2925540425583	1
9.625	59.75	0.682649708912034	0.80473697194896	2.11742682499488e-05	22.1444351988433	1
9.875	59.75	0.788631288459366	0.804534171042486	-5.61478367398252e-06	21.9785071618098	1
10.125	59.75	0.866699461414607	0.805221762942358	-8.06481085283868e-05	21.799386786573	1
10.375	59.75	0.919520535085532	0.806076530607357	-0.000173364257508822	21.6112747199222	1
10.625	59.75	0.953142813762415	0.806688151281991	-0.000259149307261072	21.4174244655777	1
10.875	59.75	0.973618756600916	0.806950370798433	-0.000324481922959673	21.220102987187	1
11.125	59.75	0.985673114602741	0.806910688458064	-0.000365405929202253	21.0207815611353	1
11.375	59.75	0.992570662041913	0.806659962643601	-0.000383863068420068	20.8203684007247	1
11.625	59.75	0.996414608202981	0.806282644097227	-0.000384436926931438	20.6194026809298	1
11.875	59.75	0.998499844377697	0.805842401967347	-0.000372245669572871	20.4181934070278	1
12.125	59.75	0.999597445885825	0.805382309381064	-0.000351860978129311	20.2169111155805	1
12.375	59.75	1.00015383742917	0.804929285004525	-0.000326907725813701	20.0156455225145	1
12.625	59.75	1.00042074251757	0.804498820767723	-0.000300029970862685	19.8144405238103	1
12.875	59.75	1.00053640166172	0.804098754428544	-0.000273024404525664	19.6133148377995	1
13.125	59.75	1.00057474043323	0.803732131626661	-0.000247027295630089	19.4122738583928	1
13.375	59.75	1.00057429598576	0.80339908823138	-0.000222694720875827	19.2113162779072	1
13.625	59.75	1.00055473945943	0.8030981172749	-0.000200349505472965	19.0104376708286	1
13.875	59.75	1.00052601090056	0.802826881622559	-0.000180094426271175	18.8096323667136	1
14.125	59.75	1.00049318609101	0.802582713054566	-0.00016189469346661	18.6088943897684	1
14.375	59.75	1.00045896214149	0.80236290524044	-0.000145635578838973	18.408217906069	1
14.625	59.75	1.00042486882715	0.802164874781371	-0.000131161145317972	18.2075974204159	1
14.875	59.75	1.0003918319067	0.801986240358039	-0.00011829929176113	18.007027850691	1
15.125	59.75	1.00036042712866	0.801824852900025	-0.000106877233997745	17.8065045444598	1
15.375	59.75	1.00033099787259	0.8016787978674	-9.6730500057735e-05	17.6060232691387	1
15.625	59.75	1.00030371817566	0.80154638277093	-8.77076523134734e-05	17.4055801902399	1
15.875	59.75	1.00027863570409	0.801426117828857	-7.9672281906538e-05	17.2051718442687	1
16.125	59.75	1.00025570681753	0.801316694320529	-7.25033295451938e-05	17.0047951093518	1
16.375	59.75	1.00023482657276	0.801216963125686	-6.60944354391221e-05	16.8044471752369	1
16.625	59.75	1.00021585355793	0.801125914697194	-6.03527760409677e-05	16.6041255137154	1
16.875	59.75	1.00019862915213	0.801042660995984	-5.51976781400168e-05	16.4038278502304	1
17.125	59.75	1.00018299133068	0.800966419522655	-5.05591868160869e-05	16.2035521372234	1
17.375	59.75	1.00016878368042	0.800896499375517	-4.63766904682938e-05	16.0032965295809	1
17.625	59.75	1.00015586059916	0.800832289169394	-4.2597656076817e-05	15.803059362366	1
17.875	59.75	1.00014408971532	0.80077324661485	-3.91764992980433e-05	15.6028391308715	1
18.125	59.75	1.000133352458	0.800718889553973	-3.6073593621117e-05	15.4026344729143	1
18.375	59.75	1.00012354351867	0.800668788259776	-3.32544135149449e-05	15.2024441532202	1
18.625	59.75	1.00011456974047	0.800622558823587	-3.06887999564961e-05	15.0022670497006	1
18.875	59.75	1.0001063487886	0.800579857475195	-2.83503350766205e-05	14.8021021414129	1
19.125	59.75	1.00009880781248	0.800540375698799	-2.62158114658691e-05	14.6019484979941	1
19.375	59.75	1.00009188220907	0.8005038360269	-2.42647829311733e-05	14.4018052703771	1
19.625	59.75	1.00008551453198	0.80046998841045	-2.24791845359845e-05	14.2016716826144	1
19.875	59.75	1.00007965355322	0.800438607079178	-2.08430109112405e-05	14.0015470246596	1
20.125	59.75	1.00007425346599	0.800409487818634	-1.93420436180266e-05	13.8014306459766	1
20.375	59.75	1.00006927320913	0.800382445601259	-1.7963619466853e-05	13.6013219498646	1
20.625	59.75	1.00006467589314	0.800357312519385	-1.66964333557561e-05	13.4012203884064	1
20.875	59.75	1.00006042830981	0.800333935976135	-1.55303697006984e-05	13.2011254579601	1
21.125	59.75	1.00005650051039	0.800312177096908	-1.4456358078801e-05	13.001036695126	1
21.375	59.75	1.00005286544017	0.800291909330543	-1.34662490160577e-05	12.8009536731301	1
21.625	59.75	1.00004949862032	0.800273017214211	-1.25527069235997e-05	12.6008759985772	1
21.875	59.75	1.0000463778698	0.800255395280084	-1.17091172494691e-05	12.4008033085275	1
22.125	59.75	1.00004348306127	0.800238947084834	-1.09295059080055e-05	12.2007352678616	1
22.375	59.75	1.0000407959065	0.800223584345873	-1.02084689540019e-05	12.000671566901	1
22.625	59.75	1.00003829976693	0.800209226171015	-9.54111115387958e-06	11.8006119192567	1
22.875	59.75	1.00003597948626	0.800195798370101	-8.92299201252701e-06	11.6005560598802	1
23.125	59.75	1.00003382124207	0.800183232838604	-8.35007839839646e-06	11.4005037432961	1
23.375	59.75	1.00003181241423	0.800171467004861	-7.81870275419867e-06	11.2004547419977	1
23.625	59.75	1.00002994146801	0.800160443333612	-7.32552612867738e-06	11.0004088449879	1
23.875	59.75	1.00002819785005	0.800150108879143	-6.86750531232668e-06	10.8003658564508	1
24.125	59.75	1.00002657189553	0.800140414882192	-6.44186371075413e-06	10.6003255945417	1
24.375	59.75	1.00002505474508	0.800131316406113	-6.04606547073778e-06	10.4002878902828	1
24.625	59.75	1.00002363827033	0.800122772008308	-5.67779239876422e-06	10.2002525865554	1
24.875	59.75	1.00002231500723	0.800114743442986	-5.33492329450403e-06	10.0002195371782	1
25.125	59.75	1.00002107809609	0.800107195391874	-5.0155154593024e-06	9.80018860606405	1
25.375	59.75	1.00001992122767	0.800100095219586	-4.71778815179792e-06	9.60015966644815	1
25.625	59.75	1.00001883859466	0.800093412751706	-4.44010772097331e-06	9.40013260018014	1
25.875	59.75	1.00001782484783	0.800087120073033	-4.18097424371798e-06	9.20010729707505	1
26.125	59.75	1.00001687505639	0.800081191344134	-3.9390094900355e-06	9.00008365431736	1
26.375	59.75	1.0000159846721	0.800075602634024	-3.71294611566034e-06	8.80006157591342	1
26.625	59.75	1.00001514949676	0.800070331767928	-3.50161787238966e-06	8.60004097218801	1
26.875	59.75	1.00001436565275	0.80006535818822	-3.30395077451778e-06	8.40002175932105	1
27.125	59.75	1.00001362955652	0.800060662827373	-3.11895508766567e-06	8.20000385892092	1
27.375	59.75	1.00001293789428	0.800056227991671	-2.94571812436872e-06	7.99998719763133	1
27.625	59.75	1.00001228759994	0.800052037254786	-2.78339767714505e-06	7.79997170676891	1
27.875	59.75	1.0000116758347	0.800048075360579	-2.63121609703999e-06	7.59995732198877	1
28.125	59.75	1.00001109996849	0.800044328134271	-2.48845486897529e-06	7.3999439829758	1
28.375	59.75	1.00001055756301	0.800040782400915	-2.35444970025073e-06	7.19993163315943	1
28.625	59.75	1.00001004635636	0.800037425910447	-2.22858602990469e-06	6.99992021944995	1
28.875	59.75	1.00000956424936	0.800034247268757	-2.11029497156829e-06	6.79990969199459	1
29.125	59.75	1.00000910929384	0.800031235874496	-1.99904956663534e-06	6.59990000395177	1
29.375	59.75	1.00000867968303	0.800028381860933	-1.89436141509362e-06	6.39989111128154	1
29.625	59.75	1.00000827374374	0.800025676042316	-1.79577759268532e-06	6.19988297255101	1
29.875	59.75	1.00000788992898	0.800023109864332	-1.70287782319895e-06	5.99987554875333	1
30.125	59.75	1.00000752680851	0.80002067535818	-1.61527186387131e-06	5.79986880313953	1
30.375	59.75	1.00000718305333	0.800018365098356	-1.53259708058014e-06	5.59986270106324	1
30.625	59.75	1.00000685741137	0.800016172164424	-1.45451624450438e-06	5.39985720983886	1
30.875	59.75	1.00000654867419	0.800014090107502	-1.38071547642027e-06	5.1998522986141	1
31.125	59.75	1.00000625564304	0.800012112921891	-1.31090236433628e-06	4.99984793825693	1
31.375	59.75	1.00000597711343	0.800010235021536	-1.2448041607606e-06	4.7998441012539	1
31.625	59.75	1.00000571190872	0.8000084512188	-1.18216609776512e-06	4.5998407616122	1
31.875	59.75	1.00000545899434	0.800006756700618	-1.12274985708052e-06	4.39983789475166	1
32.125	59.75	1.00000521768205	0.80000514699477	-1.06633223755687e-06	4.1998354773696	1
32.375	59.75	1.00000498787612	0.800003617919278	-1.01270399901393e-06	3.99983348726641	1
32.625	59.75	1.00000477021926	0.800002165513817	-9.61668841254379e-07	3.79983190314007	1
32.875	59.75	1.00000456589598	0.800000785967066	-9.13042331193405e-07	3.59983070439788	1
33.125	59.75	1.00000437581541	0.799999475577145	-8.6665036777765e-07	3.39982987108515	1
33.375	59.75	1.00000419903854	0.799998230805353	-8.22326634399009e-07	3.19982938406941	1
33.625	59.75	1.00000403075013	0.799997048487254	-7.79908480315564e-07	2.99982922559559	1
33.875	59.75	1.00000386082599	0.799995926221692	-7.39231127186243e-07	2.79982938018236	1
34.125	59.75	1.00000367490503	0.799994862840872	-7.00121050757586e-07	2.59982983552277	1
34.375	59.75	1.00000346027134	0.799993858673361	-6.62390837280421e-07	2.39983058262556	1
34.625	59.75	1.00000321784553	0.799992915108314	-6.25839061736371e-07	2.19983161408052	1
34.875	59.75	1.00000297816472	0.799992032907726	-5.90258501468957e-07	1.9998329194432	1
35.125	59.75	1.00000281306769	0.799991209036464	-5.55452463824888e-07	1.79983447782392	1
35.375	59.75	1.00000282744526	0.799990432730547	-5.21250578811222e-07	1.59983625021221	1
35.625	59.75	1.00000311151069	0.79998968314503	-4.87502677320565e-07	1.39983817760612	1
35.875	59.75	1.00000364158435	0.799988932746427	-4.54016542474975e-07	1.19984019411027	1
36.125	59.75	1.00000414544793	0.799988161374001	-4.20401153542938e-07	0.999842263590843	1
36.375	59.75	1.00000400083789	0.799987383514589	-3.85790186461548e-07	0.799844439777232	1
36.625	59.75	1.00000230102451	0.799986683627029	-3.48448030455238e-07	0.599846929308028	1
36.875	59.75	0.999998261247414	0.799986238288417	-3.05265118760724e-07	0.399850106664606	1
37.125	59.75	0.99999208480294	0.799987989948744	-2.51025692519247e-07	0.199854402602187	1
37.375	59.75	0.999986173979129	0.399987469019496	-1.77844358663498e-07	-0.000140853040412455	1
