$\phi$
x	y	$\phi$
0.125	0.5	-0.00214093583955223
0.375	0.5	-0.00214093584893611
0.625	0.5	-0.00214093586778717
0.875	0.5	-0.00214093589627216
1.125	0.5	-0.00214093593464168
1.375	0.5	-0.00214093598323068
1.625	0.5	-0.00214093604245917
1.875	0.5	-0.00214093611283313
2.125	0.5	-0.00214093619494553
2.375	0.5	-0.00214093628947759
2.625	0.5	-0.00214093639720009
2.875	0.5	-0.00214093651897493
3.125	0.5	-0.00214093665575666
3.375	0.5	-0.0021409368085941
3.625	0.5	-0.00214093697863189
3.875	0.5	-0.00214093716711171
4.125	0.5	-0.00214093737537296
4.375	0.5	-0.00214093760485242
4.625	0.5	-0.00214093785708192
4.875	0.5	-0.00214093813368292
5.125	0.5	-0.00214093843635543
5.375	0.5	-0.00214093876685796
5.625	0.5	-0.00214093912697213
5.875	0.5	-0.00214093951844219
6.125	0.5	-0.00214093994287299
6.375	0.5	-0.00214094040155929
6.625	0.5	-0.00214094089520226
6.875	0.5	-0.00214094142343975
7.125	0.5	-0.00214094198407033
7.375	0.5	-0.00214094257177306
7.625	0.5	-0.00214094317599724
7.875	0.5	-0.00214094377748637
8.125	0.5	-0.00214094434255428
8.375	0.5	-0.00214094481366246
8.625	0.5	-0.00214094509391058
8.875	0.5	-0.00214094502151115
9.125	0.5	-0.00214094432778276
9.375	0.5	-0.00214094256802282
9.625	0.5	-0.00214093900775345
9.875	0.5	-0.00214093243553344
10.125	0.5	-0.00214092085493463
10.375	0.5	-0.00214090097768297
10.625	0.5	-0.00214086738961584
10.875	0.5	-0.00214081117825904
11.125	0.5	-0.00214071767449934
11.375	0.5	-0.00214056273650499
11.625	0.5	-0.00214030663492386
11.875	0.5	-0.00213988399101011
12.125	0.5	-0.00213918721991498
12.375	0.5	-0.00213803928691777
12.625	0.5	-0.00213614887862283
12.875	0.5	-0.00213303663940223
13.125	0.5	-0.00212791379954689
13.375	0.5	-0.00211948247439642
13.625	0.5	-0.00210560710129559
13.875	0.5	-0.00208277391029666
14.125	0.5	-0.00204520181139684
14.375	0.5	-0.00198338024808525
14.625	0.5	-0.00188166564071271
14.875	0.5	-0.00171433284326044
15.125	0.5	-0.00143909542249451
15.375	0.5	-0.000986490870422003
15.625	0.5	-0.000242542474384583
15.875	0.5	0.000979424251994965
16.125	0.5	0.00298422709130054
16.375	0.5	0.0062671199067188
16.625	0.5	0.0116261537894686
16.875	0.5	0.0203298132021351
17.125	0.5	0.0343487456121038
17.375	0.5	0.0566284993583792
17.625	0.5	0.0912879502208745
17.875	0.5	0.143431301618267
18.125	0.5	0.217992378009615
18.375	0.5	0.317052725380486
18.625	0.5	0.436260484658867
18.875	0.5	0.563435051497688
19.125	0.5	0.682679609466326
19.375	0.5	0.781797190352333
19.625	0.5	0.856416912109418
19.875	0.5	0.908609026662699
20.125	0.5	0.943304349979203
20.375	0.5	0.96560860252573
20.625	0.5	0.979643523800123
20.875	0.5	0.988357333678581
21.125	0.5	0.993722704743605
21.375	0.5	0.997009514886333
21.625	0.5	0.999016725536852
21.875	0.5	1.00024016802857
22.125	0.5	1.00098502020179
22.375	0.5	1.00143817875504
22.625	0.5	1.00171375670259
22.875	0.5	1.00188129985112
23.125	0.5	1.00198314542948
23.375	0.5	1.0020450495198
23.625	0.5	1.00208267453026
23.875	0.5	1.00210554247412
24.125	0.5	1.00211944141332
24.375	0.5	1.00212788936251
24.625	0.5	1.00213302447102
24.875	0.5	1.0021361462022
25.125	0.5	1.0021380442917
25.375	0.5	1.00213919868844
25.625	0.5	1.00213990107238
25.875	0.5	1.00214032870686
26.125	0.5	1.0021405893212
26.375	0.5	1.00214074838727
26.625	0.5	1.00214084569611
26.875	0.5	1.00214090543191
27.125	0.5	1.00214094229414
27.375	0.5	1.00214096521818
27.625	0.5	1.00214097963632
27.875	0.5	1.00214098885188
28.125	0.5	1.00214099487425
28.375	0.5	1.00214099892643
28.625	0.5	1.00214100175338
28.875	0.5	1.00214100380948
29.125	0.5	1.00214100537247
29.375	0.5	1.0021410066126
29.625	0.5	1.00214100763479
29.875	0.5	1.00214100850415
30.125	0.5	1.00214100926151
30.375	0.5	1.00214100993294
30.625	0.5	1.0021410105354
30.875	0.5	1.00214101108033
31.125	0.5	1.0021410115757
31.375	0.5	1.00214101202732
31.625	0.5	1.00214101243967
31.875	0.5	1.00214101281633
32.125	0.5	1.0021410131603
32.375	0.5	1.00214101347418
32.625	0.5	1.00214101376027
32.875	0.5	1.00214101402065
33.125	0.5	1.00214101425721
33.375	0.5	1.00214101447171
33.625	0.5	1.00214101466574
33.875	0.5	1.00214101484079
34.125	0.5	1.00214101499823
34.375	0.5	1.00214101513933
34.625	0.5	1.00214101526524
34.875	0.5	1.00214101537703
35.125	0.5	1.00214101547566
35.375	0.5	1.00214101556199
35.625	0.5	1.0021410156368
35.875	0.5	1.00214101570078
36.125	0.5	1.00214101575452
36.375	0.5	1.00214101579854
36.625	0.5	1.00214101583324
36.875	0.5	1.00214101585898
37.125	0.5	1.002141015876
37.375	0.5	1.00214101588447
0.125	1.5	-0.00214093567899985
0.375	1.5	-0.00214093568699525
0.625	1.5	-0.00214093570306636
0.875	1.5	-0.00214093572737399
1.125	1.5	-0.00214093576015977
1.375	1.5	-0.00214093580174667
1.625	1.5	-0.00214093585253973
1.875	1.5	-0.00214093591302686
2.125	1.5	-0.00214093598377989
2.375	1.5	-0.00214093606545574
2.625	1.5	-0.00214093615879778
2.875	1.5	-0.0021409362646372
3.125	1.5	-0.00214093638389463
3.375	1.5	-0.00214093651758162
3.625	1.5	-0.0021409366668021
3.875	1.5	-0.00214093683275359
4.125	1.5	-0.0021409370167278
4.375	1.5	-0.00214093722011012
4.625	1.5	-0.00214093744437732
4.875	1.5	-0.00214093769109192
5.125	1.5	-0.00214093796189108
5.375	1.5	-0.00214093825846641
5.625	1.5	-0.00214093858252845
5.875	1.5	-0.00214093893574609
6.125	1.5	-0.00214093931964437
6.375	1.5	-0.0021409397354337
6.625	1.5	-0.00214094018372611
6.875	1.5	-0.00214094066406548
7.125	1.5	-0.00214094117415135
7.375	1.5	-0.00214094170855847
7.625	1.5	-0.00214094225662643
7.875	1.5	-0.00214094279898337
8.125	1.5	-0.00214094330182191
8.375	1.5	-0.00214094370747617
8.625	1.5	-0.0021409439189121
8.875	1.5	-0.0021409437742018
9.125	1.5	-0.00214094300451628
9.375	1.5	-0.00214094116499785
9.625	1.5	-0.00214093752100523
9.875	1.5	-0.00214093086092472
10.125	1.5	-0.00214091918814519
10.375	1.5	-0.00214089921419716
10.625	1.5	-0.00214086552470707
10.875	1.5	-0.00214080920696928
11.125	1.5	-0.00214071559161082
11.375	1.5	-0.00214056053649902
11.625	1.5	-0.00214030431191883
11.875	1.5	-0.00213988153866519
12.125	1.5	-0.00213918463127767
12.375	1.5	-0.00213803655417892
12.625	1.5	-0.00213614599271945
12.875	1.5	-0.00213303358936943
13.125	1.5	-0.0021279105714565
13.375	1.5	-0.00211947904961442
13.625	1.5	-0.00210560345361687
13.875	1.5	-0.00208277000123009
14.125	1.5	-0.00204519758240338
14.375	1.5	-0.00198337560779993
14.625	1.5	-0.00188166044391583
14.875	1.5	-0.00171432685629609
15.125	1.5	-0.00143908826647766
15.375	1.5	-0.000986481928176272
15.625	1.5	-0.00024253073851113
15.875	1.5	0.000979440425643844
16.125	1.5	0.00298425037958335
16.375	1.5	0.0062671546443317
16.625	1.5	0.0116262069269617
16.875	1.5	0.0203298956976846
17.125	1.5	0.0343488742536715
17.375	1.5	0.0566286986325863
17.625	1.5	0.0912882528793147
17.875	1.5	0.143431744814959
18.125	1.5	0.217992990272978
18.375	1.5	0.31705350272045
18.625	1.5	0.436261368232385
18.875	1.5	0.563435935210705
19.125	1.5	0.682680387156578
19.375	1.5	0.781797803036194
19.625	1.5	0.856417355685936
19.875	1.5	0.908609329614287
20.125	1.5	0.943304549459447
20.375	1.5	0.965608731304163
20.625	1.5	0.979643606383569
20.875	1.5	0.988357386871425
21.125	1.5	0.993722739515714
21.375	1.5	0.997009538196028
21.625	1.5	0.999016741723808
21.875	1.5	1.00024017977277
22.125	1.5	1.0009850291493
22.375	1.5	1.00143818591445
22.625	1.5	1.00171376269179
22.875	1.5	1.00188130504945
23.125	1.5	1.00198315007086
23.375	1.5	1.0020450537496
23.625	1.5	1.00208267843996
23.875	1.5	1.00210554612231
24.125	1.5	1.00211944483854
24.375	1.5	1.00212789259099
24.625	1.5	1.00213302752139
24.875	1.5	1.00213614908842
25.125	1.5	1.00213804702474
25.375	1.5	1.00213920127734
25.625	1.5	1.00213990352498
25.875	1.5	1.0021403310301
26.125	1.5	1.00214059152142
26.375	1.5	1.00214075047036
26.625	1.5	1.00214084766759
26.875	1.5	1.00214090729699
27.125	1.5	1.00214094405779
27.375	1.5	1.00214096688513
27.625	1.5	1.00214098121107
27.875	1.5	1.00214099033876
28.125	1.5	1.0021409962774
28.375	1.5	1.00214100024981
28.625	1.5	1.00214100300079
28.875	1.5	1.00214100498458
29.125	1.5	1.00214100647874
29.375	1.5	1.00214100765342
29.625	1.5	1.00214100861337
29.875	1.5	1.00214100942358
30.125	1.5	1.00214101012478
30.375	1.5	1.0021410107429
30.625	1.5	1.00214101129482
30.875	1.5	1.00214101179184
31.125	1.5	1.00214101224185
31.375	1.5	1.00214101265057
31.625	1.5	1.00214101302238
31.875	1.5	1.00214101336078
32.125	1.5	1.0021410136687
32.375	1.5	1.00214101394865
32.625	1.5	1.00214101420286
32.875	1.5	1.00214101443335
33.125	1.5	1.00214101464194
33.375	1.5	1.00214101483034
33.625	1.5	1.00214101500007
33.875	1.5	1.00214101515259
34.125	1.5	1.00214101528921
34.375	1.5	1.00214101541116
34.625	1.5	1.00214101551955
34.875	1.5	1.0021410156154
35.125	1.5	1.00214101569964
35.375	1.5	1.00214101577311
35.625	1.5	1.00214101583657
35.875	1.5	1.00214101589066
36.125	1.5	1.00214101593596
36.375	1.5	1.00214101597298
36.625	1.5	1.0021410160021
36.875	1.5	1.00214101602366
37.125	1.5	1.0021410160379
37.375	1.5	1.00214101604498
0.125	2.5	-0.00214093538098105
0.375	2.5	-0.00214093538624879
0.625	2.5	-0.00214093539685871
0.875	2.5	-0.00214093541295988
1.125	2.5	-0.00214093543477627
1.375	2.5	-0.00214093546260728
1.625	2.5	-0.0021409354968284
1.875	2.5	-0.00214093553789195
2.125	2.5	-0.0021409355863281
2.375	2.5	-0.00214093564274595
2.625	2.5	-0.00214093570783476
2.875	2.5	-0.00214093578236531
3.125	2.5	-0.00214093586719133
3.375	2.5	-0.00214093596325091
3.625	2.5	-0.00214093607156782
3.875	2.5	-0.00214093619325258
4.125	2.5	-0.00214093632950285
4.375	2.5	-0.00214093648160285
4.625	2.5	-0.0021409366509208
4.875	2.5	-0.00214093683890313
5.125	2.5	-0.00214093704706314
5.375	2.5	-0.0021409372769606
5.625	2.5	-0.00214093753016603
5.875	2.5	-0.00214093780819981
6.125	2.5	-0.00214093811242973
6.375	2.5	-0.00214093844389996
6.625	2.5	-0.00214093880304697
6.875	2.5	-0.00214093918922944
7.125	2.5	-0.00214093959995176
7.375	2.5	-0.0021409400295832
7.625	2.5	-0.00214094046724717
7.875	2.5	-0.00214094089334452
8.125	2.5	-0.002140941273829
8.375	2.5	-0.00214094155078385
8.625	2.5	-0.00214094162691157
8.875	2.5	-0.00214094134000752
9.125	2.5	-0.00214094042095209
9.375	2.5	-0.00214093842458195
9.625	2.5	-0.00214093461593407
9.875	2.5	-0.002140927783055
10.125	2.5	-0.00214091592897336
10.375	2.5	-0.00214089576483507
10.625	2.5	-0.00214086187585157
10.875	2.5	-0.0021408053488624
11.125	2.5	-0.0021407115139846
11.375	2.5	-0.00214055622849561
11.625	2.5	-0.00214029976197018
11.875	2.5	-0.00213987673430655
12.125	2.5	-0.00213917955885229
12.375	2.5	-0.00213803119836394
12.625	2.5	-0.00213614033575726
12.875	2.5	-0.00213302760981383
13.125	2.5	-0.00212790424211936
13.375	2.5	-0.00211947233419452
13.625	2.5	-0.00210559630115713
13.875	2.5	-0.00208276233699628
14.125	2.5	-0.00204518929286826
14.375	2.5	-0.00198336651592292
14.625	2.5	-0.00188165026845955
14.875	2.5	-0.00171431514492163
15.125	2.5	-0.00143907428586465
15.375	2.5	-0.000986464483966559
15.625	2.5	-0.000242507881346529
15.875	2.5	0.000979471877120873
16.125	2.5	0.0029842956048845
16.375	2.5	0.00626722203071649
16.625	2.5	0.011626309923192
16.875	2.5	0.0203300555071415
17.125	2.5	0.0343491233603563
17.375	2.5	0.0566290844176319
17.625	2.5	0.0912888387171349
17.875	2.5	0.143432602599428
18.125	2.5	0.217994175207771
18.375	2.5	0.317055007084768
18.625	2.5	0.4362630781619
18.875	2.5	0.563437645407928
19.125	2.5	0.682681892193128
19.375	2.5	0.781798988777976
19.625	2.5	0.856418214199356
19.875	2.5	0.908609916014727
20.125	2.5	0.943304935639941
20.375	2.5	0.965608980673546
20.625	2.5	0.979643766361741
20.875	2.5	0.988357489973907
21.125	2.5	0.993722806968319
21.375	2.5	0.997009583462438
21.625	2.5	0.999016773200835
21.875	2.5	1.00024020264591
22.125	2.5	1.00098504660362
22.375	2.5	1.00143819990157
22.625	2.5	1.00171377440747
22.875	2.5	1.00188131522785
23.125	2.5	1.00198315916483
23.375	2.5	1.00204506204071
23.625	2.5	1.00208268610542
23.875	2.5	1.00210555327578
24.125	2.5	1.00211945155482
24.375	2.5	1.00212789892107
24.625	2.5	1.00213303350162
24.875	2.5	1.002136154746
25.125	2.5	1.00213805238111
25.375	2.5	1.00213920635029
25.625	2.5	1.00213990832982
25.875	2.5	1.0021403355805
26.125	2.5	1.00214059582984
26.375	2.5	1.00214075454838
26.625	2.5	1.00214085152606
26.875	2.5	1.00214091094618
27.125	2.5	1.00214094750747
27.375	2.5	1.00214097014459
27.625	2.5	1.00214098428921
27.875	2.5	1.00214099324407
28.125	2.5	1.00214099901804
28.375	2.5	1.00214100283357
28.625	2.5	1.00214100543516
28.875	2.5	1.00214100727674
29.125	2.5	1.00214100863558
29.375	2.5	1.00214100968154
29.625	2.5	1.00214101051912
29.875	2.5	1.00214101121306
30.125	2.5	1.00214101180384
30.375	2.5	1.00214101231718
30.625	2.5	1.00214101276972
30.875	2.5	1.00214101317257
31.125	2.5	1.00214101353342
31.375	2.5	1.00214101385782
31.625	2.5	1.00214101414995
31.875	2.5	1.00214101441316
32.125	2.5	1.00214101465021
32.375	2.5	1.00214101486347
32.625	2.5	1.00214101505503
32.875	2.5	1.00214101522678
33.125	2.5	1.00214101538042
33.375	2.5	1.00214101551752
33.625	2.5	1.00214101563952
33.875	2.5	1.00214101574776
34.125	2.5	1.00214101584348
34.375	2.5	1.00214101592779
34.625	2.5	1.00214101600174
34.875	2.5	1.00214101606627
35.125	2.5	1.00214101612226
35.375	2.5	1.00214101617047
35.625	2.5	1.0021410162116
35.875	2.5	1.00214101624627
36.125	2.5	1.002141016275
36.375	2.5	1.00214101629825
36.625	2.5	1.0021410163164
36.875	2.5	1.00214101632976
37.125	2.5	1.00214101633853
37.375	2.5	1.00214101634289
0.125	3.5	-0.00214093499085156
0.375	3.5	-0.00214093499214961
0.625	3.5	-0.00214093499481158
0.875	3.5	-0.00214093499896933
1.125	3.5	-0.00214093500482103
1.375	3.5	-0.0021409350126316
1.625	3.5	-0.00214093502273326
1.875	3.5	-0.00214093503552632
2.125	3.5	-0.00214093505147997
2.375	3.5	-0.00214093507113334
2.625	3.5	-0.00214093509509658
2.875	3.5	-0.00214093512405205
3.125	3.5	-0.00214093515875565
3.375	3.5	-0.002140935200038
3.625	3.5	-0.0021409352488056
3.875	3.5	-0.00214093530604165
4.125	3.5	-0.00214093537280629
4.375	3.5	-0.00214093545023571
4.625	3.5	-0.00214093553953934
4.875	3.5	-0.00214093564199375
5.125	3.5	-0.00214093575893109
5.375	3.5	-0.00214093589171826
5.625	3.5	-0.00214093604172093
5.875	3.5	-0.00214093621024223
6.125	3.5	-0.00214093639841992
6.375	3.5	-0.00214093660705498
6.625	3.5	-0.00214093683632705
6.875	3.5	-0.00214093708532392
7.125	3.5	-0.00214093735126446
7.375	3.5	-0.00214093762821739
7.625	3.5	-0.00214093790498988
7.875	3.5	-0.00214093816165027
8.125	3.5	-0.00214093836380296
8.375	3.5	-0.0021409384531642
8.625	3.5	-0.0021409383320511
8.875	3.5	-0.00214093783785434
9.125	3.5	-0.00214093670102921
9.375	3.5	-0.00214093447596552
9.625	3.5	-0.00214093042722976
9.875	3.5	-0.00214092334237191
10.125	3.5	-0.00214091122389429
10.375	3.5	-0.00214089078238123
10.625	3.5	-0.00214085660243889
10.875	3.5	-0.00214079977024422
11.125	3.5	-0.00214070561517286
11.375	3.5	-0.00214054999364682
11.625	3.5	-0.00214029317421426
11.875	3.5	-0.0021398697754818
12.125	3.5	-0.00213917220908645
12.375	3.5	-0.00213802343540188
12.625	3.5	-0.00213613213387161
12.875	3.5	-0.00213301893802848
13.125	3.5	-0.00212789506130046
13.375	3.5	-0.00211946259227512
13.625	3.5	-0.00210558592528556
13.875	3.5	-0.00208275122061538
14.125	3.5	-0.00204517727444409
14.375	3.5	-0.00198335334392476
14.625	3.5	-0.00188163554372352
14.875	3.5	-0.00171429822586203
15.125	3.5	-0.00143905413279251
15.375	3.5	-0.000986439403968883
15.625	3.5	-0.000242475111755434
15.875	3.5	0.000979516844640238
16.125	3.5	0.00298436011002145
16.375	3.5	0.00626731795864065
16.625	3.5	0.0116264563316106
16.875	3.5	0.0203302824429892
17.125	3.5	0.034349476857033
17.375	3.5	0.056629631620816
17.625	3.5	0.0912896694390711
17.875	3.5	0.143433818727853
18.125	3.5	0.217995854978601
18.375	3.5	0.31705713955656
18.625	3.5	0.43626550196258
18.875	3.5	0.563440069582986
19.125	3.5	0.682684025605025
19.375	3.5	0.781800669677402
19.625	3.5	0.85641943134729
19.875	3.5	0.908610747523591
20.125	3.5	0.94330548339628
20.375	3.5	0.965609334537723
20.625	3.5	0.979643993533645
20.875	3.5	0.988357636531013
21.125	3.5	0.993722902988935
21.375	3.5	0.997009648025135
21.625	3.5	0.999016818204146
21.875	3.5	1.0002402354379
22.125	3.5	1.0009850716978
22.375	3.5	1.00143822006379
22.625	3.5	1.00171379133259
22.875	3.5	1.00188132995674
23.125	3.5	1.0019831723398
23.375	3.5	1.00204507406136
23.625	3.5	1.00208269722355
23.875	3.5	1.00210556365309
24.125	3.5	1.00211946129796
24.375	3.5	1.00212790810297
24.625	3.5	1.00213304217437
24.875	3.5	1.00213616294876
25.125	3.5	1.00213806014488
25.375	3.5	1.0021392137008
25.625	3.5	1.00213991528933
25.875	3.5	1.00214034216889
26.125	3.5	1.00214060206528
26.375	3.5	1.00214076044773
26.625	3.5	1.00214085710518
26.875	3.5	1.00214091622006
27.125	3.5	1.00214095249034
27.375	3.5	1.00214097485005
27.625	3.5	1.00214098873025
27.875	3.5	1.0021409974331
28.125	3.5	1.00214100296694
28.375	3.5	1.00214100655376
28.625	3.5	1.00214100893756
28.875	3.5	1.00214101057181
29.125	3.5	1.00214101173339
29.375	3.5	1.00214101259173
29.625	3.5	1.00214101325095
29.875	3.5	1.00214101377543
30.125	3.5	1.00214101420531
30.375	3.5	1.00214101456594
30.625	3.5	1.00214101487368
30.875	3.5	1.00214101513934
31.125	3.5	1.0021410153703
31.375	3.5	1.00214101557184
31.625	3.5	1.0021410157479
31.875	3.5	1.00214101590159
32.125	3.5	1.00214101603542
32.375	3.5	1.00214101615156
32.625	3.5	1.00214101625189
32.875	3.5	1.0021410163381
33.125	3.5	1.00214101641171
33.375	3.5	1.00214101647412
33.625	3.5	1.00214101652663
33.875	3.5	1.00214101657041
34.125	3.5	1.00214101660657
34.375	3.5	1.00214101663609
34.625	3.5	1.00214101665991
34.875	3.5	1.00214101667887
35.125	3.5	1.00214101669372
35.375	3.5	1.00214101670516
35.625	3.5	1.00214101671381
35.875	3.5	1.0021410167202
36.125	3.5	1.00214101672481
36.375	3.5	1.00214101672803
36.625	3.5	1.00214101673022
36.875	3.5	1.00214101673163
37.125	3.5	1.00214101673245
37.375	3.5	1.00214101673284
0.125	4.5	-0.00214093457462862
0.375	4.5	-0.00214093457085708
0.625	4.5	-0.00214093456336882
0.875	4.5	-0.00214093455227359
1.125	4.5	-0.00214093453773635
1.375	4.5	-0.0021409345199776
1.625	4.5	-0.00214093449927397
1.875	4.5	-0.00214093447595876
2.125	4.5	-0.00214093445042273
2.375	4.5	-0.00214093442311497
2.625	4.5	-0.00214093439454379
2.875	4.5	-0.00214093436527783
3.125	4.5	-0.00214093433594705
3.375	4.5	-0.00214093430724377
3.625	4.5	-0.0021409342799236
3.875	4.5	-0.00214093425480593
4.125	4.5	-0.0021409342327739
4.375	4.5	-0.00214093421477321
4.625	4.5	-0.00214093420180893
4.875	4.5	-0.00214093419493911
5.125	4.5	-0.00214093419526273
5.375	4.5	-0.00214093420389855
5.625	4.5	-0.00214093422194858
5.875	4.5	-0.0021409342504364
6.125	4.5	-0.00214093429020381
6.375	4.5	-0.0021409343417388
6.625	4.5	-0.00214093440489054
6.875	4.5	-0.00214093447839822
7.125	4.5	-0.00214093455911335
7.375	4.5	-0.00214093464071786
7.625	4.5	-0.00214093471161201
7.875	4.5	-0.00214093475143633
8.125	4.5	-0.00214093472534566
8.375	4.5	-0.00214093457458408
8.625	4.5	-0.00214093420097288
8.875	4.5	-0.00214093344138211
9.125	4.5	-0.00214093202572025
9.375	4.5	-0.00214092950780239
9.625	4.5	-0.00214092515159009
9.875	4.5	-0.00214091774399515
10.125	4.5	-0.00214090528684383
10.375	4.5	-0.00214088448999987
10.625	4.5	-0.00214084993729371
10.875	4.5	-0.00214079271405501
11.125	4.5	-0.00214069814871388
11.375	4.5	-0.00214054209660567
11.625	4.5	-0.00214028482498046
11.875	4.5	-0.00213986095082058
12.125	4.5	-0.00213916288362383
12.375	4.5	-0.00213801358079944
12.625	4.5	-0.00213612171749023
12.875	4.5	-0.00213300792075018
13.125	4.5	-0.00212788339396267
13.375	4.5	-0.00211945020981771
13.625	4.5	-0.00210557273712783
13.875	4.5	-0.00208273709482011
14.125	4.5	-0.00204516201164572
14.375	4.5	-0.0019833366344037
14.625	4.5	-0.00188161689675341
14.875	4.5	-0.00171427685350646
15.125	4.5	-0.00143902875903829
15.375	4.5	-0.000986407951924637
15.625	4.5	-0.000242434192913193
15.875	4.5	0.000979572759240317
16.125	4.5	0.00298444002118892
16.375	4.5	0.00626743644121117
16.625	4.5	0.0116266367563936
16.875	4.5	0.0203305616579794
17.125	4.5	0.0343499113169382
17.375	4.5	0.05663030367488
17.625	4.5	0.091290689239055
17.875	4.5	0.143435311239655
18.125	4.5	0.217997916162137
18.375	4.5	0.317059755993618
18.625	4.5	0.436268475722565
18.875	4.5	0.563443043794127
19.125	4.5	0.68268664317501
19.375	4.5	0.78180273222108
19.625	4.5	0.856420925087847
19.875	4.5	0.908611768272097
20.125	4.5	0.943306156117163
20.375	4.5	0.965609769440708
20.625	4.5	0.97964427303329
20.875	4.5	0.988357817135139
21.125	4.5	0.993723021583344
21.375	4.5	0.997009728005784
21.625	4.5	0.999016874161979
21.875	4.5	1.00024027638382
22.125	4.5	1.00098510316702
22.375	4.5	1.00143824544865
22.625	4.5	1.00171381271232
22.875	4.5	1.00188134860879
23.125	4.5	1.00198318905297
23.375	4.5	1.00204508932691
23.625	4.5	1.00208271135152
23.875	4.5	1.00210557684304
24.125	4.5	1.00211947368195
24.375	4.5	1.00212791977166
24.625	4.5	1.00213305319286
24.875	4.5	1.00213617336624
25.125	4.5	1.00213807000049
25.375	4.5	1.00213922302719
25.625	4.5	1.00213992411485
25.875	4.5	1.00214035051891
26.125	4.5	1.00214060996305
26.375	4.5	1.00214076791486
26.625	4.5	1.00214086416199
26.875	4.5	1.00214092288577
27.125	4.5	1.00214095878325
27.375	4.5	1.00214098078758
27.625	4.5	1.00214099432906
27.875	4.5	1.00214100270913
28.125	4.5	1.00214100793546
28.375	4.5	1.00214101122939
28.625	4.5	1.00214101333431
28.875	4.5	1.00214101470314
29.125	4.5	1.00214101561218
29.375	4.5	1.00214101623037
29.625	4.5	1.00214101666132
29.875	4.5	1.00214101696894
30.125	4.5	1.0021410171929
30.375	4.5	1.00214101735816
30.625	4.5	1.00214101748065
30.875	4.5	1.00214101757079
31.125	4.5	1.00214101763561
31.375	4.5	1.00214101768003
31.625	4.5	1.00214101770766
31.875	4.5	1.00214101772129
32.125	4.5	1.00214101772315
32.375	4.5	1.00214101771512
32.625	4.5	1.00214101769882
32.875	4.5	1.00214101767569
33.125	4.5	1.00214101764702
33.375	4.5	1.002141017614
33.625	4.5	1.0021410175777
33.875	4.5	1.00214101753912
34.125	4.5	1.00214101749917
34.375	4.5	1.0021410174587
34.625	4.5	1.00214101741847
34.875	4.5	1.0021410173792
35.125	4.5	1.00214101734151
35.375	4.5	1.00214101730598
35.625	4.5	1.00214101727313
35.875	4.5	1.00214101724341
36.125	4.5	1.00214101721721
36.375	4.5	1.00214101719487
36.625	4.5	1.00214101717666
36.875	4.5	1.00214101716281
37.125	4.5	1.00214101715349
37.375	4.5	1.0021410171488
0.125	5.5	-0.00214093421663804
0.375	5.5	-0.00214093420687991
0.625	5.5	-0.00214093418740527
0.875	5.5	-0.00214093415829749
1.125	5.5	-0.00214093411968188
1.375	5.5	-0.002140934071726
1.625	5.5	-0.00214093401464006
1.875	5.5	-0.00214093394867745
2.125	5.5	-0.00214093387413533
2.375	5.5	-0.00214093379135531
2.625	5.5	-0.00214093370072424
2.875	5.5	-0.00214093360267498
3.125	5.5	-0.00214093349768724
3.375	5.5	-0.00214093338628834
3.625	5.5	-0.00214093326905377
3.875	5.5	-0.00214093314660746
4.125	5.5	-0.00214093301962134
4.375	5.5	-0.00214093288881378
4.625	5.5	-0.00214093275494602
4.875	5.5	-0.00214093261881529
5.125	5.5	-0.00214093248124236
5.375	5.5	-0.00214093234304985
5.625	5.5	-0.00214093220502519
5.875	5.5	-0.00214093206785835
6.125	5.5	-0.0021409319320379
6.375	5.5	-0.00214093179767841
6.625	5.5	-0.00214093166423468
6.875	5.5	-0.00214093153002988
7.125	5.5	-0.0021409313914772
7.375	5.5	-0.00214093124179703
7.625	5.5	-0.00214093106890406
7.875	5.5	-0.00214093085192836
8.125	5.5	-0.00214093055548836
8.375	5.5	-0.0021409301202648
8.625	5.5	-0.0021409294474874
8.875	5.5	-0.0021409283734052
9.125	5.5	-0.00214092662727443
9.375	5.5	-0.00214092376222487
9.625	5.5	-0.002140919041497
9.875	5.5	-0.00214091125124228
10.125	5.5	-0.00214089839248224
10.375	5.5	-0.0021408771742239
10.625	5.5	-0.00214084217937726
10.875	5.5	-0.00214078449226932
11.125	5.5	-0.00214068944021578
11.375	5.5	-0.00214053287727784
11.625	5.5	-0.00214027506919373
11.875	5.5	-0.00213985063106842
12.125	5.5	-0.00213915196994704
12.375	5.5	-0.00213800203986581
12.625	5.5	-0.00213610951110589
12.875	5.5	-0.00213299500343477
13.125	5.5	-0.00212786970898107
13.375	5.5	-0.00211943568266757
13.625	5.5	-0.00210555726483286
13.875	5.5	-0.00208272052831019
14.125	5.5	-0.00204514412674635
14.375	5.5	-0.00198331708406735
14.625	5.5	-0.00188159513242764
14.875	5.5	-0.00171425199579319
15.125	5.5	-0.00143899938522562
15.375	5.5	-0.000986371747747522
15.625	5.5	-0.000242387383895994
15.875	5.5	0.000979636330697694
16.125	5.5	0.00298453037846177
16.375	5.5	0.00626756981463635
16.625	5.5	0.0116268391718242
16.875	5.5	0.020330874151059
17.125	5.5	0.0343503967612336
17.375	5.5	0.0566310537873671
17.625	5.5	0.0912918267082062
17.875	5.5	0.14343697526105
18.125	5.5	0.218000213628308
18.375	5.5	0.317062671962319
18.625	5.5	0.436271789715224
18.875	5.5	0.563446358278934
19.125	5.5	0.682689560379607
19.375	5.5	0.781805031171089
19.625	5.5	0.856422590449851
19.875	5.5	0.908612906776231
20.125	5.5	0.943306906957362
20.375	5.5	0.965610255368646
20.625	5.5	0.979644585837174
20.875	5.5	0.988358019746469
21.125	5.5	0.993723155079007
21.375	5.5	0.997009818439069
21.625	5.5	0.999016937780798
21.875	5.5	1.00024032322256
22.125	5.5	1.0009851393901
22.375	5.5	1.00143827483473
22.625	5.5	1.00171383757822
22.875	5.5	1.00188137037878
23.125	5.5	1.0019832086074
23.375	5.5	1.0020451072149
23.625	5.5	1.00208272792049
23.875	5.5	1.00210559231737
24.125	5.5	1.00211948821085
24.375	5.5	1.00212793345817
24.625	5.5	1.00213306611155
24.875	5.5	1.00213618557387
25.125	5.5	1.00213808154257
25.375	5.5	1.00213923394192
25.625	5.5	1.00213993443557
25.875	5.5	1.0021403602756
26.125	5.5	1.00214061918321
26.375	5.5	1.00214077662412
26.625	5.5	1.00214087238447
26.875	5.5	1.00214093064433
27.125	5.5	1.00214096609961
27.375	5.5	1.00214098768247
27.625	5.5	1.00214100082229
27.875	5.5	1.00214100881965
28.125	5.5	1.00214101368142
28.375	5.5	1.00214101662817
28.625	5.5	1.00214101840258
28.875	5.5	1.00214101945688
29.125	5.5	1.00214102006671
29.375	5.5	1.0021410204004
29.625	5.5	1.00214102056097
29.875	5.5	1.00214102061175
30.125	5.5	1.0021410205919
30.375	5.5	1.00214102052585
30.625	5.5	1.00214102042904
30.875	5.5	1.00214102031144
31.125	5.5	1.00214102017963
31.375	5.5	1.00214102003813
31.625	5.5	1.00214101989016
31.875	5.5	1.00214101973811
32.125	5.5	1.00214101958387
32.375	5.5	1.00214101942899
32.625	5.5	1.00214101927477
32.875	5.5	1.00214101912236
33.125	5.5	1.00214101897277
33.375	5.5	1.00214101882692
33.625	5.5	1.00214101868565
33.875	5.5	1.00214101854973
34.125	5.5	1.00214101841985
34.375	5.5	1.00214101829668
34.625	5.5	1.00214101818079
34.875	5.5	1.00214101807272
35.125	5.5	1.00214101797296
35.375	5.5	1.00214101788196
35.625	5.5	1.00214101780009
35.875	5.5	1.00214101772772
36.125	5.5	1.00214101766513
36.375	5.5	1.00214101761258
36.625	5.5	1.00214101757029
36.875	5.5	1.00214101753843
37.125	5.5	1.00214101751712
37.375	5.5	1.00214101750644
0.125	6.5	-0.00214093401648642
0.375	6.5	-0.00214093400004294
0.625	6.5	-0.00214093396718267
0.875	6.5	-0.0021409339179591
1.125	6.5	-0.00214093385245265
1.375	6.5	-0.00214093377077089
1.625	6.5	-0.00214093367304886
1.875	6.5	-0.00214093355944945
2.125	6.5	-0.0021409334301638
2.375	6.5	-0.00214093328541186
2.625	6.5	-0.00214093312544289
2.875	6.5	-0.00214093295053601
3.125	6.5	-0.0021409327610008
3.375	6.5	-0.00214093255717768
3.625	6.5	-0.00214093233943822
3.875	6.5	-0.00214093210818499
4.125	6.5	-0.00214093186385074
4.375	6.5	-0.0021409316068964
4.625	6.5	-0.00214093133780707
4.875	6.5	-0.00214093105708466
5.125	6.5	-0.00214093076523487
5.375	6.5	-0.00214093046274494
5.625	6.5	-0.00214093015004606
5.875	6.5	-0.00214092982745041
6.125	6.5	-0.00214092949504659
6.375	6.5	-0.00214092915252623
6.625	6.5	-0.00214092879889755
6.875	6.5	-0.00214092843201267
7.125	6.5	-0.00214092804778836
7.375	6.5	-0.00214092763892236
7.625	6.5	-0.00214092719277956
7.875	6.5	-0.00214092668791195
8.125	6.5	-0.00214092608833065
8.375	6.5	-0.0021409253340785
8.625	6.5	-0.00214092432571555
8.875	6.5	-0.00214092289878778
9.125	6.5	-0.00214092078181331
9.375	6.5	-0.00214091752714646
9.625	6.5	-0.00214091239721231
9.875	6.5	-0.00214090417730302
10.125	6.5	-0.00214089086753172
10.375	6.5	-0.00214086917593991
10.625	6.5	-0.00214083368440288
10.875	6.5	-0.00214077547612464
11.125	6.5	-0.00214067987717923
11.375	6.5	-0.00214052274021838
11.625	6.5	-0.00214026432932303
11.875	6.5	-0.00213983925756215
12.125	6.5	-0.00213913992935128
12.375	6.5	-0.00213798929514999
12.625	6.5	-0.0021360960201338
12.875	6.5	-0.00213298071647626
13.125	6.5	-0.0021278545646425
13.375	6.5	-0.00211941960121479
13.625	6.5	-0.00210554013721489
13.875	6.5	-0.00208270219809505
14.125	6.5	-0.00204512436037597
14.375	6.5	-0.00198329552187254
14.625	6.5	-0.00188157120798117
14.875	6.5	-0.0017142248032322
15.125	6.5	-0.00143896746126603
15.375	6.5	-0.000986332714343566
15.625	6.5	-0.000242337364631435
15.875	6.5	0.000979703657926109
16.125	6.5	0.0029846253035039
16.375	6.5	0.00626770899880995
16.625	6.5	0.0116270493327735
16.875	6.5	0.0203311974176226
17.125	6.5	0.0343508976866765
17.375	6.5	0.0566318265464187
17.625	6.5	0.0912929972871441
17.875	6.5	0.143438686608321
18.125	6.5	0.218002575528422
18.375	6.5	0.317065669078355
18.625	6.5	0.436275195611145
18.875	6.5	0.563449764668916
19.125	6.5	0.68269255873638
19.375	6.5	0.78180739456094
19.625	6.5	0.856424303143181
19.875	6.5	0.90861407839449
20.125	6.5	0.943307680447303
20.375	6.5	0.965610756779961
20.625	6.5	0.979644909416081
20.875	6.5	0.988358230104386
21.125	6.5	0.993723294386175
21.375	6.5	0.997009913440676
21.625	6.5	0.999017005155807
21.875	6.5	1.00024037327188
22.125	6.5	1.00098517844268
22.375	6.5	1.00143830677119
22.625	6.5	1.00171386477918
22.875	6.5	1.00188139430908
23.125	6.5	1.00198323017386
23.375	6.5	1.00204512698454
23.625	6.5	1.00208274625332
23.875	6.5	1.00210560944717
24.125	6.5	1.00211950429418
24.375	6.5	1.00212794860417
24.625	6.5	1.00213308040001
24.875	6.5	1.00213619906621
25.125	6.5	1.00213809428853
25.375	6.5	1.00213924598366
25.625	6.5	1.00213994581013
25.875	6.5	1.00214037101644
26.125	6.5	1.00214062932116
26.375	6.5	1.00214078618798
26.625	6.5	1.00214088140137
26.875	6.5	1.00214093913999
27.125	6.5	1.00214097409851
27.375	6.5	1.00214099520798
27.625	6.5	1.00214100789672
27.875	6.5	1.00214101546438
28.125	6.5	1.00214101991689
28.375	6.5	1.00214102247396
28.625	6.5	1.00214102387748
28.875	6.5	1.00214102457888
29.125	6.5	1.00214102485309
29.375	6.5	1.0021410248677
29.625	6.5	1.00214102472509
29.875	6.5	1.00214102448794
30.125	6.5	1.00214102419481
30.375	6.5	1.00214102386953
30.625	6.5	1.00214102352702
30.875	6.5	1.00214102317671
31.125	6.5	1.00214102282468
31.375	6.5	1.00214102247499
31.625	6.5	1.0021410221304
31.875	6.5	1.0021410217929
32.125	6.5	1.00214102146396
32.375	6.5	1.00214102114476
32.625	6.5	1.00214102083625
32.875	6.5	1.00214102053922
33.125	6.5	1.00214102025439
33.375	6.5	1.00214101998237
33.625	6.5	1.00214101972374
33.875	6.5	1.00214101947899
34.125	6.5	1.0021410192486
34.375	6.5	1.00214101903299
34.625	6.5	1.00214101883254
34.875	6.5	1.0021410186476
35.125	6.5	1.0021410184785
35.375	6.5	1.00214101832551
35.625	6.5	1.0021410181889
35.875	6.5	1.00214101806887
36.125	6.5	1.00214101796564
36.375	6.5	1.00214101787936
36.625	6.5	1.00214101781018
36.875	6.5	1.0021410177582
37.125	6.5	1.0021410177235
37.375	6.5	1.00214101770614
0.125	7.5	-0.00214093408544768
0.375	7.5	-0.00214093406186725
0.625	7.5	-0.00214093401471687
0.875	7.5	-0.00214093394401753
1.125	7.5	-0.00214093384980082
1.375	7.5	-0.00214093373210912
1.625	7.5	-0.00214093359099571
1.875	7.5	-0.00214093342652507
2.125	7.5	-0.0021409332387731
2.375	7.5	-0.00214093302782743
2.625	7.5	-0.00214093279378772
2.875	7.5	-0.00214093253676594
3.125	7.5	-0.00214093225688666
3.375	7.5	-0.00214093195428709
3.625	7.5	-0.00214093162911707
3.875	7.5	-0.00214093128153846
4.125	7.5	-0.00214093091172392
4.375	7.5	-0.00214093051985448
4.625	7.5	-0.00214093010611497
4.875	7.5	-0.00214092967068614
5.125	7.5	-0.0021409292137311
5.375	7.5	-0.00214092873537241
5.625	7.5	-0.00214092823565386
5.875	7.5	-0.00214092771447686
6.125	7.5	-0.00214092717149502
6.375	7.5	-0.00214092660594012
6.625	7.5	-0.00214092601633476
6.875	7.5	-0.0021409254000188
7.125	7.5	-0.00214092475236922
7.375	7.5	-0.00214092406551546
7.625	7.5	-0.00214092332622456
7.875	7.5	-0.00214092251241998
8.125	7.5	-0.00214092158745246
8.375	7.5	-0.00214092049067137
8.625	7.5	-0.00214091912190872
8.875	7.5	-0.00214091731594635
9.125	7.5	-0.00214091480050028
9.375	7.5	-0.00214091112708256
9.625	7.5	-0.00214090555723301
9.875	7.5	-0.00214089687531183
10.125	7.5	-0.00214088308044827
10.375	7.5	-0.00214086087964034
10.625	7.5	-0.00214082485364871
10.875	7.5	-0.00214076608447351
11.125	7.5	-0.00214066989686685
11.375	7.5	-0.00214051214199425
11.625	7.5	-0.00214025308221079
11.875	7.5	-0.00213982732849687
12.125	7.5	-0.00213912728261471
12.375	7.5	-0.00213797589147365
12.625	7.5	-0.00213608181525484
12.875	7.5	-0.00213296565879142
13.125	7.5	-0.0021278385913747
13.375	7.5	-0.00211940263212632
13.625	7.5	-0.00210552206427393
13.875	7.5	-0.00208268286846861
14.125	7.5	-0.00204510354842075
14.375	7.5	-0.00198327288299825
14.625	7.5	-0.00188154620267303
14.875	7.5	-0.00171419657202157
15.125	7.5	-0.00143893461925435
15.375	7.5	-0.000986293014280052
15.625	7.5	-0.000242287146512812
15.875	7.5	0.000979770360478897
16.125	7.5	0.00298471819935386
16.375	7.5	0.00626784380775849
16.625	7.5	0.011627251263753
16.875	7.5	0.0203315062242591
17.125	7.5	0.0343513742900663
17.375	7.5	0.0566325598340515
17.625	7.5	0.0912941061878432
17.875	7.5	0.143440306080899
18.125	7.5	0.218004809237936
18.375	7.5	0.317068502560473
18.625	7.5	0.436278415069084
18.875	7.5	0.563452984582798
19.125	7.5	0.682695393363537
19.375	7.5	0.781809629645359
19.625	7.5	0.856425923858172
19.875	7.5	0.908615188254618
20.125	7.5	0.943308414409785
20.375	7.5	0.965611233832114
20.625	7.5	0.97964521851135
20.875	7.5	0.988358432217518
21.125	7.5	0.993723429309
21.375	7.5	0.997010006407542
21.625	7.5	0.999017071902799
21.875	7.5	1.00024042351807
22.125	7.5	1.00098521816076
22.375	7.5	1.00143833962503
22.625	7.5	1.00171389301841
22.875	7.5	1.00188141932005
23.125	7.5	1.00198325281692
23.375	7.5	1.00204514779974
23.625	7.5	1.00208276558557
23.875	7.5	1.00210562752232
24.125	7.5	1.00211952126518
24.375	7.5	1.00212796457914
24.625	7.5	1.00213309545922
24.875	7.5	1.00213621327247
25.125	7.5	1.00213810769348
25.375	7.5	1.00213925863156
25.625	7.5	1.00213995774027
25.875	7.5	1.00214038226453
26.125	7.5	1.00214063992028
26.375	7.5	1.00214079616911
26.625	7.5	1.00214089079376
26.875	7.5	1.0021409479714
27.125	7.5	1.0021409823954
27.375	7.5	1.00214100299559
27.625	7.5	1.00214101519918
27.875	7.5	1.00214102230476
28.125	7.5	1.00214102631729
28.375	7.5	1.00214102845557
28.625	7.5	1.00214102946056
28.875	7.5	1.00214102978288
29.125	7.5	1.00214102969664
29.375	7.5	1.00214102936868
29.625	7.5	1.00214102890064
29.875	7.5	1.00214102835451
30.125	7.5	1.00214102776818
30.375	7.5	1.00214102716487
30.625	7.5	1.0021410265589
30.875	7.5	1.00214102595912
31.125	7.5	1.00214102537108
31.375	7.5	1.00214102479833
31.625	7.5	1.00214102424313
31.875	7.5	1.00214102370701
32.125	7.5	1.00214102319103
32.375	7.5	1.00214102269593
32.625	7.5	1.00214102222229
32.875	7.5	1.00214102177053
33.125	7.5	1.00214102134103
33.375	7.5	1.00214102093408
33.625	7.5	1.00214102054994
33.875	7.5	1.00214102018885
34.125	7.5	1.00214101985102
34.375	7.5	1.00214101953661
34.625	7.5	1.0021410192458
34.875	7.5	1.00214101897874
35.125	7.5	1.00214101873555
35.375	7.5	1.00214101851636
35.625	7.5	1.00214101832127
35.875	7.5	1.00214101815037
36.125	7.5	1.00214101800374
36.375	7.5	1.00214101788145
36.625	7.5	1.00214101778355
36.875	7.5	1.00214101771009
37.125	7.5	1.00214101766109
37.375	7.5	1.00214101763659
0.125	8.5	-0.00214093454237116
0.375	8.5	-0.00214093451147096
0.625	8.5	-0.00214093444966397
0.875	8.5	-0.00214093435693705
1.125	8.5	-0.00214093423327051
1.375	8.5	-0.0021409340786382
1.625	8.5	-0.00214093389300753
1.875	8.5	-0.00214093367633957
2.125	8.5	-0.00214093342858913
2.375	8.5	-0.00214093314970482
2.625	8.5	-0.00214093283962913
2.875	8.5	-0.00214093249829839
3.125	8.5	-0.00214093212564278
3.375	8.5	-0.002140931721586
3.625	8.5	-0.00214093128604489
3.875	8.5	-0.0021409308189284
4.125	8.5	-0.0021409303201359
4.375	8.5	-0.0021409297895543
4.625	8.5	-0.0021409292270529
4.875	8.5	-0.002140928632475
5.125	8.5	-0.00214092800562369
5.375	8.5	-0.00214092734623834
5.625	8.5	-0.00214092665395566
5.875	8.5	-0.00214092592824535
6.125	8.5	-0.00214092516830398
6.375	8.5	-0.00214092437288004
6.625	8.5	-0.00214092353998582
6.875	8.5	-0.00214092266642288
7.125	8.5	-0.00214092174700096
7.375	8.5	-0.0021409207732523
7.625	8.5	-0.00214091973131565
7.875	8.5	-0.00214091859845405
8.125	8.5	-0.00214091733732436
8.375	8.5	-0.00214091588654729
8.625	8.5	-0.00214091414519007
8.875	8.5	-0.00214091194723191
9.125	8.5	-0.00214090901954661
9.375	8.5	-0.00214090491276227
9.625	8.5	-0.00214089888749031
9.875	8.5	-0.00214088972711471
10.125	8.5	-0.00214087542973594
10.375	8.5	-0.00214085270126397
10.625	8.5	-0.00214081612130208
10.875	8.5	-0.00214075677060823
11.125	8.5	-0.00214065997258313
11.375	8.5	-0.00214050157689251
11.625	8.5	-0.00214024184417982
11.875	8.5	-0.00213981538339844
12.125	8.5	-0.0021391145937983
12.375	8.5	-0.00213796241901194
12.625	8.5	-0.00213606751471906
12.875	8.5	-0.00213295047926807
13.125	8.5	-0.00212782247223025
13.375	8.5	-0.00211938549770578
13.625	8.5	-0.0021055038151892
13.875	8.5	-0.00208266336725917
14.125	8.5	-0.002045082595931
14.375	8.5	-0.0019832501794499
14.625	8.5	-0.00188152128352893
14.875	8.5	-0.00171416870238964
15.125	8.5	-0.00143890262026255
15.375	8.5	-0.000986254978243014
15.625	8.5	-0.000242239971411347
15.875	8.5	0.000979831727137823
16.125	8.5	0.00298480197619252
16.375	8.5	0.00626796330048968
16.625	8.5	0.0116274278116429
16.875	8.5	0.0203317734844061
17.125	8.5	0.0343517838521986
17.375	8.5	0.0566331869886883
17.625	8.5	0.0912950516960954
17.875	8.5	0.143441684313521
18.125	8.5	0.218006708072796
18.375	8.5	0.31707090976686
18.625	8.5	0.436281149443592
18.875	8.5	0.563455719335784
19.125	8.5	0.682697801520424
19.375	8.5	0.781811529621557
19.625	8.5	0.856427303122206
19.875	8.5	0.908616134559456
20.125	8.5	0.943309042124863
20.375	8.5	0.965611643767086
20.625	8.5	0.979645486011466
20.875	8.5	0.988358608917027
21.125	8.5	0.993723548896697
21.375	8.5	0.997010090243778
21.625	8.5	0.999017133306793
21.875	8.5	1.00024047071691
22.125	8.5	1.00098525621217
22.375	8.5	1.00143837163426
22.625	8.5	1.00171392089511
22.875	8.5	1.00188144424428
23.125	8.5	1.0019832755243
23.375	8.5	1.00204516875525
23.625	8.5	1.00208278508927
23.875	8.5	1.00210564577353
24.125	8.5	1.00211953840146
24.375	8.5	1.00212798069994
24.625	8.5	1.00213311064024
24.875	8.5	1.00213622757437
25.125	8.5	1.00213812116717
25.375	8.5	1.0021392713215
25.625	8.5	1.00213996968639
25.875	8.5	1.00214039350349
26.125	8.5	1.00214065048622
26.375	8.5	1.00214080609415
26.625	8.5	1.0021409001083
26.875	8.5	1.00214095670435
27.125	8.5	1.00214099057431
27.375	8.5	1.00214101064676
27.625	8.5	1.00214102234777
27.875	8.5	1.00214102897483
28.125	8.5	1.00214103253188
28.375	8.5	1.00214103423672
28.625	8.5	1.00214103482942
28.875	8.5	1.00214103475969
29.125	8.5	1.0021410343008
29.375	8.5	1.00214103361879
29.625	8.5	1.00214103281454
29.875	8.5	1.00214103194931
30.125	8.5	1.00214103106029
30.375	8.5	1.00214103017005
30.625	8.5	1.00214102929226
30.875	8.5	1.0021410284352
31.125	8.5	1.00214102760384
31.375	8.5	1.00214102680117
31.625	8.5	1.00214102602898
31.875	8.5	1.0021410252883
32.125	8.5	1.00214102457973
32.375	8.5	1.00214102390358
32.625	8.5	1.00214102326001
32.875	8.5	1.00214102264908
33.125	8.5	1.00214102207079
33.375	8.5	1.00214102152511
33.625	8.5	1.00214102101197
33.875	8.5	1.00214102053133
34.125	8.5	1.0021410200831
34.375	8.5	1.00214101966722
34.625	8.5	1.00214101928362
34.875	8.5	1.00214101893223
35.125	8.5	1.002141018613
35.375	8.5	1.00214101832585
35.625	8.5	1.00214101807075
35.875	8.5	1.00214101784765
36.125	8.5	1.00214101765649
36.375	8.5	1.00214101749726
36.625	8.5	1.0021410173699
36.875	8.5	1.00214101727441
37.125	8.5	1.00214101721076
37.375	8.5	1.00214101717894
0.125	9.5	-0.00214093550923171
0.375	9.5	-0.00214093547111128
0.625	9.5	-0.00214093539484646
0.875	9.5	-0.00214093528038935
1.125	9.5	-0.00214093512766803
1.375	9.5	-0.00214093493658654
1.625	9.5	-0.00214093470702483
1.875	9.5	-0.00214093443883864
2.125	9.5	-0.00214093413185946
2.375	9.5	-0.00214093378589428
2.625	9.5	-0.00214093340072548
2.875	9.5	-0.00214093297611052
3.125	9.5	-0.00214093251178154
3.375	9.5	-0.00214093200744479
3.625	9.5	-0.00214093146277972
3.875	9.5	-0.00214093087743767
4.125	9.5	-0.00214093025103962
4.375	9.5	-0.00214092958317282
4.625	9.5	-0.00214092887338518
4.875	9.5	-0.00214092812117619
5.125	9.5	-0.00214092732598217
5.375	9.5	-0.00214092648715208
5.625	9.5	-0.0021409256039079
5.875	9.5	-0.00214092467527949
6.125	9.5	-0.00214092369999775
6.375	9.5	-0.00214092267631879
6.625	9.5	-0.00214092160173493
6.875	9.5	-0.00214092047249924
7.125	9.5	-0.00214091928284351
7.375	9.5	-0.00214091802369148
7.625	9.5	-0.00214091668054177
7.875	9.5	-0.00214091522998452
8.125	9.5	-0.00214091363396963
8.375	9.5	-0.00214091183037558
8.625	9.5	-0.00214090971749054
8.875	9.5	-0.00214090712847642
9.125	9.5	-0.00214090378934972
9.375	9.5	-0.00214089924983925
9.625	9.5	-0.00214089276961287
9.875	9.5	-0.00214088313106381
10.125	9.5	-0.00214086833125092
10.375	9.5	-0.00214084507498644
10.625	9.5	-0.0021408079407124
10.875	9.5	-0.00214074800795077
11.125	9.5	-0.00214065059877423
11.375	9.5	-0.0021404915614009
11.625	9.5	-0.00214023115486285
11.875	9.5	-0.00213980398626632
12.125	9.5	-0.00213910245266062
12.375	9.5	-0.00213794949493053
12.625	9.5	-0.00213605376514183
12.875	9.5	-0.00213293585663599
13.125	9.5	-0.00212780692171418
13.375	9.5	-0.00211936895350489
13.625	9.5	-0.00210548619445182
13.875	9.5	-0.00208264456007453
14.125	9.5	-0.00204506244882983
14.375	9.5	-0.00198322846818878
14.625	9.5	-0.00188149766820092
14.875	9.5	-0.00171414265343146
15.125	9.5	-0.00143887329665265
15.375	9.5	-0.000986221027462164
15.625	9.5	-0.000242199202159908
15.875	9.5	0.000979882877069978
16.125	9.5	0.00298486929623317
16.375	9.5	0.00626805616159127
16.625	9.5	0.0116275612453276
16.875	9.5	0.0203319712083564
17.125	9.5	0.0343520822393673
17.375	9.5	0.0566336391513802
17.625	9.5	0.0912957287544552
17.875	9.5	0.14344266704033
18.125	9.5	0.218008058575599
18.375	9.5	0.317072619455045
18.625	9.5	0.436283090314396
18.875	9.5	0.563457660469609
19.125	9.5	0.682699511869116
19.375	9.5	0.781812880917416
19.625	9.5	0.856428286565652
19.875	9.5	0.908616812171324
20.125	9.5	0.943309494677089
20.375	9.5	0.965611942413575
20.625	9.5	0.979645683902549
20.875	9.5	0.988358742456566
21.125	9.5	0.993723641824369
21.375	9.5	0.997010157605728
21.625	9.5	0.999017184483333
21.875	9.5	1.00024051150333
22.125	9.5	1.00098529017431
22.375	9.5	1.00143840096563
22.625	9.5	1.00171394694959
22.875	9.5	1.00188146786373
23.125	9.5	1.00198329723879
23.375	9.5	1.00204518890498
23.625	9.5	1.00208280389868
23.875	9.5	1.0021056633962
24.125	9.5	1.00211955494738
24.375	9.5	1.00212799625199
24.625	9.5	1.00213312526426
24.875	9.5	1.0021362413252
25.125	9.5	1.0021381340924
25.375	9.5	1.00213928346368
25.625	9.5	1.00213998108446
25.875	9.5	1.00214040419365
26.125	9.5	1.00214066050246
26.375	9.5	1.00214081546862
26.625	9.5	1.00214090887154
26.875	9.5	1.00214096488544
27.125	9.5	1.00214099820101
27.375	9.5	1.0021410177456
27.625	9.5	1.0021410289441
27.875	9.5	1.00214103509292
28.125	9.5	1.00214103819495
28.375	9.5	1.00214103946701
28.625	9.5	1.00214103964821
28.875	9.5	1.00214103918736
29.125	9.5	1.00214103835689
29.375	9.5	1.00214103732202
29.625	9.5	1.00214103618283
29.875	9.5	1.00214103499985
30.125	9.5	1.00214103380958
30.375	9.5	1.00214103263389
30.625	9.5	1.00214103148582
30.875	9.5	1.00214103037304
31.125	9.5	1.00214102929995
31.375	9.5	1.002141028269
31.625	9.5	1.00214102728143
31.875	9.5	1.0021410263378
32.125	9.5	1.00214102543824
32.375	9.5	1.00214102458261
32.625	9.5	1.00214102377067
32.875	9.5	1.00214102300209
33.125	9.5	1.00214102227649
33.375	9.5	1.0021410215935
33.625	9.5	1.00214102095274
33.875	9.5	1.00214102035385
34.125	9.5	1.00214101979648
34.375	9.5	1.0021410192803
34.625	9.5	1.00214101880501
34.875	9.5	1.00214101837033
35.125	9.5	1.00214101797598
35.375	9.5	1.00214101762175
35.625	9.5	1.00214101730741
35.875	9.5	1.00214101703277
36.125	9.5	1.00214101679768
36.375	9.5	1.00214101660199
36.625	9.5	1.00214101644557
36.875	9.5	1.00214101632835
37.125	9.5	1.00214101625024
37.375	9.5	1.00214101621119
0.125	10.5	-0.00214093710645388
0.375	10.5	-0.00214093706150042
0.625	10.5	-0.00214093697155238
0.875	10.5	-0.00214093683652749
1.125	10.5	-0.00214093665630219
1.375	10.5	-0.00214093643071155
1.625	10.5	-0.00214093615954906
1.875	10.5	-0.00214093584256635
2.125	10.5	-0.00214093547947298
2.375	10.5	-0.00214093506993599
2.625	10.5	-0.00214093461357949
2.875	10.5	-0.00214093410998409
3.125	10.5	-0.00214093355868617
3.375	10.5	-0.00214093295917698
3.625	10.5	-0.00214093231090135
3.875	10.5	-0.00214093161325587
4.125	10.5	-0.00214093086558631
4.375	10.5	-0.00214093006718366
4.625	10.5	-0.00214092921727801
4.875	10.5	-0.00214092831502894
5.125	10.5	-0.00214092735951008
5.375	10.5	-0.00214092634968435
5.625	10.5	-0.00214092528436358
5.875	10.5	-0.00214092416214272
6.125	10.5	-0.00214092298129209
6.375	10.5	-0.00214092173958086
6.625	10.5	-0.00214092043398708
6.875	10.5	-0.00214091906022138
7.125	10.5	-0.00214091761194391
7.375	10.5	-0.00214091607947653
7.625	10.5	-0.00214091444768477
7.875	10.5	-0.0021409126924932
8.125	10.5	-0.00214091077515258
8.375	10.5	-0.00214090863280735
8.625	10.5	-0.00214090616297548
8.875	10.5	-0.00214090319801102
9.125	10.5	-0.00214089946308349
9.375	10.5	-0.00214089450703393
9.625	10.5	-0.00214088758859984
9.875	10.5	-0.00214087748919949
10.125	10.5	-0.00214086220486968
10.375	10.5	-0.00214083843935066
10.625	10.5	-0.00214080076995867
10.875	10.5	-0.00214074027503085
11.125	10.5	-0.00214064227538855
11.375	10.5	-0.00214048261792064
11.625	10.5	-0.00214022156023438
11.875	10.5	-0.00213979370788736
12.125	10.5	-0.00213909145621055
12.375	10.5	-0.00213793774412531
12.625	10.5	-0.00213604122136452
12.875	10.5	-0.00213292247836091
13.125	10.5	-0.00212779266358788
13.375	10.5	-0.00211935376485628
13.625	10.5	-0.00210547001685204
13.875	10.5	-0.00208262732331554
14.125	10.5	-0.00204504406427335
14.375	10.5	-0.00198320881774626
14.625	10.5	-0.00188147658606474
14.875	10.5	-0.00171411989580324
15.125	10.5	-0.00143884849165218
15.375	10.5	-0.000986193592448258
15.625	10.5	-0.00024216820781906
15.875	10.5	0.000979918928680407
16.125	10.5	0.00298491283033003
16.375	10.5	0.00626811110007237
16.625	10.5	0.0116276338841094
16.875	10.5	0.0203320714988962
17.125	10.5	0.034352225477021
17.375	10.5	0.0566338477247859
17.625	10.5	0.09129603271733
17.875	10.5	0.143443100611721
18.125	10.5	0.218008648151179
18.375	10.5	0.317073361485145
18.625	10.5	0.436283930518854
18.875	10.5	0.563458500784559
19.125	10.5	0.682700254176563
19.375	10.5	0.781813470825752
19.625	10.5	0.856428720437507
19.875	10.5	0.908617116366177
20.125	10.5	0.943309703413833
20.375	10.5	0.965612085760205
20.625	10.5	0.979645784263678
20.875	10.5	0.988358815140483
21.125	10.5	0.993723696791701
21.375	10.5	0.997010201158464
21.625	10.5	0.999017220547244
21.875	10.5	1.00024054250605
22.125	10.5	1.00098531761526
22.375	10.5	1.00143842577505
22.625	10.5	1.00171396971065
22.875	10.5	1.00188148894866
23.125	10.5	1.00198331689159
23.375	10.5	1.00204520729158
23.625	10.5	1.00208282113725
23.875	10.5	1.00210567957542
24.125	10.5	1.00211957013749
24.375	10.5	1.00212801051145
24.625	10.5	1.00213313864374
24.875	10.5	1.00213625387007
25.125	10.5	1.00213814584419
25.375	10.5	1.00213929446101
25.625	10.5	1.00213999136362
25.875	10.5	1.00214041378896
26.125	10.5	1.00214066944654
26.375	10.5	1.00214082379251
26.625	10.5	1.00214091660488
26.875	10.5	1.00214097205654
27.125	10.5	1.00214100483692
27.375	10.5	1.00214102387217
27.625	10.5	1.00214103458609
27.875	10.5	1.00214104027399
28.125	10.5	1.00214104293775
28.375	10.5	1.0021410437932
28.625	10.5	1.00214104357854
28.875	10.5	1.00214104274168
29.125	10.5	1.00214104155421
29.375	10.5	1.00214104018053
29.625	10.5	1.00214103871997
29.875	10.5	1.00214103723231
30.125	10.5	1.00214103575334
30.375	10.5	1.00214103430429
30.625	10.5	1.00214103289756
30.875	10.5	1.00214103154021
31.125	10.5	1.00214103023608
31.375	10.5	1.00214102898705
31.625	10.5	1.00214102779388
31.875	10.5	1.00214102665663
32.125	10.5	1.00214102557496
32.375	10.5	1.00214102454831
32.625	10.5	1.00214102357602
32.875	10.5	1.00214102265737
33.125	10.5	1.00214102179163
33.375	10.5	1.00214102097808
33.625	10.5	1.00214102021603
33.875	10.5	1.00214101950482
34.125	10.5	1.00214101884382
34.375	10.5	1.00214101823245
34.625	10.5	1.00214101767017
34.875	10.5	1.00214101715649
35.125	10.5	1.00214101669095
35.375	10.5	1.00214101627313
35.625	10.5	1.00214101590266
35.875	10.5	1.00214101557922
36.125	10.5	1.00214101530252
36.375	10.5	1.00214101507231
36.625	10.5	1.00214101488839
36.875	10.5	1.00214101475059
37.125	10.5	1.00214101465879
37.375	10.5	1.00214101461291
0.125	11.5	-0.00214093944814848
0.375	11.5	-0.00214093939703355
0.625	11.5	-0.00214093929474612
0.875	11.5	-0.00214093914117097
1.125	11.5	-0.00214093893613508
1.375	11.5	-0.00214093867940739
1.625	11.5	-0.00214093837069852
1.875	11.5	-0.00214093800966034
2.125	11.5	-0.00214093759588554
2.375	11.5	-0.002140937128907
2.625	11.5	-0.00214093660819713
2.875	11.5	-0.00214093603316702
3.125	11.5	-0.00214093540316541
3.375	11.5	-0.00214093471747744
3.625	11.5	-0.00214093397532297
3.875	11.5	-0.00214093317585441
4.125	11.5	-0.00214093231815363
4.375	11.5	-0.00214093140122756
4.625	11.5	-0.00214093042400155
4.875	11.5	-0.00214092938530919
5.125	11.5	-0.00214092828387634
5.375	11.5	-0.00214092711829567
5.625	11.5	-0.00214092588698565
5.875	11.5	-0.00214092458812403
6.125	11.5	-0.00214092321953938
6.375	11.5	-0.00214092177853375
6.625	11.5	-0.00214092026159185
6.875	11.5	-0.00214091866390389
7.125	11.5	-0.00214091697858156
7.375	11.5	-0.00214091519536933
7.625	11.5	-0.00214091329852523
7.875	11.5	-0.00214091126333529
8.125	11.5	-0.00214090905037953
8.375	11.5	-0.00214090659609825
8.625	11.5	-0.00214090379727071
8.875	11.5	-0.00214090048547648
9.125	11.5	-0.00214089638507353
9.375	11.5	-0.00214089104405317
9.625	11.5	-0.00214088372026379
9.875	11.5	-0.00214087319419422
10.125	11.5	-0.00214085746091088
10.375	11.5	-0.00214083322314254
10.625	11.5	-0.00214079505715375
10.875	11.5	-0.00214073404019206
11.125	11.5	-0.00214063549195626
11.375	11.5	-0.00214047525818879
11.625	11.5	-0.00214021359534252
11.875	11.5	-0.00213978510783964
12.125	11.5	-0.0021390821899397
12.375	11.5	-0.00213792777963089
12.625	11.5	-0.00213603052597285
12.875	11.5	-0.00213291101918362
13.125	11.5	-0.00212778040830413
13.375	11.5	-0.00211934068302131
13.625	11.5	-0.00210545608206119
13.875	11.5	-0.00208261251675798
14.125	11.5	-0.00204502838054282
14.375	11.5	-0.00198319227431682
14.625	11.5	-0.00188145923871517
14.875	11.5	-0.00171410186368948
15.125	11.5	-0.00143882999800263
15.375	11.5	-0.000986175030482882
15.625	11.5	-0.000242150247175804
15.875	11.5	0.000979935171077993
16.125	11.5	0.00298492551857764
16.375	11.5	0.0062681172544345
16.625	11.5	0.0116276287359698
16.875	11.5	0.0203320475625831
17.125	11.5	0.0343521713481761
17.375	11.5	0.0566337468708571
17.625	11.5	0.0912958631651489
17.875	11.5	0.143442837597833
18.125	11.5	0.218008272821768
18.375	11.5	0.317072876674402
18.625	11.5	0.436283375355467
18.875	11.5	0.563457945541488
19.125	11.5	0.682699769165381
19.375	11.5	0.781813095255
19.625	11.5	0.856428457204861
19.875	11.5	0.90861694664467
20.125	11.5	0.943309602440796
20.375	11.5	0.965612031552501
20.625	11.5	0.97964576027726
20.875	11.5	0.988358809961515
21.125	11.5	0.993723702927681
21.375	11.5	0.997010213836182
21.625	11.5	0.999017236783982
21.875	11.5	1.00024056046401
22.125	11.5	1.00098533617634
22.375	11.5	1.00143844426887
22.625	11.5	1.00171398774355
22.875	11.5	1.00188150629711
23.125	11.5	1.00198333343627
23.375	11.5	1.00204522297661
23.625	11.5	1.00208283594508
23.875	11.5	1.00210569351144
24.125	11.5	1.00211958322047
24.375	11.5	1.00212802276779
24.625	11.5	1.00213315010387
24.875	11.5	1.00213626456633
25.125	11.5	1.00213815580945
25.375	11.5	1.00213930372795
25.625	11.5	1.00213999996424
25.875	11.5	1.00214042175434
26.125	11.5	1.00214067680666
26.375	11.5	1.00214083057625
26.625	11.5	1.00214092283994
26.875	11.5	1.00214097776949
27.125	11.5	1.00214101005319
27.375	11.5	1.00214102861612
27.625	11.5	1.00214103888101
27.875	11.5	1.00214104414218
28.125	11.5	1.00214104640051
28.375	11.5	1.00214104687094
28.625	11.5	1.00214104629073
28.875	11.5	1.00214104510699
29.125	11.5	1.00214104359047
29.375	11.5	1.0021410419048
29.625	11.5	1.00214104014857
29.875	11.5	1.00214103838086
30.125	11.5	1.0021410366368
30.375	11.5	1.00214103493696
30.625	11.5	1.00214103329314
30.875	11.5	1.00214103171183
31.125	11.5	1.0021410301963
31.375	11.5	1.00214102874795
31.625	11.5	1.00214102736701
31.875	11.5	1.00214102605309
32.125	11.5	1.00214102480539
32.375	11.5	1.00214102362296
32.625	11.5	1.00214102250473
32.875	11.5	1.00214102144961
33.125	11.5	1.00214102045653
33.375	11.5	1.00214101952443
33.625	11.5	1.00214101865233
33.875	11.5	1.00214101783927
34.125	11.5	1.00214101708437
34.375	11.5	1.00214101638681
34.625	11.5	1.00214101574582
34.875	11.5	1.00214101516069
35.125	11.5	1.00214101463078
35.375	11.5	1.00214101415551
35.625	11.5	1.00214101373435
35.875	11.5	1.00214101336685
36.125	11.5	1.00214101305259
36.375	11.5	1.00214101279124
36.625	11.5	1.00214101258251
36.875	11.5	1.00214101242615
37.125	11.5	1.00214101232202
37.375	11.5	1.00214101226998
0.125	12.5	-0.00214094263740302
0.375	12.5	-0.00214094258107075
0.625	12.5	-0.00214094246833341
0.875	12.5	-0.00214094229904524
1.125	12.5	-0.00214094207298739
1.375	12.5	-0.00214094178986755
1.625	12.5	-0.00214094144931954
1.875	12.5	-0.00214094105090281
2.125	12.5	-0.00214094059410174
2.375	12.5	-0.00214094007832491
2.625	12.5	-0.00214093950290414
2.875	12.5	-0.00214093886709341
3.125	12.5	-0.00214093817006757
3.375	12.5	-0.0021409374109207
3.625	12.5	-0.00214093658866415
3.875	12.5	-0.00214093570222395
4.125	12.5	-0.00214093475043733
4.375	12.5	-0.00214093373204784
4.625	12.5	-0.00214093264569828
4.875	12.5	-0.00214093148991994
5.125	12.5	-0.00214093026311614
5.375	12.5	-0.00214092896353615
5.625	12.5	-0.00214092758923355
5.875	12.5	-0.00214092613799909
6.125	12.5	-0.00214092460725151
6.375	12.5	-0.00214092299385942
6.625	12.5	-0.00214092129384975
6.875	12.5	-0.00214091950192976
7.125	12.5	-0.00214091761070214
7.375	12.5	-0.00214091560937541
7.625	12.5	-0.00214091348164377
7.875	12.5	-0.00214091120220057
8.125	12.5	-0.00214090873100326
8.375	12.5	-0.00214090600383869
8.625	12.5	-0.00214090291680079
8.875	12.5	-0.00214089930075091
9.125	12.5	-0.00214089487929507
9.375	12.5	-0.00214088919963825
9.625	12.5	-0.00214088151880782
9.875	12.5	-0.0021408706164373
10.125	12.5	-0.00214085448670494
10.375	12.5	-0.00214082983142182
10.625	12.5	-0.00214079122591163
10.875	12.5	-0.00214072974646939
11.125	12.5	-0.00214063071184936
11.375	12.5	-0.00214046996689104
11.625	12.5	-0.00214020776724178
11.875	12.5	-0.00213977871670859
12.125	12.5	-0.00213907520927955
12.375	12.5	-0.00213792018326753
12.625	12.5	-0.00213602228906818
12.875	12.5	-0.00213290211992858
13.125	12.5	-0.0021277708307304
13.375	12.5	-0.00211933042164791
13.625	12.5	-0.00210544514955033
13.875	12.5	-0.00208260095650452
14.125	12.5	-0.00204501628735068
14.375	12.5	-0.0019831798283257
14.625	12.5	-0.00188144676102352
14.875	12.5	-0.00171408990746224
15.125	12.5	-0.00143881949750029
15.375	12.5	-0.000986167544314201
15.625	12.5	-0.000242148353947676
15.875	12.5	0.000979927233033446
16.125	12.5	0.00298490082710656
16.375	12.5	0.00626806459184412
16.625	12.5	0.0116275301265558
16.875	12.5	0.0203318747063507
17.125	12.5	0.0343518809686534
17.375	12.5	0.0566332759723096
17.625	12.5	0.0912951276631899
17.875	12.5	0.14344174231062
18.125	12.5	0.218006744869165
18.375	12.5	0.317070926507601
18.625	12.5	0.436281153622784
18.875	12.5	0.56345572349843
19.125	12.5	0.682697818218522
19.375	12.5	0.781811566364487
19.625	12.5	0.856427361068762
19.875	12.5	0.908616210486235
20.125	12.5	0.943309131080165
20.375	12.5	0.965611740865954
20.625	12.5	0.979645587224259
20.875	12.5	0.988358711228922
21.125	12.5	0.99372365018926
21.375	12.5	0.997010189098678
21.625	12.5	0.999017228818402
21.875	12.5	1.00024056234108
22.125	12.5	1.00098534365329
22.375	12.5	1.00143845476436
22.625	12.5	1.00171399969728
22.875	12.5	1.0018815187738
23.125	12.5	1.00198334588212
23.375	12.5	1.00204523507015
23.625	12.5	1.00208284750593
23.875	12.5	1.00210570444465
24.125	12.5	1.00211959348257
24.375	12.5	1.00212803234606
24.625	12.5	1.00213315900376
24.875	12.5	1.00213627280379
25.125	12.5	1.00213816340628
25.375	12.5	1.00213931070899
25.625	12.5	1.00214000635567
25.875	12.5	1.00214042758264
26.125	12.5	1.00214068209808
26.375	12.5	1.00214083535639
26.625	12.5	1.00214092713362
26.875	12.5	1.00214098160061
27.125	12.5	1.00214101344471
27.375	12.5	1.00214103159006
27.625	12.5	1.00214104145843
27.875	12.5	1.00214104634323
28.125	12.5	1.00214104824446
28.375	12.5	1.00214104837618
28.625	12.5	1.00214104747487
28.875	12.5	1.00214104598681
29.125	12.5	1.00214104418202
29.375	12.5	1.00214104222341
29.625	12.5	1.00214104020889
29.875	12.5	1.00214103819689
30.125	12.5	1.00214103622189
30.375	12.5	1.00214103430389
30.625	12.5	1.00214103245413
30.875	12.5	1.00214103067855
31.125	12.5	1.00214102897992
31.375	12.5	1.00214102735915
31.625	12.5	1.00214102581602
31.875	12.5	1.00214102434969
32.125	12.5	1.00214102295897
32.375	12.5	1.00214102164252
32.625	12.5	1.00214102039889
32.875	12.5	1.00214101922666
33.125	12.5	1.00214101812443
33.375	12.5	1.00214101709085
33.625	12.5	1.00214101612464
33.875	12.5	1.00214101522459
34.125	12.5	1.00214101438958
34.375	12.5	1.00214101361854
34.625	12.5	1.00214101291051
34.875	12.5	1.00214101226459
35.125	12.5	1.00214101167995
35.375	12.5	1.00214101115588
35.625	12.5	1.00214101069169
35.875	12.5	1.0021410102868
36.125	12.5	1.00214100994069
36.375	12.5	1.00214100965294
36.625	12.5	1.00214100942318
36.875	12.5	1.00214100925111
37.125	12.5	1.00214100913652
37.375	12.5	1.00214100907926
0.125	13.5	-0.00214094676176633
0.375	13.5	-0.00214094670141347
0.625	13.5	-0.00214094658062135
0.875	13.5	-0.00214094639921709
1.125	13.5	-0.002140946156941
1.375	13.5	-0.00214094585344623
1.625	13.5	-0.00214094548829825
1.875	13.5	-0.00214094506097419
2.125	13.5	-0.00214094457086201
2.375	13.5	-0.00214094401725959
2.625	13.5	-0.00214094339937355
2.875	13.5	-0.00214094271631796
3.125	13.5	-0.00214094196711272
3.375	13.5	-0.00214094115068177
3.625	13.5	-0.00214094026585065
3.875	13.5	-0.0021409393113437
4.125	13.5	-0.00214093828578012
4.375	13.5	-0.00214093718766873
4.625	13.5	-0.00214093601540045
4.875	13.5	-0.00214093476723707
5.125	13.5	-0.00214093344129431
5.375	13.5	-0.00214093203551519
5.625	13.5	-0.00214093054762786
5.875	13.5	-0.00214092897507782
6.125	13.5	-0.00214092731491814
6.375	13.5	-0.00214092556363064
6.625	13.5	-0.00214092371683372
6.875	13.5	-0.00214092176880352
7.125	13.5	-0.00214091971168832
7.375	13.5	-0.00214091753421811
7.625	13.5	-0.00214091521958367
7.875	13.5	-0.00214091274194908
8.125	13.5	-0.00214091006071588
8.375	13.5	-0.00214090711108756
8.625	13.5	-0.00214090378854637
8.875	13.5	-0.00214089992331308
9.125	13.5	-0.00214089523832377
9.375	13.5	-0.00214088928008412
9.625	13.5	-0.00214088130489351
9.875	13.5	-0.00214087009163072
10.125	13.5	-0.00214085363369638
10.375	13.5	-0.00214082863210834
10.625	13.5	-0.00214078966139415
10.875	13.5	-0.00214072779707158
11.125	13.5	-0.00214062835717332
11.375	13.5	-0.00214046718593419
11.625	13.5	-0.0021402045386155
11.875	13.5	-0.00213977501902479
12.125	13.5	-0.00213907102181417
12.375	13.5	-0.00213791548708005
12.625	13.5	-0.00213601706887097
12.875	13.5	-0.00213289636718906
13.125	13.5	-0.00212776454879893
13.375	13.5	-0.00211932363421403
13.625	13.5	-0.00210543791456579
13.875	13.5	-0.00208259338908471
14.125	13.5	-0.0020450085974167
14.375	13.5	-0.00198317238243793
14.625	13.5	-0.00188144018388731
14.875	13.5	-0.00171408524841329
15.125	13.5	-0.00143881850320119
15.375	13.5	-0.000986173104453202
15.625	13.5	-0.000242165227087444
15.875	13.5	0.000979891244415373
16.125	13.5	0.00298483299343505
16.375	13.5	0.0062679442895094
16.625	13.5	0.0116273243001246
16.875	13.5	0.0203315312896856
17.125	13.5	0.0343513202921013
17.375	13.5	0.0566323819843812
17.625	13.5	0.0912937453528517
17.875	13.5	0.143439696079691
18.125	13.5	0.218003900135982
18.375	13.5	0.317067302414004
18.625	13.5	0.436277028165083
18.875	13.5	0.563451597453637
19.125	13.5	0.68269419264957
19.375	13.5	0.78180871985773
19.625	13.5	0.856425313232898
19.875	13.5	0.908614826934826
20.125	13.5	0.943308236218496
20.375	13.5	0.965611179608465
20.625	13.5	0.979645243434713
20.875	13.5	0.988358505168392
21.125	13.5	0.993723529742072
21.375	13.5	0.997010121176305
21.625	13.5	0.999017192775944
21.875	13.5	1.00024054543555
22.125	13.5	1.00098533807389
22.375	13.5	1.00143845574739
22.625	13.5	1.00171400434989
22.875	13.5	1.0018815253474
23.125	13.5	1.00198335332619
23.375	13.5	1.00204524275927
23.625	13.5	1.00208285507311
23.875	13.5	1.00210571167969
24.125	13.5	1.0021196002702
24.375	13.5	1.00212803862823
24.625	13.5	1.00213316475673
24.875	13.5	1.00213627802417
25.125	13.5	1.00213816810259
25.375	13.5	1.0021393148965
25.625	13.5	1.00214001005332
25.875	13.5	1.00214043081115
26.125	13.5	1.00214068487884
26.375	13.5	1.00214083771079
26.625	13.5	1.00214092908266
26.875	13.5	1.00214098316469
27.125	13.5	1.00214101464352
27.375	13.5	1.00214103244249
27.625	13.5	1.00214104198259
27.875	13.5	1.00214104655643
28.125	13.5	1.00214104816325
28.375	13.5	1.00214104801633
28.625	13.5	1.00214104685142
28.875	13.5	1.00214104511413
29.125	13.5	1.00214104307379
29.375	13.5	1.00214104089267
29.625	13.5	1.00214103866806
29.875	13.5	1.00214103645782
30.125	13.5	1.00214103429588
30.375	13.5	1.0021410322017
30.625	13.5	1.00214103018601
30.875	13.5	1.00214102825428
31.125	13.5	1.00214102640884
31.375	13.5	1.00214102465013
31.625	13.5	1.00214102297756
31.875	13.5	1.00214102138988
32.125	13.5	1.00214101988556
32.375	13.5	1.00214101846287
32.625	13.5	1.00214101712008
32.875	13.5	1.00214101585545
33.125	13.5	1.00214101466727
33.375	13.5	1.00214101355395
33.625	13.5	1.00214101251395
33.875	13.5	1.00214101154582
34.125	13.5	1.00214101064821
34.375	13.5	1.00214100981988
34.625	13.5	1.00214100905965
34.875	13.5	1.00214100836648
35.125	13.5	1.00214100773937
35.375	13.5	1.00214100717746
35.625	13.5	1.00214100667995
35.875	13.5	1.00214100624615
36.125	13.5	1.00214100587544
36.375	13.5	1.00214100556731
36.625	13.5	1.00214100532133
36.875	13.5	1.00214100513714
37.125	13.5	1.00214100501449
37.375	13.5	1.00214100495321
0.125	14.5	-0.00214095188906282
0.375	14.5	-0.00214095182611108
0.625	14.5	-0.00214095170010973
0.875	14.5	-0.00214095151086289
1.125	14.5	-0.00214095125807637
1.375	14.5	-0.00214095094135718
1.625	14.5	-0.00214095056021297
1.875	14.5	-0.00214095011405121
2.125	14.5	-0.0021409496021783
2.375	14.5	-0.00214094902379841
2.625	14.5	-0.00214094837801223
2.875	14.5	-0.00214094766381537
3.125	14.5	-0.00214094688009661
3.375	14.5	-0.00214094602563576
3.625	14.5	-0.00214094509910104
3.875	14.5	-0.00214094409904591
4.125	14.5	-0.00214094302390487
4.375	14.5	-0.00214094187198782
4.625	14.5	-0.00214094064147215
4.875	14.5	-0.00214093933039119
5.125	14.5	-0.00214093793661674
5.375	14.5	-0.00214093645783205
5.625	14.5	-0.00214093489148915
5.875	14.5	-0.0021409332347405
6.125	14.5	-0.00214093148432875
6.375	14.5	-0.00214092963640729
6.625	14.5	-0.00214092768624748
6.875	14.5	-0.0021409256277592
7.125	14.5	-0.00214092345270458
7.375	14.5	-0.00214092114940687
7.625	14.5	-0.00214091870062883
7.875	14.5	-0.00214091608008459
8.125	14.5	-0.00214091324670306
8.375	14.5	-0.00214091013519183
8.625	14.5	-0.00214090664051345
8.875	14.5	-0.00214090259234492
9.125	14.5	-0.00214089771305454
9.375	14.5	-0.00214089154855687
9.625	14.5	-0.00214088335453871
9.875	14.5	-0.00214087190924833
10.125	14.5	-0.00214085520544457
10.375	14.5	-0.00214082994350376
10.625	14.5	-0.00214079069733192
10.875	14.5	-0.00214072854187857
11.125	14.5	-0.00214062879471676
11.375	14.5	-0.0021404672998223
11.625	14.5	-0.00214020431254999
11.875	14.5	-0.00213977443740412
12.125	14.5	-0.00213907007074971
12.375	14.5	-0.00213791415609201
12.625	14.5	-0.00213601535370271
12.875	14.5	-0.00213289427446056
13.125	14.5	-0.0021277621036845
13.375	14.5	-0.00211932089309172
13.625	14.5	-0.00210543498583905
13.875	14.5	-0.00208259046743442
14.125	14.5	-0.0020450060201189
14.375	14.5	-0.00198317072191781
14.625	14.5	-0.00188144039973616
14.875	14.5	-0.00171408893685925
15.125	14.5	-0.00143882830596138
15.375	14.5	-0.00098619337733203
15.625	14.5	-0.00024220312940064
15.875	14.5	0.000979823985353163
16.125	14.5	0.00298471725312889
16.375	14.5	0.00626774908696456
16.625	14.5	0.0116269999746106
16.875	14.5	0.0203309996040818
17.125	14.5	0.0343504615000438
17.375	14.5	0.0566310216069052
17.625	14.5	0.0912916502685142
17.875	14.5	0.143436602125004
18.125	14.5	0.217999604768966
18.375	14.5	0.317061834335378
18.625	14.5	0.43627080561221
18.875	14.5	0.563445373982986
19.125	14.5	0.682688722264683
19.375	14.5	0.781804421718483
19.625	14.5	0.856422216769753
19.875	14.5	0.908612729910785
20.125	14.5	0.943306874475319
20.375	14.5	0.965610319908121
20.625	14.5	0.979644711165761
20.875	14.5	0.988358180476219
21.125	14.5	0.993723334312183
21.375	14.5	0.9970100052963
21.625	14.5	0.999017125431597
21.875	14.5	1.00024050748146
22.125	14.5	1.00098531776975
22.375	14.5	1.00143844592586
22.625	14.5	1.00171400065028
22.875	14.5	1.00188152512497
23.125	14.5	1.00198335498288
23.375	14.5	1.00204524533437
23.625	14.5	1.00208285799351
23.875	14.5	1.0021057146077
24.125	14.5	1.00211960301089
24.375	14.5	1.00212804107304
24.625	14.5	1.0021331668492
24.875	14.5	1.00213627973907
25.125	14.5	1.00213816943326
25.375	14.5	1.00213931584719
25.625	14.5	1.0021400106345
25.875	14.5	1.00214043103671
26.125	14.5	1.00214068476437
26.375	14.5	1.0021408372726
26.625	14.5	1.00214092833713
26.875	14.5	1.00214098212796
27.125	14.5	1.00214101333126
27.375	14.5	1.00214103086982
27.625	14.5	1.00214104016399
27.875	14.5	1.00214104450574
28.125	14.5	1.00214104589366
28.375	14.5	1.00214104554043
28.625	14.5	1.00214104418118
28.875	14.5	1.0021410422609
29.125	14.5	1.00214104004837
29.375	14.5	1.00214103770533
29.625	14.5	1.00214103532853
29.875	14.5	1.00214103297534
30.125	14.5	1.00214103067921
30.375	14.5	1.00214102845917
30.625	14.5	1.00214102632551
30.875	14.5	1.00214102428329
31.125	14.5	1.00214102233445
31.375	14.5	1.00214102047909
31.625	14.5	1.00214101871623
31.875	14.5	1.00214101704434
32.125	14.5	1.00214101546153
32.375	14.5	1.00214101396582
32.625	14.5	1.00214101255517
32.875	14.5	1.0021410112276
33.125	14.5	1.00214100998116
33.375	14.5	1.00214100881401
33.625	14.5	1.00214100772442
33.875	14.5	1.00214100671072
34.125	14.5	1.0021410057714
34.375	14.5	1.00214100490503
34.625	14.5	1.00214100411028
34.875	14.5	1.00214100338595
35.125	14.5	1.00214100273093
35.375	14.5	1.00214100214423
35.625	14.5	1.00214100162496
35.875	14.5	1.00214100117231
36.125	14.5	1.0021410007856
36.375	14.5	1.00214100046424
36.625	14.5	1.00214100020774
36.875	14.5	1.00214100001571
37.125	14.5	1.00214099988785
37.375	14.5	1.00214099982397
0.125	15.5	-0.00214095806366308
0.375	15.5	-0.00214095799972458
0.625	15.5	-0.00214095787174071
0.875	15.5	-0.00214095767949752
1.125	15.5	-0.00214095742267368
1.375	15.5	-0.00214095710083994
1.625	15.5	-0.00214095671345847
1.875	15.5	-0.002140956259882
2.125	15.5	-0.00214095573935275
2.375	15.5	-0.00214095515100121
2.625	15.5	-0.00214095449384467
2.875	15.5	-0.00214095376678554
3.125	15.5	-0.00214095296860933
3.375	15.5	-0.00214095209798238
3.625	15.5	-0.00214095115344896
3.875	15.5	-0.00214095013342788
4.125	15.5	-0.002140949036208
4.375	15.5	-0.00214094785994232
4.625	15.5	-0.00214094660263978
4.875	15.5	-0.00214094526215335
5.125	15.5	-0.00214094383616222
5.375	15.5	-0.0021409423221444
5.625	15.5	-0.00214094071733362
5.875	15.5	-0.00214093901865064
6.125	15.5	-0.00214093722259249
6.375	15.5	-0.00214093532505257
6.625	15.5	-0.00214093332102739
6.875	15.5	-0.00214093120413664
7.125	15.5	-0.00214092896583632
7.375	15.5	-0.00214092659412716
7.625	15.5	-0.0021409240714324
7.875	15.5	-0.00214092137110913
8.125	15.5	-0.00214091845171124
8.375	15.5	-0.00214091524755295
8.625	15.5	-0.00214091165318486
8.875	15.5	-0.00214090749785349
9.125	15.5	-0.00214090250347883
9.375	15.5	-0.00214089621551076
9.625	15.5	-0.00214088788915803
9.875	15.5	-0.00214087630218288
10.125	15.5	-0.00214085944685971
10.375	15.5	-0.00214083402309814
10.625	15.5	-0.00214079460438246
10.875	15.5	-0.00214073226533087
11.125	15.5	-0.00214063232335086
11.375	15.5	-0.00214047062254299
11.625	15.5	-0.00214020741888278
11.875	15.5	-0.00213977731832997
12.125	15.5	-0.00213907272009783
12.375	15.5	-0.00213791657285107
12.625	15.5	-0.00213601754584312
12.875	15.5	-0.00213289626524274
13.125	15.5	-0.00212776394205598
13.375	15.5	-0.00211932267080859
13.625	15.5	-0.00210543686564479
13.875	15.5	-0.00208259272941746
14.125	15.5	-0.00204500913794828
14.375	15.5	-0.00198317548816279
14.625	15.5	-0.00188144813175887
14.875	15.5	-0.00171410181480204
15.125	15.5	-0.00143884992683551
15.375	15.5	-0.000986229661390842
15.625	15.5	-0.000242263797416998
15.875	15.5	0.000979723018769545
16.125	15.5	0.00298455004111265
16.375	15.5	0.00626747359887677
16.625	15.5	0.0116265488344132
16.875	15.5	0.0203302666537445
17.125	15.5	0.0343492842357785
17.375	15.5	0.0566291632123345
17.625	15.5	0.0912887942817065
17.875	15.5	0.143432389882097
18.125	15.5	0.217993761204835
18.375	15.5	0.317054398331898
18.625	15.5	0.436262345026199
18.875	15.5	0.563436912085002
19.125	15.5	0.682681282964492
19.375	15.5	0.781798574191785
19.625	15.5	0.856418000941536
19.875	15.5	0.908609871151709
20.125	15.5	0.943305014128844
20.375	15.5	0.965609141345565
20.625	15.5	0.979643977381359
20.875	15.5	0.988357728811479
21.125	15.5	0.99372305849852
21.375	15.5	0.997009837883867
21.625	15.5	0.999017024342301
21.875	15.5	1.00024044673858
22.125	15.5	1.00098528144014
22.375	15.5	1.00143842427733
22.625	15.5	1.00171398775555
22.875	15.5	1.00188151738275
23.125	15.5	1.00198335021041
23.375	15.5	1.00204524221269
23.625	15.5	1.00208285572908
23.875	15.5	1.00210571272627
24.125	15.5	1.002119601232
24.375	15.5	1.00212803923374
24.625	15.5	1.00213316485761
24.875	15.5	1.00213627754615
25.125	15.5	1.00213816701571
25.375	15.5	1.00213931319702
25.625	15.5	1.00214000775269
25.875	15.5	1.00214042792944
26.125	15.5	1.00214068144064
26.375	15.5	1.00214083374289
26.625	15.5	1.00214092461254
26.875	15.5	1.00214097821971
27.125	15.5	1.00214100925041
27.375	15.5	1.00214102662708
27.625	15.5	1.00214103576967
27.875	15.5	1.00214103996969
28.125	15.5	1.00214104122523
28.375	15.5	1.00214104074848
28.625	15.5	1.00214103927409
28.875	15.5	1.00214103724661
29.125	15.5	1.00214103493435
29.375	15.5	1.00214103249862
29.625	15.5	1.00214103003577
29.875	15.5	1.00214102760276
30.125	15.5	1.00214102523269
30.375	15.5	1.00214102294421
30.625	15.5	1.00214102074727
30.875	15.5	1.00214101864662
31.125	15.5	1.00214101664389
31.375	15.5	1.00214101473888
31.625	15.5	1.00214101293036
31.875	15.5	1.0021410112165
32.125	15.5	1.00214100959521
32.375	15.5	1.00214100806424
32.625	15.5	1.00214100662136
32.875	15.5	1.00214100526436
33.125	15.5	1.00214100399112
33.375	15.5	1.00214100279962
33.625	15.5	1.00214100168792
33.875	15.5	1.00214100065425
34.125	15.5	1.00214099969692
34.375	15.5	1.00214099881437
34.625	15.5	1.00214099800515
34.875	15.5	1.00214099726795
35.125	15.5	1.00214099660156
35.375	15.5	1.00214099600488
35.625	15.5	1.00214099547695
35.875	15.5	1.00214099501688
36.125	15.5	1.00214099462393
36.375	15.5	1.00214099429745
36.625	15.5	1.00214099403691
36.875	15.5	1.00214099384188
37.125	15.5	1.00214099371203
37.375	15.5	1.00214099364717
0.125	16.5	-0.00214096530332515
0.375	16.5	-0.00214096524016187
0.625	16.5	-0.00214096511372216
0.875	16.5	-0.00214096492377954
1.125	16.5	-0.00214096466999382
1.375	16.5	-0.00214096435191056
1.625	16.5	-0.00214096396896034
1.875	16.5	-0.00214096352045779
2.125	16.5	-0.00214096300560054
2.375	16.5	-0.00214096242346777
2.625	16.5	-0.00214096177301875
2.875	16.5	-0.00214096105309094
3.125	16.5	-0.00214096026239791
3.375	16.5	-0.00214095939952684
3.625	16.5	-0.00214095846293549
3.875	16.5	-0.00214095745094863
4.125	16.5	-0.00214095636175333
4.375	16.5	-0.00214095519339284
4.625	16.5	-0.00214095394375815
4.875	16.5	-0.00214095261057583
5.125	16.5	-0.00214095119138997
5.375	16.5	-0.00214094968353448
5.625	16.5	-0.00214094808408968
5.875	16.5	-0.00214094638981335
6.125	16.5	-0.00214094459702951
6.375	16.5	-0.00214094270144834
6.625	16.5	-0.00214094069787241
6.875	16.5	-0.00214093857971643
7.125	16.5	-0.00214093633822002
7.375	16.5	-0.00214093396115568
7.625	16.5	-0.00214093143070625
7.875	16.5	-0.0021409287199759
8.125	16.5	-0.00214092578725285
8.375	16.5	-0.00214092256657269
8.625	16.5	-0.0021409189521946
8.875	16.5	-0.00214091477306146
9.125	16.5	-0.00214090975077846
9.375	16.5	-0.00214090343047198
9.625	16.5	-0.00214089506702271
9.875	16.5	-0.0021408834378677
10.125	16.5	-0.00214086653497145
10.375	16.5	-0.00214084105797001
10.625	16.5	-0.00214080158014544
10.875	16.5	-0.0021407391760431
11.125	16.5	-0.00214063916322299
11.375	16.5	-0.00214047738632199
11.625	16.5	-0.00214021410249686
11.875	16.5	-0.00213978391996363
12.125	16.5	-0.00213907924197506
12.375	16.5	-0.00213792302418405
12.625	16.5	-0.00213602394769886
12.875	16.5	-0.00213290265856519
13.125	16.5	-0.00212777040087946
13.375	16.5	-0.00211932932401058
13.625	16.5	-0.00210544393274395
13.875	16.5	-0.00208260057946798
14.125	16.5	-0.0020450183864038
14.375	16.5	-0.00198318715613099
14.625	16.5	-0.00188146390769478
14.875	16.5	-0.00171412448417797
15.125	16.5	-0.0014388840766665
15.375	16.5	-0.000986282832904824
15.625	16.5	-0.000242348365100019
15.875	16.5	0.000979586802445726
16.125	16.5	0.00298432916176136
16.375	16.5	0.00626711457920345
16.625	16.5	0.0116259659463994
16.875	16.5	0.020329324814504
17.125	16.5	0.0343477766456568
17.375	16.5	0.0566267884726889
17.625	16.5	0.0912851495854847
17.875	16.5	0.143427018651951
18.125	16.5	0.21798631322183
18.375	16.5	0.317044923001639
18.625	16.5	0.436251565200242
18.875	16.5	0.563426130479714
19.125	16.5	0.682671803163312
19.375	16.5	0.781791120835194
19.625	16.5	0.856412624849799
19.875	16.5	0.908606222696664
20.125	16.5	0.943302636742832
20.375	16.5	0.96560763199524
20.625	16.5	0.979643034411192
20.875	16.5	0.988357145212029
21.125	16.5	0.993722699037024
21.375	16.5	0.997009616732267
21.625	16.5	0.999016887959001
21.875	16.5	1.00024036206875
22.125	16.5	1.0009852282062
22.375	16.5	1.00143839008932
22.625	16.5	1.00171396506276
22.875	16.5	1.00188150159236
23.125	16.5	1.00198333853341
23.375	16.5	1.00204523295846
23.625	16.5	1.0020828478752
23.875	16.5	1.00210570565649
24.125	16.5	1.00211959457679
24.375	16.5	1.00212803277327
24.625	16.5	1.00213315846283
24.875	16.5	1.00213627114292
25.125	16.5	1.00213816056303
25.375	16.5	1.00213930667377
25.625	16.5	1.00214000114965
25.875	16.5	1.00214042124437
26.125	16.5	1.00214067467535
26.375	16.5	1.00214082690145
26.625	16.5	1.00214091770021
26.875	16.5	1.00214097124228
27.125	16.5	1.00214100221381
27.375	16.5	1.0021410195372
27.625	16.5	1.00214102863217
27.875	16.5	1.00214103278996
28.125	16.5	1.00214103400836
28.375	16.5	1.00214103349923
28.625	16.5	1.0021410319969
28.875	16.5	1.00214102994558
29.125	16.5	1.00214102761327
29.375	16.5	1.00214102516099
29.625	16.5	1.00214102268478
29.875	16.5	1.00214102024134
30.125	16.5	1.00214101786349
30.375	16.5	1.00214101556962
30.625	16.5	1.00214101336947
30.875	16.5	1.00214101126754
31.125	16.5	1.00214100926523
31.375	16.5	1.00214100736217
31.625	16.5	1.0021410055569
31.875	16.5	1.00214100384743
32.125	16.5	1.00214100223148
32.375	16.5	1.00214100070667
32.625	16.5	1.00214099927058
32.875	16.5	1.00214099792087
33.125	16.5	1.00214099665529
33.375	16.5	1.00214099547167
33.625	16.5	1.002140994368
33.875	16.5	1.00214099334235
34.125	16.5	1.00214099239295
34.375	16.5	1.00214099151815
34.625	16.5	1.00214099071641
34.875	16.5	1.00214098998634
35.125	16.5	1.00214098932665
35.375	16.5	1.00214098873618
35.625	16.5	1.00214098821391
35.875	16.5	1.00214098775891
36.125	16.5	1.00214098737039
36.375	16.5	1.00214098704766
36.625	16.5	1.00214098679016
36.875	16.5	1.00214098659742
37.125	16.5	1.00214098646912
37.375	16.5	1.00214098640503
0.125	17.5	-0.00214097359670609
0.375	17.5	-0.0021409735361843
0.625	17.5	-0.00214097341502429
0.875	17.5	-0.002140973232993
1.125	17.5	-0.00214097298974037
1.375	17.5	-0.00214097268479873
1.625	17.5	-0.00214097231758207
1.875	17.5	-0.00214097188738503
2.125	17.5	-0.00214097139338173
2.375	17.5	-0.00214097083462435
2.625	17.5	-0.00214097021004154
2.875	17.5	-0.00214096951843644
3.125	17.5	-0.00214096875848451
3.375	17.5	-0.00214096792873093
3.625	17.5	-0.00214096702758751
3.875	17.5	-0.00214096605332888
4.125	17.5	-0.00214096500408776
4.375	17.5	-0.00214096387784866
4.625	17.5	-0.00214096267243926
4.875	17.5	-0.00214096138551813
5.125	17.5	-0.00214096001455645
5.375	17.5	-0.00214095855681017
5.625	17.5	-0.00214095700927641
5.875	17.5	-0.00214095536862421
6.125	17.5	-0.00214095363108323
6.375	17.5	-0.00214095179226335
6.625	17.5	-0.00214094984686069
6.875	17.5	-0.00214094778817716
7.125	17.5	-0.00214094560733294
7.375	17.5	-0.0021409432919743
7.625	17.5	-0.0021409408241508
7.875	17.5	-0.00214093817682618
8.125	17.5	-0.00214093530814107
8.375	17.5	-0.00214093215197641
8.625	17.5	-0.00214092860243016
8.875	17.5	-0.00214092448827831
9.125	17.5	-0.00214091953095534
9.375	17.5	-0.00214091327541623
9.625	17.5	-0.00214090497637512
9.875	17.5	-0.00214089341111657
10.125	17.5	-0.00214087657148226
10.375	17.5	-0.0021408511570409
10.625	17.5	-0.00214081174110552
10.875	17.5	-0.00214074939842153
11.125	17.5	-0.00214064944703483
11.375	17.5	-0.00214048773254649
11.625	17.5	-0.00214022451387276
11.875	17.5	-0.00213979440230641
12.125	17.5	-0.00213908980635336
12.375	17.5	-0.0021379336905102
12.625	17.5	-0.00213603475064641
12.875	17.5	-0.00213291365731563
13.125	17.5	-0.00212778169516928
13.375	17.5	-0.00211934108054372
13.625	17.5	-0.00210545642865553
13.875	17.5	-0.00208261427383236
14.125	17.5	-0.00204503403785372
14.375	17.5	-0.00198320601625719
14.625	17.5	-0.0018814880388875
14.875	17.5	-0.00171415728155366
15.125	17.5	-0.00143893112397744
15.375	17.5	-0.000986353303066336
15.625	17.5	-0.000242457303561444
15.875	17.5	0.000979414777394682
16.125	17.5	0.00298405392282789
16.375	17.5	0.00626667112896395
16.625	17.5	0.0116252500868784
16.875	17.5	0.0203281723514874
17.125	17.5	0.0343459361969426
17.375	17.5	0.0566238936372499
17.625	17.5	0.0912807106454303
17.875	17.5	0.143420480467418
18.125	17.5	0.217977249907515
18.375	17.5	0.317033394524
18.625	17.5	0.43623845039481
18.875	17.5	0.563413013346615
19.125	17.5	0.682660268837204
19.375	17.5	0.78178205049218
19.625	17.5	0.85640608030692
19.875	17.5	0.908601778841106
20.125	17.5	0.943299738447042
20.375	17.5	0.96560578924508
20.625	17.5	0.979641880469515
20.875	17.5	0.988356428422224
21.125	17.5	0.993722255008879
21.375	17.5	0.997009341137019
21.625	17.5	0.99901671571518
21.875	17.5	1.00024025299622
22.125	17.5	1.00098515765387
22.375	17.5	1.00143834299153
22.625	17.5	1.0017139322342
22.875	17.5	1.00188147744172
23.125	17.5	1.00198331966095
23.375	17.5	1.00204521729897
23.625	17.5	1.00208283417538
23.875	17.5	1.00210569315666
24.125	17.5	1.00211958281724
24.375	17.5	1.00212802147649
24.625	17.5	1.00213314746187
24.875	17.5	1.00213626033792
25.125	17.5	1.00213814989472
25.375	17.5	1.00213929610742
25.625	17.5	1.00213999066533
25.875	17.5	1.00214041083098
26.125	17.5	1.00214066432708
26.375	17.5	1.00214081661556
26.625	17.5	1.0021409074757
26.875	17.5	1.00214096107915
27.125	17.5	1.00214099211253
27.375	17.5	1.00214100949844
27.625	17.5	1.00214101865664
27.875	17.5	1.00214102287829
28.125	17.5	1.00214102416107
28.375	17.5	1.00214102371667
28.625	17.5	1.00214102227927
28.875	17.5	1.0021410202929
29.125	17.5	1.00214101802541
29.375	17.5	1.00214101563761
29.625	17.5	1.00214101322542
29.875	17.5	1.00214101084537
30.125	17.5	1.00214100853012
30.375	17.5	1.00214100629794
30.625	17.5	1.00214100415842
30.875	17.5	1.00214100211594
31.125	17.5	1.00214100017179
31.375	17.5	1.00214099832547
31.625	17.5	1.00214099657543
31.875	17.5	1.00214099491958
32.125	17.5	1.00214099335554
32.375	17.5	1.00214099188082
32.625	17.5	1.00214099049295
32.875	17.5	1.00214098918949
33.125	17.5	1.00214098796813
33.375	17.5	1.00214098682663
33.625	17.5	1.0021409857629
33.875	17.5	1.00214098477498
34.125	17.5	1.00214098386102
34.375	17.5	1.00214098301933
34.625	17.5	1.00214098224833
34.875	17.5	1.00214098154657
35.125	17.5	1.00214098091274
35.375	17.5	1.00214098034565
35.625	17.5	1.00214097984423
35.875	17.5	1.00214097940753
36.125	17.5	1.00214097903474
36.375	17.5	1.00214097872515
36.625	17.5	1.00214097847818
36.875	17.5	1.00214097829335
37.125	17.5	1.00214097817033
37.375	17.5	1.00214097810888
0.125	18.5	-0.00214098290162557
0.375	18.5	-0.00214098284566659
0.625	18.5	-0.00214098273363205
0.875	18.5	-0.00214098256528858
1.125	18.5	-0.00214098234028565
1.375	18.5	-0.00214098205815495
1.625	18.5	-0.00214098171830965
1.875	18.5	-0.00214098132004333
2.125	18.5	-0.00214098086252884
2.375	18.5	-0.00214098034481682
2.625	18.5	-0.00214097976583405
2.875	18.5	-0.00214097912438151
3.125	18.5	-0.0021409784191321
3.375	18.5	-0.00214097764862803
3.625	18.5	-0.00214097681127763
3.875	18.5	-0.00214097590535157
4.125	18.5	-0.00214097492897799
4.375	18.5	-0.00214097388013616
4.625	18.5	-0.00214097275664783
4.875	18.5	-0.00214097155616483
5.125	18.5	-0.00214097027615073
5.375	18.5	-0.0021409689138529
5.625	18.5	-0.00214096746625887
5.875	18.5	-0.00214096593002695
6.125	18.5	-0.00214096430137485
6.375	18.5	-0.00214096257589917
6.625	18.5	-0.00214096074828138
6.875	18.5	-0.0021409588118072
7.125	18.5	-0.0021409567575791
7.375	18.5	-0.00214095457322399
7.625	18.5	-0.00214095224077048
7.875	18.5	-0.00214094973315982
8.125	18.5	-0.00214094700850878
8.375	18.5	-0.00214094400067355
8.625	18.5	-0.0021409406037272
8.875	18.5	-0.00214093664642209
9.125	18.5	-0.00214093185017272
9.375	18.5	-0.00214092575992171
9.625	18.5	-0.00214091763038527
9.875	18.5	-0.00214090623887558
10.125	18.5	-0.00214088957730602
10.375	18.5	-0.00214086434539167
10.625	18.5	-0.00214082511671712
10.875	18.5	-0.00214076296650763
11.125	18.5	-0.00214066321363437
11.375	18.5	-0.00214050170509471
11.625	18.5	-0.00214023870214379
11.875	18.5	-0.00213980881996746
12.125	18.5	-0.00213910447352545
12.375	18.5	-0.00213794863798561
12.625	18.5	-0.00213605002683256
12.875	18.5	-0.0021329293396656
13.125	18.5	-0.00212779790899534
13.375	18.5	-0.00211935802997885
13.625	18.5	-0.00210547444760094
13.875	18.5	-0.00208263390977999
14.125	18.5	-0.00204505618976902
14.375	18.5	-0.0019832321613161
14.625	18.5	-0.00188152060514006
14.875	18.5	-0.00171420025993213
15.125	18.5	-0.00143899107202643
15.375	18.5	-0.000986440987500995
15.625	18.5	-0.000242590378474657
15.875	18.5	0.000979207430011909
16.125	18.5	0.00298372522931612
16.375	18.5	0.00626614484152875
16.625	18.5	0.0116244039698844
16.875	18.5	0.020326813780172
17.125	18.5	0.0343437702478876
17.375	18.5	0.0566204904228712
17.625	18.5	0.091275495558999
17.875	18.5	0.14341280209059
18.125	18.5	0.217966608424422
18.375	18.5	0.317019860176774
18.625	18.5	0.436223054340325
18.875	18.5	0.563397614331472
19.125	18.5	0.682646727051428
19.375	18.5	0.781771400070236
19.625	18.5	0.856398393844758
19.875	18.5	0.908596557504949
20.125	18.5	0.943296330833698
20.375	18.5	0.965603620370692
20.625	18.5	0.979640520018861
20.875	18.5	0.988355581122876
21.125	18.5	0.993721727986865
21.375	18.5	0.997009011990447
21.625	18.5	0.999016508089447
21.875	18.5	1.00024011975053
22.125	18.5	1.00098506986456
22.375	18.5	1.00143828297886
22.625	18.5	1.00171388921574
22.875	18.5	1.0018814448503
23.125	18.5	1.00198329349978
23.375	18.5	1.00204519513643
23.625	18.5	1.00208281453212
23.875	18.5	1.00210567513239
24.125	18.5	1.00211956586366
24.375	18.5	1.00212800525922
24.625	18.5	1.00213313177648
24.875	18.5	1.00213624505892
25.125	18.5	1.00213813494454
25.375	18.5	1.0021392814376
25.625	18.5	1.00213997624504
25.875	18.5	1.00214039664008
26.125	18.5	1.00214065035188
26.375	18.5	1.00214080284628
26.625	18.5	1.00214089390492
26.875	18.5	1.00214094770081
27.125	18.5	1.00214097892143
27.375	18.5	1.00214099648984
27.625	18.5	1.00214100582608
27.875	18.5	1.00214101022146
28.125	18.5	1.00214101167372
28.375	18.5	1.0021410113946
28.625	18.5	1.00214101011825
28.875	18.5	1.00214100828871
29.125	18.5	1.0021410061738
29.375	18.5	1.00214100393432
29.625	18.5	1.00214100166615
29.875	18.5	1.0021409994258
30.125	18.5	1.00214099724591
30.375	18.5	1.00214099514472
30.625	18.5	1.00214099313181
30.875	18.5	1.00214099121152
31.125	18.5	1.00214098938515
31.375	18.5	1.00214098765217
31.625	18.5	1.00214098601102
31.875	18.5	1.00214098445958
32.125	18.5	1.00214098299547
32.375	18.5	1.0021409816162
32.625	18.5	1.00214098031927
32.875	18.5	1.00214097910225
33.125	18.5	1.00214097796281
33.375	18.5	1.00214097689871
33.625	18.5	1.00214097590785
33.875	18.5	1.00214097498825
34.125	18.5	1.00214097413809
34.375	18.5	1.00214097335564
34.625	18.5	1.00214097263934
34.875	18.5	1.00214097198773
35.125	18.5	1.0021409713995
35.375	18.5	1.00214097087346
35.625	18.5	1.00214097040852
35.875	18.5	1.00214097000376
36.125	18.5	1.00214096965834
36.375	18.5	1.00214096937156
36.625	18.5	1.00214096914283
36.875	18.5	1.0021409689717
37.125	18.5	1.0021409688578
37.375	18.5	1.00214096880091
0.125	19.5	-0.00214099314414326
0.375	19.5	-0.00214099309467172
0.625	19.5	-0.00214099299561508
0.875	19.5	-0.00214099284674611
1.125	19.5	-0.0021409926477234
1.375	19.5	-0.00214099239809087
1.625	19.5	-0.00214099209727693
1.875	19.5	-0.00214099174459351
2.125	19.5	-0.00214099133923483
2.375	19.5	-0.00214099088027603
2.625	19.5	-0.00214099036667145
2.875	19.5	-0.00214098979725269
3.125	19.5	-0.00214098917072642
3.375	19.5	-0.00214098848567169
3.625	19.5	-0.00214098774053684
3.875	19.5	-0.00214098693363565
4.125	19.5	-0.00214098606314252
4.375	19.5	-0.00214098512708618
4.625	19.5	-0.002140984123341
4.875	19.5	-0.00214098304961461
5.125	19.5	-0.00214098190342965
5.375	19.5	-0.00214098068209578
5.625	19.5	-0.00214097938266608
5.875	19.5	-0.00214097800186773
6.125	19.5	-0.00214097653599064
6.375	19.5	-0.00214097498070696
6.625	19.5	-0.00214097333077715
6.875	19.5	-0.0021409715795694
7.125	19.5	-0.00214096971827221
7.375	19.5	-0.00214096773460223
7.625	19.5	-0.00214096561068169
7.875	19.5	-0.00214096331954959
8.125	19.5	-0.00214096081942508
8.375	19.5	-0.00214095804427201
8.625	19.5	-0.00214095488827754
8.875	19.5	-0.00214095118031631
9.125	19.5	-0.00214094664193629
9.375	19.5	-0.00214094081822961
9.625	19.5	-0.00214093296408583
9.875	19.5	-0.00214092185702748
10.125	19.5	-0.00214090548923646
10.375	19.5	-0.00214088056078976
10.625	19.5	-0.00214084164578488
10.875	19.5	-0.00214077982020594
11.125	19.5	-0.00214068040408517
11.375	19.5	-0.00214051924624016
11.625	19.5	-0.0021402566108285
11.875	19.5	-0.00213982711771683
12.125	19.5	-0.00213912318946987
12.375	19.5	-0.00213796781367023
12.625	19.5	-0.00213606972413055
12.875	19.5	-0.00213294965379886
13.125	19.5	-0.00212781898996025
13.375	19.5	-0.00211938011780311
13.625	19.5	-0.00210549793035741
13.875	19.5	-0.0020826594190371
14.125	19.5	-0.00204508475760781
14.375	19.5	-0.00198326547854809
14.625	19.5	-0.00188156144574232
14.875	19.5	-0.00171425317812811
15.125	19.5	-0.00143906354562353
15.375	19.5	-0.000986545289042323
15.625	19.5	-0.000242746626376743
15.875	19.5	0.000978966326219287
16.125	19.5	0.00298334563454543
16.375	19.5	0.00626553988109356
16.625	19.5	0.0116234343698831
16.875	19.5	0.0203252600598524
17.125	19.5	0.0343412963526164
17.375	19.5	0.0566166064896455
17.625	19.5	0.0912695467815319
17.875	19.5	0.143404046079831
18.125	19.5	0.217954475488688
18.375	19.5	0.317004430219056
18.625	19.5	0.436205502383849
18.875	19.5	0.563380058699512
19.125	19.5	0.682631287859665
19.375	19.5	0.78175925603911
19.625	19.5	0.85638962779938
19.875	19.5	0.908590600972232
20.125	19.5	0.943292441442727
20.375	19.5	0.965601142846573
20.625	19.5	0.979638963967547
20.875	19.5	0.988354610056479
21.125	19.5	0.993721122115358
21.375	19.5	0.997008631833662
21.625	19.5	0.999016266640223
21.875	19.5	1.00023996329053
22.125	19.5	1.00098496543261
22.375	19.5	1.00143821042475
22.625	19.5	1.00171383624743
22.875	19.5	1.00188140397809
23.125	19.5	1.00198326016219
23.375	19.5	1.00204516655506
23.625	19.5	1.00208278901346
23.875	19.5	1.00210565164272
24.125	19.5	1.00211954377044
24.375	19.5	1.00212798417375
24.625	19.5	1.00213311145838
24.875	19.5	1.00213622535796
25.125	19.5	1.00213811576538
25.375	19.5	1.00213926271828
25.625	19.5	1.00213995794396
25.875	19.5	1.00214037872808
26.125	19.5	1.00214063280744
26.375	19.5	1.00214078565253
26.625	19.5	1.00214087704791
26.875	19.5	1.00214093116842
27.125	19.5	1.0021409627027
27.375	19.5	1.00214098057457
27.625	19.5	1.00214099020458
27.875	19.5	1.0021409948844
28.125	19.5	1.00214099661204
28.375	19.5	1.00214099659946
28.625	19.5	1.00214099558098
28.875	19.5	1.00214099400078
29.125	19.5	1.00214099212681
29.375	19.5	1.00214099012001
29.625	19.5	1.00214098807637
29.875	19.5	1.00214098605249
30.125	19.5	1.00214098408113
30.375	19.5	1.00214098218064
30.625	19.5	1.00214098036065
30.875	19.5	1.00214097862564
31.125	19.5	1.00214097697696
31.375	19.5	1.00214097541417
31.625	19.5	1.00214097393579
31.875	19.5	1.00214097253979
32.125	19.5	1.00214097122385
32.375	19.5	1.00214096998554
32.625	19.5	1.00214096882245
32.875	19.5	1.00214096773219
33.125	19.5	1.00214096671249
33.375	19.5	1.00214096576118
33.625	19.5	1.0021409648762
33.875	19.5	1.00214096405563
34.125	19.5	1.00214096329769
34.375	19.5	1.00214096260069
34.625	19.5	1.00214096196312
34.875	19.5	1.00214096138355
35.125	19.5	1.0021409608607
35.375	19.5	1.0021409603934
35.625	19.5	1.00214095998063
35.875	19.5	1.00214095962145
36.125	19.5	1.00214095931506
36.375	19.5	1.00214095906078
36.625	19.5	1.00214095885803
36.875	19.5	1.00214095870637
37.125	19.5	1.00214095860545
37.375	19.5	1.00214095855505
0.125	20.5	-0.0021410042184907
0.375	20.5	-0.00214100417738167
0.625	20.5	-0.0021410040950563
0.875	20.5	-0.00214100397129981
1.125	20.5	-0.00214100380578953
1.375	20.5	-0.00214100359809437
1.625	20.5	-0.00214100334767403
1.875	20.5	-0.00214100305387803
2.125	20.5	-0.00214100271594458
2.375	20.5	-0.00214100233299918
2.625	20.5	-0.00214100190405296
2.875	20.5	-0.00214100142800088
3.125	20.5	-0.00214100090361945
3.375	20.5	-0.00214100032956425
3.625	20.5	-0.00214099970436682
3.875	20.5	-0.00214099902643093
4.125	20.5	-0.00214099829402786
4.375	20.5	-0.00214099750529015
4.625	20.5	-0.00214099665820306
4.875	20.5	-0.0021409957505923
5.125	20.5	-0.00214099478010588
5.375	20.5	-0.00214099374418623
5.625	20.5	-0.00214099264002675
5.875	20.5	-0.00214099146450268
6.125	20.5	-0.00214099021405978
6.375	20.5	-0.00214098888453411
6.625	20.5	-0.00214098747085826
6.875	20.5	-0.00214098596658095
7.125	20.5	-0.00214098436307989
7.375	20.5	-0.0021409826482699
7.625	20.5	-0.00214098080448069
7.875	20.5	-0.0021409788049686
8.125	20.5	-0.00214097660818053
8.375	20.5	-0.00214097414831956
8.625	20.5	-0.00214097131982489
8.875	20.5	-0.00214096795183835
9.125	20.5	-0.00214096376619363
9.375	20.5	-0.00214095830829271
9.625	20.5	-0.00214095083336822
9.875	20.5	-0.00214094011933346
10.125	20.5	-0.0021409241588329
10.375	20.5	-0.00214089965251694
10.625	20.5	-0.00214086117523166
10.875	20.5	-0.00214079980399053
11.125	20.5	-0.00214070086030946
11.375	20.5	-0.00214054019522956
11.625	20.5	-0.00214027807634147
11.875	20.5	-0.0021398491289274
12.125	20.5	-0.00213914578422207
12.375	20.5	-0.00213799104382604
12.625	20.5	-0.00213609366436325
12.875	20.5	-0.00213297441605708
13.125	20.5	-0.00212784474726454
13.375	20.5	-0.00211940714340086
13.625	20.5	-0.00210552666214946
13.875	20.5	-0.00208269056558079
14.125	20.5	-0.0020451194725
14.375	20.5	-0.00198330564721584
14.625	20.5	-0.00188161015686968
14.875	20.5	-0.00171431549795991
15.125	20.5	-0.00143914778803606
15.375	20.5	-0.000986665094219595
15.625	20.5	-0.000242924350524735
15.875	20.5	0.000978694116591099
16.125	20.5	0.00298291934683193
16.375	20.5	0.00626486299184723
16.625	20.5	0.0116223521349266
16.875	20.5	0.0203235286131674
17.125	20.5	0.0343385422907235
17.375	20.5	0.0566122854860802
17.625	20.5	0.0912629311946552
17.875	20.5	0.143394310890708
18.125	20.5	0.217940987512063
18.375	20.5	0.316987278076723
18.625	20.5	0.436185991707644
18.875	20.5	0.563360543562598
19.125	20.5	0.682614124511144
19.375	20.5	0.781745754598781
19.625	20.5	0.856379880435442
19.875	20.5	0.908583975977613
20.125	20.5	0.943288113819663
20.375	20.5	0.965598384384167
20.625	20.5	0.979637229694639
20.875	20.5	0.988353526043795
21.125	20.5	0.993720444121656
21.375	20.5	0.997008204864588
21.625	20.5	0.999015994011696
21.875	20.5	1.00023978530903
22.125	20.5	1.00098484546904
22.375	20.5	1.00143812608438
22.625	20.5	1.0017137738665
22.875	20.5	1.0018813552283
23.125	20.5	1.0019832199685
23.375	20.5	1.00204513182344
23.625	20.5	1.00208275785522
23.875	20.5	1.00210562290229
24.125	20.5	1.00211951673805
24.375	20.5	1.00212795841078
24.625	20.5	1.00213308669113
24.875	20.5	1.00213620141314
25.125	20.5	1.00213809253089
25.375	20.5	1.00213924011934
25.625	20.5	1.00213993592865
25.875	20.5	1.00214035725853
26.125	20.5	1.00214061185444
26.375	20.5	1.00214076519232
26.625	20.5	1.00214085706016
26.875	20.5	1.00214091163502
27.125	20.5	1.00214094360703
27.375	20.5	1.00214096190103
27.625	20.5	1.00214097193834
27.875	20.5	1.0021409770112
28.125	20.5	1.00214097911807
28.375	20.5	1.0021409794713
28.625	20.5	1.00214097880556
28.875	20.5	1.00214097756535
29.125	20.5	1.0021409760189
29.375	20.5	1.00214097432741
29.625	20.5	1.00214097258711
29.875	20.5	1.00214097085486
30.125	20.5	1.00214096916365
30.375	20.5	1.00214096753202
30.625	20.5	1.00214096596985
30.875	20.5	1.00214096448178
31.125	20.5	1.00214096306937
31.375	20.5	1.00214096173235
31.625	20.5	1.00214096046942
31.875	20.5	1.0021409592787
32.125	20.5	1.00214095815804
32.375	20.5	1.00214095710515
32.625	20.5	1.00214095611777
32.875	20.5	1.00214095519363
33.125	20.5	1.0021409543306
33.375	20.5	1.00214095352661
33.625	20.5	1.00214095277973
33.875	20.5	1.00214095208813
34.125	20.5	1.00214095145013
34.375	20.5	1.00214095086414
34.625	20.5	1.00214095032872
34.875	20.5	1.00214094984252
35.125	20.5	1.00214094940433
35.375	20.5	1.00214094901306
35.625	20.5	1.00214094866771
35.875	20.5	1.00214094836742
36.125	20.5	1.00214094811143
36.375	20.5	1.00214094789909
36.625	20.5	1.00214094772986
36.875	20.5	1.00214094760331
37.125	20.5	1.00214094751913
37.375	20.5	1.00214094747709
0.125	21.5	-0.00214101598787622
0.375	21.5	-0.00214101595690264
0.625	21.5	-0.0021410158948575
0.875	21.5	-0.00214101580154466
1.125	21.5	-0.00214101567666948
1.375	21.5	-0.00214101551983824
1.625	21.5	-0.00214101533055746
1.875	21.5	-0.00214101510823298
2.125	21.5	-0.00214101485216884
2.375	21.5	-0.002141014561566
2.625	21.5	-0.0021410142355208
2.875	21.5	-0.00214101387302315
3.125	21.5	-0.00214101347295449
3.375	21.5	-0.00214101303408533
3.625	21.5	-0.00214101255507232
3.875	21.5	-0.00214101203445466
4.125	21.5	-0.00214101147064953
4.375	21.5	-0.00214101086194604
4.625	21.5	-0.0021410102064968
4.875	21.5	-0.00214100950230594
5.125	21.5	-0.00214100874721108
5.375	21.5	-0.00214100793885575
5.625	21.5	-0.00214100707464616
5.875	21.5	-0.00214100615168226
6.125	21.5	-0.0021410051666468
6.375	21.5	-0.00214100411562537
6.625	21.5	-0.00214100299381288
6.875	21.5	-0.00214100179503361
7.125	21.5	-0.00214100051095444
7.375	21.5	-0.00214099912979337
7.625	21.5	-0.00214099763419792
7.875	21.5	-0.00214099599775746
8.125	21.5	-0.0021409941792681
8.375	21.5	-0.00214099211329944
8.625	21.5	-0.00214098969467632
8.875	21.5	-0.00214098675294781
9.125	21.5	-0.00214098301038049
9.375	21.5	-0.00214097801284109
9.625	21.5	-0.00214097101606882
9.875	21.5	-0.00214096079854148
10.125	21.5	-0.00214094535355213
10.375	21.5	-0.00214092138252657
10.625	21.5	-0.00214088346128305
10.875	21.5	-0.00214082266811876
11.125	21.5	-0.00214072432633346
11.375	21.5	-0.00214056428956231
11.625	21.5	-0.00214030282931016
11.875	21.5	-0.00213987457693261
12.125	21.5	-0.00213917197327779
12.375	21.5	-0.00213801803537212
12.625	21.5	-0.00213612154481817
12.875	21.5	-0.0021330033125267
13.125	21.5	-0.00212787485338297
13.375	21.5	-0.00211943876184618
13.625	21.5	-0.00210556027459934
13.875	21.5	-0.00208272694781426
14.125	21.5	-0.00204515988375432
14.375	21.5	-0.00198335214161645
14.625	21.5	-0.00188166609538248
14.875	21.5	-0.00171438638929738
15.125	21.5	-0.00143924266803999
15.375	21.5	-0.000986798783549405
15.625	21.5	-0.000243121136451908
15.875	21.5	0.000978394512224175
16.125	21.5	0.00298245219139547
16.375	21.5	0.00626412343719025
16.625	21.5	0.0116211720892039
16.875	21.5	0.0203216431699704
17.125	21.5	0.0343355458188141
17.375	21.5	0.0566075866593885
17.625	21.5	0.0912557395102634
17.875	21.5	0.143383730000678
18.125	21.5	0.217926329393009
18.375	21.5	0.316968638811979
18.625	21.5	0.436164789598018
18.875	21.5	0.563339336158279
19.125	21.5	0.682595471945795
19.375	21.5	0.781731080501293
19.625	21.5	0.856369285098612
19.875	21.5	0.908576773131719
20.125	21.5	0.943283407140915
20.375	21.5	0.965595382693331
20.625	21.5	0.979635340900171
20.875	21.5	0.988352343890379
21.125	21.5	0.99371970325765
21.375	21.5	0.997007736901375
21.625	21.5	0.999015693910628
21.875	21.5	1.00023958821784
22.125	21.5	1.0009847115917
22.375	21.5	1.00143803108798
22.625	21.5	1.00171370290242
22.875	21.5	1.00188129924364
23.125	21.5	1.00198317344414
23.375	21.5	1.00204509139207
23.625	21.5	1.00208272145887
23.875	21.5	1.00210558927937
24.125	21.5	1.00211948511136
24.375	21.5	1.00212792829778
24.625	21.5	1.00213305778861
24.875	21.5	1.00213617352716
25.125	21.5	1.00213806553413
25.375	21.5	1.00213921392528
25.625	21.5	1.00213991047577
25.875	21.5	1.00214033250078
26.125	21.5	1.00214058775539
26.375	21.5	1.00214074172163
26.625	21.5	1.0021408341914
26.875	21.5	1.00214088934438
27.125	21.5	1.00214092187246
27.375	21.5	1.00214094070179
27.625	21.5	1.00214095125463
27.875	21.5	1.00214095682402
28.125	21.5	1.00214095940908
28.375	21.5	1.00214096022269
28.625	21.5	1.00214096000006
28.875	21.5	1.00214095918614
29.125	21.5	1.00214095804958
29.375	21.5	1.00214095675201
29.625	21.5	1.00214095539004
29.875	21.5	1.00214095402089
30.125	21.5	1.00214095267789
30.375	21.5	1.00214095137994
30.625	21.5	1.00214095013721
30.875	21.5	1.00214094895465
31.125	21.5	1.00214094783413
31.375	21.5	1.00214094677563
31.625	21.5	1.00214094577812
31.875	21.5	1.00214094483999
32.125	21.5	1.00214094395929
32.375	21.5	1.002140943134
32.625	21.5	1.00214094236202
32.875	21.5	1.00214094164132
33.125	21.5	1.00214094096994
33.375	21.5	1.002140940346
33.625	21.5	1.00214093976772
33.875	21.5	1.00214093923346
34.125	21.5	1.00214093874165
34.375	21.5	1.00214093829086
34.625	21.5	1.00214093787976
34.875	21.5	1.00214093750712
35.125	21.5	1.00214093717184
35.375	21.5	1.00214093687292
35.625	21.5	1.00214093660945
35.875	21.5	1.00214093638063
36.125	21.5	1.00214093618579
36.375	21.5	1.00214093602432
36.625	21.5	1.00214093589573
36.875	21.5	1.00214093579963
37.125	21.5	1.00214093573573
37.375	21.5	1.00214093570383
0.125	22.5	-0.0021410282861586
0.375	22.5	-0.00214102826694027
0.625	22.5	-0.00214102822841787
0.875	22.5	-0.00214102817041975
1.125	22.5	-0.002141028092688
1.375	22.5	-0.00214102799487799
1.625	22.5	-0.00214102787655772
1.875	22.5	-0.00214102773720694
2.125	22.5	-0.00214102757621618
2.375	22.5	-0.00214102739288554
2.625	22.5	-0.00214102718642328
2.875	22.5	-0.00214102695594415
3.125	22.5	-0.00214102670046753
3.375	22.5	-0.00214102641891509
3.625	22.5	-0.00214102611010813
3.875	22.5	-0.0021410257727641
4.125	22.5	-0.00214102540549232
4.375	22.5	-0.00214102500678816
4.625	22.5	-0.00214102457502485
4.875	22.5	-0.0021410241084418
5.125	22.5	-0.00214102360512685
5.375	22.5	-0.00214102306298903
5.625	22.5	-0.00214102247971565
5.875	22.5	-0.00214102185270371
6.125	22.5	-0.00214102117894941
6.375	22.5	-0.00214102045486851
6.625	22.5	-0.00214101967600333
6.875	22.5	-0.00214101883654325
7.125	22.5	-0.00214101792853849
7.375	22.5	-0.00214101694060923
7.625	22.5	-0.00214101585582471
7.875	22.5	-0.0021410146482164
8.125	22.5	-0.00214101327704398
8.375	22.5	-0.0021410116773635
8.625	22.5	-0.00214100974451111
8.875	22.5	-0.00214100730857497
9.125	22.5	-0.00214100409239291
9.375	22.5	-0.00214099964244185
9.625	22.5	-0.0021409932151209
9.875	22.5	-0.00214098358963479
10.125	22.5	-0.0021409687600985
10.375	22.5	-0.00214094542890027
10.625	22.5	-0.00214090817303594
10.875	22.5	-0.00214084807231756
11.125	22.5	-0.00214075045209765
11.375	22.5	-0.0021405911689317
11.625	22.5	-0.00214033049865463
11.875	22.5	-0.00213990307925386
12.125	22.5	-0.0021392013619789
12.375	22.5	-0.00213804838044285
12.625	22.5	-0.00213615294299635
12.875	22.5	-0.00213303590400421
13.125	22.5	-0.00212790884928366
13.375	22.5	-0.00211947448943269
13.625	22.5	-0.0021055982516558
13.875	22.5	-0.00208276800503375
14.125	22.5	-0.00204520536608729
14.375	22.5	-0.00198340423943454
14.625	22.5	-0.00188172838889265
14.875	22.5	-0.00171446474280496
15.125	22.5	-0.00143934669691561
15.375	22.5	-0.000986944255365255
15.625	22.5	-0.000243333886858084
15.875	22.5	0.000978072231877114
16.125	22.5	0.00298195152827129
16.375	22.5	0.00626333287018962
16.625	22.5	0.0116199128268226
16.875	22.5	0.0203196334384153
17.125	22.5	0.034332354148479
17.375	22.5	0.0566025840378547
17.625	22.5	0.0912480850206197
17.875	22.5	0.143372470072837
18.125	22.5	0.217910731977742
18.375	22.5	0.316948805902917
18.625	22.5	0.43614222979323
18.875	22.5	0.563316770208684
19.125	22.5	0.682575623601384
19.375	22.5	0.781715464544875
19.625	22.5	0.856358008409166
19.875	22.5	0.908569105694265
20.125	22.5	0.943278395412288
20.375	22.5	0.965592184971002
20.625	22.5	0.979633327283073
20.875	22.5	0.988351082184643
21.125	22.5	0.993718911172924
21.375	22.5	0.99700723530193
21.625	22.5	0.999015371054468
21.875	22.5	1.00023937511343
22.125	22.5	1.00098456590171
22.375	22.5	1.00143792692389
22.625	22.5	1.00171362446428
22.875	22.5	1.00188123689631
23.125	22.5	1.00198312131127
23.375	22.5	1.00204504588613
23.625	22.5	1.00208268038501
23.875	22.5	1.00210555128994
24.125	22.5	1.00211944937401
24.375	22.5	1.00212789429372
24.625	22.5	1.00213302518997
24.875	22.5	1.00213614212244
25.125	22.5	1.00213803518292
25.375	22.5	1.00213918453071
25.625	22.5	1.00213988196776
25.875	22.5	1.00214030482588
26.125	22.5	1.00214056087057
26.375	22.5	1.00214071559049
26.625	22.5	1.0021408087819
26.875	22.5	1.00214086462738
27.125	22.5	1.00214089782089
27.375	22.5	1.0021409172901
27.625	22.5	1.00214092845845
27.875	22.5	1.00214093461993
28.125	22.5	1.00214093777448
28.375	22.5	1.00214093913574
28.625	22.5	1.00214093943954
28.875	22.5	1.00214093913145
29.125	22.5	1.0021409384807
29.375	22.5	1.00214093764945
29.625	22.5	1.00214093673484
29.875	22.5	1.00214093579456
30.125	22.5	1.00214093486241
30.375	22.5	1.00214093395772
30.625	22.5	1.0021409330911
30.875	22.5	1.0021409322679
31.125	22.5	1.00214093149035
31.375	22.5	1.00214093075883
31.625	22.5	1.00214093007264
31.875	22.5	1.00214092943048
32.125	22.5	1.00214092883075
32.375	22.5	1.0021409282717
32.625	22.5	1.00214092775152
32.875	22.5	1.00214092726846
33.125	22.5	1.00214092682078
33.375	22.5	1.00214092640686
33.625	22.5	1.00214092602514
33.875	22.5	1.00214092567417
34.125	22.5	1.00214092535259
34.375	22.5	1.00214092505913
34.625	22.5	1.00214092479263
34.875	22.5	1.00214092455202
35.125	22.5	1.00214092433634
35.375	22.5	1.00214092414469
35.625	22.5	1.0021409239763
35.875	22.5	1.00214092383047
36.125	22.5	1.00214092370659
36.375	22.5	1.00214092360415
36.625	22.5	1.00214092352271
36.875	22.5	1.00214092346193
37.125	22.5	1.00214092342155
37.375	22.5	1.00214092340141
0.125	23.5	-0.00214104092036325
0.375	23.5	-0.00214104091431874
0.625	23.5	-0.00214104090215889
0.875	23.5	-0.00214104088374182
1.125	23.5	-0.00214104085885441
1.375	23.5	-0.00214104082721177
1.625	23.5	-0.00214104078845676
1.875	23.5	-0.00214104074215915
2.125	23.5	-0.00214104068781483
2.375	23.5	-0.00214104062484464
2.625	23.5	-0.00214104055259322
2.875	23.5	-0.00214104047032747
3.125	23.5	-0.00214104037723486
3.375	23.5	-0.00214104027242138
3.625	23.5	-0.00214104015490902
3.875	23.5	-0.0021410400236327
4.125	23.5	-0.00214103987743611
4.375	23.5	-0.00214103971506629
4.625	23.5	-0.0021410395351658
4.875	23.5	-0.00214103933626128
5.125	23.5	-0.00214103911674619
5.375	23.5	-0.0021410388748539
5.625	23.5	-0.00214103860861524
5.875	23.5	-0.00214103831579039
6.125	23.5	-0.00214103799375884
6.375	23.5	-0.00214103763934026
6.625	23.5	-0.00214103724850211
6.875	23.5	-0.00214103681588074
7.125	23.5	-0.00214103633399574
7.375	23.5	-0.00214103579195994
7.625	23.5	-0.00214103517335924
7.875	23.5	-0.00214103445276685
8.125	23.5	-0.00214103359001048
8.375	23.5	-0.00214103252074213
8.625	23.5	-0.00214103114092403
8.875	23.5	-0.00214102928130369
9.125	23.5	-0.00214102666541627
9.375	23.5	-0.00214102284048127
9.625	23.5	-0.00214101706369696
9.875	23.5	-0.00214100811514202
10.125	23.5	-0.00214099398990942
10.375	23.5	-0.00214097139151713
10.625	23.5	-0.00214093489832019
10.875	23.5	-0.00214087559184683
11.125	23.5	-0.00214077879973174
11.375	23.5	-0.0021406203817222
11.625	23.5	-0.00214036061831941
11.875	23.5	-0.00213993415458086
12.125	23.5	-0.00213923345275906
12.375	23.5	-0.00213808156391977
12.625	23.5	-0.0021361873244584
12.875	23.5	-0.00213307163419513
13.125	23.5	-0.00212794615303649
13.375	23.5	-0.00211951371277652
13.625	23.5	-0.00210563993932369
13.875	23.5	-0.00208281302799404
14.125	23.5	-0.00204525513135981
14.375	23.5	-0.00198346103519275
14.625	23.5	-0.00188179595181163
14.875	23.5	-0.00171454919003021
15.125	23.5	-0.00143945805493895
15.375	23.5	-0.000987098962582482
15.625	23.5	-0.000243558874986187
15.875	23.5	0.000977732921620715
16.125	23.5	0.00298142612810647
16.375	23.5	0.00626250513818439
16.625	23.5	0.0116185964014047
16.875	23.5	0.0203175346105063
17.125	23.5	0.0343290231621412
17.375	23.5	0.056597365203094
17.625	23.5	0.091240101721684
17.875	23.5	0.143360728198346
18.125	23.5	0.217894468245657
18.375	23.5	0.316928126401559
18.625	23.5	0.436118706987317
18.875	23.5	0.56329324043505
19.125	23.5	0.682554926598431
19.375	23.5	0.781699179791589
19.625	23.5	0.856346247533481
19.875	23.5	0.908561107719761
20.125	23.5	0.943273166256929
20.375	23.5	0.965588847127449
20.625	23.5	0.97963122405338
20.875	23.5	0.988349762991635
21.125	23.5	0.993718081721955
21.375	23.5	0.997006708841315
21.625	23.5	0.999015031091997
21.875	23.5	1.00023914972421
22.125	23.5	1.00098441094718
22.375	23.5	1.00143781541246
22.625	23.5	1.00171353992091
22.875	23.5	1.00188116927214
23.125	23.5	1.00198306447552
23.375	23.5	1.00204499609383
23.625	23.5	1.00208263534295
23.875	23.5	1.00210550958802
24.125	23.5	1.00211941013939
24.375	23.5	1.00212785698054
24.625	23.5	1.00213298945152
24.875	23.5	1.00213610773346
25.125	23.5	1.0021380019924
25.375	23.5	1.00213915243321
25.625	23.5	1.00213985088595
25.875	23.5	1.0021402746999
26.125	23.5	1.0021405316516
26.375	23.5	1.00214068723679
26.625	23.5	1.00214078125639
26.875	23.5	1.00214083789621
27.125	23.5	1.00214087185247
27.375	23.5	1.00214089205456
27.625	23.5	1.00214090392729
27.875	23.5	1.00214091076577
28.125	23.5	1.00214091457093
28.375	23.5	1.00214091655727
28.625	23.5	1.00214091746142
28.875	23.5	1.00214091772971
29.125	23.5	1.00214091763206
29.375	23.5	1.00214091733128
29.625	23.5	1.00214091692514
29.875	23.5	1.00214091647192
30.125	23.5	1.002140916006
30.375	23.5	1.00214091554726
30.625	23.5	1.0021409151068
30.875	23.5	1.00214091469049
31.125	23.5	1.00214091430101
31.375	23.5	1.00214091393919
31.625	23.5	1.00214091360476
31.875	23.5	1.00214091329683
32.125	23.5	1.00214091301417
32.375	23.5	1.00214091275539
32.625	23.5	1.00214091251904
32.875	23.5	1.00214091230368
33.125	23.5	1.0021409121079
33.375	23.5	1.00214091193034
33.625	23.5	1.00214091176972
33.875	23.5	1.00214091162484
34.125	23.5	1.00214091149457
34.375	23.5	1.00214091137787
34.625	23.5	1.00214091127378
34.875	23.5	1.00214091118141
35.125	23.5	1.00214091109995
35.375	23.5	1.00214091102868
35.625	23.5	1.00214091096695
35.875	23.5	1.00214091091418
36.125	23.5	1.00214091086988
36.375	23.5	1.00214091083361
36.625	23.5	1.00214091080502
36.875	23.5	1.00214091078383
37.125	23.5	1.00214091076981
37.375	23.5	1.00214091076284
0.125	24.5	-0.0021410536739929
0.375	24.5	-0.0021410536822956
0.625	24.5	-0.00214105369884739
0.875	24.5	-0.00214105372354089
1.125	24.5	-0.00214105375621476
1.375	24.5	-0.00214105379665329
1.625	24.5	-0.00214105384458596
1.875	24.5	-0.00214105389968676
2.125	24.5	-0.00214105396157349
2.375	24.5	-0.00214105402980682
2.625	24.5	-0.00214105410388925
2.875	24.5	-0.00214105418326386
3.125	24.5	-0.00214105426731279
3.375	24.5	-0.00214105435535547
3.625	24.5	-0.00214105444664643
3.875	24.5	-0.00214105454037245
4.125	24.5	-0.00214105463564885
4.375	24.5	-0.00214105473151432
4.625	24.5	-0.00214105482692357
4.875	24.5	-0.00214105492073627
5.125	24.5	-0.00214105501170025
5.375	24.5	-0.00214105509842507
5.625	24.5	-0.00214105517934005
5.875	24.5	-0.00214105525262676
6.125	24.5	-0.00214105531610948
6.375	24.5	-0.00214105536707676
6.625	24.5	-0.00214105540198967
6.875	24.5	-0.00214105541600354
7.125	24.5	-0.00214105540218321
7.375	24.5	-0.00214105535021377
7.625	24.5	-0.00214105524428142
7.875	24.5	-0.00214105505958885
8.125	24.5	-0.00214105475662378
8.375	24.5	-0.00214105427173053
8.625	24.5	-0.00214105350159834
8.875	24.5	-0.00214105227773981
9.125	24.5	-0.00214105032449815
9.375	24.5	-0.00214104718995147
9.625	24.5	-0.00214104213221891
9.875	24.5	-0.00214103393238098
10.125	24.5	-0.0021410205866435
10.375	24.5	-0.00214099879979715
10.625	24.5	-0.00214096315170903
10.875	24.5	-0.00214090472578904
11.125	24.5	-0.0021408088521368
11.375	24.5	-0.00214065139389862
11.625	24.5	-0.00214039263648565
11.875	24.5	-0.00213996723232519
12.125	24.5	-0.00213926765506069
12.375	24.5	-0.0021381169737398
12.625	24.5	-0.00213622405356042
12.875	24.5	-0.00213310984092842
13.125	24.5	-0.00212798607157996
13.375	24.5	-0.00211955570124701
13.625	24.5	-0.00210568455893147
13.875	24.5	-0.0020828611732864
14.125	24.5	-0.00204530824450475
14.375	24.5	-0.00198352145843965
14.625	24.5	-0.00188186750695588
14.875	24.5	-0.00171463813031797
15.125	24.5	-0.00143957462670041
15.375	24.5	-0.000987259961492543
15.625	24.5	-0.000243791815197124
15.875	24.5	0.000977383048905041
16.125	24.5	0.00298088600874703
16.375	24.5	0.00626165602606612
16.625	24.5	0.0116172479186304
16.875	24.5	0.0203153867134121
17.125	24.5	0.0343256163846217
17.375	24.5	0.0565920296800673
17.625	24.5	0.0912319418521292
17.875	24.5	0.143348728279717
18.125	24.5	0.217877848304737
18.375	24.5	0.316906994578426
18.625	24.5	0.436094669611623
18.875	24.5	0.563269195348539
19.125	24.5	0.682533775408081
19.375	24.5	0.781682536590678
19.625	24.5	0.856334226592517
19.875	24.5	0.908552931615943
20.125	24.5	0.943267819318959
20.375	24.5	0.965585432766843
20.625	24.5	0.979629071289305
20.875	24.5	0.988348411449184
21.125	24.5	0.993717230709622
21.375	24.5	0.997006167549709
21.625	24.5	0.999014680498239
21.875	24.5	1.00023891634047
22.125	24.5	1.00098424967465
22.375	24.5	1.00143769867082
22.625	24.5	1.00171345087401
22.875	24.5	1.00188109764894
23.125	24.5	1.00198300400773
23.375	24.5	1.00204494295049
23.625	24.5	1.00208258717624
23.875	24.5	1.00210546495238
24.125	24.5	1.00211936813822
24.375	24.5	1.00212781705137
24.625	24.5	1.00213295123546
24.875	24.5	1.00213607099587
25.125	24.5	1.00213796657467
25.375	24.5	1.00213911822338
25.625	24.5	1.00213981780095
25.875	24.5	1.00214024267469
26.125	24.5	1.00214050063255
26.375	24.5	1.00214065717766
26.625	24.5	1.00214075211586
26.875	24.5	1.00214080963634
27.125	24.5	1.00214084443782
27.375	24.5	1.00214086545156
27.625	24.5	1.00214087810388
27.875	24.5	1.00214088569117
28.125	24.5	1.00214089021547
28.375	24.5	1.00214089289227
28.625	24.5	1.00214089445915
28.875	24.5	1.00214089536328
29.125	24.5	1.00214089587539
29.375	24.5	1.00214089615905
29.625	24.5	1.00214089631277
29.875	24.5	1.00214089639552
30.125	24.5	1.00214089644234
30.375	24.5	1.00214089647372
30.625	24.5	1.00214089650139
30.875	24.5	1.00214089653177
31.125	24.5	1.00214089656809
31.375	24.5	1.00214089661171
31.625	24.5	1.00214089666284
31.875	24.5	1.00214089672106
32.125	24.5	1.0021408967856
32.375	24.5	1.00214089685548
32.625	24.5	1.00214089692965
32.875	24.5	1.00214089700704
33.125	24.5	1.0021408970866
33.375	24.5	1.00214089716731
33.625	24.5	1.0021408972482
33.875	24.5	1.00214089732835
34.125	24.5	1.00214089740691
34.375	24.5	1.00214089748309
34.625	24.5	1.00214089755616
34.875	24.5	1.00214089762545
35.125	24.5	1.00214089769034
35.375	24.5	1.00214089775029
35.625	24.5	1.00214089780481
35.875	24.5	1.00214089785345
36.125	24.5	1.00214089789585
36.375	24.5	1.00214089793167
36.625	24.5	1.00214089796065
36.875	24.5	1.00214089798257
37.125	24.5	1.00214089799727
37.375	24.5	1.00214089800465
0.125	25.5	-0.00214106631106438
0.375	25.5	-0.00214106633460379
0.625	25.5	-0.00214106638164817
0.875	25.5	-0.00214106645212859
1.125	25.5	-0.00214106654594137
1.375	25.5	-0.00214106666294787
1.625	25.5	-0.00214106680297405
1.875	25.5	-0.00214106696581
2.125	25.5	-0.00214106715120934
2.375	25.5	-0.00214106735888853
2.625	25.5	-0.00214106758852598
2.875	25.5	-0.00214106783976104
3.125	25.5	-0.00214106811219282
3.375	25.5	-0.00214106840537865
3.625	25.5	-0.00214106871883221
3.875	25.5	-0.00214106905202106
4.125	25.5	-0.00214106940436333
4.375	25.5	-0.00214106977522294
4.625	25.5	-0.00214107016390266
4.875	25.5	-0.0021410705696336
5.125	25.5	-0.00214107099155886
5.375	25.5	-0.00214107142870766
5.625	25.5	-0.00214107187995397
5.875	25.5	-0.00214107234394956
6.125	25.5	-0.00214107281901518
6.375	25.5	-0.00214107330296276
6.625	25.5	-0.00214107379280443
6.875	25.5	-0.00214107428427505
7.125	25.5	-0.00214107477104832
7.375	25.5	-0.0021410752434485
7.625	25.5	-0.0021410756863323
7.875	25.5	-0.00214107607560552
8.125	25.5	-0.00214107637249312
8.375	25.5	-0.00214107651411261
8.625	25.5	-0.00214107639796493
8.875	25.5	-0.0021410758564163
9.125	25.5	-0.00214107461471064
9.375	25.5	-0.00214107222188142
9.625	25.5	-0.00214106793706975
9.875	25.5	-0.00214106054246351
10.125	25.5	-0.00214104803549151
10.375	25.5	-0.00214102712233196
10.625	25.5	-0.00214099238448374
10.875	25.5	-0.00214093490736313
11.125	25.5	-0.00214084002366446
11.375	25.5	-0.00214068360006806
11.625	25.5	-0.00214042592703539
11.875	25.5	-0.00214000166450929
12.125	25.5	-0.00213930329767548
12.375	25.5	-0.00213815391372062
12.625	25.5	-0.00213626240680858
12.875	25.5	-0.00213314977010176
13.125	25.5	-0.0021280278153465
13.375	25.5	-0.00211959962240729
13.625	25.5	-0.00210573122359666
13.875	25.5	-0.00208291148116083
14.125	25.5	-0.00204536364323853
14.375	25.5	-0.00198358429621307
14.625	25.5	-0.00188194161216616
14.875	25.5	-0.00171472976388032
15.125	25.5	-0.00143969404438256
15.375	25.5	-0.000987423971404597
15.625	25.5	-0.000244027949056356
15.875	25.5	0.000977029773545461
16.125	25.5	0.00298034223644091
16.375	25.5	0.00626080294420391
16.625	25.5	0.0116158950411587
16.875	25.5	0.0203132338215069
17.125	25.5	0.034322203734088
17.375	25.5	0.056586686981811
17.625	25.5	0.0912237729044133
17.875	25.5	0.143336716637554
18.125	25.5	0.217861213310863
18.375	25.5	0.316885844197611
18.625	25.5	0.436070611056608
18.875	25.5	0.563245128478679
19.125	25.5	0.6825126041438
19.375	25.5	0.781665876517818
19.625	25.5	0.856322192286518
19.875	25.5	0.908544745168649
20.125	25.5	0.943262464317858
20.375	25.5	0.965582011944593
20.625	25.5	0.979626913153359
20.875	25.5	0.988347055275377
21.125	25.5	0.993716375580715
21.375	25.5	0.997005622514572
21.625	25.5	0.999014326446026
21.875	25.5	1.00023867972861
22.125	25.5	1.00098408536968
22.375	25.5	1.00143757906979
22.625	25.5	1.00171335912522
22.875	25.5	1.00188102347003
23.125	25.5	1.00198294112158
23.375	25.5	1.00204488751885
23.625	25.5	1.00208253684493
23.875	25.5	1.00210541827011
24.125	25.5	1.00211932420306
24.375	25.5	1.00212777529587
24.625	25.5	1.002132911296
24.875	25.5	1.00213603263328
25.125	25.5	1.00213792962596
25.375	25.5	1.00213908257248
25.625	25.5	1.00213978336082
25.875	25.5	1.00214020937644
26.125	25.5	1.00214046841889
26.375	25.5	1.00214062599881
26.625	25.5	1.00214072192712
26.875	25.5	1.00214078039655
27.125	25.5	1.0021408161084
27.375	25.5	1.00214083799595
27.625	25.5	1.00214085148716
27.875	25.5	1.00214085987979
28.125	25.5	1.00214086517711
28.375	25.5	1.00214086859574
28.625	25.5	1.00214087087425
28.875	25.5	1.00214087246077
29.125	25.5	1.00214087362696
29.375	25.5	1.00214087453722
29.625	25.5	1.00214087529087
29.875	25.5	1.00214087594767
30.125	25.5	1.00214087654338
30.375	25.5	1.0021408770992
30.625	25.5	1.00214087762754
30.875	25.5	1.00214087813544
31.125	25.5	1.00214087862676
31.375	25.5	1.00214087910341
31.625	25.5	1.00214087956618
31.875	25.5	1.00214088001516
32.125	25.5	1.00214088045008
32.375	25.5	1.00214088087042
32.625	25.5	1.0021408812756
32.875	25.5	1.00214088166496
33.125	25.5	1.00214088203783
33.375	25.5	1.00214088239356
33.625	25.5	1.00214088273155
33.875	25.5	1.00214088305119
34.125	25.5	1.00214088335195
34.375	25.5	1.0021408836333
34.625	25.5	1.00214088389478
34.875	25.5	1.00214088413595
35.125	25.5	1.00214088435642
35.375	25.5	1.00214088455584
35.625	25.5	1.00214088473388
35.875	25.5	1.00214088489028
36.125	25.5	1.00214088502478
36.375	25.5	1.00214088513718
36.625	25.5	1.0021408852273
36.875	25.5	1.00214088529502
37.125	25.5	1.00214088534022
37.375	25.5	1.00214088536283
0.125	26.5	-0.00214107858078503
0.375	26.5	-0.00214107862013432
0.625	26.5	-0.0021410786988192
0.875	26.5	-0.0021410788168122
1.125	26.5	-0.00214107897407196
1.375	26.5	-0.00214107917054301
1.625	26.5	-0.00214107940615552
1.875	26.5	-0.00214107968082494
2.125	26.5	-0.0021410799944516
2.375	26.5	-0.00214108034692017
2.625	26.5	-0.00214108073809905
2.875	26.5	-0.00214108116783963
3.125	26.5	-0.00214108163597534
3.375	26.5	-0.00214108214232049
3.625	26.5	-0.00214108268666877
3.875	26.5	-0.00214108326879111
4.125	26.5	-0.00214108388843281
4.375	26.5	-0.00214108454530923
4.625	26.5	-0.00214108523909935
4.875	26.5	-0.00214108596943572
5.125	26.5	-0.00214108673588872
5.375	26.5	-0.00214108753794127
5.625	26.5	-0.00214108837494808
5.875	26.5	-0.00214108924606939
6.125	26.5	-0.00214109015016283
6.375	26.5	-0.00214109108560643
6.625	26.5	-0.00214109205000839
6.875	26.5	-0.00214109303973054
7.125	26.5	-0.00214109404910533
7.375	26.5	-0.00214109506914861
7.625	26.5	-0.00214109608544266
7.875	26.5	-0.00214109707465416
8.125	26.5	-0.00214109799880579
8.375	26.5	-0.00214109879585165
8.625	26.5	-0.00214109936417062
8.875	26.5	-0.00214109953705182
9.125	26.5	-0.00214109904071204
9.375	26.5	-0.00214109742521528
9.625	26.5	-0.00214109395080254
9.875	26.5	-0.00214108740084956
10.125	26.5	-0.00214107577409062
10.375	26.5	-0.00214105577817499
10.625	26.5	-0.00214102199631633
10.875	26.5	-0.00214096551601698
11.125	26.5	-0.00214087167263781
11.375	26.5	-0.00214071633644958
11.625	26.5	-0.00214045980299237
11.875	26.5	-0.00214003673970413
12.125	26.5	-0.00213933964320956
12.375	26.5	-0.00213819161859189
12.625	26.5	-0.00213630158850711
12.875	26.5	-0.00213319059201709
13.125	26.5	-0.00212807051538852
13.375	26.5	-0.00211964456008609
13.625	26.5	-0.00210577895748483
13.875	26.5	-0.00208296289635447
14.125	26.5	-0.00204542016107267
14.375	26.5	-0.00198364821922883
14.625	26.5	-0.00188201669129251
14.875	26.5	-0.00171482213022366
15.125	26.5	-0.00143981373796164
15.375	26.5	-0.000987587443720149
15.625	26.5	-0.000244262144908077
15.875	26.5	0.000976680798640514
16.125	26.5	0.00297980669627562
16.375	26.5	0.00625996456823919
16.625	26.5	0.0116145674173602
16.875	26.5	0.0203111231473048
17.125	26.5	0.0343188600811414
17.375	26.5	0.0565814543538387
17.625	26.5	0.0912157741765269
17.875	26.5	0.143324956941436
18.125	26.5	0.217844928449972
18.375	26.5	0.316865139598204
18.625	26.5	0.436047059532888
18.875	26.5	0.563221568237292
19.125	26.5	0.682491877650062
19.375	26.5	0.781649565365928
19.625	26.5	0.856310408833676
19.875	26.5	0.908536728099544
20.125	26.5	0.943257218797037
20.375	26.5	0.965578659729183
20.625	26.5	0.979624796985034
20.875	26.5	0.988345724198377
21.125	26.5	0.993715535060395
21.375	26.5	0.997005085651505
21.625	26.5	0.999013976657186
21.875	26.5	1.00023844503177
22.125	26.5	1.00098392158793
22.375	26.5	1.00143745918373
22.625	26.5	1.00171326663771
22.875	26.5	1.00188094831322
23.125	26.5	1.00198287714742
23.375	26.5	1.00204483096608
23.625	26.5	1.00208248540475
23.875	26.5	1.00210537051737
24.125	26.5	1.00211927925035
24.375	26.5	1.00212773258318
24.625	26.5	1.00213287046297
24.875	26.5	1.00213599344148
25.125	26.5	1.00213789191168
25.375	26.5	1.00213904621802
25.625	26.5	1.00213974827706
25.875	26.5	1.00214017549221
26.125	26.5	1.00214043567447
26.375	26.5	1.00214059434201
26.625	26.5	1.00214069131082
26.875	26.5	1.00214075077723
27.125	26.5	1.00214078744523
27.375	26.5	1.00214081025017
27.625	26.5	1.00214082462172
27.875	26.5	1.00214083385914
28.125	26.5	1.00214083996698
28.375	26.5	1.00214084416306
28.625	26.5	1.00214084718705
28.875	26.5	1.00214084948812
29.125	26.5	1.00214085133887
29.375	26.5	1.00214085290466
29.625	26.5	1.00214085428567
29.875	26.5	1.0021408555425
30.125	26.5	1.00214085671171
30.375	26.5	1.00214085781526
30.625	26.5	1.00214085886627
30.875	26.5	1.00214085987249
31.125	26.5	1.00214086083844
31.375	26.5	1.00214086176665
31.625	26.5	1.00214086265851
31.875	26.5	1.00214086351468
32.125	26.5	1.00214086433542
32.375	26.5	1.00214086512072
32.625	26.5	1.00214086587048
32.875	26.5	1.00214086658449
33.125	26.5	1.00214086726251
33.375	26.5	1.00214086790431
33.625	26.5	1.00214086850963
33.875	26.5	1.00214086907824
34.125	26.5	1.00214086960993
34.375	26.5	1.00214087010447
34.625	26.5	1.00214087056168
34.875	26.5	1.00214087098138
35.125	26.5	1.00214087136342
35.375	26.5	1.00214087170764
35.625	26.5	1.00214087201393
35.875	26.5	1.00214087228218
36.125	26.5	1.00214087251228
36.375	26.5	1.00214087270415
36.625	26.5	1.00214087285773
36.875	26.5	1.00214087297297
37.125	26.5	1.00214087304981
37.375	26.5	1.00214087308824
0.125	27.5	-0.00214109022276498
0.375	27.5	-0.0021410902781557
0.625	27.5	-0.00214109038894522
0.875	27.5	-0.00214109055514967
1.125	27.5	-0.00214109077679317
1.375	27.5	-0.00214109105390769
1.625	27.5	-0.00214109138653294
1.875	27.5	-0.00214109177471616
2.125	27.5	-0.00214109221851187
2.375	27.5	-0.00214109271798159
2.625	27.5	-0.00214109327319347
2.875	27.5	-0.00214109388422181
3.125	27.5	-0.00214109455114644
3.375	27.5	-0.0021410952740519
3.625	27.5	-0.00214109605302627
3.875	27.5	-0.00214109688815957
4.125	27.5	-0.00214109777954118
4.375	27.5	-0.00214109872725613
4.625	27.5	-0.00214109973137911
4.875	27.5	-0.00214110079196499
5.125	27.5	-0.0021411019090337
5.375	27.5	-0.00214110308254554
5.625	27.5	-0.0021411043123611
5.875	27.5	-0.00214110559817573
6.125	27.5	-0.00214110693941214
6.375	27.5	-0.00214110833504425
6.625	27.5	-0.00214110978330774
6.875	27.5	-0.00214111128122453
7.125	27.5	-0.00214111282382067
7.375	27.5	-0.00214111440284025
7.625	27.5	-0.00214111600462961
7.875	27.5	-0.00214111760665669
8.125	27.5	-0.00214111917178421
8.375	27.5	-0.0021411206388471
8.625	27.5	-0.00214112190714844
8.875	27.5	-0.00214112281094836
9.125	27.5	-0.00214112307748653
9.375	27.5	-0.00214112225790902
9.625	27.5	-0.00214111961360956
9.875	27.5	-0.002141113929205
10.125	27.5	-0.00214110320478763
10.375	27.5	-0.00214108414952758
10.625	27.5	-0.00214105134839678
10.875	27.5	-0.00214099589101524
11.125	27.5	-0.00214090311542051
11.375	27.5	-0.00214074889544679
11.625	27.5	-0.002140493531623
11.875	27.5	-0.002140071698687
12.125	27.5	-0.00213937590433201
12.375	27.5	-0.00213822927087697
12.625	27.5	-0.00213634074832952
12.875	27.5	-0.00213323141971933
13.125	27.5	-0.00212811324259852
13.375	27.5	-0.00211968953465142
13.625	27.5	-0.00210582671740434
13.875	27.5	-0.00208301429143134
14.125	27.5	-0.0020454765530793
14.375	27.5	-0.00198371181117464
14.625	27.5	-0.00188209106881284
14.875	27.5	-0.00171491315102852
15.125	27.5	-0.00143993099115721
15.375	27.5	-0.000987746638831457
15.625	27.5	-0.000244489008626445
15.875	27.5	0.000976344204869169
16.125	27.5	0.00297929183714486
16.375	27.5	0.00625916043903888
16.625	27.5	0.0116132960469845
16.875	27.5	0.0203091040321452
17.125	27.5	0.034315663649069
17.375	27.5	0.0565764542698645
17.625	27.5	0.091208132943293
17.875	27.5	0.143313724580707
18.125	27.5	0.217829375143036
18.375	27.5	0.316845365784891
18.625	27.5	0.436024566801316
18.875	27.5	0.56319906664684
19.125	27.5	0.682472081588567
19.375	27.5	0.78163398534489
19.625	27.5	0.85629915233614
19.875	27.5	0.908529068233693
20.125	27.5	0.943252205616924
20.375	27.5	0.965575454600649
20.625	27.5	0.979622772290341
20.875	27.5	0.988344449321363
21.125	27.5	0.993714728753684
21.375	27.5	0.997004569448911
21.625	27.5	0.999013639236646
21.875	27.5	1.00023821765894
22.125	27.5	1.00098376207812
22.375	27.5	1.00143734173453
22.625	27.5	1.00171317549328
22.875	27.5	1.00188087385622
23.125	27.5	1.00198281350294
23.375	27.5	1.00204477453803
23.625	27.5	1.00208243398375
23.875	27.5	1.00210532273778
24.125	27.5	1.00211923426
24.375	27.5	1.00212768984266
24.625	27.5	1.00213282962355
24.875	27.5	1.00213595427098
25.125	27.5	1.00213785424945
25.375	27.5	1.00213900994748
25.625	27.5	1.00213971330905
25.875	27.5	1.00214014175487
26.125	27.5	1.00214040310703
26.375	27.5	1.00214056289101
26.625	27.5	1.00214066092781
26.875	27.5	1.00214072141732
27.125	27.5	1.00214075906622
27.375	27.5	1.00214078281198
27.625	27.5	1.00214079808603
27.875	27.5	1.00214080818913
28.125	27.5	1.00214081512723
28.375	27.5	1.00214082011935
28.625	27.5	1.00214082390635
28.875	27.5	1.00214082693845
29.125	27.5	1.00214082948931
29.375	27.5	1.00214083172522
29.625	27.5	1.00214083374731
29.875	27.5	1.00214083561706
30.125	27.5	1.00214083737185
30.375	27.5	1.00214083903446
30.625	27.5	1.00214084061878
30.875	27.5	1.00214084213328
31.125	27.5	1.00214084358316
31.375	27.5	1.00214084497164
31.625	27.5	1.00214084630071
31.875	27.5	1.00214084757164
32.125	27.5	1.00214084878524
32.375	27.5	1.00214084994207
32.625	27.5	1.0021408510425
32.875	27.5	1.00214085208681
33.125	27.5	1.00214085307522
33.375	27.5	1.0021408540079
33.625	27.5	1.002140854885
33.875	27.5	1.00214085570667
34.125	27.5	1.00214085647301
34.375	27.5	1.00214085718415
34.625	27.5	1.00214085784018
34.875	27.5	1.00214085844119
35.125	27.5	1.00214085898729
35.375	27.5	1.00214085947854
35.625	27.5	1.00214085991502
35.875	27.5	1.00214086029679
36.125	27.5	1.00214086062392
36.375	27.5	1.00214086089645
36.625	27.5	1.00214086111442
36.875	27.5	1.00214086127787
37.125	27.5	1.00214086138682
37.375	27.5	1.0021408614413
0.125	28.5	-0.00214110097264883
0.375	28.5	-0.00214110104395333
0.625	28.5	-0.00214110118659277
0.875	28.5	-0.00214110140062797
1.125	28.5	-0.00214110168615021
1.375	28.5	-0.00214110204328114
1.625	28.5	-0.00214110247217281
1.875	28.5	-0.00214110297300762
2.125	28.5	-0.00214110354599824
2.375	28.5	-0.0021411041913876
2.625	28.5	-0.00214110490944874
2.875	28.5	-0.00214110570048461
3.125	28.5	-0.00214110656482781
3.375	28.5	-0.00214110750284011
3.625	28.5	-0.00214110851491168
3.875	28.5	-0.00214110960145988
4.125	28.5	-0.0021411107629272
4.375	28.5	-0.00214111199977801
4.625	28.5	-0.0021411133124931
4.875	28.5	-0.00214111470156086
5.125	28.5	-0.00214111616746261
5.375	28.5	-0.00214111771064873
5.625	28.5	-0.00214111933149918
5.875	28.5	-0.00214112103025873
6.125	28.5	-0.00214112280693036
6.375	28.5	-0.0021411246610999
6.625	28.5	-0.00214112659164754
6.875	28.5	-0.00214112859627316
7.125	28.5	-0.00214113067071532
7.375	28.5	-0.00214113280746623
7.625	28.5	-0.0021411349936572
7.875	28.5	-0.00214113720757936
8.125	28.5	-0.00214113941295845
8.375	28.5	-0.00214114154953426
8.625	28.5	-0.00214114351755899
8.875	28.5	-0.00214114515228964
9.125	28.5	-0.00214114618201515
9.375	28.5	-0.00214114615899034
9.625	28.5	-0.00214114434578782
9.875	28.5	-0.00214113952829014
10.125	28.5	-0.00214112970796867
10.375	28.5	-0.00214111159552863
10.625	28.5	-0.00214107977770248
10.875	28.5	-0.00214102534620925
11.125	28.5	-0.00214093364170925
11.375	28.5	-0.00214078054148701
11.625	28.5	-0.00214052635084876
11.875	28.5	-0.00214010575145761
12.125	28.5	-0.00213941126143105
12.375	28.5	-0.00213826601923484
12.625	28.5	-0.00213637900040633
12.875	28.5	-0.00213327132891394
13.125	28.5	-0.00212815502857876
13.375	28.5	-0.00211973352501738
13.625	28.5	-0.00210587341623771
13.875	28.5	-0.00208306449209417
14.125	28.5	-0.00204553152381559
14.375	28.5	-0.00198377360043364
14.625	28.5	-0.00188216300728873
14.875	28.5	-0.00171500067649731
15.125	28.5	-0.00144004300184653
15.375	28.5	-0.000987897709082286
15.625	28.5	-0.000244703003011508
15.875	28.5	0.00097602827195099
16.125	28.5	0.00297881039706178
16.375	28.5	0.00625841053192791
16.625	28.5	0.01161211259822
16.875	28.5	0.0203072268596255
17.125	28.5	0.0343126942917002
17.375	28.5	0.0565718117358678
17.625	28.5	0.0912010403343334
17.875	28.5	0.14330330060314
18.125	28.5	0.217814942650813
18.375	28.5	0.316827017752189
18.625	28.5	0.436003696026795
18.875	28.5	0.563178187187288
19.125	28.5	0.682453711745002
19.375	28.5	0.781619526665292
19.625	28.5	0.856288704699663
19.875	28.5	0.908521957362829
20.125	28.5	0.943247550248678
20.375	28.5	0.965572476721563
20.625	28.5	0.979620889650828
20.875	28.5	0.98834326243682
21.125	28.5	0.993713976712999
21.375	28.5	0.997004086692282
21.625	28.5	0.999013322493261
21.875	28.5	1.00023800316518
22.125	28.5	1.00098361069887
22.375	28.5	1.00143722953108
22.625	28.5	1.00171308784595
22.875	28.5	1.00188080183912
23.125	28.5	1.00198275166146
23.375	28.5	1.00204471953124
23.625	28.5	1.00208238375697
23.875	28.5	1.00210527601898
24.125	28.5	1.00211919025352
24.375	28.5	1.00212764804301
24.625	28.5	1.00213278970226
24.875	28.5	1.00213591600788
25.125	28.5	1.0021378174908
25.375	28.5	1.00213897458063
25.625	28.5	1.00213967924694
25.875	28.5	1.00214010892664
26.125	28.5	1.00214037145226
26.375	28.5	1.00214053235624
26.625	28.5	1.00214063146435
26.875	28.5	1.00214069297996
27.125	28.5	1.00214073161235
27.375	28.5	1.00214075630109
27.625	28.5	1.0021407724794
27.875	28.5	1.00214078344957
28.125	28.5	1.00214079121892
28.375	28.5	1.00214079700774
28.625	28.5	1.00214080155806
28.875	28.5	1.00214080532123
29.125	28.5	1.00214080857192
29.375	28.5	1.00214081147747
29.625	28.5	1.00214081413992
29.875	28.5	1.00214081662167
30.125	28.5	1.00214081896096
30.375	28.5	1.0021408211814
30.625	28.5	1.00214082329765
30.875	28.5	1.00214082531895
31.125	28.5	1.00214082725119
31.375	28.5	1.00214082909828
31.625	28.5	1.00214083086286
31.875	28.5	1.0021408325468
32.125	28.5	1.00214083415151
32.375	28.5	1.00214083567807
32.625	28.5	1.00214083712739
32.875	28.5	1.00214083850023
33.125	28.5	1.00214083979728
33.375	28.5	1.00214084101914
33.625	28.5	1.00214084216638
33.875	28.5	1.0021408432395
34.125	28.5	1.00214084423898
34.375	28.5	1.00214084516525
34.625	28.5	1.00214084601873
34.875	28.5	1.00214084679979
35.125	28.5	1.00214084750875
35.375	28.5	1.00214084814595
35.625	28.5	1.00214084871164
35.875	28.5	1.00214084920609
36.125	28.5	1.0021408496295
36.375	28.5	1.00214084998206
36.625	28.5	1.00214085026392
36.875	28.5	1.00214085047521
37.125	28.5	1.00214085061602
37.375	28.5	1.00214085068641
0.125	29.5	-0.00214111056803756
0.375	29.5	-0.00214111065475977
0.625	29.5	-0.00214111082825699
0.875	29.5	-0.00214111108863484
1.125	29.5	-0.00214111143605184
1.375	29.5	-0.00214111187071949
1.625	29.5	-0.00214111239290233
1.875	29.5	-0.00214111300291815
2.125	29.5	-0.00214111370113806
2.375	29.5	-0.0021411144879867
2.625	29.5	-0.00214111536394235
2.875	29.5	-0.00214111632953705
3.125	29.5	-0.00214111738535664
3.375	29.5	-0.00214111853204066
3.625	29.5	-0.00214111977028196
3.875	29.5	-0.00214112110082595
4.125	29.5	-0.00214112252446898
4.375	29.5	-0.0021411240420556
4.625	29.5	-0.00214112565447369
4.875	29.5	-0.00214112736264613
5.125	29.5	-0.00214112916751685
5.375	29.5	-0.00214113107002756
5.625	29.5	-0.002141133071079
5.875	29.5	-0.00214113517146689
6.125	29.5	-0.00214113737177616
6.375	29.5	-0.0021411396722064
6.625	29.5	-0.00214114207228429
6.875	29.5	-0.00214114457038984
7.125	29.5	-0.00214114716297649
7.375	29.5	-0.00214114984328706
7.625	29.5	-0.00214115259924055
7.875	29.5	-0.00214115540995411
8.125	29.5	-0.00214115824001951
8.375	29.5	-0.00214116103008438
8.625	29.5	-0.00214116368135306
8.875	29.5	-0.00214116603008207
9.125	29.5	-0.00214116780561173
9.375	29.5	-0.0021411685613065
9.625	29.5	-0.00214116756091662
9.875	29.5	-0.00214116359158534
10.125	29.5	-0.00214115465615168
10.375	29.5	-0.00214113746683385
10.625	29.5	-0.00214110661208479
10.875	29.5	-0.0021410531856528
11.125	29.5	-0.00214096253070197
11.375	29.5	-0.00214081052776704
11.625	29.5	-0.00214055748659736
11.875	29.5	-0.00214013809522651
12.125	29.5	-0.00213944488127776
12.375	29.5	-0.00213830099784663
12.625	29.5	-0.00213641544349756
12.875	29.5	-0.00213330937901312
13.125	29.5	-0.00212819488768912
13.375	29.5	-0.00211977549188715
13.625	29.5	-0.0021059179476811
13.875	29.5	-0.00208311230389767
14.125	29.5	-0.0020455837567781
14.375	29.5	-0.00198383209352319
14.625	29.5	-0.00188223074681443
14.875	29.5	-0.00171508253412559
15.125	29.5	-0.00144014694558209
15.375	29.5	-0.000988036785919973
15.625	29.5	-0.000244898573133907
15.875	29.5	0.000975741291304662
16.125	29.5	0.00297837511503165
16.375	29.5	0.00625773480494813
16.625	29.5	0.0116110486916046
16.875	29.5	0.0203055419163805
17.125	29.5	0.0343100316878568
17.375	29.5	0.0565676514635307
17.625	29.5	0.0911946870120112
17.875	29.5	0.143293965358649
18.125	29.5	0.217802019268272
18.375	29.5	0.316810589283675
18.625	29.5	0.435985009030201
18.875	29.5	0.56315949203575
19.125	29.5	0.682437262797477
19.375	29.5	0.781606578695877
19.625	29.5	0.856279347243933
19.875	29.5	0.908515586897539
20.125	29.5	0.943243377929538
20.375	29.5	0.96556980611947
20.625	29.5	0.979619199576661
20.875	29.5	0.988342195305613
21.125	29.5	0.993713298983392
21.375	29.5	0.997003650174204
21.625	29.5	0.999013034751337
21.875	29.5	1.00023780712559
22.125	29.5	1.00098347133115
22.375	29.5	1.00143712540548
22.625	29.5	1.00171300587296
22.875	29.5	1.00188073402481
23.125	29.5	1.00198269311838
23.375	29.5	1.00204466726348
23.625	29.5	1.00208233591973
23.875	29.5	1.0021052314679
24.125	29.5	1.00211914827066
24.375	29.5	1.00212760817023
24.625	29.5	1.00213275164002
24.875	29.5	1.00213587955367
25.125	29.5	1.00213778250179
25.375	29.5	1.00213894095092
25.625	29.5	1.00213964689372
25.875	29.5	1.00214007778178
26.125	29.5	1.00214034145715
26.375	29.5	1.00214050345867
26.625	29.5	1.00214060361656
26.875	29.5	1.00214066613744
27.125	29.5	1.0021407057331
27.375	29.5	1.00214073134515
27.625	29.5	1.00214074840852
27.875	29.5	1.00214076022702
28.125	29.5	1.00214076880933
28.375	29.5	1.00214077537702
28.625	29.5	1.00214078067329
28.875	29.5	1.00214078515058
29.125	29.5	1.00214078908465
29.375	29.5	1.0021407926438
29.625	29.5	1.00214079593105
29.875	29.5	1.00214079900969
30.125	29.5	1.00214080191885
30.375	29.5	1.00214080468294
30.625	29.5	1.00214080731743
30.875	29.5	1.00214080983229
31.125	29.5	1.00214081223415
31.375	29.5	1.00214081452758
31.625	29.5	1.00214081671587
31.875	29.5	1.00214081880151
32.125	29.5	1.00214082078648
32.375	29.5	1.00214082267243
32.625	29.5	1.00214082446077
32.875	29.5	1.00214082615278
33.125	29.5	1.00214082774958
33.375	29.5	1.00214082925223
33.625	29.5	1.00214083066168
33.875	29.5	1.00214083197884
34.125	29.5	1.00214083320453
34.375	29.5	1.00214083433951
34.625	29.5	1.0021408353845
34.875	29.5	1.00214083634014
35.125	29.5	1.00214083720703
35.375	29.5	1.0021408379857
35.625	29.5	1.00214083867665
35.875	29.5	1.00214083928029
36.125	29.5	1.00214083979701
36.375	29.5	1.00214084022712
36.625	29.5	1.00214084057089
36.875	29.5	1.00214084082853
37.125	29.5	1.0021408410002
37.375	29.5	1.00214084108601
0.125	30.5	-0.00214111875456471
0.375	30.5	-0.00214111885583945
0.625	30.5	-0.0021411190584636
0.875	30.5	-0.0021411193625866
1.125	30.5	-0.00214111976843272
1.375	30.5	-0.00214112027630131
1.625	30.5	-0.00214112088656697
1.875	30.5	-0.00214112159967986
2.125	30.5	-0.00214112241616609
2.375	30.5	-0.00214112333662801
2.625	30.5	-0.00214112436174468
2.875	30.5	-0.00214112549227223
3.125	30.5	-0.00214112672904425
3.375	30.5	-0.00214112807297203
3.625	30.5	-0.0021411295250446
3.875	30.5	-0.00214113108632833
4.125	30.5	-0.00214113275796587
4.375	30.5	-0.00214113454117388
4.625	30.5	-0.00214113643723862
4.875	30.5	-0.00214113844750834
5.125	30.5	-0.00214114057337983
5.375	30.5	-0.00214114281627584
5.625	30.5	-0.00214114517760704
5.875	30.5	-0.00214114765870872
6.125	30.5	-0.00214115026073576
6.375	30.5	-0.00214115298448894
6.625	30.5	-0.00214115583012825
6.875	30.5	-0.0021411587967001
7.125	30.5	-0.00214116188135833
7.375	30.5	-0.00214116507808139
7.625	30.5	-0.00214116837556017
7.875	30.5	-0.00214117175372141
8.125	30.5	-0.00214117517800559
8.375	30.5	-0.00214117858995002
8.625	30.5	-0.00214118189169186
8.875	30.5	-0.0021411849204665
9.125	30.5	-0.00214118740664311
9.375	30.5	-0.00214118890467067
9.625	30.5	-0.0021411886794481
9.875	30.5	-0.00214118551934449
10.125	30.5	-0.00214117742852251
10.375	30.5	-0.00214116112065469
10.625	30.5	-0.00214113118583211
10.875	30.5	-0.00214107871971159
11.125	30.5	-0.00214098906777756
11.375	30.5	-0.00214083811352874
11.625	30.5	-0.00214058617070287
11.875	30.5	-0.00214016793297227
12.125	30.5	-0.00213947593627922
12.375	30.5	-0.00213833334641349
12.625	30.5	-0.00213644918179976
12.875	30.5	-0.00213334463484159
13.125	30.5	-0.00212823183978255
13.375	30.5	-0.00211981440171632
13.625	30.5	-0.00210595921174329
13.875	30.5	-0.00208315653977193
14.125	30.5	-0.00204563194473562
14.375	30.5	-0.00198388580950932
14.625	30.5	-0.00188229254558612
14.875	30.5	-0.00171515657881559
15.125	30.5	-0.00144024004080058
15.375	30.5	-0.000988160069296809
15.625	30.5	-0.000245070274829083
15.875	30.5	0.000975491374097816
16.125	30.5	0.00297799843594582
16.375	30.5	0.00625715273629122
16.625	30.5	0.0116101351668894
16.875	30.5	0.020304098225846
17.125	30.5	0.0343077534930517
17.375	30.5	0.0565640949767172
17.625	30.5	0.0911892587467188
17.875	30.5	0.143285991991257
18.125	30.5	0.217790983307094
18.375	30.5	0.31679656147859
18.625	30.5	0.43596905322563
18.875	30.5	0.563143528986423
19.125	30.5	0.682423216799605
19.375	30.5	0.781595520893812
19.625	30.5	0.856271354147352
19.875	30.5	0.908510143406136
20.125	30.5	0.943239810743714
20.375	30.5	0.96556752082161
20.625	30.5	0.979617751329497
20.875	30.5	0.988341278917008
21.125	30.5	0.993712715135747
21.375	30.5	0.997003272396636
21.625	30.5	0.999012784157064
21.875	30.5	1.00023763500583
22.125	30.5	1.0009833477882
22.375	30.5	1.00143703214745
22.625	30.5	1.0017129317245
22.875	30.5	1.0018806721583
23.125	30.5	1.00198263935669
23.375	30.5	1.00204461904334
23.625	30.5	1.00208229166001
23.875	30.5	1.00210519018519
24.125	30.5	1.00211910934545
24.375	30.5	1.00212757120486
24.625	30.5	1.0021327163723
24.875	30.5	1.00213584580443
25.125	30.5	1.00213775014296
25.375	30.5	1.00213890988616
25.625	30.5	1.00213961704662
25.875	30.5	1.00214004908864
26.125	30.5	1.00214031386264
26.375	30.5	1.00214047691309
26.625	30.5	1.00214057807422
26.875	30.5	1.00214064155562
27.125	30.5	1.0021406820714
27.375	30.5	1.00214070856508
27.625	30.5	1.00214072647324
27.875	30.5	1.00214073910113
28.125	30.5	1.00214074845876
28.375	30.5	1.00214075576893
28.625	30.5	1.00214076177597
28.875	30.5	1.00214076693345
29.125	30.5	1.00214077151811
29.375	30.5	1.00214077569926
29.625	30.5	1.00214077958084
29.875	30.5	1.00214078322703
30.125	30.5	1.00214078667782
30.375	30.5	1.00214078995842
30.625	30.5	1.00214079308507
30.875	30.5	1.00214079606849
31.125	30.5	1.00214079891599
31.375	30.5	1.00214080163282
31.625	30.5	1.0021408042229
31.875	30.5	1.00214080668933
32.125	30.5	1.00214080903464
32.375	30.5	1.00214081126103
32.625	30.5	1.00214081337044
32.875	30.5	1.00214081536459
33.125	30.5	1.00214081724509
33.375	30.5	1.0021408190134
33.625	30.5	1.0021408206709
33.875	30.5	1.00214082221884
34.125	30.5	1.00214082365839
34.375	30.5	1.00214082499066
34.625	30.5	1.00214082621663
34.875	30.5	1.00214082733723
35.125	30.5	1.0021408283533
35.375	30.5	1.00214082926561
35.625	30.5	1.00214083007484
35.875	30.5	1.0021408307816
36.125	30.5	1.00214083138641
36.375	30.5	1.00214083188973
36.625	30.5	1.00214083229194
36.875	30.5	1.00214083259333
37.125	30.5	1.00214083279414
37.375	30.5	1.00214083289451
0.125	31.5	-0.00214112529198463
0.375	31.5	-0.00214112540658568
0.625	31.5	-0.00214112563588332
0.875	31.5	-0.00214112598006874
1.125	31.5	-0.00214112643942893
1.375	31.5	-0.002141127014347
1.625	31.5	-0.00214112770530249
1.875	31.5	-0.00214112851287185
2.125	31.5	-0.00214112943772893
2.375	31.5	-0.00214113048064561
2.625	31.5	-0.00214113164249243
2.875	31.5	-0.00214113292423929
3.125	31.5	-0.00214113432695609
3.375	31.5	-0.00214113585181339
3.625	31.5	-0.00214113750008276
3.875	31.5	-0.00214113927313687
4.125	31.5	-0.00214114117244882
4.375	31.5	-0.00214114319959035
4.625	31.5	-0.00214114535622803
4.875	31.5	-0.00214114764411613
5.125	31.5	-0.00214115006508378
5.375	31.5	-0.00214115262101307
5.625	31.5	-0.00214115531380163
5.875	31.5	-0.00214115814530005
6.125	31.5	-0.00214116111720765
6.375	31.5	-0.00214116423089957
6.625	31.5	-0.00214116748714093
6.875	31.5	-0.00214117088561491
7.125	31.5	-0.00214117442414483
7.375	31.5	-0.00214117809741222
7.625	31.5	-0.00214118189484592
7.875	31.5	-0.00214118579714661
8.125	31.5	-0.00214118977056617
8.375	31.5	-0.00214119375749238
8.625	31.5	-0.0021411976609539
8.875	31.5	-0.00214120131912116
9.125	31.5	-0.00214120446334533
9.375	31.5	-0.00214120664910909
9.625	31.5	-0.00214120714240363
9.875	31.5	-0.00214120473275972
10.125	31.5	-0.00214119742558748
10.375	31.5	-0.00214118193591919
10.625	31.5	-0.00214115285536038
10.875	31.5	-0.00214110128130595
11.125	31.5	-0.00214101256131461
11.375	31.5	-0.0021408625814798
11.625	31.5	-0.0021406116589569
11.875	31.5	-0.00214019449215601
12.125	31.5	-0.00213950362389521
12.375	31.5	-0.0021383622303244
12.625	31.5	-0.00213647934592925
12.875	31.5	-0.00213337618852529
13.125	31.5	-0.0021282649331301
13.375	31.5	-0.00211984925087229
13.625	31.5	-0.0021059961404479
13.875	31.5	-0.00208319604775609
14.125	31.5	-0.0020456748202795
14.375	31.5	-0.00198393331464659
14.625	31.5	-0.00188234672070555
14.875	31.5	-0.00171522074323455
15.125	31.5	-0.00144031961428977
15.375	31.5	-0.000988263917346676
15.625	31.5	-0.000245212903490463
15.875	31.5	0.000975286258962457
16.125	31.5	0.00297769221508548
16.375	31.5	0.00625668286125222
16.625	31.5	0.0116094013492787
16.875	31.5	0.0203029423811575
17.125	31.5	0.0343059334899132
17.375	31.5	0.0565612577159681
17.625	31.5	0.0911849319889359
17.875	31.5	0.143279639925668
18.125	31.5	0.217782194069217
18.375	31.5	0.316785391264331
18.625	31.5	0.435956348537743
18.875	31.5	0.563130818346363
19.125	31.5	0.682412031638889
19.375	31.5	0.781586713713282
19.625	31.5	0.856264985874967
19.875	31.5	0.908505804141492
20.125	31.5	0.943236964695133
20.375	31.5	0.965565694984293
20.625	31.5	0.97961659174191
20.875	31.5	0.988340542746479
21.125	31.5	0.993712243798521
21.375	31.5	0.997002965272229
21.625	31.5	0.999012578484292
21.875	31.5	1.00023749203211
22.125	31.5	1.00098324372518
22.375	31.5	1.00143695243843
22.625	31.5	1.00171286747303
22.875	31.5	1.00188061792574
23.125	31.5	1.00198259181224
23.375	31.5	1.00204457613962
23.625	31.5	1.00208225213074
23.875	31.5	1.00210515323951
24.125	31.5	1.00211907448205
24.375	31.5	1.00212753809904
24.625	31.5	1.00213268480733
24.875	31.5	1.00213581562983
25.125	31.5	1.00213772124919
25.375	31.5	1.00213888218913
25.625	31.5	1.00213959047839
25.875	31.5	1.00214002359164
26.125	31.5	1.00214028938621
26.375	31.5	1.00214045341131
26.625	31.5	1.0021405555046
26.875	31.5	1.00214061987826
27.125	31.5	1.00214066124849
27.375	31.5	1.00214068856054
27.625	31.5	1.00214070725251
27.875	31.5	1.00214072063101
28.125	31.5	1.00214073070731
28.375	31.5	1.00214073870535
28.625	31.5	1.00214074537058
28.875	31.5	1.00214075115757
29.125	31.5	1.00214075634407
29.375	31.5	1.00214076110031
29.625	31.5	1.00214076553114
29.875	31.5	1.00214076970157
30.125	31.5	1.00214077365241
30.375	31.5	1.00214077740965
30.625	31.5	1.00214078099026
30.875	31.5	1.00214078440565
31.125	31.5	1.00214078766384
31.375	31.5	1.00214079077068
31.625	31.5	1.00214079373071
31.875	31.5	1.00214079654759
32.125	31.5	1.00214079922443
32.375	31.5	1.00214080176391
32.625	31.5	1.00214080416847
32.875	31.5	1.00214080644029
33.125	31.5	1.00214080858141
33.375	31.5	1.00214081059371
33.625	31.5	1.00214081247892
33.875	31.5	1.00214081423866
34.125	31.5	1.00214081587445
34.375	31.5	1.00214081738767
34.625	31.5	1.00214081877962
34.875	31.5	1.00214082005147
35.125	31.5	1.00214082120429
35.375	31.5	1.00214082223908
35.625	31.5	1.0021408231567
35.875	31.5	1.00214082395793
36.125	31.5	1.00214082464345
36.375	31.5	1.00214082521383
36.625	31.5	1.00214082566956
36.875	31.5	1.00214082601102
37.125	31.5	1.00214082623851
37.375	31.5	1.0021408263522
0.125	32.5	-0.00214112996012935
0.375	32.5	-0.00214113008648614
0.625	32.5	-0.00214113033931461
0.875	32.5	-0.00214113071884465
1.125	32.5	-0.00214113122542139
1.375	32.5	-0.0021411318595056
1.625	32.5	-0.00214113262167408
1.875	32.5	-0.00214113351262035
2.125	32.5	-0.00214113453315527
2.375	32.5	-0.00214113568420789
2.625	32.5	-0.00214113696682631
2.875	32.5	-0.00214113838217865
3.125	32.5	-0.00214113993155399
3.375	32.5	-0.00214114161636336
3.625	32.5	-0.00214114343814044
3.875	32.5	-0.00214114539854203
4.125	32.5	-0.00214114749934787
4.375	32.5	-0.00214114974245923
4.625	32.5	-0.00214115212989564
4.875	32.5	-0.00214115466378823
5.125	32.5	-0.00214115734636757
5.375	32.5	-0.00214116017994221
5.625	32.5	-0.00214116316686205
5.875	32.5	-0.00214116630945634
6.125	32.5	-0.00214116960993018
6.375	32.5	-0.00214117307019242
6.625	32.5	-0.00214117669157052
6.875	32.5	-0.00214118047433963
7.125	32.5	-0.0021411844169454
7.375	32.5	-0.00214118851472316
7.625	32.5	-0.00214119275778796
7.875	32.5	-0.0021411971275603
8.125	32.5	-0.0021412015910467
8.375	32.5	-0.00214120609142582
8.625	32.5	-0.00214121053255517
8.875	32.5	-0.00214121475347405
9.125	32.5	-0.0021412184864452
9.375	32.5	-0.00214122128790921
9.625	32.5	-0.00214122242486686
9.875	32.5	-0.00214122068791786
10.125	32.5	-0.00214121408361277
10.375	32.5	-0.00214119932821451
10.625	32.5	-0.0021411710146798
10.875	32.5	-0.00214112024192392
11.125	32.5	-0.00214103235927452
11.375	32.5	-0.00214088325497231
11.625	32.5	-0.00214063324891098
11.875	32.5	-0.00214021704317959
12.125	32.5	-0.00213952718579071
12.375	32.5	-0.00213838686055072
12.625	32.5	-0.00213650511362219
12.875	32.5	-0.00213340318108488
13.125	32.5	-0.00212829326703622
13.375	32.5	-0.00211987908946539
13.625	32.5	-0.00210602772318173
13.875	32.5	-0.00208322973834213
14.125	32.5	-0.00204571118593137
14.375	32.5	-0.0019839732564948
14.625	32.5	-0.00188239168833425
14.875	32.5	-0.00171527308732305
15.125	32.5	-0.00144038316548246
15.375	32.5	-0.000988344934365559
15.625	32.5	-0.000245321620316298
15.875	32.5	0.000975133123642558
16.125	32.5	0.00297746742881699
16.375	32.5	0.00625634231904766
16.625	32.5	0.0116088743314716
16.875	32.5	0.0203021174033492
17.125	32.5	0.0343046397788476
17.375	32.5	0.0565592462060596
17.625	32.5	0.0911818695376232
17.875	32.5	0.143275148495066
18.125	32.5	0.217775983014929
18.375	32.5	0.316777500154377
18.625	32.5	0.435947374595464
18.875	32.5	0.563121840104666
19.125	32.5	0.682404129733048
19.375	32.5	0.781580489699671
19.625	32.5	0.856260482739536
19.875	32.5	0.908502732657959
20.125	32.5	0.943234946838856
20.375	32.5	0.965564397059573
20.625	32.5	0.979615764060208
20.875	32.5	0.988340014028069
21.125	32.5	0.993711902198538
21.375	32.5	0.997002739831283
21.625	32.5	0.999012424943872
21.875	32.5	1.00023738306356
22.125	32.5	1.00098316255031
22.375	32.5	1.00143688878673
22.625	32.5	1.00171281506344
22.875	32.5	1.00188057291403
23.125	32.5	1.00198255183945
23.375	32.5	1.00204453975113
23.625	32.5	1.00208221842235
23.875	32.5	1.00210512164214
24.125	32.5	1.00211904463086
24.375	32.5	1.00212750975388
24.625	32.5	1.00213265780443
24.875	32.5	1.00213578985245
25.125	32.5	1.00213769660975
25.375	32.5	1.0021388586184
25.625	32.5	1.00213956791884
25.875	32.5	1.00214000199343
26.125	32.5	1.0021402687047
26.375	32.5	1.00214043360554
26.625	32.5	1.00214053653637
26.875	32.5	1.0021406017115
27.125	32.5	1.00214064384892
27.375	32.5	1.00214067189541
27.625	32.5	1.00214069129039
27.875	32.5	1.00214070534173
28.125	32.5	1.00214071606183
28.375	32.5	1.00214072467569
28.625	32.5	1.00214073192978
28.875	32.5	1.00214073827964
29.125	32.5	1.00214074400391
29.375	32.5	1.00214074927371
29.625	32.5	1.0021407541947
29.875	32.5	1.0021407588327
30.125	32.5	1.00214076322925
30.375	32.5	1.00214076741109
30.625	32.5	1.00214077139585
30.875	32.5	1.00214077519562
31.125	32.5	1.00214077881901
31.375	32.5	1.00214078227249
31.625	32.5	1.00214078556115
31.875	32.5	1.00214078868919
32.125	32.5	1.00214079166021
32.375	32.5	1.00214079447739
32.625	32.5	1.00214079714361
32.875	32.5	1.00214079966148
33.125	32.5	1.00214080203344
33.375	32.5	1.00214080426175
33.625	32.5	1.00214080634848
33.875	32.5	1.00214080829561
34.125	32.5	1.00214081010494
34.375	32.5	1.00214081177814
34.625	32.5	1.00214081331678
34.875	32.5	1.00214081472226
35.125	32.5	1.00214081599588
35.375	32.5	1.00214081713883
35.625	32.5	1.00214081815214
35.875	32.5	1.00214081903677
36.125	32.5	1.00214081979351
36.375	32.5	1.00214082042307
36.625	32.5	1.00214082092602
36.875	32.5	1.00214082130284
37.125	32.5	1.00214082155385
37.375	32.5	1.0021408216793
0.125	33.5	-0.00214113256459155
0.375	33.5	-0.00214113270081423
0.625	33.5	-0.00214113297339182
0.875	33.5	-0.00214113338258889
1.125	33.5	-0.00214113392880271
1.375	33.5	-0.00214113461256364
1.625	33.5	-0.00214113543453571
1.875	33.5	-0.00214113639551738
2.125	33.5	-0.00214113749644238
2.375	33.5	-0.00214113873838068
2.625	33.5	-0.00214114012253963
2.875	33.5	-0.00214114165026516
3.125	33.5	-0.00214114332304295
3.375	33.5	-0.00214114514249976
3.625	33.5	-0.00214114711040447
3.875	33.5	-0.0021411492286689
4.125	33.5	-0.00214115149934799
4.375	33.5	-0.00214115392463885
4.625	33.5	-0.00214115650687794
4.875	33.5	-0.00214115924853488
5.125	33.5	-0.0021411621522008
5.375	33.5	-0.00214116522056747
5.625	33.5	-0.00214116845639118
5.875	33.5	-0.00214117186243146
6.125	33.5	-0.00214117544134817
6.375	33.5	-0.00214117919553008
6.625	33.5	-0.00214118312681055
6.875	33.5	-0.00214118723599728
7.125	33.5	-0.00214119152209602
7.375	33.5	-0.0021411959810306
7.625	33.5	-0.00214120060353385
7.875	33.5	-0.0021412053716744
8.125	33.5	-0.00214121025313828
8.375	33.5	-0.00214121519181622
8.625	33.5	-0.00214122009231173
8.875	33.5	-0.00214122479444559
9.125	33.5	-0.0021412290312994
9.375	33.5	-0.00214123236017246
9.625	33.5	-0.00214123404896736
9.875	33.5	-0.00214123288923339
10.125	33.5	-0.00214122688852529
10.375	33.5	-0.00214121276417538
10.625	33.5	-0.0021411851102913
10.875	33.5	-0.00214113502704716
11.125	33.5	-0.00214104786517969
11.375	33.5	-0.0021408995145579
11.625	33.5	-0.00214065029703588
11.875	33.5	-0.00214023491718025
12.125	33.5	-0.00213954592630275
12.375	33.5	-0.00213840651283157
12.625	33.5	-0.00213652572969921
12.875	33.5	-0.00213342482326405
13.125	33.5	-0.00212831601365361
13.375	33.5	-0.00211990304433591
13.625	33.5	-0.00210605303114251
13.875	33.5	-0.00208325661084041
14.125	33.5	-0.00204573994316041
14.375	33.5	-0.00198400439677725
14.625	33.5	-0.00188242600233064
14.875	33.5	-0.00171531184587863
15.125	33.5	-0.0014404284281743
15.375	33.5	-0.000988400055164475
15.625	33.5	-0.000245392073220828
15.875	33.5	0.000975038404758484
16.125	33.5	0.002977333897933
16.375	33.5	0.00625614641963968
16.625	33.5	0.0116085782876071
16.875	33.5	0.0203016616505046
17.125	33.5	0.0343039330496403
17.375	33.5	0.0565581553504173
17.625	33.5	0.0911802164026392
17.875	33.5	0.143272730854097
18.125	33.5	0.217772645325466
18.375	33.5	0.316773263506878
18.625	33.5	0.435942558493812
18.875	33.5	0.563117021668412
19.125	33.5	0.682399887223649
19.375	33.5	0.781577144974207
19.625	33.5	0.856258058744154
19.875	33.5	0.908501074619552
20.125	33.5	0.943233852537438
20.375	33.5	0.965563688041649
20.625	33.5	0.979615306837456
20.875	33.5	0.988339717058248
21.125	33.5	0.993711705721587
21.375	33.5	0.997002605941288
21.625	33.5	0.999012330001101
21.875	33.5	1.00023731246989
22.125	33.5	1.00098310733962
22.375	33.5	1.00143684346527
22.625	33.5	1.00171277626517
22.875	33.5	1.001880538572
23.125	33.5	1.00198252067834
23.375	33.5	1.00204451097756
23.625	33.5	1.00208219153634
23.875	33.5	1.00210509632249
24.125	33.5	1.00211902066549
24.375	33.5	1.00212748699758
24.625	33.5	1.00213263615315
24.875	33.5	1.00213576922771
25.125	33.5	1.00213767694915
25.375	33.5	1.00213883986985
25.625	33.5	1.00213955003704
25.875	33.5	1.00213998493772
26.125	33.5	1.00214025243772
26.375	33.5	1.00214041809242
26.625	33.5	1.00214052174419
26.875	33.5	1.00214058760899
27.125	33.5	1.00214063040621
27.375	33.5	1.00214065908388
27.625	33.5	1.00214067908259
27.875	33.5	1.00214069371127
28.125	33.5	1.00214070498331
28.375	33.5	1.00214071412469
28.625	33.5	1.00214072188277
28.875	33.5	1.00214072871394
29.125	33.5	1.00214073489767
29.375	33.5	1.00214074060586
29.625	33.5	1.00214074594491
29.875	33.5	1.00214075098135
30.125	33.5	1.00214075575742
30.375	33.5	1.00214076030048
30.625	33.5	1.00214076462881
30.875	33.5	1.00214076875505
31.125	33.5	1.00214077268841
31.375	33.5	1.00214077643586
31.625	33.5	1.00214078000302
31.875	33.5	1.00214078339455
32.125	33.5	1.00214078661453
32.375	33.5	1.00214078966654
32.625	33.5	1.00214079255389
32.875	33.5	1.00214079527957
33.125	33.5	1.00214079784637
33.375	33.5	1.00214080025689
33.625	33.5	1.00214080251353
33.875	33.5	1.00214080461855
34.125	33.5	1.00214080657404
34.375	33.5	1.00214080838192
34.625	33.5	1.00214081004398
34.875	33.5	1.00214081156185
35.125	33.5	1.00214081293704
35.375	33.5	1.00214081417089
35.625	33.5	1.00214081526461
35.875	33.5	1.00214081621928
36.125	33.5	1.00214081703584
36.375	33.5	1.00214081771509
36.625	33.5	1.00214081825769
36.875	33.5	1.00214081866417
37.125	33.5	1.00214081893494
37.375	33.5	1.00214081907026
0.125	34.5	-0.00214113294199598
0.375	34.5	-0.00214113308590836
0.625	34.5	-0.00214113337388021
0.875	34.5	-0.00214113380620596
1.125	34.5	-0.00214113438332761
1.375	34.5	-0.00214113510583533
1.625	34.5	-0.0021411359744681
1.875	34.5	-0.00214113699011457
2.125	34.5	-0.00214113815381404
2.375	34.5	-0.00214113946675762
2.625	34.5	-0.00214114093028956
2.875	34.5	-0.00214114254590862
3.125	34.5	-0.00214114431526959
3.375	34.5	-0.00214114624018477
3.625	34.5	-0.00214114832262536
3.875	34.5	-0.00214115056472261
4.125	34.5	-0.00214115296876832
4.375	34.5	-0.00214115553721428
4.625	34.5	-0.00214115827266986
4.875	34.5	-0.00214116117789622
5.125	34.5	-0.00214116425579515
5.375	34.5	-0.00214116750938868
5.625	34.5	-0.0021411709417835
5.875	34.5	-0.00214117455611017
6.125	34.5	-0.00214117835542086
6.375	34.5	-0.00214118234251853
6.625	34.5	-0.00214118651967322
6.875	34.5	-0.00214119088815253
7.125	34.5	-0.00214119544744605
7.375	34.5	-0.00214120019398608
7.625	34.5	-0.00214120511903945
7.875	34.5	-0.00214121020523504
8.125	34.5	-0.00214121542084632
8.375	34.5	-0.00214122071037956
8.625	34.5	-0.00214122597908283
8.875	34.5	-0.0021412310674515
9.125	34.5	-0.00214123570927284
9.375	34.5	-0.00214123946258397
9.625	34.5	-0.0021412415960586
9.875	34.5	-0.00214124090205166
10.125	34.5	-0.00214123538895934
10.375	34.5	-0.00214122177499255
10.625	34.5	-0.00214119465517625
10.875	34.5	-0.00214114513064241
11.125	34.5	-0.00214105855312836
11.375	34.5	-0.0021409108135494
11.625	34.5	-0.00214066223485586
11.875	34.5	-0.00214024752276692
12.125	34.5	-0.00213955922981362
12.375	34.5	-0.00213842054572725
12.625	34.5	-0.00213654052485619
12.875	34.5	-0.00213344041513691
13.125	34.5	-0.00212833243852207
13.375	34.5	-0.00211992034069765
13.625	34.5	-0.00210607124035609
13.875	34.5	-0.00208327577819623
14.125	34.5	-0.00204576011968267
14.375	34.5	-0.00198402564226983
14.625	34.5	-0.00188244839053183
14.875	34.5	-0.00171533547317723
15.125	34.5	-0.00144045342831057
15.375	34.5	-0.000988426623928815
15.625	34.5	-0.000245420509717548
15.875	34.5	0.000975007629723816
16.125	34.5	0.00297730002986232
16.375	34.5	0.00625610824034267
16.625	34.5	0.011608533834637
16.875	34.5	0.0203016078025864
17.125	34.5	0.0343038649732353
17.375	34.5	0.0565580659138971
17.625	34.5	0.0911800959553918
17.875	34.5	0.143272568315894
18.125	34.5	0.217772432053124
18.375	34.5	0.316773000530509
18.625	34.5	0.435942263406053
18.875	34.5	0.563116726449504
19.125	34.5	0.682399623918397
19.375	34.5	0.781576931307823
19.625	34.5	0.856257895850448
19.875	34.5	0.908500953897524
20.125	34.5	0.943233762906444
20.375	34.5	0.965563619833915
20.625	34.5	0.979615252902469
20.875	34.5	0.988339672547341
21.125	34.5	0.99371166750286
21.375	34.5	0.997002572045324
21.625	34.5	0.999012299205308
21.875	34.5	1.00023728401705
22.125	34.5	1.00098308075728
22.375	34.5	1.00143681845331
22.625	34.5	1.0017127526272
22.875	34.5	1.00188051617392
23.125	34.5	1.00198249942353
23.375	34.5	1.00204449079215
23.625	34.5	1.00208217236044
23.875	34.5	1.00210507810501
24.125	34.5	1.00211900336112
24.375	34.5	1.00212747056493
24.625	34.5	1.0021326205537
24.875	34.5	1.00213575442516
25.125	34.5	1.00213766290904
25.375	34.5	1.0021388265593
25.625	34.5	1.00213953742457
25.875	34.5	1.00213997299317
26.125	34.5	1.00214024113213
26.375	34.5	1.00214040739801
26.625	34.5	1.00214051163426
26.875	34.5	1.00214057805789
27.125	34.5	1.00214062138929
27.375	34.5	1.00214065057745
27.625	34.5	1.00214067106387
27.875	34.5	1.00214068615837
28.125	34.5	1.00214069787519
28.375	34.5	1.00214070744109
28.625	34.5	1.00214071560422
28.875	34.5	1.0021407228217
29.125	34.5	1.00214072937371
29.375	34.5	1.00214073543282
29.625	34.5	1.00214074110608
29.875	34.5	1.00214074646065
30.125	34.5	1.00214075153932
30.375	34.5	1.00214075637004
30.625	34.5	1.00214076097161
30.875	34.5	1.0021407653572
31.125	34.5	1.00214076953648
31.375	34.5	1.0021407735169
31.625	34.5	1.00214077730449
31.875	34.5	1.00214078090435
32.125	34.5	1.00214078432094
32.375	34.5	1.00214078755822
32.625	34.5	1.00214079061983
32.875	34.5	1.00214079350911
33.125	34.5	1.00214079622916
33.375	34.5	1.00214079878286
33.625	34.5	1.0021408011729
33.875	34.5	1.00214080340178
34.125	34.5	1.00214080547182
34.375	34.5	1.00214080738518
34.625	34.5	1.00214080914384
34.875	34.5	1.00214081074962
35.125	34.5	1.0021408122042
35.375	34.5	1.00214081350906
35.625	34.5	1.00214081466557
35.875	34.5	1.00214081567492
36.125	34.5	1.00214081653815
36.375	34.5	1.00214081725615
36.625	34.5	1.00214081782967
36.875	34.5	1.00214081825929
37.125	34.5	1.00214081854546
37.375	34.5	1.00214081868847
0.125	35.5	-0.00214113096472869
0.375	35.5	-0.00214113111390843
0.625	35.5	-0.00214113141242708
0.875	35.5	-0.00214113186060316
1.125	35.5	-0.00214113245891497
1.375	35.5	-0.0021411332080011
1.625	35.5	-0.00214113410866122
1.875	35.5	-0.00214113516185703
2.125	35.5	-0.00214113636871337
2.375	35.5	-0.00214113773051951
2.625	35.5	-0.00214113924873066
2.875	35.5	-0.00214114092496951
3.125	35.5	-0.00214114276102794
3.375	35.5	-0.00214114475886878
3.625	35.5	-0.0021411469206274
3.875	35.5	-0.00214114924861316
4.125	35.5	-0.00214115174531019
4.375	35.5	-0.00214115441337716
4.625	35.5	-0.00214115725564521
4.875	35.5	-0.00214116027511252
5.125	35.5	-0.00214116347493356
5.375	35.5	-0.00214116685839909
5.625	35.5	-0.00214117042890105
5.875	35.5	-0.00214117418987222
6.125	35.5	-0.00214117814468448
6.375	35.5	-0.00214118229647845
6.625	35.5	-0.00214118664788043
6.875	35.5	-0.00214119120053337
7.125	35.5	-0.0021411959543219
7.375	35.5	-0.00214120090609377
7.625	35.5	-0.00214120604755217
7.875	35.5	-0.00214121136178403
8.125	35.5	-0.00214121681754307
8.375	35.5	-0.00214122235983873
8.625	35.5	-0.0021412278944456
8.875	35.5	-0.00214123326240935
9.125	35.5	-0.00214123819809144
9.375	35.5	-0.00214124226012666
9.625	35.5	-0.00214124471780876
9.875	35.5	-0.00214124436413261
10.125	35.5	-0.00214123920814948
10.375	35.5	-0.00214122596873229
10.625	35.5	-0.00214119924156054
10.875	35.5	-0.00214115012838906
11.125	35.5	-0.00214106398150582
11.375	35.5	-0.00214091669223736
11.625	35.5	-0.00214066858369442
11.875	35.5	-0.00214025436132232
12.125	35.5	-0.00213956657664149
12.375	35.5	-0.00213842841713838
12.625	35.5	-0.00213654893286411
12.875	35.5	-0.00213344936406055
13.125	35.5	-0.00212834191937828
13.375	35.5	-0.00211993032196217
13.625	35.5	-0.00210608165275828
13.875	35.5	-0.00208328648971418
14.125	35.5	-0.00204577089444542
14.375	35.5	-0.00198403607304444
14.625	35.5	-0.00188245778788303
14.875	35.5	-0.001715342683647
15.125	35.5	-0.0014404565365571
15.375	35.5	-0.000988422465818298
15.625	35.5	-0.000245403879228291
15.875	35.5	0.000975045264629238
16.125	35.5	0.00297737258562649
16.375	35.5	0.00625623826144349
16.625	35.5	0.0116087574557761
16.875	35.5	0.0203019819452793
17.125	35.5	0.034304476750712
17.375	35.5	0.0565590422519596
17.625	35.5	0.0911816064566138
17.875	35.5	0.143274805244237
18.125	35.5	0.217775543041167
18.375	35.5	0.316776965270641
18.625	35.5	0.435946778313045
18.875	35.5	0.563121243571298
19.125	35.5	0.682403594220291
19.375	35.5	0.781580048972649
19.625	35.5	0.856260138809008
19.875	35.5	0.908502469050575
20.125	35.5	0.943234742510271
20.375	35.5	0.96556423377585
20.625	35.5	0.979615628429508
20.875	35.5	0.988339897034105
21.125	35.5	0.993711798057073
21.375	35.5	0.997002644925635
21.625	35.5	0.999012337035647
21.875	35.5	1.00023730076369
22.125	35.5	1.00098308498312
22.375	35.5	1.00143681538332
22.625	35.5	1.00171274543711
22.875	35.5	1.00188050678614
23.125	35.5	1.00198248899582
23.375	35.5	1.00204448001656
23.625	35.5	1.0020821616458
23.875	35.5	1.00210506768814
24.125	35.5	1.00211899337462
24.375	35.5	1.00212746107843
24.625	35.5	1.00213261159893
24.875	35.5	1.00213574601122
25.125	35.5	1.0021376550317
25.375	35.5	1.00213881920657
25.625	35.5	1.00213953058018
25.875	35.5	1.00213996663856
26.125	35.5	1.00214023524776
26.375	35.5	1.00214040196402
26.625	35.5	1.00214050663098
26.875	35.5	1.00214057346606
27.125	35.5	1.00214061719018
27.375	35.5	1.00214064675296
27.625	35.5	1.00214066759656
27.875	35.5	1.00214068303146
28.125	35.5	1.00214069507255
28.375	35.5	1.00214070494724
28.625	35.5	1.00214071340428
28.875	35.5	1.00214072090141
29.125	35.5	1.00214072771938
29.375	35.5	1.0021407340313
29.625	35.5	1.00214073994475
29.875	35.5	1.00214074552739
30.125	35.5	1.00214075082252
30.375	35.5	1.00214075585851
30.625	35.5	1.00214076065461
30.875	35.5	1.00214076522441
31.125	35.5	1.00214076957797
31.375	35.5	1.00214077372312
31.625	35.5	1.00214077766624
31.875	35.5	1.00214078141278
32.125	35.5	1.0021407849675
32.375	35.5	1.00214078833468
32.625	35.5	1.00214079151824
32.875	35.5	1.00214079452178
33.125	35.5	1.00214079734866
33.375	35.5	1.002140800002
33.625	35.5	1.00214080248471
33.875	35.5	1.00214080479949
34.125	35.5	1.00214080694887
34.375	35.5	1.00214080893516
34.625	35.5	1.00214081076053
34.875	35.5	1.00214081242695
35.125	35.5	1.00214081393621
35.375	35.5	1.00214081528995
35.625	35.5	1.00214081648963
35.875	35.5	1.00214081753653
36.125	35.5	1.0021408184318
36.375	35.5	1.00214081917639
36.625	35.5	1.0021408197711
36.875	35.5	1.00214082021657
37.125	35.5	1.00214082051329
37.375	35.5	1.00214082066157
0.125	36.5	-0.00214112654500475
0.375	36.5	-0.00214112669683006
0.625	36.5	-0.00214112700064874
0.875	36.5	-0.00214112745679712
1.125	36.5	-0.00214112806578022
1.375	36.5	-0.00214112882827237
1.625	36.5	-0.00214112974511801
1.875	36.5	-0.00214113081733275
2.125	36.5	-0.00214113204610456
2.375	36.5	-0.00214113343279523
2.625	36.5	-0.00214113497894191
2.875	36.5	-0.00214113668625887
3.125	36.5	-0.00214113855663938
3.375	36.5	-0.0021411405921576
3.625	36.5	-0.00214114279507044
3.875	36.5	-0.00214114516781914
4.125	36.5	-0.00214114771303039
4.375	36.5	-0.00214115043351629
4.625	36.5	-0.00214115333227252
4.875	36.5	-0.0021411564124733
5.125	36.5	-0.0021411596774609
5.375	36.5	-0.00214116313072598
5.625	36.5	-0.00214116677587281
5.875	36.5	-0.00214117061655936
6.125	36.5	-0.00214117465639591
6.375	36.5	-0.00214117889877514
6.625	36.5	-0.00214118334658945
6.875	36.5	-0.00214118800176245
7.125	36.5	-0.00214119286447445
7.375	36.5	-0.00214119793188427
7.625	36.5	-0.0021412031960222
7.875	36.5	-0.00214120864031854
8.125	36.5	-0.00214121423388724
8.375	36.5	-0.00214121992211492
8.625	36.5	-0.00214122561117047
8.875	36.5	-0.00214123114251068
9.125	36.5	-0.00214123625092402
9.375	36.5	-0.00214124049548636
9.625	36.5	-0.00214124314594298
9.875	36.5	-0.00214124299574441
10.125	36.5	-0.00214123805439084
10.375	36.5	-0.00214122504117882
10.625	36.5	-0.00214119855215543
10.875	36.5	-0.00214114968933551
11.125	36.5	-0.00214106380507453
11.375	36.5	-0.00214091679043342
11.625	36.5	-0.00214066896769257
11.875	36.5	-0.0021402550405205
12.125	36.5	-0.00213956755708602
12.375	36.5	-0.00213842969891506
12.625	36.5	-0.00213655050578809
12.875	36.5	-0.00213345120056765
13.125	36.5	-0.00212834396281355
13.375	36.5	-0.00211993246729886
13.625	36.5	-0.00210608371486994
13.875	36.5	-0.00208328815118327
14.125	36.5	-0.00204577161973875
14.375	36.5	-0.00198403496743517
14.625	36.5	-0.00188245336567098
14.875	36.5	-0.00171533248767681
15.125	36.5	-0.00144043651446134
15.375	36.5	-0.000988385949668795
15.625	36.5	-0.0002453399224602
15.875	36.5	0.000975154581621519
16.125	36.5	0.00297755647697583
16.375	36.5	0.00625654404936153
16.625	36.5	0.0116092609995607
16.875	36.5	0.0203028027743931
17.125	36.5	0.0343057978536535
17.375	36.5	0.0565611303398461
17.625	36.5	0.0911848180433942
17.875	36.5	0.143279544621953
18.125	36.5	0.217782120781985
18.375	36.5	0.316785338791273
18.625	36.5	0.435956309096665
18.875	36.5	0.563130778943911
19.125	36.5	0.682411979264076
19.375	36.5	0.78158664054562
19.625	36.5	0.856264890678553
19.875	36.5	0.908505690273927
20.125	36.5	0.943236837364677
20.375	36.5	0.965565559365716
20.625	36.5	0.97961645213137
20.875	36.5	0.988340402377696
21.125	36.5	0.993712104957228
21.375	36.5	0.997002829498047
21.625	36.5	0.999012446766806
21.875	36.5	1.00023736497071
22.125	36.5	1.00098312164934
22.375	36.5	1.00143683549446
22.625	36.5	1.00171275568501
22.875	36.5	1.00188051123775
23.125	36.5	1.00198249011717
23.375	36.5	1.00204447929874
23.625	36.5	1.00208215998681
23.875	36.5	1.00210506562551
24.125	36.5	1.00211899122698
24.375	36.5	1.00212745903161
24.625	36.5	1.00213260975842
24.875	36.5	1.00213574443395
25.125	36.5	1.00213765374537
25.375	36.5	1.00213881822148
25.625	36.5	1.00213952989629
25.875	36.5	1.00213996624987
26.125	36.5	1.00214023514488
26.375	36.5	1.0021404021358
26.625	36.5	1.00214050706541
26.875	36.5	1.00214057415087
27.125	36.5	1.00214061811317
27.375	36.5	1.0021406479022
27.625	36.5	1.00214066896046
27.875	36.5	1.00214068459887
28.125	36.5	1.00214069683276
28.375	36.5	1.00214070689001
28.625	36.5	1.00214071551982
28.875	36.5	1.00214072318035
29.125	36.5	1.00214073015279
29.375	36.5	1.00214073661067
29.625	36.5	1.00214074266196
29.875	36.5	1.00214074837469
30.125	36.5	1.00214075379251
30.375	36.5	1.00214075894416
30.625	36.5	1.00214076384921
30.875	36.5	1.00214076852155
31.125	36.5	1.00214077297154
31.375	36.5	1.00214077720728
31.625	36.5	1.00214078123545
31.875	36.5	1.00214078506172
32.125	36.5	1.00214078869109
32.375	36.5	1.00214079212808
32.625	36.5	1.00214079537682
32.875	36.5	1.00214079844111
33.125	36.5	1.00214080132449
33.375	36.5	1.00214080403026
33.625	36.5	1.00214080656149
33.875	36.5	1.00214080892105
34.125	36.5	1.00214081111159
34.375	36.5	1.00214081313557
34.625	36.5	1.00214081499528
34.875	36.5	1.00214081669278
35.125	36.5	1.00214081822998
35.375	36.5	1.00214081960862
35.625	36.5	1.00214082083021
35.875	36.5	1.00214082189614
36.125	36.5	1.0021408228076
36.375	36.5	1.00214082356559
36.625	36.5	1.00214082417098
36.875	36.5	1.00214082462443
37.125	36.5	1.00214082492645
37.375	36.5	1.00214082507737
0.125	37.5	-0.00214111963816764
0.375	37.5	-0.00214111978986941
0.625	37.5	-0.00214112009344647
0.875	37.5	-0.00214112054924609
1.125	37.5	-0.00214112115778968
1.375	37.5	-0.00214112191977355
1.625	37.5	-0.00214112283606965
1.875	37.5	-0.00214112390772675
2.125	37.5	-0.00214112513597169
2.375	37.5	-0.00214112652221088
2.625	37.5	-0.00214112806803202
2.875	37.5	-0.0021411297752059
3.125	37.5	-0.00214113164568841
3.375	37.5	-0.00214113368162257
3.625	37.5	-0.00214113588534055
3.875	37.5	-0.0021411382593654
4.125	37.5	-0.0021411408064123
4.375	37.5	-0.00214114352938876
4.625	37.5	-0.002141146431393
4.875	37.5	-0.00214114951570907
5.125	37.5	-0.00214115278579661
5.375	37.5	-0.00214115624527143
5.625	37.5	-0.00214115989787103
5.875	37.5	-0.00214116374739491
6.125	37.5	-0.00214116779760345
6.375	37.5	-0.00214117205204837
6.625	37.5	-0.00214117651379032
6.875	37.5	-0.00214118118493067
7.125	37.5	-0.00214118606583735
7.375	37.5	-0.00214119115386697
7.625	37.5	-0.00214119644125799
7.875	37.5	-0.0021412019116596
8.125	37.5	-0.00214120753441536
8.375	37.5	-0.00214121325515219
8.625	37.5	-0.00214121898028957
8.875	37.5	-0.00214122455154413
9.125	37.5	-0.00214122970397159
9.375	37.5	-0.00214123399691895
9.625	37.5	-0.00214123670040051
9.875	37.5	-0.00214123660812339
10.125	37.5	-0.00214123172981466
10.375	37.5	-0.00214121878493921
10.625	37.5	-0.00214119236960599
10.875	37.5	-0.00214114358570624
11.125	37.5	-0.00214105778515553
11.375	37.5	-0.00214091085804332
11.625	37.5	-0.00214066312479204
11.875	37.5	-0.00214024928574147
12.125	37.5	-0.00213956188329911
12.375	37.5	-0.00213842408921421
12.625	37.5	-0.00213654492687066
12.875	37.5	-0.00213344559182926
13.125	37.5	-0.0021283382183929
13.375	37.5	-0.00211992640652506
13.625	37.5	-0.00210607703363383
13.875	37.5	-0.00208328034193784
14.125	37.5	-0.00204576183992393
14.375	37.5	-0.00198402182314999
14.625	37.5	-0.00188243455618296
14.875	37.5	-0.00171530422172283
15.125	37.5	-0.00144039255311627
15.375	37.5	-0.000988316040307374
15.625	37.5	-0.000245227245712436
15.875	37.5	0.000975337548969448
16.125	37.5	0.00297785459861054
16.375	37.5	0.00625702999503846
16.625	37.5	0.0116100512667047
16.875	37.5	0.0203040809402198
17.125	37.5	0.0343078449866523
17.375	37.5	0.0565643561499332
17.625	37.5	0.0911897702492528
17.875	37.5	0.143286844404377
18.125	37.5	0.217792245364855
18.375	37.5	0.316798222746297
18.625	37.5	0.435970971219066
18.875	37.5	0.563145447931786
19.125	37.5	0.682424880458167
19.375	37.5	0.781596785821067
19.625	37.5	0.856272209147696
19.875	37.5	0.908510656895004
20.125	37.5	0.943240073297053
20.375	37.5	0.965567613211771
20.625	37.5	0.979617734596538
20.875	37.5	0.988341195340018
21.125	37.5	0.993712592570227
21.375	37.5	0.997003128642505
21.625	37.5	0.999012630358056
21.875	37.5	1.00023747802636
22.125	37.5	1.00098319178785
22.375	37.5	1.00143687959366
22.625	37.5	1.00171278403327
22.875	37.5	1.00188053009579
23.125	37.5	1.0019825032895
23.375	37.5	1.00204448909414
23.625	37.5	1.00208216780407
23.875	37.5	1.00210507231017
24.125	37.5	1.00211899728838
24.375	37.5	1.00212746477497
24.625	37.5	1.00213261536506
24.875	37.5	1.00213575001013
25.125	37.5	1.00213765935196
25.375	37.5	1.00213882389192
25.625	37.5	1.00213953564758
25.875	37.5	1.00213997208919
26.125	37.5	1.00214024107363
26.375	37.5	1.00214040815205
26.625	37.5	1.00214051316535
26.875	37.5	1.00214058032971
27.125	37.5	1.0021406243657
27.375	37.5	1.00214065422305
27.625	37.5	1.00214067534436
27.875	37.5	1.00214069104068
28.125	37.5	1.0021407033276
28.375	37.5	1.00214071343323
28.625	37.5	1.00214072210705
28.875	37.5	1.0021407298075
29.125	37.5	1.00214073681603
29.375	37.5	1.00214074330642
29.625	37.5	1.0021407493869
29.875	37.5	1.00214075512574
30.125	37.5	1.00214076056682
30.375	37.5	1.00214076573909
30.625	37.5	1.00214077066233
30.875	37.5	1.00214077535064
31.125	37.5	1.00214077981456
31.375	37.5	1.00214078406237
31.625	37.5	1.00214078810091
31.875	37.5	1.00214079193602
32.125	37.5	1.00214079557285
32.375	37.5	1.00214079901606
32.625	37.5	1.00214080226989
32.875	37.5	1.0021408053383
33.125	37.5	1.00214080822493
33.375	37.5	1.0021408109332
33.625	37.5	1.00214081346627
33.875	37.5	1.00214081582711
34.125	37.5	1.00214081801845
34.375	37.5	1.00214082004286
34.625	37.5	1.00214082190266
34.875	37.5	1.00214082360003
35.125	37.5	1.00214082513691
35.375	37.5	1.00214082651509
35.625	37.5	1.00214082773616
35.875	37.5	1.00214082880153
36.125	37.5	1.00214082971244
36.375	37.5	1.00214083046993
36.625	37.5	1.00214083107487
36.875	37.5	1.00214083152797
37.125	37.5	1.00214083182975
37.375	37.5	1.00214083198055
0.125	38.5	-0.00214111024513001
0.375	38.5	-0.00214111039384837
0.625	38.5	-0.00214111069146042
0.875	38.5	-0.00214111113831711
1.125	38.5	-0.0021411117349454
1.375	38.5	-0.00214111248204896
1.625	38.5	-0.00214111338050906
1.875	38.5	-0.00214111443138571
2.125	38.5	-0.00214111563591897
2.375	38.5	-0.00214111699553048
2.625	38.5	-0.00214111851182525
2.875	38.5	-0.00214112018659356
3.125	38.5	-0.00214112202181298
3.375	38.5	-0.00214112401965051
3.625	38.5	-0.00214112618246468
3.875	38.5	-0.00214112851280737
4.125	38.5	-0.00214113101342519
4.375	38.5	-0.00214113368725975
4.625	38.5	-0.00214113653744619
4.875	38.5	-0.00214113956730839
5.125	38.5	-0.00214114278034892
5.375	38.5	-0.00214114618022974
5.625	38.5	-0.00214114977073783
5.875	38.5	-0.00214115355572572
6.125	38.5	-0.00214115753901055
6.375	38.5	-0.00214116172420463
6.625	38.5	-0.00214116611443325
6.875	38.5	-0.00214117071186668
7.125	38.5	-0.00214117551694608
7.375	38.5	-0.00214118052710583
7.625	38.5	-0.00214118573466676
7.875	38.5	-0.002141191123365
8.125	38.5	-0.00214119666263545
8.375	38.5	-0.00214120229820035
8.625	38.5	-0.0021412079365775
8.875	38.5	-0.00214121341958327
9.125	38.5	-0.00214121848237146
9.375	38.5	-0.00214122268438056
9.625	38.5	-0.00214122529570111
9.875	38.5	-0.00214122511008699
10.125	38.5	-0.00214122013725888
10.375	38.5	-0.00214120709658275
10.625	38.5	-0.00214118058391131
10.875	38.5	-0.0021411317006151
11.125	38.5	-0.00214104579764824
11.375	38.5	-0.00214089876340726
11.625	38.5	-0.00214065091541179
11.875	38.5	-0.00214023694910128
12.125	38.5	-0.0021395493986889
12.375	38.5	-0.00213841142230205
12.625	38.5	-0.00213653202076414
12.875	38.5	-0.00213343235235949
13.125	38.5	-0.00212832448989214
13.375	38.5	-0.00211991193196402
13.625	38.5	-0.00210606138902943
13.875	38.5	-0.00208326282844151
14.125	38.5	-0.00204574130632481
14.375	38.5	-0.00198399637401493
14.625	38.5	-0.00188240107218921
14.875	38.5	-0.00171525757197375
15.125	38.5	-0.00144032430337083
15.375	38.5	-0.00098821233917558
15.625	38.5	-0.000245065378244255
15.875	38.5	0.000975594746600663
16.125	38.5	0.00297826769975837
16.375	38.5	0.00625769711424287
16.625	38.5	0.0116111296953382
16.875	38.5	0.0203058185486816
17.125	38.5	0.0343106212986463
17.375	38.5	0.056568724419085
17.625	38.5	0.0911964701212983
17.875	38.5	0.143296714752274
18.125	38.5	0.217805930644535
18.375	38.5	0.316815634507819
18.625	38.5	0.435990784179842
18.875	38.5	0.563165269807004
19.125	38.5	0.682442314603295
19.375	38.5	0.781610497967708
19.625	38.5	0.856282103757406
19.875	38.5	0.908517375482539
20.125	38.5	0.943244454708134
20.375	38.5	0.965570398239862
20.625	38.5	0.979619477787928
20.875	38.5	0.988342277269451
21.125	38.5	0.993713261856238
21.375	38.5	0.997003543074065
21.625	38.5	0.999012888368423
21.875	38.5	1.00023764038863
22.125	38.5	1.00098329578942
22.375	38.5	1.00143694802536
22.625	38.5	1.00171283079285
22.875	38.5	1.00188056364573
23.125	38.5	1.00198252877789
23.375	38.5	1.00204450965076
23.625	38.5	1.0020821853307
23.875	38.5	1.00210508796186
24.125	38.5	1.00211901176633
24.375	38.5	1.00212747850459
24.625	38.5	1.00213262860424
24.875	38.5	1.00213576291507
25.125	38.5	1.00213767201714
25.375	38.5	1.00213883637445
25.625	38.5	1.00213954798189
25.875	38.5	1.00213998429608
26.125	38.5	1.00214025316566
26.375	38.5	1.00214042013685
26.625	38.5	1.00214052504766
26.875	38.5	1.00214059211257
27.125	38.5	1.00214063605116
27.375	38.5	1.00214066581267
27.625	38.5	1.00214068683942
27.875	38.5	1.00214070244237
28.125	38.5	1.00214071463709
28.375	38.5	1.00214072465176
28.625	38.5	1.00214073323591
28.875	38.5	1.00214074084809
29.125	38.5	1.00214074776984
29.375	38.5	1.00214075417504
29.625	38.5	1.00214076017201
29.875	38.5	1.00214076582912
30.125	38.5	1.00214077119036
30.375	38.5	1.00214077628474
30.625	38.5	1.00214078113215
30.875	38.5	1.00214078574673
31.125	38.5	1.00214079013913
31.375	38.5	1.00214079431768
31.625	38.5	1.00214079828929
31.875	38.5	1.00214080205985
32.125	38.5	1.00214080563458
32.375	38.5	1.00214080901819
32.625	38.5	1.00214081221497
32.875	38.5	1.00214081522892
33.125	38.5	1.00214081806373
33.375	38.5	1.00214082072285
33.625	38.5	1.00214082320948
33.875	38.5	1.00214082552663
34.125	38.5	1.00214082767707
34.375	38.5	1.00214082966338
34.625	38.5	1.00214083148792
34.875	38.5	1.00214083315287
35.125	38.5	1.00214083466023
35.375	38.5	1.00214083601178
35.625	38.5	1.00214083720914
35.875	38.5	1.00214083825373
36.125	38.5	1.0021408391468
36.375	38.5	1.0021408398894
36.625	38.5	1.00214084048243
36.875	38.5	1.00214084092659
37.125	38.5	1.0021408412224
37.375	38.5	1.00214084137022
0.125	39.5	-0.00214109841388315
0.375	39.5	-0.00214109855672716
0.625	39.5	-0.00214109884258862
0.875	39.5	-0.00214109927181465
1.125	39.5	-0.0021410998449265
1.375	39.5	-0.00214110056262024
1.625	39.5	-0.00214110142576764
1.875	39.5	-0.00214110243541733
2.125	39.5	-0.00214110359279611
2.375	39.5	-0.00214110489931056
2.625	39.5	-0.00214110635654874
2.875	39.5	-0.00214110796628216
3.125	39.5	-0.00214110973046784
3.375	39.5	-0.00214111165125045
3.625	39.5	-0.00214111373096443
3.875	39.5	-0.00214111597213583
4.125	39.5	-0.00214111837748375
4.375	39.5	-0.00214112094992061
4.625	39.5	-0.00214112369255071
4.875	39.5	-0.00214112660866555
5.125	39.5	-0.0021411297017337
5.375	39.5	-0.00214113297538165
5.625	39.5	-0.0021411364333594
5.875	39.5	-0.00214114007948112
6.125	39.5	-0.00214114391752417
6.375	39.5	-0.00214114795105975
6.625	39.5	-0.00214115218317075
6.875	39.5	-0.00214115661598373
7.125	39.5	-0.00214116124989486
7.375	39.5	-0.00214116608229219
7.625	39.5	-0.00214117110544877
7.875	39.5	-0.00214117630305122
8.125	39.5	-0.00214118164448275
8.375	39.5	-0.00214118707541089
8.625	39.5	-0.00214119250229433
8.875	39.5	-0.00214119776688349
9.125	39.5	-0.00214120260425545
9.375	39.5	-0.00214120657375445
9.625	39.5	-0.00214120894534837
9.875	39.5	-0.00214120851262171
10.125	39.5	-0.00214120328504898
10.375	39.5	-0.00214118998162369
10.625	39.5	-0.00214116319761807
10.875	39.5	-0.0021411140334797
11.125	39.5	-0.00214102783867572
11.375	39.5	-0.00214088049918709
11.625	39.5	-0.00214063232858913
11.875	39.5	-0.00214021801586028
12.125	39.5	-0.00213953008461036
12.375	39.5	-0.00213839167554519
12.625	39.5	-0.00213651176084506
12.875	39.5	-0.00213341145168322
13.125	39.5	-0.00212830274336048
13.375	39.5	-0.00211988900696316
13.625	39.5	-0.00210603674313786
13.875	39.5	-0.00208323557404049
14.125	39.5	-0.00204570998789367
14.375	39.5	-0.00198395860191219
14.625	39.5	-0.00188235292073563
14.875	39.5	-0.00171519259094564
15.125	39.5	-0.00144023189677516
15.375	39.5	-0.000988075112158437
15.625	39.5	-0.000244854811133419
15.875	39.5	0.000975925309438893
16.125	39.5	0.00297879429867155
16.375	39.5	0.00625854291535542
16.625	39.5	0.0116124921534329
16.875	39.5	0.0203080088332514
17.125	39.5	0.0343141158652303
17.375	39.5	0.0565742178406694
17.625	39.5	0.0912048909875086
17.875	39.5	0.14330911622234
18.125	39.5	0.217823121739182
18.375	39.5	0.316837503990055
18.625	39.5	0.436015667909436
18.875	39.5	0.563190164147582
19.125	39.5	0.682464210728721
19.375	39.5	0.781627721041376
19.625	39.5	0.85629453410491
19.875	39.5	0.908525818624224
20.125	39.5	0.943249963771315
20.375	39.5	0.965573903180595
20.625	39.5	0.979621674717925
20.875	39.5	0.988343643895238
21.125	39.5	0.993714110237689
21.375	39.5	0.997004071258119
21.625	39.5	0.99901321990046
21.875	39.5	1.00023785154666
22.125	39.5	1.0009834333761
22.375	39.5	1.00143704065061
22.625	39.5	1.00171289590668
22.875	39.5	1.00188061187774
23.125	39.5	1.00198256659876
23.375	39.5	1.00204454099857
23.625	39.5	1.00208221260266
23.875	39.5	1.00210511261808
24.125	39.5	1.00211903469721
24.375	39.5	1.00212750025424
24.625	39.5	1.00213264950631
24.875	39.5	1.00213578317529
25.125	39.5	1.00213769176348
25.375	39.5	1.00213885568763
25.625	39.5	1.00213956691391
25.875	39.5	1.00214000288144
26.125	39.5	1.00214027142823
26.375	39.5	1.00214043809404
26.625	39.5	1.0021405427129
26.875	39.5	1.00214060949686
27.125	39.5	1.00214065316403
27.375	39.5	1.00214068266271
27.625	39.5	1.00214070343464
27.875	39.5	1.00214071879041
28.125	39.5	1.00214073074535
28.375	39.5	1.00214074052745
28.625	39.5	1.00214074888613
28.875	39.5	1.00214075627983
29.125	39.5	1.00214076299004
29.375	39.5	1.00214076919056
29.625	39.5	1.00214077498965
29.875	39.5	1.00214078045563
30.125	39.5	1.00214078563242
30.375	39.5	1.00214079054902
30.625	39.5	1.00214079522523
30.875	39.5	1.00214079967517
31.125	39.5	1.00214080390942
31.375	39.5	1.00214080793629
31.625	39.5	1.00214081176263
31.875	39.5	1.00214081539431
32.125	39.5	1.00214081883649
32.375	39.5	1.00214082209385
32.625	39.5	1.00214082517064
32.875	39.5	1.00214082807083
33.125	39.5	1.00214083079807
33.375	39.5	1.00214083335577
33.625	39.5	1.00214083574713
33.875	39.5	1.00214083797509
34.125	39.5	1.00214084004242
34.375	39.5	1.00214084195166
34.625	39.5	1.00214084370516
34.875	39.5	1.00214084530507
35.125	39.5	1.00214084675337
35.375	39.5	1.00214084805181
35.625	39.5	1.00214084920201
35.875	39.5	1.00214085020537
36.125	39.5	1.00214085106312
36.375	39.5	1.00214085177632
36.625	39.5	1.00214085234583
36.875	39.5	1.00214085277235
37.125	39.5	1.00214085305641
37.375	39.5	1.00214085319835
0.125	40.5	-0.00214108424002238
0.375	40.5	-0.0021410843741317
0.625	40.5	-0.00214108464251808
0.875	40.5	-0.0021410850455173
1.125	40.5	-0.00214108558363357
1.375	40.5	-0.0021410862575402
1.625	40.5	-0.00214108706808053
1.875	40.5	-0.00214108801626898
2.125	40.5	-0.00214108910329246
2.375	40.5	-0.00214109033051183
2.625	40.5	-0.00214109169946366
2.875	40.5	-0.00214109321186215
3.125	40.5	-0.00214109486960115
3.375	40.5	-0.00214109667475625
3.625	40.5	-0.0021410986295869
3.875	40.5	-0.00214110073653818
4.125	40.5	-0.00214110299824217
4.375	40.5	-0.00214110541751824
4.625	40.5	-0.00214110799737151
4.875	40.5	-0.0021411107409881
5.125	40.5	-0.00214111365172497
5.375	40.5	-0.0021411167330907
5.625	40.5	-0.00214111998871102
5.875	40.5	-0.00214112342226936
6.125	40.5	-0.00214112703740581
6.375	40.5	-0.00214113083754771
6.625	40.5	-0.00214113482562734
6.875	40.5	-0.00214113900361375
7.125	40.5	-0.00214114337173862
7.375	40.5	-0.00214114792721818
7.625	40.5	-0.00214115266214608
7.875	40.5	-0.00214115756002142
8.125	40.5	-0.00214116259003105
8.375	40.5	-0.00214116769763603
8.625	40.5	-0.00214117278907665
8.875	40.5	-0.00214117770586983
9.125	40.5	-0.00214118218283908
9.375	40.5	-0.00214118577904681
9.625	40.5	-0.00214118776413736
9.875	40.5	-0.00214118693130795
10.125	40.5	-0.0021411812895459
10.375	40.5	-0.00214116755719811
10.625	40.5	-0.0021411403286329
10.875	40.5	-0.00214109070297561
11.125	40.5	-0.0021410040276879
11.375	40.5	-0.00214085618562602
11.625	40.5	-0.00214060748540375
11.875	40.5	-0.0021401926080204
12.125	40.5	-0.00213950406414551
12.375	40.5	-0.00213836497338508
12.625	40.5	-0.00213648427339611
12.875	40.5	-0.00213338301874231
13.125	40.5	-0.00212827311177299
13.375	40.5	-0.002119857770823
13.625	40.5	-0.00210600324539157
13.875	40.5	-0.00208319874460025
14.125	40.5	-0.00204566807733749
14.375	40.5	-0.00198390874355787
14.625	40.5	-0.00188229041083244
14.875	40.5	-0.00171510970650196
15.125	40.5	-0.00144011595661517
15.375	40.5	-0.000987905303748645
15.625	40.5	-0.000244597016391736
15.875	40.5	0.000976326900362632
16.125	40.5	0.00297943064281712
16.375	40.5	0.00625956133895258
16.625	40.5	0.0116141288452218
16.875	40.5	0.0203106360084446
17.125	40.5	0.0343183034590154
17.375	40.5	0.0565807967079317
17.625	40.5	0.0912149719149292
17.875	40.5	0.143323958975271
18.125	40.5	0.21784369394075
18.375	40.5	0.31686367227467
18.625	40.5	0.436045441219442
18.875	40.5	0.563219949301751
19.125	40.5	0.68249040875263
19.375	40.5	0.781648328937518
19.625	40.5	0.8563094090898
19.875	40.5	0.908535924414257
20.125	40.5	0.943256560096652
20.375	40.5	0.965578102353386
20.625	40.5	0.979624309310654
20.875	40.5	0.988345285239404
21.125	40.5	0.993715131542253
21.375	40.5	0.997004709372687
21.625	40.5	0.999013622574495
21.875	40.5	1.00023811000241
22.125	40.5	1.00098360358746
22.375	40.5	1.00143715683636
22.625	40.5	1.00171297894089
22.875	40.5	1.00188067447908
23.125	40.5	1.00198261651302
23.375	40.5	1.00204458294339
23.625	40.5	1.00208224945312
23.875	40.5	1.00210514612873
24.125	40.5	1.00211906594124
24.375	40.5	1.00212752989061
24.625	40.5	1.00213267794207
24.875	40.5	1.00213581066429
25.125	40.5	1.00213771846637
25.375	40.5	1.00213888170825
25.625	40.5	1.00213959232151
25.875	40.5	1.00214002772408
26.125	40.5	1.00214029574103
26.375	40.5	1.00214046190407
26.625	40.5	1.00214056604229
26.875	40.5	1.00214063236459
27.125	40.5	1.00214067558708
27.375	40.5	1.00214070465673
27.625	40.5	1.00214072501436
27.875	40.5	1.00214073996994
28.125	40.5	1.00214075153828
28.375	40.5	1.00214076094701
28.625	40.5	1.00214076894521
28.875	40.5	1.00214077599105
29.125	40.5	1.00214078236575
29.375	40.5	1.00214078824288
29.625	40.5	1.00214079373049
29.875	40.5	1.0021407988967
30.125	40.5	1.00214080378521
30.375	40.5	1.00214080842485
30.625	40.5	1.00214081283522
30.875	40.5	1.0021408170303
31.125	40.5	1.00214082102048
31.375	40.5	1.00214082481392
31.625	40.5	1.00214082841732
31.875	40.5	1.0021408318364
32.125	40.5	1.0021408350762
32.375	40.5	1.00214083814124
32.625	40.5	1.00214084103568
32.875	40.5	1.00214084376334
33.125	40.5	1.00214084632778
33.375	40.5	1.0021408487323
33.625	40.5	1.00214085098
33.875	40.5	1.00214085307373
34.125	40.5	1.00214085501616
34.375	40.5	1.00214085680975
34.625	40.5	1.00214085845679
34.875	40.5	1.00214085995936
35.125	40.5	1.00214086131935
35.375	40.5	1.00214086253849
35.625	40.5	1.00214086361833
35.875	40.5	1.00214086456022
36.125	40.5	1.00214086536536
36.375	40.5	1.00214086603476
36.625	40.5	1.00214086656927
36.875	40.5	1.00214086696956
37.125	40.5	1.00214086723615
37.375	40.5	1.00214086736936
0.125	41.5	-0.00214106786625716
0.375	41.5	-0.00214106798886415
0.625	41.5	-0.00214106823423649
0.875	41.5	-0.00214106860269115
1.125	41.5	-0.00214106909470411
1.375	41.5	-0.00214106971091105
1.625	41.5	-0.00214107045210812
1.875	41.5	-0.00214107131925313
2.125	41.5	-0.00214107231346671
2.375	41.5	-0.00214107343603386
2.625	41.5	-0.0021410746884056
2.875	41.5	-0.00214107607220076
3.125	41.5	-0.002141077589208
3.375	41.5	-0.00214107924138775
3.625	41.5	-0.00214108103087422
3.875	41.5	-0.0021410829599771
4.125	41.5	-0.00214108503118281
4.375	41.5	-0.00214108724715459
4.625	41.5	-0.0021410896107309
4.875	41.5	-0.00214109212492049
5.125	41.5	-0.00214109479289206
5.375	41.5	-0.00214109761795488
5.625	41.5	-0.0021411006035242
5.875	41.5	-0.00214110375306149
6.125	41.5	-0.00214110706997329
6.375	41.5	-0.00214111055744151
6.625	41.5	-0.0021411142181409
6.875	41.5	-0.00214111805377056
7.125	41.5	-0.00214112206427948
7.375	41.5	-0.00214112624658806
7.625	41.5	-0.00214113059248037
7.875	41.5	-0.00214113508513151
8.125	41.5	-0.0021411396933888
8.375	41.5	-0.00214114436235676
8.625	41.5	-0.00214114899789963
8.875	41.5	-0.00214115344113511
9.125	41.5	-0.00214115742645829
9.375	41.5	-0.00214116051246426
9.625	41.5	-0.00214116196827548
9.875	41.5	-0.00214116058648709
10.125	41.5	-0.00214115437536209
10.375	41.5	-0.002141140052332
10.625	41.5	-0.00214111221054551
10.875	41.5	-0.00214106194741806
11.125	41.5	-0.00214097460790527
11.375	41.5	-0.00214082607105789
11.625	41.5	-0.00214057663955662
11.875	41.5	-0.00214016098497731
12.125	41.5	-0.00213947160283289
12.375	41.5	-0.00213833158814844
12.625	41.5	-0.00213644983850102
12.875	41.5	-0.00213334734287764
13.125	41.5	-0.00212823589610115
13.375	41.5	-0.00211981853995528
13.625	41.5	-0.0021059612338146
13.875	41.5	-0.00208315270981558
14.125	41.5	-0.00204561599247366
14.375	41.5	-0.00198384729185993
14.625	41.5	-0.00188221415473866
14.875	41.5	-0.0017150097229351
15.125	41.5	-0.0014399775985749
15.375	41.5	-0.000987704536930055
15.625	41.5	-0.000244294445475713
15.875	41.5	0.000976795714043329
16.125	41.5	0.00298017071665946
16.375	41.5	0.00626074277212541
16.625	41.5	0.0116160243362259
16.875	41.5	0.020313675312166
17.125	41.5	0.0343231446195346
17.375	41.5	0.0565883990266633
17.625	41.5	0.0912266178861382
17.875	41.5	0.143341103041514
18.125	41.5	0.217867453093225
18.375	41.5	0.316893892107628
18.625	41.5	0.436079822389137
18.875	41.5	0.563254342997096
19.125	41.5	0.682520660035792
19.375	41.5	0.781672125837604
19.625	41.5	0.85632658724136
19.875	41.5	0.90854759667732
20.125	41.5	0.943264180876903
20.375	41.5	0.965582955758514
20.625	41.5	0.979627356458538
20.875	41.5	0.988347185650725
21.125	41.5	0.993716316022741
21.375	41.5	0.997005451319644
21.625	41.5	0.999014092534596
21.875	41.5	1.00023841327345
22.125	41.5	1.00098380478155
22.375	41.5	1.00143729545529
22.625	41.5	1.00171307908401
22.875	41.5	1.00188075083303
23.125	41.5	1.00198267802498
23.375	41.5	1.00204463506558
23.625	41.5	1.0020822955112
23.875	41.5	1.00210518815498
24.125	41.5	1.00211910518145
24.375	41.5	1.00212756711229
24.625	41.5	1.00213271362183
24.875	41.5	1.00213584510172
25.125	41.5	1.00213775185323
25.375	41.5	1.00213891417057
25.625	41.5	1.0021396239451
25.875	41.5	1.00214005857014
26.125	41.5	1.00214032585554
26.375	41.5	1.00214049132357
26.625	41.5	1.00214059479738
26.875	41.5	1.00214066048205
27.125	41.5	1.00214070309117
27.375	41.5	1.00214073156999
27.625	41.5	1.00214075135814
27.875	41.5	1.00214076576465
28.125	41.5	1.0021407768036
28.375	41.5	1.00214078570203
28.625	41.5	1.00214079320849
28.875	41.5	1.00214079978069
29.125	41.5	1.00214080569941
29.375	41.5	1.00214081113783
29.625	41.5	1.00214081620362
29.875	41.5	1.00214082096453
30.125	41.5	1.00214082546395
30.375	41.5	1.00214082973035
30.625	41.5	1.00214083378306
30.875	41.5	1.00214083763573
31.125	41.5	1.00214084129848
31.375	41.5	1.00214084477921
31.625	41.5	1.00214084808434
31.875	41.5	1.00214085121936
32.125	41.5	1.00214085418907
32.375	41.5	1.00214085699778
32.625	41.5	1.00214085964942
32.875	41.5	1.00214086214762
33.125	41.5	1.00214086449575
33.375	41.5	1.00214086669695
33.625	41.5	1.00214086875412
33.875	41.5	1.00214087066998
34.125	41.5	1.00214087244704
34.375	41.5	1.00214087408764
34.625	41.5	1.00214087559393
34.875	41.5	1.00214087696788
35.125	41.5	1.00214087821128
35.375	41.5	1.00214087932576
35.625	41.5	1.00214088031277
35.875	41.5	1.00214088117361
36.125	41.5	1.00214088190939
36.375	41.5	1.00214088252109
36.625	41.5	1.00214088300949
36.875	41.5	1.00214088337524
37.125	41.5	1.0021408836188
37.375	41.5	1.00214088374051
0.125	42.5	-0.00214104948089671
0.375	42.5	-0.00214104958938775
0.625	42.5	-0.00214104980651522
0.875	42.5	-0.00214105013257014
1.125	42.5	-0.00214105056798951
1.375	42.5	-0.00214105111335695
1.625	42.5	-0.00214105176940351
1.875	42.5	-0.00214105253700865
2.125	42.5	-0.00214105341720143
2.375	42.5	-0.00214105441116193
2.625	42.5	-0.00214105552022277
2.875	42.5	-0.00214105674587081
3.125	42.5	-0.002141058089749
3.375	42.5	-0.0021410595536582
3.625	42.5	-0.00214106113955902
3.875	42.5	-0.00214106284957332
4.125	42.5	-0.00214106468598526
4.375	42.5	-0.00214106665124124
4.625	42.5	-0.00214106874794797
4.875	42.5	-0.00214107097886741
5.125	42.5	-0.0021410733469061
5.375	42.5	-0.00214107585509554
5.625	42.5	-0.00214107850655727
5.875	42.5	-0.00214108130444284
6.125	42.5	-0.00214108425183229
6.375	42.5	-0.00214108735156412
6.625	42.5	-0.00214109060595231
6.875	42.5	-0.00214109401631747
7.125	42.5	-0.00214109758221177
7.375	42.5	-0.00214110130013994
7.625	42.5	-0.00214110516145075
7.875	42.5	-0.00214110914886339
8.125	42.5	-0.00214111323074736
8.375	42.5	-0.00214111735170551
8.625	42.5	-0.00214112141707374
8.875	42.5	-0.00214112526741032
9.125	42.5	-0.00214112863651292
9.375	42.5	-0.00214113108233025
9.625	42.5	-0.0021411318732715
9.875	42.5	-0.00214112980112277
10.125	42.5	-0.00214112287319491
10.375	42.5	-0.00214110780574662
10.625	42.5	-0.00214107919040594
10.875	42.5	-0.00214102812251091
11.125	42.5	-0.00214093994403937
11.375	42.5	-0.00214079052959893
11.625	42.5	-0.00214054017503214
11.875	42.5	-0.00214012354115192
12.125	42.5	-0.00213943310626604
12.375	42.5	-0.00213829193760891
12.625	42.5	-0.00213640888756246
12.875	42.5	-0.00213330487129145
13.125	42.5	-0.00212819156269969
13.375	42.5	-0.00211977180516076
13.625	42.5	-0.00210591123213572
13.875	42.5	-0.00208309804006654
14.125	42.5	-0.0020455543726754
14.375	42.5	-0.0019837749916996
14.625	42.5	-0.00188212506266161
14.875	42.5	-0.00171489381389578
15.125	42.5	-0.00143981842076284
15.375	42.5	-0.000987475098439278
15.625	42.5	-0.00024395050672901
15.875	42.5	0.000977326512321835
16.125	42.5	0.00298100629800878
16.375	42.5	0.00626207413901446
16.625	42.5	0.0116181576991813
16.875	42.5	0.0203170932405053
17.125	42.5	0.034328586028311
17.375	42.5	0.056596941105862
17.625	42.5	0.0912397007071216
17.875	42.5	0.143360359663751
18.125	42.5	0.217894137464606
18.375	42.5	0.316927830299761
18.625	42.5	0.43611843192377
18.875	42.5	0.563292965129011
19.125	42.5	0.682554629857839
19.375	42.5	0.781698848171978
19.625	42.5	0.856345878143072
19.875	42.5	0.908560705939712
20.125	42.5	0.943272741522586
20.375	42.5	0.96558840948162
20.625	42.5	0.97963078227592
20.875	42.5	0.988349323962442
21.125	42.5	0.9937176504549
21.375	42.5	0.997006288785505
21.625	42.5	0.999014624486643
21.875	42.5	1.00023875791718
22.125	42.5	1.00098403465065
22.375	42.5	1.00143745489638
22.625	42.5	1.0017131951544
22.875	42.5	1.00188084002438
23.125	42.5	1.00198275038659
23.375	42.5	1.00204469672373
23.625	42.5	1.00208235020517
23.875	42.5	1.00210523817218
24.125	42.5	1.00211915192638
24.375	42.5	1.00212761145245
24.625	42.5	1.00213275609802
24.875	42.5	1.00213588605587
25.125	42.5	1.00213779150604
25.375	42.5	1.00213895266875
25.625	42.5	1.00213966139007
25.875	42.5	1.00214009503545
26.125	42.5	1.00214036139749
26.375	42.5	1.00214052598769
26.625	42.5	1.00214062862232
26.875	42.5	1.00214069350204
27.125	42.5	1.00214073533744
27.375	42.5	1.00214076307169
27.625	42.5	1.0021407821429
27.875	42.5	1.00214079585892
28.125	42.5	1.00214080623288
28.375	42.5	1.00214081449101
28.625	42.5	1.00214082138115
28.875	42.5	1.00214082736034
29.125	42.5	1.0021408327088
29.375	42.5	1.00214083759912
29.625	42.5	1.00214084213846
29.875	42.5	1.00214084639406
30.125	42.5	1.00214085040883
30.375	42.5	1.00214085421078
30.625	42.5	1.00214085781881
30.875	42.5	1.00214086124615
31.125	42.5	1.00214086450254
31.375	42.5	1.00214086759548
31.625	42.5	1.00214087053104
31.875	42.5	1.00214087331437
32.125	42.5	1.00214087594992
32.375	42.5	1.00214087844172
32.625	42.5	1.00214088079339
32.875	42.5	1.00214088300829
33.125	42.5	1.00214088508953
33.375	42.5	1.00214088703998
33.625	42.5	1.00214088886233
33.875	42.5	1.00214089055907
34.125	42.5	1.00214089213253
34.375	42.5	1.00214089358484
34.625	42.5	1.00214089491798
34.875	42.5	1.00214089613376
35.125	42.5	1.00214089723384
35.375	42.5	1.0021408982197
35.625	42.5	1.00214089909268
35.875	42.5	1.00214089985397
36.125	42.5	1.0021409005046
36.375	42.5	1.00214090104544
36.625	42.5	1.00214090147725
36.875	42.5	1.00214090180059
37.125	42.5	1.00214090201591
37.375	42.5	1.0021409021235
0.125	43.5	-0.00214102931532558
0.375	43.5	-0.00214102940730009
0.625	43.5	-0.00214102959137817
0.875	43.5	-0.00214102986781813
1.125	43.5	-0.00214103023700793
1.375	43.5	-0.00214103069946568
1.625	43.5	-0.00214103125584037
1.875	43.5	-0.00214103190691285
2.125	43.5	-0.00214103265359681
2.375	43.5	-0.00214103349694015
2.625	43.5	-0.00214103443812626
2.875	43.5	-0.00214103547847568
3.125	43.5	-0.00214103661944762
3.375	43.5	-0.00214103786264169
3.625	43.5	-0.00214103920979945
3.875	43.5	-0.00214104066280569
4.125	43.5	-0.00214104222368922
4.375	43.5	-0.00214104389462247
4.625	43.5	-0.00214104567791936
4.875	43.5	-0.00214104757602977
5.125	43.5	-0.00214104959152866
5.375	43.5	-0.00214105172709598
5.625	43.5	-0.00214105398548135
5.875	43.5	-0.00214105636944369
6.125	43.5	-0.00214105888164914
6.375	43.5	-0.0021410615245006
6.625	43.5	-0.00214106429985418
6.875	43.5	-0.0021410672085498
7.125	43.5	-0.00214107024963543
7.375	43.5	-0.0021410734190873
7.625	43.5	-0.00214107670770047
7.875	43.5	-0.00214108009761402
8.125	43.5	-0.0021410835565893
8.375	43.5	-0.0021410870285908
8.625	43.5	-0.00214109041828255
8.875	43.5	-0.00214109356551246
9.125	43.5	-0.00214109620332165
9.375	43.5	-0.00214109788884379
9.625	43.5	-0.00214109788959488
9.875	43.5	-0.00214109499635766
10.125	43.5	-0.00214108721527743
10.375	43.5	-0.00214107126119991
10.625	43.5	-0.00214104172395309
10.875	43.5	-0.00214098969645846
11.125	43.5	-0.00214090051728387
11.375	43.5	-0.00214075005601357
11.625	43.5	-0.00214049860083354
11.875	43.5	-0.00214008080058883
12.125	43.5	-0.0021393891145465
12.375	43.5	-0.00213824657928258
12.625	43.5	-0.00213636199742279
12.875	43.5	-0.00213325620296684
13.125	43.5	-0.00212814073698346
13.375	43.5	-0.00211971822499763
13.625	43.5	-0.00210585394274185
13.875	43.5	-0.00208303549878389
14.125	43.5	-0.00204548407036671
14.375	43.5	-0.0019836928300931
14.625	43.5	-0.00188202433082594
14.875	43.5	-0.00171476350712263
15.125	43.5	-0.00143964048305486
15.375	43.5	-0.000987219909361626
15.625	43.5	-0.000243569521722014
15.875	43.5	0.000977912691138407
16.125	43.5	0.00298192706291357
16.375	43.5	0.00626353906747313
16.625	43.5	0.0116205027806683
16.875	43.5	0.0203208479745921
17.125	43.5	0.0343345611883886
17.375	43.5	0.0566063186251656
17.625	43.5	0.091254060644497
17.875	43.5	0.143381493712712
18.125	43.5	0.217923421107246
18.375	43.5	0.316965072023011
18.625	43.5	0.436160797473893
18.875	43.5	0.563335342716003
19.125	43.5	0.68259190180383
19.375	43.5	0.781728168088593
19.625	43.5	0.856367044946305
19.875	43.5	0.908575091142049
20.125	43.5	0.943282136782413
20.375	43.5	0.965594396408392
20.625	43.5	0.979634544548458
20.875	43.5	0.988351673773045
21.125	43.5	0.993719118312876
21.375	43.5	0.997007211351764
21.625	43.5	0.999015211768614
21.875	43.5	1.00023913957654
22.125	43.5	1.0009842902519
22.375	43.5	1.00143763308637
22.625	43.5	1.00171332561605
22.875	43.5	1.00188094085176
23.125	43.5	1.00198283260756
23.375	43.5	1.00204476706331
23.625	43.5	1.00208241277018
23.875	43.5	1.00210529547696
24.125	43.5	1.00211920551675
24.375	43.5	1.00212766228512
24.625	43.5	1.00213280477123
24.875	43.5	1.00213593294953
25.125	43.5	1.00213783686697
25.375	43.5	1.00213899666243
25.625	43.5	1.00213970413212
25.875	43.5	1.00214013661076
26.125	43.5	1.00214040187189
26.375	43.5	1.00214056541502
26.625	43.5	1.00214066704874
26.875	43.5	1.00214073096867
27.125	43.5	1.00214077188199
27.375	43.5	1.00214079872946
27.625	43.5	1.00214081694737
27.875	43.5	1.00214082984217
28.125	43.5	1.00214083942581
28.375	43.5	1.00214084692353
28.625	43.5	1.00214085308226
28.875	43.5	1.00214085835825
29.125	43.5	1.00214086303093
29.375	43.5	1.00214086727221
29.625	43.5	1.00214087118855
29.875	43.5	1.00214087484657
30.125	43.5	1.00214087828856
30.375	43.5	1.00214088154197
30.625	43.5	1.00214088462512
30.875	43.5	1.00214088755073
31.125	43.5	1.00214089032803
31.375	43.5	1.00214089296403
31.625	43.5	1.00214089546436
31.875	43.5	1.00214089783372
32.125	43.5	1.00214090007615
32.375	43.5	1.00214090219529
32.625	43.5	1.00214090419438
32.875	43.5	1.00214090607644
33.125	43.5	1.00214090784423
33.375	43.5	1.00214090950033
33.625	43.5	1.00214091104712
33.875	43.5	1.00214091248683
34.125	43.5	1.00214091382152
34.375	43.5	1.00214091505309
34.625	43.5	1.00214091618331
34.875	43.5	1.00214091721378
35.125	43.5	1.00214091814596
35.375	43.5	1.00214091898119
35.625	43.5	1.00214091972065
35.875	43.5	1.0021409203654
36.125	43.5	1.00214092091634
36.375	43.5	1.00214092137428
36.625	43.5	1.00214092173984
36.875	43.5	1.00214092201357
37.125	43.5	1.00214092219583
37.375	43.5	1.0021409222869
0.125	44.5	-0.00214100764050565
0.375	44.5	-0.00214100771383145
0.625	44.5	-0.00214100786059273
0.875	44.5	-0.002141008081009
1.125	44.5	-0.00214100837540995
1.375	44.5	-0.0021410087442359
1.625	44.5	-0.00214100918803846
1.875	44.5	-0.00214100970748131
2.125	44.5	-0.00214101030334117
2.375	44.5	-0.00214101097650886
2.625	44.5	-0.00214101172799055
2.875	44.5	-0.00214101255890908
3.125	44.5	-0.00214101347050533
3.375	44.5	-0.00214101446413966
3.625	44.5	-0.00214101554129319
3.875	44.5	-0.00214101670356876
4.125	44.5	-0.00214101795269139
4.375	44.5	-0.00214101929050756
4.625	44.5	-0.00214102071898264
4.875	44.5	-0.00214102224019497
5.125	44.5	-0.00214102385632457
5.375	44.5	-0.0021410255696325
5.625	44.5	-0.00214102738242518
5.875	44.5	-0.00214102929699331
6.125	44.5	-0.00214103131550938
6.375	44.5	-0.0021410334398565
6.625	44.5	-0.00214103567134424
6.875	44.5	-0.00214103801023847
7.125	44.5	-0.00214104045498479
7.375	44.5	-0.00214104300092784
7.625	44.5	-0.0021410456382007
7.875	44.5	-0.00214104834824872
8.125	44.5	-0.00214105109810594
8.375	44.5	-0.00214105383097343
8.625	44.5	-0.00214105645071199
8.875	44.5	-0.00214105879632113
9.125	44.5	-0.00214106059993984
9.375	44.5	-0.00214106141773266
9.625	44.5	-0.00214106051615809
9.875	44.5	-0.00214105668481849
10.125	44.5	-0.00214104792849974
10.375	44.5	-0.00214103096041738
10.625	44.5	-0.00214100036834802
10.875	44.5	-0.00214094724249392
11.125	44.5	-0.00214085691763028
11.375	44.5	-0.00214070525780864
11.625	44.5	-0.00214045254284557
11.875	44.5	-0.0021400334085756
12.125	44.5	-0.00213934029364485
12.375	44.5	-0.00213819620151104
12.625	44.5	-0.00213630988114112
12.875	44.5	-0.00213320207909789
13.125	44.5	-0.00212808419344808
13.375	44.5	-0.00211965861529463
13.625	44.5	-0.00210579023552763
13.875	44.5	-0.00208296603038332
14.125	44.5	-0.00204540613763227
14.375	44.5	-0.00198360202080952
14.625	44.5	-0.00188191342300674
14.875	44.5	-0.00171462066109843
15.125	44.5	-0.00143944627593353
15.375	44.5	-0.000986942481330177
15.625	44.5	-0.00024315666090559
15.875	44.5	0.000978546378355042
16.125	44.5	0.00298292073803575
16.375	44.5	0.00626511813014405
16.625	44.5	0.0116230285856634
16.875	44.5	0.0203248899950207
17.125	44.5	0.0343409914011172
17.375	44.5	0.0566164081676362
17.625	44.5	0.0912695087743733
17.875	44.5	0.143404227149806
18.125	44.5	0.217954918668897
18.375	44.5	0.317005126952923
18.625	44.5	0.436206360857317
18.875	44.5	0.563380916961066
19.125	44.5	0.68263198400573
19.375	44.5	0.781759698382824
19.625	44.5	0.856389807940155
19.875	44.5	0.90859056207079
20.125	44.5	0.943292242334085
20.375	44.5	0.965600837239806
20.625	44.5	0.97963859337216
20.875	44.5	0.988354203846244
21.125	44.5	0.993720700019818
21.375	44.5	0.9970082066531
21.625	44.5	0.999015846451972
21.875	44.5	1.00023955304652
22.125	44.5	1.00098456805248
22.375	44.5	1.00143782752172
22.625	44.5	1.00171346860237
22.875	44.5	1.0018810518463
23.125	44.5	1.0019829234709
23.375	44.5	1.00204484503013
23.625	44.5	1.00208248226042
23.875	44.5	1.00210535919846
24.125	44.5	1.00211926513604
24.375	44.5	1.00212771883528
24.625	44.5	1.00213285889983
24.875	44.5	1.00213598506929
25.125	44.5	1.00213788724737
25.375	44.5	1.00213904548536
25.625	44.5	1.00213975152572
25.875	44.5	1.00214018267
26.125	44.5	1.00214044667106
26.375	44.5	1.0021406090154
26.625	44.5	1.00214070950323
26.875	44.5	1.00214077232462
27.125	44.5	1.00214081218295
27.375	44.5	1.00214083801626
27.625	44.5	1.00214085525879
27.875	44.5	1.00214086721535
28.125	44.5	1.00214087589655
28.375	44.5	1.00214088252642
28.625	44.5	1.00214088785086
28.875	44.5	1.00214089232512
29.125	44.5	1.00214089622775
29.375	44.5	1.00214089972981
29.625	44.5	1.00214090293695
29.875	44.5	1.00214090591502
30.125	44.5	1.0021409087056
30.375	44.5	1.00214091133542
30.625	44.5	1.00214091382217
30.875	44.5	1.00214091617792
31.125	44.5	1.00214091841129
31.375	44.5	1.00214092052874
31.625	44.5	1.00214092253533
31.875	44.5	1.00214092443524
32.125	44.5	1.00214092623204
32.375	44.5	1.00214092792887
32.625	44.5	1.00214092952856
32.875	44.5	1.00214093103368
33.125	44.5	1.00214093244662
33.375	44.5	1.00214093376957
33.625	44.5	1.00214093500458
33.875	44.5	1.00214093615353
34.125	44.5	1.00214093721819
34.375	44.5	1.00214093820019
34.625	44.5	1.00214093910101
34.875	44.5	1.00214093992203
35.125	44.5	1.00214094066449
35.375	44.5	1.00214094132953
35.625	44.5	1.00214094191815
35.875	44.5	1.00214094243126
36.125	44.5	1.00214094286962
36.375	44.5	1.00214094323392
36.625	44.5	1.00214094352469
36.875	44.5	1.00214094374238
37.125	44.5	1.00214094388733
37.375	44.5	1.00214094395975
0.125	45.5	-0.00214098476256474
0.375	45.5	-0.00214098481542853
0.625	45.5	-0.00214098492124371
0.875	45.5	-0.00214098508018564
1.125	45.5	-0.00214098529251766
1.375	45.5	-0.00214098555859156
1.625	45.5	-0.00214098587884802
1.875	45.5	-0.00214098625381739
2.125	45.5	-0.00214098668412034
2.375	45.5	-0.00214098717046888
2.625	45.5	-0.00214098771366727
2.875	45.5	-0.00214098831461319
3.125	45.5	-0.00214098897429879
3.375	45.5	-0.00214098969381181
3.625	45.5	-0.00214099047433657
3.875	45.5	-0.00214099131715455
4.125	45.5	-0.00214099222364446
4.375	45.5	-0.00214099319528106
4.625	45.5	-0.00214099423363221
4.875	45.5	-0.00214099534035244
5.125	45.5	-0.00214099651717107
5.375	45.5	-0.00214099776587114
5.625	45.5	-0.00214099908825302
5.875	45.5	-0.0021410004860728
6.125	45.5	-0.00214100196093905
6.375	45.5	-0.002141003514141
6.625	45.5	-0.00214100514636353
6.875	45.5	-0.00214100685721622
7.125	45.5	-0.00214100864445581
7.375	45.5	-0.00214101050270442
7.625	45.5	-0.00214101242133769
7.875	45.5	-0.00214101438100705
8.125	45.5	-0.00214101634791405
8.375	45.5	-0.00214101826438596
8.625	45.5	-0.00214102003336452
8.875	45.5	-0.00214102149287895
9.125	45.5	-0.00214102237403774
9.375	45.5	-0.00214102223190045
9.625	45.5	-0.00214102033172347
9.875	45.5	-0.00214101546177336
10.125	45.5	-0.002141005625307
10.375	45.5	-0.00214098753372074
10.625	45.5	-0.00214095577252286
10.875	45.5	-0.00214090142893742
11.125	45.5	-0.00214080983362323
11.375	45.5	-0.00214065684467305
11.625	45.5	-0.00214040273294405
11.875	45.5	-0.00213998212040515
12.125	45.5	-0.0021392874237946
12.375	45.5	-0.00213814161145905
12.625	45.5	-0.00213625337555678
12.875	45.5	-0.00213314337016369
13.125	45.5	-0.00212802284217137
13.375	45.5	-0.00211959393495115
13.625	45.5	-0.00210572113279038
13.875	45.5	-0.00208289074392824
14.125	45.5	-0.00204532180811816
14.375	45.5	-0.00198350398364633
14.625	45.5	-0.00188179404576842
14.875	45.5	-0.00171446743394045
15.125	45.5	-0.00143923867923835
15.375	45.5	-0.000986646858918258
15.625	45.5	-0.000242717859456664
15.875	45.5	0.000979218561121896
16.125	45.5	0.00298397329839056
16.375	45.5	0.00626678915657589
16.625	45.5	0.0116256997746067
16.875	45.5	0.020329162875164
17.125	45.5	0.034347787026336
17.375	45.5	0.0566270691960489
17.625	45.5	0.0912858300091657
17.875	45.5	0.143428243486477
18.125	45.5	0.217988191584047
18.375	45.5	0.317047437166094
18.625	45.5	0.436254487077362
18.875	45.5	0.563429052310139
19.125	45.5	0.682674317140756
19.375	45.5	0.781792998809896
19.625	45.5	0.856413849120101
19.875	45.5	0.908606902469336
20.125	45.5	0.943302916819755
20.375	45.5	0.965607641791545
20.625	45.5	0.97964287197184
20.875	45.5	0.988356878623821
21.125	45.5	0.993722373269792
21.375	45.5	0.997009260581163
21.625	45.5	0.999016519472741
21.875	45.5	1.00023999236061
22.125	45.5	1.00098486398858
22.375	45.5	1.00143803531073
22.625	45.5	1.00171362194788
22.875	45.5	1.00188117129681
23.125	45.5	1.00198302155384
23.375	45.5	1.00204492938861
23.625	45.5	1.00208255756552
23.875	45.5	1.00210542831347
24.125	45.5	1.00211932982469
24.375	45.5	1.00212778019235
24.625	45.5	1.00213291761294
24.875	45.5	1.00213604157798
25.125	45.5	1.0021379418398
25.375	45.5	1.00213909835707
25.625	45.5	1.00213980281535
25.875	45.5	1.00214023248106
26.125	45.5	1.00214049508511
26.375	45.5	1.00214065610011
26.625	45.5	1.0021407553173
26.875	45.5	1.00214081692078
27.125	45.5	1.00214085560983
27.375	45.5	1.0021408803195
27.625	45.5	1.00214089648176
27.875	45.5	1.00214090739958
28.125	45.5	1.00214091508207
28.375	45.5	1.0021409207519
28.625	45.5	1.00214092515378
28.875	45.5	1.00214092874186
29.125	45.5	1.00214093179364
29.375	45.5	1.00214093447921
29.625	45.5	1.00214093690332
29.875	45.5	1.00214093913094
30.125	45.5	1.00214094120281
30.375	45.5	1.00214094314488
30.625	45.5	1.00214094497406
30.875	45.5	1.00214094670171
31.125	45.5	1.00214094833576
31.375	45.5	1.00214094988201
31.625	45.5	1.00214095134491
31.875	45.5	1.00214095272803
32.125	45.5	1.00214095403438
32.375	45.5	1.00214095526656
32.625	45.5	1.00214095642691
32.875	45.5	1.0021409575175
33.125	45.5	1.00214095854029
33.375	45.5	1.00214095949703
33.625	45.5	1.00214096038938
33.875	45.5	1.00214096121885
34.125	45.5	1.00214096198686
34.375	45.5	1.00214096269471
34.625	45.5	1.0021409633436
34.875	45.5	1.00214096393463
35.125	45.5	1.00214096446879
35.375	45.5	1.002140964947
35.625	45.5	1.00214096537006
35.875	45.5	1.00214096573867
36.125	45.5	1.00214096605348
36.375	45.5	1.00214096631501
36.625	45.5	1.00214096652371
36.875	45.5	1.00214096667992
37.125	45.5	1.00214096678392
37.375	45.5	1.00214096683588
0.125	46.5	-0.00214096101755308
0.375	46.5	-0.00214096104850468
0.625	46.5	-0.00214096111047118
0.875	46.5	-0.00214096120357926
1.125	46.5	-0.00214096132801923
1.375	46.5	-0.0021409614840453
1.625	46.5	-0.00214096167197601
1.875	46.5	-0.00214096189219475
2.125	46.5	-0.00214096214515031
2.375	46.5	-0.00214096243135762
2.625	46.5	-0.00214096275139851
2.875	46.5	-0.00214096310592247
3.125	46.5	-0.0021409634956475
3.375	46.5	-0.00214096392136085
3.625	46.5	-0.00214096438391959
3.875	46.5	-0.00214096488425088
4.125	46.5	-0.00214096542335149
4.375	46.5	-0.00214096600228625
4.625	46.5	-0.00214096662218447
4.875	46.5	-0.00214096728423304
5.125	46.5	-0.00214096798966397
5.375	46.5	-0.00214096873973262
5.625	46.5	-0.0021409695356807
5.875	46.5	-0.00214097037867396
6.125	46.5	-0.00214097126969816
6.375	46.5	-0.00214097220938639
6.625	46.5	-0.0021409731977333
6.875	46.5	-0.0021409742336231
7.125	46.5	-0.00214097531405097
7.375	46.5	-0.00214097643284012
7.625	46.5	-0.00214097757852849
7.875	46.5	-0.00214097873088925
8.125	46.5	-0.00214097985520303
8.375	46.5	-0.00214098089283041
8.625	46.5	-0.00214098174569651
8.875	46.5	-0.00214098225075777
9.125	46.5	-0.00214098213798416
9.375	46.5	-0.00214098096121619
9.625	46.5	-0.0021409779843869
9.875	46.5	-0.00214097199429713
10.125	46.5	-0.00214096099253383
10.375	46.5	-0.0021409416885182
10.625	46.5	-0.00214090866531308
10.875	46.5	-0.00214085300695579
11.125	46.5	-0.00214076003973219
11.375	46.5	-0.00214060561544441
11.625	46.5	-0.0021403499955383
11.875	46.5	-0.00213992778747157
12.125	46.5	-0.00213923138511435
12.375	46.5	-0.00213808372022799
12.625	46.5	-0.00213619342584608
12.875	46.5	-0.00213308105985979
13.125	46.5	-0.00212795771201731
13.375	46.5	-0.00211952526825602
13.625	46.5	-0.00210564779041529
13.875	46.5	-0.00208281089278389
14.125	46.5	-0.0020452324745127
14.375	46.5	-0.00198340031869203
14.625	46.5	-0.00188166811780251
14.875	46.5	-0.00171430624501863
15.125	46.5	-0.00143902091148326
15.375	46.5	-0.000986337549144356
15.625	46.5	-0.000242259714663062
15.875	46.5	0.000979919240740067
16.125	46.5	0.00298506920725934
16.375	46.5	0.00626852761132566
16.625	46.5	0.0116284772649132
16.875	46.5	0.0203336042404724
17.125	46.5	0.0343548490054072
17.375	46.5	0.0566381464403755
17.625	46.5	0.0913027867526854
17.875	46.5	0.143453193166676
18.125	46.5	0.218022755542491
18.375	46.5	0.31709138665959
18.625	46.5	0.436304475183498
18.875	46.5	0.563479047350764
19.125	46.5	0.682718284046279
19.375	46.5	0.781827583668002
19.625	46.5	0.85643881767388
19.875	46.5	0.908623873772833
20.125	46.5	0.943314004289446
20.375	46.5	0.965614710554126
20.625	46.5	0.97964731768417
20.875	46.5	0.988359658842039
21.125	46.5	0.993724113415107
21.375	46.5	0.997010357530159
21.625	46.5	0.99901722078985
21.875	46.5	1.00024045089554
22.125	46.5	1.00098517353721
22.375	46.5	1.00143825322503
22.625	46.5	1.00171378322708
22.875	46.5	1.00188129728075
23.125	46.5	1.00198312525382
23.375	46.5	1.00204501874443
23.625	46.5	1.002082637431
23.875	46.5	1.00210550166532
24.125	46.5	1.00211939849781
24.375	46.5	1.002127845327
24.625	46.5	1.00213297992649
24.875	46.5	1.00213610153011
25.125	46.5	1.00213799973288
25.375	46.5	1.00213915439718
25.625	46.5	1.00213985714941
25.875	46.5	1.00214028521934
26.125	46.5	1.00214054631501
26.375	46.5	1.00214070589449
26.625	46.5	1.00214080373961
26.875	46.5	1.00214086402818
27.125	46.5	1.0021409014551
27.375	46.5	1.00214092495222
27.625	46.5	1.00214093994906
27.875	46.5	1.00214094974665
28.125	46.5	1.00214095635238
28.375	46.5	1.00214096098749
28.625	46.5	1.00214096439535
28.875	46.5	1.00214096702889
29.125	46.5	1.00214096916448
29.375	46.5	1.00214097097114
29.625	46.5	1.00214097255259
29.875	46.5	1.00214097397284
30.125	46.5	1.00214097527171
30.375	46.5	1.00214097647426
30.625	46.5	1.00214097759658
30.875	46.5	1.00214097864922
31.125	46.5	1.00214097963935
31.375	46.5	1.00214098057204
31.625	46.5	1.00214098145105
31.875	46.5	1.00214098227931
32.125	46.5	1.00214098305919
32.375	46.5	1.00214098379271
32.625	46.5	1.00214098448164
32.875	46.5	1.00214098512753
33.125	46.5	1.00214098573184
33.375	46.5	1.00214098629585
33.625	46.5	1.00214098682079
33.875	46.5	1.00214098730775
34.125	46.5	1.00214098775778
34.375	46.5	1.00214098817182
34.625	46.5	1.00214098855073
34.875	46.5	1.00214098889532
35.125	46.5	1.00214098920632
35.375	46.5	1.00214098948437
35.625	46.5	1.00214098973007
35.875	46.5	1.00214098994393
36.125	46.5	1.0021409901264
36.375	46.5	1.00214099027788
36.625	46.5	1.00214099039868
36.875	46.5	1.00214099048905
37.125	46.5	1.0021409905492
37.375	46.5	1.00214099057924
0.125	47.5	-0.0021409367654688
0.375	47.5	-0.00214093677345817
0.625	47.5	-0.00214093678947413
0.875	47.5	-0.00214093681359126
1.125	47.5	-0.00214093684592155
1.375	47.5	-0.00214093688661468
1.625	47.5	-0.00214093693585826
1.875	47.5	-0.00214093699387818
2.125	47.5	-0.002140937060939
2.375	47.5	-0.00214093713734444
2.625	47.5	-0.00214093722343783
2.875	47.5	-0.00214093731960261
3.125	47.5	-0.00214093742626286
3.375	47.5	-0.00214093754388359
3.625	47.5	-0.00214093767297099
3.875	47.5	-0.00214093781407217
4.125	47.5	-0.00214093796777424
4.375	47.5	-0.00214093813470226
4.625	47.5	-0.00214093831551501
4.875	47.5	-0.00214093851089759
5.125	47.5	-0.00214093872154825
5.375	47.5	-0.00214093894815594
5.625	47.5	-0.00214093919136264
5.875	47.5	-0.00214093945170015
6.125	47.5	-0.00214093972948535
6.375	47.5	-0.00214094002464656
6.625	47.5	-0.00214094033643685
6.875	47.5	-0.00214094066296093
7.125	47.5	-0.00214094100039549
7.375	47.5	-0.00214094134170492
7.625	47.5	-0.00214094167452645
7.875	47.5	-0.00214094197768888
8.125	47.5	-0.0021409422154824
8.375	47.5	-0.00214094232822797
8.625	47.5	-0.00214094221675749
8.875	47.5	-0.00214094171687408
9.125	47.5	-0.00214094055732451
9.375	47.5	-0.00214093829064082
9.625	47.5	-0.00214093417933811
9.875	47.5	-0.00214092700865061
10.125	47.5	-0.00214091477838671
10.375	47.5	-0.00214089419587385
10.625	47.5	-0.00214085984159692
10.875	47.5	-0.00214080279625409
11.125	47.5	-0.00214070838157599
11.375	47.5	-0.00214055244284572
11.625	47.5	-0.0021402952317967
11.875	47.5	-0.00213987134095766
12.125	47.5	-0.00213917314072429
12.375	47.5	-0.00213802352535922
12.625	47.5	-0.0021361310673556
12.875	47.5	-0.00213301622618075
13.125	47.5	-0.00212788993084767
13.375	47.5	-0.00211945380404446
13.625	47.5	-0.00210557147568905
13.875	47.5	-0.00208272785062711
14.125	47.5	-0.00204513966200878
14.375	47.5	-0.00198329277603285
14.625	47.5	-0.00188153773390636
14.875	47.5	-0.00171413972997862
15.125	47.5	-0.00143879647063403
15.375	47.5	-0.00098601943933206
15.625	47.5	-0.000241789366658633
15.875	47.5	0.000980637612285081
16.125	47.5	0.00298619169403464
16.375	47.5	0.00627030703135855
16.625	47.5	0.0116313189262798
16.875	47.5	0.0203381468767472
17.125	47.5	0.03436207062006
17.375	47.5	0.0566494726539815
17.625	47.5	0.0913201231182723
17.875	47.5	0.14347869977597
18.125	47.5	0.218058089100392
18.375	47.5	0.317136312319172
18.625	47.5	0.436355570774698
18.875	47.5	0.563530147348404
19.125	47.5	0.682763220770788
19.375	47.5	0.781862930508648
19.625	47.5	0.856464336280189
19.875	47.5	0.908641219395383
20.125	47.5	0.943325337005725
20.375	47.5	0.965621936483851
20.625	47.5	0.979651863086506
20.875	47.5	0.988362502239821
21.125	47.5	0.993725893911679
21.375	47.5	0.997011480679586
21.625	47.5	0.999017939567754
21.875	47.5	1.0002409214924
22.125	47.5	1.00098549179949
22.375	47.5	1.00143847775952
22.625	47.5	1.00171394979986
22.875	47.5	1.00188142770049
23.125	47.5	1.00198323281895
23.375	47.5	1.00204511157119
23.625	47.5	1.00208272048237
23.875	47.5	1.00210557798611
24.125	47.5	1.00211946996612
24.375	47.5	1.00212791311102
24.625	47.5	1.0021330447622
24.875	47.5	1.00213616389008
25.125	47.5	1.00213805992884
25.375	47.5	1.00213921264238
25.625	47.5	1.00213991359651
25.875	47.5	1.00214033998349
26.125	47.5	1.00214059948787
26.375	47.5	1.00214075755278
26.625	47.5	1.00214085395033
26.875	47.5	1.00214091285182
27.125	47.5	1.00214094894756
27.375	47.5	1.00214097116609
27.625	47.5	1.00214098493435
27.875	47.5	1.00214099355125
28.125	47.5	1.00214099902244
28.375	47.5	1.00214100256756
28.625	47.5	1.00214100492858
28.875	47.5	1.00214100655712
29.125	47.5	1.00214100772831
29.375	47.5	1.00214100861004
29.625	47.5	1.00214100930492
29.875	47.5	1.00214100987592
30.125	47.5	1.00214101036187
30.375	47.5	1.0021410107869
30.625	47.5	1.00214101116619
30.875	47.5	1.00214101150942
31.125	47.5	1.00214101182295
31.375	47.5	1.00214101211108
31.625	47.5	1.00214101237682
31.875	47.5	1.00214101262239
32.125	47.5	1.0021410128495
32.375	47.5	1.00214101305954
32.625	47.5	1.00214101325366
32.875	47.5	1.00214101343287
33.125	47.5	1.00214101359806
33.375	47.5	1.00214101375005
33.625	47.5	1.00214101388957
33.875	47.5	1.00214101401729
34.125	47.5	1.00214101413383
34.375	47.5	1.00214101423976
34.625	47.5	1.00214101433559
34.875	47.5	1.00214101442182
35.125	47.5	1.00214101449885
35.375	47.5	1.00214101456709
35.625	47.5	1.00214101462689
35.875	47.5	1.00214101467854
36.125	47.5	1.00214101472232
36.375	47.5	1.00214101475846
36.625	47.5	1.00214101478714
36.875	47.5	1.00214101480852
37.125	47.5	1.00214101482271
37.375	47.5	1.00214101482979
0.125	48.5	-0.00214091238367268
0.375	48.5	-0.00214091236807866
0.625	48.5	-0.00214091233690061
0.875	48.5	-0.00214091229015855
1.125	48.5	-0.00214091222788262
1.375	48.5	-0.00214091215011313
1.625	48.5	-0.00214091205690074
1.875	48.5	-0.00214091194830664
2.125	48.5	-0.00214091182440266
2.375	48.5	-0.00214091168527155
2.625	48.5	-0.00214091153100717
2.875	48.5	-0.00214091136171462
3.125	48.5	-0.00214091117751041
3.375	48.5	-0.0021409109785224
3.625	48.5	-0.00214091076488957
3.875	48.5	-0.00214091053676128
4.125	48.5	-0.00214091029429589
4.375	48.5	-0.00214091003765804
4.625	48.5	-0.00214090976701398
4.875	48.5	-0.00214090948252336
5.125	48.5	-0.00214090918432549
5.375	48.5	-0.00214090887251614
5.625	48.5	-0.00214090854710902
5.875	48.5	-0.00214090820797185
6.125	48.5	-0.00214090785472065
6.375	48.5	-0.00214090748654517
6.625	48.5	-0.00214090710192119
6.875	48.5	-0.00214090669813631
7.125	48.5	-0.00214090627050906
7.375	48.5	-0.00214090581110319
7.625	48.5	-0.00214090530661134
7.875	48.5	-0.0021409047348717
8.125	48.5	-0.00214090405913548
8.375	48.5	-0.00214090321863301
8.625	48.5	-0.00214090211304942
8.875	48.5	-0.00214090057697825
9.125	48.5	-0.00214089833788399
9.375	48.5	-0.00214089494692814
9.625	48.5	-0.00214088966514241
9.875	48.5	-0.00214088127612546
10.125	48.5	-0.00214086777783403
10.375	48.5	-0.00214084587542382
10.625	48.5	-0.00214081014671785
10.875	48.5	-0.00214075166898347
11.125	48.5	-0.00214065575929373
11.375	48.5	-0.00214049825629511
11.625	48.5	-0.00214023940186802
11.875	48.5	-0.00213981377343641
12.125	48.5	-0.00213911371768997
12.375	48.5	-0.00213796209107175
12.625	48.5	-0.00213606740506908
12.875	48.5	-0.00213295002002428
13.125	48.5	-0.00212782070312832
13.375	48.5	-0.00211938081209972
13.625	48.5	-0.00210549354217333
13.875	48.5	-0.00208264308427596
14.125	48.5	-0.00204504499825906
14.375	48.5	-0.00198318322148479
14.625	48.5	-0.00188140512429168
14.875	48.5	-0.00171397069002646
15.125	48.5	-0.00143856906747024
15.375	48.5	-0.000985697704880181
15.625	48.5	-0.000241314364762103
15.875	48.5	0.000981362265599707
16.125	48.5	0.00298732306475146
16.375	48.5	0.00627209951448495
16.625	48.5	0.011634180356651
16.875	48.5	0.0203427199664495
17.125	48.5	0.03436933945378
17.375	48.5	0.0566608716863449
17.625	48.5	0.091337569629927
17.875	48.5	0.143504366959058
18.125	48.5	0.218093643269137
18.375	48.5	0.317181516125154
18.625	48.5	0.436406979902954
18.875	48.5	0.56358155817521
19.125	48.5	0.682808428843118
19.375	48.5	0.781898489801529
19.625	48.5	0.85649000809482
19.875	48.5	0.908658669484056
20.125	48.5	0.943336738553533
20.375	48.5	0.965629206988827
20.625	48.5	0.979656437248977
20.875	48.5	0.988365364344634
21.125	48.5	0.993727686813624
21.375	48.5	0.997012612308563
21.625	48.5	0.999018664379752
21.875	48.5	1.00024139659168
22.125	48.5	1.00098581359376
22.375	48.5	1.0014387051995
22.625	48.5	1.00171411886258
22.875	48.5	1.00188156032426
23.125	48.5	1.00198334238237
23.375	48.5	1.00204520624056
23.625	48.5	1.00208280525232
23.875	48.5	1.00210565592196
24.125	48.5	1.00211954295959
24.375	48.5	1.00212798233973
24.625	48.5	1.00213311096899
24.875	48.5	1.00213622755275
25.125	48.5	1.00213812136333
25.375	48.5	1.00213927206547
25.625	48.5	1.00213997116398
25.875	48.5	1.00214039581327
26.125	48.5	1.00214065367419
26.375	48.5	1.00214081017475
26.625	48.5	1.00214090507723
26.875	48.5	1.00214096254626
27.125	48.5	1.00214099726752
27.375	48.5	1.00214101816609
27.625	48.5	1.00214103066627
27.875	48.5	1.00214103806479
28.125	48.5	1.00214104236544
28.375	48.5	1.00214104478625
28.625	48.5	1.00214104606767
28.875	48.5	1.00214104665998
29.125	48.5	1.00214104683703
29.375	48.5	1.00214104676546
29.625	48.5	1.00214104654678
29.875	48.5	1.00214104624285
30.125	48.5	1.00214104589145
30.375	48.5	1.00214104551574
30.625	48.5	1.00214104512993
30.875	48.5	1.00214104474283
31.125	48.5	1.00214104435992
31.375	48.5	1.00214104398469
31.625	48.5	1.00214104361937
31.875	48.5	1.00214104326544
32.125	48.5	1.00214104292392
32.375	48.5	1.00214104259552
32.625	48.5	1.00214104228077
32.875	48.5	1.00214104198009
33.125	48.5	1.00214104169381
33.375	48.5	1.00214104142222
33.625	48.5	1.00214104116556
33.875	48.5	1.00214104092404
34.125	48.5	1.00214104069784
34.375	48.5	1.00214104048715
34.625	48.5	1.00214104029211
34.875	48.5	1.00214104011287
35.125	48.5	1.00214103994953
35.375	48.5	1.00214103980223
35.625	48.5	1.00214103967105
35.875	48.5	1.00214103955608
36.125	48.5	1.0021410394574
36.375	48.5	1.00214103937507
36.625	48.5	1.00214103930915
36.875	48.5	1.00214103925967
37.125	48.5	1.00214103922666
37.375	48.5	1.00214103921016
0.125	49.5	-0.00214088825982749
0.375	49.5	-0.0021408882204776
0.625	49.5	-0.00214088814175995
0.875	49.5	-0.0021408880236388
1.125	49.5	-0.00214088786606056
1.375	49.5	-0.00214088766895374
1.625	49.5	-0.00214088743222895
1.875	49.5	-0.00214088715577893
2.125	49.5	-0.00214088683947843
2.375	49.5	-0.00214088648318423
2.625	49.5	-0.00214088608673501
2.875	49.5	-0.0021408856499512
3.125	49.5	-0.0021408851726347
3.375	49.5	-0.0021408846545685
3.625	49.5	-0.00214088409551588
3.875	49.5	-0.00214088349521929
4.125	49.5	-0.00214088285339836
4.375	49.5	-0.00214088216974663
4.625	49.5	-0.00214088144392623
4.875	49.5	-0.00214088067555907
5.125	49.5	-0.0021408798642123
5.375	49.5	-0.00214087900937441
5.625	49.5	-0.00214087811041589
5.875	49.5	-0.00214087716652441
6.125	49.5	-0.00214087617659821
6.375	49.5	-0.00214087513907057
6.625	49.5	-0.002140874051621
6.875	49.5	-0.00214087291069992
7.125	49.5	-0.00214087171074649
7.375	49.5	-0.00214087044290151
7.625	49.5	-0.00214086909288937
7.875	49.5	-0.00214086763753282
8.125	49.5	-0.00214086603901793
8.375	49.5	-0.00214086423545689
8.625	49.5	-0.00214086212535914
8.875	49.5	-0.00214085954207843
9.125	49.5	-0.00214085621176528
9.375	49.5	-0.00214085168417771
9.625	49.5	-0.00214084521882999
9.875	49.5	-0.00214083559765023
10.125	49.5	-0.00214082081670829
10.375	49.5	-0.00214079757895349
10.625	49.5	-0.00214076045951455
10.875	49.5	-0.00214070053220037
11.125	49.5	-0.0021406031094081
11.375	49.5	-0.00214044402314577
11.625	49.5	-0.00214018350546768
11.875	49.5	-0.00213975611876842
12.125	49.5	-0.00213905418618853
12.375	49.5	-0.00213790052664377
12.625	49.5	-0.00213600359113237
12.875	49.5	-0.00213288364175914
13.125	49.5	-0.00212775128539174
13.375	49.5	-0.00211930761728489
13.625	49.5	-0.00210541540215358
13.875	49.5	-0.00208255812389571
14.125	49.5	-0.00204495018043764
14.375	49.5	-0.00198307359904807
14.625	49.5	-0.00188127261004646
14.875	49.5	-0.00171380203649705
15.125	49.5	-0.00143834255286975
15.375	49.5	-0.000985377708789258
15.625	49.5	-0.000240842522088924
15.875	49.5	0.000982081403650756
16.125	49.5	0.0029884450391268
16.375	49.5	0.00627387624912684
16.625	49.5	0.0116370157234294
16.875	49.5	0.0203472504284778
17.125	49.5	0.0343765395167628
17.375	49.5	0.0566721618111808
17.625	49.5	0.0913548483128118
17.875	49.5	0.143529785907653
18.125	49.5	0.218128851889952
18.375	49.5	0.317226278350396
18.625	49.5	0.436457884095734
18.875	49.5	0.563632461347819
19.125	49.5	0.682853188508975
19.375	49.5	0.781933695355374
19.625	49.5	0.85651542428024
19.875	49.5	0.908675946041542
20.125	49.5	0.943348027190849
20.375	49.5	0.965636406068822
20.625	49.5	0.979660967083785
20.875	49.5	0.988368199319647
21.125	49.5	0.993729463306704
21.375	49.5	0.997013734135125
21.625	49.5	0.999019383427738
21.875	49.5	1.00024186837957
22.125	49.5	1.00098613355652
22.375	49.5	1.00143893169377
22.625	49.5	1.00171428750364
22.875	49.5	1.00188169283078
23.125	49.5	1.00198345199993
23.375	49.5	1.00204530105522
23.625	49.5	1.00208289021056
23.875	49.5	1.00210573406045
24.125	49.5	1.00211961615323
24.375	49.5	1.0021280517565
24.625	49.5	1.0021331773464
24.875	49.5	1.0021362913659
25.125	49.5	1.00213818292699
25.375	49.5	1.00213933159622
25.625	49.5	1.00214002881788
25.875	49.5	1.0021404517089
26.125	49.5	1.00214070790655
26.375	49.5	1.00214086282383
26.625	49.5	1.00214095621319
26.875	49.5	1.00214101223262
27.125	49.5	1.00214104556312
27.375	49.5	1.00214106512633
27.625	49.5	1.00214107634384
27.875	49.5	1.00214108251018
28.125	49.5	1.00214108562725
28.375	49.5	1.0021410869114
28.625	49.5	1.00214108710159
28.875	49.5	1.00214108664666
29.125	49.5	1.00214108581917
29.375	49.5	1.00214108478453
29.625	49.5	1.00214108364305
29.875	49.5	1.00214108245548
30.125	49.5	1.00214108125856
30.375	49.5	1.00214108007439
30.625	49.5	1.00214107891624
30.875	49.5	1.00214107779199
31.125	49.5	1.00214107670625
31.375	49.5	1.00214107566165
31.625	49.5	1.00214107465964
31.875	49.5	1.00214107370095
32.125	49.5	1.00214107278586
32.375	49.5	1.00214107191442
32.625	49.5	1.00214107108651
32.875	49.5	1.00214107030195
33.125	49.5	1.00214106956048
33.375	49.5	1.00214106886187
33.625	49.5	1.00214106820584
33.875	49.5	1.00214106759214
34.125	49.5	1.00214106702052
34.375	49.5	1.00214106649074
34.625	49.5	1.00214106600258
34.875	49.5	1.00214106555584
35.125	49.5	1.00214106515032
35.375	49.5	1.00214106478584
35.625	49.5	1.00214106446226
35.875	49.5	1.00214106417944
36.125	49.5	1.00214106393724
36.375	49.5	1.00214106373557
36.625	49.5	1.00214106357434
36.875	49.5	1.00214106345348
37.125	49.5	1.00214106337294
37.375	49.5	1.00214106333268
0.125	50.5	-0.0021408647845102
0.375	50.5	-0.00214086472169079
0.625	50.5	-0.00214086459600625
0.875	50.5	-0.00214086440736506
1.125	50.5	-0.00214086415562985
1.375	50.5	-0.00214086384061729
1.625	50.5	-0.00214086346209789
1.875	50.5	-0.00214086301979585
2.125	50.5	-0.00214086251338875
2.375	50.5	-0.00214086194250729
2.625	50.5	-0.00214086130673481
2.875	50.5	-0.0021408606056069
3.125	50.5	-0.00214085983861065
3.375	50.5	-0.00214085900518388
3.625	50.5	-0.00214085810471392
3.875	50.5	-0.00214085713653593
4.125	50.5	-0.00214085609993039
4.375	50.5	-0.00214085499411924
4.625	50.5	-0.00214085381825997
4.875	50.5	-0.00214085257143605
5.125	50.5	-0.00214085125264174
5.375	50.5	-0.0021408498607574
5.625	50.5	-0.00214084839450931
5.875	50.5	-0.002140846852404
6.125	50.5	-0.00214084523262068
6.375	50.5	-0.00214084353283475
6.625	50.5	-0.00214084174992789
6.875	50.5	-0.00214083987951157
7.125	50.5	-0.00214083791514363
7.375	50.5	-0.00214083584703972
7.625	50.5	-0.00214083365995361
7.875	50.5	-0.00214083132969002
8.125	50.5	-0.00214082881736702
8.375	50.5	-0.00214082605997567
8.625	50.5	-0.0021408229548466
8.875	50.5	-0.00214081933409054
9.125	50.5	-0.00214081492254108
9.375	50.5	-0.00214080926855021
9.625	50.5	-0.0021408016301133
9.875	50.5	-0.00214079078748849
10.125	50.5	-0.00214077473486282
10.375	50.5	-0.00214075017298958
10.625	50.5	-0.002140711674324
10.875	50.5	-0.00214065030925502
11.125	50.5	-0.00214055138557183
11.375	50.5	-0.00214039072876077
11.625	50.5	-0.00214012856124763
11.875	50.5	-0.00213969943072874
12.125	50.5	-0.00213899563734671
12.375	50.5	-0.00213783996340406
12.625	50.5	-0.00213594080092153
12.875	50.5	-0.00213281831626193
13.125	50.5	-0.00212768296008486
13.375	50.5	-0.00211923557196217
13.625	50.5	-0.00210533849725645
13.875	50.5	-0.00208247453122121
14.125	50.5	-0.00204485694011359
14.375	50.5	-0.00198296589088562
14.625	50.5	-0.0018811425556979
14.875	50.5	-0.00171363673187989
15.125	50.5	-0.00143812084054657
15.375	50.5	-0.00098506489504898
15.625	50.5	-0.000240381761468582
15.875	50.5	0.000982783073708492
16.125	50.5	0.00298953910711118
16.375	50.5	0.00627560807443107
16.625	50.5	0.0116397786525065
16.875	50.5	0.0203516643336824
17.125	50.5	0.0343835534904465
17.375	50.5	0.0566831592410596
17.625	50.5	0.0913716780676366
17.875	50.5	0.143554543263329
18.125	50.5	0.218163142578584
18.375	50.5	0.317269871475221
18.625	50.5	0.436507456183045
18.875	50.5	0.563682029858391
19.125	50.5	0.682896772655815
19.375	50.5	0.781967975274549
19.625	50.5	0.856540171919197
19.875	50.5	0.908692768308806
20.125	50.5	0.943359019369125
20.375	50.5	0.965643416563676
20.625	50.5	0.979665378763226
20.875	50.5	0.988370960854357
21.125	50.5	0.993731194269433
21.375	50.5	0.997014827673398
21.625	50.5	0.999020084773753
21.875	50.5	1.00024232894225
22.125	50.5	1.00098644624927
22.375	50.5	1.00143915333194
22.625	50.5	1.00171445276257
22.875	50.5	1.00188182285674
23.125	50.5	1.00198355969021
23.375	50.5	1.00204539428405
23.625	50.5	1.00208297379563
23.875	50.5	1.00210581096012
24.125	50.5	1.00211968819479
24.375	50.5	1.00212812007894
24.625	50.5	1.0021332426696
24.875	50.5	1.00213635415416
25.125	50.5	1.00213824348851
25.375	50.5	1.00213939014348
25.625	50.5	1.00214008550445
25.875	50.5	1.00214050665171
26.125	50.5	1.00214076119957
26.375	50.5	1.00214091454635
26.625	50.5	1.00214100643483
26.875	50.5	1.00214106101653
27.125	50.5	1.00214109296783
27.375	50.5	1.00214111120693
27.625	50.5	1.00214112115277
27.875	50.5	1.00214112609768
28.125	50.5	1.00214112804167
28.375	50.5	1.00214112819942
28.625	50.5	1.00214112730838
28.875	50.5	1.00214112581599
29.125	50.5	1.00214112399347
29.375	50.5	1.002141122005
29.625	50.5	1.00214111994971
29.875	50.5	1.00214111788724
30.125	50.5	1.00214111585324
30.375	50.5	1.00214111386881
30.625	50.5	1.00214111194625
30.875	50.5	1.0021411100925
31.125	50.5	1.0021411083113
31.375	50.5	1.00214110660444
31.625	50.5	1.00214110497258
31.875	50.5	1.00214110341567
32.125	50.5	1.00214110193329
32.375	50.5	1.0021411005248
32.625	50.5	1.00214109918944
32.875	50.5	1.00214109792641
33.125	50.5	1.00214109673491
33.375	50.5	1.00214109561413
33.625	50.5	1.00214109456332
33.875	50.5	1.00214109358173
34.125	50.5	1.00214109266869
34.375	50.5	1.00214109182355
34.625	50.5	1.0021410910457
34.875	50.5	1.00214109033461
35.125	50.5	1.00214108968976
35.375	50.5	1.0021410891107
35.625	50.5	1.00214108859701
35.875	50.5	1.00214108814833
36.125	50.5	1.00214108776434
36.375	50.5	1.00214108744477
36.625	50.5	1.00214108718938
36.875	50.5	1.002141086998
37.125	50.5	1.00214108687049
37.375	50.5	1.00214108680676
0.125	51.5	-0.00214084234365516
0.375	51.5	-0.0021408422581117
0.625	51.5	-0.00214084208695176
0.875	51.5	-0.00214084183002926
1.125	51.5	-0.00214084148712487
1.375	51.5	-0.00214084105794581
1.625	51.5	-0.00214084054212552
1.875	51.5	-0.00214083993922327
2.125	51.5	-0.00214083924872371
2.375	51.5	-0.00214083847003626
2.625	51.5	-0.00214083760249445
2.875	51.5	-0.00214083664535502
3.125	51.5	-0.00214083559779702
3.375	51.5	-0.0021408344589204
3.625	51.5	-0.00214083322774452
3.875	51.5	-0.00214083190320581
4.125	51.5	-0.00214083048415487
4.375	51.5	-0.00214082896935196
4.625	51.5	-0.00214082735746043
4.875	51.5	-0.00214082564703655
5.125	51.5	-0.00214082383651358
5.375	51.5	-0.00214082192417632
5.625	51.5	-0.00214081990812008
5.875	51.5	-0.0021408177861842
6.125	51.5	-0.00214081555584353
6.375	51.5	-0.00214081321403094
6.625	51.5	-0.00214081075684638
6.875	51.5	-0.0021408081790792
7.125	51.5	-0.00214080547342351
7.375	51.5	-0.00214080262918819
7.625	51.5	-0.00214079963017559
7.875	51.5	-0.00214079645119237
8.125	51.5	-0.00214079305230956
8.375	51.5	-0.00214078936941899
8.625	51.5	-0.00214078529869551
8.875	51.5	-0.00214078067103127
9.125	51.5	-0.00214077520996905
9.375	51.5	-0.00214076846248327
9.625	51.5	-0.00214075968508212
9.875	51.5	-0.00214074765639038
10.125	51.5	-0.00214073036875641
10.375	51.5	-0.00214070452079331
10.625	51.5	-0.00214066468235751
10.875	51.5	-0.00214060192052316
11.125	51.5	-0.00214050153862606
11.375	51.5	-0.00214033935586649
11.625	51.5	-0.00214007558540987
11.875	51.5	-0.0021396447608402
12.125	51.5	-0.00213893916024576
12.375	51.5	-0.00213778153084776
12.625	51.5	-0.00213588020818888
12.875	51.5	-0.0021327552669813
13.125	51.5	-0.00212761700838727
13.375	51.5	-0.00211916602731656
13.625	51.5	-0.00210526426789223
13.875	51.5	-0.0020823938665049
14.125	51.5	-0.00204476700671921
14.375	51.5	-0.0019828620757146
14.625	51.5	-0.00188101731992521
14.875	51.5	-0.00171347772859966
15.125	51.5	-0.00143790782693369
15.375	51.5	-0.000984764678209121
15.625	51.5	-0.000239939956009153
15.875	51.5	0.000983455406354129
16.125	51.5	0.00299058689727138
16.375	51.5	0.00627726605868784
16.625	51.5	0.0116424231460247
16.875	51.5	0.0203558883657407
17.125	51.5	0.0343902650434792
17.375	51.5	0.0566936817531387
17.625	51.5	0.0913877802136326
17.875	51.5	0.14357822926572
18.125	51.5	0.218195948004885
18.375	51.5	0.317311574519904
18.625	51.5	0.43655487658805
18.875	51.5	0.563729444457109
19.125	51.5	0.682938461124955
19.375	51.5	0.782000763214196
19.625	51.5	0.856563842140825
19.875	51.5	0.908708858291011
20.125	51.5	0.943369533347013
20.375	51.5	0.965650122461284
20.625	51.5	0.979669599175426
20.875	51.5	0.988373603079109
21.125	51.5	0.99373285084948
21.375	51.5	0.997015874600734
21.625	51.5	0.99902075657824
21.875	51.5	1.00024277042484
22.125	51.5	1.00098674626859
22.375	51.5	1.00143936622439
22.625	51.5	1.00171461169113
22.875	51.5	1.00188194804604
23.125	51.5	1.0019836634761
23.375	51.5	1.00204548419864
23.625	51.5	1.00208305444794
23.875	51.5	1.002105885181
24.125	51.5	1.00211975773337
24.375	51.5	1.00212818602608
24.625	51.5	1.00213330571527
24.875	51.5	1.0021364147439
25.125	51.5	1.00213830191847
25.375	51.5	1.00213944661827
25.625	51.5	1.00214014017221
25.875	51.5	1.00214055962557
26.125	51.5	1.0021408125706
26.375	51.5	1.00214096439151
26.625	51.5	1.00214105482185
26.875	51.5	1.00214110800685
27.125	51.5	1.00214113861842
27.375	51.5	1.00214115557149
27.625	51.5	1.00214116428236
27.875	51.5	1.00214116804124
28.125	51.5	1.0021411688463
28.375	51.5	1.00214116791059
28.625	51.5	1.00214116597007
28.875	51.5	1.00214116347079
29.125	51.5	1.0021411606827
29.375	51.5	1.00214115776875
29.625	51.5	1.00214115482692
29.875	51.5	1.00214115191574
30.125	51.5	1.00214114906983
30.375	51.5	1.00214114630929
30.625	51.5	1.00214114364545
30.875	51.5	1.00214114108436
31.125	51.5	1.00214113862889
31.375	51.5	1.00214113628002
31.625	51.5	1.0021411340376
31.875	51.5	1.00214113190087
32.125	51.5	1.00214112986869
32.375	51.5	1.00214112793975
32.625	51.5	1.00214112611267
32.875	51.5	1.00214112438605
33.125	51.5	1.00214112275851
33.375	51.5	1.00214112122875
33.625	51.5	1.00214111979549
33.875	51.5	1.00214111845755
34.125	51.5	1.0021411172138
34.375	51.5	1.00214111606321
34.625	51.5	1.00214111500481
34.875	51.5	1.00214111403771
35.125	51.5	1.00214111316109
35.375	51.5	1.00214111237422
35.625	51.5	1.00214111167644
35.875	51.5	1.00214111106716
36.125	51.5	1.00214111054587
36.375	51.5	1.00214111011213
36.625	51.5	1.00214110976558
36.875	51.5	1.00214110950592
37.125	51.5	1.00214110933293
37.375	51.5	1.00214110924648
0.125	52.5	-0.00214082131099204
0.375	52.5	-0.0021408212039192
0.625	52.5	-0.00214082098967447
0.875	52.5	-0.00214082066805957
1.125	52.5	-0.00214082023877685
1.375	52.5	-0.0021408197014289
1.625	52.5	-0.00214081905551814
1.875	52.5	-0.00214081830044619
2.125	52.5	-0.00214081743551327
2.375	52.5	-0.00214081645991729
2.625	52.5	-0.00214081537275291
2.875	52.5	-0.00214081417301037
3.125	52.5	-0.00214081285957414
3.375	52.5	-0.00214081143122119
3.625	52.5	-0.00214080988661899
3.875	52.5	-0.00214080822432277
4.125	52.5	-0.00214080644277203
4.375	52.5	-0.00214080454028551
4.625	52.5	-0.00214080251505399
4.875	52.5	-0.00214080036512952
5.125	52.5	-0.00214079808840875
5.375	52.5	-0.00214079568260675
5.625	52.5	-0.00214079314521524
5.875	52.5	-0.00214079047343524
6.125	52.5	-0.00214078766406762
6.375	52.5	-0.00214078471333475
6.625	52.5	-0.00214078161658843
6.875	52.5	-0.00214077836783122
7.125	52.5	-0.00214077495893046
7.375	52.5	-0.00214077137832701
7.625	52.5	-0.00214076760891234
7.875	52.5	-0.00214076362453758
8.125	52.5	-0.0021407593842712
8.375	52.5	-0.00214075482295247
8.625	52.5	-0.00214074983564952
8.875	52.5	-0.00214074425208775
9.125	52.5	-0.00214073779457417
9.375	52.5	-0.00214073000876488
9.625	52.5	-0.0021407201497456
9.875	52.5	-0.00214070699458015
10.125	52.5	-0.00214068853386193
10.375	52.5	-0.00214066146416488
10.625	52.5	-0.00214062035287455
10.875	52.5	-0.00214055626392108
11.125	52.5	-0.00214045449642677
11.375	52.5	-0.00214029086365781
11.625	52.5	-0.00214002557005429
11.875	52.5	-0.00213959313592237
12.125	52.5	-0.00213888581862209
12.375	52.5	-0.00213772633242652
12.625	52.5	-0.00213582295986056
12.875	52.5	-0.00213269568962844
13.125	52.5	-0.002127554682628
13.375	52.5	-0.00211910030424717
13.625	52.5	-0.00210519412222948
13.875	52.5	-0.00208231765495488
14.125	52.5	-0.00204468207045624
14.375	52.5	-0.00198276408656867
14.625	52.5	-0.00188089920555223
14.875	52.5	-0.0017133279069479
15.125	52.5	-0.00143770731002684
15.375	52.5	-0.000984482331621852
15.625	52.5	-0.000239524767881913
15.875	52.5	0.000984086856981492
16.125	52.5	0.00299157054880866
16.375	52.5	0.00627882208321432
16.625	52.5	0.0116449045085294
16.875	52.5	0.0203598512950532
17.125	52.5	0.0343965611678831
17.375	52.5	0.0567035523458276
17.625	52.5	0.0914028840775734
17.875	52.5	0.14360044596596
18.125	52.5	0.218226717258034
18.375	52.5	0.31735068747803
18.625	52.5	0.436599349721289
18.875	52.5	0.563773910026451
19.125	52.5	0.68297755509482
19.375	52.5	0.782031509685301
19.625	52.5	0.856586038279772
19.875	52.5	0.908723946304654
20.125	52.5	0.943379392817631
20.375	52.5	0.965656411214262
20.625	52.5	0.979673557385748
20.875	52.5	0.988376081483412
21.125	52.5	0.993734405042699
21.375	52.5	0.997016857126744
21.625	52.5	0.999021387339707
21.875	52.5	1.00024318519153
22.125	52.5	1.00098702835727
22.375	52.5	1.00143956658302
22.625	52.5	1.00171476141513
22.875	52.5	1.00188206609964
23.125	52.5	1.00198376142693
23.375	52.5	1.00204556911028
23.625	52.5	1.00208313064325
23.875	52.5	1.00210595531557
24.125	52.5	1.00211982344853
24.375	52.5	1.00212824834593
24.625	52.5	1.00213336528798
24.875	52.5	1.0021364719884
25.125	52.5	1.00213835711361
25.375	52.5	1.00213949995699
25.625	52.5	1.0021401917945
25.875	52.5	1.00214060963849
26.125	52.5	1.00214086106053
26.375	52.5	1.00214101143156
26.625	52.5	1.00214110047642
26.875	52.5	1.00214115233438
27.125	52.5	1.00214118167319
27.375	52.5	1.0021411974046
27.625	52.5	1.00214120494245
27.875	52.5	1.00214120757491
28.125	52.5	1.00214120729841
28.375	52.5	1.00214120532443
28.625	52.5	1.0021412023875
28.875	52.5	1.00214119893237
29.125	52.5	1.00214119522774
29.375	52.5	1.0021411914354
29.625	52.5	1.00214118765222
29.875	52.5	1.00214118393568
30.125	52.5	1.00214118031939
30.375	52.5	1.00214117682251
30.625	52.5	1.00214117345545
30.875	52.5	1.00214117022339
31.125	52.5	1.00214116712838
31.375	52.5	1.0021411641706
31.625	52.5	1.00214116134918
31.875	52.5	1.00214115866262
32.125	52.5	1.00214115610911
32.375	52.5	1.00214115368672
32.625	52.5	1.00214115139345
32.875	52.5	1.00214114922734
33.125	52.5	1.00214114718648
33.375	52.5	1.00214114526903
33.625	52.5	1.00214114347328
33.875	52.5	1.00214114179759
34.125	52.5	1.00214114024042
34.375	52.5	1.00214113880036
34.625	52.5	1.00214113747609
34.875	52.5	1.00214113626639
35.125	52.5	1.00214113517016
35.375	52.5	1.00214113418638
35.625	52.5	1.00214113331417
35.875	52.5	1.00214113255272
36.125	52.5	1.00214113190134
36.375	52.5	1.00214113135944
36.625	52.5	1.0021411309265
36.875	52.5	1.00214113060215
37.125	52.5	1.00214113038608
37.375	52.5	1.00214113027809
0.125	53.5	-0.00214080204064487
0.375	53.5	-0.00214080191366682
0.625	53.5	-0.00214080165958737
0.875	53.5	-0.00214080127815968
1.125	53.5	-0.00214080076901311
1.375	53.5	-0.00214080013165282
1.625	53.5	-0.00214079936545915
1.875	53.5	-0.00214079846968693
2.125	53.5	-0.00214079744346453
2.375	53.5	-0.00214079628579285
2.625	53.5	-0.00214079499554404
2.875	53.5	-0.00214079357146007
3.125	53.5	-0.00214079201215095
3.375	53.5	-0.00214079031609277
3.625	53.5	-0.00214078848162513
3.875	53.5	-0.0021407865069481
4.125	53.5	-0.00214078439011809
4.375	53.5	-0.00214078212904243
4.625	53.5	-0.00214077972147152
4.875	53.5	-0.0021407771649875
5.125	53.5	-0.00214077445698688
5.375	53.5	-0.00214077159465374
5.625	53.5	-0.00214076857491715
5.875	53.5	-0.00214076539438307
6.125	53.5	-0.00214076204922409
6.375	53.5	-0.00214075853500009
6.625	53.5	-0.00214075484636535
6.875	53.5	-0.00214075097658867
7.125	53.5	-0.00214074691676643
7.375	53.5	-0.00214074265452989
7.625	53.5	-0.00214073817192096
7.875	53.5	-0.00214073344189943
8.125	53.5	-0.00214072842259852
8.375	53.5	-0.00214072304787559
8.625	53.5	-0.00214071721176635
8.875	53.5	-0.00214071074290773
9.125	53.5	-0.00214070336245416
9.375	53.5	-0.00214069461483239
9.625	53.5	-0.0021406837538023
9.875	53.5	-0.00214066955497383
10.125	53.5	-0.00214065000730751
10.375	53.5	-0.00214062180548263
10.625	53.5	-0.00214057951459316
10.875	53.5	-0.0021405141956592
11.125	53.5	-0.00214041114391127
11.375	53.5	-0.00214024616714497
11.625	53.5	-0.00213997946176941
11.875	53.5	-0.00213954553588475
12.125	53.5	-0.00213883662781306
12.375	53.5	-0.00213767542158499
12.625	53.5	-0.00213577015108181
12.875	53.5	-0.00213264072611743
13.125	53.5	-0.00212749717895576
13.375	53.5	-0.00211903966451796
13.625	53.5	-0.00210512940543942
13.875	53.5	-0.00208224735346069
14.125	53.5	-0.00204460374552076
14.375	53.5	-0.00198267376893179
14.625	53.5	-0.00188079041000047
14.875	53.5	-0.00171319001362341
15.125	53.5	-0.0014375229090838
15.375	53.5	-0.000984222876948598
15.625	53.5	-0.000239143489046104
15.875	53.5	0.000984666444246546
16.125	53.5	0.00299247307870038
16.375	53.5	0.00628024941838036
16.625	53.5	0.0116471802604194
16.875	53.5	0.020363485432137
17.125	53.5	0.0344023344823359
17.375	53.5	0.0567126028433682
17.625	53.5	0.0914167325020518
17.875	53.5	0.143620815319202
18.125	53.5	0.218254927040071
18.375	53.5	0.317386545524385
18.625	53.5	0.436640120108538
18.875	53.5	0.563814671678386
19.125	53.5	0.683013391211878
19.375	53.5	0.782059693155884
19.625	53.5	0.856606383885362
19.875	53.5	0.908737776421566
20.125	53.5	0.943388430468037
20.375	53.5	0.965662176013338
20.625	53.5	0.979677186071056
20.875	53.5	0.98837835381741
21.125	53.5	0.993735830261744
21.375	53.5	0.997017758355886
21.625	53.5	0.999021966130394
21.875	53.5	1.00024356598315
22.125	53.5	1.0009872875137
22.375	53.5	1.00143975080087
22.625	53.5	1.00171489919544
22.875	53.5	1.00188217482483
23.125	53.5	1.00198385170018
23.375	53.5	1.00204564740669
23.625	53.5	1.00208320092591
23.875	53.5	1.0021060200195
24.125	53.5	1.00211988407911
24.375	53.5	1.00212830584277
24.625	53.5	1.00213342024613
24.875	53.5	1.00213652479277
25.125	53.5	1.0021384080207
25.375	53.5	1.00213954914449
25.625	53.5	1.00214023939155
25.875	53.5	1.00214065574403
26.125	53.5	1.0021409057545
26.375	53.5	1.00214105478169
26.625	53.5	1.00214114254243
26.875	53.5	1.00214119317053
27.125	53.5	1.00214122132984
27.375	53.5	1.00214123592922
27.625	53.5	1.00214124238021
27.875	53.5	1.00214124396908
28.125	53.5	1.00214124269065
28.375	53.5	1.00214123975492
28.625	53.5	1.00214123589511
28.875	53.5	1.00214123155474
29.125	53.5	1.00214122700136
29.375	53.5	1.00214122239567
29.625	53.5	1.0021412178335
29.875	53.5	1.00214121337135
30.125	53.5	1.00214120904191
30.375	53.5	1.00214120486342
30.625	53.5	1.00214120084546
30.875	53.5	1.00214119699241
31.125	53.5	1.00214119330554
31.375	53.5	1.0021411897843
31.625	53.5	1.0021411864271
31.875	53.5	1.00214118323181
32.125	53.5	1.00214118019597
32.375	53.5	1.00214117731707
32.625	53.5	1.00214117459254
32.875	53.5	1.00214117201988
33.125	53.5	1.00214116959669
33.375	53.5	1.00214116732067
33.625	53.5	1.00214116518965
33.875	53.5	1.00214116320159
34.125	53.5	1.00214116135456
34.375	53.5	1.00214115964681
34.625	53.5	1.00214115807667
34.875	53.5	1.00214115664263
35.125	53.5	1.00214115534332
35.375	53.5	1.00214115417747
35.625	53.5	1.00214115314398
35.875	53.5	1.00214115224183
36.125	53.5	1.00214115147018
36.375	53.5	1.00214115082826
36.625	53.5	1.00214115031547
36.875	53.5	1.0021411499313
37.125	53.5	1.0021411496754
37.375	53.5	1.00214114954751
0.125	54.5	-0.00214078486005619
0.375	54.5	-0.00214078471519712
0.625	54.5	-0.00214078442533368
0.875	54.5	-0.00214078399017513
1.125	54.5	-0.00214078340928486
1.375	54.5	-0.00214078268207996
1.625	54.5	-0.00214078180783044
1.875	54.5	-0.00214078078565841
2.125	54.5	-0.00214077961453694
2.375	54.5	-0.00214077829328884
2.625	54.5	-0.00214077682058511
2.875	54.5	-0.00214077519494326
3.125	54.5	-0.00214077341472525
3.375	54.5	-0.0021407714781351
3.625	54.5	-0.00214076938321604
3.875	54.5	-0.00214076712784698
4.125	54.5	-0.00214076470973801
4.375	54.5	-0.00214076212642443
4.625	54.5	-0.00214075937525846
4.875	54.5	-0.00214075645339729
5.125	54.5	-0.00214075335778516
5.375	54.5	-0.0021407500851259
5.625	54.5	-0.00214074663183972
5.875	54.5	-0.00214074299399434
6.125	54.5	-0.00214073916719404
6.375	54.5	-0.00214073514639943
6.625	54.5	-0.00214073092563371
6.875	54.5	-0.00214072649750188
7.125	54.5	-0.00214072185240269
7.375	54.5	-0.00214071697723488
7.625	54.5	-0.00214071185327155
7.875	54.5	-0.00214070645266581
8.125	54.5	-0.00214070073270449
8.375	54.5	-0.00214069462635622
8.625	54.5	-0.00214068802672227
8.875	54.5	-0.0021406807614545
9.125	54.5	-0.00214067255066427
9.375	54.5	-0.00214066293766605
9.625	54.5	-0.0021406511750206
9.875	54.5	-0.00214063603702365
10.125	54.5	-0.00214061551116103
10.375	54.5	-0.00214058629040293
10.625	54.5	-0.00214054293777912
10.875	54.5	-0.0021404765116929
11.125	54.5	-0.00214037230388122
11.375	54.5	-0.00214020611723663
11.625	54.5	-0.0021399381409802
11.875	54.5	-0.00213950287229852
12.125	54.5	-0.00213879253250451
12.375	54.5	-0.00213762977862344
12.625	54.5	-0.00213572280111508
12.875	54.5	-0.00213259143938873
13.125	54.5	-0.00212744561092781
13.375	54.5	-0.00211898528287122
13.625	54.5	-0.00210507136996088
13.875	54.5	-0.00208218431841961
14.125	54.5	-0.00204453353454449
14.375	54.5	-0.00198259284026275
14.625	54.5	-0.00188069297740358
14.875	54.5	-0.00171306660236321
15.125	54.5	-0.00143735798710329
15.375	54.5	-0.000983990977561835
15.625	54.5	-0.000238802887682536
15.875	54.5	0.000985183979850728
16.125	54.5	0.00299327873535332
16.375	54.5	0.00628152327830106
16.625	54.5	0.0116492110173679
16.875	54.5	0.0203667280266297
17.125	54.5	0.0344074854489243
17.375	54.5	0.0567206773644679
17.625	54.5	0.091429087145002
17.875	54.5	0.143638986968418
18.125	54.5	0.218280092428503
18.375	54.5	0.317418532669221
18.625	54.5	0.436676487880929
18.875	54.5	0.563851030205119
19.125	54.5	0.683045355146049
19.375	54.5	0.782084830694986
19.625	54.5	0.856624530398316
19.875	54.5	0.908750111685862
20.125	54.5	0.943396491389889
20.375	54.5	0.96566731796565
20.625	54.5	0.97968042289408
20.875	54.5	0.988380380955832
21.125	54.5	0.993737101881174
21.375	54.5	0.997018562635229
21.625	54.5	0.999022482822451
21.875	54.5	1.00024390606851
22.125	54.5	1.00098751909717
22.375	54.5	1.00143991552886
22.625	54.5	1.00171502248693
22.875	54.5	1.00188227218284
23.125	54.5	1.00198393258178
23.375	54.5	1.00204571758739
23.625	54.5	1.00208326394097
23.875	54.5	1.00210607804133
24.125	54.5	1.00211993845103
24.375	54.5	1.00212835740354
24.625	54.5	1.00213346952717
24.875	54.5	1.00213657213808
25.125	54.5	1.00213845365969
25.375	54.5	1.00213959323631
25.625	54.5	1.002140282052
25.875	54.5	1.00214069706196
26.125	54.5	1.00214094580175
26.375	54.5	1.00214109361924
26.625	54.5	1.00214118022407
26.875	54.5	1.00214122974515
27.125	54.5	1.00214125684285
27.375	54.5	1.0021412704234
27.625	54.5	1.00214127589629
27.875	54.5	1.00214127654609
28.125	54.5	1.00214127436612
28.375	54.5	1.00214127056509
28.625	54.5	1.00214126587502
28.875	54.5	1.0021412607383
29.125	54.5	1.00214125542145
29.375	54.5	1.00214125008419
29.625	54.5	1.00214124482141
29.875	54.5	1.00214123968873
30.125	54.5	1.00214123471797
30.375	54.5	1.00214122992659
30.625	54.5	1.0021412253234
30.875	54.5	1.00214122091203
31.125	54.5	1.00214121669305
31.375	54.5	1.00214121266526
31.625	54.5	1.00214120882645
31.875	54.5	1.00214120517386
32.125	54.5	1.0021412017045
32.375	54.5	1.00214119841529
32.625	54.5	1.00214119530316
32.875	54.5	1.00214119236514
33.125	54.5	1.00214118959837
33.375	54.5	1.00214118700013
33.625	54.5	1.00214118456784
33.875	54.5	1.0021411822991
34.125	54.5	1.00214118019163
34.375	54.5	1.00214117824335
34.625	54.5	1.00214117645231
34.875	54.5	1.00214117481673
35.125	54.5	1.00214117333497
35.375	54.5	1.00214117200555
35.625	54.5	1.00214117082717
35.875	54.5	1.00214116979863
36.125	54.5	1.00214116891892
36.375	54.5	1.00214116818716
36.625	54.5	1.00214116760262
36.875	54.5	1.00214116716473
37.125	54.5	1.00214116687304
37.375	54.5	1.00214116672727
0.125	55.5	-0.00214077006339524
0.375	55.5	-0.00214076990304095
0.625	55.5	-0.00214076958216799
0.875	55.5	-0.00214076910044733
1.125	55.5	-0.00214076845738494
1.375	55.5	-0.00214076765232119
1.625	55.5	-0.00214076668443001
1.875	55.5	-0.0021407655527179
2.125	55.5	-0.00214076425602267
2.375	55.5	-0.00214076279301199
2.625	55.5	-0.00214076116218168
2.875	55.5	-0.00214075936185375
3.125	55.5	-0.00214075739017403
3.375	55.5	-0.00214075524510958
3.625	55.5	-0.00214075292444543
3.875	55.5	-0.00214075042578074
4.125	55.5	-0.00214074774652386
4.375	55.5	-0.002140744883886
4.625	55.5	-0.00214074183487244
4.875	55.5	-0.00214073859627011
5.125	55.5	-0.00214073516462919
5.375	55.5	-0.00214073153623502
5.625	55.5	-0.00214072770706439
5.875	55.5	-0.00214072367271598
6.125	55.5	-0.00214071942829874
6.375	55.5	-0.002140714968251
6.625	55.5	-0.0021407102860459
6.875	55.5	-0.00214070537370984
7.125	55.5	-0.00214070022103344
7.375	55.5	-0.00214069481427682
7.625	55.5	-0.00214068913404282
7.875	55.5	-0.00214068315178127
8.125	55.5	-0.002140676824041
8.375	55.5	-0.00214067008301574
8.625	55.5	-0.00214066282099198
8.875	55.5	-0.00214065486476265
9.125	55.5	-0.00214064593352972
9.375	55.5	-0.00214063556963809
9.625	55.5	-0.00214062302460351
9.875	55.5	-0.00214060707157699
10.125	55.5	-0.00214058569676071
10.375	55.5	-0.00214055559163855
10.625	55.5	-0.0021405113174474
10.875	55.5	-0.0021404439303208
11.125	55.5	-0.00214033871896967
11.375	55.5	-0.00214017148204539
11.625	55.5	-0.00213990240255811
11.875	55.5	-0.00213946596827259
12.125	55.5	-0.00213875438582675
12.375	55.5	-0.00213759028895665
12.625	55.5	-0.00213568183068674
12.875	55.5	-0.0021325487897396
13.125	55.5	-0.00212740098467366
13.375	55.5	-0.00211893822079812
13.625	55.5	-0.00210502114752718
13.875	55.5	-0.00208212977546596
14.125	55.5	-0.00204447279513871
14.375	55.5	-0.00198252285191777
14.625	55.5	-0.00188060875357127
14.875	55.5	-0.00171295997812923
15.125	55.5	-0.00143721557798409
15.375	55.5	-0.000983790838437629
15.625	55.5	-0.000238509064053009
15.875	55.5	0.000985630284124972
16.125	55.5	0.00299397333028844
16.375	55.5	0.00628262134093759
16.625	55.5	0.0116509613147412
16.875	55.5	0.0203695225785998
17.125	55.5	0.0344119244506729
17.375	55.5	0.056727635572633
17.625	55.5	0.0914397334448417
17.875	55.5	0.143654645535342
18.125	55.5	0.218301776954074
18.375	55.5	0.317446094537944
18.625	55.5	0.436707823264955
18.875	55.5	0.563882356523736
19.125	55.5	0.683072894256496
19.375	55.5	0.782106487913761
19.625	55.5	0.856640164318312
19.875	55.5	0.908760738983955
20.125	55.5	0.943403436263014
20.375	55.5	0.965671748128023
20.625	55.5	0.979683211786392
20.875	55.5	0.988382127704651
21.125	55.5	0.993738197746545
21.375	55.5	0.99701925587935
21.625	55.5	0.999022928299344
21.875	55.5	1.00024419938597
22.125	55.5	1.00098771892636
22.375	55.5	1.00144005774763
22.625	55.5	1.00171512899362
22.875	55.5	1.00188235633344
23.125	55.5	1.0019840025239
23.375	55.5	1.00204577829705
23.625	55.5	1.00208331846428
23.875	55.5	1.00210612825034
24.125	55.5	1.00211998550354
24.375	55.5	1.00212840202265
24.625	55.5	1.00213351217124
24.875	55.5	1.00213661310394
25.125	55.5	1.00213849314548
25.375	55.5	1.00213963137958
25.625	55.5	1.00214031895297
25.875	55.5	1.0021407327976
26.125	55.5	1.00214098043438
26.375	55.5	1.00214112720177
26.625	55.5	1.00214121280321
26.875	55.5	1.00214126136339
27.125	55.5	1.00214128753963
27.375	55.5	1.00214130023592
27.625	55.5	1.00214130485996
27.875	55.5	1.00214130469482
28.125	55.5	1.00214130173254
28.375	55.5	1.0021412971807
28.625	55.5	1.00214129177025
28.875	55.5	1.00214128594264
29.125	55.5	1.00214127996346
29.375	55.5	1.00214127399157
29.625	55.5	1.00214126812107
29.875	55.5	1.00214126240678
30.125	55.5	1.00214125687979
30.375	55.5	1.00214125155686
30.625	55.5	1.00214124644613
30.875	55.5	1.00214124155058
31.125	55.5	1.0021412368702
31.375	55.5	1.00214123240319
31.625	55.5	1.00214122814679
31.875	55.5	1.00214122409773
32.125	55.5	1.00214122025251
32.375	55.5	1.00214121660758
32.625	55.5	1.00214121315945
32.875	55.5	1.0021412099047
33.125	55.5	1.0021412068401
33.375	55.5	1.00214120396254
33.625	55.5	1.00214120126912
33.875	55.5	1.00214119875709
34.125	55.5	1.00214119642389
34.375	55.5	1.00214119426715
34.625	55.5	1.00214119228465
34.875	55.5	1.00214119047439
35.125	55.5	1.00214118883451
35.375	55.5	1.00214118736334
35.625	55.5	1.00214118605938
35.875	55.5	1.00214118492131
36.125	55.5	1.00214118394796
36.375	55.5	1.00214118313834
36.625	55.5	1.00214118249163
36.875	55.5	1.00214118200718
37.125	55.5	1.00214118168449
37.375	55.5	1.00214118152322
0.125	56.5	-0.00214075790559881
0.375	56.5	-0.0021407577324501
0.625	56.5	-0.00214075738597242
0.875	56.5	-0.00214075686580505
1.125	56.5	-0.00214075617140636
1.375	56.5	-0.0021407553020531
1.625	56.5	-0.00214075425683954
1.875	56.5	-0.00214075303467634
2.125	56.5	-0.00214075163428917
2.375	56.5	-0.00214075005421709
2.625	56.5	-0.00214074829281067
2.875	56.5	-0.0021407463482298
3.125	56.5	-0.00214074421844118
3.375	56.5	-0.00214074190121534
3.625	56.5	-0.00214073939412325
3.875	56.5	-0.00214073669453208
4.125	56.5	-0.0021407337996
4.375	56.5	-0.00214073070626946
4.625	56.5	-0.00214072741125804
4.875	56.5	-0.00214072391104562
5.125	56.5	-0.00214072020185556
5.375	56.5	-0.00214071627962616
5.625	56.5	-0.00214071213996641
5.875	56.5	-0.00214070777808596
6.125	56.5	-0.00214070318868292
6.375	56.5	-0.00214069836576238
6.625	56.5	-0.00214069330234121
6.875	56.5	-0.00214068798996578
7.125	56.5	-0.00214068241792221
7.375	56.5	-0.00214067657194082
7.625	56.5	-0.00214067043206829
7.875	56.5	-0.00214066396917094
8.125	56.5	-0.00214065713918522
8.375	56.5	-0.00214064987366186
8.625	56.5	-0.00214064206421125
8.875	56.5	-0.00214063353691359
9.125	56.5	-0.00214062401021631
9.375	56.5	-0.00214061302565991
9.625	56.5	-0.00214059983389338
9.875	56.5	-0.0021405832071186
10.125	56.5	-0.00214056113047401
10.375	56.5	-0.00214053029421274
10.625	56.5	-0.00214048525808847
10.875	56.5	-0.00214041707635908
11.125	56.5	-0.00214031103523771
11.375	56.5	-0.00214014292987862
11.625	56.5	-0.00213987293817516
11.875	56.5	-0.00213943554013548
12.125	56.5	-0.00213872293032221
12.375	56.5	-0.00213755772331475
12.625	56.5	-0.00213564804135226
12.875	56.5	-0.00213251361325881
13.125	56.5	-0.00212736417626188
13.375	56.5	-0.00211889940263129
13.625	56.5	-0.00210497972366532
13.875	56.5	-0.00208208479187307
14.125	56.5	-0.00204442270939176
14.375	56.5	-0.00198246515443773
14.625	56.5	-0.00188053934494139
14.875	56.5	-0.00171287214625503
15.125	56.5	-0.00143709832018589
15.375	56.5	-0.00098362611502551
15.625	56.5	-0.000238267319341993
15.875	56.5	0.000985997382124922
16.125	56.5	0.00299454453975354
16.375	56.5	0.00628352422093975
16.625	56.5	0.0116524003569863
16.875	56.5	0.0203718200303599
17.125	56.5	0.0344155736795383
17.375	56.5	0.0567333556296175
17.625	56.5	0.0914484851314137
17.875	56.5	0.143667517243059
18.125	56.5	0.218319601752002
18.375	56.5	0.317468749971211
18.625	56.5	0.436733579728529
18.875	56.5	0.563908104774164
19.125	56.5	0.68309552907099
19.375	56.5	0.782124287971855
19.625	56.5	0.856653013695831
19.875	56.5	0.908769473454688
20.125	56.5	0.943409144238107
20.375	56.5	0.965675389348052
20.625	56.5	0.979685504110164
20.875	56.5	0.988383563531616
21.125	56.5	0.993739098635585
21.375	56.5	0.997019825864784
21.625	56.5	0.99902329464758
21.875	56.5	1.00024444067196
22.125	56.5	1.00098788336887
22.375	56.5	1.0014401748329
22.625	56.5	1.00171521671893
22.875	56.5	1.00188242567567
23.125	56.5	1.00198406017945
23.375	56.5	1.00204582835581
23.625	56.5	1.00208336343004
23.875	56.5	1.00210616966201
24.125	56.5	1.00212002431302
24.375	56.5	1.00212843882458
24.625	56.5	1.00213354734264
24.875	56.5	1.00213664688913
25.125	56.5	1.0021385257076
25.375	56.5	1.00213966283201
25.625	56.5	1.00214034937835
25.875	56.5	1.00214076225947
26.125	56.5	1.00214100898423
26.375	56.5	1.00214115488335
26.625	56.5	1.00214123965516
26.875	56.5	1.00214128742086
27.125	56.5	1.00214131283528
27.375	56.5	1.00214132480054
27.625	56.5	1.00214132872284
27.875	56.5	1.00214132788403
28.125	56.5	1.0021413242751
28.375	56.5	1.00214131910266
28.625	56.5	1.00214131309681
28.875	56.5	1.00214130669819
29.125	56.5	1.00214130017164
29.375	56.5	1.00214129367531
29.625	56.5	1.0021412873026
29.875	56.5	1.00214128110772
30.125	56.5	1.00214127512114
30.375	56.5	1.00214126935903
30.625	56.5	1.00214126382896
30.875	56.5	1.00214125853341
31.125	56.5	1.00214125347184
31.375	56.5	1.00214124864199
31.625	56.5	1.00214124404062
31.875	56.5	1.00214123966405
32.125	56.5	1.00214123550836
32.375	56.5	1.00214123156962
32.625	56.5	1.00214122784395
32.875	56.5	1.00214122432761
33.125	56.5	1.00214122101703
33.375	56.5	1.00214121790879
33.625	56.5	1.00214121499971
33.875	56.5	1.00214121228676
34.125	56.5	1.00214120976715
34.375	56.5	1.00214120743825
34.625	56.5	1.00214120529766
34.875	56.5	1.00214120334315
35.125	56.5	1.0021412015727
35.375	56.5	1.00214119998448
35.625	56.5	1.00214119857683
35.875	56.5	1.00214119734831
36.125	56.5	1.00214119629764
36.375	56.5	1.00214119542374
36.625	56.5	1.0021411947257
36.875	56.5	1.0021411942028
37.125	56.5	1.00214119385451
37.375	56.5	1.00214119368045
0.125	57.5	-0.00214074859718046
0.375	57.5	-0.00214074841419922
0.625	57.5	-0.00214074804804428
0.875	57.5	-0.00214074749833047
1.125	57.5	-0.00214074676447943
1.375	57.5	-0.00214074584571892
1.625	57.5	-0.00214074474108178
1.875	57.5	-0.00214074344940479
2.125	57.5	-0.00214074196932718
2.375	57.5	-0.00214074029928885
2.625	57.5	-0.00214073843752841
2.875	57.5	-0.00214073638208077
3.125	57.5	-0.00214073413077451
3.375	57.5	-0.00214073168122869
3.625	57.5	-0.00214072903084922
3.875	57.5	-0.00214072617682443
4.125	57.5	-0.00214072311611959
4.375	57.5	-0.00214071984546994
4.625	57.5	-0.00214071636137123
4.875	57.5	-0.0021407126600666
5.125	57.5	-0.00214070873752741
5.375	57.5	-0.00214070458942434
5.625	57.5	-0.00214070021108278
5.875	57.5	-0.00214069559741238
6.125	57.5	-0.00214069074279443
6.375	57.5	-0.0021406856408999
6.625	57.5	-0.00214068028439377
6.875	57.5	-0.00214067466445219
7.125	57.5	-0.00214066876997219
7.375	57.5	-0.0021406625862754
7.625	57.5	-0.00214065609297957
7.875	57.5	-0.00214064926050087
8.125	57.5	-0.0021406420443034
8.375	57.5	-0.00214063437544184
8.625	57.5	-0.00214062614500506
8.875	57.5	-0.00214061717852345
9.125	57.5	-0.00214060719386239
9.375	57.5	-0.00214059573194197
9.625	57.5	-0.00214058204274275
9.875	57.5	-0.00214056489773489
10.125	57.5	-0.00214054228123704
10.375	57.5	-0.00214051088255445
10.625	57.5	-0.00214046526029926
10.875	57.5	-0.00214039646728692
11.125	57.5	-0.00214028978781147
11.375	57.5	-0.00214012101434231
11.625	57.5	-0.00213985032084724
11.875	57.5	-0.00213941218138666
12.125	57.5	-0.00213869878126762
12.375	57.5	-0.00213753272039006
12.625	57.5	-0.00213562209740714
12.875	57.5	-0.00213248660291814
13.125	57.5	-0.00212733591185167
13.375	57.5	-0.00211886959457546
13.625	57.5	-0.0021049479153262
13.875	57.5	-0.00208205025234145
14.125	57.5	-0.00204438425710831
14.375	57.5	-0.00198242086709554
14.625	57.5	-0.00188048608257606
14.875	57.5	-0.00171280476785336
15.125	57.5	-0.00143700839857775
15.375	57.5	-0.000983499833395641
15.625	57.5	-0.000238082040770164
15.875	57.5	0.000986278675346194
16.125	57.5	0.00299498216877437
16.375	57.5	0.00628421588352757
16.625	57.5	0.0116535026734839
16.875	57.5	0.0203735798094122
17.125	57.5	0.0344183687884171
17.375	57.5	0.0567377367794399
17.625	57.5	0.0914551881721494
17.875	57.5	0.143677375708356
18.125	57.5	0.218333253563874
18.375	57.5	0.317486101164553
18.625	57.5	0.436753305466981
18.875	57.5	0.563927823757828
19.125	57.5	0.683112863306676
19.375	57.5	0.782137919436678
19.625	57.5	0.856662853795763
19.875	57.5	0.908776162336242
20.125	57.5	0.943413515451079
20.375	57.5	0.965678177869929
20.625	57.5	0.979687259671564
20.875	57.5	0.988384663203577
21.125	57.5	0.993739788660593
21.375	57.5	0.997020262487006
21.625	57.5	0.999023575324082
21.875	57.5	1.0002446255732
22.125	57.5	1.00098800941942
22.375	57.5	1.00144026461256
22.625	57.5	1.00171528400966
22.875	57.5	1.00188247888339
23.125	57.5	1.00198410443228
23.375	57.5	1.00204586678588
23.625	57.5	1.0020833979549
23.875	57.5	1.00210620146032
24.125	57.5	1.00212005411393
24.375	57.5	1.00212846708366
24.625	57.5	1.00213357434882
24.875	57.5	1.00213667282967
25.125	57.5	1.00213855070763
25.375	57.5	1.00213968697853
25.625	57.5	1.00214037273484
25.875	57.5	1.00214078487474
26.125	57.5	1.00214103089787
26.375	57.5	1.00214117612902
26.625	57.5	1.00214126026259
26.875	57.5	1.00214130741712
27.125	57.5	1.0021413322455
27.375	57.5	1.00214134364842
27.625	57.5	1.00214134703095
27.875	57.5	1.00214134567398
28.125	57.5	1.00214134156768
28.375	57.5	1.00214133591794
28.625	57.5	1.00214132945418
28.875	57.5	1.00214132261643
29.125	57.5	1.00214131566894
29.375	57.5	1.00214130876931
29.625	57.5	1.00214130201043
29.875	57.5	1.002141295446
30.125	57.5	1.00214128910603
30.375	57.5	1.00214128300623
30.625	57.5	1.00214127715375
30.875	57.5	1.00214127155067
31.125	57.5	1.00214126619604
31.375	57.5	1.00214126108723
31.625	57.5	1.00214125622067
31.875	57.5	1.00214125159233
32.125	57.5	1.00214124719798
32.375	57.5	1.00214124303338
32.625	57.5	1.00214123909438
32.875	57.5	1.00214123537696
33.125	57.5	1.0021412318773
33.375	57.5	1.00214122859176
33.625	57.5	1.00214122551692
33.875	57.5	1.00214122264955
34.125	57.5	1.00214121998666
34.375	57.5	1.00214121752545
34.625	57.5	1.00214121526334
34.875	57.5	1.00214121319797
35.125	57.5	1.00214121132717
35.375	57.5	1.00214120964899
35.625	57.5	1.00214120816165
35.875	57.5	1.00214120686362
36.125	57.5	1.00214120575354
36.375	57.5	1.00214120483023
36.625	57.5	1.00214120409274
36.875	57.5	1.0021412035403
37.125	57.5	1.00214120317232
37.375	57.5	1.00214120298843
0.125	58.5	-0.00214074229992676
0.375	58.5	-0.0021407421102762
0.625	58.5	-0.00214074173077432
0.875	58.5	-0.00214074116101934
1.125	58.5	-0.00214074040040795
1.375	58.5	-0.00214073944813457
1.625	58.5	-0.0021407383031903
1.875	58.5	-0.00214073696436172
2.125	58.5	-0.00214073543022926
2.375	58.5	-0.00214073369916545
2.625	58.5	-0.00214073176933276
2.875	58.5	-0.00214072963868117
3.125	58.5	-0.00214072730494534
3.375	58.5	-0.00214072476564138
3.625	58.5	-0.00214072201806297
3.875	58.5	-0.00214071905927687
4.125	58.5	-0.00214071588611722
4.375	58.5	-0.00214071249517836
4.625	58.5	-0.00214070888280526
4.875	58.5	-0.0021407050450801
5.125	58.5	-0.00214070097780289
5.375	58.5	-0.00214069667646236
5.625	58.5	-0.00214069213619109
5.875	58.5	-0.00214068735169475
6.125	58.5	-0.00214068231713918
6.375	58.5	-0.0021406770259682
6.625	58.5	-0.00214067147060747
6.875	58.5	-0.00214066564198142
7.125	58.5	-0.00214065952872247
7.375	58.5	-0.00214065311587433
7.625	58.5	-0.00214064638276305
7.875	58.5	-0.00214063929949869
8.125	58.5	-0.00214063182122406
8.375	58.5	-0.00214062387865654
8.625	58.5	-0.00214061536253024
8.875	58.5	-0.00214060609800167
9.125	58.5	-0.00214059580254036
9.375	58.5	-0.0021405840166445
9.625	58.5	-0.00214056998984015
9.875	58.5	-0.00214055249310001
10.125	58.5	-0.00214052951018562
10.375	58.5	-0.00214049772975824
10.625	58.5	-0.00214045170965488
10.875	58.5	-0.00214038250171218
11.125	58.5	-0.0021402753889226
11.375	58.5	-0.00214010616193571
11.625	58.5	-0.00213983499205976
11.875	58.5	-0.00213939634932711
12.125	58.5	-0.00213868241277827
12.375	58.5	-0.00213751577237632
12.625	58.5	-0.00213560451081064
12.875	58.5	-0.0021324682928108
13.125	58.5	-0.00212731675114533
13.375	58.5	-0.00211884938722324
13.625	58.5	-0.00210492635223046
13.875	58.5	-0.00208202683880718
14.125	58.5	-0.00204435819349166
14.375	58.5	-0.00198239085250092
14.625	58.5	-0.00188044999214084
14.875	58.5	-0.00171275912264221
15.125	58.5	-0.00143694749597384
15.375	58.5	-0.000983414323708051
15.625	58.5	-0.00023795660590166
15.875	58.5	0.000986469084716451
16.125	58.5	0.00299527837099408
16.375	58.5	0.0062846839890232
16.625	58.5	0.0116542486644465
16.875	58.5	0.0203747706964666
17.125	58.5	0.0344202602659642
17.375	58.5	0.0567407014986504
17.625	58.5	0.0914597240554844
17.875	58.5	0.143684046760533
18.125	58.5	0.218342491393209
18.375	58.5	0.317497842099531
18.625	58.5	0.43676665295029
18.875	58.5	0.563941166441858
19.125	58.5	0.683124592193219
19.375	58.5	0.782147142809382
19.625	58.5	0.856669511799261
19.875	58.5	0.908780688159369
20.125	58.5	0.943416473110048
20.375	58.5	0.965680064667312
20.625	58.5	0.979688447561895
20.875	58.5	0.988385407315533
21.125	58.5	0.993740255602541
21.375	58.5	0.997020557973859
21.625	58.5	0.999023765295246
21.875	58.5	1.00024475073996
22.125	58.5	1.00098809476491
22.375	58.5	1.0014403254143
22.625	58.5	1.00171532959257
22.875	58.5	1.00188251493501
23.125	58.5	1.00198413442236
23.375	58.5	1.00204589283372
23.625	58.5	1.00208342135801
23.875	58.5	1.00210622301629
24.125	58.5	1.00212007431621
24.375	58.5	1.00212848624059
24.625	58.5	1.00213359265597
24.875	58.5	1.00213669041386
25.125	58.5	1.0021385676536
25.375	58.5	1.00213970334524
25.625	58.5	1.00214038856531
25.875	58.5	1.00214080020208
26.125	58.5	1.00214104574896
26.375	58.5	1.00214119052669
26.625	58.5	1.00214127422703
26.875	58.5	1.0021413209667
27.125	58.5	1.00214134539731
27.375	58.5	1.00214135641854
27.625	58.5	1.0021413594347
27.875	58.5	1.00214135772605
28.125	58.5	1.00214135328219
28.375	58.5	1.00214134730852
28.625	58.5	1.002141340534
28.875	58.5	1.00214133339824
29.125	58.5	1.0021413261651
29.375	58.5	1.00214131899179
29.625	58.5	1.00214131197086
29.875	58.5	1.00214130515568
30.125	58.5	1.00214129857591
30.375	58.5	1.00214129224698
30.625	58.5	1.00214128617575
30.875	58.5	1.002141280364
31.125	58.5	1.00214127481053
31.375	58.5	1.00214126951246
31.625	58.5	1.00214126446598
31.875	58.5	1.00214125966683
32.125	58.5	1.00214125511056
32.375	58.5	1.00214125079273
32.625	58.5	1.002141246709
32.875	58.5	1.00214124285518
33.125	58.5	1.00214123922725
33.375	58.5	1.00214123582143
33.625	58.5	1.00214123263414
33.875	58.5	1.00214122966201
34.125	58.5	1.00214122690193
34.375	58.5	1.00214122435097
34.625	58.5	1.00214122200644
34.875	58.5	1.00214121986587
35.125	58.5	1.002141217927
35.375	58.5	1.00214121618779
35.625	58.5	1.00214121464641
35.875	58.5	1.00214121330123
36.125	58.5	1.00214121215084
36.375	58.5	1.00214121119402
36.625	58.5	1.00214121042977
36.875	58.5	1.00214120985729
37.125	58.5	1.00214120947597
37.375	58.5	1.00214120928541
0.125	59.5	-0.00214073912357934
0.375	59.5	-0.00214073893055952
0.625	59.5	-0.00214073854431491
0.875	59.5	-0.00214073796443532
1.125	59.5	-0.00214073719030483
1.375	59.5	-0.00214073622110099
1.625	59.5	-0.0021407350557938
1.875	59.5	-0.00214073369314442
2.125	59.5	-0.00214073213170358
2.375	59.5	-0.00214073036980969
2.625	59.5	-0.00214072840558672
2.875	59.5	-0.00214072623694169
3.125	59.5	-0.00214072386156175
3.375	59.5	-0.00214072127691091
3.625	59.5	-0.00214071848022612
3.875	59.5	-0.00214071546851261
4.125	59.5	-0.00214071223853819
4.375	59.5	-0.00214070878682594
4.625	59.5	-0.00214070510964452
4.875	59.5	-0.0021407012029947
5.125	59.5	-0.00214069706258981
5.375	59.5	-0.00214069268382654
5.625	59.5	-0.0021406880617399
5.875	59.5	-0.00214068319093236
6.125	59.5	-0.0021406780654608
6.375	59.5	-0.00214067267865406
6.625	59.5	-0.00214066702281677
6.875	59.5	-0.00214066108874597
7.125	59.5	-0.00214065486494021
7.375	59.5	-0.00214064833630259
7.625	59.5	-0.00214064148201155
7.875	59.5	-0.00214063427202228
8.125	59.5	-0.00214062666131502
8.375	59.5	-0.00214061858043646
8.625	59.5	-0.00214060991994125
8.875	59.5	-0.00214060050479667
9.125	59.5	-0.00214059005227198
9.375	59.5	-0.00214057810265189
9.625	59.5	-0.00214056390523253
9.875	59.5	-0.00214054623073496
10.125	59.5	-0.00214052306263892
10.375	59.5	-0.00214049108928003
10.625	59.5	-0.00214044486810348
10.875	59.5	-0.00214037545045127
11.125	59.5	-0.00214026811865834
11.375	59.5	-0.0021400986624553
11.625	59.5	-0.00213982725180774
11.875	59.5	-0.00213938835471498
12.125	59.5	-0.00213867414705514
12.375	59.5	-0.00213750721377731
12.625	59.5	-0.00213559562951636
12.875	59.5	-0.0021324590459501
13.125	59.5	-0.00212730707457708
13.375	59.5	-0.00211883918201705
13.625	59.5	-0.00210491546242329
13.875	59.5	-0.00208201501480524
14.125	59.5	-0.0020443450318603
14.375	59.5	-0.00198237569693423
14.625	59.5	-0.00188043177065898
14.875	59.5	-0.00171273608016463
15.125	59.5	-0.00143691675562037
15.375	59.5	-0.000983371168727393
15.625	59.5	-0.000237893308608055
15.875	59.5	0.000986565161205951
16.125	59.5	0.00299542781870424
16.375	59.5	0.00628492015929454
16.625	59.5	0.011654625023054
16.875	59.5	0.0203753714966231
17.125	59.5	0.0344212144995863
17.375	59.5	0.0567421971587756
17.625	59.5	0.0914620123291491
17.875	59.5	0.143687412166192
18.125	59.5	0.218347151649098
18.375	59.5	0.317503765058066
18.625	59.5	0.43677338629762
18.875	59.5	0.563947897298094
19.125	59.5	0.683130508897941
19.375	59.5	0.782151795561462
19.625	59.5	0.856672870431909
19.875	59.5	0.908782971211204
20.125	59.5	0.943417965105495
20.375	59.5	0.965681016471655
20.625	59.5	0.979689046806577
20.875	59.5	0.988385782698831
21.125	59.5	0.993740491168871
21.375	59.5	0.997020707050264
21.625	59.5	0.999023861144295
21.875	59.5	1.0002448138981
22.125	59.5	1.00098813783468
22.375	59.5	1.00144035610233
22.625	59.5	1.00171535260273
22.875	59.5	1.00188253313636
23.125	59.5	1.00198414956523
23.375	59.5	1.00204590598719
23.625	59.5	1.00208343317662
23.875	59.5	1.00210623390243
24.125	59.5	1.00212008451881
24.375	59.5	1.00212849591523
24.625	59.5	1.00213360190133
24.875	59.5	1.00213669929393
25.125	59.5	1.00213857621117
25.375	59.5	1.00213971161006
25.625	59.5	1.00214039655912
25.875	59.5	1.00214080794161
26.125	59.5	1.00214105324777
26.375	59.5	1.00214119779634
26.625	59.5	1.00214128127773
26.875	59.5	1.00214132780772
27.125	59.5	1.00214135203729
27.375	59.5	1.00214136286562
27.625	59.5	1.00214136569663
27.875	59.5	1.00214136381025
28.125	59.5	1.0021413591958
28.375	59.5	1.00214135305842
28.625	59.5	1.00214134612687
28.875	59.5	1.00214133884051
29.125	59.5	1.00214133146301
29.375	59.5	1.00214132415141
29.625	59.5	1.00214131699807
29.875	59.5	1.00214131005617
30.125	59.5	1.00214130335524
30.375	59.5	1.00214129691053
30.625	59.5	1.00214129072877
30.875	59.5	1.00214128481158
31.125	59.5	1.00214127915764
31.375	59.5	1.00214127376395
31.625	59.5	1.00214126862656
31.875	59.5	1.0021412637411
32.125	59.5	1.00214125910302
32.375	59.5	1.00214125470778
32.625	59.5	1.00214125055092
32.875	59.5	1.00214124662818
33.125	59.5	1.00214124293545
33.375	59.5	1.00214123946885
33.625	59.5	1.00214123622475
33.875	59.5	1.0021412331997
34.125	59.5	1.00214123039051
34.375	59.5	1.00214122779421
34.625	59.5	1.00214122540804
34.875	59.5	1.00214122322948
35.125	59.5	1.00214122125622
35.375	59.5	1.00214121948619
35.625	59.5	1.0021412179175
35.875	59.5	1.0021412165485
36.125	59.5	1.00214121537775
36.375	59.5	1.002141214404
36.625	59.5	1.00214121362623
36.875	59.5	1.00214121304363
37.125	59.5	1.00214121265556
37.375	59.5	1.00214121246163
