$\phi$
x	y	$\phi$
0.125	0.5	-0.0021196968789467
0.375	0.5	-0.00211970642042396
0.625	0.5	-0.00211972549977403
0.875	0.5	-0.00211975410979087
1.125	0.5	-0.00211979223967275
1.375	0.5	-0.00211983987503113
1.625	0.5	-0.00211989699790246
1.875	0.5	-0.002119963586763
2.125	0.5	-0.0021200396165465
2.375	0.5	-0.002120125058665
2.625	0.5	-0.00212021988103249
2.875	0.5	-0.0021203240480916
3.125	0.5	-0.00212043752084318
3.375	0.5	-0.00212056025687886
3.625	0.5	-0.00212069221041636
3.875	0.5	-0.00212083333233748
4.125	0.5	-0.00212098357022848
4.375	0.5	-0.00212114286842235
4.625	0.5	-0.00212131116804228
4.875	0.5	-0.00212148840704484
5.125	0.5	-0.00212167452026086
5.375	0.5	-0.00212186943943022
5.625	0.5	-0.00212207309322473
5.875	0.5	-0.00212228540724894
6.125	0.5	-0.00212250630400275
6.375	0.5	-0.00212273570277884
6.625	0.5	-0.00212297351945051
6.875	0.5	-0.00212321966607701
7.125	0.5	-0.00212347405020615
7.375	0.5	-0.00212373657367651
7.625	0.5	-0.00212400713059367
7.875	0.5	-0.00212428560394502
8.125	0.5	-0.00212457185997167
8.375	0.5	-0.00212486573884735
8.625	0.5	-0.00212516703927772
8.875	0.5	-0.00212547549309347
9.125	0.5	-0.00212579072337538
9.375	0.5	-0.00212611217547915
9.625	0.5	-0.00212643900346465
9.875	0.5	-0.0021267698831414
10.125	0.5	-0.00212710270436019
10.375	0.5	-0.00212743406460445
10.625	0.5	-0.00212775843562295
10.875	0.5	-0.00212806679205754
11.125	0.5	-0.00212834435479574
11.375	0.5	-0.00212856687762471
11.625	0.5	-0.00212869453692854
11.875	0.5	-0.00212866187727039
12.125	0.5	-0.00212836126708653
12.375	0.5	-0.00212761567559324
12.625	0.5	-0.00212613387847948
12.875	0.5	-0.00212343675190854
13.125	0.5	-0.00211873599667882
13.375	0.5	-0.00211073459740058
13.625	0.5	-0.00209729852603166
13.875	0.5	-0.00207491665617606
14.125	0.5	-0.00203781238765669
14.375	0.5	-0.00197648272403542
14.625	0.5	-0.00187529674449498
14.875	0.5	-0.00170855041543798
15.125	0.5	-0.00143399240186952
15.375	0.5	-0.000982218363895721
15.625	0.5	-0.000239347645751467
15.875	0.5	0.000981136369969797
16.125	0.5	0.00298379382384623
16.375	0.5	0.00626346268257116
16.625	0.5	0.011617534477709
16.875	0.5	0.0203134782724539
17.125	0.5	0.0343204569014612
17.375	0.5	0.0565820456463978
17.625	0.5	0.0912149786490885
17.875	0.5	0.143322263101896
18.125	0.5	0.217839804623935
18.375	0.5	0.316857314484566
18.625	0.5	0.436036886722377
18.875	0.5	0.563210122138454
19.125	0.5	0.682480507565518
19.375	0.5	0.781639254546807
19.625	0.5	0.856301509963899
19.875	0.5	0.908529119010918
20.125	0.5	0.943250570626017
20.375	0.5	0.965572620861239
20.625	0.5	0.97961907242156
20.875	0.5	0.988340092363051
21.125	0.5	0.993709838881916
21.375	0.5	0.996999217284207
21.625	0.5	0.999007863409758
21.875	0.5	1.00023203849074
22.125	0.5	1.00097718983021
22.375	0.5	1.00143038140835
22.625	0.5	1.00170582953641
22.875	0.5	1.00187314364061
23.125	0.5	1.00197470010196
23.375	0.5	1.00203627911337
23.625	0.5	1.00207355796185
23.875	0.5	1.00209606787693
24.125	0.5	1.00210960266379
24.375	0.5	1.00211768394947
24.625	0.5	1.00212245218723
24.875	0.5	1.00212520834008
25.125	0.5	1.00212674314792
25.375	0.5	1.00212753725817
25.625	0.5	1.00212788285975
25.875	0.5	1.00212795760679
26.125	0.5	1.00212786954509
26.375	0.5	1.00212768441565
26.625	0.5	1.00212744224783
26.875	0.5	1.00212716744352
27.125	0.5	1.00212687490559
27.375	0.5	1.00212657376233
27.625	0.5	1.00212626963087
27.875	0.5	1.00212596599279
28.125	0.5	1.00212566503004
28.375	0.5	1.00212536813301
28.625	0.5	1.00212507620931
28.875	0.5	1.00212478987139
29.125	0.5	1.00212450955059
29.375	0.5	1.00212423556644
29.625	0.5	1.00212396816879
29.875	0.5	1.00212370756339
30.125	0.5	1.00212345392748
30.375	0.5	1.00212320741923
30.625	0.5	1.00212296818344
30.875	0.5	1.00212273635511
31.125	0.5	1.0021225120615
31.375	0.5	1.00212229542343
31.625	0.5	1.00212208655605
31.875	0.5	1.00212188556934
32.125	0.5	1.00212169256837
32.375	0.5	1.00212150765347
32.625	0.5	1.00212133092033
32.875	0.5	1.00212116246007
33.125	0.5	1.00212100235925
33.375	0.5	1.00212085069991
33.625	0.5	1.00212070755955
33.875	0.5	1.00212057301118
34.125	0.5	1.00212044712324
34.375	0.5	1.00212032995968
34.625	0.5	1.00212022157988
34.875	0.5	1.00212012203871
35.125	0.5	1.00212003138647
35.375	0.5	1.00211994966892
35.625	0.5	1.00211987692725
35.875	0.5	1.0021198131981
36.125	0.5	1.00211975851353
36.375	0.5	1.00211971290104
36.625	0.5	1.00211967638354
36.875	0.5	1.00211964897936
37.125	0.5	1.00211963070227
37.375	0.5	1.00211962156144
0.125	1.5	-0.00211969356587076
0.375	1.5	-0.00211970309918288
0.625	1.5	-0.00211972216218347
0.875	1.5	-0.00211975074762807
1.125	1.5	-0.00211978884465716
1.375	1.5	-0.00211983643880492
1.625	1.5	-0.00211989351201085
1.875	1.5	-0.00211996004263426
2.125	1.5	-0.00212003600547176
2.375	1.5	-0.00212012137177762
2.625	1.5	-0.00212021610928704
2.875	1.5	-0.00212032018224237
3.125	1.5	-0.00212043355142222
3.375	1.5	-0.00212055617417336
3.625	1.5	-0.00212068800444544
3.875	1.5	-0.00212082899282828
4.125	1.5	-0.00212097908659148
4.375	1.5	-0.00212113822972588
4.625	1.5	-0.00212130636298609
4.875	1.5	-0.00212148342393275
5.125	1.5	-0.00212166934697237
5.375	1.5	-0.00212186406339099
5.625	1.5	-0.00212206750137586
5.875	1.5	-0.00212227958601501
6.125	1.5	-0.00212250023925848
6.375	1.5	-0.0021227293798143
6.625	1.5	-0.00212296692293476
6.875	1.5	-0.00212321278002012
7.125	1.5	-0.00212346685791947
7.375	1.5	-0.00212372905773096
7.625	1.5	-0.00212399927277613
7.875	1.5	-0.00212427738521239
8.125	1.5	-0.00212456326040262
8.375	1.5	-0.00212485673759137
8.625	1.5	-0.00212515761450117
8.875	1.5	-0.00212546562192206
9.125	1.5	-0.00212578038183239
9.375	1.5	-0.00212610133841822
9.625	1.5	-0.0021264276444953
9.875	1.5	-0.00212675797454444
10.125	1.5	-0.00212709021698828
10.375	1.5	-0.00212742096776037
10.625	1.5	-0.00212774469690308
10.875	1.5	-0.00212805237714036
11.125	1.5	-0.00212832922714204
11.375	1.5	-0.00212855099803473
11.625	1.5	-0.002128677862866
11.875	1.5	-0.00212864436180511
12.125	1.5	-0.00212834285721114
12.375	1.5	-0.00212759630951164
12.625	1.5	-0.00212611348120394
12.875	1.5	-0.00212341522807293
13.125	1.5	-0.00211871321876849
13.375	1.5	-0.00211071038643468
13.625	1.5	-0.00209727261981661
13.875	1.5	-0.00207488865709418
14.125	1.5	-0.00203778167676778
14.375	1.5	-0.00197644831975371
14.625	1.5	-0.00187525707015184
14.875	1.5	-0.00170850291726096
15.125	1.5	-0.00143393292192699
15.375	1.5	-0.000982140113097229
15.625	1.5	-0.00023923952795433
15.875	1.5	0.000981292476176889
16.125	1.5	0.00298402742943117
16.375	1.5	0.00626382157595105
16.625	1.5	0.0116180952775901
16.875	1.5	0.0203143617551406
17.125	1.5	0.034321848064909
17.375	1.5	0.0565842142890457
17.625	1.5	0.0912182856184816
17.875	1.5	0.143327117814315
18.125	1.5	0.217846521712189
18.375	1.5	0.316865850760849
18.625	1.5	0.436046594963369
18.875	1.5	0.563219834097243
19.125	1.5	0.682489053173045
19.375	1.5	0.781645982826685
19.625	1.5	0.856306374772495
19.875	1.5	0.908532433759704
20.125	1.5	0.943252744725431
20.375	1.5	0.96557401564079
20.625	1.5	0.979619958219819
20.875	1.5	0.9883406546159
21.125	1.5	0.993710198676622
21.375	1.5	0.996999451445828
21.625	1.5	0.999008019858579
21.875	1.5	1.00023214682018
22.125	1.5	1.00097726821258
22.375	1.5	1.00143044097098
22.625	1.5	1.00170587708741
22.875	1.5	1.00187318334948
23.125	1.5	1.0019747345295
23.375	1.5	1.00203630984054
23.625	1.5	1.00207358597284
23.875	1.5	1.00209609379225
24.125	1.5	1.00210962688204
24.375	1.5	1.00211770673344
24.625	1.5	1.00212247371627
24.875	1.5	1.00212522874194
25.125	1.5	1.00212676251812
25.375	1.5	1.00212755567178
25.625	1.5	1.00212790037865
25.875	1.5	1.00212797428402
26.125	1.5	1.00212788542762
26.375	1.5	1.00212769954604
26.625	1.5	1.0021274566653
26.875	1.5	1.00212718118462
27.125	1.5	1.00212688800466
27.375	1.5	1.00212658625178
27.625	1.5	1.00212628154142
27.875	1.5	1.00212597735359
28.125	1.5	1.00212567586881
28.375	1.5	1.00212537847616
28.625	1.5	1.00212508608199
28.875	1.5	1.00212479929759
29.125	1.5	1.00212451855319
29.375	1.5	1.00212424416727
29.625	1.5	1.00212397638871
29.875	1.5	1.00212371542233
30.125	1.5	1.00212346144449
30.375	1.5	1.00212321461252
30.625	1.5	1.00212297507045
30.875	1.5	1.00212274295253
31.125	1.5	1.00212251838531
31.375	1.5	1.00212230148897
31.625	1.5	1.00212209237804
31.875	1.5	1.00212189116191
32.125	1.5	1.0021216979451
32.375	1.5	1.00212151282741
32.625	1.5	1.00212133590406
32.875	1.5	1.00212116726571
33.125	1.5	1.0021210069985
33.375	1.5	1.00212085518408
33.625	1.5	1.00212071189957
33.875	1.5	1.00212057721764
34.125	1.5	1.00212045120642
34.375	1.5	1.00212033392956
34.625	1.5	1.00212022544617
34.875	1.5	1.00212012581089
35.125	1.5	1.00212003507377
35.375	1.5	1.0021199532804
35.625	1.5	1.00211988047177
35.875	1.5	1.00211981668438
36.125	1.5	1.00211976195013
36.375	1.5	1.00211971629642
36.625	1.5	1.00211967974607
36.875	1.5	1.00211965231732
37.125	1.5	1.00211963402387
37.375	1.5	1.00211962487487
0.125	2.5	-0.00211968707546387
0.375	2.5	-0.00211969659276536
0.625	2.5	-0.00211971562370713
0.875	2.5	-0.00211974416096951
1.125	2.5	-0.00211978219357991
1.375	2.5	-0.00211982970692132
1.625	2.5	-0.00211988668274348
1.875	2.5	-0.00211995309917695
2.125	2.5	-0.00212002893074996
2.375	2.5	-0.00212011414840805
2.625	2.5	-0.00212020871953663
2.875	2.5	-0.0021203126079862
3.125	2.5	-0.00212042577410049
3.375	2.5	-0.00212054817474721
3.625	2.5	-0.00212067976335155
3.875	2.5	-0.00212082048993207
4.125	2.5	-0.00212097030113884
4.375	2.5	-0.00212112914029328
4.625	2.5	-0.00212129694742895
4.875	2.5	-0.00212147365933194
5.125	2.5	-0.00212165920957862
5.375	2.5	-0.00212185352856721
5.625	2.5	-0.00212205654353709
5.875	2.5	-0.00212226817856586
6.125	2.5	-0.00212248835452795
6.375	2.5	-0.00212271698898776
6.625	2.5	-0.00212295399598287
6.875	2.5	-0.00212319928562455
7.125	2.5	-0.00212345276339512
7.375	2.5	-0.00212371432894459
7.625	2.5	-0.00212398387406088
7.875	2.5	-0.00212426127927813
8.125	2.5	-0.00212454640824152
8.375	2.5	-0.00212483909837828
8.625	2.5	-0.00212513914548812
8.875	2.5	-0.00212544627832579
9.125	2.5	-0.00212576011671356
9.375	2.5	-0.00212608010254995
9.625	2.5	-0.0021264053862175
9.875	2.5	-0.00212673463959831
10.125	2.5	-0.00212706574832186
10.375	2.5	-0.00212739530529029
10.625	2.5	-0.00212771777720828
10.875	2.5	-0.00212802413304815
11.125	2.5	-0.00212829958714119
11.375	2.5	-0.00212851988540853
11.625	2.5	-0.00212864519436882
11.875	2.5	-0.00212861004559189
12.125	2.5	-0.00212830678954148
12.375	2.5	-0.00212755836944028
12.625	2.5	-0.00212607352195908
12.875	2.5	-0.00212337306298339
13.125	2.5	-0.00211866859821563
13.375	2.5	-0.00211066296002481
13.625	2.5	-0.00209722187421509
13.875	2.5	-0.00207483381378552
14.125	2.5	-0.00203772152384997
14.375	2.5	-0.00197638093520038
14.625	2.5	-0.0018751793666553
14.875	2.5	-0.00170840989416161
15.125	2.5	-0.0014338164373188
15.375	2.5	-0.000981986872766592
15.625	2.5	-0.000239027803663462
15.875	2.5	0.000981598169467398
16.125	2.5	0.00298448487964364
16.375	2.5	0.00626452436162165
16.625	2.5	0.0116191934321354
16.875	2.5	0.0203160917801109
17.125	2.5	0.0343245722178763
17.375	2.5	0.0565884608776982
17.625	2.5	0.0912247612299062
17.875	2.5	0.143336624118842
18.125	2.5	0.21785967474079
18.375	2.5	0.316882565837556
18.625	2.5	0.436065604631693
18.875	2.5	0.563238850766716
19.125	2.5	0.682505785822128
19.375	2.5	0.781659156931747
19.625	2.5	0.856315900091341
19.875	2.5	0.908538924023005
20.125	2.5	0.943257001592125
20.375	2.5	0.965576746605311
20.625	2.5	0.979621692606897
20.875	2.5	0.988341755507784
21.125	2.5	0.993710903160505
21.375	2.5	0.996999909943776
21.625	2.5	0.999008326197518
21.875	2.5	1.00023235894336
22.125	2.5	1.00097742170092
22.375	2.5	1.00143055761148
22.625	2.5	1.00170597021011
22.875	2.5	1.00187326111811
23.125	2.5	1.00197480195797
23.375	2.5	1.00203637002421
23.625	2.5	1.00207364083864
23.875	2.5	1.00209614455508
24.125	2.5	1.00210967432225
24.375	2.5	1.00211775136548
24.625	2.5	1.00212251589124
24.875	2.5	1.00212526870989
25.125	2.5	1.002126800466
25.375	2.5	1.00212759174656
25.625	2.5	1.00212793470139
25.875	2.5	1.00212800695854
26.125	2.5	1.00212791654583
26.375	2.5	1.00212772919124
26.625	2.5	1.00212748491424
26.875	2.5	1.00212720810885
27.125	2.5	1.00212691367137
27.375	2.5	1.00212661072442
27.625	2.5	1.00212630488009
27.875	2.5	1.00212599961536
28.125	2.5	1.00212569710796
28.375	2.5	1.00212539874436
28.625	2.5	1.00212510542848
28.875	2.5	1.00212481776932
29.125	2.5	1.00212453619496
29.375	2.5	1.00212426102184
29.625	2.5	1.00212399249691
29.875	2.5	1.00212373082319
30.125	2.5	1.0021234761753
30.375	2.5	1.00212322870895
30.625	2.5	1.00212298856665
30.875	2.5	1.00212275588119
31.125	2.5	1.00212253077776
31.375	2.5	1.00212231337524
31.625	2.5	1.00212210378694
31.875	2.5	1.00212190212113
32.125	2.5	1.00212170848123
32.375	2.5	1.00212152296605
32.625	2.5	1.00212134566985
32.875	2.5	1.0021211766824
33.125	2.5	1.00212101608902
33.375	2.5	1.00212086397057
33.625	2.5	1.00212072040347
33.875	2.5	1.00212058545969
34.125	2.5	1.00212045920677
34.375	2.5	1.00212034170776
34.625	2.5	1.00212023302128
34.875	2.5	1.00212013320146
35.125	2.5	1.00212004229794
35.375	2.5	1.00211996035589
35.625	2.5	1.00211988741599
35.875	2.5	1.00211982351438
36.125	2.5	1.00211976868274
36.375	2.5	1.00211972294821
36.625	2.5	1.00211968633343
36.875	2.5	1.00211965885649
37.125	2.5	1.00211964053098
37.375	2.5	1.00211963136596
0.125	3.5	-0.00211967767389271
0.375	3.5	-0.00211968716796351
0.625	3.5	-0.00211970615238959
0.875	3.5	-0.00211973461974255
1.125	3.5	-0.00211977255888634
1.375	3.5	-0.00211981995498535
1.625	3.5	-0.00211987678951501
1.875	3.5	-0.00211994304027516
2.125	3.5	-0.00212001868140602
2.375	3.5	-0.00212010368340689
2.625	3.5	-0.00212019801315746
2.875	3.5	-0.00212030163394181
3.125	3.5	-0.00212041450547502
3.375	3.5	-0.00212053658393234
3.625	3.5	-0.00212066782198084
3.875	3.5	-0.00212080816881338
4.125	3.5	-0.00212095757018458
4.375	3.5	-0.00212111596844835
4.625	3.5	-0.00212128330259611
4.875	3.5	-0.00212145950829454
5.125	3.5	-0.00212164451792034
5.375	3.5	-0.00212183826058873
5.625	3.5	-0.0021220406621693
5.875	3.5	-0.00212225164527961
6.125	3.5	-0.00212247112923987
6.375	3.5	-0.00212269902996198
6.625	3.5	-0.00212293525972847
6.875	3.5	-0.00212317972678823
7.125	3.5	-0.002123432334649
7.375	3.5	-0.00212369298086857
7.625	3.5	-0.00212396155501935
7.875	3.5	-0.00212423793529044
8.125	3.5	-0.00212452198284568
8.375	3.5	-0.00212481353248713
8.625	3.5	-0.00212511237723694
8.875	3.5	-0.00212541824291
9.125	3.5	-0.00212573074621418
9.375	3.5	-0.00212604932574377
9.625	3.5	-0.00212637312836671
9.875	3.5	-0.00212670082221138
10.125	3.5	-0.00212703028887256
10.375	3.5	-0.00212735811687326
10.625	3.5	-0.00212767876809626
10.875	3.5	-0.00212798320609323
11.125	3.5	-0.00212825663892584
11.375	3.5	-0.00212847480499121
11.625	3.5	-0.00212859786136872
11.875	3.5	-0.00212856032719244
12.125	3.5	-0.00212825453571994
12.375	3.5	-0.0021275034052826
12.625	3.5	-0.00212601563518037
12.875	3.5	-0.00212331198355762
13.125	3.5	-0.00211860396501355
13.375	3.5	-0.00211059426605812
13.625	3.5	-0.00209714837665059
13.875	3.5	-0.00207475438595129
14.125	3.5	-0.002037634411755
14.375	3.5	-0.00197628335695219
14.625	3.5	-0.00187506685361323
14.875	3.5	-0.00170827520809363
15.125	3.5	-0.00143364779300707
15.375	3.5	-0.000981765026970831
15.625	3.5	-0.000238721304799677
15.875	3.5	0.000982040686094036
16.125	3.5	0.00298514706233533
16.375	3.5	0.00626554166576741
16.625	3.5	0.0116207830315074
16.875	3.5	0.0203185960101497
17.125	3.5	0.0343285154422107
17.375	3.5	0.0565946078068634
17.625	3.5	0.0912341346076194
17.875	3.5	0.143350384267581
18.125	3.5	0.217878713185097
18.375	3.5	0.316906759759277
18.625	3.5	0.436093119208388
18.875	3.5	0.563266374823497
19.125	3.5	0.682530003538885
19.375	3.5	0.781678223917652
19.625	3.5	0.856329685991191
19.875	3.5	0.908548317245724
20.125	3.5	0.9432631624438
20.375	3.5	0.96558069905765
20.625	3.5	0.979624202747331
20.875	3.5	0.98834334881662
21.125	3.5	0.99371192276631
21.375	3.5	0.997000573546748
21.625	3.5	0.999008769589534
21.875	3.5	1.00023266598316
22.125	3.5	1.00097764388316
22.375	3.5	1.00143072646735
22.625	3.5	1.00170610503143
22.875	3.5	1.00187337371965
23.125	3.5	1.00197489959594
23.375	3.5	1.00203645717819
23.625	3.5	1.00207372029716
23.875	3.5	1.0020962180762
24.125	3.5	1.00210974303511
24.375	3.5	1.00211781601444
24.625	3.5	1.00212257698425
24.875	3.5	1.00212532660866
25.125	3.5	1.00212685544095
25.375	3.5	1.00212764401021
25.625	3.5	1.00212798442882
25.875	3.5	1.00212805429989
26.125	3.5	1.00212796163401
26.375	3.5	1.00212777214668
26.625	3.5	1.00212752584794
26.875	3.5	1.00212724712427
27.125	3.5	1.0021269508657
27.375	3.5	1.00212664618941
27.625	3.5	1.00212633870268
27.875	3.5	1.0021260318781
28.125	3.5	1.00212572788935
28.375	3.5	1.00212542811917
28.625	3.5	1.00212513346796
28.875	3.5	1.0021248445414
29.125	3.5	1.00212456176445
29.375	3.5	1.00212428545063
29.625	3.5	1.0021240158441
29.875	3.5	1.00212375314525
30.125	3.5	1.00212349752623
30.375	3.5	1.00212324914039
30.625	3.5	1.00212300812803
30.875	3.5	1.00212277461985
31.125	3.5	1.00212254873907
31.375	3.5	1.00212233060269
31.625	3.5	1.00212212032229
31.875	3.5	1.00212191800445
32.125	3.5	1.00212172375107
32.375	3.5	1.00212153765948
32.625	3.5	1.00212135982257
32.875	3.5	1.00212119032884
33.125	3.5	1.0021210292624
33.375	3.5	1.00212087670299
33.625	3.5	1.00212073272599
33.875	3.5	1.00212059740241
34.125	3.5	1.00212047079888
34.375	3.5	1.00212035297764
34.625	3.5	1.00212024399653
34.875	3.5	1.00212014390901
35.125	3.5	1.00212005276408
35.375	3.5	1.00211997060634
35.625	3.5	1.00211989747596
35.875	3.5	1.00211983340866
36.125	3.5	1.00211977843571
36.375	3.5	1.00211973258392
36.625	3.5	1.00211969587565
36.875	3.5	1.0021196683288
37.125	3.5	1.00211964995677
37.375	3.5	1.00211964076851
0.125	4.5	-0.00211966574733145
0.375	4.5	-0.00211967521185564
0.625	4.5	-0.00211969413711983
0.875	4.5	-0.002119722515558
1.125	4.5	-0.00211976033582731
1.375	4.5	-0.00211980758281556
1.625	4.5	-0.00211986423765114
1.875	4.5	-0.00211993027771546
2.125	4.5	-0.00212000567665787
2.375	4.5	-0.0021200904044131
2.625	4.5	-0.00212018442722112
2.875	4.5	-0.00212028770764944
3.125	4.5	-0.00212040020461794
3.375	4.5	-0.00212052187342595
3.625	4.5	-0.00212065266578164
3.875	4.5	-0.00212079252983352
4.125	4.5	-0.0021209414102037
4.375	4.5	-0.00212109924802247
4.625	4.5	-0.0021212659809634
4.875	4.5	-0.00212144154327757
5.125	4.5	-0.00212162586582476
5.375	4.5	-0.0021218188760979
5.625	4.5	-0.00212202049823477
5.875	4.5	-0.00212223065300702
6.125	4.5	-0.00212244925777001
6.375	4.5	-0.00212267622634677
6.625	4.5	-0.00212291146880129
6.875	4.5	-0.00212315489102851
7.125	4.5	-0.00212340639404045
7.375	4.5	-0.00212366587275072
7.625	4.5	-0.00212393321393183
7.875	4.5	-0.00212420829280946
8.125	4.5	-0.00212449096741193
8.375	4.5	-0.00212478106922416
8.625	4.5	-0.00212507838775882
8.875	4.5	-0.00212538264511626
9.125	4.5	-0.00212569345406953
9.375	4.5	-0.00212601024903827
9.625	4.5	-0.00212633217245003
9.875	4.5	-0.00212665788769065
10.125	4.5	-0.00212698527125715
10.375	4.5	-0.00212731090613934
10.625	4.5	-0.00212762924812652
10.875	4.5	-0.00212793125391913
11.125	4.5	-0.00212820212365269
11.375	4.5	-0.00212841758620943
11.625	4.5	-0.00212853778672764
11.875	4.5	-0.00212849722860372
12.125	4.5	-0.00212818822331288
12.375	4.5	-0.00212743365766529
12.625	4.5	-0.00212594218362486
12.875	4.5	-0.00212323448618445
13.125	4.5	-0.00211852196451118
13.375	4.5	-0.00211050712028885
13.625	4.5	-0.00209705514460763
13.875	4.5	-0.00207465364019931
14.125	4.5	-0.00203752392985584
14.375	4.5	-0.00197615961378749
14.625	4.5	-0.00187492418639659
14.875	4.5	-0.00170810444403253
15.125	4.5	-0.00143343399672935
15.375	4.5	-0.000981483811238958
15.625	4.5	-0.000238332810227401
15.875	4.5	0.000982601555596772
16.125	4.5	0.00298598631712561
16.375	4.5	0.0062668309731183
16.625	4.5	0.0116227976226607
16.875	4.5	0.0203217697357009
17.125	4.5	0.0343335128360728
17.375	4.5	0.0566023979833389
17.625	4.5	0.0912460136491385
17.875	4.5	0.143367822521763
18.125	4.5	0.217902840199784
18.375	4.5	0.316937419459037
18.625	4.5	0.436127985966178
18.875	4.5	0.563301252484435
19.125	4.5	0.682560690606862
19.375	4.5	0.781702383762836
19.625	4.5	0.856347153869794
19.875	4.5	0.908560219120749
20.125	4.5	0.943270968642275
20.375	4.5	0.965585707073184
20.625	4.5	0.979627383277355
20.875	4.5	0.988345367679351
21.125	4.5	0.99371321472475
21.375	4.5	0.997001414437875
21.625	4.5	0.999009331467895
21.875	4.5	1.00023305510138
22.125	4.5	1.00097792548694
22.375	4.5	1.00143094050779
22.625	4.5	1.00170627595172
22.875	4.5	1.00187351648923
23.125	4.5	1.00197502340831
23.375	4.5	1.00203656770872
23.625	4.5	1.00207382107865
23.875	4.5	1.00209631133575
24.125	4.5	1.00210983020303
24.375	4.5	1.00211789803349
24.625	4.5	1.00212265449765
24.875	4.5	1.00212540007442
25.125	4.5	1.00212692520137
25.375	4.5	1.00212771033431
25.625	4.5	1.00212804753818
25.875	4.5	1.00212811438452
26.125	4.5	1.00212801886209
26.375	4.5	1.00212782667064
26.625	4.5	1.00212757780824
26.875	4.5	1.00212729665185
27.125	4.5	1.00212699808357
27.375	4.5	1.00212669121373
27.625	4.5	1.0021263816435
27.875	4.5	1.00212607283994
28.125	4.5	1.00212576697163
28.375	4.5	1.00212546541656
28.625	4.5	1.0021251690707
28.875	4.5	1.00212487853553
29.125	4.5	1.00212459423211
29.375	4.5	1.00212431647021
29.625	4.5	1.00212404549049
29.875	4.5	1.00212378149003
30.125	4.5	1.00212352463784
30.375	4.5	1.0021232750843
30.625	4.5	1.00212303296692
30.875	4.5	1.00212279841374
31.125	4.5	1.00212257154549
31.375	4.5	1.00212235247682
31.625	4.5	1.00212214131709
31.875	4.5	1.00212193817079
32.125	4.5	1.00212174313784
32.375	4.5	1.00212155631375
32.625	4.5	1.00212137778966
32.875	4.5	1.00212120765246
33.125	4.5	1.00212104598472
33.375	4.5	1.00212089286478
33.625	4.5	1.0021207483667
33.875	4.5	1.00212061256027
34.125	4.5	1.00212048551098
34.375	4.5	1.00212036728003
34.625	4.5	1.0021202579243
34.875	4.5	1.00212015749637
35.125	4.5	1.00212006604446
35.375	4.5	1.00211998361244
35.625	4.5	1.00211991023983
35.875	4.5	1.00211984596181
36.125	4.5	1.00211979080914
36.375	4.5	1.00211974480822
36.625	4.5	1.00211970798106
36.875	4.5	1.00211968034528
37.125	4.5	1.00211966191408
37.375	4.5	1.00211965269628
0.125	5.5	-0.00211965178690727
0.375	5.5	-0.00211966121671281
0.625	5.5	-0.00211968007245955
0.875	5.5	-0.00211970834642094
1.125	5.5	-0.00211974602701285
1.375	5.5	-0.00211979309880038
1.625	5.5	-0.00211984954250701
1.875	5.5	-0.002119915335026
2.125	5.5	-0.00211999044943407
2.375	5.5	-0.00212007485500732
2.625	5.5	-0.00212016851723945
2.875	5.5	-0.00212027139786215
3.125	5.5	-0.00212038345486778
3.375	5.5	-0.00212050464253406
3.625	5.5	-0.00212063491145084
3.875	5.5	-0.00212077420854873
4.125	5.5	-0.00212092247712923
4.375	5.5	-0.00212107965689589
4.625	5.5	-0.00212124568398573
4.875	5.5	-0.00212142049099952
5.125	5.5	-0.00212160400702869
5.375	5.5	-0.00212179615767518
5.625	5.5	-0.00212199686505826
5.875	5.5	-0.00212220604779827
6.125	5.5	-0.00212242362096089
6.375	5.5	-0.00212264949593502
6.625	5.5	-0.00212288358019983
6.875	5.5	-0.00212312577690776
7.125	5.5	-0.00212337598416348
7.375	5.5	-0.00212363409380052
7.625	5.5	-0.00212389998933024
7.875	5.5	-0.00212417354252691
8.125	5.5	-0.00212445460776734
8.375	5.5	-0.00212474301267373
8.625	5.5	-0.00212503854267225
8.875	5.5	-0.00212534091553834
9.125	5.5	-0.00212564973946382
9.375	5.5	-0.00212596444400814
9.625	5.5	-0.00212628416642933
9.875	5.5	-0.00212660756459198
10.125	5.5	-0.00212693250905816
10.375	5.5	-0.00212725557637514
10.625	5.5	-0.0021275712152364
10.875	5.5	-0.00212787037436235
11.125	5.5	-0.00212813824465352
11.375	5.5	-0.00212835054390149
11.625	5.5	-0.00212846740331926
11.875	5.5	-0.00212842330794101
12.125	5.5	-0.00212811054381452
12.375	5.5	-0.00212735196093846
12.625	5.5	-0.00212585615597719
12.875	5.5	-0.00212314372844408
13.125	5.5	-0.00211842594259656
13.375	5.5	-0.00211040508407911
13.625	5.5	-0.00209694599461221
13.875	5.5	-0.00207453570827654
14.125	5.5	-0.00203739461844884
14.375	5.5	-0.0019760148023818
14.625	5.5	-0.00187475725530852
14.875	5.5	-0.00170790466996496
15.125	5.5	-0.00143318391921959
15.375	5.5	-0.000981154919409151
15.625	5.5	-0.000237878504314151
15.875	5.5	0.000983257380204689
16.125	5.5	0.00298696759879932
16.375	5.5	0.00626833841084579
16.625	5.5	0.0116251529930004
16.875	5.5	0.0203254802563794
17.125	5.5	0.0343393554100973
17.375	5.5	0.0566115055758205
17.625	5.5	0.0912599014232094
17.875	5.5	0.143388209244531
18.125	5.5	0.217931046001093
18.375	5.5	0.316973261267599
18.625	5.5	0.436168744438711
18.875	5.5	0.563342022129376
19.125	5.5	0.68259656046153
19.375	5.5	0.78173062321243
19.625	5.5	0.856367570960734
19.875	5.5	0.908574130307126
20.125	5.5	0.943280092667373
20.375	5.5	0.965591560544385
20.625	5.5	0.979631100781277
20.875	5.5	0.988347727435023
21.125	5.5	0.993714724885189
21.375	5.5	0.997002397400784
21.625	5.5	0.999009988329529
21.875	5.5	1.00023351004871
22.125	5.5	1.00097825477817
22.375	5.5	1.00143119083684
22.625	5.5	1.00170647588696
22.875	5.5	1.00187368352611
23.125	5.5	1.00197516829143
23.375	5.5	1.00203669707071
23.625	5.5	1.00207393904789
23.875	5.5	1.00209642051462
24.125	5.5	1.00210993226259
24.375	5.5	1.00211799407505
24.625	5.5	1.00212274527245
24.875	5.5	1.00212548611724
25.125	5.5	1.00212700691184
25.375	5.5	1.0021277880264
25.625	5.5	1.00212812147049
25.875	5.5	1.00212818477876
26.125	5.5	1.0021280859145
26.375	5.5	1.0021278905591
26.625	5.5	1.00212763869667
26.875	5.5	1.00212735469308
27.125	5.5	1.00212705342117
27.375	5.5	1.0021267439833
27.625	5.5	1.00212643197354
27.875	5.5	1.00212612085249
28.125	5.5	1.00212581278283
28.375	5.5	1.00212550913698
28.625	5.5	1.00212521080576
28.875	5.5	1.0021249183858
29.125	5.5	1.00212463229355
29.375	5.5	1.00212435283448
29.625	5.5	1.00212408024515
29.875	5.5	1.00212381471877
30.125	5.5	1.0021235564207
30.375	5.5	1.00212330549789
30.625	5.5	1.00212306208455
30.875	5.5	1.00212282630567
31.125	5.5	1.00212259827906
31.375	5.5	1.00212237811663
31.625	5.5	1.00212216592514
31.875	5.5	1.00212196180667
32.125	5.5	1.00212176585884
32.375	5.5	1.00212157817499
32.625	5.5	1.00212139884428
32.875	5.5	1.00212122795166
33.125	5.5	1.00212106557798
33.375	5.5	1.0021209117999
33.625	5.5	1.00212076668994
33.875	5.5	1.00212063031648
34.125	5.5	1.00212050274368
34.375	5.5	1.00212038403152
34.625	5.5	1.00212027423578
34.875	5.5	1.00212017340798
35.125	5.5	1.00212008159544
35.375	5.5	1.00211999884119
35.625	5.5	1.00211992518402
35.875	5.5	1.00211986065841
36.125	5.5	1.00211980529458
36.375	5.5	1.00211975911844
36.625	5.5	1.00211972215159
36.875	5.5	1.00211969441131
37.125	5.5	1.00211967591058
37.375	5.5	1.00211966665806
0.125	6.5	-0.00211963636965667
0.375	6.5	-0.00211964576090596
0.625	6.5	-0.00211966453945197
0.875	6.5	-0.00211969269739153
1.125	6.5	-0.00211973022287502
1.375	6.5	-0.00211977710011248
1.625	6.5	-0.00211983330938192
1.875	6.5	-0.00211989882703952
2.125	6.5	-0.002119973625532
2.375	6.5	-0.00212005767341094
2.625	6.5	-0.00212015093534914
2.875	6.5	-0.00212025337215897
3.125	6.5	-0.00212036494081263
3.375	6.5	-0.00212048559446432
3.625	6.5	-0.00212061528247415
3.875	6.5	-0.00212075395043357
4.125	6.5	-0.00212090154019212
4.375	6.5	-0.00212105798988491
4.625	6.5	-0.00212122323395998
4.875	6.5	-0.00212139720320426
5.125	6.5	-0.00212157982476581
5.375	6.5	-0.00212177102216872
5.625	6.5	-0.00212197071531449
5.875	6.5	-0.00212217882046013
6.125	6.5	-0.00212239525015624
6.375	6.5	-0.00212261991311839
6.625	6.5	-0.00212285271398717
6.875	6.5	-0.00212309355290376
7.125	6.5	-0.0021233423247809
7.375	6.5	-0.00212359891807104
7.625	6.5	-0.00212386321270604
7.875	6.5	-0.00212413507667243
8.125	6.5	-0.00212441436034006
8.375	6.5	-0.00212470088709289
8.625	6.5	-0.00212499443787382
8.875	6.5	-0.00212529472571391
9.125	6.5	-0.00212560135377992
9.375	6.5	-0.00212591374630056
9.625	6.5	-0.00212623103486419
9.875	6.5	-0.00212655187128013
10.125	6.5	-0.0021268741196012
10.375	6.5	-0.00212719434930824
10.625	6.5	-0.00212750700131033
10.875	6.5	-0.00212780301557107
11.125	6.5	-0.00212806757285291
11.375	6.5	-0.00212827637876579
11.625	6.5	-0.00212838954921773
11.875	6.5	-0.00212834154904782
12.125	6.5	-0.00212802463631991
12.375	6.5	-0.00212726162049689
12.625	6.5	-0.00212576103732094
12.875	6.5	-0.0021230433921023
13.125	6.5	-0.0021183198003842
13.375	6.5	-0.00211029230962598
13.625	6.5	-0.0020968253763224
13.875	6.5	-0.00207440540749696
14.125	6.5	-0.00203725177160388
14.375	6.5	-0.00197585486638994
14.625	6.5	-0.00187457293097501
14.875	6.5	-0.00170768413253503
15.125	6.5	-0.00143290791399326
15.375	6.5	-0.00098079200492951
15.625	6.5	-0.00023737729010189
15.875	6.5	0.000983980823517538
16.125	6.5	0.00298804995303546
16.375	6.5	0.00627000101125085
16.625	6.5	0.0116277507009609
16.875	6.5	0.0203295724378081
17.125	6.5	0.0343457988328253
17.375	6.5	0.0566215496459084
17.625	6.5	0.0912752169605666
17.875	6.5	0.143410691442125
18.125	6.5	0.217962150172275
18.375	6.5	0.317012784765549
18.625	6.5	0.436213687794627
18.875	6.5	0.563386975839155
19.125	6.5	0.682636109953659
19.375	6.5	0.781761758576655
19.625	6.5	0.856390081318894
19.875	6.5	0.908589467562727
20.125	6.5	0.943290151987431
20.375	6.5	0.965598014084705
20.625	6.5	0.979635199449608
20.875	6.5	0.9883503292188
21.125	6.5	0.993716390017587
21.375	6.5	0.997003481319473
21.625	6.5	0.999010712738525
21.875	6.5	1.00023401186073
22.125	6.5	1.0009786180653
22.375	6.5	1.00143146707712
22.625	6.5	1.00170669657531
22.875	6.5	1.0018738679498
23.125	6.5	1.00197532829504
23.375	6.5	1.00203683996549
23.625	6.5	1.00207406938426
23.875	6.5	1.00209654116063
24.125	6.5	1.00211004505963
24.375	6.5	1.00211810023641
24.625	6.5	1.00212284562553
24.875	6.5	1.00212558125088
25.125	6.5	1.00212709726592
25.375	6.5	1.00212787394646
25.625	6.5	1.00212820324104
25.875	6.5	1.00212826264375
26.125	6.5	1.00212816008984
26.375	6.5	1.00212796124048
26.625	6.5	1.00212770606448
26.875	6.5	1.0021274189155
27.125	6.5	1.00212711465625
27.375	6.5	1.00212680238032
27.625	6.5	1.00212648767399
27.875	6.5	1.0021261739908
28.125	6.5	1.00212586348691
28.375	6.5	1.00212555752869
28.625	6.5	1.00212525700128
28.875	6.5	1.00212496249598
29.125	6.5	1.00212467442422
29.375	6.5	1.00212439308673
29.625	6.5	1.00212411871557
29.875	6.5	1.00212385149972
30.125	6.5	1.00212359160053
30.375	6.5	1.00212333916115
30.625	6.5	1.00212309431224
30.875	6.5	1.00212285717538
31.125	6.5	1.00212262786519
31.375	6.5	1.00212240649058
31.625	6.5	1.00212219315547
31.875	6.5	1.00212198795926
32.125	6.5	1.00212179099706
32.375	6.5	1.00212160235984
32.625	6.5	1.00212142213454
32.875	6.5	1.00212125040404
33.125	6.5	1.00212108724724
33.375	6.5	1.00212093273899
33.625	6.5	1.00212078695012
33.875	6.5	1.00212064994744
34.125	6.5	1.00212052179366
34.375	6.5	1.00212040254741
34.625	6.5	1.00212029226325
34.875	6.5	1.00212019099159
35.125	6.5	1.0021200987787
35.375	6.5	1.00212001566671
35.625	6.5	1.00211994169358
35.875	6.5	1.00211987689308
36.125	6.5	1.00211982129478
36.375	6.5	1.00211977492406
36.625	6.5	1.00211973780207
36.875	6.5	1.00211970994576
37.125	6.5	1.00211969136782
37.375	6.5	1.00211968207673
0.125	7.5	-0.00211962013631214
0.375	7.5	-0.00211962948663558
0.625	7.5	-0.00211964818323737
0.875	7.5	-0.00211967621802906
1.125	7.5	-0.00211971357888253
1.375	7.5	-0.00211976024963541
1.625	7.5	-0.00211981621009845
1.875	7.5	-0.00211988143606457
2.125	7.5	-0.0021199558993198
2.375	7.5	-0.00212003956765594
2.625	7.5	-0.00212013240488506
2.875	7.5	-0.00212023437085563
3.125	7.5	-0.00212034542147041
3.375	7.5	-0.00212046550870593
3.625	7.5	-0.00212059458063339
3.875	7.5	-0.00212073258144089
4.125	7.5	-0.00212087945145662
4.375	7.5	-0.0021210351271725
4.625	7.5	-0.00212119954126738
4.875	7.5	-0.00212137262262851
5.125	7.5	-0.00212155429636895
5.375	7.5	-0.00212174448383731
5.625	7.5	-0.00212194310261358
5.875	7.5	-0.00212215006648122
6.125	7.5	-0.00212236528535902
6.375	7.5	-0.00212258866516561
6.625	7.5	-0.00212282010757229
6.875	7.5	-0.00212305950957091
7.125	7.5	-0.00212330676273655
7.375	7.5	-0.00212356175198684
7.625	7.5	-0.00212382435351212
7.875	7.5	-0.00212409443134037
8.125	7.5	-0.00212437183165457
8.375	7.5	-0.00212465637341093
8.625	7.5	-0.0021249478328694
8.875	7.5	-0.00212524591810611
9.125	7.5	-0.00212555022704048
9.375	7.5	-0.00212586017833546
9.625	7.5	-0.00212617489766033
9.875	7.5	-0.00212649303050308
10.125	7.5	-0.00212681243412139
10.375	7.5	-0.00212712967061859
10.625	7.5	-0.00212743917277527
10.875	7.5	-0.00212773187140794
11.125	7.5	-0.00212799293668383
11.375	7.5	-0.00212819806147326
11.625	7.5	-0.00212830734566513
11.875	7.5	-0.00212825523294229
12.125	7.5	-0.00212793395202769
12.375	7.5	-0.00212716626985065
12.625	7.5	-0.00212566065818969
12.875	7.5	-0.00212293752340357
13.125	7.5	-0.00211820782477409
13.375	7.5	-0.00211017335943132
13.625	7.5	-0.00209669817894213
13.875	7.5	-0.00207426803113755
14.125	7.5	-0.00203710120695632
14.375	7.5	-0.00197568633838673
14.625	7.5	-0.00187437876682186
14.875	7.5	-0.0017074519012774
15.125	7.5	-0.00143261737279053
15.375	7.5	-0.000980410097665234
15.625	7.5	-0.000236849986038184
15.875	7.5	0.000984741766827944
16.125	7.5	0.00298918824232307
16.375	7.5	0.00627174935793605
16.625	7.5	0.0116304822047195
16.875	7.5	0.0203338752094518
17.125	7.5	0.034352573656299
17.375	7.5	0.0566321100845112
17.625	7.5	0.0912913195573515
17.875	7.5	0.143434328457053
18.125	7.5	0.21799485108926
18.375	7.5	0.31705433567064
18.625	7.5	0.436260934469024
18.875	7.5	0.563434231175344
19.125	7.5	0.682677682608711
19.375	7.5	0.781794485602431
19.625	7.5	0.856413741915558
19.875	7.5	0.908605588357033
20.125	7.5	0.943300725212421
20.375	7.5	0.965604797397599
20.625	7.5	0.979639507668606
20.875	7.5	0.988353064148139
21.125	7.5	0.993718140494274
21.375	7.5	0.997004620926154
21.625	7.5	0.999011474495946
21.875	7.5	1.00023453966947
22.125	7.5	1.00097900028772
22.375	7.5	1.00143175781757
22.625	7.5	1.00170692893491
22.875	7.5	1.00187406219884
23.125	7.5	1.00197549688116
23.375	7.5	1.00203699057165
23.625	7.5	1.00207420679174
23.875	7.5	1.00209666838249
24.125	7.5	1.00211016402999
24.375	7.5	1.00211821222927
24.625	7.5	1.00212295150945
24.875	7.5	1.00212568164374
25.125	7.5	1.00212719262915
25.375	7.5	1.00212796464242
25.625	7.5	1.00212828956805
25.875	7.5	1.00212834485753
26.125	7.5	1.00212823841677
26.375	7.5	1.00212803588575
26.625	7.5	1.00212777721724
26.875	7.5	1.00212748675217
27.125	7.5	1.00212717934264
27.375	7.5	1.00212686407309
27.625	7.5	1.00212654652167
27.875	7.5	1.00212623013455
28.125	7.5	1.00212591706107
28.375	7.5	1.00212560866131
28.625	7.5	1.00212530581446
28.875	7.5	1.00212500910627
29.125	7.5	1.00212471894292
29.375	7.5	1.00212443562016
29.625	7.5	1.00212415936541
29.875	7.5	1.00212389036318
30.125	7.5	1.00212362877067
30.375	7.5	1.00212337472704
30.625	7.5	1.00212312835922
30.875	7.5	1.00212288978526
31.125	7.5	1.00212265911644
31.375	7.5	1.00212243645851
31.625	7.5	1.00212222191243
31.875	7.5	1.0021220155748
32.125	7.5	1.00212181753809
32.375	7.5	1.00212162789081
32.625	7.5	1.00212144671757
32.875	7.5	1.00212127409908
33.125	7.5	1.00212111011219
33.375	7.5	1.00212095482986
33.625	7.5	1.00212080832117
33.875	7.5	1.00212067065125
34.125	7.5	1.00212054188131
34.375	7.5	1.00212042206858
34.625	7.5	1.00212031126631
34.875	7.5	1.00212020952375
35.125	7.5	1.0021201168861
35.375	7.5	1.00212003339452
35.625	7.5	1.00211995908611
35.875	7.5	1.00211989399388
36.125	7.5	1.00211983814675
36.375	7.5	1.00211979156952
36.625	7.5	1.00211975428288
36.875	7.5	1.0021197263034
37.125	7.5	1.00211970764351
37.375	7.5	1.00211969831149
0.125	8.5	-0.00211960376686991
0.375	8.5	-0.00211961307543745
0.625	8.5	-0.00211963168843445
0.875	8.5	-0.00211965959758626
1.125	8.5	-0.00211969679048485
1.375	8.5	-0.00211974325059361
1.625	8.5	-0.00211979895725377
1.875	8.5	-0.00211986388569226
2.125	8.5	-0.00211993800703134
2.375	8.5	-0.00212002128829955
2.625	8.5	-0.00212011369244437
2.875	8.5	-0.00212021517834624
3.125	8.5	-0.002120325700834
3.375	8.5	-0.00212044521070177
3.625	8.5	-0.0021205736547269
3.875	8.5	-0.00212071097568902
4.125	8.5	-0.0021208571123897
4.375	8.5	-0.00212101199967232
4.625	8.5	-0.00212117556844116
4.875	8.5	-0.00212134774567842
5.125	8.5	-0.00212152845445694
5.375	8.5	-0.0021217176139447
5.625	8.5	-0.00212191513939531
5.875	8.5	-0.00212212094211414
6.125	8.5	-0.00212233492938395
6.375	8.5	-0.0021225570043227
6.625	8.5	-0.00212278706562925
6.875	8.5	-0.00212302500714361
7.125	8.5	-0.00212327071710142
7.375	8.5	-0.00212352407688458
7.625	8.5	-0.00212378495894195
7.875	8.5	-0.00212405322334412
8.125	8.5	-0.00212432871208948
8.375	8.5	-0.00212461123971011
8.625	8.5	-0.002124900577788
8.875	8.5	-0.00212519642945086
9.125	8.5	-0.0021254983873789
9.375	8.5	-0.00212580586467906
9.625	8.5	-0.00212611798111291
9.875	8.5	-0.00212643337586009
10.125	8.5	-0.0021267498993974
10.375	8.5	-0.00212706410646576
10.625	8.5	-0.0021273704217322
10.875	8.5	-0.00212765976687942
11.125	8.5	-0.00212791730148821
11.375	8.5	-0.00212811870568889
11.625	8.5	-0.00212822406333396
11.875	8.5	-0.002128167796903
12.125	8.5	-0.00212784210567984
12.375	8.5	-0.00212706971387558
12.625	8.5	-0.00212555902897591
12.875	8.5	-0.00212283035781841
13.125	8.5	-0.00211809450245533
13.375	8.5	-0.00211005300806051
13.625	8.5	-0.00209656951855882
13.875	8.5	-0.00207412911808205
14.125	8.5	-0.00203694901259334
14.375	8.5	-0.00197551605600041
14.625	8.5	-0.00187418267164911
14.875	8.5	-0.00170721747693023
15.125	8.5	-0.00143232423596142
15.375	8.5	-0.000980024961427323
15.625	8.5	-0.000236318440912963
15.875	8.5	0.000985508583289477
16.125	8.5	0.00299033504780577
16.375	8.5	0.00627351050165111
16.625	8.5	0.0116332334114786
16.875	8.5	0.0203382087239301
17.125	8.5	0.0343593965817427
17.375	8.5	0.0566427451672481
17.625	8.5	0.0913075355430776
17.875	8.5	0.143458131270884
18.125	8.5	0.21802778032452
18.375	8.5	0.317096175023926
18.625	8.5	0.436308506919836
18.875	8.5	0.563481810046009
19.125	8.5	0.682719538087408
19.375	8.5	0.781827434206191
19.625	8.5	0.856437562237713
19.875	8.5	0.908621817867338
20.125	8.5	0.943311369809269
20.375	8.5	0.965611626648033
20.625	8.5	0.979643845247264
20.875	8.5	0.988355817914471
21.125	8.5	0.993719903232056
21.375	8.5	0.997005768719281
21.625	8.5	0.999012241923955
21.875	8.5	1.00023507159459
22.125	8.5	1.00097938566197
22.375	8.5	1.0014320511055
22.625	8.5	1.00170716345713
22.875	8.5	1.00187425835923
23.125	8.5	1.00197566720866
23.375	8.5	1.00203714279865
23.625	8.5	1.00207434572961
23.875	8.5	1.00209679706271
24.125	8.5	1.00211028439794
24.375	8.5	1.00211832556599
24.625	8.5	1.00212305868791
24.875	8.5	1.00212578328471
25.125	8.5	1.00212728919601
25.375	8.5	1.00212805649895
25.625	8.5	1.00212837701367
25.875	8.5	1.00212842814892
26.125	8.5	1.00212831778113
26.375	8.5	1.00212811152908
26.625	8.5	1.0021278493295
26.875	8.5	1.00212755551056
27.125	8.5	1.00212724491378
27.375	8.5	1.00212692661445
27.625	8.5	1.00212660618263
27.875	8.5	1.0021262870571
28.125	8.5	1.00212597138044
28.375	8.5	1.0021256605064
28.625	8.5	1.00212535530827
28.875	8.5	1.00212505636626
29.125	8.5	1.00212476408128
29.375	8.5	1.00212447874416
29.625	8.5	1.00212420057761
29.875	8.5	1.00212392976175
30.125	8.5	1.00212366644957
30.375	8.5	1.00212341077629
30.625	8.5	1.00212316286509
30.875	8.5	1.00212292283047
31.125	8.5	1.00212269078039
31.375	8.5	1.00212246681745
31.625	8.5	1.00212225103962
31.875	8.5	1.00212204354069
32.125	8.5	1.00212184441053
32.375	8.5	1.00212165373516
32.625	8.5	1.00212147159684
32.875	8.5	1.00212129807412
33.125	8.5	1.0021211332418
33.375	8.5	1.00212097717095
33.625	8.5	1.00212082992885
33.875	8.5	1.002120691579
34.125	8.5	1.00212056218108
34.375	8.5	1.00212044179092
34.625	8.5	1.00212033046046
34.875	8.5	1.00212022823777
35.125	8.5	1.00212013516699
35.375	8.5	1.0021200512883
35.625	8.5	1.00211997663793
35.875	8.5	1.00211991124814
36.125	8.5	1.00211985514717
36.375	8.5	1.00211980835928
36.625	8.5	1.00211977090467
36.875	8.5	1.00211974279954
37.125	8.5	1.00211972405603
37.375	8.5	1.00211971468226
0.125	9.5	-0.00211958795497447
0.375	9.5	-0.00211959722250279
0.625	9.5	-0.0021196157533317
0.875	9.5	-0.00211964353900702
1.125	9.5	-0.00211968056685091
1.375	9.5	-0.00211972681996598
1.625	9.5	-0.00211978227724088
1.875	9.5	-0.0021198469133571
2.125	9.5	-0.0021199206987972
2.375	9.5	-0.00212000359985437
2.625	9.5	-0.00212009557864319
2.875	9.5	-0.00212019659311172
3.125	9.5	-0.0021203065970547
3.375	9.5	-0.00212042554012788
3.625	9.5	-0.0021205533678633
3.875	9.5	-0.00212069002168528
4.125	9.5	-0.00212083543892683
4.375	9.5	-0.00212098955284589
4.625	9.5	-0.00212115229264066
4.875	9.5	-0.00212132358346241
5.125	9.5	-0.00212150334642371
5.375	9.5	-0.00212169149859817
5.625	9.5	-0.00212188795300575
5.875	9.5	-0.00212209261857342
6.125	9.5	-0.00212230540005487
6.375	9.5	-0.00212252619788208
6.625	9.5	-0.00212275490790423
6.875	9.5	-0.0021229914209409
7.125	9.5	-0.00212323562202878
7.375	9.5	-0.00212348738916412
7.625	9.5	-0.00212374659121459
7.875	9.5	-0.00212401308446437
8.125	9.5	-0.00212428670690981
8.375	9.5	-0.00212456726885339
8.625	9.5	-0.00212485453740671
8.875	9.5	-0.00212514821097039
9.125	9.5	-0.00212544787722158
9.375	9.5	-0.00212575294396339
9.625	9.5	-0.00212606252531959
9.875	9.5	-0.00212637525445098
10.125	9.5	-0.00212668897536558
10.375	9.5	-0.00212700023578083
10.625	9.5	-0.00212730345262212
10.875	9.5	-0.00212758953885318
11.125	9.5	-0.00212784364394152
11.375	9.5	-0.0021280414358338
11.625	9.5	-0.00212814298302588
11.875	9.5	-0.0021280826876628
12.125	9.5	-0.0021277527207542
12.375	9.5	-0.00212697576543026
12.625	9.5	-0.00212546016728253
12.875	9.5	-0.0021227261372634
13.125	9.5	-0.00211798432585193
13.375	9.5	-0.00210993603523192
13.625	9.5	-0.00209644451608545
13.875	9.5	-0.00207399421217344
14.125	9.5	-0.00203680128249644
14.375	9.5	-0.00197535086504921
14.625	9.5	-0.00187399256702243
14.875	9.5	-0.00170699038136282
15.125	9.5	-0.00143204047962032
15.375	9.5	-0.000979652420752884
15.625	9.5	-0.000235804606173045
15.875	9.5	0.000986249473683054
16.125	9.5	0.00299144266325308
16.375	9.5	0.00627521101748265
16.625	9.5	0.0116358894472352
16.875	9.5	0.0203423918630441
17.125	9.5	0.0343659822700345
17.375	9.5	0.0566530099568145
17.625	9.5	0.0913231863351946
17.875	9.5	0.143481103685133
18.125	9.5	0.218059559628025
18.375	9.5	0.317136551613569
18.625	9.5	0.436354414013777
18.875	9.5	0.563527721145571
19.125	9.5	0.682759924744857
19.375	9.5	0.78185922561709
19.625	9.5	0.856460545615232
19.875	9.5	0.908637477145963
20.125	9.5	0.943321640583167
20.375	9.5	0.965618216325225
20.625	9.5	0.979648030956752
20.875	9.5	0.988358475573901
21.125	9.5	0.993721604762343
21.375	9.5	0.997006876965463
21.625	9.5	0.999012983206446
21.875	9.5	1.00023558567413
22.125	9.5	1.00097975835688
22.375	9.5	1.00143233496052
22.625	9.5	1.00170739061731
22.875	9.5	1.00187444850754
23.125	9.5	1.00197583243038
23.375	9.5	1.00203729055152
23.625	9.5	1.00207448065327
23.875	9.5	1.00209692207975
24.125	9.5	1.00211040138326
24.375	9.5	1.00211843575368
24.625	9.5	1.00212316291856
24.875	9.5	1.00212588215576
25.125	9.5	1.00212738315324
25.375	9.5	1.00212814589219
25.625	9.5	1.00212846213081
25.875	9.5	1.00212850923676
26.125	9.5	1.00212839505818
26.375	9.5	1.00212818519351
26.625	9.5	1.0021279195641
26.875	9.5	1.00212762248595
27.125	9.5	1.00212730879047
27.375	9.5	1.00212698754423
27.625	9.5	1.00212666430952
27.875	9.5	1.00212634251813
28.125	9.5	1.00212602430615
28.375	9.5	1.00212571102132
28.625	9.5	1.00212540353129
28.875	9.5	1.00212510241097
29.125	9.5	1.00212480805626
29.375	9.5	1.00212452075326
29.625	9.5	1.00212424072023
29.875	9.5	1.00212396813304
30.125	9.5	1.00212370314067
30.375	9.5	1.00212344587458
30.625	9.5	1.00212319645435
30.875	9.5	1.00212295499111
31.125	9.5	1.0021227215896
31.375	9.5	1.00212249634941
31.625	9.5	1.00212227936566
31.875	9.5	1.00212207072946
32.125	9.5	1.00212187052814
32.375	9.5	1.00212167884534
32.625	9.5	1.0021214957611
32.875	9.5	1.00212132135186
33.125	9.5	1.00212115569048
33.375	9.5	1.00212099884618
33.625	9.5	1.00212085088454
33.875	9.5	1.00212071186748
34.125	9.5	1.0021205818532
34.375	9.5	1.00212046089618
34.625	9.5	1.00212034904713
34.875	9.5	1.00212024635295
35.125	9.5	1.00212015285677
35.375	9.5	1.00212006859782
35.625	9.5	1.00211999361152
35.875	9.5	1.00211992792937
36.125	9.5	1.00211987157898
36.375	9.5	1.00211982458406
36.625	9.5	1.00211978696438
36.875	9.5	1.00211975873576
37.125	9.5	1.00211973991007
37.375	9.5	1.00211973049525
0.125	10.5	-0.0021195733821926
0.375	10.5	-0.00211958261088888
0.625	10.5	-0.00211960106397096
0.875	10.5	-0.00211962873281898
1.125	10.5	-0.00211966560450608
1.375	10.5	-0.002119711661802
1.625	10.5	-0.00211976688317782
1.875	10.5	-0.00211983124281185
2.125	10.5	-0.00211990471059672
2.375	10.5	-0.0021199872521475
2.625	10.5	-0.00212007882881097
2.875	10.5	-0.00212017939767589
3.125	10.5	-0.00212028891158423
3.375	10.5	-0.00212040731914328
3.625	10.5	-0.00212053456473849
3.875	10.5	-0.00212067058854679
4.125	10.5	-0.00212081532655007
4.375	10.5	-0.00212096871054831
4.625	10.5	-0.00212113066817142
4.875	10.5	-0.00212130112288843
5.125	10.5	-0.00212147999401167
5.375	10.5	-0.00212166719669236
5.625	10.5	-0.00212186264190125
5.875	10.5	-0.00212206623638447
6.125	10.5	-0.00212227788257799
6.375	10.5	-0.00212249747845359
6.625	10.5	-0.00212272491725194
6.875	10.5	-0.00212296008702929
7.125	10.5	-0.00212320286989746
7.375	10.5	-0.00212345314075901
7.625	10.5	-0.00212371076521119
7.875	10.5	-0.00212397559608253
8.125	10.5	-0.00212424746771908
8.375	10.5	-0.00212452618656797
8.625	10.5	-0.0021248115156683
8.875	10.5	-0.00212510314911699
9.125	10.5	-0.00212540067003887
9.375	10.5	-0.00212570348141373
9.625	10.5	-0.00212601069224076
9.875	10.5	-0.00212632093021218
10.125	10.5	-0.00212663203346035
10.375	10.5	-0.00212694054332382
10.625	10.5	-0.00212724086969593
10.875	10.5	-0.00212752391761663
11.125	10.5	-0.00212777482735416
11.375	10.5	-0.00212796925575772
11.625	10.5	-0.00212806725731148
11.875	10.5	-0.00212800321557105
12.125	10.5	-0.00212766927564884
12.375	10.5	-0.00212688808298294
12.625	10.5	-0.00212536792629663
12.875	10.5	-0.00212262892834814
13.125	10.5	-0.00211788160009213
13.375	10.5	-0.00210982701991578
13.625	10.5	-0.00209632807618543
13.875	10.5	-0.00207386862250779
14.125	10.5	-0.00203666385286515
14.375	10.5	-0.00197519732347588
14.625	10.5	-0.00187381604534834
14.875	10.5	-0.0017067797480306
15.125	10.5	-0.00143177760311112
15.375	10.5	-0.000979307687691638
15.625	10.5	-0.000235329607804882
15.875	10.5	0.000986933803260804
16.125	10.5	0.00299246509108189
16.375	10.5	0.00627678006557718
16.625	10.5	0.0116383394323455
16.875	10.5	0.0203462497529738
17.125	10.5	0.0343720551661436
17.375	10.5	0.0566624747253924
17.625	10.5	0.0913376165195508
17.875	10.5	0.143502283529064
18.125	10.5	0.218088857922315
18.375	10.5	0.317173774375705
18.625	10.5	0.436396733328302
18.875	10.5	0.563570042247979
19.125	10.5	0.682797152009394
19.375	10.5	0.781888529345767
19.625	10.5	0.856481730405099
19.875	10.5	0.908651911182698
20.125	10.5	0.943331108087472
20.375	10.5	0.965624291058886
20.625	10.5	0.979651890040449
20.875	10.5	0.988360926319585
21.125	10.5	0.993723174289949
21.375	10.5	0.997007899694337
21.625	10.5	0.999013667725209
21.875	10.5	1.00023606079211
22.125	10.5	1.00098010316651
22.375	10.5	1.00143259788702
22.625	10.5	1.00170760128425
22.875	10.5	1.00187462505272
23.125	10.5	1.00197598598923
23.375	10.5	1.00203742799455
23.625	10.5	1.00207460625391
23.875	10.5	1.00209703852908
24.125	10.5	1.002110510407
24.375	10.5	1.00211853848719
24.625	10.5	1.00212326013474
24.875	10.5	1.00212597440365
25.125	10.5	1.00212747084229
25.375	10.5	1.00212822934364
25.625	10.5	1.00212854160901
25.875	10.5	1.00212858496836
26.125	10.5	1.00212846724394
26.375	10.5	1.00212825401556
26.625	10.5	1.00212798519061
26.875	10.5	1.00212768507395
27.125	10.5	1.0021273684878
27.375	10.5	1.00212704449081
27.625	10.5	1.00212671863824
27.875	10.5	1.00212639435551
28.125	10.5	1.00212607377281
28.375	10.5	1.00212575823244
28.625	10.5	1.00212544859691
28.875	10.5	1.0021251454363
29.125	10.5	1.00212484914197
29.375	10.5	1.00212455999572
29.625	10.5	1.00212427821172
29.875	10.5	1.002124003962
30.125	10.5	1.0021237373919
30.375	10.5	1.00212347862939
30.625	10.5	1.00212322779081
30.875	10.5	1.00212298498418
31.125	10.5	1.00212275031132
31.375	10.5	1.00212252386906
31.625	10.5	1.00212230574991
31.875	10.5	1.00212209604252
32.125	10.5	1.0021218948319
32.375	10.5	1.00212170219951
32.625	10.5	1.00212151822333
32.875	10.5	1.00212134297791
33.125	10.5	1.00212117653427
33.375	10.5	1.00212101895997
33.625	10.5	1.00212087031903
33.875	10.5	1.00212073067189
34.125	10.5	1.00212060007541
34.375	10.5	1.00212047858281
34.625	10.5	1.00212036624367
34.875	10.5	1.00212026310385
35.125	10.5	1.00212016920549
35.375	10.5	1.002120084587
35.625	10.5	1.002120009283
35.875	10.5	1.00211994332434
36.125	10.5	1.00211988673803
36.375	10.5	1.00211983954727
36.625	10.5	1.00211980177141
36.875	10.5	1.00211977342595
37.125	10.5	1.00211975452251
37.375	10.5	1.00211974506885
0.125	11.5	-0.00211956069323561
0.375	11.5	-0.00211956988668169
0.625	11.5	-0.00211958826919071
0.875	11.5	-0.00211961583199732
1.125	11.5	-0.00211965256195603
1.375	11.5	-0.00211969844154432
1.625	11.5	-0.00211975344886679
1.875	11.5	-0.0021198175576602
2.125	11.5	-0.00211989073729963
2.375	11.5	-0.00211997295280549
2.625	11.5	-0.00212006416485143
2.875	11.5	-0.00212016432977322
3.125	11.5	-0.00212027339957828
3.375	11.5	-0.00212039132195596
3.625	11.5	-0.00212051804028841
3.875	11.5	-0.00212065349366164
4.125	11.5	-0.00212079761687664
4.375	11.5	-0.00212095034045987
4.625	11.5	-0.00212111159067227
4.875	11.5	-0.00212128128951543
5.125	11.5	-0.00212145935473252
5.375	11.5	-0.00212164569980027
5.625	11.5	-0.00212184023390598
5.875	11.5	-0.00212204286189924
6.125	11.5	-0.00212225348420215
6.375	11.5	-0.00212247199665072
6.625	11.5	-0.00212269829022296
6.875	11.5	-0.00212293225058041
7.125	11.5	-0.00212317375730253
7.375	11.5	-0.00212342268261582
7.625	11.5	-0.00212367888929133
7.875	11.5	-0.00212394222717416
8.125	11.5	-0.00212421252746198
8.375	11.5	-0.0021244895932799
8.625	11.5	-0.00212477318416136
8.875	11.5	-0.00212506299050219
9.125	11.5	-0.00212535859151601
9.375	11.5	-0.00212565938604237
9.625	11.5	-0.00212596447868537
9.875	11.5	-0.00212627249245062
10.125	11.5	-0.00212658126043787
10.375	11.5	-0.00212688731852397
10.625	11.5	-0.00212718507058113
10.875	11.5	-0.00212746541486126
11.125	11.5	-0.0021277134837433
11.375	11.5	-0.00212790492454284
11.625	11.5	-0.00212799977967968
11.875	11.5	-0.00212793241666229
12.125	11.5	-0.00212759495818961
12.375	11.5	-0.00212681001700191
12.625	11.5	-0.00212528583239424
12.875	11.5	-0.00212254245035549
13.125	11.5	-0.00211779026025873
13.375	11.5	-0.00210973014532643
13.625	11.5	-0.00209622467779825
13.875	11.5	-0.00207375719618135
14.125	11.5	-0.00203654205197433
14.375	11.5	-0.00197506142025996
14.625	11.5	-0.00187366004495898
14.875	11.5	-0.00170659393242818
15.125	11.5	-0.00143154614102181
15.375	11.5	-0.000979004720249317
15.625	11.5	-0.000234912861165575
15.875	11.5	0.000987533377510297
16.125	11.5	0.00299335994801796
16.375	11.5	0.00627815231415417
16.625	11.5	0.0116404810430189
16.875	11.5	0.020349620943216
17.125	11.5	0.0343773607946392
17.375	11.5	0.0566707425519483
17.625	11.5	0.0913502206692848
17.875	11.5	0.143520782006079
18.125	11.5	0.218114445701282
18.375	11.5	0.317206281458436
18.625	11.5	0.436433689605149
18.875	11.5	0.563606998591895
19.125	11.5	0.682829659275118
19.375	11.5	0.781914117377724
19.625	11.5	0.856500229152778
19.875	11.5	0.908664515581403
20.125	11.5	0.943339376121405
20.375	11.5	0.965629596848874
20.625	11.5	0.979655261350813
20.875	11.5	0.988363068016893
21.125	11.5	0.993724546599809
21.375	11.5	0.997008794594204
21.625	11.5	0.999014267329528
21.875	11.5	1.00023647756003
22.125	11.5	1.00098040614934
22.375	11.5	1.00143282936062
22.625	11.5	1.00170778710884
22.875	11.5	1.00187478106049
23.125	11.5	1.00197612189881
23.375	11.5	1.00203754980118
23.625	11.5	1.00207471768558
23.875	11.5	1.00209714193256
24.125	11.5	1.00211060728652
24.375	11.5	1.00211862983183
24.625	11.5	1.00212334661745
24.875	11.5	1.00212605650219
25.125	11.5	1.00212754891283
25.375	11.5	1.00212830366556
25.625	11.5	1.0021286124123
25.875	11.5	1.00212865245027
26.125	11.5	1.00212853157932
26.375	11.5	1.00212831536323
26.625	11.5	1.0021280436973
26.875	11.5	1.00212774087688
27.125	11.5	1.00212742171629
27.375	11.5	1.00212709526739
27.625	11.5	1.00212676707944
27.875	11.5	1.00212644057236
28.125	11.5	1.00212611787135
28.375	11.5	1.00212580031399
28.625	11.5	1.00212548875843
28.875	11.5	1.00212518377058
29.125	11.5	1.0021248857379
29.375	11.5	1.0021245949385
29.625	11.5	1.00212431158303
29.875	11.5	1.0021240358402
30.125	11.5	1.0021237678522
30.375	11.5	1.00212350774403
30.625	11.5	1.00212325562919
30.875	11.5	1.00212301161304
31.125	11.5	1.00212277579485
31.375	11.5	1.00212254826906
31.625	11.5	1.00212232912593
31.875	11.5	1.00212211845196
32.125	11.5	1.00212191633015
32.375	11.5	1.00212172284006
32.625	11.5	1.0021215380579
32.875	11.5	1.00212136205653
33.125	11.5	1.00212119490541
33.375	11.5	1.00212103667063
33.625	11.5	1.00212088741484
33.875	11.5	1.0021207471972
34.125	11.5	1.0021206160734
34.375	11.5	1.00212049409558
34.625	11.5	1.00212038131228
34.875	11.5	1.00212027776847
35.125	11.5	1.00212018350545
35.375	11.5	1.00212009856088
35.625	11.5	1.00212002296871
35.875	11.5	1.00211995675918
36.125	11.5	1.0021198999588
36.375	11.5	1.00211985259031
36.625	11.5	1.00211981467271
36.875	11.5	1.0021197862212
37.125	11.5	1.00211976724718
37.375	11.5	1.00211975775826
0.125	12.5	-0.00211955047312258
0.375	12.5	-0.00211955963610629
0.625	12.5	-0.00211957795763061
0.875	12.5	-0.00211960542881012
1.125	12.5	-0.002119642036319
1.375	12.5	-0.0021196877623937
1.625	12.5	-0.00211974258483662
1.875	12.5	-0.00211980647702064
2.125	12.5	-0.00211987940789446
2.375	12.5	-0.00211996134198881
2.625	12.5	-0.00212005223942345
2.875	12.5	-0.00212015205591483
3.125	12.5	-0.00212026074278451
3.375	12.5	-0.00212037824696804
3.625	12.5	-0.00212050451102429
3.875	12.5	-0.00212063947314495
4.125	12.5	-0.00212078306716376
4.375	12.5	-0.00212093522256517
4.625	12.5	-0.00212109586449119
4.875	12.5	-0.0021212649137453
5.125	12.5	-0.00212144228679098
5.375	12.5	-0.00212162789574111
5.625	12.5	-0.00212182164833214
5.875	12.5	-0.00212202344787291
6.125	12.5	-0.00212223319315162
6.375	12.5	-0.00212245077827392
6.625	12.5	-0.00212267609238732
6.875	12.5	-0.00212290901921891
7.125	12.5	-0.00212314943630561
7.375	12.5	-0.00212339721371885
7.625	12.5	-0.00212365221195729
7.875	12.5	-0.00212391427847116
8.125	12.5	-0.00212418324193496
8.375	12.5	-0.0021244589028159
8.625	12.5	-0.00212474101784736
8.875	12.5	-0.0021250292744739
9.125	12.5	-0.00212532324879557
9.375	12.5	-0.00212562233636134
9.625	12.5	-0.0021259256382876
9.875	12.5	-0.00212623177386612
10.125	12.5	-0.00212653857221342
10.375	12.5	-0.002126842564887
10.625	12.5	-0.00212713815099879
10.875	12.5	-0.00212741622343186
11.125	12.5	-0.00212766190831716
11.375	12.5	-0.00212785084540293
11.625	12.5	-0.00212794306750299
11.875	12.5	-0.00212787292930221
12.125	12.5	-0.00212753253552233
12.375	12.5	-0.0021267444725895
12.625	12.5	-0.0021252169399096
12.875	12.5	-0.00212246992138406
13.125	12.5	-0.0021177137079006
13.375	12.5	-0.002109649024414
13.625	12.5	-0.00209613818660459
13.875	12.5	-0.00207366411472071
14.125	12.5	-0.00203644047592875
14.375	12.5	-0.00197494832318538
14.625	12.5	-0.00187353055820378
14.875	12.5	-0.00170644016163202
15.125	12.5	-0.00143135522351385
15.375	12.5	-0.000978755643503281
15.625	12.5	-0.000234571271231991
15.875	12.5	0.000988023596054019
16.125	12.5	0.00299409019013068
16.375	12.5	0.00627927058698334
16.625	12.5	0.0116422246443862
16.875	12.5	0.0203523639127278
17.125	12.5	0.0343816759976991
17.375	12.5	0.0566774652720957
17.625	12.5	0.0913604676504676
17.875	12.5	0.143535819344798
18.125	12.5	0.218135244301451
18.375	12.5	0.317232702742128
18.625	12.5	0.436463725721877
18.875	12.5	0.563637033737268
19.125	12.5	0.682856078133785
19.375	12.5	0.781934913099039
19.625	12.5	0.856515263931977
19.875	12.5	0.908674760626174
20.125	12.5	0.943346097512259
20.375	12.5	0.965633911192346
20.625	12.5	0.979658003784687
20.875	12.5	0.988364811292138
21.125	12.5	0.993725664677014
21.375	12.5	0.997009524720178
21.625	12.5	0.999014757479716
21.875	12.5	1.00023681911013
22.125	12.5	1.00098065520323
22.375	12.5	1.00143302026539
22.625	12.5	1.00170794087295
22.875	12.5	1.0018749105442
23.125	12.5	1.00197623499505
23.375	12.5	1.00203765137776
23.625	12.5	1.00207481076844
23.875	12.5	1.00209722842569
24.125	12.5	1.00211068840973
24.375	12.5	1.00211870638672
24.625	12.5	1.0021234191491
24.875	12.5	1.00212612539744
25.125	12.5	1.00212761446006
25.375	12.5	1.00212836609107
25.625	12.5	1.0021286719025
25.875	12.5	1.00212870916527
26.125	12.5	1.00212858566125
26.375	12.5	1.0021283669414
26.625	12.5	1.00212809289141
26.875	12.5	1.00212778779908
27.125	12.5	1.00212746647246
27.375	12.5	1.00212713795808
27.625	12.5	1.00212680780039
27.875	12.5	1.00212647941504
28.125	12.5	1.00212615492322
28.375	12.5	1.00212583565881
28.625	12.5	1.00212552247646
28.875	12.5	1.0021252159388
29.125	12.5	1.00212491643018
29.375	12.5	1.00212462422574
29.625	12.5	1.00212433953335
29.875	12.5	1.00212406251906
30.125	12.5	1.00212379332253
30.375	12.5	1.00212353206637
30.625	12.5	1.00212327886181
30.875	12.5	1.00212303381204
31.125	12.5	1.00212279701432
31.375	12.5	1.00212256856112
31.625	12.5	1.00212234854088
31.875	12.5	1.00212213703839
32.125	12.5	1.00212193413499
32.375	12.5	1.00212173990871
32.625	12.5	1.00212155443432
32.875	12.5	1.0021213777833
33.125	12.5	1.00212121002383
33.375	12.5	1.00212105122082
33.625	12.5	1.00212090143577
33.875	12.5	1.00212076072684
34.125	12.5	1.00212062914872
34.375	12.5	1.00212050675265
34.625	12.5	1.00212039358638
34.875	12.5	1.0021202896941
35.125	12.5	1.00212019511644
35.375	12.5	1.00212010989043
35.625	12.5	1.00212003404947
35.875	12.5	1.0021199676233
36.125	12.5	1.00211991063802
36.375	12.5	1.002119863116
36.625	12.5	1.00211982507594
36.875	12.5	1.00211979653278
37.125	12.5	1.00211977749777
37.375	12.5	1.00211976797839
0.125	13.5	-0.00211954322716715
0.375	13.5	-0.00211955236546987
0.625	13.5	-0.00211957063758691
0.875	13.5	-0.00211959803454219
1.125	13.5	-0.00211963454287367
1.375	13.5	-0.00211968014463587
1.625	13.5	-0.00211973481740324
1.875	13.5	-0.00211979853427427
2.125	13.5	-0.00211987126387646
2.375	13.5	-0.00211995297037197
2.625	13.5	-0.00212004361346402
2.875	13.5	-0.0021201431484039
3.125	13.5	-0.00212025152599864
3.375	13.5	-0.002120368692619
3.625	13.5	-0.00212049459020796
3.875	13.5	-0.00212062915628914
4.125	13.5	-0.00212077232397502
4.375	13.5	-0.00212092402197434
4.625	13.5	-0.00212108417459771
4.875	13.5	-0.00212125270176018
5.125	13.5	-0.00212142951897826
5.375	13.5	-0.0021216145373578
5.625	13.5	-0.00212180766356641
5.875	13.5	-0.00212200879978056
6.125	13.5	-0.00212221784359064
6.375	13.5	-0.00212243468783698
6.625	13.5	-0.00212265922033218
6.875	13.5	-0.00212289132339644
7.125	13.5	-0.00212313087308543
7.375	13.5	-0.00212337773791227
7.625	13.5	-0.00212363177673745
7.875	13.5	-0.00212389283529003
8.125	13.5	-0.00212416074043688
8.375	13.5	-0.00212443529074719
8.625	13.5	-0.00212471624096127
8.875	13.5	-0.00212500327643001
9.125	13.5	-0.00212529597105194
9.375	13.5	-0.00212559371805704
9.625	13.5	-0.00212589561611162
9.875	13.5	-0.00212620028190641
10.125	13.5	-0.00212650554177555
10.375	13.5	-0.00212680792426579
10.625	13.5	-0.00212710182517497
10.875	13.5	-0.0021273781336484
11.125	13.5	-0.00212762197146042
11.375	13.5	-0.00212780897306539
11.625	13.5	-0.00212789916452488
11.875	13.5	-0.0021278268914579
12.125	13.5	-0.00212748424580115
12.375	13.5	-0.00212669379516441
12.625	13.5	-0.00212516371029985
12.875	13.5	-0.00212241393035106
13.125	13.5	-0.00211765467502282
13.375	13.5	-0.00210958655466378
13.625	13.5	-0.00209607169893086
13.875	13.5	-0.00207359272453648
14.125	13.5	-0.00203636280172102
14.375	13.5	-0.00197486216828727
14.625	13.5	-0.00187343238734808
14.875	13.5	-0.00170632424060727
15.125	13.5	-0.00143121220697242
15.375	13.5	-0.000978570262096222
15.625	13.5	-0.000234318557537003
15.875	13.5	0.000988384428549614
16.125	13.5	0.00299462557398419
16.375	13.5	0.00628008810834618
16.625	13.5	0.0116434967978334
16.875	13.5	0.0203543625937338
17.125	13.5	0.0343848176297529
17.375	13.5	0.0566823570251221
17.625	13.5	0.0913679212655459
17.875	13.5	0.143546755073188
18.125	13.5	0.218150367727936
18.375	13.5	0.317251912885205
18.625	13.5	0.436485562868441
18.875	13.5	0.563658869600618
19.125	13.5	0.682875285066152
19.375	13.5	0.781950032697584
19.625	13.5	0.856526196236103
19.875	13.5	0.90868221163038
20.125	13.5	0.943350987456296
20.375	13.5	0.965637051642068
20.625	13.5	0.979660001720011
20.875	13.5	0.988366082985388
21.125	13.5	0.993726481918053
21.375	13.5	0.997010059934596
21.625	13.5	0.999015118210274
21.875	13.5	1.00023707176269
22.125	13.5	1.00098084054808
22.375	13.5	1.00143316326019
22.625	13.5	1.00170805678118
22.875	13.5	1.00187500870769
23.125	13.5	1.00197632114591
23.375	13.5	1.00203772904998
23.625	13.5	1.00207488215792
23.875	13.5	1.00209729491349
24.125	13.5	1.00211075088014
24.375	13.5	1.0021187654206
24.625	13.5	1.00212347514138
24.875	13.5	1.00212617862845
25.125	13.5	1.00212766513899
25.375	13.5	1.00212841438236
25.625	13.5	1.00212871794194
25.875	13.5	1.00212875306986
26.125	13.5	1.0021286275352
26.375	13.5	1.00212840687985
26.625	13.5	1.00212813098276
26.875	13.5	1.00212782412642
27.125	13.5	1.00212750111457
27.375	13.5	1.00212717098994
27.625	13.5	1.00212683929373
27.875	13.5	1.00212650943853
28.125	13.5	1.00212618354277
28.375	13.5	1.00212586293773
28.625	13.5	1.00212554847561
28.875	13.5	1.00212524071672
29.125	13.5	1.00212494004321
29.375	13.5	1.00212464672813
29.625	13.5	1.00212436097735
29.875	13.5	1.00212408295503
30.125	13.5	1.00212381279901
30.375	13.5	1.0021235506302
30.625	13.5	1.00212329655817
30.875	13.5	1.00212305068457
31.125	13.5	1.00212281310516
31.375	13.5	1.00212258391102
31.625	13.5	1.00212236318925
31.875	13.5	1.00212215102337
32.125	13.5	1.00212194749353
32.375	13.5	1.00212175267662
32.625	13.5	1.00212156664635
32.875	13.5	1.00212138947318
33.125	13.5	1.00212122122437
33.375	13.5	1.0021210619639
33.625	13.5	1.00212091175248
33.875	13.5	1.00212077064746
34.125	13.5	1.00212063870283
34.375	13.5	1.00212051596917
34.625	13.5	1.00212040249359
34.875	13.5	1.00212029831973
35.125	13.5	1.0021202034877
35.375	13.5	1.00212011803407
35.625	13.5	1.00212004199181
35.875	13.5	1.00211997539031
36.125	13.5	1.00211991825533
36.375	13.5	1.00211987060899
36.625	13.5	1.00211983246974
36.875	13.5	1.00211980385235
37.125	13.5	1.00211978476793
37.375	13.5	1.00211977522387
0.125	14.5	-0.00211953936451486
0.375	14.5	-0.0021195484846666
0.625	14.5	-0.00211956672045223
0.875	14.5	-0.0021195940628368
1.125	14.5	-0.00211963049826985
1.375	14.5	-0.00211967600868794
1.625	14.5	-0.00211973057151781
1.875	14.5	-0.00211979415968048
2.125	14.5	-0.00211986674159597
2.375	14.5	-0.00211994828118883
2.625	14.5	-0.00212003873789431
2.875	14.5	-0.00212013806666517
3.125	14.5	-0.00212024621797901
3.375	14.5	-0.00212036313784612
3.625	14.5	-0.00212048876781754
3.875	14.5	-0.00212062304499318
4.125	14.5	-0.00212076590202976
4.375	14.5	-0.00212091726714772
4.625	14.5	-0.00212107706413651
4.875	14.5	-0.00212124521235669
5.125	14.5	-0.00212142162673652
5.375	14.5	-0.00212160621775931
5.625	14.5	-0.00212179889143542
5.875	14.5	-0.00212199954924876
6.125	14.5	-0.00212220808806136
6.375	14.5	-0.0021224243999487
6.625	14.5	-0.00212264837192156
6.875	14.5	-0.00212287988546064
7.125	14.5	-0.00212311881574373
7.375	14.5	-0.00212336503036701
7.625	14.5	-0.00212361838723411
7.875	14.5	-0.0021238787310765
8.125	14.5	-0.00212414588772164
8.375	14.5	-0.00212441965465632
8.625	14.5	-0.00212469978549391
8.875	14.5	-0.00212498596441176
9.125	14.5	-0.0021252777640854
9.375	14.5	-0.00212557457646816
9.625	14.5	-0.00212587549888968
9.875	14.5	-0.00212617914663395
10.125	14.5	-0.0021264833445426
10.375	14.5	-0.00212678461955837
10.625	14.5	-0.00212707736572223
10.875	14.5	-0.00212735247020195
11.125	14.5	-0.00212759505246258
11.375	14.5	-0.00212778074413505
11.625	14.5	-0.0021278695676434
11.875	14.5	-0.00212779586366126
12.125	14.5	-0.0021274517170592
12.375	14.5	-0.00212665968492083
12.625	14.5	-0.00212512792180607
12.875	14.5	-0.00212237634136551
13.125	14.5	-0.00211761512252206
13.375	14.5	-0.0021095448096891
13.625	14.5	-0.00209602742518636
13.875	14.5	-0.00207354541022962
14.125	14.5	-0.00203631164735428
14.375	14.5	-0.00197480590197525
14.625	14.5	-0.00187336896099228
14.875	14.5	-0.00170625033047845
15.125	14.5	-0.00143112239390665
15.375	14.5	-0.000978455688790256
15.625	14.5	-0.000234164737526692
15.875	14.5	0.00098860116442805
16.125	14.5	0.00299494378256498
16.375	14.5	0.00628057023680765
16.625	14.5	0.0116442429739136
16.875	14.5	0.0203555306487889
17.125	14.5	0.034386649294041
17.375	14.5	0.0566852047538372
17.625	14.5	0.0913722562553118
17.875	14.5	0.143553111483866
18.125	14.5	0.218159155064224
18.375	14.5	0.317263072407983
18.625	14.5	0.436498247123492
18.875	14.5	0.563671552887869
19.125	14.5	0.68288644216587
19.375	14.5	0.781958817141468
19.625	14.5	0.856532550054889
19.875	14.5	0.908686544639587
20.125	14.5	0.943353833809182
20.375	14.5	0.965638882404467
20.625	14.5	0.979661169204366
20.875	14.5	0.988366828807952
21.125	14.5	0.993726963830272
21.375	14.5	0.997010378011838
21.625	14.5	0.999015334866667
21.875	14.5	1.00023722553466
22.125	14.5	1.00098095509237
22.375	14.5	1.00143325305572
22.625	14.5	1.00170813068073
22.875	14.5	1.00187507212771
23.125	14.5	1.00197637740847
23.375	14.5	1.0020377802022
23.625	14.5	1.00207492947108
23.875	14.5	1.00209733918672
24.125	14.5	1.00211079262501
24.375	14.5	1.00211880497326
24.625	14.5	1.0021235127307
24.875	14.5	1.0021262144174
25.125	14.5	1.00212769924976
25.375	14.5	1.00212844691168
25.625	14.5	1.00212874897034
25.875	14.5	1.00212878266735
26.125	14.5	1.00212865576473
26.375	14.5	1.00212843379944
26.625	14.5	1.00212815664677
26.875	14.5	1.00212784858642
27.125	14.5	1.00212752441978
27.375	14.5	1.00212719318765
27.625	14.5	1.00212686042943
27.875	14.5	1.00212652955613
28.125	14.5	1.00212620268469
28.375	14.5	1.00212588114498
28.625	14.5	1.00212556578785
28.875	14.5	1.00212525717236
29.125	14.5	1.00212495567942
29.375	14.5	1.0021246615809
29.625	14.5	1.00212437508157
29.875	14.5	1.00212409634448
30.125	14.5	1.00212382550645
30.375	14.5	1.00212356268738
30.625	14.5	1.00212330799589
30.875	14.5	1.0021230615327
31.125	14.5	1.00212282339271
31.375	14.5	1.00212259366616
31.625	14.5	1.00212237243935
31.875	14.5	1.00212215979501
32.125	14.5	1.00212195581259
32.375	14.5	1.00212176056828
32.625	14.5	1.00212157413513
32.875	14.5	1.00212139658297
33.125	14.5	1.00212122797848
33.375	14.5	1.0021210683851
33.625	14.5	1.00212091786299
33.875	14.5	1.00212077646903
34.125	14.5	1.00212064425676
34.375	14.5	1.00212052127631
34.625	14.5	1.00212040757443
34.875	14.5	1.00212030319437
35.125	14.5	1.00212020817594
35.375	14.5	1.00212012255538
35.625	14.5	1.00212004636541
35.875	14.5	1.0021199796352
36.125	14.5	1.00211992239027
36.375	14.5	1.00211987465257
36.625	14.5	1.00211983644041
36.875	14.5	1.00211980776845
37.125	14.5	1.00211978864769
37.375	14.5	1.00211977908547
0.125	15.5	-0.00211953918577297
0.375	15.5	-0.0021195482947874
0.625	15.5	-0.00211956650828529
0.875	15.5	-0.00211959381720538
1.125	15.5	-0.00211963020795787
1.375	15.5	-0.00211967566242692
1.625	15.5	-0.00211973015797397
1.875	15.5	-0.00211979366744191
2.125	15.5	-0.00211986615915994
2.375	15.5	-0.00211994759694927
2.625	15.5	-0.00212003794012945
2.875	15.5	-0.00212013714352542
3.125	15.5	-0.00212024515747511
3.375	15.5	-0.00212036192783747
3.625	15.5	-0.00212048739600094
3.875	15.5	-0.00212062149889186
4.125	15.5	-0.00212076416898277
4.375	15.5	-0.00212091533429982
4.625	15.5	-0.00212107491842845
4.875	15.5	-0.002121242840516
5.125	15.5	-0.00212141901526889
5.375	15.5	-0.0021216033529406
5.625	15.5	-0.00212179575930428
5.875	15.5	-0.00212199613560002
6.125	15.5	-0.00212220437844017
6.375	15.5	-0.00212242037964563
6.625	15.5	-0.0021226440259685
6.875	15.5	-0.00212287519862784
7.125	15.5	-0.00212311377253786
7.375	15.5	-0.00212335961503042
7.625	15.5	-0.00212361258374541
7.875	15.5	-0.00212387252315239
8.125	15.5	-0.00212413925882034
8.375	15.5	-0.0021244125879824
8.625	15.5	-0.00212469226400478
8.875	15.5	-0.00212497797082575
9.125	15.5	-0.00212526928089143
9.375	15.5	-0.00212556558593685
9.625	15.5	-0.00212586598308555
9.875	15.5	-0.0021261690874281
10.125	15.5	-0.00212647272362471
10.375	15.5	-0.00212677341844603
10.625	15.5	-0.00212706556576411
10.875	15.5	-0.0021273400525691
11.125	15.5	-0.00212758199811812
11.375	15.5	-0.00212776703376628
11.625	15.5	-0.00212785518152951
11.875	15.5	-0.00212778078143262
12.125	15.5	-0.00212743591727513
12.375	15.5	-0.00212664314434552
12.625	15.5	-0.00212511061418377
12.875	15.5	-0.00212235823536696
13.125	15.5	-0.00211759617832178
13.375	15.5	-0.00210952497328237
13.625	15.5	-0.00209600661897811
13.875	15.5	-0.00207352351747796
14.125	15.5	-0.00203628848649103
14.375	15.5	-0.00197478118426296
14.625	15.5	-0.00187334222077948
14.875	15.5	-0.00170622081046118
15.125	15.5	-0.00143108885668001
15.375	15.5	-0.000978416108091849
15.625	15.5	-0.000234115794299223
15.875	15.5	0.000988664899451813
16.125	15.5	0.00299503116123062
16.375	15.5	0.00628069560449861
16.625	15.5	0.0116444293416821
16.875	15.5	0.0203558142988345
17.125	15.5	0.034387085804089
17.375	15.5	0.0566858751650881
17.625	15.5	0.0913732689120241
17.875	15.5	0.143554589198915
18.125	15.5	0.218161191965373
18.375	15.5	0.317265654924431
18.625	15.5	0.436501180303802
18.875	15.5	0.563674485821866
19.125	15.5	0.6828890240654
19.375	15.5	0.781960853305665
19.625	15.5	0.856534027108851
19.875	15.5	0.90868755679044
20.125	15.5	0.943354503868425
20.375	15.5	0.965639318683282
20.625	15.5	0.979661452707718
20.875	15.5	0.988367015084567
21.125	15.5	0.993727089141982
21.375	15.5	0.997010465356326
21.625	15.5	0.999015398580861
21.875	15.5	1.00023727446518
22.125	15.5	1.00098099466527
22.375	15.5	1.00143328658814
22.625	15.5	1.00170816019775
22.875	15.5	1.00187509886602
23.125	15.5	1.00197640212496
23.375	15.5	1.00203780336226
23.625	15.5	1.00207495136329
23.875	15.5	1.00209735999255
24.125	15.5	1.00211081246113
24.375	15.5	1.00211882391724
24.625	15.5	1.0021235308365
24.875	15.5	1.00212623172483
25.125	15.5	1.00212771579015
25.375	15.5	1.00212846271127
25.625	15.5	1.00212876405236
25.875	15.5	1.00212879705324
26.125	15.5	1.00212866947485
26.375	15.5	1.0021284468535
26.625	15.5	1.00212816906409
26.875	15.5	1.00212786038602
27.125	15.5	1.0021275356205
27.375	15.5	1.00212720380813
27.625	15.5	1.00212687048815
27.875	15.5	1.00212653907141
28.125	15.5	1.00212621167466
28.375	15.5	1.00212588962756
28.625	15.5	1.00212557378078
28.875	15.5	1.00212526469314
29.125	15.5	1.00212496274534
29.375	15.5	1.00212466820901
29.625	15.5	1.00212438128865
29.875	15.5	1.00212410214709
30.125	15.5	1.00212383092086
30.375	15.5	1.00212356772962
30.625	15.5	1.00212331268171
30.875	15.5	1.0021230658776
31.125	15.5	1.00212282741192
31.375	15.5	1.00212259737465
31.625	15.5	1.00212237585182
31.875	15.5	1.00212216292593
32.125	15.5	1.00212195867615
32.375	15.5	1.00212176317846
32.625	15.5	1.00212157650564
32.875	15.5	1.00212139872732
33.125	15.5	1.00212122990994
33.375	15.5	1.00212107011672
33.625	15.5	1.00212091940764
33.875	15.5	1.00212077783937
34.125	15.5	1.00212064546526
34.375	15.5	1.00212052233529
34.625	15.5	1.00212040849602
34.875	15.5	1.00212030399057
35.125	15.5	1.00212020885859
35.375	15.5	1.00212012313621
35.625	15.5	1.00212004685603
35.875	15.5	1.00211998004711
36.125	15.5	1.00211992273489
36.375	15.5	1.00211987494123
36.625	15.5	1.00211983668439
36.875	15.5	1.00211980797895
37.125	15.5	1.0021197888359
37.375	15.5	1.00211977926255
0.125	16.5	-0.00211954287506327
0.375	16.5	-0.0021195519801661
0.625	16.5	-0.00211957018584355
0.875	16.5	-0.00211959748303995
1.125	16.5	-0.00211963385817406
1.375	16.5	-0.00211967929314174
1.625	16.5	-0.00211973376531956
1.875	16.5	-0.00211979724756929
2.125	16.5	-0.00211986970824319
2.375	16.5	-0.00211995111119015
2.625	16.5	-0.00212004141576263
2.875	16.5	-0.00212014057682428
3.125	16.5	-0.00212024854475825
3.375	16.5	-0.00212036526547611
3.625	16.5	-0.00212049068042705
3.875	16.5	-0.00212062472660742
4.125	16.5	-0.00212076733656999
4.375	16.5	-0.00212091843843257
4.625	16.5	-0.00212107795588496
4.875	16.5	-0.00212124580819299
5.125	16.5	-0.00212142191019717
5.375	16.5	-0.00212160617230229
5.625	16.5	-0.00212179850045186
5.875	16.5	-0.00212199879607725
6.125	16.5	-0.00212220695600509
6.375	16.5	-0.00212242287229579
6.625	16.5	-0.00212264643196857
6.875	16.5	-0.00212287751653981
7.125	16.5	-0.00212311600125403
7.375	16.5	-0.00212336175380936
7.625	16.5	-0.00212361463225116
7.875	16.5	-0.00212387448149721
8.125	16.5	-0.00212414112761116
8.375	16.5	-0.00212441436837151
8.625	16.5	-0.00212469395774509
8.875	16.5	-0.00212497958033121
9.125	16.5	-0.00212527080930335
9.375	16.5	-0.00212556703719721
9.625	16.5	-0.00212586736201887
9.875	16.5	-0.00212617039983422
10.125	16.5	-0.00212647397638612
10.375	16.5	-0.00212677461965572
10.625	16.5	-0.00212706672488322
10.875	16.5	-0.00212734118062961
11.125	16.5	-0.00212758310799538
11.375	16.5	-0.00212776814056181
11.625	16.5	-0.00212785630313062
11.875	16.5	-0.0021277819393578
12.125	16.5	-0.00212743713798463
12.375	16.5	-0.00212664446131216
12.625	16.5	-0.0021251120712094
12.875	16.5	-0.00212235989194398
13.125	16.5	-0.00211759811835548
13.375	16.5	-0.00210952731934041
13.625	16.5	-0.00209600955563315
13.875	16.5	-0.00207352732961204
14.125	16.5	-0.00203629362221501
14.375	16.5	-0.00197478835831789
14.625	16.5	-0.00187335258446546
14.875	16.5	-0.00170623623075778
15.125	16.5	-0.00143111237419726
15.375	16.5	-0.000978452686859763
15.625	16.5	-0.00023417354498771
15.875	16.5	0.000988572735934719
16.125	16.5	0.0029948830294881
16.375	16.5	0.0062804566099925
16.625	16.5	0.011644043554099
16.875	16.5	0.020355193576597
17.125	16.5	0.0343860951734178
17.375	16.5	0.0566843178459312
17.625	16.5	0.0913708818410615
17.875	16.5	0.143551074159487
18.125	16.5	0.218156320309114
18.375	16.5	0.3172594593592
18.625	16.5	0.436494133783128
18.875	16.5	0.563667439880301
19.125	16.5	0.682882829949943
19.375	16.5	0.781955983379682
19.625	16.5	0.856530513619479
19.875	16.5	0.908685170903434
20.125	16.5	0.943352947371246
20.375	16.5	0.965638328591009
20.625	16.5	0.979660832325799
20.875	16.5	0.988366629507477
21.125	16.5	0.993726850275968
21.375	16.5	0.9970103173024
21.625	16.5	0.999015306464246
21.875	16.5	1.00023721674267
22.125	16.5	1.00098095810338
22.375	16.5	1.00143326308068
22.625	16.5	1.00170814478339
22.875	16.5	1.00187508850577
23.125	16.5	1.00197639495281
23.375	16.5	1.00203779822748
23.625	16.5	1.0020749475515
23.875	16.5	1.00209735705585
24.125	16.5	1.00211081011476
24.375	16.5	1.00211882197671
24.625	16.5	1.00212352917929
24.875	16.5	1.00212623026707
25.125	16.5	1.00212771447236
25.375	16.5	1.00212846148966
25.625	16.5	1.00212876289347
25.875	16.5	1.00212879593061
26.125	16.5	1.00212866836697
26.375	16.5	1.00212844574249
26.625	16.5	1.00212816793484
26.875	16.5	1.00212785922567
27.125	16.5	1.00212753441801
27.375	16.5	1.00212720255404
27.625	16.5	1.00212686917437
27.875	16.5	1.00212653769106
28.125	16.5	1.00212621022193
28.375	16.5	1.00212588809765
28.625	16.5	1.00212557216973
28.875	16.5	1.00212526299782
29.125	16.5	1.00212496096333
29.375	16.5	1.00212466633856
29.625	16.5	1.00212437932861
29.875	16.5	1.00212410009684
30.125	16.5	1.00212382878031
30.375	16.5	1.00212356549909
30.625	16.5	1.00212331036195
30.875	16.5	1.00212306346973
31.125	16.5	1.00212282491737
31.375	16.5	1.00212259479515
31.625	16.5	1.00212237318938
31.875	16.5	1.00212216018279
32.125	16.5	1.00212195585477
32.375	16.5	1.00212176028149
32.625	16.5	1.0021215735359
32.875	16.5	1.00212139568778
33.125	16.5	1.0021212268037
33.375	16.5	1.002121066947
33.625	16.5	1.00212091617777
33.875	16.5	1.00212077455277
34.125	16.5	1.00212064212543
34.375	16.5	1.0021205189458
34.625	16.5	1.0021204050605
34.875	16.5	1.0021203005127
35.125	16.5	1.00212020534209
35.375	16.5	1.00212011958486
35.625	16.5	1.00212004327363
35.875	16.5	1.00211997643747
36.125	16.5	1.00211991910188
36.375	16.5	1.00211987128872
36.625	16.5	1.00211983301625
36.875	16.5	1.00211980429909
37.125	16.5	1.00211978514821
37.375	16.5	1.00211977557095
0.125	17.5	-0.00211955049660703
0.375	17.5	-0.0021195596049708
0.625	17.5	-0.00211957781718768
0.875	17.5	-0.00211960512423724
1.125	17.5	-0.00211964151259132
1.375	17.5	-0.00211968696421706
1.625	17.5	-0.00211974145658093
1.875	17.5	-0.00211980496265373
2.125	17.5	-0.00211987745091655
2.375	17.5	-0.00211995888536764
2.625	17.5	-0.00212004922553023
2.875	17.5	-0.00212014842646118
3.125	17.5	-0.00212025643876037
3.375	17.5	-0.00212037320858088
3.625	17.5	-0.00212049867763961
3.875	17.5	-0.00212063278322831
4.125	17.5	-0.00212077545822453
4.375	17.5	-0.00212092663110208
4.625	17.5	-0.00212108622593997
4.875	17.5	-0.00212125416242861
5.125	17.5	-0.00212143035587083
5.375	17.5	-0.002121614717174
5.625	17.5	-0.0021218071528272
5.875	17.5	-0.00212200756485336
6.125	17.5	-0.00212221585071979
6.375	17.5	-0.00212243190318017
6.625	17.5	-0.00212265561000321
6.875	17.5	-0.00212288685351501
7.125	17.5	-0.00212312550983429
7.375	17.5	-0.00212337144760244
7.625	17.5	-0.00212362452588214
7.875	17.5	-0.00212388459068789
8.125	17.5	-0.0021241514692654
8.375	17.5	-0.00212442496066709
8.625	17.5	-0.00212470482023285
8.875	17.5	-0.00212499073404261
9.125	17.5	-0.00212528227686791
9.375	17.5	-0.00212557884297215
9.625	17.5	-0.00212587953223428
9.875	17.5	-0.00212618296275913
10.125	17.5	-0.00212648696252396
10.375	17.5	-0.00212678806198265
10.625	17.5	-0.00212708065915146
10.875	17.5	-0.00212735564577167
11.125	17.5	-0.00212759814668784
11.375	17.5	-0.00212778380004522
11.625	17.5	-0.00212787263644361
11.875	17.5	-0.00212779900724599
12.125	17.5	-0.00212745501191256
12.375	17.5	-0.00212666322828347
12.625	17.5	-0.00212513184155631
12.875	17.5	-0.00212238081199777
13.125	17.5	-0.00211762039114607
13.375	17.5	-0.00210955123850842
13.625	17.5	-0.00209603556108784
13.875	17.5	-0.00207355609897939
14.125	17.5	-0.00203632622117893
14.375	17.5	-0.00197482648782816
14.625	17.5	-0.00187339898714793
14.875	17.5	-0.00170629535863268
15.125	17.5	-0.00143119148436807
15.375	17.5	-0.000978563635616754
15.625	17.5	-0.000234335714886058
15.875	17.5	0.000988327689371295
16.125	17.5	0.00299450355794011
16.375	17.5	0.00627985924867867
16.625	17.5	0.011643094504725
16.875	17.5	0.020353681966786
17.125	17.5	0.0343836980734274
17.375	17.5	0.0566805644427169
17.625	17.5	0.0913651427310992
17.875	17.5	0.143542635837243
18.125	17.5	0.218144635728824
18.375	17.5	0.317244606807114
18.625	17.5	0.436477244901829
18.875	17.5	0.563650552177199
19.125	17.5	0.682867980346317
19.375	17.5	0.78194430231581
19.625	17.5	0.85652207844422
19.875	17.5	0.908679434194181
20.125	17.5	0.943349195632341
20.375	17.5	0.965635932579404
20.625	17.5	0.979659321402789
20.875	17.5	0.988365680882167
21.125	17.5	0.993726253173075
21.375	17.5	0.997009937987104
21.625	17.5	0.999015061511722
21.875	17.5	1.0002370546292
22.125	17.5	1.00098084718839
22.375	17.5	1.00143318399062
22.625	17.5	1.00170808566739
22.875	17.5	1.00187504210996
23.125	17.5	1.00197635682711
23.375	17.5	1.00203776563043
23.625	17.5	1.00207491878285
23.875	17.5	1.00209733105033
24.125	17.5	1.00211078619501
24.375	17.5	1.00211879970298
24.625	17.5	1.00212350825803
24.875	17.5	1.00212621049532
25.125	17.5	1.00212769570384
25.375	17.5	1.00212844361405
25.625	17.5	1.0021287458238
25.875	17.5	1.00212877959542
26.125	17.5	1.00212865270553
26.375	17.5	1.00212843070176
26.625	17.5	1.0021281534676
26.875	17.5	1.00212784528924
27.125	17.5	1.00212752097347
27.375	17.5	1.00212718956564
27.625	17.5	1.00212685660914
27.875	17.5	1.0021265255185
28.125	17.5	1.00212619841378
28.375	17.5	1.00212587662766
28.625	17.5	1.00212556101356
28.875	17.5	1.00212525213284
29.125	17.5	1.00212495036851
29.375	17.5	1.00212465599435
29.625	17.5	1.00212436921683
29.875	17.5	1.0021240902006
30.125	17.5	1.00212381908388
30.375	17.5	1.00212355598786
30.625	17.5	1.0021233010223
30.875	17.5	1.00212305428899
31.125	17.5	1.00212281588376
31.375	17.5	1.00212258589769
31.625	17.5	1.00212236441784
31.875	17.5	1.00212215152763
32.125	17.5	1.0021219473071
32.375	17.5	1.00212175183299
32.625	17.5	1.00212156517882
32.875	17.5	1.00212138741486
33.125	17.5	1.00212121860815
33.375	17.5	1.00212105882246
33.625	17.5	1.00212090811824
33.875	17.5	1.00212076655264
34.125	17.5	1.00212063417939
34.375	17.5	1.00212051104885
34.625	17.5	1.0021203972079
34.875	17.5	1.00212029269996
35.125	17.5	1.00212019756494
35.375	17.5	1.0021201118392
35.625	17.5	1.00212003555555
35.875	17.5	1.00211996874322
36.125	17.5	1.0021199114278
36.375	17.5	1.00211986363129
36.625	17.5	1.00211982537204
36.875	17.5	1.00211979666473
37.125	17.5	1.0021197775204
37.375	17.5	1.00211976794639
0.125	18.5	-0.00211956199572949
0.375	18.5	-0.00211957111422729
0.625	18.5	-0.00211958934674279
0.875	18.5	-0.00211961668431691
1.125	18.5	-0.00211965311351377
1.375	18.5	-0.00211969861642426
1.625	18.5	-0.00211975317067052
1.875	18.5	-0.00211981674941167
2.125	18.5	-0.00211988932135061
2.375	18.5	-0.00211997085074185
2.625	18.5	-0.0021200612974005
2.875	18.5	-0.00212016061671217
3.125	18.5	-0.00212026875964385
3.375	18.5	-0.00212038567275564
3.625	18.5	-0.00212051129821328
3.875	18.5	-0.00212064557380103
4.125	18.5	-0.00212078843293488
4.375	18.5	-0.0021209398046753
4.625	18.5	-0.00212109961373883
4.875	18.5	-0.002121267780507
5.125	18.5	-0.00212144422103038
5.375	18.5	-0.00212162884702401
5.625	18.5	-0.00212182156584806
5.875	18.5	-0.00212202228046374
6.125	18.5	-0.00212223088934796
6.375	18.5	-0.00212244728633962
6.625	18.5	-0.00212267136037311
6.875	18.5	-0.00212290299502564
7.125	18.5	-0.00212314206775798
7.375	18.5	-0.00212338844865037
7.625	18.5	-0.00212364199830754
7.875	18.5	-0.00212390256439615
8.125	18.5	-0.00212416997593185
8.375	18.5	-0.00212444403386313
8.625	18.5	-0.00212472449556179
8.875	18.5	-0.00212501104928655
9.125	18.5	-0.00212530327214804
9.375	18.5	-0.00212560056092573
9.625	18.5	-0.0021259020182135
9.875	18.5	-0.00212620626505994
10.125	18.5	-0.00212651113265786
10.375	18.5	-0.00212681315501236
10.625	18.5	-0.00212710673412452
10.875	18.5	-0.00212738276630752
11.125	18.5	-0.00212762638180963
11.375	18.5	-0.00212781322540571
11.625	18.5	-0.00212790333619113
11.875	18.5	-0.00212783107693473
12.125	18.5	-0.00212748856312269
12.375	18.5	-0.00212669839604668
12.625	18.5	-0.00212516879639073
12.875	18.5	-0.00212241977952298
13.125	18.5	-0.00211766168416981
13.375	18.5	-0.00210959530963961
13.625	18.5	-0.00209608308913602
13.875	18.5	-0.00207360813096381
14.125	18.5	-0.00203638440584572
14.375	18.5	-0.00197489345968047
14.625	18.5	-0.00187347899784438
14.875	18.5	-0.00170639531440101
15.125	18.5	-0.00143132264837707
15.375	18.5	-0.000978744415483793
15.625	18.5	-0.00023459621045613
15.875	18.5	0.000987938311217457
16.125	18.5	0.00299390522481743
16.375	18.5	0.00627892230263669
16.625	18.5	0.0116416110899696
16.875	18.5	0.0203513244869689
17.125	18.5	0.0343799648442335
17.375	18.5	0.0566747240352447
17.625	18.5	0.0913562173344477
17.875	18.5	0.143529516963963
18.125	18.5	0.218126473439166
18.375	18.5	0.317221522558675
18.625	18.5	0.436450996564812
18.875	18.5	0.563624305088169
19.125	18.5	0.682844899216954
19.375	18.5	0.781926143736786
19.625	18.5	0.856508962879926
19.875	18.5	0.908670511310479
20.125	18.5	0.943343356957719
20.375	18.5	0.965632200476551
20.625	18.5	0.97965696462893
20.875	18.5	0.988364197900078
21.125	18.5	0.993725316488559
21.375	18.5	0.997009339810694
21.625	18.5	0.999014672226925
21.875	18.5	1.00023679418896
22.125	18.5	1.00098066644112
22.375	18.5	1.00143305284561
22.625	18.5	1.00170798572245
22.875	18.5	1.00187496210516
23.125	18.5	1.00197628985814
23.375	18.5	1.00203770744677
23.625	18.5	1.00207486675068
23.875	18.5	1.00209728352131
24.125	18.5	1.00211074212238
24.375	18.5	1.00211875840808
24.625	18.5	1.00212346928836
24.875	18.5	1.00212617353813
25.125	18.5	1.00212766053355
25.375	18.5	1.00212841006018
25.625	18.5	1.00212871375133
25.875	18.5	1.00212874889279
26.125	18.5	1.0021286232772
26.375	18.5	1.00212840246361
26.625	18.5	1.00212812634397
26.875	18.5	1.00212781921112
27.125	18.5	1.00212749587724
27.375	18.5	1.00212716539226
27.625	18.5	1.00212683330355
27.875	18.5	1.00212650302919
28.125	18.5	1.00212617669246
28.375	18.5	1.00212585562899
28.625	18.5	1.0021255406949
28.875	18.5	1.00212523245407
29.125	18.5	1.00212493129185
29.375	18.5	1.0021246374842
29.625	18.5	1.00212435123963
29.875	18.5	1.00212407272466
30.125	18.5	1.00212380207931
30.375	18.5	1.00212353942639
30.625	18.5	1.00212328487723
30.875	18.5	1.00212303853505
31.125	18.5	1.00212280049701
31.375	18.5	1.00212257085546
31.625	18.5	1.00212234969862
31.875	18.5	1.00212213711099
32.125	18.5	1.00212193317362
32.375	18.5	1.00212173796419
32.625	18.5	1.00212155155709
32.875	18.5	1.0021213740234
33.125	18.5	1.0021212054309
33.375	18.5	1.00212104584406
33.625	18.5	1.00212089532398
33.875	18.5	1.00212075392837
34.125	18.5	1.00212062171151
34.375	18.5	1.00212049872425
34.625	18.5	1.00212038501393
34.875	18.5	1.00212028062436
35.125	18.5	1.00212018559583
35.375	18.5	1.00212009996503
35.625	18.5	1.00212002376505
35.875	18.5	1.00211995702538
36.125	18.5	1.00211989977184
36.375	18.5	1.00211985202662
36.625	18.5	1.0021198138082
36.875	18.5	1.00211978513142
37.125	18.5	1.00211976600738
37.375	18.5	1.0021197564435
0.125	19.5	-0.00211957720396443
0.375	19.5	-0.00211958633895334
0.625	19.5	-0.00211960460449242
0.875	19.5	-0.00211963199170538
1.125	19.5	-0.002119668487281
1.375	19.5	-0.00211971407347708
1.625	19.5	-0.0021197687281256
1.875	19.5	-0.00211983242463924
2.125	19.5	-0.00211990513201914
2.375	19.5	-0.00211998681486392
2.625	19.5	-0.00212007743337989
2.875	19.5	-0.00212017694339252
3.125	19.5	-0.00212028529635899
3.375	19.5	-0.00212040243938179
3.625	19.5	-0.00212052831522331
3.875	19.5	-0.00212066286232102
4.125	19.5	-0.0021208060148032
4.375	19.5	-0.00212095770250439
4.625	19.5	-0.00212111785097996
4.875	19.5	-0.0021212863815183
5.125	19.5	-0.00212146321114828
5.375	19.5	-0.0021216482526385
5.625	19.5	-0.00212184141448199
5.875	19.5	-0.0021220426008565
6.125	19.5	-0.00212225171154383
6.375	19.5	-0.00212246864178126
6.625	19.5	-0.00212269328200038
6.875	19.5	-0.00212292551738033
7.125	19.5	-0.0021231652270948
7.375	19.5	-0.00212341228305479
7.625	19.5	-0.00212366654782092
7.875	19.5	-0.00212392787114894
8.125	19.5	-0.00212419608428562
8.375	19.5	-0.0021244709905625
8.625	19.5	-0.00212475234989764
8.875	19.5	-0.00212503985327244
9.125	19.5	-0.00212533308071276
9.375	19.5	-0.00212563143212623
9.625	19.5	-0.00212593401347501
9.875	19.5	-0.00212623944945388
10.125	19.5	-0.00212654557523456
10.375	19.5	-0.00212684892921636
10.625	19.5	-0.00212714391833735
10.875	19.5	-0.00212742144459171
11.125	19.5	-0.00212766664497459
11.375	19.5	-0.0021278551725938
11.625	19.5	-0.00212794707730984
11.875	19.5	-0.00212787673647143
12.125	19.5	-0.0021275362862246
12.375	19.5	-0.00212674835831945
12.625	19.5	-0.00212522121980895
12.875	19.5	-0.00212247495839325
13.125	19.5	-0.0021177200276358
13.375	19.5	-0.00210965741141395
13.625	19.5	-0.00209614984204864
13.875	19.5	-0.00207368091527466
14.125	19.5	-0.00203646539893911
14.375	19.5	-0.00197498614540369
14.625	19.5	-0.00187358900395419
14.875	19.5	-0.00170653178853051
15.125	19.5	-0.00143150051594684
15.375	19.5	-0.000978988076800468
15.625	19.5	-0.000234945572344154
15.875	19.5	0.000987418054588134
16.125	19.5	0.00299310789157085
16.375	19.5	0.00627767594999082
16.625	19.5	0.0116396400698738
16.875	19.5	0.020348194354797
17.125	19.5	0.0343750102869494
17.375	19.5	0.0566669750611369
17.625	19.5	0.091344377197752
17.875	19.5	0.143512115570305
18.125	19.5	0.218102383445443
18.375	19.5	0.317190904672838
18.625	19.5	0.436416181591731
18.875	19.5	0.563589490676753
19.125	19.5	0.682814282723665
19.375	19.5	0.78190205537395
19.625	19.5	0.856491562907695
19.875	19.5	0.908658672221517
20.125	19.5	0.943335608680025
20.375	19.5	0.965627246352494
20.625	19.5	0.979653834754636
20.875	19.5	0.988362227028757
21.125	19.5	0.993724070219641
21.375	19.5	0.997008542523462
21.625	19.5	0.999014151994853
21.875	19.5	1.00023644483958
22.125	19.5	1.00098042278558
22.375	19.5	1.00143287498006
22.625	19.5	1.00170784924823
22.875	19.5	1.00187485209774
23.125	19.5	1.00197619717037
23.375	19.5	1.00203762645116
23.625	19.5	1.00207479396353
23.875	19.5	1.00209721676532
24.125	19.5	1.00211068001733
24.375	19.5	1.00211870006117
24.625	19.5	1.0021234141059
24.875	19.5	1.002126121111
25.125	19.5	1.00212761056745
25.375	19.5	1.00212836233316
25.625	19.5	1.00212866808779
25.875	19.5	1.0021287051476
26.125	19.5	1.00212858132588
26.375	19.5	1.00212836219625
26.625	19.5	1.00212808766145
26.875	19.5	1.00212778202263
27.125	19.5	1.00212746009872
27.375	19.5	1.00212713094534
27.625	19.5	1.0021268001148
27.875	19.5	1.00212647102955
28.125	19.5	1.00212614581687
28.375	19.5	1.00212582581602
28.625	19.5	1.0021255118865
28.875	19.5	1.00212520459531
29.125	19.5	1.00212490433072
29.375	19.5	1.00212461137141
29.625	19.5	1.00212432592843
29.875	19.5	1.00212404817069
30.125	19.5	1.00212377824044
30.375	19.5	1.00212351626258
30.625	19.5	1.0021232623504
30.875	19.5	1.00212301660894
31.125	19.5	1.00212277913709
31.375	19.5	1.00212255002879
31.625	19.5	1.00212232937374
31.875	19.5	1.00212211725787
32.125	19.5	1.00212191376352
32.375	19.5	1.00212171896959
32.625	19.5	1.00212153295159
32.875	19.5	1.00212135578167
33.125	19.5	1.00212118752859
33.375	19.5	1.00212102825771
33.625	19.5	1.00212087803097
33.875	19.5	1.00212073690686
34.125	19.5	1.00212060494039
34.375	19.5	1.00212048218303
34.625	19.5	1.00212036868274
34.875	19.5	1.00212026448388
35.125	19.5	1.0021201696272
35.375	19.5	1.00212008414985
35.625	19.5	1.00212000808532
35.875	19.5	1.00211994146342
36.125	19.5	1.00211988431029
36.375	19.5	1.00211983664835
36.625	19.5	1.00211979849631
36.875	19.5	1.00211976986917
37.125	19.5	1.00211975077815
37.375	19.5	1.00211974123077
0.125	20.5	-0.00211959584775547
0.375	20.5	-0.00211960500489863
0.625	20.5	-0.00211962331479564
0.875	20.5	-0.00211965076866922
1.125	20.5	-0.00211968735335712
1.375	20.5	-0.00211973305131653
1.625	20.5	-0.00211978784062995
1.875	20.5	-0.00211985169501259
2.125	20.5	-0.00211992458382111
2.375	20.5	-0.00212000647206388
2.625	20.5	-0.00212009732041265
2.875	20.5	-0.00212019708521556
3.125	20.5	-0.00212030571851151
3.375	20.5	-0.00212042316804576
3.625	20.5	-0.00212054937728675
3.875	20.5	-0.00212068428544376
4.125	20.5	-0.00212082782748521
4.375	20.5	-0.00212097993415715
4.625	20.5	-0.00212114053200094
4.875	20.5	-0.00212130954336888
5.125	20.5	-0.00212148688643543
5.375	20.5	-0.00212167247520041
5.625	20.5	-0.00212186621947812
5.875	20.5	-0.00212206802486221
6.125	20.5	-0.00212227779265007
6.375	20.5	-0.00212249541969963
6.625	20.5	-0.00212272079817401
6.875	20.5	-0.00212295381510093
7.125	20.5	-0.00212319435162651
7.375	20.5	-0.00212344228176519
7.625	20.5	-0.00212369747032001
7.875	20.5	-0.00212395976943663
8.125	20.5	-0.00212422901290883
8.375	20.5	-0.0021245050067829
8.625	20.5	-0.00212478751387171
8.875	20.5	-0.00212507622824613
9.125	20.5	-0.00212537073323411
9.375	20.5	-0.00212567043228113
9.625	20.5	-0.00212597443515412
9.875	20.5	-0.00212628137066358
10.125	20.5	-0.0021265890784726
10.375	20.5	-0.00212689410194566
10.625	20.5	-0.00212719085361267
10.875	20.5	-0.00212747024192851
11.125	20.5	-0.00212771741160692
11.375	20.5	-0.00212790802536222
11.625	20.5	-0.00212800214557584
11.875	20.5	-0.00212793416671046
12.125	20.5	-0.00212759624937149
12.375	20.5	-0.00212681106163389
12.625	20.5	-0.00212528692617152
12.875	20.5	-0.00212254401782503
13.125	20.5	-0.00211779292893355
13.375	20.5	-0.0021097348668948
13.625	20.5	-0.00209623292679463
13.875	20.5	-0.00207377129607837
14.125	20.5	-0.00203656571085107
14.375	20.5	-0.00197510061104245
14.625	20.5	-0.00187372445177328
14.875	20.5	-0.00170669932586527
15.125	20.5	-0.00143171827436577
15.375	20.5	-0.00097928570721681
15.625	20.5	-0.000235371578348753
15.875	20.5	0.000986784425435659
16.125	20.5	0.00299213756018625
16.375	20.5	0.00627615988879735
16.625	20.5	0.0116372431745664
16.875	20.5	0.0203443884718291
17.125	20.5	0.0343689865982153
17.375	20.5	0.0566575543508057
17.625	20.5	0.0913299829948366
17.875	20.5	0.143490960579995
18.125	20.5	0.218073096854219
18.375	20.5	0.317153681269023
18.625	20.5	0.436373854275155
18.875	20.5	0.563547162363348
19.125	20.5	0.682777056797521
19.375	20.5	0.781872765710841
19.625	20.5	0.856470405087078
19.875	20.5	0.908644275781538
20.125	20.5	0.943326186355132
20.375	20.5	0.965621221560684
20.625	20.5	0.97965002814263
20.875	20.5	0.988359829661086
21.125	20.5	0.993722553855855
21.375	20.5	0.997007571999318
21.625	20.5	0.999013518243024
21.875	20.5	1.00023601875521
22.125	20.5	1.00098012510464
22.375	20.5	1.00143265718851
22.625	20.5	1.00170768168859
22.875	20.5	1.00187471663431
23.125	20.5	1.00197608269324
23.375	20.5	1.00203752613027
23.625	20.5	1.00207470357526
23.875	20.5	1.00209713367401
24.125	20.5	1.00211060255581
24.375	20.5	1.00211862715413
24.625	20.5	1.00212334504089
24.875	20.5	1.00212605539913
25.125	20.5	1.00212754785866
25.375	20.5	1.00212830236454
25.625	20.5	1.00212861065208
25.875	20.5	1.00212865007385
26.125	20.5	1.00212852846762
26.375	20.5	1.00212831142411
26.625	20.5	1.0021280388586
26.875	20.5	1.00212773508183
27.125	20.5	1.00212741492047
27.375	20.5	1.00212708743659
27.625	20.5	1.00212675818807
27.875	20.5	1.00212643060236
28.125	20.5	1.00212610681121
28.375	20.5	1.002125788158
28.625	20.5	1.00212547550604
28.875	20.5	1.00212516942586
29.125	20.5	1.00212487030903
29.375	20.5	1.00212457843732
29.625	20.5	1.00212429402469
29.875	20.5	1.00212401724276
30.125	20.5	1.0021237482363
30.375	20.5	1.00212348713263
30.625	20.5	1.00212323404727
30.875	20.5	1.00212298908738
31.125	20.5	1.00212275235379
31.375	20.5	1.00212252394231
31.625	20.5	1.00212230394437
31.875	20.5	1.00212209244752
32.125	20.5	1.00212188953561
32.375	20.5	1.00212169528896
32.625	20.5	1.0021215097844
32.875	20.5	1.00212133309532
33.125	20.5	1.00212116529161
33.375	20.5	1.0021210064397
33.625	20.5	1.00212085660253
33.875	20.5	1.00212071583949
34.125	20.5	1.00212058420642
34.375	20.5	1.00212046175559
34.625	20.5	1.00212034853563
34.875	20.5	1.00212024459156
35.125	20.5	1.00212014996472
35.375	20.5	1.00212006469277
35.625	20.5	1.00211998880967
35.875	20.5	1.00211992234564
36.125	20.5	1.00211986532718
36.375	20.5	1.002119817777
36.625	20.5	1.00211977971408
36.875	20.5	1.0021197511536
37.125	20.5	1.00211973210694
37.375	20.5	1.00211972258171
0.125	21.5	-0.00211961756010621
0.375	21.5	-0.00211962674423942
0.625	21.5	-0.00211964510817121
0.875	21.5	-0.00211967264323384
1.125	21.5	-0.00211970933642976
1.375	21.5	-0.00211975517043655
1.625	21.5	-0.00211981012361352
1.875	21.5	-0.00211987417000988
2.125	21.5	-0.00211994727937461
2.375	21.5	-0.00212002941716788
2.625	21.5	-0.00212012054457415
2.875	21.5	-0.00212022061851678
3.125	21.5	-0.00212032959167418
3.375	21.5	-0.00212044741249749
3.625	21.5	-0.0021205740252295
3.875	21.5	-0.00212070936992484
4.125	21.5	-0.00212085338247097
4.375	21.5	-0.0021210059946095
4.625	21.5	-0.00212116713395712
4.875	21.5	-0.00212133672402457
5.125	21.5	-0.00212151468423169
5.375	21.5	-0.00212170092991455
5.625	21.5	-0.00212189537231888
5.875	21.5	-0.00212209791856962
6.125	21.5	-0.0021223084716003
6.375	21.5	-0.00212252693001517
6.625	21.5	-0.00212275318783968
6.875	21.5	-0.00212298713408605
7.125	21.5	-0.00212322865201379
7.375	21.5	-0.00212347761788686
7.625	21.5	-0.0021237338989018
7.875	21.5	-0.00212399734975045
8.125	21.5	-0.00212426780693495
8.375	21.5	-0.00212454507938311
8.625	21.5	-0.00212482893297497
8.875	21.5	-0.00212511906504947
9.125	21.5	-0.00212541506242234
9.375	21.5	-0.00212571633227127
9.625	21.5	-0.00212602198837372
9.875	21.5	-0.00212633066387753
10.125	21.5	-0.00212664020318192
10.375	21.5	-0.00212694715489678
10.625	21.5	-0.00212724593747967
10.875	21.5	-0.00212752746627107
11.125	21.5	-0.00212777689427225
11.375	21.5	-0.00212796989460775
11.625	21.5	-0.00212806654336779
11.875	21.5	-0.00212800125394733
12.125	21.5	-0.00212766621426538
12.375	21.5	-0.00212688413327947
12.625	21.5	-0.00212536339664519
12.875	21.5	-0.0021226242783178
13.125	21.5	-0.00211787752897964
13.375	21.5	-0.00210982461161556
13.625	21.5	-0.00209632903671676
13.875	21.5	-0.00207387566994015
14.125	21.5	-0.00203668135786765
14.375	21.5	-0.00197523236187165
14.625	21.5	-0.00187388012747843
14.875	21.5	-0.0017068916585234
15.125	21.5	-0.00143196805855938
15.375	21.5	-0.000979626959967944
15.625	21.5	-0.000235859956744928
15.875	21.5	0.00098605797520867
16.125	21.5	0.00299102489454595
16.375	21.5	0.00627442110016921
16.625	21.5	0.0116344936492099
16.875	21.5	0.0203400220254167
17.125	21.5	0.0343620749190893
17.375	21.5	0.0566467440059625
17.625	21.5	0.0913134645754932
17.875	21.5	0.143466682588801
18.125	21.5	0.218039485530393
18.375	21.5	0.317110959377178
18.625	21.5	0.436325272356004
18.875	21.5	0.563498577027139
19.125	21.5	0.682734326306267
19.375	21.5	0.781839144020626
19.625	21.5	0.856446117677826
19.875	21.5	0.908627750042419
20.125	21.5	0.943315370825422
20.375	21.5	0.965614306409111
20.625	21.5	0.979645659447982
20.875	21.5	0.988357078709174
21.125	21.5	0.99372081417248
21.375	21.5	0.997006458775817
21.625	21.5	0.999012791445611
21.875	21.5	1.00023553016035
22.125	21.5	1.00097978371615
22.375	21.5	1.00143240731828
22.625	21.5	1.00170748930043
22.875	21.5	1.00187456092184
23.125	21.5	1.00197595091714
23.375	21.5	1.00203741046502
23.625	21.5	1.00207459918748
23.875	21.5	1.00209703755281
24.125	21.5	1.00211051280143
24.375	21.5	1.00211854254543
24.625	21.5	1.00212326477236
24.875	21.5	1.00212597892101
25.125	21.5	1.00212747477961
25.375	21.5	1.00212823239241
25.625	21.5	1.00212854355771
25.875	21.5	1.00212858566901
26.125	21.5	1.00212846659138
26.375	21.5	1.00212825193451
26.625	21.5	1.00212798162737
26.875	21.5	1.00212767999112
27.125	21.5	1.00212736186072
27.375	21.5	1.00212703630511
27.625	21.5	1.00212670888813
27.875	21.5	1.00212638304245
28.125	21.5	1.00212606090456
28.375	21.5	1.00212574382219
28.625	21.5	1.00212543266265
28.875	21.5	1.0021251280002
29.125	21.5	1.00212483022991
29.375	21.5	1.00212453963681
29.625	21.5	1.00212425643792
29.875	21.5	1.00212398080775
30.125	21.5	1.00212371289378
30.375	21.5	1.00212345282588
30.625	21.5	1.00212320072194
30.875	21.5	1.00212295669139
31.125	21.5	1.00212272083718
31.375	21.5	1.00212249325708
31.625	21.5	1.0021222740444
31.875	21.5	1.00212206328843
32.125	21.5	1.00212186107467
32.375	21.5	1.00212166748495
32.625	21.5	1.00212148259756
32.875	21.5	1.00212130648719
33.125	21.5	1.00212113922499
33.375	21.5	1.00212098087857
33.625	21.5	1.00212083151192
33.875	21.5	1.00212069118542
34.125	21.5	1.00212055995586
34.375	21.5	1.00212043787632
34.625	21.5	1.00212032499624
34.875	21.5	1.00212022136131
35.125	21.5	1.00212012701354
35.375	21.5	1.00212004199115
35.625	21.5	1.00211996632861
35.875	21.5	1.0021199000566
36.125	21.5	1.002119843202
36.375	21.5	1.00211979578787
36.625	21.5	1.00211975783346
36.875	21.5	1.00211972935417
37.125	21.5	1.00211971036155
37.375	21.5	1.00211970086331
0.125	22.5	-0.00211964189442809
0.375	22.5	-0.00211965110947421
0.625	22.5	-0.0021196695352889
0.875	22.5	-0.00211969716331874
1.125	22.5	-0.00211973398073808
1.375	22.5	-0.00211977997045445
1.625	22.5	-0.00211983511111576
1.875	22.5	-0.00211989937711935
2.125	22.5	-0.00211997273862274
2.375	22.5	-0.0021200551615563
2.625	22.5	-0.00212014660763757
2.875	22.5	-0.00212024703438745
3.125	22.5	-0.002120356395148
3.375	22.5	-0.00212047463910197
3.625	22.5	-0.00212060171129386
3.875	22.5	-0.00212073755265235
4.125	22.5	-0.00212088210001379
4.375	22.5	-0.00212103528614624
4.625	22.5	-0.0021211970397734
4.875	22.5	-0.00212136728559673
5.125	22.5	-0.00212154594431399
5.375	22.5	-0.00212173293263011
5.625	22.5	-0.00212192816325461
5.875	22.5	-0.0021221315448755
6.125	22.5	-0.00212234298209334
6.375	22.5	-0.00212256237528831
6.625	22.5	-0.00212278962037608
6.875	22.5	-0.00212302460837922
7.125	22.5	-0.00212326722469386
7.375	22.5	-0.00212351734785371
7.625	22.5	-0.00212377484746551
7.875	22.5	-0.00212403958077988
8.125	22.5	-0.00212431138701542
8.375	22.5	-0.00212459007798445
8.625	22.5	-0.00212487542263173
8.875	22.5	-0.002125167121556
9.125	22.5	-0.00212546476504674
9.375	22.5	-0.00212576776399447
9.625	22.5	-0.00212607523616368
9.875	22.5	-0.0021263858190144
10.125	22.5	-0.00212669736166015
10.375	22.5	-0.00212700641794605
10.625	22.5	-0.00212730741227364
10.875	22.5	-0.00212759126693658
11.125	22.5	-0.0021278431433843
11.375	22.5	-0.00212803872547474
11.625	22.5	-0.0021281381036079
11.875	22.5	-0.00212807571118039
12.125	22.5	-0.00212774376527737
12.375	22.5	-0.00212696501889379
12.625	22.5	-0.00212544792597948
12.875	22.5	-0.00212271286848345
13.125	22.5	-0.00211797077019715
13.375	22.5	-0.00210992337416415
13.625	22.5	-0.00209643464674312
13.875	22.5	-0.0020739901985953
14.125	22.5	-0.00203680809690882
14.375	22.5	-0.00197537660591848
14.625	22.5	-0.00187405046017873
14.875	22.5	-0.00170710206567263
15.125	22.5	-0.00143224139536082
15.375	22.5	-0.00098000062775168
15.625	22.5	-0.000236395163269896
15.875	22.5	0.000985261200939805
16.125	22.5	0.00298980360265567
16.375	22.5	0.00627251139712682
16.625	22.5	0.0116314724637229
16.875	22.5	0.0203352225621891
17.125	22.5	0.0343544760516948
17.375	22.5	0.0566348569805653
17.625	22.5	0.0912952990352638
17.875	22.5	0.143439981737582
18.125	22.5	0.218002517732263
18.375	22.5	0.317063968674562
18.625	22.5	0.436271833181325
18.875	22.5	0.563445131286015
19.125	22.5	0.682687319097591
19.375	22.5	0.781802156368527
19.625	22.5	0.856419398844078
19.875	22.5	0.908609570578334
20.125	22.5	0.943303473979289
20.375	22.5	0.965606700995108
20.625	22.5	0.979640855767117
20.875	22.5	0.988354054861366
21.125	22.5	0.993718902808644
21.375	22.5	0.997005236454355
21.625	22.5	0.999011994034548
21.875	22.5	1.00023499455958
22.125	22.5	1.00097940980321
22.375	22.5	1.00143213382775
22.625	22.5	1.00170727879552
22.875	22.5	1.00187439052565
23.125	22.5	1.00197580663057
23.375	22.5	1.00203728369632
23.625	22.5	1.00207448463706
23.875	22.5	1.00209693192589
24.125	22.5	1.00211041402501
24.375	22.5	1.00211844929223
24.625	22.5	1.00212317617141
24.875	22.5	1.00212589438167
25.125	22.5	1.00212739388451
25.375	22.5	1.00212815483226
25.625	22.5	1.0021284690916
25.875	22.5	1.00212851410009
26.125	22.5	1.00212839775199
26.375	22.5	1.002128185677
26.625	22.5	1.00212791781841
26.875	22.5	1.00212761850814
27.125	22.5	1.00212730258957
27.375	22.5	1.00212697913861
27.625	22.5	1.00212665372505
27.875	22.5	1.00212632978679
28.125	22.5	1.00212600946504
28.375	22.5	1.00212569411183
28.625	22.5	1.00212538459847
28.875	22.5	1.00212508150293
29.125	22.5	1.00212478522375
29.375	22.5	1.00212449604923
29.625	22.5	1.00212421419944
29.875	22.5	1.00212393985178
30.125	22.5	1.00212367315645
30.375	22.5	1.00212341424587
30.625	22.5	1.00212316324036
30.875	22.5	1.0021229202516
31.125	22.5	1.00212268538469
31.375	22.5	1.0021224587394
31.625	22.5	1.00212224041095
31.875	22.5	1.00212203049038
32.125	22.5	1.00212182906486
32.375	22.5	1.0021216362178
32.625	22.5	1.00212145202894
32.875	22.5	1.00212127657435
33.125	22.5	1.00212110992646
33.375	22.5	1.00212095215405
33.625	22.5	1.00212080332222
33.875	22.5	1.00212066349241
34.125	22.5	1.00212053272232
34.375	22.5	1.00212041106593
34.625	22.5	1.00212029857346
34.875	22.5	1.00212019529136
35.125	22.5	1.00212010126227
35.375	22.5	1.00212001652503
35.625	22.5	1.00211994111463
35.875	22.5	1.00211987506224
36.125	22.5	1.00211981839513
36.375	22.5	1.00211977113672
36.625	22.5	1.00211973330654
36.875	22.5	1.00211970492021
37.125	22.5	1.00211968598948
37.375	22.5	1.00211967652215
0.125	23.5	-0.00211966833978387
0.375	23.5	-0.00211967758871489
0.625	23.5	-0.00211969608235621
0.875	23.5	-0.00211972381226821
1.125	23.5	-0.0021197607657963
1.375	23.5	-0.00211980692607671
1.625	23.5	-0.0021198622720443
1.875	23.5	-0.00211992677844225
2.125	23.5	-0.00212000041583374
2.375	23.5	-0.00212008315061555
2.625	23.5	-0.00212017494503355
2.875	23.5	-0.00212027575720019
3.125	23.5	-0.0021203855411138
3.375	23.5	-0.0021205042466797
3.625	23.5	-0.00212063181973311
3.875	23.5	-0.00212076820206352
4.125	23.5	-0.00212091333144037
4.375	23.5	-0.0021210671416395
4.625	23.5	-0.0021212295624695
4.875	23.5	-0.0021214005197968
5.125	23.5	-0.002121579935567
5.375	23.5	-0.00212176772781912
5.625	23.5	-0.00212196381068644
5.875	23.5	-0.0021221680943741
6.125	23.5	-0.00212238048509723
6.375	23.5	-0.00212260088495228
6.625	23.5	-0.00212282919167755
6.875	23.5	-0.0021230652982296
7.125	23.5	-0.00212330909205526
7.375	23.5	-0.00212356045386155
7.625	23.5	-0.00212381925555748
7.875	23.5	-0.00212408535683208
8.125	23.5	-0.00212435859948645
8.375	23.5	-0.00212463879806879
8.625	23.5	-0.00212492572442426
8.875	23.5	-0.0021252190822302
9.125	23.5	-0.00212551846505087
9.375	23.5	-0.00212582328727229
9.625	23.5	-0.00212613267040992
9.875	23.5	-0.00212644525598205
10.125	23.5	-0.00212675889754671
10.375	23.5	-0.00212707015390348
10.625	23.5	-0.00212737345511499
10.875	23.5	-0.00212765973015923
11.125	23.5	-0.00212791414870675
11.375	23.5	-0.00212811240521091
11.625	23.5	-0.00212821460441191
11.875	23.5	-0.00212815520003903
12.125	23.5	-0.00212782643919424
12.375	23.5	-0.00212705112064275
12.625	23.5	-0.00212553776984169
12.875	23.5	-0.00212280688241328
13.125	23.5	-0.00211806956502773
13.375	23.5	-0.00211002785732045
13.625	23.5	-0.0020965462092125
13.875	23.5	-0.00207411102246023
14.125	23.5	-0.00203694166123743
14.375	23.5	-0.00197552851885069
14.625	23.5	-0.00187422982700297
14.875	23.5	-0.00170732373645458
15.125	23.5	-0.00143252965276482
15.375	23.5	-0.000980395224603918
15.625	23.5	-0.000236961171048264
15.875	23.5	0.000984417424306499
16.125	23.5	0.0029885087846358
16.375	23.5	0.00627048491771114
16.625	23.5	0.0116282644319558
16.875	23.5	0.020330123915176
17.125	23.5	0.0343464009414082
17.375	23.5	0.0566222222918499
17.625	23.5	0.091275988215816
17.875	23.5	0.143411594742161
18.125	23.5	0.217963212569047
18.375	23.5	0.317014003709875
18.625	23.5	0.436215008120802
18.875	23.5	0.563388296013254
19.125	23.5	0.682637328474639
19.375	23.5	0.781762820370763
19.625	23.5	0.85639098395602
19.875	23.5	0.908590238195415
20.125	23.5	0.943290824108844
20.375	23.5	0.965598615784617
20.625	23.5	0.979635750627004
20.875	23.5	0.988350842740282
21.125	23.5	0.993716873784472
21.375	23.5	0.997003940062939
21.625	23.5	0.999011149287636
21.875	23.5	1.00023442795316
22.125	23.5	1.00097901483571
22.375	23.5	1.00143184533921
22.625	23.5	1.0017070569789
22.875	23.5	1.00187421106511
23.125	23.5	1.00197565465581
23.375	23.5	1.00203715008969
23.625	23.5	1.0020743637829
23.875	23.5	1.00209682034053
24.125	23.5	1.00211030952358
24.375	23.5	1.00211835048201
24.625	23.5	1.00212308214394
24.875	23.5	1.00212580452547
25.125	23.5	1.00212730777123
25.375	23.5	1.00212807214737
25.625	23.5	1.00212838959217
25.875	23.5	1.00212843758902
26.125	23.5	1.00212832406223
26.375	23.5	1.00212811466186
26.625	23.5	1.00212784934555
26.875	23.5	1.0021275524558
27.125	23.5	1.00212723884425
27.375	23.5	1.00212691759349
27.625	23.5	1.00212659427896
27.875	23.5	1.00212627234353
28.125	23.5	1.00212595393285
28.375	23.5	1.00212564040301
28.625	23.5	1.00212533262906
28.875	23.5	1.00212503119248
29.125	23.5	1.00212473649509
29.375	23.5	1.00212444882825
29.625	23.5	1.00212416841494
29.875	23.5	1.0021238954353
30.125	23.5	1.00212363004212
30.375	23.5	1.00212337237025
30.625	23.5	1.0021231225423
30.875	23.5	1.00212288067214
31.125	23.5	1.00212264686691
31.375	23.5	1.00212242122833
31.625	23.5	1.00212220385342
31.875	23.5	1.00212199483496
32.125	23.5	1.00212179426172
32.375	23.5	1.00212160221864
32.625	23.5	1.00212141878686
32.875	23.5	1.0021212440438
33.125	23.5	1.00212107806313
33.375	23.5	1.00212092091481
33.625	23.5	1.00212077266503
33.875	23.5	1.00212063337621
34.125	23.5	1.002120503107
34.375	23.5	1.00212038191224
34.625	23.5	1.00212026984294
34.875	23.5	1.00212016694626
35.125	23.5	1.00212007326553
35.375	23.5	1.00211998884015
35.625	23.5	1.00211991370565
35.875	23.5	1.00211984789366
36.125	23.5	1.00211979143186
36.375	23.5	1.00211974434402
36.625	23.5	1.00211970664995
36.875	23.5	1.00211967836551
37.125	23.5	1.0021196595026
37.375	23.5	1.00211965006917
0.125	24.5	-0.00211969633672505
0.375	24.5	-0.0021197056215689
0.625	24.5	-0.00211972418709012
0.875	24.5	-0.00211975202495773
1.125	24.5	-0.00211978912268034
1.375	24.5	-0.00211983546361231
1.625	24.5	-0.00211989102696199
1.875	24.5	-0.00211995578780199
2.125	24.5	-0.0021200297170815
2.375	24.5	-0.00212011278164069
2.625	24.5	-0.00212020494422716
2.875	24.5	-0.00212030616351436
3.125	24.5	-0.00212041639412217
3.375	24.5	-0.00212053558663922
3.625	24.5	-0.00212066368764724
3.875	24.5	-0.00212080063974704
4.125	24.5	-0.00212094638158582
4.375	24.5	-0.00212110084788554
4.625	24.5	-0.00212126396947125
4.875	24.5	-0.00212143567329834
5.125	24.5	-0.00212161588247628
5.375	24.5	-0.00212180451628532
5.625	24.5	-0.00212200149018005
5.875	24.5	-0.00212220671577
6.125	24.5	-0.00212242010076073
6.375	24.5	-0.00212264154882869
6.625	24.5	-0.00212287095938524
6.875	24.5	-0.00212310822715696
7.125	24.5	-0.00212335324146191
7.375	24.5	-0.0021236058849841
7.625	24.5	-0.00212386603172036
7.875	24.5	-0.002124133543564
8.125	24.5	-0.00212440826464336
8.375	24.5	-0.00212469001196453
8.625	24.5	-0.00212497855997051
8.875	24.5	-0.00212527361508854
9.125	24.5	-0.00212557477380104
9.375	24.5	-0.00212588145360312
9.625	24.5	-0.00212619277934379
9.875	24.5	-0.00212650739614989
10.125	24.5	-0.00212682316154172
10.375	24.5	-0.00212713663875959
10.625	24.5	-0.00212744226298531
10.875	24.5	-0.00212773096931848
11.125	24.5	-0.00212798793508122
11.375	24.5	-0.00212818886477086
11.625	24.5	-0.00212829387697765
11.875	24.5	-0.00212823744540795
12.125	24.5	-0.00212791184708242
12.375	24.5	-0.00212713992690023
12.625	24.5	-0.00212563028299018
12.875	24.5	-0.00212290352717178
13.125	24.5	-0.0021181709537997
13.375	24.5	-0.00211013490770584
13.625	24.5	-0.00209666033727276
13.875	24.5	-0.00207423446064702
14.125	24.5	-0.00203707798141639
14.375	24.5	-0.00197568349258
14.625	24.5	-0.00187441283994094
14.875	24.5	-0.00170755011202854
15.125	24.5	-0.00143282446459079
15.375	24.5	-0.000980799537734829
15.625	24.5	-0.000237542222206978
15.875	24.5	0.000983549721866443
16.125	24.5	0.00298717535221736
16.375	24.5	0.00626839572200807
16.625	24.5	0.0116249544865288
16.875	24.5	0.020324860368785
17.125	24.5	0.0343380615255759
17.375	24.5	0.0566091707939454
17.625	24.5	0.0912560370530082
17.875	24.5	0.143382263154494
18.125	24.5	0.21792259614325
18.375	24.5	0.316962368241353
18.625	24.5	0.436156279352659
18.875	24.5	0.56332955318907
19.125	24.5	0.682585657698868
19.375	24.5	0.781722161534539
19.625	24.5	0.856361614029344
19.875	24.5	0.908570257417192
20.125	24.5	0.943277751779871
20.375	24.5	0.965590262524724
20.625	24.5	0.979630478190958
20.875	24.5	0.988347527203221
21.125	24.5	0.993714781113918
21.375	24.5	0.997002604485372
21.625	24.5	0.999010280264701
21.875	24.5	1.00023384608906
22.125	24.5	1.00097861002066
22.375	24.5	1.00143155021557
22.625	24.5	1.00170683040759
22.875	24.5	1.0018740279273
23.125	24.5	1.00197549960051
23.375	24.5	1.00203701371445
23.625	24.5	1.00207424030592
23.875	24.5	1.00209670618373
24.125	24.5	1.00211020245068
24.375	24.5	1.00211824907465
24.625	24.5	1.00212298548309
24.875	24.5	1.00212571199785
25.125	24.5	1.00212721895159
25.375	24.5	1.00212798672686
25.625	24.5	1.00212830733472
25.875	24.5	1.00212835830478
26.125	24.5	1.00212824759132
26.375	24.5	1.00212804086439
26.625	24.5	1.00212777809552
26.875	24.5	1.00212748363726
27.125	24.5	1.00212717234889
27.375	24.5	1.00212685331916
27.625	24.5	1.0021265321286
27.875	24.5	1.00212621222453
28.125	24.5	1.00212589575657
28.375	24.5	1.00212558408443
28.625	24.5	1.00212527808648
28.875	24.5	1.00212497834731
29.125	24.5	1.00212468527166
29.375	24.5	1.00212439915364
29.625	24.5	1.00212412021884
29.875	24.5	1.00212384864985
30.125	24.5	1.00212358460177
30.375	24.5	1.00212332821168
30.625	24.5	1.00212307960428
30.875	24.5	1.00212283889539
31.125	24.5	1.00212260619405
31.375	24.5	1.00212238160373
31.625	24.5	1.00212216522314
31.875	24.5	1.00212195714662
32.125	24.5	1.00212175746445
32.375	24.5	1.00212156626297
32.625	24.5	1.00212138362463
32.875	24.5	1.00212120962811
33.125	24.5	1.00212104434823
33.375	24.5	1.00212088785604
33.625	24.5	1.00212074021875
33.875	24.5	1.00212060149972
34.125	24.5	1.00212047175849
34.375	24.5	1.0021203510507
34.625	24.5	1.00212023942811
34.875	24.5	1.00212013693858
35.125	24.5	1.00212004362602
35.375	24.5	1.00211995953044
35.625	24.5	1.00211988468784
35.875	24.5	1.0021198191303
36.125	24.5	1.00211976288589
36.375	24.5	1.00211971597871
36.625	24.5	1.00211967842885
36.875	24.5	1.00211965025237
37.125	24.5	1.00211963146134
37.375	24.5	1.00211962206382
0.125	25.5	-0.00211972529297433
0.375	25.5	-0.00211973461486047
0.625	25.5	-0.00211975325451612
0.875	25.5	-0.00211978120371006
1.125	25.5	-0.00211981845010071
1.375	25.5	-0.00211986497724257
1.625	25.5	-0.00211992076459471
1.875	25.5	-0.00211998578753147
2.125	25.5	-0.00212006001735521
2.375	25.5	-0.00212014342131127
2.625	25.5	-0.00212023596260505
2.875	25.5	-0.00212033760042114
3.125	25.5	-0.00212044828994465
3.375	25.5	-0.00212056798238449
3.625	25.5	-0.00212069662499861
3.875	25.5	-0.00212083416112108
4.125	25.5	-0.00212098053019056
4.375	25.5	-0.00212113566777987
4.625	25.5	-0.00212129950562575
4.875	25.5	-0.0021214719716575
5.125	25.5	-0.00212165299002232
5.375	25.5	-0.00212184248110363
5.625	25.5	-0.00212204036152652
5.875	25.5	-0.0021222465441402
6.125	25.5	-0.00212246093796118
6.375	25.5	-0.0021226834480503
6.625	25.5	-0.00212291397527918
6.875	25.5	-0.00212315241591302
7.125	25.5	-0.00212339866088969
7.375	25.5	-0.00212365259459722
7.625	25.5	-0.00212391409282407
7.875	25.5	-0.00212418301934672
8.125	25.5	-0.00212445922027282
8.375	25.5	-0.00212474251468948
8.625	25.5	-0.00212503267922975
8.875	25.5	-0.0021253294226297
9.125	25.5	-0.00212563234381309
9.375	25.5	-0.00212594086286921
9.625	25.5	-0.00212625410742482
9.875	25.5	-0.00212657072561608
10.125	25.5	-0.00212688857828035
10.375	25.5	-0.00212720423240498
10.625	25.5	-0.00212751212754706
10.875	25.5	-0.00212780320413261
11.125	25.5	-0.00212806264628956
11.375	25.5	-0.00212826616766641
11.625	25.5	-0.00212837389977189
11.875	25.5	-0.00212832033533544
12.125	25.5	-0.00212799778034948
12.375	25.5	-0.00212722912495853
12.625	25.5	-0.00212572303921953
12.875	25.5	-0.00212300025069601
13.125	25.5	-0.00211827224150433
13.375	25.5	-0.00211024166267617
13.625	25.5	-0.002096773963634
13.875	25.5	-0.00207435718413028
14.125	25.5	-0.00203721337675545
14.375	25.5	-0.00197583735099567
14.625	25.5	-0.00187459459537216
14.875	25.5	-0.00170777518414204
15.125	25.5	-0.00143311810275376
15.375	25.5	-0.000981203113590484
15.625	25.5	-0.000238123493076753
15.875	25.5	0.000982679974161231
16.125	25.5	0.00298583661877303
16.375	25.5	0.00626629564245955
16.625	25.5	0.0116216243395193
16.875	25.5	0.0203195614206598
17.125	25.5	0.0343296625101923
17.375	25.5	0.0565960223851607
17.625	25.5	0.0912359340966917
17.875	25.5	0.143352704794299
18.125	25.5	0.217881662055762
18.375	25.5	0.316910325085653
18.625	25.5	0.43609708287476
18.875	25.5	0.563270338937078
19.125	25.5	0.68253356990266
19.375	25.5	0.781681173839704
19.625	25.5	0.856332007226079
19.875	25.5	0.908550117057819
20.125	25.5	0.943264577076637
20.375	25.5	0.9655818460452
20.625	25.5	0.979625168036388
20.875	25.5	0.988344190012768
21.125	25.5	0.993712676661156
21.375	25.5	0.997001263054958
21.625	25.5	0.999009408858882
21.875	25.5	1.00023326379902
22.125	25.5	1.00097820581685
22.375	25.5	1.00143125618842
22.625	25.5	1.00170660509227
22.875	25.5	1.0018738460176
23.125	25.5	1.0019753456421
23.375	25.5	1.00203687825231
23.625	25.5	1.00207411753599
23.875	25.5	1.00209659252345
24.125	25.5	1.00211009566956
24.375	25.5	1.00211814776566
24.625	25.5	1.00212288874136
24.875	25.5	1.00212561922541
25.125	25.5	1.00212712973865
25.375	25.5	1.00212790077962
25.625	25.5	1.00212822443147
25.875	25.5	1.00212827826914
26.125	25.5	1.00212817027595
26.375	25.5	1.00212796614102
26.625	25.5	1.0021277058488
26.875	25.5	1.00212741376101
27.125	25.5	1.00212710474376
27.375	25.5	1.00212678789111
27.625	25.5	1.00212646878799
27.875	25.5	1.00212615088546
28.125	25.5	1.00212583633645
28.375	25.5	1.00212552650368
28.625	25.5	1.00212522226832
28.875	25.5	1.00212492421755
29.125	25.5	1.00212463275853
29.375	25.5	1.0021243481877
29.625	25.5	1.00212407073284
29.875	25.5	1.00212380057861
30.125	25.5	1.0021235378821
30.375	25.5	1.00212328278226
30.625	25.5	1.0021230354056
30.875	25.5	1.00212279586964
31.125	25.5	1.00212256428503
31.375	25.5	1.00212234075679
31.625	25.5	1.00212212538507
31.875	25.5	1.00212191826563
32.125	25.5	1.00212171949003
32.375	25.5	1.00212152914586
32.625	25.5	1.00212134731675
32.875	25.5	1.00212117408247
33.125	25.5	1.00212100951889
33.375	25.5	1.00212085369802
33.625	25.5	1.00212070668799
33.875	25.5	1.00212056855301
34.125	25.5	1.00212043935341
34.375	25.5	1.00212031914557
34.625	25.5	1.00212020798192
34.875	25.5	1.00212010591093
35.125	25.5	1.0021200129771
35.375	25.5	1.00211992922092
35.625	25.5	1.00211985467888
35.875	25.5	1.00211978938345
36.125	25.5	1.00211973336306
36.375	25.5	1.0021196866421
36.625	25.5	1.0021196492409
36.875	25.5	1.00211962117575
37.125	25.5	1.00211960245887
37.375	25.5	1.00211959309839
0.125	26.5	-0.00211975459830239
0.375	26.5	-0.0021197639575382
0.625	26.5	-0.00211978267193737
0.875	26.5	-0.002119810733357
1.125	26.5	-0.00211984812958818
1.375	26.5	-0.00211989484436243
1.625	26.5	-0.0021199508573604
1.875	26.5	-0.00212001614422275
2.125	26.5	-0.00212009067656316
2.375	26.5	-0.00212017442198354
2.625	26.5	-0.00212026734409142
2.875	26.5	-0.00212036940251947
3.125	26.5	-0.00212048055294716
3.375	26.5	-0.00212060074712453
3.625	26.5	-0.00212072993289789
3.875	26.5	-0.00212086805423737
4.125	26.5	-0.002121015051266
4.375	26.5	-0.00212117086028982
4.625	26.5	-0.00212133541382832
4.875	26.5	-0.00212150864064371
5.125	26.5	-0.00212169046576696
5.375	26.5	-0.00212188081051697
5.625	26.5	-0.0021220795925067
5.875	26.5	-0.00212228672562653
6.125	26.5	-0.00212250211998835
6.375	26.5	-0.0021227256818035
6.625	26.5	-0.00212295731315025
6.875	26.5	-0.00212319691155773
7.125	26.5	-0.00212344436928623
7.375	26.5	-0.00212369957210598
7.625	26.5	-0.00212396239724918
7.875	26.5	-0.00212423270999939
8.125	26.5	-0.00212451035803728
8.375	26.5	-0.00212479516209227
8.625	26.5	-0.00212508690051386
8.875	26.5	-0.0021253852838358
9.125	26.5	-0.00212568991287171
9.375	26.5	-0.00212600020971005
9.625	26.5	-0.00212631530411336
9.875	26.5	-0.0021266338465343
10.125	26.5	-0.00212695370037904
10.375	26.5	-0.00212727143557305
10.625	26.5	-0.00212758149517241
10.875	26.5	-0.00212787482397748
11.125	26.5	-0.00212813661188253
11.375	26.5	-0.00212834258054399
11.625	26.5	-0.00212845287311806
11.875	26.5	-0.0021284019999214
12.125	26.5	-0.00212808229425984
12.375	26.5	-0.00212731668955018
12.625	26.5	-0.00212581392534062
12.875	26.5	-0.00212309484179517
13.125	26.5	-0.00211837110454332
13.375	26.5	-0.0021103456648076
13.625	26.5	-0.0020968844642003
13.875	26.5	-0.00207447635060425
14.125	26.5	-0.00203734470456393
14.375	26.5	-0.00197598651856201
14.625	26.5	-0.00187477086986842
14.875	26.5	-0.00170799373077051
15.125	26.5	-0.00143340377320024
15.375	26.5	-0.000981596647375425
15.625	26.5	-0.000238691631594327
15.875	26.5	0.000981828091880865
16.125	26.5	0.00298452314493922
16.375	26.5	0.00626423251565594
16.625	26.5	0.0116183497264244
16.875	26.5	0.0203143474482192
17.125	26.5	0.0343213945557551
17.375	26.5	0.0565830753955767
17.625	26.5	0.091216135337434
17.875	26.5	0.143323590014688
18.125	26.5	0.217841338573144
18.375	26.5	0.316859054398311
18.625	26.5	0.436038761062006
18.875	26.5	0.563211996068009
19.125	26.5	0.68248224633554
19.375	26.5	0.781640786865169
19.625	26.5	0.856302835083611
19.875	26.5	0.908530274020801
20.125	26.5	0.943251598970003
20.375	26.5	0.965573557431544
20.625	26.5	0.97961994081317
20.875	26.5	0.988340907075638
21.125	26.5	0.993710608369207
21.375	26.5	0.996999946398164
21.625	26.5	0.999008555021566
21.875	26.5	1.00023269446034
22.125	26.5	1.00097781154488
22.375	26.5	1.00143097006179
22.625	26.5	1.00170638626139
22.875	26.5	1.00187366956364
23.125	26.5	1.00197519635898
23.375	26.5	1.00203674684797
23.625	26.5	1.00207399831686
23.875	26.5	1.0020964819849
24.125	26.5	1.00210999163851
24.375	26.5	1.00211804887934
24.625	26.5	1.00212279413054
24.875	26.5	1.00212552832185
25.125	26.5	1.00212704215811
25.375	26.5	1.00212781625077
25.625	26.5	1.00212814275266
25.875	26.5	1.00212819928209
26.125	26.5	1.00212809384978
26.375	26.5	1.00212789216245
26.625	26.5	1.00212763421624
26.875	26.5	1.0021273443809
27.125	26.5	1.00212703752831
27.375	26.5	1.00212672275691
27.625	26.5	1.00212640565513
27.875	26.5	1.00212608967697
28.125	26.5	1.00212577697795
28.375	26.5	1.00212546892309
28.625	26.5	1.00212516639571
28.875	26.5	1.00212486998496
29.125	26.5	1.00212458009993
29.375	26.5	1.00212429703884
29.625	26.5	1.00212402103118
29.875	26.5	1.00212375226326
30.125	26.5	1.00212349089375
30.375	26.5	1.00212323706309
30.625	26.5	1.00212299089925
30.875	26.5	1.00212275252113
31.125	26.5	1.00212252204069
31.375	26.5	1.00212229956423
31.625	26.5	1.00212208519312
31.875	26.5	1.00212187902423
32.125	26.5	1.00212168115025
32.375	26.5	1.00212149165979
32.625	26.5	1.00212131063749
32.875	26.5	1.00212113816403
33.125	26.5	1.00212097431617
33.375	26.5	1.00212081916677
33.625	26.5	1.00212067278473
33.875	26.5	1.002120535235
34.125	26.5	1.00212040657858
34.375	26.5	1.0021202868725
34.625	26.5	1.00212017616978
34.875	26.5	1.00212007451942
35.125	26.5	1.00211998196642
35.375	26.5	1.00211989855172
35.625	26.5	1.00211982431221
35.875	26.5	1.00211975928072
36.125	26.5	1.00211970348598
36.375	26.5	1.00211965695266
36.625	26.5	1.00211961970131
36.875	26.5	1.0021195917484
37.125	26.5	1.00211957310626
37.375	26.5	1.00211956378313
0.125	27.5	-0.00211978363808612
0.375	27.5	-0.00211979303425424
0.625	27.5	-0.00211981182255585
0.875	27.5	-0.00211983999492376
1.125	27.5	-0.00211987753926257
1.375	27.5	-0.0021199244394552
1.625	27.5	-0.00211998067537153
1.875	27.5	-0.00212004622287935
2.125	27.5	-0.00212012105385729
2.375	27.5	-0.00212020513621015
2.625	27.5	-0.00212029843388616
2.875	27.5	-0.00212040090689662
3.125	27.5	-0.00212051251133747
3.375	27.5	-0.00212063319941307
3.625	27.5	-0.00212076291946188
3.875	27.5	-0.00212090161598396
4.125	27.5	-0.00212104922966999
4.375	27.5	-0.00212120569743135
4.625	27.5	-0.00212137095243042
4.875	27.5	-0.00212154492410973
5.125	27.5	-0.00212172753821795
5.375	27.5	-0.00212191871682877
5.625	27.5	-0.00212211837834692
5.875	27.5	-0.00212232643749125
6.125	27.5	-0.00212254280523853
6.375	27.5	-0.00212276738870117
6.625	27.5	-0.00212300009089426
6.875	27.5	-0.0021232408103192
7.125	27.5	-0.00212348944024361
7.375	27.5	-0.00212374586747986
7.625	27.5	-0.00212400997033674
7.875	27.5	-0.00212428161520897
8.125	27.5	-0.00212456065092323
8.375	27.5	-0.00212484689939094
8.625	27.5	-0.00212514014018186
8.875	27.5	-0.0021254400850926
9.125	27.5	-0.00212574633625014
9.375	27.5	-0.00212605831712037
9.625	27.5	-0.00212637515893069
9.875	27.5	-0.0021266955137252
10.125	27.5	-0.00212701724669382
10.375	27.5	-0.00212733692984716
10.625	27.5	-0.00212764900880887
10.875	27.5	-0.00212794443172866
11.125	27.5	-0.00212820839312618
11.375	27.5	-0.00212841662137495
11.625	27.5	-0.00212852926978435
11.875	27.5	-0.00212848086447591
12.125	27.5	-0.0021281637638616
12.375	27.5	-0.00212740094177624
12.625	27.5	-0.00212590120339537
12.875	27.5	-0.00212318549601509
13.125	27.5	-0.00211846566072795
13.375	27.5	-0.00211044493670744
13.625	27.5	-0.00209698973867729
13.875	27.5	-0.0020745896923699
14.125	27.5	-0.00203746945760996
14.375	27.5	-0.00197612813096546
14.625	27.5	-0.00187493824981102
14.875	27.5	-0.00170820147404007
15.125	27.5	-0.00143367581730006
15.375	27.5	-0.000981972252632571
15.625	27.5	-0.000239235135427447
15.875	27.5	0.000981011463331329
16.125	27.5	0.00298326190446055
16.375	27.5	0.00626224889296866
16.625	27.5	0.0116151983832693
16.875	27.5	0.0203093265134604
17.125	27.5	0.0343134292374492
17.375	27.5	0.0565705987215731
17.625	27.5	0.0911970522020346
17.875	27.5	0.143295524065868
18.125	27.5	0.21780246420665
18.375	27.5	0.31680962261212
18.625	27.5	0.435982527307255
18.875	27.5	0.563155738674968
19.125	27.5	0.682432755188022
19.375	27.5	0.781601841230786
19.625	27.5	0.856274704754901
19.875	27.5	0.908511141199578
20.125	27.5	0.9432390873855
20.375	27.5	0.965565568941195
20.625	27.5	0.979614905020321
20.875	27.5	0.988337746402114
21.125	27.5	0.993708618959542
21.375	27.5	0.996998681593596
21.625	27.5	0.999007736205572
21.875	27.5	1.00023214961508
22.125	27.5	1.00097743511575
22.375	27.5	1.00143069750961
22.625	27.5	1.00170617820246
22.875	27.5	1.00187350198522
23.125	27.5	1.00197505461948
23.375	27.5	1.00203662201135
23.625	27.5	1.00207388491811
23.875	27.5	1.00209637666971
24.125	27.5	1.00210989233592
24.375	27.5	1.00211795429868
24.625	27.5	1.00212270345572
24.875	27.5	1.00212544102566
25.125	27.5	1.00212695788934
25.375	27.5	1.00212773476568
25.625	27.5	1.00212806387334
25.875	27.5	1.00212812287119
26.125	27.5	1.00212801979509
26.375	27.5	1.00212782036766
26.625	27.5	1.00212756459519
26.875	27.5	1.00212727685418
27.125	27.5	1.00212697202113
27.375	27.5	1.00212665919785
27.625	27.5	1.00212634397534
27.875	27.5	1.0021260298097
28.125	27.5	1.00212571885821
28.375	27.5	1.0021254124875
28.625	27.5	1.00212511158234
28.875	27.5	1.00212481673329
29.125	27.5	1.00212452835072
29.375	27.5	1.00212424673413
29.625	27.5	1.00212397211423
29.875	27.5	1.00212370467852
30.125	27.5	1.0021234445868
30.375	27.5	1.00212319198063
30.625	27.5	1.00212294698905
30.875	27.5	1.00212270973201
31.125	27.5	1.00212248032249
31.375	27.5	1.00212225886773
31.625	27.5	1.00212204547006
31.875	27.5	1.00212184022724
32.125	27.5	1.00212164323284
32.375	27.5	1.00212145457628
32.625	27.5	1.002121274343
32.875	27.5	1.00212110261444
33.125	27.5	1.00212093946809
33.375	27.5	1.00212078497746
33.625	27.5	1.0021206392121
33.875	27.5	1.00212050223758
34.125	27.5	1.00212037411547
34.375	27.5	1.00212025490331
34.625	27.5	1.00212014465462
34.875	27.5	1.00212004341886
35.125	27.5	1.00211995124145
35.375	27.5	1.0021198681637
35.625	27.5	1.00211979422284
35.875	27.5	1.002119729452
36.125	27.5	1.00211967388019
36.375	27.5	1.0021196275323
36.625	27.5	1.00211959042906
36.875	27.5	1.0021195625871
37.125	27.5	1.00211954401887
37.375	27.5	1.00211953473268
0.125	28.5	-0.00211981180519986
0.375	28.5	-0.00211982123726589
0.625	28.5	-0.00211984009739482
0.875	28.5	-0.00211986837758247
1.125	28.5	-0.00211990606582785
1.375	28.5	-0.00211995314613959
1.625	28.5	-0.00212000959854451
1.875	28.5	-0.00212007539909831
2.125	28.5	-0.0021201505198984
2.375	28.5	-0.00212023492909887
2.625	28.5	-0.00212032859092757
2.875	28.5	-0.00212043146570532
3.125	28.5	-0.00212054350986722
3.375	28.5	-0.00212066467598589
3.625	28.5	-0.00212079491279671
3.875	28.5	-0.00212093416522479
4.125	28.5	-0.00212108237441334
4.375	28.5	-0.00212123947775311
4.625	28.5	-0.00212140540891189
4.875	28.5	-0.00212158009786287
5.125	28.5	-0.00212176347090966
5.375	28.5	-0.00212195545070417
5.625	28.5	-0.00212215595625149
5.875	28.5	-0.00212236490289175
6.125	28.5	-0.00212258220224256
6.375	28.5	-0.00212280776207523
6.625	28.5	-0.00212304148608028
6.875	28.5	-0.0021232832734493
7.125	28.5	-0.00212353301815306
7.375	28.5	-0.00212379060771812
7.625	28.5	-0.00212405592117661
7.875	28.5	-0.00212432882565382
8.125	28.5	-0.00212460917071267
8.375	28.5	-0.00212489677900531
8.625	28.5	-0.00212519143084662
8.875	28.5	-0.00212549283878442
9.125	28.5	-0.00212580060570773
9.375	28.5	-0.00212611415586538
9.625	28.5	-0.0021264326213076
9.875	28.5	-0.00212675465497507
10.125	28.5	-0.0021270781230866
10.375	28.5	-0.00212739959891351
10.625	28.5	-0.00212771352973911
10.875	28.5	-0.00212801086605049
11.125	28.5	-0.00212827680584527
11.375	28.5	-0.00212848708288166
11.625	28.5	-0.00212860185902631
11.875	28.5	-0.00212855567421935
12.125	28.5	-0.00212824090939644
12.375	28.5	-0.00212748057529574
12.625	28.5	-0.00212598353772261
12.875	28.5	-0.00212327084372094
13.125	28.5	-0.00211855449858898
13.375	28.5	-0.00211053801187489
13.625	28.5	-0.00209708824349186
13.875	28.5	-0.00207469555212316
14.125	28.5	-0.00203758580408045
14.375	28.5	-0.00197626008135916
14.625	28.5	-0.00187509418736151
14.875	28.5	-0.00170839515154708
15.125	28.5	-0.00143392980771739
15.375	28.5	-0.000982323596737213
15.625	28.5	-0.000239744551765853
15.875	28.5	0.00098024465001572
16.125	28.5	0.00298207580943753
16.375	28.5	0.00626038128904545
16.625	28.5	0.0116122288477074
16.875	28.5	0.0203045924476139
17.125	28.5	0.0343059160010311
17.375	28.5	0.0565588270509767
17.625	28.5	0.0911790442411142
17.875	28.5	0.143269036325592
18.125	28.5	0.217765772769423
18.375	28.5	0.31676296339492
18.625	28.5	0.435929444303578
18.875	28.5	0.563102630349013
19.125	28.5	0.682386032382162
19.375	28.5	0.781565073454144
19.625	28.5	0.856248148058397
19.875	28.5	0.908493080026213
20.125	28.5	0.943227278331211
20.375	28.5	0.965558030895073
20.625	28.5	0.9796101550495
20.875	28.5	0.988334766881363
21.125	28.5	0.993706745164611
21.375	28.5	0.996997491687402
21.625	28.5	0.999006967054645
21.875	28.5	1.0002316387665
22.125	28.5	1.00097708289309
22.375	28.5	1.00143044297834
22.625	28.5	1.00170598418976
22.875	28.5	1.00187334583763
23.125	28.5	1.00197492253521
23.375	28.5	1.00203650557736
23.625	28.5	1.0020737789991
23.875	28.5	1.00209627812291
24.125	28.5	1.00210979922933
24.375	28.5	1.0021178654359
24.625	28.5	1.00212261808713
24.875	28.5	1.00212535867297
25.125	28.5	1.00212687823907
25.375	28.5	1.00212765760444
25.625	28.5	1.00212798904858
25.875	28.5	1.00212805026741
26.125	28.5	1.00212794931941
26.375	28.5	1.00212775194103
26.625	28.5	1.00212749814717
26.875	28.5	1.00212721231972
27.125	28.5	1.00212690933869
27.375	28.5	1.00212659830822
27.625	28.5	1.00212628482097
27.875	28.5	1.00212597233431
28.125	28.5	1.00212566300656
28.375	28.5	1.00212535820524
28.625	28.5	1.00212505881594
28.875	28.5	1.00212476543
29.125	28.5	1.00212447845857
29.375	28.5	1.00212419820189
29.625	28.5	1.00212392489141
29.875	28.5	1.00212365871537
30.125	28.5	1.00212339983431
30.375	28.5	1.00212314839055
30.625	28.5	1.00212290451381
30.875	28.5	1.00212266832477
31.125	28.5	1.00212243993711
31.375	28.5	1.00212221945878
31.625	28.5	1.00212200699275
31.875	28.5	1.00212180263748
32.125	28.5	1.00212160648715
32.375	28.5	1.00212141863182
32.625	28.5	1.00212123915751
32.875	28.5	1.00212106814626
33.125	28.5	1.0021209056761
33.375	28.5	1.00212075182109
33.625	28.5	1.00212060665126
33.875	28.5	1.00212047023268
34.125	28.5	1.00212034262735
34.375	28.5	1.00212022389325
34.625	28.5	1.0021201140843
34.875	28.5	1.00212001325034
35.125	28.5	1.00211992143709
35.375	28.5	1.0021198386862
35.625	28.5	1.00211976503518
35.875	28.5	1.0021197005174
36.125	28.5	1.00211964516209
36.375	28.5	1.00211959899433
36.625	28.5	1.00211956203501
36.875	28.5	1.00211953430087
37.125	28.5	1.00211951580447
37.375	28.5	1.00211950655417
0.125	29.5	-0.00211983851007106
0.375	29.5	-0.00211984797649104
0.625	29.5	-0.00211986690535365
0.875	29.5	-0.00211989528870613
1.125	29.5	-0.00211993311462453
1.375	29.5	-0.00211998036721987
1.625	29.5	-0.00212003702664654
1.875	29.5	-0.00212010306911261
2.125	29.5	-0.00212017846689231
2.375	29.5	-0.00212026318834055
2.625	29.5	-0.00212035719790948
2.875	29.5	-0.00212046045616706
3.125	29.5	-0.00212057291981772
3.375	29.5	-0.0021206945417248
3.625	29.5	-0.00212082527093496
3.875	29.5	-0.00212096505270413
4.125	29.5	-0.00212111382852484
4.375	29.5	-0.00212127153615446
4.625	29.5	-0.00212143810964336
4.875	29.5	-0.00212161347936188
5.125	29.5	-0.00212179757202371
5.375	29.5	-0.00212199031070206
5.625	29.5	-0.00212219161483263
5.875	29.5	-0.00212240140019339
6.125	29.5	-0.0021226195788448
6.375	29.5	-0.00212284605900352
6.625	29.5	-0.00212308074480529
6.875	29.5	-0.00212332353588399
7.125	29.5	-0.00212357432664661
7.375	29.5	-0.00212383300504667
7.625	29.5	-0.00212409945053062
7.875	29.5	-0.00212437353062202
8.125	29.5	-0.00212465509526259
8.375	29.5	-0.00212494396746087
8.625	29.5	-0.00212523992786344
8.875	29.5	-0.0021255426893244
9.125	29.5	-0.00212585185501553
9.375	29.5	-0.00212616684945166
9.625	29.5	-0.00212648680494689
9.875	29.5	-0.00212681037473198
10.125	29.5	-0.00212713542539291
10.375	29.5	-0.00212745853073382
10.625	29.5	-0.00212777413888737
10.875	29.5	-0.00212807320176036
11.125	29.5	-0.00212834091976432
11.375	29.5	-0.00212855303076963
11.625	29.5	-0.00212866970361922
11.875	29.5	-0.00212862549002018
12.125	29.5	-0.0021283127906447
12.375	29.5	-0.00212755464917834
12.625	29.5	-0.00212605998622047
12.875	29.5	-0.00212334993967869
13.125	29.5	-0.00211863666520289
13.375	29.5	-0.00211062392072959
13.625	29.5	-0.00209717897603749
13.875	29.5	-0.00207479286553059
14.125	29.5	-0.0020376925687681
14.375	29.5	-0.00197638100072253
14.625	29.5	-0.00187523698102021
14.875	29.5	-0.00170857249891014
15.125	29.5	-0.00143416253601394
15.375	29.5	-0.000982645898680556
15.625	29.5	-0.000240212493800672
15.875	29.5	0.000979539337432294
16.125	29.5	0.00298098360545951
16.375	29.5	0.0062586599840563
16.625	29.5	0.0116094901086642
16.875	29.5	0.0203002242540219
17.125	29.5	0.0342989811745753
17.375	29.5	0.0565479592725765
17.625	29.5	0.0911624166522887
17.875	29.5	0.143244576608944
18.125	29.5	0.217731888210409
18.375	29.5	0.316719871014154
18.625	29.5	0.435880416419639
18.875	29.5	0.563053576479193
19.125	29.5	0.682342874747046
19.375	29.5	0.781531110557854
19.625	29.5	0.856223617583516
19.875	29.5	0.908476397837287
20.125	29.5	0.943216372197063
20.375	29.5	0.965551070616347
20.625	29.5	0.979605770541201
20.875	29.5	0.988332017901785
21.125	29.5	0.993705017511915
21.375	29.5	0.996996395577181
21.625	29.5	0.999006259347342
21.875	29.5	1.00023116935827
22.125	29.5	1.00097675969268
22.375	29.5	1.00143020969772
22.625	29.5	1.00170580650076
22.875	29.5	1.00187320283047
23.125	29.5	1.00197480148024
23.375	29.5	1.00203639872442
23.625	29.5	1.00207368162623
23.875	29.5	1.00209618734842
24.125	29.5	1.00210971328922
24.375	29.5	1.00211778324455
24.625	29.5	1.00212253897045
24.875	29.5	1.00212528220622
25.125	29.5	1.00212680414848
25.375	29.5	1.00212758570745
25.625	29.5	1.00212791921768
25.875	29.5	1.00212798240814
26.125	29.5	1.00212788335713
26.375	29.5	1.00212768781294
26.625	29.5	1.00212743579745
26.875	29.5	1.00212715169671
27.125	29.5	1.00212685039312
27.375	29.5	1.00212654099226
27.625	29.5	1.00212622908766
27.875	29.5	1.0021259181372
28.125	29.5	1.00212561029958
28.375	29.5	1.00212530694261
28.625	29.5	1.00212500895216
28.875	29.5	1.00212471691981
29.125	29.5	1.002124431257
29.375	29.5	1.00212415226429
29.625	29.5	1.00212388017345
29.875	29.5	1.00212361517308
30.125	29.5	1.00212335742412
30.375	29.5	1.00212310706924
30.625	29.5	1.00212286423861
30.875	29.5	1.00212262905333
31.125	29.5	1.00212240162752
31.375	29.5	1.00212218206956
31.625	29.5	1.00212197048287
31.875	29.5	1.00212176696636
32.125	29.5	1.00212157161465
32.375	29.5	1.00212138451824
32.625	29.5	1.00212120576359
32.875	29.5	1.00212103543314
33.125	29.5	1.00212087360534
33.375	29.5	1.00212072035464
33.625	29.5	1.00212057575148
33.875	29.5	1.00212043986226
34.125	29.5	1.00212031274936
34.375	29.5	1.00212019447108
34.625	29.5	1.00212008508164
34.875	29.5	1.00211998463117
35.125	29.5	1.00211989316568
35.375	29.5	1.00211981072705
35.625	29.5	1.00211973735302
35.875	29.5	1.00211967307716
36.125	29.5	1.00211961792888
36.375	29.5	1.00211957193341
36.625	29.5	1.00211953511177
36.875	29.5	1.0021195074808
37.125	29.5	1.00211948905313
37.375	29.5	1.00211947983719
0.125	30.5	-0.00211986318891096
0.375	30.5	-0.00211987268772884
0.625	30.5	-0.00211989168140831
0.875	30.5	-0.00211992016203862
1.125	30.5	-0.00211995811775862
1.375	30.5	-0.00212000553276274
1.625	30.5	-0.00212006238730894
1.875	30.5	-0.00212012865772872
2.125	30.5	-0.00212020431643902
2.375	30.5	-0.00212028933195616
2.625	30.5	-0.00212038366891173
2.875	30.5	-0.00212048728807031
3.125	30.5	-0.00212060014634924
3.375	30.5	-0.00212072219684007
3.625	30.5	-0.00212085338883177
3.875	30.5	-0.00212099366783544
4.125	30.5	-0.00212114297561023
4.375	30.5	-0.00212130125019
4.625	30.5	-0.00212146842590978
4.875	30.5	-0.00212164443343089
5.125	30.5	-0.00212182919976217
5.375	30.5	-0.002122022648274
5.625	30.5	-0.00212222469869873
5.875	30.5	-0.00212243526710781
6.125	30.5	-0.0021226542658491
6.375	30.5	-0.00212288160341741
6.625	30.5	-0.00212311718421399
6.875	30.5	-0.00212336090812182
7.125	30.5	-0.00212361266977674
7.375	30.5	-0.00212387235733658
7.625	30.5	-0.00212413985042313
7.875	30.5	-0.0021244150167017
8.125	30.5	-0.00212469770621757
8.375	30.5	-0.00212498774204015
8.625	30.5	-0.00212528490483029
8.875	30.5	-0.00212558890740705
9.125	30.5	-0.00212589935285748
9.375	30.5	-0.00212621566556561
9.625	30.5	-0.00212653697767949
9.875	30.5	-0.00212686194225138
10.125	30.5	-0.0021271884257194
10.375	30.5	-0.0021275130018473
10.625	30.5	-0.00212783011896775
10.875	30.5	-0.00212813072965361
11.125	30.5	-0.00212840003582746
11.375	30.5	-0.00212861377834736
11.625	30.5	-0.002128732131569
11.875	30.5	-0.00212868965697211
12.125	30.5	-0.00212837877212685
12.375	30.5	-0.00212762254946866
12.625	30.5	-0.00212612995798937
12.875	30.5	-0.00212342221646511
13.125	30.5	-0.00211871161502269
13.375	30.5	-0.00211070213447095
13.625	30.5	-0.00209726141310589
13.875	30.5	-0.00207488109368304
14.125	30.5	-0.00203778915885495
14.375	30.5	-0.00197649017606055
14.625	30.5	-0.00187536568497338
14.875	30.5	-0.0017087321484252
15.125	30.5	-0.00143437189783917
15.375	30.5	-0.000982935796494489
15.625	30.5	-0.000240633483575954
15.875	30.5	0.000978904527708699
16.125	30.5	0.00298000011732455
16.375	30.5	0.00625710935088126
16.625	30.5	0.0116070220604508
16.875	30.5	0.0202962867608548
17.125	30.5	0.0342927289295811
17.375	30.5	0.0565381599054084
17.625	30.5	0.091147422389885
17.875	30.5	0.143222518194922
18.125	30.5	0.217701328728507
18.375	30.5	0.31668100548547
18.625	30.5	0.435836195471081
18.875	30.5	0.563009329951255
19.125	30.5	0.682303944985009
19.375	30.5	0.781500473964995
19.625	30.5	0.856201489519991
19.875	30.5	0.908461349831687
20.125	30.5	0.943206535077599
20.375	30.5	0.965544793321004
20.625	30.5	0.979601816992347
20.875	30.5	0.988329539776889
21.125	30.5	0.993703460633725
21.375	30.5	0.996995408246987
21.625	30.5	0.999005622183102
21.875	30.5	1.00023074692765
22.125	30.5	1.00097646891255
22.375	30.5	1.00142999979401
22.625	30.5	1.00170564651649
22.875	30.5	1.00187307391764
23.125	30.5	1.00197469217247
23.375	30.5	1.00203630204831
23.625	30.5	1.00207359334021
23.875	30.5	1.00209610487057
24.125	30.5	1.00210963504507
24.375	30.5	1.00211770827061
24.625	30.5	1.00212246667336
24.875	30.5	1.00212521221648
25.125	30.5	1.00212673623164
25.375	30.5	1.0021275197103
25.625	30.5	1.00212785503561
25.875	30.5	1.00212791996542
26.125	30.5	1.00212782259501
26.375	30.5	1.00212762868248
26.625	30.5	1.00212737825528
26.875	30.5	1.00212709570243
27.125	30.5	1.00212679590789
27.375	30.5	1.00212648797788
27.625	30.5	1.00212617750615
27.875	30.5	1.00212586795054
28.125	30.5	1.00212556146959
28.375	30.5	1.00212525943095
28.625	30.5	1.0021249627203
28.875	30.5	1.00212467192912
29.125	30.5	1.00212438746876
29.375	30.5	1.00212410963972
29.625	30.5	1.0021238386738
29.875	30.5	1.00212357475967
30.125	30.5	1.00212331805835
30.375	30.5	1.00212306871267
30.625	30.5	1.00212282685298
30.875	30.5	1.00212259260057
31.125	30.5	1.00212236606979
31.375	30.5	1.00212214736928
31.625	30.5	1.00212193660273
31.875	30.5	1.0021217338693
32.125	30.5	1.00212153926392
32.375	30.5	1.00212135287738
32.625	30.5	1.00212117479642
32.875	30.5	1.00212100510381
33.125	30.5	1.00212084387827
33.375	30.5	1.00212069119455
33.625	30.5	1.00212054712336
33.875	30.5	1.00212041173141
34.125	30.5	1.00212028508131
34.375	30.5	1.00212016723163
34.625	30.5	1.00212005823684
34.875	30.5	1.00211995814729
35.125	30.5	1.0021198670092
35.375	30.5	1.00211978486466
35.625	30.5	1.00211971175157
35.875	30.5	1.00211964770368
36.125	30.5	1.00211959275053
36.375	30.5	1.00211954691747
36.625	30.5	1.00211951022564
36.875	30.5	1.00211948269195
37.125	30.5	1.0021194643291
37.375	30.5	1.00211945514556
0.125	31.5	-0.00211988531029705
0.375	31.5	-0.00211989483922393
0.625	31.5	-0.00211991389313913
0.875	31.5	-0.00211994246416729
1.125	31.5	-0.0021199805405001
1.375	31.5	-0.00212002810640201
1.625	31.5	-0.00212008514221785
1.875	31.5	-0.00212015162438227
2.125	31.5	-0.00212022752543116
2.375	31.5	-0.00212031281401488
2.625	31.5	-0.00212040745491333
2.875	31.5	-0.00212051140905285
3.125	31.5	-0.00212062463352485
3.375	31.5	-0.00212074708160621
3.625	31.5	-0.00212087870278113
3.875	31.5	-0.00212101944276445
4.125	31.5	-0.00212116924352598
4.375	31.5	-0.00212132804331537
4.625	31.5	-0.00212149577668671
4.875	31.5	-0.00212167237452146
5.125	31.5	-0.00212185776404741
5.375	31.5	-0.00212205186885018
5.625	31.5	-0.00212225460887087
5.875	31.5	-0.00212246590038018
6.125	31.5	-0.0021226856559125
6.375	31.5	-0.00212291378413285
6.625	31.5	-0.00212315018959257
6.875	31.5	-0.00212339477230049
7.125	31.5	-0.00212364742698955
7.375	31.5	-0.00212390804188123
7.625	31.5	-0.00212417649662247
7.875	31.5	-0.00212445265885994
8.125	31.5	-0.00212473637857105
8.375	31.5	-0.0021250274787028
8.625	31.5	-0.00212532573973407
8.875	31.5	-0.00212563087423832
9.125	31.5	-0.00212594248499122
9.375	31.5	-0.00212625999600091
9.625	31.5	-0.00212658253898239
9.875	31.5	-0.00212690876651549
10.125	31.5	-0.0021272365445619
10.375	31.5	-0.00212756244646982
10.625	31.5	-0.00212788092033109
10.875	31.5	-0.00212818291884766
11.125	31.5	-0.00212845364477053
11.375	31.5	-0.00212866884103683
11.625	31.5	-0.00212878868624868
11.875	31.5	-0.00212874774981897
12.125	31.5	-0.00212843846344933
12.375	31.5	-0.00212768392405031
12.625	31.5	-0.00212619314226734
12.875	31.5	-0.00212348740696981
13.125	31.5	-0.00211877912536292
13.375	31.5	-0.00211077247284908
13.625	31.5	-0.00209733541007733
13.875	31.5	-0.00207496011257893
14.125	31.5	-0.00203787544215193
14.375	31.5	-0.0019765874152071
14.625	31.5	-0.00187547995720644
14.875	31.5	-0.00170887345550564
15.125	31.5	-0.00143455668988535
15.375	31.5	-0.000983191102272916
15.625	31.5	-0.000241003645032775
15.875	31.5	0.000978346940988095
16.125	31.5	0.00297913679746905
16.375	31.5	0.00625574863562174
16.625	31.5	0.0116048566516475
16.875	31.5	0.0202928323532847
17.125	31.5	0.0342872439257988
17.375	31.5	0.0565295631365658
17.625	31.5	0.0911342682372755
17.875	31.5	0.14320316665775
18.125	31.5	0.217674518910196
18.375	31.5	0.316646907915391
18.625	31.5	0.435797398088634
18.875	31.5	0.562970508454174
19.125	31.5	0.682269786859705
19.375	31.5	0.781473591451233
19.625	31.5	0.856182072321742
19.875	31.5	0.908448145013862
20.125	31.5	0.943197902719206
20.375	31.5	0.96553928470263
20.625	31.5	0.979598347450004
20.875	31.5	0.988327364870013
21.125	31.5	0.993702094032609
21.375	31.5	0.996994541306512
21.625	31.5	0.999005062377955
21.875	31.5	1.00023037540893
22.125	31.5	1.00097621277584
22.375	31.5	1.00142981449176
22.625	31.5	1.00170550489427
22.875	31.5	1.00187295944875
23.125	31.5	1.00197459480856
23.375	31.5	1.00203621568383
23.625	31.5	1.00207351426653
23.875	31.5	1.00209603083479
24.125	31.5	1.00210956467754
24.375	31.5	1.00211764073695
24.625	31.5	1.00212240146305
24.875	31.5	1.0021251490145
25.125	31.5	1.00212667484062
25.375	31.5	1.0021274600033
25.625	31.5	1.00212779692754
25.875	31.5	1.00212786339579
26.125	31.5	1.00212776751754
26.375	31.5	1.00212757505886
26.625	31.5	1.00212732605148
26.875	31.5	1.00212704488651
27.125	31.5	1.00212674644875
27.375	31.5	1.00212643984456
27.625	31.5	1.00212613066743
27.875	31.5	1.00212582237482
28.125	31.5	1.00212551712477
28.375	31.5	1.00212521628447
28.625	31.5	1.00212492073916
28.875	31.5	1.00212463107994
29.125	31.5	1.00212434771785
29.375	31.5	1.00212407095316
29.625	31.5	1.00212380101748
29.875	31.5	1.00212353809935
30.125	31.5	1.00212328235973
30.375	31.5	1.00212303394142
30.625	31.5	1.00212279297481
30.875	31.5	1.00212255958124
31.125	31.5	1.00212233387516
31.375	31.5	1.00212211596534
31.625	31.5	1.00212190595561
31.875	31.5	1.00212170394532
32.125	31.5	1.00212151002956
32.375	31.5	1.00212132429934
32.625	31.5	1.00212114684161
32.875	31.5	1.00212097773933
33.125	31.5	1.00212081707147
33.375	31.5	1.00212066491298
33.625	31.5	1.00212052133481
33.875	31.5	1.00212038640385
34.125	31.5	1.00212026018296
34.375	31.5	1.00212014273089
34.625	31.5	1.00212003410231
34.875	31.5	1.00211993434776
35.125	31.5	1.00211984351363
35.375	31.5	1.00211976164217
35.625	31.5	1.00211968877144
35.875	31.5	1.0021196249353
36.125	31.5	1.00211957016343
36.375	31.5	1.00211952448127
36.625	31.5	1.00211948791006
36.875	31.5	1.00211946046677
37.125	31.5	1.00211944216416
37.375	31.5	1.00211943301073
0.125	32.5	-0.00211990438042132
0.375	32.5	-0.00211991393689064
0.625	32.5	-0.00211993304590672
0.875	32.5	-0.00211996169962611
1.125	32.5	-0.00211999988628818
1.375	32.5	-0.00212004759022046
1.625	32.5	-0.00212010479184594
1.875	32.5	-0.00212017146769208
2.125	32.5	-0.0021202475904016
2.375	32.5	-0.00212033312874503
2.625	32.5	-0.00212042804763502
2.875	32.5	-0.00212053230814232
3.125	32.5	-0.00212064586751342
3.375	32.5	-0.00212076867918972
3.625	32.5	-0.00212090069282818
3.875	32.5	-0.00212104185432315
4.125	32.5	-0.00212119210582913
4.375	32.5	-0.0021213513857839
4.625	32.5	-0.00212151962893114
4.875	32.5	-0.0021216967663413
5.125	32.5	-0.00212188272542825
5.375	32.5	-0.00212207742995818
5.625	32.5	-0.00212228080004452
5.875	32.5	-0.00212249275211909
6.125	32.5	-0.00212271319886282
6.375	32.5	-0.00212294204906922
6.625	32.5	-0.00212317920739617
6.875	32.5	-0.00212342457393293
7.125	32.5	-0.00212367804346229
7.375	32.5	-0.00212393950422017
7.625	32.5	-0.00212420883582741
7.875	32.5	-0.00212448590585866
8.125	32.5	-0.00212477056416784
8.375	32.5	-0.00212506263352128
8.625	32.5	-0.00212536189415466
8.875	32.5	-0.00212566805833099
9.125	32.5	-0.002125980728445
9.375	32.5	-0.00212629932805301
9.625	32.5	-0.00212662298835191
9.875	32.5	-0.00212695036135045
10.125	32.5	-0.00212727931241433
10.375	32.5	-0.00212760641432383
10.625	32.5	-0.00212792611472518
10.875	32.5	-0.00212822936616002
11.125	32.5	-0.00212850137178099
11.375	32.5	-0.00212871787595304
11.625	32.5	-0.00212883906050636
11.875	32.5	-0.00212879950116629
12.125	32.5	-0.00212849164115601
12.375	32.5	-0.00212773859762569
12.625	32.5	-0.00212624941596577
12.875	32.5	-0.00212354544383365
13.125	32.5	-0.00211883918697422
13.375	32.5	-0.00211083498494366
13.625	32.5	-0.00209740107072294
13.875	32.5	-0.00207503007038145
14.125	32.5	-0.002037951589629
14.375	32.5	-0.00197667287146008
14.625	32.5	-0.001875579861477
14.875	32.5	-0.00170899627061744
15.125	32.5	-0.00143471634013938
15.375	32.5	-0.000983410472098318
15.625	32.5	-0.000241320283509694
15.875	32.5	0.000977871575170067
16.125	32.5	0.00297840250415799
16.375	32.5	0.00625459308231125
16.625	32.5	0.0116030195616217
16.875	32.5	0.0202899035255512
17.125	32.5	0.0342825952350564
17.375	32.5	0.0565222788408079
17.625	32.5	0.091123123890412
17.875	32.5	0.143186773110628
18.125	32.5	0.217651807968992
18.375	32.5	0.316618023601463
18.625	32.5	0.435764531917847
18.875	32.5	0.56293762063392
19.125	32.5	0.682240848180829
19.375	32.5	0.781450815245718
19.625	32.5	0.856165619825474
19.875	32.5	0.908436955180793
20.125	32.5	0.943190586471922
20.375	32.5	0.965534614811306
20.625	32.5	0.979595405034721
20.875	32.5	0.988325519252919
21.125	32.5	0.993700933195112
21.375	32.5	0.996993803762566
21.625	32.5	0.999004585020209
21.875	32.5	1.00023005755149
22.125	32.5	1.00097599265942
22.375	32.5	1.0014296543827
22.625	32.5	1.00170538179533
22.875	32.5	1.00187285936689
23.125	32.5	1.00197450923913
23.375	32.5	1.00203613946219
23.625	32.5	1.00207344425817
23.875	32.5	1.00209596513784
24.125	32.5	1.00210950213772
24.375	32.5	1.00211758065277
24.625	32.5	1.00212234340671
24.875	32.5	1.00212509272317
25.125	32.5	1.0021266201505
25.375	32.5	1.00212740680969
25.625	32.5	1.00212774516066
25.875	32.5	1.00212781300622
26.125	32.5	1.00212771846743
26.375	32.5	1.00212752731673
26.625	32.5	1.00212727958908
26.875	32.5	1.00212699967706
27.125	32.5	1.00212670246586
27.375	32.5	1.00212639706169
27.625	32.5	1.00212608905761
27.875	32.5	1.00212578191048
28.125	32.5	1.00212547777778
28.375	32.5	1.0021251780261
28.625	32.5	1.00212488354018
28.875	32.5	1.00212459491067
29.125	32.5	1.00212431254822
29.375	32.5	1.00212403675278
29.625	32.5	1.00212376775573
29.875	32.5	1.00212350574543
30.125	32.5	1.0021232508827
30.375	32.5	1.0021230033103
30.625	32.5	1.00212276315856
30.875	32.5	1.00212253054885
31.125	32.5	1.00212230559567
31.375	32.5	1.00212208840787
31.625	32.5	1.00212187908938
31.875	32.5	1.00212167773969
32.125	32.5	1.00212148445403
32.375	32.5	1.00212129932357
32.625	32.5	1.00212112243543
32.875	32.5	1.00212095387276
33.125	32.5	1.0021207937147
33.375	32.5	1.0021206420364
33.625	32.5	1.002120498909
33.875	32.5	1.00212036439958
34.125	32.5	1.00212023857117
34.375	32.5	1.00212012148271
34.625	32.5	1.00212001318905
34.875	32.5	1.00211991374088
35.125	32.5	1.00211982318476
35.375	32.5	1.00211974156307
35.625	32.5	1.00211966891401
35.875	32.5	1.00211960527157
36.125	32.5	1.00211955066552
36.375	32.5	1.0021195051214
36.625	32.5	1.00211946866052
36.875	32.5	1.00211944129993
37.125	32.5	1.00211942305243
37.375	32.5	1.00211941392654
0.125	33.5	-0.00211991994741794
0.375	33.5	-0.0021199295286136
0.625	33.5	-0.0021199486870982
0.875	33.5	-0.00211997741505993
1.125	33.5	-0.00212001570078535
1.375	33.5	-0.00212006352866459
1.625	33.5	-0.00212012087919827
1.875	33.5	-0.00212018772900607
2.125	33.5	-0.00212026405083705
2.375	33.5	-0.00212034981358161
2.625	33.5	-0.00212044498228507
2.875	33.5	-0.00212054951816287
3.125	33.5	-0.00212066337861731
3.375	33.5	-0.0021207865172557
3.625	33.5	-0.00212091888390982
3.875	33.5	-0.00212106042465655
4.125	33.5	-0.00212121108183915
4.375	33.5	-0.00212137079408886
4.625	33.5	-0.00212153949634584
4.875	33.5	-0.00212171711987806
5.125	33.5	-0.00212190359229598
5.375	33.5	-0.00212209883755908
5.625	33.5	-0.00212230277596841
5.875	33.5	-0.00212251532413493
6.125	33.5	-0.00212273639490737
6.375	33.5	-0.00212296589723244
6.625	33.5	-0.00212320373590318
6.875	33.5	-0.00212344981112217
7.125	33.5	-0.00212370401775966
7.375	33.5	-0.00212396624410876
7.625	33.5	-0.00212423636981261
7.875	33.5	-0.00212451426242828
8.125	33.5	-0.00212479977174711
8.375	33.5	-0.00212509272042259
8.625	33.5	-0.00212539288852216
8.875	33.5	-0.00212569998808058
9.125	33.5	-0.00212601362120077
9.375	33.5	-0.00212633321108229
9.625	33.5	-0.00212665788850297
9.875	33.5	-0.00212698630499971
10.125	33.5	-0.0021273163254349
10.375	33.5	-0.00212764452209518
10.625	33.5	-0.00212796534221734
10.875	33.5	-0.00212826973814731
11.125	33.5	-0.00212854291327687
11.375	33.5	-0.00212876061301723
11.625	33.5	-0.00212888302167341
11.875	33.5	-0.00212884471990691
12.125	33.5	-0.00212853816004847
12.375	33.5	-0.00212778647535272
12.625	33.5	-0.00212629873897347
12.875	33.5	-0.00212359634567534
13.125	33.5	-0.00211889188031375
13.375	33.5	-0.00211088981440323
13.625	33.5	-0.00209745860003929
13.875	33.5	-0.00207509122601098
14.125	33.5	-0.0020380178971915
14.375	33.5	-0.00197674684478322
14.625	33.5	-0.00187566564226192
14.875	33.5	-0.00170910067915505
15.125	33.5	-0.00143485059873768
15.375	33.5	-0.000983593025513388
15.625	33.5	-0.000241581397693046
15.875	33.5	0.000977482360115735
16.125	33.5	0.00297780441700773
16.375	33.5	0.00625365526364008
16.625	33.5	0.0116015321931287
16.875	33.5	0.0202875359244711
17.125	33.5	0.0342788410320458
17.375	33.5	0.0565163997890095
17.625	33.5	0.091114132848483
17.875	33.5	0.143173550098986
18.125	33.5	0.217633491651581
18.375	33.5	0.316594729798453
18.625	33.5	0.435738027137117
18.875	33.5	0.562911097581375
19.125	33.5	0.682217508494641
19.375	33.5	0.781432443846207
19.625	33.5	0.856152347061562
19.875	33.5	0.908427925748967
20.125	33.5	0.943184680453071
20.375	33.5	0.965530842714604
20.625	33.5	0.979593025964942
20.875	33.5	0.988324024686408
21.125	33.5	0.993699990915102
21.375	33.5	0.996993202930127
21.625	33.5	0.999004194121989
21.875	33.5	1.00022979540633
22.125	33.5	1.00097580947356
22.375	33.5	1.00142951973442
22.625	33.5	1.00170527714469
22.875	33.5	1.00187277343356
23.125	33.5	1.00197443516757
23.375	33.5	1.00203607308926
23.625	33.5	1.00207338305704
23.875	33.5	1.00209590757502
24.125	33.5	1.00210944728197
24.375	33.5	1.00211752793748
24.625	33.5	1.0021222924855
24.875	33.5	1.00212504338233
25.125	33.5	1.00212657225585
25.375	33.5	1.00212736027441
25.625	33.5	1.00212769992583
25.875	33.5	1.00212776902914
26.125	33.5	1.00212767571456
26.375	33.5	1.00212748575949
26.625	33.5	1.00212723920139
26.875	33.5	1.00212696043389
27.125	33.5	1.00212666434244
27.375	33.5	1.00212636003304
27.625	33.5	1.00212605309835
27.875	33.5	1.00212574699475
28.125	33.5	1.00212544387919
28.375	33.5	1.00212514511781
28.625	33.5	1.00212485159493
28.875	33.5	1.00212456390084
29.125	33.5	1.00212428244588
29.375	33.5	1.0021240075298
29.625	33.5	1.00212373938379
29.875	33.5	1.0021234781961
30.125	33.5	1.00212322412751
30.375	33.5	1.00212297732074
30.625	33.5	1.00212273790614
30.875	33.5	1.00212250600515
31.125	33.5	1.00212228173235
31.375	33.5	1.0021220651967
31.625	33.5	1.00212185650228
31.875	33.5	1.00212165574871
32.125	33.5	1.00212146303141
32.375	33.5	1.00212127844171
32.625	33.5	1.00212110206693
32.875	33.5	1.00212093399041
33.125	33.5	1.00212077429149
33.375	33.5	1.00212062304551
33.625	33.5	1.0021204803238
33.875	33.5	1.00212034619365
34.125	33.5	1.00212022071828
34.375	33.5	1.00212010395681
34.625	33.5	1.00211999596424
34.875	33.5	1.00211989679146
35.125	33.5	1.00211980648517
35.375	33.5	1.0021197250879
35.625	33.5	1.00211965263797
35.875	33.5	1.0021195891695
36.125	33.5	1.00211953471237
36.375	33.5	1.00211948929221
36.625	33.5	1.0021194529304
36.875	33.5	1.00211942564406
37.125	33.5	1.00211940744603
37.375	33.5	1.00211939834487
0.125	34.5	-0.00211993160523556
0.375	34.5	-0.00211994120809295
0.625	34.5	-0.00211996040991811
0.875	34.5	-0.00211998920293331
1.125	34.5	-0.00212002757547614
1.375	34.5	-0.00212007551200446
1.625	34.5	-0.0021201329931031
1.875	34.5	-0.00212019999549212
2.125	34.5	-0.00212027649203675
2.375	34.5	-0.0021203624517589
2.625	34.5	-0.00212045783985024
2.875	34.5	-0.0021205626176868
3.125	34.5	-0.00212067674284498
3.375	34.5	-0.00212080016911899
3.625	34.5	-0.00212093284653942
3.875	34.5	-0.00212107472139291
4.125	34.5	-0.00212122573624237
4.375	34.5	-0.00212138582994737
4.625	34.5	-0.00212155493768377
4.875	34.5	-0.00212173299096122
5.125	34.5	-0.00212191991763612
5.375	34.5	-0.00212211564191655
5.625	34.5	-0.00212232008435281
5.875	34.5	-0.00212253316180369
6.125	34.5	-0.00212275478736203
6.375	34.5	-0.00212298487021244
6.625	34.5	-0.00212322331537691
6.875	34.5	-0.00212347002327509
7.125	34.5	-0.00212372488897918
7.375	34.5	-0.00212398780096569
7.625	34.5	-0.00212425863903885
7.875	34.5	-0.00212453727089064
8.125	34.5	-0.00212482354641693
8.375	34.5	-0.00212511728834113
8.625	34.5	-0.00212541827676178
8.875	34.5	-0.00212572622370201
9.125	34.5	-0.00212604073120725
9.375	34.5	-0.00212636122237215
9.625	34.5	-0.00212668682782355
9.875	34.5	-0.00212701619890759
10.125	34.5	-0.00212734720027123
10.375	34.5	-0.00212767640399081
10.625	34.5	-0.0021279982571522
10.875	34.5	-0.00212830371210521
11.125	34.5	-0.00212857797256344
11.375	34.5	-0.00212879678485334
11.625	34.5	-0.00212892033524943
11.875	34.5	-0.00212888320820354
12.125	34.5	-0.0021285778629279
12.375	34.5	-0.00212782744475002
12.625	34.5	-0.00212634104755493
12.875	34.5	-0.00212364010121331
13.125	34.5	-0.002118937249481
13.375	34.5	-0.00211093706207989
13.625	34.5	-0.0020975081541567
13.875	34.5	-0.00207514378441787
14.125	34.5	-0.00203807460364033
14.375	34.5	-0.0019768095785424
14.625	34.5	-0.00187573749435575
14.875	34.5	-0.00170918673472097
15.125	34.5	-0.00143495922039878
15.375	34.5	-0.000983737953816678
15.625	34.5	-0.000241785176138024
15.875	34.5	0.000977182833967676
16.125	34.5	0.00297734898525681
16.375	34.5	0.00625294646144638
16.625	34.5	0.011600413741941
16.875	34.5	0.0202857615134157
17.125	34.5	0.0342760334738752
17.375	34.5	0.0565120091501411
17.625	34.5	0.0911074237520983
17.875	34.5	0.143163688152117
18.125	34.5	0.217619835058919
18.375	34.5	0.316577364655099
18.625	34.5	0.435718269318098
18.875	34.5	0.562891325675146
19.125	34.5	0.682200107976415
19.375	34.5	0.781418744786792
19.625	34.5	0.856142446757237
19.875	34.5	0.908421187054975
20.125	34.5	0.94318026902272
20.375	34.5	0.965528021359516
20.625	34.5	0.979591242709704
20.875	34.5	0.988322900682942
21.125	34.5	0.993699278669982
21.375	34.5	0.996992745378052
21.625	34.5	0.999003893294069
21.875	34.5	1.00022959082871
22.125	34.5	1.00097566405317
22.375	34.5	1.00142941080774
22.625	34.5	1.00170519089781
22.875	34.5	1.00187270145918
23.125	34.5	1.00197437235337
23.375	34.5	1.00203601632771
23.625	34.5	1.00207333045887
23.875	34.5	1.00209585799039
24.125	34.5	1.00210940000937
24.375	34.5	1.00211748254674
24.625	34.5	1.00212224871042
24.875	34.5	1.00212500105542
25.125	34.5	1.00212653126885
25.375	34.5	1.00212732055436
25.625	34.5	1.00212766142064
25.875	34.5	1.00212773169883
26.125	34.5	1.00212763952609
26.375	34.5	1.00212745068365
26.625	34.5	1.00212720521093
26.875	34.5	1.00212692750251
27.125	34.5	1.00212663244413
27.375	34.5	1.00212632914183
27.625	34.5	1.00212602318811
27.875	34.5	1.00212571803913
28.125	34.5	1.00212541585165
28.375	34.5	1.0021251179916
28.625	34.5	1.00212482534314
28.875	34.5	1.00212453849647
29.125	34.5	1.00212425786188
29.375	34.5	1.00212398373909
29.625	34.5	1.00212371635934
29.875	34.5	1.00212345591093
30.125	34.5	1.00212320255475
30.375	34.5	1.00212295643365
30.625	34.5	1.00212271767816
30.875	34.5	1.00212248640989
31.125	34.5	1.00212226274362
31.375	34.5	1.00212204678853
31.625	34.5	1.00212183864893
31.875	34.5	1.00212163842468
32.125	34.5	1.00212144621144
32.375	34.5	1.00212126210079
32.625	34.5	1.0021210861803
32.875	34.5	1.00212091853355
33.125	34.5	1.00212075924013
33.375	34.5	1.00212060837563
33.625	34.5	1.00212046601162
33.875	34.5	1.0021203322156
34.125	34.5	1.00212020705102
34.375	34.5	1.00212009057721
34.625	34.5	1.00211998284937
34.875	34.5	1.00211988391857
35.125	34.5	1.00211979383168
35.375	34.5	1.0021197126314
35.625	34.5	1.0021196403562
35.875	34.5	1.00211957704032
36.125	34.5	1.00211952271376
36.375	34.5	1.00211947740225
36.625	34.5	1.00211944112727
36.875	34.5	1.00211941390599
37.125	34.5	1.0021193957513
37.375	34.5	1.00211938667181
0.125	35.5	-0.00211993899751875
0.375	35.5	-0.00211994861870187
0.625	35.5	-0.00211996785719783
0.875	35.5	-0.00211999670526759
1.125	35.5	-0.00212003515130668
1.375	35.5	-0.00212008317985007
1.625	35.5	-0.00212014077157874
1.875	35.5	-0.00212020790332778
2.125	35.5	-0.00212028454809616
2.375	35.5	-0.00212037067505796
2.625	35.5	-0.00212046624957523
2.875	35.5	-0.00212057123321219
3.125	35.5	-0.00212068558375097
3.375	35.5	-0.00212080925520859
3.625	35.5	-0.00212094219785506
3.875	35.5	-0.00212108435823252
4.125	35.5	-0.00212123567917487
4.375	35.5	-0.0021213960998275
4.625	35.5	-0.00212156555566619
4.875	35.5	-0.00212174397851373
5.125	35.5	-0.00212193129655206
5.375	35.5	-0.00212212743432609
5.625	35.5	-0.00212233231273316
5.875	35.5	-0.00212254584898808
6.125	35.5	-0.0021227679565473
6.375	35.5	-0.00212299854496515
6.625	35.5	-0.00212323751963773
6.875	35.5	-0.00212348478136147
7.125	35.5	-0.00212374022558597
7.375	35.5	-0.00212400374116363
7.625	35.5	-0.00212427520827076
7.875	35.5	-0.00212455449496507
8.125	35.5	-0.00212484145149918
8.375	35.5	-0.00212513590094155
8.625	35.5	-0.00212543762372133
8.875	35.5	-0.00212574633217523
9.125	35.5	-0.00212606162864315
9.375	35.5	-0.00212638293649389
9.625	35.5	-0.00212670938660872
9.875	35.5	-0.00212703963057232
10.125	35.5	-0.00212737153326345
10.375	35.5	-0.00212770166700199
10.625	35.5	-0.00212802447916316
10.875	35.5	-0.00212833092249185
11.125	35.5	-0.00212860620130544
11.375	35.5	-0.00212882606291711
11.625	35.5	-0.00212895069526307
11.875	35.5	-0.00212891468561804
12.125	35.5	-0.0021286104979851
12.375	35.5	-0.00212786128578549
12.625	35.5	-0.00212637615650555
12.875	35.5	-0.00212367656276265
13.125	35.5	-0.00211897518620154
13.375	35.5	-0.0021109766594556
13.625	35.5	-0.00209754970187684
13.875	35.5	-0.00207518774445539
14.125	35.5	-0.00203812172240047
14.375	35.5	-0.00197686107147902
14.625	35.5	-0.00187579534964526
14.875	35.5	-0.00170925421226851
15.125	35.5	-0.00143504167061042
15.375	35.5	-0.000983844157956717
15.625	35.5	-0.000241929532411385
15.875	35.5	0.000976976766644398
16.125	35.5	0.00297704280057922
16.375	35.5	0.00625247793547435
16.625	35.5	0.0115996830965966
16.875	35.5	0.0202846114737827
17.125	35.5	0.0342742231717058
17.375	35.5	0.0565091873630003
17.625	35.5	0.0911031207661997
17.875	35.5	0.143157370938503
18.125	35.5	0.217611093542038
18.375	35.5	0.316566253711722
18.625	35.5	0.435705629520433
18.875	35.5	0.562878676665199
19.125	35.5	0.682188973900089
19.375	35.5	0.78140997549989
19.625	35.5	0.856136104461089
19.875	35.5	0.90841686471442
20.125	35.5	0.94317743363841
20.375	35.5	0.96552620203274
20.625	35.5	0.979590086882835
20.875	35.5	0.988322166401861
21.125	35.5	0.993698807886721
21.375	35.5	0.996992437800297
21.625	35.5	0.999003686368475
21.875	35.5	1.00022944594253
22.125	35.5	1.00097555751976
22.375	35.5	1.00142932815048
22.625	35.5	1.00170512328756
22.875	35.5	1.00187264351634
23.125	35.5	1.00197432080028
23.375	35.5	1.00203596916543
23.625	35.5	1.0020732864654
23.875	35.5	1.00209581641537
24.125	35.5	1.00210936038843
24.375	35.5	1.00211744458874
24.625	35.5	1.00212221222898
24.875	35.5	1.00212496592745
25.125	35.5	1.00212649740935
25.375	35.5	1.00212728790119
25.625	35.5	1.00212762992535
25.875	35.5	1.00212770132112
26.125	35.5	1.00212761023046
26.375	35.5	1.00212742243744
26.625	35.5	1.00212717798317
26.875	35.5	1.0021269012632
27.125	35.5	1.00212660716389
27.375	35.5	1.00212630479168
27.625	35.5	1.00212599973935
27.875	35.5	1.00212569546332
28.125	35.5	1.00212539412056
28.375	35.5	1.00212509707726
28.625	35.5	1.00212480521783
28.875	35.5	1.00212451913273
29.125	35.5	1.00212423923255
29.375	35.5	1.00212396581734
29.625	35.5	1.00212369911865
29.875	35.5	1.00212343932514
30.125	35.5	1.00212318659804
30.375	35.5	1.00212294108058
30.625	35.5	1.00212270290366
30.875	35.5	1.00212247218926
31.125	35.5	1.00212224905254
31.375	35.5	1.00212203360307
31.625	35.5	1.00212182594551
31.875	35.5	1.0021216261801
32.125	35.5	1.00212143440286
32.375	35.5	1.00212125070574
32.625	35.5	1.00212107517665
32.875	35.5	1.0021209078995
33.125	35.5	1.00212074895421
33.375	35.5	1.00212059841669
33.625	35.5	1.0021204563588
33.875	35.5	1.00212032284833
34.125	35.5	1.002120197949
34.375	35.5	1.00212008172039
34.625	35.5	1.00211997421796
34.875	35.5	1.00211987549297
35.125	35.5	1.00211978559253
35.375	35.5	1.0021197045595
35.625	35.5	1.00211963243254
35.875	35.5	1.00211956924603
36.125	35.5	1.00211951503012
36.375	35.5	1.00211946981063
36.625	35.5	1.00211943360915
36.875	35.5	1.00211940644293
37.125	35.5	1.00211938832492
37.375	35.5	1.00211937926375
0.125	36.5	-0.00211994182191073
0.375	36.5	-0.00211995145777131
0.625	36.5	-0.00211997072564435
0.875	36.5	-0.00211999961783517
1.125	36.5	-0.0021200381228058
1.375	36.5	-0.00212008622517992
1.625	36.5	-0.00212014390574944
1.875	36.5	-0.00212021114148259
2.125	36.5	-0.00212028790553375
2.375	36.5	-0.00212037416725466
2.625	36.5	-0.00212046989220732
2.875	36.5	-0.00212057504217826
3.125	36.5	-0.0021206895751942
3.375	36.5	-0.0021208134455391
3.625	36.5	-0.00212094660377229
3.875	36.5	-0.00212108899674753
4.125	36.5	-0.00212124056763269
4.375	36.5	-0.00212140125592942
4.625	36.5	-0.00212157099749199
4.875	36.5	-0.00212174972454385
5.125	36.5	-0.00212193736568967
5.375	36.5	-0.00212213384591903
5.625	36.5	-0.00212233908659572
5.875	36.5	-0.00212255300542259
6.125	36.5	-0.00212277551636543
6.375	36.5	-0.00212300652950894
6.625	36.5	-0.00212324595080031
6.875	36.5	-0.0021234936816073
7.125	36.5	-0.00212374961797059
7.375	36.5	-0.00212401364935293
7.625	36.5	-0.00212428565655954
7.875	36.5	-0.00212456550829495
8.125	36.5	-0.00212485305547569
8.375	36.5	-0.00212514812185039
8.625	36.5	-0.00212545048854383
8.875	36.5	-0.00212575986860289
9.125	36.5	-0.00212607586509156
9.375	36.5	-0.00212639790211636
9.625	36.5	-0.00212672511131011
9.875	36.5	-0.00212705614502442
10.125	36.5	-0.00212738886892389
10.375	36.5	-0.00212771985614034
10.625	36.5	-0.00212804355490012
10.875	36.5	-0.00212835091886175
11.125	36.5	-0.0021286271533589
11.375	36.5	-0.00212884800689184
11.625	36.5	-0.00212897366886938
11.875	36.5	-0.00212893872851589
12.125	36.5	-0.00212863565257981
12.375	36.5	-0.00212788759855202
12.625	36.5	-0.00212640368018786
12.875	36.5	-0.00212370536001978
13.125	36.5	-0.00211900533564306
13.375	36.5	-0.00211100826562068
13.625	36.5	-0.00209758291171816
13.875	36.5	-0.00207522277454663
14.125	36.5	-0.00203815890381262
14.375	36.5	-0.00197690092374732
14.625	36.5	-0.00187583870258614
14.875	36.5	-0.00170930240638683
15.125	36.5	-0.00143509688629043
15.375	36.5	-0.000983909954910073
15.625	36.5	-0.000242011730332282
15.875	36.5	0.000976868659243465
16.125	36.5	0.0029768932916868
16.375	36.5	0.00625226192723185
16.625	36.5	0.0115993603343401
16.875	36.5	0.0202841184814208
17.125	36.5	0.0342734626899197
17.375	36.5	0.0565080175039344
17.625	36.5	0.0911013516810567
17.875	36.5	0.1431547870817
18.125	36.5	0.217607528986084
18.375	36.5	0.316561730543735
18.625	36.5	0.435700487732994
18.875	36.5	0.562873531102381
19.125	36.5	0.68218444125223
19.375	36.5	0.781406399564559
19.625	36.5	0.856133510326388
19.875	36.5	0.908415087697525
20.125	36.5	0.943176258204875
20.375	36.5	0.965525437847823
20.625	36.5	0.979589591511661
20.875	36.5	0.988321842140516
21.125	36.5	0.993698590942779
21.375	36.5	0.99699228770879
21.625	36.5	0.999003577896908
21.875	36.5	1.00022936351456
22.125	36.5	1.00097549157475
22.375	36.5	1.00142927283674
22.625	36.5	1.00170507502584
22.875	36.5	1.00187260011437
23.125	36.5	1.00197428091032
23.375	36.5	1.00203593195329
23.625	36.5	1.00207325140887
23.875	36.5	1.00209578318176
24.125	36.5	1.00210932876018
24.375	36.5	1.0021174144183
24.625	36.5	1.00212218341145
24.875	36.5	1.002124938384
25.125	36.5	1.00212647107717
25.375	36.5	1.00212726272746
25.625	36.5	1.00212760586354
25.875	36.5	1.00212767832878
26.125	36.5	1.00212758826792
26.375	36.5	1.00212740146696
26.625	36.5	1.0021271579685
26.875	36.5	1.00212688216928
27.125	36.5	1.00212658895669
27.375	36.5	1.00212628743806
27.625	36.5	1.00212598320705
27.875	36.5	1.00212567972086
28.125	36.5	1.00212537913728
28.375	36.5	1.00212508282323
28.625	36.5	1.00212479166391
28.875	36.5	1.0021245062505
29.125	36.5	1.00212422699431
29.375	36.5	1.0021239541961
29.625	36.5	1.00212368808813
29.875	36.5	1.00212342885972
30.125	36.5	1.00212317667278
30.375	36.5	1.00212293167119
30.625	36.5	1.00212269398646
30.875	36.5	1.0021224637412
31.125	36.5	1.00212224105115
31.375	36.5	1.00212202602644
31.625	36.5	1.00212181877231
31.875	36.5	1.00212161938952
32.125	36.5	1.0021214279746
32.375	36.5	1.00212124461997
32.625	36.5	1.00212106941402
32.875	36.5	1.00212090244111
33.125	36.5	1.00212074378158
33.375	36.5	1.00212059351174
33.625	36.5	1.00212045170381
33.875	36.5	1.00212031842597
34.125	36.5	1.00212019374225
34.375	36.5	1.00212007771255
34.625	36.5	1.00211997039261
34.875	36.5	1.00211987183397
35.125	36.5	1.00211978208398
35.375	36.5	1.00211970118573
35.625	36.5	1.00211962917806
35.875	36.5	1.00211956609556
36.125	36.5	1.00211951196849
36.375	36.5	1.00211946682285
36.625	36.5	1.00211943068031
36.875	36.5	1.00211940355821
37.125	36.5	1.00211938546958
37.375	36.5	1.00211937642309
0.125	37.5	-0.00211993983508716
0.375	37.5	-0.0021199494816143
0.625	37.5	-0.00211996877084539
0.875	37.5	-0.00211999769513562
1.125	37.5	-0.00212003624302197
1.375	37.5	-0.00212008439922827
1.625	37.5	-0.00212014214467186
1.875	37.5	-0.00212020945647204
2.125	37.5	-0.00212028630796001
2.375	37.5	-0.00212037266869052
2.625	37.5	-0.00212046850445498
2.875	37.5	-0.00212057377729619
3.125	37.5	-0.00212068844552444
3.375	37.5	-0.00212081246373499
3.625	37.5	-0.00212094578282674
3.875	37.5	-0.00212108835002184
4.125	37.5	-0.00212124010888602
4.375	37.5	-0.00212140099934885
4.625	37.5	-0.00212157095772334
4.875	37.5	-0.00212174991672321
5.125	37.5	-0.00212193780547573
5.375	37.5	-0.00212213454952626
5.625	37.5	-0.00212234007082841
5.875	37.5	-0.00212255428770984
6.125	37.5	-0.00212277711479713
6.375	37.5	-0.00212300846287275
6.625	37.5	-0.00212324823861975
6.875	37.5	-0.00212349634418087
7.125	37.5	-0.00212375267641219
7.375	37.5	-0.00212401712563335
7.625	37.5	-0.00212428957354925
7.875	37.5	-0.00212456988980811
8.125	37.5	-0.0021248579263155
8.375	37.5	-0.0021251535078557
8.625	37.5	-0.0021254564166369
8.875	37.5	-0.00212576636683846
9.125	37.5	-0.00212608296270677
9.375	37.5	-0.00212640562958139
9.625	37.5	-0.00212673350037903
9.875	37.5	-0.00212706522878522
10.125	37.5	-0.00212739868184641
10.375	37.5	-0.00212773043411951
10.625	37.5	-0.00212805493529068
10.875	37.5	-0.00212836314049783
11.125	37.5	-0.00212864025654782
11.375	37.5	-0.00212886203336468
11.625	37.5	-0.00212898866165966
11.875	37.5	-0.0021289547317196
12.125	37.5	-0.00212865271092023
12.375	37.5	-0.00212790575662391
12.625	37.5	-0.00212642298117599
12.875	37.5	-0.00212372584355587
13.125	37.5	-0.00211902703425144
13.375	37.5	-0.00211103119885247
13.625	37.5	-0.00209760707649985
13.875	37.5	-0.00207524812932983
14.125	37.5	-0.00203818534257402
14.375	37.5	-0.00197692823337522
14.625	37.5	-0.00187586649308855
14.875	37.5	-0.00170932999668571
15.125	37.5	-0.00143512311757416
15.375	37.5	-0.000983932886220406
15.625	37.5	-0.000242028143791731
15.875	37.5	0.000976864057922965
16.125	37.5	0.00297690915235154
16.375	37.5	0.0062523122674765
16.625	37.5	0.0115994676127683
16.875	37.5	0.0202843180476159
17.125	37.5	0.0342738085898367
17.375	37.5	0.0565085884034043
17.625	37.5	0.0911022525972415
17.875	37.5	0.143156136975879
18.125	37.5	0.217609419186334
18.375	37.5	0.316564148631736
18.625	37.5	0.435703246337649
18.875	37.5	0.562876291783142
19.125	37.5	0.682186864554211
19.375	37.5	0.781408296024808
19.625	37.5	0.856134865874292
19.875	37.5	0.908415992973557
20.125	37.5	0.943176832162009
20.375	37.5	0.96552578576985
20.625	37.5	0.979589792365786
20.875	37.5	0.988321950218279
21.125	37.5	0.993698641768915
21.375	37.5	0.996992303858627
21.625	37.5	0.999003573462953
21.875	37.5	1.0002293471937
22.125	37.5	1.00097546869043
22.375	37.5	1.00142924662479
22.625	37.5	1.00170504743818
22.875	37.5	1.00187257231651
23.125	37.5	1.00197425358743
23.375	37.5	1.00203590549781
23.625	37.5	1.00207322603542
23.875	37.5	1.00209575899726
24.125	37.5	1.00210930580671
24.375	37.5	1.00211739269926
24.625	37.5	1.00212216290748
24.875	37.5	1.00212491906267
25.125	37.5	1.00212645289891
25.375	37.5	1.00212724564911
25.625	37.5	1.00212758984052
25.875	37.5	1.00212766331636
26.125	37.5	1.002127574222
26.375	37.5	1.00212738834451
26.625	37.5	1.00212714572778
26.875	37.5	1.00212687076996
27.125	37.5	1.00212657835993
27.375	37.5	1.00212627760651
27.625	37.5	1.00212597410478
27.875	37.5	1.00212567131341
28.125	37.5	1.00212537139155
28.375	37.5	1.00212507570746
28.625	37.5	1.00212478514762
28.875	37.5	1.00212450030445
29.125	37.5	1.00212422159044
29.375	37.5	1.00212394930748
29.625	37.5	1.00212368368891
29.875	37.5	1.0021234249251
30.125	37.5	1.00212317317894
30.375	37.5	1.00212292859525
30.625	37.5	1.00212269130645
30.875	37.5	1.002122461436
31.125	37.5	1.00212223910046
31.375	37.5	1.00212202441074
31.625	37.5	1.00212181747281
31.875	37.5	1.00212161838811
32.125	37.5	1.00212142725386
32.375	37.5	1.00212124416309
32.625	37.5	1.00212106920479
32.875	37.5	1.00212090246386
33.125	37.5	1.00212074402118
33.375	37.5	1.00212059395353
33.625	37.5	1.00212045233362
33.875	37.5	1.00212031923002
34.125	37.5	1.00212019470718
34.375	37.5	1.00212007882537
34.625	37.5	1.00211997164066
34.875	37.5	1.00211987320492
35.125	37.5	1.00211978356576
35.375	37.5	1.00211970276653
35.625	37.5	1.00211963084632
35.875	37.5	1.00211956783989
36.125	37.5	1.0021195137777
36.375	37.5	1.00211946868591
36.625	37.5	1.00211943258629
36.875	37.5	1.00211940549629
37.125	37.5	1.00211938742902
37.375	37.5	1.00211937839321
0.125	38.5	-0.0021199328586894
0.375	38.5	-0.00211994251145971
0.625	38.5	-0.00211996181320411
0.875	38.5	-0.00211999075633187
1.125	38.5	-0.00212002932946122
1.375	38.5	-0.00212007751742472
1.625	38.5	-0.00212013530127625
1.875	38.5	-0.00212020265829982
2.125	38.5	-0.00212027956202003
2.375	38.5	-0.00212036598221425
2.625	38.5	-0.00212046188492646
2.875	38.5	-0.00212056723248265
3.125	38.5	-0.00212068198350784
3.375	38.5	-0.0021208060929444
3.625	38.5	-0.00212093951207182
3.875	38.5	-0.00212108218852744
4.125	38.5	-0.00212123406632796
4.375	38.5	-0.00212139508589109
4.625	38.5	-0.00212156518405657
4.875	38.5	-0.00212174429410499
5.125	38.5	-0.00212193234577234
5.375	38.5	-0.00212212926525633
5.625	38.5	-0.00212233497520849
5.875	38.5	-0.00212254939470202
6.125	38.5	-0.00212277243915888
6.375	38.5	-0.00212300402020914
6.625	38.5	-0.00212324404543808
6.875	38.5	-0.00212349241794804
7.125	38.5	-0.00212374903561484
7.375	38.5	-0.00212401378984095
7.625	38.5	-0.00212428656348033
7.875	38.5	-0.00212456722739974
8.125	38.5	-0.00212485563479607
8.375	38.5	-0.0021251516118211
8.625	38.5	-0.00212545494213014
8.875	38.5	-0.00212576534143225
9.125	38.5	-0.00212608241558882
9.375	38.5	-0.00212640559164134
9.625	38.5	-0.00212673400429519
9.875	38.5	-0.0021270663091082
10.125	38.5	-0.00212740037507431
10.375	38.5	-0.00212773277875603
10.625	38.5	-0.00212805797187162
10.875	38.5	-0.00212836691156189
11.125	38.5	-0.00212864480651218
11.375	38.5	-0.00212886740823976
11.625	38.5	-0.00212899490849556
11.875	38.5	-0.00212896189760714
12.125	38.5	-0.00212866084125552
12.375	38.5	-0.0021279148921581
12.625	38.5	-0.00212643315306419
12.875	38.5	-0.00212373706511372
13.125	38.5	-0.00211903928729779
13.375	38.5	-0.00211104441115266
13.625	38.5	-0.00209762108458555
13.875	38.5	-0.0020752626172954
14.125	38.5	-0.00203819974142094
14.375	38.5	-0.00197694155559844
14.625	38.5	-0.00187587706104621
14.875	38.5	-0.00170933499697033
15.125	38.5	-0.00143511787094265
15.375	38.5	-0.00098390965415881
15.625	38.5	-0.000241974184648321
15.875	38.5	0.000976969636191594
16.125	38.5	0.00297710043684178
16.375	38.5	0.00625264448947408
16.625	38.5	0.0116000293083708
16.875	38.5	0.0202852486947445
17.125	38.5	0.0342753216607848
17.375	38.5	0.0565109949593651
17.625	38.5	0.0911059683571898
17.875	38.5	0.143161633375079
18.125	38.5	0.217617058621638
18.375	38.5	0.316573882304193
18.625	38.5	0.435714331143044
18.875	38.5	0.562887384751993
19.125	38.5	0.682196618726191
19.375	38.5	0.781415960068452
19.625	38.5	0.856140384497531
19.875	38.5	0.908419725876245
20.125	38.5	0.943179250751716
20.375	38.5	0.965527306815612
20.625	38.5	0.979590728112946
20.875	38.5	0.98832251510268
21.125	38.5	0.993698975954796
21.375	38.5	0.996992496338857
21.625	38.5	0.999003679761573
21.875	38.5	1.00022940158139
22.125	38.5	1.00097549217288
22.375	38.5	1.00142925201344
22.625	38.5	1.00170504251422
22.875	38.5	1.00187256178518
23.125	38.5	1.00197424027795
23.375	38.5	1.00203589109742
23.625	38.5	1.00207321153744
23.875	38.5	1.0020957449742
24.125	38.5	1.0021092925766
24.375	38.5	1.00211738042684
24.625	38.5	1.00212215166574
24.875	38.5	1.00212490887024
25.125	38.5	1.00212644374274
25.375	38.5	1.0021272374982
25.625	38.5	1.00212758265419
25.875	38.5	1.00212765704926
26.125	38.5	1.00212756882706
26.375	38.5	1.00212738377467
26.625	38.5	1.00212714193703
26.875	38.5	1.00212686771388
27.125	38.5	1.00212657599597
27.375	38.5	1.00212627589412
27.625	38.5	1.00212597300545
27.875	38.5	1.00212567079062
28.125	38.5	1.00212537141075
28.375	38.5	1.00212507623596
28.625	38.5	1.00212478615452
28.875	38.5	1.00212450176055
29.125	38.5	1.00212422346817
29.375	38.5	1.00212395158078
29.625	38.5	1.00212368633318
29.875	38.5	1.00212342791711
30.125	38.5	1.00212317649675
30.375	38.5	1.00212293221814
30.625	38.5	1.00212269521484
30.875	38.5	1.0021224656114
31.125	38.5	1.00212224352539
31.375	38.5	1.0021220290687
31.625	38.5	1.00212182234818
31.875	38.5	1.00212162346615
32.125	38.5	1.00212143252059
32.375	38.5	1.0021212496053
32.625	38.5	1.00212107480995
32.875	38.5	1.00212090822011
33.125	38.5	1.00212074991725
33.375	38.5	1.00212059997874
33.625	38.5	1.00212045847779
33.875	38.5	1.00212032548348
34.125	38.5	1.0021202010607
34.375	38.5	1.00212008527014
34.625	38.5	1.00211997816825
34.875	38.5	1.00211987980725
35.125	38.5	1.00211979023505
35.375	38.5	1.0021197094953
35.625	38.5	1.00211963762733
35.875	38.5	1.00211957466614
36.125	38.5	1.00211952064238
36.375	38.5	1.00211947558235
36.625	38.5	1.00211943950798
36.875	38.5	1.00211941243683
37.125	38.5	1.00211939438208
37.375	38.5	1.00211938535251
0.125	39.5	-0.00211992078615365
0.375	39.5	-0.0021199304402929
0.625	39.5	-0.0021199497448029
0.875	39.5	-0.00211997869214845
1.125	39.5	-0.00212001727103135
1.375	39.5	-0.00212006546639615
1.625	39.5	-0.00212012325943754
1.875	39.5	-0.00212019062760978
2.125	39.5	-0.00212026754463782
2.375	39.5	-0.00212035398053035
2.625	39.5	-0.00212044990159452
2.875	39.5	-0.00212055527045246
3.125	39.5	-0.00212067004605945
3.375	39.5	-0.00212079418372367
3.625	39.5	-0.00212092763512738
3.875	39.5	-0.00212107034834931
4.125	39.5	-0.00212122226788795
4.375	39.5	-0.0021213833346852
4.625	39.5	-0.00212155348614943
4.875	39.5	-0.00212173265617668
5.125	39.5	-0.00212192077516762
5.375	39.5	-0.00212211777003657
5.625	39.5	-0.00212232356420654
5.875	39.5	-0.00212253807758008
6.125	39.5	-0.00212276122646976
6.375	39.5	-0.00212299292346104
6.625	39.5	-0.00212323307716319
6.875	39.5	-0.0021234815917752
7.125	39.5	-0.0021237383663465
7.375	39.5	-0.0021240032935347
7.625	39.5	-0.0021242762575353
7.875	39.5	-0.00212455713064798
8.125	39.5	-0.00212484576759922
8.375	39.5	-0.00212514199617237
8.625	39.5	-0.00212544560176145
8.875	39.5	-0.00212575630192628
9.125	39.5	-0.00212607370449496
9.375	39.5	-0.00212639723859392
9.625	39.5	-0.00212672604113085
9.875	39.5	-0.00212705876997708
10.125	39.5	-0.00212739329653585
10.375	39.5	-0.0021277261998441
10.625	39.5	-0.0021280519341033
10.875	39.5	-0.00212836145884753
11.125	39.5	-0.00212863998489647
11.375	39.5	-0.0021288632653582
11.625	39.5	-0.00212899149255553
11.875	39.5	-0.00212895925557969
12.125	39.5	-0.00212865901576156
12.375	39.5	-0.00212791391619959
12.625	39.5	-0.00212643304120388
12.875	39.5	-0.00212373779880765
13.125	39.5	-0.00211904079060646
13.375	39.5	-0.00211104651062839
13.625	39.5	-0.00209762344314276
13.875	39.5	-0.0020752646253186
14.125	39.5	-0.00203820033761197
14.375	39.5	-0.0019769389324405
14.625	39.5	-0.00187586818093367
14.875	39.5	-0.00170931479805413
15.125	39.5	-0.00143507796555179
15.375	39.5	-0.000983836200321151
15.625	39.5	-0.000241844417994935
15.875	39.5	0.000977193019360716
16.125	39.5	0.00297747828555905
16.375	39.5	0.00625327539335889
16.625	39.5	0.0116010713194348
16.875	39.5	0.020286950839793
17.125	39.5	0.0342780651422776
17.375	39.5	0.0565153353449984
17.625	39.5	0.0911126482653619
17.875	39.5	0.143171495086565
18.125	39.5	0.217630749700617
18.375	39.5	0.316591315578217
18.625	39.5	0.435734178652234
18.875	39.5	0.562907246523869
19.125	39.5	0.682214087814221
19.375	39.5	0.781429694136865
19.625	39.5	0.856150285030546
19.875	39.5	0.908426435728901
20.125	39.5	0.943183612158904
20.375	39.5	0.965530064231512
20.625	39.5	0.979592439174157
20.875	39.5	0.988323562694506
21.125	39.5	0.993699610302299
21.375	39.5	0.996992876291285
21.625	39.5	0.999003904419342
21.875	39.5	1.00022953211374
22.125	39.5	1.00097556608165
22.375	39.5	1.00142929218467
22.625	39.5	1.00170506286424
22.875	39.5	1.00187257074695
23.125	39.5	1.00197424294084
23.375	39.5	1.00203589051577
23.625	39.5	1.0020732095289
23.875	39.5	1.0020957426062
24.125	39.5	1.00210929046246
24.375	39.5	1.00211737890588
24.625	39.5	1.00212215091273
24.875	39.5	1.00212490896193
25.125	39.5	1.00212644469814
25.375	39.5	1.00212723930302
25.625	39.5	1.00212758527558
25.875	39.5	1.00212766044469
26.125	39.5	1.00212757294959
26.375	39.5	1.00212738857612
26.625	39.5	1.00212714736977
26.875	39.5	1.00212687373186
27.125	39.5	1.00212658255526
27.375	39.5	1.0021262829532
27.625	39.5	1.00212598052528
27.875	39.5	1.00212567873462
28.125	39.5	1.00212537974476
28.375	39.5	1.00212508492814
28.625	39.5	1.00212479517522
28.875	39.5	1.00212451108221
29.125	39.5	1.00212423306521
29.375	39.5	1.00212396142946
29.625	39.5	1.0021236964115
29.875	39.5	1.0021234382047
30.125	39.5	1.00212318697478
30.375	39.5	1.00212294286919
30.625	39.5	1.00212270602286
30.875	39.5	1.00212247656158
31.125	39.5	1.00212225460411
31.375	39.5	1.0021220402634
31.625	39.5	1.00212183364737
31.875	39.5	1.00212163485926
32.125	39.5	1.00212144399795
32.375	39.5	1.00212126115809
32.625	39.5	1.00212108643009
32.875	39.5	1.00212091990027
33.125	39.5	1.00212076165074
33.375	39.5	1.00212061175949
33.625	39.5	1.00212047030031
33.875	39.5	1.0021203373428
34.125	39.5	1.00212021295232
34.375	39.5	1.00212009719001
34.625	39.5	1.00211999011272
34.875	39.5	1.00211989177303
35.125	39.5	1.00211980221921
35.375	39.5	1.00211972149518
35.625	39.5	1.00211964964053
35.875	39.5	1.0021195866905
36.125	39.5	1.00211953267594
36.375	39.5	1.00211948762332
36.625	39.5	1.00211945155471
36.875	39.5	1.00211942448778
37.125	39.5	1.0021194064358
37.375	39.5	1.0021193974076
0.125	40.5	-0.00211990359024731
0.375	40.5	-0.0021199132404144
0.625	40.5	-0.0021199325370066
0.875	40.5	-0.0021199614725419
1.125	40.5	-0.00212000003580227
1.375	40.5	-0.00212004821183977
1.625	40.5	-0.00212010598198454
1.875	40.5	-0.00212017332385494
2.125	40.5	-0.00212025021136953
2.375	40.5	-0.0021203366147611
2.625	40.5	-0.00212043250059258
2.875	40.5	-0.00212053783177489
3.125	40.5	-0.00212065256758662
3.375	40.5	-0.00212077666369539
3.625	40.5	-0.00212091007218095
3.875	40.5	-0.00212105274155956
4.125	40.5	-0.00212120461680956
4.375	40.5	-0.00212136563939739
4.625	40.5	-0.00212153574730339
4.875	40.5	-0.00212171487504582
5.125	40.5	-0.002121902953701
5.375	40.5	-0.00212209991091569
5.625	40.5	-0.00212230567090575
5.875	40.5	-0.00212252015443096
6.125	40.5	-0.0021227432787297
6.375	40.5	-0.00212297495738637
6.625	40.5	-0.00212321510008716
6.875	40.5	-0.00212346361219118
7.125	40.5	-0.00212372039399664
7.375	40.5	-0.00212398533950463
7.625	40.5	-0.00212425833435487
7.875	40.5	-0.00212453925239867
8.125	40.5	-0.00212482795002822
8.375	40.5	-0.00212512425681349
8.625	40.5	-0.00212542796006266
8.875	40.5	-0.0021257387793834
9.125	40.5	-0.00212605632479009
9.375	40.5	-0.00212638002773609
9.625	40.5	-0.00212670902759447
9.875	40.5	-0.00212704198483028
10.125	40.5	-0.00212737677354545
10.375	40.5	-0.00212770997553486
10.625	40.5	-0.00212803604773416
10.875	40.5	-0.00212834595224322
11.125	40.5	-0.00212862490203229
11.375	40.5	-0.00212884865152957
11.625	40.5	-0.00212897739285488
11.875	40.5	-0.00212894571222354
12.125	40.5	-0.00212864606351582
12.375	40.5	-0.00212790157466578
12.625	40.5	-0.00212642130193129
12.875	40.5	-0.00212372660388487
13.125	40.5	-0.00211902999722981
13.375	40.5	-0.00211103583260075
13.625	40.5	-0.00209761235443339
13.875	40.5	-0.00207525220124931
14.125	40.5	-0.002038184993536
14.375	40.5	-0.00197691799404394
14.625	40.5	-0.00187583717818277
14.875	40.5	-0.00170926630615649
15.125	40.5	-0.00143499970498399
15.375	40.5	-0.000983707929213131
15.625	40.5	-0.000241632867756429
15.875	40.5	0.000977542347668011
16.125	40.5	0.00297805427666659
16.375	40.5	0.00625422205636806
16.625	40.5	0.0116026195265873
16.875	40.5	0.020289464376757
17.125	40.5	0.0342821009248984
17.375	40.5	0.0565217050932943
17.625	40.5	0.0911224370721837
17.875	40.5	0.143185933733741
18.125	40.5	0.217650784434853
18.375	40.5	0.31661681884259
18.625	40.5	0.435763209503179
18.875	40.5	0.562936297467774
19.125	40.5	0.682239641530579
19.375	40.5	0.781449789427029
19.625	40.5	0.856164778358019
19.875	40.5	0.908436266709374
20.125	40.5	0.943190011512584
20.375	40.5	0.965534119639101
20.625	40.5	0.979594965270644
20.875	40.5	0.988325118766061
21.125	40.5	0.993700561821923
21.375	40.5	0.996993455253569
21.625	40.5	0.999004255552306
21.875	40.5	1.00022974475267
22.125	40.5	1.00097569500423
22.375	40.5	1.00142937083061
22.625	40.5	1.00170511157994
22.875	40.5	1.00187260187561
23.125	40.5	1.00197426394598
23.375	40.5	1.00203590589092
23.625	40.5	1.00207322196261
23.875	40.5	1.00209575369175
24.125	40.5	1.00210930112975
24.375	40.5	1.00211738968408
24.625	40.5	1.00212216208994
24.875	40.5	1.00212492068209
25.125	40.5	1.00212645701982
25.375	40.5	1.00212725223508
25.625	40.5	1.00212759879864
25.875	40.5	1.00212767452412
26.125	40.5	1.00212758754325
26.375	40.5	1.00212740363895
26.625	40.5	1.00212716285648
26.875	40.5	1.00212688959848
27.125	40.5	1.00212659875997
27.375	40.5	1.00212629945672
27.625	40.5	1.00212599729108
27.875	40.5	1.00212569572894
28.125	40.5	1.0021253969365
28.375	40.5	1.00212510228883
28.625	40.5	1.00212481267885
28.875	40.5	1.00212452870508
29.125	40.5	1.00212425078582
29.375	40.5	1.00212397922836
29.625	40.5	1.00212371427115
29.875	40.5	1.00212345610935
30.125	40.5	1.00212320491033
30.375	40.5	1.00212296082313
30.625	40.5	1.00212272398408
30.875	40.5	1.00212249452034
31.125	40.5	1.00212227255192
31.375	40.5	1.00212205819293
31.625	40.5	1.00212185155234
31.875	40.5	1.00212165273443
32.125	40.5	1.00212146183898
32.375	40.5	1.00212127896149
32.625	40.5	1.0021211041932
32.875	40.5	1.00212093762112
33.125	40.5	1.00212077932807
33.375	40.5	1.00212062939263
33.625	40.5	1.00212048788918
33.875	40.5	1.00212035488785
34.125	40.5	1.00212023045447
34.375	40.5	1.00212011465063
34.625	40.5	1.00212000753356
34.875	40.5	1.00211990915622
35.125	40.5	1.00211981956718
35.375	40.5	1.00211973881066
35.625	40.5	1.00211966692651
35.875	40.5	1.00211960395018
36.125	40.5	1.00211954991273
36.375	40.5	1.00211950484079
36.625	40.5	1.00211946875656
36.875	40.5	1.00211944167783
37.125	40.5	1.00211942361793
37.375	40.5	1.00211941458575
0.125	41.5	-0.0021198813309402
0.375	41.5	-0.00211989097134305
0.625	41.5	-0.00211991024842978
0.875	41.5	-0.00211993915476453
1.125	41.5	-0.00211997767919889
1.375	41.5	-0.00212002580687848
1.625	41.5	-0.00212008351925158
1.875	41.5	-0.00212015079408002
2.125	41.5	-0.00212022760545216
2.375	41.5	-0.00212031392379804
2.625	41.5	-0.00212040971590659
2.875	41.5	-0.002120514944945
3.125	41.5	-0.00212062957047999
3.375	41.5	-0.00212075354850115
3.625	41.5	-0.00212088683144606
3.875	41.5	-0.00212102936822698
4.125	41.5	-0.0021211811042589
4.375	41.5	-0.00212134198148841
4.625	41.5	-0.0021215119384224
4.875	41.5	-0.00212169091015543
5.125	41.5	-0.00212187882839338
5.375	41.5	-0.00212207562146967
5.625	41.5	-0.0021222812143481
5.875	41.5	-0.0021224955286021
6.125	41.5	-0.0021227184823543
6.375	41.5	-0.00212294999014907
6.625	41.5	-0.0021231899627139
6.875	41.5	-0.00212343830653648
7.125	41.5	-0.00212369492313728
7.375	41.5	-0.00212395970784
7.625	41.5	-0.00212423254771462
7.875	41.5	-0.00212451331815772
8.125	41.5	-0.00212480187722952
8.375	41.5	-0.00212509805629857
8.625	41.5	-0.00212540164460968
8.875	41.5	-0.00212571236385177
9.125	41.5	-0.00212602982626999
9.375	41.5	-0.00212635346569942
9.625	41.5	-0.00212668242404123
9.875	41.5	-0.00212701536441989
10.125	41.5	-0.00212735016369545
10.375	41.5	-0.00212768340645715
10.625	41.5	-0.00212800955235969
10.875	41.5	-0.00212831956595305
11.125	41.5	-0.00212859866206004
11.375	41.5	-0.0021288225958121
11.625	41.5	-0.0021289515579634
11.875	41.5	-0.00212892012977003
12.125	41.5	-0.00212862075403793
12.375	41.5	-0.00212787653735069
12.625	41.5	-0.00212639649748104
12.875	41.5	-0.00212370192608644
13.125	41.5	-0.00211900522593332
13.375	41.5	-0.00211101055610803
13.625	41.5	-0.00209758584157193
13.875	41.5	-0.00207522319071336
14.125	41.5	-0.00203815134723888
14.375	41.5	-0.0019768761270602
14.625	41.5	-0.00187578112195589
14.875	41.5	-0.00170918617048396
15.125	41.5	-0.00143487915646723
15.375	41.5	-0.000983520066440189
15.625	41.5	-0.000241333498378755
15.875	41.5	0.000978025598503705
16.125	41.5	0.00297883943413538
16.375	41.5	0.00625550033553421
16.625	41.5	0.011604697483606
16.875	41.5	0.0202928250722012
17.125	41.5	0.0342874839097429
17.375	41.5	0.0565301883388894
17.625	41.5	0.0911354616497204
17.875	41.5	0.143205134217947
18.125	41.5	0.217677417412128
18.375	41.5	0.31665071449679
18.625	41.5	0.435801789354818
18.875	41.5	0.562974902631528
19.125	41.5	0.682273600738947
19.375	41.5	0.781476498680397
19.625	41.5	0.856184047710497
19.875	41.5	0.908449344397856
20.125	41.5	0.943198532038123
20.375	41.5	0.965539527335223
20.625	41.5	0.979598341781463
20.875	41.5	0.988327206628167
21.125	41.5	0.993701846220673
21.375	41.5	0.996994244158087
21.625	41.5	0.999004741082509
21.875	41.5	1.00023004550068
22.125	41.5	1.00097588369556
22.375	41.5	1.00142949187282
22.625	41.5	1.0017051920059
22.875	41.5	1.00187265809879
23.125	41.5	1.00197430590524
23.375	41.5	1.00203593958436
23.625	41.5	1.00207325099308
23.875	41.5	1.0020957802082
24.125	41.5	1.00210932640004
24.375	41.5	1.00211741444336
24.625	41.5	1.0021221867523
24.875	41.5	1.00212494546912
25.125	41.5	1.00212648203861
25.375	41.5	1.00212727752543
25.625	41.5	1.00212762436167
25.875	41.5	1.00212770033946
26.125	41.5	1.00212761357939
26.375	41.5	1.00212742985938
26.625	41.5	1.0021271892233
26.875	41.5	1.00212691607447
27.125	41.5	1.00212662530974
27.375	41.5	1.00212632604735
27.625	41.5	1.00212602389235
27.875	41.5	1.00212572231343
28.125	41.5	1.00212542347955
28.375	41.5	1.00212512876843
28.625	41.5	1.00212483907552
28.875	41.5	1.00212455500173
29.125	41.5	1.00212427696758
29.375	41.5	1.00212400528246
29.625	41.5	1.00212374018674
29.875	41.5	1.00212348187738
30.125	41.5	1.00212323052344
30.375	41.5	1.00212298627546
30.625	41.5	1.00212274927125
30.875	41.5	1.00212251963927
31.125	41.5	1.00212229750074
31.375	41.5	1.00212208297092
31.625	41.5	1.00212187615983
31.875	41.5	1.00212167717267
32.125	41.5	1.00212148611014
32.375	41.5	1.00212130306854
32.625	41.5	1.00212112813986
32.875	41.5	1.0021209614118
33.125	41.5	1.0021208029678
33.375	41.5	1.00212065288703
33.625	41.5	1.00212051124439
33.875	41.5	1.00212037811048
34.125	41.5	1.00212025355158
34.375	41.5	1.00212013762967
34.625	41.5	1.00212003040235
34.875	41.5	1.00211993192288
35.125	41.5	1.00211984224013
35.375	41.5	1.00211976139857
35.625	41.5	1.0021196894383
35.875	41.5	1.00211962639494
36.125	41.5	1.00211957229972
36.375	41.5	1.00211952717943
36.625	41.5	1.00211949105638
36.875	41.5	1.00211946394845
37.125	41.5	1.00211944586905
37.375	41.5	1.00211943682711
0.125	42.5	-0.00211985416307238
0.375	42.5	-0.00211986378752356
0.625	42.5	-0.00211988303272379
0.875	42.5	-0.00211991189127105
1.125	42.5	-0.00211995035206811
1.375	42.5	-0.00211999840032951
1.625	42.5	-0.00212005601759096
1.875	42.5	-0.00212012318172094
2.125	42.5	-0.00212019986693475
2.375	42.5	-0.00212028604381072
2.625	42.5	-0.00212038167930888
2.875	42.5	-0.00212048673679173
3.125	42.5	-0.00212060117604738
3.375	42.5	-0.00212072495331472
3.625	42.5	-0.00212085802131072
3.875	42.5	-0.00212100032925949
4.125	42.5	-0.00212115182292298
4.375	42.5	-0.00212131244463261
4.625	42.5	-0.00212148213332121
4.875	42.5	-0.0021216608245537
5.125	42.5	-0.00212184845055447
5.375	42.5	-0.00212204494022761
5.625	42.5	-0.00212225021916407
5.875	42.5	-0.0021224642096256
6.125	42.5	-0.00212268683048938
6.375	42.5	-0.00212291799712597
6.625	42.5	-0.0021231576211666
6.875	42.5	-0.00212340561008643
7.125	42.5	-0.00212366186648389
7.375	42.5	-0.00212392628685824
7.625	42.5	-0.00212419875956008
7.875	42.5	-0.00212447916137955
8.125	42.5	-0.00212476735189142
8.375	42.5	-0.00212506316410773
8.625	42.5	-0.00212536638905327
8.875	42.5	-0.00212567675033987
9.125	42.5	-0.00212599386228245
9.375	42.5	-0.00212631716093248
9.625	42.5	-0.00212664579054605
9.875	42.5	-0.00212697841672004
10.125	42.5	-0.00212731291886087
10.375	42.5	-0.00212764588409765
10.625	42.5	-0.00212797177447599
10.875	42.5	-0.00212828155654304
11.125	42.5	-0.00212856044631102
11.375	42.5	-0.00212878419859982
11.625	42.5	-0.00212891300119803
11.875	42.5	-0.00212888142783136
12.125	42.5	-0.0021285819060529
12.375	42.5	-0.00212783751426109
12.625	42.5	-0.00212635722052505
12.875	42.5	-0.00212366223113962
13.125	42.5	-0.00211896480457337
13.375	42.5	-0.00211096885837837
13.625	42.5	-0.00209754191573982
13.875	42.5	-0.0020751754194136
14.125	42.5	-0.00203809701328283
14.375	42.5	-0.00197681069937205
14.625	42.5	-0.00187569708202922
14.875	42.5	-0.00170907108547494
15.125	42.5	-0.00143471251972018
15.375	42.5	-0.000983268128571683
15.625	42.5	-0.000240940841707818
15.875	42.5	0.000978649711309964
16.125	42.5	0.00297984295609104
16.375	42.5	0.00625712295940708
16.625	42.5	0.0116073234876031
16.875	42.5	0.0202970600069307
17.125	42.5	0.0342942548912553
17.375	42.5	0.0565408467840876
17.625	42.5	0.091151814222387
17.875	42.5	0.143229230146575
18.125	42.5	0.217710831825951
18.375	42.5	0.31669323378384
18.625	42.5	0.435850179773065
18.875	42.5	0.563023322573458
19.125	42.5	0.682316194151086
19.375	42.5	0.781510002049414
19.625	42.5	0.856208223945854
19.875	42.5	0.908465758894899
20.125	42.5	0.943209233944447
20.375	42.5	0.965546327122737
20.625	42.5	0.979602595151829
20.875	42.5	0.988329844179414
21.125	42.5	0.99370347598075
21.375	42.5	0.996995252052183
21.625	42.5	0.999005367857826
21.875	42.5	1.00023043977073
22.125	42.5	1.0009761366061
22.375	42.5	1.00142965909212
22.625	42.5	1.00170530743639
22.875	42.5	1.00187274234032
23.125	42.5	1.00197437144731
23.375	42.5	1.00203599397986
23.625	42.5	1.00207329879395
23.875	42.5	1.00209582414426
24.125	42.5	1.00210936809634
24.375	42.5	1.00211745485626
24.625	42.5	1.00212222643456
24.875	42.5	1.00212498473085
25.125	42.5	1.00212652104497
25.375	42.5	1.00212731635579
25.625	42.5	1.00212766304546
25.875	42.5	1.00212773887778
26.125	42.5	1.00212765195799
26.375	42.5	1.00212746805642
26.625	42.5	1.00212722721396
26.875	42.5	1.00212695383358
27.125	42.5	1.00212666281332
27.375	42.5	1.00212636327341
27.625	42.5	1.00212606082129
27.875	42.5	1.00212575892818
28.125	42.5	1.00212545976559
28.375	42.5	1.0021251647137
28.625	42.5	1.00212487467033
28.875	42.5	1.00212459023861
29.125	42.5	1.00212431184112
29.375	42.5	1.00212403978916
29.625	42.5	1.0021237743249
29.875	42.5	1.00212351564693
30.125	42.5	1.00212326392583
30.375	42.5	1.00212301931355
30.625	42.5	1.00212278194916
30.875	42.5	1.0021225519623
31.125	42.5	1.00212232947527
31.375	42.5	1.00212211460432
31.625	42.5	1.00212190746035
31.875	42.5	1.00212170814943
32.125	42.5	1.00212151677298
32.375	42.5	1.002121333428
32.625	42.5	1.0021211582071
32.875	42.5	1.00212099119856
33.125	42.5	1.00212083248634
33.375	42.5	1.00212068215007
33.625	42.5	1.00212054026509
33.875	42.5	1.00212040690236
34.125	42.5	1.00212028212854
34.375	42.5	1.00212016600589
34.625	42.5	1.00212005859231
34.875	42.5	1.00211995994129
35.125	42.5	1.00211987010195
35.375	42.5	1.00211978911894
35.625	42.5	1.00211971703251
35.875	42.5	1.00211965387846
36.125	42.5	1.00211959968815
36.375	42.5	1.00211955448844
36.625	42.5	1.00211951830176
36.875	42.5	1.00211949114605
37.125	42.5	1.00211947303476
37.375	42.5	1.00211946397687
0.125	43.5	-0.00211982234315085
0.375	43.5	-0.00211983194516759
0.625	43.5	-0.00211985114550692
0.875	43.5	-0.00211987993678293
1.125	43.5	-0.0021199183079229
1.375	43.5	-0.00211996624417483
1.625	43.5	-0.0021200237271173
1.875	43.5	-0.00212009073467199
2.125	43.5	-0.00212016724111852
2.375	43.5	-0.00212025321711186
2.625	43.5	-0.00212034862970221
2.875	43.5	-0.00212045344235726
3.125	43.5	-0.00212056761498692
3.375	43.5	-0.00212069110397037
3.625	43.5	-0.00212082386218534
3.875	43.5	-0.0021209658390395
4.125	43.5	-0.00212111698050354
4.375	43.5	-0.00212127722914565
4.625	43.5	-0.00212144652416631
4.875	43.5	-0.00212162480143233
5.125	43.5	-0.00212181199350767
5.375	43.5	-0.00212200802967758
5.625	43.5	-0.00212221283595988
5.875	43.5	-0.00212242633509345
6.125	43.5	-0.00212264844648767
6.375	43.5	-0.00212287908610565
6.625	43.5	-0.00212311816623716
6.875	43.5	-0.00212336559508794
7.125	43.5	-0.00212362127606553
7.375	43.5	-0.00212388510656363
7.625	43.5	-0.00212415697591992
7.875	43.5	-0.00212443676201172
8.125	43.5	-0.00212472432560867
8.375	43.5	-0.00212501950103289
8.625	43.5	-0.00212532208074114
8.875	43.5	-0.00212563178990436
9.125	43.5	-0.00212594824452594
9.375	43.5	-0.00212627088247203
9.625	43.5	-0.00212659884992708
9.875	43.5	-0.00212693081450142
10.125	43.5	-0.00212726465764471
10.375	43.5	-0.00212759696845877
10.625	43.5	-0.00212792221071667
10.875	43.5	-0.00212823135214982
11.125	43.5	-0.00212850960890996
11.375	43.5	-0.0021287327340747
11.625	43.5	-0.00212886091041825
11.875	43.5	-0.00212882870107878
12.125	43.5	-0.00212852851364824
12.375	43.5	-0.00212778339092203
12.625	43.5	-0.00212630223939543
12.875	43.5	-0.00212360616080882
13.125	43.5	-0.0021189072380955
13.375	43.5	-0.00211090909621404
13.625	43.5	-0.00209747877289283
13.875	43.5	-0.00207510690789047
14.125	43.5	-0.00203801981956756
14.375	43.5	-0.00197671932505536
14.625	43.5	-0.00187558243135782
14.875	43.5	-0.00170891814596695
15.125	43.5	-0.0014344965587963
15.375	43.5	-0.000982948470614541
15.625	43.5	-0.000240450723403871
15.875	43.5	0.000979419579162928
16.125	43.5	0.00298107075683315
16.375	43.5	0.0062590973493567
16.625	43.5	0.0116105072448935
16.875	43.5	0.0203021824009224
17.125	43.5	0.0343024324905887
17.375	43.5	0.0565537072072574
17.625	43.5	0.0911715333976394
17.875	43.5	0.143258276054285
18.125	43.5	0.21775110109139
18.375	43.5	0.316744468039439
18.625	43.5	0.435908482793362
18.875	43.5	0.563081657892573
19.125	43.5	0.682367509494923
19.375	43.5	0.781550368616595
19.625	43.5	0.856237357683731
19.875	43.5	0.90848554578571
20.125	43.5	0.943222141886176
20.375	43.5	0.965554536213392
20.625	43.5	0.979607737698598
20.875	43.5	0.988333040559799
21.125	43.5	0.9937054581732
21.375	43.5	0.996996484635363
21.625	43.5	0.999006140640463
21.875	43.5	1.00023093165783
22.125	43.5	1.00097645733298
22.375	43.5	1.00142987569577
22.625	43.5	1.00170546075951
22.875	43.5	1.00187285721723
23.125	43.5	1.0019744629523
23.375	43.5	1.00203607124624
23.625	43.5	1.0020733673429
23.875	43.5	1.00209588730312
24.125	43.5	1.00210942786147
24.375	43.5	1.00211751241774
24.625	43.5	1.00212228249502
24.875	43.5	1.00212503969911
25.125	43.5	1.00212657515356
25.375	43.5	1.00212736973227
25.625	43.5	1.00212771575554
25.875	43.5	1.00212779095139
26.125	43.5	1.00212770340501
26.375	43.5	1.00212751887608
26.625	43.5	1.00212727740044
26.875	43.5	1.00212700337929
27.125	43.5	1.00212671171082
27.375	43.5	1.0021264115164
27.625	43.5	1.00212610840521
27.875	43.5	1.00212580585044
28.125	43.5	1.00212550602565
28.375	43.5	1.00212521031302
28.625	43.5	1.00212491961229
28.875	43.5	1.00212463452843
29.125	43.5	1.00212435548567
29.375	43.5	1.00212408279691
29.625	43.5	1.00212381670572
29.875	43.5	1.00212355741203
30.125	43.5	1.00212330508758
30.375	43.5	1.00212305988542
30.625	43.5	1.00212282194561
30.875	43.5	1.00212259139869
31.125	43.5	1.00212236836776
31.375	43.5	1.0021221529698
31.625	43.5	1.00212194531638
31.875	43.5	1.00212174551414
32.125	43.5	1.00212155366505
32.375	43.5	1.00212136986659
32.625	43.5	1.00212119421179
32.875	43.5	1.0021210267893
33.125	43.5	1.00212086768342
33.375	43.5	1.00212071697411
33.625	43.5	1.00212057473694
33.875	43.5	1.00212044104314
34.125	43.5	1.00212031595956
34.375	43.5	1.00212019954864
34.625	43.5	1.00212009186845
34.875	43.5	1.00211999297263
35.125	43.5	1.00211990291039
35.375	43.5	1.00211982172651
35.625	43.5	1.00211974946132
35.875	43.5	1.00211968615071
36.125	43.5	1.00211963182609
36.375	43.5	1.00211958651438
36.625	43.5	1.00211955023805
36.875	43.5	1.00211952301508
37.125	43.5	1.00211950485893
37.375	43.5	1.00211949577861
0.125	44.5	-0.00211978623452341
0.375	44.5	-0.00211979580747342
0.625	44.5	-0.00211981494967583
0.875	44.5	-0.00211984365373801
1.125	44.5	-0.00211988190857747
1.375	44.5	-0.00211992969942971
1.625	44.5	-0.00211998700785874
1.875	44.5	-0.00212005381177009
2.125	44.5	-0.00212013008542659
2.375	44.5	-0.00212021579946659
2.625	44.5	-0.00212031092092499
2.875	44.5	-0.0021204154132567
3.125	44.5	-0.00212052923636279
3.375	44.5	-0.00212065234661908
3.625	44.5	-0.00212078469690721
3.875	44.5	-0.0021209262366479
4.125	44.5	-0.00212107691183625
4.375	44.5	-0.00212123666507847
4.625	44.5	-0.00212140543562931
4.875	44.5	-0.0021215831594289
5.125	44.5	-0.00212176976913663
5.375	44.5	-0.00212196519415861
5.625	44.5	-0.00212216936066259
5.875	44.5	-0.00212238219157042
6.125	44.5	-0.00212260360651167
6.375	44.5	-0.00212283352171153
6.625	44.5	-0.00212307184976863
6.875	44.5	-0.00212331849924973
7.125	44.5	-0.00212357337398111
7.375	44.5	-0.00212383637183906
7.625	44.5	-0.0021241073827139
7.875	44.5	-0.00212438628511214
8.125	44.5	-0.00212467294051565
8.375	44.5	-0.00212496718404777
8.625	44.5	-0.00212526880906074
8.875	44.5	-0.00212557754171823
9.125	44.5	-0.00212589299911317
9.375	44.5	-0.00212621462029097
9.625	44.5	-0.00212654155268698
9.875	44.5	-0.00212687246519704
10.125	44.5	-0.00212720524052238
10.375	44.5	-0.00212753646886146
10.625	44.5	-0.00212786061472103
10.875	44.5	-0.00212816864585132
11.125	44.5	-0.00212844577711884
11.375	44.5	-0.00212866775803107
11.625	44.5	-0.0021287947638818
11.875	44.5	-0.00212876134373087
12.125	44.5	-0.00212845988005818
12.375	44.5	-0.00212771337220009
12.625	44.5	-0.00212623065279704
12.875	44.5	-0.00212353269949816
13.125	44.5	-0.00211883138824857
13.375	44.5	-0.00211083000037265
13.625	44.5	-0.00209739500488479
13.875	44.5	-0.00207501610228767
14.125	44.5	-0.00203791806196072
14.375	44.5	-0.0019766001492423
14.625	44.5	-0.00187543517103678
14.875	44.5	-0.00170872522784181
15.125	44.5	-0.00143422906337389
15.375	44.5	-0.000982558868277
15.625	44.5	-0.000239861031667063
15.875	44.5	0.000980336987033709
16.125	44.5	0.00298252393890079
16.375	44.5	0.00626142334523107
16.625	44.5	0.0116142464010331
16.875	44.5	0.0203081862394326
17.125	44.5	0.0343120047922919
17.375	44.5	0.0565687485261736
17.625	44.5	0.0911945845365913
17.875	44.5	0.143292218675996
18.125	44.5	0.217798149174258
18.375	44.5	0.316804318338566
18.625	44.5	0.435976583700019
18.875	44.5	0.563149792013881
19.125	44.5	0.682427443176398
19.375	44.5	0.781597516742556
19.625	44.5	0.856271390596242
19.875	44.5	0.908508666525028
20.125	44.5	0.943237232037404
20.375	44.5	0.96556414087169
20.625	44.5	0.979613762241072
20.875	44.5	0.988336792683734
21.125	44.5	0.99370779218537
21.375	44.5	0.99699794273239
21.625	44.5	0.999007061045756
21.875	44.5	1.00023152317054
22.125	44.5	1.00097684803784
22.375	44.5	1.00143014385611
22.625	44.5	1.00170565407641
22.875	44.5	1.00187300471452
23.125	44.5	1.00197458226672
23.375	44.5	1.00203617308259
23.625	44.5	1.00207345819076
23.875	44.5	1.00209597109108
24.125	44.5	1.00210950696357
24.375	44.5	1.00211758826539
24.625	44.5	1.00212235594886
24.875	44.5	1.00212511127491
25.125	44.5	1.00212664515934
25.375	44.5	1.00212743835151
25.625	44.5	1.00212778309757
25.875	44.5	1.00212785708194
26.125	44.5	1.00212776836457
26.375	44.5	1.00212758269102
26.625	44.5	1.00212734008959
26.875	44.5	1.00212706495791
27.125	44.5	1.00212677219284
27.375	44.5	1.00212647091578
27.625	44.5	1.00212616673663
27.875	44.5	1.00212586312967
28.125	44.5	1.00212556226971
28.375	44.5	1.00212526554023
28.625	44.5	1.0021249738422
28.875	44.5	1.00212468778176
29.125	44.5	1.00212440778426
29.375	44.5	1.00212413416355
29.625	44.5	1.00212386716414
29.875	44.5	1.00212360698672
30.125	44.5	1.00212335380377
30.375	44.5	1.00212310776896
30.625	44.5	1.0021228690229
30.875	44.5	1.0021226376966
31.125	44.5	1.0021224139136
31.375	44.5	1.00212219779122
31.625	44.5	1.00212198944136
31.875	44.5	1.00212178897091
32.125	44.5	1.00212159648206
32.375	44.5	1.00212141207247
32.625	44.5	1.00212123583531
32.875	44.5	1.00212106785938
33.125	44.5	1.00212090822905
33.375	44.5	1.00212075702436
33.625	44.5	1.00212061432094
33.875	44.5	1.00212048019005
34.125	44.5	1.00212035469855
34.375	44.5	1.00212023790893
34.625	44.5	1.00212012987923
34.875	44.5	1.0021200306631
35.125	44.5	1.00211994030974
35.375	44.5	1.00211985886393
35.625	44.5	1.00211978636597
35.875	44.5	1.00211972285173
36.125	44.5	1.0021196683526
36.375	44.5	1.0021196228955
36.625	44.5	1.00211958650288
36.875	44.5	1.0021195591927
37.125	44.5	1.00211954097842
37.375	44.5	1.00211953186904
0.125	45.5	-0.00211974631015466
0.375	45.5	-0.00211975584744519
0.625	45.5	-0.00211977491831165
0.875	45.5	-0.00211980351532747
1.125	45.5	-0.00211984162735947
1.375	45.5	-0.00211988923957606
1.625	45.5	-0.00211994633345802
1.875	45.5	-0.00212001288681206
2.125	45.5	-0.00212008887378711
2.375	45.5	-0.00212017426489329
2.625	45.5	-0.00212026902702365
2.875	45.5	-0.00212037312347858
3.125	45.5	-0.00212048651399294
3.375	45.5	-0.00212060915476585
3.625	45.5	-0.00212074099849298
3.875	45.5	-0.00212088199440128
4.125	45.5	-0.00212103208828587
4.375	45.5	-0.00212119122254847
4.625	45.5	-0.00212135933623679
4.875	45.5	-0.00212153636508344
5.125	45.5	-0.00212172224154216
5.375	45.5	-0.00212191689481778
5.625	45.5	-0.00212212025088384
5.875	45.5	-0.00212233223247812
6.125	45.5	-0.00212255275905944
6.375	45.5	-0.00212278174669911
6.625	45.5	-0.00212301910786252
6.875	45.5	-0.00212326475100789
7.125	45.5	-0.00212351857988203
7.375	45.5	-0.00212378049231534
7.625	45.5	-0.00212405037819061
7.875	45.5	-0.00212432811604994
8.125	45.5	-0.00212461356745841
8.375	45.5	-0.00212490656767426
8.625	45.5	-0.00212520691023884
8.875	45.5	-0.00212551432155944
9.125	45.5	-0.00212582841902288
9.375	45.5	-0.00212614864200699
9.625	45.5	-0.00212647413829332
9.875	45.5	-0.00212680357709145
10.125	45.5	-0.00212713484130148
10.375	45.5	-0.00212746452106354
10.625	45.5	-0.00212778708032751
10.875	45.5	-0.00212809348538318
11.125	45.5	-0.0021283689480581
11.375	45.5	-0.00212858921212247
11.625	45.5	-0.00212871444258172
11.875	45.5	-0.00212867917059687
12.125	45.5	-0.00212837574809232
12.375	45.5	-0.00212762712287594
12.625	45.5	-0.00212614204138822
12.875	45.5	-0.00212344133785158
13.125	45.5	-0.0021187366504287
13.375	45.5	-0.00211073086720016
13.625	45.5	-0.00209728980793054
13.875	45.5	-0.00207490210246883
14.125	45.5	-0.00203779075614626
14.375	45.5	-0.00197645212980868
14.625	45.5	-0.001875254251239
14.875	45.5	-0.00170849136302773
15.125	45.5	-0.00143390930148744
15.375	45.5	-0.00098209908660087
15.625	45.5	-0.000239172463693989
15.875	45.5	0.000981399586817182
16.125	45.5	0.00298419732598619
16.375	45.5	0.00626409103149098
16.625	45.5	0.011618523235931
16.875	45.5	0.0203150411681987
17.125	45.5	0.0343229214146976
17.375	45.5	0.0565858895485895
17.625	45.5	0.0912208411858032
17.875	45.5	0.143330869795224
18.125	45.5	0.217851713125775
18.375	45.5	0.316872447983149
18.625	45.5	0.436054097086675
18.875	45.5	0.563227337307942
19.125	45.5	0.682495652915749
19.375	45.5	0.781651176779567
19.625	45.5	0.856310128418436
19.875	45.5	0.908534989994491
20.125	45.5	0.94325441993083
20.375	45.5	0.965575088544235
20.625	45.5	0.979620637034087
20.875	45.5	0.988341081958931
21.125	45.5	0.993710467561723
21.375	45.5	0.996999620835152
21.625	45.5	0.999008126522592
21.875	45.5	1.00023221348771
22.125	45.5	1.00097730887997
22.375	45.5	1.0014304642589
22.625	45.5	1.00170588832683
22.875	45.5	1.00187318586461
23.125	45.5	1.00197473042188
23.375	45.5	1.00203630046644
23.625	45.5	1.00207357223333
23.875	45.5	1.00209607630911
24.125	45.5	1.0021096061044
24.375	45.5	1.00211768300248
24.625	45.5	1.00212244730447
24.875	45.5	1.00212519987685
25.125	45.5	1.00212673139693
25.375	45.5	1.00212752247019
25.625	45.5	1.00212786525633
25.875	45.5	1.00212793738807
26.125	45.5	1.0021278468947
26.375	45.5	1.00212765950382
26.625	45.5	1.0021274152334
26.875	45.5	1.00212713847532
27.125	45.5	1.00212684412338
27.375	45.5	1.00212654129751
27.625	45.5	1.00212623560706
27.875	45.5	1.00212593052622
28.125	45.5	1.00212562823
28.375	45.5	1.0021253301022
28.625	45.5	1.00212503704414
28.875	45.5	1.00212474966227
29.125	45.5	1.00212446838225
29.375	45.5	1.00212419351817
29.625	45.5	1.00212392531471
29.875	45.5	1.00212366397272
30.125	45.5	1.00212340966474
30.375	45.5	1.00212316254449
30.625	45.5	1.00212292275256
30.875	45.5	1.00212269041992
31.125	45.5	1.00212246567003
31.375	45.5	1.0021222486201
31.625	45.5	1.00212203938189
31.875	45.5	1.00212183806214
32.125	45.5	1.00212164476287
32.375	45.5	1.00212145958155
32.625	45.5	1.00212128261117
32.875	45.5	1.00212111394031
33.125	45.5	1.00212095365315
33.375	45.5	1.0021208018295
33.625	45.5	1.0021206585448
33.875	45.5	1.00212052387011
34.125	45.5	1.00212039787207
34.375	45.5	1.00212028061299
34.625	45.5	1.00212017215072
34.875	45.5	1.00212007253874
35.125	45.5	1.00211998182607
35.375	45.5	1.00211990005734
35.625	45.5	1.00211982727272
35.875	45.5	1.00211976350794
36.125	45.5	1.00211970879427
36.375	45.5	1.00211966315855
36.625	45.5	1.00211962662313
36.875	45.5	1.00211959920591
37.125	45.5	1.0021195809203
37.375	45.5	1.00211957177526
0.125	46.5	-0.00211970315226881
0.375	46.5	-0.00211971264757273
0.625	46.5	-0.00211973163443382
0.875	46.5	-0.00211976010536121
1.125	46.5	-0.00211979804912547
1.375	46.5	-0.0021198454507668
1.625	46.5	-0.00211990229160612
1.875	46.5	-0.0021199685492588
2.125	46.5	-0.00212004419765122
2.375	46.5	-0.00212012920704016
2.625	46.5	-0.00212022354403483
2.875	46.5	-0.00212032717162185
3.125	46.5	-0.00212044004919282
3.375	46.5	-0.00212056213257475
3.625	46.5	-0.00212069337406304
3.875	46.5	-0.00212083372245693
4.125	46.5	-0.00212098312309727
4.375	46.5	-0.00212114151790589
4.625	46.5	-0.00212130884542602
4.875	46.5	-0.00212148504086244
5.125	46.5	-0.00212167003611891
5.375	46.5	-0.0021218637598296
5.625	46.5	-0.00212206613737836
5.875	46.5	-0.00212227709089579
6.125	46.5	-0.00212249653921811
6.375	46.5	-0.00212272439778061
6.625	46.5	-0.00212296057840141
6.875	46.5	-0.00212320498888265
7.125	46.5	-0.00212345753230879
7.375	46.5	-0.00212371810584423
7.625	46.5	-0.00212398659870472
7.875	46.5	-0.00212426288876679
8.125	46.5	-0.0021245468369335
8.375	46.5	-0.00212483827780578
8.625	46.5	-0.00212513700427192
8.875	46.5	-0.00212544274208694
9.125	46.5	-0.00212575510797766
9.375	46.5	-0.00212607354063687
9.625	46.5	-0.0021263971871043
9.875	46.5	-0.00212672471573475
10.125	46.5	-0.00212705400836408
10.375	46.5	-0.00212738165369548
10.625	46.5	-0.00212770211359559
10.875	46.5	-0.00212800635116912
11.125	46.5	-0.00212827957320105
11.375	46.5	-0.00212849751531174
11.625	46.5	-0.00212862032918553
11.875	46.5	-0.00212858252408669
12.125	46.5	-0.00212827641585611
12.375	46.5	-0.00212752489278746
12.625	46.5	-0.00212603660315359
12.875	46.5	-0.0021233322192925
13.125	46.5	-0.00211862311250907
13.375	46.5	-0.00211061173115139
13.625	46.5	-0.00209716317064322
13.875	46.5	-0.00207476486806527
14.125	46.5	-0.00203763786524156
14.375	46.5	-0.00197627529183867
14.625	46.5	-0.00187503986060186
14.875	46.5	-0.00170821707644969
15.125	46.5	-0.00143353842416296
15.375	46.5	-0.000981571384661288
15.625	46.5	-0.000238389182889936
15.875	46.5	0.00098260000239861
16.125	46.5	0.00298607819190034
16.375	46.5	0.00626707886626725
16.625	46.5	0.0116233018342962
16.875	46.5	0.0203226881398145
17.125	46.5	0.0343350867660306
17.375	46.5	0.0566049785752905
17.625	46.5	0.091250069340777
17.875	46.5	0.143373883262244
18.125	46.5	0.217911311410687
18.375	46.5	0.316948242392593
18.625	46.5	0.436140321391843
18.875	46.5	0.563313589748507
19.125	46.5	0.68257151794472
19.375	46.5	0.781710859768057
19.625	46.5	0.856353218299469
19.875	46.5	0.908564277023326
20.125	46.5	0.943273550241633
20.375	46.5	0.965587281235907
20.625	46.5	0.97962830149136
20.875	46.5	0.988345871505163
21.125	46.5	0.993713462162816
21.375	46.5	0.997001505850007
21.625	46.5	0.999009329469708
21.875	46.5	1.00023299830813
22.125	46.5	1.00097783751584
22.375	46.5	1.00143083570116
22.625	46.5	1.00170616295373
22.875	46.5	1.0018734004588
23.125	46.5	1.00197490737999
23.375	46.5	1.00203645342649
23.625	46.5	1.00207370950556
23.875	46.5	1.00209620296486
24.125	46.5	1.00210972524684
24.375	46.5	1.00211779653916
24.625	46.5	1.00212255641688
24.875	46.5	1.0021253053057
25.125	46.5	1.00212683361544
25.375	46.5	1.00212762178932
25.625	46.5	1.00212796188862
25.875	46.5	1.0021280314864
26.125	46.5	1.0021279385758
26.375	46.5	1.00212774886244
26.625	46.5	1.00212750235096
26.875	46.5	1.00212722342504
27.125	46.5	1.00212692697344
27.375	46.5	1.00212662211289
27.625	46.5	1.00212631445064
27.875	46.5	1.00212600745945
28.125	46.5	1.00212570331326
28.375	46.5	1.00212540339501
28.625	46.5	1.00212510860527
28.875	46.5	1.00212481954981
29.125	46.5	1.00212453665362
29.375	46.5	1.00212426023014
29.625	46.5	1.00212399052341
29.875	46.5	1.00212372773359
30.125	46.5	1.00212347203258
30.375	46.5	1.00212322357342
30.625	46.5	1.00212298249604
30.875	46.5	1.00212274893074
31.125	46.5	1.00212252300032
31.375	46.5	1.00212230482133
31.625	46.5	1.00212209450488
31.875	46.5	1.00212189215708
32.125	46.5	1.00212169787933
32.375	46.5	1.00212151176847
32.625	46.5	1.00212133391693
32.875	46.5	1.00212116441269
33.125	46.5	1.00212100333939
33.375	46.5	1.00212085077633
33.625	46.5	1.00212070679842
33.875	46.5	1.00212057147624
34.125	46.5	1.00212044487601
34.375	46.5	1.00212032705956
34.625	46.5	1.00212021808439
34.875	46.5	1.00212011800356
35.125	46.5	1.00212002686579
35.375	46.5	1.00211994471536
35.625	46.5	1.00211987159218
35.875	46.5	1.00211980753172
36.125	46.5	1.00211975256503
36.375	46.5	1.00211970671874
36.625	46.5	1.00211967001507
36.875	46.5	1.00211964247176
37.125	46.5	1.00211962410216
37.375	46.5	1.00211961491513
0.125	47.5	-0.00211965744822975
0.375	47.5	-0.00211966689573849
0.625	47.5	-0.00211968578696113
0.875	47.5	-0.00211971411431061
1.125	47.5	-0.00211975186641317
1.375	47.5	-0.00211979902811655
1.625	47.5	-0.00211985558050101
1.875	47.5	-0.00211992150089303
2.125	47.5	-0.00211999676288187
2.375	47.5	-0.0021200813363388
2.625	47.5	-0.00212017518743918
2.875	47.5	-0.00212027827868733
3.125	47.5	-0.00212039056894407
3.375	47.5	-0.00212051201345711
3.625	47.5	-0.00212064256389394
3.875	47.5	-0.00212078216837735
4.125	47.5	-0.00212093077152306
4.375	47.5	-0.00212108831447922
4.625	47.5	-0.0021212547349668
4.875	47.5	-0.0021214299673198
5.125	47.5	-0.00212161394252278
5.375	47.5	-0.00212180658824247
5.625	47.5	-0.00212200782884712
5.875	47.5	-0.00212221758540389
6.125	47.5	-0.00212243577563796
6.375	47.5	-0.00212266231382624
6.625	47.5	-0.00212289711058159
6.875	47.5	-0.00212314007245435
7.125	47.5	-0.00212339110123099
7.375	47.5	-0.0021236500927321
7.625	47.5	-0.00212391693478391
7.875	47.5	-0.00212419150382751
8.125	47.5	-0.00212447365928371
8.375	47.5	-0.00212476323422231
8.625	47.5	-0.00212506001994751
8.875	47.5	-0.00212536374056971
9.125	47.5	-0.00212567401109717
9.375	47.5	-0.0021259902684071
9.625	47.5	-0.0021263116575874
9.875	47.5	-0.00212663684483878
10.125	47.5	-0.00212696370953063
10.375	47.5	-0.00212728883740431
10.625	47.5	-0.00212760668656589
10.875	47.5	-0.00212790821505946
11.125	47.5	-0.0021281786224814
11.375	47.5	-0.00212839363377007
11.625	47.5	-0.00212851338418349
11.875	47.5	-0.00212847235710689
12.125	47.5	-0.00212816282694098
12.375	47.5	-0.00212740761491944
12.625	47.5	-0.00212591526007368
12.875	47.5	-0.00212320625605417
13.125	47.5	-0.00211849168115251
13.375	47.5	-0.00211047350251151
13.625	47.5	-0.00209701602460139
13.875	47.5	-0.00207460538380716
14.125	47.5	-0.00203746048257463
14.375	47.5	-0.00197607093175605
14.625	47.5	-0.00187479365760813
14.875	47.5	-0.00170790465379733
15.125	47.5	-0.00143311978401481
15.375	47.5	-0.00098098090812508
15.625	47.5	-0.000237519322752401
15.875	47.5	0.000983925153844946
16.125	47.5	0.00298814531451578
16.375	47.5	0.00627035230611021
16.625	47.5	0.0116285260265206
16.875	47.5	0.0203310362693873
17.125	47.5	0.0343483552003493
17.375	47.5	0.0566257859614602
17.625	47.5	0.091281916220352
17.875	47.5	0.14342073864089
18.125	47.5	0.217976221425934
18.375	47.5	0.317030780710914
18.625	47.5	0.436234206813741
18.875	47.5	0.563407497013811
19.125	47.5	0.682654111081898
19.375	47.5	0.78177583551725
19.625	47.5	0.856400132956877
19.875	47.5	0.9085961695542
20.125	47.5	0.94329438962373
20.375	47.5	0.965600570848149
20.625	47.5	0.979636663157994
20.875	47.5	0.988351104168449
21.125	47.5	0.993716740835469
21.375	47.5	0.997003576179652
21.625	47.5	0.999010656576987
21.875	47.5	1.00023386935708
22.125	47.5	1.00097842871293
22.375	47.5	1.00143125477658
22.625	47.5	1.00170647563792
22.875	47.5	1.00187364681743
23.125	47.5	1.00197511183101
23.375	47.5	1.00203663086042
23.625	47.5	1.0020738690166
23.875	47.5	1.00209635012245
24.125	47.5	1.00210986347744
24.375	47.5	1.00211792796634
24.625	47.5	1.00212268237192
24.875	47.5	1.00212542663789
25.125	47.5	1.00212695088056
25.375	47.5	1.00212773536415
25.625	47.5	1.00212807204053
25.875	47.5	1.00212813841558
26.125	47.5	1.00212804244092
26.375	47.5	1.00212784979627
26.625	47.5	1.00212760046978
26.875	47.5	1.00212731883446
27.125	47.5	1.00212701977185
27.375	47.5	1.00212671239362
27.625	47.5	1.00212640230325
27.875	47.5	1.00212609297053
28.125	47.5	1.00212578656694
28.375	47.5	1.00212548447324
28.625	47.5	1.00212518758806
28.875	47.5	1.00212489651536
29.125	47.5	1.00212461167839
29.375	47.5	1.00212433338896
29.625	47.5	1.0021240618895
29.875	47.5	1.00212379737867
30.125	47.5	1.00212354002686
30.375	47.5	1.00212328998569
30.625	47.5	1.00212304739369
30.875	47.5	1.00212281237982
31.125	47.5	1.00212258506557
31.375	47.5	1.00212236556625
31.625	47.5	1.00212215399176
31.875	47.5	1.00212195044704
32.125	47.5	1.0021217550324
32.375	47.5	1.00212156784361
32.625	47.5	1.00212138897205
32.875	47.5	1.00212121850478
33.125	47.5	1.00212105652451
33.375	47.5	1.00212090310964
33.625	47.5	1.00212075833428
33.875	47.5	1.00212062226824
34.125	47.5	1.002120494977
34.375	47.5	1.00212037652173
34.625	47.5	1.00212026695928
34.875	47.5	1.00212016634216
35.125	47.5	1.00212007471853
35.375	47.5	1.00211999213221
35.625	47.5	1.00211991862266
35.875	47.5	1.00211985422496
36.125	47.5	1.00211979896984
36.375	47.5	1.00211975288364
36.625	47.5	1.00211971598831
36.875	47.5	1.00211968830144
37.125	47.5	1.0021196698362
37.375	47.5	1.00211966060139
0.125	48.5	-0.00211960998219603
0.375	48.5	-0.00211961937688645
0.625	48.5	-0.00211963816240854
0.875	48.5	-0.00211966633104736
1.125	48.5	-0.00211970387123716
1.375	48.5	-0.00211975076756936
1.625	48.5	-0.00211980700080333
1.875	48.5	-0.00211987254787973
2.125	48.5	-0.00211994738193664
2.375	48.5	-0.00212003147232837
2.625	48.5	-0.00212012478464694
2.875	48.5	-0.00212022728074636
3.125	48.5	-0.00212033891876954
3.375	48.5	-0.00212045965317783
3.625	48.5	-0.00212058943478318
3.875	48.5	-0.00212072821078276
4.125	48.5	-0.00212087592479564
4.375	48.5	-0.00212103251690125
4.625	48.5	-0.00212119792367877
4.875	48.5	-0.00212137207824608
5.125	48.5	-0.00212155491029619
5.375	48.5	-0.00212174634612748
5.625	48.5	-0.00212194630866177
5.875	48.5	-0.00212215471744029
6.125	48.5	-0.00212237148858123
6.375	48.5	-0.00212259653467194
6.625	48.5	-0.00212282976455145
6.875	48.5	-0.00212307108291017
7.125	48.5	-0.00212332038958661
7.375	48.5	-0.00212357757836312
7.625	48.5	-0.00212384253493478
7.875	48.5	-0.00212411513351551
8.125	48.5	-0.00212439523119881
8.375	48.5	-0.00212468265862147
8.625	48.5	-0.00212497720454099
8.875	48.5	-0.00212527859039549
9.125	48.5	-0.00212558642837696
9.375	48.5	-0.00212590015237337
9.625	48.5	-0.00212621890426389
9.875	48.5	-0.00212654134674581
10.125	48.5	-0.00212686535526777
10.375	48.5	-0.00212718751103249
10.625	48.5	-0.00212750226666063
10.875	48.5	-0.00212780057322374
11.125	48.5	-0.00212806762097041
11.375	48.5	-0.00212827912165467
11.625	48.5	-0.00212839519110933
11.875	48.5	-0.00212835028309609
12.125	48.5	-0.00212803662567983
12.375	48.5	-0.00212727696632326
12.625	48.5	-0.00212577972520042
12.875	48.5	-0.00212306520296199
13.125	48.5	-0.00211834416293008
13.375	48.5	-0.0021103180565887
13.625	48.5	-0.00209685034251026
13.875	48.5	-0.00207442576778294
14.125	48.5	-0.0020372609515339
14.375	48.5	-0.0019758417508303
14.625	48.5	-0.00187451892073486
14.875	48.5	-0.00170755831279613
15.125	48.5	-0.0014326591345546
15.375	48.5	-0.000980335927500921
15.625	48.5	-0.000236575281496941
15.875	48.5	0.000985355878295314
16.125	48.5	0.00299036846671805
16.375	48.5	0.00627386309364402
16.625	48.5	0.0116341183556048
16.875	48.5	0.0203399612958385
17.125	48.5	0.0343625286906178
17.375	48.5	0.0566480005914807
17.625	48.5	0.0913159050010502
17.875	48.5	0.14347073360343
18.125	48.5	0.218045469133624
18.375	48.5	0.31711882283578
18.625	48.5	0.436334340806526
18.875	48.5	0.563507644223822
19.125	48.5	0.682742186366759
19.375	48.5	0.781845122963959
19.625	48.5	0.856450163726443
19.875	48.5	0.908630185882448
20.125	48.5	0.943316623538836
20.375	48.5	0.965614757086847
20.625	48.5	0.979645596322122
20.875	48.5	0.988356701582287
21.125	48.5	0.993720254758862
21.375	48.5	0.997005801250067
21.625	48.5	0.999012088468451
21.875	48.5	1.00023481410527
22.125	48.5	1.00097907411981
22.375	48.5	1.00143171568131
22.625	48.5	1.00170682213001
22.875	48.5	1.00187392164179
23.125	48.5	1.00197534106045
23.375	48.5	1.00203683041595
23.625	48.5	1.00207404864218
23.875	48.5	1.00209651580471
24.125	48.5	1.00211001891753
24.375	48.5	1.00211807547482
24.625	48.5	1.00212282341266
24.875	48.5	1.00212556215861
25.125	48.5	1.00212708151373
25.375	48.5	1.00212786154905
25.625	48.5	1.00212819409748
25.875	48.5	1.00212825659106
26.125	48.5	1.00212815693502
26.375	48.5	1.00212796077943
26.625	48.5	1.002127708093
26.875	48.5	1.00212742323554
27.125	48.5	1.00212712107923
27.375	48.5	1.00212681072877
27.625	48.5	1.00212649778213
27.875	48.5	1.00212618570458
28.125	48.5	1.00212587666365
28.375	48.5	1.00212557203662
28.625	48.5	1.00212527271889
28.875	48.5	1.00212497931144
29.125	48.5	1.00212469223469
29.375	48.5	1.00212441179778
29.625	48.5	1.0021241382406
29.875	48.5	1.00212387175936
30.125	48.5	1.00212361252214
30.375	48.5	1.00212336067831
30.625	48.5	1.00212311636428
30.875	48.5	1.00212287970698
31.125	48.5	1.00212265082593
31.375	48.5	1.00212242983459
31.625	48.5	1.00212221684109
31.875	48.5	1.00212201194868
32.125	48.5	1.00212181525604
32.375	48.5	1.00212162685744
32.625	48.5	1.00212144684281
32.875	48.5	1.00212127529783
33.125	48.5	1.00212111230392
33.375	48.5	1.00212095793828
33.625	48.5	1.00212081227386
33.875	48.5	1.0021206753794
34.125	48.5	1.00212054731939
34.375	48.5	1.00212042815408
34.625	48.5	1.00212031793945
34.875	48.5	1.00212021672723
35.125	48.5	1.00212012456487
35.375	48.5	1.00212004149552
35.625	48.5	1.00211996755808
35.875	48.5	1.0021199027871
36.125	48.5	1.00211984721286
36.375	48.5	1.00211980086131
36.625	48.5	1.00211976375409
36.875	48.5	1.00211973590853
37.125	48.5	1.0021197173376
37.375	48.5	1.00211970804997
0.125	49.5	-0.00211956162230717
0.375	49.5	-0.00211957096020693
0.625	49.5	-0.00211958963206908
0.875	49.5	-0.00211961763002136
1.125	49.5	-0.00211965494226163
1.375	49.5	-0.00211970155306565
1.625	49.5	-0.00211975744279714
1.875	49.5	-0.00211982258792066
2.125	49.5	-0.00211989696101687
2.375	49.5	-0.00211998053080045
2.625	49.5	-0.00212007326214059
2.875	49.5	-0.00212017511608406
3.125	49.5	-0.00212028604988077
3.375	49.5	-0.00212040601701197
3.625	49.5	-0.00212053496722072
3.875	49.5	-0.0021206728465448
4.125	49.5	-0.00212081959735152
4.375	49.5	-0.00212097515837412
4.625	49.5	-0.00212113946474893
4.875	49.5	-0.002121312448052
5.125	49.5	-0.002121494036333
5.375	49.5	-0.0021216841541427
5.625	49.5	-0.0021218827225482
5.875	49.5	-0.0021220896591258
6.125	49.5	-0.00212230487791527
6.375	49.5	-0.00212252828930852
6.625	49.5	-0.00212275979982842
6.875	49.5	-0.00212299931172441
7.125	49.5	-0.00212324672226487
7.375	49.5	-0.00212350192252804
7.625	49.5	-0.0021237647953656
7.875	49.5	-0.00212403521200253
8.125	49.5	-0.00212431302639057
8.375	49.5	-0.00212459806586286
8.625	49.5	-0.00212489011569952
8.875	49.5	-0.00212518889367132
9.125	49.5	-0.00212549400808982
9.375	49.5	-0.00212580488871486
9.625	49.5	-0.00212612067299676
9.875	49.5	-0.00212644001881979
10.125	49.5	-0.0021267607963024
10.375	49.5	-0.00212707958058509
10.625	49.5	-0.00212739081714533
10.875	49.5	-0.0021276854482607
11.125	49.5	-0.00212794865280175
11.375	49.5	-0.00212815612702906
11.625	49.5	-0.00212826796465076
11.875	49.5	-0.00212821858653576
12.125	49.5	-0.00212790017028304
12.375	49.5	-0.00212713538411809
12.625	49.5	-0.00212563252177644
12.875	49.5	-0.00212291167993377
13.125	49.5	-0.00211818329046881
13.375	49.5	-0.00211014826376863
13.625	49.5	-0.00209666917239576
13.875	49.5	-0.00207422930994715
14.125	49.5	-0.00203704290845296
14.375	49.5	-0.00197559190230245
14.625	49.5	-0.00187422059934263
14.875	49.5	-0.00170718425680605
15.125	49.5	-0.00143216468448873
15.375	49.5	-0.000979647889550849
15.625	49.5	-0.000235573764425074
15.875	49.5	0.000986866906975333
16.125	49.5	0.0029927084298886
16.375	49.5	0.00627754933539399
16.625	49.5	0.0116399802642092
16.875	49.5	0.0203493059492251
17.125	49.5	0.0343773574859919
17.375	49.5	0.0566712309888174
17.625	49.5	0.0913514366044876
17.875	49.5	0.143522986669157
18.125	49.5	0.218117833003664
18.375	49.5	0.317210814641662
18.625	49.5	0.43643895428818
18.875	49.5	0.563612260421665
19.125	49.5	0.682834184969314
19.375	49.5	0.781917494938465
19.625	49.5	0.856502424043321
19.875	49.5	0.908665723015478
20.125	49.5	0.943339857767448
20.375	49.5	0.965629588385327
20.625	49.5	0.979654942552321
20.875	49.5	0.988362564461389
21.125	49.5	0.99372394158851
21.375	49.5	0.997008141564786
21.625	49.5	0.999013599704407
21.875	49.5	1.00023581574206
22.125	49.5	1.00097976222442
22.375	49.5	1.00143221016581
22.625	49.5	1.00170719620073
22.875	49.5	1.00187421996575
23.125	49.5	1.00197559090394
23.375	49.5	1.00203704844915
23.625	49.5	1.00207424508696
23.875	49.5	1.00209669695963
24.125	49.5	1.00211018869368
24.375	49.5	1.00211823632955
24.625	49.5	1.00212297691719
24.875	49.5	1.00212570934296
25.125	49.5	1.00212722307642
25.375	49.5	1.0021279979846
25.625	49.5	1.00212832577394
25.875	49.5	1.00212838379722
26.125	49.5	1.00212827990921
26.375	49.5	1.00212807972707
26.625	49.5	1.00212782319739
26.875	49.5	1.00212753466446
27.125	49.5	1.00212722898909
27.375	49.5	1.00212691526717
27.625	49.5	1.00212659908955
27.875	49.5	1.00212628391541
28.125	49.5	1.00212597190696
28.375	49.5	1.00212566443665
28.625	49.5	1.00212536239546
28.875	49.5	1.00212506638023
29.125	49.5	1.00212477680752
29.375	49.5	1.00212449398279
29.625	49.5	1.00212421814245
29.875	49.5	1.0021239494794
30.125	49.5	1.00212368815858
30.375	49.5	1.00212343432637
30.625	49.5	1.00212318811635
30.875	49.5	1.00212294965271
31.125	49.5	1.00212271905244
31.375	49.5	1.00212249642654
31.625	49.5	1.00212228188081
31.875	49.5	1.00212207551632
32.125	49.5	1.00212187742968
32.375	49.5	1.00212168771317
32.625	49.5	1.00212150645489
32.875	49.5	1.00212133373876
33.125	49.5	1.00212116964455
33.375	49.5	1.00212101424792
33.625	49.5	1.00212086762039
33.875	49.5	1.00212072982934
34.125	49.5	1.00212060093802
34.375	49.5	1.00212048100551
34.625	49.5	1.00212037008673
34.875	49.5	1.00212026823242
35.125	49.5	1.00212017548913
35.375	49.5	1.00212009189924
35.625	49.5	1.00212001750087
35.875	49.5	1.00211995232798
36.125	49.5	1.00211989641028
36.375	49.5	1.00211984977323
36.625	49.5	1.00211981243809
36.875	49.5	1.00211978442186
37.125	49.5	1.00211976573728
37.375	49.5	1.00211975639287
0.125	50.5	-0.00211951330341677
0.375	50.5	-0.00211952258185162
0.625	50.5	-0.00211954113469275
0.875	50.5	-0.00211956895388527
1.125	50.5	-0.00211960602735269
1.375	50.5	-0.00211965233900407
1.625	50.5	-0.00211970786874344
1.875	50.5	-0.00211977259248168
2.125	50.5	-0.00211984648215069
2.375	50.5	-0.00211992950572007
2.625	50.5	-0.00212002162721604
2.875	50.5	-0.00212012280674284
3.125	50.5	-0.00212023300050643
3.375	50.5	-0.00212035216084049
3.625	50.5	-0.00212048023623468
3.875	50.5	-0.00212061717136492
4.125	50.5	-0.00212076290712544
4.375	50.5	-0.00212091738066223
4.625	50.5	-0.00212108052540686
4.875	50.5	-0.00212125227110966
5.125	50.5	-0.00212143254386983
5.375	50.5	-0.00212162126615887
5.625	50.5	-0.00212181835683147
5.875	50.5	-0.00212202373111372
6.125	50.5	-0.00212223730055242
6.375	50.5	-0.00212245897289847
6.625	50.5	-0.00212268865187986
6.875	50.5	-0.00212292623679129
7.125	50.5	-0.0021231716217798
7.375	50.5	-0.00212342469462851
7.625	50.5	-0.0021236853347122
7.875	50.5	-0.00212395340958819
8.125	50.5	-0.0021242287693395
8.375	50.5	-0.00212451123721703
8.625	50.5	-0.00212480059418985
8.875	50.5	-0.00212509655346876
9.125	50.5	-0.00212539871852898
9.375	50.5	-0.00212570651397831
9.625	50.5	-0.00212601907174079
9.875	50.5	-0.00212633504371046
10.125	50.5	-0.00212665229341064
10.375	50.5	-0.00212696738855734
10.625	50.5	-0.00212727476601209
10.875	50.5	-0.00212756535765717
11.125	50.5	-0.00212782432922895
11.375	50.5	-0.0021280273595442
11.625	50.5	-0.00212813451798039
11.875	50.5	-0.00212808018995562
12.125	50.5	-0.00212775649953742
12.375	50.5	-0.00212698603188971
12.625	50.5	-0.00212547694931543
12.875	50.5	-0.00212274913767821
13.125	50.5	-0.00211801268762614
13.375	50.5	-0.00210996795388795
13.625	50.5	-0.00209647660067336
13.875	50.5	-0.00207402043300218
14.125	50.5	-0.00203681123979335
14.375	50.5	-0.00197532694231562
14.625	50.5	-0.00187390525408188
14.875	50.5	-0.00170679059760189
15.125	50.5	-0.00143164699111799
15.375	50.5	-0.000978931261920277
15.625	50.5	-0.000234535547901881
15.875	50.5	0.000988427234121706
16.125	50.5	0.00299511758098293
16.375	50.5	0.00628133644521369
16.625	50.5	0.0116459936161649
16.875	50.5	0.0203588824002056
17.125	50.5	0.0343925440261352
17.375	50.5	0.0566950114810305
17.625	50.5	0.0913877991716968
17.875	50.5	0.143576451207536
18.125	50.5	0.21819186352466
18.375	50.5	0.31730491297265
18.625	50.5	0.436545950319818
18.875	50.5	0.563719247525922
19.125	50.5	0.682928260867932
19.375	50.5	0.781991498496599
19.625	50.5	0.856555864185481
19.875	50.5	0.908702066717063
20.125	50.5	0.943363624973304
20.375	50.5	0.965644766083126
20.625	50.5	0.979664513316253
20.875	50.5	0.988368574229231
21.125	50.5	0.993727726465398
21.375	50.5	0.997010549332456
21.625	50.5	0.999015159175261
21.875	50.5	1.00023685342676
22.125	50.5	1.00098047851891
22.375	50.5	1.0014327276473
22.625	50.5	1.00170758972188
22.875	50.5	1.00187453521783
23.125	50.5	1.00197585579796
23.375	50.5	1.00203728006832
23.625	50.5	1.0020744539244
23.875	50.5	1.0020968894979
24.125	50.5	1.00211036897376
24.375	50.5	1.00211840690484
24.625	50.5	1.00212313943327
24.875	50.5	1.00212586489013
25.125	50.5	1.00212737240394
25.375	50.5	1.00212814163105
25.625	50.5	1.00212846414655
25.875	50.5	1.00212851722019
26.125	50.5	1.00212840865324
26.375	50.5	1.00212820402742
26.625	50.5	1.002127943265
26.875	50.5	1.00212765069284
27.125	50.5	1.00212734115861
27.375	50.5	1.0021270237478
27.625	50.5	1.00212670404263
27.875	50.5	1.00212638549488
28.125	50.5	1.00212607026016
28.375	50.5	1.00212575970492
28.625	50.5	1.00212545471462
28.875	50.5	1.00212515588095
29.125	50.5	1.00212486361562
29.375	50.5	1.00212457821952
29.625	50.5	1.00212429992477
29.875	50.5	1.00212402892019
30.125	50.5	1.00212376536684
30.375	50.5	1.00212350940743
30.625	50.5	1.00212326117206
30.875	50.5	1.00212302078164
31.125	50.5	1.00212278835003
31.375	50.5	1.00212256398527
31.625	50.5	1.00212234779037
31.875	50.5	1.00212213986376
32.125	50.5	1.00212194029955
32.375	50.5	1.00212174918769
32.625	50.5	1.00212156661404
32.875	50.5	1.00212139266045
33.125	50.5	1.00212122740475
33.375	50.5	1.00212107092076
33.625	50.5	1.00212092327831
33.875	50.5	1.00212078454318
34.125	50.5	1.00212065477715
34.375	50.5	1.00212053403794
34.625	50.5	1.00212042237921
34.875	50.5	1.00212031985057
35.125	50.5	1.00212022649752
35.375	50.5	1.00212014236148
35.625	50.5	1.00212006747975
35.875	50.5	1.00212000188552
36.125	50.5	1.00211994560787
36.375	50.5	1.00211989867171
36.625	50.5	1.00211986109783
36.875	50.5	1.00211983290285
37.125	50.5	1.00211981409927
37.375	50.5	1.0021198046954
0.125	51.5	-0.00211946600566619
0.375	51.5	-0.00211947522347248
0.625	51.5	-0.0021194936549557
0.875	51.5	-0.00211952129185915
1.125	51.5	-0.00211955812180306
1.375	51.5	-0.00211960412829103
1.625	51.5	-0.00211965929071857
1.875	51.5	-0.00211972358438377
2.125	51.5	-0.00211979698050014
2.375	51.5	-0.00211987944621157
2.625	51.5	-0.00211997094460943
2.875	51.5	-0.00212007143475179
3.125	51.5	-0.00212018087168474
3.375	51.5	-0.00212029920646572
3.625	51.5	-0.0021204263861888
3.875	51.5	-0.00212056235401174
4.125	51.5	-0.00212070704918455
4.375	51.5	-0.00212086040707904
4.625	51.5	-0.00212102235921852
4.875	51.5	-0.00212119283330648
5.125	51.5	-0.00212137175325184
5.375	51.5	-0.00212155903918724
5.625	51.5	-0.00212175460747426
5.875	51.5	-0.00212195837068567
6.125	51.5	-0.00212217023754832
6.375	51.5	-0.00212239011281963
6.625	51.5	-0.0021226178970532
6.875	51.5	-0.00212285348618041
7.125	51.5	-0.00212309677078758
7.375	51.5	-0.00212334763489028
7.625	51.5	-0.00212360595387871
7.875	51.5	-0.00212387159109722
8.125	51.5	-0.0021241443921745
8.375	51.5	-0.00212442417565063
8.625	51.5	-0.002124710717509
8.875	51.5	-0.00212500372567668
9.125	51.5	-0.00212530279801621
9.375	51.5	-0.0021256073531508
9.625	51.5	-0.00212591651658566
9.875	51.5	-0.00212622893326789
10.125	51.5	-0.00212654245910063
10.375	51.5	-0.00212685365327736
10.625	51.5	-0.00212715694286813
10.875	51.5	-0.00212744324810204
11.125	51.5	-0.00212769772023652
11.375	51.5	-0.00212789601920825
11.625	51.5	-0.0021279981885326
11.875	51.5	-0.00212793857654714
12.125	51.5	-0.0021276092520591
12.375	51.5	-0.00212683271534406
12.625	51.5	-0.0021253169953536
12.875	51.5	-0.00212258176514
13.125	51.5	-0.0021178367720612
13.375	51.5	-0.00210978181310018
13.625	51.5	-0.00209627764204628
13.875	51.5	-0.00207380457336203
14.125	51.5	-0.00203657195105214
14.375	51.5	-0.00197505368174917
14.625	51.5	-0.00187358088352253
14.875	51.5	-0.00170638714355163
15.125	51.5	-0.00143111868841922
15.375	51.5	-0.00097820316570188
15.625	51.5	-0.000233484958434895
15.875	51.5	0.000990000886125986
16.125	51.5	0.00299754106424221
16.375	51.5	0.00628513896857146
16.625	51.5	0.0116520235742889
16.875	51.5	0.0203684768237347
17.125	51.5	0.0344077501603067
17.375	51.5	0.0567188134907059
17.625	51.5	0.0914241853268647
17.875	51.5	0.143629940846964
18.125	51.5	0.218265918461524
18.375	51.5	0.317399030603966
18.625	51.5	0.436652955444752
18.875	51.5	0.563826231901734
19.125	51.5	0.683022326392959
19.375	51.5	0.78206549087487
19.625	51.5	0.856609297310941
19.875	51.5	0.908738409254614
20.125	51.5	0.943387396332932
20.375	51.5	0.965659951869123
20.625	51.5	0.979674094687616
20.875	51.5	0.98837459598567
21.125	51.5	0.993731523895957
21.375	51.5	0.997012969672922
21.625	51.5	0.999016730891888
21.875	51.5	1.0002379028227
22.125	51.5	1.00098120587534
22.375	51.5	1.00143325548699
22.625	51.5	1.00170799288155
22.875	51.5	1.00187485939672
23.125	51.5	1.00197612892947
23.375	51.5	1.00203751926624
23.625	51.5	1.00207466971666
23.875	51.5	1.00209708840359
24.125	51.5	1.00211055507062
24.375	51.5	1.00211858278216
24.625	51.5	1.00212330677124
24.875	51.5	1.00212602481198
25.125	51.5	1.00212752569009
25.375	51.5	1.00212828884938
25.625	51.5	1.00212860573179
25.875	51.5	1.00212865352227
26.125	51.5	1.0021285399669
26.375	51.5	1.00212833061036
26.625	51.5	1.00212806534907
26.875	51.5	1.00212776849102
27.125	51.5	1.00212745486943
27.375	51.5	1.00212713355814
27.625	51.5	1.00212681012957
27.875	51.5	1.00212648802698
28.125	51.5	1.00212616939835
28.375	51.5	1.00212585560322
28.625	51.5	1.0021255475206
28.875	51.5	1.00212524573619
29.125	51.5	1.00212495065612
29.375	51.5	1.00212466257598
29.625	51.5	1.0021243817229
29.875	51.5	1.00212410828098
30.125	51.5	1.00212384240685
30.375	51.5	1.00212358423899
30.625	51.5	1.00212333390353
30.875	51.5	1.0021230915176
31.125	51.5	1.0021228571915
31.375	51.5	1.00212263102991
31.625	51.5	1.00212241313268
31.875	51.5	1.00212220359523
32.125	51.5	1.00212200250885
32.375	51.5	1.00212180996083
32.625	51.5	1.00212162603456
32.875	51.5	1.00212145080953
33.125	51.5	1.00212128436139
33.375	51.5	1.00212112676192
33.625	51.5	1.00212097807903
33.875	51.5	1.00212083837673
34.125	51.5	1.00212070771516
34.375	51.5	1.00212058615051
34.625	51.5	1.00212047373506
34.875	51.5	1.00212037051713
35.125	51.5	1.00212027654107
35.375	51.5	1.00212019184724
35.625	51.5	1.00212011647204
35.875	51.5	1.0021200504478
36.125	51.5	1.00211999380289
36.375	51.5	1.00211994656161
36.625	51.5	1.00211990874424
36.875	51.5	1.00211988036701
37.125	51.5	1.00211986144209
37.375	51.5	1.00211985197759
0.125	52.5	-0.00211942072947499
0.375	52.5	-0.00211942988716176
0.625	52.5	-0.00211944819829938
0.875	52.5	-0.00211947565441779
1.125	52.5	-0.00211951224281653
1.375	52.5	-0.00211955794657036
1.625	52.5	-0.00211961274453674
1.875	52.5	-0.0021196766113652
2.125	52.5	-0.00211974951750854
2.375	52.5	-0.00211983142923589
2.625	52.5	-0.00211992230864767
2.875	52.5	-0.00212002211369227
3.125	52.5	-0.00212013079818463
3.375	52.5	-0.00212024831182646
3.625	52.5	-0.00212037460022812
3.875	52.5	-0.0021205096049319
4.125	52.5	-0.00212065326343651
4.375	52.5	-0.0021208055092221
4.625	52.5	-0.00212096627177522
4.875	52.5	-0.00212113547661219
5.125	52.5	-0.0021213130452987
5.375	52.5	-0.00212149889546206
5.625	52.5	-0.00212169294078985
5.875	52.5	-0.00212189509100516
6.125	52.5	-0.00212210525180194
6.375	52.5	-0.00212232332471338
6.625	52.5	-0.00212254920686888
6.875	52.5	-0.00212278279056629
7.125	52.5	-0.00212302396253896
7.375	52.5	-0.00212327260271917
7.625	52.5	-0.00212352858217156
7.875	52.5	-0.00212379175965941
8.125	52.5	-0.00212406197595997
8.375	52.5	-0.00212433904447431
8.625	52.5	-0.00212462273573876
8.875	52.5	-0.00212491275189982
9.125	52.5	-0.00212520868467286
9.375	52.5	-0.00212550994612229
9.625	52.5	-0.00212581565471864
9.875	52.5	-0.00212612444780329
10.125	52.5	-0.00212643417295725
10.375	52.5	-0.00212674138010794
10.625	52.5	-0.0021270404857535
10.875	52.5	-0.00212732239766277
11.125	52.5	-0.00212757225179943
11.375	52.5	-0.00212776568843167
11.625	52.5	-0.00212786272450925
11.875	52.5	-0.00212779767077008
12.125	52.5	-0.00212746254059239
12.375	52.5	-0.00212667974982181
12.625	52.5	-0.00212515719560155
12.875	52.5	-0.00212241434155523
13.125	52.5	-0.00211766059821711
13.375	52.5	-0.00210959521642096
13.625	52.5	-0.00209607805962656
13.875	52.5	-0.00207358798585058
14.125	52.5	-0.00203633195138895
14.375	52.5	-0.00197477994342578
14.625	52.5	-0.00187325664216556
14.875	52.5	-0.00170598505939217
15.125	52.5	-0.00143059405762076
15.375	52.5	-0.00097748280629325
15.625	52.5	-0.000232449081291455
15.875	52.5	0.000991548069882659
16.125	52.5	0.0029999185158703
16.375	52.5	0.0062888632387655
16.625	52.5	0.0116579227576889
16.875	52.5	0.0203778559554748
17.125	52.5	0.034422607479049
17.375	52.5	0.0567420616510945
17.625	52.5	0.0914597167675637
17.875	52.5	0.143682165601757
18.125	52.5	0.218338212892867
18.375	52.5	0.317490899916016
18.625	52.5	0.436757392220385
18.875	52.5	0.563930637042131
19.125	52.5	0.68311411627549
19.375	52.5	0.782137689976531
19.625	52.5	0.856661435988578
19.875	52.5	0.908773874299738
20.125	52.5	0.943410597868346
20.375	52.5	0.965674778256648
20.625	52.5	0.979683453994166
20.875	52.5	0.988380482721617
21.125	52.5	0.993735240443834
21.375	52.5	0.997015342363871
21.625	52.5	0.999018275147576
21.875	52.5	1.00023893689716
22.125	52.5	1.00098192512012
22.375	52.5	1.00143377942286
22.625	52.5	1.00170839452657
22.875	52.5	1.00187518335487
23.125	52.5	1.00197640247981
23.375	52.5	1.00203775913625
23.625	52.5	1.00207488621042
23.875	52.5	1.00209728791454
24.125	52.5	1.00211074160983
24.375	52.5	1.00211875890748
24.625	52.5	1.00212347415218
24.875	52.5	1.00212618457307
25.125	52.5	1.00212767861977
25.375	52.5	1.0021284355271
25.625	52.5	1.00212874660545
25.875	52.5	1.00212878895552
26.125	52.5	1.00212867026804
26.375	52.5	1.00212845605017
26.625	52.5	1.00212818617179
26.875	52.5	1.00212788492125
27.125	52.5	1.0021275671165
27.375	52.5	1.0021272418189
27.625	52.5	1.00212691459034
27.875	52.5	1.0021265888648
28.125	52.5	1.00212626678195
28.375	52.5	1.00212594969371
28.625	52.5	1.00212563847208
28.875	52.5	1.00212533369619
29.125	52.5	1.00212503576601
29.375	52.5	1.00212474497138
29.625	52.5	1.00212446153396
29.875	52.5	1.00212418563274
30.125	52.5	1.00212391741947
30.375	52.5	1.00212365702808
30.625	52.5	1.00212340458034
30.875	52.5	1.00212316018933
31.125	52.5	1.00212292396147
31.375	52.5	1.00212269599783
31.625	52.5	1.00212247639482
31.875	52.5	1.00212226524464
32.125	52.5	1.00212206263555
32.375	52.5	1.002121868652
32.625	52.5	1.00212168337469
32.875	52.5	1.00212150688062
33.125	52.5	1.00212133924309
33.375	52.5	1.0021211805317
33.625	52.5	1.0021210308123
33.875	52.5	1.00212089014705
34.125	52.5	1.0021207585943
34.375	52.5	1.00212063620864
34.625	52.5	1.00212052304088
34.875	52.5	1.00212041913796
35.125	52.5	1.00212032454301
35.375	52.5	1.0021202392953
35.625	52.5	1.0021201634302
35.875	52.5	1.0021200969792
36.125	52.5	1.00212003996988
36.375	52.5	1.00211999242592
36.625	52.5	1.00211995436704
36.875	52.5	1.00211992580905
37.125	52.5	1.0021199067638
37.375	52.5	1.0021198972392
0.125	53.5	-0.00211937846778742
0.375	53.5	-0.00211938756763476
0.625	53.5	-0.00211940576298562
0.875	53.5	-0.00211943304515385
1.125	53.5	-0.00211946940111416
1.375	53.5	-0.00211951481350685
1.625	53.5	-0.0021195692606442
1.875	53.5	-0.00211963271651833
2.125	53.5	-0.00211970515081071
2.375	53.5	-0.0021197865289032
2.625	53.5	-0.00211987681189056
2.875	53.5	-0.00211997595659459
3.125	53.5	-0.00212008391557956
3.375	53.5	-0.00212020063716922
3.625	53.5	-0.00212032606546488
3.875	53.5	-0.00212046014036471
4.125	53.5	-0.0021206027975837
4.375	53.5	-0.00212075396867394
4.625	53.5	-0.00212091358104426
4.875	53.5	-0.00212108155797795
5.125	53.5	-0.00212125781864624
5.375	53.5	-0.00212144227811388
5.625	53.5	-0.00212163484733075
5.875	53.5	-0.00212183543309941
6.125	53.5	-0.00212204393800228
6.375	53.5	-0.00212226026026114
6.625	53.5	-0.0021224842934847
6.875	53.5	-0.00212271592623062
7.125	53.5	-0.00212295504126161
7.375	53.5	-0.00212320151429691
7.625	53.5	-0.00212345521193281
7.875	53.5	-0.00212371598819461
8.125	53.5	-0.00212398367883589
8.375	53.5	-0.00212425809193011
8.625	53.5	-0.00212453899236038
8.875	53.5	-0.00212482607626789
9.125	53.5	-0.00212511892897674
9.375	53.5	-0.00212541695572871
9.625	53.5	-0.00212571926767653
9.875	53.5	-0.00212602449425527
10.125	53.5	-0.00212633047440991
10.375	53.5	-0.00212663374848284
10.625	53.5	-0.00212692872209105
10.875	53.5	-0.00212720629026945
11.125	53.5	-0.0021274515734941
11.375	53.5	-0.00212764019232492
11.625	53.5	-0.00212773213738462
11.875	53.5	-0.0021276616825344
12.125	53.5	-0.00212732078727225
12.375	53.5	-0.00212653178595195
12.625	53.5	-0.00212500244916504
12.875	53.5	-0.00212225204021323
13.125	53.5	-0.00211748964828465
13.375	53.5	-0.00210941400406127
13.625	53.5	-0.0020958841240158
13.875	53.5	-0.00207337748163134
14.125	53.5	-0.00203609876442954
14.375	53.5	-0.00197451423642062
14.625	53.5	-0.00187294246333131
14.875	53.5	-0.00170559641365372
15.125	53.5	-0.00143008846016223
15.375	53.5	-0.000976790728363009
15.625	53.5	-0.000231456733793922
15.875	53.5	0.00099302665033249
16.125	53.5	0.00300218626777281
16.375	53.5	0.00629241075265503
16.625	53.5	0.0116635365041835
16.875	53.5	0.0203867753675542
17.125	53.5	0.0344367303292037
17.375	53.5	0.0567641540778048
17.625	53.5	0.0914934751606622
17.875	53.5	0.143731777213767
18.125	53.5	0.218406881935775
18.375	53.5	0.317578152599699
18.625	53.5	0.436856569861749
18.875	53.5	0.5640297742428
19.125	53.5	0.683201267430751
19.375	53.5	0.782206237189253
19.625	53.5	0.85671093762267
19.875	53.5	0.908807547887247
20.125	53.5	0.94343263076241
20.375	53.5	0.965688861627087
20.625	53.5	0.97969234811159
20.875	53.5	0.988386080592758
21.125	53.5	0.993738778112634
21.375	53.5	0.997017604048926
21.625	53.5	0.9990197499983
21.875	53.5	1.00023992694975
22.125	53.5	1.00098261578023
22.375	53.5	1.00143428413751
22.625	53.5	1.00170878261564
22.875	53.5	1.00187549717599
23.125	53.5	1.00197666795071
23.375	53.5	1.00203799216172
23.625	53.5	1.00207509659921
23.875	53.5	1.00209748176342
24.125	53.5	1.00211092275358
24.375	53.5	1.00211892980048
24.625	53.5	1.0021236364043
24.875	53.5	1.00212633927557
25.125	53.5	1.00212782654347
25.375	53.5	1.00212857724308
25.625	53.5	1.00212888255855
25.875	53.5	1.00212891950933
26.125	53.5	1.00212879573238
26.375	53.5	1.00212857669805
26.625	53.5	1.00212830224997
26.875	53.5	1.00212799665681
27.125	53.5	1.00212767472103
27.375	53.5	1.0021273454913
27.625	53.5	1.00212701451862
27.875	53.5	1.00212668522739
28.125	53.5	1.00212635974867
28.375	53.5	1.00212603942645
28.625	53.5	1.00212572512543
28.875	53.5	1.00212541741793
29.125	53.5	1.00212511669752
29.375	53.5	1.00212482324803
29.625	53.5	1.00212453728549
29.875	53.5	1.00212425898355
30.125	53.5	1.00212398848893
30.375	53.5	1.00212372593084
30.625	53.5	1.00212347142658
30.875	53.5	1.00212322508501
31.125	53.5	1.0021229870086
31.375	53.5	1.00212275729465
31.625	53.5	1.00212253603607
31.875	53.5	1.00212232332175
32.125	53.5	1.00212211923684
32.375	53.5	1.00212192386285
32.625	53.5	1.00212173727777
32.875	53.5	1.00212155955603
33.125	53.5	1.00212139076854
33.375	53.5	1.00212123098265
33.625	53.5	1.00212108026215
33.875	53.5	1.00212093866727
34.125	53.5	1.00212080625457
34.375	53.5	1.00212068307702
34.625	53.5	1.00212056918388
34.875	53.5	1.00212046462074
35.125	53.5	1.00212036942948
35.375	53.5	1.00212028364823
35.625	53.5	1.00212020731136
35.875	53.5	1.00212014044948
36.125	53.5	1.0021200830894
36.375	53.5	1.00212003525412
36.625	53.5	1.00211999696285
36.875	53.5	1.00211996823094
37.125	53.5	1.00211994906992
37.375	53.5	1.00211993948749
0.125	54.5	-0.00211934017663911
0.375	54.5	-0.00211934922272277
0.625	54.5	-0.00211936731044179
0.875	54.5	-0.00211939443090072
1.125	54.5	-0.00211943057075963
1.375	54.5	-0.00211947571223795
1.625	54.5	-0.00211952983311969
1.875	54.5	-0.00211959290675987
2.125	54.5	-0.00211966490209224
2.375	54.5	-0.00211974578363825
2.625	54.5	-0.00211983551151721
2.875	54.5	-0.00211993404145763
3.125	54.5	-0.00212004132480973
3.375	54.5	-0.00212015730855891
3.625	54.5	-0.00212028193534019
3.875	54.5	-0.00212041514345332
4.125	54.5	-0.00212055686687825
4.375	54.5	-0.00212070703529047
4.625	54.5	-0.00212086557407534
4.875	54.5	-0.00212103240433998
5.125	54.5	-0.00212120744292054
5.375	54.5	-0.00212139060238102
5.625	54.5	-0.00212158179099763
5.875	54.5	-0.00212178091271855
6.125	54.5	-0.00212198786708268
6.375	54.5	-0.00212220254907023
6.625	54.5	-0.00212242484884052
6.875	54.5	-0.00212265465128364
7.125	54.5	-0.00212289183526531
7.375	54.5	-0.00212313627236628
7.625	54.5	-0.00212338782478953
7.875	54.5	-0.00212364634189778
8.125	54.5	-0.00212391165449649
8.375	54.5	-0.00212418356540703
8.625	54.5	-0.00212446183393485
8.875	54.5	-0.00212474615029169
9.125	54.5	-0.0021250360934874
9.375	54.5	-0.00212533106202073
9.625	54.5	-0.00212563015981176
9.875	54.5	-0.00212593200848508
10.125	54.5	-0.00212623443846504
10.375	54.5	-0.00212653398065884
10.625	54.5	-0.00212682503001186
10.875	54.5	-0.0021270984691362
11.125	54.5	-0.00212733940350254
11.375	54.5	-0.002127523434731
11.625	54.5	-0.00212761052836201
11.875	54.5	-0.00212753492341489
12.125	54.5	-0.00212718852884917
12.375	54.5	-0.00212639360302734
12.625	54.5	-0.00212485779905162
12.875	54.5	-0.00212210019483563
13.125	54.5	-0.00211732958282923
13.375	54.5	-0.00210924421410268
13.625	54.5	-0.0020957023249125
13.875	54.5	-0.00207318011415264
14.125	54.5	-0.00203588018155345
14.375	54.5	-0.00197426536577719
14.625	54.5	-0.00187264860797384
14.875	54.5	-0.00170523363872325
15.125	54.5	-0.00142961766389881
15.375	54.5	-0.000976147934788948
15.625	54.5	-0.00023053725726312
15.875	54.5	0.000994393880805039
16.125	54.5	0.00300427991800184
16.375	54.5	0.00629568209567964
16.625	54.5	0.0116687089746014
16.875	54.5	0.0203949890519903
17.125	54.5	0.0344497308670867
17.375	54.5	0.0567844857935674
17.625	54.5	0.0915245378160833
17.875	54.5	0.14377742146483
18.125	54.5	0.218470053047785
18.375	54.5	0.317658411428243
18.625	54.5	0.436947788469228
18.875	54.5	0.564120946720828
19.125	54.5	0.683281410456123
19.375	54.5	0.782269269358137
19.625	54.5	0.856756456467864
19.875	54.5	0.908838513859077
20.125	54.5	0.943452894621933
20.375	54.5	0.965701817175629
20.625	54.5	0.979700532978003
20.875	54.5	0.988391234980565
21.125	54.5	0.993742038244124
21.375	54.5	0.997019690791628
21.625	54.5	0.999021112983021
21.875	54.5	1.00024084381438
22.125	54.5	1.00098325696058
22.375	54.5	1.00143475392973
22.625	54.5	1.00170914475795
22.875	54.5	1.0018757906254
23.125	54.5	1.00197691655407
23.375	54.5	1.0020382105625
23.625	54.5	1.00207529383727
23.875	54.5	1.00209766346601
24.125	54.5	1.00211109246788
24.375	54.5	1.00211908980378
24.625	54.5	1.0021237881965
24.875	54.5	1.00212648387868
25.125	54.5	1.00212796468384
25.375	54.5	1.00212870946229
25.625	54.5	1.00212900928109
25.875	54.5	1.00212904108393
26.125	54.5	1.00212891245739
26.375	54.5	1.00212868883707
26.625	54.5	1.00212841004156
26.875	54.5	1.00212810032065
27.125	54.5	1.0021277744618
27.375	54.5	1.00212744150128
27.625	54.5	1.00212710697944
27.875	54.5	1.00212677431126
28.125	54.5	1.00212644561925
28.375	54.5	1.00212612223964
28.625	54.5	1.00212580502988
28.875	54.5	1.00212549455554
29.125	54.5	1.0021251912039
29.375	54.5	1.00212489525286
29.625	54.5	1.00212460691287
29.875	54.5	1.00212432635232
30.125	54.5	1.00212405371301
30.375	54.5	1.00212378911947
30.625	54.5	1.00212353268461
30.875	54.5	1.00212328451315
31.125	54.5	1.00212304470368
31.375	54.5	1.00212281334983
31.625	54.5	1.00212259054105
31.875	54.5	1.00212237636301
32.125	54.5	1.0021221708978
32.375	54.5	1.00212197422409
32.625	54.5	1.00212178641719
32.875	54.5	1.00212160754902
33.125	54.5	1.00212143768817
33.375	54.5	1.00212127689981
33.625	54.5	1.00212112524572
33.875	54.5	1.00212098278423
34.125	54.5	1.00212084957018
34.375	54.5	1.00212072565493
34.625	54.5	1.0021206110863
34.875	54.5	1.00212050590852
35.125	54.5	1.00212041016227
35.375	54.5	1.00212032388457
35.625	54.5	1.00212024710883
35.875	54.5	1.00212017986479
36.125	54.5	1.00212012217852
36.375	54.5	1.00212007407238
36.625	54.5	1.00212003556504
36.875	54.5	1.00212000667145
37.125	54.5	1.00211998740283
37.375	54.5	1.00211997776664
0.125	55.5	-0.0021193067452781
0.375	55.5	-0.00211931574341448
0.625	55.5	-0.00211933373514266
0.875	55.5	-0.00211936071137439
1.125	55.5	-0.00211939665847979
1.375	55.5	-0.00211944155829047
1.625	55.5	-0.00211949538810357
1.875	55.5	-0.00211955812068682
2.125	55.5	-0.00211962972428458
2.375	55.5	-0.00211971016262484
2.625	55.5	-0.00211979939492709
2.875	55.5	-0.00211989737591111
3.125	55.5	-0.00212000405580651
3.375	55.5	-0.00212011938036301
3.625	55.5	-0.00212024329086128
3.875	55.5	-0.00212037572412408
4.125	55.5	-0.00212051661252746
4.375	55.5	-0.0021206658840114
4.625	55.5	-0.00212082346208897
4.875	55.5	-0.00212098926585279
5.125	55.5	-0.00212116320997622
5.375	55.5	-0.0021213452047058
5.625	55.5	-0.00212153515583864
5.875	55.5	-0.00212173296467471
6.125	55.5	-0.00212193852792756
6.375	55.5	-0.0021221517375663
6.625	55.5	-0.00212237248054406
6.875	55.5	-0.0021226006383398
7.125	55.5	-0.00212283608619231
7.375	55.5	-0.00212307869182799
7.625	55.5	-0.00212332831335549
7.875	55.5	-0.0021235847957892
8.125	55.5	-0.00212384796531692
8.375	55.5	-0.00212411761985545
8.625	55.5	-0.00212439351349844
8.875	55.5	-0.00212467533091406
9.125	55.5	-0.00212496264520608
9.375	55.5	-0.00212525484856436
9.625	55.5	-0.00212555103814171
9.875	55.5	-0.0021258498282574
10.125	55.5	-0.00212614904137343
10.375	55.5	-0.00212644519959506
10.625	55.5	-0.00212673268793942
10.875	55.5	-0.00212700237750677
11.125	55.5	-0.00212723935993517
11.375	55.5	-0.00212741921949395
11.625	55.5	-0.00212750189890026
11.875	55.5	-0.00212742160567758
12.125	55.5	-0.00212707020336644
12.375	55.5	-0.00212626988236003
12.625	55.5	-0.00212472819105425
12.875	55.5	-0.00212196404257758
13.125	55.5	-0.00211718596609955
13.375	55.5	-0.00210909178767923
13.625	55.5	-0.00209553905273967
13.875	55.5	-0.00207300283219488
14.125	55.5	-0.00203568387874063
14.375	55.5	-0.00197404200130117
14.625	55.5	-0.00187238516664452
14.875	55.5	-0.00170490893584736
15.125	55.5	-0.00142919710238973
15.375	55.5	-0.000975574920942053
15.625	55.5	-0.00022971919702349
15.875	55.5	0.000995608288107091
16.125	55.5	0.00300613712397157
16.375	55.5	0.00629858119844486
16.625	55.5	0.011673289762711
16.875	55.5	0.0204022597864692
17.125	55.5	0.0344612353273765
17.375	55.5	0.0568024740287844
17.625	55.5	0.0915520161952376
17.875	55.5	0.143817794611325
18.125	55.5	0.218525923967377
18.375	55.5	0.317729389091718
18.625	55.5	0.437028451150055
18.875	55.5	0.564201561484473
19.125	55.5	0.683352267833743
19.375	55.5	0.782324995967991
19.625	55.5	0.856796699379394
19.875	55.5	0.908865891845107
20.125	55.5	0.943470812407924
20.375	55.5	0.965713274934664
20.625	55.5	0.979707773802492
20.875	55.5	0.988395797003589
21.125	55.5	0.993744925713682
21.375	55.5	0.997021540831005
21.625	55.5	0.99902232298566
21.875	55.5	1.00024165916509
22.125	55.5	1.00098382830098
22.375	55.5	1.0014351734498
22.625	55.5	1.00170946880479
22.875	55.5	1.00187605364597
23.125	55.5	1.00197713964179
23.375	55.5	1.00203840667711
23.625	55.5	1.00207547098587
23.875	55.5	1.00209782663915
24.125	55.5	1.00211124481709
24.375	55.5	1.00211923335745
24.625	55.5	1.00212392429517
24.875	55.5	1.00212661343965
25.125	55.5	1.00212808836221
25.375	55.5	1.00212882774904
25.625	55.5	1.00212912256292
25.875	55.5	1.00212914967979
26.125	55.5	1.00212901664099
26.375	55.5	1.00212878885072
26.625	55.5	1.00212850610481
26.875	55.5	1.00212819263572
27.125	55.5	1.00212786321713
27.375	55.5	1.0021275268738
27.625	55.5	1.00212718913617
27.875	55.5	1.00212685341042
28.125	55.5	1.00212652181112
28.375	55.5	1.00212619566719
28.625	55.5	1.00212587582932
28.875	55.5	1.00212556285678
29.125	55.5	1.00212525713095
29.375	55.5	1.00212495892418
29.625	55.5	1.00212466844172
29.875	55.5	1.00212438584705
30.125	55.5	1.00212411127737
30.375	55.5	1.00212384485284
30.625	55.5	1.00212358668231
30.875	55.5	1.00212333686663
31.125	55.5	1.00212309550076
31.375	55.5	1.00212286267493
31.625	55.5	1.00212263847539
31.875	55.5	1.00212242298478
32.125	55.5	1.00212221628238
32.375	55.5	1.00212201844423
32.625	55.5	1.00212182954313
32.875	55.5	1.0021216496487
33.125	55.5	1.00212147882736
33.375	55.5	1.00212131714228
33.625	55.5	1.00212116465336
33.875	55.5	1.00212102141719
34.125	55.5	1.00212088748702
34.375	55.5	1.00212076291272
34.625	55.5	1.00212064774076
34.875	55.5	1.00212054201415
35.125	55.5	1.00212044577242
35.375	55.5	1.00212035905161
35.625	55.5	1.00212028188422
35.875	55.5	1.0021202142992
36.125	55.5	1.00212015632192
36.375	55.5	1.00212010797417
36.625	55.5	1.00212006927412
36.875	55.5	1.00212004023634
37.125	55.5	1.00212002087174
37.375	55.5	1.00212001118762
0.125	56.5	-0.00211927896717418
0.375	56.5	-0.00211928792478446
0.625	56.5	-0.00211930583537699
0.875	56.5	-0.00211933268969634
1.125	56.5	-0.00211936847386133
1.375	56.5	-0.00211941316936729
1.625	56.5	-0.00211946675308921
1.875	56.5	-0.00211952919728552
2.125	56.5	-0.00211960046960266
2.375	56.5	-0.0021196805330803
2.625	56.5	-0.00211976934615722
2.875	56.5	-0.00211986686267774
3.125	56.5	-0.00211997303189876
3.375	56.5	-0.00212008779849707
3.625	56.5	-0.00212021110257704
3.875	56.5	-0.00212034287967827
4.125	56.5	-0.00212048306078293
4.375	56.5	-0.00212063157232219
4.625	56.5	-0.00212078833618089
4.875	56.5	-0.00212095326969901
5.125	56.5	-0.00212112628566759
5.375	56.5	-0.00212130729231538
5.625	56.5	-0.00212149619328005
5.875	56.5	-0.00212169288755382
6.125	56.5	-0.00212189726938704
6.375	56.5	-0.00212210922812239
6.625	56.5	-0.00212232864791519
6.875	56.5	-0.00212255540726618
7.125	56.5	-0.00212278937824601
7.375	56.5	-0.00212303042521265
7.625	56.5	-0.00212327840269467
7.875	56.5	-0.00212353315190246
8.125	56.5	-0.00212379449498212
8.375	56.5	-0.00212406222555557
8.625	56.5	-0.00212433609315038
8.875	56.5	-0.00212461577757604
9.125	56.5	-0.00212490084675812
9.375	56.5	-0.00212519068735387
9.625	56.5	-0.00212548439058137
9.875	56.5	-0.00212578056435485
10.125	56.5	-0.0021260770241599
10.375	56.5	-0.00212637028439927
10.625	56.5	-0.00212665472141942
10.875	56.5	-0.00212692119629643
11.125	56.5	-0.00212715478867028
11.375	56.5	-0.00212733106783155
11.625	56.5	-0.00212740995689583
11.875	56.5	-0.00212732563647442
12.125	56.5	-0.00212696993147584
12.375	56.5	-0.00212616497469791
12.625	56.5	-0.0021246182260672
12.875	56.5	-0.00212184845977287
13.125	56.5	-0.00211706398332403
13.375	56.5	-0.00210896226531038
13.625	56.5	-0.00209540027048835
13.875	56.5	-0.00207285212207226
14.125	56.5	-0.00203551702134194
14.375	56.5	-0.00197385223281074
14.625	56.5	-0.00187216154609908
14.875	56.5	-0.00170463366244302
15.125	56.5	-0.00142884111334626
15.375	56.5	-0.000975090683694692
15.625	56.5	-0.000229028950632923
15.875	56.5	0.000996631599218508
16.125	56.5	0.00300770045250385
16.375	56.5	0.00630101967404562
16.625	56.5	0.0116771406236417
16.875	56.5	0.0204083696779994
17.125	56.5	0.0344709005618265
17.375	56.5	0.0568175839298464
17.625	56.5	0.0915750950228611
17.875	56.5	0.143851700674225
18.125	56.5	0.218572841785311
18.375	56.5	0.317788988382792
18.625	56.5	0.437096177559739
18.875	56.5	0.564269242500032
19.125	56.5	0.683411753176155
19.375	56.5	0.782371777087167
19.625	56.5	0.856830482086022
19.875	56.5	0.908888875591362
20.125	56.5	0.943485855594327
20.375	56.5	0.965722895948412
20.625	56.5	0.97971385537576
20.875	56.5	0.988399630099799
21.125	56.5	0.993747353177128
21.375	56.5	0.997023097375919
21.625	56.5	0.999023342127586
21.875	56.5	1.00024234684678
22.125	56.5	1.00098431095415
22.375	56.5	1.00143552845297
22.625	56.5	1.00170974345715
22.875	56.5	1.00187627686824
23.125	56.5	1.00197732914843
23.375	56.5	1.00203857335659
23.625	56.5	1.00207562157011
23.875	56.5	1.00209796532814
24.125	56.5	1.00211137426697
24.375	56.5	1.00211935528128
24.625	56.5	1.00212403982809
24.875	56.5	1.00212672336105
25.125	56.5	1.00212819323085
25.375	56.5	1.00212892798537
25.625	56.5	1.00212921849929
25.875	56.5	1.00212924159122
26.125	56.5	1.00212910476399
26.375	56.5	1.002128873395
26.625	56.5	1.00212858726052
26.875	56.5	1.00212827057808
27.125	56.5	1.00212793810938
27.375	56.5	1.00212759886918
27.625	56.5	1.00212725837926
27.875	56.5	1.00212692003812
28.125	56.5	1.00212658595335
28.375	56.5	1.00212625744746
28.625	56.5	1.00212593536523
28.875	56.5	1.00212562026041
29.125	56.5	1.00212531250918
29.375	56.5	1.00212501237906
29.625	56.5	1.00212472007071
29.875	56.5	1.00212443574334
30.125	56.5	1.0021241595301
30.375	56.5	1.00212389154736
30.625	56.5	1.00212363190038
30.875	56.5	1.00212338068665
31.125	56.5	1.00212313799796
31.375	56.5	1.00212290392157
31.625	56.5	1.00212267854093
31.875	56.5	1.00212246193605
32.125	56.5	1.00212225418376
32.375	56.5	1.00212205535777
32.625	56.5	1.00212186552875
32.875	56.5	1.0021216847643
33.125	56.5	1.00212151312895
33.375	56.5	1.0021213506841
33.625	56.5	1.00212119748805
33.875	56.5	1.00212105359587
34.125	56.5	1.00212091905943
34.375	56.5	1.00212079392731
34.625	56.5	1.00212067824479
34.875	56.5	1.00212057205383
35.125	56.5	1.00212047539297
35.375	56.5	1.00212038829738
35.625	56.5	1.00212031079879
35.875	56.5	1.00212024292544
36.125	56.5	1.00212018470213
36.375	56.5	1.00212013615012
36.625	56.5	1.00212009728718
36.875	56.5	1.00212006812751
37.125	56.5	1.00212004868179
37.375	56.5	1.00212003895716
0.125	57.5	-0.00211925751327142
0.375	57.5	-0.00211926643916862
0.625	57.5	-0.00211928428626843
0.875	57.5	-0.00211931104518213
1.125	57.5	-0.0021193467018281
1.375	57.5	-0.00211939123743349
1.625	57.5	-0.00211944462853657
1.875	57.5	-0.00211950684698952
2.125	57.5	-0.00211957785996179
2.375	57.5	-0.00211965762994385
2.625	57.5	-0.00211974611475148
2.875	57.5	-0.00211984326753032
3.125	57.5	-0.00211994903676076
3.375	57.5	-0.00212006336626298
3.625	57.5	-0.00212018619520199
3.875	57.5	-0.00212031745809248
4.125	57.5	-0.00212045708480299
4.375	57.5	-0.00212060500055897
4.625	57.5	-0.00212076112594373
4.875	57.5	-0.00212092537689593
5.125	57.5	-0.00212109766470115
5.375	57.5	-0.00212127789597386
5.625	57.5	-0.0021214659726236
5.875	57.5	-0.00212166179179517
6.125	57.5	-0.0021218652457664
6.375	57.5	-0.00212207622177607
6.625	57.5	-0.0021222946017375
6.875	57.5	-0.00212252026176403
7.125	57.5	-0.00212275307138578
7.375	57.5	-0.00212299289225851
7.625	57.5	-0.00212323957603784
7.875	57.5	-0.00212349296088033
8.125	57.5	-0.00212375286568626
8.375	57.5	-0.00212401908062721
8.625	57.5	-0.00212429135156132
8.875	57.5	-0.00212456935439227
9.125	57.5	-0.00212485265288198
9.375	57.5	-0.00212514062923838
9.625	57.5	-0.00212543236990668
9.875	57.5	-0.00212572647765093
10.125	57.5	-0.00212602076234968
10.375	57.5	-0.00212631173222067
10.625	57.5	-0.00212659375665787
10.875	57.5	-0.00212685768871664
11.125	57.5	-0.00212708859846395
11.375	57.5	-0.00212726204328045
11.625	57.5	-0.00212733793075543
11.875	57.5	-0.00212725042026403
12.125	57.5	-0.00212689130633516
12.375	57.5	-0.00212608267660347
12.625	57.5	-0.00212453192177517
12.875	57.5	-0.00212175770750491
13.125	57.5	-0.00211696816834324
13.375	57.5	-0.00210886049416465
13.625	57.5	-0.0020952911972146
13.875	57.5	-0.00207273366241054
14.125	57.5	-0.00203538588266528
14.375	57.5	-0.00197370314095147
14.625	57.5	-0.00187198597404333
14.875	57.5	-0.00170441774146451
15.125	57.5	-0.00142856220524947
15.375	57.5	-0.00097471176830464
15.625	57.5	-0.000228489469573122
15.875	57.5	0.000997430589335976
16.125	57.5	0.00300892011037584
16.375	57.5	0.00630292096967835
16.625	57.5	0.0116801419096639
16.875	57.5	0.020413130242671
17.125	57.5	0.0344784298439274
17.375	57.5	0.0568293531179824
17.625	57.5	0.0915930696371362
17.875	57.5	0.143878106125926
18.125	57.5	0.218609378381965
18.375	57.5	0.317835397710096
18.625	57.5	0.437148912054842
18.875	57.5	0.564321938388652
19.125	57.5	0.683458065595375
19.375	57.5	0.782408197432775
19.625	57.5	0.856856782639475
19.875	57.5	0.908906769357082
20.125	57.5	0.943497568058695
20.375	57.5	0.965730387635041
20.625	57.5	0.97971859186667
20.875	57.5	0.988402616284781
21.125	57.5	0.993749245112278
21.375	57.5	0.997024311267799
21.625	57.5	0.999024137573958
21.875	57.5	1.00024288414781
22.125	57.5	1.00098468852297
22.375	57.5	1.00143580652293
22.625	57.5	1.00170995885009
22.875	57.5	1.00187645210166
23.125	57.5	1.00197747801766
23.375	57.5	1.00203870434407
23.625	57.5	1.00207573992288
23.875	57.5	1.00209807432233
24.125	57.5	1.00211147597678
24.375	57.5	1.00211945104649
24.625	57.5	1.00212413053836
24.875	57.5	1.00212680962876
25.125	57.5	1.0021282754963
25.375	57.5	1.00212900658085
25.625	57.5	1.00212929368821
25.875	57.5	1.00212931359202
26.125	57.5	1.00212917376486
26.375	57.5	1.00212893956296
26.625	57.5	1.00212865074714
26.875	57.5	1.00212833152303
27.125	57.5	1.0021279966428
27.375	57.5	1.0021276551132
27.625	57.5	1.00212731244905
27.875	57.5	1.00212697204269
28.125	57.5	1.00212663599612
28.375	57.5	1.00212630562669
28.625	57.5	1.00212598177441
28.875	57.5	1.00212566498859
29.125	57.5	1.00212535564126
29.375	57.5	1.00212505399601
29.625	57.5	1.00212476024987
29.875	57.5	1.00212447455858
30.125	57.5	1.00212419705205
30.375	57.5	1.0021239278436
30.625	57.5	1.00212366703561
30.875	57.5	1.00212341472289
31.125	57.5	1.00212317099468
31.375	57.5	1.00212293593585
31.625	57.5	1.00212270962761
31.875	57.5	1.00212249214788
32.125	57.5	1.0021222835715
32.375	57.5	1.00212208397036
32.625	57.5	1.00212189341337
32.875	57.5	1.00212171196653
33.125	57.5	1.00212153969286
33.375	57.5	1.00212137665239
33.625	57.5	1.00212122290209
33.875	57.5	1.00212107849583
34.125	57.5	1.00212094348436
34.375	57.5	1.00212081791525
34.625	57.5	1.00212070183285
34.875	57.5	1.00212059527823
35.125	57.5	1.00212049828918
35.375	57.5	1.00212041090017
35.625	57.5	1.00212033314229
35.875	57.5	1.00212026504326
36.125	57.5	1.00212020662737
36.375	57.5	1.0021201579155
36.625	57.5	1.00212011892506
36.875	57.5	1.00212008967001
37.125	57.5	1.00212007016082
37.375	57.5	1.00212006040448
0.125	58.5	-0.00211924290877721
0.375	58.5	-0.00211925181288468
0.625	58.5	-0.00211926961635869
0.875	58.5	-0.00211929630971776
1.125	58.5	-0.00211933187874069
1.375	58.5	-0.00211937630446797
1.625	58.5	-0.0021194295632034
1.875	58.5	-0.00211949162651632
2.125	58.5	-0.002119562461244
2.375	58.5	-0.00211964202949449
2.625	58.5	-0.00211973028864965
2.875	58.5	-0.00211982719136847
3.125	58.5	-0.00211993268559041
3.375	58.5	-0.00212004671453883
3.625	58.5	-0.00212016921672421
3.875	58.5	-0.00212030012594692
4.125	58.5	-0.0021204393712993
4.375	58.5	-0.00212058687716623
4.625	58.5	-0.00212074256322352
4.875	58.5	-0.00212090634443252
5.125	58.5	-0.00212107813102871
5.375	58.5	-0.00212125782850031
5.625	58.5	-0.00212144533755092
5.875	58.5	-0.00212164055403591
6.125	58.5	-0.00212184336885601
6.375	58.5	-0.00212205366778087
6.625	58.5	-0.00212227133115785
6.875	58.5	-0.00212249623343242
7.125	58.5	-0.00212272824235935
7.375	58.5	-0.00212296721770569
7.625	58.5	-0.00212321300911841
7.875	58.5	-0.00212346545261849
8.125	58.5	-0.00212372436483582
8.375	58.5	-0.00212398953352788
8.625	58.5	-0.00212426070198489
8.875	58.5	-0.00212453754337663
9.125	58.5	-0.00212481961855015
9.375	58.5	-0.00212510630659815
9.625	58.5	-0.00212539669062403
9.875	58.5	-0.00212568936978627
10.125	58.5	-0.00212598215003925
10.375	58.5	-0.00212627153527454
10.625	58.5	-0.00212655189002795
10.875	58.5	-0.00212681406175815
11.125	58.5	-0.00212704311386519
11.375	58.5	-0.00212721459545481
11.625	58.5	-0.002127288403357
11.875	58.5	-0.00212719868226949
12.125	58.5	-0.00212683720577443
12.375	58.5	-0.00212602603042847
12.625	58.5	-0.00212447249937908
12.875	58.5	-0.00212169520379536
13.125	58.5	-0.00211690215962365
13.375	58.5	-0.00210879036571624
13.625	58.5	-0.00209521602429367
13.875	58.5	-0.00207265201456788
14.125	58.5	-0.00203529550188717
14.375	58.5	-0.00197360041226426
14.625	58.5	-0.00187186505503959
14.875	58.5	-0.00170426913202466
15.125	58.5	-0.0014283704004779
15.375	58.5	-0.000974451415469103
15.625	58.5	-0.000228119098480843
15.875	58.5	0.000997978732637475
16.125	58.5	0.00300975638144602
16.375	58.5	0.00630422406975267
16.625	58.5	0.0116821983078901
16.875	58.5	0.0204163913887534
17.125	58.5	0.034483586949953
17.375	58.5	0.0568374135641592
17.625	58.5	0.0916053792488978
17.875	58.5	0.143896188570828
18.125	58.5	0.218634397549024
18.375	58.5	0.317867176032125
18.625	58.5	0.437185019796341
18.875	58.5	0.564358018050018
19.125	58.5	0.683489773433129
19.375	58.5	0.782433132049258
19.625	58.5	0.856874788793822
19.875	58.5	0.908919020171951
20.125	58.5	0.943505587254788
20.375	58.5	0.965735517402708
20.625	58.5	0.979721835507881
20.875	58.5	0.988404661703001
21.125	58.5	0.99375054140655
21.375	58.5	0.997025143346617
21.625	58.5	0.999024683140715
21.875	58.5	1.00024325293383
22.125	58.5	1.00098494789667
22.375	58.5	1.00143599771821
22.625	58.5	1.00171010707551
22.875	58.5	1.00187657277436
23.125	58.5	1.00197758058443
23.375	58.5	1.00203879461489
23.625	58.5	1.00207582149303
23.875	58.5	1.00209814943783
24.125	58.5	1.00211154606074
24.375	58.5	1.00211951701917
24.625	58.5	1.00212419301172
24.875	58.5	1.00212686902477
25.125	58.5	1.00212833211897
25.375	58.5	1.00212906066011
25.625	58.5	1.00212934540664
25.875	58.5	1.00212936310129
26.125	58.5	1.00212922119578
26.375	58.5	1.00212898503172
26.625	58.5	1.0021286943592
26.875	58.5	1.00212837337561
27.125	58.5	1.00212803682647
27.375	58.5	1.00212769371294
27.625	58.5	1.00212734954499
27.875	58.5	1.00212700771065
28.125	58.5	1.00212667030798
28.375	58.5	1.00212633865075
28.625	58.5	1.00212601357562
28.875	58.5	1.0021256956288
29.125	58.5	1.00212538517939
29.375	58.5	1.00212508248827
29.625	58.5	1.00212478774988
29.875	58.5	1.00212450111758
30.125	58.5	1.00212422271898
30.375	58.5	1.00212395266528
30.625	58.5	1.00212369105686
30.875	58.5	1.00212343798662
31.125	58.5	1.00212319354204
31.375	58.5	1.00212295780634
31.625	58.5	1.00212273085913
31.875	58.5	1.00212251277689
32.125	58.5	1.00212230363308
32.375	58.5	1.00212210349828
32.625	58.5	1.00212191244022
32.875	58.5	1.00212173052377
33.125	58.5	1.0021215578109
33.375	58.5	1.00212139436066
33.625	58.5	1.00212124022909
33.875	58.5	1.00212109546926
34.125	58.5	1.00212096013113
34.375	58.5	1.00212083426155
34.625	58.5	1.0021207179042
34.875	58.5	1.00212061109958
35.125	58.5	1.00212051388494
35.375	58.5	1.00212042629425
35.625	58.5	1.00212034835817
35.875	58.5	1.00212028010403
36.125	58.5	1.00212022155581
36.375	58.5	1.00212017273408
36.625	58.5	1.00212013365604
36.875	58.5	1.00212010433545
37.125	58.5	1.00212008478264
37.375	58.5	1.00212007500452
0.125	59.5	-0.00211923551463826
0.375	59.5	-0.00211924440765251
0.625	59.5	-0.00211926218891632
0.875	59.5	-0.00211928884890058
1.125	59.5	-0.00211932437331252
1.375	59.5	-0.00211936874309681
1.625	59.5	-0.00211942193443701
1.875	59.5	-0.0021194839187573
2.125	59.5	-0.00211955466272451
2.375	59.5	-0.00211963412825044
2.625	59.5	-0.00211972227249431
2.875	59.5	-0.00211981904786531
3.125	59.5	-0.00211992440202529
3.375	59.5	-0.00212003827789129
3.625	59.5	-0.00212016061363776
3.875	59.5	-0.00212029134269841
4.125	59.5	-0.00212043039376703
4.375	59.5	-0.00212057769079689
4.625	59.5	-0.00212073315299778
4.875	59.5	-0.00212089669482914
5.125	59.5	-0.00212106822598708
5.375	59.5	-0.00212124765138125
5.625	59.5	-0.00212143487109569
5.875	59.5	-0.00212162978032322
6.125	59.5	-0.00212183226925689
6.375	59.5	-0.00212204222291128
6.625	59.5	-0.0021222595208288
6.875	59.5	-0.00212248403659744
7.125	59.5	-0.00212271563705915
7.375	59.5	-0.00212295418100968
7.625	59.5	-0.00212319951706294
7.875	59.5	-0.00212345148014134
8.125	59.5	-0.0021237098857067
8.375	59.5	-0.00212397452027436
8.625	59.5	-0.00212424512581306
8.875	59.5	-0.00212452137408549
9.125	59.5	-0.00212480282443835
9.375	59.5	-0.00212508885436076
9.625	59.5	-0.00212537854523589
9.875	59.5	-0.00212567049436629
10.125	59.5	-0.00212596250568683
10.375	59.5	-0.00212625108086344
10.625	59.5	-0.00212653058193399
10.875	59.5	-0.00212679185348187
11.125	59.5	-0.00212701995548585
11.375	59.5	-0.00212719043281101
11.625	59.5	-0.002127263176782
11.875	59.5	-0.00212717232459795
12.125	59.5	-0.0021268096391545
12.375	59.5	-0.00212599716117184
12.625	59.5	-0.00212444220958507
12.875	59.5	-0.002121663337668
13.125	59.5	-0.0021168685010544
13.375	59.5	-0.00210875460148948
13.625	59.5	-0.00209517768362472
13.875	59.5	-0.00207261036968473
14.125	59.5	-0.00203524940450629
14.375	59.5	-0.00197354802462514
14.625	59.5	-0.00187180340764879
14.875	59.5	-0.00170419339697957
15.125	59.5	-0.00142827269899444
15.375	59.5	-0.000974318865324725
15.625	59.5	-0.000227930628563092
15.875	59.5	0.000998257547625752
16.125	59.5	0.00301018161180229
16.375	59.5	0.00630488651092768
16.625	59.5	0.0116832435102849
16.875	59.5	0.0204180487263157
17.125	59.5	0.0344862076144702
17.375	59.5	0.0568415093818728
17.625	59.5	0.0916116339887095
17.875	59.5	0.143905376322974
18.125	59.5	0.218647109540298
18.375	59.5	0.317883321851403
18.625	59.5	0.437203364771523
18.875	59.5	0.564376348246346
19.125	59.5	0.683505882156163
19.375	59.5	0.782445799541869
19.625	59.5	0.856883936395449
19.875	59.5	0.908925243968732
20.125	59.5	0.943509661364479
20.375	59.5	0.965738123680749
20.625	59.5	0.979723483633993
20.875	59.5	0.988405701127626
21.125	59.5	0.993751200266529
21.375	59.5	0.997025566371047
21.625	59.5	0.999024960599948
21.875	59.5	1.00024344056968
22.125	59.5	1.00098507993158
22.375	59.5	1.00143609509896
22.625	59.5	1.00171018260847
22.875	59.5	1.00187663429214
23.125	59.5	1.00197763288686
23.375	59.5	1.00203884065442
23.625	59.5	1.00207586309705
23.875	59.5	1.0020981877483
24.125	59.5	1.00211158180159
24.375	59.5	1.00211955065882
24.625	59.5	1.00212422486193
24.875	59.5	1.00212689930075
25.125	59.5	1.00212836097594
25.375	59.5	1.0021290882156
25.625	59.5	1.00212937175411
25.875	59.5	1.00212938831842
26.125	59.5	1.00212924534962
26.375	59.5	1.00212900818186
26.625	59.5	1.00212871655974
26.875	59.5	1.00212839467642
27.125	59.5	1.002128057274
27.375	59.5	1.00212771335079
27.625	59.5	1.00212736841425
27.875	59.5	1.00212702585019
28.125	59.5	1.00212668775466
28.375	59.5	1.00212635543958
28.625	59.5	1.00212602973988
28.875	59.5	1.00212571120016
29.125	59.5	1.00212540018804
29.375	59.5	1.002125096963
29.625	59.5	1.00212480171814
29.875	59.5	1.00212451460558
30.125	59.5	1.00212423575178
30.375	59.5	1.00212396526683
30.625	59.5	1.00212370325008
30.875	59.5	1.00212344979346
31.125	59.5	1.00212320498354
31.375	59.5	1.00212296890267
31.625	59.5	1.00212274162968
31.875	59.5	1.00212252324028
32.125	59.5	1.00212231380722
32.375	59.5	1.00212211340042
32.625	59.5	1.002121922087
32.875	59.5	1.00212173993124
33.125	59.5	1.00212156699458
33.375	59.5	1.00212140333555
33.625	59.5	1.00212124900976
33.875	59.5	1.00212110406982
34.125	59.5	1.00212096856529
34.375	59.5	1.00212084254266
34.625	59.5	1.00212072604529
34.875	59.5	1.00212061911335
35.125	59.5	1.00212052178383
35.375	59.5	1.00212043409044
35.625	59.5	1.00212035606362
35.875	59.5	1.00212028773051
36.125	59.5	1.00212022911491
36.375	59.5	1.00212018023726
36.625	59.5	1.00212014111462
36.875	59.5	1.00212011176066
37.125	59.5	1.00212009218564
37.375	59.5	1.00212008239642
