x	y	$\phi$	X Velocity	Y Velocity	pressure	$\beta$
0.125	0.25	0.000668625771951637	0.8	0.653553952997275	-0.0347277288275624	1
0.375	0.25	0.000667909069628234	0.65316175695917	-0.723853679847052	-0.0067971459931223	1
0.625	0.25	0.000666288734823154	1.03998501332408	-0.0615976446992497	-0.0272270179407353	1
0.875	0.25	0.000664649496954947	0.978798646743542	-0.205233559185133	-0.0280176696951363	1
1.125	0.25	0.000662711865899981	0.816737236143425	0.573867659757038	-0.02762760907305	1
1.375	0.25	0.000660765379049194	0.998428656953944	-0.0591930686687274	-0.0276020677639584	1
1.625	0.25	0.000659037192818076	0.995628976094609	-0.0873776392992508	-0.0280360210032969	1
1.875	0.25	0.000657459246773717	0.988569379198858	-0.157112310147348	-0.0276260243880652	1
2.125	0.25	0.000655986414379291	0.997455017473743	-0.116218180739191	-0.0288338655444289	1
2.375	0.25	0.00065460576871602	1.00248425885091	-0.0781852443001802	-0.0300541853712277	1
2.625	0.25	0.000653330298474658	1.00644489223604	-0.0445843673593817	-0.0319331108886284	1
2.875	0.25	0.000652210359250139	1.00645109331427	0.000537425780350793	-0.0341038326421732	1
3.125	0.25	0.000651305843290135	1.00127861766316	0.0505177661985389	-0.035493351125961	1
3.375	0.25	0.000650640734159773	0.998859051327129	0.0656125153879475	-0.0357103343731486	1
3.625	0.25	0.000650179676336067	0.999432241632271	0.063981483412843	-0.0363160473239957	1
3.875	0.25	0.000649747036735542	0.988185271483889	0.112634718518817	-0.0367465564439509	1
4.125	0.25	0.000649079859516374	0.860318133565169	-0.496986978037738	-0.0338476768023371	1
4.375	0.25	0.000648182785925136	0.996503767066257	0.0668185237526297	-0.034000709858595	1
4.625	0.25	0.000647291992352835	0.994084126258508	0.0706712674568083	-0.0335303691141437	1
4.875	0.25	0.000646424670669769	0.997593807600569	0.00938923313942573	-0.0326181207555753	1
5.125	0.25	0.00064559217649389	1.00080656892264	0.000489755059927883	-0.0326818080701639	1
5.375	0.25	0.000644762211130877	1.00229758287033	0.000103498834700811	-0.0333532193145857	1
5.625	0.25	0.000643883128110763	1.0020763199603	0.00139613111090628	-0.0341619525448764	1
5.875	0.25	0.000642915421281438	1.00102578413709	0.00258601715904898	-0.0347229691653628	1
6.125	0.25	0.000641876222506975	0.999829456562622	0.00414016693586774	-0.0350055531936424	1
6.375	0.25	0.000640879541462859	0.996162158231577	0.0131830634941362	-0.0349652973546452	1
6.625	0.25	0.000640127574841568	1.0014379336143	-0.0129865483430146	-0.0334534179458751	1
6.875	0.25	0.000639838210402198	0.998199049508132	-0.0228723431475851	-0.0360499441898185	1
7.125	0.25	0.0006399963596045	0.98596615305035	0.0224086080590905	-0.0329941162220381	1
7.375	0.25	0.000640237388510124	0.954985430376735	0.331382433115934	-0.0294786224561871	1
7.625	0.25	0.000639723653610938	0.45286367207871	0.882603773778243	-0.0380849948568471	1
7.875	0.25	0.000638827789515299	0.44972366091112	-0.884166663559689	-0.0273225405375396	1
8.125	0.25	0.000637533465306868	0.954362316097347	-0.329790454299619	-0.0359005499787877	1
8.375	0.25	0.000636603814271423	0.98967275691727	-0.0590280872437008	-0.0318888208902241	1
8.625	0.25	0.000635819332246351	0.995460180294779	0.0326161125406216	-0.0319439959312087	1
8.875	0.25	0.000635106104836389	0.994518048389507	-0.00626028314687625	-0.0302028028712594	1
9.125	0.25	0.000634432453053686	0.996133033074019	-0.000568091139552624	-0.029528637205531	1
9.375	0.25	0.000633779056481828	0.995501209397066	0.00144763435706774	-0.0285833055381366	1
9.625	0.25	0.00063313090112172	0.995720985353542	-3.63209771445519e-05	-0.0275980216094385	1
9.875	0.25	0.000632485179960488	0.996546450047445	-0.000975053310448718	-0.0267650904572919	1
10.125	0.25	0.00063184224255918	0.997658393671619	-0.00120743547989685	-0.0261949774146742	1
10.375	0.25	0.000631202702058495	0.998786709820962	-0.00110237870942058	-0.0259195741641187	1
10.625	0.25	0.000630567152547163	0.999747999066946	-0.000852756588397673	-0.0259143900600378	1
10.875	0.25	0.000629936160896667	1.00043266181639	-0.000534086891364646	-0.0261199436477004	1
11.125	0.25	0.000629310175725297	1.00078363044302	-0.000184622360735742	-0.0264571752194231	1
11.375	0.25	0.000628689412413946	1.00078235702941	0.000165298759565649	-0.0268382218990442	1
11.625	0.25	0.000628073752602872	1.00044292255252	0.000485329680719892	-0.0271748517024689	1
11.875	0.25	0.000627462684161007	0.99981158946897	0.000742869351733075	-0.0273862950390914	1
12.125	0.25	0.000626855342218361	0.998968309365987	0.000903758247210207	-0.0274074387002911	1
12.375	0.25	0.000626250745944583	0.998025663049913	0.000937312125710859	-0.0271973898419033	1
12.625	0.25	0.000625648304575869	0.997119865563718	0.000826490961651295	-0.0267471372861953	1
12.875	0.25	0.0006250485381824	0.99638985343602	0.000580440824488465	-0.0260836624693571	1
13.125	0.25	0.000624453699260149	0.995946165473469	0.000241674513421157	-0.0252672461409676	1
13.375	0.25	0.000623867654178653	0.99584031514373	-0.000121300080668807	-0.0243801423099565	1
13.625	0.25	0.000623294218797299	0.996050987415067	-0.0004370495791863	-0.023508635267505	1
13.875	0.25	0.00062273352840661	0.996497190434664	-0.000655625672515177	-0.0227247506372028	1
14.125	0.25	0.000622177274133875	0.997070041962731	-0.000751366298253821	-0.0220747062371319	1
14.375	0.25	0.000621605579485756	0.99765589322118	-0.000703537710566703	-0.0215762959509935	1
14.625	0.25	0.00062098996255897	0.998120883541687	-0.000545485236419688	-0.0212187743108455	1
14.875	0.25	0.000620306642654666	0.998255974374023	-0.000726648944138338	-0.0209526251981763	1
15.125	0.25	0.000619560599128159	0.997732051606908	-0.00269573587779579	-0.0206622670726825	1
15.375	0.25	0.000618811290078471	0.996053612831676	-0.00708715681417042	-0.0201344284263762	1
15.625	0.25	0.000618173998333416	0.994739960579743	-0.00424857603827413	-0.0190131566386297	1
15.875	0.25	0.000617747317304792	0.999287693107882	-0.0386617840372118	-0.0178199869677671	1
16.125	0.25	0.000617549168196047	0.985348993034605	0.101614731751835	-0.0193315394362253	1
16.375	0.25	0.000617353859874903	0.965094599257041	0.286589136524964	-0.0134449778352999	1
16.625	0.25	0.000616650457330535	0.488195362300911	0.862052344756221	-0.0224579305945908	1
16.875	0.25	0.000615833094246748	0.454296432162871	-0.880792895664699	-0.0106546800070464	1
17.125	0.25	0.00061461551177422	0.973904195335676	-0.294311951166555	-0.0200907764049762	1
17.375	0.25	0.000613826536643766	0.97931276193946	0.0539498566496358	-0.0189250037864823	1
17.625	0.25	0.000613190143411237	0.993668898781333	-0.00191849797836443	-0.0107892542536866	1
17.875	0.25	0.00061261949618843	1.01240526219927	0.0100026224128294	-0.0160515877472488	1
18.125	0.25	0.000612061252416308	0.99919208857877	0.0137980199845806	-0.0173071277893506	1
18.375	0.25	0.000611484050759472	0.995313599775392	-0.0041081369949747	-0.0159942232241201	1
18.625	0.25	0.000610880664332565	0.996157688569316	-0.0117307455730648	-0.0152633710867828	1
18.875	0.25	0.000610266570168227	0.994938068039053	-0.0147957317211274	-0.0143980804511144	1
19.125	0.25	0.000609664820215964	0.99362146186264	-0.016514610140388	-0.0130840420337249	1
19.375	0.25	0.000609106444662122	0.994148544024099	-0.00640295536068378	-0.0115814852868397	1
19.625	0.25	0.000608592261031734	0.996401299781779	0.0114529507067945	-0.0104818622546636	1
19.875	0.25	0.000608087577079233	0.999365933183812	0.0238929089203698	-0.0101299006989033	1
20.125	0.25	0.000607548776416907	1.00254053977136	0.0247765589625005	-0.0106178711009725	1
20.375	0.25	0.000606952163112011	1.00496579721182	0.0177107132300598	-0.0118626783421906	1
20.625	0.25	0.000606305666171861	1.0054713527086	0.00865761497049551	-0.0134903058975114	1
20.875	0.25	0.000605641483225109	1.00401111251142	0.0025975421089262	-0.0149303526465274	1
21.125	0.25	0.000604994086426809	1.00138743904474	0.00138885617508902	-0.0158112462004141	1
21.375	0.25	0.000604385290527247	0.998217032869324	0.00322250979076325	-0.0159373867137172	1
21.625	0.25	0.00060382047064969	0.995842618705145	0.00406656922169905	-0.0152352115025266	1
21.875	0.25	0.00060328938830117	1.00016967191189	-0.00368468957859855	-0.0141784608101783	1
22.125	0.25	0.000602781383698609	0.965346914975407	0.091174589629281	-0.0156070612823196	1
22.375	0.25	0.000602368612062618	0.95631247477806	-0.0755705535564049	0.000708251802094377	1
22.625	0.25	0.000601850975147128	0.993514189007565	-0.0230679277443381	0.00446620336854503	1
22.875	0.25	0.000601328221809151	0.9997848316266	0.0136979936748222	0.00354075757826775	1
23.125	0.25	0.000600797014298707	0.996068282324788	0.0152552943797258	0.00421496155043075	1
23.375	0.25	0.000600229634813898	0.995148825715696	0.0153253647799236	0.00512799979555747	1
23.625	0.25	0.000599605495710862	0.993905436409905	0.0150509783154315	0.00626206332612336	1
23.875	0.25	0.000598906300072612	0.992378949854997	0.014568828746526	0.00779419036902516	1
24.125	0.25	0.000598114577107026	0.991449356547609	0.0128024880835611	0.00968628056794983	1
24.375	0.25	0.00059722070216226	0.991423320938484	0.0101026607795186	0.0116843080658577	1
24.625	0.25	0.000596230938634382	0.99164617245689	0.00739559750210994	0.0135934019522518	1
24.875	0.25	0.000595172788665727	0.991634989724759	0.00427584154438407	0.0154790166154206	1
25.125	0.25	0.000594092813125428	0.991779119005282	0.000874048168883154	0.0173876512310721	1
25.375	0.25	0.000593048192826	0.992542895047312	-0.00185564445948839	0.0191912572817164	1
25.625	0.25	0.00059209595750969	0.993932634894208	-0.00338690649737989	0.0207067593614575	1
25.875	0.25	0.000591282622443878	0.995686059369944	-0.00387918753656854	0.0218066510717611	1
26.125	0.25	0.000590637053107041	0.997515244564647	-0.00372712084787861	0.0224402669092431	1
26.375	0.25	0.000590169535770053	0.999163963088193	-0.00325454270486242	0.0226231326607395	1
26.625	0.25	0.00058987837478504	1.00038475364509	-0.00263222903206944	0.0224313235700947	1
26.875	0.25	0.000589762311482802	1.00091490230419	-0.00190651111646649	0.0220031488832085	1
27.125	0.25	0.000589833978285259	1.0004585315299	-0.00105810976030155	0.0215455848440706	1
27.375	0.25	0.000590127942511367	0.998699915338496	-0.000122147408641609	0.0213444424630531	1
27.625	0.25	0.000590697637489319	0.995485670895698	0.000491080904886261	0.0217632433073643	1
27.875	0.25	0.000591598221833952	0.991432328495201	-0.000483478735425758	0.0231619934859219	1
28.125	0.25	0.000592857237951389	0.988621855158776	-0.00455981433504867	0.0255950879875711	1
28.375	0.25	0.000594447071107655	0.989375220434176	-0.0102948879681519	0.0283835176397508	1
28.625	0.25	0.000596288643176788	0.993560124165167	-0.0138646277035496	0.0304201142536074	1
28.875	0.25	0.000598283228133172	0.998819868271804	-0.0144359196424729	0.0311020542310136	1
29.125	0.25	0.000600336664017549	1.00320117867706	-0.0137105124174131	0.0305059741138017	1
29.375	0.25	0.000602377306492014	1.00606307550291	-0.0131050655108392	0.0289963549301968	1
29.625	0.25	0.000604375942460522	1.00739170934335	-0.0132665397927644	0.0269658647774907	1
29.875	0.25	0.000606356059754883	1.0071806565817	-0.0145461408892429	0.0247862841026899	1
30.125	0.25	0.000608377942018091	1.00521516210541	-0.0174332050863163	0.0228523011844809	1
30.375	0.25	0.000610492751828855	1.00117237478344	-0.0232446851886638	0.0216357895664293	1
30.625	0.25	0.00061268508734484	0.99517470696924	-0.0356394270669202	0.0216679834491073	1
30.875	0.25	0.000614840120041465	0.988820951656187	-0.0611862941588239	0.0232691978218166	1
31.125	0.25	0.000616769474358906	0.984982930349656	-0.100992899438276	0.0258643763306586	1
31.375	0.25	0.000618305106092057	0.985850994246436	-0.138294694275111	0.0277905121772158	1
31.625	0.25	0.000619400131744326	0.991120383264088	-0.155617216269521	0.0277445882868338	1
31.875	0.25	0.000620137625716225	0.997358573833064	-0.156277064046989	0.0257818679452533	1
32.125	0.25	0.00062066697623424	1.00168004946829	-0.15238799413879	0.0225845235696786	1
32.375	0.25	0.000621135712382543	1.00342843053757	-0.151017988858575	0.0187779838055428	1
32.625	0.25	0.000621628003822295	1.00322329836046	-0.153388154754527	0.0148199835492348	1
32.875	0.25	0.000622121763219189	1.00207629348071	-0.159355535277081	0.0109387066844992	1
33.125	0.25	0.000622484838071305	1.00133740275676	-0.161419429929117	0.00710195839498989	1
33.375	0.25	0.000622501994437147	1.00359268380503	-0.137568356730604	0.00348626657530648	1
33.625	0.25	0.000621908543912122	1.00941202190535	-0.0773505059079104	0.000400227367068534	1
33.875	0.25	0.000620436093739639	1.01526773020587	-0.0234899695607572	-0.00286074468375294	1
34.125	0.25	0.000617945859006102	1.02141464033056	0.0042369169778756	-0.00753829341709935	1
34.375	0.25	0.000614651977299308	1.02643558294102	0.0220905007174675	-0.013760664213204	1
34.625	0.25	0.000611286718990509	1.03070073648053	0.0145870026885979	-0.0210895172748793	1
34.875	0.25	0.000608951371967418	1.03345013260547	0.0117366698899066	-0.0293974544986592	1
35.125	0.25	0.000608475817876365	1.03281162359828	0.019926468466637	-0.0381213771837224	1
35.375	0.25	0.000609423306215225	1.03473844812915	0.0282689789029868	-0.046225364978537	1
35.625	0.25	0.000609465691059706	0.971745782104096	0.251339204714413	-0.0560879893924487	1
35.875	0.25	0.000605326162181348	0.87883671342879	-0.386979198435563	-0.0486199497367054	1
36.125	0.25	0.000597473597850006	0.997697627987563	-0.164948304450849	-0.0365911975365669	1
36.375	0.25	0.000591291470784407	1.07131698350067	-0.00390396035280269	-0.0555370941384049	1
36.625	0.25	0.000591682950257179	1.06648252763036	-0.00128108282107001	-0.0729727779234743	1
36.875	0.25	0.000602933262657251	1.04567805487201	0.0742122112598961	-0.0893870800360909	1
37.125	0.25	0.000624223105178311	0.909093044609409	0.458402768853968	-0.0977695467346817	1
37.375	0.25	0.000646177834366126	0.8	-0.47272712092309	-0.101298047086581	1
0.125	0.75	0.000653701443529265	0.978354846943327	0.0160536301199345	-0.0361446396911599	1
0.375	0.75	0.000652807991022378	0.837182369158288	-0.495510440665611	-0.0257573298811611	1
0.625	0.75	0.000652390053518724	0.976705240079959	-0.232528578722197	-0.0250069851151936	1
0.875	0.75	0.000652033514531557	0.815042396624875	0.585088184865844	-0.0281818932483419	1
1.125	0.75	0.000650726080754375	0.785725101347727	-0.61316675469635	-0.0268302507554876	1
1.375	0.75	0.000649183729787735	0.953417746946601	-0.301365632127278	-0.0271790726587895	1
1.625	0.75	0.000647982159223855	0.9914515379629	0.126834458969353	-0.0272420111606741	1
1.875	0.75	0.00064689586228713	0.991949679733131	0.139628246506571	-0.0272226172434627	1
2.125	0.75	0.000645861623715026	0.999539240268585	0.0998319917074305	-0.028416045212745	1
2.375	0.75	0.000644870198838285	1.00427050088276	0.0575283880214883	-0.0298051753650511	1
2.625	0.75	0.000643964709216315	1.00694000625678	0.0351377976932236	-0.0317065541208937	1
2.875	0.75	0.000643209256200705	1.00726482715439	0.0138165580091468	-0.0339123192495704	1
3.125	0.75	0.000642658949729118	1.00334119801551	-0.0287812867552787	-0.0357167570130455	1
3.375	0.75	0.000642348676121911	0.999612719301313	-0.0731925363740089	-0.0361188164308547	1
3.625	0.75	0.000642241586693797	1.00120185328952	-0.0578560531401572	-0.0371639647844868	1
3.875	0.75	0.000642058041568653	0.977337106187133	0.196823468799161	-0.037862851767132	1
4.125	0.75	0.00064134526566275	0.895745125460189	0.426481163578037	-0.0360717718549393	1
4.375	0.75	0.000640387161006416	0.94189970282761	-0.320061224702629	-0.0344057675627507	1
4.625	0.75	0.000639575210897289	0.993345616326059	-0.0695504435546669	-0.03379850930471	1
4.875	0.75	0.000638856364664707	0.996653610186302	-0.029936130471273	-0.0326063529026201	1
5.125	0.75	0.000638182479638169	1.00077853908004	-0.010287445483096	-0.0326765865541203	1
5.375	0.75	0.000637489040927802	1.00233318652918	-0.0022889554770299	-0.0333502104836005	1
5.625	0.75	0.000636711825697678	1.00210142189762	0.00253250537554907	-0.034172179919927	1
5.875	0.75	0.000635824344468998	1.00096944594325	0.00170269861527756	-0.0347298750231948	1
6.125	0.75	0.000634893075780524	1.00031907545259	0.00107252224847698	-0.0349834838363523	1
6.375	0.75	0.000634112418106827	0.99612795653956	0.00938062390617146	-0.0352096064145475	1
6.625	0.75	0.000633777612627537	0.999261322072916	-0.052579592284727	-0.0333907538893358	1
6.875	0.75	0.00063416348451755	0.99125006048579	0.114356389664499	-0.0358407600354341	1
7.125	0.75	0.000635073880093875	0.993379677442254	0.0972635027129088	-0.03262507082223	1
7.375	0.75	0.000635894013533927	0.845492668518849	0.529668725611096	-0.0351364792253067	1
7.625	0.75	0.00063563664837689	0.894224514593556	0.437028998901657	-0.0318139414867672	1
7.875	0.75	0.000634208469603852	0.89834468003357	-0.430052277974535	-0.033624276047437	1
8.125	0.75	0.000632592603104291	0.845491851890537	-0.528712903032965	-0.0306197609657547	1
8.375	0.75	0.000631374101425828	0.995148779664391	-0.118440209198717	-0.0325243890404205	1
8.625	0.75	0.000630492152199152	0.994453995972133	-0.00697079206416897	-0.031916938196664	1
8.875	0.75	0.000629754833242989	0.994535150843954	-0.0114245035160985	-0.0300797081344118	1
9.125	0.75	0.000629101324988492	0.996524666505032	0.00506792922020267	-0.029528767992332	1
9.375	0.75	0.000628484588260606	0.99557507991597	-0.00112497672415465	-0.0286596516959969	1
9.625	0.75	0.000627883793434055	0.995600856172312	-0.00248150450921678	-0.0276322775534723	1
9.875	0.75	0.000627291113630298	0.99649868027526	-0.00322613891919386	-0.0267805175548122	1
10.125	0.75	0.000626704950233196	0.99764130380051	-0.00350692310042593	-0.0262050688425885	1
10.375	0.75	0.000626125458163948	0.998775718523623	-0.00322822138126994	-0.0259265685906068	1
10.625	0.75	0.000625553097266345	0.999741739804464	-0.00252667012183622	-0.025918767462682	1
10.875	0.75	0.00062498823790999	1.00043260311177	-0.00157845120241671	-0.0261227484079507	1
11.125	0.75	0.000624431006484794	1.00078863764229	-0.00052109083047501	-0.0264596302417703	1
11.375	0.75	0.000623881160950934	1.00078933799549	0.000540457176041125	-0.0268411720486029	1
11.625	0.75	0.000623337971361327	1.0004480968736	0.0015121523966402	-0.0271784730014186	1
11.875	0.75	0.000622800155323303	0.999811458000225	0.00229657450131994	-0.0273899830241342	1
12.125	0.75	0.000622265970633348	0.998960644096779	0.00279167294925869	-0.0274098463614648	1
12.375	0.75	0.000621733580921951	0.998010653519331	0.0029058864072971	-0.0271967052497477	1
12.625	0.75	0.000621201736893998	0.99710099140738	0.00259014226936969	-0.0267417026927323	1
12.875	0.75	0.000620670612950076	0.996373614725627	0.00187720348840246	-0.0260728724901312	1
13.125	0.75	0.00062014231464158	0.995940022978644	0.000903769671159609	-0.0252523477568742	1
13.375	0.75	0.000619620254510844	0.995849344654997	-0.000113946699215138	-0.024364334309497	1
13.625	0.75	0.00061910659920464	0.996075231246072	-0.000956732837064011	-0.0234961103548117	1
13.875	0.75	0.000618597768256399	0.996532517688785	-0.0014914017600688	-0.0227191246234354	1
14.125	0.75	0.000618079756033628	0.997114963293935	-0.00170649222433763	-0.0220782267318106	1
14.375	0.75	0.000617527358648755	0.997721578761895	-0.00163805179787278	-0.0215917015505948	1
14.625	0.75	0.000616912701785908	0.998218529376327	-0.00112444079056735	-0.0212536199570302	1
14.875	0.75	0.000616226573820877	0.998292296746725	0.000722109729126653	-0.0210146680355683	1
15.125	0.75	0.000615509059443903	0.997341497194072	0.00613581325431258	-0.0207121172480156	1
15.375	0.75	0.000614872758295429	0.995909886609909	0.0172586524158232	-0.0200072469274513	1
15.625	0.75	0.000614482362394005	0.994156513443515	0.00658271489497427	-0.0190523832375709	1
15.875	0.75	0.000614472416495404	0.997229301464109	0.00813771107381974	-0.0174035095944235	1
16.125	0.75	0.000614798656018126	0.995497800819316	0.104242107862559	-0.0179909481125003	1
16.375	0.75	0.000615017166057421	0.885854774758963	0.451491069489016	-0.018112134773123	1
16.625	0.75	0.00061460165464069	0.860973172980931	0.503147009433266	-0.0153132349157941	1
16.875	0.75	0.000613476853153168	0.900405979663132	-0.418040451546802	-0.0178229269777009	1
17.125	0.75	0.000612168438075109	0.818330834812873	-0.576717623289937	-0.0125500857667197	1
17.375	0.75	0.000611141872906208	0.995643045445716	-0.028189654058818	-0.0186987144420213	1
17.625	0.75	0.000610283463977785	0.970659299465596	-0.215021475635114	-0.0108528913786076	1
17.875	0.75	0.000609610576868311	1.01093743291366	0.0553024078795613	-0.0160939580292075	1
18.125	0.75	0.000609007264849709	0.998576325657446	0.0272353235924717	-0.0173434049684021	1
18.375	0.75	0.000608407309945087	0.995009689177566	-0.00491455766429008	-0.0158632476847582	1
18.625	0.75	0.000607798714824992	0.996152810919463	0.0149551371236343	-0.0151462012261688	1
18.875	0.75	0.000607182448871742	0.994539298046824	0.0230690615152081	-0.0142825622088585	1
19.125	0.75	0.000606563686326287	0.993628257485348	0.0211598764475841	-0.0128423206817628	1
19.375	0.75	0.00060595337995453	0.995325302538292	0.000483868262426484	-0.011508885776384	1
19.625	0.75	0.000605360388920621	0.99759779289167	-0.024821983244685	-0.0108159120209696	1
19.875	0.75	0.000604782934465317	0.999450205403517	-0.0407466329445476	-0.0107731020321858	1
20.125	0.75	0.000604212376047208	1.00153333055158	-0.0411141937111025	-0.0112597182981959	1
20.375	0.75	0.000603641059739626	1.00364659597171	-0.0268647791979016	-0.0122636614251118	1
20.625	0.75	0.000603070433143531	1.00444919116083	-0.00638196632781262	-0.0135713587833235	1
20.875	0.75	0.000602513162527163	1.00357245861316	0.00705599612971025	-0.0148113512776728	1
21.125	0.75	0.000601990166444322	1.00149093546806	0.0114770674959489	-0.0156813521180957	1
21.375	0.75	0.000601521731989109	0.998567219427154	0.0103302845917657	-0.015900026892441	1
21.625	0.75	0.000601108743481769	0.995108521927531	0.00130818025549026	-0.015301889300184	1
21.875	0.75	0.000600710426214371	0.996425046727197	-0.0272117339858338	-0.0137661188347995	1
22.125	0.75	0.00060022179648967	0.952374899873756	0.202737017171633	-0.0139684743065431	1
22.375	0.75	0.000599551386104262	0.953830616558909	-0.138970651486566	-0.0010709544821662	1
22.625	0.75	0.000598836742173033	0.989306974615739	-0.058895166071086	0.00373324863738364	1
22.875	0.75	0.000598151840736398	0.999371689505961	0.00964163064907194	0.00306650003797922	1
23.125	0.75	0.000597453835930193	0.996233845081964	-0.0144693933020518	0.0037168611845087	1
23.375	0.75	0.000596717016710824	0.995339620608409	-0.0149943821701038	0.00458248188635537	1
23.625	0.75	0.000595931054466768	0.994134182275873	-0.0119665345492039	0.0056735756889276	1
23.875	0.75	0.000595096004109343	0.992508231881663	-0.0123297976280933	0.00715562667551629	1
24.125	0.75	0.000594223607142532	0.99130292265165	-0.0146292861378549	0.00904803501412758	1
24.375	0.75	0.000593339692654871	0.991081330823912	-0.0146618285392566	0.0111062941707581	1
24.625	0.75	0.000592486245397463	0.991229198618205	-0.0102654840523347	0.0130981891387094	1
24.875	0.75	0.000591722779188634	0.991141629049696	-0.00563600869217895	0.0150968804410589	1
25.125	0.75	0.000591117239771688	0.991296400593826	-0.00355203377673056	0.0171361182198482	1
25.375	0.75	0.000590730359730275	0.992186101716138	-0.00321931747687829	0.0190484348414827	1
25.625	0.75	0.000590601412255258	0.993723767746733	-0.00343972604647364	0.0206330294528828	1
25.875	0.75	0.000590738993755224	0.995581797752292	-0.00364623608195075	0.0217691872993713	1
26.125	0.75	0.000591120448898239	0.997465670766226	-0.00352131375189911	0.0224197935937638	1
26.375	0.75	0.000591702776515933	0.999135477445428	-0.00276407141292377	0.0226110468457712	1
26.625	0.75	0.000592443190652408	1.00036175923267	-0.00114516427046143	0.0224254317246148	1
26.875	0.75	0.000593321457357634	1.00089977739994	0.00148509107317263	0.022002827871209	1
27.125	0.75	0.000594352654524045	1.00046733726877	0.00524932125387004	0.0215457537502211	1
27.375	0.75	0.000595581139059259	0.998735449749454	0.0101415892506316	0.0213307916973405	1
27.625	0.75	0.000597054780600874	0.995471864824962	0.01526981390357	0.0217178350827749	1
27.875	0.75	0.000598788263998347	0.991222690012913	0.0171146399243724	0.0230960583862243	1
28.125	0.75	0.000600728466568553	0.988318877149251	0.0104267358711039	0.0255806812571421	1
28.375	0.75	0.000602740463226658	0.989286175114744	-0.00144933183822249	0.0284440779924958	1
28.625	0.75	0.000604650040234426	0.993743991955721	-0.00759467798338231	0.0304729176895885	1
28.875	0.75	0.000606312735185715	0.999070898459853	-0.00595630014002924	0.0311015496224031	1
29.125	0.75	0.000607644108022624	1.00335081445917	-0.000946586487755871	0.0304729896408087	1
29.375	0.75	0.000608633191724145	1.00608083225313	0.00471902450515968	0.0289645801388038	1
29.625	0.75	0.000609353097874853	1.0072907569951	0.0109047018266935	0.0269590593839704	1
29.875	0.75	0.000609944535442261	1.00695713539993	0.018695348069886	0.024817487624079	1
30.125	0.75	0.000610550664522229	1.00483349392838	0.0295083723497139	0.0229210463481516	1
30.375	0.75	0.000611215358749355	1.00052204156664	0.044557795193426	0.0217146123869632	1
30.625	0.75	0.000611803191658315	0.993973521132088	0.0640140560555114	0.0217004646273167	1
30.875	0.75	0.000612021690090361	0.987110174456281	0.0851692410975901	0.0232399200298575	1
31.125	0.75	0.000611575072906516	0.984353660435951	0.103982974451801	0.0258505125865851	1
31.375	0.75	0.000610361184082724	0.987683965648863	0.119321722378109	0.0278551994222129	1
31.625	0.75	0.000608537071706249	0.99394109785052	0.130121475778899	0.0279564253939165	1
31.875	0.75	0.000606395798999976	0.999357668367856	0.137000763504579	0.0261993273191051	1
32.125	0.75	0.000604213307935177	1.00249733658526	0.143683305396453	0.0231651154538281	1
32.375	0.75	0.000602148081971662	1.00335705707681	0.151863214274693	0.0193858611044509	1
32.625	0.75	0.000600180140388418	1.00242439070201	0.159495701232225	0.0153244114766008	1
32.875	0.75	0.000598106117058655	1.00059371557951	0.164132638633118	0.0114163720120331	1
33.125	0.75	0.000595610769487699	0.999687284871468	0.160901024271386	0.00788747370077159	1
33.375	0.75	0.000592366038313664	1.00328212811205	0.130998891046265	0.00471538628316359	1
33.625	0.75	0.000588097960270719	1.01096142860258	0.0624874628762889	0.00167315159886237	1
33.875	0.75	0.000582647367510113	1.01658375536603	7.24682099349457e-05	-0.00193029700675906	1
34.125	0.75	0.000576133748837897	1.02171581497641	-0.0245259661564777	-0.00678466333114059	1
34.375	0.75	0.000569202449707209	1.02726365689823	-0.0355165450800181	-0.0131119791671677	1
34.625	0.75	0.000563199527598284	1.03214046480983	-0.0287893666536888	-0.0209363998672547	1
34.875	0.75	0.000559878167825201	1.03500529849141	-0.0179541600271464	-0.0296315540456734	1
35.125	0.75	0.000560338151565681	1.03623201348401	-0.0104190314367838	-0.0388040888430136	1
35.375	0.75	0.000563378580487737	1.02994481991741	0.00110063801218749	-0.0480968496801033	1
35.625	0.75	0.000564416981311933	1.00270557408118	0.190684091704267	-0.0540770980217075	1
35.875	0.75	0.000557389905425588	0.911763251661946	0.370936833068628	-0.0593994409475975	1
36.125	0.75	0.00054361009778408	0.833636341228455	-0.518523590512428	-0.0459230235573177	1
36.375	0.75	0.000534345950335436	1.05217893845306	-0.0042344301948332	-0.0555593015963632	1
36.625	0.75	0.000535812166579864	1.06964280725465	0.0242160631599204	-0.0725636496365501	1
36.875	0.75	0.000550595891006353	1.00581311028108	0.276166445507098	-0.0911387751435956	1
37.125	0.75	0.000574981394861199	1.05985241114884	-0.0287317081156158	-0.0949652705614181	1
37.375	0.75	0.000600632853683073	1.08005578361242	0.331663175089448	-0.122066267795225	1
0.125	1.25	0.000635190110076165	0.92453825795606	0.320554926987029	-0.0307857901904135	1
0.375	1.25	0.000634138440503624	0.656203826567926	-0.742731329123435	-0.0211301914521282	1
0.625	1.25	0.000633903630106059	1.01576660973268	-0.0440170278184309	-0.0275277748576214	1
0.875	1.25	0.000633928804062121	0.976451085580378	0.230556305650007	-0.0298265925648749	1
1.125	1.25	0.000632630683347222	0.964099012627196	0.251486731756349	-0.0294020535711443	1
1.375	1.25	0.000630996318731722	0.881923863296243	-0.467039670540971	-0.0282901712682718	1
1.625	1.25	0.00062999725790598	0.984547065837597	-0.168499975155347	-0.0287530351654076	1
1.875	1.25	0.00062927362880448	0.982573960748126	-0.18713733981291	-0.0280324251045098	1
2.125	1.25	0.000628644180395023	0.993834280179784	-0.140229922478399	-0.029178425077949	1
2.375	1.25	0.000628076901188021	1.00046386068162	-0.097634966604078	-0.0301850399789651	1
2.625	1.25	0.000627644669386357	1.00636254503794	-0.0549720748311588	-0.0321087349744812	1
2.875	1.25	0.000627428766862274	1.00582665610912	0.00368943412467548	-0.0344401733055539	1
3.125	1.25	0.000627482486207986	0.997256561841999	0.080273611731509	-0.0353466528337473	1
3.375	1.25	0.00062783333873968	0.998039370860966	0.063462478365842	-0.0349987839835076	1
3.625	1.25	0.000628404380739044	0.993923671653384	0.112868466847464	-0.0356877309594777	1
3.875	1.25	0.000628649367892868	0.925353852973585	0.353961794681103	-0.035437608053814	1
4.125	1.25	0.000627883816642978	0.911475611038739	-0.407262683852012	-0.0313468064492546	1
4.375	1.25	0.000626784558835545	0.993408667987313	-0.139533402318607	-0.0348644327845864	1
4.625	1.25	0.000625982730140524	0.994589204727412	-0.0217986131951344	-0.0332491510915359	1
4.875	1.25	0.000625380558169183	0.998083289689076	-0.0154991300349505	-0.032600941723758	1
5.125	1.25	0.000624856607564145	1.0008063164933	-0.0100904392794463	-0.0326740263433904	1
5.375	1.25	0.00062430112841016	1.00236014700357	-0.00240937621788069	-0.0333516526311307	1
5.625	1.25	0.000623635841641268	1.00185435658798	0.00566141177592462	-0.0341766369305682	1
5.875	1.25	0.000622869987037672	1.00061805532529	0.00785827663106674	-0.0346079181140735	1
6.125	1.25	0.000622174679278938	1.00016484324686	0.00491691182589885	-0.0348207265763353	1
6.375	1.25	0.000621895751744626	0.994543821226653	0.0507485122491496	-0.0350106149198459	1
6.625	1.25	0.000622444301275079	0.998597845522353	-0.0677658831609259	-0.0330370206364638	1
6.875	1.25	0.000624174936977858	1.000182155704	0.0742415445780226	-0.03575026614605	1
7.125	1.25	0.00062647960273401	0.962821406337116	0.210651008969702	-0.0348086745314518	1
7.375	1.25	0.000628152598651323	0.749445994973158	0.660691002252651	-0.0288801023936971	1
7.625	1.25	0.000627944144351187	0.751656767230303	0.663344140365207	-0.0351343228410001	1
7.875	1.25	0.000625749634762526	0.739786090191853	-0.677404825048844	-0.0300722141202991	1
8.125	1.25	0.000623272459928777	0.773994512175549	-0.62988686749406	-0.0365863390924632	1
8.375	1.25	0.000621432626068339	0.941456783069058	-0.307714868931296	-0.0298754542606796	1
8.625	1.25	0.000620325832729471	0.999094015150119	0.037181840029674	-0.0322110053987429	1
8.875	1.25	0.00061955471089122	0.993989572242829	-0.0274482841587317	-0.0300865014228013	1
9.125	1.25	0.000618973856892714	0.996446969828701	0.00384436368157435	-0.0297009635658805	1
9.375	1.25	0.000618463172819499	0.995307129686493	0.00459612318045039	-0.0286205468689269	1
9.625	1.25	0.000617976927800688	0.995789010206049	-0.00275001332971874	-0.0276695269814568	1
9.875	1.25	0.000617501187683543	0.996488206478058	-0.00543628755772235	-0.0268303233190335	1
10.125	1.25	0.000617032993391083	0.997572241664377	-0.00598022420839908	-0.0262372109329612	1
10.375	1.25	0.000616573067641766	0.998727728000815	-0.00543784797935773	-0.0259431096926375	1
10.625	1.25	0.000616122849395278	0.999722434137908	-0.00424315836748443	-0.0259270161895564	1
10.875	1.25	0.000615683373130133	1.00043293578318	-0.0026632495257664	-0.026127853357692	1
11.125	1.25	0.000615254905483333	1.00079977685977	-0.000900671904174072	-0.0264645634674084	1
11.375	1.25	0.000614836797877562	1.00080368777421	0.000874805403375735	-0.0268474192149472	1
11.625	1.25	0.000614427389068496	1.00045838265864	0.00250257524355421	-0.0271862000305748	1
11.875	1.25	0.000614024019139668	0.999811064909413	0.00381437205119268	-0.0273979238944237	1
12.125	1.25	0.000613623322451843	0.998945295200927	0.00463374187094583	-0.0274153140322635	1
12.375	1.25	0.000613221943074191	0.997980799705555	0.00480201192895716	-0.02719609123912	1
12.625	1.25	0.000612817625189158	0.997063581954961	0.00423393977532431	-0.0267317004817676	1
12.875	1.25	0.000612410267893245	0.996341310817162	0.00298675262115157	-0.0260522622266331	1
13.125	1.25	0.000612002102053621	0.995926567659818	0.00129844836134524	-0.0252235065366106	1
13.375	1.25	0.000611595923647395	0.995862221761976	-0.000457037141717136	-0.0243331835559154	1
13.625	1.25	0.000611190767236074	0.996109024230606	-0.00190516189080909	-0.0234697273377197	1
13.875	1.25	0.000610775996461591	0.996565394053251	-0.0028205591800941	-0.0227015906376021	1
14.125	1.25	0.000610327489449459	0.997107024099969	-0.0031657427029173	-0.0220659211919405	1
14.375	1.25	0.000609812227731183	0.997617684756042	-0.00292096294321939	-0.021568388556784	1
14.625	1.25	0.0006092076845571	0.997980833785397	-0.00174173414633706	-0.0211874428035529	1
14.875	1.25	0.000608537010166286	0.998038454440269	0.00112298314823597	-0.0208700190545854	1
15.125	1.25	0.000607908012529887	0.99798347653386	0.00513048298326385	-0.0205178548619433	1
15.375	1.25	0.000607525508010673	0.996318076107971	-0.00434284536395011	-0.0201768270358221	1
15.625	1.25	0.000607646506713467	0.994863015016753	0.00680704542343694	-0.018986038341629	1
15.875	1.25	0.000608421106394486	1.00035599646179	-0.0672719730916461	-0.0179230065579027	1
16.125	1.25	0.000609627752777496	0.938929004941019	0.307642822851976	-0.02059248684108	1
16.375	1.25	0.000610415753119528	0.769396422374495	0.632426413426006	-0.0124625697563283	1
16.625	1.25	0.000610093824450254	0.707386477379202	0.712776984145359	-0.019417032515781	1
16.875	1.25	0.000608503713822224	0.774398136997765	-0.63310180136517	-0.0145781767195939	1
17.125	1.25	0.000606646703131863	0.702701349012302	-0.713801872291384	-0.0194970252728408	1
17.375	1.25	0.000605188003047654	0.982843343231071	-0.030507526812682	-0.0161640838223953	1
17.625	1.25	0.000604077046419536	0.978895543261864	-0.212705870981895	-0.0114647965303093	1
17.875	1.25	0.00060336779572876	1.01117982338456	0.0238296196012166	-0.0172137911443596	1
18.125	1.25	0.000602775188500959	0.995027537924527	0.0539702481972711	-0.0174791687752999	1
18.375	1.25	0.000602196839701558	0.995367020880375	-0.0173394295092455	-0.0157538825679321	1
18.625	1.25	0.000601631486475389	0.997298329328696	-0.0106256796636224	-0.0155273160528977	1
18.875	1.25	0.000601058485663603	0.995558413535435	-0.00709209821622868	-0.0147219336514481	1
19.125	1.25	0.000600460435077043	0.993401789490648	-0.0224969107971643	-0.0136129630979978	1
19.375	1.25	0.000599850205412636	0.992452048980193	-0.0178679566379261	-0.0118483208061434	1
19.625	1.25	0.000599247068380218	0.994601437975557	0.00655019785697658	-0.010228380394605	1
19.875	1.25	0.000598665682079101	0.998349536073328	0.0243483307220527	-0.00946997812353324	1
20.125	1.25	0.000598117941387	1.00289849473571	0.0236831690970996	-0.00985508249211926	1
20.375	1.25	0.000597611600450177	1.00647564223228	0.0163303671109097	-0.0113647012333777	1
20.625	1.25	0.000597149504547563	1.00684607107673	0.00975530587186374	-0.013466652092645	1
20.875	1.25	0.000596737267282668	1.00433669025811	0.00682247186158183	-0.0151210187478918	1
21.125	1.25	0.000596387380252841	1.00114156271346	0.0102268274458987	-0.015959344850977	1
21.375	1.25	0.000596110932437658	0.997966198606406	0.0154812546233161	-0.0160310968091071	1
21.625	1.25	0.000595885968074067	0.992527797221321	0.0198526484325497	-0.0153118859382726	1
21.875	1.25	0.000595615749312069	0.991188101087113	0.0130564148511338	-0.0126978473324694	1
22.125	1.25	0.000595097446971805	0.92513476423998	0.321935460525466	-0.0112494245844855	1
22.375	1.25	0.000594101873743094	0.941271856363975	-0.242788069313522	-0.00294008118611733	1
22.625	1.25	0.000593081595163362	0.978008273798454	-0.130792293654649	0.00236572256527467	1
22.875	1.25	0.000592159000889177	0.99394103216102	0.0347622790330772	0.00325893421644552	1
23.125	1.25	0.000591261103133225	0.994353253864432	0.0252253459048445	0.00480823612330753	1
23.375	1.25	0.000590380515326883	0.995397382846404	0.0253343479670505	0.00561688600984061	1
23.625	1.25	0.000589535332781161	0.993934961370696	0.0277752338685255	0.00664050825750167	1
23.875	1.25	0.000588760926629867	0.992246415815993	0.0281576173499222	0.00814368735212577	1
24.125	1.25	0.000588115933242971	0.991540394627896	0.0223402109015445	0.0100001158088741	1
24.375	1.25	0.000587681832569268	0.99190976322921	0.0149167486026796	0.0119173021538624	1
24.625	1.25	0.000587552150983073	0.992309065289362	0.0120285445438247	0.0136437769147946	1
24.875	1.25	0.000587822019994233	0.992070696881701	0.0080445538386167	0.0153677940766551	1
25.125	1.25	0.000588564140865395	0.99189736299445	0.000648426259904061	0.017216185693279	1
25.375	1.25	0.00058979860683996	0.992451090117422	-0.00626352470918364	0.0190245910280374	1
25.625	1.25	0.00059147606219039	0.993729138787648	-0.010254680196602	0.0205731271975101	1
25.875	1.25	0.000593481164344355	0.995452917547402	-0.0115360050651517	0.0217178807035706	1
26.125	1.25	0.00059565809613831	0.997329308107561	-0.0110004667840846	0.0223926062122546	1
26.375	1.25	0.000597855407694812	0.999070645518433	-0.00922088501640987	0.0225989914455069	1
26.625	1.25	0.000599976831421043	1.00038490300412	-0.00641235263979174	0.0224094906488466	1
26.875	1.25	0.00060201425596634	1.00099117222438	-0.00252388489661586	0.0219670282818011	1
27.125	1.25	0.000604037675698158	1.00061775037223	0.00271404189129249	0.0214799318231591	1
27.375	1.25	0.000606131610881922	0.99895319016669	0.00946057986488661	0.0212204657857385	1
27.625	1.25	0.000608299525014465	0.99564722365858	0.0163152066758174	0.0215415777851203	1
27.875	1.25	0.000610391981196155	0.991028273478286	0.0169527119038593	0.0228860237195036	1
28.125	1.25	0.00061211594828628	0.98776758135299	0.00106143752594525	0.0254995139479271	1
28.375	1.25	0.000613131549276307	0.988700035221242	-0.0239064554494942	0.0285316159965261	1
28.625	1.25	0.000613189103497146	0.993330506699171	-0.0363932036886872	0.0305433068409097	1
28.875	1.25	0.000612198723672104	0.998722659378988	-0.0346472764915851	0.0310805534217526	1
29.125	1.25	0.000610220777069918	1.0029513286379	-0.0277029531900082	0.0304221511465855	1
29.375	1.25	0.000607463586377852	1.00571728010798	-0.0207400998298764	0.0289459652953006	1
29.625	1.25	0.000604272441952929	1.00712895440641	-0.0149330210729799	0.026984755806951	1
29.875	1.25	0.000601046412424255	1.00715176769602	-0.00989135966462887	0.0248541767911909	1
30.125	1.25	0.000598057619023309	1.00544655028076	-0.00512761733659537	0.0229162486741314	1
30.375	1.25	0.000595229118240973	1.00135943714465	-0.00148172078915642	0.0216627099550551	1
30.625	1.25	0.000592027576522935	0.994573307172015	-0.00524905097623664	0.0217815946305202	1
30.875	1.25	0.00058766718725617	0.987471688139731	-0.034846361496887	0.0239179787686144	1
31.125	1.25	0.00058164554947556	0.983422592506035	-0.0990694687076748	0.0273092345355386	1
31.375	1.25	0.00057418363730725	0.98381912309613	-0.158135392176383	0.0294050842711348	1
31.625	1.25	0.000566038110573856	0.989466048868521	-0.179016553702795	0.0288484119996842	1
31.875	1.25	0.000557977287891911	0.996195748924052	-0.174553538934238	0.0263194875595065	1
32.125	1.25	0.000550464361940534	1.00082165058513	-0.164023735749395	0.0227708165459911	1
32.375	1.25	0.000543556061976481	1.00280781323555	-0.15549605296504	0.0188386215636055	1
32.625	1.25	0.000536898697228801	1.0027329288571	-0.150622404799567	0.0150143142218548	1
32.875	1.25	0.000529849659699015	1.0015297112897	-0.154845765755572	0.011531073892161	1
33.125	1.25	0.000521752897268689	1.00014025564267	-0.169027936103989	0.00802271669379713	1
33.375	1.25	0.000512203706575546	1.00116439892741	-0.165590949495702	0.00413388231694884	1
33.625	1.25	0.000501125451137861	1.0080454666194	-0.113948900407611	0.000464260268899563	1
33.875	1.25	0.00048878526246559	1.01529897239237	-0.0558818468172278	-0.00320010908325943	1
34.125	1.25	0.00047589121563323	1.02185696903996	-0.0256878312221008	-0.00804509723342824	1
34.375	1.25	0.000463827238739017	1.0273741122438	-0.00822004892200428	-0.0144069734869007	1
34.625	1.25	0.000454906922599494	1.03184686597629	-0.00339725111190765	-0.0218913717398624	1
34.875	1.25	0.000451907754877541	1.03596157570039	0.0025572267055314	-0.030507393292812	1
35.125	1.25	0.000456220235881514	1.03450706021831	0.0160352629915652	-0.0400782452927581	1
35.375	1.25	0.000464922006853497	1.01135615921736	0.122252891418102	-0.0479890926873606	1
35.625	1.25	0.000469100475931482	0.908192089253051	0.404080869417008	-0.0498130480660397	1
35.875	1.25	0.000459057350873347	0.972933525450685	0.265199587550957	-0.047371527602805	1
36.125	1.25	0.000435431283823684	0.73571753911952	-0.673133442566441	-0.0554633625725212	1
36.375	1.25	0.000419135753474296	0.934420248988411	-0.427192338803654	-0.0542904603127507	1
36.625	1.25	0.000421928304866534	1.07451895516062	0.0502224926988277	-0.072568311105052	1
36.875	1.25	0.00044396974773631	0.998071825978354	0.306333043384831	-0.0925273439518379	1
37.125	1.25	0.000475749518355099	1.02269515136616	0.0318742795694348	-0.096375081330307	1
37.375	1.25	0.000508392060165239	0.964092184273952	0.488063939171136	-0.105100719623516	1
0.125	1.75	0.000619062804539673	0.993902295915291	0.14939329573415	-0.0283947312194944	1
0.375	1.75	0.000617268695608363	0.348132673745473	-0.924027697516052	-0.0312850983169637	1
0.625	1.75	0.000615896652379064	0.632725273400254	-0.765369696926424	-0.0258871689689029	1
0.875	1.75	0.000615023355050987	0.717439542227285	0.698511414764062	-0.0294493268176529	1
1.125	1.75	0.00061311069241175	0.910792819610243	-0.40256449851772	-0.0266767273436107	1
1.375	1.75	0.000610985098259537	0.93475967571225	-0.356140868836524	-0.0277552085247974	1
1.625	1.75	0.000609675871883503	0.997178543845631	-0.0394389831620705	-0.02723531715249	1
1.875	1.75	0.000608877527635556	0.995131205865627	0.107803249008065	-0.0270457502135497	1
2.125	1.75	0.000608302973197968	1.00081740423912	0.0838208404549606	-0.0280110065204705	1
2.375	1.75	0.00060789267971775	1.00604027317161	0.030196219089948	-0.0295209826319257	1
2.625	1.75	0.00060775117782704	1.00754537041869	0.0226469387626503	-0.031572391434651	1
2.875	1.75	0.000607986142100145	1.0068855846311	0.0453667633105227	-0.0337359031191557	1
3.125	1.75	0.000608638642848907	1.00417482973079	-0.00810819375372956	-0.0358308420907487	1
3.375	1.75	0.000609697861110537	0.998774875369264	-0.0929409276642337	-0.0361530263151877	1
3.625	1.75	0.000611001167835542	0.997079871632424	0.0715219724159476	-0.0376459138414185	1
3.875	1.75	0.000611632921126094	0.909478479973135	0.405807950881462	-0.0362525763935122	1
4.125	1.75	0.000610810504539502	0.98261843581459	0.157959560468157	-0.0361208451301435	1
4.375	1.75	0.000609533564389707	0.908291065953399	-0.406101145771922	-0.0341605835790947	1
4.625	1.75	0.000608640056026508	0.990366615631777	-0.108728731399079	-0.0338956954910556	1
4.875	1.75	0.000608066458666725	0.99599832071293	-0.0418987705351858	-0.0326199541612207	1
5.125	1.75	0.000607615705603016	1.00058934802487	-0.0201513217051022	-0.0326476129298323	1
5.375	1.75	0.00060713704357479	1.00247382088272	-0.0046498910463623	-0.0333294167758578	1
5.625	1.75	0.000606562318951015	1.00199846645553	0.00886869353041865	-0.0342024403694774	1
5.875	1.75	0.000605983942529385	1.00035382031901	0.00431820048374679	-0.0346602434726769	1
6.125	1.75	0.000605744927322584	1.00157138718046	0.00357988704941099	-0.0346956789136181	1
6.375	1.75	0.000606382872882757	0.994333086689722	0.0448893380236569	-0.0357554721803376	1
6.625	1.75	0.000608354736033393	0.992449985015186	-0.124772437321308	-0.0326680779185404	1
6.875	1.75	0.000611914037390449	0.973082560855226	0.211643305374345	-0.0361567196280652	1
7.125	1.75	0.00061568609994958	0.713978642959466	0.691496505041776	-0.030912962419921	1
7.375	1.75	0.000618038384023217	0.673400761795653	0.749959868032916	-0.0341724982917423	1
7.625	1.75	0.00061770601897428	0.741805265935188	0.658596649279688	-0.0338559796177415	1
7.875	1.75	0.00061465960403095	0.722507849316041	-0.684714206021767	-0.0312673274630914	1
8.125	1.75	0.000611095521736173	0.716336113394846	-0.709821771393253	-0.0322988099921615	1
8.375	1.75	0.000608250703988583	0.671568013566745	-0.736984441118214	-0.0344935053798319	1
8.625	1.75	0.000606620006860712	0.989807980504694	-0.0296553082786352	-0.0315697205278776	1
8.875	1.75	0.000605737875385263	0.994751414312064	-0.0400834505767641	-0.0299241377507749	1
9.125	1.75	0.000605247248772916	0.997170687969792	0.0164794227993037	-0.0296435457625073	1
9.375	1.75	0.000604889520465842	0.995590586157576	-0.00425987496293384	-0.0288756515545828	1
9.625	1.75	0.000604571270113318	0.995372143137875	-0.00426510649367595	-0.0277472629625969	1
9.875	1.75	0.000604262747392469	0.996406736875948	-0.0070042308848592	-0.0268733459238538	1
10.125	1.75	0.000603958820673003	0.99753284372545	-0.00824116912568494	-0.0262722104090061	1
10.375	1.75	0.000603661712835105	0.998685496350584	-0.0076910439927817	-0.0259679126076561	1
10.625	1.75	0.000603374812828226	0.999694310263147	-0.00602571766574466	-0.025941946830286	1
10.875	1.75	0.000603100626020098	1.00042704770505	-0.00377213248241334	-0.0261369105820606	1
11.125	1.75	0.000602840165497172	1.00081147008241	-0.00126494016326247	-0.026472130367056	1
11.375	1.75	0.000602592740344842	1.00082233554039	0.0012535910831554	-0.0268563759847988	1
11.625	1.75	0.000602355867990998	1.00047180742527	0.00356221871764177	-0.0271972101801924	1
11.875	1.75	0.000602125406021609	0.999808176495322	0.00542517767219232	-0.0274091808899514	1
12.125	1.75	0.000601896138583896	0.998919044129924	0.00659026611573312	-0.0274226592931211	1
12.375	1.75	0.000601662965962689	0.997931905867328	0.00682826569698331	-0.0271938814950694	1
12.625	1.75	0.000601422494958084	0.997003349343667	0.00601705512576779	-0.0267148033429786	1
12.875	1.75	0.000601174264509613	0.996290474009722	0.00424575422968354	-0.0260189583587605	1
13.125	1.75	0.000600920316769425	0.995908228292095	0.00187081242701639	-0.025177991551235	1
13.375	1.75	0.000600661824795277	0.995891097202113	-0.000556242373176433	-0.0242856708978486	1
13.625	1.75	0.000600392644514907	0.9961836916625	-0.00249671562140148	-0.0234331512077427	1
13.875	1.75	0.000600092379840853	0.996671512772665	-0.00364899990630478	-0.022686602322947	1
14.125	1.75	0.000599725294419596	0.997236157233773	-0.00402315814983268	-0.0220784479686719	1
14.375	1.75	0.000599254002837893	0.997789436942986	-0.00378654820596748	-0.0216143115809463	1
14.625	1.75	0.000598674605056418	0.998259466726584	-0.0027916694882729	-0.0212820358710554	1
14.875	1.75	0.000598068657851954	0.998566915805631	1.91860530890803e-05	-0.021050889002721	1
15.125	1.75	0.000597647829519097	0.99693431831836	0.00350530627897816	-0.0208679179399191	1
15.375	1.75	0.000597750202057408	0.994878371901748	0.0326968764287964	-0.0198240902356015	1
15.625	1.75	0.000598710064991275	0.994293816928091	0.00906810436876161	-0.0188797536685773	1
15.875	1.75	0.00060058204539995	0.989815802460642	0.0516346716478025	-0.0172884278360169	1
16.125	1.75	0.00060273178311775	0.645437629062523	0.756742316293553	-0.0147640677641813	1
16.375	1.75	0.00060400226772209	0.748948089578744	0.676457226983312	-0.0156036874275491	1
16.625	1.75	0.000603719706358235	0.704213869388401	0.713566225250353	-0.0181413817012166	1
16.875	1.75	0.000601625504624452	0.792809874918133	-0.585998989767081	-0.0168153761335498	1
17.125	1.75	0.000598991249262833	0.552782921290984	-0.843354401286677	-0.0121484769874307	1
17.375	1.75	0.000596828841414616	0.807302702266686	-0.577730583232918	-0.0195917155483098	1
17.625	1.75	0.000595269867893746	0.921292864224615	-0.3712520378811	-0.00958531192587761	1
17.875	1.75	0.000594430119736519	1.00896595356322	0.107560626038608	-0.0166877661249267	1
18.125	1.75	0.000593846991118061	0.994979377449836	0.0610555240216377	-0.0171804578875744	1
18.375	1.75	0.000593305705039687	0.995109430220497	-0.0310069699495327	-0.015382919930024	1
18.625	1.75	0.000592821453749932	0.997459628939021	0.0267340480593377	-0.0152503382716693	1
18.875	1.75	0.000592344902536765	0.994134982383903	0.0305439780228319	-0.0145696562338586	1
19.125	1.75	0.000591842745547647	0.992867370363326	0.0384754886014585	-0.0128402752345949	1
19.375	1.75	0.000591319863314403	0.996374950466999	6.74063982580892e-05	-0.0116548210797539	1
19.625	1.75	0.000590810474121082	0.998103608102542	-0.0451174961367347	-0.0113289575729065	1
19.875	1.75	0.000590339494123629	0.997823403483857	-0.0719798347903159	-0.0115172906070881	1
20.125	1.75	0.000589923462992375	0.99883940690269	-0.0730178125153205	-0.0118243807732273	1
20.375	1.75	0.000589567763971327	1.00191092667311	-0.0452363702484894	-0.0125519457063353	1
20.625	1.75	0.000589262663620443	1.0035584425856	-8.20435953078614e-05	-0.0135869523108453	1
20.875	1.75	0.000588991693755866	1.00304063461092	0.0235193676113218	-0.0146388175537816	1
21.125	1.75	0.000588759495365485	1.0014605392713	0.0267012736417549	-0.0155480032108326	1
21.375	1.75	0.000588584738520331	0.998805912848566	0.0242986953607424	-0.01585247765722	1
21.625	1.75	0.00058843786054106	0.991560707601392	0.0308576622321671	-0.0154037644413046	1
21.875	1.75	0.000588169904712953	0.985357945682854	0.0606472420321504	-0.0121701303706883	1
22.125	1.75	0.000587494653985926	0.91254192611275	0.371506890456284	-0.00934909661510336	1
22.375	1.75	0.000586113084900949	0.938603215638669	-0.280870972509893	-0.00522132799280282	1
22.625	1.75	0.000584828409270296	0.966141178741161	-0.190184586318213	0.000527066884145627	1
22.875	1.75	0.000583838677687482	0.994051966465976	-0.00238287999370244	0.0018964953246351	1
23.125	1.75	0.000583061876035497	0.994652519797041	-0.0375456049829999	0.00320564757356388	1
23.375	1.75	0.000582527707188081	0.995880115037296	-0.0220610548956351	0.00392801833189747	1
23.625	1.75	0.000582287697614872	0.99478107959512	-0.0149715242358515	0.00483721097598543	1
23.875	1.75	0.000582418033777454	0.992754561458585	-0.0185261092654979	0.00616443356658168	1
24.125	1.75	0.000583019145766818	0.990930599511953	-0.0254160401778594	0.00804626535268798	1
24.375	1.75	0.000584201129631555	0.990651423531035	-0.027739364122733	0.0101958442349038	1
24.625	1.75	0.000586056577237119	0.991028318306512	-0.0179253392453102	0.0121743188347557	1
24.875	1.75	0.000588635072701231	0.990582554700585	-0.00872386032485052	0.0142341585244978	1
25.125	1.75	0.000591892446866589	0.990423639027121	-0.00688805470856199	0.0164815506852132	1
25.375	1.75	0.000595651193575633	0.991396923147278	-0.00839989494901314	0.0186122655314673	1
25.625	1.75	0.000599609644708377	0.993144479580855	-0.0101613462124211	0.0203548589398813	1
25.875	1.75	0.00060339518319408	0.995171601106712	-0.011274841112565	0.0215951972568071	1
26.125	1.75	0.000606652076786176	0.99718531461194	-0.0111833365828877	0.0223127568878602	1
26.375	1.75	0.000609145691402466	0.998961769956481	-0.00927964682909735	0.0225430329891758	1
26.625	1.75	0.000610844573242307	1.00026791516936	-0.00522629434214065	0.0223789821432173	1
26.875	1.75	0.000611929567576749	1.00088231858474	0.00103383130948494	0.0219677066933357	1
27.125	1.75	0.000612688964497782	1.00058322371033	0.00950691045023853	0.0215000152182534	1
27.375	1.75	0.0006133014055858	0.999030471793813	0.0203357009871249	0.0212138551407133	1
27.625	1.75	0.000613589844610874	0.995608525084548	0.0325136066855671	0.0214413651180169	1
27.875	1.75	0.000612924214196642	0.990284176755801	0.0378236806069057	0.0227064833467008	1
28.125	1.75	0.000610457932113231	0.986803546338569	0.0178846558071728	0.0254958362074372	1
28.375	1.75	0.000605631764359644	0.988529014720155	-0.0161542086667801	0.0287585411148727	1
28.625	1.75	0.00059844614142194	0.994008053891395	-0.0301945001984417	0.030708774746974	1
28.875	1.75	0.000589274508593674	0.999557106711377	-0.0253223159312337	0.0310807041306569	1
29.125	1.75	0.000578678945464837	1.00349687154264	-0.0147508987613866	0.0303217688935777	1
29.375	1.75	0.000567379840597246	1.0059072795513	-0.00385057549849136	0.0288290529342899	1
29.625	1.75	0.000556203303203085	1.00698641388375	0.00745428797709681	0.0269176905754967	1
29.875	1.75	0.000545879921026013	1.00666088668635	0.0213324292204433	0.0248783282562651	1
30.125	1.75	0.000536689840566832	1.00447286443216	0.0405493932977519	0.0230341400686013	1
30.375	1.75	0.000528089128916618	0.999449437096714	0.066984977128832	0.0217980461689229	1
30.625	1.75	0.000518630796263229	0.990543563322964	0.0968237692074944	0.0217646531691111	1
30.875	1.75	0.000506607990346519	0.98220748944244	0.11032932107024	0.0237550488459613	1
31.125	1.75	0.000491440219102245	0.983340886252807	0.0981510666060501	0.0271271440588331	1
31.375	1.75	0.00047435375047227	0.991576760053453	0.0904591174383505	0.0291638318712162	1
31.625	1.75	0.000457237343504178	0.998855393016549	0.0996633092600641	0.0288468568333524	1
31.875	1.75	0.000441430971710257	1.00251385008554	0.116090748072296	0.0268486632475546	1
32.125	1.75	0.000427394658667736	1.00336606273684	0.135594155205417	0.023825484345049	1
32.375	1.75	0.000414751241036837	1.00232683553405	0.155294856101754	0.0201686639292089	1
32.625	1.75	0.000402468469009176	1.00027946823354	0.16926283846295	0.0162207009155524	1
32.875	1.75	0.000389247572835221	0.998590641501135	0.171072113524985	0.0124430682456859	1
33.125	1.75	0.000374153381439676	0.999009290815661	0.15992599675266	0.00917367424388318	1
33.375	1.75	0.000357114187891783	1.00358873383518	0.126165510560489	0.0061170928094125	1
33.625	1.75	0.000338790918199181	1.01216931062906	0.0513936560874011	0.00309124303649035	1
33.875	1.75	0.000320254637038305	1.01846720981147	-0.0170047683959337	-0.000735340874312249	1
34.125	1.75	0.000302856255300689	1.02422166882769	-0.0397540296642841	-0.00625696263999237	1
34.375	1.75	0.000288470072231064	1.02984981854817	-0.0443104457229098	-0.0133046883230264	1
34.625	1.75	0.000279978000000139	1.03476423038007	-0.0418852646164417	-0.0217652002996332	1
34.875	1.75	0.000280751092853654	1.03597634873701	-0.0320480969479063	-0.0312467415009335	1
35.125	1.75	0.000292012243656393	1.02604760488927	0.0326259650629453	-0.040091192094995	1
35.375	1.75	0.000308508055885944	0.963619927868674	0.280823387637672	-0.0445365528399268	1
35.625	1.75	0.000317473224686232	0.957692224566188	0.328403684376052	-0.0434058908830985	1
35.875	1.75	0.00030693653633463	0.890015384616061	0.512068507303192	-0.0523656754182368	1
36.125	1.75	0.000275952347795779	0.983750168343179	-0.237776181174568	-0.059058265979827	1
36.375	1.75	0.000248373611269208	0.460602403456846	-0.873427349722376	-0.0594246012497265	1
36.625	1.75	0.000248704755692758	1.05216319665699	-0.109049737874987	-0.0739777292844165	1
36.875	1.75	0.000276869342020877	0.873629451184591	0.541773361797219	-0.0887116347298228	1
37.125	1.75	0.000315220683509515	1.02730071410839	0.00516431306697579	-0.0945981843365001	1
37.375	1.75	0.000352761648124727	0.855497837413045	0.641796979099694	-0.103294355528474	1
0.125	2.25	0.000606103053935421	0.626554970958241	0.785370281757926	-0.0306033938182892	1
0.375	2.25	0.000603620795539011	0.995582881243122	0.124232821987703	-0.0321350893833946	1
0.625	2.25	0.000600328361406053	0.316754135786261	-0.941442391741202	-0.0326274665355723	1
0.875	2.25	0.000597614916490617	0.96797809846597	-0.230938437166646	-0.0310186330435016	1
1.125	2.25	0.000594537087571059	0.956705250062845	-0.269961932266346	-0.0306621921010921	1
1.375	2.25	0.000591500180981685	0.783792803731151	-0.614214727355506	-0.0285884533528302	1
1.625	2.25	0.00058944959517363	0.950200379660534	-0.307055136884626	-0.0291803084542425	1
1.875	2.25	0.000588206776656984	0.977707702728415	-0.208080558906219	-0.0282307133040839	1
2.125	2.25	0.00058738389176416	0.988782985259462	-0.169488373014257	-0.0293372006289859	1
2.375	2.25	0.00058687986658771	0.997933717113002	-0.117880133301113	-0.0301347895366597	1
2.625	2.25	0.000586835247386657	1.00767033528453	-0.0596865910697341	-0.0320776623943084	1
2.875	2.25	0.000587372929584715	1.0056885443913	-0.00409875880467991	-0.0351631148714174	1
3.125	2.25	0.000588497709757895	0.990008016849325	0.118770637486597	-0.0352274165006022	1
3.375	2.25	0.000590146489482987	0.999967440049908	0.0626337157135309	-0.0340374954397085	1
3.625	2.25	0.000592008543666528	0.940578340312892	0.336042967315479	-0.0364867480976941	1
3.875	2.25	0.000592815610514306	0.918168820702647	0.365538467557767	-0.0337510571446664	1
4.125	2.25	0.000591915706601205	0.944315311767726	-0.340911020003263	-0.0311033256197725	1
4.375	2.25	0.000590519753689745	0.985642141818386	-0.189963487302182	-0.0359032197188269	1
4.625	2.25	0.000589492627323277	0.977916118984819	-0.171670141016276	-0.0332927308936519	1
4.875	2.25	0.000588872544803855	0.996910182901201	-0.0477287395344803	-0.0326365934529944	1
5.125	2.25	0.000588421433597324	1.00052202258895	-0.0223629548078978	-0.0326232196772741	1
5.375	2.25	0.000587973993615289	1.00264061482087	-0.00593840641873412	-0.0333270519179104	1
5.625	2.25	0.000587517775984666	1.00136341701212	0.0122313890407086	-0.0342553255963635	1
5.875	2.25	0.000587283472418761	0.999767579996612	0.0158909339282206	-0.0343490878943821	1
6.125	2.25	0.000587823510692749	1.00110377892119	-0.0095007799326717	-0.0345057719290083	1
6.375	2.25	0.000589818861031818	0.985772292332622	0.137702444491398	-0.0352169217941863	1
6.625	2.25	0.00059355396526889	0.990867529404582	-0.130138859437629	-0.0324184295179099	1
6.875	2.25	0.000598725223246987	0.638408716649065	0.76413700474381	-0.0351437531902883	1
7.125	2.25	0.000603400444499523	0.734076005980009	0.679025633359738	-0.0310655604888854	1
7.375	2.25	0.000606279548008965	0.73389231666257	0.675420186421542	-0.0351076029970585	1
7.625	2.25	0.000606001982577628	0.801826591742298	0.587182841983419	-0.030459208756333	1
7.875	2.25	0.000602556346374434	0.751724283470419	-0.657788813389079	-0.0326080344122816	1
8.125	2.25	0.00059818889374549	0.830024672947087	-0.553226238314451	-0.0302266518216319	1
8.375	2.25	0.000594185579951883	0.633851934654103	-0.781282242952621	-0.0316745423122806	1
8.625	2.25	0.000591553412083493	0.764494548950531	-0.63726729123034	-0.032288770085855	1
8.875	2.25	0.000590215822150583	0.993484893257062	-0.0504205151573424	-0.0298898561464398	1
9.125	2.25	0.000589672596872623	0.997101837732506	0.00865534605441539	-0.029958288171672	1
9.375	2.25	0.000589407585049205	0.995170689529156	0.0117578341519904	-0.0287537005848617	1
9.625	2.25	0.000589235569365754	0.995834622593147	-0.00688759302206064	-0.0278710587713515	1
9.875	2.25	0.000589089903820153	0.996268226329779	-0.00990076835622793	-0.0269823610680499	1
10.125	2.25	0.000588952974350512	0.99736540209627	-0.0107384721643995	-0.0263318898498423	1
10.375	2.25	0.000588824235312925	0.998593138483576	-0.00989778203098307	-0.0259978953302866	1
10.625	2.25	0.000588707506037589	0.999657545366818	-0.00780257403996425	-0.0259578612734189	1
10.875	2.25	0.000588606235209515	1.00042467493912	-0.00493360140009115	-0.0261473800748484	1
11.125	2.25	0.00058852198653609	1.00082911830128	-0.0016961723583256	-0.0264822036899608	1
11.375	2.25	0.00058845395691859	1.00084668293938	0.00157987880924191	-0.0268689040599416	1
11.625	2.25	0.000588398836695231	1.00048840488956	0.00459169888292413	-0.0272126814649664	1
11.875	2.25	0.00058835103976249	0.99980305045122	0.00702075985360965	-0.0274251621945831	1
12.125	2.25	0.000588303572030637	0.998882988244483	0.00852583623564887	-0.0274336628956921	1
12.375	2.25	0.000588249656986134	0.997866106971612	0.00879471177360878	-0.0271923995446254	1
12.625	2.25	0.000588184712799974	0.99692322795085	0.00766171790129894	-0.0266940063395227	1
12.875	2.25	0.000588107526283905	0.996223228052093	0.00525539629281545	-0.0259766208810648	1
13.125	2.25	0.000588018931022648	0.995881746912141	0.00207621087402961	-0.0251196207292625	1
13.375	2.25	0.00058791668360079	0.995918095695062	-0.00111274207849324	-0.0242239070467534	1
13.625	2.25	0.000587787306991729	0.996249423937287	-0.00358748944721569	-0.0233820945054939	1
13.875	2.25	0.000587599651199948	0.996729247227865	-0.00497710104975167	-0.0226530822321127	1
14.125	2.25	0.000587309493369175	0.99720564384668	-0.00532031032257915	-0.0220531704143079	1
14.375	2.25	0.00058688611076469	0.997595849187178	-0.00463821367638279	-0.0215630901943354	1
14.625	2.25	0.000586365292751898	0.997894224511679	-0.00248995559701647	-0.021156541260803	1
14.875	2.25	0.000585915829879675	0.997337572428118	0.00188978139991982	-0.0208106854895244	1
15.125	2.25	0.000585877476904534	0.997446563141183	0.0246050647918	-0.0201266361569335	1
15.375	2.25	0.000586689756488222	0.996828910627418	-0.00798027170710851	-0.0199813524845538	1
15.625	2.25	0.000588665708141667	0.994466998354274	0.0182344053440902	-0.0188494577617074	1
15.875	2.25	0.000591537760428079	0.759917639919334	0.643980051361013	-0.0175898929481022	1
16.125	2.25	0.000594325749722294	0.679977324997923	0.740576447291715	-0.0170790127594768	1
16.375	2.25	0.000596128437406714	0.87483651097786	0.504325578782201	-0.0194985686325282	1
16.625	2.25	0.000596210338550733	0.781346309802041	0.62971995271488	-0.0215277906059188	1
16.875	2.25	0.000594074321528846	0.941229446216318	-0.275890606077599	-0.0214394322915672	1
17.125	2.25	0.00059073731733082	0.301734634779161	-0.948649774900888	-0.0122869634206801	1
17.375	2.25	0.000587631281519733	0.866874901732754	-0.502535234748153	-0.0204243902709285	1
17.625	2.25	0.000585242961243807	0.486109137690597	-0.864937025872871	-0.0135640709797419	1
17.875	2.25	0.000583932087811785	1.00820581845119	-0.0214699408493979	-0.0186528908853662	1
18.125	2.25	0.000583215231734025	0.989722747253931	0.0749173124876071	-0.0180626331943267	1
18.375	2.25	0.000582684252970147	0.993970238684257	-0.0480585828600479	-0.015227613404939	1
18.625	2.25	0.000582315559593418	0.998763595431744	-0.00511179701505776	-0.0158941129905094	1
18.875	2.25	0.000581993998747859	0.996495396564541	0.00898543819627591	-0.0149028757904161	1
19.125	2.25	0.000581660682883162	0.993363307749952	-0.0414666984132308	-0.0144433407496642	1
19.375	2.25	0.000581328265146735	0.989879011565991	-0.0339064701992922	-0.012304226743389	1
19.625	2.25	0.000581028297446206	0.992268065455439	0.013491008274543	-0.00997699595432802	1
19.875	2.25	0.000580769999606039	0.996448405743411	0.0449733506333202	-0.00877819412334848	1
20.125	2.25	0.000580546085116475	1.00284162891775	0.0328863884967625	-0.00898885967233979	1
20.375	2.25	0.000580335094946011	1.00858103391563	0.0178931466550915	-0.0107674939656413	1
20.625	2.25	0.000580088969356244	1.00885526455712	0.00806575423507931	-0.0136612624552917	1
20.875	2.25	0.000579765438521352	1.00430370929786	0.00421211554230488	-0.0155157953597214	1
21.125	2.25	0.000579384007953893	1.00013048822926	0.0160586153185719	-0.0161266315163474	1
21.375	2.25	0.000579021002962336	0.996842825980899	0.0263373859077271	-0.0159540269949749	1
21.625	2.25	0.000578719186321704	0.986789223116362	0.0685037311868451	-0.0150258005545927	1
21.875	2.25	0.000578347400466978	0.972226738561952	0.153969989244722	-0.0108420164857183	1
22.125	2.25	0.000577602245535089	0.894784131869477	0.422634269238123	-0.00756803205117597	1
22.375	2.25	0.000576256033281478	0.934139367312787	-0.320649449545992	-0.00588295400264592	1
22.625	2.25	0.000575342749416103	0.941554878858124	-0.283140548766924	-0.0015572795871541	1
22.875	2.25	0.000575133159034814	0.985597483768469	0.00357648342082567	0.00196389533958961	1
23.125	2.25	0.000575548073136193	0.991103735598989	0.0317299887029927	0.00535205053180394	1
23.375	2.25	0.000576615184780494	0.995648789127529	0.042058649473753	0.00587949022270004	1
23.625	2.25	0.000578383259817521	0.99341681546072	0.0497700469069284	0.00679878095746484	1
23.875	2.25	0.000580893519245064	0.991584789364474	0.0542264917141251	0.00826145454452001	1
24.125	2.25	0.000584187464961356	0.991392055800766	0.0430419671152281	0.00998060358116414	1
24.375	2.25	0.000588287209928722	0.99252824933742	0.0253965138003435	0.0117921551531086	1
24.625	2.25	0.000593130093778041	0.99317485609441	0.0231523186195116	0.0132174913413546	1
24.875	2.25	0.000598502182698354	0.992360280502804	0.0178432175093301	0.0147202900702324	1
25.125	2.25	0.00060397130587883	0.991601043597627	0.00261831590293068	0.0165865365504815	1
25.375	2.25	0.00060890135335957	0.991850255933692	-0.0107902767649064	0.0185182857994163	1
25.625	2.25	0.000612557844960346	0.993025963396615	-0.0176716463082019	0.0202135276123112	1
25.875	2.25	0.000614270383359956	0.994819706013951	-0.0196002309043713	0.0214993390597641	1
26.125	2.25	0.000613622654802464	0.996921634149492	-0.0185547163702761	0.0222767332211459	1
26.375	2.25	0.000610613432931873	0.998955578383367	-0.0154135935255605	0.0225219410413918	1
26.625	2.25	0.000605707472665854	1.00050816589447	-0.0105473857382167	0.0223105856547488	1
26.875	2.25	0.000599704590321488	1.0012367612801	-0.00395507512487272	0.021812221853095	1
27.125	2.25	0.000593394549783965	1.00094737420655	0.00499111013264302	0.0212603039629541	1
27.375	2.25	0.000587046860286108	0.999468306163935	0.0174220978726856	0.0209031958302489	1
27.625	2.25	0.000579933337901969	0.996037066485849	0.032780756676952	0.0210221111522584	1
27.875	2.25	0.000570289633573391	0.989852721604604	0.0396944736486289	0.022194754596797	1
28.125	2.25	0.00055619904160801	0.985774922474698	0.00656750951085513	0.0252808552383882	1
28.375	2.25	0.000537171988554609	0.987367384213881	-0.0453435943123936	0.02885858331336	1
28.625	2.25	0.000514390076713434	0.993218871439568	-0.0622582658880113	0.0306786117734978	1
28.875	2.25	0.000489508647962476	0.998800173079309	-0.0541974575683072	0.0308891332579483	1
29.125	2.25	0.000464129025858967	1.00259368359211	-0.0403070444559789	0.0301451448470059	1
29.375	2.25	0.000439760800087454	1.00509033954159	-0.0272096269943395	0.0287875050521007	1
29.625	2.25	0.000417694190199434	1.0065517988674	-0.0157947637476133	0.0270250396953272	1
29.875	2.25	0.000398667417927408	1.00688466614932	-0.0045421642268649	0.0250713364045303	1
30.125	2.25	0.000382430466762884	1.00558842933611	0.00876922056792456	0.0232122982691093	1
30.375	2.25	0.000367402543988625	1.00122644559465	0.0253876990363242	0.0219069209944866	1
30.625	2.25	0.000350796045809028	0.991545681609105	0.0367211372722616	0.0221049577268105	1
30.875	2.25	0.000329896236846733	0.982694380211024	-0.00538965462045333	0.0254730948660233	1
31.125	2.25	0.000304698176809676	0.979583166179806	-0.112104171027754	0.0304500933454394	1
31.375	2.25	0.000278396716881642	0.982086767182017	-0.182572153695242	0.0324448991578623	1
31.625	2.25	0.000254215087576324	0.990188267361609	-0.192424473232379	0.0309987834166819	1
31.875	2.25	0.00023355843348618	0.997045015333311	-0.180459638967232	0.0279046929894104	1
32.125	2.25	0.000216140626679752	1.00136228633092	-0.166502726945596	0.024110307428481	1
32.375	2.25	0.000200561099018645	1.00308734215324	-0.155385569908385	0.0200930134992179	1
32.625	2.25	0.000184941303028211	1.00229960105927	-0.146982346472537	0.0163805928701253	1
32.875	2.25	0.000167677073361079	0.999901959706398	-0.149833068512243	0.0134631407681548	1
33.125	2.25	0.000148320353179567	0.996885513830929	-0.17795677737296	0.0108282208691491	1
33.375	2.25	0.000128025454395415	0.998257233640242	-0.193202396486204	0.00717743751729898	1
33.625	2.25	0.000108779123304995	1.00756950987107	-0.156205435070037	0.00244446268522922	1
33.875	2.25	9.23146474524012e-05	1.01647960977477	-0.100974899484739	-0.00262126872827874	1
34.125	2.25	7.96052241464071e-05	1.0231182134064	-0.0630024194871917	-0.00826206409867524	1
34.375	2.25	7.12706582353722e-05	1.02909050517992	-0.0417536424228321	-0.0151063451779945	1
34.625	2.25	6.87146436749835e-05	1.03343907269583	-0.0268062923186949	-0.0232000782341046	1
34.875	2.25	7.43520552820852e-05	1.03030781491929	0.0091309054386336	-0.0319477241000455	1
35.125	2.25	8.90504557908734e-05	0.998107183718305	0.170033036767297	-0.0382194959313158	1
35.375	2.25	0.000107300582272075	0.951578438309588	0.329710507747439	-0.038711014443948	1
35.625	2.25	0.000117698749593893	0.925869228229427	0.419695779174434	-0.043732243153863	1
35.875	2.25	0.000109658003821437	0.990196963728642	0.281366941077127	-0.0489585374523382	1
36.125	2.25	8.06257678888879e-05	1.00907529081842	0.283410843277438	-0.059643728160068	1
36.375	2.25	4.53242808587523e-05	0.683004039490628	-0.738696288343676	-0.0743187973012604	1
36.625	2.25	3.62596487317442e-05	0.684855893868161	-0.725016164788438	-0.0711338219109343	1
36.875	2.25	6.08759183183067e-05	0.94074957858035	0.434251652102118	-0.0846317178651544	1
37.125	2.25	9.95265708145565e-05	1.01818673544829	0.0575175716073653	-0.0929242890221649	1
37.375	2.25	0.000134719556306465	0.76028769421686	0.718011524939305	-0.0951266626940627	1
0.125	2.75	0.00059232719477816	0.990499978455595	0.0945678985988049	-0.0326595214139447	1
0.375	2.75	0.000589691401653659	0.951423478599065	-0.298836492201702	-0.0304947186835707	1
0.625	2.75	0.000585182215461706	0.746157900512439	-0.668437372247641	-0.0316201553725458	1
0.875	2.75	0.000580799404070928	0.792322716765647	-0.599232128745251	-0.0312686960281277	1
1.125	2.75	0.000576696619856662	0.996503933473425	0.0158191064587955	-0.029050600376803	1
1.375	2.75	0.000572729987899969	0.921819034960577	-0.376927983268053	-0.0298700490084929	1
1.625	2.75	0.000569739481603769	0.91861019826309	-0.381610015260833	-0.0277062612924047	1
1.875	2.75	0.000567873157750379	0.99934242004642	0.0142863705171748	-0.0275722172536735	1
2.125	2.75	0.00056671436768488	1.0003169250015	0.0702081645636448	-0.0277072910334565	1
2.375	2.75	0.000566078723987064	1.00711029949275	-0.00764861076662215	-0.0292581507780278	1
2.625	2.75	0.00056611111054861	1.00815517677892	-0.00582220430313469	-0.0315681580010998	1
2.875	2.75	0.000566930509248342	1.00017697950535	0.11678107444456	-0.0336351969140073	1
3.125	2.75	0.000568484981824365	1.00428038208252	0.0128411802757212	-0.0353029978346984	1
3.375	2.75	0.000570633666647101	1.00156624444417	-0.0654220740432126	-0.0361116228641738	1
3.625	2.75	0.000572852368184163	0.952598108704438	0.282096382563439	-0.0374178880206833	1
3.875	2.75	0.000573658570614622	0.909692274152602	0.398963597705604	-0.0330423020848714	1
4.125	2.75	0.000572705014797947	0.995751583304086	-0.0992176069283364	-0.0345870388975104	1
4.375	2.75	0.000571272065802638	0.931472559638913	-0.362490796712349	-0.0336882999043078	1
4.625	2.75	0.000570144193544236	0.980900608108251	-0.180758325130986	-0.0344588759784107	1
4.875	2.75	0.000569447351331222	0.992272397355763	-0.081519679862518	-0.0326968597293611	1
5.125	2.75	0.000568965042507885	0.999957529613882	-0.0337771749344765	-0.0325645431936478	1
5.375	2.75	0.000568567165445981	1.00278642281423	-0.00841502231897636	-0.0332547931790679	1
5.625	2.75	0.000568342216833103	1.00164528842581	0.0227546026564669	-0.0342685194327228	1
5.875	2.75	0.00056867831843943	0.999242323604678	0.00120707927701804	-0.0344985471976488	1
6.125	2.75	0.000570290163393603	1.002860975453	0.0139293049260139	-0.0341820766981684	1
6.375	2.75	0.000573829514778351	0.988280043973512	0.111606570937301	-0.0362691768652231	1
6.625	2.75	0.000579049343995758	0.867290078820647	0.483677781166037	-0.0317130197109324	1
6.875	2.75	0.000584993743476153	0.546013919571692	0.838131854215929	-0.0335312335845359	1
7.125	2.75	0.000590104971069458	0.924318900879533	0.37378428909978	-0.0316954782637918	1
7.375	2.75	0.000593382042016857	0.658083242852608	0.749973035680322	-0.0326033605209792	1
7.625	2.75	0.000593258942395066	0.860929900102933	0.503371900065516	-0.0311424759846813	1
7.875	2.75	0.000589890129533529	0.758415152310443	-0.658411881783184	-0.0315256347871005	1
8.125	2.75	0.000585355774026136	0.837080659984214	-0.53708712171594	-0.032985861132997	1
8.375	2.75	0.000580710511402596	0.801329403196733	-0.600524585907504	-0.0292989600628095	1
8.625	2.75	0.000577012578540697	0.692331195732813	-0.723180981536937	-0.0338668474237626	1
8.875	2.75	0.000574828850256051	0.831884416949735	-0.537450532333957	-0.0297905234105351	1
9.125	2.75	0.00057392528951296	0.997581162702389	0.0359755530642908	-0.0298161390832552	1
9.375	2.75	0.000573611419376765	0.995586276807553	-0.0114035629788244	-0.0291912329504419	1
9.625	2.75	0.000573509068656114	0.99515458918256	-0.00385327335203318	-0.027931825566748	1
9.875	2.75	0.000573479541104071	0.996307780405566	-0.0105205232872267	-0.0270627994249822	1
10.125	2.75	0.000573477016190597	0.997290335947493	-0.0132983807168511	-0.0264075368324787	1
10.375	2.75	0.000573491409981256	0.99848372223995	-0.0124880279329721	-0.0260486243602174	1
10.625	2.75	0.000573523541043875	0.999584554316717	-0.00979433253805241	-0.0259859126701294	1
10.875	2.75	0.000573576026760843	1.00040138319521	-0.00615925537441161	-0.0261630026404755	1
11.125	2.75	0.000573650113004657	1.00084138265008	-0.00211343803537235	-0.0264946402258239	1
11.375	2.75	0.000573744529480928	1.00087292006711	0.00196350986128332	-0.0268837266025631	1
11.625	2.75	0.000573855112860921	1.0005062362975	0.00571479905345646	-0.0272312949731566	1
11.875	2.75	0.000573975039194582	0.999792296960915	0.00874617796143691	-0.0274445587067996	1
12.125	2.75	0.00057409586905479	0.998830722706021	0.0106215148696006	-0.0274465323178794	1
12.375	2.75	0.000574209424177258	0.997774063308819	0.0109358843463795	-0.027188654787662	1
12.625	2.75	0.000574309862391173	0.996813118540065	0.00947723474777775	-0.0266645699461556	1
12.875	2.75	0.000574394467856133	0.996133539568017	0.00642761412010092	-0.0259189394724378	1
13.125	2.75	0.000574461259780147	0.995853318067686	0.0024613693332272	-0.0250421577889751	1
13.375	2.75	0.000574502450807317	0.995974021208391	-0.00142096963948463	-0.0241457419227533	1
13.625	2.75	0.000574495847265216	0.996380427391645	-0.004310191691326	-0.0233259798480348	1
13.875	2.75	0.000574401283525759	0.996901826253231	-0.00578111843733781	-0.0226351388347585	1
14.125	2.75	0.000574173741652436	0.997425106819096	-0.00598226995744036	-0.0220791461868758	1
14.375	2.75	0.000573804185708516	0.997878671655221	-0.00571637401886296	-0.0216504703811371	1
14.625	2.75	0.000573387992042506	0.998009260536663	-0.00501551463867917	-0.0213201297652916	1
14.875	2.75	0.000573192165567851	0.999257439214499	0.00468656150740857	-0.0209551984933192	1
15.125	2.75	0.0005736542637722	0.996605629421441	-0.0127497726091952	-0.021245731986893	1
15.375	2.75	0.000575237275047987	0.99263149105355	0.0497497169521964	-0.0195852131902503	1
15.625	2.75	0.000578048619126524	0.867228871102078	0.482593012753079	-0.0184880027589326	1
15.875	2.75	0.000581495080617924	0.721346587926538	0.69552862951994	-0.0160458695282797	1
16.125	2.75	0.000584835470086017	0.870029424414933	0.513475848822776	-0.0193092329402028	1
16.375	2.75	0.000587388620389792	0.876530697015296	0.482991011326627	-0.0209952390366341	1
16.625	2.75	0.000588245193770656	0.813957973787538	0.574967215733472	-0.0200510096920943	1
16.875	2.75	0.000586664992345387	0.842840440194538	0.520233443808547	-0.0200386149366976	1
17.125	2.75	0.000583066323704388	0.350073846594307	-0.930739097193493	-0.0157709087332321	1
17.375	2.75	0.000579188264038713	0.710228595036169	-0.70643074191515	-0.0187584262597545	1
17.625	2.75	0.000575781261775527	0.556835887406373	-0.823564270489428	-0.0159166297322822	1
17.875	2.75	0.000573529337345789	0.596402001380906	-0.805523318278663	-0.0171377574010698	1
18.125	2.75	0.000572308860773534	0.988705250661408	0.108963534953807	-0.0164571533962615	1
18.375	2.75	0.000571637211094394	0.993852736156945	-0.0913262612636989	-0.0147013817675527	1
18.625	2.75	0.000571327812582287	0.999173282751381	0.0544608602564803	-0.0157207991244355	1
18.875	2.75	0.00057117641344704	0.993657485303223	0.0230032874147535	-0.0152934855328786	1
19.125	2.75	0.000571083884418208	0.990265353610549	0.0789996940442885	-0.0129709725942494	1
19.375	2.75	0.000571023419794145	0.997603432804832	0.00450220123681386	-0.0122339529982266	1
19.625	2.75	0.000570997427644147	0.996877193808551	-0.0761761277031608	-0.0120656905255612	1
19.875	2.75	0.000570944636101153	0.992669644443079	-0.118913523954343	-0.0124151210239061	1
20.125	2.75	0.000570776969846883	0.992297346780592	-0.123833016084442	-0.012223183524546	1
20.375	2.75	0.000570411346005364	0.998839282337489	-0.0789378057940804	-0.0126729179277176	1
20.625	2.75	0.000569771359909011	1.0025535282106	0.0177567996462201	-0.0134751753049521	1
20.875	2.75	0.000568825990336378	1.00205967555904	0.0522167339666068	-0.0143235005516469	1
21.125	2.75	0.000567723462357421	1.00079805557444	0.0447434479654108	-0.0154680767799989	1
21.375	2.75	0.000566773346948042	0.996494519773782	0.0424587087723021	-0.015519650736025	1
21.625	2.75	0.000566261965761846	0.982274441237376	0.105928535356942	-0.0144728001690848	1
21.875	2.75	0.000566202339385878	0.957281475062702	0.228799259609985	-0.00984612633674235	1
22.125	2.75	0.000566375960357541	0.897669588168605	0.425791973583241	-0.00695156136256979	1
22.375	2.75	0.000566652013148064	0.93049437243266	-0.347186130210637	-0.00676788460427981	1
22.625	2.75	0.000567865549902826	0.935504010768634	-0.309766501240278	-0.00358442839845537	1
22.875	2.75	0.000570136764318105	0.982809508904317	-0.0950117331199557	-8.73083929409752e-06	1
23.125	2.75	0.000573355407872767	0.988184762575655	-0.101550070777626	0.00234758863293638	1
23.375	2.75	0.000577488753489033	0.996131186526748	-0.032952219643081	0.00302513047750685	1
23.625	2.75	0.000582403535564752	0.995460437786686	-0.0251120800933459	0.00370537851007891	1
23.875	2.75	0.000587878262374363	0.992619035473889	-0.0369318700613597	0.0048204703705233	1
24.125	2.75	0.000593664704098449	0.989637256179501	-0.0462973616358159	0.00672188502727106	1
24.375	2.75	0.000599495258145101	0.989555213364741	-0.0517430948131308	0.00910625293075703	1
24.625	2.75	0.00060494846774431	0.991188407028074	-0.0297766295400318	0.0109008346571349	1
24.875	2.75	0.000609202801344301	0.990040276931943	-0.0118444097445448	0.0129079696177041	1
25.125	2.75	0.000611056857649726	0.989145176202599	-0.010313528389258	0.0154527505874135	1
25.375	2.75	0.000609235652270359	0.990228059622565	-0.0134947444071313	0.0179004782160539	1
25.625	2.75	0.000602687258961338	0.992243967933282	-0.0169580668750846	0.0198748642327522	1
25.875	2.75	0.000590879383967555	0.994473160861521	-0.0197327913838798	0.0212857098938651	1
26.125	2.75	0.000574068964785038	0.996701462300711	-0.0202770290818455	0.0221238954663604	1
26.375	2.75	0.000553399127088268	0.998711404916676	-0.0170781750966595	0.0224231677483536	1
26.625	2.75	0.000530695846804847	1.00019376021199	-0.00968045002157051	0.0222953081175749	1
26.875	2.75	0.000507947237831875	1.00091942714113	0.00138898497767529	0.0219114770666795	1
27.125	2.75	0.000486543953366261	1.00079867294213	0.0149777886020321	0.0214527896111059	1
27.375	2.75	0.00046644725687081	0.999616096269888	0.0312248255781048	0.0210845387982234	1
27.625	2.75	0.000445587405113201	0.996067925842296	0.052667100424814	0.0210431158517739	1
27.875	2.75	0.000420123257869258	0.988042177733908	0.069394320714375	0.0220224866353674	1
28.125	2.75	0.000386573918336844	0.984030446558517	0.0279394298858417	0.0255032557207368	1
28.375	2.75	0.000345504739821039	0.987417440509012	-0.0387751263848931	0.0294654615119838	1
28.625	2.75	0.000300932225492142	0.994816726756223	-0.0529455233802055	0.0311083139744492	1
28.875	2.75	0.000256802015242906	1.0006199583818	-0.0410073974665573	0.031060937059792	1
29.125	2.75	0.00021618904813358	1.00407744002311	-0.0260781791059247	0.0300904932088904	1
29.375	2.75	0.000181232085389312	1.00599414332786	-0.0123708443345543	0.0285844872291926	1
29.625	2.75	0.000152806118942806	1.00680144860741	0.00214914034455461	0.0268064880998918	1
29.875	2.75	0.00013022367622247	1.00652877987303	0.0209736669468002	0.024946911349076	1
30.125	2.75	0.000111366748849921	1.00452421979615	0.0486310428125847	0.0232038695698784	1
30.375	2.75	9.32512125258845e-05	0.998434391738043	0.0910475030573946	0.0218685068685796	1
30.625	2.75	7.27519622583619e-05	0.982721165431061	0.143403036105431	0.0216954803553395	1
30.875	2.75	4.79559074901146e-05	0.973527050943473	0.136088129420454	0.0251133256714668	1
31.125	2.75	2.10659238151623e-05	0.98508497866792	0.065328763829728	0.0298879281859998	1
31.375	2.75	-2.88770465126908e-06	0.998608118006658	0.0419887227537445	0.0312474356515806	1
31.625	2.75	-2.11427649557271e-05	1.00515981288082	0.0602184285508307	0.0300082971352616	1
31.875	2.75	-3.41908854957198e-05	1.00656151616448	0.0893831399994451	0.0276084764574997	1
32.125	2.75	-4.4462806612273e-05	1.00517558282388	0.122736419307717	0.0245416488339845	1
32.375	2.75	-5.47411830247539e-05	1.00159628388568	0.156145699059983	0.0210204104665331	1
32.625	2.75	-6.6766492550803e-05	0.996847839776731	0.181109203883047	0.0173475567539432	1
32.875	2.75	-8.04031284654532e-05	0.995476306588327	0.181189191974229	0.0140136687181344	1
33.125	2.75	-9.3514045675374e-05	1.00056581402251	0.150714130259981	0.0109901369106647	1
33.375	2.75	-0.000102670097099321	1.00844099433876	0.0986379817498988	0.00775847531207507	1
33.625	2.75	-0.000104901660112343	1.01550984330992	0.0277681598330189	0.00426445840217995	1
33.875	2.75	-9.96583924815501e-05	1.02052326949645	-0.029852429983286	-6.7590383166621e-05	1
34.125	2.75	-8.97697855246815e-05	1.02626294762707	-0.0510077168667197	-0.00603783921360897	1
34.375	2.75	-8.03507296559153e-05	1.03191541177316	-0.0550285075349523	-0.0137016872728522	1
34.625	2.75	-7.5567034533037e-05	1.0325780899445	-0.0480477907081667	-0.0226221919527708	1
34.875	2.75	-7.52213539639482e-05	1.02022856415942	0.0405537667648281	-0.0303347784048372	1
35.125	2.75	-7.52811034850196e-05	0.975112570442548	0.24964919159264	-0.0329199437582218	1
35.375	2.75	-7.41444979942982e-05	0.942714374862571	0.361019309318855	-0.0348620398441939	1
35.625	2.75	-7.55758761013844e-05	0.976207994260354	0.307671506019011	-0.039493158808036	1
35.875	2.75	-8.55161488090374e-05	0.988203516553907	0.303723388262126	-0.0481194559833724	1
36.125	2.75	-0.000107413747841969	0.989861658917607	0.297372071398305	-0.0576166709259177	1
36.375	2.75	-0.000136785271313493	1.06132915599434	0.0669468006575267	-0.0661990952735387	1
36.625	2.75	-0.000155284001504707	0.372550152175755	-0.924759161407294	-0.0897155921207622	1
36.875	2.75	-0.000147780620132096	0.998370482821961	-0.0514301819935901	-0.0824480560325234	1
37.125	2.75	-0.00012599519179897	0.904370245860831	0.480594057123193	-0.0887386873930918	1
37.375	2.75	-0.000106239076360299	0.863274076995348	0.599665368107997	-0.0947291611796278	1
0.125	3.25	0.000574873878567846	0.995975401383235	0.14024917857575	-0.0295252785889082	1
0.375	3.25	0.000572614285259003	0.832158584772456	0.559099353710094	-0.0327149574879096	1
0.625	3.25	0.000567733495981959	0.79292298550301	-0.615047736063766	-0.0308489811819838	1
0.875	3.25	0.000562453479464765	0.688341750910769	-0.721681701604982	-0.0342901369129616	1
1.125	3.25	0.000557710440419723	0.803386484212951	-0.58272816680635	-0.0302315891674079	1
1.375	3.25	0.000553431134217887	0.908872589711139	-0.415611490193609	-0.0311973697791722	1
1.625	3.25	0.000550031990634853	0.856191822007504	-0.502597907477241	-0.0304326969694682	1
1.875	3.25	0.000547847705488301	0.927367156235106	-0.36510933256459	-0.0285341553217999	1
2.125	3.25	0.000546599841309849	0.980946218596308	-0.204624690326173	-0.0292723031989936	1
2.375	3.25	0.00054605678888846	0.994342125754687	-0.140845588008241	-0.0298804189422377	1
2.625	3.25	0.000546349627259789	1.01149601878554	-0.0447702594756847	-0.0316977640817749	1
2.875	3.25	0.000547576616413423	1.00562247653991	-0.0144771920083011	-0.0364201042161692	1
3.125	3.25	0.000549579936581035	0.985315170404124	0.124211914249169	-0.034846744629543	1
3.375	3.25	0.000552137694302013	0.990102100760889	0.156189382012137	-0.0333279903073135	1
3.625	3.25	0.000554455657645335	0.795945485181881	0.597002409356651	-0.0362389713123647	1
3.875	3.25	0.000555120886986112	0.96835800029132	0.203765882213985	-0.0314799188505838	1
4.125	3.25	0.000554249084225212	0.958449704350452	-0.308571645586328	-0.0314195625974134	1
4.375	3.25	0.000552926406706763	0.982060005658556	-0.207979631297677	-0.0350620400790584	1
4.625	3.25	0.000551800198217613	0.962718030532385	-0.252000593619927	-0.0336133212245871	1
4.875	3.25	0.000551065715403505	0.991624340222023	-0.10606995907486	-0.0328810854642428	1
5.125	3.25	0.000550603198560373	0.999194539385385	-0.0423143080869018	-0.0325423235223926	1
5.375	3.25	0.000550365767523879	1.00322371519199	-0.0120051390194192	-0.0332117307723923	1
5.625	3.25	0.000550566859253023	1.00058372743808	0.0240896464446721	-0.0344741729071069	1
5.875	3.25	0.000551709534983704	0.998624338431573	0.0267871147570909	-0.0339305531003149	1
6.125	3.25	0.000554518880749076	1.00212215767545	-0.0368536949548401	-0.0342581779632161	1
6.375	3.25	0.000559278755412213	0.853213149083868	0.497921305793266	-0.0356079994271589	1
6.625	3.25	0.000565181485265394	0.741958443072276	0.671279446604743	-0.0291395780261259	1
6.875	3.25	0.000571352989779934	0.712128477299122	0.702073876823188	-0.0360867466715864	1
7.125	3.25	0.000576602244366764	0.902563823724666	0.41785332095866	-0.0293959196813712	1
7.375	3.25	0.000579930865703703	0.563957359242635	0.82807301154077	-0.0338862196211875	1
7.625	3.25	0.000579814678955448	0.916427609269639	0.3747633889685	-0.0298557718332416	1
7.875	3.25	0.000576745824257724	0.782598352324539	-0.631629033111911	-0.0293328514135343	1
8.125	3.25	0.000572511859679579	0.838886485738542	-0.550535529764778	-0.0323292735601096	1
8.375	3.25	0.000567907552704927	0.778789269764543	-0.621188825614521	-0.0306992288126943	1
8.625	3.25	0.000563752090730054	0.831945685317962	-0.568342568003844	-0.0309007405964743	1
8.875	3.25	0.000560738234428909	0.660505762117517	-0.747180560515437	-0.0341357745236138	1
9.125	3.25	0.000559227168257302	0.943048789753422	-0.298538932678384	-0.029945092473675	1
9.375	3.25	0.000558698502895252	0.995583347704489	0.0226716009780965	-0.0291203453097301	1
9.625	3.25	0.00055858001877796	0.9955513801222	-0.0136192859455201	-0.0281418053285778	1
9.875	3.25	0.000558613676640193	0.996027684771079	-0.0133563477546537	-0.027228266799657	1
10.125	3.25	0.000558707259955848	0.997028468264502	-0.0153535299246349	-0.0264870414851223	1
10.375	3.25	0.000558832613000085	0.998360660226084	-0.0146310637215253	-0.0260909738336436	1
10.625	3.25	0.000558983996777864	0.999528162639313	-0.0117186570252814	-0.0260112730237684	1
10.875	3.25	0.000559161522926463	1.00038721681548	-0.00748850004470986	-0.0261803740145732	1
11.125	3.25	0.000559365322467189	1.00085676786152	-0.00264986154904235	-0.0265103956838021	1
11.375	3.25	0.000559593417980408	1.00090072371907	0.00227130612002973	-0.0269024403235858	1
11.625	3.25	0.000559840974022242	1.00052380812309	0.00681427823554994	-0.0272543263841217	1
11.875	3.25	0.000560100413788506	0.999776162104699	0.0104846909180223	-0.0274685642518962	1
12.125	3.25	0.000560362455245979	0.998765249600938	0.0127295762047408	-0.0274629496383653	1
12.375	3.25	0.000560617936085291	0.997662247467667	0.0130292788675883	-0.0271854364720355	1
12.625	3.25	0.000560859598215622	0.996682798000221	0.0111154168211905	-0.0266310253811417	1
12.875	3.25	0.00056108219516863	0.996030295787476	0.00724258564983011	-0.0258525779865022	1
13.125	3.25	0.000561279157487525	0.995818366369375	0.00231419684616047	-0.0249533718887724	1
13.375	3.25	0.000561435584547323	0.996018810282882	-0.0023526044153601	-0.0240551825209472	1
13.625	3.25	0.000561521189775167	0.99647677424173	-0.0055966723749685	-0.0232538849790691	1
13.875	3.25	0.000561492269361312	0.996985644020284	-0.00700811607899174	-0.0225896317740511	1
14.125	3.25	0.000561315385051478	0.997309636696954	-0.00712409445128829	-0.0220469859718989	1
14.375	3.25	0.000561020974263892	0.997425431031842	-0.00544211903509354	-0.0215459330816111	1
14.625	3.25	0.000560775062383238	0.998218428847763	-0.000149054916272431	-0.0210565590961641	1
14.875	3.25	0.000560928408665024	0.996347866171612	-0.0080620457270196	-0.0209413515979357	1
15.125	3.25	0.000561965207994086	0.993445891791495	0.0695726865003155	-0.0195298921360177	1
15.375	3.25	0.000564248031307099	0.96677102431897	0.233666265330915	-0.0191575491379171	1
15.625	3.25	0.000567593658337803	0.799137344459853	0.602567305232162	-0.0170178336239761	1
15.875	3.25	0.000571449656303953	0.835901981611453	0.567011607017071	-0.0196099702515478	1
16.125	3.25	0.000575364739268164	0.892850404269984	0.448662933900344	-0.0217812483273809	1
16.375	3.25	0.00057863324720463	0.762454510186527	0.637376353801845	-0.0197605240633002	1
16.625	3.25	0.0005802336846992	0.749670217679153	0.654105903647985	-0.0193448208378561	1
16.875	3.25	0.00057935501514205	0.69041237028124	0.714753513028082	-0.017997285375132	1
17.125	3.25	0.000576016809834429	0.629548398089609	-0.77443953343381	-0.0168442654924631	1
17.375	3.25	0.000571898854584122	0.564612441752386	-0.830781260626758	-0.0178204081936228	1
17.625	3.25	0.000567868383986977	0.704918417377552	-0.702930917119925	-0.0178373393077961	1
17.875	3.25	0.000564592809770172	0.510744865845227	-0.864754459199195	-0.0160827218824235	1
18.125	3.25	0.00056250970580237	0.687311174741281	-0.721264292873387	-0.0188463051535724	1
18.375	3.25	0.000561400152874665	0.989231069062857	-0.103772140682576	-0.0146277847939784	1
18.625	3.25	0.000561021966490358	0.999431622088167	0.00795892572214077	-0.0163667460417893	1
18.875	3.25	0.000560985926868794	0.996496478004167	0.0469470589480752	-0.0146370660555147	1
19.125	3.25	0.000561110911230707	0.992386058576642	-0.0830791758719626	-0.0154232519018358	1
19.375	3.25	0.000561271404942158	0.986965752468317	-0.0451531978862456	-0.0128413127933102	1
19.625	3.25	0.000561332307942941	0.989658233293414	0.0369141878070668	-0.00972764514068842	1
19.875	3.25	0.000561086195489826	0.992162788608234	0.0942953297283367	-0.00828301283715866	1
20.125	3.25	0.000560320810873681	1.00204928940797	0.0428838119793185	-0.00827971221872206	1
20.375	3.25	0.0005589407076647	1.01126158391524	0.0151120132399434	-0.0100665616703995	1
20.625	3.25	0.000556950255561636	1.01168969552908	-0.000218093215536368	-0.0142667471490694	1
20.875	3.25	0.00055452739095856	1.00319985063656	-0.0115290409002601	-0.0162088571806504	1
21.125	3.25	0.000552243365249582	0.997289395481237	0.027281892548836	-0.01619568000756	1
21.375	3.25	0.00055091838505613	0.992138814946029	0.0517498084150987	-0.0153329827378325	1
21.625	3.25	0.000551259284003155	0.968778756750993	0.178989419914724	-0.0132450269618856	1
21.875	3.25	0.000553406144843954	0.936566899808071	0.307923305919519	-0.00832375711221726	1
22.125	3.25	0.000557004003127775	0.887445524010305	0.450678694029859	-0.00647822042362885	1
22.375	3.25	0.000561500347800067	0.930515391814894	-0.358339647607589	-0.0060481333711254	1
22.625	3.25	0.000566583640594562	0.907147441889124	-0.391551357160238	-0.00513768092733063	1
22.875	3.25	0.000571981089210514	0.973415805973091	-0.0993441672188539	-0.000345327853158256	1
23.125	3.25	0.000577639648158276	0.987335003658961	0.0211180628198211	0.00525589755027521	1
23.375	3.25	0.000583391612277849	0.995012008286005	0.0545785238950192	0.0056007155111719	1
23.625	3.25	0.000588535710063252	0.990980553436556	0.082045601744367	0.00673592272031109	1
23.875	3.25	0.000592116896960102	0.989460785052054	0.0959258933077986	0.00817011471438587	1
24.125	3.25	0.000593347340605951	0.990447205172047	0.0764353343722613	0.00945237353367381	1
24.375	3.25	0.000591688078265024	0.993150117016631	0.0337651773337597	0.0112041945310223	1
24.625	3.25	0.000586519004456733	0.993994780946217	0.0390020639219417	0.0122558409280475	1
24.875	3.25	0.000576074663562254	0.992254016678816	0.03582833081399	0.0134957366252783	1
25.125	3.25	0.00055809725192815	0.990933774763776	0.00615313945552077	0.0154716058225574	1
25.375	3.25	0.000531064375065657	0.990791094772641	-0.0163831049182162	0.0176490446449047	1
25.625	3.25	0.000494591720222262	0.991873595483876	-0.0258862354863978	0.0196274289036997	1
25.875	3.25	0.000449733886720103	0.993931069898632	-0.0281301367193643	0.0211738750641241	1
26.125	3.25	0.000399130569071958	0.996582250903858	-0.026696631555754	0.0221165951972947	1
26.375	3.25	0.000346638680280902	0.999265958346386	-0.0223724674484034	0.022385851034503	1
26.625	3.25	0.000296359093485753	1.00131670698144	-0.0158607237052348	0.0220682669540869	1
26.875	3.25	0.000251348697608363	1.00216234884089	-0.007598667618557	0.0213992495298181	1
27.125	3.25	0.000212466076100186	1.00169214981363	0.00352150904556835	0.0207259837846014	1
27.375	3.25	0.00017776557271238	1.00036360693927	0.021098136179373	0.0203156558795039	1
27.625	3.25	0.000142619408704696	0.997039489497863	0.0492852209362183	0.0202115033450589	1
27.875	3.25	0.000100844455880448	0.987214783112786	0.0746902003523436	0.0209977330179522	1
28.125	3.25	4.81464019701024e-05	0.982955198704032	0.0078130949440467	0.025054335265672	1
28.375	3.25	-1.18388709302061e-05	0.985289257753708	-0.0841532072703729	0.0293294720101955	1
28.625	3.25	-7.06058213936344e-05	0.993398165511376	-0.0933335080726038	0.0305549773390906	1
28.875	3.25	-0.000121370363345379	0.998848233936067	-0.0748472808300806	0.0303737416940654	1
29.125	3.25	-0.00015975938210748	1.00207940171702	-0.0521382047916438	0.0296425603416115	1
29.375	3.25	-0.000184411981688042	1.00427894590094	-0.0314222329301724	0.0285669389822516	1
29.625	3.25	-0.000197869878288769	1.0057136365289	-0.0143346326513541	0.027178526499593	1
29.875	3.25	-0.000206105009663722	1.00623780744022	0.00277142452967448	0.0255935344345016	1
30.125	3.25	-0.000215640727485752	1.00544310888659	0.026209547782126	0.0240017446704736	1
30.375	3.25	-0.000229435994343604	1.00010356664024	0.0655271893047433	0.022654727173313	1
30.625	3.25	-0.000244882351740948	0.981193377788453	0.111771746006924	0.022857831063204	1
30.875	3.25	-0.000256269535389854	0.974829965812158	0.0147492436988455	0.0289249667723837	1
31.125	3.25	-0.000258388217490127	0.97373679849501	-0.161332988145194	0.0353794993711539	1
31.375	3.25	-0.000249225841043691	0.983689232055779	-0.201640199276214	0.0358872405840894	1
31.625	3.25	-0.000231681171090955	0.993913967214739	-0.186650407386732	0.0335320490059386	1
31.875	3.25	-0.000211964147529326	0.999957420134909	-0.168007781975709	0.0302692848022078	1
32.125	3.25	-0.000196548135576569	1.00380915271599	-0.151257012738306	0.0265318483103884	1
32.375	3.25	-0.00018874358664724	1.00500461624055	-0.13701522488215	0.0226975145711488	1
32.625	3.25	-0.000186326904279421	1.0027751332855	-0.128873753956798	0.01942053551647	1
32.875	3.25	-0.000182193658304858	0.998335679870097	-0.145451373075342	0.0173081922081003	1
33.125	3.25	-0.000168108176625085	0.994726005059665	-0.190655846647791	0.0152449043532274	1
33.375	3.25	-0.000138237935423574	0.998186311652904	-0.210490160079489	0.0112246664395035	1
33.625	3.25	-9.12608776551819e-05	1.0083223069828	-0.182987114321536	0.00537221542091451	1
33.875	3.25	-3.28724618755781e-05	1.01708261557703	-0.140157192716283	-0.00109753482220295	1
34.125	3.25	2.29698160427563e-05	1.02352425624189	-0.104634590074218	-0.00793072071705464	1
34.375	3.25	5.75765643756595e-05	1.02731950273194	-0.076391881047376	-0.0154666485960054	1
34.625	3.25	5.68703015376883e-05	1.02361646273869	-0.017148588476182	-0.0228587840566899	1
34.875	3.25	2.28173302408746e-05	0.99682791947592	0.155810673504492	-0.0270405245425565	1
35.125	3.25	-2.5739749124006e-05	0.953249523294394	0.316836237811592	-0.0278262439796759	1
35.375	3.25	-7.10211539880096e-05	0.964884510177688	0.321942992238134	-0.0310939594477136	1
35.625	3.25	-0.000106730038625968	0.982868521302558	0.299534777695064	-0.0380464540480801	1
35.875	3.25	-0.000134144758885504	0.998276109316548	0.264830241254285	-0.0460478177232396	1
36.125	3.25	-0.000158546809226385	1.02282468619183	0.205372128920396	-0.0554325541667272	1
36.375	3.25	-0.000185832929703446	1.02942649569458	0.202484026561791	-0.0682598629131882	1
36.625	3.25	-0.000218269418733731	1.00761234195554	-0.160077541713695	-0.0804312103058546	1
36.875	3.25	-0.000251433885274602	0.562735365201582	-0.85413813842842	-0.0769547937814938	1
37.125	3.25	-0.000282962914553298	0.953181551212295	0.370440073379932	-0.0981073209620814	1
37.375	3.25	-0.000301184851237706	0.621483981383054	0.788383241815556	-0.0902903325090659	1
0.125	3.75	0.000554233196420849	0.904767050403509	-0.420149387838634	-0.0331265380404918	1
0.375	3.75	0.000552819575112027	0.972628993502627	0.190770617347985	-0.0321571716237953	1
0.625	3.75	0.000548625838002956	0.884950926829182	-0.468658519782505	-0.0290429742624102	1
0.875	3.75	0.00054363467203463	0.869609192448337	-0.508340568555801	-0.032950729934344	1
1.125	3.75	0.000538910614280843	0.857420488989688	-0.505032279590535	-0.0325231253996715	1
1.375	3.75	0.000534820190930558	0.89132143190422	-0.448058130120548	-0.0307826307916301	1
1.625	3.75	0.000531558622093343	0.91241233651716	-0.400576431996691	-0.0316503507002607	1
1.875	3.75	0.000529398170814945	0.957121705590045	-0.257617857892727	-0.0292664915587279	1
2.125	3.75	0.000528287042458039	0.998470499640708	-0.0351540998205739	-0.0277845494913914	1
2.375	3.75	0.000528022355779635	1.00556230047697	-0.0617341592677682	-0.0290782516969677	1
2.625	3.75	0.000528682231364306	1.00639401802762	-0.072240649430022	-0.0317802142275701	1
2.875	3.75	0.000530308305401394	0.9709905893822	0.252352061779492	-0.033824768088681	1
3.125	3.75	0.000532656931397039	1.00500853307789	0.0385230572093803	-0.0336405361791364	1
3.375	3.75	0.00053544593197969	0.976783801842813	0.223697944607564	-0.0369871394272668	1
3.625	3.75	0.000537638006671688	0.892571673818832	0.419967221074852	-0.0348356715298843	1
3.875	3.75	0.000538188812336729	0.994566917525293	0.0192229443398527	-0.0308415993606873	1
4.125	3.75	0.000537550493351228	0.988579713423268	-0.175141456958967	-0.0324781475377127	1
4.375	3.75	0.000536490860371143	0.958390569286838	-0.300457904716603	-0.0331309781155346	1
4.625	3.75	0.00053550055599701	0.971594118768664	-0.232645779859179	-0.0347591867305643	1
4.875	3.75	0.000534827449901981	0.983488936770217	-0.14983630322385	-0.032934498368385	1
5.125	3.75	0.000534484383219004	0.997823511509495	-0.0608096325963615	-0.0324713704544147	1
5.375	3.75	0.000534556061587659	1.00328484727563	-0.0188734143723826	-0.0330501913604671	1
5.625	3.75	0.000535369026377756	0.999890368429968	0.0531989720365868	-0.0344762895843038	1
5.875	3.75	0.000537436170468094	0.998283370988245	-0.014427172370516	-0.0339739199781943	1
6.125	3.75	0.000541250826939226	0.955761972323656	0.268669900835291	-0.0339427823881486	1
6.375	3.75	0.000546509127588092	0.635973341441026	0.765232122612732	-0.0307847865157509	1
6.625	3.75	0.000552465511093412	0.838727517533623	0.55665244097582	-0.032345910071731	1
6.875	3.75	0.000558483891756187	0.663884516299294	0.737517167784267	-0.0338743064342175	1
7.125	3.75	0.000563479408291633	0.876772916429411	0.484873343944216	-0.0297134864740545	1
7.375	3.75	0.000566438836623502	0.52107444744967	0.849421710889968	-0.0348273113153797	1
7.625	3.75	0.000566168012190997	0.98489518809874	0.0178889514069035	-0.0286668538207226	1
7.875	3.75	0.00056355390609892	0.847058157850743	-0.535850890601519	-0.0276412583209378	1
8.125	3.75	0.000559928453085196	0.890515409894037	-0.470363787920539	-0.0300296606961165	1
8.375	3.75	0.000555823768586416	0.796701599218323	-0.602442462627749	-0.0309889414116673	1
8.625	3.75	0.000551835057373688	0.842487929302942	-0.5387591967119	-0.0295004406817561	1
8.875	3.75	0.000548475256396337	0.765090611742936	-0.654199908043287	-0.0311320157640482	1
9.125	3.75	0.000546337238132873	0.71036113582292	-0.698219677724895	-0.0322155290642712	1
9.375	3.75	0.000545438428595762	0.986102337343128	-0.102570361799897	-0.0295021701385256	1
9.625	3.75	0.000545224232400496	0.995169531090254	-0.00483700170461473	-0.0282302956419806	1
9.875	3.75	0.000545280097989952	0.996146529998819	-0.0129582306349439	-0.0273692096287896	1
10.125	3.75	0.000545442259729604	0.996867791255311	-0.0189377626006405	-0.0266259266371947	1
10.375	3.75	0.00054565537665843	0.998129636755475	-0.0177594439305295	-0.0261761000203025	1
10.625	3.75	0.000545902836891365	0.999385402378605	-0.0139672210687429	-0.0260539348674285	1
10.875	3.75	0.000546180547380342	1.000337201586	-0.00886264088061684	-0.0262023472420214	1
11.125	3.75	0.000546487069234713	1.00086531397747	-0.00314782038205471	-0.0265273781026023	1
11.375	3.75	0.000546819887568949	1.00093206053156	0.00265153432247879	-0.0269231245769801	1
11.625	3.75	0.000547174045283107	1.00054372633196	0.00802459145166098	-0.0272811769355335	1
11.875	3.75	0.000547541988306057	0.999752787076994	0.0123813956943162	-0.0274974291217723	1
12.125	3.75	0.000547914363496626	0.998677630644053	0.0150357553504136	-0.0274827121179247	1
12.375	3.75	0.000548281439730151	0.99751447172339	0.015334430165065	-0.0271803809502039	1
12.625	3.75	0.000548634230689767	0.996512067388419	0.012952268552661	-0.0265873582199297	1
12.875	3.75	0.000548963810509478	0.995897720434289	0.00824977558862426	-0.0257675248370833	1
13.125	3.75	0.000549257600069932	0.995784576704097	0.00240791516232039	-0.0248416292461927	1
13.375	3.75	0.000549493479996676	0.99611859659029	-0.00294370516103022	-0.0239474674009249	1
13.625	3.75	0.000549636883845403	0.99668774774292	-0.00651156192958393	-0.023186787714189	1
13.875	3.75	0.000549651090721341	0.997194909247782	-0.00786782793265923	-0.0225842523645271	1
14.125	3.75	0.0005495316952658	0.997638780040359	-0.00688751958356286	-0.0220825168024714	1
14.375	3.75	0.000549366286505385	0.998129158351681	-0.00700899419568246	-0.0216992222971391	1
14.625	3.75	0.000549399926210022	0.997293733232712	-0.0138210726131248	-0.0214424208453467	1
14.875	3.75	0.000550044154255395	0.999034833812478	0.031427840667904	-0.0206732862739082	1
15.125	3.75	0.000551746737927364	0.997644291590372	0.0120935060430246	-0.021488647048231	1
15.375	3.75	0.000554633793217069	0.877136083690492	0.469146255140047	-0.0198188524901596	1
15.625	3.75	0.000558321921036621	0.731904872242309	0.685929139374036	-0.0195893263097704	1
15.875	3.75	0.00056248327391167	0.851157848535561	0.516475552564546	-0.0211334928107015	1
16.125	3.75	0.000566725401286917	0.68968764521183	0.713092303243682	-0.0183888742722344	1
16.375	3.75	0.000570300634301651	0.671101988897401	0.73566592614226	-0.0178507750071535	1
16.625	3.75	0.000572319806702646	0.667724033176471	0.741085759719631	-0.0171629236078127	1
16.875	3.75	0.000571981446504615	0.644241249000369	0.764774587794456	-0.0167055308574086	1
17.125	3.75	0.000569173997051081	0.707875049369506	-0.696656623465571	-0.0171459115379142	1
17.375	3.75	0.000565305752357479	0.551406914449896	-0.837601190409026	-0.0142276216819476	1
17.625	3.75	0.000561222392562639	0.72456650679837	-0.683523054377985	-0.0182237392600308	1
17.875	3.75	0.000557392887127651	0.557238871921448	-0.831538236212602	-0.01278556971046	1
18.125	3.75	0.000554414554728494	0.673914281656708	-0.739849075800603	-0.0182603657822363	1
18.375	3.75	0.000552527147922022	0.597380210150658	-0.799718558871596	-0.013425310822567	1
18.625	3.75	0.000551725542588966	0.999975780153551	0.10169792392047	-0.0169643482126036	1
18.875	3.75	0.000551589226905064	0.99149963603538	-0.0195557769380854	-0.016257575687793	1
19.125	3.75	0.000551691983831911	0.982612092551924	0.151550417516401	-0.0130888614043696	1
19.375	3.75	0.000551681683365185	0.99865094142774	0.00689170345034031	-0.0135783277782786	1
19.625	3.75	0.000551171634036432	0.992198628780627	-0.117096846178302	-0.0127053036423085	1
19.875	3.75	0.000549716951552253	0.982408600614779	-0.177829376131433	-0.0134189900220062	1
20.125	3.75	0.000547011953207625	0.97916551548889	-0.191552350665623	-0.0121838972906847	1
20.375	3.75	0.000543185808819779	0.991758361380574	-0.139946743529131	-0.0125574449423111	1
20.625	3.75	0.000538742982850907	0.999778623222449	0.0616474125678594	-0.0132107418182184	1
20.875	3.75	0.000534534742339088	0.998774471625483	0.102337661352138	-0.0136545865392987	1
21.125	3.75	0.000532036963716923	0.998820450417888	0.0662422896458894	-0.0154535905055974	1
21.375	3.75	0.000532812132863834	0.987225850528421	0.0961872520119747	-0.0144553148633865	1
21.625	3.75	0.000537695641848699	0.953617121253642	0.246876435481799	-0.011746709033696	1
21.875	3.75	0.000546089774384633	0.92152919404173	0.359587791289803	-0.00741715056696335	1
22.125	3.75	0.000555951275839438	0.897471711376347	0.436067187420636	-0.0065169647936765	1
22.375	3.75	0.000564453052552051	0.916245964971225	-0.397819350635148	-0.00642180492759791	1
22.625	3.75	0.000569248321500685	0.920392814926254	-0.368961449323205	-0.00602718691734011	1
22.875	3.75	0.000570346691891795	0.953566296714939	-0.250425134624205	-0.00252140260593337	1
23.125	3.75	0.000568590902409145	0.965538853679004	-0.222172540635546	0.000609985313032205	1
23.375	3.75	0.000564146203532652	0.995523637285421	-0.0388840336879945	0.00177281012947277	1
23.625	3.75	0.000555101542041077	0.995525524902775	-0.044410849907672	0.00216120640749639	1
23.875	3.75	0.000539248155551926	0.990658535859319	-0.0730823587510515	0.00321082490585996	1
24.125	3.75	0.000515483460840057	0.986708068179208	-0.073614628198327	0.00517430535763439	1
24.375	3.75	0.000483698960491763	0.987060522204412	-0.087033567110832	0.00814169789579326	1
24.625	3.75	0.000444289464739712	0.992482893301871	-0.0429362285523606	0.00939361093333143	1
24.875	3.75	0.000394460730241156	0.989981693580225	-0.0126521299852244	0.011125908426312	1
25.125	3.75	0.000331134448898662	0.987840481760491	-0.0130352550372883	0.0140808929919931	1
25.375	3.75	0.000254249422432672	0.989213027287547	-0.0176478038440599	0.0168974063224651	1
25.625	3.75	0.000166518320299007	0.99144840003689	-0.0241486321908258	0.0191571232143925	1
25.875	3.75	7.33018130615685e-05	0.993804422671444	-0.0304053173599808	0.0208254181701319	1
26.125	3.75	-1.7919142920984e-05	0.996344813933324	-0.0324881386083851	0.0218676680104455	1
26.375	3.75	-9.92599530241769e-05	0.998802616528874	-0.0273246549245044	0.0222801784363765	1
26.625	3.75	-0.000165058559165243	1.00060699826064	-0.0142047604798895	0.0222103141487108	1
26.875	3.75	-0.000214231054363846	1.00138941303992	0.0054482800237098	0.0218864939112067	1
27.125	3.75	-0.00025104059424818	1.00129735839488	0.026087175699861	0.0214946799150886	1
27.375	3.75	-0.000283417462435847	1.00070252370657	0.044956177189182	0.0210814518437075	1
27.625	3.75	-0.00031935421858422	0.997251722460297	0.0772390822950397	0.0206756177799804	1
27.875	3.75	-0.000363416326712928	0.982083953625899	0.124255426967901	0.021047464775246	1
28.125	3.75	-0.00041457077059533	0.980222009859598	0.0375949730602181	0.0259225439066589	1
28.375	3.75	-0.000463479631375078	0.985982353895906	-0.0733940905777376	0.0306452508972446	1
28.625	3.75	-0.000498162578637526	0.996602475074268	-0.0694810501814057	0.0316923465242744	1
28.875	3.75	-0.000510007073852044	1.00265537892666	-0.0491816727863685	0.0312212046030764	1
29.125	3.75	-0.000495029112198468	1.00577737241048	-0.0334196527415614	0.029846672320721	1
29.375	3.75	-0.000456850432286725	1.00658300826582	-0.021704692597461	0.0281452905640221	1
29.625	3.75	-0.000408868035040928	1.00638384896891	-0.00648759976157335	0.0265170253247251	1
29.875	3.75	-0.000370742753105024	1.00590524299772	0.0157642903880071	0.0249973950774439	1
30.125	3.75	-0.000357198987915799	1.0047151140328	0.0506677526230727	0.0235307398682104	1
30.375	3.75	-0.000364023257823066	0.99667559409489	0.120916100387918	0.0219962816647493	1
30.625	3.75	-0.000363855234105182	0.961826544412877	0.2219789075008	0.0215082700249686	1
30.875	3.75	-0.000326577318018462	0.966204404067181	0.133918603522594	0.0284495311027389	1
31.125	3.75	-0.000251449191668543	0.990540521972554	-0.0197678620442499	0.0335199167562695	1
31.375	3.75	-0.000154805347874637	1.00418417509555	-0.0224007922384483	0.0332043406591382	1
31.625	3.75	-5.43175279727313e-05	1.0084527656724	0.0105874585073953	0.0313238032183608	1
31.875	3.75	3.27160830116361e-05	1.00910088297418	0.0529498835704264	0.0288402319422256	1
32.125	3.75	9.42724236928762e-05	1.00707271556044	0.100211889279935	0.0258594025240393	1
32.375	3.75	0.000130506981167317	1.00122835593478	0.149840767770123	0.0224747678230675	1
32.625	3.75	0.000157051322554724	0.992061882999987	0.190483693904251	0.0191647338241255	1
32.875	3.75	0.00019790370971191	0.992058698778068	0.18314334290752	0.0166775786553302	1
33.125	3.75	0.000270485604788727	1.00466910794	0.119620753884427	0.0139973330204006	1
33.375	3.75	0.000379995214227144	1.01416752142161	0.0500930489309565	0.0103351028514066	1
33.625	3.75	0.000520347715566994	1.01827668313659	-0.00752851433863599	0.00608973493206711	1
33.875	3.75	0.000670394390317604	1.02139999707323	-0.0457361278102373	0.00104255576252092	1
34.125	3.75	0.000792975309040829	1.02547049369089	-0.0592167455339989	-0.00529286020437319	1
34.375	3.75	0.000845803268891342	1.02607368022767	-0.0490287221185233	-0.0127488407781136	1
34.625	3.75	0.000805279057660075	1.01564733063234	0.0340769329436532	-0.0190099716336683	1
34.875	3.75	0.000690495118144382	0.982063972467267	0.210877678230279	-0.0210157574320209	1
35.125	3.75	0.000551304611257274	0.965551668296944	0.297979832837425	-0.0225487090911011	1
35.375	3.75	0.000425044817197737	0.982069874903113	0.285830827651507	-0.0280374721550569	1
35.625	3.75	0.000325789023116176	0.996786656686202	0.259053622229089	-0.0354018284846844	1
35.875	3.75	0.000252349937168104	1.01031243326434	0.229584079654598	-0.0441603274958397	1
36.125	3.75	0.000191893345351331	1.01672677067939	0.207477513884545	-0.0543117031301404	1
36.375	3.75	0.000123889645151004	1.03900708404306	0.0792759761261674	-0.0636817429935672	1
36.625	3.75	2.86377097961055e-05	0.998361977328698	0.189774558609153	-0.0755433625567021	1
36.875	3.75	-9.38021383391892e-05	0.969299488245683	-0.3287276371722	-0.0731754681515344	1
37.125	3.75	-0.000230423481013648	0.487240076453977	0.830838852594743	-0.0853568351838872	1
37.375	3.75	-0.00030732022144286	0.996042819331746	0.149490897395022	-0.0702891003492178	1
0.125	4.25	0.000533007310189409	0.922002554445145	-0.393968056879256	-0.0298797349949367	1
0.375	4.25	0.000532472562326621	0.76749570591821	0.639162929908295	-0.0312624240288789	1
0.625	4.25	0.000529544616398462	0.865043234053505	-0.498152785037013	-0.0297165079631279	1
0.875	4.25	0.000525802510636732	0.79776372987482	-0.608626914371356	-0.0306193693730084	1
1.125	4.25	0.000522073136942325	0.791875928104198	-0.61537944456714	-0.031585411293988	1
1.375	4.25	0.000518789395079166	0.818656077527029	-0.570109443222019	-0.0318797844663881	1
1.625	4.25	0.000516151785523482	0.805798277302047	-0.590761205644209	-0.0310237053521119	1
1.875	4.25	0.000514384265125095	0.827769793755839	-0.551756402932772	-0.0316562656489254	1
2.125	4.25	0.000513571652139637	0.940469838441008	-0.323061338042098	-0.0291970602776388	1
2.375	4.25	0.000513626449268426	0.98920767003642	-0.164273913247104	-0.0295143433319747	1
2.625	4.25	0.000514598293315156	1.01433610824482	0.0314914747431494	-0.0308588686677287	1
2.875	4.25	0.000516478224103529	1.00585900215554	-0.00617313379325388	-0.0371838173181574	1
3.125	4.25	0.000518941486447601	0.993118532392983	0.04819258058377	-0.0340678392954202	1
3.375	4.25	0.000521615286681297	0.885057045320222	0.454107706326462	-0.0345891431435023	1
3.625	4.25	0.00052343270927784	0.803296893930253	0.580885319313879	-0.0316358647257115	1
3.875	4.25	0.000523898295748399	0.997620203202259	-0.0482685308333627	-0.0316000662237901	1
4.125	4.25	0.000523547599383675	0.984213365953009	-0.1913479492699	-0.0312882909098502	1
4.375	4.25	0.000522822355592853	0.982598218503438	-0.207517834445282	-0.0331717304076946	1
4.625	4.25	0.000522077081848488	0.966555063314782	-0.257432775618627	-0.0336810088206564	1
4.875	4.25	0.000521563015140628	0.980642627836414	-0.180880684457598	-0.0334610888270102	1
5.125	4.25	0.00052144316959315	0.994955418781074	-0.0817763889301594	-0.0325516578490054	1
5.375	4.25	0.000521932130357574	1.00361690202567	-0.0268051073134688	-0.0328924137961245	1
5.625	4.25	0.000523403193155496	0.999247980964792	0.0539671470654489	-0.034805101500545	1
5.875	4.25	0.000526211030781582	0.990140635654607	0.0918278032248637	-0.0334987936988148	1
6.125	4.25	0.00053039609401612	0.670886822280801	0.737425382083303	-0.03233590869157	1
6.375	4.25	0.000535459432013185	0.750450933895072	0.662681895007669	-0.0323819534860546	1
6.625	4.25	0.000541035993075401	0.779879842835212	0.62028218747865	-0.0328797039220107	1
6.875	4.25	0.000546511292487698	0.699434378390027	0.707288584834411	-0.0310992767315844	1
7.125	4.25	0.000550920203649697	0.829170587334552	0.560611059033122	-0.0309916233278979	1
7.375	4.25	0.000553264031692545	0.629151114907309	0.770187935882235	-0.0316075682118421	1
7.625	4.25	0.000552752118471261	0.92728897241724	-0.353144105564382	-0.0294755803051888	1
7.875	4.25	0.000550629268141002	0.885342056277903	-0.458664418275743	-0.0281552768670389	1
8.125	4.25	0.00054777130251209	0.904342153889648	-0.437044693240406	-0.0285904282367351	1
8.375	4.25	0.00054448912498138	0.8704835858014	-0.499029110819759	-0.0304450977852171	1
8.625	4.25	0.000541125437764559	0.834832805568587	-0.54631848906959	-0.030309389055629	1
8.875	4.25	0.000538027925648177	0.875084471750909	-0.488852840137796	-0.0294311492074444	1
9.125	4.25	0.000535628027817104	0.717088316849815	-0.700555148903612	-0.0317117894011747	1
9.375	4.25	0.000534324834110845	0.811917582710887	-0.569808888322967	-0.0301584979172755	1
9.625	4.25	0.000533920352614985	0.993909929315603	-0.0305761099484514	-0.0282984641420535	1
9.875	4.25	0.000533955591875593	0.996169228184269	-0.0151714576751327	-0.0276214368583029	1
10.125	4.25	0.000534161000400781	0.996485884022955	-0.0195883311996582	-0.0267156246184692	1
10.375	4.25	0.000534441558961067	0.99800406513477	-0.0198831409934771	-0.0262383765709662	1
10.625	4.25	0.00053476502109749	0.999291770863053	-0.0162457466697919	-0.0260955404174653	1
10.875	4.25	0.000535121100913643	1.00029265178797	-0.0105010193259403	-0.026229769121074	1
11.125	4.25	0.000535506154050236	1.00086691074673	-0.00385857094471308	-0.0265493764946996	1
11.375	4.25	0.000535917205506238	1.0009572496696	0.00292938333657702	-0.0269473446839043	1
11.625	4.25	0.000536349663366949	1.00055829978012	0.00923747526247658	-0.0273109057066118	1
11.875	4.25	0.000536796662704463	0.999719414620925	0.0143565788189447	-0.027528867658552	1
12.125	4.25	0.000537249347369885	0.998571541628514	0.0174305442126958	-0.0275036211290115	1
12.375	4.25	0.000537697554218533	0.997343774083201	0.0176334904893034	-0.0271729686410577	1
12.625	4.25	0.000538130060542213	0.996326124536083	0.014571093970122	-0.0265368567416507	1
12.875	4.25	0.000538533378037259	0.99576770930109	0.00874441898910177	-0.0256734421034161	1
13.125	4.25	0.000538888829990043	0.99576056978343	0.00168923773225841	-0.0247232647083296	1
13.375	4.25	0.00053916997907387	0.996187128577311	-0.00450344940222411	-0.0238354027028963	1
13.625	4.25	0.000539346403952909	0.996791106867929	-0.00801684002100391	-0.0231004545621801	1
13.875	4.25	0.00053940311929527	0.997372812718633	-0.00835000477790502	-0.0225249044095087	1
14.125	4.25	0.000539383048436855	0.997375955662435	-0.00889142616548361	-0.0220828430196716	1
14.375	4.25	0.000539445540377701	0.996742639976273	-0.00597506818352648	-0.0215127404872687	1
14.625	4.25	0.00053989866139113	0.998774678695663	0.0132798217152508	-0.0207447201070689	1
14.875	4.25	0.000541144403487239	0.996995363125389	-0.0362432132409845	-0.0212240859010274	1
15.125	4.25	0.000543441889849435	0.922704138499238	0.355034373020456	-0.0198496143391976	1
15.375	4.25	0.000546587300828915	0.640049267192309	0.767064470307417	-0.0162950637413085	1
15.625	4.25	0.000550282266668168	0.769013608056501	0.638512799889189	-0.0195136906083923	1
15.875	4.25	0.000554340656816474	0.687535473311235	0.719149876589301	-0.0163480127124172	1
16.125	4.25	0.000558419561637744	0.645483665325974	0.767496491358112	-0.0174627245644468	1
16.375	4.25	0.000561943101221379	0.724326910737681	0.693678260386269	-0.0170289033923708	1
16.625	4.25	0.000564232832684212	0.719308428851215	0.702204146832614	-0.0185930309377645	1
16.875	4.25	0.000564507700361005	0.799835174332024	0.608616831755539	-0.0186280975425919	1
17.125	4.25	0.000562505321791985	0.83046265708404	-0.54244625061766	-0.0208597840212387	1
17.375	4.25	0.000559153666777886	0.173417218693718	-0.982679723602519	-0.0151406278479929	1
17.625	4.25	0.000555385569269302	0.816095322530323	-0.573506638885184	-0.0198188372047497	1
17.875	4.25	0.00055146612929801	0.322283704528083	-0.94160735626737	-0.014498795116186	1
18.125	4.25	0.000547862550727331	0.76326864286659	-0.64579852846854	-0.0181723016011634	1
18.375	4.25	0.000544922600308906	0.452581101399341	-0.886665347346202	-0.0147681985738724	1
18.625	4.25	0.000543022539620376	0.691812466717071	-0.72161034410131	-0.0168210409870091	1
18.875	4.25	0.000542027081568673	0.991235044134354	0.112766909876339	-0.0143327978290349	1
19.125	4.25	0.000541331660156012	0.984269624040988	-0.162226192225802	-0.0158706119080671	1
19.375	4.25	0.000540130585135059	0.987151377698693	-0.0284894021243707	-0.0133888234173681	1
19.625	4.25	0.000537673561907463	0.987304411834089	0.0657289347300564	-0.00993513996044264	1
19.875	4.25	0.000533359071149568	0.978252353493926	0.189521285069461	-0.00839240793001779	1
20.125	4.25	0.000527080910134263	1.00043888474974	0.0349965766386095	-0.00829137136087268	1
20.375	4.25	0.000519827777115182	1.01347613923298	0.000395557922207217	-0.00921621269967105	1
20.625	4.25	0.000513351140905701	1.01531599424131	-0.0188488469938313	-0.0153177682883759	1
20.875	4.25	0.000509906611605959	0.998648779182198	-0.0578571540224888	-0.017238303242977	1
21.125	4.25	0.000512243278519948	0.989904250800216	0.0669941601680465	-0.0157137788026321	1
21.375	4.25	0.000522082429171658	0.978534196940944	0.137048214193339	-0.0135965972121108	1
21.625	4.25	0.000538559867815221	0.928384930348591	0.330125901405892	-0.0101120931636267	1
21.875	4.25	0.000557143146994416	0.912766915573125	0.39025934287929	-0.00668217590643958	1
22.125	4.25	0.000569627923059703	0.880689769628831	0.467362095988871	-0.00659322919318439	1
22.375	4.25	0.000567629438925748	0.914158774211925	-0.405441475276215	-0.00532857927235771	1
22.625	4.25	0.000548670664200877	0.891480294979214	-0.442525803710307	-0.00676097530795387	1
22.875	4.25	0.000516891110911097	0.959329673365281	-0.19079635396301	-0.0030107437199046	1
23.125	4.25	0.00047709062187517	0.983448825483137	-0.0413449832457521	0.00388728404333609	1
23.375	4.25	0.000431410295419779	0.994249726420021	0.0203808084405619	0.00452754137190946	1
23.625	4.25	0.000375861853028874	0.984612799997856	0.132574379425467	0.00645061725583814	1
23.875	4.25	0.000307433113879986	0.985081676416137	0.152266816584674	0.00775024758167137	1
24.125	4.25	0.000226691520364903	0.987837804198786	0.123696430368452	0.00804231167848934	1
24.375	4.25	0.000135345170312979	0.994113863163946	0.0215780844341774	0.00995281920723346	1
24.625	4.25	3.64737430341981e-05	0.994826912243305	0.0560044195914021	0.0107508250252634	1
24.875	4.25	-7.34319893891741e-05	0.991714555275475	0.065791489640594	0.011720122601513	1
25.125	4.25	-0.000196523913756449	0.990664245348593	0.00883749203417499	0.0138492283041017	1
25.375	4.25	-0.000328141220976661	0.989877597049023	-0.023786926185969	0.0163882478092835	1
25.625	4.25	-0.00045885178860189	0.990906324752425	-0.0342237240082208	0.0188157496031428	1
25.875	4.25	-0.000575706591284847	0.993477379672564	-0.0367925613103039	0.0207466748946208	1
26.125	4.25	-0.000664831856820405	0.996947334809135	-0.036120031854752	0.0219063383904527	1
26.375	4.25	-0.000716116689507052	1.0006125040044	-0.0313119210474067	0.0221653774618032	1
26.625	4.25	-0.000728478169103427	1.00350002103699	-0.0239776042752446	0.0216024783922533	1
26.875	4.25	-0.000712805732294511	1.00435572453365	-0.0160010773846035	0.0205262197125647	1
27.125	4.25	-0.000689715200055769	1.00284892911177	-0.00598043611725379	0.0196042370491803	1
27.375	4.25	-0.000680607129580275	1.00129629145317	0.0157489829780955	0.0193157766642975	1
27.625	4.25	-0.000693751163448532	0.998424196298157	0.0663525244529311	0.0191036950648833	1
27.875	4.25	-0.000714453641290331	0.97936916048706	0.135110971154022	0.0192421456988262	1
28.125	4.25	-0.000715088479196282	0.979521161128419	-0.0118745101790251	0.0251478290531422	1
28.375	4.25	-0.00068118805400185	0.98006795706455	-0.149083237465755	0.0296741926243855	1
28.625	4.25	-0.000606019871047027	0.99204180026366	-0.132906878305893	0.0298505940718882	1
28.875	4.25	-0.000483375244693267	0.99661946077278	-0.104217138113163	0.0294520575928602	1
29.125	4.25	-0.000315477504957964	0.999947530892399	-0.0637365092486504	0.0289421104988621	1
29.375	4.25	-0.00012138219090049	1.00206385575081	-0.0278223965746532	0.0284456108526444	1
29.625	4.25	5.85708312198034e-05	1.0032573520978	-0.00529462119947831	0.027600713080174	1
29.875	4.25	0.000175398902634644	1.00322963652591	0.0151850016627993	0.0266219617404715	1
30.125	4.25	0.000203069255746531	1.00330836258489	0.0497473849490228	0.0256881389649539	1
30.375	4.25	0.000174795801749374	0.991281947449726	0.141236176862309	0.024091975024492	1
30.625	4.25	0.000189587879692511	0.943941569557035	0.252145801126472	0.0248352739961867	1
30.875	4.25	0.00033000328078078	0.967685885594241	-0.038438225423423	0.0354969414277166	1
31.125	4.25	0.000559961647698363	0.966525376036682	-0.229883389788427	0.0404955531656541	1
31.375	4.25	0.000817424986117909	0.988892378311912	-0.192082000245945	0.038788079525076	1
31.625	4.25	0.0010575020146803	0.99660239222935	-0.164471230900146	0.036314200924911	1
31.875	4.25	0.00124485269193215	1.00187199962417	-0.143226618978283	0.0331239742268066	1
32.125	4.25	0.00136161805551482	1.00516002885987	-0.120662687847152	0.0296184535295085	1
32.375	4.25	0.00142072081569798	1.00553171697528	-0.0934982812714742	0.0262507836327169	1
32.625	4.25	0.00146981566288666	1.00130151031375	-0.0848594918515311	0.0239889343280159	1
32.875	4.25	0.00156635509140848	0.995187863375849	-0.14559969843409	0.0231583977943462	1
33.125	4.25	0.00173686381129624	0.993313942455025	-0.210012833940935	0.0206658633176227	1
33.375	4.25	0.00197653184856597	1.00072059486064	-0.214513191533308	0.0150584346973742	1
33.625	4.25	0.00226157259102425	1.00799539641039	-0.192713570143459	0.00817033679484523	1
33.875	4.25	0.00254160745107268	1.01325258714548	-0.168127974197356	0.000947775510625828	1
34.125	4.25	0.00274032736280135	1.01624312974793	-0.140521086722663	-0.00647315518627191	1
34.375	4.25	0.0027835708638438	1.01464765683641	-0.0766325110940348	-0.0130413886747513	1
34.625	4.25	0.00264989861718371	1.00001037671853	0.0884765403596302	-0.0160899696647364	1
34.875	4.25	0.00240089392840586	0.969776387701869	0.252675757530391	-0.0164093353134224	1
35.125	4.25	0.00212700462989915	0.973442055717245	0.285487706973692	-0.0195706573418562	1
35.375	4.25	0.001880849844332	0.989985183058942	0.264150124616559	-0.0259510547347002	1
35.625	4.25	0.00167717066684167	1.00189118622948	0.241123792979801	-0.0338547972119271	1
35.875	4.25	0.00150528809756466	1.01132923094845	0.21491572959439	-0.0428295124213699	1
36.125	4.25	0.00133478661789489	1.02131208939918	0.172474162367535	-0.0521465134579644	1
36.375	4.25	0.00112602622606279	1.01663605457672	0.144568375308259	-0.0617899750041524	1
36.625	4.25	0.000853938171968108	0.988118284593635	0.174070608673537	-0.0664660117986031	1
36.875	4.25	0.000536882293435707	0.984999680334787	-0.104819165320317	-0.0650246415176835	1
37.125	4.25	0.000227569740551793	0.649468867481228	0.719768694844365	-0.0607947207966695	1
37.375	4.25	6.14120631946241e-05	1.03420076825031	0.109680997111715	-0.0630090466183806	1
0.125	4.75	0.00051590031246488	0.770873566557702	-0.63662210094176	-0.0315213476412197	1
0.375	4.75	0.000515889917570445	0.935432035900284	0.338805231794691	-0.0315383225468073	1
0.625	4.75	0.00051423058573659	0.830671249344994	-0.555130887189582	-0.0293291500948696	1
0.875	4.75	0.000512015369432267	0.932966012429806	-0.363860784032337	-0.0311722104634957	1
1.125	4.75	0.000509661179396623	0.839825086083949	-0.547911473030774	-0.0302557417080846	1
1.375	4.75	0.000507508976790162	0.889282081014236	-0.462981571200889	-0.032331507488529	1
1.625	4.75	0.000505695167469	0.890515836483015	-0.453550260004425	-0.0316224174902045	1
1.875	4.75	0.000504402962198613	0.874753494865841	-0.480551631849452	-0.0321580425140103	1
2.125	4.75	0.000503827003092961	0.914329534617919	-0.386642877145371	-0.0308480968605112	1
2.375	4.75	0.00050403507273696	0.987137093133142	-0.182053460527872	-0.029069169842149	1
2.625	4.75	0.000505068218640556	0.991010316725665	-0.192339527105909	-0.0330997640577218	1
2.875	4.75	0.000506843789606083	0.902407173735026	0.428676391128585	-0.0340272233231748	1
3.125	4.75	0.000509019200984284	0.982012662694808	0.205763089655261	-0.0331947027528893	1
3.375	4.75	0.000511177802566331	0.758948399681762	0.633629271843632	-0.0359434381542499	1
3.625	4.75	0.000512482984233791	0.976048020212304	0.156300494763509	-0.0293193175071609	1
3.875	4.75	0.000512875205008484	0.954677865894421	-0.312960521203947	-0.0304705130793553	1
4.125	4.75	0.000512784180893426	0.987804681552838	-0.17698942356528	-0.0320001428243257	1
4.375	4.75	0.000512404287858764	0.973180692657936	-0.244547986259758	-0.0325191606253181	1
4.625	4.75	0.000511955163531407	0.972593133360456	-0.236941924651168	-0.0339217018965769	1
4.875	4.75	0.000511686932298209	0.977273208942756	-0.19635535392586	-0.0332716167213984	1
5.125	4.75	0.00051184890218915	0.991604303435578	-0.112750456092538	-0.0325985644739773	1
5.375	4.75	0.000512736511374037	1.00339259348599	-0.0475010461467441	-0.0325508808682234	1
5.625	4.75	0.00051466022986972	0.992430470621259	0.112511286656789	-0.0351113477490054	1
5.875	4.75	0.000517657532259157	0.764976593206373	0.632241064975992	-0.032204659367091	1
6.125	4.75	0.000521524230982194	0.676150209534982	0.737141523210134	-0.0324074707788285	1
6.375	4.75	0.000526024247597759	0.830958185312607	0.547306956885779	-0.032059932982901	1
6.625	4.75	0.000530951958101929	0.718358466095161	0.69114858679971	-0.0307189643423323	1
6.875	4.75	0.000535673857771448	0.78846150926001	0.613952538690168	-0.0308217794776288	1
7.125	4.75	0.000539375426027735	0.784222135522687	0.62022221080142	-0.0307505736445811	1
7.375	4.75	0.000541079586749692	0.738618426443521	0.673163654289733	-0.0309318539334649	1
7.625	4.75	0.000540358773715027	0.858238982756729	-0.504628068492797	-0.0307714857927377	1
7.875	4.75	0.000538620323702555	0.862142843691977	-0.493060979519215	-0.0292415634155255	1
8.125	4.75	0.000536461591823625	0.890640039440465	-0.45228625885609	-0.0280522408422366	1
8.375	4.75	0.000534062007997107	0.900096152115958	-0.442352482161006	-0.029074059142054	1
8.625	4.75	0.000531536337799647	0.848764627426268	-0.533215618266126	-0.0297175803235943	1
8.875	4.75	0.000529100452749618	0.883291207088214	-0.466766035712313	-0.0301026731040315	1
9.125	4.75	0.000526967097278763	0.856420682748871	-0.528556023165505	-0.0295653026601122	1
9.375	4.75	0.000525504075802207	0.735886887971563	-0.673984235957058	-0.0331034783873015	1
9.625	4.75	0.000524891219518262	0.911311064125937	-0.382891223395794	-0.0286444804364463	1
9.875	4.75	0.000524856368260418	0.996022656304968	-0.00950999774113985	-0.0278192452532547	1
10.125	4.75	0.00052507490486375	0.996193078296053	-0.0260587451666859	-0.0269453317349574	1
10.375	4.75	0.000525398369517225	0.997592489540803	-0.0233831949501776	-0.0263608701993503	1
10.625	4.75	0.00052577437609369	0.999069690941759	-0.0187073854664661	-0.0261535131003851	1
10.875	4.75	0.000526184692240177	1.00021133152793	-0.0120598047506411	-0.026258695497279	1
11.125	4.75	0.000526622894892328	1.00086902641744	-0.00448836241152056	-0.0265713094606979	1
11.375	4.75	0.000527085551299066	1.00099391803742	0.00327357733462425	-0.0269744286238938	1
11.625	4.75	0.000527568711675656	1.0005820115154	0.0105410817524913	-0.0273474689522265	1
11.875	4.75	0.000528066532866493	0.999681030747797	0.0164755770839659	-0.0275699673030551	1
12.125	4.75	0.000528570812911397	0.998437925051842	0.0200133183445368	-0.0275330241467379	1
12.375	4.75	0.000529070739877753	0.997126403352953	0.020121175893708	-0.0271672748209196	1
12.625	4.75	0.00052955236005787	0.996088624849425	0.0163494348412399	-0.0264771766766097	1
12.875	4.75	0.000529997584511943	0.995595056430731	0.00943243028451221	-0.025559040218704	1
13.125	4.75	0.000530383568707954	0.995720528212282	0.00138698448824451	-0.02457656016108	1
13.375	4.75	0.000530685251391384	0.996347056093926	-0.00526387227472803	-0.023696806069781	1
13.625	4.75	0.000530886689133372	0.997165362317476	-0.00908266729310497	-0.0230316493408729	1
13.875	4.75	0.000531008469902328	0.997502095624092	-0.0104209679075534	-0.0225740486789782	1
14.125	4.75	0.000531149809989783	0.997785461750339	-0.00477490414389093	-0.0220854138461846	1
14.375	4.75	0.000531523849759722	0.998331608475791	-0.00544570586966705	-0.0217509396511404	1
14.625	4.75	0.000532440616433018	0.996854181627147	-0.0385395017188427	-0.0215379713771169	1
14.875	4.75	0.000534163347049179	0.970604796281956	0.19589260302409	-0.0208176010806262	1
15.125	4.75	0.000536613854900265	0.638261472261845	0.766279114297451	-0.0170303221656254	1
15.375	4.75	0.000539542255817696	0.752777542245265	0.667986997234498	-0.0196959257623873	1
15.625	4.75	0.000542852815174974	0.727476338280134	0.682786461516539	-0.0195883836821505	1
15.875	4.75	0.000546464825067819	0.742799554266495	0.677249485732319	-0.0185329428805413	1
16.125	4.75	0.000550191851770562	0.753000299552766	0.665436551982979	-0.0214663145180857	1
16.375	4.75	0.000553664776852163	0.838526465450864	0.547322427661641	-0.0204595405102063	1
16.625	4.75	0.000556362907650755	0.78941559422732	0.611935698743951	-0.0219700408398433	1
16.875	4.75	0.000557518154692032	0.868914556904396	0.487050310420707	-0.0200930809776644	1
17.125	4.75	0.000556658603397683	0.721385875037541	0.677012684021581	-0.0203881726693488	1
17.375	4.75	0.000554026348420208	0.279743245684646	-0.95932144481119	-0.0156329276265234	1
17.625	4.75	0.000550659748389187	0.574646815981301	-0.824151562574	-0.0197756137242344	1
17.875	4.75	0.000546711137852243	0.497319649991927	-0.863119833120252	-0.0164503032393099	1
18.125	4.75	0.000542378452429683	0.463579197869202	-0.889772322136264	-0.0182881424523348	1
18.375	4.75	0.000537880564645397	0.657030471668574	-0.747096168026661	-0.0167333926242972	1
18.625	4.75	0.000533705440089155	0.435954340337894	-0.902078913239783	-0.0161869335736604	1
18.875	4.75	0.000530255022109142	0.719447800156586	-0.686116874193843	-0.0168621775731107	1
19.125	4.75	0.000527111912262449	0.970380082888557	0.22377521364987	-0.0133663496886157	1
19.375	4.75	0.000523164362466018	0.998059371781876	-0.00705116629468403	-0.0151105220947093	1
19.625	4.75	0.000517245563864098	0.989164793581303	-0.133658741001643	-0.0126859223490812	1
19.875	4.75	0.00050898447313569	0.965475083793719	-0.247695456100547	-0.0145361582431044	1
20.125	4.75	0.000499215537927634	0.957299671941116	-0.270259989184649	-0.0114065980392728	1
20.375	4.75	0.000490763196400242	0.970834320159665	-0.249731136291964	-0.0122666551242299	1
20.625	4.75	0.000487619883904632	0.98815829293408	0.150101765212292	-0.012767300387446	1
20.875	4.75	0.000494090329192429	0.984827952418265	0.19662742318799	-0.0122140560765043	1
21.125	4.75	0.000513146144845792	0.995104027760708	0.0945140986248367	-0.015049362619364	1
21.375	4.75	0.000543704440810007	0.958932400368016	0.227837537657491	-0.0123431284154901	1
21.625	4.75	0.000577965992593417	0.908715686769971	0.386697971685239	-0.00836883629938103	1
21.875	4.75	0.000600001380391926	0.901221365749592	0.42281782579754	-0.00645649730224001	1
22.125	4.75	0.000588292649801704	0.881511850142217	0.468643813546959	-0.00625514053393552	1
22.375	4.75	0.000527773359538133	0.881104122683205	-0.472294296295348	-0.00576227591092806	1
22.625	4.75	0.000428122942744499	0.906905406645327	-0.416208882401426	-0.0062533228013907	1
22.875	4.75	0.000307115603129535	0.901988870497189	-0.411091929602291	-0.00483309008668667	1
23.125	4.75	0.000177610423516941	0.907415595931399	-0.395569039562011	-0.00197817198168165	1
23.375	4.75	4.6116505823226e-05	0.995322004581523	-0.0314365510703114	0.000130920200014941	1
23.625	4.75	-9.23128678063748e-05	0.994470844255826	-0.0745750070631231	5.99343164328831e-05	1
23.875	4.75	-0.000238857881248944	0.984349626269544	-0.133928789143512	0.00150668926749823	1
24.125	4.75	-0.000386852801879185	0.982999981402064	-0.0990442511079458	0.00339253951150617	1
24.375	4.75	-0.000532801582150125	0.982626254379483	-0.132915449625367	0.00756992642200923	1
24.625	4.75	-0.000674956548285834	0.996270911815822	-0.0541915207168949	0.00771504662636498	1
24.875	4.75	-0.000816261547762105	0.991227971397987	-0.0104319594577184	0.00893405101658696	1
25.125	4.75	-0.000951861890959897	0.987511974460795	-0.0145683769244627	0.0124078404256265	1
25.375	4.75	-0.00106835184722265	0.989259044829792	-0.0197629073981035	0.0155095126890144	1
25.625	4.75	-0.00114642065913687	0.991007719374874	-0.0330137905826057	0.0181078844165663	1
25.875	4.75	-0.00116411795706284	0.992975907836606	-0.044785731241218	0.0201863735409467	1
26.125	4.75	-0.00110430870375666	0.995677673428158	-0.048874472579176	0.0215772271249803	1
26.375	4.75	-0.000964987904637325	0.998608898561346	-0.0406570207035532	0.0221800764942568	1
26.625	4.75	-0.000767372753213669	1.00068094814937	-0.0179606556804597	0.0222171942634019	1
26.875	4.75	-0.000556385584720753	1.00097495452493	0.0195554393393988	0.0220142535947932	1
27.125	4.75	-0.000388782975881266	1.00004221185538	0.0536143948164151	0.0218004390971186	1
27.375	4.75	-0.000308060483780234	1.00074509528735	0.0664841833763214	0.0213928637870761	1
27.625	4.75	-0.000306247211060901	0.996915528444103	0.112560405809587	0.0204031959220521	1
27.875	4.75	-0.000297406316176427	0.96216465115044	0.222375234860881	0.0199032833825312	1
28.125	4.75	-0.000174772671767985	0.975116170784592	0.0294809645846562	0.0270553719553891	1
28.375	4.75	6.47504145569016e-05	0.981997497998515	-0.111077136282375	0.0320701655414952	1
28.625	4.75	0.000398715344392934	0.99686710115564	-0.0696695412830033	0.0327509794677185	1
28.875	4.75	0.000817750875752142	1.00404849312997	-0.0460345122337583	0.0320091399271427	1
29.125	4.75	0.0012947592909119	1.00720925561458	-0.0360522540486522	0.029596504151105	1
29.375	4.75	0.00177168940517825	1.00457990507762	-0.0371475736888616	0.027261653911361	1
29.625	4.75	0.00215075024161242	1.00155015812405	-0.020145589017595	0.0259195196797234	1
29.875	4.75	0.00233035534404006	1.00036554987562	0.00620044144931127	0.0251528018779267	1
30.125	4.75	0.0022806786322754	1.00248503993665	0.0444288727880364	0.0244028461705493	1
30.375	4.75	0.00212206134778297	0.977569629726981	0.205608985219639	0.0220774741299821	1
30.625	4.75	0.00212406922945984	0.91160156871519	0.339023288232594	0.0236687387253698	1
30.875	4.75	0.00243716394399775	0.97304879979016	-0.00346116501814503	0.0341935387250367	1
31.125	4.75	0.00290965681862966	0.987941186223299	-0.13403034611497	0.0358672312442352	1
31.375	4.75	0.00340620293866163	0.997821178347711	-0.0995173188190341	0.0343553430354814	1
31.625	4.75	0.00383973482515626	1.00157070454254	-0.0515522891662656	0.0327931312856277	1
31.875	4.75	0.00414599260139636	1.00410222324268	0.00952781899880098	0.0309225592524394	1
32.125	4.75	0.0043017141895412	1.0038072441601	0.0711363192856604	0.0284918647546097	1
32.375	4.75	0.00435072861332299	0.996436691547822	0.141196932946362	0.0253542624257026	1
32.625	4.75	0.00440703364315022	0.98155137829317	0.199090053016347	0.0226692864253846	1
32.875	4.75	0.00458188303470975	0.989021912153561	0.158871589168529	0.0216133376335888	1
33.125	4.75	0.00489612907919421	1.00725121802206	0.0618837799520377	0.0188453849529331	1
33.375	4.75	0.0053207541074169	1.01334858399585	0.00386946806146317	0.0144652427510187	1
33.625	4.75	0.00580367582015811	1.01458467755933	-0.0319873002271863	0.00958546923661556	1
33.875	4.75	0.00624766054950634	1.01566909351992	-0.0535719668548345	0.00418175930216238	1
34.125	4.75	0.00651814174643805	1.01576384672885	-0.047707235305979	-0.00181573816540036	1
34.375	4.75	0.00650622022621581	1.00928078062935	0.0173078764057163	-0.00712155556353785	1
34.625	4.75	0.00621726228184117	0.988637366965747	0.15483834907725	-0.00944653598264302	1
34.875	4.75	0.00577843737224759	0.974084228838092	0.248797190515544	-0.0110837523649537	1
35.125	4.75	0.00531747968324116	0.985164398748094	0.253957010369023	-0.0160930766586778	1
35.375	4.75	0.00489265022869792	0.997403204005695	0.236591525935462	-0.0234162661759275	1
35.625	4.75	0.00450814420328071	1.00614355288607	0.21743563134945	-0.0318742046459798	1
35.875	4.75	0.00413173277456746	1.01227372966275	0.19436149593962	-0.0409683346834374	1
36.125	4.75	0.00370903307285847	1.01212685207921	0.171835619445358	-0.0498030195419169	1
36.375	4.75	0.00318854195763485	0.997945461503242	0.167793019753168	-0.0566206958692654	1
36.625	4.75	0.00256602751757478	0.959710685468603	0.259214902903474	-0.058253164214944	1
36.875	4.75	0.00190620856598289	0.910273328895604	0.360255940352972	-0.0575612945028549	1
37.125	4.75	0.00133885542316727	0.726573960386895	0.656468181363149	-0.052379079029068	1
37.375	4.75	0.00103261883405827	1.02852160769471	0.142679017683054	-0.055075185925823	1
0.125	5.25	0.00050461801427886	0.800521984859279	-0.600016972458122	-0.0295194147564743	1
0.375	5.25	0.000504810810413368	0.826284127468827	0.561659349733116	-0.0298647229605594	1
0.625	5.25	0.000504078324642909	0.836412888950439	-0.548091937698631	-0.0294132046171879	1
0.875	5.25	0.000503043902671675	0.821882730389997	-0.567458608878402	-0.030038362211743	1
1.125	5.25	0.000501883090179101	0.819586118031682	-0.57370692359286	-0.0292517768004163	1
1.375	5.25	0.000500767821668812	0.783268339585453	-0.626333979048819	-0.0304186896761942	1
1.625	5.25	0.000499790585011526	0.814004908747313	-0.585567066398063	-0.0306604165320767	1
1.875	5.25	0.000499053092920532	0.815755364228582	-0.582956535558579	-0.0318481648910753	1
2.125	5.25	0.000498721150977187	0.844689682164847	-0.527207762761058	-0.0319467102424669	1
2.375	5.25	0.000498936902159866	0.917217616321173	-0.381878515586786	-0.0302197836531137	1
2.625	5.25	0.000499767714376546	0.975067827478511	0.26812684535051	-0.0293351254548924	1
2.875	5.25	0.000501133341129752	1.00981603802535	0.0072340952736425	-0.0358508555175378	1
3.125	5.25	0.000502753665883223	0.949349660949578	0.250283288077302	-0.0345156764257417	1
3.375	5.25	0.000504202978688771	0.769335300051684	0.622682690321096	-0.0271437377559001	1
3.625	5.25	0.000505050183205038	1.00409946363295	0.0837666704654427	-0.0303215153863749	1
3.875	5.25	0.000505407535058182	0.9993945668942	-0.0545508446401925	-0.0311936345110746	1
4.125	5.25	0.000505464390383492	0.979652618890973	-0.208126614218322	-0.0310310204712627	1
4.375	5.25	0.000505328738580447	0.984281522365237	-0.19775472635761	-0.0322323992769523	1
4.625	5.25	0.000505137158546956	0.973127779373947	-0.242407230168475	-0.0332645600385374	1
4.875	5.25	0.00050510373260423	0.972441820056436	-0.227845380525528	-0.0338354301111575	1
5.125	5.25	0.000505504154481031	0.987865557741424	-0.129174307555588	-0.0328965694710543	1
5.375	5.25	0.000506614140394716	1.00086588359274	-0.0693200351551543	-0.03226596008499	1
5.625	5.25	0.000508567098104134	0.793267981284088	0.594724578334912	-0.0347627205004858	1
5.875	5.25	0.000511208788902902	0.725339893923827	0.682981581925408	-0.0289695970650714	1
6.125	5.25	0.000514487350587957	0.788143301340493	0.616372670034451	-0.0334680934084576	1
6.375	5.25	0.000518300478622957	0.797256477021465	0.594823440090622	-0.0294661393437088	1
6.625	5.25	0.00052246877017267	0.73634433219392	0.681294272425413	-0.0315306854495955	1
6.875	5.25	0.000526409521239512	0.809287620658219	0.585318094420836	-0.0307870046443716	1
7.125	5.25	0.000529428023659438	0.75885536707757	0.653275052178274	-0.0313024682611991	1
7.375	5.25	0.000530642355939058	0.784270945422087	0.619684316019471	-0.0314230628885011	1
7.625	5.25	0.000529854741124379	0.807614508099927	-0.58827069353749	-0.0313327188046055	1
7.875	5.25	0.000528401073173898	0.844012705459965	-0.525511067067307	-0.0312787206282871	1
8.125	5.25	0.000526762094539084	0.840195906644865	-0.532902780281184	-0.0291149113435426	1
8.375	5.25	0.000525087027255253	0.910119042766763	-0.407253034467036	-0.0293302913982577	1
8.625	5.25	0.000523347422478188	0.858912973535277	-0.513371961177318	-0.0282339888909341	1
8.875	5.25	0.000521642984697167	0.87867536852358	-0.476521249734897	-0.0297306160415225	1
9.125	5.25	0.000520059067057603	0.8814764940598	-0.475502697115035	-0.0282187141980833	1
9.375	5.25	0.000518792630155128	0.829979092769571	-0.57151619102412	-0.0306825624488716	1
9.625	5.25	0.000518086746349209	0.77653919131678	-0.620405078411597	-0.0316316043845931	1
9.875	5.25	0.00051796004762352	0.975828184023312	-0.168185097758852	-0.0281209197836612	1
10.125	5.25	0.000518157439970192	0.995884275304215	-0.0232263142356479	-0.0270599100991644	1
10.375	5.25	0.000518493106414021	0.997434691757955	-0.0260798342933406	-0.0264673294044728	1
10.625	5.25	0.000518892482161201	0.99888573946014	-0.0216331078408492	-0.0262200901815176	1
10.875	5.25	0.000519328767648539	1.00011375988753	-0.0141719835540293	-0.0262997197224835	1
11.125	5.25	0.00051979240052799	1.00084443728244	-0.00545199507253917	-0.0265998930165454	1
11.375	5.25	0.00052027934363727	1.00101045699455	0.00351145814854012	-0.0270024846630936	1
11.625	5.25	0.000520786215328255	1.00059064920592	0.0119361668490565	-0.0273816204112861	1
11.875	5.25	0.000521308036945436	0.999623115948866	0.0188430492623991	-0.0276069444550661	1
12.125	5.25	0.000521836916800269	0.998274659591233	0.0228789167797421	-0.0275557422427166	1
12.375	5.25	0.000522360899054892	0.996879499672649	0.0227361373586701	-0.0271500447491982	1
12.625	5.25	0.000522863069535807	0.995846135943348	0.0179236625023997	-0.0264014759359997	1
12.875	5.25	0.000523321777822952	0.99546474561271	0.00948775935506955	-0.0254312237063107	1
13.125	5.25	0.00052371373976474	0.995764364679345	-9.60506238507601e-05	-0.0244328091709858	1
13.375	5.25	0.000524022760485343	0.996451053682781	-0.0080259363796172	-0.0235867834337025	1
13.625	5.25	0.000524257783846171	0.997132232229299	-0.0111849482752664	-0.022945957196362	1
13.875	5.25	0.000524479783062345	0.997947260574176	-0.00714724045854728	-0.0224566674289716	1
14.125	5.25	0.000524831482575655	0.997422238545142	-0.0118208359590549	-0.0222076135536686	1
14.375	5.25	0.000525535302219965	0.995759319628143	-0.00443727417046642	-0.0214782483572522	1
14.625	5.25	0.000526814998229549	0.991952809323485	0.0680169363773911	-0.0203703404222811	1
14.875	5.25	0.000528662355098557	0.674106803296526	0.73359518447101	-0.0189048241351338	1
15.125	5.25	0.000530877415224055	0.715195184656086	0.707074156076387	-0.0186497537899518	1
15.375	5.25	0.000533403900369202	0.76763900333203	0.642912403557187	-0.0209832388905655	1
15.625	5.25	0.000536247288672416	0.738476457217764	0.673880394250968	-0.0191617927511686	1
15.875	5.25	0.000539429556033584	0.788385102735285	0.62212645032398	-0.0206326417396124	1
16.125	5.25	0.000542869552613283	0.758168970718666	0.645504753587227	-0.0212791996860158	1
16.375	5.25	0.000546308372251807	0.802024752650243	0.58565319727031	-0.0188578711333234	1
16.625	5.25	0.000549309069247512	0.700681806864923	0.706843385450985	-0.0185090842573557	1
16.875	5.25	0.000551126823096513	0.700337516681631	0.702252325018482	-0.0173912199214819	1
17.125	5.25	0.00055126634670784	0.671363195742359	0.73260819713157	-0.0151378401780466	1
17.375	5.25	0.000549562632015678	0.587960617168954	-0.807457458393947	-0.0151308667519455	1
17.625	5.25	0.000546788829366223	0.48672159470732	-0.881225869891777	-0.0148788714177297	1
17.875	5.25	0.000542910839847377	0.59591588011453	-0.80230784279224	-0.0169269140186569	1
18.125	5.25	0.000537686086691839	0.441012418483658	-0.901115338399697	-0.0144299083685474	1
18.375	5.25	0.000531090649956561	0.531873231730717	-0.847941537350578	-0.0174678140879113	1
18.625	5.25	0.000523433418540796	0.501740495337857	-0.864133508723295	-0.0144614248416591	1
18.875	5.25	0.000515512960237355	0.462966396901943	-0.888748053858121	-0.0166406774049096	1
19.125	5.25	0.000507834429922579	0.580066253038169	-0.809424195711233	-0.0149714933837265	1
19.375	5.25	0.000499819023422742	0.99200430207786	0.0134282926640439	-0.0143263862844223	1
19.625	5.25	0.00049064747519453	0.9865855948744	0.0768835630460536	-0.0112689716059911	1
19.875	5.25	0.000480970910844836	0.925316211228022	0.371132831756318	-0.00934819268462706	1
20.125	5.25	0.000473892494428468	0.996637661056228	-0.0103325967166355	-0.00971302734031786	1
20.375	5.25	0.000474646330002118	1.01223115950214	-0.0168025205076368	-0.00794831789836633	1
20.625	5.25	0.000489504806986724	1.01995508926688	-0.0505656628903613	-0.0161752855885528	1
20.875	5.25	0.000524295787142346	0.980762666480771	-0.172376400685464	-0.0188074652327486	1
21.125	5.25	0.000577357701521694	0.96690765650361	0.170146285830106	-0.014136210221215	1
21.375	5.25	0.000636469122861559	0.935827662852547	0.309582450684241	-0.0101122470062153	1
21.625	5.25	0.000676617129323229	0.89380614328126	0.429383060129794	-0.00734990156684906	1
21.875	5.25	0.000660247044424762	0.896626000636936	0.439445223080298	-0.00621424829660796	1
22.125	5.25	0.000550765147495432	0.852383920330661	0.516830832523559	-0.00676175700036157	1
22.375	5.25	0.000340999626121115	0.884080592897496	-0.467343560233453	-0.00487115221170615	1
22.625	5.25	8.90549579556887e-05	0.879373405333913	-0.476075368564873	-0.00684705296469942	1
22.875	5.25	-0.000158908134936336	0.966863736846583	-0.177827524980617	-0.00472689283430731	1
23.125	5.25	-0.000388133073268064	0.965901417279386	-0.192564307564511	0.00165442319943192	1
23.375	5.25	-0.000599566247831094	0.981354739166477	-0.145174637219203	0.0028346377798592	1
23.625	5.25	-0.000795495620496291	0.968865239275691	0.22239928087579	0.00580626489508885	1
23.875	5.25	-0.000956624337192323	0.980095814517138	0.20887920176036	0.00656256656732666	1
24.125	5.25	-0.00106601586942417	0.981290441453623	0.187001563533806	0.00543062946876548	1
24.375	5.25	-0.00112684764578774	0.993230740173353	-0.0403094279779704	0.00781513124381084	1
24.625	5.25	-0.00117346345465417	0.995230089185794	0.0715725668352956	0.00890270597219509	1
24.875	5.25	-0.00120020716590599	0.98941861350721	0.112075008989918	0.00951178640957098	1
25.125	5.25	-0.00117417126437581	0.990556471587514	0.00609051906726864	0.0117188847424117	1
25.375	5.25	-0.00107104575799853	0.988285128423265	-0.0302169103858661	0.0147405202728942	1
25.625	5.25	-0.000859752844316569	0.989085170926608	-0.0392083278237732	0.0177580950259507	1
25.875	5.25	-0.000512317941391454	0.991757111360427	-0.044293191394824	0.020110886211869	1
26.125	5.25	-2.14598347261709e-05	0.995288092362102	-0.0476070579872777	0.0215168343807345	1
26.375	5.25	0.000579756472769857	0.999491721223305	-0.0434881930123736	0.0217852746306037	1
26.625	5.25	0.00121014675006403	1.00336109123438	-0.0363608006147742	0.0208822624402226	1
26.875	5.25	0.00175236717886063	1.00398947309531	-0.0312124314156138	0.0190429808007503	1
27.125	5.25	0.00209018048590333	0.999768412622603	-0.0306880060810293	0.0176389278960914	1
27.375	5.25	0.00216084254284939	0.998033875437828	-0.00739101881263843	0.017749038267107	1
27.625	5.25	0.00203983854296333	0.993126257178968	0.10214033319491	0.0173919737403829	1
27.875	5.25	0.00200732710960311	0.953152179865042	0.232884489122892	0.017454247829147	1
28.125	5.25	0.00234504072990611	0.969573834693553	-0.09416945268328	0.0258963632503957	1
28.375	5.25	0.00298436889414796	0.963813059421884	-0.234111772639502	0.0291723978694308	1
28.625	5.25	0.00382196113585424	0.978962559747114	-0.193678275201206	0.0285569480536757	1
28.875	5.25	0.00479104250504749	0.982977100786235	-0.159254880316944	0.0282703648627663	1
29.125	5.25	0.00578568371308947	0.990145273035732	-0.0694052002512054	0.0282062748071173	1
29.375	5.25	0.00665955681185929	0.992538209133411	0.000629416339349052	0.0288681656196034	1
29.625	5.25	0.00720777253572509	0.993426508995164	0.0204274268941494	0.0284118770804841	1
29.875	5.25	0.00726408182281926	0.99091766764643	0.0349491483602075	0.0282764270568259	1
30.125	5.25	0.00685053073220482	0.995812743462869	0.0885549707378636	0.0288281486634784	1
30.375	5.25	0.00631448382406944	0.926224770131591	0.343913375099562	0.0247550592813176	1
30.625	5.25	0.00626340657391544	0.878026251059338	0.379155578209912	0.0317658827521127	1
30.875	5.25	0.00684265337018924	0.940098987754553	-0.244955204869515	0.0423920272506249	1
31.125	5.25	0.00766551628374952	0.96809245711612	-0.218597282275819	0.0433631888463865	1
31.375	5.25	0.00849729353548873	0.986041609014447	-0.156243751573897	0.0422018341633777	1
31.625	5.25	0.00918433993437531	0.993498125781709	-0.135360364679735	0.0397543589477339	1
31.875	5.25	0.0096141396480995	0.996958459395923	-0.119379045308785	0.0361664842661026	1
32.125	5.25	0.00976074076039798	0.998337420367412	-0.0902010495200523	0.0329006900391671	1
32.375	5.25	0.00973056018868245	0.995960149440875	-0.0281194535471962	0.0301217716824671	1
32.625	5.25	0.00976455960718101	0.988909996198639	-0.0211248152079874	0.0297926203211562	1
32.875	5.25	0.0100538627172932	0.983971378845801	-0.171697255739316	0.0306577411626876	1
33.125	5.25	0.0105754964242597	0.988875295571584	-0.229226801621537	0.0259757739425607	1
33.375	5.25	0.0112531279590146	0.997561888949522	-0.208860809133491	0.0183218844773825	1
33.625	5.25	0.0119953587478705	0.997574255649642	-0.199304321647617	0.0110747417905039	1
33.875	5.25	0.0126368549502161	0.997265959437897	-0.192488928135575	0.00407035775661623	1
34.125	5.25	0.0129621768197109	0.996544518741418	-0.157783308120469	-0.00249685709076116	1
34.375	5.25	0.0128311442480165	0.995148965105232	-0.0277342406225141	-0.00601831358326513	1
34.625	5.25	0.0123076899585724	0.979316509551073	0.152559553279658	-0.00616095687123565	1
34.875	5.25	0.0115957318925221	0.975291677709828	0.232282364363333	-0.00824288389490536	1
35.125	5.25	0.010850602059112	0.98727937871164	0.233639400786066	-0.0140984911317608	1
35.375	5.25	0.0101245419207329	0.996202586908519	0.221204045402097	-0.0217464425742543	1
35.625	5.25	0.00940061380267075	1.00122163238395	0.20663823613244	-0.0300850115665242	1
35.875	5.25	0.00862235199949234	0.999080877660792	0.197243384789252	-0.0382307875162039	1
36.125	5.25	0.00772514991508367	0.989051552520841	0.197612966733138	-0.044296052384164	1
36.375	5.25	0.00667442821261614	0.9505106691645	0.274884733365846	-0.0475957443304818	1
36.625	5.25	0.0055186745232452	0.915133061905254	0.341548364658709	-0.0450596506440518	1
36.875	5.25	0.00437108542040331	0.869619645348586	0.439559730442095	-0.0428678800058654	1
37.125	5.25	0.00342728345422283	0.865376940409237	0.464712881235799	-0.0396995641520474	1
37.375	5.25	0.00289218124813314	0.994578881406684	0.264330990215343	-0.0406056846011598	1
0.125	5.75	0.000498866746985576	0.706169625564706	-0.70865492398006	-0.0308941110290547	1
0.375	5.75	0.000499048656024302	0.958867786087381	0.267662466499338	-0.0311761377225398	1
0.625	5.75	0.000498825442054925	0.828580132373037	-0.56288515728802	-0.0289485822904344	1
0.875	5.75	0.00049847875092736	0.94896309337736	-0.318705886282958	-0.0319173314132635	1
1.125	5.75	0.000498053191838405	0.862851877077892	-0.49811959881827	-0.0296983177345541	1
1.375	5.75	0.000497614661731312	0.898617766514655	-0.439253703215475	-0.0303565670299431	1
1.625	5.75	0.000497197652491774	0.84429746938831	-0.535463790197945	-0.0299742280394792	1
1.875	5.75	0.000496868438463169	0.85163124429128	-0.535235782583255	-0.0303354550276937	1
2.125	5.75	0.000496727529685002	0.819001519483173	-0.580128953505464	-0.032754251915135	1
2.375	5.75	0.000496907156651181	0.909591782933768	-0.43239261601403	-0.0319481945689701	1
2.625	5.75	0.000497479521070744	0.864614369953049	-0.507762681750843	-0.0365247618845558	1
2.875	5.75	0.000498365906775117	0.810258659008875	0.555798982949652	-0.0336392218926427	1
3.125	5.75	0.000499333432047553	0.631728380623201	0.762978217068589	-0.0297443731584416	1
3.375	5.75	0.000500141993453201	0.930213000536166	0.363258910428346	-0.0305827541452981	1
3.625	5.75	0.000500649022106915	0.970586873886449	-0.239510731738342	-0.0295923935406001	1
3.875	5.75	0.000500936792548517	0.971350397568939	-0.254393085257411	-0.0306310393242552	1
4.125	5.75	0.000501062704505645	0.987755073412127	-0.16975917855519	-0.0319513905280363	1
4.375	5.75	0.000501066955193012	0.975332109034354	-0.226114621045538	-0.0320352694607632	1
4.625	5.75	0.0005010494115888	0.978090498690304	-0.217151843916693	-0.0328137280001455	1
4.875	5.75	0.00050118925404931	0.977962075310641	-0.210381901321214	-0.0332260981887173	1
5.125	5.75	0.000501718178671914	0.982479460281406	-0.16492547310083	-0.0332129821296095	1
5.375	5.75	0.000502822450458944	0.951994346196319	0.284108918545351	-0.0316664471007701	1
5.625	5.75	0.000504474514451628	0.597157284951812	0.796908858440757	-0.030447896373447	1
5.875	5.75	0.00050660125247372	0.881722207471393	0.481458638809567	-0.0302082222189719	1
6.125	5.75	0.000509258569000829	0.678545509297748	0.730867675400635	-0.0328819520393746	1
6.375	5.75	0.000512349899212474	0.834974999936415	0.551091144302448	-0.0292479101384211	1
6.625	5.75	0.000515752423260209	0.698975777271825	0.718488682685444	-0.0332767961217376	1
6.875	5.75	0.000518941005185935	0.833231974635787	0.547124660146342	-0.030270470795604	1
7.125	5.75	0.000521368893497705	0.737156058986501	0.677409703104579	-0.0320556737194759	1
7.375	5.75	0.000522266839160548	0.811743716347591	0.578558096802068	-0.0309633208914045	1
7.625	5.75	0.000521564365382732	0.77665765747825	-0.633133649689705	-0.0308968084001756	1
7.875	5.75	0.000520393098059648	0.84659564240418	-0.5288586647566	-0.0319819337016326	1
8.125	5.75	0.000519134783994306	0.783016653397507	-0.617197762131648	-0.0303506418194249	1
8.375	5.75	0.000517971379420137	0.88759480874924	-0.451319486178577	-0.0308766664054633	1
8.625	5.75	0.000516834687656369	0.854766181672829	-0.513260201532446	-0.0288255005575437	1
8.875	5.75	0.000515748829520553	0.885058085153768	-0.463689332723319	-0.0298593389121702	1
9.125	5.75	0.000514719010881301	0.871287858200325	-0.483665040332706	-0.0286835488084873	1
9.375	5.75	0.000513827908265715	0.894955916178204	-0.457523272169611	-0.0284908812458703	1
9.625	5.75	0.000513215441562585	0.781520584754357	-0.627607243955638	-0.0313252174581391	1
9.875	5.75	0.000513021265584517	0.864373297054558	-0.484490945839321	-0.0293321442783774	1
10.125	5.75	0.00051316679779313	0.992133370484333	-0.062004482298124	-0.0273193084152271	1
10.375	5.75	0.000513483313338567	0.996996392235851	-0.0291579098208079	-0.0266446097274774	1
10.625	5.75	0.000513876622604766	0.998548390988978	-0.0244096643197717	-0.0263007418141115	1
10.875	5.75	0.000514311015091671	0.999986107513399	-0.0159866894687419	-0.0263385551515394	1
11.125	5.75	0.000514773746689704	1.00083571853743	-0.00629812092521606	-0.0266282722587738	1
11.375	5.75	0.000515259989623027	1.00105568218816	0.00374470429670643	-0.027037253682842	1
11.625	5.75	0.00051576663718451	1.00062629314093	0.0132978406762401	-0.0274307779525825	1
11.875	5.75	0.00051628909444596	0.99956964983593	0.0212178018544234	-0.0276657795407826	1
12.125	5.75	0.000516819136995486	0.998077961147285	0.0257850225123494	-0.027599569035659	1
12.375	5.75	0.000517343089045202	0.996575651426786	0.0253523541637329	-0.0271437309246454	1
12.625	5.75	0.000517841290102858	0.995554466366437	0.019423440798416	-0.0263230496376382	1
12.875	5.75	0.000518290747125241	0.995286794896362	0.00952532704646053	-0.0252912644136334	1
13.125	5.75	0.000518672961597624	0.995683917282568	-0.00104415363288282	-0.0242633623564761	1
13.375	5.75	0.000518987665031588	0.996655783423171	-0.00810273295486739	-0.0234052062233973	1
13.625	5.75	0.000519271264700667	0.997862178130138	-0.0115610427437948	-0.022878224337783	1
13.875	5.75	0.000519619818538556	0.997910704061499	-0.0153631638087853	-0.022641658825843	1
14.125	5.75	0.000520189010322603	0.99778621788106	0.00336897132744163	-0.0221647173298248	1
14.375	5.75	0.000521158917312424	0.996707916417959	0.00304971503422231	-0.0218156102368399	1
14.625	5.75	0.000522565272785646	0.790830038002278	0.602525516924676	-0.0207979242940232	1
14.875	5.75	0.000524250586008484	0.671786698086435	0.744972137082693	-0.0193115855945753	1
15.125	5.75	0.000526165846387327	0.843210248642761	0.543743325784224	-0.0216411905264533	1
15.375	5.75	0.000528333859436779	0.732738239824213	0.677576681899637	-0.0212355481175298	1
15.625	5.75	0.000530802626415583	0.807694392476774	0.587549706123576	-0.0205309482306997	1
15.875	5.75	0.000533650159034324	0.759652507719034	0.646892111621642	-0.0210833950547941	1
16.125	5.75	0.000536801842268444	0.734766807700663	0.664305463779491	-0.0197208478455017	1
16.375	5.75	0.000540097744840173	0.775340942903133	0.628125470629409	-0.0171766593773805	1
16.625	5.75	0.000543135618205937	0.58358152100409	0.806951000355257	-0.0189954218561258	1
16.875	5.75	0.000545325476151921	0.82432252689993	0.557515198321301	-0.0155921004145092	1
17.125	5.75	0.000546184649338473	0.514579175846626	0.859201292988022	-0.0165584530759577	1
17.375	5.75	0.000545368627740906	0.811104138917275	-0.57317626129374	-0.0160129318114142	1
17.625	5.75	0.000543300130981349	0.461624354790381	-0.886928302969183	-0.0134269593157551	1
17.875	5.75	0.00053967144866325	0.714865844954731	-0.703720843607148	-0.0160662589374266	1
18.125	5.75	0.000533762317704071	0.505948414984701	-0.86063510478511	-0.0147411332659337	1
18.375	5.75	0.000525178274345242	0.641651295736283	-0.771113720514167	-0.0152331592273681	1
18.625	5.75	0.000514099047470733	0.515964573153569	-0.85540530092497	-0.0158874917386716	1
18.875	5.75	0.00050158076324077	0.621595534945283	-0.782767291377156	-0.0145436927010393	1
19.125	5.75	0.000489271285068967	0.50785912040784	-0.862953667354278	-0.0152533819473006	1
19.375	5.75	0.000478827467104007	0.597708326890587	-0.796344959604346	-0.0148324581391055	1
19.625	5.75	0.000471525556396044	1.00026406627398	-0.0213580802925037	-0.012738320322999	1
19.875	5.75	0.000470693547243231	0.936271707544546	-0.332360642133562	-0.0153386926450767	1
20.125	5.75	0.000483345091718636	0.915280020426804	-0.385457834064339	-0.0101591416006178	1
20.375	5.75	0.000515697844746101	0.900320370112614	-0.443121125218379	-0.0123817538161413	1
20.625	5.75	0.000573280289090687	0.949340783861037	0.297571678545382	-0.0118409666656533	1
20.875	5.75	0.000658389099642505	0.916055132459954	0.402315448235957	-0.0101655477654471	1
21.125	5.75	0.000752560649885589	0.985429003194748	0.159071728435053	-0.0121385257912163	1
21.375	5.75	0.000817243788386944	0.917398137798434	0.364726220105401	-0.00979530899062273	1
21.625	5.75	0.000796687300317435	0.878097478336021	0.464703011972926	-0.00652297628859121	1
21.875	5.75	0.000631758606387369	0.871193754514194	0.485117137442482	-0.00680936788079313	1
22.125	5.75	0.000300039348974878	0.836928637417778	0.542142149147588	-0.00547567706019238	1
22.375	5.75	-0.000137962090151618	0.80908684582769	-0.588917908651048	-0.0053609688839129	1
22.625	5.75	-0.000506216558503716	0.842585629098355	-0.545948108643197	-0.0056451626589175	1
22.875	5.75	-0.000722279254904424	0.831360921960526	-0.556167360630144	-0.0066401734191281	1
23.125	5.75	-0.000807629146385752	0.837764415690114	-0.531899457537882	-0.0050093647084099	1
23.375	5.75	-0.000838671270236544	0.994891815108768	-0.0237367504719221	-0.00211626806093386	1
23.625	5.75	-0.000826305115480769	0.986908646168322	-0.143923698482379	-0.00220619989600342	1
23.875	5.75	-0.000676487282749338	0.967339224548419	-0.226073094882954	-0.000460659717605712	1
24.125	5.75	-0.000368736335927738	0.97898986427968	-0.108288919461097	0.00121787993946383	1
24.375	5.75	7.19613813429946e-05	0.972460600342903	-0.186265656235492	0.00704691052691191	1
24.625	5.75	0.000455042851597933	0.997738022689849	-0.0688895742997342	0.00584176027793057	1
24.875	5.75	0.000829493815756351	0.989862985818417	-0.00309412365452083	0.00664016708489534	1
25.125	5.75	0.00132343261382105	0.98459529585225	-0.014293592365279	0.010426066304948	1
25.375	5.75	0.00197057027990803	0.985185557380774	-0.0189552428117133	0.0135408695024968	1
25.625	5.75	0.00281986880069305	0.984253106191152	-0.0441940311623773	0.0166440019682688	1
25.875	5.75	0.00389782962116902	0.984717020019391	-0.0597126740995657	0.0193677946818481	1
26.125	5.75	0.00517265222186153	0.986720888316498	-0.0651853181871248	0.0212773046094314	1
26.375	5.75	0.00652178132129419	0.989330601503985	-0.0543616726842881	0.0221808926398746	1
26.625	5.75	0.00773724308872895	0.991289665554695	-0.0197040139004501	0.0224315355249164	1
26.875	5.75	0.00857614640058224	0.989382719441852	0.0538244645683442	0.0223956163309215	1
27.125	5.75	0.00885657774897865	0.984514980111148	0.114882434048143	0.0226043088213106	1
27.375	5.75	0.00853907590573047	0.991832724126884	0.101859983613362	0.0223368885347349	1
27.625	5.75	0.0079004656287188	0.97728337929316	0.197476478180107	0.0197418245149357	1
27.875	5.75	0.00767364334201999	0.902292311412647	0.373727737433267	0.0200627520348269	1
28.125	5.75	0.00840211761654361	0.96386368255803	-0.0372895544220905	0.028119829992431	1
28.375	5.75	0.00978478316609727	0.970071214205589	-0.111264404139406	0.033425705893684	1
28.625	5.75	0.0115320839432005	0.985804711438294	-0.0493387592882043	0.0347008067390225	1
28.875	5.75	0.0134102424038804	0.996706609748528	-0.0338538375300129	0.0338648216939401	1
29.125	5.75	0.0151080975495733	0.999919266324454	-0.0367518073233311	0.0291011526594396	1
29.375	5.75	0.0163239736037695	0.98793030705308	-0.0770018593899185	0.0257688290971786	1
29.625	5.75	0.0167012768139988	0.98142251481277	-0.0349644384839113	0.025301479452048	1
29.875	5.75	0.016059968522002	0.981167110150675	0.00284030059389148	0.0261972945474017	1
30.125	5.75	0.0146656074931058	0.991172164671573	0.0613256832945262	0.0264930345167315	1
30.375	5.75	0.0134104650034999	0.823385039981802	0.507334225938379	0.0220589896610368	1
30.625	5.75	0.0133610037704474	0.899763466169754	0.315550305057849	0.0360396189414669	1
30.875	5.75	0.0143769495074616	0.934864969010141	-0.315254771694851	0.0377678090820203	1
31.125	5.75	0.0157686054798095	0.955834486522928	-0.259249092585174	0.0361720894200131	1
31.375	5.75	0.0171472642754198	0.96439802470882	-0.208307079067301	0.0350078523946921	1
31.625	5.75	0.0182334020824942	0.975538821513091	-0.12787945833379	0.0344889847039297	1
31.875	5.75	0.018819731440942	0.983945222366986	-0.0240276994251866	0.0340202267649188	1
32.125	5.75	0.0188860123637305	0.987600287936449	0.0477345932629685	0.0328461096102625	1
32.375	5.75	0.0186709303856639	0.975992310656567	0.153124346358503	0.0299772415900196	1
32.625	5.75	0.0186678622758454	0.95722126240425	0.211771232802359	0.0290262961546995	1
32.875	5.75	0.0191565764124691	0.983227742136071	0.0803723641372901	0.0295079275847534	1
33.125	5.75	0.0199805132160049	0.998125348034001	0.00368305059935266	0.0258192401213554	1
33.375	5.75	0.02099501972964	0.999959716167314	-0.00660718302868516	0.0204682457830083	1
33.625	5.75	0.0220659646952208	0.998036046129887	-0.0230256938754775	0.0154067919247649	1
33.875	5.75	0.0229338353186243	0.995647978397682	-0.0378286685050891	0.0104987473359602	1
34.125	5.75	0.0232723385798901	0.992944975527938	-0.00036731690897529	0.00615934226242594	1
34.375	5.75	0.0229109542314642	0.983113950972467	0.103958954236045	0.00279074605834057	1
34.625	5.75	0.0220047237572052	0.971185817824757	0.195376581846032	0.000317868491476693	1
34.875	5.75	0.0208388724634281	0.974657094932867	0.22384498621174	-0.00419847732859411	1
35.125	5.75	0.0195887955231551	0.983389676655904	0.219357445749043	-0.010923664935125	1
35.375	5.75	0.018295837921686	0.987678486583735	0.212372763710647	-0.0185444240980569	1
35.625	5.75	0.0169278372886852	0.986007542538903	0.210506724275029	-0.0259586406754221	1
35.875	5.75	0.0154274323995088	0.973594415730485	0.227105065056495	-0.032032339545959	1
36.125	5.75	0.0137577341649432	0.952907045450091	0.262311009381299	-0.0349758581681496	1
36.375	5.75	0.011930046588064	0.909198199252283	0.355601349777965	-0.0355581766802687	1
36.625	5.75	0.0100436313433796	0.89697217913544	0.385250774300278	-0.0331486182562097	1
36.875	5.75	0.00823532764894765	0.861357258315539	0.467188870596517	-0.0329585944725746	1
37.125	5.75	0.00675707291115785	0.901771124521668	0.392190377326049	-0.0322824974458571	1
37.375	5.75	0.00589797065233245	0.913730076997967	0.447382938151912	-0.0316065818394394	1
0.125	6.25	0.000496471626401944	0.686598701697942	-0.726973974477934	-0.0287845362333492	1
0.375	6.25	0.00049659124999655	0.925203965808121	0.37228160309189	-0.0289884851026314	1
0.625	6.25	0.000496571797735633	0.802530057937979	-0.598170841183916	-0.0277672091566717	1
0.875	6.25	0.000496519288471626	0.842064283105097	-0.549107715740306	-0.0295909541963264	1
1.125	6.25	0.000496434605321398	0.853584542766267	-0.520919648248229	-0.0302789871624768	1
1.375	6.25	0.000496333378200109	0.825634158512062	-0.562831223667836	-0.0298911023150895	1
1.625	6.25	0.000496222185326952	0.865850482644519	-0.493910116546208	-0.0301184882451189	1
1.875	6.25	0.000496127792289478	0.828768727173432	-0.556047543201085	-0.0286954829354784	1
2.125	6.25	0.000496105088506131	0.818147479561764	-0.572612658006268	-0.0293418817847456	1
2.375	6.25	0.000496231612719907	0.840009064337987	-0.539669276071414	-0.0281107220031693	1
2.625	6.25	0.000496555388203741	0.794030190770075	0.597437236122588	-0.0286220249004651	1
2.875	6.25	0.000497024407112791	0.867839342184296	0.493332655682821	-0.0257566392594193	1
3.125	6.25	0.000497533036480661	0.998008415209277	-0.0463884895668138	-0.0278287658678812	1
3.375	6.25	0.000497975236935136	1.00316108841671	0.0268522642213624	-0.0255559667581909	1
3.625	6.25	0.000498301672782242	1.00976247607006	-0.0248632143199678	-0.0298332529947782	1
3.875	6.25	0.000498526563091924	0.997713748780789	-0.091278796357816	-0.0308602722786718	1
4.125	6.25	0.000498662247990427	0.982706813875747	-0.195128651287852	-0.0310408491647838	1
4.375	6.25	0.000498736838259304	0.984646318737764	-0.19110294385974	-0.0320751526724201	1
4.625	6.25	0.000498824275679383	0.971985483831032	-0.245111584600628	-0.0328209449061663	1
4.875	6.25	0.000499060208506998	0.971417550712024	-0.245206228826996	-0.0334933089794456	1
5.125	6.25	0.000499608540796716	0.989814645748808	-0.067342112965817	-0.03394280130429	1
5.375	6.25	0.000500538952300185	0.70761795071405	0.699027053950236	-0.0297986539711699	1
5.625	6.25	0.000501810477077963	0.694395823388744	0.72406769236158	-0.0321758239255373	1
5.875	6.25	0.000503456807763433	0.876512448158867	0.47912686779467	-0.0308034393384142	1
6.125	6.25	0.000505532767219578	0.594083868094041	0.802624974375575	-0.0321330916324021	1
6.375	6.25	0.000507968795882988	0.901166650521434	0.438544917546512	-0.029992481687771	1
6.625	6.25	0.000510679820579952	0.60635110317959	0.79388815974277	-0.0335872309192254	1
6.875	6.25	0.000513206649093121	0.898554022706979	0.430760365378786	-0.0295747207207073	1
7.125	6.25	0.000515150902674998	0.669042199050268	0.743790985608539	-0.032278403039587	1
7.375	6.25	0.000515843094476494	0.844042701544019	0.524896383006636	-0.0300507524771966	1
7.625	6.25	0.000515317005084643	0.744236577319673	-0.674509123503909	-0.0297515884515163	1
7.875	6.25	0.00051445666381074	0.864843918855877	-0.503475216356893	-0.0319069769108338	1
8.125	6.25	0.000513529769353563	0.757923762063655	-0.650303697078756	-0.0303340806499218	1
8.375	6.25	0.000512721888492427	0.859713401078099	-0.506111083376793	-0.0314706485929884	1
8.625	6.25	0.000511995407031132	0.83004751632903	-0.549736022632074	-0.0295815436520045	1
8.875	6.25	0.00051134815364034	0.879049664048159	-0.474236140572634	-0.0298574638402031	1
9.125	6.25	0.000510746628254239	0.862891513517176	-0.498714004881975	-0.029375475202683	1
9.375	6.25	0.000510215990140392	0.899248843710235	-0.435442780254691	-0.0285554935121046	1
9.625	6.25	0.000509803509063071	0.868727315197027	-0.507787874485269	-0.0293316610592271	1
9.875	6.25	0.000509616934617317	0.789904040100514	-0.607594863334141	-0.0315305063634771	1
10.125	6.25	0.000509705385400102	0.944173064421573	-0.296728114708616	-0.0278156877110886	1
10.375	6.25	0.000509978804636976	0.996055178762818	-0.034350740486089	-0.0267921684279278	1
10.625	6.25	0.000510343603015572	0.9982712452408	-0.0283761438986001	-0.0264083747725833	1
10.875	6.25	0.000510755528275819	0.999796541116901	-0.01880231402119	-0.0263988940033083	1
11.125	6.25	0.000511198404505744	1.00076688204231	-0.00761333025160278	-0.0266644064627056	1
11.375	6.25	0.000511666493092722	1.00105289009909	0.00392996831654759	-0.0270663707048574	1
11.625	6.25	0.000512156411518069	1.00062374782917	0.0149882135764323	-0.0274645064541987	1
11.875	6.25	0.000512663038820841	0.99947370248053	0.0242699651821818	-0.0277039897958538	1
12.125	6.25	0.000513176868535732	0.997829326945384	0.0294407788809628	-0.027618093378716	1
12.375	6.25	0.000513682082395073	0.996234798060697	0.0284001503686193	-0.0271062262682203	1
12.625	6.25	0.000514157325269774	0.995267385112363	0.0208158414295174	-0.0262107218625968	1
12.875	6.25	0.000514581709797242	0.995181006916412	0.00908902468723916	-0.0251229847319066	1
13.125	6.25	0.000514946872415623	0.995953826956312	-0.00283463417163625	-0.0240945486814887	1
13.375	6.25	0.000515272982768997	0.996794917259711	-0.0138314114094536	-0.0233711207594345	1
13.625	6.25	0.000515626902320479	0.997523109627462	-0.015522153255157	-0.0228090452986734	1
13.875	6.25	0.00051612011264642	0.998170608962255	-0.00220825783262265	-0.0224651172074103	1
14.125	6.25	0.000516893926256991	0.997821103278671	-0.0135739099221487	-0.0221744461510568	1
14.375	6.25	0.000518006498743284	0.900938017836513	0.412555346195265	-0.0217051594161964	1
14.625	6.25	0.000519362017788306	0.66427434711482	0.749086994031088	-0.0180343691403498	1
14.875	6.25	0.000520878796000332	0.819526283067165	0.579703687249719	-0.0221232691007012	1
15.125	6.25	0.000522573246232803	0.769374848406753	0.633310198602082	-0.0199523300433496	1
15.375	6.25	0.000524472124798525	0.699713745981588	0.710232066211285	-0.0209268017525025	1
15.625	6.25	0.000526648995734303	0.78648178767053	0.611296134938425	-0.0184885143867016	1
15.875	6.25	0.000529158759928185	0.611298187681031	0.785778720341991	-0.0198244617632793	1
16.125	6.25	0.000531950001307282	0.761960967658763	0.639715200950228	-0.016284998265692	1
16.375	6.25	0.000534939054950423	0.570330387899937	0.822536422964444	-0.0180155643553659	1
16.625	6.25	0.000537772886257808	0.7086377480932	0.700529651766485	-0.0160614635865018	1
16.875	6.25	0.000540083599045874	0.637003843961062	0.77553114716552	-0.0165595890174879	1
17.125	6.25	0.00054133897720755	0.616246037967934	0.791233478075802	-0.0169773957850506	1
17.375	6.25	0.00054119313902611	0.73416076658918	-0.669057928695117	-0.0173719555025806	1
17.625	6.25	0.000539698760309553	0.645742395157604	-0.753412429247607	-0.0144376311294948	1
17.875	6.25	0.000536138444255459	0.561840176235216	-0.828636108589366	-0.0143190393360135	1
18.125	6.25	0.000529490755214829	0.624638326744267	-0.781398312230951	-0.014998534946675	1
18.375	6.25	0.000519189444651092	0.482742374752428	-0.875180708636733	-0.0145847660430142	1
18.625	6.25	0.000505877157366915	0.61759978652861	-0.790233435611753	-0.0145149602336092	1
18.875	6.25	0.00049182291253675	0.405367024712058	-0.911935244422184	-0.0159220694115949	1
19.125	6.25	0.000480833697360807	0.667456998709163	-0.745703172729183	-0.013365625225233	1
19.375	6.25	0.000477564242646974	0.320948779755505	-0.946543110066268	-0.0160854887596317	1
19.625	6.25	0.00048697923881316	0.735622443577603	-0.668686356014796	-0.0128146327578813	1
19.875	6.25	0.000516116811090787	0.725868378527876	0.68429519924746	-0.0126043865603955	1
20.125	6.25	0.000575299102019508	0.984657592698587	-0.0437634808277189	-0.0120954471588505	1
20.375	6.25	0.000666655312471257	1.0054575325833	0.00717215869641362	-0.00573926346257911	1
20.625	6.25	0.000787249644569391	1.023384493535	-0.101977113946155	-0.0152034889917277	1
20.875	6.25	0.000923923734639187	0.922802221793649	-0.369190343352624	-0.0203271094783314	1
21.125	6.25	0.00101961915205545	0.948630680367194	0.200275093673866	-0.0122801729992217	1
21.375	6.25	0.000988249833446115	0.825362817464654	0.541773775911675	-0.00602263476330809	1
21.625	6.25	0.000738871844015212	0.873400255436905	0.483233589194469	-0.00614351262851924	1
21.875	6.25	0.000242543896831043	0.827538401590251	0.563695689366768	-0.00531025053128539	1
22.125	6.25	-0.000393641435983526	0.784626941074016	0.617819765603607	-0.00639347704855793	1
22.375	6.25	-0.000884305607140896	0.88099511468965	-0.466105160740395	-0.00434525363828364	1
22.625	6.25	-0.000859992600155629	0.845150655462352	-0.53449074703438	-0.00442341749994792	1
22.875	6.25	-0.000260777274786134	0.98310983663816	-0.12934445977305	-0.00388133810253776	1
23.125	6.25	0.000732153137798884	0.874915558705279	-0.463038318434984	-0.000274327902818287	1
23.375	6.25	0.00178896826560248	0.881186395872756	-0.447566342331619	0.000791690346286418	1
23.625	6.25	0.00284465118976112	0.92284678973595	0.362767173123727	0.00458364789751146	1
23.875	6.25	0.00412673559401648	0.9710803011772	0.248021967004174	0.00412003425188963	1
24.125	6.25	0.00561850575614662	0.959995965814379	0.257068845872889	0.0017194833009152	1
24.375	6.25	0.00729572255620764	0.967489129552955	-0.163055316289115	0.00465087076485995	1
24.625	6.25	0.0085611740468481	0.982904176705551	0.0871069706584351	0.00728059136813708	1
24.875	6.25	0.00959544452930551	0.971839328832691	0.169190115690524	0.00701088583102274	1
25.125	6.25	0.0107970729743823	0.977293120386435	-0.000440000215612974	0.00935555614264378	1
25.375	6.25	0.0122207852825443	0.97322309038508	-0.0227726670534542	0.0128680746087715	1
25.625	6.25	0.0139576797652925	0.972917061649129	-0.0344661048024927	0.0163573870879601	1
25.875	6.25	0.0160161377583398	0.973859453672607	-0.0486639099977708	0.0189699272833897	1
26.125	6.25	0.018270846323724	0.975291369759145	-0.0604388772529807	0.0206451405824226	1
26.375	6.25	0.0204144161724033	0.978885499261366	-0.0587254832729977	0.0210737391217651	1
26.625	6.25	0.0220078814498632	0.984285835575743	-0.0537325912323032	0.0199251948380265	1
26.875	6.25	0.0226298319092219	0.9853633420828	-0.0476329700294363	0.0169993204340792	1
27.125	6.25	0.0221068022596969	0.976962398148404	-0.0813594492590221	0.0151345567344001	1
27.375	6.25	0.0205814683352146	0.9797674358875	-0.0679751474672649	0.0156038354126798	1
27.625	6.25	0.0188096342769019	0.944542924756672	0.250444257743093	0.0136732367902784	1
27.875	6.25	0.01836015417825	0.908833296136591	0.295419269524544	0.0177738109629151	1
28.125	6.25	0.0199821964740767	0.919793055302029	-0.280490311056401	0.0262112979808604	1
28.375	6.25	0.0227960831957969	0.916309650408011	-0.333840500746448	0.0270058098201316	1
28.625	6.25	0.0261071936149135	0.929944376452885	-0.285634188307359	0.0272825320586561	1
28.875	6.25	0.0292887938837641	0.933269968748723	-0.265087086892655	0.0274674726191251	1
29.125	6.25	0.0316005285442879	0.960635415078648	-0.0450904771847107	0.0276670068887172	1
29.375	6.25	0.0325453860562726	0.96066427553481	0.0804119118512014	0.0305554501812056	1
29.625	6.25	0.031655732723577	0.965931227769398	0.0627209094689501	0.0292089266319879	1
29.875	6.25	0.0290456085700584	0.961479783780791	0.0472201834769021	0.0305275739256509	1
30.125	6.25	0.0257419469253336	0.914664456591895	0.330485296536384	0.0331018674149081	1
30.375	6.25	0.0237004251835218	0.55985906694544	0.776496172796289	0.0309363537845663	1
30.625	6.25	0.0241061298040732	0.943773508973282	0.010810338000184	0.0419143455042415	1
30.875	6.25	0.0260922562206109	0.921391356593494	-0.27769708353645	0.0468425713636921	1
31.125	6.25	0.0286662644636651	0.953929239529788	-0.192178096190992	0.0478055411416092	1
31.375	6.25	0.0311366414509556	0.969841303016641	-0.120553822980131	0.0461658479958156	1
31.625	6.25	0.0329834085427876	0.974602233788363	-0.118360019832648	0.043487457768118	1
31.875	6.25	0.0338201151531439	0.973281565855852	-0.116459194894126	0.03875642503774	1
32.125	6.25	0.0336924150646707	0.97222632313765	-0.0793900642388695	0.0365516308243117	1
32.375	6.25	0.0331144183839799	0.962668601249086	0.066197484078867	0.0342868653171488	1
32.625	6.25	0.0330808020525829	0.957493019001622	0.0169924365208022	0.0372200572678796	1
32.875	6.25	0.0339402687239832	0.950411927900757	-0.246093052999327	0.0387643934348028	1
33.125	6.25	0.0352134326521607	0.969203860600947	-0.24313470059535	0.0303807324827614	1
33.375	6.25	0.0366685741084909	0.972822972671609	-0.203858466116942	0.0220866333144377	1
33.625	6.25	0.0381396441846756	0.964903786046156	-0.211808046553944	0.0155845424132436	1
33.875	6.25	0.0392382260272848	0.961689288590698	-0.212706987229191	0.00991523931288169	1
34.125	6.25	0.0394715026681148	0.962724506031294	-0.174910186017869	0.00464244264253006	1
34.375	6.25	0.038631347923087	0.967654840294181	-0.0108131015305591	0.00239129255953654	1
34.625	6.25	0.037008907752513	0.960110022731673	0.139212772270421	0.00203310562214909	1
34.875	6.25	0.0349796423747225	0.963601786162532	0.194540710795802	-0.00151081718246492	1
35.125	6.25	0.032746306717173	0.969755741185071	0.204427228205333	-0.00761598589234175	1
35.375	6.25	0.0303578970630856	0.968868864246146	0.213304858475991	-0.0142068300017304	1
35.625	6.25	0.0278049437200209	0.960492480768085	0.230334364429269	-0.0198469191666256	1
35.875	6.25	0.0250801326369376	0.939920647467471	0.272137069904277	-0.0234966080257116	1
36.125	6.25	0.0222142120542022	0.918201074216324	0.319311283996094	-0.0241305370873723	1
36.375	6.25	0.019265060487649	0.879607059344893	0.406176979575051	-0.0242081453007665	1
36.625	6.25	0.0163567484442346	0.883207509171353	0.403642864050575	-0.0227773660039341	1
36.875	6.25	0.0136312776716939	0.866337740294174	0.447905652744788	-0.0222140119831265	1
37.125	6.25	0.0114210450193937	0.877732710056053	0.415426703308403	-0.0224289669718517	1
37.375	6.25	0.0101562271914558	0.875328281769043	0.492834700511976	-0.0177919528060288	1
0.125	6.75	0.000495617040706332	0.655714874062086	-0.753272475316886	-0.0306276672817173	1
0.375	6.75	0.000495682387089937	0.99343946266925	0.0470427257158259	-0.030315170265594	1
0.625	6.75	0.000495709743472574	0.896837602876268	-0.434871498131746	-0.0281462265741664	1
0.875	6.75	0.000495732700065237	0.914524810772088	-0.412005797343608	-0.0289718687990707	1
1.125	6.75	0.000495747772036122	0.892681402050842	-0.456472423835	-0.0296945732693199	1
1.375	6.75	0.000495755064616817	0.878083706233923	-0.484270061345452	-0.0303739029789062	1
1.625	6.75	0.000495755173357328	0.85371763144486	-0.521465714011492	-0.031191390806317	1
1.875	6.75	0.000495760857309994	0.878524517079356	-0.482679285912868	-0.0307404162012213	1
2.125	6.75	0.000495799200634065	0.803795987458928	-0.598139235668381	-0.0327152631677642	1
2.375	6.75	0.000495911844149979	0.894603988193405	-0.44662278648242	-0.0318030668521475	1
2.625	6.75	0.000496131959415122	0.832786093830044	-0.560060169394084	-0.0330816368298592	1
2.875	6.75	0.000496419593916236	0.993474807724737	0.0239439031726565	-0.0337787374714288	1
3.125	6.75	0.000496708269235413	0.821695060455092	0.559340752525707	-0.0302107249494437	1
3.375	6.75	0.000496958351419755	0.975424854097036	0.214104324669934	-0.0315496011850653	1
3.625	6.75	0.00049715099577364	0.981610399438788	-0.178514533040897	-0.0298195976419873	1
3.875	6.75	0.000497301343724969	0.983001232169689	-0.201027886112561	-0.0306211649935802	1
4.125	6.75	0.000497415563264019	0.988660094956638	-0.161542481170329	-0.0317815405575477	1
4.375	6.75	0.000497510944678297	0.980315492115722	-0.197588315845769	-0.0317877145191532	1
4.625	6.75	0.000497647723088797	0.982539173991233	-0.188620485576406	-0.0320784859604605	1
4.875	6.75	0.000497922527812285	0.968732541802765	-0.257492327171443	-0.0323048627244986	1
5.125	6.75	0.000498422905571572	0.895123993359978	0.424709160953094	-0.0334724232454011	1
5.375	6.75	0.000499139739698423	0.612229943448112	0.791367495896213	-0.0283314654609173	1
5.625	6.75	0.00050009748759629	0.849160382891287	0.530814539806372	-0.0335420429623155	1
5.875	6.75	0.000501353067899874	0.767358074623164	0.6371141466722	-0.0292399166210083	1
6.125	6.75	0.000502955350955288	0.673389721362497	0.740567706503067	-0.0326652333141251	1
6.375	6.75	0.000504874398822205	0.898009671903338	0.439861494399927	-0.0295581893370714	1
6.625	6.75	0.000507016689998198	0.547366588298667	0.834609218760155	-0.0331105563622098	1
6.875	6.75	0.000509005623755044	0.94584349377638	0.318107047712307	-0.0287612327342033	1
7.125	6.75	0.000510533236683662	0.510067235800496	0.859331232595934	-0.0325277148194636	1
7.375	6.75	0.000511055776805196	0.903166142192919	0.403537138827725	-0.0284921451902392	1
7.625	6.75	0.00051071805926619	0.723317437727766	-0.701682163127047	-0.0275975999790986	1
7.875	6.75	0.000510155213752104	0.868589304481573	-0.508581739830234	-0.0314516168462884	1
8.125	6.75	0.000509531985845908	0.753272094376496	-0.659280917423053	-0.0306244210577874	1
8.375	6.75	0.000508998876624261	0.832961996649425	-0.554133777259769	-0.0319316560590149	1
8.625	6.75	0.000508548466322312	0.805045583338186	-0.586483377099398	-0.0309891819201895	1
8.875	6.75	0.000508184697197266	0.852170740936712	-0.517055249629546	-0.0304658918406042	1
9.125	6.75	0.000507868824445557	0.851727935428748	-0.516792797166713	-0.0298758758504274	1
9.375	6.75	0.000507599410433377	0.8746027672477	-0.475305345881781	-0.0290511225874624	1
9.625	6.75	0.000507382803421102	0.900912706963973	-0.438750699978318	-0.028081448547412	1
9.875	6.75	0.000507266179774185	0.830308973397131	-0.564527199908236	-0.0303917683731889	1
10.125	6.75	0.000507317640834842	0.844821796537614	-0.520809335684586	-0.0298388293771876	1
10.375	6.75	0.000507538616339004	0.984175401165274	-0.130181104622217	-0.0271389375952597	1
10.625	6.75	0.000507862590460528	0.997619329588943	-0.0311288995034164	-0.0265166985709897	1
10.875	6.75	0.000508241297516002	0.99961182063357	-0.0210959585734301	-0.0264598441453013	1
11.125	6.75	0.00050865510242121	1.00072526102373	-0.00880113104563835	-0.0267025090980957	1
11.375	6.75	0.000509096604030922	1.00111156287095	0.00392065462477976	-0.027110611240039	1
11.625	6.75	0.000509561418883526	1.00069211262151	0.0162850229825017	-0.0275309645330366	1
11.875	6.75	0.000510042980253763	0.999408502893004	0.0268956719135674	-0.027791504972237	1
12.125	6.75	0.000510529790208423	0.997534309105667	0.0326479925121931	-0.027684483863011	1
12.375	6.75	0.00051100401010396	0.995812728993055	0.0309204762844318	-0.0270954765952705	1
12.625	6.75	0.000511444545027596	0.994963610682163	0.0216809845532467	-0.0261035017999172	1
12.875	6.75	0.000511837113835749	0.995152466183277	0.00803551142732732	-0.0249689217339561	1
13.125	6.75	0.000512190263566235	0.995647649703918	-0.00604575438873994	-0.0239666334291086	1
13.375	6.75	0.000512550715367552	0.997156690142309	-0.00914487302618158	-0.023071643567421	1
13.625	6.75	0.000513002646536213	0.998160043826542	-0.015770561825349	-0.0228379519729829	1
13.875	6.75	0.000513661107066745	0.999391286727416	-0.016407434741832	-0.0224898170870858	1
14.125	6.75	0.000514591901586592	0.975861383844318	0.1829182638793	-0.0228854132224772	1
14.375	6.75	0.000515743110123019	0.675754713163899	0.734385289431871	-0.0192140313801862	1
14.625	6.75	0.000517016626476188	0.772416125306776	0.643546365414274	-0.0222589818662027	1
14.875	6.75	0.000518396482732794	0.763745943935024	0.635402730626631	-0.0215073179423141	1
15.125	6.75	0.000519894924206853	0.699479535852265	0.711299462805196	-0.0198181681208086	1
15.375	6.75	0.000521541742492679	0.710258005470544	0.697075224410146	-0.0203224012847307	1
15.625	6.75	0.000523403216566693	0.715364977759507	0.694609313805385	-0.0179702936009326	1
15.875	6.75	0.000525512029937534	0.635319621066548	0.76964506061134	-0.0190163565921089	1
16.125	6.75	0.000527867275617503	0.751460226779337	0.659779618853814	-0.016845034921768	1
16.375	6.75	0.000530429861731671	0.606451902977663	0.799017685457987	-0.0189207256105986	1
16.625	6.75	0.000532969710710539	0.781264758520175	0.626027445698386	-0.0174245784598192	1
16.875	6.75	0.000535266832551976	0.668886675099017	0.752093680417848	-0.0192250701785188	1
17.125	6.75	0.00053683386151453	0.767719738059198	0.643498374947212	-0.0195247375932319	1
17.375	6.75	0.000537331211627701	0.795866632837804	-0.598214256600208	-0.0196608968201915	1
17.625	6.75	0.000536466014379002	0.800851892875337	-0.579698539157415	-0.0179785102283971	1
17.875	6.75	0.000532999547364605	0.736881292402993	-0.662394013374474	-0.0146851221225058	1
18.125	6.75	0.000525562227957327	0.72837935486145	-0.68448601330752	-0.0139652220352558	1
18.375	6.75	0.000513592831958806	0.649369200335836	-0.759302457825966	-0.0148749896766019	1
18.625	6.75	0.000498725845087788	0.685831953810152	-0.728817673115697	-0.0134327245056395	1
18.875	6.75	0.000485723232232151	0.578155503126904	-0.817805253687823	-0.0155366847052911	1
19.125	6.75	0.000482822276355023	0.617889596011539	-0.782067247544608	-0.0139807515331842	1
19.375	6.75	0.000500535923975343	0.537044532602127	-0.843299797978297	-0.0147292727895534	1
19.625	6.75	0.000549412167178691	0.459698493942991	-0.882503459321715	-0.0139746132883597	1
19.875	6.75	0.000638893256729695	0.505771386926213	-0.853815990860704	-0.0140544077472618	1
20.125	6.75	0.000776999632095538	0.560785565377145	-0.823499764079049	-0.0109230382970587	1
20.375	6.75	0.000947914987033273	0.665634784268144	-0.735823758129777	-0.0131065498200022	1
20.625	6.75	0.00111936931840351	0.829138326032907	0.542933203716471	-0.00918570885387506	1
20.875	6.75	0.0012358643567863	0.674783614818667	0.721388693509231	-0.00958292134476589	1
21.125	6.75	0.00118085619562479	0.931884059909948	0.342000153669111	-0.00520599310332007	1
21.375	6.75	0.000815748836346721	0.89282638762138	0.455778892743079	-0.00653426081144637	1
21.625	6.75	4.95966551998781e-05	0.870670115824293	0.501169034601551	-0.00664530857754411	1
21.875	6.75	-0.00095456215084691	0.788226220200483	0.610900277445531	-0.00858837788940207	1
22.125	6.75	-0.00167742956586519	0.872453135674428	0.48485009940463	-0.00497242733478793	1
22.375	6.75	-0.00130092135413829	0.65857090470744	-0.758193851942489	-0.00691717158474953	1
22.625	6.75	0.00078505599126086	0.658228376071	-0.764956165414834	-0.00580817031519679	1
22.875	6.75	0.00435256955552352	0.784687482617874	-0.619442959852015	-0.00975387299416635	1
23.125	6.75	0.00872464815964946	0.887643959280816	-0.418289130225421	-0.00754419642484251	1
23.375	6.75	0.01294030851616	0.973400892552101	-0.104624131102407	-0.00496028848480919	1
23.625	6.75	0.0168034124531077	0.885568977513536	-0.422201801549339	-0.00365442731411493	1
23.875	6.75	0.0207480321580995	0.899990129235261	-0.369395981132402	-0.00380005259593221	1
24.125	6.75	0.0244392390353887	0.956903188250452	-0.0624198795746881	-0.00087424653295226	1
24.375	6.75	0.0280030728854885	0.932622514304597	-0.23508213023531	0.00437835443876293	1
24.625	6.75	0.0302161225750199	0.959399107925051	-0.130079788884571	0.00382524682154232	1
24.875	6.75	0.0316116262221684	0.95960673848754	0.0263790722131082	0.00498126909161819	1
25.125	6.75	0.0331820546095528	0.954237081408179	-0.0198047396222964	0.00796318147829362	1
25.375	6.75	0.0350740321988649	0.950518699471298	-0.016235608592231	0.0110382408161033	1
25.625	6.75	0.0374651192777506	0.946000405339699	-0.0526116756616943	0.0149444678083597	1
25.875	6.75	0.0402893058976872	0.945385117921776	-0.0634762151537598	0.0183762387778932	1
26.125	6.75	0.0432175474866121	0.94595701347392	-0.071116615435246	0.020816058282636	1
26.375	6.75	0.0456142172234447	0.94739926238142	-0.0632616511285921	0.0221990039314714	1
26.625	6.75	0.0466908447339398	0.95148141118656	-0.0221321331918753	0.0229820805296439	1
26.875	6.75	0.0458584504467994	0.94447817554994	0.120055895062202	0.0227282813180164	1
27.125	6.75	0.0432262936722225	0.928580929284774	0.213632028891315	0.0239493475865446	1
27.375	6.75	0.0394577854994479	0.956386567472465	0.178015313213626	0.0245872671612849	1
27.625	6.75	0.0362541502770378	0.865715250719737	0.42038514024513	0.0177765862141817	1
27.875	6.75	0.0364131566240182	0.801594084649292	0.502968622407425	0.0260500050171372	1
28.125	6.75	0.0400342820015968	0.934294694369692	-0.1154243987269	0.0268719178435324	1
28.375	6.75	0.0452667932439789	0.934608607551945	-0.0465679151071904	0.035057858654881	1
28.625	6.75	0.0506943257489075	0.945593890076229	-0.0181951225557613	0.0360339399018711	1
28.875	6.75	0.0550750609060255	0.95894667585543	-0.0451667030599692	0.036555447552074	1
29.125	6.75	0.0569796025708776	0.965075333765206	-0.045394414957654	0.0282254285606675	1
29.375	6.75	0.0559174368710047	0.930529809685281	-0.187040235800266	0.0247356874962973	1
29.625	6.75	0.0516692331717943	0.937445423047444	-0.0307540555958734	0.0257768291278879	1
29.875	6.75	0.0453937719145431	0.943029842427983	0.0996502767831206	0.0297714573920693	1
30.125	6.75	0.0398059321289359	0.618183540932243	0.729090155623347	0.0285817205800364	1
30.375	6.75	0.0378476618946507	0.742386646326197	0.568306724607203	0.0341853146301808	1
30.625	6.75	0.0400677877441938	0.807006019927027	-0.510349226552257	0.0411711490186356	1
30.875	6.75	0.0444680418187729	0.869241935524937	-0.402064018422458	0.0377738688463127	1
31.125	6.75	0.0496663445350824	0.848708875162559	-0.432890257163004	0.0400710110360592	1
31.375	6.75	0.0543360922999345	0.89580009845486	-0.317792460103484	0.0370872554735681	1
31.625	6.75	0.0575611634319665	0.915299886169163	-0.216062532050297	0.0377516609103583	1
31.875	6.75	0.058700969130062	0.939136231905306	-0.0100128464048314	0.0385335711399932	1
32.125	6.75	0.0580591421012132	0.947448266448431	0.0299557446252265	0.0388627603916438	1
32.375	6.75	0.056753901771323	0.916812856015747	0.215735089025624	0.0354958680454999	1
32.625	6.75	0.0567622862019773	0.909136456614871	0.215392882449463	0.0388638102571816	1
32.875	6.75	0.0582496004261876	0.950110384203207	-0.0518653635083562	0.0390266949324806	1
33.125	6.75	0.0601247627056077	0.962602788370173	-0.0104176802195782	0.0343525064966626	1
33.375	6.75	0.0620633563040443	0.959606165301931	0.0262527410507449	0.0278795922495196	1
33.625	6.75	0.0639404384026956	0.953712424579691	0.0242846883187268	0.0235408088046894	1
33.875	6.75	0.0651784878135203	0.94828920872455	-0.0112443218498461	0.0192851133922582	1
34.125	6.75	0.0650535837531049	0.944569600226332	0.0569396349632416	0.0175204362295137	1
34.375	6.75	0.0632655477343584	0.935029603444411	0.173123702893243	0.0140493746939895	1
34.625	6.75	0.0603057652615733	0.935300143302534	0.205436153337205	0.0102333995448467	1
34.875	6.75	0.0566384890447472	0.942331845457676	0.207974740999261	0.00457632420106731	1
35.125	6.75	0.0525344233582532	0.943510201493212	0.216654542670909	-0.00128943454120121	1
35.375	6.75	0.0481061511043097	0.937765415500342	0.236442728211638	-0.00667040150640709	1
35.625	6.75	0.0434440737211406	0.923798315849506	0.272837510592703	-0.0103555055573501	1
35.875	6.75	0.0386523733378171	0.900357915561566	0.329797002374285	-0.0122949588741073	1
36.125	6.75	0.0338499932183261	0.885252310597254	0.371925050460083	-0.0124264549181508	1
36.375	6.75	0.0291261313838853	0.854114174494415	0.440451682485428	-0.0132579370569053	1
36.625	6.75	0.0246189927832796	0.873723216128434	0.405721815851142	-0.012030509074555	1
36.875	6.75	0.0204934407319589	0.855570343502433	0.455384071103159	-0.0113005422404448	1
37.125	6.75	0.0172383883393929	0.831563749497433	0.480642179716299	-0.0120567428131717	1
37.375	6.75	0.0154465137490739	0.875401301835267	0.482358575237935	-0.00507321709138494	1
0.125	7.25	0.000495105879011602	0.572653880069593	-0.817235345982448	-0.0293381366142584	1
0.375	7.25	0.000495152213927335	0.995468372845119	-0.0731825588166349	-0.029021518022257	1
0.625	7.25	0.000495191644644732	0.878705483556708	-0.469813349799934	-0.0286595404149217	1
0.875	7.25	0.000495231244134942	0.852102105896632	-0.523782805372648	-0.0278388005283413	1
1.125	7.25	0.000495267097048646	0.895473039024508	-0.447484539418652	-0.028891738744796	1
1.375	7.25	0.000495298956951659	0.877111714770749	-0.482751688020493	-0.0285044500656797	1
1.625	7.25	0.000495327948858082	0.883984347372231	-0.4654068940672	-0.0296159697948616	1
1.875	7.25	0.000495360136169015	0.876973418966348	-0.473349372258827	-0.0281052111048762	1
2.125	7.25	0.000495416957585304	0.847685478877588	-0.532483448225815	-0.0280767516584469	1
2.375	7.25	0.000495519600312004	0.796467054431168	-0.601249232813251	-0.0285789320835047	1
2.625	7.25	0.00049568449825693	0.89084517207471	0.43885670488688	-0.0269877217465245	1
2.875	7.25	0.000495883471067966	0.770334310175821	0.628248561256657	-0.0256732445032656	1
3.125	7.25	0.000496071398774992	0.997227800048786	-0.0474323310544555	-0.0246027833902766	1
3.375	7.25	0.000496243364215883	0.99130042028002	-0.191252149131629	-0.0250970496615066	1
3.625	7.25	0.000496394086261153	1.00822923398469	-0.0708068903413487	-0.0296248779224253	1
3.875	7.25	0.000496521738701566	0.996969080031339	-0.104304872766645	-0.0307287295423619	1
4.125	7.25	0.000496631943779174	0.987618806469286	-0.172437481631883	-0.0310926727251842	1
4.375	7.25	0.000496752581058089	0.985140674966991	-0.189099177971236	-0.0322634166872739	1
4.625	7.25	0.000496931033228476	0.975436743772088	-0.222116514207984	-0.0329215733558958	1
4.875	7.25	0.000497228246177772	0.988307513339694	-0.108455686175116	-0.0327371041894053	1
5.125	7.25	0.000497667807279283	0.654991963313922	0.747476141378507	-0.0303076189398852	1
5.375	7.25	0.000498232841589608	0.779457476936371	0.636880935236242	-0.0308835158302452	1
5.625	7.25	0.00049898241391431	0.820354076274407	0.563912618718903	-0.0329283931372242	1
5.875	7.25	0.000499964275869027	0.716314814749752	0.700223464514541	-0.0295411267671488	1
6.125	7.25	0.000501232530018111	0.758265675442934	0.648727972497114	-0.0334149346856384	1
6.375	7.25	0.000502766874376175	0.813673284955026	0.578246803284452	-0.0292853765698008	1
6.625	7.25	0.000504459480384708	0.568951956373506	0.817097520984963	-0.0327498475967228	1
6.875	7.25	0.000506018933704966	0.9240590255111	0.377861252926399	-0.0280960396631284	1
7.125	7.25	0.000507169948013747	0.343044203482995	0.934498518340624	-0.0322751750200686	1
7.375	7.25	0.000507547083419972	0.980839719230019	0.0630054490327359	-0.0267897837021411	1
7.625	7.25	0.000507378699762307	0.770372010728196	-0.642283457831389	-0.0239682430271612	1
7.875	7.25	0.000507063538723364	0.88306868968375	-0.492783595571288	-0.0282529196023464	1
8.125	7.25	0.000506696897782819	0.791550792210153	-0.620829108968704	-0.0291007232264813	1
8.375	7.25	0.000506379884729427	0.821340676903528	-0.579847190971697	-0.0308178144540107	1
8.625	7.25	0.000506120823907623	0.801186861988362	-0.600172625839258	-0.0314404339964793	1
8.875	7.25	0.000505929798735808	0.82127624025178	-0.567850386557312	-0.0313895795035673	1
9.125	7.25	0.000505784948514684	0.835280320845378	-0.544738808337807	-0.0309557209075287	1
9.375	7.25	0.000505674071756099	0.846486910233252	-0.522578174363774	-0.0304660788352575	1
9.625	7.25	0.000505595243156625	0.882509745149404	-0.459838644984582	-0.0288507071029374	1
9.875	7.25	0.0005055583901711	0.887698584144219	-0.468246241493702	-0.0286715811170881	1
10.125	7.25	0.000505603808197353	0.806356903406316	-0.588608878145407	-0.0308032834807712	1
10.375	7.25	0.000505773515450407	0.922211453806684	-0.362312519858092	-0.0279333317752267	1
10.625	7.25	0.000506049194751655	0.995189538347949	-0.0542677592132673	-0.0267042875395472	1
10.875	7.25	0.00050639081454839	0.999260755324204	-0.0244907068094505	-0.0265401631077155	1
11.125	7.25	0.00050677328940325	1.00060403669248	-0.0107167381551031	-0.026753304492975	1
11.375	7.25	0.000507186805877142	1.00106035407604	0.00399360190353492	-0.0271391495131723	1
11.625	7.25	0.000507624716082083	1.00066225432387	0.0184301815743895	-0.0275559688715265	1
11.875	7.25	0.000508077674015638	0.999236160818085	0.0312256805201771	-0.0278231004675211	1
12.125	7.25	0.000508531545962092	0.997139808845447	0.0376906696029412	-0.027684849512411	1
12.375	7.25	0.000508967495609914	0.99539156420892	0.0344878500084955	-0.0270172577537439	1
12.625	7.25	0.000509368550548906	0.994725869698726	0.0222784135603259	-0.025950966742431	1
12.875	7.25	0.000509734202865631	0.994960406123834	0.00661211404588506	-0.0247776611775358	1
13.125	7.25	0.000510096092028839	0.996632696940847	-0.00382563394043817	-0.0237130471428916	1
13.375	7.25	0.000510522392090001	0.996728306435777	-0.026696891874039	-0.0233669573757966	1
13.625	7.25	0.000511112842979118	0.998696950654328	-0.0116100498103907	-0.0225240711869849	1
13.875	7.25	0.000511938768583478	0.996722141115243	0.0172347341056409	-0.023034870152715	1
14.125	7.25	0.000512963405294632	0.704284020164378	0.70125271296226	-0.0212356588602305	1
14.375	7.25	0.000514093762159862	0.693597877246986	0.722831774839274	-0.0207441050176877	1
14.625	7.25	0.000515291525802675	0.759904621862851	0.640884710707803	-0.0217289639344834	1
14.875	7.25	0.00051654600368047	0.674261243793422	0.731531883864618	-0.0185424895753092	1
15.125	7.25	0.000517863417022519	0.702474256391446	0.71084351410257	-0.0193347498989951	1
15.375	7.25	0.00051927877557553	0.679348252472371	0.728854350514856	-0.0183494688357018	1
15.625	7.25	0.000520833487465838	0.703645118379653	0.714387290071745	-0.0175082556609585	1
15.875	7.25	0.000522562226277514	0.640167639621787	0.76890726886478	-0.0193808122734949	1
16.125	7.25	0.000524501952705023	0.771463732372692	0.643392105708445	-0.0171240726713591	1
16.375	7.25	0.000526647203433616	0.582303554586285	0.817398403232942	-0.0214075002358486	1
16.625	7.25	0.000528880261276457	0.845841284177596	0.535748323122732	-0.0177809806227559	1
16.875	7.25	0.000531083306588936	0.570734095002175	0.827254345465609	-0.0220869029969652	1
17.125	7.25	0.000532825853655514	0.840090534180068	0.531960799008076	-0.0192631068637839	1
17.375	7.25	0.000533762975068453	0.691319316625514	-0.721890624784422	-0.0195381292105354	1
17.625	7.25	0.000533268664693022	0.785448402639722	-0.614098050238904	-0.0193814450309643	1
17.875	7.25	0.00052960834278187	0.688092563761317	-0.711388247677265	-0.0186741558698563	1
18.125	7.25	0.000520982297588103	0.770103942799253	-0.622055445096484	-0.0151720819938184	1
18.375	7.25	0.000506871848580846	0.661857734453277	-0.745967310545858	-0.0143272712931565	1
18.625	7.25	0.000490072756739514	0.709649774434068	-0.705071912191152	-0.0138639074451304	1
18.875	7.25	0.00047815087897134	0.696289551804957	-0.725290075229916	-0.0142111769094979	1
19.125	7.25	0.000484045714194401	0.711208724531441	-0.709443171067042	-0.0156428200058234	1
19.375	7.25	0.000524447251816459	0.790687754486808	-0.618540016157612	-0.0157555870693877	1
19.625	7.25	0.00061609634657588	0.771280461662102	-0.643950121365215	-0.0169611239931155	1
19.875	7.25	0.000769837213987353	0.845498026051337	0.523194818503155	-0.0177611440210922	1
20.125	7.25	0.000984309138213559	0.873344566757016	-0.462101600155325	-0.0143866815007247	1
20.375	7.25	0.00121193234013714	0.906494213185518	-0.405004644113351	-0.0114496987621613	1
20.625	7.25	0.00136255190951617	0.974157265696254	-0.22804905994288	-0.0115784807517043	1
20.875	7.25	0.0012956552071837	0.832131739029826	-0.551511860660596	-0.0126278954572598	1
21.125	7.25	0.000808258640478465	0.925573639403821	-0.348432939123684	-0.0110622866120245	1
21.375	7.25	-0.000254829126276557	0.704003544523343	0.702509694194469	-0.00748656780605995	1
21.625	7.25	-0.00184622050905915	0.758173115700833	0.643072089831521	-0.00830547514377745	1
21.875	7.25	-0.00329479047192296	0.744113119313732	0.66172347805305	-0.00345931020560226	1
22.125	7.25	-0.00321275675740191	0.612136435166876	0.791590504835971	-0.00504965555603791	1
22.375	7.25	0.000239297802439565	0.980763893287292	0.0566932680784536	-0.00191928592959615	1
22.625	7.25	0.00797231715798121	0.557064347905813	-0.823704587680563	0.00362518247678543	1
22.875	7.25	0.0189473332039662	0.876700653154685	-0.473458015687076	-0.00162333803715325	1
23.125	7.25	0.0313061124367413	0.526127274145273	-0.819593655961427	-0.00349769051578955	1
23.375	7.25	0.0425776574627522	0.846011006885779	-0.411164740849511	-0.00192084408929654	1
23.625	7.25	0.0521203374353498	0.763032793901047	0.553484729728076	0.00446210909977083	1
23.875	7.25	0.0603491959716431	0.93501219202545	0.17809428275198	0.00101658337794573	1
24.125	7.25	0.0662425875052266	0.905665303419429	0.228092733139326	-0.0014123581521368	1
24.375	7.25	0.0708258456293478	0.880935753450988	-0.238800105657475	0.000907773166737893	1
24.625	7.25	0.0725293846421897	0.916083514370533	0.0848975539477959	0.00598978120392118	1
24.875	7.25	0.0725954069131816	0.904161520158419	0.192298116549025	0.0045901437749101	1
25.125	7.25	0.0730956117055389	0.913674336763436	0.0116271145797435	0.00744386272596226	1
25.375	7.25	0.0743025367921031	0.911401636534402	0.00882905369283432	0.0110349670098139	1
25.625	7.25	0.0764263038021078	0.910814271329065	-0.0238343918360841	0.014423280564763	1
25.875	7.25	0.0791586038025746	0.909769697758541	-0.0527625803498457	0.017071118640965	1
26.125	7.25	0.0817908824560313	0.909439036383519	-0.0738050596889477	0.018971988407964	1
26.375	7.25	0.0832311009922837	0.9135699418484	-0.0799949079173636	0.0197071221663397	1
26.625	7.25	0.0823190373905939	0.923798848760184	-0.0904032712919254	0.0185620274492851	1
26.875	7.25	0.0784690756275915	0.92877507357351	-0.0395277129226722	0.0142330425659388	1
27.125	7.25	0.0726534887218402	0.916971565119085	-0.160993001555689	0.0142236381215153	1
27.375	7.25	0.066658500450833	0.929868138301669	-0.14397182290959	0.0122722896238042	1
27.625	7.25	0.0636681333163226	0.613640946442994	0.680628674337978	0.0102821779800976	1
27.875	7.25	0.0665690285025237	0.90606409876295	-0.0391299259883563	0.0216719293241265	1
28.125	7.25	0.0734309531052428	0.806223360758416	-0.444764969594491	0.0235395885802857	1
28.375	7.25	0.0815800011656075	0.754085701918578	-0.513427894046098	0.0246206417133112	1
28.625	7.25	0.0884788471779657	0.836307750422981	-0.340205557942941	0.0267798889303589	1
28.875	7.25	0.0922922070895191	0.781265905339467	-0.461696904590182	0.0282517965794313	1
29.125	7.25	0.0910034652764481	0.895486846195891	0.0607088301716059	0.0275467292857891	1
29.375	7.25	0.084783705377168	0.89161689753581	0.198426880052158	0.0338875756571627	1
29.625	7.25	0.0745853884693445	0.91602425556232	0.0816093409884181	0.0283642971619577	1
29.875	7.25	0.0641174368102828	0.676307983799739	0.633992566118369	0.0365148477920124	1
30.125	7.25	0.0580567287023247	0.419509194513679	0.827868736108974	0.0328038643572018	1
30.375	7.25	0.058973588854872	0.799165260739227	0.454060369535138	0.0436380302914075	1
30.625	7.25	0.0655931414722448	0.862956866804231	-0.339851316675404	0.0436578393245012	1
30.875	7.25	0.0747967341454648	0.894019777102243	-0.179871344394728	0.0481845824491927	1
31.125	7.25	0.0847164182561473	0.881686940070638	-0.2545115268316	0.0509007394872139	1
31.375	7.25	0.093025980776566	0.906297153381082	-0.128028705850653	0.0480419636616828	1
31.625	7.25	0.0983155749560937	0.902826535794203	-0.160063133847323	0.0471204476823029	1
31.875	7.25	0.0996086931633788	0.897214351557613	-0.160848652214121	0.0409388184791046	1
32.125	7.25	0.0979210555580191	0.900164217132519	-0.0864651513185185	0.0421767590934363	1
32.375	7.25	0.0954115288186361	0.8622424684094	0.239597063212786	0.0404022358632541	1
32.625	7.25	0.0956330046845321	0.893460367616041	-0.0588834917316818	0.0467966791018505	1
32.875	7.25	0.0981228729377583	0.861141426904416	-0.345714069407568	0.0456374694819658	1
33.125	7.25	0.100793353940872	0.89299248257518	-0.278690187728647	0.0351647985555887	1
33.375	7.25	0.103199618913321	0.903711633425535	-0.180795562237622	0.0286211260274248	1
33.625	7.25	0.105400348399488	0.882761553095322	-0.239258093846524	0.0238709043247963	1
33.875	7.25	0.106583481725872	0.893245185461163	-0.199077677389398	0.0206779788961853	1
34.125	7.25	0.10566729062063	0.888798813904569	-0.233729395233955	0.0149436975392355	1
34.375	7.25	0.102210202408726	0.90709776668899	-0.0404264929937342	0.0111225195744353	1
34.625	7.25	0.0970100795177004	0.90403501492223	0.0777754046275811	0.0114981801259868	1
34.875	7.25	0.0905717116956537	0.90485568722824	0.16921368048696	0.00959979907325073	1
35.125	7.25	0.083266190240203	0.907088409913715	0.204415417674753	0.00568052850552648	1
35.375	7.25	0.0753556958658095	0.898298100839765	0.253991724409895	0.00213475324836153	1
35.625	7.25	0.0671152538061436	0.886700903134432	0.301477296436736	-0.000478777819881847	1
35.875	7.25	0.0588148324035268	0.870378926996015	0.354559318270756	-0.00221140389395494	1
36.125	7.25	0.0506883558532987	0.864116578436983	0.385457784061335	-0.00298726084334214	1
36.375	7.25	0.0428920764090616	0.836346617464826	0.447139175031426	-0.00405861743222008	1
36.625	7.25	0.0356379250557526	0.868065503977179	0.391440308528479	-0.0025523533607897	1
36.875	7.25	0.0292309467622418	0.825194774406421	0.487638103810888	-0.00148215868173189	1
37.125	7.25	0.0244379310420301	0.790862658043776	0.519269965598152	-0.00171667965625573	1
37.375	7.25	0.0219358326401129	0.906406722152062	0.408861768171035	0.00826793180252487	1
0.125	7.75	0.000494612010147481	0.704865808195745	-0.701879935010192	-0.0320640627612676	1
0.375	7.75	0.000494645136507106	0.811804974519852	-0.575198292471772	-0.0302134371328739	1
0.625	7.75	0.000494684992324569	0.985690204529856	-0.14117668093387	-0.030177408902431	1
0.875	7.75	0.000494719539725077	0.877816532525953	-0.471335356442179	-0.0283757200019013	1
1.125	7.75	0.0004947554840362	0.877163428887586	-0.484630715205684	-0.0288702058708911	1
1.375	7.75	0.000494788008596382	0.869445319152591	-0.50089237456411	-0.0294909273992127	1
1.625	7.75	0.000494824876717496	0.869736504564833	-0.500131238366537	-0.0307797691399827	1
1.875	7.75	0.000494872033913054	0.892055967465832	-0.452447449673995	-0.031310408286286	1
2.125	7.75	0.000494945947955492	0.88060162930148	-0.473737524108378	-0.031387201097025	1
2.375	7.75	0.00049505390787383	0.839485086260068	-0.537381138668369	-0.0317656032272705	1
2.625	7.75	0.000495208709984653	0.830410950030438	-0.551378844720973	-0.0303015424711691	1
2.875	7.75	0.000495383777296274	0.970969191572154	-0.235951800804907	-0.0308214412518604	1
3.125	7.75	0.00049554525226308	0.995098851816556	0.0803671382066115	-0.0302077747193466	1
3.375	7.75	0.000495680179130275	0.99264295732932	0.10695677156648	-0.0302427518907291	1
3.625	7.75	0.000495791565115089	0.988563998627185	-0.150042034883913	-0.0296214094798357	1
3.875	7.75	0.000495895551066039	0.98978883025337	-0.162683526167582	-0.0304232490580608	1
4.125	7.75	0.00049600823321412	0.989783886060306	-0.153504300630313	-0.0314322578635285	1
4.375	7.75	0.000496156811064197	0.987156741732903	-0.164665495643617	-0.0315048610535803	1
4.625	7.75	0.000496380547466443	0.983312039230679	-0.192619717324159	-0.0320871137798045	1
4.875	7.75	0.000496704290355088	0.904720421596488	0.409521805025618	-0.0327865884424951	1
5.125	7.75	0.0004971081345584	0.585205415424531	0.811516431553766	-0.0291960698082828	1
5.375	7.75	0.000497603492733377	0.900071698500098	0.440664163270816	-0.0330153135287903	1
5.625	7.75	0.000498237703276493	0.666058767553599	0.737703591230782	-0.0304772520271106	1
5.875	7.75	0.000499054262283964	0.764441363254684	0.646943627178475	-0.0312356044997303	1
6.125	7.75	0.000500097896813277	0.72746980202602	0.67539520607938	-0.0309692767719896	1
6.375	7.75	0.000501342044356384	0.718179786573516	0.693986038819515	-0.0291317264935037	1
6.625	7.75	0.000502678803114117	0.652850731843003	0.75033954278552	-0.0300393391608703	1
6.875	7.75	0.000503884818499902	0.776247871953256	0.628089594556438	-0.0280082323902119	1
7.125	7.75	0.000504715323144138	0.470374715820379	0.877710657500845	-0.0289830205073609	1
7.375	7.75	0.000504984425450865	0.86515870535243	-0.486325230585009	-0.0273878614747185	1
7.625	7.75	0.000504938177938132	0.80962269986965	-0.577576305964955	-0.0255429771297763	1
7.875	7.75	0.00050480528444964	0.873097655931792	-0.491656119761911	-0.0256412781451705	1
8.125	7.75	0.000504635419574981	0.835993807821368	-0.558999370103153	-0.0266179097717155	1
8.375	7.75	0.000504483512341064	0.83598882890013	-0.562217964925653	-0.0283123902583622	1
8.625	7.75	0.00050436192052664	0.818505393452881	-0.584451860315199	-0.0298996566851582	1
8.875	7.75	0.000504279194896953	0.816010465833046	-0.583065244752161	-0.0308455146603409	1
9.125	7.75	0.000504229591783649	0.821018692827223	-0.571552728970096	-0.0311768770547775	1
9.375	7.75	0.000504203384013128	0.830434283277883	-0.553895384083026	-0.0311825664557914	1
9.625	7.75	0.000504196094994264	0.84206944893277	-0.528694098030522	-0.0305465998990679	1
9.875	7.75	0.000504213354308973	0.891237393920547	-0.448198622109015	-0.0288762001844989	1
10.125	7.75	0.000504266417525871	0.849888871549655	-0.531252475152132	-0.0299238366936743	1
10.375	7.75	0.000504395517646066	0.833490255314647	-0.539976003330888	-0.0299973157221371	1
10.625	7.75	0.000504620308090814	0.975236341394117	-0.184999102051236	-0.0270483252742333	1
10.875	7.75	0.000504921706440543	0.998517517954643	-0.0300380046861415	-0.0266557950753602	1
11.125	7.75	0.000505273139897336	1.00046665130041	-0.0120868729475474	-0.0268004759860984	1
11.375	7.75	0.000505659181860137	1.00114558861949	0.00355736485744118	-0.0271941009830658	1
11.625	7.75	0.000506069478496315	1.00080681789506	0.0193808119180839	-0.0276446373635464	1
11.875	7.75	0.000506491246737284	0.999171217918873	0.034085637136636	-0.0279589562437419	1
12.125	7.75	0.000506908512441233	0.996698413602134	0.0409359281168789	-0.0277873345938996	1
12.375	7.75	0.000507304387262419	0.994803998461312	0.0360535978800976	-0.0269969523011489	1
12.625	7.75	0.000507671591702124	0.994404598260867	0.0221970137085749	-0.0257892104920093	1
12.875	7.75	0.000508028640687635	0.995569701742424	0.00584661946939645	-0.0245958911105267	1
13.125	7.75	0.000508432331690798	0.995353755539063	-0.0184786118549606	-0.0238517233258815	1
13.375	7.75	0.000508970421704134	0.9981834763718	0.0035251575586672	-0.0226263209153716	1
13.625	7.75	0.000509720160312789	0.997258950680077	-0.0415913383217024	-0.0232292184414261	1
13.875	7.75	0.000510661341767706	0.786147860562633	0.60246054973353	-0.0219659517297552	1
14.125	7.75	0.000511699861587031	0.62743629024542	0.777807015804446	-0.0193535769760291	1
14.375	7.75	0.000512798534933481	0.794906243422674	0.603743801436264	-0.0212664960817356	1
14.625	7.75	0.000513924217815914	0.665446920050066	0.741344280148998	-0.01898520238848	1
14.875	7.75	0.000515068501435852	0.730901675122018	0.685491010909727	-0.0191760131053137	1
15.125	7.75	0.000516245292445193	0.6846908046827	0.729938345486668	-0.0199170179222347	1
15.375	7.75	0.000517468156315774	0.724926456080375	0.690817582074541	-0.0190463479831471	1
15.625	7.75	0.000518770228253368	0.693507931356524	0.726960015546741	-0.0203862988449108	1
15.875	7.75	0.000520188458744611	0.711624916765922	0.701470393227889	-0.0206107215490419	1
16.125	7.75	0.000521776666213026	0.751189681230893	0.667694095279657	-0.0199068525515334	1
16.375	7.75	0.000523553847892337	0.631787371257684	0.771562388350297	-0.022754459029471	1
16.625	7.75	0.000525506767828593	0.854282583014641	0.523218117710966	-0.0185136104905287	1
16.875	7.75	0.000527579245620859	0.502415106931006	0.863790175562807	-0.0238516310530887	1
17.125	7.75	0.000529478032226943	0.927866448934155	0.347757957053436	-0.0177904764187483	1
17.375	7.75	0.000530924376692478	0.881085188559295	-0.480102916216511	-0.0196446906669052	1
17.625	7.75	0.000530872478493359	0.814097906038348	-0.582814372790031	-0.0195523638583765	1
17.875	7.75	0.000527156763267098	0.799967436887843	-0.59436283244382	-0.0204689745365422	1
18.125	7.75	0.000517533233318507	0.730433586275158	-0.665195546364666	-0.01863998609835	1
18.375	7.75	0.000501605375907171	0.758799774161621	-0.625973464936318	-0.0157788893452883	1
18.625	7.75	0.000483739585919069	0.60413575399404	-0.779760939591343	-0.012144590671661	1
18.875	7.75	0.000475708274224504	0.564889870149804	-0.816836440295198	-0.0108642354028883	1
19.125	7.75	0.000497014375317907	0.379563179623547	-0.927343040808622	-0.010032996589346	1
19.375	7.75	0.000571116579243423	0.29231726600732	-0.961099590786996	-0.0111135667560799	1
19.625	7.75	0.000717222566801677	0.25501140473416	-0.975871231315129	-0.0103481148258973	1
19.875	7.75	0.000936828086108811	0.0960294705221919	-1.00999660496924	-0.012646237950199	1
20.125	7.75	0.00120091523891822	0.370761780857006	-0.942891946711772	-0.011300223936153	1
20.375	7.75	0.00141431882709993	0.175644281184038	-0.991291566528644	-0.0150837619475515	1
20.625	7.75	0.00141563042515035	0.696901842596062	0.693322328475469	-0.0105845409743015	1
20.875	7.75	0.000973570786062986	0.484624148351602	0.861211322949414	-0.008854140008602	1
21.125	7.75	-0.00017182235418946	0.739272378379569	0.657246935822807	-0.00698559901243158	1
21.375	7.75	-0.00210992027173845	0.666927213601026	0.739498010282315	-0.00357597159160464	1
21.625	7.75	-0.00443560588092276	0.853241191672836	0.533558087981476	-0.00369760525646557	1
21.875	7.75	-0.0055990953557961	0.625640578009195	0.788781613091302	-0.0044215449083001	1
22.125	7.75	-0.00273773903897808	1.00283972610355	0.0701576917989199	-0.00378674704936659	1
22.375	7.75	0.00748760799049684	0.75916958493675	-0.635248385816186	-0.00575961175545552	1
22.625	7.75	0.0262306596954386	0.649012685366142	-0.718657810691196	-0.00298648167086502	1
22.875	7.75	0.0505501135473043	0.779510429485263	-0.537648611803006	-0.00362415470021951	1
23.125	7.75	0.0764430726207007	0.857542678383181	-0.381715125627479	-0.00216327730313397	1
23.375	7.75	0.0992830835049626	0.702011590609495	-0.564201267071354	-0.0107571546715865	1
23.625	7.75	0.117754345172265	0.438230752304587	-0.756877499024471	-0.00250115585574167	1
23.875	7.75	0.130817111457922	0.53477565025046	-0.68072239685706	-0.00776003921358613	1
24.125	7.75	0.136108838543843	0.850884917530076	0.0652886361847945	-0.00169365324915971	1
24.375	7.75	0.136689526902948	0.823808467632456	-0.228398028591437	-0.00271069233716319	1
24.625	7.75	0.13371108606939	0.804279397834501	-0.273954896257628	0.00205214451189046	1
24.875	7.75	0.129615573527107	0.859190672716272	0.0874227690676066	0.00440456068068133	1
25.125	7.75	0.12726081109155	0.861799884368256	-0.0512581887720379	0.00528656546425343	1
25.375	7.75	0.126845778203045	0.856509782699775	-0.0208133156195617	0.00887676002491036	1
25.625	7.75	0.12805229325502	0.853735989676123	-0.0533569616631329	0.0132838019560533	1
25.875	7.75	0.129890775792269	0.855382089092092	-0.0539248510882016	0.0169079251819843	1
26.125	7.75	0.131149712459824	0.856335801019119	-0.066984602051149	0.0195448996357891	1
26.375	7.75	0.130489298999412	0.856542519749799	-0.0710417879973018	0.0215681697640732	1
26.625	7.75	0.126786347172035	0.870185933516857	-0.0470110369832623	0.0242343152452341	1
26.875	7.75	0.119870729560627	0.838875653759148	0.25712000934397	0.0221488617360655	1
27.125	7.75	0.112192627946996	0.839626929075946	0.263290762046092	0.0262336450637448	1
27.375	7.75	0.107855333049274	0.301777660707397	0.83951545816753	0.0258874404489375	1
27.625	7.75	0.109813146937922	0.524690289426644	0.703733535814155	0.0289380747462056	1
27.875	7.75	0.116466133425264	0.887896245790093	0.0493204558003338	0.0291019144199508	1
28.125	7.75	0.124590229309224	0.832748988378366	0.236786072916799	0.026160246432471	1
28.375	7.75	0.132589295701484	0.855345577109079	-0.0133355869692558	0.0340830375893696	1
28.625	7.75	0.137078046559401	0.852807202567284	-0.016618327780379	0.032034076269389	1
28.875	7.75	0.136337614309939	0.859182231482637	-0.129716378595681	0.0389662650154111	1
29.125	7.75	0.128330312966822	0.886056559504471	-0.147771971959948	0.029270082013148	1
29.375	7.75	0.115068314313736	0.743258195786998	-0.473887700889176	0.0257799287286367	1
29.625	7.75	0.100098583873989	0.647037641801456	0.60526480284687	0.0325644390843813	1
29.875	7.75	0.089676370742322	0.308803239791646	0.852132636455319	0.0343193282477839	1
30.125	7.75	0.0881256464044505	0.575987617665125	0.695765511623089	0.0390534445417098	1
30.375	7.75	0.0955346078794276	0.732547124766641	-0.512328972512849	0.0415035408013202	1
30.625	7.75	0.10946352123086	0.640807583917605	-0.618011603656556	0.0448535968311233	1
30.875	7.75	0.125617780000396	0.703072501060349	-0.5109508517232	0.0425107551515903	1
31.125	7.75	0.141721525505933	0.652481848869259	-0.557452230601049	0.0474853926210538	1
31.375	7.75	0.154195093049436	0.770280431246368	-0.361250166457844	0.0431022948885772	1
31.625	7.75	0.16134653124779	0.772364181996732	-0.325630801966908	0.0444203306087919	1
31.875	7.75	0.162109509034706	0.830567868052085	0.0889130749929891	0.0444716530666827	1
32.125	7.75	0.158673621489602	0.849018169175789	0.0130442638675384	0.0459047573371827	1
32.375	7.75	0.154714924821387	0.774650041832126	0.315584814090651	0.0410998838113951	1
32.625	7.75	0.155695170820508	0.818485394405867	0.139917925851731	0.0494133104266921	1
32.875	7.75	0.159484855652261	0.845735263840052	-0.123990610445558	0.0482555750741414	1
33.125	7.75	0.162971094976927	0.867586988155196	-0.00699356932121293	0.0435556051330382	1
33.375	7.75	0.165615999278786	0.854444567682688	0.0526316175648612	0.0340728524693305	1
33.625	7.75	0.168044953142066	0.8412328805896	0.0936148891756182	0.0335332816304135	1
33.875	7.75	0.168914768061058	0.840054863980148	-0.041627191786077	0.0275657352591418	1
34.125	7.75	0.166972845276529	0.829706968837997	0.105318524571147	0.0306572590259303	1
34.375	7.75	0.161510368908759	0.8093247330322	0.245308623112245	0.0267745834979164	1
34.625	7.75	0.153688801221957	0.824119138648609	0.230088685647986	0.0265156760271385	1
34.875	7.75	0.143582216339013	0.846538355243542	0.213522675536379	0.0215937770414587	1
35.125	7.75	0.131760086374008	0.845826373606306	0.252295074888408	0.0178104345118153	1
35.375	7.75	0.118687569453962	0.845800690011791	0.287836137968332	0.0135706515851897	1
35.625	7.75	0.104923734367712	0.838649048145888	0.333872495130016	0.0104306566917737	1
35.875	7.75	0.0909967320252114	0.827096230272219	0.385002757664536	0.00796391226442871	1
36.125	7.75	0.0773760553361033	0.817011307141071	0.428652051584512	0.00643957879967974	1
36.375	7.75	0.0644248775565356	0.806170142734141	0.459188437561135	0.00522096146174114	1
36.625	7.75	0.0526671360056301	0.832898020979834	0.422782362246298	0.00722644223872553	1
36.875	7.75	0.0428544873392548	0.75389131481925	0.562513223874979	0.00878669398431089	1
37.125	7.75	0.036087764113356	0.777018740296761	0.497945802657611	0.0102662811114363	1
37.375	7.75	0.0328076710970008	0.922663563079288	0.339481990647918	0.0242018934650476	1
0.125	8.25	0.000494089780674826	0.77562927101185	-0.625512928656672	-0.0324775619373523	1
0.375	8.25	0.000494119114666513	0.740790251483172	-0.660666837206058	-0.0316239789109119	1
0.625	8.25	0.00049415697386125	0.820699881862088	-0.561630704168578	-0.0295088043640516	1
0.875	8.25	0.000494203112082851	0.938057811529939	-0.331717224988142	-0.0295905436058403	1
1.125	8.25	0.000494241013151699	0.905144864650478	-0.412222944958955	-0.0274745801407746	1
1.375	8.25	0.000494275612714687	0.888049744698802	-0.463239561443344	-0.0271899697953186	1
1.625	8.25	0.000494310227510883	0.875074460091039	-0.491369616684628	-0.0282499423699967	1
1.875	8.25	0.000494351502378689	0.882708785518447	-0.472313054861401	-0.0287085966095732	1
2.125	8.25	0.000494419556943011	0.912975120364841	-0.41549078107	-0.028687397713043	1
2.375	8.25	0.000494515238097791	0.888889138986057	-0.459818868222694	-0.0302478400959563	1
2.625	8.25	0.000494644702591736	0.976594443580708	0.168024170988073	-0.0289434258878475	1
2.875	8.25	0.00049478543775757	0.923075569198099	0.358589817909251	-0.0260281274893427	1
3.125	8.25	0.000494918030481735	0.996809814858574	-0.0585630035912177	-0.024468636821366	1
3.375	8.25	0.000495044352599483	1.00164209372283	-0.12494455804953	-0.0255210740014769	1
3.625	8.25	0.000495160644911625	1.00669083168447	-0.0775603060562445	-0.0294092595323488	1
3.875	8.25	0.000495278205067918	0.996941658691519	-0.108584178825337	-0.0306281939421218	1
4.125	8.25	0.00049541850261468	0.990581586399604	-0.153991993819109	-0.0310880916850815	1
4.375	8.25	0.000495614241433777	0.985168977181622	-0.189150339799426	-0.0321289074069014	1
4.625	8.25	0.000495893493538383	0.991957832625419	-0.0796282241933611	-0.0329253809570023	1
4.875	8.25	0.000496242647857209	0.641914007207532	0.758785931334576	-0.0299615246208656	1
5.125	8.25	0.000496644009624602	0.765484322913956	0.649993444120626	-0.0311780549013593	1
5.375	8.25	0.000497112441076147	0.810330524023815	0.573485696902984	-0.0317070044352617	1
5.625	8.25	0.000497687460159961	0.624356731959799	0.77981833411316	-0.0286259035539188	1
5.875	8.25	0.000498402169380732	0.8003342039978	0.595703451084836	-0.0312618556340565	1
6.125	8.25	0.000499285971285701	0.641357340659727	0.761469962951343	-0.0280757394642594	1
6.375	8.25	0.000500309803253934	0.728674083438677	0.685896300130707	-0.0297217912960244	1
6.625	8.25	0.000501374941862344	0.663255920577803	0.74412791924364	-0.02842707665674	1
6.875	8.25	0.000502313081137365	0.720322855676469	0.695605742935825	-0.028808505410814	1
7.125	8.25	0.000502921300814976	0.626217685178402	0.778896869799348	-0.0288327038898117	1
7.375	8.25	0.000503126817332584	0.78192381261986	-0.617402486446497	-0.0290339382293143	1
7.625	8.25	0.00050315378845388	0.737023402477254	-0.667068424855101	-0.0274670449860151	1
7.875	8.25	0.000503124527507337	0.830313806414318	-0.549247620057501	-0.0268917253333641	1
8.125	8.25	0.000503082083948616	0.831764852107787	-0.551249318222023	-0.0258970011609313	1
8.375	8.25	0.000503042011392165	0.843421353563374	-0.544118800171394	-0.0262759935312834	1
8.625	8.25	0.000503012870421332	0.837232360294089	-0.557840493307593	-0.0277334182196612	1
8.875	8.25	0.000502999533919246	0.828092293089284	-0.571189371304516	-0.0290903546015811	1
9.125	8.25	0.000503001101176013	0.822444639518083	-0.575911669432218	-0.0303590419088902	1
9.375	8.25	0.000503016443410582	0.827622383650726	-0.564644191574577	-0.0309074943032679	1
9.625	8.25	0.000503038769276356	0.824274725834895	-0.563453743079399	-0.0313084419634871	1
9.875	8.25	0.000503076573280769	0.851086910520491	-0.514571724348402	-0.030299596430775	1
10.125	8.25	0.000503134488604707	0.884718306676548	-0.467007988364381	-0.0291815999043823	1
10.375	8.25	0.000503232913799378	0.811812311154183	-0.580324172873507	-0.0308907261629062	1
10.625	8.25	0.000503407782645634	0.899310563752245	-0.415026362955857	-0.0282903670252596	1
10.875	8.25	0.000503662114286062	0.994346245583638	-0.0675775484760703	-0.0267858400128579	1
11.125	8.25	0.000503978950973553	1.00022233978397	-0.0157200103252678	-0.0268891811850907	1
11.375	8.25	0.000504335688734712	1.00098285454892	0.0034095303071562	-0.0272267285830058	1
11.625	8.25	0.000504716367178154	1.00072226222195	0.0220773444023384	-0.0276518823997692	1
11.875	8.25	0.000505104225653624	0.998810520918982	0.0408404117595336	-0.0279771503486759	1
12.125	8.25	0.000505483109251357	0.995983866435461	0.0483564333852845	-0.0277391772718461	1
12.375	8.25	0.000505842075426015	0.994383048366177	0.0405323125809637	-0.0268230310533111	1
12.625	8.25	0.00050618880748771	0.99461604460023	0.0207057971202507	-0.0256152581352973	1
12.875	8.25	0.000506567542270608	0.994878766621344	-0.00109691417624887	-0.0245103896447942	1
13.125	8.25	0.000507055047545255	0.997863882251431	0.0067504742539239	-0.0233230932602691	1
13.375	8.25	0.000507733175232265	0.995907941959398	-0.0612723055026763	-0.0237321729686243	1
13.625	8.25	0.000508604558821564	0.888859225723405	0.429694556507758	-0.0224982353164018	1
13.875	8.25	0.00050958843448574	0.611439384994485	0.789941999874283	-0.0181170091040313	1
14.125	8.25	0.000510632468952032	0.793394216708042	0.613295381891591	-0.0218004867611341	1
14.375	8.25	0.000511706040143439	0.696178494106948	0.714432304681536	-0.0195951634240427	1
14.625	8.25	0.000512781332372439	0.693971994895444	0.72321880784768	-0.0205000160804262	1
14.875	8.25	0.000513868216079689	0.721678949188795	0.694062228436286	-0.0202373695035722	1
15.125	8.25	0.000514952914138085	0.666749400281605	0.745935880014477	-0.0210477108699578	1
15.375	8.25	0.000516049148922105	0.730684948428396	0.683945297819352	-0.019941277820694	1
15.625	8.25	0.00051717417164523	0.64982924772447	0.761031375999059	-0.0215626699814415	1
15.875	8.25	0.000518361196040937	0.733161937994665	0.67605519659457	-0.0197706205584509	1
16.125	8.25	0.00051966436220953	0.66485616110152	0.750325916554506	-0.0206578835419613	1
16.375	8.25	0.000521130000904619	0.677329774517812	0.728317995814735	-0.0204021495906984	1
16.625	8.25	0.000522822402474442	0.767191599968443	0.649256389143038	-0.0186116837732292	1
16.875	8.25	0.000524747875790628	0.524087086809911	0.847484464290967	-0.0223546302840009	1
17.125	8.25	0.000526790078748295	0.929111594467016	-0.340500662595187	-0.0171698358715693	1
17.375	8.25	0.000528706443116144	0.902559089066666	-0.436092934998356	-0.0176604013753646	1
17.625	8.25	0.00052911764937087	0.885426211492978	-0.479085807808937	-0.0184918998762786	1
17.875	8.25	0.000525437883634232	0.859501920703626	-0.526409230234787	-0.0208001619917289	1
18.125	8.25	0.000514761201836153	0.839766566788088	-0.553450471667897	-0.0221572275506423	1
18.375	8.25	0.000495800365827508	0.862641166102903	-0.509179417929694	-0.0236064932448463	1
18.625	8.25	0.000471786305345866	0.912552424162084	-0.384043894309412	-0.0232356176403748	1
18.875	8.25	0.000453891911036988	0.931949139890622	-0.301417856795734	-0.0191539195817692	1
19.125	8.25	0.000463359866885417	0.958878151172841	-0.212256826317608	-0.0131929996502066	1
19.375	8.25	0.000529853623357864	0.926572074533005	-0.347346497587017	-0.0106927655849939	1
19.625	8.25	0.000683203854630111	0.932984508386586	-0.307792158980247	-0.00798889660717035	1
19.875	8.25	0.000934521599470263	0.911665116910037	0.37399903067983	-0.00232146115545049	1
20.125	8.25	0.00124305225153159	0.731969978846332	-0.68195947613765	-0.000895236524922122	1
20.375	8.25	0.00147202442659015	0.435417998236092	-0.905460381779355	-0.00319580151764953	1
20.625	8.25	0.00138241130140362	0.488685017811728	-0.874169875854819	-0.0016878797951295	1
20.875	8.25	0.000650681285992173	0.788267991777123	-0.631089905326871	-0.00384447371484569	1
21.125	8.25	-0.00102650777023167	0.716218476138548	-0.702912437288705	-0.00582384078335233	1
21.375	8.25	-0.00357674167659278	0.915097532327012	0.426370945279883	-0.00435912519448126	1
21.625	8.25	-0.00600970362008259	0.731086786535088	0.692837588481443	-0.00927038441112467	1
21.875	8.25	-0.00557959488732567	0.913382590028206	0.385962127172663	-0.00471508306965603	1
22.125	8.25	0.00249154848774796	0.874145770228028	0.477396028995216	-0.00315322881849446	1
22.375	8.25	0.0233480870815043	0.475728058041078	0.839869330559015	-0.00405288992817895	1
22.625	8.25	0.0589506480195777	0.338407039102747	-0.879555347801355	-4.61183199461962e-05	1
22.875	8.25	0.10349465179285	-0.397929241876837	-0.8132173885106	-0.0035103692505066	1
23.125	8.25	0.147318321299061	-0.28587770688752	-0.805245642745539	0.00205087422093712	1
23.375	8.25	0.181495080721706	-0.38320337192372	0.707358619449509	-0.00236782205303651	1
23.625	8.25	0.205321899679277	-0.3741294462327	0.701566350725031	-0.001225118123878	1
23.875	8.25	0.217047062755992	-0.662822516747296	-0.421186658513557	-0.00177031897740192	1
24.125	8.25	0.214326489098279	-0.628986389095148	-0.466927697267486	-0.000237449006712013	1
24.375	8.25	0.204310938699283	-0.789680044215001	-0.0490075355256988	-0.00196257507243476	1
24.625	8.25	0.193486743941562	-0.817077582690715	-0.0234759155695038	-0.00217977049270812	1
24.875	8.25	0.185324318785704	-0.827614621173481	0.0663960731721984	0.00373232849488829	1
25.125	8.25	0.181851512287607	-0.827289522310061	0.0514270105646015	0.00567715999897192	1
25.375	8.25	0.181883962485684	-0.829552433646312	0.0345500675235695	0.00924825869583821	1
25.625	8.25	0.183504655280747	-0.826221131309985	-0.0284063734485314	0.0119126573500928	1
25.875	8.25	0.184793674670884	-0.820783901090846	-0.0693245230463184	0.0145830506125509	1
26.125	8.25	0.184545888654294	-0.814623143717013	-0.0941724766804973	0.016414546189359	1
26.375	8.25	0.182293999567925	-0.811084649400334	-0.103566522479703	0.0171618080741609	1
26.625	8.25	0.178262221809516	-0.78693627675639	-0.164243260856741	0.0167538888846862	1
26.875	8.25	0.173450525437664	-0.824131644099758	0.0251017476704576	0.00895611860838198	1
27.125	8.25	0.170366615428614	-0.354072849546247	0.755754927787509	0.0158310877335884	1
27.375	8.25	0.17236872678858	-0.715769045184096	0.435651980502345	0.0112610558810906	1
27.625	8.25	0.178204525443656	0.53928236093475	-0.605235919273439	0.0206293442808946	1
27.875	8.25	0.184222103150028	-0.187949154601669	-0.781954354276848	0.0153607490278344	1
28.125	8.25	0.187676019558427	0.752783006707909	-0.256359458892456	0.0234099825039696	1
28.375	8.25	0.188845758763856	-0.159399877818677	-0.776221457437939	0.0230713729820933	1
28.625	8.25	0.185281259317269	0.774894940402368	-0.207349392574287	0.027061584394818	1
28.875	8.25	0.176848867529524	-0.177351077145621	-0.787639889634267	0.0284213340672713	1
29.125	8.25	0.162997551464929	0.735229493971869	0.362352531140728	0.0316570542874377	1
29.375	8.25	0.148066944320119	-0.201722654106443	0.804059935830371	0.0362479236611337	1
29.625	8.25	0.137849586783322	0.141719453130766	0.843817864724627	0.0334959072800885	1
29.875	8.25	0.136187504152254	-0.0762821696911088	0.843865030790874	0.0391396420265892	1
30.125	8.25	0.142440866737968	0.849940573955504	-0.0846388358633731	0.0354362150005953	1
30.375	8.25	0.155291362957105	0.736124456420631	0.368055484417728	0.0407973411189313	1
30.625	8.25	0.174150346138813	0.731380527780619	-0.366239988733778	0.0449658957163438	1
30.875	8.25	0.194518408504513	0.789061712626524	-0.0499413342420394	0.0463080602098265	1
31.125	8.25	0.214809404763316	0.622523578981432	-0.485600485158022	0.0520639892532241	1
31.375	8.25	0.230038559108633	0.733818949188718	-0.248932300195428	0.0469536052044343	1
31.625	8.25	0.238490416301831	0.710598253614923	-0.282780771232676	0.0507307879352668	1
31.875	8.25	0.239174660728331	0.712045394714354	-0.278868812418751	0.0462162623414157	1
32.125	8.25	0.235129747673027	0.753751687476038	-0.0824101778776677	0.0499506929413068	1
32.375	8.25	0.231480759046447	0.56526883513787	0.498739141913407	0.0506657611059343	1
32.625	8.25	0.234178598026839	0.713854455952513	-0.294127284823215	0.056594514373788	1
32.875	8.25	0.239384588981511	0.670925212862388	-0.421865812512879	0.0499805758600301	1
33.125	8.25	0.243897388501771	0.674919204162883	-0.393338875226023	0.0427639197603801	1
33.375	8.25	0.24686326201167	0.768778344467408	-0.00702947938085193	0.0397671934970322	1
33.625	8.25	0.249427231415507	0.677055060741454	-0.35393101457601	0.0361772096857265	1
33.875	8.25	0.250083152128339	0.763925012640353	-0.0404957459894051	0.0369702236489504	1
34.125	8.25	0.247540450917548	0.703710089701476	-0.34362588971425	0.0305137596848309	1
34.375	8.25	0.240872927787677	0.76675082180812	-0.0198670330861164	0.0264511606379132	1
34.625	8.25	0.231159321401564	0.765179908193919	-0.111266367042274	0.0290392461276671	1
34.875	8.25	0.217994071159608	0.781860677795132	0.127657687455461	0.0285107750716811	1
35.125	8.25	0.201866676184441	0.796119269807078	0.167102821855609	0.0245998052637698	1
35.375	8.25	0.183317432461596	0.787663769231314	0.259369834880925	0.0209656728400592	1
35.625	8.25	0.16310457305822	0.782776232254393	0.323842396393505	0.0174563045720988	1
35.875	8.25	0.142048447100499	0.769473987935421	0.392061421937008	0.0147213922919463	1
36.125	8.25	0.120961513925104	0.780677263808391	0.405797421557557	0.0129996767391587	1
36.375	8.25	0.100815379736929	0.77522845996999	0.438523522266268	0.0130726804942828	1
36.625	8.25	0.083086276466536	0.765568291884089	0.477311322306696	0.0158445642452617	1
36.875	8.25	0.0693090564721155	0.719969987774969	0.541165154545921	0.018105162765364	1
37.125	8.25	0.0607085724640413	0.787767003082074	0.398656854979364	0.0262420296031856	1
37.375	8.25	0.0568775641313764	0.938176309844842	0.221388607273789	0.0419863208972165	1
0.125	8.75	0.000493590811872245	0.835734150379766	-0.54565018701042	-0.0346589567041095	1
0.375	8.75	0.000493619027235009	0.750131822746588	-0.653665626631173	-0.0341253990072736	1
0.625	8.75	0.000493654074012885	0.803046576669779	-0.580816593597008	-0.0331215970554179	1
0.875	8.75	0.000493696070188107	0.788500451586995	-0.601639440385845	-0.0303816139758412	1
1.125	8.75	0.000493744177306938	0.903060742497113	-0.414514443710204	-0.0302387525172399	1
1.375	8.75	0.000493788488252567	0.883957406496169	-0.453962812317385	-0.0279579616351568	1
1.625	8.75	0.000493834774332192	0.875060681716883	-0.489444181401665	-0.0279427620509909	1
1.875	8.75	0.000493881928490473	0.847328313870947	-0.535823064702894	-0.0295925271449876	1
2.125	8.75	0.000493952715646042	0.850242166751565	-0.526321526579362	-0.029523126462163	1
2.375	8.75	0.00049404007976974	0.758740785815607	-0.64791558644193	-0.030096891149255	1
2.625	8.75	0.000494149951116744	0.780620937006248	-0.616900417836428	-0.028783760158926	1
2.875	8.75	0.000494274724671563	0.951069047170186	-0.311088157447335	-0.0282762636207602	1
3.125	8.75	0.000494393346491667	0.993721445961751	-0.123460194425725	-0.0295008243161635	1
3.375	8.75	0.000494498460174553	0.998679012009549	0.0312048097788973	-0.0292304202780329	1
3.625	8.75	0.000494597937082718	0.995102562038669	-0.111334994201805	-0.0293156610139453	1
3.875	8.75	0.00049471623180338	0.994738738180971	-0.129954861344629	-0.0301388299197493	1
4.125	8.75	0.000494882805204891	0.9915011041769	-0.140555599499782	-0.0311813157153712	1
4.375	8.75	0.000495126918242975	0.987211328817679	-0.17173802346175	-0.0311049461965673	1
4.625	8.75	0.000495448632227898	0.832483159791771	0.540984275419386	-0.0324513411272391	1
4.875	8.75	0.000495812266704232	0.586912840799692	0.809409468247681	-0.0284045438877204	1
5.125	8.75	0.000496220192775029	0.874352287911533	0.484115951224419	-0.0323349052313183	1
5.375	8.75	0.000496677085054273	0.623329127161325	0.774780197456994	-0.028587366079072	1
5.625	8.75	0.00049721999906139	0.749187311943551	0.665976446588775	-0.0303534066852714	1
5.875	8.75	0.000497868436565136	0.703342884931712	0.702833815972703	-0.0297445453882913	1
6.125	8.75	0.000498644538547232	0.674838441678732	0.739201013550118	-0.0282755844626498	1
6.375	8.75	0.000499515003397747	0.712760644794737	0.699709648613677	-0.0300716321270932	1
6.625	8.75	0.000500399062194941	0.671294263116657	0.73983516814131	-0.02803463266089	1
6.875	8.75	0.000501157939817365	0.703321180579875	0.712150898764246	-0.0296876655572952	1
7.125	8.75	0.000501639661600381	0.661472978875146	0.747672069209456	-0.028616973199142	1
7.375	8.75	0.000501811212588522	0.728311924592444	-0.68582981239258	-0.0291166296160725	1
7.625	8.75	0.000501866891869901	0.718255728601221	-0.691030435469316	-0.0289378923489245	1
7.875	8.75	0.000501880912972961	0.742468873640819	-0.664709548218866	-0.0279965219380204	1
8.125	8.75	0.000501889303590949	0.795432922701763	-0.597380964658752	-0.0276535564690033	1
8.375	8.75	0.000501902675634097	0.811652446538271	-0.57831660861075	-0.0261668224785998	1
8.625	8.75	0.00050192023344464	0.836980969264635	-0.549397415395606	-0.0264357903782736	1
8.875	8.75	0.000501943520200074	0.836836080086819	-0.55498972172928	-0.0270165219742574	1
9.125	8.75	0.000501969438638536	0.832734412610866	-0.564321759962891	-0.02842246453634	1
9.375	8.75	0.000501999053446599	0.831229303861325	-0.56479000206699	-0.0296968765564623	1
9.625	8.75	0.000502029913453844	0.829711541789738	-0.564675061344058	-0.0306588125283999	1
9.875	8.75	0.000502064265089566	0.824974168125556	-0.562776616834858	-0.0313454709382744	1
10.125	8.75	0.000502115470845388	0.864551409518998	-0.496507802702236	-0.0300908390006299	1
10.375	8.75	0.000502190326905735	0.857349566170593	-0.517217034432315	-0.0303526012976925	1
10.625	8.75	0.000502319206915127	0.810599659544208	-0.573194864696344	-0.0308403828651124	1
10.875	8.75	0.000502523591520394	0.962094322734314	-0.238685647207179	-0.0273603361327917	1
11.125	8.75	0.000502797467388644	0.999122775601111	-0.0201451657253766	-0.0269371983900571	1
11.375	8.75	0.000503119294457047	1.00110527095656	0.00231004981634158	-0.0272889410400031	1
11.625	8.75	0.000503464997329751	1.00100704663179	0.0222134635314095	-0.027759904048421	1
11.875	8.75	0.000503815025502224	0.998728598202315	0.0442782387221375	-0.0281835008712053	1
12.125	8.75	0.000504156634079178	0.995426004333596	0.0510080910802582	-0.0278791169965037	1
12.375	8.75	0.000504490594689735	0.993725102132527	0.0379112646271273	-0.0268175434675316	1
12.625	8.75	0.000504847478023858	0.994167089743957	0.0191583469281483	-0.0253793814133349	1
12.875	8.75	0.00050529075703912	0.996496672749483	0.00747540308618412	-0.0242629217433367	1
13.125	8.75	0.000505906422639153	0.995462310336552	-0.0438728587225241	-0.0239170159376086	1
13.375	8.75	0.000506716722613058	0.959931304112562	0.233648835497644	-0.0227604742679347	1
13.625	8.75	0.000507659627956427	0.608645538262881	0.792066149784182	-0.0183118366356252	1
13.875	8.75	0.000508668469842771	0.750060292094385	0.671479883050659	-0.022030390331597	1
14.125	8.75	0.000509711918649416	0.698483224814557	0.712085068345583	-0.0209747288745561	1
14.375	8.75	0.000510764051429434	0.673652109774249	0.74224531707981	-0.0206831667586021	1
14.625	8.75	0.000511818297088569	0.69305159837403	0.720949963931666	-0.0214333283826033	1
14.875	8.75	0.000512869223917999	0.693052411837724	0.721702883731436	-0.0205110823175566	1
15.125	8.75	0.000513894445024293	0.666755837423505	0.74449392505001	-0.021424305308551	1
15.375	8.75	0.000514906578347971	0.730260897374667	0.684808565140656	-0.0198927122280985	1
15.625	8.75	0.000515898990518207	0.636529819558151	0.771153282692348	-0.0219850497958874	1
15.875	8.75	0.000516901141540256	0.777115340723328	0.630767208795306	-0.0192470713933046	1
16.125	8.75	0.00051796534469253	0.620267324710909	0.788409105238674	-0.0226076320155073	1
16.375	8.75	0.00051915611725524	0.805408718022304	0.590982644183364	-0.0196545773841757	1
16.625	8.75	0.000520603778424029	0.689174779157611	0.733981975806497	-0.0223796846376011	1
16.875	8.75	0.000522351637118407	0.754493620015663	0.65058623227838	-0.0217341665426849	1
17.125	8.75	0.00052441445156542	0.855814730288941	-0.500607049409025	-0.0209654923960911	1
17.375	8.75	0.000526474915953626	0.915918851420279	-0.37107190238785	-0.0182397327426046	1
17.625	8.75	0.000526950706725962	0.859176124070051	-0.501723524733194	-0.0157899112382413	1
17.875	8.75	0.000523128243847204	0.880842678637647	-0.471859666806948	-0.0161747249335312	1
18.125	8.75	0.000512164820233932	0.756970264666105	-0.649550875700715	-0.0155876541024543	1
18.375	8.75	0.000493626144015428	0.698181768895105	-0.71473057684714	-0.014934576340746	1
18.625	8.75	0.000472827239269618	0.544418081312248	-0.835232286534611	-0.01534869586392	1
18.875	8.75	0.000463763469446764	0.528792151852461	-0.84201407837153	-0.0139930433408736	1
19.125	8.75	0.00048927661003247	0.333323764539242	-0.935283162128418	-0.0140467607027591	1
19.375	8.75	0.000576260512502617	0.420087799485927	-0.907218930205071	-0.0117539106808511	1
19.625	8.75	0.000745845130555086	0.365147939417706	-0.930245134695184	-0.013713818571069	1
19.875	8.75	0.000999485843549469	0.708199526604863	-0.694707109014507	-0.0107876706241529	1
20.125	8.75	0.00129626301436542	0.99183137723225	-0.0822528368668686	-0.0105664796006092	1
20.375	8.75	0.00149222643436178	0.854598366081508	-0.506603700846919	-0.00916756417302319	1
20.625	8.75	0.00130647051195172	0.979245608275629	-0.105467883033104	-0.00804543764013672	1
20.875	8.75	0.000342369483360356	0.908104749149048	0.402599705398139	-0.0023930193399008	1
21.125	8.75	-0.001746579172997	0.89083752126073	0.46135613788643	-0.00462564835162226	1
21.375	8.75	-0.00479881681827483	0.792618459539387	0.619671268791868	-0.00323913488594782	1
21.625	8.75	-0.00758602932015196	0.72344250269898	0.682826861122572	-0.00468275855661854	1
21.875	8.75	-0.00708821792926175	0.882676227109669	0.478892548997865	0.00243633686706608	1
22.125	8.75	0.00154094301999272	0.391585138296617	0.91745002606866	-0.0031328512583725	1
22.375	8.75	0.0238275815300984	0.811178013606952	0.538087998655487	0.00398306685793768	1
22.625	8.75	0.0637032005562252	0.283262540429949	0.896908135404866	-0.00140452393851899	1
22.875	8.75	0.117924208696484	0.0217020957959391	0.882740272832757	0.00428716380537453	1
23.125	8.75	0.176597437465329	-0.58622188048165	-0.563432417005192	-0.00062324870549232	1
23.375	8.75	0.227031991813831	-0.70019304065032	-0.312828717465011	0.00130094052339309	1
23.625	8.75	0.261379335799359	-0.677109729585199	-0.255323682469346	-0.00301484495152093	1
23.875	8.75	0.277053291770441	-0.698637460738296	-0.172149791007524	-0.00551965478186042	1
24.125	8.75	0.274838798887326	-0.677750699304376	0.26068387489879	-0.00379499819681294	1
24.375	8.75	0.262718303048781	-0.732155885930097	0.133701868259927	-0.00461591169504128	1
24.625	8.75	0.249410088760118	-0.748633541931355	-0.119782639999944	0.000100362873248123	1
24.875	8.75	0.239173933736224	-0.764259739835876	0.0306543059390169	-0.000152211018240994	1
25.125	8.75	0.23428513437741	-0.776648091211374	-0.0294437956016294	0.00261774036620641	1
25.375	8.75	0.233528953368466	-0.782351097439543	-0.0521725631493869	0.00608503038239796	1
25.625	8.75	0.234670271281927	-0.781480341723119	-0.0601866085991632	0.0119557791525097	1
25.875	8.75	0.23561393128618	-0.772427038279951	-0.0662110124617524	0.0158676071824416	1
26.125	8.75	0.235341241318575	-0.765511907673852	-0.0683305137178401	0.0179834447325541	1
26.375	8.75	0.233815077801516	-0.758172667396942	-0.0778579918116254	0.018450835463918	1
26.625	8.75	0.231596555783187	-0.762826495625021	-0.102355029146382	0.0166862903263813	1
26.875	8.75	0.229500613049451	-0.707744579066081	-0.326877776485641	0.0199539159087819	1
27.125	8.75	0.228779049309653	-0.767106040128551	-0.0870334101530581	0.0221756692348701	1
27.375	8.75	0.231009172573789	-0.430551598949846	-0.626618956082628	0.0212617186625069	1
27.625	8.75	0.233529297975487	-0.541820006781699	-0.514177945346839	0.021972635073697	1
27.875	8.75	0.233122505513937	-0.751658294731774	-0.11964435712552	0.017576674769092	1
28.125	8.75	0.229617639711944	-0.76287462351567	0.0440901874494091	0.0200457533895999	1
28.375	8.75	0.224304049634003	-0.782983356268769	0.0322283100964496	0.0150301689294732	1
28.625	8.75	0.216907391784295	-0.795988765507464	-0.0140177546015435	0.0247755891196991	1
28.875	8.75	0.208373480818435	-0.81553046905803	-0.0126532817657058	0.022386290821768	1
29.125	8.75	0.199490765361801	-0.853166891772182	-0.0494472660948691	0.0376460073782491	1
29.375	8.75	0.193608317702365	-0.501939126535196	0.63744450272543	0.0502931135807928	1
29.625	8.75	0.194083228890198	-0.62050353033436	0.516304814729727	0.039513087791359	1
29.875	8.75	0.201043583767574	0.415687846507877	-0.666335019443161	0.0516469426874176	1
30.125	8.75	0.212321445915835	-0.138501508759499	-0.76072473158462	0.0418450314433535	1
30.375	8.75	0.22577882707775	0.702803557030165	-0.260468452014932	0.0504944618087115	1
30.625	8.75	0.242665792517132	0.163616115410414	-0.716623609689964	0.0509965641926786	1
30.875	8.75	0.259994506075775	0.695351999726071	-0.194021536673274	0.050497440639666	1
31.125	8.75	0.277538091264519	0.409679896145795	-0.572075922589697	0.0570067391080832	1
31.375	8.75	0.291482997722373	0.604841784147471	-0.382304257212832	0.0529237605851667	1
31.625	8.75	0.300193224864801	0.548161509785206	-0.439174698631363	0.0505041351576968	1
31.875	8.75	0.302741390419194	0.677870833457424	0.109547079586037	0.0493620314524212	1
32.125	8.75	0.301605203702304	0.650981301837323	0.227530518194552	0.0541027325279182	1
32.375	8.75	0.301071334511295	0.504959338427953	0.471448305953037	0.052141858710827	1
32.625	8.75	0.304995683809283	0.645569818331829	-0.205371072594889	0.056918820066765	1
32.875	8.75	0.310433763903208	0.694962440075109	0.0156888358987393	0.0606778951385469	1
33.125	8.75	0.315495403152948	0.73015154669245	-0.119394433926971	0.0537192073821636	1
33.375	8.75	0.318946609920782	0.700529105947572	-0.0440256655046596	0.0333266956527519	1
33.625	8.75	0.321756153293117	0.649458131197896	0.188951239202368	0.0435521187293056	1
33.875	8.75	0.322485545794124	0.636217041018324	-0.236177432246882	0.0325315066967348	1
34.125	8.75	0.320246620893452	0.631490651030013	0.174782446162128	0.046637180471928	1
34.375	8.75	0.31476080439814	0.628615819608812	0.227984666643656	0.0420181172184339	1
34.625	8.75	0.306500312288926	0.639459794728666	0.223225016542208	0.0506635083838761	1
34.875	8.75	0.29451161396668	0.69938907539568	0.172429360968948	0.0457311028208232	1
35.125	8.75	0.278529144423356	0.676576518604572	0.300792264902073	0.041489453592629	1
35.375	8.75	0.258496676595646	0.684608147295821	0.347005716539267	0.0343319765875843	1
35.625	8.75	0.234781101510415	0.677852133306975	0.396170170239131	0.0278804672210698	1
35.875	8.75	0.208349102462183	0.695558230746992	0.403576575530871	0.0239314832993535	1
36.125	8.75	0.180667793798341	0.704919353091556	0.427489657975921	0.0212350803635695	1
36.375	8.75	0.154132462730605	0.664367190396923	0.503766373792904	0.0210017682898728	1
36.625	8.75	0.131570265879232	0.678352509672022	0.488306817013411	0.0247879011072151	1
36.875	8.75	0.115386009895342	0.629395011654446	0.544694800901024	0.0342646094935502	1
37.125	8.75	0.106195781369526	0.804587097584325	0.216335088873075	0.0446386909028413	1
37.375	8.75	0.102611323139881	0.89662287120147	0.207502713361127	0.061294676757501	1
0.125	9.25	0.000493152253082783	0.812891133080046	-0.586997480989633	-0.0333616849493105	1
0.375	9.25	0.000493182887421135	0.801855848838905	-0.598325471762183	-0.0348778661942115	1
0.625	9.25	0.000493225126930522	0.793672010413918	-0.606307813968389	-0.033711392710854	1
0.875	9.25	0.000493275399883188	0.805703454240599	-0.581031939694439	-0.0346230836498061	1
1.125	9.25	0.000493322448518628	0.820815492285405	-0.555746572659546	-0.0308428259093627	1
1.375	9.25	0.000493371974370387	0.893797207350245	-0.430993673440534	-0.0307897934242725	1
1.625	9.25	0.000493415539055455	0.898371554745639	-0.424890163751837	-0.0275364334508067	1
1.875	9.25	0.000493453177832085	0.924792538742907	-0.389623596776981	-0.027865972723205	1
2.125	9.25	0.00049350871641332	0.974053330936133	-0.252974119765207	-0.029249537223621	1
2.375	9.25	0.000493579565119232	0.9572238461768	-0.305100029597258	-0.0312544087648136	1
2.625	9.25	0.00049365878639247	0.962385657174997	-0.233236142663876	-0.031677874215123	1
2.875	9.25	0.000493749385416399	0.98345085426813	-0.0650826497020278	-0.0266280867357874	1
3.125	9.25	0.000493843878943699	0.9949315118447	-0.0945166315016909	-0.0247444114597451	1
3.375	9.25	0.000493944480465826	1.00283120180834	-0.107911501782753	-0.0265463241833188	1
3.625	9.25	0.000494056066809271	1.00478118884954	-0.0734076119033642	-0.02929292087599	1
3.875	9.25	0.000494202777149827	0.99684405834176	-0.108142176530705	-0.030544624860562	1
4.125	9.25	0.000494411787433837	0.994601727370133	-0.121575875468989	-0.0309029811673346	1
4.375	9.25	0.000494700720255535	0.992076411640992	0.0840886324287052	-0.0318241910163362	1
4.625	9.25	0.00049504126606423	0.578363679737838	0.809828492235002	-0.0289947639952198	1
4.875	9.25	0.000495418326860143	0.837972911056924	0.551301311898865	-0.030392731534137	1
5.125	9.25	0.000495827194547201	0.707425058332902	0.697108089531372	-0.0304312378023763	1
5.375	9.25	0.000496281429579509	0.679253682106465	0.734464685838635	-0.0281306588105415	1
5.625	9.25	0.000496803653462576	0.746384171072806	0.662718903624156	-0.030396402139923	1
5.875	9.25	0.000497411697121678	0.650093258037286	0.756701204225105	-0.027931397650453	1
6.125	9.25	0.000498113877886716	0.71859395856336	0.698191374705505	-0.0292884942947659	1
6.375	9.25	0.000498883415650094	0.652721472575244	0.754349680725169	-0.0291948835184413	1
6.625	9.25	0.00049964276924587	0.707783214842827	0.707052761198488	-0.0283114724426268	1
6.875	9.25	0.000500286323530086	0.648764595449629	0.759652405776896	-0.0296467018650022	1
7.125	9.25	0.000500684010358137	0.706806225868836	0.702864944134504	-0.0281101140942188	1
7.375	9.25	0.000500833326865937	0.694692980824244	-0.722972615632993	-0.0283537266630439	1
7.625	9.25	0.000500896556879507	0.725179982300875	-0.688767362980387	-0.0291851786805028	1
7.875	9.25	0.000500921376609281	0.696674397736402	-0.7159260152425	-0.0285187834805432	1
8.125	9.25	0.00050094090448509	0.740529417667193	-0.668702818328904	-0.0288186075435081	1
8.375	9.25	0.000500962161691272	0.756368736837632	-0.647010248090968	-0.0278088819777493	1
8.625	9.25	0.000500989696825635	0.793245628583431	-0.603063258880103	-0.0271299157020637	1
8.875	9.25	0.000501021496682369	0.819221857506163	-0.570569584644934	-0.0266009659300349	1
9.125	9.25	0.0005010556518412	0.830210647768529	-0.56110875390681	-0.0267417508899765	1
9.375	9.25	0.000501087871390323	0.836451723553197	-0.555798813786619	-0.0277435041773783	1
9.625	9.25	0.0005011181751369	0.837409332734525	-0.556145252559048	-0.0287925365274344	1
9.875	9.25	0.000501144518769859	0.833417435248644	-0.560267216385948	-0.0301870890386175	1
10.125	9.25	0.000501177519995198	0.834230047918979	-0.549861815100678	-0.0306713855760996	1
10.375	9.25	0.000501229548567666	0.875816224810034	-0.485156918587201	-0.029897298591138	1
10.625	9.25	0.000501314567094986	0.816000039315768	-0.576643257489129	-0.0315630532192352	1
10.875	9.25	0.000501467217867742	0.863063062907644	-0.48414924471262	-0.0294989479630688	1
11.125	9.25	0.000501688921876645	0.99129059075581	-0.0868390497497874	-0.0271808031351114	1
11.375	9.25	0.000501965593705545	1.00059650187102	0.00161138188301063	-0.0273479935621653	1
11.625	9.25	0.000502270520733208	1.00085551985981	0.0252409568061938	-0.0277465316754936	1
11.875	9.25	0.000502582619556085	0.997951786139909	0.055431160845499	-0.0282030130156296	1
12.125	9.25	0.000502897226523879	0.993996607581653	0.0608922525288421	-0.0277529415376657	1
12.375	9.25	0.000503232204844034	0.993491575913354	0.0459341642503501	-0.0264040920249844	1
12.625	9.25	0.000503634943424934	0.995120888079886	0.0132883473217988	-0.025298616496426	1
12.875	9.25	0.000504187893635599	0.996157944176925	-0.012053475434881	-0.0242813232727201	1
13.125	9.25	0.000504932293766953	0.989755087386686	0.0783559802235138	-0.0236902194752896	1
13.375	9.25	0.000505820681750142	0.634094737499678	0.770566360009689	-0.0209935977031968	1
13.625	9.25	0.000506788534825121	0.694114262468706	0.727801909581367	-0.0225594884047964	1
13.875	9.25	0.000507799554219304	0.714763171656995	0.695265820540815	-0.0229228476776937	1
14.125	9.25	0.000508833084226271	0.671969966486747	0.73971185755456	-0.0212175728685664	1
14.375	9.25	0.000509875010831383	0.702158908815499	0.712694143425181	-0.0223107129986624	1
14.625	9.25	0.000510924809771738	0.701266182901973	0.710457796975948	-0.0213776175568884	1
14.875	9.25	0.000511955641433815	0.703231733079698	0.712486999387081	-0.0215336725901811	1
15.125	9.25	0.000512957820894951	0.700923094899601	0.711839023421725	-0.0217250989505621	1
15.375	9.25	0.000513921213700091	0.734273274629468	0.682486522047548	-0.0210824678891295	1
15.625	9.25	0.00051483538821348	0.668901566944189	0.742204067888392	-0.0227734080512736	1
15.875	9.25	0.000515721450013406	0.795089681387785	0.611485315076339	-0.0204620327305922	1
16.125	9.25	0.000516632512241346	0.612328427947905	0.790860605930047	-0.0242874814434586	1
16.375	9.25	0.000517644998380622	0.863126444643443	0.504598618888339	-0.0200937313947461	1
16.625	9.25	0.000518919502002021	0.596414629093793	0.805294652153858	-0.0244991292371528	1
16.875	9.25	0.000520522577952863	0.859459729631518	0.494704178246394	-0.0205513592818583	1
17.125	9.25	0.000522531833461677	0.774244646318902	-0.637399679119471	-0.0209979507302148	1
17.375	9.25	0.000524553880926448	0.889793445988123	-0.451553181815555	-0.0218655361197093	1
17.625	9.25	0.000525001710073559	0.884565076621707	-0.457220395825154	-0.0203060267227224	1
17.875	9.25	0.000521236410442568	0.946264544050565	-0.334877278030868	-0.0204029549345721	1
18.125	9.25	0.000510391339232994	0.977057827386989	-0.238994647321469	-0.0225354351815026	1
18.375	9.25	0.000491813895285878	0.990247618579042	-0.169824730897312	-0.0236249980965506	1
18.625	9.25	0.000470738808430797	0.995000722886081	-0.0960422129752144	-0.0250943914888771	1
18.875	9.25	0.000462162704384725	0.986710501015235	0.0310355707231273	-0.023647540518694	1
19.125	9.25	0.000491776016781991	0.97208510553412	0.0287965866064507	-0.0189363895293454	1
19.375	9.25	0.000589165798704299	0.86248091537962	-0.454919630027033	-0.0101104362892724	1
19.625	9.25	0.000768863688119052	0.626520464778732	-0.765959718221583	-0.00741613178607889	1
19.875	9.25	0.00100493763780533	0.482386005731001	-0.862202789980274	-0.00614768957423132	1
20.125	9.25	0.0012097968777191	0.458359938706547	-0.88511167002085	-0.00361826172166537	1
20.375	9.25	0.00121184275896057	0.514510984738259	-0.863331282320354	-0.00467101663872645	1
20.625	9.25	0.000747683008180518	0.487949592068033	-0.871672844060881	-0.00470016952123562	1
20.875	9.25	-0.000538544142021824	0.835750964628719	-0.554522120070236	-0.00347303377506915	1
21.125	9.25	-0.00299259791236673	0.921745244431505	-0.409715407898062	-0.00590613495374476	1
21.375	9.25	-0.00647994109424065	0.740417299653686	0.669204155180853	-0.00617007473786745	1
21.625	9.25	-0.00985565305143242	0.782459361837118	0.631632978225225	-0.00219763092007327	1
21.875	9.25	-0.0104799726074622	0.599669248011279	0.815972704625642	-0.00433209094946938	1
22.125	9.25	-0.00436423559474635	0.573765811416865	0.822915592644341	-0.0029438726451685	1
22.375	9.25	0.0130850895413291	0.570368925120335	0.811115774377925	-0.00392427385008198	1
22.625	9.25	0.0454795929067605	0.382101927503784	0.875644316546411	-0.00448338372907871	1
22.875	9.25	0.0934913533267708	0.565501574488659	0.71441804804319	-0.00459758032044427	1
23.125	9.25	0.153445553188037	0.389318232957635	0.75279672474584	-0.00586396688477192	1
23.375	9.25	0.215501735707439	-0.113668284133535	0.77649986513861	-0.00531538270136803	1
23.625	9.25	0.26727958653221	-0.144378268483895	0.71512320193097	-0.00556695649914053	1
23.875	9.25	0.30015112606213	-0.602705811355699	-0.37255110561171	-0.00579762973439402	1
24.125	9.25	0.31177732289776	-0.533565840520507	-0.441315350449786	-0.00127419706314753	1
24.375	9.25	0.307707024420087	-0.662271315992398	0.182233904081311	-0.00367517119351894	1
24.625	9.25	0.297109558312635	-0.714751165702755	-0.060947207193256	-0.00366853629965451	1
24.875	9.25	0.285939575281545	-0.702586038347919	0.201582282889999	0.00433981085321409	1
25.125	9.25	0.278013402803091	-0.723703273054348	0.0906846128237258	0.00472794402860334	1
25.375	9.25	0.273577589588362	-0.732584572732382	0.0938872003849283	0.00875905685836912	1
25.625	9.25	0.27115382591797	-0.732657793136292	-0.0686322663030654	0.0113676994734677	1
25.875	9.25	0.269041521597145	-0.724645550029721	-0.115471868952119	0.0132154187809442	1
26.125	9.25	0.266340622927622	-0.717911102804926	-0.140417821085905	0.0139179141651441	1
26.375	9.25	0.262927269033234	-0.714016823399682	-0.164591620967055	0.0134458169209165	1
26.625	9.25	0.259114134032311	-0.695643141231854	-0.230142579514121	0.0132396757204514	1
26.875	9.25	0.255328652209967	-0.737562975395366	-0.060985022478876	0.0108879123972053	1
27.125	9.25	0.252039204067237	-0.724693793794559	0.10988329913194	0.0122103086336214	1
27.375	9.25	0.249503011521323	-0.72838193828872	-0.077629068566293	0.00417562882704462	1
27.625	9.25	0.246723353959657	-0.759328077796437	-0.118157117702579	0.00475581234538194	1
27.875	9.25	0.243109724947029	-0.73014857687621	-0.27746158433844	0.0133743266000144	1
28.125	9.25	0.238917062878323	-0.694507805843082	-0.34389366647899	0.0183393474115267	1
28.375	9.25	0.234621567886883	-0.611334753560835	-0.480121548656915	0.0222646319827919	1
28.625	9.25	0.23042592863587	-0.685479154769361	-0.366150733385066	0.025510664300395	1
28.875	9.25	0.226680693972842	-0.646216938079124	-0.44846095935571	0.0286950810918618	1
29.125	9.25	0.223959439435608	-0.717520988747199	-0.293346994498385	0.0340249230851862	1
29.375	9.25	0.223338216556268	-0.765942393879343	-0.0328109275577663	0.0306360213300247	1
29.625	9.25	0.226047583206499	-0.362107089417784	-0.669717858083211	0.0313792195331692	1
29.875	9.25	0.231842047848703	-0.478417539221602	-0.564415530219604	0.0299920456111422	1
30.125	9.25	0.239269354550901	-0.578747113502347	-0.487749862277427	0.0244154808676536	1
30.375	9.25	0.247952442043672	-0.572161404196544	-0.48843793556091	0.0300457666010038	1
30.625	9.25	0.258536596531948	-0.578925224746411	-0.485343152592869	0.0266711371510578	1
30.875	9.25	0.270610205786071	-0.545015303404223	-0.526063747366306	0.0372418014819277	1
31.125	9.25	0.283635939189406	-0.518102528839382	-0.530419270654475	0.0389453944295101	1
31.375	9.25	0.296123885881251	-0.499886327890103	-0.542929912333091	0.0475911156608192	1
31.625	9.25	0.306350215911566	-0.555190522581779	-0.470748349076166	0.0511026537086922	1
31.875	9.25	0.313062268967853	-0.584464209373122	-0.400382161012106	0.0607393855090904	1
32.125	9.25	0.316752636628265	-0.648211441905297	0.165226339162828	0.0596641245263982	1
32.375	9.25	0.319527463565517	-0.269582489739499	0.60467537485486	0.0564145837452317	1
32.625	9.25	0.323289640739837	-0.0484521551236272	-0.676115162215256	0.0547950693437344	1
32.875	9.25	0.328415134473466	-0.0177769024579125	-0.66880139761167	0.0570086260510416	1
33.125	9.25	0.334136893986752	0.196894355606748	-0.640318349585726	0.0528730804668927	1
33.375	9.25	0.33877734416984	0.0897135610107801	0.608952890872492	0.0547163382751625	1
33.625	9.25	0.340867416922794	0.208739709950316	-0.639177755054134	0.0484210345827987	1
33.875	9.25	0.341387077541462	0.437444626511239	0.419830920752327	0.0537257488012391	1
34.125	9.25	0.339591182787365	0.157634697270635	-0.652798678635965	0.0569942768814352	1
34.375	9.25	0.336673042437809	0.617250854622593	0.171223516258291	0.0551586047127308	1
34.625	9.25	0.332651360300766	0.507975604274506	-0.452712373191283	0.0616204802348701	1
34.875	9.25	0.326674301047475	0.708080311343739	0.0874954208923196	0.0529781052794698	1
35.125	9.25	0.317379898713668	0.722322271735705	0.0960755629212347	0.0392492607739183	1
35.375	9.25	0.302690295220065	0.696043056970047	0.188319716512994	0.0285125196066755	1
35.625	9.25	0.282010180321212	0.671979328916416	0.260293157057428	0.0250202528546622	1
35.875	9.25	0.25649676960723	0.680240395536654	0.289527532001128	0.0249792119936796	1
36.125	9.25	0.228994891747776	0.60698202550563	0.437454026803326	0.0246596069211452	1
36.375	9.25	0.202834502069565	0.573983281233629	0.488056155685115	0.0323811277358366	1
36.625	9.25	0.181382782261742	0.485609556438311	0.585059984738042	0.0424033756349727	1
36.875	9.25	0.167052083572133	0.727575833155409	0.25713246733193	0.0573362691688547	1
37.125	9.25	0.15998476875955	0.793329293860929	0.0566816347544628	0.0676858871387506	1
37.375	9.25	0.158290434141333	0.884322323754646	0.0369466875129504	0.0788608321594696	1
0.125	9.75	0.000492753795253296	0.801263303611371	-0.597675479944715	-0.0332845414406681	1
0.375	9.75	0.000492780995771126	0.819012533536117	-0.573433483902207	-0.033381984663538	1
0.625	9.75	0.000492817253132464	0.770368860841889	-0.63555928750292	-0.033617098746163	1
0.875	9.75	0.000492867945420965	0.816180525221343	-0.575946401933952	-0.0331071872356206	1
1.125	9.75	0.000492924922678915	0.74178634703672	-0.661085177536228	-0.0338237634726438	1
1.375	9.75	0.000492981552836935	0.827140459505114	-0.540332395552262	-0.0308826984703946	1
1.625	9.75	0.000493042181200753	0.795379379286474	-0.589672203545668	-0.0291210002469722	1
1.875	9.75	0.000493092251632786	0.72771186660047	-0.681017143881708	-0.0274482429470784	1
2.125	9.75	0.000493147507570154	0.804084951500073	-0.595388539922972	-0.028200722827106	1
2.375	9.75	0.000493204669975234	0.790708406596567	-0.61822999177045	-0.028277473864981	1
2.625	9.75	0.000493261048016905	0.798926609048454	-0.605364880957597	-0.0299481328202067	1
2.875	9.75	0.000493333120519559	0.901267546830933	-0.424326372475828	-0.0293398317603382	1
3.125	9.75	0.000493410919795757	0.975155536169894	-0.208474270314237	-0.0286829460374125	1
3.375	9.75	0.000493497502643035	1.00046743039349	-0.00507597549100088	-0.0283505787625256	1
3.625	9.75	0.000493612329328275	0.998938029022111	-0.0866337918598774	-0.0291763119257149	1
3.875	9.75	0.000493781884951309	0.998429716699512	-0.102321830458465	-0.0299576357746048	1
4.125	9.75	0.000494031550731949	0.98787971663294	-0.156527805576289	-0.0312688555761687	1
4.375	9.75	0.000494345679542502	0.689818750043001	0.714322396284302	-0.0303169104929038	1
4.625	9.75	0.000494691371732497	0.619340100648392	0.7863170916571	-0.0290475347137809	1
4.875	9.75	0.000495067338095986	0.813814352739861	0.574101360789095	-0.0304695768917849	1
5.125	9.75	0.000495472251822896	0.545893440387158	0.835471595778462	-0.0278801317191187	1
5.375	9.75	0.000495916964514757	0.779844298621736	0.628073138842238	-0.0296939656450178	1
5.625	9.75	0.000496421494808016	0.597451988793369	0.798624942295392	-0.028873321093786	1
5.875	9.75	0.00049699380309392	0.718852155379184	0.696368339304628	-0.0288721835778117	1
6.125	9.75	0.000497642921342459	0.648814223623341	0.760147638183069	-0.0293168860559034	1
6.375	9.75	0.0004983321280697	0.682808822059033	0.728172941387641	-0.0289679776958851	1
6.625	9.75	0.000499001624416821	0.698074542906528	0.716025210651488	-0.0284916696570336	1
6.875	9.75	0.000499555587984695	0.654513328039043	0.751903433237543	-0.0292970320210296	1
7.125	9.75	0.000499891150909233	0.767095511228984	0.632237255828953	-0.0271717239021737	1
7.375	9.75	0.000500022116466382	0.693296511971651	-0.7251994824857	-0.0267761457083135	1
7.625	9.75	0.000500083763790866	0.740548054874766	-0.676962482731149	-0.0283186208883162	1
7.875	9.75	0.000500110049258539	0.701994467585795	-0.713643769085751	-0.0280938700275259	1
8.125	9.75	0.000500126245916975	0.715756290239159	-0.700276564532193	-0.0286541688394141	1
8.375	9.75	0.000500141413347361	0.723044504162383	-0.689038664271559	-0.0286205165337561	1
8.625	9.75	0.000500159842510082	0.737116799138138	-0.672576809225223	-0.0282385743088344	1
8.875	9.75	0.000500182465296315	0.770225006638669	-0.632853051827329	-0.02784188432393	1
9.125	9.75	0.000500210447036491	0.792202064620457	-0.606639539336139	-0.0271657872179148	1
9.375	9.75	0.000500239115148813	0.81676622828563	-0.577363017616359	-0.0271635409991293	1
9.625	9.75	0.000500266478099662	0.827155980965505	-0.566295211576526	-0.0275341173227325	1
9.875	9.75	0.000500288515162465	0.838933872094235	-0.553150411213239	-0.0284469760805767	1
10.125	9.75	0.000500306305554585	0.830131224936931	-0.563486824398905	-0.0298570397868176	1
10.375	9.75	0.000500334544450733	0.85381523871221	-0.521727676413934	-0.029909433565666	1
10.625	9.75	0.000500382785551995	0.866933571551052	-0.506947933117098	-0.0303455574500533	1
10.875	9.75	0.00050047620201614	0.797907797369859	-0.594627143390924	-0.0320072844661214	1
11.125	9.75	0.000500640063328418	0.938079874039294	-0.315043858915333	-0.0282381987792124	1
11.375	9.75	0.000500863017197261	0.998682784363245	-0.00806931984221566	-0.0273960857525423	1
11.625	9.75	0.000501124131938792	1.00134428459867	0.0237985592657607	-0.0278613205723135	1
11.875	9.75	0.000501405938996461	0.997494485047756	0.0609596625464773	-0.0284784095395187	1
12.125	9.75	0.000501713844168658	0.993683406967548	0.063769187182644	-0.0278008223602326	1
12.375	9.75	0.000502079835194287	0.992969398787923	0.027469888524339	-0.0266064338784231	1
12.625	9.75	0.000502574378496598	0.995435415951835	0.018267737779749	-0.0247545506726839	1
12.875	9.75	0.000503246594921053	0.995579373320819	0.0050285950184505	-0.0246770384724581	1
13.125	9.75	0.000504069850557599	0.690793639052492	0.715347979333395	-0.0228068353358817	1
13.375	9.75	0.00050497938904867	0.640051595901172	0.7709593085244	-0.0222098352331342	1
13.625	9.75	0.000505954141962986	0.744935968805515	0.662604040218558	-0.0230724366219061	1
13.875	9.75	0.0005069613298088	0.664031803568515	0.744262992391289	-0.0210953052465278	1
14.125	9.75	0.000507990701589804	0.715767358367185	0.699703589208485	-0.0215503177952535	1
14.375	9.75	0.000509039195554598	0.690359920446416	0.722729752663406	-0.0216173372618088	1
14.625	9.75	0.00051008610093477	0.711863814463737	0.703509873977722	-0.0210376468635731	1
14.875	9.75	0.000511113373696241	0.689722197655481	0.726714876725542	-0.0219143208556244	1
15.125	9.75	0.00051210686156322	0.713529027372592	0.701064697341912	-0.0214629728790763	1
15.375	9.75	0.000513047161270066	0.704504329044842	0.713807100827669	-0.0219516629213743	1
15.625	9.75	0.0005139250414359	0.692822252258525	0.718783767979372	-0.0223470257776223	1
15.875	9.75	0.000514754733133187	0.763641194050241	0.650690220707651	-0.0211342174254395	1
16.125	9.75	0.000515582524816768	0.621346003350623	0.778688124298438	-0.0237420562377914	1
16.375	9.75	0.000516487454574146	0.871502403178364	0.493502207366248	-0.0195282304084867	1
16.625	9.75	0.000517613134969888	0.504383572078812	0.85956730445158	-0.0247480118281456	1
16.875	9.75	0.000519030232355133	0.95949054080642	0.232513996845935	-0.0181418081907743	1
17.125	9.75	0.000520801698598121	0.835270965805332	-0.55264448296641	-0.0187372519818994	1
17.375	9.75	0.000522354486755621	0.838092990658481	-0.54262100416089	-0.0190210718236466	1
17.625	9.75	0.000522035788669234	0.789479586790258	-0.599784267575755	-0.0180204634689272	1
17.875	9.75	0.00051739932346862	0.765978821590552	-0.629856627578734	-0.0156128023925069	1
18.125	9.75	0.000506232576467196	0.745678552843401	-0.658098004082893	-0.0147774460033571	1
18.375	9.75	0.000488965783299968	0.717256977311365	-0.69450497482984	-0.0136397460527208	1
18.625	9.75	0.000471929558417063	0.678191205146535	-0.738735654452556	-0.0141903360020744	1
18.875	9.75	0.000470005896013866	0.690612647090955	-0.734081058381054	-0.0143358916298636	1
19.125	9.75	0.000506096826684084	0.797422827351964	-0.626817719407278	-0.0163516248159703	1
19.375	9.75	0.000604037041296012	0.953078030829416	-0.323079940246616	-0.0205280458697716	1
19.625	9.75	0.000768417620562522	0.968756045609555	-0.23482377931452	-0.0201616578661917	1
19.875	9.75	0.000951267110141802	0.896644224103411	-0.398601204360673	-0.0196128177966952	1
20.125	9.75	0.00102177392675292	0.935448937220596	-0.237728105575214	-0.0117142175012448	1
20.375	9.75	0.000757287132782949	0.817436874826945	-0.557789514496541	-0.00337980614683001	1
20.625	9.75	-0.000111346430502793	0.652536077368373	-0.753751672746672	-0.00749320232467156	1
20.875	9.75	-0.00182100724947656	0.861013902398589	-0.490554738086126	-0.0014358179654418	1
21.125	9.75	-0.00445609630183594	0.728581024662503	0.682603235356527	-0.00249379466634458	1
21.375	9.75	-0.00754298698711273	0.19746584515744	0.989020503094444	0.00142655489936572	1
21.625	9.75	-0.009643915146726	0.494170219736034	0.883266779441551	-0.00232938113325312	1
21.875	9.75	-0.00828125050260997	0.0624572152571212	1.00871805747044	0.000825369554933563	1
22.125	9.75	-0.000133026930527688	0.331899648992284	0.945898465139988	-0.00217372553460824	1
22.375	9.75	0.0183327554449588	0.0157310570343352	0.984065502870901	0.000393252624384656	1
22.625	9.75	0.0498933622785735	0.189843134299579	0.931700309876346	-0.00195857398983096	1
22.875	9.75	0.0952551934952962	0.00950897791306905	0.906572603746191	0.000412866508078953	1
23.125	9.75	0.15157595437428	0.0365746432107166	0.846386936703917	-0.00156340989014871	1
23.375	9.75	0.211790643132058	-0.0179258127869233	0.789651837599939	0.000501425830679237	1
23.625	9.75	0.26649025026646	-0.0290161806665663	0.73061134626079	-0.000822656617395797	1
23.875	9.75	0.307338587950047	-0.00704336058563766	0.695358399428138	-5.2430828009686e-06	1
24.125	9.75	0.32972838554616	-0.587898132044971	0.293532687909989	0.000281274428888617	1
24.375	9.75	0.33478754417141	-0.446997961156071	0.488691840087465	-0.00714914356576104	1
24.625	9.75	0.328478788647797	-0.661557929102636	0.0807346019913266	0.00136568140514451	1
24.875	9.75	0.317514095631784	-0.668082901428758	-0.125855734343808	-0.00889256732786504	1
25.125	9.75	0.30636018589611	-0.708471795769196	0.0785411839084997	0.00120905003934403	1
25.375	9.75	0.296967795154158	-0.712579994167193	-0.0978100943191958	0.00131102706806207	1
25.625	9.75	0.289072204101687	-0.729375906243363	-0.0717207646014605	0.0103371668109256	1
25.875	9.75	0.281920684075097	-0.719322350868612	-0.0834467365198893	0.0133619578217878	1
26.125	9.75	0.274850794476253	-0.721070316026988	-0.0752659700517186	0.0145363882390209	1
26.375	9.75	0.26758507537526	-0.72346458226206	-0.0832113409726653	0.014448160589916	1
26.625	9.75	0.260129184624803	-0.737491088371727	-0.0727566181922853	0.0136542203797272	1
26.875	9.75	0.252617062874103	-0.740660115700659	-0.131319347253674	0.0162989903376504	1
27.125	9.75	0.245193561158241	-0.732503483668911	-0.168276949735539	0.0174591315045665	1
27.375	9.75	0.237985982911451	-0.669136673293922	-0.374049910477697	0.0164852872768201	1
27.625	9.75	0.231283139111691	-0.697711257593307	-0.348099925970913	0.0218472466115738	1
27.875	9.75	0.22534354231523	-0.735144125293468	-0.248036904113594	0.0240936987143643	1
28.125	9.75	0.22044013677277	-0.758843078033842	-0.156357342460525	0.0245572814285456	1
28.375	9.75	0.216635638020557	-0.784159906406115	-0.00765912245773735	0.0236880708829769	1
28.625	9.75	0.213682305146197	-0.793891086499197	0.0545879083929626	0.0268504838419906	1
28.875	9.75	0.21109253778931	-0.802514259497554	0.0912363092972308	0.0303225078748298	1
29.125	9.75	0.208447286460358	-0.801985270003869	0.137530772924494	0.0382506216782868	1
29.375	9.75	0.205317943419919	-0.768466545041318	0.125766724452968	0.0433166240064742	1
29.625	9.75	0.201605628691266	-0.776021295858207	-0.0424486358925177	0.0329691392873052	1
29.875	9.75	0.198226677117567	-0.79554293359305	-0.20863272208384	0.0354824220626273	1
30.125	9.75	0.195974857309089	-0.786624189488201	-0.298390701031902	0.0462708826241603	1
30.375	9.75	0.195794786639467	-0.795191414317462	-0.266952996777926	0.0565202529881705	1
30.625	9.75	0.19862057533239	-0.750655979346717	-0.367047272845398	0.0663745012988376	1
30.875	9.75	0.205238266213104	-0.767538343471105	-0.283097526839082	0.0754330490686062	1
31.125	9.75	0.215444613997411	-0.725510755959804	-0.333096861973871	0.0808798053756499	1
31.375	9.75	0.228345113127032	-0.729037491452989	-0.232950646570858	0.0848489922505086	1
31.625	9.75	0.241748999684851	-0.722561387118188	-0.0380793738366236	0.0809825584374571	1
31.875	9.75	0.25304670002046	-0.672104276723479	0.215280793049953	0.0709222267712937	1
32.125	9.75	0.260721294477124	-0.604912762317451	-0.377510797038582	0.0616327157750033	1
32.375	9.75	0.266055288011354	-0.181746076387304	-0.696638763118651	0.0639302904844233	1
32.625	9.75	0.270000841674833	-0.371962128193071	-0.61862625723681	0.063927091418455	1
32.875	9.75	0.27551237242017	-0.496488989710077	-0.518483513958781	0.0646240137439329	1
33.125	9.75	0.281865001111321	-0.708455874911605	-0.183951447118129	0.064057137045293	1
33.375	9.75	0.286250501013514	-0.674478649958416	-0.206564164235734	0.0748711309867331	1
33.625	9.75	0.286608902758787	-0.62928402747127	-0.339384101419709	0.062909430054031	1
33.875	9.75	0.286056637973889	-0.688463926332744	-0.171001942056923	0.0763297677812697	1
34.125	9.75	0.283793912001996	-0.662227998405045	-0.257593364930548	0.0628497606888881	1
34.375	9.75	0.282643567464122	-0.668778187852762	-0.288641875404426	0.0748407939668674	1
34.625	9.75	0.281730342210164	-0.6931938387033	-0.095327667054174	0.0683515533904552	1
34.875	9.75	0.280691195219244	-0.672047224259673	-0.229379960974838	0.0664549488087831	1
35.125	9.75	0.277443944199541	-0.531040005803835	0.382992705235693	0.0602095038427259	1
35.375	9.75	0.269011870665336	-0.361149236215005	0.541792929711269	0.0533688827267904	1
35.625	9.75	0.253707691383452	-0.500756197300815	0.483122594773017	0.0459433887987153	1
35.875	9.75	0.23347392172672	-0.499387259804875	0.524234915414265	0.0453948845919725	1
36.125	9.75	0.214416783232184	0.0571127649427265	0.72529831523643	0.0464562406625719	1
36.375	9.75	0.198591719331428	0.185625643472474	0.723389901216134	0.0537391414734333	1
36.625	9.75	0.187280066163842	0.71182808834651	0.24069177543637	0.0659326538337826	1
36.875	9.75	0.181743156237868	0.784437247168678	-0.130992340746047	0.0778483622516015	1
37.125	9.75	0.181693420043113	0.797681814507958	0.00377329944746507	0.0782857465302655	1
37.375	9.75	0.184513604089269	0.876876300204823	-0.023033899226345	0.0861190363389081	1
0.125	10.25	0.000492435452326909	0.782166672872099	-0.628867547739636	-0.0333685633816964	1
0.375	10.25	0.000492469159827314	0.834597989391368	-0.554098250111272	-0.0351589052744485	1
0.625	10.25	0.00049250888923498	0.806465728626751	-0.594097466144449	-0.0342550006237131	1
0.875	10.25	0.000492559053589625	0.820993618339987	-0.572721678700263	-0.0359442895454975	1
1.125	10.25	0.000492612426462266	0.847783912040531	-0.536097739696693	-0.034694491365126	1
1.375	10.25	0.000492668970875893	0.804952627726293	-0.590093980046504	-0.0373711720006019	1
1.625	10.25	0.000492712476498537	0.958837237135208	-0.224651397744036	-0.0338359857956403	1
1.875	10.25	0.000492744257865027	0.889687450049304	-0.435196016359552	-0.0299752372772234	1
2.125	10.25	0.00049278324270012	0.927878258709409	-0.364683971060954	-0.0295416135108877	1
2.375	10.25	0.000492835049053709	0.94320390367256	-0.330604839325772	-0.0288466657534982	1
2.625	10.25	0.00049287435353965	0.899102918847674	-0.438632617903098	-0.0297547733934046	1
2.875	10.25	0.000492920169773936	0.903404210288133	-0.412285517700288	-0.0289658393682005	1
3.125	10.25	0.000492986472616472	0.960982527676502	-0.265568845242076	-0.0265145693704489	1
3.375	10.25	0.000493080437648227	0.993364090816289	-0.15313763177367	-0.0277157839921299	1
3.625	10.25	0.000493220882849768	1.00276396167351	-0.0631533857064776	-0.0293411085740586	1
3.875	10.25	0.000493428856895428	0.997124387003135	-0.102947439856436	-0.0303593390175509	1
4.125	10.25	0.000493702984173045	0.848471734856828	0.513361383423932	-0.0308349503922469	1
4.375	10.25	0.000494014768627273	0.551646612865182	0.832169156852839	-0.0271030106041874	1
4.625	10.25	0.000494356755627264	0.853863685452076	0.521117269799512	-0.03041082798943	1
4.875	10.25	0.000494722987394546	0.637493702168121	0.766259234946875	-0.0276151674705052	1
5.125	10.25	0.00049512039918388	0.724104312350625	0.693303667181503	-0.0294508952482837	1
5.375	10.25	0.000495555221101062	0.728900381807393	0.681312410605817	-0.0286595599626552	1
5.625	10.25	0.000496042951080761	0.644003678641196	0.766235970124213	-0.0288383568104037	1
5.875	10.25	0.0004965854038511	0.755199046337049	0.655224843840667	-0.0288804480452485	1
6.125	10.25	0.000497186645230441	0.627224591406139	0.778694777035633	-0.0290139415565674	1
6.375	10.25	0.000497806634623436	0.749699413057235	0.659471022123485	-0.0287622944802013	1
6.625	10.25	0.000498402468854308	0.668866942934572	0.741012489776178	-0.0284153895937848	1
6.875	10.25	0.000498882424680455	0.74449892873485	0.657314146829802	-0.0281700399763389	1
7.125	10.25	0.000499180545241688	0.784464283389686	0.608751710314756	-0.0254149047739249	1
7.375	10.25	0.000499302085047678	0.730951620576576	-0.686022755189776	-0.0253332895540558	1
7.625	10.25	0.00049935847299809	0.739563796755277	-0.679952566835059	-0.0263421926775359	1
7.875	10.25	0.000499382887241225	0.734643406609864	-0.681981631143292	-0.0270582751346652	1
8.125	10.25	0.000499393779016161	0.71497511149996	-0.703130174414412	-0.0272668050451978	1
8.375	10.25	0.000499399958533205	0.728081747586794	-0.687787886013436	-0.0280047600533807	1
8.625	10.25	0.000499406868400497	0.717719258191945	-0.696953635229695	-0.0279141344006224	1
8.875	10.25	0.000499415373513614	0.738779439988604	-0.672939405352712	-0.0281110105826158	1
9.125	10.25	0.000499429284861067	0.750597964679366	-0.657871426904114	-0.0277202650909689	1
9.375	10.25	0.000499446884544966	0.77926368469536	-0.624080593183047	-0.0274358800443858	1
9.625	10.25	0.000499466211099805	0.797608229729012	-0.602073539340186	-0.0272541456720874	1
9.875	10.25	0.0004994835229335	0.820563304151763	-0.57422730288012	-0.0273782937854975	1
10.125	10.25	0.000499492854631795	0.83062766285094	-0.564051701061187	-0.0281930432123409	1
10.375	10.25	0.000499499169979059	0.830253081816408	-0.56113429247886	-0.0293067419029743	1
10.625	10.25	0.00049951470873681	0.872474657547024	-0.496430106584735	-0.0292054529961392	1
10.875	10.25	0.000499553325668741	0.832346639834003	-0.561120221835055	-0.0313200005563873	1
11.125	10.25	0.000499649596987526	0.836856969403537	-0.532128976981611	-0.0308340030780532	1
11.375	10.25	0.000499812760079034	0.985638503255879	-0.123179163516068	-0.0278518180757403	1
11.625	10.25	0.000500032676051659	1.00043758613424	0.0270846256270594	-0.0278257309587919	1
11.875	10.25	0.000500299245936232	0.996072972343976	0.0807191467246127	-0.0285206994763422	1
12.125	10.25	0.000500627152373729	0.99117943884686	0.0659242420108064	-0.0277464930191845	1
12.375	10.25	0.000501065499757514	0.993356206642771	0.0583586643849412	-0.025495535949358	1
12.625	10.25	0.000501658735905582	0.99597798464824	-0.0211247560109741	-0.0255448398813599	1
12.875	10.25	0.000502398326884913	0.768688684895859	0.62354436671191	-0.0238431479964408	1
13.125	10.25	0.00050323550936503	0.621360093774424	0.783543261576793	-0.0209988564115597	1
13.375	10.25	0.000504151618458488	0.764117897026641	0.644666077600498	-0.0235072622097618	1
13.625	10.25	0.000505118720497959	0.688226398675495	0.722692806960828	-0.0211529929545478	1
13.875	10.25	0.00050611080284179	0.706030897916674	0.712071962883423	-0.0223943216407582	1
14.125	10.25	0.000507139645361802	0.719045837517388	0.696920939738583	-0.0221920658632736	1
14.375	10.25	0.000508178073622528	0.693430143271155	0.722860086894761	-0.0229761022199177	1
14.625	10.25	0.000509220075352898	0.729448714088319	0.686607047519702	-0.0225525603655127	1
14.875	10.25	0.000510245647379376	0.691715289804473	0.723431213462791	-0.0238157566161945	1
15.125	10.25	0.000511241795409438	0.747991216518089	0.663156124784549	-0.0226414336706266	1
15.375	10.25	0.000512185037503117	0.697812870923545	0.716201534314549	-0.0239369039435001	1
15.625	10.25	0.000513066659110177	0.757994615794511	0.64700182664983	-0.0224696880390714	1
15.875	10.25	0.000513888926895299	0.728834503488805	0.684214884818804	-0.0229354959719485	1
16.125	10.25	0.000514690771048444	0.723270069846984	0.680855087451056	-0.0223090289585379	1
16.375	10.25	0.000515542926731573	0.813122543837078	0.582759627858445	-0.0206717523569977	1
16.625	10.25	0.000516570682332157	0.597058984736189	0.792898552373125	-0.0224614939123284	1
16.875	10.25	0.000517879169424139	0.954213484976374	-0.278587904522471	-0.0182259095480723	1
17.125	10.25	0.000519520426121935	0.931292528363191	-0.380881084885083	-0.019773819886278	1
17.375	10.25	0.000520866336929006	0.934280518261421	-0.382547128523572	-0.021602782254799	1
17.625	10.25	0.000520368760777456	0.946854234532131	-0.339589671109653	-0.0245721432619094	1
17.875	10.25	0.000515841626028422	0.947939588456858	-0.322183736659295	-0.0248036322376677	1
18.125	10.25	0.000505606257809028	0.977797521036546	-0.197677580557135	-0.0254988550915017	1
18.375	10.25	0.000490961058046012	0.983795247156692	-0.12934060063551	-0.0240076785361019	1
18.625	10.25	0.000479595480590023	0.97951082164038	-0.0960568040005725	-0.0219985983214246	1
18.875	10.25	0.000487959437474511	0.941617796386702	-0.25716228236221	-0.0164829082194911	1
19.125	10.25	0.000538396106277002	0.84597693435551	-0.509319363173646	-0.0104759861070749	1
19.375	10.25	0.00064678165670396	0.731178295217682	-0.682961155292153	-0.0106141425873965	1
19.625	10.25	0.000799786016934848	0.791037858809226	-0.617564522191337	-0.0100383440280117	1
19.875	10.25	0.00092282983921378	0.752162832056381	-0.669469681871019	-0.0121314526711104	1
20.125	10.25	0.000851429065914059	0.729986510416786	-0.672954270879964	-0.0129820196491215	1
20.375	10.25	0.000337107091464328	0.871491067683918	-0.45240687573973	-0.00946732759200724	1
20.625	10.25	-0.000860501224209732	0.622910192263996	-0.778574521014095	-0.00591286011343468	1
20.875	10.25	-0.00277645560473203	0.51428354548079	-0.849023081188133	-0.00793733792876575	1
21.125	10.25	-0.00507040325319007	-0.0575217100427532	1.01069512724262	-0.00283210975419123	1
21.375	10.25	-0.00694360070674389	0.276772916494712	0.980271811187075	-0.00718753921519413	1
21.625	10.25	-0.00698094052889017	0.00567839668361142	1.01408821640023	-0.00435866029716595	1
21.875	10.25	-0.00315861505969128	0.168268932931558	0.999530723365253	-0.00666453498721126	1
22.125	10.25	0.00696969494987385	0.0556383914286391	0.998656483831233	-0.00506198312791119	1
22.375	10.25	0.0258498718279324	0.121366633978394	0.975733733969974	-0.00640093848439736	1
22.625	10.25	0.0553072054600503	0.102322811329391	0.946769282182296	-0.00522671883477401	1
22.875	10.25	0.0956776900249228	0.0944545210832203	0.906955419863309	-0.00656917015366697	1
23.125	10.25	0.144941893600287	0.163645596719696	0.847972218323338	-0.00488753077530814	1
23.375	10.25	0.198189181346608	0.0450932526448719	0.80595270250587	-0.00745981560589542	1
23.625	10.25	0.248659724111058	0.285542154193693	0.705996199042862	-0.00408582294500458	1
23.875	10.25	0.289196691622155	-0.0639518641198885	0.710609985245361	-0.00961165276311967	1
24.125	10.25	0.315722584036868	0.597265420196383	0.300351340220215	-0.00312117985529971	1
24.375	10.25	0.326685667279765	-0.304169382279624	0.592115293712864	-0.00102989015278204	1
24.625	10.25	0.325063464674141	0.667944318682708	0.0443401671367402	-0.00500336495127653	1
24.875	10.25	0.317362048624882	0.173710007986062	0.647328083099551	0.00117448070565515	1
25.125	10.25	0.306343295019822	0.677967140834623	-0.0154409826636064	-0.00140140352394262	1
25.375	10.25	0.2951263875045	0.60403412657651	0.322074432364493	0.00839699541618147	1
25.625	10.25	0.283997457448916	0.699902700198082	-0.131228808130178	0.00891031549675637	1
25.875	10.25	0.273637761412343	0.709916096151384	-0.13265473317094	0.00941215067988856	1
26.125	10.25	0.263781637822674	0.71690455853724	-0.152516308310557	0.00995447699039693	1
26.375	10.25	0.254163744904623	0.724783284096946	-0.168524874521863	0.0100092269621709	1
26.625	10.25	0.244577611759246	0.734594133786506	-0.177218596222864	0.00974485323261974	1
26.875	10.25	0.234828465052193	0.753397551741679	-0.138728484210106	0.00886529541561478	1
27.125	10.25	0.224781821891402	0.769339458356675	-0.127838476002416	0.00818313960868498	1
27.375	10.25	0.21458298843824	0.765656787012844	-0.16928446065053	0.0053872558526675	1
27.625	10.25	0.20489737867304	0.76468461140887	-0.144422472528189	0.00758209260639803	1
27.875	10.25	0.196177655291626	0.749372897739727	-0.222949075539706	0.0122812989142547	1
28.125	10.25	0.18882940534512	0.729776099028554	-0.307360107986102	0.0163437487164823	1
28.375	10.25	0.183098463292356	0.706074246520032	-0.379830260294672	0.0191503049082481	1
28.625	10.25	0.178854200960966	0.712362377340266	-0.378460785345861	0.0210031224940102	1
28.875	10.25	0.175528649749511	0.69971286628711	-0.403968659070589	0.0230854813594029	1
29.125	10.25	0.172252994252187	0.698244483586726	-0.39310147939327	0.0255242027832953	1
29.375	10.25	0.167847710719344	0.730509372623696	-0.335634624416088	0.0317685858229679	1
29.625	10.25	0.161363698784391	0.667321308279302	-0.483037141315136	0.0347269249099381	1
29.875	10.25	0.153304971939119	0.615770276104328	-0.558181178157118	0.0353230733430562	1
30.125	10.25	0.144899113181806	0.548194825382356	-0.625958464617906	0.0382904682679511	1
30.375	10.25	0.137627719603365	0.450123449393	-0.703079054769342	0.0407357612795042	1
30.625	10.25	0.132957947333867	0.385228127044396	-0.740640451520606	0.0440068000893496	1
30.875	10.25	0.132333502005678	0.185010761612855	-0.810600092822698	0.0465100236687246	1
31.125	10.25	0.136454755807675	0.133927885240907	-0.813234404687168	0.0487470534386774	1
31.375	10.25	0.14508499159438	-0.133176352516162	-0.804139679296953	0.0501099322620802	1
31.625	10.25	0.15643671975165	-0.15325168263805	-0.794157200732052	0.0491067093546261	1
31.875	10.25	0.167753779143065	-0.340156463351072	-0.737511937381447	0.0510783505266733	1
32.125	10.25	0.176831454172811	-0.275129221886466	-0.763907980449959	0.0495719807534373	1
32.375	10.25	0.184075685930624	-0.823321851798121	-0.00257130977084949	0.0508175981431048	1
32.625	10.25	0.187940894357718	-0.82392608136109	-0.0884531527064515	0.0571647041448403	1
32.875	10.25	0.191627777366777	-0.81681196365723	-0.0882152078741709	0.0630578974014963	1
33.125	10.25	0.19560827039509	-0.794731988701049	-0.11882882764037	0.0679272113863841	1
33.375	10.25	0.198032937949327	-0.789694146005098	0.0523576145600566	0.0666592255052612	1
33.625	10.25	0.197869865856876	-0.76558379277775	-0.24245666693884	0.066557595374087	1
33.875	10.25	0.197384854784649	-0.80403365562548	-0.00444730589751589	0.0701305874286545	1
34.125	10.25	0.196242220305951	-0.752305214557389	-0.295911363056815	0.0709218943668523	1
34.375	10.25	0.196491467723795	-0.808887145255038	-0.0906971784125848	0.0739823092751254	1
34.625	10.25	0.19757853262455	-0.765032082559534	-0.298854719614053	0.0791141996891268	1
34.875	10.25	0.199354212468603	-0.804175553430803	-0.272884830035566	0.0847003409348832	1
35.125	10.25	0.20065892564363	-0.712217431374439	-0.442870949925655	0.103429417305999	1
35.375	10.25	0.198319502618583	-0.707357948096196	0.13426318332383	0.0982156002433216	1
35.625	10.25	0.189479023082818	-0.452991602993276	0.548957109406687	0.0718938721780734	1
35.875	10.25	0.175484124912439	-0.125723653528314	-0.862678772245496	0.0728302461387116	1
36.125	10.25	0.162291119608968	-0.0590967076861972	-0.876378883345952	0.0806624121993521	1
36.375	10.25	0.152278369494688	0.388900594562576	-0.787025158356192	0.0798064093862178	1
36.625	10.25	0.146851012461908	0.611176249964595	-0.600326056285453	0.0816896957187824	1
36.875	10.25	0.147321872486623	0.829067558672242	-0.0563669920890899	0.0872804221158527	1
37.125	10.25	0.152558882664135	0.806308902165113	0.103784646792481	0.0900264180879939	1
37.375	10.25	0.157985189939366	0.888231045355139	-0.235347314105826	0.099055513681474	1
0.125	10.75	0.000492097091477684	0.769840880296018	-0.640332721606964	-0.0310184650659939	1
0.375	10.75	0.000492130582701898	0.827809478124819	-0.563786970181111	-0.031877541161867	1
0.625	10.75	0.000492173836896702	0.766570699686096	-0.640400378969462	-0.0320966765053945	1
0.875	10.75	0.000492227060313878	0.811391782799756	-0.581041585211371	-0.0317643198631999	1
1.125	10.75	0.00049228857146582	0.726105855230103	-0.683479694906202	-0.0316755839316171	1
1.375	10.75	0.000492345418019889	0.753702415876008	-0.652198291479154	-0.0310791296906589	1
1.625	10.75	0.000492401813623078	0.668628853464319	-0.740194365509868	-0.0305597734064559	1
1.875	10.75	0.000492442628807025	0.762194345872438	-0.641671878720871	-0.0306573272070997	1
2.125	10.75	0.000492474971120617	0.735538877516631	-0.670998561766967	-0.0292730076996573	1
2.375	10.75	0.000492507373425696	0.81303724019209	-0.577481699065887	-0.0294416125186277	1
2.625	10.75	0.00049253523501545	0.864344802593569	-0.505630196536471	-0.0285172169833375	1
2.875	10.75	0.000492573217527022	0.843152346410285	-0.538154541755892	-0.0308061292972932	1
3.125	10.75	0.000492636336013039	0.890782784285996	-0.440408253752014	-0.0289906840034658	1
3.375	10.75	0.00049274065865911	0.996361916780717	-0.0843663378834628	-0.0281980104978144	1
3.625	10.75	0.000492907750871954	0.999611988654439	-0.0884867209653888	-0.0292570841736305	1
3.875	10.75	0.000493141854502286	0.975958727667602	0.192281852329721	-0.0302382320427264	1
4.125	10.75	0.000493421710176119	0.586954086614052	0.805576588199491	-0.0269498246560994	1
4.375	10.75	0.000493732929353971	0.812042766378321	0.591473134260633	-0.0294775526889477	1
4.625	10.75	0.000494068009747652	0.69131762148693	0.717505525251614	-0.0289748820583655	1
4.875	10.75	0.000494430053101984	0.663048016926678	0.752516808773024	-0.0284317489934708	1
5.125	10.75	0.000494818518556988	0.712159743985933	0.700846291172995	-0.0299703007028803	1
5.375	10.75	0.000495239031110329	0.642876045070188	0.767098689055515	-0.0284006424886521	1
5.625	10.75	0.000495698241404851	0.664901850889588	0.748339454580978	-0.0302109447703281	1
5.875	10.75	0.000496196925876748	0.686443672981964	0.725941841620492	-0.0289482053578218	1
6.125	10.75	0.000496733786809824	0.636917431513032	0.769739985939928	-0.0298471448400109	1
6.375	10.75	0.00049728127152538	0.759704599276969	0.642293590547651	-0.0286195397205967	1
6.625	10.75	0.000497805419848025	0.691105343698059	0.713737012782955	-0.027728839723463	1
6.875	10.75	0.000498237149033884	0.821842177685344	0.552739468894626	-0.0261085024523752	1
7.125	10.75	0.000498517424442453	0.768568474329609	0.63278210931756	-0.0236461438079482	1
7.375	10.75	0.000498636499438805	0.774470215221618	-0.635178229953786	-0.0244504690016402	1
7.625	10.75	0.000498691144508258	0.737752148292385	-0.680512792101267	-0.0244875065178075	1
7.875	10.75	0.000498714189320489	0.755930611455321	-0.660058791721886	-0.0258240465822685	1
8.125	10.75	0.000498721232232657	0.720224551912441	-0.698527441664739	-0.0259387937855304	1
8.375	10.75	0.000498721030355245	0.732130491348649	-0.685990506924808	-0.0269585955447368	1
8.625	10.75	0.000498717910136987	0.713906335704083	-0.703490993743355	-0.0271782840209894	1
8.875	10.75	0.000498714409664751	0.723310564118157	-0.69299318937874	-0.0276952780570051	1
9.125	10.75	0.00049871348363631	0.723915346126193	-0.690433586223934	-0.0277769721545703	1
9.375	10.75	0.000498715964198179	0.740880411397039	-0.670878674600479	-0.0277747384529209	1
9.625	10.75	0.000498721105484369	0.759473358459647	-0.649055349146053	-0.0275888985325896	1
9.875	10.75	0.000498726061787997	0.780194554871269	-0.6241509130757	-0.0274812935963987	1
10.125	10.75	0.000498725731864272	0.809462431585125	-0.589069492465859	-0.0273828439609599	1
10.375	10.75	0.000498714658347455	0.814048545767766	-0.585013107256012	-0.0282403403752239	1
10.625	10.75	0.000498700772685345	0.84034297569036	-0.54461945481311	-0.0285602104461604	1
10.875	10.75	0.000498695090166513	0.87230986662557	-0.502851574148013	-0.0291290919688371	1
11.125	10.75	0.000498726073686634	0.800847318715941	-0.598428802304551	-0.0318795754691019	1
11.375	10.75	0.000498832973535513	0.921034080037719	-0.366071227072075	-0.0289913865000975	1
11.625	10.75	0.000499022833492163	0.999266345425793	0.00256872874265377	-0.028007758314027	1
11.875	10.75	0.000499300816962059	0.993713536411716	0.0865530197725484	-0.0288930707076671	1
12.125	10.75	0.000499684311410979	0.991349549024386	0.0872664332032757	-0.0270158186862995	1
12.375	10.75	0.000500202344424858	0.993718855201906	-0.0226254334027467	-0.0267404913408467	1
12.625	10.75	0.00050085901360747	0.855467435339452	0.488960851866352	-0.0242473336386832	1
12.875	10.75	0.00050161928535528	0.611338477838778	0.790719739119414	-0.0200115129021842	1
13.125	10.75	0.000502464782598269	0.769994036097716	0.64497699602437	-0.0236912456620356	1
13.375	10.75	0.000503369725852238	0.691983158764077	0.719925956544208	-0.0222216550611968	1
13.625	10.75	0.000504310443352294	0.704031699227707	0.715050946188735	-0.0227241118489053	1
13.875	10.75	0.000505291111174407	0.700230190995838	0.715403403347582	-0.0235167279722312	1
14.125	10.75	0.000506304014648509	0.70915758921229	0.706019364405334	-0.0229495704888612	1
14.375	10.75	0.00050733111631482	0.68830370805886	0.72484853466012	-0.0237071410493136	1
14.625	10.75	0.00050837275221828	0.728474644279773	0.683626007049021	-0.0225123526102187	1
14.875	10.75	0.000509404876505391	0.678033948839323	0.732081962383405	-0.0234558321527161	1
15.125	10.75	0.000510414677350275	0.751661581195438	0.655732616445906	-0.0213845997960111	1
15.375	10.75	0.000511377299853865	0.66590077273026	0.742979617712634	-0.0227051079601427	1
15.625	10.75	0.000512273351549276	0.769146575055428	0.633911409561938	-0.0202104115736333	1
15.875	10.75	0.000513105985399331	0.667744349541411	0.743171574421998	-0.0215868928003952	1
16.125	10.75	0.000513893088799644	0.769712234671728	0.633566655388395	-0.019485107914225	1
16.375	10.75	0.00051471111598632	0.718531206196838	0.697152825555853	-0.0204707399315498	1
16.625	10.75	0.000515654217207604	0.74164818298463	0.665057878169357	-0.019518286639191	1
16.875	10.75	0.0005168465204699	0.857538964264368	-0.503558055279533	-0.0190621561157071	1
17.125	10.75	0.000518264014485079	0.873996605849602	-0.46878362438899	-0.017278030227202	1
17.375	10.75	0.00051920521266625	0.827704334206088	-0.558084543772573	-0.0155825163120113	1
17.625	10.75	0.000518223571162594	0.837776547453983	-0.545445363457369	-0.0165452483785086	1
17.875	10.75	0.000513446658870204	0.762459730938946	-0.646516587219981	-0.0154905024502813	1
18.125	10.75	0.000503808760632722	0.771569496330316	-0.636795364404371	-0.0162328639215431	1
18.375	10.75	0.000491266675794864	0.767893894500584	-0.644148269159108	-0.0155786774511386	1
18.625	10.75	0.000483621217627903	0.822664550167954	-0.58019641408358	-0.0170533787291752	1
18.875	10.75	0.0004963438446228	0.901198735064914	-0.446866534237381	-0.0186287151451844	1
19.125	10.75	0.000549851550047749	0.947751979870332	-0.311500300276684	-0.0203332806855492	1
19.375	10.75	0.000657003723009034	0.962598274509005	-0.239788734174826	-0.0182323080227654	1
19.625	10.75	0.000798655043501241	0.917656840805539	-0.375065306611669	-0.0169820164387526	1
19.875	10.75	0.00089258019447367	0.943874229501477	-0.31895172437533	-0.014361290236302	1
20.125	10.75	0.00077264788351925	0.886703900652045	-0.462369819054659	-0.0153909925602296	1
20.375	10.75	0.000210881592793456	0.930131421100046	-0.335307955595145	-0.0142838248494089	1
20.625	10.75	-0.000975732407820724	0.982510921220682	-0.131796421349945	-0.0100339072793482	1
20.875	10.75	-0.00267101462409949	0.0409359783038696	1.00481176977614	-0.00974649563583296	1
21.125	10.75	-0.00435322364337292	0.0747461002926672	1.00993458997907	-0.00971067524816066	1
21.375	10.75	-0.00517592253289518	0.0874888965156253	1.00386888088796	-0.00982104247436078	1
21.625	10.75	-0.00399609992099413	0.0847106705956836	1.00709508351214	-0.00943311751124485	1
21.875	10.75	0.000631488979641786	0.145221499894889	0.991399774551589	-0.00946861753783237	1
22.125	10.75	0.0103231513010387	0.116298231851055	0.988197906241668	-0.00931292816972015	1
22.375	10.75	0.026626213180237	0.219825295141516	0.951625410263765	-0.00865080277733581	1
22.625	10.75	0.0506147576972679	0.144077511262624	0.94277174334253	-0.00951065413863884	1
22.875	10.75	0.0824494611758818	0.324891088285116	0.862556630679938	-0.00721571600629495	1
23.125	10.75	0.120747404980024	0.13643710405202	0.87287385666544	-0.010122867939722	1
23.375	10.75	0.162428489723472	0.484169249540099	0.688065197729233	-0.00527004840142085	1
23.625	10.75	0.20272117270004	0.0762855711051599	0.799735820099545	-0.0107354745565144	1
23.875	10.75	0.236305510464102	0.689097226945326	0.282180055227714	-0.00327343477624683	1
24.125	10.75	0.259113809478888	0.0664893497354762	0.746868434154235	-0.000200152213785936	1
24.375	10.75	0.267787321591549	0.687908888102186	0.259650016043637	-0.00135418678980329	1
24.625	10.75	0.264448070226019	0.23579766029747	-0.690249923887841	-0.000848616033730796	1
24.875	10.75	0.256263903315875	0.652214079438638	-0.343416966493059	0.00146366120636018	1
25.125	10.75	0.244589619151998	0.459090479957371	-0.59378464415432	0.00131953387254494	1
25.375	10.75	0.233172207168483	0.688776901261739	-0.305225749504633	0.00385248318405682	1
25.625	10.75	0.222147491884158	0.72477076073374	-0.245992855418322	0.00679457091026861	1
25.875	10.75	0.212420214644024	0.772307778436013	-0.100165538388244	0.00929489718221894	1
26.125	10.75	0.20357337097724	0.787442573962144	-0.0872567573141772	0.0108149105578672	1
26.375	10.75	0.195176357139744	0.797747306444903	-0.096107397746808	0.0110573113709981	1
26.625	10.75	0.186898640170408	0.802404805576545	-0.114704152581746	0.0111504949982612	1
26.875	10.75	0.178448530959101	0.804629351445767	-0.146439383142811	0.0119734228050052	1
27.125	10.75	0.169596093173812	0.810608787181237	-0.178163038106634	0.0126310577347044	1
27.375	10.75	0.160464112431689	0.800953313180866	-0.255921468879969	0.0117867621792785	1
27.625	10.75	0.15174349102208	0.813504627405656	-0.236303982271301	0.0117855379315854	1
27.875	10.75	0.143894784146366	0.840778554802123	-0.141097414955805	0.0120855874348198	1
28.125	10.75	0.137238530047384	0.855098870299701	-0.0523899117140372	0.0131701440975084	1
28.375	10.75	0.131990294387026	0.858372541094866	0.0239721495157039	0.0147292634155387	1
28.625	10.75	0.128164346458344	0.85652062653358	0.0785779361895799	0.0174782194075013	1
28.875	10.75	0.125409109914083	0.85325527277547	0.119456086489807	0.020214852437807	1
29.125	10.75	0.123065993362961	0.849435700124512	0.153248592370515	0.0235222242693687	1
29.375	10.75	0.120138863196261	0.853887607828976	0.184401859854538	0.0265065501816274	1
29.625	10.75	0.115673944380709	0.868384150955069	0.136000795800956	0.0261654986943964	1
29.875	10.75	0.109756176544975	0.873358094846268	0.038777380451579	0.0284520444107308	1
30.125	10.75	0.103162199245526	0.87346115374312	0.0409126353742185	0.0331115966110834	1
30.375	10.75	0.0968478786059682	0.869815286832899	0.134589089106382	0.0384399998515545	1
30.625	10.75	0.091762478197556	0.851581780805448	0.25741870163065	0.0432839681133154	1
30.875	10.75	0.0888042785700334	0.827806940115635	0.346188265053746	0.0463552539550409	1
31.125	10.75	0.0887542835687489	0.780169738949391	0.441018013658923	0.0484517407409868	1
31.375	10.75	0.091833252079642	0.767065331036299	0.456630333481033	0.05172535068346	1
31.625	10.75	0.0975151284143931	0.682218848298012	0.556501636327379	0.0531921990538847	1
31.875	10.75	0.104308908185773	0.718112043670289	0.497619617006132	0.0587649365306165	1
32.125	10.75	0.110399883803838	0.545695933969927	0.667587342638247	0.0592125102085691	1
32.375	10.75	0.113913781191408	0.671087830349925	0.524844931992994	0.0666607084327634	1
32.625	10.75	0.113574042280772	0.669386872828581	-0.58113140472002	0.0693337019597843	1
32.875	10.75	0.113292811249085	0.702253531489537	-0.539836141300437	0.0652924138391469	1
33.125	10.75	0.114345915939588	0.814422923878667	-0.29592103500311	0.0663555837862089	1
33.375	10.75	0.115780234789716	0.849464660301067	-0.184365826001382	0.0723941904974502	1
33.625	10.75	0.116235108327287	0.831799177511693	-0.261398232604584	0.0717576843780826	1
33.875	10.75	0.11650083625334	0.849559616247092	-0.18666327164116	0.0770595780057148	1
34.125	10.75	0.116278611363781	0.838291911820626	-0.236143056335026	0.0768721662874501	1
34.375	10.75	0.116887086319342	0.838513197946314	-0.218428334966964	0.0823288484360376	1
34.625	10.75	0.118431359621676	0.843690323103212	-0.184259805662291	0.0839945286200994	1
34.875	10.75	0.121272122516304	0.829124408660899	-0.169914044382652	0.089761081758908	1
35.125	10.75	0.124593517119654	0.807476587790907	-0.103366812240326	0.0985367239147149	1
35.375	10.75	0.126302421524255	0.796993082583513	-0.21003057245145	0.117435803853472	1
35.625	10.75	0.123140742216504	0.87507202212086	-0.306171098878449	0.121861751141385	1
35.875	10.75	0.114086138479899	0.90522167962474	-0.30152271906777	0.0943961690145425	1
36.125	10.75	0.103364076642114	0.775060722346415	-0.489716123546296	0.0893097269924486	1
36.375	10.75	0.0944162438774207	0.676316697327838	-0.623966803118166	0.0885651670658318	1
36.625	10.75	0.0899602871263841	0.659626292822158	-0.626205724849755	0.0882406659828111	1
36.875	10.75	0.0910558949254182	0.697120463093321	-0.563322023591521	0.0973703044192062	1
37.125	10.75	0.096101556451051	0.866614838631194	0.0663033335744841	0.0996506950793962	1
37.375	10.75	0.100321067335413	0.912298945339723	-0.364508236977246	0.110187593571749	1
0.125	11.25	0.000491862234055106	0.769305601234922	-0.645998362063544	-0.032438981820162	1
0.375	11.25	0.000491891142640557	0.830471581513036	-0.566707533606236	-0.0344803216517947	1
0.625	11.25	0.000491928584290283	0.821897426394934	-0.580223979965681	-0.0348493028469745	1
0.875	11.25	0.000491975486833222	0.847482399076328	-0.537512190481852	-0.0372194304636188	1
1.125	11.25	0.000492031967447281	0.898774881529561	-0.44621107588835	-0.0365050500843662	1
1.375	11.25	0.000492091013780809	0.844142796501457	-0.531991453686738	-0.0390643164440263	1
1.625	11.25	0.000492134268366333	0.943014056767663	-0.285134730379031	-0.0356553423226225	1
1.875	11.25	0.000492164871372636	0.825828628347068	-0.550720422900152	-0.0318710941078033	1
2.125	11.25	0.000492188953643566	0.860278449207609	-0.503152224582323	-0.0325111884452446	1
2.375	11.25	0.00049221494346235	0.821390558045337	-0.560733111000577	-0.030494373843421	1
2.625	11.25	0.000492231731318319	0.827228573580031	-0.555641752080376	-0.0304260643688145	1
2.875	11.25	0.000492262270184528	0.912226979969768	-0.399843121467134	-0.0289353224363144	1
3.125	11.25	0.000492330390975294	0.813974912465271	-0.580013134400758	-0.0290172812103348	1
3.375	11.25	0.000492460091047137	0.924761506630266	-0.381902014282078	-0.0288208064361387	1
3.625	11.25	0.000492658605231064	0.999353186615523	-0.0330513861599258	-0.0296555540455016	1
3.875	11.25	0.000492907289154166	0.618215871772345	0.780048074448531	-0.029024975439626	1
4.125	11.25	0.00049319034336594	0.665257248132051	0.750852318085589	-0.0285079241577823	1
4.375	11.25	0.000493494754523636	0.733157191178159	0.67718039790101	-0.0301659893191654	1
4.625	11.25	0.000493820944457239	0.580861958298434	0.814393753596604	-0.0280428382458451	1
4.875	11.25	0.000494166578151567	0.72234912448987	0.69462815509246	-0.0303537669812041	1
5.125	11.25	0.000494528534898542	0.619171929241804	0.783280440702793	-0.0290529807370231	1
5.375	11.25	0.000494912342547787	0.696796233964064	0.720360288014581	-0.0298998214935573	1
5.625	11.25	0.000495320319917044	0.679506921420522	0.729415756773613	-0.0299123676053349	1
5.875	11.25	0.000495758135461947	0.736476135337807	0.673059178647487	-0.0288555555173951	1
6.125	11.25	0.000496228183564178	0.740438892015374	0.661995709792844	-0.0288624620791393	1
6.375	11.25	0.000496720728037883	0.828964598829506	0.542270551782017	-0.0263102659378692	1
6.625	11.25	0.000497203605438799	0.770388779786933	0.627215756163189	-0.0246570548126359	1
6.875	11.25	0.000497617893116083	0.848584532246527	0.521747278561401	-0.0238390340028394	1
7.125	11.25	0.00049789052789195	0.742491080984083	0.669993697305312	-0.0231336981519291	1
7.375	11.25	0.000498010294767263	0.799914435904969	-0.598898361132434	-0.023968329200921	1
7.625	11.25	0.000498065551397143	0.751411592452975	-0.660101025975015	-0.0231665202159987	1
7.875	11.25	0.000498089822564357	0.782327814344316	-0.626012724572429	-0.0241973792113522	1
8.125	11.25	0.000498095724669786	0.746767884632648	-0.668342178890214	-0.0241638777246666	1
8.375	11.25	0.000498093118204915	0.754098955923044	-0.661707473790289	-0.0251092609824245	1
8.625	11.25	0.000498084583161462	0.733009832492921	-0.684535747638047	-0.0255158596789925	1
8.875	11.25	0.000498073163731731	0.730958937860944	-0.687035564091347	-0.026212268505076	1
9.125	11.25	0.00049806148150919	0.724097577916235	-0.693227334864141	-0.0266809303963783	1
9.375	11.25	0.00049805004547997	0.724206275627353	-0.692288752861055	-0.0270709617068711	1
9.625	11.25	0.000498039006657911	0.733712305384017	-0.680901033735607	-0.0272810713294339	1
9.875	11.25	0.000498025473590398	0.743381972969798	-0.66962965934748	-0.0274142163072609	1
10.125	11.25	0.000498005502624441	0.765766636653988	-0.642982443303326	-0.0274197387514412	1
10.375	11.25	0.000497974479059631	0.79105789641239	-0.614832936354298	-0.0274691879848565	1
10.625	11.25	0.000497931322395427	0.794004133450425	-0.609495295612855	-0.0283530436592959	1
10.875	11.25	0.000497891988418614	0.855567052531671	-0.523788826217733	-0.0279611383681926	1
11.125	11.25	0.00049787779218431	0.833508236382539	-0.564729365166943	-0.0301217063048471	1
11.375	11.25	0.000497942133645407	0.827233598462399	-0.553184462341298	-0.0309749944976301	1
11.625	11.25	0.00049812281582692	0.985118482568161	-0.135896305995493	-0.0282341389537713	1
11.875	11.25	0.000498439620487743	0.989658862534819	0.135771276062066	-0.0285214174883797	1
12.125	11.25	0.000498889153209939	0.991681414945125	0.0264554581554765	-0.0279245968238873	1
12.375	11.25	0.00049946972160258	0.917138672616199	0.35525638887502	-0.0248038406076602	1
12.625	11.25	0.000500157056800487	0.609554434037636	0.792699482119677	-0.0202163792667628	1
12.875	11.25	0.000500919965708568	0.743090380820889	0.680667681051497	-0.0243529669813103	1
13.125	11.25	0.000501747643937003	0.698976032355	0.713863460407059	-0.0235392963601393	1
13.375	11.25	0.000502613793026254	0.683740094809652	0.732571868147049	-0.023693159284672	1
13.625	11.25	0.00050352645887739	0.706452845417914	0.70861859662543	-0.0240573328698679	1
13.875	11.25	0.000504478608572211	0.69254282131238	0.719495764049192	-0.0239420967504523	1
14.125	11.25	0.000505463680214166	0.715869762273244	0.696759265159563	-0.0233217083529186	1
14.375	11.25	0.000506473487791383	0.696750632646206	0.71399549385686	-0.0236461393004338	1
14.625	11.25	0.000507503291528005	0.74164998633279	0.668507242662779	-0.022298146668016	1
14.875	11.25	0.000508531296943185	0.690524817045837	0.720162624143173	-0.0233201230713823	1
15.125	11.25	0.00050954318966976	0.777197564378728	0.627758387260418	-0.0212717535282448	1
15.375	11.25	0.000510513763106092	0.679077122895928	0.732944190189593	-0.0233241028785493	1
15.625	11.25	0.000511419074984317	0.81817158390544	0.573586502303611	-0.0207311848056447	1
15.875	11.25	0.000512261807067886	0.687614197845854	0.727062072308996	-0.0233508621652065	1
16.125	11.25	0.000513042604713403	0.851904870721941	0.519281625697744	-0.0208502276790042	1
16.375	11.25	0.000513838495982141	0.75146923362288	0.65802924250582	-0.0226257042489686	1
16.625	11.25	0.000514718230448174	0.868223669641675	0.484907665564236	-0.0204809899002004	1
16.875	11.25	0.000515815969584429	0.850119845783653	-0.536268888716619	-0.0204616940709847	1
17.125	11.25	0.000517119598423259	0.939052844218902	-0.347298008932329	-0.0229801617282454	1
17.375	11.25	0.000518021817882221	0.92454624373965	-0.383282601989079	-0.0215751342979977	1
17.625	11.25	0.000517270919204955	0.975953247838589	-0.234477376926738	-0.0238584064317225	1
17.875	11.25	0.000513259896728358	0.957739885564584	-0.287758802271683	-0.023862213072707	1
18.125	11.25	0.000505190028333111	0.96260711669483	-0.250321324518497	-0.0242893582699773	1
18.375	11.25	0.000495162171751901	0.936526426790035	-0.310154566359533	-0.0216588347755529	1
18.625	11.25	0.000490636960225446	0.910629225462373	-0.376893733717768	-0.018091007811543	1
18.875	11.25	0.00050530639591791	0.853740048233462	-0.501215516358455	-0.0150109544794151	1
19.125	11.25	0.000555034181981591	0.841659896956807	-0.533878340399007	-0.0134434117926554	1
19.375	11.25	0.000645315928920195	0.796461518236645	-0.596988946587502	-0.0136262085767814	1
19.625	11.25	0.00074954455822761	0.860925692427168	-0.496123428992515	-0.0117872166185616	1
19.875	11.25	0.000784265632561719	0.778186846071777	-0.62358170652342	-0.0114070683881059	1
20.125	11.25	0.000600989342286782	0.798937624696541	-0.606378492030587	-0.0110655269125481	1
20.375	11.25	2.53780622421609e-05	0.80267386778376	-0.59636975629232	-0.0123518884583896	1
20.625	11.25	-0.00101882765883239	0.25443857841573	0.96499686079878	-0.0107560131528666	1
20.875	11.25	-0.00238480936551966	0.233458231133637	0.97841422379896	-0.0109118276215243	1
21.125	11.25	-0.00369914674893774	0.375568028620885	0.927153902186841	-0.0111579914923266	1
21.375	11.25	-0.00437527678004772	0.274156118327603	0.968868365258961	-0.00967519720346282	1
21.625	11.25	-0.00362875128627332	0.444570661910122	0.898720461583642	-0.0109961916165876	1
21.875	11.25	-0.00050904617515925	0.34448379319928	0.941472817003086	-0.00922372916556535	1
22.125	11.25	0.00601383020247942	0.491732874364292	0.865855697570273	-0.0104109701385117	1
22.375	11.25	0.0169017501875127	0.41853134215252	0.8921698280316	-0.00956203102001976	1
22.625	11.25	0.0328313716605809	0.548839684238951	0.800715255768232	-0.00966077018725051	1
22.875	11.25	0.0539570634364302	0.474157172948332	0.823163103569936	-0.0104039557053709	1
23.125	11.25	0.0795655016194643	0.63370260992547	0.671979884037141	-0.00930978492301023	1
23.375	11.25	0.107906216610932	0.524546582747466	0.729762728203491	-0.010926363421029	1
23.625	11.25	0.135947358857365	0.720433673781167	0.480283787877756	-0.0103176604145307	1
23.875	11.25	0.159996774433664	0.589438268457667	0.608748678712815	-0.0104060945488127	1
24.125	11.25	0.176699745429551	0.786464388360202	0.223833599603316	-0.0122434081119638	1
24.375	11.25	0.182643711839628	0.769174448000024	0.261385304413787	-0.0066947212306036	1
24.625	11.25	0.178823337349392	0.810986556584731	0.078307278711533	-0.00963594005526859	1
24.875	11.25	0.170839061465583	0.802901211125273	0.153136591785267	-0.00348344767102966	1
25.125	11.25	0.160029754297964	0.825717865943548	-0.0894511534390637	-0.00354278506412541	1
25.375	11.25	0.149583351012945	0.811185832563516	-0.200063398010234	0.00128869173059804	1
25.625	11.25	0.140288740055379	0.793607260033664	-0.302291201531772	0.00355230823911449	1
25.875	11.25	0.132778620405877	0.81445678153698	-0.271413965365337	0.00578493813172776	1
26.125	11.25	0.126554697024	0.838149580962138	-0.226393005910297	0.00722115472497388	1
26.375	11.25	0.121026780248207	0.850512041383853	-0.214632147501326	0.00790882619376463	1
26.625	11.25	0.115764652684398	0.861364313827789	-0.203276272298548	0.00774479987456077	1
26.875	11.25	0.110421158015184	0.871023753521173	-0.18653161045437	0.00719875636330013	1
27.125	11.25	0.10473761289354	0.878531897169916	-0.177808357207099	0.00679385736890312	1
27.375	11.25	0.0987165273266863	0.873076043533505	-0.212273686794539	0.00623076371639882	1
27.625	11.25	0.0928441096964639	0.856491602249632	-0.266587794691248	0.00767133659607856	1
27.875	11.25	0.0876011949389328	0.842143279031043	-0.314592003818836	0.0106117659528705	1
28.125	11.25	0.0832750834983622	0.837983598170426	-0.338250814022399	0.0136097360257687	1
28.375	11.25	0.0799965921208224	0.835491566503422	-0.354988868337044	0.016341356761538	1
28.625	11.25	0.077752849345757	0.83543630014186	-0.359784819187444	0.0189755801314757	1
28.875	11.25	0.0763333241530548	0.830610716648207	-0.370880393119106	0.0218377673670927	1
29.125	11.25	0.0753229047083925	0.824171966237912	-0.380313607473589	0.0251088041962808	1
29.375	11.25	0.074104610451252	0.821466060855033	-0.387509507392944	0.0293184204033788	1
29.625	11.25	0.0720849194659566	0.802310470886601	-0.438603649411204	0.0326602683970342	1
29.875	11.25	0.0692063693701682	0.762164002243965	-0.510191920717005	0.0350058534681544	1
30.125	11.25	0.0659019861089543	0.70675551183556	-0.585384087869535	0.0381586939503752	1
30.375	11.25	0.0627054653143902	0.653816198342045	-0.645634300765193	0.0413742093832918	1
30.625	11.25	0.060076857397645	0.633580517253809	-0.667187341199876	0.0448137150039559	1
30.875	11.25	0.058406588980664	0.619379197481209	-0.682608870125384	0.0481060521023249	1
31.125	11.25	0.0580745777619868	0.62373045374816	-0.679502197392474	0.0513195836295664	1
31.375	11.25	0.0592569844971127	0.640706982073753	-0.660904212174653	0.0544783896024381	1
31.625	11.25	0.061769309057973	0.647014058801578	-0.651859466074889	0.0576071043871934	1
31.875	11.25	0.0648259855971662	0.71216440002923	-0.573341302412277	0.0610239662672174	1
32.125	11.25	0.0671712824606686	0.696887498472718	-0.587961473876474	0.063845216776111	1
32.375	11.25	0.0673785169752883	0.860131904505002	-0.339350868001701	0.0683046862857248	1
32.625	11.25	0.0650438728491904	0.895954883492418	-0.266754926283441	0.0649084387692006	1
32.875	11.25	0.0627022963311746	0.86186796107474	-0.336507025483931	0.066163110422073	1
33.125	11.25	0.0617008417080974	0.852707396895357	-0.347344543331195	0.0694931615197353	1
33.375	11.25	0.0618469814677987	0.913025047974794	-0.100732323898101	0.0737849359566779	1
33.625	11.25	0.0620745691173694	0.9066649560806	-0.140540939357031	0.0776565521412633	1
33.875	11.25	0.0622813900965218	0.910865741915027	-0.118581182520428	0.0826980949022305	1
34.125	11.25	0.0623298523446444	0.903772789166185	-0.17594722098204	0.085766261105823	1
34.375	11.25	0.0627738289391739	0.898917455037095	-0.175452889979054	0.0901911373825389	1
34.625	11.25	0.0639891135386035	0.887433103747856	-0.216905759739147	0.0953505422345194	1
34.875	11.25	0.0662556991898496	0.884988176828427	-0.201605883674553	0.100949578799691	1
35.125	11.25	0.0691519199922915	0.887653326262137	-0.172956319685437	0.107817640847346	1
35.375	11.25	0.0712961199962776	0.901870237251152	-0.0634422466724442	0.113169193980844	1
35.625	11.25	0.0707778057327791	0.911718885507079	-0.101672974910557	0.117541309025032	1
35.875	11.25	0.0666679128976244	0.883412007257775	-0.353345336827665	0.116449870487344	1
36.125	11.25	0.0601775134509618	0.878199502702991	-0.416123464051476	0.110711753699276	1
36.375	11.25	0.0533481792436104	0.786232239846888	-0.578074426844443	0.104186110890439	1
36.625	11.25	0.048527840189122	0.817640999835208	-0.521170668828409	0.102260098949672	1
36.875	11.25	0.0470321519816718	0.723327792213152	-0.612633612864784	0.102126379061836	1
37.125	11.25	0.0487111756092596	0.901015894410056	-0.0847460014865282	0.111410495435856	1
37.375	11.25	0.0502689279186483	0.938201652094145	-0.426982850930586	0.123853448184028	1
0.125	11.75	0.000491598722038222	0.776754527201671	-0.630090335813297	-0.0279207832176861	1
0.375	11.75	0.000491627622263478	0.797096027872111	-0.604542871496704	-0.0284122785382796	1
0.625	11.75	0.000491663522962903	0.740567244181463	-0.674668222780911	-0.0283892183546024	1
0.875	11.75	0.000491705000112642	0.773519558955699	-0.639526178961352	-0.0293590291156512	1
1.125	11.75	0.000491755737530171	0.721538980447657	-0.699709767301954	-0.0301180690490597	1
1.375	11.75	0.000491805973925563	0.787710508848017	-0.625054952011584	-0.0316063478495854	1
1.625	11.75	0.000491856104186762	0.740474848469752	-0.678337776028748	-0.03256453122811	1
1.875	11.75	0.000491894299880503	0.843963480875232	-0.526476813963062	-0.0337655633679209	1
2.125	11.75	0.000491908202287398	0.798717229432988	-0.594254898106461	-0.0302913103422569	1
2.375	11.75	0.00049193010736224	0.834419302762336	-0.54566534333264	-0.0321184538414882	1
2.625	11.75	0.000491948838031484	0.760230452550637	-0.650688950184685	-0.0293680516318169	1
2.875	11.75	0.000491994909015414	0.830144337182905	-0.55375498312849	-0.0329776510984182	1
3.125	11.75	0.000492070407756772	0.881509129490158	-0.449329026640349	-0.0287019436207592	1
3.375	11.75	0.000492221992962199	0.885058256252604	-0.468137057193142	-0.0285111680358097	1
3.625	11.75	0.000492444007197824	0.836091859959941	0.540096440572893	-0.0296062525159117	1
3.875	11.75	0.000492695060422434	0.495948873108719	0.868222266741905	-0.0267647758459248	1
4.125	11.75	0.000492976382327131	0.839568661865375	0.549202404388275	-0.0297534135994995	1
4.375	11.75	0.000493268065422751	0.565569423197545	0.823887713911712	-0.028322208894343	1
4.625	11.75	0.000493578609043744	0.748696433537072	0.669676854083188	-0.0296524419746024	1
4.875	11.75	0.000493894234255901	0.674545360655364	0.736559978811887	-0.0301295118938894	1
5.125	11.75	0.000494220192397488	0.701254846830964	0.714549751586272	-0.0292390854694309	1
5.375	11.75	0.000494559237402266	0.749084951819521	0.658989016262983	-0.0304294050411799	1
5.625	11.75	0.000494918156611117	0.726716227941802	0.679911138581953	-0.0284486552583899	1
5.875	11.75	0.000495307494147687	0.807092668374962	0.579836994049234	-0.0283218380444614	1
6.125	11.75	0.00049574180219616	0.776517275973647	0.616735174151044	-0.0259532136558914	1
6.375	11.75	0.00049620506379237	0.81934207582625	0.565196392150066	-0.0248928318219599	1
6.625	11.75	0.000496666018305077	0.744985199893766	0.665152529660238	-0.0240868256275738	1
6.875	11.75	0.00049705785607771	0.792553083006946	0.609923201674773	-0.0245848476731055	1
7.125	11.75	0.000497313845016522	0.70623501238288	0.708726459203883	-0.0241779263972832	1
7.375	11.75	0.000497425626399131	0.775098964189115	-0.629790966265623	-0.0248110766379228	1
7.625	11.75	0.000497477018692488	0.735149370836402	-0.675143064203509	-0.0239354732665383	1
7.875	11.75	0.000497499540915817	0.77179880041099	-0.635050809640713	-0.0242973735665141	1
8.125	11.75	0.000497504044130429	0.751055906076243	-0.659601263717694	-0.0239538808568031	1
8.375	11.75	0.00049749989815806	0.76000446145259	-0.651455438128474	-0.0243112001348017	1
8.625	11.75	0.000497488898613054	0.749163922794202	-0.664054978612164	-0.0245134108907376	1
8.875	11.75	0.000497473455716951	0.742362091804965	-0.673078526639789	-0.0248614540609619	1
9.125	11.75	0.000497455696010191	0.737822515460084	-0.677918590688562	-0.0253662620487623	1
9.375	11.75	0.000497435792196996	0.728462514938874	-0.688459565348597	-0.0256764784824083	1
9.625	11.75	0.000497411988714566	0.729259707652506	-0.686865881637078	-0.0261970369059262	1
9.875	11.75	0.000497382680583695	0.730754575783047	-0.685421273827418	-0.0263389138995699	1
10.125	11.75	0.000497340410807873	0.734419854668917	-0.6803081786677	-0.026855561643943	1
10.375	11.75	0.00049728527731385	0.759342658510171	-0.652627162124738	-0.0266803359045394	1
10.625	11.75	0.000497214299278921	0.764687342637009	-0.648335639337018	-0.0274075637133559	1
10.875	11.75	0.000497145239094937	0.79002318800507	-0.613737503872503	-0.027704371557062	1
11.125	11.75	0.000497108938595923	0.852876323035323	-0.535558436663777	-0.0276851303236239	1
11.375	11.75	0.000497156982998161	0.779134472907917	-0.632335575415749	-0.0311308950837921	1
11.625	11.75	0.000497355433722686	0.926331462356268	-0.36532483269142	-0.0290826586854598	1
11.875	11.75	0.000497725817623678	0.990480528191957	0.0764694173769841	-0.0295506389683784	1
12.125	11.75	0.000498231788360585	0.951946454690215	0.250224739352572	-0.0260654934035349	1
12.375	11.75	0.000498843317599673	0.621581956686206	0.782099404540985	-0.0221524585856796	1
12.625	11.75	0.000499524482088774	0.708247048542755	0.716529565640363	-0.0251658553569593	1
12.875	11.75	0.000500269029023951	0.707146953961274	0.703915413532344	-0.0250207365357255	1
13.125	11.75	0.000501056684438739	0.68039586146983	0.732222886399289	-0.0240824247127104	1
13.375	11.75	0.000501887980545429	0.705146354735884	0.707494486311461	-0.0245246876238788	1
13.625	11.75	0.000502769063816815	0.707546882080304	0.702987651730625	-0.0236745815823625	1
13.875	11.75	0.000503686374401949	0.707259516318506	0.703473891686636	-0.023484381927919	1
14.125	11.75	0.000504642894742793	0.727466895437441	0.683271066465708	-0.0226990355081658	1
14.375	11.75	0.00050562880911022	0.709476251941524	0.701286570295741	-0.0228654754671232	1
14.625	11.75	0.000506638664103579	0.75040756989863	0.659619056649353	-0.0216903585673853	1
14.875	11.75	0.000507654841572138	0.697944111291334	0.713426801993143	-0.0227218981973565	1
15.125	11.75	0.000508662928338651	0.786039470963534	0.618169456926383	-0.0207143012370654	1
15.375	11.75	0.000509639025416669	0.670267944061579	0.739724874645821	-0.0229966233175382	1
15.625	11.75	0.000510560120987849	0.837944039292011	0.543681939190654	-0.0196282388720942	1
15.875	11.75	0.000511421387255796	0.643137600173393	0.762866067822035	-0.0228232153618792	1
16.125	11.75	0.000512211569931946	0.886009403993205	0.449898843033454	-0.0183439347204657	1
16.375	11.75	0.000512989480173983	0.671816624418033	0.736419976051625	-0.0202061335161628	1
16.625	11.75	0.000513782807184771	0.876708995834026	0.462405557476633	-0.0169275098448917	1
16.875	11.75	0.000514723857729815	0.759236679134002	-0.655159307457424	-0.0162465934071761	1
17.125	11.75	0.000515825161326614	0.851933355863183	-0.522394718474086	-0.0179795094873966	1
17.375	11.75	0.000516568673905226	0.766045847874181	-0.639374945519395	-0.0159751134955746	1
17.625	11.75	0.000515945717281435	0.853811473269736	-0.520765055815521	-0.0170684993682038	1
17.875	11.75	0.000512662960516649	0.81691992595331	-0.581755795071565	-0.0161376874034414	1
18.125	11.75	0.00050612661934035	0.862766330583665	-0.518265628510153	-0.0182733370868828	1
18.375	11.75	0.000498125359220804	0.867951627564307	-0.509639562153644	-0.0191101600160867	1
18.625	11.75	0.000494776358085142	0.91148482562792	-0.422921083215525	-0.021364864216834	1
18.875	11.75	0.00050720383851366	0.934855166074946	-0.351026371193604	-0.0217463250772145	1
19.125	11.75	0.000547927221443926	0.958337680186954	-0.272390268485472	-0.0211431720319597	1
19.375	11.75	0.000619825741462422	0.952200084071183	-0.297117380432744	-0.0204276990932766	1
19.625	11.75	0.000697095692128074	0.899653630749193	-0.411138980470614	-0.0203019767007875	1
19.875	11.75	0.000706050140367687	0.96029033006633	-0.206356792193984	-0.0156344900133941	1
20.125	11.75	0.000524138277697541	0.82682346883524	-0.552225271071648	-0.0120744733845743	1
20.375	11.75	2.81205498089018e-05	0.622880827459693	0.766503323574905	-0.0135058174766775	1
20.625	11.75	-0.00081247223354929	0.125421465513577	0.996061573955456	-0.00735003254422666	1
20.875	11.75	-0.00191068488997422	0.657543672093289	0.753824120771696	-0.0131069535857419	1
21.125	11.75	-0.00304779079711921	0.260505046073566	0.97104031520815	-0.00683449116948539	1
21.375	11.75	-0.00385614207071271	0.595774373111922	0.814325449827953	-0.0123489772203999	1
21.625	11.75	-0.0038440532485621	0.393997385820692	0.925891389199236	-0.00864427604548638	1
21.875	11.75	-0.00242270473337585	0.55172099419424	0.845831441224545	-0.0116271048012974	1
22.125	11.75	0.00103181099917535	0.49214119985388	0.873094729051159	-0.0107796611763138	1
22.375	11.75	0.00708389280917178	0.566845645255149	0.823331577123159	-0.0113099887838052	1
22.625	11.75	0.0161647363933631	0.562267389248025	0.811858044794218	-0.0124190433918803	1
22.875	11.75	0.02843125690631	0.647176072630285	0.72920366539699	-0.0113056559593391	1
23.125	11.75	0.0436177621047967	0.639023610005459	0.715007674038241	-0.0129677893866113	1
23.375	11.75	0.0607854535036577	0.754609058130376	0.567546390686271	-0.011184081479613	1
23.625	11.75	0.0781508417486552	0.661637714744022	0.639403023770722	-0.0144221356855622	1
23.875	11.75	0.093424079479836	0.875858254996837	0.143043166237051	-0.00891892707044233	1
24.125	11.75	0.104264067124244	0.685599845485786	0.552239606559703	-0.00449643529074451	1
24.375	11.75	0.1078976013397	0.875040335853849	0.116376658527905	-0.000612135625333556	1
24.625	11.75	0.104775769459453	0.698908338725349	-0.555125119785203	0.000384727374543859	1
24.875	11.75	0.0984308755236808	0.781929165927237	-0.444697776785032	0.00113843531141335	1
25.125	11.75	0.09031689512333	0.764616290951223	-0.501367567436126	0.00147682447599623	1
25.375	11.75	0.0826024356390202	0.872055636085391	-0.284204456379424	-0.000650617175514187	1
25.625	11.75	0.0758928835251011	0.882847366343532	-0.237285629444893	0.00132774030463261	1
25.875	11.75	0.0705906185823057	0.899441342107701	-0.185326038816915	0.004029645418868	1
26.125	11.75	0.0664928129668165	0.913424981069834	-0.146318294749175	0.00658524027361882	1
26.375	11.75	0.0631630389135168	0.922781890165902	-0.131312674512896	0.00804654829723347	1
26.625	11.75	0.0602283586934	0.926935815316452	-0.138483784632787	0.00882981204450487	1
26.875	11.75	0.0573995324043105	0.929707265530967	-0.151263608075438	0.00922965823410063	1
27.125	11.75	0.0544582031025863	0.934286955660597	-0.160926767985963	0.00911053170157301	1
27.375	11.75	0.0513350168312804	0.938022073866929	-0.171989328250864	0.00794731437796686	1
27.625	11.75	0.0482211221270764	0.941641747061223	-0.158306312038634	0.00663091844289802	1
27.875	11.75	0.0453991533927273	0.944865154113589	-0.119723783741617	0.00636716370144996	1
28.125	11.75	0.0430980271168112	0.947491919971037	-0.067045218125171	0.00759263839624643	1
28.375	11.75	0.0414418730107245	0.948814024779443	-0.00448357989290126	0.00975628660165511	1
28.625	11.75	0.0404482972407515	0.947459705972221	0.0567632465775855	0.0123935393903993	1
28.875	11.75	0.040013612355963	0.943882403188814	0.106768831080283	0.0149504918241011	1
29.125	11.75	0.0399218094535238	0.939298676464974	0.144424109152428	0.0174471595831326	1
29.375	11.75	0.039853640440208	0.93678274435819	0.170428661747589	0.0197932418437995	1
29.625	11.75	0.0394906544490899	0.937614049409357	0.173646697309184	0.0213806288892472	1
29.875	11.75	0.0387317160601995	0.938055110318255	0.164272545489845	0.0230725394986596	1
30.125	11.75	0.0377112493243042	0.933143212884011	0.1805662458903	0.0254640530780863	1
30.375	11.75	0.0366523161894659	0.923933004120443	0.217598499258617	0.0284949732230443	1
30.625	11.75	0.0357737482400545	0.912357478406937	0.264435963770391	0.0319259751066928	1
30.875	11.75	0.0352616624858535	0.901287043160152	0.304468333262515	0.0349299043907556	1
31.125	11.75	0.0352960404956399	0.89136994308545	0.331576499777655	0.0377336299714248	1
31.375	11.75	0.0359791130167828	0.885313188239296	0.343596252050097	0.0407105997361562	1
31.625	11.75	0.0372196129046278	0.877794633563591	0.350696543880752	0.0437573948624493	1
31.875	11.75	0.0386032506596067	0.884146124049317	0.332939121853472	0.0483196917434302	1
32.125	11.75	0.0393776436428699	0.858030166843422	0.360116827124601	0.0509124106445781	1
32.375	11.75	0.038783084714852	0.921613230200416	0.0298726940150634	0.0628210592037446	1
32.625	11.75	0.0367878763348143	0.824112750825318	-0.481398115605368	0.0692815723572722	1
32.875	11.75	0.0345978483605775	0.850580266931414	-0.460269586079862	0.0662257085158774	1
33.125	11.75	0.0330725567612625	0.856039527409425	-0.41646974577184	0.0668630730725656	1
33.375	11.75	0.0324259292285651	0.895114690691231	-0.304576396523554	0.0728372512919035	1
33.625	11.75	0.0321637133512927	0.913013793785009	-0.253879799641657	0.077192941176224	1
33.875	11.75	0.0320301610782752	0.921945235538139	-0.220724230328642	0.0824710669923563	1
34.125	11.75	0.0319029489998163	0.923134580878256	-0.218948701606471	0.086729049142118	1
34.375	11.75	0.0319758669483435	0.924015452689686	-0.202420173607852	0.0919092531201978	1
34.625	11.75	0.0324864454071359	0.921147130965981	-0.189762902176734	0.0975291437301575	1
34.875	11.75	0.0336342840151627	0.915376332546785	-0.177183550471156	0.105108840618316	1
35.125	11.75	0.0352671575072376	0.911398995113145	-0.169461726910859	0.11409443951422	1
35.375	11.75	0.0367403202323902	0.918569417463919	-0.177718033465907	0.123292135233007	1
35.625	11.75	0.0370495266177454	0.937690945413915	-0.202777690601099	0.127272521087292	1
35.875	11.75	0.0355224740479509	0.933285537194897	-0.276168365421697	0.124608841328943	1
36.125	11.75	0.0323539198507646	0.923573559191743	-0.329332342401599	0.123292983806065	1
36.375	11.75	0.028247370928677	0.869523470387068	-0.472400477178764	0.120146242503418	1
36.625	11.75	0.024477141007473	0.843447405568024	-0.539890749161654	0.119539613359902	1
36.875	11.75	0.0220595657029561	0.746639403051599	-0.655149589658582	0.114094080059408	1
37.125	11.75	0.0214962222710933	0.909799374130929	-0.238717639124641	0.120783707035646	1
37.375	11.75	0.0214455821990268	0.963003062168843	-0.429125933642041	0.134784865610476	1
0.125	12.25	0.000491407012978735	0.778729118507375	-0.633120859760658	-0.0324160427206653	1
0.375	12.25	0.000491431276790585	0.850717150901768	-0.528603591449079	-0.0340758226387903	1
0.625	12.25	0.00049146455464432	0.8109272105254	-0.586879412993154	-0.0334083495378166	1
0.875	12.25	0.000491499808453541	0.839179074568631	-0.541295456181964	-0.0347588512352561	1
1.125	12.25	0.00049154490732226	0.855550521481852	-0.518972730091041	-0.0329357675478784	1
1.375	12.25	0.000491591659561897	0.794419452818725	-0.608168039632271	-0.0353774938355123	1
1.625	12.25	0.000491630777970584	0.895665717961431	-0.436459600036537	-0.0331255054380537	1
1.875	12.25	0.000491668843848702	0.800180293115142	-0.605608746658998	-0.0337415580808625	1
2.125	12.25	0.000491695004750909	0.802824690912145	-0.58889626992951	-0.0347458581440179	1
2.375	12.25	0.0004917003906063	0.908708861783564	-0.395748846594083	-0.0321281627545795	1
2.625	12.25	0.000491709558772756	0.748689222280784	-0.65254113568363	-0.0303704946053478	1
2.875	12.25	0.000491759131856064	0.865441463704841	-0.513606122816932	-0.0298073025700958	1
3.125	12.25	0.000491863749626617	0.634804250763568	-0.765838631698911	-0.0336615922928795	1
3.375	12.25	0.000492026511895956	0.940302183836143	-0.297257404605142	-0.0284011585620518	1
3.625	12.25	0.000492256151876904	0.582616513705644	0.814653384034444	-0.0274091328265643	1
3.875	12.25	0.000492501970345249	0.741261808180499	0.68401295282515	-0.0292870458127902	1
4.125	12.25	0.000492769926945858	0.733707762385687	0.681180169701032	-0.0305294645085997	1
4.375	12.25	0.000493042233676153	0.59757574808941	0.806825026719938	-0.0300256489729593	1
4.625	12.25	0.000493325796166301	0.793657621937491	0.607167356146294	-0.0314248259916643	1
4.875	12.25	0.000493606899863422	0.593423474864563	0.803528394189281	-0.029971633632834	1
5.125	12.25	0.000493896665719761	0.800596631842519	0.593531055910712	-0.0306079751950415	1
5.375	12.25	0.000494198509019992	0.691087130858263	0.713139250459988	-0.0288487891789082	1
5.625	12.25	0.00049452054579027	0.81130203355729	0.571670632033876	-0.0277734165734168	1
5.875	12.25	0.000494886374577422	0.783762380591239	0.608399894497436	-0.0258639694343965	1
6.125	12.25	0.000495294334155543	0.783688083862822	0.614547692058201	-0.0246396289076311	1
6.375	12.25	0.000495732694764007	0.787689380395717	0.61366851111984	-0.0243317982705817	1
6.625	12.25	0.00049616614241279	0.742899488653885	0.669236135410095	-0.024133403088926	1
6.875	12.25	0.000496533118860834	0.783136699876611	0.621273507319823	-0.0244291568655242	1
7.125	12.25	0.000496770367673866	0.722335813885502	0.691709752669202	-0.0240447500418083	1
7.375	12.25	0.000496872092510878	0.774615310927912	-0.631308282179564	-0.0245527524008245	1
7.625	12.25	0.000496918728053349	0.741842318875607	-0.66833402858057	-0.024022134241187	1
7.875	12.25	0.000496937959716126	0.765891738465965	-0.6420925135731	-0.0242049405075518	1
8.125	12.25	0.000496940363319596	0.756387409784856	-0.652654562568907	-0.0240281821345597	1
8.375	12.25	0.000496933782372686	0.757349912521015	-0.653325353187611	-0.0240546214715986	1
8.625	12.25	0.000496920224381836	0.758864149325338	-0.651283756114945	-0.0243003507126879	1
8.875	12.25	0.000496901332722474	0.746252170568451	-0.667134182951693	-0.0242620113150068	1
9.125	12.25	0.000496878866691526	0.749001534063627	-0.663976971625217	-0.024782860856876	1
9.375	12.25	0.000496853395303279	0.734623150819635	-0.68063240067017	-0.024770779768738	1
9.625	12.25	0.000496820899313622	0.733988364932502	-0.681279660910424	-0.0253612132305236	1
9.875	12.25	0.000496780228868349	0.727496018764078	-0.688240743150721	-0.0253626198767849	1
10.125	12.25	0.00049672196026581	0.727101697421223	-0.68929847369917	-0.0258705340943082	1
10.375	12.25	0.000496644812681925	0.727252666961867	-0.687595032956324	-0.0260418803113781	1
10.625	12.25	0.000496551062564524	0.750763371095099	-0.66472964589063	-0.0260662664520941	1
10.875	12.25	0.000496458079512343	0.730937313337782	-0.685005801784652	-0.0271531428800329	1
11.125	12.25	0.000496407971603269	0.804960031253991	-0.596668173648287	-0.0265786280685913	1
11.375	12.25	0.00049646100833176	0.789677543165061	-0.627340340061471	-0.0281359210255681	1
11.625	12.25	0.00049668530155899	0.784925284766684	-0.618780748794483	-0.0301819225462424	1
11.875	12.25	0.00049709567185429	0.97856492456174	0.132145309678273	-0.0280675327757742	1
12.125	12.25	0.000497628424367959	0.61926035438179	0.776785322598222	-0.0242082436024169	1
12.375	12.25	0.00049823169480595	0.658518488110131	0.759203755333186	-0.025169812140199	1
12.625	12.25	0.000498902750455612	0.722380074939026	0.686060881552322	-0.0257380169043462	1
12.875	12.25	0.000499617806617301	0.671240730226006	0.736865880070127	-0.0237929139440151	1
13.125	12.25	0.00050037158961077	0.713084092900316	0.699200707799152	-0.0241918315191445	1
13.375	12.25	0.000501174802082656	0.70929663453843	0.700314327092348	-0.0235049461009687	1
13.625	12.25	0.000502017331019484	0.720426568480928	0.690963985319108	-0.0229949235966979	1
13.875	12.25	0.000502898258928164	0.720873916675709	0.690555817662982	-0.0229477197889741	1
14.125	12.25	0.000503818580175147	0.736064683041232	0.675591183416623	-0.0224162250642927	1
14.375	12.25	0.000504770441161108	0.722707622962003	0.68952533188241	-0.0227518749299053	1
14.625	12.25	0.000505749746576681	0.756581781774393	0.65385143125014	-0.0219797882543295	1
14.875	12.25	0.000506743050927417	0.715551062158525	0.696606183663472	-0.0229195440383903	1
15.125	12.25	0.000507735841373772	0.792442174777512	0.610046251483953	-0.0213556160322841	1
15.375	12.25	0.000508709641899676	0.695737358412509	0.714346224878373	-0.0231861813479066	1
15.625	12.25	0.000509638057403011	0.855156987539582	0.515575910870011	-0.0200838455701182	1
15.875	12.25	0.000510512273603927	0.668119454628713	0.738273681050235	-0.0228645886864885	1
16.125	12.25	0.00051129986381137	0.932531943721526	0.349467354456676	-0.0182622031800479	1
16.375	12.25	0.000512037208032547	0.670968877527142	0.73927633905308	-0.0212833267565003	1
16.625	12.25	0.000512723834898201	0.956914541464485	0.262242317243681	-0.0175280957916724	1
16.875	12.25	0.000513515977867531	0.856331793316208	-0.535613590622139	-0.0177935674015298	1
17.125	12.25	0.000514469972622744	0.945635760199987	-0.348926351330216	-0.02232555107626	1
17.375	12.25	0.000515204517400965	0.87715146265196	-0.481821282236417	-0.0220281206579841	1
17.625	12.25	0.000514943609445867	0.935726874142981	-0.345442428959179	-0.0231359718750023	1
17.875	12.25	0.000512649580255268	0.912431464441214	-0.392866865238301	-0.0213499547307104	1
18.125	12.25	0.000507810891017679	0.926289478188496	-0.356158439656481	-0.0205318417674014	1
18.375	12.25	0.000501798413114428	0.88865742603188	-0.438877048561396	-0.018167962029545	1
18.625	12.25	0.000499370221634677	0.880079102983113	-0.464209043841096	-0.0165356420143779	1
18.875	12.25	0.00050902026279896	0.833272522409895	-0.548957742369199	-0.0160591287150361	1
19.125	12.25	0.000539972253778444	0.8526590774399	-0.515311690344494	-0.0153186393764223	1
19.375	12.25	0.000593877381176113	0.890146684827932	-0.454303121210066	-0.0144124117460219	1
19.625	12.25	0.000650702591901036	0.910664722299648	-0.420338638141147	-0.0152626993218455	1
19.875	12.25	0.000654573361542865	0.878866969503446	-0.4695708034888	-0.0159979891320567	1
20.125	12.25	0.000514789129358183	0.974966535919968	0.00465003783020678	-0.01396403564883	1
20.375	12.25	0.000146750970016102	0.203265151229748	0.981425418987501	-0.00374595472039805	1
20.625	12.25	-0.000485717178984605	0.740931717016436	0.695294818507868	-0.0138863441044312	1
20.875	12.25	-0.00135631356566341	0.399637272547398	0.920062963143706	-0.00968729561794409	1
21.125	12.25	-0.00234500396420713	0.569943930082226	0.840886033730439	-0.0136562520184833	1
21.375	12.25	-0.00325366064236732	0.528486546077509	0.855348875554207	-0.0134882466959386	1
21.625	12.25	-0.00380221453637401	0.534403640635278	0.859925240072484	-0.0136985294443629	1
21.875	12.25	-0.00366003976602389	0.605584746257749	0.803246102611265	-0.0152628550782114	1
22.125	12.25	-0.00247018506591506	0.605890327087087	0.801508118321162	-0.0139289513395286	1
22.375	12.25	0.000120473815979286	0.679653048166263	0.73393746779788	-0.0151254759864852	1
22.625	12.25	0.0044330393787211	0.728862303698945	0.674064610847146	-0.0134968127566128	1
22.875	12.25	0.0106735691684033	0.772151897732589	0.615999973927866	-0.0134470367344571	1
23.125	12.25	0.0187972390455972	0.827831655665993	0.532281154543537	-0.0121827793140076	1
23.375	12.25	0.0282920606026741	0.780488783043946	0.579816832881549	-0.0145858576096414	1
23.625	12.25	0.0381503281354763	0.885777569498157	0.35759343833281	-0.0111090979348087	1
23.875	12.25	0.0471191581731477	0.802784851200274	0.499660805334016	-0.0108751790100056	1
24.125	12.25	0.0537382117899673	0.917874021443117	0.194420245017461	-0.0065081655897126	1
24.375	12.25	0.0563791855433826	0.935838213381672	0.169429562107517	-0.00648257258343422	1
24.625	12.25	0.0548676992934914	0.919915303838634	0.195540052544085	-0.0100680636987783	1
24.875	12.25	0.0507708294655086	0.930395596371306	-0.00961343173763648	-0.00399878012564898	1
25.125	12.25	0.0453685368018386	0.887028224650229	-0.33180485390051	-0.000638803248473826	1
25.375	12.25	0.0402803913778654	0.874393726671585	-0.390203750429609	-4.59264344915564e-05	1
25.625	12.25	0.0359780995169376	0.886861654232165	-0.365507731059381	0.000348007302888095	1
25.875	12.25	0.0326138751102042	0.898960899873473	-0.334943236222666	0.00201815446015628	1
26.125	12.25	0.0300918023431316	0.9182521841988	-0.286768144334476	0.00389914721428689	1
26.375	12.25	0.0281680154747083	0.932982125464464	-0.251347659794255	0.00545748023679559	1
26.625	12.25	0.0265980522243634	0.942931164811199	-0.22919501592787	0.00625940542967262	1
26.875	12.25	0.0251850112519495	0.948163192365306	-0.218132923774171	0.00660681016036501	1
27.125	12.25	0.0237828307232814	0.949560268848971	-0.219080846031407	0.00686477526563888	1
27.375	12.25	0.0223263416521781	0.945181623485819	-0.239927082471177	0.00711725224470201	1
27.625	12.25	0.0208757944515795	0.935989480168367	-0.271569148272036	0.00780842010855718	1
27.875	12.25	0.0195620619580731	0.926654217317357	-0.297978023847059	0.00913754898521928	1
28.125	12.25	0.018515026490691	0.920608469441641	-0.311273555486342	0.011128743845683	1
28.375	12.25	0.017820399064451	0.917943536277165	-0.314128606545671	0.0137488950281397	1
28.625	12.25	0.0175015077272215	0.91789702788521	-0.3097434934673	0.0168753472701042	1
28.875	12.25	0.0175141657275778	0.917355448691607	-0.306882425911842	0.0203920714233686	1
29.125	12.25	0.0177542745932788	0.914981619169228	-0.309153197946578	0.0242739701201384	1
29.375	12.25	0.0180699302137233	0.91012853131803	-0.321095714465075	0.0284771810309757	1
29.625	12.25	0.0183085732003636	0.89918893443433	-0.352710912525151	0.0325702238945296	1
29.875	12.25	0.0183992486639879	0.879353183656845	-0.401264031582007	0.0363849952291643	1
30.125	12.25	0.0183733021587128	0.854624175840356	-0.452414509453504	0.0402676624997289	1
30.375	12.25	0.0183110116286994	0.830730763479772	-0.496126878195966	0.0440635209054895	1
30.625	12.25	0.0183031970483164	0.816168448178789	-0.520756341668297	0.047774632396504	1
30.875	12.25	0.0184331385069182	0.809054352508408	-0.5331008761518	0.0513115086041708	1
31.125	12.25	0.0187794210812965	0.809184666350211	-0.533514741431487	0.0546316735220376	1
31.375	12.25	0.0193841914635505	0.813156437098759	-0.526768838038183	0.0577803975519899	1
31.625	12.25	0.0201920760934813	0.820140072224375	-0.514451470217151	0.0607394672273719	1
31.875	12.25	0.0209836328784126	0.833398456452463	-0.48983655026064	0.063525631837213	1
32.125	12.25	0.0213820766570844	0.859515388663426	-0.454826953433971	0.0662546667970852	1
32.375	12.25	0.0210042670484622	0.93867128883391	-0.280710695314941	0.0663644431607609	1
32.625	12.25	0.0198239181633122	0.949918701999356	-0.226409267169186	0.0647312225080744	1
32.875	12.25	0.0183688854265097	0.909031046539325	-0.350680075217931	0.0669901168298901	1
33.125	12.25	0.0171462924104642	0.890889083805975	-0.388207082464735	0.0679163751186531	1
33.375	12.25	0.016408506014	0.926784893713812	-0.249215512488871	0.0725746074069905	1
33.625	12.25	0.0160088379320603	0.942426289909166	-0.160854150924542	0.0795474961031481	1
33.875	12.25	0.0157590753106083	0.949233874874863	-0.136674588389788	0.0861965141432269	1
34.125	12.25	0.0155561526312163	0.949508146363133	-0.149711409266903	0.0918208853046132	1
34.375	12.25	0.0154425888191129	0.946575705916141	-0.161248077283888	0.0976258685393044	1
34.625	12.25	0.0155265015305739	0.942426267983041	-0.169563970708972	0.103916911671274	1
34.875	12.25	0.0159098794957014	0.939345702752638	-0.165892863417368	0.111075953086399	1
35.125	12.25	0.0165606173261889	0.938357003363908	-0.161005079137954	0.118864074125563	1
35.375	12.25	0.017236691338751	0.941382064477197	-0.162140920367649	0.126317769985201	1
35.625	12.25	0.0175283558466784	0.946412315364469	-0.194006719153966	0.131887612745479	1
35.875	12.25	0.0170732149647217	0.944294823724116	-0.260988349993919	0.134055166779058	1
36.125	12.25	0.0157666821683307	0.941502779035911	-0.311755352739139	0.134295539745989	1
36.375	12.25	0.0137489632021869	0.920355677767213	-0.379434535589815	0.132104154181774	1
36.625	12.25	0.0114879575203752	0.928194129043208	-0.383651168293159	0.133062760232725	1
36.875	12.25	0.00952987395720921	0.768366156406194	-0.659500201607376	0.128283760618581	1
37.125	12.25	0.00843588258926812	0.898741663290209	-0.357477162438495	0.130962837989331	1
37.375	12.25	0.00792208853870888	0.981254084224938	-0.418665034300663	0.144960798341389	1
0.125	12.75	0.00049119376611041	0.755775551488314	-0.66219799550883	-0.0254076575293636	1
0.375	12.75	0.000491219387420299	0.81365582434026	-0.589652169858559	-0.0275620961600828	1
0.625	12.75	0.000491250715162594	0.767247571936121	-0.647665866178085	-0.0276088485402988	1
0.875	12.75	0.000491284189866609	0.777619058837965	-0.636467331022952	-0.0295221244108372	1
1.125	12.75	0.000491323290532411	0.762485601611217	-0.649316602692607	-0.0298051996971985	1
1.375	12.75	0.000491364899296408	0.804905343155909	-0.605217782085184	-0.0305408011178788	1
1.625	12.75	0.000491406206892599	0.689357392476037	-0.725895611631742	-0.0330832213548695	1
1.875	12.75	0.00049143471555364	0.938873350595187	-0.340346983012908	-0.0313156512921301	1
2.125	12.75	0.000491456289167812	0.661228692818018	-0.755666507203526	-0.0324148292765025	1
2.375	12.75	0.000491481272859359	0.88993019304339	-0.460955983746161	-0.0331711981400521	1
2.625	12.75	0.000491502036292103	0.821366460440348	-0.559982063774409	-0.0336474845994094	1
2.875	12.75	0.000491550717493422	0.909736448858399	-0.407632956390069	-0.0303637156750156	1
3.125	12.75	0.000491663548892787	0.886767046106904	-0.475010480551904	-0.0324764764224889	1
3.375	12.75	0.000491856370743042	0.89352445228125	-0.439802540689349	-0.033135446736405	1
3.625	12.75	0.000492087023923945	0.416617075746641	0.911157559100184	-0.0309737140204707	1
3.875	12.75	0.00049231674690446	0.820875155571354	0.570288565144165	-0.0333015612643735	1
4.125	12.75	0.000492559077706884	0.513930008935495	0.854078578155745	-0.0306165808875864	1
4.375	12.75	0.000492802709337759	0.741194592863854	0.667345874980521	-0.0323583429688775	1
4.625	12.75	0.000493052135163948	0.680067117958377	0.724540873815609	-0.0293721372112089	1
4.875	12.75	0.000493301927490285	0.725295184913379	0.681346225666071	-0.0302317847691637	1
5.125	12.75	0.000493561933443527	0.816413192337046	0.56161227202324	-0.0273841877522598	1
5.375	12.75	0.000493839737710894	0.776311070196208	0.619499529830492	-0.0266031201490248	1
5.625	12.75	0.000494144600901997	0.849793107653962	0.51627519453208	-0.0246235667442024	1
5.875	12.75	0.000494494443911988	0.775283399923895	0.628638612058182	-0.0243140390239033	1
6.125	12.75	0.000494883462803403	0.794908614688459	0.607209844756291	-0.0239384629710921	1
6.375	12.75	0.000495302291450407	0.759731038931222	0.651691113977473	-0.0244966061170202	1
6.625	12.75	0.000495714187190074	0.744666478533099	0.66881391673894	-0.0243927879733593	1
6.875	12.75	0.000496058471551007	0.752405893779424	0.659783416521818	-0.0249176775349555	1
7.125	12.75	0.000496276219007357	0.706212968717399	0.708339617836243	-0.0247367365753005	1
7.375	12.75	0.000496363717652976	0.75241620608146	-0.657183066937064	-0.0250129148126931	1
7.625	12.75	0.000496401455141569	0.738677121162543	-0.670609268125384	-0.024588445861256	1
7.875	12.75	0.000496412503017954	0.751158406900182	-0.657965095775248	-0.0243430384545908	1
8.125	12.75	0.000496408985283979	0.762263881138404	-0.64408574481435	-0.0242464946730726	1
8.375	12.75	0.000496396820809774	0.752551174872497	-0.657249247149462	-0.023803333082242	1
8.625	12.75	0.000496378719975661	0.771213109796289	-0.63501795349698	-0.0241344904118122	1
8.875	12.75	0.000496355010843671	0.751526927056558	-0.659721670786077	-0.0237000971477113	1
9.125	12.75	0.000496327283357088	0.764760997088046	-0.644629780141599	-0.0243065984897174	1
9.375	12.75	0.000496296152972981	0.745728088840927	-0.667060507417227	-0.0240483403517906	1
9.625	12.75	0.000496257104953231	0.749968812382704	-0.662878881801178	-0.024622452587452	1
9.875	12.75	0.000496207846484376	0.734607995806433	-0.679233236890247	-0.0246039646693201	1
10.125	12.75	0.000496139933116414	0.739315654857614	-0.675259671784142	-0.0248377163802528	1
10.375	12.75	0.000496048834425383	0.71994208522949	-0.695025590698897	-0.0252248210073361	1
10.625	12.75	0.000495939155205702	0.742183582083578	-0.671409181426077	-0.0250005225320358	1
10.875	12.75	0.000495831517734449	0.724150615603186	-0.694012846002446	-0.0255916612870553	1
11.125	12.75	0.000495770411001314	0.738311605198614	-0.674573460123504	-0.0260790582315082	1
11.375	12.75	0.000495823102604796	0.802588391417601	-0.607397983371752	-0.0255320285095614	1
11.625	12.75	0.000496068019063974	0.710905507669522	-0.711230074934999	-0.0288607261954391	1
11.875	12.75	0.000496487404920031	0.894214850929608	0.416502199992482	-0.0278642035282247	1
12.125	12.75	0.000497007537019087	0.528623210266156	0.845076005353867	-0.0223243843686195	1
12.375	12.75	0.000497611945573119	0.805225971660306	0.594607170109924	-0.0265839533105632	1
12.625	12.75	0.000498267072430658	0.681838984311857	0.721744109276857	-0.0232096514138268	1
12.875	12.75	0.000498954214331413	0.728306276245084	0.685548866435	-0.0237628763314601	1
13.125	12.75	0.000499687019110668	0.73306103687113	0.676196974035629	-0.0234606754135738	1
13.375	12.75	0.000500459168694768	0.724690570786439	0.687071344043386	-0.0229185913274351	1
13.625	12.75	0.000501267664967422	0.738208131632372	0.673614453110255	-0.0228946954284419	1
13.875	12.75	0.000502116676244507	0.731028059385692	0.680928072121167	-0.0227938549987636	1
14.125	12.75	0.000503003286432021	0.745381742383803	0.666104900670959	-0.0224708279220188	1
14.375	12.75	0.000503922922643348	0.731666692933499	0.680125193965683	-0.0227187849031643	1
14.625	12.75	0.000504871018107595	0.761310044870096	0.647471080173115	-0.0219586035555718	1
14.875	12.75	0.000505836401733015	0.726136234186163	0.684314840704156	-0.0225526484797525	1
15.125	12.75	0.000506808239976395	0.794298949874079	0.604697402856137	-0.0209007502954941	1
15.375	12.75	0.000507773065335315	0.712779852050753	0.694782428414068	-0.021930176547022	1
15.625	12.75	0.00050870558726609	0.857119601399619	0.508905519776789	-0.0188384554947811	1
15.875	12.75	0.000509592339012273	0.677602936703908	0.727423539700073	-0.0206832817557192	1
16.125	12.75	0.000510377147980534	0.939443044326365	0.335450417055288	-0.0164022735473728	1
16.375	12.75	0.000511076567379548	0.596331975670339	0.797830700291843	-0.0197887985165293	1
16.625	12.75	0.000511665611098953	0.980598229786412	0.0645131065988286	-0.0147700650186305	1
16.875	12.75	0.000512326428951146	0.774144447265519	-0.63882874424935	-0.0114285404618281	1
17.125	12.75	0.000513135995654171	0.896379418399998	-0.465433303590558	-0.0161739568429336	1
17.375	12.75	0.000513824684222434	0.794349774308055	-0.618895294065855	-0.0159967910067216	1
17.625	12.75	0.000513826343006067	0.861637232180796	-0.521032084547611	-0.018946838824837	1
17.875	12.75	0.000512327795713999	0.834973164801409	-0.559670877131521	-0.0191392227578636	1
18.125	12.75	0.000508828330063589	0.901779658680043	-0.443019688367995	-0.0212470260701404	1
18.375	12.75	0.000504110996105258	0.900994643658824	-0.440283313383981	-0.0217891498790255	1
18.625	12.75	0.000501414597969421	0.929939496845481	-0.361010245440039	-0.0229432623749495	1
18.875	12.75	0.000506830289902834	0.939536841446555	-0.331935809416376	-0.0211936621405198	1
19.125	12.75	0.000527123129087265	0.899988853457146	-0.428637163548018	-0.0218360310428191	1
19.375	12.75	0.000563476286686691	0.87174589249426	-0.47242667516202	-0.0201108388602334	1
19.625	12.75	0.000601554016601776	0.896727235874732	-0.425254438992045	-0.0183124750863236	1
19.875	12.75	0.000602234156878661	0.927143534305946	-0.349757514340995	-0.0168150285550705	1
20.125	12.75	0.000505081430735108	0.344001903393921	0.937005832336653	-0.0143224024159973	1
20.375	12.75	0.000252759510718692	0.436631383221589	0.91708270917366	-0.0158887224262015	1
20.625	12.75	-0.000192108438392338	0.540855464136702	0.838790983442621	-0.0175699319573428	1
20.875	12.75	-0.000827240349827216	0.388410434493112	0.929135143598797	-0.0149438652257198	1
21.125	12.75	-0.00160700628037799	0.617267048706486	0.787630792030555	-0.0179267320068787	1
21.375	12.75	-0.00244147547437601	0.499769625571375	0.866774226913058	-0.0145594780179119	1
21.625	12.75	-0.00319038529392909	0.656044388198177	0.756838688131814	-0.0162948182666802	1
21.875	12.75	-0.00368345793389297	0.654949028796803	0.75169597888503	-0.0138312201126929	1
22.125	12.75	-0.00370987195955176	0.722982807136241	0.691530518058437	-0.0133202884813658	1
22.375	12.75	-0.00303535455098837	0.770622356297874	0.63527237846351	-0.0122513208217623	1
22.625	12.75	-0.00142334660212341	0.795590398246692	0.607181116247468	-0.0114444695525237	1
22.875	12.75	0.0012945954947017	0.822617954614689	0.578894171024999	-0.0115336668368552	1
23.125	12.75	0.00510537403065659	0.779236489580525	0.631598114973965	-0.0145028519077652	1
23.375	12.75	0.00972773416041789	0.830275734595829	0.541284840793696	-0.013882106912187	1
23.625	12.75	0.0147120603820388	0.837002021695669	0.503095285309579	-0.0139997007995243	1
23.875	12.75	0.0194956862382591	0.950926973156846	0.157466568099391	-0.00850992246508733	1
24.125	12.75	0.0233395764198015	0.926573418992809	0.267266154052769	-0.00556620467466532	1
24.375	12.75	0.0253087058855777	0.958135765239717	0.104016080246827	-0.00195536079447937	1
24.625	12.75	0.0250146657116387	0.901054986831295	-0.360291531828174	1.79714395618165e-05	1
24.875	12.75	0.0230167970619495	0.894388790663135	-0.390358889888343	0.00060348598147624	1
25.125	12.75	0.0201149846680084	0.906142509838863	-0.385035858375364	0.000755017182116986	1
25.375	12.75	0.017245078834336	0.94243639294834	-0.288891469144962	-0.0015187737273402	1
25.625	12.75	0.0147516733783987	0.940545820930936	-0.279470872405526	-0.000885320239925393	1
25.875	12.75	0.0127632109811603	0.947781502104432	-0.250695038510174	0.000375232731705531	1
26.125	12.75	0.0112711736955694	0.957450445848771	-0.211079015305234	0.00235641956411467	1
26.375	12.75	0.0101708139397867	0.966577246787866	-0.177960606617805	0.00429777663555101	1
26.625	12.75	0.00933327012340521	0.973184793967676	-0.160885652765728	0.0056623992060786	1
26.875	12.75	0.00864394252443408	0.978041819785765	-0.153584064639796	0.00629416301768447	1
27.125	12.75	0.00801348513669537	0.982112500507501	-0.149135587612815	0.00623379261233517	1
27.375	12.75	0.0073902509346591	0.984950916253157	-0.145442541379199	0.00553235783090559	1
27.625	12.75	0.0067771626266482	0.986044450767413	-0.136922042230575	0.00466424976126779	1
27.875	12.75	0.00622004426687606	0.985829567991408	-0.119212020590228	0.00432142958867851	1
28.125	12.75	0.00578009740115797	0.985466691391525	-0.0885950013452074	0.00496090748879756	1
28.375	12.75	0.00550838818040812	0.985274916598063	-0.0437391794399467	0.00662383525615697	1
28.625	12.75	0.00542908169612784	0.984373829823028	0.00873518977175472	0.00903531148120198	1
28.875	12.75	0.0055319989391947	0.982250979413871	0.0572334007703309	0.0117271199014554	1
29.125	12.75	0.00577507532153853	0.979512335023498	0.0951278121979989	0.0144101421197448	1
29.375	12.75	0.0060917832924913	0.977255216980752	0.121391878808837	0.016929180355736	1
29.625	12.75	0.00641056987820023	0.9756458143195	0.136579951574034	0.0191588562500017	1
29.875	12.75	0.00668505144233269	0.973648340795714	0.14466106067997	0.021313425829343	1
30.125	12.75	0.00690806958690975	0.970189102422526	0.154989025096116	0.0237764817515848	1
30.375	12.75	0.00710053787936847	0.966160771263156	0.166226863642477	0.0267091196486261	1
30.625	12.75	0.00729932470382776	0.963013425172451	0.176400943851628	0.0301092210479896	1
30.875	12.75	0.00754668493223314	0.961549205287112	0.184339911002797	0.0335613687556542	1
31.125	12.75	0.00788349599598501	0.961661330903719	0.187370686305461	0.0367649711330767	1
31.375	12.75	0.00833029875573601	0.962770763906286	0.183782864069316	0.0396340132900243	1
31.625	12.75	0.00885612690740849	0.963261501124808	0.17212875000311	0.0423642918151897	1
31.875	12.75	0.00934860055227491	0.961267254060076	0.13801424740143	0.0458088953023927	1
32.125	12.75	0.00962580213869633	0.958050589675683	0.0249336031385287	0.0520510069338019	1
32.375	12.75	0.0095276186243193	0.939552757638961	-0.199599869385843	0.0614794739706991	1
32.625	12.75	0.00902588207299529	0.913958893849032	-0.35103207029775	0.0662563161311849	1
32.875	12.75	0.00829040214109602	0.908525711704234	-0.383934338749628	0.0666703425500637	1
33.125	12.75	0.00757757304162002	0.881789996795087	-0.429175812384802	0.0679098359512576	1
33.375	12.75	0.00707977166124959	0.885093795758874	-0.400982455916974	0.0721810901760857	1
33.625	12.75	0.0067921999476999	0.913178888123332	-0.314787551265459	0.0785117957514065	1
33.875	12.75	0.00662162836715062	0.931227931540784	-0.254162699731806	0.0856987327074252	1
34.125	12.75	0.00649489106720504	0.940697479799507	-0.222424980345396	0.0924093684121965	1
34.375	12.75	0.00640117574622749	0.944998925409824	-0.200373550741305	0.0990561789382078	1
34.625	12.75	0.00637273412366643	0.945648771399906	-0.184356074303779	0.106124663900043	1
34.875	12.75	0.00645162583852856	0.944920612843793	-0.172337063599826	0.114002175509328	1
35.125	12.75	0.00663972068038845	0.944599747679561	-0.169874118893937	0.122372891034884	1
35.375	12.75	0.00686454327605473	0.946042319797131	-0.181872841155953	0.130403279555559	1
35.625	12.75	0.00698394210382423	0.948091721458	-0.212474085535269	0.136844707856673	1
35.875	12.75	0.00684518166768053	0.944919484750583	-0.262639648237683	0.140953084002028	1
36.125	12.75	0.00635327272573944	0.942860824448317	-0.304854551730034	0.143626101588662	1
36.375	12.75	0.00549380178701695	0.919899830416593	-0.381464140373376	0.143831154289229	1
36.625	12.75	0.00438520101278553	0.952555235696156	-0.319757777422406	0.146231763007202	1
36.875	12.75	0.00321993608859849	0.849603200509612	-0.560750638523629	0.142154716126453	1
37.125	12.75	0.00236492471467815	0.873731155537438	-0.457198249927701	0.142303032657178	1
37.375	12.75	0.00189537773263834	0.993289757554568	-0.415767836421628	0.154515966274166	1
0.125	13.25	0.000491034292518651	0.780028847198928	-0.631755258128398	-0.0291227541556762	1
0.375	13.25	0.000491060942405599	0.833015192250005	-0.559715906114862	-0.0309505468243264	1
0.625	13.25	0.000491094154505099	0.815152472236537	-0.580843383511836	-0.0308265234694835	1
0.875	13.25	0.00049112647238437	0.844451752604253	-0.54034943111044	-0.0315267866297199	1
1.125	13.25	0.000491162278440293	0.800675013355849	-0.597377455707522	-0.0320621215188108	1
1.375	13.25	0.000491196216975563	0.858099624560967	-0.51362240554198	-0.0313299211498071	1
1.625	13.25	0.000491232382621824	0.762690657217698	-0.649898076970379	-0.0322771894715283	1
1.875	13.25	0.000491262261809652	0.795698244398647	-0.602267636665977	-0.0325739278237324	1
2.125	13.25	0.000491284503726856	0.869964952211631	-0.484943332764709	-0.031637819322628	1
2.375	13.25	0.000491307386201848	0.695843358066019	-0.718181123551317	-0.0309028587392121	1
2.625	13.25	0.000491341800829151	0.779070701254524	-0.626097906340242	-0.0319951116587642	1
2.875	13.25	0.000491403593915521	0.704152780322648	-0.702681710860707	-0.0309318501358143	1
3.125	13.25	0.000491516841471336	0.701164665229012	-0.708494264109385	-0.0302285151844708	1
3.375	13.25	0.000491679801403267	0.709326691602965	0.702569802076781	-0.0303282331875436	1
3.625	13.25	0.000491873166582892	0.411774182565879	0.909862746306312	-0.0296997620957045	1
3.875	13.25	0.000492079301919517	0.805954058663495	0.586075351603574	-0.0301081024930557	1
4.125	13.25	0.000492296013366413	0.62983696501676	0.772484900499188	-0.0283235705198537	1
4.375	13.25	0.000492518565441788	0.823984358722307	0.562204594169516	-0.0293083779263814	1
4.625	13.25	0.000492749487746332	0.814333198984808	0.571547609789366	-0.0273445446802947	1
4.875	13.25	0.000492983218497189	0.799928725595977	0.595002204998764	-0.0275768851850825	1
5.125	13.25	0.000493231316189449	0.888204017301983	0.447181946871774	-0.025937460608883	1
5.375	13.25	0.000493502839065145	0.74031803415204	0.670750441004482	-0.0254640266975248	1
5.625	13.25	0.000493798919690545	0.838085271111731	0.543464267063097	-0.0252590038587101	1
5.875	13.25	0.000494142073709472	0.690360783494523	0.724507225433033	-0.0252508704725761	1
6.125	13.25	0.000494516284404473	0.777258483297306	0.629163602834195	-0.0253489066232923	1
6.375	13.25	0.000494919426058092	0.689910315632201	0.723572262479857	-0.0254082627986756	1
6.625	13.25	0.000495305018291693	0.741017907532367	0.670802785982437	-0.0252344441915065	1
6.875	13.25	0.00049562377860548	0.704861201363014	0.707589121647045	-0.0253837915982754	1
7.125	13.25	0.000495816136380289	0.727509752335396	0.683851596733193	-0.0247904793114356	1
7.375	13.25	0.000495887866426148	0.727706777068254	-0.686775205126576	-0.0248975629210113	1
7.625	13.25	0.000495914766412781	0.741104271067183	-0.670143005920385	-0.0251957796318073	1
7.875	13.25	0.000495915239532158	0.72064740449752	-0.692388901293093	-0.0247694764475152	1
8.125	13.25	0.000495902783832053	0.756723444023405	-0.65089024532108	-0.0250810542744578	1
8.375	13.25	0.000495881363318241	0.727886657087175	-0.683819745483378	-0.024259974606696	1
8.625	13.25	0.000495855972827287	0.768049396680771	-0.637627459556298	-0.0247262876032023	1
8.875	13.25	0.00049582535151041	0.740423134865575	-0.670488652364562	-0.0238360311244459	1
9.125	13.25	0.000495791481336869	0.768371280420494	-0.639061160133596	-0.0244228436277618	1
9.375	13.25	0.000495754272886876	0.746806339925201	-0.664502328589854	-0.0238984857377236	1
9.625	13.25	0.00049570924545716	0.759780941666944	-0.650980649319742	-0.0243937880805777	1
9.875	13.25	0.000495653176059166	0.741037332561294	-0.671805941319537	-0.0243675896290494	1
10.125	13.25	0.000495577522313594	0.74812048453392	-0.664330300615075	-0.0245510351454907	1
10.375	13.25	0.000495478532136124	0.729109764192941	-0.685616507775881	-0.0247426179780579	1
10.625	13.25	0.000495356828657853	0.72801990230632	-0.684187559794473	-0.0249145888792313	1
10.875	13.25	0.000495238773919948	0.737254832453678	-0.678084004986066	-0.0243463303872046	1
11.125	13.25	0.000495166637789994	0.68278616440623	-0.729273404558144	-0.0256641161854725	1
11.375	13.25	0.000495209792062882	0.78278611152853	-0.62389822544806	-0.023733419610315	1
11.625	13.25	0.000495449214381612	0.646586128250152	-0.767254107706271	-0.0260526003672127	1
11.875	13.25	0.000495871624745852	0.815313333518263	0.564764603675274	-0.0248623097346143	1
12.125	13.25	0.000496385483915073	0.56662077218821	0.825905906349532	-0.0222945136700177	1
12.375	13.25	0.000496976977171409	0.81647129401785	0.573576534916042	-0.0253900453560258	1
12.625	13.25	0.000497607391309916	0.632249465949731	0.772035077990573	-0.0216415592421695	1
12.875	13.25	0.000498272431892142	0.756831922214606	0.6565881889769	-0.0242283647892447	1
13.125	13.25	0.000498983951625143	0.7042199370511	0.706951818589333	-0.0227370389213366	1
13.375	13.25	0.000499727219108956	0.73074641090085	0.683351774953831	-0.0232496750710807	1
13.625	13.25	0.000500511514207993	0.73195388414241	0.680249061862724	-0.0229634974501146	1
13.875	13.25	0.000501331972120298	0.732853186792151	0.679401292892555	-0.0230002690767723	1
14.125	13.25	0.000502185887926164	0.746496134125492	0.664472864096976	-0.0226861263019251	1
14.375	13.25	0.000503067561896355	0.738019100519023	0.672732266448953	-0.022847045459887	1
14.625	13.25	0.00050397232024923	0.766829664728897	0.639689291558275	-0.0221083220699344	1
14.875	13.25	0.000504894708157035	0.744660684555783	0.66295811295907	-0.0223861368077732	1
15.125	13.25	0.000505830486461719	0.80589482704199	0.586574150474031	-0.0208577884874568	1
15.375	13.25	0.000506776389692488	0.754519551572887	0.648755416746564	-0.0211634156261923	1
15.625	13.25	0.000507707320246931	0.862046731994733	0.499238361030674	-0.0189283404224972	1
15.875	13.25	0.000508603891142437	0.738393096806111	0.667406223176821	-0.0197143002300741	1
16.125	13.25	0.000509386073702657	0.921943310336994	0.382641535195062	-0.0173833866256345	1
16.375	13.25	0.000510045768478608	0.648230335249432	0.755504529564724	-0.0191122480598476	1
16.625	13.25	0.000510548827917526	0.982974212701361	-0.121539108035674	-0.0161014003155318	1
16.875	13.25	0.00051109707166017	0.879256278948827	-0.477014678627681	-0.0145965854999451	1
17.125	13.25	0.000511797651034727	0.947584625147102	-0.331942869383854	-0.016985542957772	1
17.375	13.25	0.00051246481052596	0.871782244570631	-0.497547531352581	-0.0169243848011757	1
17.625	13.25	0.000512705053823092	0.916211565599008	-0.403474224353321	-0.0190515110487128	1
17.875	13.25	0.000511865270739961	0.858245507428227	-0.513211778765961	-0.0178851438481499	1
18.125	13.25	0.000509433502002976	0.887488963149551	-0.457109212295351	-0.0191777893515176	1
18.375	13.25	0.000505737589110285	0.870740637648416	-0.488443419505014	-0.0173116639943789	1
18.625	13.25	0.000502818498219752	0.887665337740614	-0.465801160114758	-0.0184960230720481	1
18.875	13.25	0.000504942213224629	0.863108198841431	-0.497659392216874	-0.0185721446749051	1
19.125	13.25	0.000517450773448951	0.950246898305123	-0.304810009262855	-0.0166668835865851	1
19.375	13.25	0.000542906136258073	0.906811393255146	-0.424604575960639	-0.0179025455302494	1
19.625	13.25	0.000574152251955556	0.854788110774363	-0.521177769192127	-0.0174986557780007	1
19.875	13.25	0.00058800052448183	0.745260005804967	0.650003907384851	-0.0186882613763591	1
20.125	13.25	0.00054677682300075	0.297163650570564	0.955658173627012	-0.01293765220152	1
20.375	13.25	0.000411754592767078	0.780538601562865	0.621553009165972	-0.0181972389533301	1
20.625	13.25	0.000150646892600953	0.480726452644381	0.869933184978814	-0.012316262938906	1
20.875	13.25	-0.000249530258317451	0.719949086772443	0.696470655468467	-0.015749896115531	1
21.125	13.25	-0.000787545339452038	0.67038882203179	0.732460712798819	-0.0129697544797346	1
21.375	13.25	-0.00143095924387509	0.711051809364957	0.704977564075954	-0.0125668922465521	1
21.625	13.25	-0.00212542710440152	0.777449319973882	0.626269155940125	-0.0126574902899347	1
21.875	13.25	-0.00278853551888238	0.773310863183704	0.638054946968764	-0.0111058644970527	1
22.125	13.25	-0.00330186151776907	0.819745682181057	0.585088255096763	-0.012224322109265	1
22.375	13.25	-0.00352233950061498	0.827087291380873	0.577489881035986	-0.0126805680965479	1
22.625	13.25	-0.00329690715291446	0.842739016072556	0.564452341827255	-0.0140220375509504	1
22.875	13.25	-0.00251111835703057	0.823786399644417	0.592988385387138	-0.0170707804578625	1
23.125	13.25	-0.00114936020818101	0.835557034394566	0.555103594031771	-0.0185826641484309	1
23.375	13.25	0.000698390955866832	0.898777470269909	0.404257757206763	-0.0168031806630761	1
23.625	13.25	0.00289394454558545	0.962659700141455	0.196761478638627	-0.0108333190333206	1
23.875	13.25	0.00522355365345365	0.951434124717369	0.26228422694571	-0.00953406990447277	1
24.125	13.25	0.00731869889786624	0.968082528471719	0.194037845066703	-0.00665171843887391	1
24.375	13.25	0.00865228138819817	0.982797053792052	0.174983110019662	-0.00661569693829011	1
24.625	13.25	0.00888799323115873	0.955435709422092	0.2417716938872	-0.00987415604266792	1
24.875	13.25	0.00812813112846414	0.96828825147947	-0.0421343239710837	-0.00350077622921304	1
25.125	13.25	0.00678731000325655	0.873407772401295	-0.460533647901814	0.00144557577199466	1
25.375	13.25	0.00542130006446013	0.906518391429194	-0.419628362901899	-0.00017101014680982	1
25.625	13.25	0.0042136025858602	0.918626605788545	-0.381561758195523	-0.000652167828575384	1
25.875	13.25	0.00323061986637948	0.92385164563856	-0.361523763544187	0.000209940285032374	1
26.125	13.25	0.00248306632908774	0.936580400375971	-0.324270837668763	0.00149584177035541	1
26.375	13.25	0.00193601524410146	0.949405352640645	-0.285317728170309	0.00309111145505374	1
26.625	13.25	0.00153539547098966	0.959531252342561	-0.25546026494436	0.00449932266718559	1
26.875	13.25	0.00122802020565072	0.965865536837004	-0.2382855878419	0.0055166133984096	1
27.125	13.25	0.000969842047864266	0.968706232861627	-0.233040656406027	0.00618821083347235	1
27.375	13.25	0.000731479968173564	0.96815598916871	-0.23883872469718	0.0066214698511166	1
27.625	13.25	0.000504242687260513	0.964781893221771	-0.251130994550246	0.00705548043648923	1
27.875	13.25	0.000298920693009253	0.960003013802852	-0.263074935062025	0.00780065747802331	1
28.125	13.25	0.000137910469922874	0.955639905938406	-0.26886951660054	0.00916369796160714	1
28.375	13.25	4.47541951895031e-05	0.953343256606559	-0.26534455756265	0.0113486090885489	1
28.625	13.25	3.47666815070351e-05	0.953643838151076	-0.253336373374756	0.0143570385618823	1
28.875	13.25	0.000109570088507273	0.955077198391255	-0.239472475216986	0.0179974241031291	1
29.125	13.25	0.000256458582825592	0.955825668760267	-0.230955570917953	0.0220426969910661	1
29.375	13.25	0.000450902739737756	0.954650256458305	-0.232989786589762	0.0263107499064918	1
29.625	13.25	0.000663246652987888	0.950537152879528	-0.248563727001604	0.0306547137788494	1
29.875	13.25	0.00086897881560368	0.942733250619913	-0.276656723169202	0.035017702487768	1
30.125	13.25	0.00105595848856083	0.932212716698722	-0.310982620875735	0.0394414149718285	1
30.375	13.25	0.00122464162898352	0.920693945922939	-0.345626520634153	0.0438064960854638	1
30.625	13.25	0.00138663451721831	0.910948060851748	-0.373432803666668	0.0479846805229458	1
30.875	13.25	0.00156142035923774	0.90531061450243	-0.390656050663908	0.0518587308085466	1
31.125	13.25	0.00177093959117745	0.905285774432279	-0.395338042166375	0.0552979155174066	1
31.375	13.25	0.00202881031626737	0.909780546058819	-0.390536467508532	0.0581736157691451	1
31.625	13.25	0.00232494337719925	0.91864407704349	-0.376777879367701	0.0603198392487064	1
31.875	13.25	0.00261167556166028	0.934650426684386	-0.346308674829997	0.0614928726601205	1
32.125	13.25	0.00280731076843793	0.957913778584579	-0.286201926013759	0.0613311726137428	1
32.375	13.25	0.00283226906391512	0.974252164338823	-0.209286565515364	0.060381210945477	1
32.625	13.25	0.00266016284142177	0.967335596220323	-0.208863337421963	0.0612155630472062	1
32.875	13.25	0.00234331821288652	0.947251484112612	-0.281746114316449	0.0635963747729681	1
33.125	13.25	0.00199047582424057	0.927612091730368	-0.335542761138812	0.0654273176064549	1
33.375	13.25	0.00171215210592221	0.923149870136229	-0.319380304579236	0.0692172434813361	1
33.625	13.25	0.00154535384375544	0.934347025991673	-0.253440975539687	0.0762071503022947	1
33.875	13.25	0.00146089335775482	0.946130007869307	-0.196728299951095	0.0844049885457345	1
34.125	13.25	0.00141678335022618	0.952057282958649	-0.174709368995265	0.0922253120332109	1
34.375	13.25	0.00139075104477223	0.953775280763895	-0.16806455026142	0.0996638348962417	1
34.625	13.25	0.00138166005028247	0.952983260419693	-0.164326909203942	0.107226915099549	1
34.875	13.25	0.00139879340720983	0.951351208997361	-0.161499252148047	0.115296441305932	1
35.125	13.25	0.00144514382984392	0.950096136425348	-0.164179140716637	0.123740714196753	1
35.375	13.25	0.00150400708054021	0.949699132075059	-0.176942087393096	0.132032734630181	1
35.625	13.25	0.0015356313665135	0.949430331691839	-0.203127244064879	0.139477792420376	1
35.875	13.25	0.00148811632437509	0.94648113138882	-0.244009553360651	0.145527035745312	1
36.125	13.25	0.00131432602957989	0.943443703925905	-0.287210482512545	0.150314579446455	1
36.375	13.25	0.000983312404457185	0.926336709077348	-0.349227032100457	0.152863309507027	1
36.625	13.25	0.000506447029997104	0.946981994320069	-0.322149321914997	0.157356985346713	1
36.875	13.25	-7.10617609043496e-05	0.890534975746895	-0.492198322407136	0.155008053567271	1
37.125	13.25	-0.000576685404081069	0.893621836831432	-0.429909604628542	0.153904379590539	1
37.375	13.25	-0.000893483400498856	0.997992481730322	-0.417474875335431	0.165624783948462	1
0.125	13.75	0.00049087233255573	0.75421553946274	-0.66423567105026	-0.023011835556034	1
0.375	13.75	0.00049089811575829	0.811059884273019	-0.599071733408141	-0.0252187879578432	1
0.625	13.75	0.000490931904398477	0.760942243716136	-0.657775504327891	-0.0267199397032672	1
0.875	13.75	0.00049096652721614	0.819646895982403	-0.58600364075829	-0.0277195096634932	1
1.125	13.75	0.000491002996221758	0.770110323282046	-0.646585740188976	-0.0301082577940837	1
1.375	13.75	0.000491036979823317	0.845784142873014	-0.540734440146632	-0.0301008717171958	1
1.625	13.75	0.000491069727749736	0.807230543242251	-0.598140113737179	-0.0319064080178895	1
1.875	13.75	0.000491099401838066	0.845063435671971	-0.541501922255829	-0.032199398715717	1
2.125	13.75	0.000491124460737435	0.827418361139771	-0.564946532132546	-0.0336412824205413	1
2.375	13.75	0.000491156906223207	0.947677631682339	-0.318685694906792	-0.0330567751787905	1
2.625	13.75	0.000491199728113118	0.824972144466689	-0.567373459373802	-0.03371891444085	1
2.875	13.75	0.000491265462915827	0.964901397207696	-0.271065015271881	-0.0335267788844293	1
3.125	13.75	0.000491383838118885	0.853028183791713	-0.517269598216287	-0.0349096913253267	1
3.375	13.75	0.000491535213276297	0.981630616497397	0.131366716753854	-0.0324968412336959	1
3.625	13.75	0.000491697537924923	0.723604022868847	0.688851019643035	-0.0302270655858671	1
3.875	13.75	0.000491882461302472	0.984946512286716	0.146325749423221	-0.0318835453942942	1
4.125	13.75	0.000492077858721972	0.638904372549487	0.76911008228393	-0.0283190079927612	1
4.375	13.75	0.00049227954599172	0.942498503739564	0.320795708082877	-0.0315877394423971	1
4.625	13.75	0.000492489107307639	0.672530902119011	0.733168141811804	-0.0263059795236363	1
4.875	13.75	0.000492708116111938	0.833645613776105	0.544940764435849	-0.0295094951003504	1
5.125	13.75	0.00049294396734033	0.737169037585634	0.666539058331466	-0.0244928776996728	1
5.375	13.75	0.000493203594084923	0.697318745014664	0.715901070544182	-0.0270416138334454	1
5.625	13.75	0.000493491741662427	0.776579103720966	0.624097580417449	-0.0240906368449875	1
5.875	13.75	0.00049382155914163	0.658053794719728	0.753548167600207	-0.0256659390341208	1
6.125	13.75	0.000494177719347858	0.784783780148045	0.616445951432616	-0.0242646545550245	1
6.375	13.75	0.000494558655481276	0.681454094384592	0.731821906022971	-0.0249477487914539	1
6.625	13.75	0.000494916993278827	0.768923112143914	0.637751858619454	-0.0244496859563096	1
6.875	13.75	0.000495209253196444	0.712168982572321	0.700220846031201	-0.0246095225601395	1
7.125	13.75	0.000495379786806863	0.75267029397383	0.656862127282895	-0.0241645979202812	1
7.375	13.75	0.000495435808676211	0.729833560536349	-0.684811439554105	-0.0242073590711849	1
7.625	13.75	0.000495454117229488	0.76447675004859	-0.644056664525568	-0.024747062102574	1
7.875	13.75	0.000495444450882934	0.714643961841079	-0.700126458899842	-0.0242768045735037	1
8.125	13.75	0.000495423315103835	0.768168340916077	-0.63886410357161	-0.0250880374763309	1
8.375	13.75	0.000495391048034667	0.715030592747468	-0.698334363841145	-0.0241772308080952	1
8.625	13.75	0.000495355914433473	0.769318272985738	-0.636689588516667	-0.0250099345267968	1
8.875	13.75	0.00049531555690069	0.730196021904389	-0.680964655936325	-0.0239263471624929	1
9.125	13.75	0.00049527336332831	0.76891643815957	-0.637384017985567	-0.0245139626709152	1
9.375	13.75	0.000495228989357932	0.746359281884851	-0.663274618982573	-0.0237595445434626	1
9.625	13.75	0.000495178416203995	0.7671501394606	-0.640630629137005	-0.0240566597644151	1
9.875	13.75	0.000495118112354316	0.752761795422113	-0.657787296996371	-0.0238691046290749	1
10.125	13.75	0.000495038135132445	0.760659699010796	-0.648922489035187	-0.0241084880922378	1
10.375	13.75	0.000494936170650755	0.755929258644878	-0.656469920600835	-0.0240596866823891	1
10.625	13.75	0.000494808959702207	0.738574482142727	-0.673486075552473	-0.0248575941845176	1
10.875	13.75	0.000494682679780619	0.773333563980248	-0.636204915285005	-0.0239732556379959	1
11.125	13.75	0.000494599859481674	0.697327282032622	-0.716945028604586	-0.0257646337933856	1
11.375	13.75	0.000494624708914406	0.799078665091711	-0.600311789807002	-0.0240925132125947	1
11.625	13.75	0.000494839552553164	0.67054397766196	-0.743585596606603	-0.0256815995560047	1
11.875	13.75	0.000495238262513893	0.805776321018889	0.586508567299914	-0.0248559468088528	1
12.125	13.75	0.000495730429506045	0.65102268956928	0.760353547229874	-0.0240607129736854	1
12.375	13.75	0.000496298024113527	0.824727582460124	0.559086957076582	-0.0254897942212906	1
12.625	13.75	0.00049690504965965	0.670603693711619	0.740591214493595	-0.0226399273666849	1
12.875	13.75	0.000497557612058214	0.795255479777224	0.605433915608955	-0.0250153618483043	1
13.125	13.75	0.000498254325364749	0.719949226875214	0.689896713954757	-0.0228436030202322	1
13.375	13.75	0.000498979262519749	0.762118118984925	0.646929860629242	-0.0237491760156752	1
13.625	13.75	0.000499744738022261	0.746908569629472	0.661992903390406	-0.0229404166199766	1
13.875	13.75	0.000500535601604424	0.751104542614458	0.658588734452169	-0.0229893895200986	1
14.125	13.75	0.000501352387665607	0.760021073025221	0.647825349022481	-0.0225445568337888	1
14.375	13.75	0.000502188006324063	0.753684308632477	0.653794660674946	-0.0225016687148203	1
14.625	13.75	0.000503043434824749	0.783545082921764	0.616727972581465	-0.0215607354201621	1
14.875	13.75	0.000503921628886877	0.767213786030666	0.633757804861841	-0.0213966300535516	1
15.125	13.75	0.000504829057553495	0.824913336008286	0.556368209213173	-0.0194892463306846	1
15.375	13.75	0.000505765949074379	0.773056408531532	0.625294036390767	-0.0194512424642234	1
15.625	13.75	0.000506707558130488	0.86044669013521	0.501098631369595	-0.0171579897827766	1
15.875	13.75	0.000507618372351917	0.74132055163637	0.666047803975084	-0.017822955134199	1
16.125	13.75	0.000508404950501607	0.883617464795786	0.462585195733481	-0.0158513280379988	1
16.375	13.75	0.000509033439767236	0.665559252786353	0.744779906408799	-0.0166811100853579	1
16.625	13.75	0.000509477868868166	0.906330175363756	-0.401112973715152	-0.0154252568363007	1
16.875	13.75	0.00050994812067859	0.814571679444969	-0.578889939345014	-0.0126078154024582	1
17.125	13.75	0.000510541063591604	0.922960381170635	-0.393111539663739	-0.0154191825272788	1
17.375	13.75	0.000511160638948679	0.822810881555118	-0.582691934166824	-0.0143693059934397	1
17.625	13.75	0.000511538282114774	0.903455403364734	-0.447464046084307	-0.0189847381489938	1
17.875	13.75	0.000511178571861065	0.838337647007539	-0.554917711213683	-0.0184930293727799	1
18.125	13.75	0.000509596578845611	0.904953854508839	-0.438080063999863	-0.0215072025928231	1
18.375	13.75	0.000506804774147622	0.855240919548783	-0.515975912120084	-0.0215836198792041	1
18.625	13.75	0.00050402106090235	0.930375776180038	-0.360596447474757	-0.0212756415637601	1
18.875	13.75	0.000504254465968443	0.89111058548255	-0.457065482702634	-0.0213152460939055	1
19.125	13.75	0.000511850502073476	0.794284285309106	-0.598175373209408	-0.0224884784757666	1
19.375	13.75	0.000530358085470112	0.95308552014845	-0.263962465112958	-0.0191209167575128	1
19.625	13.75	0.000558247273251513	0.971021881689715	-0.1511472479256	-0.0174384353887321	1
19.875	13.75	0.000582935197653808	0.416784165020558	0.902660334945936	-0.0109300554524527	1
20.125	13.75	0.000582354515943566	0.729795331646062	0.697278560816128	-0.0157562309393638	1
20.375	13.75	0.000531891184442739	0.677649384218233	0.72431312147691	-0.0145397779303319	1
20.625	13.75	0.000408402271130046	0.609899777413858	0.798488876699942	-0.0129809311846476	1
20.875	13.75	0.000192895867761886	0.764428811520951	0.642451366573795	-0.0156703398418627	1
21.125	13.75	-0.00012738500439642	0.66579710182993	0.745759008288299	-0.0127657003571895	1
21.375	13.75	-0.000551210414391213	0.774683313345209	0.637398328439362	-0.0147723000415162	1
21.625	13.75	-0.00106927664190963	0.76900626415667	0.640750090512396	-0.0138119327954478	1
21.875	13.75	-0.00164905345185193	0.792451781268609	0.620850449583348	-0.0142812243852574	1
22.125	13.75	-0.00223401705794896	0.815151897071574	0.591905664756703	-0.015414259391665	1
22.375	13.75	-0.00274395576606606	0.824977461071542	0.582419834578426	-0.0159777337512506	1
22.625	13.75	-0.00308180128756212	0.817670772759499	0.598446313066617	-0.0178769505847185	1
22.875	13.75	-0.00316299515714859	0.79948430711888	0.610118048533488	-0.0197548117074426	1
23.125	13.75	-0.00295127005674743	0.85960582744258	0.495711639382092	-0.018014927752906	1
23.375	13.75	-0.00245432286545933	0.927932841277316	0.344205008181343	-0.0137644155662664	1
23.625	13.75	-0.00169704720627183	0.939036399380521	0.320081277034117	-0.0118263387617705	1
23.875	13.75	-0.000750583577173494	0.971124136688539	0.197486064271475	-0.00876534241414343	1
24.125	13.75	0.000221699905380046	0.97301689791909	0.193572230777776	-0.00683120470696121	1
24.375	13.75	0.000972763170007841	0.983705129787942	0.10355431072453	-0.004645147809258	1
24.625	13.75	0.00129339909451185	0.977079657467792	-0.163822178453187	-0.00175729491835807	1
24.875	13.75	0.00114196499230833	0.969284044276164	-0.221421597879271	-0.000531450416062501	1
25.125	13.75	0.000667957074332086	0.946636013151035	-0.317473325257576	0.000590525587550031	1
25.375	13.75	0.000138665699264776	0.939051701711942	-0.355532166020755	-1.21545909196165e-05	1
25.625	13.75	-0.000333938517527494	0.951768554605169	-0.315206201430886	-0.00144550276797537	1
25.875	13.75	-0.00071889975737195	0.953110823572733	-0.296126502486727	-0.00119734671526187	1
26.125	13.75	-0.00100937113379692	0.959884884530961	-0.265095759027072	-0.000174321926872546	1
26.375	13.75	-0.0012161387296318	0.968631845924098	-0.22804050873921	0.00129105659442697	1
26.625	13.75	-0.00135879984719932	0.97653697510603	-0.19716839852075	0.00272508638729211	1
26.875	13.75	-0.00145803494229143	0.982904588222364	-0.175760175387051	0.00369908695299014	1
27.125	13.75	-0.00153192980913133	0.987682679083705	-0.161713910458749	0.00408169092809464	1
27.375	13.75	-0.00159403990342945	0.990826329076986	-0.152128994361779	0.0039491088428358	1
27.625	13.75	-0.00165153015266186	0.992308875998247	-0.143528490462552	0.0035819242990634	1
27.875	13.75	-0.00170465958369242	0.992441883210205	-0.131920063871439	0.00339299960966091	1
28.125	13.75	-0.00174813588847788	0.991914537818676	-0.11286068959052	0.0037933995873737	1
28.375	13.75	-0.00177387531383357	0.991382910421079	-0.083078905132133	0.00506408987766868	1
28.625	13.75	-0.00177428875402096	0.990952223218431	-0.044171954057026	0.00722554335154673	1
28.875	13.75	-0.00174506104076421	0.990304409382302	-0.00375842421820047	0.00999906879972136	1
29.125	13.75	-0.00168672279973535	0.989434060480881	0.0301625728176735	0.0130212738277106	1
29.375	13.75	-0.0016049842581076	0.988634581021263	0.0540643176413856	0.016040650511389	1
29.625	13.75	-0.00150942886940651	0.987950035021702	0.068545700756362	0.0189653440363045	1
29.875	13.75	-0.0014106032621526	0.987095207936768	0.0761578140947996	0.0218612134643242	1
30.125	13.75	-0.00131692341454962	0.98587712227971	0.0801990438010673	0.0248944455412808	1
30.375	13.75	-0.00123270237363753	0.984575975769056	0.0800653536972503	0.028189114443838	1
30.625	13.75	-0.00115673264496532	0.983800931399754	0.0734346685124619	0.0318211754368376	1
30.875	13.75	-0.00108204023697963	0.984120013929746	0.0602902563742179	0.0356963754547182	1
31.125	13.75	-0.000997804632466086	0.985455180738156	0.0439354321083232	0.0395400001556065	1
31.375	13.75	-0.00089457474087041	0.986727386250166	0.025316444441494	0.0430928646216989	1
31.625	13.75	-0.00077167412106781	0.986103735480315	-0.00209855171478969	0.0465221419882219	1
31.875	13.75	-0.000643638941568792	0.98209758702476	-0.0503003740737532	0.0504109091863106	1
32.125	13.75	-0.000540399813433937	0.973902092884512	-0.126814687624057	0.0550229664262366	1
32.375	13.75	-0.000497191640179925	0.963458029298053	-0.210294876453374	0.0594001214171444	1
32.625	13.75	-0.00053730241329942	0.954855447115414	-0.267020007600351	0.0620139493277955	1
32.875	13.75	-0.000653801406233605	0.942324509986827	-0.310173800958578	0.0636176397092845	1
33.125	13.75	-0.000806743718340804	0.919156286736342	-0.363162327830657	0.065777948941717	1
33.375	13.75	-0.000943933980704759	0.901305232433551	-0.387607939561466	0.0695127414156725	1
33.625	13.75	-0.00103448567044389	0.906086854802144	-0.353379806122002	0.0757012084932094	1
33.875	13.75	-0.00107910205783686	0.923414986464042	-0.289798726042861	0.0838060432125548	1
34.125	13.75	-0.00109403898416956	0.938971055813985	-0.234479456383514	0.0922280604741664	1
34.375	13.75	-0.00109421983262932	0.9486549303483	-0.196669778869957	0.100248967440801	1
34.625	13.75	-0.00108769115382686	0.952951689555611	-0.172624713865855	0.108078570911483	1
34.875	13.75	-0.00107673319171179	0.953453476613855	-0.160240522589246	0.116164093565635	1
35.125	13.75	-0.00106172162169213	0.951837667063754	-0.161003099849691	0.12466722464827	1
35.375	13.75	-0.00104519996333577	0.94935544647819	-0.17587216836701	0.133368541448089	1
35.625	13.75	-0.00103476925860093	0.946402297052492	-0.203946006956573	0.141781968214553	1
35.875	13.75	-0.00104376290461433	0.942238082169147	-0.242279449598384	0.149359146527526	1
36.125	13.75	-0.00109036887594941	0.93843846136848	-0.282296038305901	0.155866116803277	1
36.375	13.75	-0.00119572257353893	0.924993507298529	-0.333868853684787	0.160630342622089	1
36.625	13.75	-0.00137459892405238	0.941590589770936	-0.314172014972329	0.166699588693321	1
36.875	13.75	-0.00162762168281963	0.89542174233587	-0.467318315948046	0.166995998302648	1
37.125	13.75	-0.0018899129461635	0.895569806975112	-0.434068242527353	0.16719629974716	1
37.375	13.75	-0.00208167890919115	1.01865330459413	-0.373539893079823	0.17642027928887	1
0.125	14.25	0.000490777013267347	0.794887865530857	-0.606841170092568	-0.0256895292114801	1
0.375	14.25	0.000490798346301538	0.81302792441607	-0.585766936453845	-0.0259974831895608	1
0.625	14.25	0.000490825929943586	0.795863141725853	-0.608459212419025	-0.026814824751534	1
0.875	14.25	0.000490855433763887	0.808140765302396	-0.593672398093562	-0.0269972067016613	1
1.125	14.25	0.000490886395605793	0.788829259944692	-0.620471411327444	-0.0282254073362652	1
1.375	14.25	0.000490916908741845	0.787900262482332	-0.618538477209961	-0.0288078781235679	1
1.625	14.25	0.000490946071490268	0.791486030864846	-0.615284796340756	-0.0291618060803545	1
1.875	14.25	0.000490976273429226	0.751589984428629	-0.661255103833995	-0.0302168670349555	1
2.125	14.25	0.000491000766505411	0.765560698833397	-0.642709313997395	-0.0299142346748503	1
2.375	14.25	0.000491035217642185	0.699244312911856	-0.714848388595373	-0.0302626467666826	1
2.625	14.25	0.000491083477587371	0.78001220413259	-0.621113163147601	-0.0303733402500388	1
2.875	14.25	0.000491160232795651	0.642986348298991	-0.764503684478392	-0.0291811974498018	1
3.125	14.25	0.000491271001678971	0.745158996766864	-0.675752245813097	-0.0305242315867414	1
3.375	14.25	0.000491418518324868	0.22037031172884	0.971507280164757	-0.031316617576121	1
3.625	14.25	0.000491557406571473	0.515603010480097	0.852486790582962	-0.0300683833044792	1
3.875	14.25	0.00049171210460036	0.514685551459557	0.851339845631429	-0.0301867847376906	1
4.125	14.25	0.000491874268250143	0.661568825622811	0.744350169462764	-0.0290472196273998	1
4.375	14.25	0.000492045233907171	0.754496228359774	0.638446067588568	-0.028875455533957	1
4.625	14.25	0.000492232698572134	0.745781034516705	0.655942430897722	-0.024603576673843	1
4.875	14.25	0.000492435278484173	0.783044404902447	0.613794299401563	-0.0264287244565015	1
5.125	14.25	0.000492660811743808	0.791595106033345	0.607162076327754	-0.0227046123675188	1
5.375	14.25	0.000492910744340928	0.719950969165625	0.696387420302929	-0.0258546986026599	1
5.625	14.25	0.000493189868641658	0.834736157230215	0.549607755059673	-0.0234436882057492	1
5.875	14.25	0.000493506993992935	0.655039921658384	0.759771335374224	-0.0260817726385475	1
6.125	14.25	0.000493845945470718	0.838176713838459	0.542357335229092	-0.0245570533728641	1
6.375	14.25	0.000494209117223936	0.637963778971363	0.772210671454547	-0.025679676628736	1
6.625	14.25	0.000494541812291922	0.804348470629458	0.590254254594758	-0.0251206533472974	1
6.875	14.25	0.000494813461486145	0.664888405281949	0.745698060571807	-0.0248227201354314	1
7.125	14.25	0.000494963592848451	0.766619712011141	0.639268926753815	-0.0247909553088764	1
7.375	14.25	0.000495005912539608	0.695883898792026	-0.718775053297848	-0.0241176258206453	1
7.625	14.25	0.000495013727499826	0.777416830226558	-0.628028729923309	-0.0250953808223773	1
7.875	14.25	0.000494993588866439	0.691733971721403	-0.722797418597917	-0.0240554700118214	1
8.125	14.25	0.000494963659733594	0.777862742424651	-0.627734302908253	-0.0253635877908139	1
8.375	14.25	0.000494920910901353	0.698406368884549	-0.715663583279677	-0.0241237523429431	1
8.625	14.25	0.000494875502840846	0.76775126194693	-0.640356638435598	-0.0254115347491734	1
8.875	14.25	0.000494824259461431	0.715243769425033	-0.69751907950207	-0.0243186141933127	1
9.125	14.25	0.000494771246950887	0.757687553178403	-0.651773530928559	-0.0250868068342889	1
9.375	14.25	0.000494716561558611	0.732104423684704	-0.6791112253093	-0.0243741191706561	1
9.625	14.25	0.000494656830679847	0.752868707843682	-0.656688166794645	-0.024598140162631	1
9.875	14.25	0.000494589817140704	0.743133812498907	-0.667838089653272	-0.0241870128601908	1
10.125	14.25	0.000494504445870836	0.745078557953293	-0.665197700480553	-0.0243736761361752	1
10.375	14.25	0.000494400356833144	0.754115453087431	-0.657103695118664	-0.0237849267443743	1
10.625	14.25	0.000494272549934294	0.721711269454083	-0.691087904269916	-0.0246737377179456	1
10.875	14.25	0.000494144154666826	0.772338565518471	-0.635775236371877	-0.0234118370451213	1
11.125	14.25	0.000494057606107337	0.687649001652098	-0.726727142273086	-0.0250171666056435	1
11.375	14.25	0.000494072304623676	0.787858213637241	-0.615284660770759	-0.0235487620156697	1
11.625	14.25	0.000494266220854497	0.669229352303331	-0.744813586457417	-0.0248951912087311	1
11.875	14.25	0.000494642512294334	0.78965896334704	0.607368278423467	-0.0241485670120876	1
12.125	14.25	0.000495114633922519	0.646238374738213	0.761733179665693	-0.0232013533431293	1
12.375	14.25	0.000495655735106661	0.791908674850161	0.604931087293357	-0.0239052573722059	1
12.625	14.25	0.000496239492328274	0.646538714031541	0.762947845185927	-0.021725384889113	1
12.875	14.25	0.000496870336973036	0.772352592673425	0.634390766102513	-0.0237562804792356	1
13.125	14.25	0.000497539177990353	0.683051519969965	0.7297759386122	-0.0217173179218467	1
13.375	14.25	0.000498235005500405	0.750054965224635	0.663110599599178	-0.0232540206308657	1
13.625	14.25	0.000498965808319514	0.723838084969878	0.689358069667326	-0.0223456488204992	1
13.875	14.25	0.000499712931487377	0.748828505646559	0.662724460495762	-0.0229167347204531	1
14.125	14.25	0.00050048150720695	0.757583795887156	0.650050123868501	-0.0223858113979885	1
14.375	14.25	0.000501265084269932	0.767011156323278	0.636062126245476	-0.0222093835772819	1
14.625	14.25	0.000502073500149989	0.798241559787975	0.594129706839086	-0.0209509640714203	1
14.875	14.25	0.000502916610673211	0.789697102576621	0.603438518264106	-0.0202778916177756	1
15.125	14.25	0.000503803313448657	0.834954227017338	0.541529719308458	-0.0184914116683436	1
15.375	14.25	0.000504735729110452	0.785241558681481	0.612811629163997	-0.0184497666224769	1
15.625	14.25	0.0005056812458156	0.856098499567818	0.514283036794735	-0.0169950258955352	1
15.875	14.25	0.000506598265514324	0.751420263208699	0.659560072251675	-0.0181122098952106	1
16.125	14.25	0.00050738318732764	0.876825105518195	0.483746334482611	-0.0170476649352074	1
16.375	14.25	0.000507985680042436	0.699765002601967	0.718640542517579	-0.018849214846209	1
16.625	14.25	0.000508383890451821	0.904160903241185	-0.40516496761811	-0.0184382044989375	1
16.875	14.25	0.000508783792697087	0.797550975274489	-0.590155164904742	-0.0147648963977832	1
17.125	14.25	0.00050930007690065	0.95373092563012	-0.275851757787181	-0.015665802768262	1
17.375	14.25	0.000509874083767673	0.842707758244062	-0.538345121714005	-0.0117662648236893	1
17.625	14.25	0.00051034946732922	0.943950559124879	-0.345729888224098	-0.0158626805245665	1
17.875	14.25	0.00051034653580912	0.83341841157624	-0.562716511168507	-0.0147129854206396	1
18.125	14.25	0.000509447970332423	0.907154835729702	-0.434446702957005	-0.0180242165956812	1
18.375	14.25	0.000507487495388809	0.864105958608099	-0.518857820129701	-0.0176560110183072	1
18.625	14.25	0.000505131003871366	0.852548049005107	-0.526955468773456	-0.0213532540506705	1
18.875	14.25	0.000504461537210434	0.968705039018975	-0.228717906961774	-0.0186107342385728	1
19.125	14.25	0.000509043317367742	0.941474273931298	-0.34648949990443	-0.0193620528371473	1
19.375	14.25	0.000522426018279112	0.561514342196002	-0.835480888974541	-0.0205769860169959	1
19.625	14.25	0.00054537775766731	0.764081793487569	0.620614678215427	-0.0207956377223747	1
19.875	14.25	0.000571881467140464	0.277144191123046	0.958423637202113	-0.0142329356491465	1
20.125	14.25	0.000591419710842485	0.850439762434671	0.51728851342853	-0.0197037567840381	1
20.375	14.25	0.00059103039441857	0.52011719290718	0.845004469931497	-0.0128381659663058	1
20.625	14.25	0.000555405872072862	0.778479883811814	0.632190601919127	-0.016814355168054	1
20.875	14.25	0.000467692435512775	0.735347528284998	0.666134178145223	-0.0143760235374474	1
21.125	14.25	0.00031222240180997	0.76817664207402	0.640363069333578	-0.0135697765108792	1
21.375	14.25	7.50156981959106e-05	0.828824685984989	0.558913407004177	-0.0141236517332582	1
21.625	14.25	-0.000253398827204748	0.817548358750659	0.581060719056884	-0.0133976240842235	1
21.875	14.25	-0.000667402603832816	0.839005159949762	0.557682388337062	-0.0149177997947073	1
22.125	14.25	-0.00114395291926654	0.848264190814627	0.545004260794732	-0.016052054768438	1
22.375	14.25	-0.0016360019456216	0.83847207642392	0.568361630419867	-0.0177278790529466	1
22.625	14.25	-0.00207633473584601	0.804470727826126	0.609705363803248	-0.0206181073478537	1
22.875	14.25	-0.00240517412678382	0.845268232109793	0.529075885974273	-0.0201699478563961	1
23.125	14.25	-0.00259851555970954	0.939250612070571	0.308519617295348	-0.0171457165769658	1
23.375	14.25	-0.00264909692161928	0.967573222636338	0.202147598507345	-0.0131209806640161	1
23.625	14.25	-0.0025499679071207	0.9840219711994	0.147163330633778	-0.00992409934295126	1
23.875	14.25	-0.00231242944149768	0.983507157528486	0.176341579813499	-0.0092422734866485	1
24.125	14.25	-0.00198936017417903	0.985590450022281	0.168956134669064	-0.00815347734216119	1
24.375	14.25	-0.00167764590557412	0.991817534309154	0.156727293816457	-0.00800201530072289	1
24.625	14.25	-0.00147694259487599	0.974014771800745	0.193471002716903	-0.00915727765428126	1
24.875	14.25	-0.00143447686221471	0.979220728511645	0.00800951701675626	-0.00345652216844578	1
25.125	14.25	-0.00151836028594213	0.908129617301211	-0.401618677918703	0.00192438869389723	1
25.375	14.25	-0.00163548019711889	0.908697006107236	-0.432089560011771	0.00127777159538785	1
25.625	14.25	-0.00173916539186655	0.926254938110541	-0.389337993337914	-0.000207802162464499	1
25.875	14.25	-0.00181742297595766	0.928916140341364	-0.372133359263238	-0.000243634521392899	1
26.125	14.25	-0.00186862767714306	0.935943930825579	-0.34773615588009	0.00034111242162292	1
26.375	14.25	-0.001896662368125	0.946550303124202	-0.312704357310008	0.00139431565144673	1
26.625	14.25	-0.00190754374228794	0.956592214616529	-0.279288434876088	0.00271131370655168	1
26.875	14.25	-0.00190714098370144	0.964493946918405	-0.254156586346347	0.00390612646719486	1
27.125	14.25	-0.00190052289819475	0.969683178173693	-0.239140496661618	0.00478875900066438	1
27.375	14.25	-0.00189194688969946	0.972282342772578	-0.232814237195729	0.00535793494005603	1
27.625	14.25	-0.00188470660767263	0.972645914292448	-0.232086723993791	0.00577215163210688	1
27.875	14.25	-0.00188083943790986	0.971397011259576	-0.232942091067221	0.00630408412550328	1
28.125	14.25	-0.00188089428209843	0.9695255130237	-0.230972679817712	0.00728043032063307	1
28.375	14.25	-0.00188388379718282	0.96829426615428	-0.222265155218783	0.00899736754448876	1
28.625	14.25	-0.00188750562622493	0.968564498234096	-0.205803582208816	0.0115959823528857	1
28.875	14.25	-0.0018887333622309	0.969969138539074	-0.185844947662438	0.0149729647274353	1
29.125	14.25	-0.00188480129190231	0.971356498616427	-0.169475310510778	0.0188702973933065	1
29.375	14.25	-0.00187430637127027	0.971732729476387	-0.162121860610001	0.0230559831994584	1
29.625	14.25	-0.00185784728706216	0.970546940586909	-0.165817184896613	0.0274181817913528	1
29.875	14.25	-0.00183782029547504	0.967611339897547	-0.179866933306367	0.0319367535750755	1
30.125	14.25	-0.00181751123332437	0.963280912548395	-0.201319718076302	0.0366004654884729	1
30.375	14.25	-0.00179985951040373	0.958208179861759	-0.226741031797023	0.0412897888210777	1
30.625	14.25	-0.00178612992248982	0.953221172511343	-0.252213028700747	0.0458081426266411	1
30.875	14.25	-0.00177496013765763	0.949571799747625	-0.273269256434869	0.0499471412914771	1
31.125	14.25	-0.00176243971249906	0.94936831153551	-0.283998217961391	0.0534980987571547	1
31.375	14.25	-0.00174374763886473	0.953942357115461	-0.280995552737674	0.0562281156664707	1
31.625	14.25	-0.00171608205119527	0.962452304435979	-0.265219234969713	0.0579406180242225	1
31.875	14.25	-0.00168173927478096	0.972774674691574	-0.238706217190188	0.0585811567938528	1
32.125	14.25	-0.00164944362484532	0.981384488376247	-0.206459158991669	0.0583799561313599	1
32.375	14.25	-0.00163216547204633	0.984298367998632	-0.18289430325965	0.0580882616294242	1
32.625	14.25	-0.00164147853105164	0.979995461938864	-0.188923935734184	0.0584917510500793	1
32.875	14.25	-0.00168030815765518	0.969525133529005	-0.223921923145373	0.0596367610328491	1
33.125	14.25	-0.00173919334492785	0.952899174904292	-0.269768160153816	0.0614975679459046	1
33.375	14.25	-0.00180064711598882	0.933752798712549	-0.304869540961223	0.0650100632077096	1
33.625	14.25	-0.00184994481073783	0.92347299542664	-0.307371919443206	0.0710668010102645	1
33.875	14.25	-0.00188208820377237	0.926854718666965	-0.278359223420397	0.079221136677185	1
34.125	14.25	-0.00190000294370574	0.936436811593814	-0.241163195405024	0.0880403655588802	1
34.375	14.25	-0.00190923362241029	0.94519111647293	-0.209359838965139	0.0965314824111911	1
34.625	14.25	-0.00191441028106459	0.950267994719826	-0.184435166406103	0.104735974435085	1
34.875	14.25	-0.00191790153982037	0.951542804755497	-0.167802541356818	0.113149750378392	1
35.125	14.25	-0.00191979450442019	0.950094255728684	-0.163282318765372	0.122065951884381	1
35.375	14.25	-0.00191871536733933	0.94702911677043	-0.173007023330219	0.13142280883388	1
35.625	14.25	-0.00191340611045718	0.942910359811924	-0.196368821432104	0.140925126107365	1
35.875	14.25	-0.00190498336446844	0.937677633351609	-0.231143943924587	0.150149280425414	1
36.125	14.25	-0.00189962812186383	0.932493998500108	-0.271068589073591	0.158688239144279	1
36.375	14.25	-0.0019104374312641	0.921881043527408	-0.317099847954505	0.165855615228794	1
36.625	14.25	-0.00195514931557854	0.931500320105712	-0.315061077163	0.173504798169426	1
36.875	14.25	-0.0020473956103576	0.907095109980492	-0.416709970898336	0.176694344462404	1
37.125	14.25	-0.00217247028375676	0.871288920258679	-0.480633544332088	0.179037632810194	1
37.375	14.25	-0.00228539288078973	1.04233819766534	-0.297383941441171	0.186292400877965	1
0.125	14.75	0.000490678825298923	0.7580557732719	-0.655262366137172	-0.0228381572616303	1
0.375	14.75	0.000490704062802656	0.812049142943809	-0.593297252463696	-0.0238558962342098	1
0.625	14.75	0.000490733526816439	0.782621174711531	-0.630019469768619	-0.0254442412013122	1
0.875	14.75	0.000490764293690108	0.819204718701996	-0.583247245904076	-0.0259454998663841	1
1.125	14.75	0.000490794190118672	0.805035994184965	-0.604202979710408	-0.0279089576096494	1
1.375	14.75	0.000490823648948059	0.841718938259067	-0.550503020326065	-0.0288525542973397	1
1.625	14.75	0.000490848997914574	0.839313825335784	-0.554035793776939	-0.030453121435003	1
1.875	14.75	0.000490880005038794	0.880835201121124	-0.486954112294245	-0.0314008785264323	1
2.125	14.75	0.000490909315746332	0.86905036096979	-0.50233040221623	-0.0335814280301159	1
2.375	14.75	0.000490948438575037	0.9310072294376	-0.371273308649274	-0.0331018949609711	1
2.625	14.75	0.000491000886956661	0.887164031379638	-0.467105057769426	-0.0348961263448403	1
2.875	14.75	0.000491075516578549	0.954118236866269	-0.263446473504003	-0.0343261040478863	1
3.125	14.75	0.000491161602163736	0.937403060022757	0.316762953492265	-0.0301325416233488	1
3.375	14.75	0.000491255325116371	0.785045776552547	0.60963302089072	-0.0292437570342282	1
3.625	14.75	0.000491364508856956	0.992826512744914	0.0851933790994976	-0.0276451596797404	1
3.875	14.75	0.00049150246756669	0.987938430912317	-0.123189795698669	-0.0277054682147275	1
4.125	14.75	0.000491650536698359	0.954693488334207	0.276499234695952	-0.0256712302987015	1
4.375	14.75	0.000491813207207459	0.968217486530277	0.219084022359204	-0.0247059918525317	1
4.625	14.75	0.000491996456025601	0.808181045908899	0.598032188589053	-0.0222345402275174	1
4.875	14.75	0.000492197280919802	0.844646264774302	0.537861071842376	-0.0268537702960019	1
5.125	14.75	0.000492419490384698	0.728173439514859	0.692395788545497	-0.0229520092105882	1
5.375	14.75	0.000492661906600876	0.708451399245225	0.707187478580944	-0.028529044919147	1
5.625	14.75	0.00049293139434396	0.737901208352756	0.675451252515464	-0.023342415265228	1
5.875	14.75	0.000493229733889285	0.59686951067636	0.80270198818627	-0.0284871146111158	1
6.125	14.75	0.000493550276210482	0.786180575336041	0.611624136373181	-0.023360942931566	1
6.375	14.75	0.000493887100205518	0.567657146576402	0.823855687568623	-0.0267010267809043	1
6.625	14.75	0.000494193797195429	0.80606760751849	0.58345574960439	-0.0235957347243119	1
6.875	14.75	0.000494440586717051	0.631580952589223	0.774381257483994	-0.0244760607026556	1
7.125	14.75	0.000494571381375728	0.786155024462656	0.61413110722765	-0.0236580311432197	1
7.375	14.75	0.000494597329067719	0.687736460529981	-0.728674429784999	-0.0234391220332252	1
7.625	14.75	0.000494596650128914	0.798884891707725	-0.600829314565716	-0.0246930235544335	1
7.875	14.75	0.000494564877489846	0.677308396098761	-0.736686916915655	-0.0234256728004362	1
8.125	14.75	0.000494526641515533	0.791784858402922	-0.610571988216872	-0.025076727436188	1
8.375	14.75	0.000494473729461023	0.697126032305715	-0.716328373897214	-0.0236130218094528	1
8.625	14.75	0.000494419158307389	0.77557238945595	-0.631239560097765	-0.0249789765274331	1
8.875	14.75	0.000494358659896554	0.723795349691069	-0.688211371080933	-0.023931824024193	1
9.125	14.75	0.000494296737819643	0.764052458799197	-0.644382366846588	-0.024628986348943	1
9.375	14.75	0.00049423329541317	0.744170533890566	-0.665825240184924	-0.0240789186638974	1
9.625	14.75	0.000494165185818335	0.76032440739027	-0.647703650842947	-0.0243008789749683	1
9.875	14.75	0.000494090870617565	0.758969230063489	-0.649589863169499	-0.023919494716424	1
10.125	14.75	0.000493999212535156	0.754512762480639	-0.654025442696946	-0.0242567375337925	1
10.375	14.75	0.00049389024462273	0.774357252643545	-0.632236265548017	-0.0235591942498688	1
10.625	14.75	0.000493760039270022	0.736448122759517	-0.675258429169116	-0.0245551900924803	1
10.875	14.75	0.000493627876637394	0.789578599082126	-0.612860041293752	-0.0233879214974472	1
11.125	14.75	0.000493535953811564	0.711932059355392	-0.702213820919535	-0.0247092513293679	1
11.375	14.75	0.000493540384980383	0.791960140661171	-0.608281229229204	-0.0235653274482046	1
11.625	14.75	0.000493713392363854	0.693767409373173	-0.71966950071992	-0.024283095084708	1
11.875	14.75	0.000494060146396866	0.773130406447618	0.632568001582167	-0.0236495930632967	1
12.125	14.75	0.000494496338886596	0.690150422571236	0.725260049973927	-0.0236677488133344	1
12.375	14.75	0.000494998534715961	0.800014453405332	0.598952629106929	-0.0242661152078788	1
12.625	14.75	0.000495546226616709	0.707204645885235	0.70927017861228	-0.023406412959263	1
12.875	14.75	0.000496143360179158	0.809578224241456	0.586557516440763	-0.0249851995876261	1
13.125	14.75	0.000496776715726929	0.742340108251079	0.669229112047168	-0.0235554717173466	1
13.375	14.75	0.000497439828003708	0.801441605360701	0.596552285437527	-0.0247674690958565	1
13.625	14.75	0.000498132059506948	0.771974595089346	0.630572635985079	-0.0235237162641398	1
13.875	14.75	0.000498835855926141	0.79293543951307	0.602877217799121	-0.0234778242259427	1
14.125	14.75	0.000499558957643609	0.793962502296991	0.597772431357833	-0.0220917565476444	1
14.375	14.75	0.000500298813315826	0.80162707333889	0.58599281095639	-0.0209680069208767	1
14.625	14.75	0.00050107202780455	0.820393806980579	0.560525040255586	-0.0192116802685803	1
14.875	14.75	0.000501890190618762	0.807317470317281	0.581429601014067	-0.0183934099414781	1
15.125	14.75	0.00050276382832635	0.836311780476994	0.543940746539348	-0.0171580974046086	1
15.375	14.75	0.000503694155137161	0.788059403222161	0.613440868103841	-0.0175919640786872	1
15.625	14.75	0.000504647736588093	0.84448356212622	0.53707728708358	-0.0166845772066978	1
15.875	14.75	0.000505576006616353	0.745687303340146	0.667703492438206	-0.0181204367383139	1
16.125	14.75	0.000506373291101653	0.848818667418017	0.532082110164411	-0.0170450234831537	1
16.375	14.75	0.000506975640915443	0.701859590157634	0.718455292190942	-0.0189766654951438	1
16.625	14.75	0.000507361308430302	0.830076367554067	-0.549730622375421	-0.0185102080507533	1
16.875	14.75	0.000507711436026977	0.662274568082102	-0.748633452429981	-0.0172798997218398	1
17.125	14.75	0.000508154413024013	0.907726050640108	-0.399699694811934	-0.0184158694174012	1
17.375	14.75	0.000508667120181392	0.730431950427194	-0.680676763835085	-0.0139605513215919	1
17.625	14.75	0.000509182936201857	0.934336928108826	-0.352743798012615	-0.018004082060439	1
17.875	14.75	0.000509436991169037	0.828327536889902	-0.56241583061441	-0.0140217791080812	1
18.125	14.75	0.000509082607347008	0.89563923693884	-0.453431256497056	-0.0189530771096236	1
18.375	14.75	0.000507856364930761	0.871050308567057	-0.489189843767284	-0.016298963439463	1
18.625	14.75	0.000505945758292975	0.887693730477465	-0.487607233068722	-0.0191069382024288	1
18.875	14.75	0.000504527866703206	0.706686548867264	-0.717893066525327	-0.0223329448448244	1
19.125	14.75	0.000505915717344443	0.960448126635414	0.19626915412891	-0.0220573400516544	1
19.375	14.75	0.000513215975618778	0.96706026932969	0.10533934710073	-0.0125675067770066	1
19.625	14.75	0.000528686585540009	0.812011231491529	0.570286753090464	-0.00879271874495488	1
19.875	14.75	0.000550806024216135	0.811450364367051	0.599187420274515	-0.00944396121267648	1
20.125	14.75	0.000575845921752029	0.897607931330103	0.43738846823565	-0.0127371649826282	1
20.375	14.75	0.000597318321590313	0.697362850060664	0.725220282929426	-0.00915137855063881	1
20.625	14.75	0.000605883185323831	0.876495183807057	0.490595122153465	-0.0146198665886195	1
20.875	14.75	0.000589614371088496	0.768471127095895	0.63773967220642	-0.0115849155151007	1
21.125	14.75	0.00053413793928596	0.839914445988838	0.555666323077361	-0.0136978965671154	1
21.375	14.75	0.000423128288739551	0.835050397495688	0.560342209317656	-0.0147400491644294	1
21.625	14.75	0.000243156292570733	0.819994396433597	0.588878276679974	-0.0161107795723312	1
21.875	14.75	-9.97870723211772e-06	0.836688500385643	0.564327696289824	-0.0183676635510668	1
22.125	14.75	-0.000325518740983259	0.826095049397886	0.583175920836812	-0.0196720500473962	1
22.375	14.75	-0.000671310235389306	0.782998909355465	0.639010925943804	-0.022479725886155	1
22.625	14.75	-0.00100385496867205	0.796898800659538	0.601859476306106	-0.0230708302765392	1
22.875	14.75	-0.00129788147254321	0.926210060521132	0.340102665899989	-0.0201568810015628	1
23.125	14.75	-0.00154799839051349	0.954273842108334	0.253937762734759	-0.0156370884213104	1
23.375	14.75	-0.00174680481771447	0.961662146989399	0.254930846861575	-0.0131295975904828	1
23.625	14.75	-0.00188134749937572	0.963950658371314	0.255405523422578	-0.0120983499841845	1
23.875	14.75	-0.00194289795801298	0.973947011113282	0.209442970217993	-0.0105352907595862	1
24.125	14.75	-0.00193730473243045	0.980208414961947	0.174904934417602	-0.00902539869720981	1
24.375	14.75	-0.00188791650794244	0.986328286330898	0.109127543261417	-0.00718686041400219	1
24.625	14.75	-0.00182591992826196	0.990454559193137	-0.0270322303282567	-0.00412793285284474	1
24.875	14.75	-0.0017731083512452	0.989348401523417	-0.0761296986994889	-0.00167672157464689	1
25.125	14.75	-0.00173140545910103	0.968015078619297	-0.23009631839486	0.000598649884163168	1
25.375	14.75	-0.00169056286110854	0.928473679226224	-0.383681381197417	0.0017626470083044	1
25.625	14.75	-0.00164709974076757	0.944812518580709	-0.35056034765464	-0.000586213745477798	1
25.875	14.75	-0.00160149596909043	0.947587207066421	-0.327002094014222	-0.00129008493765476	1
26.125	14.75	-0.0015557595331096	0.950657115656779	-0.308384841630064	-0.00100040451405257	1
26.375	14.75	-0.00151255252188315	0.958610673607106	-0.27623650467185	-0.000238197382051868	1
26.625	14.75	-0.00147349761217666	0.967266671980091	-0.241493075211462	0.000872260161806499	1
26.875	14.75	-0.00143891883496856	0.97508185075231	-0.211560562932837	0.00190628943534038	1
27.125	14.75	-0.00140847921321384	0.981152505872322	-0.189425618736358	0.0025864251520334	1
27.375	14.75	-0.00138201134677302	0.985366388568098	-0.173915856951364	0.0028672001931169	1
27.625	14.75	-0.00136003769980817	0.987875036919647	-0.162121087213105	0.00289267972846293	1
27.875	14.75	-0.00134383862046798	0.988931944464957	-0.150675583158154	0.00293868033701928	1
28.125	14.75	-0.00133509834459477	0.988968359365553	-0.135888457533767	0.00334894557323949	1
28.375	14.75	-0.00133520921070334	0.988584457719641	-0.114389105606291	0.0044495208905729	1
28.625	14.75	-0.00134445625273909	0.988269954175367	-0.0853753161759149	0.00641407600897373	1
28.875	14.75	-0.0013615282961582	0.98809224204944	-0.0527619799711487	0.00915202063854344	1
29.125	14.75	-0.00138377416619568	0.987909410989954	-0.0232085972047999	0.0123817202495962	1
29.375	14.75	-0.00140811307635	0.987669916022866	-0.00159726618753998	0.0158331541619184	1
29.625	14.75	-0.00143203548332253	0.987362754651982	0.0108323191004642	0.019372954507602	1
29.875	14.75	-0.0014541927475212	0.986955918892387	0.01519172881488	0.0229905295170731	1
30.125	14.75	-0.00147443141434221	0.986469926046216	0.0132868674422499	0.0267290432516001	1
30.375	14.75	-0.00149337985066251	0.985956335163073	0.00560968563272546	0.0306122297728236	1
30.625	14.75	-0.00151182114358349	0.985366998079269	-0.00915393417559194	0.0346405254483644	1
30.875	14.75	-0.00153010387543005	0.984532020836222	-0.0325052381906873	0.0387880888082413	1
31.125	14.75	-0.00154780458099671	0.983387755742074	-0.0617189976680911	0.0429542622637273	1
31.375	14.75	-0.00156374439724505	0.982201160616039	-0.0900830300579395	0.0469280945083156	1
31.625	14.75	-0.0015764714567035	0.980942238759706	-0.115812614205161	0.0505428715968431	1
31.875	14.75	-0.00158526363285349	0.979146158322531	-0.143026263260413	0.0537604308779438	1
32.125	14.75	-0.00159115565313793	0.976945424197826	-0.172741843879145	0.0564747925011315	1
32.375	14.75	-0.0015970756297222	0.975125375297327	-0.199464522009332	0.0584471613724137	1
32.625	14.75	-0.00160661026204747	0.972855764971132	-0.220533302765973	0.059591124240343	1
32.875	14.75	-0.00162188325439354	0.966725706582741	-0.242901609475279	0.0604171498606578	1
33.125	14.75	-0.00164207406140196	0.953716963859341	-0.273663430802386	0.0618520003538026	1
33.375	14.75	-0.00166412102351407	0.935500314502932	-0.305296322397939	0.064896703353207	1
33.625	14.75	-0.00168521939648265	0.920748688622036	-0.318451325028299	0.0703922769939045	1
33.875	14.75	-0.00170463632731972	0.918909379107355	-0.300224819272698	0.0783361697679143	1
34.125	14.75	-0.00172349628560805	0.929412699057402	-0.256923358055695	0.0875390954454014	1
34.375	14.75	-0.00174341485794656	0.94353454620157	-0.206653207365945	0.0965789533585649	1
34.625	14.75	-0.00176510618523791	0.953665155825579	-0.165660650587357	0.104862237758758	1
34.875	14.75	-0.00178753602854412	0.957087385157844	-0.142474036189661	0.112805137299675	1
35.125	14.75	-0.00180782466010944	0.95498166714134	-0.138577470899452	0.12116798332896	1
35.375	14.75	-0.0018218012608917	0.949781912097073	-0.151347665274523	0.130338310300866	1
35.625	14.75	-0.00182512371795921	0.943095341458835	-0.177703410966467	0.140224737589432	1
35.875	14.75	-0.00181518859980216	0.935689693489972	-0.214415855837475	0.150439916815859	1
36.125	14.75	-0.00179380330501626	0.928302754829198	-0.257062826452248	0.160412037260042	1
36.375	14.75	-0.00176954918408111	0.918635168519775	-0.30230873756793	0.169479874321594	1
36.625	14.75	-0.0017577082374385	0.920965109357653	-0.316985914757272	0.178388197619417	1
36.875	14.75	-0.00177390594983239	0.920735103326058	-0.356868333873627	0.18438775450499	1
37.125	14.75	-0.00182282948940316	0.826818436078775	-0.549451901403044	0.188077762952726	1
37.375	14.75	-0.0018880891388689	1.05500192178836	-0.21498680690432	0.195202918518005	1
0.125	15.25	0.000490611675697146	0.820994893076706	-0.562297890159248	-0.0241354345516105	1
0.375	15.25	0.000490632445791069	0.765349463326824	-0.640895499885106	-0.0225051951489654	1
0.625	15.25	0.000490657914999947	0.798704245019311	-0.603164445851065	-0.0236264673392216	1
0.875	15.25	0.000490687275726382	0.759712870894741	-0.651372046152425	-0.0233218382129528	1
1.125	15.25	0.000490715059742888	0.777152487565459	-0.634784804956634	-0.0241213247830855	1
1.375	15.25	0.000490745278508497	0.732758152917226	-0.685009711267566	-0.0251352919407265	1
1.625	15.25	0.000490770013750137	0.758862594326069	-0.657341797429861	-0.0255991075607561	1
1.875	15.25	0.000490798837264184	0.695573915057814	-0.72343839440667	-0.0269976334990034	1
2.125	15.25	0.000490826339359228	0.748098812518396	-0.671127625795645	-0.0272321806584727	1
2.375	15.25	0.00049086711637459	0.648331771199895	-0.764528540396438	-0.0291849047840675	1
2.625	15.25	0.000490917400037856	0.794964290632421	-0.6135851747385	-0.0283166302783965	1
2.875	15.25	0.000490991208512016	0.601591192633973	-0.801379543994444	-0.0310188906542251	1
3.125	15.25	0.000491078030476851	0.921770309406157	-0.372865159830544	-0.0290754131194758	1
3.375	15.25	0.00049117677990221	0.468016514454303	0.887540195373257	-0.028447244454966	1
3.625	15.25	0.000491288496162504	0.917620104953218	0.406374874502433	-0.0303827006457791	1
3.875	15.25	0.000491412737190002	0.339623532638382	0.936705794045026	-0.0301827297311579	1
4.125	15.25	0.00049155335362598	0.674149354131477	0.731339676791601	-0.0295325426032973	1
4.375	15.25	0.000491700680579758	0.302358161536882	0.948573155580322	-0.0282516212186845	1
4.625	15.25	0.000491866566686515	0.629072623555585	0.773905117538768	-0.0285388685088089	1
4.875	15.25	0.000492040554445759	0.410722070825645	0.904435263920355	-0.0275551796874386	1
5.125	15.25	0.000492234952792297	0.698452610522817	0.712495790758489	-0.0267208779949622	1
5.375	15.25	0.000492447164776635	0.51010255427071	0.852205093863328	-0.0270880667956509	1
5.625	15.25	0.00049268595792457	0.797934666199784	0.600075671950466	-0.0245915970850922	1
5.875	15.25	0.000492957029912665	0.548898080008233	0.830919117300036	-0.0268826398679888	1
6.125	15.25	0.000493251551032186	0.885227682710117	0.461140490984396	-0.0233086896843254	1
6.375	15.25	0.000493566487345701	0.54660890769107	0.837045772107722	-0.0264805567469529	1
6.625	15.25	0.000493850604698817	0.914836267049568	0.391413203262804	-0.0234497931437222	1
6.875	15.25	0.000494080634322095	0.578120879653537	0.817143602136028	-0.0244522310128884	1
7.125	15.25	0.00049419062632354	0.852736059263619	0.513699859320187	-0.0241676030778336	1
7.375	15.25	0.000494202461794484	0.648074906320661	-0.762947520377009	-0.0225258436101219	1
7.625	15.25	0.000494193747166266	0.820875655160033	-0.572391395238592	-0.0248329028571306	1
7.875	15.25	0.000494154104676133	0.656046009123932	-0.755517536299047	-0.0230528481970451	1
8.125	15.25	0.000494107832749774	0.784707053693735	-0.622230106397327	-0.0251701667695992	1
8.375	15.25	0.000494046358948055	0.682553485389389	-0.731365874515856	-0.0238583264522029	1
8.625	15.25	0.000493981761682017	0.752952560796956	-0.660587697039632	-0.0252923355619675	1
8.875	15.25	0.000493911267533561	0.70609874913682	-0.708359136793678	-0.0246449232734977	1
9.125	15.25	0.00049383903960332	0.735897364599591	-0.67821599534671	-0.0252991825351179	1
9.375	15.25	0.00049376593510445	0.722540786084196	-0.690875749916372	-0.0249905064806552	1
9.625	15.25	0.00049368879966561	0.731620043075706	-0.680713008092172	-0.0251858133595717	1
9.875	15.25	0.000493607258441595	0.738626760584924	-0.672810600643312	-0.0247285073800449	1
10.125	15.25	0.000493510474683921	0.729818210339075	-0.681200560764755	-0.0249859985976288	1
10.375	15.25	0.000493398062432362	0.758982487878895	-0.649307567547757	-0.0240688205377052	1
10.625	15.25	0.000493267698334267	0.723679751481365	-0.688381036456752	-0.0247776730073958	1
10.875	15.25	0.000493134724296166	0.77910103841892	-0.62538675569791	-0.0236530049704995	1
11.125	15.25	0.000493039579573131	0.719351708454176	-0.694825955118512	-0.0246480280953219	1
11.375	15.25	0.000493035706287727	0.792285451552159	-0.609990963757178	-0.023886238240026	1
11.625	15.25	0.000493189406211596	0.724698587516324	-0.690264651717189	-0.0248239548941044	1
11.875	15.25	0.000493508160748115	0.79689954593828	0.601632220017662	-0.0245261739284254	1
12.125	15.25	0.000493913691167653	0.712965248750373	0.699093036701534	-0.0242913603856144	1
12.375	15.25	0.000494385408350569	0.79935239348239	0.596122414607027	-0.0242483553503621	1
12.625	15.25	0.000494905065356296	0.699149149665607	0.712512744403427	-0.0231943154154492	1
12.875	15.25	0.000495471510555213	0.782845440176941	0.617004295136555	-0.0237211259478775	1
13.125	15.25	0.000496067575856176	0.695544466378698	0.715194839007627	-0.0219856335342708	1
13.375	15.25	0.000496687083681153	0.755466664320638	0.651174721846822	-0.0226639054320811	1
13.625	15.25	0.000497324134743698	0.714577076054381	0.694436341932039	-0.0210234532229616	1
13.875	15.25	0.000497968958500372	0.758706960201205	0.645546161394377	-0.0209542775657951	1
14.125	15.25	0.000498637123785287	0.769948105922846	0.630475489433115	-0.0194553907823959	1
14.375	15.25	0.000499331638505654	0.797800092466441	0.596419213455047	-0.0188525512333461	1
14.625	15.25	0.000500073963497357	0.818198095335664	0.570616228445556	-0.0179128585087921	1
14.875	15.25	0.000500873037026186	0.811428595220555	0.582143263897369	-0.0179742923814342	1
15.125	15.25	0.000501738777723641	0.831538600015203	0.555639273771637	-0.0174988241095946	1
15.375	15.25	0.000502667316954108	0.785109913154518	0.619909206021529	-0.0182099557116192	1
15.625	15.25	0.000503622002907193	0.830221929251851	0.562100016221845	-0.0177162475268748	1
15.875	15.25	0.000504553388175223	0.72757445583204	0.689290393896969	-0.0193470175818441	1
16.125	15.25	0.000505356765159814	0.860062061305215	0.525447520812687	-0.0185531666073095	1
16.375	15.25	0.000505968858938839	0.643737491209194	0.772210810478247	-0.0226885895720723	1
16.625	15.25	0.000506352620212837	0.927103108984053	-0.325942102480425	-0.0203692247941332	1
16.875	15.25	0.000506678057182295	0.631124882171932	-0.771549017860781	-0.0145557753497306	1
17.125	15.25	0.000507083378119206	0.942464514408203	-0.318005131076762	-0.0194354807527379	1
17.375	15.25	0.000507563100494143	0.712258477288747	-0.697196313415489	-0.0123968087210852	1
17.625	15.25	0.000508108457099276	0.920195704185337	-0.3992782334437	-0.018096498651953	1
17.875	15.25	0.000508560041854135	0.783298251234809	-0.617859804512494	-0.0142153895588809	1
18.125	15.25	0.000508673318134899	0.930462074416455	-0.390817199054698	-0.0170210052700659	1
18.375	15.25	0.000508185386758818	0.806639576706268	-0.584707559417603	-0.0188532941777033	1
18.625	15.25	0.00050705520640694	0.970697621828054	-0.182727308352207	-0.0153953414221388	1
18.875	15.25	0.000505853243452149	0.950102470643257	-0.334034249972606	-0.0131677446957052	1
19.125	15.25	0.000506032662230745	0.655918813779623	-0.769603586008076	-0.0189559256146382	1
19.375	15.25	0.000509730600435396	0.756947097081089	-0.644611836267576	-0.0174023549806684	1
19.625	15.25	0.000518949932581555	0.516992217274825	0.862340586893802	-0.0170285390557347	1
19.875	15.25	0.000534021218238351	0.717507842120996	0.704948063948721	-0.0192032107949975	1
20.125	15.25	0.000554332615028362	0.600021533240771	0.79651315493479	-0.0187996396468122	1
20.375	15.25	0.000577517501406797	0.705617726799444	0.70959056335188	-0.0182346101895311	1
20.625	15.25	0.000599389371134659	0.801154354763942	0.584358471248479	-0.0185145153896924	1
20.875	15.25	0.000612793828211593	0.76725380799891	0.640255162938543	-0.0150089203991289	1
21.125	15.25	0.000607181447261119	0.858207661567926	0.523614135790556	-0.0177616245121371	1
21.375	15.25	0.000569880362010763	0.813924294738135	0.590606997968822	-0.0177079776951255	1
21.625	15.25	0.000489699077647915	0.832605586912977	0.566845402612053	-0.019816840938979	1
21.875	15.25	0.000361979654300683	0.83222637870885	0.568902717186151	-0.020612070249899	1
22.125	15.25	0.000194121352450843	0.789156760772869	0.631638999051701	-0.0229976602459818	1
22.375	15.25	6.61411631834127e-06	0.76690204337763	0.641523405921914	-0.0247164035696884	1
22.625	15.25	-0.000183027721057495	0.92491159235493	0.342840264424787	-0.0219094065224465	1
22.875	15.25	-0.000371745906988265	0.959736536467989	0.22776361231816	-0.0177588270891692	1
23.125	15.25	-0.000559313840376646	0.966202489712718	0.219398745998555	-0.014998293881511	1
23.375	15.25	-0.000740355111245791	0.976638714492889	0.179443548573633	-0.0127791350523238	1
23.625	15.25	-0.000905803368751104	0.985182171074731	0.14677997626413	-0.0109765579452843	1
23.875	15.25	-0.00104535345569187	0.988105568756867	0.146163409353675	-0.0102376248099239	1
24.125	15.25	-0.00115062893564008	0.989558890088658	0.142653370412065	-0.0097241209401031	1
24.375	15.25	-0.00121709246556429	0.9906392468964	0.13475430217901	-0.00937466935098491	1
24.625	15.25	-0.00124335803155298	0.981294981793774	0.139540565002294	-0.00880670945689215	1
24.875	15.25	-0.0012289508662715	0.979238304996684	0.0421396870907572	-0.00409763298289819	1
25.125	15.25	-0.00117663656614463	0.951116339054343	-0.263963928853481	0.00177311830244877	1
25.375	15.25	-0.0011023499878685	0.914479193250996	-0.411960876553272	0.00321691676358077	1
25.625	15.25	-0.00102408578700705	0.925936289320675	-0.397069894496166	0.00112384332101147	1
25.875	15.25	-0.000949489521221748	0.930252473590454	-0.375902143243868	8.7561298179314e-05	1
26.125	15.25	-0.000882228003767911	0.932183084731179	-0.363157732608452	2.76689048848561e-05	1
26.375	15.25	-0.000824979960713568	0.93978620108205	-0.336825514546775	0.00041268891887505	1
26.625	15.25	-0.000778470359341565	0.949083110080422	-0.304775135996076	0.00130373528152842	1
26.875	15.25	-0.000741707040537776	0.958343607010023	-0.273836357281991	0.00235989778310063	1
27.125	15.25	-0.000712838859503306	0.965808900319873	-0.24952275123368	0.00326727294217938	1
27.375	15.25	-0.000690159331198462	0.970911482885981	-0.233065655917329	0.00390616825342865	1
27.625	15.25	-0.000672830911332543	0.973866452594908	-0.222402483879714	0.00434565280966216	1
27.875	15.25	-0.000661157801912375	0.975118850543327	-0.214354882665279	0.00479268073764362	1
28.125	15.25	-0.000656403693443481	0.975276170793246	-0.205392903682768	0.00553724086403544	1
28.375	15.25	-0.00066018176118439	0.975135719346733	-0.192149858783122	0.0068851155582767	1
28.625	15.25	-0.000673574122494577	0.975414001762531	-0.173084806438687	0.00904716147506428	1
28.875	15.25	-0.000696379438207926	0.976227642472207	-0.150583621050664	0.0120267463396996	1
29.125	15.25	-0.000726939150722797	0.977081037518753	-0.130219605114385	0.0156383225059526	1
29.375	15.25	-0.000762613606815802	0.977391380779482	-0.11713607832486	0.019664045127655	1
29.625	15.25	-0.000800539923474786	0.97683460001217	-0.113643520596661	0.0239782100288682	1
29.875	15.25	-0.000838261903373074	0.97539330091381	-0.119508464965575	0.0285365801572542	1
30.125	15.25	-0.000874057580872728	0.973352326314318	-0.132877669048293	0.0332882896402591	1
30.375	15.25	-0.000906986164761825	0.971176590863704	-0.151152800970647	0.038089938379591	1
30.625	15.25	-0.000936786809410795	0.969301445060631	-0.171501354198514	0.0427010999469339	1
30.875	15.25	-0.000963743392775536	0.967985371990857	-0.191176131918111	0.0468553432803384	1
31.125	15.25	-0.000988515723454396	0.967650900911655	-0.206451126204021	0.050361587275529	1
31.375	15.25	-0.00101179445000323	0.969227577731131	-0.212589313407723	0.0531384763386143	1
31.625	15.25	-0.00103382692384599	0.972996811320367	-0.208222491658923	0.055158823455383	1
31.875	15.25	-0.00105427423084986	0.977630757217342	-0.197744039646502	0.0564508192593324	1
32.125	15.25	-0.00107259766144117	0.981348870951323	-0.187618207416059	0.0571504157309905	1
32.375	15.25	-0.00108850326289556	0.98313886026999	-0.183195911565246	0.0574840605418554	1
32.625	15.25	-0.00110196627720123	0.982582460355613	-0.187947225252339	0.0576347770847235	1
32.875	15.25	-0.00111293937818009	0.978921499239351	-0.202000206144171	0.0577663256591165	1
33.125	15.25	-0.00112121418903945	0.970261930897597	-0.224361649201994	0.0583293796177724	1
33.375	15.25	-0.00112682441508646	0.954738140699822	-0.254766950573971	0.0602663291117689	1
33.625	15.25	-0.00113081993585828	0.934000669980893	-0.289421519017057	0.0646052012174251	1
33.875	15.25	-0.00113571035457401	0.916059458086487	-0.316071666345133	0.0715958046762473	1
34.125	15.25	-0.00114499626803043	0.911696186644306	-0.317736484178645	0.0802509831066886	1
34.375	15.25	-0.00116170672100698	0.921793212087645	-0.289000972836028	0.0890307451659645	1
34.625	15.25	-0.0011865790219826	0.936231314949147	-0.239858212433805	0.097385297981613	1
34.875	15.25	-0.00121707469139817	0.945560109294165	-0.1914009045204	0.105810154424919	1
35.125	15.25	-0.00124794480184767	0.947586785637381	-0.163621007937839	0.114848541386598	1
35.375	15.25	-0.00127278611179956	0.944409534369834	-0.160708828146842	0.124708184118275	1
35.625	15.25	-0.00128553390964643	0.938016964490848	-0.177140792348384	0.135458134058304	1
35.875	15.25	-0.00128202164894083	0.929607881501809	-0.208561045422447	0.146948422987821	1
36.125	15.25	-0.00126201478162226	0.92058687134242	-0.247860767628011	0.158724661476637	1
36.375	15.25	-0.00123104606986847	0.912620163838504	-0.290197414336858	0.170247457803965	1
36.625	15.25	-0.00120064768116222	0.90189780550995	-0.33460607270992	0.180496890627742	1
36.875	15.25	-0.00118456298388724	0.942333296165392	-0.247879451890763	0.190689777475496	1
37.125	15.25	-0.00118977601368629	0.784571560095002	-0.604146477408443	0.194825464004411	1
37.375	15.25	-0.00122333023036027	1.05309955413424	-0.172745798262574	0.202626848409685	1
0.125	15.75	0.000490570353016936	0.789177774109834	-0.607945178748103	-0.0257572878728703	1
0.375	15.75	0.000490593883407069	0.803300157596388	-0.592427461800983	-0.0245493097641685	1
0.625	15.75	0.000490619305236279	0.798953464378066	-0.60265928674959	-0.0251537804455383	1
0.875	15.75	0.00049064708139896	0.823915332786353	-0.569307365876141	-0.0251524941888186	1
1.125	15.75	0.000490673077952875	0.825386861837116	-0.569838506588361	-0.0258998026330561	1
1.375	15.75	0.000490699976610196	0.855992901104375	-0.524568259843189	-0.0266269536071043	1
1.625	15.75	0.000490724478001026	0.858604856173643	-0.520889960893523	-0.0277703808912278	1
1.875	15.75	0.00049075298709237	0.888353341608743	-0.469157837490437	-0.0287058820668483	1
2.125	15.75	0.000490783157433566	0.885809970266068	-0.473643101034811	-0.0300652122870596	1
2.375	15.75	0.000490826459679292	0.899479327337907	-0.444728921536198	-0.0309946611695143	1
2.625	15.75	0.000490886988670813	0.884204256642098	-0.471193080472954	-0.0318944496962492	1
2.875	15.75	0.000490964891810237	0.875304912169446	-0.480154004576169	-0.0322363624283496	1
3.125	15.75	0.000491045642364923	0.832612607075738	0.554063585945298	-0.0312763359076498	1
3.375	15.75	0.000491126716065347	0.812527858639545	0.576748824081782	-0.0324005679394235	1
3.625	15.75	0.000491201640542059	0.909288065508328	0.377333209313338	-0.0297751293839936	1
3.875	15.75	0.000491290579853661	0.906703056549853	0.381682949629105	-0.024854478972184	1
4.125	15.75	0.000491394559274838	0.906866590994787	0.40224613977709	-0.0224434609182324	1
4.375	15.75	0.000491510481459156	0.938700029832597	0.331369284398802	-0.0210747407155037	1
4.625	15.75	0.000491648785640417	0.89246231081027	0.452315651756769	-0.0205069025744449	1
4.875	15.75	0.000491806095050513	0.907108078126839	0.42432269462909	-0.0214644925542097	1
5.125	15.75	0.000491983360816593	0.866348192917195	0.507539376085377	-0.0214230419996942	1
5.375	15.75	0.00049218503771257	0.827502173788254	0.563408807674143	-0.0234575137651965	1
5.625	15.75	0.0004924157781657	0.84640973853015	0.540978774032682	-0.0221002478879012	1
5.875	15.75	0.000492679756633474	0.694170850844047	0.719010987532153	-0.025620054349395	1
6.125	15.75	0.000492969081277593	0.855640777627114	0.521887616773984	-0.0219669957751452	1
6.375	15.75	0.000493272405529977	0.518140810252391	0.854418851335787	-0.0267563143914921	1
6.625	15.75	0.000493539846216898	0.881306469647891	0.466036907439659	-0.0216936423212853	1
6.875	15.75	0.000493745534477045	0.400692829938614	0.918763152291352	-0.0253585503796092	1
7.125	15.75	0.000493828120270676	0.85599467560337	0.505072101999738	-0.0221656375730327	1
7.375	15.75	0.000493821359895703	0.696761183024209	-0.722291212448462	-0.022406437015337	1
7.625	15.75	0.000493804960785569	0.835743990103089	-0.548893342528789	-0.0239515499948523	1
7.875	15.75	0.000493758504890624	0.688924616074253	-0.723278223016177	-0.022507004347568	1
8.125	15.75	0.000493709094656862	0.796693543485397	-0.60354890278563	-0.0238613272150822	1
8.375	15.75	0.0004936449672102	0.721455972203915	-0.689709922025144	-0.022665459012405	1
8.625	15.75	0.000493576541741417	0.771042150364029	-0.636735995863623	-0.0234570030272877	1
8.875	15.75	0.000493501781043012	0.74368479004788	-0.667518830531414	-0.023056855228764	1
9.125	15.75	0.000493423229666721	0.757916733347092	-0.653242728654159	-0.0235205311969072	1
9.375	15.75	0.000493342569195405	0.752236064772887	-0.659683514199304	-0.0236070647545409	1
9.625	15.75	0.000493256689434003	0.74940259636232	-0.662952619479211	-0.0240434592550097	1
9.875	15.75	0.000493165904879781	0.757317233710591	-0.654031983354849	-0.0240159939591222	1
10.125	15.75	0.000493061260563665	0.739737702897776	-0.672591883058832	-0.0246161591901461	1
10.375	15.75	0.00049294203083164	0.765320967753314	-0.642977406533021	-0.0240238938903338	1
10.625	15.75	0.000492808290344848	0.727285698800778	-0.684835291915622	-0.0247427086330547	1
10.875	15.75	0.00049267415272688	0.770927402796244	-0.634122808744953	-0.0237023741742252	1
11.125	15.75	0.000492577402064398	0.715042311144869	-0.697207463599334	-0.0242407036537263	1
11.375	15.75	0.000492569368440476	0.765423615944403	-0.640547184422297	-0.0232984820584755	1
11.625	15.75	0.00049270993054132	0.708692834604409	-0.70501860647367	-0.0235812237043959	1
11.875	15.75	0.000493004333160518	0.749820831624299	0.65910335788995	-0.0232994948097506	1
12.125	15.75	0.000493378497236775	0.690711723367044	0.722806868856841	-0.0228300184831714	1
12.375	15.75	0.000493810965980197	0.76267848361033	0.646278899972539	-0.0231609919353945	1
12.625	15.75	0.000494286041099429	0.697545815363893	0.718267401841717	-0.0225881631695415	1
12.875	15.75	0.000494796110287568	0.78160162625659	0.62462552877014	-0.0235200582337102	1
13.125	15.75	0.000495327497862435	0.735927707028917	0.677999485780014	-0.0227531692137554	1
13.375	15.75	0.000495878487416412	0.812152023114735	0.581051016130775	-0.023614338326998	1
13.625	15.75	0.000496448168342568	0.808523254943931	0.581281014039982	-0.0222611878201825	1
13.875	15.75	0.000497041282589257	0.860055699321031	0.49911383197804	-0.0218210014121047	1
14.125	15.75	0.000497674059534231	0.863171933847478	0.492140069446354	-0.0200988503906663	1
14.375	15.75	0.000498348092353297	0.865655441317565	0.490467874811083	-0.0192720488610311	1
14.625	15.75	0.00049907798389818	0.852066340989508	0.516706868113571	-0.018207042946519	1
14.875	15.75	0.000499865009301612	0.820905223764981	0.567684459494215	-0.018024281990585	1
15.125	15.75	0.000500716911413795	0.812840008789609	0.583239312495348	-0.0174908456802625	1
15.375	15.75	0.000501625364459973	0.769386393068889	0.644123069705826	-0.0183083619369905	1
15.625	15.75	0.000502563774447056	0.78800673072925	0.623594271586653	-0.0187687934151326	1
15.875	15.75	0.00050349075681241	0.760872988200562	0.661396656071095	-0.0202231969417203	1
16.125	15.75	0.000504317513729579	0.794146919933524	0.621287291436367	-0.0220194738581931	1
16.375	15.75	0.000504979885361448	0.761480196201046	0.651093766648926	-0.0235090112658515	1
16.625	15.75	0.000505438591736671	0.865852613036757	-0.478963646144173	-0.0228703570739253	1
16.875	15.75	0.000505784843923582	0.288163264153931	-0.946812962162381	-0.0192252942453369	1
17.125	15.75	0.00050617470923586	0.917831146492149	-0.371875013184055	-0.020504616675475	1
17.375	15.75	0.000506622750313179	0.531070385229165	-0.834339309743349	-0.0153261392037328	1
17.625	15.75	0.000507173709699213	0.938322563572923	-0.335138238291893	-0.0171657568180572	1
17.875	15.75	0.000507736601796323	0.731467142952256	-0.67525618607149	-0.0143429115109228	1
18.125	15.75	0.000508166226998247	0.877916942746858	-0.490146229006473	-0.0157600869655464	1
18.375	15.75	0.000508221455596196	0.871016037843111	-0.517380515075331	-0.0173613052141089	1
18.625	15.75	0.000507749657321089	0.59136148355208	-0.814492258718513	-0.0219644976557072	1
18.875	15.75	0.000506863873410491	0.955133188444922	-0.227865077879787	-0.0193701642519341	1
19.125	15.75	0.000506202470050968	0.719093856461301	0.683745724902766	-0.0135405721437016	1
19.375	15.75	0.000507005684721638	0.923675050844892	0.381617507930477	-0.0160552072943013	1
19.625	15.75	0.000510742429711258	0.736127402153312	0.672230039373589	-0.0136611114446312	1
19.875	15.75	0.000518402759344545	0.851349341500419	0.512784194153986	-0.014615115946287	1
20.125	15.75	0.000530913577786063	0.851862225257716	0.507963661089457	-0.0111773454687944	1
20.375	15.75	0.000548371822983185	0.930387318791026	0.357978655325854	-0.0110844105329073	1
20.625	15.75	0.000569496860426554	0.883737772052398	0.475439030577138	-0.0101625969535594	1
20.875	15.75	0.000590499899557292	0.894860078466503	0.474843659606017	-0.0128510757967202	1
21.125	15.75	0.000604857235357595	0.856154630326805	0.54498021917771	-0.0162667666841111	1
21.375	15.75	0.000604460447201972	0.824149143466374	0.587330121400426	-0.0193530023039918	1
21.625	15.75	0.00058221151173852	0.822129911916486	0.588756789186497	-0.0210844790172224	1
21.875	15.75	0.000535514712524508	0.794463085784274	0.630053812584688	-0.0238084124092837	1
22.125	15.75	0.000469099935208352	0.71594134470517	0.702118610670115	-0.0267268824614693	1
22.375	15.75	0.000391255734344771	0.903835532075059	0.398199927515002	-0.0240887346259113	1
22.625	15.75	0.000304507339681096	0.96352760931172	0.212138648496395	-0.0205314994496934	1
22.875	15.75	0.000207309113613332	0.960563347287526	0.236216001211629	-0.0175516844645321	1
23.125	15.75	9.97069966568595e-05	0.967238807011322	0.222287839021758	-0.0151094310288443	1
23.375	15.75	-1.64887714501234e-05	0.972356362702604	0.216247152972643	-0.0136902026115903	1
23.625	15.75	-0.000137497800105357	0.974213777932261	0.214491127672559	-0.0129875896462296	1
23.875	15.75	-0.000257029188663513	0.97744692245738	0.195568344373002	-0.0121577496833248	1
24.125	15.75	-0.000366574814418921	0.981132623462517	0.166130830113424	-0.0110337376072782	1
24.375	15.75	-0.000455952402844199	0.984383559599128	0.120229803982568	-0.00931253154182748	1
24.625	15.75	-0.000513848138385512	0.987314586273645	0.0520336838405663	-0.006520735945111	1
24.875	15.75	-0.000529707822993365	0.986534361016008	0.00773760633042554	-0.00336444879806871	1
25.125	15.75	-0.000500547712556226	0.977563424506812	-0.13583178838851	0.000474741168484665	1
25.375	15.75	-0.000441967122248204	0.934967697797278	-0.352554207898289	0.00342011977126222	1
25.625	15.75	-0.00037586486291975	0.937557905204512	-0.369542489788776	0.00142342851508406	1
25.875	15.75	-0.000312386593186666	0.943184176165537	-0.345188592730443	-0.000207847853459335	1
26.125	15.75	-0.000255520740985607	0.942562285473349	-0.337177147861584	-0.000567742619173693	1
26.375	15.75	-0.00020786879206497	0.947852316630217	-0.315658147869163	-0.000534935521846171	1
26.625	15.75	-0.000170268179959782	0.955304306796832	-0.286152109842361	3.93849278709176e-05	1
26.875	15.75	-0.000142026762284386	0.9638483418	-0.253907749992768	0.000891789606822227	1
27.125	15.75	-0.000121528546496901	0.971716977616648	-0.224738247486845	0.00167065438906474	1
27.375	15.75	-0.000107031111523538	0.977754197301379	-0.201898158394416	0.00218771420260118	1
27.625	15.75	-9.73484487180188e-05	0.981808132448775	-0.184511347540704	0.00246541949101851	1
27.875	15.75	-9.22020752098668e-05	0.984133612492867	-0.16974790524508	0.00269220797952076	1
28.125	15.75	-9.22092835012165e-05	0.985126084823974	-0.154291180071867	0.00315434491775172	1
28.375	15.75	-9.85200478041043e-05	0.985295457146704	-0.135019423807588	0.00416530031980991	1
28.625	15.75	-0.00011218631824651	0.985163187589055	-0.110318993263056	0.00595932046861686	1
28.875	15.75	-0.000133514671394829	0.984992719681602	-0.0819182845486918	0.00857626962611448	1
29.125	15.75	-0.000161739092676317	0.984746452168791	-0.0547048566780221	0.0118558321917469	1
29.375	15.75	-0.000195155076650915	0.984338525560778	-0.0337677267237539	0.015572901613688	1
29.625	15.75	-0.000231546849218199	0.983778342716179	-0.0218718768923373	0.019570642283769	1
29.875	15.75	-0.00026864399747259	0.98314891759392	-0.019397643720235	0.0237769825475292	1
30.125	15.75	-0.000304461282185996	0.982554360722379	-0.0254014559224509	0.028145071443466	1
30.375	15.75	-0.000337503625715121	0.982026864115053	-0.0386995952024922	0.0325964963680993	1
30.625	15.75	-0.000366891185844622	0.981410627049441	-0.0585633422237841	0.037014151878482	1
30.875	15.75	-0.000392453808564179	0.980316115261912	-0.0846308314880695	0.0412701214153227	1
31.125	15.75	-0.000414755157780833	0.97842011198555	-0.114771166885408	0.04525772864678	1
31.375	15.75	-0.000434868347349548	0.97621529097604	-0.143068681488232	0.0488929798890475	1
31.625	15.75	-0.000453823763765246	0.974867377398558	-0.163955867196511	0.0520874512001151	1
31.875	15.75	-0.000472079091786724	0.974806544788511	-0.17762739744549	0.0547468464181586	1
32.125	15.75	-0.000489429297853693	0.97556725133044	-0.187316244071947	0.0567974784789269	1
32.375	15.75	-0.000505263061128056	0.976657103159937	-0.194579174185417	0.058213143558314	1
32.625	15.75	-0.000518812515250874	0.977550891224164	-0.199842012349347	0.0590513385950198	1
32.875	15.75	-0.00052927049145758	0.977394212283935	-0.203820814498071	0.0595189196367378	1
33.125	15.75	-0.000535861526286106	0.974997977617349	-0.206847823686234	0.0600394973570872	1
33.375	15.75	-0.000538058368034383	0.968816389123034	-0.209132407549886	0.0613651610875198	1
33.625	15.75	-0.000536125601212456	0.957375937869194	-0.214519881716606	0.064607289597457	1
33.875	15.75	-0.000531981208618976	0.941727714072676	-0.229380234364976	0.0707674484199574	1
34.125	15.75	-0.000529795511874111	0.93016362486438	-0.243439214273122	0.079678494351814	1
34.375	15.75	-0.000534942031134584	0.935343964758838	-0.225215079521605	0.0895216877274476	1
34.625	15.75	-0.000550850926115147	0.950823240723578	-0.178413957423495	0.0980399221173381	1
34.875	15.75	-0.000576344235692797	0.959804714538631	-0.135704612894525	0.10519891694056	1
35.125	15.75	-0.000606030923819038	0.958771870427818	-0.115474188527352	0.112780318147073	1
35.375	15.75	-0.000632884050229089	0.952913170594002	-0.116271990488685	0.121731764194272	1
35.625	15.75	-0.00065029319664361	0.944528652252694	-0.135478112619254	0.132056762520062	1
35.875	15.75	-0.000653404909955984	0.933874771299716	-0.170701385343878	0.143740207121049	1
36.125	15.75	-0.00064066433480726	0.923404317265915	-0.214744978342077	0.156388397063517	1
36.375	15.75	-0.000614954330275426	0.909722342985181	-0.273497135873839	0.168809571035273	1
36.625	15.75	-0.000583857735746677	0.886263000794397	-0.342908471524208	0.181145440073384	1
36.875	15.75	-0.000557890068220078	0.944681347403024	-0.188678209756903	0.194194858883315	1
37.125	15.75	-0.000539928355650555	0.768571721729824	-0.612709520539691	0.199919683608314	1
37.375	15.75	-0.000550929121011366	1.04413486888491	-0.146252483993512	0.209512860540057	1
0.125	16.25	0.000490522945395693	0.838474219802431	-0.528447108961766	-0.0263304126462201	1
0.375	16.25	0.00049054456383712	0.73593797607794	-0.664264997071013	-0.0231423644124335	1
0.625	16.25	0.000490568685346258	0.785895528543874	-0.611636189010099	-0.0230350117717452	1
0.875	16.25	0.000490599099069776	0.719437005929394	-0.690324484141669	-0.0219921576314323	1
1.125	16.25	0.000490628459359493	0.742796424789272	-0.670535874868345	-0.0221861091142792	1
1.375	16.25	0.000490659425475934	0.682714957675315	-0.733685392802004	-0.0226918086542664	1
1.625	16.25	0.000490686913886793	0.72933353380605	-0.690384612857673	-0.0231939368905572	1
1.875	16.25	0.000490718541613586	0.655321474923814	-0.762418541859948	-0.0246103624923488	1
2.125	16.25	0.000490749663431294	0.76206210824942	-0.658541199759312	-0.0250935409559747	1
2.375	16.25	0.00049079267078675	0.674591772711295	-0.74825966608015	-0.0276088091791877	1
2.625	16.25	0.000490849435164959	0.853234287965536	-0.535961687017086	-0.0276586273529229	1
2.875	16.25	0.000490929470711281	0.745178233345365	-0.674255728881857	-0.0311486991602478	1
3.125	16.25	0.000491013522998745	0.954386155698232	-0.268496964575973	-0.0296290697702539	1
3.375	16.25	0.000491084082213676	0.5986566076289	0.791371529172847	-0.0271526389004256	1
3.625	16.25	0.000491166922326986	0.965304029369523	0.236261405003527	-0.0272007751459784	1
3.875	16.25	0.000491252941528963	0.435798690566585	0.901640753466414	-0.0243182677599911	1
4.125	16.25	0.00049135657787908	0.785543620706158	0.629848719785126	-0.0280083549607787	1
4.375	16.25	0.000491461384108847	0.361680964072338	0.936558861318031	-0.0269811264645904	1
4.625	16.25	0.000491592818251273	0.652918317917385	0.762287966687042	-0.0292062443215662	1
4.875	16.25	0.000491726460668341	0.357592460417581	0.933436744821835	-0.0281725885231766	1
5.125	16.25	0.000491887748886508	0.614392261485864	0.787489395673564	-0.0289029418072344	1
5.375	16.25	0.000492066323620994	0.388114875390985	0.915577049801034	-0.0278818694812043	1
5.625	16.25	0.000492275387512361	0.651152821688958	0.754574391076621	-0.0271125587873827	1
5.875	16.25	0.000492516795261042	0.39681379796322	0.909441091359909	-0.0269301610813218	1
6.125	16.25	0.000492776527726474	0.74743308798088	0.66132819433854	-0.0247770071937822	1
6.375	16.25	0.000493048626991391	0.348684487426689	0.930623195966321	-0.0263815503730141	1
6.625	16.25	0.000493275143582669	0.878644755744848	0.479715113435202	-0.0230924836501564	1
6.875	16.25	0.000493440526429651	0.252071934987162	0.967194566092711	-0.0270600471654658	1
7.125	16.25	0.000493489056306086	0.976054424361634	-0.136309835876735	-0.022833082753597	1
7.375	16.25	0.000493470627544544	0.695139927105792	-0.723581107799231	-0.0200633197637605	1
7.625	16.25	0.000493437736290469	0.860016710789515	-0.525388335029977	-0.0243810697205708	1
7.875	16.25	0.000493381137789751	0.687422768926559	-0.730488516915453	-0.0236166209346705	1
8.125	16.25	0.000493320516786155	0.754872374785539	-0.660996997863046	-0.0254350051521721	1
8.375	16.25	0.000493249172343834	0.689164650622545	-0.724608555733479	-0.0249285893365388	1
8.625	16.25	0.000493173854608722	0.715961751764915	-0.698166536007737	-0.0253322050489108	1
8.875	16.25	0.000493094741556073	0.704179461794463	-0.707923665491733	-0.0249290715349272	1
9.125	16.25	0.000493012317485257	0.714061001307789	-0.69839288143933	-0.0247927872262563	1
9.375	16.25	0.000492928826128381	0.723630560539083	-0.688320624940065	-0.0245145386518695	1
9.625	16.25	0.000492840055614861	0.723220152924503	-0.689183054126392	-0.0244596683310994	1
9.875	16.25	0.000492745835850182	0.742931199011723	-0.668765496971355	-0.0241835970239241	1
10.125	16.25	0.000492638271445876	0.731051552839152	-0.681955680130234	-0.0245654345103297	1
10.375	16.25	0.000492515255043505	0.761626527237613	-0.648062980078201	-0.0241570684588313	1
10.625	16.25	0.00049237886973338	0.737720037672865	-0.675418491848482	-0.0248788857612378	1
10.875	16.25	0.000492242175599523	0.776601996753122	-0.629242823484851	-0.0243964625938944	1
11.125	16.25	0.000492141311522618	0.746395660659015	-0.664962334117089	-0.024983797370726	1
11.375	16.25	0.000492125639193913	0.781412492289906	-0.621455685865239	-0.0245146365269011	1
11.625	16.25	0.000492250208126031	0.751057595211615	-0.657957040665844	-0.0246034280197603	1
11.875	16.25	0.000492516079585305	0.775065590288768	0.632597385325627	-0.0242612990211695	1
12.125	16.25	0.000492851614192865	0.760659638774084	0.65096790443938	-0.0247593799780287	1
12.375	16.25	0.000493241000835989	0.807762668553803	0.588951348332259	-0.0248862556626174	1
12.625	16.25	0.000493666556080622	0.765891709267193	0.641900165253923	-0.0247466679716264	1
12.875	16.25	0.000494120757407103	0.82360008646673	0.560067276911609	-0.0247763048680043	1
13.125	16.25	0.00049459426521775	0.773367767702118	0.624310716486982	-0.0232263996015465	1
13.375	16.25	0.000495093867593903	0.831110483632465	0.53889015852688	-0.0223670471956866	1
13.625	16.25	0.000495623835533592	0.79501040674656	0.589546187190433	-0.0194448509105577	1
13.875	16.25	0.000496187838129625	0.812726744968073	0.569202641779662	-0.0181884019335309	1
14.125	16.25	0.000496795561287611	0.776265994997037	0.623008806391908	-0.0164709239346095	1
14.375	16.25	0.00049744347723447	0.764843771228662	0.643309105439579	-0.0162911108805859	1
14.625	16.25	0.000498143470428965	0.752302695821904	0.663865090821836	-0.0162083477209396	1
14.875	16.25	0.000498895524002209	0.741102686491995	0.680260066656939	-0.0174298282663393	1
15.125	16.25	0.000499712718503017	0.773704351636529	0.648281591496831	-0.018226504237955	1
15.375	16.25	0.000500588391966904	0.748012570549379	0.677307789516079	-0.0211011606480872	1
15.625	16.25	0.000501514958029587	0.833996235479093	0.568051468485768	-0.0214469185839452	1
15.875	16.25	0.000502452666983516	0.757116978844533	0.664748488841992	-0.0250242300112396	1
16.125	16.25	0.000503320316967408	0.852833387964671	0.520130068520266	-0.0243250327512873	1
16.375	16.25	0.000504064500692675	0.779880669421706	0.629603709566667	-0.0243623136123442	1
16.625	16.25	0.000504597466535472	0.757204728891287	0.651888236985079	-0.0254881720143533	1
16.875	16.25	0.000504976613654955	0.298168911423636	-0.950067814448223	-0.0236002060702505	1
17.125	16.25	0.000505398110088233	0.689868755404221	-0.714565672582234	-0.0244510867300351	1
17.375	16.25	0.000505868824931769	0.52012294088965	-0.842526533723158	-0.0207500453100974	1
17.625	16.25	0.000506448448703656	0.66659247744426	-0.73237541406889	-0.0215438261125177	1
17.875	16.25	0.00050708024299717	0.815953726063225	-0.55089637621303	-0.016924324188897	1
18.125	16.25	0.000507703189210145	0.75764982830863	-0.636622702911803	-0.0152581022760602	1
18.375	16.25	0.000508123184740442	0.986631109711679	-0.0507974517221163	-0.0128288481807182	1
18.625	16.25	0.00050816511030258	0.985077622008268	-0.222153812067599	-0.0095381549519982	1
18.875	16.25	0.000507713315192728	0.860814457730239	-0.532350939610992	-0.0180397572137979	1
19.125	16.25	0.000506984824847759	0.560590047236414	-0.819369079391916	-0.015069054637742	1
19.375	16.25	0.000506537885861536	0.798544590458224	-0.604873751357255	-0.0165858287265489	1
19.625	16.25	0.00050724154789282	0.401823031846475	0.917864724851486	-0.0160082210212717	1
19.875	16.25	0.000510128805815518	0.861874363437401	0.506214003890663	-0.0164050100421448	1
20.125	16.25	0.00051656832937111	0.838297448097699	0.545370678880955	-0.0155537665460316	1
20.375	16.25	0.000527435187019949	0.787314955756924	0.638204375430507	-0.016406590557913	1
20.625	16.25	0.000542881901187684	0.840170179082233	0.5626818526996	-0.0205408862697751	1
20.875	16.25	0.000561320575876245	0.762033149258099	0.671834383227858	-0.0210767035505957	1
21.125	16.25	0.000579423296654842	0.795415468585825	0.625386476325571	-0.0261036493892975	1
21.375	16.25	0.000592725571554729	0.763182260873428	0.654052598661132	-0.0256842373369997	1
21.625	16.25	0.000597253793099732	0.815462645756221	0.594379247320934	-0.0273627065439018	1
21.875	16.25	0.000591222105732812	0.66411246731351	0.746312640247636	-0.0295564163295152	1
22.125	16.25	0.000576236187520071	0.871935467442504	0.459951179975086	-0.026390871375552	1
22.375	16.25	0.000554340161907129	0.977614773710826	0.133795125227007	-0.0226924526516701	1
22.625	16.25	0.000524934220365836	0.963452991673291	0.220914630779971	-0.0200453123004502	1
22.875	16.25	0.00048704846114817	0.963911658079916	0.225065729208083	-0.0171633470148831	1
23.125	16.25	0.000439985997872139	0.973626131280155	0.19367351314572	-0.015135694564596	1
23.375	16.25	0.000383149668178627	0.98046561021616	0.167491498593873	-0.0136194199167749	1
23.625	16.25	0.000316935180604595	0.985183749424478	0.149417947329778	-0.0125256964979344	1
23.875	16.25	0.000243632055561977	0.987712868604413	0.140390665255612	-0.0118703472001896	1
24.125	16.25	0.000168092297228546	0.988811046712571	0.131755386334115	-0.011324059431303	1
24.375	16.25	9.8206796384889e-05	0.98835539565554	0.121435902899594	-0.0105755050518462	1
24.625	16.25	4.46908841948599e-05	0.983309281426842	0.111235943757437	-0.00910211090468747	1
24.875	16.25	1.89270577575396e-05	0.978128786945734	0.0590877138969288	-0.00520801316767334	1
25.125	16.25	2.69662771411008e-05	0.969827618605071	-0.142968351759326	0.00101476803303383	1
25.375	16.25	6.03985984696211e-05	0.927616202947758	-0.364837424256592	0.00467417951920308	1
25.625	16.25	0.000102193177458833	0.928210156031877	-0.391138360027665	0.00298552833978206	1
25.875	16.25	0.000143556852424254	0.933201341603823	-0.372886594573849	0.00117289787854544	1
26.125	16.25	0.000181154395334526	0.93094498552569	-0.370607853144639	0.000583111583121841	1
26.375	16.25	0.00021287240617301	0.93516777098265	-0.354629675131842	0.000285271871679927	1
26.625	16.25	0.000237840117375813	0.94180578563232	-0.330211653725092	0.000553147183141531	1
26.875	16.25	0.000256228345775403	0.950396644378604	-0.300650875974876	0.00124625697957759	1
27.125	16.25	0.000268933309676988	0.959350302575677	-0.270647974822784	0.00205085477394795	1
27.375	16.25	0.000277118373666271	0.966866954825609	-0.24512540752332	0.00272385050758936	1
27.625	16.25	0.00028173218168712	0.972277101965549	-0.225228150187673	0.00320202346044829	1
27.875	16.25	0.000283194660144698	0.975696499124383	-0.209090338124629	0.00361282748956911	1
28.125	16.25	0.000281315149087974	0.97758132205397	-0.193687661325207	0.00420565250179937	1
28.375	16.25	0.000275448899390366	0.97850965664082	-0.176119362752792	0.00527434997510153	1
28.625	16.25	0.000264852898849406	0.979033676858582	-0.154866350689878	0.00706008881831236	1
28.875	16.25	0.000249110908183363	0.979425014831143	-0.13125362855802	0.00964849491825185	1
29.125	16.25	0.000228429487689158	0.97959075937957	-0.109391823615522	0.0129498104060661	1
29.375	16.25	0.000203680131506846	0.979314850728597	-0.0938140791831203	0.0167986522076875	1
29.625	16.25	0.000176228503335829	0.978506951871055	-0.0871266127855613	0.0210635652187985	1
29.875	16.25	0.000147677418992997	0.977286080116984	-0.0895555870081601	0.0256566746779007	1
30.125	16.25	0.000119617706324573	0.975953554800799	-0.0996032047545801	0.0304651651821745	1
30.375	16.25	9.34224567636921e-05	0.974862788274988	-0.114815192571736	0.0352917870225286	1
30.625	16.25	7.00801962628979e-05	0.974227018184574	-0.132514690343261	0.0398691348249397	1
30.875	16.25	5.00521312693236e-05	0.973948134538017	-0.150603705531382	0.0439429672748787	1
31.125	16.25	3.31778876492666e-05	0.973689022907852	-0.167608843671226	0.0473752818899336	1
31.375	16.25	1.87431750569306e-05	0.973427894759611	-0.181496618381736	0.0501869998419852	1
31.625	16.25	5.80908407961991e-06	0.973748535818926	-0.189867593045996	0.0524699042168333	1
31.875	16.25	-6.34780142932344e-06	0.974980284693474	-0.192878030122056	0.0542686359114796	1
32.125	16.25	-1.80004436390513e-05	0.976543149442272	-0.194056424351095	0.0555863467093237	1
32.375	16.25	-2.9023643969594e-05	0.977553154354036	-0.197294222287847	0.0564477971807616	1
32.625	16.25	-3.90460565929855e-05	0.977385429178326	-0.204545468374491	0.0569178528837941	1
32.875	16.25	-4.75338584636983e-05	0.975640744904567	-0.215513550307432	0.0571229423111693	1
33.125	16.25	-5.37657716758665e-05	0.971971662651792	-0.228182739934829	0.0573094050871062	1
33.375	16.25	-5.67885988321395e-05	0.965770736908593	-0.240216010546299	0.0579221713112903	1
33.625	16.25	-5.56191445558096e-05	0.955236990837245	-0.253448492367452	0.0596952625440431	1
33.875	16.25	-5.00973710058325e-05	0.936130738121613	-0.281569418427616	0.0636212450186518	1
34.125	16.25	-4.23939713643048e-05	0.907228366622672	-0.335569385298281	0.0704192889320787	1
34.375	16.25	-3.76921143527518e-05	0.885835818274616	-0.37911025361807	0.0790626216657901	1
34.625	16.25	-4.16654977153251e-05	0.903586843189452	-0.336809365012796	0.0877298846393839	1
34.875	16.25	-5.59574040646408e-05	0.935176596582423	-0.235282895321288	0.0959791436943385	1
35.125	16.25	-7.69419551981412e-05	0.947783843431499	-0.168195782202295	0.104451609778427	1
35.375	16.25	-9.85965186422935e-05	0.94674692226338	-0.149660338874149	0.113619840720351	1
35.625	16.25	-0.000115036815767815	0.939926453800074	-0.150994141788743	0.124133018072014	1
35.875	16.25	-0.000121620455855358	0.929902315476715	-0.172631469749615	0.136409068607225	1
36.125	16.25	-0.000116114661058517	0.914761160616603	-0.213273515051532	0.149814516062131	1
36.375	16.25	-9.92739837495552e-05	0.916671196115518	-0.216249598552523	0.165317481472709	1
36.625	16.25	-7.47076210405446e-05	0.859780255620454	-0.373544223129738	0.17750937027614	1
36.875	16.25	-4.93751010707829e-05	0.943786847161379	-0.0887470684100693	0.196500262922936	1
37.125	16.25	-2.31573024034599e-05	0.738665727909658	-0.638911532084655	0.2031824519972	1
37.375	16.25	-1.99721414308604e-05	1.03298987143402	-0.129102016380625	0.214662168263206	1
0.125	16.75	0.000490514836306079	0.830369423901157	-0.547582695355573	-0.031181495984641	1
0.375	16.75	0.000490538682033072	0.821427372765074	-0.555648525241158	-0.0294507160787438	1
0.625	16.75	0.000490564624124365	0.814186102814998	-0.56914142001941	-0.0279469158516721	1
0.875	16.75	0.000490588222276573	0.844883060325157	-0.52341500021147	-0.0268350563589577	1
1.125	16.75	0.000490616336057847	0.84925649810264	-0.517282708003623	-0.0255026480861433	1
1.375	16.75	0.000490643851777775	0.855539861613727	-0.513262527749267	-0.0247250232206959	1
1.625	16.75	0.000490672442413019	0.864775177267099	-0.497515808517186	-0.0247329931538279	1
1.875	16.75	0.000490705826249204	0.849577652774271	-0.528143238221578	-0.0242019750048323	1
2.125	16.75	0.000490743534006708	0.829135432375395	-0.559609535602809	-0.0251493691244097	1
2.375	16.75	0.000490791626727317	0.814474880294002	-0.590333769850506	-0.0248940334127674	1
2.625	16.75	0.000490850945673614	0.733171173168664	-0.691511098771798	-0.0277877253225334	1
2.875	16.75	0.000490930028512942	0.788945034154968	-0.633935174979818	-0.0284194466592207	1
3.125	16.75	0.000491011161896799	0.560534646848503	0.819642342854897	-0.0327000176858523	1
3.375	16.75	0.000491078135775773	0.857363540343033	0.497738431991009	-0.0268681713521591	1
3.625	16.75	0.0004911462899345	0.660365021334288	0.746990458705337	-0.0288045938523842	1
3.875	16.75	0.000491212951216096	0.753614416447218	0.653668164735649	-0.0263368042656831	1
4.125	16.75	0.000491279413363379	0.753745859148712	0.651423054344714	-0.0274126040293929	1
4.375	16.75	0.00049136235351214	0.813019261397763	0.567919460709799	-0.0250312529582699	1
4.625	16.75	0.00049144938700355	0.81993838255022	0.558978263312693	-0.0238449657018653	1
4.875	16.75	0.000491554824964518	0.847939293215803	0.516149175153892	-0.0216243194300437	1
5.125	16.75	0.00049168843352326	0.843688867797545	0.526018006985189	-0.0209121315128288	1
5.375	16.75	0.000491845446251123	0.842296641027147	0.533461924724181	-0.0191321341287344	1
5.625	16.75	0.000492037206833697	0.829639705132613	0.558471621496259	-0.0199591384528989	1
5.875	16.75	0.000492262244896261	0.804970685920769	0.595532011203231	-0.0193612138042134	1
6.125	16.75	0.000492505342042057	0.81434486333825	0.589115912673846	-0.0209043638022044	1
6.375	16.75	0.000492755151620203	0.723560901080361	0.694229211627874	-0.0216601819322935	1
6.625	16.75	0.000492957968118329	0.83699975120824	0.562733113687883	-0.0224087326257139	1
6.875	16.75	0.00049309104726984	0.5505105891736	0.836153858575081	-0.0253887069342824	1
7.125	16.75	0.000493128246402351	0.907257453093295	-0.389447034896904	-0.0231827520901605	1
7.375	16.75	0.000493121194837029	0.815419626689707	-0.560772149446802	-0.0198588860651775	1
7.625	16.75	0.000493091936675082	0.90033908434426	-0.431486423626827	-0.0195911439303344	1
7.875	16.75	0.000493038105087021	0.841545863594523	-0.543408301355571	-0.0196099459264829	1
8.125	16.75	0.000492975864434329	0.838496204920629	-0.552642892290494	-0.0209851101695323	1
8.375	16.75	0.000492901208850273	0.794084815516303	-0.613349263137949	-0.0218506725560764	1
8.625	16.75	0.00049282024628499	0.772605114121041	-0.639984625266626	-0.0227387441537143	1
8.875	16.75	0.000492734838176748	0.755550815689859	-0.65772498703756	-0.0234098309436874	1
9.125	16.75	0.000492645320435644	0.734679185629832	-0.680277485682832	-0.0236707039020353	1
9.375	16.75	0.000492554592421971	0.737747145389108	-0.675757533818065	-0.024012985295715	1
9.625	16.75	0.000492459457616408	0.720912183940456	-0.692930847630646	-0.024079122113768	1
9.875	16.75	0.000492359095179972	0.735369020399214	-0.677291848504161	-0.0240147552223228	1
10.125	16.75	0.000492247624531	0.718149788193297	-0.695205993384704	-0.0242025494183894	1
10.375	16.75	0.000492121428911139	0.740162011880553	-0.671670386280401	-0.0238334192808427	1
10.625	16.75	0.000491983765948264	0.720131548397695	-0.693668663699272	-0.0241758195256597	1
10.875	16.75	0.000491846383597062	0.746494009176137	-0.665059954540744	-0.0238179207275197	1
11.125	16.75	0.000491743075095496	0.727154280811393	-0.686877851669064	-0.024209628832699	1
11.375	16.75	0.000491720694101092	0.756236769874084	-0.654606048212516	-0.0240131349089563	1
11.625	16.75	0.000491830462130312	0.73459015299985	-0.678633023800856	-0.0244193751782123	1
11.875	16.75	0.00049207192561541	0.771729094217243	0.633751491659426	-0.0242740419280039	1
12.125	16.75	0.000492376412557803	0.736859895113364	0.672227657827128	-0.0238837505228117	1
12.375	16.75	0.000492723983461169	0.757156285543164	0.647815579782467	-0.0233846836263357	1
12.625	16.75	0.000493096758361362	0.715942067704759	0.691674674521266	-0.022477829025545	1
12.875	16.75	0.000493489196989574	0.760394534238206	0.638916886817642	-0.0216333875896817	1
13.125	16.75	0.000493902223483245	0.746806876991028	0.654205237034318	-0.0196368104673838	1
13.375	16.75	0.000494348207074724	0.813325113571182	0.57056121342238	-0.0187191667584913	1
13.625	16.75	0.000494830590885322	0.801175753965504	0.594226333731682	-0.0169868190200364	1
13.875	16.75	0.0004953523475336	0.840797354228697	0.545235639630135	-0.0176017181122246	1
14.125	16.75	0.000495920485521763	0.834455746225549	0.559912539820413	-0.0180281300887616	1
14.375	16.75	0.000496533117229345	0.856109226889697	0.530495258952771	-0.019614741473671	1
14.625	16.75	0.000497200247641038	0.856677695269372	0.530568181665129	-0.0212335904103734	1
14.875	16.75	0.000497924160669698	0.860603617454332	0.521500667057132	-0.0229906155715272	1
15.125	16.75	0.00049871769331836	0.858316112150201	0.522622814798084	-0.0240552010832154	1
15.375	16.75	0.000499574103724127	0.830711854628401	0.557667678905201	-0.0253011499036504	1
15.625	16.75	0.000500489982045179	0.83672748475561	0.548356421587557	-0.0242492850828786	1
15.875	16.75	0.000501419597108309	0.726032568851397	0.683087515205193	-0.0257509636215892	1
16.125	16.75	0.000502303699413534	0.822379435789085	0.565633672819936	-0.0229093561501323	1
16.375	16.75	0.000503085218157757	0.568560463678473	0.824468636661105	-0.0251227080539397	1
16.625	16.75	0.00050367996010631	0.83870963352314	0.535421965287961	-0.0237438320562113	1
16.875	16.75	0.00050414787182134	0.522754984896364	-0.848262712099078	-0.0225880474764189	1
17.125	16.75	0.000504655817948168	0.674661174956927	-0.7390917986324	-0.0239740267638987	1
17.375	16.75	0.000505220663311805	0.508996708876892	-0.853384424405913	-0.0228873065660034	1
17.625	16.75	0.000505859104612442	0.53234817877921	-0.844217118728553	-0.0229211774028149	1
17.875	16.75	0.000506558012093091	0.387656084420707	-0.913389861161659	-0.0224327979157655	1
18.125	16.75	0.00050725798860412	0.53189008712121	-0.83366985002284	-0.0214279648456186	1
18.375	16.75	0.00050786568436414	0.282750492659537	-0.955350555558557	-0.0191015084277057	1
18.625	16.75	0.000508225144266848	0.592310907346836	-0.783109788150311	-0.0210082176225734	1
18.875	16.75	0.000508162450113018	0.612176306187288	0.78503719241315	-0.0130812045887012	1
19.125	16.75	0.000507656189209139	0.706369681300865	0.716885402540668	-0.0193859411896115	1
19.375	16.75	0.000506884199810598	0.657183696060674	0.744825515316861	-0.0147003738890225	1
19.625	16.75	0.000506330825806907	0.847675532304101	0.537663503568898	-0.0162125379774677	1
19.875	16.75	0.000506810364118815	0.935960240664199	-0.327471571198939	-0.0159780614431802	1
20.125	16.75	0.000509435267654605	0.736528212032124	0.696075351617455	-0.0120987002521471	1
20.375	16.75	0.00051528448665305	0.954949041269018	0.328090250323543	-0.0207851155283113	1
20.625	16.75	0.000525047180298447	0.776750260865238	0.646700420040517	-0.0171717229449507	1
20.875	16.75	0.000538382874669388	0.877364468461076	0.51158157308386	-0.0247665104403259	1
21.125	16.75	0.000553658679806882	0.758878356894918	0.652435404945045	-0.0243945432187322	1
21.375	16.75	0.000568339172023851	0.850735062326785	0.53497305832515	-0.0246401878596842	1
21.625	16.75	0.000579718770270653	0.612463933786169	0.790118616229554	-0.0267673364414615	1
21.875	16.75	0.000586433138176135	0.796250089610022	0.591094984190317	-0.0244049908425629	1
22.125	16.75	0.000589626824652446	0.993327196429201	0.0710383972064025	-0.023004644027371	1
22.375	16.75	0.000589975731993468	0.971628497234167	0.199832660479777	-0.0226051896858885	1
22.625	16.75	0.000586867913310079	0.955574211005956	0.251131921250921	-0.0192424869519906	1
22.875	16.75	0.000579541612953017	0.969114413426314	0.210385196529299	-0.0168243146174661	1
23.125	16.75	0.000566992140081345	0.976694269138691	0.190377196250869	-0.0152657028929883	1
23.375	16.75	0.000547989055624705	0.979165208810613	0.190268078011592	-0.0145033315828438	1
23.625	16.75	0.000521591028849371	0.979653942065964	0.190647560808371	-0.0140975946044079	1
23.875	16.75	0.000487825909255928	0.98051803502012	0.180542826998017	-0.0135634219450761	1
24.125	16.75	0.000448453053184153	0.981938489977924	0.159857059489065	-0.0126234713111334	1
24.375	16.75	0.000407682130448827	0.983192288758066	0.129677799951458	-0.0110264897343442	1
24.625	16.75	0.000372372776884968	0.983866374052328	0.092722855549123	-0.00853477000856906	1
24.875	16.75	0.000350762543554343	0.981376015832963	0.0613130597882939	-0.00523104867844966	1
25.125	16.75	0.0003485864441809	0.978613544071347	-0.049922034157318	-0.000274025975729495	1
25.375	16.75	0.000363023955558391	0.943738822331577	-0.305603536163652	0.00463771892925073	1
25.625	16.75	0.000384038333281907	0.936235282970727	-0.368022240326089	0.00385788087928858	1
25.875	16.75	0.000405792671860441	0.944399527584413	-0.345882259312401	0.00161704115216957	1
26.125	16.75	0.00042610621035331	0.939470422093848	-0.350390155665976	0.000846229660733168	1
26.375	16.75	0.000443578571426891	0.941681193495468	-0.34028811825032	0.000229538769779592	1
26.625	16.75	0.000457541762921263	0.946269602692344	-0.320738355614924	0.000123688655695492	1
26.875	16.75	0.000467899856059277	0.953099452163861	-0.2944605559234	0.000513485309351571	1
27.125	16.75	0.000474988921860784	0.961394132209556	-0.264128507578543	0.00114633164397276	1
27.375	16.75	0.000479381887374133	0.969283789353932	-0.234993641354268	0.00175998354712497	1
27.625	16.75	0.000481631888647939	0.975554731951187	-0.210066360975958	0.0022100020868928	1
27.875	16.75	0.000482062496352395	0.979844859798661	-0.188990883266349	0.00255971424997986	1
28.125	16.75	0.000480667394352286	0.982373434804075	-0.16923321440085	0.00303439986882075	1
28.375	16.75	0.000477142648095495	0.983591551448548	-0.147816890357123	0.00393219889113528	1
28.625	16.75	0.000471042789416243	0.983977746507714	-0.122786488524455	0.00552239959513135	1
28.875	16.75	0.000462007409232512	0.983852731037121	-0.0947012654651352	0.00794008538482791	1
29.125	16.75	0.000449963309303512	0.983316900494695	-0.0671286853324013	0.011141247679104	1
29.375	16.75	0.000435220530267091	0.982430286290405	-0.0449321669404123	0.014971635209584	1
29.625	16.75	0.00041844657387943	0.981382217347054	-0.0318537010682506	0.0192725867892725	1
29.875	16.75	0.000400556438133808	0.980458204777091	-0.0295113984663316	0.0239094993075253	1
30.125	16.75	0.000382565840789197	0.979867502642706	-0.0375491834531583	0.028729509144507	1
30.375	16.75	0.000365443909360208	0.979574725168129	-0.0540918185250135	0.0335341733744583	1
30.625	16.75	0.000349983167473871	0.979299562278754	-0.0765135240553691	0.0381113731709661	1
30.875	16.75	0.00033668629931345	0.978678906446405	-0.102256849775749	0.0422906177165505	1
31.125	16.75	0.000325676824526911	0.977478135163127	-0.128788897878967	0.0459772366739859	1
31.375	16.75	0.000316686283876022	0.975868272984743	-0.152889464275627	0.049161594908266	1
31.625	16.75	0.000309184258674123	0.974565977774267	-0.171077873145562	0.0518900231501454	1
31.875	16.75	0.000302614490657184	0.974363442600194	-0.181570989648978	0.0541948202592162	1
32.125	16.75	0.000296581217122726	0.975418790811656	-0.185288922890038	0.056064255972972	1
32.375	16.75	0.000290884154260416	0.977268605591347	-0.184391154120057	0.0574925519420398	1
32.625	16.75	0.000285461461145129	0.979331350159517	-0.180577031069301	0.0585314818517168	1
32.875	16.75	0.000280367223243036	0.9811606214293	-0.174805175181464	0.059297982186414	1
33.125	16.75	0.000275867314424173	0.982537903118873	-0.166737004730767	0.0599629270093482	1
33.375	16.75	0.000272641695200596	0.983512426131119	-0.153074939838886	0.0607601671121016	1
33.625	16.75	0.000271913203676549	0.983583382144007	-0.128636809578145	0.0620500271861677	1
33.875	16.75	0.000275076549781909	0.979412947000613	-0.0987561295470271	0.0645142857051614	1
34.125	16.75	0.000282361824569809	0.964679905566232	-0.108872800709843	0.0695023257401956	1
34.375	16.75	0.000290980112910278	0.943306768378613	-0.182824870459517	0.0785158134361453	1
34.625	16.75	0.000295312200960782	0.93579273204183	-0.238592812336805	0.0879863191864594	1
34.875	16.75	0.000291373828523487	0.951309028053765	-0.193301475757349	0.0944291412676743	1
35.125	16.75	0.000280358306107848	0.959453325242107	-0.117061014113549	0.101461317179742	1
35.375	16.75	0.000266405840866532	0.959129819063745	-0.0800015529353562	0.110052565812559	1
35.625	16.75	0.000253876805490165	0.953997405937607	-0.0834341689520473	0.119241720074083	1
35.875	16.75	0.000246534316827193	0.940820867841216	-0.118907615179126	0.130155263424844	1
36.125	16.75	0.000246660871227177	0.928886722657071	-0.154648860981953	0.143707238459117	1
36.375	16.75	0.000254821554913578	0.910927684193047	-0.231755199596903	0.15760973308448	1
36.625	16.75	0.000270147203452109	0.874111155436745	-0.280611229189227	0.171695357461616	1
36.875	16.75	0.000289922841445918	0.930613514863111	-0.0858583799662056	0.197858816213039	1
37.125	16.75	0.000314083041019122	0.753496105808775	-0.602913844245665	0.203595390679563	1
37.375	16.75	0.000323715510816513	1.01106152126816	-0.146820774981123	0.220485088739155	1
0.125	17.25	0.000490464956604513	0.791526084454925	-0.600099459514172	-0.0296930453987328	1
0.375	17.25	0.00049049256136651	0.78422995104003	-0.605041194599835	-0.0274324039878821	1
0.625	17.25	0.000490529350056318	0.763905656394379	-0.633036413037731	-0.0262541262390294	1
0.875	17.25	0.000490565801896827	0.681369554412645	-0.726959928806707	-0.024778595751146	1
1.125	17.25	0.000490603612922347	0.73158392519766	-0.675879925341743	-0.0250031683024375	1
1.375	17.25	0.000490639109028391	0.65317965729201	-0.757145742879419	-0.0235988555982494	1
1.625	17.25	0.00049067440767779	0.754908137369561	-0.656783949774328	-0.0248561579194364	1
1.875	17.25	0.000490710644595514	0.707543629566941	-0.709033631622258	-0.0242301272695343	1
2.125	17.25	0.000490749696138995	0.829612974114942	-0.555258240750534	-0.0254467889967369	1
2.375	17.25	0.000490796126861808	0.79684376270286	-0.593469199902753	-0.0238670252313896	1
2.625	17.25	0.000490856071554654	0.908109057311459	-0.413165315519168	-0.0226661272018148	1
2.875	17.25	0.000490942492218591	0.921116286601131	-0.394810077651134	-0.0232108160796143	1
3.125	17.25	0.000491034440055623	0.9738262394839	-0.233706217377106	-0.0239700007757906	1
3.375	17.25	0.000491105840127342	0.874999021575887	0.488892280496468	-0.0241604822762901	1
3.625	17.25	0.000491148928975461	0.836806655471646	0.548681742725627	-0.0249388384696147	1
3.875	17.25	0.000491197659507215	0.743707610802865	0.672588154621965	-0.0242147122599593	1
4.125	17.25	0.000491257149442185	0.828737705449248	0.555762254049983	-0.0259229665570097	1
4.375	17.25	0.000491325241191957	0.636306521986156	0.773209686116699	-0.0233759745690851	1
4.625	17.25	0.000491408185209777	0.737339597459428	0.679075856350655	-0.0261938754129804	1
4.875	17.25	0.000491504131609223	0.562373415083124	0.82971928200173	-0.0246162644457012	1
5.125	17.25	0.000491623062849419	0.641804791640936	0.772213266290069	-0.0267743753469085	1
5.375	17.25	0.000491760741448576	0.521206915088151	0.85707899664659	-0.0262323407062609	1
5.625	17.25	0.000491930468318797	0.597357388552548	0.806430643548089	-0.0274489966615581	1
5.875	17.25	0.000492125855699126	0.514714329719123	0.86044913217733	-0.0274758374289313	1
6.125	17.25	0.000492338541179865	0.605077409480771	0.798528415751484	-0.0279339845821129	1
6.375	17.25	0.00049254869105527	0.523736601677754	0.853426351089163	-0.0280482024358035	1
6.625	17.25	0.000492713969590708	0.648659935825436	0.761859747090414	-0.0281875361814424	1
6.875	17.25	0.000492806191546137	0.517006903342457	0.854588740961367	-0.0280774111717819	1
7.125	17.25	0.000492816803189758	0.726049696950775	-0.682717158331429	-0.0279194661913497	1
7.375	17.25	0.000492793026160775	0.64091641041336	-0.75883026570258	-0.0267475554884948	1
7.625	17.25	0.000492750919843055	0.791660643759023	-0.59726289014658	-0.0257411641626238	1
7.875	17.25	0.000492694163723129	0.75691906366228	-0.643566008309835	-0.0235329175117587	1
8.125	17.25	0.000492629752362544	0.811872758850705	-0.579983081017541	-0.0234382379683247	1
8.375	17.25	0.000492556082605984	0.789623063415435	-0.611238271416076	-0.0229581055351722	1
8.625	17.25	0.000492473980503829	0.775448627368797	-0.632960232436515	-0.0231029184641017	1
8.875	17.25	0.00049238795361094	0.771334263586128	-0.636867946343582	-0.0235679061164487	1
9.125	17.25	0.000492296351602913	0.742353458535433	-0.670902928403634	-0.0234576832283756	1
9.375	17.25	0.00049220266141051	0.750651612998132	-0.661189969515955	-0.0238967713709444	1
9.625	17.25	0.000492104186805042	0.728885735223577	-0.684790098386027	-0.0238563292247551	1
9.875	17.25	0.000491999628143883	0.74345503889578	-0.668968043535234	-0.0240126554651892	1
10.125	17.25	0.000491884957167302	0.728646896803507	-0.68464212497387	-0.0241964704552573	1
10.375	17.25	0.000491756236411053	0.746525811881183	-0.664782348296719	-0.0240697103052783	1
10.625	17.25	0.000491617373888493	0.732909032991603	-0.679541819211016	-0.0243211144813571	1
10.875	17.25	0.000491479573858705	0.752404334629464	-0.65759715787601	-0.0240401281722007	1
11.125	17.25	0.000491373848453103	0.734400359887468	-0.677503169752067	-0.0242630992838364	1
11.375	17.25	0.000491343999318409	0.760977490392273	-0.648025013183013	-0.0238985016793487	1
11.625	17.25	0.000491436290514075	0.728966204574263	-0.684124282734481	-0.0242468682878988	1
11.875	17.25	0.000491646758415206	0.776645875713106	0.627029548018814	-0.0240150630828578	1
12.125	17.25	0.000491906759999664	0.73559256475355	0.674852404832384	-0.023505735579249	1
12.375	17.25	0.000492196088142146	0.775598821737386	0.627003729645728	-0.023323340072111	1
12.625	17.25	0.000492505598562272	0.780260471982237	0.618260632665084	-0.0223732496491223	1
12.875	17.25	0.000492840979973285	0.85850815014821	0.4992733298391	-0.021441505960283	1
13.125	17.25	0.000493211319045153	0.866257663903181	0.489110370292041	-0.0194991874184869	1
13.375	17.25	0.0004936235921882	0.897143895258264	0.437144669489103	-0.0193428061845486	1
13.625	17.25	0.000494079330657285	0.866464117201787	0.500213043532885	-0.0188995369311782	1
13.875	17.25	0.000494579214298469	0.860883965370304	0.51261769646696	-0.0197144567191884	1
14.125	17.25	0.000495125934371149	0.813487984209023	0.584335521832181	-0.0200178392571616	1
14.375	17.25	0.000495717956718545	0.7904995843561	0.614760845523571	-0.0204103555835649	1
14.625	17.25	0.00049636113050513	0.743157693695267	0.672030149996531	-0.0207429179677471	1
14.875	17.25	0.000497055837618704	0.705639115349265	0.709711160652973	-0.0211341488291373	1
15.125	17.25	0.000497814996539832	0.691819513045945	0.726113994511519	-0.0209934905858617	1
15.375	17.25	0.000498630175002248	0.636653633032731	0.774986020696612	-0.0222344563871028	1
15.625	17.25	0.000499503824118115	0.668011907422372	0.749454063540835	-0.0217117462157362	1
15.875	17.25	0.000500407367545297	0.64870296461949	0.769997458931415	-0.0237655654657823	1
16.125	17.25	0.000501305235370122	0.66056918342756	0.757186103131401	-0.0236608289430223	1
16.375	17.25	0.000502156474257989	0.765321166937108	0.649083733701808	-0.0257158203204237	1
16.625	17.25	0.000502907379967802	0.689842142445955	0.72768585989279	-0.0247724813635553	1
16.875	17.25	0.000503559464930062	0.733227714061654	-0.675088123191275	-0.0270130323269105	1
17.125	17.25	0.000504186062162479	0.752441656625686	-0.652385010143751	-0.023331257817167	1
17.375	17.25	0.000504797988238497	0.805078747816902	-0.590305705105302	-0.0260543215731217	1
17.625	17.25	0.000505391051773373	0.870270267592054	-0.478116695115801	-0.022637256171636	1
17.875	17.25	0.000506017308843785	0.840741774714314	-0.543706653943113	-0.0234957392899168	1
18.125	17.25	0.000506645655404654	0.904245010457717	-0.385575953986191	-0.0237084243274917	1
18.375	17.25	0.000507262152137555	0.974443364091802	-0.211111813077239	-0.0157738369944157	1
18.625	17.25	0.000507802308217675	0.722956086716223	-0.685211453887564	-0.0227517437456025	1
18.875	17.25	0.000508028512163676	0.193132935147918	-0.972973611124722	-0.0153056002188579	1
19.125	17.25	0.000507915031085192	0.671969120596331	-0.725416653788408	-0.0211309614246588	1
19.375	17.25	0.00050744947495106	0.145661259835163	-0.983675426797856	-0.0132935359568705	1
19.625	17.25	0.000506897521393868	0.936063195829248	0.371206842843489	-0.0197689854984609	1
19.875	17.25	0.000506747652486916	0.618121088365143	0.810687489109922	-0.0168217790221529	1
20.125	17.25	0.000507824369724464	0.964378608353024	0.274485681472276	-0.0255260852188547	1
20.375	17.25	0.000511005445461788	0.645784637412636	0.778197993478499	-0.0185301958009628	1
20.625	17.25	0.000516990918807328	0.895451836060303	0.492630060944594	-0.0283741089910056	1
20.875	17.25	0.000525646838552022	0.590124916715632	0.810813005942847	-0.0283976051851931	1
21.125	17.25	0.000535891758039559	0.784370584777246	0.62145052389369	-0.0280325669316847	1
21.375	17.25	0.000545939240305109	0.451528989686441	0.894513155577162	-0.0284066825822979	1
21.625	17.25	0.000554145258929376	0.669633136699275	0.736041619419391	-0.0277598002697095	1
21.875	17.25	0.000560907748043963	0.994471313007745	-0.0633041215390897	-0.0262186944058499	1
22.125	17.25	0.00056737204688401	0.988731459853029	0.0702526303409047	-0.0263398991255812	1
22.375	17.25	0.000573653358488905	0.954517094339547	0.241796665455169	-0.0220805262912466	1
22.625	17.25	0.000579178963665379	0.96731590466311	0.208001417551274	-0.0189808313610729	1
22.875	17.25	0.000583417234979883	0.976656368107335	0.181547133648079	-0.0170500140636718	1
23.125	17.25	0.000585667835912197	0.980761359936044	0.170875500874996	-0.0158689088526789	1
23.375	17.25	0.000584948011066067	0.982969613912496	0.163331832621678	-0.0149759498164434	1
23.625	17.25	0.000580181760458316	0.985054921715802	0.153322895312507	-0.0142402781265649	1
23.875	17.25	0.000570592174373393	0.986651821651542	0.142413024845664	-0.0135848667149289	1
24.125	17.25	0.00055625944618932	0.987376602162504	0.130493527221585	-0.0128276807679567	1
24.375	17.25	0.000538728250491093	0.986760604474004	0.117568954776465	-0.0117060735550074	1
24.625	17.25	0.000521329692185692	0.983756621042831	0.103213155307665	-0.0098213381837167	1
24.875	17.25	0.000508641540508372	0.978029565702141	0.0749647572652306	-0.00639095147833193	1
25.125	17.25	0.000504502319890326	0.975214258952555	-0.0464205035645401	-0.000407172322734785	1
25.375	17.25	0.000508767274197286	0.93739456574346	-0.316280730924357	0.00518529486147252	1
25.625	17.25	0.000516843748618015	0.927798626753918	-0.385709245769442	0.00502054797549963	1
25.875	17.25	0.000525721802354651	0.939200448285319	-0.359679270232084	0.00277362781622151	1
26.125	17.25	0.000534291947752498	0.932824702397615	-0.368794356450581	0.00202351185168486	1
26.375	17.25	0.000541829773541572	0.9341331389013	-0.363361501611763	0.00122904005079526	1
26.625	17.25	0.000547978698541019	0.937754789327314	-0.348476151120028	0.000839527495338885	1
26.875	17.25	0.00055263566747866	0.94354884122575	-0.32698837336383	0.000951978133129705	1
27.125	17.25	0.000555892622977915	0.951568968153287	-0.299324934256695	0.00140723460669438	1
27.375	17.25	0.000557971539568851	0.960185644655424	-0.269703713486122	0.00199510577555276	1
27.625	17.25	0.000559122911342468	0.967892010322691	-0.241880044317761	0.00251922465246542	1
27.875	17.25	0.000559525566414809	0.973777298009309	-0.2172893204357	0.00295347529625837	1
28.125	17.25	0.000559217700157777	0.977711422501222	-0.194725706829604	0.00346065510528593	1
28.375	17.25	0.000558080414839184	0.980027790034227	-0.171896178163122	0.00431680169106173	1
28.625	17.25	0.000555880638586171	0.981186180259063	-0.147374992614127	0.00579240931908285	1
28.875	17.25	0.000552362427564426	0.981516421810171	-0.122081213003797	0.00804185146204561	1
29.125	17.25	0.000547355332727894	0.981161372207538	-0.0993106060865103	0.0110672049519753	1
29.375	17.25	0.000540859905811902	0.98022555508574	-0.0831309795365187	0.0147711412206491	1
29.625	17.25	0.000533082465432782	0.978913283676204	-0.0763818636387654	0.0190250339273774	1
29.875	17.25	0.000524413977609213	0.977530278942683	-0.0795272650761489	0.0236783737194431	1
30.125	17.25	0.000515367044992748	0.976386795976464	-0.0906526246490455	0.0285230617156495	1
30.375	17.25	0.00050649493208249	0.975663205804561	-0.106486248349152	0.0332905835113722	1
30.625	17.25	0.000498312420486108	0.975314649115759	-0.124021480697532	0.0377197991783232	1
30.875	17.25	0.00049122341619758	0.975081805045854	-0.141685540668343	0.0416358169898572	1
31.125	17.25	0.000485456196647772	0.97462195961899	-0.159111937536168	0.0449739543251566	1
31.375	17.25	0.000481026641493537	0.973755463318591	-0.175837515238645	0.0477588426067485	1
31.625	17.25	0.000477763105271607	0.972679939960825	-0.190605097832212	0.0500642619121447	1
31.875	17.25	0.000475392445450306	0.971829269767235	-0.202340746126928	0.0519576398275007	1
32.125	17.25	0.000473630236151605	0.971375505918463	-0.211571052249747	0.0534588301936059	1
32.375	17.25	0.000472217501445132	0.970897969227099	-0.220424350543424	0.054558924641193	1
32.625	17.25	0.000470911163060495	0.969619300337364	-0.23097868205205	0.0552905594697298	1
32.875	17.25	0.000469493311521341	0.966936582022427	-0.243722889107315	0.0557889750753444	1
33.125	17.25	0.00046786743099464	0.962818342289057	-0.257407501211718	0.0562877797152406	1
33.375	17.25	0.000466260723395308	0.958103739842257	-0.268975659647679	0.0570483153954459	1
33.625	17.25	0.000465445498257583	0.954570852431975	-0.273317429062192	0.0582849623891078	1
33.875	17.25	0.000466707578144734	0.951949732628329	-0.269162685579981	0.0601303211933019	1
34.125	17.25	0.000471132498437767	0.94466249143758	-0.269311877666186	0.0630962794620234	1
34.375	17.25	0.000478101539215069	0.898310200926117	-0.359335137622948	0.0680812599071223	1
34.625	17.25	0.000484141946226786	0.862463470555322	-0.417363970595446	0.0775557373246065	1
34.875	17.25	0.000485255874048407	0.919136950168939	-0.2945309405781	0.0867046679470801	1
35.125	17.25	0.000480930514355492	0.947897782483648	-0.198045431672908	0.0931278258491033	1
35.375	17.25	0.000473326127119638	0.946913997863308	-0.16815684339685	0.101096540016499	1
35.625	17.25	0.000464921397526092	0.946601800798514	-0.125637604606524	0.110826180883594	1
35.875	17.25	0.000458106813982675	0.942056942227721	-0.113561018796063	0.122210786533269	1
36.125	17.25	0.000454698768015943	0.926721910113967	-0.166841081608069	0.134877674744722	1
36.375	17.25	0.000455713518423271	0.920368719379542	-0.150908486126616	0.149370621216336	1
36.625	17.25	0.000461910757044509	0.882139080149782	-0.227068212166491	0.166652971120203	1
36.875	17.25	0.000473462623522581	0.920178264995767	-0.11343163211721	0.192568446205983	1
37.125	17.25	0.000489441467913153	0.790640195980458	-0.514374359887552	0.201690971450997	1
37.375	17.25	0.00049907833220748	0.986625579792425	-0.155145004741474	0.225276827713269	1
0.125	17.75	0.000490463230300465	0.854536774498676	-0.516685518097558	-0.0353543888120174	1
0.375	17.75	0.000490487090803969	0.821402129004269	-0.559103882597139	-0.0351425789821188	1
0.625	17.75	0.000490520967065381	0.908984669946015	-0.380766041587258	-0.0329828130463034	1
0.875	17.75	0.000490560111575391	0.851180439463638	-0.501107004682234	-0.0288504337605563	1
1.125	17.75	0.000490601532429781	0.884048992040673	-0.441742228804127	-0.0280151519486438	1
1.375	17.75	0.000490643904743594	0.790367752306095	-0.596911695261796	-0.0239855167609695	1
1.625	17.75	0.000490680106603886	0.816174076165764	-0.569406714057207	-0.0243262407629351	1
1.875	17.75	0.000490722400895432	0.713912921019459	-0.705803715300919	-0.0223570596557544	1
2.125	17.75	0.000490766946982764	0.714385034029716	-0.715748895940674	-0.026130502851998	1
2.375	17.75	0.000490821469206698	0.643738346157348	-0.776369677991803	-0.027501366492473	1
2.625	17.75	0.000490875591622905	0.115336355887684	-0.997726490861458	-0.0291007279521303	1
2.875	17.75	0.000490949166887677	0.614513876959694	-0.799843303096498	-0.0275436517483937	1
3.125	17.75	0.000491038141206545	-0.50948458113049	0.851929841052114	-0.0320203312651756	1
3.375	17.75	0.000491103593793152	0.678088057580976	0.729953677363821	-0.0289593416608208	1
3.625	17.75	0.000491148968691102	-0.0417223870154964	0.992738653574622	-0.0304068297911667	1
3.875	17.75	0.000491196911606983	0.791917163192184	0.596427920042437	-0.0288147384131839	1
4.125	17.75	0.000491236883127345	0.377274647148843	0.915233865213822	-0.0267947262183997	1
4.375	17.75	0.000491291521637118	0.751099982366089	0.65447352951715	-0.0268015592448334	1
4.625	17.75	0.000491345154062897	0.602492048236288	0.7873088980886	-0.0254784163975099	1
4.875	17.75	0.000491416051501819	0.742535277436579	0.664514119525293	-0.0241369479138336	1
5.125	17.75	0.000491500899225762	0.72200668077145	0.684400547878048	-0.0242366048048624	1
5.375	17.75	0.000491612206122543	0.767128935478702	0.636677343013728	-0.022374731573408	1
5.625	17.75	0.000491753788058959	0.770408771417634	0.635806926163623	-0.0231572929440708	1
5.875	17.75	0.000491926624987446	0.7808771600857	0.622770977348975	-0.0222512439362485	1
6.125	17.75	0.000492117633921492	0.785525184355706	0.621630643622002	-0.0229081488739859	1
6.375	17.75	0.000492304471803649	0.763000947285173	0.647829172402006	-0.0233337602382258	1
6.625	17.75	0.000492448115962348	0.791241547442497	0.616087078869991	-0.0235834378075093	1
6.875	17.75	0.000492514708204548	0.716171634795423	0.70099143479115	-0.0248310469823687	1
7.125	17.75	0.000492511862963712	0.796913175991512	-0.600144187963932	-0.0246801005712161	1
7.375	17.75	0.000492486506099308	0.738584018595948	-0.669914676159836	-0.0243822561371498	1
7.625	17.75	0.000492440688734526	0.785970975016832	-0.612441139176171	-0.0240535219220714	1
7.875	17.75	0.000492383649512362	0.802553335290705	-0.58713032794025	-0.023384891688057	1
8.125	17.75	0.000492318828722582	0.806640618419777	-0.585176304670865	-0.0222581078707693	1
8.375	17.75	0.000492245096962119	0.841761630059302	-0.535503142008591	-0.0224527809627144	1
8.625	17.75	0.000492162119858691	0.802588923431197	-0.59699979339181	-0.0218141621984047	1
8.875	17.75	0.000492073308628696	0.816429098733804	-0.5795105790725	-0.0229526781980256	1
9.125	17.75	0.000491978241137389	0.765447163957067	-0.645367725432253	-0.0227321754650426	1
9.375	17.75	0.000491879939759572	0.768623419972847	-0.641494531550982	-0.023557608618105	1
9.625	17.75	0.000491777378347292	0.732426171284352	-0.681556278983377	-0.0234298406820753	1
9.875	17.75	0.000491668085531995	0.736803574042073	-0.677098811758189	-0.0237222432518332	1
10.125	17.75	0.000491549549342912	0.718213924657902	-0.696341222199376	-0.023813634872749	1
10.375	17.75	0.000491417114206579	0.728800558964038	-0.685530243544389	-0.0238361793839616	1
10.625	17.75	0.000491274802948026	0.71791216781305	-0.696438127849548	-0.0241129890836648	1
10.875	17.75	0.0004911332921707	0.73757752661739	-0.675664951062856	-0.0239627370265128	1
11.125	17.75	0.000491020588265898	0.719302952049731	-0.694099531432418	-0.0243407897423833	1
11.375	17.75	0.000490977442799751	0.755772319218038	-0.654176406823194	-0.0239093664592777	1
11.625	17.75	0.000491045771848159	0.709093162556628	-0.703961048600772	-0.0243074168620601	1
11.875	17.75	0.000491217206766263	0.780983453137532	0.621298891570628	-0.0238339646794301	1
12.125	17.75	0.000491428253663189	0.741229768136282	0.66647389873817	-0.0233685637352844	1
12.375	17.75	0.000491667168818532	0.815296943020718	0.567579513056997	-0.022533733524881	1
12.625	17.75	0.000491936806075425	0.841292051796481	0.52321691176246	-0.0205881356886348	1
12.875	17.75	0.000492244162464132	0.861729872484893	0.492212745556552	-0.0187352085178125	1
13.125	17.75	0.000492589500215393	0.819835926667441	0.567768560843252	-0.017451142545917	1
13.375	17.75	0.00049297619271401	0.802217943585053	0.597380747305445	-0.0176980249478931	1
13.625	17.75	0.000493402169766392	0.746502100912169	0.66969162480257	-0.0175981776411602	1
13.875	17.75	0.00049386628262332	0.743935071708836	0.676347556812183	-0.0186064409743006	1
14.125	17.75	0.000494369369827833	0.714265726757807	0.709823661210427	-0.0195702166416306	1
14.375	17.75	0.000494912654677631	0.749156083967132	0.676816089197695	-0.0207969447772863	1
14.625	17.75	0.000495503053252819	0.738307463164047	0.689212665157325	-0.0231446755337961	1
14.875	17.75	0.000496149311531969	0.798065526808481	0.61686962664801	-0.0241906109064541	1
15.125	17.75	0.000496869150574452	0.80568564915944	0.610016903228846	-0.026604857842345	1
15.375	17.75	0.000497659993364308	0.803269947661423	0.600062071791075	-0.0283795400838797	1
15.625	17.75	0.0004985471360478	0.897103615988213	0.457761830439135	-0.0274784189731796	1
15.875	17.75	0.000499506199713201	0.71663358646285	0.695510453375833	-0.0318238102500022	1
16.125	17.75	0.000500519522244829	0.950976976526187	0.284285326279376	-0.026664893374437	1
16.375	17.75	0.000501554934586689	0.595804471127555	0.79946827641517	-0.028479789172342	1
16.625	17.75	0.000502508007006432	0.832498347156444	0.535503103616466	-0.0257837086727595	1
16.875	17.75	0.00050338645420612	0.510346976681904	-0.864075661173243	-0.0238259572195583	1
17.125	17.75	0.000504160486597129	-0.0447922819594046	-1.00044366302453	-0.0270501330590951	1
17.375	17.75	0.000504762140311205	-0.205788186109111	-0.981412714506029	-0.0230900867133322	1
17.625	17.75	0.000505256665540921	0.0790923375716778	-0.997939313816406	-0.0269813194226373	1
17.875	17.75	0.000505707932980457	0.141917881663069	-0.989031244348072	-0.0223065611675022	1
18.125	17.75	0.000506172049287393	0.116541099917455	-0.995524835496948	-0.0272967322573279	1
18.375	17.75	0.000506666968650494	0.534395318456317	-0.832489605972105	-0.02146986968017	1
18.625	17.75	0.000507135756503717	0.103488564491215	0.991987351961344	-0.0245100720605553	1
18.875	17.75	0.000507435890854069	0.75949471027572	0.670165277009825	-0.0202142385967085	1
19.125	17.75	0.000507590267210573	-0.0132651300368593	0.999270857694963	-0.0293007161532856	1
19.375	17.75	0.00050755492011289	0.978184570332375	-0.00806173228660566	-0.0195315979256871	1
19.625	17.75	0.000507493648506073	-0.95118425928427	-0.210678749725505	-0.0187323557662153	1
19.875	17.75	0.000507680175137644	0.757194162876587	-0.624814187003496	-0.0322020969172533	1
20.125	17.75	0.000508497183628109	0.2029177886136	0.977397380205047	-0.011865933825337	1
20.375	17.75	0.000510553898454269	1.01739569029996	0.174767026403152	-0.0308810878087236	1
20.625	17.75	0.000514097520029167	0.334430812741697	0.936077247693015	-0.0279803739088	1
20.875	17.75	0.000518839094142948	0.703084460598661	0.703238645232145	-0.0286529901501937	1
21.125	17.75	0.000524008793672665	0.340699624115807	0.933885857294672	-0.0260106454492947	1
21.375	17.75	0.000528584612583874	0.610796192849315	0.784108771897518	-0.0273046419241409	1
21.625	17.75	0.000532497393474344	0.961020672398006	-0.269690459939593	-0.0243588335219019	1
21.875	17.75	0.000536643993405524	0.994764156113382	-0.0722510255025916	-0.0264849221444502	1
22.125	17.75	0.000541697065384366	0.962113891545431	0.220678223534455	-0.0233053666584879	1
22.375	17.75	0.000547425163613488	0.963415914012074	0.224641898320148	-0.0203544026052056	1
22.625	17.75	0.000553473564493117	0.970792053309756	0.208541053631915	-0.0181865549713944	1
22.875	17.75	0.000559628753698012	0.978163770963957	0.185585445030208	-0.0169686536874328	1
23.125	17.75	0.000565574178722343	0.980514096785242	0.180995411067421	-0.0161211788588581	1
23.375	17.75	0.000570749452703175	0.981489487935524	0.181323998260888	-0.0156257469811165	1
23.625	17.75	0.000574399777079748	0.981882500787241	0.179190558976143	-0.0152731752927077	1
23.875	17.75	0.000575763139169724	0.982249822645213	0.1707405292908	-0.014767650941831	1
24.125	17.75	0.000574380432495443	0.982688580657867	0.155578662556572	-0.0138588551390648	1
24.375	17.75	0.00057046338577778	0.982834642869965	0.135424197966068	-0.0123454996778019	1
24.625	17.75	0.000565140512205927	0.982190677990209	0.113609763917909	-0.0100563534068605	1
24.875	17.75	0.000560300972972381	0.978454835239651	0.0968807996689544	-0.00686758147164752	1
25.125	17.75	0.000557807122236283	0.975661274205983	0.0362768459995582	-0.00181842887644568	1
25.375	17.75	0.000558175035791031	0.951878987901712	-0.249818663482936	0.00475193497526877	1
25.625	17.75	0.000560028129668637	0.930974090805293	-0.37135736151865	0.00604522316035855	1
25.875	17.75	0.000562291056492978	0.947890179946704	-0.336996429596059	0.00356438295946615	1
26.125	17.75	0.000564547069202004	0.940160539912059	-0.350320236630758	0.00282135374544245	1
26.375	17.75	0.000566514940105032	0.939782460924938	-0.351080845721746	0.00187093398120759	1
26.625	17.75	0.000568086701103769	0.941794402837301	-0.341203260282657	0.001181177006574	1
26.875	17.75	0.000569246789118565	0.945669124018589	-0.324753096874846	0.00096684231282766	1
27.125	17.75	0.000570050785286787	0.952155760060163	-0.300525147531771	0.00114230152381785	1
27.375	17.75	0.000570601462145914	0.96005235663912	-0.271624166718631	0.00157724178630868	1
27.625	17.75	0.000571014212494835	0.967995283544249	-0.241565343538818	0.00206904303285656	1
27.875	17.75	0.000571382929988237	0.974723517520704	-0.212906457672613	0.00251768445085854	1
28.125	17.75	0.000571749118732921	0.979644185676615	-0.185821028074474	0.00300404432135357	1
28.375	17.75	0.000572081446094941	0.982719804703729	-0.158748733921829	0.00376070775357603	1
28.625	17.75	0.000572273843192085	0.984188227419803	-0.1298874428283	0.00508173727654078	1
28.875	17.75	0.000572167485182758	0.984362042424211	-0.0989215739534504	0.00720961245359746	1
29.125	17.75	0.000571594018122338	0.983535358586022	-0.0684988223668634	0.0102300045853043	1
29.375	17.75	0.000570429669291318	0.982082708861688	-0.0434822713444374	0.0140609750761995	1
29.625	17.75	0.000568643127356093	0.980560220870074	-0.0283681023026653	0.0185293469629347	1
29.875	17.75	0.000566318487232598	0.979548433080137	-0.0254782810445055	0.0234139587089501	1
30.125	17.75	0.000563644994419193	0.979297797654186	-0.0343676994508024	0.0284403112942905	1
30.375	17.75	0.000560881194162541	0.979545369360646	-0.0520635483050332	0.0333168090998263	1
30.625	17.75	0.000558308526050412	0.979791413678881	-0.0745423574908798	0.0378179755410737	1
30.875	17.75	0.000556184960648936	0.979694514037113	-0.0984895877280928	0.0418223669926492	1
31.125	17.75	0.000554703333787773	0.979180118889112	-0.121630670529527	0.0452867167604148	1
31.375	17.75	0.00055396105081946	0.978391487616071	-0.142005916972164	0.0482208623638204	1
31.625	17.75	0.000553951910708842	0.977677325466359	-0.157641874302911	0.0506811884993822	1
31.875	17.75	0.000554582574973864	0.977530044434751	-0.166957540786488	0.0527472124078333	1
32.125	17.75	0.000555698133336875	0.978399903535439	-0.16911542118679	0.0544806549761458	1
32.375	17.75	0.000557096653266517	0.980457732458088	-0.164063698437213	0.0559065297688653	1
32.625	17.75	0.000558532481347109	0.983381470276627	-0.152947975456147	0.0570349463783874	1
32.875	17.75	0.00055973423301752	0.986350826549917	-0.138585676399267	0.0579026955390452	1
33.125	17.75	0.000560472069795442	0.988427408423561	-0.124425026503576	0.0586163701330494	1
33.375	17.75	0.000560690106683906	0.989206927836481	-0.11141130374015	0.0593821566256388	1
33.625	17.75	0.00056066725926042	0.989479805356712	-0.0938401845569991	0.0604550161443249	1
33.875	17.75	0.000561078445071915	0.990788923228596	-0.0575464052421048	0.0619601757997425	1
34.125	17.75	0.000562738057041354	0.99125734447129	0.0149965855490978	0.0637529223592801	1
34.375	17.75	0.000565864248667266	0.983458672759534	0.0374301392150639	0.0658478177971484	1
34.625	17.75	0.000569106078263489	0.926326160580509	-0.270490017073747	0.0712861208809173	1
34.875	17.75	0.000569805906983587	0.880522916058778	-0.37343687294386	0.0815375438520427	1
35.125	17.75	0.000566927737103096	0.955647918915944	-0.131185685001047	0.0906418681746969	1
35.375	17.75	0.000561465237738432	0.968779670783024	-0.0558984097653932	0.0978134148855088	1
35.625	17.75	0.000554671931665509	0.963549629095527	-0.0670513382163641	0.104536655843725	1
35.875	17.75	0.000547666363623203	0.952038293346279	-0.0844883639946539	0.113876993906567	1
36.125	17.75	0.000541425648364636	0.938135616557791	-0.112522363054744	0.125385989815747	1
36.375	17.75	0.00053688038700287	0.916101359498799	-0.164560693918895	0.139793275982114	1
36.625	17.75	0.000535290261445156	0.893522270059772	-0.162014850369894	0.157999453517943	1
36.875	17.75	0.000537915919787116	0.906172617777467	-0.129997085716003	0.184028906691095	1
37.125	17.75	0.000544319721911461	0.818503781000941	-0.417399795744907	0.198758715202387	1
37.375	17.75	0.000550488285839504	0.968786756168919	-0.145410246143594	0.227636841369851	1
0.125	18.25	0.000490422094051745	0.691971603778816	-0.722074335471933	-0.0306322959662671	1
0.375	18.25	0.00049045117736197	0.749691970494648	-0.667640889673903	-0.030824418371663	1
0.625	18.25	0.000490492053084295	0.762303144067528	-0.646890668457148	-0.0323045739397601	1
0.875	18.25	0.000490536408158999	0.691364238602148	-0.716151609732571	-0.0310203367316013	1
1.125	18.25	0.000490593807896966	0.861843455765363	-0.494800637717263	-0.0305615563949793	1
1.375	18.25	0.000490644319425802	0.712027430657836	-0.691877006332816	-0.0288830466310623	1
1.625	18.25	0.000490698351293788	0.872509895325455	-0.452035432810297	-0.0276768143551201	1
1.875	18.25	0.000490726542022384	0.801625879100155	-0.564648005964278	-0.0214545980612907	1
2.125	18.25	0.000490756999979793	0.931004163466279	-0.334888516112368	-0.0185458858012984	1
2.375	18.25	0.000490793647204344	0.77118264867278	0.637642634571212	-0.0169689517814176	1
2.625	18.25	0.000490817361290183	0.969639208454719	-0.233521107542377	-0.0177525412623131	1
2.875	18.25	0.000490867742302951	0.560281612963428	0.832766797120308	-0.01600031374215	1
3.125	18.25	0.000490920554127486	0.998086656212187	-0.170424695129294	-0.0177350222189376	1
3.375	18.25	0.000491015156528108	0.878086438959535	-0.483273318841283	-0.0224737126373751	1
3.625	18.25	0.000491078093768272	0.89872840726719	0.427110131450604	-0.0190053315883245	1
3.875	18.25	0.000491128189536913	0.989082259475833	-0.115947973445344	-0.0200855020836866	1
4.125	18.25	0.000491173951266058	0.755739114481482	0.659671805407487	-0.0171188012829111	1
4.375	18.25	0.000491230767669448	0.931998374489623	0.377001133990259	-0.0213324070595792	1
4.625	18.25	0.000491284290000773	0.70164622698433	0.718303289902574	-0.0198977194870375	1
4.875	18.25	0.000491352896537358	0.826752353231935	0.576946125169911	-0.0227253284280489	1
5.125	18.25	0.00049143518717109	0.671328126040921	0.748931548887032	-0.0236143085898001	1
5.375	18.25	0.000491540118346232	0.723141548749395	0.70243374361596	-0.0246947688352794	1
5.625	18.25	0.000491672294356473	0.636464125831074	0.779881637052705	-0.026796285663298	1
5.875	18.25	0.00049182820222821	0.644569547571442	0.772746717736308	-0.0269531649965915	1
6.125	18.25	0.00049199572636084	0.608273997820761	0.800470660186809	-0.0288574531309098	1
6.375	18.25	0.000492151931548534	0.595082092692712	0.808031350855448	-0.0286832086031746	1
6.625	18.25	0.000492262391901884	0.605370461023953	0.799982935264951	-0.0297569064823218	1
6.875	18.25	0.00049229633402426	0.562713603856544	0.827746953607593	-0.0296509772524309	1
7.125	18.25	0.000492267454541661	0.63969645647243	-0.764471975715068	-0.029651801316008	1
7.375	18.25	0.00049222325460952	0.63428295334586	-0.76730387778611	-0.0286945985461017	1
7.625	18.25	0.000492160247324698	0.655670044068006	-0.748782743407809	-0.028061638251154	1
7.875	18.25	0.000492092044244674	0.712156242092461	-0.692609509167783	-0.0271064087486162	1
8.125	18.25	0.000492018808159158	0.714579946212569	-0.689686761302437	-0.025731772984657	1
8.375	18.25	0.000491943958681832	0.79677675643711	-0.591584737702264	-0.0247940408465144	1
8.625	18.25	0.000491862102468221	0.78487679720084	-0.6108167616392	-0.0230072666452982	1
8.875	18.25	0.000491777287165943	0.837485726476863	-0.540463589468288	-0.0230685922433532	1
9.125	18.25	0.000491684093907553	0.804273891238355	-0.591755767114937	-0.0222181367006499	1
9.375	18.25	0.000491585654279347	0.815069354212114	-0.579580899080229	-0.0229020593165339	1
9.625	18.25	0.000491481298309502	0.778099878957746	-0.627691952854565	-0.0228016584992927	1
9.875	18.25	0.000491369925945384	0.771948287235472	-0.636034028972862	-0.0230769001151561	1
10.125	18.25	0.000491248486679117	0.744779424755085	-0.667033441303102	-0.023230436113666	1
10.375	18.25	0.000491113805422882	0.745536829028182	-0.666982987008789	-0.023154699609978	1
10.625	18.25	0.000490966986423776	0.724359705832676	-0.689924599701923	-0.0235645612380546	1
10.875	18.25	0.000490818830506116	0.744706867319835	-0.668571012163479	-0.0233666793209297	1
11.125	18.25	0.00049069336916495	0.713524458920826	-0.701392771719803	-0.0240190385737776	1
11.375	18.25	0.000490627379894709	0.76875905781504	-0.640991782307415	-0.0236802438905203	1
11.625	18.25	0.000490662321898574	0.688331640063105	-0.724190741355946	-0.0244869612623969	1
11.875	18.25	0.000490785144408507	0.82472800616039	0.556315649903358	-0.0236954196485128	1
12.125	18.25	0.000490947675460741	0.785626744683387	0.605304806031628	-0.0221339559840753	1
12.375	18.25	0.000491149511815379	0.888621784943022	0.436408488960223	-0.0204446951766699	1
12.625	18.25	0.000491390761175667	0.84383599475446	0.525392307106909	-0.0178827757143085	1
12.875	18.25	0.000491667450116013	0.842887738581889	0.540051027878699	-0.0180347619345311	1
13.125	18.25	0.000491981486007106	0.813150479221237	0.590512979965307	-0.0184316217980131	1
13.375	18.25	0.00049233384173813	0.819020216741505	0.587655337366653	-0.0200238907884278	1
13.625	18.25	0.000492724523515416	0.819197906514067	0.590746433299832	-0.0217086152175879	1
13.875	18.25	0.000493156406230683	0.839316334770292	0.56200329446596	-0.0240395287978677	1
14.125	18.25	0.000493634709454677	0.843334441173848	0.552264971189135	-0.0259693575524125	1
14.375	18.25	0.000494164710786571	0.854463559988667	0.530718342358799	-0.0274642130535321	1
14.625	18.25	0.000494759068482472	0.813106498964165	0.580433758867029	-0.0286220333015418	1
14.875	18.25	0.000495431970428712	0.829825248252552	0.554590674008728	-0.0270977811167964	1
15.125	18.25	0.000496205666669913	0.67928715737111	0.724946866742277	-0.0281265335907362	1
15.375	18.25	0.000497082099697044	0.737968137289619	0.661458969175894	-0.0249501484071466	1
15.625	18.25	0.000498089766450858	0.504215861071276	0.856059752395066	-0.0250147954368638	1
15.875	18.25	0.000499168172542738	0.527949037849151	0.836178918645121	-0.0239120820195335	1
16.125	18.25	0.000500305931109671	0.401928105958496	0.909639343564145	-0.0218161652641407	1
16.375	18.25	0.000501387358436536	0.201530408685847	0.975387634117627	-0.0238698468604635	1
16.625	18.25	0.000502331373251359	0.398087587734573	0.911826234518383	-0.0210558122262671	1
16.875	18.25	0.000503072026108477	0.0357677850760532	1.00333717790211	-0.023663274562156	1
17.125	18.25	0.000503626388694048	0.378759270633983	0.911653653716306	-0.0213864247403242	1
17.375	18.25	0.000503986519999689	-0.221461357538448	-0.968319352938182	-0.0227593761277827	1
17.625	18.25	0.000504263105537914	-0.0589020851092023	-0.997051974421209	-0.0209597802516505	1
17.875	18.25	0.000504528979707632	-0.619503121056123	-0.780618702464567	-0.0238275591707886	1
18.125	18.25	0.000504792911875793	-0.218386364671201	-0.974112471945264	-0.0207165386056502	1
18.375	18.25	0.000505142976313586	-0.947067572424451	-0.316632321781665	-0.0243206334750558	1
18.625	18.25	0.000505462965041924	-0.243055840026143	-0.963856521856163	-0.0207089820963907	1
18.875	18.25	0.000505747065527097	-0.290742699611753	-0.952029642209024	-0.0245906060920802	1
19.125	18.25	0.000506039458198156	0.494606085469424	-0.864569911132467	-0.0209294144155449	1
19.375	18.25	0.000506428167175299	0.588524080263364	0.812975985704654	-0.0226040404258857	1
19.625	18.25	0.000506828661536093	0.827149142065607	0.586929438980602	-0.0227127500822234	1
19.875	18.25	0.0005074382288238	0.309423876644799	-0.958720879869191	-0.028059529538147	1
20.125	18.25	0.000508505629025856	0.450625631802386	-0.871596495182652	-0.024483525170974	1
20.375	18.25	0.000510092337019938	0.372320581289279	0.919505480743734	-0.0245070357637907	1
20.625	18.25	0.000512014117121344	0.0746504882875702	0.996049948726225	-0.023615967715091	1
20.875	18.25	0.000514029073110559	0.495937587453635	0.861442159859281	-0.0249472682767769	1
21.125	18.25	0.000515915973223991	0.662569094906261	0.742889691512947	-0.0230324314414152	1
21.375	18.25	0.00051741884868255	0.969976074346387	-0.270414867927149	-0.0238803795114919	1
21.625	18.25	0.000518888790485696	0.994835884909574	-0.129992235612849	-0.0267887626595756	1
21.875	18.25	0.00052099835905267	0.994368766278049	-0.000736505026597978	-0.0259283849379812	1
22.125	18.25	0.000523937715294341	0.984487623097337	0.0963020732203199	-0.0242316801713509	1
22.375	18.25	0.000527523295638421	0.965681178119731	0.216220734641837	-0.020756826433848	1
22.625	18.25	0.000531617470255685	0.979483697281294	0.169729395562868	-0.0191806696419353	1
22.875	18.25	0.000536208263488486	0.982518696568619	0.160510577142341	-0.0179663867697603	1
23.125	18.25	0.000541219953098768	0.983678529819229	0.160553778984332	-0.0171152754586285	1
23.375	18.25	0.000546427375639718	0.984342641275913	0.159453640527631	-0.0164592715286295	1
23.625	18.25	0.000551447942594526	0.985095941422752	0.153734618292167	-0.0158405017256325	1
23.875	18.25	0.000555806677498088	0.985797655132663	0.144145324615715	-0.0151123420522174	1
24.125	18.25	0.000559069447678942	0.986105602621155	0.132192164100047	-0.0141321355688709	1
24.375	18.25	0.000561010833744213	0.985527242232202	0.119433196953125	-0.012731003590218	1
24.625	18.25	0.000561738529626639	0.983394717849684	0.106739435753659	-0.0106521734577232	1
24.875	18.25	0.000561671126282111	0.978447497297993	0.0923997599217561	-0.00745670115150648	1
25.125	18.25	0.000561317025501498	0.974857697821382	0.0373245243216037	-0.00218816688467057	1
25.375	18.25	0.000560969977379316	0.947484818111813	-0.257944252748564	0.00455825440266624	1
25.625	18.25	0.000560673484527595	0.919345975036614	-0.394222130310105	0.00673424141040335	1
25.875	18.25	0.000560402153019914	0.943060693529582	-0.347473081369377	0.00440671265309499	1
26.125	18.25	0.000560064691501338	0.935433631481357	-0.360793926407854	0.00398942433001432	1
26.375	18.25	0.000559591056190365	0.935245445621171	-0.363707611235721	0.00309803859641008	1
26.625	18.25	0.000559015174604884	0.936926188391322	-0.356874124852563	0.00227003228407947	1
26.875	18.25	0.000558407384901577	0.939707060274421	-0.345179843006518	0.00181699935384939	1
27.125	18.25	0.000557869818665323	0.945200404750286	-0.325357739303326	0.00171201144924244	1
27.375	18.25	0.000557513594082782	0.952604038756888	-0.299301693955638	0.00193586586439768	1
27.625	18.25	0.000557435701844871	0.960976287774806	-0.269410735708119	0.00233275003232125	1
27.875	18.25	0.00055770666982006	0.96888209121506	-0.238606510656222	0.00276916027547666	1
28.125	18.25	0.000558363827533795	0.975235305812405	-0.208254137257358	0.00325840643317146	1
28.375	18.25	0.000559405602717178	0.979641630594285	-0.177698571394633	0.00400342305927352	1
28.625	18.25	0.000560784259803222	0.982196128875713	-0.146390302040471	0.00528535664449366	1
28.875	18.25	0.000562402996362234	0.983069272554816	-0.116288408311427	0.00730278395260377	1
29.125	18.25	0.000564128794697037	0.982497595930507	-0.0912456956576076	0.0101311463612919	1
29.375	18.25	0.000565823945062169	0.980976934848197	-0.0751662079891225	0.0137500231283738	1
29.625	18.25	0.00056738459821061	0.979195592180081	-0.0707885628128119	0.0180302029292086	1
29.875	18.25	0.000568770130947816	0.977699902856966	-0.0781001228433152	0.0227177674407245	1
30.125	18.25	0.000570011408399332	0.976644436666616	-0.093527675387451	0.0274789434186748	1
30.375	18.25	0.000571195723337762	0.975905502862806	-0.111999754501503	0.0320177339592642	1
30.625	18.25	0.000572437096711405	0.975295617402626	-0.130324353450691	0.0361642256225923	1
30.875	18.25	0.000573845647044745	0.974626894285313	-0.14803370763648	0.0398507787196693	1
31.125	18.25	0.000575504761526668	0.973702207320867	-0.165743572653758	0.0430477746785306	1
31.375	18.25	0.000577456721528943	0.972347374940404	-0.183624790174049	0.0457495447463367	1
31.625	18.25	0.000579694929587861	0.970518283453302	-0.20110718670269	0.0479899920149783	1
31.875	18.25	0.00058216145558092	0.968324832075208	-0.217560011998713	0.0498336880869779	1
32.125	18.25	0.000584747435070437	0.965869021256129	-0.233080010964994	0.0513417183732608	1
32.375	18.25	0.00058729409139378	0.963132747392682	-0.248271461917252	0.0525486547262323	1
32.625	18.25	0.000589598040103481	0.960119501903512	-0.263065442227625	0.0534764121855251	1
32.875	18.25	0.000591431952197211	0.956994124458003	-0.276230948995913	0.0541771098536316	1
33.125	18.25	0.000592591599308552	0.953883140363108	-0.286468362324459	0.054771396484275	1
33.375	18.25	0.000592966726841842	0.950498561128567	-0.293670581945406	0.0554623434865478	1
33.625	18.25	0.000592605822437679	0.946635743362154	-0.297306194210916	0.0565591274725754	1
33.875	18.25	0.000591713257720323	0.945080279131898	-0.292422315208442	0.0584776901818709	1
34.125	18.25	0.000590488230756671	0.947949661283818	-0.281542729261323	0.0609535572684392	1
34.375	18.25	0.000588772858183902	0.962689799660333	-0.234071025142613	0.0630131626354016	1
34.625	18.25	0.000585787847128476	0.964630334997071	-0.192312334845837	0.0646710723012494	1
34.875	18.25	0.000580612873800401	0.878748369249985	-0.394759315834861	0.0700643303525622	1
35.125	18.25	0.000573344265692483	0.860816338092007	-0.406047499478712	0.0800683520554689	1
35.375	18.25	0.000564876325067107	0.934567054395518	-0.199351150028588	0.090937415535053	1
35.625	18.25	0.000555927151842254	0.960841671405667	-0.0720464570711184	0.100209271641833	1
35.875	18.25	0.000546726264126926	0.962283153352806	-0.0610684238104668	0.108098045435359	1
36.125	18.25	0.000537430528304263	0.949240024920214	-0.0942315343594015	0.117087605106132	1
36.375	18.25	0.000528434269097526	0.928962550109379	-0.077229691424027	0.129861886114796	1
36.625	18.25	0.000520622667579751	0.900837199932061	-0.108055737250589	0.149782362443953	1
36.875	18.25	0.000515471247934796	0.897799666587314	-0.141095730594702	0.174805632658341	1
37.125	18.25	0.000513936791940364	0.832205772988933	-0.334360153717606	0.193965611638747	1
37.375	18.25	0.000516010200022634	0.955809938920365	-0.117411476456012	0.227938512393495	1
0.125	18.75	0.000490406363769745	0.966848639181878	-0.229392244008109	-0.034852488018455	1
0.375	18.75	0.000490423402446933	0.660715549475364	-0.743111012014584	-0.0322150625117966	1
0.625	18.75	0.000490459473238251	0.967122120610612	-0.242525600316041	-0.0329130608751131	1
0.875	18.75	0.0004904999734333	0.689885266636401	-0.719205232356357	-0.0312641397028499	1
1.125	18.75	0.000490552641512562	0.875878274830451	-0.464992015150395	-0.0318517960813192	1
1.375	18.75	0.000490604859431263	0.777775575214051	-0.626789657388035	-0.0278426056263792	1
1.625	18.75	0.00049066096997203	0.716133780399727	-0.702352418532421	-0.0322494362795975	1
1.875	18.75	0.000490708851883768	0.433596550500565	-0.892507220999888	-0.0300374538095536	1
2.125	18.75	0.000490758351969048	0.698268211494415	-0.71293634374151	-0.0309078267879369	1
2.375	18.75	0.000490808694088694	0.250400128058655	-0.961910483732032	-0.0306094954951855	1
2.625	18.75	0.000490846259117646	0.784726645493923	-0.6217302310243	-0.0302000852194532	1
2.875	18.75	0.000490907164540768	0.162249564905059	-0.983067214006845	-0.0320807437355716	1
3.125	18.75	0.000490938498554185	0.987965616904323	0.0715940936493448	-0.0301171179099916	1
3.375	18.75	0.000490994490311157	0.199282378240968	0.975591780588961	-0.0276440089885913	1
3.625	18.75	0.000491048509252775	0.798876861017087	0.603783885054197	-0.0298767645380566	1
3.875	18.75	0.000491101725500811	0.437053093027042	0.896316632931589	-0.0281999227021614	1
4.125	18.75	0.000491154140661592	0.520101895679568	0.857451182285981	-0.029389643675573	1
4.375	18.75	0.000491207218217443	0.592609439032167	0.803392512235852	-0.0286534835457068	1
4.625	18.75	0.000491256690689757	0.472990915337546	0.882388702180786	-0.029067282109227	1
4.875	18.75	0.00049131894812337	0.681566379384182	0.730147496504421	-0.0286597083547645	1
5.125	18.75	0.000491388469328403	0.499534214641005	0.86530849198304	-0.0290303458071877	1
5.375	18.75	0.000491478705861485	0.724284940194598	0.686360313137222	-0.0282282253877028	1
5.625	18.75	0.000491591183889087	0.559558915689062	0.826007423336316	-0.0286376051815265	1
5.875	18.75	0.000491721000215597	0.743149790729679	0.663722076234908	-0.0275443055520891	1
6.125	18.75	0.000491862682089784	0.6270243448826	0.775369789497704	-0.0275692637090562	1
6.375	18.75	0.000491987245108112	0.749758251306253	0.657049172795655	-0.0268022708287726	1
6.625	18.75	0.00049207000385715	0.680630317678679	0.729929935642845	-0.0266403860725708	1
6.875	18.75	0.000492076636930155	0.75604842533412	0.653482795967832	-0.0263896558214622	1
7.125	18.75	0.000492033245528311	0.711026059892579	-0.703387500630011	-0.0265854802108128	1
7.375	18.75	0.000491984840202562	0.725948782000855	-0.687947222920767	-0.0270125107136748	1
7.625	18.75	0.000491917181913255	0.663789865329731	-0.748359135110149	-0.0269430306905976	1
7.875	18.75	0.000491840532487182	0.721651108721206	-0.690403040186194	-0.0273502017585669	1
8.125	18.75	0.000491756260629342	0.654296456915533	-0.754444396988539	-0.0266108362944803	1
8.375	18.75	0.000491670279814053	0.746837623113283	-0.659129861990175	-0.0269375010681406	1
8.625	18.75	0.000491579605056608	0.705965640260307	-0.701959205493684	-0.0252793892589886	1
8.875	18.75	0.000491489181238073	0.791920977326855	-0.602987078864845	-0.0253765637244336	1
9.125	18.75	0.000491395456164086	0.775647627629227	-0.62422169783517	-0.0237843356529286	1
9.375	18.75	0.000491297015139155	0.812507384869517	-0.579413582977016	-0.0239064689209022	1
9.625	18.75	0.000491192893471661	0.794034481547458	-0.604826053739542	-0.023413695646431	1
9.875	18.75	0.000491080505493165	0.790077247608429	-0.611763521639115	-0.0234913333959875	1
10.125	18.75	0.000490957728823988	0.765020138935403	-0.642097373670733	-0.0234712025017279	1
10.375	18.75	0.00049082100190166	0.755396951835524	-0.653976694627403	-0.0232430990581104	1
10.625	18.75	0.000490671838927214	0.727316094487613	-0.68484688053469	-0.0233180936696843	1
10.875	18.75	0.000490515611585785	0.744330926708903	-0.668353709618335	-0.0229998885531247	1
11.125	18.75	0.000490377155033704	0.687314549777408	-0.72500747033895	-0.0234804600843349	1
11.375	18.75	0.000490284119715884	0.786279274375206	-0.623007687241465	-0.0227656284028554	1
11.625	18.75	0.000490281607593906	0.59490122674714	-0.80063568537291	-0.0247458031909095	1
11.875	18.75	0.000490357294994083	0.889966954831924	0.427954560077255	-0.0221661912810865	1
12.125	18.75	0.00049048620499621	0.83175719664021	0.536638628811411	-0.0189685644105287	1
12.375	18.75	0.000490665280921876	0.879051524682175	0.47130459198874	-0.0182468257316125	1
12.625	18.75	0.000490882307685232	0.814330496174342	0.587104489482555	-0.0178989538153004	1
12.875	18.75	0.000491136910770395	0.833890354906538	0.566020468868189	-0.0198134799292507	1
13.125	18.75	0.000491430092292842	0.80483891937995	0.607585650070154	-0.021104786683732	1
13.375	18.75	0.000491765971550914	0.814378855754778	0.593464509916724	-0.0230798499020434	1
13.625	18.75	0.000492146167846622	0.782664778419193	0.629842448329702	-0.0242402766900603	1
13.875	18.75	0.000492579068501913	0.763271528980967	0.647173616079445	-0.0248342650467376	1
14.125	18.75	0.000493069421256452	0.707501657434953	0.704099885894937	-0.0246487364436066	1
14.375	18.75	0.000493626261851182	0.64642765622806	0.756614204946695	-0.0242505212659044	1
14.625	18.75	0.000494262271482685	0.59091696171925	0.800872937003367	-0.023206871103874	1
14.875	18.75	0.000494983593294974	0.510579458942833	0.854982942170037	-0.0231099293965222	1
15.125	18.75	0.000495803378320512	0.485689644586168	0.869958951679877	-0.0222367059474813	1
15.375	18.75	0.000496714727235753	0.442548341861006	0.895275342625507	-0.0225868442232852	1
15.625	18.75	0.000497718016766997	0.445345475128459	0.895339168925462	-0.0218986174299916	1
15.875	18.75	0.000498759355800895	0.451547452637098	0.893136888327225	-0.0230894432311099	1
16.125	18.75	0.000499812256559989	0.506050837269621	0.867083157707375	-0.0215282065183129	1
16.375	18.75	0.000500759112192726	0.504387918064183	0.867460904242935	-0.025032314201309	1
16.625	18.75	0.000501542317337803	0.644415494281103	0.772490737937504	-0.021165923691235	1
16.875	18.75	0.000502110461917667	0.631117096850649	-0.755727512824611	-0.028201851248554	1
17.125	18.75	0.000502481407064411	0.841231153293972	-0.539004862226559	-0.0149149008677047	1
17.375	18.75	0.000502772982956856	1.02210174273327	-0.0709400154881733	-0.0293243161568382	1
17.625	18.75	0.000502927734267908	0.938281064231317	-0.320549783318039	-0.0275853652985925	1
17.875	18.75	0.000503020229306361	0.815921238726026	-0.578867924904762	-0.0258418893638648	1
18.125	18.75	0.000503077017626367	0.862081468566029	-0.497462296637022	-0.028374117685556	1
18.375	18.75	0.000503145599132815	0.747998126682839	-0.666520306384825	-0.024340711877095	1
18.625	18.75	0.000503210172259795	0.871146981093166	-0.48730091254885	-0.0298985653731552	1
18.875	18.75	0.00050335711044466	0.731342014056501	-0.683509552491132	-0.0242072011972657	1
19.125	18.75	0.000503680746580747	0.402966799391177	-0.905556817914978	-0.0313866131136012	1
19.375	18.75	0.000504249094910705	0.781874630426679	-0.608268273910599	-0.0223373622149075	1
19.625	18.75	0.000504977596986969	0.971527918448551	0.255655423076577	-0.0284330889330302	1
19.875	18.75	0.000505820230190335	0.974941736807514	0.217574913163881	-0.0247505667416248	1
20.125	18.75	0.00050692496635929	0.570400708281979	0.814566698464871	-0.0284432376077637	1
20.375	18.75	0.000508112133646279	0.365578401445849	0.923722759248254	-0.0236073992898839	1
20.625	18.75	0.000509187414169682	0.777431190778018	0.627655116334805	-0.0272011967948464	1
20.875	18.75	0.000510102967193907	0.892253638849721	-0.427315500091636	-0.0232145741980567	1
21.125	18.75	0.000510898393518175	1.00470658151782	-0.0426864571579193	-0.0224884920696368	1
21.375	18.75	0.000511493925847147	1.00311902760677	0.0832076938628144	-0.026384831676523	1
21.625	18.75	0.000512119822587368	0.962731509806893	-0.269468036209603	-0.0259379533946755	1
21.875	18.75	0.000513118971127911	0.990603212484812	-0.0720037909264059	-0.026488975923402	1
22.125	18.75	0.000514577103515356	0.937731227992497	0.305823271978781	-0.0227549687829465	1
22.375	18.75	0.000516405653107271	0.966533636387093	0.219754967499652	-0.0199405826438672	1
22.625	18.75	0.000518601107831506	0.977098965896561	0.18818377397081	-0.0185035215621135	1
22.875	18.75	0.000521217581099115	0.980097591775985	0.182315655561819	-0.0175924558370921	1
23.125	18.75	0.000524280962258709	0.981352103600668	0.181904543004196	-0.0170514466885629	1
23.375	18.75	0.00052774894500504	0.981892839342277	0.181050980314742	-0.016701367276371	1
23.625	18.75	0.000531495162398586	0.982245567384149	0.176525168256216	-0.0163424460595813	1
23.875	18.75	0.000535322357002537	0.9826163329815	0.167224653457404	-0.0157663457388613	1
24.125	18.75	0.000538998224323454	0.982897007160849	0.153984094721535	-0.0148048605967921	1
24.375	18.75	0.00054229687881476	0.982660015848457	0.13916247857621	-0.0133207494670883	1
24.625	18.75	0.000545019558727275	0.981355612271841	0.125967809805017	-0.0111665734459994	1
24.875	18.75	0.000546981019187949	0.977902944727359	0.119563605120568	-0.00815737767068732	1
25.125	18.75	0.000548000854861982	0.96971000520086	0.11486663275186	-0.00386354002464067	1
25.375	18.75	0.000548033653423022	0.962845764440963	-0.165635134895595	0.00356164827646542	1
25.625	18.75	0.000547446680631611	0.919065404821839	-0.387153367317738	0.00742632131076095	1
25.875	18.75	0.00054660110283499	0.947489436231932	-0.334518113571904	0.00499331861260913	1
26.125	18.75	0.00054554295117291	0.939665167873317	-0.347912608694327	0.0047757063022233	1
26.375	18.75	0.000544294837690292	0.938684936551277	-0.35486964883957	0.00398771179693631	1
26.625	18.75	0.000542988899916636	0.939938996084212	-0.350744265793056	0.00306339721480641	1
26.875	18.75	0.000541786427740692	0.941468978059038	-0.34340152019503	0.00242383087186874	1
27.125	18.75	0.000540864582707008	0.945595326188425	-0.327866910667203	0.0020517190466465	1
27.375	18.75	0.000540378820940928	0.951690252016204	-0.305374939711397	0.00202608879288399	1
27.625	18.75	0.000540431418052824	0.959420721617333	-0.276797081588634	0.00226690199036871	1
27.875	18.75	0.000541064310315334	0.967697887027224	-0.244182707882611	0.00265823806846732	1
28.125	18.75	0.000542269460673695	0.975305824125599	-0.20965083417368	0.00313093212304816	1
28.375	18.75	0.000544006074826045	0.981127480065235	-0.174951417575065	0.00373481486980731	1
28.625	18.75	0.000546214747219576	0.984442791475891	-0.140223340233349	0.00470270858186261	1
28.875	18.75	0.000548824963917331	0.985273853225616	-0.104114638592524	0.00643070186622962	1
29.125	18.75	0.000551754549322492	0.984221669875808	-0.068455802638628	0.00920875812587837	1
29.375	18.75	0.000554911076608559	0.982277490505204	-0.0394496822136088	0.0130061092536729	1
29.625	18.75	0.000558205746530962	0.9806091274914	-0.0227030617827284	0.0175452338909562	1
29.875	18.75	0.000561571925164023	0.979953128638621	-0.0198609080802068	0.0224469419573502	1
30.125	18.75	0.000564972387723354	0.980206485588018	-0.0286832270853102	0.0273499266179436	1
30.375	18.75	0.000568388123098756	0.980760788329095	-0.0451153351077109	0.0320096473771024	1
30.625	18.75	0.0005717968590882	0.981168931190917	-0.0653822929598676	0.0363063200157652	1
30.875	18.75	0.000575157274976712	0.981372669582215	-0.0866861413604899	0.0401649657166985	1
31.125	18.75	0.000578406354911773	0.981474446691161	-0.10683408187077	0.0435102163550318	1
31.375	18.75	0.000581464424435007	0.981538221116103	-0.123995008970404	0.046302273247179	1
31.625	18.75	0.000584238626694832	0.981642044906563	-0.136686309970486	0.0485793819225536	1
31.875	18.75	0.000586620715276305	0.982028144711614	-0.143609799818912	0.0504418778334413	1
32.125	18.75	0.000588481882729621	0.983080034170891	-0.143615391622311	0.0519945592020707	1
32.375	18.75	0.000589671289503538	0.985040415433582	-0.13632978494859	0.0533016933055831	1
32.625	18.75	0.000590026241183882	0.987719626380507	-0.123191871046586	0.0543784352997819	1
32.875	18.75	0.000589399887559765	0.990548721279552	-0.107523898505416	0.0552084797767786	1
33.125	18.75	0.000587702766948204	0.992920485717505	-0.0925747581466375	0.0557842400077891	1
33.375	18.75	0.000584934913748103	0.994378520945771	-0.0789692259994543	0.0561737310470966	1
33.625	18.75	0.000581162559705001	0.994638456591258	-0.064429886999321	0.0565858012678766	1
33.875	18.75	0.000576387601214191	0.993170131129026	-0.0468183238893333	0.05733473437615	1
34.125	18.75	0.000570311116320953	0.98987165497572	-0.0196440513813015	0.0589433073504561	1
34.375	18.75	0.000562175049503683	0.988628972941866	-0.00775538228963435	0.0618078498308685	1
34.625	18.75	0.000550975357832047	0.99081225724666	-0.0751370326940766	0.0641028738502198	1
34.875	18.75	0.000536289236058547	0.977573612740683	-0.134478406178588	0.0643044852193507	1
35.125	18.75	0.000519325669841259	0.931705021169223	-0.246534712938342	0.0696983490285953	1
35.375	18.75	0.000502381252559341	0.910990053438777	-0.272926813145745	0.0804441814435642	1
35.625	18.75	0.00048699017632632	0.944082678633897	-0.141768830187282	0.0917297146079536	1
35.875	18.75	0.000473206987561999	0.958177589228797	-0.0657655952278612	0.10143961457123	1
36.125	18.75	0.000460460254693425	0.953773304201331	-0.0472363718617533	0.110533368516404	1
36.375	18.75	0.000448207261347972	0.936702094147802	-0.0400241007394777	0.123216182629536	1
36.625	18.75	0.000436289795080718	0.912172519615029	-0.0667728348935445	0.141095734955209	1
36.875	18.75	0.000425944756297429	0.895732474926962	-0.125080209085878	0.165018515320255	1
37.125	18.75	0.000419415681010854	0.845117801023089	-0.227238827627848	0.187934568699013	1
37.375	18.75	0.00041817405894347	0.941574943393869	-0.0994519153671196	0.227548961274018	1
0.125	19.25	0.000490361149265789	0.68356046592883	-0.73214670458304	-0.033519042406737	1
0.375	19.25	0.000490389905431328	0.700554937999822	-0.715691766443169	-0.0343233604774966	1
0.625	19.25	0.000490430173159601	0.740724269572673	-0.667421876767687	-0.0345591712987057	1
0.875	19.25	0.000490483510927428	0.807909491853641	-0.586566430712883	-0.0330105062058047	1
1.125	19.25	0.000490551390736919	0.794590830566655	-0.598155625359958	-0.0343542112249513	1
1.375	19.25	0.000490604767213906	0.848333490040787	-0.498528329989632	-0.0304917963155496	1
1.625	19.25	0.000490646970743764	0.924402049799982	0.368558674161902	-0.0265610678205536	1
1.875	19.25	0.000490664275026281	0.82424601314107	-0.548814035367331	-0.028081291815531	1
2.125	19.25	0.000490678433578859	0.978629657994101	0.136924675481745	-0.021235992790458	1
2.375	19.25	0.000490692475303849	0.825900330416202	0.553976750030408	-0.0222846895267234	1
2.625	19.25	0.000490703539305781	0.993102602502161	0.00600291123893757	-0.0182903535461512	1
2.875	19.25	0.000490730934021512	0.812576998466473	0.572815846785011	-0.0190889976955958	1
3.125	19.25	0.000490762057616214	0.990386703948011	-0.128064023155225	-0.0159276603047986	1
3.375	19.25	0.000490848130696679	1.00328453902094	-0.103649464246832	-0.018707046220587	1
3.625	19.25	0.000490939704570837	0.99351411144027	0.096559736877847	-0.020507739377939	1
3.875	19.25	0.000491013021093344	0.882029269661819	0.468760341981514	-0.0179639821412727	1
4.125	19.25	0.000491081786749443	0.890524087403517	0.465583525603923	-0.0202845581034667	1
4.375	19.25	0.00049114344656406	0.861041414395471	0.512070548236598	-0.0202964341140444	1
4.625	19.25	0.000491202998079604	0.789040535878648	0.620690310829508	-0.0215767186792678	1
4.875	19.25	0.000491265818402081	0.834504068452132	0.556700003008901	-0.0219217349617378	1
5.125	19.25	0.00049133600633993	0.69606003863069	0.723142866559338	-0.023503607775	1
5.375	19.25	0.000491417914150659	0.810121403397381	0.592016879552786	-0.0231624298183833	1
5.625	19.25	0.000491520405187875	0.630275628636997	0.782691942808453	-0.0254024867923701	1
5.875	19.25	0.000491631250760501	0.780517074623499	0.630509012924051	-0.0246606010063231	1
6.125	19.25	0.000491753093166659	0.612962400348621	0.798665214545177	-0.026999478433603	1
6.375	19.25	0.000491849907970905	0.734352381051214	0.684626156723323	-0.026839377905662	1
6.625	19.25	0.000491909074684793	0.643212831210629	0.775107736621846	-0.0284720417000764	1
6.875	19.25	0.000491894668062101	0.677720120857621	0.741299589328236	-0.0294446737823502	1
7.125	19.25	0.000491837952468898	0.677140520201887	-0.729234315280755	-0.0297072970713678	1
7.375	19.25	0.000491781287902679	0.72712568132125	-0.676761220385422	-0.0283670347946034	1
7.625	19.25	0.000491706881249745	0.647263898977631	-0.757424840879092	-0.0274643324579954	1
7.875	19.25	0.000491626575464513	0.746159091556392	-0.659248141374786	-0.0275174562225352	1
8.125	19.25	0.000491535257804217	0.647630028224209	-0.758635816120228	-0.0261669090860321	1
8.375	19.25	0.000491440348173326	0.746035548762514	-0.661804608693481	-0.0268950656037783	1
8.625	19.25	0.000491339468382904	0.685968354977868	-0.722986728497885	-0.0254977188992919	1
8.875	19.25	0.000491238418756938	0.759602240760661	-0.645543509135693	-0.0258567320922776	1
9.125	19.25	0.000491136661973694	0.752623900047933	-0.651420359245078	-0.0246708193698131	1
9.375	19.25	0.000491034523760737	0.797198761003528	-0.598246716546547	-0.0243728520774773	1
9.625	19.25	0.000490928858613327	0.805360034629285	-0.587276818701589	-0.0238308072275468	1
9.875	19.25	0.000490816586358457	0.817846106934005	-0.572585438264622	-0.0235218363374928	1
10.125	19.25	0.000490692646952712	0.802633773485067	-0.59345078428185	-0.0236991529320679	1
10.375	19.25	0.000490553707347899	0.802655504242142	-0.594838379892628	-0.0232755378421653	1
10.625	19.25	0.000490400631841706	0.746956721112462	-0.660435326050217	-0.0237458141244646	1
10.875	19.25	0.000490237168660712	0.800555910295843	-0.599950048648639	-0.0224509586903118	1
11.125	19.25	0.000490082700553998	0.639100963955638	-0.763639051621895	-0.0242205394840611	1
11.375	19.25	0.000489966940885832	0.871479008163455	-0.497574240501191	-0.0209548970075255	1
11.625	19.25	0.000489925481884739	0.449716771464296	-0.890439803192499	-0.0260957629123754	1
11.875	19.25	0.000489968609171482	0.976764498092187	0.0830216787915083	-0.0198219600810956	1
12.125	19.25	0.000490079830192419	0.793621135196924	0.60902261843589	-0.0164936807179201	1
12.375	19.25	0.000490239531427558	0.887921420002008	0.481857039399941	-0.0199554758250432	1
12.625	19.25	0.000490438314649117	0.815591970372949	0.593150996170524	-0.020931330526598	1
12.875	19.25	0.000490676613553983	0.829569474330762	0.573362219565159	-0.0232993123725086	1
13.125	19.25	0.000490957934869984	0.793992115428052	0.615439607181074	-0.0244196351529899	1
13.375	19.25	0.000491285297988073	0.771788435591331	0.638873393842069	-0.0251791781533735	1
13.625	19.25	0.000491662993769166	0.7224106081532	0.689755053544816	-0.0253498123107936	1
13.875	19.25	0.000492097860068354	0.700676609126132	0.711046104554544	-0.0248603076522438	1
14.125	19.25	0.000492591206580541	0.636283841614918	0.768467294336766	-0.0251109222163236	1
14.375	19.25	0.000493154262104328	0.653336269870712	0.754897297540816	-0.0241277116299591	1
14.625	19.25	0.000493788324962575	0.585656960963177	0.810063236302388	-0.0250379766506215	1
14.875	19.25	0.000494502837364292	0.647025254222148	0.761349215311561	-0.0239040151896012	1
15.125	19.25	0.000495301313307361	0.582203418623448	0.815089790101943	-0.0251364898720598	1
15.375	19.25	0.000496179447477565	0.657720475851385	0.752495208960065	-0.0242483402597621	1
15.625	19.25	0.000497131738769944	0.617462156531419	0.791696818674388	-0.0251203800396544	1
15.875	19.25	0.00049812193213559	0.647868462081742	0.760937249434737	-0.0253930190235947	1
16.125	19.25	0.000499110227390559	0.706047859847028	0.719039208600313	-0.0249581463885401	1
16.375	19.25	0.000500012009997282	0.574899969070814	0.817134025237901	-0.0281248826053813	1
16.625	19.25	0.000500761121340317	0.902320246635615	0.458318529342158	-0.0246633552021631	1
16.875	19.25	0.000501282646556714	0.392162475053677	0.919947085985286	-0.0334229520367979	1
17.125	19.25	0.00050156039528883	0.936505891316425	-0.284181097063699	-0.0248008498670484	1
17.375	19.25	0.000501701014627239	0.474830118187349	-0.87969876603762	-0.0234714779596028	1
17.625	19.25	0.000501757112616638	0.804127824027814	-0.59801985953566	-0.0249438640653393	1
17.875	19.25	0.000501742655892341	0.73202178955835	-0.675160898621936	-0.0241777727107723	1
18.125	19.25	0.000501709167697312	0.730165272195326	-0.683610109087688	-0.023684845344532	1
18.375	19.25	0.000501695126322303	0.872724415577092	-0.481339242777125	-0.0238124724737078	1
18.625	19.25	0.000501736042451109	0.725081158567299	-0.694601848799566	-0.0227432942337477	1
18.875	19.25	0.000501868989570265	0.982250424044763	-0.237289296898489	-0.0250563111569493	1
19.125	19.25	0.000502160589098966	0.747717911394808	-0.679282626263173	-0.0284450201027272	1
19.375	19.25	0.000502683473543311	0.805527962119228	-0.57428743785884	-0.0291522942037454	1
19.625	19.25	0.000503393624825235	0.908579432290654	0.394553888683124	-0.024302253216108	1
19.875	19.25	0.000504224843402752	0.946113694944667	-0.292661449996962	-0.0251226563364905	1
20.125	19.25	0.000505155016566102	0.846310761206332	0.507791217225299	-0.0199749570791993	1
20.375	19.25	0.000506056177744819	0.925298605167269	0.401134130422976	-0.0188240882929656	1
20.625	19.25	0.000506890589383957	1.01654324726645	0.0808851467805132	-0.0237993422044217	1
20.875	19.25	0.000507608310587953	0.942763574316182	0.34797016400541	-0.0289242451304167	1
21.125	19.25	0.000508198623448482	0.88021910841533	0.465646681775863	-0.0261237330751801	1
21.375	19.25	0.000508659770977271	0.993058158459314	-0.121247753233381	-0.0270841572034857	1
21.625	19.25	0.000509121189777794	0.98367108603715	-0.153709963088831	-0.0265906512344666	1
21.875	19.25	0.000509726894418573	0.984935956643289	0.0975528818211221	-0.0252258063831852	1
22.125	19.25	0.00051049790307092	0.982328212827034	0.123566479968206	-0.0217281954706945	1
22.375	19.25	0.000511415737383055	0.987626236390838	0.127754789291665	-0.020492425228512	1
22.625	19.25	0.000512501187321186	0.987493334700424	0.137594918629454	-0.0198306969272322	1
22.875	19.25	0.000513802295492078	0.986807141219846	0.144111283684764	-0.0191834198365738	1
23.125	19.25	0.000515364614675376	0.986114488650792	0.150165797299623	-0.0186300811166357	1
23.375	19.25	0.000517221250195694	0.985458972166368	0.152821070215438	-0.0180757123054168	1
23.625	19.25	0.000519383565735022	0.985171990143402	0.149894422471498	-0.017396181107468	1
23.875	19.25	0.000521836972588553	0.985166599697527	0.142368303610364	-0.0164817095505834	1
24.125	19.25	0.000524533366331088	0.985073683949842	0.132645029475371	-0.0152528567468083	1
24.375	19.25	0.000527369045789287	0.9843622812111	0.123241727493165	-0.013621175260126	1
24.625	19.25	0.000530144177236567	0.982393708211185	0.116016510738443	-0.0114265456551632	1
24.875	19.25	0.000532526816450859	0.978658307793658	0.111627892980779	-0.00836452190485814	1
25.125	19.25	0.00053408776656406	0.971148816804999	0.107539152965087	-0.00403053936317592	1
25.375	19.25	0.000534528789553187	0.961100218079246	-0.169577016275383	0.00305971477148616	1
25.625	19.25	0.000534094719268877	0.907162657919294	-0.408790499123986	0.00775731599357249	1
25.875	19.25	0.000533189511335576	0.942903350526064	-0.342487201838194	0.00558296835411233	1
26.125	19.25	0.000531957526742499	0.935529251323488	-0.354386942087936	0.00586476749325574	1
26.375	19.25	0.00053055488917601	0.935188977840181	-0.362181075417587	0.00535241314892701	1
26.625	19.25	0.000529269686526586	0.937066983336938	-0.358577415839238	0.00447446413504678	1
26.875	19.25	0.000528395894750856	0.937968231451783	-0.354726863458514	0.00376523675836651	1
27.125	19.25	0.000528184356715706	0.94135624571862	-0.343005737661496	0.00318368732003365	1
27.375	19.25	0.000528784024776855	0.94649524228677	-0.324690380611916	0.0029003524454961	1
27.625	19.25	0.00053021039657624	0.953560600445439	-0.299625991881168	0.00290073641746782	1
27.875	19.25	0.000532364596612187	0.961715011382164	-0.269129051551905	0.0031162668750077	1
28.125	19.25	0.000535086436846414	0.969714956636163	-0.234215195352079	0.00350932303108029	1
28.375	19.25	0.000538218062266363	0.976617739887601	-0.193814708567212	0.00423852355897176	1
28.625	19.25	0.000541644316183055	0.981774667203603	-0.148482713049355	0.00557134763866105	1
28.875	19.25	0.000545293902269079	0.984280287769544	-0.106153214632781	0.0076111314002669	1
29.125	19.25	0.000549120057485217	0.984026608859115	-0.075654142346839	0.0103922174017887	1
29.375	19.25	0.000553080815496292	0.98221433516685	-0.0605974878973986	0.0139752291337653	1
29.625	19.25	0.000557122444166074	0.980368555718345	-0.061463474130636	0.0182080035815125	1
29.875	19.25	0.000561172695848396	0.979109214898626	-0.0751940671693886	0.0227025869149783	1
30.125	19.25	0.000565138901763512	0.978093634073419	-0.0953935603106103	0.0270811116806622	1
30.375	19.25	0.000568900502548847	0.976904966791721	-0.116440607782254	0.0311738679084831	1
30.625	19.25	0.000572302147010047	0.975496241523668	-0.136543161893047	0.0349668590022409	1
30.875	19.25	0.000575160904471885	0.974010721077034	-0.156190173421123	0.0384312865308385	1
31.125	19.25	0.00057728814568594	0.972477073013924	-0.175702383307299	0.0414756625294279	1
31.375	19.25	0.000578511859315503	0.97067908041405	-0.194872490420821	0.0440283245487421	1
31.625	19.25	0.000578684093279886	0.968274207086868	-0.213637005744561	0.046111978109646	1
31.875	19.25	0.000577670599618923	0.965011935833264	-0.232347586744907	0.0478326527273757	1
32.125	19.25	0.000575333951328993	0.960903069513922	-0.251350607629441	0.0493092912222573	1
32.375	19.25	0.000571527241367573	0.956316787895669	-0.270199717481761	0.0506078503338288	1
32.625	19.25	0.000566112597477039	0.951960991977889	-0.287240354077955	0.0517269468554613	1
32.875	19.25	0.00055900819756274	0.948630238801179	-0.300210548067347	0.052639601154309	1
33.125	19.25	0.000550246812117553	0.946829804529765	-0.307386902770374	0.0533569131506385	1
33.375	19.25	0.000539998382292675	0.946558054003415	-0.308375980957278	0.0539629603935	1
33.625	19.25	0.000528484226148833	0.947193525345876	-0.303303717484586	0.0545978443919012	1
33.875	19.25	0.000515731007381308	0.950689182451022	-0.284482832468068	0.0556486160074267	1
34.125	19.25	0.000501222117451395	0.955204510851494	-0.260964244343625	0.0574239464312136	1
34.375	19.25	0.000483764177420892	0.960385372788214	-0.238420794075712	0.0595009567607402	1
34.625	19.25	0.00046195895292449	0.9659288761462	-0.21333931209724	0.0614286350992287	1
34.875	19.25	0.000435415514809022	0.958929130581357	-0.238837282752129	0.0636261062946425	1
35.125	19.25	0.0004058427452139	0.950375189676307	-0.238095105533594	0.0661488621842358	1
35.375	19.25	0.000376769024231168	0.934777253485587	-0.228756878602306	0.0724179253173731	1
35.625	19.25	0.000351655430291147	0.936662206092423	-0.175193830276174	0.0831969132891257	1
35.875	19.25	0.0003316794351572	0.95022163122367	-0.0929399696864128	0.0942522793660266	1
36.125	19.25	0.000316023868553492	0.952144955182525	-0.0411500940015207	0.104777858646014	1
36.375	19.25	0.000302904712539077	0.939411509169493	0.00471350542480311	0.117239074028645	1
36.625	19.25	0.000290542537012135	0.91667126181737	0.010528619681531	0.134892670955797	1
36.875	19.25	0.000279229552954489	0.900913459105259	-0.102429857535318	0.158716939250718	1
37.125	19.25	0.000271945507804414	0.858050199012244	-0.107069358779766	0.181163604407256	1
37.375	19.25	0.000268913346959181	0.928756926320486	-0.0831974494231551	0.225766481670368	1
0.125	19.75	0.000490283183748499	0.977147470740651	0.189647795943435	-0.0333289714406934	1
0.375	19.75	0.000490289325799896	0.542959301206443	-0.839545335897641	-0.0312024199310489	1
0.625	19.75	0.000490325284902195	0.906262308480752	-0.425181715249977	-0.0337775114854649	1
0.875	19.75	0.0004903615283635	0.490482227637932	-0.86903143572484	-0.0323692150668603	1
1.125	19.75	0.000490423461762795	0.874483187228549	-0.479535126381613	-0.0335559423595837	1
1.375	19.75	0.000490482821356534	0.46476364633898	-0.879164006291788	-0.032411008741362	1
1.625	19.75	0.000490545320898048	0.626441895749061	-0.770032201733061	-0.0323998099755242	1
1.875	19.75	0.000490599006619755	0.415130678695796	-0.90569956148498	-0.0314626352243018	1
2.125	19.75	0.000490638544082315	0.395618596197121	-0.906786413385002	-0.0317377199441234	1
2.375	19.75	0.000490670650672427	0.243730334160409	-0.963980658059534	-0.029950008043337	1
2.625	19.75	0.00049069934961494	0.63737393728562	-0.764864773929976	-0.0311040760003451	1
2.875	19.75	0.00049073073328249	-0.0138972678531822	-0.994055828733002	-0.0294140044882488	1
3.125	19.75	0.000490782075716157	0.865104632241438	-0.485671572801924	-0.0308033097478759	1
3.375	19.75	0.000490854527175094	0.394957599951138	0.926351890148832	-0.0267954181823692	1
3.625	19.75	0.000490933713479437	0.583583818494849	0.812522073933101	-0.0317992556146048	1
3.875	19.75	0.000491003689809562	0.281556655800022	0.963709878021982	-0.0276442092522819	1
4.125	19.75	0.000491069127966191	0.518463364644417	0.857930165574475	-0.0320302438450588	1
4.375	19.75	0.000491128131953202	0.399135111489811	0.918007012524544	-0.0288930335325924	1
4.625	19.75	0.000491180904017172	0.475882008644641	0.882086404494368	-0.0319734216904226	1
4.875	19.75	0.000491237390526158	0.545694787763237	0.839285489126536	-0.0295988969636539	1
5.125	19.75	0.000491294570369207	0.460498940924716	0.88951882017864	-0.0323198449342694	1
5.375	19.75	0.000491364453024717	0.681136763133106	0.733758845842451	-0.0297133363437401	1
5.625	19.75	0.000491447334652135	0.45608700760947	0.891804030399865	-0.0330144568740063	1
5.875	19.75	0.000491538303494304	0.782666413211808	0.622211763445069	-0.0297173486949416	1
6.125	19.75	0.000491636818443492	0.472218834427634	0.883797206784989	-0.0333031742180983	1
6.375	19.75	0.000491711064091947	0.82684402377662	0.557043529630127	-0.0300565290855653	1
6.625	19.75	0.00049175132761277	0.533535319042164	0.847143381850788	-0.0323450756487712	1
6.875	19.75	0.000491726098993725	0.802299220418009	0.587450836619804	-0.0304978312159925	1
7.125	19.75	0.000491660140925947	0.62581361358185	-0.781032493127714	-0.0302596323324013	1
7.375	19.75	0.000491595788543675	0.766338754224029	-0.638008430252796	-0.0311329560258949	1
7.625	19.75	0.000491515168762978	0.592391441250583	-0.800956500635837	-0.0295141962878915	1
7.875	19.75	0.000491427278815932	0.731820453639897	-0.675081606134375	-0.0300506564374845	1
8.125	19.75	0.000491327310667952	0.603030436506976	-0.792334009803225	-0.0281318976119132	1
8.375	19.75	0.000491221947807126	0.69889459625008	-0.711223107251644	-0.0286407738836768	1
8.625	19.75	0.00049110902733535	0.639115029502854	-0.764582446280643	-0.0272436707656019	1
8.875	19.75	0.000490993704753717	0.691576712155247	-0.719410817436281	-0.0273688031239207	1
9.125	19.75	0.000490877945932616	0.690710965381166	-0.718435995647328	-0.0265545816983181	1
9.375	19.75	0.000490763689357953	0.725794661487741	-0.683736994311132	-0.0261344023986702	1
9.625	19.75	0.000490650612656305	0.753835164328718	-0.651388248049856	-0.025581643237381	1
9.875	19.75	0.000490535781663104	0.784320726695656	-0.616034639573062	-0.0248932974362908	1
10.125	19.75	0.000490413544261632	0.793336223617099	-0.603412692579462	-0.0248127761976324	1
10.375	19.75	0.000490276870114377	0.826866475158921	-0.561277456672685	-0.0239707588451283	1
10.625	19.75	0.000490124458562678	0.752733991086677	-0.651674340516158	-0.0250434473560955	1
10.875	19.75	0.000489959150671221	0.863353314227504	-0.505763941926991	-0.0226286309955524	1
11.125	19.75	0.000489795717903519	0.616033944346764	-0.781707782773701	-0.0259111138882828	1
11.375	19.75	0.000489666489257855	0.92361586653936	-0.380731732146988	-0.0210845918030217	1
11.625	19.75	0.000489602684511135	0.491358806163921	-0.871723253771911	-0.0260098050817166	1
11.875	19.75	0.000489629048227898	0.937313846899677	-0.308832005804953	-0.0210298287786855	1
12.125	19.75	0.000489734219055984	0.771118874719742	0.650613895971477	-0.0199284974997298	1
12.375	19.75	0.000489883280248566	0.88985765925157	0.474667060782917	-0.0242658487316064	1
12.625	19.75	0.000490073050008489	0.738877243841143	0.677458337163866	-0.0237812275945512	1
12.875	19.75	0.000490306514665095	0.782103938889962	0.624929600496426	-0.0252891583132534	1
13.125	19.75	0.000490584421127419	0.685605860679226	0.723881034505086	-0.0244344111280466	1
13.375	19.75	0.000490911432004069	0.667346681479641	0.741550116810214	-0.0245402858416983	1
13.625	19.75	0.00049129173883755	0.616962785928332	0.781970552670882	-0.0238180985963541	1
13.875	19.75	0.000491728460500297	0.584477167659109	0.809074759222546	-0.0235925006314532	1
14.125	19.75	0.000492226435423029	0.557322230540447	0.826783806617855	-0.02336830228452	1
14.375	19.75	0.000492789151586291	0.54636201742168	0.837367578527773	-0.0229410512503285	1
14.625	19.75	0.000493419719834474	0.501647631637378	0.863145629683429	-0.0234526541375984	1
14.875	19.75	0.000494121742082682	0.545938603172969	0.840014230552554	-0.0225079879767674	1
15.125	19.75	0.000494897257020008	0.434093505218369	0.900940354932778	-0.0241844644060979	1
15.375	19.75	0.000495738860281532	0.582295620108371	0.81784369359947	-0.0224242747754733	1
15.625	19.75	0.000496646900490341	0.355192165435068	0.937762545022502	-0.0256224991115611	1
15.875	19.75	0.000497575385706641	0.663773453234921	0.755435965522128	-0.0230457710881434	1
16.125	19.75	0.000498513320902472	0.29742632898136	0.961429741299035	-0.0275276482453504	1
16.375	19.75	0.000499335062036981	0.791022895150614	0.617025918293064	-0.0248151843091356	1
16.625	19.75	0.000500021644048271	0.341516684609671	0.951049594012997	-0.0279476024529196	1
16.875	19.75	0.000500384919814307	0.803152204384587	-0.575475722292933	-0.0286858979634159	1
17.125	19.75	0.000500533457862635	0.636819636713654	-0.765835868728606	-0.0211041969327525	1
17.375	19.75	0.000500621731965702	0.996834286990328	0.152836075216786	-0.029160998187316	1
17.625	19.75	0.000500564170421569	0.569501302180771	-0.816188554748748	-0.0250857583570757	1
17.875	19.75	0.000500511622128956	0.888694548702951	-0.461927000020531	-0.0283505966478668	1
18.125	19.75	0.000500459938150133	0.565765033299202	-0.817019658508789	-0.0267228312435656	1
18.375	19.75	0.000500501115944341	0.763343055535988	-0.640650259650232	-0.0265288163023194	1
18.625	19.75	0.000500653101130385	0.623641279763351	-0.773333618707783	-0.0259851505002988	1
18.875	19.75	0.00050095464074556	0.680631874809849	-0.725894980009335	-0.0243759432182887	1
19.125	19.75	0.000501401689859312	0.841246971223581	-0.555270088646437	-0.0243681095185931	1
19.375	19.75	0.000501994438697827	0.52656092069395	-0.850563680378973	-0.0283166067508588	1
19.625	19.75	0.000502669845916188	0.989472410734366	-0.134830021766542	-0.0244411318778388	1
19.875	19.75	0.000503402851153032	0.906358651134865	0.422291489894604	-0.0279150906354061	1
20.125	19.75	0.000504157201404245	0.629700892297605	0.779877905825305	-0.0245080447201004	1
20.375	19.75	0.000504900171319257	0.875420857933462	0.504141244857252	-0.0284124687028943	1
20.625	19.75	0.000505604757505198	0.831367161937517	0.546630114251457	-0.0292659472218972	1
20.875	19.75	0.000506266523673703	0.982743505588434	-0.0474081738766983	-0.0262969814291395	1
21.125	19.75	0.000506911560291473	0.98312022083612	-0.178893661541845	-0.0214085519343976	1
21.375	19.75	0.000507550897909451	1.00645141699535	-0.097020707311654	-0.0263538600345121	1
21.625	19.75	0.000508176628343005	0.963361064174472	-0.260034400307743	-0.0273212249483319	1
21.875	19.75	0.000508787545988018	0.987791948334616	-0.0529602167909397	-0.0255881235976356	1
22.125	19.75	0.000509396540431621	0.951475534216766	0.272492796820316	-0.022145287878813	1
22.375	19.75	0.000510006137436761	0.969746922464883	0.216811771865928	-0.0205325643372959	1
22.625	19.75	0.00051063043070352	0.974872601312173	0.201157810103147	-0.0190788922334725	1
22.875	19.75	0.000511294251433688	0.978309918308526	0.194671913095726	-0.0183070886662151	1
23.125	19.75	0.000512038439083589	0.979303248296	0.194241801718472	-0.0178643718046887	1
23.375	19.75	0.000512922891749239	0.979952394718728	0.190996835839537	-0.0175198101517956	1
23.625	19.75	0.000514025208480893	0.980821537602239	0.182872760088986	-0.0170837916953495	1
23.875	19.75	0.000515430051287008	0.981860980008459	0.170584212342312	-0.0164226219250203	1
24.125	19.75	0.000517200154170017	0.982619133554398	0.156418728549898	-0.0154355801937436	1
24.375	19.75	0.000519321961856634	0.982455803449842	0.143578914798492	-0.0140134162210824	1
24.625	19.75	0.000521633942507602	0.98069482877658	0.135674288859632	-0.0119982538978807	1
24.875	19.75	0.000523775922258411	0.978013137529711	0.135192729767084	-0.00915222203524699	1
25.125	19.75	0.000525231989651892	0.964117472910101	0.169849269886876	-0.00574262891953298	1
25.375	19.75	0.000525592589155807	0.971806311659406	-0.0443308514415696	0.00145635583342897	1
25.625	19.75	0.000524923750232811	0.904778894518502	-0.406962901335279	0.00759752923200556	1
25.875	19.75	0.000523665263895044	0.941960859325671	-0.342562655357937	0.00556071543897434	1
26.125	19.75	0.000522219675324693	0.935764372337014	-0.349848908196367	0.00615520479450036	1
26.375	19.75	0.000521027536715034	0.934627242226853	-0.360780742218414	0.00603383697042843	1
26.625	19.75	0.000520625493734954	0.937470823605515	-0.356400659490111	0.00530971945533718	1
26.875	19.75	0.000521434003116291	0.937991281551452	-0.355150054383479	0.00467232192035506	1
27.125	19.75	0.00052365198288626	0.940901138145679	-0.346449736017407	0.00398496496162507	1
27.375	19.75	0.000527203821392661	0.945100497672611	-0.331808560599191	0.00350223950285237	1
27.625	19.75	0.00053176041374163	0.951362069152559	-0.309450591362396	0.00328718385191051	1
27.875	19.75	0.000536852383918265	0.959530431737152	-0.278986509000957	0.00336243201873599	1
28.125	19.75	0.00054201845898941	0.969014876482841	-0.241391278791236	0.00365893265955249	1
28.375	19.75	0.000546927835006235	0.977771600345834	-0.20196163553567	0.00399200009360873	1
28.625	19.75	0.000551429670373582	0.983218310116513	-0.164468989860382	0.00438540562012388	1
28.875	19.75	0.000555522748750845	0.984885123143051	-0.123303749485955	0.00553096498725085	1
29.125	19.75	0.000559259307875784	0.983887280115342	-0.0791626022653969	0.00810034080229705	1
29.375	19.75	0.00056264924113965	0.9820517931906	-0.044849862283689	0.0119633471852446	1
29.625	19.75	0.000565629095857108	0.981170224908463	-0.0274316635635373	0.0164914316580776	1
29.875	19.75	0.000568077443919958	0.981423262851675	-0.0244029929660096	0.0211010093415593	1
30.125	19.75	0.000569826737617859	0.981900436298726	-0.0303960921976178	0.0255340305148332	1
30.375	19.75	0.000570662758639076	0.982038288972978	-0.042194954121344	0.0298038737249187	1
30.625	19.75	0.000570335435129398	0.982034854726678	-0.0583280814508291	0.0339254820917767	1
30.875	19.75	0.000568595294863507	0.98233276922743	-0.076655795901121	0.0377625826265741	1
31.125	19.75	0.000565240938755441	0.983122427862772	-0.094081687715008	0.0410914292750302	1
31.375	19.75	0.0005601454009341	0.984241203085872	-0.107876738099467	0.0437627773889959	1
31.625	19.75	0.00055323961856133	0.985405505570939	-0.116583350559813	0.0457972103481906	1
31.875	19.75	0.000544462238896244	0.986498610616303	-0.119760434976051	0.0473474761195451	1
32.125	19.75	0.000533708114533199	0.987633116195507	-0.117514676891564	0.0485970313904212	1
32.375	19.75	0.000520809772346458	0.988989355110195	-0.110636013563285	0.0496763833547545	1
32.625	19.75	0.000505574810515111	0.990625752804515	-0.101042822165358	0.0506228226027763	1
32.875	19.75	0.000487879940832083	0.992410581251388	-0.0914744559524766	0.0513876605138308	1
33.125	19.75	0.000467785427397227	0.994072273903589	-0.0838982307484425	0.0518986439598001	1
33.375	19.75	0.000445589567757399	0.9952416538904	-0.0781968811507881	0.0521521438588574	1
33.625	19.75	0.000421721838490023	0.99533964890622	-0.0730679755866876	0.0522883486370709	1
33.875	19.75	0.000396413272641556	0.994497704535167	-0.0650551881674115	0.0526662509152104	1
34.125	19.75	0.000369209830454166	0.99359288679279	-0.0486021083300542	0.0534852333845415	1
34.375	19.75	0.000338777280367393	0.992134133319333	-0.0413755651690155	0.0547815666590111	1
34.625	19.75	0.000303538722000747	0.988787393129335	-0.0772893962793237	0.0564826296071223	1
34.875	19.75	0.000263145601490684	0.978993050619717	-0.134650825818444	0.0582477760681642	1
35.125	19.75	0.000219850236784756	0.960736529761793	-0.197437022049272	0.0614643644700536	1
35.375	19.75	0.00017827755841899	0.943747273781554	-0.223628562876282	0.0666545120974091	1
35.625	19.75	0.000143610854198624	0.939105407652281	-0.186992319387087	0.0751156435522941	1
35.875	19.75	0.000118750296333145	0.943600384175095	-0.111553151096804	0.0864198448174352	1
36.125	19.75	0.000103181193162468	0.945006401399811	-0.0297152083158946	0.0990900584147219	1
36.375	19.75	9.38710538259378e-05	0.937777774908437	0.0430906999400093	0.113449868080198	1
36.625	19.75	8.70176562254528e-05	0.916757091184286	0.0426779052716995	0.129916736212639	1
36.875	19.75	8.08673154367568e-05	0.898900510871561	-0.132429320851318	0.154745832415983	1
37.125	19.75	7.87419012500818e-05	0.8615413551183	0.0977630968960835	0.175532678597203	1
37.375	19.75	7.63995918491223e-05	0.921892406131343	-0.0857802467089524	0.221618778004329	1
0.125	20.25	0.000490262538533438	0.838575617021984	-0.547653771918907	-0.0337025794079042	1
0.375	20.25	0.000490271660089429	0.754570883905785	-0.662039849094918	-0.0342990374756663	1
0.625	20.25	0.000490300711707115	0.858262847671427	-0.514280707810643	-0.0356147526338597	1
0.875	20.25	0.000490336088574814	0.818951908948132	-0.584576946485671	-0.0344781222297295	1
1.125	20.25	0.000490391848892775	0.84344964847648	-0.539415303429145	-0.0384760077586759	1
1.375	20.25	0.000490434869720309	0.98840190958214	-0.0344709774621346	-0.0349300716687556	1
1.625	20.25	0.000490457270079347	0.854921942616778	0.503000442104211	-0.0331661656330269	1
1.875	20.25	0.000490470167754554	0.990285608237663	-0.0966689234855879	-0.0309501091169441	1
2.125	20.25	0.000490478463911794	0.822328861394831	0.555384400738054	-0.0307961055008636	1
2.375	20.25	0.000490489699539792	0.979669280195805	0.0690350996074621	-0.0272935122750094	1
2.625	20.25	0.000490505539405432	0.750015260610543	0.651435131902806	-0.0220820297677861	1
2.875	20.25	0.000490521687494237	0.990530464740873	0.1235575577373	-0.0244317659384473	1
3.125	20.25	0.000490582428874416	0.654317583208754	-0.76236835620206	-0.0214244592521412	1
3.375	20.25	0.000490683280649426	0.928453222540156	0.364953122884895	-0.0258571627800652	1
3.625	20.25	0.000490777740650144	0.824565821873346	0.551259662541122	-0.0206166356686734	1
3.875	20.25	0.000490860958139112	0.85443048680776	0.526374453626914	-0.0223552895179293	1
4.125	20.25	0.000490943778165525	0.899946468072551	0.431718106144806	-0.0223600546766422	1
4.375	20.25	0.000491015870920992	0.832445550287457	0.560419223844407	-0.0218151749523213	1
4.625	20.25	0.00049108021555908	0.875513561703413	0.488045230721544	-0.023920875443271	1
4.875	20.25	0.000491144806541236	0.832187269812729	0.560772636964239	-0.0232661636085164	1
5.125	20.25	0.000491205679378088	0.802774499191471	0.598660492815219	-0.0255797832803452	1
5.375	20.25	0.000491277353561244	0.836629250712839	0.5546374192454	-0.0241524605037498	1
5.625	20.25	0.000491357505102211	0.681902933997028	0.732111658799118	-0.0275524327629391	1
5.875	20.25	0.000491443613095493	0.851933571016733	0.529675119275444	-0.0244981003459252	1
6.125	20.25	0.000491536095449158	0.527224581180792	0.85162937064178	-0.0293362747022682	1
6.375	20.25	0.00049159722631817	0.864522647953038	0.503616118086844	-0.0251183918687949	1
6.625	20.25	0.000491628116109896	0.425129179446606	0.91059035721296	-0.0297996155195612	1
6.875	20.25	0.000491591377573364	0.833897852684711	0.547942079365791	-0.0263826957516489	1
7.125	20.25	0.000491519721512399	0.752696383137948	-0.669619982829662	-0.0288595094521657	1
7.375	20.25	0.000491452357345675	0.82592483788967	-0.566099647208453	-0.0300573791120311	1
7.625	20.25	0.000491366009124642	0.691604376984296	-0.719713873343663	-0.0299157579613319	1
7.875	20.25	0.00049127635496771	0.769161327553575	-0.632427280767009	-0.0301195641535974	1
8.125	20.25	0.000491170351695395	0.683185380537942	-0.721393976817172	-0.028839643017328	1
8.375	20.25	0.000491058039618428	0.713421716890085	-0.692935011293207	-0.0284178024423584	1
8.625	20.25	0.000490935192713386	0.682087851217832	-0.723187252471519	-0.0273489803580125	1
8.875	20.25	0.000490805824287233	0.68383953921652	-0.724571395766057	-0.0267425036133255	1
9.125	20.25	0.000490672309712894	0.689356460009668	-0.719508723373087	-0.0263629661163781	1
9.375	20.25	0.000490538442592356	0.69621605761184	-0.7150120423203	-0.0257551358240721	1
9.625	20.25	0.000490404493745368	0.714288289648362	-0.696156774121042	-0.0258333694738573	1
9.875	20.25	0.000490273188800188	0.753473687033286	-0.655837887848815	-0.0249819106270548	1
10.125	20.25	0.000490138116530901	0.746166101844802	-0.661426670938243	-0.0256940960875296	1
10.375	20.25	0.000489997110493718	0.839853716792181	-0.54381868444166	-0.0239991698474028	1
10.625	20.25	0.000489842766444477	0.733189437330988	-0.675927317123819	-0.0264415511362636	1
10.875	20.25	0.000489677829155384	0.908914533189449	-0.417781871259993	-0.0230230763123418	1
11.125	20.25	0.000489513059292003	0.649889387281071	-0.757651688058038	-0.0272335962373574	1
11.375	20.25	0.000489378733467081	0.910257161553399	-0.398282349912213	-0.0224906757939272	1
11.625	20.25	0.000489307214550222	0.62522624356589	-0.782016258383503	-0.024783550948918	1
11.875	20.25	0.000489333880358096	0.845362228516769	-0.525882015436125	-0.0232278454419042	1
12.125	20.25	0.000489444161867279	0.756728102015363	0.658915150546898	-0.023233200713054	1
12.375	20.25	0.000489592664615372	0.779791222409523	0.623280311658078	-0.0245921450458565	1
12.625	20.25	0.000489781096760763	0.633218497144594	0.772138135949557	-0.0229622838023148	1
12.875	20.25	0.000490010874068933	0.694698762826888	0.715395699357182	-0.0241875538821718	1
13.125	20.25	0.000490284733362017	0.557090574265287	0.828629373404545	-0.0224042687087518	1
13.375	20.25	0.000490604989469173	0.614927006136224	0.787463915525063	-0.0236869521116278	1
13.625	20.25	0.000490978033510723	0.529230213235618	0.848805661127676	-0.0224286310223879	1
13.875	20.25	0.000491401535910934	0.562134592947463	0.828889798835411	-0.0236828368297504	1
14.125	20.25	0.000491882826536146	0.533989443499283	0.848290121483391	-0.0230027575109838	1
14.375	20.25	0.000492415576211029	0.539150688889943	0.846723161809593	-0.0243382255456631	1
14.625	20.25	0.000493006511901541	0.562867744664088	0.831833137177687	-0.024042170136558	1
14.875	20.25	0.000493650506449163	0.547890480629724	0.84384808362343	-0.0256934908388393	1
15.125	20.25	0.000494352493045212	0.618327475296543	0.793573891673368	-0.0256706418930392	1
15.375	20.25	0.000495113700672979	0.596336422299246	0.81289625833462	-0.0276691737987372	1
15.625	20.25	0.000495930534786954	0.707192470714769	0.716964646585316	-0.028085220235593	1
15.875	20.25	0.000496798537993581	0.688134029572634	0.737924171685093	-0.0300977839069675	1
16.125	20.25	0.000497672726081951	0.831168578535596	0.568054276583109	-0.0312338772936789	1
16.375	20.25	0.000498491514429073	0.805205696014971	0.604833736951899	-0.0326111499160078	1
16.625	20.25	0.000499121055591035	0.910199395008318	0.427756378271399	-0.0342259375119828	1
16.875	20.25	0.000499442560299081	0.904481982182005	0.403532377592888	-0.0351229203958673	1
17.125	20.25	0.000499489022875889	0.356702686709434	-0.922854887620664	-0.0292203746753033	1
17.375	20.25	0.000499465019768029	0.838368015450259	-0.541304646292526	-0.0313701508214873	1
17.625	20.25	0.000499363365300223	0.842068088054128	-0.514616077101528	-0.0287467575304639	1
17.875	20.25	0.000499285306472452	0.82099868190917	-0.566221336326752	-0.0254695914844314	1
18.125	20.25	0.000499305307502098	0.890510545042424	-0.456673479714986	-0.0281075463638967	1
18.375	20.25	0.000499497822082474	0.809317243806918	-0.580876080254785	-0.0263183241156756	1
18.625	20.25	0.000499906813548031	0.867024451495137	-0.503498194840735	-0.0270609637819597	1
18.875	20.25	0.000500524812773476	0.716991742420353	-0.687257004773242	-0.0280665496516825	1
19.125	20.25	0.000501299827777087	0.898567780191593	-0.437077042428427	-0.0247075153662591	1
19.375	20.25	0.000502132564013358	0.635266125332619	-0.773233978183917	-0.0282557184580335	1
19.625	20.25	0.000502877115853051	0.871373650727896	-0.477698521530473	-0.0250164160679796	1
19.875	20.25	0.000503495814922777	0.824910641753969	0.555131101807604	-0.0256710636836335	1
20.125	20.25	0.000504085638926163	0.86107640007818	0.501566486027898	-0.0225666656994139	1
20.375	20.25	0.000504730638157075	0.994056661290482	0.0875925282717361	-0.023718014091835	1
20.625	20.25	0.000505455213170838	1.00524906692147	-0.0735081234519265	-0.0217820416294019	1
20.875	20.25	0.000506243567777078	1.00959535199157	0.0653986518846877	-0.0279506646862792	1
21.125	20.25	0.000507074260730832	0.961751056276874	0.27483937257314	-0.0278615777984539	1
21.375	20.25	0.000507896906204022	0.997722441490186	-0.0306809332849725	-0.0280075967069313	1
21.625	20.25	0.000508677113054417	0.986279231519815	-0.115016745050422	-0.0272128773320609	1
21.875	20.25	0.000509356169149996	0.978265044329412	0.136399600171133	-0.0247489879624037	1
22.125	20.25	0.000509953494977751	0.981618980908562	0.143823999013326	-0.0213036481525789	1
22.375	20.25	0.000510483956664254	0.994898147089212	0.087336414532997	-0.0210294869747467	1
22.625	20.25	0.000510950520903734	0.993426661160569	0.106451173132131	-0.0208903182006328	1
22.875	20.25	0.000511373505152878	0.991330723191123	0.121999126776262	-0.0207915576655784	1
23.125	20.25	0.000511802707336242	0.989014201671649	0.133051432567682	-0.0204857743782274	1
23.375	20.25	0.00051232466566709	0.987319165729241	0.137524360483589	-0.0199377807308556	1
23.625	20.25	0.000513055624702298	0.986233586415597	0.136255715562902	-0.0190980112295719	1
23.875	20.25	0.000514115313154222	0.985459745837196	0.131870529733756	-0.0179305903856946	1
24.125	20.25	0.000515576367389956	0.984548197366879	0.127612847714664	-0.0164128549595277	1
24.375	20.25	0.000517391966219419	0.983059978876754	0.126046041285864	-0.0145073386102676	1
24.625	20.25	0.000519323401333611	0.98052584983129	0.128468141677838	-0.0121322067665043	1
24.875	20.25	0.000520916741286522	0.977242954002753	0.133868414407619	-0.00909443891039834	1
25.125	20.25	0.000521599830065626	0.966307044401958	0.159371144230801	-0.00540373445326645	1
25.375	20.25	0.000520978993533118	0.972637245560843	-0.0360769291264531	0.00124565850864059	1
25.625	20.25	0.000519261234343528	0.8976216021649	-0.41839018831463	0.00770308913845911	1
25.875	20.25	0.000517277702390237	0.939280419877168	-0.344842990891533	0.00604383228331208	1
26.125	20.25	0.000515956491769349	0.933701826818816	-0.350358626643155	0.00705840609220816	1
26.375	20.25	0.000516175215560026	0.931771383028485	-0.364881587841675	0.00732676493928105	1
26.625	20.25	0.000518648116599338	0.935626827281011	-0.359252329735414	0.00676481096356502	1
26.875	20.25	0.000523634597041473	0.935594336785254	-0.36053213258337	0.00628733203947692	1
27.125	20.25	0.000530819915307207	0.938430454248393	-0.353793619564359	0.00560186298168701	1
27.375	20.25	0.000539377464743128	0.941987645964072	-0.342769224165477	0.00501111641890143	1
27.625	20.25	0.000548172273963868	0.947228811314513	-0.325674992526865	0.00456294314903879	1
27.875	20.25	0.000556092627960155	0.953878956167984	-0.302236934197953	0.00431423811490211	1
28.125	20.25	0.000562364061172846	0.9613850345453	-0.270343596374064	0.00434131628465715	1
28.375	20.25	0.000566718831487742	0.970298991303448	-0.220398257887558	0.0050352809517032	1
28.625	20.25	0.000569326403401576	0.979884659966927	-0.148243187154153	0.00682058350990944	1
28.875	20.25	0.000570514006859971	0.985355126810105	-0.0803105767890781	0.00936838147626817	1
29.125	20.25	0.000570490789794079	0.985931451296156	-0.0417966360803265	0.0123124604843409	1
29.375	20.25	0.000569272057057106	0.984580276345186	-0.0319109731786269	0.0158048654698945	1
29.625	20.25	0.000566759184299586	0.983669168183951	-0.0417542285304175	0.0196495232568064	1
29.875	20.25	0.000562816656272052	0.98313211168459	-0.0614190612853152	0.0234238965752153	1
30.125	20.25	0.000557275484676669	0.981992192922718	-0.083806597887104	0.0269981273431316	1
30.375	20.25	0.000549914178525216	0.979914420767336	-0.107251335150295	0.0304705944550327	1
30.625	20.25	0.000540486717741512	0.977234349161063	-0.132228185055044	0.0338995054788935	1
30.875	20.25	0.000528805544227195	0.974538507946087	-0.158165454970574	0.0371636662099708	1
31.125	20.25	0.000514819394179015	0.972193566283095	-0.182936370514185	0.0400178670020522	1
31.375	20.25	0.000498609845672656	0.969997404641248	-0.204784592446226	0.0422943297374275	1
31.625	20.25	0.000480290261170043	0.967324216441299	-0.22392946121011	0.0440414134138862	1
31.875	20.25	0.000459866345447041	0.963654371045182	-0.241922949315365	0.0454628186938609	1
32.125	20.25	0.000437136646594889	0.958958940099634	-0.260044933447094	0.046766640667361	1
32.375	20.25	0.000411688941260937	0.953797914730341	-0.278169038718793	0.0480535113755432	1
32.625	20.25	0.000383017115120673	0.949202119018767	-0.294503966640739	0.0492847629660444	1
32.875	20.25	0.000350737281719773	0.946311933680278	-0.306224846790145	0.0503334469359646	1
33.125	20.25	0.00031481901672412	0.945865452518765	-0.310697214770307	0.051097855511042	1
33.375	20.25	0.000275699464568158	0.947863460958844	-0.306533410144118	0.0516031124086983	1
33.625	20.25	0.000234156463955075	0.951782442206328	-0.292982999807085	0.0520297296661362	1
33.875	20.25	0.000190893742358764	0.957617480884415	-0.26840892191866	0.0527296350493795	1
34.125	20.25	0.00014596517953731	0.964471516604877	-0.239299377714787	0.0538890249513124	1
34.375	20.25	9.85576464106593e-05	0.972448727400336	-0.210047526618094	0.0550363280656678	1
34.625	20.25	4.76686861068605e-05	0.979857495579023	-0.180001778709614	0.0556209605874997	1
34.875	20.25	-6.42688011748352e-06	0.980727755579548	-0.166589482894329	0.0561014468396762	1
35.125	20.25	-6.08699865974577e-05	0.973588236027199	-0.169040552646993	0.0574599089181511	1
35.375	20.25	-0.00011017007114261	0.95899666803687	-0.181971689262273	0.0611942377177019	1
35.625	20.25	-0.00014799493525236	0.94639962800952	-0.170052958541863	0.0684809864476214	1
35.875	20.25	-0.000170406989083172	0.941943440597377	-0.111037157351772	0.079506016042013	1
36.125	20.25	-0.000177945132064239	0.93790573608873	-0.0297170831100376	0.0936592927470135	1
36.375	20.25	-0.000175016139706175	0.933153341543874	0.037831458473574	0.110253813365706	1
36.625	20.25	-0.000167515840945731	0.906313505667996	0.166160221575233	0.127040548248996	1
36.875	20.25	-0.000160386514491262	0.891120562610525	-0.162345128786387	0.15067027579084	1
37.125	20.25	-0.000150906177537891	0.833485834540804	0.274549766939874	0.174139231877606	1
37.375	20.25	-0.000148571655980003	0.930203201855043	-0.0736059636001276	0.215099489448202	1
0.125	20.75	0.000490143628222308	0.970954322585204	0.214013096662839	-0.0314749197300091	1
0.375	20.75	0.000490132033928341	0.514668356000418	-0.859122594533839	-0.0287776425182702	1
0.625	20.75	0.000490144848260761	0.869893197921188	-0.489774720577617	-0.0323474935882738	1
0.875	20.75	0.00049015291882109	0.452997520177494	-0.88867302925756	-0.0286992559878453	1
1.125	20.75	0.000490191993231407	0.725107724041002	-0.685958410105466	-0.0318551457256825	1
1.375	20.75	0.000490229174488606	0.387452410054667	-0.916279691921144	-0.0293019644498648	1
1.625	20.75	0.000490273323889679	0.662559514189215	-0.744151502950046	-0.0305921720308977	1
1.875	20.75	0.000490304754075683	0.487051136236847	-0.867486313446073	-0.0295217654567105	1
2.125	20.75	0.000490327692100944	0.500776132167135	-0.862178146464219	-0.0293752918366592	1
2.375	20.75	0.000490340678579865	0.576644073783506	-0.810347215897427	-0.0298216171826891	1
2.625	20.75	0.00049035419286663	0.339684771963932	-0.932029615784771	-0.028119003134858	1
2.875	20.75	0.000490389339673358	0.663011842599394	-0.739767897442602	-0.0294193190749547	1
3.125	20.75	0.000490468156318978	0.830595333032602	-0.536101368110768	-0.0265190106223406	1
3.375	20.75	0.000490584194904261	0.706756731019634	0.714336803358872	-0.0257596695945906	1
3.625	20.75	0.000490698384524757	0.6282677992265	0.792112860568977	-0.0283198310678725	1
3.875	20.75	0.000490803054289213	0.60755037317813	0.804624200327822	-0.0296649412635836	1
4.125	20.75	0.000490899673450631	0.553937058961952	0.839062979419809	-0.0311153941028198	1
4.375	20.75	0.000490979849968027	0.504667387015354	0.869907560661414	-0.0313250378416638	1
4.625	20.75	0.000491051483591228	0.514102555413324	0.859433896602028	-0.0326516989840836	1
4.875	20.75	0.000491116178457164	0.485475825561599	0.876858255322053	-0.0317537081131631	1
5.125	20.75	0.00049117937560412	0.468970492276972	0.882394905229714	-0.0331366054804633	1
5.375	20.75	0.000491246469410219	0.53760400871561	0.845524757119356	-0.031521895984951	1
5.625	20.75	0.000491321862537202	0.400826515192653	0.914315810448277	-0.0336506798113454	1
5.875	20.75	0.000491395616159579	0.652036173619514	0.763237503303775	-0.0309557886598212	1
6.125	20.75	0.000491470906698128	0.286781810677414	0.956408816600076	-0.0349888790797852	1
6.375	20.75	0.000491507161393376	0.816762320999982	0.586025343819438	-0.0304006863373326	1
6.625	20.75	0.000491512701436188	0.127829000439001	0.992148586678768	-0.0371535411578897	1
6.875	20.75	0.000491461833513334	0.961108832137071	-0.178206258197832	-0.0300823982556922	1
7.125	20.75	0.000491386399292523	0.683539369441745	-0.732138767854365	-0.0261626810450286	1
7.375	20.75	0.000491306608338602	0.864835967839134	-0.523516558142251	-0.0307704581773961	1
7.625	20.75	0.000491209727001468	0.710665686362374	-0.711396063415758	-0.031157264089674	1
7.875	20.75	0.000491108872081488	0.757740856055191	-0.658269113025544	-0.0330234142800433	1
8.125	20.75	0.000490994837049461	0.700142170514763	-0.710921846835549	-0.0328489933313729	1
8.375	20.75	0.000490873349233098	0.693054460129968	-0.713899296954366	-0.032453227967676	1
8.625	20.75	0.000490745347537838	0.679165794197677	-0.722601545199805	-0.0313464528974494	1
8.875	20.75	0.000490609216693326	0.655106829732297	-0.744758857352595	-0.029774631281207	1
9.125	20.75	0.00049046718020388	0.655527031012949	-0.74428087496806	-0.0287984874229252	1
9.375	20.75	0.000490321405766458	0.654261013832777	-0.748173166250595	-0.0271725588581726	1
9.625	20.75	0.000490170373986715	0.651511358944189	-0.751265152942488	-0.0269335202767258	1
9.875	20.75	0.000490020131986283	0.703580354531735	-0.706269241191598	-0.0253531715042989	1
10.125	20.75	0.00048986521566093	0.675542190419768	-0.732707244337763	-0.0261687929735178	1
10.375	20.75	0.000489709723251086	0.797454161225609	-0.601800296901516	-0.024144818557202	1
10.625	20.75	0.000489548472795574	0.720203125926441	-0.692430238397039	-0.026311299087581	1
10.875	20.75	0.000489385148471076	0.887168302986238	-0.46074156180628	-0.023848160520641	1
11.125	20.75	0.000489229683323476	0.760628204808348	-0.650651503408034	-0.026726756118311	1
11.375	20.75	0.000489103334860764	0.892197916608549	-0.440314535554574	-0.0244837503292993	1
11.625	20.75	0.000489042157975876	0.729718365523754	-0.6778022954582	-0.0248128274025422	1
11.875	20.75	0.000489075641633889	0.802827162215711	-0.586266484204001	-0.0233511135531871	1
12.125	20.75	0.000489191618891273	0.631491591066949	0.771749824305243	-0.0226393463537319	1
12.375	20.75	0.000489339568954316	0.643880205234149	0.76738877561895	-0.022998041857014	1
12.625	20.75	0.000489524486662285	0.606413300729124	0.794932270173983	-0.0231214431711623	1
12.875	20.75	0.000489749947435498	0.567676756762356	0.825853168509364	-0.023197454712772	1
13.125	20.75	0.000490014944467002	0.565417637267006	0.827919183881238	-0.0236972730767889	1
13.375	20.75	0.000490324247644583	0.548553612541667	0.839710778359005	-0.0239984508571707	1
13.625	20.75	0.000490678108429266	0.546754596075316	0.842448846773048	-0.0245580316360424	1
13.875	20.75	0.000491077025019722	0.561371891081391	0.83249834314871	-0.0251805168099305	1
14.125	20.75	0.000491520186329336	0.557249867511927	0.836609150239539	-0.0258017101189876	1
14.375	20.75	0.000492004823002115	0.595882276669176	0.809398146738869	-0.026588265375081	1
14.625	20.75	0.000492532476650651	0.59347563222878	0.811579390142909	-0.0274265072027898	1
14.875	20.75	0.000493101651618933	0.653520306243405	0.764250360715698	-0.0281277031776808	1
15.125	20.75	0.000493723145975117	0.64536585062536	0.769848197052416	-0.0293073810837303	1
15.375	20.75	0.000494401753069183	0.73905998954319	0.681446437327664	-0.0295146040328846	1
15.625	20.75	0.000495151600650558	0.688656112662918	0.727794843841336	-0.0312995986832154	1
15.875	20.75	0.000495960037779244	0.840696171226279	0.54732500708902	-0.0300817207180019	1
16.125	20.75	0.000496795722077864	0.686675425469218	0.724795807837855	-0.0327855234956122	1
16.375	20.75	0.000497548631691356	0.866364166454182	0.492663127151052	-0.0294414113268369	1
16.625	20.75	0.0004981110459951	0.649477370293286	0.756031388895286	-0.0315835274601829	1
16.875	20.75	0.000498338304579533	0.741174004135579	0.661814929650012	-0.0283324379139619	1
17.125	20.75	0.000498288892997745	0.69916918416838	-0.721162344513901	-0.0296739555141062	1
17.375	20.75	0.000498179509049838	0.666665466213857	-0.74573820699786	-0.0303853136175393	1
17.625	20.75	0.000498072393711533	0.640959343773613	-0.766582266347365	-0.0301548517619544	1
17.875	20.75	0.000498102248661596	0.746004991144605	-0.652080233808831	-0.0301289090869799	1
18.125	20.75	0.000498346890519179	0.692250286883583	-0.717442342554295	-0.0269813213678935	1
18.375	20.75	0.000498887639562596	0.760612349024189	-0.641297484939257	-0.0290153013578111	1
18.625	20.75	0.000499754614434046	0.80429541208594	-0.590368778986477	-0.0254982003947838	1
18.875	20.75	0.000500890674347288	0.697683209510071	-0.715429585623666	-0.0285589835873379	1
19.125	20.75	0.000502161407066017	0.868418611997535	-0.486489791412192	-0.0255055706948294	1
19.375	20.75	0.000503402368639483	0.722288044515802	-0.696258263571312	-0.0272086071701357	1
19.625	20.75	0.000504384000791015	0.800557287720159	-0.590307077459752	-0.0270473665753366	1
19.875	20.75	0.000505035051767221	0.863238058494985	0.494756662629775	-0.0256150522780562	1
20.125	20.75	0.000505631273864908	0.936140717805793	0.363202034932482	-0.0247631193915915	1
20.375	20.75	0.00050631136558804	0.976355561505706	0.252237007494204	-0.0276501796233017	1
20.625	20.75	0.000507089296420396	0.934693343162512	0.357795601330866	-0.029156383274511	1
20.875	20.75	0.000507934636704168	0.980086005088835	0.128890582340811	-0.0279758744142993	1
21.125	20.75	0.00050881889295759	0.986094784145586	-0.144628037144203	-0.0237212751861875	1
21.375	20.75	0.000509679810543868	0.999090314248903	-0.132525369361278	-0.0265919896316051	1
21.625	20.75	0.000510455791299075	0.971458984613263	-0.219125924454582	-0.0279615478061782	1
21.875	20.75	0.000511095460736099	0.986212770231261	-0.0327343698503369	-0.0247840183100453	1
22.125	20.75	0.000511626142442519	0.969595774074366	0.207455642838963	-0.0215822672359981	1
22.375	20.75	0.000512071158372197	0.973354955519796	0.209625418387999	-0.0205931808783984	1
22.625	20.75	0.000512459588669704	0.971496046819096	0.221421295367003	-0.0194477719774969	1
22.875	20.75	0.000512843989314261	0.972557176258967	0.222826552220156	-0.0187809792431713	1
23.125	20.75	0.000513315531758549	0.973166817055426	0.221939448387916	-0.0182831140329774	1
23.375	20.75	0.000513992057075236	0.974487421447362	0.215275368229576	-0.0177988292624747	1
23.625	20.75	0.000514988885169285	0.976674847304506	0.20269670805931	-0.0172214039497108	1
23.875	20.75	0.000516364931525114	0.979245470480499	0.186157447074604	-0.0165121541948951	1
24.125	20.75	0.00051805385749636	0.981287565827679	0.168667236325334	-0.0156164707366661	1
24.375	20.75	0.00051980121872393	0.981794414844901	0.153935307162304	-0.0143958573235969	1
24.625	20.75	0.000521144292690057	0.979860510357707	0.146793693316281	-0.0125988134012643	1
24.875	20.75	0.000521483645903381	0.976123341405604	0.150588603095243	-0.00990987631481986	1
25.125	20.75	0.000520300992434405	0.962310784719301	0.193748010139422	-0.00653509579338409	1
25.375	20.75	0.000517554560157944	0.968626149171137	0.105160689884868	-0.000700870492749205	1
25.625	20.75	0.000514197957072053	0.894419813132094	-0.419674532744201	0.00627426761021925	1
25.875	20.75	0.000512139097216819	0.930836245434687	-0.361692943226143	0.00533683056622322	1
26.125	20.75	0.000513035780511417	0.930876350587665	-0.352473723826326	0.00664424199703568	1
26.375	20.75	0.000517953178218921	0.926937753671562	-0.372085256905657	0.00756346746000218	1
26.625	20.75	0.000527113590793012	0.933126504909601	-0.362337794501107	0.00729362746372558	1
26.875	20.75	0.000539679236192561	0.93259678141116	-0.36614512249633	0.00712386165758881	1
27.125	20.75	0.000553794621389857	0.935479042719337	-0.361289540151293	0.00652540769755238	1
27.375	20.75	0.000567023075361666	0.938647536247883	-0.352552047341997	0.00592709556811791	1
27.625	20.75	0.000576954456978396	0.943948655784615	-0.335953834732883	0.0054273406557422	1
27.875	20.75	0.000581902918971306	0.951656981714799	-0.309998314260628	0.00516428530175765	1
28.125	20.75	0.000581383759532659	0.962160877863124	-0.274811606246265	0.00512731241763213	1
28.375	20.75	0.000576121577730827	0.972359826243396	-0.241595446075083	0.00487351135964358	1
28.625	20.75	0.000567508969045439	0.9775535306958	-0.216184266987033	0.00416648358503997	1
28.875	20.75	0.000556794807456257	0.979489728251465	-0.174641103206757	0.00443386109245145	1
29.125	20.75	0.000544556981174932	0.980232180328172	-0.116761845221721	0.00696380220230326	1
29.375	20.75	0.000530813249968801	0.980551334297127	-0.0758204179343518	0.011042610778429	1
29.625	20.75	0.000515469060802167	0.981979167942511	-0.0570493547349603	0.0153075591038509	1
29.875	20.75	0.000498509511171483	0.983300644394855	-0.0487893293823023	0.0192479690276259	1
30.125	20.75	0.000479890799416951	0.983408469217632	-0.0460056975310224	0.0230392258773187	1
30.375	20.75	0.000459422207778723	0.982548236462787	-0.0488970307900533	0.0269663978300784	1
30.625	20.75	0.000436817035124912	0.981750810487485	-0.0582363475327174	0.0310965849789544	1
30.875	20.75	0.00041188761723162	0.982088105786326	-0.0724693911531766	0.0351542856657183	1
31.125	20.75	0.000384699338760717	0.983914292198431	-0.0868894691447718	0.0386417552634905	1
31.375	20.75	0.000355497704782202	0.986593642440846	-0.0967784435806504	0.0412028650175069	1
31.625	20.75	0.0003244315116915	0.989089109295617	-0.10071804017575	0.0428667533281733	1
31.875	20.75	0.000291266440487397	0.990764040354448	-0.0999022046533929	0.0439325115011367	1
32.125	20.75	0.000255246120385678	0.991572363465018	-0.0963898191477746	0.0447409675803334	1
32.375	20.75	0.00021517786603458	0.991841714167083	-0.0924868447242937	0.0455265394460391	1
32.625	20.75	0.000169761610526617	0.99202686708279	-0.0905134192424339	0.0463515343260684	1
32.875	20.75	0.000118084299456004	0.992451780958897	-0.0919272285801026	0.0471120483995471	1
33.125	20.75	6.0079481619185e-05	0.99305662757234	-0.0962941669051833	0.0476396515098812	1
33.375	20.75	-3.28894276090092e-06	0.993365027752592	-0.101647731416455	0.0478700337765803	1
33.625	20.75	-7.02494432641339e-05	0.992867376831436	-0.105493618884556	0.0479568756797013	1
33.875	20.75	-0.000138808629877372	0.991861059239665	-0.10442492112732	0.048221110284421	1
34.125	20.75	-0.000207455317204555	0.990966493355573	-0.0979563442930772	0.0488574783925555	1
34.375	20.75	-0.000275370720249212	0.989737322932945	-0.0962992003422105	0.0498881873336959	1
34.625	20.75	-0.000341738786226811	0.98757539810273	-0.109758328822482	0.0512012375770209	1
34.875	20.75	-0.000404557664044217	0.98391228605511	-0.130956151709217	0.0525741975972403	1
35.125	20.75	-0.000459796226384952	0.977393489091815	-0.151094460582155	0.054380228816988	1
35.375	20.75	-0.000501742169720698	0.967006785129865	-0.161774892526262	0.0575270859679521	1
35.625	20.75	-0.00052483173384259	0.954673598819227	-0.148390550125673	0.0636226095186747	1
35.875	20.75	-0.000526608821372879	0.945139261533321	-0.0937173243690473	0.0740088894896772	1
36.125	20.75	-0.000509611480468147	0.936473063521551	-0.00655410682198199	0.0885204861733962	1
36.375	20.75	-0.000480410631879816	0.926508171855908	0.0670715611040251	0.10594446742975	1
36.625	20.75	-0.000446944753664916	0.905394190472019	0.183279498491912	0.124693854505516	1
36.875	20.75	-0.000416697387974745	0.90035453986728	-0.0873783753323812	0.145601898082351	1
37.125	20.75	-0.000390206544017716	0.822130397853218	0.330998919462855	0.172183970702327	1
37.375	20.75	-0.000378575804062662	0.943505765100458	-0.0373327009191707	0.207430331042815	1
0.125	21.25	0.000490057519792903	0.952022573545437	-0.300301871306398	-0.0336936980578452	1
0.375	21.25	0.000490048283996784	0.817703508954879	-0.589939825357896	-0.0328256268907817	1
0.625	21.25	0.000490055666686275	0.955827103316716	-0.315705790149072	-0.0375251286455427	1
0.875	21.25	0.00049005489785171	0.899319709232509	-0.453880302616735	-0.0362048735788501	1
1.125	21.25	0.000490071590220224	0.929290449115703	-0.383896900368761	-0.0410595571132619	1
1.375	21.25	0.000490086207457512	0.991013388397321	-0.0329573615544426	-0.038999144613185	1
1.625	21.25	0.000490102827524832	0.942869929158956	0.30601499993538	-0.0370508952644738	1
1.875	21.25	0.000490115154365068	0.97478639881389	0.184778229060211	-0.034900032700639	1
2.125	21.25	0.000490120822799939	0.930605250281281	0.344917074569492	-0.0335388922027489	1
2.375	21.25	0.000490106652873054	0.895821801566245	0.423562058744037	-0.0314405901389455	1
2.625	21.25	0.000490087704162686	0.888060102889681	0.449158568626157	-0.0294434173223452	1
2.875	21.25	0.000490108080872762	0.620176171110598	-0.787520076568751	-0.0294884729560135	1
3.125	21.25	0.000490209146879217	0.51134353077064	-0.857888816093722	-0.0297533550010879	1
3.375	21.25	0.000490345173281821	0.680659991488086	0.731815904422459	-0.029780687137219	1
3.625	21.25	0.000490481264193259	0.592700037626161	0.800560378187637	-0.0292278702334403	1
3.875	21.25	0.000490607350548204	0.71575797086815	0.69135680916257	-0.0291119551197303	1
4.125	21.25	0.000490718702329447	0.705766762685853	0.698977967259884	-0.0272222294355317	1
4.375	21.25	0.000490816898082692	0.738903846323695	0.667519720865351	-0.0271261056721444	1
4.625	21.25	0.000490903813915276	0.781025605761613	0.617087130129824	-0.0255992625284405	1
4.875	21.25	0.000490985002861232	0.743549456986276	0.667526849209845	-0.0257579415348255	1
5.125	21.25	0.000491062671648827	0.798345176876063	0.602177712378707	-0.0254282759351991	1
5.375	21.25	0.000491141135087578	0.736418372686512	0.680425080216558	-0.0262826642189344	1
5.625	21.25	0.000491223173470714	0.774206363840048	0.636709201064888	-0.026561930825207	1
5.875	21.25	0.000491296877057003	0.729423566613977	0.691229994461943	-0.027812230755002	1
6.125	21.25	0.000491361591878855	0.704761187427747	0.710677730334404	-0.0284222751655555	1
6.375	21.25	0.000491384351597508	0.747719895084165	0.673171932990427	-0.0287670126581667	1
6.625	21.25	0.000491365094694418	0.539599320850855	0.838882988612616	-0.0306286904177919	1
6.875	21.25	0.000491307134917099	0.800629275931911	-0.584478363919333	-0.0286969590007779	1
7.125	21.25	0.00049123999129201	0.818676360484712	-0.552870991681745	-0.0272232883775656	1
7.375	21.25	0.00049116141041212	0.851977432037889	-0.515841226938088	-0.0243504782371534	1
7.625	21.25	0.000491062619590076	0.861149387452595	-0.519012290310541	-0.025748201836284	1
7.875	21.25	0.000490958620374103	0.836908734210156	-0.563235310331135	-0.0274295428813747	1
8.125	21.25	0.000490840988997641	0.82336304775732	-0.583250017049656	-0.0300174082217692	1
8.375	21.25	0.000490711763102559	0.779519362892138	-0.636149841139311	-0.0316871267205013	1
8.625	21.25	0.000490576922895166	0.769990686462069	-0.638760216174507	-0.0329721853884915	1
8.875	21.25	0.000490435551741745	0.723765939821774	-0.68454038412034	-0.0323496955944742	1
9.125	21.25	0.000490286829433941	0.698502460395458	-0.704877843579303	-0.0319963839210509	1
9.375	21.25	0.000490134489283505	0.674958723480568	-0.726411754698249	-0.0298928916282641	1
9.625	21.25	0.000489969970092298	0.624444479128569	-0.769753881050776	-0.0294206219150239	1
9.875	21.25	0.000489802098589134	0.661947200466192	-0.740346085767617	-0.0269705136561599	1
10.125	21.25	0.00048962278141634	0.588920191422	-0.800917431415269	-0.0274582016308474	1
10.375	21.25	0.000489441648253953	0.712062712898491	-0.696227682689976	-0.0248951425166813	1
10.625	21.25	0.000489258481522106	0.620187177826829	-0.781641735694593	-0.0264458210191981	1
10.875	21.25	0.000489084210225146	0.814479850489358	-0.577680476430193	-0.0240171701338461	1
11.125	21.25	0.000488935592749544	0.718480315853491	-0.698295784354339	-0.0263955621443575	1
11.375	21.25	0.000488828066427247	0.925651502300725	-0.381709848990157	-0.0249440237191454	1
11.625	21.25	0.000488797960106975	0.813275788783196	-0.585648088116693	-0.0274320897139504	1
11.875	21.25	0.000488849137459185	0.922437246565927	-0.348408037127765	-0.0263851893381483	1
12.125	21.25	0.000488964047560081	0.233617842278352	0.972246824173198	-0.0209502369805777	1
12.375	21.25	0.000489116250964018	0.75464478129986	0.665133272960379	-0.026485109886542	1
12.625	21.25	0.000489293384183473	0.373040830564498	0.927625285401968	-0.0230292481607933	1
12.875	21.25	0.000489513903278109	0.631176905190211	0.783139482579601	-0.0264401455602393	1
13.125	21.25	0.000489763236852784	0.488695081766036	0.873672876286491	-0.0249142747276968	1
13.375	21.25	0.000490050122554043	0.584110329154074	0.818033754726875	-0.0266304099107898	1
13.625	21.25	0.000490373297099307	0.567990943468506	0.826500981157381	-0.0265062795405778	1
13.875	21.25	0.000490729556235835	0.596434088236498	0.80823506374217	-0.0274495446742736	1
14.125	21.25	0.000491120892742071	0.62934693443881	0.78237273073501	-0.0278335852622155	1
14.375	21.25	0.000491542148133636	0.639179880461262	0.774053371536937	-0.0288033475179167	1
14.625	21.25	0.000491998116249521	0.693155268814576	0.72652744431875	-0.0289630277868656	1
14.875	21.25	0.000492490154412483	0.687768055819212	0.729845409303403	-0.030356341385721	1
15.125	21.25	0.00049303441051283	0.765543143084225	0.648038406846554	-0.0297878180126953	1
15.375	21.25	0.000493641905192696	0.724971288255627	0.691076796627728	-0.0317496743103625	1
15.625	21.25	0.000494328223710112	0.821044930829575	0.570931172300517	-0.0302137297013829	1
15.875	21.25	0.00049508544240174	0.752744759953998	0.660690080221231	-0.0321576937798882	1
16.125	21.25	0.000495863731488804	0.78802172589172	0.609062123184073	-0.0307487902671959	1
16.375	21.25	0.000496568854758363	0.826495321033231	0.569067863776588	-0.0309239752194035	1
16.625	21.25	0.000497069515521961	0.665881904171224	0.743048238234826	-0.0321963103904449	1
16.875	21.25	0.000497232637642174	0.965488770180776	0.209168618253632	-0.0306476889346935	1
17.125	21.25	0.00049710569895457	0.665318567098812	-0.746581104022933	-0.0260332335941123	1
17.375	21.25	0.000496973930454276	0.908954509476574	-0.428127867880451	-0.0309677990912435	1
17.625	21.25	0.000496951419253606	0.728812560737999	-0.685264540120829	-0.0286635910884301	1
17.875	21.25	0.000497218372517153	0.793398927807894	-0.611208688246001	-0.031244435325885	1
18.125	21.25	0.000497890910380813	0.812992133398469	-0.574343663683942	-0.0295263759596781	1
18.375	21.25	0.000499015775843626	0.703772994587766	-0.707831223756791	-0.0297201333484399	1
18.625	21.25	0.000500561161609344	0.865066254679622	-0.491312985729795	-0.0286021762616465	1
18.875	21.25	0.000502393324612927	0.68982907457009	-0.722611024983932	-0.0282393689728937	1
19.125	21.25	0.000504250436842938	0.820264082125821	-0.559467014107271	-0.0279561766044175	1
19.375	21.25	0.000505922972602209	0.795826649273468	-0.607580598185094	-0.0258692921337656	1
19.625	21.25	0.000507186275488564	0.65103043996379	-0.751182549557386	-0.0286444285416363	1
19.875	21.25	0.000507953354718382	0.946601595449599	0.295913905398733	-0.0242729485513738	1
20.125	21.25	0.000508586924325003	0.969466213417684	0.252578931316729	-0.0246579363225264	1
20.375	21.25	0.000509280660062852	0.988773362571831	0.131591089369625	-0.0252513982229068	1
20.625	21.25	0.000510033725362346	1.0012945024263	-0.0258775726052306	-0.0236491092672864	1
20.875	21.25	0.000510760538171757	1.00924894345325	0.010663821198207	-0.0263175805070886	1
21.125	21.25	0.000511390764820241	0.995854510025779	0.125953943799094	-0.0285555339089148	1
21.375	21.25	0.000511869999924801	0.997646533420623	0.00878768213743039	-0.0283221222182196	1
21.625	21.25	0.000512219459493694	0.990792896969539	-0.0552752575583911	-0.0276480626283412	1
21.875	21.25	0.000512492926813754	0.980033439971487	0.132036491430934	-0.0247281159685708	1
22.125	21.25	0.000512752490161627	0.983646120177324	0.149595260036191	-0.0222773082722458	1
22.375	21.25	0.000513041776383262	0.996471681378511	0.0858152871461584	-0.0224301810549994	1
22.625	21.25	0.000513439087442107	0.996711870360507	0.0852500837351187	-0.0226081986501051	1
22.875	21.25	0.000514044884462333	0.995297436509647	0.0944803389783251	-0.0228393852849255	1
23.125	21.25	0.000514976710603174	0.992974528667245	0.102260954306859	-0.0227146535819468	1
23.375	21.25	0.000516324940209444	0.991131188023	0.104010774546895	-0.0221722590214237	1
23.625	21.25	0.000518082378165302	0.98967353897862	0.102323109270515	-0.0212302030102694	1
23.875	21.25	0.00052006354637729	0.987905632077946	0.102315405011549	-0.0198853094562918	1
24.125	21.25	0.000521851174539904	0.985240777705855	0.10830894534934	-0.0180681473823903	1
24.375	21.25	0.000522816513249118	0.981510679315098	0.122362749464915	-0.0157101197588916	1
24.625	21.25	0.000522258037245004	0.977088414607479	0.142461766041907	-0.0128301832533309	1
24.875	21.25	0.000519679799798553	0.971396307710402	0.165449103777327	-0.00956887958881672	1
25.125	21.25	0.000515194487954294	0.96222313309931	0.193583231187531	-0.00558958458705382	1
25.375	21.25	0.000509929235961884	0.967011359205957	0.139095138631693	-0.000374413038552095	1
25.625	21.25	0.000506390710554709	0.896664429662741	-0.413824277095612	0.00597039490421381	1
25.875	21.25	0.000508052590479443	0.929040550746322	-0.361759399662355	0.00566484586764396	1
26.125	21.25	0.000516691110685753	0.931945812769259	-0.345207175475552	0.00714265240296055	1
26.375	21.25	0.000532198901779539	0.924663927440288	-0.373862309011472	0.00857213113606927	1
26.625	21.25	0.000552455457098792	0.932747489785888	-0.35989444036206	0.00847434487505857	1
26.875	21.25	0.000573695371339956	0.931319211274371	-0.365761458197398	0.00868544467612383	1
27.125	21.25	0.000591085919065846	0.934723206676532	-0.360925016024275	0.00832912480312923	1
27.375	21.25	0.000599908930297379	0.937239447159572	-0.356163934310197	0.00785622203337301	1
27.625	21.25	0.000596764817750298	0.940740356595292	-0.34825732209894	0.00722052516265377	1
27.875	21.25	0.000580634876150519	0.944912848710469	-0.336183437644549	0.00653412574628783	1
28.125	21.25	0.000553291544838089	0.949855287655447	-0.313515316665691	0.00604070565422396	1
28.375	21.25	0.000518705693857137	0.961312340977451	-0.250831436582915	0.00673421272474366	1
28.625	21.25	0.000481379003901822	0.978487364791729	-0.130520539329155	0.00951013342411484	1
28.875	21.25	0.000444326116908689	0.985853851776956	-0.0236839990356967	0.0130985065603031	1
29.125	21.25	0.000408369204549778	0.987123252597377	0.017234581189152	0.0163392327973952	1
29.375	21.25	0.000373253554927025	0.988070705761542	0.0139407746960427	0.0194331891103174	1
29.625	21.25	0.000338920086928568	0.989240155005756	-0.0041495417140302	0.0222751694350659	1
29.875	21.25	0.000305543547392261	0.989653838520879	-0.0248577982622646	0.0248469381486968	1
30.125	21.25	0.000273013035279936	0.988674904535865	-0.0476798697708846	0.0273230640520803	1
30.375	21.25	0.000240614570200114	0.986007512818094	-0.0759410569791905	0.0299395899790931	1
30.625	21.25	0.000207206468819874	0.981807239556744	-0.111858621064938	0.0328280895688819	1
30.875	21.25	0.000171772281370289	0.97703669004597	-0.152502265260392	0.0358129089020302	1
31.125	21.25	0.000133866662327964	0.973118908387743	-0.189603151002506	0.0383816830575984	1
31.375	21.25	9.34576827499308e-05	0.970474008664074	-0.216812087507076	0.0401332844746013	1
31.625	21.25	5.02940731126625e-05	0.968073900724263	-0.235046828456828	0.0411755503216288	1
31.875	21.25	3.36731568585692e-06	0.964867571732879	-0.248761097673124	0.0419085224744844	1
32.125	21.25	-4.92261725393503e-05	0.960569194612872	-0.261684362515787	0.042696968392722	1
32.375	21.25	-0.00010994261148017	0.955613408046313	-0.275448194725532	0.0437202661527617	1
32.625	21.25	-0.000180992461102813	0.951047704671482	-0.289242706189243	0.0449330466636793	1
32.875	21.25	-0.000263319524210287	0.948359783804785	-0.299720698319918	0.0461114945783787	1
33.125	21.25	-0.000355830713405391	0.948893955986926	-0.302207887478363	0.0470087755345064	1
33.375	21.25	-0.000455324040483967	0.952874235551606	-0.293644324184283	0.0475417659854642	1
33.625	21.25	-0.000557158560579088	0.959162841481741	-0.274341856520501	0.0478534963412156	1
33.875	21.25	-0.000656293051571729	0.966400185596798	-0.246916699185689	0.0482037664814965	1
34.125	21.25	-0.000748185897387272	0.973707170256727	-0.216036017017481	0.048701103256258	1
34.375	21.25	-0.000829018695672009	0.980455921449913	-0.186065869342555	0.049150397469933	1
34.625	21.25	-0.000895112073945671	0.985137303159451	-0.160864850227352	0.049399926572454	1
34.875	21.25	-0.000942229704475399	0.985776816336485	-0.145849542622275	0.0497586582726738	1
35.125	21.25	-0.000965739781141695	0.981594226421987	-0.140972057948021	0.0508751444220779	1
35.375	21.25	-0.000961976813324376	0.972456281677618	-0.139033322142034	0.053688964920883	1
35.625	21.25	-0.000930356415662716	0.959994462966707	-0.121982000849598	0.0595319374762306	1
35.875	21.25	-0.00087510411211702	0.947597677457272	-0.0706113557871577	0.0697658782318609	1
36.125	21.25	-0.000804907199071442	0.935971810064913	0.0105067826514587	0.0844699840163369	1
36.375	21.25	-0.000730293129540148	0.925548198461553	0.0920773746691577	0.102035125457861	1
36.625	21.25	-0.000660847691368899	0.906888899651151	0.203615601133571	0.120223676321381	1
36.875	21.25	-0.000603768603938676	0.903012943679226	0.00764410192801935	0.139304672503018	1
37.125	21.25	-0.000562260913040701	0.813096279375314	0.383738984410357	0.168866548038989	1
37.375	21.25	-0.000541976230984279	0.959661891441824	0.0372999367901965	0.196808137524707	1
0.125	21.75	0.000489847797423758	0.98458558662386	-0.0749467151894803	-0.0301605974638333	1
0.375	21.75	0.000489830418917286	0.461276561270075	-0.886351589702158	-0.0241734003992585	1
0.625	21.75	0.000489827419162413	0.861953076502093	-0.509137649228227	-0.0300013280209207	1
0.875	21.75	0.000489815735007813	0.501261917485502	-0.863425936149627	-0.0251684342296461	1
1.125	21.75	0.000489822436512022	0.707122788239064	-0.710204020497501	-0.0296578150584857	1
1.375	21.75	0.000489822798894806	0.455590558220761	-0.888392163198433	-0.0267547607623321	1
1.625	21.75	0.000489840460066053	0.757056637001344	-0.651389131047627	-0.0291823138466	1
1.875	21.75	0.000489844435456914	0.590408234428744	-0.801126732040725	-0.0271339372203921	1
2.125	21.75	0.000489844623013663	0.751812912065176	-0.654963479682346	-0.027725373159988	1
2.375	21.75	0.000489838215951678	0.710242758477654	-0.698143032003672	-0.0268779305983848	1
2.625	21.75	0.000489827890684165	0.921414283761063	-0.380815144783941	-0.026199819588119	1
2.875	21.75	0.00048985447941544	1.00169410089504	0.0276636652093324	-0.0264125090223903	1
3.125	21.75	0.000489954230678417	0.764818041139796	-0.641906167441457	-0.0274898226382742	1
3.375	21.75	0.00049010626236926	0.807294034134378	0.580874847395572	-0.0263342820639078	1
3.625	21.75	0.000490258776366802	0.694706449690771	0.721308042812547	-0.0251706099942773	1
3.875	21.75	0.000490412868206246	0.801800480091932	0.602434165845994	-0.0272494683322926	1
4.125	21.75	0.000490552766700432	0.666014788257595	0.752020217182776	-0.0263733479060477	1
4.375	21.75	0.00049068351663756	0.705328650951413	0.7212153865497	-0.0291682082223214	1
4.625	21.75	0.0004907970911159	0.625603807835919	0.789127833992754	-0.0295280346581022	1
4.875	21.75	0.000490904420058602	0.595135524928568	0.816564355283825	-0.0316267131103088	1
5.125	21.75	0.0004909978989623	0.57069172623591	0.829611862040555	-0.0326342144812031	1
5.375	21.75	0.000491089996916479	0.522510165227317	0.862119951705191	-0.0336219074795006	1
5.625	21.75	0.00049117224176803	0.518506620975174	0.860986672550282	-0.0346082313611674	1
5.875	21.75	0.000491242363097175	0.500014837816014	0.87050391722513	-0.0347789494399544	1
6.125	21.75	0.000491288947114619	0.487821211033402	0.875394179103383	-0.0351887999219455	1
6.375	21.75	0.000491293444327101	0.522233878640048	0.854127429156285	-0.0351484168003421	1
6.625	21.75	0.000491244226568887	0.472693273354606	0.879726541600342	-0.0349576959924644	1
6.875	21.75	0.000491162226203417	0.606649687767885	-0.790959736841	-0.0347088312830219	1
7.125	21.75	0.000491070851688162	0.560357016150429	-0.820774972380078	-0.0337556985128501	1
7.375	21.75	0.000490968834839429	0.704831591841955	-0.693104494613003	-0.0326340007002645	1
7.625	21.75	0.000490858454022466	0.71048631668064	-0.689586577788354	-0.0295231949375251	1
7.875	21.75	0.000490746312607231	0.782948112311074	-0.615186441239753	-0.0288033079637433	1
8.125	21.75	0.000490633734347452	0.805597275803265	-0.592049250566178	-0.0281765659532278	1
8.375	21.75	0.000490510467111817	0.797217524919543	-0.614503078087772	-0.0289291892824326	1
8.625	21.75	0.000490380210401305	0.814539860674959	-0.592477142705462	-0.0312351512419644	1
8.875	21.75	0.000490242256305412	0.793985397027548	-0.616804589138321	-0.0323217952181296	1
9.125	21.75	0.000490094652984853	0.780965499984385	-0.625913223353091	-0.033889260238258	1
9.375	21.75	0.000489944583603041	0.770650074732152	-0.631210405120677	-0.0330645216543571	1
9.625	21.75	0.000489780260804153	0.708790954599299	-0.693802631180967	-0.0329840674019587	1
9.875	21.75	0.000489608944868124	0.719169947465617	-0.680819460658448	-0.0302630483223281	1
10.125	21.75	0.000489418707198872	0.610015008505289	-0.780164464984966	-0.0299592604963437	1
10.375	21.75	0.000489217989587603	0.675023621882195	-0.725469254875005	-0.027052854669005	1
10.625	21.75	0.000489011703705151	0.549796058637419	-0.827951095645738	-0.027204096523794	1
10.875	21.75	0.000488815185006171	0.676600165738286	-0.727101290141493	-0.0251101041124706	1
11.125	21.75	0.000488656553151787	0.594730827775337	-0.801675273267453	-0.0250756494979374	1
11.375	21.75	0.000488558945469038	0.720432092590232	-0.688662277378541	-0.0247051482191875	1
11.625	21.75	0.000488554374433299	0.786129140412432	-0.62561072510371	-0.0239758613654185	1
11.875	21.75	0.000488626757789387	0.762868543611255	0.6425847586422	-0.0272061943060275	1
12.125	21.75	0.000488738691389983	0.300836251124134	0.95742443142558	-0.0229673870305304	1
12.375	21.75	0.000488885224349319	0.769711119754051	0.639717787980149	-0.0277383132129552	1
12.625	21.75	0.000489055371458076	0.368690488347453	0.932045609037549	-0.0233918854487435	1
12.875	21.75	0.000489258363007795	0.737716436496645	0.681111433977958	-0.0281729986159315	1
13.125	21.75	0.000489484834963693	0.492126143229023	0.873007717262964	-0.0251150880101522	1
13.375	21.75	0.000489741426452118	0.705206782458837	0.716972114046894	-0.028596857519904	1
13.625	21.75	0.000490025768990775	0.600898056014318	0.802643646855603	-0.0273683108913851	1
13.875	21.75	0.000490335995606071	0.698488274382897	0.723001757267905	-0.0292658923145858	1
14.125	21.75	0.000490673104915519	0.676088069564578	0.740680867042753	-0.0293940758725877	1
14.375	21.75	0.000491035353798857	0.721668048066054	0.69723297971385	-0.0301662515530709	1
14.625	21.75	0.000491426425296368	0.727331944020715	0.689265246392277	-0.0307854809024156	1
14.875	21.75	0.000491856321140971	0.758681888752353	0.65302770333885	-0.0309423745079934	1
15.125	21.75	0.000492338759743297	0.764767922890649	0.645625211600725	-0.0313882844607029	1
15.375	21.75	0.000492894649508968	0.776385209779644	0.627940606571444	-0.0314040494203318	1
15.625	21.75	0.000493533607035716	0.794806539075836	0.607598520529157	-0.0310664856698773	1
15.875	21.75	0.000494249449710928	0.741572498551736	0.666719384230236	-0.0317817602291155	1
16.125	21.75	0.00049497898084466	0.8349302483352	0.550875393261917	-0.0301470637101638	1
16.375	21.75	0.00049563331974409	0.685886062124383	0.726044290280842	-0.032033146535562	1
16.625	21.75	0.000496052661247642	0.857773690453155	0.505668293976831	-0.0298031390421377	1
16.875	21.75	0.000496149486196443	0.681772940403228	0.730378332663083	-0.0300802379605284	1
17.125	21.75	0.000495993252886651	0.657746048193042	-0.746242655649231	-0.0294064090860281	1
17.375	21.75	0.00049594225974372	0.66447795635437	-0.746693762633498	-0.0289773551813787	1
17.625	21.75	0.000496202747448057	0.776017407674563	-0.628063610141599	-0.0294061796489519	1
17.875	21.75	0.000496980163699951	0.660148365070105	-0.751905523221652	-0.0289066620647055	1
18.125	21.75	0.000498388095073104	0.823173878296385	-0.566288531578616	-0.0295952120078842	1
18.375	21.75	0.000500392317727025	0.689876565513145	-0.723465105976517	-0.0292047056864316	1
18.625	21.75	0.000502798274996391	0.821885683522124	-0.562637098935613	-0.0293142551504488	1
18.875	21.75	0.000505310107259539	0.775779752930158	-0.632768188427462	-0.028141423879883	1
19.125	21.75	0.000507520302622883	0.740932126219028	-0.661990640140263	-0.0300121531431536	1
19.375	21.75	0.000509160398482616	0.901979551520633	-0.435462303556107	-0.0259899667503547	1
19.625	21.75	0.000510188201061672	0.591101795047729	-0.802290910716907	-0.0313547604297787	1
19.875	21.75	0.000510725274985952	0.965834448303263	-0.210886104169545	-0.0249257651681389	1
20.125	21.75	0.000511196423754609	0.96489095951176	0.281126697091517	-0.0261727070376205	1
20.375	21.75	0.000511651594184551	0.984218087276591	0.205602583534268	-0.0274572493413492	1
20.625	21.75	0.000511982678298072	0.975733878071529	0.228563202114947	-0.0290551237531053	1
20.875	21.75	0.000512014213188962	0.984753250240131	0.136623765524088	-0.0285742226079469	1
21.125	21.75	0.000511660818044387	0.993829092762955	-0.0777620837134741	-0.0263570571804184	1
21.375	21.75	0.000511003798015628	0.994912596702744	-0.126552454966021	-0.0272559053090644	1
21.625	21.75	0.000510310298020063	0.979909516615927	-0.169331110082771	-0.0281043102113379	1
21.875	21.75	0.000509892549242188	0.98559767819491	-0.0205979029177786	-0.0246891486836133	1
22.125	21.75	0.000509833983234536	0.977129707999428	0.162948588983403	-0.0212616714489432	1
22.375	21.75	0.000510136763862374	0.973447833539565	0.211463046878369	-0.0200706877868289	1
22.625	21.75	0.000510898239068324	0.966235943936676	0.248728862591858	-0.0192941178440266	1
22.875	21.75	0.000512201904389152	0.962400948871294	0.264586291777582	-0.0188018621684412	1
23.125	21.75	0.000514061222622032	0.961277321416556	0.266711294258346	-0.018184062814401	1
23.375	21.75	0.000516328377983367	0.963094029742923	0.258564595528872	-0.0174280588133285	1
23.625	21.75	0.000518599206435312	0.966837615334143	0.243946227848709	-0.0166184418367119	1
23.875	21.75	0.000520163783161045	0.971350650457717	0.225657401006775	-0.0158383138694856	1
24.125	21.75	0.000520084892653078	0.975714399953975	0.204701102330481	-0.0150835473862336	1
24.375	21.75	0.000517466893170781	0.978540949224348	0.182862703021409	-0.0142178411931393	1
24.625	21.75	0.000511915098389994	0.978232030766178	0.166260577709751	-0.012811190986648	1
24.875	21.75	0.000504083624586513	0.970594938036293	0.17454698225221	-0.0104341855083747	1
25.125	21.75	0.000496101913164972	0.962913283991516	0.198553497908143	-0.00598534473104855	1
25.375	21.75	0.000491603243564507	0.946945528822173	0.258861427087487	-0.00211185991116173	1
25.625	21.75	0.000494989996383728	0.89459933056518	-0.415042279362993	0.00360045071523514	1
25.875	21.75	0.000510016340454294	0.912284914737443	-0.396433279174728	0.00451822261522331	1
26.125	21.75	0.000535719967154084	0.927925287668447	-0.350441513067413	0.00598653901090336	1
26.375	21.75	0.000567426030317095	0.915002917505031	-0.390987365147192	0.00833568039634781	1
26.625	21.75	0.00059746632654855	0.9278172211839	-0.368304249523713	0.00850320921711127	1
26.875	21.75	0.000617057297490694	0.924622669989303	-0.379134613528285	0.00914086156038742	1
27.125	21.75	0.000617859532567777	0.928190888470451	-0.37540311020346	0.00894864261597178	1
27.375	21.75	0.000594063357462279	0.930902583856908	-0.369463557606928	0.00869729624592911	1
27.625	21.75	0.000544008868020939	0.93663016704145	-0.354251726576039	0.00844802861239058	1
27.875	21.75	0.000471093462040982	0.9454226650553	-0.330023154025719	0.00831068515397919	1
28.125	21.75	0.000383364572894432	0.956529650663406	-0.303738462092286	0.00803646231752398	1
28.375	21.75	0.000291405042621941	0.96239477166837	-0.299224658408104	0.00672449061445549	1
28.625	21.75	0.000204625280730937	0.958410364518486	-0.309537712584828	0.00442118378023714	1
28.875	21.75	0.000127919085608732	0.960629524189349	-0.271175800637038	0.0038362540549424	1
29.125	21.75	6.17186669877497e-05	0.968816532488417	-0.199278542858176	0.00635105771606645	1
29.375	21.75	4.83555073274558e-06	0.974786882341406	-0.152446538453099	0.0101775975181458	1
29.625	21.75	-4.3477851548446e-05	0.979900662650192	-0.12454243055901	0.0137021752011054	1
29.875	21.75	-8.39198051648746e-05	0.982960045201668	-0.103901744529905	0.0168048111179801	1
30.125	21.75	-0.000118244524422171	0.983485033412622	-0.086340850064664	0.0199120887300698	1
30.375	21.75	-0.000149745256997054	0.981949524959634	-0.0722500232847815	0.0235351406777411	1
30.625	21.75	-0.000182631284851415	0.980071680988397	-0.0657286448348283	0.0279226035398696	1
30.875	21.75	-0.000220561455192921	0.980376047762824	-0.070648548730218	0.0326761874150138	1
31.125	21.75	-0.0002654310203495	0.984029548006455	-0.0811332630187624	0.0367367099510668	1
31.375	21.75	-0.000317691074768978	0.989394944046951	-0.0864032015771385	0.0392720506208233	1
31.625	21.75	-0.00037783309724335	0.993835382674722	-0.0845388256111459	0.0404032948435251	1
31.875	21.75	-0.00044745591743524	0.996180593254724	-0.079095235571786	0.0407401466509744	1
32.125	21.75	-0.000529359592114311	0.99656090887165	-0.0740629974986517	0.0408631385364894	1
32.375	21.75	-0.000626676356386233	0.995562817515084	-0.0732744476242296	0.0411570154005913	1
32.625	21.75	-0.000741224813445459	0.993881502041059	-0.0801107293919694	0.0417674338645509	1
32.875	21.75	-0.000871692002388616	0.992082317975918	-0.0954316673853029	0.0425893517539256	1
33.125	21.75	-0.00101263816572095	0.990405832043648	-0.115433143544243	0.0433622431699967	1
33.375	21.75	-0.00115505154397225	0.988917579101838	-0.133303680975036	0.0439033082284342	1
33.625	21.75	-0.001288156624598	0.987783996033381	-0.14368372861432	0.0442683719170171	1
33.875	21.75	-0.0014013976222603	0.987358615780057	-0.144771977757837	0.044656523961458	1
34.125	21.75	-0.00148568450054183	0.987789225768384	-0.138741851323498	0.0451885664688301	1
34.375	21.75	-0.0015335873885266	0.988609043947622	-0.131167042666333	0.0458340732749465	1
34.625	21.75	-0.00153900512250982	0.989046555046217	-0.126508357251995	0.0465089495857339	1
34.875	21.75	-0.00149747535240973	0.988115629038542	-0.124482650699097	0.0472665462636762	1
35.125	21.75	-0.00140792131168692	0.984421288192799	-0.122430266802257	0.0485491960306931	1
35.375	21.75	-0.0012753850892754	0.976665363813371	-0.115082892365488	0.0512838566127597	1
35.625	21.75	-0.00111290666330858	0.964953100602889	-0.0912275477898939	0.0568855397289751	1
35.875	21.75	-0.000940221250050908	0.95135157474808	-0.0377744007365062	0.0667260507018147	1
36.125	21.75	-0.000778737225961083	0.937151431392941	0.0401797525565064	0.0809088378697871	1
36.375	21.75	-0.000646067306417997	0.924927361903947	0.114679856229763	0.0979678899046874	1
36.625	21.75	-0.000553032147326803	0.919253878940598	0.192831329941969	0.115674788701377	1
36.875	21.75	-0.000499972853512273	0.890816960871257	0.182998749237096	0.13000356771107	1
37.125	21.75	-0.000473442208965671	0.853586259534944	0.285258940574459	0.163561163655571	1
37.375	21.75	-0.000470145292264318	0.965410428345298	0.169354025349165	0.185095726671364	1
0.125	22.25	0.000489683472948034	0.993478159306933	0.0435377274839314	-0.0355124376965194	1
0.375	22.25	0.000489665461644581	0.8242943731759	-0.57203159163407	-0.0330017358338209	1
0.625	22.25	0.000489655200019679	0.966447862208759	-0.286699673860521	-0.0375608719065009	1
0.875	22.25	0.000489624551727246	0.929751106212161	-0.380800549056361	-0.0370601321187474	1
1.125	22.25	0.00048960843928594	0.970571740155479	-0.261241865813122	-0.0400222840374943	1
1.375	22.25	0.000489584602414365	0.943859539047675	-0.3219965942374	-0.0397826802803731	1
1.625	22.25	0.000489575800896619	0.995614326033171	0.0358406416752975	-0.0387242609838635	1
1.875	22.25	0.000489573317400126	0.991485884651214	0.0768846495780276	-0.0381775113842652	1
2.125	22.25	0.000489567055667887	0.98764646601099	0.0732304472672195	-0.0362459545243779	1
2.375	22.25	0.000489561770169126	0.993196589788814	0.0385536978353214	-0.0335700031388795	1
2.625	22.25	0.000489569294791072	0.977249353295538	-0.176009855197237	-0.0334702671117998	1
2.875	22.25	0.000489613109956018	0.853492396895875	-0.506805062498604	-0.0303184554564811	1
3.125	22.25	0.000489734467862437	0.875650313135956	-0.467325621333044	-0.0309217331940766	1
3.375	22.25	0.000489903342701034	0.513529764377088	0.855200477879877	-0.0275670166871907	1
3.625	22.25	0.000490072370350389	0.679009010764486	0.748010761683907	-0.0302380826383545	1
3.875	22.25	0.000490239549515695	0.628231604164446	0.779618242991745	-0.0314408609505946	1
4.125	22.25	0.000490397799849996	0.568438271248274	0.831269202160766	-0.0306314889210643	1
4.375	22.25	0.000490539272621536	0.625227537207764	0.783335945062381	-0.0338314539303048	1
4.625	22.25	0.000490668844010265	0.571303402456995	0.822763973098256	-0.0313037764447081	1
4.875	22.25	0.000490783275406639	0.593993793750451	0.805775260303451	-0.0346311899359681	1
5.125	22.25	0.000490887189278015	0.627360058877102	0.774208686737988	-0.0315945538004449	1
5.375	22.25	0.000490983222702661	0.588078486149418	0.807817723565218	-0.0337627888456046	1
5.625	22.25	0.000491067445419861	0.675825804296503	0.728682249548537	-0.0314519995803591	1
5.875	22.25	0.000491135874748999	0.622426901524453	0.779396787642381	-0.0319065411115402	1
6.125	22.25	0.000491175655978345	0.696263555328609	0.710762488549293	-0.030836225782946	1
6.375	22.25	0.00049116894070932	0.668537211789774	0.739359441500511	-0.03058196599809	1
6.625	22.25	0.000491102587883785	0.706488316460626	0.704485117665993	-0.0300028515133418	1
6.875	22.25	0.00049100755053637	0.697506924335525	-0.719828350470582	-0.030380278627305	1
7.125	22.25	0.000490911098222544	0.683681212781926	-0.731839532780999	-0.0314422641492744	1
7.375	22.25	0.000490802301722573	0.654371954663503	-0.755339366120293	-0.0315122444341609	1
7.625	22.25	0.000490679670083994	0.716907052019588	-0.690001910410777	-0.0315122961039135	1
7.875	22.25	0.000490552933252848	0.675039617809973	-0.730829505123549	-0.0299652192101295	1
8.125	22.25	0.000490423073029924	0.775212889585854	-0.622019587471829	-0.0298315768548739	1
8.375	22.25	0.00049029179426515	0.740769804087071	-0.667634631604945	-0.0278568603628904	1
8.625	22.25	0.000490157508583838	0.79290899754962	-0.613844898743323	-0.0289628683881331	1
8.875	22.25	0.000490021472324881	0.783882195569844	-0.629880938074106	-0.0293237071276717	1
9.125	22.25	0.000489876495817275	0.788845897819833	-0.627096050286247	-0.0315313614046014	1
9.375	22.25	0.000489728146270746	0.805410164060515	-0.603245248769626	-0.0326939657456366	1
9.625	22.25	0.000489567573288693	0.776869267699254	-0.632640727951652	-0.0346105507665538	1
9.875	22.25	0.000489400012201499	0.80670310902521	-0.5866147923258	-0.0337180392305342	1
10.125	22.25	0.000489213855119742	0.727089580522523	-0.676248150658998	-0.0342003852094156	1
10.375	22.25	0.000489011965877593	0.76809766527933	-0.624623122966328	-0.0313210328395688	1
10.625	22.25	0.000488799054024124	0.645477341040785	-0.752296393322738	-0.0307507298387121	1
10.875	22.25	0.000488588054214925	0.701636139729132	-0.698601382899912	-0.0285793126092604	1
11.125	22.25	0.000488415265798602	0.609403541545456	-0.784429156052816	-0.027366737511128	1
11.375	22.25	0.000488310921485485	0.648838051795917	-0.75191375517867	-0.0267470480789414	1
11.625	22.25	0.000488310326480249	0.656616555346534	-0.747325482900609	-0.0251006741398794	1
11.875	22.25	0.000488391720291824	0.670997643640004	0.740458508271752	-0.0254071838565384	1
12.125	22.25	0.00048849952629066	0.574753547245111	0.826449000863247	-0.0247952858440694	1
12.375	22.25	0.000488638174917822	0.737700156826047	0.678178640634686	-0.0274365947748593	1
12.625	22.25	0.000488796744965068	0.540901333883083	0.84959257431464	-0.0256198334033544	1
12.875	22.25	0.000488980069223553	0.755227161532587	0.661874387757822	-0.0293781546021331	1
13.125	22.25	0.000489182905831319	0.564804537628972	0.832080345593096	-0.0273170484884971	1
13.375	22.25	0.000489409650507248	0.744520575537772	0.674640031707877	-0.0308178236118269	1
13.625	22.25	0.000489658027336518	0.62394701150599	0.785154140906563	-0.0292337075751645	1
13.875	22.25	0.000489925357800811	0.734042413529839	0.683620247512598	-0.0315200305216948	1
14.125	22.25	0.000490215529518537	0.692138942879024	0.721933596160251	-0.0305335560858396	1
14.375	22.25	0.000490524881060395	0.742532200305281	0.67054093177303	-0.0315321161496312	1
14.625	22.25	0.000490864614646596	0.749772179048299	0.65972549939396	-0.0308789127429528	1
14.875	22.25	0.000491243167287416	0.761114169589386	0.647235679721919	-0.0312229009288126	1
15.125	22.25	0.000491681010594618	0.781116639137409	0.622365619636096	-0.0306810024281774	1
15.375	22.25	0.00049219548156301	0.77217861567435	0.635147575735265	-0.0309585782051382	1
15.625	22.25	0.000492794653836424	0.778320437663787	0.626315954791615	-0.0306990922016998	1
15.875	22.25	0.000493459373491917	0.786273376886731	0.620085003569115	-0.0306633282047629	1
16.125	22.25	0.000494120303846249	0.748531295512866	0.662581158106575	-0.0312920048336632	1
16.375	22.25	0.000494672740839071	0.807796437332058	0.588807211318317	-0.0304803682015642	1
16.625	22.25	0.000494987006579567	0.716124105523769	0.698506376239802	-0.0311361115549984	1
16.875	22.25	0.000495003732060372	0.781183796777093	0.621562643521144	-0.0306819291458654	1
17.125	22.25	0.000494892762945257	0.710104055474112	-0.702491034411141	-0.030136386790886	1
17.375	22.25	0.000495103236526683	0.724441688764524	-0.687886261618326	-0.0308135098821959	1
17.625	22.25	0.000495943007611967	0.749074227384586	-0.658029429972716	-0.0300859292852573	1
17.875	22.25	0.000497616325302638	0.677242252013437	-0.737283083370375	-0.0301380296802945	1
18.125	22.25	0.000500161750732262	0.777389742464383	-0.622560323550423	-0.0307089937826575	1
18.375	22.25	0.000503359622369526	0.694243665231272	-0.721998047417332	-0.0290429036235741	1
18.625	22.25	0.000506691818900653	0.757398714741487	-0.644509614323306	-0.031361082026109	1
18.875	22.25	0.000509529964900454	0.792558990418178	-0.610612067251778	-0.0272550455853051	1
19.125	22.25	0.000511221795305866	0.692488058775131	-0.717309919729019	-0.0318887876881848	1
19.375	22.25	0.000511450293761123	0.88847719175629	-0.450457138797994	-0.0262690362448341	1
19.625	22.25	0.000510495936519208	0.709186836645657	-0.710604696194483	-0.0307596733628058	1
19.875	22.25	0.000509165682903292	0.813942054260301	-0.562294639245384	-0.0279045294745897	1
20.125	22.25	0.00050827781309072	0.965411519038107	0.249585980584512	-0.026824297263637	1
20.375	22.25	0.000507599160645072	0.990845553919157	0.111750091385165	-0.0266454186068077	1
20.625	22.25	0.000506629389667151	0.999022318707974	0.0194293202764219	-0.0255985446863775	1
20.875	22.25	0.000504987240738893	1.00536580147376	0.00972895773134748	-0.0264957320935068	1
21.125	22.25	0.000502601781770379	1.0023468787945	0.0550953900353792	-0.0285481712765892	1
21.375	22.25	0.000499850432754291	0.997570581486686	0.0230680668515056	-0.028630401014582	1
21.625	22.25	0.000497443858329214	0.992042120185446	0.000733305260599807	-0.0276987166228683	1
21.875	22.25	0.000496070665203501	0.982962193656291	0.129323464628375	-0.0248830209102381	1
22.125	22.25	0.000495820675135259	0.988283759233211	0.144790500126368	-0.0235614265341233	1
22.375	22.25	0.00049655392807848	0.998724796930601	0.0870713624744991	-0.024493391194896	1
22.625	22.25	0.000498181110936797	0.998786601875961	0.0695203295575675	-0.0250684298906334	1
22.875	22.25	0.00050047641163901	0.997703630415688	0.0633453924338548	-0.0253299150501532	1
23.125	22.25	0.000503005660545348	0.996660876638234	0.054851047019717	-0.0251466429806052	1
23.375	22.25	0.00050502547103775	0.995993190458599	0.0446737900809363	-0.024635846652414	1
23.625	22.25	0.00050542807801348	0.994988753832003	0.0376024159060512	-0.0238672337876245	1
23.875	22.25	0.000502868359604609	0.992606273041228	0.0397555336897676	-0.0227118607319643	1
24.125	22.25	0.000496179565881429	0.987986645780885	0.0570185556867572	-0.0208038974872451	1
24.375	22.25	0.000485092268665113	0.980599072235994	0.0960388761095144	-0.0177810124180025	1
24.625	22.25	0.000471097637799016	0.971986356767936	0.151161993597163	-0.0137050033803986	1
24.875	22.25	0.000458113552655046	0.958024293533957	0.217068144561778	-0.0097817530802228	1
25.125	22.25	0.000452362247095472	0.958108983153879	0.226646034713486	-0.00479355526469557	1
25.375	22.25	0.000461042975170409	0.933440815095024	0.318799051331553	-0.00208127056836224	1
25.625	22.25	0.000488580406380799	0.907163071000191	-0.385960896181628	0.00251951921057506	1
25.875	22.25	0.00053256620675465	0.907412396467504	-0.402893405449803	0.00461254572869024	1
26.125	22.25	0.000582445924322225	0.933566627017663	-0.331658561266308	0.00584621215621759	1
26.375	22.25	0.000623764184797357	0.912599097389637	-0.392713600467908	0.00887452142728881	1
26.625	22.25	0.000640639566213324	0.929539186094686	-0.359974547398724	0.00912279968928893	1
26.875	22.25	0.000619857717409462	0.92563821583041	-0.37100482448904	0.0103589587099363	1
27.125	22.25	0.000553453591716844	0.930512579490255	-0.365732196370037	0.010608597083709	1
27.375	22.25	0.000440577629391673	0.931362924278504	-0.368643568873282	0.0105824900799513	1
27.625	22.25	0.000288311516008799	0.931248896533216	-0.374752239643949	0.0100326463283746	1
27.875	22.25	0.000111066586618154	0.930505635521338	-0.378187778474606	0.00915926060876838	1
28.125	22.25	-7.17478929286278e-05	0.933706335788871	-0.357990700932918	0.00861161554923376	1
28.375	22.25	-0.000240241042225736	0.957127656108094	-0.252132967714437	0.0101536385074343	1
28.625	22.25	-0.000380682909851271	0.981329255120888	-0.062894822011222	0.0144749674810892	1
28.875	22.25	-0.000489395099520091	0.983566817504449	0.0629925321454145	0.0188700207254941	1
29.125	22.25	-0.000569604791533539	0.985911190331426	0.0896663296750833	0.0220370975915646	1
29.375	22.25	-0.000625872915461993	0.98979847833034	0.0791918954780486	0.0243308843333625	1
29.625	22.25	-0.000662221680231417	0.99294493817858	0.0612515454672867	0.0260978750928923	1
29.875	22.25	-0.000683406575966409	0.995044633535048	0.0428697393258366	0.0275094469130752	1
30.125	22.25	-0.000696450052999962	0.995902698912069	0.020976572005002	0.0287367468188735	1
30.375	22.25	-0.000710813474145535	0.994739341063496	-0.0136989823505872	0.0300698520533806	1
30.625	22.25	-0.000736592939123357	0.990003162909354	-0.06961299628079	0.031888494437493	1
30.875	22.25	-0.000781261192334003	0.981493016896366	-0.142051472352913	0.0343275132748297	1
31.125	22.25	-0.000847039618626032	0.973393651417046	-0.206412361115979	0.0365243635181941	1
31.375	22.25	-0.00093200459780834	0.969612330600996	-0.243110734780902	0.037407663694672	1
31.625	22.25	-0.00103401475591052	0.967983457974651	-0.258456617563214	0.0372549785284544	1
31.875	22.25	-0.0011528925495154	0.966009980505315	-0.26457422721166	0.0368268866676593	1
32.125	22.25	-0.00129007812721983	0.962938439778374	-0.26882746590121	0.0366626324649858	1
32.375	22.25	-0.00144641537753604	0.95884083887349	-0.274903561430015	0.0370289679244321	1
32.625	22.25	-0.00161894528782116	0.954487197756778	-0.283658251306618	0.0379284110730497	1
32.875	22.25	-0.00179826246803352	0.95148868890739	-0.292135829422319	0.0391083962625563	1
33.125	22.25	-0.00196827354262508	0.95171166570714	-0.294202023090056	0.0402048011026997	1
33.375	22.25	-0.00210900128111636	0.955602324038729	-0.2855079628657	0.0410066730619134	1
33.625	22.25	-0.00220082932605672	0.961716855159128	-0.26695179504731	0.0415786634687057	1
33.875	22.25	-0.00222775001424717	0.968470782257836	-0.242048650288918	0.0420986183815984	1
34.125	22.25	-0.00217856242242194	0.975060621283321	-0.214188360089064	0.0426412347435509	1
34.375	22.25	-0.00204657733555787	0.980860743902813	-0.186476855347295	0.0431452882588762	1
34.625	22.25	-0.00182939539064091	0.984927797193549	-0.161730606152746	0.0435846446423961	1
34.875	22.25	-0.00153049799760173	0.98619007770647	-0.141487581334418	0.0441675192563034	1
35.125	22.25	-0.0011630538920764	0.983722799057686	-0.124183940703575	0.0454277116073836	1
35.375	22.25	-0.000753941194633587	0.976865775671173	-0.103750399802183	0.0482897457562364	1
35.625	22.25	-0.000343981297211249	0.965984540948447	-0.0689433970797736	0.0540315252661654	1
35.875	22.25	1.89870718931182e-05	0.952646241449386	-0.0101217029358902	0.0637220390995082	1
36.125	22.25	0.000292222302088375	0.937858323709378	0.0658199710196601	0.0772210160823428	1
36.375	22.25	0.000447534650811163	0.922011881655597	0.135143461326095	0.0933426854691399	1
36.625	22.25	0.000475312630936017	0.932643500984031	0.165766848618296	0.111524826470394	1
36.875	22.25	0.000394238324298008	0.860588608455286	0.359319295283061	0.12042263982515	1
37.125	22.25	0.000303189900516831	0.896002977550797	0.153213283094419	0.151483546403642	1
37.375	22.25	0.000200490889041018	0.928575771989323	0.376548427411446	0.168588545655218	1
0.125	22.75	0.000489388835315747	0.893190046932701	-0.422134279653646	-0.0287175666921741	1
0.375	22.75	0.000489372330771476	0.531444246991854	-0.837505637862825	-0.0230776463713151	1
0.625	22.75	0.000489365811695476	0.824309165615522	-0.565138269094269	-0.0271721777643945	1
0.875	22.75	0.000489343280539166	0.557112006388241	-0.831921914991374	-0.0233795455209663	1
1.125	22.75	0.000489321150052637	0.79496101372147	-0.614788590836242	-0.028176957487075	1
1.375	22.75	0.00048928563947519	0.54920348023042	-0.839596543551495	-0.0260603543772626	1
1.625	22.75	0.000489258153999056	0.727933952393622	-0.684646525414848	-0.029268600742707	1
1.875	22.75	0.000489229366003768	0.725004391502439	-0.686782758355846	-0.0263061886210676	1
2.125	22.75	0.000489209077582747	0.810604104257119	-0.584992872402958	-0.0285881104771608	1
2.375	22.75	0.000489215840725558	0.746582436914304	-0.660137528053637	-0.026741562923731	1
2.625	22.75	0.000489251035051254	1.00821536021589	-0.000125072649062898	-0.0270280896862544	1
2.875	22.75	0.000489355771227225	0.991748968728362	0.187219427088567	-0.0311079889966304	1
3.125	22.75	0.000489505097113707	0.979814543543517	0.118713715366413	-0.0317518210250982	1
3.375	22.75	0.000489681877306447	0.386322531314111	0.926977337474516	-0.0247373487665965	1
3.625	22.75	0.000489872043498081	0.855891240876093	0.53339926043852	-0.0326968098387831	1
3.875	22.75	0.000490049624688782	0.482274900356789	0.874978991931482	-0.0287073652128499	1
4.125	22.75	0.000490223898449264	0.716923856112198	0.706155758541383	-0.0322887447477602	1
4.375	22.75	0.000490376616976287	0.566195714981223	0.820322059763511	-0.0314510493946862	1
4.625	22.75	0.00049051996910869	0.653532385515013	0.761113572639005	-0.0310559852032657	1
4.875	22.75	0.000490645087148881	0.584793869615133	0.808305789598486	-0.0329509650480328	1
5.125	22.75	0.000490760939349485	0.65915643685712	0.752413914549996	-0.0301108858347008	1
5.375	22.75	0.000490864953882164	0.560934785737832	0.828894140641562	-0.0333434411089283	1
5.625	22.75	0.000490954997762332	0.678614830249897	0.732874776513665	-0.0302694440958411	1
5.875	22.75	0.000491026680789912	0.550317971842564	0.839615322056975	-0.0330437036697906	1
6.125	22.75	0.000491062983357738	0.664216576132054	0.747057597094545	-0.0314869087694548	1
6.375	22.75	0.000491051870827149	0.583305965268476	0.81744125433934	-0.0329398224125921	1
6.625	22.75	0.000490977806492002	0.620091203167804	0.786075673090597	-0.032982200699996	1
6.875	22.75	0.000490870945385783	0.622636033134951	-0.780041487990222	-0.0332490250930718	1
7.125	22.75	0.000490763228381749	0.667385769224412	-0.741702960439051	-0.0328097010632236	1
7.375	22.75	0.000490645050569778	0.616860030350548	-0.7848118476614	-0.0328153211437659	1
7.625	22.75	0.000490516535180607	0.695961655424944	-0.713805743835912	-0.0326910187540803	1
7.875	22.75	0.000490377133974979	0.643991591743088	-0.759943374910588	-0.0319840269146651	1
8.125	22.75	0.000490233196862863	0.718196394928154	-0.68850942353493	-0.0317420399344223	1
8.375	22.75	0.000490082445854289	0.71360372997513	-0.690853302719638	-0.030323382289698	1
8.625	22.75	0.000489930732229947	0.747168816600098	-0.657800989664707	-0.0295393543394648	1
8.875	22.75	0.000489779932330892	0.768494666473991	-0.636068297657198	-0.0288141361617549	1
9.125	22.75	0.000489627065805864	0.761906203207187	-0.650607491416305	-0.0289958555992535	1
9.375	22.75	0.000489472905712048	0.788069514942668	-0.62434719084875	-0.0297382870667388	1
9.625	22.75	0.000489311721460732	0.762670251578773	-0.656584428640791	-0.0316165828244769	1
9.875	22.75	0.000489143408098543	0.801305381196313	-0.607476129053418	-0.0323560692735924	1
10.125	22.75	0.000488960922544588	0.759870854945851	-0.653283791071767	-0.0343475348055168	1
10.375	22.75	0.000488764167590907	0.798490257190215	-0.596061453175205	-0.0334216109732135	1
10.625	22.75	0.000488555950503959	0.738221071720769	-0.666026701830806	-0.0333383976981066	1
10.875	22.75	0.000488348158555763	0.735502487016323	-0.663324784299157	-0.0315852815623921	1
11.125	22.75	0.000488171218822655	0.705309340167994	-0.698347380837144	-0.0299573120248814	1
11.375	22.75	0.000488063829725671	0.635072302415565	-0.763017954340176	-0.0291965623715327	1
11.625	22.75	0.000488062453783523	0.712401551165964	-0.692585995224723	-0.0277039591412132	1
11.875	22.75	0.000488148599823122	0.572717039603676	0.824510252251336	-0.0272646496817087	1
12.125	22.75	0.000488250855398325	0.649118980999905	0.769812937578197	-0.0287752787100703	1
12.375	22.75	0.000488380695284862	0.64254651234386	0.770592101136109	-0.0295888929523163	1
12.625	22.75	0.000488524928749739	0.602019232289409	0.805682880775815	-0.0298776938258572	1
12.875	22.75	0.000488687781446988	0.696041791731455	0.719813755517728	-0.0313283386904306	1
13.125	22.75	0.000488864884534853	0.600255500676396	0.803014778236017	-0.0303956964310561	1
13.375	22.75	0.000489061552426291	0.735333678141214	0.67650715208917	-0.0320442121610664	1
13.625	22.75	0.000489273286226965	0.64905443341013	0.759349101775908	-0.0303247430081555	1
13.875	22.75	0.000489501766439634	0.766566664018794	0.639492184269927	-0.0316353486477712	1
14.125	22.75	0.0004897490617593	0.71978276797118	0.690713470581774	-0.0300560268891171	1
14.375	22.75	0.000490015850016019	0.78983859864575	0.612248885517137	-0.0307890417681601	1
14.625	22.75	0.000490314265757573	0.771656165935007	0.635318177862498	-0.0301930010930279	1
14.875	22.75	0.000490657170538316	0.795205593640314	0.607705206549472	-0.0306932827137929	1
15.125	22.75	0.000491063260394569	0.796153758446191	0.609064321480967	-0.0307652720666092	1
15.375	22.75	0.000491548312195965	0.769930951317839	0.638688347019557	-0.0317472683974954	1
15.625	22.75	0.000492110137261344	0.820128884951638	0.577250156697011	-0.0309033040534938	1
15.875	22.75	0.000492714463677102	0.709819391056062	0.703652532621604	-0.0331274805106254	1
16.125	22.75	0.00049327805612315	0.843202774960137	0.534225984067952	-0.0305820544197566	1
16.375	22.75	0.000493709190464885	0.654583298223352	0.755284754108506	-0.0324702539667452	1
16.625	22.75	0.000493892795810402	0.808331597187773	0.580758457736108	-0.0304698136746759	1
16.875	22.75	0.0004938958476183	0.663223626237875	0.747698975512637	-0.0302944952684423	1
17.125	22.75	0.000493992820953977	0.75712398533361	-0.648662954869794	-0.0303145365308301	1
17.375	22.75	0.000494722741837811	0.611268731024225	-0.794629952900167	-0.0293909436405899	1
17.625	22.75	0.000496484919531217	0.832868454236386	-0.544346723553123	-0.03135242247908	1
17.875	22.75	0.000499445241847273	0.597268445603866	-0.805465524719457	-0.0277111277467287	1
18.125	22.75	0.000503437230451177	0.822052594346789	-0.56561307240234	-0.0322835019183878	1
18.375	22.75	0.000507919463814849	0.668402262278295	-0.744530060732623	-0.0274688680499676	1
18.625	22.75	0.000511826351388863	0.753804793669044	-0.656591295809905	-0.0326492341228847	1
18.875	22.75	0.000513973694614361	0.76185686719361	-0.641377380523131	-0.0277105085327959	1
19.125	22.75	0.000513271034285463	0.72376279693841	-0.693319888613298	-0.0315045173366528	1
19.375	22.75	0.000509327181983629	0.769968433113704	-0.623161876895909	-0.0286488147835056	1
19.625	22.75	0.000502852244582596	0.845620590228931	-0.543588835715105	-0.0281892588051704	1
19.875	22.75	0.000495774775600444	0.634798666966218	-0.764343458979445	-0.0313314348091511	1
20.125	22.75	0.000490423202953282	0.989548400789709	-0.0717116017192107	-0.0263107225523636	1
20.375	22.75	0.000486667484911622	0.993918457445806	0.1496384655842	-0.0277014338173889	1
20.625	22.75	0.0004828677306902	0.989967737287963	0.157407311373112	-0.028993033496332	1
20.875	22.75	0.000478227522974847	0.992544715532622	0.103181320868229	-0.0290105325738085	1
21.125	22.75	0.000472724931928637	0.997481475499726	-0.0352734245926329	-0.028108685278572	1
21.375	22.75	0.000467156529355028	0.994216780961091	-0.106685241980712	-0.0282908757641233	1
21.625	22.75	0.000462782386642091	0.985402840247166	-0.127352298144118	-0.0282947446970794	1
21.875	22.75	0.000460652178546444	0.985627885109724	-0.0243381324350321	-0.025276885631223	1
22.125	22.75	0.000460672459472907	0.978873962567624	0.135381455477088	-0.021485720549745	1
22.375	22.75	0.000462183143691064	0.965900580442543	0.239350020650763	-0.0194517946112929	1
22.625	22.75	0.000464448074010926	0.953067908656199	0.298394681658496	-0.018861418130278	1
22.875	22.75	0.000466480528122898	0.944484376151384	0.323379039285481	-0.0184962769901242	1
23.125	22.75	0.000467008721298918	0.941760715460593	0.327420251668493	-0.0177066720978068	1
23.375	22.75	0.000464480590043371	0.94327335790106	0.321535614010881	-0.0167187446155471	1
23.625	22.75	0.000457199684770193	0.946580165286316	0.311670097869132	-0.0156703455459743	1
23.875	22.75	0.000443862724655496	0.950716568649926	0.299911753743484	-0.0146467698402307	1
24.125	22.75	0.000424535592428178	0.956663218085628	0.282763614765661	-0.0137121493553528	1
24.375	22.75	0.000401878324930705	0.964672740993531	0.254411662874988	-0.0130009157561867	1
24.625	22.75	0.00038210023989118	0.97276699826892	0.212155968269311	-0.0121895223768379	1
24.875	22.75	0.000374936438326249	0.962746825464481	0.214194342221647	-0.0107206518380614	1
25.125	22.75	0.000391567621571436	0.962369889470442	0.211367807797773	-0.00530495653435131	1
25.375	22.75	0.000440105744380363	0.911337550078421	0.390887114356389	-0.00336786797357312	1
25.625	22.75	0.000517589666173895	0.904557619822386	-0.392214176472729	-0.000157240296519586	1
25.875	22.75	0.000599938878905673	0.878667163525574	-0.459323736981442	0.00311018327914115	1
26.125	22.75	0.000656686249169528	0.929154079452749	-0.337098529199066	0.00396550184968354	1
26.375	22.75	0.000660692569623231	0.897240595372274	-0.419206885193942	0.00838399220426326	1
26.625	22.75	0.000592451269799113	0.922771647264127	-0.373911562145416	0.00878369729139618	1
26.875	22.75	0.000443986111243067	0.914633943140124	-0.395892010826415	0.0103524711422732	1
27.125	22.75	0.000221466872811261	0.920587058852079	-0.388687857606067	0.0106372040162655	1
27.375	22.75	-5.72076738728785e-05	0.924694324978825	-0.377392861207588	0.0110482228380014	1
27.625	22.75	-0.000365301937933327	0.934005131418473	-0.352206062970736	0.0118085967954851	1
27.875	22.75	-0.000671651280213733	0.945772550929585	-0.328094140819294	0.0125709960183685	1
28.125	22.75	-0.00094573004550709	0.949074852835599	-0.342504181275425	0.011952449478961	1
28.375	22.75	-0.00116357542648019	0.931531055237752	-0.401850505425663	0.00902696792105571	1
28.625	22.75	-0.00131531620354179	0.908897729791161	-0.443569213842835	0.00621212571412997	1
28.875	22.75	-0.00140583167554296	0.919183110237065	-0.40144221381048	0.00551446413892867	1
29.125	22.75	-0.0014478069659151	0.938255097789478	-0.334451111393038	0.00713951851250853	1
29.375	22.75	-0.00145466669396753	0.953058090358235	-0.281463512905267	0.00975475814281287	1
29.625	22.75	-0.00143922324821813	0.96452547033109	-0.241340888021747	0.0122263254702933	1
29.875	22.75	-0.00141552058938015	0.972803338236827	-0.207603636266192	0.0142996589505082	1
30.125	22.75	-0.00140003888311423	0.977556559240142	-0.172911681653945	0.0163352886379001	1
30.375	22.75	-0.00141022390277485	0.978358966767152	-0.130793923075378	0.0192373055655274	1
30.625	22.75	-0.00146005384796242	0.976594208629092	-0.0839520552433423	0.0239531730637144	1
30.875	22.75	-0.00155442242453819	0.976980430044545	-0.0603467255898456	0.0301456608087833	1
31.125	22.75	-0.00168651118337539	0.984014982740051	-0.0665671142969551	0.0355110667711597	1
31.375	22.75	-0.00184321766011922	0.994077984418624	-0.0676060323881521	0.0380486497517611	1
31.625	22.75	-0.00201419253709382	1.00105632739895	-0.0591006567960668	0.0383600823150847	1
31.875	22.75	-0.00219435968095191	1.0040047001866	-0.0483048068311673	0.037656736040208	1
32.125	22.75	-0.00238100326895396	1.00400636833527	-0.0403756610033095	0.0367816811065512	1
32.375	22.75	-0.00256810818893165	1.00195731922465	-0.0403817157538664	0.0362661400224417	1
32.625	22.75	-0.00274055816520761	0.998541930977016	-0.0536630124887866	0.036405451228448	1
32.875	22.75	-0.00287164096609728	0.994304266747069	-0.0818097622178812	0.0372024490965178	1
33.125	22.75	-0.00292643693799181	0.989834112267076	-0.117274095234127	0.0383280195531929	1
33.375	22.75	-0.00287008325621175	0.986218435596989	-0.146778262551573	0.0393627410863224	1
33.625	22.75	-0.00267613413876131	0.984340032685321	-0.16260940106975	0.0401398393996831	1
33.875	22.75	-0.00233081609823276	0.984176338270081	-0.165375534140605	0.0407321730745313	1
34.125	22.75	-0.00183289914521634	0.985252593764979	-0.158944715776437	0.0412223511042031	1
34.375	22.75	-0.00119153611082962	0.986851087467299	-0.147362562509258	0.0416220331004497	1
34.625	22.75	-0.000425187270690993	0.987996584994276	-0.13356676717614	0.041965650764042	1
34.875	22.75	0.000436003925434899	0.987523808887952	-0.118362637857845	0.0424692704508157	1
35.125	22.75	0.00134479156599283	0.984217343173678	-0.100099345172408	0.043670754614507	1
35.375	22.75	0.00223243820247246	0.977133694653096	-0.074466826014722	0.0464684991213208	1
35.625	22.75	0.00301175600588932	0.966141870713677	-0.0349340830791414	0.0519795471807963	1
35.875	22.75	0.00359140513347183	0.952374457387585	0.0243704425337982	0.0610409448802025	1
36.125	22.75	0.00389709780875582	0.936945806517031	0.0999024943509776	0.0734120739668713	1
36.375	22.75	0.00389050434774494	0.915762833379462	0.170761885780527	0.088001286397514	1
36.625	22.75	0.00358305713927284	0.942463552194098	0.143589825994315	0.10663779180407	1
36.875	22.75	0.0030414643181141	0.810771549021796	0.530109918939723	0.11040981442481	1
37.125	22.75	0.00258968512310415	0.923915702960736	0.0229537191890411	0.131688533493464	1
37.375	22.75	0.00218428776403864	0.868791407887917	0.530265766875512	0.147320470612011	1
0.125	23.25	0.000489199512441726	0.922281077221033	0.389302728320945	-0.0388836864675924	1
0.375	23.25	0.000489173876665258	0.73919898044855	-0.670550760000887	-0.0397682051416382	1
0.625	23.25	0.000489145698372764	0.950499674034048	-0.283615801618318	-0.0383169463757134	1
0.875	23.25	0.000489101571924482	0.831076962424769	-0.552742137688506	-0.0360183862175621	1
1.125	23.25	0.000489062526901786	0.976493435755515	-0.217344755862542	-0.0377286147303247	1
1.375	23.25	0.000489007333280469	0.927859361819982	-0.380653804164165	-0.0366360618170534	1
1.625	23.25	0.000488960335293158	0.955627847911209	-0.30129289001066	-0.0393086602147668	1
1.875	23.25	0.000488919158684247	0.958839344425244	-0.264621714043831	-0.038126574507926	1
2.125	23.25	0.000488893021119781	0.992127030003295	0.0305312569898954	-0.0369458585756862	1
2.375	23.25	0.000488901503060889	0.89500911646328	-0.43105336113845	-0.0346390686798606	1
2.625	23.25	0.000488973379343053	0.649064408764879	-0.754592470981443	-0.0342850074961473	1
2.875	23.25	0.000489119933768033	0.888614801154466	-0.444066287227887	-0.0329841638111161	1
3.125	23.25	0.000489316264666792	0.523318552609088	0.847792268916553	-0.0316620937355669	1
3.375	23.25	0.000489510183422391	0.50367348258393	0.876050114553307	-0.0318837058962052	1
3.625	23.25	0.000489709110994273	0.673991247669349	0.735418654897709	-0.0344874890357599	1
3.875	23.25	0.000489892496404306	0.416420368085117	0.913103445979648	-0.031214040775531	1
4.125	23.25	0.00049006899203565	0.693210443592037	0.721682331524084	-0.0348295510918948	1
4.375	23.25	0.000490224327512555	0.463903581194469	0.884216438857593	-0.0318909245611131	1
4.625	23.25	0.00049036913132215	0.678019431825907	0.738755083390079	-0.0336583568118282	1
4.875	23.25	0.00049049682938965	0.513734544250939	0.854069332465324	-0.0334512220989267	1
5.125	23.25	0.000490615388355004	0.697840953466866	0.719618995099304	-0.031953740267709	1
5.375	23.25	0.000490723053254309	0.509540310720192	0.85821994147431	-0.0349896414806887	1
5.625	23.25	0.000490816429098507	0.753678978776277	0.656739213599304	-0.0309434939784119	1
5.875	23.25	0.000490893368564185	0.483953680657811	0.875582662616329	-0.0354838498443182	1
6.125	23.25	0.000490930395439956	0.792401066993577	0.602738730354228	-0.0310489018024495	1
6.375	23.25	0.00049092186772316	0.513100258095335	0.858877254368652	-0.034216609855048	1
6.625	23.25	0.000490846066515603	0.766648058017444	0.630582586745236	-0.0315316274635999	1
6.875	23.25	0.000490732582823622	0.618418418048254	-0.789606435339725	-0.0317350722871916	1
7.125	23.25	0.000490617762010694	0.694080343151699	-0.722180045436118	-0.0328306520117744	1
7.375	23.25	0.000490491231655051	0.590952162109937	-0.807120868905561	-0.032738839672714	1
7.625	23.25	0.000490357217800226	0.672071624157761	-0.738598680366917	-0.0333777508038864	1
7.875	23.25	0.000490210906499164	0.619073687781554	-0.782314243459218	-0.0326661985232418	1
8.125	23.25	0.000490055242814875	0.66170228202701	-0.746527709630262	-0.0329390421792277	1
8.375	23.25	0.000489893861640727	0.675224547862483	-0.731053242443854	-0.0322367949871395	1
8.625	23.25	0.000489723452008915	0.688323776299506	-0.718990488158542	-0.0315554772457313	1
8.875	23.25	0.000489554173941386	0.737561461363358	-0.667193052789921	-0.0308445188387502	1
9.125	23.25	0.000489382220442669	0.737684092211454	-0.669212321404545	-0.0299237073000108	1
9.375	23.25	0.000489211559120327	0.780974080833776	-0.62316125939645	-0.0295564956690218	1
9.625	23.25	0.000489038596574604	0.76573309417405	-0.646636591569449	-0.0300937028684359	1
9.875	23.25	0.00048886089399045	0.798044800986104	-0.61095100003768	-0.0306894899970409	1
10.125	23.25	0.000488674753432805	0.776911494401661	-0.639887198435792	-0.0326009527413523	1
10.375	23.25	0.000488477865583231	0.799061996549807	-0.607021331234474	-0.033568910505388	1
10.625	23.25	0.000488276545726412	0.794355132847682	-0.609728825657459	-0.0343824969460483	1
10.875	23.25	0.000488078371977275	0.760748319712004	-0.640048168771857	-0.0345745816212931	1
11.125	23.25	0.000487913156714226	0.795965262592263	-0.592319361036874	-0.0323378037592555	1
11.375	23.25	0.000487808617473435	0.646305700274426	-0.751620387703072	-0.0317854399977328	1
11.625	23.25	0.000487806469875509	0.773378219593776	-0.621852785076113	-0.0294642715736662	1
11.875	23.25	0.000487888787012686	0.523666052415639	0.855560402905117	-0.0291383340385175	1
12.125	23.25	0.00048798100660752	0.714920677117401	0.704608869582304	-0.0305000718148873	1
12.375	23.25	0.000488096923906106	0.623364151205084	0.782322151843189	-0.0304490977939834	1
12.625	23.25	0.000488225507768467	0.684541816273646	0.730165412153279	-0.0306897852056089	1
12.875	23.25	0.000488368949065176	0.705660706092388	0.705023392944931	-0.0307441964719454	1
13.125	23.25	0.000488524898283768	0.693944983872571	0.718553851980391	-0.0299013878369301	1
13.375	23.25	0.000488695955965077	0.770774197950579	0.632544276322625	-0.0304565066257935	1
13.625	23.25	0.000488879389688765	0.732211880148979	0.680068475349358	-0.0290093712318334	1
13.875	23.25	0.00048907586897709	0.807462597501256	0.590216386101232	-0.0302920977776281	1
14.125	23.25	0.000489290311685043	0.769032400374962	0.641765490225205	-0.0293777724537637	1
14.375	23.25	0.000489524771867875	0.812458884146257	0.589034050241669	-0.0309425748585456	1
14.625	23.25	0.000489796233317132	0.779830619794167	0.629930389257669	-0.031041227424483	1
14.875	23.25	0.000490118224719815	0.800085020944785	0.605358005818766	-0.0318462768873969	1
15.125	23.25	0.000490506231468998	0.759065689501656	0.651453104514954	-0.032567992921193	1
15.375	23.25	0.00049097040583524	0.783780905534311	0.620132797228943	-0.0317845163142279	1
15.625	23.25	0.000491486371916385	0.722060191472536	0.689722591798022	-0.0325975475889835	1
15.875	23.25	0.000492001389936163	0.748048333228898	0.656087438429023	-0.0310336326664207	1
16.125	23.25	0.000492429262600731	0.713613842677888	0.698950589031183	-0.030785792342599	1
16.375	23.25	0.000492679747038698	0.680803233822154	0.72874132916053	-0.0304951394192451	1
16.625	23.25	0.000492748407968139	0.758577642673371	0.653336023339751	-0.0296744977845599	1
16.875	23.25	0.000492832067888472	0.69528327569349	0.727395340277688	-0.0307749410931224	1
17.125	23.25	0.000493374444381186	0.805720506795192	-0.581080917276153	-0.0318069194934	1
17.375	23.25	0.000494996233388924	0.455270674780092	-0.894857888910526	-0.0284268066391932	1
17.625	23.25	0.000498104168727642	0.836074305510092	-0.541954189398956	-0.0329950100349463	1
17.875	23.25	0.000502726167237195	0.52736461162222	-0.848085761988783	-0.0273978149363257	1
18.125	23.25	0.000508276149476055	0.789723745974746	-0.614587971802863	-0.0325667751542526	1
18.375	23.25	0.000513663944502041	0.657165766851981	-0.748439882935026	-0.028184520920811	1
18.625	23.25	0.000517043967137071	0.746000826516903	-0.67146390336888	-0.0314476356036646	1
18.875	23.25	0.000516415682764235	0.715693140088762	-0.690578734752632	-0.0298985265198021	1
19.125	23.25	0.000510080195412675	0.778644227154636	-0.634806131356321	-0.0297828208546432	1
19.375	23.25	0.000497524088187392	0.676753639598564	-0.729821241206199	-0.0321063983341874	1
19.625	23.25	0.000480138375924128	0.866399838785658	-0.498228787093748	-0.0281834888616516	1
19.875	23.25	0.000461118489636842	0.671085160045304	-0.74375713405834	-0.0324103799291209	1
20.125	23.25	0.000445464645675714	0.816088736279732	-0.559446973697437	-0.0288593677964507	1
20.375	23.25	0.000434847032422981	0.987452228794208	0.134203230342618	-0.0283441397067227	1
20.625	23.25	0.000426327693471218	0.996906058205369	0.0491116566938627	-0.0272730864361294	1
20.875	23.25	0.000417829390076605	1.00207911918982	0.0168370974958062	-0.0275897527259214	1
21.125	23.25	0.000409088716079397	1.00123656557693	0.034381986211384	-0.0285743182228857	1
21.375	23.25	0.000401124902277693	0.996875348544599	0.0381007018258242	-0.028678084244405	1
21.625	23.25	0.000395379840050299	0.991418356223488	0.0438950949939901	-0.0275421412724406	1
21.875	23.25	0.000392770374155517	0.983363019079988	0.146628192122843	-0.0250404972324464	1
22.125	23.25	0.000392664494094799	0.991815803837763	0.152333565118734	-0.0247089386801955	1
22.375	23.25	0.000393584746593506	1.00234608663796	0.0855394449881517	-0.0268678497456784	1
22.625	23.25	0.000393732872901723	1.00022880905684	0.0539808869564107	-0.0278916533463822	1
22.875	23.25	0.00039115513010813	0.99840834681498	0.0247855996499706	-0.027881691309885	1
23.125	23.25	0.000383938281275268	0.997829967644752	-0.0114842533864024	-0.0274059111114008	1
23.375	23.25	0.000370390717566532	0.997339693425748	-0.037487698496765	-0.0269766493807083	1
23.625	23.25	0.000349524912494476	0.996279240238886	-0.0532399982517054	-0.0265666910018905	1
23.875	23.25	0.00032224979868317	0.994142229970845	-0.0571957592054158	-0.0259532655009637	1
24.125	23.25	0.000292912800204981	0.989660481990759	-0.0444976459157959	-0.0245632770001808	1
24.375	23.25	0.000270520684184276	0.981518867887444	0.00954011314141069	-0.0213688378684465	1
24.625	23.25	0.000268527389831519	0.969042676652228	0.12348949613135	-0.015483912127979	1
24.875	23.25	0.000302152159538228	0.935819620363378	0.287197036417271	-0.00996214501141426	1
25.125	23.25	0.000382049422114425	0.948093427478616	0.287464945506753	-0.00456788314775233	1
25.375	23.25	0.000503634007076254	0.884949527347517	0.458201197192717	-0.00501181641429975	1
25.625	23.25	0.000638673339052617	0.932093836697657	-0.310920997232358	-0.00198068520509665	1
25.875	23.25	0.000719406689396694	0.866131846603065	-0.479679035266719	0.00308314108679462	1
26.125	23.25	0.000691704452866677	0.939267300785004	-0.310322223387923	0.00282627990722432	1
26.375	23.25	0.000526741081604495	0.890465840492351	-0.430462990702446	0.0078787280679684	1
26.625	23.25	0.00022646992514086	0.924996492765413	-0.362717925857544	0.0085512909089854	1
26.875	23.25	-0.000185302163709356	0.919197574729886	-0.378089315790145	0.0111508662211984	1
27.125	23.25	-0.000662435417773671	0.926218236012785	-0.374715877922648	0.0120888263582242	1
27.375	23.25	-0.0011513064709374	0.924446229960607	-0.389718687940447	0.012264789045084	1
27.625	23.25	-0.00160017766595942	0.913653077286406	-0.421684771101119	0.0114516631915134	1
27.875	23.25	-0.00196677574746767	0.905520155898671	-0.431041295419952	0.0107238472961843	1
28.125	23.25	-0.002224227191326	0.927116752889837	-0.354207350162065	0.0121563649729171	1
28.375	23.25	-0.00236666229779892	0.974070482933538	-0.135688771768688	0.016631867586257	1
28.625	23.25	-0.00241133673461393	0.982402809169438	0.0623242572577666	0.0219906198200069	1
28.875	23.25	-0.00238600200487946	0.979741168644038	0.141318401746256	0.0256564130587431	1
29.125	23.25	-0.00231882811923717	0.980507211188571	0.162018387906277	0.0281398362411947	1
29.375	23.25	-0.00223520893244943	0.983761224650728	0.15952774506739	0.029856719734001	1
29.625	23.25	-0.00215898746896262	0.987875958185576	0.147826487112796	0.0310095552697779	1
29.875	23.25	-0.0021148096396001	0.991724153988487	0.134970432099114	0.0316559316847217	1
30.125	23.25	-0.00212704907884627	0.995220221974373	0.12015819500681	0.0318746319257747	1
30.375	23.25	-0.00221291206044984	0.999237598221659	0.0875692188586738	0.0318339332536675	1
30.625	23.25	-0.00237224988898182	1.00028476469518	0.0060507871802093	0.0318621606990956	1
30.875	23.25	-0.00258203855841936	0.987781317641853	-0.128601609174475	0.0331196506879554	1
31.125	23.25	-0.00280387935422091	0.968321716438958	-0.248445823480719	0.0351465003915117	1
31.375	23.25	-0.00300398797822257	0.962785993406668	-0.294675484767952	0.0347965869626719	1
31.625	23.25	-0.00316535323239511	0.963249389787286	-0.301705714178982	0.0330128476093195	1
31.875	23.25	-0.0032834753897099	0.963511294831228	-0.297613249402637	0.0310942733104309	1
32.125	23.25	-0.00335466337982446	0.962673832500265	-0.291551267722399	0.029594423561122	1
32.375	23.25	-0.00336244392943002	0.960215537495638	-0.287683855780153	0.0288153173103937	1
32.625	23.25	-0.0032682840608287	0.956122411074809	-0.288574412141648	0.0288919355368569	1
32.875	23.25	-0.00301372430011106	0.951421639524776	-0.293688423838186	0.0297354910585066	1
33.125	23.25	-0.00253583681458061	0.948338173269439	-0.297532559502581	0.0310480433905244	1
33.375	23.25	-0.00178791563581881	0.948743664653523	-0.293425362987257	0.0324959602612506	1
33.625	23.25	-0.000752777620268197	0.952379711051289	-0.279588316816453	0.0339027341861002	1
33.875	23.25	0.000555656913940493	0.957841574943499	-0.258224842554596	0.0352142483444587	1
34.125	23.25	0.00209802122758335	0.963963562343538	-0.231935460254052	0.0363756790058116	1
34.375	23.25	0.00381682017426829	0.969763230618598	-0.202924215142278	0.0373260388103374	1
34.625	23.25	0.00564081124780694	0.974184934942213	-0.172988770766199	0.0380929261571913	1
34.875	23.25	0.00748352066386881	0.976124660930744	-0.142695315698828	0.0389116185216826	1
35.125	23.25	0.00923757410226756	0.974503738681859	-0.11047555239952	0.0403329983506628	1
35.375	23.25	0.0107708232688061	0.968588458590388	-0.0714567016326125	0.0432587063340723	1
35.625	23.25	0.0119322828395517	0.95871728352252	-0.0182672827820061	0.0487534402958379	1
35.875	23.25	0.0125710793621193	0.946290443549458	0.0500761851292835	0.0573279114346872	1
36.125	23.25	0.012568011085086	0.933736305420333	0.125201494601479	0.0683532761164087	1
36.375	23.25	0.0118858584376233	0.908010210173646	0.205475489265944	0.0803323185129613	1
36.625	23.25	0.0106379059863029	0.942707680401249	0.16786575954965	0.0986835165687328	1
36.875	23.25	0.00901668972565891	0.7762130564922	0.617830839049467	0.097912316942271	1
37.125	23.25	0.00777137617965599	0.941602938015912	0.00795714086541773	0.110803500536599	1
37.375	23.25	0.00673465593657281	0.814718354847942	0.62854275551058	0.123248038299298	1
0.125	23.75	0.000488915076285522	0.867846534883111	-0.477879253090803	-0.0286041555785748	1
0.375	23.75	0.000488880887131951	0.657565288453388	-0.748336445531578	-0.0239948836973825	1
0.625	23.75	0.000488847120315229	0.757117111247816	-0.652746713555168	-0.0285337267212647	1
0.875	23.75	0.000488791414190428	0.556824580946114	-0.833489573812979	-0.0240669506552702	1
1.125	23.75	0.000488733090997408	0.732517051321704	-0.682051578827329	-0.0294262382068268	1
1.375	23.75	0.000488661782861288	0.648949692100908	-0.763325726485722	-0.0247045357416366	1
1.625	23.75	0.000488599405231082	0.785130110303486	-0.628121654268626	-0.03017871077189	1
1.875	23.75	0.000488553634478549	0.726553082491562	-0.691307803426864	-0.0272027444485451	1
2.125	23.75	0.000488546849316713	0.927121279701116	-0.386840728467255	-0.0313122908779998	1
2.375	23.75	0.000488583732457384	0.995048432823965	0.0526234214790389	-0.0296582672753737	1
2.625	23.75	0.000488680793766731	1.00578281093181	0.0752830063600897	-0.0297781105970065	1
2.875	23.75	0.000488858739773289	0.895615778721954	0.44138473102187	-0.0341802808104214	1
3.125	23.75	0.000489053662279373	0.446610099234561	0.896151460409104	-0.0291699174323061	1
3.375	23.75	0.00048926019907798	0.799984149199135	0.606793886972209	-0.0341503396847852	1
3.625	23.75	0.000489457772237412	0.585644522613563	0.805477901546203	-0.0311776512078412	1
3.875	23.75	0.000489648108218232	0.678659352532659	0.738849967212116	-0.0325939769481976	1
4.125	23.75	0.000489829392425848	0.685647853261216	0.721564413848331	-0.0326604163858679	1
4.375	23.75	0.000489994052459116	0.617800889405919	0.786108840453576	-0.0310864800393825	1
4.625	23.75	0.000490151351465951	0.710811278586588	0.701161945135389	-0.032707746608195	1
4.875	23.75	0.000490294035658876	0.594739457449013	0.799090945792299	-0.0311712731664883	1
5.125	23.75	0.000490428159934429	0.715370626879184	0.70021191330129	-0.031350047741161	1
5.375	23.75	0.000490553124728631	0.535997391785222	0.837755724882368	-0.0325157401651353	1
5.625	23.75	0.000490659108408185	0.752944544581973	0.659750140717631	-0.0295125188471799	1
5.875	23.75	0.000490752544817921	0.408609544590967	0.908492129820596	-0.0338555781057466	1
6.125	23.75	0.000490789550333825	0.815236776666472	0.575789866498029	-0.0284038978216546	1
6.375	23.75	0.000490790962668123	0.271632006311992	0.962665259442232	-0.0335250389825293	1
6.625	23.75	0.000490703685050846	0.836768385298898	0.536046981938161	-0.0282682203965568	1
6.875	23.75	0.000490590788536653	0.775190821099059	-0.642055770851274	-0.0307165508077576	1
7.125	23.75	0.000490473565311492	0.74766871280028	-0.670402993529429	-0.0315332629668409	1
7.375	23.75	0.000490333184648421	0.656731943609275	-0.760314956078462	-0.0323453384817806	1
7.625	23.75	0.000490189946594051	0.660169044722473	-0.75413732739333	-0.0335700045937712	1
7.875	23.75	0.000490034931490074	0.648808088229604	-0.759119609980596	-0.0335349971161972	1
8.125	23.75	0.000489866060555579	0.613347808413894	-0.788567810216556	-0.0333787945035683	1
8.375	23.75	0.000489694252414182	0.658392492963517	-0.747778563043097	-0.0335596833642054	1
8.625	23.75	0.000489511793277303	0.620904749015162	-0.778817148467615	-0.0325317911223179	1
8.875	23.75	0.00048932698683432	0.679288022600681	-0.727253975846529	-0.0324089620560039	1
9.125	23.75	0.000489139918898265	0.668970312196269	-0.735515708629221	-0.0312920573304682	1
9.375	23.75	0.000488951411580197	0.723346255948615	-0.683453580388903	-0.030534912396284	1
9.625	23.75	0.000488763022169209	0.727419900080272	-0.681284130911463	-0.0299392287513612	1
9.875	23.75	0.00048857089260988	0.765567563038468	-0.642602264348214	-0.0295463836001343	1
10.125	23.75	0.000488374679537186	0.772203603361014	-0.641117552238396	-0.0301725678567348	1
10.375	23.75	0.000488171277187694	0.781807074155095	-0.632131244868424	-0.0313625189568798	1
10.625	23.75	0.000487969028340985	0.815663710435746	-0.591618815492706	-0.0326708244013457	1
10.875	23.75	0.000487780285246911	0.772903557523328	-0.640649143520096	-0.034929097573713	1
11.125	23.75	0.000487628239200645	0.863281324062194	-0.50431441441056	-0.0346210174588272	1
11.375	23.75	0.00048754442162413	0.711644640274098	-0.69176673949957	-0.0351493151246818	1
11.625	23.75	0.000487543395015097	0.870915677529818	-0.46840260754763	-0.0323670662479744	1
11.875	23.75	0.000487613501143575	0.366435636039495	0.927584819091957	-0.0301975542094495	1
12.125	23.75	0.000487699139126887	0.810783621629476	0.586786417251208	-0.032011191962492	1
12.375	23.75	0.000487798888787026	0.563831841703546	0.820758693335107	-0.0302073581475147	1
12.625	23.75	0.000487920405520654	0.769908198702679	0.637343746472736	-0.0310398529558781	1
12.875	23.75	0.000488046442150999	0.699109101054959	0.710142577112523	-0.0299663299830136	1
13.125	23.75	0.000488185092022136	0.764565343426257	0.645642353410283	-0.0300583208146968	1
13.375	23.75	0.000488330672573896	0.779020800662288	0.626833116354867	-0.0303789230732984	1
13.625	23.75	0.000488486127312786	0.772862574999286	0.639595443819866	-0.0302831353739213	1
13.875	23.75	0.000488653680810295	0.806394612559178	0.596011336824632	-0.0317368049269734	1
14.125	23.75	0.000488841042796808	0.774027407261623	0.637879896825504	-0.031661869472613	1
14.375	23.75	0.000489055598806168	0.794798530792724	0.609168478186935	-0.0329674297736667	1
14.625	23.75	0.000489314262710846	0.762805095655677	0.64586757221499	-0.0324728184585222	1
14.875	23.75	0.000489626700127673	0.760957280514063	0.645669536248711	-0.0328468129648234	1
15.125	23.75	0.00049000516415694	0.740964107033347	0.666149839712244	-0.0318491333400686	1
15.375	23.75	0.000490437376213121	0.726092337281985	0.683350057590537	-0.031506538479254	1
15.625	23.75	0.000490885309222907	0.719518227577801	0.690352758481247	-0.0307925538151167	1
15.875	23.75	0.000491274842467463	0.718441775348844	0.69498017313547	-0.0302869377959097	1
16.125	23.75	0.000491518307923078	0.73984723621543	0.677571213585307	-0.0305595958124151	1
16.375	23.75	0.000491567687346809	0.748226272114128	0.669720493701123	-0.0312283242770103	1
16.625	23.75	0.000491534329183769	0.860412743429129	0.528810124254576	-0.0320747492229189	1
16.875	23.75	0.000491795965231021	0.782181361589866	0.630234369052872	-0.0354109724599622	1
17.125	23.75	0.000492997763791321	0.973756128176731	-0.105727670879441	-0.0341260862803623	1
17.375	23.75	0.000495840521967816	0.253712462571649	-0.965254677502829	-0.0253867094323139	1
17.625	23.75	0.000500656138304047	0.851717349244277	-0.53283401218041	-0.0336985616901347	1
17.875	23.75	0.00050714514089729	0.471983345924611	-0.874838775075395	-0.0281602674284058	1
18.125	23.75	0.000514045418592806	0.741556501335299	-0.675748699202482	-0.0320850542616402	1
18.375	23.75	0.000519312566187672	0.621439419003977	-0.774514647751044	-0.0300202174366997	1
18.625	23.75	0.000520045683498788	0.717572984265367	-0.698981738532661	-0.0300087078869207	1
18.875	23.75	0.000513205952127379	0.683179069863084	-0.723731507323491	-0.0312062289723685	1
19.125	23.75	0.000496525388527574	0.755737783152856	-0.653216136621134	-0.0285983985752935	1
19.375	23.75	0.000469532074280286	0.71879588390415	-0.696097405922368	-0.0313962159621217	1
19.625	23.75	0.000434768260491775	0.751254709842782	-0.651010798366662	-0.0291293595707088	1
19.875	23.75	0.00039724398445576	0.843898912901195	-0.54760179091321	-0.029480572652856	1
20.125	23.75	0.000364389351743057	0.637905692248981	-0.765045027132617	-0.0322509954827554	1
20.375	23.75	0.000342265657003558	0.975756556893161	-0.186153330180819	-0.0282510316635646	1
20.625	23.75	0.000327997445175842	0.996572167725453	0.102135363878064	-0.0292679733350039	1
20.875	23.75	0.000316788642646164	0.996531825464582	0.0791707843922153	-0.029239528928053	1
21.125	23.75	0.000307291217815248	0.999903942167446	-0.02035487534843	-0.0291942781336683	1
21.375	23.75	0.000299778630960209	0.99482804211226	-0.087706677407203	-0.0294403578525916	1
21.625	23.75	0.000294661346135951	0.989438331914112	-0.093093008587235	-0.0286688389186821	1
21.875	23.75	0.000291625078564845	0.986372328619682	-0.0445269901085197	-0.0264625496191173	1
22.125	23.75	0.000288999558137928	0.980043394245272	0.103448801303171	-0.0224957565218409	1
22.375	23.75	0.000284608124556276	0.947744647659622	0.297726973370373	-0.0192271357778287	1
22.625	23.75	0.00027642802769052	0.924068094516991	0.380542309212051	-0.0187388141116003	1
22.875	23.75	0.000262993303911954	0.913396677388203	0.402787177747938	-0.0183995411607741	1
23.125	23.75	0.000243620300904285	0.910771576214862	0.405760795278376	-0.0174064598906819	1
23.375	23.75	0.000218795964471725	0.910072503000785	0.406868276757297	-0.0164120702827272	1
23.625	23.75	0.000191254082405136	0.91027600413268	0.404958555992563	-0.0152455118321065	1
23.875	23.75	0.000167876075984434	0.910187728957161	0.403757591806105	-0.0139066146504683	1
24.125	23.75	0.000161122475686067	0.912174263609731	0.399629693269384	-0.012391455659316	1
24.375	23.75	0.000188349144982927	0.919556987188014	0.386748640976584	-0.0110492181159447	1
24.625	23.75	0.000267478074808884	0.945175147142377	0.326992778865027	-0.0102314681585219	1
24.875	23.75	0.00040835660159098	0.953903155134151	0.275984919210182	-0.010448975956603	1
25.125	23.75	0.000599727770331604	0.960962477975095	0.243940654944503	-0.00656415765836196	1
25.375	23.75	0.000789612254038825	0.881383618641768	0.469880434620947	-0.00607019960409336	1
25.625	23.75	0.000891869551763228	0.925173358062111	-0.334024234711527	-0.00487554928313094	1
25.875	23.75	0.000789827612301541	0.820145466227175	-0.551881267294824	0.00119975983461024	1
26.125	23.75	0.000439852521163859	0.937015051653155	-0.3061150062493	0.000777913747454008	1
26.375	23.75	-0.000143907937550465	0.876302081948798	-0.451456648903516	0.0076466817335426	1
26.625	23.75	-0.000878586809593783	0.914640464773684	-0.391564059551065	0.00813026865287805	1
26.875	23.75	-0.00166539563042487	0.902187237720158	-0.420914129433757	0.0106530027629425	1
27.125	23.75	-0.00239145790729582	0.914539782826083	-0.401856079115179	0.0116598545955994	1
27.375	23.75	-0.00296773757158337	0.92921317866163	-0.358128694231431	0.0129549544381521	1
27.625	23.75	-0.00334533140653566	0.950487962074997	-0.297663843674086	0.0156247037316777	1
27.875	23.75	-0.00351543555342867	0.954420971933903	-0.317591564625409	0.0166485313725442	1
28.125	23.75	-0.00350071843985903	0.904635801702883	-0.462071497759124	0.0144174912263147	1
28.375	23.75	-0.00334904902530358	0.844630535512771	-0.563289539612366	0.0115737400243668	1
28.625	23.75	-0.00312472178682235	0.830238413896468	-0.576262182293222	0.0104687174360894	1
28.875	23.75	-0.00288729653338858	0.849833579996173	-0.539988650236029	0.00998557063437837	1
29.125	23.75	-0.00267794533831853	0.872409635303841	-0.49551203581227	0.0105795569144897	1
29.375	23.75	-0.00252301702686391	0.895323428559889	-0.448561388433879	0.0116963496822962	1
29.625	23.75	-0.00244367145154264	0.915541096517146	-0.405059283194695	0.0129051348374379	1
29.875	23.75	-0.00246241917246973	0.933784525534694	-0.364034804829344	0.0137841015513226	1
30.125	23.75	-0.00259750349218784	0.949385779151774	-0.322551248297066	0.0141361029267007	1
30.375	23.75	-0.00284174280981608	0.959737393479487	-0.265206691221441	0.0146547125678618	1
30.625	23.75	-0.00313712126272233	0.969497819359609	-0.142025022549545	0.0186190636763558	1
30.875	23.75	-0.00337288753755782	0.972159018154769	-0.0242293544218519	0.0268989928090486	1
31.125	23.75	-0.00344131876533567	0.984232968593162	-0.0370972306475831	0.0343570232740461	1
31.375	23.75	-0.00331491574830128	1.00058395780407	-0.0407973204901749	0.0364403740748437	1
31.625	23.75	-0.00301264096619976	1.00868079050397	-0.0276000321650277	0.0355049757247871	1
31.875	23.75	-0.00256549903461902	1.01085324386622	-0.0116367779759616	0.0335040415087903	1
32.125	23.75	-0.00198831695672847	1.00972950906154	0.0015265290951928	0.0313568482575111	1
32.375	23.75	-0.00125394139448248	1.00629902167708	0.00594541494521769	0.0296323871095899	1
32.625	23.75	-0.000282083833401827	1.00105487616082	-0.00580872446193084	0.0287747287283981	1
32.875	23.75	0.00104331566379126	0.994230230219902	-0.0385118935738035	0.0290475396006609	1
33.125	23.75	0.00282893532797006	0.985999359550946	-0.0855642503707015	0.030297281158704	1
33.375	23.75	0.00512435381323272	0.977747187399353	-0.129097949470653	0.0319678849529832	1
33.625	23.75	0.00790274812265802	0.971484978201581	-0.156546004494537	0.0335629678314314	1
33.875	23.75	0.0110712689483131	0.967764128458038	-0.167408163490191	0.0348852553810142	1
34.125	23.75	0.0144930375514424	0.966095230397651	-0.16559524752301	0.0358901247270864	1
34.375	23.75	0.0180081232512985	0.965695599123372	-0.154424760345058	0.0365773414802027	1
34.625	23.75	0.0214472058054197	0.965553649286708	-0.136131871471477	0.0370404727082743	1
34.875	23.75	0.0246338897595896	0.96450264298994	-0.111161105710921	0.0375464234625643	1
35.125	23.75	0.0273799397054879	0.961372744978441	-0.0781314791185177	0.0386343171022219	1
35.375	23.75	0.0294794782731457	0.955117333990117	-0.0349265386004022	0.0410521947834515	1
35.625	23.75	0.0307124686473915	0.944715149052264	0.0171122763920648	0.045590183178471	1
35.875	23.75	0.0308603806306199	0.931581534986223	0.0787850191061924	0.0529478707018755	1
36.125	23.75	0.0297447009576731	0.921932778508377	0.149911785205022	0.0626677092116912	1
36.375	23.75	0.0273578105231424	0.889886335807074	0.279922407207345	0.0718221900295192	1
36.625	23.75	0.0240869038351131	0.944009662600431	0.168900167267798	0.0858742843697619	1
36.875	23.75	0.0205126064206984	0.696792715273257	0.718479589064285	0.0826231275294314	1
37.125	23.75	0.0179422345872071	0.94805718139816	-0.0391406719440604	0.0896868477584067	1
37.375	23.75	0.0158716972453837	0.768648451767547	0.688410522978457	0.0980736853307854	1
0.125	24.25	0.000488744184077187	0.868493755860734	0.50610155191222	-0.0406592703677316	1
0.375	24.25	0.000488712689229865	0.690040912938838	-0.714926600161563	-0.0434893771961501	1
0.625	24.25	0.000488634909543267	0.979744208026752	-0.0104879958354799	-0.0381567373825325	1
0.875	24.25	0.000488546710917057	0.663532208722979	-0.742343665380134	-0.0336406565331437	1
1.125	24.25	0.000488459569778944	0.953798538522475	-0.304116971637711	-0.0369217993762134	1
1.375	24.25	0.000488362997233389	0.682646283154829	-0.725380555637728	-0.0347104343359792	1
1.625	24.25	0.000488281022291577	0.926102035844107	-0.378269452542581	-0.0358344133968602	1
1.875	24.25	0.000488221892587865	0.670685900849376	-0.739070861728609	-0.0355556836129054	1
2.125	24.25	0.000488226491373775	0.88219528061064	-0.463191250544415	-0.0353510801039247	1
2.375	24.25	0.000488302489612493	0.757890981449873	-0.651911770351685	-0.0347240492818492	1
2.625	24.25	0.000488449522924058	0.743711212656559	-0.659104275564394	-0.0353989286311094	1
2.875	24.25	0.000488642650955209	0.577724314255431	0.807963588498128	-0.0329985091056408	1
3.125	24.25	0.000488835901647386	0.50235991877059	0.869213134577005	-0.0334026366581342	1
3.375	24.25	0.000489040943824154	0.691603843217472	0.714794273482294	-0.0341479009608814	1
3.625	24.25	0.000489238474394781	0.452026421120945	0.890220619212483	-0.0319248825166421	1
3.875	24.25	0.000489433461401028	0.679579631251291	0.73078755292855	-0.0335724875842755	1
4.125	24.25	0.000489618884096552	0.510043194044636	0.8546352866946	-0.0318497287722167	1
4.375	24.25	0.000489792333188954	0.62256671132718	0.781752701715722	-0.0321028747681814	1
4.625	24.25	0.000489958972147371	0.559816837862056	0.823943767093875	-0.0321151745626496	1
4.875	24.25	0.000490113641192871	0.576713387353546	0.815190748712038	-0.031002352042951	1
5.125	24.25	0.000490260454257999	0.579885781314291	0.814339355680236	-0.0317107889000668	1
5.375	24.25	0.000490398874255924	0.530409150108253	0.844753248065016	-0.0311476129951205	1
5.625	24.25	0.000490514806667806	0.618175530530934	0.790780972921471	-0.0306130256240154	1
5.875	24.25	0.000490614600782106	0.436157564500646	0.897557279856847	-0.0325788405241963	1
6.125	24.25	0.000490649583130012	0.718772214386744	0.704722629719283	-0.0295491215668335	1
6.375	24.25	0.000490646078567434	0.269132248728328	0.964338943152914	-0.034954016118419	1
6.625	24.25	0.000490553315214475	0.852846131137432	-0.493028905281065	-0.0293481558536659	1
6.875	24.25	0.000490438536629771	0.828504124057178	-0.558244422526309	-0.0282026738409266	1
7.125	24.25	0.000490318063282167	0.875492139505889	-0.485959629487734	-0.0293749067634334	1
7.375	24.25	0.000490170094935259	0.781274587301407	-0.632765847746728	-0.0291588278361063	1
7.625	24.25	0.000490005698416274	0.718097767544374	-0.710128466474802	-0.0315252410309167	1
7.875	24.25	0.000489842174359135	0.727812653261911	-0.692153467443622	-0.0333807732459022	1
8.125	24.25	0.000489659065030582	0.635403359446394	-0.776844827883594	-0.033418071868003	1
8.375	24.25	0.000489474516148894	0.679035443575847	-0.735010141664854	-0.034797426439676	1
8.625	24.25	0.000489281179332215	0.621034686724443	-0.781338006216787	-0.0341249409966682	1
8.875	24.25	0.000489083679118075	0.653526882813478	-0.753198064433258	-0.0342851414748491	1
9.125	24.25	0.000488883720692576	0.634682494275179	-0.766493959572583	-0.0336208750718055	1
9.375	24.25	0.000488682023313151	0.662857579585168	-0.741287951583964	-0.0328383159515865	1
9.625	24.25	0.000488478494925549	0.673123607995765	-0.73160391788617	-0.0320759521861224	1
9.875	24.25	0.000488273402581854	0.696413940669703	-0.70928917393089	-0.0310413030198297	1
10.125	24.25	0.000488064716748046	0.732259918271733	-0.676457329363085	-0.0302942692868494	1
10.375	24.25	0.000487855198990824	0.72175496379814	-0.690124720182459	-0.030216016993531	1
10.625	24.25	0.000487649375408977	0.799097391749037	-0.607885246093825	-0.030166379834412	1
10.875	24.25	0.000487467108018178	0.719025911505765	-0.702054935872571	-0.0322056968768812	1
11.125	24.25	0.000487327344746903	0.882707071591533	-0.491305472400604	-0.0323963429310967	1
11.375	24.25	0.00048726088159615	0.679658683315272	-0.736406533688444	-0.037071459869528	1
11.625	24.25	0.000487267548754914	0.977132301559905	0.0681435665566853	-0.0335699938884163	1
11.875	24.25	0.000487325216042315	0.321408809230451	0.942015248791402	-0.0270487118350566	1
12.125	24.25	0.000487402431577116	0.930322153013166	0.366380722106559	-0.0324072958237664	1
12.375	24.25	0.000487494863146222	0.552320088394332	0.827366881817459	-0.0272286996480409	1
12.625	24.25	0.000487600932209005	0.873589838189202	0.490963594415987	-0.0310727330842825	1
12.875	24.25	0.000487709600908141	0.708778169569972	0.702944254546316	-0.0284566403329646	1
13.125	24.25	0.000487827766945628	0.833153404584879	0.560585109309221	-0.030701708905003	1
13.375	24.25	0.000487952031620179	0.779539404861743	0.628211293964981	-0.0304758730332818	1
13.625	24.25	0.000488089707088341	0.798028869819685	0.608069346693041	-0.0313985101113821	1
13.875	24.25	0.000488243503382187	0.787365330625786	0.616993662009794	-0.0319598735908832	1
14.125	24.25	0.000488421518240104	0.761124505757312	0.64826835874756	-0.0317399855912786	1
14.375	24.25	0.000488630746370385	0.762369174658969	0.644403033426612	-0.0318776100053631	1
14.625	24.25	0.000488882856690914	0.724623855052823	0.686041810936909	-0.0311914586032851	1
14.875	24.25	0.000489186868793693	0.735457743780086	0.675752253842016	-0.0308465018587457	1
15.125	24.25	0.000489542549064104	0.703345743002079	0.710628387976597	-0.0307186756063634	1
15.375	24.25	0.000489929030551929	0.740399553146999	0.675619072202207	-0.0303287138835889	1
15.625	24.25	0.000490290745794483	0.720675918599121	0.6993129029876	-0.031464949559313	1
15.875	24.25	0.000490536821082482	0.799229649395371	0.611557965955724	-0.0314128915206161	1
16.125	24.25	0.000490589170682074	0.784723009277784	0.630420038681713	-0.0339590545631829	1
16.375	24.25	0.000490435951093587	0.874270034667472	0.493227419201455	-0.0339257714799374	1
16.625	24.25	0.000490326824708795	0.840015870194742	0.540545068113952	-0.0358001935261486	1
16.875	24.25	0.000490818386634234	0.836429169913145	0.533661062646898	-0.0336546225364995	1
17.125	24.25	0.000492797855898409	0.795115207106416	0.591192772308789	-0.0329060575865878	1
17.375	24.25	0.000497092890697802	0.437103413764293	-0.892699859585982	-0.0296953163196921	1
17.625	24.25	0.000503833329640461	0.661158724368427	-0.758686757957488	-0.0316999191568462	1
17.875	24.25	0.000512146310012194	0.603360284018931	-0.792263560455231	-0.0319005993526757	1
18.125	24.25	0.000519765868919693	0.579872512965413	-0.820023499010093	-0.0307030232021398	1
18.375	24.25	0.000523143688619593	0.667091629712716	-0.741902396329106	-0.0330705708272517	1
18.625	24.25	0.000517914043786804	0.57673502833763	-0.817563313660875	-0.0303579476625438	1
18.875	24.25	0.000499862738110122	0.698902752829624	-0.714737568772264	-0.0329329546848519	1
19.125	24.25	0.000466477462550957	0.602428782490473	-0.794041484742001	-0.0308133093677876	1
19.375	24.25	0.000418437087478864	0.757784371625122	-0.653889448532685	-0.0314841909665446	1
19.625	24.25	0.000360417460669745	0.611575450011243	-0.786890811713427	-0.0319574048961634	1
19.875	24.25	0.000301241571368653	0.823531862772416	-0.561583334674664	-0.0299518764468377	1
20.125	24.25	0.000250308143363272	0.686447027860357	-0.730426178077178	-0.031383211303106	1
20.375	24.25	0.000217238155075276	0.740177897012662	-0.659609866942519	-0.0307535958983429	1
20.625	24.25	0.000201449097689704	0.995088618030485	0.0476630632359065	-0.0284473502338588	1
20.875	24.25	0.000194940880639637	1.00072597737919	0.0152381383312701	-0.0289369781553711	1
21.125	24.25	0.000193092955427977	0.998707349490414	0.0342466792819531	-0.0289392196175431	1
21.375	24.25	0.000193429398291585	0.994640155041644	0.0686045802295908	-0.0286485372941266	1
21.625	24.25	0.000193067254093973	0.990676880995329	0.0703619958774229	-0.0274815739475366	1
21.875	24.25	0.000188812628089335	0.979201371019883	0.187468348032265	-0.0252896923187013	1
22.125	24.25	0.000178587942009311	0.986529796901443	0.207210240319578	-0.0258438932314878	1
22.375	24.25	0.000162728162653334	1.00315556286266	0.109032428220607	-0.0291865268650787	1
22.625	24.25	0.000143629001783023	1.00007017431338	0.0473497214728418	-0.030417423797653	1
22.875	24.25	0.00012452441518997	0.99725664355858	-0.0254160229983336	-0.0298121767596664	1
23.125	24.25	0.00010883077107207	0.993907849570595	-0.0943869958433404	-0.0292373374368338	1
23.375	24.25	0.000101376504313418	0.990626986085426	-0.127308920717331	-0.0290481131663368	1
23.625	24.25	0.000110841760752004	0.986647845959452	-0.151253280404706	-0.028702073921721	1
23.875	24.25	0.000152037596459341	0.983475957481837	-0.163475503233248	-0.0282270375715811	1
24.125	24.25	0.000246212729149983	0.979650848744566	-0.169580521459372	-0.0272946367376712	1
24.375	24.25	0.000415252046569746	0.972920272788159	-0.152647354206843	-0.0254539036833769	1
24.625	24.25	0.000668147138802001	0.970819981022256	-0.0260810452260483	-0.0198136238708349	1
24.875	24.25	0.000980100653224703	0.924310508551948	0.303273753177057	-0.0113394483015166	1
25.125	24.25	0.00126816118111501	0.91457137440411	0.399057795958924	-0.00619313543375081	1
25.375	24.25	0.00137202381620451	0.85742861470977	0.521547988461756	-0.00957721536212518	1
25.625	24.25	0.00111141564001789	0.970824998802194	-0.125426689364186	-0.00748544088241635	1
25.875	24.25	0.000391610680594201	0.787447823753025	-0.600072384756767	0.00024754052116826	1
26.125	24.25	-0.000688336321896497	0.939722549273025	-0.315633444121539	-0.00207927485075785	1
26.375	24.25	-0.00198003201196303	0.857864389908848	-0.483001266693881	0.00461958016874802	1
26.625	24.25	-0.00323766462819677	0.919619034661759	-0.366060823291012	0.00720807411515509	1
26.875	24.25	-0.00426004489071521	0.911452347657892	-0.393300574671051	0.0112922265189548	1
27.125	24.25	-0.00488939267356463	0.912401287192915	-0.418321830050017	0.0132883025201363	1
27.375	24.25	-0.00506551175304156	0.906008999327283	-0.452192930040241	0.012423359598783	1
27.625	24.25	-0.00483452485408171	0.868393051840312	-0.51798198086174	0.0102370449348669	1
27.875	24.25	-0.00431544834314761	0.904567484054526	-0.399527255246379	0.0107752383956298	1
28.125	24.25	-0.00364875260112822	0.966936343790138	-0.125842186549618	0.0188498182495312	1
28.375	24.25	-0.00297363384630444	0.976102841071508	0.0996773976978853	0.0254350448536333	1
28.625	24.25	-0.00238360270277825	0.974046413687136	0.164664466362833	0.0295782114099973	1
28.875	24.25	-0.00192994985654087	0.96926345255131	0.208886596185157	0.0322233627268156	1
29.125	24.25	-0.00161398080459893	0.966700168132556	0.230240494493471	0.034108309564397	1
29.375	24.25	-0.00141055614696336	0.967713538330581	0.235410135481789	0.0354002183454193	1
29.625	24.25	-0.00129776824682141	0.971481157153636	0.229913159716196	0.0361546402433158	1
29.875	24.25	-0.00127605472127707	0.976516812258003	0.219889436589894	0.0363386448574448	1
30.125	24.25	-0.00135276184845632	0.980714328883471	0.209416305309321	0.035934801964377	1
30.375	24.25	-0.00148485236065032	0.984122916548987	0.203195116413068	0.0353712411910554	1
30.625	24.25	-0.00151078549023152	0.999128576325403	0.120933104747203	0.0344150206426795	1
30.875	24.25	-0.00113161710027363	0.992654010645536	-0.107997052602126	0.0335457018337788	1
31.125	24.25	-9.77749357712024e-05	0.946785012075374	-0.321831181353789	0.0359733346601746	1
31.375	24.25	0.00146789152109411	0.9435292681917	-0.356918632602969	0.0336214304566667	1
31.625	24.25	0.00338145659500965	0.946688204112294	-0.347129464310893	0.0299743543393029	1
31.875	24.25	0.00549910208316082	0.947977189795989	-0.332833383642798	0.0264756286473822	1
32.125	24.25	0.00775648523690953	0.948189357574915	-0.317367298344443	0.0233993509638103	1
32.375	24.25	0.0102001601607309	0.946246861225966	-0.303369888792123	0.0210561438213331	1
32.625	24.25	0.0129903256376613	0.941224134984318	-0.294062458200234	0.0197350727348555	1
32.875	24.25	0.0163474151756551	0.932910606263467	-0.291743601883467	0.0196396818052367	1
33.125	24.25	0.0204464608234669	0.923106566083905	-0.294275685320489	0.0207912087278869	1
33.375	24.25	0.0253176895038034	0.915326036829762	-0.294406498911414	0.022871451222075	1
33.625	24.25	0.0308258010084709	0.911711408226479	-0.286781220626118	0.0253784400921492	1
33.875	24.25	0.0367156120495594	0.912049623341348	-0.270628570841634	0.0278385693054045	1
34.125	24.25	0.0426738926274092	0.915043361609415	-0.247395225115245	0.0299134272697646	1
34.375	24.25	0.0483801241520884	0.919247819246926	-0.218483967217713	0.0314273879101172	1
34.625	24.25	0.0535385544965437	0.923293550299556	-0.185241166466146	0.0324332730546519	1
34.875	24.25	0.0578826366820696	0.925932522063798	-0.147087945801446	0.0331748600971389	1
35.125	24.25	0.0611669816299079	0.925746378965476	-0.102365854324423	0.0342481276882986	1
35.375	24.25	0.0631452828148862	0.921770556534793	-0.0454793856403676	0.0365114266200602	1
35.625	24.25	0.0635565737179014	0.913859140720102	0.031595496100583	0.0408883062908553	1
35.875	24.25	0.0621220983424753	0.903518168407924	0.10687034243746	0.0474330114559261	1
36.125	24.25	0.058595714071547	0.899055418230457	0.17330057685017	0.055409115850331	1
36.375	24.25	0.0530570275514668	0.883682043262755	0.271939376483315	0.0616684007136169	1
36.625	24.25	0.0464761198967024	0.8899575008328	0.352832033170238	0.0701957776523992	1
36.875	24.25	0.0402407127397295	0.642563117312501	0.761700846248173	0.0662675230804939	1
37.125	24.25	0.0359676879643418	0.937835697825095	-0.116728539911095	0.0663907995176649	1
37.375	24.25	0.0325648775027726	0.736434105168491	0.703755748003538	0.0725185132379296	1
0.125	24.75	0.000488418439261036	0.930127206668446	-0.351681073091889	-0.0303870029443736	1
0.375	24.75	0.000488383387846983	0.658440778850197	-0.754387917009101	-0.0275787281613911	1
0.625	24.75	0.000488333601546897	0.83884989571123	-0.541602416535092	-0.031289193551688	1
0.875	24.75	0.000488247505956066	0.60441487221183	-0.794844953181532	-0.0269297749743145	1
1.125	24.75	0.0004881628388389	0.817496647808217	-0.576570907702391	-0.0306348404953469	1
1.375	24.75	0.000488066537471777	0.724986821068239	-0.692878364233342	-0.0272472893984443	1
1.625	24.75	0.000487990063004616	0.844956928770395	-0.537744385866776	-0.0317431784399911	1
1.875	24.75	0.000487939314485724	0.84249852677586	-0.549643904612217	-0.028250185108372	1
2.125	24.75	0.000487952103368873	0.848943637389836	-0.531751069412835	-0.0344654528438734	1
2.375	24.75	0.000488034325258146	0.937185252811161	0.347128584476703	-0.0294051426780147	1
2.625	24.75	0.000488180757787405	0.863702024119977	0.501565601312128	-0.0343183068809568	1
2.875	24.75	0.000488358710004843	0.429978357197874	0.89666602374188	-0.0291759487863403	1
3.125	24.75	0.000488553202151679	0.732349966802468	0.683455023003914	-0.0328754509641136	1
3.375	24.75	0.000488755031795216	0.642496678074035	0.755599990828943	-0.0302092758686511	1
3.625	24.75	0.000488954141940165	0.619561370398907	0.786862349010161	-0.0303026952255883	1
3.875	24.75	0.000489153644919255	0.724670306313165	0.682931742286296	-0.0307352078260682	1
4.125	24.75	0.000489347000589809	0.577788002939574	0.816681218234149	-0.0292106349139344	1
4.375	24.75	0.000489532918277386	0.712928415220493	0.702045594847374	-0.0305478072232261	1
4.625	24.75	0.000489716192973859	0.577529615768153	0.81722463999196	-0.029973363938885	1
4.875	24.75	0.000489887596962245	0.675943919046432	0.740865188128774	-0.0304473451258094	1
5.125	24.75	0.000490055741792654	0.582390615840852	0.816250281002601	-0.0313666623838572	1
5.375	24.75	0.000490209993241707	0.646930373065335	0.766719047425123	-0.0311606130221941	1
5.625	24.75	0.000490343333474263	0.59563469934539	0.809713626966496	-0.0326488160534571	1
5.875	24.75	0.000490446033577785	0.616963722200419	0.789840996339075	-0.0327706541520554	1
6.125	24.75	0.000490486919267179	0.644003342079616	0.77467471084154	-0.033568864104533	1
6.375	24.75	0.000490463438218166	0.545692078521832	0.838398909629985	-0.0352158595127326	1
6.625	24.75	0.000490371224261915	0.738643110429414	-0.658260543659815	-0.0339766757398356	1
6.875	24.75	0.00049025571026095	0.694464386691951	-0.707702456726507	-0.0314770203100922	1
7.125	24.75	0.000490129141820455	0.823360950460207	-0.552013252699124	-0.0310632945422399	1
7.375	24.75	0.000489978868196202	0.868634510968132	-0.475965775110405	-0.0283344674081589	1
7.625	24.75	0.000489805270627669	0.781368650780241	-0.630120519502369	-0.0269218591727064	1
7.875	24.75	0.000489632439373196	0.831086377451161	-0.568174188090624	-0.0302596295751587	1
8.125	24.75	0.000489444148536132	0.714120222662411	-0.71009827260075	-0.0302453246730455	1
8.375	24.75	0.000489249095956884	0.734545653656975	-0.689258968557181	-0.033020403188228	1
8.625	24.75	0.00048904877253243	0.674929543781827	-0.742454673262805	-0.0334750898916101	1
8.875	24.75	0.000488843061943267	0.672150357591585	-0.743010695371311	-0.0343745335070803	1
9.125	24.75	0.000488633996197862	0.655734568021662	-0.754279115379096	-0.0344898079208285	1
9.375	24.75	0.000488422729021111	0.644740143573583	-0.760804997196979	-0.034433089475384	1
9.625	24.75	0.000488207438632057	0.664030570512057	-0.743242620832708	-0.0338226139837193	1
9.875	24.75	0.000487989473024681	0.638337218889458	-0.762120961319099	-0.0335862232096849	1
10.125	24.75	0.000487767427064886	0.710333610608691	-0.697072483575173	-0.032089086416192	1
10.375	24.75	0.000487546755016648	0.640276287158236	-0.759995995612736	-0.0322361554539011	1
10.625	24.75	0.000487334101324451	0.78531901859626	-0.614347670826063	-0.0302568919532448	1
10.875	24.75	0.00048715136006774	0.633194809305231	-0.771401938354878	-0.0315275423339626	1
11.125	24.75	0.000487019111929203	0.869163620231812	-0.502006848265528	-0.0299058432513017	1
11.375	24.75	0.000486965956766785	0.612282112102523	-0.797171814284905	-0.0335811552706568	1
11.625	24.75	0.000486972997121592	0.940947376560652	0.291371014242204	-0.0320005734871051	1
11.875	24.75	0.000487018893488402	0.502303350894244	0.863906658570342	-0.026381803150675	1
12.125	24.75	0.000487087661160407	0.954982571863899	0.293269955153838	-0.0319766661769189	1
12.375	24.75	0.000487170952911061	0.613172910838963	0.789414082479114	-0.0262496442573799	1
12.625	24.75	0.00048726296299947	0.908581982493237	0.429627274979656	-0.0319256747496826	1
12.875	24.75	0.000487361110624339	0.703599885713576	0.712408028508509	-0.0288868843424523	1
13.125	24.75	0.000487470920290874	0.843935933606097	0.545606517562908	-0.0323941076791844	1
13.375	24.75	0.000487590661518071	0.738565304857942	0.674964949534969	-0.0312277239303622	1
13.625	24.75	0.00048772457817801	0.781221688101177	0.627575368960114	-0.0325443392253994	1
13.875	24.75	0.000487873819859158	0.736767818053989	0.674956877464428	-0.0321082502877827	1
14.125	24.75	0.000488044037674789	0.737499650105441	0.67625000743152	-0.0321209763289722	1
14.375	24.75	0.000488240826263638	0.727822855254693	0.686038540481858	-0.0321900101115693	1
14.625	24.75	0.000488477836782944	0.727934295424176	0.688289012836866	-0.0319814757980009	1
14.875	24.75	0.000488760053262934	0.741407314685743	0.675627121738322	-0.032612832350944	1
15.125	24.75	0.000489086469915811	0.758741554484241	0.656970366117455	-0.0329578928902195	1
15.375	24.75	0.000489423997503089	0.793152770099489	0.616806123769585	-0.033828467562602	1
15.625	24.75	0.000489699924194219	0.809954839167429	0.590582147729668	-0.0349172229067923	1
15.875	24.75	0.0004898077963321	0.853776219940625	0.521491392630594	-0.0348729377141356	1
16.125	24.75	0.000489668434274207	0.817556921060578	0.567870011458084	-0.0354175852885463	1
16.375	24.75	0.000489318284313621	0.841908429517375	0.522888239417089	-0.0333489635783106	1
16.625	24.75	0.000489147857072622	0.732221906938996	0.669132211005733	-0.0317490100508844	1
16.875	24.75	0.000489914293120938	0.72499985862182	0.68152711180414	-0.0308230447326059	1
17.125	24.75	0.000492773266549427	0.665092621839392	0.743881126210858	-0.029859533764148	1
17.375	24.75	0.000498724972027612	0.66580056537894	-0.736894519414822	-0.0302944676100267	1
17.625	24.75	0.000507579780971575	0.559466413332121	-0.830952286715871	-0.0283421923917258	1
17.875	24.75	0.000517583036529451	0.730983552893324	-0.677374933344388	-0.0310556674007097	1
18.125	24.75	0.00052507622863597	0.527075870471815	-0.851827181976056	-0.0277918993544897	1
18.375	24.75	0.000524481599067758	0.735051581357641	-0.678319545402014	-0.031536758968466	1
18.625	24.75	0.00050942906878226	0.549887021138992	-0.836390001657919	-0.0286438773005772	1
18.875	24.75	0.000474471585066989	0.720096053023114	-0.69681587707675	-0.0315653275920004	1
19.125	24.75	0.000417391655852317	0.596307723293433	-0.803952860975765	-0.0301254319087459	1
19.375	24.75	0.000342131421932917	0.703765019368521	-0.711290527095909	-0.0315928986289744	1
19.625	24.75	0.000258373913862548	0.676725387089116	-0.739763332523268	-0.0307823128203006	1
19.875	24.75	0.000181848725432733	0.660903239433026	-0.747899947328811	-0.0325483303809531	1
20.125	24.75	0.00012724591757353	0.820296124543546	-0.576217611625306	-0.0301034515155135	1
20.375	24.75	0.000104062330510806	0.609158533403719	-0.793054054760691	-0.0340636797843374	1
20.625	24.75	0.000110698177812574	0.878360765740209	-0.455243004202456	-0.0300186425511719	1
20.875	24.75	0.000132969374537112	0.996063120402914	0.0819026822177221	-0.0295722129957494	1
21.125	24.75	0.000160241969330629	1.00140199509987	-0.0150881410699374	-0.0297356179958658	1
21.375	24.75	0.000185248380835919	0.995124642952401	-0.0797293824051355	-0.0304009566449524	1
21.625	24.75	0.000199636700944867	0.99373011839636	-0.0567933734914828	-0.0289823011746769	1
21.875	24.75	0.000196249619083674	0.989675853493375	-0.0671109194712491	-0.0281712384504185	1
22.125	24.75	0.000176568629033582	0.982050374320412	0.053238693845204	-0.025052293713098	1
22.375	24.75	0.000152256291353296	0.919036061476658	0.367137443614651	-0.0199096699406659	1
22.625	24.75	0.000139752735973822	0.8718766367441	0.489277958354461	-0.0192142318794193	1
22.875	24.75	0.000152542526325679	0.866860253434128	0.496175724703109	-0.0192450678895672	1
23.125	24.75	0.000197044421673842	0.859333992271986	0.5067141507243	-0.0181549352388131	1
23.375	24.75	0.000278698078260743	0.85085131782439	0.520379950289189	-0.0173594591513036	1
23.625	24.75	0.000407390762427315	0.84884948102617	0.520920422038123	-0.0161194773377884	1
23.875	24.75	0.000599015153252491	0.843641604288936	0.527411644138038	-0.014680757792196	1
24.125	24.75	0.000873640618678905	0.843262208366852	0.525775423791926	-0.0129487040612642	1
24.375	24.75	0.00124055703852483	0.839229168543401	0.531567099061599	-0.0110828517630872	1
24.625	24.75	0.00167089057825022	0.847323566825103	0.525326278892923	-0.00929758730684762	1
24.875	24.75	0.00205986872169601	0.919918337026856	0.403045659493072	-0.00864795527715925	1
25.125	24.75	0.00219137225572159	0.962990984567909	0.281174319318004	-0.0114076422837511	1
25.375	24.75	0.00174820315835345	0.90211708115975	0.41959563942549	-0.0107566279439309	1
25.625	24.75	0.000474187821129008	0.971594310790132	-0.126002069549419	-0.0090163266583664	1
25.875	24.75	-0.00151089661589302	0.76341254926849	-0.627537753987655	-0.00114409846178319	1
26.125	24.75	-0.00367336365977414	0.942427512938519	-0.3093339875542	-0.0025784482254145	1
26.375	24.75	-0.00562525747763853	0.869131414793387	-0.473312215668293	0.00432848378910868	1
26.625	24.75	-0.00693890225008535	0.881903482757603	-0.466672734829979	0.00513332087132678	1
26.875	24.75	-0.0073666518309033	0.895568482755658	-0.424821566468288	0.00931896657816806	1
27.125	24.75	-0.00684518356199361	0.906349589930772	-0.405394172935517	0.0133648029050698	1
27.375	24.75	-0.00554912479432483	0.955266398848913	-0.257584886055352	0.0171372663393313	1
27.625	24.75	-0.00381597314404668	0.977832983556215	-0.231147995902359	0.0215471670424339	1
27.875	24.75	-0.00202619309934337	0.92096081867306	-0.41468194870603	0.0164292487395465	1
28.125	24.75	-0.000383450371831749	0.757279573906648	-0.658603820654562	0.0175174731353908	1
28.375	24.75	0.000920111505311111	0.74520229590509	-0.669905712522684	0.0168863466044847	1
28.625	24.75	0.00186684810506395	0.731785729345394	-0.681910316634768	0.017745387363006	1
28.875	24.75	0.00254987465264014	0.745227980946346	-0.667029496964208	0.0178198096555927	1
29.125	24.75	0.00315675695640092	0.761224385462303	-0.647012908248691	0.0183302619857626	1
29.375	24.75	0.00387125137277073	0.784699640053517	-0.617439891200031	0.0186486650617954	1
29.625	24.75	0.00479861553404798	0.81043597481705	-0.582553190339687	0.0188552188598175	1
29.875	24.75	0.0059259803094127	0.836951377444226	-0.543060001336373	0.0186024604532931	1
30.125	24.75	0.00717024354643018	0.872324722841673	-0.490951002342037	0.0182020268181071	1
30.375	24.75	0.00852341698000771	0.886228606506969	-0.466086127322798	0.0151460228723318	1
30.625	24.75	0.0102296436572003	0.92606958407783	-0.315502857820723	0.0139604342410685	1
30.875	24.75	0.0128931518383782	0.952263102731223	0.0525190594126412	0.0228911525038917	1
31.125	24.75	0.0169855608654277	0.966448293380881	-0.0109937551788528	0.0317629927479533	1
31.375	24.75	0.0219056131288829	0.983435141290445	-0.027544918126692	0.0322662508471561	1
31.625	24.75	0.0271365827742334	0.986059575254673	-0.0118820806716599	0.0298613865487041	1
31.875	24.75	0.0323496684342482	0.983104321137044	0.0114727862070521	0.0264442025704665	1
32.125	24.75	0.0374231235377151	0.977168622590009	0.0330700706459167	0.0228363004198703	1
32.375	24.75	0.042454862671985	0.969074986110672	0.0472273542856282	0.0195618354693833	1
32.625	24.75	0.0477399460063235	0.958958592477861	0.0465070824298518	0.017155095858097	1
32.875	24.75	0.0536606389545006	0.946806287057222	0.0225402380240993	0.0162198173115205	1
33.125	24.75	0.0604893126347806	0.932536605690029	-0.0266568896438576	0.0171171978850527	1
33.375	24.75	0.0682068910441047	0.916477907772076	-0.0839161734663501	0.0194400780260428	1
33.625	24.75	0.076494439848388	0.901103850257318	-0.129666658663859	0.0224097832373787	1
33.875	24.75	0.08484867787581	0.889132064269555	-0.156191162563029	0.0253710909779886	1
34.125	24.75	0.0927227196183808	0.881677678120288	-0.164176885780959	0.0279568412474886	1
34.375	24.75	0.0996333911565351	0.878459406466193	-0.155459744483004	0.0299574247181866	1
34.625	24.75	0.105223561414695	0.87840963584357	-0.13415441026883	0.0314508357934447	1
34.875	24.75	0.10924467526731	0.88060933940088	-0.0993097136592493	0.0324557285188461	1
35.125	24.75	0.111521456343208	0.883379301431836	-0.0526762039397971	0.0332397900302818	1
35.375	24.75	0.11186979752252	0.884666321297161	0.00425256727947868	0.0339379378484467	1
35.625	24.75	0.110053542858652	0.877973702431008	0.0559902973276618	0.0349968627515961	1
35.875	24.75	0.105797215492389	0.864869128612971	0.112096294971196	0.0393184944687145	1
36.125	24.75	0.0988007640234979	0.868130961329605	0.162543095843748	0.0467555718229386	1
36.375	24.75	0.0893180524392705	0.827527798470008	0.373006078275987	0.0499960040077487	1
36.625	24.75	0.0791976318567025	0.788411235776436	0.527544249956387	0.0544589677011193	1
36.875	24.75	0.0703840135152997	0.700334431255518	0.674422885660489	0.0458589702413002	1
37.125	24.75	0.0644529994454917	0.910150147462005	-0.145161460748839	0.0452456131305191	1
37.375	24.75	0.0597793880767786	0.728219840040247	0.669055349115086	0.0491685495421632	1
0.125	25.25	0.00048816503052987	0.87888490932192	0.485796721804529	-0.0403573478815917	1
0.375	25.25	0.000488138257519307	0.650883906610301	-0.749444878725895	-0.0424427617910946	1
0.625	25.25	0.000488062323482686	0.969210689416814	0.164557777548192	-0.0380405713363131	1
0.875	25.25	0.000487963479417941	0.465415744245219	-0.875611154668961	-0.0339689154069507	1
1.125	25.25	0.000487874216577681	0.876501202548956	-0.47168896573752	-0.0362630288795074	1
1.375	25.25	0.000487777783350356	0.289950700160791	-0.949517090989397	-0.0321817621472537	1
1.625	25.25	0.000487711034882692	0.8591082374883	-0.508659796613418	-0.0350107135660596	1
1.875	25.25	0.000487679093652489	0.318488327185548	-0.94589040728531	-0.032036308314374	1
2.125	25.25	0.000487713133272819	0.876589647623077	-0.492726389171289	-0.0346779694075672	1
2.375	25.25	0.000487820235751787	0.453424213959148	-0.890420757280966	-0.0351956343295428	1
2.625	25.25	0.00048796049933691	0.851902486183897	0.494544309558961	-0.0346812571781201	1
2.875	25.25	0.000488112156162821	0.374638203857472	0.927545963458212	-0.0285132874749836	1
3.125	25.25	0.000488300704541214	0.847391623115574	0.52790093852203	-0.0344648025015746	1
3.375	25.25	0.000488492076189249	0.453846272628632	0.889629309587167	-0.028313013753866	1
3.625	25.25	0.000488688628054215	0.709765382441329	0.711051946347866	-0.0335042233376616	1
3.875	25.25	0.000488893961415145	0.54966090511007	0.834295848732663	-0.0304833008856579	1
4.125	25.25	0.000489090310630656	0.578162668082756	0.82276518552299	-0.0329168614940474	1
4.375	25.25	0.00048929209409613	0.59893841597472	0.80235496670202	-0.0321877097580872	1
4.625	25.25	0.000489483874352776	0.504850347949331	0.86862358015363	-0.0334372079340609	1
4.875	25.25	0.000489669745248648	0.614928620233873	0.791689018947593	-0.033093525805144	1
5.125	25.25	0.000489849828721564	0.482927046490554	0.88010583929317	-0.0344798441400136	1
5.375	25.25	0.000490009832709387	0.619398682696098	0.787580069754983	-0.0337728439315877	1
5.625	25.25	0.000490152796001016	0.50109347943407	0.869404254653795	-0.0352179062502014	1
5.875	25.25	0.000490249873479365	0.61606307239064	0.789353459773593	-0.0345857813437683	1
6.125	25.25	0.000490288380984699	0.552419703290434	0.837366378016765	-0.0356489136339076	1
6.375	25.25	0.000490244241230823	0.607009377606058	0.796336446383778	-0.0354565092358184	1
6.625	25.25	0.000490136406294216	0.622078933792897	-0.775332915097228	-0.0361271166789793	1
6.875	25.25	0.000490001494759214	0.651740987031212	-0.752206048653567	-0.0336739102726002	1
7.125	25.25	0.000489864707131735	0.584969428439299	-0.805589727489449	-0.0345765432510149	1
7.375	25.25	0.000489714720841855	0.812601386106523	-0.560522818161704	-0.0328503546040878	1
7.625	25.25	0.000489542903320598	0.705439505867148	-0.696728324200455	-0.0292852560275471	1
7.875	25.25	0.000489371657586982	0.857740992558893	-0.506713360487281	-0.0300112199590395	1
8.125	25.25	0.000489184918899899	0.776061794240008	-0.629597181204112	-0.0281020194333393	1
8.375	25.25	0.00048898965620779	0.790323021926514	-0.623473734919542	-0.0299983341584878	1
8.625	25.25	0.000488788850227672	0.749463646490739	-0.671161186542002	-0.0312216966433225	1
8.875	25.25	0.000488583074247649	0.715970098839272	-0.706591563847726	-0.032659483483688	1
9.125	25.25	0.000488372584433799	0.705029806373765	-0.715226771043061	-0.0336466458299936	1
9.375	25.25	0.000488159462115634	0.661080352712724	-0.75214170342044	-0.0345406114579176	1
9.625	25.25	0.000487940991202919	0.686168785771878	-0.728293309085536	-0.0342347877269491	1
9.875	25.25	0.000487717595392538	0.618993437883512	-0.782185414323628	-0.0350693980611077	1
10.125	25.25	0.000487486947292089	0.705044162361724	-0.705974461105861	-0.0334765262627571	1
10.375	25.25	0.000487256486001738	0.588761271134342	-0.802250641796935	-0.0345644271187285	1
10.625	25.25	0.000487031095793998	0.761728685282254	-0.642187284760462	-0.0320984604936337	1
10.875	25.25	0.000486839158643042	0.56959243979162	-0.815459142598843	-0.0334489737945881	1
11.125	25.25	0.000486698072879294	0.844095860779437	-0.532583852572314	-0.0308707973725201	1
11.375	25.25	0.000486645105112619	0.53690485051377	-0.840816155794786	-0.0329279902031571	1
11.625	25.25	0.000486643880903444	0.926774063874514	0.340473496748444	-0.0308910970798009	1
11.875	25.25	0.000486681578444475	0.647478663063756	0.76228082807478	-0.0268129935698378	1
12.125	25.25	0.00048674998141673	0.945845420087372	0.326027135310306	-0.0314549689101759	1
12.375	25.25	0.000486829870586627	0.66949340992875	0.747953493654366	-0.0273000575586926	1
12.625	25.25	0.00048692261783522	0.897351908017092	0.452572418280357	-0.0327995515152042	1
12.875	25.25	0.000487023138983053	0.689326078830394	0.727698852853185	-0.0298803538141777	1
13.125	25.25	0.000487133995985256	0.828101985815848	0.566381907283824	-0.0334221907596638	1
13.375	25.25	0.000487254363407643	0.704086398560147	0.710301327136352	-0.0314817326001557	1
13.625	25.25	0.000487381724149898	0.771671143197719	0.638693694989886	-0.033188177268652	1
13.875	25.25	0.000487521647258053	0.719225777586163	0.694796203362914	-0.0322127248594668	1
14.125	25.25	0.000487674497203403	0.748585211260531	0.665960047443454	-0.0329679456390967	1
14.375	25.25	0.000487852980521315	0.744031821134734	0.670077650746236	-0.0329054003183632	1
14.625	25.25	0.000488067262448327	0.762872663191605	0.649957817115369	-0.0333739427923165	1
14.875	25.25	0.000488327352754045	0.781572910528799	0.625793685237878	-0.0337464581714623	1
15.125	25.25	0.000488624465244944	0.794538366383155	0.606589446175391	-0.0339749142104352	1
15.375	25.25	0.000488915439193487	0.811969440438032	0.579791913296788	-0.0337021458277709	1
15.625	25.25	0.000489103543698869	0.790439027516892	0.603109952270837	-0.0333625361695112	1
15.875	25.25	0.000489064990998904	0.795534284103197	0.595583371821158	-0.0315320813095925	1
16.125	25.25	0.000488721719290431	0.712505972637454	0.693625377419832	-0.0311604395179651	1
16.375	25.25	0.000488172793110093	0.745974295887639	0.66166352407363	-0.0296002905153471	1
16.625	25.25	0.000487943100110864	0.650212302249936	0.763227935274621	-0.0301124020075625	1
16.875	25.25	0.000489038515908355	0.745182455574123	0.672765047818785	-0.0308803505307219	1
17.125	25.25	0.00049295410232865	0.746405923863882	0.679955850571071	-0.0315589804778514	1
17.375	25.25	0.000500885365034302	0.74685267844502	-0.655028445606974	-0.0351656182200667	1
17.625	25.25	0.000512115108334481	0.223186431544102	-0.972741536908965	-0.0298404708194125	1
17.875	25.25	0.00052364210716915	0.753416413657293	-0.649098612007904	-0.0346264363099816	1
18.125	25.25	0.000529934192328722	0.322403176189281	-0.941875503749006	-0.0286129305438645	1
18.375	25.25	0.00052281873479525	0.714718441961595	-0.695897730715035	-0.0334254316500382	1
18.625	25.25	0.000493297481727736	0.463917587377871	-0.880279242857813	-0.028699447662109	1
18.875	25.25	0.000434727154229543	0.666782210668152	-0.744544353435347	-0.0319630689568564	1
19.125	25.25	0.000346409676405387	0.581557443322092	-0.809762800741268	-0.0292115155341271	1
19.375	25.25	0.000238522790388198	0.635326046630499	-0.773306511253726	-0.0311681824366118	1
19.625	25.25	0.000131776251733154	0.660827307484222	-0.748917310278199	-0.0297267149366009	1
19.875	25.25	5.48660400677262e-05	0.645180930616821	-0.768268172991425	-0.0310363449918885	1
20.125	25.25	3.46461126688111e-05	0.678857061727995	-0.731694256474982	-0.0308604357577819	1
20.375	25.25	8.23773664408478e-05	0.765901062056109	-0.653905638805517	-0.030455860301719	1
20.625	25.25	0.000184744403004422	0.605821696359695	-0.794045756323122	-0.0339613856382065	1
20.875	25.25	0.000305908675678713	0.966840706158331	-0.216551694434905	-0.0300865759615375	1
21.125	25.25	0.000416577723482747	0.996930509291086	0.0295659952921396	-0.0296935445048356	1
21.375	25.25	0.000505533200287611	0.989072246381666	0.117234869019924	-0.0289460894325911	1
21.625	25.25	0.000561149564470404	0.990744723425174	0.0689334707434171	-0.0278834127113276	1
21.875	25.25	0.000576296862763055	0.96926045269203	0.245195281866485	-0.0257637133625051	1
22.125	25.25	0.000566936857550511	0.942752083233227	0.362020135969965	-0.0277575324718999	1
22.375	25.25	0.000568193502133622	0.985924916774327	0.211342196934494	-0.0302155442825257	1
22.625	25.25	0.000614414887009258	0.999030487310267	0.0629894432931984	-0.0320677384544079	1
22.875	25.25	0.00072678734684891	0.993653324774178	-0.0746946925790819	-0.0309857684604047	1
23.125	25.25	0.000897088790856634	0.984426104944338	-0.163642722863491	-0.0307206314242724	1
23.375	25.25	0.00111065233880556	0.976327901445302	-0.199903127371785	-0.0305931719575688	1
23.625	25.25	0.0013577597065655	0.965678401132787	-0.241166589748193	-0.0298448405039849	1
23.875	25.25	0.00163515896959929	0.958972509103573	-0.261284094668708	-0.0292691495520158	1
24.125	25.25	0.00194160732383879	0.952418509765095	-0.274968938846756	-0.0279849716541874	1
24.375	25.25	0.00225146474699834	0.951389864465609	-0.271963364162335	-0.0262699747963934	1
24.625	25.25	0.00247298039700324	0.938398128313927	-0.278559160094776	-0.0242088702620359	1
24.875	25.25	0.00240113349977947	0.970274882526414	-0.00525865987778994	-0.0171766693116201	1
25.125	25.25	0.00168263398692625	0.858561429961253	0.493555941814999	-0.0104695815062942	1
25.375	25.25	-8.96003600375799e-05	0.887687663413	0.475746671751325	-0.0114747106439185	1
25.625	25.25	-0.0030106971485824	0.967253012174762	0.219819608539561	-0.0133913805184861	1
25.875	25.25	-0.00650599899294438	0.720395858452418	-0.680737295661258	-0.00560376203255906	1
26.125	25.25	-0.00923283472281087	0.910113023078655	-0.411486474268319	-0.00627582633087322	1
26.375	25.25	-0.010578605433884	0.864687977110277	-0.472208809528742	-0.000651219630019956	1
26.625	25.25	-0.0101604455542702	0.927329339933167	-0.351391221303088	0.00610870506624566	1
26.875	25.25	-0.00793456467352042	0.885048471690767	-0.451168984255895	0.0079965020109788	1
27.125	25.25	-0.00418452980950802	0.840812347780323	-0.543705694388389	0.013389034252536	1
27.375	25.25	0.000306772277266051	0.816332963503678	-0.599881612675407	0.0109581030618593	1
27.625	25.25	0.00463822980632203	0.758059803867789	-0.651977932911233	0.00900539732793943	1
27.875	25.25	0.00797553362616739	0.956963545023822	0.0903483275069858	0.0127219048377707	1
28.125	25.25	0.0104784905966653	0.931386824706683	0.20223115454733	0.024079837854848	1
28.375	25.25	0.0122597186944983	0.932129253676767	0.251794860060426	0.0298290965312053	1
28.625	25.25	0.0137255520843511	0.935078503893529	0.25496880191185	0.0339460590247642	1
28.875	25.25	0.0153665925511989	0.930017447398374	0.283493824165225	0.0367390087595211	1
29.125	25.25	0.0177574557707275	0.93150717053695	0.283570699482726	0.0383860401405806	1
29.375	25.25	0.0212728962253595	0.932775055628516	0.279536755452933	0.0392749404501005	1
29.625	25.25	0.0259648631717994	0.935550973913854	0.264788473959777	0.0394227125474331	1
29.875	25.25	0.0315272013809639	0.936719344939498	0.251146320190464	0.039108116065868	1
30.125	25.25	0.0374409847537571	0.940077759890914	0.225781618218114	0.0382528838082265	1
30.375	25.25	0.0433562279576908	0.929200929275377	0.23633173243051	0.0371117294249267	1
30.625	25.25	0.0494656983039991	0.924119913159802	0.228904745212815	0.0374425578713508	1
30.875	25.25	0.056715078968022	0.938531464777005	-0.0968035567972779	0.03790063565991	1
31.125	25.25	0.0661130264027408	0.859362658608088	-0.390652685758788	0.0393096931258183	1
31.375	25.25	0.0760979491129419	0.869144501026728	-0.369593646767327	0.0334725522235805	1
31.625	25.25	0.0856822024848948	0.866250728963016	-0.346394062839888	0.0283092632692931	1
31.875	25.25	0.0943936298645801	0.863825515324738	-0.325500792813068	0.023202345487837	1
32.125	25.25	0.10216237432447	0.861024832034435	-0.303932316498262	0.018381757739877	1
32.375	25.25	0.109222948530326	0.857100908121218	-0.281644410192273	0.0141922249083205	1
32.625	25.25	0.116040611200148	0.85029917322082	-0.260689272720749	0.0110752525124547	1
32.875	25.25	0.123146493043647	0.838680377263153	-0.245260091682776	0.00961525282089399	1
33.125	25.25	0.130858922980819	0.823563124515532	-0.239710306788067	0.0104223619367178	1
33.375	25.25	0.139026035172115	0.809737590613214	-0.238663135175615	0.0129646283918987	1
33.625	25.25	0.147111517930137	0.799524074240822	-0.239243515639007	0.016451668742081	1
33.875	25.25	0.154419507412527	0.79440311981099	-0.239065664190702	0.0199300094576209	1
34.125	25.25	0.160323062029624	0.794149338865313	-0.237909861579619	0.0225951123925154	1
34.375	25.25	0.164417626440817	0.79771215875159	-0.229253167899074	0.0239542961927767	1
34.625	25.25	0.16659923609944	0.80315193458659	-0.216488549658582	0.0245671554020244	1
34.875	25.25	0.16696150346178	0.810987033588137	-0.189804427016093	0.0244110777505103	1
35.125	25.25	0.165700272261036	0.817933869659701	-0.146824093976604	0.0245198283551264	1
35.375	25.25	0.162891894683898	0.824495638386865	-0.0677669589653538	0.0258724442105275	1
35.625	25.25	0.158334757219703	0.823582896168145	0.0898244778242608	0.0290243341917677	1
35.875	25.25	0.151594149201385	0.821785023141734	0.17122850080492	0.0331465212142289	1
36.125	25.25	0.142200974230892	0.833502708820771	0.1946119019385	0.0355384662490157	1
36.375	25.25	0.130652466182853	0.722228003867165	0.505590861310234	0.0368064006985221	1
36.625	25.25	0.119012480869449	0.789204254810821	0.465684719826787	0.0381928748809656	1
36.875	25.25	0.109172637207808	0.689715042932551	0.628740680776476	0.028048408078686	1
37.125	25.25	0.102660003640818	0.88092283314001	-0.130817311819084	0.0270490519362512	1
37.375	25.25	0.0976224704373362	0.706947070756361	0.629000693909403	0.0284061089498407	1
0.125	25.75	0.000487860537017491	0.984309392634803	-0.175547627329692	-0.0326248864602831	1
0.375	25.75	0.000487833546660387	0.632534978829511	-0.775949486137156	-0.0326874885850169	1
0.625	25.75	0.00048780629662939	0.99402830645747	-0.125797615281755	-0.0327417328765161	1
0.875	25.75	0.000487738173700434	0.753679901019567	-0.656806429042266	-0.0339055028291687	1
1.125	25.75	0.000487656877631406	0.995186228629458	-0.0831507130019594	-0.0326350262210524	1
1.375	25.75	0.000487566297783911	0.667425251027391	-0.747265657024047	-0.0335130508873135	1
1.625	25.75	0.000487494779265868	0.870304497571045	-0.473224414472323	-0.0331614080208018	1
1.875	25.75	0.000487452872777229	0.773633379252161	-0.633427692236459	-0.0294991450600751	1
2.125	25.75	0.000487486203849132	0.651772975242306	-0.757335796327463	-0.0329607368319705	1
2.375	25.75	0.000487577257174867	0.898283793193493	0.41613573222506	-0.0296587762286601	1
2.625	25.75	0.000487702982450233	0.629770142630251	0.777195956351344	-0.0281729318978623	1
2.875	25.75	0.00048786208934482	0.685245987340882	0.739762195812181	-0.0300340021870185	1
3.125	25.75	0.000488043912224823	0.679221551982799	0.732423361665038	-0.031424541296504	1
3.375	25.75	0.000488235011691767	0.528537629638779	0.857464585390709	-0.029880889064793	1
3.625	25.75	0.000488437321854117	0.673498158487437	0.740593424358271	-0.0333689440758376	1
3.875	25.75	0.00048864587575816	0.514538531555645	0.862080568044365	-0.0307187348016813	1
4.125	25.75	0.000488845477282179	0.624717917281057	0.78402339103161	-0.0341607748487079	1
4.375	25.75	0.000489054230561002	0.570681078026336	0.823464786010507	-0.0318949919462308	1
4.625	25.75	0.000489245085215544	0.57236978606005	0.822825305325098	-0.0346624039880501	1
4.875	25.75	0.000489442560633314	0.642660607479745	0.767982289537921	-0.0325727348616563	1
5.125	25.75	0.000489625576909906	0.534341871793544	0.848281387578701	-0.0354034528695614	1
5.375	25.75	0.000489797224614955	0.707725113794739	0.708133424275634	-0.0330526027788075	1
5.625	25.75	0.000489950783483714	0.527993806758512	0.854432212408796	-0.0361565853961643	1
5.875	25.75	0.000490049748698558	0.745592184839572	0.66807812323931	-0.0342515915629452	1
6.125	25.75	0.000490095154679683	0.588834184537246	0.816805875065467	-0.036683917380611	1
6.375	25.75	0.00049003756015469	0.744450539269863	0.673797568257557	-0.0366709318360491	1
6.625	25.75	0.00048992313929848	0.696636013974595	-0.706276360646115	-0.038130997176666	1
6.875	25.75	0.000489771984492568	0.722785472566973	-0.677938654079238	-0.0344100374809049	1
7.125	25.75	0.000489604384012408	0.545876682574979	-0.836932003632327	-0.0344958122873864	1
7.375	25.75	0.000489443116806698	0.720084127386233	-0.685107235324046	-0.0347818946457735	1
7.625	25.75	0.000489266742314144	0.628142962681558	-0.768606154066265	-0.0325153838560153	1
7.875	25.75	0.000489088107756219	0.743040036431164	-0.659023987668186	-0.032497969577866	1
8.125	25.75	0.000488904954785013	0.768129207762444	-0.625778150692936	-0.0303906579427954	1
8.375	25.75	0.000488710469852161	0.783015295772195	-0.616322429689983	-0.0291543894125315	1
8.625	25.75	0.000488512230241817	0.801802643871879	-0.598709746281815	-0.0293812505896698	1
8.875	25.75	0.000488309901598619	0.767509041968687	-0.647105804952916	-0.0299763045690136	1
9.125	25.75	0.000488102174167273	0.769801280886569	-0.647855735591518	-0.0312619007903067	1
9.375	25.75	0.000487891811848842	0.713071369379504	-0.707483557932109	-0.032894814354011	1
9.625	25.75	0.000487676302459944	0.737589010722269	-0.681624518683166	-0.0331163890386799	1
9.875	25.75	0.000487454656147427	0.646442007881502	-0.76395697005661	-0.0349440159544309	1
10.125	25.75	0.000487224572508391	0.734313147127533	-0.680116270571431	-0.0334243887139308	1
10.375	25.75	0.000486989816183732	0.572021307965263	-0.816528613091151	-0.0356255578871838	1
10.625	25.75	0.000486756996269939	0.773813345535532	-0.631731639059809	-0.0324262968713352	1
10.875	25.75	0.000486549217658206	0.483720462804579	-0.868906104732029	-0.035541844807553	1
11.125	25.75	0.000486391467732945	0.865431689557618	-0.499170103515044	-0.0307803860559858	1
11.375	25.75	0.000486318441487571	0.367804353450998	-0.925049833941006	-0.0355553432718664	1
11.625	25.75	0.000486306937369154	0.975354695397513	0.108258729602556	-0.0296992119476753	1
11.875	25.75	0.000486346286271057	0.701428383135461	0.719959988613925	-0.0263881060315877	1
12.125	25.75	0.000486418199209284	0.926687065126829	0.392558331515346	-0.0319848747300676	1
12.375	25.75	0.000486500496529941	0.680645490690978	0.740410809989063	-0.0295200275587964	1
12.625	25.75	0.000486597237616385	0.857913485159897	0.521353129546667	-0.0338945530280915	1
12.875	25.75	0.000486700219192554	0.672901549019512	0.742837787080101	-0.0313888046729589	1
13.125	25.75	0.000486809930885862	0.802634761745305	0.599491963767679	-0.0343270271552629	1
13.375	25.75	0.000486926313885264	0.690258027833403	0.72415296984498	-0.0322849646124148	1
13.625	25.75	0.000487043941934045	0.771437662759412	0.638747730525383	-0.034096398100237	1
13.875	25.75	0.000487170870760429	0.723098500834893	0.691368646373967	-0.0330248694360131	1
14.125	25.75	0.000487305879727522	0.769172202508426	0.641452380151764	-0.0340360962710392	1
14.375	25.75	0.000487465553104041	0.761049546687465	0.648642794673334	-0.0337456981797895	1
14.625	25.75	0.000487660811834856	0.786845598733065	0.616554372664947	-0.0339853919920182	1
14.875	25.75	0.00048790295948701	0.788078042580612	0.611655793328092	-0.033742599945975	1
15.125	25.75	0.000488178878465824	0.794137081130585	0.601757231876419	-0.0331184193814285	1
15.375	25.75	0.000488435093202437	0.782374242840132	0.616805958386548	-0.0324246080468952	1
15.625	25.75	0.000488560471402981	0.766057644953457	0.637498100018073	-0.0317915658632783	1
15.875	25.75	0.00048842034452162	0.765358123749012	0.643160122179264	-0.0311387773771229	1
16.125	25.75	0.000487928422959984	0.740235403854348	0.674973800888373	-0.0318655853689485	1
16.375	25.75	0.000487209166823174	0.797699448452273	0.610041663901224	-0.0319523826788542	1
16.625	25.75	0.000486863589509371	0.753612547672467	0.663591306401508	-0.03372906988351	1
16.875	25.75	0.000488088607154418	0.873715990142495	0.495932537340519	-0.0340413992032297	1
17.125	25.75	0.000492678738785432	0.741925886557728	0.672461163449516	-0.0358280668874132	1
17.375	25.75	0.000502075503992381	0.881984114108285	0.445216156355569	-0.0352657088499878	1
17.625	25.75	0.000515597792295473	0.0945349095601367	-0.989490666569494	-0.0295632050593291	1
17.875	25.75	0.000529326743420991	0.718827418978966	-0.699836974191594	-0.0354344426616778	1
18.125	25.75	0.000535215725698785	0.315448691628372	-0.940532545647149	-0.0312195599089047	1
18.375	25.75	0.000521376141874779	0.594330427332853	-0.806593711207759	-0.0339707277172936	1
18.625	25.75	0.000474673545896778	0.472319763693346	-0.872738108139759	-0.0322233917433534	1
18.875	25.75	0.000386495727182273	0.554434070972773	-0.831645948598764	-0.0322243733520116	1
19.125	25.75	0.000259159529634636	0.553703261043043	-0.825894529048134	-0.0321924089363382	1
19.375	25.75	0.000113263318632271	0.581082848353479	-0.81192447604632	-0.0308740684740382	1
19.625	25.75	-1.0884887352571e-05	0.582873422995437	-0.808518478553019	-0.0317599674033948	1
19.875	25.75	-5.94543630556575e-05	0.643202447256215	-0.76382132836204	-0.0300026138540076	1
20.125	25.75	1.82847924776394e-05	0.593275331626086	-0.804689319250419	-0.03141828104454	1
20.375	25.75	0.000244902268450234	0.691089558295635	-0.719425719273414	-0.0299843400185594	1
20.625	25.75	0.000592753564935481	0.669853120365956	-0.749306229671262	-0.0307209707752864	1
20.875	25.75	0.000976950238656937	0.639541617855003	-0.765726491500743	-0.0321897071451226	1
21.125	25.75	0.00130641118122087	0.994710194827989	-0.046343105669652	-0.0302480683602909	1
21.375	25.75	0.00154599721181448	0.992528460071653	-0.0827848606858439	-0.0307576964937517	1
21.625	25.75	0.0016980468908148	0.997392706414165	-0.00160882357870735	-0.029041280908079	1
21.875	25.75	0.00176637494687603	1.00078253641908	-0.0335636092421568	-0.0303010442919717	1
22.125	25.75	0.00180298845541043	0.980855175475363	0.0311122630587851	-0.0306141985639076	1
22.375	25.75	0.00188429827303278	0.922375035180793	0.320902376545087	-0.0217960273564424	1
22.625	25.75	0.00204273216422767	0.799621010513279	0.599679730601768	-0.019566779036348	1
22.875	25.75	0.00226856587990112	0.807536730367112	0.592869084974497	-0.0219033145687629	1
23.125	25.75	0.00249050905132563	0.771407159553906	0.63086108075285	-0.0208254219554506	1
23.375	25.75	0.00263623109719628	0.74837947229902	0.657060510699753	-0.0203870941656774	1
23.625	25.75	0.00265170322315565	0.756078313231606	0.645289967641529	-0.0191766245182408	1
23.875	25.75	0.0025052765978963	0.741998319115189	0.661560724738196	-0.0178706740237681	1
24.125	25.75	0.00216329957841076	0.75495142554051	0.645209597184378	-0.0164094146286819	1
24.375	25.75	0.00154895367856166	0.755892042430314	0.647944161773939	-0.0146294241645493	1
24.625	25.75	0.000491954755194062	0.77361366780294	0.622897095487081	-0.0137235644355101	1
24.875	25.75	-0.0012608333324797	0.78375760554932	0.631060288785314	-0.0107627491299016	1
25.125	25.75	-0.00395303357084572	0.941539785052932	0.374728709010234	-0.0137983776408186	1
25.375	25.75	-0.00767106252285581	0.985326248797048	0.17540616341577	-0.0144656181654941	1
25.625	25.75	-0.0118119820378494	0.939920265133246	0.349680947513563	-0.0104291677607984	1
25.875	25.75	-0.0150030848668958	0.773127961911728	-0.640677436540315	-0.00910133174911359	1
26.125	25.75	-0.0152556042939339	0.868690363291201	-0.504578404535822	-0.00580968864033563	1
26.375	25.75	-0.0122384881860338	0.869939563257797	-0.496078661789839	-0.00345229057047287	1
26.625	25.75	-0.00620796424800218	0.790624269648172	-0.59508023708396	-0.000993678842936149	1
26.875	25.75	0.00214618851915601	0.946208532098703	-0.16894611989194	0.00594193227482905	1
27.125	25.75	0.012001193922129	0.887242186195043	-0.330840762290524	0.0165994072784024	1
27.375	25.75	0.021586837961856	0.949690065849784	0.011917646033439	0.0271735322113892	1
27.625	25.75	0.0293698971628486	0.905960953374872	-0.370122277574569	0.0307659640365622	1
27.875	25.75	0.0341298707920863	0.727384175232555	-0.642597344620244	0.0241226149642162	1
28.125	25.75	0.0374698209866155	0.680880588009364	-0.671281568740868	0.0305349256882395	1
28.375	25.75	0.0400857978776742	0.640535291470347	-0.716086357806949	0.0286308758046096	1
28.625	25.75	0.0437009494550997	0.597213251458567	-0.741402235467686	0.0321277564416755	1
28.875	25.75	0.0494591962511581	0.587835052026598	-0.748264750987688	0.032311021932086	1
29.125	25.75	0.0584038075234106	0.579799493196101	-0.743439004713426	0.0335967271329881	1
29.375	25.75	0.070648471335553	0.587546202121939	-0.725682289310984	0.0336308813781771	1
29.625	25.75	0.0854274817252959	0.611334614949764	-0.689963061864415	0.033473050367497	1
29.875	25.75	0.101274891560643	0.625661670414265	-0.659871172611877	0.0319445931806923	1
30.125	25.75	0.116453106091752	0.673419186767044	-0.592717607761772	0.0299333865523448	1
30.375	25.75	0.129867577378754	0.708193323711504	-0.547975415045172	0.0273041256741017	1
30.625	25.75	0.141479916802326	0.708336334026625	-0.51042584699604	0.0178970677935877	1
30.875	25.75	0.15254390196658	0.828047179940138	0.0943359637534436	0.0219835354570652	1
31.125	25.75	0.164629548269653	0.831103411389097	-0.00829511628328727	0.0274210768960965	1
31.375	25.75	0.176083461367002	0.834836458356871	-0.0372244598196066	0.0260925818013573	1
31.625	25.75	0.185967866955927	0.830709754987091	-0.0169968995186321	0.0227011799699555	1
31.875	25.75	0.193965231093767	0.824967007927769	0.0192437999884789	0.0183194132009887	1
32.125	25.75	0.200187522677135	0.818278973158658	0.0487954631911431	0.0135123831475426	1
32.375	25.75	0.204975415047458	0.811458027625938	0.0712557756273329	0.00861322108000571	1
32.625	25.75	0.208784023835202	0.803619860727981	0.082422328998646	0.0039456178075093	1
32.875	25.75	0.212040873549806	0.792716653610381	0.0724726962451978	0.000497517366789519	1
33.125	25.75	0.214925295621145	0.781167725956663	0.0146933206011241	-6.77886620036694e-05	1
33.375	25.75	0.217176953194016	0.767405267867621	-0.0581474496693592	0.00189286971051687	1
33.625	25.75	0.21830604810014	0.75184649470702	-0.122494998054137	0.00579331372613951	1
33.875	25.75	0.217844364894615	0.739565406198875	-0.161614067308255	0.0110396729259467	1
34.125	25.75	0.215553453535689	0.738476182278108	-0.171838917300445	0.0173510979724009	1
34.375	25.75	0.211526912429602	0.749954403509927	-0.143618673790033	0.0227983557482419	1
34.625	25.75	0.206235218858691	0.765446212224699	-0.114153452266171	0.0279837144583176	1
34.875	25.75	0.200373126606594	0.787630526161731	-0.0594972779876803	0.0309847038510953	1
35.125	25.75	0.194667356630195	0.810698636543876	-0.00470431762683779	0.0316099195105358	1
35.375	25.75	0.189528790299052	0.83693651406614	0.0450871220630286	0.027767424750526	1
35.625	25.75	0.18473669157951	0.833661668255721	0.0519240346303683	0.0179357776145655	1
35.875	25.75	0.179428266079559	0.809623244212397	0.0467112158971811	0.0178718776322802	1
36.125	25.75	0.172591691746574	0.742603736843391	0.35844171793741	0.0228850657779658	1
36.375	25.75	0.164204064481704	0.68206581541615	0.523904578164667	0.0259043236482542	1
36.625	25.75	0.155514738704893	0.763965192840005	0.457952193308323	0.019975734608743	1
36.875	25.75	0.148012020475777	0.656332807905586	0.597055525333815	0.0104600878842592	1
37.125	25.75	0.143123791278265	0.827328871738648	-0.172722811516712	0.0112708807477201	1
37.375	25.75	0.139377241060625	0.719399697227707	0.529287065164724	0.0125097367213692	1
0.125	26.25	0.000487559304448147	0.922399077047162	0.39631123647081	-0.0391316002996751	1
0.375	26.25	0.000487523211042302	0.53813653203848	-0.835058792704013	-0.0406963407948352	1
0.625	26.25	0.000487508294794707	0.97541694863982	-0.134710955896124	-0.0376009817256735	1
0.875	26.25	0.000487470683284531	0.523121277421118	-0.850156895488013	-0.0335043398291276	1
1.125	26.25	0.000487423770209795	0.923315966496722	-0.361738660964832	-0.0370456540809839	1
1.375	26.25	0.000487359930789951	0.734645658772319	-0.683629754194073	-0.0299725446451557	1
1.625	26.25	0.000487322777948359	0.712850353007606	-0.702918664054717	-0.0388155772930677	1
1.875	26.25	0.000487298477289266	0.773800261239317	-0.617961998767501	-0.0310628689484266	1
2.125	26.25	0.000487321154390815	0.748502752719258	-0.668473772970572	-0.0351595461916744	1
2.375	26.25	0.000487415699517285	0.413088069130083	-0.913000064031347	-0.032962581571834	1
2.625	26.25	0.000487539411763132	0.526157997932367	0.856031476898646	-0.0350865871067536	1
2.875	26.25	0.000487685635039091	0.568291586100803	0.819422129371998	-0.0346383044490324	1
3.125	26.25	0.000487844898610382	0.505830890167131	0.864016054394834	-0.0338668553296419	1
3.375	26.25	0.000488023667466801	0.585031789400036	0.812441176144744	-0.0349294458820712	1
3.625	26.25	0.000488209055893842	0.562461353374063	0.825850325040983	-0.0341672103835337	1
3.875	26.25	0.000488401812731481	0.571052297287172	0.824116044386359	-0.0344993495506234	1
4.125	26.25	0.000488597073647289	0.601840238847491	0.797930382463877	-0.0349125694021215	1
4.375	26.25	0.000488796414497768	0.58408837957237	0.815276901971993	-0.0342399855276449	1
4.625	26.25	0.000488989631167051	0.600729836745946	0.80011750582429	-0.0357947987035486	1
4.875	26.25	0.000489188117036836	0.631804957166771	0.779932019480548	-0.0343413195857713	1
5.125	26.25	0.00048937370096573	0.564828188103423	0.827241593426295	-0.0372447779208285	1
5.375	26.25	0.000489551923420717	0.7129354043579	0.707994140899166	-0.0346444609857475	1
5.625	26.25	0.000489707201137131	0.511536425208864	0.864329694698385	-0.0393885940996753	1
5.875	26.25	0.000489806434308681	0.80740137399094	0.59732023931394	-0.0357240466121494	1
6.125	26.25	0.000489852055472955	0.507634562063476	0.873283552258707	-0.0413602938636287	1
6.375	26.25	0.000489782285263183	0.846863049389919	0.535587920425183	-0.0389199131075676	1
6.625	26.25	0.000489667631196495	0.730937428138232	-0.679401787817854	-0.0419319574712597	1
6.875	26.25	0.000489528945003865	0.841236372261992	-0.510789856421312	-0.0386367898886085	1
7.125	26.25	0.000489355248285271	0.591545503329642	-0.799679245539979	-0.0351348470757717	1
7.375	26.25	0.000489174693635743	0.710565723644487	-0.698720826511416	-0.0366877380676751	1
7.625	26.25	0.00048899094068633	0.621429999420988	-0.775658129788706	-0.0344457349055361	1
7.875	26.25	0.000488796506731886	0.649722776978363	-0.75558462784311	-0.0345594459082159	1
8.125	26.25	0.000488607539565047	0.685206424146953	-0.718080412012093	-0.0336485303436183	1
8.375	26.25	0.000488412211980461	0.699451918501406	-0.704437912007519	-0.0321806501238945	1
8.625	26.25	0.000488214787496931	0.759164867098467	-0.640740648492879	-0.0312155183756713	1
8.875	26.25	0.00048801651869887	0.754903869955581	-0.649783712228676	-0.0301122952234631	1
9.125	26.25	0.000487813951035599	0.790929635780949	-0.613230241063475	-0.0299942618779412	1
9.375	26.25	0.000487609513747353	0.747543644947363	-0.668226189684196	-0.0310540831991166	1
9.625	26.25	0.000487399516710074	0.786594366381453	-0.626589025871011	-0.0313333434615696	1
9.875	26.25	0.000487182125389541	0.690447199154514	-0.728191658782299	-0.0338964325805325	1
10.125	26.25	0.000486957710182545	0.788074473683232	-0.62310040298344	-0.0327252980417695	1
10.375	26.25	0.000486722854923917	0.599246565890792	-0.800628280987404	-0.0363117018148444	1
10.625	26.25	0.000486491400693244	0.82256566133524	-0.571133895433311	-0.0326359298856258	1
10.875	26.25	0.000486273229197947	0.479880578763428	-0.874199963876218	-0.0374778765200606	1
11.125	26.25	0.000486102591419444	0.887585258314931	-0.453138914246003	-0.0315691757662135	1
11.375	26.25	0.00048600836365909	0.383821257301319	-0.921843250838672	-0.0364481961847108	1
11.625	26.25	0.000485994050205819	0.919557544129818	-0.357810261063572	-0.0310504485789922	1
11.875	26.25	0.00048603902974637	0.668499845544929	0.755641513188298	-0.0303638323486273	1
12.125	26.25	0.000486113485374935	0.875811417904801	0.491050896360826	-0.0342551376377515	1
12.375	26.25	0.000486193885975305	0.643380922858668	0.769552084051196	-0.0320782115523858	1
12.625	26.25	0.00048629082248099	0.822069482890279	0.571024945282049	-0.0350431028037626	1
12.875	26.25	0.000486391399115955	0.66484875037165	0.747268819526027	-0.0325499431634267	1
13.125	26.25	0.00048649720810019	0.793536534300734	0.608883487884819	-0.0347831705229847	1
13.375	26.25	0.00048660720907487	0.702944226868333	0.711081169815282	-0.032850030362749	1
13.625	26.25	0.000486714579820438	0.784903155558576	0.620776798539851	-0.0345113116301079	1
13.875	26.25	0.000486827891925572	0.744398037517212	0.667182865008658	-0.0333997763204922	1
14.125	26.25	0.000486945181158832	0.790346715558687	0.612227069457252	-0.0342923724721069	1
14.375	26.25	0.000487086515636915	0.777647164403744	0.625154679521382	-0.0335270873375638	1
14.625	26.25	0.000487262608143603	0.795610448396341	0.601561453982747	-0.0334551488837506	1
14.875	26.25	0.000487488782634786	0.785317376438276	0.613216655892204	-0.0326994696422649	1
15.125	26.25	0.000487752331736512	0.783954716466279	0.616062543022118	-0.0321330560830362	1
15.375	26.25	0.000488003661672487	0.771795837048451	0.633333454996446	-0.0317105746496468	1
15.625	26.25	0.000488128631526866	0.767501871987971	0.639906481767476	-0.0317439620480816	1
15.875	26.25	0.000487984000374115	0.77445520767233	0.634300413978339	-0.0315857485827571	1
16.125	26.25	0.000487443068242327	0.761336030266073	0.650614058510339	-0.0326206265510217	1
16.375	26.25	0.000486592518517423	0.782153164883948	0.621418097821911	-0.0324234844146757	1
16.625	26.25	0.000485992226178967	0.759457441536895	0.65347493274076	-0.0324831775754827	1
16.875	26.25	0.000486870425423732	0.731813826997674	0.67955991308479	-0.0338053075645888	1
17.125	26.25	0.000491220435563075	0.718530595488733	0.693433256538777	-0.0317871062919117	1
17.375	26.25	0.000501073140578104	0.701146795917785	0.726369329674048	-0.0337016126432794	1
17.625	26.25	0.000516847785718824	0.561167533577444	-0.814567282503986	-0.0352516159060493	1
17.875	26.25	0.000534873126592189	0.378290271489155	-0.925228080278753	-0.0322610553234787	1
18.125	26.25	0.000544475908755543	0.573915509182326	-0.810726284011531	-0.0354763853270299	1
18.375	26.25	0.000528274147940681	0.365439104360762	-0.928619207475812	-0.0316273411510276	1
18.625	26.25	0.000466305491293159	0.552705484490646	-0.829283942507766	-0.0348771312977246	1
18.875	26.25	0.00034521727537608	0.425062237646134	-0.900889871612867	-0.0319396816968606	1
19.125	26.25	0.00017045876944193	0.541681525469298	-0.837876981026287	-0.0337315358229932	1
19.375	26.25	-2.22973158960596e-05	0.488670663330872	-0.867299456701941	-0.0322271092616596	1
19.625	26.25	-0.000162288172162616	0.563802539911361	-0.823378927226506	-0.032379549098794	1
19.875	26.25	-0.000153347234931003	0.529107580422621	-0.843273208536162	-0.0322223430038984	1
20.125	26.25	9.94264993632794e-05	0.62388674601717	-0.77816957465025	-0.0309855229078759	1
20.375	26.25	0.000647207157011256	0.541438540600273	-0.8361127888361	-0.0319658966021402	1
20.625	26.25	0.00145393791868254	0.697326282364432	-0.70964944445726	-0.0300099246778865	1
20.875	26.25	0.0023762689497573	0.575032063112982	-0.81672360363323	-0.0309905134622623	1
21.125	26.25	0.00319266926547951	0.689187250622933	-0.715914226375937	-0.0305557930506493	1
21.375	26.25	0.00376237678204276	0.980281879249139	0.161335200339277	-0.0299364280726628	1
21.625	26.25	0.00408564261995172	0.989553687678078	0.0204416459198253	-0.0291667583206488	1
21.875	26.25	0.00422422054555059	0.955928268895351	0.293482908871873	-0.0268471273072925	1
22.125	26.25	0.00430898575460501	0.781986399723966	0.623159347812871	-0.0309323430726075	1
22.375	26.25	0.00442929331987638	0.897081252995622	0.446331320294439	-0.0275876509224755	1
22.625	26.25	0.00450629331181331	0.995431679264486	0.163449723201778	-0.0338691922557933	1
22.875	26.25	0.00445473910735946	0.990492583575086	-0.0531402488018619	-0.0340944967252589	1
23.125	26.25	0.00411896137225137	0.978480582999644	-0.148853162746673	-0.0321620056307759	1
23.375	26.25	0.0033728861340669	0.960440963817892	-0.243539771267997	-0.0314404960530283	1
23.625	26.25	0.00217277631059917	0.941226300248239	-0.314001585594703	-0.0298648366468939	1
23.875	26.25	0.000559827444323633	0.929465180618405	-0.348490354419006	-0.0294964226879129	1
24.125	26.25	-0.00144285556338433	0.917226048052644	-0.384847474349195	-0.0274445450505519	1
24.375	26.25	-0.00391060968493245	0.899859284890242	-0.418831982632575	-0.0272030146833181	1
24.625	26.25	-0.00714065891853335	0.928638846238642	-0.366868557495964	-0.0229084419023958	1
24.875	26.25	-0.0115024082229707	0.874881665013876	-0.478269144899917	-0.0238501527005773	1
25.125	26.25	-0.0169403374635556	0.984376005895553	0.116232590630463	-0.0170516956217559	1
25.375	26.25	-0.0222886033896768	0.865768598978154	0.542722286499961	-0.0106937265640725	1
25.625	26.25	-0.0247053701158939	0.860565158471706	0.562596929361874	-0.0163013963439627	1
25.875	26.25	-0.021169759228774	0.866604388862629	-0.49887748460251	-0.0115517768149629	1
26.125	26.25	-0.0111430772941602	0.774599883599635	-0.629609076015669	-0.00787813549901447	1
26.375	26.25	0.00364934437172805	0.917762526391806	-0.325540488800214	-0.00514678154374805	1
26.625	26.25	0.0214824193418444	0.863982653121493	-0.445294366740169	0.00256616946493785	1
26.875	26.25	0.0405510837358265	0.682933817397664	-0.653544395094981	-0.00200186170430057	1
27.125	26.25	0.0598095603496071	0.72601824900782	-0.565690153369758	0.0101833358867602	1
27.375	26.25	0.0759452107632728	0.482216815632344	-0.784694210251245	0.0077401763263529	1
27.625	26.25	0.086949054386281	0.773187716665881	-0.458066897510162	0.0156098097852893	1
27.875	26.25	0.0922205098033411	0.612535705516829	0.639324919008336	0.018501638474743	1
28.125	26.25	0.0967365078331576	0.858401844011333	0.173143641044581	0.0226269470803821	1
28.375	26.25	0.102070497005752	0.705892637254319	0.513203477841715	0.0318092080339141	1
28.625	26.25	0.112094050076459	0.822542990571491	0.303148992184111	0.031224764924858	1
28.875	26.25	0.128236092086161	0.774642529747296	0.367826801903757	0.0361829828125503	1
29.125	26.25	0.151143200555852	0.792035637804658	0.293467501121916	0.0364892893685054	1
29.375	26.25	0.179033531974494	0.776099311335114	0.256810547795251	0.0379574437973735	1
29.625	26.25	0.208411831071163	0.761451619846814	0.217610846363317	0.0383167712707472	1
29.875	26.25	0.23527640530568	0.744237389930631	0.178277613405262	0.0383980072465322	1
30.125	26.25	0.256200559515365	0.728846469918212	0.14737043687167	0.0385314221161303	1
30.375	26.25	0.269903799110178	0.718402710366241	0.143954628469893	0.0389251602051269	1
30.625	26.25	0.277345632620094	0.662444432627158	0.259124046219907	0.0371736137632103	1
30.875	26.25	0.281269741788741	0.684845627879091	-0.219825118747004	0.0425802250152326	1
31.125	26.25	0.283801482009956	0.634653160304605	-0.373925675513852	0.0378523326781012	1
31.375	26.25	0.284776614575181	0.664711983288526	-0.322727443979503	0.0295987276375193	1
31.625	26.25	0.284253942524962	0.666450786972202	-0.313899554231184	0.0230406319415501	1
31.875	26.25	0.282473555424465	0.672954917593015	-0.302872304457727	0.0159913358222347	1
32.125	26.25	0.279679535190446	0.679849805296982	-0.285041644193082	0.00936086448165526	1
32.375	26.25	0.276010175477956	0.68786854141323	-0.261899956885689	0.00355541844271422	1
32.625	26.25	0.271471355959908	0.697188939724639	-0.221062350396404	-0.000890519913734577	1
32.875	26.25	0.265857978945893	0.699813818063255	-0.165385825767321	-0.00243923466668865	1
33.125	26.25	0.258781398273689	0.701422390691239	-0.134130177872183	0.00200891695727571	1
33.375	26.25	0.250042372047495	0.716762157526761	-0.110078846251488	0.00702356054617267	1
33.625	26.25	0.2396874554636	0.733975732102947	-0.115363055809455	0.0109527896470572	1
33.875	26.25	0.228012682365913	0.746663105338409	-0.158649114376341	0.0125686969270789	1
34.125	26.25	0.215502013918854	0.739810609728313	-0.273569926245605	0.0122328894093274	1
34.375	26.25	0.202948283496513	0.732241842566745	-0.331677575303802	0.00853831621871043	1
34.625	26.25	0.191190621418693	0.708130593457504	-0.405198791716154	0.00753645504298126	1
34.875	26.25	0.181459377073808	0.71505254709852	-0.409919121105825	0.00570694889733997	1
35.125	26.25	0.174895866861786	0.723083020942585	-0.38720880887843	0.00567115432056171	1
35.375	26.25	0.172264220403872	0.763998284218975	-0.27012125790298	0.00884025310567928	1
35.625	26.25	0.173113096833191	0.778682196885309	0.264276683307816	0.0134055801638142	1
35.875	26.25	0.175337375196415	0.732345284710295	0.420292101509469	0.0151953429266122	1
36.125	26.25	0.177190630777098	0.717027409996314	0.457521929201997	0.0108169215571054	1
36.375	26.25	0.177355105568962	0.751191257013149	0.395972080763272	0.00925918735689055	1
36.625	26.25	0.175677769991446	0.71336020035207	0.485469813426693	0.00355553178248294	1
36.875	26.25	0.172900644395155	0.603589808834686	0.60651750935501	-0.00287000527737766	1
37.125	26.25	0.170601428476972	0.760649069332239	-0.276924950701304	-0.00352900266023765	1
37.375	26.25	0.168935896078712	0.730453358879791	0.424705041497049	0.00158006314864861	1
0.125	26.75	0.000487365371139451	0.995713231717166	0.117119260294638	-0.0363268627127114	1
0.375	26.75	0.000487332671272134	0.603966548497132	-0.800083499032843	-0.0378505350964744	1
0.625	26.75	0.000487318377052434	0.992007083559357	-0.0510487066091866	-0.0366375535935658	1
0.875	26.75	0.000487287355775092	0.743804893609701	-0.665619650052579	-0.0348000542736343	1
1.125	26.75	0.000487255151521317	0.944232324118372	-0.30607899607275	-0.0360888131552528	1
1.375	26.75	0.000487212813476228	0.807880052675874	-0.575068247812947	-0.0312259431521409	1
1.625	26.75	0.000487182828650723	0.971652910901498	-0.267326887403462	-0.0327499852664902	1
1.875	26.75	0.00048718640373155	0.430520883808397	-0.893204849049798	-0.0351695488990249	1
2.125	26.75	0.000487199067900787	0.977558673997007	0.107230610771799	-0.0308862295050309	1
2.375	26.75	0.000487246854797698	0.559689595704446	0.83506584519863	-0.0269146084296203	1
2.625	26.75	0.000487358805316372	0.843469387451641	0.542842168829642	-0.0323959741421876	1
2.875	26.75	0.000487487839406251	0.57788632682929	0.819522701090101	-0.0285787560268692	1
3.125	26.75	0.000487640507073284	0.728514078427992	0.693303228963253	-0.0329091675684994	1
3.375	26.75	0.000487809729300194	0.602509248390292	0.800844755987477	-0.0313420872776426	1
3.625	26.75	0.000487983532347871	0.654612177610023	0.761811525221555	-0.0333493504980233	1
3.875	26.75	0.000488171171353545	0.603342501837694	0.801180018208962	-0.0333522726080159	1
4.125	26.75	0.000488356594478455	0.628479628733802	0.781814327117452	-0.0343099687813238	1
4.375	26.75	0.000488547793468551	0.605906461656741	0.799991135715289	-0.0347005856594527	1
4.625	26.75	0.000488733467320444	0.626091903812878	0.782731076085193	-0.0356362771812148	1
4.875	26.75	0.000488921850247158	0.639065981896692	0.774775833501268	-0.0356548710099023	1
5.125	26.75	0.000489100743416418	0.625304116246585	0.782753612152202	-0.0374031624999557	1
5.375	26.75	0.000489274075494558	0.719919648552761	0.703643231231396	-0.0362729526120195	1
5.625	26.75	0.000489422528344938	0.595350068131626	0.806821750333611	-0.0403656282065318	1
5.875	26.75	0.000489522944190167	0.853990035696675	0.540229527133414	-0.0369918333168086	1
6.125	26.75	0.000489563145828237	0.516900174581784	0.864836081459589	-0.0453843487482355	1
6.375	26.75	0.000489488865702033	0.979437543178764	0.13297677667265	-0.0392553643446788	1
6.625	26.75	0.000489364752396336	0.800320846020203	-0.608212307013099	-0.0395931827160266	1
6.875	26.75	0.000489241895396009	0.911179958843515	-0.399859266041772	-0.0416038387475087	1
7.125	26.75	0.000489086387702833	0.758806813683669	-0.635744435845735	-0.0378090822399153	1
7.375	26.75	0.000488904998283911	0.726353088247838	-0.681352108529903	-0.0373323122688674	1
7.625	26.75	0.000488717484802735	0.71784510134653	-0.686360503589604	-0.0364240516052707	1
7.875	26.75	0.000488516902268478	0.636633130618891	-0.767304287049149	-0.0349258648963535	1
8.125	26.75	0.000488315704119119	0.68843743858617	-0.719408777393037	-0.035392329951544	1
8.375	26.75	0.000488115464645986	0.636553922388786	-0.764822792416292	-0.0338742306608939	1
8.625	26.75	0.000487913133837201	0.704973625624936	-0.701158595152089	-0.0337238910788101	1
8.875	26.75	0.000487714866836346	0.688185596617331	-0.715576792960269	-0.0323322212227916	1
9.125	26.75	0.000487514400450832	0.757843586861845	-0.644618792892952	-0.0312702773693719	1
9.375	26.75	0.000487315765020807	0.727897998697111	-0.679825294654723	-0.030973649999429	1
9.625	26.75	0.000487112828292674	0.798961449540622	-0.602738451409318	-0.0300697871720995	1
9.875	26.75	0.000486903123429061	0.710851701056794	-0.705665897665883	-0.0319906671008277	1
10.125	26.75	0.000486684888640333	0.823223384539909	-0.576938571405268	-0.0309421176395546	1
10.375	26.75	0.000486454286208632	0.642780839857348	-0.770520275462545	-0.0348333316740615	1
10.625	26.75	0.000486223967017593	0.851097741961041	-0.532417328938984	-0.0321620881781006	1
10.875	26.75	0.000486002206852081	0.557746777374416	-0.833244347657208	-0.03708263202648	1
11.125	26.75	0.000485821322887834	0.874566332268365	-0.479085581693092	-0.0329576741993599	1
11.375	26.75	0.00048571026359413	0.537061156568551	-0.845626488000613	-0.0361951802526053	1
11.625	26.75	0.000485694345421874	0.843339453141695	-0.523823260819286	-0.0337461209771064	1
11.875	26.75	0.000485745015548582	0.644540186293628	0.769775783556838	-0.0332740352911352	1
12.125	26.75	0.000485815637078375	0.844125050499295	0.533626346920978	-0.0350182156202182	1
12.375	26.75	0.000485893426064462	0.644367233319489	0.76474270555912	-0.0326028630865758	1
12.625	26.75	0.000485988703914157	0.824751877425942	0.564124038126387	-0.0349150150851984	1
12.875	26.75	0.000486087135093781	0.686834103462445	0.726272962598292	-0.0324837311853534	1
13.125	26.75	0.000486188634045097	0.807314924333767	0.591174261995778	-0.0346493755965184	1
13.375	26.75	0.00048629168472643	0.728080866476555	0.685615172566151	-0.0330699652055296	1
13.625	26.75	0.000486388751874062	0.799921080458381	0.60051048305636	-0.0346036793481191	1
13.875	26.75	0.000486487710322871	0.761049734453367	0.646401080904678	-0.0334715735135799	1
14.125	26.75	0.000486587814255911	0.798305508627108	0.598819512376863	-0.0339873963901445	1
14.375	26.75	0.000486709494846534	0.777995090969007	0.622603242690828	-0.0328768221991136	1
14.625	26.75	0.000486866079925673	0.788818015397263	0.609617514611393	-0.0326207390158823	1
14.875	26.75	0.000487079830190828	0.772782785954984	0.629863824671364	-0.0318820972919779	1
15.125	26.75	0.000487350868175168	0.774884378702559	0.629531942783232	-0.031545446405032	1
15.375	26.75	0.0004876407253613	0.763096479581741	0.645538507534916	-0.0315190525594229	1
15.625	26.75	0.000487838689095529	0.765788655875721	0.642143227265217	-0.031601283117029	1
15.875	26.75	0.000487764762792109	0.768259131007233	0.643291085566767	-0.0314956146656752	1
16.125	26.75	0.000487189596652567	0.736403389182323	0.676470256575612	-0.0328557660507501	1
16.375	26.75	0.000486034948197517	0.790669255292483	0.616402019648696	-0.0313828757423294	1
16.625	26.75	0.000484623727182228	0.691239066244898	0.732135403656756	-0.034333024809792	1
16.875	26.75	0.000484058460795178	0.784380882324443	0.623071084450565	-0.0339796752029264	1
17.125	26.75	0.000486660267790056	0.767484764949937	0.670823493670779	-0.0346702910269615	1
17.375	26.75	0.000495528888516013	0.702075478093477	0.730558006744662	-0.04243621070591	1
17.625	26.75	0.000513509470199853	0.944228577889476	-0.277026909234174	-0.0393350260968345	1
17.875	26.75	0.000539334383148679	0.530676462489427	-0.834782300522797	-0.0352362294745652	1
18.125	26.75	0.000560715374621932	0.595627820365903	-0.798270162027662	-0.037174524855947	1
18.375	26.75	0.00055303324797761	0.439990447772751	-0.889135751365374	-0.0351354534647126	1
18.625	26.75	0.000484839923072907	0.447715592495991	-0.891686010020625	-0.0355224368851923	1
18.875	26.75	0.000332080750771744	0.434617231321464	-0.894676245391796	-0.0350790628286505	1
19.125	26.75	9.92187550271655e-05	0.428360621419608	-0.900820835897796	-0.0345714257031658	1
19.375	26.75	-0.000159715956793605	0.457182458856584	-0.88563234719968	-0.0345391710052525	1
19.625	26.75	-0.000330537242659625	0.451715764666248	-0.888873561980121	-0.0340851393312005	1
19.875	26.75	-0.000251759314121342	0.499730821319556	-0.863343719431876	-0.0336814589276113	1
20.125	26.75	0.000242966581356264	0.47852905071522	-0.873015988520207	-0.0338472209535851	1
20.375	26.75	0.00125639838622204	0.571995937521683	-0.815305659549491	-0.0325005838937938	1
20.625	26.75	0.002751187308138	0.483720971624763	-0.866870337609326	-0.0335884396904185	1
20.875	26.75	0.00450973586762911	0.669949084201102	-0.729725412251918	-0.0312077993362156	1
21.125	26.75	0.00615713529587502	0.481374546963053	-0.866329257330775	-0.032370927771336	1
21.375	26.75	0.00730201752353409	0.701832860713238	-0.690718786863917	-0.0305770605562587	1
21.625	26.75	0.0078281373952948	0.993093436065332	0.0850614896068033	-0.0294839912638	1
21.875	26.75	0.00785024115040771	0.969585793424071	0.262508163329894	-0.0327830329497833	1
22.125	26.75	0.00761825837321966	0.942083374658166	0.254617840609016	-0.0349463792178113	1
22.375	26.75	0.00720959865280073	0.946320597339609	-0.190866490789725	-0.0242191083919431	1
22.625	26.75	0.00644411688305033	0.80063459215584	0.602550759172079	-0.0216311553496024	1
22.875	26.75	0.00508023327408112	0.717742043486803	0.710929570132087	-0.0267298605608395	1
23.125	26.75	0.00290779377242464	0.672875384887453	0.736186719039873	-0.0268053009756406	1
23.375	26.75	-9.63131758602109e-05	0.57772207422404	0.813263168742241	-0.0257126844461599	1
23.625	26.75	-0.00367208948767756	0.664517251161474	0.749374228672354	-0.0249769273843879	1
23.875	26.75	-0.00736805227990726	0.603970149025022	0.802361007813313	-0.0239788252278783	1
24.125	26.75	-0.0107766225892349	0.694228828315008	0.72979860036469	-0.0225723014293897	1
24.375	26.75	-0.0137851745449066	0.670189932313132	0.754842372775343	-0.0217871916804199	1
24.625	26.75	-0.0169011176616913	0.790326657794215	0.632715622624116	-0.0199344869367901	1
24.875	26.75	-0.0210249316305945	0.766427390274032	0.666319078414668	-0.0191626929420061	1
25.125	26.75	-0.0264462372937209	0.93306168606032	0.413784941837745	-0.0170261816807873	1
25.375	26.75	-0.0300549349957493	0.992475431254319	0.253627380704541	-0.0158510687688808	1
25.625	26.75	-0.023606850081439	0.897051441389453	0.519155823454877	-0.0142066237314712	1
25.875	26.75	-0.000940852000455328	0.827714424696145	-0.543482729428527	-0.0214407616590481	1
26.125	26.75	0.0325219140189641	0.708725441984502	-0.616542060680308	-0.0106166918678441	1
26.375	26.75	0.0692724561093085	0.693865289119569	-0.594297762032666	-0.0107762593288588	1
26.625	26.75	0.104425722505801	0.802628860654919	-0.340970408791051	-0.0024347586394267	1
26.875	26.75	0.135183717272198	0.755547082775307	0.381616050638421	0.000476708395025137	1
27.125	26.75	0.162873399935016	0.77159576850645	-0.133975703113578	0.00859375207708195	1
27.375	26.75	0.183873520899578	0.729727692009866	0.228562640921524	0.0276821517839541	1
27.625	26.75	0.197305592889441	0.544631506987067	-0.568178053267674	0.0355672833477293	1
27.875	26.75	0.204206657075096	0.412570322787803	-0.671028262849976	0.0430393679951788	1
28.125	26.75	0.213793984171725	0.436809797098053	-0.6554213501617	0.0475477859017794	1
28.375	26.75	0.22842766020144	0.35852620943217	-0.69929346031365	0.0528461801866231	1
28.625	26.75	0.253584488234033	0.321850841551064	-0.694710985227106	0.0538342898750144	1
28.875	26.75	0.288747209131984	0.233976788895236	-0.702489280443379	0.0567947809255426	1
29.125	26.75	0.329914489404052	0.203749813544537	-0.668745943202701	0.0557956934279725	1
29.375	26.75	0.369172899226684	0.145195119669884	-0.647691458625612	0.0564697285752699	1
29.625	26.75	0.397267386028748	0.163654200649293	-0.608342963970661	0.0537601669686803	1
29.875	26.75	0.408863150136357	0.155608584382043	-0.589987921770766	0.0519229797254341	1
30.125	26.75	0.40330251838101	0.262463211570517	-0.548651965833035	0.0471415231319318	1
30.375	26.75	0.385199024816118	0.356074422220764	-0.505115780205738	0.0419319546287505	1
30.625	26.75	0.36158390227253	0.476791199575762	-0.422581376572975	0.0348613823349417	1
30.875	26.75	0.338218753805566	0.65108321619546	-0.0617719318577328	0.0270545057360816	1
31.125	26.75	0.317383351283678	0.661312102291225	-0.0047247199171436	0.0299076198053078	1
31.375	26.75	0.299658468358856	0.687583579506643	-0.054678597389993	0.0303489026655402	1
31.625	26.75	0.284950643530731	0.719067734548523	-0.00460893671000465	0.0272863878037189	1
31.875	26.75	0.272517721311115	0.743491978177275	0.0501229099938829	0.0224111756871823	1
32.125	26.75	0.261456309198434	0.761557664545718	0.0702487256852405	0.0143338706272204	1
32.375	26.75	0.250929422194181	0.77913310275494	0.073542852287391	0.00593506008336195	1
32.625	26.75	0.24020405776167	0.798497532468628	0.0630829818558053	-0.00536596993447517	1
32.875	26.75	0.228323063050462	0.795367113777315	0.0611648193712272	-0.017315930326452	1
33.125	26.75	0.214190609828832	0.773488945537526	-0.136292342264118	-0.0206938878010241	1
33.375	26.75	0.198407064239361	0.745391824797813	-0.258809613603777	-0.0201468574854139	1
33.625	26.75	0.181997195308108	0.723882751263309	-0.321316442695119	-0.0162423927156712	1
33.875	26.75	0.166223044860873	0.732703688563368	-0.246711415306353	-0.00784382545041145	1
34.125	26.75	0.151966028815858	0.771200455392323	-0.147687412494157	0.012127388545035	1
34.375	26.75	0.140189385536617	0.811575466711945	0.0800587756257681	0.0218004514996947	1
34.625	26.75	0.130860536847046	0.831540420152787	0.0973929692627786	0.0346951737302623	1
34.875	26.75	0.125026467677919	0.860564149665874	0.160376811923608	0.038497007649052	1
35.125	26.75	0.123738523973291	0.894148541017542	0.15132973394237	0.0364345226194311	1
35.375	26.75	0.128109684007419	0.959180342514872	0.092115862464359	0.0246656830381045	1
35.625	26.75	0.137945376975729	0.932985858948408	0.0429058532131151	-0.00946323971630562	1
35.875	26.75	0.149734054866986	0.847198632148456	0.0360279518032979	-0.0119191076465838	1
36.125	26.75	0.160664061864926	0.752835891851069	0.356376987313959	-0.00856125557167754	1
36.375	26.75	0.167947285862895	0.683937799535824	0.502435714041755	-0.00249643090136363	1
36.625	26.75	0.170893653148871	0.445936683110753	0.736784857381885	-0.0109570409028662	1
36.875	26.75	0.169997745080482	0.667482987272909	0.531451334034331	-0.0149530305977965	1
37.125	26.75	0.167835767436024	0.709661605628136	-0.357752154328239	-0.0155079365927772	1
37.375	26.75	0.166963527745271	0.799520866377695	0.211080846612961	-0.00367926234647204	1
0.125	27.25	0.000487178784647195	0.932026419093577	0.355746088286152	-0.0393433048923966	1
0.375	27.25	0.000487137885600158	0.5724633652369	-0.813603449386713	-0.037711668485326	1
0.625	27.25	0.000487121842110374	0.898275162160525	-0.422363520952955	-0.0387166910040786	1
0.875	27.25	0.000487087926103446	0.595628547051645	-0.795206530655612	-0.0342940428317918	1
1.125	27.25	0.000487074752909621	0.90891349103548	-0.414854535512292	-0.0374127200541613	1
1.375	27.25	0.000487053770625664	0.576191672495486	-0.813785102480961	-0.0342021053712383	1
1.625	27.25	0.000487049024311339	1.00731464921317	0.00804990805919701	-0.0362520131414074	1
1.875	27.25	0.000487062203009234	0.822327374886611	-0.576825147608953	-0.0381235386305246	1
2.125	27.25	0.000487102783024291	0.275123695203572	-0.957395633262635	-0.0377070049970295	1
2.375	27.25	0.000487172221175508	0.56739261127226	-0.817088856432426	-0.0377976465006484	1
2.625	27.25	0.000487270802020492	0.358878448579226	0.932598538200629	-0.0365209222508741	1
2.875	27.25	0.000487383808891962	0.503553361371305	0.867379867358051	-0.0376591306325683	1
3.125	27.25	0.000487509733914835	0.461860080702785	0.885202030052499	-0.037247737012892	1
3.375	27.25	0.000487651423863637	0.509791580910794	0.861501337736938	-0.0373816398617632	1
3.625	27.25	0.000487798341860558	0.542814174465323	0.83863850644342	-0.0373450996841887	1
3.875	27.25	0.000487957227738538	0.549043943351502	0.836626427204223	-0.0372744834752491	1
4.125	27.25	0.000488115151572179	0.61442619654261	0.78838550213967	-0.0374075729239291	1
4.375	27.25	0.00048828071542498	0.602414657904362	0.800065523963817	-0.0372884787709513	1
4.625	27.25	0.000488444320906481	0.673042979252741	0.740780654196002	-0.0378489381942095	1
4.875	27.25	0.000488615455202496	0.667490584062117	0.749209736489114	-0.0377235882773698	1
5.125	27.25	0.000488784814025584	0.707959366413229	0.710670773434506	-0.0391297781949485	1
5.375	27.25	0.000488953294765442	0.741053751605059	0.682113994486306	-0.0389731861085129	1
5.625	27.25	0.000489101044373353	0.700080873837609	0.72023748321049	-0.0421020327191456	1
5.875	27.25	0.000489204797046609	0.839497242485899	0.567126805204808	-0.0405668984452253	1
6.125	27.25	0.000489236562572193	0.590202810212048	0.811967883028777	-0.0480211912265162	1
6.375	27.25	0.000489176594228312	0.970158376526185	-0.138301382150299	-0.04147113680119	1
6.625	27.25	0.000489062975781871	0.827271195681475	-0.558840615932727	-0.038585921820543	1
6.875	27.25	0.000488936033812121	0.9370633191499	-0.355375239360343	-0.0413036029515803	1
7.125	27.25	0.00048878583318861	0.870207385607245	-0.48088001273775	-0.0400843338410529	1
7.375	27.25	0.000488618201426179	0.789600955454779	-0.607322912886877	-0.038970499832527	1
7.625	27.25	0.000488438402111516	0.801133703252951	-0.586350206104267	-0.0385613718556736	1
7.875	27.25	0.000488241319152087	0.680679787379699	-0.726481942678492	-0.0361315996393052	1
8.125	27.25	0.000488036316319476	0.719551403064621	-0.689832787087333	-0.0366494876966571	1
8.375	27.25	0.000487830087789447	0.640950254898494	-0.763133946664674	-0.0352388868670643	1
8.625	27.25	0.000487621596742207	0.683766937606847	-0.726064655478034	-0.0352925208510596	1
8.875	27.25	0.000487417217648102	0.642309657961063	-0.760136195682968	-0.034696398773111	1
9.125	27.25	0.000487213392864885	0.706786450822557	-0.700972350228586	-0.0336166584269348	1
9.375	27.25	0.000487011845530953	0.667877407274347	-0.735733367791621	-0.0335104495273066	1
9.625	27.25	0.00048681001315601	0.767737210505458	-0.634085236518477	-0.0315251859953231	1
9.875	27.25	0.000486604187014337	0.682046352309143	-0.726165916262379	-0.0324838706122461	1
10.125	27.25	0.000486391147205887	0.823967426157234	-0.56641519451859	-0.0304733291091174	1
10.375	27.25	0.00048616768621073	0.659516154515546	-0.753418376875475	-0.0331660257713676	1
10.625	27.25	0.000485939669696257	0.855121741523059	-0.522544109662362	-0.0312277659540929	1
10.875	27.25	0.000485720399901355	0.625154262549402	-0.786055447965781	-0.0346732546516402	1
11.125	27.25	0.000485535314844895	0.84952744484064	-0.526128875156981	-0.0329749213342783	1
11.375	27.25	0.000485417980649838	0.637581854408217	-0.774350995506698	-0.034606297003241	1
11.625	27.25	0.000485399599875802	0.799349055492907	-0.597583265538492	-0.0343709705579294	1
11.875	27.25	0.00048545023899385	0.683528110474383	0.730383507853488	-0.0339552138807064	1
12.125	27.25	0.000485516788200826	0.829367433519672	0.553625992546317	-0.0345325724453	1
12.375	27.25	0.000485593461181119	0.679645235896751	0.734319334392552	-0.0327160990301218	1
12.625	27.25	0.000485687499747519	0.828335440158653	0.560248031574055	-0.0348161114297209	1
12.875	27.25	0.000485783087575097	0.705988856648063	0.709274516935088	-0.0329575282803466	1
13.125	27.25	0.000485880160019922	0.811859754980963	0.585105277429006	-0.0350445364464523	1
13.375	27.25	0.000485975691572762	0.737956472583355	0.673473040984844	-0.033565576696503	1
13.625	27.25	0.000486063378483166	0.802168528951451	0.59404906681414	-0.0346077299711273	1
13.875	27.25	0.000486149152991813	0.763850357241519	0.639693401610268	-0.03308773901741	1
14.125	27.25	0.000486232149921754	0.794306980435604	0.601353255255185	-0.0331543852774222	1
14.375	27.25	0.000486332697960774	0.772211730286048	0.629089789892098	-0.0318497693264736	1
14.625	27.25	0.000486468609341093	0.780579474187309	0.620977550828652	-0.0317054329708167	1
14.875	27.25	0.000486675931548008	0.76780883695519	0.637668014363004	-0.0311453355403018	1
15.125	27.25	0.000486974234930612	0.771998005933364	0.635635775088535	-0.0311619137996988	1
15.375	27.25	0.000487343779575508	0.759006905455651	0.651755618095185	-0.0315100848927928	1
15.625	27.25	0.000487676101555545	0.772048883017444	0.63831295099673	-0.0315362255750672	1
15.875	27.25	0.000487726379350573	0.750366142792933	0.666893884076801	-0.0325474836919433	1
16.125	27.25	0.00048711742400947	0.761312577910619	0.652361120010608	-0.0332712430373761	1
16.375	27.25	0.000485489731692073	0.776961368019463	0.644740619043408	-0.0336435019021488	1
16.625	27.25	0.000482806875919311	0.71089437748909	0.713086342914848	-0.0376277434275058	1
16.875	27.25	0.000479987920564806	0.860453519263949	0.531443252054129	-0.0361217558927112	1
17.125	27.25	0.000479684260036	0.684536999728591	0.753659686375473	-0.0429925656514768	1
17.375	27.25	0.000486438508354552	0.857963590109025	0.508406543332889	-0.0435958898190829	1
17.625	27.25	0.000506468745441634	0.869881383954779	-0.480448025286032	-0.0411922304743318	1
17.875	27.25	0.000542777911396623	0.946333725823221	-0.304688504831239	-0.0412843241862968	1
18.125	27.25	0.000585029379219899	0.814133743118726	-0.562948973403053	-0.0389456232964867	1
18.375	27.25	0.000602600144826826	0.735636230337244	-0.662411690064509	-0.0381074721933169	1
18.625	27.25	0.000547143047967057	0.585614017283196	-0.800449533679233	-0.036485801954695	1
18.875	27.25	0.000371934295667533	0.509648795611788	-0.853241389129179	-0.0363899789110058	1
19.125	27.25	6.71942154525969e-05	0.448252974086541	-0.887944903885063	-0.0357791832992647	1
19.375	27.25	-0.000299201641030655	0.421419072657484	-0.902495094427037	-0.0353941419461349	1
19.625	27.25	-0.000556272021997188	0.419034746648897	-0.904960019501023	-0.0350947343363608	1
19.875	27.25	-0.000443127351639818	0.415215901867252	-0.906556480649407	-0.0347620917912284	1
20.125	27.25	0.000322767759521968	0.45087744146133	-0.89056549930447	-0.0344150840115783	1
20.375	27.25	0.00192670041894666	0.44055662089081	-0.891989362134891	-0.0346152137459753	1
20.625	27.25	0.00432589308722776	0.529951949293243	-0.842517341345947	-0.0336981314241049	1
20.875	27.25	0.00716571210311058	0.459163151553182	-0.875961823408058	-0.0349452359391542	1
21.125	27.25	0.00983204371376938	0.662797718718495	-0.734585852515522	-0.0327997743403763	1
21.375	27.25	0.0116244502084875	0.450806659737129	-0.87458136201429	-0.0353139443905865	1
21.625	27.25	0.0120763145305932	0.810234144837058	-0.555562354461317	-0.0316755837515462	1
21.875	27.25	0.0112733127121933	0.907757870296118	0.390066990593198	-0.0336509077113857	1
22.125	27.25	0.00971472077767673	0.54322542446511	0.829309226125746	-0.0308866310316422	1
22.375	27.25	0.00762323763808675	0.82019107665251	0.600588333934284	-0.03438561382989	1
22.625	27.25	0.0049624677579185	0.912224794063395	0.45571676523011	-0.0407587327104499	1
22.875	27.25	0.00146575360514582	0.971542772761584	0.163331387670144	-0.0451720624147103	1
23.125	27.25	-0.00290678632652186	0.971023159801879	0.071065125805371	-0.0337223241907637	1
23.375	27.25	-0.00777959742526712	0.958990022583938	-0.275732534407793	-0.0303247169660317	1
23.625	27.25	-0.0122179060632741	0.922096369453794	-0.401658642473366	-0.0295487613336467	1
23.875	27.25	-0.0148819738141746	0.902970666321872	-0.440610403716649	-0.0284895945341017	1
24.125	27.25	-0.0143402621971885	0.833391722237994	-0.559686604841579	-0.0262866113121403	1
24.375	27.25	-0.00988936048123969	0.772308691044164	-0.627834042721657	-0.0255276349519892	1
24.625	27.25	-0.00229569638746764	0.791910788240027	-0.592249613595567	-0.0220416897536412	1
24.875	27.25	0.0064815849174136	0.602120619721442	-0.769591553930062	-0.0220839127557537	1
25.125	27.25	0.0134948708649155	0.897261277645474	-0.341673757621358	-0.018312000437965	1
25.375	27.25	0.0226569841119081	0.697950820494238	0.705612238017691	-0.0116128928220779	1
25.625	27.25	0.0504051259300093	0.658151577809813	0.708478485365206	-0.0235873819543584	1
25.875	27.25	0.103496611258822	0.889854913239734	0.146470420806365	-0.0188707238445708	1
26.125	27.25	0.167692495482614	0.55413162514967	-0.59248535307423	-0.0256557753445216	1
26.375	27.25	0.229738525221394	0.634164308015855	-0.346320148429846	-0.0130223732897435	1
26.625	27.25	0.281126480268928	0.272056636005849	-0.622318822517074	-0.00524168934908042	1
26.875	27.25	0.318039631220411	0.306709807033483	-0.568814169343988	-0.00318714033656162	1
27.125	27.25	0.343940385907537	0.482970458983908	-0.387142489475812	0.00565946240765418	1
27.375	27.25	0.359576868238808	0.203971395624695	-0.57339985884578	0.0120179207878648	1
27.625	27.25	0.367764246544771	0.630386740670239	0.0850333686577312	0.0150017858965715	1
27.875	27.25	0.37544147080349	-0.0180963647938971	0.627829804275461	0.0139289029063252	1
28.125	27.25	0.391686193555226	0.548523068078687	0.135388730006841	0.0247427848364458	1
28.375	27.25	0.415739553342985	-0.117481449851351	0.565453941690788	0.0403053491074614	1
28.625	27.25	0.450884329620384	0.264554196962324	0.456472389386282	0.0407322353332923	1
28.875	27.25	0.491308866064913	-0.178664886116502	0.460138212384021	0.0539033453838551	1
29.125	27.25	0.527186507703734	-0.131009738541315	0.42785562788489	0.0545651414624675	1
29.375	27.25	0.544935618737861	-0.358857934229939	0.255237029733602	0.0633691683164373	1
29.625	27.25	0.532972806641857	-0.373618832354174	0.204229262896189	0.0625423406071129	1
29.875	27.25	0.48991428065926	-0.464881984544596	-0.0574827859516455	0.0603212079702335	1
30.125	27.25	0.424128250341809	-0.465684014424057	-0.22718731159053	0.0558143575114309	1
30.375	27.25	0.351001368581483	-0.506198836817275	-0.259300377411981	0.0490972130343853	1
30.625	27.25	0.285708597322714	-0.525464156465052	-0.326444880751368	0.0363032664330048	1
30.875	27.25	0.236749429633979	-0.521138093527557	-0.416552913358362	0.0221309573665373	1
31.125	27.25	0.204172027435494	-0.498605139841435	-0.499991141757952	0.00909175048541189	1
31.375	27.25	0.18408685589173	-0.525329382607072	-0.515732246053632	6.6906013519278e-05	1
31.625	27.25	0.171946491779288	-0.568656899864101	-0.499902435720083	-0.00574593585532046	1
31.875	27.25	0.163730332087593	-0.590507188951762	-0.500978139527405	-0.0102989354937294	1
32.125	27.25	0.15652970433208	-0.678526839476897	-0.412693864824657	-0.0140065092797224	1
32.375	27.25	0.148618437442759	-0.69295402952799	-0.420241084468339	-0.0178131359967482	1
32.625	27.25	0.139431653107006	-0.774221321432897	-0.299023303145045	-0.0219649177428896	1
32.875	27.25	0.128424201843051	-0.905994691772913	-0.0305736926278721	-0.0248681578438434	1
33.125	27.25	0.115233726965504	-0.941037415370644	0.0967132796597906	-0.00383930155710495	1
33.375	27.25	0.102303828264727	-0.905617688086217	0.187562731223321	0.00542264657569559	1
33.625	27.25	0.0908153823171673	-0.890974625070225	0.0871314356258024	0.00801939213005647	1
33.875	27.25	0.0816813239681976	-0.893743394477428	-0.0224106607293312	-0.00282930953855877	1
34.125	27.25	0.0752291969218679	-0.632639313197051	-0.596884349000861	-0.00409190580901234	1
34.375	27.25	0.0722229237766031	-0.700350498283076	-0.497915227678962	-0.0183542020594771	1
34.625	27.25	0.0718373284309391	-0.248691188493352	-0.808955260894432	-0.0206493556337013	1
34.875	27.25	0.074680844705538	-0.249770104943556	-0.794914971159147	-0.0252457483678722	1
35.125	27.25	0.0811115330015602	0.0139680411652343	-0.829520759841438	-0.0263536808906816	1
35.375	27.25	0.0918147404881629	0.27880051970417	-0.769537850564578	-0.0178599138005813	1
35.625	27.25	0.106060252856838	0.152154996087957	0.928421254665974	-0.00699743349755317	1
35.875	27.25	0.120077445329311	0.466487557808042	0.808424124708045	-0.0143853023392704	1
36.125	27.25	0.130409311457598	0.100634320391892	0.910589032786315	-0.0137449884437848	1
36.375	27.25	0.134070760162611	0.158283394392119	0.899873733476988	-0.0107353300536058	1
36.625	27.25	0.133984794026142	0.67580872241223	0.618060223585184	-0.0212244278457389	1
36.875	27.25	0.13167219863002	0.895031233176167	0.0314546583449452	-0.0284574579671371	1
37.125	27.25	0.128480785967183	0.722744762526784	-0.434259340402904	-0.035122254561353	1
37.375	27.25	0.127519065407284	0.849776044540076	0.0511644162993639	-0.0192228152056155	1
0.125	27.75	0.000487101476074738	0.947024360713713	0.338719289677264	-0.0392352604378085	1
0.375	27.75	0.000487080124063187	0.600067679612553	-0.793320447184098	-0.0423436911042939	1
0.625	27.75	0.000487042917038433	0.994837466755057	-0.00404027185015978	-0.0383123748813271	1
0.875	27.75	0.000487004664192748	0.568089678660295	-0.813713800478589	-0.0400102282283928	1
1.125	27.75	0.000486977398149455	0.972481315800739	-0.153309507665382	-0.0364895891760934	1
1.375	27.75	0.000486950383984973	0.559665699626084	-0.822009192785303	-0.0326931720516739	1
1.625	27.75	0.0004869506787523	0.684104401821445	-0.721375535622521	-0.0351421926363425	1
1.875	27.75	0.000486951697993348	0.778341206920492	0.622061044039821	-0.0308997857172995	1
2.125	27.75	0.000486977399007172	0.770179196368879	0.638719489350232	-0.0341325831824515	1
2.375	27.75	0.000487023215499268	0.649802737634898	0.751851792838992	-0.0309604213826424	1
2.625	27.75	0.000487110317501974	0.741162973665822	0.673090536196192	-0.0321569353670717	1
2.875	27.75	0.000487210998851493	0.717581090151866	0.69466578087235	-0.0315890702814974	1
3.125	27.75	0.000487326841691096	0.711053408717788	0.706597500508325	-0.0319274765254144	1
3.375	27.75	0.00048745208860717	0.732189695945655	0.683529486022993	-0.0328071452616526	1
3.625	27.75	0.000487582785041262	0.702074163471094	0.717334868134971	-0.0328122794707307	1
3.875	27.75	0.000487720055961995	0.736251560410136	0.68131682762838	-0.0345037665862329	1
4.125	27.75	0.000487858949203232	0.714074027296005	0.706310427977131	-0.0342560621743925	1
4.375	27.75	0.000488004245884566	0.733074084331127	0.688128917094435	-0.0363875546990788	1
4.625	27.75	0.000488153622427216	0.738034134892416	0.682384227702147	-0.0366049707672823	1
4.875	27.75	0.000488312099900464	0.734203096264481	0.690678338837665	-0.0385403074979931	1
5.125	27.75	0.000488474041793567	0.747724485303895	0.673846481572753	-0.0399412354970496	1
5.375	27.75	0.000488635448451797	0.753507817099656	0.672328887420379	-0.0411794707071623	1
5.625	27.75	0.000488777091871084	0.725645096058337	0.698220297992056	-0.044003198244326	1
5.875	27.75	0.000488869548846623	0.802309464348829	0.617174822314675	-0.0438407906645662	1
6.125	27.75	0.000488888991051506	0.645901027212159	0.769842152169219	-0.0491673308467719	1
6.375	27.75	0.000488825896305585	0.893664050069576	-0.40451457093023	-0.0453753485244113	1
6.625	27.75	0.000488721801139906	0.793305094341686	-0.59175639081962	-0.0410295822347316	1
6.875	27.75	0.000488604672415787	0.897012389888061	-0.43342282573075	-0.0417910687238473	1
7.125	27.75	0.000488465144262736	0.930087721388975	-0.347881664579195	-0.0402058939225356	1
7.375	27.75	0.000488303067229795	0.832886174369034	-0.551248279716973	-0.0388972832288985	1
7.625	27.75	0.000488140387506883	0.893933166534667	-0.436242622924924	-0.0400341467348277	1
7.875	27.75	0.000487960686013903	0.759339084057046	-0.64093657577508	-0.0369980525595917	1
8.125	27.75	0.000487766900414336	0.790695534201961	-0.605009328593812	-0.0373207051852021	1
8.375	27.75	0.00048756629448066	0.695888455590822	-0.712286327918571	-0.035539667759948	1
8.625	27.75	0.000487357487187953	0.719193693103218	-0.69235770188548	-0.0354944515245634	1
8.875	27.75	0.000487149908467112	0.654435795430736	-0.752781492033852	-0.0352371584319779	1
9.125	27.75	0.000486940944162773	0.702417178963093	-0.709532233855149	-0.0344479004171727	1
9.375	27.75	0.000486732864964574	0.63545766962586	-0.767710581237993	-0.0350578247604632	1
9.625	27.75	0.000486523647313609	0.735456951456648	-0.672937138080049	-0.0332104709368807	1
9.875	27.75	0.000486311333425829	0.637128833286225	-0.765377188880036	-0.0343708319549147	1
10.125	27.75	0.000486093000593848	0.793613365459804	-0.602782749786308	-0.0319185697070929	1
10.375	27.75	0.000485868291769521	0.647752781172169	-0.759624138767776	-0.0335995440216363	1
10.625	27.75	0.000485638864194843	0.833972497880209	-0.548801468928168	-0.031747870481913	1
10.875	27.75	0.000485420982907578	0.665122763484297	-0.749489657180423	-0.0334733305782946	1
11.125	27.75	0.000485236593887334	0.827850529948893	-0.560221702714465	-0.0330979696136323	1
11.375	27.75	0.000485120242028684	0.697233541772251	-0.719831137569843	-0.0336578503262462	1
11.625	27.75	0.000485104049643527	0.785439450584567	-0.619201694426565	-0.0344319983904831	1
11.875	27.75	0.000485156919821299	0.72249374497831	0.690492625400838	-0.0339966546704545	1
12.125	27.75	0.000485222135186274	0.81374284128167	0.578651013371995	-0.0342846400854288	1
12.375	27.75	0.000485299165267885	0.707890906024975	0.70846287859608	-0.0334097903818852	1
12.625	27.75	0.000485390965470537	0.819007471714332	0.573543944077758	-0.0350247971418063	1
12.875	27.75	0.000485481479419777	0.716910824801474	0.697048399502397	-0.0335751989620574	1
13.125	27.75	0.000485573047308379	0.810952178054371	0.582038944402308	-0.0350016316894887	1
13.375	27.75	0.000485660575740913	0.745050506776049	0.661527875544301	-0.0331321131040839	1
13.625	27.75	0.00048573914005056	0.804289561284431	0.58719072929582	-0.0335705347884446	1
13.875	27.75	0.000485811626491409	0.766196194339374	0.635188496375733	-0.0317588544080434	1
14.125	27.75	0.000485875461992899	0.791855085151219	0.605139959728503	-0.0317926693037666	1
14.375	27.75	0.000485951697538507	0.769982967116697	0.634200247169933	-0.030754398033368	1
14.625	27.75	0.000486065442619053	0.776554040898207	0.629069826858042	-0.031023307189919	1
14.875	27.75	0.000486270163425028	0.767009194773209	0.642286008604341	-0.0308406911243939	1
15.125	27.75	0.000486608786074019	0.766781374393403	0.645327567766721	-0.0314181427331499	1
15.375	27.75	0.000487087196208111	0.760387268931676	0.653495967341081	-0.0319814779072766	1
15.625	27.75	0.000487595057513548	0.76801458711744	0.647913155282286	-0.0326002764352085	1
15.875	27.75	0.000487822204781325	0.749511636375089	0.670497547385578	-0.0341273641159597	1
16.125	27.75	0.000487219665899687	0.77822992200545	0.638254137817738	-0.0348900811332596	1
16.375	27.75	0.000485111931605347	0.760172411136319	0.666991138920643	-0.036877762146543	1
16.625	27.75	0.000481078404154601	0.758174590381603	0.661744225657114	-0.0396434139850227	1
16.875	27.75	0.00047581436897864	0.844959015779978	0.563768230108094	-0.0392518733387573	1
17.125	27.75	0.00047232286898482	0.664944974751599	0.762648317978875	-0.0468261968457997	1
17.375	27.75	0.000476822172685878	0.923352019324989	0.367094284833117	-0.0436436808241309	1
17.625	27.75	0.000498966859413426	0.855172935362082	-0.499385385716318	-0.0428408715362841	1
17.875	27.75	0.000545734516113495	0.75217192456767	-0.665903197991959	-0.038554169212934	1
18.125	27.75	0.000610790777372545	0.916011681254006	-0.422122492319181	-0.0443952978003885	1
18.375	27.75	0.000662834653721796	0.898180138903991	-0.425567478110351	-0.0431205171285757	1
18.625	27.75	0.000639078915391568	0.872566707681455	-0.472085342219057	-0.0421028188041867	1
18.875	27.75	0.000459676006888525	0.774512301313631	-0.617227336440874	-0.0404652987413529	1
19.125	27.75	7.53372089635991e-05	0.668740300606905	-0.730627231182881	-0.039245253770172	1
19.375	27.75	-0.000458189660629442	0.539990593432981	-0.829310072714493	-0.0383957604756679	1
19.625	27.75	-0.000913512315387021	0.46854113282973	-0.872104912795696	-0.036979301154677	1
19.875	27.75	-0.00088382400233796	0.365165849910053	-0.921818659729595	-0.0365841531292402	1
20.125	27.75	0.000120137556367588	0.346729733251001	-0.928432867978275	-0.0351448231650838	1
20.375	27.75	0.00245821519021387	0.301109405765211	-0.946680897469296	-0.0352188294373432	1
20.625	27.75	0.00608723282143258	0.30894837014136	-0.939054570735772	-0.0340147578545975	1
20.875	27.75	0.0103960117714735	0.343347789835175	-0.927470969563524	-0.0343418285697631	1
21.125	27.75	0.0142776410252058	0.330282938053838	-0.925654937778209	-0.0334458846415517	1
21.375	27.75	0.0165311234958293	0.445241842463574	-0.880392263149594	-0.0341500419591806	1
21.625	27.75	0.0163614695219527	0.348407079541843	-0.918871192368939	-0.0337646550186624	1
21.875	27.75	0.0137528387926728	0.459168623803969	0.886001347392717	-0.0345176581614095	1
22.125	27.75	0.00952996407685885	0.938331525552435	0.344052593362274	-0.035425442834762	1
22.375	27.75	0.00481750629006447	0.383411098842876	-0.905482476605134	-0.0381625408997642	1
22.625	27.75	4.48941720164483e-05	0.914469151937868	0.363027338652126	-0.0333669380872366	1
22.875	27.75	-0.0045300138383351	0.498319546512862	0.864381226113999	-0.0295369680471329	1
23.125	27.75	-0.00803934634184386	0.749212397511851	0.686055055737889	-0.0313145483848079	1
23.375	27.75	-0.00937729797208775	0.383205732328816	0.937904501369796	-0.0320801982365085	1
23.625	27.75	-0.00648248865215632	0.489915669885843	0.881555951187324	-0.0317109054678218	1
23.875	27.75	0.00302733958839486	0.0438017216347583	0.994631006477207	-0.032682445213286	1
24.125	27.75	0.0217949178422512	0.190720742297839	0.958066311912469	-0.0314360756335936	1
24.375	27.75	0.0514184514610114	-0.388228408618041	0.864391990130324	-0.0333012505061825	1
24.625	27.75	0.0906987262526761	-0.189356599424447	0.897157939785811	-0.0315953935646949	1
24.875	27.75	0.136484139821306	-0.726780977855709	0.457370830666147	-0.0329827976780486	1
25.125	27.75	0.183442142868281	-0.790646817007484	0.255304297840771	-0.0342078886155125	1
25.375	27.75	0.228588382385948	-0.663357480434238	0.440281010117488	-0.0272480813889284	1
25.625	27.75	0.285348468548215	-0.583522558275586	0.414370915902861	-0.025472925495755	1
25.875	27.75	0.351655535937051	-0.163303978364865	-0.610132985662764	-0.0283842899090591	1
26.125	27.75	0.41256006580419	-0.553169018198835	0.14873911804395	-0.0285024230484095	1
26.375	27.75	0.461064212372632	-0.472920582276269	-0.20839317626125	-0.0375418702942746	1
26.625	27.75	0.493227340888722	-0.506210589747121	0.132417924565862	-0.0398269557487959	1
26.875	27.75	0.512571868981746	-0.531792457232967	-0.056361195033949	-0.032454553954483	1
27.125	27.75	0.523489266230409	-0.534565635623117	-0.0513968978932633	-0.0187312870724046	1
27.375	27.75	0.531276072433806	-0.555414900830114	-0.0749427053314397	-0.00529946519337284	1
27.625	27.75	0.539292611315382	-0.569415989532206	-0.0854555005589883	0.0234352709601451	1
27.875	27.75	0.553618751257307	-0.490680833071688	-0.188875935435671	0.0476506813742052	1
28.125	27.75	0.577217221226217	-0.443915480040097	-0.204825751805932	0.0563754342131924	1
28.375	27.75	0.605413225609021	-0.429046354217094	-0.143148748573912	0.0737081408817837	1
28.625	27.75	0.635007896837704	-0.367070777399396	-0.164388944526912	0.0792320937325893	1
28.875	27.75	0.656363211122959	-0.350039151824406	0.0503963562652848	0.0856233625624532	1
29.125	27.75	0.658858346867279	-0.319649565549514	-0.0240654325769678	0.0853222185699411	1
29.375	27.75	0.631589705662433	-0.257377759904054	-0.220073191072992	0.0804907034432622	1
29.625	27.75	0.568947872302799	-0.203902385280474	-0.32864755134279	0.0773335707026992	1
29.875	27.75	0.475793197703246	-0.222195982709685	-0.39104980650774	0.0686204220266798	1
30.125	27.75	0.368311181837257	-0.279175292372905	-0.447055072140345	0.0572883144120799	1
30.375	27.75	0.267739894393915	-0.408223334418219	-0.437101454489076	0.040821695535305	1
30.625	27.75	0.190024831305144	-0.52733260012116	-0.407755189667646	0.0206696808507545	1
30.875	27.75	0.140217768422664	-0.730941845304124	-0.171840350944	-0.00323142364086758	1
31.125	27.75	0.113898330024666	-0.830051701025149	0.0144316633852782	-0.0169953374615971	1
31.375	27.75	0.102998201119167	-0.857906193514706	0.124127734081214	-0.0255332721734083	1
31.625	27.75	0.099715783167909	-0.872691150268601	0.14957933937905	-0.0328641330956058	1
31.875	27.75	0.0987552954572675	-0.845167999582564	0.304989191643825	-0.03574844913077	1
32.125	27.75	0.0972168547235092	-0.864124964397271	0.271886173197415	-0.0403750138219296	1
32.375	27.75	0.0938958766299775	-0.859626463389764	0.247658567863436	-0.0371987533948054	1
32.625	27.75	0.0887456066006829	-0.841752584905784	0.353295245920248	-0.0456987135102203	1
32.875	27.75	0.0821201136474878	-0.726112768883214	0.603939219071907	-0.0354960725539536	1
33.125	27.75	0.074540287426411	-0.784351045567898	-0.457095497828539	-0.0315869679339356	1
33.375	27.75	0.0672807254273791	-0.718296392242185	-0.548882790034139	-0.0377561271977169	1
33.625	27.75	0.0607562019443415	-0.582565505791204	-0.686672941587542	-0.0338438506012506	1
33.875	27.75	0.0553080046710911	-0.55565908001786	-0.713122857360033	-0.0384100636395469	1
34.125	27.75	0.0514678640106499	-0.497135682779932	-0.743640160231954	-0.033982659121863	1
34.375	27.75	0.0499155980286123	-0.786833412985526	-0.443955305645207	-0.0423797767915303	1
34.625	27.75	0.0505382196118179	-0.504113330996128	-0.743726149081683	-0.0453516335272259	1
34.875	27.75	0.0538270622440641	-0.89842901487618	-0.209486682541736	-0.0519584147017782	1
35.125	27.75	0.0595614675297842	-0.568807607964593	-0.698672663054615	-0.0523088655939673	1
35.375	27.75	0.0677892495692331	-0.910668687601409	-0.0964602688019386	-0.0566473148876967	1
35.625	27.75	0.0765591960129632	-0.511596587942533	-0.695146895210331	-0.0572576635986404	1
35.875	27.75	0.082303267697558	-0.917572258273932	0.0999879335648293	-0.0637777062225238	1
36.125	27.75	0.082604605314663	-0.39220118018755	0.892699722055772	-0.0562657128293219	1
36.375	27.75	0.0785974078241427	0.00103735564667166	-0.868384516965989	-0.0498531440903034	1
36.625	27.75	0.0745517267298738	0.519805866668647	-0.707937437484956	-0.0467792306650212	1
36.875	27.75	0.0719749180938466	0.842034022063504	0.36214507533476	-0.0370610480359619	1
37.125	27.75	0.0702570275947957	0.91568850055406	0.048733477893918	-0.0350645381516793	1
37.375	27.75	0.0704087100443277	0.922279574943202	-0.0346130945843956	-0.0301901806262149	1
0.125	28.25	0.00048695009297105	0.913758575811753	0.414252367642789	-0.0406331235820203	1
0.375	28.25	0.000486925126730655	0.593933113226716	-0.797745639389613	-0.0420743759448326	1
0.625	28.25	0.000486902854890019	0.883318036273129	-0.458978566228086	-0.0392808268380806	1
0.875	28.25	0.000486878821743654	0.744508703319896	-0.672836523292491	-0.0402878514232871	1
1.125	28.25	0.00048686852659861	0.906097806303488	-0.411787126189217	-0.0409355728467712	1
1.375	28.25	0.000486857661998384	0.93642986490996	-0.343682906239216	-0.0384149269574387	1
1.625	28.25	0.000486858633123177	0.93158338353071	-0.345607643915166	-0.0401534608329797	1
1.875	28.25	0.000486860392182447	0.421954696880849	-0.899344638996238	-0.0357041404238845	1
2.125	28.25	0.000486901666175653	0.764168613557881	-0.633857796757148	-0.0390005856069768	1
2.375	28.25	0.000486956652872048	0.492507844939188	-0.862405036195731	-0.0335005254079317	1
2.625	28.25	0.000487036639379595	0.614913984202716	0.800787125546233	-0.0376037804752731	1
2.875	28.25	0.000487116423417754	0.500909914702126	0.871313760399227	-0.036998793499449	1
3.125	28.25	0.000487205876379308	0.598135510968296	0.807359072115387	-0.0389918707333037	1
3.375	28.25	0.000487299261649605	0.524218867602386	0.856023675808588	-0.0386209305414258	1
3.625	28.25	0.000487401553147076	0.651537916166186	0.761579325099581	-0.0399844075659761	1
3.875	28.25	0.000487507197987753	0.583807409711088	0.814848829105356	-0.0394692164608381	1
4.125	28.25	0.000487620876599768	0.693573443888864	0.725569087308259	-0.0405345802508473	1
4.375	28.25	0.000487742655828366	0.651128746104156	0.76322366885604	-0.040985657730406	1
4.625	28.25	0.000487872502044509	0.727896535092895	0.69344191737604	-0.0414934829994387	1
4.875	28.25	0.000488014599782532	0.695372427959678	0.727412543726251	-0.0431070093205252	1
5.125	28.25	0.000488162362904544	0.752759836100444	0.667526581644938	-0.043759778525307	1
5.375	28.25	0.000488311278557144	0.732382937808956	0.694428842317983	-0.0454583555231211	1
5.625	28.25	0.000488439991893876	0.750950370487201	0.670586457503349	-0.0473215166685466	1
5.875	28.25	0.000488520120040189	0.791009336863525	0.631617588299819	-0.0480050285665262	1
6.125	28.25	0.000488525936551199	0.70839627295783	0.71526829563674	-0.0523707606120815	1
6.375	28.25	0.000488452337891527	0.875363371079379	-0.446473758339144	-0.0503801700519383	1
6.625	28.25	0.000488342288969453	0.768473080958737	-0.618351593743283	-0.0451868667449199	1
6.875	28.25	0.00048823069695451	0.794801153509799	-0.594799735511077	-0.0451164923930321	1
7.125	28.25	0.000488109830015545	0.918345336988761	-0.361759421235688	-0.0430999567888656	1
7.375	28.25	0.00048796853953558	0.814401296849927	-0.572400127536611	-0.0396627590539905	1
7.625	28.25	0.000487816256501566	0.920228702535956	-0.383692835068248	-0.0415369166384201	1
7.875	28.25	0.000487651760761455	0.810472080435184	-0.575695820360128	-0.0389208124130807	1
8.125	28.25	0.000487478309348734	0.842180477504922	-0.529124934609955	-0.0391468148791079	1
8.375	28.25	0.000487294876111363	0.753818650676292	-0.646669425008545	-0.0370580520295557	1
8.625	28.25	0.000487098444713146	0.764315664470898	-0.638222643345908	-0.0362749826656292	1
8.875	28.25	0.000486896531174029	0.690032730082842	-0.718372096489134	-0.0356771741138215	1
9.125	28.25	0.000486688827969068	0.725408035506799	-0.685594800234169	-0.0346265703574339	1
9.375	28.25	0.000486479041326301	0.643321302153868	-0.762721387297704	-0.035329186026027	1
9.625	28.25	0.000486264597093832	0.727950477686308	-0.683052579452994	-0.0337130350500978	1
9.875	28.25	0.000486046047123294	0.620290052273674	-0.781633886323431	-0.035063005575076	1
10.125	28.25	0.000485818398596069	0.758569738579436	-0.646822694133538	-0.0329922535583727	1
10.375	28.25	0.000485586464175637	0.630696900979456	-0.773557918527833	-0.0342564174583674	1
10.625	28.25	0.000485350132049253	0.790034262161235	-0.607556559751249	-0.0326737485928557	1
10.875	28.25	0.00048512926239953	0.673075946630775	-0.738994823486128	-0.0333038988270497	1
11.125	28.25	0.000484944996588291	0.794931011553144	-0.604591584647704	-0.0331938672505854	1
11.375	28.25	0.000484831055777003	0.722854100101801	-0.691677986758997	-0.0331976093847395	1
11.625	28.25	0.000484818080488126	0.774371624457233	-0.633958930765534	-0.0340508002932192	1
11.875	28.25	0.00048487215878056	0.752861965220716	0.658402026428839	-0.0339835772587032	1
12.125	28.25	0.000484934215133609	0.79585851037175	0.605030925731231	-0.034247965668326	1
12.375	28.25	0.000485008193460531	0.727648115995321	0.687410157314587	-0.0340029533162208	1
12.625	28.25	0.000485092795633146	0.806063502099438	0.588531531729119	-0.0348687819176051	1
12.875	28.25	0.000485174542093062	0.731786813227934	0.677767556320821	-0.0333982164485382	1
13.125	28.25	0.00048525838538629	0.811186660836026	0.576840296142242	-0.0339627012904887	1
13.375	28.25	0.000485338051597326	0.755892468921708	0.646948321184627	-0.0317887073728714	1
13.625	28.25	0.000485407944975119	0.804761779464093	0.586736094778449	-0.0320549339391266	1
13.875	28.25	0.000485467445050847	0.767448732693964	0.636228771897208	-0.0305131423392665	1
14.125	28.25	0.000485512149762106	0.7878368312949	0.61438718250078	-0.0309562168358318	1
14.375	28.25	0.000485564446979588	0.76684783905679	0.642355703740729	-0.0304992910083455	1
14.625	28.25	0.000485657460700536	0.772499511040704	0.63814440540467	-0.0312436186279062	1
14.875	28.25	0.000485861208956115	0.765198562540893	0.648514371981606	-0.031536931563663	1
15.125	28.25	0.000486243256839343	0.764212091560198	0.651820223233893	-0.032581392019805	1
15.375	28.25	0.00048683555844152	0.765185730627823	0.65157134562736	-0.0334430030562062	1
15.625	28.25	0.000487532955377187	0.769730017157941	0.6498842322456	-0.0346435432535076	1
15.875	28.25	0.00048797222603561	0.760778995941573	0.660224095264576	-0.0365596600046188	1
16.125	28.25	0.000487455730449377	0.796172845722008	0.621243707995148	-0.0375337388142715	1
16.375	28.25	0.000485018235083988	0.758073373535859	0.670571886178951	-0.0408026049620062	1
16.625	28.25	0.00047985468642378	0.809615718119927	0.601008103633347	-0.0424310006813114	1
16.875	28.25	0.000472333997321032	0.827908629133044	0.597509631923881	-0.0441419406580281	1
17.125	28.25	0.000465519962348984	0.71224682299423	0.714286960418907	-0.0517859913716927	1
17.375	28.25	0.00046677188904388	0.980466936251757	0.0448806996780555	-0.0470633713398168	1
17.625	28.25	0.000488267930301442	0.978310857754935	-0.0541767505457186	-0.0425530008309824	1
17.875	28.25	0.000540772876537868	0.817157081161905	-0.556271854826142	-0.0371805591773691	1
18.125	28.25	0.000621226113779261	0.710537718682741	-0.718949461950607	-0.0365004058509422	1
18.375	28.25	0.000698808874093261	0.818101666695094	-0.594898904781371	-0.0409875604120059	1
18.625	28.25	0.000703263686217877	0.853477772479294	-0.531948449485601	-0.0416916411099157	1
18.875	28.25	0.000528304773539263	0.896794057010805	-0.453645606252255	-0.0434993825980966	1
19.125	28.25	7.2339337071066e-05	0.904243867943819	-0.43310301776565	-0.0441474216270808	1
19.375	28.25	-0.000668341171022116	0.86269886289395	-0.50826825509823	-0.0449495668902588	1
19.625	28.25	-0.00147050914465686	0.79975718656367	-0.591700048580948	-0.0451103209693247	1
19.875	28.25	-0.00179013365111226	0.741887612168281	-0.657706763602568	-0.043323153757198	1
20.125	28.25	-0.000811381445958464	0.573852570655929	-0.795570665902223	-0.0426358286176907	1
20.375	28.25	0.00225977912280768	0.57843734966045	-0.789897863444934	-0.0382450925729853	1
20.625	28.25	0.00763053610141374	0.217559838145553	-0.945911836214351	-0.0385878965579686	1
20.875	28.25	0.0144153986414552	0.383350507824069	-0.885029560288994	-0.0350973276766281	1
21.125	28.25	0.0207149761327806	0.149342683286958	-0.942350808200661	-0.0353626949809409	1
21.375	28.25	0.0244286155949371	0.390559336282497	-0.869897191737977	-0.0319579428265893	1
21.625	28.25	0.0246107701102328	-0.752884296180053	-0.561770966743284	-0.0323687995243307	1
21.875	28.25	0.0212290992407883	-0.527172996280825	-0.808153808862352	-0.0446452232119503	1
22.125	28.25	0.0153029039746105	-0.260845677017433	0.950467509748163	-0.0368921532277895	1
22.375	28.25	0.0106599201636057	-0.698665649571791	0.690813189587587	-0.0451731510629807	1
22.625	28.25	0.00924407574440421	-0.991287655375401	0.14336354863852	-0.0408018444364698	1
22.875	28.25	0.0116544897953511	-0.928207040720859	0.349721794770896	-0.0397617072652501	1
23.125	28.25	0.0196371729617391	-0.95073506870724	0.28502969844835	-0.0399406305168447	1
23.375	28.25	0.0348259146516186	-0.949856120959127	0.251846350937322	-0.034187219985048	1
23.625	28.25	0.0591640841220142	-0.918851405781445	0.262123719040181	-0.0314846552253423	1
23.875	28.25	0.0944167800097567	-0.890530671103345	0.228167581817042	-0.0272945429530639	1
24.125	28.25	0.141498535560616	-0.81161618652081	0.298687755833065	-0.0249600516279397	1
24.375	28.25	0.199852914299492	-0.754418729309862	0.240653534685131	-0.0248242690495118	1
24.625	28.25	0.265540510178968	-0.738084995770778	0.082018457064974	-0.029705598693373	1
24.875	28.25	0.331898069237037	-0.456190737061395	0.493627237908344	-0.0211120389247883	1
25.125	28.25	0.392401023965583	-0.506648183169075	-0.305594746280839	-0.0286527323138489	1
25.375	28.25	0.442593624864094	-0.488108268914842	0.289771720126352	-0.0284371776818127	1
25.625	28.25	0.487916614487137	-0.38264811885694	-0.311885884275568	-0.0258516622935168	1
25.875	28.25	0.52390816544619	-0.447772370955853	0.160794702545173	-0.0365295011923685	1
26.125	28.25	0.546169465473983	-0.470005613722972	-0.0918810824794029	-0.0273084422464376	1
26.375	28.25	0.556763646559568	-0.384984269925828	-0.295181036320709	-0.0259411221573267	1
26.625	28.25	0.558364765911892	-0.399432664715545	-0.303569654562642	-0.0127787544451556	1
26.875	28.25	0.557190312345322	-0.368786301346733	-0.334110098882581	-0.0041328143333799	1
27.125	28.25	0.558343972355928	-0.4033278054583	-0.289711119522526	0.00518210026293677	1
27.375	28.25	0.565622323386741	-0.412022468757734	-0.26338997206062	0.015823730488891	1
27.625	28.25	0.580934579448102	-0.448014267872164	-0.122232178088056	0.0258494758671338	1
27.875	28.25	0.604863024418463	-0.433218352990711	0.0592684561924656	0.0344877408068719	1
28.125	28.25	0.635763383208694	-0.408064615319847	0.0174274251041411	0.0427317536530716	1
28.375	28.25	0.668865589688712	-0.360231716785714	0.0903549697957273	0.0529150330934405	1
28.625	28.25	0.697199469180604	-0.267416932713206	0.180310731980179	0.0602736560641466	1
28.875	28.25	0.709797767841969	-0.26298972685195	0.142461080097686	0.0623832897637878	1
29.125	28.25	0.693119524291701	-0.312296992782153	0.0711716104040241	0.06756051517812	1
29.375	28.25	0.637163956562393	-0.342961230866484	0.0251864389761047	0.0771128478046443	1
29.625	28.25	0.542718607686002	-0.372542191197615	0.0511929264994493	0.072903295374287	1
29.875	28.25	0.424137039561357	-0.447598083869401	0.070850478754202	0.0570700819821079	1
30.125	28.25	0.305573568059054	-0.554074793715676	0.0640747134069713	0.0348412265607622	1
30.375	28.25	0.209355235976633	-0.643916816941766	0.1831931560462	0.0108395417401094	1
30.625	28.25	0.145487876084914	-0.738634773486611	0.207814035372148	-0.0112710476411306	1
30.875	28.25	0.111848435555578	-0.785619749122014	0.270536299101505	-0.024542099264534	1
31.125	28.25	0.0993714675565339	-0.813600472651817	-0.271016552915597	-0.0372475416580778	1
31.375	28.25	0.0974656590310852	-0.75176868716922	-0.497535284091851	-0.0456737657004355	1
31.625	28.25	0.0986880935121747	-0.785468295338162	-0.467138551746951	-0.0408978712132522	1
31.875	28.25	0.0991044538279948	-0.742797220110453	-0.557956457199876	-0.0391704278456736	1
32.125	28.25	0.0984363616034751	-0.944553948326061	-0.181188882449077	-0.0273412264370904	1
32.375	28.25	0.0966610534868854	-0.75460056913206	-0.529677749077553	-0.0109242441650771	1
32.625	28.25	0.0928942516630731	-0.841977684795693	-0.154619518274983	-0.0178611065600393	1
32.875	28.25	0.0886463615550462	-0.866055098337207	-0.176176148269646	-0.0343816013705717	1
33.125	28.25	0.0851761101150857	-0.916745452761461	0.122436136662469	-0.0291273545713128	1
33.375	28.25	0.0812570691555851	-0.899099038183099	0.141070970861512	-0.0315945379522117	1
33.625	28.25	0.0764596465049986	-0.859721158387684	-0.220761747717461	-0.0358008864612434	1
33.875	28.25	0.0707422682073058	-0.883472921257912	0.0593445533088092	-0.0477525837086209	1
34.125	28.25	0.0649299182571342	-0.841005053373409	-0.297925744701332	-0.0587053436490204	1
34.375	28.25	0.0593356647606532	-0.812742355989768	-0.426183517642326	-0.0673818841255248	1
34.625	28.25	0.0543608939850097	-0.603998139205019	-0.716245512679742	-0.0676629933027839	1
34.875	28.25	0.0504383556037789	-0.721262420381646	-0.613887782376342	-0.065033300952975	1
35.125	28.25	0.0480328965131229	-0.274234813464806	-0.905139902417253	-0.0653035793884792	1
35.375	28.25	0.0474303377950331	-0.570965556646977	-0.757928990514471	-0.0619412976907622	1
35.625	28.25	0.0473329415273121	0.102571696934889	0.951510248484525	-0.0648195653740984	1
35.875	28.25	0.0449367130184906	-0.404613047207696	0.86250089533154	-0.0622081295078434	1
36.125	28.25	0.0385716982277009	0.338116981187849	-0.88496810578234	-0.0660761166801006	1
36.375	28.25	0.0301734695941997	0.308942187970139	-0.894387953938987	-0.0631110100070682	1
36.625	28.25	0.0243046434888855	0.212604924421332	-0.923156548591256	-0.0593992532131987	1
36.875	28.25	0.0222521420746492	0.309895261984511	-0.899423090672456	-0.0550682603529281	1
37.125	28.25	0.0223181681802031	0.744678744346357	-0.564809384960795	-0.0516638212656988	1
37.375	28.25	0.0235871524325703	0.858120139923312	0.459913264275682	-0.0411721768715937	1
0.125	28.75	0.00048688201112239	0.874526332686654	0.505091622376375	-0.0418593770268829	1
0.375	28.75	0.000486863507238719	0.709567098568818	-0.694995203284041	-0.0464105380668779	1
0.625	28.75	0.000486825998557737	0.916946691898404	-0.347246793112509	-0.0401731905071669	1
0.875	28.75	0.000486790205580924	0.525276391146411	-0.8399751160753	-0.037572813605669	1
1.125	28.75	0.000486776350539031	0.874215776359784	-0.46726586434602	-0.0383641549123202	1
1.375	28.75	0.000486765577960943	0.41440685523758	-0.903479134117195	-0.0341242441340092	1
1.625	28.75	0.000486768885739561	0.906016729149744	0.433150851014379	-0.0374378731236077	1
1.875	28.75	0.000486770586388835	0.523007436993189	0.858387924821723	-0.0364779912136034	1
2.125	28.75	0.000486794106467015	0.755007598210574	0.654408623321438	-0.0390490431464242	1
2.375	28.75	0.000486836835049066	0.388248826267719	0.922576980897785	-0.0366313296607353	1
2.625	28.75	0.000486898829182207	0.654265166902855	0.752797994225785	-0.0397113416644645	1
2.875	28.75	0.000486962169519006	0.702381193986437	0.699542306544641	-0.0363046632762054	1
3.125	28.75	0.000487025399046976	0.678202897051022	0.733776961573902	-0.0360417293254906	1
3.375	28.75	0.000487111196876276	0.814270040017727	0.575451223592399	-0.0364817605690731	1
3.625	28.75	0.000487194663831878	0.740301027430311	0.673655294671205	-0.034878881294765	1
3.875	28.75	0.000487288285303829	0.802526276858317	0.604827262504482	-0.0370686758086432	1
4.125	28.75	0.000487389866878752	0.789917501500263	0.621736968233858	-0.0371815183459601	1
4.375	28.75	0.000487495678136947	0.77302178394899	0.647052320473824	-0.0394693614205731	1
4.625	28.75	0.00048761255628531	0.806624958921339	0.606473749815545	-0.0405522477336508	1
4.875	28.75	0.000487737864121214	0.751004958498249	0.675326676413586	-0.0435352091323435	1
5.125	28.75	0.00048787114396638	0.810859798407703	0.60206171187942	-0.0444688512616	1
5.375	28.75	0.000488005615818424	0.746131816174286	0.683464164751439	-0.0478168100944285	1
5.625	28.75	0.000488121192607649	0.801847493600875	0.612389232310177	-0.0490955266255554	1
5.875	28.75	0.000488190435032853	0.780541165174698	0.645997448898072	-0.051594499557638	1
6.125	28.75	0.000488187877841393	0.761026805514784	0.658323086792145	-0.0544831318503367	1
6.375	28.75	0.000488110103562866	0.849606529122271	-0.499942179149534	-0.0541675158822895	1
6.625	28.75	0.000487992233242941	0.853080352914935	-0.488943466405651	-0.0489588923624851	1
6.875	28.75	0.000487873024725546	0.70664143563609	-0.69593347839525	-0.0471913987450719	1
7.125	28.75	0.0004877581164389	0.918200342591904	-0.359721650507708	-0.0464208641707486	1
7.375	28.75	0.000487632640433006	0.771777515487718	-0.619906768314161	-0.0414899604029879	1
7.625	28.75	0.000487496000237636	0.927922106995777	-0.357321426888905	-0.0427693705761778	1
7.875	28.75	0.000487344186622974	0.841112614795078	-0.529733563335754	-0.0396041354523542	1
8.125	28.75	0.000487181486211127	0.887078698912432	-0.454279470307589	-0.0404374561960515	1
8.375	28.75	0.000487011882200229	0.810573960562627	-0.575407138423646	-0.0387213472190639	1
8.625	28.75	0.000486830836548731	0.819196688130248	-0.564439998380123	-0.0379681695861027	1
8.875	28.75	0.000486640919292365	0.738875670670328	-0.665455667945647	-0.0369692854878155	1
9.125	28.75	0.000486439344527733	0.760983444433706	-0.64317385819475	-0.0355724535145775	1
9.375	28.75	0.000486232209300445	0.671495262181855	-0.73711189049535	-0.0358547959317509	1
9.625	28.75	0.000486015860106609	0.735000159559289	-0.675059178070418	-0.0343233534734664	1
9.875	28.75	0.000485794217450627	0.630211401043826	-0.774975525189845	-0.0353643941217586	1
10.125	28.75	0.000485559751561394	0.734014013761663	-0.675949726434286	-0.0338659316403632	1
10.375	28.75	0.000485320553804106	0.627043614032157	-0.777983442284631	-0.0347669989583202	1
10.625	28.75	0.000485076015467135	0.742037895286098	-0.666435476033478	-0.033790751693292	1
10.875	28.75	0.000484848564922727	0.665059803525182	-0.745396521017272	-0.0339776304884949	1
11.125	28.75	0.000484660847604941	0.747241840322445	-0.661989033707494	-0.0339098187331619	1
11.375	28.75	0.000484546351594625	0.722229905787112	-0.690161911782998	-0.0336793570804968	1
11.625	28.75	0.000484534137468983	0.744130631663915	-0.668447450322501	-0.0341127636984134	1
11.875	28.75	0.00048458532366249	0.770753772723249	0.637969991167793	-0.0344253595813499	1
12.125	28.75	0.000484640487590534	0.768794985957551	0.638054501389838	-0.0344286217592838	1
12.375	28.75	0.00048470706830897	0.742839251650157	0.667296948093194	-0.0342105953909216	1
12.625	28.75	0.000484781808193194	0.796442007375367	0.596265367279456	-0.0340801724472861	1
12.875	28.75	0.000484855040264224	0.752814174621246	0.650752711104604	-0.032284705482149	1
13.125	28.75	0.000484933489498158	0.812199776432763	0.573978213447054	-0.0322978246698351	1
13.375	28.75	0.000485008722463078	0.766224853934665	0.636837577482351	-0.0303588335843175	1
13.625	28.75	0.000485072591290557	0.801119990637125	0.596011495008682	-0.0309700112352898	1
13.875	28.75	0.000485122065853291	0.766901268689178	0.64188224261197	-0.0301269630887337	1
14.125	28.75	0.0004851512924139	0.782552971253723	0.625942948687668	-0.0310907350849322	1
14.375	28.75	0.000485183241696466	0.764302750265019	0.649577438125297	-0.0312406533879321	1
14.625	28.75	0.000485256661754329	0.770822605234334	0.643651657873658	-0.0323490360064347	1
14.875	28.75	0.000485453605808265	0.766522499273476	0.650307315372278	-0.0330638318028903	1
15.125	28.75	0.000485860973206534	0.767015323454793	0.651105247935543	-0.0344763195009632	1
15.375	28.75	0.000486536615023206	0.775858254904893	0.642191294406639	-0.0355519862979409	1
15.625	28.75	0.000487388799374618	0.773151199891467	0.648529897624562	-0.0374312651774969	1
15.875	28.75	0.000488041969977187	0.781379176328387	0.63773800001878	-0.0393002212447416	1
16.125	28.75	0.000487723184455825	0.804523715704479	0.615415296186199	-0.0409184010861101	1
16.375	28.75	0.000485291761898423	0.76384118807177	0.662583742346232	-0.0448655202806806	1
16.625	28.75	0.000479673259357047	0.856203319550776	0.540239976390299	-0.0453075015560717	1
16.875	28.75	0.000470876004677127	0.777243960925559	0.660691325613208	-0.0503827254524936	1
17.125	28.75	0.000461633207877278	0.812960800605723	0.587503514983314	-0.0537372938614283	1
17.375	28.75	0.000459139121711748	0.954996384473981	-0.217829799146609	-0.051281082578809	1
17.625	28.75	0.000475668822426392	0.966730785340615	-0.150127752930973	-0.044413943589998	1
17.875	28.75	0.000523920633593133	0.968346080104832	-0.162186572761271	-0.0409477670385502	1
18.125	28.75	0.000604255505813742	0.862932763993361	-0.486170351662751	-0.0358411463556228	1
18.375	28.75	0.000686863897754343	0.764464841569016	-0.651720740976076	-0.0362317978329046	1
18.625	28.75	0.000696440930112191	0.761737565876672	-0.65291765445001	-0.0380048023645439	1
18.875	28.75	0.00051305385205693	0.737367172592648	-0.680775109530474	-0.0378794918272043	1
19.125	28.75	8.8254352911256e-06	0.773727036752324	-0.644927327855912	-0.0390039698256033	1
19.375	28.75	-0.000860555252963534	0.819502934013445	-0.594351752086823	-0.0401342866803939	1
19.625	28.75	-0.00190233078901729	0.826464786373833	-0.59167327543562	-0.0431627393725127	1
19.875	28.75	-0.00251617513720806	0.890225926169288	-0.501395632708171	-0.0458185810612948	1
20.125	28.75	-0.00161401020902985	0.839427913199173	-0.569654416068503	-0.0518692275028476	1
20.375	28.75	0.00219951488166259	0.941341901071767	-0.345048007268389	-0.0516234738649038	1
20.625	28.75	0.00997438095318199	0.836571014270377	-0.535179433202191	-0.0549327784525822	1
20.875	28.75	0.0211079664045029	0.327170686474893	-0.929940817350305	-0.053995156340958	1
21.125	28.75	0.0330046385459957	-0.0543249053052025	-0.960430433648051	-0.0578685335608233	1
21.375	28.75	0.042717370688287	-0.476019222505999	0.833233408435189	-0.0546646740008369	1
21.625	28.75	0.0499752908981736	-0.715563442385012	0.666113274668212	-0.0584308840199274	1
21.875	28.75	0.0547435066665624	-0.966054917744053	0.20816701553226	-0.0449542391325184	1
22.125	28.75	0.0560481864256627	-0.858401863207232	0.43820770263447	-0.0367643521303996	1
22.375	28.75	0.0582032692862382	-0.514845674158043	0.789949931494059	-0.0360656242414512	1
22.625	28.75	0.0642068278763949	-0.497459123049711	0.797784567022628	-0.0374091456198017	1
22.875	28.75	0.0755836773212485	-0.419103128177491	0.829109323564988	-0.036361360481568	1
23.125	28.75	0.0944300766476124	-0.360277145834534	0.832223711437443	-0.0381075086210243	1
23.375	28.75	0.123286055180529	-0.341075590037857	0.818679946415042	-0.0384457821280372	1
23.625	28.75	0.1644178958303	-0.338326114945418	0.776526270975656	-0.0382522768624169	1
23.875	28.75	0.21883795437472	-0.340768283524267	0.721752400710882	-0.0379716787515217	1
24.125	28.75	0.285246464157335	-0.351669725881501	0.642703425173367	-0.0362240996688669	1
24.375	28.75	0.359220001770965	-0.319013062148795	0.572867293127069	-0.0347710222729172	1
24.625	28.75	0.43324244115709	-0.333020648817321	0.46253534886565	-0.0342697434278392	1
24.875	28.75	0.497975885873326	-0.368979345568899	-0.311631817614164	-0.0352496950049251	1
25.125	28.75	0.544774607047948	-0.300111769990516	0.34909944430741	-0.0431198503158818	1
25.375	28.75	0.572515314097727	-0.390055192079154	0.204988347666285	-0.0343413265085286	1
25.625	28.75	0.584288442534199	-0.419768900266032	0.0914530917872894	-0.0383552054087667	1
25.875	28.75	0.580478545277983	-0.430138507983612	-0.157075468485545	-0.0281150446078564	1
26.125	28.75	0.564680270825093	-0.439804876228439	-0.15921303758423	-0.0210287519214619	1
26.375	28.75	0.542110940457582	-0.435167578270798	-0.231722823992801	-0.0135701757153956	1
26.625	28.75	0.518470228181416	-0.505427765813477	-0.0765934831778776	-0.00613019528683519	1
26.875	28.75	0.499135256554229	-0.515871043667981	-0.132550748005029	0.000675665246204463	1
27.125	28.75	0.487956532633806	-0.546845111576342	-0.0325414549163401	0.00848417337897803	1
27.375	28.75	0.486377049001589	-0.554535100990674	-0.0637022582527341	0.017585601225145	1
27.625	28.75	0.494673829535447	-0.559894293806251	-0.0306382612153348	0.0293754021166978	1
27.875	28.75	0.512139823348967	-0.51781306152471	-0.17787248456738	0.043563916694241	1
28.125	28.75	0.53850014904152	-0.474557281672861	-0.212791362819361	0.0563755731346398	1
28.375	28.75	0.572278043855622	-0.365689524439165	-0.283341402311603	0.0698165338261835	1
28.625	28.75	0.608759841120704	-0.311965770977122	-0.257537996126451	0.0733498175221821	1
28.875	28.75	0.636483980042907	-0.123728153278075	0.331497181683645	0.0791938152362854	1
29.125	28.75	0.637741249667746	-0.0912031601360226	0.340946569020781	0.0771166849296309	1
29.375	28.75	0.595688922730649	-0.329029831164737	-0.136378564490295	0.0786702966492334	1
29.625	28.75	0.513878820237646	-0.383119223744006	-0.103826974048525	0.0690165454746643	1
29.875	28.75	0.410110857821864	-0.487568602007101	0.00892243701965115	0.0534079861497939	1
30.125	28.75	0.308129206962486	-0.577244555403321	0.0258651428521602	0.0368530247060769	1
30.375	28.75	0.227782546627032	-0.666507670774856	-0.000851797462702881	0.0141723375323755	1
30.625	28.75	0.177499163978584	-0.737100356771675	0.0348703687532836	-0.00233032038992956	1
30.875	28.75	0.154281234664538	-0.812387683477839	-0.0368799857436647	-0.0189245133401241	1
31.125	28.75	0.149567797118578	-0.847522417546588	0.0181605119542309	-0.0150317608452924	1
31.375	28.75	0.150436682220981	-0.75586320760518	0.280232001025794	-0.0189777595943528	1
31.625	28.75	0.150289944423646	-0.836254770413015	0.00655673726178149	-0.0342037456258043	1
31.875	28.75	0.14664701574789	-0.456123906925533	0.707570259218568	-0.0271220737770671	1
32.125	28.75	0.142264244937875	-0.787421545496474	0.310842489355112	-0.0264438097153315	1
32.375	28.75	0.139234471643706	-0.717525326071788	-0.314663270592052	-0.032708644149324	1
32.625	28.75	0.134230604936348	-0.788500006919396	0.186316253216534	-0.0714405797897071	1
32.875	28.75	0.128369658272925	0.0460649276482452	0.854087551185429	-0.062805226426135	1
33.125	28.75	0.123208824145489	-0.544689704117908	-0.674695749122912	-0.0594192747929645	1
33.375	28.75	0.117107592925721	0.369816390375318	-0.775249425893042	-0.0612210180139778	1
33.625	28.75	0.1093835468299	-0.0648035390011934	-0.861369193346377	-0.0544363377993109	1
33.875	28.75	0.0999254148990543	0.457235298880663	-0.754590629144687	-0.0589733260665861	1
34.125	28.75	0.0895123235219035	0.335222762358981	-0.831710953770167	-0.0547281439817086	1
34.375	28.75	0.0783254078147942	0.481181680944858	-0.780790634658437	-0.0585173480389379	1
34.625	28.75	0.0668781915248895	0.393185255895843	-0.834379943074336	-0.0583355563853014	1
34.875	28.75	0.0558259649278839	0.322911976362616	-0.869490493531273	-0.0595799701349216	1
35.125	28.75	0.0461184200094948	0.324113347990249	-0.878453748187964	-0.0594134751579455	1
35.375	28.75	0.0384761375059691	0.0777311975411273	-0.936565040446958	-0.0609830356874249	1
35.625	28.75	0.0327633325012285	0.197209427427929	-0.928805331384499	-0.0612288492221453	1
35.875	28.75	0.0271767249545442	0.832820229237561	-0.513818925700777	-0.061987059339495	1
36.125	28.75	0.0202885404812429	0.866629711220924	-0.476810449038137	-0.0701350979815917	1
36.375	28.75	0.0131358450308907	0.724796425181629	-0.658588525903493	-0.0707451002875893	1
36.625	28.75	0.00726963671816836	0.632663360899571	-0.725534353300317	-0.073229527677199	1
36.875	28.75	0.00361119762068947	0.681982041073249	-0.693454853787856	-0.0606367201413473	1
37.125	28.75	0.00216492949053987	0.251826212913222	-0.931446536995048	-0.0690633601199581	1
37.375	28.75	0.0023208823083361	0.955110758211483	-0.116749605122614	-0.0493124242601818	1
0.125	29.25	0.00048680159619909	0.931061656936512	0.371743486722273	-0.0456903712480834	1
0.375	29.25	0.000486793549821728	0.657471375050441	-0.756195206027785	-0.0473287665867395	1
0.625	29.25	0.000486754548180199	0.986264187438023	-0.171811623526369	-0.0462982731010594	1
0.875	29.25	0.000486720908090603	0.739010835777575	-0.667710906868375	-0.0481441323673186	1
1.125	29.25	0.000486701480457767	0.979476270140751	-0.144175573002776	-0.0453863811546216	1
1.375	29.25	0.000486686012506682	0.81895469231682	-0.554511672450029	-0.0435215788494087	1
1.625	29.25	0.00048668919932805	0.851543505825982	-0.509721763183239	-0.0413213694152947	1
1.875	29.25	0.000486697927162206	0.725562652367259	-0.674242856296981	-0.0403967153272823	1
2.125	29.25	0.000486719441241443	0.945031328806901	-0.28621719889044	-0.0382001831082186	1
2.375	29.25	0.000486762886216374	0.670934293388445	-0.728732106587758	-0.0346079311657084	1
2.625	29.25	0.000486798114741145	0.955886684434706	0.27929988761796	-0.035492708809696	1
2.875	29.25	0.000486834661902969	0.625992561884666	0.790268852575954	-0.0322779515413622	1
3.125	29.25	0.00048689539396605	0.840144275882008	0.563693951643161	-0.0383191602251997	1
3.375	29.25	0.00048696209254785	0.66640793720164	0.755300019870524	-0.0375874411275415	1
3.625	29.25	0.000487029997314825	0.730457873522006	0.70043526978808	-0.0407687583967215	1
3.875	29.25	0.000487105815498517	0.696494937084675	0.729315225752508	-0.0423769884313005	1
4.125	29.25	0.000487185553953879	0.709870273313145	0.719078231863829	-0.0437375398511642	1
4.375	29.25	0.000487270545224852	0.700286780405262	0.726522457587749	-0.0462873044576543	1
4.625	29.25	0.000487367743838678	0.743385924095944	0.683209525317799	-0.0468301273725798	1
4.875	29.25	0.000487472632763049	0.695762769542166	0.730414427351606	-0.0500289567614742	1
5.125	29.25	0.00048759028986943	0.792157085919041	0.62441994563175	-0.0497187960766764	1
5.375	29.25	0.000487709890244013	0.696605873017591	0.730374141449726	-0.0536256770785485	1
5.625	29.25	0.000487812330968808	0.82548646998603	0.575877729903186	-0.0529559057814792	1
5.875	29.25	0.000487875064557044	0.731356307067939	0.696343967431286	-0.0564667304439704	1
6.125	29.25	0.000487869857555419	0.818807220638029	0.581465495205812	-0.0567396769733984	1
6.375	29.25	0.000487795327749403	0.79162593268559	-0.595617144728136	-0.0584893577940505	1
6.625	29.25	0.000487677728203056	0.9064234657459	-0.378799110535279	-0.0534647948595693	1
6.875	29.25	0.000487545397248729	0.657412209780828	-0.740926496747626	-0.0508007007370283	1
7.125	29.25	0.000487426553287185	0.888072295683381	-0.431515192696471	-0.0503687151400263	1
7.375	29.25	0.000487301407072131	0.715554933515774	-0.680630623865239	-0.0458445334788269	1
7.625	29.25	0.000487176688677425	0.880998562276945	-0.449615411809197	-0.0459364073608797	1
7.875	29.25	0.000487042025385058	0.817802440634219	-0.556867864934353	-0.0418135155636378	1
8.125	29.25	0.000486891952731138	0.897197240264793	-0.426586562148705	-0.0418066127005404	1
8.375	29.25	0.000486732072648108	0.84250017647548	-0.526939601600813	-0.0396032221733194	1
8.625	29.25	0.000486559573736151	0.867367046245396	-0.48840641400923	-0.0393009592168787	1
8.875	29.25	0.00048638034871126	0.798313640256852	-0.591780841460007	-0.0382200178229811	1
9.125	29.25	0.000486188157533558	0.813845779544663	-0.571950173511239	-0.0367355909597318	1
9.375	29.25	0.000485988147967943	0.728509842869143	-0.678000878933859	-0.0364434771763651	1
9.625	29.25	0.000485774621710105	0.765929428761157	-0.636938920890086	-0.0348135119560636	1
9.875	29.25	0.000485554837000339	0.671988516926498	-0.737764139732205	-0.0351872965193226	1
10.125	29.25	0.000485319391569504	0.734148226280283	-0.675515451247219	-0.0340688055418889	1
10.375	29.25	0.000485078114653962	0.651205691690695	-0.75815469068056	-0.0344163056242484	1
10.625	29.25	0.000484828924103566	0.712736500014817	-0.699493449105838	-0.0340174489599476	1
10.875	29.25	0.000484594871118554	0.670591899107611	-0.741225276655831	-0.0339989678793943	1
11.125	29.25	0.000484398853006464	0.698455751566033	-0.714914159863155	-0.0341642285514163	1
11.375	29.25	0.000484275498682189	0.721647007832871	-0.691068934382774	-0.0340693739348783	1
11.625	29.25	0.000484253422014002	0.685098160984796	-0.728229398013585	-0.0342364909681069	1
11.875	29.25	0.000484292669626819	0.791039997702268	0.610519391846144	-0.034701349457627	1
12.125	29.25	0.000484335522994006	0.743946065755227	0.661841877160406	-0.0339265040193027	1
12.375	29.25	0.000484393171091383	0.774328283507861	0.625090145114568	-0.0332333414797994	1
12.625	29.25	0.00048445891070433	0.798018307822263	0.590929856131209	-0.0321700592092407	1
12.875	29.25	0.000484528815928715	0.780421266356309	0.618667370834211	-0.0305853449662975	1
13.125	29.25	0.000484604141581621	0.808719013127701	0.583727712730189	-0.0307374965641303	1
13.375	29.25	0.000484676875253716	0.773100244534679	0.634817022927393	-0.029833822391806	1
13.625	29.25	0.000484736660127365	0.791977550558634	0.614030434560257	-0.0309754443469695	1
13.875	29.25	0.000484779373619887	0.764922439271751	0.649231908101034	-0.0309569797560738	1
14.125	29.25	0.000484798247271563	0.77682259027589	0.636744174134054	-0.0322668326152916	1
14.375	29.25	0.000484814391553395	0.763856966592829	0.65293119695602	-0.0328785765697067	1
14.625	29.25	0.000484867981801393	0.773072067290308	0.64332463562424	-0.0341595023583949	1
14.875	29.25	0.000485043891311446	0.770905524568328	0.647415353714273	-0.0352572222744183	1
15.125	29.25	0.000485440667684587	0.776359626616755	0.641892157994754	-0.0368486719136835	1
15.375	29.25	0.000486135805456004	0.787265602020101	0.631357590754817	-0.0382670972510204	1
15.625	29.25	0.000487065481537409	0.78050981526296	0.641035940581572	-0.0406816631413568	1
15.875	29.25	0.000487894104554567	0.806530373134989	0.608795493813713	-0.0423513679010423	1
16.125	29.25	0.000487875466266255	0.801431935100273	0.62186620841649	-0.0451600517454493	1
16.375	29.25	0.000485863905940259	0.794338731771224	0.623381134216447	-0.0484525344939836	1
16.625	29.25	0.000480692229913924	0.877242997081425	0.515117307147	-0.0491383920314504	1
16.875	29.25	0.000472105730384002	0.741611225997907	0.692251750624004	-0.056391081533869	1
17.125	29.25	0.000462259987493579	0.924236773253452	0.378758351578778	-0.0550137711319627	1
17.375	29.25	0.000457321415878817	0.956155775227922	-0.240787744970773	-0.055566774403826	1
17.625	29.25	0.00046857822804901	0.962439033027003	-0.134994593497015	-0.0485901993153739	1
17.875	29.25	0.000509039182351082	0.935694667562215	-0.286081237582859	-0.0420908398685482	1
18.125	29.25	0.000582496030799052	0.923558711966543	-0.356675878059411	-0.0384203658733637	1
18.375	29.25	0.000665965155456177	0.913986875057138	-0.407321303896216	-0.0378034380531119	1
18.625	29.25	0.000690835444271959	0.886961812802759	-0.466681919813314	-0.0391345263488843	1
18.875	29.25	0.00053905845567756	0.85017995383646	-0.519212654700068	-0.0396954109816346	1
19.125	29.25	8.04028804894861e-05	0.792508088902619	-0.597992551254595	-0.0383229488893679	1
19.375	29.25	-0.00072655842093945	0.765675618912972	-0.635531158801614	-0.0370040799434193	1
19.625	29.25	-0.00166421683162678	0.717684726025089	-0.693251817406189	-0.0361046666014543	1
19.875	29.25	-0.00205865585044571	0.724476310272048	-0.695690517814005	-0.0349606779908641	1
20.125	29.25	-0.000656262646280581	0.686610183536149	-0.751090188568426	-0.0365742452440687	1
20.375	29.25	0.00423245733799233	0.633413043292545	-0.781316691453542	-0.0404714493137128	1
20.625	29.25	0.0141767894234313	0.850698237818762	0.437863788602995	-0.0394780343483436	1
20.875	29.25	0.0290990290753914	-0.0649671867823307	0.957979747258533	-0.0290239664017808	1
21.125	29.25	0.0469033234165981	-0.290286781618555	0.882812451546457	-0.0400934497199547	1
21.375	29.25	0.0650239190873467	-0.795840858004039	0.436520757690347	-0.0350529601204062	1
21.625	29.25	0.0826163876987316	-0.554183410508183	0.685832440070224	-0.0524050860868964	1
21.875	29.25	0.100088355754039	-0.648216900284235	-0.644422260905144	-0.0504177915457568	1
22.125	29.25	0.117629241295262	-0.887606838968964	-0.0240230362570804	-0.046848606748131	1
22.375	29.25	0.138145168405142	-0.856260700210784	-0.106215269275822	-0.0473989996680192	1
22.625	29.25	0.163730536692312	-0.837517375753289	-0.0621436341138716	-0.046178954738159	1
22.875	29.25	0.195646580277804	-0.810582886198428	-0.0164918026830875	-0.0454716271490719	1
23.125	29.25	0.234921056136965	-0.756832218289045	0.117856232422234	-0.0428321148770989	1
23.375	29.25	0.282166509822712	-0.691278353028877	0.192996958711492	-0.0450845369357576	1
23.625	29.25	0.337359048382682	-0.614840257663852	0.258521994411531	-0.0433044104555502	1
23.875	29.25	0.398343484832977	-0.536638706547402	0.287230720733047	-0.0437957180150736	1
24.125	29.25	0.461495590236778	-0.477113366186634	0.279590407735247	-0.0412968595787738	1
24.375	29.25	0.521039348828592	-0.440840531284687	0.237845846600954	-0.0385496074025226	1
24.625	29.25	0.57110276447415	-0.380538087955979	0.235612418755209	-0.0326564836578031	1
24.875	29.25	0.607444237960551	-0.109814952127645	0.389490391569563	-0.0320886978546415	1
25.125	29.25	0.626855478206672	-0.364154705742171	0.0453601975870978	-0.0319730114960502	1
25.375	29.25	0.629071492381451	-0.204448873707054	0.323293733970827	-0.0358509777273404	1
25.625	29.25	0.61542247786624	-0.41075783513494	0.0253994709013997	-0.0297406307502223	1
25.875	29.25	0.588749369008046	-0.424249254545768	0.120099485990358	-0.0225789799297162	1
26.125	29.25	0.554106797288089	-0.465573941002684	-0.0638860630682334	-0.0160703343179762	1
26.375	29.25	0.516544961827717	-0.458796933320982	-0.182952756277953	-0.0100034341597762	1
26.625	29.25	0.480155249592792	-0.516521704107492	-0.172936092742137	-0.0111571621265114	1
26.875	29.25	0.447786972482148	-0.525698577050038	-0.235598951143968	0.00257747756780679	1
27.125	29.25	0.420641851008496	-0.553320475888706	-0.245135812072806	0.000406925598846584	1
27.375	29.25	0.398569934739885	-0.60055975056915	-0.236941038822945	0.0153320581245574	1
27.625	29.25	0.38145534331117	-0.642388520476833	-0.237770830614947	0.021921726183139	1
27.875	29.25	0.369953495908428	-0.685498457250209	-0.163069041672006	0.0473356962520767	1
28.125	29.25	0.36822101950298	-0.60154357537888	-0.281213350231886	0.059285338957294	1
28.375	29.25	0.381214078900105	-0.461658035205715	-0.407660758148753	0.0647565091454286	1
28.625	29.25	0.411423775607356	-0.500015901256005	-0.302911351760254	0.0632117200596674	1
28.875	29.25	0.453059354811879	-0.189215119078233	-0.489950150382931	0.0674930164441152	1
29.125	29.25	0.490148185379422	-0.135538511152463	0.49501464920375	0.0628075692667901	1
29.375	29.25	0.495713444490714	-0.161386615274408	0.483298954085337	0.0646842466769466	1
29.625	29.25	0.467524637631715	-0.36667400010295	0.349908538122607	0.0576484515679954	1
29.875	29.25	0.416794438149728	-0.230511082327661	0.501417359508671	0.0527182875463225	1
30.125	29.25	0.35832014593328	-0.470354004040521	0.332004038736948	0.0399652045612482	1
30.375	29.25	0.306973105700591	-0.260716276367642	0.573216534048054	0.0290503746805876	1
30.625	29.25	0.271211535242235	-0.547420384140856	0.349228923807101	0.00950294158887623	1
30.875	29.25	0.251450999476831	-0.104807141234728	0.684819946425421	0.00103386109412225	1
31.125	29.25	0.2441344727214	-0.489741631825665	-0.572571448874127	-0.00968265507663284	1
31.375	29.25	0.238463569160837	0.015505142895541	-0.778137037352861	-0.0191358352558885	1
31.625	29.25	0.229581485742607	-0.0636542809565267	-0.795156217932125	-0.0152675858414341	1
31.875	29.25	0.216834584433477	0.156335787592569	-0.777847379083634	-0.017724223449113	1
32.125	29.25	0.203431977282674	0.601890109381162	0.482843290170545	-0.0151020408472349	1
32.375	29.25	0.19135266995359	0.282990355197987	-0.784307826440971	-0.00890099536451938	1
32.625	29.25	0.177852833344694	0.350945699021789	-0.81042253917452	-0.0171854356803195	1
32.875	29.25	0.163665703895932	0.62581069496161	-0.652748087467091	-0.0171531439587657	1
33.125	29.25	0.149799361301224	0.814849025770084	-0.453869243447585	-0.04236613656595	1
33.375	29.25	0.134982100500343	0.702081718678288	-0.588954049265284	-0.0532016743251015	1
33.625	29.25	0.119272793273538	0.729737860571327	-0.54884701156205	-0.0625350568999309	1
33.875	29.25	0.103278736935993	0.687687830241988	-0.612723562956065	-0.0666396893865609	1
34.125	29.25	0.0877193507814091	0.731173512466652	-0.57129157528666	-0.0722930503172085	1
34.375	29.25	0.0730342445211752	0.729853289381786	-0.590832798426223	-0.0749656583687879	1
34.625	29.25	0.0595008632910137	0.764715402949582	-0.563847859983542	-0.0792781736005232	1
34.875	29.25	0.0473566632313032	0.770435525523904	-0.564629169282828	-0.082233907901765	1
35.125	29.25	0.036880112123327	0.780845648982012	-0.555078209586253	-0.083526829066144	1
35.375	29.25	0.0282795496010576	0.774625826834174	-0.568991581264352	-0.0835120542065633	1
35.625	29.25	0.0215401428655347	0.723649309236377	-0.622407903066429	-0.0825122348431855	1
35.875	29.25	0.0162001272714007	0.750245493839299	-0.597555793824675	-0.0756635489988921	1
36.125	29.25	0.011525554156097	0.796497557660727	-0.576675646953753	-0.0747804388315457	1
36.375	29.25	0.0073351413564802	0.838435043766745	-0.53808600407491	-0.0771826892656185	1
36.625	29.25	0.00381816461447939	0.772067482856027	-0.617537988648862	-0.081150594706206	1
36.875	29.25	0.00121541959312127	0.833123975355029	-0.524343964712597	-0.0773943450508233	1
37.125	29.25	-0.0003823729907202	0.663079941319326	-0.711740636216047	-0.0814200019452472	1
37.375	29.25	-0.00101943755688392	0.772312165383149	-0.579113080339479	-0.0673631370310098	1
0.125	29.75	0.000486718546402618	0.848123272401336	0.53995813564948	-0.0419353535300582	1
0.375	29.75	0.000486705035365341	0.651205123282746	-0.750741528615731	-0.0442014661866518	1
0.625	29.75	0.000486671378647004	0.846092507236862	-0.517736956330075	-0.0402386450306686	1
0.875	29.75	0.000486631987738241	0.7040771094744	-0.709381245211105	-0.0405758615658033	1
1.125	29.75	0.000486619537995795	0.791013395927526	-0.610180388454674	-0.040526539267245	1
1.375	29.75	0.000486606678602034	0.805432178673074	-0.590903211391235	-0.0406609110307724	1
1.625	29.75	0.000486612822885797	0.788527424599814	0.622061020361723	-0.0407716074769989	1
1.875	29.75	0.000486618605632428	0.734108033179422	0.683771478292024	-0.0429458969595126	1
2.125	29.75	0.00048663280462504	0.640912138222212	0.768319840882916	-0.0424790906952182	1
2.375	29.75	0.00048666755213483	0.602102375866791	0.796641910510357	-0.0436683880099505	1
2.625	29.75	0.000486700356641871	0.455880751109659	0.883493910716472	-0.0422591343386823	1
2.875	29.75	0.00048674155213235	0.649344491135041	0.759910794583721	-0.0428713668186729	1
3.125	29.75	0.000486780566701849	0.65535247771366	0.752414305271677	-0.0422303810696671	1
3.375	29.75	0.000486828510195363	0.698731153396045	0.71829571150835	-0.0423878953677694	1
3.625	29.75	0.000486876876140191	0.758151579729641	0.656753666894969	-0.043047942243473	1
3.875	29.75	0.000486932086938169	0.754609519419259	0.66301508388448	-0.0436784884587484	1
4.125	29.75	0.000486994848010472	0.794347621649765	0.618929641551039	-0.0448018933424963	1
4.375	29.75	0.000487063507762554	0.779494146426711	0.636745106486127	-0.0466387123384565	1
4.625	29.75	0.000487147473489073	0.814831728456766	0.595046387358693	-0.0473590758926643	1
4.875	29.75	0.000487238161746991	0.764801492010312	0.65542288511218	-0.0506137647080615	1
5.125	29.75	0.000487343780324171	0.844916387062488	0.552533404354559	-0.050109701085887	1
5.375	29.75	0.000487449358712897	0.723230255762052	0.702284070312999	-0.0550848787309726	1
5.625	29.75	0.00048753801797791	0.879757399988604	0.490332669983684	-0.0531429363096591	1
5.875	29.75	0.000487593855878264	0.710915771981261	0.717089988685729	-0.0586302526867604	1
6.125	29.75	0.000487580070241493	0.874278562904459	0.490519492368976	-0.0570448488008573	1
6.375	29.75	0.000487509846813524	0.796230656571171	-0.601415833282113	-0.0600343694812695	1
6.625	29.75	0.000487404174178508	0.95247095950882	-0.254512446724614	-0.056509405350753	1
6.875	29.75	0.000487268182983281	0.720153443704021	-0.681145212160845	-0.0537197603293122	1
7.125	29.75	0.000487140683647555	0.898442835378886	-0.413848628285915	-0.0535491583907601	1
7.375	29.75	0.000487004053818127	0.725197067787613	-0.672447449203126	-0.0495323547302953	1
7.625	29.75	0.000486874030971752	0.857354894784928	-0.49241372633667	-0.049592557806914	1
7.875	29.75	0.000486740509020732	0.767513158813839	-0.622264241775452	-0.0454263076610788	1
8.125	29.75	0.000486598488480791	0.873258394196727	-0.465434414224688	-0.0450497085410085	1
8.375	29.75	0.000486448685420893	0.826789251072957	-0.54514341514155	-0.0416476467687808	1
8.625	29.75	0.000486282092969561	0.878870624009201	-0.464849609459172	-0.0411723573529249	1
8.875	29.75	0.000486108263111429	0.82467350211977	-0.554604186846619	-0.0398123148919228	1
9.125	29.75	0.000485921025393854	0.846927888951526	-0.522153131667865	-0.0386967149133845	1
9.375	29.75	0.000485727270840358	0.776738478376041	-0.620657948539873	-0.0381704880432279	1
9.625	29.75	0.000485519388873198	0.799064115887049	-0.591898481356312	-0.036452354549384	1
9.875	29.75	0.000485304531604348	0.719636213563043	-0.688215931911606	-0.0361811664463699	1
10.125	29.75	0.000485074853403793	0.748849751638183	-0.656473592649241	-0.0349127073868767	1
10.375	29.75	0.000484837839180508	0.686925831436226	-0.723620941634462	-0.0347171599852868	1
10.625	29.75	0.000484593350431099	0.700636039109099	-0.710501651075693	-0.034158251300916	1
10.875	29.75	0.000484357618747771	0.694369048904232	-0.718752494180056	-0.0340277876341736	1
11.125	29.75	0.000484155451511865	0.649817029931487	-0.759269993790084	-0.0339686995225714	1
11.375	29.75	0.00048401732731325	0.74745882146472	-0.666013813931554	-0.0340859708034467	1
11.625	29.75	0.000483973957990309	0.58007129235136	-0.813677743046701	-0.0344954046767631	1
11.875	29.75	0.000483991185079706	0.840772928868557	0.530142484852315	-0.0345830953099107	1
12.125	29.75	0.000484020936959769	0.734776410803886	0.665546999050287	-0.0318821604163576	1
12.375	29.75	0.00048407081825604	0.821598127396793	0.561489170219191	-0.0314776031342083	1
12.625	29.75	0.000484133228119419	0.798754971619529	0.59458134222822	-0.0301391687226116	1
12.875	29.75	0.000484200476226104	0.794727268329809	0.608386897048924	-0.0299584893444941	1
13.125	29.75	0.000484273456286257	0.794300078690518	0.610823500708249	-0.0306865203390992	1
13.375	29.75	0.000484343751259918	0.770668977931793	0.643636803390034	-0.0309427437630224	1
13.625	29.75	0.00048440241931816	0.778926355076315	0.634088396458331	-0.0322974046314057	1
13.875	29.75	0.000484443518512005	0.763326558053038	0.653450140168921	-0.0327824752056909	1
14.125	29.75	0.000484459604344644	0.774064041159251	0.641406303614816	-0.0341130846754521	1
14.375	29.75	0.000484466774711381	0.768833569968186	0.64821596619701	-0.0349548937668473	1
14.625	29.75	0.000484500806974837	0.780461878904105	0.635902205542057	-0.0363127834897094	1
14.875	29.75	0.000484639873948388	0.77958104390625	0.638603331427223	-0.0377685512444502	1
15.125	29.75	0.000484984257674373	0.790898041497996	0.626056078450169	-0.0394694223999179	1
15.375	29.75	0.00048562330773898	0.796507608707432	0.622366836586154	-0.0414285540989623	1
15.625	29.75	0.000486534028130675	0.794083199186148	0.624765183276688	-0.0440263586510966	1
15.875	29.75	0.000487463427000645	0.826036254977681	0.585854868388875	-0.0457297824718668	1
16.125	29.75	0.000487784700074989	0.793696948707546	0.630071171257676	-0.0495885097304546	1
16.375	29.75	0.000486491250099635	0.838906131266115	0.560759675388534	-0.0512682951734752	1
16.625	29.75	0.000482473626484118	0.858789057163154	0.548778257274772	-0.053563169305021	1
16.875	29.75	0.000475257252361922	0.748603346210051	0.67122678652566	-0.0599394708701059	1
17.125	29.75	0.000466172467343379	0.988243868171346	0.0803171635492501	-0.0557180295244954	1
17.375	29.75	0.000459751770531286	0.968909380257546	-0.216068934300685	-0.0557893211778265	1
17.625	29.75	0.000465527617361554	0.972375929979823	-0.13138118102473	-0.0522750876994857	1
17.875	29.75	0.000495897687062225	0.968376332941613	-0.105052604869471	-0.0468197967695552	1
18.125	29.75	0.000557341311831753	0.873949823376241	-0.438460288017437	-0.0397976704684798	1
18.375	29.75	0.000635671427055677	0.818980662394368	-0.569771094894566	-0.0362647670330677	1
18.625	29.75	0.000679427823534201	0.869097825892225	-0.514445078401036	-0.0385640512870106	1
18.875	29.75	0.000591275620088276	0.889694873279858	-0.477345598674833	-0.0410506357421331	1
19.125	29.75	0.000252506799674566	0.870714219387824	-0.501416512241345	-0.0434558887167969	1
19.375	29.75	-0.000391673239762498	0.880218814854267	-0.478915882665008	-0.043566703308302	1
19.625	29.75	-0.00117528150102307	0.837553002781967	-0.546639766457312	-0.0446992950570637	1
19.875	29.75	-0.00151874625907503	0.843065083884531	-0.51676239178198	-0.0435311874583204	1
20.125	29.75	-0.000310874877827624	0.877763602380411	-0.477416479247043	-0.0390194248385174	1
20.375	29.75	0.00388760823574987	0.682923294726105	-0.721046359743268	-0.0434369465675478	1
20.625	29.75	0.0120140289860397	0.263559957051054	0.949525479913468	-0.0367064844213329	1
20.875	29.75	0.0238494084199223	0.307841427505444	0.937759582307297	-0.0434044442449799	1
21.125	29.75	0.0388218140179296	0.60546768303079	0.742608385778585	-0.0362501557569886	1
21.375	29.75	0.0560696656277853	0.171713239559707	0.932321249636822	-0.0428281933660697	1
21.625	29.75	0.0753599564230796	0.659307606490778	0.616948445335392	-0.0354781328430937	1
21.875	29.75	0.0970503742621621	0.0282749068153061	0.891929800098808	-0.0352618011877838	1
22.125	29.75	0.121939360253938	-0.0049397403028187	0.869043766561628	-0.0370002178651264	1
22.375	29.75	0.15328753267132	0.246911935977536	0.797408063465467	-0.0363350173964926	1
22.625	29.75	0.191657200231091	-0.292173032778602	0.742270354034047	-0.0374600975246636	1
22.875	29.75	0.237008605301046	-0.038480544478229	0.753746511889835	-0.038832568984535	1
23.125	29.75	0.289176067691366	-0.435175513955169	0.555117934710638	-0.0397223834042764	1
23.375	29.75	0.346757594041241	-0.181354811660056	0.61822687280887	-0.0411872006843168	1
23.625	29.75	0.407452449293867	-0.400704345333583	0.428786900933116	-0.0423968918448371	1
23.875	29.75	0.466662781210549	-0.219711075478984	0.476894658123626	-0.043814325568266	1
24.125	29.75	0.519843451757639	-0.235573776225403	0.409947445028556	-0.0451161653476878	1
24.375	29.75	0.561102442314863	-0.195472599309481	0.39284843532367	-0.0467162514182545	1
24.625	29.75	0.587707261751074	-0.267259826600681	-0.313702964008656	-0.046242064018828	1
24.875	29.75	0.603673906711412	-0.0767324786694094	-0.38552918550137	-0.0460066615507299	1
25.125	29.75	0.610069214432934	-0.14831737837057	0.370085170624867	-0.0461648089591692	1
25.375	29.75	0.605921413269285	0.174615257851	0.359425762940423	-0.0441207706737977	1
25.625	29.75	0.590444787617988	0.093227118567303	0.407214572163019	-0.0458242104120327	1
25.875	29.75	0.565915877695497	0.359545961743481	-0.123367447299045	-0.0419393626814128	1
26.125	29.75	0.537190405175561	0.379779622461862	-0.0716822248219739	-0.0206376477638518	1
26.375	29.75	0.506900794521505	0.389917998342222	-0.209706142073867	-0.00547724936254719	1
26.625	29.75	0.476401129628134	0.358236395529515	0.349994293615097	0.00257457817354202	1
26.875	29.75	0.445305906640912	0.444812608020277	-0.269815800633436	0.0115835803237203	1
27.125	29.75	0.413675719378686	0.338051912788353	0.448922019468956	0.0182023105415394	1
27.375	29.75	0.379317533183939	0.559846267069205	-0.0179650100189521	0.0305712940658347	1
27.625	29.75	0.341019678417497	0.391226443467857	0.504398271481618	0.0470485919907579	1
27.875	29.75	0.298459636713975	0.537572614304203	-0.393928751357381	0.0479243452535864	1
28.125	29.75	0.258013649234761	0.362999072948303	-0.606392775827128	0.0582246058173657	1
28.375	29.75	0.229366790514913	0.548570297638626	-0.501293170331896	0.0603706581204376	1
28.625	29.75	0.221909124473717	0.425916099638486	-0.630845517676141	0.0640004948998854	1
28.875	29.75	0.241557118297453	0.582743564756926	-0.466104365677041	0.063298198369853	1
29.125	29.75	0.284308449852331	0.552172724987305	0.478398033445073	0.064352548749443	1
29.375	29.75	0.324618590650242	0.661490599506796	0.242274865680961	0.0559306994941446	1
29.625	29.75	0.351870838748714	0.649820369778468	0.132201202861359	0.0496870441243722	1
29.875	29.75	0.363583699773324	0.642111643425533	0.125112240253896	0.0470290234451256	1
30.125	29.75	0.361772113503107	0.632698961829397	0.163432151933326	0.0388586012414208	1
30.375	29.75	0.351600687619611	0.666798481061962	0.0225807696873169	0.0363137853933852	1
30.625	29.75	0.337738564556028	0.674211525689769	-0.111558686556888	0.0269044540949184	1
30.875	29.75	0.322403042287233	0.693415838008402	-0.180370939590076	0.0249450555177404	1
31.125	29.75	0.306016774470551	0.728742864427232	-0.201742099387391	0.00808431275065389	1
31.375	29.75	0.286847929014973	0.650923653017113	-0.38821777525082	-0.0043313791829149	1
31.625	29.75	0.264284221859913	0.632857658988603	-0.446895641660891	-0.00973878259853707	1
31.875	29.75	0.240097367681927	0.477242079191553	-0.603038658179781	-0.0192254127561403	1
32.125	29.75	0.216631439787928	0.756546732428684	0.111212894858664	-0.00617676862165437	1
32.375	29.75	0.193803017382078	0.821136773740421	-0.0786471107208156	-0.00921875317645013	1
32.625	29.75	0.170788017652246	0.698164229002486	-0.484938764648853	-0.0138283462002779	1
32.875	29.75	0.14827626900756	0.684223476612202	-0.534255075232949	-0.0174008068743042	1
33.125	29.75	0.126806281333314	0.648338216425548	-0.640574828521125	-0.0216520113537384	1
33.375	29.75	0.106466738592371	0.662246936332819	-0.665164075920498	-0.0312052149641986	1
33.625	29.75	0.0876104929889287	0.63074065198103	-0.718306445010284	-0.0381301578917242	1
33.875	29.75	0.0705910431244743	0.630765966943319	-0.734809538898901	-0.0455593684651712	1
34.125	29.75	0.0557218720055414	0.613190181723812	-0.763833776213724	-0.0508935156419578	1
34.375	29.75	0.0430711748964502	0.619470857341459	-0.769296636135369	-0.0563643690313505	1
34.625	29.75	0.0325653555363612	0.618785148488679	-0.780341333006905	-0.0607865297198442	1
34.875	29.75	0.0240249469473859	0.630636795782967	-0.779253389195633	-0.0656865661745341	1
35.125	29.75	0.0172609357223836	0.644226704126166	-0.771788969812903	-0.0702917444024402	1
35.375	29.75	0.0120767024144146	0.671345117246342	-0.750582090756713	-0.0745010889820432	1
35.625	29.75	0.00826718794306039	0.679469386892983	-0.738964538997287	-0.079086568698018	1
35.875	29.75	0.00558015613813453	0.709184932939996	-0.693982632148893	-0.0809809543875466	1
36.125	29.75	0.00365540124156876	0.741309630227017	-0.655129800491469	-0.0806769554777311	1
36.375	29.75	0.00221907410540702	0.765235081189053	-0.63582797146306	-0.0807187103018541	1
36.625	29.75	0.00112475574915688	0.792396310571298	-0.607966737590305	-0.0831965165160993	1
36.875	29.75	0.000323416524548949	0.78758046519788	-0.610948387286003	-0.0835039345833063	1
37.125	29.75	-0.000204520988033622	0.821927266163578	-0.561055717879324	-0.0872455908664208	1
37.375	29.75	-0.000460283251831702	0.754403306462904	-0.630956742952728	-0.0840573320114922	1
0.125	30.25	0.000486663076821788	0.873600680965367	0.495956086993376	-0.0494868567283814	1
0.375	30.25	0.000486650337173884	0.695903343439784	-0.715933040024873	-0.0518151318891781	1
0.625	30.25	0.000486611502584109	0.910185224027564	-0.396206125278501	-0.0491694960046719	1
0.875	30.25	0.000486572840149766	0.792264354811474	-0.597270615885453	-0.048578036057264	1
1.125	30.25	0.000486541795787876	0.910999308575302	-0.392642019493852	-0.046228306387418	1
1.375	30.25	0.000486529486820521	0.811910552669199	-0.570250312891981	-0.0448971983659299	1
1.625	30.25	0.000486538282374968	0.905973326574751	-0.409150738858531	-0.0435473725843713	1
1.875	30.25	0.000486539283308771	0.931027501408221	-0.332975563987653	-0.0423037873128736	1
2.125	30.25	0.000486559828573788	0.982092494400598	-0.0242760936708747	-0.0385090060164506	1
2.375	30.25	0.000486582513918573	0.950487451295269	-0.250237231048241	-0.0337743493980009	1
2.625	30.25	0.000486585161189324	0.971011668449474	0.229159144141883	-0.0304387152639976	1
2.875	30.25	0.000486595082682047	0.88376672433394	0.497645305962821	-0.0323111514710051	1
3.125	30.25	0.00048662938287418	0.887503999592277	0.49416085671242	-0.0368734807483619	1
3.375	30.25	0.000486670497315687	0.831101376786038	0.582652972742383	-0.0394941312208503	1
3.625	30.25	0.000486715328525564	0.816852663915326	0.602493519282639	-0.0431169573801973	1
3.875	30.25	0.000486765937300055	0.773382522560196	0.654712183132683	-0.0458432783024999	1
4.125	30.25	0.000486821167726993	0.774857292117817	0.652106520783286	-0.0482903756319544	1
4.375	30.25	0.000486879791080807	0.736019308500852	0.691952082070745	-0.0509796101321298	1
4.625	30.25	0.000486950764799169	0.768530971547176	0.656262757056235	-0.0520348008405307	1
4.875	30.25	0.000487025670183694	0.709832366337115	0.714519401472039	-0.0553477327220748	1
5.125	30.25	0.000487115013695089	0.808341547261205	0.604692592640741	-0.0544826646838788	1
5.375	30.25	0.000487202534672491	0.666310240331449	0.752271025413109	-0.0596532269220784	1
5.625	30.25	0.000487275415640021	0.889203455302352	0.472895770417927	-0.0560369515986903	1
5.875	30.25	0.000487318805632524	0.609678825793136	0.799176402313346	-0.0632973889019919	1
6.125	30.25	0.000487285665183517	0.941405888783972	0.314165408497876	-0.0578529898947269	1
6.375	30.25	0.000487207259309388	0.737318194588507	-0.680107905795686	-0.0597508421264974	1
6.625	30.25	0.000487122988988782	0.960433952481358	-0.250745308611906	-0.0589393900535875	1
6.875	30.25	0.000487000592499204	0.73504737236863	-0.668302222422541	-0.056534442804412	1
7.125	30.25	0.00048687809737671	0.912376174835277	-0.385372245865768	-0.0566406960947344	1
7.375	30.25	0.000486737056096343	0.734759358423681	-0.663483224154047	-0.0528133802625934	1
7.625	30.25	0.000486599518669254	0.871264567128301	-0.467927579661087	-0.0530420617905439	1
7.875	30.25	0.000486456458375334	0.74781742038106	-0.645692158017794	-0.0488046748031971	1
8.125	30.25	0.000486310665097806	0.856995360641318	-0.491976754854095	-0.0485293067380431	1
8.375	30.25	0.000486161020499432	0.801279387584651	-0.576498991803325	-0.0445405608226247	1
8.625	30.25	0.000485998464158938	0.875548633437743	-0.462833493798294	-0.0434374325086043	1
8.875	30.25	0.000485829463177187	0.838705552536489	-0.52816849943237	-0.0410941460294137	1
9.125	30.25	0.00048564487779494	0.870421865689682	-0.481017286390338	-0.0399191216783097	1
9.375	30.25	0.000485453811195179	0.820813619078317	-0.561854083245435	-0.0392927372243405	1
9.625	30.25	0.000485250711061384	0.834392336529263	-0.541387571412836	-0.0379258046995745	1
9.875	30.25	0.000485040333059921	0.779655174100545	-0.61869194163322	-0.0374342774466583	1
10.125	30.25	0.000484820159650361	0.774229971992667	-0.623755504743952	-0.0362471563614887	1
10.375	30.25	0.000484590248334246	0.752941023159734	-0.652604889587334	-0.0354185430497272	1
10.625	30.25	0.000484359269930547	0.68787857796027	-0.718847409990658	-0.0349788319607091	1
10.875	30.25	0.000484128317786858	0.769082280935917	-0.636501933343789	-0.033814332994863	1
11.125	30.25	0.000483928195840105	0.564523508988473	-0.820559804975382	-0.0343185224117067	1
11.375	30.25	0.000483777127998102	0.836134212378551	-0.550826715433989	-0.032737312347014	1
11.625	30.25	0.000483709389839055	0.38198898977566	-0.921528664799517	-0.0348857823798086	1
11.875	30.25	0.000483699397036953	0.927406050128988	0.336984550249798	-0.0323420041807917	1
12.125	30.25	0.000483714744454079	0.733611754241565	0.670706036853687	-0.0285102892123755	1
12.375	30.25	0.000483761961972969	0.857551822730703	0.519504153890214	-0.0305089883152656	1
12.625	30.25	0.000483818140663178	0.775804075357275	0.633658821114266	-0.0298588935944075	1
12.875	30.25	0.000483881950618076	0.790639609573045	0.621561193434641	-0.0312864163757406	1
13.125	30.25	0.00048395125276543	0.772001307108766	0.642324462194529	-0.0321835255910788	1
13.375	30.25	0.00048402029839982	0.76566072601645	0.651097580338239	-0.0329682971963396	1
13.625	30.25	0.000484080855275234	0.771119052037785	0.643585385861458	-0.0340881924385815	1
13.875	30.25	0.000484125805249076	0.768603706345137	0.647344079926647	-0.0347251131198538	1
14.125	30.25	0.000484145770858669	0.779045238507806	0.635813223946234	-0.035989437137296	1
14.375	30.25	0.000484149791969729	0.780809677589104	0.635113485156693	-0.0370504153730483	1
14.625	30.25	0.000484164318697525	0.791378239556561	0.624569290127257	-0.0386534810704585	1
14.875	30.25	0.000484254272189926	0.79123484303444	0.626227283005263	-0.0405165463861197	1
15.125	30.25	0.000484512703327798	0.805904911822021	0.609574379224385	-0.0424131577148914	1
15.375	30.25	0.000485033207727299	0.801848038262708	0.617084277938556	-0.0450116308439133	1
15.625	30.25	0.000485839362437199	0.813079924684464	0.600278240511041	-0.047354929474613	1
15.875	30.25	0.000486782180459248	0.832150235364526	0.579645366164198	-0.0495575755995814	1
16.125	30.25	0.000487411525569732	0.794179035147288	0.62439338391103	-0.0535657349097142	1
16.375	30.25	0.000486951761162246	0.880919623258142	0.495831762415446	-0.0537693870499565	1
16.625	30.25	0.000484443615023681	0.80340922936638	0.621172545726751	-0.0586925926003792	1
16.875	30.25	0.000479214809365018	0.830043618185543	0.553888129867426	-0.0604436196844058	1
17.125	30.25	0.000471637689907602	0.978143061482386	-0.156414525697403	-0.057782641083337	1
17.375	30.25	0.000464351089816979	0.97474389050773	-0.174296930785961	-0.0562155517859005	1
17.625	30.25	0.000464351023772684	0.976081828667537	-0.133075752431932	-0.0531957987150916	1
17.875	30.25	0.00048206108861629	0.98141151785578	-0.0622079283912386	-0.0491128087654815	1
18.125	30.25	0.000525720005005348	0.972391175061446	-0.0811657964459743	-0.0451994041664646	1
18.375	30.25	0.000590235531097438	0.875406053572647	-0.432880115608016	-0.0374871807389538	1
18.625	30.25	0.000643543313200736	0.816255425116396	-0.571501339455653	-0.0342947210618934	1
18.875	30.25	0.00061699962341704	0.86551204867177	-0.509074989584325	-0.0359602606332364	1
19.125	30.25	0.000417131908823549	0.860761156603453	-0.516089131111345	-0.0367252126432591	1
19.375	30.25	-1.64660420491873e-05	0.837207547358904	-0.551024391450845	-0.0377135348577887	1
19.625	30.25	-0.000597354388961104	0.842594027055556	-0.551050493334278	-0.0376003070352885	1
19.875	30.25	-0.000949859608403844	0.740572536874184	-0.676345945126105	-0.0407105022877086	1
20.125	30.25	-0.000332592714887212	0.845372526539137	-0.532705245263755	-0.0383105982393189	1
20.375	30.25	0.00220272562757603	0.748910987624781	0.651951840806499	-0.0408574056679943	1
20.625	30.25	0.00712438415497728	0.107313256038428	0.988864739228419	-0.036952335142857	1
20.875	30.25	0.0143603420516505	0.801898192891654	0.571818762413121	-0.040223507874245	1
21.125	30.25	0.0237239434408908	0.277963285576582	0.935964274933426	-0.0375345820529096	1
21.375	30.25	0.0346241325383904	0.77086435272599	0.577736444541955	-0.0394540392829258	1
21.625	30.25	0.0470472262314187	0.492399828345318	0.819331665414433	-0.0372670299966444	1
21.875	30.25	0.0610121726904896	0.708170583423039	0.622471198111697	-0.0398806253981845	1
22.125	30.25	0.0781853213999522	0.783452395529863	-0.465184569332413	-0.038004499917909	1
22.375	30.25	0.101469625757938	0.799326427203163	0.408642471534253	-0.0354082889271843	1
22.625	30.25	0.130590754924249	0.728215075835086	0.486664491967926	-0.0365399808448394	1
22.875	30.25	0.166157293398377	0.798955236666008	0.258159539038427	-0.0372713690240984	1
23.125	30.25	0.209199660475248	0.689488083394088	0.389617596620588	-0.0388912209383397	1
23.375	30.25	0.259306360938731	0.729943044605559	0.133198298536456	-0.0364592753451732	1
23.625	30.25	0.314823666637739	0.595895931187727	0.341439768556145	-0.039001853651188	1
23.875	30.25	0.369766544333873	0.621359708149335	-0.0100354414790567	-0.0356863088933192	1
24.125	30.25	0.417880224411452	0.521034916861434	0.277117291246203	-0.0340385839414139	1
24.375	30.25	0.449586292197111	0.407117555959326	0.381530333436404	-0.0374131256558538	1
24.625	30.25	0.464117793183635	0.530790630643536	0.0804617201588666	-0.0353879857466154	1
24.875	30.25	0.472498042969536	0.486292935729311	0.227090833829848	-0.0364740300915289	1
25.125	30.25	0.476255317042591	0.408094446101142	-0.33881709006109	-0.0384708116964882	1
25.375	30.25	0.473818645112533	0.493049737084291	-0.177545670829795	-0.0401651640520267	1
25.625	30.25	0.462644872118948	0.469072768787808	-0.260497678708325	-0.037645052932988	1
25.875	30.25	0.444413277173044	0.491647701238548	-0.236116158598725	-0.0404439180355827	1
26.125	30.25	0.424985826166224	0.491680419457366	-0.228114989685528	-0.0330914980909571	1
26.375	30.25	0.406800516370445	0.485957956246619	-0.24944235442458	-0.0267242059123128	1
26.625	30.25	0.38985113648803	0.462372361919146	-0.320643927025098	-0.0135050403838763	1
26.875	30.25	0.370842405055003	0.490225200219522	-0.314376117996673	-0.00796896328671849	1
27.125	30.25	0.349111479342902	0.302775930004981	-0.523533718273352	0.00281168031350764	1
27.375	30.25	0.322015438787578	0.492268368147511	-0.37837195537812	0.00623033120804604	1
27.625	30.25	0.288630273682821	0.405718939160798	-0.522165187132041	0.0221380352314933	1
27.875	30.25	0.247940424510866	0.725563700417093	-0.00738176152673053	0.0239992270138579	1
28.125	30.25	0.203268043474137	0.582067389481268	-0.474142042029428	0.0343535197424811	1
28.375	30.25	0.162878828115019	0.608169695265188	-0.514712349292295	0.0405291121081021	1
28.625	30.25	0.135584475542196	0.683462536460191	-0.472950756745203	0.0482165162442937	1
28.875	30.25	0.129424418742453	0.484060390631816	-0.69280443182539	0.0522655153557393	1
29.125	30.25	0.147409804267471	0.836539061004473	0.198051872938223	0.0535585195239848	1
29.375	30.25	0.177846632892385	0.773462891447558	0.33102547062435	0.0509568497333753	1
29.625	30.25	0.21070724632968	0.687222523530213	0.43955159305106	0.0461242682880768	1
29.875	30.25	0.239620096625084	0.64307621608931	0.452214181197462	0.0399151676510865	1
30.125	30.25	0.261258723306344	0.664044268075945	0.374115156863089	0.0351445871692731	1
30.375	30.25	0.27444072856954	0.673992688607803	0.350194631716405	0.0286707325492466	1
30.625	30.25	0.27826161607259	0.65513554494416	0.370930946057251	0.0183364947361326	1
30.875	30.25	0.271321280968926	0.680822330298523	0.312886970563014	0.0123661331933857	1
31.125	30.25	0.253581200350324	0.605133261548606	-0.452154891027617	0.0104326216744887	1
31.375	30.25	0.229254388223715	0.56943311086146	-0.543296261319342	0.00608350529395029	1
31.625	30.25	0.202499557881729	0.620957737282281	-0.553934837945396	0.00506070407901226	1
31.875	30.25	0.176941168270387	0.443616784617816	-0.722409610722427	-0.00811849427847869	1
32.125	30.25	0.15506957187859	0.724959326521081	-0.415222788270045	-0.00183523267814241	1
32.375	30.25	0.13431520212229	0.679051547508975	-0.568924037955197	9.62654785008109e-05	1
32.625	30.25	0.114219058748617	0.789740567409403	-0.470167743801186	-0.0085803782209004	1
32.875	30.25	0.0953107471013067	0.789736145023532	-0.4907740209805	-0.0129748212749722	1
33.125	30.25	0.0778608770793499	0.804221486266031	-0.50473855134196	-0.0182595902334107	1
33.375	30.25	0.062087180658053	0.794499428530821	-0.556662556510762	-0.0242444804192754	1
33.625	30.25	0.0481852998455287	0.795820911505223	-0.581584677264562	-0.0314001396090243	1
33.875	30.25	0.0362856091530768	0.781882562666193	-0.619572650793522	-0.0382615195062999	1
34.125	30.25	0.0264249536629175	0.775257183619903	-0.640406273908692	-0.0452440412940464	1
34.375	30.25	0.0185187958472373	0.763965786105627	-0.661773226450521	-0.0515572589437398	1
34.625	30.25	0.0123839205977483	0.756776602023234	-0.674155216955659	-0.0574559131630491	1
34.875	30.25	0.00778318075562906	0.747400662452833	-0.687083409747347	-0.0626952136440611	1
35.125	30.25	0.00446819933159375	0.737819002229598	-0.698064968574156	-0.0675490013459863	1
35.375	30.25	0.00220309554233072	0.732021099035541	-0.704119773354559	-0.0717738331131214	1
35.625	30.25	0.00077273219287097	0.724185886531276	-0.712496439646345	-0.0759777103515615	1
35.875	30.25	-1.57972058501658e-05	0.718435353963767	-0.712669527248752	-0.0798681441076282	1
36.125	30.25	-0.000360776819260661	0.736737899320439	-0.686205686985642	-0.0824522947222233	1
36.375	30.25	-0.000437748773321461	0.738272654904939	-0.676664363308899	-0.08470016738587	1
36.625	30.25	-0.000375229745720172	0.779688785828722	-0.62991842481565	-0.085789336504522	1
36.875	30.25	-0.000261310811156378	0.747521474773304	-0.658846301949228	-0.0883665279635356	1
37.125	30.25	-0.000150981357914735	0.842188422943857	-0.54606774828284	-0.0883258056987023	1
37.375	30.25	-8.14167036777752e-05	0.692772172468281	-0.710985303457696	-0.0928458703031713	1
0.125	30.75	0.00048657577700731	0.786115283511472	0.622073643368989	-0.0440527694359831	1
0.375	30.75	0.000486554186976415	0.696647491009877	-0.710684927214932	-0.0450578293340729	1
0.625	30.75	0.000486516554291046	0.718866073565721	-0.695003211120428	-0.0425227441071921	1
0.875	30.75	0.000486472084740853	0.76856849520437	-0.637510704554169	-0.0449432609858453	1
1.125	30.75	0.000486438847579697	0.77927222390878	-0.629067333676682	-0.0424318303630892	1
1.375	30.75	0.000486417941723102	0.825683310959093	-0.562471507962102	-0.0455978922289167	1
1.625	30.75	0.000486434111706007	0.924333620844289	0.384871622903625	-0.0425421994317502	1
1.875	30.75	0.000486453624039756	0.854301046972911	0.529343517268778	-0.0466954385176477	1
2.125	30.75	0.000486479410587385	0.725018551326862	0.691241536561958	-0.044950146222114	1
2.375	30.75	0.000486506533809156	0.686308623720985	0.733487826464782	-0.0478779144016731	1
2.625	30.75	0.00048652714324289	0.46707886481977	0.89450805513682	-0.0463131420208002	1
2.875	30.75	0.000486547043603369	0.5986362612561	0.814369928769549	-0.0499814182859782	1
3.125	30.75	0.000486571185500211	0.580752106130335	0.821330955811256	-0.049936593811301	1
3.375	30.75	0.000486593142882659	0.630607295830785	0.784389854573638	-0.051471376857655	1
3.625	30.75	0.000486620708838793	0.669245125012797	0.748460165035341	-0.0519703320283083	1
3.875	30.75	0.000486649325466796	0.691337272115516	0.727745876214571	-0.0527281682088373	1
4.125	30.75	0.000486685447621932	0.741048278446283	0.676808612879049	-0.0531504699851713	1
4.375	30.75	0.000486725945956596	0.741918459249856	0.675043051657425	-0.0541936489515256	1
4.625	30.75	0.000486780378190371	0.795623761658657	0.61329352663922	-0.0542552634714804	1
4.875	30.75	0.00048684183428475	0.760013599751622	0.654267044749572	-0.0563973223467603	1
5.125	30.75	0.000486917617886703	0.841481931859062	0.550953129608001	-0.05538404270122	1
5.375	30.75	0.000486993245203327	0.722405383862035	0.69310056779283	-0.0594149605953765	1
5.625	30.75	0.000487050722512171	0.904495059750183	0.442092139808156	-0.0557800282255163	1
5.875	30.75	0.000487076346629014	0.599427950132005	0.801167224422931	-0.0630194123244411	1
6.125	30.75	0.000487022501937183	0.98000642349178	0.125203311788671	-0.0558385458872587	1
6.375	30.75	0.000486930056449942	0.815431155787978	-0.591045972159714	-0.0571713426617368	1
6.625	30.75	0.000486847464001325	0.972708168069971	-0.234681506094279	-0.0590175923187208	1
6.875	30.75	0.000486732301293185	0.779131951415844	-0.627088254793023	-0.0577020327531247	1
7.125	30.75	0.000486615643587905	0.928828265170892	-0.356174740291172	-0.0590642391557407	1
7.375	30.75	0.000486474423216681	0.744095296963034	-0.658368955675495	-0.0557830302445436	1
7.625	30.75	0.000486332898706342	0.881768959581372	-0.452679442120158	-0.0566279938090008	1
7.875	30.75	0.000486179054027621	0.736555170634857	-0.660690893366888	-0.0526431828855724	1
8.125	30.75	0.000486024662077748	0.842810090306192	-0.517203687591317	-0.0526575363230161	1
8.375	30.75	0.0004858664764032	0.76126979341196	-0.627550113272747	-0.0487446679590923	1
8.625	30.75	0.000485701538942007	0.84166129100596	-0.516855816047917	-0.0474749692641801	1
8.875	30.75	0.00048553437461895	0.812823371590668	-0.559998451457373	-0.0443180292740182	1
9.125	30.75	0.000485354489893196	0.860066361533105	-0.491195892492521	-0.0423843166954658	1
9.375	30.75	0.000485168228355366	0.834342966293595	-0.537514532317688	-0.0408556129135346	1
9.625	30.75	0.000484970029614931	0.845467250407325	-0.522427554643878	-0.0395500095973903	1
9.875	30.75	0.000484764179102302	0.825528831113759	-0.557420695631245	-0.0386694561058455	1
10.125	30.75	0.000484552067841798	0.785904350413138	-0.608606693094146	-0.0382445973765343	1
10.375	30.75	0.000484330935017796	0.827378418000515	-0.556400932750257	-0.0365113002468549	1
10.625	30.75	0.000484111735656245	0.671943275591571	-0.731927724180031	-0.0373557814714161	1
10.875	30.75	0.000483892153573026	0.864506128203122	-0.498089131122253	-0.0343409532353814	1
11.125	30.75	0.000483696481922112	0.499987344933449	-0.859537352405092	-0.0367286919787203	1
11.375	30.75	0.000483539058387244	0.930870752197418	-0.360254957985636	-0.0325927341063661	1
11.625	30.75	0.000483449849886724	0.298960203678382	-0.95315142346213	-0.0362212866630508	1
11.875	30.75	0.000483422322280339	0.969110968663735	-0.161699598920613	-0.0319571729582407	1
12.125	30.75	0.000483433463999213	0.676147076668431	0.740360815277848	-0.0277251902605837	1
12.375	30.75	0.000483476677700806	0.862085168962518	0.523847862974791	-0.0329866214077662	1
12.625	30.75	0.000483525071109853	0.721973529708558	0.696415353059111	-0.031568344817896	1
12.875	30.75	0.000483584168451757	0.787202493669284	0.626445715058879	-0.0339417327074668	1
13.125	30.75	0.000483649858101961	0.754076641360221	0.660861120743541	-0.033952679538476	1
13.375	30.75	0.000483718155614206	0.773125176664625	0.640925134360562	-0.0348825971822687	1
13.625	30.75	0.000483781850001842	0.776128715950989	0.636748798561577	-0.0356215149906342	1
13.875	30.75	0.000483832325079516	0.783354799660335	0.630543875797984	-0.0365093558394916	1
14.125	30.75	0.000483858059058814	0.790444214820798	0.623655489110549	-0.0379603337067859	1
14.375	30.75	0.000483861343698373	0.795656257755361	0.619420826182314	-0.0394313883801008	1
14.625	30.75	0.00048385763554227	0.801135643649333	0.614939255739023	-0.0414897693194184	1
14.875	30.75	0.000483896473175939	0.80324174129056	0.612728131709406	-0.0436531674365656	1
15.125	30.75	0.000484056393676038	0.816275877931298	0.597906629050262	-0.0458055276575031	1
15.375	30.75	0.000484428564771306	0.805117125351114	0.611938906058181	-0.0487643575656641	1
15.625	30.75	0.000485077118034671	0.833706386516076	0.571564298455809	-0.0505071372845068	1
15.875	30.75	0.000485951492408504	0.821506953588467	0.593119335832313	-0.0535761795426603	1
16.125	30.75	0.000486790518757366	0.815265426913102	0.589939780761868	-0.0562299520112045	1
16.375	30.75	0.000487073704705699	0.894318265618114	0.476850383049535	-0.0563244869636077	1
16.625	30.75	0.000486041447023865	0.746318309880154	0.67761580781552	-0.0626772820934303	1
16.875	30.75	0.000482911578719907	0.93014571982199	0.349160881115405	-0.0596120878171348	1
17.125	30.75	0.000477312478997552	0.965627405357486	-0.241289204554508	-0.0596440322727044	1
17.375	30.75	0.000470331450361275	0.969250124050609	-0.202446200140739	-0.0577085667831942	1
17.625	30.75	0.000466375136117083	0.975344554662376	-0.147069382903472	-0.0551060428079077	1
17.875	30.75	0.000473281722249995	0.976189411317189	-0.121602291876059	-0.0512417126631748	1
18.125	30.75	0.000499417191193054	0.970500031917325	-0.167104554074209	-0.047322403918381	1
18.375	30.75	0.000546680817496081	0.93433670210322	-0.304230437171139	-0.044032277568021	1
18.625	30.75	0.000600512638121076	0.824641256048356	-0.548278314227266	-0.0394509163067294	1
18.875	30.75	0.000620895833850979	0.824327332684618	-0.57152283423468	-0.0396328935039174	1
19.125	30.75	0.000543108243604708	0.871007081989975	-0.49895840196039	-0.0412805710232194	1
19.375	30.75	0.000305530861849745	0.888746715401946	-0.462512978285162	-0.042063010043112	1
19.625	30.75	-8.43597540403915e-05	0.890874813429471	-0.45371878492449	-0.0423079677213193	1
19.875	30.75	-0.000458850896552134	0.88197897930814	-0.468035465066841	-0.0420903557796331	1
20.125	30.75	-0.000435558488724933	0.797037019052633	-0.593783840501592	-0.0411771940752762	1
20.375	30.75	0.000494029610611809	0.520816941609417	0.84358986950212	-0.0393900817980468	1
20.625	30.75	0.00264366347012264	0.679042854542809	0.737972643409138	-0.0386015935725285	1
20.875	30.75	0.00615285317634054	0.735873840072019	0.661216813017873	-0.0410679688301047	1
21.125	30.75	0.0109712658069124	0.657361638127036	0.740737656276884	-0.0367026651619672	1
21.375	30.75	0.0169787552336264	0.817449333746828	0.552948001381179	-0.0407115947565791	1
21.625	30.75	0.024385671279773	0.690939868210874	0.688249036781895	-0.0384974213756464	1
21.875	30.75	0.0336364948371014	0.890375322477889	0.395612165722163	-0.0394176128896488	1
22.125	30.75	0.0460535894157147	0.665550600794928	0.687238756813944	-0.0423287647698143	1
22.375	30.75	0.0625570930623835	0.369291980256992	0.867085792290014	-0.0402144139943471	1
22.625	30.75	0.0829851796323787	0.541128667402565	0.747631685371404	-0.0432897550075738	1
22.875	30.75	0.108292844066217	0.423418252432239	0.785773136213968	-0.0429591071135507	1
23.125	30.75	0.139315542659881	0.459149214527139	0.728829070157054	-0.043912973194965	1
23.375	30.75	0.176117170853851	0.463369048580457	0.685767437769523	-0.0443912556014645	1
23.625	30.75	0.216864516288355	0.389372817884799	0.682559772524204	-0.0459518448350318	1
23.875	30.75	0.256177133899699	0.522394344170591	0.547332396305506	-0.0469604231822833	1
24.125	30.75	0.287157395985372	0.232283901066636	0.686261755602377	-0.0512537939304115	1
24.375	30.75	0.3020985903057	0.600907607885515	0.362277147417663	-0.051027583351775	1
24.625	30.75	0.302681870287929	0.304269298357865	-0.613088129708646	-0.0517125210791106	1
24.875	30.75	0.30166450100163	0.649793035093869	-0.221276119789401	-0.0494509698360617	1
25.125	30.75	0.300940919445763	0.642024427843008	0.280935208966825	-0.046355353012605	1
25.375	30.75	0.298333512812169	0.669079430271598	0.237868962096028	-0.0490764154838583	1
25.625	30.75	0.290723086269263	0.670639089639923	0.223963557424918	-0.0498912219923266	1
25.875	30.75	0.279042381203982	0.689693836316982	-0.109947464267436	-0.0470072368837702	1
26.125	30.75	0.268173936401957	0.685480560884284	-0.119877022929233	-0.038551735081109	1
26.375	30.75	0.260505567229822	0.709863157699926	0.00163124417995017	-0.0293538587907849	1
26.625	30.75	0.255075667443849	0.680769247443631	0.260140874448007	-0.0238735672867102	1
26.875	30.75	0.24847897624198	0.717973145256778	0.182103751656856	-0.0192754468417732	1
27.125	30.75	0.238734776650603	0.676720527780244	0.309520477925241	-0.0173720905486017	1
27.375	30.75	0.223951024279582	0.714292522887784	0.0107627717742391	-0.00709792708096715	1
27.625	30.75	0.20356150311428	0.71824147408691	-0.0745399850387267	0.0131072688185683	1
27.875	30.75	0.177481203169686	0.607656432291823	-0.498449379732297	0.0284867642209515	1
28.125	30.75	0.147009187976178	0.745711947966099	-0.378781321991519	0.0296381183024695	1
28.375	30.75	0.116384695244999	0.589782853284631	-0.614691182889683	0.033550178564931	1
28.625	30.75	0.0913107460128352	0.809127351799045	-0.366081229008842	0.0417690308850242	1
28.875	30.75	0.0769571145819149	0.472384553059618	-0.763133613296565	0.0404546021224226	1
29.125	30.75	0.078009609423584	0.908734493528945	-0.0798450272754596	0.0487790078469276	1
29.375	30.75	0.0908901638134972	0.766256305656532	0.540430741453127	0.0449325164723663	1
29.625	30.75	0.109154460376057	0.841107796727271	0.366447560257664	0.0369299295943572	1
29.875	30.75	0.129145649239151	0.862937236038615	0.20351269175032	0.0346483851467156	1
30.125	30.75	0.148242843047103	0.864247415724767	0.108562883716161	0.0313541557557603	1
30.375	30.75	0.16402235527406	0.857823940978218	0.0381205075496228	0.0267703654906442	1
30.625	30.75	0.17352884509644	0.852452733299688	-0.0237040806699528	0.0212763724778868	1
30.875	30.75	0.173554895994947	0.864402612619186	0.0254613043140504	0.0145174690634759	1
31.125	30.75	0.162529528100811	0.861452070479112	-0.0340076145143891	0.00349685510456622	1
31.375	30.75	0.144024048858664	0.773389690834795	-0.35679293123991	0.00341603649407674	1
31.625	30.75	0.122861263340813	0.78685069434193	-0.417892855725635	0.00618088902320423	1
31.875	30.75	0.102601344149215	0.690713606110642	-0.615757546482978	-0.00265850620186844	1
32.125	30.75	0.0859229681130815	0.792732664969785	-0.449350157178935	-0.00534495457483791	1
32.375	30.75	0.0713638676235408	0.859354845360993	-0.315121100348952	0.00110993454285361	1
32.625	30.75	0.0581245807806856	0.744492626994532	-0.601351595154084	0.00279198010728051	1
32.875	30.75	0.0464462638590276	0.791709476568061	-0.576488064751555	-0.00467150980196872	1
33.125	30.75	0.0362326128258615	0.774884480168968	-0.612232537693161	-0.00877187735924763	1
33.375	30.75	0.0274364810305618	0.775623570460631	-0.630732469141847	-0.014362255991468	1
33.625	30.75	0.0200450938679162	0.769059162035598	-0.653341105863119	-0.0200533190900843	1
33.875	30.75	0.0140109265871398	0.764685362980046	-0.670135566247586	-0.0262118423336117	1
34.125	30.75	0.00925728912032727	0.756253901635945	-0.688567104863197	-0.0324394540195901	1
34.375	30.75	0.00566219408116514	0.750648891549638	-0.700750823315879	-0.0389329662050763	1
34.625	30.75	0.00306791536646291	0.745533632576987	-0.709493764756048	-0.0454202096509514	1
34.875	30.75	0.0012975766406948	0.743244147040636	-0.71276294855019	-0.051879094413598	1
35.125	30.75	0.000176146977830781	0.741182142628221	-0.71366789604108	-0.0581338031371927	1
35.375	30.75	-0.000454848312543078	0.740131541538403	-0.711728717493451	-0.0639988187343212	1
35.625	30.75	-0.000730484107310646	0.739987670608803	-0.709139088127168	-0.0694085482814348	1
35.875	30.75	-0.000760801152203336	0.732880899095716	-0.711968650955994	-0.0746774002092338	1
36.125	30.75	-0.000637554645351369	0.741822516745331	-0.698459276770626	-0.0789356455988499	1
36.375	30.75	-0.000435018228991871	0.731380477171528	-0.701612841328216	-0.0835481710174629	1
36.625	30.75	-0.000208541217568326	0.775085341898414	-0.652494295377132	-0.0860699672756754	1
36.875	30.75	2.56148020338702e-06	0.723333250196465	-0.694818915918861	-0.0914910828785634	1
37.125	30.75	0.00016802692795499	0.87035236790979	-0.517444037905751	-0.0900991237161977	1
37.375	30.75	0.000264796462462523	0.634375051655955	-0.765689110879881	-0.100221274084536	1
0.125	31.25	0.000486545404651042	0.758852333545331	0.664614605615414	-0.0516442858510561	1
0.375	31.25	0.000486521300848485	0.795668896614784	-0.590170163866155	-0.0548645806647858	1
0.625	31.25	0.000486468575945468	0.734954856770928	-0.659603432168693	-0.0484905862643629	1
0.875	31.25	0.000486412498237845	0.730587511763254	-0.666593298192615	-0.049683358153899	1
1.125	31.25	0.000486354221762446	0.773964728361317	-0.619580931566803	-0.0447219547581223	1
1.375	31.25	0.000486318484144252	0.643172721578765	-0.757275860558515	-0.0458277842291599	1
1.625	31.25	0.000486327590470708	0.812256676799448	-0.579653877273373	-0.042968803096819	1
1.875	31.25	0.00048633761210969	0.975867858886763	0.179389255722428	-0.0449586644902946	1
2.125	31.25	0.000486355690798643	0.945845716356696	0.277855277543164	-0.0394020006047147	1
2.375	31.25	0.000486364763174349	0.8998860395592	0.434873933732861	-0.0378385696894822	1
2.625	31.25	0.000486367326972537	0.914115521428583	0.423297149258986	-0.0389727506268897	1
2.875	31.25	0.000486378554350014	0.910751136197817	0.430188253081903	-0.0410073555298956	1
3.125	31.25	0.000486402587575943	0.888447806284893	0.478251435934579	-0.0423913497609152	1
3.375	31.25	0.000486427231080085	0.882162908574669	0.490495447727816	-0.0450065760550946	1
3.625	31.25	0.000486460329533892	0.861736269276284	0.525603971007184	-0.0467699348275952	1
3.875	31.25	0.000486492767820225	0.843488972577053	0.554539922209024	-0.0492977775664324	1
4.125	31.25	0.000486531632288477	0.83661860462481	0.564838540197221	-0.0510913445032455	1
4.375	31.25	0.000486571419679608	0.799805712672627	0.613824817562726	-0.0536904588317152	1
4.625	31.25	0.000486622371490242	0.816818035439094	0.591680973075176	-0.0546607721165819	1
4.875	31.25	0.000486677301955845	0.746584510791832	0.673938278173	-0.0577349268427683	1
5.125	31.25	0.000486741669293332	0.814449571892268	0.59218117627892	-0.0569140483762867	1
5.375	31.25	0.00048680468078753	0.674693450249897	0.74246427704581	-0.0610426015205772	1
5.625	31.25	0.000486840582643061	0.8532869911559	0.535233864285818	-0.0579195556075718	1
5.875	31.25	0.00048684700245715	0.557418131965676	0.831522172098347	-0.0644010143532677	1
6.125	31.25	0.000486781676399373	0.948107118071765	-0.252317806739823	-0.0579930517012627	1
6.375	31.25	0.00048668760742899	0.761099775751046	-0.648185119569422	-0.0554937331935382	1
6.625	31.25	0.000486598319195654	0.990020479077193	-0.139601605649364	-0.0584913519272643	1
6.875	31.25	0.00048648097123442	0.78292369439456	-0.626953143414199	-0.0557083883651684	1
7.125	31.25	0.000486362808266136	0.969231455190911	-0.24830584232639	-0.0596928043387873	1
7.375	31.25	0.000486217630333182	0.768477102620226	-0.636464673264042	-0.0563872525603702	1
7.625	31.25	0.000486071533811998	0.920550217129955	-0.379694042620719	-0.0587661793998386	1
7.875	31.25	0.000485906164186448	0.764964559722227	-0.632546720769331	-0.0550964132506916	1
8.125	31.25	0.000485740895048769	0.86702112128482	-0.4818699498552	-0.0558713635775162	1
8.375	31.25	0.000485568912422893	0.772205233209036	-0.616846073360403	-0.0523712018412545	1
8.625	31.25	0.000485394844703407	0.832125612782743	-0.533553464553571	-0.0513196810060667	1
8.875	31.25	0.000485221127606957	0.797274158726864	-0.580133524327149	-0.04825412816241	1
9.125	31.25	0.000485042891164538	0.838047008701666	-0.521410478958946	-0.0458735191248029	1
9.375	31.25	0.000484862320679684	0.833729974512202	-0.531159845636202	-0.0433986026028203	1
9.625	31.25	0.000484674127967189	0.840419353740563	-0.522997898812213	-0.0415162732627687	1
9.875	31.25	0.0004844785329611	0.856958087352258	-0.504411892616542	-0.0395875408020527	1
10.125	31.25	0.000484278587108131	0.789948065787789	-0.601847701577351	-0.0396271295383518	1
10.375	31.25	0.000484070533162806	0.883289875275967	-0.463516223218034	-0.0370440902750207	1
10.625	31.25	0.000483865969880699	0.677956336135348	-0.727543315409482	-0.0390595539363685	1
10.875	31.25	0.000483661315691318	0.923661266757937	-0.376466371078732	-0.0350706914064209	1
11.125	31.25	0.000483476787886442	0.526366633647839	-0.845603783506003	-0.0383657400282369	1
11.375	31.25	0.000483321343101277	0.955378227940203	-0.269623189333158	-0.0337341375718984	1
11.625	31.25	0.000483224094637194	0.443466774300567	-0.897581433916759	-0.0351933440619248	1
11.875	31.25	0.000483183424675234	0.899015945235857	-0.415359234009754	-0.0340061667051468	1
12.125	31.25	0.00048318995657849	0.639410889206399	0.775883249376364	-0.0308091056856566	1
12.375	31.25	0.000483226089626387	0.850023325909183	0.53546801598137	-0.0355689740596461	1
12.625	31.25	0.000483265944418303	0.696475854015859	0.719050209155619	-0.0328301726320571	1
12.875	31.25	0.000483318382257253	0.806910690862434	0.597522857296835	-0.0356477711635775	1
13.125	31.25	0.000483379928883575	0.757312824826307	0.655590920685903	-0.034678225461286	1
13.375	31.25	0.000483443854222511	0.795606926436881	0.614387281020964	-0.0362484830487749	1
13.625	31.25	0.000483507471048068	0.788055313652737	0.62442677708504	-0.0369894994590064	1
13.875	31.25	0.000483559038211162	0.798679651613826	0.614991751536637	-0.0385846375415891	1
14.125	31.25	0.000483588623106314	0.799466910304387	0.615398164680673	-0.040430198719968	1
14.375	31.25	0.000483592864465174	0.80594593452769	0.609120761026155	-0.0423580013893819	1
14.625	31.25	0.000483577577426391	0.805645147844613	0.610543441385154	-0.0447904326425327	1
14.875	31.25	0.000483577236899582	0.813532435746768	0.599665285090367	-0.0469320936385384	1
15.125	31.25	0.000483650770403386	0.818888977628139	0.59450288580421	-0.0493518279136774	1
15.375	31.25	0.000483881632105451	0.81124805090228	0.600876738035971	-0.0520798252363252	1
15.625	31.25	0.000484355957288842	0.848104914346195	0.550793952913824	-0.0533822794372365	1
15.875	31.25	0.000485094696254361	0.801350414733427	0.614907757100455	-0.0572360915217371	1
16.125	31.25	0.000485992913387857	0.857315624410874	0.523617812879329	-0.0575878853827845	1
16.375	31.25	0.000486749505928808	0.861616684994813	0.535490064547105	-0.059479074920584	1
16.625	31.25	0.000486797393418497	0.748129785002906	0.663331263135628	-0.0642100441833144	1
16.875	31.25	0.000485393676393869	0.989923734465825	0.0437030963573056	-0.0594773465601996	1
17.125	31.25	0.000481817373526374	0.976498669934522	-0.206017110025742	-0.0598673181651674	1
17.375	31.25	0.000476124282049143	0.971411572660864	-0.199712136683269	-0.0587663952907235	1
17.625	31.25	0.000470519267965319	0.977382162626053	-0.13608714091745	-0.0560620428358678	1
17.875	31.25	0.000470097893119093	0.983794380694535	-0.0520355695886579	-0.052509971632852	1
18.125	31.25	0.00048190362045073	0.981986456436593	-0.00896275633748148	-0.0489323552561922	1
18.375	31.25	0.000511245714702153	0.973425622344188	-0.084760456343247	-0.0437458042204565	1
18.625	31.25	0.000555161605699435	0.912943292489373	-0.357520349744917	-0.0378635210850475	1
18.875	31.25	0.00059496365441092	0.823296094034424	-0.559986820538661	-0.0345485700174977	1
19.125	31.25	0.000591507155880269	0.808522176048679	-0.594346188396042	-0.0360197845177983	1
19.375	31.25	0.000493396967237332	0.837940895234619	-0.553075504979553	-0.0366677110035615	1
19.625	31.25	0.000267039155618889	0.872868081237335	-0.504982269555844	-0.0382392757582086	1
19.875	31.25	-5.23055104472645e-05	0.886890080635911	-0.478230264917142	-0.0407256829426379	1
20.125	31.25	-0.000312855649313495	0.966531265764332	0.202677262814592	-0.0419937644461838	1
20.375	31.25	-0.000246267953516853	0.418141901360824	0.90503807465	-0.034324495455079	1
20.625	31.25	0.00037667277162733	0.870183840981965	0.506372473791663	-0.0412929819129376	1
20.875	31.25	0.00171790905638693	0.671305059064976	0.732184111100689	-0.0376209057368082	1
21.125	31.25	0.00382367570662952	0.772303543619372	0.643057692610117	-0.0396648747902512	1
21.375	31.25	0.00677320046063557	0.781375232542283	0.609309103889336	-0.0413327858901754	1
21.625	31.25	0.0107155281289772	0.763610222508099	0.633497042964659	-0.038887257421085	1
21.875	31.25	0.015906635786013	0.75762419922807	0.631947427685297	-0.0425591679241124	1
22.125	31.25	0.0228113570249736	0.710647460074188	0.661966393471361	-0.0404102361509863	1
22.375	31.25	0.0317675746680373	0.761489442150337	0.598030475290815	-0.0401300716021391	1
22.625	31.25	0.0432484810972499	0.831907642524567	0.461933880608111	-0.0404659381022599	1
22.875	31.25	0.0581740859044574	0.83078051191528	0.435293877845636	-0.0377941531145713	1
23.125	31.25	0.0773358313876788	0.850278863253918	0.362842435946044	-0.0383725670727638	1
23.375	31.25	0.100977531071968	0.845017109171515	0.315691629900439	-0.0384111083328668	1
23.625	31.25	0.127609068642226	0.829510017222152	0.301144690961471	-0.0394329751889366	1
23.875	31.25	0.152994280561293	0.793473821946561	0.323419786597096	-0.0426887005528875	1
24.125	31.25	0.171175875170592	0.780634567389253	0.27529472102442	-0.0432012456394272	1
24.375	31.25	0.176846600349616	0.781002892578236	0.299345554536089	-0.0404559802566401	1
24.625	31.25	0.172192851174299	0.833101971432498	0.0803657799327703	-0.0487583401083701	1
24.875	31.25	0.166441340137421	0.7355432594165	-0.357079292676188	-0.0448522591755939	1
25.125	31.25	0.163390672358503	0.738626519908832	-0.378821370831987	-0.0415490345669132	1
25.375	31.25	0.160992632006445	0.823110497481459	-0.15474828810668	-0.0426762072281239	1
25.625	31.25	0.156444912921607	0.814086780765592	-0.22053873129847	-0.0407458993122614	1
25.875	31.25	0.149924421192873	0.821088648537621	-0.198300680065025	-0.0426226730445269	1
26.125	31.25	0.144264553513974	0.789930278543903	-0.257981426149637	-0.0382299865754735	1
26.375	31.25	0.141314693790152	0.774504347745967	-0.279096310113615	-0.0308983282795599	1
26.625	31.25	0.140505440971291	0.776583094439191	-0.282764880962778	-0.0215044468272733	1
26.875	31.25	0.139433458539634	0.77052368720398	-0.317161909884827	-0.0154053715969608	1
27.125	31.25	0.136547640705735	0.748584703431443	-0.390272656327453	-0.0092400696240462	1
27.375	31.25	0.130435953869898	0.763731591810599	-0.368128231158076	-0.00698317983703507	1
27.625	31.25	0.120865480327983	0.764736091418225	-0.360701210011839	0.000239928164012692	1
27.875	31.25	0.107606627295032	0.802785097838679	-0.266854404445486	0.00701580998843088	1
28.125	31.25	0.0914232360772768	0.777490206375849	-0.403897574196132	0.0204312577294067	1
28.375	31.25	0.0738579853019397	0.655113130660242	-0.612036828842699	0.0203353537733867	1
28.625	31.25	0.0580265709036386	0.827126464441201	-0.387815840180289	0.031167434524934	1
28.875	31.25	0.0463252706001141	0.585694791302094	-0.727909124720996	0.0309901804283591	1
29.125	31.25	0.042243929019745	0.771364651922889	-0.527466765187459	0.0377825552093328	1
29.375	31.25	0.0455240007947527	0.859657829257683	0.453103449146922	0.0373285801395565	1
29.625	31.25	0.0529232497502891	0.913733592370044	0.325494058754939	0.0319966456527106	1
29.875	31.25	0.0627546513850811	0.88841635365963	0.370263870316398	0.0275005416390022	1
30.125	31.25	0.0736210512050784	0.885990348390265	0.358146285766235	0.0212028797170243	1
30.375	31.25	0.0839407159831627	0.887116008990689	0.333759832680788	0.0144533969215208	1
30.625	31.25	0.0915433940578163	0.886379242335472	0.301485237823398	0.00673942347007062	1
30.875	31.25	0.0939008596661095	0.907384754684194	0.165222050346398	0.00245041567379836	1
31.125	31.25	0.0894075265831234	0.903455556322631	-0.153786987307535	0.000856724476723486	1
31.375	31.25	0.0792165753000619	0.83849706755205	-0.348458589222369	-3.26690359925734e-05	1
31.625	31.25	0.0662516622617562	0.777208215180342	-0.494711104998978	0.00586965541164419	1
31.875	31.25	0.0532662217923779	0.700554812353369	-0.655191196163785	0.00447659189953348	1
32.125	31.25	0.0424967287902661	0.714362276685102	-0.65700124089288	-0.000791674873485996	1
32.375	31.25	0.033844326655507	0.821131687453947	-0.511956878672309	-0.00100136505862867	1
32.625	31.25	0.026484877599382	0.86722419803705	-0.443657636428754	-0.00104128846051371	1
32.875	31.25	0.0202935391679547	0.856472523873035	-0.492762915700966	-0.00149351763131984	1
33.125	31.25	0.0151374071046619	0.858821769773416	-0.513190542807082	-0.0049144942962411	1
33.375	31.25	0.0109164361542938	0.846910952472735	-0.547817487372004	-0.00890142061122694	1
33.625	31.25	0.00754937705001066	0.83542115334407	-0.576457580370488	-0.0138154430476729	1
33.875	31.25	0.00495213243771248	0.820544359248179	-0.605070024043015	-0.0190555327299808	1
34.125	31.25	0.00303265165474074	0.805607196621049	-0.630460748313466	-0.0245789992824634	1
34.375	31.25	0.00168992117163451	0.790070381527664	-0.654254657441108	-0.030287237527502	1
34.625	31.25	0.000816073098535816	0.776402348888808	-0.673738117577237	-0.0362486014339534	1
34.875	31.25	0.00030263922173923	0.76523228949815	-0.688496199737179	-0.0424061400523208	1
35.125	31.25	4.85867913686155e-05	0.75732388841896	-0.69793627859159	-0.0487030816336003	1
35.375	31.25	-3.28299428910292e-05	0.751533001449412	-0.703141947049149	-0.0549952767063323	1
35.625	31.25	-1.04508805526183e-05	0.750036813466384	-0.703230116589141	-0.0610098744519016	1
35.875	31.25	6.51285980763832e-05	0.743031359278216	-0.707628040675469	-0.0670392575301395	1
36.125	31.25	0.000158746254546194	0.749633802260267	-0.698828222568638	-0.0722426440169429	1
36.375	31.25	0.000248767732215443	0.73119668496258	-0.71221097469518	-0.0781725819193232	1
36.625	31.25	0.00032323454713381	0.774998486047681	-0.667663750971723	-0.0816198264659899	1
36.875	31.25	0.000379381434626321	0.697483029884304	-0.734226423360968	-0.0897322594549871	1
37.125	31.25	0.000415916912294211	0.882142377339999	-0.522734906194923	-0.0882691942310639	1
37.375	31.25	0.000436180088004799	0.594256747536801	-0.803728070950283	-0.103801325594732	1
0.125	31.75	0.000486445979407564	0.720385521730336	0.69527971753972	-0.050606991714918	1
0.375	31.75	0.000486408988852358	0.86705703427033	-0.489799090672202	-0.0512148895953165	1
0.625	31.75	0.000486348099512295	0.746365476153789	-0.667239788092746	-0.0492449882328455	1
0.875	31.75	0.000486287342353764	0.789951783875712	-0.599421626553065	-0.0522172461838585	1
1.125	31.75	0.000486208905090959	0.838554098476687	-0.536493853126482	-0.0460830330028427	1
1.375	31.75	0.000486157485654204	0.806767942349946	-0.577292600517863	-0.0503008501244049	1
1.625	31.75	0.000486145241821606	0.920452718708111	-0.362374594772678	-0.0429897413995959	1
1.875	31.75	0.000486163755731497	0.939952169886968	0.35089716941199	-0.0449293417834247	1
2.125	31.75	0.000486202938815056	0.671573377966519	0.758849753462423	-0.0445534075958544	1
2.375	31.75	0.000486226646485767	0.721386579671806	0.718386734751726	-0.0492163569937762	1
2.625	31.75	0.000486253424551623	0.623958444246851	0.798707779219098	-0.0510453072226993	1
2.875	31.75	0.000486281818130154	0.626724417209102	0.79486227708861	-0.0535228821271853	1
3.125	31.75	0.000486310409516167	0.634231332179744	0.783078020210613	-0.0549791686432866	1
3.375	31.75	0.000486335898760251	0.632126432382845	0.782564191914032	-0.0559926673655957	1
3.625	31.75	0.000486362585592849	0.665994866481658	0.752578596275759	-0.0568770551675578	1
3.875	31.75	0.000486387434130661	0.675056567350515	0.742312220338085	-0.0577391213928314	1
4.125	31.75	0.000486415629532383	0.706913055946338	0.712588585345492	-0.0579995063572548	1
4.375	31.75	0.000486444603539758	0.702539809510604	0.714955005653387	-0.0592074403774668	1
4.625	31.75	0.000486484273099885	0.750522336233844	0.665826327637863	-0.0587383810512257	1
4.875	31.75	0.000486527418789544	0.704922356055934	0.711637544960807	-0.0606861861397614	1
5.125	31.75	0.000486580012845156	0.798722872710159	0.607609420967688	-0.0591051179998685	1
5.375	31.75	0.000486629698695078	0.682912326987104	0.733428124814801	-0.0624498364584021	1
5.625	31.75	0.000486650759496026	0.858485583029135	0.521549750078489	-0.0596597605145944	1
5.875	31.75	0.000486645249565636	0.636443245313202	0.774398649678048	-0.0646090878488589	1
6.125	31.75	0.000486562167938139	0.924593573083044	-0.340938009745912	-0.0605665140569803	1
6.375	31.75	0.00048645643144693	0.672185211750967	-0.734290219788491	-0.0577981009643747	1
6.625	31.75	0.000486355895877111	0.975997952565998	-0.187513071746432	-0.059745664358721	1
6.875	31.75	0.000486230259142216	0.717409464160278	-0.697657332181507	-0.05514720727565	1
7.125	31.75	0.00048610350666069	0.976943515260878	-0.220933728060314	-0.0601219226251829	1
7.375	31.75	0.000485950203736614	0.749853358784252	-0.661380405221422	-0.056300281990008	1
7.625	31.75	0.000485799416302283	0.93338526241819	-0.357365173314207	-0.0599312676884485	1
7.875	31.75	0.000485625521512747	0.770273178005379	-0.630891457815066	-0.0565498345027768	1
8.125	31.75	0.000485452607006402	0.877640513890527	-0.470294801254444	-0.0581502794171307	1
8.375	31.75	0.000485269240092902	0.786882402384994	-0.603011067849459	-0.0553254886181487	1
8.625	31.75	0.000485085314040097	0.831832413355755	-0.539168431829525	-0.0547845156637999	1
8.875	31.75	0.000484901446676512	0.79521572302108	-0.586558756246454	-0.0522873805642808	1
9.125	31.75	0.000484717772707881	0.8129191423254	-0.560026984008034	-0.0502282466304883	1
9.375	31.75	0.000484536419706176	0.819779201824702	-0.550291261388079	-0.0474513766789595	1
9.625	31.75	0.000484353572510258	0.810711558833453	-0.56190267169737	-0.045444286593853	1
9.875	31.75	0.00048416875601522	0.863418066172533	-0.486103653812789	-0.0422054951736928	1
10.125	31.75	0.000483982535404809	0.774948349800859	-0.616296299837559	-0.0421475233180365	1
10.375	31.75	0.0004837902593277	0.909052021856018	-0.405237454586815	-0.0384665502297885	1
10.625	31.75	0.000483603755158237	0.688054489379189	-0.717425105767895	-0.0406797959855895	1
10.875	31.75	0.000483417605999863	0.946761439215265	-0.309102998436312	-0.0362715424158654	1
11.125	31.75	0.000483250797236947	0.587016412445439	-0.805525780923604	-0.039296189757697	1
11.375	31.75	0.000483105755535861	0.948057294868504	-0.284180195084112	-0.0350709228617777	1
11.625	31.75	0.000483012805328582	0.591885302021284	-0.805002301853768	-0.0346487812784925	1
11.875	31.75	0.000482971099763764	0.853376107038101	-0.512100779924397	-0.0349917894765198	1
12.125	31.75	0.000482975038964817	0.674554959871323	0.74256512340053	-0.0326008873111174	1
12.375	31.75	0.00048300359042274	0.850670630269798	0.528074973862882	-0.0360439716113983	1
12.625	31.75	0.000483035721905124	0.721144462543338	0.695353827488291	-0.0332817310326139	1
12.875	31.75	0.000483080472647585	0.828487940013929	0.568840919359632	-0.0365710134023609	1
13.125	31.75	0.000483135432120342	0.770355731637892	0.644262920269178	-0.035711775613623	1
13.375	31.75	0.000483191468149277	0.811019067930852	0.598642694686176	-0.0382286428872052	1
13.625	31.75	0.00048325158295922	0.794626034639217	0.620053087678059	-0.0392765430506142	1
13.875	31.75	0.000483301858486357	0.806298229347845	0.608278639777595	-0.0415245232638653	1
14.125	31.75	0.000483336023152912	0.804334691375833	0.610734343389401	-0.0435374564871526	1
14.375	31.75	0.000483345726644478	0.81226248913411	0.601826869997735	-0.0456944550796223	1
14.625	31.75	0.000483329911111358	0.809187159553281	0.605166036880643	-0.0482013442100226	1
14.875	31.75	0.000483309779415244	0.824508088448576	0.584232476782024	-0.0500873266137343	1
15.125	31.75	0.000483323513828048	0.816940401653265	0.595377142808954	-0.0528110841064171	1
15.375	31.75	0.000483443163752011	0.826664578650516	0.576646661913609	-0.0547301798973976	1
15.625	31.75	0.000483752507108306	0.84832696818497	0.550914394141951	-0.0563129817737632	1
15.875	31.75	0.000484309554251127	0.79257744286986	0.619033049568957	-0.0599861099019505	1
16.125	31.75	0.000485106491798242	0.89858450757993	0.454148409967446	-0.058643493752314	1
16.375	31.75	0.000485993510181926	0.783464252345568	0.638501688026944	-0.0634774497915671	1
16.625	31.75	0.000486577700381877	0.839765329791667	0.530716583129089	-0.063116364812111	1
16.875	31.75	0.000486305640421512	0.974185491367188	-0.194593259771496	-0.0607198777498741	1
17.125	31.75	0.000484454285139076	0.98050248144972	-0.179789226788564	-0.0602476046474652	1
17.375	31.75	0.000480549921484908	0.973904668937391	-0.20088160545709	-0.0594770885639645	1
17.625	31.75	0.000475281102482369	0.974311409440664	-0.175362430618423	-0.0577370760420923	1
17.875	31.75	0.000471403704557726	0.976733380280165	-0.145588980292448	-0.0547786685376471	1
18.125	31.75	0.000473866563584494	0.97698882887729	-0.142359868781143	-0.0518076767464354	1
18.375	31.75	0.000488329601790212	0.96860234343419	-0.179772248725962	-0.048754469197638	1
18.625	31.75	0.000517488264711231	0.940948780656152	-0.28498191581162	-0.044875193374333	1
18.875	31.75	0.000555586449311574	0.888026957048349	-0.435014309876723	-0.0409886233087489	1
19.125	31.75	0.000582487082655941	0.84301321258986	-0.532557542499617	-0.0398294250228706	1
19.375	31.75	0.000562050429233856	0.770759861030092	-0.630463147200089	-0.0402545809489912	1
19.625	31.75	0.000452777089439693	0.81384998143066	-0.57841376041447	-0.0386826717106073	1
19.875	31.75	0.000234362695188666	0.736109095296486	-0.681927774565729	-0.0397853628700527	1
20.125	31.75	-5.62225550544828e-05	0.87282071681858	0.473027797681332	-0.0400962464057853	1
20.375	31.75	-0.000285043752304826	0.577591429616325	0.822711720900449	-0.0364271571392277	1
20.625	31.75	-0.000311120662518062	0.917452241097024	0.403020145139246	-0.0416566931955321	1
20.875	31.75	-1.73691337761395e-05	0.653810596758373	0.757381081194638	-0.0374087829993512	1
21.125	31.75	0.000679431808876011	0.849512794817256	0.53319478829497	-0.0417435181426536	1
21.375	31.75	0.00187812285104888	0.766007597491903	0.634032705498548	-0.0389712614918803	1
21.625	31.75	0.00366653778654832	0.764400880420473	0.644015767544301	-0.0402021602347125	1
21.875	31.75	0.00619316693592124	0.789380955285475	0.598134539987218	-0.0400564735076908	1
22.125	31.75	0.00968757552345779	0.756005896190077	0.641704413011265	-0.0387328453495859	1
22.375	31.75	0.0144516829906931	0.779134919704501	0.612932649110217	-0.0402435680107796	1
22.625	31.75	0.0209828241083753	0.753449041198082	0.634349345121927	-0.0411848350806083	1
22.875	31.75	0.0299040446622745	0.711746357118786	0.67638724851015	-0.0425661188051487	1
23.125	31.75	0.0416873694989512	0.693859988933786	0.679232453471291	-0.0457271721434118	1
23.375	31.75	0.0562713368727609	0.681599565045249	0.674368920256798	-0.0474181348706251	1
23.625	31.75	0.0723409121898694	0.636499096029325	0.696490710227093	-0.0516138196350418	1
23.875	31.75	0.0869753041379777	0.706459840289912	0.606358669080159	-0.0535223911866364	1
24.125	31.75	0.0964463652486446	0.618404928982338	0.673820689023157	-0.0588894999430048	1
24.375	31.75	0.0982832311367402	0.891674214972405	-0.000519220945462182	-0.05785888269501	1
24.625	31.75	0.0943545629918972	0.798178977936534	-0.421526030344363	-0.0538483355832063	1
24.875	31.75	0.0892248361774017	0.896342836055614	-0.138789710590645	-0.056763693740547	1
25.125	31.75	0.0855878077410629	0.899762454215315	0.00163741984289613	-0.0522849160828204	1
25.375	31.75	0.0832255407035089	0.908518272796165	0.0921506054229251	-0.0494557572485033	1
25.625	31.75	0.080468449774635	0.914464537476941	0.0859204842997289	-0.050335390710056	1
25.875	31.75	0.0770676387439022	0.911793679724323	-0.0502378005421552	-0.0488080303706039	1
26.125	31.75	0.074112069341551	0.905346152798338	-0.0683657684128204	-0.0455976471375205	1
26.375	31.75	0.0726189991385371	0.905396415405237	0.0177287723228839	-0.0400864915578155	1
26.625	31.75	0.0724489199454539	0.895129351165997	0.170963470074369	-0.0347551339524173	1
26.875	31.75	0.072407488933764	0.893638248497932	0.190890278476833	-0.0310694011658391	1
27.125	31.75	0.0714714450461556	0.88892561216071	0.167088920418718	-0.0266895545295672	1
27.375	31.75	0.0689535526549811	0.889058509368745	-0.0116394133762078	-0.0177898677143051	1
27.625	31.75	0.0647138588929788	0.870905195755164	-0.185909505955546	-0.00579874757826208	1
27.875	31.75	0.0587898126304562	0.83674044709164	-0.345742916182917	0.00379744598759996	1
28.125	31.75	0.05128285313381	0.888393711272975	-0.260526268527151	0.011088980137403	1
28.375	31.75	0.0425754634479179	0.781352144421601	-0.509690557770988	0.0133286098702641	1
28.625	31.75	0.0341228382647765	0.85290815078185	-0.38186081949821	0.021446220781397	1
28.875	31.75	0.0269250950397534	0.807679510882846	-0.513277124922724	0.0261028326868486	1
29.125	31.75	0.0228610192699952	0.657578829788494	-0.688308996081528	0.0271485114109897	1
29.375	31.75	0.0227062832952241	0.946311298610347	0.252567506484784	0.0328803784909613	1
29.625	31.75	0.0250457277850473	0.934245271726444	0.340081414344547	0.027996722065144	1
29.875	31.75	0.028931221792092	0.952130091604604	0.257188031069742	0.0247359799061471	1
30.125	31.75	0.0338006854838555	0.968260036784497	0.156596343878342	0.0220638950740784	1
30.375	31.75	0.0390105691801032	0.977693545583603	0.076196386229316	0.0186489241453368	1
30.625	31.75	0.0435482590866264	0.986513384345228	0.0323339733553962	0.0131226941095411	1
30.875	31.75	0.0460619865935456	0.995486961787869	0.0462891442588981	0.00408724401163334	1
31.125	31.75	0.0454103160948064	0.98753741047714	0.0477616387496539	-0.00731052698592181	1
31.375	31.75	0.0415032666186283	0.956044785706274	-0.0517531223818206	-0.0118515599547062	1
31.625	31.75	0.0352515962120357	0.90740276712745	-0.239338814152527	-0.00614458174370184	1
31.875	31.75	0.0281416056517969	0.79282650919822	-0.532442947853469	5.18079906255599e-05	1
32.125	31.75	0.0217301679649636	0.731619298546878	-0.645289954403603	-8.99962877504816e-05	1
32.375	31.75	0.0165826272011012	0.759472947246993	-0.622333982723105	0.000471608828355041	1
32.625	31.75	0.0125223304917009	0.761208168633035	-0.633317838170933	0.000597785436875485	1
32.875	31.75	0.00933656855538235	0.807834301530261	-0.580638644319419	-0.00188185822668613	1
33.125	31.75	0.0068401014533927	0.815314177891682	-0.576973676214226	-0.00293766711733041	1
33.375	31.75	0.0049025855039327	0.819892121030495	-0.584070212842566	-0.00529479009218234	1
33.625	31.75	0.00343265916671273	0.820927949352012	-0.592688458956114	-0.00884600220513313	1
33.875	31.75	0.00235353992796177	0.816714460705521	-0.605163449288822	-0.0130305886639511	1
34.125	31.75	0.00159582746115553	0.808634231085988	-0.620987566691812	-0.0176211618214804	1
34.375	31.75	0.00109435474113894	0.798422623885906	-0.638096968013887	-0.0225609841617171	1
34.625	31.75	0.000787683672879236	0.786719228397656	-0.656034800060603	-0.0278041537850282	1
34.875	31.75	0.000619458801625759	0.775357911694745	-0.672627803981008	-0.0334094364622437	1
35.125	31.75	0.000540732624884217	0.766231998242684	-0.685627589179055	-0.039370925192733	1
35.375	31.75	0.000512098459605686	0.759055782946563	-0.694727559657656	-0.0456597464739744	1
35.625	31.75	0.000504638334193984	0.757251387869203	-0.696936552877126	-0.0519264226164261	1
35.875	31.75	0.000499452691392442	0.750929463923568	-0.702125843752182	-0.0583673667107176	1
36.125	31.75	0.00048590381030708	0.75768114716036	-0.694595110671795	-0.0640849209168121	1
36.375	31.75	0.000460272074810078	0.737127878583683	-0.7119353347146	-0.0707464191210878	1
36.625	31.75	0.000423746881561343	0.778419250662125	-0.671595553485576	-0.0747729156985049	1
36.875	31.75	0.000382050452305841	0.695237892602507	-0.746211548782754	-0.0841168889948577	1
37.125	31.75	0.000343547853028767	0.873059372617526	-0.556555446869483	-0.0831781533754645	1
37.375	31.75	0.000318103583995904	0.580841101037408	-0.819897861934208	-0.102384645569551	1
0.125	32.25	0.000486371580579032	0.761913451191419	0.66536845175417	-0.0527882952878563	1
0.375	32.25	0.000486330744963443	0.754244337291107	-0.636851833750037	-0.0574040466454671	1
0.625	32.25	0.000486249594038353	0.800316643279127	-0.585318272469175	-0.0480491760738253	1
0.875	32.25	0.000486172720400331	0.686372593009537	-0.716456657167502	-0.0543738497893936	1
1.125	32.25	0.000486076985226229	0.566621258795748	-0.806734035116779	-0.0462966564245315	1
1.375	32.25	0.000485998966214698	0.670926953471091	-0.72746779834916	-0.0500048706027052	1
1.625	32.25	0.000485954412290028	0.19455715556861	-0.968719886302563	-0.0439371385482819	1
1.875	32.25	0.000485951455129647	0.678494994661971	0.756629377718934	-0.0473516166407351	1
2.125	32.25	0.000485977596370874	0.764599578090379	0.66186598990672	-0.0500977067410469	1
2.375	32.25	0.000485995492983722	0.789795227427523	0.613631701186114	-0.0509998179716981	1
2.625	32.25	0.000486030345931556	0.768204175673808	0.641196481738389	-0.0500162939281299	1
2.875	32.25	0.000486067603281433	0.876978649658525	0.474216088494992	-0.0509745355189466	1
3.125	32.25	0.000486108597392428	0.842013071894431	0.535853725408998	-0.0488557689424619	1
3.375	32.25	0.000486144797906802	0.875832683060737	0.490111570825698	-0.0501644530143571	1
3.625	32.25	0.000486185020809952	0.871845322703925	0.498224926491449	-0.0508869895360867	1
3.875	32.25	0.000486219019991852	0.852829459010558	0.53464671511936	-0.0523442904095956	1
4.125	32.25	0.000486253736262202	0.853866104361699	0.535012272435515	-0.0540986459062221	1
4.375	32.25	0.000486288491028285	0.817629320676822	0.58679724935578	-0.0560716717206852	1
4.625	32.25	0.000486329590352624	0.831663953437764	0.569278359763565	-0.0570318778373845	1
4.875	32.25	0.000486373661013835	0.766602468604603	0.649716716300674	-0.0598166113370214	1
5.125	32.25	0.000486423310213841	0.832591290959773	0.567181984340128	-0.0590300493587814	1
5.375	32.25	0.000486466208707247	0.694683159098014	0.724948101253844	-0.0633908422513947	1
5.625	32.25	0.000486478129961131	0.868381894404826	0.50931486567034	-0.0604113410574854	1
5.875	32.25	0.000486458158039812	0.604184655617064	0.802252602158655	-0.0665970918813501	1
6.125	32.25	0.000486357585110024	0.921152053801626	-0.346627050482267	-0.0618478942762876	1
6.375	32.25	0.000486237695470877	0.587985448101015	-0.802273457271036	-0.0591408415688071	1
6.625	32.25	0.000486120603927926	0.98346935396288	-0.117122937685196	-0.0607995986284111	1
6.875	32.25	0.000485983415219161	0.642151378330109	-0.762859505509153	-0.0547798271017918	1
7.125	32.25	0.000485842089399533	0.985677779216495	-0.173242576987731	-0.0602721416741075	1
7.375	32.25	0.000485676466314158	0.74128693299124	-0.670018648790369	-0.0555645454256201	1
7.625	32.25	0.000485516282571276	0.951627548495278	-0.313630711614083	-0.0600564352286154	1
7.875	32.25	0.000485333080232972	0.792868998157403	-0.605718642776039	-0.0569321984287112	1
8.125	32.25	0.000485154023791998	0.892108349978534	-0.449751243250028	-0.0591094612696291	1
8.375	32.25	0.000484963914339718	0.81615246422423	-0.567685138729936	-0.0570116736181606	1
8.625	32.25	0.000484774665844888	0.846222042679593	-0.521733731368908	-0.0568406505051629	1
8.875	32.25	0.000484585354490964	0.821586252208607	-0.55415170065902	-0.0550254556814194	1
9.125	32.25	0.000484397707233718	0.817130226694635	-0.557067126152057	-0.0534863315878353	1
9.375	32.25	0.000484215504216796	0.829666848727795	-0.53779467879863	-0.0508343512276706	1
9.625	32.25	0.000484034123490818	0.795503135526141	-0.582328771721579	-0.0493315600176915	1
9.875	32.25	0.000483857747586247	0.866793014195182	-0.476276756591726	-0.0453169160788705	1
10.125	32.25	0.000483682566443828	0.763049988101171	-0.627206780777519	-0.0453330236317976	1
10.375	32.25	0.000483505271761929	0.917692635637073	-0.37730152308406	-0.040643731865723	1
10.625	32.25	0.000483335564967628	0.707013716914588	-0.696538506439548	-0.0425633371860758	1
10.875	32.25	0.000483166256679174	0.950858041670307	-0.288966984574161	-0.0379325097609376	1
11.125	32.25	0.000483017129279166	0.660697007393398	-0.745705940946025	-0.0402139966794264	1
11.375	32.25	0.000482885364933906	0.930602692970619	-0.335783191520423	-0.0366989692083005	1
11.625	32.25	0.000482802327868754	0.697282020470039	-0.711410076773774	-0.0354361036441687	1
11.875	32.25	0.000482765479156944	0.841643917773004	-0.532595665441301	-0.0356000501497992	1
12.125	32.25	0.00048276993533275	0.718898769283553	0.698752742098316	-0.0337685286052585	1
12.375	32.25	0.000482794776324652	0.845755989548765	0.53758228529465	-0.0365976954743039	1
12.625	32.25	0.000482823156457592	0.747344622149255	0.671199450073378	-0.0348136446452922	1
12.875	32.25	0.000482863744976271	0.831343320081777	0.56791911486526	-0.038277904624607	1
13.125	32.25	0.000482913558692444	0.777952889241792	0.639222073969593	-0.0379944329158137	1
13.375	32.25	0.000482963923870904	0.815454572974277	0.595082417504443	-0.0409693049533757	1
13.625	32.25	0.000483020877943096	0.798294594239875	0.617226409536342	-0.0421738406896355	1
13.875	32.25	0.000483069594028329	0.810752810412599	0.603125072784074	-0.0447253005503185	1
14.125	32.25	0.000483107962980956	0.809976406182346	0.603269641120502	-0.0466593380558231	1
14.375	32.25	0.000483124226716098	0.816974201733207	0.595125223837441	-0.0489525585917109	1
14.625	32.25	0.000483115308830756	0.814642606396034	0.596144531997316	-0.0512974924875858	1
14.875	32.25	0.000483091637368389	0.832807063438921	0.571914686632927	-0.0529989554509793	1
15.125	32.25	0.000483074466714705	0.812072836889166	0.598626999150049	-0.0559115399526449	1
15.375	32.25	0.000483120806873022	0.846275867701315	0.546156469906168	-0.0567560213566551	1
15.625	32.25	0.000483293612849397	0.826701539380927	0.580425797002623	-0.0593316927279304	1
15.875	32.25	0.00048365789679361	0.810364623579918	0.588485213421012	-0.0612227044090268	1
16.125	32.25	0.000484243344999158	0.903708460941049	0.451422211662484	-0.0600972739955992	1
16.375	32.25	0.000484986407505713	0.707294583833016	0.711733195303865	-0.0662615174191971	1
16.625	32.25	0.000485655859245696	0.948390401114081	0.285313013529419	-0.0614122492830434	1
16.875	32.25	0.000485951499475711	0.963625251906487	-0.262005660214693	-0.0617535577598484	1
17.125	32.25	0.00048532268522143	0.975067289130217	-0.200092155750465	-0.0610607690149262	1
17.375	32.25	0.000483141776860534	0.975978731269046	-0.184794719732926	-0.059802615771625	1
17.625	32.25	0.000479272612552624	0.980701499096839	-0.131016285790219	-0.0580047093422235	1
17.875	32.25	0.000474817784006992	0.985367367176627	-0.0544812798380105	-0.0548239816892547	1
18.125	32.25	0.000472660085499293	0.986386212407307	0.0152391694876211	-0.0517271267459087	1
18.375	32.25	0.00047723463662931	0.982220595387673	0.0149214519197819	-0.0482495914097523	1
18.625	32.25	0.000492832665809169	0.96682142379885	-0.154706357312713	-0.0430530361576078	1
18.875	32.25	0.000520233506217021	0.927954282011315	-0.341884834533501	-0.0382105479171641	1
19.125	32.25	0.00055189160721626	0.940415792978835	-0.344645845460248	-0.0378091108494808	1
19.375	32.25	0.000566980914196639	0.897796727223899	-0.439962024211187	-0.0393577137718315	1
19.625	32.25	0.000532370808190549	0.88347446990462	-0.459843412781718	-0.0386193572163974	1
19.875	32.25	0.000414567045168766	0.807238394988579	-0.58936475063844	-0.0382190298919582	1
20.125	32.25	0.000204856815954172	0.813159522270771	0.581710064749216	-0.0390228128202124	1
20.375	32.25	-4.08513236874138e-05	0.723392710734775	0.698573730612873	-0.0382210106839155	1
20.625	32.25	-0.000253391142011502	0.866294982459402	0.498799389903808	-0.0412582965551804	1
20.875	32.25	-0.000363512841314786	0.681317947409161	0.734530231920075	-0.0380946704127318	1
21.125	32.25	-0.000302300865356693	0.850286318247995	0.529728324379249	-0.0415251240603711	1
21.375	32.25	-4.71046673610774e-06	0.708274952209005	0.705652509563328	-0.0390867833793086	1
21.625	32.25	0.000586526422322484	0.795952611762355	0.610201138709684	-0.0411859137486921	1
21.875	32.25	0.00155896846808453	0.758686348042426	0.651669981949281	-0.0407386170124693	1
22.125	32.25	0.0030407550047628	0.772201955644143	0.64085114345098	-0.041887897826032	1
22.375	32.25	0.00524757287231294	0.791726802326215	0.61144395839483	-0.0434526549177903	1
22.625	32.25	0.00851644885922364	0.800888499794447	0.593455094517732	-0.0443448913529562	1
22.875	32.25	0.0132531650979029	0.828896660139977	0.546692736419741	-0.0456655402718856	1
23.125	32.25	0.0197820685141498	0.86308564679891	0.477849697775318	-0.0469464950955838	1
23.375	32.25	0.0280507465074967	0.881081675353717	0.428077643064007	-0.0484928552001577	1
23.625	32.25	0.0372150297951096	0.910412162149639	0.346206993117289	-0.0502942166672396	1
23.875	32.25	0.0454826837262088	0.894921135888812	0.339290073837745	-0.0536821965945723	1
24.125	32.25	0.0506441176982834	0.934603983657111	0.050495087684826	-0.0505134207357826	1
24.375	32.25	0.0516245646861035	0.946039915474117	0.0747754735809803	-0.0468976071039979	1
24.625	32.25	0.0496045544917427	0.953232550645691	0.00672819360498091	-0.0507901871911655	1
24.875	32.25	0.0466155750001387	0.861726437306321	-0.39193345972689	-0.0483703527172592	1
25.125	32.25	0.0442433317377191	0.873181948907772	-0.371573185468032	-0.0474531297173907	1
25.375	32.25	0.0427075593713661	0.935041645545988	-0.172270206815219	-0.0455328962981207	1
25.625	32.25	0.0412734884919548	0.946779089841998	-0.138123406982722	-0.0443876316109856	1
25.875	32.25	0.0396389763488386	0.944421918225756	-0.14468302224408	-0.0446045516815477	1
26.125	32.25	0.0381825162470097	0.925687198044494	-0.193073949083647	-0.0420447165572419	1
26.375	32.25	0.0373697322851224	0.911524002545827	-0.217959843583365	-0.0367468091162553	1
26.625	32.25	0.0372010286489018	0.913788736451908	-0.205774089214115	-0.0297423572108338	1
26.875	32.25	0.0371543945161583	0.914634598353752	-0.225696609482034	-0.0241320025047013	1
27.125	32.25	0.0367118626422765	0.909641614799835	-0.265096651784741	-0.0198042124078227	1
27.375	32.25	0.0355239991843849	0.907665198859199	-0.269758902165582	-0.0167517282937544	1
27.625	32.25	0.0335139278361751	0.897528672793695	-0.284656461572035	-0.0118358235144238	1
27.875	32.25	0.0307344851709318	0.876028916940288	-0.324993136886454	-0.00565897696941537	1
28.125	32.25	0.0272687004966319	0.879676932106293	-0.342056068749248	0.00397685143846358	1
28.375	32.25	0.0231410265699812	0.836518786631481	-0.464821785578751	0.00689513192899669	1
28.625	32.25	0.0189209011640303	0.820065984771595	-0.480014954640917	0.0117853676047856	1
28.875	32.25	0.0150493204031838	0.894278610958518	-0.376678517753934	0.019573142457676	1
29.125	32.25	0.0122834961415817	0.648335442475088	-0.71651526812115	0.0166067180436175	1
29.375	32.25	0.0113697502644621	0.947121924055508	-0.214365033303469	0.0263428688571593	1
29.625	32.25	0.0118408402124481	0.938453013558157	0.366973383091823	0.0239372716207103	1
29.875	32.25	0.0130972494931928	0.970017722482234	0.28752801358241	0.0180661470031671	1
30.125	32.25	0.014930607894597	0.973646442608537	0.267472689986396	0.0128700265868843	1
30.375	32.25	0.0171424940005764	0.97996848332072	0.23616108859266	0.00705257188810159	1
30.625	32.25	0.0193730340864	0.985287803598715	0.185510467895964	0.00159713167829611	1
30.875	32.25	0.0210684667940478	0.993230131212237	0.0933915372629308	-0.00270879586166962	1
31.125	32.25	0.0216449823745028	0.996350168136977	-0.0255127563822185	-0.00687621279165586	1
31.375	32.25	0.0207732139688546	0.986414864087215	-0.0971122173859614	-0.011265865268368	1
31.625	32.25	0.0185112746963431	0.963962111835702	-0.156114772494828	-0.0123723609886675	1
31.875	32.25	0.0153412947339412	0.89675862283398	-0.357934554198379	-0.00915764516828931	1
32.125	32.25	0.0120603916224484	0.791444369820752	-0.564376030870213	-0.00531949493425734	1
32.375	32.25	0.00921114033197278	0.792231761794273	-0.582659396332976	-0.00339185859823141	1
32.625	32.25	0.00692473722100738	0.801833663911436	-0.581815975340044	-0.00255309718900228	1
32.875	32.25	0.00516705815602689	0.814251416885619	-0.571200005496397	-0.00330842893609181	1
33.125	32.25	0.00383752853401516	0.829179578751063	-0.551973426833206	-0.00410250761498958	1
33.375	32.25	0.00284083529678728	0.827586382512809	-0.56326969981112	-0.00473220089680378	1
33.625	32.25	0.00210485694896778	0.829051468056977	-0.571748038721537	-0.00691322463574798	1
33.875	32.25	0.00157209182771791	0.82626671793967	-0.582681578409088	-0.00991680640383729	1
34.125	32.25	0.00119536778222267	0.820051070601202	-0.596748359733894	-0.0134461035793782	1
34.375	32.25	0.000935387309659266	0.811610877275795	-0.612431386230828	-0.017407551345718	1
34.625	32.25	0.000759213482232099	0.80101032718764	-0.629900392923909	-0.0216954972809371	1
34.875	32.25	0.000639736439650821	0.788752910409416	-0.648956106918002	-0.0263276143548001	1
35.125	32.25	0.000555649423812223	0.776793287859179	-0.667348785545768	-0.0313968711758597	1
35.375	32.25	0.000491422809680699	0.766043267268756	-0.683276391757653	-0.0370383292519337	1
35.625	32.25	0.000436868654807162	0.761014393544533	-0.691607284428202	-0.0430496138250104	1
35.875	32.25	0.000386149829079746	0.75502437883097	-0.698468339168339	-0.0495108146235628	1
36.125	32.25	0.000336581175699462	0.760904782456583	-0.692700232997783	-0.0554789218231167	1
36.375	32.25	0.000287494578946136	0.744211080578903	-0.70767963596974	-0.0623345413610645	1
36.625	32.25	0.000239937176020169	0.774928951169323	-0.678589702134347	-0.0668480478115134	1
36.875	32.25	0.0001958815756627	0.707041272652781	-0.740278723138283	-0.0762837294899366	1
37.125	32.25	0.000159999155642505	0.855269934481778	-0.593845899255198	-0.0759093624152492	1
37.375	32.25	0.000136772296397766	0.575525557746375	-0.826403282645713	-0.097119796981549	1
0.125	32.75	0.000486269642958872	0.634294610702992	0.776233846878265	-0.058395816511783	1
0.375	32.75	0.000486208483790874	0.924966496808599	-0.356600015202625	-0.0591687609040566	1
0.625	32.75	0.000486125526065629	0.59828647198401	-0.800014597036873	-0.0543967672219704	1
0.875	32.75	0.000486041319922798	1.00123859178315	0.0815735201624621	-0.058592150745319	1
1.125	32.75	0.000485949860212313	0.673162445044384	-0.741632684877124	-0.0568817142715366	1
1.375	32.75	0.000485844178389517	0.950841437476365	0.292149534713068	-0.0588890472515539	1
1.625	32.75	0.000485739498815418	0.841892657120463	-0.531993728623818	-0.0538651036200985	1
1.875	32.75	0.000485709464593451	0.621123464746558	-0.78615323978287	-0.0566664140524765	1
2.125	32.75	0.000485722079304808	0.829834460141432	0.533539633007912	-0.0536352961077731	1
2.375	32.75	0.000485752008900042	0.687325804882322	0.721878658425932	-0.0502433893717615	1
2.625	32.75	0.000485813943632739	0.829902502490705	0.56510160915828	-0.052618638951509	1
2.875	32.75	0.000485874342743901	0.748225752001983	0.670533538970662	-0.0524566230874184	1
3.125	32.75	0.000485927184783183	0.733582344831864	0.696381380030502	-0.0547092032423806	1
3.375	32.75	0.000485974899194263	0.733431891295583	0.694348447317434	-0.0572673264940006	1
3.625	32.75	0.000486014178645657	0.68740758774264	0.73965550299659	-0.0586749377156853	1
3.875	32.75	0.00048604989703546	0.697783334864202	0.727244475466679	-0.0608374959398239	1
4.125	32.75	0.000486084333321873	0.68680788794425	0.735132593644886	-0.0614991486303721	1
4.375	32.75	0.000486119820759902	0.681532745532652	0.737076505970248	-0.0628906513300316	1
4.625	32.75	0.000486161594407295	0.713091736523236	0.706529544821458	-0.0626551483166084	1
4.875	32.75	0.000486206521996394	0.669139274760456	0.745158219843709	-0.0642373205619446	1
5.125	32.75	0.000486255389976923	0.763486615910877	0.652308629415487	-0.0627873140872486	1
5.375	32.75	0.000486295525755456	0.639456124357336	0.771400489505536	-0.0659628119641777	1
5.625	32.75	0.0004863031301246	0.841910726353819	0.549833178201904	-0.0630063481163068	1
5.875	32.75	0.000486273260682211	0.603084054266738	0.803813391697424	-0.0684265509018796	1
6.125	32.75	0.000486155362386545	0.919530780451054	-0.357410238866324	-0.0645403521030513	1
6.375	32.75	0.000486008295949982	0.373158714058168	-0.922673257402399	-0.0620474281710069	1
6.625	32.75	0.000485867424683515	0.973715327984668	-0.175392220377619	-0.0631685524414	1
6.875	32.75	0.000485709247911279	0.478409758473991	-0.87059174434448	-0.0572035486602868	1
7.125	32.75	0.000485554214747772	0.96318301134212	-0.257954886954731	-0.0616346770334064	1
7.375	32.75	0.000485380540154595	0.665613264143635	-0.739736053369755	-0.0562958606887205	1
7.625	32.75	0.000485213142438195	0.940189321212428	-0.34256017858283	-0.0602393506865135	1
7.875	32.75	0.000485023637758513	0.795622994351033	-0.601339963789844	-0.0570414538162789	1
8.125	32.75	0.000484839812646688	0.89268659720887	-0.454465366243546	-0.0592814066779166	1
8.375	32.75	0.000484644651706576	0.830996246428688	-0.551968088615594	-0.0581566297549327	1
8.625	32.75	0.000484452192349455	0.844912600055024	-0.530569336543792	-0.0584058875492379	1
8.875	32.75	0.000484260713437145	0.832737999210172	-0.544210888156052	-0.0574397957610506	1
9.125	32.75	0.000484071431448767	0.815755021941098	-0.564227415286779	-0.0565668532458047	1
9.375	32.75	0.000483891233234347	0.835768601355887	-0.532989467207972	-0.0542767597568296	1
9.625	32.75	0.000483711644343594	0.786068165929697	-0.597163387466683	-0.0534713322471078	1
9.875	32.75	0.000483544709556292	0.862301379297147	-0.483775507114467	-0.0491577500200831	1
10.125	32.75	0.000483379678435773	0.751384669629983	-0.63927662831782	-0.0493888836946805	1
10.375	32.75	0.000483220723094911	0.908117196852079	-0.391950755311812	-0.0439200865287858	1
10.625	32.75	0.000483069972520577	0.721472595736419	-0.678160181155686	-0.0452899314681938	1
10.875	32.75	0.000482921928704392	0.936904026979492	-0.321165753191731	-0.0403133298232448	1
11.125	32.75	0.000482793961889164	0.724013832196431	-0.681908320304161	-0.0414766029635292	1
11.375	32.75	0.000482679357242795	0.908748805344022	-0.392520776058649	-0.0385483077513114	1
11.625	32.75	0.000482609942261144	0.762168445471189	-0.637308678795728	-0.037123592060662	1
11.875	32.75	0.000482579091753859	0.850666974156164	-0.515131363334395	-0.0363735191011805	1
12.125	32.75	0.000482585808220026	0.745794669382924	0.67048274652396	-0.0348128580603341	1
12.375	32.75	0.000482611920871461	0.842110367730151	0.547709688757516	-0.0375934175072859	1
12.625	32.75	0.000482640936522841	0.769223419931409	0.649327932325365	-0.0368866727727213	1
12.875	32.75	0.000482680624249176	0.830012975657633	0.572481368421468	-0.040257871637908	1
13.125	32.75	0.000482726263617576	0.788672766482257	0.628820928025561	-0.0406700514511673	1
13.375	32.75	0.000482771413135752	0.818917528770659	0.591519054080261	-0.043762897513832	1
13.625	32.75	0.000482822633019329	0.80496203210243	0.609673862345601	-0.0451707415333918	1
13.875	32.75	0.000482866814255149	0.815174433623511	0.59702978598508	-0.0478642309590202	1
14.125	32.75	0.000482906003447161	0.817106809874203	0.593221335538929	-0.049661536277485	1
14.375	32.75	0.000482927402637232	0.819192561229555	0.590872667677904	-0.052073032509966	1
14.625	32.75	0.000482930036022694	0.822196289544567	0.583729436357655	-0.0540065134932221	1
14.875	32.75	0.000482915115968748	0.834235501611498	0.568765031091044	-0.0557280533343696	1
15.125	32.75	0.000482893104908129	0.810132568283919	0.596963404401575	-0.0583692718526242	1
15.375	32.75	0.000482901577198135	0.861368587421079	0.522759000679417	-0.0584082284415912	1
15.625	32.75	0.000482976850337878	0.791098280891634	0.622899300713868	-0.0620852970377882	1
15.875	32.75	0.000483169712864163	0.856462042251909	0.516585135866453	-0.0612310710777138	1
16.125	32.75	0.000483512274869265	0.851361368884242	0.54559840380989	-0.0624610684772046	1
16.375	32.75	0.000483980351443412	0.719731558542891	0.689670569091997	-0.0663060790365792	1
16.625	32.75	0.000484492111252037	0.987067854760677	-0.0734989407327416	-0.0612952166650778	1
16.875	32.75	0.000484949721208737	0.976237995738711	-0.218210397230159	-0.0614949365191312	1
17.125	32.75	0.000485007719281061	0.975992370822073	-0.205788059160934	-0.0617335116963934	1
17.375	32.75	0.000484121556126894	0.971131628299875	-0.217481840173963	-0.0605673495647268	1
17.625	32.75	0.000481849996261775	0.974625488153267	-0.190901133642847	-0.0596143469966942	1
17.875	32.75	0.000478362588108315	0.974701180583914	-0.175932321657399	-0.0574339005785598	1
18.125	32.75	0.000474990938084921	0.977758353846564	-0.154645421819903	-0.0551100382238602	1
18.375	32.75	0.000474513964266975	0.975786416330523	-0.148247487711441	-0.0526611211400183	1
18.625	32.75	0.000480594646479598	0.959708331683484	-0.198070274901487	-0.0489436090607752	1
18.875	32.75	0.00049597384899202	0.877676676630991	-0.436358584548779	-0.0432801251297267	1
19.125	32.75	0.000519407525857819	0.865106038907111	-0.498091630753727	-0.039896016722283	1
19.375	32.75	0.000541472418878508	0.864180982257751	-0.507403729653382	-0.0423036544157627	1
19.625	32.75	0.000542158857592077	0.905254429619541	-0.413713874552999	-0.041437104147427	1
19.875	32.75	0.000494393910457222	0.818505167868315	-0.566819435059374	-0.0406723235930606	1
20.125	32.75	0.000378733325690781	0.742174138099666	0.666068880034479	-0.0401141795837878	1
20.375	32.75	0.000208270109624105	0.760272285385508	0.65230533409978	-0.0399306660068609	1
20.625	32.75	6.36995373565101e-06	0.813418358979325	0.576422152681962	-0.0408491147723649	1
20.875	32.75	-0.000194644780014146	0.727298769498066	0.689305744293226	-0.0387707832010748	1
21.125	32.75	-0.000357257531353667	0.824147379551043	0.567776086993078	-0.0414844684335685	1
21.375	32.75	-0.00044736299579187	0.738997192893006	0.676409008084891	-0.0391554400655626	1
21.625	32.75	-0.000428643881333421	0.81349760129691	0.589011251741749	-0.0417552106758662	1
21.875	32.75	-0.00025020547361638	0.780442525157214	0.629363722351371	-0.0410380771255001	1
22.125	32.75	0.000172986459961126	0.815472029552574	0.587218366008858	-0.0425175849843161	1
22.375	32.75	0.000994288828923339	0.820594916343556	0.577202674160594	-0.043206541207922	1
22.625	32.75	0.00244581727812911	0.829412779090087	0.566667931161641	-0.0442684350171498	1
22.875	32.75	0.00480298388693187	0.833097386631281	0.563329922514369	-0.0460748938021528	1
23.125	32.75	0.00826962500704293	0.827386991328344	0.569793881796181	-0.0488288645841411	1
23.375	32.75	0.0127745694559412	0.821952386676932	0.576617444557218	-0.0513767212359723	1
23.625	32.75	0.0177613623177484	0.799895347509178	0.602837866154813	-0.0561105996275434	1
23.875	32.75	0.0221603479950432	0.799827994210609	0.590817285237445	-0.0592766777503343	1
24.125	32.75	0.0248677292300366	0.847080318539019	0.491323434432986	-0.0633598603333731	1
24.375	32.75	0.0255147038258518	0.932148345020045	-0.220770613597992	-0.060467368663596	1
24.625	32.75	0.0247799694341765	0.949200928286577	-0.197425124996371	-0.055947254712606	1
24.875	32.75	0.0233635630316001	0.971620471529027	-0.091390921246683	-0.0579783395025366	1
25.125	32.75	0.0220570763849797	0.947103142049611	-0.181130987973529	-0.0557988720826926	1
25.375	32.75	0.0212237604084692	0.96238486710192	-0.0974243990879814	-0.0515855328642211	1
25.625	32.75	0.0206155193295493	0.975829087599871	0.0009304140161146	-0.0503159773391479	1
25.875	32.75	0.0199957099319892	0.976230425400941	-0.0281164390997426	-0.0498212428834534	1
26.125	32.75	0.0194292823825174	0.971316968894897	-0.0394466450645495	-0.0486984823734554	1
26.375	32.75	0.0190940737536946	0.966241149912493	0.000404788727900275	-0.045706112989804	1
26.625	32.75	0.0190150414269951	0.961695627841854	0.0844379344340049	-0.0413918436585326	1
26.875	32.75	0.0189865639502253	0.958667988297855	0.117755852740727	-0.0375332306173019	1
27.125	32.75	0.0187654256469033	0.956481737576243	0.08505618444221	-0.0331876244152815	1
27.375	32.75	0.0181887633361646	0.952385503954866	-0.0175728189298976	-0.0265510617235669	1
27.625	32.75	0.0172095025532717	0.941454854489791	-0.140180871823052	-0.0185684451721298	1
27.875	32.75	0.0158604516589567	0.921065931231886	-0.248795928017483	-0.0114634984358772	1
28.125	32.75	0.01419034286662	0.922018432218931	-0.265319527134018	-0.00419444988458783	1
28.375	32.75	0.0122091909424355	0.899305210214202	-0.361392464183348	0.000464655490833299	1
28.625	32.75	0.010109853020493	0.857102098940517	-0.439059066177871	0.00362733970458454	1
28.875	32.75	0.00810384368781615	0.920188636887372	-0.318066343955235	0.0121027804639279	1
29.125	32.75	0.00645038607612529	0.779450482991059	-0.594243479783258	0.0106631744098338	1
29.375	32.75	0.0056004264638626	0.850834481470744	-0.465873324591174	0.0167739708298954	1
29.625	32.75	0.00550236546879589	0.951668382488318	0.31063231509238	0.0191615451806439	1
29.875	32.75	0.00579382819321589	0.984274745569334	0.220204832781749	0.0152825740516159	1
30.125	32.75	0.0063559355811846	0.994151107941014	0.161303284029476	0.0128825678130883	1
30.375	32.75	0.00714079056699427	1.0058951991872	0.105482748138436	0.00928357324213068	1
30.625	32.75	0.00805936020936757	1.01460626288758	0.0674738309468386	0.0041663349222957	1
30.875	32.75	0.00893458928589321	1.01975261970722	0.0474269481742351	-0.00268584437709689	1
31.125	32.75	0.00952889208918751	1.01788593607337	0.0271999597901314	-0.0102259640650268	1
31.375	32.75	0.00962305523010819	1.00840775501415	-0.00551248149977248	-0.0160611852793282	1
31.625	32.75	0.00908648883858435	0.993333855374481	-0.0515247148200071	-0.0187673888571304	1
31.875	32.75	0.00796120027557099	0.959019617462972	-0.186390472023084	-0.0176376664177178	1
32.125	32.75	0.00651969928819643	0.856630549663143	-0.441027942308941	-0.012202425572283	1
32.375	32.75	0.00509272865978738	0.750940256236046	-0.620752971913727	-0.00568158068933801	1
32.625	32.75	0.00387015593155771	0.729880671655909	-0.674612405925174	-0.0036894019518193	1
32.875	32.75	0.00290897333379388	0.771870783960297	-0.632251537625252	-0.00604160565969027	1
33.125	32.75	0.00218079259888674	0.796029129150229	-0.593748691473913	-0.00654026586459444	1
33.375	32.75	0.00163573717096263	0.800728866992326	-0.591925518721829	-0.0059103846247689	1
33.625	32.75	0.00123215934771001	0.811745106202871	-0.586508197965673	-0.00680807303508473	1
33.875	32.75	0.000935834525395945	0.817981137689958	-0.584477523305334	-0.00863752540660983	1
34.125	32.75	0.000719191132129362	0.818386779659933	-0.589905508580829	-0.0110400078092555	1
34.375	32.75	0.000560617376503439	0.816123147187819	-0.598161483876703	-0.0140639965478763	1
34.625	32.75	0.00044335570470493	0.810790009086189	-0.609225788344348	-0.0175066554555636	1
34.875	32.75	0.000354793597567851	0.802272863192634	-0.623790776538169	-0.0212509913840051	1
35.125	32.75	0.000286025222197435	0.791333718340878	-0.641520622365489	-0.0253073934772882	1
35.375	32.75	0.000231388041122669	0.778315079418332	-0.661825950661679	-0.0298819369983798	1
35.625	32.75	0.000187795346139701	0.768188791811736	-0.678537449201828	-0.0350396458926408	1
35.875	32.75	0.000153747975472594	0.758892718412007	-0.692279384952369	-0.0410291592834518	1
36.125	32.75	0.0001284032258646	0.761062322967461	-0.691596989010629	-0.047052588310667	1
36.375	32.75	0.000110676187705135	0.754294750725686	-0.697821139582657	-0.0537065916824166	1
36.625	32.75	9.92001686567363e-05	0.768035421088554	-0.686018668329554	-0.0587829426824869	1
36.875	32.75	9.19062693426288e-05	0.72589257012383	-0.722211517955807	-0.0675071864399262	1
37.125	32.75	8.73554843557923e-05	0.839163325190097	-0.621128579080992	-0.0675403059269366	1
37.375	32.75	8.41609998706557e-05	0.566962723781021	-0.831147704296156	-0.0897940241295508	1
0.125	33.25	0.000486081613175519	0.670526730749642	0.759270274730841	-0.0551917605641972	1
0.375	33.25	0.000486017669770141	0.860270159447777	-0.473618008592898	-0.0594644657855281	1
0.625	33.25	0.000485902016537863	0.579249688321929	-0.800926697585377	-0.0479964789130758	1
0.875	33.25	0.000485797687978467	0.655744445468828	-0.735960421782002	-0.0559772142452161	1
1.125	33.25	0.000485674666357705	0.70205850885784	-0.699759680952732	-0.0442103286568662	1
1.375	33.25	0.000485584878356528	0.408004442728208	-0.904625479857434	-0.0529034495302616	1
1.625	33.25	0.000485511649323647	0.917223562617569	-0.345059387456017	-0.0440650673125401	1
1.875	33.25	0.000485470258736328	0.36413548595733	0.936369513918718	-0.0443808025650341	1
2.125	33.25	0.000485496752917952	0.830868674699785	0.573055201409751	-0.0456434948045991	1
2.375	33.25	0.000485541924312904	0.84228251162401	0.561334250496671	-0.0491062980473005	1
2.625	33.25	0.000485594159507329	0.820811685060239	0.591181158599571	-0.051756027639679	1
2.875	33.25	0.000485640141243292	0.777831163023981	0.644839227734492	-0.0541736804737786	1
3.125	33.25	0.000485685803668757	0.816075053796673	0.590020953886455	-0.0563185138079132	1
3.375	33.25	0.000485725290757055	0.784835458497326	0.62693655117943	-0.0570524988766379	1
3.625	33.25	0.000485769639647756	0.813993821222794	0.586267440278898	-0.0582427955008627	1
3.875	33.25	0.000485814967615307	0.805354321375495	0.595694421540628	-0.0584278580539527	1
4.125	33.25	0.000485862627690143	0.813006409261468	0.586711034250248	-0.0590762194411511	1
4.375	33.25	0.000485914849686712	0.806463402943491	0.595511712236127	-0.0596877384250755	1
4.625	33.25	0.00048596932416419	0.812254639381863	0.591713173434773	-0.0603300281054147	1
4.875	33.25	0.000486027459082393	0.785878172259196	0.624889645495871	-0.0619628069069242	1
5.125	33.25	0.000486084953779924	0.831138720267778	0.571321572706229	-0.0621576681403259	1
5.375	33.25	0.000486130273634382	0.739630313954559	0.679233436115761	-0.0659139229247577	1
5.625	33.25	0.000486144422908884	0.898956132694038	0.460878981017454	-0.0638670362364908	1
5.875	33.25	0.00048610997033282	0.658620645011616	0.755673560645133	-0.0709605150063039	1
6.125	33.25	0.00048598407734562	0.979608236329837	0.0842674366572793	-0.0650020780579362	1
6.375	33.25	0.000485812112352373	0.284059567115371	-0.954488471911069	-0.0627705049985055	1
6.625	33.25	0.000485638175753828	0.971360879222099	-0.210873080240029	-0.0639357023855531	1
6.875	33.25	0.000485443790367609	0.439724041890767	-0.890387069970633	-0.060070833694828	1
7.125	33.25	0.00048526966921094	0.917591516036791	-0.388957599050273	-0.0625874958821158	1
7.375	33.25	0.000485079001698313	0.629225522415342	-0.767680542492157	-0.0589055492695099	1
7.625	33.25	0.000484904903457963	0.886020059172768	-0.457322332909426	-0.0607248111601404	1
7.875	33.25	0.000484712176604292	0.794692284137873	-0.596211320035704	-0.0580762478484515	1
8.125	33.25	0.000484525567420372	0.884787794503433	-0.462823329280192	-0.0585437333941586	1
8.375	33.25	0.000484328070577445	0.865118539899032	-0.496932454657455	-0.057823606164017	1
8.625	33.25	0.000484133045171898	0.862699579100727	-0.504991196346242	-0.0579107489004965	1
8.875	33.25	0.000483939919963924	0.862409065458863	-0.503498678090353	-0.0579144992814373	1
9.125	33.25	0.00048374968094632	0.83512401941781	-0.542361809891821	-0.0577330033064639	1
9.375	33.25	0.00048357180055288	0.856030167056695	-0.507789182700931	-0.0562696762975273	1
9.625	33.25	0.000483394117979645	0.80214412264312	-0.581541978011624	-0.0563291285045936	1
9.875	33.25	0.000483235917546926	0.867505620998313	-0.478962735479743	-0.0524837077357197	1
10.125	33.25	0.00048307862058487	0.763230856375368	-0.627349491643271	-0.0531920157064465	1
10.375	33.25	0.000482938480987889	0.894173951585974	-0.420069389572247	-0.047664082010244	1
10.625	33.25	0.000482806253580746	0.743635585261736	-0.652071025171936	-0.0486466485294339	1
10.875	33.25	0.000482684966213816	0.909226208246812	-0.385161010774508	-0.0435414490905656	1
11.125	33.25	0.000482583426969132	0.768715035997104	-0.626807251543979	-0.0436390023271115	1
11.375	33.25	0.000482493746600468	0.887850815493843	-0.437677829387385	-0.0407611311769633	1
11.625	33.25	0.000482443905047111	0.790935614372107	-0.59785544469653	-0.0394951788114549	1
11.875	33.25	0.000482421428910442	0.871412881415202	-0.473690716263984	-0.0377599185470008	1
12.125	33.25	0.00048243279952628	0.753071226324525	0.663850136191372	-0.0360516798477122	1
12.375	33.25	0.000482461712253713	0.843220264139008	0.55173111678211	-0.0394274742446592	1
12.625	33.25	0.000482491644028719	0.781787394625244	0.636738012036139	-0.0394988072230103	1
12.875	33.25	0.000482529430116628	0.827159025768102	0.57905437537752	-0.0428440620202197	1
13.125	33.25	0.000482569485247164	0.796344321580933	0.620744478814811	-0.0438331762624692	1
13.375	33.25	0.000482608442347885	0.819223888925977	0.591209527986582	-0.0468301640785592	1
13.625	33.25	0.000482652387574886	0.809518305511228	0.603535616982343	-0.048338333478226	1
13.875	33.25	0.000482691275595377	0.816884422832649	0.593303227715204	-0.0509425004130546	1
14.125	33.25	0.00048273015196352	0.822426042396314	0.584685442872466	-0.0524876169546514	1
14.375	33.25	0.000482756356598491	0.817948843268988	0.590388024254207	-0.0549321945102927	1
14.625	33.25	0.000482772736903683	0.83083590125032	0.569666776426331	-0.0562642386110238	1
14.875	33.25	0.000482772241131849	0.826987984400668	0.577312684718475	-0.0582984731911059	1
15.125	33.25	0.000482761051405577	0.817160689302947	0.583614962971409	-0.0600754665356705	1
15.375	33.25	0.000482754936083476	0.860019558956888	0.526146152037067	-0.0601864141743755	1
15.625	33.25	0.00048276986294651	0.76437194280772	0.649367206964877	-0.0640412759416847	1
15.875	33.25	0.000482833388929718	0.900224228272452	0.442884354393699	-0.0613166162265686	1
16.125	33.25	0.000482971405332667	0.749725876658911	0.674479607159507	-0.0659477398346211	1
16.375	33.25	0.000483176728304414	0.83126199497302	0.542896418564078	-0.0646745899018333	1
16.625	33.25	0.00048347649309064	0.94445780663946	-0.307596180466619	-0.0630452768625214	1
16.875	33.25	0.000483876759551362	0.971392763147564	-0.227309108635322	-0.0618432862223789	1
17.125	33.25	0.000484200819322428	0.98127767818366	-0.177363910073335	-0.0621879886003004	1
17.375	33.25	0.000484083589558471	0.974897924191564	-0.192137349907749	-0.0607392916234833	1
17.625	33.25	0.000483087230486615	0.982947428182859	-0.120387830768261	-0.0592843244345699	1
17.875	33.25	0.000480967960414193	0.986309032609364	-0.0500218620038946	-0.0561986901195339	1
18.125	33.25	0.000478073089996869	0.989287961468419	0.0282872929567569	-0.0533577744314027	1
18.375	33.25	0.000475746794996627	0.989012720303705	0.0748422131567091	-0.0512252870129098	1
18.625	33.25	0.000476339972452906	0.985044531726671	0.0819637618703265	-0.0493673974887083	1
18.875	33.25	0.000482527493337502	0.964302539598092	-0.141518466039349	-0.0454847886431272	1
19.125	33.25	0.00049571098967415	0.924022425277661	-0.345933925795948	-0.0371113463575567	1
19.375	33.25	0.000513353659075598	0.901490646370586	-0.450918717610663	-0.0390886830839085	1
19.625	33.25	0.000526120479367833	0.931356680100717	-0.370585752900965	-0.0411318335063837	1
19.875	33.25	0.000517438003122113	0.958294336901073	-0.253427224546348	-0.0409722179190443	1
20.125	33.25	0.00047013665035515	0.69369058591506	0.712826432417732	-0.0371374903687544	1
20.375	33.25	0.0003790215153607	0.844079734107303	0.544837605030002	-0.0394477524863756	1
20.625	33.25	0.000244903853856463	0.78571000044117	0.616921501562153	-0.039226005241234	1
20.875	33.25	7.77489435589184e-05	0.770947649930059	0.645021626122808	-0.0393614522648894	1
21.125	33.25	-0.000109822644846717	0.81174720460014	0.58735841689281	-0.0411815576753042	1
21.375	33.25	-0.000304425295994333	0.763988275507713	0.652665594051764	-0.0403241042583992	1
21.625	33.25	-0.000488784921661575	0.819988054988276	0.581208767776841	-0.0427324740074972	1
21.875	33.25	-0.000636250096487375	0.798204819575727	0.611488230392325	-0.0424343201634176	1
22.125	33.25	-0.000692907356141119	0.830774741084694	0.571794977804085	-0.0445326631283224	1
22.375	33.25	-0.000560640819755506	0.832710223976103	0.570789018082217	-0.0458503081920468	1
22.625	33.25	-9.15022546775824e-05	0.846703453140675	0.554768331457856	-0.0482850801564121	1
22.875	33.25	0.000886970820827424	0.863072353200837	0.530584935352394	-0.0510379177035191	1
23.125	33.25	0.00249814118114399	0.877578671688145	0.504082214072686	-0.054346921545834	1
23.375	33.25	0.00469943328503736	0.906397305399043	0.448958348566392	-0.0573313669240245	1
23.625	33.25	0.00718002839612506	0.913472328024113	0.416916720994342	-0.0617438244465312	1
23.875	33.25	0.00936254432867062	0.95413584691039	0.212517033240399	-0.0623328278258641	1
24.125	33.25	0.0107106565448367	0.972889607167006	-0.0766132462666391	-0.0544424185175012	1
24.375	33.25	0.0111272588914582	0.987826317144292	-0.0462149476356158	-0.0557210177909485	1
24.625	33.25	0.0109478141969302	0.974411344232574	-0.120552061495709	-0.0545178906186197	1
24.875	33.25	0.0104250656611472	0.946999334208201	-0.275036103871889	-0.0523002251676471	1
25.125	33.25	0.00986850042047712	0.940127418600242	-0.29848525920211	-0.05285440597697	1
25.375	33.25	0.00951573439838651	0.953618263902029	-0.228875706068894	-0.05062856683491	1
25.625	33.25	0.00933512613096621	0.975631149442997	-0.128635198895841	-0.0482534798782446	1
25.875	33.25	0.00919852499847723	0.980301323511106	-0.104251236106042	-0.0474183958361493	1
26.125	33.25	0.00908826963738059	0.972125541154182	-0.12899810038986	-0.0458024642991936	1
26.375	33.25	0.00905733509218411	0.962481838834666	-0.146974772003102	-0.0423499985133566	1
26.625	33.25	0.00911491799371906	0.960419788796557	-0.140602721316503	-0.0372740871604592	1
26.875	33.25	0.00917612475954744	0.961716312776098	-0.146055231332391	-0.0324045030261425	1
27.125	33.25	0.00912902317538447	0.960361351975212	-0.169763464141426	-0.0284032231279785	1
27.375	33.25	0.00889374908702082	0.955676385943705	-0.190149238047744	-0.0248134726659477	1
27.625	33.25	0.00844485715157286	0.945851071578385	-0.219891052279165	-0.0204441829107689	1
27.875	33.25	0.00780131274572458	0.929381755792541	-0.268246971799292	-0.0152053039359692	1
28.125	33.25	0.00699650002333	0.919909937180925	-0.304309421571716	-0.00878994591153664	1
28.375	33.25	0.00604540140472487	0.911372559183723	-0.35346790792752	-0.00424384678031645	1
28.625	33.25	0.00501651640388834	0.874256204354711	-0.430059783885942	-0.00194751536453538	1
28.875	33.25	0.00400652160597955	0.907922696446027	-0.35181002184908	0.00466124197320563	1
29.125	33.25	0.00310752012832604	0.874544576785545	-0.460158877331881	0.00713521790292107	1
29.375	33.25	0.00252940847388892	0.772343399057186	-0.59404543412667	0.00710378779370587	1
29.625	33.25	0.00233870900450274	0.986671713730378	0.0634130180961211	0.0148389707316526	1
29.875	33.25	0.00235454539844427	0.98564688674329	0.240387225110239	0.0122408293116419	1
30.125	33.25	0.00248070622772907	1.00022635087147	0.190859549246659	0.00732223432909821	1
30.375	33.25	0.00270217671706503	1.00489183878588	0.157862177249513	0.00275963098298892	1
30.625	33.25	0.00301121860628208	1.00981024048478	0.115990129083507	-0.00181899242014343	1
30.875	33.25	0.00337227072027101	1.01378037200195	0.0646287592770656	-0.00631306937856874	1
31.125	33.25	0.00371282288873683	1.0159473619938	0.0110886248209541	-0.01096058551847	1
31.375	33.25	0.00393567228339351	1.01570709141884	-0.0276575720175899	-0.0158293880350311	1
31.625	33.25	0.00394305161210852	1.01406539500172	-0.0479041048324073	-0.0206532990270986	1
31.875	33.25	0.00367828011853321	1.0036055289238	-0.0748488189723751	-0.0251007049580837	1
32.125	33.25	0.00317525887764393	0.965252729453294	-0.159873554601193	-0.0255682828084087	1
32.375	33.25	0.00254940432931086	0.879935837994839	-0.373407746703301	-0.0167198138592472	1
32.625	33.25	0.00193236809424159	0.732945207646887	-0.647203625482726	-0.00685166814632854	1
32.875	33.25	0.00141912454740374	0.741079446600131	-0.673665256114533	-0.00797701606913764	1
33.125	33.25	0.00102699343718775	0.7902649146969	-0.604911721164806	-0.0107124196955401	1
33.375	33.25	0.000735139400167121	0.782249970112673	-0.609518712107257	-0.00924615089768759	1
33.625	33.25	0.000522131322583599	0.790729675942478	-0.607510316004369	-0.00905890601667205	1
33.875	33.25	0.000369086576697446	0.802748733196763	-0.596674304438674	-0.0100033174145699	1
34.125	33.25	0.000260143626643278	0.806872033900369	-0.595955096125457	-0.0112165282596906	1
34.375	33.25	0.000183194506570944	0.8093957244318	-0.598254511553482	-0.0131253686305412	1
34.625	33.25	0.0001292764078688	0.809488696689826	-0.602689410641292	-0.0156174394956216	1
34.875	33.25	9.20044567697271e-05	0.806503038530537	-0.610193375807212	-0.018501674903491	1
35.125	33.25	6.71828015153991e-05	0.80053876223484	-0.621109065793768	-0.0216641161317762	1
35.375	33.25	5.2422258007618e-05	0.790614103557211	-0.637336984840591	-0.0251300676630426	1
35.625	33.25	4.66549132076375e-05	0.777984670119972	-0.657597409422812	-0.0290360365230474	1
35.875	33.25	4.94338783870381e-05	0.765512638810977	-0.678384602996483	-0.0337524089663603	1
36.125	33.25	6.01938432499585e-05	0.754372211507025	-0.6951134532135	-0.0394025407488747	1
36.375	33.25	7.75834821143631e-05	0.758479927015692	-0.691899202037579	-0.0455538517454506	1
36.625	33.25	9.92022844714558e-05	0.76058932903391	-0.693287796251144	-0.0510855466219405	1
36.875	33.25	0.000121450512665422	0.734309103410289	-0.710330254583811	-0.0592663963710317	1
37.125	33.25	0.000140044014858733	0.844877332345202	-0.615370026390195	-0.0587398641091521	1
37.375	33.25	0.000150946942171389	0.540713116809237	-0.846882453977645	-0.0822474288738198	1
0.125	33.75	0.000486033959511163	0.643710046298496	0.766900748083366	-0.0687204228409784	1
0.375	33.75	0.000485947757551341	0.988303574263952	0.005885158461113	-0.069114600750634	1
0.625	33.75	0.000485809522980686	0.63339029783196	-0.774548474818867	-0.0631130387896583	1
0.875	33.75	0.00048567855974761	0.994536392334717	0.0856219978830987	-0.0698846280716454	1
1.125	33.75	0.000485525071923328	0.724691544231205	-0.67415343259226	-0.0624715322222216	1
1.375	33.75	0.000485399940651412	1.00145501508574	0.0421795964345626	-0.0660311556492447	1
1.625	33.75	0.00048531615083411	0.701482616638206	-0.693941445502181	-0.0638769927841051	1
1.875	33.75	0.000485253321767409	0.711629201975843	-0.676238606712585	-0.0611977535605389	1
2.125	33.75	0.00048525518281743	0.844273408918092	-0.506807318122414	-0.0576001293803639	1
2.375	33.75	0.000485273696071103	0.686916027950421	0.735795752924812	-0.0551536069919262	1
2.625	33.75	0.000485309055809214	0.760490514273741	0.66236886342433	-0.059172323069745	1
2.875	33.75	0.000485355648417828	0.749928647609772	0.664221772423256	-0.0585849600713182	1
3.125	33.75	0.000485404948270304	0.735358744427093	0.684479490983215	-0.0594249500522346	1
3.375	33.75	0.00048546387986743	0.750023131374923	0.667257376316831	-0.0603701204467479	1
3.625	33.75	0.000485523786537413	0.726699092005686	0.694115150951549	-0.0609928928544996	1
3.875	33.75	0.000485582849826734	0.727368655630127	0.694667415690963	-0.062248889864758	1
4.125	33.75	0.000485640533533031	0.714430389954717	0.708657865295434	-0.0632755120394382	1
4.375	33.75	0.000485698066061816	0.712011775108607	0.711240182698674	-0.0645436264100671	1
4.625	33.75	0.00048575595431361	0.717953458094727	0.705564165012194	-0.065625079749715	1
4.875	33.75	0.000485817954783366	0.711012071211934	0.709911252678269	-0.066914018937643	1
5.125	33.75	0.000485878882300202	0.754233785425989	0.665063577273936	-0.0673360426811346	1
5.375	33.75	0.000485929648565644	0.69514725222277	0.717352584915856	-0.0691128946989009	1
5.625	33.75	0.000485949883566024	0.836130603513283	0.552646722429607	-0.0668646704949151	1
5.875	33.75	0.000485916823203039	0.585830887244532	0.801182684179835	-0.0703348846484082	1
6.125	33.75	0.00048578678119479	0.935605352391148	0.322394558963978	-0.0644719596111547	1
6.375	33.75	0.000485604742530774	0.311226227236145	-0.945911264386208	-0.0653467773476968	1
6.625	33.75	0.000485403317800381	0.907419202256111	-0.409000756830186	-0.0642562722648315	1
6.875	33.75	0.00048517911392054	0.49972233127805	-0.859790125202896	-0.0629886676114288	1
7.125	33.75	0.000484977190570583	0.837956412605949	-0.541118600883911	-0.0633819613063035	1
7.375	33.75	0.000484762490413813	0.636604279704337	-0.764108528148901	-0.0619688109108537	1
7.625	33.75	0.000484571341865915	0.791669104019034	-0.60654322409079	-0.0621693808296945	1
7.875	33.75	0.000484373722578509	0.750600331744259	-0.651498102015686	-0.0611571810562008	1
8.125	33.75	0.000484186038339612	0.810902861050248	-0.57726916053347	-0.0603453015745149	1
8.375	33.75	0.000483993155562339	0.844553420686353	-0.525041174052767	-0.0595479422210189	1
8.625	33.75	0.000483803261541924	0.847027691806242	-0.525660997336064	-0.0584263927523907	1
8.875	33.75	0.000483615563760414	0.86736597611031	-0.495132226538284	-0.0584616866374586	1
9.125	33.75	0.000483430377225316	0.840718475447964	-0.537117839240666	-0.0583308855229966	1
9.375	33.75	0.000483258022196594	0.863138535777065	-0.50088713534454	-0.0575636805724674	1
9.625	33.75	0.000483087298934484	0.818651255921378	-0.56436054778553	-0.0579982175628305	1
9.875	33.75	0.000482938376038674	0.868252117841219	-0.483365220739477	-0.0552090023640556	1
10.125	33.75	0.000482792014284483	0.790309459597818	-0.597660695889733	-0.0559973179181292	1
10.375	33.75	0.000482669692440592	0.878184684185208	-0.454596979817867	-0.0514907939041437	1
10.625	33.75	0.000482557485678994	0.77714657398127	-0.612179049370995	-0.0518698277491448	1
10.875	33.75	0.00048246508410382	0.878276741242251	-0.449625432815319	-0.0473890884504371	1
11.125	33.75	0.000482394327944858	0.79515782432642	-0.588458743401601	-0.0466637981190678	1
11.375	33.75	0.000482337467810873	0.873745432924086	-0.463719975536837	-0.0434768460290305	1
11.625	33.75	0.000482314954090178	0.791677357260538	-0.594012677785843	-0.0424089795481713	1
11.875	33.75	0.000482305183491666	0.894703162675561	-0.421205524766533	-0.0398253729730142	1
12.125	33.75	0.000482322300496357	0.746602849810143	0.673058957422632	-0.0376684198313094	1
12.375	33.75	0.000482352382015474	0.847611056531629	0.550110799819041	-0.0419759453532908	1
12.625	33.75	0.000482381159292211	0.785890868828794	0.632844414572398	-0.0423631238543693	1
12.875	33.75	0.00048241502982799	0.82483373696132	0.583619800818683	-0.0457027235767274	1
13.125	33.75	0.000482448923551876	0.801738752902095	0.61370936242672	-0.0469629827302097	1
13.375	33.75	0.00048248167803487	0.819362543956608	0.59011698996264	-0.0497109618403989	1
13.625	33.75	0.00048251863601851	0.814423080382104	0.59592113461571	-0.0512286504221462	1
13.875	33.75	0.000482552571820726	0.819294439887526	0.588242932013395	-0.0536238413585583	1
14.125	33.75	0.000482589875168148	0.828093816244275	0.575484954819505	-0.0549719709611085	1
14.375	33.75	0.000482619011581129	0.816813224268479	0.589558998035674	-0.0574034828196292	1
14.625	33.75	0.0004826460803788	0.840303730734447	0.554573778594241	-0.0581437261431037	1
14.875	33.75	0.000482658224130198	0.812771468828565	0.594215347236394	-0.0606478163943227	1
15.125	33.75	0.000482661545109188	0.833100661065104	0.558432577983641	-0.0610841647773705	1
15.375	33.75	0.000482653796808299	0.834266596996232	0.565292275268066	-0.0621864415523052	1
15.625	33.75	0.000482640206345262	0.767356755807571	0.640458429632865	-0.0646393520869226	1
15.875	33.75	0.000482627630006915	0.907600575704109	0.436984734624337	-0.0620535712605034	1
16.125	33.75	0.000482636775133997	0.654350986739825	0.759414518501255	-0.0683698947027876	1
16.375	33.75	0.000482668111165267	0.94967974340218	0.281486547081302	-0.0629002063213559	1
16.625	33.75	0.000482795969043659	0.934835276369339	-0.349607163813656	-0.0639415203573721	1
16.875	33.75	0.000483061747356309	0.947435735945565	-0.309073718098774	-0.0623417260324811	1
17.125	33.75	0.000483401347740072	0.978878652421675	-0.192139308624711	-0.0626246953409161	1
17.375	33.75	0.000483614915814504	0.968361278859981	-0.237086883622896	-0.0614663786454186	1
17.625	33.75	0.000483388867340371	0.973520899151949	-0.209863732698487	-0.0613716862297393	1
17.875	33.75	0.00048239749795204	0.968903998814933	-0.213574917640229	-0.0596852686462143	1
18.125	33.75	0.000480537653878663	0.972303435529853	-0.18811669952958	-0.0577006820774525	1
18.375	33.75	0.000478262448502937	0.973114950125335	-0.169431565390128	-0.0551359978786278	1
18.625	33.75	0.000476785538214934	0.972143668159627	-0.160599758751302	-0.0518931672511766	1
18.875	33.75	0.000477959804204331	0.948062599092687	-0.247431487008195	-0.0481850999094371	1
19.125	33.75	0.000483611275868279	0.844787369550249	-0.497116360956371	-0.0425494456247387	1
19.375	33.75	0.000494236911110117	0.863819050947568	-0.504156835099251	-0.0392708136974644	1
19.625	33.75	0.000507017574082947	0.851207750986363	-0.534827514406477	-0.0426573356816332	1
19.875	33.75	0.000514199111401353	0.985353103757253	-0.0529951961668205	-0.0425622839867208	1
20.125	33.75	0.000504270149881148	0.580471779764944	0.813921012217438	-0.0363266809105819	1
20.375	33.75	0.000468249090974645	0.873380123211375	0.501796464934529	-0.0426672033063817	1
20.625	33.75	0.000399867835728525	0.703262660993099	0.709079158988313	-0.0398309825349567	1
20.875	33.75	0.00029799959199395	0.800861003517735	0.60705017775467	-0.0422089617793128	1
21.125	33.75	0.000161431208005023	0.785584060870903	0.618923153549979	-0.0419957095280965	1
21.375	33.75	-8.93709941689042e-06	0.797767092973012	0.610439005495376	-0.0423023582583543	1
21.625	33.75	-0.000210107371735312	0.830415335233706	0.564932157563849	-0.0437668504274632	1
21.875	33.75	-0.000431563608528524	0.826578256380164	0.575051557548589	-0.0442044769584287	1
22.125	33.75	-0.000643671997990787	0.852587423768664	0.540468887171984	-0.0464243497054546	1
22.375	33.75	-0.000788481223778988	0.855161251604743	0.538560653200576	-0.0481288720551063	1
22.625	33.75	-0.000775526914260775	0.86938402186729	0.518362847960391	-0.0506301824845123	1
22.875	33.75	-0.000498932314116779	0.875712198875493	0.508875072621342	-0.0531074264674774	1
23.125	33.75	0.000118294692237933	0.875290805807142	0.507236371479765	-0.0561246559190646	1
23.375	33.75	0.00105790811416972	0.881577110561245	0.493815844262354	-0.0581433258694733	1
23.625	33.75	0.0021557431944988	0.8618703138072	0.529624747813695	-0.0612768017822146	1
23.875	33.75	0.00311706994084661	0.834876935613687	0.562869267191633	-0.0640111935751673	1
24.125	33.75	0.00371903995247529	0.966344306351562	0.225967230981486	-0.0657471491915017	1
24.375	33.75	0.00395364710272347	0.958075571472955	-0.217624722233301	-0.0615184748280984	1
24.625	33.75	0.003944564116341	0.98153783250765	-0.131347011183868	-0.0593344141502517	1
24.875	33.75	0.00377058661700593	0.986358446092061	-0.108630127446326	-0.0588545863466237	1
25.125	33.75	0.00355428632296795	0.969239285519009	-0.193806543740033	-0.0575910907593053	1
25.375	33.75	0.00341885073374561	0.966031538279845	-0.194238117586452	-0.0551512244217022	1
25.625	33.75	0.00339049324360267	0.983824544767376	-0.0923421164720737	-0.0523708256848585	1
25.875	33.75	0.00341751092717201	0.991974513886488	-0.0396742336669902	-0.0510930028273684	1
26.125	33.75	0.0034702688565058	0.99165551697918	-0.0293641595884939	-0.0504879832255029	1
26.375	33.75	0.00355509866271474	0.987260909901349	-0.0103118662923463	-0.0488807466713673	1
26.625	33.75	0.00367081895313335	0.983343796535384	0.0288796442646867	-0.0458976426865396	1
26.875	33.75	0.00378095547140543	0.980719037678994	0.0515766764097911	-0.0424348263260265	1
27.125	33.75	0.00383321109660927	0.978029193486703	0.0333415384278357	-0.0385268423782119	1
27.375	33.75	0.00378658960639771	0.973330289215586	-0.0260831321895038	-0.033409904623109	1
27.625	33.75	0.00362437866685984	0.964886847606092	-0.109148487072952	-0.0272566544037377	1
27.875	33.75	0.00335426328765094	0.951612467751833	-0.193117041876444	-0.0209973194767782	1
28.125	33.75	0.00299617653396751	0.940853259494113	-0.249610043596978	-0.0149019477276722	1
28.375	33.75	0.00256655836931705	0.931802132367166	-0.303775915309697	-0.00994475042858002	1
28.625	33.75	0.00209391847704455	0.905993971598586	-0.375628499222355	-0.00722488672036885	1
28.875	33.75	0.00162074237547386	0.907545226250265	-0.360670918843034	-0.00244032078388594	1
29.125	33.75	0.00118388532336593	0.922723013386692	-0.362454194749406	0.0020634749805598	1
29.375	33.75	0.000864094745457643	0.795120194780398	-0.576888447006627	-0.000546274842168957	1
29.625	33.75	0.000726060216135019	0.951373042326329	-0.224644791726256	0.0080272091288043	1
29.875	33.75	0.00070066329110162	0.983317031289208	0.215272360988695	0.00902395946431184	1
30.125	33.75	0.000717604930125985	1.00350752177292	0.148627545935847	0.00544849971313528	1
30.375	33.75	0.000763704390672875	1.00995920086157	0.107355903177951	0.00203938948472297	1
30.625	33.75	0.00084429432358674	1.01614116227824	0.0733715817178638	-0.00227543778590684	1
30.875	33.75	0.00096204324097143	1.019692139157	0.0447235153942461	-0.00735263302278808	1
31.125	33.75	0.00110571265275544	1.02007124018595	0.01723515872929	-0.0127076647354453	1
31.375	33.75	0.00124652312981734	1.0177947408333	-0.0117572543112751	-0.0176835894456268	1
31.625	33.75	0.00134168947274623	1.0146277562366	-0.0436536536828339	-0.0220060845487684	1
31.875	33.75	0.00134796845359703	1.00946147047977	-0.0822753178952405	-0.0259465254980692	1
32.125	33.75	0.00124262309857724	0.992725473870348	-0.112880134352285	-0.0289097965577578	1
32.375	33.75	0.00103579365092469	0.963842959839503	-0.131659065890191	-0.0260178708668634	1
32.625	33.75	0.000771547853112184	0.825602555899489	-0.493094751539487	-0.0162390012612063	1
32.875	33.75	0.000523701245820989	0.675811836938778	-0.727276226700919	-0.00906540550112115	1
33.125	33.75	0.000332468074314586	0.778336153378059	-0.630098569234865	-0.0143854044459874	1
33.375	33.75	0.000195151921627371	0.775995293584411	-0.613406862233542	-0.0133649145751251	1
33.625	33.75	0.000101898050646434	0.770443497998975	-0.627828146158607	-0.0118878528410655	1
33.875	33.75	4.29732359440251e-05	0.78880572268311	-0.609888818883839	-0.0124930361019737	1
34.125	33.75	9.22001877957612e-06	0.794915217165005	-0.604101120171341	-0.0128940855129129	1
34.375	33.75	-6.50939291694004e-06	0.799854831881878	-0.602741137979382	-0.0138176333815412	1
34.625	33.75	-9.46771808880353e-06	0.803775500416713	-0.602339270113354	-0.015412600530944	1
34.875	33.75	-3.33592762306105e-06	0.805057844718726	-0.604666930342161	-0.0174746463395858	1
35.125	33.75	9.52218686734623e-06	0.804206172215474	-0.608967845138504	-0.0199276257398265	1
35.375	33.75	2.78092146668195e-05	0.800878481325541	-0.615986249089476	-0.0226135409473683	1
35.625	33.75	5.09814562498534e-05	0.791897832800184	-0.630073985838562	-0.0255412735048689	1
35.875	33.75	7.87852512100478e-05	0.78224724687473	-0.647270539147677	-0.0286775526047335	1
36.125	33.75	0.000110689400662663	0.760974014747571	-0.679142725603146	-0.0329286253828357	1
36.375	33.75	0.000145326820226476	0.754246767484765	-0.691396482358626	-0.038192771741767	1
36.625	33.75	0.000180330822445395	0.756398799502878	-0.695843651205131	-0.0436042984444408	1
36.875	33.75	0.000212144310950925	0.727499031796437	-0.713642146113467	-0.0517961281474186	1
37.125	33.75	0.000236647230916273	0.854731072902115	-0.598659267161812	-0.0504864198524912	1
37.375	33.75	0.000250360639627646	0.530472474684517	-0.850566835469023	-0.0743717012149045	1
0.125	34.25	0.00048575785323812	0.652152002035559	0.762503481978781	-0.0566972506117211	1
0.375	34.25	0.000485659026154628	0.942438524741126	-0.273551798841769	-0.0581373932597227	1
0.625	34.25	0.000485505925115856	0.460832465808635	-0.873859268190986	-0.0476739655425501	1
0.875	34.25	0.000485367035352455	0.796993359665874	-0.611285953711931	-0.0558393008672289	1
1.125	34.25	0.000485221571490718	0.639213520158185	-0.761108503012472	-0.0503924949724099	1
1.375	34.25	0.000485106291690526	0.739512940896338	-0.678034529297848	-0.0539271232536186	1
1.625	34.25	0.000485022656891779	0.950884513859294	0.328461863639523	-0.0526336997937439	1
1.875	34.25	0.000484971039386861	0.674068804095869	0.741917544844969	-0.0569755414036944	1
2.125	34.25	0.000484956913685261	0.717138616199818	0.690006078656155	-0.0541361935314554	1
2.375	34.25	0.000484976920293558	0.737404635826838	0.68637230966743	-0.0553707987947962	1
2.625	34.25	0.000485025493619674	0.828252873837875	0.563830455396511	-0.0575389892282838	1
2.875	34.25	0.000485078914329806	0.732844745716654	0.688482421667329	-0.0567045653493759	1
3.125	34.25	0.000485134422620288	0.806579042083468	0.602979706658043	-0.0599151133752805	1
3.375	34.25	0.000485194003144547	0.753980394926759	0.664950436831491	-0.0600603092202923	1
3.625	34.25	0.000485250740211224	0.782512121124568	0.632642324367305	-0.0621026846608217	1
3.875	34.25	0.000485309026708374	0.773647099637114	0.640677316502709	-0.062734695146428	1
4.125	34.25	0.000485366592306725	0.783068013527408	0.629228506474485	-0.0639853531733198	1
4.375	34.25	0.000485428058471191	0.795538348345182	0.611175589258552	-0.0646391713565734	1
4.625	34.25	0.000485492815241502	0.796898542500116	0.608234840391593	-0.0655195744149623	1
4.875	34.25	0.00048556472777679	0.810412676914778	0.587128467377089	-0.065828240329753	1
5.125	34.25	0.000485636411559573	0.804455664397744	0.592910738192593	-0.0662476506756315	1
5.375	34.25	0.000485698356919666	0.798084795136582	0.596276336470587	-0.0658097302617498	1
5.625	34.25	0.000485730044970825	0.802372835200196	0.594552804008562	-0.0651577633004033	1
5.875	34.25	0.000485699235595048	0.713945880525511	0.691856366629749	-0.065572483842502	1
6.125	34.25	0.00048558304245594	0.844570592760804	0.537933065521392	-0.0632899462483534	1
6.375	34.25	0.000485411665386095	0.520666313737249	-0.851542981778777	-0.0664143077745304	1
6.625	34.25	0.000485192122264892	0.806554424806447	-0.58415628774937	-0.0637814372364981	1
6.875	34.25	0.000484957268354228	0.631605537553081	-0.769891861523591	-0.0646673893943839	1
7.125	34.25	0.000484719108045067	0.770438422519471	-0.631088677520496	-0.0631475731394067	1
7.375	34.25	0.000484478364246229	0.713219819263349	-0.694452212859919	-0.0630933957295401	1
7.625	34.25	0.000484254439737217	0.744918714121276	-0.662669754027312	-0.0621097418709507	1
7.875	34.25	0.000484039946095968	0.767825285269361	-0.634055608227779	-0.062238169162645	1
8.125	34.25	0.000483840334295124	0.758553864499117	-0.645879470863795	-0.0610621662833327	1
8.375	34.25	0.000483648120284789	0.822588369227106	-0.559199625198664	-0.0611176178934496	1
8.625	34.25	0.000483462523601661	0.821284208326811	-0.5606176211759	-0.059361038902133	1
8.875	34.25	0.000483283873709057	0.86995991610189	-0.486117883570758	-0.0590192926568731	1
9.125	34.25	0.000483110180777151	0.849061336399513	-0.523287723381706	-0.0583975221906356	1
9.375	34.25	0.000482949109923679	0.872285406138458	-0.487808795892602	-0.0580586562789494	1
9.625	34.25	0.000482791812146413	0.834023403220228	-0.546652238527367	-0.0586900444268109	1
9.875	34.25	0.000482656944333838	0.870970397756605	-0.484245742407009	-0.0569045091434189	1
10.125	34.25	0.000482527713501255	0.813910275398404	-0.571060134281228	-0.0578164871096478	1
10.375	34.25	0.000482425886538221	0.871532892128844	-0.472683749989976	-0.0545654151324896	1
10.625	34.25	0.00048233802350203	0.80421163008588	-0.579271185960752	-0.0547644885181055	1
10.875	34.25	0.00048227682716584	0.863648809116404	-0.480255504064568	-0.0511239754003799	1
11.125	34.25	0.000482240160715112	0.803487505560569	-0.575145647902559	-0.0502575593793059	1
11.375	34.25	0.00048222136868254	0.873209361082976	-0.463834415336168	-0.0466388200795369	1
11.625	34.25	0.000482231247772361	0.771632742178644	-0.617957495863373	-0.0459064648045325	1
11.875	34.25	0.000482239258282324	0.914954164750494	-0.367243831708473	-0.0425711190135568	1
12.125	34.25	0.000482260725964654	0.730642206576178	0.692229079524206	-0.0397904872091937	1
12.375	34.25	0.000482288169605963	0.855209747639614	0.541808918300655	-0.0451265202307865	1
12.625	34.25	0.000482312292304659	0.784438419813782	0.634508365066385	-0.0453821703532066	1
12.875	34.25	0.000482339509481099	0.826520667776547	0.581341906215848	-0.0487855648932174	1
13.125	34.25	0.000482366293682461	0.806504806506844	0.606221234916421	-0.0500183062282824	1
13.375	34.25	0.000482392284299235	0.822258172585706	0.584656595275156	-0.0525263451173786	1
13.625	34.25	0.000482422453036553	0.819696710252236	0.587027665257952	-0.0539639355623417	1
13.875	34.25	0.000482451387588176	0.822532859428399	0.581691141146412	-0.0560987587990205	1
14.125	34.25	0.000482485633114141	0.831020681115653	0.569559411178263	-0.0572641544418957	1
14.375	34.25	0.000482515425108742	0.813974785200556	0.590688212042332	-0.0595226160063276	1
14.625	34.25	0.000482548198240271	0.843652771583584	0.54848077612926	-0.0597560507399587	1
14.875	34.25	0.000482568985209798	0.792122052453819	0.618049511429346	-0.0626108921991174	1
15.125	34.25	0.000482584371512409	0.850151919794023	0.532551434879566	-0.0616889212219924	1
15.375	34.25	0.000482582427383344	0.785443261137536	0.628865281292262	-0.0644137515088267	1
15.625	34.25	0.000482562144736004	0.809101543733812	0.584428086560834	-0.0642543713104438	1
15.875	34.25	0.000482521423919216	0.858340453388858	0.529697647107958	-0.0638705089327023	1
16.125	34.25	0.000482470590028614	0.658292680614568	0.748499034474323	-0.0682605761849625	1
16.375	34.25	0.000482425790107462	0.982508482868592	-0.129385316854793	-0.0628031930757419	1
16.625	34.25	0.000482452828169154	0.968939616350003	-0.247965107755327	-0.0640727517560041	1
16.875	34.25	0.000482591419891596	0.935242805338043	-0.348211465847942	-0.0631587026958172	1
17.125	34.25	0.000482843928901351	0.975917007961778	-0.196810122013698	-0.0633946221554125	1
17.375	34.25	0.000483122016278765	0.972788698779986	-0.198105838759968	-0.0612782778593585	1
17.625	34.25	0.000483257469159674	0.986921506863308	-0.0922316300213272	-0.0600592582838123	1
17.875	34.25	0.000482990696064239	0.988735738058913	-0.0304615432056879	-0.0571856198871111	1
18.125	34.25	0.000482070149630993	0.991001637023424	0.0487344536599687	-0.0549242505957205	1
18.375	34.25	0.000480484082493756	0.990808336279994	0.0985131816694869	-0.0534518175620361	1
18.625	34.25	0.000478684201695972	0.98884599879488	0.13067940226328	-0.0528656672293771	1
18.875	34.25	0.000477713536496188	0.976445875230657	0.12795005499561	-0.0522165063092208	1
19.125	34.25	0.000479097864256	0.957072289487025	-0.163808820405197	-0.045249306961965	1
19.375	34.25	0.000484282190322176	0.847856790503168	-0.511724418224494	-0.0381523290888813	1
19.625	34.25	0.000493562399517918	0.829781893353205	-0.573753260611617	-0.0402102502961556	1
19.875	34.25	0.000504533911006071	0.918942292848199	0.377479159004712	-0.0422967143194051	1
20.125	34.25	0.000510743584387924	0.635914464354571	0.773619860894218	-0.0372235563738353	1
20.375	34.25	0.000505343652143198	0.893699994291479	0.453672316986838	-0.0427812814239539	1
20.625	34.25	0.000482044521436071	0.73053964193534	0.681220421182045	-0.038693351675104	1
20.875	34.25	0.000435792762065818	0.851563114935453	0.533596105426451	-0.0422710298886778	1
21.125	34.25	0.000360522069496276	0.809035539813901	0.590537626562684	-0.0412776781189038	1
21.375	34.25	0.000251208461019937	0.838984812306158	0.557147488020195	-0.0430247729314696	1
21.625	34.25	0.000103365404715574	0.845905925843895	0.546185185038886	-0.0445171737895096	1
21.875	34.25	-8.22101498992513e-05	0.848002702061453	0.54826799775256	-0.0460772700150498	1
22.125	34.25	-0.000293042006317342	0.861614209820313	0.529544062180435	-0.0486077344234347	1
22.375	34.25	-0.000499095983925174	0.864063384643022	0.528300249423167	-0.0508541610519489	1
22.625	34.25	-0.000650091954036081	0.872858430838478	0.516503169828411	-0.0538141166165391	1
22.875	34.25	-0.00068537629818807	0.881469151187766	0.504532760799519	-0.056665234634387	1
23.125	34.25	-0.000557616290328512	0.884211616143352	0.497660233045093	-0.0603420336419837	1
23.375	34.25	-0.00026656298283045	0.915398248771241	0.447113707752641	-0.062524041094793	1
23.625	34.25	0.000117493144683986	0.888289409408419	0.483197984369792	-0.0689387955374298	1
23.875	34.25	0.000467059419639809	0.977429833787337	-0.0191059230521722	-0.0670382773025836	1
24.125	34.25	0.000695685058134152	0.967127999408868	-0.194526727674161	-0.0579719221881354	1
24.375	34.25	0.000804539818760851	0.996316363095742	-0.0824287517417302	-0.0607555863612517	1
24.625	34.25	0.000826452850784835	0.977341144286073	-0.163704237323602	-0.0582952922489845	1
24.875	34.25	0.00078198441228135	0.974355059440581	-0.206664748331634	-0.0567524447915256	1
25.125	34.25	0.00070891968684241	0.969812531983723	-0.230738926694544	-0.0567946577627984	1
25.375	34.25	0.000659489658856965	0.962147308587209	-0.238553856777131	-0.0556998923811409	1
25.625	34.25	0.000660628468682138	0.973610423982815	-0.175716307012262	-0.0530085416619457	1
25.875	34.25	0.000701017046826994	0.985992066024506	-0.10653313422548	-0.0509053756722892	1
26.125	34.25	0.000764649019792486	0.987126450877011	-0.0907329546838594	-0.0492830412917601	1
26.375	34.25	0.000847481171605262	0.983159280327397	-0.0923614655728568	-0.0469408168075558	1
26.625	34.25	0.000945554708476646	0.980384384415761	-0.0881266161975887	-0.04346526679827	1
26.875	34.25	0.0010428369796842	0.979916362025099	-0.0881858515227029	-0.0396112017017001	1
27.125	34.25	0.00111540734118817	0.978954032702532	-0.101184125244747	-0.035955966414348	1
27.375	34.25	0.00114217183390483	0.975159925007598	-0.123306824035563	-0.0323104729506696	1
27.625	34.25	0.00111234194720146	0.967485774399105	-0.157421406144658	-0.0281373035660961	1
27.875	34.25	0.00102757412466362	0.956024057254371	-0.205430836363878	-0.0232717064295573	1
28.125	34.25	0.000897872323023038	0.944619568569851	-0.254963408763079	-0.0180296005893777	1
28.375	34.25	0.000734413383621707	0.936396410306788	-0.299410907708091	-0.013557909221004	1
28.625	34.25	0.000550718972376704	0.920866337879534	-0.35117157202246	-0.0107790550959764	1
28.875	34.25	0.000364023680183128	0.911443586385964	-0.364093336843571	-0.00751189733403267	1
29.125	34.25	0.000189115538865849	0.932836195303734	-0.333543307894445	-0.00293799091481732	1
29.375	34.25	5.20194898167326e-05	0.856412269511758	-0.4983885837437	-0.00461707726426536	1
29.625	34.25	-1.46002144906752e-05	0.88936671289535	-0.401012927323122	-5.62475094451399e-05	1
29.875	34.25	-2.75859975947779e-05	0.987859341062294	0.130141611054058	0.00518998186492556	1
30.125	34.25	-2.43862192399987e-05	1.00226472884811	0.155125623918713	0.00271924937270975	1
30.375	34.25	-1.64103155798102e-05	1.01067215011796	0.115272382406371	-0.00122543586312995	1
30.625	34.25	-8.17897250833784e-07	1.01453373470143	0.0827670953003536	-0.00535187047674136	1
30.875	34.25	2.90575430508184e-05	1.01736863763904	0.0498417601125519	-0.00973247214749768	1
31.125	34.25	7.71815638987539e-05	1.01882166789323	0.0176158731933965	-0.0143044404917786	1
31.375	34.25	0.000140495651153476	1.01893318246903	-0.011232901000901	-0.0189725927072644	1
31.625	34.25	0.00020720708432494	1.0179511577258	-0.0363196013438217	-0.0236409728500214	1
31.875	34.25	0.000259037151914377	1.014807391209	-0.0595304530537148	-0.0281935435928534	1
32.125	34.25	0.000277239724676415	1.00698033753267	-0.0664080156554302	-0.031887372798943	1
32.375	34.25	0.000249088972061958	0.988411020397109	-0.00147757049212798	-0.0326606871458619	1
32.625	34.25	0.000175600271136937	0.96042195453067	-0.067338915401368	-0.0256820718753644	1
32.875	34.25	8.55472567566913e-05	0.684857974878538	-0.696705614128645	-0.0140331402429003	1
33.125	34.25	1.58892151386156e-05	0.715103242648335	-0.706382050543536	-0.0164538987966281	1
33.375	34.25	-2.68268591783645e-05	0.781096744903057	-0.610825885578033	-0.0190932393223301	1
33.625	34.25	-4.66216887860811e-05	0.743416431915226	-0.653474660996077	-0.0159118893859178	1
33.875	34.25	-4.8400965608238e-05	0.766369399812675	-0.634943776095783	-0.0162772256132469	1
34.125	34.25	-3.73205312519258e-05	0.776491242355787	-0.621629373786949	-0.016304880931504	1
34.375	34.25	-1.75468974031228e-05	0.781902783497707	-0.618283105195308	-0.0163245824647272	1
34.625	34.25	7.82597902472652e-06	0.789292273525483	-0.613213534216049	-0.0170680394395593	1
34.875	34.25	3.6667610563898e-05	0.79360374436807	-0.611710594808299	-0.018235947339077	1
35.125	34.25	6.76533463986402e-05	0.79633304761553	-0.61213604408237	-0.0199037287303145	1
35.375	34.25	0.000100117355765909	0.798130328835026	-0.613101287686621	-0.0219584535646465	1
35.625	34.25	0.000133866433764153	0.796327248712094	-0.617453771232815	-0.0243288459494665	1
35.875	34.25	0.000168857704378546	0.79369714340188	-0.622969319989209	-0.0266913623412712	1
36.125	34.25	0.000204771247806821	0.779893300305738	-0.644272094875414	-0.029388249765843	1
36.375	34.25	0.000240438297766748	0.765303008275514	-0.668511294286224	-0.0328037758428771	1
36.625	34.25	0.000273770806956448	0.746891432186294	-0.700662050313162	-0.0372866944350943	1
36.875	34.25	0.000301661290474025	0.719468881001187	-0.718925377779222	-0.0454279292979673	1
37.125	34.25	0.000321173238973496	0.845160319604132	-0.606334948457061	-0.0439353447686535	1
37.375	34.25	0.000330788770337434	0.535501097201524	-0.841717237773074	-0.0672630208721013	1
0.125	34.75	0.000485595210300428	0.789031953403812	0.618832405811358	-0.0713661703167082	1
0.375	34.75	0.000485508476399152	0.889239811816116	0.46567961475479	-0.0723096704222653	1
0.625	34.75	0.000485356742947669	0.428518116881426	-0.887412455921565	-0.0735938794400467	1
0.875	34.75	0.000485178570247538	0.972867583795893	-0.154353845393299	-0.0684364835711662	1
1.125	34.75	0.000485012296442723	0.55875272828577	-0.814209133025742	-0.0665786290204186	1
1.375	34.75	0.000484866931046707	0.815034271588706	-0.576361078493775	-0.0648471429629937	1
1.625	34.75	0.000484777180526678	0.640225017254423	-0.756893709039632	-0.0661156788818012	1
1.875	34.75	0.000484710292659201	0.962941341138353	-0.160059498889143	-0.0626244957346116	1
2.125	34.75	0.000484679575922261	0.691885003757853	-0.708121741493721	-0.0546337369383875	1
2.375	34.75	0.000484691534340511	0.882663359297084	0.494918634514181	-0.0596732836659126	1
2.625	34.75	0.000484714726735425	0.724608670408258	0.700123959840896	-0.0597356622952393	1
2.875	34.75	0.000484754351104459	0.792429868443296	0.625076715625084	-0.0623607411522653	1
3.125	34.75	0.000484801892690823	0.740143670089611	0.680125865120312	-0.0631719472837659	1
3.375	34.75	0.000484861152707064	0.753142302196659	0.66623450367537	-0.064142884746908	1
3.625	34.75	0.000484922910174905	0.749096093857786	0.667603235544044	-0.0650906858241089	1
3.875	34.75	0.000484991152151285	0.746983546516667	0.670225217102281	-0.0654439487498654	1
4.125	34.75	0.000485058660522265	0.752144662804357	0.662779877265849	-0.0665055145062032	1
4.375	34.75	0.000485131600557427	0.748228279532118	0.665960407019261	-0.0665963480506597	1
4.625	34.75	0.000485204427808759	0.743835046107935	0.669291897518717	-0.067381870835154	1
4.875	34.75	0.000485282882768773	0.73655454143104	0.674318700675245	-0.0670659646238237	1
5.125	34.75	0.000485358482005009	0.727597940677362	0.683729668950768	-0.0670717345783823	1
5.375	34.75	0.000485423380783901	0.703837478082523	0.706146028296298	-0.0666101033755128	1
5.625	34.75	0.000485459003982398	0.723824484040781	0.68896719750922	-0.0660448684382802	1
5.875	34.75	0.000485435286254252	0.662693143421383	0.745795981454531	-0.0664634434598815	1
6.125	34.75	0.000485330401965983	0.784492677849099	0.622470531705821	-0.0652435248735252	1
6.375	34.75	0.000485157817660195	0.612210243059282	-0.791376610080671	-0.0671869919424361	1
6.625	34.75	0.000484937370076678	0.710675995658033	-0.69995134438927	-0.0657635615559954	1
6.875	34.75	0.000484701774753374	0.65583640720676	-0.751881606315896	-0.0664246944151887	1
7.125	34.75	0.000484447176552459	0.670466459251677	-0.737360597554098	-0.0652581124223391	1
7.375	34.75	0.000484194506484823	0.706598482659434	-0.701096604445103	-0.0653725897949345	1
7.625	34.75	0.000483944267316187	0.666911211120329	-0.739912884176576	-0.0638849110203755	1
7.875	34.75	0.000483712151881502	0.741923459564631	-0.663471286871611	-0.0642124365443927	1
8.125	34.75	0.000483496542849519	0.695983155063855	-0.712330068261604	-0.0625919321039058	1
8.375	34.75	0.00048330108063087	0.773326735884739	-0.626679556987777	-0.0629919110210572	1
8.625	34.75	0.000483120834037583	0.758724494164453	-0.642283376036063	-0.0613426670150282	1
8.875	34.75	0.000482953255604077	0.831653369890305	-0.544216919588396	-0.0609009181432344	1
9.125	34.75	0.000482796303491657	0.833145965526017	-0.542316958120223	-0.059301771107533	1
9.375	34.75	0.000482653079040631	0.870328778055684	-0.487157063794809	-0.0586331224542061	1
9.625	34.75	0.00048251812264049	0.847710331137151	-0.526819497172075	-0.0587319473570924	1
9.875	34.75	0.000482403178294653	0.868957055376858	-0.491512560011416	-0.0579648372931647	1
10.125	34.75	0.000482300227367706	0.83823901834789	-0.539851595898802	-0.0585270140296327	1
10.375	34.75	0.000482225198902005	0.862425236217179	-0.495229651204878	-0.0568624281700455	1
10.625	34.75	0.000482170139052091	0.833883788291594	-0.539361649306498	-0.0566755066147888	1
10.875	34.75	0.000482146186595108	0.858198187024255	-0.496706500888152	-0.0542307044166597	1
11.125	34.75	0.000482147974150269	0.813121455922685	-0.56233417268281	-0.0536218257630394	1
11.375	34.75	0.000482169938170256	0.884201885218	-0.444412697905783	-0.0498254757742171	1
11.625	34.75	0.000482212739248664	0.750986468686697	-0.643240503980623	-0.0496385918535065	1
11.875	34.75	0.000482238707838404	0.929532133643474	-0.321988246731514	-0.0458620706120143	1
12.125	34.75	0.00048225998702572	0.714950086128044	0.708955387621561	-0.0424210938799482	1
12.375	34.75	0.000482280303212368	0.864104807769003	0.528295034219591	-0.0484314335275507	1
12.625	34.75	0.00048229550156053	0.781844743693519	0.636187444573495	-0.0482589255480515	1
12.875	34.75	0.000482312680145626	0.830158310654921	0.574987280301558	-0.0516453065103931	1
13.125	34.75	0.000482330731183858	0.809941785144948	0.599507007439625	-0.0526459444558822	1
13.375	34.75	0.000482348715808775	0.823675203687215	0.580918988422469	-0.0548809627036457	1
13.625	34.75	0.000482371904974891	0.821722580242313	0.582276429261458	-0.0561919579478412	1
13.875	34.75	0.000482395568509206	0.821519329112612	0.581408259615411	-0.0580217293767111	1
14.125	34.75	0.000482425606646607	0.827900331041076	0.572552698566314	-0.0590980669318296	1
14.375	34.75	0.000482454530591578	0.808631034143649	0.596152452506901	-0.0610741356202429	1
14.625	34.75	0.000482488328353351	0.839525043734583	0.55441131855316	-0.0611389336264676	1
14.875	34.75	0.00048251372948529	0.774928525188575	0.636896922238623	-0.0640598456733008	1
15.125	34.75	0.000482534461243937	0.861704139912111	0.515781581210808	-0.0623248695816789	1
15.375	34.75	0.000482538106509176	0.734560345697364	0.684281754541999	-0.0663896514338756	1
15.625	34.75	0.000482518136958947	0.862967549884251	0.503885744434248	-0.0637013247147144	1
15.875	34.75	0.000482476216236073	0.760998018141584	0.659455583624034	-0.0664413538591093	1
16.125	34.75	0.000482411653146015	0.764045144112113	0.637340438208262	-0.0664979320559517	1
16.375	34.75	0.000482359766082772	0.888700290800669	-0.443800235079052	-0.0645977713108252	1
16.625	34.75	0.000482350918373433	0.974893754026813	-0.204967211573166	-0.0639821858709791	1
16.875	34.75	0.000482407285595143	0.936867750243168	-0.347698083971855	-0.0630556760803021	1
17.125	34.75	0.000482565811213304	0.969345964739567	-0.240022484057124	-0.0639405171686839	1
17.375	34.75	0.000482799488125328	0.954828934560055	-0.28839049794637	-0.062674339438548	1
17.625	34.75	0.000483033595761198	0.967764283050491	-0.239150474882835	-0.0629644241761323	1
17.875	34.75	0.000483106557926657	0.959542484364356	-0.257179349077961	-0.0614254003855152	1
18.125	34.75	0.000482793088549585	0.965603620655449	-0.223463076297351	-0.0599097365151763	1
18.375	34.75	0.000481929130200821	0.968763346800991	-0.191168196761129	-0.0573024841305291	1
18.625	34.75	0.00048056852709066	0.972957899407529	-0.154111024659546	-0.0539825888091811	1
18.875	34.75	0.000479173062103936	0.980462299854256	-0.113626803017779	-0.0502153136845315	1
19.125	34.75	0.000478713397398099	0.952866677554177	-0.227658608078227	-0.0478235883963377	1
19.375	34.75	0.00048054971204806	0.921219890517893	-0.330671814392839	-0.0408583961037518	1
19.625	34.75	0.000485935977784565	0.742900126318645	-0.668998809748468	-0.0380045387175759	1
19.875	34.75	0.000494929829732098	0.898917052972046	0.436558814147905	-0.0411242106991046	1
20.125	34.75	0.000504770568500163	0.704178092657363	0.716286241531815	-0.0379303691195811	1
20.375	34.75	0.000511761134156887	0.89153623178167	0.45983755218796	-0.0430148060034299	1
20.625	34.75	0.000511757688153835	0.746872489134278	0.669610023577433	-0.0397704043129507	1
20.875	34.75	0.000499968065736993	0.861580935931525	0.520932438862321	-0.0441392677580031	1
21.125	34.75	0.000470458550911421	0.808885933534534	0.595332259867632	-0.0432201866992968	1
21.375	34.75	0.000416908182419626	0.849993612808493	0.543160256738485	-0.0458835903826284	1
21.625	34.75	0.000332571773047654	0.848538808090093	0.544104676503576	-0.0472208633512028	1
21.875	34.75	0.000213343980449551	0.859867554665934	0.531210042520453	-0.0493700409705549	1
22.125	34.75	6.12257089396627e-05	0.871110741879353	0.514526864754713	-0.0519073527775714	1
22.375	34.75	-0.000111652386231508	0.877487797693921	0.506128593853019	-0.0545153342903684	1
22.625	34.75	-0.000280971021914964	0.887636436930875	0.488940109531304	-0.0575459748998063	1
22.875	34.75	-0.000414286903787048	0.89721594843664	0.472672437708613	-0.0603150788840326	1
23.125	34.75	-0.000481785469565694	0.893514618725827	0.473694759864434	-0.0637894751197552	1
23.375	34.75	-0.000471835137757885	0.918816388757717	0.417970264316666	-0.0650970924240369	1
23.625	34.75	-0.000403280849138339	0.881982168517587	0.49084325647153	-0.0679297002408004	1
23.875	34.75	-0.000318616034979975	0.881768325452678	0.476994431684909	-0.069379140355087	1
24.125	34.75	-0.000253909455449493	0.988280739477128	-0.0274156609762191	-0.0685573310602969	1
24.375	34.75	-0.000214646416855868	0.972679211050963	-0.159759107344012	-0.0635681770922866	1
24.625	34.75	-0.000200597003013826	0.985352222597554	-0.126950262134886	-0.0615338025098037	1
24.875	34.75	-0.000209284270596919	0.986864668764314	-0.130774478492992	-0.0603707812732845	1
25.125	34.75	-0.000231265997626248	0.980187993977328	-0.17449292605818	-0.0593688177750936	1
25.375	34.75	-0.000250014753306083	0.972399061755678	-0.200732928443397	-0.0582832999429599	1
25.625	34.75	-0.000252570205352693	0.977568809263059	-0.158668541516609	-0.0559877007459258	1
25.875	34.75	-0.000237597982780049	0.989236961961598	-0.0819694718166697	-0.0536253064187501	1
26.125	34.75	-0.000209041737098932	0.994312382659228	-0.0373586383104264	-0.0522881134664237	1
26.375	34.75	-0.00016889129739243	0.993493716504858	-0.017141619011903	-0.0510223052184089	1
26.625	34.75	-0.000118945453843539	0.990774173299554	0.00128194328981445	-0.0489822024244923	1
26.875	34.75	-6.48941666355366e-05	0.988280160632431	0.0118498474362821	-0.0462629927103602	1
27.125	34.75	-1.6100855094571e-05	0.985529663263667	0.00169973805875136	-0.0429901510384031	1
27.375	34.75	1.78867515774978e-05	0.981261170225396	-0.0333190924448328	-0.0389054418810412	1
27.625	34.75	3.09135893815574e-05	0.974442867547124	-0.0892932561133691	-0.0339143962102565	1
27.875	34.75	2.21907462476625e-05	0.964546431280361	-0.156159148068867	-0.0283612739059765	1
28.125	34.75	-4.45074172393333e-06	0.953461246556948	-0.219687324779003	-0.0228300348641304	1
28.375	34.75	-4.33366272195417e-05	0.943702259280792	-0.274289623707122	-0.0180901649912463	1
28.625	34.75	-8.84392072921055e-05	0.931937179080926	-0.324229400407022	-0.0148442360148984	1
28.875	34.75	-0.000133817323407657	0.919607539377317	-0.353674318239761	-0.0121520182257405	1
29.125	34.75	-0.000175079335505678	0.93073583333364	-0.334981679565645	-0.0083541212990231	1
29.375	34.75	-0.000206555793680499	0.903500215466733	-0.419949285236557	-0.00808948236266072	1
29.625	34.75	-0.000220174012151402	0.855722048483578	-0.478051730699676	-0.00789465474067579	1
29.875	34.75	-0.000219682753140672	0.980894846674208	-0.0709653143032384	-0.000263111380165303	1
30.125	34.75	-0.000216861184714848	0.999242655702486	0.125303380540257	0.000327818269013804	1
30.375	34.75	-0.000215684289577286	1.01118289924575	0.0940144301019002	-0.00303211254502752	1
30.625	34.75	-0.000214898198285114	1.01518442713359	0.0657330712098121	-0.00689267804051215	1
30.875	34.75	-0.000210641427476552	1.01785264877206	0.0396846235303745	-0.0112071999643493	1
31.125	34.75	-0.000198625701532834	1.01889377717527	0.0145505208809775	-0.0157733643592629	1
31.375	34.75	-0.000176326237522032	1.01834347157138	-0.010396283159618	-0.0203290074234656	1
31.625	34.75	-0.00014475578070547	1.01631183103726	-0.0355747329080793	-0.0246613490658172	1
31.875	34.75	-0.000109046288476506	1.01199923768478	-0.0588643040802142	-0.0285523130071792	1
32.125	34.75	-7.73414624985514e-05	1.00457443986959	-0.0621526716500638	-0.0313036764495712	1
32.375	34.75	-5.81856948560213e-05	0.999603502006304	0.0078383270230113	-0.0315347668674407	1
32.625	34.75	-5.60014334366922e-05	0.972384989780188	0.181769610365699	-0.0306913657807168	1
32.875	34.75	-6.40254558781949e-05	0.889323357946018	-0.380158545500249	-0.0248600925403863	1
33.125	34.75	-6.54918042984286e-05	0.617697164292976	-0.781248643490323	-0.0156417704157555	1
33.375	34.75	-5.50555398202784e-05	0.796708469819763	-0.609186499592539	-0.0239750441559909	1
33.625	34.75	-3.43296603950469e-05	0.741931194784622	-0.650978122762007	-0.0206123807187716	1
33.875	34.75	-6.08071423307409e-06	0.746121831197209	-0.658077595833051	-0.0199905077142264	1
34.125	34.75	2.67377660833985e-05	0.765650513774732	-0.633597854571689	-0.0205035078469063	1
34.375	34.75	6.19069462364508e-05	0.766679106596986	-0.6325338890372	-0.0199210560604477	1
34.625	34.75	9.77702579360406e-05	0.775892877160499	-0.624435620535989	-0.0201088944908452	1
34.875	34.75	0.000133296288605268	0.781836905447103	-0.619667400472803	-0.0205248362766364	1
35.125	34.75	0.000167936877045465	0.786239222156808	-0.617665110788756	-0.0213400463740685	1
35.375	34.75	0.000201519431675714	0.790502005108666	-0.616192236115981	-0.0225819607172364	1
35.625	34.75	0.000234126219896967	0.791905287830159	-0.617407258247413	-0.0243335752191923	1
35.875	34.75	0.000265868953908002	0.797708606287882	-0.612914171114717	-0.0261829116502514	1
36.125	34.75	0.000296598447489155	0.789257418240077	-0.624254398540639	-0.0285862869205166	1
36.375	34.75	0.000325416974006039	0.796377730545772	-0.61688834759133	-0.0303111277489442	1
36.625	34.75	0.000350686515944516	0.767194332740461	-0.667340805525282	-0.0327029377281393	1
36.875	34.75	0.00036984294884561	0.716842229468117	-0.716626908195869	-0.0398623669964512	1
37.125	34.75	0.000381117091063296	0.839874149810306	-0.612110423584466	-0.0384372318248508	1
37.375	34.75	0.000384931200685558	0.520880975838224	-0.845660299539648	-0.0620965897390941	1
0.125	35.25	0.000485349552344946	0.705062048262438	0.704877978308247	-0.0593779623874216	1
0.375	35.25	0.000485268832911368	0.84875013223081	0.529666528918654	-0.0589998247548611	1
0.625	35.25	0.000485112666522095	0.562850847606163	-0.8306676360821	-0.0598741150311855	1
0.875	35.25	0.000484952211195222	0.546730082509038	-0.836113111610205	-0.0597767372456569	1
1.125	35.25	0.000484777960380229	0.931731103045407	-0.332506923954598	-0.0601188383985783	1
1.375	35.25	0.000484629339763029	0.599719515784432	-0.794779313422587	-0.0547739636051483	1
1.625	35.25	0.000484525192453778	1.00247245327006	0.143765003961518	-0.0593466474994414	1
1.875	35.25	0.000484447020646432	0.682843167833073	0.73744377109123	-0.0614154889677037	1
2.125	35.25	0.000484405396544337	0.729236084228977	0.690909928170065	-0.0614556651134409	1
2.375	35.25	0.000484395351172829	0.692258201278289	0.728654972807385	-0.0624069415429482	1
2.625	35.25	0.000484421356836191	0.725256504113796	0.692480361101622	-0.0634280769472216	1
2.875	35.25	0.000484461372868588	0.718069152262313	0.698394896921557	-0.063540748903104	1
3.125	35.25	0.000484510911561187	0.736399719144197	0.679238958410196	-0.0642275290450108	1
3.375	35.25	0.00048456937559734	0.755324682100925	0.656503708212399	-0.0646144242552423	1
3.625	35.25	0.000484628311713214	0.751691814277278	0.661861487086303	-0.0649457987670933	1
3.875	35.25	0.000484690020089752	0.778011899601678	0.62981578794612	-0.0656045342844696	1
4.125	35.25	0.000484751803852232	0.760292858905121	0.649724421557875	-0.0658669634779593	1
4.375	35.25	0.000484817228668481	0.78250087801236	0.621755836053351	-0.0659139430150016	1
4.625	35.25	0.000484884774289531	0.753285806834501	0.654288163892601	-0.0661102680214352	1
4.875	35.25	0.00048496050855153	0.780229418481484	0.621690417647673	-0.0651225596851879	1
5.125	35.25	0.000485037045873531	0.73765073672548	0.671640953442336	-0.0655526992887291	1
5.375	35.25	0.000485110374187146	0.781294350297104	0.620609546436229	-0.0641911451244494	1
5.625	35.25	0.000485160490485304	0.74188592189871	0.670662009267216	-0.0650645326729046	1
5.875	35.25	0.000485149953939289	0.786229606772346	0.614789245509773	-0.0643986968858331	1
6.125	35.25	0.000485060415732705	0.799524322356112	0.604855943799738	-0.064566207929802	1
6.375	35.25	0.000484885697746383	0.760936420020093	-0.649589050874397	-0.0657911984768135	1
6.625	35.25	0.000484667683793245	0.714168583421716	-0.699454811309233	-0.0651118191974714	1
6.875	35.25	0.000484431982200365	0.753660601484028	-0.656174118818133	-0.0660937954529368	1
7.125	35.25	0.000484175642657447	0.661039193853924	-0.749145271089427	-0.0651693066426279	1
7.375	35.25	0.000483918568343605	0.749892451714977	-0.657696935647163	-0.0660771003353023	1
7.625	35.25	0.000483658100411065	0.648713147590106	-0.757855575126717	-0.0645470397556179	1
7.875	35.25	0.000483413214385935	0.747456449756752	-0.658888761022011	-0.0654341304829125	1
8.125	35.25	0.000483183399052934	0.6684368654036	-0.739012549767823	-0.0636400664323562	1
8.375	35.25	0.000482979927409761	0.751461754648776	-0.65408124630992	-0.064369541884277	1
8.625	35.25	0.000482800718552332	0.709863176322176	-0.697836984516384	-0.0627982085854858	1
8.875	35.25	0.000482644071974406	0.780866307170064	-0.61639657609938	-0.0628782166493578	1
9.125	35.25	0.00048250581690622	0.782486273265093	-0.611181745422801	-0.0613215276935984	1
9.375	35.25	0.000482385328079925	0.844543644963143	-0.523923150337547	-0.0601853771467257	1
9.625	35.25	0.000482279566301943	0.843066740634726	-0.528972067476607	-0.059263978036523	1
9.875	35.25	0.000482194093158058	0.871221966686526	-0.486960379201917	-0.0584064467184282	1
10.125	35.25	0.000482124938908194	0.846402801436164	-0.529952834180731	-0.0589584724825014	1
10.375	35.25	0.000482085248717557	0.867319533100903	-0.492790922744596	-0.0579987200056764	1
10.625	35.25	0.000482071460798198	0.835330733498365	-0.541192365959994	-0.0583549516530014	1
10.875	35.25	0.000482093480022979	0.874448893566041	-0.474033814621385	-0.0562079621235435	1
11.125	35.25	0.000482141493308741	0.803016171816868	-0.580368060809851	-0.0566042175686983	1
11.375	35.25	0.000482208189000711	0.908654546384003	-0.394867892250285	-0.0526216975043843	1
11.625	35.25	0.000482282468042655	0.734530618499406	-0.663717554940396	-0.0530431818934402	1
11.875	35.25	0.000482323894620997	0.943343861617506	-0.27361907678605	-0.0491188425478598	1
12.125	35.25	0.000482337967664314	0.698727735809208	0.724806963560649	-0.045010293596753	1
12.375	35.25	0.000482344817359708	0.874854934107475	0.509751581440816	-0.0515482860719522	1
12.625	35.25	0.000482344891921195	0.777399384425068	0.639868741058801	-0.0508195228148634	1
12.875	35.25	0.000482347916909722	0.837240445421633	0.563187388954216	-0.0542866511873414	1
13.125	35.25	0.000482354364076882	0.811187260179268	0.595921768694895	-0.0549417999037644	1
13.375	35.25	0.000482362500027338	0.826948789083573	0.574968374517225	-0.0570858382269947	1
13.625	35.25	0.000482377895253604	0.822323583159772	0.579948105700285	-0.0582363391163222	1
13.875	35.25	0.000482395264202404	0.821626525664011	0.580247624908627	-0.059900850078229	1
14.125	35.25	0.000482419658091026	0.824082308686407	0.576577386119438	-0.0609325651305399	1
14.375	35.25	0.000482444961785238	0.807188462554156	0.596862226076201	-0.0625826822526369	1
14.625	35.25	0.00048247372216499	0.831071607705175	0.565812638259636	-0.062700985305444	1
14.875	35.25	0.000482496638899629	0.766141767308624	0.644951982410637	-0.0652066383203934	1
15.125	35.25	0.000482512321368867	0.859378461490007	0.520742212226879	-0.0632687607155145	1
15.375	35.25	0.000482515161707071	0.690566526674693	0.725242158585555	-0.0677419428585469	1
15.625	35.25	0.000482494397278762	0.894877433917945	0.449369240909539	-0.0636770758568153	1
15.875	35.25	0.000482462546034371	0.653438956777111	0.763669260066606	-0.0687468322985832	1
16.125	35.25	0.000482412561637815	0.85957896704561	0.499412414978404	-0.0654964476633829	1
16.375	35.25	0.000482383638067053	0.819273994746607	-0.571292307398941	-0.0663754258470687	1
16.625	35.25	0.000482382399057826	0.935661549740745	-0.332894979372117	-0.0653682926591562	1
16.875	35.25	0.000482411035118038	0.92796289269001	-0.362038668086753	-0.0634531974589943	1
17.125	35.25	0.000482501112617437	0.976206601115536	-0.200640629280811	-0.0639494451442584	1
17.375	35.25	0.000482657891624488	0.969902552277802	-0.215562614969633	-0.0620368810273869	1
17.625	35.25	0.000482872748441116	0.989627368948166	-0.0611009662749599	-0.0609880463658204	1
17.875	35.25	0.000483067649664631	0.99085149031129	-0.00819607007748348	-0.0580753650947813	1
18.125	35.25	0.000483084502638025	0.993048304594132	0.0687028870423462	-0.0566698812107866	1
18.375	35.25	0.000482746692659789	0.992952893307193	0.103800448361881	-0.0559463300857836	1
18.625	35.25	0.000481947009474825	0.992333234402446	0.109320635129698	-0.0559684811794264	1
18.875	35.25	0.000480809682011411	0.987355630726648	0.107712602207485	-0.0552414980134263	1
19.125	35.25	0.000479826542837916	0.979177661213101	-0.000903023629862757	-0.0527199131160478	1
19.375	35.25	0.000479888302631717	0.966845813865391	-0.123722945853686	-0.0450172071816722	1
19.625	35.25	0.000482220981434818	0.794064055053293	-0.594986006796811	-0.0403383779768016	1
19.875	35.25	0.000487683514212454	0.831442284050766	0.554701930317443	-0.0421078486033382	1
20.125	35.25	0.000495616690803098	0.758403888318817	0.657951547681314	-0.0404888013363114	1
20.375	35.25	0.000504698822896933	0.869292654829185	0.496748032997685	-0.0436321026758352	1
20.625	35.25	0.000512966259567689	0.784093146734781	0.626688001455103	-0.0413994502794191	1
20.875	35.25	0.000517397092591116	0.872516834448886	0.500668187362973	-0.0450898208841737	1
21.125	35.25	0.000513913127743452	0.832713213217138	0.563675064614308	-0.0445026023635163	1
21.375	35.25	0.000497267406551609	0.869982349796636	0.511978822537995	-0.047458109348419	1
21.625	35.25	0.000461309441248012	0.864200920594052	0.521358705440187	-0.0490046119161287	1
21.875	35.25	0.000400472585621173	0.874712647094183	0.50821923572035	-0.0516371819106668	1
22.125	35.25	0.000311763097601325	0.879191201165583	0.501077824156217	-0.0542938002370778	1
22.375	35.25	0.00019742336936437	0.882994068443973	0.495499957074173	-0.0570025218425941	1
22.625	35.25	6.68012314250327e-05	0.886482216838976	0.488562757729706	-0.0598500726495912	1
22.875	35.25	-6.41968735175746e-05	0.890024834353125	0.482512227171184	-0.0623131073201753	1
23.125	35.25	-0.000176827277093179	0.884354982854563	0.486553804059122	-0.0652929133993164	1
23.375	35.25	-0.000255548408269343	0.909980546617803	0.449323304791997	-0.0658982210480554	1
23.625	35.25	-0.000295651692941334	0.849802702165178	0.544586131198598	-0.0721347659921997	1
23.875	35.25	-0.000302077442685365	0.956760121461818	-0.226088616500033	-0.0689098052624842	1
24.125	35.25	-0.000295528586200595	0.952832984380914	-0.279849593631491	-0.0637580642991541	1
24.375	35.25	-0.000287965508159858	0.990019744665341	-0.107187369330012	-0.0653491677088134	1
24.625	35.25	-0.000283146491289855	0.974982899264262	-0.174225571578207	-0.0616872709375076	1
24.875	35.25	-0.000283223774323375	0.980404910151652	-0.179874318393756	-0.0605105838593548	1
25.125	35.25	-0.00028772185817026	0.97818023061355	-0.197441354299448	-0.0600516189217339	1
25.375	35.25	-0.000294064107550487	0.970816859298557	-0.219297033572833	-0.0594747851517135	1
25.625	35.25	-0.000299576895929983	0.96976836158	-0.204863474864904	-0.0577331509645714	1
25.875	35.25	-0.000302909371315453	0.979884499432742	-0.142423421511313	-0.0551411867144212	1
26.125	35.25	-0.000303171007132282	0.987404585777041	-0.0880480299806807	-0.052820839150549	1
26.375	35.25	-0.000299102168759376	0.988991809648239	-0.0637111773379012	-0.0506830875780005	1
26.625	35.25	-0.000289781150876442	0.988201181271264	-0.052792975920281	-0.0481815377529432	1
26.875	35.25	-0.000275709015069446	0.98731434795911	-0.0494381209262805	-0.0453219266163577	1
27.125	35.25	-0.000259008321123998	0.986033804651637	-0.056041673301438	-0.0422911259025222	1
27.375	35.25	-0.000242551950223053	0.983012096597938	-0.0739830931985059	-0.0389865364588595	1
27.625	35.25	-0.00022863528277182	0.977266529163836	-0.10558328167725	-0.0351004163156735	1
27.875	35.25	-0.000217950858205829	0.968655386318479	-0.151812851549428	-0.0304945561827597	1
28.125	35.25	-0.000209485197514748	0.958463044806204	-0.20626011696587	-0.0255231700769492	1
28.375	35.25	-0.000201326316893983	0.949036216304131	-0.258003978981269	-0.021018066939404	1
28.625	35.25	-0.000191593154880725	0.940055314261026	-0.302417716097862	-0.0176991103519584	1
28.875	35.25	-0.000179132278002278	0.930176293527347	-0.333630552664449	-0.0152893787544764	1
29.125	35.25	-0.000164078159237429	0.932709904619814	-0.33096800974928	-0.0124514208074033	1
29.375	35.25	-0.000147632744655316	0.929745717999789	-0.36352783990025	-0.0111936174497653	1
29.625	35.25	-0.000132592944825815	0.871596420924061	-0.464157533878892	-0.0128775443974234	1
29.875	35.25	-0.00012416841130095	0.951057990148566	-0.226355629602004	-0.00634855314187717	1
30.125	35.25	-0.000123409738153855	0.994731278704669	0.09347818482721	-0.00270932073351192	1
30.375	35.25	-0.000126703561038887	1.00916224212701	0.0949861719229108	-0.00515884725958286	1
30.625	35.25	-0.000131340647882538	1.01473617504143	0.0657008129933717	-0.00897396805345653	1
30.875	35.25	-0.000135120837133105	1.0171941007795	0.0398086660777671	-0.0131602120051663	1
31.125	35.25	-0.000135824208758147	1.01841246343682	0.0155572366513119	-0.0175850966903288	1
31.375	35.25	-0.000131691751065846	1.01835148059623	-0.00736170221299961	-0.0220932805260147	1
31.625	35.25	-0.0001222840081266	1.01670047694072	-0.0285620976510373	-0.0264810898486803	1
31.875	35.25	-0.000109020595378671	1.01244209418518	-0.0448598340823071	-0.0303841603360425	1
32.125	35.25	-9.47203322666478e-05	1.0048141337704	-0.0398589913951376	-0.0329446231388645	1
32.375	35.25	-8.17852762142917e-05	0.997739743911117	0.0263817372888958	-0.0328825837154841	1
32.625	35.25	-6.9477104034811e-05	0.979714191304507	0.174801309368191	-0.0316249359775709	1
32.875	35.25	-5.23884225476453e-05	0.974231076821217	0.104535113708978	-0.0300367632901888	1
33.125	35.25	-2.50284766192448e-05	0.6567107380875	-0.731708340268228	-0.0205351692830041	1
33.375	35.25	8.95983581809561e-06	0.742614091264389	-0.679801716490705	-0.0251256804166998	1
33.625	35.25	4.67928534976232e-05	0.772516664542551	-0.617676923809342	-0.0261087333378719	1
33.875	35.25	8.65615142905023e-05	0.720831791567869	-0.682861922077604	-0.0230760816846922	1
34.125	35.25	0.000126089093970961	0.757175397013051	-0.645621552848153	-0.0246240966101635	1
34.375	35.25	0.000164309301096506	0.752167794807225	-0.647887727621159	-0.0238554316772125	1
34.625	35.25	0.000200454737788177	0.76065403626387	-0.640384440765794	-0.0238355374290785	1
34.875	35.25	0.00023421998510333	0.767418294741688	-0.633171363805023	-0.0239352771196123	1
35.125	35.25	0.000265615553213747	0.771839247986625	-0.629708042486566	-0.0241707720871566	1
35.375	35.25	0.000294837486511108	0.77654059422456	-0.626926945844059	-0.0246872195867126	1
35.625	35.25	0.000322152522317494	0.777733580957389	-0.62853267263955	-0.0256611304962768	1
35.875	35.25	0.000347692608426802	0.784610334216364	-0.62401373586539	-0.0268199882717711	1
36.125	35.25	0.000371254645901	0.782119808420503	-0.630052481710286	-0.0287808896019513	1
36.375	35.25	0.000391951986870618	0.792713800250846	-0.615411424293778	-0.0305733577889143	1
36.625	35.25	0.000408407246084903	0.799127350102326	-0.615493886777846	-0.0316200901268911	1
36.875	35.25	0.000418694098872827	0.744006908150003	-0.675170519755129	-0.0364502373175663	1
37.125	35.25	0.000422147381406636	0.851595160863048	-0.595511214144903	-0.0334506097445565	1
37.375	35.25	0.000420892878208331	0.480950455566204	-0.865704820877648	-0.0590245040444466	1
0.125	35.75	0.000485240044265357	0.783648200011759	0.633971082899262	-0.0687967369703896	1
0.375	35.75	0.000485161472218354	0.781727133425547	0.631495069930473	-0.0725209698869969	1
0.625	35.75	0.000484996407815088	0.919199136594943	-0.373626483560783	-0.07006416018519	1
0.875	35.75	0.000484811214656089	0.0433833123897466	-0.99717424539375	-0.0691579183483704	1
1.125	35.75	0.000484618012610676	0.423570752900061	-0.898710470615249	-0.0690160446233035	1
1.375	35.75	0.000484450488975864	0.374311926205872	-0.918118439058172	-0.0682841095240767	1
1.625	35.75	0.000484316540644683	0.351182456796575	-0.923221823574119	-0.0665479125253657	1
1.875	35.75	0.000484229194312524	0.915443564074713	0.367580664142392	-0.0663371048295115	1
2.125	35.75	0.000484161169350262	0.693763431079545	-0.708265493892268	-0.0594281001425714	1
2.375	35.75	0.000484153143201085	0.869649807802191	0.503837764255197	-0.0635789121987162	1
2.625	35.75	0.000484166265839592	0.739856635589776	0.673806034307969	-0.0620454615306177	1
2.875	35.75	0.000484183032759063	0.811362467430486	0.593028931253729	-0.0638299707871416	1
3.125	35.75	0.000484213871335916	0.7934570913875	0.610012738009136	-0.0643495373042926	1
3.375	35.75	0.00048425257070347	0.776060292287405	0.636865281219098	-0.0644831936428545	1
3.625	35.75	0.000484293953060041	0.793929037493914	0.611312882335463	-0.0659925524596204	1
3.875	35.75	0.000484345554126719	0.757040444638862	0.655903162177499	-0.0656252482401986	1
4.125	35.75	0.000484398259750764	0.762582119650864	0.64743502554425	-0.0666571651246175	1
4.375	35.75	0.000484461299177739	0.74216560102464	0.669163922152148	-0.0659331652034616	1
4.625	35.75	0.000484527692135184	0.729166277550407	0.682451250258997	-0.066402780252609	1
4.875	35.75	0.00048460675783218	0.737646372393634	0.673551014413005	-0.0654555979632779	1
5.125	35.75	0.000484689308988997	0.710041642039824	0.702950026197198	-0.0661169162386199	1
5.375	35.75	0.000484771483592421	0.755758693323704	0.65478622800853	-0.0651158249234007	1
5.625	35.75	0.000484828729928933	0.71948839828313	0.695435247342679	-0.0664046630758841	1
5.875	35.75	0.000484825919531237	0.791603030606449	0.61121942909051	-0.065375645989607	1
6.125	35.75	0.00048474302589707	0.764040689792573	0.650482736805783	-0.0666684334918319	1
6.375	35.75	0.000484568444585471	0.795284483597016	-0.602827950985476	-0.0668484760700511	1
6.625	35.75	0.000484354705928672	0.691417701295991	-0.720813533045342	-0.0660449008426844	1
6.875	35.75	0.000484124630309099	0.781613270624065	-0.62129950826606	-0.0668055337038903	1
7.125	35.75	0.000483875833519032	0.641919215935106	-0.766180756374057	-0.0657003178346524	1
7.375	35.75	0.000483627671041096	0.763687444760315	-0.642486119549381	-0.0669722301475713	1
7.625	35.75	0.000483373537146418	0.627352315885948	-0.776831655106363	-0.0652892093693797	1
7.875	35.75	0.000483132783620461	0.744940667074528	-0.663015931892165	-0.0666611251179633	1
8.125	35.75	0.000482903406462704	0.64362039175739	-0.76142862093253	-0.0647272725493745	1
8.375	35.75	0.000482699745031599	0.733147992284211	-0.675253006379993	-0.0657511372923996	1
8.625	35.75	0.000482524315725635	0.677137276776614	-0.730358829980346	-0.0640830677429189	1
8.875	35.75	0.000482378837889182	0.739231416483328	-0.667506652024037	-0.0644824780056164	1
9.125	35.75	0.0004822629914866	0.727736861997971	-0.677516975870669	-0.0631736321643782	1
9.375	35.75	0.000482170807795463	0.784614945580375	-0.609154907106375	-0.0625474623619727	1
9.625	35.75	0.000482100707479266	0.80850330137028	-0.575282383561403	-0.0609997491027275	1
9.875	35.75	0.000482053496932534	0.849276897902521	-0.516263211675395	-0.0596482547178605	1
10.125	35.75	0.000482029214476099	0.858524707868698	-0.506293823575638	-0.0588871959375338	1
10.375	35.75	0.000482034651348094	0.864734783635921	-0.499863727927863	-0.0585830974793172	1
10.625	35.75	0.000482069652348935	0.853737679214473	-0.515916920771321	-0.0588324131568864	1
10.875	35.75	0.000482145077259569	0.874367608631316	-0.481624885475421	-0.0577254270075184	1
11.125	35.75	0.000482245383662272	0.815793728174888	-0.567115670927427	-0.058593804581313	1
11.375	35.75	0.00048235960782744	0.918231353548304	-0.378554924680047	-0.0552023689374569	1
11.625	35.75	0.000482465393976566	0.739243284901667	-0.661520846349543	-0.0560666333774433	1
11.875	35.75	0.000482514478106606	0.955861056047829	-0.224884086790208	-0.0524943718623961	1
12.125	35.75	0.000482513026581186	0.691727428213462	0.729713681937716	-0.0477349924020911	1
12.375	35.75	0.000482501476670026	0.885665739756537	0.48815348101721	-0.0543833621320351	1
12.625	35.75	0.000482481944719194	0.77761042307842	0.637280129385362	-0.0530861780491073	1
12.875	35.75	0.000482466491776317	0.84284001388809	0.553051181121399	-0.0564966585184243	1
13.125	35.75	0.000482457697443497	0.811996358519758	0.593169067694853	-0.0568651166607096	1
13.375	35.75	0.000482451776009625	0.825977471877205	0.575322363554271	-0.0588956659151773	1
13.625	35.75	0.000482455245245373	0.819454244079697	0.582790112001086	-0.0599192714005682	1
13.875	35.75	0.000482461234514604	0.815200978648084	0.588291624121321	-0.0614194037193955	1
14.125	35.75	0.000482474449959279	0.814315122906673	0.588532495453262	-0.0623643268864081	1
14.375	35.75	0.000482489078975159	0.798600863857351	0.607462832980148	-0.0636341439613524	1
14.625	35.75	0.00048250467851433	0.809419569827828	0.594241828513796	-0.0639427154038043	1
14.875	35.75	0.000482517728111878	0.758894112419336	0.652168538134658	-0.0656140310065978	1
15.125	35.75	0.000482521582359183	0.831585653950161	0.564290752782537	-0.0643033089007638	1
15.375	35.75	0.000482519459270635	0.666163108168881	0.74399597530323	-0.0680762189259296	1
15.625	35.75	0.000482499181137991	0.903697396875082	0.43898804046042	-0.0638368314641166	1
15.875	35.75	0.000482480191546925	0.53176538934313	0.847209807904547	-0.0706049207043222	1
16.125	35.75	0.000482450910655305	0.960489752476071	0.235420303427725	-0.0638803323249954	1
16.375	35.75	0.000482448380415225	0.832837773204253	-0.562877211566878	-0.0653416700102258	1
16.625	35.75	0.000482478358638776	0.909501423369392	-0.41339783723873	-0.0665263483533314	1
16.875	35.75	0.000482521087193231	0.87990848041759	-0.463774440372899	-0.0651148942125111	1
17.125	35.75	0.000482595508155828	0.951897378137193	-0.292862938263104	-0.0645694578605068	1
17.375	35.75	0.000482710961851308	0.936958891657571	-0.348200171392107	-0.063512623349917	1
17.625	35.75	0.000482886349167706	0.95776063378608	-0.279097768304191	-0.0646376782665922	1
17.875	35.75	0.000483095435527851	0.943133715396129	-0.311980376664545	-0.062656095426893	1
18.125	35.75	0.00048325230539995	0.958388090905004	-0.256514501200369	-0.0616422201258991	1
18.375	35.75	0.000483235108473477	0.963288929312535	-0.213665907328512	-0.0591040334014702	1
18.625	35.75	0.000482907900470621	0.974584821636278	-0.130444615097785	-0.0553755863457209	1
18.875	35.75	0.000482217163244113	0.983598964722373	-0.0600408515847425	-0.0511126971259459	1
19.125	35.75	0.000481312480415914	0.9781845871373	-0.108541531988856	-0.0483655356040625	1
19.375	35.75	0.000480662139288226	0.986959720805627	0.0381272547143242	-0.0434669894763869	1
19.625	35.75	0.000481093825534243	0.886899003143647	-0.446212930941894	-0.0423660949653958	1
19.875	35.75	0.000483440747542068	0.804760828298404	0.587200483244161	-0.0406980866311606	1
20.125	35.75	0.00048802528401103	0.825078965345169	0.575052297849348	-0.041177858736249	1
20.375	35.75	0.00049482280375734	0.87031012836806	0.498144146163334	-0.0432891568971943	1
20.625	35.75	0.000503316323182309	0.823591005079649	0.579773423070532	-0.0428058602269317	1
20.875	35.75	0.000512197945597412	0.878491242777346	0.495064945825137	-0.0464130420389284	1
21.125	35.75	0.000519312890189277	0.847808792631374	0.546767863112417	-0.0469250908549026	1
21.375	35.75	0.000521293928113116	0.875472435444575	0.506205007474171	-0.0502299259922764	1
21.625	35.75	0.000513746289968716	0.869166472097779	0.516226174527957	-0.0521851554233899	1
21.875	35.75	0.000491734038460488	0.87942242297208	0.501463541185706	-0.0550884039554964	1
22.125	35.75	0.000450892411957258	0.883429029081305	0.494138873453318	-0.0578058111743707	1
22.375	35.75	0.000389061009659542	0.889313725062005	0.484422476355461	-0.0606241080507427	1
22.625	35.75	0.000307957586275581	0.893766416703204	0.474597262328624	-0.0635892237069051	1
22.875	35.75	0.000214255344825352	0.905131155687673	0.454311896480397	-0.0660192830288444	1
23.125	35.75	0.000119316080832657	0.895762348924048	0.466140813905009	-0.0695296604831251	1
23.375	35.75	3.75523196892541e-05	0.936613756975173	0.38003339538064	-0.0703882621137144	1
23.625	35.75	-1.87500830928301e-05	0.87748118333974	0.492741941240695	-0.0746305607666514	1
23.875	35.75	-4.21294631174835e-05	0.958613096631478	0.254429938197591	-0.0736546406381989	1
24.125	35.75	-4.86739858838398e-05	0.961876287381974	-0.22202488063572	-0.0701250316106632	1
24.375	35.75	-5.10903610047711e-05	0.978787051179221	-0.126957465643203	-0.0676094479195343	1
24.625	35.75	-5.0630948363091e-05	0.97746336178307	-0.15401193399426	-0.0638113220861759	1
24.875	35.75	-4.95198171849363e-05	0.984895971733327	-0.141071045671713	-0.0624884622393087	1
25.125	35.75	-4.86862823071364e-05	0.983339099742428	-0.159177862092751	-0.0614459325238152	1
25.375	35.75	-4.94261792463306e-05	0.979228262476375	-0.179442587279524	-0.0607349425260786	1
25.625	35.75	-5.33816748811586e-05	0.976876326763014	-0.174306436599213	-0.0594105501337737	1
25.875	35.75	-6.14753253870058e-05	0.982896490725327	-0.123976774704101	-0.0571090009097438	1
26.125	35.75	-7.2788902187195e-05	0.990182029628854	-0.0634113401192386	-0.0549022003707557	1
26.375	35.75	-8.51322761107119e-05	0.992973756960543	-0.0284668718494894	-0.0532190791088499	1
26.625	35.75	-9.63193723241148e-05	0.992571424858044	-0.012370047293868	-0.051515918975591	1
26.875	35.75	-0.00010476192344951	0.990937198353827	-0.00672758033947775	-0.0494307057685561	1
27.125	35.75	-0.000109552445222372	0.988603545339214	-0.0131011292533085	-0.0468621734160425	1
27.375	35.75	-0.00011030342453887	0.985029383588689	-0.0346550728964358	-0.0436489700656578	1
27.625	35.75	-0.000106840379787308	0.979466131346449	-0.072842609119976	-0.0396138814966533	1
27.875	35.75	-9.89457012171055e-05	0.971392396339325	-0.125984467798823	-0.0347856385346975	1
28.125	35.75	-8.63246443241598e-05	0.961253838040561	-0.187181732767427	-0.0295833287064378	1
28.375	35.75	-6.87639216011631e-05	0.950903769047258	-0.245861278918194	-0.0247829420906449	1
28.625	35.75	-4.63331283381158e-05	0.941785885728036	-0.294039133674318	-0.0211046107424405	1
28.875	35.75	-1.96335299046047e-05	0.933237430297343	-0.328338803342302	-0.0185963391268024	1
29.125	35.75	9.85294073104767e-06	0.930873128202189	-0.338885463554389	-0.0163706229215013	1
29.375	35.75	3.9350086921225e-05	0.93406858127326	-0.349938290311553	-0.0148381744323541	1
29.625	35.75	6.3695803785483e-05	0.895390510099518	-0.43235833527848	-0.0163495296351259	1
29.875	35.75	7.60110394404387e-05	0.913560518367649	-0.352079944628851	-0.0132088032282318	1
30.125	35.75	7.56886707909901e-05	0.988309619182198	-0.0249430064428937	-0.00742459094426633	1
30.375	35.75	6.90790284012345e-05	1.00490929657237	0.0695921275375524	-0.00742211360029646	1
30.625	35.75	6.09308100030897e-05	1.01357728184997	0.0547680021716913	-0.0106451666765374	1
30.875	35.75	5.34304713073162e-05	1.0165391978652	0.0340981360137797	-0.0146268924368585	1
31.125	35.75	4.76731198509628e-05	1.01774670594157	0.0137751020949102	-0.0189311946632614	1
31.375	35.75	4.40373408452749e-05	1.01750588445525	-0.00559960816744346	-0.0233112059441959	1
31.625	35.75	4.19714417310313e-05	1.01549063093766	-0.0226697447256752	-0.0274832579955176	1
31.875	35.75	3.99585926620253e-05	1.01077778896698	-0.0320463486403464	-0.0309857367390267	1
32.125	35.75	3.64036333782782e-05	1.00265756616079	-0.0152681108224543	-0.0329020634488363	1
32.375	35.75	3.17656803069217e-05	0.99119770719315	0.0644361899435587	-0.0320789122747815	1
32.625	35.75	3.08615931828809e-05	0.979201723554477	0.200293952252181	-0.0292245497826924	1
32.875	35.75	4.2156967915525e-05	0.926367766799056	0.385760671861334	-0.0315912394433288	1
33.125	35.75	7.12950896734941e-05	0.85338636670476	-0.483023129062013	-0.0299418523909895	1
33.375	35.75	0.000109088514038292	0.639963189756364	-0.769401179765468	-0.02439828521572	1
33.625	35.75	0.000148579703203309	0.816364055243089	-0.573420126193352	-0.0317572835743312	1
33.875	35.75	0.000188047393609672	0.708821665947252	-0.690362827948806	-0.0267139393331011	1
34.125	35.75	0.000225339921792086	0.749598338347004	-0.656549421321405	-0.0284927265404595	1
34.375	35.75	0.000259829846730621	0.745999316559482	-0.654794928518437	-0.0280170089804375	1
34.625	35.75	0.000291210238623585	0.749972208745043	-0.652301795071319	-0.0277611705828953	1
34.875	35.75	0.000319522530879668	0.759294880187018	-0.641597077421467	-0.027895116525711	1
35.125	35.75	0.000345093834677767	0.764262402323816	-0.635904929541808	-0.0278663419731097	1
35.375	35.75	0.000368339448604858	0.770230273637703	-0.629989916806467	-0.0279666919978422	1
35.625	35.75	0.000389645420263596	0.771334974539893	-0.630145054405398	-0.0282877272416996	1
35.875	35.75	0.00040912965469321	0.776073180699698	-0.627699992488935	-0.0286281024457165	1
36.125	35.75	0.000426442508223863	0.770389928484792	-0.638092313599239	-0.0297617247519178	1
36.375	35.75	0.000440531312566095	0.782604768926263	-0.626298170147304	-0.0308827250312794	1
36.625	35.75	0.000449951438803641	0.780658414014524	-0.636265406180353	-0.032463812773544	1
36.875	35.75	0.000453085226621876	0.768208847758812	-0.63197539051238	-0.0365332855014021	1
37.125	35.75	0.000450209078878617	0.911034025469431	-0.498185199209783	-0.0295069351431065	1
37.375	35.75	0.000445058206830857	0.400795433302768	-0.903785754685484	-0.0584232948214873	1
0.125	36.25	0.000485105113507134	0.606732566836285	0.79476155697974	-0.0638396956648991	1
0.375	36.25	0.000485044665877801	0.906201080744584	0.415691003151664	-0.0640164225237222	1
0.625	36.25	0.000484913678022115	0.721650510454197	0.682631166312536	-0.0627021067337615	1
0.875	36.25	0.000484749074987233	0.980639768602158	0.221187386383621	-0.061095285653669	1
1.125	36.25	0.000484567619719659	0.329516427036921	-0.953065372646608	-0.0657489994487648	1
1.375	36.25	0.000484367579213371	0.836015465564482	-0.566643943679167	-0.0617414412424164	1
1.625	36.25	0.000484202677072882	0.247894007741367	-0.973659888773417	-0.070381542648553	1
1.875	36.25	0.000484084674601968	0.974980117310164	0.188619790132882	-0.0615515807501286	1
2.125	36.25	0.000484010438482379	0.805188248320708	0.603181448773739	-0.0673413281164542	1
2.375	36.25	0.000483972709588741	0.670525415340372	0.730540577293768	-0.0645713554814382	1
2.625	36.25	0.00048395278026699	0.679066430561	0.74058817886905	-0.0645180847430557	1
2.875	36.25	0.000483949734890108	0.79814439129964	0.601143338706541	-0.066498138615288	1
3.125	36.25	0.000483960769967414	0.661440905641854	0.753663846822048	-0.0647343531782165	1
3.375	36.25	0.000483980318763772	0.784478488049226	0.623444093646173	-0.0674736802475895	1
3.625	36.25	0.000484009439715393	0.683481544161846	0.729331076768941	-0.0660889088455207	1
3.875	36.25	0.000484044902678487	0.750889733178206	0.660022028980222	-0.0672162405379957	1
4.125	36.25	0.000484087488178878	0.703198218834171	0.706731081967352	-0.0663740397023006	1
4.375	36.25	0.000484136808141414	0.743525462566602	0.66534884161795	-0.0660123077322223	1
4.625	36.25	0.000484194864802036	0.720359206785767	0.688770038758363	-0.0658139019707371	1
4.875	36.25	0.000484266079190663	0.766851146769454	0.639289180066372	-0.0647618389378368	1
5.125	36.25	0.000484344170362101	0.741004125015685	0.669100075754377	-0.0655789037608397	1
5.375	36.25	0.000484423064754853	0.81761015350146	0.57579654792697	-0.0642415607179661	1
5.625	36.25	0.000484480523684864	0.766674782774874	0.643343177091315	-0.0660452326989871	1
5.875	36.25	0.000484481684621112	0.866911946983412	0.501934079226013	-0.0646682179988895	1
6.125	36.25	0.000484408812241567	0.790582345644193	0.619989440598057	-0.0671290609712328	1
6.375	36.25	0.000484237610674768	0.868830686717537	-0.488300893692615	-0.0667405507413929	1
6.625	36.25	0.000484029426504013	0.721449959372272	-0.691088519492013	-0.0658633328027289	1
6.875	36.25	0.000483807249036574	0.849842124056224	-0.52340202635401	-0.0668496544516528	1
7.125	36.25	0.000483568270376174	0.663525230694439	-0.748765815889946	-0.0652988329295502	1
7.375	36.25	0.000483332332262798	0.811972240488072	-0.581972222210103	-0.0673301619766328	1
7.625	36.25	0.00048309248003417	0.639469988178646	-0.768399877065465	-0.0652869256899522	1
7.875	36.25	0.000482865843849618	0.766639601355541	-0.640375218121598	-0.0673687558958634	1
8.125	36.25	0.000482651021079982	0.644010958748251	-0.762658170817456	-0.0653806313294574	1
8.375	36.25	0.000482460249034641	0.731154976328979	-0.679457492748611	-0.0668130981710215	1
8.625	36.25	0.0004822991054753	0.662772330538372	-0.744683321975759	-0.0652478452551828	1
8.875	36.25	0.000482171397803124	0.716680550715923	-0.693316273934241	-0.0658278973471573	1
9.125	36.25	0.000482081728308012	0.689738994096704	-0.718292638787966	-0.0647730560481381	1
9.375	36.25	0.000482025220992935	0.732754632651874	-0.673610793758632	-0.0645084557030419	1
9.625	36.25	0.000481999868435728	0.739967734756809	-0.662593961425566	-0.0635306136830319	1
9.875	36.25	0.000482001970300405	0.796959619040179	-0.590933213967324	-0.0621373950512423	1
10.125	36.25	0.000482032067452215	0.816104957016472	-0.563772424664206	-0.0607996757486223	1
10.375	36.25	0.000482095383118886	0.866670138841857	-0.489527691301033	-0.0590724451658812	1
10.625	36.25	0.000482190817320967	0.837396427837472	-0.539955882733646	-0.0593432975147353	1
10.875	36.25	0.000482324603745509	0.901129724157259	-0.433198280305661	-0.0577991684557739	1
11.125	36.25	0.000482483058117888	0.788895533465339	-0.609691080100469	-0.05980376904426	1
11.375	36.25	0.000482644233328509	0.946367893876431	-0.308763327867237	-0.0567034761622969	1
11.625	36.25	0.0004827792165281	0.715734405521011	-0.690533070351389	-0.058167559134412	1
11.875	36.25	0.000482832336827363	0.971789524476262	-0.139006696902927	-0.0549411784338126	1
12.125	36.25	0.000482809840194669	0.67979373595584	0.739967026205887	-0.0495253012393308	1
12.375	36.25	0.000482774764929168	0.896526212628263	0.467195156951619	-0.0565593544357094	1
12.625	36.25	0.000482728931609835	0.770597269128278	0.64491456755949	-0.0548120028371016	1
12.875	36.25	0.000482689617805154	0.848378520477199	0.544262060385032	-0.0584631477137372	1
13.125	36.25	0.00048265857224723	0.8065087489465	0.600090398582589	-0.0586041417132465	1
13.375	36.25	0.000482632368191219	0.825219489637398	0.575891151826456	-0.0607534791357459	1
13.625	36.25	0.000482617236332939	0.812986103365206	0.590746122478245	-0.0615779160990592	1
13.875	36.25	0.000482605086301666	0.80786044430622	0.597123391552958	-0.0630417621982023	1
14.125	36.25	0.00048260120977025	0.804313991488577	0.600268498267746	-0.063727496317517	1
14.375	36.25	0.000482598540739741	0.788316563463347	0.620006462198297	-0.0648015885240652	1
14.625	36.25	0.000482596721844915	0.789517474218148	0.617585931063935	-0.0651268606705828	1
14.875	36.25	0.000482595130962108	0.761595915971246	0.649572798147752	-0.0659862534575576	1
15.125	36.25	0.000482582925773557	0.788252760016429	0.619961559390858	-0.0657669790945413	1
15.375	36.25	0.000482571625236295	0.699955243362187	0.710773312437832	-0.0672775876509549	1
15.625	36.25	0.000482546301841143	0.845789172515366	0.542528669181093	-0.0651124597278512	1
15.875	36.25	0.000482532887185551	0.535398847780257	0.838953603911297	-0.0694716826349307	1
16.125	36.25	0.000482531044831191	0.96214790014534	-0.224735115198664	-0.0638013504249788	1
16.375	36.25	0.000482566501530142	0.898832869715332	-0.44356380273168	-0.0638161275942	1
16.625	36.25	0.000482629429372843	0.922096893711551	-0.399664690884638	-0.0653953283131582	1
16.875	36.25	0.000482705315850965	0.884477552827139	-0.466189302261857	-0.0663287283936927	1
17.125	36.25	0.000482794359394869	0.944930094425122	-0.298406300571831	-0.0656599619539861	1
17.375	36.25	0.000482889627229665	0.960552238745591	-0.247294657942323	-0.0622446961637524	1
17.625	36.25	0.000483019110041234	0.993995319677714	-0.0107739181576325	-0.0619291477673891	1
17.875	36.25	0.000483195011147042	0.993305040814122	-0.00567934413313406	-0.059510568953921	1
18.125	36.25	0.000483389763900466	0.995712337329368	0.0702514330811418	-0.0588222129058087	1
18.375	36.25	0.000483531501838569	0.997069276259109	0.0859176697634347	-0.0587908453159077	1
18.625	36.25	0.000483510260629891	0.996796265150655	0.0548113220483028	-0.0593737694085212	1
18.875	36.25	0.000483230821469443	0.990537704772526	0.0324604783136378	-0.0581459296021932	1
19.125	36.25	0.00048266088329319	0.976359757061022	-0.013823378562313	-0.0551109686458296	1
19.375	36.25	0.000481947502405831	0.977788701866716	-0.00295080486674141	-0.0465814058639305	1
19.625	36.25	0.000481472780825792	0.964630316917689	-0.202854234688975	-0.0441990602836686	1
19.875	36.25	0.000481841975153948	0.746617617946799	0.662576647438041	-0.0398040782536481	1
20.125	36.25	0.000483645374735658	0.874556456472334	0.506150455799133	-0.0438513441255247	1
20.375	36.25	0.000487307287963701	0.847233198771154	0.538833143955405	-0.0445708832429024	1
20.625	36.25	0.000493045355633836	0.845824030435034	0.550759214663193	-0.0458257045233302	1
20.875	36.25	0.000500658200901306	0.874165000847133	0.502749732223358	-0.0486394061829594	1
21.125	36.25	0.000509383872551816	0.859596608298653	0.529513906231521	-0.0498027668346066	1
21.375	36.25	0.000517552032692788	0.880647109313336	0.496580895671548	-0.0528521882347994	1
21.625	36.25	0.000522564435443927	0.877391951746991	0.502127280113206	-0.0549400628618343	1
21.875	36.25	0.000520896537117272	0.88620061211101	0.488349014081199	-0.057796201857324	1
22.125	36.25	0.000508640261371327	0.888306464677018	0.483589836279199	-0.0604275856362852	1
22.375	36.25	0.000482443959187999	0.892167688500058	0.475858023517904	-0.0630478755415649	1
22.625	36.25	0.000440892156659365	0.892677625338551	0.471897966540221	-0.0655916475462894	1
22.875	36.25	0.000386038205714462	0.895782193327144	0.464369940541475	-0.0675036781363713	1
23.125	36.25	0.000324433094707454	0.884940885712562	0.476208154123736	-0.0698033847635067	1
23.375	36.25	0.000267209961859974	0.90337205667383	0.446657458439727	-0.0694757895796626	1
23.625	36.25	0.000226251796810524	0.834516437368994	0.556120846875707	-0.073600502295156	1
23.875	36.25	0.00021002625371642	0.922888534440814	-0.360203578243665	-0.0700571381716564	1
24.125	36.25	0.000205280495414991	0.948448386593965	-0.315147653313821	-0.0690809413189285	1
24.375	36.25	0.000202354508859647	0.984336908555308	-0.113521952927018	-0.06986582390131	1
24.625	36.25	0.000202155927863878	0.966192774771608	-0.205570697906897	-0.0648444370478868	1
24.875	36.25	0.000203152684357203	0.979672720840208	-0.179994858259023	-0.0639861302081085	1
25.125	36.25	0.000205041556677454	0.978087143866967	-0.190994719429122	-0.0631628027774607	1
25.375	36.25	0.000206456046912666	0.974482458242546	-0.206368590854022	-0.0625528414038875	1
25.625	36.25	0.000205184214265006	0.97079851202762	-0.208653228657809	-0.0614945296837386	1
25.875	36.25	0.000199352140021465	0.974396289165024	-0.172643549705882	-0.0593384993673868	1
26.125	36.25	0.000188774204077072	0.982914137255856	-0.109646345575163	-0.0565692224323614	1
26.375	36.25	0.000174890679005974	0.988436231369606	-0.0601656405631701	-0.0540298841504461	1
26.625	36.25	0.00015965806272491	0.990402909172817	-0.0352419742443856	-0.051789816073239	1
26.875	36.25	0.000144901083399253	0.990501956948493	-0.0260732080863236	-0.0495839408611145	1
27.125	36.25	0.000132224860917966	0.98946252953865	-0.0277603060627722	-0.0472261202678939	1
27.375	36.25	0.000123047246180599	0.987026628122165	-0.040137127135047	-0.0445147813035025	1
27.625	36.25	0.00011858188768083	0.982610256121974	-0.0654958032693876	-0.0411749578394263	1
27.875	36.25	0.000119725062298447	0.975837064557644	-0.10623449712047	-0.0370127191894414	1
28.125	36.25	0.000126881581237682	0.966953674820922	-0.160253635142284	-0.0322081768004045	1
28.375	36.25	0.000139879658062365	0.957328622678303	-0.21799340492525	-0.0274550833499918	1
28.625	36.25	0.000158079850281337	0.948858769038252	-0.267878574431984	-0.0235875741408255	1
28.875	36.25	0.000180515908523569	0.941907105447091	-0.304084261620763	-0.0209445753845834	1
29.125	36.25	0.00020577957468484	0.938187535034195	-0.322443451608499	-0.0190712708991901	1
29.375	36.25	0.000231546101227807	0.940554069660737	-0.330838555359885	-0.0177797477711274	1
29.625	36.25	0.000253651132931402	0.922327415504616	-0.383246689959955	-0.0187125015286547	1
29.875	36.25	0.000266216942962436	0.906501820612224	-0.383868374294884	-0.0183203067530269	1
30.125	36.25	0.000266923092665495	0.973688790770965	-0.131014688795007	-0.0122840945901488	1
30.375	36.25	0.00026034123675828	1.00030192613739	0.0453400221636587	-0.0101279947820805	1
30.625	36.25	0.000251571150588046	1.01200407565507	0.0494105958324441	-0.0126362450843929	1
30.875	36.25	0.000243154243106416	1.01607297805901	0.0303635400488153	-0.0164929302156056	1
31.125	36.25	0.000235957965710937	1.01730027629047	0.0114100626376217	-0.0207311946296247	1
31.375	36.25	0.000229731046400476	1.01695775422215	-0.0058936330114293	-0.0250388404388069	1
31.625	36.25	0.000223141245896724	1.0147397746941	-0.0198954846724989	-0.0290983199962907	1
31.875	36.25	0.000214023476320414	1.00967115141895	-0.0241996233290074	-0.0323811769624614	1
32.125	36.25	0.000200569635349314	1.00120328534429	0.00137865497783848	-0.0339129655038714	1
32.375	36.25	0.000183693967547958	0.98899574124023	0.0931086113141428	-0.0327545050926417	1
32.625	36.25	0.000169275179687023	0.97528985239782	0.227904371064162	-0.0303174697375451	1
32.875	36.25	0.000167046495400845	0.933038147251605	0.386770661636337	-0.0331158316380032	1
33.125	36.25	0.000184388328102384	0.983275203279299	-0.0828965433512422	-0.0353779180667354	1
33.375	36.25	0.000215118657055669	0.616523991826196	-0.777254657043808	-0.0264392595426885	1
33.625	36.25	0.000248161819396434	0.823902083812558	-0.573909071399552	-0.0349051549137764	1
33.875	36.25	0.000281012014442971	0.732132667375852	-0.662966410780509	-0.0312461756332654	1
34.125	36.25	0.000311640476485407	0.735641149210153	-0.671940894142762	-0.0314760105304197	1
34.375	36.25	0.000339329233419651	0.744728293318717	-0.65743845865009	-0.0320194952438416	1
34.625	36.25	0.000363989474731437	0.735019550584789	-0.669146496656067	-0.0313493075790554	1
34.875	36.25	0.00038571780474398	0.745877629260698	-0.657986814266933	-0.0317683324204598	1
35.125	36.25	0.000404946339372172	0.750210359164521	-0.652365994834903	-0.031778659021111	1
35.375	36.25	0.000422153566882035	0.758765425105562	-0.642619165523078	-0.0318970994099434	1
35.625	36.25	0.000437769684995789	0.762928477749234	-0.63721522497198	-0.0320411478302892	1
35.875	36.25	0.000451905879857351	0.770372372629111	-0.629495543651166	-0.0318940197794661	1
36.125	36.25	0.000464114648994166	0.763148846163255	-0.639625966298835	-0.0323382081104329	1
36.375	36.25	0.000473204434655073	0.772987352770406	-0.629308517077517	-0.032295897487719	1
36.625	36.25	0.000477600304890766	0.77223334974435	-0.64620665613929	-0.0327453412049336	1
36.875	36.25	0.000475741531908002	0.711806516368172	-0.69226673495737	-0.0381437877443023	1
37.125	36.25	0.000468356650021694	0.974117094520969	-0.364045262438796	-0.0292514186083274	1
37.375	36.25	0.00046035258825415	0.344475902215647	-0.927853687108361	-0.0601682469870872	1
0.125	36.75	0.000485099902842197	0.657713104939123	0.760312431547493	-0.069021925553622	1
0.375	36.75	0.000485028196812593	0.934167408883664	0.348234042092409	-0.0713787524395665	1
0.625	36.75	0.000484888082373717	0.828857988092779	-0.54591997936751	-0.0669096451995558	1
0.875	36.75	0.000484722722416636	0.918235693440558	-0.354812701095487	-0.0685569415827472	1
1.125	36.75	0.000484491648115964	0.875998126963714	-0.457756937990931	-0.0602371062410741	1
1.375	36.75	0.00048425395214813	0.0180271851033507	-0.989457521120953	-0.0631744289195147	1
1.625	36.75	0.000484038147412054	0.411261247773009	-0.914989933949972	-0.0612440367118621	1
1.875	36.75	0.000483875981336159	-0.0785554907335205	-0.986081046187754	-0.0637720877464275	1
2.125	36.75	0.00048379143867733	0.984296330795797	0.0835235838540376	-0.0624632305295359	1
2.375	36.75	0.000483736885870941	0.681986467332622	0.74281245782001	-0.057918288510468	1
2.625	36.75	0.00048371361195324	0.924826408879015	0.405080289397632	-0.0656935617557883	1
2.875	36.75	0.000483696700366583	0.709406154255556	0.709790870037076	-0.062860246121292	1
3.125	36.75	0.00048369517784532	0.831062433320906	0.56468681803837	-0.0668551705663673	1
3.375	36.75	0.000483702978679573	0.739259028448077	0.672122695898101	-0.0652655817303485	1
3.625	36.75	0.000483716195827783	0.774327146577286	0.632316848663728	-0.0663251349301382	1
3.875	36.75	0.00048374014769468	0.751803950822344	0.65527127067465	-0.0653567785306015	1
4.125	36.75	0.000483767024579541	0.754445444275365	0.652759969083462	-0.0652688677744634	1
4.375	36.75	0.00048380507918328	0.768260416702933	0.63705701172238	-0.0645446603978674	1
4.625	36.75	0.000483851984543791	0.756252935903693	0.652709707304361	-0.0647335811541295	1
4.875	36.75	0.000483912491535892	0.79735937972886	0.605026335963335	-0.0643015791318927	1
5.125	36.75	0.000483979941709264	0.771351802227725	0.637945470366272	-0.0655050696124655	1
5.375	36.75	0.000484049776307911	0.83736071612931	0.553147979828624	-0.0647509660388869	1
5.625	36.75	0.000484102808426276	0.768456340394062	0.645402273821054	-0.0673614871535298	1
5.875	36.75	0.000484105749851943	0.870354986714311	0.502589819508037	-0.0660758736225483	1
6.125	36.75	0.000484039565446891	0.744695707688396	0.675864580650576	-0.069767604990746	1
6.375	36.75	0.000483875238144244	0.875197540879004	-0.469057025948865	-0.0682055959393579	1
6.625	36.75	0.000483676261566808	0.697211015253531	-0.713291742876233	-0.0667776287659874	1
6.875	36.75	0.000483468145180526	0.88039757370995	-0.465238871186716	-0.0676437972889416	1
7.125	36.75	0.000483246861550507	0.664413865856656	-0.746734231616315	-0.0651836541443564	1
7.375	36.75	0.000483030338801308	0.845747638762028	-0.531225886626732	-0.0677017185897691	1
7.625	36.75	0.00048281413498693	0.658546056137022	-0.751845591961002	-0.0651139578960737	1
7.875	36.75	0.000482611379049699	0.792837378471984	-0.608786087752838	-0.067622120047343	1
8.125	36.75	0.000482423844112843	0.664710643339657	-0.745422469829599	-0.0655307301863985	1
8.375	36.75	0.000482259736634133	0.745196566366322	-0.665593305669615	-0.0672542502037204	1
8.625	36.75	0.000482127709182704	0.673718483792524	-0.736104907637521	-0.0658123369774124	1
8.875	36.75	0.000482029960636415	0.715538435217546	-0.695928301835912	-0.0666287034396972	1
9.125	36.75	0.000481976235539235	0.685145395405115	-0.724377830992089	-0.0656895906209044	1
9.375	36.75	0.000481962344922688	0.707893202506248	-0.701905012282503	-0.0658144454020033	1
9.625	36.75	0.000481991071048743	0.707609684109705	-0.700394216718778	-0.0650386507621609	1
9.875	36.75	0.000482055083704042	0.733199500354874	-0.67183912336472	-0.0645117833361242	1
10.125	36.75	0.000482152541769054	0.763073906934755	-0.633878774527867	-0.0633405083372292	1
10.375	36.75	0.000482285430661926	0.810717211689537	-0.572066641696866	-0.06167399792517	1
10.625	36.75	0.000482451368060921	0.82718928228073	-0.547718749894074	-0.0606071619890454	1
10.875	36.75	0.000482653409165238	0.893037086056837	-0.442998904275742	-0.0587038213643074	1
11.125	36.75	0.000482873450490564	0.810717022741073	-0.581930380806597	-0.0598403534083252	1
11.375	36.75	0.00048307909989729	0.949091499907266	-0.309641025325644	-0.0580610082819488	1
11.625	36.75	0.000483238195151652	0.742969040879915	-0.666399740308105	-0.0595267438137453	1
11.875	36.75	0.000483286132561272	0.977965257221575	-0.107484391575053	-0.0576060375508315	1
12.125	36.75	0.000483237123700055	0.685332110813169	0.733770856191364	-0.0518493999850866	1
12.375	36.75	0.000483174040816407	0.905993212969211	0.445950972827676	-0.0588990100816852	1
12.625	36.75	0.000483099273418216	0.77381772450737	0.639494814633233	-0.0567511355742029	1
12.875	36.75	0.000483029709494062	0.851370401526516	0.538218772142955	-0.0603881724522867	1
13.125	36.75	0.000482970021233411	0.802861345677421	0.60348057056508	-0.0603140007722272	1
13.375	36.75	0.000482915043964914	0.818272667806349	0.584069853939384	-0.0622957413584389	1
13.625	36.75	0.000482872452169552	0.801608988177241	0.604472820234489	-0.0628875936208562	1
13.875	36.75	0.000482833565543907	0.791275982331359	0.617096748215276	-0.0641563216306683	1
14.125	36.75	0.000482804871193293	0.788483186665344	0.619528855367217	-0.0645264913995684	1
14.375	36.75	0.000482777406337728	0.764666607185014	0.647756534381041	-0.0655661532704155	1
14.625	36.75	0.000482752906497373	0.771999285963158	0.637746498085299	-0.0655378016592983	1
14.875	36.75	0.000482727802842882	0.741979811931156	0.672708555722293	-0.0663636788339487	1
15.125	36.75	0.000482693649836562	0.754813441001301	0.656550143687725	-0.0663466267894706	1
15.375	36.75	0.000482663509943087	0.722737624356912	0.691252756983358	-0.0665933360423097	1
15.625	36.75	0.00048263039020079	0.753337171061522	0.659864390302063	-0.0667694854843446	1
15.875	36.75	0.000482621434608521	0.661454153586665	0.745120950149759	-0.0670797496708684	1
16.125	36.75	0.000482661968295745	0.811852397732884	-0.575119328994793	-0.0659122389606712	1
16.375	36.75	0.000482747516040899	0.870880425053099	-0.481345683358096	-0.0652296359097446	1
16.625	36.75	0.000482851639310468	0.924743479809157	-0.379223867486301	-0.0642486214108992	1
16.875	36.75	0.000482966608193029	0.868808859200769	-0.506741257323701	-0.0653268939173404	1
17.125	36.75	0.000483090356144937	0.906600683585927	-0.420531803471085	-0.0671772158849569	1
17.375	36.75	0.000483214351273533	0.858723265327052	-0.506382887602297	-0.065276724426699	1
17.625	36.75	0.000483352493455483	0.936607781858732	-0.334715778912735	-0.0661275073708633	1
17.875	36.75	0.000483521078288946	0.924454260064409	-0.360590164808707	-0.0630934079770473	1
18.125	36.75	0.000483722247514921	0.951197966146721	-0.286684281371649	-0.0627833258876792	1
18.375	36.75	0.000483929663557136	0.957310452285164	-0.232087460454887	-0.0602959645500723	1
18.625	36.75	0.000484074026077109	0.978815312376604	-0.0770539307842323	-0.0557269899211046	1
18.875	36.75	0.000484050299673203	0.985468153548273	0.0194219378127673	-0.0515324473757388	1
19.125	36.75	0.000483762553576104	0.984297244799879	0.0285947892160768	-0.0487290794240904	1
19.375	36.75	0.000483193789136996	0.992866132273509	0.00390207490498692	-0.0440654877915023	1
19.625	36.75	0.000482463413914683	0.986551060404028	0.0899673550319806	-0.0453528068512373	1
19.875	36.75	0.000481924779151137	0.736641138741228	0.681228192168884	-0.0395476499898803	1
20.125	36.75	0.000482062330826034	0.912817216302434	0.43754850145268	-0.0465173071945625	1
20.375	36.75	0.000483314283040758	0.84154718033121	0.547562559479786	-0.0455129495719528	1
20.625	36.75	0.00048611978399332	0.87139015830442	0.512218589106883	-0.0482483648777716	1
20.875	36.75	0.000490788706958843	0.87811731179801	0.496933239989175	-0.050488331307263	1
21.125	36.75	0.000497327695316353	0.873185245171859	0.509664420195316	-0.0524358046841373	1
21.375	36.75	0.000505205127827085	0.885622283127951	0.489118436757574	-0.0554753307004715	1
21.625	36.75	0.000513191002391471	0.883164633534518	0.493395752506925	-0.057883716704359	1
21.875	36.75	0.000519195099661352	0.889220712554688	0.482945400448493	-0.0607750418281189	1
22.125	36.75	0.000520459736768721	0.890443358322104	0.479036794594268	-0.063391807444535	1
22.375	36.75	0.000514057762643368	0.894320500709292	0.470993110843521	-0.0658999285735006	1
22.625	36.75	0.000497883454439667	0.893299663634681	0.469226025282025	-0.0684178112670706	1
22.875	36.75	0.000471985254326216	0.904774546928861	0.448109354633508	-0.0700607656415684	1
23.125	36.75	0.000439758649199414	0.885692899239563	0.478632252799046	-0.0730559974426675	1
23.375	36.75	0.000408358715130047	0.933355141031995	0.385789683165911	-0.073118275605646	1
23.625	36.75	0.000386225027499261	0.858992699312827	0.522497497221213	-0.0778920913678875	1
23.875	36.75	0.000379159002431292	0.98291549140043	-0.0522332629566857	-0.075861890734432	1
24.125	36.75	0.000377883155988979	0.914974330099979	-0.383267071143586	-0.0702810391974259	1
24.375	36.75	0.000376380270499382	0.987162122423928	-0.093632976337151	-0.0723439724844614	1
24.625	36.75	0.000376470791092009	0.963911743762561	-0.203703567443262	-0.0664189507891063	1
24.875	36.75	0.000377151565991079	0.983332143368633	-0.14665727487002	-0.0652373832243854	1
25.125	36.75	0.000378654801299278	0.983776598892023	-0.148173959462099	-0.0639035658009089	1
25.375	36.75	0.000380339894139062	0.983017494952313	-0.159822241121476	-0.0630594862337093	1
25.625	36.75	0.000380746206292714	0.980556284328145	-0.165055461301705	-0.0622388562910874	1
25.875	36.75	0.000378289434271071	0.980875243259567	-0.143753291261674	-0.06060693386115	1
26.125	36.75	0.000372227943240487	0.985760337859799	-0.0949740198443935	-0.0582677339697329	1
26.375	36.75	0.000363007638305361	0.990206277481185	-0.049775350812129	-0.0560401407577994	1
26.625	36.75	0.000351732699350126	0.992099318368441	-0.0252664614937287	-0.0541715447860006	1
26.875	36.75	0.000339648055566345	0.992034443755743	-0.0165374020965173	-0.0523744149876252	1
27.125	36.75	0.00032801495361606	0.990647776751432	-0.0187707022246589	-0.0503584677041443	1
27.375	36.75	0.00031812454077442	0.98793330595117	-0.0318434483397807	-0.0478830620201958	1
27.625	36.75	0.000311239405657093	0.983437081641226	-0.0578535304658056	-0.0447010623546018	1
27.875	36.75	0.00030840593543393	0.976632790965374	-0.0989842690085128	-0.0406405627031464	1
28.125	36.75	0.000310198611813141	0.967380502539093	-0.154110448063883	-0.0358283071957218	1
28.375	36.75	0.000316571487737361	0.956716016519284	-0.215076476908395	-0.030873945518393	1
28.625	36.75	0.000326972773199261	0.947021576244743	-0.269225345337665	-0.0266519510516805	1
28.875	36.75	0.000340614641844996	0.939887105651407	-0.308484271950823	-0.0237024294901714	1
29.125	36.75	0.000356555960076095	0.935751726889195	-0.331115682694345	-0.0218639875677822	1
29.375	36.75	0.000373394243234839	0.936473651730642	-0.34073809999519	-0.0207625196561351	1
29.625	36.75	0.000388640415351194	0.929973617535926	-0.369028057915193	-0.0211605641370109	1
29.875	36.75	0.00039855735419423	0.906902835971505	-0.400142505059301	-0.0221699857422176	1
30.125	36.75	0.000400585760644225	0.948709928713844	-0.25037405695925	-0.0179775634420267	1
30.375	36.75	0.000396450589533544	0.992760603572367	-0.0244838149646381	-0.0139029744958302	1
30.625	36.75	0.000389800263496975	1.00757452413512	0.0340960059315227	-0.0145500659080559	1
30.875	36.75	0.000382995671076643	1.01440783386379	0.0284656505250492	-0.0178111439249203	1
31.125	36.75	0.000376910643977688	1.0164165101505	0.0146031868344951	-0.0218418789949443	1
31.375	36.75	0.000371232840827914	1.01601962257833	0.00143911223792417	-0.0259938273544982	1
31.625	36.75	0.000364505779115904	1.01327574286202	-0.00671815332082342	-0.0297847810894672	1
31.875	36.75	0.000354406510198219	1.00750058599841	-0.000761561403288974	-0.0325622408946348	1
32.125	36.75	0.000338890263637157	0.998531598480437	0.0407595095061254	-0.0334142076277419	1
32.375	36.75	0.000318369265334657	0.98541416900229	0.141740566030745	-0.032081775346553	1
32.625	36.75	0.000297756491476867	0.96431015827729	0.267852763012538	-0.0309797411778587	1
32.875	36.75	0.000285819257346164	0.946136142304938	0.353775556563772	-0.0321405655995125	1
33.125	36.75	0.000290227074750339	0.95342307112937	0.309534425147877	-0.0368067851940043	1
33.375	36.75	0.000310352669528484	0.710568002066284	-0.689120872975349	-0.0329534688650006	1
33.625	36.75	0.000334221844832626	0.786731790263537	-0.623284695971379	-0.0363984787651771	1
33.875	36.75	0.00035812468792272	0.791615469474161	-0.593390044792654	-0.0368610635955541	1
34.125	36.75	0.000380571564442467	0.730903323471504	-0.673532204169248	-0.0343789749301149	1
34.375	36.75	0.000400628264627242	0.761966794023909	-0.638172457322607	-0.0361210940434588	1
34.625	36.75	0.000418323037125021	0.733408148694936	-0.669366763268791	-0.034748054731445	1
34.875	36.75	0.000433682739093174	0.741770012232209	-0.663010791126611	-0.0352782080662542	1
35.125	36.75	0.000447108319475133	0.741199077154188	-0.663189531606432	-0.0353040835811509	1
35.375	36.75	0.000459021855972236	0.748495097704912	-0.655398612585681	-0.035572547378292	1
35.625	36.75	0.000469806965184772	0.754248088820961	-0.647810359963204	-0.0358632436157924	1
35.875	36.75	0.000479534923132015	0.763974114242392	-0.635671559550736	-0.0357813037025318	1
36.125	36.75	0.000487701411516961	0.764409800929753	-0.635575900294613	-0.0359181304150792	1
36.375	36.75	0.000493059446988143	0.763444483602499	-0.631686883059082	-0.0357028439860217	1
36.625	36.75	0.000493971253767019	0.797283692293246	-0.609954045732156	-0.0338499777988573	1
36.875	36.75	0.0004889440521775	0.658219210125513	-0.741674092067838	-0.0403720693156802	1
37.125	36.75	0.000478815871979492	0.989316171277524	-0.310220405116862	-0.0300151755051121	1
37.375	36.75	0.000468963591364254	0.364921329936157	-0.925397715344066	-0.0603946260470007	1
0.125	37.25	0.000484901953650174	0.598947849880017	0.800797031603603	-0.0676332068244698	1
0.375	37.25	0.000484841222310549	0.976320117395305	0.206828511236341	-0.0676158848225483	1
0.625	37.25	0.00048474329279349	0.786393339962314	0.618059327135962	-0.0669045211444054	1
0.875	37.25	0.000484616851610914	0.956092580541612	0.306929437288887	-0.0683825852242003	1
1.125	37.25	0.000484438713782356	0.766990479227629	0.651864386498121	-0.0693802450483118	1
1.375	37.25	0.000484203906770118	0.891833796750896	0.439240053551437	-0.0716348767803219	1
1.625	37.25	0.000483956327888528	0.423885767943083	-0.903686669177602	-0.0669546073888858	1
1.875	37.25	0.000483755160011543	0.334521446290878	-0.945845201557535	-0.0717475474339384	1
2.125	37.25	0.00048361926200035	0.433965384569004	-0.896504200944988	-0.0671526817499706	1
2.375	37.25	0.000483549044211358	0.781713829000446	0.624047935650652	-0.0707850837969358	1
2.625	37.25	0.000483500188673613	0.537156785501248	0.840651535849486	-0.0672843062478008	1
2.875	37.25	0.000483479797232185	0.776709748335153	0.628145541994714	-0.0696665500559915	1
3.125	37.25	0.000483468817806048	0.619480327907307	0.778794612953181	-0.0670530589473155	1
3.375	37.25	0.000483467790647094	0.743980912325128	0.663560930205354	-0.0678227346629074	1
3.625	37.25	0.000483469899463562	0.672940659623055	0.733031412577285	-0.0661284562718247	1
3.875	37.25	0.000483477316249469	0.738308920741108	0.669951943366891	-0.0661055895855899	1
4.125	37.25	0.00048348846235346	0.727491377214458	0.681011188391257	-0.0652875963556635	1
4.375	37.25	0.000483508953749853	0.765391876198817	0.642796207900513	-0.0649593649815445	1
4.625	37.25	0.000483537539192054	0.76805451813439	0.64040219138133	-0.065497784879611	1
4.875	37.25	0.000483578868100509	0.815170453446315	0.582865332426129	-0.0651187448890417	1
5.125	37.25	0.000483629041772143	0.785603729561938	0.622515992904486	-0.0666911756613298	1
5.375	37.25	0.000483687831937721	0.852844871739114	0.531033823711281	-0.0660075993296619	1
5.625	37.25	0.00048373567836222	0.770844229522403	0.642968889179644	-0.0689787171058141	1
5.875	37.25	0.000483740347728314	0.885608322934721	0.475458546090488	-0.0673616293520269	1
6.125	37.25	0.000483682395703579	0.743040506134506	0.677420336867861	-0.0714933198436749	1
6.375	37.25	0.000483522693585222	0.905129473464449	-0.403979238764195	-0.0694913797882955	1
6.625	37.25	0.000483328666660092	0.678279712359513	-0.731048780210216	-0.0675518077476464	1
6.875	37.25	0.00048313256570055	0.90961157895033	-0.40206267986863	-0.0687816041290047	1
7.125	37.25	0.000482928304205492	0.655969998785492	-0.753163749173941	-0.0653343801752345	1
7.375	37.25	0.000482733690268789	0.870164223574106	-0.489997209890767	-0.0684068470435134	1
7.625	37.25	0.000482545833716383	0.667957354357102	-0.74304374759029	-0.0652050264652232	1
7.875	37.25	0.000482374871834341	0.813546330459644	-0.581520406317595	-0.0680785184016394	1
8.125	37.25	0.000482224760095978	0.681915230449691	-0.729992203686884	-0.0657706660250539	1
8.375	37.25	0.000482099736443454	0.760692955600236	-0.648946943517933	-0.0677049072807831	1
8.625	37.25	0.000482010621465051	0.687598547569758	-0.724033718740546	-0.0663057429121035	1
8.875	37.25	0.000481956913502854	0.723013732039723	-0.689550665543246	-0.0672706268836721	1
9.125	37.25	0.00048195098557893	0.687583576821583	-0.72312908097883	-0.0665072789436078	1
9.375	37.25	0.000481989467115455	0.705247160117573	-0.706366658446886	-0.0667082686414215	1
9.625	37.25	0.000482078494843525	0.686577310880775	-0.722478133942036	-0.0663177475274317	1
9.875	37.25	0.000482212708193367	0.713745346654334	-0.695990076085479	-0.0657766523052144	1
10.125	37.25	0.000482389092080132	0.690857532256836	-0.714724935232393	-0.0656394467699845	1
10.375	37.25	0.000482603896706436	0.772718248190011	-0.625212061819063	-0.0638046620667215	1
10.625	37.25	0.000482851971601648	0.714007962906534	-0.686553982624723	-0.0637265225541723	1
10.875	37.25	0.000483125869750084	0.889351275205267	-0.439222745153042	-0.0604219340397817	1
11.125	37.25	0.000483415425254405	0.730609414786023	-0.673589968323061	-0.0606756945536301	1
11.375	37.25	0.000483664619868606	0.971378368153763	-0.221389238816232	-0.0584755227427849	1
11.625	37.25	0.000483847621774394	0.692855750590131	-0.720052354206548	-0.0592766829856094	1
11.875	37.25	0.000483882422690504	0.986205516497836	0.0485332998103197	-0.0586391141454892	1
12.125	37.25	0.000483801609524881	0.68618525913303	0.732370893824653	-0.05314061079933	1
12.375	37.25	0.000483709397675921	0.907690744400491	0.441765392744841	-0.0600220455116155	1
12.625	37.25	0.00048359756511273	0.757917133359572	0.658925061715441	-0.0579153030528587	1
12.875	37.25	0.000483491942501639	0.84467465251278	0.548985213709718	-0.0617441580264556	1
13.125	37.25	0.000483394771318939	0.781619702987158	0.630725359727232	-0.0615776488626531	1
13.375	37.25	0.000483305260647969	0.805839707547269	0.600568864966158	-0.0636332943745131	1
13.625	37.25	0.000483229704742399	0.781031578499149	0.629979756120526	-0.0640532980867819	1
13.875	37.25	0.000483160308924293	0.775947189863279	0.635139249793965	-0.065247764512192	1
14.125	37.25	0.000483102496222449	0.771988097694418	0.639230532872946	-0.0654088274566996	1
14.375	37.25	0.000483045910171317	0.747363026042697	0.666567419803134	-0.06643754999222	1
14.625	37.25	0.000482992543414636	0.763848091614692	0.647252925240741	-0.0660770126925656	1
14.875	37.25	0.000482936435853088	0.721542070359947	0.693614102200632	-0.0671768509516481	1
15.125	37.25	0.00048287426501884	0.75742869013382	0.652655219543379	-0.0664837549950247	1
15.375	37.25	0.000482819041704932	0.702276447402699	0.712240780079896	-0.0672795843245315	1
15.625	37.25	0.000482777152677362	0.748475620512317	0.661198858163408	-0.0667670482689142	1
15.875	37.25	0.000482780201871174	0.68081303123199	0.730250553259638	-0.0668200923584062	1
16.125	37.25	0.000482864101021561	0.758934211062047	-0.65029959823256	-0.0664602760385625	1
16.375	37.25	0.000483005049045092	0.751491724783352	-0.655448784107418	-0.0668032067938043	1
16.625	37.25	0.000483165054595556	0.901395237677033	-0.415905371786717	-0.0658368056718131	1
16.875	37.25	0.000483335739591482	0.896690182704723	-0.43915190290536	-0.063749456634628	1
17.125	37.25	0.000483506162791424	0.973922405172624	-0.224373858149834	-0.0656849611319379	1
17.375	37.25	0.000483655395118055	0.935730073138466	-0.343055510420626	-0.063757599818107	1
17.625	37.25	0.000483799208355206	0.994326970123258	-0.0648923162975842	-0.0642030670120193	1
17.875	37.25	0.000483948318187631	0.991657607387066	-0.063544965355352	-0.0622516059286576	1
18.125	37.25	0.000484136730286323	0.998322005671634	0.0457953608062893	-0.0612735479871863	1
18.375	37.25	0.000484357359124878	1.00169679794407	0.0380028662740055	-0.0621569643375998	1
18.625	37.25	0.000484567450971463	0.993597647215549	-0.0507521813146868	-0.0626969445518913	1
18.875	37.25	0.000484695152976321	0.983191648496734	-0.0546165045655783	-0.0598038913720263	1
19.125	37.25	0.00048462426779552	0.973896781230256	-0.0352100513940456	-0.0552752574733652	1
19.375	37.25	0.000484263250142201	0.971845530888162	-0.11067051867034	-0.0472788564205954	1
19.625	37.25	0.00048360716462631	0.885843620027962	0.442930310718138	-0.0446678797864721	1
19.875	37.25	0.000482857844913055	0.779615854851668	0.640768953012666	-0.0427607371660231	1
20.125	37.25	0.000482289322094904	0.914542234493844	0.42656845364734	-0.0485059172878978	1
20.375	37.25	0.000482189562390113	0.838594218260701	0.556142939278496	-0.0473612856383466	1
20.625	37.25	0.00048295831471119	0.883663225487295	0.49348616534918	-0.051152320018137	1
20.875	37.25	0.000485013618271404	0.876076259262407	0.502032285807764	-0.0530561100832531	1
21.125	37.25	0.000488663076267746	0.879280141940254	0.500493459631013	-0.0555633406201007	1
21.375	37.25	0.000493967286913256	0.886404119205635	0.487120718153282	-0.0583934308710284	1
21.625	37.25	0.000500544424107238	0.886028045005258	0.487261196020316	-0.0608385830806291	1
21.875	37.25	0.000507393888935617	0.890709192798376	0.478000764859141	-0.0635050647351754	1
22.125	37.25	0.000512901421258813	0.891585748552735	0.474271631032001	-0.0658903250239391	1
22.375	37.25	0.000515063543381609	0.894095345733595	0.467723865341651	-0.0681030037551952	1
22.625	37.25	0.000512101914791046	0.892722064882598	0.466646690757342	-0.0701479273642512	1
22.875	37.25	0.000503373614646002	0.897137312346486	0.456875198006765	-0.071554121439828	1
23.125	37.25	0.000490295068791855	0.88271944515593	0.476947940347172	-0.0734136231248759	1
23.375	37.25	0.000476687002742508	0.90437886710077	0.437528263185517	-0.073072172727102	1
23.625	37.25	0.000467374419702924	0.844122269667554	0.539898366473268	-0.0757930765799081	1
23.875	37.25	0.000465541935762927	0.903647680670178	-0.409508135327925	-0.0739566969149528	1
24.125	37.25	0.000466247389695572	0.900296587410597	-0.432681578808458	-0.0721856590250354	1
24.375	37.25	0.00046617067867523	0.985701193509154	-0.0942483262320222	-0.0738636437355502	1
24.625	37.25	0.000466647726226297	0.94954728763372	-0.266773125143055	-0.0677065336115888	1
24.875	37.25	0.0004671649924527	0.975966587080949	-0.20101496431311	-0.067390833299322	1
25.125	37.25	0.000468102585892619	0.974489162963737	-0.201345909747943	-0.0663932866453847	1
25.375	37.25	0.000469349906265324	0.973167864852898	-0.208547553251867	-0.0653967560771696	1
25.625	37.25	0.00047024929525867	0.97215217527563	-0.206598447338682	-0.0644551965110883	1
25.875	37.25	0.000469916220297613	0.973221235380116	-0.18396045630738	-0.0627558800055004	1
26.125	37.25	0.000467699968018326	0.97949319447605	-0.130879607141496	-0.0601027427949833	1
26.375	37.25	0.000463507603129388	0.986327430848458	-0.0710295012885775	-0.0572222365898681	1
26.625	37.25	0.000457696761405356	0.990369698322897	-0.0314543268463593	-0.0548085694564403	1
26.875	37.25	0.000450828743893905	0.991968627109622	-0.0135621589345378	-0.0528436367404585	1
27.125	37.25	0.000443573892027419	0.991804991253623	-0.00973185798636062	-0.0509875286182153	1
27.375	37.25	0.000436717211771282	0.990138961767219	-0.0163921986050736	-0.0489017906729697	1
27.625	37.25	0.00043112705543	0.986793336042035	-0.0343514207602273	-0.0462613350393191	1
27.875	37.25	0.000427620774490795	0.981408634547967	-0.0667183022169398	-0.0427755146326893	1
28.125	37.25	0.000426752321011309	0.97376769662447	-0.115384970344951	-0.0383732041127415	1
28.375	37.25	0.000428643584842164	0.964336792405725	-0.175515693664286	-0.0334784799660381	1
28.625	37.25	0.000433010742435674	0.954986952034462	-0.234297112026543	-0.0289859569619133	1
28.875	37.25	0.000439379164089655	0.947914303407636	-0.279825215756033	-0.0256926174949769	1
29.125	37.25	0.000447243682812728	0.943704630443731	-0.308678821239991	-0.023747023639422	1
29.375	37.25	0.000455949676287611	0.942880003153085	-0.323813253149064	-0.0228280788416735	1
29.625	37.25	0.000464334727154814	0.940877718297082	-0.342582147044066	-0.0230997365944402	1
29.875	37.25	0.000470530484719539	0.923710647212407	-0.375296464079424	-0.0245264414446184	1
30.125	37.25	0.000472817356978415	0.936868618790415	-0.30385064545308	-0.0226446295652688	1
30.375	37.25	0.000471294627670546	0.983614641723903	-0.0989116897058974	-0.0181481652939467	1
30.625	37.25	0.000467718029725918	1.00379564247968	0.00521908942406032	-0.0173698192570697	1
30.875	37.25	0.000463715173154613	1.01276216478254	0.0142253066456803	-0.0199908916816686	1
31.125	37.25	0.000460039206343197	1.01536461470032	0.00543057592464205	-0.0237381696985534	1
31.375	37.25	0.00045649777920446	1.01489439911741	-0.00352142136558834	-0.0276485191815871	1
31.625	37.25	0.000451898666262117	1.01198525842604	-0.00721167036852532	-0.0311619447370804	1
31.875	37.25	0.000444226276642858	1.00605878461383	0.00373274553396406	-0.0336077365210787	1
32.125	37.25	0.000431525205682768	0.996622494663258	0.0507128290939125	-0.0341069263240627	1
32.375	37.25	0.000413630073756763	0.98305416910871	0.154389483059016	-0.0324508688512617	1
32.625	37.25	0.000393881211854227	0.949488343757178	0.301815380198552	-0.0315524047399565	1
32.875	37.25	0.000379078081476247	0.944274343895174	0.356193136898457	-0.0303833578686117	1
33.125	37.25	0.000375974027253886	0.883310393830805	0.500940419824266	-0.0367964314546012	1
33.375	37.25	0.000386689744865981	0.833552046285111	-0.542065536365517	-0.0386342246813481	1
33.625	37.25	0.000401827943477828	0.722724638382596	-0.695873075066574	-0.0371419925818068	1
33.875	37.25	0.00041716467058864	0.84719095629131	-0.522153900618115	-0.0423995524533001	1
34.125	37.25	0.000431787888677996	0.729586179049427	-0.671541825946751	-0.0379376537174903	1
34.375	37.25	0.000444761279457829	0.782642288696437	-0.613157959235887	-0.040627385458068	1
34.625	37.25	0.000456171793825035	0.739913580913491	-0.658913380433567	-0.0386628883626903	1
34.875	37.25	0.000466009215350502	0.742222356365074	-0.660682338186122	-0.0389500916537053	1
35.125	37.25	0.000474600302953551	0.734542441124803	-0.669493299335648	-0.0387925172763491	1
35.375	37.25	0.000482274178411962	0.736302303279247	-0.669037540017324	-0.0390455034182484	1
35.625	37.25	0.000489316172438946	0.741146027455341	-0.663728732787996	-0.0394506065046185	1
35.875	37.25	0.000495714311666657	0.748343669265279	-0.653987332622459	-0.039719575079958	1
36.125	37.25	0.000500906347094558	0.76051302625539	-0.640856200162528	-0.039677260890147	1
36.375	37.25	0.000503615693833795	0.745081694096841	-0.649500765201595	-0.0402386454332626	1
36.625	37.25	0.00050222020297725	0.81530711277333	-0.577612928500261	-0.036640753509741	1
36.875	37.25	0.000495275397471985	0.649016566328989	-0.74610371005234	-0.0433923374995782	1
37.125	37.25	0.000483738038640468	0.965375556824591	-0.338104880841216	-0.0313895642778093	1
37.375	37.25	0.000472831504571191	0.47133212562403	-0.877146087269548	-0.057016307329672	1
0.125	37.75	0.000484643693267709	0.614863449295992	0.793606882751994	-0.0695640327000494	1
0.375	37.75	0.000484565947848114	0.992143249146981	-0.0406278227588699	-0.0708497194486709	1
0.625	37.75	0.000484448310008031	0.842889582343687	-0.526810642521203	-0.0663470920078505	1
0.875	37.75	0.000484321568760974	0.94613756861064	-0.303537816799763	-0.0684514382763111	1
1.125	37.75	0.000484155590892372	0.933747223515222	-0.310695480145612	-0.0637611554854322	1
1.375	37.75	0.000483948513944491	0.987823880796008	-0.13671148943665	-0.060773495882747	1
1.625	37.75	0.000483727152801921	0.99283383970202	0.104036607868724	-0.0626611960151382	1
1.875	37.75	0.000483515315305949	0.614929612310223	-0.796792170171264	-0.0600463893809686	1
2.125	37.75	0.000483368015321467	0.395011456815587	-0.913018794262267	-0.0654829325716166	1
2.375	37.75	0.000483282480320565	0.665917782951454	0.740657060465269	-0.0586445386052216	1
2.625	37.75	0.000483258584230812	0.949595388608199	0.335764560743214	-0.0645447643154378	1
2.875	37.75	0.000483243448097412	0.735812215589187	0.6728088751013	-0.0624579322446691	1
3.125	37.75	0.000483238349362142	0.812790843576699	0.584836547878808	-0.0639168619544535	1
3.375	37.75	0.000483225126242886	0.772570910695467	0.6308197130466	-0.0634059879000443	1
3.625	37.75	0.00048321455540459	0.777858340768288	0.627335815417074	-0.0633100994418817	1
3.875	37.75	0.000483204861137022	0.816723231750311	0.575231767447062	-0.0634192880370743	1
4.125	37.75	0.000483201986125712	0.797524054569761	0.605140330894222	-0.0632472174363028	1
4.375	37.75	0.000483207566097352	0.835957968493598	0.55527014783965	-0.0640959977864745	1
4.625	37.75	0.000483221605220889	0.819041475784367	0.579327176730603	-0.0650712672463437	1
4.875	37.75	0.000483249751361731	0.844253078973378	0.54632573260177	-0.065448858072346	1
5.125	37.75	0.000483290347158383	0.800790972753375	0.606330488936623	-0.0676692189799749	1
5.375	37.75	0.000483341753838317	0.856586146659965	0.528040969864244	-0.0671484617700587	1
5.625	37.75	0.000483384296172591	0.761487583688758	0.654763401520124	-0.0706196245519488	1
5.875	37.75	0.000483387247043604	0.890445471206024	0.469840808868334	-0.0686539605051724	1
6.125	37.75	0.000483331985125296	0.716427725551706	0.706897516044601	-0.0739027767214459	1
6.375	37.75	0.000483179950760741	0.923312153680664	-0.351966272666689	-0.0710606537489775	1
6.625	37.75	0.000482995932923679	0.636889947790444	-0.766049283742468	-0.0685091752877968	1
6.875	37.75	0.000482814267689766	0.931620346825513	-0.343451174875246	-0.0699313642591873	1
7.125	37.75	0.000482630695486568	0.642371077395813	-0.762577851499063	-0.0655595944258614	1
7.375	37.75	0.000482462777954404	0.889073607259815	-0.453106362391847	-0.0688849138283507	1
7.625	37.75	0.000482309255463594	0.67902735959242	-0.731612328510271	-0.0651077250192333	1
7.875	37.75	0.000482178073498245	0.83351917899943	-0.552475774529876	-0.0681424391850425	1
8.125	37.75	0.000482074901817259	0.705942107127805	-0.70659364639165	-0.06566751014924	1
8.375	37.75	0.000482000182492323	0.782955513990739	-0.62263050785402	-0.0676851164800958	1
8.625	37.75	0.000481965772324369	0.713583286121736	-0.699027324457469	-0.0663692448838449	1
8.875	37.75	0.000481968306790509	0.744184701022117	-0.667770749204822	-0.0673941818839307	1
9.125	37.75	0.000482020549447191	0.707200019098611	-0.705067827229843	-0.0668483446739988	1
9.375	37.75	0.000482119242248096	0.721292502407205	-0.691537757761586	-0.0671246040939984	1
9.625	37.75	0.000482271985938449	0.694608794891869	-0.716430011808086	-0.0670769464491794	1
9.875	37.75	0.000482476466551924	0.720013882209908	-0.692037761862046	-0.0666452116879498	1
10.125	37.75	0.000482731320196126	0.679299538480861	-0.728872091944201	-0.067111132939694	1
10.375	37.75	0.000483031678213509	0.75329254876237	-0.65338688240361	-0.0655806093755235	1
10.625	37.75	0.000483368479243684	0.670508001716683	-0.732774736825964	-0.0665597928002714	1
10.875	37.75	0.000483721566135598	0.839259501053485	-0.530669948181177	-0.0633300160327847	1
11.125	37.75	0.000484077658895657	0.69607356847984	-0.704683464576741	-0.0640171625729222	1
11.375	37.75	0.000484373662707498	0.951309405682766	-0.276551987382123	-0.0601830406235782	1
11.625	37.75	0.0004845803617774	0.71598849887754	-0.695941710758249	-0.0600360601712338	1
11.875	37.75	0.000484603972890046	0.988956099845837	-0.0148369013869804	-0.0601489812355536	1
12.125	37.75	0.000484495446377921	0.685421379282276	0.735771451831269	-0.0548192350462091	1
12.375	37.75	0.000484367934126004	0.907746558053957	0.443317880099637	-0.0621632232507592	1
12.625	37.75	0.00048421940637144	0.754434734267838	0.662523640128682	-0.06000580864462	1
12.875	37.75	0.000484075920434608	0.841355977530579	0.552436010166552	-0.063729328781507	1
13.125	37.75	0.000483940830711947	0.77362290947682	0.63823859205263	-0.0633183091189069	1
13.375	37.75	0.000483813084307401	0.797264808835989	0.609482773231505	-0.0649566644191139	1
13.625	37.75	0.00048369784576774	0.765422608819825	0.646989197877384	-0.0651361295456881	1
13.875	37.75	0.000483588791250754	0.761596584056145	0.650743034114413	-0.0659514803651874	1
14.125	37.75	0.000483490375594566	0.752960685823974	0.660848495585988	-0.066013978762277	1
14.375	37.75	0.000483393289075484	0.729096385454849	0.685486515134667	-0.0668654425203448	1
14.625	37.75	0.00048329924619701	0.747264152691317	0.665409272680384	-0.0663924769314584	1
14.875	37.75	0.00048320447883835	0.700787426245448	0.713138965869398	-0.067354734215004	1
15.125	37.75	0.000483105910454096	0.740633747141537	0.669843885427885	-0.0665172419453465	1
15.375	37.75	0.000483025894554249	0.680746740229142	0.73077080125085	-0.0670054067423602	1
15.625	37.75	0.000482975706787506	0.720422900795278	0.68963397376014	-0.0664181052289059	1
15.875	37.75	0.000482995998972469	0.674091133277408	0.735700978985657	-0.0661017397757807	1
16.125	37.75	0.000483127513035187	0.687571382768304	-0.728867121672427	-0.065914440078509	1
16.375	37.75	0.000483329039371335	0.656500461458757	-0.757506765988965	-0.0671331157271817	1
16.625	37.75	0.000483551885057319	0.759560225474789	-0.648607470253036	-0.0671099315225247	1
16.875	37.75	0.000483786773774172	0.693711564387119	-0.719875137192333	-0.0668770052133558	1
17.125	37.75	0.00048401244420718	0.88708657783781	-0.454089999311596	-0.0675186349012135	1
17.375	37.75	0.00048422595752376	0.794600115510092	-0.605301534529677	-0.0656260970513416	1
17.625	37.75	0.000484413439372962	0.894027867724781	-0.435741839687069	-0.0675216502362338	1
17.875	37.75	0.00048459532165219	0.91259025783491	-0.383492772830469	-0.0632451441413048	1
18.125	37.75	0.000484797251765321	0.936529421131016	-0.333004902479822	-0.0633740212230727	1
18.375	37.75	0.000485014108838039	0.959295754056215	-0.213203255566496	-0.060839782876961	1
18.625	37.75	0.00048522405516269	0.982342112150658	0.0362194725378079	-0.0551408648918493	1
18.875	37.75	0.000485372482828798	0.983673432803567	0.104964260526619	-0.0525074441056803	1
19.125	37.75	0.000485387557254421	0.980082637177604	0.140142549268289	-0.0499288751880346	1
19.375	37.75	0.000485159870843162	0.975830990130597	0.135670425892335	-0.0477557908022736	1
19.625	37.75	0.000484688272822755	0.845577111342726	0.524992124126458	-0.0426686970743879	1
19.875	37.75	0.000484052271708589	0.856590442431097	0.544550688740328	-0.0453849875333566	1
20.125	37.75	0.000483360391955772	0.913547281342577	0.427398760055474	-0.0496012582464693	1
20.375	37.75	0.000482740798802112	0.855501953890321	0.536214088174691	-0.0495795967061152	1
20.625	37.75	0.00048246523685747	0.893852075090863	0.476094047356845	-0.0537385594185946	1
20.875	37.75	0.000482868503472793	0.880277587989655	0.495796230507458	-0.0555837511439	1
21.125	37.75	0.000484286182721595	0.886055211996382	0.488565982889547	-0.0583712094124164	1
21.375	37.75	0.000486987526882327	0.888833735854614	0.481815515955688	-0.0610249644636336	1
21.625	37.75	0.000491011638457206	0.888933696060493	0.480915855909054	-0.0634719422542495	1
21.875	37.75	0.000496031427774257	0.891724383616428	0.474408778524806	-0.0659638981468716	1
22.125	37.75	0.000501284166445122	0.892049701485851	0.471495137602726	-0.068182132857031	1
22.375	37.75	0.000505641192894939	0.893937376289258	0.466047595730792	-0.0701813794286963	1
22.625	37.75	0.000507923516572375	0.891197070413859	0.467296354866304	-0.0720443700770163	1
22.875	37.75	0.00050741902218195	0.899702765025866	0.451531823711606	-0.0731652353910238	1
23.125	37.75	0.000504445493476305	0.877038651771782	0.488434196634041	-0.0752864673578432	1
23.375	37.75	0.00050054978447511	0.924553928471677	0.403453283615414	-0.0749912623589852	1
23.625	37.75	0.000497943351254812	0.842771385400381	0.551139783373055	-0.0795555690345211	1
23.875	37.75	0.000498030302827285	0.963458126286363	-0.193015799919827	-0.0781783942393539	1
24.125	37.75	0.000498982216692336	0.798227268045247	-0.596782167890181	-0.0714188084691184	1
24.375	37.75	0.000499338018345496	0.990530358848807	-0.0992357103585006	-0.0769533490039585	1
24.625	37.75	0.000499736119537855	0.94460487801951	-0.266143098586858	-0.0695511497119582	1
24.875	37.75	0.000500052241531053	0.980343693963543	-0.162171495184941	-0.0680564046148545	1
25.125	37.75	0.000500540395328068	0.984659587895426	-0.136589791067329	-0.0668085721544705	1
25.375	37.75	0.000501277583993725	0.984054445323555	-0.150211836123402	-0.0655455761471403	1
25.625	37.75	0.000502065612294462	0.983473634023643	-0.156306397655579	-0.0649310582202292	1
25.875	37.75	0.000502561893065821	0.981540899792538	-0.151351528216731	-0.0638371463873206	1
26.125	37.75	0.000502412222093685	0.98303232032305	-0.12170708589733	-0.0618702253197104	1
26.375	37.75	0.000501414309967782	0.987033636850264	-0.0788272158131167	-0.0594457935646422	1
26.625	37.75	0.000499553323925944	0.99039978409476	-0.045299606985887	-0.057236693056984	1
26.875	37.75	0.000496947977138606	0.992027800387245	-0.0282632643602045	-0.0553832284809442	1
27.125	37.75	0.000493817990506657	0.991978747254853	-0.0239842581922976	-0.0536408314960887	1
27.375	37.75	0.00049049188255927	0.990368667796319	-0.0297402243695621	-0.0516958403703401	1
27.625	37.75	0.000487401402825409	0.987000538782925	-0.0461275616977703	-0.0492341513830706	1
27.875	37.75	0.000485016778944584	0.981424336621566	-0.0759645469243553	-0.0459579045157704	1
28.125	37.75	0.000483720984889689	0.973227621565938	-0.121814986880004	-0.04172143979835	1
28.375	37.75	0.000483681249213708	0.9626504917064	-0.180957057813351	-0.0368026099657603	1
28.625	37.75	0.000484818309782515	0.951619643121068	-0.241824109879132	-0.032019982361997	1
28.875	37.75	0.000486917057336355	0.94320255400697	-0.290570625820951	-0.0283059910660001	1
29.125	37.75	0.000489763732994516	0.938685487754629	-0.321685726608888	-0.0260564594873703	1
29.375	37.75	0.000493139302720209	0.9376261821641	-0.337998902975961	-0.0250653166082132	1
29.625	37.75	0.000496651672053705	0.937795444372072	-0.349954869280742	-0.0251800849538553	1
29.875	37.75	0.00049959378981299	0.928594422463671	-0.372730295734163	-0.026501907473975	1
30.125	37.75	0.000501175300344458	0.926731097934358	-0.348338177550755	-0.0264544621719354	1
30.375	37.75	0.000501139584928979	0.967930798404201	-0.185215258918813	-0.0225905724792197	1
30.625	37.75	0.000499992594326604	0.996627323923323	-0.0291205999239718	-0.0200044158961721	1
30.875	37.75	0.0004985161549278	1.00898096154859	0.0154130512981817	-0.0212131127705253	1
31.125	37.75	0.000497200477823933	1.01403359194428	0.0167431853416158	-0.0244907836679676	1
31.375	37.75	0.000495956649978664	1.01410999501567	0.0117205172088871	-0.0282492571766445	1
31.625	37.75	0.000493962104970857	1.01041416934199	0.0134701742812955	-0.0315352435137423	1
31.875	37.75	0.000489715780065465	1.00268492074125	0.0364057306140968	-0.0334382183866773	1
32.125	37.75	0.000481616248780282	0.98942250491851	0.10447410945286	-0.0331209510139799	1
32.375	37.75	0.000469187380817602	0.968657436128619	0.225998142375942	-0.0308469638006869	1
32.625	37.75	0.000454378563132776	0.92201248815465	0.385044871542496	-0.0305232427948053	1
32.875	37.75	0.000441760688576274	0.933938005860904	0.404652652822888	-0.0304910520574681	1
33.125	37.75	0.0004363944508547	0.845008094892378	0.576946273544787	-0.0398150715031564	1
33.375	37.75	0.000440692136231827	0.936575130138815	-0.331928935027963	-0.0430970170014522	1
33.625	37.75	0.000449173537861735	0.65652846478785	-0.756873244272067	-0.0379022490168646	1
33.875	37.75	0.000457970734761039	0.884370883746215	-0.474043590939586	-0.0469591614119122	1
34.125	37.75	0.000466423298263323	0.740124701023115	-0.660335963498007	-0.0421921466637796	1
34.375	37.75	0.000473840204513657	0.806270692506648	-0.584889378350189	-0.0454613378510208	1
34.625	37.75	0.00048031529929162	0.764415458670869	-0.628524988542483	-0.0435949777081099	1
34.875	37.75	0.000485886856031812	0.758785290174737	-0.638639604695071	-0.0433959957903277	1
35.125	37.75	0.000490824231379948	0.74388679807487	-0.656145007668027	-0.0428658030402979	1
35.375	37.75	0.000495392151279627	0.734856530756601	-0.668597666658199	-0.0427340423079934	1
35.625	37.75	0.000499780614675826	0.734272462562439	-0.671174709973609	-0.0429906528616507	1
35.875	37.75	0.000503882313192115	0.734835170529217	-0.66984389986008	-0.0435775651896662	1
36.125	37.75	0.00050706753372255	0.751708904251702	-0.652004113216392	-0.0436049465494542	1
36.375	37.75	0.000508017398331421	0.735197571532052	-0.66325341942382	-0.0448707246302201	1
36.625	37.75	0.00050514798219858	0.797133478777573	-0.594512167241346	-0.0416916861975592	1
36.875	37.75	0.00049704314079871	0.696585106957765	-0.699795709337687	-0.0467431562309185	1
37.125	37.75	0.000484864012147858	0.877165602513498	-0.485577911698059	-0.0362267922820941	1
37.375	37.75	0.000473429861295131	0.636795871988879	-0.747135428191037	-0.0527091340002912	1
0.125	38.25	0.000484113361209833	0.6495808908464	0.758191233146513	-0.0711847334695802	1
0.375	38.25	0.000484026181705816	0.984031308028631	-0.159111077064469	-0.0709208510902406	1
0.625	38.25	0.000483917969117205	0.806542571935211	0.591457581804182	-0.0697363040653222	1
0.875	38.25	0.000483830040891902	0.984302217000097	0.200729624172662	-0.0714963921532335	1
1.125	38.25	0.000483728379833102	0.874783438236424	0.487988951821176	-0.0723481656003232	1
1.375	38.25	0.00048359784771125	0.975817148435258	0.183007816667213	-0.0724330419310882	1
1.625	38.25	0.000483447595017224	0.981995527199745	-0.114730817311668	-0.0689694715793155	1
1.875	38.25	0.000483290190083968	1.00290652271034	0.0505532312782589	-0.0669231243644069	1
2.125	38.25	0.000483173093072175	0.527471440894462	-0.851280569551606	-0.0712375273551228	1
2.375	38.25	0.00048309793394451	0.651503357032592	-0.748662752433739	-0.0678591175044434	1
2.625	38.25	0.000483059001230441	0.594783545704632	0.800286528683356	-0.0688815575154549	1
2.875	38.25	0.000483029152365015	0.616311717345749	0.783094664160551	-0.0674969168495247	1
3.125	38.25	0.000482996531866888	0.69808882656443	0.709473001825259	-0.0675897943923689	1
3.375	38.25	0.00048296895738914	0.713021028393791	0.694379405322595	-0.0660013951381187	1
3.625	38.25	0.00048294503831731	0.778334938621106	0.624935832691874	-0.0657537631615465	1
3.875	38.25	0.000482931641998748	0.783780954508328	0.622145149754296	-0.0653442813992039	1
4.125	38.25	0.000482924333832241	0.790077957277134	0.618873478087965	-0.0661341706704815	1
4.375	38.25	0.000482924429350642	0.813026894907481	0.589501875420651	-0.0668115820649417	1
4.625	38.25	0.000482930885569725	0.784763087812004	0.626135442191784	-0.0679703114665341	1
4.875	38.25	0.000482951500545292	0.818414685572502	0.583313224383871	-0.0682707622602787	1
5.125	38.25	0.000482982499809284	0.774317770876539	0.637542232420592	-0.0702071238374419	1
5.375	38.25	0.000483022720005521	0.846829258847857	0.541238878428463	-0.0693083027173838	1
5.625	38.25	0.000483055798277477	0.75417349403558	0.661981974912842	-0.0726049429164763	1
5.875	38.25	0.000483053315582419	0.900724211252127	0.452187855579475	-0.0705334674942931	1
6.125	38.25	0.000483001007411274	0.717285356429063	0.706917449738598	-0.0764515416164944	1
6.375	38.25	0.000482858599129815	0.94972410164854	-0.265289431016585	-0.0732528903061549	1
6.625	38.25	0.000482687222493279	0.589373104809379	-0.802477556255331	-0.0699816073250037	1
6.875	38.25	0.000482524597352194	0.938915908852836	-0.322004754641388	-0.0717872952397011	1
7.125	38.25	0.00048236641555925	0.614394003046854	-0.783282608326473	-0.0668715108185978	1
7.375	38.25	0.000482233474301746	0.888953553448743	-0.450340423944439	-0.0701017579096575	1
7.625	38.25	0.000482123069367827	0.669302057139632	-0.738478733162687	-0.0657935950601283	1
7.875	38.25	0.000482042449682836	0.835691921240008	-0.547511517756276	-0.068709254460194	1
8.125	38.25	0.00048199765135822	0.710230346785454	-0.701342317994613	-0.0659303693148216	1
8.375	38.25	0.000481985541528471	0.791653089430992	-0.611426229080081	-0.0679174770663299	1
8.625	38.25	0.000482018166165361	0.726362272467578	-0.685844247764997	-0.0665608703664906	1
8.875	38.25	0.000482088408965966	0.758076370262204	-0.652532143046161	-0.0675889039442014	1
9.125	38.25	0.00048220838893283	0.720216241088802	-0.692092100714781	-0.067138376687389	1
9.375	38.25	0.00048237331962153	0.735631953270972	-0.677058020101326	-0.067341301330819	1
9.625	38.25	0.000482590830877529	0.696855118032449	-0.714363787325771	-0.06754304861721	1
9.875	38.25	0.000482860283743405	0.731694610866576	-0.680864368407596	-0.0668152820949225	1
10.125	38.25	0.000483182869085434	0.655637450505089	-0.750815801151899	-0.0678975920978055	1
10.375	38.25	0.000483554627238784	0.759101286653526	-0.649379944403165	-0.0658528255066609	1
10.625	38.25	0.000483969782529271	0.596484708522475	-0.79693219974668	-0.0681133200021728	1
10.875	38.25	0.000484397667762057	0.829580907305882	-0.551630167332654	-0.0644754137698637	1
11.125	38.25	0.000484822615065232	0.546729069153477	-0.828802338930285	-0.06706957100872	1
11.375	38.25	0.000485163107702061	0.936228539532209	-0.307552666054843	-0.0625179053438757	1
11.625	38.25	0.000485399255204822	0.59066424421226	-0.797562339082222	-0.0604832911457313	1
11.875	38.25	0.000485411571947118	0.972528254130718	0.207804687174048	-0.0609687383736978	1
12.125	38.25	0.000485269632341794	0.691090220802472	0.729675947252716	-0.057591097410498	1
12.375	38.25	0.00048511721662496	0.897090857023863	0.456982259091489	-0.063299469353542	1
12.625	38.25	0.00048492959116571	0.724965701668114	0.693289213305406	-0.061114903591107	1
12.875	38.25	0.000484745410699998	0.821753223035802	0.579042734024821	-0.0645552083830144	1
13.125	38.25	0.000484564378853708	0.73297131468306	0.684020609910924	-0.063871486456233	1
13.375	38.25	0.000484391407151358	0.771934754789417	0.641527295624904	-0.0655733814657987	1
13.625	38.25	0.000484231149491765	0.728415909758404	0.688405749353323	-0.0658332621015933	1
13.875	38.25	0.000484081128142441	0.743303887092105	0.671121262303911	-0.0665812059984325	1
14.125	38.25	0.000483943425883114	0.72707192369571	0.688119947794024	-0.0667961294754775	1
14.375	38.25	0.000483808937796276	0.716851858964868	0.695434173773796	-0.0673062291765723	1
14.625	38.25	0.000483680181449302	0.732873320796224	0.6788732962179	-0.0665678701040643	1
14.875	38.25	0.000483549733104885	0.679057714262789	0.730759086577392	-0.0673084650304073	1
15.125	38.25	0.000483420984867204	0.736879644399149	0.671768556236364	-0.0658343826470049	1
15.375	38.25	0.000483318474895844	0.638074001492472	0.766958133564594	-0.0664045625776728	1
15.625	38.25	0.000483256909597453	0.738261587409456	0.671189824556991	-0.0653105896981711	1
15.875	38.25	0.000483292502835881	0.594974442180143	0.800637231027606	-0.0654417496669297	1
16.125	38.25	0.000483460640479709	0.775773341001009	-0.627221027594983	-0.0648222240210178	1
16.375	38.25	0.000483718967153269	0.632135065038335	-0.777918638725669	-0.0648333799446813	1
16.625	38.25	0.000484006698646197	0.872587993106267	-0.483331039432851	-0.0662244564449994	1
16.875	38.25	0.000484311944941059	0.725041632543918	-0.690297639710189	-0.0639927292043383	1
17.125	38.25	0.000484612904791235	0.926147635791742	-0.378281339241139	-0.0671822576705491	1
17.375	38.25	0.000484883292448447	0.90831397004889	-0.410155061711613	-0.0646394361672738	1
17.625	38.25	0.000485116900779627	0.984511374246632	-0.200094663395773	-0.0657945298067998	1
17.875	38.25	0.000485315411817001	0.969325376397003	-0.232153979293845	-0.0672304994793441	1
18.125	38.25	0.000485521364737689	0.996428019872789	-0.0164814759183468	-0.0642368216343882	1
18.375	38.25	0.000485742264530889	0.998758128527302	-0.0516362012745844	-0.0657593526783717	1
18.625	38.25	0.000485941136783111	0.966842986452573	-0.203098826430473	-0.0645287745694076	1
18.875	38.25	0.000486087612992017	0.973838737744995	-0.0936984730231191	-0.0598783953998187	1
19.125	38.25	0.000486127251816118	0.971039531053016	-0.0718729556260513	-0.0539703456996186	1
19.375	38.25	0.000485984331755196	0.955885943391395	0.216553913525511	-0.0469179005700783	1
19.625	38.25	0.000485674115371675	0.803407928408488	0.608013424174175	-0.0439032685635425	1
19.875	38.25	0.000485242270819257	0.885359786028974	0.500880574130537	-0.0500127254561926	1
20.125	38.25	0.000484676386043258	0.884613709723149	0.480830363389653	-0.0519952241363992	1
20.375	38.25	0.000484012635037787	0.85918674712722	0.532644338802949	-0.0531261292877568	1
20.625	38.25	0.000483395388082483	0.889812196531257	0.48088803547019	-0.0567673606043771	1
20.875	38.25	0.000483025078823867	0.878273970648729	0.498878802338721	-0.0585207771044412	1
21.125	38.25	0.000483151342389356	0.886563808042979	0.486313477299072	-0.0613012759785139	1
21.375	38.25	0.00048404584025554	0.887888531308882	0.481810761473144	-0.0637141833269097	1
21.625	38.25	0.00048589092335908	0.889116296403197	0.478564035926955	-0.0660293655202359	1
21.875	38.25	0.00048869471307776	0.891097947079175	0.472909591853024	-0.0682507296433132	1
22.125	38.25	0.00049220975936575	0.891371820010332	0.469957535903794	-0.070182377697674	1
22.375	38.25	0.000495926669132551	0.891570177589442	0.466998913742173	-0.0718917368077452	1
22.625	38.25	0.000499200229057462	0.890781233302694	0.466132769946829	-0.0732719208419977	1
22.875	38.25	0.000501478606932998	0.890927160575603	0.465366693725378	-0.0745019179693565	1
23.125	38.25	0.000502595888066809	0.884289267064673	0.47566995081755	-0.0756914523463699	1
23.375	38.25	0.000502866107203561	0.908611348342409	0.437627718047995	-0.0765220777586064	1
23.625	38.25	0.000502949277291221	0.858126026500749	0.52256955353533	-0.0796791979384966	1
23.875	38.25	0.000503263854965141	0.958364364763904	-0.237241711842905	-0.0788960756563521	1
24.125	38.25	0.000503640984179862	0.73657419020256	-0.667833764713213	-0.0737402207929513	1
24.375	38.25	0.000503868865775925	0.974334792515956	-0.200938349342083	-0.0773148058832931	1
24.625	38.25	0.000504019583383506	0.922842269751085	-0.343645993132559	-0.0717268262906055	1
24.875	38.25	0.000504161862023025	0.958961495134369	-0.266368024979402	-0.0703574653146603	1
25.125	38.25	0.000504396438513644	0.970519424981998	-0.214669070347384	-0.069853283304728	1
25.375	38.25	0.000504787156961326	0.967937003592357	-0.221915595733551	-0.0679351869498184	1
25.625	38.25	0.000505312880883942	0.972670933793869	-0.204150225344257	-0.0668579811940149	1
25.875	38.25	0.000505911983283128	0.974706560342377	-0.181580537272603	-0.0653311090695867	1
26.125	38.25	0.000506470600249457	0.979173581479379	-0.138518552402571	-0.0630266768830389	1
26.375	38.25	0.000506862434343563	0.985085335106436	-0.0817403401753926	-0.060182623412086	1
26.625	38.25	0.000506980058255313	0.989745653368459	-0.0342464231409082	-0.0575752444854666	1
26.875	38.25	0.000506759168414313	0.992434068583514	-0.00737755311346904	-0.0555755101398585	1
27.125	38.25	0.000506192058423601	0.993322242858918	0.00282444238763001	-0.053974008896934	1
27.375	38.25	0.000505338745839798	0.992616639972936	0.00175754187620214	-0.0523818095347421	1
27.625	38.25	0.000504332282508459	0.990337616690587	-0.00921650546081525	-0.0504202833053018	1
27.875	38.25	0.000503360214201806	0.98623212969654	-0.0324023579756579	-0.0477262304917085	1
28.125	38.25	0.000502612606419318	0.979929893152186	-0.0718818515854549	-0.0440159568748723	1
28.375	38.25	0.000502212095489818	0.971256405141243	-0.128778134268058	-0.0393389944527237	1
28.625	38.25	0.000502171725911764	0.961087759909864	-0.19464957087941	-0.0343672384787823	1
28.875	38.25	0.000502427490828258	0.952110313689647	-0.253405144450889	-0.0301871634581367	1
29.125	38.25	0.000502920117743697	0.946605972823551	-0.29445227611687	-0.0275373450226277	1
29.375	38.25	0.00050362695831147	0.944422010554454	-0.318550609933868	-0.0264203255649323	1
29.625	38.25	0.00050450081941392	0.944066288391353	-0.333464168067998	-0.026552303495812	1
29.875	38.25	0.000505391598896658	0.939361101361899	-0.35176525860921	-0.0278517370516963	1
30.125	38.25	0.000506084399886053	0.932171491602434	-0.351322301589851	-0.0289590323551567	1
30.375	38.25	0.000506457471168977	0.95642626012011	-0.249746164091108	-0.026845519184415	1
30.625	38.25	0.000506550121006222	0.989598809641285	-0.0984159299206389	-0.024128907329096	1
30.875	38.25	0.000506584951685891	1.00523745502821	-0.0272504371241173	-0.0244394150737975	1
31.125	38.25	0.000506800721672979	1.0111371522442	-0.00934044013140889	-0.0269564818736901	1
31.375	38.25	0.000507170662918706	1.01130697602855	-0.00127279502160257	-0.0300063566157592	1
31.625	38.25	0.000507205131835065	1.00757141015118	0.0125547388516677	-0.0325745703559787	1
31.875	38.25	0.00050592352590621	0.999456859384341	0.0470331918731288	-0.0337677663679193	1
32.125	38.25	0.000502171762195598	0.984408071158862	0.129581260383244	-0.0327783948240991	1
32.375	38.25	0.000495379004002013	0.96008771106678	0.263281922808159	-0.0301952831027644	1
32.625	38.25	0.000486436481421059	0.917975630274049	0.411458605392883	-0.0305359890823871	1
32.875	38.25	0.000477940356419645	0.939196646279327	0.410696286864067	-0.0331447164423471	1
33.125	38.25	0.000473182674905737	0.864559825026698	0.546559839450554	-0.0431572671430848	1
33.375	38.25	0.000474013663536027	0.989969799264347	-0.066488706493853	-0.0462926130256135	1
33.625	38.25	0.000478212359843047	0.605546545965265	-0.793611326149201	-0.0394356210697475	1
33.875	38.25	0.000482836300575108	0.882813194817516	-0.488918595537506	-0.0494163454415243	1
34.125	38.25	0.000487207604923467	0.749222083339381	-0.653995711619557	-0.0460228724257811	1
34.375	38.25	0.000490951109450318	0.81347575972245	-0.580766553665376	-0.0493994810152003	1
34.625	38.25	0.000494120492919124	0.790360625434022	-0.599182492620893	-0.0487327576432456	1
34.875	38.25	0.000496833604958546	0.782464203593294	-0.609046808771459	-0.0484716072436599	1
35.125	38.25	0.000499332531522373	0.767891131878467	-0.625133300740196	-0.0478919823513437	1
35.375	38.25	0.000501861440323611	0.747902347301353	-0.650054437569961	-0.0471781628426599	1
35.625	38.25	0.00050454820068719	0.735661574845174	-0.666833007284493	-0.0469583276246967	1
35.875	38.25	0.000507214473172327	0.727935865653518	-0.677483972261738	-0.0473422259501899	1
36.125	38.25	0.000509161664899405	0.733500624204847	-0.672307267631647	-0.0477896524221823	1
36.375	38.25	0.000509025910973303	0.738314117053945	-0.665284478569211	-0.048885371742324	1
36.625	38.25	0.00050521810375668	0.751144360134326	-0.648422999289243	-0.0480097501443057	1
36.875	38.25	0.000496379047263208	0.753876784602901	-0.639152978345193	-0.05023571868144	1
37.125	38.25	0.000483788896027972	0.780161040031876	-0.615173269336064	-0.0440396088681048	1
37.375	38.25	0.000472145272686007	0.721734540704831	-0.640834648077073	-0.0536769790405408	1
0.125	38.75	0.000483427140701698	0.677925794003026	0.740200155556515	-0.0685872501588134	1
0.375	38.75	0.000483357159022876	0.936234710023806	-0.332429272767638	-0.0700183674060025	1
0.625	38.75	0.000483277901228885	0.842249612395574	-0.529684846122044	-0.0660308658626016	1
0.875	38.75	0.000483222068522664	0.912626924964299	-0.399350822640796	-0.0682400383344038	1
1.125	38.75	0.000483167932412831	0.953699505384233	-0.242174254394899	-0.064831319734118	1
1.375	38.75	0.000483107436812203	0.967783815558657	-0.224688439136055	-0.0604342639374706	1
1.625	38.75	0.000483043513596375	0.999028181543757	0.102341104777748	-0.0619363895509332	1
1.875	38.75	0.000482989970680011	1.00028168368886	0.0854468404144385	-0.0627417731464032	1
2.125	38.75	0.00048294474230871	1.00021135825461	-0.0602029806812616	-0.0641573734761016	1
2.375	38.75	0.000482901993491094	0.805941728110871	0.582347760718561	-0.0639529353324066	1
2.625	38.75	0.000482860118391837	0.86348595962807	0.487134329829945	-0.0622233842681059	1
2.875	38.75	0.000482817452915068	0.869447765920926	0.487159509874317	-0.0604571998522085	1
3.125	38.75	0.00048277850339926	0.889710484476014	0.45688289978486	-0.0609009966181472	1
3.375	38.75	0.000482751242195627	0.877599569427319	0.486721781606639	-0.0608771456164092	1
3.625	38.75	0.000482729550647799	0.860549614694193	0.523098892361472	-0.062693648371006	1
3.875	38.75	0.000482714833139726	0.838783003924913	0.557766006669378	-0.0642846725126842	1
4.125	38.75	0.000482699093712274	0.829791848132533	0.569237246901946	-0.0660438732069123	1
4.375	38.75	0.000482687518761139	0.828266936371471	0.569312558525088	-0.0670328980146519	1
4.625	38.75	0.000482681266309659	0.808946556041692	0.594402678232853	-0.0683514802399604	1
4.875	38.75	0.000482687726929882	0.841403982555884	0.548544408951476	-0.0686207105620073	1
5.125	38.75	0.000482703793984852	0.801160366246315	0.603740278767316	-0.0704684036042504	1
5.375	38.75	0.000482728528753861	0.868969122781132	0.508179193493015	-0.0698746031051731	1
5.625	38.75	0.000482748987893353	0.773151486526175	0.642489849604456	-0.0736903842859985	1
5.875	38.75	0.000482740084520365	0.917673773598828	0.424683666503613	-0.071953374775248	1
6.125	38.75	0.000482692891902916	0.711287163854611	0.71291864919945	-0.079159145988972	1
6.375	38.75	0.000482567987205723	0.977433692527343	-0.109225729982998	-0.0747621672685935	1
6.625	38.75	0.000482417966538454	0.576797221254483	-0.810322530724544	-0.0712917208779684	1
6.875	38.75	0.000482285177870415	0.9511378398716	-0.284490362960978	-0.07304774119187	1
7.125	38.75	0.000482162426544056	0.613152147875659	-0.783156625089361	-0.0682273043821029	1
7.375	38.75	0.000482076207843454	0.893209237129671	-0.439398457134756	-0.0711345459313358	1
7.625	38.75	0.000482019783594257	0.671439817732171	-0.73451770125613	-0.0666491813521153	1
7.875	38.75	0.000482001348283061	0.839278323624351	-0.539335064120017	-0.0691925501688358	1
8.125	38.75	0.000482025443276387	0.718017016111134	-0.691566125481149	-0.0661396968667022	1
8.375	38.75	0.000482086554988881	0.800965450233884	-0.59809917666809	-0.0678830416780635	1
8.625	38.75	0.000482195460451273	0.741386143956764	-0.669262487868928	-0.0664733561738475	1
8.875	38.75	0.000482342064112266	0.777053502866158	-0.630574453711663	-0.0674366966495501	1
9.125	38.75	0.000482535582862543	0.740477025873451	-0.6713242854743	-0.067242078171113	1
9.375	38.75	0.000482770101850814	0.764404496028594	-0.64613620372052	-0.06739718944245	1
9.625	38.75	0.000483050369608271	0.717252835355925	-0.695333103451992	-0.0681401966287479	1
9.875	38.75	0.000483377350035518	0.767377789625892	-0.642070911626123	-0.0671968036242961	1
10.125	38.75	0.000483752773839063	0.673183312492498	-0.736846624996779	-0.0690018151461696	1
10.375	38.75	0.000484174920626138	0.792981563271561	-0.608916906043854	-0.0666259735107669	1
10.625	38.75	0.000484642250643091	0.612650758179418	-0.787099183710595	-0.0695940099774952	1
10.875	38.75	0.000485121560284884	0.841691578848855	-0.536587499079022	-0.0658586902460203	1
11.125	38.75	0.000485597804488852	0.555989833231211	-0.826704444685469	-0.0693804963438724	1
11.375	38.75	0.000485973436942036	0.906289768555335	-0.404516295944609	-0.0649736450488551	1
11.625	38.75	0.000486227047522664	0.571864742661367	-0.808716811239708	-0.0661950243896356	1
11.875	38.75	0.000486249420608736	0.972864506631465	-0.141242604998782	-0.0628436907455753	1
12.125	38.75	0.000486100469842721	0.638497939615463	0.774448903835102	-0.0581501182621037	1
12.375	38.75	0.000485920344694389	0.877557237177897	0.497828105062723	-0.0644585823409532	1
12.625	38.75	0.000485697254921924	0.700775425320736	0.718902949257573	-0.0625070807194805	1
12.875	38.75	0.000485481921006828	0.808263431757032	0.598910366881971	-0.0660462682524934	1
13.125	38.75	0.000485266707585921	0.725030756348315	0.691769668390035	-0.0654975501472422	1
13.375	38.75	0.00048506358220787	0.773133117915284	0.637987942153312	-0.0669133678560431	1
13.625	38.75	0.000484870476479403	0.723848415208704	0.689424154358915	-0.0669191985362782	1
13.875	38.75	0.000484688730615178	0.749144067904954	0.660636666048232	-0.066766647189208	1
14.125	38.75	0.000484514265041813	0.706451832910709	0.705824003561607	-0.0667592017204599	1
14.375	38.75	0.000484342713528943	0.714970053420727	0.69479820038285	-0.0661952483712474	1
14.625	38.75	0.000484174491781222	0.693735975304511	0.71902921082075	-0.0656491345827169	1
14.875	38.75	0.00048400199961337	0.668359494822561	0.741410751824936	-0.0659408407731202	1
15.125	38.75	0.000483837225957671	0.690625550632807	0.720875349660402	-0.0648885524663496	1
15.375	38.75	0.000483698119822398	0.65479281978629	0.758099179471631	-0.0654520602405602	1
15.625	38.75	0.000483620756145001	0.656447411458	0.749972713494234	-0.0656795820477854	1
15.875	38.75	0.000483654096384323	0.738043393362477	0.67806145753411	-0.0643260064588172	1
16.125	38.75	0.000483851201114011	0.575879883857057	-0.820320648721246	-0.0672847635491235	1
16.375	38.75	0.000484144959951552	0.178537920515926	-0.988514955699504	-0.0653594499350695	1
16.625	38.75	0.000484487461565676	0.614399654528934	-0.791024146222914	-0.0680688724060793	1
16.875	38.75	0.000484855724243823	0.369270671399478	-0.927619548237968	-0.0662704203089673	1
17.125	38.75	0.000485219203498442	0.666773327258836	-0.7447228939221	-0.0680535842906378	1
17.375	38.75	0.000485581041158455	0.616049136034105	-0.781454689847853	-0.0664897269770802	1
17.625	38.75	0.000485885041859755	0.807430580037358	-0.573717673036789	-0.0673655761679791	1
17.875	38.75	0.000486133889436492	0.939405259679202	-0.317264949022868	-0.0623279986058161	1
18.125	38.75	0.000486377005484424	0.88797234747059	-0.452796767979392	-0.0639825144517901	1
18.375	38.75	0.000486591082688413	0.978732102864432	-0.0930484155621482	-0.061412466076521	1
18.625	38.75	0.000486757209876215	0.972578781679892	0.168056933028142	-0.0557923504842908	1
18.875	38.75	0.000486854096569599	0.980835020581025	0.13645187884269	-0.055009958351167	1
19.125	38.75	0.000486856166926424	0.960212300451395	0.222439096568209	-0.0511256358695633	1
19.375	38.75	0.000486759526588327	0.879232877709118	0.462099907553574	-0.0481297377326331	1
19.625	38.75	0.000486559550662313	0.821121675745475	0.590297856473899	-0.0476345614669197	1
19.875	38.75	0.000486296978418196	0.905069083017702	0.452258376204411	-0.052915010074255	1
20.125	38.75	0.000485917488671653	0.882126449881408	0.484335298478607	-0.0534217372884304	1
20.375	38.75	0.000485402026216501	0.88049062563902	0.498724750482963	-0.055701450560095	1
20.625	38.75	0.000484812419322223	0.895141704109268	0.470138950969735	-0.0589040427812484	1
20.875	38.75	0.000484235149354716	0.885415789021497	0.486904948086359	-0.0609370238199667	1
21.125	38.75	0.000483817655298043	0.890850782010477	0.477391664794062	-0.0636883006691733	1
21.375	38.75	0.000483754226910057	0.889895055975231	0.476582558575695	-0.0659589737808466	1
21.625	38.75	0.000484225598659923	0.890245977377549	0.474434243791638	-0.0681270655266703	1
21.875	38.75	0.000485355251646428	0.890601646919447	0.47151933092523	-0.0701047678802861	1
22.125	38.75	0.000487144530283526	0.89013760682067	0.470188273904259	-0.0718084222081278	1
22.375	38.75	0.000489441695104632	0.890033968258347	0.468585783961561	-0.0733115222966079	1
22.625	38.75	0.000491966571145685	0.890274935358126	0.467313700803374	-0.0746213245853039	1
22.875	38.75	0.000494384674179059	0.893219364412227	0.462449007858679	-0.0759490800648891	1
23.125	38.75	0.000496421033860509	0.894882934176885	0.46040854466759	-0.0773752555684781	1
23.375	38.75	0.000497901904530595	0.919257266855099	0.41664646928208	-0.0790701660288095	1
23.625	38.75	0.000498774067441259	0.88992693412182	0.463885428598404	-0.0817821626969568	1
23.875	38.75	0.000498988077843163	0.982668808391967	0.0933313846128729	-0.0811611189233383	1
24.125	38.75	0.000498772346971518	0.657069124392606	-0.749810073155598	-0.0755114224764327	1
24.375	38.75	0.000498638655914365	0.930102170434011	-0.359578248473892	-0.0804981892908819	1
24.625	38.75	0.000498544290945204	0.930584627868453	-0.302845314271385	-0.0747105516214521	1
24.875	38.75	0.000498538049918601	0.960097832325512	-0.24500191187748	-0.0705599019003539	1
25.125	38.75	0.000498644176988754	0.986745967882659	-0.126642243098455	-0.0705766576419862	1
25.375	38.75	0.000498851796577569	0.980611433423188	-0.161555506286505	-0.0684341541168492	1
25.625	38.75	0.000499171279100112	0.982932631914572	-0.162674293071265	-0.0678580065154826	1
25.875	38.75	0.000499629261425202	0.980759707104047	-0.163073773462884	-0.0669420413944894	1
26.125	38.75	0.000500223786779117	0.98077853503513	-0.145379080479585	-0.065314500730493	1
26.375	38.75	0.000500915058808682	0.983853419281705	-0.110344602816315	-0.0630198009271043	1
26.625	38.75	0.000501628940909323	0.987879556451895	-0.0733649078685408	-0.060625325498854	1
26.875	38.75	0.000502282199698029	0.990867805291442	-0.0476251116184671	-0.058570422145874	1
27.125	38.75	0.000502805357518147	0.992212762025612	-0.0349246785553846	-0.0568421233079333	1
27.375	38.75	0.000503154885497964	0.991872747757771	-0.032802300803618	-0.055174998489792	1
27.625	38.75	0.000503320941086692	0.989770936993162	-0.0403574555979387	-0.0532363668536856	1
27.875	38.75	0.000503328940285691	0.985574459265522	-0.0593525310760145	-0.0506731909780313	1
28.125	38.75	0.000503229200650149	0.978774325748952	-0.0934280504607935	-0.0471663678461842	1
28.375	38.75	0.000503073376608204	0.969043584708299	-0.144842273713531	-0.0426333664822496	1
28.625	38.75	0.000502888545355561	0.957172423246725	-0.208032378015015	-0.0375482975206265	1
28.875	38.75	0.000502674779900608	0.946218839320444	-0.267790186674007	-0.0329462946658999	1
29.125	38.75	0.00050243793528035	0.939605296476347	-0.310592073198131	-0.0297723412739911	1
29.375	38.75	0.00050221907762661	0.937613914497797	-0.334768896685697	-0.0282617780690982	1
29.625	38.75	0.000502079516737035	0.938394602454762	-0.346813789037781	-0.0281425323463622	1
29.875	38.75	0.000502063727497602	0.937959508807001	-0.356723139896823	-0.0291876140035769	1
30.125	38.75	0.000502193424782047	0.93289281860294	-0.360109652911251	-0.0306929108646357	1
30.375	38.75	0.000502492750349724	0.945788532649703	-0.294488949537679	-0.0299782660132023	1
30.625	38.75	0.000502953824548196	0.97996393789311	-0.138595315109752	-0.0268418742620369	1
30.875	38.75	0.00050357417964535	0.999921195721457	-0.0203973976126636	-0.025359777249032	1
31.125	38.75	0.000504423623758304	1.00925911075498	0.0180029743661358	-0.0269543050415116	1
31.375	38.75	0.000505510996377655	1.01109479099286	0.0264495277510811	-0.0299842885841951	1
31.625	38.75	0.000506604523611732	1.00585690497799	0.0407698152373493	-0.0325774218495016	1
31.875	38.75	0.000507151881878099	0.994019414113867	0.0904064405323302	-0.0332349727318673	1
32.125	38.75	0.000506398322287699	0.972237400225889	0.201717204542512	-0.031600398716373	1
32.375	38.75	0.000503797524862174	0.94104061428062	0.33978144644973	-0.0297382008098572	1
32.625	38.75	0.000499594926405584	0.908635482938128	0.448029271937563	-0.0317986875789995	1
32.875	38.75	0.000495021861073038	0.926429908229486	0.433806796644809	-0.0365447026807775	1
33.125	38.75	0.000491955723196492	0.869531460535119	0.522614374366665	-0.0436952704918602	1
33.375	38.75	0.000491603059677464	0.948607694784752	0.307473842011124	-0.0464309526404823	1
33.625	38.75	0.000493450249373366	0.631081386996048	-0.774614232062595	-0.0428177152988727	1
33.875	38.75	0.000495711669379228	0.840248726686955	-0.561913737233247	-0.050046607758089	1
34.125	38.75	0.00049774610152827	0.761864425149895	-0.647025900661352	-0.0494789548247589	1
34.375	38.75	0.000499418525548589	0.798720383733102	-0.607385758998771	-0.0522093492783671	1
34.625	38.75	0.000500737497170298	0.805245076844592	-0.588431986952455	-0.0533804249998687	1
34.875	38.75	0.000501855048518892	0.800103792448466	-0.591495251745169	-0.0535607142977385	1
35.125	38.75	0.00050299280072951	0.799355070825644	-0.587149683918056	-0.0537303986187299	1
35.375	38.75	0.000504393270472463	0.780852540714206	-0.607808291434183	-0.0528287246747946	1
35.625	38.75	0.000506151866779336	0.759464239194272	-0.634446028280909	-0.0520394562634356	1
35.875	38.75	0.000508054579495962	0.740675202287978	-0.660075491907205	-0.0514502219944282	1
36.125	38.75	0.00050935249831917	0.719819060735099	-0.68477286699585	-0.0519358006625024	1
36.375	38.75	0.000508661459276736	0.740246923191149	-0.666215640687504	-0.0523749464237903	1
36.625	38.75	0.000504361515468187	0.713542321057044	-0.691044866317416	-0.053577692100664	1
36.875	38.75	0.000495154047045035	0.776425080436279	-0.614080447720421	-0.0542714208821872	1
37.125	38.75	0.000482326596111781	0.738395256411757	-0.664124636466648	-0.051070023894621	1
37.375	38.75	0.00047058872397767	0.742833803154835	-0.605047229609386	-0.0579911131199268	1
0.125	39.25	0.000482862266481602	0.741577528697335	0.669268695806158	-0.0742929390651959	1
0.375	39.25	0.000482839089367139	0.896882869801998	-0.435493049105713	-0.0744472231752987	1
0.625	39.25	0.000482824349468711	0.862514336401799	0.50415111281651	-0.0725850919223406	1
0.875	39.25	0.000482859483837892	1.00272704078623	0.006693094325165	-0.0742267260089808	1
1.125	39.25	0.000482900381909847	0.947357921685984	0.319936504613658	-0.074210408283657	1
1.375	39.25	0.000482941957140567	0.989749109099769	-0.0627213116161686	-0.0741183648118754	1
1.625	39.25	0.000482971524022458	0.963189673941507	-0.206170536573957	-0.0703465812009135	1
1.875	39.25	0.000482975286809918	0.99790914249155	0.000736699699323	-0.0669911649462836	1
2.125	39.25	0.000482962080738062	0.859262097046198	-0.49924524458036	-0.0695333025056428	1
2.375	39.25	0.000482916105508148	0.860351922522739	-0.487427375183496	-0.0643884777515227	1
2.625	39.25	0.000482847311234008	0.769873561459289	0.645675372816484	-0.0647398197186197	1
2.875	39.25	0.000482778572317055	0.7544662710319	0.667330405929172	-0.0662104126093555	1
3.125	39.25	0.000482713715946458	0.750852193653623	0.66676059957462	-0.0673870819426929	1
3.375	39.25	0.000482662988358278	0.727301197689708	0.693532324823152	-0.0678198407677226	1
3.625	39.25	0.000482616353346471	0.740318480586067	0.678084610364735	-0.0691461926317047	1
3.875	39.25	0.000482575853254416	0.758707366944705	0.655273087632132	-0.0693628711595461	1
4.125	39.25	0.000482534687266269	0.777874712190122	0.630683378006672	-0.0700129705213254	1
4.375	39.25	0.00048250226178788	0.79516607328534	0.609815267686631	-0.069852849154374	1
4.625	39.25	0.000482476335503834	0.798184988617129	0.606365103071801	-0.0708536305594299	1
4.875	39.25	0.000482465284161372	0.830541813035065	0.564609793442893	-0.0707530547197592	1
5.125	39.25	0.000482462196165173	0.791665012203273	0.618133281266391	-0.0728287930802815	1
5.375	39.25	0.000482468578053852	0.861396557996034	0.522911565889007	-0.0724650807189044	1
5.625	39.25	0.000482473550514384	0.761784035230598	0.65654815804586	-0.0764954080048034	1
5.875	39.25	0.000482459081503539	0.913730119771829	0.43092228512204	-0.0747149200230773	1
6.125	39.25	0.000482423244162744	0.701729156466382	0.718759173537034	-0.0815608436580474	1
6.375	39.25	0.000482322333423584	0.98314655504556	-0.0318099414378466	-0.0767215714480301	1
6.625	39.25	0.000482202999279131	0.565934529719389	-0.816490502389918	-0.0736581698991524	1
6.875	39.25	0.000482115711032268	0.948100284717768	-0.292262430193676	-0.0747759794239476	1
7.125	39.25	0.000482044041422491	0.607952664339729	-0.786610354726699	-0.0702701555718594	1
7.375	39.25	0.000482018954420689	0.886810363751913	-0.450426863568334	-0.0728017936602944	1
7.625	39.25	0.0004820304551775	0.663258624359822	-0.740296020479492	-0.0683688519413014	1
7.875	39.25	0.000482086903660567	0.830239715037417	-0.550139160566006	-0.0704573357498985	1
8.125	39.25	0.000482190727643922	0.707908435129988	-0.699492142789311	-0.0671511778954435	1
8.375	39.25	0.000482334321079195	0.793281045093605	-0.605430296851165	-0.0684557284691911	1
8.625	39.25	0.000482526453578934	0.734463602462476	-0.674920431728965	-0.0667287407974004	1
8.875	39.25	0.000482754143677449	0.775699483554247	-0.630777001570252	-0.0673983934623981	1
9.125	39.25	0.000483023958208817	0.740087227430471	-0.671129944144911	-0.06705911307206	1
9.375	39.25	0.000483326745937359	0.769627145676475	-0.639686977138844	-0.0670841763083346	1
9.625	39.25	0.000483665609801319	0.721885911157624	-0.690971378001049	-0.0678496930594541	1
9.875	39.25	0.00048403934576841	0.772559872324941	-0.636202595163944	-0.0669349924564958	1
10.125	39.25	0.000484452237327752	0.67896085481564	-0.732308808967169	-0.0687873545684448	1
10.375	39.25	0.000484903074611381	0.791185823466531	-0.611903560680399	-0.066590085937832	1
10.625	39.25	0.000485396977545737	0.614580594361953	-0.786148402945981	-0.0695452959663114	1
10.875	39.25	0.000485902363940814	0.833140633392013	-0.551539695472463	-0.0660140678763411	1
11.125	39.25	0.00048640972280263	0.539507190253077	-0.839079830121912	-0.0697173758763006	1
11.375	39.25	0.00048681538809289	0.898815098293094	-0.43001801291831	-0.0654433442609911	1
11.625	39.25	0.00048709023483627	0.493130617935488	-0.866093108944954	-0.0682484981226338	1
11.875	39.25	0.000487117468049585	0.978148328228384	0.110257002583915	-0.0647238046028068	1
12.125	39.25	0.000486955648180562	0.625118363706748	0.788179234319365	-0.0604855121778741	1
12.375	39.25	0.000486761396950748	0.896678162290302	0.458399714943948	-0.0670981035557216	1
12.625	39.25	0.000486519319895514	0.678201805927133	0.736444841787648	-0.0641733949038095	1
12.875	39.25	0.00048627903840051	0.809135943346197	0.591854008344491	-0.0674831837223804	1
13.125	39.25	0.000486034642696012	0.691994393668598	0.719652091397114	-0.0657212895205157	1
13.375	39.25	0.000485796032891373	0.745694725627102	0.666485586023855	-0.0667326490122785	1
13.625	39.25	0.000485565242139803	0.67248963008406	0.737570001456545	-0.066158505837708	1
13.875	39.25	0.000485345107659238	0.708832946502734	0.705037180431286	-0.065891084513286	1
14.125	39.25	0.000485130991225342	0.647068775296888	0.761998405953266	-0.0664820488764182	1
14.375	39.25	0.000484924565687036	0.693161270229243	0.718570346353326	-0.0657505586818246	1
14.625	39.25	0.000484715815721345	0.657740446583338	0.755151750917822	-0.0663915452447942	1
14.875	39.25	0.000484502942570679	0.657256697862067	0.747220558445195	-0.0666567990111228	1
15.125	39.25	0.000484294548218391	0.737856838148945	0.676298588877964	-0.0649884803804322	1
15.375	39.25	0.000484112674323907	0.559694418872702	0.821713787822444	-0.0679155548073747	1
15.625	39.25	0.00048399400826659	0.834492394171065	0.540272457563755	-0.0633243757797536	1
15.875	39.25	0.00048400024658328	0.451378474723959	0.888386570203603	-0.0662345796141325	1
16.125	39.25	0.000484138458549372	0.791818778186471	0.585537465538592	-0.062694786833985	1
16.375	39.25	0.000484415431904619	0.430287189777711	-0.910525206441753	-0.0598694212227995	1
16.625	39.25	0.0004848029359188	0.639609411589838	-0.787717686667602	-0.0647375518975663	1
16.875	39.25	0.000485239033875399	0.545636167010115	-0.847056279960208	-0.0649902596823622	1
17.125	39.25	0.000485697000767131	0.586436394380543	-0.824428993483035	-0.0672214992546952	1
17.375	39.25	0.000486154138598315	0.664972255639356	-0.756231954937178	-0.0687490678909202	1
17.625	39.25	0.000486594173128976	0.647315751167065	-0.772817678379961	-0.0698973575602548	1
17.875	39.25	0.000486946901959059	0.831739318507269	-0.543853460351523	-0.0720333387082476	1
18.125	39.25	0.000487213026806435	0.987606102911521	-0.0574142554764052	-0.066561563956056	1
18.375	39.25	0.000487452831429361	0.967642080056602	-0.231302521038462	-0.0669336011632485	1
18.625	39.25	0.000487599222925428	0.923862996555865	-0.337738824845963	-0.0645134650812143	1
18.875	39.25	0.000487655355181796	0.971589943624018	-0.0581891940752177	-0.0590280987716851	1
19.125	39.25	0.000487620482677284	0.968237228439481	0.108909832190833	-0.0513788628345333	1
19.375	39.25	0.00048750409545801	0.856700819927491	0.516180389100022	-0.0462741066488178	1
19.625	39.25	0.000487357721904969	0.882172365131925	0.506406563033672	-0.0506408917756209	1
19.875	39.25	0.000487213264953772	0.905344434945361	0.450112317915354	-0.0544226529947582	1
20.125	39.25	0.000486983684505104	0.878973220081725	0.497797993880773	-0.0559143273544538	1
20.375	39.25	0.000486647185831107	0.881178988432075	0.499087309876497	-0.0589335026417905	1
20.625	39.25	0.000486215766079751	0.887046434609912	0.483933847651406	-0.0617628493143714	1
20.875	39.25	0.000485708141210265	0.881275049525956	0.49289329054853	-0.0637990277826355	1
21.125	39.25	0.000485191603781966	0.88677600460876	0.482089600161606	-0.0662338431969997	1
21.375	39.25	0.000484775325413987	0.886579793225179	0.480094983797976	-0.0682102236350243	1
21.625	39.25	0.000484585253423805	0.887804401749256	0.476474593924776	-0.0701175337515366	1
21.875	39.25	0.000484747909660605	0.88850012454868	0.473279764121283	-0.0718297579167211	1
22.125	39.25	0.000485348200338779	0.889192592247914	0.470524278106169	-0.0733267808001101	1
22.375	39.25	0.000486399159759091	0.890301903774879	0.467273239240498	-0.074714073726446	1
22.625	39.25	0.000487829405481603	0.894642540013305	0.459609926160178	-0.0759327238887766	1
22.875	39.25	0.000489482414584682	0.895952015724816	0.456364664004715	-0.0774918843171192	1
23.125	39.25	0.000491148934354435	0.910459150679392	0.4284014291166	-0.0784858116663654	1
23.375	39.25	0.000492567412036442	0.907714449328622	0.429214747539559	-0.080620421657615	1
23.625	39.25	0.000493467363330446	0.905087533287118	0.41479049333339	-0.0804863009695111	1
23.875	39.25	0.000493646498279951	0.940224696759157	0.310022656242613	-0.0791141306509236	1
24.125	39.25	0.000493229958632122	0.704658884090688	-0.706987978623403	-0.0758019002606582	1
24.375	39.25	0.000492892162093114	0.804728993703679	-0.602109683078978	-0.0794194060563498	1
24.625	39.25	0.000492687998628469	0.879675795857739	-0.444437173044706	-0.0783323199705646	1
24.875	39.25	0.000492626128776424	0.894850235005463	-0.421634560769502	-0.0732112513224287	1
25.125	39.25	0.000492703974627858	0.966836949210991	-0.223804041205828	-0.0737478691166673	1
25.375	39.25	0.000492854303123488	0.959430291286445	-0.240664361843935	-0.07015238137795	1
25.625	39.25	0.000493064573739927	0.973673900749506	-0.198012579906363	-0.0688820453552765	1
25.875	39.25	0.000493368181551221	0.977430226447361	-0.171213751175642	-0.067429234468554	1
26.125	39.25	0.0004937950996014	0.980951172352248	-0.134331495190378	-0.0654436110991364	1
26.375	39.25	0.000494352269802437	0.985245627908221	-0.0845960496393657	-0.0628422627473031	1
26.625	39.25	0.000495011062439381	0.989330099787558	-0.0360528271051887	-0.0601879971131176	1
26.875	39.25	0.000495720428565463	0.992338183833628	-0.00289040058432244	-0.0580655536764446	1
27.125	39.25	0.000496426009319318	0.993995728352315	0.0133300414078382	-0.0565200457383258	1
27.375	39.25	0.000497076418250821	0.994213095575268	0.017290131069401	-0.0552321863525256	1
27.625	39.25	0.000497625800887589	0.992981716235305	0.0120227551424584	-0.0538112271932884	1
27.875	39.25	0.000498039902497305	0.990139236299281	-0.00309379561631296	-0.0518693083504663	1
28.125	39.25	0.000498303329079853	0.985300230242087	-0.0320179357527045	-0.0490184208459891	1
28.375	39.25	0.000498421294837939	0.977992781461569	-0.079876410617286	-0.0449900953087311	1
28.625	39.25	0.000498409231822167	0.968038652694842	-0.146222026174847	-0.0399922996600007	1
28.875	39.25	0.000498278592976284	0.956933278802996	-0.217806991092626	-0.0349878161279133	1
29.125	39.25	0.000498043806183967	0.94829095779969	-0.275920279573731	-0.0312167508852944	1
29.375	39.25	0.000497746268774485	0.944029635016935	-0.313022297357853	-0.0292803805836078	1
29.625	39.25	0.000497456927834232	0.942904875982145	-0.333989127126045	-0.0290061551352841	1
29.875	39.25	0.00049725540390471	0.942214651770285	-0.347736997415757	-0.0300330456676463	1
30.125	39.25	0.000497216806807072	0.938195557669287	-0.357246355890463	-0.0318677937043334	1
30.375	39.25	0.000497411197316367	0.941500576655281	-0.32867247032872	-0.0327018274224124	1
30.625	39.25	0.000497858729324815	0.967828040220474	-0.225215075112015	-0.0312637593164347	1
30.875	39.25	0.000498514784762579	0.99252127981498	-0.113554535998915	-0.0302362448235708	1
31.125	39.25	0.000499399466534423	1.00304835265815	-0.0491867344714131	-0.0309974568146894	1
31.375	39.25	0.000500561946504455	1.0043983102865	-0.00329609520903219	-0.0323476555912526	1
31.625	39.25	0.000501928066331601	0.999529563731879	0.0483845721064502	-0.0331253677257342	1
31.875	39.25	0.000503218998616718	0.987979436702275	0.123766116252098	-0.0326064767577551	1
32.125	39.25	0.000503977098972925	0.965484791161898	0.242487654809705	-0.0309227179119342	1
32.375	39.25	0.000503759867795492	0.934689122832476	0.367440428422175	-0.0302911965891596	1
32.625	39.25	0.00050252923655228	0.911395640290246	0.445131601845692	-0.0329378734207403	1
32.875	39.25	0.000500774461095225	0.901424080298319	0.466723534404158	-0.0380116954214547	1
33.125	39.25	0.000499414511581403	0.858723118543503	0.524509703958855	-0.0414181527931776	1
33.375	39.25	0.000499148641403721	0.873748938526357	0.49096151999065	-0.0438312968945259	1
33.625	39.25	0.000499929565864032	0.704984076303735	-0.71359361321035	-0.0440835090761119	1
33.875	39.25	0.000500925165915433	0.79155934263444	-0.628719801175823	-0.0482367811875887	1
34.125	39.25	0.000501774671382701	0.782350882867881	-0.630424206564065	-0.0505437788172752	1
34.375	39.25	0.000502428845413549	0.775057159882205	-0.643022054058471	-0.0525085722171525	1
34.625	39.25	0.000502905288271193	0.806774839283694	-0.597590200351014	-0.0556296746326522	1
34.875	39.25	0.000503333663835363	0.79899595923371	-0.603492680091034	-0.056583821389269	1
35.125	39.25	0.000503908565787637	0.815114622215625	-0.576924053198736	-0.0583392017576589	1
35.375	39.25	0.000504862904133493	0.810263075531553	-0.575988281020713	-0.0585356725349103	1
35.625	39.25	0.00050627384819899	0.798324122458205	-0.585958809334674	-0.0583552547701199	1
35.875	39.25	0.000507911467281384	0.780593151753174	-0.608292876452122	-0.0571221914247295	1
36.125	39.25	0.000508991327685257	0.733743125376043	-0.664174632426206	-0.0569577953247407	1
36.375	39.25	0.000508129814466481	0.744169960947483	-0.660458166597522	-0.0562024903753704	1
36.625	39.25	0.000503692502166755	0.674060495593026	-0.73010829969196	-0.0585735398424494	1
36.875	39.25	0.000494448606867408	0.777191879914393	-0.616970802297127	-0.0584274178432058	1
37.125	39.25	0.000481644879703542	0.68227090581501	-0.723095942243387	-0.0580860932966013	1
37.375	39.25	0.000469982869790751	0.762612748446323	-0.570337893409425	-0.0629531606569542	1
0.125	39.75	0.000482585432235789	0.71512323009083	0.704490993291393	-0.0675495053738459	1
0.375	39.75	0.000482665655180251	0.857445907686348	-0.503801710594467	-0.0689743902297646	1
0.625	39.75	0.000482774467882836	0.677326739516147	-0.732131433385462	-0.0658225766422885	1
0.875	39.75	0.000482932730759759	0.868885129465996	-0.496248161841647	-0.0681255609166354	1
1.125	39.75	0.000483081244252647	0.971825162309017	-0.171062804770692	-0.0666201864736495	1
1.375	39.75	0.000483199572615237	0.988322838321575	-0.123591161797981	-0.0616313100120771	1
1.625	39.75	0.000483281006393589	0.99715436193678	0.146588381021133	-0.0647761418394718	1
1.875	39.75	0.000483330871141776	0.974433641319175	0.240118384334538	-0.0658092175775073	1
2.125	39.75	0.00048331683701391	0.939779801895968	0.357270996897559	-0.0667092951329953	1
2.375	39.75	0.000483234262686302	0.732453475700442	0.676305468652351	-0.0688060530704222	1
2.625	39.75	0.000483116647482255	0.687607092971716	0.714869043761109	-0.0659485144739916	1
2.875	39.75	0.000482997799104301	0.828258820908318	0.551409150596695	-0.0659825158929565	1
3.125	39.75	0.000482887267111108	0.826841551123118	0.556788890483071	-0.0641927826408239	1
3.375	39.75	0.000482789748673846	0.85021787184563	0.531708224176572	-0.0649616525655439	1
3.625	39.75	0.000482696886121052	0.862854132275149	0.512091833527439	-0.0657884075036502	1
3.875	39.75	0.000482610551171968	0.870194436349808	0.500633756472644	-0.0666837320828595	1
4.125	39.75	0.000482529893452198	0.851661862911926	0.533442702464655	-0.0676994703691999	1
4.375	39.75	0.000482462737736639	0.857121924580691	0.526893706720755	-0.0689303073298237	1
4.625	39.75	0.000482406415178718	0.836590750465037	0.557425498915579	-0.0705814933246981	1
4.875	39.75	0.000482364294230002	0.851518058491246	0.537528334120903	-0.071266157925319	1
5.125	39.75	0.00048232978252498	0.811211995570835	0.594051900982865	-0.0738924601277711	1
5.375	39.75	0.000482306645136777	0.871857787480332	0.505841821393963	-0.0736067007687421	1
5.625	39.75	0.00048228563092536	0.773334201094891	0.641782020569374	-0.0778242914860237	1
5.875	39.75	0.00048225953856317	0.921084065791591	0.411547486928111	-0.0757146814223574	1
6.125	39.75	0.000482230878701199	0.70674575699945	0.713059580492257	-0.0823422976083956	1
6.375	39.75	0.000482153892743696	0.979958118827277	0.121157922570851	-0.0776398297163511	1
6.625	39.75	0.000482074363532425	0.605493174810393	-0.788602868137452	-0.0760777392609653	1
6.875	39.75	0.000482047534053886	0.951475015377794	-0.277185870076412	-0.0761153392230878	1
7.125	39.75	0.000482044254061844	0.634087172807101	-0.765916399493503	-0.0721040593130843	1
7.375	39.75	0.000482093458876429	0.892487310551841	-0.438755402639361	-0.0742744351310024	1
7.625	39.75	0.000482184499736105	0.682454946242683	-0.721800152456301	-0.070151006749346	1
7.875	39.75	0.000482324493121623	0.83565719814981	-0.539664517284227	-0.0718021440783747	1
8.125	39.75	0.000482513754645114	0.717689115638523	-0.687307684301677	-0.0684519710422172	1
8.375	39.75	0.000482743448980395	0.796697404358033	-0.598036803018167	-0.0692923037085047	1
8.625	39.75	0.000483019408114283	0.737714713940552	-0.669315932939904	-0.0673236227206458	1
8.875	39.75	0.000483327184787192	0.780770498582467	-0.622938947448652	-0.0676791895712721	1
9.125	39.75	0.00048367016276779	0.745573141315638	-0.664536586766139	-0.0672534584704795	1
9.375	39.75	0.000484036688052792	0.783893613813484	-0.62259706009659	-0.067160116079522	1
9.625	39.75	0.00048442675269128	0.735927651349413	-0.676967156009151	-0.0681510172408393	1
9.875	39.75	0.000484835782663295	0.799388236385819	-0.603893454758781	-0.0671663850687087	1
10.125	39.75	0.000485268417372127	0.698641780907767	-0.714878828097176	-0.0695157876259047	1
10.375	39.75	0.00048572266193854	0.82566345381823	-0.566191624708662	-0.0671210315718628	1
10.625	39.75	0.000486209265018241	0.629097663801627	-0.775063213667244	-0.0707290107909468	1
10.875	39.75	0.000486704044891249	0.862175976585668	-0.504207940322676	-0.0667405528440471	1
11.125	39.75	0.00048720107591728	0.535074416185064	-0.840828253378421	-0.0709052859863523	1
11.375	39.75	0.000487612054570819	0.898201041215659	-0.425901853902314	-0.0660035577521837	1
11.625	39.75	0.000487897997153806	0.447822666136366	-0.888768320627459	-0.0686271093835844	1
11.875	39.75	0.000487940829991265	0.913482221306034	-0.375039293906953	-0.0648814048213287	1
12.125	39.75	0.000487779554123822	0.592982862471385	0.809574824446751	-0.0627795189417241	1
12.375	39.75	0.000487575997522109	0.840470827773796	0.54580817070458	-0.0667191023533453	1
12.625	39.75	0.000487311946044028	0.6123192311172	0.791058398798293	-0.0638868091926734	1
12.875	39.75	0.000487053736641329	0.759311574205397	0.653654001543609	-0.0669738818193266	1
13.125	39.75	0.000486785982951942	0.635728768400645	0.77136599192344	-0.0651148359098882	1
13.375	39.75	0.000486526770782501	0.716159425331963	0.70014641912775	-0.0668780875650309	1
13.625	39.75	0.000486275231695839	0.655652120725391	0.752962861764748	-0.0663001680032059	1
13.875	39.75	0.000486031419633047	0.719250285689738	0.694696717388494	-0.0664866431530362	1
14.125	39.75	0.000485787216933151	0.65344188776608	0.750842212956219	-0.0670128047821447	1
14.375	39.75	0.000485543074694637	0.750707734253857	0.656046255792504	-0.0648944715393289	1
14.625	39.75	0.000485279928393933	0.603401243420851	0.789752595330688	-0.0666640623663001	1
14.875	39.75	0.000485012184258672	0.768599007251179	0.628274424218146	-0.0625253145678003	1
15.125	39.75	0.000484743604198741	0.532288109823205	0.843031329538262	-0.064494028332217	1
15.375	39.75	0.000484512123855882	0.6981384109711	0.701926380051772	-0.0611299276610388	1
15.625	39.75	0.000484362296888382	0.523543467993359	0.855021809488474	-0.0611374516238491	1
15.875	39.75	0.000484350550642064	0.482988321655736	0.869166907419538	-0.0614945552796752	1
16.125	39.75	0.000484509342029339	0.616744315173639	-0.773818783384476	-0.0594120193046247	1
16.375	39.75	0.000484797336483967	0.627507775869949	-0.765813268365901	-0.0586365031507427	1
16.625	39.75	0.000485177945472754	0.380068675759882	-0.928716619349155	-0.0564741906422762	1
16.875	39.75	0.000485627825798894	0.540156918373774	-0.846321446942908	-0.0595680829612227	1
17.125	39.75	0.000486115792013096	0.345950142352265	-0.945907374403845	-0.0581526197196545	1
17.375	39.75	0.000486620452173805	0.510331644793804	-0.870577457035259	-0.0609014673018702	1
17.625	39.75	0.000487124569862667	0.424598635504634	-0.91527412697422	-0.0612417634498869	1
17.875	39.75	0.000487583738697331	0.548959664069006	-0.849963982992106	-0.063092380825667	1
18.125	39.75	0.000487972782420937	0.601371612096371	-0.80416263502919	-0.0654159690459046	1
18.375	39.75	0.000488241847967754	0.98204553985872	0.0972229014770439	-0.0641537614099589	1
18.625	39.75	0.000488388465189698	0.958843638873225	0.220675258310479	-0.0591457160828768	1
18.875	39.75	0.00048840834339218	0.980477167000932	0.089483271218678	-0.0561524668201093	1
19.125	39.75	0.000488337024982386	0.875980675580648	0.462424671883199	-0.0516500612103941	1
19.375	39.75	0.000488224135794278	0.84791950600177	0.544671371957164	-0.0512022314198727	1
19.625	39.75	0.000488125090719954	0.869732737336247	0.521107291988731	-0.0549228727743437	1
19.875	39.75	0.000488037168842782	0.890807877651481	0.473270975862459	-0.0577555856088159	1
20.125	39.75	0.000487898683147179	0.871141136506276	0.509427548535796	-0.058977579681474	1
20.375	39.75	0.000487698982762029	0.885180360117631	0.487514556503561	-0.0618230342057715	1
20.625	39.75	0.000487428789945005	0.887633129801226	0.47891343856862	-0.0639455053423661	1
20.875	39.75	0.000487073768652158	0.886481976562513	0.481197923172188	-0.0658730872630599	1
21.125	39.75	0.000486653409612148	0.890211760518355	0.473487901909336	-0.0680384267324202	1
21.375	39.75	0.000486214052561383	0.889198754153784	0.473763675638568	-0.0698714720255634	1
21.625	39.75	0.000485824315715361	0.889573555228663	0.471970130470319	-0.0716544898997173	1
21.875	39.75	0.000485572722233187	0.889915600395303	0.469901342800309	-0.07325264882964	1
22.125	39.75	0.000485544488338651	0.891372361537143	0.466267895270922	-0.0747031981744156	1
22.375	39.75	0.000485802179837158	0.894326474014005	0.460089488348367	-0.0760937320758158	1
22.625	39.75	0.000486365553473395	0.899768647781776	0.449625170056875	-0.0774331973029187	1
22.875	39.75	0.000487192741183535	0.90272551816508	0.440797616616586	-0.0789230784231342	1
23.125	39.75	0.000488173476338144	0.914620680100225	0.413945920989421	-0.0797236733440547	1
23.375	39.75	0.000489118543293674	0.893349162252466	0.443801430658195	-0.0811302976004705	1
23.625	39.75	0.000489782263073607	0.915215974309417	0.388895598519486	-0.0789325019328485	1
23.875	39.75	0.000489982277096652	0.848131769810279	0.52286568060577	-0.0790276310115927	1
24.125	39.75	0.000489720025188355	0.819468763316862	-0.565156905043179	-0.0775105726152982	1
24.375	39.75	0.000489468772918841	0.75694514605529	-0.663837580855194	-0.0777588755035602	1
24.625	39.75	0.000489350087705783	0.887567305933111	-0.447049230478483	-0.0811055756016318	1
24.875	39.75	0.000489332143165516	0.855905924221898	-0.493335194490504	-0.0753652254107854	1
25.125	39.75	0.000489420027591706	0.975409517803297	-0.185233082175712	-0.0757141906915107	1
25.375	39.75	0.000489558722693327	0.966868597542315	-0.212650163992794	-0.0723848879164081	1
25.625	39.75	0.000489729194825903	0.975076613014536	-0.194512609782117	-0.0711134607329367	1
25.875	39.75	0.000489940428458062	0.976547885155747	-0.184277849369949	-0.069921251089018	1
26.125	39.75	0.000490211685509276	0.977588726809	-0.169716592497288	-0.0683816209874876	1
26.375	39.75	0.000490557770468232	0.980497247665391	-0.14204095679757	-0.0663675132624397	1
26.625	39.75	0.00049098025463591	0.984667386493131	-0.107116448032268	-0.0640586181348385	1
26.875	39.75	0.00049146540032442	0.988575660483683	-0.0758395600164439	-0.0618793924874278	1
27.125	39.75	0.000491990745091885	0.991167455041439	-0.0545445646409467	-0.0600324690982891	1
27.375	39.75	0.000492526755319912	0.992132220820257	-0.0436887710281776	-0.0584177610341997	1
27.625	39.75	0.000493037019011345	0.991381714691697	-0.0423377220901865	-0.0567691393192165	1
27.875	39.75	0.000493482878166747	0.988696911435072	-0.0509925348637941	-0.0547487223849127	1
28.125	39.75	0.000493833233309334	0.98360804100098	-0.0724362925881836	-0.0519821093735533	1
28.375	39.75	0.00049407456483532	0.975524189251227	-0.110975214851826	-0.0481498285142288	1
28.625	39.75	0.000494211272566147	0.96424003861423	-0.167996701356254	-0.0432664291955014	1
28.875	39.75	0.000494252998728921	0.951322474609752	-0.23426194814498	-0.0380341422229562	1
29.125	39.75	0.000494208138130036	0.941029065489027	-0.29136869509069	-0.0336751101139763	1
29.375	39.75	0.00049409974054737	0.936549996790625	-0.327730602990636	-0.0310650692521872	1
29.625	39.75	0.000493977638133706	0.936814234046411	-0.345680263721627	-0.0302472380626793	1
29.875	39.75	0.000493905358959214	0.938996343258059	-0.353276865460076	-0.0308593608239984	1
30.125	39.75	0.00049394275891988	0.93956213526156	-0.355912934059999	-0.0324775727660326	1
30.375	39.75	0.000494140548741565	0.941426765686323	-0.334891662115206	-0.0338416843914581	1
30.625	39.75	0.00049453010253111	0.962346718296222	-0.236250446986388	-0.0326868589481025	1
30.875	39.75	0.000495097606625015	0.988955059787632	-0.0801480092725688	-0.0298731700254326	1
31.125	39.75	0.000495828665319695	1.00221804039845	0.0197217464691709	-0.0290347421342161	1
31.375	39.75	0.000496751480429512	1.00683643701014	0.0507306585315577	-0.0309720652581525	1
31.625	39.75	0.000497888734076668	0.999999965026339	0.0795626049345514	-0.03291460977252	1
31.875	39.75	0.000499151117556062	0.981935122968842	0.164869475699442	-0.0324425025284766	1
32.125	39.75	0.000500284956860238	0.948764098909585	0.306883163378453	-0.0307324071374216	1
32.375	39.75	0.000501005074908742	0.906031530839421	0.434929369777833	-0.0310414261904258	1
32.625	39.75	0.000501250716100419	0.878795792993639	0.501035440705259	-0.0334946539292678	1
32.875	39.75	0.000501158113258472	0.839899092403374	0.557855485388335	-0.0382325184594342	1
33.125	39.75	0.000501057467222892	0.829095544051206	0.56804326281192	-0.039393377076746	1
33.375	39.75	0.000501258699453877	0.779388232656171	0.636262083166829	-0.0434413183490374	1
33.625	39.75	0.000501675318195572	0.757430815021214	-0.659827571412553	-0.0448791364436176	1
33.875	39.75	0.000502073053448827	0.734426147200968	-0.692217995213565	-0.047182697544661	1
34.125	39.75	0.000502407800224104	0.796141291666265	-0.61598505419194	-0.0509952582790363	1
34.375	39.75	0.000502622369602545	0.746833035480243	-0.677021287184472	-0.0519205124432397	1
34.625	39.75	0.000502796230667234	0.801106900282528	-0.611409560346362	-0.0562403778481708	1
34.875	39.75	0.000503023964260012	0.784798702489685	-0.62871014487686	-0.0574234597464125	1
35.125	39.75	0.000503481643055055	0.811300067476901	-0.593621109272925	-0.0603529069367634	1
35.375	39.75	0.000504391713327997	0.817511337357924	-0.579766856050656	-0.0618388608426286	1
35.625	39.75	0.000505823789189182	0.823908183117673	-0.563669027937084	-0.0633906665128546	1
35.875	39.75	0.000507555609375534	0.829692331357042	-0.548713854996741	-0.0633377684556453	1
36.125	39.75	0.000508788764674169	0.790374255003304	-0.594409244436209	-0.0636065629772157	1
36.375	39.75	0.000508133483721085	0.801751818038945	-0.584709927327637	-0.0612019252492585	1
36.625	39.75	0.000503943568194059	0.678032831173838	-0.726046392034907	-0.0634662183151616	1
36.875	39.75	0.000495033631377565	0.776347758595405	-0.61730844170447	-0.0631129432690189	1
37.125	39.75	0.000482616555167535	0.669900869722594	-0.742068193769458	-0.0631077099569014	1
37.375	39.75	0.000471335101906308	0.703091063214429	-0.643417084624201	-0.0705371362142347	1
0.125	40.25	0.000483069235968268	0.773780583154438	0.63465622386477	-0.077537278077189	1
0.375	40.25	0.000483245935721716	0.92773040381999	-0.354370338492531	-0.0783043201937568	1
0.625	40.25	0.000483465424529404	0.930883928717472	0.344967666924494	-0.0739826229452086	1
0.875	40.25	0.000483739636493381	0.80399575305241	-0.594691761924994	-0.074603224003003	1
1.125	40.25	0.000483996187825094	0.994519513495545	0.0665806665394577	-0.0741006446772959	1
1.375	40.25	0.000484199586172922	0.94785479425327	-0.295291005820782	-0.0731501381083948	1
1.625	40.25	0.000484301412112561	0.973781466142515	-0.175601750075528	-0.0710029360976565	1
1.875	40.25	0.00048428961153579	0.993786853958445	0.096301581226351	-0.0683855238278694	1
2.125	40.25	0.000484174602784966	0.984634485713592	-0.0743411486906366	-0.0703711044336082	1
2.375	40.25	0.000483983059573881	0.97146337491807	0.110651185136967	-0.0622843804893148	1
2.625	40.25	0.000483763532586672	0.904171417681411	0.432857351540338	-0.0594668232880369	1
2.875	40.25	0.000483550131639107	0.915061763125017	0.434556554981577	-0.0633990713764335	1
3.125	40.25	0.000483354280087105	0.829805933667224	0.581201903103773	-0.065652874116552	1
3.375	40.25	0.000483175938655247	0.809878885427273	0.607950774011466	-0.0689579298379787	1
3.625	40.25	0.000483011180815971	0.803601189854169	0.606524169285766	-0.0708805007866724	1
3.875	40.25	0.000482860454723016	0.767597086308616	0.650078285728878	-0.0715093719840397	1
4.125	40.25	0.000482727131087325	0.783039352367524	0.6285750153304	-0.072975199589011	1
4.375	40.25	0.000482614272505736	0.793272417208498	0.613859122660466	-0.0730842743468601	1
4.625	40.25	0.000482511673679779	0.788887808192389	0.61944860496107	-0.0742027743078535	1
4.875	40.25	0.000482425422216278	0.824458391644181	0.574226835263806	-0.074301427778161	1
5.125	40.25	0.000482344843079714	0.789444759166291	0.619935381269297	-0.0764572168345133	1
5.375	40.25	0.000482277616777678	0.861981982436311	0.520348215959115	-0.0758714712008442	1
5.625	40.25	0.000482216786042498	0.75871634177461	0.657377518098858	-0.0799108527012041	1
5.875	40.25	0.000482167453189047	0.916912047680799	0.419308703889603	-0.0774889727422128	1
6.125	40.25	0.000482137665708894	0.683967796174417	0.734144934262346	-0.0841750478882523	1
6.375	40.25	0.000482096653723757	0.981888576485602	0.104118066912885	-0.0790248780942743	1
6.625	40.25	0.000482078826564144	0.624543179446682	-0.774704774704062	-0.0779360938490161	1
6.875	40.25	0.000482123235861399	0.94858420473129	-0.287495496502879	-0.0777987034068926	1
7.125	40.25	0.000482203527863381	0.64153350477177	-0.760271127057107	-0.0740556693633364	1
7.375	40.25	0.000482336998324106	0.887239354215618	-0.450449953195956	-0.0760834311645538	1
7.625	40.25	0.000482515355360148	0.685539208640013	-0.719383577447909	-0.07236075155153	1
7.875	40.25	0.000482741486044607	0.833400307129792	-0.542165324915286	-0.0737988068754898	1
8.125	40.25	0.000483014862911368	0.715928410650422	-0.687362460951888	-0.07049745176897	1
8.375	40.25	0.000483325739024802	0.794102252027605	-0.597395950866503	-0.0708953090859995	1
8.625	40.25	0.000483677549246512	0.728380768771741	-0.675422183124798	-0.0684199532951133	1
8.875	40.25	0.000484054535981605	0.772661392247005	-0.628222425351989	-0.0682143500803399	1
9.125	40.25	0.000484459160245007	0.731846125829835	-0.676151160877649	-0.0671446134080858	1
9.375	40.25	0.000484876998986974	0.773500403105802	-0.632706807955164	-0.0666944524978765	1
9.625	40.25	0.000485308259985817	0.72853393277159	-0.684241526921359	-0.067280043280653	1
9.875	40.25	0.000485743299510308	0.793329621885	-0.612089533951612	-0.0664129191109225	1
10.125	40.25	0.000486187047198734	0.711049267670623	-0.704960692945093	-0.0685947990516441	1
10.375	40.25	0.000486632768407153	0.826245669463094	-0.568740731270468	-0.0669035009711913	1
10.625	40.25	0.000487095080967569	0.67645718855846	-0.738659263362336	-0.0704781501444821	1
10.875	40.25	0.000487551917961894	0.870118158279716	-0.497329086492906	-0.0677096187267579	1
11.125	40.25	0.000488007775864014	0.629152170427157	-0.777463747297126	-0.0720710661204362	1
11.375	40.25	0.000488386751637657	0.921753374352324	-0.384257389975416	-0.0683403925742472	1
11.625	40.25	0.000488655884529132	0.565928321134796	-0.82000858182825	-0.0719097093729712	1
11.875	40.25	0.000488702325095986	0.959715983353068	-0.205953263826442	-0.0680675150348631	1
12.125	40.25	0.000488544138002938	0.494269835128838	0.868910475677257	-0.063026129615315	1
12.375	40.25	0.000488345486652907	0.862606405886493	0.512178784462622	-0.0684678582687836	1
12.625	40.25	0.000488080944979078	0.600877237096559	0.798315831090966	-0.0647510998028504	1
12.875	40.25	0.000487824483678905	0.790622786845424	0.614132006803736	-0.0683846247667797	1
13.125	40.25	0.000487550591102401	0.666648165496092	0.741286542726849	-0.0658090734822956	1
13.375	40.25	0.000487278881851162	0.74805131966803	0.659621626900038	-0.067350613436866	1
13.625	40.25	0.00048700634001957	0.686646641680473	0.718992117448253	-0.0652835798142471	1
13.875	40.25	0.000486723508374446	0.703383518852287	0.703593875206772	-0.0652440624316298	1
14.125	40.25	0.000486437492045998	0.653011726330883	0.748631467603068	-0.0635589720165195	1
14.375	40.25	0.000486131969616155	0.648358823055407	0.757501918171602	-0.0628971869591914	1
14.625	40.25	0.000485820540664077	0.563947250680983	0.820417850092828	-0.0625083091686598	1
14.875	40.25	0.000485501586754424	0.617724355802074	0.789398863186674	-0.0613435997809012	1
15.125	40.25	0.000485208599259556	0.433203771680391	0.901878492636467	-0.0633670520197279	1
15.375	40.25	0.000484969391859697	0.643114753094931	0.775319711416389	-0.0610728009445499	1
15.625	40.25	0.000484844942893954	0.321672640805728	0.954850104495973	-0.0661864992307392	1
15.875	40.25	0.000484869400465512	0.712192082862009	0.717164765047472	-0.0619687602740736	1
16.125	40.25	0.000485039247102285	0.985494284475941	0.222125402878759	-0.0707845082948821	1
16.375	40.25	0.000485305949779659	0.881682083697031	-0.421230406368344	-0.067207057768986	1
16.625	40.25	0.000485638686015111	0.683527568614494	-0.706807658548053	-0.0610393244657981	1
16.875	40.25	0.00048605697886416	0.682535067050827	-0.722837815241176	-0.0614473789146667	1
17.125	40.25	0.000486520275228499	0.509572291996439	-0.857377853533368	-0.0598761695910054	1
17.375	40.25	0.000487016438922199	0.443710357701388	-0.901381237188333	-0.0607601892188837	1
17.625	40.25	0.000487533034097254	0.440432739308346	-0.903307204886434	-0.0612400426974126	1
17.875	40.25	0.000488027911846206	0.335687663898606	-0.950554759189174	-0.062176265141095	1
18.125	40.25	0.000488472083343386	0.434100903053966	-0.909914889947571	-0.0624009395240554	1
18.375	40.25	0.000488823807530722	0.348887276405546	-0.94707847294534	-0.0644655414902336	1
18.625	40.25	0.000489032292806093	0.894549024721898	-0.41231678934335	-0.0638816467447157	1
18.875	40.25	0.000489067714110293	0.964297270466777	0.126159513884663	-0.0571349779409971	1
19.125	40.25	0.000489003926544328	0.921396346223338	0.358615480272629	-0.0502857606740441	1
19.375	40.25	0.000488894009636755	0.863970208439043	0.532030627148769	-0.0511608783088358	1
19.625	40.25	0.000488825344316491	0.912761015244428	0.445693347762827	-0.0569480884152692	1
19.875	40.25	0.000488764998832845	0.891699283189687	0.471879549536919	-0.0588036252617302	1
20.125	40.25	0.00048868095943262	0.883803356410771	0.490589990397936	-0.0610149884386507	1
20.375	40.25	0.000488572390533511	0.889020141137979	0.479641037125359	-0.0638027558174123	1
20.625	40.25	0.000488423454029685	0.886535842028186	0.480987107718737	-0.0658626983503972	1
20.875	40.25	0.000488212112638124	0.885317615131557	0.482987726740366	-0.0678798252737603	1
21.125	40.25	0.000487936470356944	0.886746204551715	0.479069622107244	-0.069904842053168	1
21.375	40.25	0.00048760664513987	0.886184695988934	0.478694084509206	-0.0716597588453037	1
21.625	40.25	0.000487249590635676	0.88768756077022	0.474832034265751	-0.073338884224219	1
21.875	40.25	0.000486911822881509	0.890110164654075	0.469007210852669	-0.0748551361139578	1
22.125	40.25	0.000486649614866478	0.893986170737412	0.460519878036294	-0.0762501581636783	1
22.375	40.25	0.000486520197268747	0.898302504364193	0.450350590645942	-0.0775604353005676	1
22.625	40.25	0.000486568398664925	0.90296699117129	0.438348083039298	-0.0786487683595171	1
22.875	40.25	0.000486807050198641	0.901138609036502	0.435500050445312	-0.0795399447320166	1
23.125	40.25	0.000487203540282054	0.901989624617325	0.427800355269656	-0.0793573989141591	1
23.375	40.25	0.000487663855774976	0.874704256470097	0.473622641400296	-0.0791826151644842	1
23.625	40.25	0.000488039350056382	0.879375188725768	0.467923263850659	-0.077282018272899	1
23.875	40.25	0.000488223564999245	0.845821085990061	0.540670147075279	-0.0775864326640852	1
24.125	40.25	0.000488200118952396	0.841769554703338	-0.531124773483988	-0.0790007650435671	1
24.375	40.25	0.000488176288398922	0.61767023827742	-0.793415422715016	-0.0759625371643757	1
24.625	40.25	0.000488267879016962	0.851412010374511	-0.528497366605088	-0.0814233442288788	1
24.875	40.25	0.000488410736224721	0.703771592412284	-0.699680020863735	-0.0780082140726683	1
25.125	40.25	0.000488593913777064	0.909583210315298	-0.384726534921311	-0.0783458020613104	1
25.375	40.25	0.000488785504104402	0.948716659432082	-0.262020529257477	-0.0729878339345895	1
25.625	40.25	0.000488952154177173	0.971854886869976	-0.202830427743439	-0.0712606699996518	1
25.875	40.25	0.000489114420234961	0.978547584473864	-0.164870875912245	-0.069842516010301	1
26.125	40.25	0.00048929109402145	0.982062829167473	-0.127285138581659	-0.0678141373933939	1
26.375	40.25	0.000489494156089463	0.98589787861055	-0.0797843581046882	-0.0653130964398051	1
26.625	40.25	0.00048973060834762	0.989273144182892	-0.0322318366926393	-0.0626654707229534	1
26.875	40.25	0.000489999215792021	0.992040383285381	0.00388766784652613	-0.0604380342599516	1
27.125	40.25	0.000490296820530255	0.993990041852758	0.0243281078241562	-0.0588447150224305	1
27.375	40.25	0.000490616956937676	0.994869012549247	0.0320536197190562	-0.0576918028234135	1
27.625	40.25	0.000490944624788349	0.994534951004639	0.0307616072549051	-0.0566268853997353	1
27.875	40.25	0.0004912567199461	0.992856735089771	0.0214495217209796	-0.0552791853367541	1
28.125	40.25	0.000491530372676386	0.989505302972231	0.00164760934550286	-0.0532570916414615	1
28.375	40.25	0.000491754839220947	0.983923741721418	-0.0344132124193261	-0.0501503956140459	1
28.625	40.25	0.000491935971194174	0.975415606895532	-0.0926557288228184	-0.0457298974154925	1
28.875	40.25	0.000492083145165346	0.963715994018798	-0.169652414022128	-0.0404217169956739	1
29.125	40.25	0.00049219404435613	0.95124061442999	-0.246395041948199	-0.03549019349246	1
29.375	40.25	0.000492268209533317	0.942538953235696	-0.303267984868391	-0.0322196602701957	1
29.625	40.25	0.00049233182616825	0.938791782001921	-0.337238553128375	-0.030981069753352	1
29.875	40.25	0.000492431966530455	0.937867950638947	-0.356179416615161	-0.0314320128590071	1
30.125	40.25	0.000492613101261891	0.936932183324025	-0.367512808403992	-0.0331162567320558	1
30.375	40.25	0.000492904808645529	0.936051195711723	-0.365514009337326	-0.0352197758973652	1
30.625	40.25	0.000493317027244109	0.947819352369374	-0.320124562037245	-0.0361487242681974	1
30.875	40.25	0.000493809300249286	0.971967468577156	-0.232114438395885	-0.0360995794305937	1
31.125	40.25	0.000494343863227609	0.988778348875918	-0.136868799891112	-0.036208330293948	1
31.375	40.25	0.00049497378228087	0.993992149574381	-0.0207160360900884	-0.0351814867874665	1
31.625	40.25	0.000495733157848112	0.986426494146014	0.110077796431544	-0.0332014014762871	1
31.875	40.25	0.000496596178645999	0.964188591724009	0.237053633026009	-0.031310300626913	1
32.125	40.25	0.000497497994834265	0.920845482846201	0.383287947142667	-0.0296683772079543	1
32.375	40.25	0.000498332815119713	0.864517164761288	0.511225864678453	-0.0303800839339168	1
32.625	40.25	0.000499090556429622	0.842581835529263	0.557028653543008	-0.0325614480398693	1
32.875	40.25	0.000499750864449785	0.795092955389551	0.618470794133483	-0.0372965819779359	1
33.125	40.25	0.000500336783265428	0.809335826737437	0.598285488853635	-0.0380361249719912	1
33.375	40.25	0.000500895519781696	0.74889919570854	0.674495786158008	-0.0429087035487567	1
33.625	40.25	0.000501249532695014	0.780547768123333	-0.631567046891728	-0.0441264225328431	1
33.875	40.25	0.000501456614406563	0.702345499719247	-0.724703331266181	-0.0458157821207271	1
34.125	40.25	0.000501643097738955	0.800648818565694	-0.610923799077741	-0.0504372367177342	1
34.375	40.25	0.000501736019487382	0.722143624064632	-0.70377352264757	-0.0506337187561078	1
34.625	40.25	0.000501857215420707	0.790669828588763	-0.627387464692899	-0.0556783349510856	1
34.875	40.25	0.000502086711355977	0.764340116583925	-0.655828939516044	-0.0567919776630765	1
35.125	40.25	0.000502589366957496	0.793175761236017	-0.622370061267253	-0.0602262763139933	1
35.375	40.25	0.000503590612100936	0.799745492365462	-0.611547398089688	-0.0622207867146398	1
35.625	40.25	0.000505170195529609	0.812851870633606	-0.591773581459359	-0.064837541812538	1
35.875	40.25	0.000507145976698026	0.835797165430318	-0.556898993837224	-0.0663416890649185	1
36.125	40.25	0.000508761418806698	0.821217413540934	-0.566644731266435	-0.0687746048955285	1
36.375	40.25	0.000508652676478452	0.861775799187739	-0.497884663870647	-0.0672788528415129	1
36.625	40.25	0.000505145090173268	0.760417153612253	-0.640729794689337	-0.0688513566422425	1
36.875	40.25	0.000497030308930907	0.799184565445909	-0.584133199119848	-0.0683965751783143	1
37.125	40.25	0.000485494998688924	0.714568540284481	-0.714212418357357	-0.0667677590356249	1
37.375	40.25	0.000475122369703441	0.617692184419524	-0.736064349986097	-0.0801778898619967	1
0.125	40.75	0.000484016908825775	0.833790632332874	0.555275403930757	-0.0677967472436558	1
0.375	40.75	0.000484303872817953	0.726263280503057	-0.676477732002228	-0.0685879631132769	1
0.625	40.75	0.000484673881455712	0.871730788505486	-0.486546995212134	-0.0659546471922926	1
0.875	40.75	0.0004851042895505	0.845236358771579	-0.546291477347497	-0.0676178954375293	1
1.125	40.75	0.000485443397302253	0.903111886750475	-0.415162626770332	-0.0690584999072826	1
1.375	40.75	0.000485645502976321	0.998363114755351	0.00238541219743672	-0.0642957100521228	1
1.625	40.75	0.000485700669551963	0.99997008752512	0.106064722621749	-0.0684820076979973	1
1.875	40.75	0.00048558537004178	0.982987662554189	0.152297409931708	-0.0673664533423216	1
2.125	40.75	0.000485343240976491	0.832950093056718	0.551392280671178	-0.0660479886168086	1
2.375	40.75	0.000485047169110137	0.67978990363456	0.741653169308211	-0.0676355537394383	1
2.625	40.75	0.000484732398126136	0.686480580627637	0.74099080742974	-0.0679474560361891	1
2.875	40.75	0.000484443283074093	0.716083220531679	0.712054630171228	-0.0713921078183647	1
3.125	40.75	0.000484171805040999	0.687139788622609	0.73210919215441	-0.0719832468934368	1
3.375	40.75	0.000483915765655877	0.802351861574921	0.592699037255898	-0.0728995205466322	1
3.625	40.75	0.000483670551248374	0.778459735571702	0.622234241536938	-0.0709011015070599	1
3.875	40.75	0.000483450469967291	0.839902893718929	0.541793834769388	-0.0713823735213383	1
4.125	40.75	0.000483254876278604	0.849767675393633	0.526540641381436	-0.0710046747066714	1
4.375	40.75	0.000483074707363107	0.859159300023281	0.519190406362067	-0.0714310518187427	1
4.625	40.75	0.000482906600304262	0.851674455371914	0.533812319937877	-0.0730725338852665	1
4.875	40.75	0.000482752080723505	0.863891933600062	0.517996305982856	-0.0739456760198501	1
5.125	40.75	0.000482602862455101	0.823851570796197	0.576650357516557	-0.0767084725828335	1
5.375	40.75	0.000482470159712584	0.875410777834623	0.49961276765037	-0.0765139642698576	1
5.625	40.75	0.000482350131940043	0.770993999814626	0.643016032517035	-0.0807358749593965	1
5.875	40.75	0.000482262107001729	0.916745374912616	0.419032397708165	-0.0781951338952225	1
6.125	40.75	0.000482222166397707	0.68349477181102	0.735248765080134	-0.0848658826642562	1
6.375	40.75	0.000482213913205993	0.97575415117765	0.166221757968359	-0.0798517847951305	1
6.625	40.75	0.00048226155689151	0.679501135846077	-0.728923140478218	-0.0797117633544062	1
6.875	40.75	0.000482383836647328	0.95742417760904	-0.254245928501155	-0.0791644111045192	1
7.125	40.75	0.000482554150728011	0.680791430691341	-0.725205307377236	-0.0755201764893793	1
7.375	40.75	0.000482775074810987	0.895120376892259	-0.435567238941979	-0.0773690969699927	1
7.625	40.75	0.000483040895546614	0.711150813953558	-0.696136133089858	-0.0739564760495949	1
7.875	40.75	0.000483346712461278	0.845127764637806	-0.526609482822035	-0.0755913682910834	1
8.125	40.75	0.000483693440125131	0.7345680994273	-0.669491848653337	-0.0727409517304969	1
8.375	40.75	0.000484070112246283	0.808873123085617	-0.57754394197414	-0.0732853381632856	1
8.625	40.75	0.000484479542900247	0.73905905916258	-0.662244264768821	-0.0708154904795207	1
8.875	40.75	0.000484906317217287	0.781001840858279	-0.614249558025708	-0.0703039911186555	1
9.125	40.75	0.000485351149860725	0.729876559610758	-0.674068002898197	-0.0687433077018586	1
9.375	40.75	0.000485799542085561	0.771351528805115	-0.630563557847377	-0.0676867534368746	1
9.625	40.75	0.000486251351019744	0.717322415464868	-0.692026389453463	-0.0677131646121794	1
9.875	40.75	0.000486695559703541	0.787140074946347	-0.616125142909082	-0.0662894070538109	1
10.125	40.75	0.000487138130457056	0.695305501582246	-0.718199977524158	-0.0680254976489198	1
10.375	40.75	0.000487567071387111	0.817918068904067	-0.578491835170065	-0.0660608830907568	1
10.625	40.75	0.000488001429930987	0.650646861156763	-0.760950052390278	-0.0692620423291638	1
10.875	40.75	0.000488413780702834	0.858051824985085	-0.518550745011518	-0.0665741315800368	1
11.125	40.75	0.000488818754311217	0.580532683138504	-0.815306574163315	-0.0708224717625646	1
11.375	40.75	0.000489145389446774	0.913708868169122	-0.409257042197358	-0.0672541965935245	1
11.625	40.75	0.00048937270456545	0.491071413511019	-0.870101900333276	-0.0717184988184863	1
11.875	40.75	0.000489394419643136	0.961238036134228	-0.1976806850826	-0.067710656547752	1
12.125	40.75	0.000489231797306012	0.476547425693973	0.878670223978266	-0.0625840816586024	1
12.375	40.75	0.000489041126017299	0.876368495741458	0.484271527381235	-0.0681179611642175	1
12.625	40.75	0.000488780121032832	0.565561601345894	0.820212636567131	-0.0635101298338787	1
12.875	40.75	0.000488522171745839	0.777362540130409	0.626294380922012	-0.0670076518438695	1
13.125	40.75	0.000488236395925069	0.599546700807035	0.793089368702401	-0.0633526333410501	1
13.375	40.75	0.000487945715652572	0.686887379847355	0.722722007078702	-0.0648434894736367	1
13.625	40.75	0.000487645731442307	0.580219049842681	0.809539034535916	-0.0627452311011824	1
13.875	40.75	0.000487335733111465	0.61093489149619	0.790390957155878	-0.0632471255736928	1
14.125	40.75	0.000487020337340215	0.542850353395623	0.840347710123467	-0.0627495617448035	1
14.375	40.75	0.000486689409539396	0.564056610402802	0.828718873354521	-0.0632680436474446	1
14.625	40.75	0.000486359156625424	0.52303706434311	0.857082377957951	-0.0637102450728221	1
14.875	40.75	0.000486022756801728	0.55919525401268	0.836686283606616	-0.0647167450172589	1
15.125	40.75	0.000485732643394032	0.517682385705272	0.861061460628149	-0.0656313283292689	1
15.375	40.75	0.000485501842857515	0.612190808152007	0.804403358908245	-0.066714805336385	1
15.625	40.75	0.000485423163896277	0.477203102573112	0.881694709307334	-0.0688952814946949	1
15.875	40.75	0.000485491797392068	0.72781134752794	-0.657374648174607	-0.068447022828254	1
16.125	40.75	0.000485693202710932	0.441369769194956	-0.898056480905911	-0.0615466936488119	1
16.375	40.75	0.000485981234400159	1.00147206891631	-0.149476250082135	-0.069711469447042	1
16.625	40.75	0.000486294847738953	0.783080517330119	-0.596454944474808	-0.0680052790515195	1
16.875	40.75	0.000486649120293384	0.877579151964309	-0.438230559934693	-0.0643058621351241	1
17.125	40.75	0.000487032252695343	0.858931883850009	-0.471278484998229	-0.0597964244860998	1
17.375	40.75	0.000487442498699299	0.714253036431687	-0.685457445646257	-0.0562681413240065	1
17.625	40.75	0.000487895569811678	0.729855769786517	-0.67359410348845	-0.0563238001113806	1
17.875	40.75	0.000488366399769255	0.619015828374723	-0.788213855157365	-0.0547536918006122	1
18.125	40.75	0.000488811941598154	0.529583985250393	-0.847975570463797	-0.0576621269080692	1
18.375	40.75	0.000489209924834517	0.636931830530008	-0.78458390300491	-0.054744641574223	1
18.625	40.75	0.000489497521364347	0.322147637378594	-0.951395273366127	-0.0623667023155594	1
18.875	40.75	0.000489613125464297	0.977230029178823	0.0573770304088167	-0.0549565894538293	1
19.125	40.75	0.000489592155330623	0.79977051013986	0.616107792094133	-0.0520295288868393	1
19.375	40.75	0.000489521461989669	0.88077128108152	0.512789022626742	-0.058417658164811	1
19.625	40.75	0.000489472500968882	0.870790090549272	0.508474074752767	-0.0608625387013209	1
19.875	40.75	0.000489426357666436	0.871990691625826	0.504969583855461	-0.0623324022240695	1
20.125	40.75	0.00048937216993045	0.874138760872277	0.502934723266181	-0.0642664771982686	1
20.375	40.75	0.000489317037245257	0.882489289609624	0.486606937500825	-0.0663138472177137	1
20.625	40.75	0.000489244563426351	0.884344460440768	0.482237661679791	-0.0679935700183544	1
20.875	40.75	0.000489137063799487	0.886319408721074	0.479184088501125	-0.0697984965175405	1
21.125	40.75	0.000488985628467388	0.888844416132728	0.473817040093104	-0.0716325215549153	1
21.375	40.75	0.000488783615262537	0.889735286491022	0.471055710868452	-0.0732936588431426	1
21.625	40.75	0.00048853417754475	0.892269987247791	0.464854102157493	-0.0748690048830764	1
21.875	40.75	0.000488253748430922	0.895045253217284	0.45746543469286	-0.0762444887756702	1
22.125	40.75	0.000487969773808206	0.897819992390363	0.449503326090497	-0.0774141306485596	1
22.375	40.75	0.00048771925539518	0.898976858462718	0.443582608443162	-0.0783228217556987	1
22.625	40.75	0.000487541780342484	0.897852803065479	0.441665285297777	-0.0788174863138057	1
22.875	40.75	0.0004874667720053	0.889808416155233	0.45229477255726	-0.078938278782086	1
23.125	40.75	0.00048749924060676	0.887997307297134	0.456592548596402	-0.0783165874845729	1
23.375	40.75	0.000487614986124669	0.859464840127405	0.507216988180099	-0.078560864488276	1
23.625	40.75	0.000487751397373587	0.912135898703362	0.425048773486875	-0.0775387645389735	1
23.875	40.75	0.000487882936760719	0.833220229324539	0.563288236216801	-0.0816134355426546	1
24.125	40.75	0.0004879915533916	0.982696049986882	-0.0368864642180905	-0.0801248539103203	1
24.375	40.75	0.000488155553182124	0.605273439040733	-0.802417298760567	-0.0735128023486169	1
24.625	40.75	0.000488443441670882	0.874673359242203	-0.507525715335255	-0.082170955153321	1
24.875	40.75	0.000488769916794336	0.715569984424809	-0.699082973356703	-0.0795471412117711	1
25.125	40.75	0.000489079048202935	0.789697985546342	-0.609404385068858	-0.0824383596389357	1
25.375	40.75	0.000489355701650646	0.894981354195239	-0.403222124686829	-0.0786419329848495	1
25.625	40.75	0.000489570857342518	0.953835559516701	-0.253233107330093	-0.0743475055603201	1
25.875	40.75	0.000489734903254578	0.969836643059294	-0.211607260193658	-0.0727835970898122	1
26.125	40.75	0.000489878022727722	0.972259793189768	-0.198908500916934	-0.0711492333936383	1
26.375	40.75	0.000490007745345933	0.975853649281154	-0.175825985366946	-0.0693772085906429	1
26.625	40.75	0.000490134410304125	0.980243030356214	-0.144819046919768	-0.0672834936459566	1
26.875	40.75	0.000490265843057283	0.984955275130037	-0.111424100323731	-0.065128718215823	1
27.125	40.75	0.000490409291087318	0.988754503415259	-0.0829507898698244	-0.0631709872541387	1
27.375	40.75	0.000490569132656598	0.991052706220866	-0.063086141914088	-0.0614757704497561	1
27.625	40.75	0.000490743137713385	0.991688273635805	-0.0524745592177764	-0.0599087509377614	1
27.875	40.75	0.000490921823340994	0.990540834557564	-0.0512007140115962	-0.0582085041979224	1
28.125	40.75	0.000491093424752788	0.987295276556822	-0.0606446483207152	-0.0560344248857859	1
28.375	40.75	0.000491252906180063	0.981380998398621	-0.0843719001239764	-0.0530022572535182	1
28.625	40.75	0.000491407720099138	0.972158702271063	-0.127097898905581	-0.0488151906738652	1
28.875	40.75	0.000491569964261787	0.959639367295959	-0.188689790658512	-0.0436164642835777	1
29.125	40.75	0.000491739273812782	0.946343545535682	-0.255852899922933	-0.0383332208702779	1
29.375	40.75	0.000491905683781273	0.937401116790077	-0.308458421604862	-0.0342856904272004	1
29.625	40.75	0.000492077562239585	0.935111661275588	-0.338292901542094	-0.0321881610387192	1
29.875	40.75	0.000492289216638826	0.9372737932782	-0.350736611764325	-0.0319055415506254	1
30.125	40.75	0.000492575972979664	0.940885995327043	-0.35317008635642	-0.033009256154956	1
30.375	40.75	0.000492948994936712	0.943658308729278	-0.344595190434502	-0.0348659366528087	1
30.625	40.75	0.000493391492977322	0.952534049131429	-0.292001693563767	-0.0357074271423856	1
30.875	40.75	0.000493877881492608	0.978659460420632	-0.13792726884162	-0.0332688212517459	1
31.125	40.75	0.000494350475453603	0.995274859941439	0.0350609881136865	-0.0301144521062013	1
31.375	40.75	0.000494746447375147	1.00143625084787	0.092226082916672	-0.0310651495126939	1
31.625	40.75	0.000495108791293725	0.98913996540183	0.136976474864218	-0.0326756710431438	1
31.875	40.75	0.000495516241385246	0.943526628012174	0.301079365469712	-0.0302987415891808	1
32.125	40.75	0.000496006455654975	0.867522912007318	0.495095187887073	-0.0280678247996141	1
32.375	40.75	0.000496625503644065	0.810904481873769	0.597872436465227	-0.0303186440706493	1
32.625	40.75	0.000497423392100727	0.810567030323693	0.605925495998845	-0.0328675217076752	1
32.875	40.75	0.00049828903518028	0.745575820508084	0.677294224448326	-0.0383975047781842	1
33.125	40.75	0.000499118960341543	0.81392659298121	0.595293062611898	-0.0380487844971791	1
33.375	40.75	0.000499873454868908	0.689217093875149	0.735817568509521	-0.0445580122159596	1
33.625	40.75	0.000500251859357979	0.815848956476065	-0.577048811775595	-0.0443041369843595	1
33.875	40.75	0.000500432238434673	0.648724837662398	-0.77104058963904	-0.0444253846275521	1
34.125	40.75	0.000500645435539624	0.814890404463373	-0.591653375896927	-0.0502887640136402	1
34.375	40.75	0.000500755431347592	0.695109615852723	-0.729225619255889	-0.0491292318180644	1
34.625	40.75	0.000500914571245326	0.784183210107944	-0.637263256725173	-0.0549412273443475	1
34.875	40.75	0.000501195119395858	0.747917258533602	-0.675265843826084	-0.0558035783723484	1
35.125	40.75	0.000501744703628177	0.77827173565798	-0.642929796931412	-0.0595164000698315	1
35.375	40.75	0.000502793807458295	0.782040237227118	-0.63634743991575	-0.0616350289303017	1
35.625	40.75	0.00050443696160961	0.793385627698131	-0.62162613615054	-0.0644845482487313	1
35.875	40.75	0.000506549917672322	0.81676621303022	-0.591822340697334	-0.0664047834395635	1
36.125	40.75	0.000508473320528123	0.811655381840833	-0.594353021627213	-0.0697414290953878	1
36.375	40.75	0.000508950654077269	0.867582068314152	-0.508084046874926	-0.0702534876697034	1
36.625	40.75	0.000506361102339678	0.816936439810374	-0.580060040085262	-0.0735511379389789	1
36.875	40.75	0.000499372801738547	0.867603457238246	-0.465924503981986	-0.0734376105368291	1
37.125	40.75	0.000489093030198133	0.83494720814598	-0.594020450193349	-0.0664224466373257	1
37.375	40.75	0.000480133495335489	0.47665349278517	-0.853801204751023	-0.0899517963353797	1
0.125	41.25	0.000485653374385595	0.799250341725773	0.618824889514679	-0.0791638312935662	1
0.375	41.25	0.000485992822808539	0.862735301292463	-0.477953674944145	-0.084265373993925	1
0.625	41.25	0.000486386692176628	0.973750537938357	0.00376521939912232	-0.0731119608196289	1
0.875	41.25	0.000486853764139081	0.708004505176593	-0.705089699924337	-0.0713495449698728	1
1.125	41.25	0.000487225863481156	0.97644673066622	-0.192057239277214	-0.0732635810216866	1
1.375	41.25	0.0004874432686818	0.741255016912487	-0.660714683275335	-0.0694002818661382	1
1.625	41.25	0.000487428017465961	0.993310945119647	-0.08779965499237	-0.0707153147312518	1
1.875	41.25	0.000487197602411079	0.906236041258514	0.410830671647487	-0.0683308725613076	1
2.125	41.25	0.000486851049616023	0.877445449399351	0.47546768394925	-0.0687075377444532	1
2.375	41.25	0.000486457343808293	0.883646306886672	0.461317016683058	-0.0675102051905304	1
2.625	41.25	0.000486067335983393	0.939790609642012	0.355735642236279	-0.0670183748065482	1
2.875	41.25	0.000485700920716106	0.868671409631891	0.503701474365293	-0.0701484153038864	1
3.125	41.25	0.000485332288723005	0.907025826828719	0.413186362562683	-0.0690151450847285	1
3.375	41.25	0.000484975930508985	0.875030174122666	0.487371976685592	-0.0683426778697983	1
3.625	41.25	0.000484649492111231	0.873336874801789	0.499043690255589	-0.0697372549597328	1
3.875	41.25	0.000484352258130887	0.858424733052633	0.526980779719937	-0.0711737525550138	1
4.125	41.25	0.000484073932700784	0.831263541869533	0.570087709357203	-0.0731097862523808	1
4.375	41.25	0.000483814597044085	0.822638568787506	0.583081818462816	-0.0746985634089498	1
4.625	41.25	0.000483568120985467	0.799855948670568	0.61082435140791	-0.0768173997881742	1
4.875	41.25	0.000483337205297439	0.818542442847341	0.585437394397709	-0.0774049109772389	1
5.125	41.25	0.00048311035371001	0.777640050634625	0.634675612966902	-0.0797707758266321	1
5.375	41.25	0.000482901556151019	0.84581530751891	0.54455176778544	-0.0789249085113681	1
5.625	41.25	0.000482710177971778	0.738741063151409	0.678033819721413	-0.0827699813330769	1
5.875	41.25	0.000482571870614426	0.905877656781349	0.443156858367525	-0.0799192136342485	1
6.125	41.25	0.000482513336883625	0.655492789964322	0.760488953161921	-0.0871079297210488	1
6.375	41.25	0.00048255086322203	0.986366685860513	0.0223979836621864	-0.0813435186590258	1
6.625	41.25	0.000482677425187247	0.684261717262273	-0.725847963315293	-0.0806089947531209	1
6.875	41.25	0.000482871621948509	0.96142101343464	-0.246500796094784	-0.0808909620793339	1
7.125	41.25	0.000483125047549908	0.69125249525059	-0.71415955188971	-0.0773975559497674	1
7.375	41.25	0.000483426924235718	0.897290249916458	-0.427346601387506	-0.0788134103399191	1
7.625	41.25	0.000483772616384122	0.708991451348876	-0.697872081695282	-0.0750860645090667	1
7.875	41.25	0.000484146620268093	0.850640041564281	-0.518097607794777	-0.076815494161797	1
8.125	41.25	0.000484551487058901	0.73638239977357	-0.669684096664424	-0.0739139178949481	1
8.375	41.25	0.000484971146809845	0.823813648932963	-0.558775316407026	-0.0749938929900512	1
8.625	41.25	0.000485412062788867	0.751713967820266	-0.649178634118396	-0.0726416553900714	1
8.875	41.25	0.000485858847441796	0.799376809921699	-0.589565912475235	-0.0723656231451566	1
9.125	41.25	0.000486315175217063	0.741765855877305	-0.658403844970509	-0.0705037562578732	1
9.375	41.25	0.000486765924368127	0.778104452737532	-0.618440044037296	-0.0691470530848122	1
9.625	41.25	0.000487212238750728	0.720192790291807	-0.685682641799827	-0.0685800114402959	1
9.875	41.25	0.00048764177882887	0.786057757347509	-0.61432218180982	-0.0669005258880342	1
10.125	41.25	0.000488061167229718	0.707554765337438	-0.704347874806603	-0.0680913585399726	1
10.375	41.25	0.000488456788605867	0.828502357910526	-0.562319026937662	-0.066210481905342	1
10.625	41.25	0.000488846462737727	0.687792684851276	-0.727733620868034	-0.0691142501930004	1
10.875	41.25	0.000489203011284897	0.884795874818229	-0.473626690788962	-0.0667664297262841	1
11.125	41.25	0.000489545162297132	0.636323112603291	-0.774713718979901	-0.0711632702948263	1
11.375	41.25	0.0004898083454596	0.94133678470894	-0.343958475426162	-0.0680846879168778	1
11.625	41.25	0.000489987150295774	0.563607821636254	-0.827275767210403	-0.072562607886246	1
11.875	41.25	0.000489982555719537	0.96521301277541	-0.169859942951053	-0.0695525345056792	1
12.125	41.25	0.000489819042958469	0.420118379974079	0.903867132148473	-0.0627595017385174	1
12.375	41.25	0.000489633131351781	0.872946806799284	0.483656885866596	-0.068738878979575	1
12.625	41.25	0.000489377325018776	0.500873845431278	0.859682449665326	-0.0621909233247812	1
12.875	41.25	0.000489117535412763	0.757887493147961	0.649811924202928	-0.066875545625619	1
13.125	41.25	0.00048883176955773	0.546220111429458	0.83311966782496	-0.0620581196805967	1
13.375	41.25	0.000488534814535819	0.663666607429422	0.749102908246224	-0.0651572991587359	1
13.625	41.25	0.000488232827791719	0.564162151808704	0.824982248163424	-0.0628799828141938	1
13.875	41.25	0.000487916358385614	0.614190337433761	0.793299748362627	-0.0645630162762445	1
14.125	41.25	0.000487592103123564	0.567021418818701	0.82703158305998	-0.0644463021361086	1
14.375	41.25	0.000487251908113887	0.602828556159132	0.802935994798068	-0.0651640376902502	1
14.625	41.25	0.000486904888391832	0.571066673664966	0.828113794166426	-0.0661363384507055	1
14.875	41.25	0.000486561352245748	0.593050087186828	0.809088692647127	-0.0669712590424258	1
15.125	41.25	0.000486263960225384	0.605878785189718	0.806940038462622	-0.0672591412378743	1
15.375	41.25	0.000486060948463104	0.542447791016419	0.843922132940465	-0.070246022606195	1
15.625	41.25	0.00048601114703372	0.690991736041198	0.735440883592336	-0.0681553039971064	1
15.875	41.25	0.000486165598655459	0.464528844006828	0.893980633546075	-0.0739727028338345	1
16.125	41.25	0.000486434996593684	0.793186253875046	-0.572607698552805	-0.0703159680391063	1
16.375	41.25	0.000486759099560853	0.289113930136585	-0.957278229957321	-0.0653347154566642	1
16.625	41.25	0.000487107704923867	0.88427514911525	-0.487990507541445	-0.0716018012330785	1
16.875	41.25	0.000487448710083504	0.456004713324702	-0.883598116142557	-0.0701527179789991	1
17.125	41.25	0.000487817941363506	0.810973134870397	-0.571059661783042	-0.0714697943717474	1
17.375	41.25	0.000488170624448458	0.670867102669858	-0.718391979523989	-0.0673150492117546	1
17.625	41.25	0.000488536023298807	0.675598146585364	-0.711068864957616	-0.0667619800383536	1
17.875	41.25	0.000488913238200761	0.740474046585608	-0.646417669244615	-0.0604819366311546	1
18.125	41.25	0.000489279751929691	0.49012052235522	-0.85927738092354	-0.0620072001907584	1
18.375	41.25	0.00048961957824923	0.66622673286716	-0.727008947639312	-0.0570745180548754	1
18.625	41.25	0.000489885217412135	0.417770318106743	-0.909726227011353	-0.0588691364398124	1
18.875	41.25	0.000490048821210893	0.424098213999173	-0.893194771373676	-0.0569472347789767	1
19.125	41.25	0.000490067428880757	0.89139672855105	0.470794592978184	-0.0573701269085177	1
19.375	41.25	0.000490031103193097	0.889321388627635	0.472469477356594	-0.059974025935185	1
19.625	41.25	0.000490019356607612	0.890907252484834	0.469005180548785	-0.0611793021087399	1
19.875	41.25	0.000489994263347366	0.893267411186186	0.467729400825427	-0.0632019387511963	1
20.125	41.25	0.000489968500618868	0.88875249533225	0.476791682045182	-0.0651803029948447	1
20.375	41.25	0.000489947719568591	0.893297465004181	0.467902371966654	-0.0673839866274946	1
20.625	41.25	0.000489920663851186	0.88986959839849	0.473767187775183	-0.0692961926369586	1
20.875	41.25	0.000489877617387752	0.889257978318694	0.474791737595586	-0.0713178968411493	1
21.125	41.25	0.00048980975161296	0.888854064056498	0.473709627951732	-0.0731912293967426	1
21.375	41.25	0.000489706867394881	0.889091663776953	0.4709324143712	-0.074796087123237	1
21.625	41.25	0.000489562977139031	0.89101659440303	0.464552841977369	-0.0761582155390298	1
21.875	41.25	0.000489379410859123	0.892892707796561	0.457837241562977	-0.0772106725465897	1
22.125	41.25	0.000489165653576024	0.893888166832433	0.452684353474619	-0.0779601269751149	1
22.375	41.25	0.0004889402973424	0.892818765177924	0.451570185334583	-0.0783936262030552	1
22.625	41.25	0.00048872784800961	0.889743270843666	0.455183450191428	-0.0785029294245551	1
22.875	41.25	0.000488550991726546	0.886067663782368	0.462525067439959	-0.0784233000357375	1
23.125	41.25	0.000488420368567139	0.882638767725653	0.470670599053136	-0.0785372277577992	1
23.375	41.25	0.000488346627817214	0.891143400854614	0.460330329138755	-0.0786262285664404	1
23.625	41.25	0.000488306778314902	0.900184869150507	0.447618105679762	-0.0801576408292481	1
23.875	41.25	0.000488331844755575	0.884585399365299	0.457255168241926	-0.0810050985928911	1
24.125	41.25	0.000488441664060198	0.980996960771113	0.0113181375868523	-0.0786741769464444	1
24.375	41.25	0.000488691217417929	0.643664446873925	-0.760770206439473	-0.0717438332721962	1
24.625	41.25	0.000489075301060176	0.840018506012208	-0.561351910199709	-0.0780913959398534	1
24.875	41.25	0.000489512618851893	0.774315473173777	-0.635082442132377	-0.0772562766831914	1
25.125	41.25	0.000489945518225763	0.767572184995892	-0.651412360739898	-0.0793546802076509	1
25.375	41.25	0.000490319848742841	0.798570124557031	-0.591138463079666	-0.08069555273684	1
25.625	41.25	0.000490606514748031	0.910771495324407	-0.370121775315461	-0.0766788573348646	1
25.875	41.25	0.000490799690665217	0.970381384662756	-0.17848272703885	-0.073180792743823	1
26.125	41.25	0.000490937103313547	0.981047481948509	-0.123990347110077	-0.0705388475712956	1
26.375	41.25	0.000491046220094243	0.986146695902889	-0.072240725844617	-0.0679214482137867	1
26.625	41.25	0.000491140921823129	0.989120365997122	-0.0240455770798601	-0.0651995771543982	1
26.875	41.25	0.000491225510214762	0.991457815684574	0.0137235319763532	-0.0628408063107798	1
27.125	41.25	0.000491304289354536	0.993370832275025	0.0366375979985295	-0.0611255795459294	1
27.375	41.25	0.000491384189285468	0.994634042768661	0.0466508622325303	-0.0599661831854927	1
27.625	41.25	0.000491470174125167	0.994985389706218	0.0476214354547628	-0.0590686728414201	1
27.875	41.25	0.000491561519503416	0.994272895273826	0.0416679915073234	-0.0580987512935198	1
28.125	41.25	0.000491654014586269	0.992257632653388	0.0279357855654584	-0.0567083643551391	1
28.375	41.25	0.000491747401782316	0.988445047943429	0.00210026190802108	-0.0544972211175075	1
28.625	41.25	0.000491852342312269	0.982037662360637	-0.043370357930834	-0.051044228380748	1
28.875	41.25	0.000491985655113067	0.971892195807726	-0.114145668039029	-0.0462163030592109	1
29.125	41.25	0.000492150923251197	0.957654406294541	-0.201771066242176	-0.0407204379063468	1
29.375	41.25	0.00049233327843478	0.943099576844049	-0.281879007763005	-0.0360431045215287	1
29.625	41.25	0.000492529927293202	0.933445297748826	-0.337060095167128	-0.0333271200646178	1
29.875	41.25	0.000492772089159338	0.928971080083334	-0.369368746384025	-0.0326626650513242	1
30.125	41.25	0.000493103100388919	0.927164777656668	-0.387931625684097	-0.0336127297042799	1
30.375	41.25	0.000493544334210546	0.925995796753119	-0.396794442414395	-0.035664707733791	1
30.625	41.25	0.000494078777377303	0.931308848935398	-0.383553732141291	-0.0378118525716598	1
30.875	41.25	0.000494619784680008	0.944706320370408	-0.348655250929305	-0.0398369659935131	1
31.125	41.25	0.000495008375731521	0.954384706634986	-0.288457528459627	-0.0417306150291538	1
31.375	41.25	0.000495207714333859	0.978197955101752	-0.0584356507181984	-0.0380153218126206	1
31.625	41.25	0.000495250583126508	0.944337533177973	0.259428232485444	-0.0314710839109726	1
31.875	41.25	0.000495263589336495	0.863763857048165	0.48381887814622	-0.0276967129301333	1
32.125	41.25	0.000495425440875902	0.795659613978639	0.614522741067639	-0.0272103201242726	1
32.375	41.25	0.000495818380532413	0.77139321005873	0.652644714331358	-0.0312094275249247	1
32.625	41.25	0.000496488783721947	0.781759545377581	0.642343764090544	-0.0336976615665332	1
32.875	41.25	0.00049729174769982	0.721833180066434	0.702215232166738	-0.0390524826923428	1
33.125	41.25	0.000498132468544323	0.805588875641539	0.607802819244834	-0.0383269100654689	1
33.375	41.25	0.000498947461145159	0.664281947667839	0.758733052862571	-0.0453462171471969	1
33.625	41.25	0.000499374726457524	0.826849063069606	-0.555756984204029	-0.0443729980521538	1
33.875	41.25	0.000499597699520291	0.615881846225883	-0.795327546175976	-0.0435377781479931	1
34.125	41.25	0.000499883916669965	0.810744855061188	-0.59475476899538	-0.0497463092023562	1
34.375	41.25	0.000500060690439684	0.675002485385972	-0.745003485328451	-0.047698566179831	1
34.625	41.25	0.000500280846149401	0.770916792717411	-0.651762472803889	-0.0535133647353648	1
34.875	41.25	0.000500615371157669	0.732257478859153	-0.691191441350872	-0.0541533444526543	1
35.125	41.25	0.000501184897594204	0.762637037323652	-0.661446855950302	-0.0578903281546093	1
35.375	41.25	0.000502209681324078	0.765654280426152	-0.656526808182527	-0.060123698261569	1
35.625	41.25	0.000503782310168509	0.775458320268511	-0.6445381929166	-0.0630969929794435	1
35.875	41.25	0.000505820039873709	0.796498292773367	-0.619771778723112	-0.0650900783448152	1
36.125	41.25	0.000507761607936574	0.786726230752327	-0.628693484017827	-0.0685196061829611	1
36.375	41.25	0.000508513174461389	0.847021019182883	-0.549796337464299	-0.069033618617274	1
36.625	41.25	0.000506607261306806	0.793530148912839	-0.625891054603031	-0.0739210995189447	1
36.875	41.25	0.000500702714710215	0.875355727168774	-0.45228943222339	-0.0751293756778286	1
37.125	41.25	0.000491686577881685	0.981296514916826	-0.334092905594863	-0.0655174312243515	1
37.375	41.25	0.000483990565230588	0.399008569997674	-0.912914152781985	-0.0949486108391075	1
0.125	41.75	0.000487344394961827	0.911948543548872	0.412607573461607	-0.07345550549399	1
0.375	41.75	0.000487677200103722	0.668653951931705	-0.740372692485849	-0.0742529929562428	1
0.625	41.75	0.000488110047876294	0.950355077820883	-0.267491856449811	-0.0723747939979566	1
0.875	41.75	0.000488570866910691	0.842280963773494	-0.53463964912251	-0.0682230068899675	1
1.125	41.75	0.000488923854221129	0.926578554326719	-0.377869676506843	-0.071704432617985	1
1.375	41.75	0.000489082511708143	0.994435915312247	-0.0869283778613717	-0.0684430539056146	1
1.625	41.75	0.000488996874594576	0.981293336474586	-0.155368749301846	-0.0708630837650899	1
1.875	41.75	0.000488680285633237	0.92348093670433	0.354831525865997	-0.0652878656130312	1
2.125	41.75	0.000488266429640353	0.767306752577909	0.651083614662801	-0.0657682159792656	1
2.375	41.75	0.000487825318412219	0.797375527337643	0.616781812488016	-0.0680335814607692	1
2.625	41.75	0.000487395793763074	0.716735297682832	0.716323845708923	-0.0692253902308571	1
2.875	41.75	0.000486999441817208	0.603539428833831	0.809933098453305	-0.0737019251786975	1
3.125	41.75	0.000486615227439478	0.737298934733603	0.679414608895958	-0.0727698148214531	1
3.375	41.75	0.000486230194693358	0.798673467230185	0.604573078607092	-0.0744310076359225	1
3.625	41.75	0.000485862178062277	0.764785438912032	0.647640007064971	-0.0738134680493905	1
3.875	41.75	0.000485509701828557	0.80015762501303	0.606176192660509	-0.0752562151776726	1
4.125	41.75	0.00048517318265147	0.799088987787424	0.60462460463374	-0.07568177809507	1
4.375	41.75	0.000484851040967104	0.820452109306707	0.577159929467637	-0.0762452663500422	1
4.625	41.75	0.000484537030485362	0.820891727889779	0.575327860738131	-0.0773336473078506	1
4.875	41.75	0.000484230514057737	0.845942906030003	0.541298143530258	-0.0775170906527123	1
5.125	41.75	0.000483920805901639	0.815126090636658	0.585444854121472	-0.0796354830227029	1
5.375	41.75	0.000483624474662536	0.869278309165939	0.508287514228695	-0.0792272275334087	1
5.625	41.75	0.00048335146313746	0.772218710064189	0.64188794465147	-0.0832215202652056	1
5.875	41.75	0.000483155024092077	0.913825769987037	0.430138190968963	-0.0809786769664508	1
6.125	41.75	0.000483079271472061	0.675373604252239	0.742614237881955	-0.0882893322053779	1
6.375	41.75	0.000483159596211137	0.985774828059156	0.0229150162783443	-0.0823838012267868	1
6.625	41.75	0.000483353076463082	0.727769950029457	-0.683171061721454	-0.0815013918052424	1
6.875	41.75	0.000483607189205119	0.97163908988392	-0.213493614300162	-0.0822664659549053	1
7.125	41.75	0.000483921928991757	0.733547964578351	-0.672514128232252	-0.0793786509685283	1
7.375	41.75	0.000484279633435225	0.913675147130009	-0.389299040284799	-0.0807255035114018	1
7.625	41.75	0.000484680732613597	0.718175753404925	-0.687092771368284	-0.0767523266233608	1
7.875	41.75	0.000485102114916602	0.855630833070008	-0.507722953821286	-0.0783674023200114	1
8.125	41.75	0.000485545773894832	0.726155454283867	-0.6815147351618	-0.0750728859013378	1
8.375	41.75	0.000485988263172807	0.826444192623382	-0.557930531477127	-0.0766100887030772	1
8.625	41.75	0.000486437583180315	0.7521770756456	-0.652270815674814	-0.0744729088640291	1
8.875	41.75	0.000486877350824105	0.813456314745015	-0.573661126637494	-0.0748432458839177	1
9.125	41.75	0.000487315373463551	0.756426461120851	-0.64156179463779	-0.0732435844908318	1
9.375	41.75	0.000487741020264957	0.791792749329952	-0.597439170422528	-0.0716740594289876	1
9.625	41.75	0.000488155676690834	0.715590610918805	-0.684588890635973	-0.0705892939685645	1
9.875	41.75	0.000488550033861596	0.769218757297574	-0.628224058837994	-0.0679392010803612	1
10.125	41.75	0.000488929307785814	0.658397540313033	-0.745005188306281	-0.068376051669887	1
10.375	41.75	0.000489279029532915	0.79275816837917	-0.605752628640044	-0.0656992150554955	1
10.625	41.75	0.000489619968084987	0.625185317158449	-0.779817002246037	-0.0678161084728758	1
10.875	41.75	0.000489914883182673	0.859664498647373	-0.514717467562765	-0.0654235112456915	1
11.125	41.75	0.000490196472284505	0.601999559408424	-0.802973417671637	-0.0688454922940575	1
11.375	41.75	0.000490387577541817	0.931214784906283	-0.378819335647021	-0.0668847131092349	1
11.625	41.75	0.000490505281841454	0.552322530971171	-0.838155102629084	-0.0713269036780583	1
11.875	41.75	0.000490465091573257	0.96595711624408	0.146879834833038	-0.068842217201709	1
12.125	41.75	0.000490302274382183	0.415725884116163	0.902800053818889	-0.0601264682941736	1
12.375	41.75	0.000490115490422574	0.848359744456933	0.526641110164326	-0.0669708051824627	1
12.625	41.75	0.000489874338525283	0.474515008892442	0.876799817352504	-0.0599973761367913	1
12.875	41.75	0.000489620642051077	0.72121363331471	0.694858880563323	-0.0655755572389975	1
13.125	41.75	0.000489349276732325	0.508047136205854	0.862089305576094	-0.0612007971137277	1
13.375	41.75	0.00048906002811108	0.627947289269743	0.783511224608817	-0.0652346876044338	1
13.625	41.75	0.000488766840167342	0.52725367304407	0.85327241544873	-0.0631371485565266	1
13.875	41.75	0.000488452602803072	0.576795680752161	0.824849049622982	-0.0657175941802326	1
14.125	41.75	0.000488127293656238	0.525757305253742	0.855606255707114	-0.0656479214758954	1
14.375	41.75	0.000487786344506062	0.575803714634536	0.828217747041957	-0.0665160820320332	1
14.625	41.75	0.000487434287455635	0.492277904441956	0.877292180333304	-0.0689553842600681	1
14.875	41.75	0.000487100152581689	0.628916613179863	0.789611681740129	-0.0675754168585991	1
15.125	41.75	0.000486818933051319	0.442648303814582	0.908518246346181	-0.0728429990013228	1
15.375	41.75	0.000486637761555019	0.694369567596335	0.727962020682611	-0.0698779366211945	1
15.625	41.75	0.000486632172034118	0.478982445013678	0.899360091551146	-0.0753053720427541	1
15.875	41.75	0.000486800285774524	0.652433215016894	-0.752595009635733	-0.0753010381629771	1
16.125	41.75	0.000487066285581156	0.849343017629817	-0.503966937183935	-0.0739420043062649	1
16.375	41.75	0.000487388763772301	0.850446140586302	-0.479490964207323	-0.0696088794237482	1
16.625	41.75	0.000487734944626886	0.628236513236389	-0.777240868610476	-0.063697899516161	1
16.875	41.75	0.000488092598692561	0.938778705361948	-0.347258214891596	-0.0695545537445819	1
17.125	41.75	0.000488442591841097	0.636981323687803	-0.771388139925845	-0.064863725323466	1
17.375	41.75	0.000488783377236337	0.895857978049452	-0.460865822179258	-0.0697385487751226	1
17.625	41.75	0.000489094238807454	0.715276502506878	-0.692969082473933	-0.069278173838717	1
17.875	41.75	0.000489415307450817	0.837272431645326	-0.527827396167318	-0.0682940684646428	1
18.125	41.75	0.000489709253858187	0.804632582898195	-0.583199998714058	-0.0659413826451641	1
18.375	41.75	0.000489997331741822	0.644022223145935	-0.742134033067268	-0.0664190757119884	1
18.625	41.75	0.000490224660726545	0.905567467479163	-0.411509652689877	-0.0606107516478269	1
18.875	41.75	0.000490405702519372	0.337346922384225	-0.928421194542924	-0.0650811778729962	1
19.125	41.75	0.000490466756118279	0.938017007186331	-0.312044221443393	-0.0584711659418667	1
19.375	41.75	0.000490482712606692	0.857023256709372	0.538848798951428	-0.0603335824876366	1
19.625	41.75	0.000490492525495331	0.892155693312358	0.47843224855655	-0.0643461225952769	1
19.875	41.75	0.000490479904738975	0.87159104211573	0.505178576160574	-0.0660238882907043	1
20.125	41.75	0.000490471555584462	0.87965168997652	0.492185631347235	-0.0678805151999089	1
20.375	41.75	0.000490468766712206	0.884610071486056	0.482338741484361	-0.0698294037958081	1
20.625	41.75	0.000490467554692034	0.883503499093856	0.48393515703172	-0.0715377861465082	1
20.875	41.75	0.000490462224805821	0.885429892887499	0.479476958059796	-0.0733453404722299	1
21.125	41.75	0.000490447036028763	0.887139810963259	0.473552174227669	-0.0748708776665489	1
21.375	41.75	0.000490413468725539	0.889631754055742	0.465996255987891	-0.0760906295097134	1
21.625	41.75	0.000490354616837788	0.89245746769488	0.457640303629107	-0.0770302312289627	1
21.875	41.75	0.000490266867512179	0.893982323797773	0.451932633959221	-0.0776766339591163	1
22.125	41.75	0.000490150361113951	0.89394709445933	0.449894090687929	-0.0780777278851609	1
22.375	41.75	0.000490009625229589	0.892026440940053	0.452352036528466	-0.0783000767751957	1
22.625	41.75	0.00048985224198587	0.890587758885361	0.455807043261595	-0.078396070543906	1
22.875	41.75	0.000489684176825729	0.887765810007065	0.462792661964011	-0.078715854343554	1
23.125	41.75	0.000489511440993489	0.893301088627195	0.454117985012454	-0.0790552288885353	1
23.375	41.75	0.000489349271059058	0.894133497797677	0.454679778407497	-0.0798138552140615	1
23.625	41.75	0.000489203881744827	0.895196605654589	0.441021253756618	-0.0807810899681065	1
23.875	41.75	0.000489135862407553	0.909553480036307	0.404054589799695	-0.0790831491593847	1
24.125	41.75	0.000489220825088002	0.851141889312669	0.510462590425794	-0.0792497357543155	1
24.375	41.75	0.000489479627646503	0.717538633334832	-0.691992834525312	-0.0761322784846721	1
24.625	41.75	0.000489865622407953	0.75512468753169	-0.663499487295082	-0.0784383990460476	1
24.875	41.75	0.000490311616072823	0.780476519050233	-0.62486944017482	-0.0791268989517765	1
25.125	41.75	0.000490767530320197	0.743124188440346	-0.675414592994636	-0.0789335533906343	1
25.375	41.75	0.000491205068497086	0.762727207452664	-0.651908945741518	-0.08155451788894	1
25.625	41.75	0.00049155629798107	0.766245041898114	-0.628913615119429	-0.081115465833211	1
25.875	41.75	0.000491801511977422	0.911570715493741	-0.369006863393871	-0.077726491647273	1
26.125	41.75	0.000491967828351834	0.95740554696792	-0.241147902380093	-0.0739764137060789	1
26.375	41.75	0.000492079413687241	0.968619615111489	-0.211058018575149	-0.0720540490388413	1
26.625	41.75	0.000492163600169326	0.974131206424445	-0.183635243658293	-0.0701099997542981	1
26.875	41.75	0.000492229058702547	0.979758796752317	-0.151211856760038	-0.0680888173825205	1
27.125	41.75	0.00049228330624535	0.984866459521877	-0.118093030372713	-0.0661167478781688	1
27.375	41.75	0.000492334200212986	0.988631898486912	-0.0899309055378809	-0.0643255983311197	1
27.625	41.75	0.000492387809304848	0.990710787777499	-0.0699120869049327	-0.062712416035311	1
27.875	41.75	0.000492446060992466	0.991045839417393	-0.0589005719409732	-0.0611268771871881	1
28.125	41.75	0.000492507351210986	0.989535950781319	-0.0574405924814241	-0.059309756803641	1
28.375	41.75	0.00049257089897321	0.985855201315381	-0.067424112107389	-0.0569262585206352	1
28.625	41.75	0.000492642626106092	0.979427472986232	-0.0929073071687449	-0.0536087039296521	1
28.875	41.75	0.000492735745052836	0.969674718333281	-0.138491482147176	-0.049122863139278	1
29.125	41.75	0.000492859544083294	0.956956165789136	-0.201852890283045	-0.0437633480409452	1
29.375	41.75	0.000493008452441246	0.94458937993445	-0.266438760044396	-0.0386158491809943	1
29.625	41.75	0.000493178694058268	0.937643806022786	-0.312944724508084	-0.034948781013642	1
29.875	41.75	0.000493396469676125	0.93714543585644	-0.337025291687683	-0.0332522152234969	1
30.125	41.75	0.000493706850488654	0.940547888515355	-0.345171976800508	-0.033272158774421	1
30.375	41.75	0.000494129061210368	0.9448289730506	-0.342709351244373	-0.0345580832005363	1
30.625	41.75	0.000494619002096747	0.94783250135948	-0.315427977505301	-0.0360664904691366	1
30.875	41.75	0.000495102481275203	0.973289558720574	-0.159793859146064	-0.0339476010313009	1
31.125	41.75	0.000495454226108845	0.988500555771898	0.0950839898897019	-0.0291774510275276	1
31.375	41.75	0.000495529999260155	0.981820535289694	0.177162389088644	-0.030202564969542	1
31.625	41.75	0.000495440607429243	0.923559979307747	0.350630459930494	-0.0280267852007521	1
31.875	41.75	0.000495297575591648	0.795939111074425	0.608341643132973	-0.024616610600205	1
32.125	41.75	0.00049529677091932	0.779878853890802	0.6503029907056	-0.028477569515567	1
32.375	41.75	0.000495575150957499	0.760759238815014	0.667375750386833	-0.0331591445948632	1
32.625	41.75	0.000496107348408378	0.775629579024553	0.651463485463445	-0.0352397960239573	1
32.875	41.75	0.000496784014788271	0.707496652966167	0.717054389542175	-0.0411117520569284	1
33.125	41.75	0.000497563014806569	0.819448986998656	0.591392266023105	-0.039405682601559	1
33.375	41.75	0.000498394333996846	0.636265669913722	0.78246792523586	-0.0479041025634418	1
33.625	41.75	0.000498844637984728	0.862515326163945	-0.488412342842432	-0.0453439238177299	1
33.875	41.75	0.000499091060748007	0.571057612647426	-0.827364756639604	-0.0429718200922599	1
34.125	41.75	0.000499451267050713	0.815048189667936	-0.589428449479228	-0.0505439441422201	1
34.375	41.75	0.000499685867381477	0.645634728944685	-0.768218627955661	-0.0473038783498613	1
34.625	41.75	0.000499955551466279	0.753293731395872	-0.670591336694864	-0.0532995400124852	1
34.875	41.75	0.000500334203371662	0.708554804311289	-0.713192912073199	-0.0534330683817987	1
35.125	41.75	0.000500911599296827	0.740227693863914	-0.684919367296588	-0.056960380499605	1
35.375	41.75	0.000501888461198276	0.743923636983104	-0.680081535347096	-0.0590545479335601	1
35.625	41.75	0.000503331739169413	0.754329118539875	-0.66867664746265	-0.0620226139534415	1
35.875	41.75	0.000505168894447026	0.776950613319788	-0.643420666720188	-0.0640260311275808	1
36.125	41.75	0.000506900883566573	0.767336726256627	-0.651872101208302	-0.0674932898486583	1
36.375	41.75	0.000507583773542255	0.81765358149949	-0.585703182305132	-0.0679887958472424	1
36.625	41.75	0.000505937615735725	0.792560396816388	-0.630866846651095	-0.0712107896945914	1
36.875	41.75	0.000500769595444146	0.779676330808894	-0.613029603852815	-0.0750282300725446	1
37.125	41.75	0.000492799097851701	1.02193091931191	-0.143584395713239	-0.0658328145438129	1
37.375	41.75	0.000485825728808842	0.534100671065322	-0.859407660536944	-0.0916951850914116	1
0.125	42.25	0.000488905701715726	0.816697615974999	0.600439754810285	-0.079147121675539	1
0.375	42.25	0.000489202010186482	0.769950662923227	-0.619796353362808	-0.0850295825018228	1
0.625	42.25	0.000489568916243584	0.91973276716694	-0.316795911029896	-0.0754165413481666	1
0.875	42.25	0.000489987579216426	0.609279740518781	-0.771521017833743	-0.0727110485758238	1
1.125	42.25	0.000490286163108091	0.902176287333538	-0.389607072096643	-0.0714728922421437	1
1.375	42.25	0.000490414709715205	0.488199863616641	-0.859636757135796	-0.06523307453166	1
1.625	42.25	0.00049031310321901	0.987061340158753	0.172215695607274	-0.069333664134581	1
1.875	42.25	0.000490002181533488	0.665472142750828	0.758555461513481	-0.0662263600837874	1
2.125	42.25	0.000489629907135095	0.732174840110355	0.704625406252684	-0.0728122201896404	1
2.375	42.25	0.000489236420552047	0.82330981836237	0.578748710239753	-0.0726018460942983	1
2.625	42.25	0.00048886049909524	0.749719446774498	0.681402201787435	-0.0756392961325656	1
2.875	42.25	0.000488472608833922	0.844205600822795	0.523061907887275	-0.078191046265813	1
3.125	42.25	0.000488063853462212	0.981663047123592	-0.00633142531952773	-0.0717183256623552	1
3.375	42.25	0.000487650764082953	0.858138399884521	0.512975169385252	-0.0692638800373964	1
3.625	42.25	0.000487254849044857	0.880779042058807	0.492126838423823	-0.0718022923713485	1
3.875	42.25	0.000486862563612961	0.874130343512077	0.497203509994749	-0.0734779749335093	1
4.125	42.25	0.000486479117303339	0.849384470238352	0.539296599559835	-0.0746975419026478	1
4.375	42.25	0.000486099458227559	0.852603954326544	0.536579763274495	-0.0763533120442215	1
4.625	42.25	0.000485720305687008	0.82617703231203	0.574574992506507	-0.0783069128885973	1
4.875	42.25	0.000485339402280212	0.836725505914819	0.561750770723383	-0.0792213552116935	1
5.125	42.25	0.000484948746066999	0.788268713514292	0.624673915062827	-0.0820052740787229	1
5.375	42.25	0.000484570292909206	0.842713905570947	0.552981893859811	-0.0816042004848635	1
5.625	42.25	0.000484222329232913	0.732343926939154	0.687407552550779	-0.0857980419669814	1
5.875	42.25	0.000483977023340726	0.888156915882456	0.47921885168951	-0.0831480638095595	1
6.125	42.25	0.000483891074357539	0.634707895535468	0.777100118652904	-0.0903067238798062	1
6.375	42.25	0.000484018535710263	0.967981169281016	-0.170073328619874	-0.0840618095768737	1
6.625	42.25	0.00048427845117013	0.706278832188023	-0.704144509580627	-0.0821585620802784	1
6.875	42.25	0.000484578736784782	0.974264321330879	-0.205157923314544	-0.08349951984547	1
7.125	42.25	0.000484935767968914	0.741575163853702	-0.666335213725824	-0.0804594776561363	1
7.375	42.25	0.000485314624450513	0.943494231608983	-0.314251151322889	-0.082605501241985	1
7.625	42.25	0.000485733061885609	0.736423114110297	-0.666287377874481	-0.0784330294479274	1
7.875	42.25	0.000486165343912184	0.883794694029228	-0.451804084618768	-0.0800148754520996	1
8.125	42.25	0.000486616222725926	0.723073535950515	-0.681401311184974	-0.0757177720469384	1
8.375	42.25	0.000487056139445867	0.831382602783069	-0.549126347896067	-0.0772870504476667	1
8.625	42.25	0.000487493494549352	0.74521635811166	-0.66214712710511	-0.0746903656372725	1
8.875	42.25	0.000487905941423993	0.821050836701747	-0.569720816236278	-0.0758326970028776	1
9.125	42.25	0.000488305023059247	0.780096860922613	-0.620504495387094	-0.0749947068040333	1
9.375	42.25	0.000488680675077434	0.831541094547282	-0.549444040360543	-0.0745681318052689	1
9.625	42.25	0.000489038722506151	0.775033741302397	-0.618642502847931	-0.0742790383010657	1
9.875	42.25	0.000489374525484166	0.825612411955252	-0.549065909110796	-0.0713926740942669	1
10.125	42.25	0.000489692704056704	0.699742552624315	-0.699628444046703	-0.0713954568905627	1
10.375	42.25	0.000489979578321317	0.813004038640265	-0.569252022884904	-0.0676067017496764	1
10.625	42.25	0.000490254714587813	0.606851024047062	-0.786503309749778	-0.0688059614536294	1
10.875	42.25	0.000490484336233587	0.853907432526154	-0.515796780515719	-0.0653523809839825	1
11.125	42.25	0.000490695922710454	0.555521121310385	-0.830829763293843	-0.0681134611923257	1
11.375	42.25	0.000490826797180239	0.942409773218031	-0.342680783366014	-0.0648935636064123	1
11.625	42.25	0.000490897853945358	0.548615267695322	-0.84604467381608	-0.0696272461030251	1
11.875	42.25	0.000490831215012671	0.958036435470219	0.18843626911999	-0.0671697399474217	1
12.125	42.25	0.000490668133644701	0.354068941798484	0.937609215689749	-0.0579976113567292	1
12.375	42.25	0.000490491697250572	0.81767113461165	0.583193167341862	-0.0673599469684091	1
12.625	42.25	0.000490268272380185	0.410595056177921	0.915629194065749	-0.0603991789527507	1
12.875	42.25	0.000490031478467816	0.683029702035123	0.739234653303639	-0.0674174503747132	1
13.125	42.25	0.000489782377671814	0.480127992453072	0.882949922486089	-0.0634477906680168	1
13.375	42.25	0.000489509677336825	0.603674654828285	0.805967278867477	-0.0681198891713	1
13.625	42.25	0.000489239278150554	0.540331402871222	0.849086753274824	-0.0661814023519197	1
13.875	42.25	0.000488939912981885	0.568061911408639	0.832496614233513	-0.0697804356579472	1
14.125	42.25	0.000488639111497138	0.594797634165783	0.812344835695222	-0.0687822831398162	1
14.375	42.25	0.000488314736699377	0.56957930388096	0.834245478752456	-0.072050845090636	1
14.625	42.25	0.000487988162379538	0.630179529378269	0.783409910730569	-0.0720997902546977	1
14.875	42.25	0.000487681222849725	0.63328755056987	0.791483392436889	-0.0738909682684569	1
15.125	42.25	0.000487420737962046	0.602004308427807	0.803071408998999	-0.0772880418734979	1
15.375	42.25	0.000487277800687494	0.79387845607222	0.634670679190002	-0.0746472151260155	1
15.625	42.25	0.000487304924791251	0.486642598514072	0.881949155737286	-0.0847945639459095	1
15.875	42.25	0.000487473916913894	0.971803110148812	0.126619778549362	-0.0763955774939451	1
16.125	42.25	0.000487735545880504	0.28566715703365	-0.957332377489	-0.0747822698782367	1
16.375	42.25	0.00048805031233043	0.872137422066935	-0.474243756055214	-0.076319329246975	1
16.625	42.25	0.000488363764811279	0.490720012662425	-0.854487815370278	-0.0716201472685592	1
16.875	42.25	0.000488684447093205	0.659522821498555	-0.746126544897789	-0.0720489766946368	1
17.125	42.25	0.000489007543654431	0.722182718369125	-0.670009286552208	-0.0706210545559476	1
17.375	42.25	0.000489317479117556	0.611550732209796	-0.78453342235605	-0.0667361390808158	1
17.625	42.25	0.000489605204033995	0.787200774643456	-0.617255677729195	-0.0690324143547734	1
17.875	42.25	0.000489875031509611	0.613171355181104	-0.780903692559407	-0.067790192025997	1
18.125	42.25	0.000490109492219479	0.857771812721136	-0.519040680870788	-0.0663977670438126	1
18.375	42.25	0.000490328063638368	0.574200715718093	-0.811527187312702	-0.0700741872171104	1
18.625	42.25	0.000490508409834026	0.88604738393896	-0.447477271077473	-0.0642247732249047	1
18.875	42.25	0.000490655477151387	0.619185076822581	-0.781815858082167	-0.067847830762982	1
19.125	42.25	0.000490755002500155	0.71464896481548	-0.686362943949644	-0.0634345886777	1
19.375	42.25	0.000490794738330309	0.842122414447613	0.554581279570385	-0.0656638109934851	1
19.625	42.25	0.000490815390241789	0.886486791753936	0.46667978164993	-0.0671167604225147	1
19.875	42.25	0.000490820483321155	0.876397137467063	0.488551736988579	-0.0667371877367363	1
20.125	42.25	0.000490834789479563	0.899147535817699	0.455849670466696	-0.0689248915430644	1
20.375	42.25	0.000490853531059474	0.892202482032348	0.468515647795627	-0.0707763969261903	1
20.625	42.25	0.000490876271469472	0.889651880476479	0.473153953963017	-0.0727409760943825	1
20.875	42.25	0.000490899496684186	0.888803197948881	0.471518180880543	-0.0744946095442737	1
21.125	42.25	0.000490921254069762	0.889112426228416	0.467207822464716	-0.0757819813443724	1
21.375	42.25	0.000490936019040119	0.890685494125292	0.461115614378834	-0.0767364528147082	1
21.625	42.25	0.000490939725318114	0.891737000425963	0.456603911507585	-0.0773977442847474	1
21.875	42.25	0.000490927893625015	0.891719352341895	0.455011762375152	-0.0778491213862048	1
22.125	42.25	0.00049089620309901	0.890748230613378	0.456221172677951	-0.0781727932361577	1
22.375	42.25	0.000490840117991311	0.889517914257874	0.458843474074785	-0.078466058256837	1
22.625	42.25	0.000490754812984857	0.889149566185369	0.460372452240579	-0.0788137618868663	1
22.875	42.25	0.000490636331614105	0.890026182308505	0.459143095981679	-0.0792656344665299	1
23.125	42.25	0.000490481938602809	0.891190786150484	0.453997257397676	-0.0797568041520764	1
23.375	42.25	0.000490314388363596	0.891503849894025	0.447999371930958	-0.07960630699629	1
23.625	42.25	0.00049014014806823	0.887345752113544	0.448896602987678	-0.0792896756029732	1
23.875	42.25	0.00049003453002643	0.851614102726253	0.502986967816882	-0.0773882103985155	1
24.125	42.25	0.000490074812807699	0.873977389187855	0.468191607366836	-0.0747531773627917	1
24.375	42.25	0.000490292539270242	0.795659584888957	-0.607943236556478	-0.0737442750211231	1
24.625	42.25	0.000490627260539178	0.775192038428946	-0.643733907064188	-0.0756177357640281	1
24.875	42.25	0.00049102359834703	0.812929559958648	-0.586300433826438	-0.0776424901660029	1
25.125	42.25	0.000491428264117432	0.766508621148937	-0.647312828033568	-0.0771915932069224	1
25.375	42.25	0.000491842799573509	0.802497832713884	-0.606355150232257	-0.0793970341210581	1
25.625	42.25	0.000492229642325946	0.766237485705838	-0.646811948572426	-0.0806790124695517	1
25.875	42.25	0.000492510411141576	0.817338948273526	-0.557565490923248	-0.0809112774251652	1
26.125	42.25	0.000492693435726962	0.948538963268377	-0.244409670175514	-0.0758955882263106	1
26.375	42.25	0.000492795000524633	0.981023043656753	-0.0782813938429026	-0.0713761092253189	1
26.625	42.25	0.000492864310901303	0.987819148310768	-0.0189208639742731	-0.0682476694366565	1
26.875	42.25	0.00049292533928838	0.990120851573064	0.0228487417285893	-0.0655690676063724	1
27.125	42.25	0.000492980341449447	0.992009285319096	0.0480542185418806	-0.0635843272614188	1
27.375	42.25	0.000493031221465268	0.993550228756767	0.0597905858287379	-0.0622566285537447	1
27.625	42.25	0.000493081661908198	0.9944488216594	0.0621330180192151	-0.0613353719973378	1
27.875	42.25	0.000493133714284454	0.994513075693135	0.0578162775977193	-0.0605187092876625	1
28.125	42.25	0.000493186309014103	0.993560588865523	0.0471555426288397	-0.0594964752495357	1
28.375	42.25	0.00049323747364274	0.99124307891597	0.0275895776343993	-0.0579228614510285	1
28.625	42.25	0.000493289530963933	0.986889968534422	-0.00693470744660588	-0.0553855632698726	1
28.875	42.25	0.000493352214476173	0.979307453672215	-0.0649122866263705	-0.0515049480259607	1
29.125	42.25	0.000493435341233909	0.966651046897351	-0.149235357647027	-0.0463590360341628	1
29.375	42.25	0.000493536853334606	0.948908709856279	-0.244598013909426	-0.0409556485524329	1
29.625	42.25	0.000493654227427666	0.931538907351996	-0.324640163503911	-0.0367812908709567	1
29.875	42.25	0.000493814701201572	0.919666856720673	-0.377783804416483	-0.034626655999783	1
30.125	42.25	0.000494073319671835	0.912720322445104	-0.410219413476834	-0.0343364167305577	1
30.375	42.25	0.000494471502393266	0.907975821681455	-0.430129750044477	-0.035455754244845	1
30.625	42.25	0.000495000666486169	0.910725972652966	-0.433356532802379	-0.0372191226495356	1
30.875	42.25	0.000495548981346134	0.907751381244863	-0.452092316545999	-0.0403961725849092	1
31.125	42.25	0.000495847716880117	0.864880659270855	-0.488896239662671	-0.0446472657439386	1
31.375	42.25	0.000495794363794709	0.96115737319288	0.0619526702419137	-0.0355849704206685	1
31.625	42.25	0.000495540803184982	0.743069914077255	0.652309286462345	-0.0259627764290136	1
31.875	42.25	0.000495338401896697	0.73903918064713	0.692484297514108	-0.0291028019226077	1
32.125	42.25	0.000495385296244549	0.740427548140392	0.690392062620843	-0.0326417260884885	1
32.375	42.25	0.000495620351741424	0.728625344221147	0.696724770541603	-0.0361914438206523	1
32.625	42.25	0.00049605883426366	0.751682827310699	0.674906732967423	-0.0376097083739589	1
32.875	42.25	0.000496628403638415	0.68814389171793	0.7311127637564	-0.0429514314362066	1
33.125	42.25	0.000497341588893382	0.814992557580944	0.594789981836474	-0.0403892890156915	1
33.375	42.25	0.000498169025842576	0.601705457081657	0.80390835780333	-0.0492592438722651	1
33.625	42.25	0.000498618610989575	0.889890153407656	-0.4276655136281	-0.0450661021682276	1
33.875	42.25	0.000498877191728048	0.581187020322568	-0.81877615297671	-0.0420595388847842	1
34.125	42.25	0.000499280825263392	0.824932140382124	-0.57558153390403	-0.0499254184306467	1
34.375	42.25	0.000499551684434168	0.655074215503703	-0.75830024930113	-0.0465292231414748	1
34.625	42.25	0.000499844090666835	0.747546444093975	-0.675620027482208	-0.0521881589240993	1
34.875	42.25	0.000500240751030505	0.701374434750933	-0.718851536590239	-0.0523809304355934	1
35.125	42.25	0.000500812879174599	0.723668458144654	-0.701081277516754	-0.0556031837417765	1
35.375	42.25	0.000501736142332815	0.724505425399455	-0.700017306528412	-0.0577018455871	1
35.625	42.25	0.000503049663924638	0.732977881945873	-0.692349942453701	-0.0605925460555047	1
35.875	42.25	0.000504659577230813	0.751273496728991	-0.673276989541326	-0.0628895024924608	1
36.125	42.25	0.00050609686201101	0.75510141344377	-0.669708692298754	-0.0661661584320405	1
36.375	42.25	0.000506503458552211	0.779303481978586	-0.635147575731127	-0.0682361349222882	1
36.625	42.25	0.000504770268338604	0.815674472503499	-0.601970282514632	-0.0697101939341558	1
36.875	42.25	0.000499855980443195	0.736101930038075	-0.67404651463432	-0.0763815412682142	1
37.125	42.25	0.000492407176063551	0.961897351168909	-0.30215048510905	-0.0675214942307918	1
37.375	42.25	0.000485414639754749	0.796035599343389	-0.611318109554096	-0.082011679132264	1
0.125	42.75	0.000490274329432084	0.931314375183858	0.36496677158801	-0.0814530884298454	1
0.375	42.75	0.000490508008676407	0.697898616329126	-0.724259767692667	-0.082410222604891	1
0.625	42.75	0.000490765894107496	0.99638719636867	-0.0773566428506772	-0.0828138244574187	1
0.875	42.75	0.000491057429926589	0.843433361892615	-0.522331735409359	-0.0823156566080711	1
1.125	42.75	0.000491284755625021	0.988403572776315	-0.0773812818794453	-0.0794315889229125	1
1.375	42.75	0.000491372753631341	0.88169832734707	-0.445084755851359	-0.0783310265927692	1
1.625	42.75	0.000491271015867107	0.905844945138711	-0.392371051358425	-0.0737799344090302	1
1.875	42.75	0.000491015650008741	0.705636277504587	0.718897310283449	-0.0720625679556967	1
2.125	42.75	0.000490734538860201	0.892360560308986	0.450062859316069	-0.076713399733106	1
2.375	42.75	0.00049041935457421	0.841020963784097	0.54372738670009	-0.0719857855209335	1
2.625	42.75	0.000490090045962202	0.749391328028519	0.668039543599885	-0.0774260025800812	1
2.875	42.75	0.000489757606404579	0.885157687601142	0.460389136045184	-0.0735181430194533	1
3.125	42.75	0.000489405690369118	0.818122893938757	0.577555616493095	-0.0765318022340624	1
3.375	42.75	0.000489016864946679	0.679725284566069	0.739110302145758	-0.0746849678700411	1
3.625	42.75	0.000488625051462707	0.801087708851577	0.60822847700429	-0.0781312521434899	1
3.875	42.75	0.000488227354153773	0.765190838713179	0.646442627162104	-0.0775821848097348	1
4.125	42.75	0.000487826537370897	0.78754547143222	0.623589505380791	-0.0790067225703949	1
4.375	42.75	0.000487423417378578	0.800270791203715	0.606747776690064	-0.0796935547704831	1
4.625	42.75	0.000487010420956951	0.791119424024343	0.618231889468983	-0.081059341737435	1
4.875	42.75	0.000486585597554465	0.818329025905141	0.584166926073125	-0.0814870474853581	1
5.125	42.75	0.000486142359200017	0.783014589423928	0.62840587893883	-0.0836658545971854	1
5.375	42.75	0.000485704187457258	0.845137977572163	0.547116227144552	-0.0831607607240785	1
5.625	42.75	0.000485300593246436	0.748602296092827	0.669375368490042	-0.0869684751751366	1
5.875	42.75	0.000485015961312615	0.894006029217212	0.468724638347739	-0.0847657670708163	1
6.125	42.75	0.000484923771497093	0.667815585895522	0.750297806111624	-0.0916067638751232	1
6.375	42.75	0.000485084079513352	0.962822757380325	-0.195865578225562	-0.0862585023748925	1
6.625	42.75	0.000485387839050993	0.684794510096039	-0.722958873643472	-0.0834002055818183	1
6.875	42.75	0.000485720591797126	0.970824852133881	-0.216058368172488	-0.0850358587498282	1
7.125	42.75	0.000486102992826596	0.715416778707634	-0.69634634909815	-0.0812163391058037	1
7.375	42.75	0.000486480136380235	0.955925494656011	-0.285754816226536	-0.0845032669748312	1
7.625	42.75	0.000486883358678003	0.740055148456664	-0.665643288654834	-0.0807054629157894	1
7.875	42.75	0.000487286687790983	0.913054090037445	-0.390580797820239	-0.0828227423104924	1
8.125	42.75	0.000487703517969264	0.731488904440825	-0.667774852965494	-0.0782665670660658	1
8.375	42.75	0.000488110521900154	0.837007165501779	-0.532146888753663	-0.0790933666786802	1
8.625	42.75	0.000488512000377782	0.716822303388232	-0.686276720011202	-0.0753941778062884	1
8.875	42.75	0.000488885472662396	0.789670037115434	-0.608536241951181	-0.0758413865707935	1
9.125	42.75	0.000489239519800448	0.740133300172644	-0.668339240809983	-0.0745536729523267	1
9.375	42.75	0.00048956285534644	0.807755449638309	-0.590642044920834	-0.0744639497422868	1
9.625	42.75	0.000489859567194001	0.770233963993752	-0.634251350175749	-0.0752837724705405	1
9.875	42.75	0.000490128530281028	0.849787640515737	-0.523283492604549	-0.0735002604390777	1
10.125	42.75	0.00049037002626892	0.74099524129625	-0.659263314656755	-0.0750893226157933	1
10.375	42.75	0.000490582270041486	0.860448675258205	-0.492757995671788	-0.0703979620126129	1
10.625	42.75	0.000490773383426489	0.606402242170246	-0.781059566793754	-0.0722136803473095	1
10.875	42.75	0.000490927253914553	0.85289368069911	-0.502380203844063	-0.0667209808326188	1
11.125	42.75	0.00049106159392283	0.477463980100568	-0.874411869391397	-0.0684798270232076	1
11.375	42.75	0.000491125080012127	0.862543179705067	-0.484132173281782	-0.0655685353624082	1
11.625	42.75	0.000491135631448804	0.618311132379932	-0.791287219804167	-0.0637521906040265	1
11.875	42.75	0.000491069489341081	0.772734337346349	0.63077772405363	-0.0669268752375721	1
12.125	42.75	0.000490929180963935	0.392904734575858	0.928430686561048	-0.0627414159521512	1
12.375	42.75	0.000490770773087147	0.742649104427064	0.673038854763797	-0.0687204220578516	1
12.625	42.75	0.000490575124821694	0.406325872561667	0.920890437509487	-0.0639408274311563	1
12.875	42.75	0.000490372558967783	0.685511632081007	0.735137279431766	-0.0697355600079318	1
13.125	42.75	0.000490155547649249	0.482134462044107	0.882661234257112	-0.0664256572185697	1
13.375	42.75	0.000489921959145007	0.640788236759656	0.775685464668762	-0.0706699855017623	1
13.625	42.75	0.000489688297085187	0.5568525340857	0.838372039265261	-0.0691076040880131	1
13.875	42.75	0.000489426645673578	0.613042226991231	0.797881401763014	-0.072336458523067	1
14.125	42.75	0.000489164554216527	0.624277801242526	0.790850964556574	-0.0714319459174347	1
14.375	42.75	0.000488871863630559	0.58877442607402	0.816851984543041	-0.0749811254314189	1
14.625	42.75	0.000488583100819884	0.687876483661588	0.735295106749693	-0.0735793421698112	1
14.875	42.75	0.000488301136793646	0.57949276557685	0.827303800694943	-0.0777667832154879	1
15.125	42.75	0.000488071550260678	0.711742136326177	0.705786493490663	-0.0766432490700957	1
15.375	42.75	0.000487949148488466	0.663698691651578	0.768261292674786	-0.078651489702024	1
15.625	42.75	0.000487974759602927	0.594907928204668	0.800596318629789	-0.082189322423827	1
15.875	42.75	0.000488142290443108	0.867426380817017	-0.460307458555069	-0.0774111167495439	1
16.125	42.75	0.000488370828277182	0.934297267409296	-0.323459225074256	-0.0744027737824466	1
16.375	42.75	0.000488637641421844	0.633421549310259	-0.775956552718504	-0.072260455664409	1
16.625	42.75	0.000488922894804503	0.912631903637795	-0.408979837328841	-0.075437799669904	1
16.875	42.75	0.000489191010226869	0.625051703569658	-0.776463829091566	-0.0725267451437359	1
17.125	42.75	0.000489464897611374	0.777179546617778	-0.629804331176779	-0.0745050184927719	1
17.375	42.75	0.000489721449510831	0.702761588636089	-0.694300209583392	-0.07330841461925	1
17.625	42.75	0.00048996897710822	0.756620042180112	-0.648634532684506	-0.0701884049901874	1
17.875	42.75	0.000490186544550495	0.715575659347661	-0.685550154337965	-0.0728447015029133	1
18.125	42.75	0.0004903876008142	0.801388758624762	-0.583358873190806	-0.0670865648526063	1
18.375	42.75	0.000490543412408597	0.746817756535462	-0.662367238240762	-0.0702006238655147	1
18.625	42.75	0.000490688372073954	0.753298469550269	-0.639370234473257	-0.0666838874428865	1
18.875	42.75	0.000490782914070064	0.889975375357976	-0.450830255711914	-0.0666367580512269	1
19.125	42.75	0.000490877335209103	0.534154758604646	-0.834433822684296	-0.065907072039437	1
19.375	42.75	0.000490920895827219	0.969293828928887	0.24010767223049	-0.0651664810750188	1
19.625	42.75	0.000490954583180501	0.899730302683571	0.44501041295566	-0.0651786435995576	1
19.875	42.75	0.000490995840739305	0.905459730824648	0.452524632470358	-0.0674419759852253	1
20.125	42.75	0.000491039088288386	0.895182825985914	0.470992295559958	-0.070966664581564	1
20.375	42.75	0.000491087630671329	0.879042465211913	0.49386244004226	-0.0729813042060611	1
20.625	42.75	0.000491138083228702	0.880496532328352	0.486866066309581	-0.0748416572107033	1
20.875	42.75	0.000491190505578005	0.881800117816891	0.479515048783361	-0.0759449186989723	1
21.125	42.75	0.000491244279592895	0.886608519269971	0.467694795205921	-0.0767417398013525	1
21.375	42.75	0.000491297655393186	0.889602411480571	0.460086947895847	-0.0772680502028617	1
21.625	42.75	0.000491348450661506	0.891679325088689	0.455097457330351	-0.0776826963542861	1
21.875	42.75	0.000491392629219373	0.892165474369089	0.453743614898473	-0.0780171063617839	1
22.125	42.75	0.000491423744148163	0.891986155364383	0.454181385137537	-0.0783388154291909	1
22.375	42.75	0.000491433110175724	0.891218169158979	0.455545524087119	-0.0786820362287289	1
22.625	42.75	0.000491411571343648	0.890983416672098	0.455218914543921	-0.0789680850061001	1
22.875	42.75	0.000491350281997536	0.888615141667063	0.457358469578017	-0.0791829922911705	1
23.125	42.75	0.000491245434003019	0.884147149827323	0.458702216630968	-0.0789979986045468	1
23.375	42.75	0.000491118470011701	0.885178305151465	0.457911879488253	-0.0776607254566998	1
23.625	42.75	0.00049096621858227	0.840001075327765	0.526692709331544	-0.0780677784284095	1
23.875	42.75	0.000490875190938803	0.888496687705823	0.444930372649946	-0.073709724942315	1
24.125	42.75	0.000490924893852493	0.80238781504129	0.602047594058171	-0.0756650089585363	1
24.375	42.75	0.000491102583090445	0.846449913465471	-0.526760762785356	-0.075282019838982	1
24.625	42.75	0.000491357284715115	0.71697357257983	-0.705093571254173	-0.0745069967811365	1
24.875	42.75	0.000491670535846104	0.81451041062834	-0.5868219512408	-0.0782902442159013	1
25.125	42.75	0.000491974568727654	0.722658704664629	-0.695248289267046	-0.0769147809065555	1
25.375	42.75	0.000492279854977256	0.767643039553442	-0.647339508153873	-0.0795849167999628	1
25.625	42.75	0.000492601545666726	0.740690205952468	-0.678465571046868	-0.0794633124460127	1
25.875	42.75	0.000492875493851732	0.722072103412402	-0.694341727062263	-0.0820290606683782	1
26.125	42.75	0.000493072324426177	0.783813513875076	-0.597712984257786	-0.0805863908496363	1
26.375	42.75	0.000493193315803558	0.93082297419125	-0.311844772212745	-0.075723008655339	1
26.625	42.75	0.000493263865990185	0.96375888482512	-0.219554449335496	-0.0725743779107664	1
26.875	42.75	0.000493314149299614	0.972973524690467	-0.189936349743089	-0.0705826785416277	1
27.125	42.75	0.000493355993057842	0.979603879859463	-0.155827270880959	-0.0686880170471726	1
27.375	42.75	0.000493395287359138	0.985020312854888	-0.121566340753323	-0.0668901120115324	1
27.625	42.75	0.000493437955597531	0.988611676134657	-0.0928811694822489	-0.0652165745173078	1
27.875	42.75	0.000493487339772625	0.990337623145519	-0.072270300515282	-0.0636126159669369	1
28.125	42.75	0.000493542614445992	0.990307132358977	-0.0605326425244188	-0.0619166290394389	1
28.375	42.75	0.000493599349048365	0.988523776649452	-0.0585646379193106	-0.0598904722487451	1
28.625	42.75	0.000493652877615651	0.984750066508501	-0.0685628957113624	-0.057241911762211	1
28.875	42.75	0.000493702997465285	0.978532029348053	-0.0945596842334805	-0.0536709721262734	1
29.125	42.75	0.000493755193634132	0.969508636859649	-0.140236450144041	-0.0490548162069788	1
29.375	42.75	0.000493815032395752	0.958419206324744	-0.200964586945777	-0.0438271826009237	1
29.625	42.75	0.000493887398901138	0.948648545632236	-0.259322311229303	-0.0390982868367142	1
29.875	42.75	0.00049399389772243	0.944047156570777	-0.299240692764988	-0.0359344186255173	1
30.125	42.75	0.000494178804155152	0.944839888211984	-0.318854374044218	-0.0345961335360389	1
30.375	42.75	0.00049446748340912	0.947461768882551	-0.325826438059842	-0.0348339455967464	1
30.625	42.75	0.000494810753407817	0.944695665585738	-0.309115464741829	-0.035746865829673	1
30.875	42.75	0.000495150642025334	0.980219562835577	-0.0633323866548984	-0.0314993135056625	1
31.125	42.75	0.000495346140788342	0.967890357550614	0.221055356544168	-0.0268156842297615	1
31.375	42.75	0.000495346359341873	0.874022833962666	0.470405136801776	-0.028280274470572	1
31.625	42.75	0.000495277565411401	0.720922443187798	0.701843436092302	-0.024007069111599	1
31.875	42.75	0.000495248674271358	0.756182296182939	0.680176588786472	-0.0303197348462813	1
32.125	42.75	0.00049542579206616	0.752032671209314	0.674767425610121	-0.0336402615334476	1
32.375	42.75	0.000495684905853786	0.737403988490777	0.685908242259932	-0.0366547722121905	1
32.625	42.75	0.000496094532799769	0.75820916209729	0.666119394429022	-0.0381666881051879	1
32.875	42.75	0.000496616532295974	0.698775837300124	0.719003309183705	-0.0430730718090661	1
33.125	42.75	0.000497312823216109	0.814666080517092	0.591946862393817	-0.0402566338241387	1
33.375	42.75	0.000498157351642225	0.619050429163725	0.790989521108184	-0.0486509209214812	1
33.625	42.75	0.000498618018933127	0.872441100927534	-0.470135946192824	-0.0451973755967426	1
33.875	42.75	0.000498859227226304	0.569245863935595	-0.831691162070455	-0.0427244843594674	1
34.125	42.75	0.000499270747471131	0.825275436342069	-0.575893686604732	-0.0512032785917255	1
34.375	42.75	0.000499536154676975	0.654787163406717	-0.756937783387916	-0.0473120293754543	1
34.625	42.75	0.000499805650824044	0.745318694819464	-0.675615372210975	-0.0526229632480507	1
34.875	42.75	0.000500180792904327	0.69837007440899	-0.718229267867493	-0.0524512924106595	1
35.125	42.75	0.000500718847291107	0.713303037737382	-0.707845994058185	-0.0550515498494481	1
35.375	42.75	0.000501577534984652	0.709057529612574	-0.711981763578451	-0.0567964016617162	1
35.625	42.75	0.000502773395652868	0.713667965963076	-0.709190510245985	-0.0591742766567048	1
35.875	42.75	0.000504173439591352	0.72276899836723	-0.700796725369523	-0.0613945467740343	1
36.125	42.75	0.000505307956829953	0.731601067476447	-0.693795253839448	-0.0640072059223983	1
36.375	42.75	0.000505334541634739	0.742296180545843	-0.680525728931213	-0.0667420462255323	1
36.625	42.75	0.000503257888513165	0.774054744447196	-0.648758700177712	-0.068276487427944	1
36.875	42.75	0.000498182279165959	0.766020045418783	-0.658071676180553	-0.0735935743496096	1
37.125	42.75	0.000490832578394965	0.793432882293228	-0.604759697318535	-0.072230838002844	1
37.375	42.75	0.000483923599449724	0.944402172323431	-0.262724544334424	-0.0760371531749454	1
0.125	43.25	0.000491148416400068	0.835731145235975	0.560858347407552	-0.0766592928123023	1
0.375	43.25	0.000491311131833918	0.654938949683332	-0.746449760835074	-0.0793244981577541	1
0.625	43.25	0.000491493613187835	0.81987481509128	-0.558171493444986	-0.075002248769071	1
0.875	43.25	0.000491691529127243	0.726001466312545	-0.677746393745273	-0.0759730932812391	1
1.125	43.25	0.000491845404395908	0.876281713721092	-0.449833288207502	-0.0734424917768565	1
1.375	43.25	0.000491915280637958	0.817229574952684	-0.563006851043578	-0.0693669851759096	1
1.625	43.25	0.000491866188887876	0.847819707971986	0.539037804395386	-0.0717509597216872	1
1.875	43.25	0.000491705617818269	0.687952556375975	0.72910833957869	-0.071524575756956	1
2.125	43.25	0.000491520643380717	0.808321397074545	0.597865753997541	-0.0729929263500281	1
2.375	43.25	0.000491295216394313	0.730467629183311	0.704346380926209	-0.0739455267771187	1
2.625	43.25	0.00049107849141601	0.689798160751317	0.735899036932866	-0.0787098803672012	1
2.875	43.25	0.000490820160514096	0.957267043857673	0.238504940664823	-0.0776969196484362	1
3.125	43.25	0.000490498730453719	0.840011596394937	0.521715376058637	-0.0719586484336098	1
3.375	43.25	0.000490168558153569	0.871669850991401	0.501761732930323	-0.0726125043086785	1
3.625	43.25	0.000489836361708688	0.912893030418316	0.418043181569159	-0.0747838855840138	1
3.875	43.25	0.000489482288659284	0.862221563911984	0.51787245203571	-0.0748038619826196	1
4.125	43.25	0.000489111513809673	0.870369965560561	0.509611876963094	-0.0775140116414986	1
4.375	43.25	0.000488723578189106	0.854235629677227	0.534287017085408	-0.07889660295338	1
4.625	43.25	0.000488311235205291	0.832491807895723	0.567214682696476	-0.0810617933352945	1
4.875	43.25	0.000487871944345733	0.841240631468081	0.556040038388518	-0.0822133620401193	1
5.125	43.25	0.000487402793740212	0.793853622305166	0.618550137839405	-0.084959118619154	1
5.375	43.25	0.000486929608048541	0.844350327204273	0.552595903205323	-0.0848817192372521	1
5.625	43.25	0.000486491895469245	0.733734472539607	0.687714803909785	-0.0891925555396126	1
5.875	43.25	0.000486183795528283	0.881219081308383	0.494584352221834	-0.0869162991422607	1
6.125	43.25	0.000486087015894369	0.635052010371649	0.779618207237626	-0.0941747183321069	1
6.375	43.25	0.000486263542461998	0.946937009178961	-0.253444766110631	-0.0885538476303278	1
6.625	43.25	0.0004865860924523	0.632143223294598	-0.767000400257135	-0.0849471972677923	1
6.875	43.25	0.00048692828686762	0.975634852774203	-0.175078774763406	-0.086597803794989	1
7.125	43.25	0.000487315013333516	0.667588535734991	-0.740524630867969	-0.0811100985204078	1
7.375	43.25	0.000487677443127384	0.966301370209424	-0.252334274973678	-0.0854248986780465	1
7.625	43.25	0.00048805206297947	0.732465800981888	-0.678755088024153	-0.0809979545070828	1
7.875	43.25	0.000488401807812351	0.941291372645326	-0.334765833733077	-0.084784803417441	1
8.125	43.25	0.000488751964840257	0.777780140451193	-0.618538748438704	-0.0811924756598036	1
8.375	43.25	0.000489090278027007	0.885158945325069	-0.448616866700161	-0.082377293714649	1
8.625	43.25	0.000489424756647994	0.761590806071114	-0.62981338869419	-0.0785575005702455	1
8.875	43.25	0.000489741423116943	0.800953987140175	-0.584378859166333	-0.0777836355368946	1
9.125	43.25	0.000490040388975063	0.729103458443873	-0.672535521207885	-0.0756042756520084	1
9.375	43.25	0.000490313309673524	0.777695663407	-0.624196609876752	-0.0744991023275938	1
9.625	43.25	0.000490556465445351	0.745594319147705	-0.663466595433749	-0.0748380884143984	1
9.875	43.25	0.00049076897360637	0.836929372065559	-0.550930823891608	-0.0734980556071287	1
10.125	43.25	0.000490944568332967	0.777944314693419	-0.628028596444384	-0.0761377393594236	1
10.375	43.25	0.000491081040276196	0.912089851583702	-0.410365063979136	-0.073331758405184	1
10.625	43.25	0.000491187992718273	0.740577058978234	-0.663642896226431	-0.0768273666699417	1
10.875	43.25	0.000491252956124778	0.912710774263891	-0.372075794520514	-0.0714731982301332	1
11.125	43.25	0.000491307536030397	0.612307088304277	-0.77922317650406	-0.0706772745948839	1
11.375	43.25	0.000491315042543396	0.755592964593732	-0.63548087663103	-0.0693674836858804	1
11.625	43.25	0.000491283203153506	0.648275885219984	-0.747489336920705	-0.0657799552639719	1
11.875	43.25	0.000491210541804384	0.646949085610459	0.762280319892123	-0.0662969826998032	1
12.125	43.25	0.000491098146984437	0.534029828141661	0.855900324600023	-0.0658480659370898	1
12.375	43.25	0.000490967485629866	0.686646359516304	0.730494475665763	-0.068838079555816	1
12.625	43.25	0.000490815224852205	0.50659599232898	0.870935685130886	-0.0669978286240046	1
12.875	43.25	0.000490654843351866	0.682895313280902	0.737639416980652	-0.0707753084782808	1
13.125	43.25	0.000490480407250147	0.533505870853813	0.854160174711221	-0.0692705103410218	1
13.375	43.25	0.000490294193299233	0.666561937301009	0.75470384225102	-0.0725540183814965	1
13.625	43.25	0.000490099547536073	0.576372371154865	0.826722199169901	-0.0721758975227656	1
13.875	43.25	0.000489880591120355	0.652548500588091	0.767134390288721	-0.074781697927961	1
14.125	43.25	0.000489653426229647	0.632085443182759	0.787114491795014	-0.0749396624888535	1
14.375	43.25	0.00048939514278557	0.63220167401996	0.783280646125086	-0.0780825635714444	1
14.625	43.25	0.000489137993975545	0.718959984567304	0.710283247895851	-0.0771498602175801	1
14.875	43.25	0.000488885002114471	0.593750605065887	0.813879186983544	-0.08249679740011	1
15.125	43.25	0.000488681549973783	0.823367288043425	0.580946031465885	-0.079477663108935	1
15.375	43.25	0.00048858396604887	0.589614961060694	0.822435263868509	-0.0860656210778418	1
15.625	43.25	0.000488611206262598	0.844161081928633	0.530406732527605	-0.0837016606941839	1
15.875	43.25	0.000488775961141928	0.770768782169207	-0.613606230452841	-0.0846206802416715	1
16.125	43.25	0.000489001954727612	0.854627797288103	-0.475670672620555	-0.0783729540747994	1
16.375	43.25	0.000489250265034472	0.837096492855804	-0.514898289130411	-0.0751115006063764	1
16.625	43.25	0.00048949485967653	0.68180540078349	-0.727174084319931	-0.0715078856506117	1
16.875	43.25	0.000489731589536693	0.827751095673807	-0.556468244557785	-0.0741078047877949	1
17.125	43.25	0.000489952418105223	0.64026931613812	-0.768922599612967	-0.070975820314468	1
17.375	43.25	0.000490152326825609	0.715669172668633	-0.700906556219325	-0.0745520039502413	1
17.625	43.25	0.000490337387790782	0.676049987377944	-0.730958654016933	-0.0720254372318749	1
17.875	43.25	0.000490485602318064	0.68245804449579	-0.732834889195554	-0.07356179750154	1
18.125	43.25	0.000490611641126671	0.672823900345501	-0.726979368825506	-0.072790012496984	1
18.375	43.25	0.00049069235851773	0.785135632940569	-0.618711782665252	-0.0709775163191775	1
18.625	43.25	0.000490756580972115	0.576805513398213	-0.805271684220583	-0.0730807647738756	1
18.875	43.25	0.000490787695037036	0.93700022299684	-0.336038784119593	-0.0688171655823586	1
19.125	43.25	0.000490832508467229	0.498075818848989	-0.858521272860225	-0.0714973570052523	1
19.375	43.25	0.000490881480745889	0.973575552744338	-0.185864086378726	-0.0674687979122372	1
19.625	43.25	0.000490943477986726	0.832756032299568	0.571081825818879	-0.0676005097726847	1
19.875	43.25	0.000491019352460063	0.892466073673448	0.479822556135732	-0.0720449757823801	1
20.125	43.25	0.000491091671859798	0.859511095995219	0.521822032249746	-0.0736959176031909	1
20.375	43.25	0.00049117135831388	0.876000380204288	0.490215058095435	-0.0748164867442137	1
20.625	43.25	0.0004912474491244	0.883046076659332	0.474562873906329	-0.0756402560820069	1
20.875	43.25	0.000491326186699829	0.890082829632695	0.460128121041273	-0.0762715414578972	1
21.125	43.25	0.000491406316012902	0.892921903428182	0.454108475112088	-0.0768526718872509	1
21.375	43.25	0.000491488769364745	0.894016654475512	0.451370430350231	-0.0773802571603549	1
21.625	43.25	0.00049157207517322	0.893501409322483	0.451837664664448	-0.0778324961972398	1
21.875	43.25	0.000491652219396791	0.892203710176822	0.453958144567	-0.0782371393954447	1
22.125	43.25	0.000491722948803131	0.890254986320326	0.457099546637233	-0.0785971507036823	1
22.375	43.25	0.000491776625282062	0.887700467443503	0.460504319431345	-0.0788727745230189	1
22.625	43.25	0.000491805773713614	0.884819567778647	0.463523086998803	-0.0789359572401547	1
22.875	43.25	0.000491803654271249	0.879111814362896	0.470193453502735	-0.0787343493409806	1
23.125	43.25	0.00049176748284614	0.87471502756662	0.474157221964062	-0.07795246664997	1
23.375	43.25	0.000491710329849692	0.86435063664703	0.493517032706819	-0.0768326174392624	1
23.625	43.25	0.000491630950720604	0.849456113068454	0.515293937515537	-0.0762868725157722	1
23.875	43.25	0.000491590603404617	0.87227777834441	0.489014737157871	-0.0739389384927412	1
24.125	43.25	0.000491646742967289	0.802994567939859	0.599684742273667	-0.0766153423765291	1
24.375	43.25	0.000491769506636773	0.900427033410509	-0.41418437497263	-0.0749063405861889	1
24.625	43.25	0.000491947465187221	0.777788819680373	-0.631170021270159	-0.0724878724737879	1
24.875	43.25	0.000492176940469923	0.863678156992001	-0.510730035056017	-0.0763170194229002	1
25.125	43.25	0.000492387993348942	0.795004945798966	-0.610409600234418	-0.0749620278193457	1
25.375	43.25	0.000492573843382502	0.81825699515627	-0.58422330153853	-0.0776321211507252	1
25.625	43.25	0.00049277710171777	0.80155784158275	-0.604327315160897	-0.078168112435666	1
25.875	43.25	0.000492976625740758	0.803528202880703	-0.609181307993892	-0.0798224268039445	1
26.125	43.25	0.000493139781411138	0.768367532867159	-0.640683846095896	-0.0826230116425041	1
26.375	43.25	0.000493236038519642	0.867279004568002	-0.457928316394218	-0.0799685426341659	1
26.625	43.25	0.000493270144083294	0.973679375738728	-0.0889061357208916	-0.0735213777225288	1
26.875	43.25	0.000493279467459973	0.985554264341577	0.0209921156427616	-0.0691773336673503	1
27.125	43.25	0.000493298240751748	0.989602273431664	0.052587401933063	-0.0665369727426842	1
27.375	43.25	0.000493328313241793	0.991644496857131	0.0680288561365914	-0.0647811653444624	1
27.625	43.25	0.000493367946358046	0.993091656343484	0.0727504614018927	-0.0636069269958611	1
27.875	43.25	0.000493415659010931	0.993880667438249	0.0697193497616169	-0.0627283564540447	1
28.125	43.25	0.000493469137358386	0.993788915904803	0.0600654621515743	-0.0618370748278081	1
28.375	43.25	0.000493523796272504	0.992551456755991	0.0428744946073563	-0.0606013552560224	1
28.625	43.25	0.000493573570949454	0.989715197762161	0.0143126750048366	-0.0586544961808263	1
28.875	43.25	0.000493614215697074	0.984348457303608	-0.0327870359001073	-0.0556097614065405	1
29.125	43.25	0.000493645498801798	0.974577991391919	-0.105627285956658	-0.05125714643675	1
29.375	43.25	0.00049366882656862	0.958074439908623	-0.200785978233871	-0.0460133465567365	1
29.625	43.25	0.000493689568425298	0.93633801123167	-0.297182387023203	-0.041062244686036	1
29.875	43.25	0.000493732780903024	0.916152165128956	-0.372456866265448	-0.0375858956810146	1
30.125	43.25	0.000493848438074299	0.901348439323078	-0.422678444580995	-0.0359537736303446	1
30.375	43.25	0.000494082275735258	0.890122230785754	-0.454712439435393	-0.0358367503251871	1
30.625	43.25	0.000494437183225805	0.89586148121833	-0.464582183742383	-0.0363284570222203	1
30.875	43.25	0.00049479520644584	0.832557369102945	-0.56440470345344	-0.0411819192085073	1
31.125	43.25	0.00049492791345138	0.861787173433599	-0.462973905249323	-0.0392810993804918	1
31.375	43.25	0.000494768802868201	0.756882479858025	0.632549695182355	-0.0299523770144605	1
31.625	43.25	0.00049470830532708	0.684140973169105	0.745750701672172	-0.0303767782060686	1
31.875	43.25	0.000494908126609042	0.748852211343523	0.677449723899917	-0.0356323157257258	1
32.125	43.25	0.000495209544352155	0.719385519422234	0.700935303181083	-0.0364257865900971	1
32.375	43.25	0.0004955447433972	0.720334314047253	0.699059695372642	-0.0389341453621465	1
32.625	43.25	0.000496004454715896	0.740099208287198	0.681348610686368	-0.0396806549216134	1
32.875	43.25	0.0004965543548501	0.679648419804263	0.731158436158684	-0.044081981437028	1
33.125	43.25	0.000497304968607118	0.81861616004733	0.584436327471066	-0.0399851655768168	1
33.375	43.25	0.000498194581033673	0.570751346385736	0.820065080474104	-0.0498134590229364	1
33.625	43.25	0.00049864331632904	0.922202910071683	-0.334807926658483	-0.0429237059909293	1
33.875	43.25	0.000498858081628269	0.558013948446379	-0.843306574089196	-0.0387269009747785	1
34.125	43.25	0.000499277691029851	0.843818388478597	-0.562280324457598	-0.0502319796873442	1
34.375	43.25	0.000499542359661234	0.677649634822136	-0.739548885270507	-0.0470471040074583	1
34.625	43.25	0.000499773996646499	0.754424261313007	-0.669136252449819	-0.052541812771387	1
34.875	43.25	0.000500092925584712	0.714569828651846	-0.703209178693105	-0.0531133877787517	1
35.125	43.25	0.000500560865594413	0.716959255863264	-0.703184855731131	-0.0554192848099429	1
35.375	43.25	0.000501319844364113	0.707089939825596	-0.712323819552525	-0.0571566915221375	1
35.625	43.25	0.000502387693844031	0.702806256997194	-0.717305210224242	-0.0592182861872555	1
35.875	43.25	0.00050360573547585	0.705778934903352	-0.715504767359586	-0.0612136797547245	1
36.125	43.25	0.000504496455262558	0.704032682957954	-0.717215064296335	-0.0635944116172934	1
36.375	43.25	0.000504217208960389	0.72748230088565	-0.696605943942083	-0.0655573365647476	1
36.625	43.25	0.000501805427882653	0.705278173811551	-0.714766645139084	-0.0683734238696122	1
36.875	43.25	0.000496477087563325	0.799921432995212	-0.623447853655672	-0.0697404991998997	1
37.125	43.25	0.000488974186538639	0.640881254128187	-0.766554297444434	-0.0753474344911008	1
37.375	43.25	0.000482048659723267	0.952246994567086	-0.163044113772812	-0.0725520695265221	1
0.125	43.75	0.000491818370366943	0.874004754435999	0.490202907795147	-0.0859366070650248	1
0.375	43.75	0.000491924084026616	0.764756235629654	-0.648284636637316	-0.0878604061358895	1
0.625	43.75	0.000492003727058108	0.923956156076001	-0.381261004681912	-0.0866578107139201	1
0.875	43.75	0.00049210440240604	0.741156653039977	-0.666429846216136	-0.0878098741248274	1
1.125	43.75	0.00049217258473778	0.945365867513683	-0.308897524678283	-0.0854872727000822	1
1.375	43.75	0.000492202384932023	0.810104347485992	-0.549988796645921	-0.0853319835347827	1
1.625	43.75	0.000492160690827585	0.970464886176133	-0.108217876906429	-0.0765688131428043	1
1.875	43.75	0.000492078555911577	0.661859611612741	0.764271843500084	-0.0738448347805869	1
2.125	43.75	0.000491995193676866	0.953697307566049	0.352080633553665	-0.0800726187543176	1
2.375	43.75	0.00049189761117098	0.720788247994755	0.705181281667011	-0.0821673717160355	1
2.625	43.75	0.000491769441961872	0.953183958348938	0.238129832047149	-0.0832330606849582	1
2.875	43.75	0.000491583088716887	0.950192555386105	0.232398006228842	-0.0737079714953792	1
3.125	43.75	0.000491347006867742	0.753590863835408	0.669131194000494	-0.0723456940259331	1
3.375	43.75	0.000491108542331246	0.837341712638912	0.575389956504479	-0.077490954440381	1
3.625	43.75	0.000490835078211527	0.785861250067072	0.629642822321121	-0.0795832858176175	1
3.875	43.75	0.000490536011219736	0.757594693424899	0.665840751182869	-0.0807195376606055	1
4.125	43.75	0.000490211989630409	0.779152978025259	0.636962206076205	-0.0830776435842062	1
4.375	43.75	0.00048986504325619	0.770236150022803	0.646022153188212	-0.0836007005143454	1
4.625	43.75	0.000489484262900103	0.770509099720367	0.645716182045079	-0.0853013397454329	1
4.875	43.75	0.000489067359644683	0.790479891137097	0.622470532356358	-0.0858980806749685	1
5.125	43.75	0.000488612046708026	0.755522058686826	0.662542933077043	-0.0879756397795956	1
5.375	43.75	0.000488142657559832	0.816407293867579	0.591098321968959	-0.0878368052671637	1
5.625	43.75	0.00048770538258236	0.716713492382022	0.704594325215933	-0.0914787446752244	1
5.875	43.75	0.000487392153659882	0.872027410441512	0.51158865855284	-0.0895871194571493	1
6.125	43.75	0.00048728949450056	0.647848780043928	0.770576123396214	-0.0965611862898155	1
6.375	43.75	0.00048745644612108	0.950977956295603	-0.238965343037739	-0.0917675582547739	1
6.625	43.75	0.000487769050345942	0.521516134694884	-0.844182778937795	-0.0875079976875158	1
6.875	43.75	0.000488097346953526	0.97401205255718	-0.171974592606212	-0.0891746876386142	1
7.125	43.75	0.000488461281732157	0.557311374372477	-0.822229312837994	-0.0826333443797622	1
7.375	43.75	0.000488798292977765	0.956401721024338	-0.274892809554433	-0.086824103076462	1
7.625	43.75	0.000489135920029751	0.661704306820401	-0.745032257066715	-0.0808432116215332	1
7.875	43.75	0.000489437068493392	0.930384406297021	-0.367856370967489	-0.0852409249571117	1
8.125	43.75	0.000489724763012267	0.767266694103756	-0.638388579097412	-0.0815926618391661	1
8.375	43.75	0.000489985588783928	0.904050346241327	-0.426675090202499	-0.0843260124100993	1
8.625	43.75	0.000490235615597449	0.812786511984319	-0.569034865628956	-0.0820638034892642	1
8.875	43.75	0.000490476426175532	0.844741272320112	-0.518093310615118	-0.0812498850168082	1
9.125	43.75	0.000490704206031884	0.75785981019386	-0.631905717587425	-0.078876997221632	1
9.375	43.75	0.000490918745119164	0.757405039371682	-0.637578437406482	-0.076163967681747	1
9.625	43.75	0.000491101139635088	0.68442681073598	-0.717385555265146	-0.0754483701693273	1
9.875	43.75	0.000491254558579215	0.758955602800837	-0.645406560131388	-0.072818052664904	1
10.125	43.75	0.000491362222276931	0.693227871343143	-0.718569101190116	-0.0743567770111686	1
10.375	43.75	0.00049142652499014	0.860272391587296	-0.514039820227504	-0.071762909462065	1
10.625	43.75	0.000491452846458028	0.759541332438942	-0.656892961821004	-0.0757160531851655	1
10.875	43.75	0.000491435846294725	0.949003035754919	-0.312887668786734	-0.0732206040808664	1
11.125	43.75	0.000491411755098033	0.826797813236266	-0.559599304469156	-0.0757194690094385	1
11.375	43.75	0.000491377270379415	0.840835155344112	-0.521360610507006	-0.0730460048282698	1
11.625	43.75	0.000491320868327787	0.763296801926654	-0.622453867562246	-0.0716433014535432	1
11.875	43.75	0.000491255816803853	0.449096203829258	0.889833240805315	-0.0671469014764786	1
12.125	43.75	0.000491188642229909	0.627027041998963	0.793292189114916	-0.070561320858786	1
12.375	43.75	0.000491101915696692	0.607820675034861	0.79518982410109	-0.070753499005315	1
12.625	43.75	0.00049100250728319	0.557973377892168	0.841165550477415	-0.070941517185621	1
12.875	43.75	0.00049088790495004	0.658710656070255	0.758962250373878	-0.0734662742403201	1
13.125	43.75	0.000490759420924898	0.558683770373171	0.838891045943378	-0.0730207400984341	1
13.375	43.75	0.000490616998593529	0.676470564572679	0.746112767070233	-0.0756563374166564	1
13.625	43.75	0.000490460882582179	0.59159642550176	0.815234687143927	-0.0760388280292075	1
13.875	43.75	0.000490284943721379	0.696106728101552	0.727544838470881	-0.0777897719492704	1
14.125	43.75	0.000490095091324789	0.638958993982995	0.779246678483515	-0.0790153658698912	1
14.375	43.75	0.000489877994835736	0.707217451242947	0.712776516870484	-0.0804801639059327	1
14.625	43.75	0.000489661019525863	0.713533682623149	0.7129046070644	-0.0807211192552366	1
14.875	43.75	0.000489442895200415	0.658129648622866	0.754114086310873	-0.0841503281128324	1
15.125	43.75	0.000489276858122957	0.827671337551534	0.576176623575547	-0.0808201372257103	1
15.375	43.75	0.00048920820522797	0.512100614498619	0.863159351388306	-0.0881697464553082	1
15.625	43.75	0.000489238484531108	0.929060260929702	0.364783495670646	-0.0817315142149243	1
15.875	43.75	0.000489372220527018	0.926822915113894	-0.390052681569187	-0.0869274924504932	1
16.125	43.75	0.000489545358792285	0.842391032162252	-0.517121080410675	-0.0844163298829623	1
16.375	43.75	0.000489759937353136	0.899576211540816	-0.399212460741386	-0.0818790984184581	1
16.625	43.75	0.000489977418942498	0.849083435846554	-0.494480833228186	-0.0773816508849822	1
16.875	43.75	0.000490171591382086	0.797133886487867	-0.58951285802852	-0.0746249736620979	1
17.125	43.75	0.000490347778047469	0.840741627126683	-0.527168286695368	-0.0738288322899032	1
17.375	43.75	0.000490496433146855	0.743548630852102	-0.666675984039893	-0.0721401375360673	1
17.625	43.75	0.000490618927520626	0.758214439298819	-0.646518068020095	-0.0733983717175388	1
17.875	43.75	0.000490705302447379	0.766411278867027	-0.643902388237359	-0.0715642449615793	1
18.125	43.75	0.000490755535675623	0.643013730695196	-0.760002841267292	-0.0742046440186301	1
18.375	43.75	0.000490753670502498	0.84923870781875	-0.525923486534943	-0.0705528311310346	1
18.625	43.75	0.000490725749030357	0.544060171004717	-0.834035748884133	-0.0743407578844891	1
18.875	43.75	0.000490672476311419	0.91296299667214	-0.393275471168017	-0.069663775468978	1
19.125	43.75	0.000490644453189163	0.600067768618585	-0.79480726168729	-0.0721614712906153	1
19.375	43.75	0.000490677922805755	0.877609025110371	-0.466121537925717	-0.068889529375745	1
19.625	43.75	0.00049076162177521	0.8255539897941	0.583828528035373	-0.0700893775698553	1
19.875	43.75	0.000490859284379225	0.902865550616436	0.444969482267874	-0.0737855217351057	1
20.125	43.75	0.000490959254191194	0.865723154850411	0.503554895578245	-0.0734133408903078	1
20.375	43.75	0.000491064473667001	0.89722963281975	0.450996783755689	-0.0748191264213979	1
20.625	43.75	0.000491166914526317	0.891304266563251	0.460257052490885	-0.0756441836569344	1
20.875	43.75	0.000491272954846556	0.89184437845935	0.458886889992507	-0.0765403640269151	1
21.125	43.75	0.000491381573248305	0.890950339952795	0.458454282052883	-0.0772329260886196	1
21.375	43.75	0.000491493593301992	0.890170880656833	0.458262473657518	-0.0776758791228041	1
21.625	43.75	0.000491606295491313	0.889626518878552	0.458306360279149	-0.0780136342127482	1
21.875	43.75	0.000491716265138486	0.88802066920924	0.460438149021337	-0.0782647210740292	1
22.125	43.75	0.000491819465643754	0.88548226705912	0.463799232921918	-0.0784148453953968	1
22.375	43.75	0.000491911994646355	0.881844461964926	0.468182369103407	-0.0783683951375479	1
22.625	43.75	0.000491989919986921	0.877479477366952	0.473311680015706	-0.0780007028838979	1
22.875	43.75	0.000492048305836314	0.871228110171436	0.482201692164886	-0.0773146738214907	1
23.125	43.75	0.000492080763785313	0.86379191997139	0.492925853345529	-0.0763724166885558	1
23.375	43.75	0.000492100174570743	0.863068550221642	0.50088996925556	-0.0749688167506587	1
23.625	43.75	0.000492085362840662	0.834894695712912	0.546091220325364	-0.0757646544406533	1
23.875	43.75	0.000492095108600372	0.880560648041159	0.480234585826623	-0.0735242837176275	1
24.125	43.75	0.000492172615661999	0.810233805545559	0.601678315968116	-0.0774289467461696	1
24.375	43.75	0.000492261778929168	0.872022924180448	-0.474546553584613	-0.0776687713182877	1
24.625	43.75	0.000492367871188089	0.698150278052793	-0.717831156637505	-0.0741441066302052	1
24.875	43.75	0.000492510153786056	0.834448107128933	-0.552995831533117	-0.0783970613072249	1
25.125	43.75	0.000492621652123782	0.737252308746132	-0.673852496957903	-0.075495938847884	1
25.375	43.75	0.000492686468057058	0.780090559795245	-0.630181185428572	-0.0778216800490595	1
25.625	43.75	0.000492754273773385	0.749669550875659	-0.662852873378738	-0.077591666032308	1
25.875	43.75	0.000492814718474407	0.756735311993632	-0.658077181398349	-0.078509185035841	1
26.125	43.75	0.000492891552625049	0.740130287375574	-0.681724539544567	-0.0796045403677299	1
26.375	43.75	0.00049293361003611	0.704925193984862	-0.703601855638072	-0.0820077569633051	1
26.625	43.75	0.00049296025985517	0.847705186622808	-0.490077215540095	-0.0778496482279757	1
26.875	43.75	0.000492962098789767	0.954302967280887	-0.23999178747034	-0.0730641740565885	1
27.125	43.75	0.000492951493102375	0.972655278538786	-0.190381771720365	-0.0708120171015321	1
27.375	43.75	0.000492949517250824	0.980630428917336	-0.153615949926141	-0.0691018714102975	1
27.625	43.75	0.00049296056196724	0.985687170929521	-0.119077376884366	-0.0674573567815029	1
27.875	43.75	0.00049298712990025	0.988656989561563	-0.0896343724558635	-0.065801866568777	1
28.125	43.75	0.000493029152503006	0.989815363317924	-0.0673918601317978	-0.0640438780942772	1
28.375	43.75	0.000493081816802716	0.989461598374154	-0.0539355182811591	-0.0620625470102657	1
28.625	43.75	0.000493135466373616	0.987744403632793	-0.0507160642998367	-0.0597019806592158	1
28.875	43.75	0.000493178631130437	0.984560374532585	-0.0597188227931498	-0.0567710030222083	1
29.125	43.75	0.000493203873755125	0.979608448502323	-0.0842632047763262	-0.0530801905631312	1
29.375	43.75	0.000493212806827512	0.972730104772934	-0.126932078022351	-0.0486134222019117	1
29.625	43.75	0.000493215876654071	0.964748583391653	-0.18211084565195	-0.0438565909431169	1
29.875	43.75	0.00049323162226796	0.958201822561119	-0.233874912818731	-0.0398192050615609	1
30.125	43.75	0.000493287968072361	0.956395371738043	-0.268261473754173	-0.0372965763306912	1
30.375	43.75	0.00049339434593571	0.951590942786549	-0.294862087626082	-0.0367087344280957	1
30.625	43.75	0.000493521055445396	0.95511895326973	-0.246699282417077	-0.0354607262050504	1
30.875	43.75	0.000493633551159049	0.986212511482351	0.129889383608622	-0.0296290660432641	1
31.125	43.75	0.000493694672826047	0.843947006359413	0.515559919950275	-0.0326293067327941	1
31.375	43.75	0.000493902729957504	0.637762767589902	0.761527125298486	-0.0257759517332598	1
31.625	43.75	0.000494193218653123	0.708045266052246	0.723125165592626	-0.0310722139506892	1
31.875	43.75	0.000494616049516328	0.726878948046546	0.690825731666268	-0.0340171957709888	1
32.125	43.75	0.000495025730490519	0.713304212634713	0.70545167338804	-0.0351159913657108	1
32.375	43.75	0.000495435261320083	0.725569718954689	0.691818108405789	-0.0374502573895431	1
32.625	43.75	0.000495947385123914	0.733727326824442	0.685183408938399	-0.0384544554030892	1
32.875	43.75	0.000496554997632476	0.697886932237082	0.710446318149541	-0.0415295769626598	1
33.125	43.75	0.000497390515099454	0.800843502942166	0.603839326185955	-0.0377213118169649	1
33.375	43.75	0.00049831157465947	0.598994580425023	0.800455122830438	-0.0458447036441892	1
33.625	43.75	0.000498680941251784	0.867156537314209	-0.474425414340621	-0.0403820324080065	1
33.875	43.75	0.000498750872117585	0.538060184954384	-0.86339684086559	-0.036718479341065	1
34.125	43.75	0.000499103709041439	0.818073083973288	-0.606145352475529	-0.0488200726481435	1
34.375	43.75	0.000499347243391818	0.693347855098538	-0.728478309015224	-0.0465532626338586	1
34.625	43.75	0.00049953503467115	0.758217065613819	-0.668533381367116	-0.0516477261012988	1
34.875	43.75	0.000499801438164383	0.741616718724123	-0.678252075237897	-0.0531716411393245	1
35.125	43.75	0.000500200953474349	0.741445320277797	-0.678211131641811	-0.05542170460682	1
35.375	43.75	0.000500859836593254	0.732398981583196	-0.686379155210121	-0.0572492644260806	1
35.625	43.75	0.000501803454724698	0.717987729932126	-0.700529339837794	-0.0592259347940621	1
35.875	43.75	0.000502875051900528	0.714678165319265	-0.705308109395396	-0.0609006110550158	1
36.125	43.75	0.000503598916929563	0.690710624976491	-0.726610418020246	-0.063488527773752	1
36.375	43.75	0.000503154697672668	0.727905941205637	-0.695182689082522	-0.0644089538419467	1
36.625	43.75	0.00050057584293864	0.650669246986105	-0.760094712944678	-0.0687005524867276	1
36.875	43.75	0.000495163907362771	0.813403321843946	-0.602621894156427	-0.0669904696445887	1
37.125	43.75	0.000487628727960438	0.546181679992299	-0.839457865161696	-0.0759459787590357	1
37.375	43.75	0.000480739990526942	0.942624315047879	-0.181588688294324	-0.0701219916291658	1
0.125	44.25	0.000492059074331622	0.844730810305429	0.53862563881133	-0.0755153750994121	1
0.375	44.25	0.000492108611715418	0.68052206568796	-0.729064367165955	-0.0765558802286519	1
0.625	44.25	0.00049215250860441	0.88635422240816	-0.466829434953241	-0.0748402061246786	1
0.875	44.25	0.000492200712430129	0.803996904108598	-0.590490472161905	-0.0776077641351508	1
1.125	44.25	0.000492237878955045	0.827325254162162	-0.567730698580273	-0.0742924928872212	1
1.375	44.25	0.000492272510797491	0.900426797017875	-0.428710831199624	-0.0795853294702016	1
1.625	44.25	0.000492280377624103	0.579029721130681	0.818332576455721	-0.0738424804502718	1
1.875	44.25	0.00049227010662337	0.740316573477938	0.685443724795432	-0.0805619025160785	1
2.125	44.25	0.000492255142149882	0.813102756162402	0.578631689682694	-0.0774916011473492	1
2.375	44.25	0.000492220130618741	0.72472204742975	0.683160011802458	-0.0801864260104044	1
2.625	44.25	0.000492153028321605	0.894711664339348	0.428140310039915	-0.0759905702053071	1
2.875	44.25	0.000492049647846776	0.849477786775682	0.528535387127973	-0.0767665364980428	1
3.125	44.25	0.000491893735930901	0.71571169372514	0.713187194112586	-0.0762653863220243	1
3.375	44.25	0.000491726361078688	0.87807957337943	0.48927194525893	-0.0808912430609058	1
3.625	44.25	0.000491524880249955	0.800083375038117	0.599274641852852	-0.0788321238711297	1
3.875	44.25	0.000491301171618199	0.851907401415132	0.533876735662164	-0.0806595207131568	1
4.125	44.25	0.000491057313476653	0.849088053955925	0.535644625270752	-0.0814187608145273	1
4.375	44.25	0.000490781341620409	0.841427658501511	0.553324015943909	-0.0825887293968567	1
4.625	44.25	0.000490465003875901	0.833945566287653	0.56603147088625	-0.0846296918232596	1
4.875	44.25	0.000490101521199094	0.828981190816992	0.575534194968848	-0.086175892607726	1
5.125	44.25	0.000489692310811991	0.798151007132403	0.615815544376959	-0.0886306968702531	1
5.375	44.25	0.00048925838346731	0.831231140845376	0.575515810910623	-0.0895933361500667	1
5.625	44.25	0.000488848434158352	0.748895850213969	0.673359226722995	-0.0934078107362607	1
5.875	44.25	0.000488545655400485	0.885711011957216	0.493406747208384	-0.0923718548296906	1
6.125	44.25	0.000488433001084659	0.67043159792645	0.748941815991137	-0.0998521957614718	1
6.375	44.25	0.000488559311911421	0.980446264819611	-0.0277225534829224	-0.0943568506145096	1
6.625	44.25	0.000488825758304213	0.4351650875003	-0.889063518093331	-0.0905500186952566	1
6.875	44.25	0.00048912439782948	0.982956958817805	-0.113449077331145	-0.0913497401700508	1
7.125	44.25	0.00048944198648514	0.483342571183885	-0.865626951496891	-0.0857008733669826	1
7.375	44.25	0.000489744020224518	0.947180694308942	-0.295867220896624	-0.0887610783664101	1
7.625	44.25	0.000490031386952393	0.606607004573171	-0.784728707882889	-0.0825602247526517	1
7.875	44.25	0.00049029111784021	0.905638701196238	-0.415235653162739	-0.0859076604804195	1
8.125	44.25	0.000490528224246667	0.737836008760947	-0.667840784703767	-0.0813990475250895	1
8.375	44.25	0.000490738082884345	0.887665356395253	-0.464460027687006	-0.0838962534636234	1
8.625	44.25	0.000490927710604978	0.838001848907803	-0.543850372104373	-0.0826341114431933	1
8.875	44.25	0.000491102598900091	0.889761149932293	-0.457974270177191	-0.0835764941915873	1
9.125	44.25	0.000491259341286556	0.858604429612902	-0.498981430329765	-0.0834541925790938	1
9.375	44.25	0.000491409245634646	0.848191217597456	-0.510379185811087	-0.0809871267022079	1
9.625	44.25	0.000491523919806478	0.756083457364026	-0.633027404758099	-0.0798074002619337	1
9.875	44.25	0.000491605949247211	0.759565430354426	-0.632386110207299	-0.075841861398692	1
10.125	44.25	0.000491626484258378	0.634354072727073	-0.761180833652214	-0.075902505263008	1
10.375	44.25	0.000491588961820343	0.754955470979813	-0.643725977236625	-0.0726007674501492	1
10.625	44.25	0.000491506902388127	0.670018336351122	-0.741736818665145	-0.0731986877410126	1
10.875	44.25	0.000491393103377505	0.805408947347455	-0.588195021343537	-0.0723195393868565	1
11.125	44.25	0.000491296198127769	0.888949964525828	-0.472052112215165	-0.0720490039418361	1
11.375	44.25	0.000491250158506192	0.836850825158777	-0.556527076195028	-0.0754517898822436	1
11.625	44.25	0.000491227237640681	0.971683446997338	0.102582340543782	-0.0746029414475178	1
11.875	44.25	0.000491207419585121	0.272889230047407	0.965144342414476	-0.0640744047780854	1
12.125	44.25	0.000491208381746808	0.819000410353616	0.594967198188247	-0.0750127255300913	1
12.375	44.25	0.000491179384054838	0.48578195238156	0.875839478462037	-0.0699652039339926	1
12.625	44.25	0.000491130520968355	0.691419962481342	0.737203391228393	-0.0752647629695766	1
12.875	44.25	0.000491064058497532	0.621544201431443	0.787147412621271	-0.0745170173369313	1
13.125	44.25	0.000490974959791762	0.645537517199121	0.774229226429345	-0.0763695363137661	1
13.375	44.25	0.000490875668122628	0.692909216723429	0.727894309483173	-0.0775878207459494	1
13.625	44.25	0.000490756341683616	0.648785581370016	0.768318103578992	-0.0785859615282004	1
13.875	44.25	0.000490622285458773	0.735040243829677	0.685997321460426	-0.079549365481834	1
14.125	44.25	0.000490467286566649	0.657226569129763	0.760178585641432	-0.0811700443334579	1
14.375	44.25	0.00049028817849101	0.75500974114382	0.661469702021561	-0.0811997934352075	1
14.625	44.25	0.000490103023295747	0.667182515692233	0.75509797840243	-0.0829481108009142	1
14.875	44.25	0.000489917565701291	0.719124200825588	0.698704453298401	-0.0839686860059564	1
15.125	44.25	0.000489786973681483	0.729815035527929	0.704290072539978	-0.0837998877206378	1
15.375	44.25	0.000489743747118748	0.587264497925437	0.818325071521326	-0.0896728801887429	1
15.625	44.25	0.000489807691963913	0.848917438251616	-0.490577817460013	-0.0858310732450539	1
15.875	44.25	0.000489924687824245	0.944248088096586	-0.311770659051119	-0.0819653784701631	1
16.125	44.25	0.000490053011360333	0.895627488888636	-0.438954251935868	-0.083256096483757	1
16.375	44.25	0.000490204014251045	0.867782382131325	-0.484090623088271	-0.0812125336816142	1
16.625	44.25	0.000490368323072861	0.843884235806186	-0.522966606269171	-0.08030626725584	1
16.875	44.25	0.000490526703024231	0.815436223297159	-0.562046051462826	-0.078323480292502	1
17.125	44.25	0.000490663040774239	0.766885342138255	-0.628230399556233	-0.0763669350570462	1
17.375	44.25	0.000490764992749176	0.800435987692069	-0.591668174216398	-0.0749669389961575	1
17.625	44.25	0.000490831615152801	0.682264541885756	-0.723256102636464	-0.0751215725547159	1
17.875	44.25	0.000490844273700314	0.809807633583538	-0.586585049766915	-0.0730030598128854	1
18.125	44.25	0.000490813926858741	0.592697807080697	-0.80210819647331	-0.0761074022675168	1
18.375	44.25	0.000490717608471469	0.835678204287876	-0.545767584759077	-0.0723011558287835	1
18.625	44.25	0.000490581737952715	0.57590301020183	-0.816620676142608	-0.0762212061231512	1
18.875	44.25	0.000490423953024638	0.816008584876808	-0.568220512727867	-0.0722589672896555	1
19.125	44.25	0.000490298082651827	0.703904721404901	-0.70741955938308	-0.0746283001042815	1
19.375	44.25	0.000490267129961829	0.716216617476962	-0.691095329449338	-0.0717487777511948	1
19.625	44.25	0.000490347450184487	0.875482863075498	0.494433454997272	-0.0739214896308327	1
19.875	44.25	0.00049046071899628	0.894374368114641	0.446326549535789	-0.074459594753804	1
20.125	44.25	0.000490588067972493	0.872639120708598	0.495396509734166	-0.0741019335397356	1
20.375	44.25	0.000490725557075484	0.901157485176167	0.445224391518833	-0.0762997278554117	1
20.625	44.25	0.000490864016560742	0.881185360459508	0.477546099467	-0.0767425062151963	1
20.875	44.25	0.000491006610175177	0.890262402672524	0.458805988846495	-0.0775374909908444	1
21.125	44.25	0.000491150494658601	0.889495508058981	0.457212561175398	-0.077700158233268	1
21.375	44.25	0.000491294567893302	0.891559166220905	0.453070098051173	-0.0778933301400332	1
21.625	44.25	0.000491436473635976	0.890077430868543	0.455700740408726	-0.078072980406028	1
21.875	44.25	0.00049157522922795	0.886723246159934	0.461312409872168	-0.0782248474554861	1
22.125	44.25	0.00049171064454551	0.882011213552329	0.468340145930487	-0.0782201877108898	1
22.375	44.25	0.000491842501712903	0.876790359028219	0.475581134966989	-0.0779552457164025	1
22.625	44.25	0.000491969155799599	0.871783919888487	0.482998496894483	-0.0773997445587778	1
22.875	44.25	0.000492085687183146	0.865569341086291	0.49341922021585	-0.0767358723316346	1
23.125	44.25	0.000492188020547557	0.863254539967427	0.499060488812052	-0.0759619267257251	1
23.375	44.25	0.000492279055230611	0.859936040383789	0.512908449320391	-0.0755956008135007	1
23.625	44.25	0.000492339956073823	0.844104736280809	0.535296928175769	-0.0767828936460967	1
23.875	44.25	0.000492414890106166	0.899951189081514	0.457675292154865	-0.0751245237429539	1
24.125	44.25	0.0004925135641934	0.772366684062218	0.643049094801432	-0.0817545741905401	1
24.375	44.25	0.000492562131416322	0.9696903594506	-0.12947615149604	-0.0772158080622753	1
24.625	44.25	0.000492599494094473	0.764692012128619	-0.641975980200921	-0.0712283736914042	1
24.875	44.25	0.000492666326687627	0.890917198543275	-0.465714662983362	-0.0770419245230763	1
25.125	44.25	0.000492697035402514	0.816689288384275	-0.576581896580556	-0.0747872373390316	1
25.375	44.25	0.000492654552136255	0.835299892988404	-0.558599027679848	-0.0769737853872996	1
25.625	44.25	0.000492595886876175	0.81948792793541	-0.57866490988662	-0.0776208217477063	1
25.875	44.25	0.000492513740135285	0.814758614163743	-0.586088242161769	-0.078751644077986	1
26.125	44.25	0.000492449094898	0.816467346846719	-0.586768206764104	-0.079618645516118	1
26.375	44.25	0.000492399350918566	0.795523920764389	-0.61896055940566	-0.0817536168299027	1
26.625	44.25	0.000492328562158033	0.783921715023593	-0.606837870678868	-0.0834844484571483	1
26.875	44.25	0.000492266711923721	0.941486642460988	-0.246480886367969	-0.0772910382714113	1
27.125	44.25	0.000492201794438524	0.98060084240802	0.0249503963607816	-0.0707135402414432	1
27.375	44.25	0.000492153407467749	0.988362469500499	0.0656240008266079	-0.0678413978408807	1
27.625	44.25	0.000492138371492561	0.990897805802693	0.0774048334700924	-0.0660557351441249	1
27.875	44.25	0.000492147214920962	0.992599299178311	0.0771876370996416	-0.0648721467911585	1
28.125	44.25	0.000492172433803008	0.993445683170324	0.0673568585610976	-0.0639239527741823	1
28.375	44.25	0.000492208157748038	0.993061595088738	0.0491524128369619	-0.0628144871594419	1
28.625	44.25	0.000492247136667584	0.99113152909739	0.0214941727375903	-0.0611570612325128	1
28.875	44.25	0.000492279130042596	0.987082975727554	-0.0200058793505888	-0.0586080369897772	1
29.125	44.25	0.000492292706275558	0.979502834459737	-0.0818806333389154	-0.0549321952322607	1
29.375	44.25	0.00049227971448462	0.965866439478174	-0.16671114930996	-0.0502337185166966	1
29.625	44.25	0.000492242196696889	0.944693994424471	-0.26422017916661	-0.0452130594055128	1
29.875	44.25	0.000492201428325041	0.920198495617111	-0.353034561490886	-0.0409312184470592	1
30.125	44.25	0.000492196914973764	0.898115861186652	-0.419860435167636	-0.0382253084297243	1
30.375	44.25	0.000492273388751775	0.885872540628583	-0.454382216194464	-0.0368446403011973	1
30.625	44.25	0.000492452285009654	0.889862540655384	-0.470789051921919	-0.0363884820119597	1
30.875	44.25	0.00049260218916424	0.817987412012854	-0.55602880454087	-0.0408731527739861	1
31.125	44.25	0.000492644585570864	0.895271153850402	0.366808217889842	-0.0306312041559752	1
31.375	44.25	0.000492843334191798	0.668571468700119	0.754597660969001	-0.0243981795693912	1
31.625	44.25	0.000493266904479996	0.808167107332801	0.614981473424122	-0.0340904192615385	1
31.875	44.25	0.00049379181246964	0.747723947095165	0.667788317350206	-0.0338970350506006	1
32.125	44.25	0.000494273857522292	0.748891755397321	0.671265271370181	-0.0361839465812277	1
32.375	44.25	0.000494800701756091	0.742808457772986	0.673505752192695	-0.0378915058721023	1
32.625	44.25	0.000495427878920881	0.738493705323673	0.678878522581551	-0.0390529706356516	1
32.875	44.25	0.00049618605783198	0.707296169656631	0.696527463594837	-0.0410831555258691	1
33.125	44.25	0.0004971943162107	0.808045760163036	0.599275721057423	-0.03686578296556	1
33.375	44.25	0.000498125901212121	0.55492613244887	0.824747910801816	-0.0475566222011192	1
33.625	44.25	0.000498464378991063	0.937752950112264	-0.219506996413215	-0.035662964549211	1
33.875	44.25	0.000498434455037363	0.484562009832002	-0.900746631604594	-0.0269530488852449	1
34.125	44.25	0.000498658896340093	0.790649245006355	-0.666828175233733	-0.0440180752403933	1
34.375	44.25	0.00049887408007152	0.6815477394659	-0.750051902683804	-0.0438841314211681	1
34.625	44.25	0.00049901686853944	0.731647450118644	-0.707289116388768	-0.0494162264043803	1
34.875	44.25	0.000499229553780403	0.735219414396504	-0.695102695957594	-0.0525134103959444	1
35.125	44.25	0.000499569179456941	0.744216817983942	-0.682145386575062	-0.0555361923894998	1
35.375	44.25	0.00050014555442001	0.74819868782942	-0.674211885741292	-0.0580189738407078	1
35.625	44.25	0.000500987637557222	0.739769243219202	-0.679535576533252	-0.0603601168908211	1
35.875	44.25	0.000501956402029287	0.739440059077526	-0.679978461640094	-0.0619041586212546	1
36.125	44.25	0.000502594326358872	0.699566305397974	-0.716025717972667	-0.0647588581445528	1
36.375	44.25	0.000502132462919077	0.74418865683907	-0.676464312151628	-0.0647440294397471	1
36.625	44.25	0.000499605345001781	0.617972966470702	-0.784004375534901	-0.0702371009388447	1
36.875	44.25	0.000494363535487758	0.820722091641481	-0.583277983045079	-0.0665805296414088	1
37.125	44.25	0.000487052152522477	0.49703536014231	-0.869664028585808	-0.0758996509584885	1
37.375	44.25	0.000480352825339538	0.899868419110686	-0.331725825720224	-0.0700886102965217	1
0.125	44.75	0.000492159909912638	0.847152064598965	0.538167313536964	-0.0870673005934472	1
0.375	44.75	0.000492173840096564	0.620661568769442	-0.780976569126251	-0.089534252512197	1
0.625	44.75	0.000492177436530107	0.612235621140556	-0.791415960325293	-0.0857734254136451	1
0.875	44.75	0.000492204132021765	0.839698162450546	-0.537371969683701	-0.0895280653357351	1
1.125	44.75	0.000492211802137307	0.68686186078709	-0.724078330191706	-0.0841974274672487	1
1.375	44.75	0.000492240708844811	0.987545686576347	0.0492848455356158	-0.0883705008631969	1
1.625	44.75	0.000492262049882819	0.982604467530739	-0.00332972481514445	-0.0788657876600263	1
1.875	44.75	0.000492279749752426	0.882791019436135	0.467429744603619	-0.0799142301507558	1
2.125	44.75	0.000492306083935256	0.967688260737351	0.250619763914686	-0.0786150330379943	1
2.375	44.75	0.000492316582099518	0.781294323564531	0.628643576719781	-0.0800360483899817	1
2.625	44.75	0.000492293709486161	0.980686037065842	-0.121890816718935	-0.0798074929456146	1
2.875	44.75	0.000492231586265527	0.748000507104398	0.665095216517919	-0.0745469864182301	1
3.125	44.75	0.00049214696381388	0.853498074606828	0.542285026583609	-0.0795682585292022	1
3.375	44.75	0.000492066775789101	0.863822308085662	0.506433989227127	-0.0799719216551228	1
3.625	44.75	0.000491953065235815	0.800977174228083	0.612050638032463	-0.0802383455732901	1
3.875	44.75	0.000491818397127704	0.826847581986443	0.582048060672904	-0.0835482136378791	1
4.125	44.75	0.000491653878448363	0.785788291204646	0.634062721082791	-0.0852854444150966	1
4.375	44.75	0.000491450321125075	0.775604447256994	0.648426526126162	-0.0876115715774431	1
4.625	44.75	0.00049120492128563	0.762398717591944	0.661449967992786	-0.0897263928806582	1
4.875	44.75	0.000490911473943765	0.761666655534951	0.661703045802158	-0.091344865898451	1
5.125	44.75	0.000490574072758693	0.751370227816986	0.67099679191409	-0.0931834473654821	1
5.375	44.75	0.000490208829264903	0.786841540744465	0.630741651123085	-0.0942670674159077	1
5.625	44.75	0.000489857861455857	0.74474777338798	0.673669233723854	-0.0966201963801725	1
5.875	44.75	0.000489586562394768	0.861567531293071	0.524775187973518	-0.0960472114543554	1
6.125	44.75	0.00048946445513159	0.68166424449613	0.728922272163094	-0.100674500237697	1
6.375	44.75	0.000489526938272395	0.972348051411838	0.187574287331938	-0.0954368681051266	1
6.625	44.75	0.000489721000141081	0.38771328185171	-0.905114412466121	-0.0956622679546751	1
6.875	44.75	0.00048997673587903	0.973018579185996	-0.162211570794661	-0.0926381787954538	1
7.125	44.75	0.000490237237447122	0.451943037896564	-0.882337486279942	-0.0892631232644159	1
7.375	44.75	0.000490494482792021	0.919459330350272	-0.374771750876581	-0.0907457869058055	1
7.625	44.75	0.000490723950970952	0.570561293821103	-0.808880971440268	-0.0863551383402118	1
7.875	44.75	0.000490941998086045	0.85608315012954	-0.503509897717036	-0.0877620032674851	1
8.125	44.75	0.000491127810581122	0.690524133725347	-0.708664863240243	-0.0837881524968102	1
8.375	44.75	0.00049130081565595	0.821992376223487	-0.561505631585761	-0.0839754614347617	1
8.625	44.75	0.00049144781363199	0.78767211571609	-0.607218359303478	-0.0820872811552449	1
8.875	44.75	0.000491586506787068	0.842015139032124	-0.542092025917561	-0.0817796235880734	1
9.125	44.75	0.000491698315879882	0.857649960466283	-0.516932525413912	-0.0827597935585586	1
9.375	44.75	0.000491795491906129	0.891703818790221	-0.457316244344518	-0.0825124125667438	1
9.625	44.75	0.000491842906558492	0.861164967345619	-0.498539412620246	-0.0840896003924278	1
9.875	44.75	0.000491842420890292	0.875595209694604	-0.462398602978473	-0.0806891111504523	1
10.125	44.75	0.000491758518425238	0.740410386091648	-0.655029619246241	-0.0804615657888861	1
10.375	44.75	0.000491590790608424	0.750370720887248	-0.638618283115501	-0.0767096199999667	1
10.625	44.75	0.000491361867900946	0.663118821819891	-0.736177393085892	-0.0752904553667365	1
10.875	44.75	0.000491115726075443	0.646483094034139	-0.751847587085888	-0.0739124269215344	1
11.125	44.75	0.000490925935745308	0.722184633639324	-0.678951732100752	-0.0725137610695933	1
11.375	44.75	0.000490854994405492	0.756598359677264	-0.655563458241344	-0.0706658541436238	1
11.625	44.75	0.000490914150939976	0.749299930952489	0.660584278413079	-0.0730006865571495	1
11.875	44.75	0.000490992535122766	0.470618710166529	0.896174661253557	-0.0705001601833341	1
12.125	44.75	0.000491067328744794	0.784077311581342	0.627591348858028	-0.0764895803539258	1
12.375	44.75	0.000491108498928948	0.505304628800519	0.870529296721357	-0.0726748583075774	1
12.625	44.75	0.000491124402238641	0.750697798946112	0.671946110338551	-0.0781192929668797	1
12.875	44.75	0.000491115628121004	0.605193270492278	0.80104858133185	-0.0761149791975766	1
13.125	44.75	0.000491080716265911	0.713465810366835	0.710877179984122	-0.0791614399272346	1
13.375	44.75	0.00049103369547537	0.680228199803954	0.738728621185925	-0.0791284284079931	1
13.625	44.75	0.000490959805492122	0.688465385936479	0.732872192425708	-0.0806822822071341	1
13.875	44.75	0.000490870156520998	0.723457650692948	0.699173571953014	-0.0811334496402771	1
14.125	44.75	0.000490751196522972	0.658038901283895	0.760982519172899	-0.0832104346681667	1
14.375	44.75	0.000490609956028892	0.75523577115952	0.668047306244357	-0.0829868300341329	1
14.625	44.75	0.000490462257677825	0.631590004055683	0.789935896989835	-0.0866713705964552	1
14.875	44.75	0.000490321380165633	0.769736748774517	0.652644849644297	-0.0867342281868368	1
15.125	44.75	0.000490241524190855	0.698912625304018	0.743359080260476	-0.0903700978945706	1
15.375	44.75	0.000490241692257004	0.709212272294787	0.714502278803293	-0.0946153202570514	1
15.625	44.75	0.000490333562070454	0.910407619221754	-0.372683685102621	-0.0929358605311685	1
15.875	44.75	0.000490430094326172	0.801152494773687	-0.569183745274359	-0.0878894847846797	1
16.125	44.75	0.000490522173644294	0.93349307362804	-0.328959766842425	-0.0861602481099968	1
16.375	44.75	0.000490598923786114	0.929214958021769	-0.335124578218878	-0.0834713122191849	1
16.625	44.75	0.000490688481600957	0.918128960033503	-0.373271294159487	-0.0808440106203729	1
16.875	44.75	0.000490773124699112	0.897211764420546	-0.430127253871915	-0.0794185239303486	1
17.125	44.75	0.000490843438129784	0.858027375558143	-0.496865862376099	-0.0786627360443915	1
17.375	44.75	0.000490892825536204	0.857356237549663	-0.506203136209793	-0.0755824204215912	1
17.625	44.75	0.000490893096681007	0.776251407700795	-0.62117481815854	-0.0770104562386025	1
17.875	44.75	0.00049084173461087	0.840297385086194	-0.534433468206366	-0.0731594805792963	1
18.125	44.75	0.000490721811151154	0.713697963408299	-0.699257711915989	-0.0758671294879995	1
18.375	44.75	0.000490538732127977	0.788230925186669	-0.605992808631053	-0.0730787580207042	1
18.625	44.75	0.000490280752274624	0.748219469523597	-0.665108963317075	-0.0744958501034355	1
18.875	44.75	0.000490008414510198	0.655684037870773	-0.745547953817687	-0.0738029442420614	1
19.125	44.75	0.000489755973687289	0.866548000351035	-0.495139125215345	-0.0732463237790548	1
19.375	44.75	0.000489621544128382	0.480565249391187	-0.868691555776269	-0.0730369900799577	1
19.625	44.75	0.000489658660795919	0.962064173507488	0.272271087664599	-0.0725885264731199	1
19.875	44.75	0.000489784401935432	0.888057610258498	0.468400647655462	-0.0730806006033612	1
20.125	44.75	0.000489953559112994	0.895573134328675	0.461920542971336	-0.0748360924930868	1
20.375	44.75	0.000490138031381251	0.890027338550141	0.46361379059844	-0.0767383191684957	1
20.625	44.75	0.000490325035638379	0.881294590934377	0.473364632274115	-0.0767232492043468	1
20.875	44.75	0.00049051070268088	0.891559252234488	0.452897295298956	-0.0771147299155195	1
21.125	44.75	0.000490694271708545	0.889609122410126	0.456178851940898	-0.0770607644139205	1
21.375	44.75	0.000490873920725643	0.888515000157996	0.459655445201589	-0.0773291780129464	1
21.625	44.75	0.000491050421522729	0.883025837333829	0.469435714342378	-0.0775530323445622	1
21.875	44.75	0.000491225238655877	0.877208285518112	0.478502212847202	-0.077637825801664	1
22.125	44.75	0.000491399951395298	0.871824840966926	0.485896854427368	-0.0774502774002194	1
22.375	44.75	0.000491574949049856	0.86758769992562	0.491627602568504	-0.0769841292166131	1
22.625	44.75	0.000491747910948002	0.86414485184933	0.497342944945423	-0.0763632340517441	1
22.875	44.75	0.000491914699208765	0.860902475757366	0.50425399739544	-0.0757854814414994	1
23.125	44.75	0.000492070512862244	0.859705112823816	0.509660810286405	-0.0754225645845833	1
23.375	44.75	0.000492219332312697	0.856192102339735	0.522216480115992	-0.0755631179235459	1
23.625	44.75	0.000492339809383721	0.848678761300575	0.533517370727486	-0.0769141588429989	1
23.875	44.75	0.000492461473254146	0.872642446054085	0.504323039583799	-0.0764831807875886	1
24.125	44.75	0.000492587596602084	0.812793701787937	0.598278138562396	-0.0809018111534213	1
24.375	44.75	0.000492594181063572	0.873771110448141	-0.460255126336467	-0.0811142549974875	1
24.625	44.75	0.000492561281449185	0.689820973679582	-0.715425296112322	-0.0752318266937672	1
24.875	44.75	0.000492564278641899	0.839439141590159	-0.53673576933007	-0.0788282862111324	1
25.125	44.75	0.000492529523997751	0.762680754047911	-0.636946885443684	-0.0749239212121289	1
25.375	44.75	0.000492405363102818	0.798389793365355	-0.60187430106735	-0.0762527867617071	1
25.625	44.75	0.000492247842204794	0.779988518851779	-0.624538144788097	-0.075915657077181	1
25.875	44.75	0.000492038051851198	0.776426767748242	-0.632171266307516	-0.0766083196411599	1
26.125	44.75	0.000491813896414551	0.766965409253924	-0.64355632839044	-0.0772390654320988	1
26.375	44.75	0.000491612797051369	0.765471572904851	-0.651113154438258	-0.0778621320427624	1
26.625	44.75	0.000491436245765498	0.720815089806049	-0.699075151768989	-0.080369549626487	1
26.875	44.75	0.00049128081656354	0.748611387623589	-0.642555469940276	-0.0799887222900632	1
27.125	44.75	0.000491172181065875	0.925763719738347	-0.320279675408037	-0.0744161261721383	1
27.375	44.75	0.000491079663072785	0.972279034979	-0.181243919365273	-0.0711223386634128	1
27.625	44.75	0.000491015225503318	0.982008770042959	-0.145886654621897	-0.0694950721065953	1
27.875	44.75	0.000490981719873647	0.986211284853596	-0.11033975581977	-0.0678409560266502	1
28.125	44.75	0.000490975930896266	0.988323348680386	-0.0768793259128425	-0.0659245432127294	1
28.375	44.75	0.000490993740551734	0.988938056873964	-0.0499220473178238	-0.063706076888722	1
28.625	44.75	0.000491025983817333	0.988593974124932	-0.0330920543259037	-0.0612146550881503	1
28.875	44.75	0.000491057749803126	0.987582632410307	-0.0277226700305329	-0.058455055773925	1
29.125	44.75	0.000491072223894127	0.985776206742702	-0.0345483696210547	-0.0553611753840007	1
29.375	44.75	0.000491059157932721	0.982774573882312	-0.0564026428763865	-0.0518019844170827	1
29.625	44.75	0.000491023075782715	0.978316994876286	-0.0965547872454074	-0.0477344437681582	1
29.875	44.75	0.000490981895749304	0.972707817744191	-0.150696006835889	-0.0435604533472953	1
30.125	44.75	0.000490956763110687	0.969300938044038	-0.203216646346192	-0.0401376498920918	1
30.375	44.75	0.00049094934366592	0.954567491748499	-0.268394944580483	-0.0389691149014001	1
30.625	44.75	0.000490992355487908	0.969063790390886	-0.199019246924932	-0.035821387452031	1
30.875	44.75	0.000491068638135685	0.91874853846587	0.335631204480343	-0.03340491171681	1
31.125	44.75	0.000491377037315422	0.586249862586078	0.798135364459628	-0.0260673325615915	1
31.375	44.75	0.000491842992221149	0.666813988313529	0.766448113612526	-0.031268048715138	1
31.625	44.75	0.000492423148576497	0.694877157139388	0.72199251320803	-0.0347531393393562	1
31.875	44.75	0.000493005624420329	0.668856154704556	0.745470999939096	-0.0347715564893818	1
32.125	44.75	0.0004935515293549	0.685658148936016	0.729679671309047	-0.036692711207315	1
32.375	44.75	0.000494178115865668	0.690857540960948	0.72161236191617	-0.037219563191114	1
32.625	44.75	0.000494918881115212	0.683149538470144	0.725026606153014	-0.038183183102201	1
32.875	44.75	0.000495881273319271	0.701761514653486	0.693725290407975	-0.0369387574728593	1
33.125	44.75	0.000497050878915754	0.734161830373857	0.681564578778586	-0.0342588265093895	1
33.375	44.75	0.000497937983369013	0.545771774159364	0.814546211838303	-0.0410093549777367	1
33.625	44.75	0.000498046428520687	0.902821387048112	-0.339076091865499	-0.0263523163611673	1
33.875	44.75	0.000497779521796159	0.580354855014105	-0.840359594766819	-0.0184773212964724	1
34.125	44.75	0.000497794714307806	0.743215902880042	-0.730021432144681	-0.0327150623555873	1
34.375	44.75	0.000497955169554591	0.716416175060563	-0.732047068863431	-0.0372859259250261	1
34.625	44.75	0.000498068573253252	0.721109072935645	-0.727532238034325	-0.0425430507427819	1
34.875	44.75	0.000498228723213235	0.734248866867489	-0.709814886604071	-0.0475334185988968	1
35.125	44.75	0.00049851892264308	0.743032900801507	-0.695940719941467	-0.0518500083150751	1
35.375	44.75	0.000499038910102142	0.755952511342493	-0.678251277991656	-0.0557062791686696	1
35.625	44.75	0.000499824883983362	0.758060785798167	-0.670035965112292	-0.0594093193445238	1
35.875	44.75	0.000500758894454942	0.774364549494434	-0.649554061736186	-0.0617902785842876	1
36.125	44.75	0.000501409993017932	0.733837985167409	-0.686570891412063	-0.0657308987975354	1
36.375	44.75	0.000501068809032013	0.791608827414253	-0.624391677989352	-0.0654825088365607	1
36.625	44.75	0.000498804531953282	0.64302489770418	-0.768023417862692	-0.0720329747192118	1
36.875	44.75	0.000494008740400905	0.82992645707074	-0.562868574833013	-0.0686277559040899	1
37.125	44.75	0.00048722435180817	0.563384786766031	-0.832130115133792	-0.0761924590999366	1
37.375	44.75	0.000481006272370577	0.798234295584156	-0.539716268656383	-0.0741763764636181	1
0.125	45.25	0.000492078441956211	0.515094485139359	0.862731373069469	-0.0758196869373105	1
0.375	45.25	0.000492079482707734	0.992628094448768	-0.067496557240208	-0.0773184122393512	1
0.625	45.25	0.000492090843138303	0.358673418773708	-0.929336958440655	-0.0736240703376887	1
0.875	45.25	0.000492130813683697	0.863702017767022	-0.507538859876946	-0.0777055145930012	1
1.125	45.25	0.000492168180746779	0.30881358247755	-0.946607733144788	-0.0744832065261238	1
1.375	45.25	0.000492212374221806	0.652782083681166	-0.759831406406072	-0.0780958984042129	1
1.625	45.25	0.000492238140536925	0.408213803167389	0.92126373187454	-0.0746198526778727	1
1.875	45.25	0.000492279744989671	0.633242612132491	0.784085268405473	-0.0802265434488557	1
2.125	45.25	0.000492315035307292	0.657872162640894	0.759899167337533	-0.077042215498384	1
2.375	45.25	0.000492341409852924	0.761160320276349	0.656997210917595	-0.0824100294778752	1
2.625	45.25	0.000492333584229582	0.800240834091934	0.588118589463488	-0.0793400624183916	1
2.875	45.25	0.000492295433941512	0.775857332120742	0.636207512094354	-0.078976197219609	1
3.125	45.25	0.000492275718270283	0.835167948597431	0.561694227176524	-0.0812316603988804	1
3.375	45.25	0.000492243275169843	0.823149325117456	0.577298780479004	-0.0822084231135197	1
3.625	45.25	0.00049218367139971	0.782131955062974	0.640222368827988	-0.0836406929910357	1
3.875	45.25	0.000492107924918573	0.81671062243404	0.592875734989524	-0.0867345530444642	1
4.125	45.25	0.000492005476646432	0.782103079693534	0.635507403631245	-0.0876351031108248	1
4.375	45.25	0.000491871678388316	0.799035181114802	0.614639242013987	-0.0898215005165463	1
4.625	45.25	0.000491705071163172	0.798295327013753	0.612949206079318	-0.0910263480365582	1
4.875	45.25	0.000491496136776211	0.80416568808237	0.605561908157838	-0.0925526598790146	1
5.125	45.25	0.000491247266987334	0.813869691773639	0.591181783459786	-0.0938726396325231	1
5.375	45.25	0.000490965407317953	0.824871495991297	0.575739405897008	-0.0952746362682286	1
5.625	45.25	0.000490679517214537	0.816555091824167	0.583217796283293	-0.0965352918374648	1
5.875	45.25	0.000490437231085288	0.851340456291665	0.534579469259311	-0.0970124098958474	1
6.125	45.25	0.00049029608064025	0.755158785380204	0.656184628665014	-0.0988745264327597	1
6.375	45.25	0.00049031539029152	0.89950785350742	0.464072680874877	-0.0971619471751804	1
6.625	45.25	0.000490471053602038	0.49249862162595	-0.851172951747789	-0.104285696806068	1
6.875	45.25	0.000490664716861725	0.948433796341726	-0.230962905704068	-0.0939956193189829	1
7.125	45.25	0.000490871796635625	0.553481251763268	-0.819679524428494	-0.0929598351569743	1
7.375	45.25	0.000491081618076982	0.88979114097556	-0.441103679014837	-0.091953787442632	1
7.625	45.25	0.000491265208587795	0.649774988688769	-0.747298230281587	-0.0902617267257446	1
7.875	45.25	0.000491443646863794	0.813486616555954	-0.571554504799139	-0.0895902947077552	1
8.125	45.25	0.000491584479391293	0.731868043161031	-0.664743341778002	-0.0881924333442426	1
8.375	45.25	0.000491718468634093	0.772317033867412	-0.622541836396577	-0.0860847727285089	1
8.625	45.25	0.00049181561856032	0.780740430927446	-0.606993478335473	-0.0851573636449326	1
8.875	45.25	0.000491908217871606	0.78124741475867	-0.612756072379891	-0.0821971684360211	1
9.125	45.25	0.000491963350529494	0.809867422088395	-0.578380756478432	-0.0823003351544266	1
9.375	45.25	0.000492002912850214	0.835625155082117	-0.549552771103011	-0.0804158127665298	1
9.625	45.25	0.000491979923103861	0.853097743858311	-0.528140874071439	-0.0824163793832525	1
9.875	45.25	0.000491890492522715	0.897634771235702	-0.444009183902871	-0.0818950688490478	1
10.125	45.25	0.000491689870760847	0.887949359790917	-0.459657317656282	-0.0834069601485191	1
10.375	45.25	0.000491376244904135	0.838806824999131	-0.526819161546863	-0.0822204731230805	1
10.625	45.25	0.000490979218718958	0.836366521846955	-0.527833785311542	-0.0798266386444615	1
10.875	45.25	0.000490576513692116	0.68927813879418	-0.712606127475956	-0.0781186900144582	1
11.125	45.25	0.000490285116093196	0.718713196318004	-0.67879386248995	-0.0773628567909055	1
11.375	45.25	0.000490195254690939	0.710688449158289	-0.689335692036254	-0.0741778614440113	1
11.625	45.25	0.000490326073697529	0.660358175124512	0.753370996358437	-0.0740803208953357	1
11.875	45.25	0.000490511423733631	0.639461315966801	0.781185724136361	-0.0749879415285653	1
12.125	45.25	0.000490690652791965	0.742814996377011	0.673011044888887	-0.0773985567791178	1
12.375	45.25	0.000490837219568819	0.611058423984172	0.801068504114177	-0.0761318295382415	1
12.625	45.25	0.000490950409461186	0.762031984577341	0.65456775547969	-0.0797858370738869	1
12.875	45.25	0.00049102895503763	0.635810874918285	0.778442045450358	-0.0783573008463997	1
13.125	45.25	0.000491071497677623	0.74542438570846	0.675678108268521	-0.0813136819040871	1
13.375	45.25	0.000491088873417327	0.6720286102146	0.747474291516435	-0.0811347267862221	1
13.625	45.25	0.000491067354982084	0.720937661970263	0.702743071143748	-0.0830420964041381	1
13.875	45.25	0.000491022685916927	0.707978385023018	0.718421427046442	-0.0838806632069233	1
14.125	45.25	0.000490941135371623	0.6903175835491	0.734321842744455	-0.0864296734405127	1
14.375	45.25	0.000490843718061416	0.771197441381172	0.657010083522701	-0.0867154014602628	1
14.625	45.25	0.000490739211199434	0.64176111544205	0.779543932016874	-0.0921489303653473	1
14.875	45.25	0.000490649490378114	0.866087641654542	0.523644997607585	-0.09017112313802	1
15.125	45.25	0.000490618596810792	0.611134928854836	0.806326713205603	-0.0979300360605714	1
15.375	45.25	0.000490627781316554	0.888399380841234	0.443007436582359	-0.0947561883808995	1
15.625	45.25	0.000490698278533701	0.756160897245346	-0.642352656853975	-0.0944639310915473	1
15.875	45.25	0.000490793987468165	0.90457474148381	-0.387673999382493	-0.0919096899903618	1
16.125	45.25	0.000490860537183748	0.730619973452228	-0.661147718107592	-0.0876920920002727	1
16.375	45.25	0.000490904754076676	0.879209325104525	-0.449905003302635	-0.0863689609093719	1
16.625	45.25	0.000490929868455553	0.8663932799448	-0.466213856179327	-0.0828145502645863	1
16.875	45.25	0.000490951059308705	0.883566169332983	-0.449119163329184	-0.0798291788453035	1
17.125	45.25	0.000490941960079471	0.85570026170853	-0.504306375429918	-0.0792883439197177	1
17.375	45.25	0.000490916624016052	0.861633938747662	-0.498869944036998	-0.0770314561893318	1
17.625	45.25	0.000490840917329727	0.796357744409435	-0.601599303281635	-0.0777886191922319	1
17.875	45.25	0.000490707593520395	0.818427488760746	-0.566799344043256	-0.0760684629816482	1
18.125	45.25	0.000490490017874043	0.789298524773919	-0.617103678931463	-0.0763891652132601	1
18.375	45.25	0.000490195816877397	0.71692261558549	-0.690197647817498	-0.0769699327560763	1
18.625	45.25	0.00048980153079998	0.851731445956512	-0.528571112108753	-0.0753130843647219	1
18.875	45.25	0.000489372898560083	0.556312595980515	-0.825237081807978	-0.0783700322943443	1
19.125	45.25	0.000488963193506431	0.926800100211583	-0.372830985505127	-0.074904556371617	1
19.375	45.25	0.000488683743931918	0.443968234415208	-0.890863948598691	-0.0782487776664096	1
19.625	45.25	0.000488650058814106	0.934352482257624	-0.337931422191599	-0.0746923145198636	1
19.875	45.25	0.000488804232086693	0.834455420174637	0.562062577887167	-0.075543538668391	1
20.125	45.25	0.000489022199716494	0.882166064519938	0.48045298489984	-0.0776364236232548	1
20.375	45.25	0.000489252431169366	0.871453412564926	0.48596968508798	-0.0776789873682117	1
20.625	45.25	0.00048948805878808	0.886730505416007	0.458384730240253	-0.0770282877169083	1
20.875	45.25	0.000489718912337654	0.894918583466723	0.445213062823803	-0.0771687971096127	1
21.125	45.25	0.000489949411414386	0.890818367135398	0.45536947435331	-0.077257914671307	1
21.375	45.25	0.000490175993947826	0.886736055297609	0.463833895610424	-0.0777179542913225	1
21.625	45.25	0.000490401628491234	0.879717953499943	0.47489445190015	-0.0779094637462102	1
21.875	45.25	0.000490626796518395	0.875020890025274	0.481002229985468	-0.0778521898189779	1
22.125	45.25	0.000490852846377702	0.871711426731398	0.484892756931698	-0.0774757562735209	1
22.375	45.25	0.000491078806856586	0.869781780283442	0.487889058009659	-0.0769381189916917	1
22.625	45.25	0.000491302160987725	0.867796020340886	0.492777847025182	-0.0764443780264652	1
22.875	45.25	0.000491520630965	0.866015455994436	0.498910142986518	-0.0761865002993932	1
23.125	45.25	0.000491734660979318	0.864167547894776	0.50635402546989	-0.0763512856241448	1
23.375	45.25	0.000491949209554516	0.862983173694496	0.515658580750162	-0.0770545408216146	1
23.625	45.25	0.000492146655006947	0.848787751799779	0.534218520639703	-0.0790355337585382	1
23.875	45.25	0.000492352129589054	0.899439789614445	0.466431074649441	-0.0782217967096802	1
24.125	45.25	0.000492519170019802	0.772658517796257	0.647416165558052	-0.0858341531658017	1
24.375	45.25	0.000492494830760165	0.958313150662029	0.198434044690066	-0.0817476740257385	1
24.625	45.25	0.000492352257102025	0.72535686322445	-0.687146466248272	-0.0748234710402897	1
24.875	45.25	0.000492253541616564	0.87369800412178	-0.495019586436237	-0.0811573937777521	1
25.125	45.25	0.000492132663425059	0.806396155544134	-0.582669754303331	-0.0777777258633001	1
25.375	45.25	0.000491916610470864	0.825983391534117	-0.565664953992919	-0.0785164488549582	1
25.625	45.25	0.000491659558166631	0.824324150212761	-0.566068958649142	-0.0785721029666384	1
25.875	45.25	0.000491345847592057	0.822067282520465	-0.571761647395416	-0.0787955854236371	1
26.125	45.25	0.000490987042457563	0.820770058869334	-0.574530993712227	-0.0794707352233342	1
26.375	45.25	0.000490626290266353	0.82150192416487	-0.574208108149865	-0.0799973684968215	1
26.625	45.25	0.000490301743549886	0.820947228567914	-0.583727978680297	-0.0809937128188344	1
26.875	45.25	0.000490012840329037	0.776167964221954	-0.630169466843846	-0.0839736116127661	1
27.125	45.25	0.000489784094917093	0.861989819298263	-0.461540845549846	-0.0806874811460538	1
27.375	45.25	0.000489606661272789	0.975251446563376	-0.0436099522497688	-0.0733798339154348	1
27.625	45.25	0.000489477115825143	0.984797992991783	0.0713625659480106	-0.0690388908555074	1
27.875	45.25	0.000489402040271096	0.990307592619937	0.0801532675001712	-0.0670969152542757	1
28.125	45.25	0.000489366439608148	0.99269337156088	0.0703935916815533	-0.0658692669038114	1
28.375	45.25	0.00048935608276519	0.993415693960787	0.0476090668675034	-0.0647667385949953	1
28.625	45.25	0.000489362264430946	0.992012719724131	0.0153348592667969	-0.0632529122972858	1
28.875	45.25	0.000489375222710965	0.98835263969247	-0.026463288088363	-0.0609626374982453	1
29.125	45.25	0.000489379293370385	0.981767144708113	-0.0814540247777248	-0.0577420096197707	1
29.375	45.25	0.000489355973141286	0.970432915565372	-0.153256471036955	-0.0536482094282385	1
29.625	45.25	0.000489295000559233	0.952190852612544	-0.239513304389159	-0.0490398897961438	1
29.875	45.25	0.000489207827558347	0.928528241052769	-0.32758780099506	-0.0445719018582188	1
30.125	45.25	0.00048912475030661	0.900090021234685	-0.404857943904673	-0.041250300134942	1
30.375	45.25	0.000489113222011831	0.90183179999797	-0.411658178178067	-0.0377158202231356	1
30.625	45.25	0.000489142777922135	0.882438617518587	-0.439384857814246	-0.0371456827471794	1
30.875	45.25	0.000489235413254175	0.929604086824092	0.278278544435973	-0.029864346057585	1
31.125	45.25	0.000489570697308593	0.670440275303874	0.754486918629641	-0.0222553791140357	1
31.375	45.25	0.00049014329017964	0.816779978571866	0.607282223771776	-0.0329082438672424	1
31.625	45.25	0.000490855969474633	0.76396579845911	0.64612201042498	-0.0326755865179994	1
31.875	45.25	0.000491531452951482	0.757959395020092	0.65704531648195	-0.0340870123968308	1
32.125	45.25	0.000492250189215798	0.757853253739671	0.651716791627861	-0.0353162656373256	1
32.375	45.25	0.000493082347298818	0.746886670799804	0.661001307094527	-0.0356185965617006	1
32.625	45.25	0.000494075025301665	0.727587286898492	0.671120359113092	-0.0357960348658262	1
32.875	45.25	0.000495382747442539	0.759645872884595	0.6341077286666	-0.0319693181784653	1
33.125	45.25	0.000496720978103191	0.675225108755564	0.74007529408647	-0.033897891241385	1
33.375	45.25	0.000497553922734718	0.653481780038904	0.710994136791888	-0.0334931047130616	1
33.625	45.25	0.000497610361044297	0.897878499251693	-0.348180913041286	-0.0179567458253428	1
33.875	45.25	0.00049723071891443	0.667686775874204	-0.767271477298161	-0.00990909482582374	1
34.125	45.25	0.000496915624081292	0.697662018289096	-0.777323225293259	-0.0194837678547265	1
34.375	45.25	0.000496857667049475	0.710499846672814	-0.755015140008037	-0.0275137492670287	1
34.625	45.25	0.000496856720253719	0.711873597067017	-0.746356692447738	-0.0339319209648786	1
34.875	45.25	0.000496907496856428	0.715511348581544	-0.739107094994025	-0.0396852996871446	1
35.125	45.25	0.000497093204896922	0.723838494769725	-0.727011883984314	-0.0451694538456276	1
35.375	45.25	0.000497521081844778	0.737121945672382	-0.710462277670232	-0.0500326432959487	1
35.625	45.25	0.00049823352780675	0.743113135820909	-0.699494231027551	-0.0550200269274336	1
35.875	45.25	0.000499138130976725	0.77231890853033	-0.665419375685651	-0.0586453440315829	1
36.125	45.25	0.000499836267615755	0.750020631685173	-0.683128025253327	-0.0639724487885998	1
36.375	45.25	0.000499661149108493	0.811735881743951	-0.607391104343601	-0.0651835332589003	1
36.625	45.25	0.000497733344424603	0.720979370624731	-0.709144328964814	-0.071472479756473	1
36.875	45.25	0.000493477341547169	0.810097893492625	-0.591841656212816	-0.0713526580241004	1
37.125	45.25	0.000487392029221436	0.73422599947298	-0.703059672880836	-0.0748812666101978	1
37.375	45.25	0.000481947778868696	0.647161449706733	-0.734294770299787	-0.0817762455726663	1
0.125	45.75	0.000492006431587383	0.81013724183163	0.585741264634533	-0.0915079991501057	1
0.375	45.75	0.00049203031209369	0.861257984784962	-0.502762233952302	-0.092616658096128	1
0.625	45.75	0.000492076913751207	0.644335816789905	-0.742433985736517	-0.0893208955431849	1
0.875	45.75	0.000492167114845363	0.909559353068652	-0.41045701460551	-0.087989664393138	1
1.125	45.75	0.00049223800561918	0.856588518237977	-0.503986785679149	-0.0881524345329498	1
1.375	45.75	0.000492299674523193	0.99025998350241	-0.100032028173298	-0.0859715929019248	1
1.625	45.75	0.000492328266529414	0.987374244292337	-0.163360698915219	-0.0860565657364211	1
1.875	45.75	0.000492367987198058	0.988620876887819	0.0839047469367561	-0.0866643534143404	1
2.125	45.75	0.000492401275505597	0.97941492736812	-0.169398812321361	-0.0824323252305909	1
2.375	45.75	0.000492385969067312	0.879632149394316	0.457515915985559	-0.0838740372212666	1
2.625	45.75	0.000492352657762841	0.964804683398939	-0.193280034743572	-0.0778412938397207	1
2.875	45.75	0.000492333914068396	0.803660613875299	0.613344039555967	-0.0761586463300495	1
3.125	45.75	0.00049233601959035	0.898595012303252	0.473040377475459	-0.0826812486323652	1
3.375	45.75	0.000492322566057412	0.797926852898049	0.62035496313041	-0.0833783015854724	1
3.625	45.75	0.00049229706635299	0.810722188310019	0.608100185986142	-0.0870056741295747	1
3.875	45.75	0.000492261874145895	0.800219415360581	0.614493398141045	-0.089104096411464	1
4.125	45.75	0.000492206772159712	0.777375618653332	0.64357548491757	-0.0906839943170408	1
4.375	45.75	0.00049213112099707	0.790752022042364	0.624969841468005	-0.0928499540239838	1
4.625	45.75	0.000492029086956297	0.781075988629938	0.635185553241436	-0.0940240217159051	1
4.875	45.75	0.000491891891153527	0.789430077284177	0.623856359657023	-0.0956837646752673	1
5.125	45.75	0.000491717542529018	0.793168427051111	0.617152604499112	-0.0966712215210451	1
5.375	45.75	0.000491505930358758	0.794445508078021	0.615018591577672	-0.0978817239115971	1
5.625	45.75	0.000491274860298802	0.786877229796963	0.623150857842586	-0.0986156604036904	1
5.875	45.75	0.000491064839239454	0.798776464409267	0.614216686662166	-0.0993773287637159	1
6.125	45.75	0.000490930199712763	0.73308320089285	0.69067929082528	-0.101598897941266	1
6.375	45.75	0.000490934585841442	0.856290352310847	0.554453685783399	-0.101905229717503	1
6.625	45.75	0.000491069446484484	0.599527759896607	-0.784539177453458	-0.110287204528546	1
6.875	45.75	0.000491207448541761	0.873042094785759	-0.432272109611255	-0.0984215087561693	1
7.125	45.75	0.000491373542468762	0.655983253555833	-0.734703886423234	-0.0987326411145867	1
7.375	45.75	0.000491540478518522	0.815250677094254	-0.559115041883519	-0.0941923765882246	1
7.625	45.75	0.000491692535102581	0.728217203123807	-0.668992765392897	-0.0941619623367052	1
7.875	45.75	0.000491838429895687	0.743443884695826	-0.659764237429073	-0.0910767930102346	1
8.125	45.75	0.000491944704656254	0.776352154997099	-0.615748009904451	-0.0919261840276961	1
8.375	45.75	0.00049203621823882	0.72415870374357	-0.678978947886278	-0.0884998799125163	1
8.625	45.75	0.000492076823344271	0.794406728019399	-0.591022835600648	-0.0891763247740952	1
8.875	45.75	0.000492095455711798	0.750881904398699	-0.644480878390432	-0.0853478958342714	1
9.125	45.75	0.000492057116925308	0.796545462190981	-0.587829929314961	-0.0852032289138481	1
9.375	45.75	0.000491981835412193	0.787566334017138	-0.601220484779279	-0.0817780894586158	1
9.625	45.75	0.000491826645175957	0.807575099981921	-0.583018507706166	-0.0816670485270209	1
9.875	45.75	0.000491587210772124	0.823612673638178	-0.563749993766929	-0.0803099791354712	1
10.125	45.75	0.000491225910520397	0.870138660870662	-0.500652562168558	-0.0809430063097173	1
10.375	45.75	0.000490742898263455	0.854745463701394	-0.522288692537339	-0.0821598798809729	1
10.625	45.75	0.000490173158846171	0.893517477111841	-0.438384528074435	-0.0818671808396699	1
10.875	45.75	0.00048962284407935	0.844667084267771	-0.524876534336107	-0.0802431667964394	1
11.125	45.75	0.000489252044781147	0.724056750765284	-0.677564072668724	-0.0800915801434197	1
11.375	45.75	0.000489191148246646	0.81237812896767	-0.559138636512802	-0.0774224634340998	1
11.625	45.75	0.000489437022937585	0.578595244355691	0.817157267428721	-0.0746555714519281	1
11.875	45.75	0.000489765268364962	0.717351683628446	0.709817438859977	-0.0780889560146943	1
12.125	45.75	0.00049008297903916	0.67672287399524	0.739444273894772	-0.0782357530921504	1
12.375	45.75	0.000490360787797989	0.661819866758859	0.759321081166936	-0.0790885583962467	1
12.625	45.75	0.000490586883754085	0.718469759242722	0.700970347765547	-0.0808625844880014	1
12.875	45.75	0.000490761622927175	0.651187838473806	0.767277748119551	-0.0807185616328787	1
13.125	45.75	0.000490886939663432	0.732075768132895	0.690749302052096	-0.0829991368424376	1
13.375	45.75	0.000490971109526866	0.666910982305718	0.754824560239845	-0.0835279279406211	1
13.625	45.75	0.000491011311552906	0.740176505058507	0.685672851510035	-0.085517878949489	1
13.875	45.75	0.000491022921460977	0.694307511801429	0.733023173939349	-0.0873523580709193	1
14.125	45.75	0.000491000070885316	0.742727531508914	0.681729642579465	-0.0892845771859701	1
14.375	45.75	0.000490967068225435	0.74380193594726	0.685390499846813	-0.0908021878666624	1
14.625	45.75	0.000490921724583998	0.692736504598293	0.726106466030825	-0.0942828336940747	1
14.875	45.75	0.000490889787474529	0.835901143724228	0.567761915256712	-0.0921212568725934	1
15.125	45.75	0.000490888244053227	0.531933050763497	0.850361202392914	-0.0992277579613408	1
15.375	45.75	0.000490878085338799	0.932787166702369	0.354057214504561	-0.0930616631027917	1
15.625	45.75	0.000490888857564137	0.92161429271217	-0.398030955310081	-0.0975865926949171	1
15.875	45.75	0.000490929897232918	0.855260805705455	-0.508015880343611	-0.0952224153451725	1
16.125	45.75	0.000490964595050873	0.928368302801561	-0.34121455088738	-0.0952600409609387	1
16.375	45.75	0.000490965522982997	0.799275337897584	-0.579440364124668	-0.0904546122411894	1
16.625	45.75	0.0004909334988727	0.900029816449359	-0.400232190628773	-0.0895028622570025	1
16.875	45.75	0.000490889085719301	0.877001175328418	-0.441703840846772	-0.0840084648079089	1
17.125	45.75	0.000490811310050239	0.891956420648504	-0.421809852074905	-0.081640778671761	1
17.375	45.75	0.000490709742333074	0.89368142065858	-0.424267109564697	-0.0781376485029498	1
17.625	45.75	0.000490555829655313	0.866193310445059	-0.489928062008477	-0.0771347905155258	1
17.875	45.75	0.000490337489821929	0.837479912904002	-0.533919203402864	-0.076060544557628	1
18.125	45.75	0.000490026175882575	0.873362987012568	-0.489279999637831	-0.0743213025017425	1
18.375	45.75	0.000489623026964678	0.728906842258789	-0.679949252582281	-0.0768642519058875	1
18.625	45.75	0.000489096993732102	0.916166772759018	-0.404610615986452	-0.0733827800559906	1
18.875	45.75	0.000488506283859611	0.620949922554042	-0.783363474330922	-0.0779795607510685	1
19.125	45.75	0.000487920516060983	0.927381463029397	-0.366776580788725	-0.073948824991343	1
19.375	45.75	0.000487463909961183	0.645157561735764	-0.764911277142995	-0.077100738464611	1
19.625	45.75	0.000487318008543615	0.825608052233066	-0.556606519134586	-0.0750064465358133	1
19.875	45.75	0.000487464624210999	0.819629928226691	0.581504334318474	-0.0761632207460155	1
20.125	45.75	0.00048770202155222	0.90746117041219	0.413592810484771	-0.0773164573238827	1
20.375	45.75	0.000487979752363478	0.880582452655018	0.464246971182562	-0.0753064064304749	1
20.625	45.75	0.000488274426660847	0.907219173036018	0.423057740848223	-0.0757041966543489	1
20.875	45.75	0.000488574200682706	0.892602134357668	0.454734340972211	-0.0761596391377115	1
21.125	45.75	0.000488877251273888	0.883891899694508	0.472063916145259	-0.0768534958500461	1
21.375	45.75	0.000489176601274913	0.87341754874819	0.488428649196447	-0.0773095449775546	1
21.625	45.75	0.0004894727369484	0.867024250092745	0.496368353022821	-0.0773388087824225	1
21.875	45.75	0.000489764702148681	0.863761627109102	0.499559138114493	-0.0770008216618978	1
22.125	45.75	0.00049005219954806	0.862614545852854	0.500815490718834	-0.0764598213781962	1
22.375	45.75	0.00049033310816613	0.861627776181623	0.503808652452112	-0.075955481387589	1
22.625	45.75	0.000490605428420193	0.860004400530253	0.509382817505015	-0.0757041958370308	1
22.875	45.75	0.000490870807621776	0.858367260124767	0.515885256535948	-0.0758343674205702	1
23.125	45.75	0.000491135583527454	0.85693577345115	0.523368017808247	-0.0764609467801112	1
23.375	45.75	0.000491407074663334	0.850095971853383	0.538014566633868	-0.0778288464253802	1
23.625	45.75	0.000491679164951544	0.854552483274993	0.52989457775745	-0.0793508127664552	1
23.875	45.75	0.000491953810410197	0.862181417217285	0.532129943319458	-0.0803576191724099	1
24.125	45.75	0.000492172525435837	0.796423520978771	0.614988651929256	-0.0858020908912993	1
24.375	45.75	0.000492143137200444	0.916105937565648	-0.336895669273066	-0.0834690177059805	1
24.625	45.75	0.000491947661477813	0.697650869392849	-0.699415384438817	-0.0748467964440915	1
24.875	45.75	0.000491768175120675	0.843473995508065	-0.533167151999793	-0.0790956292974655	1
25.125	45.75	0.000491569493302028	0.792440185863785	-0.594293299556482	-0.0757760672061796	1
25.375	45.75	0.000491272360295152	0.80218253300359	-0.593342939685936	-0.0756093261996507	1
25.625	45.75	0.00049091259091055	0.801001519709215	-0.595789502707596	-0.0756876980939669	1
25.875	45.75	0.00049048802820071	0.794466194546769	-0.606834201672147	-0.0757330428363011	1
26.125	45.75	0.00048999349887345	0.789547016754962	-0.615565386436558	-0.0762517569579509	1
26.375	45.75	0.000489460046863761	0.782033221820114	-0.625517302298248	-0.0769196195788772	1
26.625	45.75	0.000488935803933232	0.78089973750407	-0.629534648714264	-0.0774972976704861	1
26.875	45.75	0.000488468585121542	0.763795711615887	-0.657210324057531	-0.0790532920786439	1
27.125	45.75	0.000488072578328734	0.720474397089325	-0.685996729962286	-0.081602944754136	1
27.375	45.75	0.000487808398748455	0.864933256197715	-0.456361379919222	-0.0766148685220441	1
27.625	45.75	0.000487621160934778	0.966682783367488	-0.18971194168273	-0.071989640399456	1
27.875	45.75	0.000487487969454326	0.981826408185104	-0.135081702787507	-0.0698803598650993	1
28.125	45.75	0.000487406432530795	0.985941869698034	-0.0908666118633872	-0.0678142270083214	1
28.375	45.75	0.000487367855462674	0.98719296275064	-0.0452992311108475	-0.0651479429374334	1
28.625	45.75	0.00048736068818374	0.987376161777804	-0.00951614423901063	-0.0621125159675916	1
28.875	45.75	0.000487367914466546	0.987424720686937	0.0112891536866185	-0.0590181961963564	1
29.125	45.75	0.000487369115565111	0.987449126419863	0.0187913488524778	-0.0559867013363365	1
29.375	45.75	0.000487346250026507	0.986964932012827	0.0138670214320632	-0.052931872682751	1
29.625	45.75	0.000487294075718856	0.985415966824266	-0.008383585235817	-0.0495970546469382	1
29.875	45.75	0.000487228546920568	0.982505832085184	-0.0561324517007819	-0.0457522152028085	1
30.125	45.75	0.000487175611227634	0.984018180032202	-0.128026812140966	-0.0418166071050335	1
30.375	45.75	0.000487137569374217	0.943303799217731	-0.305978600250976	-0.0421434099681927	1
30.625	45.75	0.000487139305202816	0.955016960344253	-0.189637341313995	-0.0375839977648476	1
30.875	45.75	0.000487401667348789	0.576751927150315	0.806640137010014	-0.0283685289358089	1
31.125	45.75	0.000487954577173193	0.636362994351221	0.792785118153216	-0.0334118346135829	1
31.375	45.75	0.000488728670030216	0.681471436514285	0.731179112423959	-0.0360470052763615	1
31.625	45.75	0.00048953390333757	0.638069305699573	0.767025311511562	-0.0345313625204313	1
31.875	45.75	0.000490343543428389	0.654203846650111	0.753930442722561	-0.0352330180920183	1
32.125	45.75	0.000491259618106676	0.649883622605197	0.754517740637019	-0.0345498252120763	1
32.375	45.75	0.000492315632517922	0.638639127780499	0.763227787967183	-0.0340511674926956	1
32.625	45.75	0.000493595923951295	0.634961962661393	0.756476231744933	-0.032421708541547	1
32.875	45.75	0.000495189837546336	0.683401932335448	0.732697533056136	-0.0278960538639892	1
33.125	45.75	0.000496508353376079	0.481444749714501	0.873627503805675	-0.0351932702969916	1
33.375	45.75	0.000497266158265187	0.786720185251192	0.525675482794578	-0.0212127113928176	1
33.625	45.75	0.000497193363514449	0.880590252785104	-0.409085052139394	-0.00794336862516852	1
33.875	45.75	0.000496738241939532	0.833850590683838	-0.552109336761382	-0.000986972487208379	1
34.125	45.75	0.000496163353779279	0.737476167812338	-0.72559920671913	-0.00246687571150795	1
34.375	45.75	0.000495731813126182	0.731399770038735	-0.747337489296199	-0.011826228890904	1
34.625	45.75	0.000495515732198516	0.738407277433501	-0.733165903561778	-0.0206917783234575	1
34.875	45.75	0.000495406381068845	0.732162046632981	-0.732491447493825	-0.027849683154559	1
35.125	45.75	0.000495440956815773	0.729648053662185	-0.731000477696959	-0.0344819581927741	1
35.375	45.75	0.000495721500260028	0.734343153731715	-0.723054919514724	-0.0404916348005775	1
35.625	45.75	0.000496297905004404	0.734365103271672	-0.719142958961546	-0.0464525986742568	1
35.875	45.75	0.000497092078053216	0.75468359470231	-0.695912883095643	-0.0513005894178784	1
36.125	45.75	0.00049773758918212	0.74618668569086	-0.701024148744987	-0.0573797179053667	1
36.375	45.75	0.000497598930402352	0.791813425785592	-0.645281016006514	-0.0607830407542227	1
36.625	45.75	0.000495844156223093	0.766415882331522	-0.676486123132036	-0.0668363913933001	1
36.875	45.75	0.000491886248631089	0.790233269855699	-0.626560053747633	-0.0705774417062996	1
37.125	45.75	0.000486242856952339	0.859754139207176	-0.565930871163663	-0.07055990719099	1
37.375	45.75	0.000481423523555535	0.566792958804045	-0.820236792558434	-0.0855311839694837	1
0.125	46.25	0.000491873525216028	0.562529442308023	0.8310154090887	-0.0735925204106188	1
0.375	46.25	0.000491979845380809	0.924049307818119	0.456277169890511	-0.0748378116903841	1
0.625	46.25	0.000492181212935042	-0.167975971503946	-0.960084164549049	-0.087030678693496	1
0.875	46.25	0.000492344007665953	0.497368759563255	-0.833014690326449	-0.0766015622281236	1
1.125	46.25	0.000492475903807799	-0.165343594190652	-0.963570738725217	-0.0785952000694244	1
1.375	46.25	0.000492548304730507	0.176121019836382	-0.964480743840944	-0.0784370465194348	1
1.625	46.25	0.000492545678760558	0.118054047114538	1.01215379024987	-0.0750312022729411	1
1.875	46.25	0.000492553678953012	0.415404648306964	0.925641497990817	-0.0794148272353827	1
2.125	46.25	0.000492534855863574	0.394991927558887	0.93548291174335	-0.0774595645297124	1
2.375	46.25	0.000492523186109835	0.613956376657965	0.806348311638944	-0.0821266462273635	1
2.625	46.25	0.000492505313113737	0.730249887757376	0.693746176532498	-0.0816289461058664	1
2.875	46.25	0.00049249348095206	0.774654269679144	0.657966751307328	-0.0853815663977867	1
3.125	46.25	0.00049247861492413	0.771591226305248	0.65054760254177	-0.08825775763149	1
3.375	46.25	0.000492460542431294	0.741350374029144	0.684468388251503	-0.0892786659831744	1
3.625	46.25	0.000492435793725339	0.769677913155761	0.650798981986152	-0.0916722737072108	1
3.875	46.25	0.000492407894222489	0.763733896114334	0.653707949097016	-0.0926126610747611	1
4.125	46.25	0.000492368306214946	0.773994915329662	0.641820750123685	-0.0937978374333667	1
4.375	46.25	0.00049231839056563	0.789060960006621	0.620692695490397	-0.0949393633419749	1
4.625	46.25	0.000492251050985145	0.79774108689313	0.609245048545963	-0.0955443904937538	1
4.875	46.25	0.000492157580829538	0.807119786497622	0.596527583189906	-0.0966321499021074	1
5.125	46.25	0.000492032447025669	0.817744440759935	0.583509279073887	-0.0971702365204617	1
5.375	46.25	0.000491870104753076	0.806490231914837	0.601033186895989	-0.0986632843363578	1
5.625	46.25	0.000491686780318942	0.820801407806719	0.586688855745427	-0.09949572357185	1
5.875	46.25	0.000491515326385411	0.796713382583187	0.625358220630057	-0.102436920435563	1
6.125	46.25	0.000491409693389316	0.816489826029396	0.601177390739025	-0.104572461696968	1
6.375	46.25	0.000491422847210967	0.843648374846402	0.577440356929233	-0.108307402767516	1
6.625	46.25	0.000491539867622526	0.753544440298808	-0.641470224249948	-0.114171239037134	1
6.875	46.25	0.000491652815285278	0.812851057632659	-0.541956639502313	-0.104558357859398	1
7.125	46.25	0.000491790569692709	0.779744591607623	-0.596951540505533	-0.104645568553934	1
7.375	46.25	0.000491918721964967	0.736277047366618	-0.654078740285743	-0.0980424326675723	1
7.625	46.25	0.000492034813883108	0.820089818472912	-0.546004823413811	-0.098819057995764	1
7.875	46.25	0.000492138799786604	0.671714869114856	-0.727834705244064	-0.0929858205372094	1
8.125	46.25	0.000492196551937981	0.818321263850051	-0.558718700265936	-0.0951876603922063	1
8.375	46.25	0.000492226727119421	0.67783826880981	-0.724070196615504	-0.0903564404459948	1
8.625	46.25	0.000492188837221396	0.798307300433555	-0.590298285714861	-0.0921062397723	1
8.875	46.25	0.000492102205039697	0.724842073538164	-0.67499520891694	-0.0883683519439006	1
9.125	46.25	0.000491930228292734	0.792257268353527	-0.596049450187729	-0.0885884505880092	1
9.375	46.25	0.000491681303154734	0.771414658654204	-0.618186425473048	-0.0855037264479613	1
9.625	46.25	0.000491320554965785	0.807616419117376	-0.574937745218448	-0.0843168604341096	1
9.875	46.25	0.000490840783557993	0.791457032154848	-0.597156575868868	-0.0823712775138305	1
10.125	46.25	0.000490225776898998	0.841376037690794	-0.533712089884117	-0.0810873980503918	1
10.375	46.25	0.000489498097747058	0.825052252633468	-0.566949028471847	-0.0811072014466274	1
10.625	46.25	0.000488726743922097	0.869820927896133	-0.4961027731018	-0.0817106897718936	1
10.875	46.25	0.000488051901290279	0.916061036700253	-0.405276697933294	-0.0818202579153125	1
11.125	46.25	0.000487659274552674	0.802189405110803	-0.595201183561101	-0.0828569336966688	1
11.375	46.25	0.000487701934521517	0.903362776081838	-0.388563770537803	-0.0818973433610284	1
11.625	46.25	0.000488109598530763	0.47681839352614	0.878376059573148	-0.0753433837119968	1
11.875	46.25	0.000488604193950098	0.784376183286399	0.635521538947211	-0.0815735963903503	1
12.125	46.25	0.000489091114027586	0.643069115665801	0.766921087105587	-0.0794439969742122	1
12.375	46.25	0.000489522390213257	0.720044534300141	0.704886848930156	-0.081875890660407	1
12.625	46.25	0.000489891215792307	0.717749984236494	0.702065573443584	-0.082591705965115	1
12.875	46.25	0.000490194446137681	0.709358255115831	0.715614510389344	-0.0836583974384631	1
13.125	46.25	0.000490438719759062	0.751714432917729	0.6704193480525	-0.0856790146443566	1
13.375	46.25	0.000490630154369428	0.716349588435053	0.708948682618611	-0.0869479513967841	1
13.625	46.25	0.000490772451746931	0.76923055875755	0.652260081688188	-0.0888542183154956	1
13.875	46.25	0.000490876527567758	0.715415867830572	0.709356124099788	-0.0908250202640282	1
14.125	46.25	0.000490940647554908	0.771806991255469	0.646605878981848	-0.0918362768214745	1
14.375	46.25	0.000490983927671148	0.70642365440505	0.719919439115228	-0.0937822751811093	1
14.625	46.25	0.000491000328300549	0.733347273237605	0.687052767221409	-0.0951677792612782	1
14.875	46.25	0.000491014915285725	0.739235329444868	0.694470165175639	-0.0953943112086986	1
15.125	46.25	0.000491021696111253	0.620011100106773	0.795723884240829	-0.100873643843811	1
15.375	46.25	0.000491017175518979	0.834318012664352	-0.515890239975908	-0.0978916900202415	1
15.625	46.25	0.000490993815868846	0.925439299855277	-0.351668160421869	-0.0934352740320253	1
15.875	46.25	0.000490953206772004	0.887274310701354	-0.451018143897705	-0.0934547454402837	1
16.125	46.25	0.000490906259975454	0.88882226156435	-0.449056824897987	-0.0919567528091752	1
16.375	46.25	0.000490835416100875	0.883583839505758	-0.454563819872735	-0.091899667493245	1
16.625	46.25	0.000490731684830995	0.833239551143326	-0.534941268584015	-0.08957091772445	1
16.875	46.25	0.000490598196627239	0.864854026769187	-0.476765463163952	-0.0877507188776641	1
17.125	46.25	0.000490431910023277	0.847150301630567	-0.504613043818774	-0.0846488575003686	1
17.375	46.25	0.000490231088844901	0.863257835099226	-0.478872714109031	-0.0819607312271868	1
17.625	46.25	0.000489977331345346	0.863680295664131	-0.489411701713547	-0.0794737095298475	1
17.875	46.25	0.000489650272047108	0.811329248534851	-0.570474413556965	-0.0791420326766138	1
18.125	46.25	0.000489224483197992	0.879309740379913	-0.473390932770086	-0.0760264033275291	1
18.375	46.25	0.000488689515461057	0.721105509168288	-0.690486022967471	-0.0789074138897157	1
18.625	46.25	0.00048802211584456	0.892394117790385	-0.449321899709251	-0.0752645177054931	1
18.875	46.25	0.000487256305322567	0.688459344010874	-0.729843338951907	-0.0788229944770369	1
19.125	46.25	0.00048648531016004	0.833947303801836	-0.547382375022904	-0.0764554756054973	1
19.375	46.25	0.000485836358663249	0.79071355794954	-0.61970263474425	-0.0781063175456825	1
19.625	46.25	0.000485514497804216	0.662670596804028	-0.747196898476159	-0.0783277259500518	1
19.875	46.25	0.000485606957490007	0.91568580496199	0.386300719993831	-0.0783973633705408	1
20.125	46.25	0.000485882065690756	0.911156734422613	0.392105430837709	-0.075832325420228	1
20.375	46.25	0.00048623470886467	0.895469222096948	0.448166796273044	-0.0749982634762594	1
20.625	46.25	0.00048662628520263	0.904478394756124	0.437628938086998	-0.0767718228868378	1
20.875	46.25	0.000487029510139399	0.879124847696762	0.482322574200354	-0.0774745375645689	1
21.125	46.25	0.000487430876617527	0.873906306708611	0.489172569292624	-0.0781891944960628	1
21.375	46.25	0.00048782176389972	0.868913880939972	0.49300901541513	-0.0782722976841055	1
21.625	46.25	0.000488202641886281	0.869194367493373	0.489577062379469	-0.077895876536302	1
21.875	46.25	0.000488572287198282	0.871296800736288	0.484961602652173	-0.0773353583944745	1
22.125	46.25	0.000488930377189137	0.872727825221129	0.483758420085435	-0.0768104391945381	1
22.375	46.25	0.000489274339484576	0.872537449526637	0.487164636798539	-0.0765728926865065	1
22.625	46.25	0.00048960449228588	0.871082102447153	0.493402619034196	-0.0767314789147373	1
22.875	46.25	0.000489928179008665	0.87017175085426	0.499760616007612	-0.0773035449547849	1
23.125	46.25	0.000490257910474761	0.864791753179285	0.513184849741053	-0.0785613592685185	1
23.375	46.25	0.00049060903768194	0.865608528805845	0.515254213683825	-0.0800684663286055	1
23.625	46.25	0.000490985025361328	0.860722210565418	0.524196626316677	-0.0821436330195684	1
23.875	46.25	0.000491369378246434	0.875494350646774	0.511539649861681	-0.0836944679862889	1
24.125	46.25	0.000491659171132359	0.830040791968001	0.583002353340245	-0.0889301749028501	1
24.375	46.25	0.000491577598203039	0.884595452345141	0.446890438781244	-0.0905729242852761	1
24.625	46.25	0.000491236399365846	0.673759054852497	-0.727636580928111	-0.0827516310858159	1
24.875	46.25	0.000490930022719013	0.802409656523966	-0.595754668970551	-0.0861561574190472	1
25.125	46.25	0.000490633804570164	0.7934952898845	-0.58815297225808	-0.0832691845646505	1
25.375	46.25	0.0004902582418699	0.790856962976317	-0.601862222739991	-0.0808684103532625	1
25.625	46.25	0.000489806971578546	0.812485975439277	-0.575791984226222	-0.0805430350397499	1
25.875	46.25	0.000489301859675261	0.812409769961385	-0.57753425671737	-0.0795841717322696	1
26.125	46.25	0.000488712732769562	0.818155962202501	-0.573420526053921	-0.0794621820501955	1
26.375	46.25	0.000488058332378164	0.819262728038953	-0.573983226099577	-0.0796479114906959	1
26.625	46.25	0.000487372277602117	0.820622449141606	-0.57293187877642	-0.0800505714216771	1
26.875	46.25	0.000486718295659201	0.827486703829337	-0.569557577441705	-0.0804827053802849	1
27.125	46.25	0.000486139481658553	0.800552374926607	-0.609496475615554	-0.0828236736250509	1
27.375	46.25	0.00048567175268393	0.801994911356767	-0.574526624810493	-0.0834996793208875	1
27.625	46.25	0.000485362325422157	0.954903944406231	-0.18164388333511	-0.0762687349626032	1
27.875	46.25	0.000485152172016144	0.981241465060677	0.0607632727169459	-0.0700761102987396	1
28.125	46.25	0.00048501818098293	0.990308061849755	0.0712091777149969	-0.0678212990340105	1
28.375	46.25	0.000484944714502313	0.99366766967423	0.0411291853257418	-0.0665489383097202	1
28.625	46.25	0.000484907783213154	0.992845621475438	-0.0029954120720733	-0.0651830799758776	1
28.875	46.25	0.000484893127238882	0.988451422558556	-0.0523172467815544	-0.0631128345008895	1
29.125	46.25	0.000484884822829671	0.981261620884838	-0.106371734182654	-0.0602307810972665	1
29.375	46.25	0.000484862041250671	0.970533705879542	-0.168676721832149	-0.0566898552413735	1
29.625	46.25	0.000484807933526006	0.954580181687605	-0.240467251862387	-0.0527301804565039	1
29.875	46.25	0.000484724316901914	0.933100993292839	-0.318416187828624	-0.0486853206655788	1
30.125	46.25	0.000484633947020654	0.901542573082574	-0.393760533950076	-0.0452594542462404	1
30.375	46.25	0.000484593075171875	0.937596348505492	-0.292704651468073	-0.0396723135448154	1
30.625	46.25	0.000484673858795543	0.896968196960309	0.36843477584041	-0.0356551707159888	1
30.875	46.25	0.000485110660804978	0.612163124036829	0.787699761973536	-0.0246487480380914	1
31.125	46.25	0.000485864170400423	0.778680398206683	0.644831162561906	-0.0333091868671905	1
31.375	46.25	0.000486849005401797	0.747472345007405	0.65677264733407	-0.0320216170444906	1
31.625	46.25	0.000487822939195092	0.735580737038155	0.678526630403628	-0.0320363505705488	1
31.875	46.25	0.00048886489235717	0.745467294782026	0.666456964078725	-0.0330611678984076	1
32.125	46.25	0.000490038971452894	0.736582251593514	0.676297225254863	-0.0330792997474268	1
32.375	46.25	0.000491351258477952	0.720431655448934	0.687205246900206	-0.0335771671666738	1
32.625	46.25	0.000492944844872425	0.755623701766294	0.647281302495791	-0.030347331169769	1
32.875	46.25	0.000494624276256576	0.698508907796	0.735032336245172	-0.0318307714981092	1
33.125	46.25	0.000495639688795881	0.629621273403215	0.749002980256378	-0.0362644072141667	1
33.375	46.25	0.000496157566651736	0.918814662906091	-0.162369777553033	-0.0154959864152564	1
33.625	46.25	0.000496179700062423	0.853820680250327	-0.459116021067732	-0.00203591889561204	1
33.875	46.25	0.00049585462060601	0.855038792504015	-0.500375023327624	0.00397738696111197	1
34.125	46.25	0.00049525755147278	0.80171409597246	-0.621518925063307	0.00701989739674	1
34.375	46.25	0.000494550953393681	0.734679559545063	-0.734603290257749	0.00286689921208371	1
34.625	46.25	0.000494035024722393	0.735005045633022	-0.743705423045707	-0.00650348208769241	1
34.875	46.25	0.000493748472451441	0.740721102783542	-0.731666857741857	-0.0151410902980723	1
35.125	46.25	0.000493645744711979	0.734827096722619	-0.732139664546459	-0.022515179974768	1
35.375	46.25	0.000493790888994799	0.734883156731596	-0.729111594742167	-0.0293234911703235	1
35.625	46.25	0.000494227129771464	0.731667419012302	-0.728775548905302	-0.0359896746659799	1
35.875	46.25	0.000494869164048308	0.742280932116928	-0.715644976509711	-0.0417038888526145	1
36.125	46.25	0.000495355997674221	0.73387583561509	-0.721853500809521	-0.0481594378482148	1
36.375	46.25	0.000495041150930892	0.761346252790508	-0.68805150162106	-0.0529930320321464	1
36.625	46.25	0.00049313592254289	0.765094285549435	-0.691304629864238	-0.0585772997707649	1
36.875	46.25	0.000489025150233425	0.737635551577949	-0.697925150784167	-0.0662743763608472	1
37.125	46.25	0.000483237281314558	0.923515023224438	-0.467994651275511	-0.0638476658411859	1
37.375	46.25	0.000478382086702885	0.524664094516501	-0.862479337216378	-0.0830763235080948	1
0.125	46.75	0.000492124248089437	0.742710176925954	0.722428930549762	-0.094697704285095	1
0.375	46.75	0.000492290038177326	0.850083442000152	0.611492927891214	-0.108250310588319	1
0.625	46.75	0.000492560350225277	0.97494085048121	0.256945053317074	-0.11390161045939	1
0.875	46.75	0.000492796674069769	0.58825468204798	-0.791562838186297	-0.112547747150132	1
1.125	46.75	0.000492919319854879	0.982966252942128	0.0313252274883734	-0.109729987548136	1
1.375	46.75	0.00049297134591981	0.648999421217204	-0.743141976931128	-0.104432857117118	1
1.625	46.75	0.000492932523694075	0.409833177640836	-0.894533336158705	-0.105480647039618	1
1.875	46.75	0.000492865863738433	0.862876905146767	-0.467182062476472	-0.100794272085172	1
2.125	46.75	0.00049277893666368	0.632240798965695	-0.752379933518867	-0.097299990154138	1
2.375	46.75	0.000492711854825353	0.952312302173683	-0.180604557833156	-0.0950858305546307	1
2.625	46.75	0.000492645329946754	0.809140570801154	-0.553846970010849	-0.0824825500121635	1
2.875	46.75	0.000492617836642488	0.831661952151088	0.57983042715323	-0.0867236198012037	1
3.125	46.75	0.000492616751084327	0.827311385424293	0.575570198424765	-0.0886216994622663	1
3.375	46.75	0.000492605438783143	0.796073685134984	0.619473035180866	-0.0899408882741385	1
3.625	46.75	0.000492592170966136	0.812975141583501	0.593942438187092	-0.0922303280988667	1
3.875	46.75	0.000492571764516272	0.800439932626669	0.608093738744798	-0.0929985613310578	1
4.125	46.75	0.000492540632304221	0.807590348095561	0.599329530664093	-0.0944385033117139	1
4.375	46.75	0.000492503285207457	0.81533249852388	0.587478536088652	-0.09556627853601	1
4.625	46.75	0.000492450507790818	0.813503153338691	0.592122434878511	-0.0966245165387223	1
4.875	46.75	0.000492376882758527	0.81490516427547	0.592204737933517	-0.0982239709294509	1
5.125	46.75	0.000492274490717718	0.811321101455383	0.600780387877685	-0.0997090742480726	1
5.375	46.75	0.000492142562268542	0.798972986347744	0.620103736621999	-0.102103259085204	1
5.625	46.75	0.000491995278437605	0.809844456563753	0.610788683680041	-0.104217985538933	1
5.875	46.75	0.000491864508829809	0.788538458032136	0.638802040954779	-0.107939446294468	1
6.125	46.75	0.000491794461704585	0.831473934004937	0.582697722419745	-0.110057035222682	1
6.375	46.75	0.000491822569174813	0.81450193103191	0.607786273720653	-0.114440981518238	1
6.625	46.75	0.000491930407953813	0.822568712366737	-0.552621734368177	-0.116814446428757	1
6.875	46.75	0.000492033832899158	0.736792695914191	-0.651192301157398	-0.110671743762439	1
7.125	46.75	0.000492152725566484	0.867176785480493	-0.460920968629526	-0.1103243499772	1
7.375	46.75	0.000492245870913292	0.633088685360113	-0.75350384594723	-0.103375536950046	1
7.625	46.75	0.000492313932721313	0.885967793217289	-0.4272188066263	-0.104335552596217	1
7.875	46.75	0.000492344825146775	0.606228337748852	-0.777502181212051	-0.0970290135683334	1
8.125	46.75	0.000492317647228995	0.844579733636678	-0.514847380128367	-0.0991156828269301	1
8.375	46.75	0.000492234140663885	0.650817883115012	-0.743029482628755	-0.0934856207418366	1
8.625	46.75	0.000492067702627169	0.79124641632695	-0.598518420790415	-0.0946999750530742	1
8.875	46.75	0.000491818938594417	0.701200651599355	-0.69763891564679	-0.0911999495140496	1
9.125	46.75	0.000491460453607778	0.76838293557459	-0.6274842924528	-0.0908841678222859	1
9.375	46.75	0.000490980367705688	0.737037084546712	-0.659087065098772	-0.0886580928958061	1
9.625	46.75	0.000490352997947394	0.786066306806648	-0.601953273307547	-0.0868522821691753	1
9.875	46.75	0.000489563153752835	0.761583476880569	-0.630963550823576	-0.0851215778966941	1
10.125	46.75	0.000488618421844471	0.808261568494509	-0.571330341351619	-0.0827831357733791	1
10.375	46.75	0.000487571710843078	0.806830799342914	-0.58107581768025	-0.081233026081767	1
10.625	46.75	0.000486548689536937	0.790138333504841	-0.607846860856325	-0.0807185294464222	1
10.875	46.75	0.000485755679671237	0.918361970949575	-0.397512176328635	-0.0799474505258312	1
11.125	46.75	0.000485411471615871	0.772375330828224	-0.648408655851249	-0.081229047331709	1
11.375	46.75	0.000485662049747623	0.969737897991177	0.183633586985988	-0.0834696029893829	1
11.625	46.75	0.000486276529836188	0.434033245169247	0.9031249055082	-0.0747886077105554	1
11.875	46.75	0.000486973064328607	0.867962928192086	0.514629588686869	-0.083983111620499	1
12.125	46.75	0.000487667277730968	0.607626278940293	0.796044026033347	-0.0794016550887874	1
12.375	46.75	0.000488288353633207	0.777291256852113	0.643946892601627	-0.0843897581755462	1
12.625	46.75	0.000488844166831715	0.700843300794721	0.719489577965208	-0.0837431461814711	1
12.875	46.75	0.000489314628485713	0.733478657893465	0.692781780396353	-0.08611763556667	1
13.125	46.75	0.000489714867261962	0.730412262007383	0.693651623604205	-0.0874351157581383	1
13.375	46.75	0.000490041839826944	0.70843916679921	0.71775019561871	-0.0890677329600097	1
13.625	46.75	0.000490305157862231	0.733762052000625	0.692987098309444	-0.0905619038521674	1
13.875	46.75	0.000490512620665835	0.679664420886707	0.746325752039379	-0.0927273314446147	1
14.125	46.75	0.000490671056761109	0.738169811312539	0.691158497744217	-0.0937604756061612	1
14.375	46.75	0.000490798816085519	0.661665136170161	0.767783327426326	-0.0970938285194443	1
14.625	46.75	0.000490894516317946	0.745737444087364	0.683587593371432	-0.0985382541478134	1
14.875	46.75	0.000490971689017212	0.733001838382791	0.709692168106442	-0.101689372798359	1
15.125	46.75	0.000491007707827326	0.695264169734025	0.727355834387197	-0.106851086634343	1
15.375	46.75	0.000490987011323621	0.950975116764519	-0.264169649671829	-0.10419061347689	1
15.625	46.75	0.000490902228680579	0.789450062909646	-0.589043275650741	-0.101146619847073	1
15.875	46.75	0.000490791056312873	0.895568329232801	-0.424201032423928	-0.0985521516203958	1
16.125	46.75	0.00049063192374697	0.907091901612982	-0.393721197595101	-0.0972581697378905	1
16.375	46.75	0.000490446018690845	0.886008413672417	-0.448458772678135	-0.09393262727246	1
16.625	46.75	0.00049022049674554	0.907509780942945	-0.402609131020298	-0.0940188933807744	1
16.875	46.75	0.000489972431142938	0.876113085763823	-0.456816780768743	-0.0908590312753754	1
17.125	46.75	0.000489689133240196	0.887829085545494	-0.429640264862688	-0.0886023471607797	1
17.375	46.75	0.000489377547559567	0.877360065488009	-0.442810081938263	-0.0849094652142939	1
17.625	46.75	0.000489018754242896	0.900510738168224	-0.40585720124744	-0.0810497979124058	1
17.875	46.75	0.00048857900356586	0.851717001414014	-0.498256573081134	-0.079902656715765	1
18.125	46.75	0.000488043729832931	0.917319592866234	-0.379022065579483	-0.0753141433226373	1
18.375	46.75	0.000487376326619973	0.805606676656129	-0.586275511963752	-0.077135660295207	1
18.625	46.75	0.000486568147747784	0.896345654932846	-0.429756797393539	-0.0739064683915273	1
18.875	46.75	0.000485633470283618	0.833224057325968	-0.557148633077294	-0.0750279243619517	1
19.125	46.75	0.000484678005219507	0.781213770069033	-0.615789543967585	-0.0753002855076519	1
19.375	46.75	0.000483841058798238	0.929066445531167	-0.37382097823132	-0.0736336012223779	1
19.625	46.75	0.000483324033333251	0.593354499002482	-0.800658678616061	-0.0762571880547438	1
19.875	46.75	0.000483320750053742	0.984992543088485	0.137863280313789	-0.0733431467305099	1
20.125	46.75	0.000483628581214569	0.899796663390672	0.44489163478608	-0.0737606339578529	1
20.375	46.75	0.000484078452265752	0.89543888068631	0.46236604717518	-0.0755230281121499	1
20.625	46.75	0.000484585520518366	0.882700662420384	0.478343634651789	-0.0774472021896919	1
20.875	46.75	0.000485103612077939	0.858490709017794	0.514616096191592	-0.0775628757920652	1
21.125	46.75	0.000485609535866501	0.864122627181915	0.50109231879728	-0.0779095003496534	1
21.375	46.75	0.000486099328444657	0.859556363071035	0.50479404563801	-0.0772163639745579	1
21.625	46.75	0.000486571398990298	0.863697721607803	0.497709034284995	-0.0765954479715197	1
21.875	46.75	0.000487026647527964	0.863608633234375	0.499219461081145	-0.0759503430767642	1
22.125	46.75	0.000487462665242599	0.862492029816543	0.504527417690095	-0.0756334637808965	1
22.375	46.75	0.00048787688025314	0.859258023517008	0.513852388832252	-0.075742296476092	1
22.625	46.75	0.000488272210736453	0.856433118078864	0.522793095085227	-0.0762774024141864	1
22.875	46.75	0.000488660465015695	0.852913474954921	0.533400165286779	-0.0773632336215183	1
23.125	46.75	0.000489062215147671	0.848811820363781	0.544153643495821	-0.0790475313135898	1
23.375	46.75	0.000489501777045188	0.848356036282097	0.54719673141169	-0.0811458365689386	1
23.625	46.75	0.000489994543774428	0.854713974052025	0.540217454005509	-0.0833588821105958	1
23.875	46.75	0.000490504318742899	0.854898745352782	0.554063996222193	-0.0862423695622276	1
24.125	46.75	0.000490870241094982	0.803946803906781	0.601648308641413	-0.0922365352524173	1
24.375	46.75	0.000490849576852699	0.965843039581202	0.120346873347192	-0.0876189652808645	1
24.625	46.75	0.00049045099481717	0.748277841679558	-0.637535383514154	-0.0784632505295192	1
24.875	46.75	0.000489990855007976	0.782797150582131	-0.630166264778644	-0.0801603076585352	1
25.125	46.75	0.000489548542266448	0.823127781786158	-0.554192289888328	-0.0813539933312858	1
25.375	46.75	0.000489063600705014	0.779184927002985	-0.615271206747015	-0.0779746149364974	1
25.625	46.75	0.000488478811385951	0.801276595699163	-0.592382889026536	-0.0781849431981373	1
25.875	46.75	0.000487853132161937	0.794964656693676	-0.599849862246335	-0.0772251279590181	1
26.125	46.75	0.000487146997827317	0.795225975020548	-0.602929118924097	-0.0768993433061144	1
26.375	46.75	0.000486364763482711	0.793244900883955	-0.607948331182358	-0.0768992108343612	1
26.625	46.75	0.000485524060838908	0.788998492602267	-0.615163522075354	-0.077223567060985	1
26.875	46.75	0.000484675265484948	0.78723210163287	-0.61859982439306	-0.0776492017720335	1
27.125	46.75	0.00048389499604864	0.786691533999898	-0.627813696753429	-0.0783667176743529	1
27.375	46.75	0.000483232933118584	0.735696866537523	-0.680074230833944	-0.0813807069528507	1
27.625	46.75	0.000482762119314167	0.802771537938412	-0.565724091809828	-0.0790911620579772	1
27.875	46.75	0.000482472074669476	0.951253656737957	-0.236053187586085	-0.0733730174542014	1
28.125	46.75	0.000482282262744559	0.979482153269944	-0.115501495849704	-0.0700384750465797	1
28.375	46.75	0.000482172937913402	0.984214531779249	-0.0438091969484207	-0.0667645247409981	1
28.625	46.75	0.000482121818320517	0.983787068333702	0.0247705209186802	-0.0627924927169978	1
28.875	46.75	0.000482096374995719	0.982974615007137	0.0687771116444537	-0.058931531854525	1
29.125	46.75	0.000482069774074695	0.982834508819666	0.0908860536844269	-0.0555251936616581	1
29.375	46.75	0.000482026148751408	0.982751328481799	0.0995449178401349	-0.052426626794268	1
29.625	46.75	0.000481963256973971	0.982109226477858	0.0936195379160261	-0.0493435922176444	1
29.875	46.75	0.000481907518967142	0.98329084502015	0.0604626929715555	-0.0456069600811914	1
30.125	46.75	0.000481904227532948	0.988781415374725	-0.084133528941262	-0.0418385641665711	1
30.375	46.75	0.000481967696805983	0.906829707741859	-0.367447207274202	-0.0418475165735736	1
30.625	46.75	0.000482268349821649	0.759688038293027	0.610959422539277	-0.0298337121707866	1
30.875	46.75	0.000482929482168612	0.619573608605779	0.803403256033279	-0.0286147892274321	1
31.125	46.75	0.000483972157693521	0.754234664805499	0.666381112425023	-0.0359325945366111	1
31.375	46.75	0.000485113298432095	0.657544039369018	0.753836649095018	-0.0331222545793098	1
31.625	46.75	0.000486248316938229	0.670490365142131	0.748021436924379	-0.0348889757609174	1
31.875	46.75	0.000487517384570883	0.657927681596939	0.755517162887897	-0.0346492748728184	1
32.125	46.75	0.000488899598399723	0.635487072299976	0.77580214833628	-0.0347467062667167	1
32.375	46.75	0.000490415787563468	0.6248169175488	0.777077328339969	-0.0339460627315702	1
32.625	46.75	0.000492135462803632	0.658152394962568	0.764542453794227	-0.0304966601356876	1
32.875	46.75	0.000493549097699459	0.490953228888173	0.887207068988259	-0.0369740855874706	1
33.125	46.75	0.000494216591991417	0.680313490367998	0.697472529248462	-0.029908889446045	1
33.375	46.75	0.000494387751808995	0.94231939439256	-0.0758882235796497	-0.0196306912471468	1
33.625	46.75	0.000494528304724579	0.893536320635098	-0.306029129726291	-0.00231951140156075	1
33.875	46.75	0.000494453434615255	0.881831862449304	-0.40212412774222	0.00918519198043361	1
34.125	46.75	0.000493992633886353	0.86092360662212	-0.496574345708078	0.0157555533988709	1
34.375	46.75	0.00049322296176323	0.809828947155065	-0.623090999612959	0.0162776581034584	1
34.625	46.75	0.000492455102972459	0.75781205091622	-0.714321716281312	0.00998770054765791	1
34.875	46.75	0.000491952327774791	0.756615900273832	-0.721471169031928	0.000273511627472621	1
35.125	46.75	0.00049173151053083	0.755279419605153	-0.717278027762263	-0.00850386333249395	1
35.375	46.75	0.000491787728006557	0.749621510317398	-0.71938342559202	-0.0161627597667832	1
35.625	46.75	0.000492136997476705	0.743756070713043	-0.722611093367721	-0.0236199048280162	1
35.875	46.75	0.000492674616630685	0.747120703169191	-0.716176568837077	-0.0303116117043228	1
36.125	46.75	0.000493017141277685	0.741737781165069	-0.72042950282124	-0.0371301704266211	1
36.375	46.75	0.000492455076511006	0.742225013116572	-0.71261033326727	-0.0434318139293586	1
36.625	46.75	0.000490169268269699	0.779149461576703	-0.683130962230775	-0.0479543145270965	1
36.875	46.75	0.000485525436276966	0.675941593856755	-0.768177268237397	-0.0587775003159244	1
37.125	46.75	0.000479056828434086	0.93650830678977	-0.448584681575818	-0.0558348219249493	1
37.375	46.75	0.000473505268253835	0.528000107428796	-0.867468126793507	-0.0764766769504141	1
0.125	47.25	0.000493044087057163	0.572347970606094	0.838207689805619	-0.0984902408447908	1
0.375	47.25	0.000493142030790369	0.955990722844528	0.219766000529984	-0.103152905437337	1
0.625	47.25	0.000493229181803418	0.939419262902999	-0.228942268176978	-0.0889500396864791	1
0.875	47.25	0.000493223523554715	0.746839378227549	-0.653151739314547	-0.0871030956028965	1
1.125	47.25	0.000493126538114573	0.542479260631806	-0.84463946497786	-0.0842834209513464	1
1.375	47.25	0.000492950758398489	0.977509256452928	0.249066474239827	-0.0881141062465709	1
1.625	47.25	0.000492749651541667	0.557849560507347	0.826600851698147	-0.0889936644670923	1
1.875	47.25	0.000492547241214465	0.817849395831734	0.575815550403616	-0.0876992681514758	1
2.125	47.25	0.000492386479126498	0.595521472661238	0.804241344060346	-0.0899536275627602	1
2.375	47.25	0.000492309477584587	0.738566621830734	0.675743295355209	-0.0882924899117737	1
2.625	47.25	0.00049232070418109	0.708939150711301	0.721571400374506	-0.0911356446906573	1
2.875	47.25	0.000492427073506124	0.741414461689261	0.679254672211704	-0.0929551189468281	1
3.125	47.25	0.00049253483981267	0.720643345234794	0.700649674390833	-0.0935103639130478	1
3.375	47.25	0.000492610385987926	0.743334739916397	0.676501285090441	-0.0949561518678555	1
3.625	47.25	0.00049265951514424	0.767190135805341	0.645849107650111	-0.0957669249054452	1
3.875	47.25	0.000492679561129812	0.773669670466806	0.639144578882605	-0.0962173103448645	1
4.125	47.25	0.000492680317622531	0.799956436641626	0.607498830043869	-0.0972828389663451	1
4.375	47.25	0.000492665265244576	0.804202872923867	0.603706394981397	-0.0981613825716044	1
4.625	47.25	0.000492630755807335	0.809786697407592	0.600481871038184	-0.0995682645052469	1
4.875	47.25	0.000492574348005697	0.808459566417662	0.605026541408561	-0.101471309186388	1
5.125	47.25	0.000492492228204283	0.810263100009558	0.606409151479376	-0.103493385812785	1
5.375	47.25	0.000492387854760823	0.802947198470699	0.617350466602478	-0.10632815398168	1
5.625	47.25	0.000492276299976514	0.824030106238993	0.591503269142328	-0.108648740022503	1
5.875	47.25	0.000492184216229685	0.804619123585483	0.614189860184456	-0.112328639550863	1
6.125	47.25	0.000492145004363052	0.868072884729145	0.522675240741085	-0.113662623318178	1
6.375	47.25	0.000492182606683586	0.821524340669492	0.589515909602719	-0.118321718639896	1
6.625	47.25	0.000492277416884213	0.906212550244279	-0.40217637782156	-0.118454101360927	1
6.875	47.25	0.000492364427150861	0.662445227316956	-0.734626604840752	-0.114610552897734	1
7.125	47.25	0.000492449811747362	0.945501186060173	-0.280331997334047	-0.114260395544934	1
7.375	47.25	0.000492485840801584	0.557195231272486	-0.812461296734718	-0.108601537218316	1
7.625	47.25	0.000492481218078235	0.919228156731083	-0.355442754588038	-0.108844808671699	1
7.875	47.25	0.000492396775388973	0.593296006587475	-0.784841864255909	-0.102622012944269	1
8.125	47.25	0.0004922377294406	0.840003776049311	-0.52165293432975	-0.103116702467709	1
8.375	47.25	0.000491977712425368	0.667763409521685	-0.724661077258122	-0.0985338247899376	1
8.625	47.25	0.000491618645656958	0.776537361172269	-0.615458335083043	-0.0980202141622596	1
8.875	47.25	0.000491138128305144	0.71223384392009	-0.684986050211667	-0.0954996622840256	1
9.125	47.25	0.000490529208954645	0.756014143212464	-0.641106961200315	-0.0940374946535755	1
9.375	47.25	0.000489761753453936	0.730456733849938	-0.667575345031338	-0.0926774727904412	1
9.625	47.25	0.000488820654310061	0.764437402140273	-0.628102908865675	-0.0905391730274587	1
9.875	47.25	0.000487683966276656	0.758029708473826	-0.635881856160832	-0.089062634889897	1
10.125	47.25	0.000486375572912286	0.757944928543284	-0.631808966790354	-0.0868878634004294	1
10.375	47.25	0.000484978713270147	0.827893880790941	-0.54081392513795	-0.084274320126979	1
10.625	47.25	0.000483667982032283	0.691280326334158	-0.709969305623783	-0.0828055222236284	1
10.875	47.25	0.000482736291684091	0.906994685351017	-0.390011997021339	-0.0811535076853874	1
11.125	47.25	0.000482427301587136	0.681464584226352	-0.73609729621633	-0.0772807040043809	1
11.375	47.25	0.000482928419968921	0.889904323393899	0.456295790519714	-0.0821450488841633	1
11.625	47.25	0.000483794367598969	0.567154123292065	0.833301840760909	-0.0775982715516306	1
11.875	47.25	0.000484729803160025	0.867900317249967	0.510735837023518	-0.0849981739633925	1
12.125	47.25	0.000485665145736916	0.622082602018199	0.791282372659861	-0.0811521842993535	1
12.375	47.25	0.000486517594541295	0.803236116817362	0.613586294810319	-0.0871318604538551	1
12.625	47.25	0.000487296231704107	0.686719237591842	0.737000422770017	-0.0860694281159592	1
12.875	47.25	0.000487970275784416	0.752472913713833	0.675965400881336	-0.0896797429847889	1
13.125	47.25	0.00048855986173906	0.718708624316599	0.709168715695348	-0.0908361696136723	1
13.375	47.25	0.000489056814013867	0.729195790854139	0.701079181048387	-0.0933639317705828	1
13.625	47.25	0.000489479652247777	0.740549792181481	0.689967859843351	-0.0953716378964969	1
13.875	47.25	0.000489835873863918	0.720694700161405	0.709076310738125	-0.0983220388443174	1
14.125	47.25	0.000490142774336829	0.786066500397807	0.639260322716826	-0.0996903684122694	1
14.375	47.25	0.000490408954484398	0.705624159595985	0.720764250909773	-0.104164584112447	1
14.625	47.25	0.000490626853274572	0.860920875032481	0.526110653739504	-0.103148889061235	1
14.875	47.25	0.000490785180781731	0.672828147756365	0.747315111858311	-0.108529335966321	1
15.125	47.25	0.000490810934815591	0.882573419036128	0.448953104256536	-0.105460055507044	1
15.375	47.25	0.000490711263988679	0.693158678083781	-0.709313476208178	-0.103673535043401	1
15.625	47.25	0.000490548073643691	0.96215713822624	-0.21294241271985	-0.102608735424209	1
15.875	47.25	0.000490322368038793	0.721904370707558	-0.671417502044969	-0.0971463132921658	1
16.125	47.25	0.000490057771710596	0.918943650721995	-0.370080948003711	-0.0974678902176466	1
16.375	47.25	0.000489738323537695	0.856209538048126	-0.490288990664095	-0.0936545012126309	1
16.625	47.25	0.00048937967776785	0.888195125314747	-0.449255009833791	-0.0923261016240085	1
16.875	47.25	0.000488967495342444	0.882461073799494	-0.459420885910368	-0.0919280399702844	1
17.125	47.25	0.000488527015274847	0.865357356045641	-0.488630638784681	-0.0904074227400591	1
17.375	47.25	0.000488049343858545	0.850521153910009	-0.506062373658792	-0.0892561722351089	1
17.625	47.25	0.000487544365589553	0.862060017421914	-0.486041686417728	-0.0858623330324759	1
17.875	47.25	0.000486964476580561	0.817182467184846	-0.556441953874513	-0.0850279075487669	1
18.125	47.25	0.000486302802573532	0.860891858895318	-0.486728082477469	-0.0808626603379765	1
18.375	47.25	0.000485502086085289	0.806141740296286	-0.584764953482209	-0.0805662384974195	1
18.625	47.25	0.000484556185569033	0.801718637345315	-0.585796505964812	-0.0790784835287908	1
18.875	47.25	0.000483459702019387	0.864379230882856	-0.50812984784892	-0.0778011140092617	1
19.125	47.25	0.000482321480433436	0.675618919189287	-0.735371695832642	-0.0803895954563806	1
19.375	47.25	0.000481299632093994	0.942206500787037	-0.33988999648275	-0.0776094518496351	1
19.625	47.25	0.000480602129212895	0.580937349112873	-0.814014416238944	-0.0812591720365852	1
19.875	47.25	0.000480504470590857	0.941910807046187	-0.305834128199269	-0.0780502613884467	1
20.125	47.25	0.000480889523848905	0.829778537253824	0.559943656747603	-0.0764876157502944	1
20.375	47.25	0.000481463067359578	0.886846553325818	0.471468473876768	-0.0785685077314665	1
20.625	47.25	0.000482094227438604	0.850921474638984	0.524316177085282	-0.0785167307696702	1
20.875	47.25	0.000482727062949472	0.863702170154031	0.501504037352561	-0.0784857647090731	1
21.125	47.25	0.000483337284128543	0.866548548683626	0.492871167872647	-0.078010989854981	1
21.375	47.25	0.000483927666249506	0.871744461375105	0.483652291706881	-0.0772590120330882	1
21.625	47.25	0.000484496726585619	0.876379130677357	0.477265832224826	-0.0767810569480357	1
21.875	47.25	0.000485045830416034	0.87705667581619	0.479488722793166	-0.0765278242608791	1
22.125	47.25	0.000485570543815911	0.876836535534702	0.484393442648134	-0.0767966616931752	1
22.375	47.25	0.000486069642309357	0.875381633367945	0.491330767512557	-0.0775326245202586	1
22.625	47.25	0.000486549390452157	0.875231733112009	0.496343383436633	-0.0787457389225297	1
22.875	47.25	0.000487028165006251	0.873825629309638	0.503957376654307	-0.0805569233096475	1
23.125	47.25	0.00048753399908625	0.871391297304075	0.510247201393408	-0.0829469121999809	1
23.375	47.25	0.000488104626317832	0.879976133905482	0.496776166438667	-0.0851710890873769	1
23.625	47.25	0.000488760669981012	0.878418943823468	0.507875629530932	-0.0878941712462946	1
23.875	47.25	0.000489409319260912	0.857370038974171	0.536586875950147	-0.0921650646879933	1
24.125	47.25	0.000489900652657975	0.905766022921587	0.45021336006633	-0.0926142979129109	1
24.375	47.25	0.00048991778155007	0.841049714532361	0.549404204604167	-0.0976525137067436	1
24.625	47.25	0.00048942338290932	0.813908168355874	-0.52770274229735	-0.0916581473018465	1
24.875	47.25	0.000488810428463768	0.647542211116518	-0.757246093998799	-0.084263487567113	1
25.125	47.25	0.000488191222743988	0.815383951954076	-0.570458142149112	-0.0890110991238488	1
25.375	47.25	0.000487579924951175	0.750489311801493	-0.641974566201808	-0.0838047187045758	1
25.625	47.25	0.000486861861605163	0.785455753962478	-0.609906896637003	-0.0833090952801624	1
25.875	47.25	0.000486109766170867	0.791565155936886	-0.600362507573767	-0.0819453497108858	1
26.125	47.25	0.00048529278027124	0.799292471689823	-0.593192122517054	-0.0809027948914371	1
26.375	47.25	0.000484399581132027	0.807100387194448	-0.585423937459905	-0.0803237516018397	1
26.625	47.25	0.000483436945123976	0.812384700119963	-0.580870835038807	-0.0800781751453408	1
26.875	47.25	0.00048243219457938	0.815918161314705	-0.577413457622537	-0.0802102407398624	1
27.125	47.25	0.000481457129010489	0.825572874719854	-0.5675868783561	-0.0803220192098994	1
27.375	47.25	0.00048058985806911	0.819543629892327	-0.586477819618025	-0.0817210987154912	1
27.625	47.25	0.000479888274025213	0.782724604970861	-0.612597719849591	-0.0844499977506712	1
27.875	47.25	0.000479433109405186	0.915010977423964	-0.328740852557586	-0.0785943312298175	1
28.125	47.25	0.000479156085477525	0.979118541991081	0.0182080859463945	-0.071243142211275	1
28.375	47.25	0.000478995138640606	0.990895074199603	0.0345361601294145	-0.0682915371192897	1
28.625	47.25	0.000478909830540171	0.993448703095803	-0.0288031165126027	-0.0670469735407315	1
28.875	47.25	0.000478864827997639	0.986669603530845	-0.095025122017099	-0.0653563869211454	1
29.125	47.25	0.000478840787260565	0.976213854891902	-0.154453777305577	-0.0627712780542003	1
29.375	47.25	0.00047882351969546	0.963014593064366	-0.214577910762557	-0.0595700947179972	1
29.625	47.25	0.000478808274462884	0.948220573666089	-0.276919828639876	-0.0559908739429222	1
29.875	47.25	0.000478793110602368	0.91732021537144	-0.361740862771256	-0.0532109821531699	1
30.125	47.25	0.000478841118786397	0.905891360106146	-0.356737655822985	-0.0483486280944634	1
30.375	47.25	0.000479091081309446	0.897916845698474	0.327563027216734	-0.039305086574211	1
30.625	47.25	0.000479784247404685	0.53566157008282	0.837641307469721	-0.0267195156863158	1
30.875	47.25	0.000480763363916177	0.706456412505587	0.731310229743911	-0.035355079951246	1
31.125	47.25	0.000482013129379358	0.700328527601673	0.711606743416822	-0.0355362372054975	1
31.375	47.25	0.00048327901551101	0.674291233661821	0.744755466803599	-0.0347597001266684	1
31.625	47.25	0.000484608545140456	0.697436631206722	0.723899724738522	-0.0363860290303987	1
31.875	47.25	0.000486087748939299	0.694525892864719	0.728192802388067	-0.0364282003211469	1
32.125	47.25	0.000487643831196067	0.678987497392357	0.741827523877783	-0.0378579464294095	1
32.375	47.25	0.000489338775065132	0.720564516892322	0.700003272565887	-0.0360753455434309	1
32.625	47.25	0.000491033734747628	0.688387545236071	0.762975987451947	-0.0378546007592828	1
32.875	47.25	0.000491947991660679	0.592635656757381	0.808114676591301	-0.0466349269228321	1
33.125	47.25	0.000492239380325434	0.907906238308265	-0.217646921823984	-0.029511247977587	1
33.375	47.25	0.000492286750360719	0.829297042360363	-0.474217149203449	-0.013735225859366	1
33.625	47.25	0.000492302567724927	0.875018421058655	-0.391802103634019	-0.00468749039688901	1
33.875	47.25	0.00049231503575604	0.853185342810085	-0.441770703111202	0.00795182436833694	1
34.125	47.25	0.000492039336905182	0.844940308360805	-0.49407189376877	0.017235900327228	1
34.375	47.25	0.00049140406853281	0.830775799275955	-0.558768953718929	0.0219705667746632	1
34.625	47.25	0.000490576987019553	0.79076781996011	-0.651904746259657	0.0209262033792293	1
34.875	47.25	0.000489887918366949	0.755913472363723	-0.713971011857706	0.0142528875059883	1
35.125	47.25	0.000489543070651692	0.756975001925305	-0.716914559608778	0.00524463266570973	1
35.375	47.25	0.000489550309357747	0.756213824483477	-0.714392820028441	-0.00291718788100416	1
35.625	47.25	0.000489874988870015	0.750050580235646	-0.719054676486133	-0.010576833881069	1
35.875	47.25	0.000490384793429897	0.748480293716055	-0.71850367866407	-0.0179421034030249	1
36.125	47.25	0.000490669791377714	0.751776760367653	-0.715231754290925	-0.0249700345378965	1
36.375	47.25	0.000489941354407571	0.733771309091969	-0.726118439275947	-0.03260078193057	1
36.625	47.25	0.000487287887488866	0.790137438272409	-0.672880525326267	-0.0367156154093934	1
36.875	47.25	0.000482006525702203	0.667451922766578	-0.78328515889033	-0.0484479193636968	1
37.125	47.25	0.000474669174297071	0.903250149110736	-0.518032752288735	-0.0463887435353511	1
37.375	47.25	0.000468195050951998	0.564573510200573	-0.846617101340887	-0.0671012777901816	1
0.125	47.75	0.000494085970742347	0.68840208752644	0.730748874750059	-0.10725739584259	1
0.375	47.75	0.000493948545975337	1.02502772564059	0.0286166389062747	-0.108358804093498	1
0.625	47.75	0.000493708927253181	0.973645734943317	0.277815630487673	-0.120191662579927	1
0.875	47.75	0.000493334580689578	0.962121988245823	-0.126259389258841	-0.114037198422347	1
1.125	47.75	0.000492806929922645	0.70222097394299	-0.678438328081504	-0.105984563647281	1
1.375	47.75	0.000492231401656418	0.47943819950469	-0.862524755842274	-0.10484009202245	1
1.625	47.75	0.000491715446140076	0.710148231678425	-0.683569906581809	-0.103409329263635	1
1.875	47.75	0.000491249160065257	0.699339042096404	-0.692973758508054	-0.0996155516340551	1
2.125	47.75	0.000490964856625362	0.786893016583673	-0.595565226233503	-0.0980589895522567	1
2.375	47.75	0.000490869722473893	0.836128152835351	-0.51511353365142	-0.0951085920714528	1
2.625	47.75	0.000491009308903635	0.850163437355951	-0.503565521067428	-0.0904540900960653	1
2.875	47.75	0.000491348984756206	0.808902067066941	0.596538746439454	-0.0905625823665724	1
3.125	47.75	0.00049168548520338	0.822999406906551	0.578857981420962	-0.092523976863243	1
3.375	47.75	0.000491970319977404	0.835466061573264	0.557152955489485	-0.0933577039320363	1
3.625	47.75	0.000492196956576687	0.838085919359441	0.554645258471221	-0.0944023839264966	1
3.875	47.75	0.000492370255677565	0.842722056907604	0.551662216133805	-0.0956100481341225	1
4.125	47.75	0.000492499785173748	0.841626996955715	0.55678432037957	-0.0975275479046669	1
4.375	47.75	0.000492591210147899	0.832703764491164	0.573435933053463	-0.0995401855493547	1
4.625	47.75	0.000492643549056121	0.824730616624647	0.587854833782261	-0.102116755152319	1
4.875	47.75	0.000492659293769096	0.817576681750634	0.59889896573631	-0.104812959051397	1
5.125	47.75	0.00049263918301998	0.813781755551305	0.604986412521378	-0.107614300836375	1
5.375	47.75	0.00049259282983076	0.811752618833637	0.605976333375134	-0.110534495691961	1
5.625	47.75	0.000492535275002084	0.827139212311526	0.584008640792568	-0.112980728598173	1
5.875	47.75	0.00049249142080408	0.820599641044457	0.587475752338002	-0.115827910266898	1
6.125	47.75	0.000492482287722417	0.883446125219349	0.492482903510606	-0.116974320652258	1
6.375	47.75	0.000492522296914218	0.834481329637734	0.56296373336324	-0.121135979999779	1
6.625	47.75	0.0004925856522984	0.969558337852922	-0.208346525466608	-0.120083216574224	1
6.875	47.75	0.000492621046029803	0.592572904847849	-0.793513697002701	-0.117417083930862	1
7.125	47.75	0.000492631014378043	0.97746144840292	-0.170256132451029	-0.116660781344525	1
7.375	47.75	0.0004925549653373	0.581712787107394	-0.796306459190792	-0.114011406703834	1
7.625	47.75	0.000492421741606401	0.904160091442957	-0.396068087769712	-0.111980668980813	1
7.875	47.75	0.00049216591987766	0.671441288338655	-0.71802072552624	-0.108516258299833	1
8.125	47.75	0.00049181262090326	0.801177045676089	-0.576941362013084	-0.10608247303011	1
8.375	47.75	0.000491316406693143	0.717794291977713	-0.674687957678467	-0.10344886268383	1
8.625	47.75	0.000490698470509115	0.746821183030295	-0.647801586589149	-0.100825614946725	1
8.875	47.75	0.000489928478589774	0.726888034480079	-0.669984789782722	-0.0992449404562756	1
9.125	47.75	0.000489012609778889	0.736566261307437	-0.661134137573615	-0.0968687920137701	1
9.375	47.75	0.000487919770958069	0.735894077322888	-0.664017024879268	-0.0957078521093369	1
9.625	47.75	0.000486639572481816	0.731449504344407	-0.666218235302823	-0.0939053585709708	1
9.875	47.75	0.000485156730877993	0.782929258507908	-0.609108534860039	-0.0920644316574796	1
10.125	47.75	0.000483499910586975	0.693005384577557	-0.704548578116735	-0.0912293041704616	1
10.375	47.75	0.000481785392462294	0.875522195197531	-0.458681997507701	-0.0880282311687662	1
10.625	47.75	0.000480203849216387	0.622611062988281	-0.770460796333121	-0.0867337919730806	1
10.875	47.75	0.000479141552303501	0.924260449418787	-0.328826445928053	-0.0851872254985764	1
11.125	47.75	0.000478847087076346	0.663046952948421	-0.740714079767858	-0.0782577070341504	1
11.375	47.75	0.000479552779607698	0.834385131341076	0.56293886424328	-0.0834280962881116	1
11.625	47.75	0.000480664584807495	0.652583961839921	0.770466835745691	-0.0813796935726463	1
11.875	47.75	0.000481862592820898	0.824657672752988	0.579405741864759	-0.0868524202485704	1
12.125	47.75	0.000483063519986587	0.651575961825222	0.771942654600397	-0.0849358931753952	1
12.375	47.75	0.000484179495588438	0.791564492299015	0.628502280888279	-0.0902849096628871	1
12.625	47.75	0.00048521196396945	0.681618425920056	0.744725363610103	-0.0896277228260043	1
12.875	47.75	0.000486127447280021	0.75550697089349	0.672708507463789	-0.0935909659073097	1
13.125	47.75	0.000486945690582475	0.709277846685771	0.718162645294561	-0.0944737341073732	1
13.375	47.75	0.000487657626562126	0.737596533489069	0.690319806233589	-0.0970932052792603	1
13.625	47.75	0.000488285551658198	0.72631560010463	0.699712648904357	-0.0986395852822671	1
13.875	47.75	0.000488835948340531	0.728160617810083	0.69540616387559	-0.100488025277756	1
14.125	47.75	0.000489323488967481	0.740534254065115	0.682138230082463	-0.101362432592116	1
14.375	47.75	0.000489743755325766	0.694373824831983	0.724679296915046	-0.103284340352594	1
14.625	47.75	0.00049007229399499	0.760087407503778	0.659797251342992	-0.102578440762511	1
14.875	47.75	0.000490271105388272	0.617973463774268	0.796091195787725	-0.105846336685587	1
15.125	47.75	0.000490270137618682	0.777762106627247	0.643994924484289	-0.10502583377631	1
15.375	47.75	0.000490100713650686	0.885231397486053	-0.476269606540614	-0.109589388346521	1
15.625	47.75	0.000489809462755548	0.7898176663591	-0.60544552580923	-0.107343692244212	1
15.875	47.75	0.000489450770109214	0.874736208168314	-0.465764535085816	-0.107666049208959	1
16.125	47.75	0.000489030136701617	0.768539519068051	-0.618345088413741	-0.103491495663495	1
16.375	47.75	0.000488554794281163	0.876008883615447	-0.446327275009538	-0.101765860675363	1
16.625	47.75	0.00048804415077896	0.858458242335062	-0.474082251101543	-0.0965038149937244	1
16.875	47.75	0.000487485341729199	0.903469446719222	-0.396882108804236	-0.0935744355899595	1
17.125	47.75	0.000486881807776141	0.914172446562246	-0.377526663717744	-0.0909599156960446	1
17.375	47.75	0.000486240212932664	0.908460483671942	-0.391269949997341	-0.0890334634338278	1
17.625	47.75	0.000485572114676378	0.91996779450707	-0.365529366056685	-0.0861799235740779	1
17.875	47.75	0.000484843855966007	0.892923483138599	-0.423929432477795	-0.0848474173041197	1
18.125	47.75	0.000484054161479725	0.908143136439925	-0.38266608002639	-0.0810190636282015	1
18.375	47.75	0.000483143659305031	0.899311637283139	-0.418060224798062	-0.0786264130637879	1
18.625	47.75	0.00048208446825311	0.846262572266741	-0.508542212102691	-0.0776881211228428	1
18.875	47.75	0.000480878921248174	0.941658248981891	-0.323058536044671	-0.0733618088509009	1
19.125	47.75	0.000479592759774898	0.753563362106298	-0.651245000184712	-0.0761579444148478	1
19.375	47.75	0.000478414015405108	0.968417889978359	-0.24487783466694	-0.0722846911097052	1
19.625	47.75	0.000477554169466367	0.740151837955481	-0.675702032694993	-0.0760717755052845	1
19.875	47.75	0.000477354422251002	0.933563538877756	-0.347869544661675	-0.0739647123966252	1
20.125	47.75	0.00047778947163451	0.84864728412889	0.545100813092562	-0.0747926417362026	1
20.375	47.75	0.000478450542957929	0.891740365979563	0.463844680650539	-0.0781200151252126	1
20.625	47.75	0.000479178614350556	0.852190488334374	0.520309682701226	-0.0775261867796885	1
20.875	47.75	0.000479902550277636	0.868575970152615	0.491421731342481	-0.0775805852473095	1
21.125	47.75	0.000480612513580731	0.867250472603803	0.490588693126725	-0.0767911149074369	1
21.375	47.75	0.000481306496398947	0.870204536162848	0.48734560362322	-0.0761560699348899	1
21.625	47.75	0.000481982892261189	0.868297490980957	0.494060539439791	-0.0758004190635415	1
21.875	47.75	0.000482639467563893	0.865453377615799	0.50343407248107	-0.0758947230596765	1
22.125	47.75	0.000483270930026997	0.860642516210002	0.516099668731125	-0.0765017564258878	1
22.375	47.75	0.000483876530329942	0.856670592421378	0.52684309215073	-0.0775733908572825	1
22.625	47.75	0.000484465839437895	0.853782483114203	0.536416593069807	-0.0791048450933297	1
22.875	47.75	0.00048505861317271	0.84723764535395	0.550690908255496	-0.0813081516464773	1
23.125	47.75	0.000485687190625765	0.847142537066195	0.552385764956497	-0.0836989552912778	1
23.375	47.75	0.000486392294543657	0.852017725352033	0.549839082088179	-0.0861681186279895	1
23.625	47.75	0.000487167635186865	0.839792959832507	0.574841363290604	-0.0897650986265309	1
23.875	47.75	0.000487911322049114	0.839574189913942	0.574297934677122	-0.0936580330938711	1
24.125	47.75	0.000488414432387532	0.863579858872849	0.528043202681788	-0.0969431560460984	1
24.375	47.75	0.000488463091835553	0.890887427569112	0.441889692009373	-0.097792657265091	1
24.625	47.75	0.000487988019926158	0.946562138156059	-0.188016447322461	-0.0925122877542641	1
24.875	47.75	0.00048725809357162	0.658856907498865	-0.740966056107245	-0.0806317004795227	1
25.125	47.75	0.000486469612645761	0.819676912693134	-0.57888630246959	-0.0867674499595599	1
25.375	47.75	0.000485720221408015	0.777707049658869	-0.609569904463562	-0.0833457699172799	1
25.625	47.75	0.000484889593976915	0.776890232477732	-0.619783627984973	-0.0815248917776992	1
25.875	47.75	0.000484005942271144	0.787036833132067	-0.60700610575196	-0.0806755418599535	1
26.125	47.75	0.000483079139622825	0.784196390204241	-0.611562873826473	-0.0793193743782377	1
26.375	47.75	0.000482080765240765	0.786500333310107	-0.611357612188368	-0.078562770909876	1
26.625	47.75	0.000481012887141869	0.78638579952307	-0.613888491596898	-0.0780606227973425	1
26.875	47.75	0.000479885513394667	0.784967876465177	-0.618160563738858	-0.0779593706880521	1
27.125	47.75	0.000478746873867582	0.783678558757212	-0.620789448652595	-0.0781093486351949	1
27.375	47.75	0.000477688497217506	0.790749899557746	-0.619044309496183	-0.078274495885141	1
27.625	47.75	0.000476792557452674	0.755905429764739	-0.664205929836412	-0.0807343708054711	1
27.875	47.75	0.000476139100569919	0.763488002454613	-0.626391121995526	-0.0811539033569972	1
28.125	47.75	0.000475774363817583	0.925470961016015	-0.305387715177936	-0.0748278377657821	1
28.375	47.75	0.000475570655767683	0.975104552997521	-0.0664789902546999	-0.0693871539293242	1
28.625	47.75	0.000475469680069944	0.976056401080552	0.0704746224480668	-0.0637022114718171	1
28.875	47.75	0.000475405484162474	0.970015390161658	0.1588547380426	-0.0587028599640515	1
29.125	47.75	0.000475338717112915	0.96648073937584	0.198305442823216	-0.0549585027375917	1
29.375	47.75	0.000475280395626579	0.963417649085785	0.21856129089104	-0.0517026605950734	1
29.625	47.75	0.000475268908199537	0.961981491635983	0.222038854999268	-0.0486000273417714	1
29.875	47.75	0.000475371816215782	0.97042689987496	0.208490286796786	-0.045191414923452	1
30.125	47.75	0.000475665825267891	0.971254707689902	-0.00256882237576494	-0.044556791259807	1
30.375	47.75	0.00047632335934026	0.835431384454067	0.48626542801713	-0.030793599581742	1
30.625	47.75	0.000477251364512472	0.651856423998762	0.783602658133364	-0.0275168949649284	1
30.875	47.75	0.000478515291814537	0.791723066126204	0.637355808798397	-0.0377123886736703	1
31.125	47.75	0.00047993145955618	0.70797619119752	0.714552086737641	-0.0361403065591041	1
31.375	47.75	0.000481335407844483	0.70114106810311	0.72981261904195	-0.0383571417786627	1
31.625	47.75	0.000482866630272918	0.695048835066936	0.7330780085918	-0.0398037156034589	1
31.875	47.75	0.00048450582325889	0.670448800102811	0.758685156295959	-0.0409930849960395	1
32.125	47.75	0.000486186105891189	0.652970988039526	0.76907425070458	-0.0425014737948682	1
32.375	47.75	0.000487955241029277	0.693201139857126	0.74745191487185	-0.0408358677132803	1
32.625	47.75	0.000489352726920334	0.543552843698015	0.874597686213017	-0.0494881737218899	1
32.875	47.75	0.000489916622692061	0.690174436311915	0.713849963511882	-0.0469802318190627	1
33.125	47.75	0.000489923277410795	0.951016157298821	0.0965051674676074	-0.0414359423926708	1
33.375	47.75	0.000489894572849516	0.920969548291618	-0.125936247864611	-0.0245352825025053	1
33.625	47.75	0.000490028980063556	0.893521741024262	-0.278006848432596	-0.00685828975371691	1
33.875	47.75	0.0004901137817402	0.880691435545903	-0.352193025767989	0.00769707203424267	1
34.125	47.75	0.000489964441588454	0.861106060948733	-0.436806220295687	0.0198572595278222	1
34.375	47.75	0.000489425319157731	0.846733259535104	-0.508437952262194	0.0273671432924925	1
34.625	47.75	0.000488587778019552	0.831972561537272	-0.571309106771333	0.0295096154144931	1
34.875	47.75	0.000487744649378641	0.796251562264943	-0.64999019176588	0.0265469500608002	1
35.125	47.75	0.00048720360161475	0.767860531680167	-0.699358353002951	0.0194075823971514	1
35.375	47.75	0.000487101075583851	0.766282094022695	-0.703848993558646	0.0108904937026254	1
35.625	47.75	0.000487388529094326	0.762139233561559	-0.70684526912786	0.0030286697377014	1
35.875	47.75	0.000487883477212713	0.753971622117797	-0.71431506075215	-0.00460958296723229	1
36.125	47.75	0.000488145379090559	0.758780305435087	-0.71055383369002	-0.0118226249493054	1
36.375	47.75	0.000487319027621008	0.738182301067263	-0.72701040061886	-0.0201432134615994	1
36.625	47.75	0.000484390609263721	0.784483144890828	-0.68094748964663	-0.0250346469807926	1
36.875	47.75	0.000478555354912389	0.696348059924751	-0.763094168018831	-0.0362062242993948	1
37.125	47.75	0.000470447381353709	0.862030297546954	-0.589316876297082	-0.0360164284041884	1
37.375	47.75	0.00046314752502651	0.594831884267378	-0.825010654383787	-0.0561815541450084	1
0.125	48.25	0.000493176785256781	0.726617630205154	0.698665145427771	-0.102307963441415	1
0.375	48.25	0.000492677456174518	0.870188087811634	-0.459614046372546	-0.104981177676757	1
0.625	48.25	0.000492062681509611	0.935242391180402	0.281911433551056	-0.0964718333921632	1
0.875	48.25	0.000491269025203162	1.00357232646751	0.0396095526652812	-0.0943252623526404	1
1.125	48.25	0.000490325413358302	0.994632379570329	0.173432451797319	-0.0990061560711513	1
1.375	48.25	0.00048937119078866	0.937845776138739	0.336995505797819	-0.0995867539837682	1
1.625	48.25	0.000488503434016214	0.866461842874987	0.489689575870933	-0.0982481486887148	1
1.875	48.25	0.000487814144136806	0.89647686216019	0.440578235125714	-0.0982733963564827	1
2.125	48.25	0.000487463123430408	0.816633034701402	0.568148933759205	-0.0987679447298215	1
2.375	48.25	0.000487506888649911	0.800976230820943	0.593761908222165	-0.097039372217332	1
2.625	48.25	0.000487956800255192	0.715004978069444	0.696334151761334	-0.0980361890039039	1
2.875	48.25	0.000488704300605205	0.71608883798163	0.694346468133467	-0.0966259959979681	1
3.125	48.25	0.000489451524316404	0.771246962505309	0.640215260810242	-0.0971586370557579	1
3.375	48.25	0.000490129087522538	0.792578120386297	0.616562246640879	-0.0977339358891866	1
3.625	48.25	0.000490713813581663	0.799229236936955	0.613385309906634	-0.0988851557646999	1
3.875	48.25	0.000491207708149863	0.805890442233078	0.608678494174335	-0.1007284532752	1
4.125	48.25	0.00049161855871246	0.801762090456573	0.616248242597106	-0.102829328642	1
4.375	48.25	0.000491950469501425	0.799139585933828	0.621377097300682	-0.10513859209643	1
4.625	48.25	0.000492206391861765	0.797686812721533	0.623502405457459	-0.107632698594763	1
4.875	48.25	0.000492391288511652	0.799186331943814	0.620858775118753	-0.110052921140716	1
5.125	48.25	0.000492512201511499	0.804551372856782	0.612106373331626	-0.112425324577284	1
5.375	48.25	0.000492583927876688	0.815237341677991	0.59466444075841	-0.114518155892862	1
5.625	48.25	0.000492626196775137	0.836493722930616	0.561746096734361	-0.116281957297754	1
5.875	48.25	0.000492662066168189	0.855385265202544	0.529523346701341	-0.117921515988321	1
6.125	48.25	0.00049270423836891	0.905179750158724	0.443721826419517	-0.119232605188349	1
6.375	48.25	0.000492750035890111	0.888192955626994	0.466941106119615	-0.12192452246382	1
6.625	48.25	0.000492759256778095	0.995095447587158	0.0818282144294747	-0.121248434706135	1
6.875	48.25	0.000492688704340825	0.605228424911472	-0.782173067386785	-0.12128928863201	1
7.125	48.25	0.000492560178197865	0.966149515902665	-0.233860319257512	-0.118029646912709	1
7.375	48.25	0.000492309169237308	0.714759998422456	-0.684185218980837	-0.118708614468424	1
7.625	48.25	0.000491964220756963	0.843161096877977	-0.518661562667577	-0.114658878666341	1
7.875	48.25	0.000491472194969932	0.786590221957541	-0.595894579386678	-0.114314876880664	1
8.125	48.25	0.000490854226528325	0.772591646393109	-0.61157101822679	-0.110045496315085	1
8.375	48.25	0.000490074869697347	0.771682573426439	-0.613979963990983	-0.108427819142456	1
8.625	48.25	0.000489146927720533	0.742723013940874	-0.64782460642106	-0.105004564644281	1
8.875	48.25	0.000488056312556467	0.744370905592412	-0.649606607790887	-0.103068267621112	1
9.125	48.25	0.000486803115601944	0.7190072812394	-0.676142479216417	-0.100724305522678	1
9.375	48.25	0.00048537383061574	0.749855888626073	-0.647323601435905	-0.0984986168737739	1
9.625	48.25	0.000483751888404074	0.676009819568821	-0.720566792305387	-0.0975729446358406	1
9.875	48.25	0.00048194464011626	0.807844927360187	-0.575268353889858	-0.0943769235242427	1
10.125	48.25	0.000479973815502053	0.603172379732132	-0.784586591915095	-0.0948464280104247	1
10.375	48.25	0.000477997645055571	0.892500276453443	-0.422576370648087	-0.0909489507798998	1
10.625	48.25	0.000476200775687794	0.564676223746206	-0.816067597333367	-0.0897645987187151	1
10.875	48.25	0.000475045607458152	0.906140057303458	-0.376262524541855	-0.088763698503427	1
11.125	48.25	0.000474792343771823	0.697919218716649	-0.701734334261516	-0.081363990649189	1
11.375	48.25	0.000475678321344156	0.799166858816417	0.614894782835278	-0.0855246075308105	1
11.625	48.25	0.000477012344011536	0.693241932812681	0.735336706675584	-0.0851997724245182	1
11.875	48.25	0.000478461139949755	0.787917029084767	0.630805164323803	-0.0894337642173671	1
12.125	48.25	0.000479918993013791	0.682186322701068	0.746350562490932	-0.0892892484722905	1
12.375	48.25	0.000481296536079585	0.773775320630112	0.649068226188088	-0.0935088236521497	1
12.625	48.25	0.00048258579593873	0.691791946206832	0.735734642440718	-0.0935900724005507	1
12.875	48.25	0.000483754507618051	0.754665130122801	0.671084123869437	-0.0971321572884364	1
13.125	48.25	0.000484816652920775	0.711171169489344	0.714841420307382	-0.0977989956933407	1
13.375	48.25	0.000485763150509261	0.741633714059551	0.683682879757019	-0.100295019901708	1
13.625	48.25	0.00048661581314144	0.727138206251118	0.697676667056836	-0.101409441658195	1
13.875	48.25	0.000487380036722575	0.735509638445311	0.688843699739666	-0.103331277853278	1
14.125	48.25	0.000488070126354433	0.749288338487667	0.677347557466866	-0.104484842254658	1
14.375	48.25	0.00048867189749888	0.723806032800956	0.70300997692755	-0.107455588940815	1
14.625	48.25	0.000489150691946676	0.819928726080872	0.6023108314763	-0.107879191762137	1
14.875	48.25	0.000489431450208159	0.691669350295614	0.739263663492287	-0.115139646099249	1
15.125	48.25	0.000489412397367366	0.949504514710787	-0.190391098106214	-0.112403120226451	1
15.375	48.25	0.000489098527984256	0.790526895263549	-0.584133794784959	-0.100375358971002	1
15.625	48.25	0.000488638900742876	0.972480144659474	-0.23100410891824	-0.104874049112643	1
15.875	48.25	0.000488087763235731	0.856546002516974	-0.510774928244726	-0.100840477347021	1
16.125	48.25	0.000487484567753622	0.914631341045228	-0.409344305134297	-0.104163734309692	1
16.375	48.25	0.000486807810761123	0.794848509953405	-0.598109462741011	-0.102208248557472	1
16.625	48.25	0.000486093501517881	0.831919250510604	-0.537708383504571	-0.101698641228182	1
16.875	48.25	0.000485350320508393	0.804985761414628	-0.569584917842845	-0.0983540042261231	1
17.125	48.25	0.000484581151118872	0.839808651624698	-0.519683744517551	-0.0958857544156131	1
17.375	48.25	0.000483783683869108	0.841068247825684	-0.517776074669742	-0.0934296860589345	1
17.625	48.25	0.00048296481808873	0.855299567097741	-0.497774211523208	-0.0907877248917256	1
17.875	48.25	0.000482096672671503	0.844505139103235	-0.520635573185475	-0.0892559508258189	1
18.125	48.25	0.000481168142985952	0.828236814257603	-0.541515853256387	-0.0874724648810075	1
18.375	48.25	0.000480139199336089	0.853135326563232	-0.511581511928986	-0.0847068758763019	1
18.625	48.25	0.000478969834030737	0.75316035670566	-0.646040193014188	-0.0853993560317084	1
18.875	48.25	0.000477669978509159	0.879444334269931	-0.464953735098827	-0.081153122072846	1
19.125	48.25	0.000476280331054285	0.687681733155832	-0.721853243614137	-0.0832525445081298	1
19.375	48.25	0.00047500096211216	0.875081345241436	-0.472396374305652	-0.0795983531846507	1
19.625	48.25	0.000474060389927135	0.721497935795142	-0.696003655820753	-0.0806540931378562	1
19.875	48.25	0.000473793187082497	0.796972270400675	-0.604790401751822	-0.0805196750332357	1
20.125	48.25	0.000474258923994749	0.807098777241068	0.58936973330315	-0.0804835103369389	1
20.375	48.25	0.000474988807480352	0.863614892139472	0.493974483327719	-0.0802850056120524	1
20.625	48.25	0.000475790922794324	0.836206925816893	0.538087889620367	-0.0781046034236191	1
20.875	48.25	0.000476606086070377	0.875359306679844	0.475889306979289	-0.0777574842564774	1
21.125	48.25	0.000477417909485015	0.872063318749778	0.482145515607008	-0.0765597661097148	1
21.375	48.25	0.0004782202834011	0.877997298714242	0.478157176006336	-0.0762902785251053	1
21.625	48.25	0.000479008606562304	0.878967882217009	0.481407432557632	-0.0765769461138659	1
21.875	48.25	0.000479778881591698	0.878227444408662	0.488425892505942	-0.077417954736292	1
22.125	48.25	0.000480524243223096	0.877749203902172	0.494271134347738	-0.0789051833400519	1
22.375	48.25	0.000481246313998637	0.879411010841997	0.496132208755429	-0.0808255512504004	1
22.625	48.25	0.000481954906884561	0.880356034263254	0.500086992441986	-0.083377586257519	1
22.875	48.25	0.000482668854680146	0.879845469605846	0.503809394521751	-0.0865485401361155	1
23.125	48.25	0.00048342237089881	0.890105278512824	0.487145887843117	-0.0896662958770757	1
23.375	48.25	0.00048425286689533	0.896701145247884	0.483355144184699	-0.0932130344687641	1
23.625	48.25	0.000485132552133594	0.883968078444702	0.509075970890551	-0.0982797440088848	1
23.875	48.25	0.00048593258644819	0.901598666260033	0.456141162015346	-0.102377454442819	1
24.125	48.25	0.000486527971424084	0.943646112776003	0.334779431989247	-0.102411749441142	1
24.375	48.25	0.000486744772983316	0.920090416924934	0.368513303696795	-0.102472640905047	1
24.625	48.25	0.000486379192373768	0.967771719997845	0.0129389093518494	-0.0975711895903855	1
24.875	48.25	0.00048557356590888	0.645118272496553	-0.740161728748666	-0.086414991020243	1
25.125	48.25	0.000484635064656355	0.740689706739166	-0.679791698338306	-0.0891008332478528	1
25.375	48.25	0.000483705750720325	0.766393516513622	-0.628085589541546	-0.0889308049288082	1
25.625	48.25	0.000482741233919494	0.743799346835465	-0.656259617225905	-0.0858400963849601	1
25.875	48.25	0.00048170908023232	0.770377387911045	-0.627619510141498	-0.085189640754019	1
26.125	48.25	0.000480654369261828	0.775324806469393	-0.620154584910056	-0.0835471780277269	1
26.375	48.25	0.000479545802064724	0.786069215731571	-0.608673266594907	-0.0823382586225858	1
26.625	48.25	0.000478379568026377	0.795113762661006	-0.598690356888917	-0.0813498516135248	1
26.875	48.25	0.000477155877792682	0.802889882335297	-0.59090134843514	-0.0806657629521869	1
27.125	48.25	0.000475898675549304	0.808004304496904	-0.585798934110614	-0.0803952434201576	1
27.375	48.25	0.000474680958263723	0.81733220779919	-0.575015535956734	-0.0801625624503263	1
27.625	48.25	0.000473603794125307	0.823977627755554	-0.578057357078799	-0.0806312817254864	1
27.875	48.25	0.000472741598241099	0.778318405569221	-0.627789613234667	-0.0838566879262562	1
28.125	48.25	0.0004721770367178	0.867987875860086	-0.445396200880149	-0.0803018590548196	1
28.375	48.25	0.000471883426421466	0.974754656663745	-0.0609905999628362	-0.0720539613768815	1
28.625	48.25	0.0004717347205955	0.989995908450286	-0.0523918346009916	-0.0688889584352428	1
28.875	48.25	0.000471663204313673	0.982173689129199	-0.14404182134851	-0.0678830065597737	1
29.125	48.25	0.000471653892058386	0.96465141303961	-0.210559055612887	-0.0653386525918672	1
29.375	48.25	0.000471706687857218	0.943112454539952	-0.274750208543677	-0.0617007029787485	1
29.625	48.25	0.000471861790846754	0.929054812912356	-0.334604523075412	-0.0565931156301468	1
29.875	48.25	0.000472101621177555	0.821658744108323	-0.525561025764646	-0.0555631975155532	1
30.125	48.25	0.000472634207067752	0.948527033873111	0.0607408984037468	-0.0426891260163313	1
30.375	48.25	0.000473626582749824	0.508308301835603	0.870269327317914	-0.0307469998246124	1
30.625	48.25	0.000474836211107928	0.667601515214374	0.78402735681233	-0.0413022972520287	1
30.875	48.25	0.000476297505923241	0.649322837873063	0.771526978405461	-0.0426557156422409	1
31.125	48.25	0.000477786305911161	0.621112205846871	0.799665678948068	-0.0427673320406364	1
31.375	48.25	0.000479332231820806	0.638468638397375	0.786764188010641	-0.0448436368724765	1
31.625	48.25	0.000481012739074392	0.644028309202829	0.783322510330775	-0.0457801357547895	1
31.875	48.25	0.000482764810415397	0.633458942674462	0.794596022767575	-0.0479968503579255	1
32.125	48.25	0.000484562124835852	0.666013800328422	0.765116626671108	-0.0487812690106632	1
32.375	48.25	0.000486330185131314	0.687049884820043	0.779283862047956	-0.050398914209504	1
32.625	48.25	0.000487368996797382	0.51900116024486	0.876264313912945	-0.0640363743788438	1
32.875	48.25	0.000487700839800093	0.931669894481997	-0.0742987542958339	-0.0486615181798473	1
33.125	48.25	0.00048758083822721	0.80608551613766	-0.520350651894429	-0.031643246607761	1
33.375	48.25	0.000487364311285126	0.897146690911173	-0.344499325266794	-0.0261664479673528	1
33.625	48.25	0.000487360818005447	0.878902142663189	-0.33654209516316	-0.0124951945857547	1
33.875	48.25	0.000487446705123789	0.863259938457476	-0.374147804724208	0.00283803008170363	1
34.125	48.25	0.000487398882408146	0.843674297383984	-0.44291232191604	0.0173300756026342	1
34.375	48.25	0.000486994159391164	0.828338453109853	-0.512661914397843	0.02808381344808	1
34.625	48.25	0.000486221677600478	0.823359674202083	-0.559859338201257	0.0333588477005989	1
34.875	48.25	0.00048533053389315	0.816422479852419	-0.599841897169188	0.0337067260396572	1
35.125	48.25	0.000484648160467461	0.788366971962984	-0.658392942116392	0.0300876601812222	1
35.375	48.25	0.000484407176740891	0.767964350859465	-0.694482792192331	0.023409096635181	1
35.625	48.25	0.000484635171360203	0.767190424672382	-0.698614291188798	0.0157926378453126	1
35.875	48.25	0.000485116442390576	0.760415961258632	-0.705873170740608	0.00839655895388307	1
36.125	48.25	0.000485359679347927	0.759430900122042	-0.708840990308026	0.00129565548095989	1
36.375	48.25	0.000484451222869674	0.747301596323467	-0.720374885136629	-0.00682177393957069	1
36.625	48.25	0.000481287527024573	0.76979690409697	-0.698723497504336	-0.0127863632645099	1
36.875	48.25	0.000474966767062735	0.722247756776207	-0.74131283979551	-0.0229812730372838	1
37.125	48.25	0.00046618334163337	0.833754537968946	-0.634233491545206	-0.0244438149702643	1
37.375	48.25	0.000458178845078867	0.604028907736416	-0.817081083869513	-0.0444844790495302	1
0.125	48.75	0.000488205046947803	0.799892539015283	0.618807937145654	-0.113784570701629	1
0.375	48.75	0.000487432090172473	0.939333361917679	-0.333050676654871	-0.118801058327598	1
0.625	48.75	0.000486640790492126	0.953220236312475	-0.209832457899129	-0.112329222638327	1
0.875	48.75	0.000485697300250411	0.885224309771548	-0.422833386132659	-0.108267065383242	1
1.125	48.75	0.000484608021823131	0.813589591782904	-0.549866807592656	-0.10444360299001	1
1.375	48.75	0.000483435600144633	0.759844396211614	-0.630472254879033	-0.100537324428956	1
1.625	48.75	0.000482348417246216	0.748639624176769	-0.646494569645719	-0.0996423580138268	1
1.875	48.75	0.00048150652489558	0.780972639053972	-0.601540124263631	-0.0963782157228542	1
2.125	48.75	0.000481264248507825	0.925835662759155	-0.352482563541232	-0.0936877697019075	1
2.375	48.75	0.000481645850930364	0.932012221059568	-0.332520770379419	-0.0930397992603947	1
2.625	48.75	0.000482610388635698	0.963485274343148	-0.232021944084106	-0.089255347412652	1
2.875	48.75	0.000483941250521054	0.87043951363155	0.515135799515207	-0.0893288201261954	1
3.125	48.75	0.000485273761371213	0.900537750305697	0.469298747801805	-0.0942844422317879	1
3.375	48.75	0.00048653203147387	0.864667503416547	0.527009439530403	-0.0964350872034214	1
3.625	48.75	0.000487670365029417	0.854450406612761	0.545981846021214	-0.0996139290642992	1
3.875	48.75	0.000488681226279432	0.840786267651324	0.565990254493779	-0.102370441362597	1
4.125	48.75	0.00048955813566401	0.827593549644672	0.584961120124454	-0.105204358158993	1
4.375	48.75	0.000490298964062023	0.821116087899668	0.593001419116359	-0.10792918127887	1
4.625	48.75	0.000490902905649142	0.815545195859717	0.5987161165977	-0.110511473388425	1
4.875	48.75	0.000491376303090678	0.818553293343208	0.591521986170664	-0.112826053567149	1
5.125	48.75	0.000491733279456151	0.824582997942557	0.57924267940443	-0.114746096976784	1
5.375	48.75	0.000491998806548398	0.84387382229054	0.546962799022538	-0.116243329531071	1
5.625	48.75	0.000492204713069606	0.868756189882033	0.505134348201245	-0.117449309723583	1
5.875	48.75	0.000492376446527251	0.894406111905475	0.458919995974937	-0.118792341916562	1
6.125	48.75	0.00049252114339596	0.922267821219481	0.402617988454311	-0.120231545081566	1
6.375	48.75	0.000492605169473011	0.91189681471416	0.418991568011382	-0.12206358163007	1
6.625	48.75	0.000492563614711661	0.953178724723601	0.327207058388491	-0.122103113340451	1
6.875	48.75	0.000492338907479221	0.706904750509345	-0.69202274624087	-0.125782704005821	1
7.125	48.75	0.000491982419534325	0.881939320003233	-0.449916710932612	-0.118621431260679	1
7.375	48.75	0.000491484815441446	0.869541386551974	-0.478908055292813	-0.121458644377394	1
7.625	48.75	0.000490848397504866	0.786974219516448	-0.600505371829975	-0.116197835361808	1
7.875	48.75	0.000490066867606106	0.849666860888487	-0.516356206778387	-0.117195721215107	1
8.125	48.75	0.000489136332432796	0.790134554443783	-0.591980038434116	-0.114222149879838	1
8.375	48.75	0.000488056836086404	0.798848142584163	-0.582899359693752	-0.112222390304326	1
8.625	48.75	0.000486817081266561	0.770681444157912	-0.615246227407918	-0.109854833847267	1
8.875	48.75	0.000485425888434765	0.774549133935855	-0.613665903276651	-0.107000293335877	1
9.125	48.75	0.000483869956079841	0.722830008113961	-0.670851929459761	-0.10546223040052	1
9.375	48.75	0.000482155581653298	0.788289063857063	-0.598739685255238	-0.10194680293778	1
9.625	48.75	0.000480250904249839	0.647300852332375	-0.745947501953312	-0.102041269945076	1
9.875	48.75	0.00047818934029881	0.841556952892442	-0.521672914374822	-0.0976256329773248	1
10.125	48.75	0.000475972048652807	0.5626166969484	-0.815182204408847	-0.0986602186941601	1
10.375	48.75	0.000473798678313741	0.890127392748262	-0.422111527482147	-0.0945987894840283	1
10.625	48.75	0.000471849158645125	0.568105526268689	-0.814265401408141	-0.092500528701817	1
10.875	48.75	0.00047063273740418	0.84800381669007	-0.498525929531036	-0.0927464913683338	1
11.125	48.75	0.000470445729731446	0.731304305926689	-0.662165184581492	-0.0855837449070972	1
11.375	48.75	0.000471478860316295	0.751470054653499	0.673088163957372	-0.0881106160654805	1
11.625	48.75	0.000472988946135688	0.709740681754951	0.721002971249214	-0.0892796535808462	1
11.875	48.75	0.000474644289695353	0.753192745485726	0.672608634651045	-0.0924388739081718	1
12.125	48.75	0.000476319534725587	0.696609052318722	0.732519829508957	-0.0933154894548946	1
12.375	48.75	0.000477926809132629	0.75049756692786	0.6747434267802	-0.0964282841423655	1
12.625	48.75	0.000479448460394289	0.69863064880547	0.728677393551233	-0.0970881457816135	1
12.875	48.75	0.000480852906814154	0.745375951270703	0.67964817856885	-0.0999070873837584	1
13.125	48.75	0.000482146729251757	0.712167899163198	0.713548089197303	-0.100669169426895	1
13.375	48.75	0.0004833226698714	0.74376801103489	0.681279664500423	-0.102917239233563	1
13.625	48.75	0.000484400705165959	0.728526016860146	0.696761908707523	-0.104201110881239	1
13.875	48.75	0.000485390365145959	0.755100409053596	0.669883565539658	-0.105963397500444	1
14.125	48.75	0.00048630122948198	0.74873041067263	0.678230090673259	-0.108086755601028	1
14.375	48.75	0.00048711197446367	0.774146068531288	0.648199194222263	-0.109941359337766	1
14.625	48.75	0.000487762854239576	0.795235407200286	0.626771774827245	-0.112112448671655	1
14.875	48.75	0.00048812858431259	0.777419077878764	0.644145437358555	-0.115106873645856	1
15.125	48.75	0.000488068095962417	0.837024950861941	0.560592087361544	-0.116064768250101	1
15.375	48.75	0.000487620891288702	0.549590004029846	-0.813493880559869	-0.117701778395725	1
15.625	48.75	0.000486975325553177	0.77504343440916	-0.603638406692862	-0.111302294002318	1
15.875	48.75	0.000486207136429929	0.831470144697988	-0.517107876594018	-0.109567205892123	1
16.125	48.75	0.000485419895522276	0.895573111955098	-0.412265156525573	-0.103363546296409	1
16.375	48.75	0.000484554322299138	0.936676142072391	-0.331537642835823	-0.103481943479389	1
16.625	48.75	0.000483637657978148	0.88732295467794	-0.44621636654974	-0.101149270524846	1
16.875	48.75	0.000482685190170926	0.896884344979203	-0.423636786625177	-0.10054602579547	1
17.125	48.75	0.000481724977105114	0.886719502522151	-0.435139106919321	-0.0977162471966999	1
17.375	48.75	0.000480759928208567	0.89941604528353	-0.404065451349113	-0.0951857974304711	1
17.625	48.75	0.000479802071611894	0.913873816982926	-0.366100934362958	-0.0915948908474648	1
17.875	48.75	0.000478828335381153	0.924036733048838	-0.344601720017204	-0.0884267137229737	1
18.125	48.75	0.000477816246555363	0.920607884113186	-0.346105178047351	-0.0855851217308852	1
18.375	48.75	0.000476737902849898	0.949079466617348	-0.278517366470362	-0.0810713084403545	1
18.625	48.75	0.000475517572751803	0.886159664726419	-0.435722958135631	-0.0810289411719581	1
18.875	48.75	0.00047418522016259	0.963711124807443	-0.229337511835982	-0.0754903694724241	1
19.125	48.75	0.000472742909683354	0.860343018033219	-0.499568521667207	-0.077114824226701	1
19.375	48.75	0.000471393490173028	0.938184237946035	-0.322226220527081	-0.0735905223504778	1
19.625	48.75	0.000470379114721354	0.892571345893933	-0.441687904497529	-0.0738302455181341	1
19.875	48.75	0.000470027022080578	0.885330177210185	-0.467296809923009	-0.0722861386277357	1
20.125	48.75	0.000470477243970821	0.90359535992166	0.448760880865437	-0.07506584781365	1
20.375	48.75	0.000471230751910094	0.894186554272304	0.447709885622668	-0.076869969157869	1
20.625	48.75	0.00047207988190466	0.873968672035353	0.483823079550239	-0.0755807688171896	1
20.875	48.75	0.000472956015922527	0.895601252328	0.443059465104665	-0.0764704688410272	1
21.125	48.75	0.000473854974301551	0.876284437348969	0.481158115488761	-0.0756505255258007	1
21.375	48.75	0.000474751988053274	0.881941982399168	0.477001474192476	-0.0764662487637502	1
21.625	48.75	0.00047564726958327	0.872414140317529	0.497661606071728	-0.0771028763068232	1
21.875	48.75	0.000476527772448464	0.868789659190761	0.509140867185528	-0.0785381830513099	1
22.125	48.75	0.000477389180874149	0.863121401050687	0.522211774294639	-0.0803068487519995	1
22.375	48.75	0.000478232015299769	0.861060909584472	0.53012139594257	-0.0824599713595947	1
22.625	48.75	0.00047906437587977	0.854121109376719	0.545361240460095	-0.085249856378384	1
22.875	48.75	0.000479900715801259	0.850227087473014	0.551662956521242	-0.0882972066448441	1
23.125	48.75	0.000480775558557408	0.858604901880892	0.541298997314509	-0.0910184831577822	1
23.375	48.75	0.000481708286617008	0.843078720113888	0.571941965113041	-0.0947904898425901	1
23.625	48.75	0.000482638174755651	0.824678400686397	0.591531166719481	-0.0992243128016645	1
23.875	48.75	0.000483488666904175	0.86074301565296	0.51918883034188	-0.10088613406056	1
24.125	48.75	0.000484172117386853	0.875774455125883	0.475147408710995	-0.100875011425227	1
24.375	48.75	0.000484556973524815	0.895217834514622	0.438454682544445	-0.0983089702497224	1
24.625	48.75	0.000484366181840062	0.876030215346748	0.456761708530429	-0.099251970014191	1
24.875	48.75	0.000483536759285046	0.870710593208833	-0.420156061208755	-0.0909486047834656	1
25.125	48.75	0.000482476737960454	0.686996586691112	-0.725193817779692	-0.0834421354720586	1
25.375	48.75	0.000481365300436243	0.819124607416679	-0.574942075383194	-0.0886972112588165	1
25.625	48.75	0.000480269506020626	0.755464167407468	-0.641769829340011	-0.0848104404049672	1
25.875	48.75	0.000479103206224807	0.770751721389969	-0.630076249404137	-0.0841674332197844	1
26.125	48.75	0.000477924020136428	0.768661222679207	-0.630032742912012	-0.082796920889484	1
26.375	48.75	0.000476715706450479	0.768619749095901	-0.631072119956366	-0.0814689603306623	1
26.625	48.75	0.00047546578779059	0.770583939078557	-0.629904156731159	-0.0804185706132822	1
26.875	48.75	0.000474170793148471	0.772186417713972	-0.629632419965158	-0.0795563238533511	1
27.125	48.75	0.000472838165738955	0.773552505262879	-0.630210317474912	-0.0790379566443084	1
27.375	48.75	0.000471512686463807	0.773974167628508	-0.63044839001067	-0.0788388376110114	1
27.625	48.75	0.000470293836215633	0.785413174864868	-0.621193684129739	-0.0784893100012011	1
27.875	48.75	0.000469283367340832	0.768758202947324	-0.651291198672589	-0.0800273446888012	1
28.125	48.75	0.000468553411292771	0.740857555186044	-0.65924177188756	-0.0821346163726791	1
28.375	48.75	0.000468170843065182	0.898169605344944	-0.359621604419183	-0.0755974044925578	1
28.625	48.75	0.000467993118538463	0.963634251724936	0.084404231076279	-0.06649568409375	1
28.875	48.75	0.000467888597857396	0.934548073886788	0.298356014240421	-0.0591155607325399	1
29.125	48.75	0.000467812807885697	0.926215404529878	0.351382926975616	-0.0560738327311639	1
29.375	48.75	0.000467848535294881	0.913445887981629	0.384427166567389	-0.0536201477028294	1
29.625	48.75	0.000468084868304158	0.893197826976934	0.433237892462907	-0.0510736255484266	1
29.875	48.75	0.000468622753997354	0.923383851391721	0.338967969284739	-0.0491798658440157	1
30.125	48.75	0.000469603817218179	0.741373345540991	0.646289098613706	-0.0442402229763568	1
30.375	48.75	0.000470789798253045	0.602556344007444	0.819165239691109	-0.0404220442479188	1
30.625	48.75	0.000472214207460134	0.750132365147926	0.681244670238208	-0.0483079432542896	1
30.875	48.75	0.000473790170320711	0.707064566498829	0.714927778060981	-0.0465792783671566	1
31.125	48.75	0.000475353459040486	0.71411556866746	0.718904055196145	-0.0483815559741156	1
31.375	48.75	0.000477030452938595	0.723221991692635	0.710906544882566	-0.0505501374928769	1
31.625	48.75	0.000478819020665072	0.716389505493228	0.723099044149881	-0.0527268084744044	1
31.875	48.75	0.000480657823702838	0.704832122327732	0.732882058466081	-0.0561443109817535	1
32.125	48.75	0.000482567663997421	0.753524502107437	0.697024208762894	-0.0568714888711123	1
32.375	48.75	0.000484171231475857	0.640852278713489	0.816180547186919	-0.0671548767108248	1
32.625	48.75	0.000484918357688558	0.732180652550775	0.671770250260674	-0.069550749934136	1
32.875	48.75	0.000485049266835147	0.958254786706369	0.0435850201956955	-0.0604289002799569	1
33.125	48.75	0.000484824671753912	0.943805716560134	-0.0622344524264378	-0.0488947179706644	1
33.375	48.75	0.00048466505824291	0.919813509274541	-0.191050304607897	-0.0337536139578808	1
33.625	48.75	0.000484602846911492	0.909676552620469	-0.225974478309748	-0.0192047790754849	1
33.875	48.75	0.000484661084919924	0.891172728652575	-0.276654614425473	-0.00315049536773123	1
34.125	48.75	0.000484680677974731	0.86449902337438	-0.365789072616616	0.0136014337399971	1
34.375	48.75	0.000484388402577245	0.835833679489458	-0.470058822391205	0.0278905603664421	1
34.625	48.75	0.000483662968460863	0.82120372332896	-0.542334596427818	0.0364019779005818	1
34.875	48.75	0.000482719899015103	0.821284779689833	-0.575106470314762	0.0390544875633702	1
35.125	48.75	0.000481926463716728	0.814626892258154	-0.605754171991793	0.0379263769929434	1
35.375	48.75	0.000481556170776516	0.788277403413435	-0.656260112864231	0.0340086798437168	1
35.625	48.75	0.000481694565283375	0.772245520379914	-0.685430750446418	0.0278564547873469	1
35.875	48.75	0.000482146653054418	0.769515307182192	-0.692240317727396	0.0209357224889088	1
36.125	48.75	0.000482366570453902	0.762724494550098	-0.701836361904693	0.014106722896333	1
36.375	48.75	0.000481368993165057	0.757383969530892	-0.708927612691037	0.00666100789580168	1
36.625	48.75	0.000477962148880917	0.761613710219446	-0.707868655913426	8.40833392538433e-05	1
36.875	48.75	0.000471163245338926	0.734331267521197	-0.729599444502634	-0.00940097617611375	1
37.125	48.75	0.000461713969581497	0.824651314673405	-0.650696952647129	-0.0116208968541274	1
37.375	48.75	0.000453049023318002	0.59592068933436	-0.822382483431499	-0.0321910097831414	1
0.125	49.25	0.000478394757384313	0.903362345292434	0.410876588861027	-0.108853186270767	1
0.375	49.25	0.000477596068668752	0.83833404738668	-0.550599132049339	-0.10549414607859	1
0.625	49.25	0.000477107160535886	0.909365329887405	0.405633476236365	-0.10963316970437	1
0.875	49.25	0.000476488945237039	0.910265395013494	0.401020270331557	-0.104023905308078	1
1.125	49.25	0.000475707386564478	0.899962668988301	0.447898096605772	-0.107801898323641	1
1.375	49.25	0.000474696358212736	0.903102946580011	0.409791185743357	-0.107197518287864	1
1.625	49.25	0.000473610121066337	0.879099981801475	0.46517944351827	-0.10467406855776	1
1.875	49.25	0.000472838429056771	1.00119307814284	0.034562523565913	-0.105668946391922	1
2.125	49.25	0.000472936917394213	0.976425349036232	0.168022413309368	-0.105874566525743	1
2.375	49.25	0.000473885560943635	0.849652086106702	0.518512044901312	-0.101783738605875	1
2.625	49.25	0.000475457197268084	0.710646561217096	0.709537121528687	-0.103270876283513	1
2.875	49.25	0.0004773765270975	0.713454720232216	0.707623310472972	-0.102991392701557	1
3.125	49.25	0.000479327345582931	0.769265490484605	0.64999953279105	-0.104440719766906	1
3.375	49.25	0.000481231619773243	0.770234238302816	0.650242185313905	-0.105328422830284	1
3.625	49.25	0.000483012189080676	0.778488734885963	0.644089433848275	-0.107168941982986	1
3.875	49.25	0.000484635653953049	0.782422672546049	0.639691069340122	-0.109195320771897	1
4.125	49.25	0.000486073423392773	0.780936227698932	0.64098280364797	-0.111252694849993	1
4.375	49.25	0.000487306326891867	0.786118321148827	0.632848084055752	-0.113246825449682	1
4.625	49.25	0.000488328611921711	0.794516235019853	0.618501063996134	-0.114961769710203	1
4.875	49.25	0.000489149263227695	0.808723569904228	0.595910347225498	-0.116153970587916	1
5.125	49.25	0.000489797055485853	0.833855970556929	0.556532618156801	-0.117018680627501	1
5.375	49.25	0.000490318261287977	0.86616420891275	0.504411520423789	-0.11753063677983	1
5.625	49.25	0.000490761432096207	0.894407092210189	0.456525158899352	-0.118427126236674	1
5.875	49.25	0.000491157969082772	0.912601067080291	0.422516779804329	-0.119802011332814	1
6.125	49.25	0.000491496237304893	0.925387834971028	0.398165427341673	-0.121323514786981	1
6.375	49.25	0.000491696612361281	0.909714075998912	0.433770062553108	-0.123461061762947	1
6.625	49.25	0.000491630847861561	0.925749812372045	0.407866072826541	-0.124948427992619	1
6.875	49.25	0.000491218979435277	0.85900182709695	-0.497376308674947	-0.128800388794882	1
7.125	49.25	0.00049055422784384	0.675551563988598	-0.719337392383116	-0.121940859019075	1
7.375	49.25	0.000489745648025384	0.923566706129295	-0.366440220233203	-0.123840762581614	1
7.625	49.25	0.000488771388401889	0.795775951526903	-0.580208171553111	-0.119567720023208	1
7.875	49.25	0.000487667145468684	0.835575362342942	-0.53864729356743	-0.117876926597776	1
8.125	49.25	0.000486422580638047	0.835349118250502	-0.533132951548684	-0.117227717139817	1
8.375	49.25	0.000485052413484477	0.811276372052711	-0.568147140886307	-0.114550903285761	1
8.625	49.25	0.000483544917851128	0.79437057918452	-0.58924970710234	-0.113399580709068	1
8.875	49.25	0.000481913847772614	0.806820789227842	-0.573241052112272	-0.110244395891532	1
9.125	49.25	0.000480140603515302	0.728172265510051	-0.666595626652694	-0.109574330978293	1
9.375	49.25	0.00047824450359129	0.822954359162034	-0.550132364622305	-0.105230804202949	1
9.625	49.25	0.000476173557369539	0.639957163871222	-0.753523061025875	-0.106045587727072	1
9.875	49.25	0.000473981048485658	0.860489508008711	-0.48706356059298	-0.101025106955368	1
10.125	49.25	0.000471641794252799	0.571602340632746	-0.810582435641974	-0.101902067914587	1
10.375	49.25	0.000469375414358921	0.870258613531564	-0.459925172740652	-0.0984552007401468	1
10.625	49.25	0.000467368522741724	0.623092419385014	-0.772692524731913	-0.0953092189222614	1
10.875	49.25	0.000466136771742693	0.787893076839834	-0.595526224080152	-0.0966448418851798	1
11.125	49.25	0.00046601617667168	0.764583319828212	-0.621778329109573	-0.0904330131835471	1
11.375	49.25	0.000467141332968833	0.71192190600735	0.714254512199578	-0.0913528449068305	1
11.625	49.25	0.000468756201928145	0.730623237152339	0.699947641193881	-0.093810471557533	1
11.875	49.25	0.000470545010943219	0.73520775625475	0.69076263719514	-0.0959261717535975	1
12.125	49.25	0.000472367327457016	0.714760951999637	0.713318951985741	-0.0974014811654641	1
12.375	49.25	0.000474140853026664	0.744088378460601	0.680159168064567	-0.0997092071228013	1
12.625	49.25	0.000475838038689757	0.717520779044236	0.708717778780766	-0.100743411850209	1
12.875	49.25	0.000477428525603785	0.750440595489648	0.672533103723227	-0.103028899545686	1
13.125	49.25	0.000478913813578641	0.732983962416028	0.691862750458851	-0.103956728486951	1
13.375	49.25	0.000480288709885416	0.759053197239857	0.663727407865664	-0.106170071738874	1
13.625	49.25	0.000481575130795473	0.756110809657564	0.667260805507188	-0.107422038290011	1
13.875	49.25	0.000482781361444309	0.778805474473641	0.643461560559352	-0.109597714765387	1
14.125	49.25	0.00048391361608656	0.778291303810723	0.644026658474471	-0.111704770090046	1
14.375	49.25	0.000484934585180442	0.809546410286669	0.604046614625905	-0.113783489823804	1
14.625	49.25	0.000485759444890165	0.833072956304704	0.583987158694975	-0.115902087414829	1
14.875	49.25	0.000486197867753076	0.770646284870615	0.649483791670508	-0.121452759271812	1
15.125	49.25	0.000486124145372825	0.964306620678754	0.215637383198723	-0.118507356138059	1
15.375	49.25	0.000485544031354719	0.940665042809322	-0.301846631072981	-0.11533731906597	1
15.625	49.25	0.000484670195275641	0.495715913191991	-0.862599998737004	-0.11271218391714	1
15.875	49.25	0.000483682797780139	0.750318507076783	-0.653312466244169	-0.113673596101408	1
16.125	49.25	0.000482633679739543	0.671499750492683	-0.717560831715005	-0.110293039605502	1
16.375	49.25	0.000481590600621043	0.827852352332762	-0.534126269662852	-0.107374563925232	1
16.625	49.25	0.000480518314807716	0.848305128827765	-0.501126213290346	-0.104255605331348	1
16.875	49.25	0.000479423108434284	0.83098670363211	-0.541215244146746	-0.101764297069183	1
17.125	49.25	0.000478305115004317	0.827890405714498	-0.548904811973964	-0.100917303749264	1
17.375	49.25	0.000477194461166975	0.810221332196047	-0.571854617966796	-0.0992326807154383	1
17.625	49.25	0.000476101266033299	0.806660530097604	-0.573943598636595	-0.097512217159096	1
17.875	49.25	0.000475021393864102	0.809843832293528	-0.570660442800167	-0.0952077557683548	1
18.125	49.25	0.000473923708930577	0.787370051472186	-0.598799245390446	-0.0938683406055679	1
18.375	49.25	0.000472787962889509	0.818890334248563	-0.557360111240985	-0.090655341460972	1
18.625	49.25	0.000471544245874593	0.758468215090531	-0.638210474681988	-0.0901942036481543	1
18.875	49.25	0.000470210619133179	0.803773372895657	-0.578178153845575	-0.0867699155446709	1
19.125	49.25	0.000468783959617064	0.756096027324279	-0.645237568345764	-0.0860634802315293	1
19.375	49.25	0.000467452110612551	0.745296569774244	-0.657996711741374	-0.0838106498464275	1
19.625	49.25	0.000466444482886786	0.789655216227831	-0.607534555058733	-0.0835906638186544	1
19.875	49.25	0.000466055973080329	0.669902657691998	-0.742012125900322	-0.081723861832856	1
20.125	49.25	0.000466472719899507	0.842802130583995	0.528072949568259	-0.0831833632678716	1
20.375	49.25	0.00046721978437442	0.81787470817584	0.557514679520883	-0.0793103469804961	1
20.625	49.25	0.000468082592348312	0.871611814294925	0.478180533120741	-0.0781545874069831	1
20.875	49.25	0.000469021260227155	0.865632568702745	0.494996685559154	-0.0767157462189333	1
21.125	49.25	0.00046999013732092	0.877473453084018	0.483175749824076	-0.0768148603905158	1
21.375	49.25	0.000470971268158312	0.873780241420234	0.49665916218974	-0.0774911252530325	1
21.625	49.25	0.000471952641793608	0.875837323730557	0.499689659869323	-0.079044253878745	1
21.875	49.25	0.000472925045860664	0.87493317417079	0.506297471531444	-0.081198207648429	1
22.125	49.25	0.00047388432160514	0.878080707306287	0.505176108019303	-0.0838342732364204	1
22.375	49.25	0.000474834266059583	0.882279524354277	0.503154639594964	-0.0869807872080264	1
22.625	49.25	0.000475779185973759	0.880508174406037	0.508410974154352	-0.090862469536075	1
22.875	49.25	0.000476732040664432	0.892262868046907	0.486188405575244	-0.0944505673587202	1
23.125	49.25	0.000477722329913571	0.903136478206765	0.472959487487941	-0.0981119524995598	1
23.375	49.25	0.000478731984319804	0.882952150630379	0.511622000522353	-0.103462715528626	1
23.625	49.25	0.000479683172032615	0.898657583652887	0.459427027701041	-0.107473112379241	1
23.875	49.25	0.000480557783790552	0.945382709324138	0.310504335560283	-0.107251965459273	1
24.125	49.25	0.000481330785596227	0.952893324902664	0.270817151726541	-0.104475251451546	1
24.375	49.25	0.000481842901877524	0.95486263497035	0.261839959651131	-0.10230667136808	1
24.625	49.25	0.000481847864547558	0.978373004233908	0.156548875939643	-0.0991263629311271	1
24.875	49.25	0.000481140666925709	0.903463481723578	-0.360394695423665	-0.0974319040817743	1
25.125	49.25	0.000480055591941578	0.652962112118322	-0.735733408675552	-0.0868269784892021	1
25.375	49.25	0.000478843013134805	0.770984254297816	-0.637974723161547	-0.090082434661619	1
25.625	49.25	0.000477632851381877	0.754902016733644	-0.641280366303644	-0.0883845771832195	1
25.875	49.25	0.000476383624261781	0.752286181053771	-0.649367782821138	-0.0867034695738021	1
26.125	49.25	0.000475099667335569	0.765725704892643	-0.633569874741223	-0.085906867978566	1
26.375	49.25	0.00047380530490707	0.769006660342688	-0.629161540234082	-0.0844635834644174	1
26.625	49.25	0.00047248219209698	0.777464769013139	-0.619728108080772	-0.083291097536536	1
26.875	49.25	0.000471129838387175	0.784516402177964	-0.611712777190896	-0.082154854454293	1
27.125	49.25	0.000469747049432785	0.791484151949056	-0.6045469393944	-0.0812198173724793	1
27.375	49.25	0.000468356696757577	0.795861716793057	-0.600500306158959	-0.0806200177818352	1
27.625	49.25	0.000467029127854804	0.801913503920636	-0.592747848603276	-0.0801184988806908	1
27.875	49.25	0.000465882512980985	0.817031032598616	-0.584535422278781	-0.0796607189588187	1
28.125	49.25	0.000464989614461625	0.765253011099885	-0.649321339200068	-0.0830080977114421	1
28.375	49.25	0.000464421912048476	0.827898381362766	-0.520279576222123	-0.0809807515811929	1
28.625	49.25	0.00046419909874885	0.965265523163864	-0.159730658771848	-0.0721351861675106	1
28.875	49.25	0.00046413322006834	0.975387593443658	-0.173090305506217	-0.0706915839737421	1
29.125	49.25	0.000464224398458745	0.953846252938934	-0.235808643814082	-0.0677727608001684	1
29.375	49.25	0.000464482464439886	0.942545458166519	-0.264610372029537	-0.0624937597094086	1
29.625	49.25	0.00046491643195855	0.872942250707883	-0.416196625666526	-0.0580851737981818	1
29.875	49.25	0.000465637023566286	0.935705009207742	-0.19762931324872	-0.0461732029658409	1
30.125	49.25	0.00046672604467843	0.646378335095329	0.773892175903216	-0.0367974136006529	1
30.375	49.25	0.000468048108533483	0.702474706949744	0.75412220257873	-0.0456890462517205	1
30.625	49.25	0.000469623311777665	0.705561427791292	0.728536466210029	-0.0491802650252561	1
30.875	49.25	0.000471234198261277	0.64663567984302	0.785970870450411	-0.0500692136294538	1
31.125	49.25	0.000472895829831739	0.652948044074821	0.784257137386618	-0.0537325448286523	1
31.375	49.25	0.000474689922634466	0.642679295082188	0.793136389930884	-0.0563611548525087	1
31.625	49.25	0.000476592458952416	0.631674073971125	0.804484201935008	-0.0597787079138681	1
31.875	49.25	0.000478579448777206	0.641013868944106	0.79390730653496	-0.062801112564989	1
32.125	49.25	0.000480562172301211	0.679913643028582	0.785766975997068	-0.0651950491632822	1
32.375	49.25	0.000481935418965278	0.496525103272636	0.890153317046518	-0.0785758391964414	1
32.625	49.25	0.000482478471044765	0.898561570547706	0.310427854944875	-0.0664505282812781	1
32.875	49.25	0.000482342468224783	0.843183167190949	-0.467010536020897	-0.0517960477961346	1
33.125	49.25	0.000482038201338058	0.908149498785142	-0.34343990333032	-0.0463631389830919	1
33.375	49.25	0.00048177769857242	0.912850559429288	-0.284375119434207	-0.0372091315285397	1
33.625	49.25	0.000481629439297423	0.906961693609356	-0.263137377155173	-0.0249920391604263	1
33.875	49.25	0.000481606533125229	0.893420414419088	-0.274220906989317	-0.0102204644341647	1
34.125	49.25	0.000481617056765689	0.868687426653457	-0.335082736439611	0.00673579873378653	1
34.375	49.25	0.000481420037175896	0.832736931267999	-0.443968012445239	0.0236103545493058	1
34.625	49.25	0.00048079043803824	0.804041361369565	-0.543329562961899	0.0359749517022177	1
34.875	49.25	0.000479834369423482	0.802589112076646	-0.585364297071649	0.041372615500104	1
35.125	49.25	0.000478965920331938	0.811418705920993	-0.593630045899255	0.042117701196732	1
35.375	49.25	0.000478521962495022	0.804689442518301	-0.616631857534024	0.0406837695636952	1
35.625	49.25	0.000478603581168067	0.780718685706854	-0.660416725894079	0.0372154216733536	1
35.875	49.25	0.000479030967691351	0.771793290219404	-0.680953567638008	0.0319421007373158	1
36.125	49.25	0.000479233788630083	0.764199476308367	-0.694114283855133	0.0257593847539006	1
36.375	49.25	0.000478150496531773	0.763902721228925	-0.697224969746322	0.0193009044165901	1
36.625	49.25	0.00047448864979427	0.758259417974142	-0.70898603817901	0.0128748414038768	1
36.875	49.25	0.000467190403651526	0.738208456260327	-0.723480150230176	0.00401286116775632	1
37.125	49.25	0.000457040641562038	0.823430481849216	-0.65419046495147	0.00180813331445593	1
37.375	49.25	0.00044769748410935	0.583850866950248	-0.829651026754424	-0.0193993833454235	1
0.125	49.75	0.00046567224051462	0.946653458921351	0.346929404575233	-0.111280107050754	1
0.375	49.75	0.000465188571689533	0.831871135158117	-0.547333242702422	-0.115124893012957	1
0.625	49.75	0.000465241193869725	0.951036868450215	-0.226848081188746	-0.109755327165201	1
0.875	49.75	0.00046526575152575	0.814700067025634	-0.557264137776862	-0.104636908495992	1
1.125	49.75	0.000465114368798268	0.872622603248263	-0.446585620154323	-0.104763915041511	1
1.375	49.75	0.000464528285853126	0.839646216438446	-0.501607637855175	-0.0955820279012408	1
1.625	49.75	0.000463582125018895	0.549810383579427	-0.819217371538901	-0.0951257400177663	1
1.875	49.75	0.000462824768549102	0.690079356963367	-0.696789628020097	-0.091832760998339	1
2.125	49.75	0.000463150081472066	0.994780629227109	0.127367768798286	-0.0869979745988862	1
2.375	49.75	0.000464585119492543	0.992749343590051	0.202491898749189	-0.0931184125041143	1
2.625	49.75	0.000466695443788395	0.986222179111379	0.178124194886967	-0.093212298439908	1
2.875	49.75	0.000469170197587095	0.902381714783572	0.4666368791114	-0.0941823540630225	1
3.125	49.75	0.000471745744298592	0.923951248785484	0.428753931343377	-0.10026605959273	1
3.375	49.75	0.000474304717634834	0.856922955036282	0.546028464993485	-0.102937251367277	1
3.625	49.75	0.000476727401556489	0.851240869626394	0.554159977348897	-0.107236740324867	1
3.875	49.75	0.000478956223960541	0.826081463471282	0.584328691784782	-0.10990919613774	1
4.125	49.75	0.000480935026325105	0.81634772076851	0.594228441987224	-0.11233868946196	1
4.375	49.75	0.000482638480973991	0.822822008426234	0.578595510642907	-0.114169554252116	1
4.625	49.75	0.00048406132819071	0.827483551987522	0.567054648188241	-0.115065828012988	1
4.875	49.75	0.000485229437069552	0.855267138197479	0.521001753574089	-0.115792877903384	1
5.125	49.75	0.000486199293830403	0.881723237368457	0.475849929713519	-0.11611620100283	1
5.375	49.75	0.000487039233834444	0.909189854506152	0.428720794866844	-0.117105611784277	1
5.625	49.75	0.000487809662934774	0.919065075511569	0.413475351659243	-0.11889603284441	1
5.875	49.75	0.000488532725640435	0.925667042326201	0.401385274910948	-0.120970111451431	1
6.125	49.75	0.000489163331350232	0.92806778177363	0.400908136740727	-0.123235566097539	1
6.375	49.75	0.00048956646322967	0.912180449604216	0.4338909954135	-0.126162718712178	1
6.625	49.75	0.000489558818041655	0.938432835006506	0.363784384604997	-0.127843637713843	1
6.875	49.75	0.000489033472200945	0.996246441469464	-0.0581629169167176	-0.129243765587041	1
7.125	49.75	0.000488076502721977	0.677801768254278	-0.720438820777882	-0.127071136191131	1
7.375	49.75	0.000486906398230441	0.774398038172027	-0.624571926345732	-0.125420500751109	1
7.625	49.75	0.000485589799452491	0.866781458695839	-0.470637680855818	-0.12481665185997	1
7.875	49.75	0.000484151149688639	0.780929652591587	-0.604094715586344	-0.119943219532299	1
8.125	49.75	0.000482621893804509	0.847255179956567	-0.517297750234708	-0.119598827090154	1
8.375	49.75	0.000481008434301806	0.835694676721842	-0.531202401077455	-0.117218776845019	1
8.625	49.75	0.000479308230868464	0.807031742057392	-0.57335114986083	-0.115900045019436	1
8.875	49.75	0.000477531774993968	0.841877422850368	-0.524410514513713	-0.113105122803699	1
9.125	49.75	0.000475652283834074	0.75099103591844	-0.643092242611638	-0.113013678610824	1
9.375	49.75	0.000473700583886203	0.853632670296976	-0.502214865111981	-0.108513617249754	1
9.625	49.75	0.000471600223383868	0.667982203259892	-0.730322256855539	-0.109588184982225	1
9.875	49.75	0.00046941578250263	0.86673103699783	-0.472909541904037	-0.104589034068736	1
10.125	49.75	0.000467100976353032	0.61984079501425	-0.775108807249917	-0.104629585003518	1
10.375	49.75	0.000464870255070934	0.832434729389022	-0.526346098407995	-0.10221316472268	1
10.625	49.75	0.000462923787959585	0.687454558201162	-0.714242717030924	-0.0982962089837863	1
10.875	49.75	0.000461744451233895	0.726334440369546	-0.673254008861596	-0.0997233012674933	1
11.125	49.75	0.000461691402963584	0.789409118892948	-0.589862096342582	-0.0948159813066533	1
11.375	49.75	0.000462847843815446	0.663832935149292	0.757647554646194	-0.0941034614263727	1
11.625	49.75	0.000464487005571758	0.745524237169041	0.682868095049848	-0.0975412880490096	1
11.875	49.75	0.000466319703048091	0.710341245743515	0.714235268094769	-0.0984494183589817	1
12.125	49.75	0.000468199226957953	0.723529489698626	0.703218071313738	-0.100366848182742	1
12.375	49.75	0.000470052851218807	0.732860876359561	0.691051949651912	-0.101931669648404	1
12.625	49.75	0.000471844704908415	0.726647590727394	0.698820357596763	-0.103240016893016	1
12.875	49.75	0.000473549252100807	0.749569609978843	0.673486960179361	-0.105087017742627	1
13.125	49.75	0.000475163890333141	0.744554014396471	0.680400330848955	-0.106327170921506	1
13.375	49.75	0.000476689373338441	0.766880982666181	0.655700816379195	-0.10844435847802	1
13.625	49.75	0.000478145132775241	0.773889396233683	0.649277419540413	-0.109972475519655	1
13.875	49.75	0.000479537248611352	0.788619577483669	0.633788115926619	-0.11252645932268	1
14.125	49.75	0.000480856379662037	0.798210757437769	0.6185014608263	-0.114790228149467	1
14.375	49.75	0.000482056584763865	0.847509769875247	0.558667375422651	-0.116378098816342	1
14.625	49.75	0.000482996515282509	0.788092831531332	0.636762066630677	-0.121532318593927	1
14.875	49.75	0.000483495409478409	0.869523796090742	0.481499998930043	-0.121478280064717	1
15.125	49.75	0.000483517396218014	0.976998410147771	0.194916159231206	-0.118230738939264	1
15.375	49.75	0.000483034298257923	0.988933430755628	0.0917020050408078	-0.119836374931184	1
15.625	49.75	0.000482089871164011	0.943502990638566	-0.273656349130514	-0.114949630692077	1
15.875	49.75	0.000480868332035763	0.59158056127565	-0.805785657094684	-0.111481955261777	1
16.125	49.75	0.000479567474277885	0.809378278787769	-0.585413088980164	-0.114914260516637	1
16.375	49.75	0.000478247560920507	0.71924323792378	-0.678089126638506	-0.111235542999919	1
16.625	49.75	0.00047697022388056	0.871966818804165	-0.458077738646113	-0.110014223950295	1
16.875	49.75	0.000475732091076478	0.895434275054381	-0.398705246624013	-0.10476045430356	1
17.125	49.75	0.000474515361254212	0.915791778299164	-0.369137431641889	-0.101374997655307	1
17.375	49.75	0.000473309321932895	0.924636968795143	-0.352579262634024	-0.0992754154971845	1
17.625	49.75	0.000472136183829753	0.929386163359702	-0.332700838571763	-0.096834878483398	1
17.875	49.75	0.000471002167858426	0.943102006742774	-0.290335902618618	-0.0934995410143425	1
18.125	49.75	0.000469879222285937	0.940252693952208	-0.29077349351355	-0.0909708725924254	1
18.375	49.75	0.000468754860280406	0.965000972608159	-0.205714035527747	-0.0862614541775297	1
18.625	49.75	0.000467547057508667	0.939273768084209	-0.303244261306393	-0.0850813266704949	1
18.875	49.75	0.000466275560428787	0.967767534449915	-0.192827125772295	-0.080361134205599	1
19.125	49.75	0.000464923184257746	0.948353587093821	-0.287268082740014	-0.0792179940673729	1
19.375	49.75	0.00046363157750975	0.925457872359733	-0.346718915064329	-0.0763844908448618	1
19.625	49.75	0.000462622789108951	0.973339882980335	-0.179704151264289	-0.0741866034530676	1
19.875	49.75	0.000462149202284656	0.831829911985538	-0.54837044157375	-0.0716668645278635	1
20.125	49.75	0.000462457585110695	0.961064850856518	0.290235038575662	-0.0732156486052766	1
20.375	49.75	0.000463170275493747	0.925903656340023	0.376599284324066	-0.0737806386233774	1
20.625	49.75	0.000464039723631214	0.904371943750831	0.438070179176074	-0.0736670931589499	1
20.875	49.75	0.000464994170913345	0.912191019115397	0.425795988591266	-0.0762274286827992	1
21.125	49.75	0.000465997344423435	0.887715217443406	0.476477074640288	-0.077227886352736	1
21.375	49.75	0.000467018253471824	0.890315362344004	0.476235516654618	-0.0797193416826767	1
21.625	49.75	0.000468054145280721	0.880789499347697	0.495469600759027	-0.0818370595028873	1
21.875	49.75	0.000469091956821761	0.877070870546031	0.50471895853794	-0.0845482384536034	1
22.125	49.75	0.000470134213968837	0.875004481162546	0.510459559145553	-0.0872549092952049	1
22.375	49.75	0.000471181782356194	0.86772882101576	0.526027042075597	-0.0904263944962618	1
22.625	49.75	0.000472231635071794	0.856894768939905	0.54159084196427	-0.0938409569778887	1
22.875	49.75	0.000473291117763132	0.865332696206835	0.527701535061999	-0.096409841479972	1
23.125	49.75	0.000474364823740245	0.847395290443766	0.563876495412387	-0.0997978753874065	1
23.375	49.75	0.000475384464178609	0.809075631435715	0.610117401721945	-0.104389994128096	1
23.625	49.75	0.00047630404192686	0.855269079750757	0.519824644184841	-0.105381934462671	1
23.875	49.75	0.00047719040541842	0.886676118544715	0.448994696908899	-0.104126497524074	1
24.125	49.75	0.000478035237221044	0.881823900039558	0.457413032243122	-0.102270551360361	1
24.375	49.75	0.000478718447040139	0.904630576118771	0.427877156997764	-0.10069106115409	1
24.625	49.75	0.000478987386293592	0.87450901153557	0.494418654700482	-0.102585164005408	1
24.875	49.75	0.000478486408694447	0.914439124817383	0.360733074939614	-0.102655392413586	1
25.125	49.75	0.000477320180017265	0.748301857995385	-0.62311797376493	-0.0927771477012485	1
25.375	49.75	0.000475992501428384	0.729856664294179	-0.679033759675886	-0.0899955898378113	1
25.625	49.75	0.00047465293677341	0.78002404546645	-0.613519493191159	-0.0905084881700498	1
25.875	49.75	0.000473336284063428	0.746599660459821	-0.651424046572896	-0.0872375906206296	1
26.125	49.75	0.000471993851902146	0.758301239440075	-0.641398571193776	-0.0861610998529448	1
26.375	49.75	0.000470661075237549	0.753725910332122	-0.646210229876697	-0.0844329542035385	1
26.625	49.75	0.000469317395598088	0.755092311829347	-0.646158438709786	-0.0830506106538588	1
26.875	49.75	0.000467958814611811	0.75682137621564	-0.645253091609179	-0.0818107366784062	1
27.125	49.75	0.000466580148070624	0.760121418189644	-0.642848997467424	-0.0807603193487113	1
27.375	49.75	0.000465191969851994	0.764058826998084	-0.640182605635649	-0.0799733943753945	1
27.625	49.75	0.000463837371390504	0.766259208122415	-0.637847569672358	-0.0795270181288279	1
27.875	49.75	0.000462622184341217	0.780369503949116	-0.622520820976113	-0.0787185637386903	1
28.125	49.75	0.000461657742283721	0.780567227649979	-0.63801407456774	-0.079173720754377	1
28.375	49.75	0.000460975814783152	0.71152792647294	-0.688913346243289	-0.0828959905447033	1
28.625	49.75	0.000460668024238322	0.9165610133615	-0.280905817817872	-0.0735342485084566	1
28.875	49.75	0.000460534884124377	0.878761319018469	0.432634674003135	-0.0626225887942528	1
29.125	49.75	0.000460551630272044	0.860844186336296	0.508060433516164	-0.0609615039941688	1
29.375	49.75	0.000460877896854991	0.839614157229593	0.540998814428846	-0.0612645989840492	1
29.625	49.75	0.000461553689520876	0.835879770690952	0.535895630472448	-0.0595001536737042	1
29.875	49.75	0.000462589322096706	0.639361839572574	0.7595749003925	-0.0588452066421272	1
30.125	49.75	0.000463824256573788	0.514415013282569	0.874627351328219	-0.0544913566741664	1
30.375	49.75	0.000465253718264575	0.668434678280239	0.763778101505201	-0.0608698096241521	1
30.625	49.75	0.000466831012639809	0.658966899664272	0.764136510312835	-0.0601255773056023	1
30.875	49.75	0.000468419841096591	0.679425915966543	0.755834353447749	-0.0619770217986435	1
31.125	49.75	0.000470135487241459	0.709785116164682	0.729308821800585	-0.064852017533226	1
31.375	49.75	0.000471999767677923	0.719875222858776	0.723086736890285	-0.067703603357127	1
31.625	49.75	0.000473992995911541	0.72899448989177	0.712237622817612	-0.0715640654458148	1
31.875	49.75	0.000476105477302609	0.779417990591696	0.669281943459017	-0.073666203321472	1
32.125	49.75	0.000477978996973512	0.699444147963077	0.760144179615312	-0.0832208487586749	1
32.375	49.75	0.000478976471309266	0.776760689554482	0.606850479804018	-0.0860390909344556	1
32.625	49.75	0.000479254616020087	0.952261042248825	-0.0981083894371101	-0.0719646359830874	1
32.875	49.75	0.000479091227313946	0.952315216237238	-0.153932158622192	-0.0647003620534928	1
33.125	49.75	0.000478852790870082	0.937357111046535	-0.197244379814805	-0.054703514632097	1
33.375	49.75	0.000478615394337463	0.931974451945973	-0.204708085623887	-0.0440204118505464	1
33.625	49.75	0.000478440025191028	0.927379298381577	-0.194758911412019	-0.0322290842901457	1
33.875	49.75	0.000478364683641737	0.917017616129896	-0.196021061439697	-0.0184543030497312	1
34.125	49.75	0.000478356528015303	0.89670918571697	-0.23706183423213	-0.00199376277169293	1
34.375	49.75	0.000478245255455505	0.860650085906308	-0.348032902150696	0.0166658658826507	1
34.625	49.75	0.000477751732597242	0.811440332621766	-0.498029507362058	0.0334006551843857	1
34.875	49.75	0.000476820180764913	0.789173865140442	-0.586325515600809	0.0426815981213408	1
35.125	49.75	0.000475865960772247	0.800996635656648	-0.597988844466425	0.0448840303395937	1
35.375	49.75	0.000475360369571989	0.810684666037591	-0.594101237581233	0.044699257999287	1
35.625	49.75	0.000475429963270495	0.797009181346617	-0.622308057461542	0.0435207962504298	1
35.875	49.75	0.000475863137204146	0.779684004616018	-0.657529296459344	0.0407668138795599	1
36.125	49.75	0.000476059853855759	0.764853045837761	-0.684240041356383	0.0359731088633967	1
36.375	49.75	0.00047489994764468	0.767892125010118	-0.685482397997907	0.0305751610803766	1
36.625	49.75	0.000470982993361822	0.758704788229762	-0.703255056616807	0.0249037647638305	1
36.875	49.75	0.000463169522137238	0.737034222918942	-0.719947489369265	0.016707471727288	1
37.125	49.75	0.000452284561175392	0.827567027012401	-0.647943181397156	0.0151675682284532	1
37.375	49.75	0.000442235798721306	0.567392444340908	-0.83839405691283	-0.00664339911265887	1
0.125	50.25	0.000453860584567783	0.988808518007687	0.0084270598143074	-0.113034854000211	1
0.375	50.25	0.000453826936865905	0.922631604577109	-0.402576556724371	-0.10766530048559	1
0.625	50.25	0.000454437356714946	0.922895893292593	0.403575360621517	-0.115669950248264	1
0.875	50.25	0.000455119945759938	0.887057220638363	0.458905293759672	-0.111485084879691	1
1.125	50.25	0.00045568891070699	0.890849224182212	0.478893007602839	-0.115090085298848	1
1.375	50.25	0.000455699129612521	0.586701971936461	0.814842841762621	-0.117073292609333	1
1.625	50.25	0.000455014927892385	0.712365707336655	0.703018573947248	-0.115317692635448	1
1.875	50.25	0.000454215334911899	0.268650823518526	-0.958140501739062	-0.116991930182248	1
2.125	50.25	0.000454522030543636	0.67500891471434	-0.717981655713742	-0.112170617392653	1
2.375	50.25	0.000456145125798963	0.835707238428282	0.529722884011843	-0.109295281145357	1
2.625	50.25	0.000458519393827869	0.627488795680018	0.789959573494186	-0.106664708661317	1
2.875	50.25	0.000461258308155432	0.750801931584604	0.683100111884475	-0.111392897567849	1
3.125	50.25	0.000464130249830887	0.694355002416083	0.732886249741701	-0.112180485558911	1
3.375	50.25	0.000466981058488636	0.719828233311019	0.707970396861733	-0.114387425595744	1
3.625	50.25	0.000469700763480715	0.733002242821625	0.687719698082294	-0.115607728318165	1
3.875	50.25	0.000472208861741067	0.742146620368595	0.675518664717836	-0.11621202988186	1
4.125	50.25	0.000474451161570745	0.7798546706421	0.626851960043127	-0.116974103925425	1
4.375	50.25	0.000476401175992311	0.796941638958338	0.602033051921506	-0.116643533292957	1
4.625	50.25	0.000478068974084604	0.841530456971457	0.53803030295124	-0.116695988199721	1
4.875	50.25	0.000479507053983646	0.875100729829633	0.48513137229953	-0.116545464868297	1
5.125	50.25	0.000480787421005494	0.905038695914401	0.436922186851954	-0.117341849722128	1
5.375	50.25	0.000481981100822904	0.916860092778057	0.420122923196716	-0.119135389482474	1
5.625	50.25	0.000483130072139129	0.917847555679923	0.419843919909347	-0.121453600738394	1
5.875	50.25	0.000484225156849869	0.925793082505133	0.403512064542841	-0.123526156476733	1
6.125	50.25	0.000485182505968188	0.922585693466367	0.413861597580067	-0.126152563548672	1
6.375	50.25	0.000485824674517644	0.910852711558447	0.424077661208065	-0.128721652336665	1
6.625	50.25	0.000485965597719193	0.974858550632545	0.227314372598012	-0.128299507833273	1
6.875	50.25	0.000485507458489227	0.999916977675974	0.050640390904696	-0.129426853075406	1
7.125	50.25	0.000484449453446869	0.950648179162041	-0.283325122047553	-0.129150721658304	1
7.375	50.25	0.00048298061990104	0.636374714416643	-0.763060880116478	-0.125900732514954	1
7.625	50.25	0.000481359299549495	0.842909349354623	-0.531726536241296	-0.126980872317204	1
7.875	50.25	0.000479631114102989	0.807051271671934	-0.566231688476432	-0.124579077942388	1
8.125	50.25	0.000477858836459923	0.785496280938082	-0.601985014004113	-0.121384071826459	1
8.375	50.25	0.000476070709811295	0.849899703406349	-0.511306804501681	-0.120173802441855	1
8.625	50.25	0.000474260192436855	0.803843508753984	-0.575249871631985	-0.118468679460647	1
8.875	50.25	0.000472443918917149	0.854048878697062	-0.505422540238193	-0.115389651305393	1
9.125	50.25	0.000470575665952725	0.771045534867571	-0.621339617142227	-0.115756728832311	1
9.375	50.25	0.000468694023718432	0.872532931034363	-0.469877153993369	-0.111376703342638	1
9.625	50.25	0.000466704272687326	0.713341147379849	-0.688615464895741	-0.112490091167625	1
9.875	50.25	0.000464665314795263	0.870592323557399	-0.465223849519589	-0.108117770253643	1
10.125	50.25	0.000462524326217307	0.695276719447844	-0.708984101132308	-0.107258901280975	1
10.375	50.25	0.000460462753648921	0.803749738940281	-0.572328647144592	-0.105977285889309	1
10.625	50.25	0.000458688360747502	0.75937035618508	-0.635546051685264	-0.101732987811045	1
10.875	50.25	0.000457618813139324	0.690609996650609	-0.712086476870641	-0.102736400976355	1
11.125	50.25	0.000457617282891158	0.824901350740158	-0.539876367489464	-0.0990021939196063	1
11.375	50.25	0.000458730790659393	0.643305307155136	0.773988833339362	-0.0970134071549894	1
11.625	50.25	0.000460299433051389	0.777079104759305	0.645762196492001	-0.101360767635188	1
11.875	50.25	0.000462072539943115	0.710799518708652	0.712513227988624	-0.101346123667236	1
12.125	50.25	0.00046390571349368	0.753336819642309	0.670903183273755	-0.103832054454932	1
12.375	50.25	0.000465739520032187	0.749165046488803	0.672939356800963	-0.104962487969076	1
12.625	50.25	0.000467533318600422	0.759495773095137	0.663349888235836	-0.106656681187523	1
12.875	50.25	0.000469269489559134	0.777108016959387	0.642424106960303	-0.108411973169809	1
13.125	50.25	0.00047094479135389	0.780227126036805	0.640246089066607	-0.110101976137058	1
13.375	50.25	0.000472565465702554	0.803419002746531	0.611792255981825	-0.112250843529739	1
13.625	50.25	0.000474145965734296	0.809783675268576	0.606145802206115	-0.114302865608316	1
13.875	50.25	0.000475676844282437	0.818689882730605	0.591474492368501	-0.117151692277619	1
14.125	50.25	0.000477136414157636	0.852988408453636	0.541175080909953	-0.118475923979797	1
14.375	50.25	0.000478425141436851	0.844275351165826	0.562564807252879	-0.121761119359434	1
14.625	50.25	0.00047935871051971	0.811707728266692	0.584546067814916	-0.124862212959009	1
14.875	50.25	0.000479849949234921	0.9432082844038	0.288189337320299	-0.121454747800116	1
15.125	50.25	0.000479931840360139	0.984352196956394	-0.102852441535686	-0.118136939749592	1
15.375	50.25	0.00047963855451726	0.988739611570641	-0.130566750767711	-0.116550186910157	1
15.625	50.25	0.000478888324303083	0.990326775782947	-0.0793819975240455	-0.116896884359549	1
15.875	50.25	0.000477670749761928	0.863503688953688	-0.475366412534555	-0.113529463337127	1
16.125	50.25	0.000476178725814434	0.517928139449474	-0.856301131693458	-0.110721735184733	1
16.375	50.25	0.0004746295701963	0.688233148266192	-0.725234742525683	-0.113625779441836	1
16.625	50.25	0.000473118846934619	0.601974205936826	-0.789361250498204	-0.111031107410247	1
16.875	50.25	0.000471687729338675	0.732498571722177	-0.662481572928015	-0.110495118244163	1
17.125	50.25	0.000470354293116717	0.759722060096482	-0.622027860610237	-0.106267493862512	1
17.375	50.25	0.000469095295391555	0.779206417417548	-0.608352197988674	-0.103510954015397	1
17.625	50.25	0.000467891347848827	0.769392023933982	-0.625730896068276	-0.102122225146666	1
17.875	50.25	0.000466739688046387	0.752322964442992	-0.646378295722992	-0.100537762613884	1
18.125	50.25	0.000465622049665184	0.746448044949064	-0.651516288709769	-0.0990924424816614	1
18.375	50.25	0.000464518980417586	0.730380307221052	-0.665437266097727	-0.0971022021287526	1
18.625	50.25	0.00046337682271915	0.752297291800976	-0.64284598915822	-0.0945547508089756	1
18.875	50.25	0.000462187898219684	0.675863084360782	-0.719720196602031	-0.0932008129080298	1
19.125	50.25	0.000460945881682912	0.790335206283685	-0.596368390974641	-0.0896666044403439	1
19.375	50.25	0.000459766013932077	0.587417738550335	-0.798692511187478	-0.0891124380990219	1
19.625	50.25	0.000458826018412469	0.864620388629112	-0.483921528835979	-0.0864947270739394	1
19.875	50.25	0.00045834449960877	0.527406514962466	-0.842177499342601	-0.0845956197914478	1
20.125	50.25	0.0004585715997708	0.945045473264315	0.276885044902711	-0.0841837612694819	1
20.375	50.25	0.000459221883297128	0.751869604952748	0.647765374642176	-0.0772297266963502	1
20.625	50.25	0.000460051861880907	0.903364724864812	0.434513649882481	-0.0802468330135903	1
20.875	50.25	0.000461004650789782	0.837398512370069	0.549946023959191	-0.0783974638800777	1
21.125	50.25	0.000462006710754797	0.87589948523912	0.498586968993584	-0.0805969499531073	1
21.375	50.25	0.000463044722503882	0.861760543793953	0.525324274981005	-0.0817868935380471	1
21.625	50.25	0.000464099789841906	0.866958174945117	0.523550007226731	-0.0844026379498656	1
21.875	50.25	0.000465171674830005	0.866556431919702	0.527095768313457	-0.0872315978305364	1
22.125	50.25	0.000466261953871168	0.871488787912898	0.524235880204456	-0.0904894691905063	1
22.375	50.25	0.000467370330683652	0.866528614224465	0.535024261507033	-0.0946189596700147	1
22.625	50.25	0.000468487957435634	0.874705110459752	0.518165973773192	-0.0984593849246581	1
22.875	50.25	0.000469618072581698	0.89565742701596	0.487337904115481	-0.101865008952815	1
23.125	50.25	0.000470720667568375	0.865228779663514	0.542609132216205	-0.107427946191987	1
23.375	50.25	0.000471690725333997	0.879330527985872	0.491295559214592	-0.111513485542606	1
23.625	50.25	0.000472554121867502	0.952058526335175	0.273482632845458	-0.110285183288623	1
23.875	50.25	0.000473416985972412	0.960033192449687	0.229982759837599	-0.106454257304518	1
24.125	50.25	0.0004743005535535	0.967282264751739	0.230062140421517	-0.103766198988555	1
24.375	50.25	0.000475075194003208	0.970639367432654	0.226751107022514	-0.103404811611445	1
24.625	50.25	0.000475526363443442	0.983789423358397	0.141481443648692	-0.101796930671309	1
24.875	50.25	0.000475339260532407	0.993543456345561	0.0193514597691484	-0.100233619784658	1
25.125	50.25	0.00047438251246546	0.867835161564733	-0.444543779570103	-0.0986107272172857	1
25.375	50.25	0.000473107671278368	0.687335951292792	-0.710561879579002	-0.0898568962036053	1
25.625	50.25	0.000471697995837668	0.777812394241724	-0.624782375423152	-0.0926893622338949	1
25.875	50.25	0.000470328306769175	0.748307647362047	-0.649196007452827	-0.0902562685735385	1
26.125	50.25	0.00046894901900036	0.75694924928959	-0.642061716080682	-0.0891118843724702	1
26.375	50.25	0.000467584290053182	0.758726755159681	-0.638902825083971	-0.0875671433583354	1
26.625	50.25	0.000466227379177498	0.761443251332313	-0.636333414911336	-0.0859551628679821	1
26.875	50.25	0.000464870083241512	0.765418524764048	-0.632590855681856	-0.0844351618342983	1
27.125	50.25	0.00046350574193228	0.769426113946994	-0.629043203138507	-0.0830246944180956	1
27.375	50.25	0.000462135317673951	0.774277198130779	-0.625134764538784	-0.0818010278457711	1
27.625	50.25	0.000460782500851063	0.776996537032304	-0.624173088697376	-0.0809617321420088	1
27.875	50.25	0.000459515418812979	0.779727577321698	-0.619490283536398	-0.0803729857316118	1
28.125	50.25	0.000458476112301325	0.807493507323631	-0.598520443044326	-0.0790562454139868	1
28.375	50.25	0.000457698732549927	0.7329817836032	-0.688343121605469	-0.0837440734641199	1
28.625	50.25	0.000457294382509814	0.829884964766358	-0.51911383235811	-0.0806885179794117	1
28.875	50.25	0.000457265812057289	0.956864399581002	-0.206845359358957	-0.0740529833748391	1
29.125	50.25	0.000457496581475152	0.95749002724711	-0.21026324226852	-0.0709841060292093	1
29.375	50.25	0.000458010371172164	0.941490414290038	-0.203577022227368	-0.0647150912488105	1
29.625	50.25	0.000458795275002623	0.958552640394656	-0.0183031594582826	-0.0531944275984823	1
29.875	50.25	0.000459788502065139	0.780069489125837	0.628637298583243	-0.0441859082564807	1
30.125	50.25	0.000460980978492021	0.774177217019578	0.678086731424819	-0.0510287978336195	1
30.375	50.25	0.000462452850013435	0.789696518754238	0.644038681686439	-0.0568054763092021	1
30.625	50.25	0.000464004461140867	0.72935504915212	0.713050646759709	-0.0588479789279497	1
30.875	50.25	0.000465629363485167	0.717983509907661	0.72936038937729	-0.0635125835813394	1
31.125	50.25	0.00046742938759421	0.700414286016219	0.745570911172339	-0.0675268910484311	1
31.375	50.25	0.000469391713375715	0.674718787635846	0.768293972000318	-0.0717847964056644	1
31.625	50.25	0.000471510559296104	0.677099055688552	0.763441044502911	-0.0750022030443857	1
31.875	50.25	0.000473624483110589	0.66831923101426	0.785871520179677	-0.0790860017268363	1
32.125	50.25	0.000475180921318335	0.55761960230284	0.846353916743246	-0.0876960058582798	1
32.375	50.25	0.00047590768483976	0.805238559907958	0.547702278583899	-0.0810286597971588	1
32.625	50.25	0.000475915374189102	0.948132687402047	-0.153208815588773	-0.0724992915182984	1
32.875	50.25	0.000475724840082671	0.909111074686067	-0.323800175917809	-0.0610451042330371	1
33.125	50.25	0.000475449151562621	0.929116930870766	-0.279155186961383	-0.0546161354207938	1
33.375	50.25	0.000475217864026236	0.929303381208584	-0.250782878808071	-0.04623160859071	1
33.625	50.25	0.000475054709802139	0.928755070076366	-0.223187274897561	-0.0361781795659709	1
33.875	50.25	0.000474966945909097	0.924441594288223	-0.201823514129495	-0.0242850349578993	1
34.125	50.25	0.000474927039002363	0.911577033266502	-0.204523825130485	-0.00996873188899581	1
34.375	50.25	0.000474837056379616	0.883996378770879	-0.268924760992903	0.00757720576659755	1
34.625	50.25	0.000474478942530632	0.829746934914813	-0.42748853927275	0.026785335809802	1
34.875	50.25	0.000473673019539854	0.772497484606785	-0.58292996883686	0.0411924977818834	1
35.125	50.25	0.000472676336642982	0.773891260591225	-0.624511063454317	0.0459527406741305	1
35.375	50.25	0.000472108065076662	0.798677339468018	-0.602527770978049	0.0461707561401998	1
35.625	50.25	0.00047220043967312	0.801281604406431	-0.600727375594558	0.046357570115912	1
35.875	50.25	0.000472692407878655	0.790730683102942	-0.625684509077857	0.0461956842096317	1
36.125	50.25	0.00047291639354621	0.768061182460652	-0.666659837989639	0.0437471955016939	1
36.375	50.25	0.00047169738450145	0.768509797516116	-0.674302904874249	0.0398826575073306	1
36.625	50.25	0.000467541352058547	0.759981059440992	-0.69393462710913	0.0353964542981347	1
36.875	50.25	0.000459221562616028	0.734069443712282	-0.715818994016562	0.0280719493286645	1
37.125	50.25	0.000447598239877765	0.831929530455194	-0.637790330840503	0.0276480796845208	1
37.375	50.25	0.000436831731669576	0.554009538363823	-0.842893784142593	0.00559831055707146	1
0.125	50.75	0.00044575317191993	0.973545289138921	-0.19373106390772	-0.112876091753447	1
0.375	50.75	0.000445952931487864	0.771499982169794	-0.631567564685235	-0.109716514023212	1
0.625	50.75	0.000446725614760678	0.988453392065266	0.0588453546824908	-0.111777765145574	1
0.875	50.75	0.000447593812154824	0.819356644437199	-0.563620245608735	-0.105073193398621	1
1.125	50.75	0.000448436509394003	0.96071030894679	0.239569015137897	-0.109184571750661	1
1.375	50.75	0.000448819991854834	0.974387835611758	0.0353401198862267	-0.100363931754794	1
1.625	50.75	0.000448519247515731	0.983835560565113	-0.10272975276675	-0.0969059800444928	1
1.875	50.75	0.000447869400120882	0.920257712102344	-0.368207733620499	-0.0954151338998978	1
2.125	50.75	0.000447877042343558	0.469860020686415	-0.868657034731594	-0.0934268340025987	1
2.375	50.75	0.0004491459082707	0.901677638484469	0.469943983743073	-0.0910228669610247	1
2.625	50.75	0.000451284706189947	0.965956182121801	0.354566971227055	-0.10145983020469	1
2.875	50.75	0.000453849865210356	0.887383371553062	0.491796247594255	-0.105081999881087	1
3.125	50.75	0.000456610102660261	0.866926530626826	0.520311661849632	-0.108259281472231	1
3.375	50.75	0.000459399581613184	0.851948852522233	0.535653919185714	-0.110339634041271	1
3.625	50.75	0.000462095026676871	0.837598232652205	0.554913951221345	-0.111434408963535	1
3.875	50.75	0.000464612180473577	0.860016849105345	0.5145417818595	-0.11283549235157	1
4.125	50.75	0.00046688875109752	0.852458526285966	0.524357886370769	-0.112936818442213	1
4.375	50.75	0.000468908874925467	0.886971398499245	0.465187960544424	-0.113675236990406	1
4.625	50.75	0.000470709046518567	0.905054037921455	0.433407197449548	-0.114150744024543	1
4.875	50.75	0.000472356459356799	0.925575965007625	0.398276308466291	-0.115697223220251	1
5.125	50.75	0.000473919865113271	0.929542433237606	0.396495477087425	-0.117985437868949	1
5.375	50.75	0.000475443500811769	0.925755628584564	0.406697302536783	-0.120800182821266	1
5.625	50.75	0.000476931951231374	0.924443380837262	0.406288757149052	-0.123260831195307	1
5.875	50.75	0.000478341680583762	0.932838781343333	0.389636050575631	-0.125446426569895	1
6.125	50.75	0.000479552323469509	0.915108329938117	0.423150389277301	-0.128506104551564	1
6.375	50.75	0.000480377428851194	0.931417625938933	0.36260257136862	-0.129239565434133	1
6.625	50.75	0.000480695582984056	0.98699538045602	0.153632273814342	-0.128409016985979	1
6.875	50.75	0.000480464877824494	1.00249699450865	-0.00238033992938577	-0.128920949988665	1
7.125	50.75	0.000479615850709516	1.0002479356415	0.0402587091324572	-0.129898770165479	1
7.375	50.75	0.000478136386467726	0.866654046207141	-0.480168906194493	-0.129688213950608	1
7.625	50.75	0.000476324581349568	0.639108870654605	-0.762284444852369	-0.126168988905119	1
7.875	50.75	0.00047442915915017	0.868089779970968	-0.487128716553533	-0.127817339254263	1
8.125	50.75	0.000472494932104787	0.761910639722114	-0.626600441628301	-0.124629815617665	1
8.375	50.75	0.000470610229635257	0.819476123944902	-0.559771865747838	-0.122312914135806	1
8.625	50.75	0.000468769552640932	0.814616094910064	-0.560673978542166	-0.121692406834515	1
8.875	50.75	0.000466998377364255	0.848360975580147	-0.511436786173125	-0.11784845649981	1
9.125	50.75	0.000465234747126412	0.78399653470002	-0.606502798900531	-0.118111400411832	1
9.375	50.75	0.000463512751582156	0.871047057357742	-0.472189406404341	-0.114186580488374	1
9.625	50.75	0.000461738363356423	0.753648555374392	-0.645788792543034	-0.114655507064069	1
9.875	50.75	0.000459948808603242	0.858576427385703	-0.487859159599158	-0.111311914204169	1
10.125	50.75	0.000458098916714578	0.763246686244221	-0.635037935243627	-0.109527840183876	1
10.375	50.75	0.000456320451554578	0.777901923869552	-0.609940087001702	-0.109044210952005	1
10.625	50.75	0.000454809789763623	0.815810184515264	-0.559707830896149	-0.104901537608745	1
10.875	50.75	0.000453903084637783	0.66492266756326	-0.736666780688191	-0.105060108865375	1
11.125	50.75	0.000453943285910526	0.849143258511545	-0.501605069273111	-0.102392528137211	1
11.375	50.75	0.000454954012010524	0.616716321807464	0.793647927996935	-0.099219091618367	1
11.625	50.75	0.000456373568579967	0.796357495566589	0.620488023316143	-0.10416741790948	1
11.875	50.75	0.000457996286557332	0.700270618273735	0.721864792120725	-0.103281874625155	1
12.125	50.75	0.000459690896534388	0.768675699951514	0.653041335326265	-0.106234297790582	1
12.375	50.75	0.000461413565947348	0.748643622753206	0.673314517868735	-0.106879233986819	1
12.625	50.75	0.000463124610193487	0.772273467802007	0.649130961625661	-0.10888887711301	1
12.875	50.75	0.000464817135980569	0.779692444267657	0.640000872312701	-0.110522470693079	1
13.125	50.75	0.000466489450922116	0.789436645319568	0.629533728389094	-0.112413066547328	1
13.375	50.75	0.000468151673912384	0.806554953795732	0.609227081609118	-0.114508477018338	1
13.625	50.75	0.000469800740160043	0.803821640734137	0.612710436461915	-0.116950152298113	1
13.875	50.75	0.000471411354421879	0.824327694683868	0.579987191083583	-0.118846137168753	1
14.125	50.75	0.000472917364436655	0.848329334277806	0.55247592084909	-0.120254798068344	1
14.375	50.75	0.000474147132800271	0.784121714299762	0.633631979484807	-0.124322782521064	1
14.625	50.75	0.000474934261593638	0.85607957242184	0.499554469932178	-0.123316862284615	1
14.875	50.75	0.000475332344880417	0.983758498295642	0.121535533627754	-0.119835532536163	1
15.125	50.75	0.00047546992977933	0.991753901682238	0.094144076484505	-0.119194145649117	1
15.375	50.75	0.00047536571792339	0.991862399672661	0.0365852256768751	-0.118139606468495	1
15.625	50.75	0.000474952069360488	0.998700652876927	0.0242737085959417	-0.11565679540458	1
15.875	50.75	0.000474085827989104	0.986723948355113	0.134202728920831	-0.117871818150804	1
16.125	50.75	0.000472737952856336	0.930705540652345	-0.324408308541007	-0.113703659134687	1
16.375	50.75	0.000471120731076096	0.652127714591945	-0.760365914900594	-0.11133252725147	1
16.625	50.75	0.000469465575145974	0.788599275607917	-0.61598449306204	-0.114432451519115	1
16.875	50.75	0.000467869155932071	0.743964856283569	-0.66156567980415	-0.112230966236875	1
17.125	50.75	0.000466381499359959	0.857881191206258	-0.488464823961977	-0.112286839905286	1
17.375	50.75	0.000465040827314896	0.905157922615421	-0.36975430006104	-0.106457308879989	1
17.625	50.75	0.000463823301759251	0.950499153860369	-0.248636516310012	-0.10195574367675	1
17.875	50.75	0.000462695030548243	0.964914160645825	-0.212956429546065	-0.0983462043498901	1
18.125	50.75	0.00046162605571359	0.968391745943784	-0.203955328439415	-0.0965404446843326	1
18.375	50.75	0.000460603709168294	0.976618833572216	-0.155074246430222	-0.0935612414409503	1
18.625	50.75	0.000459576590574833	0.974909208258124	-0.165254156209542	-0.091457520177058	1
18.875	50.75	0.000458522645341633	0.970537843293632	-0.165263850811729	-0.0884060872603007	1
19.125	50.75	0.000457429422446652	0.983034400957339	-0.0872659718189622	-0.0842931262791815	1
19.375	50.75	0.000456348413911709	0.903941651821902	-0.384364941140094	-0.0822244423961893	1
19.625	50.75	0.000455449699156312	0.987157149057183	0.0222369818168419	-0.0763197231859899	1
19.875	50.75	0.000454885476299808	0.738218013743038	-0.655393999771339	-0.0760889316480193	1
20.125	50.75	0.000454968780210779	0.989352269759997	0.03758342607426	-0.0705513668757475	1
20.375	50.75	0.000455555208851832	0.936452728615187	0.375988581272976	-0.0713018392826303	1
20.625	50.75	0.000456341009670602	0.928927841709256	0.411366852703277	-0.075377238205694	1
20.875	50.75	0.000457243369747902	0.916031613772416	0.433972477108578	-0.0790674752972382	1
21.125	50.75	0.000458197114206157	0.899888651166991	0.46829265443218	-0.0820393085715165	1
21.375	50.75	0.000459186859359097	0.897968901715489	0.474308647275037	-0.0857546978352098	1
21.625	50.75	0.000460213958730366	0.892575481108012	0.483923606684915	-0.0893218787244409	1
21.875	50.75	0.000461279032710047	0.891807453851134	0.485943832529229	-0.0928156006452578	1
22.125	50.75	0.000462390154824222	0.888702881477312	0.493444923221565	-0.0965801637862429	1
22.375	50.75	0.000463537799764177	0.872766022559067	0.515969058694908	-0.100492371193833	1
22.625	50.75	0.000464706217212603	0.883113668829442	0.492471704533522	-0.102950727547628	1
22.875	50.75	0.000465871811177527	0.867414044242313	0.527922888423975	-0.105697938931513	1
23.125	50.75	0.000466930841696386	0.802950859576954	0.610872262518927	-0.110209772341339	1
23.375	50.75	0.000467801838535153	0.865672790475267	0.490506196696313	-0.109630382039054	1
23.625	50.75	0.00046860082841212	0.910778006179349	0.388281527613546	-0.107466979947911	1
23.875	50.75	0.000469430257216653	0.898694026157644	0.423280672475412	-0.104889550391875	1
24.125	50.75	0.000470314373660207	0.905511319194095	0.422363633521319	-0.104295213873029	1
24.375	50.75	0.000471180075102956	0.909155153200563	0.422014575385982	-0.104394531045037	1
24.625	50.75	0.000471843226892431	0.918318582314141	0.427371296799967	-0.105344285995581	1
24.875	50.75	0.000471968614152875	0.862812522822872	0.515119559801122	-0.110754704601524	1
25.125	50.75	0.000471283540155599	0.966018986428864	0.0810085499042066	-0.106557068766969	1
25.375	50.75	0.000470017872333933	0.724718306543371	-0.650644497910993	-0.0950529231637313	1
25.625	50.75	0.000468593571113524	0.761299605039518	-0.639846670043947	-0.0939522693768931	1
25.875	50.75	0.000467170318586878	0.758046506440689	-0.638208978213198	-0.0924269415263638	1
26.125	50.75	0.000465791355649216	0.751167221987504	-0.645912901446711	-0.0904451899268222	1
26.375	50.75	0.000464442071731434	0.750941970271251	-0.645857996442545	-0.0887203380706524	1
26.625	50.75	0.000463123001821521	0.747924722556169	-0.649413412836018	-0.0867893851651696	1
26.875	50.75	0.00046182002024332	0.748015887964966	-0.650370778262658	-0.0849996109446454	1
27.125	50.75	0.00046052437161966	0.749467254684936	-0.650010068285771	-0.0833302808239366	1
27.375	50.75	0.000459232034394013	0.753212124815588	-0.647307837044536	-0.081835870147987	1
27.625	50.75	0.000457958837644945	0.758729170713643	-0.643422084136899	-0.0805704122142642	1
27.875	50.75	0.000456750398781603	0.759535669376979	-0.642105743830202	-0.0797744621143785	1
28.125	50.75	0.000455728091146524	0.780923064595904	-0.617541395341075	-0.0780875672687907	1
28.375	50.75	0.000454998180923933	0.77702355268414	-0.642891781907744	-0.078059271007534	1
28.625	50.75	0.000454542558705489	0.699192728164616	-0.700446552116378	-0.0822981405682947	1
28.875	50.75	0.000454441483927638	0.953303537207436	0.178274678578897	-0.0712475357261391	1
29.125	50.75	0.000454651290438819	0.788326920288755	0.614358398631715	-0.0666398367250536	1
29.375	50.75	0.000455252459813718	0.819583941411196	0.566497961026031	-0.0695407221808049	1
29.625	50.75	0.000456168362943231	0.58161687584161	0.813771733709736	-0.0658222646039104	1
29.875	50.75	0.000457204964030286	0.5143553491963	0.883906653799029	-0.0658168843770902	1
30.125	50.75	0.000458452478287803	0.607743516218577	0.821374796452946	-0.0713306472161199	1
30.375	50.75	0.000459842943620921	0.611420725821977	0.812043947491478	-0.0728768506500033	1
30.625	50.75	0.000461303969474247	0.625671893933363	0.805529337013077	-0.0751956099502271	1
30.875	50.75	0.000462919341723055	0.657727866655382	0.779696463252666	-0.0784387129657677	1
31.125	50.75	0.000464737124783123	0.676138579341896	0.764253781012939	-0.0814386241152749	1
31.375	50.75	0.000466740619096249	0.69307963608572	0.745700857877012	-0.0848918342117711	1
31.625	50.75	0.000468881542051215	0.749179815448587	0.700109633444051	-0.0868292217888593	1
31.875	50.75	0.000470774780294374	0.674218019776094	0.773522822090798	-0.0953040840400979	1
32.125	50.75	0.000471789459469769	0.788568251335629	0.585296256688556	-0.0958300296704524	1
32.375	50.75	0.000472036401145283	0.924900951058729	-0.25132719408134	-0.0816367548707516	1
32.625	50.75	0.000471970229241355	0.9342903396311	-0.278322433476631	-0.0750379274016837	1
32.875	50.75	0.000471796695425024	0.943280578593981	-0.225377782838312	-0.0692108853777017	1
33.125	50.75	0.000471625031390989	0.934970325348179	-0.233538091342963	-0.0604423830994019	1
33.375	50.75	0.000471473639810007	0.935989539328065	-0.219611875797288	-0.0513548202269752	1
33.625	50.75	0.000471381365895657	0.937173866091118	-0.195267702628835	-0.0414275987609741	1
33.875	50.75	0.000471355267232791	0.936587371574621	-0.168072484989793	-0.0303520538160582	1
34.125	50.75	0.000471360568152942	0.930529925306089	-0.149569449973902	-0.0176578254708452	1
34.375	50.75	0.000471319470398815	0.913239281257341	-0.166499428866076	-0.00222874563307555	1
34.625	50.75	0.000471097024395181	0.875481104271382	-0.283238156833441	0.0171700794676159	1
34.875	50.75	0.000470484674360687	0.792891383497009	-0.514115688166856	0.0365237840000957	1
35.125	50.75	0.00046954000449423	0.745831209527329	-0.644213835038784	0.0465018978144281	1
35.375	50.75	0.000468887050852206	0.778301430246656	-0.628281194476146	0.046927556693786	1
35.625	50.75	0.000468992780991311	0.796144530422935	-0.599741138470239	0.046993178839996	1
35.875	50.75	0.000469578791135185	0.796056599798934	-0.602704048406239	0.0485149532973987	1
36.125	50.75	0.000469873441390075	0.776522011037748	-0.640217048953792	0.0484623815582596	1
36.375	50.75	0.000468625273622581	0.771564059081398	-0.656837243782107	0.0466940316437454	1
36.625	50.75	0.000464258570017035	0.760507247449914	-0.682860133985981	0.0438373037672718	1
36.875	50.75	0.000455466801844072	0.731197084537898	-0.709758156844583	0.0375963664299714	1
37.125	50.75	0.000443143778884713	0.833655817114479	-0.627931568210466	0.0385515836623424	1
37.375	50.75	0.000431686271829154	0.544728586791911	-0.842789898934248	0.0166826865856213	1
0.125	51.25	0.000442302998158958	0.947607520000682	-0.262199026404685	-0.116921794059111	1
0.375	51.25	0.000442460516739448	0.858352778686769	-0.500944037604348	-0.109028111045665	1
0.625	51.25	0.000442956530025292	0.918886075640975	0.414459754592818	-0.114856664217084	1
0.875	51.25	0.000443610979415979	0.956621009401425	0.283275624879271	-0.113173474615108	1
1.125	51.25	0.000444324309104964	0.964265250154827	0.291968236540231	-0.113800161834474	1
1.375	51.25	0.000444798287530033	0.852440108280115	0.55223778713027	-0.117167207199161	1
1.625	51.25	0.000444847873094945	0.773184979540876	0.656980418323078	-0.12044156821987	1
1.875	51.25	0.000444624587418722	0.995364926708853	-0.111796010224128	-0.122141257111502	1
2.125	51.25	0.000444648632581362	0.556701849655898	-0.808109107257626	-0.121758340029942	1
2.375	51.25	0.000445422040208037	0.631244876452096	-0.750577661973383	-0.116115358364255	1
2.625	51.25	0.000446928579988239	0.551972493122455	0.843194709558711	-0.115835088587515	1
2.875	51.25	0.000448833898151952	0.645787981053314	0.7682378200249	-0.118001463812032	1
3.125	51.25	0.000450963235878816	0.662696258415078	0.746218872692019	-0.117278625482775	1
3.375	51.25	0.000453171299098628	0.693912995078306	0.720451554743993	-0.117247110671409	1
3.625	51.25	0.000455374773399303	0.787071937554894	0.612822733765672	-0.117650391507804	1
3.875	51.25	0.00045748611791807	0.775307162633211	0.62746264280865	-0.116511955224536	1
4.125	51.25	0.000459453720395135	0.847764564161668	0.528936845130584	-0.116801727379574	1
4.375	51.25	0.000461290221197095	0.87626405689449	0.483781208959077	-0.116465296234438	1
4.625	51.25	0.000463039106967981	0.907028016330845	0.434622866080553	-0.117439638395448	1
4.875	51.25	0.00046475140416638	0.915687938921133	0.423476033847987	-0.119229780037394	1
5.125	51.25	0.000466459226602649	0.916554602572502	0.425201585410531	-0.121586600374621	1
5.375	51.25	0.000468164607075057	0.913632284846326	0.428703064170487	-0.124053987867756	1
5.625	51.25	0.000469837086609023	0.922968945187303	0.40621186228099	-0.125862683226579	1
5.875	51.25	0.000471399710605251	0.926178723219294	0.401721439669506	-0.128076993958675	1
6.125	51.25	0.00047269707013834	0.904915300725256	0.430988231027735	-0.130395091335086	1
6.375	51.25	0.000473573335300989	0.952710797834351	0.287110982064946	-0.129163347454253	1
6.625	51.25	0.000474027035302867	0.996968214120482	0.0704091120018417	-0.128204546622671	1
6.875	51.25	0.000474084984532234	1.0013431952051	0.0184534071042525	-0.129132633462311	1
7.125	51.25	0.000473640626940126	1.00219172806001	-0.0107089498496578	-0.129197063763583	1
7.375	51.25	0.000472537558794597	1.00163569276667	0.00955806047757179	-0.130494756963191	1
7.625	51.25	0.000470839384948447	0.770367534393704	-0.624484011457931	-0.130269495896463	1
7.875	51.25	0.000468921357627976	0.666541410681234	-0.740372952094998	-0.127426063573351	1
8.125	51.25	0.000466982376707636	0.839189996215565	-0.528358960326283	-0.12883491112383	1
8.375	51.25	0.000465099582924087	0.755462509751223	-0.637633580009393	-0.124259232336732	1
8.625	51.25	0.000463313994316712	0.801948667292425	-0.582823020370468	-0.124300017616041	1
8.875	51.25	0.00046165588379614	0.849272536930718	-0.5068478545538	-0.120745071654109	1
9.125	51.25	0.00046006626104153	0.789571176278894	-0.598324771049788	-0.120137955166491	1
9.375	51.25	0.000458559610305032	0.869227792792025	-0.476209162448804	-0.116829806553742	1
9.625	51.25	0.000457057320287448	0.78376732215917	-0.610741159238835	-0.116769685728991	1
9.875	51.25	0.000455571453885464	0.848384496661907	-0.50770050192403	-0.114427174601434	1
10.125	51.25	0.000454072358532767	0.814837852163951	-0.568147665439841	-0.112092275840219	1
10.375	51.25	0.000452636113634204	0.765463544027514	-0.627468331738863	-0.112258637833856	1
10.625	51.25	0.000451433933234399	0.870083069711247	-0.470497854739321	-0.10805151411471	1
10.875	51.25	0.00045071261593591	0.657300294594615	-0.743451067733601	-0.107960366373512	1
11.125	51.25	0.000450772814466493	0.891553971039489	-0.418854626075986	-0.105552413518017	1
11.375	51.25	0.000451626094229036	0.622732901842924	0.788921891620986	-0.101321240009274	1
11.625	51.25	0.000452828073067224	0.833506125732318	0.570845955085853	-0.107290999879333	1
11.875	51.25	0.00045422357805826	0.720778574752939	0.701730782503213	-0.10590135205075	1
12.125	51.25	0.000455701088005246	0.804443371471301	0.609771140030602	-0.109480432348941	1
12.375	51.25	0.00045723494762838	0.778633245352012	0.639447081104344	-0.110022628114772	1
12.625	51.25	0.000458790309193081	0.808313489998668	0.605504525121405	-0.112519441294852	1
12.875	51.25	0.000460371958065827	0.812373171487739	0.599052835994952	-0.114314952389047	1
13.125	51.25	0.000461981328400879	0.827339041455469	0.580462503192043	-0.116465246294644	1
13.375	51.25	0.000463622580265271	0.834898732276547	0.570554909423295	-0.118957536645871	1
13.625	51.25	0.000465273279692891	0.834347176183395	0.565603891203128	-0.121327700646955	1
13.875	51.25	0.000466882103149015	0.872475883673003	0.505701748096684	-0.122315801496868	1
14.125	51.25	0.000468314232638864	0.838837592311261	0.566421997934141	-0.125258946638371	1
14.375	51.25	0.000469343861889872	0.81219276185732	0.577069452968416	-0.127666238502878	1
14.625	51.25	0.000469928844637364	0.966906413497119	0.186886816393006	-0.123191435789972	1
14.875	51.25	0.000470216054581131	0.989479131211778	-0.0245392969857656	-0.120318421578667	1
15.125	51.25	0.000470355418708057	0.988660418963839	-0.103751625353519	-0.118292420579013	1
15.375	51.25	0.000470374941843658	0.98961150063172	-0.105961393384595	-0.117547948909314	1
15.625	51.25	0.00047020327993408	0.982358262203131	-0.144336344637468	-0.116094635668979	1
15.875	51.25	0.000469714094284694	0.970138902594629	-0.238178379416741	-0.114255084354923	1
16.125	51.25	0.000468771089053259	0.974927937227708	-0.198806930903652	-0.115625556546312	1
16.375	51.25	0.000467375931161239	0.850559955036457	-0.505076301582389	-0.112001861576121	1
16.625	51.25	0.000465722427076415	0.4780751222704	-0.877982238824343	-0.111261598423008	1
16.875	51.25	0.000464036732271583	0.502455174262367	-0.863301700818071	-0.112101702130393	1
17.125	51.25	0.000462468701638878	0.49728027931922	-0.862737203049388	-0.111313315705783	1
17.375	51.25	0.000461057970953966	0.540253361799079	-0.828315237501904	-0.11073940260647	1
17.625	51.25	0.0004598256468187	0.627384249298777	-0.755074267349929	-0.107662669104285	1
17.875	51.25	0.000458737667841149	0.664423619679026	-0.723532179221564	-0.104615929194155	1
18.125	51.25	0.000457759876553316	0.714624779558947	-0.683347681684974	-0.101940680537009	1
18.375	51.25	0.000456834607804453	0.656908623572208	-0.739520752596578	-0.101427147271306	1
18.625	51.25	0.000455941743013669	0.737210992395122	-0.662217905088769	-0.098111475389699	1
18.875	51.25	0.000455034545088073	0.60175664921581	-0.783875339934415	-0.0988120951552918	1
19.125	51.25	0.000454122394310372	0.819774780642668	-0.556147723070616	-0.0937319192013695	1
19.375	51.25	0.000453210141143663	0.543502737486916	-0.82445282308012	-0.0959046913785026	1
19.625	51.25	0.000452446013191381	0.934065198101112	-0.321423861707429	-0.0892136055795676	1
19.875	51.25	0.000451927552206895	0.511569773223241	-0.845839288539428	-0.0909493687148803	1
20.125	51.25	0.000451927011238493	0.933846905777202	-0.280707496423364	-0.0849240908685587	1
20.375	51.25	0.000452389701975505	0.70243264981629	0.717937265765566	-0.0790596062667024	1
20.625	51.25	0.000453063894715986	0.912650915564899	0.430264392012448	-0.0857735117252649	1
20.875	51.25	0.000453862943914822	0.803871848289381	0.603542643638647	-0.0832695953690568	1
21.125	51.25	0.000454721131793973	0.872699359638993	0.512401947967732	-0.0871577628492722	1
21.375	51.25	0.00045564866097673	0.848204704168382	0.55020687992106	-0.0885072490512571	1
21.625	51.25	0.000456626056565856	0.852452546299656	0.54890337169809	-0.0915008260781609	1
21.875	51.25	0.0004576684506998	0.853194793634993	0.550495992603065	-0.0942715355168926	1
22.125	51.25	0.000458769371004422	0.837992805731601	0.576602716561326	-0.0979269370858924	1
22.375	51.25	0.000459907058884819	0.833092142891846	0.578868912668332	-0.101348675368927	1
22.625	51.25	0.000461057541341994	0.860301761528501	0.543524262342128	-0.103746876524785	1
22.875	51.25	0.000462153919300068	0.81124562100744	0.620214589405158	-0.108896518597752	1
23.125	51.25	0.000463062495626687	0.820421946781451	0.583943260540296	-0.112615252272433	1
23.375	51.25	0.000463797654537473	0.959568863523194	0.247995577991911	-0.111435662675322	1
23.625	51.25	0.000464500003033909	0.967200864089259	0.196693571601665	-0.107966104090175	1
23.875	51.25	0.000465272250905678	0.968656493882317	0.220305647394972	-0.104981705257465	1
24.125	51.25	0.000466117859920056	0.976870139844365	0.216959129949141	-0.104522062448543	1
24.375	51.25	0.000466982716078383	0.979794910643729	0.216093451448442	-0.105156896205403	1
24.625	51.25	0.000467709255928876	0.985339758479456	0.177018113696385	-0.105943988549579	1
24.875	51.25	0.000468062414664027	1.00026642368805	0.0469571631373575	-0.105440651756958	1
25.125	51.25	0.000467758105437328	0.989544576048623	-0.0799095373798673	-0.106657511977204	1
25.375	51.25	0.000466803850106528	0.880096601296253	-0.412443044844898	-0.102230198652925	1
25.625	51.25	0.000465558287566798	0.746156594579563	-0.643418929361838	-0.0949227771670895	1
25.875	51.25	0.000464167199488917	0.771073379346531	-0.630034293299239	-0.0953164524143076	1
26.125	51.25	0.000462811970577152	0.757726274694979	-0.641253409188492	-0.0940598342217921	1
26.375	51.25	0.000461492956366866	0.757177773642767	-0.639972477279178	-0.0928646497316506	1
26.625	51.25	0.00046021463078404	0.752165892465824	-0.643747018357482	-0.0910716502245025	1
26.875	51.25	0.00045896400884385	0.748994051379281	-0.647086242553241	-0.0890939875582227	1
27.125	51.25	0.000457729357987915	0.7464685149221	-0.650652543662417	-0.087054645048597	1
27.375	51.25	0.000456501516135072	0.745223323542187	-0.653409075048283	-0.085100155056473	1
27.625	51.25	0.000455289742694789	0.747638776242606	-0.653701414524717	-0.0832926545934011	1
27.875	51.25	0.000454126071827821	0.744301763574484	-0.659558042148499	-0.0822059730009434	1
28.125	51.25	0.000453115486979631	0.75667564847832	-0.643808562049638	-0.0807153856609379	1
28.375	51.25	0.000452410721530216	0.774083952090482	-0.638625063146698	-0.0793639260590775	1
28.625	51.25	0.00045203869180312	0.697740234611543	-0.712266163228369	-0.083051076382452	1
28.875	51.25	0.000452052423514493	0.840899104573738	-0.505810126486247	-0.0770910391514576	1
29.125	51.25	0.000452369216009014	0.966927708487815	-0.0470684369465082	-0.0736548172766726	1
29.375	51.25	0.000452945385550709	0.903359974081126	0.355033317751739	-0.0613098747345162	1
29.625	51.25	0.000453688121576794	0.77785033752357	0.646139396082766	-0.0572199414558431	1
29.875	51.25	0.00045465973545477	0.807866326053696	0.633044810044121	-0.0641390828397072	1
30.125	51.25	0.000455858754133117	0.801819931537136	0.627815349437714	-0.0685712919150606	1
30.375	51.25	0.000457165553652154	0.776053646879369	0.659977485734056	-0.0715725430050502	1
30.625	51.25	0.000458593225062608	0.763016486769423	0.677737047951702	-0.0755762393120461	1
30.875	51.25	0.000460225207678036	0.753530547298937	0.687837002429324	-0.079577384650337	1
31.125	51.25	0.000462073199282584	0.733111862637099	0.707468032633804	-0.0836178890805677	1
31.375	51.25	0.000464111381937039	0.737043694879812	0.703120099663706	-0.0865709424763931	1
31.625	51.25	0.000466140400981398	0.709612717522526	0.742455231137408	-0.0913087935697287	1
31.875	51.25	0.000467615819804591	0.640392305051789	0.77622151275149	-0.0980930861702736	1
32.125	51.25	0.000468381851694338	0.845507829817195	0.495992506965391	-0.0908402195959017	1
32.375	51.25	0.000468445277813051	0.965899446583508	0.122555533086123	-0.0878743671489192	1
32.625	51.25	0.000468276679612063	0.945072978263353	-0.175832947438545	-0.0773758862870997	1
32.875	51.25	0.000468049461397419	0.931280377859013	-0.264765973872227	-0.0685264687961267	1
33.125	51.25	0.000467822049379147	0.934078380319524	-0.258434543774237	-0.0613553377854348	1
33.375	51.25	0.000467664184995326	0.933978270032759	-0.242898176041875	-0.0531920265567402	1
33.625	51.25	0.000467601509975258	0.935936634696528	-0.217300848093243	-0.044021974046169	1
33.875	51.25	0.000467636235075159	0.938196626237475	-0.185305410830658	-0.0338175295205124	1
34.125	51.25	0.000467724342123054	0.938041790027405	-0.153327451891358	-0.0224758424408854	1
34.375	51.25	0.000467769640962242	0.930494156188648	-0.13329247056415	-0.00945294109787559	1
34.625	51.25	0.000467651377858629	0.908727886926235	-0.165676059787638	0.00695035700205589	1
34.875	51.25	0.000467241883736513	0.848472111742861	-0.364567537669027	0.027636937329139	1
35.125	51.25	0.000466500351818316	0.731931894470773	-0.631867119260739	0.0446505330629376	1
35.375	51.25	0.000465806074573217	0.739484317040431	-0.672889936700989	0.0476287424934932	1
35.625	51.25	0.000465886010368485	0.782822899812042	-0.617801461941328	0.0462478924081325	1
35.875	51.25	0.000466568875580138	0.791465086412992	-0.59847699602359	0.0483764008663996	1
36.125	51.25	0.000466964190742635	0.779587799633455	-0.621771555080583	0.0501068192955281	1
36.375	51.25	0.000465727811374286	0.779999673325877	-0.630923863301974	0.0504402940372734	1
36.625	51.25	0.000461200761552498	0.76385434667685	-0.665588028018571	0.049647824464807	1
36.875	51.25	0.000451999459700551	0.731551949873593	-0.698393385764132	0.0449117033058707	1
37.125	51.25	0.000439055277983306	0.832541866483358	-0.619320403233442	0.0473954831355465	1
37.375	51.25	0.000426972467737197	0.541546826964581	-0.837391451165921	0.0261463715494847	1
0.125	51.75	0.000442030155807604	0.853864945684513	-0.50617137392457	-0.117313432092314	1
0.375	51.75	0.00044210311854468	0.632042641207787	-0.761953365335421	-0.113953945926109	1
0.625	51.75	0.000442264721310583	0.983149439225562	0.00635222824495583	-0.114172944095462	1
0.875	51.75	0.0004425114149958	0.767563121877414	-0.628357092517061	-0.10573246665875	1
1.125	51.75	0.000442818640848419	0.890844192900567	0.472544930603654	-0.1104126479084	1
1.375	51.75	0.000443055374378826	0.849137422842134	0.521872063249058	-0.109565405723024	1
1.625	51.75	0.00044309832361667	0.950368288873155	-0.242719015734355	-0.108098038742173	1
1.875	51.75	0.000443043614692311	0.969078370906613	0.243481041884188	-0.100416310728615	1
2.125	51.75	0.000443044442768959	1.00737131288084	0.0706351024952422	-0.107809514264945	1
2.375	51.75	0.000443396108229563	0.829054106734964	0.559173558980588	-0.105677012764908	1
2.625	51.75	0.000444205233506704	0.923851692604013	0.392485235359425	-0.108694818479811	1
2.875	51.75	0.000445342879667034	0.917297779818482	0.388597849024159	-0.108032533316604	1
3.125	51.75	0.000446714649824993	0.882477273920125	0.480420547495205	-0.107411954053622	1
3.375	51.75	0.000448234166472429	0.948346118827743	0.330852193241013	-0.11069317834821	1
3.625	51.75	0.000449820206233015	0.886266437456283	0.465211592789388	-0.11002965148466	1
3.875	51.75	0.000451397426854138	0.917607836849494	0.408419408281724	-0.11148489431766	1
4.125	51.75	0.000452943923151554	0.933549624616857	0.372302659299034	-0.112507889671278	1
4.375	51.75	0.00045448628199863	0.942588978022919	0.360332299497148	-0.114237641679294	1
4.625	51.75	0.000456053727173823	0.940201013394136	0.374100333790022	-0.117035438485285	1
4.875	51.75	0.00045766889974219	0.933538372541225	0.391841243840941	-0.119995815203101	1
5.125	51.75	0.00045933192987032	0.925055413354245	0.408935308794109	-0.122981818980029	1
5.375	51.75	0.000461019279351651	0.922399188807265	0.407739163548958	-0.125392884417859	1
5.625	51.75	0.000462675979101974	0.934380351156006	0.380362201171303	-0.127057320983093	1
5.875	51.75	0.000464189726859744	0.917398318992862	0.415103057702219	-0.129725789178727	1
6.125	51.75	0.000465383012416548	0.911386419818798	0.402693472793422	-0.130345827067692	1
6.375	51.75	0.000466178833056112	0.98003190848293	0.171741455545765	-0.128172907704596	1
6.625	51.75	0.000466687667589879	1.00017689332623	0.0385249123563612	-0.128120028180805	1
6.875	51.75	0.000466975212209937	1.00273618302348	0.00858215577288727	-0.128861884344079	1
7.125	51.75	0.000466946045167544	1.00176498734204	0.0155233599257587	-0.129739593483497	1
7.375	51.75	0.000466403565343551	1.002210628769	-0.00957213532809663	-0.130035566314744	1
7.625	51.75	0.000465211680173246	0.99801007222733	-0.0497694917514994	-0.131099268329523	1
7.875	51.75	0.000463529942668836	0.702464746981631	-0.703882111822659	-0.129907068940137	1
8.125	51.75	0.000461727254423565	0.697943741227755	-0.713107163398024	-0.129316049217869	1
8.375	51.75	0.000459974473489612	0.811038364666174	-0.569498845492157	-0.128796733355524	1
8.625	51.75	0.000458321986172852	0.713047644236692	-0.686138831129117	-0.126088127444594	1
8.875	51.75	0.000456826690039018	0.83205200123137	-0.537775891099304	-0.124300676597992	1
9.125	51.75	0.000455449355670413	0.784627994179895	-0.600141499654363	-0.122712595874483	1
9.375	51.75	0.000454189314381867	0.84985378637055	-0.505207863173219	-0.119314663220923	1
9.625	51.75	0.000452979253031259	0.813097619728886	-0.57052276897973	-0.118203674646825	1
9.875	51.75	0.000451807892768117	0.824463956382007	-0.547639992855431	-0.116867341226321	1
10.125	51.75	0.000450660813211917	0.856110271812804	-0.504821244086563	-0.113973554703121	1
10.375	51.75	0.000449569235295843	0.742191607124563	-0.657829410475488	-0.114785939740946	1
10.625	51.75	0.00044867049816579	0.903759339955877	-0.40239393941553	-0.110772591431373	1
10.875	51.75	0.000448132276151524	0.650195926627968	-0.750069610406385	-0.11033719956148	1
11.125	51.75	0.000448195659351251	0.906131752367097	-0.38627770570522	-0.108393636077926	1
11.375	51.75	0.000448866351427633	0.619517185057044	0.79062427993883	-0.103540499492949	1
11.625	51.75	0.000449821570520978	0.849665613276103	0.545342577738389	-0.109832265931438	1
11.875	51.75	0.00045095119930669	0.720999656521362	0.701076911395515	-0.107924619254001	1
12.125	51.75	0.000452170984885774	0.817112051375655	0.5926170244048	-0.111836812982622	1
12.375	51.75	0.000453471534177468	0.778681983530597	0.639634189419379	-0.112090081892775	1
12.625	51.75	0.000454826883667313	0.811176030868188	0.601794461385906	-0.114877380858243	1
12.875	51.75	0.000456253644398446	0.807931884379605	0.604422848788435	-0.116396757173527	1
13.125	51.75	0.000457751287877961	0.820444736852257	0.590357063795761	-0.118607063599734	1
13.375	51.75	0.000459310258227532	0.810259854994019	0.60052400791287	-0.121029368971128	1
13.625	51.75	0.000460887458344214	0.829738544676539	0.567060325660243	-0.122054917407795	1
13.875	51.75	0.000462387808018991	0.842274214721262	0.559152731082098	-0.12311945494254	1
14.125	51.75	0.000463595813371539	0.749653266343163	0.667435679051816	-0.126987708592839	1
14.375	51.75	0.000464347204525831	0.877368487104081	0.455450159982422	-0.124150175570321	1
14.625	51.75	0.000464727402878698	0.98344441860382	0.114662481807419	-0.121478545456981	1
14.875	51.75	0.000464920061445947	0.990204832603485	0.0889580379937387	-0.119456482487426	1
15.125	51.75	0.000465029177016322	0.992668188344887	0.0787471226105171	-0.118793723779084	1
15.375	51.75	0.000465095847331008	0.993879616655226	0.0551877726263614	-0.117544010752159	1
15.625	51.75	0.000465093430150808	0.99485010173483	0.0766645084993035	-0.116711276713804	1
15.875	51.75	0.000464921807975622	0.992313044643605	0.0780499403976017	-0.116648232806505	1
16.125	51.75	0.000464483006940943	0.999970135169943	-0.0152515777531945	-0.114567384784276	1
16.375	51.75	0.000463678559691558	0.982520778758472	0.181655516493655	-0.116904372924096	1
16.625	51.75	0.000462451688694606	0.990564136207285	0.0486733431390146	-0.114331032238463	1
16.875	51.75	0.000460940280462089	0.729576203312344	-0.687055840939671	-0.112952724304548	1
17.125	51.75	0.000459402935621723	0.797482744669461	-0.609091005566048	-0.11530436857444	1
17.375	51.75	0.000457950842076528	0.787768668299385	-0.616203351868323	-0.114828661064947	1
17.625	51.75	0.000456631136023149	0.847415253905726	-0.517146382015518	-0.11525917778121	1
17.875	51.75	0.000455478400024951	0.901615409510877	-0.381831173766846	-0.111205569670402	1
18.125	51.75	0.000454505744639507	0.956621608157681	-0.205272965905119	-0.105173576697925	1
18.375	51.75	0.000453651492616739	0.978024563678948	-0.119212854870799	-0.100913945080198	1
18.625	51.75	0.000452854794528253	0.985833076238417	-0.0959549353193535	-0.0982473358780799	1
18.875	51.75	0.000452077357523075	0.966772411428044	-0.19009059576181	-0.0964930721791465	1
19.125	51.75	0.000451315652606711	0.988342971304354	-0.0402224037693003	-0.0913357067115867	1
19.375	51.75	0.000450543567899238	0.894515561325629	-0.407649550196213	-0.0913605881672282	1
19.625	51.75	0.000449876646525657	0.985649017543765	0.0282837144473386	-0.0835199879553796	1
19.875	51.75	0.000449369374902093	0.863381214477395	-0.475195411804769	-0.084513814625013	1
20.125	51.75	0.000449276985778991	0.954063301012049	-0.234466904997225	-0.0766939026647222	1
20.375	51.75	0.00044964756842073	0.951592917870179	0.323736700383219	-0.0759428351471921	1
20.625	51.75	0.000450222088117166	0.924368992657658	0.425481450380725	-0.0796036509062598	1
20.875	51.75	0.000450906905990467	0.923768473486074	0.43031121454974	-0.084376747887691	1
21.125	51.75	0.000451659054303139	0.915363338716774	0.447837023691358	-0.0887359245132076	1
21.375	51.75	0.000452475292651005	0.897192062927662	0.484720428805256	-0.0932723545284353	1
21.625	51.75	0.000453364336284463	0.903731953979515	0.470324277491996	-0.0978180665600629	1
21.875	51.75	0.000454334172729563	0.898711094550147	0.482147116226805	-0.102048598615432	1
22.125	51.75	0.000455372305891378	0.883072058936372	0.503641592301917	-0.107106416436296	1
22.375	51.75	0.000456452849703657	0.902756387055971	0.457088781977584	-0.109771733640318	1
22.625	51.75	0.000457534389399274	0.901304561605931	0.471578521344325	-0.112923492499563	1
22.875	51.75	0.00045850212441909	0.820185673762135	0.580756622331727	-0.118270263450192	1
23.125	51.75	0.000459261411449182	0.929171744187536	0.327164902521096	-0.115614986547498	1
23.375	51.75	0.000459918498653884	0.961485721318993	0.202570552557961	-0.111237047778334	1
23.625	51.75	0.000460566088994954	0.918075508601992	0.373701637396208	-0.107222760096119	1
23.875	51.75	0.000461263268415955	0.92273724010447	0.386049788217656	-0.106803070787162	1
24.125	51.75	0.000462040621932847	0.922699393369401	0.393788040457222	-0.107182700309501	1
24.375	51.75	0.000462870242317739	0.925179104329278	0.394832753977511	-0.108233749202866	1
24.625	51.75	0.000463648406643174	0.932510132061165	0.390122626313548	-0.109968735155026	1
24.875	51.75	0.000464167556370117	0.925350514820826	0.410366301298121	-0.113595128988539	1
25.125	51.75	0.000464143430821253	0.942323282525306	0.320681285233347	-0.115913520067521	1
25.375	51.75	0.000463472879793578	0.958955267311355	-0.138671508468714	-0.110535829522342	1
25.625	51.75	0.000462399097777196	0.823057203759338	-0.510446761392377	-0.100953980916469	1
25.875	51.75	0.000461153559800425	0.777669787775117	-0.607303892888198	-0.0962865501879154	1
26.125	51.75	0.000459869023049186	0.777347638957679	-0.617507752134573	-0.0951801933022149	1
26.375	51.75	0.000458638284705341	0.775216843003197	-0.617886224719222	-0.094088432427003	1
26.625	51.75	0.000457458954306576	0.770300439712379	-0.620801713583381	-0.0925267706179431	1
26.875	51.75	0.000456318861275682	0.764909360202591	-0.62531545676411	-0.0905892279072767	1
27.125	51.75	0.000455203999814037	0.760893247092761	-0.629279386559691	-0.088390268332827	1
27.375	51.75	0.000454099652878524	0.756739534473051	-0.634316890283934	-0.0861326330653994	1
27.625	51.75	0.000453008030450238	0.757482473202423	-0.634639541697662	-0.083745108011529	1
27.875	51.75	0.000451951829545987	0.758312955245706	-0.63877048025287	-0.0817415838932927	1
28.125	51.75	0.000450990358125661	0.749359860131403	-0.645217988593297	-0.0806256533992239	1
28.375	51.75	0.000450315426751078	0.813813374256541	-0.580843537691522	-0.0767022026178836	1
28.625	51.75	0.00044997504387106	0.6916026284809	-0.724024186382468	-0.0819998610850038	1
28.875	51.75	0.000450006671909394	0.88468125692445	-0.427670376401648	-0.0766020287993423	1
29.125	51.75	0.000450358215379033	0.769821446343387	0.633652557801784	-0.0735340827045459	1
29.375	51.75	0.000450961523130904	0.588952107399861	0.824478452355507	-0.0724965879111197	1
29.625	51.75	0.000451728596492584	0.577969597777901	0.849696276317569	-0.0759216768612142	1
29.875	51.75	0.000452679029582337	0.611275245609099	0.818553797245223	-0.080746657341997	1
30.125	51.75	0.00045376914538789	0.604515020045193	0.819106076653274	-0.0830315560576711	1
30.375	51.75	0.000454968382928053	0.612137712407399	0.814576757587356	-0.0857717580486832	1
30.625	51.75	0.000456343839441178	0.628075788420531	0.801651449397253	-0.088766966008282	1
30.875	51.75	0.000457942279539098	0.64312515878108	0.789051570127371	-0.091648009101625	1
31.125	51.75	0.000459751316037415	0.657738600982491	0.775017838630166	-0.0946108297518481	1
31.375	51.75	0.000461666587137548	0.696680091363617	0.748963353892801	-0.0969513905256453	1
31.625	51.75	0.000463323641010653	0.638265870734856	0.794448121176146	-0.103619880627064	1
31.875	51.75	0.000464235061418267	0.7656997978679	0.613099804451829	-0.102782363811844	1
32.125	51.75	0.000464475616166422	0.935789564351168	-0.203780974885936	-0.0901896005809237	1
32.375	51.75	0.000464448902694723	0.924436377501263	-0.320447971040907	-0.0814580494878905	1
32.625	51.75	0.000464276305731505	0.951818114289122	-0.243959641261909	-0.079051477975634	1
32.875	51.75	0.000464087075775079	0.942549481394972	-0.237018108029211	-0.0730426804169837	1
33.125	51.75	0.000463910846534701	0.936633710575916	-0.241679128621523	-0.0653515933130719	1
33.375	51.75	0.000463779743352927	0.935948702635043	-0.232279991539717	-0.0569325396040297	1
33.625	51.75	0.000463740511311605	0.937777839194893	-0.210309806969506	-0.0477160990436493	1
33.875	51.75	0.000463821040726347	0.940888387347047	-0.178798839579422	-0.0376740526060306	1
34.125	51.75	0.000464001101470801	0.943477670224369	-0.142334020227942	-0.0268231710546997	1
34.375	51.75	0.000464190958789937	0.942627883439332	-0.106168244606462	-0.0150259182974058	1
34.625	51.75	0.000464247036749359	0.931536526813006	-0.0827160324263136	-0.00140761692795911	1
34.875	51.75	0.000464048700910747	0.906585316701909	-0.152240805404211	0.0169715226577149	1
35.125	51.75	0.000463521719333366	0.788049755293959	-0.511921376103903	0.0379983955504855	1
35.375	51.75	0.00046293435415114	0.684380521819598	-0.718552135498357	0.048838012010348	1
35.625	51.75	0.000462941835371127	0.7575864830356	-0.65744924834077	0.0455712789519622	1
35.875	51.75	0.00046369250857552	0.782062386982909	-0.60840389272555	0.0467776810117513	1
36.125	51.75	0.000464193364248909	0.771370324715698	-0.6226765810169	0.0495783754380332	1
36.375	51.75	0.000462993700513519	0.783897540495742	-0.613316902101492	0.0513535172911576	1
36.625	51.75	0.000458365171776349	0.77033591622575	-0.643476485557428	0.0523659400995187	1
36.875	51.75	0.000448843910773167	0.738710563801868	-0.677361431789566	0.0496179969233529	1
37.125	51.75	0.000435392834223753	0.828984507986923	-0.61127551250746	0.053834176343459	1
37.375	51.75	0.000422786162344314	0.547687554304569	-0.824823466551401	0.03371456947948	1
0.125	52.25	0.000442884746867512	0.993402143954889	-0.0150608674607881	-0.11934097045533	1
0.375	52.25	0.000442894247652136	0.555738083299466	-0.83182456228619	-0.116340444534124	1
0.625	52.25	0.000442874662964132	0.96637253512603	0.25780720697347	-0.118715987342738	1
0.875	52.25	0.000442862151676093	0.971058769233683	0.235064392426813	-0.116415793871945	1
1.125	52.25	0.000442902673527374	0.988272629453413	0.179314012303346	-0.118237982480329	1
1.375	52.25	0.000442942042237096	0.960789973470773	0.318793147979777	-0.118725843720119	1
1.625	52.25	0.000442905793238081	0.924737538457374	0.405283139863608	-0.124294549208299	1
1.875	52.25	0.000442858637973323	0.793521787388005	-0.578812100088663	-0.122981925538378	1
2.125	52.25	0.000442811285700492	0.858509046326435	-0.477468750837482	-0.118430856983676	1
2.375	52.25	0.000442891220058426	0.632060485264624	-0.761490890380034	-0.114658770950023	1
2.625	52.25	0.000443211274401291	0.75916028502214	0.657107918787307	-0.115766297175584	1
2.875	52.25	0.000443731862843173	0.632471287027596	0.784240517757965	-0.115598421998552	1
3.125	52.25	0.000444448810289958	0.834861649241039	0.556112514075919	-0.118574834356867	1
3.375	52.25	0.000445292348587806	0.695155592201137	0.714705501461191	-0.117041801039648	1
3.625	52.25	0.000446216170050716	0.814485078075853	0.58041065627649	-0.117653793937136	1
3.875	52.25	0.000447196763236334	0.862777081384125	0.505634841038018	-0.117333598498877	1
4.125	52.25	0.000448242955834242	0.903208689081863	0.440683731341572	-0.117875879523507	1
4.375	52.25	0.000449376891070516	0.9083288082642	0.439357571240619	-0.119591992203288	1
4.625	52.25	0.000450610715992773	0.910911851986837	0.436903879996641	-0.121945653359565	1
4.875	52.25	0.00045194524612988	0.909907809144855	0.438651699696803	-0.12427887445779	1
5.125	52.25	0.000453365489373602	0.906854263182112	0.439433395194351	-0.126583892327519	1
5.375	52.25	0.000454834406464101	0.917520222825964	0.411328808496593	-0.127836725056728	1
5.625	52.25	0.000456277100415594	0.92797285616218	0.39218821678552	-0.129277264307164	1
5.875	52.25	0.000457550082860423	0.892003739962759	0.453318519898701	-0.131472433052568	1
6.125	52.25	0.00045849363482609	0.936845890414329	0.327073555575739	-0.129574130596489	1
6.375	52.25	0.00045912912033677	0.99340870321151	0.081750773493244	-0.12803272974918	1
6.625	52.25	0.000459610954496026	1.0009787325153	0.0273445333897488	-0.128196239882354	1
6.875	52.25	0.000460003471053835	1.00195958779017	0.0137133835398439	-0.12893629528324	1
7.125	52.25	0.000460250457764032	1.00240346125718	0.00196240546441079	-0.129452776866121	1
7.375	52.25	0.000460190280794063	1.00248567032976	-0.00369184534982004	-0.130368998461147	1
7.625	52.25	0.00045963918919012	1.00098067679057	-0.0025649146567625	-0.130928581969689	1
7.875	52.25	0.000458518926551743	0.984963797339462	-0.149017972363855	-0.131089769012392	1
8.125	52.25	0.000457041691118197	0.652323055736786	-0.752941057981755	-0.129344525138515	1
8.375	52.25	0.000455541931373257	0.76977958002346	-0.6398660477406	-0.129835661938447	1
8.625	52.25	0.000454106471532071	0.750615680895039	-0.647705318287677	-0.129871522841941	1
8.875	52.25	0.000452814549945276	0.747734266469712	-0.651594087082156	-0.126476083643518	1
9.125	52.25	0.000451654539488023	0.777512470176932	-0.614064180681333	-0.126587668491697	1
9.375	52.25	0.000450634049855761	0.810025107717005	-0.561477999459775	-0.12289892522222	1
9.625	52.25	0.000449700152088867	0.819023541788543	-0.557754925526839	-0.12069820325565	1
9.875	52.25	0.000448822926091376	0.809471360398197	-0.56761361200013	-0.119492980070664	1
10.125	52.25	0.000447994830719262	0.880132118381043	-0.459660779284595	-0.116086866047514	1
10.375	52.25	0.000447212891070024	0.745557255708765	-0.655189128848724	-0.116972023964294	1
10.625	52.25	0.000446575769730711	0.930231100505129	-0.340623469021622	-0.113217790866435	1
10.875	52.25	0.000446190859265498	0.667102105730435	-0.735485810725966	-0.113052567631634	1
11.125	52.25	0.000446235524377097	0.937841503726232	-0.295371261121133	-0.11086564060877	1
11.375	52.25	0.000446716557062368	0.645104334947285	0.770217127133237	-0.105240372348851	1
11.625	52.25	0.000447418451588733	0.87839783645163	0.500706307552831	-0.112370124801219	1
11.875	52.25	0.000448272158708738	0.750232366963101	0.671324167742184	-0.11045636165266	1
12.125	52.25	0.000449218927724348	0.845312627295813	0.554503209235473	-0.114871255643972	1
12.375	52.25	0.000450263742043307	0.806141614345464	0.606928392024637	-0.115442670102343	1
12.625	52.25	0.000451391551323194	0.838140962213673	0.564733294350665	-0.11857550923205	1
12.875	52.25	0.000452626204115671	0.837663885933778	0.564071793766664	-0.120132886366345	1
13.125	52.25	0.00045395771668433	0.839306051758504	0.562766727345566	-0.122857758864643	1
13.375	52.25	0.000455362422326197	0.837819353460828	0.554947806301646	-0.124683851688912	1
13.625	52.25	0.000456778261866594	0.876183814545408	0.497260902129407	-0.124840717539476	1
13.875	52.25	0.00045804822559672	0.811135757803407	0.601369081780202	-0.128219376435516	1
14.125	52.25	0.000458946430502346	0.824916190310576	0.552400895253774	-0.128890190257026	1
14.375	52.25	0.000459445298567419	0.983200585523471	0.0668985245544918	-0.124650205223774	1
14.625	52.25	0.000459694499756871	0.989181105537599	-0.0449630927345747	-0.121854826799344	1
14.875	52.25	0.000459830089899719	0.991385433912212	-0.0587477041484257	-0.119943958672801	1
15.125	52.25	0.000459916455530632	0.990453008661214	-0.096572283215445	-0.118625325002721	1
15.375	52.25	0.000459985046879496	0.98850764307766	-0.112993184908465	-0.117707247189096	1
15.625	52.25	0.000460035920596232	0.983139119675646	-0.150549652789183	-0.116293332260885	1
15.875	52.25	0.0004600239005822	0.97647323157232	-0.19502195879631	-0.115208119983472	1
16.125	52.25	0.00045986955655434	0.962970942317644	-0.2447217812543	-0.114329256783787	1
16.375	52.25	0.00045948417432854	0.915683967567998	-0.391675384686936	-0.112318683657635	1
16.625	52.25	0.000458748713555473	0.926012743196636	-0.364479217916779	-0.112462177505086	1
16.875	52.25	0.000457618287441994	0.859521442451798	-0.496746413429039	-0.11034708338184	1
17.125	52.25	0.000456260332181334	0.42952436818649	-0.898424595665556	-0.109554871941436	1
17.375	52.25	0.000454875216859798	0.34707525503598	-0.933562793227321	-0.109889499935303	1
17.625	52.25	0.000453621093858183	0.411510467606864	-0.908024529461749	-0.109420417239348	1
17.875	52.25	0.000452528489218933	0.392006427584214	-0.910081920574322	-0.109825335178164	1
18.125	52.25	0.000451621152573418	0.510874856852739	-0.842825780093688	-0.107028582497654	1
18.375	52.25	0.000450847899303245	0.545370909565858	-0.815056574742951	-0.1061613967584	1
18.625	52.25	0.000450189543419831	0.731900654058561	-0.6600704401193	-0.101256635635129	1
18.875	52.25	0.000449557478529536	0.619180058108311	-0.770766574549665	-0.10263084622623	1
19.125	52.25	0.000448965934876431	0.838914102713633	-0.531893839129052	-0.0976512691211983	1
19.375	52.25	0.000448355399625204	0.631343560539871	-0.761249606125215	-0.101691369172502	1
19.625	52.25	0.000447842551562415	0.871765819869748	-0.453518192160451	-0.0935827143959915	1
19.875	52.25	0.000447444965413257	0.672504153720293	-0.714113596863394	-0.0957493982257194	1
20.125	52.25	0.000447319120618428	0.758602052077754	-0.587223117299852	-0.0870450116899886	1
20.375	52.25	0.000447558874986682	0.679418850778247	0.755958869360434	-0.0795854549383408	1
20.625	52.25	0.000447975193934523	0.931980759324005	0.421596135566712	-0.0924147321800379	1
20.875	52.25	0.000448506569316289	0.801564979769801	0.613194497332656	-0.0903995070446443	1
21.125	52.25	0.00044911689353456	0.857673241358265	0.545346843854578	-0.0951789090235447	1
21.375	52.25	0.000449831806725669	0.831690034920208	0.57580168318873	-0.0974709503785447	1
21.625	52.25	0.000450637768484628	0.837678714826879	0.569236833273119	-0.0995880921475426	1
21.875	52.25	0.000451541063454045	0.816194135563657	0.602348366935552	-0.102817249624939	1
22.125	52.25	0.000452506363724666	0.78555331949464	0.632099853574495	-0.105420921231983	1
22.375	52.25	0.000453497021364467	0.824255099475358	0.584275024598774	-0.105859146339192	1
22.625	52.25	0.000454431362117009	0.723124973847334	0.710427339350983	-0.109765224756949	1
22.875	52.25	0.000455167335991564	0.726764725238743	0.68532413531034	-0.110919918394912	1
23.125	52.25	0.000455726422420763	0.94252128317925	0.32039312695879	-0.108836125139387	1
23.375	52.25	0.000456227820643419	0.955074604658564	0.285410516203518	-0.108337838543891	1
23.625	52.25	0.000456782656813201	0.964649243655986	0.249643013500669	-0.107049075744812	1
23.875	52.25	0.000457404445202993	0.972550287145794	0.230667804941557	-0.106441148043504	1
24.125	52.25	0.000458095929686386	0.977725788027992	0.224839665727882	-0.106722399088058	1
24.375	52.25	0.000458831120480993	0.982548033364025	0.213903555315563	-0.107963769666376	1
24.625	52.25	0.000459534834562654	0.987890784119366	0.176167244172884	-0.109379186508382	1
24.875	52.25	0.000460080508252343	0.999564129728066	0.0622483850251535	-0.109579460088535	1
25.125	52.25	0.000460284769631208	1.00425954678841	-0.0557897630292953	-0.110209556177991	1
25.375	52.25	0.000459983335782375	0.987481953546039	-0.1356306652897	-0.112624331363745	1
25.625	52.25	0.000459242953368455	0.920121250716714	-0.325288858126418	-0.109033687314284	1
25.875	52.25	0.000458247535708215	0.801752751836573	-0.56012681027938	-0.102164120324825	1
26.125	52.25	0.000457125496136147	0.761205086269087	-0.635878320643971	-0.0993664823393666	1
26.375	52.25	0.000456003443409925	0.762292968413962	-0.639870733339725	-0.0990496299132894	1
26.625	52.25	0.000454933992706516	0.758132614979401	-0.640565458639863	-0.0983241910812609	1
26.875	52.25	0.000453907269756612	0.750149301414153	-0.645880611311242	-0.0969203046203385	1
27.125	52.25	0.0004529062128606	0.740455993742756	-0.653852446151111	-0.0950483958789672	1
27.375	52.25	0.000451918800159702	0.731512272340608	-0.662061633853815	-0.0926770733630593	1
27.625	52.25	0.000450934783630555	0.717661325048148	-0.675768378290433	-0.0902488095523662	1
27.875	52.25	0.000449985092463447	0.717669012252469	-0.678056344045141	-0.0871607321075359	1
28.125	52.25	0.000449100566090966	0.688646754307506	-0.708086822902249	-0.0855867296544473	1
28.375	52.25	0.000448441257485517	0.722762949706036	-0.673432510184455	-0.0816406353085192	1
28.625	52.25	0.000448128215820919	0.692357836456902	-0.722859450918638	-0.080737032095565	1
28.875	52.25	0.000448201462708996	0.661651564421368	-0.741839299175278	-0.081915606268543	1
29.125	52.25	0.000448517328353009	0.830913352577179	0.536236603356328	-0.0775838637582151	1
29.375	52.25	0.000448994971698001	0.661574203999984	0.762168823273703	-0.0735171015829291	1
29.625	52.25	0.000449735218387276	0.777566547885531	0.658040229291783	-0.0799701895828655	1
29.875	52.25	0.000450631694024659	0.761444951574371	0.664268194611742	-0.0813574193327668	1
30.125	52.25	0.000451625946649947	0.765678714563058	0.665911202042365	-0.0838543563946584	1
30.375	52.25	0.000452757043155085	0.77125196128095	0.660972213158069	-0.0870564798471454	1
30.625	52.25	0.000454084472832035	0.771615037082324	0.661533612386526	-0.0902733932299581	1
30.875	52.25	0.00045562772517126	0.770941455728212	0.66181223013838	-0.0937222867173907	1
31.125	52.25	0.000457341850423841	0.780079945557089	0.656454564919667	-0.0967725788148682	1
31.375	52.25	0.000458986564178287	0.748287268621513	0.69684769167741	-0.102293238164704	1
31.625	52.25	0.000460132907274116	0.746991468400812	0.659260247967838	-0.106128790007118	1
31.875	52.25	0.000460749423472261	0.934640741082724	0.286662126166882	-0.0976205979234288	1
32.125	52.25	0.000460887201957684	0.978517321493725	0.108429088104614	-0.0951592658256985	1
32.375	52.25	0.000460804372410589	0.972794874686909	-0.014375705901855	-0.0898119501649908	1
32.625	52.25	0.000460650669093742	0.954021640800305	-0.168808646970071	-0.0816280230422623	1
32.875	52.25	0.000460453863934146	0.944102249906907	-0.225286530963904	-0.0743096804788144	1
33.125	52.25	0.000460255180613271	0.938710327815044	-0.240394126097658	-0.0669989759208845	1
33.375	52.25	0.000460100465711099	0.935779170295343	-0.23866132005441	-0.0589130493695924	1
33.625	52.25	0.000460035563044032	0.936253545703958	-0.222332813992104	-0.0499701749945903	1
33.875	52.25	0.000460103481397696	0.939197818684724	-0.193779573507255	-0.0401813676115787	1
34.125	52.25	0.000460315953222215	0.942987856180351	-0.156993275736778	-0.0296247066257334	1
34.375	52.25	0.000460618526028117	0.945757877480941	-0.115368540119712	-0.0183632233580251	1
34.625	52.25	0.000460874315362316	0.944186132064182	-0.0696098566391717	-0.00619980804537529	1
34.875	52.25	0.0004609117566597	0.929276055043012	-0.0339189635807337	0.00814393258977859	1
35.125	52.25	0.000460684053305883	0.89071400691767	-0.224869223893121	0.0287809139377859	1
35.375	52.25	0.000460366197117698	0.675536209615279	-0.698635124362771	0.0480990939641909	1
35.625	52.25	0.000460313447306641	0.701613475790904	-0.724223150047085	0.0470883063710321	1
35.875	52.25	0.000461037941769015	0.773058768001111	-0.627931682694189	0.0448660669193219	1
36.125	52.25	0.00046159919012395	0.756615251334724	-0.636744014382436	0.0479432629667556	1
36.375	52.25	0.000460407933911808	0.777473518621624	-0.615373959582982	0.0504691645162822	1
36.625	52.25	0.000455692863190582	0.770918059669529	-0.631916422027934	0.0522848234874783	1
36.875	52.25	0.000445935030093158	0.75363428292683	-0.646885674326142	0.0514623321921855	1
37.125	52.25	0.000432109737085883	0.822755810320154	-0.603822039175245	0.0574561154791523	1
37.375	52.25	0.000419101398183439	0.57066087556497	-0.798971441164198	0.0392752982239776	1
0.125	52.75	0.000443590701453761	0.91629905261813	-0.357688489686745	-0.119455934022586	1
0.375	52.75	0.00044357139780937	0.637076287827761	-0.75410649251877	-0.112495832255998	1
0.625	52.75	0.000443515304458499	0.680598235346053	-0.712884449622042	-0.115803715437093	1
0.875	52.75	0.000443424848305254	0.748770770047446	-0.648873424294563	-0.107747556665369	1
1.125	52.75	0.000443337467979599	0.818181429724063	0.596155202388258	-0.112594099091011	1
1.375	52.75	0.000443257236227733	0.777409213399143	0.633614208369482	-0.113486532314258	1
1.625	52.75	0.00044317760375381	0.965136458789537	0.25417335973679	-0.113666570625748	1
1.875	52.75	0.000443104354427507	0.862419577071205	0.505479111209305	-0.113225714583051	1
2.125	52.75	0.000443006974269781	0.889598072529657	0.455563309786915	-0.113745521199805	1
2.375	52.75	0.000442969830299771	0.650875150151789	0.755232793503636	-0.113945006771746	1
2.625	52.75	0.0004430022671364	0.88009662136636	0.469222783481653	-0.113005569087718	1
2.875	52.75	0.000443147429699782	0.965943350544204	0.224520539032049	-0.113829984246266	1
3.125	52.75	0.000443401661545214	0.860199499765999	0.485157724204971	-0.109478285858076	1
3.375	52.75	0.000443741421972651	0.921297085272441	0.389384351852647	-0.108879524867329	1
3.625	52.75	0.000444161197613455	0.982801030922384	0.209966870586786	-0.110186401929054	1
3.875	52.75	0.000444670809461819	0.973007892693604	0.273522749781781	-0.111625804506804	1
4.125	52.75	0.000445291645182667	0.965983786134896	0.312596792599735	-0.115553538111221	1
4.375	52.75	0.000446030667643371	0.944061280051988	0.370151090345738	-0.119090828510493	1
4.625	52.75	0.000446888679955803	0.933492884358971	0.392330934970108	-0.122291164595655	1
4.875	52.75	0.000447862268022429	0.923491747288025	0.408835736027906	-0.12512484349461	1
5.125	52.75	0.000448935640016656	0.917146828210399	0.412908112910149	-0.127051241038421	1
5.375	52.75	0.000450067320674914	0.93546802327276	0.370079657622664	-0.127992350237543	1
5.625	52.75	0.00045117133270495	0.916420631855587	0.414282972097216	-0.130163437496899	1
5.875	52.75	0.000452098132398385	0.892786589012937	0.439221393363653	-0.130773063621495	1
6.125	52.75	0.000452749796539527	0.974898210569073	0.189844665570118	-0.128024450821554	1
6.375	52.75	0.000453210580682188	0.999165304989937	0.035426563015244	-0.127686855882002	1
6.625	52.75	0.000453604973678455	1.00161843617642	0.0232942273380531	-0.128144975094202	1
6.875	52.75	0.000453983836281426	1.00241600717784	0.012193938765162	-0.12885617352696	1
7.125	52.75	0.000454326665956629	1.00237367038322	0.00698762394245875	-0.129616239972066	1
7.375	52.75	0.000454537436734658	1.00215701281109	-0.00208851305931341	-0.13028206339265	1
7.625	52.75	0.00045446277992682	1.00194419747703	-0.0217438143032622	-0.130921876865117	1
7.875	52.75	0.000453963454609851	1.00088323705248	0.0152087643942487	-0.131601319712109	1
8.125	52.75	0.000453019067856678	0.939579007661421	-0.316509813842688	-0.131641032157089	1
8.375	52.75	0.00045187739633901	0.646870862074745	-0.759006972444123	-0.12783753288217	1
8.625	52.75	0.000450750722061547	0.80367949847846	-0.598259959498787	-0.130912665067556	1
8.875	52.75	0.000449708763985318	0.749327153159439	-0.650434652345349	-0.128789508823391	1
9.125	52.75	0.00044878081214518	0.737602175667689	-0.668775299813214	-0.127968727447748	1
9.375	52.75	0.000447973473515013	0.775967573337879	-0.613050434238478	-0.126919091028896	1
9.625	52.75	0.00044727357856873	0.801930797649894	-0.579902421565111	-0.123543745697888	1
9.875	52.75	0.000446637777627841	0.758730897593862	-0.632030230537585	-0.122833437882476	1
10.125	52.75	0.000446067188226895	0.888017203899089	-0.438160340927738	-0.118478226349887	1
10.375	52.75	0.000445539921800459	0.713315346149925	-0.688427231732125	-0.119057342689121	1
10.625	52.75	0.000445111612821179	0.944146023136102	-0.299774757971801	-0.115256455576086	1
10.875	52.75	0.000444848299053701	0.655687749430191	-0.746661989202651	-0.115071584750055	1
11.125	52.75	0.000444864790284664	0.945738782129734	-0.272310698746187	-0.113196969450366	1
11.375	52.75	0.000445175520246252	0.663360321581904	0.755283237212628	-0.107651441450646	1
11.625	52.75	0.000445651844804769	0.888293676708773	0.483385912507102	-0.114945527334074	1
11.875	52.75	0.000446253218231765	0.755673404105766	0.665609658046893	-0.113039001596355	1
12.125	52.75	0.000446945670670502	0.849062102979389	0.548757643536797	-0.117555217035478	1
12.375	52.75	0.000447744374701323	0.799060756045561	0.615048971659644	-0.118053111268639	1
12.625	52.75	0.000448645426699744	0.832228552830735	0.57117082281163	-0.120879960795391	1
12.875	52.75	0.000449670665941968	0.819115027404113	0.589281089407387	-0.122201903566153	1
13.125	52.75	0.00045079649671122	0.805721843567042	0.60281585943156	-0.124716163517927	1
13.375	52.75	0.000451991906401411	0.831091133497687	0.56022678633094	-0.124696770912053	1
13.625	52.75	0.000453159823674827	0.82209938748337	0.587104000844288	-0.125692453812453	1
13.875	52.75	0.000454100775704472	0.725213049296961	0.687865006781935	-0.129237814925934	1
14.125	52.75	0.000454689244585446	0.913412864529353	0.373597346141984	-0.12505471302496	1
14.375	52.75	0.00045499696516454	0.985107300986502	0.109286206068817	-0.123017872460612	1
14.625	52.75	0.000455164878996267	0.986605329910792	0.105428815027579	-0.120886364771766	1
14.875	52.75	0.000455262681980378	0.990482680609973	0.0912954430393594	-0.119351810081448	1
15.125	52.75	0.000455326047028963	0.992533812221941	0.0814648139977023	-0.118437272428962	1
15.375	52.75	0.000455384041354192	0.993486169924073	0.0781007188580769	-0.117490694529516	1
15.625	52.75	0.000455446759484452	0.993386002293125	0.092899823397741	-0.116920357005319	1
15.875	52.75	0.00045550527418783	0.993035741064955	0.101678388042399	-0.116543940860558	1
16.125	52.75	0.000455533466163614	0.994543319209812	0.117435993927836	-0.11623319050917	1
16.375	52.75	0.000455461429379895	0.982471283360033	0.186107988077623	-0.117500787330843	1
16.625	52.75	0.000455205651379746	0.983315296335786	0.168822828698361	-0.116349368815382	1
16.875	52.75	0.000454678299921826	0.970907945244278	0.258168826733731	-0.11653856039066	1
17.125	52.75	0.000453842854655211	0.939773487595879	0.351260829820457	-0.118880901152912	1
17.375	52.75	0.000452753125619548	0.78355158013722	-0.617469593743245	-0.118352779583665	1
17.625	52.75	0.000451629376209404	0.724670664406434	-0.68958616252357	-0.117961425898487	1
17.875	52.75	0.000450585874458801	0.80496410728026	-0.589947117589925	-0.11890231571151	1
18.125	52.75	0.000449644850453341	0.79808760135736	-0.592723463704081	-0.117212339744168	1
18.375	52.75	0.000448824815296724	0.840627783134472	-0.514551853620556	-0.116188356834878	1
18.625	52.75	0.000448148168491067	0.908454497085433	-0.356901185793857	-0.110482833749463	1
18.875	52.75	0.000447576844699828	0.937170541005856	-0.272525746010035	-0.10483771572987	1
19.125	52.75	0.00044709105737087	0.968019767394493	-0.190949367526347	-0.0993127366838738	1
19.375	52.75	0.00044662287110627	0.962005611316305	-0.250007681019344	-0.0987974076740971	1
19.625	52.75	0.000446213711413008	0.976902551285425	-0.202599670210719	-0.0966259764039697	1
19.875	52.75	0.000445874582681001	1.00459072206279	-0.0836864633092346	-0.0980211962861882	1
20.125	52.75	0.000445723026549306	0.952744084801219	-0.232025706925975	-0.100894329474115	1
20.375	52.75	0.000445853515258022	0.939450209948952	-0.260944788371446	-0.0888012231359802	1
20.625	52.75	0.000446132716659302	0.890214001249873	0.475013578926353	-0.0883962674054765	1
20.875	52.75	0.000446546789789835	0.904176137164786	0.473045559139357	-0.0924736524441717	1
21.125	52.75	0.000447065325047987	0.914710564297239	0.449146756471288	-0.0978151512616724	1
21.375	52.75	0.000447677305020492	0.873771714963183	0.521584475947408	-0.101454181537294	1
21.625	52.75	0.000448383747135148	0.904706006140511	0.472034504847234	-0.105641727039679	1
21.875	52.75	0.000449176640983817	0.851261415926499	0.557344859451627	-0.111232174244266	1
22.125	52.75	0.000450018998377835	0.891872824935184	0.474057671162237	-0.113350357673575	1
22.375	52.75	0.000450867496745386	0.899433578570582	0.480580871573581	-0.116213764469577	1
22.625	52.75	0.000451600861047145	0.79070485771134	0.621368829971645	-0.122882076685231	1
22.875	52.75	0.000452126855029251	0.98408391662343	0.0990472938096288	-0.11895066131339	1
23.125	52.75	0.000452554087451246	0.963695445190148	-0.217438314860991	-0.117609557864852	1
23.375	52.75	0.000453007013957208	0.97127050648654	0.146469736970678	-0.112874375935324	1
23.625	52.75	0.000453501084772156	0.936990214828708	0.327605783792422	-0.108865831571733	1
23.875	52.75	0.000454026496024262	0.939713551304087	0.348585165030378	-0.108941075242947	1
24.125	52.75	0.000454608720248564	0.939771784301506	0.356471586199749	-0.109833838091232	1
24.375	52.75	0.000455232286646711	0.941507554948302	0.357490249021583	-0.111347152580866	1
24.625	52.75	0.000455852517359913	0.946237271709051	0.349613200050358	-0.113265329435649	1
24.875	52.75	0.000456376765031915	0.951644102803164	0.334093422893788	-0.115728045497811	1
25.125	52.75	0.000456667486869083	0.969522606135776	0.253886701275435	-0.117608698309508	1
25.375	52.75	0.000456610020275714	0.990213624626632	0.0546854953343201	-0.116760141292573	1
25.625	52.75	0.000456173415573601	0.973435545631456	-0.113300230712031	-0.113465148980482	1
25.875	52.75	0.000455437487860147	0.91782157789125	-0.317075716161523	-0.107098151374208	1
26.125	52.75	0.0004545361153874	0.826562675310951	-0.526846292915714	-0.100190541935125	1
26.375	52.75	0.00045356806033466	0.807266568772406	-0.579791288133091	-0.0981290400292293	1
26.625	52.75	0.000452633349609317	0.814224910198957	-0.573582267781141	-0.0980963906795228	1
26.875	52.75	0.000451752748592627	0.81309169246042	-0.569939805556093	-0.0975387545387526	1
27.125	52.75	0.00045090672430191	0.810435579185097	-0.5688160268877	-0.0963280225226342	1
27.375	52.75	0.000450073694042455	0.803826043505567	-0.573243374514484	-0.0946793285933707	1
27.625	52.75	0.000449246096431788	0.800305951994359	-0.573911723506016	-0.0922376917213374	1
27.875	52.75	0.000448430014411427	0.789654105901732	-0.587600795277913	-0.0896359088054972	1
28.125	52.75	0.000447659077335256	0.780312351699913	-0.59702312938632	-0.0869085219337165	1
28.375	52.75	0.000447040933397848	0.783702368894651	-0.592266502757023	-0.0833770868365214	1
28.625	52.75	0.000446730128816516	0.767623928596999	-0.61993699474353	-0.0803635355767386	1
28.875	52.75	0.000446787250825383	0.774662111974709	-0.618618042530014	-0.0792047581565426	1
29.125	52.75	0.000447098811728944	0.750950299252075	0.672426510358811	-0.0775811139532642	1
29.375	52.75	0.00044755683549778	0.626963436529046	0.809440669416914	-0.0804366965926198	1
29.625	52.75	0.000448254439585258	0.728191416618214	0.71330772119413	-0.0873771382072237	1
29.875	52.75	0.000449025168365217	0.644877872294041	0.785554945583988	-0.0883906085085991	1
30.125	52.75	0.000449907210254257	0.675082662550098	0.763275879641072	-0.0929667977926753	1
30.375	52.75	0.000450954516125292	0.659698197197356	0.774081027972626	-0.0957057671239578	1
30.625	52.75	0.000452191216478836	0.667476823280285	0.767015405706688	-0.09910006833666	1
30.875	52.75	0.000453618157341474	0.676288650273917	0.759703812065056	-0.101887270408035	1
31.125	52.75	0.000455084777367712	0.675104521061151	0.766639027165723	-0.105770809616026	1
31.375	52.75	0.000456282082507452	0.651093234644515	0.767611706990481	-0.11044696096066	1
31.625	52.75	0.000457020356579782	0.820984772049774	0.524683106102437	-0.106597973441694	1
31.875	52.75	0.000457301933732814	0.963551755832563	0.0209065667006875	-0.0970205478517324	1
32.125	52.75	0.000457352300151718	0.955890817459454	-0.201744432101954	-0.0883778273460832	1
32.375	52.75	0.00045727732933669	0.965933274739379	-0.205889151738263	-0.0852080930078009	1
32.625	52.75	0.000457134373603409	0.962603095305908	-0.19782368672772	-0.0821706714026272	1
32.875	52.75	0.000456973389450611	0.951352158696942	-0.212348497112735	-0.0767845127335878	1
33.125	52.75	0.000456807661441662	0.942495758566056	-0.227747431766607	-0.0698088394076207	1
33.375	52.75	0.000456659397143265	0.937729089382203	-0.231362365223398	-0.061798322812675	1
33.625	52.75	0.00045657204477148	0.936801747826834	-0.220314897579785	-0.0528866693158855	1
33.875	52.75	0.000456601030102779	0.93897200375712	-0.19508914834876	-0.0431176299572659	1
34.125	52.75	0.000456791437097696	0.942698348042445	-0.158779915779265	-0.0325616342385624	1
34.375	52.75	0.000457143371640657	0.946115943386675	-0.114796731543298	-0.0212975194629561	1
34.625	52.75	0.00045757650456314	0.947435490989485	-0.0620986994297326	-0.00927460268976127	1
34.875	52.75	0.000457920199336753	0.941127061549535	0.00702620638627499	0.003863982317117	1
35.125	52.75	0.000457994671246877	0.92754052735836	0.0420601566086945	0.0202951396280602	1
35.375	52.75	0.000457833416693654	0.794375191505867	-0.508674298462381	0.0401917140117198	1
35.625	52.75	0.0004579038310037	0.607909457790545	-0.796309342767086	0.0506961909108379	1
35.875	52.75	0.0004585253986411	0.751386530165194	-0.672023049089355	0.04397118097605	1
36.125	52.75	0.000459106095927393	0.741861625362719	-0.655439314931924	0.0458455955826239	1
36.375	52.75	0.00045789861744123	0.761819204544346	-0.633968341261442	0.0490070819858265	1
36.625	52.75	0.0004530768346937	0.758405403989278	-0.642497975360502	0.0505874307781996	1
36.875	52.75	0.000443130701865098	0.770126788462482	-0.618067515528019	0.0511193568081659	1
37.125	52.75	0.000429048215327084	0.808649291171207	-0.605812966533724	0.0579743795135679	1
37.375	52.75	0.000415766804295064	0.621296286802086	-0.746928219977675	0.0429811303762862	1
0.125	53.25	0.000443848383201722	0.990774770101666	0.111815193816838	-0.127358026968516	1
0.375	53.25	0.000443837961943955	0.813772498268489	-0.584042445823679	-0.126211882100047	1
0.625	53.25	0.000443810383164708	0.980239273887715	0.152621312344356	-0.128931180086693	1
0.875	53.25	0.000443749352765831	0.944669435890442	-0.295311274913919	-0.122359150682645	1
1.125	53.25	0.000443697034546697	0.988816406377488	0.132681905383029	-0.124467800048147	1
1.375	53.25	0.000443637958104741	0.990847742742323	-0.0417253303125327	-0.121266584445064	1
1.625	53.25	0.000443550258179302	0.988957305742845	0.168506534144686	-0.120578207910262	1
1.875	53.25	0.000443460156912333	0.837904048257269	-0.523646347248746	-0.122857355268817	1
2.125	53.25	0.000443360726706626	0.975499928621493	-0.083246438299655	-0.1156982119933	1
2.375	53.25	0.000443267527225422	0.671612906524564	-0.727056547998446	-0.112620109104945	1
2.625	53.25	0.000443179553087304	0.996670895532037	-0.0213259281183289	-0.111878430813251	1
2.875	53.25	0.000443134460574099	0.466018204675735	0.890073558086697	-0.111288744233035	1
3.125	53.25	0.000443151818687474	0.839900319661517	0.558866552880735	-0.111815866398154	1
3.375	53.25	0.000443212783034443	0.922425741828984	0.419394628665591	-0.115439091698545	1
3.625	53.25	0.000443329245852605	0.910928173546417	0.439138927722101	-0.117814450512605	1
3.875	53.25	0.00044353461542037	0.897595664227081	0.467248333248655	-0.12039878271448	1
4.125	53.25	0.000443831859382542	0.892255862704364	0.47430452903338	-0.122969053905176	1
4.375	53.25	0.000444228832007827	0.888244703504655	0.478607812367538	-0.124984526440583	1
4.625	53.25	0.000444731421621243	0.897859884761508	0.457437160394595	-0.12696779888066	1
4.875	53.25	0.000445341282116791	0.892890604321605	0.460688979986642	-0.128517382539172	1
5.125	53.25	0.000446046605655079	0.912183906409642	0.414995861199942	-0.129156529706117	1
5.375	53.25	0.000446807816624112	0.928435026936982	0.38584153546611	-0.12973363923325	1
5.625	53.25	0.000447537333961626	0.879548091192906	0.475561579212377	-0.131907928755401	1
5.875	53.25	0.000448115723201969	0.922036537828318	0.364016495451757	-0.129739979241046	1
6.125	53.25	0.000448516929626161	0.992629497254418	0.0804535659529097	-0.128021664178743	1
6.375	53.25	0.000448824395368994	0.999527582667545	0.030843080756307	-0.127912827896294	1
6.625	53.25	0.000449107842722742	1.0012500091071	0.0215998155634677	-0.128245919601829	1
6.875	53.25	0.000449403097782567	1.00210619984284	0.0120405254407979	-0.128877551083045	1
7.125	53.25	0.000449713457544602	1.0024516049806	0.00431960731633081	-0.129559483129172	1
7.375	53.25	0.00044999454565714	1.00258826295007	-0.00359365698991184	-0.130332421526779	1
7.625	53.25	0.000450154748373053	1.00147664123148	-0.0033624565414192	-0.131081289540597	1
7.875	53.25	0.000450071703736846	1.00161199206154	-0.0327197323854977	-0.131296753820982	1
8.125	53.25	0.000449656699022296	1.00005871665227	0.0147967199577776	-0.132379229429455	1
8.375	53.25	0.000448952006005203	0.868276427992362	-0.476718809390118	-0.131600767356864	1
8.625	53.25	0.000448155611419564	0.63695321892922	-0.768335868669366	-0.128505734386544	1
8.875	53.25	0.000447404927611841	0.831001720954501	-0.554591485490125	-0.130968714355651	1
9.125	53.25	0.000446724163659555	0.736455568401855	-0.668947322368857	-0.128553461420981	1
9.375	53.25	0.000446128008372427	0.745175603566353	-0.659307694973837	-0.129021832905317	1
9.625	53.25	0.000445626231435968	0.813185410739367	-0.569834791221528	-0.126402494261371	1
9.875	53.25	0.000445183415734047	0.716876781030897	-0.681261829889424	-0.126452561735704	1
10.125	53.25	0.000444803140930241	0.885084818677604	-0.442734903522991	-0.121714097791013	1
10.375	53.25	0.000444462063129089	0.698579226813271	-0.700765076753637	-0.122311014771788	1
10.625	53.25	0.000444187611095094	0.948234186227835	-0.279405951767679	-0.117698461173403	1
10.875	53.25	0.000444013187904462	0.676460286433469	-0.72604163757984	-0.117332309678286	1
11.125	53.25	0.000443999898367975	0.955079156266839	-0.235620246760548	-0.115118512416452	1
11.375	53.25	0.000444172874914816	0.688909034602561	0.733500298145767	-0.109678288892751	1
11.625	53.25	0.000444463382209754	0.898158688839631	0.467853036296717	-0.117284225425422	1
11.875	53.25	0.000444852010936191	0.774321055023342	0.645988041006578	-0.115738706154471	1
12.125	53.25	0.000445323361113603	0.859435540420306	0.534169314061968	-0.120498385016689	1
12.375	53.25	0.000445899371517693	0.812396863150364	0.59760539499347	-0.12117503285823	1
12.625	53.25	0.000446582249572709	0.849015285434593	0.547279617217701	-0.123916717976131	1
12.875	53.25	0.000447382944182286	0.821147091296736	0.585117734429292	-0.125743780088119	1
13.125	53.25	0.000448273094185432	0.830505450150695	0.561353687273586	-0.127290583060927	1
13.375	53.25	0.000449215052236623	0.870348800412047	0.506286473647594	-0.126624939597323	1
13.625	53.25	0.000450073681548921	0.771364464052765	0.647067426712382	-0.13055861172603	1
13.875	53.25	0.000450682710686266	0.857078413172809	0.494564663594874	-0.129174440602561	1
14.125	53.25	0.00045103039968377	0.987079899509846	-0.031785712274408	-0.125539533744172	1
14.375	53.25	0.000451227399438291	0.988176297700787	-0.0740991577282162	-0.123155477117728	1
14.625	53.25	0.00045135454227617	0.990748801735974	-0.0630478970407225	-0.121192089228187	1
14.875	53.25	0.000451439536948518	0.991601147451225	-0.0771158531443001	-0.119732578442325	1
15.125	53.25	0.000451499359791005	0.990639319998168	-0.0998186450747155	-0.118696041834048	1
15.375	53.25	0.000451550332804913	0.988317169914554	-0.118839742561667	-0.117760234692896	1
15.625	53.25	0.000451605815405156	0.984304189341874	-0.14574255725065	-0.116617989273751	1
15.875	53.25	0.000451670212699419	0.978171510878854	-0.18063028848387	-0.115477086871711	1
16.125	53.25	0.000451741379976762	0.967451050428921	-0.230647978807715	-0.114170647837779	1
16.375	53.25	0.000451797713160189	0.950280905772046	-0.299890037834184	-0.112995734615776	1
16.625	53.25	0.000451781462070892	0.941703275926699	-0.323195877250191	-0.112558818649473	1
16.875	53.25	0.000451608824259179	0.916149484447003	-0.388336989231183	-0.111111085307897	1
17.125	53.25	0.000451186488270875	0.904405922925937	-0.423525499897609	-0.110469759449324	1
17.375	53.25	0.000450462670547712	0.890172205868991	-0.44924735140149	-0.110796557704052	1
17.625	53.25	0.000449565969978956	0.422938111427408	-0.902341004968474	-0.109289632161626	1
17.875	53.25	0.000448647364366952	0.256978315085958	-0.964704056138476	-0.110525289044196	1
18.125	53.25	0.000447831876852423	0.458992390648475	-0.88627978917803	-0.109298079161936	1
18.375	53.25	0.000447115389433597	0.304209673263324	-0.947836468193842	-0.111459093613601	1
18.625	53.25	0.000446534465453176	0.542382017522299	-0.828737281769118	-0.108089294119154	1
18.875	53.25	0.000446034650870882	0.443133400025891	-0.877352143036059	-0.110230417849696	1
19.125	53.25	0.000445630081192715	0.750088890898281	-0.625022226260302	-0.103014243075296	1
19.375	53.25	0.000445275141920821	0.624000503752618	-0.751537581205794	-0.103470563554294	1
19.625	53.25	0.000444971271977724	0.811369240504338	-0.550526134498863	-0.0956792966422455	1
19.875	53.25	0.000444738183350781	0.680710184304285	-0.712257661497763	-0.0971465157429718	1
20.125	53.25	0.000444584560925525	0.944628653661346	-0.203217955663972	-0.0915900548349927	1
20.375	53.25	0.000444609426680956	0.614341362044028	0.816035225058556	-0.081395045666396	1
20.625	53.25	0.000444824957473281	0.932184188143403	0.459071154101022	-0.0984698342268542	1
20.875	53.25	0.000445158033540027	0.852262427261247	0.544109157331969	-0.09961674568586	1
21.125	53.25	0.000445565191692254	0.807575784142943	0.618240598894357	-0.103012847905542	1
21.375	53.25	0.000446071874940727	0.824976723611993	0.584174930155635	-0.106591134628065	1
21.625	53.25	0.00044667890866131	0.810408165490748	0.607308336105575	-0.107565363586933	1
21.875	53.25	0.000447355445035805	0.731160994229787	0.689467364215472	-0.112134155215105	1
22.125	53.25	0.000448062032846636	0.821404395495067	0.574355609409481	-0.109212597956432	1
22.375	53.25	0.000448726348891937	0.653046106337288	0.771080623967915	-0.113434514090453	1
22.625	53.25	0.000449208840531059	0.672215698201471	0.729185368512837	-0.112812364090242	1
22.875	53.25	0.000449534986273437	0.93501372333656	0.329097764758158	-0.11022318441037	1
23.125	53.25	0.000449821951649302	0.883899278417651	0.457334145631382	-0.10829157510016	1
23.375	53.25	0.00045017440720164	0.926438937161765	0.376249598813566	-0.107470235044628	1
23.625	53.25	0.000450576666165104	0.957160167966134	0.297523777193633	-0.107901344348113	1
23.875	53.25	0.000451025984722353	0.971476275631421	0.24826125770892	-0.108545577048827	1
24.125	53.25	0.000451514155333756	0.976586250124349	0.235100997224566	-0.109282569850088	1
24.375	53.25	0.000452017138644732	0.981669042643302	0.217261153635651	-0.110779109266488	1
24.625	53.25	0.000452504472942235	0.987353860892016	0.170012007662643	-0.111970119321992	1
24.875	53.25	0.000452932934310971	0.998209671835995	0.0504339582029618	-0.111732797556627	1
25.125	53.25	0.000453237735500978	1.00203975793885	-0.0727695578974339	-0.111851759774745	1
25.375	53.25	0.000453341878278615	0.999194760483751	-0.126134730684446	-0.114201011303006	1
25.625	53.25	0.000453193264548034	0.983896408388246	-0.167703469484076	-0.115579010859427	1
25.875	53.25	0.000452768087558602	0.947315235342583	-0.262938716380536	-0.113592142190755	1
26.125	53.25	0.000452125460488125	0.855580975344725	-0.468944284934255	-0.108138434427469	1
26.375	53.25	0.000451374541999821	0.755711379199922	-0.634770089097971	-0.10317867156153	1
26.625	53.25	0.000450593360348921	0.744211750955607	-0.664902063258567	-0.102571252604336	1
26.875	53.25	0.000449853303199088	0.748287083703423	-0.660655986936925	-0.10293801028845	1
27.125	53.25	0.000449151565938789	0.74266901448881	-0.66218157734364	-0.10280075071235	1
27.375	53.25	0.000448470588668691	0.740454474675271	-0.660899603600168	-0.101834876324906	1
27.625	53.25	0.000447782689676058	0.720010652936762	-0.677013179757603	-0.100905776724855	1
27.875	53.25	0.000447108398588263	0.731651960958534	-0.661903220907544	-0.0979023521343344	1
28.125	53.25	0.000446448035567778	0.672926284221062	-0.71894695604539	-0.0969290474274948	1
28.375	53.25	0.000445888569771807	0.715023108779781	-0.671254595750211	-0.0924964701753823	1
28.625	53.25	0.000445564568909931	0.642184286005319	-0.747223262166715	-0.0900691345182491	1
28.875	53.25	0.000445565464011346	0.676706315425389	-0.7188770636427	-0.0878653687104661	1
29.125	53.25	0.000445828137411902	0.640268124411241	0.781381556340751	-0.086052622664042	1
29.375	53.25	0.000446239225056377	0.672470299122597	0.762049690909876	-0.0901604967846047	1
29.625	53.25	0.000446809352958441	0.724192786859604	0.705332981954021	-0.092565150900385	1
29.875	53.25	0.000447452936987507	0.713381146665628	0.718762300741964	-0.0938769527054665	1
30.125	53.25	0.000448234976228067	0.746422264675456	0.687165157653016	-0.0971599228215151	1
30.375	53.25	0.000449191130937701	0.752664688602726	0.678829190592519	-0.0996854938434553	1
30.625	53.25	0.000450333451214544	0.769827369284808	0.660563203338694	-0.102494295830363	1
30.875	53.25	0.000451595371513109	0.780326737280752	0.656328846605176	-0.105744493322809	1
31.125	53.25	0.000452717519951284	0.745674777244696	0.680521007246758	-0.111345397015703	1
31.375	53.25	0.00045348191521332	0.852895830849094	0.476527850129528	-0.108601586471352	1
31.625	53.25	0.000453916980425476	0.971585346848112	0.0741017974532286	-0.098784837999118	1
31.875	53.25	0.000454098922368069	0.992445707823324	0.0152384345331123	-0.0959106665121518	1
32.125	53.25	0.00045411933475774	0.989726695300283	0.0152494079758709	-0.095020268524902	1
32.375	53.25	0.000454083141977836	0.978053652856043	-0.0575695398200197	-0.0908014415005707	1
32.625	53.25	0.000454004966229974	0.966100041862892	-0.13580221572718	-0.0850294928185246	1
32.875	53.25	0.000453887453992255	0.955640307512266	-0.184049743521718	-0.0787634657718926	1
33.125	53.25	0.000453746558221078	0.946584010668053	-0.211876539046884	-0.0717888996316427	1
33.375	53.25	0.000453604916832812	0.939932422719781	-0.224978531053272	-0.063911458575263	1
33.625	53.25	0.000453496647797678	0.936925388581106	-0.222568170877853	-0.0551382344759347	1
33.875	53.25	0.000453473623934668	0.937636046478278	-0.203923845666873	-0.0454953521987023	1
34.125	53.25	0.000453595894672429	0.940848874339283	-0.170718206195154	-0.035015955088937	1
34.375	53.25	0.000453904826725267	0.94455979844016	-0.125612106328705	-0.0237376394228016	1
34.625	53.25	0.000454384484152634	0.946843207425889	-0.0675310619957356	-0.011603357147785	1
34.875	53.25	0.000454924726029711	0.946233639525259	0.0119771304760026	0.00153992053464356	1
35.125	53.25	0.000455331248600499	0.928425732993321	0.121880899014102	0.0153636868019949	1
35.375	53.25	0.000455559049140306	0.923364277786301	-0.0703692930679995	0.0341764708665876	1
35.625	53.25	0.000455901880613406	0.610931249904846	-0.7698528706348	0.0523688572350259	1
35.875	53.25	0.000456398490720098	0.680232182854388	-0.758179354817941	0.0477464201031833	1
36.125	53.25	0.000456856356900599	0.734412680111491	-0.677280331963961	0.0445046807046266	1
36.375	53.25	0.000455545742481739	0.741695264565683	-0.661072970451412	0.048023828769524	1
36.625	53.25	0.000450516236133717	0.729519196506366	-0.677171222015904	0.0486152520161643	1
36.875	53.25	0.000440322270137241	0.781735151154768	-0.603887390994882	0.0498792703914122	1
37.125	53.25	0.00042598852469579	0.774361873462713	-0.63654323603881	0.0557288548622454	1
37.375	53.25	0.000412507967228714	0.695526485229369	-0.660669433427108	0.0450734302723146	1
0.125	53.75	0.000443724767553159	0.720349464403396	-0.678042782161659	-0.11749172972788	1
0.375	53.75	0.00044372121143226	0.703314399854307	-0.702847705019097	-0.112919555609924	1
0.625	53.75	0.000443727700057017	0.650257355930706	-0.755148324107878	-0.116296415437166	1
0.875	53.75	0.000443717018927467	0.710700294715677	-0.693891616972267	-0.112027796155432	1
1.125	53.75	0.000443708962393463	0.748275462560207	0.672826909920602	-0.115082354248043	1
1.375	53.75	0.000443690941315736	0.756709125293757	0.655174351237414	-0.115355630463013	1
1.625	53.75	0.000443661796504748	0.83794462916063	0.558062973300139	-0.116464916072665	1
1.875	53.75	0.000443621119611788	0.721553509739742	0.684926814339446	-0.119315553805417	1
2.125	53.75	0.000443565793171482	0.674407839526743	0.740154826184273	-0.115202943249406	1
2.375	53.75	0.000443501634816052	0.734988623078291	0.673976214677304	-0.120481965737581	1
2.625	53.75	0.00044342817503705	0.470252146527685	0.876270771785931	-0.11481323411799	1
2.875	53.75	0.000443360090380549	0.860649831322912	0.50087217255929	-0.119162072139503	1
3.125	53.75	0.000443285135059531	0.887979953133521	-0.4471096301272	-0.113890780822475	1
3.375	53.75	0.000443200936340302	0.959182216815587	0.299436785844534	-0.115507695542063	1
3.625	53.75	0.000443184838874497	0.962936701613101	0.291743833993224	-0.116420715866776	1
3.875	53.75	0.000443216513364168	0.946923395369834	0.352786422288913	-0.118560014251855	1
4.125	53.75	0.000443306839362358	0.941341536191316	0.36972757551312	-0.121570621274957	1
4.375	53.75	0.000443466491068451	0.93527426792444	0.380198748866828	-0.124133938154986	1
4.625	53.75	0.000443704093311115	0.924064838658616	0.402004331496684	-0.126333250164126	1
4.875	53.75	0.000444026240643867	0.92062164805127	0.398152897753275	-0.127942735887545	1
5.125	53.75	0.000444423704071499	0.938403175177819	0.356181164829987	-0.128023705831091	1
5.375	53.75	0.000444860363706418	0.917590144894669	0.411025549027891	-0.130046160802671	1
5.625	53.75	0.000445265575368601	0.873025818350803	0.477031239988389	-0.130738717967454	1
5.875	53.75	0.0004455727991425	0.972282761027977	0.20203332462588	-0.127890039903516	1
6.125	53.75	0.000445794537771823	0.998818089976204	0.0288129888427893	-0.127563223901215	1
6.375	53.75	0.000445977501717247	1.00051515749052	0.0240279627414186	-0.12772759238917	1
6.625	53.75	0.000446153039481814	1.00163996881285	0.0183276484898534	-0.128186704264362	1
6.875	53.75	0.000446344146009736	1.00230887844138	0.0111936782205178	-0.128852949025417	1
7.125	53.75	0.000446562530242723	1.00253261340174	0.00495158898002884	-0.129594607831202	1
7.375	53.75	0.000446797196076357	1.00237036067414	-0.00150657698207674	-0.130348197601382	1
7.625	53.75	0.000447004606602829	1.00230861631256	-0.0113544750290553	-0.131003103906097	1
7.875	53.75	0.000447110457579415	1.00095889433977	-0.00144609742183294	-0.131757079805473	1
8.125	53.75	0.000447030265098481	1.00024174935431	-0.0381848447943978	-0.131702693175565	1
8.375	53.75	0.000446725694432389	0.999978541482224	0.0107880997016576	-0.132462243922786	1
8.625	53.75	0.000446252168177864	0.779431182526337	-0.614700647935151	-0.131938765344851	1
8.875	53.75	0.000445755291617379	0.638297549759606	-0.765431546794938	-0.129701056017665	1
9.125	53.75	0.000445308835631493	0.826566011528798	-0.558401276420586	-0.130752523175974	1
9.375	53.75	0.000444909715466933	0.689575497661869	-0.71410728690736	-0.129237537414226	1
9.625	53.75	0.000444578367634651	0.816307324379094	-0.573812988135902	-0.127679995248447	1
9.875	53.75	0.000444290420685844	0.699178819593454	-0.702636250381739	-0.128831586359356	1
10.125	53.75	0.000444052032370605	0.866835497287812	-0.48176137414445	-0.124006476334732	1
10.375	53.75	0.000443838482443816	0.665085438633593	-0.734357668869213	-0.125539406060063	1
10.625	53.75	0.000443668748177178	0.93526277277512	-0.317954916212911	-0.120389575644395	1
10.875	53.75	0.000443553781542984	0.656839844346981	-0.742763352845843	-0.120228807897356	1
11.125	53.75	0.000443519232359966	0.957265033611791	-0.227984959576411	-0.117447774504913	1
11.375	53.75	0.000443591937157852	0.712703816546452	0.712575595365694	-0.112765118251271	1
11.625	53.75	0.000443744960986822	0.902227328872216	0.460995863978419	-0.12028329298254	1
11.875	53.75	0.000443970895803434	0.781152420777987	0.637851703419809	-0.119068006425316	1
12.125	53.75	0.000444267579198449	0.855303558956766	0.538011252199711	-0.123577001153715	1
12.375	53.75	0.000444659254806626	0.808252614020363	0.600182649589579	-0.123825405113722	1
12.625	53.75	0.000445145544845907	0.831895115803365	0.570327421857959	-0.126281786680282	1
12.875	53.75	0.000445727654622599	0.788381369383948	0.619556545837128	-0.127680791843586	1
13.125	53.75	0.000446382938410442	0.838065056856197	0.546936042797916	-0.127091998860186	1
13.375	53.75	0.000447053198951234	0.798099784934528	0.616514038117377	-0.128121327128852	1
13.625	53.75	0.000447597368964415	0.730498779945413	0.677051714420304	-0.130756640590302	1
13.875	53.75	0.000447947329310142	0.950272402743965	0.265928612362104	-0.126184790967248	1
14.125	53.75	0.000448144086603989	0.987060643388032	0.102009540369683	-0.124517494008902	1
14.375	53.75	0.000448272063725465	0.985944197293981	0.108936390806684	-0.122594253409646	1
14.625	53.75	0.000448365330622977	0.987872936021161	0.101102300270614	-0.120723555000158	1
14.875	53.75	0.000448434187159136	0.990426793790461	0.093601461427757	-0.119330888632076	1
15.125	53.75	0.000448485874435422	0.99198772097421	0.0902566414331643	-0.118355464298877	1
15.375	53.75	0.000448530231890181	0.992592304507075	0.0944886754517689	-0.117583270833266	1
15.625	53.75	0.000448576298093231	0.992359022248312	0.108295132454918	-0.117103987055501	1
15.875	53.75	0.000448633811095833	0.991433034200498	0.127139588521968	-0.116909970070628	1
16.125	53.75	0.000448710322989684	0.989027321507519	0.155132534035954	-0.117079923435086	1
16.375	53.75	0.000448802371555113	0.98227313237344	0.191446426793268	-0.117658682307958	1
16.625	53.75	0.000448896790137145	0.9772786688968	0.21615475325959	-0.117617002179092	1
16.875	53.75	0.00044894651569929	0.965130442601226	0.275720431164345	-0.118307687792751	1
17.125	53.75	0.000448873792774851	0.948724753478712	0.320908400636668	-0.119681136164887	1
17.375	53.75	0.000448606223628967	0.952612416369784	0.310860955216436	-0.119180952598106	1
17.625	53.75	0.000448136597806215	0.891064042200341	0.457252289291005	-0.120934400137526	1
17.875	53.75	0.000447473922169148	0.72033258769407	-0.68945084213357	-0.120116259596882	1
18.125	53.75	0.000446789436955105	0.570620679902243	-0.820968764738584	-0.119348700604622	1
18.375	53.75	0.000446164764628056	0.751209213645092	-0.660488040009434	-0.119965456493868	1
18.625	53.75	0.000445612600041781	0.598162358848624	-0.799935284530612	-0.119292901592769	1
18.875	53.75	0.000445139446712497	0.811272568261107	-0.580969778954317	-0.119012745683176	1
19.125	53.75	0.000444745148207048	0.671534900977565	-0.733619063725559	-0.118272352085259	1
19.375	53.75	0.000444410374755078	0.94746072307239	-0.267468883042941	-0.116293793235271	1
19.625	53.75	0.000444174253326025	0.841322037099906	-0.512418323543663	-0.111257165115023	1
19.875	53.75	0.000444007435793588	0.94753396255769	-0.330424350413153	-0.109831013551374	1
20.125	53.75	0.000443947999886437	0.985797236700567	-0.103817274499806	-0.113549962228969	1
20.375	53.75	0.000443942181084236	0.7268449113114	-0.64692225387022	-0.105999642968643	1
20.625	53.75	0.000444031682612164	0.953897770303294	0.25665412491344	-0.104333709647797	1
20.875	53.75	0.000444220979866489	0.758657145781049	0.66663599827322	-0.0997087973087653	1
21.125	53.75	0.000444522102747534	0.886808011482658	0.50031073057049	-0.108425023614723	1
21.375	53.75	0.000444927715669103	0.839008588616807	0.56196164910381	-0.108208928619081	1
21.625	53.75	0.000445422348289591	0.83642078421282	0.576756490336189	-0.112960732183878	1
21.875	53.75	0.00044596581667703	0.787895877111865	0.622303325100205	-0.115482098502721	1
22.125	53.75	0.000446515546120822	0.893324596058842	0.489205012659016	-0.114543626965808	1
22.375	53.75	0.000446983981523364	0.637137675967161	0.783690316009623	-0.12445596666656	1
22.625	53.75	0.000447267427018857	0.988849654132456	-0.00557811508090914	-0.117844420575791	1
22.875	53.75	0.000447481811199407	0.915588111355095	-0.402976947772745	-0.11908932506788	1
23.125	53.75	0.000447704550001108	0.952803868633011	-0.276180318497245	-0.118198113682553	1
23.375	53.75	0.000447975027320743	0.983340163907095	-0.056604384116146	-0.1153136795838	1
23.625	53.75	0.000448295171459269	0.96419771540197	0.225906408709352	-0.11083599142786	1
23.875	53.75	0.000448640986379976	0.955007186521484	0.304183784191171	-0.110366311899036	1
24.125	53.75	0.000449016720041611	0.955381717247998	0.316894317508552	-0.11181918375463	1
24.375	53.75	0.000449405910412882	0.95370593086784	0.322027114391974	-0.113544343770144	1
24.625	53.75	0.000449782657447134	0.956499253956042	0.309623488235509	-0.115063281353488	1
24.875	53.75	0.000450113348888006	0.967206596082147	0.269479977128346	-0.116294018817383	1
25.125	53.75	0.000450363435261999	0.984385141684695	0.185964614063972	-0.117233974276852	1
25.375	53.75	0.00045051227588683	0.996590513710048	0.0702714125016706	-0.117293949657526	1
25.625	53.75	0.000450523892076717	0.997206610967103	-0.00311552276011623	-0.116877421121761	1
25.875	53.75	0.000450337421046448	0.990252367557567	-0.0362480067508627	-0.115993684501607	1
26.125	53.75	0.000449928912628203	0.96876829495106	-0.130687824648588	-0.112443854194842	1
26.375	53.75	0.000449368904977384	0.900620302613517	-0.369102197954504	-0.10523294532024	1
26.625	53.75	0.000448746829468804	0.838812694677943	-0.522435637870251	-0.100007718361754	1
26.875	53.75	0.000448124558028375	0.84556253824231	-0.53299919956241	-0.0998269949001013	1
27.125	53.75	0.00044755216018912	0.85473635577169	-0.518561845334314	-0.1004172215709	1
27.375	53.75	0.000447015136488292	0.855438507548586	-0.512489818650118	-0.100697264323261	1
27.625	53.75	0.000446492007508398	0.860599745637047	-0.499080177549067	-0.100212755639678	1
27.875	53.75	0.000445970707481157	0.84950623481278	-0.509951328302342	-0.099688848161105	1
28.125	53.75	0.000445473142718265	0.86245824702503	-0.482983346695106	-0.0972929823826625	1
28.375	53.75	0.000445019476823399	0.822750254826678	-0.539790768642863	-0.0962276154788627	1
28.625	53.75	0.000444742539375793	0.843644587460729	-0.496279961724118	-0.0910647889294633	1
28.875	53.75	0.000444725246454178	0.814525105470109	-0.557233185652561	-0.0883628459005316	1
29.125	53.75	0.00044489711661415	0.766066742173975	0.658358954058119	-0.0868412533537595	1
29.375	53.75	0.000445211555458173	0.739712719774564	0.702124149714268	-0.0917705586174057	1
29.625	53.75	0.000445678487230447	0.782527801373311	0.645097710773848	-0.0958089467117831	1
29.875	53.75	0.000446218871358478	0.714122824675001	0.724019639775066	-0.0975956532245993	1
30.125	53.75	0.000446915671395284	0.744999329759299	0.691738547187854	-0.10254511042625	1
30.375	53.75	0.00044777983191281	0.717558293209118	0.716252416707666	-0.104758029579407	1
30.625	53.75	0.000448783295497619	0.729950203224891	0.708384575133757	-0.107972666968623	1
30.875	53.75	0.000449765543703751	0.689364109191178	0.743492507751994	-0.112510704101292	1
31.125	53.75	0.000450508649290482	0.732649946192508	0.666336286462526	-0.113165105916215	1
31.375	53.75	0.000450996559675842	0.90902093870165	0.350623037351097	-0.106879846639297	1
31.625	53.75	0.000451222836786002	0.968365384886551	0.13363301339644	-0.101178092905907	1
31.875	53.75	0.000451319642551665	0.980201475405316	-0.0187176515370052	-0.0956522028403572	1
32.125	53.75	0.000451350099245797	0.980476422797897	-0.103277515352762	-0.0913571368336497	1
32.375	53.75	0.000451319286783711	0.979117714287708	-0.130086302723928	-0.0885726451986165	1
32.625	53.75	0.000451248561980376	0.971970054326854	-0.148390653337317	-0.0852638498243894	1
32.875	53.75	0.000451158057638955	0.961494488141356	-0.17246763689045	-0.080344905572038	1
33.125	53.75	0.000451053401836742	0.95122961852014	-0.19663728221511	-0.0738955075549868	1
33.375	53.75	0.000450940000733624	0.943141515768085	-0.213275038331562	-0.0662177305810817	1
33.625	53.75	0.00045083618383725	0.938488380162425	-0.216792462983787	-0.0575268316139491	1
33.875	53.75	0.000450781837817203	0.937752412383526	-0.203722674830199	-0.0479253611907147	1
34.125	53.75	0.000450837947891874	0.940079404114996	-0.173527505028615	-0.0374358006276235	1
34.375	53.75	0.000451071285689013	0.943346098081517	-0.127427011709504	-0.0260252712399085	1
34.625	53.75	0.000451523719565091	0.944982349219383	-0.0634108658575035	-0.0135287669328988	1
34.875	53.75	0.000452168665146305	0.942311991169741	0.025577180835445	0.00031702647107126	1
35.125	53.75	0.000452875020909078	0.931901572626935	0.133925889979176	0.015184303339199	1
35.375	53.75	0.000453447966166929	0.92217894761848	0.193320563814405	0.0300863246951269	1
35.625	53.75	0.000453893655751081	0.802513460778249	-0.51638307858541	0.0456257466437153	1
35.875	53.75	0.000454453995641257	0.569986614302159	-0.833697018756896	0.0554900125633221	1
36.125	53.75	0.000454724287489113	0.715500695507304	-0.719919911135377	0.0459831331737807	1
36.375	53.75	0.000453298358712739	0.734163059992034	-0.675961282934855	0.048334799488614	1
36.625	53.75	0.000448036102271148	0.68860577201281	-0.722692364429612	0.048033292747442	1
36.875	53.75	0.000437528681709105	0.78847059008969	-0.604136246362976	0.0496854471787639	1
37.125	53.75	0.000422878177017336	0.716437910165492	-0.696696248797661	0.0526524209902585	1
37.375	53.75	0.000409219033572986	0.765276742574243	-0.558174604706592	0.0465839886525947	1
0.125	54.25	0.000443641867887606	0.905055845835345	0.411775834803149	-0.133077221722383	1
0.375	54.25	0.000443652077004751	0.727587340019427	-0.678619486355998	-0.130905395785419	1
0.625	54.25	0.000443672879790567	0.983353255935921	0.147568729652697	-0.13134311145322	1
0.875	54.25	0.00044369641828483	0.703533071821757	-0.695152554741332	-0.128381546031228	1
1.125	54.25	0.000443711756153931	0.983982144942457	0.00927334383012848	-0.12754956208767	1
1.375	54.25	0.000443722768939154	0.949270669359903	-0.273099325047142	-0.120594618187873	1
1.625	54.25	0.000443711400363007	0.983632065991118	0.162194327350717	-0.122159516136381	1
1.875	54.25	0.000443682059579422	0.981115723988513	-0.112364479092243	-0.118914069669157	1
2.125	54.25	0.000443654624859663	0.946587192730015	-0.26010301170058	-0.116236703709839	1
2.375	54.25	0.000443620041359051	0.978191349486493	-0.0847617452033415	-0.110223297196567	1
2.625	54.25	0.000443584814925	0.911955116532972	-0.391583178226166	-0.107484797536128	1
2.875	54.25	0.000443502846533696	0.966419338596629	0.27874705339883	-0.107278603551493	1
3.125	54.25	0.000443401671588724	0.977127968506548	0.290279995222555	-0.109822171243761	1
3.375	54.25	0.000443332694206062	0.97618818704695	0.303164847524778	-0.116850508184107	1
3.625	54.25	0.000443278591542157	0.919081630502239	0.433499323268564	-0.120615512644928	1
3.875	54.25	0.000443240185614312	0.895059605082191	0.476875863492457	-0.124231879078668	1
4.125	54.25	0.000443232543287619	0.890363684357646	0.474861913177078	-0.126969728836619	1
4.375	54.25	0.000443262871178506	0.879155976352418	0.490390974662472	-0.128337101265736	1
4.625	54.25	0.000443341753303855	0.888432075126732	0.464094355838533	-0.130003133006064	1
4.875	54.25	0.000443475647684247	0.898139733894145	0.437907660472758	-0.12952910699559	1
5.125	54.25	0.000443655711226041	0.928949516403165	0.382688406437396	-0.129883074897766	1
5.375	54.25	0.000443857513620895	0.858403018418618	0.512815331627088	-0.131983137943286	1
5.625	54.25	0.000444037630586493	0.909734416469504	0.394509103408734	-0.129901014016784	1
5.875	54.25	0.000444175942745509	0.992776343435903	0.0738741435951631	-0.128239566389223	1
6.125	54.25	0.000444285392856316	0.998461658575241	0.028670682589006	-0.127883586586968	1
6.375	54.25	0.00044438028855552	1.00003401062357	0.0242014315982273	-0.127897422821395	1
6.625	54.25	0.000444472549151092	1.00136501546099	0.0172661659780526	-0.128268084148544	1
6.875	54.25	0.000444574937501732	1.00215349209815	0.0103539266339884	-0.128875504051775	1
7.125	54.25	0.00044469901218437	1.00250894862885	0.00418630515094303	-0.12959318867955	1
7.375	54.25	0.000444847734374233	1.00255715731813	-0.00192944997038719	-0.130356127721796	1
7.625	54.25	0.000445008101685162	1.0019703801769	-0.00562947675159678	-0.131094288819069	1
7.875	54.25	0.000445145395149022	1.00189440731962	-0.0160690136217271	-0.131570880868013	1
8.125	54.25	0.000445206731250567	1.00050304232995	-0.00298795096330506	-0.13232577081632	1
8.375	54.25	0.000445144578524237	0.999921388398667	-0.0278084749298851	-0.132043633136779	1
8.625	54.25	0.000444943887282939	1.00120136934038	-0.0130084414756294	-0.132701095799577	1
8.875	54.25	0.000444659081298202	0.698615391359092	-0.707573822242422	-0.132903152895682	1
9.125	54.25	0.000444390548340702	0.681030650327429	-0.731602651036034	-0.130681556122686	1
9.375	54.25	0.000444150966511139	0.750741208783103	-0.650541335050094	-0.13300155246874	1
9.625	54.25	0.000443958287525757	0.767767145074206	-0.632871829073803	-0.128198689097988	1
9.875	54.25	0.000443787781974958	0.704906082208967	-0.701480216317681	-0.131296570149974	1
10.125	54.25	0.000443653758429975	0.869893490525043	-0.475911572264492	-0.126010962668835	1
10.375	54.25	0.000443529351517162	0.663648988134681	-0.737469790178231	-0.127994367831781	1
10.625	54.25	0.000443424415422465	0.928490264296538	-0.33919428701324	-0.122839400051723	1
10.875	54.25	0.000443344613024115	0.663900712657802	-0.735646294011105	-0.123018354273307	1
11.125	54.25	0.000443297186705205	0.939703072802132	-0.29218320785637	-0.119553693613378	1
11.375	54.25	0.00044330568817618	0.720755058890718	0.70570435175158	-0.115665965359579	1
11.625	54.25	0.000443368287484427	0.894467316967835	0.475156951495585	-0.122689602456061	1
11.875	54.25	0.00044348115284979	0.775402737109306	0.644924134446619	-0.121725345348201	1
12.125	54.25	0.000443649980655197	0.84755217598624	0.54784689081254	-0.125908149397644	1
12.375	54.25	0.000443895764813985	0.803517634339409	0.607080825860435	-0.125849231093245	1
12.625	54.25	0.000444210803903076	0.811886205123041	0.59490592253347	-0.12874874518378	1
12.875	54.25	0.000444599705913321	0.805895707782337	0.590646331211346	-0.12853287143531	1
13.125	54.25	0.000445039851248618	0.85992149714587	0.523461777362494	-0.128104007094122	1
13.375	54.25	0.00044545813179086	0.740404655595102	0.677213013363701	-0.131792163348174	1
13.625	54.25	0.000445756887831511	0.89556391433131	0.417391330126527	-0.129133302032881	1
13.875	54.25	0.000445930498140918	0.986288941829693	-0.0806284316687199	-0.126156031412913	1
14.125	54.25	0.000446039255460754	0.987492853439475	-0.0912878033119615	-0.12409265209358	1
14.375	54.25	0.000446123616525763	0.98979358187301	-0.0756088335225411	-0.122181275647433	1
14.625	54.25	0.000446194461355995	0.991290347717435	-0.0752740497732352	-0.120622517780237	1
14.875	54.25	0.000446253321921908	0.991561449020373	-0.0879625633866042	-0.11945712276417	1
15.125	54.25	0.00044630134352394	0.990527065745993	-0.104892526736224	-0.118558436456709	1
15.375	54.25	0.000446341914257527	0.988537236474439	-0.121005643477652	-0.117698406645449	1
15.625	54.25	0.00044637987419645	0.985690078673042	-0.139511774928613	-0.116727422998321	1
15.875	54.25	0.000446421368797205	0.981730847411988	-0.163387134332777	-0.115665269904743	1
16.125	54.25	0.000446475254363197	0.976131149536968	-0.195395611802077	-0.114551413686552	1
16.375	54.25	0.000446548410389205	0.96885023953374	-0.232014863845123	-0.113613164199298	1
16.625	54.25	0.000446640988732573	0.962683207464103	-0.255912647222546	-0.112845983580851	1
16.875	54.25	0.000446738979728288	0.954108648569256	-0.287995069032987	-0.111887689871928	1
17.125	54.25	0.000446801135402805	0.951353670659209	-0.302651700197568	-0.111390254708309	1
17.375	54.25	0.000446764499957207	0.949106099365482	-0.304174668029232	-0.111229390530054	1
17.625	54.25	0.000446574398545859	0.946525444939663	-0.320434931645756	-0.110005213939156	1
17.875	54.25	0.000446198084671825	0.964011014242171	-0.254680947781065	-0.11117699379358	1
18.125	54.25	0.000445709091872793	0.464688372130733	-0.88178881890094	-0.108917233824655	1
18.375	54.25	0.000445198313126355	0.39536051238529	-0.913919892116099	-0.110438678880446	1
18.625	54.25	0.000444754552886422	0.477801005780454	-0.875146098194239	-0.107995634308843	1
18.875	54.25	0.000444352395569969	0.241147672455378	-0.962534166365102	-0.110596292067855	1
19.125	54.25	0.000444023298147355	0.584875295447157	-0.802491707069545	-0.105471146641913	1
19.375	54.25	0.000443738583568106	0.0897698911717518	-0.987567770940157	-0.109329708729326	1
19.625	54.25	0.000443499457686923	0.849856374810701	-0.473998466198404	-0.102406573416724	1
19.875	54.25	0.00044330644162084	0.150542760201295	-0.976772324039955	-0.0981766460034147	1
20.125	54.25	0.000443234427188409	0.865174153713493	0.51008393985832	-0.0982905406327206	1
20.375	54.25	0.000443235070194033	0.479312937835584	0.890930558712395	-0.100405533207909	1
20.625	54.25	0.000443307076277253	0.863771258450671	0.527467075885283	-0.0997066888801695	1
20.875	54.25	0.00044349210159786	0.892857997314239	0.503239200246467	-0.106096833150433	1
21.125	54.25	0.00044374788021337	0.808541340704638	0.610097227962108	-0.111076800600081	1
21.375	54.25	0.000444086665455987	0.81860930890989	0.591944812063437	-0.111685643695284	1
21.625	54.25	0.000444480256220259	0.682701028253067	0.744343960300822	-0.115686096036516	1
21.875	54.25	0.00044489942682979	0.762168026750257	0.648821432646099	-0.115234066564682	1
22.125	54.25	0.000445303898739065	0.702832531922363	0.733334068555554	-0.116218138383763	1
22.375	54.25	0.000445589218945959	0.546459585292051	0.830102539104031	-0.121500702312425	1
22.625	54.25	0.0004457284027256	0.973846612091044	0.0744003533350703	-0.114179007801056	1
22.875	54.25	0.000445829924624801	0.849050747011631	0.510328455398026	-0.109996184949607	1
23.125	54.25	0.000445957873584716	0.913583703157327	0.394979842607417	-0.109696141672412	1
23.375	54.25	0.000446151876370631	0.899333325146594	0.435169093133788	-0.107765803051064	1
23.625	54.25	0.000446401458886408	0.945742153182806	0.343705698567082	-0.108869494997663	1
23.875	54.25	0.0004466867749661	0.968085762038913	0.273361480845742	-0.110755034325289	1
24.125	54.25	0.000446992185642742	0.972797902696542	0.25153534173597	-0.111928328753231	1
24.375	54.25	0.000447288882074697	0.976741187025839	0.228088421176744	-0.113209658781592	1
24.625	54.25	0.00044755930310417	0.985118982666395	0.160498291744775	-0.113484796439472	1
24.875	54.25	0.000447791718748557	0.997130920858512	0.0248519022267198	-0.112382333912906	1
25.125	54.25	0.000447979646644035	1.00001089444205	-0.0871765725617403	-0.112366575261599	1
25.375	54.25	0.000448123791754477	0.998882694817428	-0.130224708208516	-0.114392374264902	1
25.625	54.25	0.00044821315736577	0.991402084096403	-0.158639705594699	-0.116179490992171	1
25.875	54.25	0.000448197868577263	0.977914048905009	-0.201041225023736	-0.116606855538796	1
26.125	54.25	0.000448014398240758	0.954135251343064	-0.265150740809986	-0.115653142010346	1
26.375	54.25	0.000447657238817491	0.893854903892451	-0.400785204143362	-0.112443571589081	1
26.625	54.25	0.000447201708561145	0.763713179324563	-0.613520110300581	-0.107332523095208	1
26.875	54.25	0.000446719113630539	0.697049879048563	-0.708123703729145	-0.10431868523283	1
27.125	54.25	0.000446244585950647	0.704112010600213	-0.711416365027412	-0.105013447937752	1
27.375	54.25	0.000445815508599516	0.718707390632337	-0.696455329119726	-0.105379371114923	1
27.625	54.25	0.000445401201181074	0.701432638771186	-0.70860680838572	-0.106382832159	1
27.875	54.25	0.000445007686107939	0.743142722192462	-0.664702346795379	-0.104764137729494	1
28.125	54.25	0.000444620175161727	0.658947690394962	-0.739573315618321	-0.106616335543336	1
28.375	54.25	0.000444276302170592	0.788713579664528	-0.596126933774049	-0.101749306944468	1
28.625	54.25	0.000444051946009044	0.56499172832447	-0.806651644657217	-0.10357190066592	1
28.875	54.25	0.000444003921517297	0.793370614899431	-0.565419920764912	-0.0974169257680955	1
29.125	54.25	0.000444139599948569	0.539504235812475	0.859123430927789	-0.0937887352868702	1
29.375	54.25	0.000444402231672958	0.719381167635026	0.721396146228991	-0.101621784102478	1
29.625	54.25	0.000444758063339083	0.65046656815588	0.774570820953832	-0.101427678464167	1
29.875	54.25	0.000445210482464602	0.700343131940067	0.733833413000983	-0.10517621114427	1
30.125	54.25	0.000445815918910595	0.709517922435458	0.719823774642523	-0.107193413693884	1
30.375	54.25	0.000446558951215292	0.734568790605626	0.696428688613253	-0.109192015983421	1
30.625	54.25	0.000447356438089246	0.73556450411672	0.698227626131884	-0.112491445569737	1
30.875	54.25	0.000447989644852017	0.740155855733578	0.663365968714935	-0.11539164397298	1
31.125	54.25	0.000448407194174635	0.920065354941697	0.295957670500346	-0.108202036744647	1
31.375	54.25	0.000448652999402944	0.975720942742446	-0.00302108336764301	-0.0989420806830025	1
31.625	54.25	0.000448791753923277	0.993446659214464	-0.0282547209727865	-0.0960403802536378	1
31.875	54.25	0.000448862812818783	0.997372476026681	-0.0115402937354943	-0.0958405707319055	1
32.125	54.25	0.000448893701669784	0.991825581924974	-0.020865958560115	-0.0947753164144149	1
32.375	54.25	0.000448901697092833	0.983835840063196	-0.0597911481179279	-0.0919253324257399	1
32.625	54.25	0.000448885594535768	0.97505461106788	-0.105040990078695	-0.0877289117642476	1
32.875	54.25	0.000448844990461629	0.965487652442568	-0.143975691967136	-0.0824350685896999	1
33.125	54.25	0.000448784251813099	0.955525514797887	-0.175769022484766	-0.0759915279606034	1
33.375	54.25	0.000448708185954504	0.946413430436501	-0.199723323779525	-0.0683942069677168	1
33.625	54.25	0.000448625560774764	0.939877495855633	-0.211870257543293	-0.0597631923436263	1
33.875	54.25	0.00044856107212829	0.937210196344996	-0.207232845931056	-0.050209122241055	1
34.125	54.25	0.00044856494644295	0.93830534204071	-0.182570464980218	-0.0397347920551668	1
34.375	54.25	0.000448709714039097	0.941295042191524	-0.136237702398918	-0.0282150029287437	1
34.625	54.25	0.000449068562652543	0.943225567377356	-0.0639294639023719	-0.0153674308785883	1
34.875	54.25	0.000449671152570926	0.940193601004424	0.0389189834655367	-0.000991071103163558	1
35.125	54.25	0.000450457393534537	0.930953204709711	0.148398483005314	0.0141951021797528	1
35.375	54.25	0.000451302539884668	0.919422232103518	0.215639480760874	0.0282103622533443	1
35.625	54.25	0.000452136989658611	0.940231762616491	-0.018952423859136	0.0431794823621422	1
35.875	54.25	0.000452918131247505	0.621402705163072	-0.772181136580719	0.0582343483776427	1
36.125	54.25	0.000452997147786686	0.616702971794524	-0.818520159060882	0.0529881502855957	1
36.375	54.25	0.000451342681558552	0.740331425109413	-0.688783760367661	0.0496468737233503	1
36.625	54.25	0.000445820663740223	0.643885406006627	-0.766548864201234	0.0485709301924495	1
36.875	54.25	0.000434939726802025	0.78530431490072	-0.619286185678649	0.0509431857223263	1
37.125	54.25	0.000419888839792888	0.648354634079713	-0.763254012025377	0.0505798265269888	1
37.375	54.25	0.000405997504297317	0.799955113951612	-0.490708964310959	0.0479857060049515	1
0.125	54.75	0.000443555799762174	0.807625789176009	-0.598832033624587	-0.114515172053764	1
0.375	54.75	0.000443551195296999	0.63106210783089	-0.774923726704737	-0.115963612724318	1
0.625	54.75	0.000443578518865832	0.849255695765223	-0.542579728644512	-0.115039005236139	1
0.875	54.75	0.00044360066486118	0.762246252224978	-0.660531345631465	-0.119358371886946	1
1.125	54.75	0.000443639604525877	0.936547239354863	0.352842967588294	-0.118683389674862	1
1.375	54.75	0.000443662289227029	0.826971547608029	0.565218866206329	-0.120517629587511	1
1.625	54.75	0.00044368514034339	0.803561841714086	0.596637052403858	-0.120267588702805	1
1.875	54.75	0.000443693480649252	0.699801198880141	0.709241901783115	-0.121967016565004	1
2.125	54.75	0.000443700108138112	0.62965998291373	0.780083022130484	-0.119557422639172	1
2.375	54.75	0.000443690641471644	0.780597067051629	0.621131694488423	-0.123376603974805	1
2.625	54.75	0.000443665013767545	0.557023981310444	0.840188489806577	-0.11898152818166	1
2.875	54.75	0.000443610778505545	0.964517954601417	0.260617972451408	-0.125101897163171	1
3.125	54.75	0.000443538302907727	0.826626980806619	-0.555391744257828	-0.118898486196654	1
3.375	54.75	0.000443465603517459	0.90792909559567	0.445574409268143	-0.122518771793906	1
3.625	54.75	0.000443417139314247	0.904841469788444	0.442645282532644	-0.124150233607348	1
3.875	54.75	0.0004433741817309	0.909851352161958	0.425926599485345	-0.125823283827638	1
4.125	54.75	0.000443341729300622	0.906457585977695	0.431205983753462	-0.126441625054135	1
4.375	54.75	0.000443323207392802	0.926000347292238	0.383284983252254	-0.127885903441129	1
4.625	54.75	0.000443325635020275	0.912881499497474	0.405233288186578	-0.127808690009527	1
4.875	54.75	0.000443354050529337	0.949925398690783	0.321692777541866	-0.127671726561784	1
5.125	54.75	0.000443404606308098	0.914637399487165	0.418547561338419	-0.129588421000727	1
5.375	54.75	0.000443465341226779	0.860634661289551	0.501065707436669	-0.130585470801639	1
5.625	54.75	0.000443521695989052	0.973397170687464	0.198998547427962	-0.127892527910583	1
5.875	54.75	0.000443569649721916	0.998650959677193	0.022526979338076	-0.127616138137115	1
6.125	54.75	0.000443611376596525	0.999639143009786	0.0205858337925118	-0.127565389382298	1
6.375	54.75	0.000443648794162894	1.00069194562422	0.0190189834066752	-0.127762584795235	1
6.625	54.75	0.000443685138163681	1.00165608075566	0.0145662726155105	-0.128222266167087	1
6.875	54.75	0.000443726219748809	1.00227472417836	0.00930430932919445	-0.128864162128244	1
7.125	54.75	0.000443779767278692	1.00256121736609	0.00406488701669889	-0.129602135438247	1
7.375	54.75	0.000443851999089918	1.00252140911374	-0.00112344492757276	-0.130370092690934	1
7.625	54.75	0.00044394283289838	1.00229323628111	-0.00650853563472929	-0.131084373292254	1
7.875	54.75	0.000444040901512428	1.00148003946407	-0.0075074897702457	-0.131747918411023	1
8.125	54.75	0.000444122492049466	1.00115177463597	-0.0174847848608711	-0.132059413994715	1
8.375	54.75	0.000444154435108287	1.00047895730658	-0.00802352002695693	-0.132619152629641	1
8.625	54.75	0.000444111388405892	1.0005102685921	-0.0147197803131014	-0.132533532809402	1
8.875	54.75	0.000443994601365093	0.993214312489105	-0.0791020509141755	-0.133141552922584	1
9.125	54.75	0.000443855296020959	0.670886382857115	-0.739858129102965	-0.130934973849862	1
9.375	54.75	0.000443723368290138	0.637522169835596	-0.770729757010369	-0.133022188812242	1
9.625	54.75	0.000443624358723187	0.783718486375057	-0.614468829361296	-0.130748479280501	1
9.875	54.75	0.000443535263182912	0.625629202442261	-0.773682468463599	-0.131891664170756	1
10.125	54.75	0.000443464492369	0.846609941404573	-0.522389598448506	-0.128542275436378	1
10.375	54.75	0.000443396589733362	0.656072938847514	-0.743957269097606	-0.130235950795322	1
10.625	54.75	0.000443330779303625	0.903652730254575	-0.404905229548659	-0.125330068653164	1
10.875	54.75	0.000443271099338365	0.683935550736287	-0.718266253685084	-0.126152110300805	1
11.125	54.75	0.000443218710352232	0.934621673579561	-0.311744007466747	-0.122379189909668	1
11.375	54.75	0.000443193793926479	0.746256861241829	0.679655898079476	-0.119390647779727	1
11.625	54.75	0.000443203963751651	0.893265067862801	0.476619638501998	-0.125903368393961	1
11.875	54.75	0.000443245404620648	0.779986862299411	0.637438840202424	-0.12528460630003	1
12.125	54.75	0.000443327231863306	0.847152041024813	0.545126397653726	-0.128634330750367	1
12.375	54.75	0.000443461904169269	0.795656949276274	0.614208195822165	-0.128700581974336	1
12.625	54.75	0.000443641451889805	0.800060058146412	0.5999337033836	-0.13063956435185	1
12.875	54.75	0.00044388049968304	0.846826128710993	0.52949205787265	-0.128541431490086	1
13.125	54.75	0.000444144786455022	0.794763143724023	0.617212729049786	-0.130251018318543	1
13.375	54.75	0.00044436725098987	0.776618747066109	0.619606652544338	-0.131330417145635	1
13.625	54.75	0.00044451009381067	0.974858371781143	0.165719789871826	-0.127419977965765	1
13.875	54.75	0.000444591375377519	0.990392562477893	0.0762079270324249	-0.126052671658557	1
14.125	54.75	0.000444648423424008	0.987527918574532	0.0967278488174528	-0.124312544666674	1
14.375	54.75	0.000444696933466779	0.987465288110823	0.0983629812499948	-0.122412222067458	1
14.625	54.75	0.000444740970758719	0.988889778422475	0.0961972861846476	-0.120713007040038	1
14.875	54.75	0.000444780170302559	0.990499839119124	0.0953365329504119	-0.119409315098298	1
15.125	54.75	0.000444814417881687	0.991540858794786	0.0976516086467864	-0.118467321263127	1
15.375	54.75	0.000444844704086875	0.991885321910545	0.104789584222412	-0.117793714078928	1
15.625	54.75	0.000444872354624233	0.99154674044692	0.117697736817354	-0.117383894674517	1
15.875	54.75	0.000444900355145877	0.990447139675827	0.135625297788868	-0.117255691550986	1
16.125	54.75	0.000444934231561549	0.988146627884949	0.158342242098966	-0.117428232093779	1
16.375	54.75	0.000444982028305925	0.98414469221346	0.183797650121014	-0.117817315693833	1
16.625	54.75	0.000445052828765798	0.979686908927433	0.209557039487032	-0.118183845020408	1
16.875	54.75	0.00044514469148132	0.97317809082284	0.24163297135703	-0.118920072496395	1
17.125	54.75	0.000445241338979512	0.968007699690394	0.259541058803648	-0.119696055475166	1
17.375	54.75	0.000445315871378001	0.965343037733963	0.272961882521883	-0.120144722042437	1
17.625	54.75	0.000445318685116902	0.956247091399044	0.301596265053583	-0.121469598190442	1
17.875	54.75	0.00044520088461983	0.968882592222656	0.249155114143031	-0.121540612322077	1
18.125	54.75	0.00044495949302603	0.989789124232419	0.164254452193273	-0.121842216405115	1
18.375	54.75	0.000444611808403145	0.706177190116935	-0.710284093271812	-0.123349042418166	1
18.625	54.75	0.000444277349357348	0.736801314374203	-0.680106100277473	-0.121980086848126	1
18.875	54.75	0.00044398590773765	0.639926627958527	-0.773795528619605	-0.125678157662941	1
19.125	54.75	0.000443731794257181	0.704046778578374	-0.699520102019315	-0.124297522843726	1
19.375	54.75	0.000443526243189675	0.654836948484347	-0.753216531013881	-0.124003149591605	1
19.625	54.75	0.000443341298462531	0.568989827416609	-0.803330369177036	-0.125706038716475	1
19.875	54.75	0.000443193122353651	0.836501338130845	-0.490840056711558	-0.12049334423259	1
20.125	54.75	0.000443093067482625	0.412218088563125	-0.88867339467099	-0.115484384876916	1
20.375	54.75	0.000443058909290934	0.706400027675496	-0.68017649452079	-0.117653448819118	1
20.625	54.75	0.000443057268065641	0.696244009060085	-0.690142405628803	-0.109981494486426	1
20.875	54.75	0.000443145067777765	0.614117549514334	0.810537546076292	-0.111279959763465	1
21.125	54.75	0.000443311657519445	0.74229757065115	0.679027064351876	-0.115945593591685	1
21.375	54.75	0.000443544305327096	0.668303223748688	0.761126715504099	-0.113812113549692	1
21.625	54.75	0.000443829448849041	0.69034660088179	0.732470630923199	-0.120619685679358	1
21.875	54.75	0.000444140836061081	0.836202103725373	0.566466129166121	-0.116361080944698	1
22.125	54.75	0.000444424201509517	0.599653595641496	0.812875195386261	-0.125307894696319	1
22.375	54.75	0.000444576502837749	0.917703194978278	0.355101193500249	-0.120007921694408	1
22.625	54.75	0.000444632201540207	0.705352726151916	-0.69070270161589	-0.11754372425738	1
22.875	54.75	0.00044469010917384	0.929176057684008	-0.365864538699552	-0.116131518425436	1
23.125	54.75	0.00044477598323267	0.91722636830599	-0.402583689453445	-0.117443259358578	1
23.375	54.75	0.00044491206903072	0.968308843833325	-0.214958628462301	-0.11718580031376	1
23.625	54.75	0.000445085371395503	0.986911684453776	0.0644963240313816	-0.113636528785153	1
23.875	54.75	0.000445283666338045	0.966035774745152	0.256331453866385	-0.111799347291586	1
24.125	54.75	0.000445493526955323	0.964511135439909	0.286542295131524	-0.113266592470586	1
24.375	54.75	0.000445703734856812	0.960883100904073	0.29170737216349	-0.114830324498902	1
24.625	54.75	0.000445893833446126	0.965520217677749	0.265079934403153	-0.115377403183577	1
24.875	54.75	0.000446046273453781	0.980390073549452	0.204253445157689	-0.11561120674466	1
25.125	54.75	0.000446166612514225	0.993459685912763	0.133997163689677	-0.11628971338804	1
25.375	54.75	0.000446277944343691	0.999811268444301	0.0699971901606976	-0.116983507035987	1
25.625	54.75	0.000446384304886756	1.00121085246734	0.0341097635290182	-0.117566025169139	1
25.875	54.75	0.000446455948870581	1.00053564632192	0.0285934005400706	-0.118024048630621	1
26.125	54.75	0.000446433085820489	0.997620590825529	0.0383370393343972	-0.118166208515415	1
26.375	54.75	0.00044625106109911	0.987378780615996	0.0300831875870112	-0.117278006277735	1
26.625	54.75	0.000445919537288696	0.964215224317727	-0.12537900973345	-0.112087644853651	1
26.875	54.75	0.000445520021163997	0.884715261597908	-0.411114970763952	-0.103895720753692	1
27.125	54.75	0.000445111712695971	0.85641787932353	-0.505302109183539	-0.10037231336833	1
27.375	54.75	0.0004447386233684	0.873578865677669	-0.493197006773834	-0.101303556397159	1
27.625	54.75	0.000444418825063772	0.883311684763871	-0.474972586048504	-0.102404806090695	1
27.875	54.75	0.00044413298857478	0.884566027114928	-0.470965729287835	-0.10342528933817	1
28.125	54.75	0.000443871339087607	0.900813803125797	-0.439995772228759	-0.104087122601375	1
28.375	54.75	0.000443634400348154	0.881607261379744	-0.464225057773501	-0.105669265849043	1
28.625	54.75	0.000443487987350216	0.927173417437653	-0.358099079877691	-0.103046539203466	1
28.875	54.75	0.000443459066225076	0.849843083211542	-0.507130599564021	-0.104345222536883	1
29.125	54.75	0.000443542751340244	0.722148188801818	0.692772584641811	-0.0992400952151058	1
29.375	54.75	0.000443736637108995	0.792345003105112	0.629988271392563	-0.104107861636782	1
29.625	54.75	0.000444034169753274	0.797273988874003	0.616034780800592	-0.105142022704061	1
29.875	54.75	0.000444418451760822	0.772841693320542	0.652441861274123	-0.107311089994452	1
30.125	54.75	0.000444946462030969	0.795535534660609	0.622927686446098	-0.110300325259936	1
30.375	54.75	0.000445560012692306	0.772819882522148	0.654428357019028	-0.112349749987205	1
30.625	54.75	0.000446101329545306	0.75249647429408	0.658994646475917	-0.116311528026181	1
30.875	54.75	0.000446494068045629	0.865759257170176	0.453496406478478	-0.111829719424392	1
31.125	54.75	0.000446723745787537	0.963085069382358	0.183736471201314	-0.105552798236051	1
31.375	54.75	0.000446831799853842	0.981199186820518	0.118275583893037	-0.102529984485385	1
31.625	54.75	0.000446902459374742	0.986354507236261	0.0591076856138378	-0.0996915877408234	1
31.875	54.75	0.000446961777660129	0.988156901238179	-0.00649240762225958	-0.0965778627824697	1
32.125	54.75	0.000447002001332112	0.987904358795145	-0.052465454386068	-0.0938270821892345	1
32.375	54.75	0.000447014339072144	0.985034189651841	-0.0811416199485707	-0.0912743003014681	1
32.625	54.75	0.000447004215477939	0.978836309277885	-0.104947198680202	-0.0880826300350588	1
32.875	54.75	0.000446981178391209	0.970154596267407	-0.13019109284955	-0.083619339935316	1
33.125	54.75	0.000446949893052238	0.960322927669439	-0.156839502118626	-0.0776814020293075	1
33.375	54.75	0.000446909270126157	0.950711653887007	-0.181452091125771	-0.0703403081850314	1
33.625	54.75	0.000446857061175842	0.942912148077321	-0.198357613600146	-0.0617965976076112	1
33.875	54.75	0.000446801507180262	0.938470117534531	-0.200521764474323	-0.0522361930077092	1
34.125	54.75	0.000446776457034526	0.937907059735246	-0.18154816935064	-0.0416848788014658	1
34.375	54.75	0.000446848733739634	0.939918599662869	-0.135914026613857	-0.0299351861903725	1
34.625	54.75	0.000447105777719449	0.941499769369229	-0.0562682965006017	-0.0165919781305069	1
34.875	54.75	0.000447614534287623	0.937465769789325	0.0566474909497535	-0.00160294788813448	1
35.125	54.75	0.000448379989523865	0.926852434289192	0.161103520273256	0.0138906922918208	1
35.375	54.75	0.000449372498900034	0.927391324795517	0.189269045890483	0.028551464737074	1
35.625	54.75	0.000450499329462393	0.934453578092214	0.152512664912951	0.0413172571183129	1
35.875	54.75	0.000451468367340603	0.88434110380917	-0.365056124218442	0.0558038222974526	1
36.125	54.75	0.000451647669390069	0.540697421719611	-0.852530114368994	0.0644343931732057	1
36.375	54.75	0.000449784248184473	0.727770711770087	-0.72866267542831	0.0562292084262194	1
36.625	54.75	0.000444084197349765	0.633259877107401	-0.782917676281419	0.0510167611355817	1
36.875	54.75	0.000432914041018227	0.779278764132048	-0.634929875249541	0.0546003333894807	1
37.125	54.75	0.000417470909521654	0.592255650580586	-0.815170026381717	0.0510526019429599	1
37.375	54.75	0.000403276742770896	0.798222104519495	-0.48553316625652	0.0501635303630163	1
0.125	55.25	0.000443619534354979	0.811042204841954	0.601447694703226	-0.127617048179507	1
0.375	55.25	0.000443623432666704	0.537790467748403	-0.840370074779951	-0.131698741093386	1
0.625	55.25	0.000443634673070393	0.936688168656753	-0.291473056685401	-0.126684885346064	1
0.875	55.25	0.000443646761905554	0.514000840361899	-0.853320240544804	-0.122816028589455	1
1.125	55.25	0.000443651686755043	0.966279742640287	-0.23212916108915	-0.125166362440019	1
1.375	55.25	0.000443658620387337	0.990686366684565	0.0256807284589625	-0.120029704368891	1
1.625	55.25	0.000443641552489442	0.92376220801398	0.364103071105092	-0.120861100640427	1
1.875	55.25	0.000443622875902435	0.936292887409255	0.335629936487196	-0.116025964135688	1
2.125	55.25	0.00044361376855732	0.847338450402872	-0.497854821830978	-0.117974740943713	1
2.375	55.25	0.000443586732281815	0.947070868727092	0.305319522654893	-0.108538825454461	1
2.625	55.25	0.000443571974435996	0.489822584354866	-0.857826742872735	-0.115064289991457	1
2.875	55.25	0.000443541764457902	0.986104117023968	0.0657046725444854	-0.106068457244838	1
3.125	55.25	0.000443490224056069	0.97327615149303	0.347453340282756	-0.109237311218884	1
3.375	55.25	0.000443503230481682	1.00627865534024	0.224014196252053	-0.122288224420287	1
3.625	55.25	0.000443509829726211	0.91489920039484	0.424847253638503	-0.124806664707016	1
3.875	55.25	0.000443490333477835	0.88245906315086	0.484687487319081	-0.126453550560604	1
4.125	55.25	0.000443464026774598	0.915507591339353	0.412713761803677	-0.12828931650228	1
4.375	55.25	0.000443429944667464	0.876271291859018	0.484689256607167	-0.12870569356444	1
4.625	55.25	0.000443404333169606	0.916220802148304	0.403730777812263	-0.129120852189699	1
4.875	55.25	0.000443388289007683	0.922557398994733	0.401936519166415	-0.129534949796872	1
5.125	55.25	0.0004433823067396	0.837287522105265	0.550304948141069	-0.13225441423105	1
5.375	55.25	0.00044338199937664	0.89757610517859	0.42290101373646	-0.130385057556984	1
5.625	55.25	0.000443388568967714	0.99197601864792	0.0763893973365982	-0.12877393571798	1
5.875	55.25	0.000443398309791095	0.997250663846317	0.0261977521088318	-0.128059976112681	1
6.125	55.25	0.000443408175413709	0.998962835989784	0.022376719898203	-0.127792139799412	1
6.375	55.25	0.000443416794587192	1.00036747166769	0.0187443593098625	-0.127887506896742	1
6.625	55.25	0.000443424138221874	1.00146754018539	0.0136387584000856	-0.128284427177221	1
6.875	55.25	0.000443432248088021	1.00217438600775	0.00848789106083114	-0.128888496485117	1
7.125	55.25	0.000443445205951821	1.00252701296002	0.00362976649606843	-0.129610536974922	1
7.375	55.25	0.000443467871114994	1.00256410993372	-0.00102366184123921	-0.130376308707577	1
7.625	55.25	0.000443503766657404	1.00225142567292	-0.00496567808002172	-0.131113750644293	1
7.875	55.25	0.000443551994470546	1.00188506061867	-0.00934487204910873	-0.131729019722673	1
8.125	55.25	0.000443604153317842	1.00109200978838	-0.00912329920228878	-0.132297881548009	1
8.375	55.25	0.000443646540007982	1.00063905499851	-0.0149478857777996	-0.132516341172908	1
8.625	55.25	0.000443659357231348	1.00063130937445	-0.0202245021820988	-0.132891329694868	1
8.875	55.25	0.000443634418555243	0.996757676902935	-0.00863276411158692	-0.13315100771794	1
9.125	55.25	0.000443581578279514	0.993711279805405	-0.0832853527979201	-0.131503197483536	1
9.375	55.25	0.000443513052131027	0.584988416852904	-0.810036387085836	-0.132018589145657	1
9.625	55.25	0.000443467784584245	0.748941866968368	-0.668771563493141	-0.131128146332771	1
9.875	55.25	0.000443422593207283	0.638571399581639	-0.764566749066529	-0.13402177359388	1
10.125	55.25	0.000443386830477781	0.781740439343599	-0.617841339489398	-0.129569543094737	1
10.375	55.25	0.000443344877336857	0.642831014480408	-0.758481186327129	-0.132899775426699	1
10.625	55.25	0.00044330022290749	0.862634514110931	-0.48375820889084	-0.127442240395591	1
10.875	55.25	0.000443251411690566	0.669498742846744	-0.730893809236431	-0.128286122879598	1
11.125	55.25	0.000443200252578254	0.902258145427658	-0.399646013635192	-0.124333007250342	1
11.375	55.25	0.00044316351949416	0.737420901312795	0.690552019001606	-0.122461438781449	1
11.625	55.25	0.000443150183652015	0.864945253475926	0.522223874287577	-0.128134757166503	1
11.875	55.25	0.000443154283838549	0.750578243420339	0.668498027499746	-0.127190670053191	1
12.125	55.25	0.000443183695580308	0.827975390355028	0.570293681145371	-0.129835505664622	1
12.375	55.25	0.000443241932568029	0.75116407314299	0.66134777656437	-0.129680535477569	1
12.625	55.25	0.000443333844945334	0.828783768146826	0.55308474285179	-0.129729698799083	1
12.875	55.25	0.000443468771119085	0.837281138274079	0.554923929536233	-0.128223505800815	1
13.125	55.25	0.000443604116877423	0.74955470850566	0.664518753295996	-0.131924534854048	1
13.375	55.25	0.000443701279594658	0.919007631618304	0.36651533414947	-0.128884042467234	1
13.625	55.25	0.000443750786395115	0.990285407762885	-0.053689792243511	-0.126971545139593	1
13.875	55.25	0.00044377930522162	0.987827109379224	-0.0893547315566591	-0.124937931701561	1
14.125	55.25	0.000443802505890002	0.98948420429482	-0.0790257895410782	-0.123080341665265	1
14.375	55.25	0.000443826196251849	0.990923846082249	-0.0741335670679272	-0.121441343871371	1
14.625	55.25	0.000443850633252341	0.991747039287454	-0.0795122503959879	-0.120123377051644	1
14.875	55.25	0.000443874424571517	0.991618492133084	-0.0924582194066518	-0.119110327946393	1
15.125	55.25	0.000443896579011031	0.990646774798934	-0.106890521711936	-0.118292245136146	1
15.375	55.25	0.000443916789441233	0.989205912058268	-0.119409396506803	-0.117521168999691	1
15.625	55.25	0.000443934837738852	0.987486890218909	-0.131265085069842	-0.116700693384876	1
15.875	55.25	0.000443950877835986	0.98544076113557	-0.144989146089259	-0.115821916276087	1
16.125	55.25	0.000443966747722168	0.982938774505976	-0.1621157270411	-0.114934494425391	1
16.375	55.25	0.000443986792176917	0.979987021185964	-0.181093051774427	-0.114128546676843	1
16.625	55.25	0.000444018311887513	0.977291978151668	-0.196893484800216	-0.113408157011219	1
16.875	55.25	0.000444067493894687	0.974663696344336	-0.212800883089305	-0.112781376442117	1
17.125	55.25	0.000444132405173942	0.974006836949136	-0.218497278346311	-0.112399040508508	1
17.375	55.25	0.000444200903193478	0.971627090564556	-0.226838731465378	-0.112056071623088	1
17.625	55.25	0.000444250636602865	0.972462836379761	-0.228128003911617	-0.111479899883088	1
17.875	55.25	0.000444242605866135	0.96590915892447	-0.242782734009893	-0.111664585784467	1
18.125	55.25	0.000444150179003733	0.952845881924427	-0.278491051357454	-0.109792598576489	1
18.375	55.25	0.000443987648307262	0.963543788018221	-0.252909578129051	-0.10825340535426	1
18.625	55.25	0.00044374330810484	0.709464527373547	-0.71205041168574	-0.107776857370387	1
18.875	55.25	0.000443516833015735	0.713882133928849	-0.718107696428375	-0.108080301683771	1
19.125	55.25	0.00044332986247877	0.689071530118408	-0.749130218359174	-0.111738149061578	1
19.375	55.25	0.000443173045272765	0.757970743228941	-0.672962391598727	-0.112840127620817	1
19.625	55.25	0.000443043649422767	0.77186299983477	-0.670866324841538	-0.115693541450655	1
19.875	55.25	0.000442918483042803	0.81280585223392	-0.594219031291176	-0.120839431230954	1
20.125	55.25	0.000442755773427634	0.669155908869274	0.73111171065237	-0.117142011784709	1
20.375	55.25	0.00044267789923864	0.840757763323573	0.527512365260678	-0.115663419765172	1
20.625	55.25	0.000442678137801778	0.780405787455583	0.640689809872996	-0.11407732221881	1
20.875	55.25	0.000442731354993922	0.930581068072671	0.370992941797712	-0.119151549975044	1
21.125	55.25	0.000442866156222446	0.788134887176044	0.623986523330128	-0.115170554962377	1
21.375	55.25	0.000443064809482555	0.860732690320654	0.530801054100153	-0.121321924726967	1
21.625	55.25	0.0004433039571642	0.798658918830265	0.596240039521377	-0.120519223381198	1
21.875	55.25	0.000443546036210003	0.797918642338439	0.615919455726943	-0.120245088005101	1
22.125	55.25	0.000443733955059273	0.623066907565187	0.772656975175854	-0.124195708182542	1
22.375	55.25	0.000443811268120003	0.834553125851123	0.549200553025871	-0.118216618396215	1
22.625	55.25	0.000443824805099142	0.98606748032641	0.0512607176301927	-0.123745563478509	1
22.875	55.25	0.000443818077438408	0.965358084128635	0.105838740421798	-0.11216006199062	1
23.125	55.25	0.000443837746462974	0.914725899227624	0.390158021925647	-0.109386684309206	1
23.375	55.25	0.000443911600261317	0.921459490773694	0.390530803383815	-0.109434888172278	1
23.625	55.25	0.000444045640567922	0.936234174450134	0.369448358932197	-0.109733680337476	1
23.875	55.25	0.000444201587609144	0.962923302949088	0.301044328048207	-0.112496960810854	1
24.125	55.25	0.000444368822752271	0.967029168221916	0.271477121476803	-0.114216797164559	1
24.375	55.25	0.000444524428117707	0.969792883909035	0.238935424490271	-0.11479779691892	1
24.625	55.25	0.000444652466222205	0.985176096589602	0.134529527696673	-0.11372463548741	1
24.875	55.25	0.000444745262062237	0.997242108485583	-0.00962004879681525	-0.11215634225095	1
25.125	55.25	0.000444813343856143	0.999820237288665	-0.0938873908097645	-0.112510476643149	1
25.375	55.25	0.00044488136793097	0.998884486362591	-0.124450848777176	-0.114378315551613	1
25.625	55.25	0.000444963434016201	0.992895338447398	-0.149259626473056	-0.115968383738027	1
25.875	55.25	0.000445048668059965	0.98308234153822	-0.185765665248056	-0.116595502836556	1
26.125	55.25	0.000445099487290875	0.969661963273845	-0.236423258419616	-0.116427972478816	1
26.375	55.25	0.00044506096369944	0.949634588710802	-0.299937478997905	-0.115899879996285	1
26.625	55.25	0.000444893806329127	0.913290338223652	-0.377800773524408	-0.114835675401655	1
26.875	55.25	0.000444624712921961	0.811444682137994	-0.544093965010205	-0.111567530531648	1
27.125	55.25	0.00044431789724399	0.648772054992799	-0.737219931923078	-0.10681666593363	1
27.375	55.25	0.000444009273915392	0.642287154608525	-0.763426330720914	-0.105037889365594	1
27.625	55.25	0.000443728459951228	0.641827204553459	-0.76538884225345	-0.106836338582368	1
27.875	55.25	0.000443506674024949	0.706645224598006	-0.709562430113444	-0.105308904021894	1
28.125	55.25	0.000443318041088251	0.60506989667176	-0.79324083197091	-0.108680935907763	1
28.375	55.25	0.000443156055212606	0.816302751811144	-0.585595697393785	-0.104554117802726	1
28.625	55.25	0.000443096471823054	0.497737632293985	-0.86103413805003	-0.111794586564106	1
28.875	55.25	0.000443046047948839	0.966555462832237	-0.0271525251659967	-0.103877321408729	1
29.125	55.25	0.000443098715923253	0.484907176883511	0.886816785095408	-0.0955155425210922	1
29.375	55.25	0.000443276826000928	0.796897170271024	0.641633116066399	-0.107668100601935	1
29.625	55.25	0.000443512967094512	0.615099936014537	0.802008299594938	-0.10612624371443	1
29.875	55.25	0.00044384445434554	0.711794740608965	0.721837558385554	-0.111551508866081	1
30.125	55.25	0.000444272523395926	0.685254374425747	0.741072080114857	-0.112318041059554	1
30.375	55.25	0.000444699351411566	0.695211367644566	0.723607530516966	-0.11561665821768	1
30.625	55.25	0.000445029370805565	0.785780283343008	0.589038524439109	-0.113820582991536	1
30.875	55.25	0.000445206957910061	0.945333045436071	0.232186777175391	-0.107301563624561	1
31.125	55.25	0.000445290223588955	0.980170301003328	0.0440668064213772	-0.101098062355176	1
31.375	55.25	0.000445355113795501	0.991398332381348	-0.00365407986351515	-0.0979414240005787	1
31.625	55.25	0.000445412052602639	0.996610364980334	-0.0108895625285602	-0.0968371926960604	1
31.875	55.25	0.000445456443237823	0.996606761692258	-0.0142539024316732	-0.0963150848744733	1
32.125	55.25	0.00044549176264375	0.993140701693221	-0.027863939008516	-0.0952361930572207	1
32.375	55.25	0.000445519138490791	0.987865207927889	-0.0517975334337142	-0.0931481924019511	1
32.625	55.25	0.000445536494340845	0.981220221480142	-0.0801305933025742	-0.0899447426780928	1
32.875	55.25	0.00044554381180744	0.973150577159803	-0.109142051047792	-0.085517809005076	1
33.125	55.25	0.000445542982491191	0.963811455290697	-0.138139089820456	-0.0797275364490627	1
33.375	55.25	0.000445532802966991	0.953920361134588	-0.166158733835261	-0.0725294404252977	1
33.625	55.25	0.000445506640817905	0.944895494226656	-0.189068260637727	-0.0640446814998577	1
33.875	55.25	0.000445460462488247	0.938566001832018	-0.199244090852955	-0.0544640438938423	1
34.125	55.25	0.000445411569296923	0.936148229897967	-0.1874905155727	-0.0438261234539749	1
34.375	55.25	0.000445416690328065	0.937170195590314	-0.143536057607742	-0.0318182497737931	1
34.625	55.25	0.000445568998703801	0.938864684056493	-0.0557449392639283	-0.0178734650206306	1
34.875	55.25	0.000445955628866805	0.934539811496481	0.0676649224444802	-0.00214486292017543	1
35.125	55.25	0.000446622859074116	0.925163379362281	0.166399830249829	0.0136908497781389	1
35.375	55.25	0.000447617490304227	0.927167703880778	0.178065461596957	0.0283543318214542	1
35.625	55.25	0.000448939307398974	0.94051867794142	0.117694896085011	0.0422414270841719	1
35.875	55.25	0.000450214863464562	0.958479784829572	0.0366951107738776	0.0547052803713493	1
36.125	55.25	0.000450523442097487	0.728536080758155	-0.660711443999303	0.0629324754267496	1
36.375	55.25	0.000448580485460872	0.625222239066099	-0.809406188697943	0.0669153925306601	1
36.625	55.25	0.000442775499678008	0.646312695537714	-0.788625961538115	0.0549557935101866	1
36.875	55.25	0.000431527217549056	0.776084241885193	-0.638689148216944	0.0586761491788352	1
37.125	55.25	0.000415874531706616	0.584727984343052	-0.82615269224714	0.0545212060871993	1
37.375	55.25	0.000401373757703823	0.756670360605706	-0.552239168197918	0.0522725291935334	1
0.125	55.75	0.000443604226741166	0.990788037559012	-0.0641945394601236	-0.120554273962739	1
0.375	55.75	0.000443618790311049	0.582044381495513	-0.811149304279909	-0.117168045809737	1
0.625	55.75	0.000443649858118739	0.906916199068175	-0.44401101166804	-0.120469535920211	1
0.875	55.75	0.000443688813308075	0.635178703063524	-0.771122278555597	-0.121811740680966	1
1.125	55.75	0.000443681845915074	0.896557924792381	-0.449353003765543	-0.120269389075658	1
1.375	55.75	0.000443669514086552	0.844806910466006	0.541604562740033	-0.12215312534282	1
1.625	55.75	0.00044366976874816	0.600658582340661	0.804690954038483	-0.122067136713648	1
1.875	55.75	0.000443673048890312	0.733423218048154	0.69750002315884	-0.123245146927664	1
2.125	55.75	0.0004436907913664	0.451705160723215	0.905809963345301	-0.127403790445069	1
2.375	55.75	0.000443705499714415	0.238874209982522	0.987677638309179	-0.126531488798136	1
2.625	55.75	0.000443719826586863	0.4018710226661	0.930842096946576	-0.129505156243868	1
2.875	55.75	0.000443732573089568	0.0768355836799143	-0.980581473925294	-0.129926873102075	1
3.125	55.75	0.000443705586099901	0.613538829369594	-0.773256577393601	-0.129051907182694	1
3.375	55.75	0.000443683292033601	0.753842044692994	0.652886957697669	-0.127747872569506	1
3.625	55.75	0.000443655730656427	0.768050997290321	0.640243097321508	-0.128135478454397	1
3.875	55.75	0.000443623982947948	0.912558802768816	0.406303942105979	-0.128370369859492	1
4.125	55.75	0.000443586801699967	0.886264525793897	0.463232156521502	-0.12788742867366	1
4.375	55.75	0.000443554068102087	0.925398584696298	0.379450768685449	-0.128654344251354	1
4.625	55.75	0.000443525703218764	0.945980859943149	0.332054954957373	-0.128204153230249	1
4.875	55.75	0.000443500618309276	0.899806906211205	0.450440304959402	-0.130192123171694	1
5.125	55.75	0.000443475949445585	0.844550488253991	0.525475865214501	-0.131237897140026	1
5.375	55.75	0.000443458727961513	0.975213359858548	0.183991958897647	-0.128022586418798	1
5.625	55.75	0.000443448183860435	0.998663851960409	0.00392981211078196	-0.127705798271159	1
5.875	55.75	0.000443441463215438	0.999196511303918	0.0137776775692344	-0.12757634368804	1
6.125	55.75	0.000443436339705091	0.999863120430728	0.0162612856114552	-0.12757182076326	1
6.375	55.75	0.000443431097271587	1.00081131230166	0.014754359633053	-0.127794723108863	1
6.625	55.75	0.000443424838498651	1.00166891143938	0.0113474144608588	-0.128252456654933	1
6.875	55.75	0.000443417802352487	1.00225493743429	0.00737094756587412	-0.128881949322523	1
7.125	55.75	0.000443411553319548	1.00255717936013	0.00330837582114055	-0.129614270145361	1
7.375	55.75	0.000443408742870122	1.00257705534645	-0.00067272411474149	-0.130384182601477	1
7.625	55.75	0.000443412381773297	1.00234801207725	-0.00438856760496345	-0.131123805985718	1
7.875	55.75	0.000443424359347253	1.00184649501079	-0.00709301728960664	-0.131783626893089	1
8.125	55.75	0.000443443886846527	1.00134542614667	-0.0106160234233626	-0.132280215396468	1
8.375	55.75	0.000443465411813912	1.0007418192162	-0.011624372414273	-0.132703808772037	1
8.625	55.75	0.000443481769880553	0.999750970674189	-0.0117299244235597	-0.13290397459104	1
8.875	55.75	0.000443483823849874	0.997803083381178	-0.0406234708895594	-0.132828911068975	1
9.125	55.75	0.000443471990645982	0.998772366609836	0.051597403611117	-0.132436908196513	1
9.375	55.75	0.000443435139426192	0.958661951274639	-0.251505094473267	-0.133068237564803	1
9.625	55.75	0.000443405323548784	0.630302936683672	-0.778089674749743	-0.128282221939248	1
9.875	55.75	0.000443376491724394	0.689701633550596	-0.733449548306505	-0.1339634903782	1
10.125	55.75	0.000443349443097418	0.748678219492776	-0.661015814983437	-0.130741718419677	1
10.375	55.75	0.000443313516890911	0.628438276388934	-0.777790731289688	-0.133835124809733	1
10.625	55.75	0.000443271727826807	0.816552607453761	-0.56835018812626	-0.130475457271218	1
10.875	55.75	0.000443226476879213	0.669598946795916	-0.732666152278767	-0.132005114885951	1
11.125	55.75	0.000443178471478238	0.875482650774974	-0.458192784482339	-0.127631127011714	1
11.375	55.75	0.00044314537009401	0.754813353859142	0.670646460296533	-0.126900202751201	1
11.625	55.75	0.000443129579874544	0.847341073614224	0.542362431773759	-0.131224227919722	1
11.875	55.75	0.000443122630724428	0.771075430954543	0.639370524215789	-0.129644239278192	1
12.125	55.75	0.000443123944136954	0.819450796196718	0.576254937685979	-0.131699704716399	1
12.375	55.75	0.000443142560574599	0.801901420255223	0.5881142212053	-0.130522610383897	1
12.625	55.75	0.000443187901015305	0.888484677219123	0.458353493412361	-0.129220100504678	1
12.875	55.75	0.00044325678320826	0.803693071818981	0.604835691793393	-0.1309030160049	1
13.125	55.75	0.000443309673158511	0.838952904777209	0.533598615440629	-0.131878931446821	1
13.375	55.75	0.000443340334788578	0.986042402697797	0.0955502095974114	-0.128505430361618	1
13.625	55.75	0.000443350253586535	0.994002983247015	0.0320735751145438	-0.127418838985449	1
13.875	55.75	0.000443352625510153	0.990594093134004	0.0686467440693426	-0.125973365639063	1
14.125	55.75	0.000443353673699888	0.98880794983231	0.0820438756527143	-0.124123006606358	1
14.375	55.75	0.000443356268138117	0.989019047858644	0.086311731232096	-0.122294906273917	1
14.625	55.75	0.000443360780138116	0.989964606712208	0.0897659840528465	-0.120728213574719	1
14.875	55.75	0.000443366488511293	0.990911819241786	0.0945519921152329	-0.119523361690103	1
15.125	55.75	0.000443372829670888	0.991516938775926	0.100529147177086	-0.11865084607781	1
15.375	55.75	0.000443379323577143	0.991690028864682	0.108264496073841	-0.118040694216887	1
15.625	55.75	0.000443385086471325	0.991407465343503	0.11885523440243	-0.117657632058375	1
15.875	55.75	0.000443389293394414	0.990651745742311	0.132360241327482	-0.117504411511199	1
16.125	55.75	0.000443392228750296	0.989304153196234	0.1482218779	-0.11758710321492	1
16.375	55.75	0.000443396400947237	0.987282829139427	0.16532806844082	-0.11786895876781	1
16.625	55.75	0.000443406521158723	0.984965537893774	0.182260814451297	-0.118283642036125	1
16.875	55.75	0.000443426831719916	0.982443695683269	0.197824035642926	-0.118881404443457	1
17.125	55.75	0.000443460998707658	0.980810249614518	0.207724566412695	-0.119513115432942	1
17.375	55.75	0.000443507916440733	0.979643415569486	0.216233901822582	-0.120301784699105	1
17.625	55.75	0.000443553503093702	0.981019126040997	0.219091958256411	-0.121250005016899	1
17.875	55.75	0.000443571574302357	0.977397402128888	0.225580498143872	-0.122983665741825	1
18.125	55.75	0.000443522549705623	0.994718768076076	0.0651772401398371	-0.122846912952623	1
18.375	55.75	0.000443425733603005	0.924288473464444	-0.330404195232642	-0.121466508968018	1
18.625	55.75	0.000443302063665167	0.954742628804172	-0.244631279921367	-0.114865877814367	1
18.875	55.75	0.000443121339072968	0.490623278598417	-0.847198700660101	-0.11547884515368	1
19.125	55.75	0.000442970811212498	0.602105507431418	-0.775363753701789	-0.108871297294425	1
19.375	55.75	0.000442839095128313	-0.194377096237152	-0.962598350314255	-0.112357699973382	1
19.625	55.75	0.000442721021564592	0.155865266716594	-0.96694014497981	-0.109239130896347	1
19.875	55.75	0.000442647084268011	-0.975994017759278	-0.175747678222298	-0.113046879021214	1
20.125	55.75	0.000442535498974858	-0.136785633489057	-0.972713702825052	-0.112119467711054	1
20.375	55.75	0.000442525865393194	-0.45910251087133	-0.871793871503412	-0.114173769507875	1
20.625	55.75	0.000442536761099649	0.235524024139184	-0.956942883131089	-0.117261286354616	1
20.875	55.75	0.000442570296472859	0.186206645233516	0.991941765544534	-0.111821055052394	1
21.125	55.75	0.000442699228226534	0.774614249774854	0.659933437221472	-0.119641954256513	1
21.375	55.75	0.000442846577537138	0.492850408074031	0.862241066875108	-0.118938437029773	1
21.625	55.75	0.000443012110843317	0.537927945161842	0.850627594335416	-0.118746003308221	1
21.875	55.75	0.000443160410980432	0.51951306805796	0.852828578392605	-0.120806922644435	1
22.125	55.75	0.000443239559732968	0.458900087650812	0.88773527963808	-0.119643766858909	1
22.375	55.75	0.000443255949409857	0.801440994348665	-0.571322912865403	-0.120255569132301	1
22.625	55.75	0.000443243865871005	0.722116003553373	-0.676607534451295	-0.114601109545966	1
22.875	55.75	0.000443238377998284	0.927132970912889	-0.381377333725981	-0.115949809336011	1
23.125	55.75	0.000443248957345611	0.936552257658505	-0.362043780274804	-0.116731905801337	1
23.375	55.75	0.000443299025984028	0.951191912489014	-0.305828298758495	-0.118397699159969	1
23.625	55.75	0.000443380077895447	0.987211856140209	-0.0845914825039211	-0.116682928259281	1
23.875	55.75	0.000443474477204059	0.974217995879656	0.204705077171492	-0.113989841818716	1
24.125	55.75	0.000443572809672023	0.964233343486773	0.273327810008101	-0.114399363242305	1
24.375	55.75	0.000443670849759658	0.965418760256634	0.259339784686338	-0.115086707262552	1
24.625	55.75	0.000443751754534795	0.976883812072851	0.204885411785182	-0.114365288073303	1
24.875	55.75	0.000443801221786473	0.991866326419217	0.140678609063036	-0.114391392680904	1
25.125	55.75	0.000443835810491684	0.999526538002756	0.0983170236340024	-0.115449788611052	1
25.375	55.75	0.000443877391779637	1.00219813293086	0.068507249905458	-0.116721082545101	1
25.625	55.75	0.000443938236756189	1.00243047519072	0.0551098145048582	-0.117879033457075	1
25.875	55.75	0.000444020465544376	1.00133617719381	0.0612064789684748	-0.118855964940069	1
26.125	55.75	0.000444111684516279	0.999199239094388	0.0821611286355548	-0.119641379921676	1
26.375	55.75	0.000444177198278116	0.996159271107768	0.110226302233002	-0.120298663316817	1
26.625	55.75	0.000444154853480019	0.989915470268527	0.140355079050735	-0.120910949551357	1
26.875	55.75	0.000443974221610478	0.976188776827349	0.125372171232379	-0.120248417201071	1
27.125	55.75	0.00044368712437848	0.949749099199957	-0.174374657198812	-0.112748804058591	1
27.375	55.75	0.000443396253607499	0.853968846350906	-0.48260549535489	-0.103590989098928	1
27.625	55.75	0.000443117103233984	0.858583969318321	-0.512460512131858	-0.103473488056093	1
27.875	55.75	0.000442929994967339	0.887383778330532	-0.465863314110856	-0.103786863509228	1
28.125	55.75	0.000442811681888416	0.864819162763826	-0.505928675332371	-0.105443172029966	1
28.375	55.75	0.000442741236643936	0.902162361810176	-0.439967461419379	-0.105087254046331	1
28.625	55.75	0.000442743048246123	0.905953911994257	-0.456353131609434	-0.107867181130182	1
28.875	55.75	0.00044281118126592	0.867035403654684	-0.496126054223823	-0.112410411398612	1
29.125	55.75	0.000442866234908088	0.675160000299229	0.753294581547021	-0.10830052895477	1
29.375	55.75	0.000442986427988946	0.835519982625754	0.566636823811941	-0.116036447426179	1
29.625	55.75	0.00044317383876057	0.777646290954675	0.629647125526571	-0.113377512472063	1
29.875	55.75	0.000443423075554685	0.818616731172614	0.583717730526686	-0.115603978250315	1
30.125	55.75	0.000443743149190285	0.809826170482904	0.582689574375492	-0.116371951943664	1
30.375	55.75	0.000444004673589889	0.851610646586728	0.490303887079541	-0.114600356336242	1
30.625	55.75	0.000444170691353041	0.960161442208466	0.182527399024107	-0.10798943685837	1
30.875	55.75	0.000444245516559144	0.987019166494011	0.0568609029894718	-0.103727823716695	1
31.125	55.75	0.000444281517510032	0.992444411874199	0.0611278566970023	-0.102393469686497	1
31.375	55.75	0.000444320399066155	0.99179091617849	0.055380125765849	-0.100905415750248	1
31.625	55.75	0.000444368628804041	0.991990981664183	0.0298437168611036	-0.0990760293968077	1
31.875	55.75	0.000444420429544253	0.992287312312946	-0.000990785524266058	-0.0971703441819777	1
32.125	55.75	0.000444466119236585	0.991477488198499	-0.0278144307222798	-0.095283092885396	1
32.375	55.75	0.000444499228160548	0.988769573521629	-0.0499461147987755	-0.0931686925588964	1
32.625	55.75	0.000444519512750652	0.983862379442439	-0.0703350677294818	-0.0903702119485716	1
32.875	55.75	0.000444530484491188	0.976926252957516	-0.0917162168468875	-0.0864506034087996	1
33.125	55.75	0.000444535372546755	0.968356641053956	-0.115599885082869	-0.0811120735364784	1
33.375	55.75	0.000444532642307963	0.958761040149882	-0.141768410327892	-0.0742344230002801	1
33.625	55.75	0.000444512823784991	0.94920144335032	-0.166872232132563	-0.065889726865052	1
33.875	55.75	0.000444463579271624	0.941314662584343	-0.182988503993542	-0.0562686513991311	1
34.125	55.75	0.000444389045354917	0.936708887779753	-0.178086512913917	-0.0454334040633668	1
34.375	55.75	0.000444335564188746	0.935960883112341	-0.136441863523215	-0.0330069262091083	1
34.625	55.75	0.000444394721568857	0.936796667996331	-0.0428085926468567	-0.0183548947191071	1
34.875	55.75	0.000444658310189013	0.931635039261034	0.0840051293237847	-0.00197691638029552	1
35.125	55.75	0.000445198350893237	0.924521854697518	0.169987254248196	0.0139997606294245	1
35.375	55.75	0.000446124356866218	0.930430236748191	0.16408037710199	0.0284683435400865	1
35.625	55.75	0.000447504159480557	0.944726415492324	0.0936224698241989	0.0420716101696357	1
35.875	55.75	0.000449029798500336	0.95733365162972	0.0458576881716893	0.0540047026460404	1
36.125	55.75	0.000449705685548347	0.955014754962918	-0.123197986295196	0.063027856263962	1
36.375	55.75	0.000447990942274496	0.675275827644365	-0.744636004239819	0.0729217214817024	1
36.625	55.75	0.000442116964701561	0.568385719259973	-0.860040887174691	0.0643387746765102	1
36.875	55.75	0.000430877315018436	0.779754891356733	-0.65115956343681	0.0615087596043646	1
37.125	55.75	0.000415183906047043	0.598721962369105	-0.821163361058734	0.05791184342813	1
37.375	55.75	0.000400431544507132	0.699898925769994	-0.62962577105198	0.0531421873011568	1
0.125	56.25	0.000443668977274857	0.78221614442518	0.647243760403635	-0.126580918882275	1
0.375	56.25	0.000443693198672093	0.484096905034376	-0.85434198798496	-0.132897910973619	1
0.625	56.25	0.000443710273110695	0.894633307558287	-0.393561472976194	-0.122270365348223	1
0.875	56.25	0.000443749775211024	0.57180113587494	-0.805631018725948	-0.12317547455367	1
1.125	56.25	0.000443747714179402	0.693752272534576	-0.713602738000978	-0.119671241835817	1
1.375	56.25	0.0004437401451209	0.760692490679944	0.669245234997134	-0.12180656961698	1
1.625	56.25	0.000443727300148634	0.822846942941145	0.576792529884048	-0.124856426492806	1
1.875	56.25	0.000443714598785064	0.791452860437229	0.628352784342682	-0.123486624381872	1
2.125	56.25	0.000443721562178543	0.81514275526337	0.584736997181845	-0.129052693935634	1
2.375	56.25	0.000443716428225659	0.905115554571238	0.422459371806077	-0.124677476528397	1
2.625	56.25	0.000443718279813372	0.887350035602115	-0.447089166324281	-0.127998624616335	1
2.875	56.25	0.000443727844303785	0.956795773109255	-0.236815406568085	-0.1220496229576	1
3.125	56.25	0.000443735044475593	0.433055425704671	-0.896936182841781	-0.120924977269404	1
3.375	56.25	0.000443713590693378	1.00428216539043	-0.0554596874361368	-0.120897130575265	1
3.625	56.25	0.000443696131537304	1.00015596556864	0.138711576736794	-0.124091617409653	1
3.875	56.25	0.000443682904634743	0.969802005351236	0.275345043985418	-0.125993428276104	1
4.125	56.25	0.000443667914548295	0.936155603401847	0.367073662394884	-0.128220869684449	1
4.375	56.25	0.00044365094898423	0.923637670311241	0.388939289874899	-0.128801376039939	1
4.625	56.25	0.000443632218654293	0.915286048795832	0.420425534931752	-0.129493380383339	1
4.875	56.25	0.00044360992497403	0.803018312873716	0.597194141815991	-0.132370317681435	1
5.125	56.25	0.000443585337801067	0.890809425695556	0.438677923566387	-0.129911463369368	1
5.375	56.25	0.000443567574452696	0.994689043395394	0.063536952382144	-0.12923914751128	1
5.625	56.25	0.000443555031634744	0.996416895125802	0.0318555361821335	-0.128479837503792	1
5.875	56.25	0.000443545089117284	0.997840335769901	0.0211688051565934	-0.127920830383632	1
6.125	56.25	0.000443535734600538	0.999330458382875	0.0172388912165185	-0.127733096053361	1
6.375	56.25	0.000443525823229452	1.0005876880869	0.0141252335120863	-0.12788133535926	1
6.625	56.25	0.000443514590557961	1.00154760301506	0.0104133064001526	-0.128297693078228	1
6.875	56.25	0.000443501782082183	1.00218787116572	0.00661493768504507	-0.128903120977155	1
7.125	56.25	0.000443487815009748	1.00252752734602	0.00295239683992168	-0.129623507954707	1
7.375	56.25	0.000443473847101487	1.00258466715597	-0.000526622380100717	-0.130390034643977	1
7.625	56.25	0.000443461678887901	1.00237779127544	-0.00366931809114025	-0.131136810370035	1
7.875	56.25	0.000443453238576979	1.00199188832363	-0.00649205027168548	-0.131803043765532	1
8.125	56.25	0.000443449594409338	1.00143104425587	-0.00839971401881254	-0.132363548505926	1
8.375	56.25	0.00044345048437242	1.00081228739366	-0.0107857033298561	-0.132756160801952	1
8.625	56.25	0.000443452652841671	1.00038996919804	-0.0149484465095603	-0.133016979875576	1
8.875	56.25	0.000443453171242012	0.99821097424092	-0.0034998582296655	-0.133223760164597	1
9.125	56.25	0.000443446999334094	1.00010547580958	-0.0331294089518418	-0.132341381813553	1
9.375	56.25	0.000443424805308103	0.994943098076074	0.0168643188383128	-0.133770317574857	1
9.625	56.25	0.000443393116852739	0.947045502972842	-0.284440401818527	-0.130100298778493	1
9.875	56.25	0.000443351338605525	0.535876774331971	-0.845821716096595	-0.128715037710774	1
10.125	56.25	0.000443314493518256	0.803456346177933	-0.60694598524053	-0.130445776441932	1
10.375	56.25	0.000443267690281271	0.611074518320244	-0.791880103962173	-0.132185876058454	1
10.625	56.25	0.000443216987102112	0.763054762720272	-0.647760101967894	-0.130367123499754	1
10.875	56.25	0.000443168995131634	0.645622929648687	-0.760770374067857	-0.132860155683257	1
11.125	56.25	0.000443126988972715	0.791251333696066	-0.59804579259264	-0.129540161919929	1
11.375	56.25	0.000443104196347178	0.720801076638924	0.701960924392131	-0.129561463940453	1
11.625	56.25	0.000443098593051695	0.815412701197077	0.576630679081389	-0.131637607751827	1
11.875	56.25	0.000443094014636451	0.744635257124761	0.666041515808095	-0.129190808409919	1
12.125	56.25	0.000443089850658193	0.82802590376592	0.552710184215511	-0.13115766074542	1
12.375	56.25	0.000443101427541483	0.838607994280038	0.533975465509856	-0.127574355608662	1
12.625	56.25	0.000443123803071423	0.859669193449943	0.526754943818317	-0.128801186964675	1
12.875	56.25	0.000443151626517699	0.752608530870616	0.660829464028363	-0.131677114026591	1
13.125	56.25	0.000443159288036398	0.929713015903145	0.347216077055949	-0.129438119429584	1
13.375	56.25	0.000443154814794444	0.99281804663937	0.0221004848742068	-0.128151610888548	1
13.625	56.25	0.000443141957660171	0.990586502379162	-0.0456541902151581	-0.12616295965363	1
13.875	56.25	0.00044312758348608	0.989956852070165	-0.0658869579553796	-0.124162320936017	1
14.125	56.25	0.000443114813696205	0.990995410970794	-0.0657317509952273	-0.122422065295217	1
14.375	56.25	0.000443104749787554	0.991882965543898	-0.0682237553798234	-0.120939876577574	1
14.625	56.25	0.000443096879495435	0.992254433889575	-0.0774858214841255	-0.119732611034785	1
14.875	56.25	0.000443090505389643	0.991962017665619	-0.0911621767194272	-0.118779619193958	1
15.125	56.25	0.000443085325530529	0.991184294838657	-0.104366648479445	-0.118009980982719	1
15.375	56.25	0.000443081131303185	0.990264724976418	-0.114160002646011	-0.117321750210604	1
15.625	56.25	0.000443077230820967	0.989371860244041	-0.121355040766561	-0.116634255751274	1
15.875	56.25	0.00044307246372651	0.988514193422482	-0.12804099892051	-0.115926807225969	1
16.125	56.25	0.000443065929012352	0.987657165254223	-0.135584309714273	-0.115227167273289	1
16.375	56.25	0.000443058022582505	0.986806261989031	-0.143995915203836	-0.114585257994388	1
16.625	56.25	0.000443051157964003	0.986144351632252	-0.151844132936869	-0.114045061634292	1
16.875	56.25	0.000443048869274952	0.985753662724156	-0.15836345137255	-0.113652576411229	1
17.125	56.25	0.000443054442184525	0.98586586683035	-0.160724322071476	-0.113418720266343	1
17.375	56.25	0.000443069558366854	0.985710332599794	-0.164231396021139	-0.113269379929404	1
17.625	56.25	0.000443090826482572	0.985851560357104	-0.165777693525982	-0.113245956012439	1
17.875	56.25	0.00044310900337658	0.985006956976568	-0.175845589035278	-0.113300435732187	1
18.125	56.25	0.000443123485953671	1.00144138512776	-0.105944406554259	-0.113662078930506	1
18.375	56.25	0.000443117530015086	1.00606847128303	-0.0376797823195777	-0.116901159356316	1
18.625	56.25	0.000443083767668197	1.01375535669717	0.0734023355579646	-0.11721563564581	1
18.875	56.25	0.000443005666373386	1.01518805502873	0.113397582662758	-0.125337808394854	1
19.125	56.25	0.000442937997686857	0.921096569293732	0.415858232985909	-0.128330874147965	1
19.375	56.25	0.000442860606419356	0.975255361136289	0.279593309679889	-0.130306535578745	1
19.625	56.25	0.000442785026199092	0.740423083288557	0.681238334268109	-0.135956237467382	1
19.875	56.25	0.000442687586608508	0.995790929033191	-0.0314937106377222	-0.132223189178675	1
20.125	56.25	0.000442547944140727	0.884685407210622	-0.441215855976357	-0.134283078185826	1
20.375	56.25	0.000442451771522531	0.939388775276943	-0.299216047177849	-0.127215110433688	1
20.625	56.25	0.000442436445409107	0.82985283571195	-0.562316669542412	-0.127642568452032	1
20.875	56.25	0.000442457521550146	0.207202980325055	-0.970194740881972	-0.128445275546897	1
21.125	56.25	0.000442533163282492	0.965888063538289	0.117356413614244	-0.126481882089103	1
21.375	56.25	0.000442630113710224	0.21902371185937	0.975764613804224	-0.11523418377381	1
21.625	56.25	0.000442734605854347	0.8839789231958	0.47963181575489	-0.126312043074119	1
21.875	56.25	0.000442811107503336	0.563621769093924	0.817535531294839	-0.118504849849408	1
22.125	56.25	0.000442838615978064	1.01453205265025	0.128633750769079	-0.124240482621721	1
22.375	56.25	0.000442840795521342	1.00732045819014	0.0795258657135824	-0.129960102082483	1
22.625	56.25	0.000442801034040096	0.89538767363739	-0.365904429563471	-0.129588064676037	1
22.875	56.25	0.000442793536396579	0.923539994186966	-0.257664658586455	-0.114746694434324	1
23.125	56.25	0.000442765766534382	0.917848463670932	0.379025331644447	-0.109651013125266	1
23.375	56.25	0.000442765446456974	0.926490807481188	0.382661191500191	-0.110755093977352	1
23.625	56.25	0.000442821305506057	0.931005945924523	0.381905367046414	-0.110744954313027	1
23.875	56.25	0.000442895866032226	0.95536756539419	0.32739847630189	-0.113627409023095	1
24.125	56.25	0.000442978019369111	0.95978297534046	0.288696130473117	-0.1156661466174	1
24.375	56.25	0.000443054102635703	0.966987392117264	0.229528524091323	-0.114904067956903	1
24.625	56.25	0.000443104786473883	0.989809714941411	0.0822913851263406	-0.112806287522677	1
24.875	56.25	0.000443128929149539	0.998662739317369	-0.0394436523750053	-0.111720753264189	1
25.125	56.25	0.000443141581716901	1.00104578294616	-0.0892762190796042	-0.112651612072614	1
25.375	56.25	0.000443158850914683	0.999795332580504	-0.110367441615528	-0.114366099623931	1
25.625	56.25	0.000443190502479965	0.995055905020511	-0.131377559098397	-0.115746328666573	1
25.875	56.25	0.000443241149049473	0.9878190593941	-0.160580364275842	-0.116385776515033	1
26.125	56.25	0.000443307823899871	0.978145209760466	-0.200659695158025	-0.116320222779022	1
26.375	56.25	0.000443376256920387	0.964986979861974	-0.253048436429903	-0.115836566964141	1
26.625	56.25	0.000443418184823525	0.946775076194697	-0.316122297519221	-0.115368929211271	1
26.875	56.25	0.000443390763160015	0.922432061847869	-0.379055323652883	-0.115285361464297	1
27.125	56.25	0.000443262404367876	0.874900273846895	-0.454381661215532	-0.114763475624804	1
27.375	56.25	0.000443072044882965	0.701624768417917	-0.676665064594703	-0.110904604314539	1
27.625	56.25	0.000442876642916484	0.560460997919134	-0.810939422064935	-0.106910519048574	1
27.875	56.25	0.000442701758525852	0.654879492217503	-0.752002581184477	-0.10647968159978	1
28.125	56.25	0.000442597481676503	0.576415040958692	-0.80701454142422	-0.10811747725898	1
28.375	56.25	0.000442518536480384	0.721893922018565	-0.685888498614291	-0.104607965070524	1
28.625	56.25	0.000442536647036425	0.536127411002223	-0.843656431048052	-0.107338376759847	1
28.875	56.25	0.000442520795151105	0.789255778278934	0.609123459784703	-0.106344922413082	1
29.125	56.25	0.000442535953832185	0.556834327188393	0.841127798789729	-0.104756849736778	1
29.375	56.25	0.000442680051196237	0.783340639459969	0.631107569228776	-0.110810695610698	1
29.625	56.25	0.000442852473578339	0.616743620975348	0.793401408881816	-0.108264496688563	1
29.875	56.25	0.000443081777482778	0.723722337890364	0.696454349586205	-0.113393663524285	1
30.125	56.25	0.00044332752149063	0.707116017110983	0.693017015094676	-0.11149628222711	1
30.375	56.25	0.000443515514438517	0.871370783572172	0.46429154284868	-0.109774066697649	1
30.625	56.25	0.000443609696370381	0.949029602381899	0.275533480351782	-0.107076158486011	1
30.875	56.25	0.000443637770189818	0.977770963015271	0.142687626889174	-0.104356346978152	1
31.125	56.25	0.000443666806633461	0.987513504603153	0.0578695235638172	-0.101208930621428	1
31.375	56.25	0.000443703726664486	0.993000015602189	0.0189543700158655	-0.0990467856656953	1
31.625	56.25	0.000443738755884398	0.995865477557342	0.00140828747815058	-0.0978722061287182	1
31.875	56.25	0.000443768602684107	0.996015065627104	-0.0110021755012265	-0.0970370108451878	1
32.125	56.25	0.000443793387424673	0.994047299581217	-0.0249116540208761	-0.0959647252853371	1
32.375	56.25	0.000443811782289951	0.990472232688257	-0.0415381439703757	-0.0942796366146282	1
32.625	56.25	0.000443821311312655	0.985439361399939	-0.060165375486387	-0.0917123318406174	1
32.875	56.25	0.000443820588297107	0.978894343849708	-0.0805087972384117	-0.0880101710391325	1
33.125	56.25	0.000443809423948754	0.970802703196725	-0.103291505187814	-0.0829297608745105	1
33.375	56.25	0.000443785351171324	0.961366862497287	-0.129180449786882	-0.0762997068989328	1
33.625	56.25	0.000443738867213277	0.951286666775055	-0.156357813374521	-0.068104237409391	1
33.875	56.25	0.000443655081353792	0.941964653464508	-0.17779427806792	-0.0584786214046115	1
34.125	56.25	0.000443531541219462	0.935236970140478	-0.179888482545586	-0.0474735266102943	1
34.375	56.25	0.000443409279616147	0.932873314170243	-0.141538050816696	-0.0346259080320734	1
34.625	56.25	0.000443379801952962	0.933643283005498	-0.042892845317272	-0.0191922275386901	1
34.875	56.25	0.000443530587565839	0.929187172026273	0.0862851106540213	-0.00202996281089641	1
35.125	56.25	0.00044393833337695	0.925584199427393	0.16067216280354	0.0142435401598525	1
35.375	56.25	0.000444752962929576	0.934278236443973	0.142955132269617	0.0286081635809524	1
35.625	56.25	0.000446108302438572	0.946741789258599	0.0669494840531633	0.041978658353172	1
35.875	56.25	0.00044778087705683	0.958077869708739	-0.00272428664768175	0.0541800259050822	1
36.125	56.25	0.000448841890006035	0.960604461051318	-0.00851076894689185	0.0630414940915343	1
36.375	56.25	0.00044761083503919	0.947317948288899	-0.216537509300018	0.0740419662362252	1
36.625	56.25	0.000442148475073277	0.547590682327994	-0.858826817724115	0.0780444150101667	1
36.875	56.25	0.000431132439314823	0.74491010425283	-0.716060956194797	0.0690965036969301	1
37.125	56.25	0.00041571168760003	0.68319594534774	-0.768790567893617	0.0635815365695484	1
37.375	56.25	0.000400968625424327	0.594735138806963	-0.747632912219184	0.0533525855724396	1
0.125	56.75	0.000443782851891089	0.857534324435064	0.521623434687723	-0.130099646208685	1
0.375	56.75	0.000443812892797584	0.644776913230054	-0.771616037421907	-0.132529189046887	1
0.625	56.75	0.000443830027551066	0.569551832367646	-0.819092508962394	-0.131147314522644	1
0.875	56.75	0.000443852907533974	0.939643413230589	-0.292356092437406	-0.13199042413277	1
1.125	56.75	0.000443853959052034	0.436117324892624	-0.895429011068881	-0.123578370481524	1
1.375	56.75	0.000443830316381039	0.97559073770777	0.243829429236163	-0.13106673482733	1
1.625	56.75	0.000443793372007473	0.582581571011644	0.810138488246299	-0.126284875202926	1
1.875	56.75	0.000443775907224358	0.831296477995961	0.57009103439598	-0.130330023562853	1
2.125	56.75	0.000443766136512241	0.586668653628792	0.804323805573329	-0.130166414822528	1
2.375	56.75	0.00044376757977248	0.751237265169683	0.666651489382731	-0.129025717245692	1
2.625	56.75	0.000443787317783644	0.402964317353535	0.916747747309937	-0.132302255568856	1
2.875	56.75	0.000443795197113063	0.973464505446349	-0.221400532367883	-0.130559244464673	1
3.125	56.75	0.000443800783308291	0.354702795068088	-0.927357216643668	-0.132046636855891	1
3.375	56.75	0.000443789367364769	0.816502249187913	-0.562721016073531	-0.129313754223801	1
3.625	56.75	0.000443774002827077	0.716953360666125	0.701733899521466	-0.128829081838418	1
3.875	56.75	0.000443766326662407	0.872541823806834	0.493494116124904	-0.130753921237405	1
4.125	56.75	0.000443752722017763	0.82204926027893	0.562078041726272	-0.130018838541743	1
4.375	56.75	0.000443742829607486	0.908910366418478	0.421018290043769	-0.129426312618874	1
4.625	56.75	0.000443729117270886	0.848449475405781	0.534925532167374	-0.131070240082848	1
4.875	56.75	0.000443707925830875	0.817329970338865	0.566971390902434	-0.130987781140633	1
5.125	56.75	0.000443686835470968	0.988093363767805	0.107026258853309	-0.128914150253513	1
5.375	56.75	0.000443670377742871	0.997167832609813	-0.00836778538680714	-0.128131752397423	1
5.625	56.75	0.00044365526228737	0.998419417075789	0.00333086711529673	-0.127733449208185	1
5.875	56.75	0.00044364047256726	0.999202578653633	0.00996398083546715	-0.127563848632681	1
6.125	56.75	0.000443625659690788	1.00000061950144	0.0119141045866649	-0.127580056448311	1
6.375	56.75	0.000443610284595708	1.00089396107043	0.0108687665525532	-0.127820447917141	1
6.625	56.75	0.000443593841562681	1.00168085879523	0.00842646636739919	-0.128277374883461	1
6.875	56.75	0.000443576028134394	1.00223987510658	0.00552934731879069	-0.128899453927262	1
7.125	56.75	0.000443556818924171	1.0025463960791	0.00255122631966072	-0.129625859170852	1
7.375	56.75	0.000443536568679397	1.00260044565528	-0.000353689118396432	-0.130395236818784	1
7.625	56.75	0.000443516101551558	1.00241889383281	-0.00305293407705758	-0.131147036962418	1
7.875	56.75	0.000443496630256398	1.00202966683019	-0.00540093206627257	-0.131827763702486	1
8.125	56.75	0.000443479495409512	1.00150579713274	-0.00762812258221406	-0.132389614752283	1
8.375	56.75	0.000443465565099546	1.00086019331392	-0.0095333157697663	-0.13281486950599	1
8.625	56.75	0.000443455253037612	0.999820314748987	-0.0107016933224289	-0.133061140281072	1
8.875	56.75	0.0004434472112201	0.999104507080259	-0.0197564787035903	-0.132970989566814	1
9.125	56.75	0.000443437671612915	0.998143647944234	0.0118149475832821	-0.132927724422025	1
9.375	56.75	0.000443414954130181	0.994453085994187	-0.0796244039343214	-0.132284660654947	1
9.625	56.75	0.000443383065868604	0.993205139950345	0.115764740860518	-0.131937649837528	1
9.875	56.75	0.000443321675556879	0.860902229401024	-0.488157514873303	-0.132399835055862	1
10.125	56.75	0.000443253956634563	0.595932719359966	-0.803796938583444	-0.127403221287851	1
10.375	56.75	0.000443186964771526	0.75518709237294	-0.663620294976259	-0.13299803971396	1
10.625	56.75	0.000443120896264537	0.702781756265515	-0.710717387751974	-0.129895070771457	1
10.875	56.75	0.000443064258237978	0.703473232474778	-0.717739767262999	-0.133069065266124	1
11.125	56.75	0.000443027554258046	0.750809461425115	-0.655023219898663	-0.131865259530784	1
11.375	56.75	0.000443019458503369	0.800749278507103	0.594311793879248	-0.131889753414124	1
11.625	56.75	0.000443027955559468	0.824895313088268	0.555110779935115	-0.130792573012852	1
11.875	56.75	0.00044303111761586	0.843090620007784	0.530557212656571	-0.129779650619785	1
12.125	56.75	0.000443034816055235	0.876431430886653	0.471151543350271	-0.129314606934055	1
12.375	56.75	0.000443047010895581	0.893975682715601	0.462489498164644	-0.12785477718954	1
12.625	56.75	0.000443063153258929	0.808267198610857	0.605712197234799	-0.132572392443811	1
12.875	56.75	0.000443069379519901	0.853263129670852	0.511054526902195	-0.132366141855172	1
13.125	56.75	0.000443063095105334	0.992012278101865	0.0122827623948697	-0.130170787424583	1
13.375	56.75	0.000443050205629804	0.993764485315417	-0.0196297883008098	-0.128609978012609	1
13.625	56.75	0.000443031129745661	0.993430520772602	0.026776100581364	-0.127347773524945	1
13.875	56.75	0.000443009822885652	0.991169743533874	0.0537073393690231	-0.125710679825759	1
14.125	56.75	0.000442989334066364	0.990223988901645	0.0660413002154578	-0.123867955460775	1
14.375	56.75	0.000442970590723678	0.990469458303344	0.0737155952274509	-0.122131558042163	1
14.625	56.75	0.000442953495767423	0.991101434609031	0.0818045542585326	-0.120681755691031	1
14.875	56.75	0.000442937661580384	0.991648936732876	0.0905291203201174	-0.119578075440522	1
15.125	56.75	0.000442922888226447	0.991968968019078	0.0984740539448449	-0.118780550497798	1
15.375	56.75	0.000442909013125906	0.992053095712911	0.105780032976533	-0.11821387601272	1
15.625	56.75	0.000442895575172699	0.991908005625911	0.113736747521074	-0.11783069340792	1
15.875	56.75	0.000442881879725684	0.991576168126796	0.122801423272655	-0.117625030354161	1
16.125	56.75	0.000442867467896382	0.991079375806949	0.132643782463915	-0.117607207875529	1
16.375	56.75	0.000442852632462251	0.990443149346872	0.142457973695124	-0.117775997288674	1
16.625	56.75	0.000442838473735693	0.98981624061258	0.151021090603878	-0.11810858424085	1
16.875	56.75	0.000442826484517978	0.989352801035684	0.157363350865983	-0.118583251222365	1
17.125	56.75	0.000442818556508011	0.989373322644428	0.16092206073334	-0.119161957485245	1
17.375	56.75	0.00044281446811618	0.990170026435464	0.161233211661102	-0.119918154894285	1
17.625	56.75	0.000442808318314488	0.990874584612791	0.158658983811862	-0.120901541999242	1
17.875	56.75	0.000442787274836523	0.98854713958911	0.131362076930971	-0.121773968863243	1
18.125	56.75	0.000442756510575161	0.988769266161758	-0.0713674895399344	-0.119580059644501	1
18.375	56.75	0.000442726746276881	0.93730325471516	-0.315789996252772	-0.1177554609012	1
18.625	56.75	0.000442707497292825	0.929620996680001	-0.342480071627756	-0.114646499499947	1
18.875	56.75	0.000442668113456492	0.848065676805799	-0.5248895483062	-0.11400115697855	1
19.125	56.75	0.000442623972433034	0.817729990262796	-0.572798382264385	-0.113716804515462	1
19.375	56.75	0.000442574714156381	0.835244215480034	-0.550109588108846	-0.113645100994979	1
19.625	56.75	0.000442512045279902	0.690763156170895	-0.723545579823798	-0.114538276605942	1
19.875	56.75	0.000442437125885065	0.898905756032983	-0.443462529951314	-0.11391029047849	1
20.125	56.75	0.00044235063590819	0.811975839843001	-0.596220612847476	-0.116939230835718	1
20.375	56.75	0.000442271831858173	0.625526609924126	-0.77412074393281	-0.117564202388395	1
20.625	56.75	0.000442250442199255	0.803323792208915	0.59892939741508	-0.115745561553464	1
20.875	56.75	0.000442269456093971	0.599362632124374	0.802414186382025	-0.119094925222582	1
21.125	56.75	0.000442326841181866	0.534608047251677	0.840612351004057	-0.116566438668382	1
21.375	56.75	0.000442381687971361	0.710388290768233	0.712343546334988	-0.119458541765282	1
21.625	56.75	0.000442422542406709	0.853967751217977	0.500698439425574	-0.119826340288224	1
21.875	56.75	0.000442442570944654	0.916040179244641	0.414889700791036	-0.115524913907977	1
22.125	56.75	0.00044244411791167	1.0122526887076	0.0576235729208859	-0.12249824787647	1
22.375	56.75	0.000442426209735813	0.96426746909846	-0.287154730674092	-0.122633509626671	1
22.625	56.75	0.000442385243171705	0.955686666363876	-0.309143148812857	-0.125745006454856	1
22.875	56.75	0.000442364749148557	0.793953651568852	-0.57321343267869	-0.125112536252598	1
23.125	56.75	0.000442373553197596	0.884872909530937	-0.437993291675366	-0.118122355641609	1
23.375	56.75	0.000442395993913016	0.937969178735052	-0.356630683273591	-0.120125259159939	1
23.625	56.75	0.000442449162522669	0.964959696031312	-0.234755185168314	-0.120069241390753	1
23.875	56.75	0.00044250231428571	0.979665559919311	0.138997748648393	-0.116826874653335	1
24.125	56.75	0.00044255442633206	0.95665953477295	0.270235673192644	-0.114896751105711	1
24.375	56.75	0.000442601974648875	0.973959707199341	0.204227146476722	-0.113941272508557	1
24.625	56.75	0.000442635294188345	0.99000498812371	0.129894519914007	-0.112734345699329	1
24.875	56.75	0.000442652902686969	0.999862662932856	0.0921230222245898	-0.11341050280195	1
25.125	56.75	0.000442668284945137	1.00305311633934	0.0762199924298231	-0.11494938701901	1
25.375	56.75	0.000442687673801113	1.00360660874762	0.0652947217289798	-0.116542687280447	1
25.625	56.75	0.00044271495163638	1.00303362713539	0.0635443965186016	-0.117979372108329	1
25.875	56.75	0.000442755928118155	1.00162225710048	0.0749900608274975	-0.119232009037939	1
26.125	56.75	0.000442817450715194	0.99925045916379	0.0993110506049067	-0.120356297652656	1
26.375	56.75	0.000442903258717306	0.995512492713841	0.132836176429911	-0.121476940421705	1
26.625	56.75	0.000443006298163285	0.990051125964105	0.169390511227369	-0.122677426148758	1
26.875	56.75	0.000443095771282728	0.984381363836695	0.203291633714989	-0.12385699186637	1
27.125	56.75	0.000443095007020132	0.966121517153613	0.250203107269934	-0.125436515024785	1
27.375	56.75	0.000442922129311306	0.970330158625319	0.12966095063118	-0.122749220896504	1
27.625	56.75	0.000442660588397003	0.860248907822114	-0.447706814377001	-0.114460940086429	1
27.875	56.75	0.000442483425706344	0.850821592252657	-0.513051951503549	-0.107994741227714	1
28.125	56.75	0.00044237967896853	0.821103927220546	-0.569551608318008	-0.112155003680655	1
28.375	56.75	0.000442353850590818	0.880366955636984	-0.457273704707258	-0.108508817089136	1
28.625	56.75	0.00044239714035129	0.848227352314357	-0.547408117338461	-0.109201936391821	1
28.875	56.75	0.000442486389283725	0.828513929903021	-0.576827404747736	-0.113757694792692	1
29.125	56.75	0.000442568763169523	0.802837693398923	0.610744687914998	-0.114239834489923	1
29.375	56.75	0.00044268850316155	0.85590340507632	0.524030158528801	-0.118041683175837	1
29.625	56.75	0.000442816440135415	0.818608839419541	0.570232304677795	-0.116480336828054	1
29.875	56.75	0.000442957392209511	0.870556734444013	0.462518650133961	-0.116503123188966	1
30.125	56.75	0.000443108352233544	0.947010961459988	0.236327265462509	-0.109822787912293	1
30.375	56.75	0.000443192142954447	0.986197041341487	0.0185370973981421	-0.104945747358656	1
30.625	56.75	0.000443238367301367	0.994045232791838	-0.016634696384647	-0.103060688747329	1
30.875	56.75	0.000443270786086845	0.99586040437822	0.00209984820315029	-0.102092561517278	1
31.125	56.75	0.00044329264709456	0.99519535815482	0.021375598405038	-0.101060570117736	1
31.375	56.75	0.000443308534728463	0.994719811652982	0.0249879160547774	-0.0998673617070793	1
31.625	56.75	0.000443319497184209	0.994831991451035	0.0158614026169332	-0.0986387255569457	1
31.875	56.75	0.000443323436145021	0.99474999576331	0.00128911176899357	-0.0974133916273753	1
32.125	56.75	0.000443317068236168	0.993749683276278	-0.0141212949664067	-0.0960831879199963	1
32.375	56.75	0.000443297655886167	0.991393047428052	-0.0289613545448098	-0.0944057700248365	1
32.625	56.75	0.000443263709691305	0.987478318207032	-0.0436250758524304	-0.0920587973130787	1
32.875	56.75	0.00044321465279456	0.981942388804377	-0.0593114987855591	-0.0887013545418726	1
33.125	56.75	0.000443149839945796	0.974777043107284	-0.077669178124208	-0.0840168374659465	1
33.375	56.75	0.00044306648540644	0.966059872090288	-0.100251131385683	-0.0777544879110201	1
33.625	56.75	0.000442956713682145	0.956144228699811	-0.126665748280459	-0.0697917234261264	1
33.875	56.75	0.000442808552336485	0.945949103913158	-0.151105185595707	-0.0601622596120541	1
34.125	56.75	0.000442621032782822	0.937149353789064	-0.158828658054319	-0.0488664826303369	1
34.375	56.75	0.000442434134341251	0.93244115781413	-0.124109920437741	-0.0354147490376055	1
34.625	56.75	0.000442331770643132	0.931524382168093	-0.0256476774631492	-0.0191785293715884	1
34.875	56.75	0.000442382166486436	0.927065323261379	0.0955421984269873	-0.00147079245190195	1
35.125	56.75	0.000442654921069624	0.927045251979489	0.152984767095633	0.0148676840206251	1
35.375	56.75	0.000443326429138478	0.93765468162726	0.126676869013268	0.0290149404451588	1
35.625	56.75	0.000444587595775	0.948167162948901	0.054171507815674	0.0419872255855634	1
35.875	56.75	0.000446325074676809	0.952717445013276	-0.013091100946318	0.0542453876209737	1
36.125	56.75	0.000447759291458875	0.956361208271532	-0.0349263438503404	0.0656449608017157	1
36.375	56.75	0.000447221749951714	0.969547382345322	0.0768687227151712	0.075831196471895	1
36.625	56.75	0.000442420036791948	0.811241682348069	-0.577404953352349	0.0793743915918754	1
36.875	56.75	0.000431923683641089	0.627423127379652	-0.812246314175656	0.0813535144297775	1
37.125	56.75	0.000417066062242554	0.784481612477432	-0.700433776253797	0.0707625104806644	1
37.375	56.75	0.000402768146453924	0.507165186290969	-0.829290106547131	0.0538371576943636	1
0.125	57.25	0.000443842212207859	0.550638412890259	0.837536519997714	-0.12694364589356	1
0.375	57.25	0.000443868092529322	0.967675855234544	-0.223025291832093	-0.127274193322262	1
0.625	57.25	0.00044389364251706	-0.0236536416699458	-0.994179758683972	-0.123862699247688	1
0.875	57.25	0.000443906212235578	0.935714326736822	-0.3438476178898	-0.126623203624829	1
1.125	57.25	0.000443898605856585	0.176371083376768	-0.97335892686873	-0.122798501615593	1
1.375	57.25	0.000443881441340535	0.780898096873749	0.626444593859474	-0.124912571653175	1
1.625	57.25	0.000443860493716873	0.675862498935655	0.746561774536476	-0.123695216722756	1
1.875	57.25	0.000443847720029421	0.700037306271727	0.720520984845051	-0.127299857386311	1
2.125	57.25	0.000443841383069309	0.635090450028033	0.77444751035582	-0.125915505521242	1
2.375	57.25	0.000443844608017402	0.664118195075632	0.757373841763474	-0.127322199118053	1
2.625	57.25	0.000443843241455634	0.603997292825465	-0.791984010428015	-0.129115193913421	1
2.875	57.25	0.000443823114983987	0.984519982202112	-0.145454629176398	-0.125277694271905	1
3.125	57.25	0.000443791360926335	0.884653612795545	-0.466711788598481	-0.127135170273239	1
3.375	57.25	0.000443766471417516	0.649922215619194	-0.754963530529227	-0.125538663663691	1
3.625	57.25	0.000443747805088487	1.00311952079225	0.0335005211935932	-0.126461607958397	1
3.875	57.25	0.000443745548605712	0.989877814363175	0.124170291607492	-0.127596655316507	1
4.125	57.25	0.000443749729224651	0.95237472388792	0.314941392025024	-0.125597160796354	1
4.375	57.25	0.000443756627033283	0.959824456581079	0.317287113162692	-0.129357078053245	1
4.625	57.25	0.000443753236397541	0.783757542085164	0.62325195078505	-0.131015431225877	1
4.875	57.25	0.000443737056762854	0.94105180516236	0.329559292952634	-0.129988244898314	1
5.125	57.25	0.0004437191415583	0.995942724279513	0.0574688624076906	-0.129731200851639	1
5.375	57.25	0.000443698844287779	0.995915953094983	0.037903799616161	-0.129001452099327	1
5.625	57.25	0.000443677733864777	0.996914773037682	0.0231100225305672	-0.128266591230302	1
5.875	57.25	0.000443656428521488	0.998283183297447	0.015925719795175	-0.127812176709598	1
6.125	57.25	0.000443634802658387	0.999609462169895	0.0126117316881524	-0.127692400645054	1
6.375	57.25	0.000443612650179156	1.00073793706372	0.0101099935335481	-0.127877654551888	1
6.625	57.25	0.00044358977697889	1.00160511986063	0.00747373448137841	-0.128307900282799	1
6.875	57.25	0.000443566042118169	1.00219783234741	0.00480064019238362	-0.128915158769986	1
7.125	57.25	0.000443541379535388	1.00252588112483	0.0022108862887547	-0.129633572692471	1
7.375	57.25	0.000443515859414622	1.002602432279	-0.00024513361345797	-0.130400307759709	1
7.625	57.25	0.00044348978754676	1.00244749487303	-0.00250610485783176	-0.131155720050688	1
7.875	57.25	0.000443463784691443	1.00209918822243	-0.00453127598761438	-0.131846365435791	1
8.125	57.25	0.000443438805992773	1.00159068296261	-0.00626899556784545	-0.132430796723409	1
8.375	57.25	0.000443416149673644	1.00095174951792	-0.0078924531847914	-0.132871255097017	1
8.625	57.25	0.000443397005551023	1.00027863338986	-0.00948348124369635	-0.133140855981421	1
8.875	57.25	0.000443381935588995	0.998970234660026	-0.00632167970612824	-0.133250217787007	1
9.125	57.25	0.00044336885204898	0.999627705621078	-0.0154373276841513	-0.132852749362875	1
9.375	57.25	0.000443348232279795	0.995984334408721	0.016071379143337	-0.133336397608786	1
9.625	57.25	0.000443315936332023	0.998044976922218	-0.0371633749522475	-0.131119015215863	1
9.875	57.25	0.000443254876244845	0.995714189947908	0.0514469004612377	-0.132923247146458	1
10.125	57.25	0.000443166163751864	0.822998837104857	-0.550388219113401	-0.129868002490443	1
10.375	57.25	0.000443063420227636	0.530265877287379	-0.85054504287934	-0.128916368872571	1
10.625	57.25	0.000442978348111625	0.758848919750506	-0.649169644628199	-0.130528909812727	1
10.875	57.25	0.00044290933355291	0.632411866066727	-0.779958813658882	-0.129087047245986	1
11.125	57.25	0.000442870746116258	0.572098983769884	-0.816336015364894	-0.131695952487413	1
11.375	57.25	0.000442868688118344	0.803326850750046	0.582617412938701	-0.128437725399293	1
11.625	57.25	0.000442881456151232	0.866158234666412	0.492529417483353	-0.128487854838266	1
11.875	57.25	0.00044289817517387	0.824062919146279	0.567835794927316	-0.127400888085549	1
12.125	57.25	0.000442917129463799	0.880627480180049	0.484947008575045	-0.128765947641766	1
12.375	57.25	0.000442948625811526	0.816694349121191	0.599133401023556	-0.130176819161737	1
12.625	57.25	0.000442969747203003	0.74212802830379	0.668223565124221	-0.134355089638227	1
12.875	57.25	0.000442975103962679	0.942922940310823	0.302040627882134	-0.129851436564579	1
13.125	57.25	0.000442959595425967	0.993739981407235	0.0610488812753529	-0.129594810168991	1
13.375	57.25	0.000442937566218112	0.991650021458366	0.0225063719408817	-0.127858053777108	1
13.625	57.25	0.000442911615120026	0.991118684896093	-0.0261916981397717	-0.125746864771948	1
13.875	57.25	0.000442885076208557	0.991311295338954	-0.0451497137944733	-0.123786336110013	1
14.125	57.25	0.000442859382569723	0.992041743896308	-0.0521406939676217	-0.122108505018179	1
14.375	57.25	0.000442834817293589	0.992594927465917	-0.0600154461593397	-0.120685880656375	1
14.625	57.25	0.000442811042707678	0.992771219823488	-0.071878942435347	-0.119508929105235	1
14.875	57.25	0.00044278789033475	0.99252463972528	-0.0859530233379271	-0.118569490725575	1
15.125	57.25	0.00044276561668954	0.992010041303795	-0.0983334899043156	-0.11782970202158	1
15.375	57.25	0.000442744527918829	0.991485387734045	-0.106455021414249	-0.117209373373835	1
15.625	57.25	0.000442724542335956	0.991091666575983	-0.110915878584968	-0.116627600197747	1
15.875	57.25	0.00044270522186574	0.990872382930399	-0.113530897238832	-0.11605398492003	1
16.125	57.25	0.000442686161147553	0.990834150369755	-0.115650538781642	-0.115506881519536	1
16.375	57.25	0.000442667386562869	0.990968911966619	-0.117883703471126	-0.115030526869478	1
16.625	57.25	0.000442649460962295	0.991287714688262	-0.119930155031814	-0.114675067722364	1
16.875	57.25	0.000442633161388255	0.991775177222994	-0.121028005686748	-0.114473972244904	1
17.125	57.25	0.000442619147137621	0.992394022124556	-0.120669693704244	-0.114423224842796	1
17.375	57.25	0.000442607381060085	0.99291032455417	-0.120698231053676	-0.114507904992235	1
17.625	57.25	0.000442596687805606	0.993838925731873	-0.11815683518856	-0.114715193283483	1
17.875	57.25	0.000442586886673323	1.00084896624934	-0.086209983271283	-0.115099163256305	1
18.125	57.25	0.000442576012925688	1.01023113815269	0.0113360676545676	-0.117142324261798	1
18.375	57.25	0.000442554753709535	1.00504036527857	0.0977190943366546	-0.120477234425086	1
18.625	57.25	0.000442534481116438	0.99396577243826	0.189047759078341	-0.122326794360975	1
18.875	57.25	0.000442499210873539	0.981524612178302	0.253132993019642	-0.126573714362643	1
19.125	57.25	0.000442461452016126	0.956985359625722	0.322582159295885	-0.129321777737233	1
19.375	57.25	0.000442422143299343	0.936126598494444	0.384901592044512	-0.131523962299109	1
19.625	57.25	0.000442359950235277	0.918785077234096	0.414329934518192	-0.135409088666465	1
19.875	57.25	0.000442284618420243	0.868957847009247	-0.472995950268602	-0.135171919785779	1
20.125	57.25	0.000442195075030352	0.990883994587696	0.00291899831748064	-0.130885861514532	1
20.375	57.25	0.000442127060427775	0.931820056895325	-0.342853319711602	-0.130798336329597	1
20.625	57.25	0.000442103987279692	0.731207635647851	-0.677224372008861	-0.127915281937621	1
20.875	57.25	0.000442107513948067	0.891505832944622	-0.42749886905814	-0.129837972935952	1
21.125	57.25	0.000442083141085146	0.946744270698541	-0.241059410123769	-0.122627239902495	1
21.375	57.25	0.000442062042386934	0.920226128842506	0.383138801282472	-0.118287882337221	1
21.625	57.25	0.000442077994890565	0.999327712569063	0.112393043207834	-0.120659506287213	1
21.875	57.25	0.000442111839831988	0.952577424216597	0.341723426043476	-0.121232819672448	1
22.125	57.25	0.000442139177929038	1.00796372027947	0.120707950846531	-0.126124628714558	1
22.375	57.25	0.000442173672121121	1.00364647963903	0.0697630592241732	-0.129031732882487	1
22.625	57.25	0.000442201307026616	0.996674721220765	-0.0511741622411141	-0.129366103905563	1
22.875	57.25	0.000442227494678728	0.974766841974296	-0.0244882977959014	-0.128182177088469	1
23.125	57.25	0.000442235779832075	0.963488701852218	0.0277972533079675	-0.117067226277747	1
23.375	57.25	0.000442204639684328	0.929729552249365	0.337776350027727	-0.110167902115384	1
23.625	57.25	0.000442210801892522	0.92772177121913	0.392124127516232	-0.111399179917674	1
23.875	57.25	0.000442265750069743	0.945430916677788	0.3498549240827	-0.113677321855932	1
24.125	57.25	0.000442314070828049	0.955760298312639	0.290119270939309	-0.115416453470783	1
24.375	57.25	0.000442354472972051	0.976443267126258	0.173953547247522	-0.113351039856794	1
24.625	57.25	0.000442375694544675	0.995916959132289	0.0226512288912229	-0.111590994226668	1
24.875	57.25	0.000442388776750668	1.00102975219882	-0.0501165898096287	-0.111592799757891	1
25.125	57.25	0.000442401659744761	1.00243059847221	-0.0766844575675572	-0.112872217438644	1
25.375	57.25	0.000442415643456863	1.00101631438598	-0.0924977096239272	-0.114424805495333	1
25.625	57.25	0.000442431438812067	0.997592047761762	-0.109217247379886	-0.115670715778188	1
25.875	57.25	0.000442451788950725	0.992784494585562	-0.130397742048465	-0.116358834857761	1
26.125	57.25	0.00044248149090544	0.986862077407595	-0.157779356395847	-0.11647699674579	1
26.375	57.25	0.000442526632447536	0.979571141713201	-0.192932514549492	-0.116193465915942	1
26.625	57.25	0.000442592102892076	0.970028850888179	-0.236604089668006	-0.115796036979049	1
26.875	57.25	0.000442675120273667	0.957353245802348	-0.286957840588997	-0.115568043396969	1
27.125	57.25	0.000442751598605822	0.939594648559331	-0.343455840746817	-0.115767806356378	1
27.375	57.25	0.000442771738932293	0.926771782103773	-0.369360990044504	-0.11617385950777	1
27.625	57.25	0.00044268867935444	0.821337626809874	-0.537286281060088	-0.115921647864572	1
27.875	57.25	0.000442589312461725	0.599942175388106	-0.777447750140058	-0.110429765275844	1
28.125	57.25	0.000442488843172454	0.685682137203973	-0.715005165586711	-0.109627515812691	1
28.375	57.25	0.000442430696592259	0.613364717057372	-0.767446423875134	-0.109132133748352	1
28.625	57.25	0.000442436132621874	0.654061653273	-0.727950656372222	-0.104429085665947	1
28.875	57.25	0.000442481996571516	0.562151264655328	0.849303358128366	-0.102801081801187	1
29.125	57.25	0.00044256492717311	0.646870667269602	0.790424906295102	-0.108888618542108	1
29.375	57.25	0.000442692353672985	0.697174978123644	0.71496918829873	-0.111256403037662	1
29.625	57.25	0.000442827234045014	0.639267151338535	0.758856232243563	-0.108646535877707	1
29.875	57.25	0.000442987168856335	0.828157113380948	0.540503770014008	-0.108465177458932	1
30.125	57.25	0.000443131456493466	0.892075510793027	0.44220043472073	-0.105854965142391	1
30.375	57.25	0.000443186975255837	0.944115421374563	0.335256751201172	-0.107731875999319	1
30.625	57.25	0.000443174519159581	0.966236550604293	0.232770886057501	-0.10716766321301	1
30.875	57.25	0.000443121054395969	0.981299872298406	0.125646003336234	-0.104674593962462	1
31.125	57.25	0.000443055661761625	0.988518644664841	0.0579864638546216	-0.101865217683393	1
31.375	57.25	0.000442981357501685	0.993034371881981	0.0232604965164364	-0.0998603364530181	1
31.625	57.25	0.000442896680595752	0.995419351359286	0.00431695746333173	-0.0985910934605041	1
31.875	57.25	0.000442802953809391	0.995864299763331	-0.00884047642788847	-0.0976393656664238	1
32.125	57.25	0.000442702168260945	0.994699751002081	-0.0204563845062328	-0.0966052041084306	1
32.375	57.25	0.000442594912931447	0.992153550343104	-0.032030369234097	-0.0951583233237932	1
32.625	57.25	0.000442479835407954	0.988293572179935	-0.0441199595182412	-0.0930078117262321	1
32.875	57.25	0.00044235383438832	0.983061366030475	-0.0573868442664532	-0.0898704272138282	1
33.125	57.25	0.000442212267210831	0.976321528903757	-0.0731216706174898	-0.0854593586348993	1
33.375	57.25	0.000442048830703396	0.967942150598756	-0.0930923894745992	-0.0795017742995002	1
33.625	57.25	0.000441855321466777	0.957966506453296	-0.117987585588246	-0.0717924069811677	1
33.875	57.25	0.000441624066871652	0.946907626868212	-0.143689259969078	-0.0622443009599073	1
34.125	57.25	0.000441360898809989	0.936243529461134	-0.155818133595415	-0.0507585111680839	1
34.375	57.25	0.000441111177062201	0.929650925145618	-0.125318784610185	-0.0367802009528195	1
34.625	57.25	0.000440955488264272	0.928417204041158	-0.0287910036145781	-0.0197422482968749	1
34.875	57.25	0.000440940631361828	0.925952133051799	0.0850722160218358	-0.00134252442083041	1
35.125	57.25	0.000441115657668465	0.929556359976383	0.131087459587458	0.0153118021468602	1
35.375	57.25	0.000441662540568414	0.941207385181422	0.102602598350337	0.0294386338441748	1
35.625	57.25	0.00044280998742283	0.950610434887603	0.0389746632222828	0.0420187073865008	1
35.875	57.25	0.000444533237748787	0.953823865928664	-0.0196852692901816	0.0537749466035231	1
36.125	57.25	0.000446186742555684	0.95476970484046	-0.031324515210118	0.0650492765451244	1
36.375	57.25	0.000446223214592048	0.962774753635314	0.027419440676934	0.07615393046416	1
36.625	57.25	0.000442328042674914	0.970028888449097	-0.0958390062130423	0.0834583781385019	1
36.875	57.25	0.000432808220428992	0.691022389339633	-0.736175406225791	0.0894420272479779	1
37.125	57.25	0.000418758882090859	0.828818041302235	-0.666774862961077	0.0838208083960322	1
37.375	57.25	0.000405346688476652	0.439275673203227	-0.890138202199335	0.0576161192761118	1
0.125	57.75	0.000443975362004946	0.778001335132913	0.635184810372718	-0.132799455844053	1
0.375	57.75	0.000443995063037222	0.92829446380332	0.390292673574058	-0.134774010016862	1
0.625	57.75	0.000444015166898783	0.374089126203032	-0.920740215682447	-0.136274091844244	1
0.875	57.75	0.000444014720680556	0.758185692661038	-0.642029782344799	-0.133905609086272	1
1.125	57.75	0.000444004161326185	0.685849379050723	-0.716065610761154	-0.133618307113887	1
1.375	57.75	0.000443991781607446	0.669527076046446	-0.736703163784823	-0.131484013301597	1
1.625	57.75	0.000443984758691586	0.517140902444836	0.863208364780416	-0.132027139808115	1
1.875	57.75	0.000443982906184708	0.731574164320305	0.684170878536478	-0.133281382522363	1
2.125	57.75	0.000443976371789395	0.606682029820505	0.797508667345073	-0.132428573033366	1
2.375	57.75	0.000443954888667132	0.737954872708619	0.681782717623355	-0.134057013076296	1
2.625	57.75	0.000443913200676077	0.948942899525722	0.311953044148915	-0.134119326428377	1
2.875	57.75	0.000443845199624087	0.380648500288556	-0.912379492865582	-0.133629159598398	1
3.125	57.75	0.000443753229931765	0.967519310131138	-0.240691894155723	-0.131635987380103	1
3.375	57.75	0.000443682020113742	0.468769475301016	-0.870810523783725	-0.132399472447356	1
3.625	57.75	0.000443647237225902	0.993001083498102	-0.00207377357432386	-0.128886160909943	1
3.875	57.75	0.000443656355573249	0.784759316272298	0.626661683289937	-0.129118152550326	1
4.125	57.75	0.000443680841603476	0.861187627245037	0.524461789395398	-0.13068511632359	1
4.375	57.75	0.000443699075774158	0.637478908874016	0.777142145409339	-0.132827729719592	1
4.625	57.75	0.00044369174718128	0.808819007886429	0.578861564953023	-0.132316341318529	1
4.875	57.75	0.000443668662239617	0.985950866765287	0.119025755054682	-0.130784376582114	1
5.125	57.75	0.000443635841682372	0.994302546827063	0.0101333319765855	-0.129062106658233	1
5.375	57.75	0.000443602924822186	0.99694768641718	-0.00420980312410839	-0.128175750888402	1
5.625	57.75	0.000443570746839901	0.998344889650427	0.00190124363767706	-0.127758602260904	1
5.875	57.75	0.000443539410115886	0.999205066533688	0.00623431466402448	-0.127569003042683	1
6.125	57.75	0.000443508926612324	1.00007011237963	0.0077477029074115	-0.127591438220867	1
6.375	57.75	0.000443479124101624	1.00094161771658	0.00722652615179349	-0.127839877919514	1
6.625	57.75	0.000443449795281304	1.00168928393282	0.00568106375674006	-0.128296151621621	1
6.875	57.75	0.0004434207759387	1.00222948444304	0.00376602435816962	-0.128913449101428	1
7.125	57.75	0.000443391924871493	1.00253765854066	0.00177578985470605	-0.129635323739284	1
7.375	57.75	0.000443363127063622	1.00261379736188	-0.000169143355892963	-0.130403954446369	1
7.625	57.75	0.000443334353262884	1.00247048698803	-0.00199849060936829	-0.131163057837093	1
7.875	57.75	0.000443305776305418	1.00212995040717	-0.00367263715833398	-0.13186084694714	1
8.125	57.75	0.000443277956909186	1.00162006927256	-0.00523046612639187	-0.132451689457148	1
8.375	57.75	0.000443252028293811	1.00095011987089	-0.00668986859570561	-0.132897334267103	1
8.625	57.75	0.000443229757496684	1.00007196208175	-0.0079594447056365	-0.133156616728511	1
8.875	57.75	0.00044321272765162	0.999298248909091	-0.0100313958720387	-0.133166910372199	1
9.125	57.75	0.000443199994717176	0.998081411162121	-0.00344818719464666	-0.133047078533159	1
9.375	57.75	0.000443186839553786	0.997874585202712	-0.0272800416503591	-0.132424761375443	1
9.625	57.75	0.000443164396105645	0.99689967340445	0.0452463777068494	-0.13237889937877	1
9.875	57.75	0.000443113183947037	0.997376470731973	-0.0719828870637037	-0.131577789383598	1
10.125	57.75	0.000443034033910848	0.992544819609475	0.101358200061684	-0.132553773447797	1
10.375	57.75	0.000442917046461922	0.812329785302743	-0.578193586419948	-0.130603692785098	1
10.625	57.75	0.000442803904351784	0.49721992400707	-0.859072020403608	-0.131410152989886	1
10.875	57.75	0.000442720182433242	0.91025410455529	-0.42593956577251	-0.129202510277594	1
11.125	57.75	0.000442675144110931	0.355875253950118	-0.928917421630198	-0.134218039948773	1
11.375	57.75	0.000442665061255944	0.985611056629142	-0.0606381666452828	-0.128306093869076	1
11.625	57.75	0.00044268766826823	0.845638411871426	0.54365302542486	-0.128142703234876	1
11.875	57.75	0.000442727541584081	0.895864683612829	0.459261962503785	-0.130924193252769	1
12.125	57.75	0.000442773686507979	0.876013009183607	0.50047572214841	-0.131264398946735	1
12.375	57.75	0.000442819918661538	0.74383063575241	0.670206448375367	-0.135259849117967	1
12.625	57.75	0.000442836663153812	0.877733988654843	0.458842903193618	-0.131896889153507	1
12.875	57.75	0.000442833006267598	0.992419233272094	-0.0788693215829006	-0.130944857551216	1
13.125	57.75	0.000442812088119259	0.99279938962039	-0.0616136784856254	-0.129888487025544	1
13.375	57.75	0.000442785204870026	0.993674466239008	-0.0220934483382291	-0.128487514295379	1
13.625	57.75	0.000442755027716518	0.993154977847127	0.0146383915935511	-0.127047200910349	1
13.875	57.75	0.000442724276180525	0.991825486150448	0.037747146495624	-0.125321922113907	1
14.125	57.75	0.00044269428095271	0.991385008420172	0.0511656144955184	-0.123522471126658	1
14.375	57.75	0.000442665255732356	0.991661403017277	0.0619634218573149	-0.121877873542442	1
14.625	57.75	0.00044263698665377	0.992137924678611	0.0732879086600679	-0.120524343286368	1
14.875	57.75	0.000442609311298315	0.992499373464931	0.0843148134646611	-0.119503353722581	1
15.125	57.75	0.000442582319630905	0.992678065918369	0.0931915392729915	-0.118767340885336	1
15.375	57.75	0.000442556205944822	0.992717956258565	0.099892986304972	-0.118230786604468	1
15.625	57.75	0.000442531088093611	0.992684912816002	0.105653692863965	-0.11783740115503	1
15.875	57.75	0.000442507023234797	0.99266540480797	0.111151929304233	-0.117577611862034	1
16.125	57.75	0.0004424841576658	0.992729043100295	0.116303835293904	-0.11746818657213	1
16.375	57.75	0.000442462773157481	0.99291442793908	0.120565294818339	-0.11752743670436	1
16.625	57.75	0.000442443036919887	0.993258316555244	0.12322599544086	-0.117755663091401	1
16.875	57.75	0.000442424531888144	0.993800887087427	0.124004488036749	-0.118139833684328	1
17.125	57.75	0.000442405699172367	0.994627170850335	0.12267803156142	-0.118677066154077	1
17.375	57.75	0.00044238276831646	0.995594776207779	0.117393778706404	-0.119380870847902	1
17.625	57.75	0.000442350047383721	0.995329126421881	0.1021456061252	-0.120070870540855	1
17.875	57.75	0.000442305724387994	0.99433978381293	0.0454030851676368	-0.119793850536587	1
18.125	57.75	0.000442258054280047	0.987854952680378	-0.104672899361602	-0.117921749354001	1
18.375	57.75	0.000442207088998047	0.967734344014741	-0.234272065079033	-0.116740764101955	1
18.625	57.75	0.000442159186705901	0.959555777979057	-0.275361400536788	-0.115938595897643	1
18.875	57.75	0.000442106482927519	0.941298978506632	-0.341977192756793	-0.116108137908913	1
19.125	57.75	0.000442052108405609	0.932832360270354	-0.366807624025821	-0.11672460422372	1
19.375	57.75	0.000441998710948718	0.928603651484652	-0.379968717241603	-0.117275917399238	1
19.625	57.75	0.000441941873557307	0.912685200647796	-0.415370490534659	-0.118524857998401	1
19.875	57.75	0.00044188596060659	0.916076100898218	-0.407745640027969	-0.118762791936083	1
20.125	57.75	0.000441856059435228	0.735514459194389	-0.684198011176579	-0.120232439494242	1
20.375	57.75	0.000441833217989084	0.989206220845122	-0.10667616975115	-0.1207757832891	1
20.625	57.75	0.000441830758095872	0.734312315945626	0.685540585974208	-0.117900102354024	1
20.875	57.75	0.000441852049732548	0.837580547121065	0.544399824850219	-0.122444009571981	1
21.125	57.75	0.000441849303890493	0.601370109570334	0.793050081474652	-0.118104083456776	1
21.375	57.75	0.000441870812525049	0.850072188290446	0.542614165996704	-0.121345406601699	1
21.625	57.75	0.000441889633727201	0.867575941990502	0.498159857995051	-0.121968519328847	1
21.875	57.75	0.000441912792589856	0.933709203675062	0.36573522091992	-0.121899363147495	1
22.125	57.75	0.0004419308390839	1.00211470482979	0.000828569783602458	-0.123605561170597	1
22.375	57.75	0.000441962428333778	0.97900417120236	-0.208944213906281	-0.123145678075723	1
22.625	57.75	0.00044200545471481	0.969644487065937	-0.255198305554498	-0.124241621111317	1
22.875	57.75	0.000442063065282233	0.913747750034003	-0.404110783852275	-0.124560896512456	1
23.125	57.75	0.000442135158564469	0.89450684128021	-0.42241874196235	-0.123793660793604	1
23.375	57.75	0.000442177798556951	0.910643905215628	-0.403703800879429	-0.120064916832358	1
23.625	57.75	0.000442220101293742	0.944208807235033	-0.325333661463117	-0.122790936274313	1
23.875	57.75	0.000442257337215945	0.981488644025538	0.0395866571361896	-0.119452806399209	1
24.125	57.75	0.000442281326073315	0.954099537443568	0.242948698638555	-0.114088831919372	1
24.375	57.75	0.00044229752042814	0.987761507810462	0.116218656883847	-0.111931694194759	1
24.625	57.75	0.000442311332075458	0.999300323041099	0.0689484090395894	-0.111612897848865	1
24.875	57.75	0.000442326722073576	1.00366515849841	0.064660053569305	-0.112944531006776	1
25.125	57.75	0.000442343929676294	1.00445344764664	0.0626087008252451	-0.114646463830429	1
25.375	57.75	0.000442359800886519	1.00417603969735	0.0604374413755745	-0.116307702500472	1
25.625	57.75	0.000442372819822694	1.00328814852539	0.0634532937552683	-0.117806731110976	1
25.875	57.75	0.000442385121194637	1.0018752037594	0.0749809204460835	-0.119116920133169	1
26.125	57.75	0.000442404034867108	0.999943861397403	0.0958008424887674	-0.120303089542125	1
26.375	57.75	0.000442442895701435	0.997327700662463	0.124595122488776	-0.121524722879001	1
26.625	57.75	0.000442518391293849	0.993681071395866	0.15841618430214	-0.122972066579152	1
26.875	57.75	0.000442639971751726	0.988591391325143	0.193855006499387	-0.124748997617731	1
27.125	57.75	0.000442789901214283	0.982332299313696	0.227182794150571	-0.126773234594843	1
27.375	57.75	0.000442903638339773	0.968667725196069	0.270443661345513	-0.128964107096026	1
27.625	57.75	0.000442860646534128	0.962702924804913	0.208755593817011	-0.129559292365324	1
27.875	57.75	0.000442709523166911	0.924891054842475	-0.328239484413133	-0.121102825509783	1
28.125	57.75	0.000442533544230655	0.757479084106228	-0.658226093808109	-0.121180807155102	1
28.375	57.75	0.000442367153034802	0.924535544094701	-0.39731967983358	-0.12198123757285	1
28.625	57.75	0.000442330605278369	0.845765229390927	-0.56082928607447	-0.125605672499047	1
28.875	57.75	0.000442419037425367	0.637233313337415	-0.786125266154022	-0.130107573168901	1
29.125	57.75	0.000442547215754914	0.935165141161595	0.264614282018189	-0.129284162618235	1
29.375	57.75	0.000442640110611158	0.81649258069813	0.507477728198544	-0.117102826343979	1
29.625	57.75	0.000442684505579755	0.954206241750402	0.209987621401116	-0.11123312240975	1
29.875	57.75	0.000442693811158411	0.985169079074987	-0.0193712970731815	-0.106285606083728	1
30.125	57.75	0.000442665100217919	0.99286924154092	-0.0531813739092837	-0.103977842699542	1
30.375	57.75	0.000442592395690239	0.994548312478896	-0.0695647007675283	-0.103546395355872	1
30.625	57.75	0.000442479371985809	0.9944062132438	-0.0519881717450841	-0.102587142690398	1
30.875	57.75	0.000442326823668641	0.995257717497169	-0.021945208421742	-0.101525505208065	1
31.125	57.75	0.000442149611576039	0.995552681988209	0.00153609710756775	-0.100419365042566	1
31.375	57.75	0.000441960770398768	0.995863617366646	0.0110732706610172	-0.0993811725579995	1
31.625	57.75	0.000441767527758648	0.996186305253661	0.0101732772393861	-0.0984577683857298	1
31.875	57.75	0.000441573630737374	0.996060708798314	0.00388079052774466	-0.0975742041206654	1
32.125	57.75	0.000441381197486091	0.995099766016864	-0.00453506400469757	-0.0965631955371558	1
32.375	57.75	0.000441191159834053	0.993075368014813	-0.0135859716731122	-0.0951967679579612	1
32.625	57.75	0.000441002550552334	0.989861793630928	-0.0229438350103385	-0.0932111750013045	1
32.875	57.75	0.000440811291138228	0.985358633609651	-0.0330848396139031	-0.0903226888259729	1
33.125	57.75	0.000440609574233786	0.979422640348621	-0.0452622011798708	-0.086232753384673	1
33.375	57.75	0.000440386962111881	0.971844661181917	-0.0614152508416017	-0.0806312923306288	1
33.625	57.75	0.000440133798487223	0.962423262095546	-0.0830706053732806	-0.0732185729143984	1
33.875	57.75	0.000439847471990851	0.95118774726487	-0.107757150872421	-0.0637463484219369	1
34.125	57.75	0.000439544328495236	0.939106699217654	-0.122160931651596	-0.051954636975406	1
34.375	57.75	0.000439276205805695	0.930043767097712	-0.096463212769911	-0.037283968611133	1
34.625	57.75	0.000439111995005706	0.926487522550024	-0.00969640404091004	-0.0194978888638166	1
34.875	57.75	0.000439071448023418	0.924972645304438	0.0858098090562041	-0.00070970700472515	1
35.125	57.75	0.000439186506572033	0.931508285827055	0.116350007494764	0.0160032637974543	1
35.375	57.75	0.00043963980656552	0.943620855118317	0.08609637850318	0.0300142705353211	1
35.625	57.75	0.000440680724546837	0.952109003360206	0.030977705375777	0.0422803989355061	1
35.875	57.75	0.000442342722410589	0.954113085206942	-0.0198937633031954	0.0537238985658327	1
36.125	57.75	0.00044407434419069	0.952972530696063	-0.031826366786088	0.0651530160057783	1
36.375	57.75	0.000444438091455496	0.951079214070329	0.025590038157641	0.0770262905324121	1
36.625	57.75	0.000441267681771729	0.966975616856362	0.0215536830118686	0.0894691097032678	1
36.875	57.75	0.00043273102302733	0.834454544039083	-0.535426408516493	0.0933544095785588	1
37.125	57.75	0.000419528142415974	0.935915788843236	-0.491041922835708	0.0969349125104913	1
37.375	57.75	0.000406884003025635	0.334700210709172	-0.945574067411734	0.065804433916833	1
0.125	58.25	0.000444045694272398	0.76154840595237	0.648008222578239	-0.129776733004241	1
0.375	58.25	0.00044404076816274	0.776800679860798	0.626843288439325	-0.130016789179296	1
0.625	58.25	0.000444013381562071	0.838222419432324	-0.543300291270682	-0.12926879457023	1
0.875	58.25	0.0004439694852253	0.264917690267571	-0.963347685680217	-0.129914838196763	1
1.125	58.25	0.000443935623486159	0.698280319323018	-0.70830611697979	-0.129114471631113	1
1.375	58.25	0.000443919437264259	0.201726215282724	0.980950390299287	-0.127637436095296	1
1.625	58.25	0.000443935263554419	0.756649522330212	0.661080661666475	-0.129395667647862	1
1.875	58.25	0.000443946483986073	0.790299649261085	0.603973934375854	-0.129324528318498	1
2.125	58.25	0.000443931440717838	0.641913448895894	0.773130583586017	-0.127862592697936	1
2.375	58.25	0.000443877787955624	0.99498981827406	0.126505794903452	-0.131123055703523	1
2.625	58.25	0.000443783767409287	1.00656887455309	-0.0501277755690759	-0.12961250611211	1
2.875	58.25	0.000443646477560016	0.986505292468211	-0.136833144730605	-0.135230113758815	1
3.125	58.25	0.000443486597770458	0.754432663872416	-0.653869484378757	-0.127863433672712	1
3.375	58.25	0.000443360458634184	0.682710724967601	-0.73167780284534	-0.134712918408573	1
3.625	58.25	0.000443314330214678	0.769789258494613	-0.622214232050145	-0.128182740533599	1
3.875	58.25	0.000443343191885241	0.921825106364252	0.396351449668155	-0.13061525858309	1
4.125	58.25	0.000443393670043747	0.789661652203252	0.62605461795459	-0.130256637799473	1
4.375	58.25	0.000443415634637286	0.889464880758727	0.444727376636611	-0.133837778261123	1
4.625	58.25	0.000443405044191071	0.990208056283017	-0.0562656779363706	-0.128194992186055	1
4.875	58.25	0.000443376077534157	1.00182520275761	-0.0339325435386003	-0.129953802414878	1
5.125	58.25	0.000443342003609598	0.996950387739637	0.0251298727049898	-0.129613239261446	1
5.375	58.25	0.000443306567692487	0.996263384658334	0.0245591567837511	-0.12880410315063	1
5.625	58.25	0.000443271667050527	0.997284795470062	0.0160597099786586	-0.128114408985223	1
5.875	58.25	0.000443238337508921	0.99859440392935	0.0109843992447718	-0.127730768615395	1
6.125	58.25	0.000443206800572309	0.99981093165599	0.00832397634698726	-0.127662206082658	1
6.375	58.25	0.000443176883078782	1.00084226775202	0.00646243593515944	-0.127874259358696	1
6.625	58.25	0.00044314833176051	1.00164560867097	0.00473234013563973	-0.128314562103124	1
6.875	58.25	0.000443120919188427	1.00220603183089	0.00304684211327096	-0.128923460315901	1
7.125	58.25	0.000443094432068588	1.00252604476897	0.00143099084973663	-0.129640694779311	1
7.375	58.25	0.000443068648776498	1.00261523086249	-9.60783930367966e-05	-0.130407764518533	1
7.625	58.25	0.000443043360307464	1.00248880755868	-0.00151392109281145	-0.131169001596195	1
7.875	58.25	0.000443018475966516	1.00216867797971	-0.00280523612589741	-0.131873239173859	1
8.125	58.25	0.000442994249979778	1.00167782570983	-0.00395964470067992	-0.132475421684221	1
8.375	58.25	0.000442971591833972	1.00103626869231	-0.00496305227290607	-0.132935542053694	1
8.625	58.25	0.00044295218314082	1.00027521927706	-0.00566489609347891	-0.133218246369007	1
8.875	58.25	0.000442938000447919	0.999339010397406	-0.00525115676237897	-0.133298515102864	1
9.125	58.25	0.000442929809290133	0.998913520649801	-0.00631239476819312	-0.133111063898466	1
9.375	58.25	0.000442923844667851	0.996988201652795	0.00306575268482604	-0.132978348916668	1
9.625	58.25	0.000442916053804564	0.99824491225875	-0.0139621279706839	-0.131820357576485	1
9.875	58.25	0.000442886567917676	0.996619289950567	0.0236761284660885	-0.132360151484245	1
10.125	58.25	0.000442826630828298	0.98716691369152	-0.124883836005331	-0.130476171870484	1
10.375	58.25	0.00044272848363982	1.00661749251813	0.106120237306797	-0.130070368368476	1
10.625	58.25	0.000442610506953228	0.594782918084086	-0.795835885904683	-0.136789876528911	1
10.875	58.25	0.000442517585357884	0.796497090600016	-0.599473009217322	-0.12809016133838	1
11.125	58.25	0.000442472028744126	0.560156765410346	-0.826957522433799	-0.13617197871086	1
11.375	58.25	0.000442467274394875	0.871085344133922	-0.46591394516921	-0.128270287792904	1
11.625	58.25	0.000442505599283264	0.763291781155391	0.654931816438248	-0.131043374077118	1
11.875	58.25	0.000442557903654203	0.826857186654689	0.568664110672985	-0.130880309816289	1
12.125	58.25	0.000442605355768408	0.690258098906798	0.723150760611419	-0.132553193400528	1
12.375	58.25	0.000442634259437908	0.702976365674592	0.705440969209357	-0.131266932841837	1
12.625	58.25	0.000442632618328436	0.991125494664648	0.116248175916836	-0.130983748214286	1
12.875	58.25	0.000442612339390786	0.992524888968917	0.0887785782993065	-0.130436876890627	1
13.125	58.25	0.000442577607627269	0.992093050005834	0.0638676844025723	-0.129420312749385	1
13.375	58.25	0.000442539599772721	0.991790565058428	0.0251016348787186	-0.127706401826068	1
13.625	58.25	0.000442501539402063	0.991656309101332	-0.0101108745523433	-0.125676718229436	1
13.875	58.25	0.000442464481259542	0.992011842218301	-0.0292394526047631	-0.123761717569745	1
14.125	58.25	0.000442428721586523	0.992584658013552	-0.0408993053619726	-0.122095607954984	1
14.375	58.25	0.000442394178483255	0.993007838800305	-0.0524000241702244	-0.120671644885687	1
14.625	58.25	0.000442360589240603	0.993179284505478	-0.0658195574812154	-0.119486595776936	1
14.875	58.25	0.000442327979039317	0.99309241337388	-0.0797764784710175	-0.11854662290762	1
15.125	58.25	0.000442296793292034	0.992837235408096	-0.0913287682744586	-0.117828711051763	1
15.375	58.25	0.000442267540062286	0.992577229631581	-0.0985016884529706	-0.117258686106042	1
15.625	58.25	0.000442240418900167	0.992444115257882	-0.101727832870101	-0.116753824564386	1
15.875	58.25	0.000442215324616075	0.992522914186305	-0.102512546481185	-0.116279038690362	1
16.125	58.25	0.000442192027193237	0.992853208673302	-0.102081820425537	-0.115851290056917	1
16.375	58.25	0.000442170173562696	0.993421669709568	-0.101120221379138	-0.115515317269775	1
16.625	58.25	0.000442149031828108	0.994172529881239	-0.0997416846477719	-0.115317723957846	1
16.875	58.25	0.00044212718631005	0.995016745377975	-0.0977472475360134	-0.115282850157331	1
17.125	58.25	0.000442102535387316	0.995858031049455	-0.0950783648573797	-0.115404893234594	1
17.375	58.25	0.000442072749495061	0.99668858553891	-0.0910232259620229	-0.115659457191822	1
17.625	58.25	0.000442036310153244	0.99863214184799	-0.0768704363076912	-0.116004429355541	1
17.875	58.25	0.000441992720105001	1.00400714038437	-0.0272701341046433	-0.116631186701186	1
18.125	58.25	0.000441939436015123	1.00596781329141	0.0568475737112691	-0.118393474148662	1
18.375	58.25	0.000441880434370237	0.999656037859655	0.129065418449513	-0.120643128893772	1
18.625	58.25	0.000441826416592527	0.991834527972126	0.185720384803432	-0.122586531369322	1
18.875	58.25	0.000441776573586256	0.983942424465243	0.228208041057678	-0.125328699348491	1
19.125	58.25	0.000441740795759091	0.976325147799537	0.258751340646187	-0.12770400207748	1
19.375	58.25	0.000441727497393882	0.965770087657332	0.306069091672337	-0.130372132756897	1
19.625	58.25	0.000441719440283129	0.955865439751017	0.325075167922712	-0.134248132678416	1
19.875	58.25	0.000441716167572381	0.949250181770015	-0.266317752986298	-0.134949965130211	1
20.125	58.25	0.000441741277062972	0.967201709331299	-0.215602014265721	-0.127823589178969	1
20.375	58.25	0.000441790264477348	0.935319260239279	-0.371599815685034	-0.131133376971918	1
20.625	58.25	0.000441851163843047	0.808738510193978	-0.573729240010249	-0.131611737234717	1
20.875	58.25	0.000441862730320074	0.970591312106756	-0.089515259727167	-0.128251021820232	1
21.125	58.25	0.000441848982682527	0.907277336259853	-0.391281090647489	-0.118955312179566	1
21.375	58.25	0.000441857199292022	0.998007478110938	-0.0954627754190725	-0.122841152269399	1
21.625	58.25	0.00044187961471025	0.996230742772713	-0.0429242434588053	-0.120515565699281	1
21.875	58.25	0.000441920735698969	1.00925302630847	0.0463029646482143	-0.121654025309572	1
22.125	58.25	0.000441990068103658	1.0118170767597	0.0415974923970604	-0.125851070391342	1
22.375	58.25	0.000442088077770909	1.00232033441247	0.0670071200518127	-0.128197553366848	1
22.625	58.25	0.000442208580321751	0.996891094390357	0.0520524265907265	-0.128324307811547	1
22.875	58.25	0.000442338129518696	0.98329618425848	0.0933010582847915	-0.127528653198413	1
23.125	58.25	0.000442444902593437	0.967452816584262	0.106033470185569	-0.122385573668474	1
23.375	58.25	0.000442463279627592	0.953782705261027	0.215381964598108	-0.114215187563036	1
23.625	58.25	0.000442435906419441	0.910701684366702	0.40617849539768	-0.110907748782864	1
23.875	58.25	0.000442457283385542	0.928108093247607	0.381770661805268	-0.11295402065225	1
24.125	58.25	0.00044246862538679	0.964664122329227	0.249783703991869	-0.11295224147174	1
24.375	58.25	0.000442456382580537	0.99211119278291	0.0851703504934294	-0.111481554618713	1
24.625	58.25	0.000442442361564879	1.00024932419271	-0.0102850203912687	-0.111016930146453	1
24.875	58.25	0.000442433672428163	1.00287876281455	-0.0466839538204198	-0.111780593755024	1
25.125	58.25	0.000442428070896766	1.00334991710455	-0.0635202741535981	-0.113153208965653	1
25.375	58.25	0.000442421741907752	1.00219238933151	-0.0756526444411194	-0.114615255744189	1
25.625	58.25	0.000442412364780191	0.999842533006412	-0.088080498296931	-0.115828713645554	1
25.875	58.25	0.000442400476060074	0.996745216497026	-0.102747085446068	-0.116621318278591	1
26.125	58.25	0.000442391560726392	0.993287447646666	-0.120596464277592	-0.116980338980244	1
26.375	58.25	0.000442397977725032	0.989654267520058	-0.142383494423184	-0.117031370018938	1
26.625	58.25	0.0004424376552059	0.985696117561358	-0.168658416120825	-0.116993239498228	1
26.875	58.25	0.000442525398696858	0.980915060329702	-0.199063620687925	-0.117099255740754	1
27.125	58.25	0.000442654950143553	0.974797376842622	-0.231329279108371	-0.117485619800588	1
27.375	58.25	0.000442778725257771	0.965349134601907	-0.264908282331875	-0.118106165316619	1
27.625	58.25	0.000442805754685611	0.964432999960228	-0.261424543375953	-0.118189642720737	1
27.875	58.25	0.000442644087834735	0.879697354145848	-0.413092542505847	-0.118276726661469	1
28.125	58.25	0.000442351603016668	0.80356962419221	-0.569106698692713	-0.106211560558902	1
28.375	58.25	0.000441950820605879	0.460401974243389	-0.874170924117393	-0.11213422411613	1
28.625	58.25	0.000441572089271718	0.961026411579026	0.00740135114975766	-0.100153362031034	1
28.875	58.25	0.00044137100054907	0.405093351955308	0.912133625474923	-0.0927477082315223	1
29.125	58.25	0.000441360327720851	0.704282529749062	0.716891325058146	-0.0988360609033331	1
29.375	58.25	0.000441395325068931	0.724092384984203	0.697551999072192	-0.095837062984458	1
29.625	58.25	0.000441346087506718	0.877575420647714	0.506349784925275	-0.10126321060849	1
29.875	58.25	0.00044128375008835	0.895379781519123	0.46729538948146	-0.103635584639228	1
30.125	58.25	0.000441165926487856	0.92381037246686	0.40646142700584	-0.1067454676506	1
30.375	58.25	0.00044094602751553	0.95215088289292	0.309915058743763	-0.108446616483773	1
30.625	58.25	0.000440642863581417	0.973392574022158	0.193838370265661	-0.107327887691722	1
30.875	58.25	0.000440314944106312	0.984269867921545	0.0996045215501887	-0.104598945400471	1
31.125	58.25	0.000439998574541979	0.989928516326935	0.0452085132522119	-0.10199007473373	1
31.375	58.25	0.000439701272554687	0.993554114497368	0.0170930811305318	-0.100141833258369	1
31.625	58.25	0.000439423382769473	0.995520135838825	0.00149470333852762	-0.0989107835576922	1
31.875	58.25	0.000439165259882052	0.996010933283114	-0.00871650299392584	-0.0979712348418485	1
32.125	58.25	0.000438927635237275	0.995212791012241	-0.0167033729253529	-0.0970023362019856	1
32.375	58.25	0.000438710512230408	0.99324638539132	-0.0238466888250056	-0.0957131598234726	1
32.625	58.25	0.000438511448949822	0.990153460953938	-0.0308618196941583	-0.0938323102248971	1
32.875	58.25	0.000438323527517273	0.985888341610836	-0.0384318841187913	-0.091092233151799	1
33.125	58.25	0.000438134127986564	0.980291617340813	-0.0476567448006009	-0.0872123400189859	1
33.375	58.25	0.000437926490113488	0.97306162137724	-0.0602749845067181	-0.0818815632297402	1
33.625	58.25	0.000437685819583646	0.963785371309582	-0.0780516095204919	-0.07474947121977	1
33.875	58.25	0.000437409953508792	0.952140840644099	-0.099828771331207	-0.0654364502467139	1
34.125	58.25	0.000437122861809257	0.938789654631437	-0.114359000120976	-0.0535015709039796	1
34.375	58.25	0.000436883994132922	0.927996574176703	-0.093271964869614	-0.0383161119804693	1
34.625	58.25	0.000436756847464225	0.924020523503459	-0.0173969602302731	-0.0198650404259392	1
34.875	58.25	0.000436742747557549	0.925129525128741	0.0632770736984675	-0.000577558435124177	1
35.125	58.25	0.00043685716410557	0.934025590389406	0.0865078873915932	0.0163990577315037	1
35.375	58.25	0.000437273895577909	0.945935142010349	0.0611141512723719	0.0304230987863919	1
35.625	58.25	0.000438249882567051	0.953546030612329	0.0179546151459321	0.0424521422844505	1
35.875	58.25	0.000439855219152741	0.955118169778721	-0.0210707636432213	0.0535707922653869	1
36.125	58.25	0.000441601809895931	0.953063682304497	-0.0265120334540797	0.0648068477926943	1
36.375	58.25	0.000442128858305498	0.947226522115793	0.0330370077895208	0.0769140429135312	1
36.625	58.25	0.000439334089808907	0.960875471871567	0.0582862693233587	0.0909632700902848	1
36.875	58.25	0.000431382835413245	0.845590693277761	-0.495691091786828	0.0956174859598435	1
37.125	58.25	0.000418767200719373	1.03698755632313	-0.147821954749475	0.102198375443936	1
37.375	58.25	0.000406505628304832	0.280780261635798	-0.9611677929676	0.0721127052075505	1
0.125	58.75	0.000444107235166211	0.688704227873735	0.728535809614954	-0.13288882291414	1
0.375	58.75	0.000444058988409888	0.984756791118813	0.215669970176297	-0.133868382273394	1
0.625	58.75	0.000443953836681733	1.00030792017377	0.0183750765503409	-0.137109522343207	1
0.875	58.75	0.000443824330186904	0.921047620498931	-0.380591066238866	-0.134314089123688	1
1.125	58.75	0.000443714151776985	0.773864497018791	-0.629468798837895	-0.136338943662864	1
1.375	58.75	0.000443652117154962	0.364975391118098	-0.926318479676719	-0.133355044528647	1
1.625	58.75	0.000443625754042932	0.934148432084697	-0.333681807415563	-0.135961663688069	1
1.875	58.75	0.00044359913013703	0.395775605357111	0.918850618418595	-0.129425129978294	1
2.125	58.75	0.000443545313796344	0.970866494695658	0.275709697161926	-0.136415623048912	1
2.375	58.75	0.000443445561203095	0.992634985903787	0.0125663234804003	-0.13383863604272	1
2.625	58.75	0.000443319023527683	0.987028338971612	0.170240335407804	-0.132980486286651	1
2.875	58.75	0.000443157556902534	0.973633541003497	-0.220708688470197	-0.134765818050611	1
3.125	58.75	0.00044298133272149	0.986379019040167	0.114869429648178	-0.132334248589538	1
3.375	58.75	0.000442833901885186	0.728549429550399	-0.690984210411996	-0.131433815783674	1
3.625	58.75	0.000442784619458703	0.758503310422079	-0.642720459308903	-0.134414573400268	1
3.875	58.75	0.000442835802686165	0.745302647942383	0.670704166691492	-0.129374519608321	1
4.125	58.75	0.000442899547038126	0.876694309244371	0.481490186910035	-0.135717181331264	1
4.375	58.75	0.000442922439611593	0.852493503573854	0.508213638661191	-0.129703807483204	1
4.625	58.75	0.00044291481127276	0.977564394780761	0.220451579409701	-0.132505101698568	1
4.875	58.75	0.000442886552477682	0.982837981831008	0.143570215818221	-0.13081483953446	1
5.125	58.75	0.000442854721480708	0.994293881567323	0.020534911832304	-0.129302426624009	1
5.375	58.75	0.00044282617978534	0.996560663412025	-0.00188950355294034	-0.12828456866679	1
5.625	58.75	0.000442801019494322	0.998164825272706	-0.000772755416552481	-0.127802244052913	1
5.875	58.75	0.000442778957257612	0.99916199635118	0.00225189283118911	-0.127586554197734	1
6.125	58.75	0.000442759336736824	1.00008701025105	0.0037009274744004	-0.127604693070233	1
6.375	58.75	0.000442741499512171	1.00095999983982	0.00374610917027707	-0.127853956394549	1
6.625	58.75	0.000442724955788901	1.00169207175879	0.00304425505161082	-0.128308748155689	1
6.875	58.75	0.00044270937673548	1.002222950755	0.00205060365149849	-0.128922873583805	1
7.125	58.75	0.000442694510650026	1.00253261791805	0.000982444463975897	-0.129641846775839	1
7.375	58.75	0.000442680114973246	1.00262191062153	-7.33883610901235e-05	-0.130409981489031	1
7.625	58.75	0.000442665948695831	1.00250104003328	-0.0010801219561043	-0.13117328872817	1
7.875	58.75	0.000442651866780987	1.00218515137463	-0.00202517203279114	-0.131881091061562	1
8.125	58.75	0.000442638051483564	1.00169031203222	-0.00291947471499278	-0.132486813155957	1
8.375	58.75	0.000442625325738695	1.00102923126724	-0.00377219973070407	-0.132947678679007	1
8.625	58.75	0.000442615315168055	1.0002178664129	-0.0045414987945396	-0.133223427137433	1
8.875	58.75	0.000442609993507685	0.999350905353563	-0.00516018667801926	-0.133279199733758	1
9.125	58.75	0.000442610257965437	0.998371100984893	-0.00434611512305104	-0.133121575837806	1
9.375	58.75	0.000442614545234188	0.998010190729443	-0.00706774828514252	-0.132684385821163	1
9.625	58.75	0.000442615824038895	0.997405330149568	0.0139048661353477	-0.132351306529784	1
9.875	58.75	0.000442603785711871	1.00004868672337	-0.0114943339067761	-0.131643066768766	1
10.125	58.75	0.000442567221787663	0.995988678431049	0.071437325164325	-0.132617254668665	1
10.375	58.75	0.000442495799745195	1.00274818748402	0.0871929722971745	-0.131100232446156	1
10.625	58.75	0.000442403395328543	0.98031352026432	-0.20253340074204	-0.136068513485531	1
10.875	58.75	0.000442314052245919	0.770522915854454	-0.633237251555911	-0.131743430428822	1
11.125	58.75	0.000442268108207351	0.55652647360701	-0.838915041018812	-0.135160262027868	1
11.375	58.75	0.000442269220247199	0.751840175679021	-0.645071086938202	-0.133970135360813	1
11.625	58.75	0.000442301073036033	0.700479272634231	0.711196357480355	-0.131688158134466	1
11.875	58.75	0.000442335448126798	0.831021988135644	0.55178994002579	-0.133468518944351	1
12.125	58.75	0.000442348609581682	0.609814302126069	0.78992987466079	-0.130889842609683	1
12.375	58.75	0.000442340480082622	1.0009268604765	0.0241443807505134	-0.133068559454441	1
12.625	58.75	0.000442305875633032	0.988166860274918	-0.118797815596507	-0.131700396241725	1
12.875	58.75	0.000442265875802998	0.991922684554584	-0.0851902597869068	-0.130911555131215	1
13.125	58.75	0.000442223239625437	0.992443521271524	-0.0604372075898346	-0.129689771916808	1
13.375	58.75	0.000442180949636626	0.993131254170892	-0.0261061229861434	-0.128247972198055	1
13.625	58.75	0.000442139741204607	0.992801755803652	0.00397495205632121	-0.126628313631989	1
13.875	58.75	0.000442100694043508	0.992242113685154	0.0249706609239256	-0.12485647114487	1
14.125	58.75	0.00044206403805077	0.992178999285197	0.0396682875526346	-0.123108966800338	1
14.375	58.75	0.000442029504037362	0.992501506713847	0.0527108051757134	-0.121543614245449	1
14.625	58.75	0.000441996717301333	0.992905665189536	0.0659584987129755	-0.120259578346551	1
14.875	58.75	0.000441965484825979	0.993190891251392	0.0781933951934528	-0.119290494465586	1
15.125	58.75	0.00044193584373071	0.993310037469435	0.0875837837818908	-0.118591026078468	1
15.375	58.75	0.000441907829146817	0.993322740213076	0.0939147039734966	-0.118071137012634	1
15.625	58.75	0.000441881253818782	0.993343928470317	0.0981484222857512	-0.117664677454671	1
15.875	58.75	0.000441855634792758	0.99349591886348	0.101065512443905	-0.117356730764389	1
16.125	58.75	0.000441830136948936	0.993859849412808	0.102875520573643	-0.117168251586852	1
16.375	58.75	0.000441803411434742	0.994456365043424	0.10339928666497	-0.117129942769299	1
16.625	58.75	0.000441773392481099	0.995259263769207	0.102428740266913	-0.117260926940612	1
16.875	58.75	0.00044173728054266	0.996220422684733	0.100002526046169	-0.117567452731096	1
17.125	58.75	0.00044169197804699	0.997244603403678	0.0955803913673476	-0.118048824944388	1
17.375	58.75	0.000441635295037181	0.997957989900371	0.0858916223493959	-0.118642855903536	1
17.625	58.75	0.000441568584840533	0.997726492278703	0.0615918737783538	-0.119034660339777	1
17.875	58.75	0.000441499298394047	0.996812255857338	0.00339609721181231	-0.118624016272167	1
18.125	58.75	0.000441435831215427	0.992531190031851	-0.0930560981009507	-0.117647650826864	1
18.375	58.75	0.000441383190601321	0.984907497111599	-0.170527044256098	-0.117266211692501	1
18.625	58.75	0.000441350609197037	0.980279741396523	-0.208068637766731	-0.117549162632126	1
18.875	58.75	0.000441344093189708	0.9748959871007	-0.240173015302017	-0.118414642099293	1
19.125	58.75	0.00044137343657693	0.972350558954947	-0.25401644182111	-0.119577348732921	1
19.375	58.75	0.000441447571259479	0.968975386601105	-0.271583202113496	-0.120871912287564	1
19.625	58.75	0.000441565667602855	0.967169586703472	-0.277171961716499	-0.122696961144124	1
19.875	58.75	0.000441719844032908	0.978893316795024	-0.231809653245927	-0.123705754880764	1
20.125	58.75	0.000441896680744514	0.666575131957313	-0.736612762997537	-0.125621601919238	1
20.375	58.75	0.000442053244330086	0.93526554677411	0.340035145863356	-0.120963914619592	1
20.625	58.75	0.000442182226037419	0.71700661916234	0.691254160429311	-0.12346116675759	1
20.875	58.75	0.00044226357400874	0.868579789364144	0.488757455860808	-0.119814023197408	1
21.125	58.75	0.000442328766297328	0.821079226131607	0.583265161786658	-0.122324790092527	1
21.375	58.75	0.000442363229654086	0.875845073655946	0.484251301914811	-0.122538960800904	1
21.625	58.75	0.000442382613610888	0.90990494773135	0.422225719213022	-0.122862878597971	1
21.875	58.75	0.000442409535346826	0.95503205096235	0.306703343777606	-0.124035787846151	1
22.125	58.75	0.000442464560201215	0.998170454544286	0.0468083796853664	-0.124525126174974	1
22.375	58.75	0.000442554996302721	0.989690247492785	-0.135514058964623	-0.123876278161552	1
22.625	58.75	0.000442668393790155	0.978961547511733	-0.203375093379554	-0.12407777785189	1
22.875	58.75	0.000442781528273791	0.953348970708489	-0.30077977096213	-0.123821668433895	1
23.125	58.75	0.00044286640787088	0.930457419464818	-0.353793375385201	-0.123786611611427	1
23.375	58.75	0.000442906362884447	0.922486581684576	-0.373714018764624	-0.121616804454852	1
23.625	58.75	0.000442874986968342	0.914142214792833	-0.39366760933193	-0.12212724602246	1
23.875	58.75	0.000442810626954627	0.976694477974829	-0.0898312943639959	-0.11994941031647	1
24.125	58.75	0.000442729826027084	0.973741614917277	0.119893692343754	-0.112626807777651	1
24.375	58.75	0.000442658481034753	0.996166190215541	0.0386050000059973	-0.110661308592894	1
24.625	58.75	0.000442608120969487	1.00285577995915	0.0413035874931778	-0.111245313985898	1
24.875	58.75	0.000442572155160344	1.00454749585514	0.0507074092583406	-0.112677729231499	1
25.125	58.75	0.000442543020823323	1.00473178331374	0.0541448322641938	-0.11431971807821	1
25.375	58.75	0.000442514909756811	1.00422997717343	0.0562651676302166	-0.115932265312616	1
25.625	58.75	0.000442483933631021	1.00318759019421	0.0611438417080861	-0.117380918673931	1
25.875	58.75	0.000442449765935465	1.00177723298285	0.0710191440710526	-0.118612956732824	1
26.125	58.75	0.000442418855457094	1.00020752458987	0.086626268944933	-0.119676042863654	1
26.375	58.75	0.000442407153026448	0.998630802042524	0.107478409459731	-0.120724722823879	1
26.625	58.75	0.000442438042911856	0.997075060056635	0.132142330158297	-0.121988498708628	1
26.875	58.75	0.000442529453818324	0.995458745834562	0.158745892965917	-0.123703983548028	1
27.125	58.75	0.000442666668597273	0.993780499599562	0.185490572191404	-0.12605040545114	1
27.375	58.75	0.00044276830694951	0.991587679665593	0.211205028952748	-0.129163706802186	1
27.625	58.75	0.000442675005898625	0.98730220506189	0.228564942986111	-0.13284816372718	1
27.875	58.75	0.000442221457767883	0.990969583570555	0.0820116303529151	-0.13546287906632	1
28.125	58.75	0.000441462750168566	0.961332911460563	-0.219277302581258	-0.129821044069152	1
28.375	58.75	0.000440572559627663	0.8102704664473	-0.594197005743693	-0.130384550449689	1
28.625	58.75	0.000439732913193642	0.675293616553885	-0.730342504452103	-0.133392627376789	1
28.875	58.75	0.000439102953491052	0.724724581513698	-0.669929811384969	-0.129260310106143	1
29.125	58.75	0.000438591001513042	0.873162132575454	-0.450174509406173	-0.131591376786913	1
29.375	58.75	0.000438110880883557	0.95351423035191	-0.118744213988323	-0.120648778754592	1
29.625	58.75	0.000437685728230422	0.963809617535244	-0.145526418618782	-0.112237464830274	1
29.875	58.75	0.000437347877135713	0.974448419929399	-0.158369658406513	-0.10812643827356	1
30.125	58.75	0.00043705355747054	0.981231416307591	-0.150535638250898	-0.105992165156328	1
30.375	58.75	0.000436766782726284	0.986487652299465	-0.124789119564706	-0.104583631975496	1
30.625	58.75	0.000436485963151707	0.99111388611308	-0.0799123559008749	-0.103201219950211	1
30.875	58.75	0.000436223553806309	0.993729385696733	-0.0365633023567185	-0.101784416710633	1
31.125	58.75	0.000435990091014866	0.995009899755819	-0.00836449546893464	-0.100465265087814	1
31.375	58.75	0.00043578701220721	0.995952751704719	0.00477423996117832	-0.0993827401502929	1
31.625	58.75	0.000435611533452756	0.996564217950485	0.00828279738543218	-0.0985237509960039	1
31.875	58.75	0.000435460947772029	0.996557704837443	0.00678496366144079	-0.0977557832434089	1
32.125	58.75	0.000435333851724585	0.995722136865282	0.00303673926731755	-0.0968842664428135	1
32.375	58.75	0.000435229376013589	0.993947076246341	-0.00158906395732295	-0.0956848722972917	1
32.625	58.75	0.000435144938883782	0.991173123858609	-0.00657246850908118	-0.0939189895184945	1
32.875	58.75	0.000435073125163456	0.987329921227545	-0.0119853531507646	-0.0913371825358534	1
33.125	58.75	0.000434999320713975	0.98226099836895	-0.018487462833234	-0.0876694174311979	1
33.375	58.75	0.000434902985972463	0.975638307102076	-0.0274095351681214	-0.0825992071398426	1
33.625	58.75	0.000434765534280544	0.966913324244499	-0.040405797722163	-0.0757249323034418	1
33.875	58.75	0.000434584947702897	0.955451866242969	-0.0572789193712491	-0.0665275748133694	1
34.125	58.75	0.000434391155597035	0.941462226731789	-0.0696835134712517	-0.0543656964287217	1
34.375	58.75	0.000434246804773608	0.928698180055684	-0.0547255835758933	-0.0386043744340593	1
34.625	58.75	0.000434203796674496	0.922688054614646	0.0012535504774825	-0.0196241340695869	1
34.875	58.75	0.000434249505656777	0.92504990695911	0.0571850181077227	-0.000134107429995285	1
35.125	58.75	0.000434396777306633	0.9355315167189	0.0690126128782872	0.0168648713959493	1
35.375	58.75	0.00043481778000111	0.947144430725782	0.0468944299301209	0.0308117602815175	1
35.625	58.75	0.000435775465004458	0.953853939220042	0.0132460253070896	0.042711827006083	1
35.875	58.75	0.000437369828535114	0.954528565706738	-0.0168699580320804	0.0538434235169807	1
36.125	58.75	0.00043916618063092	0.951912398089645	-0.0153345959333965	0.065390143026817	1
36.375	58.75	0.000439855053479351	0.947322689977875	0.0622693042543681	0.0778503273484446	1
36.625	58.75	0.000437325614837288	0.962881409999576	0.136822097464934	0.0907231351546331	1
36.875	58.75	0.000429709201153359	0.837582948022541	-0.494835625362231	0.0919399663545398	1
37.125	58.75	0.000417498552689149	1.01768525421475	0.15410786647633	0.103685914758473	1
37.375	58.75	0.000405449081855598	0.382602855662746	-0.913114279167215	0.077146072781121	1
0.125	59.25	0.000443822899808006	0.851262788131007	0.521226091380346	-0.132033730545425	1
0.375	59.25	0.000443703687679149	0.995954253479124	-0.0102503718948424	-0.131448176308204	1
0.625	59.25	0.000443494119431075	0.963825010862282	-0.284906723469278	-0.130243488961738	1
0.875	59.25	0.000443260059936085	0.81793974738325	-0.57341798858283	-0.133771549992989	1
1.125	59.25	0.000443044498735294	0.838487810804853	0.534029741777093	-0.130034673975342	1
1.375	59.25	0.000442888041026093	0.80890094662794	0.587222734953466	-0.131458293619874	1
1.625	59.25	0.000442783059330366	0.603777810743615	0.790644941164103	-0.130183326108958	1
1.875	59.25	0.000442701814341258	0.940602944079739	0.351235150463255	-0.130021970022645	1
2.125	59.25	0.000442602090117424	0.975218423404161	-0.238287769054701	-0.13225371460768	1
2.375	59.25	0.00044250296224116	0.994368997333211	0.0702117770487242	-0.132030512141753	1
2.625	59.25	0.000442400473103819	1.00546503071057	-0.0212647663740329	-0.130927018840218	1
2.875	59.25	0.000442288246184086	0.990967489861	-0.0889752607119255	-0.135087293549134	1
3.125	59.25	0.000442186592988018	0.983352466630437	-0.146955747444043	-0.128625545083766	1
3.375	59.25	0.000442131816239708	0.942861436419087	-0.351039696982739	-0.132286898681738	1
3.625	59.25	0.000442139696310787	0.86578785394079	-0.49977526826578	-0.131635096899651	1
3.875	59.25	0.000442224551282962	0.996662013077973	-0.0316069367193485	-0.132434647551476	1
4.125	59.25	0.000442275610011118	0.773229852023735	0.627042675948023	-0.130405597766636	1
4.375	59.25	0.000442295897445078	0.994697110411953	0.0881475939137975	-0.130706262736945	1
4.625	59.25	0.000442280602531618	0.974481966612831	-0.218851476171789	-0.129903718784154	1
4.875	59.25	0.000442265782926228	0.99565291903503	-0.0790271371591258	-0.130151379912051	1
5.125	59.25	0.000442262252275906	0.996458712429283	-0.00557993174376979	-0.129497980081479	1
5.375	59.25	0.000442266487022529	0.996464894870459	0.0122403935690483	-0.128607619457744	1
5.625	59.25	0.00044227335647249	0.997634060765751	0.00984969133923178	-0.127986330259876	1
5.875	59.25	0.000442280369258495	0.998845136202056	0.00637222612347075	-0.127668106661183	1
6.125	59.25	0.000442286615458538	0.999954052748002	0.00427108282005911	-0.127638928691414	1
6.375	59.25	0.000442291865538125	1.00091143572141	0.00302007404583722	-0.127869909590838	1
6.625	59.25	0.000442296143817663	1.00167252699706	0.00210997140578014	-0.128317273177447	1
6.875	59.25	0.000442299542149848	1.0022129316975	0.00133459523564407	-0.128927674388833	1
7.125	59.25	0.00044230212626884	1.00252777111675	0.000630137591980456	-0.129644581702313	1
7.375	59.25	0.000442303896983811	1.00262296922593	-2.22258514477131e-05	-0.13041203756438	1
7.625	59.25	0.000442304816015798	1.00250994696001	-0.000624876913433127	-0.131176368661864	1
7.875	59.25	0.000442304928663886	1.00220346760382	-0.0011733371738196	-0.131887221707858	1
8.125	59.25	0.000442304595932765	1.00171946873778	-0.00165803669157292	-0.132498185912182	1
8.375	59.25	0.00044230474663134	1.00107489393883	-0.00205217875730721	-0.132966768176551	1
8.625	59.25	0.000442306882592276	1.00029545682978	-0.00228118433634026	-0.133254945676706	1
8.875	59.25	0.000442312464660436	0.999422842505368	-0.00220580976119817	-0.133332978304924	1
9.125	59.25	0.000442321500880209	0.998616619600873	-0.00205426230159329	-0.133183555397509	1
9.375	59.25	0.000442330687033383	0.997627596606389	-0.000470113690384385	-0.132856476158231	1
9.625	59.25	0.000442333790093012	0.997895385302377	-0.00520967551086923	-0.132211139739122	1
9.875	59.25	0.00044231848401076	0.997260566151116	-0.00261577569647796	-0.132021024146127	1
10.125	59.25	0.000442282531696077	0.995313813390428	-0.0637598177775702	-0.131049904679978	1
10.375	59.25	0.000442232572355468	1.00844795451244	0.0432884862645061	-0.130879490055002	1
10.625	59.25	0.000442172863320335	0.974918292569966	-0.2072410861233	-0.135945380776167	1
10.875	59.25	0.000442124190222248	0.976813411049105	0.151390340481235	-0.129410344712342	1
11.125	59.25	0.000442092729666328	0.71037165860569	-0.719937021293581	-0.130380001321317	1
11.375	59.25	0.000442070747418737	0.682154777445338	-0.728199739708568	-0.13391662768522	1
11.625	59.25	0.000442044650602571	0.885182247300953	0.442587132352416	-0.13013957573192	1
11.875	59.25	0.00044197685299341	0.538513372969941	0.844979182794134	-0.129637467547708	1
12.125	59.25	0.000441911408516353	0.956484922734293	0.308070223930084	-0.131165983778826	1
12.375	59.25	0.000441856797385453	0.999836678066492	0.0111909411645141	-0.132151277127314	1
12.625	59.25	0.000441815471058116	0.989636043644161	0.118161341003397	-0.131324022338632	1
12.875	59.25	0.000441782465038156	0.991968312754644	0.0878581558443428	-0.130683502718712	1
13.125	59.25	0.000441750706956371	0.991764602055952	0.062875821439865	-0.129444489513404	1
13.375	59.25	0.00044171769553091	0.992002643140392	0.0283997913385311	-0.127757863067298	1
13.625	59.25	0.000441683661264623	0.992063170041037	-0.000830737514792559	-0.125852422900457	1
13.875	59.25	0.000441649923598614	0.992317742896943	-0.0202451563982301	-0.123993710307525	1
14.125	59.25	0.000441617784485087	0.992737274486561	-0.034443066029352	-0.122315439784827	1
14.375	59.25	0.000441587731712244	0.993123511262067	-0.0479273318271027	-0.120859442953902	1
14.625	59.25	0.000441559418861137	0.99337607048173	-0.0620528857353167	-0.119651813569666	1
14.875	59.25	0.000441532323871333	0.993461038311825	-0.0755618344768233	-0.118710793935504	1
15.125	59.25	0.000441506112612905	0.993402712848457	-0.0862485990287041	-0.118011221226368	1
15.375	59.25	0.000441480322094346	0.993298249434896	-0.0928658899644876	-0.11747468738704	1
15.625	59.25	0.000441453888081067	0.993281166318799	-0.0958511910402941	-0.11702031806618	1
15.875	59.25	0.0004414250214037	0.993472894501855	-0.0963682740047117	-0.116615850669182	1
16.125	59.25	0.000441391309854001	0.993939576579638	-0.0953575182147327	-0.116280126647569	1
16.375	59.25	0.00044134981057508	0.994671279573562	-0.0933407321454418	-0.116057013770043	1
16.625	59.25	0.000441297355057012	0.995591418461239	-0.090548792974347	-0.115987697462824	1
16.875	59.25	0.000441231678439621	0.996586549360166	-0.0870511575146294	-0.116091959578395	1
17.125	59.25	0.000441153825831826	0.997541768636154	-0.0824008132817142	-0.116360930376809	1
17.375	59.25	0.000441071197737711	0.998443898999809	-0.073760611792387	-0.116742079980727	1
17.625	59.25	0.000440998679230559	0.999871352553294	-0.0513685396181967	-0.117122466455129	1
17.875	59.25	0.000440953824035713	1.0020512221979	-0.000186789134265781	-0.11752416769159	1
18.125	59.25	0.00044094828678258	1.00127656957885	0.0710717907915107	-0.118357305089976	1
18.375	59.25	0.000440989770109592	0.996770775100997	0.130646789445048	-0.119625252035684	1
18.625	59.25	0.000441083545325819	0.992233004720116	0.170531364225962	-0.121170222491603	1
18.875	59.25	0.000441232635020594	0.988139623414724	0.1981258064691	-0.123129012522555	1
19.125	59.25	0.000441445733810706	0.985155414621009	0.21812786403404	-0.125137503727355	1
19.375	59.25	0.000441725712016646	0.980673853498208	0.244253611908837	-0.127663690974619	1
19.625	59.25	0.000442052136607963	0.979926288138976	0.240254395122215	-0.130411769375222	1
19.875	59.25	0.000442398677729905	0.978420810662624	0.21898448312641	-0.131998411045442	1
20.125	59.25	0.000442742951883687	0.99235403229487	-0.0779094470201771	-0.131507513429813	1
20.375	59.25	0.000443042144794051	0.747265570646491	-0.651702384392225	-0.130036145248696	1
20.625	59.25	0.000443245762282737	0.909815643034094	-0.394764483760685	-0.128793663956279	1
20.875	59.25	0.000443347789075747	0.889631947541015	-0.433536636887974	-0.126350660815062	1
21.125	59.25	0.000443361769243519	0.926348975810044	-0.35939967280793	-0.124266353247393	1
21.375	59.25	0.000443302698879351	0.954090488045375	-0.285032563016417	-0.123448914807953	1
21.625	59.25	0.000443230719730862	0.977796401277837	-0.199702468751011	-0.122385480283692	1
21.875	59.25	0.000443199266293056	0.998892846347968	-0.113384133843599	-0.122669332622434	1
22.125	59.25	0.000443248385579943	1.0075767551789	-0.0267055843618364	-0.125256653196344	1
22.375	59.25	0.000443364387504451	1.00063704121006	0.0636850721661258	-0.1268537081896	1
22.625	59.25	0.000443494941102696	0.991774765921821	0.106243811516387	-0.126754254687854	1
22.875	59.25	0.000443570750913058	0.97904139621206	0.157092111644745	-0.125715973019621	1
23.125	59.25	0.000443529451215578	0.96153604138231	0.205977077880499	-0.122629491285623	1
23.375	59.25	0.000443356043710337	0.950661513023063	0.250198937877052	-0.117464956590303	1
23.625	59.25	0.000443103692385626	0.912947183367475	0.38352058499707	-0.114187930749868	1
23.875	59.25	0.000442892301090564	0.92272343365787	0.366109678417179	-0.112931020224219	1
24.125	59.25	0.000442763132813578	0.981682564951174	0.162654662442318	-0.111178576336202	1
24.375	59.25	0.000442666718365008	0.998911848551418	0.0292252405935848	-0.110670545560797	1
24.625	59.25	0.000442599037155708	1.00225613596355	-0.0206723236670409	-0.110995750746959	1
24.875	59.25	0.000442546396845747	1.00377944384596	-0.042832567478066	-0.112061043306788	1
25.125	59.25	0.000442498633882618	1.0040249685198	-0.0546105021509419	-0.113498359818489	1
25.375	59.25	0.000442448310351458	1.00317667423877	-0.0632449966648482	-0.114970235181416	1
25.625	59.25	0.000442389382334998	1.00150967513488	-0.0721489120406031	-0.116234800462919	1
25.875	59.25	0.000442318898294999	0.999389917312007	-0.0828559984359583	-0.11717021617158	1
26.125	59.25	0.00044224066814637	0.99720137801325	-0.0959706775281822	-0.117782118881819	1
26.375	59.25	0.000442167851758264	0.995254133899564	-0.111658683056543	-0.118196144452444	1
26.625	59.25	0.000442119163091781	0.99368604088378	-0.129788725307207	-0.118627090821796	1
26.875	59.25	0.000442102251576059	0.992409220724002	-0.149766678026141	-0.119320141286381	1
27.125	59.25	0.000442081729434927	0.991137231487549	-0.170168137370299	-0.12046991766615	1
27.375	59.25	0.000441942458085201	0.989220925366348	-0.188410093307133	-0.122119188277086	1
27.625	59.25	0.000441480801997221	0.987259016868181	-0.194474650281571	-0.123914908752742	1
27.875	59.25	0.000440468457844933	0.979353197244301	-0.181186216181201	-0.125149367192824	1
28.125	59.25	0.000438823781877109	0.960647366713036	-0.15892288966936	-0.121770212828466	1
28.375	59.25	0.000436722921369288	0.947056759547714	-0.187089181146619	-0.112165442810415	1
28.625	59.25	0.000434708485809082	0.845898941443104	0.504261134114676	-0.104328108644901	1
28.875	59.25	0.000433078304541721	0.780791411382954	0.616080069798367	-0.105935346010339	1
29.125	59.25	0.000431868699830629	0.75793698027996	0.627446466312499	-0.103907517891742	1
29.375	59.25	0.000431089292291723	0.771198850851577	0.627832234221169	-0.101167819946942	1
29.625	59.25	0.000430688024756298	0.85624886360354	0.525907907553853	-0.103284112373994	1
29.875	59.25	0.000430596832468174	0.891795392158199	0.467121160870136	-0.104775719875186	1
30.125	59.25	0.000430669387135023	0.932994452786128	0.376723233350406	-0.107190711118644	1
30.375	59.25	0.000430782132794024	0.962999245319666	0.265131409369794	-0.107890556343407	1
30.625	59.25	0.000430891648112915	0.980433227198407	0.151997436868779	-0.106361422995125	1
30.875	59.25	0.00043100410742894	0.987764181319637	0.0730970556370277	-0.103837941516192	1
31.125	59.25	0.000431118649771062	0.991768708881578	0.0299867419131718	-0.101606289720747	1
31.375	59.25	0.000431229529372842	0.994428111207708	0.00827489901954004	-0.10000918239854	1
31.625	59.25	0.000431334889406339	0.99592276632914	-0.00289559198622226	-0.098906967485204	1
31.875	59.25	0.000431436607902237	0.996299436064725	-0.00914919326828159	-0.0980419164260416	1
32.125	59.25	0.000431538364422466	0.995614217529983	-0.0131683985628946	-0.0971448148266803	1
32.375	59.25	0.000431643743882138	0.993915849849531	-0.0162274389095037	-0.0959566469290603	1
32.625	59.25	0.000431753747745396	0.991228030863347	-0.0189786234506208	-0.0942289612611119	1
32.875	59.25	0.000431863534103793	0.987519423182458	-0.0218880363140364	-0.091716147704457	1
33.125	59.25	0.000431959753515192	0.982643805795139	-0.0255372076328734	-0.0881579071658121	1
33.375	59.25	0.000432021619877327	0.97624352348988	-0.0308364626902856	-0.0832441183996163	1
33.625	59.25	0.000432029417171427	0.967660251630885	-0.0389213172595599	-0.0765556330198481	1
33.875	59.25	0.000431981179944269	0.95605825021724	-0.0498311635552029	-0.0674933722253957	1
34.125	59.25	0.000431909812283633	0.941474086823567	-0.0581240286114129	-0.0552640715159284	1
34.375	59.25	0.000431879651173908	0.927634477538314	-0.0481064129131582	-0.0391753770421039	1
34.625	59.25	0.000431936571614547	0.921357724403519	-0.0106903554617267	-0.0198178591778688	1
34.875	59.25	0.000432062038938215	0.925564283513927	0.0265203930310185	-7.73440488185829e-05	1
35.125	59.25	0.000432267700066523	0.937038644914024	0.035446153350955	0.0170626852726628	1
35.375	59.25	0.000432722103493982	0.94814172601335	0.0231083845360551	0.0310097409230603	1
35.625	59.25	0.000433693574791557	0.953801575746548	0.00328157389156107	0.0428448606133472	1
35.875	59.25	0.000435312841844562	0.953044842603456	-0.014757819634432	0.0541193982928209	1
36.125	59.25	0.000437207282604758	0.949714178697978	-0.00799800285427553	0.0662725094749584	1
36.375	59.25	0.000438138504224679	0.953195466128386	0.0580135872335885	0.0792140763671845	1
36.625	59.25	0.000436005899391581	0.977921412750252	0.137971424178773	0.0887471679098365	1
36.875	59.25	0.00042885752998515	0.916993308682343	-0.321561804898323	0.0857606190511951	1
37.125	59.25	0.00041708977024891	0.989293128634406	0.235977887304288	0.102067636165521	1
37.375	59.25	0.000405375600154326	0.591779256168917	-0.783736986153226	0.0772859664885745	1
0.125	59.75	0.000443331445319116	0.973830680073022	0.228041760067362	-0.13212124638707	1
0.375	59.75	0.000443128769367653	1.00231681668417	-0.00196692517805461	-0.132430770516266	1
0.625	59.75	0.000442784830680724	0.968927152974197	0.26691917728949	-0.133500837764479	1
0.875	59.75	0.000442444610050294	0.998503137620394	-0.0414225813679226	-0.134806932010405	1
1.125	59.75	0.000442104277654266	0.677035623840664	-0.728747584352316	-0.133421717739316	1
1.375	59.75	0.000441883363081814	0.900858461252897	-0.426314849219643	-0.133027057484225	1
1.625	59.75	0.000441717063236975	0.764988004103841	-0.637067698480621	-0.132180217045066	1
1.875	59.75	0.000441603092656768	0.993137279590572	0.14975930227768	-0.131157225559374	1
2.125	59.75	0.00044149689628777	0.989595814990385	0.166019633469255	-0.134527921709538	1
2.375	59.75	0.000441446806986845	0.994013367658439	-0.0404499436331168	-0.13292472651215	1
2.625	59.75	0.000441426909860867	1.00137791435187	0.075636386352285	-0.132180913987767	1
2.875	59.75	0.000441443566091988	0.996166739196943	-0.0289508109980393	-0.135221177718971	1
3.125	59.75	0.000441490831115297	0.985827427792021	0.0486494385494454	-0.130691924069828	1
3.375	59.75	0.000441630576684235	0.942064298831741	-0.359048066824927	-0.128888098622362	1
3.625	59.75	0.000441704571409878	0.573658130975809	-0.814056919139448	-0.134641981100026	1
3.875	59.75	0.0004418595628802	0.382924163962923	0.917791690685973	-0.127816648465956	1
4.125	59.75	0.000441816885781767	0.912836232858059	0.420540322193059	-0.133481710473015	1
4.375	59.75	0.000441804921902858	0.98577348318229	0.136904873064065	-0.130117359610307	1
4.625	59.75	0.000441760344486974	0.983234826766113	0.185742290917273	-0.131333644446683	1
4.875	59.75	0.00044177014981338	0.990106040953189	0.106157137280215	-0.130514875812746	1
5.125	59.75	0.000441816083826897	0.995210676491837	0.0194460249835779	-0.129407613938113	1
5.375	59.75	0.000441869563489928	0.99649871667233	-0.00411525039711515	-0.128432791731209	1
5.625	59.75	0.000441915191648395	0.997925488576312	-0.00453959522093306	-0.127879596914428	1
5.875	59.75	0.000441951256434954	0.999039921607847	-0.00191288838106478	-0.127619645346438	1
6.125	59.75	0.000441980032161247	1.00004767034828	-0.000274649196726987	-0.127620187024973	1
6.375	59.75	0.00044200379500934	1.00095027874263	0.000358130696305207	-0.12786357306881	1
6.625	59.75	0.000442024041244867	1.00168733910206	0.000465106318125411	-0.128315561384764	1
6.875	59.75	0.00044204163749538	1.00221820695916	0.000357850174169612	-0.128927543421908	1
7.125	59.75	0.000442057053476868	1.00252989058412	0.000177485224655879	-0.129644959388897	1
7.375	59.75	0.000442070524332664	1.00262516931432	-2.25672253981295e-05	-0.130412747795938	1
7.625	59.75	0.000442082195670667	1.00251377716433	-0.000224393755776508	-0.131177725300544	1
7.875	59.75	0.000442092321085005	1.00220851308208	-0.000425243338591201	-0.13188964525887	1
8.125	59.75	0.000442101516858732	1.00172316966279	-0.00063214690026255	-0.132501655820968	1
8.375	59.75	0.000442110938345794	1.00107301701127	-0.000856715727274412	-0.132970357486252	1
8.625	59.75	0.000442122061265999	1.0002826481859	-0.00110307086211255	-0.133256536114316	1
8.875	59.75	0.000442135661508536	0.999404548683385	-0.00134036749228315	-0.133329129536192	1
9.125	59.75	0.00044214988861483	0.998518711631984	-0.00132183902602856	-0.13317515294847	1
9.375	59.75	0.000442158297590772	0.997858828464019	-0.000982189417647218	-0.132803504568693	1
9.625	59.75	0.000442148900342607	0.997708935620461	0.00530512343273256	-0.132317946792607	1
9.875	59.75	0.000442113843252271	0.998561207648515	0.00723890473754253	-0.131875790673019	1
10.125	59.75	0.000442045550881739	0.997297770309102	0.0513432421307231	-0.131819753041294	1
10.375	59.75	0.000441992237617905	1.00734971796363	0.0396947617615791	-0.131372197126973	1
10.625	59.75	0.000441959890319257	0.998990473355243	0.0044694255968248	-0.136089336977834	1
10.875	59.75	0.000441948325745153	0.957886999038946	-0.216044453002427	-0.131075685796676	1
11.125	59.75	0.000441991147107546	0.971701352344893	-0.273179877999959	-0.127234746946012	1
11.375	59.75	0.000441885735735105	0.375394529465473	-0.924194918982098	-0.135731380769904	1
11.625	59.75	0.000441743979420777	0.278905890259615	0.956141065115698	-0.126713848098306	1
11.875	59.75	0.000441430939307725	0.941347284388887	0.373075144708001	-0.135218121735196	1
12.125	59.75	0.000441298086581776	0.986199092479177	-0.129362469979117	-0.132605916353074	1
12.375	59.75	0.000441271342299181	0.996791008170942	-0.0356827741588484	-0.132836074343673	1
12.625	59.75	0.000441287765000038	0.988686257808585	-0.116688276092609	-0.131539453683769	1
12.875	59.75	0.000441310594453454	0.991774634880664	-0.0872378579361549	-0.130806160339956	1
13.125	59.75	0.000441321017929869	0.99203210561786	-0.0614709743162801	-0.129536357365566	1
13.375	59.75	0.00044131194624816	0.992493881071595	-0.029197884122922	-0.12796965797783	1
13.625	59.75	0.000441288650777152	0.992429592407888	-0.00150533806972881	-0.126201091333445	1
13.875	59.75	0.000441261192272661	0.992391265750053	0.0183866423605637	-0.124389589697213	1
14.125	59.75	0.000441236164849225	0.992618098054451	0.0334974781105067	-0.122684127486937	1
14.375	59.75	0.000441214809779911	0.992985269529778	0.047517175921075	-0.12118103950371	1
14.625	59.75	0.000441195223762016	0.99332807835621	0.0616462876382696	-0.119942894908458	1
14.875	59.75	0.000441175111772982	0.993542899959154	0.0745934228457375	-0.118996927923994	1
15.125	59.75	0.000441152931090662	0.993605902028919	0.0845179590644045	-0.118307422909281	1
15.375	59.75	0.000441127214454988	0.993583803284433	0.0908192710379439	-0.117788028615821	1
15.625	59.75	0.00044109562337536	0.99361161357708	0.0941378528789041	-0.117363657963513	1
15.875	59.75	0.000441054886444413	0.993827190552411	0.095371830621634	-0.117010600663237	1
16.125	59.75	0.000441001267870026	0.994310648229423	0.0950838375370131	-0.116750106371454	1
16.375	59.75	0.000440931075755633	0.995062789680436	0.0934898572585925	-0.116621451235789	1
16.625	59.75	0.00044084154865532	0.996018430641268	0.0907174120607498	-0.11665746239198	1
16.875	59.75	0.000440733179345428	0.99707561912813	0.0868744618958541	-0.11687419931225	1
17.125	59.75	0.000440614481972646	0.998087046727599	0.0812125738166261	-0.117263135985779	1
17.375	59.75	0.000440508037118279	0.998817088659746	0.0700852262089541	-0.117742396992043	1
17.625	59.75	0.000440451973584542	0.999214142709785	0.0443011956801247	-0.118073608609385	1
17.875	59.75	0.000440487323661531	0.999279837850273	-0.00787386131537971	-0.118026014453963	1
18.125	59.75	0.000440631713365311	0.997149499800728	-0.0790347777233415	-0.117938137528971	1
18.375	59.75	0.000440872161627792	0.993120015442856	-0.13702010267074	-0.118356660578813	1
18.625	59.75	0.000441192025018459	0.989865687105355	-0.171460707867138	-0.119338525821183	1
18.875	59.75	0.000441585211843896	0.987005859833885	-0.194533960870368	-0.120751174106001	1
19.125	59.75	0.000442051078129393	0.985206216623618	-0.209072546189748	-0.122378134478612	1
19.375	59.75	0.00044258358179225	0.982940901806702	-0.225685708823231	-0.124334060305739	1
19.625	59.75	0.000443142211980161	0.981488412201803	-0.224713297805583	-0.126587432536601	1
19.875	59.75	0.000443665445907026	0.985175404841167	-0.199472692084588	-0.127639069388802	1
20.125	59.75	0.000444094476262323	0.967823041898212	-0.246322166276906	-0.128979464295551	1
20.375	59.75	0.000444446877286873	0.832668821453339	0.54144878617167	-0.126832139931802	1
20.625	59.75	0.00044464396667418	0.885452105544534	0.450286310804472	-0.126210496126946	1
20.875	59.75	0.000444661674311864	0.86631763888224	0.488269159810216	-0.123991742635189	1
21.125	59.75	0.00044449791472776	0.892135190515491	0.448075588121773	-0.123917293273939	1
21.375	59.75	0.000444254377269995	0.915851958048947	0.397127465755897	-0.123379078273935	1
21.625	59.75	0.000444013949252406	0.946733536255987	0.32386752659425	-0.123200052606547	1
21.875	59.75	0.000443892375318346	0.978644859699376	0.220398769232786	-0.123772748443951	1
22.125	59.75	0.000443953937192945	1.00075334865652	0.0582410642306048	-0.124904633073178	1
22.375	59.75	0.000444121160601697	0.996888220147679	-0.0798971009731164	-0.125211064786819	1
22.625	59.75	0.000444244586278395	0.986683072522053	-0.150400398113945	-0.12507856435937	1
22.875	59.75	0.000444191536933714	0.970406297820315	-0.222427558021768	-0.124300352376494	1
23.125	59.75	0.000443876766179936	0.949019986803587	-0.286594159768895	-0.122816291122468	1
23.375	59.75	0.000443366355048824	0.938854418986452	-0.319352895240305	-0.119974333359077	1
23.625	59.75	0.000442842690077345	0.907579070462964	-0.397755739885809	-0.119025383363889	1
23.875	59.75	0.000442511345714776	0.952899860987881	-0.248098283686646	-0.116238398519358	1
24.125	59.75	0.000442407956461618	0.987166506276513	-0.0467054795326025	-0.11165674804398	1
24.375	59.75	0.00044238993019034	0.998579186121155	8.03537140695909e-05	-0.110523136912408	1
24.625	59.75	0.000442377038559209	1.00295300236417	0.0291667632516183	-0.111100890447993	1
24.875	59.75	0.000442349753169757	1.00436122388004	0.0436183200094935	-0.112370448842568	1
25.125	59.75	0.000442306265314322	1.00456461717922	0.050868929174021	-0.113912353676956	1
25.375	59.75	0.000442243731594653	1.00391926857361	0.0561394186983479	-0.11545233663259	1
25.625	59.75	0.000442155480008145	1.00265441554163	0.0625263242915518	-0.116810316888681	1
25.875	59.75	0.000442035023405934	1.00105535436669	0.0716145855753792	-0.117903601901494	1
26.125	59.75	0.000441881732916056	0.999449380058801	0.083967104554231	-0.118759420161617	1
26.375	59.75	0.000441703807018089	0.998137698557135	0.0994180398261579	-0.119516635471866	1
26.625	59.75	0.000441512450257586	0.997324982320222	0.117264359038463	-0.120402806713733	1
26.875	59.75	0.000441300049372438	0.997102272959813	0.136444788396502	-0.121687395366288	1
27.125	59.75	0.000440999892689491	0.997526764761782	0.155594832726927	-0.123631854181592	1
27.375	59.75	0.000440441103057631	0.998465312922666	0.172492201506326	-0.126456361686854	1
27.625	59.75	0.000439340615022319	0.998881629731822	0.174914434696737	-0.130131358990547	1
27.875	59.75	0.000437403145893575	1.00362520429249	0.0729980292013925	-0.133165880148008	1
28.125	59.75	0.000434550167485887	0.974980886210066	-0.198295539984062	-0.133107085306325	1
28.375	59.75	0.000431140625034545	0.838731801490137	-0.497835709245609	-0.131970013741669	1
28.625	59.75	0.000428029340510878	0.7105383746716	-0.663164796995086	-0.125239574749141	1
28.875	59.75	0.000425639420564508	0.783336722765592	-0.587309154587584	-0.123014164578812	1
29.125	59.75	0.000424018019007776	0.785366356490192	-0.581390245635826	-0.119145976971002	1
29.375	59.75	0.000423204156847131	0.851696452514905	-0.483175899276115	-0.114730567194232	1
29.625	59.75	0.000423192559119237	0.891557284299966	-0.420397509594019	-0.11132405711549	1
29.875	59.75	0.000423764369716541	0.925536246197545	-0.355712663473946	-0.108915943831593	1
30.125	59.75	0.00042464914532369	0.954227301074603	-0.281958293565316	-0.10772487394295	1
30.375	59.75	0.000425582402210781	0.974967392286265	-0.194812733868203	-0.106476307380216	1
30.625	59.75	0.000426403848737172	0.98637309939443	-0.110680626834719	-0.104706468029207	1
30.875	59.75	0.000427074197794219	0.991149467774945	-0.0506561315460773	-0.102702393632948	1
31.125	59.75	0.000427614109784359	0.99364424505746	-0.0167773563386733	-0.100961912590029	1
31.375	59.75	0.000428056681441586	0.995362996863411	-0.000347452937440481	-0.0996611301185061	1
31.625	59.75	0.000428430691037695	0.9963774686364	0.00659226906066255	-0.0987149251194786	1
31.875	59.75	0.000428757537293623	0.996561079746671	0.00884033736212226	-0.0979310588390016	1
32.125	59.75	0.000429052517583915	0.995838181189317	0.00892802748577107	-0.097082429202448	1
32.375	59.75	0.000429326180143326	0.994184035315466	0.00810493268725405	-0.0959335987792513	1
32.625	59.75	0.00042958397850497	0.99159012559823	0.00694253761151226	-0.094249355279017	1
32.875	59.75	0.000429824248871057	0.988017489690963	0.00564510064731744	-0.0917927001324756	1
33.125	59.75	0.000430036320433926	0.983323368449671	0.004178691655907	-0.0883096591162665	1
33.375	59.75	0.000430202303314047	0.977146789785321	0.00230476316423811	-0.0834917242467374	1
33.625	59.75	0.000430306462338698	0.968788132016844	-0.000360932377223873	-0.0769053175440198	1
33.875	59.75	0.000430352452652399	0.957310511140317	-0.00393700177384061	-0.0678979774446579	1
34.125	59.75	0.00043037852292582	0.942585756704969	-0.00681683659036956	-0.0555843764205179	1
34.375	59.75	0.000430446982696305	0.927968177012661	-0.00404221560271002	-0.0392677896277835	1
34.625	59.75	0.000430591203604387	0.920884422558471	0.00694160970677819	-0.0197188651794896	1
34.875	59.75	0.000430784070274891	0.925656180505991	0.0169045675893563	7.99600958473166e-05	1
35.125	59.75	0.000431038769446951	0.937596060004788	0.0174747941931045	0.0172219250725888	1
35.375	59.75	0.000431525407716207	0.948503152640036	0.0116659400025794	0.031133520077379	1
35.625	59.75	0.000432517578143875	0.953706809845644	0.00401160900304009	0.0429298007087102	1
35.875	59.75	0.000434162951152959	0.952354839830077	-0.00258947869810718	0.054292075694351	1
36.125	59.75	0.000436117682987791	0.949098261084004	0.000284389793973139	0.0667448131631402	1
36.375	59.75	0.000437177132534049	0.958191041518704	0.0237190026017895	0.0796793180176228	1
36.625	59.75	0.000435283509683023	0.994121234351432	0.0468405421481705	0.0874268181868518	1
36.875	59.75	0.000428518998894877	0.96022770957709	-0.144032751429859	0.0821491583520998	1
37.125	59.75	0.00041727859550455	0.972229275419426	0.238627764621923	0.101966816574165	1
37.375	59.75	0.000405970434291611	0.912896448736285	-0.339578195232505	0.0817387149697299	1
