$\phi$
x	y	$\phi$
0.125	0.5	-0.00209867928972963
0.375	0.5	-0.00209866389510909
0.625	0.5	-0.00209863310370739
0.875	0.5	-0.00209858691127297
1.125	0.5	-0.00209852531160293
1.375	0.5	-0.00209844829675309
1.625	0.5	-0.00209835585731903
1.875	0.5	-0.00209824798278904
2.125	0.5	-0.00209812466197015
2.375	0.5	-0.00209798588348834
2.625	0.5	-0.00209783163636481
2.875	0.5	-0.0020976619106697
3.125	0.5	-0.00209747669825563
3.375	0.5	-0.00209727599357291
3.625	0.5	-0.00209705979456909
3.875	0.5	-0.00209682810367532
4.125	0.5	-0.00209658092888226
4.375	0.5	-0.00209631828490848
4.625	0.5	-0.00209604019446405
4.875	0.5	-0.00209574668961204
5.125	0.5	-0.00209543781323011
5.375	0.5	-0.00209511362057345
5.625	0.5	-0.00209477418093861
5.875	0.5	-0.00209441957942477
6.125	0.5	-0.00209404991878401
6.375	0.5	-0.00209366532134328
6.625	0.5	-0.0020932659309669
6.875	0.5	-0.00209285191500421
7.125	0.5	-0.00209242346612808
7.375	0.5	-0.00209198080390498
7.625	0.5	-0.0020915241758305
7.875	0.5	-0.00209105385738805
8.125	0.5	-0.00209057015039853
8.375	0.5	-0.00209007337845124
8.625	0.5	-0.00208956387742047
8.875	0.5	-0.00208904197777875
9.125	0.5	-0.00208850797328923
9.375	0.5	-0.00208796206715652
9.625	0.5	-0.00208740428095139
9.875	0.5	-0.00208683430213869
10.125	0.5	-0.00208625123042937
10.375	0.5	-0.00208565315749273
10.625	0.5	-0.00208503647230013
10.875	0.5	-0.00208439471482461
11.125	0.5	-0.00208371668638138
11.375	0.5	-0.00208298333658371
11.625	0.5	-0.00208216263702693
11.875	0.5	-0.00208120114194221
12.125	0.5	-0.00208001009708996
12.375	0.5	-0.002078442577691
12.625	0.5	-0.00207625586477957
12.875	0.5	-0.00207304953216255
13.125	0.5	-0.00206816356770949
13.375	0.5	-0.00206051073837839
13.625	0.5	-0.00204830077326969
13.875	0.5	-0.00202858658750796
14.125	0.5	-0.00199651782115868
14.375	0.5	-0.001944113161989
14.625	0.5	-0.00185824189986907
14.875	0.5	-0.00171730717143898
15.125	0.5	-0.00148580067229062
15.375	0.5	-0.00110537603705985
15.625	0.5	-0.000480250814799433
15.875	0.5	0.000546569952658672
16.125	0.5	0.0022317598631635
16.375	0.5	0.00499320472291766
16.625	0.5	0.00950656737577141
16.875	0.5	0.0168518532921739
17.125	0.5	0.0287227592377135
17.375	0.5	0.0476915915649265
17.625	0.5	0.0774566917031048
17.875	0.5	0.122842940222837
18.125	0.5	0.189065218364406
18.375	0.5	0.279608193672454
18.625	0.5	0.392744289876802
18.875	0.5	0.518889921237937
19.125	0.5	0.642647516859622
19.375	0.5	0.749756470660732
19.625	0.5	0.833008802816668
19.875	0.5	0.892595904912372
20.125	0.5	0.932830023015472
20.375	0.5	0.958958522912491
20.625	0.5	0.975505611663589
20.875	0.5	0.985820082056197
21.125	0.5	0.992186408904153
21.375	0.5	0.996091941810073
21.625	0.5	0.99847880234956
21.875	0.5	0.99993404241598
22.125	0.5	1.00081987233952
22.375	0.5	1.00135844779989
22.625	0.5	1.0016855339672
22.875	0.5	1.00188391970892
23.125	0.5	1.0020040227903
23.375	0.5	1.00207652301323
23.625	0.5	1.00212008075012
23.875	0.5	1.00214604287924
24.125	0.5	1.00216130831501
24.375	0.5	1.00217007153952
24.625	0.5	1.00217488296014
24.875	0.5	1.00217729360267
25.125	0.5	1.00217824701639
25.375	0.5	1.00217831748743
25.625	0.5	1.00217785482526
25.875	0.5	1.0021770723621
26.125	0.5	1.00217610043771
26.375	0.5	1.00217501890735
26.625	0.5	1.00217387690088
26.875	0.5	1.00217270483371
27.125	0.5	1.00217152170874
27.375	0.5	1.00217033955632
27.625	0.5	1.00216916613485
27.875	0.5	1.00216800657403
28.125	0.5	1.00216686437564
28.375	0.5	1.00216574202354
28.625	0.5	1.0021646413562
28.875	0.5	1.00216356379485
29.125	0.5	1.00216251048369
29.375	0.5	1.00216148237664
29.625	0.5	1.0021604802915
29.875	0.5	1.00215950494424
30.125	0.5	1.00215855697113
30.375	0.5	1.00215763694338
30.625	0.5	1.0021567453772
30.875	0.5	1.00215588274103
31.125	0.5	1.0021550494609
31.375	0.5	1.00215424592471
31.625	0.5	1.00215347248569
31.875	0.5	1.00215272946535
32.125	0.5	1.00215201715613
32.375	0.5	1.0021513358237
32.625	0.5	1.00215068570908
32.875	0.5	1.00215006703058
33.125	0.5	1.00214947998559
33.375	0.5	1.00214892475224
33.625	0.5	1.00214840149093
33.875	0.5	1.00214791034574
34.125	0.5	1.00214745144575
34.375	0.5	1.00214702490625
34.625	0.5	1.00214663082984
34.875	0.5	1.00214626930747
35.125	0.5	1.00214594041933
35.375	0.5	1.00214564423575
35.625	0.5	1.00214538081789
35.875	0.5	1.00214515021847
36.125	0.5	1.00214495248233
36.375	0.5	1.00214478764695
36.625	0.5	1.00214465574291
36.875	0.5	1.00214455679424
37.125	0.5	1.0021444908187
37.375	0.5	1.00214445782802
0.125	1.5	-0.00209905870354262
0.375	1.5	-0.00209904327726369
0.625	1.5	-0.00209901242140016
0.875	1.5	-0.00209896612940668
1.125	1.5	-0.00209890439163056
1.375	1.5	-0.00209882719551089
1.625	1.5	-0.00209873452584489
1.875	1.5	-0.00209862636512259
2.125	1.5	-0.00209850269393065
2.375	1.5	-0.00209836349142679
2.625	1.5	-0.00209820873588627
2.875	1.5	-0.00209803840532207
3.125	1.5	-0.00209785247818081
3.375	1.5	-0.00209765093411641
3.625	1.5	-0.002097433754844
3.875	1.5	-0.00209720092507638
4.125	1.5	-0.00209695243354594
4.375	1.5	-0.00209668827411455
4.625	1.5	-0.00209640844697428
4.875	1.5	-0.00209611295994152
5.125	1.5	-0.00209580182984647
5.375	1.5	-0.00209547508401926
5.625	1.5	-0.00209513276187213
5.875	1.5	-0.00209477491657399
6.125	1.5	-0.002094401616809
6.375	1.5	-0.00209401294860166
6.625	1.5	-0.00209360901717715
6.875	1.5	-0.00209318994880164
7.125	1.5	-0.00209275589250821
7.375	1.5	-0.00209230702154917
7.625	1.5	-0.0020918435343092
7.875	1.5	-0.00209136565423734
8.125	1.5	-0.00209087362806699
8.375	1.5	-0.00209036772111576
8.625	1.5	-0.0020898482076729
8.875	1.5	-0.00208931535319051
9.125	1.5	-0.00208876938286926
9.375	1.5	-0.00208821042773263
9.625	1.5	-0.00208763843352793
9.875	1.5	-0.00208705300832215
10.125	1.5	-0.00208645316907657
10.375	1.5	-0.00208583692183988
10.625	1.5	-0.00208520056800144
10.875	1.5	-0.00208453755960916
11.125	1.5	-0.00208383661249638
11.375	1.5	-0.00208307859794751
11.625	1.5	-0.00208223142425571
11.875	1.5	-0.00208124161045204
12.125	1.5	-0.0020800204168235
12.375	1.5	-0.00207842101851798
12.625	1.5	-0.00207620094065597
12.875	1.5	-0.00207296024197816
13.125	1.5	-0.00206803979514217
13.375	1.5	-0.00206035391313752
13.625	1.5	-0.0020481149619161
13.875	1.5	-0.00202838029008787
14.125	1.5	-0.0019963069272067
14.375	1.5	-0.00194392581016536
14.625	1.5	-0.00185812646133237
14.875	1.5	-0.00171734535375239
15.125	1.5	-0.00148612900253824
15.375	1.5	-0.001106221016861
15.625	1.5	-0.000481986274502651
15.875	1.5	0.000543329749624296
16.125	1.5	0.00222601034156171
16.375	1.5	0.00498331311109822
16.625	1.5	0.00948990421094323
16.875	1.5	0.0168242456930749
17.125	1.5	0.0286777430164132
17.375	1.5	0.0476195523721948
17.625	1.5	0.0773443039806069
17.875	1.5	0.122673976877476
18.125	1.5	0.188824664826773
18.375	1.5	0.279291329301197
18.625	1.5	0.392368032587896
18.875	1.5	0.518495563462042
19.125	1.5	0.6422850717309
19.375	1.5	0.749460959277858
19.625	1.5	0.832789970713167
19.875	1.5	0.892444878203265
20.125	1.5	0.93273074927236
20.375	1.5	0.958895389040364
20.625	1.5	0.975466373679168
20.875	1.5	0.985796117979045
21.125	1.5	0.992172000458192
21.375	1.5	0.99608342659711
21.625	1.5	0.998473883104434
21.875	1.5	0.999931296426344
22.125	1.5	1.00081842563189
22.375	1.5	1.0013577664886
22.625	1.5	1.00168529337907
22.875	1.5	1.00188392328296
23.125	1.5	1.00200415218269
23.375	1.5	1.00207670753266
23.625	1.5	1.0021202786834
23.875	1.5	1.00214623009996
24.125	1.5	1.00216147134211
24.375	1.5	1.00217020331075
24.625	1.5	1.00217498026033
24.875	1.5	1.00217735550018
25.125	1.5	1.00217827391354
25.375	1.5	1.00217831054478
25.625	1.5	1.00217781561345
25.875	1.5	1.00217700265223
26.125	1.5	1.00217600207594
26.375	1.5	1.00217489374073
26.625	1.5	1.00217372673433
26.875	1.5	1.00217253140581
27.125	1.5	1.00217132667898
27.375	1.5	1.00217012449924
27.625	1.5	1.0021689325382
27.875	1.5	1.00216775583949
28.125	1.5	1.00216659782084
28.375	1.5	1.00216546088493
28.625	1.5	1.00216434679235
28.875	1.5	1.00216325688989
29.125	1.5	1.00216219225082
29.375	1.5	1.00216115376164
29.625	1.5	1.00216014217616
29.875	1.5	1.00215915814966
30.125	1.5	1.00215820226093
30.375	1.5	1.0021572750268
30.625	1.5	1.00215637691207
30.875	1.5	1.00215550833662
31.125	1.5	1.00215466968064
31.375	1.5	1.00215386128881
31.625	1.5	1.00215308347367
31.875	1.5	1.00215233651843
32.125	1.5	1.00215162067956
32.375	1.5	1.00215093618895
32.625	1.5	1.00215028325596
32.875	1.5	1.00214966206932
33.125	1.5	1.00214907279874
33.375	1.5	1.00214851559661
33.625	1.5	1.00214799059935
33.875	1.5	1.00214749792884
34.125	1.5	1.00214703769362
34.375	1.5	1.0021466099901
34.625	1.5	1.00214621490352
34.875	1.5	1.00214585250903
35.125	1.5	1.00214552287248
35.375	1.5	1.00214522605129
35.625	1.5	1.00214496209513
35.875	1.5	1.00214473104655
36.125	1.5	1.00214453294159
36.375	1.5	1.00214436781022
36.625	1.5	1.00214423567682
36.875	1.5	1.00214413656043
37.125	1.5	1.00214407047514
37.375	1.5	1.00214403743019
0.125	2.5	-0.00209981826047343
0.375	2.5	-0.00209980279007299
0.625	2.5	-0.00209977184373669
0.875	2.5	-0.00209972541045251
1.125	2.5	-0.00209966347384982
1.375	2.5	-0.00209958601237688
1.625	2.5	-0.00209949299953839
1.875	2.5	-0.00209938440419403
2.125	2.5	-0.00209926019091872
2.375	2.5	-0.00209912032042608
2.625	2.5	-0.00209896475005635
2.875	2.5	-0.00209879343433032
3.125	2.5	-0.00209860632557122
3.375	2.5	-0.00209840337459649
3.625	2.5	-0.00209818453148153
3.875	2.5	-0.00209794974639799
4.125	2.5	-0.00209769897052893
4.375	2.5	-0.0020974321570634
4.625	2.5	-0.00209714926227311
4.875	2.5	-0.00209685024667337
5.125	2.5	-0.00209653507627029
5.375	2.5	-0.0020962037238951
5.625	2.5	-0.00209585617062485
5.875	2.5	-0.00209549240728571
6.125	2.5	-0.00209511243602999
6.375	2.5	-0.00209471627196958
6.625	2.5	-0.00209430394483411
6.875	2.5	-0.00209387550059848
7.125	2.5	-0.00209343100298568
7.375	2.5	-0.0020929705346858
7.625	2.5	-0.00209249419802612
7.875	2.5	-0.00209200211465191
8.125	2.5	-0.00209149442348872
8.375	2.5	-0.00209097127578228
8.625	2.5	-0.0020904328252295
8.875	2.5	-0.00208987920992744
9.125	2.5	-0.00208931052074855
9.375	2.5	-0.00208872674726436
9.625	2.5	-0.00208812768660364
9.875	2.5	-0.00208751279119056
10.125	2.5	-0.00208688091577476
10.375	2.5	-0.00208622989860313
10.625	2.5	-0.00208555586952051
10.875	2.5	-0.00208485210857076
11.125	2.5	-0.00208410716477496
11.375	2.5	-0.00208330175734771
11.625	2.5	-0.00208240367322038
11.875	2.5	-0.00208135936728397
12.125	2.5	-0.00208008013675952
12.375	2.5	-0.0020784193671508
12.625	2.5	-0.00207613508653052
12.875	2.5	-0.00207282834530824
13.125	2.5	-0.00206784181907873
13.375	2.5	-0.00206009296531823
13.625	2.5	-0.00204779950756634
13.875	2.5	-0.00202802779722774
14.125	2.5	-0.00199594986440129
14.375	2.5	-0.00194362150731665
14.625	2.5	-0.00185797330988543
14.875	2.5	-0.00171750939936841
15.125	2.5	-0.00148688754507077
15.375	2.5	-0.00110803396216652
15.625	2.5	-0.00048561255071189
15.875	2.5	0.000536643195783724
16.125	2.5	0.00221422426992696
16.375	2.5	0.00496311298536769
16.625	2.5	0.00945595185894693
16.875	2.5	0.0167680686607142
17.125	2.5	0.028586214387983
17.375	2.5	0.0474731427000988
17.625	2.5	0.0771159325475696
17.875	2.5	0.122330637530142
18.125	2.5	0.188335755086284
18.375	2.5	0.278647084448708
18.625	2.5	0.39160263107936
18.875	2.5	0.517692844535217
19.125	2.5	0.641546847699708
19.375	2.5	0.748858725026844
19.625	2.5	0.832343789793045
19.875	2.5	0.892136815987988
20.125	2.5	0.932528164791865
20.375	2.5	0.958766486952265
20.625	2.5	0.975386202628346
20.875	2.5	0.985747101292305
21.125	2.5	0.992142478514967
21.375	2.5	0.996065930818115
21.625	2.5	0.998463728399304
21.875	2.5	0.999925581102908
22.125	2.5	1.00081536705518
22.375	2.5	1.00135627559087
22.625	2.5	1.00168470775909
22.875	2.5	1.00188384181099
23.125	2.5	1.00200433324502
23.375	2.5	1.00207700669935
23.625	2.5	1.00212061062528
23.875	2.5	1.00214654535871
24.125	2.5	1.00216174217536
24.375	2.5	1.00217041507353
24.625	2.5	1.00217512616111
24.875	2.5	1.00217743341265
25.125	2.5	1.00217828444039
25.375	2.5	1.00217825584366
25.625	2.5	1.00217769868705
25.875	2.5	1.00217682692057
26.125	2.5	1.00217577112054
26.375	2.5	1.00217461115317
26.625	2.5	1.00217339602823
26.875	2.5	1.0021721559673
27.125	2.5	1.00217090974038
27.375	2.5	1.0021696691268
27.625	2.5	1.00216844162822
27.875	2.5	1.00216723211941
28.125	2.5	1.00216604385315
28.375	2.5	1.00216487907278
28.625	2.5	1.00216373938595
28.875	2.5	1.00216262599333
29.125	2.5	1.00216153982903
29.375	2.5	1.00216048164723
29.625	2.5	1.0021594520762
29.875	2.5	1.0021584516522
30.125	2.5	1.00215748084136
30.375	2.5	1.0021565400539
30.625	2.5	1.00215562965389
30.875	2.5	1.00215474996605
31.125	2.5	1.00215390128084
31.375	2.5	1.00215308385833
31.625	2.5	1.00215229793139
31.875	2.5	1.00215154370831
32.125	2.5	1.00215082137514
32.375	2.5	1.00215013109773
32.625	2.5	1.00214947302356
32.875	2.5	1.00214884728345
33.125	2.5	1.0021482539931
33.375	2.5	1.00214769325451
33.625	2.5	1.00214716515731
33.875	2.5	1.00214666977999
34.125	2.5	1.00214620719101
34.375	2.5	1.00214577744983
34.625	2.5	1.00214538060787
34.875	2.5	1.00214501670939
35.125	2.5	1.00214468579228
35.375	2.5	1.00214438788875
35.625	2.5	1.00214412302601
35.875	2.5	1.00214389122684
36.125	2.5	1.00214369251007
36.375	2.5	1.00214352689103
36.625	2.5	1.00214339438195
36.875	2.5	1.00214329499223
37.125	2.5	1.00214322872872
37.375	2.5	1.00214319559586
0.125	3.5	-0.00210095909729159
0.375	3.5	-0.00210094360769589
0.625	3.5	-0.00210091261977363
0.875	3.5	-0.00210086611611136
1.125	3.5	-0.00210080407071014
1.375	3.5	-0.00210072644913146
1.625	3.5	-0.00210063320869271
1.875	3.5	-0.00210052429871283
2.125	3.5	-0.00210039966080901
2.375	3.5	-0.00210025922924563
2.625	3.5	-0.00210010293133651
2.875	3.5	-0.00209993068790204
3.125	3.5	-0.00209974241378275
3.375	3.5	-0.00209953801841118
3.625	3.5	-0.00209931740644386
3.875	3.5	-0.00209908047845567
4.125	3.5	-0.00209882713169871
4.375	3.5	-0.00209855726092796
4.625	3.5	-0.00209827075929592
4.875	3.5	-0.00209796751931839
5.125	3.5	-0.00209764743391273
5.375	3.5	-0.00209731039750932
5.625	3.5	-0.00209695630723505
5.875	3.5	-0.00209658506416469
6.125	3.5	-0.00209619657463099
6.375	3.5	-0.00209579075157583
6.625	3.5	-0.00209536751591041
6.875	3.5	-0.00209492679782931
7.125	3.5	-0.00209446853798391
7.375	3.5	-0.00209399268835678
7.625	3.5	-0.00209349921257285
7.875	3.5	-0.00209298808520845
8.125	3.5	-0.00209245928937269
8.375	3.5	-0.0020919128113624
8.625	3.5	-0.00209134863041411
8.875	3.5	-0.00209076670029555
9.125	3.5	-0.00209016691737154
9.375	3.5	-0.0020895490663104
9.625	3.5	-0.00208891272888891
9.875	3.5	-0.00208825713196063
10.125	3.5	-0.00208758089519492
10.375	3.5	-0.00208688161375865
10.625	3.5	-0.00208615516925636
10.875	3.5	-0.00208539459337006
11.125	3.5	-0.00208458819530358
11.375	3.5	-0.00208371647763991
11.625	3.5	-0.00208274705833708
11.875	3.5	-0.00208162631161271
12.125	3.5	-0.00208026560953887
12.375	3.5	-0.00207851867891412
12.625	3.5	-0.00207614433828352
12.875	3.5	-0.0020727451784621
13.125	3.5	-0.00206766666008781
13.375	3.5	-0.0020598310837241
13.625	3.5	-0.00204746441108958
13.875	3.5	-0.00202764682411223
14.125	3.5	-0.00199557338562714
14.375	3.5	-0.00194333805711591
14.625	3.5	-0.00185793444588285
14.875	3.5	-0.00171797051457321
15.125	3.5	-0.00148827478789815
15.375	3.5	-0.00111105376331696
15.625	3.5	-0.000491430345548919
15.875	3.5	0.000526112782044023
16.125	3.5	0.00219585016291062
16.375	3.5	0.00493180577712696
16.625	3.5	0.00940351399726077
16.875	3.5	0.01668148705407
17.125	3.5	0.0284453211366859
17.375	3.5	0.047247919075432
17.625	3.5	0.0767647196150871
17.875	3.5	0.121802586045975
18.125	3.5	0.187583555544958
18.375	3.5	0.277655267660733
18.625	3.5	0.390423242157683
18.875	3.5	0.51645465037609
19.125	3.5	0.640406920614974
19.375	3.5	0.747927896294547
19.625	3.5	0.83165360400005
19.875	3.5	0.891659946677991
20.125	3.5	0.932214351772386
20.375	3.5	0.958566645922972
20.625	3.5	0.975261769623873
20.875	3.5	0.985670893442191
21.125	3.5	0.992096457470111
21.375	3.5	0.996038539675485
21.625	3.5	0.9984477164557
21.875	3.5	0.99991645718919
22.125	3.5	1.00081037174124
22.375	3.5	1.00135372278968
22.625	3.5	1.00168357169064
22.875	3.5	1.00188350103938
23.125	3.5	1.00200441320298
23.375	3.5	1.00207728322541
23.625	3.5	1.00212095103004
23.875	3.5	1.00214687247793
24.125	3.5	1.00216201246707
24.375	3.5	1.00217060528248
24.625	3.5	1.0021752252051
24.875	3.5	1.00217743744964
25.125	3.5	1.00217819387267
25.375	3.5	1.00217807350132
25.625	3.5	1.0021774287291
25.875	3.5	1.00217647417295
26.125	3.5	1.00217534067973
26.375	3.5	1.00217410815137
26.625	3.5	1.00217282549653
26.875	3.5	1.00217152275843
27.125	3.5	1.00217021848739
27.375	3.5	1.00216892422341
27.625	3.5	1.00216764722218
27.875	3.5	1.00216639211344
28.125	3.5	1.0021651619105
28.375	3.5	1.00216395862515
28.625	3.5	1.00216278364284
28.875	3.5	1.00216163795197
29.125	3.5	1.00216052228451
29.375	3.5	1.0021594372026
29.625	3.5	1.00215838315229
29.875	3.5	1.00215736049725
30.125	3.5	1.00215636954023
30.375	3.5	1.00215541053698
30.625	3.5	1.00215448370566
30.875	3.5	1.00215358923327
31.125	3.5	1.00215272728037
31.375	3.5	1.00215189798466
31.625	3.5	1.00215110146384
31.875	3.5	1.00215033781791
32.125	3.5	1.00214960713122
32.375	3.5	1.00214890947423
32.625	3.5	1.00214824490511
32.875	3.5	1.00214761347114
33.125	3.5	1.00214701521008
33.375	3.5	1.00214645015132
33.625	3.5	1.00214591831702
33.875	3.5	1.00214541972316
34.125	3.5	1.00214495438043
34.375	3.5	1.00214452229512
34.625	3.5	1.00214412346995
34.875	3.5	1.00214375790473
35.125	3.5	1.00214342559707
35.375	3.5	1.00214312654297
35.625	3.5	1.00214286073731
35.875	3.5	1.00214262817441
36.125	3.5	1.00214242884838
36.375	3.5	1.00214226275349
36.625	3.5	1.00214212988452
36.875	3.5	1.00214203023699
37.125	3.5	1.00214196380735
37.375	3.5	1.00214193059315
0.125	4.5	-0.00210248213115043
0.375	4.5	-0.0021024667008963
0.625	4.5	-0.00210243582766985
0.875	4.5	-0.00210238948606962
1.125	4.5	-0.00210232763808098
1.375	4.5	-0.00210225023318164
1.625	4.5	-0.00210215720848311
1.875	4.5	-0.00210204848890856
2.125	4.5	-0.00210192398740791
2.375	4.5	-0.00210178360521105
2.625	4.5	-0.00210162723212019
2.875	4.5	-0.00210145474684263
3.125	4.5	-0.00210126601736518
3.375	4.5	-0.00210106090137186
3.625	4.5	-0.00210083924670645
3.875	4.5	-0.00210060089188173
4.125	4.5	-0.00210034566663711
4.375	4.5	-0.00210007339254669
4.625	4.5	-0.00209978388367947
4.875	4.5	-0.00209947694731322
5.125	4.5	-0.00209915238470328
5.375	4.5	-0.00209880999190609
5.625	4.5	-0.00209844956065609
5.875	4.5	-0.00209807087929123
6.125	4.5	-0.00209767373371738
6.375	4.5	-0.00209725790839362
6.625	4.5	-0.00209682318730605
6.875	4.5	-0.00209636935487451
7.125	4.5	-0.00209589619669797
7.375	4.5	-0.00209540349998056
7.625	4.5	-0.0020948910533751
7.875	4.5	-0.00209435864580788
8.125	4.5	-0.00209380606356304
8.375	4.5	-0.00209323308443583
8.625	4.5	-0.00209263946699074
8.875	4.5	-0.00209202493168895
9.125	4.5	-0.00209138912855581
9.375	4.5	-0.00209073158261455
9.625	4.5	-0.0020900516026428
9.875	4.5	-0.00208934812947951
10.125	4.5	-0.00208861948475758
10.375	4.5	-0.00208786295567465
10.625	4.5	-0.00208707410984248
10.875	4.5	-0.00208624566584696
11.125	4.5	-0.00208536563258148
11.375	4.5	-0.00208441424517931
11.625	4.5	-0.0020833589205585
11.875	4.5	-0.00208214595402009
12.125	4.5	-0.00208068685300437
12.375	4.5	-0.00207883584604644
12.625	4.5	-0.00207635287038284
12.875	4.5	-0.00207284266497215
13.125	4.5	-0.00206765454666242
13.375	4.5	-0.0020597174962664
13.625	4.5	-0.00204726881447178
13.875	4.5	-0.00202740769639077
14.125	4.5	-0.00199536084713925
14.375	4.5	-0.00194327463787147
14.625	4.5	-0.00185822921149609
14.875	4.5	-0.00171897509669943
15.125	4.5	-0.00149057527030681
15.375	4.5	-0.00111562109120893
15.625	4.5	-0.00049986579583915
15.875	4.5	0.000511178969129353
16.125	4.5	0.00217011676105798
16.375	4.5	0.0048882809020122
16.625	4.5	0.00933093404586936
16.875	4.5	0.0165619671638148
17.125	4.5	0.0282511316236472
17.375	4.5	0.0469377583363157
17.625	4.5	0.0762812056480608
17.875	4.5	0.121075529953901
18.125	4.5	0.186547331724059
18.375	4.5	0.276287680234239
18.625	4.5	0.388794917214717
18.875	4.5	0.514742535610866
19.125	4.5	0.638828260478262
19.375	4.5	0.74663704355052
19.625	4.5	0.830695372700435
19.875	4.5	0.890997228031649
20.125	4.5	0.931777824125419
20.375	4.5	0.958288354930043
20.625	4.5	0.975088234693982
20.875	4.5	0.985564383042999
21.125	4.5	0.992031920322344
21.375	4.5	0.995999920891323
21.625	4.5	0.998424941366471
21.875	4.5	0.999903284496987
22.125	4.5	1.00080296612645
22.375	4.5	1.00134974028049
22.625	4.5	1.00168158580052
22.875	4.5	1.00188264711707
23.125	4.5	1.00200416962429
23.375	4.5	1.00207733736342
23.625	4.5	1.00212111737316
23.875	4.5	1.00214704268821
24.125	4.5	1.00216212495178
24.375	4.5	1.00217062666895
24.625	4.5	1.00217513906989
24.875	4.5	1.00217723746648
25.125	4.5	1.00217787965089
25.375	4.5	1.00217764806218
25.625	4.5	1.0021768969789
25.875	4.5	1.00217584198268
26.125	4.5	1.00217461433356
26.375	4.5	1.00217329401938
26.625	4.5	1.00217192984365
26.875	4.5	1.00217055163589
27.125	4.5	1.00216917767417
27.375	4.5	1.00216781919774
27.625	4.5	1.00216648315107
27.875	4.5	1.00216517385292
28.125	4.5	1.00216389401203
28.375	4.5	1.00216264534557
28.625	4.5	1.00216142895617
28.875	4.5	1.00216024556214
29.125	4.5	1.00215909563831
29.375	4.5	1.00215797950266
29.625	4.5	1.00215689736975
29.875	4.5	1.00215584938407
30.125	4.5	1.00215483564108
30.375	4.5	1.00215385620069
30.625	4.5	1.00215291109612
30.875	4.5	1.00215200033997
31.125	4.5	1.00215112392845
31.375	4.5	1.00215028184448
31.625	4.5	1.00214947406019
31.875	4.5	1.00214870053881
32.125	4.5	1.0021479612363
32.375	4.5	1.00214725610279
32.625	4.5	1.00214658508381
32.875	4.5	1.0021459481214
33.125	4.5	1.00214534515511
33.375	4.5	1.00214477612294
33.625	4.5	1.00214424096216
33.875	4.5	1.0021437396101
34.125	4.5	1.00214327200484
34.375	4.5	1.00214283808587
34.625	4.5	1.00214243779469
34.875	4.5	1.00214207107532
35.125	4.5	1.00214173787481
35.375	4.5	1.00214143814369
35.625	4.5	1.00214117183632
35.875	4.5	1.00214093891129
36.125	4.5	1.00214073933173
36.375	4.5	1.00214057306551
36.625	4.5	1.00214044008554
36.875	4.5	1.00214034036992
37.125	4.5	1.00214027390209
37.375	4.5	1.00214024067096
0.125	5.5	-0.00210438715998786
0.375	5.5	-0.00210437193455868
0.625	5.5	-0.00210434146642617
0.875	5.5	-0.00210429572106095
1.125	5.5	-0.00210423464671667
1.375	5.5	-0.00210415817448758
1.625	5.5	-0.00210406621838592
1.875	5.5	-0.00210395867543936
2.125	5.5	-0.00210383542580933
2.375	5.5	-0.00210369633293061
2.625	5.5	-0.00210354124367331
2.875	5.5	-0.0021033699885278
3.125	5.5	-0.00210318238181393
3.375	5.5	-0.00210297822191546
3.625	5.5	-0.0021027572915411
3.875	5.5	-0.00210251935801338
4.125	5.5	-0.00210226417358676
4.375	5.5	-0.00210199147579636
4.625	5.5	-0.00210170098783851
4.875	5.5	-0.00210139241898417
5.125	5.5	-0.00210106546502564
5.375	5.5	-0.00210071980875599
5.625	5.5	-0.002100355120479
5.875	5.5	-0.00209997105854421
6.125	5.5	-0.00209956726989691
6.375	5.5	-0.00209914339062406
6.625	5.5	-0.00209869904646366
6.875	5.5	-0.00209823385322133
7.125	5.5	-0.00209774741699999
7.375	5.5	-0.00209723933408499
7.625	5.5	-0.00209670919022317
7.875	5.5	-0.00209615655886228
8.125	5.5	-0.00209558099763487
8.375	5.5	-0.00209498204190521
8.625	5.5	-0.00209435919343198
8.875	5.5	-0.00209371190093872
9.125	5.5	-0.00209303952730925
9.375	5.5	-0.0020923412947108
9.625	5.5	-0.00209161619332863
9.875	5.5	-0.00209086283014889
10.125	5.5	-0.00209007917901018
10.375	5.5	-0.00208926216810358
10.625	5.5	-0.00208840699989542
10.875	5.5	-0.0020875060306403
11.125	5.5	-0.00208654692507114
11.375	5.5	-0.0020855096182425
11.625	5.5	-0.00208436131436291
11.875	5.5	-0.0020830482552722
12.125	5.5	-0.00208148217310481
12.375	5.5	-0.0020795179954867
12.625	5.5	-0.00207691715653603
12.875	5.5	-0.00207328722232258
13.125	5.5	-0.00206798254312592
13.375	5.5	-0.00205994078048998
13.625	5.5	-0.00204741393254961
13.875	5.5	-0.0020275258036454
14.125	5.5	-0.00199554402111701
14.375	5.5	-0.00194368270693006
14.625	5.5	-0.00185913384691047
14.875	5.5	-0.00172083221699112
15.125	5.5	-0.00149414379780983
15.375	5.5	-0.0011221573781612
15.625	5.5	-0.000511440988944163
15.875	5.5	0.000491163432654115
16.125	5.5	0.00213609868253884
16.375	5.5	0.0048312178422167
16.625	5.5	0.00923625618994263
16.875	5.5	0.0164065321827916
17.125	5.5	0.0279990391041138
17.375	5.5	0.0465354900697182
17.625	5.5	0.0756542955826463
17.875	5.5	0.120132638809335
18.125	5.5	0.185202504295971
18.375	5.5	0.274510578709445
18.625	5.5	0.386675346982008
18.875	5.5	0.512509374632144
19.125	5.5	0.636764951638452
19.375	5.5	0.744946831993931
19.625	5.5	0.82943880405158
19.875	5.5	0.890127086798908
20.125	5.5	0.931203997484058
20.375	5.5	0.957922057768282
20.625	5.5	0.974859431657975
20.875	5.5	0.985423602306394
21.125	5.5	0.991946292936616
21.375	5.5	0.995948373090642
21.625	5.5	0.998394245610852
21.875	5.5	0.999885244679426
22.125	5.5	1.00079254472075
22.375	5.5	1.00134385781272
22.625	5.5	1.00167836745784
22.875	5.5	1.00188095579324
23.125	5.5	1.00200331862633
23.375	5.5	1.00207691443427
23.625	5.5	1.00212087718773
23.875	5.5	1.00214684128777
24.125	5.5	1.00216187979887
24.375	5.5	1.00217029232973
24.625	5.5	1.00217469241986
24.875	5.5	1.00217666869648
25.125	5.5	1.00217718680447
25.375	5.5	1.00217683372247
25.625	5.5	1.00217596626353
25.875	5.5	1.00217480133445
26.125	5.5	1.0021734707951
26.375	5.5	1.00217205480195
26.625	5.5	1.00217060207454
26.875	5.5	1.00216914221416
27.125	5.5	1.00216769319187
27.375	5.5	1.00216626590067
27.625	5.5	1.00216486692315
27.875	5.5	1.00216350021464
28.125	5.5	1.00216216812703
28.375	5.5	1.00216087203192
28.625	5.5	1.00215961270011
28.875	5.5	1.00215839053302
29.125	5.5	1.00215720570403
29.375	5.5	1.00215605824498
29.625	5.5	1.0021549480994
29.875	5.5	1.0021538751554
30.125	5.5	1.00215283926612
30.375	5.5	1.00215184026275
30.625	5.5	1.00215087796278
30.875	5.5	1.00214995217547
31.125	5.5	1.00214906270561
31.375	5.5	1.00214820935603
31.625	5.5	1.00214739192958
31.875	5.5	1.00214661023059
32.125	5.5	1.00214586406601
32.375	5.5	1.00214515324638
32.625	5.5	1.0021444775867
32.875	5.5	1.00214383690709
33.125	5.5	1.00214323103346
33.375	5.5	1.00214265979811
33.625	5.5	1.00214212304016
33.875	5.5	1.00214162060614
34.125	5.5	1.00214115235028
34.375	5.5	1.00214071813501
34.625	5.5	1.00214031783123
34.875	5.5	1.00213995131865
35.125	5.5	1.00213961848608
35.375	5.5	1.00213931923169
35.625	5.5	1.0021390534632
35.875	5.5	1.00213882109811
36.125	5.5	1.00213862206385
36.375	5.5	1.00213845629798
36.625	5.5	1.00213832374824
36.875	5.5	1.00213822437273
37.125	5.5	1.00213815813992
37.375	5.5	1.00213812502878
0.125	6.5	-0.00210667173828958
0.375	6.5	-0.00210665693974553
0.625	6.5	-0.00210662732052338
0.875	6.5	-0.00210658283635612
1.125	6.5	-0.00210652342084634
1.375	6.5	-0.00210644898547019
1.625	6.5	-0.00210635941958293
1.875	6.5	-0.00210625459042649
2.125	6.5	-0.00210613434313925
2.375	6.5	-0.00210599850076848
2.625	6.5	-0.00210584686428597
2.875	6.5	-0.00210567921260734
3.125	6.5	-0.00210549530261579
3.375	6.5	-0.00210529486919084
3.625	6.5	-0.00210507762524289
3.875	6.5	-0.00210484326175447
4.125	6.5	-0.00210459144782879
4.375	6.5	-0.00210432183074647
4.625	6.5	-0.00210403403603104
4.875	6.5	-0.00210372766752331
5.125	6.5	-0.00210340230746452
5.375	6.5	-0.00210305751658679
5.625	6.5	-0.00210269283420784
5.875	6.5	-0.0021023077783238
6.125	6.5	-0.00210190184568897
6.375	6.5	-0.00210147451186296
6.625	6.5	-0.00210102523119184
6.875	6.5	-0.00210055343666668
7.125	6.5	-0.00210005853956529
7.375	6.5	-0.00209953992872012
7.625	6.5	-0.00209899696915223
7.875	6.5	-0.0020984289996417
8.125	6.5	-0.00209783532852479
8.375	6.5	-0.00209721522654857
8.625	6.5	-0.0020965679148556
8.875	6.5	-0.00209589254492506
9.125	6.5	-0.00209518816524434
9.375	6.5	-0.00209445366610903
9.625	6.5	-0.00209368768839148
9.875	6.5	-0.00209288847297418
10.125	6.5	-0.00209205361249472
10.375	6.5	-0.00209117964228528
10.625	6.5	-0.00209026136663722
10.875	6.5	-0.0020892907494608
11.125	6.5	-0.00208825508805608
11.375	6.5	-0.00208713400711654
11.625	6.5	-0.00208589451126241
11.875	6.5	-0.00208448284267208
12.125	6.5	-0.00208281108122739
12.375	6.5	-0.00208073509313159
12.625	6.5	-0.00207801824310938
12.875	6.5	-0.00207427168051524
13.125	6.5	-0.00206885607884193
13.375	6.5	-0.00206071995140004
13.625	6.5	-0.00204813361824985
13.875	6.5	-0.00202825151239134
14.125	6.5	-0.00199639214650403
14.375	6.5	-0.00194485384666795
14.625	6.5	-0.0018609675695073
14.875	6.5	-0.00172389700935504
15.125	6.5	-0.00149938462118813
15.375	6.5	-0.00113113728865659
15.625	6.5	-0.000526735620599789
15.875	6.5	0.000465324946464517
16.125	6.5	0.00209280083587399
16.375	6.5	0.00475921692418869
16.625	6.5	0.00911743118104277
16.875	6.5	0.0162120883123742
17.125	6.5	0.0276842776938675
17.375	6.5	0.0460337042322339
17.625	6.5	0.0748724947964136
17.875	6.5	0.11895636394552
18.125	6.5	0.183523170023342
18.375	6.5	0.272287868321623
18.625	6.5	0.384018448223796
18.875	6.5	0.509702853649068
19.125	6.5	0.634165137827024
19.375	6.5	0.742812225098571
19.625	6.5	0.827848871320965
19.875	6.5	0.889024410466548
20.125	6.5	0.930475820407876
20.375	6.5	0.957456549919546
20.625	6.5	0.974568117093209
20.875	6.5	0.985243884078349
21.125	6.5	0.991836544387936
21.375	6.5	0.995881891307245
21.625	6.5	0.998354264167546
21.875	6.5	0.999861372184339
22.125	6.5	1.00077839292907
22.375	6.5	1.00133552044473
22.625	6.5	1.00167346532951
22.875	6.5	1.00187804491025
23.125	6.5	1.00200152599838
23.375	6.5	1.00207571500047
23.625	6.5	1.00211995754617
23.875	6.5	1.00214601659044
24.125	6.5	1.00216104312402
24.375	6.5	1.0021693838629
24.625	6.5	1.00217368070522
24.875	6.5	1.00217553923893
25.125	6.5	1.00217593514663
25.375	6.5	1.00217546124511
25.625	6.5	1.00217447764322
25.875	6.5	1.00217320300916
26.125	6.5	1.00217177004285
26.375	6.5	1.00217025919194
26.625	6.5	1.00216871914453
26.875	6.5	1.002167179285
27.125	6.5	1.002165657265
27.375	6.5	1.00216416360569
27.625	6.5	1.0021627044954
27.875	6.5	1.00216128349053
28.125	6.5	1.00215990254987
28.375	6.5	1.00215856266364
28.625	6.5	1.00215726423625
28.875	6.5	1.00215600731925
29.125	6.5	1.00215479175336
29.375	6.5	1.00215361725494
29.625	6.5	1.00215248346899
29.875	6.5	1.00215139000145
30.125	6.5	1.00215033643919
30.375	6.5	1.00214932236225
30.625	6.5	1.00214834735155
30.875	6.5	1.00214741099365
31.125	6.5	1.00214651288386
31.375	6.5	1.0021456526282
31.625	6.5	1.00214482984475
31.875	6.5	1.00214404416452
32.125	6.5	1.00214329523214
32.375	6.5	1.00214258270627
32.625	6.5	1.00214190625995
32.875	6.5	1.00214126558091
33.125	6.5	1.00214066037177
33.375	6.5	1.00214009035019
33.625	6.5	1.00213955524904
33.875	6.5	1.00213905481651
34.125	6.5	1.0021385888162
34.375	6.5	1.00213815702724
34.625	6.5	1.0021377592443
34.875	6.5	1.0021373952777
35.125	6.5	1.00213706495344
35.375	6.5	1.00213676811325
35.625	6.5	1.00213650461458
35.875	6.5	1.0021362743307
36.125	6.5	1.00213607715067
36.375	6.5	1.00213591297935
36.625	6.5	1.00213578173747
36.875	6.5	1.00213568336158
37.125	6.5	1.00213561780409
37.375	6.5	1.00213558503328
0.125	7.5	-0.00210932988976351
0.375	7.5	-0.00210931582197042
0.625	7.5	-0.00210928765938303
0.875	7.5	-0.00210924534798096
1.125	7.5	-0.00210918880668921
1.375	7.5	-0.00210911792732483
1.625	7.5	-0.00210903257452601
1.875	7.5	-0.00210893258566357
2.125	7.5	-0.00210881777073496
2.375	7.5	-0.00210868791224081
2.625	7.5	-0.00210854276504436
2.875	7.5	-0.00210838205621366
3.125	7.5	-0.00210820548484693
3.375	7.5	-0.00210801272188115
3.625	7.5	-0.00210780340988418
3.875	7.5	-0.00210757716283042
4.125	7.5	-0.00210733356586034
4.375	7.5	-0.00210707217502368
4.625	7.5	-0.00210679251700623
4.875	7.5	-0.0021064940888396
5.125	7.5	-0.00210617635759269
5.375	7.5	-0.0021058387600428
5.625	7.5	-0.00210548070232203
5.875	7.5	-0.00210510155953205
6.125	7.5	-0.00210470067531496
6.375	7.5	-0.00210427736135979
6.625	7.5	-0.00210383089681032
6.875	7.5	-0.00210336052751726
7.125	7.5	-0.00210286546504013
7.375	7.5	-0.00210234488524267
7.625	7.5	-0.00210179792622356
7.875	7.5	-0.00210122368515694
8.125	7.5	-0.00210062121334101
8.375	7.5	-0.00209998950829926
8.625	7.5	-0.00209932750103124
8.875	7.5	-0.00209863403527986
9.125	7.5	-0.00209790783365788
9.375	7.5	-0.00209714744214486
9.625	7.5	-0.00209635113898355
9.875	7.5	-0.00209551678498259
10.125	7.5	-0.00209464157738543
10.375	7.5	-0.00209372164503336
10.625	7.5	-0.00209275138234439
10.875	7.5	-0.00209172235346706
11.125	7.5	-0.00209062148909142
11.375	7.5	-0.00208942811923372
11.625	7.5	-0.00208810909048106
11.875	7.5	-0.00208661073102228
12.125	7.5	-0.0020848456284412
12.375	7.5	-0.00208267087155555
12.625	7.5	-0.00207985224594843
12.875	7.5	-0.00207600531609193
13.125	7.5	-0.0020704984751092
13.375	7.5	-0.00206229341633607
13.625	7.5	-0.00204968264651816
13.875	7.5	-0.00202985762384522
14.125	7.5	-0.00199819831234737
14.375	7.5	-0.0019471046714221
14.625	7.5	-0.00186407534869823
14.875	7.5	-0.0017285502390247
15.125	7.5	-0.00150672603573666
15.375	7.5	-0.00114305545245979
15.625	7.5	-0.000546341105306387
15.875	7.5	0.000432925692474002
16.125	7.5	0.00203925789052988
16.375	7.5	0.00467095264913657
16.625	7.5	0.00897255683777464
16.875	7.5	0.0159758051910871
17.125	7.5	0.0273025240761287
17.375	7.5	0.045425693950735
17.625	7.5	0.0739253556959975
17.875	7.5	0.117530577940642
18.125	7.5	0.18148508607046
18.375	7.5	0.269584919700048
18.625	7.5	0.380778701534252
18.875	7.5	0.50626974824387
19.125	7.5	0.630974671921194
19.375	7.5	0.740185240551243
19.625	7.5	0.825887721653916
19.875	7.5	0.887661801194489
20.125	7.5	0.929574574901575
20.375	7.5	0.956879483024095
20.625	7.5	0.974206287396861
20.875	7.5	0.985020062166526
21.125	7.5	0.991699315173425
21.375	7.5	0.995798250807514
21.625	7.5	0.998303481032009
21.875	7.5	0.999830593937484
22.125	7.5	1.00075971630322
22.375	7.5	1.00132411127284
22.625	7.5	1.00166637797099
22.875	7.5	1.00187349031047
23.125	7.5	1.00199842131295
23.375	7.5	1.00207340772504
23.625	7.5	1.00211805700021
23.875	7.5	1.00214429115258
24.125	7.5	1.00215935763172
24.375	7.5	1.0021676615076
24.625	7.5	1.00217187985229
24.875	7.5	1.00217363933588
25.125	7.5	1.0021739281633
25.375	7.5	1.00217334648029
25.625	7.5	1.00217225857936
25.875	7.5	1.00217088541285
26.125	7.5	1.00216936082272
26.375	7.5	1.00216776571684
26.625	7.5	1.00216614884121
26.875	7.5	1.00216453940524
27.125	7.5	1.00216295475539
27.375	7.5	1.00216140503918
27.625	7.5	1.00215989604003
27.875	7.5	1.00215843090025
28.125	7.5	1.00215701116831
28.375	7.5	1.00215563743528
28.625	7.5	1.0021543097217
28.875	7.5	1.00215302771263
29.125	7.5	1.00215179090043
29.375	7.5	1.00215059867149
29.625	7.5	1.00214945035885
29.875	7.5	1.00214834527408
30.125	7.5	1.00214728272653
30.375	7.5	1.00214626203497
30.625	7.5	1.00214528253452
30.875	7.5	1.00214434358068
31.125	7.5	1.0021434445518
31.375	7.5	1.00214258485029
31.625	7.5	1.00214176390338
31.875	7.5	1.00214098116333
32.125	7.5	1.00214023610753
32.375	7.5	1.00213952823841
32.625	7.5	1.0021388570832
32.875	7.5	1.00213822219379
33.125	7.5	1.00213762314644
33.375	7.5	1.00213705954149
33.625	7.5	1.00213653100317
33.875	7.5	1.00213603717928
34.125	7.5	1.00213557774094
34.375	7.5	1.00213515238238
34.625	7.5	1.0021347608207
34.875	7.5	1.0021344027956
35.125	7.5	1.00213407806926
35.375	7.5	1.00213378642607
35.625	7.5	1.0021335276725
35.875	7.5	1.00213330163694
36.125	7.5	1.00213310816952
36.375	7.5	1.00213294714205
36.625	7.5	1.00213281844784
36.875	7.5	1.00213272200167
37.125	7.5	1.00213265773967
37.375	7.5	1.0021326256193
0.125	8.5	-0.0021123507300978
0.375	8.5	-0.00211233777901912
0.625	8.5	-0.00211231184530284
0.875	8.5	-0.00211227286579381
1.125	8.5	-0.00211222074566638
1.375	8.5	-0.00211215535831278
1.625	8.5	-0.00211207654519418
1.875	8.5	-0.00211198411565426
2.125	8.5	-0.00211187784669506
2.375	8.5	-0.00211175748271495
2.625	8.5	-0.0021116227352084
2.875	8.5	-0.00211147328242734
3.125	8.5	-0.00211130876900365
3.375	8.5	-0.00211112880553258
3.625	8.5	-0.00211093296811649
3.875	8.5	-0.00211072079786851
4.125	8.5	-0.00211049180037549
4.375	8.5	-0.00211024544511928
4.625	8.5	-0.00210998116485543
4.875	8.5	-0.0021096983549477
5.125	8.5	-0.00210939637265609
5.375	8.5	-0.00210907453637528
5.625	8.5	-0.00210873212481806
5.875	8.5	-0.0021083683761356
6.125	8.5	-0.00210798248696127
6.375	8.5	-0.00210757361135631
6.625	8.5	-0.00210714085962223
6.875	8.5	-0.00210668329692217
7.125	8.5	-0.00210619994161654
7.375	8.5	-0.0021056897631573
7.625	8.5	-0.00210515167928514
7.875	8.5	-0.00210458455210869
8.125	8.5	-0.0021039871823734
8.375	8.5	-0.00210335830078079
8.625	8.5	-0.00210269655448325
8.875	8.5	-0.00210200048566916
9.125	8.5	-0.00210126849716096
9.375	8.5	-0.00210049879667082
9.625	8.5	-0.00209968930596331
9.875	8.5	-0.00209883751229705
10.125	8.5	-0.00209794022490693
10.375	8.5	-0.00209699317524651
10.625	8.5	-0.00209599036014581
10.875	8.5	-0.00209492296193195
11.125	8.5	-0.00209377757241952
11.375	8.5	-0.00209253327136673
11.625	8.5	-0.00209115681986028
11.875	8.5	-0.00208959475165686
12.125	8.5	-0.00208776035986683
12.375	8.5	-0.00208551228357368
12.625	8.5	-0.00208261927172449
12.875	8.5	-0.00207870220141963
13.125	8.5	-0.00207313866885672
13.375	8.5	-0.0020649059971735
13.625	8.5	-0.00205232292238134
13.875	8.5	-0.00203262459471506
14.125	8.5	-0.00200126341848384
14.375	8.5	-0.00195075909082753
14.625	8.5	-0.00186880776352614
14.875	8.5	-0.00173517459903712
15.125	8.5	-0.0015165912248534
15.375	8.5	-0.0011583887519655
15.625	8.5	-0.000570809214610199
15.875	8.5	0.000393304620429044
16.125	8.5	0.00197464328472893
16.375	8.5	0.00456534055339394
16.625	8.5	0.00880013856674659
16.875	8.5	0.0156955269832845
17.125	8.5	0.0268505473920158
17.375	8.5	0.0447064753672644
17.625	8.5	0.0728050484748889
17.875	8.5	0.115842913195971
18.125	8.5	0.17906896537409
18.375	8.5	0.26637284342022
18.625	8.5	0.376916096077741
18.875	8.5	0.502160894275122
19.125	8.5	0.627141434429424
19.375	8.5	0.737018259331293
19.625	8.5	0.823516992832534
19.875	8.5	0.886011109236784
20.125	8.5	0.928480860354965
20.375	8.5	0.956177987091286
20.625	8.5	0.973765570783436
20.875	8.5	0.984746719424065
21.125	8.5	0.991531076157103
21.375	8.5	0.995695111051726
21.625	8.5	0.998240299285851
21.875	8.5	0.999791778473361
22.125	8.5	1.00073567666516
22.375	8.5	1.00130897939569
22.625	8.5	1.00165657659414
22.875	8.5	1.00186684521891
23.125	8.5	1.00199361503161
23.375	8.5	1.00206964488136
23.625	8.5	1.00211485991488
23.875	8.5	1.00214137519265
24.125	8.5	1.00215655528523
24.375	8.5	1.00216487617039
24.625	8.5	1.0021690577166
24.875	8.5	1.00217075230061
25.125	8.5	1.00217096345235
25.375	8.5	1.00217030034257
25.625	8.5	1.00216913247176
25.875	8.5	1.0021676836933
26.125	8.5	1.00216608936122
26.375	8.5	1.00216443106441
26.625	8.5	1.0021627577376
26.875	8.5	1.00216109849202
27.125	8.5	1.00215947041342
27.375	8.5	1.00215788330115
27.625	8.5	1.00215634254808
27.875	8.5	1.00215485089045
28.125	8.5	1.00215340947095
28.375	8.5	1.00215201848436
28.625	8.5	1.00215067756938
28.875	8.5	1.00214938604639
29.125	8.5	1.00214814306137
29.375	8.5	1.00214694767293
29.625	8.5	1.00214579890469
29.875	8.5	1.00214469577671
30.125	8.5	1.00214363732408
30.375	8.5	1.00214262260777
30.625	8.5	1.00214165072083
30.875	8.5	1.00214072079174
31.125	8.5	1.00213983198597
31.375	8.5	1.00213898350662
31.625	8.5	1.00213817459441
31.875	8.5	1.00213740452725
32.125	8.5	1.00213667261976
32.375	8.5	1.0021359782225
32.625	8.5	1.0021353207213
32.875	8.5	1.00213469953648
33.125	8.5	1.00213411412214
33.375	8.5	1.00213356396544
33.625	8.5	1.00213304858588
33.875	8.5	1.00213256753467
34.125	8.5	1.00213212039412
34.375	8.5	1.002131706777
34.625	8.5	1.00213132632606
34.875	8.5	1.00213097871346
35.125	8.5	1.00213066364034
35.375	8.5	1.00213038083639
35.625	8.5	1.00213013005941
35.875	8.5	1.00212991109504
36.125	8.5	1.00212972375637
36.375	8.5	1.00212956788371
36.625	8.5	1.00212944334432
36.875	8.5	1.00212935003228
37.125	8.5	1.00212928786826
37.375	8.5	1.00212925679945
0.125	9.5	-0.00211571708197499
0.375	9.5	-0.0021157057106849
0.625	9.5	-0.00211568293262081
0.875	9.5	-0.00211564867675876
1.125	9.5	-0.0021156028364228
1.375	9.5	-0.00211554526911664
1.625	9.5	-0.00211547579629891
1.875	9.5	-0.00211539420310144
2.125	9.5	-0.00211530023799021
2.375	9.5	-0.00211519361236833
2.625	9.5	-0.00211507400012039
2.875	9.5	-0.00211494103709747
3.125	9.5	-0.00211479432054179
3.375	9.5	-0.00211463340845028
3.625	9.5	-0.00211445781887565
3.875	9.5	-0.00211426702916405
4.125	9.5	-0.00211406047512755
4.375	9.5	-0.00211383755015008
4.625	9.5	-0.00211359760422442
4.875	9.5	-0.00211333994291802
5.125	9.5	-0.00211306382626425
5.375	9.5	-0.00211276846757447
5.625	9.5	-0.00211245303216479
5.875	9.5	-0.00211211663598782
6.125	9.5	-0.00211175834415489
6.375	9.5	-0.0021113771693261
6.625	9.5	-0.00211097206993175
6.875	9.5	-0.00211054194816695
7.125	9.5	-0.00211008564766433
7.375	9.5	-0.00210960195069035
7.625	9.5	-0.0021090895746119
7.875	9.5	-0.00210854716721812
8.125	9.5	-0.00210797330021534
8.375	9.5	-0.00210736645977494
8.625	9.5	-0.00210672503229131
8.875	9.5	-0.00210604728231964
9.125	9.5	-0.00210533131770806
9.375	9.5	-0.00210457503372143
9.625	9.5	-0.00210377602265982
9.875	9.5	-0.00210293142676229
10.125	9.5	-0.00210203769784894
10.375	9.5	-0.00210109020356023
10.625	9.5	-0.00210008258122569
10.875	9.5	-0.00209900567650009
11.125	9.5	-0.00209784579876075
11.375	9.5	-0.00209658185223441
11.625	9.5	-0.00209518061709257
11.875	9.5	-0.00209358898621169
12.125	9.5	-0.00209172119227951
12.375	9.5	-0.00208943779120296
12.625	9.5	-0.00208651108010382
12.875	9.5	-0.00208256819310498
13.125	9.5	-0.00207699746634991
13.375	9.5	-0.0020687943658316
13.625	9.5	-0.0020563079781157
13.875	9.5	-0.00203682391592974
14.125	9.5	-0.00200587815728829
14.375	9.5	-0.00195612845407488
14.625	9.5	-0.0018754986021474
14.875	9.5	-0.00174412861808566
15.125	9.5	-0.00152936660526905
15.375	9.5	-0.00117755604184634
15.625	9.5	-0.000600598149315334
15.875	9.5	0.00034595325540662
16.125	9.5	0.00189838038227448
16.375	9.5	0.00444170566297522
16.625	9.5	0.00859935061485292
16.875	9.5	0.0153701831227792
17.125	9.5	0.0263268580843774
17.375	9.5	0.0438738080544213
17.625	9.5	0.071507941506865
17.875	9.5	0.113887137912171
18.125	9.5	0.176263875018742
18.375	9.5	0.262632990170481
18.625	9.5	0.372401470671505
18.875	9.5	0.49733670949298
19.125	9.5	0.622620258468901
19.375	9.5	0.733267882509121
19.625	9.5	0.820700557794366
19.875	9.5	0.884045270278371
20.125	9.5	0.927175781486115
20.375	9.5	0.955339425382956
20.625	9.5	0.973237704263512
20.875	9.5	0.98441849006176
21.125	9.5	0.99132832230293
21.375	9.5	0.995570142278899
21.625	9.5	0.998163126206301
21.875	9.5	0.999743795373177
22.125	9.5	1.0007054355668
22.375	9.5	1.00128947333054
22.625	9.5	1.00164353207191
22.875	9.5	1.00185766306018
23.125	9.5	1.00198671849903
23.375	9.5	1.00206408036484
23.625	9.5	1.00211005301855
23.875	9.5	1.00213698200574
24.125	9.5	1.00215237179288
24.375	9.5	1.00216078311812
24.625	9.5	1.00216498707278
24.875	9.5	1.0021666668678
25.125	9.5	1.00216684448064
25.375	9.5	1.00216614001124
25.625	9.5	1.00216492933213
25.875	9.5	1.00216343991225
26.125	9.5	1.00216180905939
26.375	9.5	1.00216011931956
26.625	9.5	1.0021584199918
26.875	9.5	1.00215674020391
27.125	9.5	1.00215509685876
27.375	9.5	1.00215349946298
27.625	9.5	1.00215195306075
27.875	9.5	1.00215046001587
28.125	9.5	1.00214902109383
28.375	9.5	1.00214763611848
28.625	9.5	1.00214630437014
28.875	9.5	1.00214502482656
29.125	9.5	1.00214379630847
29.375	9.5	1.00214261756709
29.625	9.5	1.00214148733645
29.875	9.5	1.00214040436434
30.125	9.5	1.00213936743028
30.375	9.5	1.00213837535568
30.625	9.5	1.00213742700923
30.875	9.5	1.00213652130945
31.125	9.5	1.0021356572256
31.375	9.5	1.00213483377749
31.625	9.5	1.00213405003478
31.875	9.5	1.00213330511594
32.125	9.5	1.00213259818706
32.375	9.5	1.00213192846056
32.625	9.5	1.00213129519392
32.875	9.5	1.00213069768836
33.125	9.5	1.00213013528768
33.375	9.5	1.00212960737704
33.625	9.5	1.00212911338183
33.875	9.5	1.00212865276665
34.125	9.5	1.0021282250343
34.375	9.5	1.00212782972484
34.625	9.5	1.00212746641473
34.875	9.5	1.00212713471606
35.125	9.5	1.00212683427578
35.375	9.5	1.00212656477506
35.625	9.5	1.00212632592864
35.875	9.5	1.00212611748435
36.125	9.5	1.00212593922256
36.375	9.5	1.00212579095582
36.625	9.5	1.00212567252844
36.875	9.5	1.00212558381626
37.125	9.5	1.00212552472633
37.375	9.5	1.00212549519682
0.125	10.5	-0.0021194041703227
0.375	10.5	-0.00211939490862342
0.625	10.5	-0.00211937634676334
0.875	10.5	-0.00211934840774601
1.125	10.5	-0.00211931097589336
1.375	10.5	-0.00211926389662526
1.625	10.5	-0.0021192069761649
1.875	10.5	-0.00211913998116937
2.125	10.5	-0.00211906263828473
2.375	10.5	-0.00211897463362454
2.625	10.5	-0.0021188756121708
2.875	10.5	-0.00211876517709613
3.125	10.5	-0.00211864288900569
3.375	10.5	-0.00211850826509721
3.625	10.5	-0.00211836077823759
3.875	10.5	-0.00211819985595374
4.125	10.5	-0.00211802487933575
4.375	10.5	-0.00211783518184949
4.625	10.5	-0.00211763004805588
4.875	10.5	-0.00211740871223309
5.125	10.5	-0.00211717035689732
5.375	10.5	-0.00211691411121663
5.625	10.5	-0.00211663904930998
5.875	10.5	-0.0021163441884209
6.125	10.5	-0.00211602848694997
6.375	10.5	-0.00211569084232202
6.625	10.5	-0.00211533008865099
6.875	10.5	-0.00211494499414307
7.125	10.5	-0.00211453425814356
7.375	10.5	-0.00211409650767372
7.625	10.5	-0.0021136302932076
7.875	10.5	-0.00211313408327996
8.125	10.5	-0.0021126062572556
8.375	10.5	-0.00211204509516052
8.625	10.5	-0.00211144876276909
8.875	10.5	-0.00211081528897839
9.125	10.5	-0.00211014253058775
9.375	10.5	-0.0021094281164528
9.625	10.5	-0.00210866935780248
9.875	10.5	-0.00210786310298097
10.125	10.5	-0.00210700550084587
10.375	10.5	-0.00210609161396483
10.625	10.5	-0.00210511478475666
10.875	10.5	-0.00210406559519677
11.125	10.5	-0.00210293015781262
11.375	10.5	-0.00210168730637283
11.625	10.5	-0.00210030397603851
11.875	10.5	-0.00209872760423031
12.125	10.5	-0.00209687362895037
12.375	10.5	-0.00209460491972355
12.625	10.5	-0.00209169793332523
12.875	10.5	-0.00208778702487794
13.125	10.5	-0.0020822728140443
13.375	10.5	-0.00207417140703333
13.625	10.5	-0.00206186630859786
13.875	10.5	-0.00204270024735489
14.125	10.5	-0.00201230368652372
14.375	10.5	-0.00196349035537996
14.625	10.5	-0.00188444115723617
14.875	10.5	-0.00175571941276324
15.125	10.5	-0.00154536936001075
15.375	10.5	-0.00120087772772665
15.625	10.5	-0.000636019686812362
15.875	10.5	0.000290588319169961
16.125	10.5	0.00181024687994924
16.375	10.5	0.00429993831688783
16.625	10.5	0.00837027519873874
16.875	10.5	0.0150001620548574
17.125	10.5	0.0257322974202605
17.375	10.5	0.042929125043526
17.625	10.5	0.0700360538939256
17.875	10.5	0.11166537240567
18.125	10.5	0.173070478130529
18.375	10.5	0.258361376792576
18.625	10.5	0.367221965785538
18.875	10.5	0.491773058314939
19.125	10.5	0.617378357966929
19.375	10.5	0.728899313324609
19.625	10.5	0.817407714541171
19.875	10.5	0.88174047496383
20.125	10.5	0.925642365715474
20.375	10.5	0.95435230087267
20.625	10.5	0.972615108400173
20.875	10.5	0.98403042438929
21.125	10.5	0.991087806254324
21.375	10.5	0.995421177728874
21.625	10.5	0.998070475135298
21.875	10.5	0.999685585923111
22.125	10.5	1.0006682055014
22.375	10.5	1.00126497999077
22.625	10.5	1.00162674610159
22.875	10.5	1.00184552351767
23.125	10.5	1.00197736656374
23.375	10.5	1.00205638990333
23.625	10.5	1.00210334384223
23.875	10.5	1.00213084503338
24.125	10.5	1.0021465625649
24.375	10.5	1.00215515698973
24.625	10.5	1.00215945979486
24.875	10.5	1.00216119062246
25.125	10.5	1.00216139332092
25.375	10.5	1.00216070102148
25.625	10.5	1.00215949726755
25.875	10.5	1.00215801395406
26.125	10.5	1.00215639085582
26.375	10.5	1.00215471180824
26.625	10.5	1.00215302669662
26.875	10.5	1.0021513648197
27.125	10.5	1.00214974301037
27.375	10.5	1.00214817056972
27.625	10.5	1.00214665226432
27.875	10.5	1.00214519014625
28.125	10.5	1.00214378465778
28.375	10.5	1.00214243530113
28.625	10.5	1.00214114104415
28.875	10.5	1.00213990056533
29.125	10.5	1.0021387124014
29.375	10.5	1.00213757503562
29.625	10.5	1.00213648695022
29.875	10.5	1.00213544665699
30.125	10.5	1.0021344527147
30.375	10.5	1.0021335037386
30.625	10.5	1.00213259840505
30.875	10.5	1.00213173545336
31.125	10.5	1.00213091368591
31.375	10.5	1.00213013196732
31.625	10.5	1.00212938922302
31.875	10.5	1.00212868443758
32.125	10.5	1.00212801665288
32.375	10.5	1.0021273849663
32.625	10.5	1.00212678852884
32.875	10.5	1.00212622654336
33.125	10.5	1.00212569826289
33.375	10.5	1.002125202989
33.625	10.5	1.00212474007025
33.875	10.5	1.00212430890078
34.125	10.5	1.00212390891896
34.375	10.5	1.0021235396061
34.625	10.5	1.00212320048535
34.875	10.5	1.00212289112055
35.125	10.5	1.00212261111531
35.375	10.5	1.00212236011209
35.625	10.5	1.00212213779138
35.875	10.5	1.00212194387097
36.125	10.5	1.00212177810534
36.375	10.5	1.00212164028506
36.625	10.5	1.00212153023635
36.875	10.5	1.00212144782064
37.125	10.5	1.00212139293429
37.375	10.5	1.00212136550834
0.125	11.5	-0.00212337848786796
0.375	11.5	-0.00212337191664399
0.625	11.5	-0.00212335873399448
0.875	11.5	-0.00212333885942803
1.125	11.5	-0.00212331217198703
1.375	11.5	-0.00212327850998245
1.625	11.5	-0.00212323767063931
1.875	11.5	-0.00212318940965201
2.125	11.5	-0.0021231334406484
2.375	11.5	-0.00212306943456135
2.625	11.5	-0.00212299701890637
2.875	11.5	-0.00212291577696348
3.125	11.5	-0.00212282524686157
3.375	11.5	-0.00212272492056286
3.625	11.5	-0.00212261424274529
3.875	11.5	-0.00212249260957995
4.125	11.5	-0.00212235936740052
4.375	11.5	-0.00212221381126146
4.625	11.5	-0.0021220551833807
4.875	11.5	-0.00212188267146254
5.125	11.5	-0.00212169540689518
5.375	11.5	-0.00212149246281609
5.625	11.5	-0.00212127285203641
5.875	11.5	-0.00212103552481252
6.125	11.5	-0.00212077936644764
6.375	11.5	-0.00212050319469848
6.625	11.5	-0.0021202057569487
6.875	11.5	-0.00211988572708961
7.125	11.5	-0.00211954170201337
7.375	11.5	-0.00211917219756678
7.625	11.5	-0.00211877564371909
7.875	11.5	-0.00211835037854246
8.125	11.5	-0.00211789464034857
8.375	11.5	-0.00211740655690575
8.625	11.5	-0.00211688412997107
8.875	11.5	-0.00211632521223703
9.125	11.5	-0.00211572747192525
9.375	11.5	-0.00211508833718653
9.625	11.5	-0.00211440490741094
9.875	11.5	-0.00211367381023061
10.125	11.5	-0.00211289096930618
10.375	11.5	-0.00211205122545623
10.625	11.5	-0.00211114771661117
10.875	11.5	-0.00211017086105768
11.125	11.5	-0.00210910668803306
11.375	11.5	-0.00210793409450065
11.625	11.5	-0.00210662033503968
11.875	11.5	-0.0021051136043565
12.125	11.5	-0.00210333083565968
12.375	11.5	-0.00210113762659843
12.625	11.5	-0.0020983152108895
12.875	11.5	-0.00209450611349532
13.125	11.5	-0.0020891247301608
13.375	11.5	-0.00208121019319715
13.625	11.5	-0.00206918428078112
13.875	11.5	-0.00205045311100582
14.125	11.5	-0.00202075188738241
14.375	11.5	-0.00197306712707558
14.625	11.5	-0.00189586444280993
14.875	11.5	-0.00177017581858619
15.125	11.5	-0.00156481618326985
15.375	11.5	-0.00122853801597353
15.625	11.5	-0.000677191494623495
15.875	11.5	0.000227214987906036
16.125	11.5	0.00171046287906925
16.375	11.5	0.00414062221079583
16.625	11.5	0.00811409533271538
16.875	11.5	0.0145876092787573
17.125	11.5	0.025070506048162
17.375	11.5	0.0418782756123143
17.625	11.5	0.0683982319553505
17.875	11.5	0.109189929004606
18.125	11.5	0.169503824985256
18.375	11.5	0.253572682858284
18.625	11.5	0.361386226694947
18.875	11.5	0.485467174844396
19.125	11.5	0.611401095823459
19.375	11.5	0.723891207556025
19.625	11.5	0.813616824285886
19.875	11.5	0.879078694688518
20.125	11.5	0.923867235369032
20.375	11.5	0.953207334228956
20.625	11.5	0.97189157362015
20.875	11.5	0.983578424826454
21.125	11.5	0.990806817140344
21.375	11.5	0.995246394609311
21.625	11.5	0.997961085777447
21.875	11.5	0.999616245771893
22.125	11.5	1.0006233091033
22.375	11.5	1.00123496913545
22.625	11.5	1.00160578624489
22.875	11.5	1.00183006144169
23.125	11.5	1.0019652423707
23.375	11.5	1.0020462929799
23.625	11.5	1.00209448054811
23.875	11.5	1.00212273608598
24.125	11.5	1.00213891964267
24.375	11.5	1.00214780763737
24.625	11.5	1.00215230174835
24.875	11.5	1.00215416404124
25.125	11.5	1.00215446391524
25.375	11.5	1.00215384980673
25.625	11.5	1.0021527143485
25.875	11.5	1.00215129475914
26.125	11.5	1.00214973386072
26.375	11.5	1.00214811716427
26.625	11.5	1.00214649540857
26.875	11.5	1.00214489825716
27.125	11.5	1.00214334262107
27.375	11.5	1.00214183771516
27.625	11.5	1.00214038812904
27.875	11.5	1.00213899569139
28.125	11.5	1.00213766060096
28.375	11.5	1.00213638211185
28.625	11.5	1.00213515894814
28.875	11.5	1.00213398955387
29.125	11.5	1.00213287224321
29.375	11.5	1.00213180528997
29.625	11.5	1.00213078698035
29.875	11.5	1.00212981564334
30.125	11.5	1.00212888966779
30.375	11.5	1.00212800751123
30.625	11.5	1.00212716770391
30.875	11.5	1.00212636884998
31.125	11.5	1.0021256096269
31.375	11.5	1.00212488878395
31.625	11.5	1.00212420514023
31.875	11.5	1.00212355758234
32.125	11.5	1.00212294506206
32.375	11.5	1.0021223665939
32.625	11.5	1.00212182125284
32.875	11.5	1.00212130817203
33.125	11.5	1.00212082654072
33.375	11.5	1.00212037560219
33.625	11.5	1.00211995465185
33.875	11.5	1.00211956303549
34.125	11.5	1.00211920014758
34.375	11.5	1.00211886542972
34.625	11.5	1.00211855836925
34.875	11.5	1.00211827849788
35.125	11.5	1.0021180253905
35.375	11.5	1.0021177986641
35.625	11.5	1.00211759797674
35.875	11.5	1.00211742302669
36.125	11.5	1.00211727355163
36.375	11.5	1.00211714932799
36.625	11.5	1.00211705017033
36.875	11.5	1.00211697593088
37.125	11.5	1.00211692649914
37.375	11.5	1.00211690180163
0.125	12.5	-0.00212759691900181
0.375	12.5	-0.00212759364970987
0.625	12.5	-0.00212758707067137
0.875	12.5	-0.00212757710087745
1.125	12.5	-0.00212756361856563
1.375	12.5	-0.00212754646092007
1.625	12.5	-0.00212752542367085
1.875	12.5	-0.00212750026059102
2.125	12.5	-0.00212747068289033
2.375	12.5	-0.00212743635850398
2.625	12.5	-0.00212739691127452
2.875	12.5	-0.00212735192002482
3.125	12.5	-0.00212730091751974
3.375	12.5	-0.00212724338931379
3.625	12.5	-0.00212717877248184
3.875	12.5	-0.00212710645422945
4.125	12.5	-0.00212702577037916
4.375	12.5	-0.00212693600372837
4.625	12.5	-0.00212683638227428
4.875	12.5	-0.00212672607730021
5.125	12.5	-0.00212660420131701
5.375	12.5	-0.00212646980585164
5.625	12.5	-0.00212632187907326
5.875	12.5	-0.00212615934324353
6.125	12.5	-0.00212598105197338
6.375	12.5	-0.00212578578726
6.625	12.5	-0.00212557225626526
6.875	12.5	-0.00212533908777558
7.125	12.5	-0.00212508482824933
7.375	12.5	-0.00212480793730144
7.625	12.5	-0.00212450678238323
7.875	12.5	-0.0021241796322642
8.125	12.5	-0.00212382464867432
8.375	12.5	-0.00212343987505708
8.625	12.5	-0.00212302322071209
8.875	12.5	-0.00212257243750113
9.125	12.5	-0.00212208508447437
9.375	12.5	-0.00212155847278252
9.625	12.5	-0.00212098957831993
9.875	12.5	-0.00212037490144591
10.125	12.5	-0.00211971023980662
10.375	12.5	-0.00211899031835225
10.625	12.5	-0.00211820818456155
10.875	12.5	-0.00211735421750766
11.125	12.5	-0.00211641450168883
11.375	12.5	-0.00211536815575669
11.625	12.5	-0.0021141829416828
11.875	12.5	-0.00211280804450168
12.125	12.5	-0.00211116219629648
12.375	12.5	-0.00210911413912615
12.625	12.5	-0.00210645048163399
12.875	12.5	-0.00210282281204706
13.125	12.5	-0.00209766067840777
13.375	12.5	-0.00209002840681129
13.625	12.5	-0.00207838951661937
13.875	12.5	-0.00206021912126883
14.125	12.5	-0.00203136628913184
14.375	12.5	-0.00198500524235409
14.625	12.5	-0.00190991075594468
14.875	12.5	-0.00178762362372968
15.125	12.5	-0.0015877954237288
15.375	12.5	-0.00126055275025901
15.625	12.5	-0.000723998693498255
15.875	12.5	0.000156174813499973
16.125	12.5	0.00159975357282423
16.375	12.5	0.00396512059590509
16.625	12.5	0.00783321911816904
16.875	12.5	0.0141366142165528
17.125	12.5	0.0243482149188928
17.375	12.5	0.040731990921598
17.625	12.5	0.0666109095372499
17.875	12.5	0.106484564511828
18.125	12.5	0.165595394148579
18.375	12.5	0.248303434208705
18.625	12.5	0.354928937645613
18.875	12.5	0.478443275911281
19.125	12.5	0.604697848134295
19.375	12.5	0.71824087662255
19.625	12.5	0.8093193659827
19.875	12.5	0.876050569461125
20.125	12.5	0.921842550902016
20.375	12.5	0.951898728529171
20.625	12.5	0.971063069240064
20.875	12.5	0.983059760440008
21.125	12.5	0.990483508934114
21.375	12.5	0.995044526156048
21.625	12.5	0.997834064014753
21.875	12.5	0.999535119900259
22.125	12.5	1.00057024618466
22.375	12.5	1.00119904286996
22.625	12.5	1.00158032427291
22.875	12.5	1.00181099795597
23.125	12.5	1.00195010363897
23.375	12.5	1.0020335757712
23.625	12.5	1.00208327245547
23.875	12.5	1.00211248404025
24.125	12.5	1.00212928894116
24.375	12.5	1.00213859615903
24.625	12.5	1.00214338777897
24.875	12.5	1.00214547455415
25.125	12.5	1.0021459552961
25.375	12.5	1.00214549614639
25.625	12.5	1.00214450033762
25.875	12.5	1.00214321138026
26.125	12.5	1.00214177578047
26.375	12.5	1.00214028115865
26.625	12.5	1.00213877941562
26.875	12.5	1.00213730081036
27.125	12.5	1.00213586251364
27.375	12.5	1.00213447380408
27.625	12.5	1.00213313922353
27.875	12.5	1.00213186049212
28.125	12.5	1.00213063766968
28.375	12.5	1.00212946985901
28.625	12.5	1.00212835563097
28.875	12.5	1.00212729328052
29.125	12.5	1.00212628098007
29.375	12.5	1.00212531687063
29.625	12.5	1.0021243991152
29.875	12.5	1.00212352592925
30.125	12.5	1.00212269559753
30.375	12.5	1.00212190648248
30.625	12.5	1.00212115702776
30.875	12.5	1.00212044575882
31.125	12.5	1.00211977128182
31.375	12.5	1.00211913228157
31.625	12.5	1.00211852751893
31.875	12.5	1.00211795582812
32.125	12.5	1.00211741611376
32.375	12.5	1.00211690734814
32.625	12.5	1.0021164285684
32.875	12.5	1.00211597887396
33.125	12.5	1.00211555742398
33.375	12.5	1.00211516343503
33.625	12.5	1.00211479617889
33.875	12.5	1.0021144549804
34.125	12.5	1.00211413921565
34.375	12.5	1.00211384831007
34.625	12.5	1.00211358173686
34.875	12.5	1.00211333901545
35.125	12.5	1.00211311971005
35.375	12.5	1.00211292342847
35.625	12.5	1.00211274982092
35.875	12.5	1.00211259857901
36.125	12.5	1.00211246943484
36.375	12.5	1.00211236216024
36.625	12.5	1.00211227656607
36.875	12.5	1.00211221250169
37.125	12.5	1.00211216985448
37.375	12.5	1.00211214854957
0.125	13.5	-0.00213200620346636
0.375	13.5	-0.00213200685342952
0.625	13.5	-0.00213200811432856
0.875	13.5	-0.00213200990800212
1.125	13.5	-0.00213201211694081
1.375	13.5	-0.00213201458396574
1.625	13.5	-0.00213201711179841
1.875	13.5	-0.00213201946252088
2.125	13.5	-0.00213202135692475
2.375	13.5	-0.00213202247374713
2.625	13.5	-0.00213202244879133
2.875	13.5	-0.00213202087393004
3.125	13.5	-0.00213201729598814
3.375	13.5	-0.00213201121550196
3.625	13.5	-0.00213200208535174
3.875	13.5	-0.00213198930926314
4.125	13.5	-0.00213197224017377
4.375	13.5	-0.00213195017845964
4.625	13.5	-0.00213192237001632
4.875	13.5	-0.00213188800418834
5.125	13.5	-0.00213184621153998
5.375	13.5	-0.00213179606145845
5.625	13.5	-0.00213173655957914
5.875	13.5	-0.00213166664501872
6.125	13.5	-0.00213158518739755
6.375	13.5	-0.00213149098362459
6.625	13.5	-0.00213138275440543
6.875	13.5	-0.00213125914041383
7.125	13.5	-0.0021311186980335
7.375	13.5	-0.00213095989452263
7.625	13.5	-0.00213078110236393
7.875	13.5	-0.00213058059241627
8.125	13.5	-0.0021303565252429
8.375	13.5	-0.00213010693959447
8.625	13.5	-0.00212982973637321
8.875	13.5	-0.00212952265533189
9.125	13.5	-0.00212918323999656
9.375	13.5	-0.00212880878339862
9.625	13.5	-0.00212839624242474
9.875	13.5	-0.00212794210073188
10.125	13.5	-0.00212744214723985
10.375	13.5	-0.00212689111592812
10.625	13.5	-0.002126282097638
10.875	13.5	-0.00212560557694381
11.125	13.5	-0.00212484785231172
11.375	13.5	-0.00212398844169184
11.625	13.5	-0.0021229958188634
11.875	13.5	-0.0021218204032366
12.125	13.5	-0.002120383030389
12.375	13.5	-0.00211855598629399
12.625	13.5	-0.00211613180526595
12.875	13.5	-0.00211277193347695
13.125	13.5	-0.00210792226248979
13.375	13.5	-0.00210067415132009
13.625	13.5	-0.00208953576173043
13.875	13.5	-0.00207205584824865
14.125	13.5	-0.00204420485885555
14.375	13.5	-0.00199935695684628
14.625	13.5	-0.00192661608765253
14.875	13.5	-0.00180806465573257
15.125	13.5	-0.00161424473731791
15.375	13.5	-0.00129674549387651
15.625	13.5	-0.00077606818460067
15.875	13.5	7.81734314101125e-05
16.125	13.5	0.00147937947304287
16.375	13.5	0.0037756099737107
16.625	13.5	0.00753131896596537
16.875	13.5	0.0136532597419184
17.125	13.5	0.0235753165899654
17.375	13.5	0.0395060047357141
17.625	13.5	0.0646983430380714
17.875	13.5	0.103584972420306
18.125	13.5	0.161394120797434
18.375	13.5	0.242614004900285
18.625	13.5	0.347914238072359
18.875	13.5	0.470757419585992
19.125	13.5	0.597307623058831
19.375	13.5	0.711969641563594
19.625	13.5	0.804524314102931
19.875	13.5	0.872658624946424
20.125	13.5	0.919568218031218
20.375	13.5	0.950425621975487
20.625	13.5	0.970128677929956
20.875	13.5	0.982473662049014
21.125	13.5	0.990117279395163
21.375	13.5	0.994815105001709
21.625	13.5	0.997689040905038
21.875	13.5	0.99944190923745
22.125	13.5	1.00050876776075
22.375	13.5	1.00115698925928
22.625	13.5	1.00155017684471
22.875	13.5	1.00178817279098
23.125	13.5	1.0019318094726
23.375	13.5	1.00201811417846
23.625	13.5	1.00206961037585
23.875	13.5	1.00209999315973
24.125	13.5	1.00211758699029
24.375	13.5	1.00212745034523
24.625	13.5	1.0021326560566
24.875	13.5	1.00213506992037
25.125	13.5	1.00213582409267
25.375	13.5	1.00213560487839
25.625	13.5	1.00213482767001
25.875	13.5	1.00213374328193
26.125	13.5	1.00213250258094
26.375	13.5	1.00213119576694
26.625	13.5	1.002129876245
26.875	13.5	1.00212857513148
27.125	13.5	1.00212731006771
27.375	13.5	1.00212609057345
27.625	13.5	1.00212492129754
27.875	13.5	1.00212380399043
28.125	13.5	1.00212273870008
28.375	13.5	1.00212172449583
28.625	13.5	1.00212075990567
28.875	13.5	1.00211984317928
29.125	13.5	1.00211897244539
29.375	13.5	1.00211814580508
29.625	13.5	1.00211736138613
29.875	13.5	1.00211661737395
30.125	13.5	1.00211591202831
30.375	13.5	1.00211524369158
30.625	13.5	1.00211461079191
30.875	13.5	1.00211401184342
31.125	13.5	1.00211344544467
31.375	13.5	1.00211291027624
31.625	13.5	1.00211240509777
31.875	13.5	1.00211192874474
32.125	13.5	1.00211148012534
32.375	13.5	1.00211105821728
32.625	13.5	1.00211066206473
32.875	13.5	1.00211029077539
33.125	13.5	1.00210994351778
33.375	13.5	1.00210961951856
33.625	13.5	1.00210931806017
33.875	13.5	1.00210903847849
34.125	13.5	1.00210878016073
34.375	13.5	1.0021085425435
34.625	13.5	1.00210832511095
34.875	13.5	1.00210812739313
35.125	13.5	1.00210794896447
35.375	13.5	1.00210778944237
35.625	13.5	1.00210764848599
35.875	13.5	1.00210752579511
36.125	13.5	1.00210742110915
36.375	13.5	1.00210733420633
36.625	13.5	1.00210726490296
36.875	13.5	1.00210721305276
37.125	13.5	1.00210717854648
37.375	13.5	1.00210716131148
0.125	14.5	-0.00213654281037285
0.375	14.5	-0.00213654797480689
0.625	14.5	-0.00213655826787879
0.875	14.5	-0.00213657361788701
1.125	14.5	-0.00213659391700606
1.375	14.5	-0.00213661902095779
1.625	14.5	-0.00213664874857172
1.875	14.5	-0.00213668288123289
2.125	14.5	-0.00213672116221587
2.375	14.5	-0.00213676329590275
2.625	14.5	-0.00213680894688283
2.875	14.5	-0.0021368577389314
3.125	14.5	-0.00213690925386456
3.375	14.5	-0.00213696303026669
3.625	14.5	-0.00213701856208672
3.875	14.5	-0.00213707529709912
4.125	14.5	-0.00213713263522478
4.375	14.5	-0.00213718992670646
4.625	14.5	-0.00213724647013304
4.875	14.5	-0.00213730151030581
5.125	14.5	-0.002137354235939
5.375	14.5	-0.00213740377718548
5.625	14.5	-0.00213744920297637
5.875	14.5	-0.00213748951816009
6.125	14.5	-0.0021375236604216
6.375	14.5	-0.00213755049695495
6.625	14.5	-0.0021375688208497
6.875	14.5	-0.002137577347132
7.125	14.5	-0.00213757470836894
7.375	14.5	-0.00213755944969127
7.625	14.5	-0.00213753002300341
7.875	14.5	-0.00213748478000698
8.125	14.5	-0.00213742196343028
8.375	14.5	-0.00213733969547218
8.625	14.5	-0.00213723596183656
8.875	14.5	-0.00213710858869482
9.125	14.5	-0.0021369552082039
9.375	14.5	-0.00213677320539524
9.625	14.5	-0.00213655963462207
9.875	14.5	-0.00213631108613839
10.125	14.5	-0.00213602347085388
10.375	14.5	-0.00213569167069221
10.625	14.5	-0.00213530896805577
10.875	14.5	-0.00213486611207596
11.125	14.5	-0.002134349787469
11.375	14.5	-0.00213374010066007
11.625	14.5	-0.00213300644910754
11.875	14.5	-0.00213210073046833
12.125	14.5	-0.00213094617475912
12.375	14.5	-0.00212941897446453
12.625	14.5	-0.00212731806406473
12.875	14.5	-0.00212431540014561
13.125	14.5	-0.00211987415690366
13.375	14.5	-0.00211311413093725
13.625	14.5	-0.00210259029133035
13.875	14.5	-0.00208592844450517
14.125	14.5	-0.00205922587504144
14.375	14.5	-0.00201606550939437
14.625	14.5	-0.00194589482338363
14.875	14.5	-0.00183136130900919
15.125	14.5	-0.00164393602636501
15.375	14.5	-0.00133673388981734
15.625	14.5	-0.0008327581345326
15.875	14.5	-5.71487670198331e-06
16.125	14.5	0.00135113040904742
16.375	14.5	0.00357505617143227
16.625	14.5	0.00721327838365207
16.875	14.5	0.0131455231006251
17.125	14.5	0.0227646986554301
17.375	14.5	0.0382207980425705
17.625	14.5	0.0626922656227
17.875	14.5	0.100538414033509
18.125	14.5	0.156966232351817
18.375	14.5	0.236589139682625
18.625	14.5	0.340437593989824
18.875	14.5	0.462501115271351
19.125	14.5	0.589303990825144
19.375	14.5	0.705128024516527
19.625	14.5	0.799262655218227
19.875	14.5	0.86892072151284
20.125	14.5	0.917054309653505
20.375	14.5	0.948793703325409
20.625	14.5	0.969091641750822
20.875	14.5	0.981821989605887
21.125	14.5	0.98970919416382
21.375	14.5	0.994558733994697
21.625	14.5	0.997526347934379
21.875	14.5	0.99933678657712
22.125	14.5	1.00043895510033
22.375	14.5	1.00110883835602
22.625	14.5	1.00151534701276
22.875	14.5	1.00176157648186
23.125	14.5	1.00191034645467
23.375	14.5	1.00199989579366
23.625	14.5	1.00205348567758
23.875	14.5	1.00208526002683
24.125	14.5	1.00210381622419
24.375	14.5	1.00211437864424
24.625	14.5	1.00212012092986
24.875	14.5	1.00212297012055
25.125	14.5	1.00212409556877
25.375	14.5	1.00212420616488
25.625	14.5	1.00212373101212
25.875	14.5	1.00212292924711
26.125	14.5	1.00212195678894
26.375	14.5	1.0021209069069
26.625	14.5	1.00211983487438
26.875	14.5	1.00211877294977
27.125	14.5	1.00211773947813
27.375	14.5	1.00211674441941
27.625	14.5	1.00211579270496
27.875	14.5	1.00211488627402
28.125	14.5	1.00211402530816
28.375	14.5	1.00211320897846
28.625	14.5	1.00211243589649
28.875	14.5	1.00211170438558
29.125	14.5	1.00211101264297
29.375	14.5	1.00211035883575
29.625	14.5	1.0021097411567
29.875	14.5	1.00210915785595
30.125	14.5	1.00210860725797
30.375	14.5	1.00210808776989
30.625	14.5	1.00210759788455
30.875	14.5	1.0021071361805
31.125	14.5	1.00210670132031
31.375	14.5	1.00210629204788
31.625	14.5	1.00210590718525
31.875	14.5	1.0021055456292
32.125	14.5	1.00210520634792
32.375	14.5	1.00210488837754
32.625	14.5	1.00210459081901
32.875	14.5	1.00210431283497
33.125	14.5	1.00210405364684
33.375	14.5	1.00210381253209
33.625	14.5	1.00210358882166
33.875	14.5	1.00210338189762
34.125	14.5	1.00210319119088
34.375	14.5	1.00210301617919
34.625	14.5	1.0021028563852
34.875	14.5	1.00210271137476
35.125	14.5	1.00210258075531
35.375	14.5	1.00210246417445
35.625	14.5	1.00210236131863
35.875	14.5	1.00210227191201
36.125	14.5	1.00210219571543
36.375	14.5	1.00210213252552
36.625	14.5	1.00210208217394
36.875	14.5	1.00210204452679
37.125	14.5	1.00210201948405
37.375	14.5	1.00210200697926
0.125	15.5	-0.00214113327770424
0.375	15.5	-0.00214114349963733
0.625	15.5	-0.00214116391278426
0.875	15.5	-0.00214119445560039
1.125	15.5	-0.00214123503550303
1.375	15.5	-0.00214128552855169
1.625	15.5	-0.00214134577902024
1.875	15.5	-0.00214141559885958
2.125	15.5	-0.00214149476704908
2.375	15.5	-0.00214158302883489
2.625	15.5	-0.00214168009485261
2.875	15.5	-0.00214178564013148
3.125	15.5	-0.00214189930297721
3.375	15.5	-0.00214202068372956
3.625	15.5	-0.00214214934339108
3.875	15.5	-0.00214228480212238
4.125	15.5	-0.00214242653759915
4.375	15.5	-0.00214257398322542
4.625	15.5	-0.0021427265261969
4.875	15.5	-0.00214288350540757
5.125	15.5	-0.00214304420919143
5.375	15.5	-0.00214320787289016
5.625	15.5	-0.0021433736762351
5.875	15.5	-0.00214354074052906
6.125	15.5	-0.0021437081256086
6.375	15.5	-0.00214387482656004
6.625	15.5	-0.00214403977015023
6.875	15.5	-0.00214420181091407
7.125	15.5	-0.00214435972680932
7.375	15.5	-0.0021445122142976
7.625	15.5	-0.00214465788262698
7.875	15.5	-0.0021447952469535
8.125	15.5	-0.00214492271971285
8.375	15.5	-0.0021450385992817
8.625	15.5	-0.00214514105435702
8.875	15.5	-0.0021452281014769
9.125	15.5	-0.00214529757145279
9.375	15.5	-0.00214534705776358
9.625	15.5	-0.00214537383548725
9.875	15.5	-0.00214537473198271
10.125	15.5	-0.0021453459184204
10.375	15.5	-0.00214528257132601
10.625	15.5	-0.00214517832050115
10.875	15.5	-0.00214502434571255
11.125	15.5	-0.00214480789572977
11.375	15.5	-0.00214450985715441
11.625	15.5	-0.0021441007600165
11.875	15.5	-0.00214353421143079
12.125	15.5	-0.00214273609752299
12.375	15.5	-0.00214158682251666
12.625	15.5	-0.00213989209111368
12.875	15.5	-0.0021373348399446
13.125	15.5	-0.00213339615202364
13.375	15.5	-0.00212722513793225
13.625	15.5	-0.00211742485489007
13.875	15.5	-0.00210170010053052
14.125	15.5	-0.00207627801277223
14.375	15.5	-0.00203495506631881
14.625	15.5	-0.00196752996067908
14.875	15.5	-0.00185722775806727
15.125	15.5	-0.00167646888074874
15.375	15.5	-0.00137992740412169
15.625	15.5	-0.000893163477515698
15.875	15.5	-9.40661548498272e-05
16.125	15.5	0.00121728373825899
16.375	15.5	0.00336713462150636
16.625	15.5	0.00688505034124058
16.875	15.5	0.012623035464293
17.125	15.5	0.0219318507252942
17.375	15.5	0.0369009829083823
17.625	15.5	0.0606309752790883
17.875	15.5	0.0974024869268206
18.125	15.5	0.152393837251035
18.375	15.5	0.23033682946281
18.625	15.5	0.332625786934062
18.875	15.5	0.453803194145483
19.125	15.5	0.580798797179794
19.375	15.5	0.697800339836586
19.625	15.5	0.793591740791655
19.875	15.5	0.864873546799898
20.125	15.5	0.914323590008387
20.375	15.5	0.947016923103491
20.625	15.5	0.967960479348513
20.875	15.5	0.981109946881479
21.125	15.5	0.989262440170792
21.375	15.5	0.99427737412912
21.625	15.5	0.997347201545857
21.875	15.5	0.999220516900389
22.125	15.5	1.00036130022143
22.375	15.5	1.00105491790302
22.625	15.5	1.0014760643634
22.875	15.5	1.00173138060584
23.125	15.5	1.00188585245436
23.375	15.5	1.00197903941354
23.625	15.5	1.00203500683028
23.875	15.5	1.00206838794511
24.125	15.5	1.00208807776581
24.375	15.5	1.00209948166842
24.625	15.5	1.00210588338001
24.875	15.5	1.00210927691376
25.125	15.5	1.00211087239447
25.375	15.5	1.00211140356264
25.625	15.5	1.00211131469702
25.875	15.5	1.00211087423172
26.125	15.5	1.00211024381212
26.375	15.5	1.00210952026421
26.625	15.5	1.00210876109969
26.875	15.5	1.00210800001405
27.125	15.5	1.00210725630209
27.375	15.5	1.00210654057675
27.625	15.5	1.00210585824113
27.875	15.5	1.00210521159511
28.125	15.5	1.00210460111224
28.375	15.5	1.00210402621247
28.625	15.5	1.0021034857287
28.875	15.5	1.0021029781873
29.125	15.5	1.00210250197582
29.375	15.5	1.00210205544224
29.625	15.5	1.00210163695276
29.875	15.5	1.00210124492455
30.125	15.5	1.00210087784342
30.375	15.5	1.00210053427244
30.625	15.5	1.00210021285516
30.875	15.5	1.00209991231574
31.125	15.5	1.00209963145721
31.375	15.5	1.0020993691588
31.625	15.5	1.00209912437274
31.875	15.5	1.00209889612084
32.125	15.5	1.00209868349107
32.375	15.5	1.00209848563421
32.625	15.5	1.00209830176054
32.875	15.5	1.0020981311368
33.125	15.5	1.00209797308327
33.375	15.5	1.00209782697101
33.625	15.5	1.00209769221928
33.875	15.5	1.0020975682932
34.125	15.5	1.00209745470148
34.375	15.5	1.00209735099442
34.625	15.5	1.00209725676198
34.875	15.5	1.00209717163209
35.125	15.5	1.00209709526903
35.375	15.5	1.00209702737204
35.625	15.5	1.00209696767402
35.875	15.5	1.00209691594036
36.125	15.5	1.00209687196798
36.375	15.5	1.0020968355844
36.625	15.5	1.00209680664704
36.875	15.5	1.00209678504254
37.125	15.5	1.00209677068634
37.375	15.5	1.00209676352225
0.125	16.5	-0.00214569505317768
0.375	16.5	-0.00214571079261537
0.625	16.5	-0.00214574224764735
0.875	16.5	-0.00214578937048914
1.125	16.5	-0.00214585208921974
1.375	16.5	-0.00214593030748745
1.625	16.5	-0.00214602390411626
1.875	16.5	-0.00214613273261131
2.125	16.5	-0.00214625662056178
2.375	16.5	-0.00214639536893922
2.625	16.5	-0.00214654875128893
2.875	16.5	-0.00214671651281164
3.125	16.5	-0.0021468983693324
3.375	16.5	-0.00214709400615325
3.625	16.5	-0.00214730307678564
3.875	16.5	-0.0021475252015584
4.125	16.5	-0.00214775996609634
4.375	16.5	-0.00214800691966408
4.625	16.5	-0.00214826557336903
4.875	16.5	-0.00214853539821676
5.125	16.5	-0.00214881582301078
5.375	16.5	-0.00214910623208755
5.625	16.5	-0.00214940596287539
5.875	16.5	-0.00214971430326305
6.125	16.5	-0.0021500304887589
6.375	16.5	-0.00215035369941469
6.625	16.5	-0.00215068305647592
6.875	16.5	-0.00215101761870246
7.125	16.5	-0.00215135637827249
7.375	16.5	-0.0021516982561332
7.625	16.5	-0.00215204209658074
7.875	16.5	-0.00215238666071853
8.125	16.5	-0.00215273061822469
8.375	16.5	-0.00215307253650003
8.625	16.5	-0.00215341086567784
8.875	16.5	-0.00215374391700586
9.125	16.5	-0.00215406983051355
9.375	16.5	-0.00215438652525128
9.625	16.5	-0.00215469162106554
9.875	16.5	-0.00215498231376323
10.125	16.5	-0.00215525517381789
10.375	16.5	-0.00215550581951891
10.625	16.5	-0.00215572838378752
10.875	16.5	-0.00215591464176101
11.125	16.5	-0.00215605258048173
11.375	16.5	-0.00215612405090644
11.625	16.5	-0.0021561009102446
11.875	16.5	-0.0021559386805523
12.125	16.5	-0.0021555661208196
12.375	16.5	-0.00215486807534022
12.625	16.5	-0.00215365725909418
12.875	16.5	-0.00215162784044017
13.125	16.5	-0.00214827907403936
13.375	16.5	-0.00214278965737003
13.625	16.5	-0.00213381101687048
13.875	16.5	-0.00211912722750584
14.125	16.5	-0.00209509556693005
14.375	16.5	-0.00205572633810743
14.625	16.5	-0.00199116972986996
14.875	16.5	-0.00188522862008794
15.125	16.5	-0.00171127302745928
15.375	16.5	-0.00142553647457878
15.625	16.5	-0.000956136594470294
15.875	16.5	-0.000185146953238055
16.125	16.5	0.00108053159626623
16.375	16.5	0.00315610380581597
16.625	16.5	0.00655344286300034
16.875	16.5	0.0120967262830539
17.125	16.5	0.0210942869479275
17.375	16.5	0.0355743895909844
17.625	16.5	0.0585579469540018
17.875	16.5	0.0942431412745446
18.125	16.5	0.147772365921749
18.375	16.5	0.223985553076906
18.625	16.5	0.324634845470221
18.875	16.5	0.444829527400428
19.125	16.5	0.571944097131585
19.375	16.5	0.690108133580613
19.625	16.5	0.787599041661829
19.875	16.5	0.860575850269902
20.125	16.5	0.911413945130737
20.375	16.5	0.945119176905487
20.625	16.5	0.96675009698421
20.875	16.5	0.980346795102132
21.125	16.5	0.988782777927085
21.375	16.5	0.993974630203249
21.625	16.5	0.997153884384862
21.875	16.5	0.999094573770175
22.125	16.5	1.00027678212467
22.375	16.5	1.00099590465064
22.625	16.5	1.00143282077742
22.875	16.5	1.00169796371853
23.125	16.5	1.0018586362503
23.375	16.5	1.00195581050677
23.625	16.5	1.00201441204748
23.875	16.5	1.00204959758678
24.125	16.5	1.00207058060271
24.375	16.5	1.00208296023478
24.625	16.5	1.0020901381482
24.875	16.5	1.00209418020297
25.125	16.5	1.00209634035725
25.375	16.5	1.00209737915948
25.625	16.5	1.00209775734803
25.875	16.5	1.00209775352539
26.125	16.5	1.00209753567904
26.375	16.5	1.00209720464808
26.625	16.5	1.00209682053819
26.875	16.5	1.00209641877207
27.125	16.5	1.00209601984078
27.375	16.5	1.00209563522642
27.625	16.5	1.00209527099803
27.875	16.5	1.00209492999349
28.125	16.5	1.00209461314215
28.375	16.5	1.00209432026539
28.625	16.5	1.00209405056017
28.875	16.5	1.00209380288982
29.125	16.5	1.00209357595817
29.375	16.5	1.00209336841266
29.625	16.5	1.00209317890459
29.875	16.5	1.00209300612342
30.125	16.5	1.0020928488154
30.375	16.5	1.00209270579292
30.625	16.5	1.00209257593816
30.875	16.5	1.00209245820361
31.125	16.5	1.00209235161059
31.375	16.5	1.00209225524683
31.625	16.5	1.00209216826346
31.875	16.5	1.0020920898718
32.125	16.5	1.00209201934009
32.375	16.5	1.00209195599031
32.625	16.5	1.00209189919506
32.875	16.5	1.00209184837465
33.125	16.5	1.00209180299428
33.375	16.5	1.0020917625615
33.625	16.5	1.00209172662372
33.875	16.5	1.00209169476599
34.125	16.5	1.00209166660886
34.375	16.5	1.0020916418065
34.625	16.5	1.00209162004486
34.875	16.5	1.00209160104009
35.125	16.5	1.00209158453702
35.375	16.5	1.00209157030784
35.625	16.5	1.00209155815087
35.875	16.5	1.0020915478895
36.125	16.5	1.00209153937124
36.375	16.5	1.00209153246687
36.625	16.5	1.00209152706979
36.875	16.5	1.00209152309541
37.125	16.5	1.00209152048067
37.375	16.5	1.00209151918373
0.125	17.5	-0.00215013784983914
0.375	17.5	-0.00215015945366085
0.625	17.5	-0.00215020264599581
0.875	17.5	-0.00215026739614351
1.125	17.5	-0.00215035365784397
1.375	17.5	-0.00215046136902575
1.625	17.5	-0.00215059045146865
1.875	17.5	-0.00215074081037972
2.125	17.5	-0.00215091233388104
2.375	17.5	-0.00215110489240743
2.625	17.5	-0.00215131833801189
2.875	17.5	-0.00215155250357608
3.125	17.5	-0.00215180720192311
3.375	17.5	-0.00215208222482925
3.625	17.5	-0.00215237734193101
3.875	17.5	-0.00215269229952337
4.125	17.5	-0.00215302681924481
4.375	17.5	-0.00215338059664384
4.625	17.5	-0.00215375329962156
4.875	17.5	-0.00215414456674366
5.125	17.5	-0.00215455400541441
5.375	17.5	-0.00215498118990405
5.625	17.5	-0.00215542565921868
5.875	17.5	-0.00215588691479911
6.125	17.5	-0.00215636441803065
6.375	17.5	-0.00215685758753867
6.625	17.5	-0.00215736579623369
6.875	17.5	-0.00215788836805171
7.125	17.5	-0.00215842457430602
7.375	17.5	-0.00215897362951901
7.625	17.5	-0.00215953468652399
7.875	17.5	-0.0021601068304986
8.125	17.5	-0.0021606890713801
8.375	17.5	-0.00216128033376654
8.625	17.5	-0.00216187944283711
8.875	17.5	-0.00216248510388813
9.125	17.5	-0.00216309587153887
9.375	17.5	-0.00216371010212508
9.625	17.5	-0.00216432587862545
9.875	17.5	-0.0021649408906004
10.125	17.5	-0.00216555224032741
10.375	17.5	-0.00216615612773159
10.625	17.5	-0.00216674733613075
10.875	17.5	-0.00216731839049885
11.125	17.5	-0.00216785817716364
11.375	17.5	-0.0021683496776343
11.625	17.5	-0.0021687662451189
11.875	17.5	-0.00216906548349893
12.125	17.5	-0.00216917918172163
12.375	17.5	-0.00216899675814969
12.625	17.5	-0.00216833802666536
12.875	17.5	-0.00216690839353684
13.125	17.5	-0.00216422514740339
13.375	17.5	-0.00215949618966713
13.625	17.5	-0.00215142052038961
13.875	17.5	-0.00213786000805278
14.125	17.5	-0.00211529944452647
14.375	17.5	-0.00207795844840281
14.625	17.5	-0.00201633107450805
14.875	17.5	-0.0019147852779885
15.125	17.5	-0.00174761954817938
15.375	17.5	-0.00147259202888514
15.625	17.5	-0.00102032076648401
15.875	17.5	-0.000276971005823229
16.125	17.5	0.000943885750950809
16.375	17.5	0.00294664678496316
16.625	17.5	0.00622585711155725
16.875	17.5	0.0115783942375838
17.125	17.5	0.0202708515494881
17.375	17.5	0.0342709623602344
17.625	17.5	0.0565201256497061
17.875	17.5	0.0911321590991764
18.125	17.5	0.143207118253333
18.375	17.5	0.217680105584408
18.625	17.5	0.316645969209817
18.875	17.5	0.43578034751192
19.125	17.5	0.562931791295545
19.375	17.5	0.682211851813241
19.625	17.5	0.781404748904224
19.875	17.5	0.856110998228062
20.125	17.5	0.908380428259425
20.375	17.5	0.943135769490479
20.625	17.5	0.965482771131708
20.875	17.5	0.979546488403327
21.125	17.5	0.988278944236482
21.375	17.5	0.993656003692937
21.625	17.5	0.996949903887324
21.875	17.5	0.998961239316641
22.125	17.5	1.00018693055062
22.375	17.5	1.00093286572473
22.625	17.5	1.00138639790322
22.875	17.5	1.00166193012791
23.125	17.5	1.00182919078137
23.375	17.5	1.00193063088666
23.625	17.5	1.0019920765781
23.875	17.5	1.00202923264527
24.125	17.5	1.0020516460667
24.375	17.5	1.00206511896943
24.625	17.5	1.00207317665959
24.875	17.5	1.00207796041001
25.125	17.5	1.00208077027996
25.375	17.5	1.00208239510252
25.625	17.5	1.00208331306855
25.875	17.5	1.0020838136439
26.125	17.5	1.00208407166762
26.375	17.5	1.00208419238458
26.625	17.5	1.00208423881138
26.875	17.5	1.00208424836491
27.125	17.5	1.00208424296483
27.375	17.5	1.00208423516974
27.625	17.5	1.00208423190309
27.875	17.5	1.00208423671411
28.125	17.5	1.0020842511488
28.375	17.5	1.00208427558
28.625	17.5	1.00208430970907
28.875	17.5	1.00208435286802
29.125	17.5	1.00208440420061
29.375	17.5	1.00208446276994
29.625	17.5	1.00208452762169
29.875	17.5	1.0020845978203
30.125	17.5	1.00208467246906
30.375	17.5	1.00208475072044
30.625	17.5	1.00208483178055
30.875	17.5	1.0020849149103
31.125	17.5	1.00208499942449
31.375	17.5	1.00208508468987
31.625	17.5	1.0020851701226
31.875	17.5	1.0020852551854
32.125	17.5	1.00208533938476
32.375	17.5	1.00208542226803
32.625	17.5	1.00208550342067
32.875	17.5	1.0020855824637
33.125	17.5	1.00208565905117
33.375	17.5	1.00208573286784
33.625	17.5	1.00208580362709
33.875	17.5	1.00208587106881
34.125	17.5	1.00208593495763
34.375	17.5	1.00208599508117
34.625	17.5	1.00208605124848
34.875	17.5	1.00208610328856
35.125	17.5	1.00208615104912
35.375	17.5	1.00208619439533
35.625	17.5	1.00208623320881
35.875	17.5	1.00208626738664
36.125	17.5	1.00208629684058
36.375	17.5	1.00208632149628
36.625	17.5	1.00208634129273
36.875	17.5	1.00208635618172
37.125	17.5	1.00208636612746
37.375	17.5	1.00208637110622
0.125	18.5	-0.0021543655049793
0.375	18.5	-0.00215439317911726
0.625	18.5	-0.00215444852204722
0.875	18.5	-0.00215453152301283
1.125	18.5	-0.00215464216571828
1.375	18.5	-0.00215478042813394
1.625	18.5	-0.00215494628223602
1.875	18.5	-0.00215513969367911
2.125	18.5	-0.00215536062140021
2.375	18.5	-0.00215560901715267
2.625	18.5	-0.00215588482496804
2.875	18.5	-0.00215618798054361
3.125	18.5	-0.00215651841055314
3.375	18.5	-0.00215687603187779
3.625	18.5	-0.00215726075075419
3.875	18.5	-0.00215767246183595
4.125	18.5	-0.00215811104716465
4.375	18.5	-0.0021585763750458
4.625	18.5	-0.00215906829882475
4.875	18.5	-0.00215958665555686
5.125	18.5	-0.00216013126456514
5.375	18.5	-0.00216070192587761
5.625	18.5	-0.00216129841853449
5.875	18.5	-0.00216192049875282
6.125	18.5	-0.00216256789793159
6.375	18.5	-0.00216324032047406
6.625	18.5	-0.00216393744139283
6.875	18.5	-0.00216465890364603
7.125	18.5	-0.00216540431512466
7.375	18.5	-0.00216617324516491
7.625	18.5	-0.00216696522038342
7.875	18.5	-0.00216777971950965
8.125	18.5	-0.00216861616668544
8.375	18.5	-0.00216947392236682
8.625	18.5	-0.00217035227041287
8.875	18.5	-0.00217125039904049
9.125	18.5	-0.00217216737183473
9.375	18.5	-0.00217310208255454
9.625	18.5	-0.00217405318344271
9.875	18.5	-0.00217501897011834
10.125	18.5	-0.0021759971952196
10.375	18.5	-0.00217698476501519
10.625	18.5	-0.00217797724366899
10.875	18.5	-0.00217896804125018
11.125	18.5	-0.00217994708162972
11.375	18.5	-0.00218089861485615
11.625	18.5	-0.00218179762216064
11.875	18.5	-0.00218260390561681
12.125	18.5	-0.00218325236853311
12.375	18.5	-0.00218363702857868
12.625	18.5	-0.00218358471944509
12.875	18.5	-0.00218281182714183
13.125	18.5	-0.00218085311358947
13.375	18.5	-0.00217694461725417
13.625	18.5	-0.00216983100320375
13.875	18.5	-0.00215744863036408
14.125	18.5	-0.00213640419757596
14.375	18.5	-0.00210111723128008
14.625	18.5	-0.00204240998488964
14.875	18.5	-0.00194518952816222
15.125	18.5	-0.00178463995509143
15.375	18.5	-0.00151997348120361
15.625	18.5	-0.00108419285533964
15.875	18.5	-0.000367366086937358
16.125	18.5	0.000810570979822706
16.375	18.5	0.00274369931779355
16.625	18.5	0.00591000886653032
16.875	18.5	0.0110802556957978
17.125	18.5	0.0194809899296165
17.375	18.5	0.0330215949377529
17.625	18.5	0.0545661011054801
17.875	18.5	0.0881443868576542
18.125	18.5	0.138809298278641
18.375	18.5	0.21157642858214
18.625	18.5	0.308859750130342
18.875	18.5	0.426885176065923
19.125	18.5	0.553990595088194
19.375	18.5	0.674310132217968
19.625	18.5	0.775162591022135
19.875	18.5	0.851588326399303
20.125	18.5	0.905296538071429
20.375	18.5	0.941114400115644
20.625	18.5	0.964188833613295
20.875	18.5	0.978728123581293
21.125	18.5	0.987762937752844
21.375	18.5	0.993329070539792
21.625	18.5	0.99674010167814
21.875	18.5	0.998823671041156
22.125	18.5	1.00009386651126
22.375	18.5	1.00086728301279
22.625	18.5	1.00133788161281
22.875	18.5	1.00162411821297
23.125	18.5	1.00179819763816
23.375	18.5	1.00190408078399
23.625	18.5	1.00196851322293
23.875	18.5	1.00200775932703
24.125	18.5	1.00203170663256
24.375	18.5	1.00204636462342
24.625	18.5	1.00205538499244
24.875	18.5	1.00206098618897
25.125	18.5	1.00206451554105
25.375	18.5	1.00206679097029
25.625	18.5	1.00206830869978
25.875	18.5	1.00206936949834
26.125	18.5	1.00207015540702
26.375	18.5	1.00207077636806
26.625	18.5	1.00207129856077
26.875	18.5	1.00207176161938
27.125	18.5	1.0020721890939
27.375	18.5	1.00207259480432
27.625	18.5	1.00207298669937
27.875	18.5	1.00207336919857
28.125	18.5	1.00207374461285
28.375	18.5	1.00207411400524
28.625	18.5	1.00207447771152
28.875	18.5	1.00207483565422
29.125	18.5	1.00207518753133
29.375	18.5	1.00207553292892
29.625	18.5	1.00207587138763
29.875	18.5	1.00207620244133
30.125	18.5	1.00207652563888
30.375	18.5	1.00207684055586
30.625	18.5	1.00207714680013
30.875	18.5	1.00207744401394
31.125	18.5	1.00207773187386
31.375	18.5	1.00207801008954
31.625	18.5	1.00207827840194
31.875	18.5	1.00207853658105
32.125	18.5	1.00207878442374
32.375	18.5	1.00207902175135
32.625	18.5	1.00207924840756
32.875	18.5	1.00207946425624
33.125	18.5	1.00207966917943
33.375	18.5	1.00207986307546
33.625	18.5	1.00208004585723
33.875	18.5	1.00208021745054
34.125	18.5	1.00208037779262
34.375	18.5	1.00208052683075
34.625	18.5	1.00208066452095
34.875	18.5	1.00208079082688
35.125	18.5	1.00208090571876
35.375	18.5	1.00208100917241
35.625	18.5	1.00208110116843
35.875	18.5	1.00208118169141
36.125	18.5	1.00208125072932
36.375	18.5	1.00208130827285
36.625	18.5	1.00208135431503
36.875	18.5	1.00208138885072
37.125	18.5	1.00208141187637
37.375	18.5	1.00208142338973
0.125	19.5	-0.00215827830505114
0.375	19.5	-0.00215831209049069
0.625	19.5	-0.00215837966709617
0.875	19.5	-0.00215848104627959
1.125	19.5	-0.00215861624505685
1.375	19.5	-0.00215878528592451
1.625	19.5	-0.00215898819669461
1.875	19.5	-0.00215922501028644
2.125	19.5	-0.00215949576447432
2.375	19.5	-0.00215980050159006
2.625	19.5	-0.00216013926817849
2.875	19.5	-0.00216051211460428
3.125	19.5	-0.0021609190946081
3.375	19.5	-0.00216136026480962
3.625	19.5	-0.00216183568415496
3.875	19.5	-0.00216234541330554
4.125	19.5	-0.00216288951396508
4.375	19.5	-0.00216346804814125
4.625	19.5	-0.00216408107733765
4.875	19.5	-0.0021647286616715
5.125	19.5	-0.0021654108589114
5.375	19.5	-0.00216612772342845
5.625	19.5	-0.00216687930505227
5.875	19.5	-0.00216766564782084
6.125	19.5	-0.00216848678860911
6.375	19.5	-0.00216934275561476
6.625	19.5	-0.00217023356666929
6.875	19.5	-0.0021711592273259
7.125	19.5	-0.00217211972864792
7.375	19.5	-0.00217311504457749
7.625	19.5	-0.00217414512869068
7.875	19.5	-0.00217520991002522
8.125	19.5	-0.00217630928747021
8.375	19.5	-0.00217744312188289
8.625	19.5	-0.00217861122456518
8.875	19.5	-0.00217981333985666
9.125	19.5	-0.00218104911816017
9.375	19.5	-0.00218231807334611
9.625	19.5	-0.00218361951458312
9.875	19.5	-0.00218495243622848
10.125	19.5	-0.00218631533885976
10.375	19.5	-0.00218770593716742
10.625	19.5	-0.00218912068186467
10.875	19.5	-0.00219055397577472
11.125	19.5	-0.00219199688693382
11.375	19.5	-0.00219343503433014
11.625	19.5	-0.00219484511258629
11.875	19.5	-0.00219618917750979
12.125	19.5	-0.00219740524782195
12.375	19.5	-0.00219839184613201
12.625	19.5	-0.00219898256843583
12.875	19.5	-0.00219890424799506
13.125	19.5	-0.00219770812804021
13.375	19.5	-0.00219465662854625
13.625	19.5	-0.00218853705948986
13.875	19.5	-0.00217735516071905
14.125	19.5	-0.00215783098142065
14.375	19.5	-0.00212456971868718
14.625	19.5	-0.00206869823521849
14.875	19.5	-0.00197562374526347
15.125	19.5	-0.00182135171533959
15.375	19.5	-0.00156644279166749
15.625	19.5	-0.00114611112151986
15.875	19.5	-0.00045404418013166
16.125	19.5	0.000683918430321904
16.375	19.5	0.00255228359861016
16.625	19.5	0.00561366483081073
16.875	19.5	0.0106145222845838
17.125	19.5	0.0187440693212597
17.375	19.5	0.0318570404495711
17.625	19.5	0.052744375804867
17.875	19.5	0.085355040901084
18.125	19.5	0.134691985556583
18.375	19.5	0.205835998685325
18.625	19.5	0.301489230011653
18.875	19.5	0.418395653348207
19.125	19.5	0.545380218656639
19.375	19.5	0.666636237542732
19.625	19.5	0.769058247031052
19.875	19.5	0.847142718374568
20.125	19.5	0.902254286530691
20.375	19.5	0.93911535765502
20.625	19.5	0.962906852603993
20.875	19.5	0.9779160715164
21.125	19.5	0.987250103861381
21.375	19.5	0.993003531751636
21.625	19.5	0.996530681368645
21.875	19.5	0.998685915226357
22.125	19.5	1.00000030689518
22.375	19.5	1.00080105248491
22.625	19.5	1.00128865819791
22.875	19.5	1.00158559479926
23.125	19.5	1.00176652039981
23.375	19.5	1.00187689161283
23.625	19.5	1.00194436480986
23.875	19.5	1.00198575870551
24.125	19.5	1.0020112982542
24.375	19.5	1.00202719845526
24.625	19.5	1.00203723634775
24.875	19.5	1.0020437070093
25.125	19.5	1.00204800478889
25.375	19.5	1.00205097663012
25.625	19.5	1.00205313682919
25.875	19.5	1.00205479756055
26.125	19.5	1.00205614820343
26.375	19.5	1.00205730355
26.625	19.5	1.00205833310067
26.875	19.5	1.00205927886506
27.125	19.5	1.00206016617758
27.375	19.5	1.00206101026765
27.625	19.5	1.00206182025024
27.875	19.5	1.00206260154857
28.125	19.5	1.00206335736438
28.375	19.5	1.00206408956928
28.625	19.5	1.00206479924462
28.875	19.5	1.00206548700775
29.125	19.5	1.00206615320861
29.375	19.5	1.00206679804774
29.625	19.5	1.00206742164642
29.875	19.5	1.00206802408809
30.125	19.5	1.00206860544214
30.375	19.5	1.00206916577733
30.625	19.5	1.00206970516875
30.875	19.5	1.00207022370113
31.125	19.5	1.00207072146988
31.375	19.5	1.00207119858086
31.625	19.5	1.00207165514944
31.875	19.5	1.00207209129917
32.125	19.5	1.00207250716035
32.375	19.5	1.00207290286839
32.625	19.5	1.00207327856238
32.875	19.5	1.00207363438355
33.125	19.5	1.00207397047393
33.375	19.5	1.00207428697499
33.625	19.5	1.00207458402646
33.875	19.5	1.00207486176517
34.125	19.5	1.00207512032405
34.375	19.5	1.00207535983113
34.625	19.5	1.00207558040871
34.875	19.5	1.00207578217256
35.125	19.5	1.00207596523117
35.375	19.5	1.00207612968514
35.625	19.5	1.00207627562661
35.875	19.5	1.00207640313869
36.125	19.5	1.0020765122951
36.375	19.5	1.00207660315969
36.625	19.5	1.0020766757862
36.875	19.5	1.00207673021792
37.125	19.5	1.00207676648751
37.375	19.5	1.00207678461682
0.125	20.5	-0.00216177571352854
0.375	20.5	-0.00216181546757498
0.625	20.5	-0.00216189499318316
0.875	20.5	-0.00216201432537016
1.125	20.5	-0.00216217351662766
1.375	20.5	-0.00216237263688075
1.625	20.5	-0.00216261177343231
1.875	20.5	-0.00216289103089236
2.125	20.5	-0.0021632105310916
2.375	20.5	-0.00216357041297827
2.625	20.5	-0.00216397083249722
2.875	20.5	-0.00216441196245006
3.125	20.5	-0.00216489399233481
3.375	20.5	-0.00216541712816348
3.625	20.5	-0.00216598159225587
3.875	20.5	-0.00216658762300729
4.125	20.5	-0.00216723547462818
4.375	20.5	-0.00216792541685271
4.625	20.5	-0.00216865773461367
4.875	20.5	-0.00216943272767986
5.125	20.5	-0.00217025071025192
5.375	20.5	-0.00217111201051112
5.625	20.5	-0.00217201697011442
5.875	20.5	-0.00217296594362636
6.125	20.5	-0.00217395929787472
6.375	20.5	-0.00217499741121071
6.625	20.5	-0.00217608067264447
6.875	20.5	-0.00217720948081051
7.125	20.5	-0.00217838424269154
7.375	20.5	-0.00217960537198554
7.625	20.5	-0.00218087328693058
7.875	20.5	-0.00218218840728537
8.125	20.5	-0.00218355114997245
8.375	20.5	-0.00218496192257712
8.625	20.5	-0.00218642111337863
8.875	20.5	-0.00218792907574091
9.125	20.5	-0.00218948610329306
9.375	20.5	-0.00219109239003201
9.625	20.5	-0.0021927479656989
9.875	20.5	-0.00219445259056187
10.125	20.5	-0.00219620558350561
10.375	20.5	-0.00219800554049459
10.625	20.5	-0.00219984987278169
10.875	20.5	-0.002201734048669
11.125	20.5	-0.00220365034766192
11.375	20.5	-0.00220558581252002
11.625	20.5	-0.00220751888178594
11.875	20.5	-0.00220941385151387
12.125	20.5	-0.00221121176563351
12.375	20.5	-0.00221281543067504
12.625	20.5	-0.00221406476377033
12.875	20.5	-0.0022146962367623
13.125	20.5	-0.00221427615514731
13.375	20.5	-0.00221209089089133
13.625	20.5	-0.00220696630001785
13.875	20.5	-0.00219697065043148
14.125	20.5	-0.0021789259497772
14.375	20.5	-0.00214760419854067
14.625	20.5	-0.00209440569880148
14.875	20.5	-0.00200518640858807
15.125	20.5	-0.00185668853511029
15.375	20.5	-0.00161068203032895
15.625	20.5	-0.00120436419768367
15.875	20.5	-0.000534668639803149
16.125	20.5	0.000567269126623915
16.375	20.5	0.00237736409998984
16.625	20.5	0.00534442064867036
16.875	20.5	0.0101930515083847
17.125	20.5	0.0180788207561183
17.375	20.5	0.0308070125308868
17.625	20.5	0.0511019139234401
17.875	20.5	0.0828373807905134
18.125	20.5	0.130966485917395
18.375	20.5	0.200620379764675
18.625	20.5	0.294752488265372
18.875	20.5	0.410576837326934
19.125	20.5	0.537382946413635
19.375	20.5	0.659451387399027
19.625	20.5	0.763304858882544
19.875	20.5	0.842931877891617
20.125	20.5	0.899362612275934
20.375	20.5	0.937210600765791
20.625	20.5	0.961683089370203
20.875	20.5	0.97713964753386
21.125	20.5	0.986758928712597
21.375	20.5	0.992691080682076
21.625	20.5	0.996329120067658
21.875	20.5	0.998552845569761
22.125	20.5	0.99990951994312
22.375	20.5	1.00073645025335
22.625	20.5	1.00124038717227
22.875	20.5	1.00154763233383
23.125	20.5	1.00173518471353
23.375	20.5	1.00184992804275
23.625	20.5	1.00192038769039
23.875	20.5	1.00196391128598
24.125	20.5	1.00199104577319
24.375	20.5	1.00200820233979
24.625	20.5	1.00201927776519
24.875	20.5	1.00202664041644
25.125	20.5	1.00203172970371
25.375	20.5	1.00203542046986
25.625	20.5	1.00203824446782
25.875	20.5	1.00204052496583
26.125	20.5	1.00204245855115
26.375	20.5	1.00204416484266
26.625	20.5	1.0020457167001
26.875	20.5	1.00204715858074
27.125	20.5	1.00204851769306
27.375	20.5	1.00204981077311
27.625	20.5	1.00205104820102
27.875	20.5	1.00205223650102
28.125	20.5	1.00205337985933
28.375	20.5	1.00205448104537
28.625	20.5	1.00205554197029
28.875	20.5	1.00205656402538
29.125	20.5	1.00205754828669
29.375	20.5	1.00205849563844
29.625	20.5	1.00205940684719
29.875	20.5	1.00206028260612
30.125	20.5	1.00206112356122
30.375	20.5	1.00206193032656
30.625	20.5	1.00206270349295
30.875	20.5	1.00206344363267
31.125	20.5	1.00206415130181
31.375	20.5	1.00206482704126
31.625	20.5	1.00206547137686
31.875	20.5	1.0020660848191
32.125	20.5	1.00206666786262
32.375	20.5	1.00206722098556
32.625	20.5	1.00206774464883
32.875	20.5	1.00206823929548
33.125	20.5	1.00206870535003
33.375	20.5	1.00206914321782
33.625	20.5	1.00206955328444
33.875	20.5	1.00206993591523
34.125	20.5	1.00207029145474
34.375	20.5	1.00207062022637
34.625	20.5	1.00207092253187
34.875	20.5	1.00207119865105
35.125	20.5	1.00207144884145
35.375	20.5	1.00207167333803
35.625	20.5	1.00207187235293
35.875	20.5	1.00207204607527
36.125	20.5	1.00207219467091
36.375	20.5	1.00207231828232
36.625	20.5	1.00207241702843
36.875	20.5	1.00207249100453
37.125	20.5	1.00207254028216
37.375	20.5	1.00207256490903
0.125	21.5	-0.00216475941443362
0.375	21.5	-0.00216480479851762
0.625	21.5	-0.00216489559625236
0.875	21.5	-0.00216503186678759
1.125	21.5	-0.00216521369888837
1.375	21.5	-0.00216544121098338
1.625	21.5	-0.00216571455122898
1.875	21.5	-0.00216603389758868
2.125	21.5	-0.00216639945792771
2.375	21.5	-0.00216681147012225
2.625	21.5	-0.00216727020218275
2.875	21.5	-0.0021677759523909
3.125	21.5	-0.00216832904944934
3.375	21.5	-0.00216892985264337
3.625	21.5	-0.0021695787520137
3.875	21.5	-0.0021702761685392
4.125	21.5	-0.00217102255432835
4.375	21.5	-0.00217181839281799
4.625	21.5	-0.00217266419897771
4.875	21.5	-0.00217356051951768
5.125	21.5	-0.00217450793309717
5.375	21.5	-0.00217550705053023
5.625	21.5	-0.00217655851498322
5.875	21.5	-0.00217766300215707
6.125	21.5	-0.00217882122044325
6.375	21.5	-0.00218003391103663
6.625	21.5	-0.00218130184797902
6.875	21.5	-0.00218262583809142
7.125	21.5	-0.00218400672072757
7.375	21.5	-0.00218544536723938
7.625	21.5	-0.0021869426799762
7.875	21.5	-0.00218849959052676
8.125	21.5	-0.00219011705672677
8.375	21.5	-0.00219179605764999
8.625	21.5	-0.00219353758529755
8.875	21.5	-0.00219534263087461
9.125	21.5	-0.00219721216218314
9.375	21.5	-0.00219914708642386
9.625	21.5	-0.00220114818902104
9.875	21.5	-0.00220321603303146
10.125	21.5	-0.00220535079374208
10.375	21.5	-0.00220755198667962
10.625	21.5	-0.00220981802030592
10.875	21.5	-0.00221214546033564
11.125	21.5	-0.00221452781966909
11.375	21.5	-0.00221695356792617
11.625	21.5	-0.0022194028571295
11.875	21.5	-0.00222184213525815
12.125	21.5	-0.00222421528498277
12.375	21.5	-0.00222642904567676
12.625	21.5	-0.00222832903031974
12.875	21.5	-0.00222966026922718
13.125	21.5	-0.00223000229773893
13.375	21.5	-0.0022286623652137
13.625	21.5	-0.00222449975052215
13.875	21.5	-0.00221563675057143
14.125	21.5	-0.00219898327268341
14.375	21.5	-0.00216945491017323
14.625	21.5	-0.00211868713715907
14.875	21.5	-0.0020329216325659
15.125	21.5	-0.00188953365856587
15.375	21.5	-0.00165133209488938
15.625	21.5	-0.00125721790254241
15.875	21.5	-0.000606913476081637
16.125	21.5	0.000463895021180522
16.375	21.5	0.00222373706251617
16.625	21.5	0.00510953900686303
16.875	21.5	0.00982710011184686
17.125	21.5	0.0175029509293105
17.375	21.5	0.0298995578674229
17.625	21.5	0.0496831046622278
17.875	21.5	0.0806609717269019
18.125	21.5	0.127739420242329
18.375	21.5	0.196086484447443
18.625	21.5	0.288865484036903
18.875	21.5	0.403697719871739
19.125	21.5	0.530293112129615
19.375	21.5	0.653035067137617
19.625	21.5	0.758135392994104
19.875	21.5	0.839130917675824
20.125	21.5	0.896743783489022
20.375	21.5	0.935481447008685
20.625	21.5	0.960570037922426
20.875	21.5	0.9764321938828
21.125	21.5	0.986310461908772
21.375	21.5	0.99240503696993
21.625	21.5	0.996143932929209
21.875	21.5	0.998430008381817
22.125	21.5	0.999825220310489
22.375	21.5	1.00067605858287
22.625	21.5	1.00119494662334
22.875	21.5	1.00151166645924
23.125	21.5	1.00170534372244
23.375	21.5	1.00182415859534
23.625	21.5	1.0018974258495
23.875	21.5	1.00194297360344
24.125	21.5	1.00197164136458
24.375	21.5	1.00199001865746
24.625	21.5	1.00200211119584
24.875	21.5	1.00201035411665
25.125	21.5	1.00201622797754
25.375	21.5	1.00202063318964
25.625	21.5	1.00202411759134
25.875	21.5	1.00202701475418
26.125	21.5	1.00202952803327
26.375	21.5	1.00203178164409
26.625	21.5	1.00203385170066
26.875	21.5	1.00203578507628
27.125	21.5	1.0020376108641
27.375	21.5	1.00203934734083
27.625	21.5	1.00204100619783
27.875	21.5	1.00204259511181
28.125	21.5	1.00204411930643
28.375	21.5	1.00204558250095
28.625	21.5	1.00204698748636
28.875	21.5	1.00204833647518
29.125	21.5	1.00204963131379
29.375	21.5	1.00205087361131
29.625	21.5	1.0020520648177
29.875	21.5	1.00205320627113
30.125	21.5	1.00205429922664
30.375	21.5	1.00205534487349
30.625	21.5	1.00205634434566
30.875	21.5	1.00205729872814
31.125	21.5	1.00205820906083
31.375	21.5	1.00205907634077
31.625	21.5	1.00205990152363
31.875	21.5	1.00206068552453
32.125	21.5	1.00206142921865
32.375	21.5	1.00206213344152
32.625	21.5	1.00206279898939
32.875	21.5	1.00206342661932
33.125	21.5	1.00206401704943
33.375	21.5	1.00206457095902
33.625	21.5	1.00206508898869
33.875	21.5	1.00206557174054
34.125	21.5	1.00206601977823
34.375	21.5	1.00206643362715
34.625	21.5	1.00206681377456
34.875	21.5	1.00206716066968
35.125	21.5	1.00206747472384
35.375	21.5	1.00206775631056
35.625	21.5	1.00206800576572
35.875	21.5	1.00206822338757
36.125	21.5	1.00206840943691
36.375	21.5	1.0020685641371
36.625	21.5	1.00206868767417
36.875	21.5	1.00206878019689
37.125	21.5	1.00206884181676
37.375	21.5	1.00206887260812
0.125	22.5	-0.0021671365629188
0.375	22.5	-0.00216718703796511
0.625	22.5	-0.00216728802944231
0.875	22.5	-0.00216743962016683
1.125	22.5	-0.00216764193448111
1.375	22.5	-0.00216789513839508
1.625	22.5	-0.00216819943977475
1.875	22.5	-0.00216855508857788
2.125	22.5	-0.00216896237713707
2.375	22.5	-0.00216942164049006
2.625	22.5	-0.00216993325675748
2.875	22.5	-0.00217049764756824
3.125	22.5	-0.0021711152785323
3.375	22.5	-0.00217178665976116
3.625	22.5	-0.00217251234643596
3.875	22.5	-0.00217329293942303
4.125	22.5	-0.00217412908593715
4.375	22.5	-0.00217502148025202
4.625	22.5	-0.00217597086445793
4.875	22.5	-0.00217697802926573
5.125	22.5	-0.00217804381485625
5.375	22.5	-0.00217916911177305
5.625	22.5	-0.00218035486185546
5.875	22.5	-0.00218160205920655
6.125	22.5	-0.00218291175118755
6.375	22.5	-0.00218428503942434
6.625	22.5	-0.00218572308080276
6.875	22.5	-0.00218722708841423
7.125	22.5	-0.00218879833238823
7.375	22.5	-0.00219043814050763
7.625	22.5	-0.00219214789843544
7.875	22.5	-0.00219392904927147
8.125	22.5	-0.0021957830919757
8.375	22.5	-0.0021977115778967
8.625	22.5	-0.00219971610415211
8.875	22.5	-0.0022017983018003
9.125	22.5	-0.00220395981541308
9.375	22.5	-0.00220620226847255
9.625	22.5	-0.00220852720541805
9.875	22.5	-0.00221093599525132
10.125	22.5	-0.00221342967187269
10.375	22.5	-0.00221600867030514
10.625	22.5	-0.00221867239161458
10.875	22.5	-0.00222141848598784
11.125	22.5	-0.00222424167211764
11.375	22.5	-0.00222713179372366
11.625	22.5	-0.00223007062102758
11.875	22.5	-0.0022330265874635
12.125	22.5	-0.00223594612950272
12.375	22.5	-0.00223873943803126
12.625	22.5	-0.00224125701580713
12.875	22.5	-0.00224325110946576
13.125	22.5	-0.00224431225802568
13.375	22.5	-0.0022437649053763
13.625	22.5	-0.00224049567119443
13.875	22.5	-0.00223267084936395
14.125	22.5	-0.00221727171365859
14.375	22.5	-0.00218933022016357
14.625	22.5	-0.00214067219158184
14.875	22.5	-0.00205785128373494
15.125	22.5	-0.00191875456926067
15.375	22.5	-0.00168703069887985
15.625	22.5	-0.0013029576189634
15.875	22.5	-0.000668511895636777
16.125	22.5	0.000376941378252746
16.375	22.5	0.00209595889577297
16.625	22.5	0.00491585553180521
16.875	22.5	0.00952719210522363
17.125	22.5	0.0170329433992384
17.375	22.5	0.0291607336207915
17.625	22.5	0.0485292004593765
17.875	22.5	0.0788906494375719
18.125	22.5	0.125110764574323
18.375	22.5	0.192382927627972
18.625	22.5	0.284035760347247
18.875	22.5	0.398021736931851
19.125	22.5	0.524405188403512
19.375	22.5	0.647672737794636
19.625	22.5	0.753791946661161
19.875	22.5	0.835924162917728
20.125	22.5	0.894527627623866
20.375	22.5	0.934014722237852
20.625	22.5	0.959623936051116
20.875	22.5	0.97582949862098
21.125	22.5	0.985927319298977
21.375	22.5	0.992159717109383
21.625	22.5	0.995984272629514
21.875	22.5	0.998323363672229
22.125	22.5	0.999751397583279
22.375	22.5	1.00062264846127
22.625	22.5	1.00115434936408
22.875	22.5	1.00147923321339
23.125	22.5	1.00167822864396
23.375	22.5	1.00180061490329
23.625	22.5	1.00187637596052
23.875	22.5	1.00192374729309
24.125	22.5	1.00195381651648
24.375	22.5	1.00197332448745
24.625	22.5	1.00198636946408
24.875	22.5	1.0019954434163
25.125	22.5	1.00200206203405
25.375	22.5	1.00200714766346
25.625	22.5	1.00201126204106
25.875	22.5	1.00201474773129
26.125	22.5	1.00201781407773
26.375	22.5	1.00202058943417
26.625	22.5	1.00202315290411
26.875	22.5	1.00202555362812
27.125	22.5	1.00202782250445
27.375	22.5	1.00202997931159
27.625	22.5	1.00203203703697
27.875	22.5	1.0020340045078
28.125	22.5	1.00203588799036
28.375	22.5	1.00203769216241
28.625	22.5	1.00203942070472
28.875	22.5	1.00204107666105
29.125	22.5	1.0020426626576
29.375	22.5	1.00204418103686
29.625	22.5	1.00204563393964
29.875	22.5	1.0020470233554
30.125	22.5	1.00204835115344
30.375	22.5	1.00204961910243
30.625	22.5	1.00205082888272
30.875	22.5	1.00205198209445
31.125	22.5	1.00205308026291
31.375	22.5	1.00205412484227
31.625	22.5	1.00205511721837
31.875	22.5	1.00205605871081
32.125	22.5	1.00205695057467
32.375	22.5	1.00205779400198
32.625	22.5	1.00205859012295
32.875	22.5	1.00205934000718
33.125	22.5	1.00206004466464
33.375	22.5	1.00206070504669
33.625	22.5	1.00206132204698
33.875	22.5	1.00206189650228
34.125	22.5	1.00206242919327
34.375	22.5	1.00206292084528
34.625	22.5	1.00206337212901
34.875	22.5	1.00206378366111
35.125	22.5	1.00206415600478
35.375	22.5	1.00206448967035
35.625	22.5	1.00206478511571
35.875	22.5	1.00206504274679
36.125	22.5	1.00206526291791
36.375	22.5	1.00206544593215
36.625	22.5	1.00206559204164
36.875	22.5	1.00206570144778
37.125	22.5	1.00206577430145
37.375	22.5	1.00206581070318
0.125	23.5	-0.00216882311706061
0.375	23.5	-0.00216887794713438
0.625	23.5	-0.00216898765973401
0.875	23.5	-0.00216915235984162
1.125	23.5	-0.00216937220512516
1.375	23.5	-0.00216964740617236
1.625	23.5	-0.00216997822680312
1.875	23.5	-0.00217036498446056
2.125	23.5	-0.00217080805068142
2.375	23.5	-0.0021713078516463
2.625	23.5	-0.00217186486881051
2.875	23.5	-0.00217247963961633
3.125	23.5	-0.00217315275828753
3.375	23.5	-0.00217388487670696
3.625	23.5	-0.00217467670537837
3.875	23.5	-0.0021755290144734
4.125	23.5	-0.00217644263496496
4.375	23.5	-0.0021774184598481
4.625	23.5	-0.00217845744544961
4.875	23.5	-0.0021795606128271
5.125	23.5	-0.00218072904925828
5.375	23.5	-0.00218196390982027
5.625	23.5	-0.00218326641905755
5.875	23.5	-0.00218463787273574
6.125	23.5	-0.00218607963967457
6.375	23.5	-0.00218759316364853
6.625	23.5	-0.00218917996533468
6.875	23.5	-0.00219084164427229
7.125	23.5	-0.00219257988077475
7.375	23.5	-0.00219439643769426
7.625	23.5	-0.00219629316187375
7.875	23.5	-0.00219827198501245
8.125	23.5	-0.00220033492349276
8.375	23.5	-0.00220248407642287
8.625	23.5	-0.00220472162066645
8.875	23.5	-0.00220704980083618
9.125	23.5	-0.00220947091092081
9.375	23.5	-0.0022119872620645
9.625	23.5	-0.00221460112748
9.875	23.5	-0.00221731464965691
10.125	23.5	-0.00222012968545227
10.375	23.5	-0.00222304754890058
10.625	23.5	-0.00222606858566911
10.875	23.5	-0.00222919147045917
11.125	23.5	-0.00223241204852961
11.375	23.5	-0.00223572142715715
11.625	23.5	-0.00223910283306376
11.875	23.5	-0.00224252643962154
12.125	23.5	-0.00224594085400307
12.375	23.5	-0.00224925910943739
12.625	23.5	-0.00225233561759411
12.875	23.5	-0.00225492824921891
13.125	23.5	-0.00225663594911536
13.375	23.5	-0.00225679610327554
13.625	23.5	-0.00225431569768832
13.875	23.5	-0.00224739357049328
14.125	23.5	-0.00223306354249211
14.375	23.5	-0.00220644299690293
14.625	23.5	-0.00215949724713751
14.875	23.5	-0.00207900832577766
15.125	23.5	-0.00194323774439687
15.375	23.5	-0.00171644835548469
15.625	23.5	-0.00133992515001022
15.875	23.5	-0.000717293391639344
16.125	23.5	0.000309390503203568
16.375	23.5	0.00199831231210841
16.625	23.5	0.00476974935340157
16.875	23.5	0.00930309531517071
17.125	23.5	0.0166840387715585
17.375	23.5	0.0286145745886411
17.625	23.5	0.0476782126107494
17.875	23.5	0.0775861794540188
18.125	23.5	0.123172876238583
18.375	23.5	0.189647619883191
18.625	23.5	0.280457372822547
18.875	23.5	0.393797905426926
19.125	23.5	0.520001283921961
19.375	23.5	0.64364166468432
19.625	23.5	0.750512488570412
19.875	23.5	0.833494439469506
20.125	23.5	0.892843718213594
20.375	23.5	0.932897429220175
20.625	23.5	0.958901274759769
20.875	23.5	0.975367564419049
21.125	23.5	0.985632273667192
21.375	23.5	0.991969546824903
21.625	23.5	0.995859367597125
21.875	23.5	0.99823892514542
22.125	23.5	0.999692080736259
22.375	23.5	1.00057902084245
22.625	23.5	1.00112063172166
22.875	23.5	1.00145188748501
23.125	23.5	1.00165508597025
23.375	23.5	1.00178034097956
23.625	23.5	1.00185814463212
23.875	23.5	1.00190704179777
24.125	23.5	1.00193830863748
24.375	23.5	1.00195880113705
24.625	23.5	1.00197268809584
24.875	23.5	1.00198250494305
25.125	23.5	1.00198979436944
25.375	23.5	1.00199549570894
25.625	23.5	1.00200018158266
25.875	23.5	1.0020042017085
26.125	23.5	1.00200777029185
26.375	23.5	1.00201101913068
26.625	23.5	1.00201402988628
26.875	23.5	1.00201685369409
27.125	23.5	1.00201952308155
27.375	23.5	1.00202205921166
27.625	23.5	1.00202447628612
27.875	23.5	1.00202678422247
28.125	23.5	1.00202899028262
28.375	23.5	1.00203110006388
28.625	23.5	1.00203311810287
28.875	23.5	1.00203504824391
29.125	23.5	1.00203689386437
29.375	23.5	1.00203865801303
29.625	23.5	1.00204034349548
29.875	23.5	1.00204195292735
30.125	23.5	1.00204348876787
30.375	23.5	1.00204495334144
30.625	23.5	1.00204634885192
30.875	23.5	1.00204767739237
31.125	23.5	1.00204894095196
31.375	23.5	1.00205014142122
31.625	23.5	1.00205128059613
31.875	23.5	1.00205236018145
32.125	23.5	1.00205338179365
32.375	23.5	1.00205434696345
32.625	23.5	1.00205525713807
32.875	23.5	1.0020561136834
33.125	23.5	1.00205691788588
33.375	23.5	1.00205767095432
33.625	23.5	1.00205837402159
33.875	23.5	1.00205902814615
34.125	23.5	1.00205963431349
34.375	23.5	1.00206019343753
34.625	23.5	1.00206070636182
34.875	23.5	1.00206117386068
35.125	23.5	1.00206159664028
35.375	23.5	1.0020619753396
35.625	23.5	1.00206231053126
35.875	23.5	1.00206260272233
36.125	23.5	1.00206285235502
36.375	23.5	1.00206305980723
36.625	23.5	1.00206322539313
36.875	23.5	1.00206334936354
37.125	23.5	1.00206343190626
37.375	23.5	1.00206347314638
0.125	24.5	-0.00216974711296762
0.375	24.5	-0.00216980537755308
0.625	24.5	-0.00216992196897917
0.875	24.5	-0.00217009701186326
1.125	24.5	-0.00217033069339901
1.375	24.5	-0.00217062326367796
1.625	24.5	-0.00217097503611911
1.875	24.5	-0.00217138638800714
2.125	24.5	-0.00217185776114031
2.375	24.5	-0.0021723896625891
2.625	24.5	-0.00217298266556696
2.875	24.5	-0.00217363741041464
3.125	24.5	-0.00217435460569975
3.375	24.5	-0.00217513502943333
3.625	24.5	-0.00217597953040534
3.875	24.5	-0.00217688902964133
4.125	24.5	-0.00217786452198251
4.375	24.5	-0.00217890707779174
4.625	24.5	-0.002180017844788
4.875	24.5	-0.00218119805001166
5.125	24.5	-0.00218244900192289
5.375	24.5	-0.00218377209263478
5.625	24.5	-0.00218516880028174
5.875	24.5	-0.00218664069152224
6.125	24.5	-0.00218818942417169
6.375	24.5	-0.00218981674995616
6.625	24.5	-0.00219152451736918
6.875	24.5	-0.00219331467459912
7.125	24.5	-0.00219518927247098
7.375	24.5	-0.00219715046730683
7.625	24.5	-0.0021992005235441
7.875	24.5	-0.00220134181584377
8.125	24.5	-0.00220357683024415
8.375	24.5	-0.00220590816362503
8.625	24.5	-0.00220833852026956
8.875	24.5	-0.00221087070352359
9.125	24.5	-0.0022135075992587
9.375	24.5	-0.00221625214571507
9.625	24.5	-0.00221910728079767
9.875	24.5	-0.0022220758521364
10.125	24.5	-0.00222516046574079
10.375	24.5	-0.00222836323348503
10.625	24.5	-0.00223168535400416
10.875	24.5	-0.00223512641937932
11.125	24.5	-0.00223868327056288
11.375	24.5	-0.00224234811028216
11.625	24.5	-0.00224610539427294
11.875	24.5	-0.00224992671260277
12.125	24.5	-0.00225376236436153
12.375	24.5	-0.00225752749249812
12.625	24.5	-0.00226107926947535
12.875	24.5	-0.00226417936064669
13.125	24.5	-0.0022664321683566
13.375	24.5	-0.00226718323429757
13.625	24.5	-0.00226535210286906
13.875	24.5	-0.0022591573807973
14.125	24.5	-0.00224566449190367
14.375	24.5	-0.00222004187234147
14.625	24.5	-0.00217433787490965
14.875	24.5	-0.00209547018077367
15.125	24.5	-0.00196192244388306
15.375	24.5	-0.00173832172108998
15.625	24.5	-0.00136655011422516
15.875	24.5	-0.000751210664419926
16.125	24.5	0.000264043454799807
16.375	24.5	0.001934803346652
16.625	24.5	0.00467716575546678
16.875	24.5	0.00916388462851988
17.125	24.5	0.016470357516748
17.375	24.5	0.0282832919900828
17.625	24.5	0.0471651762023959
17.875	24.5	0.076802488115732
18.125	24.5	0.122010360735516
18.375	24.5	0.188006486849776
18.625	24.5	0.27830708099197
18.875	24.5	0.391252931550945
19.125	24.5	0.517338749403834
19.375	24.5	0.641195764582507
19.625	24.5	0.748515896092565
19.875	24.5	0.832010532603529
20.125	24.5	0.891812006426908
20.375	24.5	0.932210261103444
20.625	24.5	0.958454516219433
20.875	24.5	0.97507986051736
21.125	24.5	0.985446517154018
21.375	24.5	0.991847967972996
21.625	24.5	0.995777832319566
21.875	24.5	0.998182320400973
22.125	24.5	0.999651052386729
22.375	24.5	1.00054781580663
22.625	24.5	1.00109572134396
22.875	24.5	1.00143110731422
23.125	24.5	1.00163710474776
23.375	24.5	1.0017643352263
23.625	24.5	1.00184360010004
23.875	24.5	1.00189363264174
24.125	24.5	1.00192582399394
24.375	24.5	1.00194710054221
24.625	24.5	1.00196167441974
24.875	24.5	1.00197210795131
25.125	24.5	1.00197996072976
25.375	24.5	1.00198618290454
25.625	24.5	1.00199135419427
25.875	24.5	1.00199582913245
26.125	24.5	1.00199982532948
26.375	24.5	1.00200347710684
26.625	24.5	1.00200686808971
26.875	24.5	1.00201005101395
27.125	24.5	1.00201305976422
27.375	24.5	1.00201591669152
27.625	24.5	1.00201863706227
27.875	24.5	1.00202123176459
28.125	24.5	1.00202370895531
28.375	24.5	1.00202607506344
28.625	24.5	1.00202833540236
28.875	24.5	1.00203049454424
29.125	24.5	1.00203255654988
29.375	24.5	1.00203452511052
29.625	24.5	1.00203640363618
29.875	24.5	1.00203819531126
30.125	24.5	1.00203990313025
30.375	24.5	1.00204152992129
30.625	24.5	1.00204307836208
30.875	24.5	1.0020445509913
31.125	24.5	1.00204595021699
31.375	24.5	1.00204727832317
31.625	24.5	1.00204853747517
31.875	24.5	1.00204972972423
32.125	24.5	1.00205085701149
32.375	24.5	1.0020519211716
32.625	24.5	1.00205292393595
32.875	24.5	1.0020538669357
33.125	24.5	1.00205475170456
33.375	24.5	1.00205557968137
33.625	24.5	1.00205635221251
33.875	24.5	1.00205707055413
34.125	24.5	1.00205773587422
34.375	24.5	1.00205834925456
34.625	24.5	1.00205891169243
34.875	24.5	1.00205942410233
35.125	24.5	1.00205988731738
35.375	24.5	1.00206030209076
35.625	24.5	1.00206066909688
35.875	24.5	1.00206098893249
36.125	24.5	1.00206126211766
36.375	24.5	1.00206148909661
36.625	24.5	1.00206167023842
36.875	24.5	1.00206180583767
37.125	24.5	1.00206189611484
37.375	24.5	1.00206194121676
0.125	25.5	-0.00216985173925635
0.375	25.5	-0.00216991235413022
0.625	25.5	-0.00217003365418471
0.875	25.5	-0.00217021578016638
1.125	25.5	-0.00217045894352784
1.375	25.5	-0.00217076342682782
1.625	25.5	-0.00217112958426565
1.875	25.5	-0.00217155784235125
2.125	25.5	-0.00217204870071207
2.375	25.5	-0.00217260273303839
2.625	25.5	-0.00217322058816912
2.875	25.5	-0.00217390299132007
3.125	25.5	-0.0021746507454572
3.375	25.5	-0.00217546473281729
3.625	25.5	-0.00217634591657905
3.875	25.5	-0.00217729534268783
4.125	25.5	-0.00217831414183719
4.375	25.5	-0.0021794035316113
4.625	25.5	-0.00218056481879173
4.875	25.5	-0.00218179940183276
5.125	25.5	-0.00218310877350869
5.375	25.5	-0.00218449452373658
5.625	25.5	-0.00218595834257679
5.875	25.5	-0.00218750202341206
6.125	25.5	-0.00218912746630315
6.375	25.5	-0.00219083668151377
6.625	25.5	-0.00219263179318947
6.875	25.5	-0.00219451504316034
7.125	25.5	-0.00219648879481411
7.375	25.5	-0.00219855553694672
7.625	25.5	-0.00220071788743278
7.875	25.5	-0.0022029785964514
8.125	25.5	-0.00220534054882718
8.375	25.5	-0.00220780676475599
8.625	25.5	-0.00221038039770858
8.875	25.5	-0.00221306472751978
9.125	25.5	-0.00221586314537965
9.375	25.5	-0.0022187791253182
9.625	25.5	-0.00222181617327972
9.875	25.5	-0.00222497773913276
10.125	25.5	-0.0022282670675026
10.375	25.5	-0.00223168694775282
10.625	25.5	-0.00223523929784565
10.875	25.5	-0.00223892447470366
11.125	25.5	-0.00224274013442856
11.375	25.5	-0.00224667935178726
11.625	25.5	-0.00225072752093129
11.875	25.5	-0.0022548572509628
12.125	25.5	-0.00225901996270525
12.375	25.5	-0.00226313205857915
12.625	25.5	-0.00226705216476738
12.875	25.5	-0.00227054368671783
13.125	25.5	-0.00227321320447531
13.375	25.5	-0.00227440912437004
13.625	25.5	-0.00227305495449699
13.875	25.5	-0.00226737504648303
14.125	25.5	-0.00225444348004608
14.375	25.5	-0.00222944212950755
14.625	25.5	-0.00218444066622819
14.875	25.5	-0.00210639109521686
15.125	25.5	-0.00197383286513871
15.375	25.5	-0.00175148425179037
15.625	25.5	-0.00138137692059653
15.875	25.5	-0.000768359269293266
16.125	25.5	0.000243513722512657
16.375	25.5	0.00190917805297207
16.625	25.5	0.00464367114895884
16.875	25.5	0.00911805823332463
17.125	25.5	0.0164051093833711
17.375	25.5	0.0281876128877258
17.625	25.5	0.0470226410046648
17.875	25.5	0.0765902496660204
18.125	25.5	0.12170048009232
18.375	25.5	0.187572958528914
18.625	25.5	0.277741505154933
18.875	25.5	0.390584277528485
19.125	25.5	0.516638374810038
19.375	25.5	0.640550425378719
19.625	25.5	0.747986445226762
19.875	25.5	0.831613890335549
20.125	25.5	0.891532745427514
20.375	25.5	0.932020565257986
20.625	25.5	0.958327426787108
20.875	25.5	0.97499432091304
21.125	25.5	0.985387762117433
21.375	25.5	0.991806244515706
21.625	25.5	0.995746915115419
21.875	25.5	0.998158312396199
22.125	25.5	0.99963153889108
22.375	25.5	1.00053130645356
22.625	25.5	1.00108129515991
22.875	25.5	1.00141819166856
23.125	25.5	1.00162533938662
23.375	25.5	1.00175348926388
23.625	25.5	1.00183352156707
23.875	25.5	1.00188421790028
24.125	25.5	1.0019169992184
24.375	25.5	1.00193881050781
24.625	25.5	1.00195387570829
24.875	25.5	1.00196476482437
25.125	25.5	1.00197304261148
25.375	25.5	1.00197966283603
25.625	25.5	1.00198520787436
25.875	25.5	1.00199003431308
26.125	25.5	1.00199436142588
26.375	25.5	1.00199832493835
26.625	25.5	1.00200200970053
26.875	25.5	1.00200546954336
27.125	25.5	1.0020087393476
27.375	25.5	1.00201184238124
27.625	25.5	1.00201479476157
27.875	25.5	1.00201760817026
28.125	25.5	1.0020202915068
28.375	25.5	1.00202285189662
28.625	25.5	1.00202529530702
28.875	25.5	1.0020276269247
29.125	25.5	1.00202985138817
29.375	25.5	1.00203197293189
29.625	25.5	1.00203399547666
29.875	25.5	1.0020359226871
30.125	25.5	1.00203775800917
30.375	25.5	1.00203950469519
30.625	25.5	1.00204116582141
30.875	25.5	1.00204274430072
31.125	25.5	1.00204424289237
31.375	25.5	1.00204566420978
31.625	25.5	1.00204701072707
31.875	25.5	1.00204828478467
32.125	25.5	1.00204948859432
32.375	25.5	1.0020506242436
32.625	25.5	1.00205169370006
32.875	25.5	1.00205269881503
33.125	25.5	1.00205364132715
33.375	25.5	1.00205452286568
33.625	25.5	1.00205534495352
33.875	25.5	1.00205610901006
34.125	25.5	1.00205681635383
34.375	25.5	1.00205746820488
34.625	25.5	1.00205806568707
34.875	25.5	1.00205860983014
35.125	25.5	1.00205910157154
35.375	25.5	1.00205954175817
35.625	25.5	1.00205993114796
35.875	25.5	1.00206027041116
36.125	25.5	1.00206056013165
36.375	25.5	1.00206080080792
36.625	25.5	1.00206099285404
36.875	25.5	1.00206113660036
37.125	25.5	1.00206123229411
37.375	25.5	1.00206128009988
0.125	26.5	-0.00216909806744881
0.375	26.5	-0.00216915981370507
0.625	26.5	-0.00216928338238811
0.875	26.5	-0.00216946892599372
1.125	26.5	-0.00216971667365255
1.375	26.5	-0.00217002693159538
1.625	26.5	-0.0021704000837749
1.875	26.5	-0.00217083659264536
2.125	26.5	-0.00217133700010181
2.375	26.5	-0.00217190192858092
2.625	26.5	-0.0021725320823259
2.875	26.5	-0.00217322824881814
3.125	26.5	-0.00217399130037874
3.375	26.5	-0.00217482219594308
3.625	26.5	-0.00217572198301229
3.875	26.5	-0.00217669179978555
4.125	26.5	-0.00217773287747784
4.375	26.5	-0.00217884654282761
4.625	26.5	-0.00218003422079977
4.875	26.5	-0.00218129743748875
5.125	26.5	-0.00218263782322705
5.375	26.5	-0.00218405711590372
5.625	26.5	-0.00218555716449692
5.875	26.5	-0.00218713993282292
6.125	26.5	-0.00218880750350119
6.375	26.5	-0.00219056208213034
6.625	26.5	-0.00219240600166124
6.875	26.5	-0.00219434172693924
7.125	26.5	-0.00219637185936396
7.375	26.5	-0.00219849914157547
7.625	26.5	-0.00220072646201062
7.875	26.5	-0.00220305685906632
8.125	26.5	-0.00220549352442897
8.375	26.5	-0.00220803980483844
8.625	26.5	-0.00221069920107468
8.875	26.5	-0.00221347536216532
9.125	26.5	-0.00221637207151339
9.375	26.5	-0.00221939321950569
9.625	26.5	-0.0022225427536459
9.875	26.5	-0.00222582459147024
10.125	26.5	-0.00222924247198614
10.375	26.5	-0.00223279970571836
10.625	26.5	-0.00223649875769315
10.875	26.5	-0.00224034055532701
11.125	26.5	-0.00224432334349915
11.375	26.5	-0.00224844079445212
11.625	26.5	-0.00225267889159323
11.875	26.5	-0.00225701079606951
12.125	26.5	-0.00226138839470923
12.375	26.5	-0.00226572838851229
12.625	26.5	-0.00226988940004451
12.875	26.5	-0.00227363430666818
13.125	26.5	-0.00227656827022549
13.375	26.5	-0.0022780367881863
13.625	26.5	-0.00227695798380895
13.875	26.5	-0.00227154673235362
14.125	26.5	-0.00225886089798108
14.375	26.5	-0.00223405506285844
14.625	26.5	-0.00218915342720926
14.875	26.5	-0.00211103272331675
15.125	26.5	-0.00197810832514736
15.375	26.5	-0.00175489462297724
15.625	26.5	-0.00138308912351591
15.875	26.5	-0.000766994068122442
16.125	26.5	0.000250224992842765
16.375	26.5	0.00192494470260925
16.625	26.5	0.00467451583000681
16.875	26.5	0.00917366537130008
17.125	26.5	0.0165008204840216
17.375	26.5	0.0283471476028622
17.625	26.5	0.0472812079475974
17.875	26.5	0.0769965496071891
18.125	26.5	0.122313692288317
18.375	26.5	0.188447687813015
18.625	26.5	0.278894676783481
18.875	26.5	0.391953847205577
19.125	26.5	0.518073409710709
19.375	26.5	0.641868212737081
19.625	26.5	0.749059087644941
19.875	26.5	0.832405932661038
20.125	26.5	0.892076841277764
20.375	26.5	0.932375592226881
20.625	26.5	0.958550595113269
20.875	26.5	0.975130460752529
21.125	26.5	0.985468416811518
21.375	26.5	0.991852315655243
21.625	26.5	0.995771775626561
21.875	26.5	0.998170339707353
22.125	26.5	0.999635912434756
22.375	26.5	1.00053120056462
22.625	26.5	1.00107864249504
22.875	26.5	1.00141416176093
23.125	26.5	1.00162063501934
23.375	26.5	1.00174852869965
23.625	26.5	1.00182855010904
23.875	26.5	1.0018793760059
24.125	26.5	1.00191236401338
24.375	26.5	1.00193442105489
24.625	26.5	1.00194974836974
24.875	26.5	1.00196090258907
25.125	26.5	1.00196944074749
25.375	26.5	1.00197631230686
25.625	26.5	1.00198209739521
25.875	26.5	1.00198715158038
26.125	26.5	1.00199169384473
26.375	26.5	1.00199586004564
26.625	26.5	1.00199973540386
26.875	26.5	1.0020033742489
27.125	26.5	1.00200681202153
27.375	26.5	1.00201007257148
27.625	26.5	1.00201317259648
27.875	26.5	1.00201612434408
28.125	26.5	1.00201893725782
28.375	26.5	1.00202161898171
28.625	26.5	1.00202417597473
28.875	26.5	1.002026613888
29.125	26.5	1.00202893779775
29.375	26.5	1.00203115235032
29.625	26.5	1.00203326185365
29.875	26.5	1.00203527033594
30.125	26.5	1.00203718158434
30.375	26.5	1.00203899917125
30.625	26.5	1.00204072647295
30.875	26.5	1.00204236668344
31.125	26.5	1.00204392282522
31.375	26.5	1.00204539775805
31.625	26.5	1.00204679418645
31.875	26.5	1.0020481146661
32.125	26.5	1.00204936160975
32.375	26.5	1.00205053729244
32.625	26.5	1.00205164385634
32.875	26.5	1.00205268331525
33.125	26.5	1.00205365755872
33.375	26.5	1.00205456835595
33.625	26.5	1.00205541735931
33.875	26.5	1.0020562061077
34.125	26.5	1.00205693602964
34.375	26.5	1.00205760844609
34.625	26.5	1.0020582245731
34.875	26.5	1.0020587855242
35.125	26.5	1.0020592923126
35.375	26.5	1.00205974585321
35.625	26.5	1.00206014696441
35.875	26.5	1.00206049636968
36.125	26.5	1.00206079469898
36.375	26.5	1.00206104249005
36.625	26.5	1.00206124018938
36.875	26.5	1.00206138815315
37.125	26.5	1.00206148664786
37.375	26.5	1.00206153585091
0.125	27.5	-0.00216746730213505
0.375	27.5	-0.00216752886251621
0.625	27.5	-0.00216765206276205
0.875	27.5	-0.0021678370620104
1.125	27.5	-0.00216808409939523
1.375	27.5	-0.0021683934945603
1.625	27.5	-0.00216876564834582
1.875	27.5	-0.00216920104364958
2.125	27.5	-0.00216970024646464
2.375	27.5	-0.00217026390709587
2.625	27.5	-0.00217089276155841
2.875	27.5	-0.00217158763316092
3.125	27.5	-0.00217234943427759
3.375	27.5	-0.00217317916831253
3.625	27.5	-0.00217407793186104
3.875	27.5	-0.00217504691707264
4.125	27.5	-0.00217608741422097
4.375	27.5	-0.00217720081448643
4.625	27.5	-0.00217838861295725
4.875	27.5	-0.00217965241185557
5.125	27.5	-0.00218099392399439
5.375	27.5	-0.00218241497647151
5.625	27.5	-0.00218391751460556
5.875	27.5	-0.00218550360611808
6.125	27.5	-0.00218717544556247
6.375	27.5	-0.00218893535899614
6.625	27.5	-0.00219078580888332
6.875	27.5	-0.00219272939920212
7.125	27.5	-0.00219476888070483
7.375	27.5	-0.00219690715624105
7.625	27.5	-0.00219914728598707
7.875	27.5	-0.0022014924923161
8.125	27.5	-0.00220394616386438
8.375	27.5	-0.00220651185805247
8.625	27.5	-0.00220919330083388
8.875	27.5	-0.00221199438164159
9.125	27.5	-0.00221491914018362
9.375	27.5	-0.00221797173956873
9.625	27.5	-0.0022211564166729
9.875	27.5	-0.00222447739478398
10.125	27.5	-0.00222793873390083
10.375	27.5	-0.00223154407817145
10.625	27.5	-0.00223529623381312
10.875	27.5	-0.00223919646785786
11.125	27.5	-0.0022432433473344
11.375	27.5	-0.0022474308221483
11.625	27.5	-0.00225174506353512
11.875	27.5	-0.00225615925513793
12.125	27.5	-0.00226062501589191
12.375	27.5	-0.00226505828202504
12.625	27.5	-0.002269316074196
12.875	27.5	-0.0022731582707735
13.125	27.5	-0.00227618471679132
13.375	27.5	-0.00227773176196836
13.625	27.5	-0.00227670206511684
13.875	27.5	-0.00227128463793636
14.125	27.5	-0.0022584943789781
14.375	27.5	-0.00223341480050681
14.625	27.5	-0.00218795287707703
14.875	27.5	-0.0021087923620254
15.125	27.5	-0.00197403142106236
15.375	27.5	-0.00174766375301931
15.625	27.5	-0.00137053350280059
15.875	27.5	-0.000745547344573518
16.125	27.5	0.000286403969511614
16.375	27.5	0.00198538555708873
16.625	27.5	0.00477467725146639
16.875	27.5	0.00933839977662997
17.125	27.5	0.0167695020866675
17.375	27.5	0.028780660764104
17.625	27.5	0.0479699108093298
17.875	27.5	0.0780653096551439
18.125	27.5	0.123913850446275
18.375	27.5	0.190717854596638
18.625	27.5	0.281875253433617
18.875	27.5	0.395481756043146
19.125	27.5	0.521759471840834
19.375	27.5	0.645246317371974
19.625	27.5	0.751806908408846
19.875	27.5	0.834437454773077
20.125	27.5	0.893477898997279
20.375	27.5	0.933296975587604
20.625	27.5	0.959137785365262
20.875	27.5	0.975497036286212
21.125	27.5	0.985694106316385
21.375	27.5	0.991989865378729
21.625	27.5	0.995854897237952
21.875	27.5	0.998220140995922
22.125	27.5	0.999665446037773
22.375	27.5	1.00054847596999
22.625	27.5	1.00108855011685
22.875	27.5	1.00141967707407
23.125	27.5	1.00162356311915
23.375	27.5	1.00174996140097
23.625	27.5	1.00182914535909
23.875	27.5	1.0018795282339
24.125	27.5	1.00191230781782
24.375	27.5	1.0019342942481
24.625	27.5	1.00194963028134
24.875	27.5	1.00196083732261
25.125	27.5	1.00196945129143
25.375	27.5	1.00197640908902
25.625	27.5	1.00198228346231
25.875	27.5	1.00198742572829
26.125	27.5	1.00199205250499
26.375	27.5	1.00199629841725
26.625	27.5	1.00200024812768
26.875	27.5	1.0020039558049
27.125	27.5	1.00200745695854
27.375	27.5	1.00201077563594
27.625	27.5	1.00201392880049
27.875	27.5	1.00201692899724
28.125	27.5	1.00201978597763
28.375	27.5	1.00202250769158
28.625	27.5	1.0020251008949
28.875	27.5	1.00202757152276
29.125	27.5	1.00202992492074
29.375	27.5	1.00203216598921
29.625	27.5	1.00203429927473
29.875	27.5	1.00203632902916
30.125	27.5	1.00203825924888
30.375	27.5	1.00204009370176
30.625	27.5	1.00204183594655
30.875	27.5	1.00204348934739
31.125	27.5	1.00204505708533
31.375	27.5	1.00204654216781
31.625	27.5	1.00204794743669
31.875	27.5	1.00204927557541
32.125	27.5	1.00205052911535
32.375	27.5	1.00205171044164
32.625	27.5	1.00205282179852
32.875	27.5	1.00205386529425
33.125	27.5	1.00205484290573
33.375	27.5	1.00205575648276
33.625	27.5	1.00205660775193
33.875	27.5	1.00205739832038
34.125	27.5	1.00205812967912
34.375	27.5	1.00205880320624
34.625	27.5	1.00205942016974
34.875	27.5	1.00205998173024
35.125	27.5	1.00206048894334
35.375	27.5	1.00206094276188
35.625	27.5	1.00206134403789
35.875	27.5	1.00206169352435
36.125	27.5	1.00206199187675
36.375	27.5	1.00206223965446
36.625	27.5	1.00206243732186
36.875	27.5	1.00206258524934
37.125	27.5	1.002062683714
37.375	27.5	1.00206273290028
0.125	28.5	-0.00216496242874018
0.375	28.5	-0.00216502243005329
0.625	28.5	-0.00216514251265544
0.875	28.5	-0.00216532283667879
1.125	28.5	-0.00216556364277261
1.375	28.5	-0.00216586525264559
1.625	28.5	-0.00216622806979097
1.875	28.5	-0.00216665258039607
2.125	28.5	-0.00216713935443845
2.375	28.5	-0.00216768904697154
2.625	28.5	-0.00216830239960264
2.875	28.5	-0.00216898024216713
3.125	28.5	-0.00216972349460259
3.375	28.5	-0.00217053316902754
3.625	28.5	-0.00217141037202935
3.875	28.5	-0.00217235630716697
4.125	28.5	-0.00217337227769425
4.375	28.5	-0.00217445968951009
4.625	28.5	-0.00217562005434235
4.875	28.5	-0.00217685499317238
5.125	28.5	-0.00217816623990706
5.375	28.5	-0.00217955564530553
5.625	28.5	-0.00218102518116636
5.875	28.5	-0.00218257694478019
6.125	28.5	-0.00218421316364971
6.375	28.5	-0.002185936200474
6.625	28.5	-0.0021877485583857
6.875	28.5	-0.00218965288641476
7.125	28.5	-0.0021916519851281
7.375	28.5	-0.00219374881235351
7.625	28.5	-0.00219594648882902
7.875	28.5	-0.0021982483035071
8.125	28.5	-0.00220065771805961
8.375	28.5	-0.00220317836982608
8.625	28.5	-0.00220581407194945
8.875	28.5	-0.00220856880862188
9.125	28.5	-0.00221144672201216
9.375	28.5	-0.00221445208522307
9.625	28.5	-0.00221758925197012
9.875	28.5	-0.00222086256765695
10.125	28.5	-0.0022242762166272
10.375	28.5	-0.00222783396409515
10.625	28.5	-0.00223153872448289
10.875	28.5	-0.0022353918438509
11.125	28.5	-0.00223939191166652
11.375	28.5	-0.00224353279799571
11.625	28.5	-0.00224780041619827
11.875	28.5	-0.00225216738879783
12.125	28.5	-0.00225658426386352
12.375	28.5	-0.00226096505688693
12.625	28.5	-0.00226516345820202
12.875	28.5	-0.00226893368569819
13.125	28.5	-0.0022718660802955
13.375	28.5	-0.0022732811563414
13.625	28.5	-0.00227205531807093
13.875	28.5	-0.00226633418683944
14.125	28.5	-0.00225306110195417
14.375	28.5	-0.00222720172878197
14.625	28.5	-0.00218046916522733
14.875	28.5	-0.00209922846980283
15.125	28.5	-0.00196105435329339
15.375	28.5	-0.00172908155335931
15.625	28.5	-0.00134274656486632
15.875	28.5	-0.000702653896380309
16.125	28.5	0.000354058605586444
16.375	28.5	0.00209354144099126
16.625	28.5	0.00494885533906765
16.875	28.5	0.00961961122914639
17.125	28.5	0.0172226825598016
17.375	28.5	0.0295061177987052
17.625	28.5	0.0491162371668416
17.875	28.5	0.0798371519316909
18.125	28.5	0.126557581238797
18.375	28.5	0.194455404333916
18.625	28.5	0.286762670495731
18.875	28.5	0.401239665915782
19.125	28.5	0.527745423910209
19.375	28.5	0.650706583853679
19.625	28.5	0.756232107100741
19.875	28.5	0.837701539998771
20.125	28.5	0.895727160763638
20.375	28.5	0.934777330080709
20.625	28.5	0.960083732962083
20.875	28.5	0.97609064465274
21.125	28.5	0.986062790078028
21.375	28.5	0.992217765443791
21.625	28.5	0.995995731908011
21.875	28.5	0.998307524233312
22.125	28.5	0.999720159351769
22.375	28.5	1.00058327363699
22.625	28.5	1.00111122476455
22.875	28.5	1.00143497646721
23.125	28.5	1.00163437456683
23.375	28.5	1.00175803848008
23.625	28.5	1.00183555192798
23.875	28.5	1.00188490901921
24.125	28.5	1.0019170530535
24.375	28.5	1.00193863975178
24.625	28.5	1.00195371824707
24.875	28.5	1.00196475323347
25.125	28.5	1.00197324632405
25.375	28.5	1.00198011370713
25.625	28.5	1.0019859156606
25.875	28.5	1.00199099602886
26.125	28.5	1.00199556698279
26.375	28.5	1.00199976052959
26.625	28.5	1.00200365981818
26.875	28.5	1.00200731816754
27.125	28.5	1.00201077063504
27.375	28.5	1.00201404105175
27.625	28.5	1.00201714630317
27.875	28.5	1.00202009893593
28.125	28.5	1.00202290874711
28.375	28.5	1.00202558375517
28.625	28.5	1.00202813079478
28.875	28.5	1.00203055588289
29.125	28.5	1.00203286444564
29.375	28.5	1.00203506146035
29.625	28.5	1.0020371515458
29.875	28.5	1.00203913902075
30.125	28.5	1.00204102794308
30.375	28.5	1.00204282213686
30.625	28.5	1.00204452521194
30.875	28.5	1.0020461405788
31.125	28.5	1.00204767146036
31.375	28.5	1.00204912090176
31.625	28.5	1.00205049177878
31.875	28.5	1.00205178680526
32.125	28.5	1.00205300853979
32.375	28.5	1.00205415939175
32.625	28.5	1.00205524162698
32.875	28.5	1.00205625737292
33.125	28.5	1.00205720862346
33.375	28.5	1.00205809724334
33.625	28.5	1.00205892497238
33.875	28.5	1.00205969342926
34.125	28.5	1.00206040411511
34.375	28.5	1.00206105841682
34.625	28.5	1.00206165761003
34.875	28.5	1.00206220286196
35.125	28.5	1.00206269523389
35.375	28.5	1.0020631356835
35.625	28.5	1.00206352506691
35.875	28.5	1.00206386414055
36.125	28.5	1.00206415356281
36.375	28.5	1.00206439389538
36.625	28.5	1.00206458560454
36.875	28.5	1.00206472906211
37.125	28.5	1.00206482454626
37.375	28.5	1.00206487224211
0.125	29.5	-0.00216160915704163
0.375	29.5	-0.00216166621710162
0.625	29.5	-0.0021617804147093
0.875	29.5	-0.00216195190502255
1.125	29.5	-0.00216218092123478
1.375	29.5	-0.00216246777512402
1.625	29.5	-0.00216281285778715
1.875	29.5	-0.00216321664056103
2.125	29.5	-0.0021636796761329
2.375	29.5	-0.00216420259984294
2.625	29.5	-0.00216478613118223
2.875	29.5	-0.00216543107548992
3.125	29.5	-0.00216613832585392
3.375	29.5	-0.00216690886521956
3.625	29.5	-0.00216774376871176
3.875	29.5	-0.002168644206176
4.125	29.5	-0.00216961144494473
4.375	29.5	-0.0021706468528357
4.625	29.5	-0.00217175190138943
4.875	29.5	-0.00217292816935338
5.125	29.5	-0.00217417734642011
5.375	29.5	-0.00217550123722699
5.625	29.5	-0.00217690176562406
5.875	29.5	-0.00217838097921527
6.125	29.5	-0.00217994105417552
6.375	29.5	-0.00218158430034091
6.625	29.5	-0.00218331316656064
6.875	29.5	-0.00218513024628396
7.125	29.5	-0.00218703828333018
7.375	29.5	-0.00218904017774794
7.625	29.5	-0.00219113899159988
7.875	29.5	-0.00219333795439388
8.125	29.5	-0.00219564046769229
8.375	29.5	-0.002198050108117
8.625	29.5	-0.00220057062745317
8.875	29.5	-0.00220320594770554
9.125	29.5	-0.00220596014756463
9.375	29.5	-0.00220883743444289
9.625	29.5	-0.00221184209246118
9.875	29.5	-0.00221497839054865
10.125	29.5	-0.00221825042459266
10.375	29.5	-0.00222166185075353
10.625	29.5	-0.00222521543939001
10.875	29.5	-0.00222891233352975
11.125	29.5	-0.0022327508209601
11.375	29.5	-0.00223672430588182
11.625	29.5	-0.00224081796353374
11.875	29.5	-0.00224500322805353
12.125	29.5	-0.00224922871586411
12.375	29.5	-0.00225340528552767
12.625	29.5	-0.00225738145241968
12.875	29.5	-0.00226090293796548
13.125	29.5	-0.00226354612221219
13.375	29.5	-0.00226460857176474
13.625	29.5	-0.00226292896679255
13.875	29.5	-0.00225659091412709
14.125	29.5	-0.00224243581587624
14.375	29.5	-0.00221526180012461
14.625	29.5	-0.00216650666832831
14.875	29.5	-0.00208208325261665
15.125	29.5	-0.00193882375028754
15.375	29.5	-0.00169864468388281
15.625	29.5	-0.00129898631417994
15.875	29.5	-0.000637188558609962
16.125	29.5	0.000454931994670091
16.375	29.5	0.00225215229940108
16.625	29.5	0.0052013914828683
16.875	29.5	0.0100241880791155
17.125	29.5	0.017871225126643
17.375	29.5	0.0305403817699392
17.625	29.5	0.0507455903842757
17.875	29.5	0.0823483989723778
18.125	29.5	0.130292406693006
18.375	29.5	0.199713667492703
18.625	29.5	0.293601684976973
18.875	29.5	0.409243427457991
19.125	29.5	0.536005535708162
19.375	29.5	0.658189020277332
19.625	29.5	0.762261683485809
19.875	29.5	0.842131111036628
20.125	29.5	0.898772235760833
20.375	29.5	0.93677961084255
20.625	29.5	0.961363812946541
20.875	29.5	0.976895540243202
21.125	29.5	0.986564650206613
21.375	29.5	0.9925300001868
21.625	29.5	0.996190644664969
21.875	29.5	0.998430322581402
22.125	29.5	0.999798781626537
22.375	29.5	1.00063486538687
22.625	29.5	1.00114626428583
22.875	29.5	1.00145985194034
23.125	29.5	1.00165297554742
23.375	29.5	1.00177273199852
23.625	29.5	1.00184777869047
23.875	29.5	1.00189554665883
24.125	29.5	1.00192663711461
24.375	29.5	1.00194749800146
24.625	29.5	1.00196205226142
24.875	29.5	1.00197268793909
25.125	29.5	1.00198086007436
25.375	29.5	1.00198745653919
25.625	29.5	1.00199302037641
25.875	29.5	1.00199788492116
26.125	29.5	1.00200225591734
26.375	29.5	1.00200626142315
26.625	29.5	1.00200998214289
26.875	29.5	1.00201346986453
27.125	29.5	1.00201675866966
27.375	29.5	1.00201987175121
27.625	29.5	1.00202282556236
27.875	29.5	1.00202563234317
28.125	29.5	1.00202830166143
28.375	29.5	1.00203084135417
28.625	29.5	1.00203325810467
28.875	29.5	1.00203555779781
29.125	29.5	1.00203774574037
29.375	29.5	1.00203982679919
29.625	29.5	1.002041805489
29.875	29.5	1.0020436860296
30.125	29.5	1.00204547238406
30.375	29.5	1.00204716828539
30.625	29.5	1.00204877725573
30.875	29.5	1.00205030262113
31.125	29.5	1.0020517475232
31.375	29.5	1.00205311492886
31.625	29.5	1.00205440763871
31.875	29.5	1.00205562829449
32.125	29.5	1.00205677938567
32.375	29.5	1.0020578632556
32.625	29.5	1.0020588821071
32.875	29.5	1.00205983800764
33.125	29.5	1.00206073289412
33.375	29.5	1.0020615685774
33.625	29.5	1.00206234674637
33.875	29.5	1.00206306897187
34.125	29.5	1.00206373671019
34.375	29.5	1.00206435130637
34.625	29.5	1.00206491399728
34.875	29.5	1.0020654259143
35.125	29.5	1.00206588808594
35.375	29.5	1.00206630144008
35.625	29.5	1.00206666680604
35.875	29.5	1.00206698491645
36.125	29.5	1.00206725640885
36.375	29.5	1.00206748182712
36.625	29.5	1.00206766162267
36.875	29.5	1.00206779615542
37.125	29.5	1.00206788569464
37.375	29.5	1.0020679304195
0.125	30.5	-0.00215745608449907
0.375	30.5	-0.0021575088617656
0.625	30.5	-0.00215761448827919
0.875	30.5	-0.00215777310817796
1.125	30.5	-0.0021579849381119
1.375	30.5	-0.0021582502677756
1.625	30.5	-0.00215856946062049
1.875	30.5	-0.00215894295474873
2.125	30.5	-0.00215937126399084
2.375	30.5	-0.0021598549791702
2.625	30.5	-0.00216039476955754
2.875	30.5	-0.00216099138451943
3.125	30.5	-0.00216164565536494
3.375	30.5	-0.00216235849739523
3.625	30.5	-0.00216313091216142
3.875	30.5	-0.00216396398993644
4.125	30.5	-0.00216485891240722
4.375	30.5	-0.00216581695559412
4.625	30.5	-0.00216683949300475
4.875	30.5	-0.00216792799902978
5.125	30.5	-0.00216908405258846
5.375	30.5	-0.00217030934103112
5.625	30.5	-0.00217160566430561
5.875	30.5	-0.00217297493939269
6.125	30.5	-0.00217441920501298
6.375	30.5	-0.00217594062660213
6.625	30.5	-0.00217754150154224
6.875	30.5	-0.00217922426462143
7.125	30.5	-0.00218099149366724
7.375	30.5	-0.00218284591525577
7.625	30.5	-0.00218479041032559
7.875	30.5	-0.0021868280194058
8.125	30.5	-0.00218896194696915
8.375	30.5	-0.00219119556409538
8.625	30.5	-0.00219353240809193
8.875	30.5	-0.00219597617683521
9.125	30.5	-0.00219853071413949
9.375	30.5	-0.00220119998006607
9.625	30.5	-0.00220398799614569
9.875	30.5	-0.00220689874900694
10.125	30.5	-0.00220993602524424
10.375	30.5	-0.00221310313282576
10.625	30.5	-0.00221640243550341
10.875	30.5	-0.00221983457925198
11.125	30.5	-0.00222339721174414
11.375	30.5	-0.00222708286753669
11.625	30.5	-0.00223087548056261
11.875	30.5	-0.00223474463832954
12.125	30.5	-0.00223863612115053
12.375	30.5	-0.00224245633041058
12.625	30.5	-0.00224604666485884
12.875	30.5	-0.0022491413626952
13.125	30.5	-0.00225129814760181
13.375	30.5	-0.00225178414298192
13.625	30.5	-0.00224938821503302
13.875	30.5	-0.00224211232088608
14.125	30.5	-0.00222666389342487
14.375	30.5	-0.00219762112022451
14.625	30.5	-0.00214606063133447
14.875	30.5	-0.00205730218181266
15.125	30.5	-0.00190720437943767
15.375	30.5	-0.00165608657851734
15.625	30.5	-0.00123877203355323
15.875	30.5	-0.000548321342890701
16.125	30.5	0.000590422699980855
16.375	30.5	0.00246353789954815
16.625	30.5	0.00553608459022109
16.875	30.5	0.0105582667856327
17.125	30.5	0.0187248600423157
17.375	30.5	0.0318984471212008
17.625	30.5	0.0528800183040048
17.875	30.5	0.0856289566781071
18.125	30.5	0.135153280395192
18.375	30.5	0.20652201969058
18.625	30.5	0.30239513705092
18.875	30.5	0.419445267454629
19.125	30.5	0.546433661062964
19.375	30.5	0.667549763422346
19.625	30.5	0.76974870984759
19.875	30.5	0.847601754285985
20.125	30.5	0.902520024868407
20.375	30.5	0.939239475749245
20.625	30.5	0.96293572383052
20.875	30.5	0.977884752234868
21.125	30.5	0.987182801273599
21.375	30.5	0.992916104138322
21.625	30.5	0.996433177118148
21.875	30.5	0.998584549355444
22.125	30.5	0.999898840110644
22.375	30.5	1.00070170197248
22.625	30.5	1.00119268155041
22.875	30.5	1.00149365824208
23.125	30.5	1.00167892882824
23.375	30.5	1.0017937315181
23.625	30.5	1.00186559277016
23.875	30.5	1.00191125601796
24.125	30.5	1.00194090455476
24.375	30.5	1.00196073231354
24.625	30.5	1.00197450779276
24.875	30.5	1.00198452505946
25.125	30.5	1.00199218189219
25.375	30.5	1.00199833119673
25.625	30.5	1.00200349459032
25.875	30.5	1.00200799220892
26.125	30.5	1.00201202159796
26.375	30.5	1.00201570566005
26.625	30.5	1.0020191217982
26.875	30.5	1.00202231963191
27.125	30.5	1.00202533176887
27.375	30.5	1.00202818035659
27.625	30.5	1.00203088106941
27.875	30.5	1.00203344553678
28.125	30.5	1.00203588282405
28.375	30.5	1.00203820033734
28.625	30.5	1.00204040437812
28.875	30.5	1.00204250048463
29.125	30.5	1.00204449364368
29.375	30.5	1.0020463884233
29.625	30.5	1.00204818905712
29.875	30.5	1.00204989949927
30.125	30.5	1.00205152346106
30.375	30.5	1.00205306443647
30.625	30.5	1.00205452572063
30.875	30.5	1.00205591042385
31.125	30.5	1.00205722148285
31.375	30.5	1.00205846167002
31.625	30.5	1.00205963360143
31.875	30.5	1.00206073974391
32.125	30.5	1.00206178242137
32.375	30.5	1.00206276382064
32.625	30.5	1.00206368599679
32.875	30.5	1.00206455087805
33.125	30.5	1.00206536027042
33.375	30.5	1.00206611586187
33.625	30.5	1.00206681922635
33.875	30.5	1.00206747182738
34.125	30.5	1.00206807502148
34.375	30.5	1.0020686300613
34.625	30.5	1.00206913809845
34.875	30.5	1.00206960018619
35.125	30.5	1.0020700172818
35.375	30.5	1.00207039024879
35.625	30.5	1.00207071985883
35.875	30.5	1.00207100679352
36.125	30.5	1.00207125164595
36.375	30.5	1.00207145492199
36.625	30.5	1.0020716170415
36.875	30.5	1.00207173833922
37.125	30.5	1.00207181906554
37.375	30.5	1.00207185938709
0.125	31.5	-0.00215257403400784
0.375	31.5	-0.00215262127787846
0.625	31.5	-0.00215271582916483
0.875	31.5	-0.00215285781512087
1.125	31.5	-0.00215304742703716
1.375	31.5	-0.0021532849207336
1.625	31.5	-0.00215357061721852
1.875	31.5	-0.00215390490351579
2.125	31.5	-0.00215428823366231
2.375	31.5	-0.00215472112987861
2.625	31.5	-0.00215520418391587
2.875	31.5	-0.00215573805858295
3.125	31.5	-0.00215632348945758
3.375	31.5	-0.00215696128678641
3.625	31.5	-0.0021576523375789
3.875	31.5	-0.00215839760790074
4.125	31.5	-0.00215919814537289
4.375	31.5	-0.00216005508188286
4.625	31.5	-0.00216096963651523
4.875	31.5	-0.00216194311870863
5.125	31.5	-0.00216297693164664
5.375	31.5	-0.0021640725758895
5.625	31.5	-0.00216523165325318
5.875	31.5	-0.0021664558709404
6.125	31.5	-0.00216774704592513
6.375	31.5	-0.00216910710958656
6.625	31.5	-0.00217053811257871
6.875	31.5	-0.00217204222990526
7.125	31.5	-0.00217362176614166
7.375	31.5	-0.00217527916070011
7.625	31.5	-0.00217701699295714
7.875	31.5	-0.00217883798693688
8.125	31.5	-0.00218074501503558
8.375	31.5	-0.00218274109992964
8.625	31.5	-0.00218482941324518
8.875	31.5	-0.00218701326863769
9.125	31.5	-0.00218929610540128
9.375	31.5	-0.00219168145621112
9.625	31.5	-0.00219417288846419
9.875	31.5	-0.00219677390187596
10.125	31.5	-0.00219948775379257
10.375	31.5	-0.00220231716525995
10.625	31.5	-0.0022052638305961
10.875	31.5	-0.00220832760338346
11.125	31.5	-0.00221150514983854
11.375	31.5	-0.00221478772570892
11.625	31.5	-0.00221815751111541
11.875	31.5	-0.00222158157305065
12.125	31.5	-0.00222500192537226
12.375	31.5	-0.00222831916945551
12.625	31.5	-0.00223136557580269
12.875	31.5	-0.00223386079769057
13.125	31.5	-0.00223533901791128
13.375	31.5	-0.00223502910995619
13.625	31.5	-0.00223165752313842
13.875	31.5	-0.00222312408353115
14.125	31.5	-0.00220596882640328
14.375	31.5	-0.00217449529108495
14.625	31.5	-0.00211932925920081
14.875	31.5	-0.00202505029069931
15.125	31.5	-0.00186630201369416
15.375	31.5	-0.00160141073580652
15.625	31.5	-0.00116193429202596
15.875	31.5	-0.000435594454097307
16.125	31.5	0.000761463883083251
16.375	31.5	0.00272940551359103
16.625	31.5	0.00595588212115672
16.875	31.5	0.0112267323022111
17.125	31.5	0.0197913735519529
17.375	31.5	0.0335921220240611
17.625	31.5	0.0555360821271081
17.875	31.5	0.0896989210262206
18.125	31.5	0.141157392459243
18.375	31.5	0.214878581082849
18.625	31.5	0.313095295097281
18.875	31.5	0.431726405466693
19.125	31.5	0.558840606451922
19.375	31.5	0.678564439547141
19.625	31.5	0.778479594602583
19.875	31.5	0.853939791714299
20.125	31.5	0.90684362415802
20.375	31.5	0.942070410997564
20.625	31.5	0.964742991769679
20.875	31.5	0.97902236475865
21.125	31.5	0.987894730195359
21.375	31.5	0.993362054706843
21.625	31.5	0.996714594565254
21.875	31.5	0.998764730841865
22.125	31.5	1.00001686146048
22.375	31.5	1.00078153446304
22.625	31.5	1.00124897732583
22.875	31.5	1.00153535643876
23.125	31.5	1.00171147967349
23.375	31.5	1.00182045941292
23.625	31.5	1.00188852850853
23.875	31.5	1.00193164372478
24.125	31.5	1.00195951005441
24.375	31.5	1.00197803055489
24.625	31.5	1.00199079671204
24.875	31.5	1.00199999473767
25.125	31.5	1.0020069565578
25.375	31.5	1.00201249473944
25.625	31.5	1.00201710606405
25.875	31.5	1.0020210952575
26.125	31.5	1.00202465019171
26.375	31.5	1.00202788759245
26.625	31.5	1.00203088082272
26.875	31.5	1.00203367677273
27.125	31.5	1.00203630612973
27.375	31.5	1.00203878962443
27.625	31.5	1.0020411418322
27.875	31.5	1.00204337348796
28.125	31.5	1.00204549289777
28.375	31.5	1.00204750680107
28.625	31.5	1.00204942089892
28.875	31.5	1.0020512401791
29.125	31.5	1.00205296911744
29.375	31.5	1.00205461180377
29.625	31.5	1.00205617202189
29.875	31.5	1.00205765330134
30.125	31.5	1.00205905895196
30.375	31.5	1.00206039208765
30.625	31.5	1.00206165564363
30.875	31.5	1.00206285238933
31.125	31.5	1.00206398493874
31.375	31.5	1.00206505575885
31.625	31.5	1.00206606717694
31.875	31.5	1.00206702138699
32.125	31.5	1.00206792045542
32.375	31.5	1.00206876632632
32.625	31.5	1.00206956082629
32.875	31.5	1.00207030566887
33.125	31.5	1.00207100245866
33.375	31.5	1.00207165269515
33.625	31.5	1.00207225777628
33.875	31.5	1.00207281900172
34.125	31.5	1.00207333757594
34.375	31.5	1.00207381461098
34.625	31.5	1.00207425112911
34.875	31.5	1.00207464806512
35.125	31.5	1.00207500626855
35.375	31.5	1.00207532650561
35.625	31.5	1.00207560946098
35.875	31.5	1.00207585573937
36.125	31.5	1.00207606586688
36.375	31.5	1.00207624029228
36.625	31.5	1.00207637938796
36.875	31.5	1.00207648345081
37.125	31.5	1.00207655270293
37.375	31.5	1.00207658729208
0.125	32.5	-0.00214705455464076
0.375	32.5	-0.00214709515424638
0.625	32.5	-0.00214717640585982
0.875	32.5	-0.00214729841442837
1.125	32.5	-0.00214746133773061
1.375	32.5	-0.00214766538680661
1.625	32.5	-0.00214791082653342
1.875	32.5	-0.00214819797634756
2.125	32.5	-0.00214852721111645
2.375	32.5	-0.00214889896216136
2.625	32.5	-0.00214931371843494
2.875	32.5	-0.00214977202785653
3.125	32.5	-0.00215027449880913
3.375	32.5	-0.00215082180180231
3.625	32.5	-0.00215141467130562
3.875	32.5	-0.00215205390775773
4.125	32.5	-0.00215274037975689
4.375	32.5	-0.0021534750264387
4.625	32.5	-0.00215425886004761
4.875	32.5	-0.00215509296870872
5.125	32.5	-0.00215597851940647
5.375	32.5	-0.00215691676117644
5.625	32.5	-0.00215790902851576
5.875	32.5	-0.00215895674501554
6.125	32.5	-0.00216006142721561
6.375	32.5	-0.00216122468867559
6.625	32.5	-0.002162448244246
6.875	32.5	-0.00216373391450569
7.125	32.5	-0.00216508363030209
7.375	32.5	-0.00216649943728237
7.625	32.5	-0.00216798350022253
7.875	32.5	-0.00216953810682785
8.125	32.5	-0.00217116567045841
8.375	32.5	-0.00217286873087006
8.625	32.5	-0.00217464995146458
8.875	32.5	-0.00217651211055922
9.125	32.5	-0.00217845808256868
9.375	32.5	-0.00218049080233112
9.625	32.5	-0.00218261320143235
9.875	32.5	-0.00218482809818101
10.125	32.5	-0.00218713801104315
10.375	32.5	-0.00218954484586121
10.625	32.5	-0.00219204937513705
10.875	32.5	-0.00219465037494907
11.125	32.5	-0.00219734319837712
11.375	32.5	-0.00220011742171048
11.625	32.5	-0.00220295296516759
11.875	32.5	-0.00220581370407367
12.125	32.5	-0.00220863695190693
12.375	32.5	-0.00221131615294617
12.625	32.5	-0.00221367240564164
12.875	32.5	-0.00221540761447048
13.125	32.5	-0.00221602742457647
13.375	32.5	-0.0022147144571866
13.625	32.5	-0.00221011980732943
13.875	32.5	-0.00220002012325756
14.125	32.5	-0.00218075366516801
14.375	32.5	-0.00214629303075013
14.625	32.5	-0.00208672083629644
14.875	32.5	-0.0019857249480948
15.125	32.5	-0.00181648538370855
15.375	32.5	-0.00153492762132182
15.625	32.5	-0.00106867625289523
15.875	32.5	-0.000299023490213835
16.125	32.5	0.00096835687380461
16.375	32.5	0.0030505768854779
16.625	32.5	0.00646243315437401
16.875	32.5	0.0120324885270643
17.125	32.5	0.0210754223531791
17.375	32.5	0.0356281172701872
17.625	32.5	0.0587218221435568
17.875	32.5	0.0945639014084913
18.125	32.5	0.14829737206239
18.375	32.5	0.224741414379619
18.625	32.5	0.325594799534298
18.875	32.5	0.445891628078722
19.125	32.5	0.572956137249118
19.375	32.5	0.690937566290931
19.625	32.5	0.788187069865859
19.875	32.5	0.860934832274081
20.125	32.5	0.911592365817175
20.375	32.5	0.94517092250244
20.625	32.5	0.966719790623652
20.875	32.5	0.980266621411116
21.125	32.5	0.98867424913669
21.375	32.5	0.993851484291918
21.625	32.5	0.997024633314494
21.875	32.5	0.998964366252245
22.125	32.5	1.00014865553459
22.375	32.5	1.00087159055757
22.625	32.5	1.00131325115193
22.875	32.5	1.00158358495277
23.125	32.5	1.00174960259121
23.375	32.5	1.00185210274848
23.625	32.5	1.00191591018549
23.875	32.5	1.00195612519283
24.125	32.5	1.00198193184456
24.375	32.5	1.0019989162447
24.625	32.5	1.00201047685235
24.875	32.5	1.00201868213547
25.125	32.5	1.00202479201001
25.375	32.5	1.00202957482191
25.625	32.5	1.00203350002462
25.875	32.5	1.00203685529372
26.125	32.5	1.00203981771175
26.375	32.5	1.00204249703706
26.625	32.5	1.00204496200568
26.875	32.5	1.00204725632123
27.125	32.5	1.00204940837747
27.375	32.5	1.00205143717167
27.625	32.5	1.00205335590279
27.875	32.5	1.00205517416234
28.125	32.5	1.0020568992699
28.375	32.5	1.00205853708848
28.625	32.5	1.00206009252357
28.875	32.5	1.00206156982988
29.125	32.5	1.00206297280089
29.375	32.5	1.00206430488709
29.625	32.5	1.00206556927068
29.875	32.5	1.00206676891367
30.125	32.5	1.00206790658964
30.375	32.5	1.00206898490546
30.625	32.5	1.00207000631672
30.875	32.5	1.00207097313925
31.125	32.5	1.00207188755813
31.375	32.5	1.00207275163506
31.625	32.5	1.00207356731461
31.875	32.5	1.00207433642962
32.125	32.5	1.00207506070616
32.375	32.5	1.00207574176793
32.625	32.5	1.00207638114029
32.875	32.5	1.00207698025405
33.125	32.5	1.00207754044895
33.375	32.5	1.00207806297681
33.625	32.5	1.00207854900459
33.875	32.5	1.00207899961713
34.125	32.5	1.0020794158197
34.375	32.5	1.0020797985404
34.625	32.5	1.00208014863229
34.875	32.5	1.00208046687541
35.125	32.5	1.00208075397863
35.375	32.5	1.00208101058122
35.625	32.5	1.00208123725443
35.875	32.5	1.00208143450272
36.125	32.5	1.00208160276501
36.375	32.5	1.00208174241564
36.625	32.5	1.00208185376524
36.875	32.5	1.00208193706149
37.125	32.5	1.00208199248962
37.375	32.5	1.00208202017291
0.125	33.5	-0.00214100760986808
0.375	33.5	-0.00214104063919475
0.625	33.5	-0.00214110673674617
0.875	33.5	-0.00214120598043375
1.125	33.5	-0.00214133848741298
1.375	33.5	-0.00214150441443047
1.625	33.5	-0.00214170395828825
1.875	33.5	-0.00214193735642673
2.125	33.5	-0.00214220488762816
2.375	33.5	-0.00214250687284274
2.625	33.5	-0.00214284367613976
2.875	33.5	-0.00214321570578688
3.125	33.5	-0.00214362341546061
3.375	33.5	-0.00214406730559169
3.625	33.5	-0.00214454792484941
3.875	33.5	-0.00214506587176916
4.125	33.5	-0.0021456217965281
4.375	33.5	-0.00214621640287404
4.625	33.5	-0.0021468504502128
4.875	33.5	-0.00214752475585976
5.125	33.5	-0.00214824019746082
5.375	33.5	-0.0021489977155878
5.625	33.5	-0.00214979831651222
5.875	33.5	-0.00215064307515919
6.125	33.5	-0.00215153313823964
6.375	33.5	-0.00215246972755227
6.625	33.5	-0.00215345414343571
6.875	33.5	-0.00215448776833221
7.125	33.5	-0.0021555720703932
7.375	33.5	-0.00215670860700459
7.625	33.5	-0.00215789902802384
7.875	33.5	-0.00215914507837845
8.125	33.5	-0.00216044859944156
8.375	33.5	-0.00216181152821392
8.625	33.5	-0.00216323589270637
8.875	33.5	-0.00216472380087102
9.125	33.5	-0.00216627741870859
9.375	33.5	-0.00216789893034816
9.625	33.5	-0.00216959046823865
9.875	33.5	-0.00217135399393045
10.125	33.5	-0.00217319109732453
10.375	33.5	-0.00217510266153923
10.625	33.5	-0.00217708830645174
10.875	33.5	-0.00217914546789451
11.125	33.5	-0.00218126787724953
11.375	33.5	-0.00218344305447
11.625	33.5	-0.00218564817801781
11.875	33.5	-0.00218784328475563
12.125	33.5	-0.00218996007772093
12.375	33.5	-0.00219188350928787
12.625	33.5	-0.00219342148083405
12.875	33.5	-0.00219425499612248
13.125	33.5	-0.00219385616525682
13.375	33.5	-0.00219135333164706
13.625	33.5	-0.00218530923571723
13.875	33.5	-0.00217335616911747
14.125	33.5	-0.0021515959883411
14.375	33.5	-0.00211361360100638
14.625	33.5	-0.00204885534033345
14.875	33.5	-0.0019399644994157
15.125	33.5	-0.00175840651547102
15.375	33.5	-0.00145729437345192
15.625	33.5	-0.000959645341409473
15.875	33.5	-0.000139221715225214
16.125	33.5	0.00121056054047014
16.375	33.5	0.00342663629756742
16.625	33.5	0.00705550634833215
16.875	33.5	0.0129755044322812
17.125	33.5	0.022576986686835
17.375	33.5	0.038005575128945
17.625	33.5	0.0624329064998638
17.875	33.5	0.100209275211833
18.125	33.5	0.156533382863145
18.375	33.5	0.236019226291388
18.625	33.5	0.339718858846525
18.875	33.5	0.461667772063843
19.125	33.5	0.588436936054107
19.375	33.5	0.704317994750641
19.625	33.5	0.798567828171248
19.875	33.5	0.868355342933308
20.125	33.5	0.916603659225103
20.375	33.5	0.948432770174471
20.625	33.5	0.968796368535241
20.875	33.5	0.981573389235075
21.125	33.5	0.989493666755535
21.375	33.5	0.99436702866444
21.625	33.5	0.997352335655482
21.875	33.5	0.999176446049245
22.125	33.5	1.0002896396652
22.375	33.5	1.00096878027124
22.625	33.5	1.00138333457665
22.875	33.5	1.00163674843698
23.125	33.5	1.00179206291324
23.375	33.5	1.00188765792958
23.625	33.5	1.00194688603032
23.875	33.5	1.00198395182522
24.125	33.5	1.00200749444223
24.375	33.5	1.00202276825554
24.625	33.5	1.00203296956226
24.875	33.5	1.0020400433939
25.125	33.5	1.00204517406699
25.375	33.5	1.00204908340445
25.625	33.5	1.00205221201997
25.875	33.5	1.00205482951404
26.125	33.5	1.00205710145727
26.375	33.5	1.00205913010721
26.625	33.5	1.00206097915989
26.875	33.5	1.00206268879726
27.125	33.5	1.00206428483652
27.375	33.5	1.00206578429434
27.625	33.5	1.00206719877205
27.875	33.5	1.00206853651621
28.125	33.5	1.00206980367394
28.375	33.5	1.00207100505877
28.625	33.5	1.00207214461876
28.875	33.5	1.00207322572359
29.125	33.5	1.0020742513414
29.375	33.5	1.00207522414866
29.625	33.5	1.00207614659895
29.875	33.5	1.00207702096697
30.125	33.5	1.00207784937705
30.375	33.5	1.00207863382245
30.625	33.5	1.00207937617868
30.875	33.5	1.00208007821325
31.125	33.5	1.00208074159319
31.375	33.5	1.00208136789093
31.625	33.5	1.00208195858931
31.875	33.5	1.00208251508587
32.125	33.5	1.00208303869661
32.375	33.5	1.00208353065945
32.625	33.5	1.00208399213735
32.875	33.5	1.00208442422112
33.125	33.5	1.00208482793218
33.375	33.5	1.00208520422489
33.625	33.5	1.00208555398893
33.875	33.5	1.00208587805138
34.125	33.5	1.00208617717865
34.375	33.5	1.00208645207831
34.625	33.5	1.00208670340074
34.875	33.5	1.00208693174064
35.125	33.5	1.00208713763844
35.375	33.5	1.00208732158153
35.625	33.5	1.00208748400542
35.875	33.5	1.00208762529473
36.125	33.5	1.00208774578408
36.375	33.5	1.00208784575886
36.625	33.5	1.00208792545592
36.875	33.5	1.00208798506406
37.125	33.5	1.00208802472453
37.375	33.5	1.0020880445313
0.125	34.5	-0.00213455851404459
0.375	34.5	-0.00213458327128603
0.625	34.5	-0.0021346328092626
0.875	34.5	-0.00213470717504337
1.125	34.5	-0.00213480643943643
1.375	34.5	-0.00213493069723504
1.625	34.5	-0.00213508006754702
1.875	34.5	-0.00213525469420857
2.125	34.5	-0.00213545474628383
2.375	34.5	-0.00213568041865185
2.625	34.5	-0.00213593193268296
2.875	34.5	-0.00213620953700665
3.125	34.5	-0.00213651350837368
3.375	34.5	-0.00213684415261497
3.625	34.5	-0.00213720180570067
3.875	34.5	-0.00213758683490249
4.125	34.5	-0.00213799964006322
4.375	34.5	-0.00213844065497715
4.625	34.5	-0.00213891034888558
4.875	34.5	-0.00213940922809131
5.125	34.5	-0.00213993783769604
5.375	34.5	-0.00214049676346388
5.625	34.5	-0.00214108663381274
5.875	34.5	-0.00214170812193338
6.125	34.5	-0.00214236194803124
6.375	34.5	-0.00214304888167956
6.625	34.5	-0.00214376974425961
6.875	34.5	-0.00214452541144397
7.125	34.5	-0.00214531681564501
7.375	34.5	-0.00214614494829474
7.625	34.5	-0.00214701086173026
7.875	34.5	-0.00214791567030683
8.125	34.5	-0.00214886055011018
8.375	34.5	-0.0021498467362272
8.625	34.5	-0.00215087551585481
8.875	34.5	-0.00215194821440984
9.125	34.5	-0.00215306616996375
9.375	34.5	-0.00215423068830148
9.625	34.5	-0.00215544296592771
9.875	34.5	-0.00215670396015883
10.125	34.5	-0.00215801417197455
10.375	34.5	-0.00215937328515624
10.625	34.5	-0.00216077956880944
10.875	34.5	-0.00216222889044619
11.125	34.5	-0.00216371308823924
11.375	34.5	-0.00216521728893671
11.625	34.5	-0.00216671549125562
11.875	34.5	-0.00216816329593976
12.125	34.5	-0.00216948594218543
12.375	34.5	-0.00217055862342725
12.625	34.5	-0.00217117410358255
12.875	34.5	-0.00217098944449666
13.125	34.5	-0.00216943837542871
13.375	34.5	-0.00216558715265785
13.625	34.5	-0.0021578974807933
13.875	34.5	-0.00214383659957492
14.125	34.5	-0.00211923608007887
14.375	34.5	-0.00207723756184194
14.625	34.5	-0.0020065598309258
14.875	34.5	-0.00188865168934648
15.125	34.5	-0.00169301779746011
15.375	34.5	-0.00136955475780775
15.625	34.5	-0.000836011284458768
15.875	34.5	4.24588922861334e-05
16.125	34.5	0.00148644652793008
16.375	34.5	0.00385551606039481
16.625	34.5	0.0077322997371904
16.875	34.5	0.0140516813795151
17.125	34.5	0.0242895412646988
17.375	34.5	0.0407131809192076
17.625	34.5	0.0666482286826948
17.875	34.5	0.106593875348706
18.125	34.5	0.165785034483166
18.375	34.5	0.248563114945265
18.625	34.5	0.355220791660108
18.875	34.5	0.478708033866758
19.125	34.5	0.604881160043588
19.375	34.5	0.718319442327371
19.625	34.5	0.809302947398995
19.875	34.5	0.87596529746078
20.125	34.5	0.921715047140489
20.375	34.5	0.95174910594702
20.625	34.5	0.97090431872873
20.875	34.5	0.982899492608379
21.125	34.5	0.990325870794443
21.375	34.5	0.994891621673962
21.625	34.5	0.997686855757957
21.875	34.5	0.999393957069154
22.125	34.5	1.00043515943865
22.375	34.5	1.00106990383312
22.625	34.5	1.00145692980432
22.875	34.5	1.00169311374327
23.125	34.5	1.00183748624606
23.375	34.5	1.00192598346714
23.625	34.5	1.00198047029675
23.875	34.5	1.00201424606099
24.125	34.5	1.00203539891854
24.375	34.5	1.00204884769667
24.625	34.5	1.00205758407769
24.875	34.5	1.00206342805001
25.125	34.5	1.002067487251
25.375	34.5	1.00207043623043
25.625	34.5	1.0020726862198
25.875	34.5	1.00207448833441
26.125	34.5	1.00207599630825
26.375	34.5	1.00207730462993
26.625	34.5	1.00207847172561
26.875	34.5	1.00207953405274
27.125	34.5	1.00208051466898
27.375	34.5	1.00208142844276
27.625	34.5	1.00208228522242
27.875	34.5	1.00208309176449
28.125	34.5	1.00208385290765
28.375	34.5	1.00208457228797
28.625	34.5	1.00208525277543
28.875	34.5	1.00208589674078
29.125	34.5	1.0020865062193
29.375	34.5	1.00208708301176
29.625	34.5	1.00208762874714
29.875	34.5	1.00208814492208
30.125	34.5	1.00208863292602
30.375	34.5	1.00208909405769
30.625	34.5	1.00208952953616
30.875	34.5	1.00208994050867
31.125	34.5	1.00209032805626
31.375	34.5	1.00209069319816
31.625	34.5	1.00209103689535
31.875	34.5	1.00209136005341
32.125	34.5	1.00209166352518
32.375	34.5	1.00209194811292
32.625	34.5	1.00209221457043
32.875	34.5	1.00209246360484
33.125	34.5	1.00209269587839
33.375	34.5	1.00209291200997
33.625	34.5	1.00209311257657
33.875	34.5	1.0020932981147
34.125	34.5	1.00209346912156
34.375	34.5	1.00209362605627
34.625	34.5	1.00209376934086
34.875	34.5	1.00209389936132
35.125	34.5	1.00209401646842
35.375	34.5	1.00209412097856
35.625	34.5	1.00209421317447
35.875	34.5	1.00209429330588
36.125	34.5	1.00209436159005
36.375	34.5	1.00209441821233
36.625	34.5	1.00209446332651
36.875	34.5	1.00209449705521
37.125	34.5	1.00209451949016
37.375	34.5	1.0020945306924
0.125	35.5	-0.00212784421293436
0.375	35.5	-0.00212786025216231
0.625	35.5	-0.00212789233736597
0.875	35.5	-0.00212794048208442
1.125	35.5	-0.00212800470673554
1.375	35.5	-0.00212808503874749
1.625	35.5	-0.002128181512735
1.875	35.5	-0.00212829417072091
2.125	35.5	-0.00212842306240405
2.375	35.5	-0.00212856824547436
2.625	35.5	-0.00212872978597665
2.875	35.5	-0.00212890775872436
3.125	35.5	-0.00212910224776496
3.375	35.5	-0.00212931334689879
3.625	35.5	-0.00212954116025342
3.875	35.5	-0.00212978580291557
4.125	35.5	-0.00213004740162296
4.375	35.5	-0.00213032609551858
4.625	35.5	-0.00213062203696957
4.875	35.5	-0.00213093539245323
5.125	35.5	-0.00213126634351183
5.375	35.5	-0.00213161508777733
5.625	35.5	-0.00213198184006549
5.875	35.5	-0.00213236683353614
6.125	35.5	-0.00213277032091173
6.375	35.5	-0.00213319257573849
6.625	35.5	-0.00213363389366105
6.875	35.5	-0.00213409459365985
7.125	35.5	-0.00213457501916408
7.375	35.5	-0.00213507553889295
7.625	35.5	-0.0021355965471792
7.875	35.5	-0.00213613846336564
8.125	35.5	-0.00213670172959684
8.375	35.5	-0.00213728680588627
8.625	35.5	-0.002137894160611
8.875	35.5	-0.0021385242533893
9.125	35.5	-0.00213917750532636
9.375	35.5	-0.00213985424837231
9.625	35.5	-0.00214055464020588
9.875	35.5	-0.00214127852228641
10.125	35.5	-0.00214202518429051
10.375	35.5	-0.00214279297441786
10.625	35.5	-0.00214357865601362
10.875	35.5	-0.00214437634674111
11.125	35.5	-0.00214517577091073
11.375	35.5	-0.00214595938182201
11.625	35.5	-0.00214669762517159
11.875	35.5	-0.00214734114445799
12.125	35.5	-0.00214780795601199
12.375	35.5	-0.00214796234929603
12.625	35.5	-0.00214758017590815
12.875	35.5	-0.00214629174951357
13.125	35.5	-0.00214348791926024
13.375	35.5	-0.0021381655718997
13.625	35.5	-0.00212867351451637
13.875	35.5	-0.00211229453482947
14.125	35.5	-0.00208455810667877
14.375	35.5	-0.00203811035671234
14.625	35.5	-0.0019608566557648
14.875	35.5	-0.0018329101667433
15.125	35.5	-0.00162158287773676
15.375	35.5	-0.00127317452295618
15.625	35.5	-0.00069954250330554
15.875	35.5	0.000243783017160553
16.125	35.5	0.00179304207330497
16.375	35.5	0.00433305517985794
16.625	35.5	0.00848670148801595
16.875	35.5	0.0152516400773097
17.125	35.5	0.0261981095869207
17.375	35.5	0.0437261388393488
17.625	35.5	0.0713254363363597
17.875	35.5	0.113643931933961
18.125	35.5	0.175924444970093
18.375	35.5	0.26216128371299
18.625	35.5	0.371783034535771
18.875	35.5	0.496603372905381
19.125	35.5	0.621849093325399
19.375	35.5	0.732544138537696
19.625	35.5	0.820078700234904
19.875	35.5	0.883539826155828
20.125	35.5	0.926774954370875
20.375	35.5	0.955021490679341
20.625	35.5	0.972981035414744
20.875	35.5	0.984205503407564
21.125	35.5	0.991146065749307
21.375	35.5	0.995409578436688
21.625	35.5	0.99801813937738
21.875	35.5	0.999610314506988
22.125	35.5	1.00058076873698
22.375	35.5	1.00117183837046
22.625	35.5	1.00153173876014
22.875	35.5	1.00175090314321
23.125	35.5	1.00188442911873
23.375	35.5	1.00196585615361
23.625	35.5	1.00201558992454
23.875	35.5	1.0020460415733
24.125	35.5	1.00206475852454
24.375	35.5	1.00207633015342
24.625	35.5	1.0020835471306
24.875	35.5	1.00208810650809
25.125	35.5	1.00209104045377
25.375	35.5	1.00209297691743
25.625	35.5	1.00209429810188
25.875	35.5	1.00209523680104
26.125	35.5	1.00209593496462
26.375	35.5	1.00209647929985
26.625	35.5	1.00209692291384
26.875	35.5	1.00209729847042
27.125	35.5	1.00209762618847
27.375	35.5	1.00209791870474
27.625	35.5	1.00209818403049
27.875	35.5	1.00209842734944
28.125	35.5	1.00209865211137
28.375	35.5	1.00209886069752
28.625	35.5	1.00209905482567
28.875	35.5	1.002099235797
29.125	35.5	1.00209940464665
29.375	35.5	1.00209956223584
29.625	35.5	1.00209970930834
29.875	35.5	1.0020998465253
30.125	35.5	1.00209997448685
30.375	35.5	1.00210009374575
30.625	35.5	1.002100204816
30.875	35.5	1.00210030817854
31.125	35.5	1.00210040428506
31.375	35.5	1.00210049356069
31.625	35.5	1.00210057640594
31.875	35.5	1.00210065319819
32.125	35.5	1.00210072429294
32.375	35.5	1.00210079002478
32.625	35.5	1.00210085070828
32.875	35.5	1.00210090663877
33.125	35.5	1.00210095809304
33.375	35.5	1.00210100532997
33.625	35.5	1.00210104859108
33.875	35.5	1.00210108810113
34.125	35.5	1.00210112406857
34.375	35.5	1.002101156686
34.625	35.5	1.00210118613061
34.875	35.5	1.00210121256453
35.125	35.5	1.00210123613518
35.375	35.5	1.00210125697563
35.625	35.5	1.00210127520483
35.875	35.5	1.00210129092789
36.125	35.5	1.00210130423631
36.375	35.5	1.00210131520816
36.625	35.5	1.00210132390822
36.875	35.5	1.00210133038819
37.125	35.5	1.00210133468674
37.375	35.5	1.00210133682958
0.125	36.5	-0.0021210090359865
0.375	36.5	-0.0021210161895085
0.625	36.5	-0.00212103048584708
0.875	36.5	-0.00212105190359394
1.125	36.5	-0.00212108041064321
1.375	36.5	-0.00212111596419958
1.625	36.5	-0.00212115851078943
1.875	36.5	-0.00212120798627524
2.125	36.5	-0.00212126431587363
2.375	36.5	-0.00212132741417744
2.625	36.5	-0.00212139718518226
2.875	36.5	-0.00212147352231805
3.125	36.5	-0.00212155630848645
3.375	36.5	-0.00212164541610438
3.625	36.5	-0.00212174070715482
3.875	36.5	-0.00212184203324534
4.125	36.5	-0.00212194923567541
4.375	36.5	-0.00212206214551289
4.625	36.5	-0.00212218058368057
4.875	36.5	-0.00212230436105274
5.125	36.5	-0.00212243327856153
5.375	36.5	-0.00212256712731162
5.625	36.5	-0.00212270568869995
5.875	36.5	-0.00212284873453407
6.125	36.5	-0.00212299602713761
6.375	36.5	-0.00212314731942252
6.625	36.5	-0.00212330235489353
6.875	36.5	-0.00212346086752649
7.125	36.5	-0.00212362258142293
7.375	36.5	-0.00212378721007894
7.625	36.5	-0.00212395445499972
7.875	36.5	-0.00212412400321633
8.125	36.5	-0.00212429552297252
8.375	36.5	-0.00212446865637557
8.625	36.5	-0.0021246430070239
8.875	36.5	-0.00212481811934015
9.125	36.5	-0.0021249934442253
9.375	36.5	-0.00212516828217265
9.625	36.5	-0.00212534168926188
9.875	36.5	-0.00212551232204466
10.125	36.5	-0.00212567818185619
10.375	36.5	-0.00212583619362621
10.625	36.5	-0.002125981512379
10.875	36.5	-0.00212610638171157
11.125	36.5	-0.00212619825519688
11.375	36.5	-0.00212623670520941
11.625	36.5	-0.00212618833695978
11.875	36.5	-0.00212599842098908
12.125	36.5	-0.00212557712742471
12.375	36.5	-0.00212477688007766
12.625	36.5	-0.00212335510280362
12.875	36.5	-0.00212091293681877
13.125	36.5	-0.00211679443251161
13.375	36.5	-0.00210992072851547
13.625	36.5	-0.00209851730371442
13.875	36.5	-0.00207966538626771
14.125	36.5	-0.00204856424293223
14.375	36.5	-0.00199731825213131
14.625	36.5	-0.00191294329121982
14.875	36.5	-0.0017740917232263
15.125	36.5	-0.00154567712462198
15.375	36.5	-0.00117006473782814
15.625	36.5	-0.00055266825641357
15.875	36.5	0.000461504936534986
16.125	36.5	0.00212579553901747
16.375	36.5	0.00485258941041447
16.625	36.5	0.00930859783657699
16.875	36.5	0.0165595860714987
17.125	36.5	0.0282774637975055
17.375	36.5	0.0470034431568845
17.625	36.5	0.0763970924146243
17.875	36.5	0.121248372055591
18.125	36.5	0.186772060746125
18.375	36.5	0.276538676795896
18.625	36.5	0.389025181205044
18.875	36.5	0.514901038969394
19.125	36.5	0.638888038787711
19.375	36.5	0.746606833265554
19.625	36.5	0.830605245085444
19.875	36.5	0.890878056927995
20.125	36.5	0.931650958049796
20.375	36.5	0.958165067436959
20.625	36.5	0.974972915954079
20.875	36.5	0.985457721333869
21.125	36.5	0.991933003581603
21.375	36.5	0.995907367663652
21.625	36.5	0.998337415901172
21.875	36.5	0.999819682261689
22.125	36.5	1.00072244451562
22.375	36.5	1.00127168740005
22.625	36.5	1.00160557184668
22.875	36.5	1.00180837733327
23.125	36.5	1.00193144540171
23.375	36.5	1.00200602652017
23.625	36.5	1.00205113250567
23.875	36.5	1.00207832590316
24.125	36.5	1.00209463735078
24.375	36.5	1.00210434124163
24.625	36.5	1.00211003596772
24.875	36.5	1.00211330090722
25.125	36.5	1.00211509592274
25.375	36.5	1.00211600426021
25.625	36.5	1.0021163802237
25.875	36.5	1.00211643895316
26.125	36.5	1.00211631100233
26.375	36.5	1.00211607551711
26.625	36.5	1.00211578040459
26.875	36.5	1.00211545459319
27.125	36.5	1.00211511548517
27.375	36.5	1.00211477348639
27.625	36.5	1.00211443475934
27.875	36.5	1.00211410289624
28.125	36.5	1.00211377993551
28.375	36.5	1.00211346697927
28.625	36.5	1.00211316456823
28.875	36.5	1.00211287290911
29.125	36.5	1.00211259201261
29.375	36.5	1.00211232177675
29.625	36.5	1.00211206203733
29.875	36.5	1.00211181259818
30.125	36.5	1.00211157324928
30.375	36.5	1.00211134377751
30.625	36.5	1.00211112397287
30.875	36.5	1.00211091363203
31.125	36.5	1.00211071256029
31.375	36.5	1.00211052057251
31.625	36.5	1.00211033749347
31.875	36.5	1.00211016315792
32.125	36.5	1.00210999741042
32.375	36.5	1.00210984010508
32.625	36.5	1.00210969110524
32.875	36.5	1.00210955028312
33.125	36.5	1.00210941751949
33.375	36.5	1.00210929270335
33.625	36.5	1.00210917573157
33.875	36.5	1.00210906650862
34.125	36.5	1.00210896494627
34.375	36.5	1.00210887096335
34.625	36.5	1.00210878448545
34.875	36.5	1.00210870544475
35.125	36.5	1.0021086337798
35.375	36.5	1.00210856943529
35.625	36.5	1.00210851236193
35.875	36.5	1.0021084625163
36.125	36.5	1.00210841986067
36.375	36.5	1.00210838436292
36.625	36.5	1.00210835599644
36.875	36.5	1.00210833474004
37.125	36.5	1.00210832057788
37.375	36.5	1.00210831349943
0.125	37.5	-0.00211420007531901
0.375	37.5	-0.00211419846546561
0.625	37.5	-0.00211419521757613
0.875	37.5	-0.00211419027524553
1.125	37.5	-0.00211418355376734
1.375	37.5	-0.00211417494001491
1.625	37.5	-0.00211416429228286
1.875	37.5	-0.00211415144008842
2.125	37.5	-0.00211413618393265
2.375	37.5	-0.00211411829502099
2.625	37.5	-0.00211409751494295
2.875	37.5	-0.00211407355531043
3.125	37.5	-0.00211404609735437
3.375	37.5	-0.00211401479147902
3.625	37.5	-0.00211397925677336
3.875	37.5	-0.00211393908047884
4.125	37.5	-0.00211389381741266
4.375	37.5	-0.00211384298934545
4.625	37.5	-0.00211378608433188
4.875	37.5	-0.0021137225559923
5.125	37.5	-0.00211365182274263
5.375	37.5	-0.00211357326696835
5.625	37.5	-0.00211348623413644
5.875	37.5	-0.00211339003183534
6.125	37.5	-0.00211328392872747
6.375	37.5	-0.00211316715338915
6.625	37.5	-0.00211303889299717
6.875	37.5	-0.00211289829179574
7.125	37.5	-0.00211274444923506
7.375	37.5	-0.0021125764176035
7.625	37.5	-0.00211239319886099
7.875	37.5	-0.00211219374019319
8.125	37.5	-0.00211197692749686
8.375	37.5	-0.00211174157549775
8.625	37.5	-0.0021114864123655
8.875	37.5	-0.00211121005531257
9.125	37.5	-0.00211091097139856
9.375	37.5	-0.00211058741403363
9.625	37.5	-0.00211023731954224
9.875	37.5	-0.00210985813805959
10.125	37.5	-0.00210944655643506
10.375	37.5	-0.00210899804351147
10.625	37.5	-0.00210850610322695
10.875	37.5	-0.00210796104708394
11.125	37.5	-0.0021073479759509
11.375	37.5	-0.00210664346115139
11.625	37.5	-0.00210581008575478
11.875	37.5	-0.0021047874656822
12.125	37.5	-0.00210347747976315
12.375	37.5	-0.00210171997300754
12.625	37.5	-0.0020992527876624
12.875	37.5	-0.0020956460128913
13.125	37.5	-0.00209019382443327
13.375	37.5	-0.00208173656379356
13.625	37.5	-0.00206836807722274
13.875	37.5	-0.00204695435741011
14.125	37.5	-0.00201234192651699
14.375	37.5	-0.00195605626401983
14.625	37.5	-0.0018641625244708
14.875	37.5	-0.00171375142100178
15.125	37.5	-0.00146717222204103
15.375	37.5	-0.0010625833950049
15.625	37.5	-0.000398509726537873
15.875	37.5	0.000691287503990083
16.125	37.5	0.0024784124240928
16.375	37.5	0.00540465205586657
16.625	37.5	0.0101833591811004
16.875	37.5	0.0179524684060993
17.125	37.5	0.0304908183801634
17.375	37.5	0.0504860007496575
17.625	37.5	0.0817683290796642
17.875	37.5	0.129256728559803
18.125	37.5	0.198096828877955
18.375	37.5	0.291363039316705
18.625	37.5	0.406519480612262
18.875	37.5	0.533128710297236
19.125	37.5	0.655558485256976
19.375	37.5	0.760156208229871
19.625	37.5	0.840631116838416
19.875	37.5	0.897811945861872
20.125	37.5	0.936234949222321
20.375	37.5	0.961111569100502
20.625	37.5	0.976837141378868
20.875	37.5	0.986629252759608
21.125	37.5	0.992669654626283
21.375	37.5	0.996374040953933
21.625	37.5	0.998637482136219
21.875	37.5	1.00001716781475
22.125	37.5	1.00085672659811
22.375	37.5	1.00136688597426
22.625	37.5	1.00167643088693
22.875	37.5	1.00186390380643
23.125	37.5	1.00197714481766
23.375	37.5	1.0020452704179
23.625	37.5	1.00208599277893
23.875	37.5	1.00211008304325
24.125	37.5	1.00212408976565
24.375	37.5	1.00213199341228
24.625	37.5	1.00213621287539
24.875	37.5	1.00213821762129
25.125	37.5	1.00213889992857
25.375	37.5	1.00213880121728
25.625	37.5	1.00213824965304
25.875	37.5	1.00213744380397
26.125	37.5	1.00213650349809
26.375	37.5	1.0021355007398
26.625	37.5	1.00213447850308
26.875	37.5	1.00213346215456
27.125	37.5	1.00213246639593
27.375	37.5	1.00213149948256
27.625	37.5	1.00213056578632
27.875	37.5	1.00212966735178
28.125	37.5	1.00212880484069
28.375	37.5	1.00212797810451
28.625	37.5	1.00212718653104
28.875	37.5	1.0021264292537
29.125	37.5	1.00212570527749
29.375	37.5	1.00212501355422
29.625	37.5	1.00212435302719
29.875	37.5	1.00212372265713
30.125	37.5	1.002123121437
30.375	37.5	1.00212254839995
30.625	37.5	1.00212200262328
30.875	37.5	1.00212148322991
31.125	37.5	1.00212098938852
31.375	37.5	1.00212052031281
31.625	37.5	1.00212007526034
31.875	37.5	1.00211965353117
32.125	37.5	1.00211925446631
32.375	37.5	1.00211887744627
32.625	37.5	1.00211852188957
32.875	37.5	1.0021181872513
33.125	37.5	1.00211787302178
33.375	37.5	1.00211757872527
33.625	37.5	1.00211730391877
33.875	37.5	1.00211704819089
34.125	37.5	1.00211681116081
34.375	37.5	1.00211659247728
34.625	37.5	1.00211639181779
34.875	37.5	1.00211620888768
35.125	37.5	1.00211604341942
35.375	37.5	1.00211589517192
35.625	37.5	1.00211576392992
35.875	37.5	1.00211564950344
36.125	37.5	1.00211555172729
36.375	37.5	1.00211547046065
36.625	37.5	1.00211540558672
36.875	37.5	1.00211535701242
37.125	37.5	1.00211532466813
37.375	37.5	1.00211530850755
0.125	38.5	-0.00210756236740325
0.375	38.5	-0.00210755240693455
0.625	38.5	-0.00210753244101494
0.875	38.5	-0.00210750237959894
1.125	38.5	-0.00210746208741588
1.375	38.5	-0.00210741138372659
1.625	38.5	-0.00210735004199819
1.875	38.5	-0.00210727778949637
2.125	38.5	-0.00210719430679425
2.375	38.5	-0.00210709922719685
2.625	38.5	-0.00210699213607999
2.875	38.5	-0.00210687257014229
3.125	38.5	-0.00210674001656862
3.375	38.5	-0.0021065939121034
3.625	38.5	-0.00210643364203163
3.875	38.5	-0.00210625853906559
4.125	38.5	-0.00210606788213441
4.375	38.5	-0.00210586089507388
4.625	38.5	-0.00210563674521276
4.875	38.5	-0.00210539454185166
5.125	38.5	-0.00210513333462916
5.375	38.5	-0.00210485211176838
5.625	38.5	-0.0021045497981947
5.875	38.5	-0.00210422525351136
6.125	38.5	-0.00210387726981332
6.375	38.5	-0.00210350456930912
6.625	38.5	-0.00210310580170407
6.875	38.5	-0.00210267954126977
7.125	38.5	-0.00210222428348013
7.375	38.5	-0.002101738441019
7.625	38.5	-0.00210122033884246
7.875	38.5	-0.00210066820777704
8.125	38.5	-0.00210008017580442
8.375	38.5	-0.00209945425563803
8.625	38.5	-0.00209878832630171
8.875	38.5	-0.00209808010494619
9.125	38.5	-0.00209732710271508
9.375	38.5	-0.00209652655448266
9.625	38.5	-0.00209567530572345
9.875	38.5	-0.00209476962897562
10.125	38.5	-0.00209380492459637
10.375	38.5	-0.00209277523127987
10.625	38.5	-0.00209167242372258
10.875	38.5	-0.00209048489570701
11.125	38.5	-0.0020891953967134
11.375	38.5	-0.00208777747602284
11.625	38.5	-0.00208618963595672
11.875	38.5	-0.00208436571626127
12.125	38.5	-0.00208219907803934
12.375	38.5	-0.00207951658681112
12.625	38.5	-0.00207603581343736
12.875	38.5	-0.00207129462613903
13.125	38.5	-0.0020645353635814
13.375	38.5	-0.00205451429401982
13.625	38.5	-0.00203918818097222
13.875	38.5	-0.00201519873544613
14.125	38.5	-0.00197702474345072
14.375	38.5	-0.00191558797242475
14.625	38.5	-0.00181596183588067
14.875	38.5	-0.00165360769286251
15.125	38.5	-0.00138819899265161
15.375	38.5	-0.000953504376080864
15.625	38.5	-0.000240860841968809
15.875	38.5	0.000927700141342283
16.125	38.5	0.00284281742443113
16.375	38.5	0.00597687805968158
16.625	38.5	0.0110916566770789
16.875	38.5	0.0193996788719315
17.125	38.5	0.0327894117905018
17.375	38.5	0.0540962131201329
17.625	38.5	0.0873168811558987
17.875	38.5	0.137480817461299
18.125	38.5	0.209621915663527
18.375	38.5	0.306257949383562
18.625	38.5	0.423812727902492
18.875	38.5	0.550821357923992
19.125	38.5	0.671458143397293
19.375	38.5	0.772891215165166
19.625	38.5	0.849952281068484
19.875	38.5	0.904210679612633
20.125	38.5	0.940445139481492
20.375	38.5	0.963810231534235
20.625	38.5	0.978542119301439
20.875	38.5	0.987700253713002
21.125	38.5	0.993343362649815
21.375	38.5	0.996801346003806
21.625	38.5	0.998912793194509
21.875	38.5	1.00019889962937
22.125	38.5	1.00098078598679
22.375	38.5	1.0014552623351
22.625	38.5	1.00174256559888
22.875	38.5	1.00191600911105
23.125	38.5	1.00202024164744
23.375	38.5	1.00208243464519
23.625	38.5	1.00211911553008
23.875	38.5	1.00214033388
24.125	38.5	1.00215219861258
24.375	38.5	1.00215842207807
24.625	38.5	1.00216125938246
24.875	38.5	1.00216207966561
25.125	38.5	1.00216171348802
25.375	38.5	1.00216066405151
25.625	38.5	1.00215923561881
25.875	38.5	1.00215761158708
26.125	38.5	1.00215590195084
26.375	38.5	1.00215417215422
26.625	38.5	1.00215246062853
26.875	38.5	1.00215078945097
27.125	38.5	1.00214917082142
27.375	38.5	1.00214761099689
27.625	38.5	1.00214611268056
27.875	38.5	1.0021446764713
28.125	38.5	1.00214330174229
28.375	38.5	1.00214198717255
28.625	38.5	1.00214073106773
28.875	38.5	1.0021395315528
29.125	38.5	1.00213838668705
29.375	38.5	1.00213729453196
29.625	38.5	1.0021362531905
29.875	38.5	1.00213526082922
30.125	38.5	1.00213431568993
30.375	38.5	1.0021334160952
30.625	38.5	1.00213256045012
30.875	38.5	1.00213174724197
31.125	38.5	1.00213097503863
31.375	38.5	1.0021302424863
31.625	38.5	1.00212954830693
31.875	38.5	1.00212889129555
32.125	38.5	1.00212827031747
32.375	38.5	1.0021276843057
32.625	38.5	1.00212713225838
32.875	38.5	1.00212661323628
33.125	38.5	1.0021261263606
33.375	38.5	1.00212567081073
33.625	38.5	1.00212524582224
33.875	38.5	1.00212485068499
34.125	38.5	1.0021244847414
34.375	38.5	1.00212414738477
34.625	38.5	1.0021238380578
34.875	38.5	1.00212355625121
35.125	38.5	1.00212330150249
35.375	38.5	1.00212307339472
35.625	38.5	1.00212287155558
35.875	38.5	1.00212269565637
36.125	38.5	1.00212254541128
36.375	38.5	1.00212242057658
36.625	38.5	1.00212232095012
36.875	38.5	1.00212224637075
37.125	38.5	1.00212219671797
37.375	38.5	1.00212217191159
0.125	39.5	-0.00210123406701202
0.375	39.5	-0.00210121644783554
0.625	39.5	-0.0021011811490673
0.875	39.5	-0.00210112804975696
1.125	39.5	-0.00210105696817977
1.375	39.5	-0.00210096766147684
1.625	39.5	-0.00210085982517419
1.875	39.5	-0.00210073309257944
2.125	39.5	-0.00210058703405482
2.375	39.5	-0.00210042115616473
2.625	39.5	-0.00210023490069597
2.875	39.5	-0.00210002764354824
3.125	39.5	-0.00209979869349249
3.375	39.5	-0.00209954729079408
3.625	39.5	-0.00209927260569751
3.875	39.5	-0.00209897373676905
4.125	39.5	-0.00209864970909309
4.375	39.5	-0.00209829947231759
4.625	39.5	-0.00209792189854318
4.875	39.5	-0.00209751578004974
5.125	39.5	-0.00209707982685274
5.375	39.5	-0.00209661266408014
5.625	39.5	-0.00209611282915737
5.875	39.5	-0.002095578768784
6.125	39.5	-0.00209500883567815
6.375	39.5	-0.00209440128505402
6.625	39.5	-0.00209375427077922
6.875	39.5	-0.00209306584112907
7.125	39.5	-0.00209233393400635
7.375	39.5	-0.00209155637141543
7.625	39.5	-0.00209073085284846
7.875	39.5	-0.00208985494702711
8.125	39.5	-0.00208892608108933
8.375	39.5	-0.00208794152573044
8.625	39.5	-0.00208689837385199
8.875	39.5	-0.00208579350870051
9.125	39.5	-0.00208462355489278
9.375	39.5	-0.00208338480147013
9.625	39.5	-0.00208207307912581
9.875	39.5	-0.00208068356223311
10.125	39.5	-0.00207921044735513
10.375	39.5	-0.00207764642874033
10.625	39.5	-0.00207598184001273
10.875	39.5	-0.00207420324686302
11.125	39.5	-0.00207229113667549
11.375	39.5	-0.00207021612253053
11.625	39.5	-0.00206793270306935
11.875	39.5	-0.00206536900114124
12.125	39.5	-0.00206240988642783
12.375	39.5	-0.00205886921281486
12.625	39.5	-0.00205444414652732
12.875	39.5	-0.00204864002918926
13.125	39.5	-0.0020406467652868
13.375	39.5	-0.00202913546269778
13.625	39.5	-0.00201192389416361
13.875	39.5	-0.00198542620931591
14.125	39.5	-0.00194374789155002
14.375	39.5	-0.00187719762622645
14.625	39.5	-0.00176984140788846
14.875	39.5	-0.00159548514706085
15.125	39.5	-0.0013110832925843
15.375	39.5	-0.000845943752342136
15.625	39.5	-8.41006641724516e-05
15.875	39.5	0.0011643275081305
16.125	39.5	0.00320929641234612
16.375	39.5	0.00655420132661084
16.625	39.5	0.0120097568244486
16.875	39.5	0.0208635284016943
17.125	39.5	0.0351133431742974
17.375	39.5	0.057739557340451
17.625	39.5	0.0928962157609509
17.875	39.5	0.14570095165362
18.125	39.5	0.221036373661734
18.375	39.5	0.320822087980587
18.625	39.5	0.440452066717021
18.875	39.5	0.56754724605502
19.125	39.5	0.686240866444596
19.375	39.5	0.78457091073368
19.625	39.5	0.858415544767345
19.875	39.5	0.90998098725719
20.125	39.5	0.944225355028979
20.375	39.5	0.966226983992111
20.625	39.5	0.980066854927115
20.875	39.5	0.988657512205265
21.125	39.5	0.9939455942632
21.375	39.5	0.997183590881829
21.625	39.5	0.999159400325859
21.875	39.5	1.00036201004901
22.125	39.5	1.00109243441816
22.375	39.5	1.00153506265537
22.625	39.5	1.00180250653405
22.875	39.5	1.00196341579757
23.125	39.5	1.00205959320942
23.375	39.5	1.00211647552045
23.625	39.5	1.00214953344046
23.875	39.5	1.00216817287068
24.125	39.5	1.00217811048731
24.375	39.5	1.00218281939147
24.625	39.5	1.00218440851456
24.875	39.5	1.00218415744537
25.125	39.5	1.00218284164846
25.375	39.5	1.00218093020508
25.625	39.5	1.00217870603676
25.875	39.5	1.00217633899538
26.125	39.5	1.0021739302959
26.375	39.5	1.00217153952548
26.625	39.5	1.00216920105983
26.875	39.5	1.00216693403925
27.125	39.5	1.00216474842953
27.375	39.5	1.00216264870263
27.625	39.5	1.00216063607048
27.875	39.5	1.00215870983926
28.125	39.5	1.00215686822924
28.375	39.5	1.0021551088698
28.625	39.5	1.00215342909713
28.875	39.5	1.00215182613219
29.125	39.5	1.00215029718603
29.375	39.5	1.00214883952105
29.625	39.5	1.00214745048563
29.875	39.5	1.0021461275328
30.125	39.5	1.0021448682292
30.375	39.5	1.00214367025837
30.625	39.5	1.00214253142065
30.875	39.5	1.00214144963123
31.125	39.5	1.00214042291702
31.375	39.5	1.00213944941308
31.625	39.5	1.00213852735879
31.875	39.5	1.00213765509398
32.125	39.5	1.00213683105513
32.375	39.5	1.00213605377168
32.625	39.5	1.00213532186255
32.875	39.5	1.00213463403279
33.125	39.5	1.00213398907045
33.375	39.5	1.00213338584363
33.625	39.5	1.00213282329772
33.875	39.5	1.00213230045284
34.125	39.5	1.00213181640144
34.375	39.5	1.00213137030608
34.625	39.5	1.00213096139738
34.875	39.5	1.00213058897216
35.125	39.5	1.0021302523917
35.375	39.5	1.00212995108021
35.625	39.5	1.0021296845234
35.875	39.5	1.00212945226723
36.125	39.5	1.00212925391681
36.375	39.5	1.00212908913544
36.625	39.5	1.00212895764377
36.875	39.5	1.00212885921913
37.125	39.5	1.00212879369501
37.375	39.5	1.00212876096062
0.125	40.5	-0.00209534180817771
0.375	40.5	-0.00209531747860221
0.625	40.5	-0.00209526874561271
0.875	40.5	-0.00209519546137828
1.125	40.5	-0.00209509740376783
1.375	40.5	-0.0020949742758876
1.625	40.5	-0.00209482570546274
1.875	40.5	-0.0020946512440613
2.125	40.5	-0.002094450366159
2.375	40.5	-0.0020942224680423
2.625	40.5	-0.0020939668665471
2.875	40.5	-0.00209368279763015
3.125	40.5	-0.00209336941476942
3.375	40.5	-0.00209302578718973
3.625	40.5	-0.0020926508979089
3.875	40.5	-0.00209224364159971
4.125	40.5	-0.00209180282226193
4.375	40.5	-0.0020913271506982
4.625	40.5	-0.00209081524178678
4.875	40.5	-0.00209026561154279
5.125	40.5	-0.00208967667395843
5.375	40.5	-0.00208904673761041
5.625	40.5	-0.00208837400201956
5.875	40.5	-0.00208765655374301
6.125	40.5	-0.00208689236217157
6.375	40.5	-0.00208607927499302
6.625	40.5	-0.00208521501326222
6.875	40.5	-0.00208429716598766
7.125	40.5	-0.00208332318409187
7.375	40.5	-0.00208229037351874
7.625	40.5	-0.00208119588712159
7.875	40.5	-0.00208003671473773
8.125	40.5	-0.00207880967048043
8.375	40.5	-0.00207751137566258
8.625	40.5	-0.00207613823475249
8.875	40.5	-0.00207468640009462
9.125	40.5	-0.00207315171838395
9.375	40.5	-0.00207152964736823
9.625	40.5	-0.00206981512382388
9.875	40.5	-0.00206800235162845
10.125	40.5	-0.00206608445863951
10.375	40.5	-0.00206405293799441
10.625	40.5	-0.0020618967349862
10.875	40.5	-0.00205960075105848
11.125	40.5	-0.00205714338900515
11.375	40.5	-0.00205449252082206
11.625	40.5	-0.00205159886040287
11.875	40.5	-0.00204838506631847
12.125	40.5	-0.00204472781895579
12.375	40.5	-0.00204042833770455
12.625	40.5	-0.00203516387755825
12.875	40.5	-0.00202840793009707
13.125	40.5	-0.00201929893392579
13.375	40.5	-0.00200642427309116
13.625	40.5	-0.00198746492146379
13.875	40.5	-0.00195861088198326
14.125	40.5	-0.00191359973470915
14.375	40.5	-0.00184213571060568
14.625	40.5	-0.0017272912779765
14.875	40.5	-0.00154123940757784
15.125	40.5	-0.00123825223002218
15.375	40.5	-0.000743237111025965
15.625	40.5	6.69749795302825e-05
15.875	40.5	0.00139401117926286
16.125	40.5	0.00356685707843751
16.375	40.5	0.00711941037218919
16.625	40.5	0.012910400076706
16.875	40.5	0.0223006666317394
17.125	40.5	0.0373939086365076
17.375	40.5	0.0613084877007678
17.625	40.5	0.0983420864188372
17.875	40.5	0.153676787954803
18.125	40.5	0.232012118754979
18.375	40.5	0.334652750597335
18.625	40.5	0.456011359074473
18.875	40.5	0.582929710232811
19.125	40.5	0.699628627920144
19.375	40.5	0.795017640825269
19.625	40.5	0.865917049145089
19.875	40.5	0.915064254721563
20.125	40.5	0.947542364894458
20.375	40.5	0.968342452387268
20.625	40.5	0.981399605808031
20.875	40.5	0.989493596001383
21.125	40.5	0.994471422651552
21.375	40.5	0.997517344413791
21.625	40.5	0.999374786566184
21.875	40.5	1.00050455360751
22.125	40.5	1.00119009234851
22.375	40.5	1.00160494838035
22.625	40.5	1.00185507939895
22.875	40.5	1.00200506624142
23.125	40.5	1.00209422869482
23.375	40.5	1.00214649005405
23.625	40.5	1.00217639901446
23.875	40.5	1.00219279980512
24.125	40.5	1.00220106680851
24.375	40.5	1.002204464336
24.625	40.5	1.00220497375923
24.875	40.5	1.00220379653188
25.125	40.5	1.00220166006185
25.375	40.5	1.00219900368643
25.625	40.5	1.00219609174083
25.875	40.5	1.00219308229704
26.125	40.5	1.00219006895022
26.375	40.5	1.00218710621822
26.625	40.5	1.00218422497832
26.875	40.5	1.00218144184715
27.125	40.5	1.00217876487818
27.375	40.5	1.00217619702082
27.625	40.5	1.00217373821867
27.875	40.5	1.00217138668075
28.125	40.5	1.0021691396501
28.375	40.5	1.00216699386695
28.625	40.5	1.00216494584649
28.875	40.5	1.00216299204405
29.125	40.5	1.00216112895207
29.375	40.5	1.0021593531557
29.625	40.5	1.00215766136353
29.875	40.5	1.00215605042327
30.125	40.5	1.00215451732849
30.375	40.5	1.00215305922009
30.625	40.5	1.00215167338462
30.875	40.5	1.00215035725094
31.125	40.5	1.00214910838597
31.375	40.5	1.0021479244899
31.625	40.5	1.00214680339138
31.875	40.5	1.0021457430427
32.125	40.5	1.00214474151505
32.375	40.5	1.00214379699403
32.625	40.5	1.00214290777535
32.875	40.5	1.00214207226077
33.125	40.5	1.00214128895423
33.375	40.5	1.0021405564583
33.625	40.5	1.00213987347077
33.875	40.5	1.00213923878156
34.125	40.5	1.00213865126974
34.375	40.5	1.00213810990085
34.625	40.5	1.00213761372442
34.875	40.5	1.00213716187165
35.125	40.5	1.00213675355332
35.375	40.5	1.0021363880579
35.625	40.5	1.0021360647498
35.875	40.5	1.00213578306786
36.125	40.5	1.002135542524
36.375	40.5	1.00213534270202
36.625	40.5	1.00213518325662
36.875	40.5	1.00213506391255
37.125	40.5	1.00213498446394
37.375	40.5	1.00213494477384
0.125	41.5	-0.002089996443203
0.375	41.5	-0.00208996657448656
0.625	41.5	-0.00208990675236954
0.875	41.5	-0.00208981680730167
1.125	41.5	-0.00208969648450291
1.375	41.5	-0.00208954544341669
1.625	41.5	-0.00208936325697878
1.875	41.5	-0.00208914941069993
2.125	41.5	-0.00208890330155991
2.375	41.5	-0.00208862423671018
2.625	41.5	-0.0020883114319821
2.875	41.5	-0.00208796401019665
3.125	41.5	-0.00208758099927157
3.375	41.5	-0.00208716133012108
3.625	41.5	-0.00208670383434265
3.875	41.5	-0.00208620724168494
4.125	41.5	-0.00208567017728996
4.375	41.5	-0.00208509115870213
4.625	41.5	-0.00208446859263556
4.875	41.5	-0.00208380077148987
5.125	41.5	-0.00208308586960304
5.375	41.5	-0.00208232193922774
5.625	41.5	-0.00208150690621378
5.875	41.5	-0.00208063856537444
6.125	41.5	-0.00207971457550636
6.375	41.5	-0.00207873245401949
6.625	41.5	-0.00207768957111325
6.875	41.5	-0.00207658314340139
7.125	41.5	-0.0020754102268332
7.375	41.5	-0.00207416770866929
7.625	41.5	-0.00207285229812364
7.875	41.5	-0.00207146051504265
8.125	41.5	-0.00206998867559631
8.375	41.5	-0.00206843287330662
8.625	41.5	-0.00206678895266839
8.875	41.5	-0.00206505247085855
9.125	41.5	-0.00206321864013518
9.375	41.5	-0.0020612822387646
9.625	41.5	-0.00205923747047762
9.875	41.5	-0.0020570777395588
10.125	41.5	-0.00205479528744988
10.375	41.5	-0.00205238060182327
10.625	41.5	-0.00204982145160797
10.875	41.5	-0.00204710130687126
11.125	41.5	-0.00204419674681814
11.375	41.5	-0.00204107320304667
11.625	41.5	-0.00203767796372417
11.875	41.5	-0.00203392867078761
12.125	41.5	-0.00202969440099637
12.375	41.5	-0.0020247645437169
12.625	41.5	-0.00201879759832347
12.875	41.5	-0.00201123693012481
13.125	41.5	-0.00200117215992387
13.375	41.5	-0.00198711110503623
13.625	41.5	-0.00196660456679644
13.875	41.5	-0.0019356290741355
14.125	41.5	-0.00188757161344154
14.375	41.5	-0.00181156016385404
14.625	41.5	-0.0016897197556381
14.875	41.5	-0.00149266588589631
15.125	41.5	-0.00117211210642683
15.375	41.5	-0.000648768344233503
15.625	41.5	0.000207403910332628
15.875	41.5	0.00160922857190532
16.125	41.5	0.00390381724124793
16.375	41.5	0.00765407843073122
16.625	41.5	0.0137642887950282
16.875	41.5	0.0236644776466483
17.125	41.5	0.0395574629863399
17.375	41.5	0.0646886245058401
17.625	41.5	0.103482278840226
17.875	41.5	0.161162079946868
18.125	41.5	0.242224552951706
18.375	41.5	0.347370754391835
18.625	41.5	0.470114771994761
18.875	41.5	0.59666243723051
19.125	41.5	0.711416219966906
19.375	41.5	0.804114568425333
19.625	41.5	0.872397193176707
19.875	41.5	0.919431606764725
20.125	41.5	0.950382089032546
20.375	41.5	0.970149340023167
20.625	41.5	0.982536180964727
20.875	41.5	0.990205790483486
21.125	41.5	0.994918883410077
21.375	41.5	0.997801056262106
21.625	41.5	0.999557650410276
21.875	41.5	1.00062539057686
22.125	41.5	1.00127273281479
22.375	41.5	1.00166397612402
22.625	41.5	1.00189940619827
22.875	41.5	1.00204013607047
23.125	41.5	1.00212336946981
23.375	41.5	1.00217173987306
23.625	41.5	1.00219901018221
23.875	41.5	1.00221354593135
24.125	41.5	1.00222042978874
24.375	41.5	1.00222274815243
24.625	41.5	1.00222237373056
24.875	41.5	1.00222044145285
25.125	41.5	1.00221763785001
25.375	41.5	1.00221437699697
25.625	41.5	1.00221090747963
25.875	41.5	1.0022073774226
26.125	41.5	1.00220387401823
26.375	41.5	1.00220044755287
26.625	41.5	1.00219712600805
26.875	41.5	1.00219392393165
27.125	41.5	1.00219084782557
27.375	41.5	1.0021878994158
27.625	41.5	1.00218507763522
27.875	41.5	1.00218237982417
28.125	41.5	1.00217980245541
28.375	41.5	1.00217734157047
28.625	41.5	1.00217499304048
28.875	41.5	1.0021727527207
29.125	41.5	1.00217061654047
29.375	41.5	1.00216858055429
29.625	41.5	1.00216664096921
29.875	41.5	1.00216479415829
30.125	41.5	1.00216303666545
30.375	41.5	1.00216136520559
30.625	41.5	1.00215977666167
30.875	41.5	1.00215826808038
31.125	41.5	1.00215683666684
31.375	41.5	1.00215547977914
31.625	41.5	1.0021541949226
31.875	41.5	1.00215297974426
32.125	41.5	1.0021518320275
32.375	41.5	1.00215074968687
32.625	41.5	1.00214973076319
32.875	41.5	1.00214877341893
33.125	41.5	1.00214787593383
33.375	41.5	1.00214703670082
33.625	41.5	1.00214625422214
33.875	41.5	1.00214552710584
34.125	41.5	1.00214485406238
34.375	41.5	1.00214423390159
34.625	41.5	1.00214366552982
34.875	41.5	1.0021431479473
35.125	41.5	1.00214268024577
35.375	41.5	1.00214226160632
35.625	41.5	1.00214189129739
35.875	41.5	1.00214156867305
36.125	41.5	1.00214129317147
36.375	41.5	1.00214106431352
36.625	41.5	1.00214088170169
36.875	41.5	1.0021407450191
37.125	41.5	1.00214065402875
37.375	41.5	1.00214060857295
0.125	42.5	-0.00208528933814245
0.375	42.5	-0.00208525528159987
0.625	42.5	-0.0020851870760273
0.875	42.5	-0.00208508453624743
1.125	42.5	-0.00208494738398847
1.375	42.5	-0.00208477524727582
1.625	42.5	-0.00208456765961857
1.875	42.5	-0.00208432405898865
2.125	42.5	-0.00208404378659009
2.375	42.5	-0.00208372608541526
2.625	42.5	-0.00208337009858424
2.875	42.5	-0.00208297486746344
3.125	42.5	-0.00208253932955818
3.375	42.5	-0.00208206231617413
3.625	42.5	-0.00208154254984129
3.875	42.5	-0.00208097864149378
4.125	42.5	-0.00208036908739773
4.375	42.5	-0.00207971226581892
4.625	42.5	-0.00207900643342055
4.875	42.5	-0.00207824972138007
5.125	42.5	-0.00207744013121272
5.375	42.5	-0.00207657553028614
5.625	42.5	-0.00207565364700759
5.875	42.5	-0.00207467206565921
6.125	42.5	-0.00207362822084854
6.375	42.5	-0.00207251939152793
6.625	42.5	-0.00207134269451459
6.875	42.5	-0.00207009507740802
7.125	42.5	-0.00206877331074401
7.375	42.5	-0.00206737397913062
7.625	42.5	-0.00206589347095791
7.875	42.5	-0.00206432796602088
8.125	42.5	-0.00206267341998061
8.375	42.5	-0.00206092554390729
8.625	42.5	-0.00205907977602853
8.875	42.5	-0.00205713124096255
9.125	42.5	-0.00205507468868363
9.375	42.5	-0.00205290440047616
9.625	42.5	-0.00205061404092155
9.875	42.5	-0.00204819642144766
10.125	42.5	-0.00204564311872909
10.375	42.5	-0.00204294385462461
10.625	42.5	-0.00204008548410035
10.875	42.5	-0.00203705033845337
11.125	42.5	-0.00203381350800391
11.375	42.5	-0.00203033837993333
11.625	42.5	-0.00202656930509295
11.875	42.5	-0.00202241954047008
12.125	42.5	-0.00201775141739797
12.375	42.5	-0.00201234371650109
12.625	42.5	-0.00200583799021778
12.875	42.5	-0.0019976502424451
13.125	42.5	-0.00198682560376161
13.375	42.5	-0.00197179921292334
13.625	42.5	-0.00195000278938731
13.875	42.5	-0.00191721738276558
14.125	42.5	-0.00186650872907551
14.375	42.5	-0.00178647655802728
14.625	42.5	-0.00165837714278333
14.875	42.5	-0.00145139761480271
15.125	42.5	-0.00111490489533586
15.375	42.5	-0.000565759368998851
15.625	42.5	0.000332376339080016
15.875	42.5	0.00180258848033624
16.125	42.5	0.00420858872299246
16.375	42.5	0.00813981654215905
16.625	42.5	0.0145420994247155
16.875	42.5	0.0249083065105732
17.125	42.5	0.0415305501892294
17.375	42.5	0.067766763851945
17.625	42.5	0.108148695686352
17.875	42.5	0.167921831195154
18.125	42.5	0.251374448884773
18.375	42.5	0.358643721121974
18.625	42.5	0.482455053457798
18.875	42.5	0.608517499992851
19.125	42.5	0.721469690929865
19.375	42.5	0.811799267694302
19.625	42.5	0.877833570299109
19.875	42.5	0.923078121259608
20.125	42.5	0.952745461724679
20.375	42.5	0.971649678197233
20.625	42.5	0.983478190007354
20.875	42.5	0.990795014097624
21.125	42.5	0.995288316717417
21.375	42.5	0.998034665944263
21.625	42.5	0.999707679270868
21.875	42.5	1.0007240607731
22.125	42.5	1.0013398160109
22.375	42.5	1.00171156877703
22.625	42.5	1.00193489810516
22.875	42.5	1.00206803982929
23.125	42.5	1.00214644210179
23.375	42.5	1.00219166832784
23.625	42.5	1.00221682950918
23.875	42.5	1.0022298940824
24.125	42.5	1.00223570277151
24.375	42.5	1.0022371944695
24.625	42.5	1.0022361518525
24.875	42.5	1.00223365479349
25.125	42.5	1.00223035605311
25.375	42.5	1.00222664889518
25.625	42.5	1.00222276898769
25.875	42.5	1.00221885634899
26.125	42.5	1.00221499300225
26.375	42.5	1.00221122586128
26.625	42.5	1.00220758063779
26.875	42.5	1.00220407029013
27.125	42.5	1.00220070015378
27.375	42.5	1.00219747105464
27.625	42.5	1.00219438119619
27.875	42.5	1.00219142730148
28.125	42.5	1.00218860530229
28.375	42.5	1.00218591075329
28.625	42.5	1.00218333907914
28.875	42.5	1.00218088572037
29.125	42.5	1.00217854621782
29.375	42.5	1.00217631626005
29.625	42.5	1.00217419170834
29.875	42.5	1.00217216860832
30.125	42.5	1.00217024319364
30.375	42.5	1.00216841188498
30.625	42.5	1.0021666712864
30.875	42.5	1.0021650181802
31.125	42.5	1.00216344952115
31.375	42.5	1.00216196243027
31.625	42.5	1.00216055418876
31.875	42.5	1.00215922223192
32.125	42.5	1.00215796414328
32.375	42.5	1.00215677764912
32.625	42.5	1.00215566061307
32.875	42.5	1.00215461103118
33.125	42.5	1.00215362702715
33.375	42.5	1.00215270684792
33.625	42.5	1.00215184885956
33.875	42.5	1.00215105154332
34.125	42.5	1.00215031349213
34.375	42.5	1.00214963340721
34.625	42.5	1.00214901009497
34.875	42.5	1.00214844246426
35.125	42.5	1.00214792952369
35.375	42.5	1.00214747037934
35.625	42.5	1.00214706423262
35.875	42.5	1.00214671037837
36.125	42.5	1.0021464082032
36.375	42.5	1.00214615718402
36.625	42.5	1.0021459568868
36.875	42.5	1.00214580696555
37.125	42.5	1.0021457071615
37.375	42.5	1.00214565730247
0.125	43.5	-0.00208128938208158
0.375	43.5	-0.00208125261846693
0.625	43.5	-0.00208117899432894
0.875	43.5	-0.00208106831563576
1.125	43.5	-0.00208092029080391
1.375	43.5	-0.0020807345300539
1.625	43.5	-0.00208051054454864
1.875	43.5	-0.00208024774531207
2.125	43.5	-0.00207994544192558
2.375	43.5	-0.00207960284099847
2.625	43.5	-0.00207921904440896
2.875	43.5	-0.0020787930473109
3.125	43.5	-0.00207832373590111
3.375	43.5	-0.00207780988494166
3.625	43.5	-0.0020772501550303
3.875	43.5	-0.00207664308961199
4.125	43.5	-0.00207598711172328
4.375	43.5	-0.00207528052046066
4.625	43.5	-0.00207452148716248
4.875	43.5	-0.00207370805129311
5.125	43.5	-0.00207283811601568
5.375	43.5	-0.00207190944343731
5.625	43.5	-0.00207091964950711
5.875	43.5	-0.00206986619854104
6.125	43.5	-0.00206874639733946
6.375	43.5	-0.00206755738884842
6.625	43.5	-0.00206629614529384
6.875	43.5	-0.00206495946068034
7.125	43.5	-0.00206354394248755
7.375	43.5	-0.00206204600229857
7.625	43.5	-0.00206046184493579
7.875	43.5	-0.00205878745541694
8.125	43.5	-0.00205701858261324
8.375	43.5	-0.00205515071778334
8.625	43.5	-0.00205317906499141
8.875	43.5	-0.00205109849850134
9.125	43.5	-0.00204890349908508
9.375	43.5	-0.00204658805599354
9.625	43.5	-0.00204414551279812
9.875	43.5	-0.00204156832125541
10.125	43.5	-0.0020388476442159
10.375	43.5	-0.00203597271052702
10.625	43.5	-0.00203292976222448
10.875	43.5	-0.00202970033118588
11.125	43.5	-0.00202625841270584
11.375	43.5	-0.00202256582413829
11.625	43.5	-0.00201856457706685
11.875	43.5	-0.00201416433494246
12.125	43.5	-0.00200922178311746
12.375	43.5	-0.00200350668935268
12.625	43.5	-0.00199664606133763
12.875	43.5	-0.00198803226005714
13.125	43.5	-0.00197667180037589
13.375	43.5	-0.00196093655580135
13.625	43.5	-0.00193815439326356
13.875	43.5	-0.00190393567839724
14.125	43.5	-0.00185106543189757
14.375	43.5	-0.00176768156876868
14.625	43.5	-0.00163428064826936
14.875	43.5	-0.00141880053653586
15.125	43.5	-0.00106855569282746
15.375	43.5	-0.000497039791172564
15.625	43.5	0.000437592161234527
15.875	43.5	0.00196739578904433
16.125	43.5	0.004470580329691
16.375	43.5	0.00855972537037901
16.625	43.5	0.015216816004905
16.875	43.5	0.0259891846043879
17.125	43.5	0.0432457604239624
17.375	43.5	0.0704398320993808
17.625	43.5	0.112190402729949
17.875	43.5	0.17374981991889
18.125	43.5	0.259208496269903
18.375	43.5	0.36820523174142
18.625	43.5	0.49280528945302
18.875	43.5	0.618346859838213
19.125	43.5	0.729720413203509
19.375	43.5	0.818055333936398
19.625	43.5	0.882233392274521
19.875	43.5	0.926017145714969
20.125	43.5	0.954644552020447
20.375	43.5	0.972852312220063
20.625	43.5	0.984231463217375
20.875	43.5	0.99126484502302
21.125	43.5	0.995581776804353
21.375	43.5	0.998219249885964
21.625	43.5	0.999825342491684
21.875	43.5	1.00080066563386
22.125	43.5	1.0013912254296
22.375	43.5	1.00174748430293
22.625	43.5	1.00196124386015
22.875	43.5	1.0020884310416
23.125	43.5	1.00216308526375
23.375	43.5	1.00220591131326
23.625	43.5	1.00222949716267
23.875	43.5	1.00224149271661
24.125	43.5	1.00224654469975
24.375	43.5	1.00224747381341
24.625	43.5	1.00224599067942
24.875	43.5	1.00224313119388
25.125	43.5	1.00223952122762
25.375	43.5	1.00223553755469
25.625	43.5	1.00223140568486
25.875	43.5	1.00222725933468
26.125	43.5	1.00222317657609
26.375	43.5	1.00221920180618
26.625	43.5	1.002215359097
26.875	43.5	1.00221166030521
27.125	43.5	1.00220810999603
27.375	43.5	1.00220470843095
27.625	43.5	1.00220145337823
27.875	43.5	1.00219834120825
28.125	43.5	1.00219536755414
28.375	43.5	1.00219252770845
28.625	43.5	1.00218981685955
28.875	43.5	1.00218723023083
29.125	43.5	1.002184763161
29.375	43.5	1.00218241114886
29.625	43.5	1.00218016987662
29.875	43.5	1.00217803522035
30.125	43.5	1.00217600325288
30.375	43.5	1.00217407024222
30.625	43.5	1.00217223264746
30.875	43.5	1.0021704871133
31.125	43.5	1.0021688304639
31.375	43.5	1.00216725969652
31.625	43.5	1.00216577197505
31.875	43.5	1.00216436462383
32.125	43.5	1.00216303512152
32.375	43.5	1.0021617810954
32.625	43.5	1.00216060031586
32.875	43.5	1.00215949069121
33.125	43.5	1.00215845026282
33.375	43.5	1.00215747720048
33.625	43.5	1.00215656979821
33.875	43.5	1.00215572647015
34.125	43.5	1.00215494574692
34.375	43.5	1.00215422627209
34.625	43.5	1.00215356679906
34.875	43.5	1.00215296618807
35.125	43.5	1.00215242340355
35.375	43.5	1.00215193751168
35.625	43.5	1.00215150767816
35.875	43.5	1.0021511331663
36.125	43.5	1.00215081333522
36.375	43.5	1.00215054763838
36.625	43.5	1.0021503356223
36.875	43.5	1.00215017692545
37.125	43.5	1.00215007127744
37.375	43.5	1.00215001849837
0.125	44.5	-0.00207804083891668
0.375	44.5	-0.00207800292216677
0.625	44.5	-0.00207792699091716
0.875	44.5	-0.00207781284945094
1.125	44.5	-0.00207766020364975
1.375	44.5	-0.00207746866034084
1.625	44.5	-0.00207723772642369
1.875	44.5	-0.00207696680777419
2.125	44.5	-0.0020766552079233
2.375	44.5	-0.00207630212650696
2.625	44.5	-0.00207590665748324
2.875	44.5	-0.00207546778711213
3.125	44.5	-0.00207498439169274
3.375	44.5	-0.00207445523505194
3.625	44.5	-0.00207387896577799
3.875	44.5	-0.00207325411419151
4.125	44.5	-0.00207257908904586
4.375	44.5	-0.00207185217394754
4.625	44.5	-0.00207107152348649
4.875	44.5	-0.00207023515906434
5.125	44.5	-0.00206934096440711
5.375	44.5	-0.00206838668074579
5.625	44.5	-0.0020673699016447
5.875	44.5	-0.00206628806745136
6.125	44.5	-0.00206513845933265
6.375	44.5	-0.00206391819284741
6.625	44.5	-0.00206262421098251
6.875	44.5	-0.00206125327654134
7.125	44.5	-0.00205980196371258
7.375	44.5	-0.00205826664854615
7.625	44.5	-0.0020566434978987
7.875	44.5	-0.00205492845614039
8.125	44.5	-0.00205311722847038
8.375	44.5	-0.0020512052589577
8.625	44.5	-0.00204918770022241
8.875	44.5	-0.00204705936969494
9.125	44.5	-0.00204481468413759
9.375	44.5	-0.00204244755875896
9.625	44.5	-0.00203995124844012
9.875	44.5	-0.00203731809409074
10.125	44.5	-0.00203453911328621
10.375	44.5	-0.00203160333505602
10.625	44.5	-0.00202849671404248
10.875	44.5	-0.00202520035284243
11.125	44.5	-0.00202168758621565
11.375	44.5	-0.0020179191926095
11.625	44.5	-0.00201383552406864
11.875	44.5	-0.00200934356486561
12.125	44.5	-0.00200429564429319
12.375	44.5	-0.00199845441450492
12.625	44.5	-0.00199143522453339
12.875	44.5	-0.00198261129567848
13.125	44.5	-0.0019709576825307
13.375	44.5	-0.00195479450644596
13.625	44.5	-0.00193136446255458
13.875	44.5	-0.00189613771010229
14.125	44.5	-0.00184166845303287
14.375	44.5	-0.00175571466139609
14.625	44.5	-0.00161814766326091
14.875	44.5	-0.00139587705898486
15.125	44.5	-0.00103452792454972
15.375	44.5	-0.00044482310438243
15.625	44.5	0.000519614091781849
15.875	44.5	0.00209821616200922
16.125	44.5	0.00468110733846915
16.375	44.5	0.00889986247034756
16.625	44.5	0.015766087776675
16.875	44.5	0.0268715761409418
17.125	44.5	0.04464755962203
17.375	44.5	0.0726236316744975
17.625	44.5	0.115485971068437
17.875	44.5	0.178484332486231
18.125	44.5	0.265536220613215
18.375	44.5	0.375868316224643
18.625	44.5	0.501024273522921
18.875	44.5	0.626079030911402
19.125	44.5	0.736156943349701
19.375	44.5	0.822903761410197
19.625	44.5	0.885626545377713
19.875	44.5	0.92827539597438
20.125	44.5	0.956099332869299
20.375	44.5	0.973770848905066
20.625	44.5	0.984804774896472
20.875	44.5	0.991620737698339
21.125	44.5	0.995802556053687
21.375	44.5	0.998356735276361
21.625	44.5	0.999911721516393
21.875	44.5	1.00085576938805
22.125	44.5	1.0014272122403
22.375	44.5	1.00177178633683
22.625	44.5	1.00197839622846
22.875	44.5	1.0021011982125
23.125	44.5	1.00217315143606
23.375	44.5	1.00221430232891
23.625	44.5	1.00223683790453
23.875	44.5	1.00224816397458
24.125	44.5	1.00225277870808
24.375	44.5	1.0022534124133
24.625	44.5	1.00225172071915
24.875	44.5	1.00224870607096
25.125	44.5	1.00224497399629
25.375	44.5	1.00224088890019
25.625	44.5	1.00223666877419
25.875	44.5	1.0022324427668
26.125	44.5	1.00222828617579
26.375	44.5	1.00222424171444
26.625	44.5	1.00222033243349
26.875	44.5	1.00221656957044
27.125	44.5	1.00221295731535
27.375	44.5	1.0022094957022
27.625	44.5	1.0022061823611
27.875	44.5	1.00220301357803
28.125	44.5	1.00219998493401
28.375	44.5	1.0021970916887
28.625	44.5	1.00219432900898
28.875	44.5	1.00219169210334
29.125	44.5	1.00218917629942
29.375	44.5	1.00218677708706
29.625	44.5	1.00218449014059
29.875	44.5	1.00218231132881
30.125	44.5	1.0021802367175
30.375	44.5	1.0021782625677
30.625	44.5	1.00217638533155
30.875	44.5	1.00217460164678
31.125	44.5	1.00217290833058
31.375	44.5	1.00217130237322
31.625	44.5	1.00216978093168
31.875	44.5	1.0021683413234
32.125	44.5	1.00216698102031
32.375	44.5	1.00216569764305
32.625	44.5	1.00216448895555
32.875	44.5	1.00216335285982
33.125	44.5	1.00216228739115
33.375	44.5	1.00216129071351
33.625	44.5	1.00216036111529
33.875	44.5	1.00215949700531
34.125	44.5	1.00215869690912
34.375	44.5	1.00215795946555
34.625	44.5	1.00215728342351
34.875	44.5	1.00215666763911
35.125	44.5	1.00215611107294
35.375	44.5	1.00215561278768
35.625	44.5	1.00215517194587
35.875	44.5	1.00215478780798
36.125	44.5	1.00215445973066
36.375	44.5	1.00215418716523
36.625	44.5	1.00215396965642
36.875	44.5	1.00215380684128
37.125	44.5	1.00215369844834
37.375	44.5	1.00215364429697
0.125	45.5	-0.00207556213553316
0.375	45.5	-0.00207552463322646
0.625	45.5	-0.00207544953364976
0.875	45.5	-0.0020753366466655
1.125	45.5	-0.00207518568654008
1.375	45.5	-0.00207499627130991
1.625	45.5	-0.00207476792193348
1.875	45.5	-0.00207450006122736
2.125	45.5	-0.00207419201258333
2.375	45.5	-0.00207384299846347
2.625	45.5	-0.00207345213866929
2.875	45.5	-0.00207301844838052
3.125	45.5	-0.00207254083595841
3.375	45.5	-0.00207201810050801
3.625	45.5	-0.00207144892919275
3.875	45.5	-0.00207083189429451
4.125	45.5	-0.00207016545001095
4.375	45.5	-0.00206944792898141
4.625	45.5	-0.00206867753853135
4.875	45.5	-0.00206785235662387
5.125	45.5	-0.00206697032750494
5.375	45.5	-0.00206602925702641
5.625	45.5	-0.00206502680762661
5.875	45.5	-0.00206396049294292
6.125	45.5	-0.00206282767202078
6.375	45.5	-0.00206162554306942
6.625	45.5	-0.00206035113669051
6.875	45.5	-0.0020590013084673
7.125	45.5	-0.00205757273073935
7.375	45.5	-0.0020560618832847
7.625	45.5	-0.00205446504246306
7.875	45.5	-0.00205277826809685
8.125	45.5	-0.00205099738691236
8.375	45.5	-0.00204911797061559
8.625	45.5	-0.00204713530544787
8.875	45.5	-0.00204504434804294
9.125	45.5	-0.0020428396590783
9.375	45.5	-0.0020405153007345
9.625	45.5	-0.00203806467495964
9.875	45.5	-0.0020354802646959
10.125	45.5	-0.00203275321580051
10.375	45.5	-0.00202987265719331
10.625	45.5	-0.00202682459059823
10.875	45.5	-0.00202359007234658
11.125	45.5	-0.00202014223047477
11.375	45.5	-0.00201644136535259
11.625	45.5	-0.00201242689656002
11.875	45.5	-0.00200800411965583
12.125	45.5	-0.00200302242137969
12.375	45.5	-0.00199723943753249
12.625	45.5	-0.00199026207611374
12.875	45.5	-0.00198144946750023
13.125	45.5	-0.00196975326053463
13.375	45.5	-0.00195345482065714
13.625	45.5	-0.00192973279973524
13.875	45.5	-0.00189395166892261
14.125	45.5	-0.00183849138379875
14.375	45.5	-0.00175082284540777
14.625	45.5	-0.00161034478387754
14.875	45.5	-0.00138318943312324
15.125	45.5	-0.00101370472951546
15.375	45.5	-0.000410519168838283
15.625	45.5	0.000576168238828875
15.875	45.5	0.00219136166394145
16.125	45.5	0.00483417840821831
16.375	45.5	0.00915051503018439
16.625	45.5	0.0161742723975906
16.875	45.5	0.0275306091296751
17.125	45.5	0.0456972644298145
17.375	45.5	0.0742601646857884
17.625	45.5	0.117953479861832
17.875	45.5	0.182020214866254
18.125	45.5	0.270241670428955
18.375	45.5	0.381532800660126
18.625	45.5	0.507056579866123
18.875	45.5	0.631712943822012
19.125	45.5	0.74081659207107
19.375	45.5	0.826395381982582
19.625	45.5	0.888060007790225
19.875	45.5	0.92988921641531
20.125	45.5	0.957135293417362
20.375	45.5	0.974422167633161
20.625	45.5	0.985208925854212
20.875	45.5	0.991869461144375
21.125	45.5	0.995954842697698
21.375	45.5	0.998449692335129
21.625	45.5	0.999968384492501
21.875	45.5	1.00089032397322
22.125	45.5	1.00144835093457
22.375	45.5	1.00178481859487
22.625	45.5	1.00198655786863
22.875	45.5	1.0021064576957
23.125	45.5	1.00217670404736
23.375	45.5	1.00221687222661
23.625	45.5	1.002238862424
23.875	45.5	1.00224990596991
24.125	45.5	1.00225439498459
24.375	45.5	1.00225499539453
24.625	45.5	1.00225332380811
24.875	45.5	1.00225035908157
25.125	45.5	1.00224669253908
25.375	45.5	1.0022426800877
25.625	45.5	1.00223853468638
25.875	45.5	1.00223438255312
26.125	45.5	1.00223029732784
26.375	45.5	1.00222632083401
26.625	45.5	1.00222247569377
26.875	45.5	1.0022187729908
27.125	45.5	1.00221521692292
27.375	45.5	1.00221180762486
27.625	45.5	1.00220854287892
27.875	45.5	1.00220541914977
28.125	45.5	1.00220243220863
28.375	45.5	1.00219957750799
28.625	45.5	1.00219685040498
28.875	45.5	1.00219424629288
29.125	45.5	1.00219176067699
29.375	45.5	1.0021893892169
29.625	45.5	1.00218712774857
29.875	45.5	1.00218497229413
30.125	45.5	1.00218291906468
30.375	45.5	1.00218096445874
30.625	45.5	1.00217910505834
30.875	45.5	1.00217733762386
31.125	45.5	1.00217565908821
31.375	45.5	1.00217406655068
31.625	45.5	1.00217255727096
31.875	45.5	1.00217112866309
32.125	45.5	1.00216977828978
32.375	45.5	1.00216850385689
32.625	45.5	1.0021673032082
32.875	45.5	1.0021661743205
33.125	45.5	1.00216511529891
33.375	45.5	1.00216412437253
33.625	45.5	1.00216319989034
33.875	45.5	1.00216234031737
34.125	45.5	1.00216154423116
34.375	45.5	1.00216081031844
34.625	45.5	1.00216013737211
34.875	45.5	1.00215952428839
35.125	45.5	1.00215897006431
35.375	45.5	1.00215847379535
35.625	45.5	1.00215803467332
35.875	45.5	1.00215765198451
36.125	45.5	1.00215732510802
36.375	45.5	1.00215705351429
36.625	45.5	1.00215683676393
36.875	45.5	1.00215667450661
37.125	45.5	1.00215656648032
37.375	45.5	1.0021565125107
0.125	46.5	-0.00207384564099414
0.375	46.5	-0.00207381007403329
0.625	46.5	-0.00207373885145706
0.875	46.5	-0.00207363179576053
1.125	46.5	-0.00207348864019711
1.375	46.5	-0.00207330902819025
1.625	46.5	-0.00207309251254665
1.875	46.5	-0.00207283855446906
2.125	46.5	-0.00207254652236599
2.375	46.5	-0.00207221569045554
2.625	46.5	-0.00207184523715962
2.875	46.5	-0.00207143424328462
3.125	46.5	-0.00207098168998391
3.375	46.5	-0.00207048645649672
3.625	46.5	-0.00206994731765777
3.875	46.5	-0.00206936294117086
4.125	46.5	-0.0020687318846393
4.375	46.5	-0.00206805259234483
4.625	46.5	-0.00206732339176591
4.875	46.5	-0.00206654248982469
5.125	46.5	-0.00206570796885011
5.375	46.5	-0.00206481778224211
5.625	46.5	-0.00206386974981781
5.875	46.5	-0.0020628615528147
6.125	46.5	-0.00206179072851658
6.375	46.5	-0.00206065466445302
6.625	46.5	-0.00205945059209908
6.875	46.5	-0.00205817557996332
7.125	46.5	-0.00205682652588786
7.375	46.5	-0.0020554001482806
7.625	46.5	-0.0020538929758285
7.875	46.5	-0.00205230133495998
8.125	46.5	-0.00205062133386335
8.375	46.5	-0.00204884884110939
8.625	46.5	-0.00204697945567774
8.875	46.5	-0.00204500846313348
9.125	46.5	-0.0020429307693202
9.375	46.5	-0.00204074079737453
9.625	46.5	-0.00203843232471307
9.875	46.5	-0.00203599822157777
10.125	46.5	-0.0020334300279303
10.375	46.5	-0.00203071726467582
10.625	46.5	-0.00202784630802774
10.875	46.5	-0.00202479854527354
11.125	46.5	-0.00202154734824716
11.375	46.5	-0.0020180531013428
11.625	46.5	-0.00201425502802306
11.875	46.5	-0.00201005774858206
12.125	46.5	-0.00200530916688129
12.375	46.5	-0.00199976408666337
12.625	46.5	-0.00199302434238447
12.875	46.5	-0.00198444027986461
13.125	46.5	-0.00197294863298103
13.375	46.5	-0.00195680573953189
13.625	46.5	-0.00193314855785214
13.875	46.5	-0.00189727241869751
14.125	46.5	-0.00184144296119503
14.375	46.5	-0.00175294245670308
14.625	46.5	-0.00161085885570622
14.875	46.5	-0.00138081305826453
15.125	46.5	-0.00100631296974063
15.375	46.5	-0.000394609904321503
15.625	46.5	0.000606347893899864
15.875	46.5	0.00224522472582589
16.125	46.5	0.00492704116511586
16.375	46.5	0.00930708525215268
16.625	46.5	0.0164338557608211
16.875	46.5	0.0279543068061571
17.125	46.5	0.0463764331946954
17.375	46.5	0.0753225049418542
17.625	46.5	0.119556884709306
17.875	46.5	0.184315931962495
18.125	46.5	0.273289095578132
18.375	46.5	0.385186867045919
18.625	46.5	0.510928825325504
18.875	46.5	0.635310815425403
19.125	46.5	0.74377805657715
19.375	46.5	0.828605105191932
19.625	46.5	0.889593954247729
19.875	46.5	0.930902121724948
20.125	46.5	0.957781930133034
20.375	46.5	0.974825501267836
20.625	46.5	0.985456183172562
20.875	46.5	0.992018756158833
21.125	46.5	0.99604350997488
21.375	46.5	0.998501203810236
21.625	46.5	0.999997304841922
21.875	46.5	1.00090561767851
22.125	46.5	1.00145550646469
22.375	46.5	1.00178718344046
22.625	46.5	1.00198616700312
22.875	46.5	1.00210454381895
23.125	46.5	1.00217401042698
23.375	46.5	1.00221384398702
23.625	46.5	1.00223576331768
23.875	46.5	1.00224688958566
24.125	46.5	1.00225154814049
24.375	46.5	1.00225236456625
24.625	46.5	1.00225093121623
24.875	46.5	1.00224821247759
25.125	46.5	1.00224479115269
25.375	46.5	1.00224101823587
25.625	46.5	1.00223710395855
25.875	46.5	1.00223317312962
26.125	46.5	1.00222929877067
26.375	46.5	1.00222552255683
26.625	46.5	1.00222186723697
26.875	46.5	1.00221834417832
27.125	46.5	1.00221495794751
27.375	46.5	1.00221170909021
27.625	46.5	1.00220859581599
27.875	46.5	1.00220561501783
28.125	46.5	1.00220276288734
28.375	46.5	1.00220003528447
28.625	46.5	1.00219742795821
28.875	46.5	1.00219493667672
29.125	46.5	1.00219255730284
29.375	46.5	1.00219028583639
29.625	46.5	1.00218811843649
29.875	46.5	1.00218605143198
30.125	46.5	1.00218408132467
30.375	46.5	1.00218220478847
30.625	46.5	1.00218041866607
30.875	46.5	1.00217871996436
31.125	46.5	1.0021771058492
31.375	46.5	1.00217557363989
31.625	46.5	1.00217412080363
31.875	46.5	1.00217274495005
32.125	46.5	1.00217144382598
32.375	46.5	1.0021702153104
32.625	46.5	1.00216905740963
32.875	46.5	1.00216796825281
33.125	46.5	1.00216694608764
33.375	46.5	1.00216598927632
33.625	46.5	1.00216509629183
33.875	46.5	1.00216426571439
34.125	46.5	1.00216349622822
34.375	46.5	1.00216278661844
34.625	46.5	1.00216213576836
34.875	46.5	1.00216154265681
35.125	46.5	1.00216100635584
35.375	46.5	1.00216052602854
35.625	46.5	1.00216010092712
35.875	46.5	1.00215973039118
36.125	46.5	1.00215941384617
36.375	46.5	1.00215915080209
36.625	46.5	1.00215894085231
36.875	46.5	1.00215878367264
37.125	46.5	1.00215867902061
37.375	46.5	1.00215862673488
0.125	47.5	-0.00207285844950751
0.375	47.5	-0.00207282623356574
0.625	47.5	-0.00207276172260573
0.875	47.5	-0.00207266475830205
1.125	47.5	-0.00207253510273578
1.375	47.5	-0.00207237243787641
1.625	47.5	-0.0020721763648891
1.875	47.5	-0.00207194640326544
2.125	47.5	-0.00207168198977545
2.375	47.5	-0.00207138247723843
2.625	47.5	-0.0020710471331094
2.875	47.5	-0.00207067513787776
3.125	47.5	-0.00207026558327398
3.375	47.5	-0.0020698174702799
3.625	47.5	-0.00206932970693746
3.875	47.5	-0.00206880110595006
4.125	47.5	-0.00206823038207041
4.375	47.5	-0.00206761614926742
4.625	47.5	-0.00206695691766426
4.875	47.5	-0.00206625109023801
5.125	47.5	-0.00206549695926965
5.375	47.5	-0.00206469270253087
5.625	47.5	-0.00206383637918988
5.875	47.5	-0.00206292592541296
6.125	47.5	-0.00206195914962907
6.375	47.5	-0.00206093372740988
6.625	47.5	-0.0020598471958937
6.875	47.5	-0.0020586969476426
7.125	47.5	-0.00205748022375781
7.375	47.5	-0.00205619410597403
7.625	47.5	-0.00205483550728073
7.875	47.5	-0.00205340116033628
8.125	47.5	-0.00205188760247576
8.375	47.5	-0.00205029115534924
8.625	47.5	-0.0020486078959698
8.875	47.5	-0.00204683361388164
9.125	47.5	-0.00204496374575391
9.375	47.5	-0.00204299327310278
9.625	47.5	-0.00204091655962254
9.875	47.5	-0.00203872708942967
10.125	47.5	-0.00203641704254434
10.375	47.5	-0.00203397660282253
10.625	47.5	-0.00203139282588735
10.875	47.5	-0.00202864778324333
11.125	47.5	-0.00202571551546802
11.375	47.5	-0.0020225570257122
11.625	47.5	-0.00201911204825899
11.875	47.5	-0.00201528550979061
12.125	47.5	-0.00201092525626553
12.375	47.5	-0.00200578540526262
12.625	47.5	-0.0019994660418207
12.875	47.5	-0.00199131398319599
13.125	47.5	-0.00198025947834148
13.375	47.5	-0.00196454748901073
13.625	47.5	-0.00194129552783017
13.875	47.5	-0.00190576619009956
14.125	47.5	-0.00185017052039489
14.375	47.5	-0.00176170027737759
14.625	47.5	-0.00161929393766666
14.875	47.5	-0.00138832626021849
15.125	47.5	-0.0010119008126433
15.375	47.5	-0.000396606437304199
15.625	47.5	0.000610690272039417
15.875	47.5	0.00226041049194619
16.125	47.5	0.00496040459967086
16.375	47.5	0.00937045577087555
16.625	47.5	0.0165460375514063
16.875	47.5	0.0281444942141085
17.125	47.5	0.0466881960744315
17.375	47.5	0.0758165785355619
17.625	47.5	0.120308023180236
17.875	47.5	0.18539505868366
18.125	47.5	0.274722595337127
18.375	47.5	0.386903636701555
18.625	47.5	0.512743479587135
18.875	47.5	0.63699123700329
19.125	47.5	0.745155786267525
19.375	47.5	0.829628175794212
19.625	47.5	0.89029953844475
19.875	47.5	0.931363541607464
20.125	47.5	0.958072037134748
20.375	47.5	0.975002025978223
20.625	47.5	0.985560035684202
20.875	47.5	0.992077184706642
21.125	47.5	0.996074020254195
21.375	47.5	0.998514801791502
21.625	47.5	1.00000081799377
21.875	47.5	1.00090324422493
22.125	47.5	1.00144981110582
22.375	47.5	1.00177972374184
22.625	47.5	1.00197788255557
22.875	47.5	1.00209599623694
23.125	47.5	1.00216553070872
23.375	47.5	1.00220562275471
23.625	47.5	1.00222790598804
23.875	47.5	1.00223945006237
24.125	47.5	1.00224454937198
24.375	47.5	1.00224581107802
24.625	47.5	1.00224481674178
24.875	47.5	1.00224252459711
25.125	47.5	1.00223951410533
25.375	47.5	1.0022361346176
25.625	47.5	1.00223259574031
25.875	47.5	1.00222902226115
26.125	47.5	1.00222548753212
26.375	47.5	1.00222203375703
26.625	47.5	1.00221868431876
26.875	47.5	1.00221545126782
27.125	47.5	1.0022123398698
27.375	47.5	1.00220935136514
27.625	47.5	1.00220648464242
27.875	47.5	1.00220373725144
28.125	47.5	1.00220110601502
28.375	47.5	1.00219858739721
28.625	47.5	1.00219617772348
28.875	47.5	1.00219387331118
29.125	47.5	1.00219167054554
29.375	47.5	1.00218956592281
29.625	47.5	1.0021875560735
29.875	47.5	1.00218563777373
30.125	47.5	1.00218380794943
30.375	47.5	1.00218206367641
30.625	47.5	1.00218040217798
30.875	47.5	1.00217882082122
31.125	47.5	1.0021773171126
31.375	47.5	1.00217588869322
31.625	47.5	1.00217453333408
31.875	47.5	1.00217324893129
32.125	47.5	1.00217203350154
32.375	47.5	1.00217088517766
32.625	47.5	1.00216980220446
32.875	47.5	1.00216878293475
33.125	47.5	1.0021678258256
33.375	47.5	1.00216692943483
33.625	47.5	1.0021660924177
33.875	47.5	1.00216531352385
34.125	47.5	1.00216459159442
34.375	47.5	1.0021639255594
34.625	47.5	1.00216331443518
34.875	47.5	1.00216275732224
35.125	47.5	1.00216225340317
35.375	47.5	1.00216180194071
35.625	47.5	1.00216140227609
35.875	47.5	1.0021610538275
36.125	47.5	1.00216075608876
36.375	47.5	1.00216050862814
36.625	47.5	1.00216031108739
36.875	47.5	1.00216016318088
37.125	47.5	1.00216006469498
37.375	47.5	1.00216001548753
0.125	48.5	-0.00207254413758247
0.375	48.5	-0.00207251652876522
0.625	48.5	-0.0020724612445133
0.875	48.5	-0.00207237815144985
1.125	48.5	-0.00207226704915484
1.375	48.5	-0.00207212766973862
1.625	48.5	-0.00207195967727158
1.875	48.5	-0.00207176266706854
2.125	48.5	-0.0020715361648262
2.375	48.5	-0.00207127962561147
2.625	48.5	-0.00207099243269821
2.875	48.5	-0.00207067389624964
3.125	48.5	-0.00207032325184296
3.375	48.5	-0.00206993965883273
3.625	48.5	-0.00206952219854873
3.875	48.5	-0.00206906987232364
4.125	48.5	-0.00206858159934552
4.375	48.5	-0.00206805621432901
4.625	48.5	-0.00206749246499869
4.875	48.5	-0.00206688900937661
5.125	48.5	-0.00206624441286451
5.375	48.5	-0.00206555714510869
5.625	48.5	-0.00206482557663198
5.875	48.5	-0.00206404797521145
6.125	48.5	-0.00206322250197134
6.375	48.5	-0.00206234720714601
6.625	48.5	-0.00206142002544397
6.875	48.5	-0.0020604387709047
7.125	48.5	-0.00205940113107644
7.375	48.5	-0.00205830466023824
7.625	48.5	-0.00205714677121761
7.875	48.5	-0.00205592472507248
8.125	48.5	-0.00205463561744149
8.375	48.5	-0.0020532763596021
8.625	48.5	-0.00205184365101816
8.875	48.5	-0.00205033393808902
9.125	48.5	-0.00204874335040591
9.375	48.5	-0.00204706760021628
9.625	48.5	-0.00204530182157171
9.875	48.5	-0.00204344031045261
10.125	48.5	-0.00204147610217623
10.375	48.5	-0.00203940028127066
10.625	48.5	-0.00203720085131656
10.875	48.5	-0.00203486088086858
11.125	48.5	-0.00203235545824454
11.375	48.5	-0.00202964668626056
11.625	48.5	-0.00202667545144696
11.875	48.5	-0.00202334788510184
12.125	48.5	-0.00201951308870647
12.375	48.5	-0.0020149264831019
12.625	48.5	-0.00200918949896877
12.875	48.5	-0.00200165033365606
13.125	48.5	-0.00199124064021369
13.375	48.5	-0.00197620679666898
13.625	48.5	-0.00195366773440624
13.875	48.5	-0.00191888747073748
14.125	48.5	-0.00186407850433984
14.375	48.5	-0.00177643417181978
14.625	48.5	-0.00163489487236092
14.875	48.5	-0.00140483810323958
15.125	48.5	-0.0010293719243677
15.375	48.5	-0.000415093206695781
15.625	48.5	0.000591116628514211
15.875	48.5	0.00223965135776838
16.125	48.5	0.00493831153838453
16.375	48.5	0.00934679210360063
16.625	48.5	0.01652041583063
16.875	48.5	0.0281162822934709
17.125	48.5	0.0466563954973489
17.375	48.5	0.0757797169177698
17.625	48.5	0.120264191679379
17.875	48.5	0.185342360747095
18.125	48.5	0.274660287458325
18.375	48.5	0.38683369517258
18.625	48.5	0.512671134199089
18.875	48.5	0.63692297145774
19.125	48.5	0.745096109075827
19.375	48.5	0.82957823205488
19.625	48.5	0.890258089897845
19.875	48.5	0.931328548199325
20.125	48.5	0.958041637260001
20.375	48.5	0.974974854271872
20.625	48.5	0.985535197569388
20.875	48.5	0.992054129359909
21.125	48.5	0.996052418290131
21.375	48.5	0.998494456212549
21.625	48.5	0.999981606953959
21.875	48.5	1.00088508681384
22.125	48.5	1.00143264791659
22.375	48.5	1.00176350631386
22.625	48.5	1.00196256790135
22.875	48.5	1.00208154416859
23.125	48.5	1.00215190264382
23.375	48.5	1.00219278126483
23.625	48.5	1.00221581469266
23.875	48.5	1.00222807366281
24.125	48.5	1.00223385372499
24.375	48.5	1.00223576326447
24.625	48.5	1.00223538511413
24.875	48.5	1.00223367880258
25.125	48.5	1.00223122508759
25.375	48.5	1.0022283746014
25.625	48.5	1.00222533820365
25.875	48.5	1.00222224189888
26.125	48.5	1.00221916021406
26.375	48.5	1.00221613648293
26.625	48.5	1.00221319517173
26.875	48.5	1.00221034936742
27.125	48.5	1.00220760532553
27.375	48.5	1.00220496523092
27.625	48.5	1.00220242887228
27.875	48.5	1.00219999465671
28.125	48.5	1.00219766022302
28.375	48.5	1.00219542281159
28.625	48.5	1.00219327948611
28.875	48.5	1.00219122726561
29.125	48.5	1.00218926320202
29.375	48.5	1.00218738442473
29.625	48.5	1.00218558816531
29.875	48.5	1.00218387177016
30.125	48.5	1.00218223270604
30.375	48.5	1.00218066856138
30.625	48.5	1.00217917704505
30.875	48.5	1.00217775598377
31.125	48.5	1.00217640331878
31.375	48.5	1.00217511710211
31.625	48.5	1.00217389549277
31.875	48.5	1.0021727367529
32.125	48.5	1.00217163924405
32.375	48.5	1.00217060142359
32.625	48.5	1.00216962184127
32.875	48.5	1.00216869913597
33.125	48.5	1.00216783203264
33.375	48.5	1.00216701933939
33.625	48.5	1.00216625994481
33.875	48.5	1.00216555281541
34.125	48.5	1.00216489699328
34.375	48.5	1.0021642915939
34.625	48.5	1.00216373580414
34.875	48.5	1.00216322888036
35.125	48.5	1.00216277014674
35.375	48.5	1.00216235899372
35.625	48.5	1.00216199487661
35.875	48.5	1.00216167731435
36.125	48.5	1.00216140588838
36.375	48.5	1.00216118024171
36.625	48.5	1.00216100007809
36.875	48.5	1.00216086516133
37.125	48.5	1.00216077531477
37.375	48.5	1.00216073042084
0.125	49.5	-0.00207282542493622
0.375	49.5	-0.00207280347190809
0.625	49.5	-0.00207275951406868
0.875	49.5	-0.00207269344774583
1.125	49.5	-0.00207260511716694
1.375	49.5	-0.00207249431414114
1.625	49.5	-0.00207236077763436
1.875	49.5	-0.00207220419323613
2.125	49.5	-0.00207202419251704
2.375	49.5	-0.00207182035227517
2.625	49.5	-0.00207159219366982
2.875	49.5	-0.00207133918124041
3.125	49.5	-0.00207106072180825
3.375	49.5	-0.00207075616325847
3.625	49.5	-0.00207042479319909
3.875	49.5	-0.00207006583749384
4.125	49.5	-0.00206967845866499
4.375	49.5	-0.00206926175416164
4.625	49.5	-0.00206881475448854
4.875	49.5	-0.00206833642118913
5.125	49.5	-0.00206782564467538
5.375	49.5	-0.00206728124189428
5.625	49.5	-0.00206670195381788
5.875	49.5	-0.00206608644273768
6.125	49.5	-0.00206543328933577
6.375	49.5	-0.00206474098949025
6.625	49.5	-0.00206400795074919
6.875	49.5	-0.00206323248836847
7.125	49.5	-0.00206241282074587
7.375	49.5	-0.00206154706397952
7.625	49.5	-0.00206063322510824
7.875	49.5	-0.00205966919331027
8.125	49.5	-0.00205865272787514
8.375	49.5	-0.00205758144100331
8.625	49.5	-0.00205645277223771
8.875	49.5	-0.00205526394927372
9.125	49.5	-0.00205401192650752
9.375	49.5	-0.00205269328711022
9.625	49.5	-0.0020513040852438
9.875	49.5	-0.00204983958994173
10.125	49.5	-0.00204829386733761
10.375	49.5	-0.00204665909704635
10.625	49.5	-0.00204492445122626
10.875	49.5	-0.00204307425413276
11.125	49.5	-0.00204108495776427
11.375	49.5	-0.00203892016933625
11.625	49.5	-0.00203652247283506
11.875	49.5	-0.00203379997479134
12.125	49.5	-0.00203060416797164
12.375	49.5	-0.00202669350745603
12.625	49.5	-0.00202167347470925
12.875	49.5	-0.00201489795080413
13.125	49.5	-0.00200530692368458
13.375	49.5	-0.00199115944051816
13.625	49.5	-0.00196959421868822
13.875	49.5	-0.00193590677830342
14.125	49.5	-0.0018823604386256
14.375	49.5	-0.00179623122497545
14.625	49.5	-0.00165659479005804
14.875	49.5	-0.00142905051307587
15.125	49.5	-0.00105707085256412
15.375	49.5	-0.000447850829751458
15.625	49.5	0.000550748519693561
15.875	49.5	0.00218752401192136
16.125	49.5	0.00486769398210394
16.375	49.5	0.0092468355432838
16.625	49.5	0.01637385799248
16.875	49.5	0.0278962721547473
17.125	49.5	0.0463227681693339
17.375	49.5	0.075276349646189
17.625	49.5	0.119521852542805
17.875	49.5	0.184295246927769
18.125	49.5	0.273283929656172
18.375	49.5	0.385194383343089
18.625	49.5	0.510941612913275
18.875	49.5	0.635319299001593
19.125	49.5	0.743774632859439
19.375	49.5	0.828586627872545
19.625	49.5	0.88956128268606
19.875	49.5	0.930858248716226
20.125	49.5	0.957730342135634
20.375	49.5	0.974769295563209
20.625	49.5	0.985397775121331
20.875	49.5	0.991959890347986
21.125	49.5	0.995985381553763
21.375	49.5	0.998444595607792
21.625	49.5	0.999942705035001
21.875	49.5	1.00085331021219
22.125	49.5	1.00140563676222
22.375	49.5	1.00173980467077
22.625	49.5	1.00194127202886
22.875	49.5	1.00206208696506
23.125	49.5	1.002133922162
23.375	49.5	1.00217604073534
23.625	49.5	1.00220015395757
23.875	49.5	1.00221337970765
24.125	49.5	1.00222004280164
24.375	49.5	1.00222277004004
24.625	49.5	1.00222315607561
24.875	49.5	1.00222216823814
25.125	49.5	1.00222039262739
25.375	49.5	1.00221818370276
25.625	49.5	1.00221575520794
25.875	49.5	1.0022132354352
26.125	49.5	1.00221070081341
26.375	49.5	1.00220819632067
26.625	49.5	1.00220574788851
26.875	49.5	1.00220336993851
27.125	49.5	1.00220106996036
27.375	49.5	1.00219885129171
27.625	49.5	1.00219671480522
27.875	49.5	1.00219465993139
28.125	49.5	1.00219268527788
28.375	49.5	1.00219078900353
28.625	49.5	1.00218896904361
28.875	49.5	1.00218722324449
29.125	49.5	1.00218554944356
29.375	49.5	1.00218394551587
29.625	49.5	1.00218240940067
29.875	49.5	1.00218093911579
30.125	49.5	1.00217953276477
30.375	49.5	1.00217818853961
30.625	49.5	1.00217690472098
30.875	49.5	1.00217567967696
31.125	49.5	1.00217451186092
31.375	49.5	1.002173399809
31.625	49.5	1.0021723421374
31.875	49.5	1.00217133753961
32.125	49.5	1.00217038478365
32.375	49.5	1.00216948270944
32.625	49.5	1.00216863022625
32.875	49.5	1.00216782631029
33.125	49.5	1.0021670700024
33.375	49.5	1.0021663604059
33.625	49.5	1.00216569668458
33.875	49.5	1.00216507806081
34.125	49.5	1.00216450381378
34.375	49.5	1.00216397327783
34.625	49.5	1.00216348584099
34.875	49.5	1.00216304094359
35.125	49.5	1.00216263807692
35.375	49.5	1.00216227678216
35.625	49.5	1.00216195664929
35.875	49.5	1.00216167731615
36.125	49.5	1.00216143846766
36.375	49.5	1.00216123983504
36.625	49.5	1.00216108119526
36.875	49.5	1.0021609623705
37.125	49.5	1.00216088322773
37.375	49.5	1.00216084367845
0.125	50.5	-0.00207360763125608
0.375	50.5	-0.00207359213578245
0.625	50.5	-0.00207356110966124
0.875	50.5	-0.00207351448247896
1.125	50.5	-0.00207345214845164
1.375	50.5	-0.00207337396622807
1.625	50.5	-0.00207327975862666
1.875	50.5	-0.00207316931230545
2.125	50.5	-0.00207304237736443
2.375	50.5	-0.00207289866687928
2.625	50.5	-0.00207273785636562
2.875	50.5	-0.00207255958317234
3.125	50.5	-0.00207236344580279
3.375	50.5	-0.0020721490031622
3.625	50.5	-0.00207191577372949
3.875	50.5	-0.00207166323465146
4.125	50.5	-0.00207139082075699
4.375	50.5	-0.00207109792348841
4.625	50.5	-0.00207078388974678
4.875	50.5	-0.00207044802064667
5.125	50.5	-0.00207008957017507
5.375	50.5	-0.0020697077437466
5.625	50.5	-0.00206930169664408
5.875	50.5	-0.00206887053232832
6.125	50.5	-0.00206841330059204
6.375	50.5	-0.00206792899551889
6.625	50.5	-0.00206741655318541
6.875	50.5	-0.00206687484900561
7.125	50.5	-0.00206630269455551
7.375	50.5	-0.00206569883361239
7.625	50.5	-0.00206506193697449
7.875	50.5	-0.00206439059534965
8.125	50.5	-0.00206368330914412
8.375	50.5	-0.00206293847323153
8.625	50.5	-0.00206215435354513
8.875	50.5	-0.00206132905030081
9.125	50.5	-0.00206046043930974
9.375	50.5	-0.00205954607732697
9.625	50.5	-0.00205858304831261
9.875	50.5	-0.00205756771255499
10.125	50.5	-0.00205649529604142
10.375	50.5	-0.00205535921703793
10.625	50.5	-0.00205414998031576
10.875	50.5	-0.00205285335998817
11.125	50.5	-0.00205144741176673
11.375	50.5	-0.00204989755897991
11.625	50.5	-0.00204814850882872
11.875	50.5	-0.00204611095252339
12.125	50.5	-0.00204363968183905
12.375	50.5	-0.00204049758073022
12.625	50.5	-0.00203629637362137
12.875	50.5	-0.00203039912662053
13.125	50.5	-0.00202175981563798
13.375	50.5	-0.00200865934961705
13.625	50.5	-0.00198827124955826
13.875	50.5	-0.00195594714368056
14.125	50.5	-0.00190404155727784
14.375	50.5	-0.00181997955439361
14.625	50.5	-0.00168308108777316
14.875	50.5	-0.00145934660239892
15.125	50.5	-0.00109290715133572
15.375	50.5	-0.000492038151857939
15.625	50.5	0.000493631509637336
15.875	50.5	0.00211001953365297
16.125	50.5	0.00475769330257993
16.375	50.5	0.00908481932676959
16.625	50.5	0.0161287717125068
16.875	50.5	0.027519817746859
17.125	50.5	0.045742689293406
17.375	50.5	0.0743916011976003
17.625	50.5	0.118207508222406
17.875	50.5	0.182431825409595
18.125	50.5	0.270825161486994
18.375	50.5	0.382256558352764
18.625	50.5	0.507833902078602
18.875	50.5	0.632432300971605
19.125	50.5	0.741394099698512
19.375	50.5	0.826802275772828
19.625	50.5	0.888311717448382
19.875	50.5	0.930020461605632
20.125	50.5	0.957181893448441
20.375	50.5	0.974413227907266
20.625	50.5	0.985165499602195
20.875	50.5	0.991805820556453
21.125	50.5	0.995880291236628
21.375	50.5	0.998370138054585
21.625	50.5	0.999887502465853
21.875	50.5	1.00081035296967
22.125	50.5	1.00137061827666
22.375	50.5	1.00171007846839
22.625	50.5	1.0019152067106
22.875	50.5	1.00203867035127
23.125	50.5	1.00211251947535
23.375	50.5	1.00215624729395
23.625	50.5	1.00218170558889
23.875	50.5	1.0021960983144
24.125	50.5	1.00220380329786
24.375	50.5	1.00220748026413
24.625	50.5	1.00220874457824
24.875	50.5	1.00220857684695
25.125	50.5	1.00220757190866
25.375	50.5	1.00220609017999
25.625	50.5	1.00220434964628
25.875	50.5	1.00220248177273
26.125	50.5	1.00220056548558
26.375	50.5	1.00219864782396
26.625	50.5	1.00219675649015
26.875	50.5	1.00219490747572
27.125	50.5	1.00219310969495
27.375	50.5	1.00219136779916
27.625	50.5	1.00218968388562
27.875	50.5	1.00218805853463
28.125	50.5	1.00218649143833
28.375	50.5	1.00218498178132
28.625	50.5	1.00218352847074
28.875	50.5	1.00218213027469
29.125	50.5	1.00218078590514
29.375	50.5	1.00217949406707
29.625	50.5	1.00217825348726
29.875	50.5	1.00217706293066
30.125	50.5	1.00217592120928
30.375	50.5	1.00217482718672
30.625	50.5	1.00217377977989
30.875	50.5	1.00217277795923
31.125	50.5	1.00217182074801
31.375	50.5	1.00217090722111
31.625	50.5	1.00217003650354
31.875	50.5	1.00216920776886
32.125	50.5	1.00216842023754
32.375	50.5	1.00216767317532
32.625	50.5	1.00216696589171
32.875	50.5	1.00216629773842
33.125	50.5	1.00216566810802
33.375	50.5	1.00216507643251
33.625	50.5	1.00216452218213
33.875	50.5	1.00216400486415
34.125	50.5	1.00216352402177
34.375	50.5	1.00216307923309
34.625	50.5	1.00216267011021
34.875	50.5	1.00216229629829
35.125	50.5	1.00216195747482
35.375	50.5	1.00216165334885
35.625	50.5	1.00216138366035
35.875	50.5	1.00216114817966
36.125	50.5	1.00216094670692
36.375	50.5	1.00216077907166
36.625	50.5	1.00216064513239
36.875	50.5	1.00216054477631
37.125	50.5	1.00216047791904
37.375	50.5	1.00216044450443
0.125	51.5	-0.00207478278850843
0.375	51.5	-0.00207477427598091
0.625	51.5	-0.00207475723346762
0.875	51.5	-0.00207473162602912
1.125	51.5	-0.00207469740119913
1.375	51.5	-0.00207465448891596
1.625	51.5	-0.00207460280143084
1.875	51.5	-0.00207454223319309
2.125	51.5	-0.00207447266071173
2.375	51.5	-0.00207439394239352
2.625	51.5	-0.00207430591835689
2.875	51.5	-0.00207420841022169
3.125	51.5	-0.00207410122087409
3.375	51.5	-0.00207398413420637
3.625	51.5	-0.00207385691483089
3.875	51.5	-0.00207371930776759
4.125	51.5	-0.00207357103810427
4.375	51.5	-0.00207341181062821
4.625	51.5	-0.00207324130942788
4.875	51.5	-0.00207305919746209
5.125	51.5	-0.0020728651160933
5.375	51.5	-0.00207265868457965
5.625	51.5	-0.00207243949951718
5.875	51.5	-0.00207220713421875
6.125	51.5	-0.00207196113800765
6.375	51.5	-0.00207170103539025
6.625	51.5	-0.00207142632504935
6.875	51.5	-0.00207113647856256
7.125	51.5	-0.00207083093868879
7.375	51.5	-0.002070509116965
7.625	51.5	-0.002070170390189
7.875	51.5	-0.00206981409509121
8.125	51.5	-0.00206943952004779
8.375	51.5	-0.00206904589194763
8.625	51.5	-0.00206863235510722
8.875	51.5	-0.00206819793712246
9.125	51.5	-0.00206774149324697
9.375	51.5	-0.00206726161545758
9.625	51.5	-0.00206675648343263
9.875	51.5	-0.00206622361996712
10.125	51.5	-0.00206565948915478
10.375	51.5	-0.00206505883585572
10.625	51.5	-0.00206441359945516
10.875	51.5	-0.00206371112711517
11.125	51.5	-0.00206293123432385
11.375	51.5	-0.00206204136863463
11.625	51.5	-0.00206098865213941
11.875	51.5	-0.00205968678780309
12.125	51.5	-0.00205799451417508
12.375	51.5	-0.00205568015292007
12.625	51.5	-0.0020523632724052
12.875	51.5	-0.00204741869729441
13.125	51.5	-0.00203981856369929
13.375	51.5	-0.00202787244398302
13.625	51.5	-0.00200879979011228
13.875	51.5	-0.00197802658252344
14.125	51.5	-0.00192802850396416
14.375	51.5	-0.00184642886145177
14.625	51.5	-0.00171287275477369
14.875	51.5	-0.00149389449509899
15.125	51.5	-0.00113450168779144
15.375	51.5	-0.000544407298162618
15.625	51.5	0.000424408310330755
15.875	51.5	0.00201403442827891
16.125	51.5	0.00461885533540651
16.375	51.5	0.00887718595261818
16.625	51.5	0.0158110607565367
16.875	51.5	0.0270277948534344
17.125	51.5	0.0449801611761192
17.375	51.5	0.073223776494142
17.625	51.5	0.116467043111555
17.875	51.5	0.179957046597761
18.125	51.5	0.267549675611437
18.375	51.5	0.378329495381798
18.625	51.5	0.503664717305264
18.875	51.5	0.628546287372084
19.125	51.5	0.738181730214244
19.375	51.5	0.824391176162186
19.625	51.5	0.886623301361565
19.875	51.5	0.928890259867543
20.125	51.5	0.956444616554793
20.375	51.5	0.973937411770869
20.625	51.5	0.984857921426329
20.875	51.5	0.991604434213114
21.125	51.5	0.995745284791761
21.375	51.5	0.998276508626019
21.625	51.5	0.999819742676283
21.875	51.5	1.0007589113455
22.125	51.5	1.00132963086889
22.375	51.5	1.00167594689005
22.625	51.5	1.00188571824723
22.875	51.5	1.00201245770061
23.125	51.5	1.00208873056863
23.375	51.5	1.0021343440762
23.625	51.5	1.00216134159534
23.875	51.5	1.00217704425636
24.125	51.5	1.00218590184873
24.375	51.5	1.00219061858606
24.625	51.5	1.00219283761981
24.875	51.5	1.00219355717783
25.125	51.5	1.00219338352065
25.375	51.5	1.00219268469482
25.625	51.5	1.00219168398399
25.875	51.5	1.00219051670684
26.125	51.5	1.00218926473716
26.375	51.5	1.00218797748352
26.625	51.5	1.00218668463955
26.875	51.5	1.00218540393246
27.125	51.5	1.00218414583175
27.375	51.5	1.00218291641031
27.625	51.5	1.00218171908273
27.875	51.5	1.00218055566117
28.125	51.5	1.00217942699657
28.375	51.5	1.00217833336772
28.625	51.5	1.00217727471726
28.875	51.5	1.00217625079466
29.125	51.5	1.00217526124256
29.375	51.5	1.00217430564885
29.625	51.5	1.00217338357794
29.875	51.5	1.00217249458925
30.125	51.5	1.00217163824823
30.375	51.5	1.00217081413253
30.625	51.5	1.00217002183553
30.875	51.5	1.00216926096815
31.125	51.5	1.00216853115956
31.375	51.5	1.00216783205745
31.625	51.5	1.00216716332782
31.875	51.5	1.00216652465464
32.125	51.5	1.00216591573943
32.375	51.5	1.00216533630072
32.625	51.5	1.00216478607354
32.875	51.5	1.00216426480892
33.125	51.5	1.00216377227338
33.375	51.5	1.00216330824846
33.625	51.5	1.00216287253024
33.875	51.5	1.00216246492895
34.125	51.5	1.00216208526856
34.375	51.5	1.0021617333864
34.625	51.5	1.00216140913279
34.875	51.5	1.0021611123708
35.125	51.5	1.00216084297589
35.375	51.5	1.00216060083565
35.625	51.5	1.00216038584961
35.875	51.5	1.00216019792897
36.125	51.5	1.00216003699645
36.375	51.5	1.00215990298612
36.625	51.5	1.00215979584323
36.875	51.5	1.00215971552414
37.125	51.5	1.00215966199618
37.375	51.5	1.00215963523763
0.125	52.5	-0.00207623424244901
0.375	52.5	-0.00207623294352514
0.625	52.5	-0.0020762303463333
0.875	52.5	-0.00207622645220554
1.125	52.5	-0.00207622126319109
1.375	52.5	-0.00207621478211777
1.625	52.5	-0.00207620701267436
1.875	52.5	-0.0020761979595139
2.125	52.5	-0.00207618762837848
2.375	52.5	-0.00207617602624563
2.625	52.5	-0.00207616316149706
2.875	52.5	-0.00207614904411001
3.125	52.5	-0.00207613368587192
3.375	52.5	-0.00207611710061895
3.625	52.5	-0.00207609930449908
3.875	52.5	-0.00207608031626028
4.125	52.5	-0.0020760601575645
4.375	52.5	-0.00207603885332777
4.625	52.5	-0.00207601643208663
4.875	52.5	-0.0020759929263903
5.125	52.5	-0.00207596837321728
5.375	52.5	-0.00207594281441313
5.625	52.5	-0.0020759162971433
5.875	52.5	-0.00207588887435026
6.125	52.5	-0.0020758606051957
6.375	52.5	-0.00207583155545563
6.625	52.5	-0.00207580179781387
6.875	52.5	-0.00207577141196294
7.125	52.5	-0.00207574048436149
7.375	52.5	-0.0020757091073981
7.625	52.5	-0.00207567737754847
7.875	52.5	-0.00207564539184433
8.125	52.5	-0.00207561324153088
8.375	52.5	-0.0020755810010618
8.625	52.5	-0.00207554870938464
8.875	52.5	-0.00207551633849932
9.125	52.5	-0.0020754837410316
9.375	52.5	-0.00207545056323037
9.625	52.5	-0.0020754161010213
9.875	52.5	-0.0020753790623091
10.125	52.5	-0.00207533717495892
10.375	52.5	-0.00207528654078817
10.625	52.5	-0.00207522057156391
10.875	52.5	-0.00207512823713841
11.125	52.5	-0.00207499118166378
11.375	52.5	-0.00207477897720374
11.625	52.5	-0.00207444131244094
11.875	52.5	-0.00207389513816585
12.125	52.5	-0.00207300351438594
12.375	52.5	-0.00207154080302359
12.625	52.5	-0.00206913539362523
12.875	52.5	-0.00206517546283762
13.125	52.5	-0.00205865391375666
13.375	52.5	-0.00204791325537495
13.625	52.5	-0.00203022588392805
13.875	52.5	-0.0020011036501707
14.125	52.5	-0.00195316231664898
14.375	52.5	-0.00187425452104344
14.625	52.5	-0.00174440157404112
14.875	52.5	-0.00153075548769143
15.125	52.5	-0.00117933793166552
15.375	52.5	-0.000601524629511755
15.625	52.5	0.000347984686385072
15.875	52.5	0.00190685248059772
16.125	52.5	0.00446231339884058
16.375	52.5	0.00864128800425949
16.625	52.5	0.0154480571908052
16.875	52.5	0.0264633341759147
17.125	52.5	0.04410274260621
17.375	52.5	0.0718767399505969
17.625	52.5	0.114454861767706
17.875	52.5	0.177088454453336
18.125	52.5	0.263740684449131
18.375	52.5	0.373744681007748
18.625	52.5	0.498775618196555
18.875	52.5	0.62396966136505
19.125	52.5	0.734385153615199
19.375	52.5	0.821534826793809
19.625	52.5	0.884620820402261
19.875	52.5	0.92754996630837
20.125	52.5	0.955571516084688
20.375	52.5	0.973375575036942
20.625	52.5	0.984496459707945
20.875	52.5	0.991369424306614
21.125	52.5	0.995589250555322
21.375	52.5	0.998169619593457
21.625	52.5	0.999743494098814
21.875	52.5	1.00070190664322
22.125	52.5	1.00128487603265
22.375	52.5	1.0016391533976
22.625	52.5	1.00185425251635
22.875	52.5	1.0019846958665
23.125	52.5	1.00206366407675
23.375	52.5	1.0021113392803
23.625	52.5	1.00213999347522
23.875	52.5	1.00215708749186
24.125	52.5	1.00216715678461
24.375	52.5	1.00217295839854
24.625	52.5	1.00217616835766
24.875	52.5	1.00217780561819
25.125	52.5	1.00217848976755
25.375	52.5	1.00217859765577
25.625	52.5	1.00217835859345
25.875	52.5	1.00217791221036
26.125	52.5	1.00217734361997
26.375	52.5	1.00217670479121
26.625	52.5	1.00217602753775
26.875	52.5	1.00217533141261
27.125	52.5	1.0021746285066
27.375	52.5	1.00217392636509
27.625	52.5	1.00217322976098
27.875	52.5	1.00217254177283
28.125	52.5	1.00217186444036
28.375	52.5	1.00217119916332
28.625	52.5	1.00217054694424
28.875	52.5	1.00216990853637
29.125	52.5	1.00216928453389
29.375	52.5	1.00216867542715
29.625	52.5	1.00216808163648
29.875	52.5	1.00216750353307
30.125	52.5	1.002166941452
30.375	52.5	1.00216639570036
30.625	52.5	1.0021658665625
30.875	52.5	1.00216535430343
31.125	52.5	1.00216485917117
31.375	52.5	1.00216438139836
31.625	52.5	1.00216392120347
31.875	52.5	1.00216347879172
32.125	52.5	1.00216305435584
32.375	52.5	1.00216264807671
32.625	52.5	1.00216226012389
32.875	52.5	1.00216189065615
33.125	52.5	1.00216153982186
33.375	52.5	1.00216120775945
33.625	52.5	1.00216089459774
33.875	52.5	1.0021606004563
34.125	52.5	1.00216032544577
34.375	52.5	1.00216006966817
34.625	52.5	1.00215983321713
34.875	52.5	1.00215961617815
35.125	52.5	1.00215941862886
35.375	52.5	1.00215924063918
35.625	52.5	1.00215908227151
35.875	52.5	1.00215894358093
36.125	52.5	1.00215882461532
36.375	52.5	1.00215872541546
36.625	52.5	1.00215864601521
36.875	52.5	1.00215858644152
37.125	52.5	1.00215854671456
37.375	52.5	1.00215852684773
0.125	53.5	-0.00207784155828477
0.375	53.5	-0.00207784740229857
0.625	53.5	-0.00207785910877617
0.875	53.5	-0.00207787671468006
1.125	53.5	-0.0020779002756105
1.375	53.5	-0.00207792986599379
1.625	53.5	-0.00207796557933409
1.875	53.5	-0.00207800752852935
2.125	53.5	-0.00207805584625233
2.375	53.5	-0.00207811068539746
2.625	53.5	-0.0020781722195949
2.875	53.5	-0.00207824064379295
3.125	53.5	-0.00207831617491042
3.375	53.5	-0.00207839905256043
3.625	53.5	-0.00207848953984756
3.875	53.5	-0.00207858792424008
4.125	53.5	-0.00207869451851933
4.375	53.5	-0.00207880966180801
4.625	53.5	-0.00207893372067922
4.875	53.5	-0.00207906709034749
5.125	53.5	-0.00207921019594216
5.375	53.5	-0.00207936349386218
5.625	53.5	-0.00207952747320823
5.875	53.5	-0.00207970265728393
6.125	53.5	-0.0020798896051498
6.375	53.5	-0.00208008891320071
6.625	53.5	-0.00208030121671623
6.875	53.5	-0.0020805271912973
7.125	53.5	-0.00208076755404427
7.375	53.5	-0.00208102306423392
7.625	53.5	-0.00208129452309355
7.875	53.5	-0.00208158277200693
8.125	53.5	-0.00208188868805332
8.375	53.5	-0.00208221317506782
8.625	53.5	-0.00208255714723697
8.875	53.5	-0.00208292150031171
9.125	53.5	-0.00208330706234098
9.375	53.5	-0.0020837145105979
9.625	53.5	-0.0020841442327633
9.875	53.5	-0.00208459609626912
10.125	53.5	-0.00208506906640099
10.375	53.5	-0.00208556057541778
10.625	53.5	-0.00208606548185853
10.875	53.5	-0.00208657435540629
11.125	53.5	-0.00208707065188737
11.375	53.5	-0.00208752606197184
11.625	53.5	-0.00208789285477644
11.875	53.5	-0.00208809127682417
12.125	53.5	-0.00208798881514277
12.375	53.5	-0.00208736607393091
12.625	53.5	-0.00208586062612239
12.875	53.5	-0.00208287462733949
13.125	53.5	-0.00207742281099609
13.375	53.5	-0.00206788240365952
13.625	53.5	-0.00205158170539787
13.875	53.5	-0.00202412333085028
14.125	53.5	-0.00197827118727481
14.375	53.5	-0.0019021205052156
14.625	53.5	-0.00177609058067456
14.875	53.5	-0.00156798683143111
15.125	53.5	-0.0012249034671509
15.375	53.5	-0.000659974597941176
15.625	53.5	0.000269224611598182
15.875	53.5	0.00179567591975458
16.125	53.5	0.00429905345599099
16.375	53.5	0.00839422409534247
16.625	53.5	0.015066672195449
16.875	53.5	0.0258688993507974
17.125	53.5	0.0431770012051609
17.375	53.5	0.0704530368023848
17.625	53.5	0.112323968218307
17.875	53.5	0.174042906875473
18.125	53.5	0.259682997441065
18.375	53.5	0.368839380109491
18.625	53.5	0.493518865382731
18.875	53.5	0.619024825950836
19.125	53.5	0.730266263079284
19.375	53.5	0.818426861659787
19.625	53.5	0.882438187084866
19.875	53.5	0.926088234607467
20.125	53.5	0.954619770573223
20.375	53.5	0.972764114164236
20.625	53.5	0.984104210568147
20.875	53.5	0.991115529535536
21.125	53.5	0.995421728630018
21.375	53.5	0.998055791979276
21.625	53.5	0.999663084905186
21.875	53.5	1.00064242873118
22.125	53.5	1.00123866798396
22.375	53.5	1.00160151983093
22.625	53.5	1.00182231248632
22.875	53.5	1.00195667543448
23.125	53.5	1.00203846382867
23.375	53.5	1.00208827070013
23.625	53.5	1.00211861852576
23.875	53.5	1.00213712109434
24.125	53.5	1.00214840756282
24.375	53.5	1.00215529267542
24.625	53.5	1.00215948827224
24.875	53.5	1.00216203581386
25.125	53.5	1.00216356928217
25.375	53.5	1.00216447496856
25.625	53.5	1.00216498858799
25.875	53.5	1.00216525430092
26.125	53.5	1.00216536058456
26.375	53.5	1.00216536203466
26.625	53.5	1.00216529261656
26.875	53.5	1.00216517371998
27.125	53.5	1.00216501905564
27.375	53.5	1.00216483763271
27.625	53.5	1.00216463556976
27.875	53.5	1.00216441719679
28.125	53.5	1.00216418572639
28.375	53.5	1.00216394366298
28.625	53.5	1.00216369305273
28.875	53.5	1.00216343563676
29.125	53.5	1.00216317294536
29.375	53.5	1.00216290635635
29.625	53.5	1.00216263713165
29.875	53.5	1.00216236644047
30.125	53.5	1.00216209537438
30.375	53.5	1.00216182495734
30.625	53.5	1.0021615561527
30.875	53.5	1.00216128986823
31.125	53.5	1.00216102695997
31.375	53.5	1.00216076823526
31.625	53.5	1.00216051445532
31.875	53.5	1.00216026633742
32.125	53.5	1.00216002455682
32.375	53.5	1.00215978974856
32.625	53.5	1.00215956250901
32.875	53.5	1.00215934339741
33.125	53.5	1.00215913293719
33.375	53.5	1.00215893161729
33.625	53.5	1.00215873989332
33.875	53.5	1.00215855818867
34.125	53.5	1.00215838689553
34.375	53.5	1.00215822637584
34.625	53.5	1.00215807696216
34.875	53.5	1.00215793895848
35.125	53.5	1.00215781264093
35.375	53.5	1.00215769825847
35.625	53.5	1.0021575960335
35.875	53.5	1.00215750616236
36.125	53.5	1.00215742881582
36.375	53.5	1.00215736413951
36.625	53.5	1.00215731225424
36.875	53.5	1.00215727325632
37.125	53.5	1.00215724721779
37.375	53.5	1.00215723418656
0.125	54.5	-0.00207948553463785
0.375	54.5	-0.00207949815495218
0.625	54.5	-0.00207952343080482
0.875	54.5	-0.00207956143274571
1.125	54.5	-0.00207961226685487
1.375	54.5	-0.00207967607504926
1.625	54.5	-0.00207975303549308
1.875	54.5	-0.00207984336311252
2.125	54.5	-0.00207994731021626
2.375	54.5	-0.00208006516722326
2.625	54.5	-0.00208019726349946
2.875	54.5	-0.00208034396830565
3.125	54.5	-0.00208050569185858
3.375	54.5	-0.00208068288650795
3.625	54.5	-0.0020808760480321
3.875	54.5	-0.00208108571705526
4.125	54.5	-0.00208131248058963
4.375	54.5	-0.00208155697370535
4.625	54.5	-0.00208181988133172
4.875	54.5	-0.00208210194019236
5.125	54.5	-0.00208240394087644
5.375	54.5	-0.00208272673004671
5.625	54.5	-0.00208307121278258
5.875	54.5	-0.00208343835505181
6.125	54.5	-0.0020838291862972
6.375	54.5	-0.00208424480211178
6.625	54.5	-0.00208468636695523
6.875	54.5	-0.00208515511682928
7.125	54.5	-0.00208565236177228
7.375	54.5	-0.00208617948793829
7.625	54.5	-0.00208673795886908
7.875	54.5	-0.00208732931530958
8.125	54.5	-0.00208795517249226
8.375	54.5	-0.00208861721311637
8.625	54.5	-0.00208931717309664
8.875	54.5	-0.00209005681526134
9.125	54.5	-0.00209083788306214
9.375	54.5	-0.00209166202122822
9.625	54.5	-0.00209253064185713
9.875	54.5	-0.00209344470054732
10.125	54.5	-0.00209440432432939
10.375	54.5	-0.00209540819555983
10.625	54.5	-0.00209645253409059
10.875	54.5	-0.00209752941826499
11.125	54.5	-0.00209862401786211
11.375	54.5	-0.00209971003664466
11.625	54.5	-0.00210074220894513
11.875	54.5	-0.00210164394905717
12.125	54.5	-0.0021022870253886
12.375	54.5	-0.00210245811296259
12.625	54.5	-0.00210180375730793
12.875	54.5	-0.00209973982025721
13.125	54.5	-0.00209530249282509
13.375	54.5	-0.00208690318265766
13.625	54.5	-0.00207192528607862
13.875	54.5	-0.0020460609226532
14.125	54.5	-0.00200222013142525
14.375	54.5	-0.00192873746211461
14.625	54.5	-0.00180642481535289
14.875	54.5	-0.00160373212041277
15.125	54.5	-0.00126881139781749
15.375	54.5	-0.000716530792131003
15.625	54.5	0.000192699142343314
15.875	54.5	0.00168724460237193
16.125	54.5	0.00413932321394897
16.375	54.5	0.00815190887622253
16.625	54.5	0.0146919233801638
16.875	54.5	0.0252839592283431
17.125	54.5	0.0422648743315046
17.375	54.5	0.0690483318734193
17.625	54.5	0.110217794496846
17.875	54.5	0.171025295862325
18.125	54.5	0.255648835566697
18.375	54.5	0.363940939580987
18.625	54.5	0.488242556303207
18.875	54.5	0.614036182168004
19.125	54.5	0.726092725386419
19.375	54.5	0.815267545655191
19.625	54.5	0.880215024382183
19.875	54.5	0.924597958824602
20.125	54.5	0.95364944894963
20.375	54.5	0.972141296300471
20.625	54.5	0.983705441920744
20.875	54.5	0.990858206540845
21.125	54.5	0.995252691484873
21.375	54.5	0.997941602867378
21.625	54.5	0.999582991775501
21.875	54.5	1.00058365089754
22.125	54.5	1.00119336520995
22.375	54.5	1.00156488889179
22.625	54.5	1.00179140808923
22.875	54.5	1.00192968578828
23.125	54.5	1.00201426773554
23.375	54.5	1.00206616756874
23.625	54.5	1.00209816408457
23.875	54.5	1.00211802752439
24.125	54.5	1.00213048281995
24.375	54.5	1.00213840362652
24.625	54.5	1.00214353829245
24.875	54.5	1.00214695116143
25.125	54.5	1.00214929080035
25.375	54.5	1.00215095302005
25.625	54.5	1.00215217995123
25.875	54.5	1.00215312025754
26.125	54.5	1.00215386573041
26.375	54.5	1.00215447353076
26.625	54.5	1.0021549797082
26.875	54.5	1.00215540741941
27.125	54.5	1.00215577192523
27.375	54.5	1.00215608363003
27.625	54.5	1.00215634993133
27.875	54.5	1.00215657634622
28.125	54.5	1.00215676719829
28.375	54.5	1.00215692603735
28.625	54.5	1.00215705589655
28.875	54.5	1.00215715945078
29.125	54.5	1.00215723911482
29.375	54.5	1.00215729710486
29.625	54.5	1.00215733547764
29.875	54.5	1.00215735615586
30.125	54.5	1.00215736094533
30.375	54.5	1.00215735154672
30.625	54.5	1.00215732956428
30.875	54.5	1.00215729651241
31.125	54.5	1.00215725382091
31.375	54.5	1.00215720283946
31.625	54.5	1.00215714484138
31.875	54.5	1.00215708102705
32.125	54.5	1.00215701252699
32.375	54.5	1.00215694040467
32.625	54.5	1.00215686565909
32.875	54.5	1.00215678922726
33.125	54.5	1.00215671198639
33.375	54.5	1.00215663475603
33.625	54.5	1.00215655830003
33.875	54.5	1.00215648332831
34.125	54.5	1.0021564104986
34.375	54.5	1.002156340418
34.625	54.5	1.0021562736444
34.875	54.5	1.00215621068781
35.125	54.5	1.00215615201161
35.375	54.5	1.0021560980336
35.625	54.5	1.00215604912702
35.875	54.5	1.00215600562145
36.125	54.5	1.00215596780357
36.375	54.5	1.00215593591784
36.625	54.5	1.00215591016711
36.875	54.5	1.00215589071308
37.125	54.5	1.00215587767669
37.375	54.5	1.00215587113841
0.125	55.5	-0.0020810531272511
0.375	55.5	-0.00208107187824643
0.625	55.5	-0.00208110943056016
0.875	55.5	-0.00208116588497564
1.125	55.5	-0.00208124139301113
1.375	55.5	-0.00208133615733258
1.625	55.5	-0.00208145043230546
1.875	55.5	-0.00208158452468716
2.125	55.5	-0.00208173879446143
2.375	55.5	-0.00208191365581691
2.625	55.5	-0.00208210957827201
2.875	55.5	-0.00208232708794893
3.125	55.5	-0.00208256676899958
3.375	55.5	-0.0020828292651869
3.625	55.5	-0.00208311528162518
3.875	55.5	-0.00208342558668324
4.125	55.5	-0.00208376101405478
4.375	55.5	-0.00208412246500015
4.625	55.5	-0.00208451091076394
4.875	55.5	-0.00208492739517261
5.125	55.5	-0.00208537303741555
5.375	55.5	-0.0020858490350121
5.625	55.5	-0.0020863566669641
5.875	55.5	-0.00208689729708981
6.125	55.5	-0.00208747237752743
6.375	55.5	-0.00208808345238433
6.625	55.5	-0.00208873216148749
6.875	55.5	-0.00208942024415655
7.125	55.5	-0.00209014954286468
7.375	55.5	-0.00209092200655881
7.625	55.5	-0.00209173969325748
7.875	55.5	-0.00209260477129102
8.125	55.5	-0.00209351951813151
8.375	55.5	-0.00209448631507345
8.625	55.5	-0.0020955076348955
8.875	55.5	-0.0020965860177738
9.125	55.5	-0.0020977240276566
9.375	55.5	-0.00209892417627449
9.625	55.5	-0.00210018879367488
9.875	55.5	-0.00210151981053836
10.125	55.5	-0.00210291839510718
10.375	55.5	-0.00210438435065917
10.625	55.5	-0.00210591511875554
10.875	55.5	-0.00210750413361926
11.125	55.5	-0.0021091381086895
11.375	55.5	-0.00211079256607026
11.625	55.5	-0.00211242447484499
11.875	55.5	-0.00211396013253003
12.125	55.5	-0.00211527522015476
12.375	55.5	-0.00211616198103533
12.625	55.5	-0.00211627521529658
12.875	55.5	-0.00211504342269959
13.125	55.5	-0.00211152261066836
13.375	55.5	-0.0021041557860793
13.625	55.5	-0.00209037731151687
13.875	55.5	-0.00206596213000992
14.125	55.5	-0.00202395552315328
14.375	55.5	-0.0019529135307829
14.625	55.5	-0.00183401138873511
14.875	55.5	-0.0016362954299509
15.125	55.5	-0.00130889642043388
15.375	55.5	-0.000768286774699269
15.625	55.5	0.000122499886280706
15.875	55.5	0.00158755969179046
16.125	55.5	0.00399221067226056
16.375	55.5	0.00792841721094412
16.625	55.5	0.0143459022918166
16.875	55.5	0.0247433561029022
17.125	55.5	0.041421101021717
17.375	55.5	0.0677474236974856
17.625	55.5	0.108264179388441
17.875	55.5	0.168219861351559
18.125	55.5	0.251886181502613
18.375	55.5	0.359352736249177
18.625	55.5	0.483275841719775
18.875	55.5	0.609316724794677
19.125	55.5	0.72212733881172
19.375	55.5	0.812256122456773
19.625	55.5	0.878091506833023
19.875	55.5	0.923172924710119
20.125	55.5	0.952721379952501
20.375	55.5	0.971545914612724
20.625	55.5	0.983324744169915
20.875	55.5	0.990613088884873
21.125	55.5	0.995092193573683
21.375	55.5	0.997833652674111
21.625	55.5	0.999507679885249
21.875	55.5	1.0005287150042
22.125	55.5	1.00115128393413
22.375	55.5	1.00153105561196
22.625	55.5	1.00176299938072
22.875	55.5	1.00190496608718
23.125	55.5	1.0019921641961
23.375	55.5	1.00204601090704
23.625	55.5	1.0020795308883
23.875	55.5	1.00210064440161
24.125	55.5	1.00211416816628
24.375	55.5	1.00212303225048
24.625	55.5	1.00212901992066
24.875	55.5	1.00213321736819
25.125	55.5	1.00213628704935
25.375	55.5	1.00213863380817
25.625	55.5	1.00214050583482
25.875	55.5	1.00214205602148
26.125	55.5	1.0021433792513
26.375	55.5	1.00214453506219
26.625	55.5	1.00214556142297
26.875	55.5	1.00214648310872
27.125	55.5	1.00214731679408
27.375	55.5	1.0021480741519
27.625	55.5	1.0021487637398
27.875	55.5	1.00214939214993
28.125	55.5	1.00214996471091
28.375	55.5	1.00215048591739
28.625	55.5	1.00215095969413
28.875	55.5	1.00215138955917
29.125	55.5	1.0021517787257
29.375	55.5	1.00215213016647
29.625	55.5	1.00215244665532
29.875	55.5	1.00215273079474
30.125	55.5	1.00215298503469
30.375	55.5	1.00215321168618
30.625	55.5	1.00215341293137
30.875	55.5	1.00215359083163
31.125	55.5	1.00215374733407
31.375	55.5	1.00215388427726
31.625	55.5	1.00215400339616
31.875	55.5	1.00215410632661
32.125	55.5	1.00215419460944
32.375	55.5	1.00215426969425
32.625	55.5	1.00215433294293
32.875	55.5	1.00215438563288
33.125	55.5	1.00215442896013
33.375	55.5	1.00215446404214
33.625	55.5	1.00215449192047
33.875	55.5	1.00215451356324
34.125	55.5	1.00215452986744
34.375	55.5	1.00215454166102
34.625	55.5	1.00215454970489
34.875	55.5	1.00215455469471
35.125	55.5	1.00215455726249
35.375	55.5	1.00215455797816
35.625	55.5	1.00215455735088
35.875	55.5	1.00215455583023
36.125	55.5	1.00215455380731
36.375	55.5	1.00215455161562
36.625	55.5	1.00215454953191
36.875	55.5	1.00215454777678
37.125	55.5	1.00215454651523
37.375	55.5	1.00215454585704
0.125	56.5	-0.00208244208907831
0.375	56.5	-0.00208246607402394
0.625	56.5	-0.00208251410707737
0.875	56.5	-0.00208258631472997
1.125	56.5	-0.00208268288713647
1.375	56.5	-0.00208280407861715
1.625	56.5	-0.00208295020832933
1.875	56.5	-0.00208312166110969
2.125	56.5	-0.00208331888848936
2.375	56.5	-0.00208354240988425
2.625	56.5	-0.00208379281396318
2.875	56.5	-0.00208407076019707
3.125	56.5	-0.00208437698059284
3.375	56.5	-0.00208471228161569
3.625	56.5	-0.00208507754630448
3.875	56.5	-0.00208547373658462
4.125	56.5	-0.00208590189578371
4.375	56.5	-0.00208636315135507
4.625	56.5	-0.00208685871781449
4.875	56.5	-0.00208738989989567
5.125	56.5	-0.00208795809592866
5.375	56.5	-0.00208856480144526
5.625	56.5	-0.00208921161301225
5.875	56.5	-0.00208990023228986
6.125	56.5	-0.00209063247030535
6.375	56.5	-0.00209141025191987
6.625	56.5	-0.00209223562044637
6.875	56.5	-0.0020931107423432
7.125	56.5	-0.00209403791185216
7.375	56.5	-0.00209501955535855
7.625	56.5	-0.00209605823509917
7.875	56.5	-0.00209715665159542
8.125	56.5	-0.00209831764377763
8.375	56.5	-0.00209954418509183
8.625	56.5	-0.00210083937276713
8.875	56.5	-0.00210220640559274
9.125	56.5	-0.00210364854254177
9.375	56.5	-0.00210516902962526
9.625	56.5	-0.00210677097420867
9.875	56.5	-0.00210845713261307
10.125	56.5	-0.00211022955476195
10.375	56.5	-0.00211208899333888
10.625	56.5	-0.00211403392521015
10.875	56.5	-0.00211605893463103
11.125	56.5	-0.0021181520461421
11.375	56.5	-0.00212029032918296
11.625	56.5	-0.00212243265903726
11.875	56.5	-0.0021245077991088
12.125	56.5	-0.00212639478566033
12.375	56.5	-0.00212789064854349
12.625	56.5	-0.0021286572975055
12.875	56.5	-0.00212813413322236
13.125	56.5	-0.00212539427320445
13.375	56.5	-0.00211890802579741
13.625	56.5	-0.00210615380475376
13.875	56.5	-0.00208297815277434
14.125	56.5	-0.00204254327414513
14.375	56.5	-0.00197359669254594
14.625	56.5	-0.00185762773545525
14.875	56.5	-0.0016641982608646
15.125	56.5	-0.00134328497203008
15.375	56.5	-0.000812746758147282
15.625	56.5	6.21158828486095e-05
15.875	56.5	0.00150170870089908
16.125	56.5	0.00386538575362928
16.375	56.5	0.00773559101880391
16.625	56.5	0.0140471630042626
16.875	56.5	0.0242763409865534
17.125	56.5	0.0406916873278438
17.375	56.5	0.0666217997304602
17.625	56.5	0.106571504893096
17.875	56.5	0.16578423054635
18.125	56.5	0.248610039316791
18.375	56.5	0.355342453966053
18.625	56.5	0.478915116660634
18.875	56.5	0.605154094839655
19.125	56.5	0.71861588356732
19.375	56.5	0.809581423184069
19.625	56.5	0.876201694121309
19.875	56.5	0.921903334753951
20.125	56.5	0.951894249300441
20.375	56.5	0.971015440632753
20.625	56.5	0.982985863445446
20.875	56.5	0.990395249597406
21.125	56.5	0.994949901014694
21.375	56.5	0.997738259925408
21.625	56.5	0.999441399493394
21.875	56.5	1.00048059095946
22.125	56.5	1.00111459664208
22.375	56.5	1.00150169037409
22.625	56.5	1.00173843516657
22.875	56.5	1.0018836540635
23.125	56.5	1.00197314773204
23.375	56.5	1.00202869394185
23.625	56.5	1.00206353699535
23.875	56.5	1.00208573112687
24.125	56.5	1.00210017499054
24.375	56.5	1.00210984898132
24.625	56.5	1.00211656748875
24.875	56.5	1.00212143615194
25.125	56.5	1.00212512976763
25.375	56.5	1.0021280611846
25.625	56.5	1.00213048394401
25.875	56.5	1.00213255465611
26.125	56.5	1.00213437090917
26.375	56.5	1.00213599431026
26.625	56.5	1.00213746449085
26.875	56.5	1.00213880762227
27.125	56.5	1.00214004159482
27.375	56.5	1.00214117916934
27.625	56.5	1.00214222989668
27.875	56.5	1.0021432012882
28.125	56.5	1.00214409953104
28.375	56.5	1.00214492992649
28.625	56.5	1.00214569716007
28.875	56.5	1.00214640546899
29.125	56.5	1.00214705874728
29.375	56.5	1.0021476606127
29.625	56.5	1.00214821445036
29.875	56.5	1.00214872344206
30.125	56.5	1.00214919058672
30.375	56.5	1.00214961871536
30.625	56.5	1.00215001050252
30.875	56.5	1.0021503684755
31.125	56.5	1.00215069502208
31.375	56.5	1.00215099239723
31.625	56.5	1.00215126272907
31.875	56.5	1.0021515080243
32.125	56.5	1.00215173017317
32.375	56.5	1.00215193095406
32.625	56.5	1.00215211203782
32.875	56.5	1.00215227499173
33.125	56.5	1.00215242128323
33.375	56.5	1.00215255228342
33.625	56.5	1.00215266927028
33.875	56.5	1.00215277343174
34.125	56.5	1.00215286586844
34.375	56.5	1.00215294759638
34.625	56.5	1.00215301954925
34.875	56.5	1.00215308258073
35.125	56.5	1.0021531374664
35.375	56.5	1.00215318490568
35.625	56.5	1.00215322552338
35.875	56.5	1.00215325987126
36.125	56.5	1.00215328842926
36.375	56.5	1.00215331160671
36.625	56.5	1.00215332974323
36.875	56.5	1.00215334310955
37.125	56.5	1.00215335190818
37.375	56.5	1.00215335627385
0.125	57.5	-0.00208356514604006
0.375	57.5	-0.00208359325468837
0.625	57.5	-0.00208364954523209
0.875	57.5	-0.00208373416435574
1.125	57.5	-0.00208384733256189
1.375	57.5	-0.00208398934474326
1.625	57.5	-0.0020841605709476
1.875	57.5	-0.00208436145733718
2.125	57.5	-0.00208459252734494
2.375	57.5	-0.00208485438303015
2.625	57.5	-0.00208514770663651
2.875	57.5	-0.00208547326235617
3.125	57.5	-0.00208583189830389
3.375	57.5	-0.00208622454870552
3.625	57.5	-0.00208665223630588
3.875	57.5	-0.0020871160750013
4.125	57.5	-0.0020876172727024
4.375	57.5	-0.00208815713443321
4.625	57.5	-0.00208873706567256
4.875	57.5	-0.00208935857594397
5.125	57.5	-0.00209002328265939
5.375	57.5	-0.0020907329152215
5.625	57.5	-0.00209148931938665
5.875	57.5	-0.00209229446188686
6.125	57.5	-0.00209315043530212
6.375	57.5	-0.00209405946316253
6.625	57.5	-0.00209502390524013
6.875	57.5	-0.00209604626295694
7.125	57.5	-0.00209712918478141
7.375	57.5	-0.00209827547139486
7.625	57.5	-0.00209948808026039
7.875	57.5	-0.00210077012898054
8.125	57.5	-0.00210212489642537
8.375	57.5	-0.00210355581994512
8.625	57.5	-0.00210506648588441
8.875	57.5	-0.00210666060880847
9.125	57.5	-0.00210834199188013
9.375	57.5	-0.00211011445593683
9.625	57.5	-0.00211198171677254
9.875	57.5	-0.00211394717689571
10.125	57.5	-0.0021160135762627
10.375	57.5	-0.00211818241066899
10.625	57.5	-0.00212045296755743
10.875	57.5	-0.00212282073206724
11.125	57.5	-0.00212527475667683
11.375	57.5	-0.00212779332544528
11.625	57.5	-0.00213033681226177
11.875	57.5	-0.00213283592248689
12.125	57.5	-0.00213517233929971
12.375	57.5	-0.00213714687449093
12.625	57.5	-0.00213842706237643
12.875	57.5	-0.00213846093568659
13.125	57.5	-0.00213633516955228
13.375	57.5	-0.00213054171414311
13.625	57.5	-0.00211859391051035
13.875	57.5	-0.00209639507730368
14.125	57.5	-0.00205720013632026
14.375	57.5	-0.00198990844961633
14.625	57.5	-0.00187625839015891
14.875	57.5	-0.00168622054805154
15.125	57.5	-0.00137044227362545
15.375	57.5	-0.000847881567347099
15.625	57.5	1.43640772327307e-05
15.875	57.5	0.0014337748597012
16.125	57.5	0.00376497617742106
16.375	57.5	0.00758286097444594
16.625	57.5	0.0138104543193585
16.875	57.5	0.0239061541650864
17.125	57.5	0.0401132224860646
17.375	57.5	0.0657284795705621
17.625	57.5	0.105226685763067
17.875	57.5	0.163845910674575
18.125	57.5	0.245996537345395
18.375	57.5	0.352133027595019
18.625	57.5	0.475411972836598
18.875	57.5	0.601797120743868
19.125	57.5	0.715774454826194
19.375	57.5	0.807411518694277
19.625	57.5	0.874665909259334
19.875	57.5	0.920870572294594
20.125	57.5	0.951221158230108
20.375	57.5	0.970583820454517
20.625	57.5	0.982710308999539
20.875	57.5	0.990218324423743
21.125	57.5	0.994834537132772
21.375	57.5	0.997661106209172
21.625	57.5	0.999387953729814
21.875	57.5	1.00044192014295
22.125	57.5	1.00108522223635
22.375	57.5	1.00147825815007
22.625	57.5	1.00171889056606
22.875	57.5	1.00186673534879
23.125	57.5	1.00195807606597
23.375	57.5	1.00201498447384
23.625	57.5	1.00205088392224
23.875	57.5	1.00207393783674
24.125	57.5	1.00208911162957
24.375	57.5	1.00209942668206
24.625	57.5	1.00210672271395
24.875	57.5	1.00211212117727
25.125	57.5	1.00211630688908
25.375	57.5	1.00211969918565
25.625	57.5	1.00212255593395
25.875	57.5	1.00212503674047
26.125	57.5	1.00212724136563
26.375	57.5	1.00212923307165
26.625	57.5	1.00213105281525
26.875	57.5	1.00213272787717
27.125	57.5	1.00213427711119
27.375	57.5	1.00213571413882
27.625	57.5	1.00213704929553
27.875	57.5	1.00213829081806
28.125	57.5	1.00213944557056
28.375	57.5	1.0021405194901
28.625	57.5	1.00214151786159
28.875	57.5	1.00214244548872
29.125	57.5	1.00214330680165
29.375	57.5	1.00214410592599
29.625	57.5	1.00214484672805
29.875	57.5	1.00214553284563
30.125	57.5	1.00214616770971
30.375	57.5	1.00214675456052
30.625	57.5	1.00214729646006
30.875	57.5	1.00214779630224
31.125	57.5	1.00214825682155
31.375	57.5	1.00214868060053
31.625	57.5	1.00214907007662
31.875	57.5	1.00214942754821
32.125	57.5	1.0021497551804
32.375	57.5	1.0021500550102
32.625	57.5	1.00215032895146
32.875	57.5	1.0021505787994
33.125	57.5	1.00215080623494
33.375	57.5	1.00215101282863
33.625	57.5	1.00215120004439
33.875	57.5	1.00215136924298
34.125	57.5	1.0021515216852
34.375	57.5	1.00215165853488
34.625	57.5	1.00215178086162
34.875	57.5	1.0021518896433
35.125	57.5	1.00215198576843
35.375	57.5	1.00215207003819
35.625	57.5	1.00215214316838
35.875	57.5	1.00215220579105
36.125	57.5	1.00215225845604
36.375	57.5	1.00215230163225
36.625	57.5	1.00215233570873
36.875	57.5	1.00215236099567
37.125	57.5	1.00215237772503
37.375	57.5	1.00215238605116
0.125	58.5	-0.00208435354706679
0.375	58.5	-0.0020843845014609
0.625	58.5	-0.0020844464904409
0.875	58.5	-0.00208453967459662
1.125	58.5	-0.00208466429532844
1.375	58.5	-0.00208482067546736
1.625	58.5	-0.00208500922010392
1.875	58.5	-0.00208523041762798
2.125	58.5	-0.00208548484098167
2.375	58.5	-0.00208577314912836
2.625	58.5	-0.00208609608874092
2.875	58.5	-0.00208645449611309
3.125	58.5	-0.00208684929929823
3.375	58.5	-0.00208728152048022
3.625	58.5	-0.00208775227858178
3.875	58.5	-0.00208826279211586
4.125	58.5	-0.0020888143822863
4.375	58.5	-0.00208940847634401
4.625	58.5	-0.00209004661120539
4.875	58.5	-0.00209073043733955
5.125	58.5	-0.00209146172293043
5.375	58.5	-0.00209224235831892
5.625	58.5	-0.00209307436072805
5.875	58.5	-0.00209395987927014
6.125	58.5	-0.00209490120022821
6.375	58.5	-0.00209590075259217
6.625	58.5	-0.00209696111381062
6.875	58.5	-0.00209808501568665
7.125	58.5	-0.00209927535029171
7.375	58.5	-0.00210053517568204
7.625	58.5	-0.00210186772105453
7.875	58.5	-0.00210327639073485
8.125	58.5	-0.00210476476598967
8.375	58.5	-0.00210633660299354
8.625	58.5	-0.00210799582419378
8.875	58.5	-0.00210974649852667
9.125	58.5	-0.0021115928029938
9.375	58.5	-0.00211353895326279
9.625	58.5	-0.00211558908298624
9.875	58.5	-0.00211774703842085
10.125	58.5	-0.00212001603335796
10.375	58.5	-0.002122398073891
10.625	58.5	-0.00212489300416844
10.875	58.5	-0.00212749692824528
11.125	58.5	-0.00213019960515944
11.375	58.5	-0.00213298015445555
11.625	58.5	-0.00213579998181257
11.875	58.5	-0.00213859113104435
12.125	58.5	-0.00214123711160997
12.375	58.5	-0.00214354134721465
12.625	58.5	-0.00214517525969327
12.875	58.5	-0.00214559285142149
13.125	58.5	-0.00214389017722297
13.375	58.5	-0.00213857416358349
13.625	58.5	-0.00212718232474285
13.875	58.5	-0.00210565727615704
14.125	58.5	-0.00206731811313356
14.375	58.5	-0.00200116928794559
14.625	58.5	-0.00188912153408005
14.875	58.5	-0.00170142830244391
15.125	58.5	-0.00138920103507666
15.375	58.5	-0.000872158291279346
15.625	58.5	-1.86410234191247e-05
15.875	58.5	0.00138680652119375
16.125	58.5	0.003695537180038
16.375	58.5	0.0074772167063118
16.625	58.5	0.0136466881996526
16.875	58.5	0.0236499810038827
17.125	58.5	0.039712785645729
17.375	58.5	0.0651097692747732
17.625	58.5	0.104294515206607
17.875	58.5	0.162500681626412
18.125	58.5	0.244179442301699
18.375	58.5	0.349896212985962
18.625	58.5	0.472963446206056
18.875	58.5	0.599443856885339
19.125	58.5	0.713777446873576
19.375	58.5	0.805883464257039
19.625	58.5	0.873582968845534
19.875	58.5	0.920141771034325
20.125	58.5	0.950746018875447
20.375	58.5	0.970279155530361
20.625	58.5	0.982515886220485
20.875	58.5	0.990093590154136
21.125	58.5	0.994753302521048
21.375	58.5	0.997606867871903
21.625	58.5	0.999350460583122
21.875	58.5	1.00041485747296
22.125	58.5	1.00106471741919
22.375	58.5	1.00146194042796
22.625	58.5	1.00170530805034
22.875	58.5	1.00185499666127
23.125	58.5	1.00194763121152
23.375	58.5	1.00200549127147
23.625	58.5	1.00204212674186
23.875	58.5	1.00206577821253
24.125	58.5	1.00208145826256
24.375	58.5	1.00209221722248
24.625	58.5	1.00209991269499
24.875	58.5	1.00210567728872
25.125	58.5	1.00211020288386
25.375	58.5	1.0021139133837
25.625	58.5	1.00211706969514
25.875	58.5	1.00211983352582
26.125	58.5	1.00212230615555
26.375	58.5	1.00212455200134
26.625	58.5	1.00212661294215
26.875	58.5	1.00212851702909
27.125	58.5	1.00213028378385
27.375	58.5	1.00213192742369
27.625	58.5	1.00213345882667
27.875	58.5	1.00213488673083
28.125	58.5	1.00213621846793
28.375	58.5	1.00213746041399
28.625	58.5	1.00213861826766
28.875	58.5	1.00213969722356
29.125	58.5	1.00214070208178
29.375	58.5	1.00214163731829
29.625	58.5	1.00214250713135
29.875	58.5	1.0021433154733
30.125	58.5	1.0021440660731
30.375	58.5	1.00214476245321
30.625	58.5	1.00214540794281
30.875	58.5	1.00214600568863
31.125	58.5	1.00214655866419
31.375	58.5	1.00214706967793
31.625	58.5	1.00214754138052
31.875	58.5	1.00214797627147
32.125	58.5	1.00214837670536
32.375	58.5	1.00214874489749
32.625	58.5	1.0021490829292
32.875	58.5	1.00214939275287
33.125	58.5	1.00214967619655
33.375	58.5	1.00214993496828
33.625	58.5	1.00215017066014
33.875	58.5	1.00215038475201
34.125	58.5	1.00215057861509
34.375	58.5	1.00215075351509
34.625	58.5	1.00215091061526
34.875	58.5	1.00215105097914
35.125	58.5	1.002151175573
35.375	58.5	1.0021512852682
35.625	58.5	1.00215138084321
35.875	58.5	1.00215146298545
36.125	58.5	1.0021515322929
36.375	58.5	1.00215158927552
36.625	58.5	1.00215163435646
36.875	58.5	1.00215166787304
37.125	58.5	1.00215169007757
37.375	58.5	1.00215170113792
0.125	59.5	-0.00208475985217462
0.375	59.5	-0.00208479225887227
0.625	59.5	-0.00208485715599899
0.875	59.5	-0.002084954711232
1.125	59.5	-0.00208508517662303
1.375	59.5	-0.00208524888924276
1.625	59.5	-0.00208544627204233
1.875	59.5	-0.00208567783493393
2.125	59.5	-0.00208594417609291
2.375	59.5	-0.0020862459834844
2.625	59.5	-0.0020865840366177
2.875	59.5	-0.00208695920853253
3.125	59.5	-0.00208737246802144
3.375	59.5	-0.00208782488209336
3.625	59.5	-0.00208831761868382
3.875	59.5	-0.00208885194961749
4.125	59.5	-0.00208942925382966
4.375	59.5	-0.002090051020853
4.625	59.5	-0.00209071885457668
4.875	59.5	-0.00209143447728451
5.125	59.5	-0.00209219973397869
5.375	59.5	-0.00209301659699447
5.625	59.5	-0.00209388717090911
5.875	59.5	-0.00209481369774447
6.125	59.5	-0.00209579856245597
6.375	59.5	-0.00209684429868878
6.625	59.5	-0.00209795359476294
6.875	59.5	-0.00209912929981634
7.125	59.5	-0.00210037442998082
7.375	59.5	-0.00210169217437725
7.625	59.5	-0.00210308590056873
7.875	59.5	-0.00210455915886804
8.125	59.5	-0.00210611568449635
8.375	59.5	-0.0021077593959322
8.625	59.5	-0.00210949438670736
8.875	59.5	-0.00211132490612502
9.125	59.5	-0.00211325532144475
9.375	59.5	-0.00211529004925739
9.625	59.5	-0.00211743343584013
9.875	59.5	-0.00211968955323283
10.125	59.5	-0.0021220618563083
10.375	59.5	-0.00212455261079322
10.625	59.5	-0.00212716194409849
10.875	59.5	-0.00212988627524244
11.125	59.5	-0.00213271572292184
11.375	59.5	-0.00213562983213152
11.625	59.5	-0.00213859053422634
11.875	59.5	-0.00214153055532416
12.125	59.5	-0.00214433433640554
12.375	59.5	-0.00214680663411555
12.625	59.5	-0.00214862085504762
12.875	59.5	-0.00214923405030999
13.125	59.5	-0.00214774706600234
13.375	59.5	-0.00214267447970936
13.625	59.5	-0.00213156615611363
13.875	59.5	-0.00211038478851079
14.125	59.5	-0.00207248226014902
14.375	59.5	-0.00200691671551624
14.625	59.5	-0.00189568694695029
14.875	59.5	-0.00170919091353723
15.125	59.5	-0.00139877714483718
15.375	59.5	-0.000884552731933785
15.625	59.5	-3.54938431564704e-05
15.875	59.5	0.00136282107120033
16.125	59.5	0.00366007291581533
16.375	59.5	0.00742325647055616
16.625	59.5	0.0135630327285959
16.875	59.5	0.0235191052686162
17.125	59.5	0.0395081678804136
17.375	59.5	0.0647935188024711
17.625	59.5	0.10381780504591
17.875	59.5	0.161812207166147
18.125	59.5	0.243248432189501
18.375	59.5	0.348748437870237
18.625	59.5	0.471704793894453
18.875	59.5	0.598231954285467
19.125	59.5	0.712747349595401
19.375	59.5	0.805094287389066
19.625	59.5	0.873023206756652
19.875	59.5	0.919764875225763
20.125	59.5	0.950500250924103
20.375	59.5	0.970121569480681
20.625	59.5	0.982415345926177
20.875	59.5	0.990029116938305
21.125	59.5	0.994711343301026
21.375	59.5	0.997578880095354
21.625	59.5	0.999331137495269
21.875	59.5	1.00040092998696
22.125	59.5	1.00105418074194
22.375	59.5	1.0014535673347
22.625	59.5	1.00169834705118
22.875	59.5	1.00184898645999
23.125	59.5	1.00194228725034
23.375	59.5	1.00200063657512
23.625	59.5	1.00203764984411
23.875	59.5	1.00206160758739
24.125	59.5	1.00207754679444
24.375	59.5	1.00208853277514
24.625	59.5	1.0020964323831
24.875	59.5	1.00210238399605
25.125	59.5	1.00210708314457
25.375	59.5	1.00211095609046
25.625	59.5	1.00211426530904
25.875	59.5	1.00211717359054
26.125	59.5	1.00211978299655
26.375	59.5	1.00212215853727
26.625	59.5	1.00212434256477
26.875	59.5	1.00212636352481
27.125	59.5	1.00212824128085
27.375	59.5	1.00212999035482
27.625	59.5	1.00213162190204
27.875	59.5	1.00213314491662
28.125	59.5	1.0021345669691
28.375	59.5	1.00213589465964
28.625	59.5	1.00213713389803
28.875	59.5	1.00213829007846
29.125	59.5	1.00213936818978
29.375	59.5	1.00214037288677
29.625	59.5	1.00214130853707
29.875	59.5	1.0021421792535
30.125	59.5	1.00214298891705
30.375	59.5	1.00214374119418
30.625	59.5	1.00214443955037
30.875	59.5	1.00214508726132
31.125	59.5	1.0021456874225
31.375	59.5	1.00214624295758
31.625	59.5	1.00214675662598
31.875	59.5	1.00214723102982
32.125	59.5	1.00214766862031
32.375	59.5	1.00214807170369
32.625	59.5	1.00214844244674
32.875	59.5	1.00214878288198
33.125	59.5	1.00214909491252
33.375	59.5	1.0021493803165
33.625	59.5	1.00214964075137
33.875	59.5	1.00214987775777
34.125	59.5	1.00215009276318
34.375	59.5	1.0021502870853
34.625	59.5	1.00215046193513
34.875	59.5	1.00215061841986
35.125	59.5	1.00215075754546
35.375	59.5	1.00215088021906
35.625	59.5	1.0021509872511
35.875	59.5	1.00215107935722
36.125	59.5	1.00215115715995
36.375	59.5	1.00215122119021
36.625	59.5	1.00215127188851
36.875	59.5	1.00215130960604
37.125	59.5	1.00215133460546
37.375	59.5	1.00215134706153
