$\phi$
x	y	$\phi$
0.125	0.5	-0.00213612754141683
0.375	0.5	-0.0021361106361181
0.625	0.5	-0.00213607680865416
0.875	0.5	-0.00213602602527668
1.125	0.5	-0.00213595823532493
1.375	0.5	-0.0021358733711799
1.625	0.5	-0.00213577134820307
1.875	0.5	-0.00213565206465974
2.125	0.5	-0.002135515401627
2.375	0.5	-0.00213536122288603
2.625	0.5	-0.00213518937479888
2.875	0.5	-0.00213499968616944
3.125	0.5	-0.00213479196808851
3.375	0.5	-0.0021345660137629
3.625	0.5	-0.00213432159832822
3.875	0.5	-0.00213405847864511
4.125	0.5	-0.00213377639307867
4.375	0.5	-0.0021334750612603
4.625	0.5	-0.00213315418383133
4.875	0.5	-0.00213281344216722
5.125	0.5	-0.00213245249808032
5.375	0.5	-0.00213207099349831
5.625	0.5	-0.00213166855011342
5.875	0.5	-0.00213124476899476
6.125	0.5	-0.00213079923015093
6.375	0.5	-0.00213033149202229
6.625	0.5	-0.00212984109086891
6.875	0.5	-0.00212932753999844
7.125	0.5	-0.00212879032874239
7.375	0.5	-0.00212822892103039
7.625	0.5	-0.00212764275331496
7.875	0.5	-0.00212703123143981
8.125	0.5	-0.00212639372578216
8.375	0.5	-0.00212572956356723
8.625	0.5	-0.00212503801654252
8.875	0.5	-0.00212431828102858
9.125	0.5	-0.00212356944543819
9.375	0.5	-0.00212279043718636
9.625	0.5	-0.00212197993569937
9.875	0.5	-0.00212113622964948
10.125	0.5	-0.00212025698242043
10.375	0.5	-0.00211933884657027
10.625	0.5	-0.0021183768298164
10.875	0.5	-0.00211736325213732
11.125	0.5	-0.00211628603002709
11.375	0.5	-0.00211512585352442
11.625	0.5	-0.0021138515412068
11.875	0.5	-0.00211241239687128
12.125	0.5	-0.00211072563225217
12.375	0.5	-0.00210865567056103
12.625	0.5	-0.00210598008949596
12.875	0.5	-0.00210233357916269
13.125	0.5	-0.00209711572392948
13.375	0.5	-0.00208933925971557
13.625	0.5	-0.00207738039542592
13.875	0.5	-0.00205856801812345
14.125	0.5	-0.00202850789018565
14.375	0.5	-0.00197997108295381
14.625	0.5	-0.00190106621262814
14.875	0.5	-0.00177223550618672
15.125	0.5	-0.00156132183804407
15.375	0.5	-0.00121547880865846
15.625	0.5	-0.000647932765211941
15.875	0.5	0.000283600204660437
16.125	0.5	0.00181188978706889
16.375	0.5	0.0043162962828951
16.625	0.5	0.00841123230722859
16.875	0.5	0.0150815461844008
17.125	0.5	0.0258788970080333
17.375	0.5	0.0431783736487997
17.625	0.5	0.0704410796099072
17.875	0.5	0.112293633331008
18.125	0.5	0.173990453173701
18.375	0.5	0.259608842738422
18.625	0.5	0.368750921965443
18.875	0.5	0.493430137514779
19.125	0.5	0.618951017941381
19.375	0.5	0.730216841782454
19.625	0.5	0.818403224973199
19.875	0.5	0.882436208821787
20.125	0.5	0.926101912203983
20.375	0.5	0.954643533646888
20.625	0.5	0.972793658611646
20.875	0.5	0.984136518509151
21.125	0.5	0.991148605027376
21.375	0.5	0.995454304799526
21.625	0.5	0.998087094292564
21.875	0.5	0.999692661539549
22.125	0.5	1.00067003576582
22.375	0.5	1.0012641938758
22.625	0.5	1.00162493642482
22.875	0.5	1.0018436434438
23.125	0.5	1.00197597594657
23.375	0.5	1.00205580760079
23.625	0.5	1.00210374161811
23.875	0.5	1.00213230533744
24.125	0.5	1.00214911403632
24.375	0.5	1.00215879624319
24.625	0.5	1.00216416476792
24.875	0.5	1.00216692873412
25.125	0.5	1.00216812644125
25.375	0.5	1.0021683884821
25.625	0.5	1.00216809766914
25.875	0.5	1.00216748623596
26.125	0.5	1.00216669491355
26.375	0.5	1.0021658088347
26.625	0.5	1.00216487935505
26.875	0.5	1.00216393731473
27.125	0.5	1.00216300109798
27.375	0.5	1.00216208153118
27.625	0.5	1.00216118485941
27.875	0.5	1.00216031455517
28.125	0.5	1.0021594724174
28.375	0.5	1.00215865923921
28.625	0.5	1.00215787521335
28.875	0.5	1.00215712017854
29.125	0.5	1.00215639376881
29.375	0.5	1.00215569550414
29.625	0.5	1.00215502484525
29.875	0.5	1.00215438122676
30.125	0.5	1.0021537640771
30.375	0.5	1.00215317283044
30.625	0.5	1.00215260693371
30.875	0.5	1.00215206585075
31.125	0.5	1.00215154906462
31.375	0.5	1.00215105607884
31.625	0.5	1.00215058641802
31.875	0.5	1.00215013962803
32.125	0.5	1.00214971527603
32.375	0.5	1.00214931295032
32.625	0.5	1.00214893226008
32.875	0.5	1.00214857283519
33.125	0.5	1.0021482343259
33.375	0.5	1.00214791640258
33.625	0.5	1.00214761875546
33.875	0.5	1.00214734109434
34.125	0.5	1.00214708314838
34.375	0.5	1.00214684466584
34.625	0.5	1.00214662541387
34.875	0.5	1.00214642517833
35.125	0.5	1.00214624376355
35.375	0.5	1.00214608099222
35.625	0.5	1.00214593670518
35.875	0.5	1.00214581076133
36.125	0.5	1.00214570303746
36.375	0.5	1.00214561342816
36.625	0.5	1.00214554184576
36.875	0.5	1.00214548822018
37.125	0.5	1.00214545249893
37.375	0.5	1.00214543464704
0.125	1.5	-0.00213640572459257
0.375	1.5	-0.00213638909575074
0.625	1.5	-0.0021363558214505
0.875	1.5	-0.00213630586844355
1.125	1.5	-0.00213623918681967
1.375	1.5	-0.00213615570996137
1.625	1.5	-0.00213605535448343
1.875	1.5	-0.00213593802015721
2.125	1.5	-0.00213580358981965
2.375	1.5	-0.00213565192926695
2.625	1.5	-0.0021354828871328
2.875	1.5	-0.00213529629475104
3.125	1.5	-0.00213509196600262
3.375	1.5	-0.00213486969714668
3.625	1.5	-0.00213462926663564
3.875	1.5	-0.00213437043491382
4.125	1.5	-0.00213409294419947
4.375	1.5	-0.00213379651824938
4.625	1.5	-0.00213348086210555
4.875	1.5	-0.00213314566182244
5.125	1.5	-0.00213279058417317
5.375	1.5	-0.00213241527633141
5.625	1.5	-0.00213201936552443
5.875	1.5	-0.00213160245864927
6.125	1.5	-0.00213116414183959
6.375	1.5	-0.00213070397996239
6.625	1.5	-0.00213022151601068
6.875	1.5	-0.00212971627033658
7.125	1.5	-0.00212918773963338
7.375	1.5	-0.00212863539551646
7.625	1.5	-0.002128058682456
7.875	1.5	-0.00212745701465537
8.125	1.5	-0.00212682977120674
8.375	1.5	-0.00212617628842433
8.625	1.5	-0.002125495847546
8.875	1.5	-0.00212478765482573
9.125	1.5	-0.00212405080911769
9.375	1.5	-0.00212328424888962
9.625	1.5	-0.0021224866653984
9.875	1.5	-0.00212165636019508
10.125	1.5	-0.00212079101103179
10.375	1.5	-0.00211988728704757
10.625	1.5	-0.00211894021594013
10.875	1.5	-0.00211794214301787
11.125	1.5	-0.00211688101866228
11.375	1.5	-0.00211573758063565
11.625	1.5	-0.00211448071776416
11.875	1.5	-0.0021130598409234
12.125	1.5	-0.00211139232930849
12.375	1.5	-0.00210934287275401
12.625	1.5	-0.00210668947859708
12.875	1.5	-0.0021030675347368
13.125	1.5	-0.00209787776459807
13.375	1.5	-0.00209013476942507
13.625	1.5	-0.00207821781889966
13.875	1.5	-0.00205946082858003
14.125	1.5	-0.00202947782788632
14.375	1.5	-0.00198105348420111
14.625	1.5	-0.00190231877532589
14.875	1.5	-0.00177375269918883
15.125	1.5	-0.00156325856391491
15.375	1.5	-0.00121808919701939
15.625	1.5	-0.000651633595912716
15.875	1.5	0.000278126284332983
16.125	1.5	0.00180352755671651
16.375	1.5	0.0043032321250187
16.625	1.5	0.00839053948665753
16.875	1.5	0.0150485621633063
17.125	1.5	0.0258263525703676
17.375	1.5	0.043095341533163
17.625	1.5	0.0703121359846635
17.875	1.5	0.112099349625789
18.125	1.5	0.173711410216763
18.375	1.5	0.259235554629483
18.625	1.5	0.368297978489906
18.875	1.5	0.492943058647477
19.125	1.5	0.618491508834721
19.375	1.5	0.729833376188405
19.625	1.5	0.818113782400899
19.875	1.5	0.882233284096187
20.125	1.5	0.925966601188938
20.375	1.5	0.954556136584274
20.625	1.5	0.972738250028323
20.875	1.5	0.984101704047113
21.125	1.5	0.991126760544455
21.375	1.5	0.995440522407648
21.625	1.5	0.998078286004398
21.875	1.5	0.999686910747179
22.125	1.5	1.00066616256099
22.375	1.5	1.0012614753842
22.625	1.5	1.0016229310018
22.875	1.5	1.00184208164823
23.125	1.5	1.00197469347029
23.375	1.5	1.00205470420738
23.625	1.5	1.00210275607809
23.875	1.5	1.00213140015525
24.125	1.5	1.00214826615376
24.375	1.5	1.00215799138453
24.625	1.5	1.00216339400134
24.875	1.5	1.00216618638148
25.125	1.5	1.00216740880748
25.375	1.5	1.00216769308293
25.625	1.5	1.00216742276167
25.875	1.5	1.00216683053326
26.125	1.5	1.00216605741114
26.375	1.5	1.0021651887049
26.625	1.5	1.00216427588271
26.875	1.5	1.00216334985798
27.125	1.5	1.0021624290643
27.375	1.5	1.00216152436268
27.625	1.5	1.00216064202373
27.875	1.5	1.00215978553985
28.125	1.5	1.0021589567263
28.375	1.5	1.00215815639018
28.625	1.5	1.00215738473676
28.875	1.5	1.00215664161613
29.125	1.5	1.00215592667297
29.375	1.5	1.00215523943725
29.625	1.5	1.00215457937924
29.875	1.5	1.00215394594265
30.125	1.5	1.00215333856462
30.375	1.5	1.00215275668766
30.625	1.5	1.00215219976673
30.875	1.5	1.00215166727334
31.125	1.5	1.00215115869792
31.375	1.5	1.00215067355104
31.625	1.5	1.00215021136405
31.875	1.5	1.00214977168928
32.125	1.5	1.00214935410002
32.375	1.5	1.00214895819043
32.625	1.5	1.00214858357526
32.875	1.5	1.00214822988967
33.125	1.5	1.00214789678889
33.375	1.5	1.00214758394801
33.625	1.5	1.00214729106169
33.875	1.5	1.00214701784391
34.125	1.5	1.00214676402769
34.375	1.5	1.00214652936493
34.625	1.5	1.00214631362613
34.875	1.5	1.00214611660022
35.125	1.5	1.00214593809437
35.375	1.5	1.00214577793381
35.625	1.5	1.0021456359617
35.875	1.5	1.00214551203897
36.125	1.5	1.00214540604418
36.375	1.5	1.00214531787346
36.625	1.5	1.0021452474404
36.875	1.5	1.00214519467594
37.125	1.5	1.00214515952834
37.375	1.5	1.00214514196316
0.125	2.5	-0.00213695755734189
0.375	2.5	-0.00213694147732233
0.625	2.5	-0.00213690930116344
0.875	2.5	-0.00213686099661091
1.125	2.5	-0.0021367965152464
1.375	2.5	-0.00213671579244342
1.625	2.5	-0.00213661874730822
1.875	2.5	-0.00213650528260608
2.125	2.5	-0.00213637528467251
2.375	2.5	-0.00213622862330954
2.625	2.5	-0.00213606515166699
2.875	2.5	-0.00213588470610841
3.125	2.5	-0.00213568710606184
3.375	2.5	-0.00213547215385498
3.625	2.5	-0.00213523963453472
3.875	2.5	-0.00213498931567066
4.125	2.5	-0.0021347209471423
4.375	2.5	-0.00213443426090929
4.625	2.5	-0.00213412897076402
4.875	2.5	-0.00213380477206526
5.125	2.5	-0.00213346134145099
5.375	2.5	-0.00213309833652745
5.625	2.5	-0.00213271539552964
5.875	2.5	-0.00213231213694544
6.125	2.5	-0.00213188815909083
6.375	2.5	-0.00213144303961552
6.625	2.5	-0.00213097633490523
6.875	2.5	-0.00213048757932519
7.125	2.5	-0.00212997628421382
7.375	2.5	-0.00212944193647696
7.625	2.5	-0.00212888399653658
7.875	2.5	-0.00212830189522915
8.125	2.5	-0.00212769502898788
8.375	2.5	-0.00212706275221317
8.625	2.5	-0.00212640436502851
8.875	2.5	-0.00212571909345551
9.125	2.5	-0.00212500605712669
9.375	2.5	-0.00212426421650344
9.625	2.5	-0.00212349228638095
9.875	2.5	-0.00212268859392796
10.125	2.5	-0.00212185084546654
10.375	2.5	-0.00212097574308732
10.625	2.5	-0.00212005835416728
10.875	2.5	-0.00211909107427716
11.125	2.5	-0.00211806192098483
11.375	2.5	-0.00211695172659719
11.625	2.5	-0.00211572951901793
11.875	2.5	-0.00211434492100762
12.125	2.5	-0.00211271564300639
12.375	2.5	-0.00211070690210402
12.625	2.5	-0.00210809755511166
12.875	2.5	-0.00210452436942776
13.125	2.5	-0.00209939032015125
13.375	2.5	-0.0020917136956823
13.625	2.5	-0.0020798798156688
13.875	2.5	-0.00206123253479975
14.125	2.5	-0.00203140222252271
14.375	2.5	-0.00198320041880644
14.625	2.5	-0.0019048022987583
14.875	2.5	-0.00177675953695786
15.125	2.5	-0.00156709488646385
15.375	2.5	-0.00122325729329211
15.625	2.5	-0.000658957228494827
15.875	2.5	0.000267297866286787
16.125	2.5	0.00178699010124664
16.375	2.5	0.0042774008954565
16.625	2.5	0.00834962931561169
16.875	2.5	0.0149833559979654
17.125	2.5	0.0257224782567019
17.375	2.5	0.0429311889284633
17.625	2.5	0.0700571884272796
17.875	2.5	0.111715133835964
18.125	2.5	0.173159397411742
18.375	2.5	0.258496757881548
18.625	2.5	0.367400977389282
18.875	2.5	0.49197775957926
19.125	2.5	0.6175801833197
19.375	2.5	0.729072380928146
19.625	2.5	0.817539096292558
19.875	2.5	0.881830239667795
20.125	2.5	0.925697788446142
20.375	2.5	0.954382486283852
20.625	2.5	0.972628148659633
20.875	2.5	0.984032521659172
21.125	2.5	0.991083350899882
21.375	2.5	0.995413133866327
21.625	2.5	0.998060782378267
21.875	2.5	0.999675483312584
22.125	2.5	1.00065846650984
22.375	2.5	1.0012560741402
22.625	2.5	1.00161894687276
22.875	2.5	1.00183897916477
23.125	2.5	1.0019721460969
23.375	2.5	1.00205251274028
23.625	2.5	1.00210079883314
23.875	2.5	1.00212960261526
24.125	2.5	1.00214658249324
24.375	2.5	1.00215639323144
24.625	2.5	1.00216186360373
24.875	2.5	1.00216471245345
25.125	2.5	1.00216598400418
25.375	2.5	1.00216631246583
25.625	2.5	1.00216608286567
25.875	2.5	1.00216552879955
26.125	2.5	1.00216479184226
26.375	2.5	1.00216395765493
26.625	2.5	1.00216307792942
26.875	2.5	1.00216218372494
27.125	2.5	1.00216129357321
27.375	2.5	1.00216041840413
27.625	2.5	1.00215956453919
27.875	2.5	1.0021587355104
28.125	2.5	1.00215793316554
28.375	2.5	1.00215715833964
28.625	2.5	1.0021564112628
28.875	2.5	1.00215569180788
29.125	2.5	1.0021549996407
29.375	2.5	1.00215433431123
29.625	2.5	1.00215369530871
29.875	2.5	1.00215308209497
30.125	2.5	1.00215249412452
30.375	2.5	1.0021519308565
30.625	2.5	1.00215139176183
30.875	2.5	1.00215087632732
31.125	2.5	1.00215038405806
31.375	2.5	1.00214991447868
31.625	2.5	1.00214946713396
31.875	2.5	1.00214904158905
32.125	2.5	1.0021486374295
32.375	2.5	1.0021482542611
32.625	2.5	1.00214789170971
32.875	2.5	1.00214754942096
33.125	2.5	1.00214722706005
33.375	2.5	1.00214692431144
33.625	2.5	1.00214664087862
33.875	2.5	1.00214637648384
34.125	2.5	1.00214613086789
34.375	2.5	1.00214590378984
34.625	2.5	1.00214569502688
34.875	2.5	1.00214550437406
35.125	2.5	1.00214533164418
35.375	2.5	1.00214517666755
35.625	2.5	1.00214503929191
35.875	2.5	1.00214491938223
36.125	2.5	1.00214481682065
36.375	2.5	1.00214473150631
36.625	2.5	1.00214466335532
36.875	2.5	1.00214461230065
37.125	2.5	1.00214457829208
37.375	2.5	1.00214456129615
0.125	3.5	-0.00213777403949878
0.375	3.5	-0.00213775877253293
0.625	3.5	-0.00213772822321909
0.875	3.5	-0.00213768236077875
1.125	3.5	-0.00213762113900871
1.375	3.5	-0.00213754449623856
1.625	3.5	-0.00213745235527394
1.875	3.5	-0.00213734462332554
2.125	3.5	-0.00213722119192371
2.375	3.5	-0.00213708193681871
2.625	3.5	-0.0021369267178664
2.875	3.5	-0.00213675537889934
3.125	3.5	-0.00213656774758309
3.375	3.5	-0.00213636363525757
3.625	3.5	-0.00213614283676335
3.875	3.5	-0.00213590513025246
4.125	3.5	-0.00213565027698341
4.375	3.5	-0.00213537802109991
4.625	3.5	-0.00213508808939239
4.875	3.5	-0.00213478019104121
5.125	3.5	-0.0021344540173396
5.375	3.5	-0.00213410924139342
5.625	3.5	-0.00213374551779295
5.875	3.5	-0.00213336248224898
6.125	3.5	-0.00213295975118069
6.375	3.5	-0.00213253692123471
6.625	3.5	-0.0021320935687019
6.875	3.5	-0.00213162924877654
7.125	3.5	-0.00213114349456753
7.375	3.5	-0.00213063581571265
7.625	3.5	-0.00213010569635117
7.875	3.5	-0.00212955259205225
8.125	3.5	-0.0021289759250368
8.375	3.5	-0.00212837507660312
8.625	3.5	-0.00212774937496339
8.875	3.5	-0.00212709807554071
9.125	3.5	-0.00212642032887181
9.375	3.5	-0.00212571512812669
9.625	3.5	-0.00212498122309865
9.875	3.5	-0.00212421697903142
10.125	3.5	-0.00212342014468342
10.375	3.5	-0.00212258747104632
10.625	3.5	-0.00212171408431428
10.875	3.5	-0.00212079245446274
11.125	3.5	-0.0021198106983789
11.375	3.5	-0.0021187497879508
11.625	3.5	-0.00211757895618571
11.875	3.5	-0.00211624813805548
12.125	3.5	-0.00211467553178589
12.375	3.5	-0.00211272713055734
12.625	3.5	-0.00211018304119074
12.875	3.5	-0.00210668206062986
13.125	3.5	-0.00210163047623977
13.375	3.5	-0.00209405199983301
13.625	3.5	-0.00208234084937387
13.875	3.5	-0.00206385549745734
14.125	3.5	-0.00203425034479862
14.375	3.5	-0.00198637645201355
14.625	3.5	-0.00190847399274984
14.875	3.5	-0.00178120152197338
15.125	3.5	-0.00157275745085715
15.375	3.5	-0.00123087914118131
15.625	3.5	-0.000669749833506815
15.875	3.5	0.000251350216173346
16.125	3.5	0.00176264564110653
16.375	3.5	0.00423938738005003
16.625	3.5	0.00828943754740234
16.875	3.5	0.0148874270362268
17.125	3.5	0.0255696644834408
17.375	3.5	0.0426896790804263
17.625	3.5	0.0696820267155089
17.875	3.5	0.111149563204219
18.125	3.5	0.172346399750197
18.375	3.5	0.257407832667659
18.625	3.5	0.366077529639555
18.875	3.5	0.490551850769412
19.125	3.5	0.616232383934695
19.375	3.5	0.72794573093129
19.625	3.5	0.816687588052507
19.875	3.5	0.881232711715186
20.125	3.5	0.925299114068624
20.375	3.5	0.954124885861327
20.625	3.5	0.972464796435618
20.875	3.5	0.983929871033359
21.125	3.5	0.991018938857321
21.375	3.5	0.995372494176637
21.625	3.5	0.998034810822625
21.875	3.5	0.999658528419573
22.125	3.5	1.00064704882914
22.375	3.5	1.00124806188712
22.625	3.5	1.00161303759319
22.875	3.5	1.00183437824293
23.125	3.5	1.0019683689655
23.375	3.5	1.00204926378713
23.625	3.5	1.00209789748176
23.875	3.5	1.0021269382825
24.125	3.5	1.00214408717276
24.375	3.5	1.00215402481674
24.625	3.5	1.00215959574788
24.875	3.5	1.00216252840474
25.125	3.5	1.00216387285934
25.375	3.5	1.00216426689259
25.625	3.5	1.00216409771847
25.875	3.5	1.00216360027793
26.125	3.5	1.00216291697907
26.375	3.5	1.00216213400493
26.625	3.5	1.00216130337961
26.875	3.5	1.00216045637891
27.125	3.5	1.00215961168042
27.375	3.5	1.00215878031656
27.625	3.5	1.0021579686845
27.875	3.5	1.00215718037526
28.125	3.5	1.00215641728507
28.375	3.5	1.00215568029058
28.625	3.5	1.00215496965896
28.875	3.5	1.00215428529694
29.125	3.5	1.00215362690196
29.375	3.5	1.00215299405374
29.625	3.5	1.00215238626982
29.875	3.5	1.00215180303906
30.125	3.5	1.00215124384181
30.375	3.5	1.00215070816202
30.625	3.5	1.00215019549437
30.875	3.5	1.00214970534848
31.125	3.5	1.0021492372513
31.375	3.5	1.00214879074836
31.625	3.5	1.00214836540444
31.875	3.5	1.0021479608038
32.125	3.5	1.00214757655022
32.375	3.5	1.00214721226683
32.625	3.5	1.00214686759598
32.875	3.5	1.00214654219893
33.125	3.5	1.00214623575568
33.375	3.5	1.00214594796464
33.625	3.5	1.00214567854245
33.875	3.5	1.00214542722367
34.125	3.5	1.00214519376061
34.375	3.5	1.00214497792304
34.625	3.5	1.00214477949807
34.875	3.5	1.0021445982899
35.125	3.5	1.00214443411966
35.375	3.5	1.00214428682523
35.625	3.5	1.00214415626116
35.875	3.5	1.00214404229846
36.125	3.5	1.00214394482451
36.375	3.5	1.00214386374299
36.625	3.5	1.00214379897376
36.875	3.5	1.00214375045278
37.125	3.5	1.00214371813209
37.375	3.5	1.00214370197974
0.125	4.5	-0.00213884183761182
0.375	4.5	-0.00213882763585316
0.625	4.5	-0.002138799217923
0.875	4.5	-0.00213875655498222
1.125	4.5	-0.00213869960373856
1.375	4.5	-0.0021386283064064
1.625	4.5	-0.00213854259065299
1.875	4.5	-0.0021384423695312
2.125	4.5	-0.00213832754139867
2.375	4.5	-0.00213819798982329
2.625	4.5	-0.00213805358347495
2.875	4.5	-0.00213789417600332
3.125	4.5	-0.00213771960590175
3.375	4.5	-0.00213752969635687
3.625	4.5	-0.00213732425508386
3.875	4.5	-0.00213710307414709
4.125	4.5	-0.00213686592976564
4.375	4.5	-0.00213661258210329
4.625	4.5	-0.00213634277504207
4.875	4.5	-0.00213605623593832
5.125	4.5	-0.00213575267535915
5.375	4.5	-0.0021354317867966
5.625	4.5	-0.00213509324635462
5.875	4.5	-0.00213473671240118
6.125	4.5	-0.00213436182517316
6.375	4.5	-0.00213396820631354
6.625	4.5	-0.00213355545830757
6.875	4.5	-0.00213312316376306
7.125	4.5	-0.00213267088444502
7.375	4.5	-0.00213219815991673
7.625	4.5	-0.00213170450554423
7.875	4.5	-0.00213118940946449
8.125	4.5	-0.00213065232785964
8.375	4.5	-0.0021300926774552
8.625	4.5	-0.00212950982346221
8.875	4.5	-0.00212890306003354
9.125	4.5	-0.00212827157841429
9.375	4.5	-0.00212761441485379
9.625	4.5	-0.00212693036522631
9.875	4.5	-0.00212621784488075
10.125	4.5	-0.00212547465837243
10.375	4.5	-0.00212469762091125
10.625	4.5	-0.00212388193580898
10.875	4.5	-0.00212302017041544
11.125	4.5	-0.00212210057134762
11.375	4.5	-0.00212110429248497
11.625	4.5	-0.00212000083385074
11.875	4.5	-0.0021187405363915
12.125	4.5	-0.00211724223206198
12.375	4.5	-0.00211537292172478
12.625	4.5	-0.00211291433455228
12.875	4.5	-0.00210950790084521
13.125	4.5	-0.00210456420487274
13.375	4.5	-0.00209711399320384
13.625	4.5	-0.00208556302491475
13.875	4.5	-0.00206728873091232
14.125	4.5	-0.00203797667735235
14.375	4.5	-0.00199052917648226
14.625	4.5	-0.00191327069229987
14.875	4.5	-0.00178699838057751
15.125	4.5	-0.00158013844126082
15.375	4.5	-0.00124080224593135
15.625	4.5	-0.000683786116947844
15.875	4.5	0.000230627483542014
16.125	4.5	0.00173103236220026
16.375	4.5	0.0041900458327963
16.625	4.5	0.00821133072453958
16.875	4.5	0.0147629646946764
17.125	4.5	0.0253714023175042
17.375	4.5	0.0423763101842066
17.625	4.5	0.0691951162772532
17.875	4.5	0.110415194816518
18.125	4.5	0.171289998533724
18.375	4.5	0.255991407970696
18.625	4.5	0.364353651889864
18.875	4.5	0.48869147806231
19.125	4.5	0.614471011495175
19.375	4.5	0.726471239750153
19.625	4.5	0.815571942570741
19.875	4.5	0.880449215759947
20.125	4.5	0.924776089223131
20.375	4.5	0.953786826858179
20.625	4.5	0.972250380949019
20.875	4.5	0.983795117530956
21.125	4.5	0.990934378424884
21.375	4.5	0.995319141858446
21.625	4.5	0.998000716051742
21.875	4.5	0.999636271947819
22.125	4.5	1.00063206252757
22.375	4.5	1.00123754686038
22.625	4.5	1.00160528377327
22.875	4.5	1.00182834232436
23.125	4.5	1.00196341472446
23.375	4.5	1.00204500309129
23.625	4.5	1.00209409323614
23.875	4.5	1.00212344529006
24.125	4.5	1.00214081613745
24.375	4.5	1.00215092044739
24.625	4.5	1.00215662344464
24.875	4.5	1.00215966616587
25.125	4.5	1.00216110636189
25.375	4.5	1.00216158650249
25.625	4.5	1.00216149667306
25.875	4.5	1.00216107358106
26.125	4.5	1.00216046072918
26.375	4.5	1.00215974498617
26.625	4.5	1.00215897881285
26.875	4.5	1.00215819376987
27.125	4.5	1.00215740872683
27.375	4.5	1.00215663485113
27.625	4.5	1.00215587863977
27.875	4.5	1.00215514376164
28.125	4.5	1.00215443217693
28.375	4.5	1.00215374481727
28.625	4.5	1.00215308199884
28.875	4.5	1.00215244367318
29.125	4.5	1.00215182957943
29.375	4.5	1.00215123933669
29.625	4.5	1.00215067249988
29.875	4.5	1.00215012859356
30.125	4.5	1.00214960713224
30.375	4.5	1.00214910763261
30.625	4.5	1.00214862962076
30.875	4.5	1.0021481726364
31.125	4.5	1.00214773623529
31.375	4.5	1.00214731999058
31.625	4.5	1.00214692349344
31.875	4.5	1.00214654635335
32.125	4.5	1.00214618819809
32.375	4.5	1.0021458486737
32.625	4.5	1.00214552744423
32.875	4.5	1.00214522419159
33.125	4.5	1.00214493861525
33.375	4.5	1.00214467043205
33.625	4.5	1.00214441937591
33.875	4.5	1.00214418519764
34.125	4.5	1.00214396766471
34.375	4.5	1.00214376656102
34.625	4.5	1.00214358168673
34.875	4.5	1.00214341285806
35.125	4.5	1.00214325990714
35.375	4.5	1.00214312268183
35.625	4.5	1.00214300104563
35.875	4.5	1.00214289487748
36.125	4.5	1.00214280407174
36.375	4.5	1.00214272853799
36.625	4.5	1.00214266820106
36.875	4.5	1.00214262300085
37.125	4.5	1.00214259289237
37.375	4.5	1.00214257784562
0.125	5.5	-0.00214014348285957
0.375	5.5	-0.00214013058258767
0.625	5.5	-0.00214010476881983
0.875	5.5	-0.00214006601509547
1.125	5.5	-0.00214001428169251
1.375	5.5	-0.00213994951558993
1.625	5.5	-0.0021398716504178
1.875	5.5	-0.00213978060639474
2.125	5.5	-0.00213967629025269
2.375	5.5	-0.00213955859514898
2.625	5.5	-0.00213942740056564
2.875	5.5	-0.00213928257219564
3.125	5.5	-0.00213912396181618
3.375	5.5	-0.00213895140714874
3.625	5.5	-0.0021387647317056
3.875	5.5	-0.00213856374462276
4.125	5.5	-0.00213834824047867
4.375	5.5	-0.00213811799909841
4.625	5.5	-0.00213787278534235
4.875	5.5	-0.00213761234887831
5.125	5.5	-0.00213733642393509
5.375	5.5	-0.00213704472903475
5.625	5.5	-0.00213673696669864
5.875	5.5	-0.00213641282311981
6.125	5.5	-0.0021360719677893
6.375	5.5	-0.00213571405305611
6.625	5.5	-0.00213533871358784
6.875	5.5	-0.00213494556567756
7.125	5.5	-0.00213453420630785
7.375	5.5	-0.00213410421182546
7.625	5.5	-0.00213365513598556
7.875	5.5	-0.0021331865069693
8.125	5.5	-0.00213269782272262
8.375	5.5	-0.00213218854354375
8.625	5.5	-0.00213165808015417
8.875	5.5	-0.00213110577434902
9.125	5.5	-0.00213053086744793
9.375	5.5	-0.00212993244868233
9.625	5.5	-0.0021293093705789
9.875	5.5	-0.00212866011004477
10.125	5.5	-0.00212798254011297
10.375	5.5	-0.00212727355468517
10.625	5.5	-0.0021265284513826
10.875	5.5	-0.00212573991635854
11.125	5.5	-0.00212489635412209
11.375	5.5	-0.00212397913954431
11.625	5.5	-0.0021229580962559
11.875	5.5	-0.00212178405647504
12.125	5.5	-0.00212037661818255
12.375	5.5	-0.00211860399933678
12.625	5.5	-0.00211624988757173
12.875	5.5	-0.00211295889097416
13.125	5.5	-0.00210814677783686
13.375	5.5	-0.00210085278049346
13.625	5.5	-0.00208949657812768
13.875	5.5	-0.00207147846617185
14.125	5.5	-0.00204252159564196
14.375	5.5	-0.00199559008482154
14.625	5.5	-0.00191911004343556
14.875	5.5	-0.00179404576278244
15.125	5.5	-0.00158909812512237
15.375	5.5	-0.00125282950684087
15.625	5.5	-0.000700775533787444
15.875	5.5	0.000205572746166301
16.125	5.5	0.00169284233897658
16.375	5.5	0.00413047393670529
16.625	5.5	0.00811706406297117
16.875	5.5	0.0146127807614067
17.125	5.5	0.0251321760137158
17.375	5.5	0.0419981484794168
17.625	5.5	0.068607348142958
17.875	5.5	0.109528212078019
18.125	5.5	0.170012914885005
18.375	5.5	0.254276847786135
18.625	5.5	0.362263292625557
18.875	5.5	0.486430992065608
19.125	5.5	0.61232637377729
19.375	5.5	0.724672643127687
19.625	5.5	0.814209156288412
19.875	5.5	0.879491208874535
20.125	5.5	0.924136149685762
20.375	5.5	0.953373028475456
20.625	5.5	0.971987861918407
20.875	5.5	0.98363010919868
21.125	5.5	0.990830825460692
21.375	5.5	0.99525380541199
21.625	5.5	0.997958963936978
21.875	5.5	0.999609018705064
22.125	5.5	1.00061371364268
22.375	5.5	1.00122467441584
22.625	5.5	1.00159579333491
22.875	5.5	1.001820956074
23.125	5.5	1.00195735342513
23.375	5.5	1.00203979136198
23.625	5.5	1.00208944068169
23.875	5.5	1.00211917406812
24.125	5.5	1.00213681687033
24.375	5.5	1.00214712540462
24.625	5.5	1.00215299023726
24.875	5.5	1.00215616783449
25.125	5.5	1.00215772535208
25.375	5.5	1.00215831100296
25.625	5.5	1.00215831838995
25.875	5.5	1.00215798638474
26.125	5.5	1.00215745983137
26.375	5.5	1.00215682643921
26.625	5.5	1.00215613920474
26.875	5.5	1.00215543003824
27.125	5.5	1.00215471804518
27.375	5.5	1.002154014559
27.625	5.5	1.0021533261996
27.875	5.5	1.00215265673186
28.125	5.5	1.00215200819491
28.375	5.5	1.00215138158827
28.625	5.5	1.00215077728861
28.875	5.5	1.00215019530282
29.125	5.5	1.00214963542162
29.375	5.5	1.00214909731269
29.625	5.5	1.00214858057714
29.875	5.5	1.0021480847836
30.125	5.5	1.00214760948875
30.375	5.5	1.00214715424969
30.625	5.5	1.00214671863122
30.875	5.5	1.00214630221018
31.125	5.5	1.0021459045779
31.375	5.5	1.00214552534154
31.625	5.5	1.00214516412481
31.875	5.5	1.00214482056824
32.125	5.5	1.00214449432923
32.375	5.5	1.00214418508198
32.625	5.5	1.00214389251734
32.875	5.5	1.00214361634257
33.125	5.5	1.00214335628118
33.375	5.5	1.00214311207262
33.625	5.5	1.00214288347214
33.875	5.5	1.00214267025053
34.125	5.5	1.00214247219391
34.375	5.5	1.00214228910354
34.625	5.5	1.00214212079567
34.875	5.5	1.00214196710129
35.125	5.5	1.00214182786606
35.375	5.5	1.00214170295012
35.625	5.5	1.00214159222795
35.875	5.5	1.0021414955883
36.125	5.5	1.00214141293402
36.375	5.5	1.00214134418204
36.625	5.5	1.00214128926323
36.875	5.5	1.00214124812238
37.125	5.5	1.0021412207181
37.375	5.5	1.00214120702285
0.125	6.5	-0.00214165763119118
0.375	6.5	-0.002141646249214
0.625	6.5	-0.00214162347342859
0.875	6.5	-0.00214158928016148
1.125	6.5	-0.00214154363387408
1.375	6.5	-0.00214148648712865
1.625	6.5	-0.0021414177805428
1.875	6.5	-0.00214133744273262
2.125	6.5	-0.00214124539024425
2.375	6.5	-0.00214114152747385
2.625	6.5	-0.00214102574657592
2.875	6.5	-0.00214089792735978
3.125	6.5	-0.00214075793717417
3.375	6.5	-0.00214060563077975
3.625	6.5	-0.00214044085020926
3.875	6.5	-0.00214026342461515
4.125	6.5	-0.00214007317010429
4.375	6.5	-0.00213986988955915
4.625	6.5	-0.00213965337244474
4.875	6.5	-0.00213942339460015
5.125	6.5	-0.00213917971801271
5.375	6.5	-0.00213892209057204
5.625	6.5	-0.00213865024579928
5.875	6.5	-0.00213836390254385
6.125	6.5	-0.00213806276463567
6.375	6.5	-0.00213774652047272
6.625	6.5	-0.00213741484251116
6.875	6.5	-0.00213706738660431
7.125	6.5	-0.00213670379110211
7.375	6.5	-0.0021363236755661
7.625	6.5	-0.00213592663886115
7.875	6.5	-0.00213551225623171
8.125	6.5	-0.00213508007471695
8.375	6.5	-0.00213462960584275
8.625	6.5	-0.00213416031384322
8.875	6.5	-0.00213367159653623
9.125	6.5	-0.00213316275412194
9.375	6.5	-0.00213263293811872
9.625	6.5	-0.00213208106762537
9.875	6.5	-0.0021315056918282
10.125	6.5	-0.00213090476406208
10.375	6.5	-0.0021302752703398
10.625	6.5	-0.00212961261841165
10.875	6.5	-0.00212890963277423
11.125	6.5	-0.00212815490125665
11.375	6.5	-0.00212733005460122
11.625	6.5	-0.00212640529023895
11.875	6.5	-0.00212533200681055
12.125	6.5	-0.00212403068430504
12.375	6.5	-0.00212237094071721
12.625	6.5	-0.00212013871504997
12.875	6.5	-0.00211698226684739
13.125	6.5	-0.00211232331940198
13.375	6.5	-0.0021052108509249
13.625	6.5	-0.00209408052569537
13.875	6.5	-0.00207635889314276
14.125	6.5	-0.00204781225802608
14.375	6.5	-0.00200147569910741
14.625	6.5	-0.00192589202330836
14.875	6.5	-0.00180221740212604
15.125	6.5	-0.00159946806322554
15.375	6.5	-0.00126672415271586
15.625	6.5	-0.00072037005741428
15.875	6.5	0.00017671559199364
16.125	6.5	0.00164890151231523
16.375	6.5	0.00406198040336685
16.625	6.5	0.00800872906545586
16.875	6.5	0.0144402251749702
17.125	6.5	0.0248573292198841
17.375	6.5	0.0415636201180434
17.625	6.5	0.0679317262546614
17.875	6.5	0.108507980516724
18.125	6.5	0.168542431665295
18.375	6.5	0.252299592062834
18.625	6.5	0.35984771124404
18.875	6.5	0.483812497813117
19.125	6.5	0.609835959438825
19.375	6.5	0.722579548740423
19.625	6.5	0.812620576603921
19.875	6.5	0.878373154188061
20.125	6.5	0.923388714577982
20.375	6.5	0.95288948162505
20.625	6.5	0.971681001223664
20.875	6.5	0.983437196168149
21.125	6.5	0.990709749776324
21.375	6.5	0.995177410673267
21.625	6.5	0.997910145862158
21.875	6.5	0.999577154919053
22.125	6.5	1.00059226258688
22.375	6.5	1.00120962767538
22.625	6.5	1.00158470173081
22.875	6.5	1.00181232533993
23.125	6.5	1.00195027232451
23.375	6.5	1.00203370398207
23.625	6.5	1.00208400742774
23.875	6.5	1.00211418696071
24.125	6.5	1.00213214798937
24.375	6.5	1.00214269552997
24.625	6.5	1.00214874978179
24.875	6.5	1.00215208525381
25.125	6.5	1.00215378009992
25.375	6.5	1.00215448924957
25.625	6.5	1.00215461041955
25.875	6.5	1.00215438501337
26.125	6.5	1.00215395944468
26.375	6.5	1.00215342240694
26.625	6.5	1.00215282752412
26.875	6.5	1.00215220711644
27.125	6.5	1.00215158056621
27.375	6.5	1.00215095940206
27.625	6.5	1.00215035038855
27.875	6.5	1.00214975740367
28.125	6.5	1.0021491825797
28.375	6.5	1.00214862699634
28.625	6.5	1.00214809110174
28.875	6.5	1.00214757496819
29.125	6.5	1.00214707844734
29.375	6.5	1.0021466012643
29.625	6.5	1.00214614307474
29.875	6.5	1.00214570349931
30.125	6.5	1.00214528214452
30.375	6.5	1.00214487861512
30.625	6.5	1.00214449252164
30.875	6.5	1.00214412348471
31.125	6.5	1.00214377113756
31.375	6.5	1.00214343512749
31.625	6.5	1.00214311511655
31.875	6.5	1.00214281078185
32.125	6.5	1.00214252181568
32.375	6.5	1.00214224792544
32.625	6.5	1.00214198883349
32.875	6.5	1.00214174427699
33.125	6.5	1.00214151400767
33.375	6.5	1.00214129779167
33.625	6.5	1.00214109540929
33.875	6.5	1.00214090665482
34.125	6.5	1.00214073133634
34.375	6.5	1.00214056927553
34.625	6.5	1.00214042030753
34.875	6.5	1.00214028428073
35.125	6.5	1.00214016105669
35.375	6.5	1.00214005050996
35.625	6.5	1.00213995252798
35.875	6.5	1.00213986701096
36.125	6.5	1.0021397938718
36.375	6.5	1.00213973303599
36.625	6.5	1.00213968444157
36.875	6.5	1.00213964803901
37.125	6.5	1.00213962379123
37.375	6.5	1.00213961167351
0.125	7.5	-0.00214335938246135
0.375	7.5	-0.0021433497127661
0.625	7.5	-0.00214333036312337
0.875	7.5	-0.00214330131301862
1.125	7.5	-0.00214326253165496
1.375	7.5	-0.00214321397792302
1.625	7.5	-0.00214315560036078
1.875	7.5	-0.00214308733710321
2.125	7.5	-0.00214300911582173
2.375	7.5	-0.00214292085365346
2.625	7.5	-0.00214282245712
2.875	7.5	-0.00214271382203586
3.125	7.5	-0.00214259483340621
3.375	7.5	-0.00214246536531392
3.625	7.5	-0.00214232528079561
3.875	7.5	-0.00214217443170654
4.125	7.5	-0.00214201265857386
4.375	7.5	-0.00214183979043771
4.625	7.5	-0.00214165564467956
4.875	7.5	-0.00214146002683635
5.125	7.5	-0.00214125273039885
5.375	7.5	-0.00214103353659125
5.625	7.5	-0.00214080221412743
5.875	7.5	-0.00214055851893643
6.125	7.5	-0.00214030219384498
6.375	7.5	-0.00214003296819741
6.625	7.5	-0.00213975055738042
6.875	7.5	-0.00213945466219951
7.125	7.5	-0.00213914496801996
7.375	7.5	-0.00213882114352862
7.625	7.5	-0.00213848283888071
7.875	7.5	-0.00213812968284359
8.125	7.5	-0.0021377612782991
8.375	7.5	-0.00213737719505417
8.625	7.5	-0.00213697695823192
8.875	7.5	-0.00213656002939981
9.125	7.5	-0.00213612577575635
9.375	7.5	-0.00213567341967793
9.625	7.5	-0.00213520195595769
9.875	7.5	-0.00213471001589054
10.125	7.5	-0.00213419564390167
10.375	7.5	-0.00213365593027198
10.625	7.5	-0.00213308640707467
10.875	7.5	-0.00213248005447523
11.125	7.5	-0.00213182566587672
11.375	7.5	-0.0021311051580265
11.625	7.5	-0.00213028914502266
11.875	7.5	-0.00212932965551128
12.125	7.5	-0.00212814814892401
12.375	7.5	-0.00212661579619566
12.625	7.5	-0.00212452103165014
12.875	7.5	-0.00212151615985122
13.125	7.5	-0.00211702949865239
13.375	7.5	-0.00211012081634685
13.625	7.5	-0.00209924347224775
13.875	7.5	-0.00208185307509101
14.125	7.5	-0.00205376369090318
14.375	7.5	-0.00200808893118358
14.625	7.5	-0.00193350074796778
14.875	7.5	-0.00181136765492429
15.125	7.5	-0.00161105484814166
15.375	7.5	-0.00128221544888224
15.625	7.5	-0.00074217311843212
15.875	7.5	0.000144657880537559
16.125	7.5	0.00160014678163159
16.375	7.5	0.00398604794874903
16.625	7.5	0.00788869368963893
16.875	7.5	0.0142490898171691
17.125	7.5	0.0245529119947418
17.375	7.5	0.0410822727053082
17.625	7.5	0.0671830079219618
17.875	7.5	0.107376533922806
18.125	7.5	0.166909718035347
18.375	7.5	0.250100374102199
18.625	7.5	0.357154721010013
18.875	7.5	0.48088527997894
19.125	7.5	0.607044119951223
19.375	7.5	0.720227330500827
19.625	7.5	0.8108319130541
19.875	7.5	0.877112572717098
20.125	7.5	0.922545239876686
20.375	7.5	0.952343490922394
20.625	7.5	0.971334392120004
20.875	7.5	0.983219249685431
21.125	7.5	0.99057294702495
21.375	7.5	0.99509108800361
21.625	7.5	0.997854982927958
21.875	7.5	0.999541150583126
22.125	7.5	1.00056802534944
22.375	7.5	1.0011926280303
22.625	7.5	1.00157217202328
22.875	7.5	1.00180257697518
23.125	7.5	1.00194227555226
23.375	7.5	1.00202683058228
23.625	7.5	1.00207787362691
23.875	7.5	1.00210855771331
24.125	7.5	1.00212687871748
24.375	7.5	1.00213769668648
24.625	7.5	1.00214396530488
24.875	7.5	1.00214747947022
25.125	7.5	1.00214932976501
25.375	7.5	1.00215017870934
25.625	7.5	1.00215042867007
25.875	7.5	1.00215032391306
26.125	7.5	1.00215001262708
26.375	7.5	1.00214958461917
26.625	7.5	1.00214909422386
26.875	7.5	1.00214857422604
27.125	7.5	1.00214804432231
27.375	7.5	1.00214751626318
27.625	7.5	1.00214699697794
27.875	7.5	1.00214649047364
28.125	7.5	1.00214599898894
28.375	7.5	1.00214552369518
28.625	7.5	1.0021450651223
28.875	7.5	1.00214462341742
29.125	7.5	1.00214419850189
29.375	7.5	1.00214379016656
29.625	7.5	1.00214339812947
29.875	7.5	1.0021430220708
30.125	7.5	1.00214266165396
30.375	7.5	1.00214231653822
30.625	7.5	1.00214198638631
30.875	7.5	1.00214167086884
31.125	7.5	1.00214136966694
31.375	7.5	1.00214108247369
31.625	7.5	1.00214080899485
31.875	7.5	1.00214054894932
32.125	7.5	1.00214030206913
32.375	7.5	1.00214006809953
32.625	7.5	1.00213984679879
32.875	7.5	1.00213963793813
33.125	7.5	1.00213944130148
33.375	7.5	1.00213925668531
33.625	7.5	1.00213908389849
33.875	7.5	1.00213892276205
34.125	7.5	1.00213877310907
34.375	7.5	1.00213863478447
34.625	7.5	1.00213850764488
34.875	7.5	1.0021383915585
35.125	7.5	1.00213828640495
35.375	7.5	1.0021381920752
35.625	7.5	1.00213810847141
35.875	7.5	1.00213803550686
36.125	7.5	1.00213797310583
36.375	7.5	1.0021379212036
36.625	7.5	1.0021378797463
36.875	7.5	1.00213784869092
37.125	7.5	1.00213782800521
37.375	7.5	1.00213781766773
0.125	8.5	-0.00214522065450589
0.375	8.5	-0.00214521286520888
0.625	8.5	-0.00214519727810587
0.875	8.5	-0.00214517387617025
1.125	8.5	-0.00214514263384079
1.375	8.5	-0.00214510351699598
1.625	8.5	-0.00214505648291979
1.875	8.5	-0.00214500148025882
2.125	8.5	-0.00214493844897075
2.375	8.5	-0.00214486732026398
2.625	8.5	-0.00214478801652853
2.875	8.5	-0.00214470045125785
3.125	8.5	-0.00214460452896167
3.375	8.5	-0.00214450014506957
3.625	8.5	-0.00214438718582511
3.875	8.5	-0.00214426552817036
4.125	8.5	-0.00214413503962031
4.375	8.5	-0.00214399557812677
4.625	8.5	-0.00214384699193094
4.875	8.5	-0.00214368911940361
5.125	8.5	-0.00214352178887096
5.375	8.5	-0.00214334481842349
5.625	8.5	-0.00214315801570316
5.875	8.5	-0.00214296117766171
6.125	8.5	-0.00214275409027798
6.375	8.5	-0.00214253652821474
6.625	8.5	-0.00214230825438317
6.875	8.5	-0.00214206901936214
7.125	8.5	-0.00214181856058642
7.375	8.5	-0.00214155660116172
7.625	8.5	-0.00214128284807371
7.875	8.5	-0.00214099698940757
8.125	8.5	-0.00214069868994739
8.375	8.5	-0.00214038758411802
8.625	8.5	-0.00214006326456212
8.875	8.5	-0.00213972526354381
9.125	8.5	-0.00213937302255699
9.375	8.5	-0.00213900584253318
9.625	8.5	-0.00213862280213475
9.875	8.5	-0.00213822262354092
10.125	8.5	-0.00213780345184095
10.375	8.5	-0.00213736249227477
10.625	8.5	-0.00213689541356623
10.875	8.5	-0.00213639536636385
11.125	8.5	-0.0021358513683374
11.375	8.5	-0.00213524564709627
11.625	8.5	-0.00213454926818235
11.875	8.5	-0.00213371494111864
12.125	8.5	-0.00213266518190329
12.375	8.5	-0.00213127283449939
12.625	8.5	-0.00212932901910481
12.875	8.5	-0.00212649039157587
13.125	8.5	-0.00212219236079571
13.375	8.5	-0.00211550629436403
13.625	8.5	-0.00210490457028544
13.875	8.5	-0.00208787402652244
14.125	8.5	-0.00206028005242214
14.375	8.5	-0.00201532064410633
14.625	8.5	-0.00194180651599607
14.875	8.5	-0.00182133433000724
15.125	8.5	-0.00162364422045264
15.375	8.5	-0.00129900492289206
15.625	8.5	-0.000765749291146869
15.875	8.5	0.000110058382981644
16.125	8.5	0.00154760136485863
16.375	8.5	0.0039042935373422
16.625	8.5	0.00775953814966731
16.875	8.5	0.0140435052710496
17.125	8.5	0.0242255164559379
17.375	8.5	0.0405645184937915
17.625	8.5	0.0663773149174452
17.875	8.5	0.106158014413238
18.125	8.5	0.165149084535305
18.375	8.5	0.247724340608583
18.625	8.5	0.354237811145541
18.875	8.5	0.477705101432896
19.125	8.5	0.604001642200188
19.375	8.5	0.717656943674449
19.625	8.5	0.808873197867774
19.875	8.5	0.875730064950657
20.125	8.5	0.921619254275642
20.375	8.5	0.951743706351591
20.625	8.5	0.970953482317554
20.875	8.5	0.982979677426437
21.125	8.5	0.990422548293271
21.375	8.5	0.994996178025886
21.625	8.5	0.997794329209853
21.875	8.5	0.999501561163
22.125	8.5	1.00054137424764
22.375	8.5	1.00117393530983
22.625	8.5	1.00155839470019
22.875	8.5	1.00179185844194
23.125	8.5	1.00193348358876
23.375	8.5	1.00201927444551
23.625	8.5	1.00207113133733
23.875	8.5	1.00210237081233
24.125	8.5	1.00212108821101
24.375	8.5	1.0021322040835
24.625	8.5	1.0021387089294
24.875	8.5	1.00214242006275
25.125	8.5	1.00214444173145
25.375	8.5	1.00214544480239
25.625	8.5	1.00214583675653
25.875	8.5	1.00214586500852
26.125	8.5	1.00214567970073
26.375	8.5	1.00214537186643
26.625	8.5	1.0021449966233
26.875	8.5	1.00214458726902
27.125	8.5	1.00214416384755
27.375	8.5	1.00214373835507
27.625	8.5	1.00214331790364
27.875	8.5	1.00214290664376
28.125	8.5	1.0021425069325
28.375	8.5	1.00214212004336
28.625	8.5	1.00214174659747
28.875	8.5	1.00214138682543
29.125	8.5	1.00214104072638
29.375	8.5	1.00214070816445
29.625	8.5	1.00214038892729
29.875	8.5	1.00214008276142
30.125	8.5	1.00213978939368
30.375	8.5	1.00213950854408
30.625	8.5	1.00213923993346
30.875	8.5	1.00213898328813
31.125	8.5	1.00213873834249
31.375	8.5	1.00213850484053
31.625	8.5	1.00213828253669
31.875	8.5	1.00213807119625
32.125	8.5	1.00213787059548
32.375	8.5	1.00213768052164
32.625	8.5	1.00213750077293
32.875	8.5	1.00213733115837
33.125	8.5	1.00213717149762
33.375	8.5	1.00213702162087
33.625	8.5	1.00213688136866
33.875	8.5	1.00213675059171
34.125	8.5	1.00213662915081
34.375	8.5	1.00213651691668
34.625	8.5	1.00213641376977
34.875	8.5	1.00213631960024
35.125	8.5	1.00213623430778
35.375	8.5	1.00213615780151
35.625	8.5	1.00213608999992
35.875	8.5	1.00213603083075
36.125	8.5	1.00213598023095
36.375	8.5	1.00213593814658
36.625	8.5	1.0021359045328
36.875	8.5	1.00213587935377
37.125	8.5	1.00213586258264
37.375	8.5	1.00213585420155
0.125	9.5	-0.00214721060727834
0.375	9.5	-0.00214720483792355
0.625	9.5	-0.00214719329258827
0.875	9.5	-0.00214717595801416
1.125	9.5	-0.00214715281429655
1.375	9.5	-0.00214712383486374
1.625	9.5	-0.00214708898644946
1.875	9.5	-0.0021470482290583
2.125	9.5	-0.00214700151592416
2.375	9.5	-0.0021469487934616
2.625	9.5	-0.00214689000121
2.875	9.5	-0.00214682507177056
3.125	9.5	-0.00214675393073578
3.375	9.5	-0.00214667649661156
3.625	9.5	-0.0021465926807315
3.875	9.5	-0.00214650238716335
4.125	9.5	-0.00214640551260705
4.375	9.5	-0.00214630194628411
4.625	9.5	-0.00214619156981735
4.875	9.5	-0.00214607425710011
5.125	9.5	-0.00214594987415297
5.375	9.5	-0.00214581827896535
5.625	9.5	-0.00214567932131742
5.875	9.5	-0.00214553284257517
6.125	9.5	-0.00214537867544676
6.375	9.5	-0.00214521664368085
6.625	9.5	-0.00214504656167547
6.875	9.5	-0.00214486823394541
7.125	9.5	-0.00214468145436304
7.375	9.5	-0.00214448600503276
7.625	9.5	-0.00214428165456881
7.875	9.5	-0.00214406815539806
8.125	9.5	-0.00214384523946535
8.375	9.5	-0.00214361261131703
8.625	9.5	-0.00214336993687766
8.875	9.5	-0.00214311682514714
9.125	9.5	-0.00214285279825594
9.375	9.5	-0.00214257724237128
9.625	9.5	-0.00214228932710102
9.875	9.5	-0.0021419878730685
10.125	9.5	-0.00214167113420954
10.375	9.5	-0.00214133643975197
10.625	9.5	-0.00214097960530804
10.875	9.5	-0.00214059396404613
11.125	9.5	-0.00214016877270419
11.375	9.5	-0.00213968658890214
11.625	9.5	-0.00213911895571854
11.875	9.5	-0.00213841930085817
12.125	9.5	-0.00213751125241848
12.375	9.5	-0.00213626941268973
12.625	9.5	-0.00213448772178847
12.875	9.5	-0.00213182740087845
13.125	9.5	-0.00212773129522871
13.375	9.5	-0.00212128293296101
13.625	9.5	-0.00211097462689237
13.875	9.5	-0.00209432594397085
14.125	9.5	-0.00206725605646803
14.375	9.5	-0.00202305138317486
14.625	9.5	-0.00195066803410939
14.875	9.5	-0.00183194171771398
15.125	9.5	-0.00163700540945445
15.375	9.5	-0.00131677285283605
15.625	9.5	-0.000790634301971036
15.875	9.5	7.3617005887796e-05
16.125	9.5	0.00149234958826526
16.375	9.5	0.00381842780017014
16.625	9.5	0.00762398945409573
16.875	9.5	0.0138278355424648
17.125	9.5	0.0238821089751966
17.375	9.5	0.0400213714337067
17.625	9.5	0.0655317332031716
17.875	9.5	0.104878091087582
18.125	9.5	0.163297198673689
18.375	9.5	0.245220104118633
18.625	9.5	0.351155167916709
18.875	9.5	0.474333377108268
19.125	9.5	0.60076519656038
19.375	9.5	0.714914636961038
19.625	9.5	0.806778672083935
19.875	9.5	0.874249282918239
20.125	9.5	0.920626363513945
20.375	9.5	0.951100135255469
20.625	9.5	0.970544584880407
20.875	9.5	0.982722431278581
21.125	9.5	0.990261025016544
21.375	9.5	0.994894234433917
21.625	9.5	0.997729173160079
21.875	9.5	0.999459028102862
22.125	9.5	1.00051273787877
22.375	9.5	1.0011538473971
22.625	9.5	1.00154358709044
22.875	9.5	1.00178033710959
23.125	9.5	1.0019240324966
23.375	9.5	1.00201115170213
23.625	9.5	1.00206388370041
23.875	9.5	1.00209572065667
24.125	9.5	1.00211486473208
24.375	9.5	1.00212630145386
24.625	9.5	1.00213306085916
24.875	9.5	1.00213698433679
25.125	9.5	1.00213919081174
25.375	9.5	1.00214036011665
25.625	9.5	1.00214090522676
25.875	9.5	1.00214107694065
26.125	9.5	1.00214102750114
26.375	9.5	1.00214084926086
26.625	9.5	1.00214059818096
26.875	9.5	1.00214030811219
27.125	9.5	1.0021399994738
27.375	9.5	1.00213968452801
27.625	9.5	1.00213937058523
27.875	9.5	1.00213906195193
28.125	9.5	1.00213876111424
28.375	9.5	1.00213846945707
28.625	9.5	1.0021381877011
28.875	9.5	1.00213791616814
29.125	9.5	1.00213765494228
29.375	9.5	1.00213740396771
29.625	9.5	1.00213716310805
29.875	9.5	1.00213693218226
30.125	9.5	1.00213671098641
30.375	9.5	1.0021364993067
30.625	9.5	1.00213629692742
30.875	9.5	1.00213610363552
31.125	9.5	1.00213591922344
31.375	9.5	1.00213574349067
31.625	9.5	1.00213557624459
31.875	9.5	1.00213541730101
32.125	9.5	1.00213526648428
32.375	9.5	1.0021351236274
32.625	9.5	1.00213498857196
32.875	9.5	1.00213486116809
33.125	9.5	1.00213474127428
33.375	9.5	1.00213462875734
33.625	9.5	1.00213452349221
33.875	9.5	1.00213442536187
34.125	9.5	1.00213433425721
34.375	9.5	1.00213425007691
34.625	9.5	1.00213417272733
34.875	9.5	1.00213410212243
35.125	9.5	1.00213403818365
35.375	9.5	1.00213398083985
35.625	9.5	1.00213393002721
35.875	9.5	1.00213388568918
36.125	9.5	1.00213384777641
36.375	9.5	1.00213381624671
36.625	9.5	1.00213379106496
36.875	9.5	1.00213377220314
37.125	9.5	1.00213375964025
37.375	9.5	1.0021337533623
0.125	10.5	-0.0021492961113528
0.375	10.5	-0.00214929247060753
0.625	10.5	-0.00214928518448751
0.875	10.5	-0.00214927424372874
1.125	10.5	-0.00214925963442255
1.375	10.5	-0.00214924133800041
1.625	10.5	-0.00214921933121363
1.875	10.5	-0.00214919358610788
2.125	10.5	-0.00214916406999261
2.375	10.5	-0.00214913074540511
2.625	10.5	-0.00214909357006937
2.875	10.5	-0.00214905249684944
3.125	10.5	-0.00214900747369735
3.375	10.5	-0.00214895844359541
3.625	10.5	-0.00214890534449263
3.875	10.5	-0.00214884810923514
4.125	10.5	-0.00214878666549029
4.375	10.5	-0.00214872093566386
4.625	10.5	-0.00214865083680972
4.875	10.5	-0.00214857628053088
5.125	10.5	-0.00214849717287018
5.375	10.5	-0.00214841341418789
5.625	10.5	-0.00214832489902188
5.875	10.5	-0.00214823151592309
6.125	10.5	-0.00214813314725495
6.375	10.5	-0.00214802966893736
6.625	10.5	-0.0021479209501045
6.875	10.5	-0.00214780685262492
7.125	10.5	-0.00214768723040036
7.375	10.5	-0.00214756192830482
7.625	10.5	-0.00214743078053721
7.875	10.5	-0.00214729360801401
8.125	10.5	-0.00214715021418783
8.375	10.5	-0.00214700037828121
8.625	10.5	-0.00214684384427323
8.875	10.5	-0.00214668030290295
9.125	10.5	-0.0021465093621887
9.375	10.5	-0.00214633049905592
9.625	10.5	-0.0021461429798861
9.875	10.5	-0.00214594572993158
10.125	10.5	-0.00214573711859582
10.375	10.5	-0.00214551460627686
10.625	10.5	-0.0021452741634191
10.875	10.5	-0.00214500931473961
11.125	10.5	-0.00214470956668438
11.375	10.5	-0.00214435781999357
11.625	10.5	-0.00214392611226822
11.875	10.5	-0.00214336861256263
12.125	10.5	-0.00214261009420894
12.375	10.5	-0.00214152696714683
12.625	10.5	-0.00213991606714206
12.875	10.5	-0.00213744329960832
13.125	10.5	-0.00213355913598284
13.375	10.5	-0.00212735957095989
13.625	10.5	-0.00211735734918462
13.875	10.5	-0.00210110557739053
14.125	10.5	-0.00207457853727885
14.375	10.5	-0.00203115324443407
14.625	10.5	-0.00195993477165669
14.875	10.5	-0.0018430037301026
15.125	10.5	-0.00165089555219925
15.375	10.5	-0.0013351847759538
15.625	10.5	-0.000816344958736112
15.875	10.5	3.60592605890646e-05
16.125	10.5	0.00143551219593741
16.375	10.5	0.0037302154132274
16.625	10.5	0.00748485759113469
16.875	10.5	0.0136065754442566
17.125	10.5	0.0235298663932118
17.375	10.5	0.0394641896777002
17.625	10.5	0.0646639185919564
17.875	10.5	0.103563381470828
18.125	10.5	0.161392291436399
18.375	10.5	0.242638759777854
18.625	10.5	0.347968619024789
18.875	10.5	0.47083623062438
19.125	10.5	0.597396649593714
19.375	10.5	0.712051539793325
19.625	10.5	0.804586573737627
19.875	10.5	0.872696832930897
20.125	10.5	0.919584208560955
20.375	10.5	0.950424124678117
20.625	10.5	0.970114870443308
20.875	10.5	0.98245200346317
21.125	10.5	0.990091186640035
21.375	10.5	0.994787022279672
21.625	10.5	0.997660636169654
21.875	10.5	0.999414277524162
22.125	10.5	1.00048259989805
22.375	10.5	1.00113269905946
22.625	10.5	1.00152799223283
22.875	10.5	1.00176819915417
23.125	10.5	1.00191407284527
23.375	10.5	1.0020025902769
23.625	10.5	1.00205624390774
23.875	10.5	1.00208871054314
24.125	10.5	1.00210830465148
24.375	10.5	1.00212008007386
24.625	10.5	1.00212710841551
24.875	10.5	1.00213125637711
25.125	10.5	1.00213365831601
25.375	10.5	1.00213500349306
25.625	10.5	1.00213571066248
25.875	10.5	1.00213603418334
26.125	10.5	1.00213612850967
26.375	10.5	1.00213608738418
26.625	10.5	1.00213596765778
26.875	10.5	1.00213580376554
27.125	10.5	1.00213561652406
27.375	10.5	1.00213541847788
27.625	10.5	1.00213521714849
27.875	10.5	1.00213501700875
28.125	10.5	1.00213482068266
28.375	10.5	1.00213462967446
28.625	10.5	1.00213444481148
28.875	10.5	1.00213426651327
29.125	10.5	1.00213409495503
29.375	10.5	1.00213393016677
29.625	10.5	1.00213377209354
29.875	10.5	1.00213362063193
30.125	10.5	1.00213347565211
30.375	10.5	1.00213333701123
30.625	10.5	1.00213320456139
30.875	10.5	1.00213307815447
31.125	10.5	1.00213295764498
31.375	10.5	1.00213284289169
31.625	10.5	1.0021327337586
31.875	10.5	1.00213263011546
32.125	10.5	1.00213253183798
32.375	10.5	1.00213243880798
32.625	10.5	1.00213235091337
32.875	10.5	1.00213226804809
33.125	10.5	1.0021321901121
33.375	10.5	1.00213211701121
33.625	10.5	1.00213204865707
33.875	10.5	1.00213198496701
34.125	10.5	1.002131925864
34.375	10.5	1.00213187127652
34.625	10.5	1.00213182113851
34.875	10.5	1.00213177538927
35.125	10.5	1.00213173397344
35.375	10.5	1.00213169684084
35.625	10.5	1.00213166394652
35.875	10.5	1.00213163525063
36.125	10.5	1.00213161071842
36.375	10.5	1.00213159032015
36.625	10.5	1.00213157403113
36.875	10.5	1.0021315618316
37.125	10.5	1.00213155370678
37.375	10.5	1.00213154964684
0.125	11.5	-0.00215144225430114
0.375	11.5	-0.00215144081809478
0.625	11.5	-0.0021514379431321
0.875	11.5	-0.00215143362431006
1.125	11.5	-0.00215142785396633
1.375	11.5	-0.00215142062186994
1.625	11.5	-0.00215141191520879
1.875	11.5	-0.00215140171857399
2.125	11.5	-0.00215139001394094
2.375	11.5	-0.00215137678064723
2.625	11.5	-0.00215136199536715
2.875	11.5	-0.00215134563208281
3.125	11.5	-0.00215132766205182
3.375	11.5	-0.00215130805377133
3.625	11.5	-0.00215128677293831
3.875	11.5	-0.00215126378240589
4.125	11.5	-0.00215123904213542
4.375	11.5	-0.00215121250914377
4.625	11.5	-0.0021511841374453
4.875	11.5	-0.00215115387798731
5.125	11.5	-0.00215112167857743
5.375	11.5	-0.00215108748380016
5.625	11.5	-0.00215105123491835
5.875	11.5	-0.00215101286975261
6.125	11.5	-0.00215097232252708
6.375	11.5	-0.00215092952366306
6.625	11.5	-0.00215088439948959
6.875	11.5	-0.00215083687182069
7.125	11.5	-0.00215078685731643
7.375	11.5	-0.00215073426649161
7.625	11.5	-0.00215067900214831
7.875	11.5	-0.00215062095686372
8.125	11.5	-0.00215056000892778
8.375	11.5	-0.00215049601573347
8.625	11.5	-0.00215042880297997
8.875	11.5	-0.00215035814698998
9.125	11.5	-0.0021502837457012
9.375	11.5	-0.00215020517102558
9.625	11.5	-0.00215012179055463
9.875	11.5	-0.00215003263882854
10.125	11.5	-0.00214993620561835
10.375	11.5	-0.00214983008765895
10.625	11.5	-0.00214971041569689
10.875	11.5	-0.00214957091182589
11.125	11.5	-0.00214940133846932
11.375	11.5	-0.00214918494632894
11.625	11.5	-0.00214889427514881
11.875	11.5	-0.00214848424406478
12.125	11.5	-0.00214788078202353
12.375	11.5	-0.0021469621195117
12.625	11.5	-0.00214552800477403
12.875	11.5	-0.00214324905054053
13.125	11.5	-0.00213958338747879
13.375	11.5	-0.00213363952604957
13.625	11.5	-0.00212395071807501
13.875	11.5	-0.00210810372795798
14.125	11.5	-0.00208212813403721
14.375	11.5	-0.00203949184908038
14.625	11.5	-0.00196944939417053
14.875	11.5	-0.00185432707209607
15.125	11.5	-0.00166506406011969
15.375	11.5	-0.00135389780330781
15.625	11.5	-0.000842388648980911
15.875	11.5	-1.8784432745099e-06
16.125	11.5	0.00137822312876388
16.375	11.5	0.00364143799203577
16.625	11.5	0.007344975897641
16.875	11.5	0.0133842547471239
17.125	11.5	0.0231760228126097
17.375	11.5	0.0389044338080564
17.625	11.5	0.0637917238867869
17.875	11.5	0.102240898001977
18.125	11.5	0.159473383794987
18.375	11.5	0.240032899059808
18.625	11.5	0.344742529315321
18.875	11.5	0.467283447269049
19.125	11.5	0.593962236745
19.375	11.5	0.709123107447356
19.625	11.5	0.802338806858708
19.875	11.5	0.871102090059294
20.125	11.5	0.918512363268841
20.375	11.5	0.949728304070446
20.625	11.5	0.969672334169771
20.875	11.5	0.982173406803813
21.125	11.5	0.989916168400559
21.375	11.5	0.994676510111288
21.625	11.5	0.997589967288079
21.875	11.5	0.999368116500775
22.125	11.5	1.00045149624319
22.375	11.5	1.00111085975925
22.625	11.5	1.00151187705332
22.875	11.5	1.00175564796825
23.125	11.5	1.0019037682721
23.375	11.5	1.00199372855082
23.625	11.5	1.00204833393319
23.875	11.5	1.00208145144998
24.125	11.5	1.00210151127212
24.375	11.5	1.00211363761928
24.625	11.5	1.00212094492146
24.875	11.5	1.0021253259573
25.125	11.5	1.00212793098486
25.375	11.5	1.00212945898074
25.625	11.5	1.00213033465585
25.875	11.5	1.00213081604072
26.125	11.5	1.00213105987095
26.375	11.5	1.00213116132491
26.625	11.5	1.00213117817368
26.875	11.5	1.00213114545776
27.125	11.5	1.00213108440645
27.375	11.5	1.00213100785832
27.625	11.5	1.00213092355534
27.875	11.5	1.00213083614467
28.125	11.5	1.00213074839511
28.375	11.5	1.00213066193635
28.625	11.5	1.00213057770805
28.875	11.5	1.00213049623277
29.125	11.5	1.00213041778167
29.375	11.5	1.00213034247523
29.625	11.5	1.0021302703443
29.875	11.5	1.00213020136721
30.125	11.5	1.00213013549219
30.375	11.5	1.002130072651
30.625	11.5	1.00213001276714
30.875	11.5	1.00212995576074
31.125	11.5	1.00212990155155
31.375	11.5	1.00212985006065
31.625	11.5	1.00212980121149
31.875	11.5	1.00212975493046
32.125	11.5	1.00212971114719
32.375	11.5	1.0021296697947
32.625	11.5	1.00212963080948
32.875	11.5	1.00212959413147
33.125	11.5	1.00212955970402
33.375	11.5	1.00212952747389
33.625	11.5	1.00212949739113
33.875	11.5	1.00212946940908
34.125	11.5	1.00212944348429
34.375	11.5	1.00212941957647
34.625	11.5	1.0021293976484
34.875	11.5	1.00212937766594
35.125	11.5	1.00212935959795
35.375	11.5	1.00212934341625
35.625	11.5	1.00212932909559
35.875	11.5	1.0021293166136
36.125	11.5	1.00212930595077
36.375	11.5	1.00212929709044
36.625	11.5	1.00212929001876
36.875	11.5	1.00212928472466
37.125	11.5	1.00212928119986
37.375	11.5	1.00212927943884
0.125	12.5	-0.00215361287769586
0.375	12.5	-0.00215361368784427
0.625	12.5	-0.00215361530772195
0.875	12.5	-0.00215361773648958
1.125	12.5	-0.00215362097288557
1.375	12.5	-0.00215362501522292
1.625	12.5	-0.00215362986138495
1.875	12.5	-0.00215363550882
2.125	12.5	-0.00215364195453498
2.375	12.5	-0.00215364919508775
2.625	12.5	-0.00215365722657826
2.875	12.5	-0.00215366604463853
3.125	12.5	-0.00215367564442111
3.375	12.5	-0.0021536860205863
3.625	12.5	-0.00215369716728765
3.875	12.5	-0.00215370907815574
4.125	12.5	-0.00215372174627995
4.375	12.5	-0.00215373516418774
4.625	12.5	-0.00215374932382083
4.875	12.5	-0.00215376421650724
5.125	12.5	-0.00215377983292768
5.375	12.5	-0.00215379616307353
5.625	12.5	-0.00215381319619227
5.875	12.5	-0.00215383092071359
6.125	12.5	-0.00215384932414464
6.375	12.5	-0.00215386839291637
6.625	12.5	-0.00215388811215036
6.875	12.5	-0.00215390846529671
7.125	12.5	-0.00215392943356117
7.375	12.5	-0.0021539509949873
7.625	12.5	-0.00215397312297285
7.875	12.5	-0.00215399578385702
8.125	12.5	-0.00215401893298097
8.375	12.5	-0.00215404250823839
8.625	12.5	-0.00215406641949817
8.875	12.5	-0.00215409053123734
9.125	12.5	-0.0021541146340042
9.375	12.5	-0.00215413839750449
9.625	12.5	-0.0021541612934517
9.875	12.5	-0.00215418246866794
10.125	12.5	-0.00215420053632639
10.375	12.5	-0.00215421323250078
10.625	12.5	-0.00215421685108404
10.875	12.5	-0.00215420531402153
11.125	12.5	-0.00215416864146609
11.375	12.5	-0.00215409043452144
11.625	12.5	-0.00215394373322676
11.875	12.5	-0.00215368420104764
12.125	12.5	-0.00215323891021945
12.375	12.5	-0.00215248788846786
12.625	12.5	-0.0021512337549533
12.875	12.5	-0.00214915175790747
13.125	12.5	-0.00214570756538219
13.375	12.5	-0.0021400219991199
13.625	12.5	-0.00213064847725463
13.875	12.5	-0.00211520685606494
14.125	12.5	-0.00208978107396283
14.375	12.5	-0.00204792839350446
14.625	12.5	-0.00197905023107018
14.875	12.5	-0.00186571437439114
15.125	12.5	-0.00167925682390258
15.375	12.5	-0.00137256656488091
15.625	12.5	-0.000868272122297388
15.875	12.5	-3.94622154189665e-05
16.125	12.5	0.00132160853247197
16.375	12.5	0.00355386074388231
16.625	12.5	0.00720714763674622
16.875	12.5	0.0131653523830874
17.125	12.5	0.0228277322531792
17.375	12.5	0.0383534491535068
17.625	12.5	0.0629328604050485
17.875	12.5	0.100937538614304
18.125	12.5	0.157579559281189
18.375	12.5	0.237455651819295
18.625	12.5	0.341542678193692
18.875	12.5	0.463747343041033
19.125	12.5	0.590531597961086
19.375	12.5	0.706188412960274
19.625	12.5	0.800080474300779
19.875	12.5	0.869496907899555
20.125	12.5	0.917432158467365
20.375	12.5	0.949026479110997
20.625	12.5	0.969225731287381
20.875	12.5	0.981892135182557
21.125	12.5	0.989739406742127
21.375	12.5	0.994564854420834
21.625	12.5	0.997518533152534
21.875	12.5	0.999321426329458
22.125	12.5	1.00042001045007
22.375	12.5	1.00108873022748
22.625	12.5	1.00149552971744
22.875	12.5	1.00174290199994
23.125	12.5	1.0018932936296
23.375	12.5	1.00198471370782
23.625	12.5	1.00204028301241
23.875	12.5	1.00207406060831
24.125	12.5	1.00209459346725
24.375	12.5	1.00210707685501
24.625	12.5	1.00211466843306
24.875	12.5	1.00211928730685
25.125	12.5	1.0021220997883
25.375	12.5	1.00212381466511
25.625	12.5	1.00212486266507
25.875	12.5	1.00212550552901
26.125	12.5	1.00212590229994
26.375	12.5	1.00212614960976
26.625	12.5	1.00212630616264
26.875	12.5	1.00212640761435
27.125	12.5	1.00212647561473
27.375	12.5	1.00212652330301
27.625	12.5	1.00212655864732
27.875	12.5	1.0021265864742
28.125	12.5	1.00212660970191
28.375	12.5	1.00212663008987
28.625	12.5	1.00212664869404
28.875	12.5	1.00212666614371
29.125	12.5	1.00212668280954
29.375	12.5	1.00212669890577
29.625	12.5	1.00212671455216
29.875	12.5	1.00212672981174
30.125	12.5	1.0021267447136
30.375	12.5	1.00212675926676
30.625	12.5	1.00212677346858
30.875	12.5	1.0021267873098
31.125	12.5	1.00212680077763
31.375	12.5	1.00212681385756
31.625	12.5	1.00212682653447
31.875	12.5	1.00212683879324
32.125	12.5	1.00212685061917
32.375	12.5	1.00212686199814
32.625	12.5	1.00212687291675
32.875	12.5	1.00212688336237
33.125	12.5	1.00212689332313
33.375	12.5	1.00212690278796
33.625	12.5	1.00212691174652
33.875	12.5	1.00212692018925
34.125	12.5	1.00212692810728
34.375	12.5	1.00212693549247
34.625	12.5	1.00212694233733
34.875	12.5	1.00212694863504
35.125	12.5	1.0021269543794
35.375	12.5	1.00212695956486
35.625	12.5	1.00212696418644
35.875	12.5	1.00212696823977
36.125	12.5	1.00212697172103
36.375	12.5	1.00212697462699
36.625	12.5	1.00212697695497
36.875	12.5	1.00212697870281
37.125	12.5	1.00212697986893
37.375	12.5	1.00212698045226
0.125	13.5	-0.00215577113678772
0.375	13.5	-0.00215577420014067
0.625	13.5	-0.00215578032857577
0.875	13.5	-0.00215578952555252
1.125	13.5	-0.00215580179626295
1.375	13.5	-0.00215581714763487
1.625	13.5	-0.00215583558833623
1.875	13.5	-0.0021558571287806
2.125	13.5	-0.00215588178113361
2.375	13.5	-0.00215590955932044
2.625	13.5	-0.00215594047903437
2.875	13.5	-0.00215597455774617
3.125	13.5	-0.0021560118147145
3.375	13.5	-0.00215605227099703
3.625	13.5	-0.00215609594946236
3.875	13.5	-0.00215614287480241
4.125	13.5	-0.00215619307354515
4.375	13.5	-0.00215624657406727
4.625	13.5	-0.00215630340660609
4.875	13.5	-0.00215636360326988
5.125	13.5	-0.00215642719804493
5.375	13.5	-0.00215649422679694
5.625	13.5	-0.00215656472726247
5.875	13.5	-0.00215663873902379
6.125	13.5	-0.00215671630345615
6.375	13.5	-0.00215679746362908
6.625	13.5	-0.00215688226413224
6.875	13.5	-0.00215697075077656
7.125	13.5	-0.00215706297009033
7.375	13.5	-0.0021571589684776
7.625	13.5	-0.00215725879082124
7.875	13.5	-0.00215736247817204
8.125	13.5	-0.0021574700639342
8.375	13.5	-0.00215758156757699
8.625	13.5	-0.0021576969842762
8.875	13.5	-0.00215781626785854
9.125	13.5	-0.00215793930272695
9.375	13.5	-0.00215806585765513
9.625	13.5	-0.00215819550974922
9.875	13.5	-0.00215832751932147
10.125	13.5	-0.0021584606239925
10.375	13.5	-0.00215859269988805
10.625	13.5	-0.00215872020414562
10.875	13.5	-0.00215883725757549
11.125	13.5	-0.00215893413520958
11.375	13.5	-0.00215899478255206
11.625	13.5	-0.00215899272865936
11.875	13.5	-0.00215888436126591
12.125	13.5	-0.00215859786127101
12.375	13.5	-0.00215801499492284
12.625	13.5	-0.00215694115378984
12.875	13.5	-0.00215505605744284
13.125	13.5	-0.00215183263889733
13.375	13.5	-0.00214640358033107
13.625	13.5	-0.00213734172136824
13.875	13.5	-0.00212229878111921
14.125	13.5	-0.00209741103166331
14.375	13.5	-0.00205632174639294
14.625	13.5	-0.0019885737385201
14.875	13.5	-0.00187696723198886
15.125	13.5	-0.00169322017225287
15.375	13.5	-0.0013908486542997
15.625	13.5	-0.000893509349539628
15.875	13.5	-7.59724809867142e-05
16.125	13.5	0.00126676853376349
16.375	13.5	0.00346920375492915
16.625	13.5	0.00707410021410609
16.875	13.5	0.0129542230309802
17.125	13.5	0.0224919509501498
17.375	13.5	0.037822278283067
17.625	13.5	0.062104603536747
17.875	13.5	0.0996796362519281
18.125	13.5	0.155749304212104
18.375	13.5	0.234959784974591
18.625	13.5	0.338435149688452
18.875	13.5	0.460301574669981
19.125	13.5	0.587176687302394
19.375	13.5	0.703309282929218
19.625	13.5	0.797859263658793
19.875	13.5	0.867915211381016
20.125	13.5	0.91636642212325
20.375	13.5	0.948333469017872
20.625	13.5	0.968784476024794
20.875	13.5	0.981614100828357
21.125	13.5	0.989564600249104
21.375	13.5	0.994454375088652
21.625	13.5	0.997447802320183
21.875	13.5	0.999275152303773
22.125	13.5	1.00038876676134
22.375	13.5	1.00106673762063
22.625	13.5	1.00147925605032
22.875	13.5	1.00173019195757
23.125	13.5	1.0018828326826
23.375	13.5	1.00197569974626
23.625	13.5	1.0020322258597
23.875	13.5	1.00206665985781
24.125	13.5	1.00208766413413
24.375	13.5	1.00210050416147
24.625	13.5	1.00210838032297
24.875	13.5	1.00211323774189
25.125	13.5	1.00211625859745
25.375	13.5	1.00211816137644
25.625	13.5	1.00211938275692
25.875	13.5	1.00212018815099
26.125	13.5	1.00212073888688
26.375	13.5	1.00212113303781
26.625	13.5	1.00212143023502
26.875	13.5	1.00212166674712
27.125	13.5	1.00212186464423
27.375	13.5	1.00212203736715
27.625	13.5	1.00212219311181
27.875	13.5	1.00212233688614
28.125	13.5	1.00212247175993
28.375	13.5	1.00212259962449
28.625	13.5	1.00212272165422
28.875	13.5	1.00212283858716
29.125	13.5	1.00212295089545
29.375	13.5	1.0021230588889
29.625	13.5	1.00212316277797
29.875	13.5	1.002123262712
30.125	13.5	1.00212335880246
30.375	13.5	1.00212345113708
30.625	13.5	1.00212353978842
30.875	13.5	1.00212362481908
31.125	13.5	1.00212370628492
31.375	13.5	1.0021237842369
31.625	13.5	1.00212385872235
31.875	13.5	1.0021239297856
32.125	13.5	1.00212399746848
32.375	13.5	1.00212406181055
32.625	13.5	1.00212412284928
32.875	13.5	1.00212418062016
33.125	13.5	1.00212423515677
33.375	13.5	1.00212428649078
33.625	13.5	1.00212433465204
33.875	13.5	1.00212437966856
34.125	13.5	1.00212442156656
34.375	13.5	1.00212446037045
34.625	13.5	1.00212449610285
34.875	13.5	1.0021245287846
35.125	13.5	1.0021245584348
35.375	13.5	1.00212458507077
35.625	13.5	1.00212460870808
35.875	13.5	1.00212462936055
36.125	13.5	1.00212464704027
36.375	13.5	1.00212466175758
36.625	13.5	1.00212467352109
36.875	13.5	1.00212468233771
37.125	13.5	1.00212468821259
37.375	13.5	1.00212469114917
0.125	14.5	-0.00215788007428512
0.375	14.5	-0.00215788536242819
0.625	14.5	-0.00215789594257418
0.875	14.5	-0.0021579118224461
1.125	14.5	-0.0021579330136367
1.375	14.5	-0.00215795953161834
1.625	14.5	-0.00215799139575616
1.875	14.5	-0.0021580286293245
2.125	14.5	-0.00215807125952662
2.375	14.5	-0.00215811931751767
2.625	14.5	-0.00215817283843094
2.875	14.5	-0.00215823186140728
3.125	14.5	-0.00215829642962779
3.375	14.5	-0.00215836659034962
3.625	14.5	-0.00215844239494484
3.875	14.5	-0.00215852389894217
4.125	14.5	-0.00215861116207155
4.375	14.5	-0.00215870424831097
4.625	14.5	-0.00215880322593515
4.875	14.5	-0.00215890816756514
5.125	14.5	-0.00215901915021723
5.375	14.5	-0.00215913625534893
5.625	14.5	-0.00215925956889776
5.875	14.5	-0.00215938918130637
6.125	14.5	-0.00215952518752311
6.375	14.5	-0.00215966768696016
6.625	14.5	-0.00215981678337985
6.875	14.5	-0.0021599725846609
7.125	14.5	-0.00216013520236508
7.375	14.5	-0.00216030475097354
7.625	14.5	-0.00216048134657785
7.875	14.5	-0.00216066510467166
8.125	14.5	-0.00216085613646111
8.375	14.5	-0.0021610545427356
8.625	14.5	-0.00216126040372309
8.875	14.5	-0.00216147376233606
9.125	14.5	-0.00216169459654074
9.375	14.5	-0.00216192277382755
9.625	14.5	-0.00216215797622868
9.875	14.5	-0.00216239957687069
10.125	14.5	-0.00216264643677938
10.375	14.5	-0.00216289657046206
10.625	14.5	-0.00216314659556836
10.875	14.5	-0.00216339082726111
11.125	14.5	-0.00216361978797365
11.375	14.5	-0.00216381775521213
11.625	14.5	-0.00216395872650622
11.875	14.5	-0.00216399977985627
12.125	14.5	-0.00216387014860913
12.375	14.5	-0.00216345324468543
12.625	14.5	-0.00216255707882852
12.875	14.5	-0.00216086558922153
13.125	14.5	-0.00215785855722211
13.375	14.5	-0.00215267983889139
13.625	14.5	-0.00214392056429584
13.875	14.5	-0.00212926245249597
14.125	14.5	-0.0021048910416809
14.375	14.5	-0.00206453056605433
14.625	14.5	-0.00199785692459184
14.875	14.5	-0.00188788910578938
15.125	14.5	-0.00170670452622817
15.375	14.5	-0.00140840948914908
15.625	14.5	-0.000917628332777125
15.875	14.5	-0.000110713959859037
16.125	14.5	0.00121476209327262
16.375	14.5	0.00338911840820185
16.625	14.5	0.00694844783879464
16.875	14.5	0.0127550374056346
17.125	14.5	0.0221753414796996
17.375	14.5	0.0373215073098413
17.625	14.5	0.0613235483940683
17.875	14.5	0.0984925773315964
18.125	14.5	0.154019931534445
18.375	14.5	0.232596881256429
18.625	14.5	0.335485264537211
18.875	14.5	0.457019919139578
19.125	14.5	0.583970575516428
19.375	14.5	0.700549283442776
19.625	14.5	0.795724683498974
19.875	14.5	0.866392466256802
20.125	14.5	0.91533912917179
20.375	14.5	0.947664882302525
20.625	14.5	0.968358500398244
20.875	14.5	0.981345546093361
21.125	14.5	0.989395654606319
21.375	14.5	0.994347520898409
21.625	14.5	0.997379323437548
21.875	14.5	0.999230289649846
22.125	14.5	1.00035842082431
22.375	14.5	1.00104532914138
22.625	14.5	1.00146337495693
22.875	14.5	1.00171775734361
23.125	14.5	1.001872575338
23.375	14.5	1.00196684514948
23.625	14.5	1.00202430062377
23.875	14.5	1.00205937379251
24.125	14.5	1.00208083847146
24.375	14.5	1.00209402790773
24.625	14.5	1.00210218372695
24.875	14.5	1.00210727617121
25.125	14.5	1.00211050274104
25.375	14.5	1.00211259129096
25.625	14.5	1.00211398424851
25.875	14.5	1.00211495057567
26.125	14.5	1.00211565381256
26.375	14.5	1.00211619342983
26.625	14.5	1.0021166299595
26.875	14.5	1.00211700026757
27.125	14.5	1.00211732683541
27.375	14.5	1.00211762340026
27.625	14.5	1.00211789838311
27.875	14.5	1.00211815697179
28.125	14.5	1.00211840238706
28.375	14.5	1.00211863665193
28.625	14.5	1.00211886105932
28.875	14.5	1.00211907645625
29.125	14.5	1.00211928341653
29.375	14.5	1.00211948234584
29.625	14.5	1.00211967354553
29.875	14.5	1.00211985725149
30.125	14.5	1.00212003365773
30.375	14.5	1.0021202029308
30.625	14.5	1.00212036521858
30.875	14.5	1.00212052065561
31.125	14.5	1.00212066936637
31.375	14.5	1.00212081146736
31.625	14.5	1.00212094706829
31.875	14.5	1.00212107627293
32.125	14.5	1.00212119917957
32.375	14.5	1.00212131588138
32.625	14.5	1.00212142646661
32.875	14.5	1.00212153101879
33.125	14.5	1.00212162961678
33.375	14.5	1.00212172233496
33.625	14.5	1.0021218092432
33.875	14.5	1.002121890407
34.125	14.5	1.00212196588751
34.375	14.5	1.00212203574159
34.625	14.5	1.00212210002187
34.875	14.5	1.00212215877675
35.125	14.5	1.00212221205049
35.375	14.5	1.0021222598832
35.625	14.5	1.0021223023109
35.875	14.5	1.00212233936554
36.125	14.5	1.002122371075
36.375	14.5	1.00212239746318
36.625	14.5	1.00212241854992
36.875	14.5	1.0021224343511
37.125	14.5	1.00212244487863
37.375	14.5	1.00212245014041
0.125	15.5	-0.00215990319914164
0.375	15.5	-0.00215991064867608
0.625	15.5	-0.00215992555368173
0.875	15.5	-0.00215994792603766
1.125	15.5	-0.00215997778357623
1.375	15.5	-0.00216001515009956
1.625	15.5	-0.00216006005540154
1.875	15.5	-0.0021601125352953
2.125	15.5	-0.00216017263164625
2.375	15.5	-0.0021602403924106
2.625	15.5	-0.00216031587167939
2.875	15.5	-0.00216039912972811
3.125	15.5	-0.00216049023307181
3.375	15.5	-0.00216058925452567
3.625	15.5	-0.00216069627327101
3.875	15.5	-0.00216081137492671
4.125	15.5	-0.00216093465162566
4.375	15.5	-0.00216106620209617
4.625	15.5	-0.00216120613174769
4.875	15.5	-0.00216135455275996
5.125	15.5	-0.00216151158417434
5.375	15.5	-0.00216167735198465
5.625	15.5	-0.00216185198922385
5.875	15.5	-0.00216203563603996
6.125	15.5	-0.00216222843975055
6.375	15.5	-0.00216243055485817
6.625	15.5	-0.0021626421429979
6.875	15.5	-0.00216286337276917
7.125	15.5	-0.00216309441937343
7.375	15.5	-0.00216333546392866
7.625	15.5	-0.00216358669224804
7.875	15.5	-0.00216384829273329
8.125	15.5	-0.00216412045280721
8.375	15.5	-0.00216440335293892
8.625	15.5	-0.00216469715670386
8.875	15.5	-0.00216500199431556
9.125	15.5	-0.00216531793541178
9.375	15.5	-0.00216564494415523
9.625	15.5	-0.00216598280523047
9.875	15.5	-0.00216633100194821
10.125	15.5	-0.00216668851554156
10.375	15.5	-0.00216705349478455
10.625	15.5	-0.00216742271222996
10.875	15.5	-0.00216779066933821
11.125	15.5	-0.00216814812387345
11.375	15.5	-0.00216847966667085
11.625	15.5	-0.00216875973419699
11.875	15.5	-0.00216894604729961
12.125	15.5	-0.0021689688149141
12.375	15.5	-0.00216871296930126
12.625	15.5	-0.00216798893523555
12.875	15.5	-0.00216648453296156
13.125	15.5	-0.00216368583927832
13.375	15.5	-0.00215874697504864
13.625	15.5	-0.00215027586535407
13.875	15.5	-0.00213598176863694
14.125	15.5	-0.00211209544022602
14.375	15.5	-0.00207241541265346
14.625	15.5	-0.00200673970963285
14.875	15.5	-0.00189828805761778
15.125	15.5	-0.00171946771575339
15.375	15.5	-0.00142492654774102
15.625	15.5	-0.000940176817824733
15.875	15.5	-0.000143023766482984
16.125	15.5	0.00116659502221759
16.375	15.5	0.003315169060769
16.625	15.5	0.00683266283143521
16.875	15.5	0.0125717365935015
17.125	15.5	0.0218841993331075
17.375	15.5	0.0368611472041203
17.625	15.5	0.0606054179698347
17.875	15.5	0.0974004940717723
18.125	15.5	0.15242709793828
18.375	15.5	0.23041661516501
18.625	15.5	0.332756579946641
18.875	15.5	0.453975052703689
19.125	15.5	0.580986171384246
19.375	15.5	0.697972571955231
19.625	15.5	0.793727156373403
19.875	15.5	0.86496502628388
20.125	15.5	0.914374959877764
20.375	15.5	0.947036829424605
20.625	15.5	0.967958071554684
20.875	15.5	0.981092928796618
21.125	15.5	0.989236610982849
21.375	15.5	0.994246824746857
21.625	15.5	0.997314697021361
21.875	15.5	0.999187865493807
22.125	15.5	1.0003296479072
22.375	15.5	1.00102496408855
22.625	15.5	1.00144821282898
22.875	15.5	1.00170584231791
23.125	15.5	1.00186271441482
23.375	15.5	1.00195831022769
23.625	15.5	1.00201664659718
23.875	15.5	1.00205232771287
24.125	15.5	1.00207423209765
24.375	15.5	1.00208775668889
24.625	15.5	1.00209618187113
24.875	15.5	1.00210150149507
25.125	15.5	1.0021049274641
25.375	15.5	1.00210719644184
25.625	15.5	1.00210875626544
25.875	15.5	1.00210987923977
26.125	15.5	1.00211073099071
26.375	15.5	1.00211141230923
26.625	15.5	1.00211198458091
26.875	15.5	1.00211248523996
27.125	15.5	1.00211293716086
27.375	15.5	1.00211335436581
27.625	15.5	1.00211374549333
27.875	15.5	1.0021141159062
28.125	15.5	1.00211446897257
28.375	15.5	1.00211480684455
28.625	15.5	1.00211513093145
28.875	15.5	1.00211544218746
29.125	15.5	1.00211574128653
29.375	15.5	1.00211602872873
29.625	15.5	1.00211630490494
29.875	15.5	1.00211657013623
30.125	15.5	1.0021168246979
30.375	15.5	1.00211706883407
30.625	15.5	1.0021173027667
30.875	15.5	1.00211752670103
31.125	15.5	1.00211774082908
31.375	15.5	1.00211794533166
31.625	15.5	1.00211814037982
31.875	15.5	1.00211832613563
32.125	15.5	1.00211850275283
32.375	15.5	1.00211867037716
32.625	15.5	1.0021188291467
32.875	15.5	1.00211897919205
33.125	15.5	1.00211912063652
33.375	15.5	1.00211925359626
33.625	15.5	1.00211937818041
33.875	15.5	1.00211949449115
34.125	15.5	1.00211960262385
34.375	15.5	1.00211970266716
34.625	15.5	1.00211979470304
34.875	15.5	1.00211987880689
35.125	15.5	1.00211995504758
35.375	15.5	1.00212002348752
35.625	15.5	1.00212008418274
35.875	15.5	1.0021201371829
36.125	15.5	1.00212018253136
36.375	15.5	1.00212022026523
36.625	15.5	1.00212025041536
36.875	15.5	1.00212027300641
37.125	15.5	1.00212028805686
37.375	15.5	1.00212029557901
0.125	16.5	-0.00216180506086408
0.375	16.5	-0.00216181457427904
0.625	16.5	-0.0021618336090327
0.875	16.5	-0.00216186218098023
1.125	16.5	-0.00216190031392359
1.375	16.5	-0.00216194803963448
1.625	16.5	-0.00216200539788509
1.875	16.5	-0.00216207243648647
2.125	16.5	-0.00216214921133464
2.375	16.5	-0.00216223578646445
2.625	16.5	-0.00216233223411128
2.875	16.5	-0.00216243863478039
3.125	16.5	-0.00216255507732425
3.375	16.5	-0.00216268165902756
3.625	16.5	-0.00216281848570013
3.875	16.5	-0.0021629656717774
4.125	16.5	-0.00216312334042868
4.375	16.5	-0.00216329162367256
4.625	16.5	-0.0021634706624993
4.875	16.5	-0.00216366060699925
5.125	16.5	-0.0021638616164959
5.375	16.5	-0.00216407385968145
5.625	16.5	-0.0021642975147508
5.875	16.5	-0.0021645327695278
6.125	16.5	-0.00216477982157322
6.375	16.5	-0.00216503887825703
6.625	16.5	-0.00216531015676647
6.875	16.5	-0.00216559388400282
7.125	16.5	-0.00216589029628915
7.375	16.5	-0.00216619963876165
7.625	16.5	-0.00216652216423398
7.875	16.5	-0.00216685813118913
8.125	16.5	-0.00216720780032937
8.375	16.5	-0.00216757142874764
8.625	16.5	-0.00216794926017941
8.875	16.5	-0.00216834150879865
9.125	16.5	-0.00216874833238536
9.375	16.5	-0.00216916978799813
9.625	16.5	-0.00216960575885399
9.875	16.5	-0.00217005583382549
10.125	16.5	-0.00217051910896641
10.375	16.5	-0.00217099386073504
10.625	16.5	-0.00217147700809818
10.875	16.5	-0.00217196322724715
11.125	16.5	-0.00217244349470452
11.375	16.5	-0.00217290268988117
11.625	16.5	-0.00217331565001823
11.875	16.5	-0.00217364067863178
12.125	16.5	-0.00217380886387844
12.375	16.5	-0.00217370650247333
12.625	16.5	-0.0021731461794107
12.875	16.5	-0.00217181918203588
13.125	16.5	-0.00216921720240815
13.375	16.5	-0.00216450350949248
13.625	16.5	-0.00215630098824377
13.875	16.5	-0.00214234341897383
14.125	16.5	-0.00211890181100794
14.375	16.5	-0.0020798408311564
14.625	16.5	-0.00201506719964751
14.875	16.5	-0.00190797930035299
15.125	16.5	-0.00173127794695978
15.375	16.5	-0.00144009298309445
15.625	16.5	-0.000960726930656556
15.875	16.5	-0.000172277685759874
16.125	16.5	0.00112321105116189
16.375	16.5	0.0032488197788793
16.625	16.5	0.00672905523981451
16.875	16.5	0.0124079998935109
17.125	16.5	0.0216244011388629
17.375	16.5	0.0364505490716361
17.625	16.5	0.0599649227943558
17.875	16.5	0.0964260306482953
18.125	16.5	0.151004417352938
18.375	16.5	0.22846613602742
18.625	16.5	0.330309977046701
18.875	16.5	0.451237358469606
19.125	16.5	0.578294892760587
19.375	16.5	0.69564264008098
19.625	16.5	0.791916985018053
19.875	16.5	0.863669367557722
20.125	16.5	0.913498771874263
20.375	16.5	0.946465575126111
20.625	16.5	0.967593569205523
20.875	16.5	0.980862782013568
21.125	16.5	0.98909155836236
21.375	16.5	0.994154848871381
21.625	16.5	0.997255541057944
21.875	16.5	0.999148916998821
22.125	16.5	1.00030312872968
22.375	16.5	1.00100610440612
22.625	16.5	1.00143409699294
22.875	16.5	1.00169469093392
23.125	16.5	1.00185344199178
23.375	16.5	1.00195025416434
23.625	16.5	1.00200940170978
23.875	16.5	1.00204564541264
24.125	16.5	1.00206795903693
24.375	16.5	1.0020817974535
24.625	16.5	1.00209047630493
24.875	16.5	1.00209601092105
25.125	16.5	1.00209962631246
25.375	16.5	1.00210206716297
25.625	16.5	1.00210378623846
25.875	16.5	1.00210505889302
26.125	16.5	1.0021060526584
26.375	16.5	1.00210686953518
26.625	16.5	1.00210757169384
26.875	16.5	1.00210819709369
27.125	16.5	1.00210876897476
27.375	16.5	1.00210930162613
27.625	16.5	1.00210980389161
27.875	16.5	1.00211028130014
28.125	16.5	1.00211073736068
28.375	16.5	1.00211117434918
28.625	16.5	1.00211159378696
28.875	16.5	1.00211199673155
29.125	16.5	1.00211238395352
29.375	16.5	1.00211275604409
29.625	16.5	1.0021131134806
29.875	16.5	1.00211345666642
30.125	16.5	1.00211378595529
30.375	16.5	1.00211410166622
30.625	16.5	1.00211440409262
30.875	16.5	1.00211469350799
31.125	16.5	1.00211497016938
31.375	16.5	1.00211523431966
31.625	16.5	1.00211548618891
31.875	16.5	1.0021157259954
32.125	16.5	1.00211595394621
32.375	16.5	1.00211617023771
32.625	16.5	1.00211637505589
32.875	16.5	1.00211656857664
33.125	16.5	1.002116750966
33.375	16.5	1.00211692238029
33.625	16.5	1.00211708296635
33.875	16.5	1.00211723286163
34.125	16.5	1.00211737219438
34.375	16.5	1.00211750108375
34.625	16.5	1.00211761963989
34.875	16.5	1.00211772796409
35.125	16.5	1.00211782614886
35.375	16.5	1.00211791427802
35.625	16.5	1.00211799242678
35.875	16.5	1.0021180606618
36.125	16.5	1.0021181190413
36.375	16.5	1.00211816761504
36.625	16.5	1.00211820642445
36.875	16.5	1.0021182355026
37.125	16.5	1.00211825487427
37.375	16.5	1.00211826455599
0.125	17.5	-0.00216355180960774
0.375	17.5	-0.00216356325674895
0.625	17.5	-0.00216358616081638
0.875	17.5	-0.00216362054138983
1.125	17.5	-0.00216366642786342
1.375	17.5	-0.00216372385947487
1.625	17.5	-0.0021637928853446
1.875	17.5	-0.00216387356452464
2.125	17.5	-0.00216396596605735
2.375	17.5	-0.00216407016904414
2.625	17.5	-0.00216418626272406
2.875	17.5	-0.00216431434656237
3.125	17.5	-0.00216445453034926
3.375	17.5	-0.00216460693430848
3.625	17.5	-0.00216477168921612
3.875	17.5	-0.00216494893652948
4.125	17.5	-0.00216513882852576
4.375	17.5	-0.0021653415284506
4.625	17.5	-0.00216555721067587
4.875	17.5	-0.00216578606086607
5.125	17.5	-0.00216602827615198
5.375	17.5	-0.00216628406530939
5.625	17.5	-0.00216655364893904
5.875	17.5	-0.00216683725964176
6.125	17.5	-0.00216713514217821
6.375	17.5	-0.00216744755359635
6.625	17.5	-0.00216777476329818
6.875	17.5	-0.00216811705299931
7.125	17.5	-0.00216847471650447
7.375	17.5	-0.00216884805917254
7.625	17.5	-0.00216923739686297
7.875	17.5	-0.00216964305402088
8.125	17.5	-0.00217006536033691
8.375	17.5	-0.00217050464505385
8.625	17.5	-0.00217096122739298
8.875	17.5	-0.00217143540058718
9.125	17.5	-0.00217192740538625
9.375	17.5	-0.00217243738623065
9.625	17.5	-0.00217296531889924
9.875	17.5	-0.0021735108912106
10.125	17.5	-0.00217407330646928
10.375	17.5	-0.00217465095978592
10.625	17.5	-0.00217524090521279
10.875	17.5	-0.0021758379786737
11.125	17.5	-0.00217643335452181
11.375	17.5	-0.0021770121701681
11.625	17.5	-0.00217754961728469
11.875	17.5	-0.00217800450987098
12.125	17.5	-0.00217830870069747
12.375	17.5	-0.00217834966661155
12.625	17.5	-0.00217794185386802
12.875	17.5	-0.00217677952937631
13.125	17.5	-0.00217435920264466
13.375	17.5	-0.00216985198236574
13.625	17.5	-0.00216189356482453
13.875	17.5	-0.00214823872114684
14.125	17.5	-0.00212519290888786
14.375	17.5	-0.00208667738142129
14.625	17.5	-0.00202269185426824
14.875	17.5	-0.0019167875539241
15.125	17.5	-0.00174191642699835
15.375	17.5	-0.00145362064771898
15.625	17.5	-0.000978878816407683
15.875	17.5	-0.000197894778473669
16.125	17.5	0.00108548567468182
16.375	17.5	0.00319142565588308
16.625	17.5	0.0066397599699752
16.875	17.5	0.0122672248811293
17.125	17.5	0.0214013725299971
17.375	17.5	0.0360983504299765
17.625	17.5	0.0594156680754094
17.875	17.5	0.0955901786291455
18.125	17.5	0.14978316766307
18.375	17.5	0.226789560441484
18.625	17.5	0.328202849031628
18.875	17.5	0.44887378844015
19.125	17.5	0.575965321186053
19.375	17.5	0.693620980332765
19.625	17.5	0.790343218015277
19.875	17.5	0.862541228460224
20.125	17.5	0.912734997980427
20.375	17.5	0.945967138107065
20.625	17.5	0.967275227925025
20.875	17.5	0.980661551267029
21.125	17.5	0.988964531648419
21.375	17.5	0.994074121229963
21.625	17.5	0.997203451130235
21.875	17.5	0.999114466120203
22.125	17.5	1.00027953319645
22.375	17.5	1.00098920392243
22.625	17.5	1.00142134832959
22.875	17.5	1.00168454184173
23.125	17.5	1.00184494540318
23.375	17.5	1.00194283182308
23.625	17.5	1.00200269985307
23.875	17.5	1.00203944684136
24.125	17.5	1.00206212961013
24.375	17.5	1.00207625355519
24.625	17.5	1.00208516507153
24.875	17.5	1.00209089822732
25.125	17.5	1.00209468947208
25.375	17.5	1.0020972904935
25.625	17.5	1.00209915836593
25.875	17.5	1.00210057111329
26.125	17.5	1.00210169794016
26.375	17.5	1.00210264191266
26.625	17.5	1.00210346589621
26.875	17.5	1.00210420831823
27.125	17.5	1.00210489274736
27.375	17.5	1.00210553371492
27.625	17.5	1.00210614025279
27.875	17.5	1.00210671804353
28.125	17.5	1.00210727072723
28.375	17.5	1.0021078006958
28.625	17.5	1.00210830957583
28.875	17.5	1.00210879852221
29.125	17.5	1.0021092683967
29.375	17.5	1.00210971987659
29.625	17.5	1.00211015352089
29.875	17.5	1.00211056981071
30.125	17.5	1.00211096917389
30.375	17.5	1.00211135200015
30.625	17.5	1.00211171865039
30.875	17.5	1.00211206946247
31.125	17.5	1.00211240475483
31.375	17.5	1.00211272482882
31.625	17.5	1.00211302997021
31.875	17.5	1.00211332045019
32.125	17.5	1.00211359652611
32.375	17.5	1.002113858442
32.625	17.5	1.00211410642897
32.875	17.5	1.00211434070554
33.125	17.5	1.00211456147791
33.375	17.5	1.00211476894023
33.625	17.5	1.00211496327476
33.875	17.5	1.00211514465214
34.125	17.5	1.00211531323149
34.375	17.5	1.00211546916063
34.625	17.5	1.0021156125762
34.875	17.5	1.00211574360382
35.125	17.5	1.0021158623582
35.375	17.5	1.00211596894324
35.625	17.5	1.00211606345219
35.875	17.5	1.00211614596766
36.125	17.5	1.0021162165618
36.375	17.5	1.00211627529629
36.625	17.5	1.00211632222245
36.875	17.5	1.00211635738125
37.125	17.5	1.00211638080341
37.375	17.5	1.00211639250938
0.125	18.5	-0.00216511173225269
0.375	18.5	-0.00216512495238005
0.625	18.5	-0.00216515140412085
0.875	18.5	-0.00216519111045899
1.125	18.5	-0.00216524410589968
1.375	18.5	-0.00216531043650462
1.625	18.5	-0.00216539015993897
1.875	18.5	-0.00216548334553016
2.125	18.5	-0.00216559007433855
2.375	18.5	-0.00216571043924
2.625	18.5	-0.00216584454502048
2.875	18.5	-0.00216599250848267
3.125	18.5	-0.0021661544585648
3.375	18.5	-0.0021663305364716
3.625	18.5	-0.00216652089581748
3.875	18.5	-0.002166725702782
4.125	18.5	-0.0021669451362775
4.375	18.5	-0.0021671793881287
4.625	18.5	-0.00216742866326407
4.875	18.5	-0.00216769317991801
5.125	18.5	-0.00216797316984291
5.375	18.5	-0.00216826887852864
5.625	18.5	-0.0021685805654261
5.875	18.5	-0.0021689085041684
6.125	18.5	-0.0021692529827798
6.375	18.5	-0.00216961430385523
6.625	18.5	-0.00216999278468258
6.875	18.5	-0.0021703887572615
7.125	18.5	-0.00217080256814266
7.375	18.5	-0.00217123457796195
7.625	18.5	-0.00217168516046313
7.875	18.5	-0.00217215470066891
8.125	18.5	-0.00217264359164079
8.375	18.5	-0.00217315222890661
8.625	18.5	-0.00217368100104021
8.875	18.5	-0.00217423027389912
9.125	18.5	-0.00217480036441631
9.375	18.5	-0.00217539149719314
9.625	18.5	-0.00217600373278232
9.875	18.5	-0.00217663684937777
10.125	18.5	-0.00217729014782872
10.375	18.5	-0.00217796213047901
10.625	18.5	-0.00217864997238562
10.875	18.5	-0.00217934865090401
11.125	18.5	-0.00218004951313454
11.375	18.5	-0.00218073791840694
11.625	18.5	-0.00218138935880959
11.875	18.5	-0.00218196307546429
12.125	18.5	-0.00218239155426623
12.375	18.5	-0.00218256324166709
12.625	18.5	-0.00218229410474299
12.875	18.5	-0.00218128083589272
13.125	18.5	-0.0021790238565754
13.375	18.5	-0.00217470063153928
13.625	18.5	-0.00216695723343043
13.875	18.5	-0.00215356542402033
14.125	18.5	-0.00213085853387495
14.375	18.5	-0.0020928035920351
14.625	18.5	-0.00202947553343097
14.875	18.5	-0.00192454920450412
15.125	18.5	-0.00175117966630497
15.375	18.5	-0.00146524258738287
15.625	18.5	-0.000994263402918559
15.875	18.5	-0.000219340543819586
16.125	18.5	0.00105422237085073
16.375	18.5	0.00314422802934426
16.625	18.5	0.00656673029534034
16.875	18.5	0.0121525178441626
17.125	18.5	0.0212200727206725
17.375	18.5	0.0358124479989459
17.625	18.5	0.0589701018744194
17.875	18.5	0.0949121733516507
18.125	18.5	0.14879208190485
18.375	18.5	0.225427569060816
18.625	18.5	0.32648839526606
18.875	18.5	0.446946800912449
19.125	18.5	0.57406187465795
19.375	18.5	0.691965716166497
19.625	18.5	0.789052450275845
19.875	18.5	0.861614682516436
20.125	18.5	0.912106988986952
20.375	18.5	0.945556850790574
20.625	18.5	0.967012852503028
20.875	18.5	0.980495414280595
21.125	18.5	0.988859398764191
21.375	18.5	0.99400706503417
21.625	18.5	0.997159956317216
21.875	18.5	0.999085491757917
22.125	18.5	1.00025950252782
22.375	18.5	1.00097469659828
22.625	18.5	1.00141027327688
22.875	18.5	1.00167562260348
23.125	18.5	1.00183740298786
23.375	18.5	1.00193619039491
23.625	18.5	1.00199666809919
23.875	18.5	1.00203384569581
24.125	18.5	1.00205684827682
24.375	18.5	1.00207122277033
24.625	18.5	1.00208034085485
24.875	18.5	1.00208625200968
25.125	18.5	1.00209020209774
25.375	18.5	1.00209294857596
25.625	18.5	1.00209495207332
25.875	18.5	1.0020964928218
26.125	18.5	1.00209774141463
26.375	18.5	1.00209880180728
26.625	18.5	1.00209973744963
26.875	18.5	1.00210058716675
27.125	18.5	1.00210137480983
27.375	18.5	1.00210211512127
27.625	18.5	1.00210281729907
27.875	18.5	1.00210348716313
28.125	18.5	1.00210412847188
28.375	18.5	1.00210474372268
28.625	18.5	1.00210533463833
28.875	18.5	1.00210590246299
29.125	18.5	1.00210644814219
29.375	18.5	1.00210697243241
29.625	18.5	1.00210747596783
29.875	18.5	1.00210795930111
30.125	18.5	1.00210842292833
30.375	18.5	1.00210886730428
30.625	18.5	1.00210929285194
30.875	18.5	1.00210969996839
31.125	18.5	1.00211008902851
31.375	18.5	1.00211046038742
31.625	18.5	1.00211081438203
31.875	18.5	1.00211115133218
32.125	18.5	1.00211147154136
32.375	18.5	1.00211177529736
32.625	18.5	1.00211206287268
32.875	18.5	1.00211233452494
33.125	18.5	1.00211259049721
33.375	18.5	1.00211283101829
33.625	18.5	1.00211305630294
33.875	18.5	1.00211326655219
34.125	18.5	1.00211346195346
34.375	18.5	1.00211364268084
34.625	18.5	1.00211380889523
34.875	18.5	1.00211396074451
35.125	18.5	1.00211409836373
35.375	18.5	1.00211422187519
35.625	18.5	1.00211433138861
35.875	18.5	1.00211442700125
36.125	18.5	1.00211450879797
36.375	18.5	1.00211457685136
36.625	18.5	1.00211463122179
36.875	18.5	1.00211467195748
37.125	18.5	1.00211469909456
37.375	18.5	1.00211471265709
0.125	19.5	-0.00216645575476853
0.375	19.5	-0.00216647055918272
0.625	19.5	-0.00216650018100556
0.875	19.5	-0.00216654464623959
1.125	19.5	-0.0021666039939224
1.375	19.5	-0.0021666782761673
1.625	19.5	-0.00216676755821741
1.875	19.5	-0.00216687191851356
2.125	19.5	-0.00216699144877572
2.375	19.5	-0.00216712625409837
2.625	19.5	-0.00216727645305963
2.875	19.5	-0.00216744217784439
3.125	19.5	-0.0021676235743815
3.375	19.5	-0.00216782080249511
3.625	19.5	-0.00216803403607019
3.875	19.5	-0.00216826346323234
4.125	19.5	-0.00216850928654186
4.375	19.5	-0.00216877172320191
4.625	19.5	-0.00216905100528046
4.875	19.5	-0.00216934737994549
5.125	19.5	-0.00216966110971209
5.375	19.5	-0.00216999247269953
5.625	19.5	-0.00217034176289467
5.875	19.5	-0.00217070929041558
6.125	19.5	-0.00217109538176556
6.375	19.5	-0.00217150038006052
6.625	19.5	-0.00217192464520214
6.875	19.5	-0.00217236855395103
7.125	19.5	-0.00217283249982401
7.375	19.5	-0.00217331689269122
7.625	19.5	-0.00217382215786734
7.875	19.5	-0.00217434873435921
8.125	19.5	-0.00217489707171311
8.375	19.5	-0.00217546762454603
8.625	19.5	-0.00217606084325358
8.875	19.5	-0.00217667715841438
9.125	19.5	-0.00217731695480979
9.375	19.5	-0.0021779805283433
9.625	19.5	-0.00217866801480997
9.875	19.5	-0.00217937927233405
10.125	19.5	-0.00218011368755852
10.375	19.5	-0.00218086985636195
10.625	19.5	-0.00218164505810821
10.875	19.5	-0.00218243439016049
11.125	19.5	-0.00218322934337874
11.375	19.5	-0.00218401545779447
11.625	19.5	-0.00218476846479147
11.875	19.5	-0.00218544793896303
12.125	19.5	-0.00218598685237238
12.375	19.5	-0.00218627438662549
12.625	19.5	-0.00218612765141675
12.875	19.5	-0.00218524515009556
13.125	19.5	-0.00218313021284358
13.375	19.5	-0.00217896501784353
13.625	19.5	-0.00217140331957966
13.875	19.5	-0.00215822944538258
14.125	19.5	-0.00213579732686371
14.375	19.5	-0.0020981078142784
14.625	19.5	-0.00203529140823295
14.875	19.5	-0.00193111426829036
15.125	19.5	-0.00175888148688298
15.375	19.5	-0.00147471507818299
15.625	19.5	-0.00100654443942784
15.875	19.5	-0.00023612891593344
16.125	19.5	0.00103015071094215
16.375	19.5	0.00310835277380933
16.625	19.5	0.00651173637318331
16.875	19.5	0.0120666923510448
17.125	19.5	0.0210849922115963
17.375	19.5	0.035599991449915
17.625	19.5	0.0586394960990215
17.875	19.5	0.0944094400122128
18.125	19.5	0.148057210670818
18.375	19.5	0.224417096220557
18.625	19.5	0.325215019049359
18.875	19.5	0.445513388060868
19.125	19.5	0.572643531844944
19.375	19.5	0.690730238956861
19.625	19.5	0.788087601236938
19.875	19.5	0.860921179371003
20.125	19.5	0.91163632718866
20.375	19.5	0.945248896752061
20.625	19.5	0.966815517821029
20.875	19.5	0.980370090586
21.125	19.5	0.988779741314153
21.375	19.5	0.993955924276113
21.625	19.5	0.997126472630272
21.875	19.5	0.999062900406437
22.125	19.5	1.00024363047887
22.375	19.5	1.00096298422599
22.625	19.5	1.00140115550495
22.875	19.5	1.0016681438162
23.125	19.5	1.00183097972875
23.375	19.5	1.00193046598704
23.625	19.5	1.00199142389347
23.875	19.5	1.0020289470054
24.125	19.5	1.00205221148422
24.375	19.5	1.00206679533127
24.625	19.5	1.00207608914773
24.875	19.5	1.00208215395401
25.125	19.5	1.00208624266998
25.375	19.5	1.00208911708511
25.625	19.5	1.00209124050522
25.875	19.5	1.00209289483221
26.125	19.5	1.00209425171628
26.375	19.5	1.0020954157962
26.625	19.5	1.00209645097664
26.875	19.5	1.00209739639722
27.125	19.5	1.00209827613705
27.375	19.5	1.00209910511235
27.625	19.5	1.00209989266073
27.875	19.5	1.00210064471948
28.125	19.5	1.0021013651497
28.375	19.5	1.0021020565411
28.625	19.5	1.00210272070137
28.875	19.5	1.00210335895382
29.125	19.5	1.00210397231844
29.375	19.5	1.00210456162224
29.625	19.5	1.00210512756641
29.875	19.5	1.00210567076742
30.125	19.5	1.0021061917822
30.375	19.5	1.00210669112358
30.625	19.5	1.0021071692699
30.875	19.5	1.00210762667101
31.125	19.5	1.0021080637521
31.375	19.5	1.00210848091617
31.625	19.5	1.00210887854571
31.875	19.5	1.00210925700381
32.125	19.5	1.00210961663507
32.375	19.5	1.00210995776617
32.625	19.5	1.00211028070646
32.875	19.5	1.00211058574831
33.125	19.5	1.00211087316756
33.375	19.5	1.0021111432238
33.625	19.5	1.00211139616067
33.875	19.5	1.00211163220617
34.125	19.5	1.00211185157288
34.375	19.5	1.00211205445821
34.625	19.5	1.00211224104457
34.875	19.5	1.00211241149964
35.125	19.5	1.00211256597647
35.375	19.5	1.00211270461371
35.625	19.5	1.00211282753571
35.875	19.5	1.00211293485268
36.125	19.5	1.0021130266608
36.375	19.5	1.00211310304232
36.625	19.5	1.00211316406563
36.875	19.5	1.00211320978539
37.125	19.5	1.00211324024251
37.375	19.5	1.00211325546426
0.125	20.5	-0.00216755790149621
0.375	20.5	-0.00216757407670142
0.625	20.5	-0.00216760644139242
0.875	20.5	-0.00216765502414551
1.125	20.5	-0.00216771986786291
1.375	20.5	-0.00216780102981809
1.625	20.5	-0.00216789858171624
1.875	20.5	-0.00216801260977
2.125	20.5	-0.00216814321479052
2.375	20.5	-0.00216829051229392
2.625	20.5	-0.00216845463262322
2.875	20.5	-0.00216863572108602
3.125	20.5	-0.00216883393810779
3.375	20.5	-0.00216904945940116
3.625	20.5	-0.00216928247615109
3.875	20.5	-0.00216953319521614
4.125	20.5	-0.00216980183934577
4.375	20.5	-0.00217008864741369
4.625	20.5	-0.00217039387466684
4.875	20.5	-0.00217071779298967
5.125	20.5	-0.00217106069118221
5.375	20.5	-0.00217142287525035
5.625	20.5	-0.00217180466870445
5.875	20.5	-0.00217220641286056
6.125	20.5	-0.00217262846713426
6.375	20.5	-0.00217307120931028
6.625	20.5	-0.00217353503576077
6.875	20.5	-0.00217402036156605
7.125	20.5	-0.00217452762046307
7.375	20.5	-0.0021750572644971
7.625	20.5	-0.00217560976317216
7.875	20.5	-0.00217618560176351
8.125	20.5	-0.00217678527823751
8.375	20.5	-0.00217740929786632
8.625	20.5	-0.00217805816403528
8.875	20.5	-0.00217873236277146
9.125	20.5	-0.0021794323369258
9.375	20.5	-0.00218015844331664
9.625	20.5	-0.00218091088182203
9.875	20.5	-0.00218168957830143
10.125	20.5	-0.00218249399153231
10.375	20.5	-0.0021833227951052
10.625	20.5	-0.00218417335355966
10.875	20.5	-0.00218504085994862
11.125	20.5	-0.00218591691630169
11.375	20.5	-0.00218678719741958
11.625	20.5	-0.00218762760636734
11.875	20.5	-0.00218839794819727
12.125	20.5	-0.00218903152016265
12.375	20.5	-0.00218941798294842
12.625	20.5	-0.00218937517659518
12.875	20.5	-0.00218860274639466
13.125	20.5	-0.00218660584006976
13.375	20.5	-0.00218256956366854
13.625	20.5	-0.00217515242567779
13.875	20.5	-0.00216214651207212
14.125	20.5	-0.00213991845760619
14.375	20.5	-0.00210248995215088
14.625	20.5	-0.00204002572181488
14.875	20.5	-0.00193634816302814
15.125	20.5	-0.00176485476931203
15.375	20.5	-0.00148181928934959
15.625	20.5	-0.0010154199757401
15.875	20.5	-0.000247823396995557
16.125	20.5	0.00101392583090868
16.375	20.5	0.00308481077158559
16.625	20.5	0.00647636727282792
16.875	20.5	0.012012273501076
17.125	20.5	0.0210001596834049
17.375	20.5	0.0354673919365851
17.625	20.5	0.0584339510036777
17.875	20.5	0.0940975763333177
18.125	20.5	0.147601839209228
18.375	20.5	0.223791095832125
18.625	20.5	0.32442582009153
18.875	20.5	0.444624202288517
19.125	20.5	0.571762638247365
19.375	20.5	0.689961897589354
19.625	20.5	0.787486719070881
19.875	20.5	0.860488595327976
20.125	20.5	0.911342141857956
20.375	20.5	0.945055847442026
20.625	20.5	0.966691267509179
20.875	20.5	0.980290650100014
21.125	20.5	0.988728734533806
21.375	20.5	0.993922688813527
21.625	20.5	0.997104256198461
21.875	20.5	0.999047496677824
22.125	20.5	1.00023244450971
22.375	20.5	1.00095442412681
22.625	20.5	1.0013942476183
22.875	20.5	1.00166229327915
23.125	20.5	1.00182582294726
23.375	20.5	1.0019257802731
23.625	20.5	1.0019870723122
23.875	20.5	1.002024844785
24.125	20.5	1.00204830558519
24.375	20.5	1.00206305202933
24.625	20.5	1.00207248649047
24.875	20.5	1.00207867717919
25.125	20.5	1.0020828814227
25.375	20.5	1.00208586372718
25.625	20.5	1.00208808908752
25.875	20.5	1.00208984046956
26.125	20.5	1.00209129020663
26.375	20.5	1.002092543388
26.625	20.5	1.00209366422635
26.875	20.5	1.00209469208141
27.125	20.5	1.00209565119777
27.375	20.5	1.00209655662265
27.625	20.5	1.00209741780252
27.875	20.5	1.0020982407689
28.125	20.5	1.00209902946703
28.375	20.5	1.00209978656355
28.625	20.5	1.0021005139376
28.875	20.5	1.00210121297957
29.125	20.5	1.00210188477288
29.375	20.5	1.0021025302047
29.625	20.5	1.00210315003352
29.875	20.5	1.00210374493043
30.125	20.5	1.00210431550442
30.375	20.5	1.002104862318
30.625	20.5	1.0021053858969
30.875	20.5	1.00210588673614
31.125	20.5	1.00210636530392
31.375	20.5	1.00210682204422
31.625	20.5	1.00210725737844
31.875	20.5	1.0021076717067
32.125	20.5	1.00210806540867
32.375	20.5	1.00210843884429
32.625	20.5	1.00210879235433
32.875	20.5	1.00210912626086
33.125	20.5	1.00210944086765
33.375	20.5	1.00210973646057
33.625	20.5	1.00211001330791
33.875	20.5	1.00211027166066
34.125	20.5	1.00211051175285
34.375	20.5	1.00211073380174
34.625	20.5	1.00211093800813
34.875	20.5	1.00211112455651
35.125	20.5	1.00211129361532
35.375	20.5	1.0021114453371
35.625	20.5	1.00211157985867
35.875	20.5	1.00211169730128
36.125	20.5	1.00211179777073
36.375	20.5	1.0021118813575
36.625	20.5	1.00211194813683
36.875	20.5	1.00211199816883
37.125	20.5	1.00211203149851
37.375	20.5	1.00211204815586
0.125	21.5	-0.00216839570250846
0.375	21.5	-0.00216841301386521
0.625	21.5	-0.00216844765189707
0.875	21.5	-0.00216849964725721
1.125	21.5	-0.0021685690459664
1.375	21.5	-0.00216865590946231
1.625	21.5	-0.0021687603146652
1.875	21.5	-0.00216888235406026
2.125	21.5	-0.00216902213579659
2.375	21.5	-0.00216917978380291
2.625	21.5	-0.00216935543792023
2.875	21.5	-0.00216954925405152
3.125	21.5	-0.00216976140432852
3.375	21.5	-0.00216999207729596
3.625	21.5	-0.00217024147811312
3.875	21.5	-0.00217050982877305
4.125	21.5	-0.00217079736833927
4.375	21.5	-0.00217110435320018
4.625	21.5	-0.00217143105734075
4.875	21.5	-0.00217177777263099
5.125	21.5	-0.00217214480913021
5.375	21.5	-0.00217253249540495
5.625	21.5	-0.00217294117885734
5.875	21.5	-0.00217337122605777
6.125	21.5	-0.00217382302307215
6.375	21.5	-0.00217429697576719
6.625	21.5	-0.00217479351006612
6.875	21.5	-0.00217531307210954
7.125	21.5	-0.00217585612824607
7.375	21.5	-0.00217642316472901
7.625	21.5	-0.00217701468691467
7.875	21.5	-0.0021776312176261
8.125	21.5	-0.00217827329412822
8.375	21.5	-0.00217894146280291
8.625	21.5	-0.00217963627002375
8.875	21.5	-0.00218035824676132
9.125	21.5	-0.0021811078828564
9.375	21.5	-0.00218188558427595
9.625	21.5	-0.00218269160235153
9.875	21.5	-0.00218352591690076
10.125	21.5	-0.00218438804345021
10.375	21.5	-0.0021852767155577
10.625	21.5	-0.00218618936160607
10.875	21.5	-0.00218712124340423
11.125	21.5	-0.00218806403831044
11.375	21.5	-0.00218900350571401
11.625	21.5	-0.00218991564691001
11.875	21.5	-0.00219076038599873
12.125	21.5	-0.00219147117188897
12.375	21.5	-0.00219193786893082
12.625	21.5	-0.00219197860480591
12.875	21.5	-0.00219129344912225
13.125	21.5	-0.00218938819750333
13.375	21.5	-0.00218544897082675
13.625	21.5	-0.00217813589576061
13.875	21.5	-0.00216524366969838
14.125	21.5	-0.00214314317484546
14.375	21.5	-0.0021058630438773
14.625	21.5	-0.00204357938572548
14.875	21.5	-0.00194013329030165
15.125	21.5	-0.00176895297150365
15.375	21.5	-0.00148636265529124
15.625	21.5	-0.00102062344955116
15.875	21.5	-0.000254037634012359
16.125	21.5	0.00100612872793352
16.375	21.5	0.00307449964903381
16.625	21.5	0.00646203499298572
16.875	21.5	0.0119915053555321
17.125	21.5	0.0209691540382983
17.375	21.5	0.0354203390273507
17.625	21.5	0.0583624134632699
17.875	21.5	0.0939903577711212
18.125	21.5	0.147446440881433
18.375	21.5	0.223578363662943
18.625	21.5	0.324158167779001
18.875	21.5	0.444322784450063
19.125	21.5	0.571463821246039
19.375	21.5	0.689700786317963
19.625	21.5	0.787281862008189
19.875	21.5	0.860340338768001
20.125	21.5	0.911240461439543
20.375	21.5	0.94498822260144
20.625	21.5	0.966646827577308
20.875	21.5	0.980261331063165
21.125	21.5	0.988709033067492
21.375	21.5	0.99390902308624
21.625	21.5	0.997094358729752
21.875	21.5	0.999039955268034
22.125	21.5	1.00022638788838
22.375	21.5	1.00094931746854
22.625	21.5	1.00138976328665
22.875	21.5	1.00165823047235
23.125	21.5	1.00182205823639
23.375	21.5	1.00192223733709
23.625	21.5	1.00198370348615
23.875	21.5	1.00202161983572
24.125	21.5	1.00204520489232
24.375	21.5	1.00206006244608
24.625	21.5	1.00206959883197
24.875	21.5	1.00207588469852
25.125	21.5	1.00208017888587
25.375	21.5	1.00208324685135
25.625	21.5	1.00208555419929
25.875	21.5	1.00208738429669
26.125	21.5	1.00208890975062
26.375	21.5	1.00209023584568
26.625	21.5	1.00209142694118
26.875	21.5	1.0020925225129
27.125	21.5	1.00209354690174
27.375	21.5	1.00209451523831
27.625	21.5	1.00209543704352
27.875	21.5	1.00209631841696
28.125	21.5	1.00209716336709
28.375	21.5	1.00209797461992
28.625	21.5	1.00209875411072
28.875	21.5	1.00209950328315
29.125	21.5	1.00210022327137
29.375	21.5	1.00210091501095
29.625	21.5	1.00210157930653
29.875	21.5	1.00210221687327
30.125	21.5	1.00210282836223
30.375	21.5	1.00210341437605
30.625	21.5	1.00210397547875
30.875	21.5	1.00210451220181
31.125	21.5	1.00210502504822
31.375	21.5	1.002105514495
31.625	21.5	1.00210598099502
31.875	21.5	1.00210642497822
32.125	21.5	1.00210684685259
32.375	21.5	1.00210724700488
32.625	21.5	1.0021076258012
32.875	21.5	1.00210798358753
33.125	21.5	1.00210832069018
33.375	21.5	1.00210863741618
33.625	21.5	1.00210893405365
33.875	21.5	1.00210921087212
34.125	21.5	1.00210946812284
34.375	21.5	1.0021097060391
34.625	21.5	1.00210992483645
34.875	21.5	1.00211012471294
35.125	21.5	1.00211030584936
35.375	21.5	1.00211046840944
35.625	21.5	1.00211061254003
35.875	21.5	1.00211073837124
36.125	21.5	1.00211084601663
36.375	21.5	1.00211093557328
36.625	21.5	1.00211100712194
36.875	21.5	1.0021110607271
37.125	21.5	1.00211109643706
37.375	21.5	1.00211111428401
0.125	22.5	-0.00216895054096327
0.375	22.5	-0.00216896873677202
0.625	22.5	-0.00216900514447568
0.875	22.5	-0.00216905979626396
1.125	22.5	-0.00216913274046503
1.375	22.5	-0.00216922404159771
1.625	22.5	-0.00216933378044122
1.875	22.5	-0.00216946205412259
2.125	22.5	-0.00216960897622168
2.375	22.5	-0.00216977467689403
2.625	22.5	-0.00216995930301166
2.875	22.5	-0.00217016301832207
3.125	22.5	-0.00217038600362537
3.375	22.5	-0.00217062845696997
3.625	22.5	-0.0021708905938668
3.875	22.5	-0.0021711726475223
4.125	22.5	-0.00217147486909017
4.375	22.5	-0.00217179752794198
4.625	22.5	-0.0021721409119564
4.875	22.5	-0.00217250532782651
5.125	22.5	-0.0021728911013842
5.375	22.5	-0.00217329857793975
5.625	22.5	-0.00217372812263308
5.875	22.5	-0.00217418012079098
6.125	22.5	-0.00217465497828036
6.375	22.5	-0.00217515312184104
6.625	22.5	-0.0021756749993706
6.875	22.5	-0.00217622108011591
7.125	22.5	-0.00217679185469599
7.375	22.5	-0.00217738783483234
7.625	22.5	-0.00217800955258215
7.875	22.5	-0.00217865755873766
8.125	22.5	-0.00217933241983721
8.375	22.5	-0.00218003471287517
8.625	22.5	-0.0021807650162084
8.875	22.5	-0.00218152389418717
9.125	22.5	-0.00218231187144207
9.375	22.5	-0.00218312939013289
9.625	22.5	-0.00218397673914437
9.875	22.5	-0.00218485393710474
10.125	22.5	-0.00218576053940538
10.375	22.5	-0.00218669532015354
10.625	22.5	-0.00218765574832188
10.875	22.5	-0.00218863712525264
11.125	22.5	-0.00218963116493994
11.375	22.5	-0.00219062365744724
11.625	22.5	-0.00219159062370921
11.875	22.5	-0.00219249198806035
12.125	22.5	-0.00219326116645394
12.375	22.5	-0.00219378793442504
12.625	22.5	-0.00219389023772732
12.875	22.5	-0.00219326780973858
13.125	22.5	-0.00219142585507449
13.375	22.5	-0.00218754948387127
13.625	22.5	-0.00218029712153633
13.875	22.5	-0.00216746062921685
14.125	22.5	-0.00214540618844363
14.375	22.5	-0.00210815466993081
14.625	22.5	-0.00204586939638098
14.875	22.5	-0.00194237043001986
15.125	22.5	-0.0017710514494082
15.375	22.5	-0.00148818003557679
15.625	22.5	-0.00102192454154127
15.875	22.5	-0.000254435732974617
16.125	22.5	0.00100726686739295
16.375	22.5	0.00307820590168997
16.625	22.5	0.00646997900276431
16.875	22.5	0.0120063591370068
17.125	22.5	0.0209951176800192
17.375	22.5	0.0354638198313937
17.625	22.5	0.0584326994639246
17.875	22.5	0.0940997512856531
18.125	22.5	0.147608648268886
18.375	22.5	0.223803394785909
18.625	22.5	0.324443338542577
18.875	22.5	0.444644893151269
19.125	22.5	0.571783037389242
19.375	22.5	0.689978674663102
19.625	22.5	0.787498107840868
19.875	22.5	0.860494556743394
20.125	22.5	0.911343638465752
20.375	22.5	0.945054099815909
20.625	22.5	0.966687351982114
20.875	22.5	0.980285378252667
21.125	22.5	0.988722669450253
21.375	22.5	0.993916202748443
21.625	22.5	0.997097587906081
21.875	22.5	0.999040796016855
22.125	22.5	1.00022580375776
22.375	22.5	1.00094789885521
22.625	22.5	1.00138787022431
22.875	22.5	1.00165608162401
23.125	22.5	1.00181978582334
23.375	22.5	1.00191992084802
23.625	22.5	1.00198139029288
23.875	22.5	1.00201933777524
24.125	22.5	1.00204296993622
24.375	22.5	1.00205788337176
24.625	22.5	1.0020674800662
24.875	22.5	1.00207382804756
25.125	22.5	1.00207818458773
25.375	22.5	1.00208131421523
25.625	22.5	1.00208368199383
25.875	22.5	1.00208557098532
26.125	22.5	1.00208715363379
26.375	22.5	1.00208853514659
26.625	22.5	1.00208977985699
26.875	22.5	1.00209092724505
27.125	22.5	1.00209200167357
27.375	22.5	1.00209301830497
27.625	22.5	1.00209398669718
27.875	22.5	1.00209491298929
28.125	22.5	1.00209580122999
28.375	22.5	1.0020966541853
28.625	22.5	1.00209747382965
28.875	22.5	1.00209826164476
29.125	22.5	1.00209901880148
29.375	22.5	1.00209974627065
29.625	22.5	1.0021004448908
29.875	22.5	1.00210111540947
30.125	22.5	1.0021017585087
30.375	22.5	1.00210237482074
30.625	22.5	1.00210296493782
30.875	22.5	1.00210352941836
31.125	22.5	1.00210406879095
31.375	22.5	1.00210458355699
31.625	22.5	1.00210507419252
31.875	22.5	1.00210554114948
32.125	22.5	1.00210598485671
32.375	22.5	1.0021064057207
32.625	22.5	1.00210680412619
32.875	22.5	1.00210718043679
33.125	22.5	1.00210753499535
33.375	22.5	1.00210786812447
33.625	22.5	1.00210818012685
33.875	22.5	1.00210847128564
34.125	22.5	1.00210874186478
34.375	22.5	1.00210899210928
34.625	22.5	1.00210922224555
34.875	22.5	1.00210943248159
35.125	22.5	1.00210962300728
35.375	22.5	1.00210979399455
35.625	22.5	1.00210994559761
35.875	22.5	1.00211007795308
36.125	22.5	1.0021101911802
36.375	22.5	1.00211028538091
36.625	22.5	1.00211036063998
36.875	22.5	1.00211041702514
37.125	22.5	1.0021104545871
37.375	22.5	1.00211047335964
0.125	23.5	-0.0021692079333345
0.375	23.5	-0.00216922674927831
0.625	23.5	-0.00216926439773327
0.875	23.5	-0.00216932091185218
1.125	23.5	-0.00216939634140942
1.375	23.5	-0.00216949075285517
1.625	23.5	-0.00216960422938783
1.875	23.5	-0.00216973687104469
2.125	23.5	-0.00216988879481093
2.375	23.5	-0.00217006013474721
2.625	23.5	-0.00217025104213587
2.875	23.5	-0.00217046168564596
3.125	23.5	-0.00217069225151734
3.375	23.5	-0.00217094294376389
3.625	23.5	-0.00217121398439615
3.875	23.5	-0.0021715056136635
4.125	23.5	-0.00217181809031589
4.375	23.5	-0.00217215169188533
4.625	23.5	-0.00217250671498687
4.875	23.5	-0.00217288347563849
5.125	23.5	-0.00217328230959915
5.375	23.5	-0.00217370357272284
5.625	23.5	-0.00217414764132542
5.875	23.5	-0.00217461491255834
6.125	23.5	-0.00217510580477941
6.375	23.5	-0.00217562075790418
6.625	23.5	-0.00217616023371022
6.875	23.5	-0.00217672471604893
7.125	23.5	-0.0021773147108892
7.375	23.5	-0.00217793074606874
7.625	23.5	-0.00217857337054759
7.875	23.5	-0.00217924315282595
8.125	23.5	-0.00217994067796972
8.375	23.5	-0.00218066654232725
8.625	23.5	-0.00218142134442943
8.875	23.5	-0.00218220566959103
9.125	23.5	-0.00218302006412911
9.375	23.5	-0.00218386499247822
9.625	23.5	-0.00218474076614396
9.875	23.5	-0.00218564742629994
10.125	23.5	-0.0021865845500895
10.375	23.5	-0.00218755093137197
10.625	23.5	-0.00218854405486137
10.875	23.5	-0.00218955923029591
11.125	23.5	-0.00219058816720774
11.375	23.5	-0.00219161662924644
11.625	23.5	-0.00219262057399737
11.875	23.5	-0.00219355980084348
12.125	23.5	-0.00219436749859677
12.375	23.5	-0.00219493304669944
12.625	23.5	-0.00219507371606744
12.875	23.5	-0.00219448810595935
13.125	23.5	-0.0021926795307553
13.375	23.5	-0.00218882996622598
13.625	23.5	-0.00218159265702459
13.875	23.5	-0.00216875091844583
14.125	23.5	-0.00214665685381857
14.375	23.5	-0.00210930816251952
14.625	23.5	-0.00204683005519703
14.875	23.5	-0.00194297994593298
15.125	23.5	-0.00177104860470945
15.375	23.5	-0.00148713473212732
15.625	23.5	-0.00101912994141298
15.875	23.5	-0.00024873257614177
16.125	23.5	0.00101777463235472
16.375	23.5	0.00309660660891875
16.625	23.5	0.00650126996742605
16.875	23.5	0.0120585399883589
17.125	23.5	0.0210807674444578
17.375	23.5	0.0356021346030586
17.625	23.5	0.058651511967836
17.875	23.5	0.0944359246326731
18.125	23.5	0.148103224248408
18.375	23.5	0.224486255704952
18.625	23.5	0.325306200401142
18.875	23.5	0.445617932605577
19.125	23.5	0.572746772260343
19.375	23.5	0.690818119729318
19.625	23.5	0.788152739712697
19.875	23.5	0.860963486845829
20.125	23.5	0.911659881687361
20.375	23.5	0.945258797676775
20.625	23.5	0.966816216473005
20.875	23.5	0.980364911994669
21.125	23.5	0.98877097192933
21.375	23.5	0.993945063352658
21.625	23.5	0.997114475278419
21.875	23.5	0.999050363655338
22.125	23.5	1.00023092216251
22.375	23.5	1.0009503278191
22.625	23.5	1.00138868442468
22.875	23.5	1.00165593563654
23.125	23.5	1.00181907754669
23.375	23.5	1.00191889169843
23.625	23.5	1.00198018641874
23.875	23.5	1.00201804737798
24.125	23.5	1.00204164599475
24.375	23.5	1.00205655746853
24.625	23.5	1.00206617079504
24.875	23.5	1.00207254612507
25.125	23.5	1.00207693595977
25.375	23.5	1.00208010194453
25.625	23.5	1.00208250740666
25.875	23.5	1.00208443436771
26.125	23.5	1.0020860546541
26.375	23.5	1.00208747311166
26.625	23.5	1.00208875386727
26.875	23.5	1.00208993628826
27.125	23.5	1.00209104468113
27.375	23.5	1.00209209418569
27.625	23.5	1.00209309435729
27.875	23.5	1.00209405134408
28.125	23.5	1.00209496921043
28.375	23.5	1.00209585074159
28.625	23.5	1.00209669793298
28.875	23.5	1.00209751228793
29.125	23.5	1.00209829499888
29.375	23.5	1.00209904705789
29.625	23.5	1.00209976932406
29.875	23.5	1.0021004625648
30.125	23.5	1.00210112748121
30.375	23.5	1.0021017647238
30.625	23.5	1.00210237490223
30.875	23.5	1.00210295859155
31.125	23.5	1.00210351633619
31.375	23.5	1.00210404865263
31.625	23.5	1.0021045560312
31.875	23.5	1.00210503893743
32.125	23.5	1.00210549781301
32.375	23.5	1.00210593307661
32.625	23.5	1.00210634512449
32.875	23.5	1.00210673433107
33.125	23.5	1.00210710104945
33.375	23.5	1.00210744561178
33.625	23.5	1.00210776832975
33.875	23.5	1.00210806949488
34.125	23.5	1.00210834937891
34.375	23.5	1.00210860823409
34.625	23.5	1.00210884629349
34.875	23.5	1.00210906377123
35.125	23.5	1.00210926086277
35.375	23.5	1.00210943774508
35.625	23.5	1.00210959457688
35.875	23.5	1.00210973149882
36.125	23.5	1.0021098486336
36.375	23.5	1.00210994608616
36.625	23.5	1.00211002394376
36.875	23.5	1.00211008227608
37.125	23.5	1.00211012113532
37.375	23.5	1.00211014055626
0.125	24.5	-0.00216915773658136
0.375	24.5	-0.00216917690044419
0.625	24.5	-0.0021692152449209
0.875	24.5	-0.00216927280353193
1.125	24.5	-0.00216934962660389
1.375	24.5	-0.00216944578132457
1.625	24.5	-0.00216956135181648
1.875	24.5	-0.002169696439229
2.125	24.5	-0.00216985116184911
2.375	24.5	-0.00217002565523097
2.625	24.5	-0.00217022007234456
2.875	24.5	-0.00217043458374334
3.125	24.5	-0.00217066937775141
3.375	24.5	-0.00217092466067011
3.625	24.5	-0.00217120065700439
3.875	24.5	-0.00217149760970915
4.125	24.5	-0.00217181578045555
4.375	24.5	-0.00217215544991742
4.625	24.5	-0.00217251691807765
4.875	24.5	-0.00217290050455402
5.125	24.5	-0.00217330654894349
5.375	24.5	-0.00217373541118318
5.625	24.5	-0.00217418747192444
5.875	24.5	-0.00217466313291449
6.125	24.5	-0.0021751628173754
6.375	24.5	-0.00217568697036407
6.625	24.5	-0.00217623605908546
6.875	24.5	-0.00217681057311316
7.125	24.5	-0.00217741102444147
7.375	24.5	-0.00217803794724372
7.625	24.5	-0.00217869189713032
7.875	24.5	-0.00217937344956639
8.125	24.5	-0.00218008319688855
8.375	24.5	-0.00218082174299875
8.625	24.5	-0.00218158969421718
8.875	24.5	-0.00218238764379576
9.125	24.5	-0.00218321614598159
9.375	24.5	-0.0021840756728656
9.625	24.5	-0.00218496654288552
9.875	24.5	-0.00218588880266866
10.125	24.5	-0.00218684203207941
10.375	24.5	-0.00218782502288791
10.625	24.5	-0.00218883524947604
10.875	24.5	-0.00218986799734486
11.125	24.5	-0.00219091492855467
11.375	24.5	-0.00219196172068619
11.625	24.5	-0.0021929841813742
11.875	24.5	-0.00219394185456554
12.125	24.5	-0.00219476749970722
12.375	24.5	-0.00219534978036377
12.625	24.5	-0.00219550477988371
12.875	24.5	-0.0021949291337087
13.125	24.5	-0.00219312291526898
13.375	24.5	-0.00218926275853632
13.625	24.5	-0.00218199311099192
13.875	24.5	-0.00216908280824496
14.125	24.5	-0.00214686013016717
14.375	24.5	-0.00210928359184828
14.625	24.5	-0.00204641397499892
14.875	24.5	-0.00194190279781519
15.125	24.5	-0.00176886687765611
15.375	24.5	-0.00148311941991657
15.625	24.5	-0.0010120841450416
15.875	24.5	-0.000236694368690149
16.125	24.5	0.00103801321432275
16.375	24.5	0.00313027004962906
16.625	24.5	0.0065568115026387
16.875	24.5	0.0121494903807445
17.125	24.5	0.0212284000736452
17.375	24.5	0.0358389038694151
17.625	24.5	0.0590244464777196
17.875	24.5	0.09500723984926
18.125	24.5	0.14894201766937
18.375	24.5	0.225642453368742
18.625	24.5	0.326764930108868
18.875	24.5	0.447260477233935
19.125	24.5	0.574371411210181
19.375	24.5	0.692231796678327
19.625	24.5	0.789254650507891
19.875	24.5	0.86175299299025
20.125	24.5	0.912192925582283
20.375	24.5	0.945604653913384
20.625	24.5	0.967034874973011
20.875	24.5	0.980500837152708
21.125	24.5	0.98885450740989
21.375	24.5	0.993995964691331
21.625	24.5	0.997145253900421
21.875	24.5	0.999068813632492
22.125	24.5	1.00024185090737
22.375	24.5	1.00095668276755
22.625	24.5	1.0013922660074
22.875	24.5	1.0016578411092
23.125	24.5	1.00181997461302
23.375	24.5	1.00191918622578
23.625	24.5	1.00198012488096
23.875	24.5	1.00201777929732
24.125	24.5	1.00204126195354
24.375	24.5	1.0020561122309
24.625	24.5	1.00206569736473
24.875	24.5	1.00207206428991
25.125	24.5	1.00207645748409
25.375	24.5	1.0020796337241
25.625	24.5	1.00208205338537
25.875	24.5	1.00208399670188
26.125	24.5	1.00208563441964
26.375	24.5	1.00208707073338
26.625	24.5	1.00208836937954
26.875	24.5	1.00208956949306
27.125	24.5	1.00209069524386
27.375	24.5	1.00209176169316
27.625	24.5	1.00209277835274
27.875	24.5	1.00209375134821
28.125	24.5	1.00209468473404
28.375	24.5	1.00209558129305
28.625	24.5	1.00209644302257
28.875	24.5	1.00209727143033
29.125	24.5	1.00209806771455
29.375	24.5	1.00209883287369
29.625	24.5	1.00209956777353
29.875	24.5	1.00210027318819
30.125	24.5	1.00210094982536
30.375	24.5	1.00210159834192
30.625	24.5	1.00210221935366
30.875	24.5	1.00210281344153
31.125	24.5	1.00210338115554
31.375	24.5	1.0021039230175
31.625	24.5	1.0021044395228
31.875	24.5	1.00210493114177
32.125	24.5	1.00210539832064
32.375	24.5	1.00210584148236
32.625	24.5	1.00210626102723
32.875	24.5	1.0021066573335
33.125	24.5	1.00210703075782
33.375	24.5	1.00210738163573
33.625	24.5	1.00210771028203
33.875	24.5	1.00210801699119
34.125	24.5	1.00210830203767
34.375	24.5	1.00210856567624
34.625	24.5	1.0021088081423
34.875	24.5	1.00210902965211
35.125	24.5	1.00210923040305
35.375	24.5	1.00210941057388
35.625	24.5	1.00210957032489
35.875	24.5	1.00210970979811
36.125	24.5	1.00210982911746
36.375	24.5	1.00210992838892
36.625	24.5	1.0021100077006
36.875	24.5	1.00211006712288
37.125	24.5	1.00211010670849
37.375	24.5	1.00211012649251
0.125	25.5	-0.00216879427768941
0.375	25.5	-0.0021688135142565
0.625	25.5	-0.00216885200402317
0.875	25.5	-0.00216890978027265
1.125	25.5	-0.00216898689297541
1.375	25.5	-0.00216908340884386
1.625	25.5	-0.00216919941140547
1.875	25.5	-0.00216933500109432
2.125	25.5	-0.00216949029536114
2.375	25.5	-0.00216966542880225
2.625	25.5	-0.00216986055330717
2.875	25.5	-0.0021700758382255
3.125	25.5	-0.00217031147055297
3.375	25.5	-0.00217056765513697
3.625	25.5	-0.00217084461490179
3.875	25.5	-0.00217114259109368
4.125	25.5	-0.00217146184354597
4.375	25.5	-0.00217180265096416
4.625	25.5	-0.00217216531123097
4.875	25.5	-0.00217255014173087
5.125	25.5	-0.00217295747969297
5.375	25.5	-0.00217338768255063
5.625	25.5	-0.00217384112831415
5.875	25.5	-0.00217431821595083
6.125	25.5	-0.00217481936576239
6.375	25.5	-0.00217534501974296
6.625	25.5	-0.00217589564188982
6.875	25.5	-0.00217647171842067
7.125	25.5	-0.0021770737578206
7.375	25.5	-0.00217770229059278
7.625	25.5	-0.00217835786850403
7.875	25.5	-0.00217904106298234
8.125	25.5	-0.00217975246210062
8.375	25.5	-0.00218049266521602
8.625	25.5	-0.00218126227373282
8.875	25.5	-0.00218206187546742
9.125	25.5	-0.00218289201846661
9.375	25.5	-0.00218375316745184
9.625	25.5	-0.00218464563165566
9.875	25.5	-0.00218556944556638
10.125	25.5	-0.00218652417216702
10.375	25.5	-0.00218750857862674
10.625	25.5	-0.00218852010210651
10.875	25.5	-0.00218955397020268
11.125	25.5	-0.00219060175311898
11.375	25.5	-0.0021916489807988
11.625	25.5	-0.00219267122154818
11.875	25.5	-0.00219362762921964
12.125	25.5	-0.00219445032522529
12.375	25.5	-0.0021950269273085
12.625	25.5	-0.00219517180228236
12.875	25.5	-0.00219457876586232
13.125	25.5	-0.00219274325722544
13.375	25.5	-0.00218883429161153
13.625	25.5	-0.00218148378917651
13.875	25.5	-0.0021684399855487
14.125	25.5	-0.00214599728585955
14.375	25.5	-0.00210805850540281
14.625	25.5	-0.00204459285461019
14.875	25.5	-0.00193910135250136
15.125	25.5	-0.00176445359516986
15.375	25.5	-0.00147605703191605
15.625	25.5	-0.00100067037487463
15.875	25.5	-0.000218139592387944
16.125	25.5	0.00106826962627795
16.375	25.5	0.00317965466826492
16.625	25.5	0.00663733902902002
16.875	25.5	0.01228038863498
17.125	25.5	0.0214398897364723
17.375	25.5	0.0361770631091532
17.625	25.5	0.0595559781811643
17.875	25.5	0.0958202219877935
18.125	25.5	0.15013389171854
18.375	25.5	0.22728278778613
18.625	25.5	0.328830753091228
18.875	25.5	0.449581894211852
19.125	25.5	0.576662798142982
19.375	25.5	0.694222077346498
19.625	25.5	0.790803999732131
19.875	25.5	0.86286231527513
20.125	25.5	0.91294186041717
20.375	25.5	0.94609091475613
20.625	25.5	0.967342789283459
20.875	25.5	0.980692799014943
21.125	25.5	0.988973053882198
21.375	25.5	0.994068773512078
21.625	25.5	0.99718984738892
21.875	25.5	0.999096105073863
22.125	25.5	1.00025857090913
22.375	25.5	1.00096695780791
22.625	25.5	1.00139861695477
22.875	25.5	1.00166180464418
23.125	25.5	1.00182248626412
23.375	25.5	1.00192081511366
23.625	25.5	1.00198121708483
23.875	25.5	1.00201854523086
24.125	25.5	1.00204182954942
24.375	25.5	1.00205655928864
24.625	25.5	1.00206607121612
24.875	25.5	1.00207239375088
25.125	25.5	1.0020767601174
25.375	25.5	1.00207992025217
25.625	25.5	1.00208233037134
25.875	25.5	1.00208426817851
26.125	25.5	1.00208590287896
26.375	25.5	1.002087337728
26.625	25.5	1.00208863588803
26.875	25.5	1.00208983614198
27.125	25.5	1.00209096244275
27.375	25.5	1.00209202971666
27.625	25.5	1.00209304739051
27.875	25.5	1.00209402153542
28.125	25.5	1.00209495616991
28.375	25.5	1.00209585405226
28.625	25.5	1.00209671716229
28.875	25.5	1.00209754699453
29.125	25.5	1.00209834473675
29.375	25.5	1.00209911137872
29.625	25.5	1.00209984777869
29.875	25.5	1.00210055470401
30.125	25.5	1.00210123285621
30.375	25.5	1.00210188288641
30.625	25.5	1.00210250540501
30.875	25.5	1.00210310098782
31.125	25.5	1.00210367018005
31.375	25.5	1.00210421349889
31.625	25.5	1.00210473143537
31.875	25.5	1.00210522445565
32.125	25.5	1.00210569300203
32.375	25.5	1.00210613749369
32.625	25.5	1.00210655832742
32.875	25.5	1.0021069558781
33.125	25.5	1.00210733049922
33.375	25.5	1.00210768252336
33.625	25.5	1.00210801226254
33.875	25.5	1.0021083200086
34.125	25.5	1.00210860603359
34.375	25.5	1.00210887059003
34.625	25.5	1.00210911391122
34.875	25.5	1.00210933621151
35.125	25.5	1.00210953768657
35.375	25.5	1.00210971851355
35.625	25.5	1.00210987885133
35.875	25.5	1.00211001884069
36.125	25.5	1.00211013860448
36.375	25.5	1.00211023824772
36.625	25.5	1.00211031785775
36.875	25.5	1.00211037750434
37.125	25.5	1.00211041723974
37.375	25.5	1.00211043709874
0.125	26.5	-0.00216811640255717
0.375	26.5	-0.00216813543859536
0.625	26.5	-0.00216817352688522
0.875	26.5	-0.00216823069987146
1.125	26.5	-0.00216830700626545
1.375	26.5	-0.00216840251109836
1.625	26.5	-0.00216851729579221
1.875	26.5	-0.00216865145824871
2.125	26.5	-0.00216880511295634
2.375	26.5	-0.00216897839111543
2.625	26.5	-0.00216917144078177
2.875	26.5	-0.0021693844270287
3.125	26.5	-0.00216961753212793
3.375	26.5	-0.00216987095574943
3.625	26.5	-0.00217014491518032
3.875	26.5	-0.00217043964556328
4.125	26.5	-0.0021707554001543
4.375	26.5	-0.00217109245060004
4.625	26.5	-0.00217145108723459
4.875	26.5	-0.00217183161939509
5.125	26.5	-0.00217223437575538
5.375	26.5	-0.00217265970467558
5.625	26.5	-0.00217310797456433
5.875	26.5	-0.00217357957424763
6.125	26.5	-0.00217407491333425
6.375	26.5	-0.00217459442256086
6.625	26.5	-0.00217513855408841
6.875	26.5	-0.00217570778170326
7.125	26.5	-0.00217630260084528
7.375	26.5	-0.00217692352833525
7.625	26.5	-0.00217757110159052
7.875	26.5	-0.00217824587698166
8.125	26.5	-0.0021789484267577
8.375	26.5	-0.00217967933359835
8.625	26.5	-0.00218043918124259
8.875	26.5	-0.00218122853864238
9.125	26.5	-0.00218204793344302
9.375	26.5	-0.0021828978078812
9.625	26.5	-0.00218377844573323
9.875	26.5	-0.00218468985160853
10.125	26.5	-0.00218563155181181
10.375	26.5	-0.00218660226613509
10.625	26.5	-0.00218759936725921
10.875	26.5	-0.00218861799067304
11.125	26.5	-0.00218964956954312
11.375	26.5	-0.00219067942339377
11.625	26.5	-0.00219168278993604
11.875	26.5	-0.00219261829528486
12.125	26.5	-0.00219341720937111
12.375	26.5	-0.00219396576646421
12.625	26.5	-0.00219407607535357
12.875	26.5	-0.00219343825569814
13.125	26.5	-0.00219154168571261
13.375	26.5	-0.00218754543021471
13.625	26.5	-0.00218006506200873
13.875	26.5	-0.0021668219488153
14.125	26.5	-0.0021440663271208
14.375	26.5	-0.00210562839812135
14.625	26.5	-0.00204135800323977
14.875	26.5	-0.0019345599824966
15.125	26.5	-0.00175778167559461
15.375	26.5	-0.00146590162145672
15.625	26.5	-0.000984811683641699
15.875	26.5	-0.000192940487979555
16.125	26.5	0.00110875461437036
16.375	26.5	0.00324510600017833
16.625	26.5	0.00674341506451669
16.875	26.5	0.0124521414590916
17.125	26.5	0.021716675818751
17.375	26.5	0.0366188421810306
17.625	26.5	0.0602494264341973
17.875	26.5	0.0968794970996983
18.125	26.5	0.151684617467774
18.375	26.5	0.229413180958849
18.625	26.5	0.331507703083105
18.875	26.5	0.452582069997168
19.125	26.5	0.579615999057253
19.375	26.5	0.696780880141857
19.625	26.5	0.792792146070568
19.875	26.5	0.864284053043813
20.125	26.5	0.91390113685717
20.375	26.5	0.946713745050855
20.625	26.5	0.967737438311684
20.875	26.5	0.980939190015633
21.125	26.5	0.989125604795134
21.375	26.5	0.994162866142433
21.625	26.5	0.997247871369528
21.875	26.5	0.999132001474408
22.125	26.5	1.00028093642613
22.375	26.5	1.00098106270059
22.625	26.5	1.00140768090575
22.875	26.5	1.00166779055352
23.125	26.5	1.00182658944085
23.375	26.5	1.00192376303877
23.625	26.5	1.0019834524693
23.875	26.5	1.00202033757337
24.125	26.5	1.00204334303573
24.375	26.5	1.00205789408692
24.625	26.5	1.00206728858067
24.875	26.5	1.00207353127868
25.125	26.5	1.00207784101869
25.375	26.5	1.00208095898326
25.625	26.5	1.00208333605711
25.875	26.5	1.002085246692
26.125	26.5	1.00208685810506
26.375	26.5	1.00208827233162
26.625	26.5	1.00208955178112
26.875	26.5	1.00209073476771
27.125	26.5	1.00209184494851
27.375	26.5	1.00209289705959
27.625	26.5	1.00209390040203
27.875	26.5	1.00209486096076
28.125	26.5	1.00209578269262
28.375	26.5	1.00209666830934
28.625	26.5	1.00209751975385
28.875	26.5	1.00209833848998
29.125	26.5	1.00209912567887
29.375	26.5	1.00209988228655
29.625	26.5	1.00210060914953
29.875	26.5	1.002101307015
30.125	26.5	1.00210197656557
30.375	26.5	1.00210261843454
30.625	26.5	1.00210323321542
30.875	26.5	1.00210382146798
31.125	26.5	1.00210438372219
31.375	26.5	1.00210492048076
31.625	26.5	1.00210543222097
31.875	26.5	1.00210591939592
32.125	26.5	1.00210638243554
32.375	26.5	1.00210682174729
32.625	26.5	1.00210723771688
32.875	26.5	1.00210763070872
33.125	26.5	1.00210800106648
33.375	26.5	1.00210834911347
33.625	26.5	1.00210867515304
33.875	26.5	1.00210897946895
34.125	26.5	1.00210926232569
34.375	26.5	1.00210952396881
34.625	26.5	1.00210976462516
34.875	26.5	1.00210998450317
35.125	26.5	1.00211018379309
35.375	26.5	1.00211036266721
35.625	26.5	1.00211052128004
35.875	26.5	1.00211065976849
36.125	26.5	1.002110778252
36.375	26.5	1.00211087683274
36.625	26.5	1.00211095559564
36.875	26.5	1.00211101460855
37.125	26.5	1.00211105392229
37.375	26.5	1.00211107357071
0.125	27.5	-0.00216712744288374
0.375	27.5	-0.00216714601209349
0.625	27.5	-0.00216718316601558
0.875	27.5	-0.00216723893567206
1.125	27.5	-0.00216731336763792
1.375	27.5	-0.00216740652409148
1.625	27.5	-0.00216751848288166
1.875	27.5	-0.00216764933761219
2.125	27.5	-0.002167799197743
2.375	27.5	-0.00216796818870879
2.625	27.5	-0.00216815645205507
2.875	27.5	-0.0021683641455918
3.125	27.5	-0.00216859144356476
3.375	27.5	-0.00216883853684504
3.625	27.5	-0.0021691056331366
3.875	27.5	-0.00216939295720222
4.125	27.5	-0.00216970075110802
4.375	27.5	-0.00217002927448642
4.625	27.5	-0.00217037880481755
4.875	27.5	-0.00217074963772848
5.125	27.5	-0.00217114208730937
5.375	27.5	-0.00217155648644455
5.625	27.5	-0.00217199318715496
5.875	27.5	-0.00217245256094601
6.125	27.5	-0.00217293499915051
6.375	27.5	-0.00217344091324962
6.625	27.5	-0.00217397073514302
6.875	27.5	-0.0021745249173208
7.125	27.5	-0.00217510393285854
7.375	27.5	-0.00217570827510568
7.625	27.5	-0.00217633845685329
7.875	27.5	-0.0021769950086287
8.125	27.5	-0.0021776784755364
8.375	27.5	-0.00217838941168967
8.625	27.5	-0.00217912837065986
8.875	27.5	-0.00217989588935487
9.125	27.5	-0.00218069246106677
9.375	27.5	-0.00218151849067961
9.625	27.5	-0.00218237422050338
9.875	27.5	-0.00218325960775723
10.125	27.5	-0.00218417412247664
10.375	27.5	-0.00218511641446783
10.625	27.5	-0.00218608376477548
10.875	27.5	-0.00218707118257472
11.125	27.5	-0.00218806991863528
11.375	27.5	-0.00218906501881293
11.625	27.5	-0.00219003129801531
11.875	27.5	-0.00219092671525448
12.125	27.5	-0.00219168147252958
12.375	27.5	-0.00219218007787032
12.625	27.5	-0.00219223183197102
12.875	27.5	-0.00219152226780922
13.125	27.5	-0.00218953325223082
13.375	27.5	-0.00218541152876409
13.625	27.5	-0.00217775243817212
13.875	27.5	-0.00216424410572411
14.125	27.5	-0.00214108212969809
14.375	27.5	-0.00210200689367774
14.625	27.5	-0.00203672059654453
14.875	27.5	-0.00192828543758786
15.125	27.5	-0.00174885018223734
15.375	27.5	-0.00145263920613072
15.625	27.5	-0.00096447226612173
15.875	27.5	-0.000161025125810721
16.125	27.5	0.00115959935096372
16.375	27.5	0.00332685134450838
16.625	27.5	0.0068754205904904
16.875	27.5	0.0126653698986952
17.125	27.5	0.0220597400179734
17.375	27.5	0.0371657280291161
17.625	27.5	0.0611068944936122
17.875	27.5	0.098187696876367
18.125	27.5	0.153596730258652
18.375	27.5	0.232034481955866
18.625	27.5	0.334792406425663
18.875	27.5	0.456251252670176
19.125	27.5	0.583215286484376
19.375	27.5	0.69988980626621
19.625	27.5	0.795201866247765
19.875	27.5	0.866004387404363
20.125	27.5	0.915060748461122
20.375	27.5	0.947466360844028
20.625	27.5	0.968214407718839
20.875	27.5	0.981237207779827
21.125	27.5	0.989310405659444
21.375	27.5	0.994277151200098
21.625	27.5	0.99731864742474
21.875	27.5	0.999176079209542
22.125	27.5	1.00030868022939
22.375	27.5	1.00099882599188
22.625	27.5	1.00141934505055
22.875	27.5	1.00167572200464
23.125	27.5	1.00183222947713
23.375	27.5	1.00192798909411
23.625	27.5	1.00198679876877
23.875	27.5	1.00202312958345
24.125	27.5	1.00204577929358
24.375	27.5	1.00206009596604
24.625	27.5	1.00206933054298
24.875	27.5	1.00207545925968
25.125	27.5	1.00207968359908
25.375	27.5	1.00208273417691
25.625	27.5	1.00208505543558
25.875	27.5	1.00208691789087
26.125	27.5	1.0020884863473
26.375	27.5	1.00208986135372
26.625	27.5	1.00209110439645
26.875	27.5	1.00209225320954
27.125	27.5	1.00209333107912
27.375	27.5	1.00209435249801
27.625	27.5	1.00209532660236
27.875	27.5	1.00209625926046
28.125	27.5	1.00209715434247
28.375	27.5	1.00209801449235
28.625	27.5	1.00209884159732
28.875	27.5	1.00209963707349
29.125	27.5	1.00210040203971
29.375	27.5	1.00210113742358
29.625	27.5	1.00210184402609
29.875	27.5	1.00210252256128
30.125	27.5	1.00210317368048
30.375	27.5	1.00210379798743
30.625	27.5	1.00210439604757
30.875	27.5	1.00210496839406
31.125	27.5	1.00210551553152
31.375	27.5	1.00210603793863
31.625	27.5	1.00210653606982
31.875	27.5	1.00210701035651
32.125	27.5	1.00210746120808
32.375	27.5	1.00210788901257
32.625	27.5	1.00210829413728
32.875	27.5	1.0021086769293
33.125	27.5	1.00210903771599
33.375	27.5	1.00210937680532
33.625	27.5	1.00210969448628
33.875	27.5	1.00210999102925
34.125	27.5	1.00211026668622
34.375	27.5	1.00211052169117
34.625	27.5	1.00211075626029
34.875	27.5	1.00211097059222
35.125	27.5	1.00211116486828
35.375	27.5	1.00211133925268
35.625	27.5	1.0021114938927
35.875	27.5	1.00211162891883
36.125	27.5	1.00211174444497
36.375	27.5	1.00211184056847
36.625	27.5	1.00211191737033
36.875	27.5	1.00211197491523
37.125	27.5	1.0021120132516
37.375	27.5	1.00211203241173
0.125	28.5	-0.00216583510149946
0.375	28.5	-0.00216585294932667
0.625	28.5	-0.00216588865949631
0.875	28.5	-0.00216594226105432
1.125	28.5	-0.00216601379760823
1.375	28.5	-0.0021661033273735
1.625	28.5	-0.00216621092323539
1.875	28.5	-0.00216633667282655
2.125	28.5	-0.00216648067862027
2.375	28.5	-0.00216664305803966
2.625	28.5	-0.0021668239435829
2.875	28.5	-0.00216702348296467
3.125	28.5	-0.00216724183927399
3.375	28.5	-0.00216747919114865
3.625	28.5	-0.00216773573296643
3.875	28.5	-0.00216801167505321
4.125	28.5	-0.00216830724390813
4.375	28.5	-0.00216862268244582
4.625	28.5	-0.00216895825025544
4.875	28.5	-0.00216931422387615
5.125	28.5	-0.00216969089708779
5.375	28.5	-0.00217008858121484
5.625	28.5	-0.00217050760544006
5.875	28.5	-0.00217094831712159
6.125	28.5	-0.00217141108210315
6.375	28.5	-0.00217189628499965
6.625	28.5	-0.00217240432942921
6.875	28.5	-0.0021729356381431
7.125	28.5	-0.00217349065297352
7.375	28.5	-0.00217406983446739
7.625	28.5	-0.00217467366098829
7.875	28.5	-0.00217530262692793
8.125	28.5	-0.00217595723943678
8.375	28.5	-0.00217663801270171
8.625	28.5	-0.00217734545817054
8.875	28.5	-0.00217808006809077
9.125	28.5	-0.00217884228802947
9.375	28.5	-0.00217963247124486
9.625	28.5	-0.00218045080317849
9.875	28.5	-0.00218129717676552
10.125	28.5	-0.00218217098680308
10.375	28.5	-0.00218307079112011
10.625	28.5	-0.00218399375256662
10.875	28.5	-0.00218493472035156
11.125	28.5	-0.00218588471795823
11.375	28.5	-0.0021868284546447
11.625	28.5	-0.0021877402303691
11.875	28.5	-0.00218857719730069
12.125	28.5	-0.00218926827195001
12.375	28.5	-0.00218969589101643
12.625	28.5	-0.00218966599268207
12.875	28.5	-0.00218885862492741
13.125	28.5	-0.00218674667960327
13.375	28.5	-0.00218246218572924
13.625	28.5	-0.00217457632991376
13.875	28.5	-0.00216073755814673
14.125	28.5	-0.00213707625767778
14.375	28.5	-0.00209722562025371
14.625	28.5	-0.00203071164712258
14.875	28.5	-0.00192030697190239
15.125	28.5	-0.00173768470839068
15.375	28.5	-0.00143628857712381
15.625	28.5	-0.000939658965650128
15.875	28.5	-0.000122380056724974
16.125	28.5	0.00122085090774032
16.375	28.5	0.00342499216851363
16.625	28.5	0.00703354245434871
16.875	28.5	0.012920388638849
17.125	28.5	0.0224695726713575
17.375	28.5	0.0378184106544804
17.625	28.5	0.0621291847759159
17.875	28.5	0.0997453311057959
18.125	28.5	0.155869352242296
18.375	28.5	0.235142255680156
18.625	28.5	0.338673904494879
18.875	28.5	0.460570027588374
19.125	28.5	0.587434359461048
19.375	28.5	0.703520567829598
19.625	28.5	0.798007856979791
19.875	28.5	0.868003535685647
20.125	28.5	0.916406584167436
20.375	28.5	0.948339278015161
20.625	28.5	0.968767555381993
20.875	28.5	0.981582961415078
21.125	28.5	0.989525020911423
21.375	28.5	0.994410111161388
21.625	28.5	0.997401228793819
21.875	28.5	0.999227743412204
22.125	28.5	1.00034142344719
22.375	28.5	1.00102000117076
22.625	28.5	1.00143344403843
22.875	28.5	1.00168548355768
23.125	28.5	1.0018393218018
23.375	28.5	1.00193342798046
23.625	28.5	1.00199120289157
23.875	28.5	1.00202687606867
24.125	28.5	1.00204909839633
24.375	28.5	1.00206312864929
24.625	28.5	1.00207216347874
24.875	28.5	1.00207814610022
25.125	28.5	1.00208225790237
25.375	28.5	1.00208521726043
25.625	28.5	1.00208746114857
25.875	28.5	1.00208925551455
26.125	28.5	1.00209076235779
26.375	28.5	1.00209208049404
26.625	28.5	1.00209327032887
26.875	28.5	1.00209436891292
27.125	28.5	1.00209539909135
27.375	28.5	1.00209637506429
27.625	28.5	1.00209730576635
27.875	28.5	1.00209819692056
28.125	28.5	1.00209905228698
28.375	28.5	1.00209987442176
28.625	28.5	1.00210066513872
28.875	28.5	1.00210142579018
29.125	28.5	1.0021021574379
29.375	28.5	1.00210286095722
29.625	28.5	1.00210353710065
29.875	28.5	1.00210418653672
30.125	28.5	1.00210480987386
30.375	28.5	1.00210540767515
30.625	28.5	1.0021059804675
30.875	28.5	1.0021065287474
31.125	28.5	1.00210705298468
31.375	28.5	1.0021075536249
31.625	28.5	1.0021080310911
31.875	28.5	1.00210848578491
32.125	28.5	1.00210891808747
32.375	28.5	1.00210932836009
32.625	28.5	1.00210971694484
32.875	28.5	1.00211008416501
33.125	28.5	1.00211043032552
33.375	28.5	1.00211075571333
33.625	28.5	1.00211106059771
33.875	28.5	1.00211134523063
34.125	28.5	1.00211160984698
34.375	28.5	1.00211185466485
34.625	28.5	1.00211207988579
34.875	28.5	1.00211228569501
35.125	28.5	1.0021124722616
35.375	28.5	1.00211263973868
35.625	28.5	1.00211278826361
35.875	28.5	1.00211291795812
36.125	28.5	1.00211302892841
36.375	28.5	1.00211312126533
36.625	28.5	1.00211319504443
36.875	28.5	1.00211325032604
37.125	28.5	1.00211328715536
37.375	28.5	1.0021133055625
0.125	29.5	-0.0021642512584301
0.375	29.5	-0.00216426814662495
0.625	29.5	-0.00216430193628804
0.875	29.5	-0.00216435265397993
1.125	29.5	-0.00216442033957575
1.375	29.5	-0.00216450504630643
1.625	29.5	-0.00216460684081365
1.875	29.5	-0.00216472580321881
2.125	29.5	-0.00216486202720588
2.375	29.5	-0.00216501562011852
2.625	29.5	-0.00216518670307133
2.875	29.5	-0.00216537541107563
3.125	29.5	-0.0021655818931798
3.375	29.5	-0.00216580631262436
3.625	29.5	-0.00216604884701197
3.875	29.5	-0.0021663096884925
4.125	29.5	-0.00216658904396322
4.375	29.5	-0.00216688713528405
4.625	29.5	-0.00216720419950776
4.875	29.5	-0.00216754048912443
5.125	29.5	-0.00216789627231911
5.375	29.5	-0.00216827183324054
5.625	29.5	-0.00216866747227724
5.875	29.5	-0.00216908350633463
6.125	29.5	-0.00216952026910245
6.375	29.5	-0.00216997811129452
6.625	29.5	-0.00217045740083112
6.875	29.5	-0.00217095852291448
7.125	29.5	-0.00217148187991586
7.375	29.5	-0.00217202789093939
7.625	29.5	-0.00217259699084078
7.875	29.5	-0.0021731896283352
8.125	29.5	-0.00217380626259204
8.375	29.5	-0.00217444735732556
8.625	29.5	-0.00217511337075002
8.875	29.5	-0.00217580473871456
9.125	29.5	-0.00217652184660044
9.375	29.5	-0.00217726498271122
9.625	29.5	-0.00217803426119543
9.875	29.5	-0.00217882949482115
10.125	29.5	-0.00217964998522151
10.375	29.5	-0.00218049417733123
10.625	29.5	-0.00218135909035061
10.875	29.5	-0.00218223938099757
11.125	29.5	-0.00218312580172296
11.375	29.5	-0.00218400266340385
11.625	29.5	-0.00218484366002716
11.875	29.5	-0.0021856049982426
12.125	29.5	-0.00218621409245009
12.375	29.5	-0.00218655096362222
12.625	29.5	-0.00218641763327695
12.875	29.5	-0.00218548776560278
13.125	29.5	-0.00218322381207847
13.375	29.5	-0.00217874069009376
13.625	29.5	-0.00217058150246977
13.875	29.5	-0.00215634856551665
14.125	29.5	-0.00213209645897823
14.375	29.5	-0.00209133376817318
14.625	29.5	-0.0020233816737818
14.875	29.5	-0.00191067620633092
15.125	29.5	-0.00172433756707249
15.375	29.5	-0.00141690203685738
15.625	29.5	-0.000910422921859861
15.875	29.5	-7.70534633757421e-05
16.125	29.5	0.00129246663171912
16.375	29.5	0.0035394944374335
16.625	29.5	0.00721775712287167
16.875	29.5	0.0132171791784837
17.125	29.5	0.0229461292047545
17.375	29.5	0.0385767139089992
17.625	29.5	0.0633156924438249
17.875	29.5	0.101550633061958
18.125	29.5	0.158497990267074
18.375	29.5	0.238726570637009
18.625	29.5	0.343133535739657
18.875	29.5	0.465509448174845
19.125	29.5	0.592236810317122
19.375	29.5	0.707635702503945
19.625	29.5	0.801177502425442
19.875	29.5	0.870256416670133
20.125	29.5	0.917920932071164
20.375	29.5	0.949320662831892
20.625	29.5	0.969389242913245
20.875	29.5	0.981971619656511
21.125	29.5	0.989766426978416
21.375	29.5	0.994559860260897
21.625	29.5	0.99749443626987
21.875	29.5	0.999286250266787
22.125	29.5	1.00037868950665
22.375	29.5	1.00104427550078
22.625	29.5	1.00144976568809
22.875	29.5	1.00169692496796
23.125	29.5	1.00184775457221
23.375	29.5	1.00193999192043
23.625	29.5	1.00199659238764
23.875	29.5	1.00203151457284
24.125	29.5	1.00205324461744
24.375	29.5	1.0020669411329
24.625	29.5	1.00207573986424
24.875	29.5	1.00208154697868
25.125	29.5	1.00208552131398
25.375	29.5	1.00208836750359
25.625	29.5	1.00209051413299
25.875	29.5	1.00209222201458
26.125	29.5	1.00209364999015
26.375	29.5	1.00209489492073
26.625	29.5	1.00209601598927
26.875	29.5	1.0020970494699
27.125	29.5	1.00209801770365
27.375	29.5	1.0020989345533
27.625	29.5	1.00209980871865
27.875	29.5	1.00210064575154
28.125	29.5	1.00210144928059
28.375	29.5	1.0021022217559
28.625	29.5	1.00210296490173
28.875	29.5	1.00210367999197
29.125	29.5	1.00210436801776
29.375	29.5	1.00210502978957
29.625	29.5	1.00210566599954
29.875	29.5	1.00210627725947
30.125	29.5	1.00210686412427
30.375	29.5	1.00210742710627
30.625	29.5	1.0021079666842
30.875	29.5	1.00210848330879
31.125	29.5	1.00210897740637
31.375	29.5	1.00210944938123
31.625	29.5	1.00210989961716
31.875	29.5	1.00211032847859
32.125	29.5	1.00211073631142
32.375	29.5	1.00211112344361
32.625	29.5	1.00211149018573
32.875	29.5	1.00211183683136
33.125	29.5	1.00211216365747
33.375	29.5	1.00211247092476
33.625	29.5	1.00211275887795
33.875	29.5	1.00211302774602
34.125	29.5	1.00211327774252
34.375	29.5	1.00211350906577
34.625	29.5	1.00211372189905
34.875	29.5	1.00211391641082
35.125	29.5	1.00211409275492
35.375	29.5	1.00211425107065
35.625	29.5	1.00211439148302
35.875	29.5	1.00211451410279
36.125	29.5	1.00211461902664
36.375	29.5	1.00211470633726
36.625	29.5	1.00211477610342
36.875	29.5	1.00211482838005
37.125	29.5	1.0021148632083
37.375	29.5	1.00211488061557
0.125	30.5	-0.00216239170184739
0.375	30.5	-0.00216240741265993
0.625	30.5	-0.00216243884609046
0.875	30.5	-0.00216248602576159
1.125	30.5	-0.00216254898713636
1.375	30.5	-0.00216262777755322
1.625	30.5	-0.00216272245627279
1.875	30.5	-0.0021628330945363
2.125	30.5	-0.00216295977563613
2.375	30.5	-0.00216310259499814
2.625	30.5	-0.00216326166027633
2.875	30.5	-0.00216343709145956
3.125	30.5	-0.00216362902099088
3.375	30.5	-0.00216383759389923
3.625	30.5	-0.0021640629679439
3.875	30.5	-0.00216430531377167
4.125	30.5	-0.00216456481508689
4.375	30.5	-0.0021648416688341
4.625	30.5	-0.0021651360853933
4.875	30.5	-0.00216544828878684
5.125	30.5	-0.00216577851689712
5.375	30.5	-0.00216612702169246
5.625	30.5	-0.00216649406945774
5.875	30.5	-0.0021668799410228
6.125	30.5	-0.00216728493197802
6.375	30.5	-0.0021677093528583
6.625	30.5	-0.00216815352926517
6.875	30.5	-0.00216861780187636
7.125	30.5	-0.00216910252625928
7.375	30.5	-0.0021696080723508
7.625	30.5	-0.00217013482337628
7.875	30.5	-0.00217068317383415
8.125	30.5	-0.00217125352593054
8.375	30.5	-0.00217184628345117
8.625	30.5	-0.00217246184140325
8.875	30.5	-0.00217310056868418
9.125	30.5	-0.0021737627792627
9.375	30.5	-0.0021744486844445
9.625	30.5	-0.00217515831400008
9.875	30.5	-0.00217589138604466
10.125	30.5	-0.00217664709258103
10.375	30.5	-0.00217742374626191
10.625	30.5	-0.0021782181987923
10.875	30.5	-0.00217902488358139
11.125	30.5	-0.00217983424013358
11.375	30.5	-0.00218063012116211
11.625	30.5	-0.00218138552590031
11.875	30.5	-0.00218205557939403
12.125	30.5	-0.00218256598044162
12.375	30.5	-0.00218279399386462
12.625	30.5	-0.00218253717567067
12.875	30.5	-0.002181461914905
13.125	30.5	-0.00217901876819063
13.375	30.5	-0.00217430316065236
13.625	30.5	-0.00216582620727234
13.875	30.5	-0.00215113768468608
14.125	30.5	-0.0021262058332753
14.375	30.5	-0.00208439732161168
14.625	30.5	-0.00201480005629057
14.875	30.5	-0.00189946670432132
15.125	30.5	-0.00170888774956519
15.375	30.5	-0.00139456600654365
15.625	30.5	-0.000876861264727466
15.875	30.5	-2.51586573341704e-05
16.125	30.5	0.00137430767680152
16.375	30.5	0.00367017728416952
16.625	30.5	0.00742781146887179
16.875	30.5	0.0135553580088991
17.125	30.5	0.0234887785918576
17.375	30.5	0.0394395142928315
17.625	30.5	0.064664282711925
17.875	30.5	0.103599386931308
18.125	30.5	0.16147432403077
18.375	30.5	0.242771808128563
18.625	30.5	0.34814490524395
18.875	30.5	0.471031345429058
19.125	30.5	0.597576843643928
19.375	30.5	0.712189557185257
19.625	30.5	0.804671875495783
19.875	30.5	0.872733493053976
20.125	30.5	0.919583106401523
20.375	30.5	0.950396763790973
20.625	30.5	0.970070619194611
20.875	30.5	0.98239759173946
21.125	30.5	0.990031125775635
21.375	30.5	0.994724215132515
21.625	30.5	0.997596902081515
21.875	30.5	0.999350734362707
22.125	30.5	1.00041992134082
22.375	30.5	1.00107128101694
22.625	30.5	1.00146805818606
22.875	30.5	1.00170986605798
23.125	30.5	1.00185739211611
23.375	30.5	1.0019475732156
23.625	30.5	1.00200287745244
23.875	30.5	1.00203696702858
24.125	30.5	1.00205814785454
24.375	30.5	1.00207146895673
24.625	30.5	1.00207999943991
24.875	30.5	1.0020856049304
25.125	30.5	1.00208941958484
25.375	30.5	1.00209213299289
25.625	30.5	1.00209416455275
25.875	30.5	1.00209576944906
26.125	30.5	1.00209710305998
26.375	30.5	1.00209826009925
26.625	30.5	1.00209929840386
26.875	30.5	1.00210025339047
27.125	30.5	1.00210114684093
27.375	30.5	1.00210199224169
27.625	30.5	1.00210279802877
27.875	30.5	1.00210356956005
28.125	30.5	1.00210431031411
28.375	30.5	1.00210502261897
28.625	30.5	1.00210570809519
28.875	30.5	1.00210636792541
29.125	30.5	1.00210700301826
29.375	30.5	1.00210761410832
29.625	30.5	1.00210820181689
29.875	30.5	1.00210876668927
30.125	30.5	1.00210930921746
30.375	30.5	1.00210982985419
30.625	30.5	1.00211032902163
30.875	30.5	1.00211080711675
31.125	30.5	1.00211126451479
31.375	30.5	1.00211170157152
31.625	30.5	1.00211211862466
31.875	30.5	1.00211251599497
32.125	30.5	1.00211289398694
32.375	30.5	1.0021132528894
32.625	30.5	1.00211359297592
32.875	30.5	1.00211391450522
33.125	30.5	1.00211421772145
33.375	30.5	1.00211450285449
33.625	30.5	1.00211477012022
33.875	30.5	1.0021150197207
34.125	30.5	1.00211525184442
34.375	30.5	1.00211546666647
34.625	30.5	1.00211566434873
34.875	30.5	1.00211584504
35.125	30.5	1.0021160088762
35.375	30.5	1.00211615598046
35.625	30.5	1.00211628646326
35.875	30.5	1.00211640042254
36.125	30.5	1.00211649794377
36.375	30.5	1.00211657910009
36.625	30.5	1.00211664395231
36.875	30.5	1.00211669254902
37.125	30.5	1.00211672492663
37.375	30.5	1.00211674110937
0.125	31.5	-0.00216027578988406
0.375	31.5	-0.00216029012979177
0.625	31.5	-0.00216031881975271
0.875	31.5	-0.00216036188006728
1.125	31.5	-0.00216041934120925
1.375	31.5	-0.00216049124385366
1.625	31.5	-0.00216057763891404
1.875	31.5	-0.00216067858758899
2.125	31.5	-0.00216079416141828
2.375	31.5	-0.00216092444234856
2.625	31.5	-0.00216106952280863
2.875	31.5	-0.00216122950579457
3.125	31.5	-0.00216140450496472
3.375	31.5	-0.00216159464474457
3.625	31.5	-0.00216180006044187
3.875	31.5	-0.00216202089837166
4.125	31.5	-0.00216225731599159
4.375	31.5	-0.00216250948204708
4.625	31.5	-0.00216277757672617
4.875	31.5	-0.00216306179182331
5.125	31.5	-0.00216336233091071
5.375	31.5	-0.00216367940951494
5.625	31.5	-0.00216401325529487
5.875	31.5	-0.00216436410821391
6.125	31.5	-0.00216473222069552
6.375	31.5	-0.0021651178577427
6.625	31.5	-0.00216552129699038
6.875	31.5	-0.00216594282863864
7.125	31.5	-0.00216638275518133
7.375	31.5	-0.00216684139078872
7.625	31.5	-0.00216731906011193
7.875	31.5	-0.0021678160961262
8.125	31.5	-0.0021683328363826
8.375	31.5	-0.00216886961663121
8.625	31.5	-0.00216942676010827
8.875	31.5	-0.00217000455967851
9.125	31.5	-0.00217060324820994
9.375	31.5	-0.00217122294957534
9.625	31.5	-0.00217186359776537
9.875	31.5	-0.00217252480352175
10.125	31.5	-0.00217320563460899
10.375	31.5	-0.00217390425397773
10.625	31.5	-0.00217461732409541
10.875	31.5	-0.00217533902652459
11.125	31.5	-0.00217605944843199
11.375	31.5	-0.00217676192745709
11.625	31.5	-0.00217741868269503
11.875	31.5	-0.00217798362571103
12.125	31.5	-0.00217838053169419
12.375	31.5	-0.00217848357641221
12.625	31.5	-0.00217808531232517
12.875	31.5	-0.00217684397812672
13.125	31.5	-0.00217419680593331
13.375	31.5	-0.00216921738699446
13.625	31.5	-0.00216038100664349
13.875	31.5	-0.00214517859211558
14.125	31.5	-0.00211948167519022
14.375	31.5	-0.00207649796231349
14.625	31.5	-0.00200505406557476
14.875	31.5	-0.00188677323801053
15.125	31.5	-0.00169144060848195
15.375	31.5	-0.00136940142460328
15.625	31.5	-0.000839118718837009
15.875	31.5	3.31223077634523e-05
16.125	31.5	0.00146613207464812
16.375	31.5	0.0038167006563507
16.625	31.5	0.00766320164760617
16.875	31.5	0.0139341415457311
17.125	31.5	0.0240962467220609
17.375	31.5	0.0404046525580328
17.625	31.5	0.0661711598000272
17.875	31.5	0.105884750166209
18.125	31.5	0.164786004556328
18.375	31.5	0.247256521034492
18.625	31.5	0.35367397356193
18.875	31.5	0.477088837996965
19.125	31.5	0.603400244002023
19.375	31.5	0.717129510219443
19.625	31.5	0.808446928678533
19.875	31.5	0.875401747492897
20.125	31.5	0.921370162487154
20.375	31.5	0.951552399399056
20.625	31.5	0.970801938881715
20.875	31.5	0.982854729991211
21.125	31.5	0.990315271695396
21.375	31.5	0.994900773878858
21.625	31.5	0.997707119098288
21.875	31.5	0.9994202394705
22.125	31.5	1.00046450085306
22.375	31.5	1.00110060706361
22.625	31.5	1.00148803838353
22.875	31.5	1.00172410241173
23.125	31.5	1.0018680790215
23.375	31.5	1.00195604733919
23.625	31.5	1.00200995339211
23.875	31.5	1.00204314182003
24.125	31.5	1.00206372542724
24.375	31.5	1.00207663582137
24.625	31.5	1.00208487069846
24.875	31.5	1.00209025223897
25.125	31.5	1.00209388814631
25.375	31.5	1.00209645188296
25.625	31.5	1.00209835299524
25.875	31.5	1.0020998406302
26.125	31.5	1.00210106644755
26.375	31.5	1.0021021228534
26.625	31.5	1.00210306623612
26.875	31.5	1.00210393108741
27.125	31.5	1.00210473858417
27.375	31.5	1.00210550180402
27.625	31.5	1.00210622889504
27.875	31.5	1.00210692500229
28.125	31.5	1.00210759343874
28.375	31.5	1.00210823639706
28.625	31.5	1.00210885538235
28.875	31.5	1.00210945147527
29.125	31.5	1.00211002549214
29.375	31.5	1.00211057808241
29.625	31.5	1.00211110978793
29.875	31.5	1.00211162107927
30.125	31.5	1.0021121123778
30.375	31.5	1.00211258406931
30.625	31.5	1.00211303651238
30.875	31.5	1.00211347004358
31.125	31.5	1.00211388498076
31.375	31.5	1.00211428162517
31.625	31.5	1.00211466026278
31.875	31.5	1.00211502116527
32.125	31.5	1.00211536459065
32.375	31.5	1.00211569078376
32.625	31.5	1.00211599997664
32.875	31.5	1.00211629238883
33.125	31.5	1.00211656822764
33.375	31.5	1.00211682768836
33.625	31.5	1.00211707095446
33.875	31.5	1.00211729819776
34.125	31.5	1.00211750957862
34.375	31.5	1.00211770524605
34.625	31.5	1.00211788533789
34.875	31.5	1.00211804998088
35.125	31.5	1.00211819929084
35.375	31.5	1.00211833337271
35.625	31.5	1.00211845232068
35.875	31.5	1.00211855621827
36.125	31.5	1.00211864513841
36.375	31.5	1.00211871914347
36.625	31.5	1.00211877828535
36.875	31.5	1.00211882260553
37.125	31.5	1.00211885213507
37.375	31.5	1.00211886689466
0.125	32.5	-0.00215792605102544
0.375	32.5	-0.00215793885389707
0.625	32.5	-0.00215796446797311
0.875	32.5	-0.00215800290992582
1.125	32.5	-0.00215805420478026
1.375	32.5	-0.00215811838593428
1.625	32.5	-0.00215819549518522
1.875	32.5	-0.00215828558276338
2.125	32.5	-0.00215838870737228
2.375	32.5	-0.0021585049362358
2.625	32.5	-0.00215863434515222
2.875	32.5	-0.00215877701855531
3.125	32.5	-0.00215893304958248
3.375	32.5	-0.00215910254015004
3.625	32.5	-0.00215928560103565
3.875	32.5	-0.002159482351968
4.125	32.5	-0.00215969292172348
4.375	32.5	-0.00215991744822988
4.625	32.5	-0.00216015607867648
4.875	32.5	-0.00216040896962987
5.125	32.5	-0.00216067628715397
5.375	32.5	-0.00216095820693186
5.625	32.5	-0.00216125491438516
5.875	32.5	-0.00216156660478381
6.125	32.5	-0.00216189348333472
6.375	32.5	-0.00216223576522948
6.625	32.5	-0.00216259367561903
6.875	32.5	-0.00216296744946192
7.125	32.5	-0.00216335733115811
7.375	32.5	-0.00216376357382362
7.625	32.5	-0.00216418643796715
7.875	32.5	-0.00216462618917605
8.125	32.5	-0.00216508309416474
8.375	32.5	-0.00216555741412158
8.625	32.5	-0.00216604939360279
8.875	32.5	-0.00216655924209159
9.125	32.5	-0.0021670871034807
9.375	32.5	-0.00216763300567585
9.625	32.5	-0.0021681967774822
9.875	32.5	-0.00216877791165024
10.125	32.5	-0.00216937533932506
10.375	32.5	-0.00216998705871282
10.625	32.5	-0.00217060952387169
10.875	32.5	-0.00217123663881105
11.125	32.5	-0.00217185810216969
11.375	32.5	-0.00217245668335183
11.625	32.5	-0.00217300374051484
11.875	32.5	-0.00217345184576151
12.125	32.5	-0.002173722650644
12.375	32.5	-0.00217368692030875
12.625	32.5	-0.00217313168240561
12.875	32.5	-0.00217170617570175
13.125	32.5	-0.00216883291826094
13.375	32.5	-0.00216356138963736
13.625	32.5	-0.00215432730631169
13.875	32.5	-0.00213855660266502
14.125	32.5	-0.00211201400340129
14.375	32.5	-0.00206773164984666
14.625	32.5	-0.00199424756361556
14.875	32.5	-0.0018727107218665
15.125	32.5	-0.00167212721425997
15.375	32.5	-0.00134156383817644
15.625	32.5	-0.000797388943171005
15.875	32.5	9.75352084011427e-05
16.125	32.5	0.00156758785478177
16.375	32.5	0.00397855279376865
16.625	32.5	0.00792315148011105
16.875	32.5	0.0143523101581986
17.125	32.5	0.0247665585380544
17.375	32.5	0.0414688444439182
17.625	32.5	0.0678307377821745
17.875	32.5	0.10839708694906
18.125	32.5	0.168416487117431
18.375	32.5	0.252153373939978
18.625	32.5	0.359679296918275
18.875	32.5	0.483627058789252
19.125	32.5	0.609645577436798
19.375	32.5	0.7223973889744
19.625	32.5	0.812454819729236
19.875	32.5	0.878225741676876
20.125	32.5	0.923257660263341
20.375	32.5	0.952771474044075
20.625	32.5	0.971572897354661
20.875	32.5	0.983336542256108
21.125	32.5	0.990614804620177
21.375	32.5	0.995086998931093
21.625	32.5	0.997823492495547
21.875	32.5	0.999493750973333
22.125	32.5	1.00051176954498
22.375	32.5	1.00113181369115
22.625	32.5	1.00150940076013
22.875	32.5	1.00173941161298
23.125	32.5	1.00187964468952
23.375	32.5	1.00196527643669
23.625	32.5	1.00201770345747
23.875	32.5	1.00204993618543
24.125	32.5	1.00206988419204
24.375	32.5	1.00208235550362
24.625	32.5	1.00209027265556
24.875	32.5	1.00209541209629
25.125	32.5	1.00209885368115
25.375	32.5	1.00210125389255
25.625	32.5	1.00210301190172
25.875	32.5	1.00210437049553
26.125	32.5	1.00210547741472
26.375	32.5	1.00210642263171
26.625	32.5	1.00210726100552
26.875	32.5	1.00210802605002
27.125	32.5	1.00210873830126
27.375	32.5	1.0021094104027
27.625	32.5	1.0021100501957
27.875	32.5	1.00211066259782
28.125	32.5	1.00211125074441
28.375	32.5	1.00211181668252
28.625	32.5	1.0021123617927
28.875	32.5	1.00211288704544
29.125	32.5	1.00211339315717
29.375	32.5	1.00211388068511
29.625	32.5	1.00211435008503
29.875	32.5	1.00211480174649
30.125	32.5	1.00211523601426
30.375	32.5	1.00211565320153
30.625	32.5	1.00211605359792
30.875	32.5	1.0021164374745
31.125	32.5	1.00211680508688
31.375	32.5	1.00211715667715
31.625	32.5	1.0021174924752
31.875	32.5	1.00211781269945
32.125	32.5	1.00211811755751
32.375	32.5	1.00211840724653
32.625	32.5	1.00211868195349
32.875	32.5	1.00211894185547
33.125	32.5	1.00211918711982
33.375	32.5	1.0021194179043
33.625	32.5	1.00211963435726
33.875	32.5	1.00211983661774
34.125	32.5	1.00212002481557
34.375	32.5	1.00212019907151
34.625	32.5	1.0021203594973
34.875	32.5	1.00212050619579
35.125	32.5	1.00212063926098
35.375	32.5	1.00212075877809
35.625	32.5	1.00212086482367
35.875	32.5	1.0021209574656
36.125	32.5	1.00212103676318
36.375	32.5	1.00212110276715
36.625	32.5	1.00212115551973
36.875	32.5	1.00212119505467
37.125	32.5	1.00212122139726
37.375	32.5	1.00212123456434
0.125	33.5	-0.00215536773237388
0.375	33.5	-0.00215537886198624
0.625	33.5	-0.00215540112762139
0.875	33.5	-0.00215543454210416
1.125	33.5	-0.00215547912468142
1.375	33.5	-0.00215553490103372
1.625	33.5	-0.00215560190329071
1.875	33.5	-0.0021556801700506
2.125	33.5	-0.00215576974640344
2.375	33.5	-0.00215587068395843
2.625	33.5	-0.00215598304087526
2.875	33.5	-0.00215610688189944
3.125	33.5	-0.0021562422784017
3.375	33.5	-0.00215638930842158
3.625	33.5	-0.00215654805671492
3.875	33.5	-0.00215671861480551
4.125	33.5	-0.00215690108104053
4.375	33.5	-0.00215709556064962
4.625	33.5	-0.00215730216580702
4.875	33.5	-0.00215752101569587
5.125	33.5	-0.00215775223657317
5.375	33.5	-0.00215799596183264
5.625	33.5	-0.00215825233206119
5.875	33.5	-0.00215852149508152
6.125	33.5	-0.0021588036059687
6.375	33.5	-0.00215909882702058
6.625	33.5	-0.00215940732764862
6.875	33.5	-0.00215972928413436
7.125	33.5	-0.00216006487916082
7.375	33.5	-0.00216041430097013
7.625	33.5	-0.0021607777419017
7.875	33.5	-0.00216115539590742
8.125	33.5	-0.00216154745437921
8.375	33.5	-0.00216195409919532
8.625	33.5	-0.00216237549118601
8.875	33.5	-0.00216281175105734
9.125	33.5	-0.00216326292790124
9.375	33.5	-0.00216372894727492
9.625	33.5	-0.00216420952565933
9.875	33.5	-0.00216470402959336
10.125	33.5	-0.00216521124377362
10.375	33.5	-0.0021657289893638
10.625	33.5	-0.00216625349583798
10.875	33.5	-0.00216677836729116
11.125	33.5	-0.0021672928814941
11.375	33.5	-0.00216777919106248
11.625	33.5	-0.00216820771819743
11.875	33.5	-0.00216852957718979
12.125	33.5	-0.00216866410652255
12.375	33.5	-0.0021684783545366
12.625	33.5	-0.00216775332597468
12.875	33.5	-0.00216612844596895
13.125	33.5	-0.00216301018562897
13.375	33.5	-0.00215742172568606
13.625	33.5	-0.00214775562110638
13.875	33.5	-0.00213136690817911
14.125	33.5	-0.00210390379483013
14.375	33.5	-0.00205820689040186
14.625	33.5	-0.00198249937279882
14.875	33.5	-0.00185741279291856
15.125	33.5	-0.00165110332963173
15.375	33.5	-0.00131124307495159
15.625	33.5	-0.000751915398823094
15.875	33.5	0.000167750772776431
16.125	33.5	0.00167820683565123
16.375	33.5	0.0041550385813509
16.625	33.5	0.00820659208262556
16.875	33.5	0.0148081741673516
17.125	33.5	0.0254969836487322
17.375	33.5	0.042627598173951
17.625	33.5	0.069635525477215
17.875	33.5	0.111123831416751
18.125	33.5	0.172344925210489
18.375	33.5	0.257429197153091
18.625	33.5	0.366112447117649
18.875	33.5	0.490584104179485
19.125	33.5	0.616245598498732
19.375	33.5	0.727931028081891
19.625	33.5	0.816645310648098
19.875	33.5	0.881168704734037
20.125	33.5	0.925220435837322
20.375	33.5	0.954037493954109
20.625	33.5	0.972372963715536
20.875	33.5	0.983836402425877
21.125	33.5	0.990925581614516
21.375	33.5	0.995280299141823
21.625	33.5	0.997944391061188
21.875	33.5	0.999570228209822
22.125	33.5	1.00056104922216
22.375	33.5	1.00116444522802
22.625	33.5	1.0015318266172
22.875	33.5	1.00175555974042
23.125	33.5	1.00189190815517
23.375	33.5	1.00197511309595
23.625	33.5	1.00202600194356
23.875	33.5	1.00205723887822
24.125	33.5	1.0020765229072
24.375	33.5	1.00208853401273
24.625	33.5	1.00209611685178
24.875	33.5	1.00210100048437
25.125	33.5	1.00210423590699
25.375	33.5	1.00210646200403
25.625	33.5	1.00210806719265
25.875	33.5	1.002109287666
26.125	33.5	1.00211026710097
26.375	33.5	1.00211109294529
26.625	33.5	1.00211181847071
26.875	33.5	1.00211247617537
27.125	33.5	1.00211308592903
27.375	33.5	1.00211365992314
27.625	33.5	1.00211420567923
27.875	33.5	1.00211472787721
28.125	33.5	1.00211522946659
28.375	33.5	1.00211571234182
28.625	33.5	1.00211617775276
28.875	33.5	1.0021166265542
29.125	33.5	1.00211705935757
29.375	33.5	1.00211747662312
29.625	33.5	1.00211787871608
29.875	33.5	1.00211826594077
30.125	33.5	1.0021186385614
30.375	33.5	1.00211899681473
30.625	33.5	1.00211934091784
30.875	33.5	1.00211967107285
31.125	33.5	1.00211998746986
31.375	33.5	1.00212029028875
31.625	33.5	1.00212057970031
31.875	33.5	1.00212085586699
32.125	33.5	1.00212111894331
32.375	33.5	1.00212136907623
32.625	33.5	1.00212160640532
32.875	33.5	1.00212183106296
33.125	33.5	1.00212204317444
33.375	33.5	1.00212224285802
33.625	33.5	1.00212243022509
33.875	33.5	1.00212260538017
34.125	33.5	1.00212276842098
34.375	33.5	1.00212291943851
34.625	33.5	1.00212305851708
34.875	33.5	1.00212318573433
35.125	33.5	1.00212330116132
35.375	33.5	1.00212340486254
35.625	33.5	1.00212349689592
35.875	33.5	1.00212357731289
36.125	33.5	1.00212364615842
36.375	33.5	1.00212370347097
36.625	33.5	1.00212374928261
36.875	33.5	1.00212378361894
37.125	33.5	1.00212380649916
37.375	33.5	1.00212381793608
0.125	34.5	-0.00215262830646682
0.375	34.5	-0.0021526376583064
0.625	34.5	-0.00215265636641038
0.875	34.5	-0.00215268443962934
1.125	34.5	-0.00215272189124156
1.375	34.5	-0.00215276873895592
1.625	34.5	-0.00215282500491563
1.875	34.5	-0.00215289071570312
2.125	34.5	-0.00215296590234569
2.375	34.5	-0.00215305060032231
2.625	34.5	-0.00215314484957122
2.875	34.5	-0.00215324869449865
3.125	34.5	-0.00215336218398836
3.375	34.5	-0.00215348537141214
3.625	34.5	-0.00215361831464113
3.875	34.5	-0.00215376107605785
4.125	34.5	-0.00215391372256872
4.375	34.5	-0.00215407632561673
4.625	34.5	-0.00215424896119364
4.875	34.5	-0.00215443170985062
5.125	34.5	-0.00215462465670577
5.375	34.5	-0.00215482789144558
5.625	34.5	-0.00215504150831569
5.875	34.5	-0.00215526560609333
6.125	34.5	-0.00215550028802867
6.375	34.5	-0.00215574566173422
6.625	34.5	-0.00215600183898793
6.875	34.5	-0.00215626893539326
7.125	34.5	-0.00215654706980301
7.375	34.5	-0.00215683636335346
7.625	34.5	-0.00215713693785625
7.875	34.5	-0.00215744891313236
8.125	34.5	-0.00215777240260452
8.375	34.5	-0.00215810750602246
8.625	34.5	-0.00215845429746992
8.875	34.5	-0.00215881280560662
9.125	34.5	-0.00215918298113264
9.375	34.5	-0.00215956464322757
9.625	34.5	-0.00215995739139373
9.875	34.5	-0.00216036046037471
10.125	34.5	-0.00216077248141028
10.375	34.5	-0.0021611910893779
10.625	34.5	-0.00216161227635924
10.875	34.5	-0.00216202932797959
11.125	34.5	-0.0021624310732523
11.375	34.5	-0.0021627990048825
11.625	34.5	-0.00216310254105672
11.875	34.5	-0.00216329122929171
12.125	34.5	-0.00216328191885749
12.375	34.5	-0.00216293765471381
12.625	34.5	-0.00216203295050166
12.875	34.5	-0.00216019665073322
13.125	34.5	-0.00215681792093421
13.375	34.5	-0.00215089157533487
13.625	34.5	-0.0021407636083275
13.875	34.5	-0.0021237125682571
14.125	34.5	-0.00209526095203792
14.375	34.5	-0.00204804271446224
14.625	34.5	-0.0019699413213598
14.875	34.5	-0.00184103002084092
15.125	34.5	-0.00162854794597267
15.375	34.5	-0.00127866237351178
15.625	34.5	-0.000702991513814298
15.875	34.5	0.000243362762788531
16.125	34.5	0.00179739979439258
16.375	34.5	0.00434526997241168
16.625	34.5	0.00851214473225166
16.875	34.5	0.015299545092917
17.125	34.5	0.0262839907607779
17.375	34.5	0.0438751472840455
17.625	34.5	0.0715760387699052
17.875	34.5	0.114049400573646
18.125	34.5	0.17654615254763
18.375	34.5	0.263045184596715
18.625	34.5	0.372918631495264
18.875	34.5	0.497892198379713
19.125	34.5	0.623128820549639
19.375	34.5	0.733665904823505
19.625	34.5	0.820967175539794
19.875	34.5	0.884193598118619
20.125	34.5	0.927233342740412
20.375	34.5	0.955334057309333
20.625	34.5	0.973191695026266
20.875	34.5	0.984347748446741
21.125	34.5	0.99124350066433
21.375	34.5	0.995478106999479
21.625	34.5	0.998068195597457
21.875	34.5	0.999648635144775
22.125	34.5	1.00061166178443
22.375	34.5	1.00119804339604
22.625	34.5	1.00155499308902
22.875	34.5	1.00177230784299
23.125	34.5	1.0019046829827
23.375	34.5	1.00198540424495
23.625	34.5	1.00203471744529
23.875	34.5	1.00206493299803
24.125	34.5	1.00208353477242
24.375	34.5	1.00209507192122
24.625	34.5	1.00210230952595
24.875	34.5	1.00210692822369
25.125	34.5	1.00210994952084
25.375	34.5	1.00211199431799
25.625	34.5	1.00211344004199
25.875	34.5	1.00211451614704
26.125	34.5	1.00211536215639
26.375	34.5	1.00211606293724
26.625	34.5	1.00211667013868
26.875	34.5	1.00211721522053
27.125	34.5	1.00211771737126
27.375	34.5	1.00211818832011
27.625	34.5	1.00211863526149
27.875	34.5	1.00211906263224
28.125	34.5	1.00211947319173
28.375	34.5	1.00211986867826
28.625	34.5	1.00212025020795
28.875	34.5	1.00212061851718
29.125	34.5	1.00212097410987
29.375	34.5	1.00212131734706
29.625	34.5	1.00212164850124
29.875	34.5	1.0021219677895
30.125	34.5	1.00212227539351
30.375	34.5	1.00212257147181
30.625	34.5	1.00212285616717
30.875	34.5	1.00212312961113
31.125	34.5	1.00212339192669
31.375	34.5	1.00212364323001
31.625	34.5	1.00212388363137
31.875	34.5	1.00212411323583
32.125	34.5	1.00212433214357
32.375	34.5	1.00212454045012
32.625	34.5	1.00212473824649
32.875	34.5	1.00212492561924
33.125	34.5	1.00212510265057
33.375	34.5	1.0021252694183
33.625	34.5	1.00212542599591
33.875	34.5	1.00212557245254
34.125	34.5	1.00212570885303
34.375	34.5	1.00212583525785
34.625	34.5	1.00212595172319
34.875	34.5	1.0021260583009
35.125	34.5	1.0021261550385
35.375	34.5	1.0021262419792
35.625	34.5	1.00212631916189
35.875	34.5	1.00212638662114
36.125	34.5	1.00212644438718
36.375	34.5	1.00212649248594
36.625	34.5	1.00212653093903
36.875	34.5	1.00212655976373
37.125	34.5	1.00212657897299
37.375	34.5	1.00212658857546
0.125	35.5	-0.00214973694845662
0.375	35.5	-0.00214974445075655
0.625	35.5	-0.00214975945778022
0.875	35.5	-0.00214978197437333
1.125	35.5	-0.00214981200779951
1.375	35.5	-0.00214984956773437
1.625	35.5	-0.0021498946662576
1.875	35.5	-0.00214994731784298
2.125	35.5	-0.00215000753934642
2.375	35.5	-0.00215007534999191
2.625	35.5	-0.00215015077135535
2.875	35.5	-0.0021502338273462
3.125	35.5	-0.00215032454418703
3.375	35.5	-0.00215042295039056
3.625	35.5	-0.00215052907673443
3.875	35.5	-0.00215064295623327
4.125	35.5	-0.00215076462410776
4.375	35.5	-0.00215089411775047
4.625	35.5	-0.00215103147668744
4.875	35.5	-0.00215117674253467
5.125	35.5	-0.00215132995894737
5.375	35.5	-0.00215149117155927
5.625	35.5	-0.00215166042790682
5.875	35.5	-0.00215183777733036
6.125	35.5	-0.00215202327083912
6.375	35.5	-0.00215221696091826
6.625	35.5	-0.00215241890124258
6.875	35.5	-0.00215262914623815
7.125	35.5	-0.00215284775039595
7.375	35.5	-0.00215307476717909
7.625	35.5	-0.00215331024726349
7.875	35.5	-0.00215355423568374
8.125	35.5	-0.00215380676717975
8.375	35.5	-0.00215406785858509
8.625	35.5	-0.00215433749635001
8.875	35.5	-0.00215461561606149
9.125	35.5	-0.0021549020687976
9.375	35.5	-0.00215519656582174
9.625	35.5	-0.00215549858764035
9.875	35.5	-0.00215580723442744
10.125	35.5	-0.00215612097997815
10.375	35.5	-0.00215643726693354
10.625	35.5	-0.00215675184083943
10.875	35.5	-0.00215705765449109
11.125	35.5	-0.00215734306523843
11.375	35.5	-0.00215758886894682
11.625	35.5	-0.00215776341982115
11.875	35.5	-0.00215781460076157
12.125	35.5	-0.00215765661168318
12.375	35.5	-0.00215714823151787
12.625	35.5	-0.00215605705146915
12.875	35.5	-0.00215400062645613
13.125	35.5	-0.00215034965047274
13.375	35.5	-0.00214406865314384
13.625	35.5	-0.00213345391223077
13.875	35.5	-0.00211570229478501
14.125	35.5	-0.00208620204125465
14.375	35.5	-0.00203736639279138
14.625	35.5	-0.00195671598005864
14.875	35.5	-0.00182372773823249
15.125	35.5	-0.00160466132977687
15.375	35.5	-0.00124407684984731
15.625	35.5	-0.000650959905155275
15.875	35.5	0.000323887450759089
16.125	35.5	0.00192445376994824
16.375	35.5	0.00454815976166185
16.625	35.5	0.00883810910209832
16.875	35.5	0.0158237156556092
17.125	35.5	0.0271232166050511
17.375	35.5	0.0452044077718239
17.625	35.5	0.0736407541002633
17.875	35.5	0.117155176575159
18.125	35.5	0.180990777940547
18.375	35.5	0.26895725943245
18.625	35.5	0.380037521326566
18.875	35.5	0.505479049948306
19.125	35.5	0.630221194371666
19.375	35.5	0.739536783093494
19.625	35.5	0.825369554608947
19.875	35.5	0.887264108799647
20.125	35.5	0.929271929377262
20.375	35.5	0.956645296498259
20.625	35.5	0.97401901776718
20.875	35.5	0.984864259022393
21.125	35.5	0.991564611008794
21.375	35.5	0.995677947583335
21.625	35.5	0.998193342317035
21.875	35.5	0.999727968052766
22.125	35.5	1.0006629472669
22.375	35.5	1.00123215942931
22.625	35.5	1.00157858161277
22.875	35.5	1.00178941814744
23.125	35.5	1.001917782056
23.375	35.5	1.00199599504082
23.625	35.5	1.0020437161601
23.875	35.5	1.00207289889979
24.125	35.5	1.00209081006337
24.375	35.5	1.00210186679849
24.625	35.5	1.00210875389416
24.875	35.5	1.00211310312719
25.125	35.5	1.00211590624722
25.375	35.5	1.00211776600858
25.625	35.5	1.00211904874889
25.875	35.5	1.00211997712329
26.125	35.5	1.00212068646497
26.375	35.5	1.00212125903851
26.625	35.5	1.0021217448572
26.875	35.5	1.00212217433458
27.125	35.5	1.00212256597326
27.375	35.5	1.00212293103762
27.625	35.5	1.00212327639349
27.875	35.5	1.00212360623392
28.125	35.5	1.00212392312781
28.375	35.5	1.00212422865725
28.625	35.5	1.00212452380472
28.875	35.5	1.0021248091883
29.125	35.5	1.00212508520464
29.375	35.5	1.00212535211573
29.625	35.5	1.00212561010157
29.875	35.5	1.00212585929218
30.125	35.5	1.00212609978693
30.375	35.5	1.00212633166629
30.625	35.5	1.0021265549989
30.875	35.5	1.00212676984583
31.125	35.5	1.00212697626313
31.375	35.5	1.00212717430335
31.625	35.5	1.00212736401638
31.875	35.5	1.00212754545
32.125	35.5	1.00212771865012
32.375	35.5	1.00212788366091
32.625	35.5	1.00212804052488
32.875	35.5	1.00212818928285
33.125	35.5	1.00212832997396
33.375	35.5	1.00212846263562
33.625	35.5	1.00212858730345
33.875	35.5	1.00212870401126
34.125	35.5	1.00212881279099
34.375	35.5	1.00212891367265
34.625	35.5	1.0021290066843
34.875	35.5	1.00212909185201
35.125	35.5	1.00212916919978
35.375	35.5	1.00212923874956
35.625	35.5	1.00212930052118
35.875	35.5	1.00212935453236
36.125	35.5	1.00212940079862
36.375	35.5	1.00212943933334
36.625	35.5	1.00212947014768
36.875	35.5	1.00212949325059
37.125	35.5	1.00212950864879
37.375	35.5	1.00212951634677
0.125	36.5	-0.00214672399628857
0.375	36.5	-0.00214672961027143
0.625	36.5	-0.00214674083869307
0.875	36.5	-0.0021467576824605
1.125	36.5	-0.00214678014292216
1.375	36.5	-0.00214680822185334
1.625	36.5	-0.00214684192143676
1.875	36.5	-0.00214688124423821
2.125	36.5	-0.00214692619317714
2.375	36.5	-0.00214697677149232
2.625	36.5	-0.00214703298270228
2.875	36.5	-0.00214709483056061
3.125	36.5	-0.00214716231900585
3.375	36.5	-0.00214723545210601
3.625	36.5	-0.00214731423399735
3.875	36.5	-0.00214739866881719
4.125	36.5	-0.00214748876063054
4.375	36.5	-0.00214758451334977
4.625	36.5	-0.00214768593064667
4.875	36.5	-0.00214779301585555
5.125	36.5	-0.00214790577186544
5.375	36.5	-0.00214802420099813
5.625	36.5	-0.0021481483048669
5.875	36.5	-0.00214827808420752
6.125	36.5	-0.00214841353866789
6.375	36.5	-0.00214855466653377
6.625	36.5	-0.00214870146435387
6.875	36.5	-0.00214885392640379
7.125	36.5	-0.00214901204388963
7.375	36.5	-0.00214917580372795
7.625	36.5	-0.00214934518663376
7.875	36.5	-0.00214952016407493
8.125	36.5	-0.00214970069336687
8.375	36.5	-0.00214988670971264
8.625	36.5	-0.00215007811322281
8.875	36.5	-0.00215027474768086
9.125	36.5	-0.00215047636573287
9.375	36.5	-0.00215068257174615
9.625	36.5	-0.00215089272793109
9.875	36.5	-0.00215110580002341
10.125	36.5	-0.00215132010352677
10.375	36.5	-0.00215153288634571
10.625	36.5	-0.00215173964222454
10.875	36.5	-0.00215193298126508
11.125	36.5	-0.00215210077167532
11.375	36.5	-0.00215222308241876
11.625	36.5	-0.00215226715289159
11.875	36.5	-0.00215217911631452
12.125	36.5	-0.00215187038176937
12.375	36.5	-0.00215119522774841
12.625	36.5	-0.00214991393554908
12.875	36.5	-0.00214763213098818
13.125	36.5	-0.00214370098202592
13.375	36.5	-0.00213705299595056
13.625	36.5	-0.00212593187144803
13.875	36.5	-0.00210744808065337
14.125	36.5	-0.00207684784777693
14.375	36.5	-0.00202631092995536
14.625	36.5	-0.00194297411540448
14.875	36.5	-0.00180568349193769
15.125	36.5	-0.00157966253814366
15.375	36.5	-0.00120777118811093
15.625	36.5	-0.00059621042797392
15.875	36.5	0.000408764917096808
16.125	36.5	0.00205853224858933
16.375	36.5	0.00476241998482138
16.625	36.5	0.00918245899710817
16.875	36.5	0.0163774520278256
17.125	36.5	0.0280094549652344
17.375	36.5	0.0466069683078325
17.625	36.5	0.0758161161023559
17.875	36.5	0.120419576035188
18.125	36.5	0.18564541315921
18.375	36.5	0.275116621729058
18.625	36.5	0.387404282236316
18.875	36.5	0.51326936130476
19.125	36.5	0.637447830252738
19.375	36.5	0.745479296994069
19.625	36.5	0.829803197571157
19.875	36.5	0.890345530449361
20.125	36.5	0.931313026176955
20.375	36.5	0.95795625575178
20.625	36.5	0.974845466088259
20.875	36.5	0.985380002569235
21.125	36.5	0.991885206085078
21.375	36.5	0.995877496791579
21.625	36.5	0.998318359690895
21.875	36.5	0.999807279237365
22.125	36.5	1.0007142795
22.375	36.5	1.0012663647771
22.625	36.5	1.00160228556798
22.875	36.5	1.00180665978961
23.125	36.5	1.00193102210637
23.375	36.5	1.00200673262433
23.625	36.5	1.00205286513246
23.875	36.5	1.00208101709018
24.125	36.5	1.00209823877997
24.375	36.5	1.00210881567329
24.625	36.5	1.00211535246577
24.875	36.5	1.00211943219515
25.125	36.5	1.00212201692888
25.375	36.5	1.00212369132165
25.625	36.5	1.00212481065167
25.875	36.5	1.00212559079478
26.125	36.5	1.00212616290775
26.375	36.5	1.00212660666252
26.625	36.5	1.00212697044419
26.875	36.5	1.00212728362627
27.125	36.5	1.00212756403076
27.375	36.5	1.00212782246181
27.625	36.5	1.00212806546086
27.875	36.5	1.00212829698099
28.125	36.5	1.00212851940426
28.375	36.5	1.00212873415989
28.625	36.5	1.00212894209986
28.875	36.5	1.00212914372699
29.125	36.5	1.00212933933346
29.375	36.5	1.00212952908491
29.625	36.5	1.00212971307138
29.875	36.5	1.00212989133824
30.125	36.5	1.00213006390482
30.375	36.5	1.0021302307757
30.625	36.5	1.00213039194742
30.875	36.5	1.00213054741254
31.125	36.5	1.00213069716199
31.375	36.5	1.00213084118642
31.625	36.5	1.00213097947698
31.875	36.5	1.00213111202568
32.125	36.5	1.00213123882562
32.375	36.5	1.00213135987099
32.625	36.5	1.00213147515705
32.875	36.5	1.00213158468009
33.125	36.5	1.00213168843733
33.375	36.5	1.00213178642678
33.625	36.5	1.00213187864721
33.875	36.5	1.00213196509798
34.125	36.5	1.00213204577899
34.375	36.5	1.00213212069054
34.625	36.5	1.00213218983329
34.875	36.5	1.00213225320817
35.125	36.5	1.00213231081625
35.375	36.5	1.00213236265875
35.625	36.5	1.00213240873692
35.875	36.5	1.00213244905204
36.125	36.5	1.0021324836053
36.375	36.5	1.00213251239781
36.625	36.5	1.00213253543057
36.875	36.5	1.00213255270438
37.125	36.5	1.0021325642199
37.375	36.5	1.00213256997754
0.125	37.5	-0.0021436204069988
0.375	37.5	-0.00214362412631892
0.625	37.5	-0.00214363156352764
0.875	37.5	-0.00214364271575438
1.125	37.5	-0.00214365757867436
1.375	37.5	-0.00214367614648589
1.625	37.5	-0.00214369841188004
1.875	37.5	-0.00214372436600254
2.125	37.5	-0.00214375399840796
2.375	37.5	-0.00214378729700603
2.625	37.5	-0.00214382424799992
2.875	37.5	-0.00214386483581648
3.125	37.5	-0.00214390904302809
3.375	37.5	-0.00214395685026618
3.625	37.5	-0.00214400823612584
3.875	37.5	-0.00214406317706148
4.125	37.5	-0.00214412164727296
4.375	37.5	-0.00214418361858147
4.625	37.5	-0.00214424906029449
4.875	37.5	-0.0021443179390581
5.125	37.5	-0.00214439021869484
5.375	37.5	-0.00214446586002342
5.625	37.5	-0.00214454482065501
5.875	37.5	-0.00214462705475733
6.125	37.5	-0.00214471251277214
6.375	37.5	-0.00214480114106313
6.625	37.5	-0.00214489288145579
6.875	37.5	-0.00214498767060708
7.125	37.5	-0.00214508543910227
7.375	37.5	-0.00214518611011041
7.625	37.5	-0.00214528959732164
7.875	37.5	-0.00214539580171072
8.125	37.5	-0.00214550460637799
8.375	37.5	-0.00214561586823518
8.625	37.5	-0.00214572940450918
8.875	37.5	-0.00214584497072835
9.125	37.5	-0.00214596222470386
9.375	37.5	-0.00214608066747747
9.625	37.5	-0.00214619954638007
9.875	37.5	-0.00214631769575805
10.125	37.5	-0.00214643327514963
10.375	37.5	-0.00214654333873668
10.625	37.5	-0.00214664312718941
10.875	37.5	-0.00214672490274895
11.125	37.5	-0.00214677603276668
11.375	37.5	-0.00214677583666972
11.625	37.5	-0.00214669039828687
11.875	37.5	-0.0021464640304089
12.125	37.5	-0.00214600523099578
12.375	37.5	-0.00214516357608408
12.625	37.5	-0.00214369170031503
12.875	37.5	-0.00214118274163915
13.125	37.5	-0.00213696741750329
13.375	37.5	-0.00212994468609199
13.625	37.5	-0.00211830314856168
13.875	37.5	-0.00209906273119628
14.125	37.5	-0.00206732080449023
14.375	37.5	-0.00201501238481703
14.625	37.5	-0.00192887189663414
14.875	37.5	-0.00178708413054522
15.125	37.5	-0.00155378638005279
15.375	37.5	-0.00117005646714183
15.625	37.5	-0.000539176853759239
15.875	37.5	0.000497362548701794
16.125	37.5	0.00219867891103116
16.375	37.5	0.0049865661120574
16.625	37.5	0.00954284754242881
16.875	37.5	0.0169570015190788
17.125	37.5	0.0289366708669851
17.375	37.5	0.0480731212192201
17.625	37.5	0.0780866103701051
17.875	37.5	0.123818220082223
18.125	37.5	0.190473046455841
18.375	37.5	0.281470480125343
18.625	37.5	0.394950783761304
18.875	37.5	0.521186437634581
19.125	37.5	0.644734693323122
19.375	37.5	0.751431409723301
19.625	37.5	0.834221549558663
19.875	37.5	0.893405502523458
20.125	37.5	0.933335224222202
20.375	37.5	0.959253193314012
20.625	37.5	0.975662370385473
20.875	37.5	0.985889554522632
21.125	37.5	0.992201896699317
21.375	37.5	0.996074627358484
21.625	37.5	0.99844189780695
21.875	37.5	0.999885696174356
22.125	37.5	1.00076507897831
22.375	37.5	1.00130026010404
22.625	37.5	1.00162581687584
22.875	37.5	1.00182381390805
23.125	37.5	1.00194422784707
23.375	37.5	1.00201746962971
23.625	37.5	1.00206203534407
23.875	37.5	1.00208917102459
24.125	37.5	1.00210571322865
24.375	37.5	1.00211581745066
24.625	37.5	1.00212200932656
24.875	37.5	1.00212582378529
25.125	37.5	1.00212819359778
25.375	37.5	1.00212968555638
25.625	37.5	1.00213064402733
25.875	37.5	1.00213127819994
26.125	37.5	1.00213171511416
26.375	37.5	1.00213203188854
26.625	37.5	1.00213227530691
26.875	37.5	1.00213247372196
27.125	37.5	1.00213264428953
27.375	37.5	1.002132797365
27.625	37.5	1.00213293917491
27.875	37.5	1.00213307344055
28.125	37.5	1.0021332023644
28.375	37.5	1.00213332722945
28.625	37.5	1.00213344876328
28.875	37.5	1.00213356735915
29.125	37.5	1.00213368321013
29.375	37.5	1.00213379639056
29.625	37.5	1.0021339069053
29.875	37.5	1.0021340147196
30.125	37.5	1.00213411977704
30.375	37.5	1.00213422201037
30.625	37.5	1.00213432134789
30.875	37.5	1.0021344177173
31.125	37.5	1.00213451104785
31.375	37.5	1.00213460127158
31.625	37.5	1.00213468832397
31.875	37.5	1.00213477214422
32.125	37.5	1.00213485267534
32.375	37.5	1.00213492986412
32.625	37.5	1.00213500366106
32.875	37.5	1.00213507402018
33.125	37.5	1.00213514089891
33.375	37.5	1.00213520425793
33.625	37.5	1.00213526406097
33.875	37.5	1.00213532027473
34.125	37.5	1.00213537286866
34.375	37.5	1.00213542181486
34.625	37.5	1.00213546708797
34.875	37.5	1.00213550866501
35.125	37.5	1.00213554652528
35.375	37.5	1.0021355806503
35.625	37.5	1.00213561102368
35.875	37.5	1.00213563763104
36.125	37.5	1.00213566045996
36.375	37.5	1.00213567949991
36.625	37.5	1.00213569474219
36.875	37.5	1.0021357061799
37.125	37.5	1.00213571380789
37.375	37.5	1.00213571762274
0.125	38.5	-0.00214045722237016
0.375	38.5	-0.00214045907177192
0.625	38.5	-0.00214046276738187
0.875	38.5	-0.00214046830280287
1.125	38.5	-0.00214047566841405
1.375	38.5	-0.00214048485134072
1.625	38.5	-0.00214049583541392
1.875	38.5	-0.00214050860111992
2.125	38.5	-0.00214052312553931
2.375	38.5	-0.00214053938227561
2.625	38.5	-0.00214055734137334
2.875	38.5	-0.00214057696922528
3.125	38.5	-0.00214059822846868
3.375	38.5	-0.00214062107787039
3.625	38.5	-0.00214064547220025
3.875	38.5	-0.00214067136209263
4.125	38.5	-0.00214069869389552
4.375	38.5	-0.00214072740950631
4.625	38.5	-0.00214075744619345
4.875	38.5	-0.00214078873640237
5.125	38.5	-0.00214082120754327
5.375	38.5	-0.00214085478175737
5.625	38.5	-0.00214088937565577
5.875	38.5	-0.00214092490002184
6.125	38.5	-0.00214096125946227
6.375	38.5	-0.00214099835198276
6.625	38.5	-0.00214103606844882
6.875	38.5	-0.00214107429186724
7.125	38.5	-0.00214111289638231
7.375	38.5	-0.0021411517458129
7.625	38.5	-0.00214119069144455
7.875	38.5	-0.00214122956860684
8.125	38.5	-0.00214126819126311
8.375	38.5	-0.00214130634334158
8.625	38.5	-0.00214134376471671
8.875	38.5	-0.00214138012840063
9.125	38.5	-0.00214141500328457
9.375	38.5	-0.00214144779311755
9.625	38.5	-0.00214147763639947
9.875	38.5	-0.00214150324197714
10.125	38.5	-0.00214152261885979
10.375	38.5	-0.00214153263199803
10.625	38.5	-0.00214152827171712
10.875	38.5	-0.00214150145201053
11.125	38.5	-0.00214143903363302
11.375	38.5	-0.00214131957168979
11.625	38.5	-0.00214110796452188
11.875	38.5	-0.00214074664939813
12.125	38.5	-0.0021401411163556
12.375	38.5	-0.00213913607322205
12.625	38.5	-0.00213747622840629
12.875	38.5	-0.00213474176469596
13.125	38.5	-0.0021302421723222
13.375	38.5	-0.00212284157390689
13.625	38.5	-0.00211067134705343
13.875	38.5	-0.00209065736384626
14.125	38.5	-0.00205774235758592
14.375	38.5	-0.0020036070777545
14.625	38.5	-0.00191456790700236
14.875	38.5	-0.00176812256128069
15.125	38.5	-0.00152727982577136
15.375	38.5	-0.00113126607186907
15.625	38.5	-0.000480332036845963
15.875	38.5	0.000588981028951322
16.125	38.5	0.00234382547878807
16.375	38.5	0.00521892797331083
16.625	38.5	0.00991662339921104
16.875	38.5	0.0175581182520339
17.125	38.5	0.029898043911938
17.375	38.5	0.0495919400923285
17.625	38.5	0.0804349090469936
17.875	38.5	0.127324213142163
18.125	38.5	0.195433564843102
18.375	38.5	0.287962955296886
18.625	38.5	0.40260694914194
18.875	38.5	0.529153830623581
19.125	38.5	0.652010201942982
19.375	38.5	0.757334692685646
19.625	38.5	0.838581645149514
19.875	38.5	0.896414588528743
20.125	38.5	0.935319235792066
20.375	38.5	0.960523803287029
20.625	38.5	0.976461993646446
20.875	38.5	0.986388081574451
21.125	38.5	0.992511663582766
21.375	38.5	0.996267442128887
21.625	38.5	0.998562749881304
21.875	38.5	0.999962435822542
22.125	38.5	1.00081482274347
22.375	38.5	1.00133348243228
22.625	38.5	1.00164891142825
22.875	38.5	1.00184067798706
23.125	38.5	1.00195723561377
23.375	38.5	1.00202806735761
23.625	38.5	1.00207110456415
23.875	38.5	1.00209724972455
24.125	38.5	1.00211313046318
24.375	38.5	1.00212277521189
24.625	38.5	1.00212863232115
24.875	38.5	1.00213218969313
25.125	38.5	1.00213435146412
25.375	38.5	1.00213566697103
25.625	38.5	1.00213646992005
25.875	38.5	1.00213696297177
26.125	38.5	1.00213726914975
26.375	38.5	1.00213746308474
26.625	38.5	1.00213759000336
26.875	38.5	1.00213767726845
27.125	38.5	1.00213774139246
27.375	38.5	1.00213779229956
27.625	38.5	1.00213783591574
27.875	38.5	1.00213787574265
28.125	38.5	1.00213791381384
28.375	38.5	1.00213795127568
28.625	38.5	1.00213798874021
28.875	38.5	1.00213802649929
29.125	38.5	1.00213806465461
29.375	38.5	1.00213810319643
29.625	38.5	1.00213814205128
29.875	38.5	1.00213818111078
30.125	38.5	1.00213822024889
30.375	38.5	1.00213825933236
30.625	38.5	1.00213829822679
30.875	38.5	1.00213833680024
31.125	38.5	1.00213837492524
31.375	38.5	1.00213841247994
31.625	38.5	1.00213844934857
31.875	38.5	1.00213848542171
32.125	38.5	1.00213852059627
32.375	38.5	1.00213855477538
32.625	38.5	1.00213858786826
32.875	38.5	1.00213861979
33.125	38.5	1.00213865046134
33.375	38.5	1.00213867980849
33.625	38.5	1.0021387077629
33.875	38.5	1.00213873426109
34.125	38.5	1.00213875924441
34.375	38.5	1.00213878265895
34.625	38.5	1.00213880445526
34.875	38.5	1.00213882458833
35.125	38.5	1.00213884301732
35.375	38.5	1.00213885970555
35.625	38.5	1.00213887462029
35.875	38.5	1.00213888773274
36.125	38.5	1.00213889901787
36.375	38.5	1.00213890845438
36.625	38.5	1.00213891602461
36.875	38.5	1.00213892171453
37.125	38.5	1.00213892551362
37.375	38.5	1.00213892741491
0.125	39.5	-0.00213726505691026
0.375	39.5	-0.00213726509014307
0.625	39.5	-0.00213726515181957
0.875	39.5	-0.00213726523234931
1.125	39.5	-0.00213726531731606
1.375	39.5	-0.0021372653874411
1.625	39.5	-0.00213726541853418
1.875	39.5	-0.00213726538143194
2.125	39.5	-0.0021372652419239
2.375	39.5	-0.00213726496066563
2.625	39.5	-0.00213726449307903
2.875	39.5	-0.00213726378923957
3.125	39.5	-0.00213726279375009
3.375	39.5	-0.00213726144560101
3.625	39.5	-0.00213725967801641
3.875	39.5	-0.00213725741828577
4.125	39.5	-0.00213725458758051
4.375	39.5	-0.00213725110075471
4.625	39.5	-0.00213724686612885
4.875	39.5	-0.00213724178525487
5.125	39.5	-0.00213723575266025
5.375	39.5	-0.00213722865556711
5.625	39.5	-0.00213722037358062
5.875	39.5	-0.00213721077833695
6.125	39.5	-0.00213719973309559
6.375	39.5	-0.00213718709225093
6.625	39.5	-0.00213717270072241
6.875	39.5	-0.00213715639315664
7.125	39.5	-0.00213713799283196
7.375	39.5	-0.00213711731008624
7.625	39.5	-0.00213709413997286
7.875	39.5	-0.00213706825866016
8.125	39.5	-0.00213703941777734
8.375	39.5	-0.0021370073353956
8.625	39.5	-0.00213697168148783
8.875	39.5	-0.00213693205431853
9.125	39.5	-0.0021368879419262
9.375	39.5	-0.00213683865909308
9.625	39.5	-0.00213678324399842
9.875	39.5	-0.00213672028855196
10.125	39.5	-0.00213664765962171
10.375	39.5	-0.00213656204075576
10.625	39.5	-0.00213645817856077
10.875	39.5	-0.00213632764313605
11.125	39.5	-0.00213615678894538
11.375	39.5	-0.00213592340009469
11.625	39.5	-0.00213559117093012
11.875	39.5	-0.00213510062486596
12.125	39.5	-0.00213435417267584
12.375	39.5	-0.00213319152790545
12.625	39.5	-0.00213134925613156
12.875	39.5	-0.00212839421889123
13.125	39.5	-0.0021236140665145
13.375	39.5	-0.00211583706686634
13.625	39.5	-0.00210313568502753
13.875	39.5	-0.00208233894686052
14.125	39.5	-0.0020482303406975
14.375	39.5	-0.0019922287542932
14.625	39.5	-0.00190022002428339
14.875	39.5	-0.00174899423091296
15.125	39.5	-0.00150039789956389
15.375	39.5	-0.00109175069013223
15.625	39.5	-0.000420181510119075
15.875	39.5	0.000682862978289024
16.125	39.5	0.00249280398325402
16.375	39.5	0.0054576680032078
16.625	39.5	0.0103008590059664
16.875	39.5	0.0181761084298313
17.125	39.5	0.0308860431494788
17.375	39.5	0.0511514071777254
17.625	39.5	0.0828420924927213
17.875	39.5	0.130908531173133
18.125	39.5	0.20048441713598
18.375	39.5	0.294536128505651
18.625	39.5	0.410302192564083
18.875	39.5	0.53709694661304
19.125	39.5	0.659206664622193
19.375	39.5	0.763135382758177
19.625	39.5	0.842844790142845
19.875	39.5	0.899346686241909
20.125	39.5	0.937248135466497
20.375	39.5	0.96175735776112
20.625	39.5	0.977237616517901
20.875	39.5	0.986871393621012
21.125	39.5	0.992811889853192
21.375	39.5	0.99645429489489
21.625	39.5	0.998679866076558
21.875	39.5	1.00003681415959
22.125	39.5	1.00086305127939
22.375	39.5	1.0013657103884
22.625	39.5	1.00167133328972
22.875	39.5	1.00185706938189
23.125	39.5	1.00196989643887
23.375	39.5	1.00203839853774
23.625	39.5	1.00207995988693
23.875	39.5	1.00210515014426
24.125	39.5	1.00212039451485
24.375	39.5	1.00212959833087
24.625	39.5	1.00213513507052
24.875	39.5	1.0021384470812
25.125	39.5	1.00214041076504
25.375	39.5	1.00214155855677
25.625	39.5	1.00214221384486
25.875	39.5	1.00214257297524
26.125	39.5	1.00214275509101
26.375	39.5	1.00214283242335
26.625	39.5	1.00214284870079
26.875	39.5	1.00214283033743
27.125	39.5	1.00214279323231
27.375	39.5	1.00214274690147
27.625	39.5	1.00214269698885
27.875	39.5	1.0021426467921
28.125	39.5	1.00214259818951
28.375	39.5	1.00214255220311
28.625	39.5	1.00214250934059
28.875	39.5	1.00214246980288
29.125	39.5	1.00214243361
29.375	39.5	1.00214240067734
29.625	39.5	1.00214237086179
29.875	39.5	1.00214234398953
30.125	39.5	1.00214231987272
30.375	39.5	1.00214229831949
30.625	39.5	1.00214227913972
30.875	39.5	1.00214226214851
31.125	39.5	1.00214224716797
31.375	39.5	1.00214223402829
31.625	39.5	1.00214222256813
31.875	39.5	1.00214221263477
32.125	39.5	1.00214220408405
32.375	39.5	1.00214219678021
32.625	39.5	1.00214219059565
32.875	39.5	1.00214218541072
33.125	39.5	1.00214218111343
33.375	39.5	1.00214217759923
33.625	39.5	1.00214217477071
33.875	39.5	1.00214217253744
34.125	39.5	1.00214217081566
34.375	39.5	1.00214216952814
34.625	39.5	1.00214216860397
34.875	39.5	1.00214216797835
35.125	39.5	1.00214216759246
35.375	39.5	1.00214216739329
35.625	39.5	1.00214216733353
35.875	39.5	1.00214216737142
36.125	39.5	1.00214216747063
36.375	39.5	1.00214216760023
36.625	39.5	1.00214216773454
36.875	39.5	1.0021421678531
37.125	39.5	1.00214216794062
37.375	39.5	1.00214216798692
0.125	40.5	-0.00213407362044588
0.375	40.5	-0.00213407191749982
0.625	40.5	-0.00213406850542542
0.875	40.5	-0.00213406337184405
1.125	40.5	-0.00213405649815278
1.375	40.5	-0.00213404785948227
1.625	40.5	-0.0021340374246405
1.875	40.5	-0.00213402515604226
2.125	40.5	-0.00213401100962425
2.375	40.5	-0.00213399493474552
2.625	40.5	-0.00213397687407319
2.875	40.5	-0.00213395676345314
3.125	40.5	-0.00213393453176529
3.375	40.5	-0.0021339101007634
3.625	40.5	-0.00213388338489859
3.875	40.5	-0.00213385429112645
4.125	40.5	-0.00213382271869684
4.375	40.5	-0.00213378855892562
4.625	40.5	-0.00213375169494707
4.875	40.5	-0.00213371200144529
5.125	40.5	-0.00213366934436195
5.375	40.5	-0.00213362358057654
5.625	40.5	-0.00213357455755273
5.875	40.5	-0.00213352211294114
6.125	40.5	-0.00213346607412245
6.375	40.5	-0.00213340625766512
6.625	40.5	-0.00213334246865554
6.875	40.5	-0.00213327449983194
7.125	40.5	-0.00213320213040903
7.375	40.5	-0.00213312512440844
7.625	40.5	-0.00213304322819075
7.875	40.5	-0.00213295616668924
8.125	40.5	-0.00213286363752343
8.375	40.5	-0.00213276530164043
8.625	40.5	-0.00213266076826049
8.875	40.5	-0.00213254957046792
9.125	40.5	-0.00213243112542848
9.375	40.5	-0.00213230466932951
9.625	40.5	-0.00213216915074803
9.875	40.5	-0.00213202305563537
10.125	40.5	-0.00213186411980242
10.375	40.5	-0.00213168885631657
10.625	40.5	-0.00213149177837075
10.875	40.5	-0.00213126412109478
11.125	40.5	-0.00213099173893412
11.375	40.5	-0.00213065164650521
11.625	40.5	-0.00213020632741303
11.875	40.5	-0.002129594370444
12.125	40.5	-0.00212871506278372
12.375	40.5	-0.00212740304011323
12.625	40.5	-0.00212538657644518
12.875	40.5	-0.00212221895551865
13.125	40.5	-0.00211716555310859
13.375	40.5	-0.00210901805378848
13.625	40.5	-0.00209578879706954
13.875	40.5	-0.00207420795127608
14.125	40.5	-0.00203889643412121
14.375	40.5	-0.00198100578373352
14.625	40.5	-0.00188598224987933
14.875	40.5	-0.00172989340893143
15.125	40.5	-0.00147339912947972
15.375	40.5	-0.00105187245861466
15.625	40.5	-0.00035925555442181
15.875	40.5	0.000778204234568246
16.125	40.5	0.00264436350188814
16.375	40.5	0.00570080693428274
16.625	40.5	0.010692391088561
16.875	40.5	0.0188058955536294
17.125	40.5	0.0318925338412017
17.375	40.5	0.0527385904574015
17.625	40.5	0.0852879449487115
17.875	40.5	0.134540511865596
18.125	40.5	0.205581398220066
18.375	40.5	0.301131195163019
18.625	40.5	0.417966881171639
18.875	40.5	0.544944548881887
19.125	40.5	0.666261501729338
19.375	40.5	0.768785190990652
19.625	40.5	0.846977024752042
19.875	40.5	0.902179273145885
20.125	40.5	0.93910748753657
20.375	40.5	0.962944774399644
20.625	40.5	0.977983574901836
20.875	40.5	0.98733596596652
21.125	40.5	0.993100374987721
21.375	40.5	0.996633799766584
21.625	40.5	0.998792360191379
21.875	40.5	1.00010825125297
22.125	40.5	1.00090937257431
22.375	40.5	1.00139666761646
22.625	40.5	1.00169287767812
22.875	40.5	1.00187282799982
23.125	40.5	1.00198207851524
23.375	40.5	1.00204834962713
23.625	40.5	1.0020884998975
23.875	40.5	1.00211277922583
24.125	40.5	1.00212741835167
24.375	40.5	1.00213620434746
24.625	40.5	1.00214143876699
24.875	40.5	1.0021445202014
25.125	40.5	1.00214629841879
25.375	40.5	1.00214728962767
25.625	40.5	1.00214780731684
25.875	40.5	1.00214804177871
26.125	40.5	1.00214810844159
26.375	40.5	1.0021480772444
26.625	40.5	1.00214799048923
26.875	40.5	1.00214787369114
27.125	40.5	1.00214774217184
27.375	40.5	1.00214760506675
27.625	40.5	1.00214746775992
27.875	40.5	1.00214733336355
28.125	40.5	1.00214720361685
28.375	40.5	1.00214707943199
28.625	40.5	1.00214696122558
28.875	40.5	1.00214684911987
29.125	40.5	1.00214674306473
29.375	40.5	1.00214664291151
29.625	40.5	1.00214654845766
29.875	40.5	1.00214645947361
30.125	40.5	1.00214637571891
30.375	40.5	1.00214629695175
30.625	40.5	1.00214622293459
30.875	40.5	1.00214615343735
31.125	40.5	1.00214608823917
31.375	40.5	1.00214602712933
31.625	40.5	1.00214596990754
31.875	40.5	1.0021459163841
32.125	40.5	1.00214586637973
32.375	40.5	1.00214581972535
32.625	40.5	1.00214577626187
32.875	40.5	1.00214573583983
33.125	40.5	1.00214569831919
33.375	40.5	1.00214566356897
33.625	40.5	1.002145631467
33.875	40.5	1.00214560189967
34.125	40.5	1.00214557476165
34.375	40.5	1.00214554995566
34.625	40.5	1.00214552739228
34.875	40.5	1.00214550698971
35.125	40.5	1.00214548867362
35.375	40.5	1.00214547237696
35.625	40.5	1.0021454580398
35.875	40.5	1.00214544560922
36.125	40.5	1.00214543503919
36.375	40.5	1.00214542629041
36.625	40.5	1.00214541933031
36.875	40.5	1.0021454141329
37.125	40.5	1.00214541067873
37.375	40.5	1.00214540895488
0.125	41.5	-0.00213091128657266
0.375	41.5	-0.00213090795032058
0.625	41.5	-0.00213090127047285
0.875	41.5	-0.00213089123232696
1.125	41.5	-0.00213087781379079
1.375	41.5	-0.00213086098533642
1.625	41.5	-0.00213084070993856
1.875	41.5	-0.00213081694299719
2.125	41.5	-0.00213078963224455
2.375	41.5	-0.00213075871763599
2.625	41.5	-0.00213072413122477
2.875	41.5	-0.00213068579702023
3.125	41.5	-0.00213064363082931
3.375	41.5	-0.00213059754008076
3.625	41.5	-0.00213054742363191
3.875	41.5	-0.00213049317155709
4.125	41.5	-0.00213043466491738
4.375	41.5	-0.00213037177551044
4.625	41.5	-0.00213030436559933
4.875	41.5	-0.00213023228761851
5.125	41.5	-0.0021301553838541
5.375	41.5	-0.00213007348609464
5.625	41.5	-0.00212998641524553
5.875	41.5	-0.00212989398089722
6.125	41.5	-0.00212979598083039
6.375	41.5	-0.00212969220043179
6.625	41.5	-0.00212958241197703
6.875	41.5	-0.00212946637370945
7.125	41.5	-0.00212934382859883
7.375	41.5	-0.00212921450258897
7.625	41.5	-0.00212907810202083
7.875	41.5	-0.00212893430971591
8.125	41.5	-0.00212878277887304
8.375	41.5	-0.00212862312338515
8.625	41.5	-0.00212845490228461
8.875	41.5	-0.00212827759454694
9.125	41.5	-0.00212809055805027
9.375	41.5	-0.00212789296248484
9.625	41.5	-0.00212768367942106
9.875	41.5	-0.00212746110190647
10.125	41.5	-0.00212722284813015
10.375	41.5	-0.00212696527435011
10.625	41.5	-0.0021266826739983
10.875	41.5	-0.00212636596043313
11.125	41.5	-0.00212600050008845
11.375	41.5	-0.00212556254767438
11.625	41.5	-0.00212501338116444
11.875	41.5	-0.0021242896519552
12.125	41.5	-0.00212328750738999
12.375	41.5	-0.00212183646625463
12.625	41.5	-0.00211965643387017
12.875	41.5	-0.00211628697568563
13.125	41.5	-0.00211097094741098
13.375	41.5	-0.00210246303116273
13.625	41.5	-0.00208871473501008
13.875	41.5	-0.00206635619107138
14.125	41.5	-0.00202984378896103
14.375	41.5	-0.00197005847843217
14.625	41.5	-0.00187200157946145
14.875	41.5	-0.00171100937544393
15.125	41.5	-0.00144654066977914
15.375	41.5	-0.00101199839239211
15.625	41.5	-0.000298099904788381
15.875	41.5	0.000874167564912943
16.125	41.5	0.00279719107902743
16.375	41.5	0.00594625652805233
16.625	41.5	0.0110878727959775
16.875	41.5	0.0194421045013239
17.125	41.5	0.032908914126822
17.375	41.5	0.0543398664916332
17.625	41.5	0.0877513163337376
17.875	41.5	0.138188430889443
18.125	41.5	0.210679524171846
18.375	41.5	0.30768967269974
18.625	41.5	0.42553375446966
18.875	41.5	0.55263008986613
19.125	41.5	0.673118212858489
19.375	41.5	0.774241852076361
19.625	41.5	0.850949374710113
19.875	41.5	0.904893499082869
20.125	41.5	0.940885370985758
20.375	41.5	0.96407861803532
20.625	41.5	0.978695255947244
20.875	41.5	0.98777893557909
21.125	41.5	0.993375332676915
21.375	41.5	0.99680483051646
21.625	41.5	0.998899510074236
21.875	41.5	1.000176272356
22.125	41.5	1.00095346361803
22.375	41.5	1.00142612449125
22.625	41.5	1.00171337277804
22.875	41.5	1.00188781814348
23.125	41.5	1.00199366902814
23.375	41.5	1.002057822607
23.625	41.5	1.00209663642073
23.875	41.5	1.00212005559372
24.125	41.5	1.00213412551557
24.375	41.5	1.00214252054687
24.625	41.5	1.00214747369661
24.875	41.5	1.00215034186164
25.125	41.5	1.00215194943758
25.375	41.5	1.00215279718162
25.625	41.5	1.00215318916209
25.875	41.5	1.00215330991708
26.125	41.5	1.0021532713497
26.375	41.5	1.00215314122929
26.625	41.5	1.00215296051321
26.875	41.5	1.00215275387401
27.125	41.5	1.00215253609701
27.375	41.5	1.00215231596817
27.625	41.5	1.00215209863657
27.875	41.5	1.00215188704984
28.125	41.5	1.00215168282625
28.375	41.5	1.00215148678434
28.625	41.5	1.00215129926448
28.875	41.5	1.002151120324
29.125	41.5	1.00215094985546
29.375	41.5	1.00215078765825
29.625	41.5	1.00215063348181
29.875	41.5	1.00215048705168
30.125	41.5	1.00215034808502
30.375	41.5	1.00215021629985
30.625	41.5	1.00215009142043
30.875	41.5	1.00214997318028
31.125	41.5	1.00214986132386
31.375	41.5	1.0021497556074
31.625	41.5	1.00214965579914
31.875	41.5	1.00214956167943
32.125	41.5	1.00214947304051
32.375	41.5	1.00214938968629
32.625	41.5	1.00214931143205
32.875	41.5	1.00214923810415
33.125	41.5	1.00214916953966
33.375	41.5	1.00214910558609
33.625	41.5	1.00214904610106
33.875	41.5	1.00214899095204
34.125	41.5	1.00214894001606
34.375	41.5	1.00214889317947
34.625	41.5	1.00214885033768
34.875	41.5	1.00214881139499
35.125	41.5	1.00214877626432
35.375	41.5	1.00214874486712
35.625	41.5	1.00214871713313
35.875	41.5	1.00214869300027
36.125	41.5	1.00214867241449
36.375	41.5	1.00214865532968
36.625	41.5	1.00214864170756
36.875	41.5	1.0021486315176
37.125	41.5	1.00214862473696
37.375	41.5	1.00214862135043
0.125	42.5	-0.00212780471677886
0.375	42.5	-0.0021277998691304
0.625	42.5	-0.00212779016558271
0.875	42.5	-0.00212777558961804
1.125	42.5	-0.00212775611641922
1.375	42.5	-0.00212773171282103
1.625	42.5	-0.00212770233724507
1.875	42.5	-0.00212766793961822
2.125	42.5	-0.00212762846127435
2.375	42.5	-0.00212758383483923
2.625	42.5	-0.00212753398409825
2.875	42.5	-0.00212747882384675
3.125	42.5	-0.00212741825972271
3.375	42.5	-0.00212735218802118
3.625	42.5	-0.00212728049549024
3.875	42.5	-0.00212720305910768
4.125	42.5	-0.00212711974583788
4.375	42.5	-0.00212703041236773
4.625	42.5	-0.0021269349048204
4.875	42.5	-0.00212683305844498
5.125	42.5	-0.00212672469727922
5.375	42.5	-0.00212660963378118
5.625	42.5	-0.00212648766842293
5.875	42.5	-0.00212635858923601
6.125	42.5	-0.00212622217129137
6.375	42.5	-0.00212607817608656
6.625	42.5	-0.00212592635079534
6.875	42.5	-0.00212576642730651
7.125	42.5	-0.00212559812093231
7.375	42.5	-0.00212542112858982
7.625	42.5	-0.00212523512613252
7.875	42.5	-0.00212503976430171
8.125	42.5	-0.00212483466242533
8.375	42.5	-0.00212461939842998
8.625	42.5	-0.00212439349280628
8.875	42.5	-0.00212415638264563
9.125	42.5	-0.00212390737936178
9.375	42.5	-0.00212364559958844
9.625	42.5	-0.00212336985196295
9.875	42.5	-0.00212307845134592
10.125	42.5	-0.00212276891366483
10.375	42.5	-0.00212243745435489
10.625	42.5	-0.00212207816365355
10.875	42.5	-0.00212168165019818
11.125	42.5	-0.00212123280976684
11.375	42.5	-0.00212070715450893
11.625	42.5	-0.00212006477355876
11.875	42.5	-0.00211924039624207
12.125	42.5	-0.00211812704236302
12.375	42.5	-0.00211654912052718
12.625	42.5	-0.00211421816421782
12.875	42.5	-0.00211066000050559
13.125	42.5	-0.00210509491628991
13.375	42.5	-0.00209624049447263
13.625	42.5	-0.00208198723497844
13.875	42.5	-0.00205886492448462
14.125	42.5	-0.00202116489637118
14.375	42.5	-0.00195949662375668
14.625	42.5	-0.00185841501921309
14.875	42.5	-0.00169252263871645
15.125	42.5	-0.00142007325286343
15.375	42.5	-0.000972493305095389
15.625	42.5	-0.000237265380645707
15.875	42.5	0.000969898391941444
16.125	42.5	0.00294993620054891
16.375	42.5	0.00619185835749256
16.625	42.5	0.0114838358740429
16.875	42.5	0.0200791618436952
17.125	42.5	0.0339262771451598
17.375	42.5	0.0559411813338268
17.625	42.5	0.0902105365948961
17.875	42.5	0.141820140471543
18.125	42.5	0.215733958918896
18.375	42.5	0.314154605365272
18.625	42.5	0.432939234800023
18.875	42.5	0.560092820423228
19.125	42.5	0.679727067458075
19.375	42.5	0.779469419109746
19.625	42.5	0.854737907376156
19.875	42.5	0.9074741445885
20.125	42.5	0.942572317042823
20.375	42.5	0.965153046972653
20.625	42.5	0.979369059542416
20.875	42.5	0.988198075927468
21.125	42.5	0.993635375369914
21.375	42.5	0.996966511607281
21.625	42.5	0.999000752783226
21.875	42.5	1.00024050562682
22.125	42.5	1.0009950696736
22.375	42.5	1.00145389831443
22.625	42.5	1.00173268047521
22.875	42.5	1.00190192954847
23.125	42.5	1.00200457535411
23.375	42.5	1.00206673625786
23.625	42.5	1.00210429582205
23.875	42.5	1.00212691085142
24.125	42.5	1.0021404513979
24.375	42.5	1.00214848520452
24.625	42.5	1.00215318044822
24.875	42.5	1.00215585459709
25.125	42.5	1.00215730806012
25.375	42.5	1.00215802699458
25.625	42.5	1.00215830657454
25.875	42.5	1.00215832591222
26.125	42.5	1.00215819359341
26.375	42.5	1.00215797535229
26.625	42.5	1.00215771089083
26.875	42.5	1.0021574241007
27.125	42.5	1.00215712927538
27.375	42.5	1.00215683488512
27.625	42.5	1.002156545871
27.875	42.5	1.0021562650386
28.125	42.5	1.00215599390481
28.375	42.5	1.00215573321198
28.625	42.5	1.00215548324016
28.875	42.5	1.00215524399652
29.125	42.5	1.0021550153301
29.375	42.5	1.00215479700131
29.625	42.5	1.00215458872388
29.875	42.5	1.00215439019003
30.125	42.5	1.00215420108558
30.375	42.5	1.0021540210988
30.625	42.5	1.00215384992566
30.875	42.5	1.00215368727271
31.125	42.5	1.00215353285865
31.375	42.5	1.00215338641509
31.625	42.5	1.00215324768682
31.875	42.5	1.00215311643179
32.125	42.5	1.00215299242092
32.375	42.5	1.00215287543785
32.625	42.5	1.00215276527862
32.875	42.5	1.00215266175131
33.125	42.5	1.00215256467577
33.375	42.5	1.00215247388323
33.625	42.5	1.00215238921602
33.875	42.5	1.00215231052726
34.125	42.5	1.00215223768059
34.375	42.5	1.00215217054989
34.625	42.5	1.00215210901904
34.875	42.5	1.00215205298172
35.125	42.5	1.00215200234116
35.375	42.5	1.00215195701
35.625	42.5	1.00215191691008
35.875	42.5	1.00215188197231
36.125	42.5	1.00215185213651
36.375	42.5	1.00215182735135
36.625	42.5	1.00215180757417
36.875	42.5	1.00215179277096
37.125	42.5	1.00215178291627
37.375	42.5	1.00215177799316
0.125	43.5	-0.0021247785483142
0.375	43.5	-0.00212477232600398
0.625	43.5	-0.00212475987249367
0.875	43.5	-0.00212474116998698
1.125	43.5	-0.00212471619174813
1.375	43.5	-0.00212468490205217
1.625	43.5	-0.00212464725611857
1.875	43.5	-0.00212460320002801
2.125	43.5	-0.00212455267062205
2.375	43.5	-0.00212449559538573
2.625	43.5	-0.00212443189231251
2.875	43.5	-0.00212436146975164
3.125	43.5	-0.00212428422623731
3.375	43.5	-0.00212420005029934
3.625	43.5	-0.00212410882025485
3.875	43.5	-0.00212401040398045
4.125	43.5	-0.00212390465866395
4.375	43.5	-0.00212379143053487
4.625	43.5	-0.00212367055457221
4.875	43.5	-0.00212354185418754
5.125	43.5	-0.00212340514088067
5.375	43.5	-0.00212326021386331
5.625	43.5	-0.00212310685964404
5.875	43.5	-0.00212294485156364
6.125	43.5	-0.00212277394926333
6.375	43.5	-0.00212259389805765
6.625	43.5	-0.002122404428166
6.875	43.5	-0.00212220525372757
7.125	43.5	-0.00212199607147649
7.375	43.5	-0.00212177655887509
7.625	43.5	-0.00212154637137319
7.875	43.5	-0.00212130513824779
8.125	43.5	-0.00212105245612606
8.375	43.5	-0.00212078787871596
8.625	43.5	-0.00212051090031735
8.875	43.5	-0.00212022092912031
9.125	43.5	-0.00211991724372105
9.375	43.5	-0.00211959892204558
9.625	43.5	-0.00211926472489515
9.875	43.5	-0.0021189129048477
10.125	43.5	-0.00211854089236037
10.375	43.5	-0.00211814477983601
10.625	43.5	-0.00211771847327234
10.875	43.5	-0.00211725229695575
11.125	43.5	-0.00211673069818521
11.375	43.5	-0.00211612847115363
11.625	43.5	-0.00211540454418501
11.875	43.5	-0.00211449175760293
12.125	43.5	-0.00211328004441008
12.375	43.5	-0.00211158875573412
12.625	43.5	-0.00210912112492138
12.875	43.5	-0.00210538934289704
13.125	43.5	-0.00209959127944646
13.375	43.5	-0.00209040765051368
13.625	43.5	-0.00207566831181219
13.875	43.5	-0.00205180328428095
14.125	43.5	-0.00201293977905272
14.375	43.5	-0.00194941730948193
14.625	43.5	-0.00184534685895452
14.875	43.5	-0.0016746013254098
15.125	43.5	-0.00139423616399935
15.375	43.5	-0.000933712493552514
15.625	43.5	-0.000177296844399332
15.875	43.5	0.00106454191687005
16.125	43.5	0.00310123785515858
16.375	43.5	0.00643542709668648
16.625	43.5	0.0118767603759952
16.875	43.5	0.0207114083013794
17.125	43.5	0.0349355918414337
17.375	43.5	0.057528338272657
17.625	43.5	0.092643864016414
17.875	43.5	0.145403740279685
18.125	43.5	0.220700947119722
18.375	43.5	0.32047170665687
18.625	43.5	0.440124569195525
18.875	43.5	0.567278638288327
19.125	43.5	0.68604551332592
19.375	43.5	0.784438321118347
19.625	43.5	0.858323617676408
19.875	43.5	0.909909467391953
20.125	43.5	0.944161176267286
20.375	43.5	0.966163715641699
20.625	43.5	0.980002332890485
20.875	43.5	0.988591755181647
21.125	43.5	0.99387948846701
21.375	43.5	0.997118202703714
21.625	43.5	0.999095675573817
21.875	43.5	1.00030067711085
22.125	43.5	1.00103400169455
22.375	43.5	1.00147985220117
22.625	43.5	1.00175069612087
22.875	43.5	1.00191507766511
23.125	43.5	1.00201472564156
23.375	43.5	1.00207502690679
23.625	43.5	1.00211141984194
23.875	43.5	1.00213329045561
24.125	43.5	1.00214634412502
24.375	43.5	1.00215404846643
24.625	43.5	1.00215851077927
24.875	43.5	1.00216101151585
25.125	43.5	1.00216232857471
25.375	43.5	1.00216293441972
25.625	43.5	1.00216311589083
25.875	43.5	1.0021630470238
26.125	43.5	1.00216283330809
26.375	43.5	1.00216253858524
26.625	43.5	1.00216220139645
26.875	43.5	1.00216184491765
27.125	43.5	1.00216148299728
27.375	43.5	1.00216112382537
27.625	43.5	1.00216077216314
27.875	43.5	1.00216043069762
28.125	43.5	1.00216010086461
28.375	43.5	1.00215978334843
28.625	43.5	1.00215947838534
28.875	43.5	1.00215918594761
29.125	43.5	1.00215890585507
29.375	43.5	1.00215863784261
29.625	43.5	1.00215838160093
29.875	43.5	1.00215813680098
30.125	43.5	1.00215790310861
30.375	43.5	1.00215768019322
30.625	43.5	1.00215746773275
30.875	43.5	1.0021572654165
31.125	43.5	1.00215707294665
31.375	43.5	1.002156890039
31.625	43.5	1.00215671642313
31.875	43.5	1.00215655184246
32.125	43.5	1.00215639605401
32.375	43.5	1.00215624882813
32.625	43.5	1.0021561099482
32.875	43.5	1.00215597921027
33.125	43.5	1.00215585642274
33.375	43.5	1.00215574140604
33.625	43.5	1.00215563399229
33.875	43.5	1.00215553402501
34.125	43.5	1.00215544135884
34.375	43.5	1.00215535585927
34.625	43.5	1.00215527740243
34.875	43.5	1.00215520587478
35.125	43.5	1.00215514117301
35.375	43.5	1.00215508320377
35.625	43.5	1.00215503188352
35.875	43.5	1.0021549871384
36.125	43.5	1.00215494890406
36.375	43.5	1.00215491712558
36.625	43.5	1.00215489175732
36.875	43.5	1.00215487276288
37.125	43.5	1.00215486011504
37.375	43.5	1.00215485379564
0.125	44.5	-0.00212185515185374
0.375	44.5	-0.00212184770199845
0.625	44.5	-0.00212183279303239
0.875	44.5	-0.00212181040642825
1.125	44.5	-0.00212178051435422
1.375	44.5	-0.00212174307962493
1.625	44.5	-0.00212169805563587
1.875	44.5	-0.00212164538628116
2.125	44.5	-0.00212158500585455
2.375	44.5	-0.00212151683893335
2.625	44.5	-0.00212144080024512
2.875	44.5	-0.00212135679451689
3.125	44.5	-0.00212126471630635
3.375	44.5	-0.00212116444981491
3.625	44.5	-0.00212105586868191
3.875	44.5	-0.0021209388357595
4.125	44.5	-0.00212081320286734
4.375	44.5	-0.0021206788105263
4.625	44.5	-0.00212053548766955
4.875	44.5	-0.00212038305132918
5.125	44.5	-0.00212022130629546
5.375	44.5	-0.00212005004474414
5.625	44.5	-0.00211986904582482
5.875	44.5	-0.00211967807519935
6.125	44.5	-0.00211947688451215
6.375	44.5	-0.00211926521076365
6.625	44.5	-0.00211904277553944
6.875	44.5	-0.00211880928401798
7.125	44.5	-0.0021185644236303
7.375	44.5	-0.00211830786216409
7.625	44.5	-0.00211803924497098
7.875	44.5	-0.00211775819071659
8.125	44.5	-0.00211746428475155
8.375	44.5	-0.00211715706858742
8.625	44.5	-0.00211683602298388
8.875	44.5	-0.00211650054054432
9.125	44.5	-0.00211614988106979
9.375	44.5	-0.00211578309856475
9.625	44.5	-0.00211539892162013
9.875	44.5	-0.00211499555710377
10.125	44.5	-0.00211457036767975
10.375	44.5	-0.00211411934174127
10.625	44.5	-0.00211363622179034
10.875	44.5	-0.00211311107082515
11.125	44.5	-0.00211252791400781
11.375	44.5	-0.00211186085875428
11.625	44.5	-0.00211106771113463
11.875	44.5	-0.00211007947255705
12.125	44.5	-0.00210878305764861
12.375	44.5	-0.00210699285800111
12.625	44.5	-0.00210440395264583
12.875	44.5	-0.00210051512025326
13.125	44.5	-0.00209450216510065
13.375	44.5	-0.00208500949715989
13.625	44.5	-0.00206980723265574
13.875	44.5	-0.00204522709634101
14.125	44.5	-0.00200523457539883
14.375	44.5	-0.00193990314970864
14.625	44.5	-0.00183290631516834
14.875	44.5	-0.00165739789763937
15.125	44.5	-0.0013692524589841
15.375	44.5	-0.000895994514045599
15.625	44.5	-0.00011872198995004
15.875	44.5	0.00115726085255971
16.125	44.5	0.00324975292736083
16.375	44.5	0.00667479629448515
16.625	44.5	0.0122631486262138
16.875	44.5	0.021333217995597
17.125	44.5	0.0359278937580146
17.375	44.5	0.05908729832635
17.625	44.5	0.0950299451229301
17.875	44.5	0.148908246510571
18.125	44.5	0.225538705578298
18.375	44.5	0.326590383097898
18.625	44.5	0.447036754198917
18.875	44.5	0.574140654824859
19.125	44.5	0.692038313137162
19.375	44.5	0.789125210723351
19.625	44.5	0.861692173395078
19.875	44.5	0.912190961252916
20.125	44.5	0.945646932505617
20.375	44.5	0.96710764518329
20.625	44.5	0.980593285594311
20.875	44.5	0.988958882425519
21.125	44.5	0.994106997024516
21.375	44.5	0.997259478414188
21.625	44.5	0.999184003769294
21.875	44.5	1.00035660361713
22.125	44.5	1.00107013225924
22.375	44.5	1.00150389287174
22.625	44.5	1.00176734744547
22.875	44.5	1.00192720324617
23.125	44.5	1.00202406880025
23.375	44.5	1.00208264865369
23.625	44.5	1.00211796595893
23.875	44.5	1.00213915415567
24.125	44.5	1.00215176503796
24.375	44.5	1.00215917284722
24.625	44.5	1.00216342811908
24.875	44.5	1.00216577680013
25.125	44.5	1.00216697581366
25.375	44.5	1.00216748487267
25.625	44.5	1.00216758306519
25.875	44.5	1.00216743971323
26.125	44.5	1.00216715743902
26.375	44.5	1.00216679833905
26.625	44.5	1.00216639989136
26.875	44.5	1.00216598462309
27.125	44.5	1.00216556598563
27.375	44.5	1.00216515192493
27.625	44.5	1.00216474705096
27.875	44.5	1.00216435395594
28.125	44.5	1.00216397401507
28.375	44.5	1.00216360787287
28.625	44.5	1.00216325573843
28.875	44.5	1.00216291756446
29.125	44.5	1.00216259315594
29.375	44.5	1.00216228223571
29.625	44.5	1.00216198448417
29.875	44.5	1.00216169956307
30.125	44.5	1.00216142712974
30.375	44.5	1.00216116684555
30.625	44.5	1.0021609183807
30.875	44.5	1.00216068141704
31.125	44.5	1.00216045564952
31.375	44.5	1.00216024078686
31.625	44.5	1.0021600365518
31.875	44.5	1.0021598426811
32.125	44.5	1.00215965892531
32.375	44.5	1.00215948504852
32.625	44.5	1.00215932082807
32.875	44.5	1.00215916605419
33.125	44.5	1.0021590205297
33.375	44.5	1.00215888406969
33.625	44.5	1.00215875650117
33.875	44.5	1.00215863766285
34.125	44.5	1.0021585274048
34.375	44.5	1.00215842558822
34.625	44.5	1.00215833208522
34.875	44.5	1.00215824677856
35.125	44.5	1.00215816956147
35.375	44.5	1.00215810033747
35.625	44.5	1.00215803902019
35.875	44.5	1.00215798553324
36.125	44.5	1.00215793981005
36.375	44.5	1.00215790179379
36.625	44.5	1.00215787143723
36.875	44.5	1.00215784870269
37.125	44.5	1.00215783356197
37.375	44.5	1.0021578259963
0.125	45.5	-0.00211905446277095
0.375	45.5	-0.00211904593833864
0.625	45.5	-0.00211902888012295
0.875	45.5	-0.00211900326940613
1.125	45.5	-0.00211896907807253
1.375	45.5	-0.00211892626856173
1.625	45.5	-0.00211887479380594
1.875	45.5	-0.00211881459715145
2.125	45.5	-0.00211874561226403
2.375	45.5	-0.00211866776301811
2.625	45.5	-0.00211858096336947
2.875	45.5	-0.00211848511721114
3.125	45.5	-0.00211838011821225
3.375	45.5	-0.00211826584963939
3.625	45.5	-0.00211814218416005
3.875	45.5	-0.00211800898362751
4.125	45.5	-0.00211786609884651
4.375	45.5	-0.00211771336931855
4.625	45.5	-0.00211755062296572
4.875	45.5	-0.00211737767583071
5.125	45.5	-0.00211719433175034
5.375	45.5	-0.00211700038199788
5.625	45.5	-0.00211679560488709
5.875	45.5	-0.00211657976532654
6.125	45.5	-0.00211635261430593
6.375	45.5	-0.00211611388828477
6.625	45.5	-0.00211586330843481
6.875	45.5	-0.00211560057965729
7.125	45.5	-0.00211532538924499
7.375	45.5	-0.00211503740497632
7.625	45.5	-0.00211473627229139
7.875	45.5	-0.00211442160997507
8.125	45.5	-0.00211409300340135
8.375	45.5	-0.00211374999378346
8.625	45.5	-0.00211339206087112
8.875	45.5	-0.0021130185948853
9.125	45.5	-0.00211262885076409
9.375	45.5	-0.00211222187332362
9.625	45.5	-0.00211179637458232
9.875	45.5	-0.00211135053239344
10.125	45.5	-0.00211088165961494
10.375	45.5	-0.00211038566027422
10.625	45.5	-0.00210985613525969
10.875	45.5	-0.00210928291133732
11.125	45.5	-0.0021086496212804
11.375	45.5	-0.00210792972264367
11.625	45.5	-0.00210707994737735
11.875	45.5	-0.00210602952396904
12.125	45.5	-0.00210466244343296
12.375	45.5	-0.00210278827928156
12.625	45.5	-0.00210009417385856
12.875	45.5	-0.00209606583586662
13.125	45.5	-0.00208985755079788
13.375	45.5	-0.00208007830508188
13.625	45.5	-0.00206443990960783
13.875	45.5	-0.00203917813430452
14.125	45.5	-0.00199810057599411
14.375	45.5	-0.00193102096968016
14.625	45.5	-0.00182118565195832
14.875	45.5	-0.00164104635259721
15.125	45.5	-0.00134532465788481
15.375	45.5	-0.000859654409548796
15.625	45.5	-6.20405270399544e-05
15.875	45.5	0.0012472528622205
16.125	45.5	0.00339418446348654
16.375	45.5	0.0069078642671583
16.625	45.5	0.0126395995963531
16.875	45.5	0.0219391182688326
17.125	45.5	0.0368944757950979
17.375	45.5	0.060604477621525
17.625	45.5	0.0973482617723063
17.875	45.5	0.152304223743076
18.125	45.5	0.230208227081915
18.375	45.5	0.332464590639822
18.625	45.5	0.453629209755631
18.875	45.5	0.580639476173168
19.125	45.5	0.697677431999348
19.375	45.5	0.793512635646137
19.625	45.5	0.864833551107466
19.875	45.5	0.914313050991708
20.125	45.5	0.947026480163154
20.375	45.5	0.967983072700138
20.625	45.5	0.981140892046064
20.875	45.5	0.989298846106955
21.125	45.5	0.99431752757055
21.375	45.5	0.997390104849465
21.625	45.5	0.999265586476833
21.875	45.5	1.0004081840697
22.125	45.5	1.00110339037084
22.375	45.5	1.00152596755484
22.625	45.5	1.0017825927424
22.875	45.5	1.00193827130929
23.125	45.5	1.002032573937
23.375	45.5	1.00208957309461
23.625	45.5	1.00212390728803
23.875	45.5	1.00214447599853
24.125	45.5	1.0021566887621
24.375	45.5	1.00216383333945
24.625	45.5	1.00216790770253
24.875	45.5	1.00217012585467
25.125	45.5	1.00217122531083
25.375	45.5	1.00217165399479
25.625	45.5	1.00217168383606
25.875	45.5	1.00217147981231
26.125	45.5	1.00217114191144
26.375	45.5	1.00217073063443
26.625	45.5	1.00217028249481
26.875	45.5	1.00216981943828
27.125	45.5	1.00216935456714
27.375	45.5	1.00216889561914
27.625	45.5	1.00216844708133
27.875	45.5	1.00216801147444
28.125	45.5	1.00216759013315
28.375	45.5	1.00216718368
28.625	45.5	1.00216679231303
28.875	45.5	1.00216641598039
29.125	45.5	1.00216605448608
29.375	45.5	1.00216570755403
29.625	45.5	1.0021653748667
29.875	45.5	1.00216505608836
30.125	45.5	1.00216475087893
30.375	45.5	1.00216445890227
30.625	45.5	1.00216417983088
30.875	45.5	1.00216391334864
31.125	45.5	1.00216365915225
31.375	45.5	1.00216341695194
31.625	45.5	1.00216318647168
31.875	45.5	1.00216296744922
32.125	45.5	1.00216275963587
32.375	45.5	1.00216256279631
32.625	45.5	1.00216237670826
32.875	45.5	1.00216220116219
33.125	45.5	1.00216203596103
33.375	45.5	1.00216188091983
33.625	45.5	1.00216173586552
33.875	45.5	1.00216160063659
34.125	45.5	1.00216147508286
34.375	45.5	1.00216135906525
34.625	45.5	1.00216125245549
34.875	45.5	1.00216115513601
35.125	45.5	1.00216106699966
35.375	45.5	1.00216098794959
35.625	45.5	1.00216091789907
35.875	45.5	1.00216085677136
36.125	45.5	1.0021608044996
36.375	45.5	1.00216076102664
36.625	45.5	1.00216072630502
36.875	45.5	1.00216070029688
37.125	45.5	1.00216068297384
37.375	45.5	1.00216067431704
0.125	46.5	-0.00211639388745992
0.375	46.5	-0.00211638444279814
0.625	46.5	-0.00211636554428575
0.875	46.5	-0.00211633717353064
1.125	46.5	-0.00211629930290878
1.375	46.5	-0.002116251895521
1.625	46.5	-0.00211619490513537
1.875	46.5	-0.00211612827611486
2.125	46.5	-0.00211605194333026
2.375	46.5	-0.00211596583205816
2.625	46.5	-0.0021158698578637
2.875	46.5	-0.00211576392646794
3.125	46.5	-0.00211564793359944
3.375	46.5	-0.00211552176482982
3.625	46.5	-0.00211538529539273
3.875	46.5	-0.00211523838998574
4.125	46.5	-0.00211508090255443
4.375	46.5	-0.00211491267605768
4.625	46.5	-0.00211473354221286
4.875	46.5	-0.00211454332121886
5.125	46.5	-0.00211434182145401
5.375	46.5	-0.00211412883914437
5.625	46.5	-0.00211390415799503
5.875	46.5	-0.00211366754877277
6.125	46.5	-0.00211341876882174
6.375	46.5	-0.00211315756148133
6.625	46.5	-0.00211288365535707
6.875	46.5	-0.00211259676336344
7.125	46.5	-0.00211229658140564
7.375	46.5	-0.00211198278648232
7.625	46.5	-0.00211165503385088
7.875	46.5	-0.00211131295266622
8.125	46.5	-0.0021109561391241
8.375	46.5	-0.00211058414551567
8.625	46.5	-0.00211019646257149
8.875	46.5	-0.00210979249078219
9.125	46.5	-0.00210937149359913
9.375	46.5	-0.00210893252083859
9.625	46.5	-0.00210847428307652
9.875	46.5	-0.00210799494541924
10.125	46.5	-0.00210749178862905
10.375	46.5	-0.00210696065200473
10.625	46.5	-0.00210639501716216
10.875	46.5	-0.00210578450093932
11.125	46.5	-0.00210511237603953
11.375	46.5	-0.00210435149184477
11.625	46.5	-0.00210345756274329
11.875	46.5	-0.00210235812475898
12.125	46.5	-0.00210093436448828
12.375	46.5	-0.00209899121969933
12.625	46.5	-0.00209620818166486
12.875	46.5	-0.00209205834406709
13.125	46.5	-0.00208567520658308
13.375	46.5	-0.00207563352196756
13.625	46.5	-0.00205958873691721
13.875	46.5	-0.0020336838434006
14.125	46.5	-0.00199157375762493
14.375	46.5	-0.00192282102389331
14.625	46.5	-0.00181025887544188
14.875	46.5	-0.00162566005087049
15.125	46.5	-0.00132263114376566
15.375	46.5	-0.000824977752525073
15.625	46.5	-7.71434855453328e-06
15.875	46.5	0.00133376675173157
16.125	46.5	0.00353330826159148
16.375	46.5	0.00713263758778855
16.625	46.5	0.0130028795980471
16.875	46.5	0.0225239034685539
17.125	46.5	0.0378270684200353
17.375	46.5	0.0620670252865365
17.625	46.5	0.0995795410047676
17.875	46.5	0.15556434573067
18.125	46.5	0.234673955898954
18.375	46.5	0.338053486138185
18.625	46.5	0.459862184385819
18.875	46.5	0.586743210321963
19.125	46.5	0.702941708358702
19.375	46.5	0.797588570710418
19.625	46.5	0.867741593361505
19.875	46.5	0.916272745722157
20.125	46.5	0.948298379444227
20.375	46.5	0.968789288541469
20.625	46.5	0.981644786982244
20.875	46.5	0.989611448349043
21.125	46.5	0.994510967257884
21.375	46.5	0.997510014360781
21.625	46.5	0.999340380982328
21.875	46.5	1.00045538984337
22.125	46.5	1.0011337554345
22.375	46.5	1.00154606019373
22.625	46.5	1.00179641843945
22.875	46.5	1.00194826954685
23.125	46.5	1.00204022928311
23.375	46.5	1.00209578857128
23.625	46.5	1.00212923203297
23.875	46.5	1.00214924391117
24.125	46.5	1.00216110287545
24.375	46.5	1.0021680171402
24.625	46.5	1.00217193633801
24.875	46.5	1.00217404510565
25.125	46.5	1.00217506312481
25.375	46.5	1.00217542749608
25.625	46.5	1.00217540358606
25.875	46.5	1.00217515239823
26.125	46.5	1.00217477151895
26.375	46.5	1.00217432000277
26.625	46.5	1.00217383349649
26.875	46.5	1.0021733334307
27.125	46.5	1.00217283260561
27.375	46.5	1.00217233858561
27.625	46.5	1.00217185576203
27.875	46.5	1.00217138660644
28.125	46.5	1.00217093243209
28.375	46.5	1.00217049385635
28.625	46.5	1.00217007108153
28.875	46.5	1.00216966406523
29.125	46.5	1.0021692726236
29.375	46.5	1.00216889649396
29.625	46.5	1.00216853537245
29.875	46.5	1.00216818893684
30.125	46.5	1.00216785686011
30.375	46.5	1.00216753881849
30.625	46.5	1.00216723449617
30.875	46.5	1.00216694358799
31.125	46.5	1.00216666580088
31.375	46.5	1.00216640085457
31.625	46.5	1.00216614848189
31.875	46.5	1.00216590842876
32.125	46.5	1.00216568045408
32.375	46.5	1.0021654643295
32.625	46.5	1.00216525983921
32.875	46.5	1.0021650667796
33.125	46.5	1.00216488495904
33.375	46.5	1.00216471419761
33.625	46.5	1.00216455432678
33.875	46.5	1.00216440518924
34.125	46.5	1.00216426663861
34.375	46.5	1.00216413853924
34.625	46.5	1.002164020766
34.875	46.5	1.00216391320411
35.125	46.5	1.00216381574894
35.375	46.5	1.00216372830587
35.625	46.5	1.00216365079015
35.875	46.5	1.00216358312676
36.125	46.5	1.00216352525029
36.375	46.5	1.00216347710488
36.625	46.5	1.00216343864409
36.875	46.5	1.00216340983086
37.125	46.5	1.00216339063743
37.375	46.5	1.00216338104533
0.125	47.5	-0.00211388828371601
0.375	47.5	-0.00211387807028384
0.625	47.5	-0.00211385763463014
0.875	47.5	-0.00211382695916348
1.125	47.5	-0.00211378601746504
1.375	47.5	-0.00211373477425056
1.625	47.5	-0.00211367318531946
1.875	47.5	-0.00211360119749113
2.125	47.5	-0.00211351874852809
2.375	47.5	-0.00211342576704605
2.625	47.5	-0.00211332217241053
2.875	47.5	-0.00211320787461987
3.125	47.5	-0.00211308277417447
3.375	47.5	-0.00211294676193165
3.625	47.5	-0.0021127997189461
3.875	47.5	-0.00211264151629509
4.125	47.5	-0.00211247201488787
4.375	47.5	-0.00211229106525849
4.625	47.5	-0.00211209850734041
4.875	47.5	-0.00211189417022121
5.125	47.5	-0.00211167787187435
5.375	47.5	-0.00211144941886328
5.625	47.5	-0.0021112086060107
5.875	47.5	-0.00211095521602112
6.125	47.5	-0.00211068901903779
6.375	47.5	-0.002110409772103
6.625	47.5	-0.00211011721847125
6.875	47.5	-0.00210981108669251
7.125	47.5	-0.00210949108932985
7.375	47.5	-0.00210915692108829
7.625	47.5	-0.00210880825598876
7.875	47.5	-0.00210844474298424
8.125	47.5	-0.0021080659990276
8.375	47.5	-0.00210767159796082
8.625	47.5	-0.00210726105254414
8.875	47.5	-0.00210683378521313
9.125	47.5	-0.00210638908030408
9.375	47.5	-0.00210592600580283
9.625	47.5	-0.00210544328496221
9.875	47.5	-0.00210493908544606
10.125	47.5	-0.00210441067278162
10.375	47.5	-0.00210385384054958
10.625	47.5	-0.00210326197321349
10.875	47.5	-0.00210262450447446
11.125	47.5	-0.00210192438097866
11.375	47.5	-0.00210113388934861
11.625	47.5	-0.0021002077900826
11.875	47.5	-0.0020990720199397
12.125	47.5	-0.00209760510235176
12.375	47.5	-0.00209560755912666
12.625	47.5	-0.0020927515789276
12.875	47.5	-0.00208849820007902
13.125	47.5	-0.0020819610431241
13.375	47.5	-0.00207168210437404
13.625	47.5	-0.00205526288199713
13.875	47.5	-0.00202875754949969
14.125	47.5	-0.00198567484192218
14.375	47.5	-0.00191533679083625
14.625	47.5	-0.00180018107686531
14.875	47.5	-0.00161133029806041
15.125	47.5	-0.0013013234722093
15.375	47.5	-0.00079221584274469
15.625	47.5	4.3840760008981e-05
15.875	47.5	0.00141611649585254
16.125	47.5	0.00366599627628519
16.375	47.5	0.00734726970663346
16.625	47.5	0.0133499852893277
16.875	47.5	0.0230827362669616
17.125	47.5	0.0387179991951388
17.375	47.5	0.0634630663865411
17.625	47.5	0.10170610526745
17.875	47.5	0.158663855744755
18.125	47.5	0.238904302717303
18.375	47.5	0.343321849901879
18.625	47.5	0.465702889876586
18.875	47.5	0.592427224299616
19.125	47.5	0.707816346209485
19.375	47.5	0.801345846939181
19.625	47.5	0.8704135151745
19.875	47.5	0.918069269438258
20.125	47.5	0.949462601892886
20.375	47.5	0.969526469345999
20.625	47.5	0.982105158981574
20.875	47.5	0.98989683806125
21.125	47.5	0.994687422159007
21.375	47.5	0.99761927956774
21.625	47.5	0.999408436509234
21.875	47.5	1.00049825450943
22.125	47.5	1.00116125067873
22.375	47.5	1.00156418712543
22.625	47.5	1.00180883616885
22.875	47.5	1.00195720625787
23.125	47.5	1.00204704066537
23.375	47.5	1.00210129898427
23.625	47.5	1.00213394252146
23.875	47.5	1.00215345888402
24.125	47.5	1.00216500719478
24.375	47.5	1.00217172301189
24.625	47.5	1.00217551182522
24.875	47.5	1.00217753146415
25.125	47.5	1.00217848534064
25.375	47.5	1.00217880069034
25.625	47.5	1.00217873690694
25.875	47.5	1.00217845138572
26.125	47.5	1.00217803954099
26.375	47.5	1.00217755912715
26.625	47.5	1.0021770450197
26.875	47.5	1.00217651819832
27.125	47.5	1.00217599120609
27.375	47.5	1.00217547146712
27.625	47.5	1.00217496330254
27.875	47.5	1.00217446915547
28.125	47.5	1.00217399033529
28.375	47.5	1.00217352746965
28.625	47.5	1.00217308077899
28.875	47.5	1.00217265024312
29.125	47.5	1.00217223570227
29.375	47.5	1.00217183691823
29.625	47.5	1.00217145361138
29.875	47.5	1.00217108548293
30.125	47.5	1.00217073222833
30.375	47.5	1.00217039354514
30.625	47.5	1.00217006913776
30.875	47.5	1.00216975872004
31.125	47.5	1.00216946201681
31.375	47.5	1.00216917876458
31.625	47.5	1.00216890871188
31.875	47.5	1.00216865161934
32.125	47.5	1.0021684072596
32.375	47.5	1.00216817541713
32.625	47.5	1.00216795588802
32.875	47.5	1.00216774847979
33.125	47.5	1.00216755301111
33.375	47.5	1.00216736931158
33.625	47.5	1.00216719722152
33.875	47.5	1.00216703659175
34.125	47.5	1.00216688728336
34.375	47.5	1.00216674916757
34.625	47.5	1.00216662212551
34.875	47.5	1.00216650604806
35.125	47.5	1.00216640083575
35.375	47.5	1.00216630639854
35.625	47.5	1.00216622265578
35.875	47.5	1.00216614953603
36.125	47.5	1.002166086977
36.375	47.5	1.00216603492546
36.625	47.5	1.00216599333717
36.875	47.5	1.0021659621768
37.125	47.5	1.0021659414179
37.375	47.5	1.00216593104285
0.125	48.5	-0.00211155001177764
0.375	48.5	-0.00211153917421975
0.625	48.5	-0.00211151749092317
0.875	48.5	-0.00211148494551574
1.125	48.5	-0.00211144151341274
1.375	48.5	-0.00211138716178517
1.625	48.5	-0.00211132184951731
1.875	48.5	-0.00211124552715355
2.125	48.5	-0.00211115813683428
2.375	48.5	-0.00211105961222084
2.625	48.5	-0.00211094987840932
2.875	48.5	-0.00211082885183293
3.125	48.5	-0.00211069644015294
3.375	48.5	-0.00211055254213761
3.625	48.5	-0.00211039704752899
3.875	48.5	-0.00211022983689709
4.125	48.5	-0.00211005078148065
4.375	48.5	-0.00210985974301385
4.625	48.5	-0.00210965657353754
4.875	48.5	-0.00210944111519313
5.125	48.5	-0.00210921319999626
5.375	48.5	-0.00210897264958553
5.625	48.5	-0.00210871927493898
5.875	48.5	-0.00210845287604645
6.125	48.5	-0.00210817324151853
6.375	48.5	-0.00210788014810053
6.625	48.5	-0.00210757336004017
6.875	48.5	-0.00210725262822451
7.125	48.5	-0.00210691768894762
7.375	48.5	-0.00210656826208142
7.625	48.5	-0.00210620404827573
7.875	48.5	-0.00210582472457222
8.125	48.5	-0.00210542993742061
8.375	48.5	-0.00210501929143251
8.625	48.5	-0.00210459233113437
8.875	48.5	-0.00210414851121387
9.125	48.5	-0.00210368714784555
9.375	48.5	-0.00210320733889657
9.625	48.5	-0.00210270783293887
9.875	48.5	-0.00210218681403633
10.125	48.5	-0.00210164154795407
10.375	48.5	-0.00210106780035118
10.625	48.5	-0.00210045887978466
10.875	48.5	-0.0020998040633507
11.125	48.5	-0.00209908600646336
11.375	48.5	-0.00209827648103647
11.625	48.5	-0.00209732936305673
11.875	48.5	-0.00209616909404319
12.125	48.5	-0.00209467169484071
12.375	48.5	-0.00209263352447028
12.625	48.5	-0.00208971987406806
12.875	48.5	-0.00208538038121141
13.125	48.5	-0.00207870985211809
13.375	48.5	-0.00206821926610459
13.625	48.5	-0.00205145902211521
13.875	48.5	-0.00202439915054063
14.125	48.5	-0.00198040988495566
14.375	48.5	-0.00190858536624075
14.625	48.5	-0.00179098847248146
14.875	48.5	-0.00159812577136473
15.125	48.5	-0.00128152475571536
15.375	48.5	-0.000761582343991207
15.625	48.5	9.22613876071557e-05
15.875	48.5	0.00149369229293855
16.125	48.5	0.00379123550415507
16.375	48.5	0.00755009251244892
16.625	48.5	0.0136781954404006
16.875	48.5	0.023611230839137
17.125	48.5	0.0395603227781474
17.375	48.5	0.0647818966757171
17.625	48.5	0.103712144598145
17.875	48.5	0.161580903908406
18.125	48.5	0.242871977649759
18.375	48.5	0.348240269859536
18.625	48.5	0.471125378330097
18.875	48.5	0.597673684981422
19.125	48.5	0.712292268758982
19.375	48.5	0.80478151200084
19.625	48.5	0.872849384190503
19.875	48.5	0.919703684735912
20.125	48.5	0.950520276053618
20.375	48.5	0.970195512862129
20.625	48.5	0.982522645583603
20.875	48.5	0.990155445102649
21.125	48.5	0.994847176089383
21.375	48.5	0.99771808753536
21.625	48.5	0.999469877880084
21.875	48.5	1.00053686333437
22.125	48.5	1.00118593624441
22.375	48.5	1.00158039238263
22.625	48.5	1.00181987944016
22.875	48.5	1.00196510787786
23.125	48.5	1.00205302957897
23.375	48.5	1.00210612221722
23.625	48.5	1.0021380538629
23.875	48.5	1.00215713378992
24.125	48.5	1.00216841271099
24.375	48.5	1.0021749603059
24.625	48.5	1.00217864204923
24.875	48.5	1.00218059147894
25.125	48.5	1.0021814972736
25.375	48.5	1.00218177774439
25.625	48.5	1.00218168689036
25.875	48.5	1.00218137885631
26.125	48.5	1.00218094710807
26.375	48.5	1.00218044824153
26.625	48.5	1.00217991645258
26.875	48.5	1.0021793723311
27.125	48.5	1.0021788282053
27.375	48.5	1.00217829138955
27.625	48.5	1.00217776615806
27.875	48.5	1.00217725494413
28.125	48.5	1.00217675906885
28.375	48.5	1.00217627918372
28.625	48.5	1.00217581553945
28.875	48.5	1.00217536814918
29.125	48.5	1.00217493688748
29.375	48.5	1.00217452155029
29.625	48.5	1.00217412189131
29.875	48.5	1.00217373764378
30.125	48.5	1.00217336853377
30.375	48.5	1.00217301428793
30.625	48.5	1.00217267463818
30.875	48.5	1.00217234932439
31.125	48.5	1.00217203809587
31.375	48.5	1.00217174071222
31.625	48.5	1.00217145694363
31.875	48.5	1.00217118657109
32.125	48.5	1.00217092938628
32.375	48.5	1.00217068519154
32.625	48.5	1.00217045379964
32.875	48.5	1.00217023503367
33.125	48.5	1.00217002872681
33.375	48.5	1.00216983472215
33.625	48.5	1.00216965287252
33.875	48.5	1.00216948304031
34.125	48.5	1.0021693250973
34.375	48.5	1.00216917892451
34.625	48.5	1.00216904441206
34.875	48.5	1.00216892145902
35.125	48.5	1.0021688099733
35.375	48.5	1.00216870987154
35.625	48.5	1.002168621079
35.875	48.5	1.00216854352946
36.125	48.5	1.00216847716518
36.375	48.5	1.00216842193678
36.625	48.5	1.00216837780319
36.875	48.5	1.00216834473163
37.125	48.5	1.00216832269756
37.375	48.5	1.00216831168461
0.125	49.5	-0.00210938905034184
0.375	49.5	-0.00210937772303088
0.625	49.5	-0.00210935506101104
0.875	49.5	-0.00210932104947835
1.125	49.5	-0.00210927566620641
1.375	49.5	-0.00210921888152197
1.625	49.5	-0.00210915065827222
1.875	49.5	-0.00210907095178375
2.125	49.5	-0.00210897970981323
2.375	49.5	-0.00210887687248952
2.625	49.5	-0.00210876237224726
2.875	49.5	-0.0021086361337517
3.125	49.5	-0.00210849807381461
3.375	49.5	-0.00210834810130105
3.625	49.5	-0.00210818611702668
3.875	49.5	-0.00210801201364531
4.125	49.5	-0.00210782567552593
4.375	49.5	-0.00210762697861866
4.625	49.5	-0.00210741579030826
4.875	49.5	-0.0021071919692534
5.125	49.5	-0.00210695536520879
5.375	49.5	-0.00210670581882566
5.625	49.5	-0.00210644316142305
5.875	49.5	-0.00210616721471808
6.125	49.5	-0.00210587779049555
6.375	49.5	-0.002105574690185
6.625	49.5	-0.00210525770429296
6.875	49.5	-0.00210492661160439
7.125	49.5	-0.0021045811780124
7.375	49.5	-0.00210422115474445
7.625	49.5	-0.00210384627560372
7.875	49.5	-0.00210345625259881
8.125	49.5	-0.0021030507689303
8.375	49.5	-0.00210262946763754
8.625	49.5	-0.00210219193311357
8.875	49.5	-0.00210173766089469
9.125	49.5	-0.00210126600816581
9.375	49.5	-0.00210077611254402
9.625	49.5	-0.00210026675867404
9.875	49.5	-0.00209973615895808
10.125	49.5	-0.00209918159300367
10.375	49.5	-0.00209859881459992
10.625	49.5	-0.00209798107616866
10.875	49.5	-0.0020973175237743
11.125	49.5	-0.00209659055638746
11.375	49.5	-0.00209577148082269
11.625	49.5	-0.00209481336219818
11.875	49.5	-0.00209363925962092
12.125	49.5	-0.00209212286828821
12.375	49.5	-0.00209005666650355
12.625	49.5	-0.00208709950258308
12.875	49.5	-0.00208269035181265
13.125	49.5	-0.00207590641116946
13.375	49.5	-0.00206522961569002
13.625	49.5	-0.00204816250081412
13.875	49.5	-0.00202059626769406
14.125	49.5	-0.00197577138151238
14.375	49.5	-0.00190256845005714
14.625	49.5	-0.00178269915534122
14.875	49.5	-0.00158609284022228
15.125	49.5	-0.00126332922911962
15.375	49.5	-0.000733251560821838
15.625	49.5	0.000137240382889839
15.875	49.5	0.00156596803152684
16.125	49.5	0.00390814131236566
16.375	49.5	0.00773963912008998
16.625	49.5	0.0139851086749235
16.875	49.5	0.0241055134818579
17.125	49.5	0.0403479146198978
17.375	49.5	0.0660141193404005
17.625	49.5	0.105583897852805
17.875	49.5	0.164296747503492
18.125	49.5	0.24655413201457
18.375	49.5	0.352785092122581
18.625	49.5	0.476110186585903
18.875	49.5	0.602470922836522
19.125	49.5	0.716365373087127
19.375	49.5	0.80789615240377
19.625	49.5	0.875051594573637
19.875	49.5	0.921178521997063
20.125	49.5	0.951473440631821
20.375	49.5	0.970797878956445
20.625	49.5	0.982898232686865
20.875	49.5	0.990387917119185
21.125	49.5	0.994990650962218
21.375	49.5	0.997806714731231
21.625	49.5	0.999524889485938
21.875	49.5	1.00057134279903
22.125	49.5	1.00120790212412
22.375	49.5	1.00159474274882
22.625	49.5	1.00182960001391
22.875	49.5	1.00197201618366
23.125	49.5	1.00205823092594
23.375	49.5	1.00211028822634
23.625	49.5	1.00214159227709
23.875	49.5	1.00216029188267
24.125	49.5	1.00217134021428
24.375	49.5	1.00217774768702
24.625	49.5	1.00218134378656
24.875	49.5	1.00218324021267
25.125	49.5	1.0021841124073
25.375	49.5	1.00218437067246
25.625	49.5	1.0021842641741
25.875	49.5	1.00218394415299
26.125	49.5	1.00218350234188
26.375	49.5	1.00218299431381
26.625	49.5	1.00218245367201
26.875	49.5	1.0021819006737
27.125	49.5	1.00218134747107
27.375	49.5	1.00218080129636
27.625	49.5	1.00218026639738
27.875	49.5	1.00217974521371
28.125	49.5	1.00217923909141
28.375	49.5	1.00217874871716
28.625	49.5	1.00217827438201
28.875	49.5	1.00217781614157
29.125	49.5	1.00217737391315
29.375	49.5	1.00217694753475
29.625	49.5	1.00217653680074
29.875	49.5	1.00217614148342
30.125	49.5	1.0021757613461
30.375	49.5	1.00217539615079
30.625	49.5	1.00217504566294
30.875	49.5	1.00217470965407
31.125	49.5	1.00217438790343
31.375	49.5	1.00217408019875
31.625	49.5	1.0021737863368
31.875	49.5	1.00217350612346
32.125	49.5	1.00217323937388
32.375	49.5	1.00217298591232
32.625	49.5	1.00217274557214
32.875	49.5	1.00217251819566
33.125	49.5	1.00217230363398
33.375	49.5	1.00217210174693
33.625	49.5	1.00217191240286
33.875	49.5	1.00217173547855
34.125	49.5	1.00217157085907
34.375	49.5	1.00217141843768
34.625	49.5	1.00217127811571
34.875	49.5	1.00217114980247
35.125	49.5	1.00217103341513
35.375	49.5	1.00217092887869
35.625	49.5	1.00217083612582
35.875	49.5	1.00217075509688
36.125	49.5	1.00217068573981
36.375	49.5	1.00217062801006
36.625	49.5	1.00217058187062
36.875	49.5	1.00217054729188
37.125	49.5	1.00217052425169
37.375	49.5	1.00217051273529
0.125	50.5	-0.00210741316977167
0.375	50.5	-0.0021074014739286
0.625	50.5	-0.00210737807576158
0.875	50.5	-0.00210734296230338
1.125	50.5	-0.00210729611408932
1.375	50.5	-0.00210723750514091
1.625	50.5	-0.00210716710294373
1.875	50.5	-0.00210708486841983
2.125	50.5	-0.00210699075589453
2.375	50.5	-0.00210688471305745
2.625	50.5	-0.00210676668091781
2.875	50.5	-0.00210663659375384
3.125	50.5	-0.00210649437905625
3.375	50.5	-0.00210633995746544
3.625	50.5	-0.00210617324270242
3.875	50.5	-0.00210599414149291
4.125	50.5	-0.0021058025534843
4.375	50.5	-0.00210559837115466
4.625	50.5	-0.00210538147971271
4.875	50.5	-0.00210515175698694
5.125	50.5	-0.00210490907330116
5.375	50.5	-0.00210465329133175
5.625	50.5	-0.00210438426593945
5.875	50.5	-0.00210410184396345
6.125	50.5	-0.00210380586395809
6.375	50.5	-0.00210349615583995
6.625	50.5	-0.00210317254039208
6.875	50.5	-0.0021028348285383
7.125	50.5	-0.00210248282024421
7.375	50.5	-0.00210211630280908
7.625	50.5	-0.002101735048161
7.875	50.5	-0.00210133880851736
8.125	50.5	-0.00210092730936125
8.375	50.5	-0.00210050023800701
8.625	50.5	-0.00210005722491383
8.875	50.5	-0.00209959781307224
9.125	50.5	-0.00209912140777097
9.375	50.5	-0.00209862719408539
9.625	50.5	-0.00209811400125808
9.875	50.5	-0.00209758007969571
10.125	50.5	-0.00209702273418041
10.375	50.5	-0.00209643772048543
10.625	50.5	-0.00209581825267308
10.875	50.5	-0.00209515336976731
11.125	50.5	-0.00209442524826888
11.375	50.5	-0.00209360478003929
11.625	50.5	-0.00209264429582654
11.875	50.5	-0.0020914655919223
12.125	50.5	-0.00208994022812792
12.375	50.5	-0.0020878571082866
12.625	50.5	-0.00208486913479979
12.875	50.5	-0.00208040543107239
13.125	50.5	-0.00207352691097197
13.375	50.5	-0.00206268863992461
13.625	50.5	-0.00204534886079656
13.875	50.5	-0.00201732581394345
14.125	50.5	-0.00197173984467195
14.375	50.5	-0.00189727389403828
14.625	50.5	-0.00177531453773895
14.875	50.5	-0.00157525678088074
15.125	50.5	-0.00124680303232866
15.375	50.5	-0.000707358453277919
15.625	50.5	0.000178528157030673
15.875	50.5	0.00163250479911404
16.125	50.5	0.00401596456600843
16.375	50.5	0.0079146568016816
16.625	50.5	0.0142686654246794
16.875	50.5	0.0245622579081945
17.125	50.5	0.0410755242437918
17.375	50.5	0.0671517181287559
17.625	50.5	0.107309736565644
17.875	50.5	0.166795809676088
18.125	50.5	0.24993231182727
18.375	50.5	0.356938155570975
18.625	50.5	0.480643782287226
18.875	50.5	0.606812660614261
19.125	50.5	0.720035722699315
19.375	50.5	0.810693203229637
19.625	50.5	0.877024350425746
19.875	50.5	0.92249742315123
20.125	50.5	0.952324810357745
20.375	50.5	0.971335439822129
20.625	50.5	0.983233160011198
20.875	50.5	0.99059506014092
21.125	50.5	0.995118369354249
21.375	50.5	0.997885503201304
21.625	50.5	0.999573699857013
21.875	50.5	1.00060185034277
22.125	50.5	1.00122726110149
22.375	50.5	1.00160732268179
22.625	50.5	1.00183806406881
22.875	50.5	1.00197798525203
23.125	50.5	1.00206269048792
23.375	50.5	1.0021138368576
23.625	50.5	1.00214459315086
23.875	50.5	1.00216296502818
24.125	50.5	1.00217381865894
24.375	50.5	1.0021801116059
24.625	50.5	1.00218364126825
24.875	50.5	1.00218549988394
25.125	50.5	1.00218635110689
25.375	50.5	1.00218659811439
25.625	50.5	1.00218648578076
25.875	50.5	1.0021861627755
26.125	50.5	1.00218571930414
26.375	50.5	1.00218521004539
26.625	50.5	1.0021846680912
26.875	50.5	1.00218411341877
27.125	50.5	1.00218355803927
27.375	50.5	1.00218300912695
27.625	50.5	1.0021824709207
27.875	50.5	1.00218194587964
28.125	50.5	1.00218143538539
28.375	50.5	1.00218094016869
28.625	50.5	1.00218046056865
28.875	50.5	1.00217999669024
29.125	50.5	1.00217954849987
29.375	50.5	1.00217911588343
29.625	50.5	1.00217869868149
29.875	50.5	1.00217829671062
30.125	50.5	1.00217790977626
30.375	50.5	1.00217753768048
30.625	50.5	1.00217718022665
30.875	50.5	1.00217683722222
31.125	50.5	1.00217650848031
31.375	50.5	1.00217619382067
31.625	50.5	1.00217589307018
31.875	50.5	1.00217560606312
32.125	50.5	1.00217533264128
32.375	50.5	1.00217507265398
32.625	50.5	1.00217482595804
32.875	50.5	1.00217459241773
33.125	50.5	1.0021743719047
33.375	50.5	1.00217416429787
33.625	50.5	1.0021739694834
33.875	50.5	1.00217378735458
34.125	50.5	1.00217361781173
34.375	50.5	1.00217346076217
34.625	50.5	1.00217331612013
34.875	50.5	1.00217318380668
35.125	50.5	1.00217306374968
35.375	50.5	1.00217295588372
35.625	50.5	1.00217286015007
35.875	50.5	1.00217277649663
36.125	50.5	1.00217270487792
36.375	50.5	1.00217264525501
36.625	50.5	1.00217259759549
36.875	50.5	1.00217256187348
37.125	50.5	1.00217253806957
37.375	50.5	1.00217252617085
0.125	51.5	-0.00210562815289468
0.375	51.5	-0.002105616194376
0.625	51.5	-0.00210559227186489
0.875	51.5	-0.00210555637441116
1.125	51.5	-0.00210550848558273
1.375	51.5	-0.00210544858345757
1.625	51.5	-0.00210537664061291
1.875	51.5	-0.00210529262411172
2.125	51.5	-0.00210519649548645
2.375	51.5	-0.00210508821071997
2.625	51.5	-0.00210496772022377
2.875	51.5	-0.00210483496881324
3.125	51.5	-0.0021046898956801
3.375	51.5	-0.00210453243436173
3.625	51.5	-0.00210436251270736
3.875	51.5	-0.00210418005284083
4.125	51.5	-0.00210398497111942
4.375	51.5	-0.00210377717808831
4.625	51.5	-0.00210355657842946
4.875	51.5	-0.00210332307090326
5.125	51.5	-0.00210307654828032
5.375	51.5	-0.00210281689725871
5.625	51.5	-0.00210254399835944
5.875	51.5	-0.00210225772578802
6.125	51.5	-0.00210195794724219
6.375	51.5	-0.0021016445236332
6.625	51.5	-0.00210131730866682
6.875	51.5	-0.00210097614819574
7.125	51.5	-0.00210062087919788
7.375	51.5	-0.00210025132814139
7.625	51.5	-0.00209986730834252
7.875	51.5	-0.00209946861566873
8.125	51.5	-0.00209905502152096
8.375	51.5	-0.00209862626134108
8.625	51.5	-0.00209818201575839
8.875	51.5	-0.00209772187962571
9.125	51.5	-0.00209724531112994
9.375	51.5	-0.00209675154811698
9.625	51.5	-0.0020962394704691
9.875	51.5	-0.00209570737371244
10.125	51.5	-0.00209515259655297
10.375	51.5	-0.00209457090804946
10.625	51.5	-0.00209395549926374
10.875	51.5	-0.00209329532406878
11.125	51.5	-0.00209257236897988
11.375	51.5	-0.00209175716066924
11.625	51.5	-0.00209080137355517
11.875	51.5	-0.00208962566552782
12.125	51.5	-0.00208809966156246
12.375	51.5	-0.00208600901678697
12.625	51.5	-0.00208300121929093
12.875	51.5	-0.00207849641085907
13.125	51.5	-0.00207154064974542
13.375	51.5	-0.00206056447623577
13.625	51.5	-0.00204298569406894
13.875	51.5	-0.00201455591927899
14.125	51.5	-0.00196828579899963
14.375	51.5	-0.00189267774866283
14.625	51.5	-0.00176882142566168
14.875	51.5	-0.00156562383258235
15.125	51.5	-0.00123198617060376
15.375	51.5	-0.000684000372488833
15.625	51.5	0.000215931382041957
15.875	51.5	0.00169295034580059
16.125	51.5	0.00411409236184951
16.375	51.5	0.00807410970696993
16.625	51.5	0.0145271535101475
16.875	51.5	0.0249786943389127
17.125	51.5	0.0417387869840651
17.375	51.5	0.0681880659020458
17.625	51.5	0.108880151925115
17.875	51.5	0.169065601456198
18.125	51.5	0.252992237331587
18.375	51.5	0.360686338777284
18.625	51.5	0.484717852076383
18.875	51.5	0.61069714908148
19.125	51.5	0.723306711012194
19.375	51.5	0.813178266473021
19.625	51.5	0.878773170605136
19.875	51.5	0.923664806373483
20.125	51.5	0.953077557958285
20.375	51.5	0.97181034126768
20.625	51.5	0.983528833712109
20.875	51.5	0.990777783601864
21.125	51.5	0.995230919707964
21.375	51.5	0.997954838252403
21.625	51.5	0.999616567040628
21.875	51.5	1.0006285644884
22.125	51.5	1.0012441418148
22.375	51.5	1.00161822920924
22.625	51.5	1.00184534825284
22.875	51.5	1.0019830782523
23.125	51.5	1.00206646220696
23.375	51.5	1.00211681545961
23.625	51.5	1.00214709888688
23.875	51.5	1.00216519172888
24.125	51.5	1.00217588332549
24.375	51.5	1.00218208457436
24.625	51.5	1.00218556455209
24.875	51.5	1.00218739832542
25.125	51.5	1.00218823915496
25.375	51.5	1.00218848394345
25.625	51.5	1.00218837379261
25.875	51.5	1.00218805511838
26.125	51.5	1.00218761679428
26.375	51.5	1.00218711272539
26.625	51.5	1.00218657556776
26.875	51.5	1.00218602506621
27.125	51.5	1.00218547312174
27.375	51.5	1.00218492687107
27.625	51.5	1.0021843905583
27.875	51.5	1.00218386667231
28.125	51.5	1.002183356638
28.375	51.5	1.00218286123639
28.625	51.5	1.00218238085985
28.875	51.5	1.00218191566725
29.125	51.5	1.00218146567814
29.375	51.5	1.00218103083006
29.625	51.5	1.00218061101324
29.875	51.5	1.00218020609176
30.125	51.5	1.00217981591628
30.375	51.5	1.00217944033186
30.625	51.5	1.00217907918259
30.875	51.5	1.00217873231446
31.125	51.5	1.00217839957702
31.375	51.5	1.0021780808244
31.625	51.5	1.00217777591592
31.875	51.5	1.00217748471639
32.125	51.5	1.00217720709632
32.375	51.5	1.00217694293202
32.625	51.5	1.00217669210563
32.875	51.5	1.00217645450513
33.125	51.5	1.00217623002433
33.375	51.5	1.00217601856283
33.625	51.5	1.00217582002603
33.875	51.5	1.00217563432508
34.125	51.5	1.00217546137682
34.375	51.5	1.00217530110381
34.625	51.5	1.00217515343426
34.875	51.5	1.00217501830199
35.125	51.5	1.00217489564646
35.375	51.5	1.00217478541268
35.625	51.5	1.00217468755124
35.875	51.5	1.00217460201826
36.125	51.5	1.00217452877539
36.375	51.5	1.00217446778979
36.625	51.5	1.0021744190341
36.875	51.5	1.00217438248646
37.125	51.5	1.00217435813047
37.375	51.5	1.00217434595521
0.125	52.5	-0.00210403805231692
0.375	52.5	-0.00210402592013356
0.625	52.5	-0.00210400165134397
0.875	52.5	-0.00210396523710246
1.125	52.5	-0.00210391666414084
1.375	52.5	-0.00210385591476883
1.625	52.5	-0.00210378296687464
1.875	52.5	-0.00210369779392578
2.125	52.5	-0.00210360036496991
2.375	52.5	-0.00210349064463607
2.625	52.5	-0.00210336859313595
2.875	52.5	-0.00210323416626547
3.125	52.5	-0.00210308731540651
3.375	52.5	-0.0021029279875288
3.625	52.5	-0.00210275612519192
3.875	52.5	-0.00210257166654707
4.125	52.5	-0.00210237454533853
4.375	52.5	-0.00210216469090411
4.625	52.5	-0.00210194202817355
4.875	52.5	-0.00210170647766357
5.125	52.5	-0.00210145795546655
5.375	52.5	-0.00210119637322874
5.625	52.5	-0.00210092163811033
5.875	52.5	-0.0021006336527156
6.125	52.5	-0.00210033231497284
6.375	52.5	-0.00210001751793126
6.625	52.5	-0.00209968914942046
6.875	52.5	-0.00209934709148308
7.125	52.5	-0.00209899121943317
7.375	52.5	-0.0020986214002981
7.625	52.5	-0.00209823749024468
7.875	52.5	-0.00209783933033301
8.125	52.5	-0.00209742673951713
8.375	52.5	-0.00209699950311407
8.625	52.5	-0.00209655735381451
8.875	52.5	-0.00209609994041889
9.125	52.5	-0.00209562677637372
9.375	52.5	-0.0020951371550664
9.625	52.5	-0.00209463001041812
9.875	52.5	-0.00209410368746059
10.125	52.5	-0.00209355556478533
10.375	52.5	-0.00209298143324172
10.625	52.5	-0.00209237447353113
10.875	52.5	-0.00209172357376859
11.125	52.5	-0.00209101056093805
11.375	52.5	-0.00209020564512727
11.625	52.5	-0.00208925992284888
11.875	52.5	-0.00208809304104028
12.125	52.5	-0.00208657289793561
12.375	52.5	-0.00208448224070091
12.625	52.5	-0.00208146370217965
12.875	52.5	-0.00207692936087901
13.125	52.5	-0.00206991192906871
13.375	52.5	-0.00205881990464094
13.625	52.5	-0.00204103473639809
13.875	52.5	-0.00201224813544379
14.125	52.5	-0.00196537210559377
14.375	52.5	-0.00188874672206487
14.625	52.5	-0.00176319463101133
14.875	52.5	-0.00155718399214871
15.125	52.5	-0.00121889553681754
15.375	52.5	-0.000663240383688737
15.625	52.5	0.000249309245284343
15.875	52.5	0.00174703470681759
16.125	52.5	0.00420204264437467
16.375	52.5	0.00821717177345051
16.625	52.5	0.0147591979742431
16.875	52.5	0.0253525934500712
17.125	52.5	0.0423341961005243
17.375	52.5	0.0691178722678728
17.625	52.5	0.110287652017237
17.875	52.5	0.171096520766496
18.125	52.5	0.25572343266959
18.375	52.5	0.364020955683123
18.625	52.5	0.48832847579652
18.875	52.5	0.614126250166237
19.125	52.5	0.726184224447849
19.375	52.5	0.815358454688377
19.625	52.5	0.880304423530221
19.875	52.5	0.924685555886808
20.125	52.5	0.953735114262874
20.375	52.5	0.972224876120777
20.625	52.5	0.98378674672235
20.875	52.5	0.990937050136506
21.125	52.5	0.995328924411604
21.375	52.5	0.998015127821297
21.625	52.5	0.999653764930256
21.875	52.5	1.00065167546929
22.125	52.5	1.00125868205115
22.375	52.5	1.00162756689244
22.625	52.5	1.00185153570644
22.875	52.5	1.00198736415563
23.125	52.5	1.00206960535178
23.375	52.5	1.00211927636587
23.625	52.5	1.00214915661418
23.875	52.5	1.00216701500786
24.125	52.5	1.00217757384338
24.375	52.5	1.00218370330394
24.625	52.5	1.00218714776195
24.875	52.5	1.00218896731319
25.125	52.5	1.0021898061632
25.375	52.5	1.00219005575429
25.625	52.5	1.00218995391109
25.875	52.5	1.00218964509785
26.125	52.5	1.00218921704019
26.375	52.5	1.00218872298213
26.625	52.5	1.00218819521281
26.875	52.5	1.00218765328727
27.125	52.5	1.00218710902275
27.375	52.5	1.00218656953511
27.625	52.5	1.00218603908434
27.875	52.5	1.00218552019609
28.125	52.5	1.00218501434339
28.375	52.5	1.00218452236096
28.625	52.5	1.00218404469703
28.875	52.5	1.0021835815664
29.125	52.5	1.00218313304353
29.375	52.5	1.00218269911907
29.625	52.5	1.00218227973432
29.875	52.5	1.00218187480208
30.125	52.5	1.00218148421947
30.375	52.5	1.00218110787561
30.625	52.5	1.0021807456564
30.875	52.5	1.00218039744739
31.125	52.5	1.00218006313554
31.375	52.5	1.00217974261031
31.625	52.5	1.00217943576435
31.875	52.5	1.00217914249386
32.125	52.5	1.00217886269892
32.375	52.5	1.00217859628361
32.625	52.5	1.00217834315614
32.875	52.5	1.00217810322892
33.125	52.5	1.00217787641861
33.375	52.5	1.00217766264613
33.625	52.5	1.00217746183673
33.875	52.5	1.00217727391998
34.125	52.5	1.00217709882982
34.375	52.5	1.00217693650451
34.625	52.5	1.00217678688671
34.875	52.5	1.00217664992344
35.125	52.5	1.00217652556614
35.375	52.5	1.00217641377062
35.625	52.5	1.00217631449709
35.875	52.5	1.00217622771018
36.125	52.5	1.00217615337893
36.375	52.5	1.00217609147679
36.625	52.5	1.00217604198164
36.875	52.5	1.00217600487577
37.125	52.5	1.0021759801459
37.375	52.5	1.00217596778318
0.125	53.5	-0.00210264547210258
0.375	53.5	-0.00210263323770867
0.625	53.5	-0.00210260876554557
0.875	53.5	-0.00210257204886555
1.125	53.5	-0.00210252307755428
1.375	53.5	-0.00210246183813951
1.625	53.5	-0.00210238831380284
1.875	53.5	-0.00210230248439438
2.125	53.5	-0.00210220432645051
2.375	53.5	-0.00210209381321463
2.625	53.5	-0.00210197091466123
2.875	53.5	-0.00210183559752294
3.125	53.5	-0.002101687825321
3.375	53.5	-0.0021015275583989
3.625	53.5	-0.00210135475395923
3.875	53.5	-0.00210116936610377
4.125	53.5	-0.00210097134587638
4.375	53.5	-0.00210076064130836
4.625	53.5	-0.00210053719746539
4.875	53.5	-0.00210030095649449
5.125	53.5	-0.00210005185766852
5.375	53.5	-0.00209978983742374
5.625	53.5	-0.00209951482938321
5.875	53.5	-0.0020992267643539
6.125	53.5	-0.00209892557027733
6.375	53.5	-0.00209861117210065
6.625	53.5	-0.00209828349151315
6.875	53.5	-0.00209794244645805
7.125	53.5	-0.0020975879502704
7.375	53.5	-0.00209721991019607
7.625	53.5	-0.00209683822488798
7.875	53.5	-0.00209644278021499
8.125	53.5	-0.00209603344228976
8.375	53.5	-0.00209561004591524
8.625	53.5	-0.00209517237548745
8.875	53.5	-0.00209472013347929
9.125	53.5	-0.00209425288848285
9.375	53.5	-0.00209376998960846
9.625	53.5	-0.00209327042551595
9.875	53.5	-0.00209275259232965
10.125	53.5	-0.0020922139116109
10.375	53.5	-0.00209165020158719
10.625	53.5	-0.00209105464234866
10.875	53.5	-0.00209041607289598
11.125	53.5	-0.00208971618872025
11.375	53.5	-0.00208892493016906
11.625	53.5	-0.0020879928937009
11.875	53.5	-0.00208683884424562
12.125	53.5	-0.00208532916640027
12.375	53.5	-0.00208324405105906
12.625	53.5	-0.00208022185568144
12.875	53.5	-0.00207566755098188
13.125	53.5	-0.00206860207702965
13.375	53.5	-0.00205741448077378
13.625	53.5	-0.00203945412234528
13.875	53.5	-0.00201035983009882
14.125	53.5	-0.00196295652061939
14.375	53.5	-0.00188544094145009
14.625	53.5	-0.00175839999623462
14.875	53.5	-0.00154991439812637
15.125	53.5	-0.001207528810897
15.375	53.5	-0.000645111935411965
15.625	53.5	0.000278567591671416
15.875	53.5	0.00179456246169906
16.125	53.5	0.0042794534212862
16.375	53.5	0.00834321093856239
16.625	53.5	0.0149637369389231
16.875	53.5	0.0256822280488473
17.125	53.5	0.0428590400016183
17.375	53.5	0.0699370781625087
17.625	53.5	0.111526582381887
17.875	53.5	0.172881549484279
18.125	53.5	0.258118737408436
18.375	53.5	0.366937041814293
18.625	53.5	0.491475231551651
18.875	53.5	0.617104504912695
19.125	53.5	0.728675829485601
19.375	53.5	0.817241772922893
19.625	53.5	0.881624897982927
19.875	53.5	0.925564739430392
20.125	53.5	0.954300987503086
20.375	53.5	0.972581370206858
20.625	53.5	0.984008407054064
20.875	53.5	0.991073830304304
21.125	53.5	0.995413010878544
21.375	53.5	0.99806678364016
21.625	53.5	0.999685570649574
21.875	53.5	1.00067137645821
22.125	53.5	1.00127102236692
22.375	53.5	1.00163544294985
22.625	53.5	1.00185671214574
22.875	53.5	1.00199091444518
23.125	53.5	1.00207218165031
23.375	53.5	1.0021212743234
23.625	53.5	1.00215081583441
23.875	53.5	1.0021684802233
24.125	53.5	1.00217893214198
24.375	53.5	1.00218500677272
24.625	53.5	1.00218842725611
24.875	53.5	1.00219024082679
25.125	53.5	1.00219108391668
25.375	53.5	1.00219134328564
25.625	53.5	1.00219125395316
25.875	53.5	1.00219095871775
26.125	53.5	1.00219054433015
26.375	53.5	1.00219006347769
26.625	53.5	1.00218954814526
26.875	53.5	1.00218901773555
27.125	53.5	1.00218848400412
27.375	53.5	1.00218795405883
27.625	53.5	1.00218743218274
27.875	53.5	1.00218692094217
28.125	53.5	1.00218642186013
28.375	53.5	1.00218593582571
28.625	53.5	1.00218546334297
28.875	53.5	1.00218500468226
29.125	53.5	1.00218455997232
29.375	53.5	1.00218412925622
29.625	53.5	1.00218371252555
29.875	53.5	1.00218330974114
30.125	53.5	1.00218292084578
30.375	53.5	1.00218254577202
30.625	53.5	1.00218218444691
30.875	53.5	1.00218183679494
31.125	53.5	1.00218150273994
31.375	53.5	1.00218118220617
31.625	53.5	1.00218087511912
31.875	53.5	1.00218058140598
32.125	53.5	1.00218030099597
32.375	53.5	1.00218003382057
32.625	53.5	1.00217977981374
32.875	53.5	1.00217953891199
33.125	53.5	1.00217931105455
33.375	53.5	1.00217909618341
33.625	53.5	1.00217889424345
33.875	53.5	1.00217870518246
34.125	53.5	1.00217852895124
34.375	53.5	1.00217836550362
34.625	53.5	1.00217821479657
34.875	53.5	1.00217807679015
35.125	53.5	1.00217795144766
35.375	53.5	1.00217783873558
35.625	53.5	1.00217773862369
35.875	53.5	1.00217765108503
36.125	53.5	1.00217757609596
36.375	53.5	1.00217751363618
36.625	53.5	1.00217746368873
36.875	53.5	1.00217742624005
37.125	53.5	1.00217740127993
37.375	53.5	1.00217738880157
0.125	54.5	-0.00210145186103731
0.375	54.5	-0.00210143957839863
0.625	54.5	-0.00210141501074447
0.875	54.5	-0.0021013781533267
1.125	54.5	-0.00210132899903683
1.375	54.5	-0.00210126753842257
1.625	54.5	-0.00210119375970997
1.875	54.5	-0.00210110764883121
2.125	54.5	-0.00210100918945805
2.375	54.5	-0.00210089836304116
2.625	54.5	-0.00210077514885532
2.875	54.5	-0.00210063952405062
3.125	54.5	-0.00210049146370971
3.375	54.5	-0.00210033094091132
3.625	54.5	-0.00210015792679993
3.875	54.5	-0.00209997239066161
4.125	54.5	-0.00209977430000598
4.375	54.5	-0.00209956362065372
4.625	54.5	-0.00209934031682897
4.875	54.5	-0.00209910435125519
5.125	54.5	-0.00209885568525193
5.375	54.5	-0.00209859427882827
5.625	54.5	-0.00209832009076563
5.875	54.5	-0.00209803307867786
6.125	54.5	-0.00209773319902843
6.375	54.5	-0.00209742040707127
6.625	54.5	-0.0020970946566601
6.875	54.5	-0.00209675589983491
7.125	54.5	-0.00209640408603552
7.375	54.5	-0.00209603916069441
7.625	54.5	-0.00209566106280118
7.875	54.5	-0.00209526972076719
8.125	54.5	-0.00209486504548537
8.375	54.5	-0.00209444691876639
8.625	54.5	-0.00209401517415778
8.875	54.5	-0.00209356956521999
9.125	54.5	-0.00209310971315272
9.375	54.5	-0.00209263502043163
9.625	54.5	-0.00209214452850305
9.875	54.5	-0.00209163668341314
10.125	54.5	-0.0020911089499282
10.375	54.5	-0.00209055717632914
10.625	54.5	-0.00208997454891912
10.875	54.5	-0.00208934987137671
11.125	54.5	-0.00208866473310771
11.375	54.5	-0.00208788884939884
11.625	54.5	-0.00208697239321466
11.875	54.5	-0.00208583337668034
12.125	54.5	-0.00208433688678078
12.375	54.5	-0.00208226091724815
12.625	54.5	-0.0020792401449598
12.875	54.5	-0.0020746734157506
13.125	54.5	-0.00206757151935709
13.375	54.5	-0.00205630672539436
13.625	54.5	-0.00203820070986259
13.875	54.5	-0.00200884667112724
14.125	54.5	-0.00196099437687404
14.375	54.5	-0.00188271689069113
14.625	54.5	-0.00175439768160547
14.875	54.5	-0.00154378311889043
15.125	54.5	-0.00119786899468268
15.375	54.5	-0.000629624543556873
15.625	54.5	0.000303651429284162
15.875	54.5	0.00183540234043218
16.125	54.5	0.00434606767160899
16.375	54.5	0.00845176637287463
16.625	54.5	0.0151399862257887
16.875	54.5	0.0259663168820145
17.125	54.5	0.0433113116614431
17.375	54.5	0.0706427087038677
17.625	54.5	0.112592887619498
17.875	54.5	0.174415875193531
18.125	54.5	0.260173736818018
18.375	54.5	0.369432575562269
18.625	54.5	0.494160275516217
18.875	54.5	0.619638220062603
19.125	54.5	0.730790004079658
19.375	54.5	0.818836548952215
19.625	54.5	0.882741414073381
19.875	54.5	0.926307354884991
20.125	54.5	0.954778602261363
20.375	54.5	0.972882081019368
20.625	54.5	0.98419527409792
20.875	54.5	0.991189062278788
21.125	54.5	0.99548378568053
21.375	54.5	0.998110204269173
21.625	54.5	0.999712253072885
21.875	54.5	1.00068785548484
22.125	54.5	1.00128130012369
22.375	54.5	1.00164196262951
22.625	54.5	1.00186096209326
22.875	54.5	1.00199379991186
23.125	54.5	1.0020742524703
23.375	54.5	1.00212286394677
23.625	54.5	1.00215212607974
23.875	54.5	1.0021696328861
24.125	54.5	1.00218000039964
24.375	54.5	1.00218603428697
24.625	54.5	1.00218943978874
24.875	54.5	1.00219125330115
25.125	54.5	1.00219210470933
25.375	54.5	1.0021923768338
25.625	54.5	1.00219230233817
25.875	54.5	1.00219202262589
26.125	54.5	1.00219162363505
26.375	54.5	1.00219115759274
26.625	54.5	1.00219065623622
26.875	54.5	1.00219013884826
27.125	54.5	1.00218961714064
27.375	54.5	1.0021890982223
27.625	54.5	1.00218858640333
27.875	54.5	1.00218808429149
28.125	54.5	1.00218759345877
28.375	54.5	1.00218711484665
28.625	54.5	1.00218664901247
28.875	54.5	1.00218619627937
29.125	54.5	1.00218575682747
29.375	54.5	1.00218533074943
29.625	54.5	1.00218491808433
29.875	54.5	1.00218451883834
30.125	54.5	1.0021841329974
30.375	54.5	1.00218376053502
30.625	54.5	1.0021834014171
30.875	54.5	1.00218305560493
31.125	54.5	1.00218272305713
31.375	54.5	1.00218240373086
31.625	54.5	1.00218209758263
31.875	54.5	1.0021818045689
32.125	54.5	1.00218152464644
32.375	54.5	1.00218125777268
32.625	54.5	1.00218100390588
32.875	54.5	1.00218076300539
33.125	54.5	1.00218053503179
33.375	54.5	1.00218031994701
33.625	54.5	1.00218011771451
33.875	54.5	1.00217992829933
34.125	54.5	1.00217975166825
34.375	54.5	1.00217958778986
34.625	54.5	1.00217943663465
34.875	54.5	1.00217929817507
35.125	54.5	1.00217917238565
35.375	54.5	1.00217905924301
35.625	54.5	1.00217895872596
35.875	54.5	1.00217887081554
36.125	54.5	1.00217879549505
36.375	54.5	1.00217873275011
36.625	54.5	1.00217868256867
36.875	54.5	1.00217864494108
37.125	54.5	1.00217861986006
37.375	54.5	1.00217860732077
0.125	55.5	-0.00210045780452873
0.375	55.5	-0.00210044551095221
0.625	55.5	-0.00210042092232873
0.875	55.5	-0.00210038403572521
1.125	55.5	-0.00210033484676155
1.375	55.5	-0.00210027334963424
1.625	55.5	-0.00210019953714778
1.875	55.5	-0.00210011340075428
2.125	55.5	-0.00210001493060101
2.375	55.5	-0.00209990411558637
2.625	55.5	-0.00209978094342411
2.875	55.5	-0.00209964540071609
3.125	55.5	-0.00209949747303371
3.375	55.5	-0.00209933714500818
3.625	55.5	-0.00209916440042961
3.875	55.5	-0.00209897922235503
4.125	55.5	-0.00209878159322537
4.375	55.5	-0.00209857149499077
4.625	55.5	-0.00209834890924389
4.875	55.5	-0.00209811381735959
5.125	55.5	-0.00209786620063868
5.375	55.5	-0.00209760604045149
5.625	55.5	-0.00209733331837412
5.875	55.5	-0.00209704801630505
6.125	55.5	-0.0020967501165422
6.375	55.5	-0.00209643960178655
6.625	55.5	-0.00209611645501697
6.875	55.5	-0.0020957806591443
7.125	55.5	-0.00209543219629329
7.375	55.5	-0.00209507104646285
7.625	55.5	-0.00209469718515333
7.875	55.5	-0.00209431057928397
8.125	55.5	-0.00209391118028592
8.375	55.5	-0.00209349891253646
8.625	55.5	-0.00209307365411512
8.875	55.5	-0.00209263520491312
9.125	55.5	-0.00209218323391913
9.375	55.5	-0.00209171719222544
9.625	55.5	-0.00209123616961155
9.875	55.5	-0.00209073865826739
10.125	55.5	-0.00209022216369569
10.375	55.5	-0.00208968256412572
10.625	55.5	-0.00208911305607646
10.875	55.5	-0.00208850241889718
11.125	55.5	-0.00208783215864534
11.375	55.5	-0.00208707180786432
11.625	55.5	-0.00208617119083223
11.875	55.5	-0.00208504769542551
12.125	55.5	-0.0020835653283213
12.375	55.5	-0.00208150024975714
12.625	55.5	-0.00207848406088986
12.875	55.5	-0.00207391048480501
13.125	55.5	-0.00206678181715345
13.375	55.5	-0.00205545628322705
13.625	55.5	-0.00203723238004154
13.875	55.5	-0.00200766509708805
14.125	55.5	-0.00195944127109537
14.375	55.5	-0.00188053038749444
14.625	55.5	-0.00175114554943763
14.875	55.5	-0.00153875313384577
15.125	55.5	-0.00118988929993128
15.375	55.5	-0.000616770093503346
15.625	55.5	0.000324536380544826
15.875	55.5	0.00186947506009447
16.125	55.5	0.00440171532081397
16.375	55.5	0.00854252090737328
16.625	55.5	0.0152873962071783
16.875	55.5	0.0262039561177007
17.125	55.5	0.0436895990382836
17.375	55.5	0.0712326981044925
17.625	55.5	0.113483834997318
17.875	55.5	0.175696467776768
18.125	55.5	0.261886150470795
18.375	55.5	0.37150767941959
18.625	55.5	0.496387437956363
18.875	55.5	0.62173460324785
19.125	55.5	0.732535430455198
19.375	55.5	0.820150919614016
19.625	55.5	0.883660477298668
19.875	55.5	0.926918106918456
20.125	55.5	0.955171158209094
20.375	55.5	0.973129109037384
20.625	55.5	0.984348702870163
20.875	55.5	0.991283616490903
21.125	55.5	0.995541811762623
21.375	55.5	0.998145760051617
21.625	55.5	0.999734062554413
21.875	55.5	1.00070128812399
22.125	55.5	1.00128964402557
22.375	55.5	1.00164722491741
22.625	55.5	1.00186436534231
22.875	55.5	1.00199608762031
23.125	55.5	1.00207587613013
23.375	55.5	1.00212409727657
23.625	55.5	1.00215313465818
23.875	55.5	1.0021705165536
24.125	55.5	1.00218081906074
24.375	55.5	1.00218682360485
24.625	55.5	1.00219022072866
24.875	55.5	1.00219203793198
25.125	55.5	1.0021928997295
25.375	55.5	1.00219318571333
25.625	55.5	1.00219312661932
25.875	55.5	1.00219286271239
26.125	55.5	1.00219247927029
26.375	55.5	1.00219202814898
26.625	55.5	1.00219154088903
26.875	55.5	1.0021910366811
27.125	55.5	1.00219052720717
27.375	55.5	1.00219001958296
27.625	55.5	1.00218951814635
27.875	55.5	1.0021890255445
28.125	55.5	1.00218854339477
28.375	55.5	1.00218807268652
28.625	55.5	1.00218761402551
28.875	55.5	1.00218716778265
29.125	55.5	1.00218673418447
29.375	55.5	1.00218631336837
29.625	55.5	1.00218590541624
29.875	55.5	1.00218551037511
30.125	55.5	1.00218512826979
30.375	55.5	1.00218475911072
30.625	55.5	1.0021844028988
30.875	55.5	1.00218405962847
31.125	55.5	1.00218372928973
31.375	55.5	1.00218341186936
31.625	55.5	1.00218310735188
31.875	55.5	1.00218281572013
32.125	55.5	1.00218253695575
32.375	55.5	1.00218227103952
32.625	55.5	1.0021820179517
32.875	55.5	1.00218177767222
33.125	55.5	1.00218155018093
33.375	55.5	1.00218133545777
33.625	55.5	1.00218113348296
33.875	55.5	1.00218094423714
34.125	55.5	1.00218076770153
34.375	55.5	1.00218060385802
34.625	55.5	1.00218045268933
34.875	55.5	1.00218031417913
35.125	55.5	1.00218018831207
35.375	55.5	1.00218007507396
35.625	55.5	1.00217997445176
35.875	55.5	1.00217988643374
36.125	55.5	1.00217981100947
36.375	55.5	1.00217974816992
36.625	55.5	1.00217969790751
36.875	55.5	1.00217966021609
37.125	55.5	1.00217963509107
37.375	55.5	1.00217962252933
0.125	56.5	-0.00209966330251048
0.375	56.5	-0.00209965102018787
0.625	56.5	-0.00209962645484784
0.875	56.5	-0.00209958960511048
1.125	56.5	-0.00209954046893047
1.375	56.5	-0.0020994790436265
1.625	56.5	-0.00209940532592074
1.875	56.5	-0.00209931931198834
2.125	56.5	-0.00209922099751706
2.375	56.5	-0.00209911037777722
2.625	56.5	-0.00209898744770213
2.875	56.5	-0.00209885220197923
3.125	56.5	-0.00209870463515193
3.375	56.5	-0.00209854474173259
3.625	56.5	-0.00209837251632665
3.875	56.5	-0.00209818795376793
4.125	56.5	-0.00209799104926529
4.375	56.5	-0.00209778179856011
4.625	56.5	-0.00209756019809424
4.875	56.5	-0.00209732624518693
5.125	56.5	-0.00209707993821846
5.375	56.5	-0.00209682127681627
5.625	56.5	-0.00209655026203654
5.875	56.5	-0.00209626689652894
6.125	56.5	-0.00209597118466439
6.375	56.5	-0.00209566313259219
6.625	56.5	-0.00209534274817057
6.875	56.5	-0.00209501004067833
7.125	56.5	-0.0020946650201553
7.375	56.5	-0.00209430769612039
7.625	56.5	-0.00209393807525335
7.875	56.5	-0.00209355615735869
8.125	56.5	-0.0020931619284898
8.375	56.5	-0.00209275534938619
8.625	56.5	-0.00209233633618395
8.875	56.5	-0.00209190472839646
9.125	56.5	-0.00209146023593194
9.375	56.5	-0.002091002351599
9.625	56.5	-0.00209053020680378
9.875	56.5	-0.00209004233374879
10.125	56.5	-0.00208953627375759
10.375	56.5	-0.00208900793237425
10.625	56.5	-0.00208845051775105
10.875	56.5	-0.00208785279330148
11.125	56.5	-0.00208719620193329
11.375	56.5	-0.00208645013341265
11.625	56.5	-0.00208556413618491
11.875	56.5	-0.00208445510122737
12.125	56.5	-0.00208298617233247
12.375	56.5	-0.00208093204230587
12.625	56.5	-0.00207792184768237
12.875	56.5	-0.00207334520357722
13.125	56.5	-0.00206619759108255
13.375	56.5	-0.00205482596500952
13.625	56.5	-0.00203651021826771
13.875	56.5	-0.0020067746698155
14.125	56.5	-0.00195825563852994
14.375	56.5	-0.00187883946034137
14.625	56.5	-0.00174860247295868
14.875	56.5	-0.00153478628472597
15.125	56.5	-0.0011835580857849
15.375	56.5	-0.000606529326792231
15.625	56.5	0.000341219722818767
15.875	56.5	0.00189674037798611
16.125	56.5	0.00444629382560822
16.375	56.5	0.00861527110048921
16.625	56.5	0.0154056047878341
16.875	56.5	0.026394544712015
17.125	56.5	0.043992966294422
17.375	56.5	0.0717057017906654
17.625	56.5	0.114197722611677
17.875	56.5	0.17672164239439
18.125	56.5	0.263255219028399
18.375	56.5	0.373163844362197
18.625	56.5	0.498161373421632
18.875	56.5	0.623400972937829
19.125	56.5	0.733920363453764
19.375	56.5	0.821192379435864
19.625	56.5	0.88438797788436
19.875	56.5	0.927401214212198
20.125	56.5	0.955481508664255
20.375	56.5	0.97332432161038
20.625	56.5	0.98446989614791
20.875	56.5	0.991358265212954
21.125	56.5	0.995587588765894
21.375	56.5	0.998173780044827
21.625	56.5	0.99975122193652
21.875	56.5	1.00071183103353
22.125	56.5	1.00129616924164
22.375	56.5	1.00165131866648
22.625	56.5	1.00186699373893
22.875	56.5	1.00199783812673
23.125	56.5	1.00207710541887
23.375	56.5	1.00212502151866
23.625	56.5	1.00215388456001
23.875	56.5	1.00217117087
24.125	56.5	1.00218142498843
24.375	56.5	1.0021874091869
24.625	56.5	1.00219080239729
24.875	56.5	1.00219262509391
25.125	56.5	1.00219349755252
25.375	56.5	1.00219379681919
25.625	56.5	1.0021937521116
25.875	56.5	1.0021935028
26.125	56.5	1.00219313364528
26.375	56.5	1.00219269621491
26.625	56.5	1.0021922218986
26.875	56.5	1.00219172981868
27.125	56.5	1.00219123163778
27.375	56.5	1.00219073448103
27.625	56.5	1.00219024271213
27.875	56.5	1.00218975901306
28.125	56.5	1.00218928504053
28.375	56.5	1.00218882182509
28.625	56.5	1.00218837001396
28.875	56.5	1.00218793001882
29.125	56.5	1.00218750210578
29.375	56.5	1.00218708645033
29.625	56.5	1.0021866831708
29.875	56.5	1.00218629234901
30.125	56.5	1.00218591404285
30.375	56.5	1.00218554829417
30.625	56.5	1.00218519513364
30.875	56.5	1.00218485458395
31.125	56.5	1.00218452666178
31.375	56.5	1.00218421137915
31.625	56.5	1.0021839087444
31.875	56.5	1.00218361876285
32.125	56.5	1.00218334143731
32.375	56.5	1.00218307676847
32.625	56.5	1.00218282475529
32.875	56.5	1.00218258539526
33.125	56.5	1.00218235868464
33.375	56.5	1.00218214461873
33.625	56.5	1.00218194319203
33.875	56.5	1.00218175439847
34.125	56.5	1.00218157823156
34.375	56.5	1.00218141468458
34.625	56.5	1.00218126375066
34.875	56.5	1.00218112542301
35.125	56.5	1.00218099969494
35.375	56.5	1.00218088656007
35.625	56.5	1.00218078601235
35.875	56.5	1.00218069804619
36.125	56.5	1.00218062265652
36.375	56.5	1.00218055983888
36.625	56.5	1.00218050958947
36.875	56.5	1.00218047190518
37.125	56.5	1.00218044678365
37.375	56.5	1.00218043422328
0.125	57.5	-0.00209906802149327
0.375	57.5	-0.00209905575968575
0.625	57.5	-0.00209903123598798
0.875	57.5	-0.00209899445024581
1.125	57.5	-0.00209894540225636
1.375	57.5	-0.0020988840918022
1.625	57.5	-0.00209881051869704
1.875	57.5	-0.00209872468284298
2.125	57.5	-0.00209862658429962
2.375	57.5	-0.00209851622336505
2.625	57.5	-0.00209839360066898
2.875	57.5	-0.00209825871727815
3.125	57.5	-0.00209811157481437
3.375	57.5	-0.00209795217558528
3.625	57.5	-0.00209778052272803
3.875	57.5	-0.00209759662036607
4.125	57.5	-0.00209740047377906
4.375	57.5	-0.00209719208958564
4.625	57.5	-0.00209697147593848
4.875	57.5	-0.0020967386427305
5.125	57.5	-0.00209649360180975
5.375	57.5	-0.002096236367199
5.625	57.5	-0.00209596695531286
5.875	57.5	-0.00209568538516025
6.125	57.5	-0.00209539167851213
6.375	57.5	-0.00209508586000056
6.625	57.5	-0.002094767957093
6.875	57.5	-0.0020944379998494
7.125	57.5	-0.00209409602030869
7.375	57.5	-0.00209374205125261
7.625	57.5	-0.00209337612393074
7.875	57.5	-0.00209299826406198
8.125	57.5	-0.00209260848498465
8.375	57.5	-0.00209220677609884
8.625	57.5	-0.00209179308354541
8.875	57.5	-0.00209136727809301
9.125	57.5	-0.00209092910195729
9.375	57.5	-0.00209047808093326
9.625	57.5	-0.00209001337942954
9.875	57.5	-0.00208953356152452
10.125	57.5	-0.00208903619735681
10.375	57.5	-0.00208851721498457
10.625	57.5	-0.00208796983338191
10.875	57.5	-0.00208738280615771
11.125	57.5	-0.00208673753102191
11.375	57.5	-0.00208600329278236
11.625	57.5	-0.00208512943499817
11.875	57.5	-0.0020840324776636
12.125	57.5	-0.00208257491853591
12.375	57.5	-0.00208053034997426
12.625	57.5	-0.00207752605845412
12.875	57.5	-0.00207294857362154
13.125	57.5	-0.0020657882563299
13.375	57.5	-0.00205438359122703
13.625	57.5	-0.00203600048770065
13.875	57.5	-0.0020061402098093
14.125	57.5	-0.00195740110075489
14.375	57.5	-0.0018776069894306
14.625	57.5	-0.00174673140069944
14.875	57.5	-0.00153184697546102
15.125	57.5	-0.00117884354061811
15.375	57.5	-0.000598878072581558
15.625	57.5	0.000353711676694189
15.875	57.5	0.00191718437478146
16.125	57.5	0.0044797489593743
16.375	57.5	0.0086698974706506
16.625	57.5	0.0154943905430077
16.875	57.5	0.0265377100556649
17.125	57.5	0.0442208358529763
17.375	57.5	0.0720609110996959
17.625	57.5	0.114733594680582
17.875	57.5	0.177490639783973
18.125	57.5	0.264281127228708
18.375	57.5	0.374403217172604
18.625	57.5	0.49948679878731
18.875	57.5	0.624644065528446
19.125	57.5	0.734952086215745
19.375	57.5	0.821967396609807
19.625	57.5	0.884928937179703
19.875	57.5	0.927760247733254
20.125	57.5	0.955712059012797
20.375	57.5	0.97346928936713
20.625	57.5	0.984559864465271
20.875	57.5	0.991413657091108
21.125	57.5	0.995621536496078
21.375	57.5	0.99819454098587
21.625	57.5	0.999763918908065
21.875	57.5	1.00071961641996
22.125	57.5	1.00130097319345
22.375	57.5	1.00165431922639
22.625	57.5	1.00186890836029
22.875	57.5	1.00199910302573
23.125	57.5	1.00207798540019
23.375	57.5	1.00212567703616
23.625	57.5	1.00215441259426
23.875	57.5	1.00217162981948
24.125	57.5	1.00218184981621
24.375	57.5	1.00218782063382
24.625	57.5	1.00219121258415
24.875	57.5	1.00219304092702
25.125	57.5	1.00219392279334
25.375	57.5	1.00219423334159
25.625	57.5	1.00219420066513
25.875	57.5	1.00219396347292
26.125	57.5	1.00219360614501
26.375	57.5	1.00219318003754
26.625	57.5	1.002192716431
26.875	57.5	1.00219223439961
27.125	57.5	1.00219174559426
27.375	57.5	1.00219125714946
27.625	57.5	1.00219077345045
27.875	57.5	1.00219029720731
28.125	57.5	1.0021898301081
28.375	57.5	1.00218937321599
28.625	57.5	1.00218892721092
28.875	57.5	1.00218849253668
29.125	57.5	1.00218806949054
29.375	57.5	1.00218765827792
29.625	57.5	1.00218725904584
29.875	57.5	1.00218687190343
30.125	57.5	1.00218649693458
30.375	57.5	1.00218613420583
30.625	57.5	1.00218578377127
30.875	57.5	1.00218544567576
31.125	57.5	1.00218511995696
31.375	57.5	1.00218480664675
31.625	57.5	1.00218450577218
31.875	57.5	1.00218421735625
32.125	57.5	1.00218394141841
32.375	57.5	1.00218367797502
32.625	57.5	1.00218342703975
32.875	57.5	1.00218318862389
33.125	57.5	1.00218296273663
33.375	57.5	1.00218274938531
33.625	57.5	1.00218254857571
33.875	57.5	1.00218236031219
34.125	57.5	1.00218218459797
34.375	57.5	1.00218202143524
34.625	57.5	1.00218187082536
34.875	57.5	1.00218173276903
35.125	57.5	1.0021816072664
35.375	57.5	1.00218149431721
35.625	57.5	1.00218139392092
35.875	57.5	1.00218130607679
36.125	57.5	1.00218123078396
36.375	57.5	1.00218116804158
36.625	57.5	1.0021811178488
36.875	57.5	1.00218108020492
37.125	57.5	1.00218105510934
37.375	57.5	1.00218104256165
0.125	58.5	-0.00209867151012394
0.375	58.5	-0.00209865926789057
0.625	58.5	-0.00209863478376396
0.875	58.5	-0.00209859805843672
1.125	58.5	-0.00209854909297884
1.375	58.5	-0.00209848788887498
1.625	58.5	-0.00209841444807453
1.875	58.5	-0.00209832877305418
2.125	58.5	-0.00209823086689357
2.375	58.5	-0.00209812073336381
2.625	58.5	-0.00209799837702938
2.875	58.5	-0.00209786380336347
3.125	58.5	-0.00209771701887699
3.375	58.5	-0.00209755803126166
3.625	58.5	-0.00209738684954712
3.875	58.5	-0.00209720348427254
4.125	58.5	-0.00209700794767252
4.375	58.5	-0.00209680025387719
4.625	58.5	-0.00209658041912604
4.875	58.5	-0.00209634846199416
5.125	58.5	-0.00209610440362876
5.375	58.5	-0.00209584826799166
5.625	58.5	-0.00209558008210096
5.875	58.5	-0.00209529987625947
6.125	58.5	-0.00209500768424992
6.375	58.5	-0.0020947035434629
6.625	58.5	-0.00209438749490139
6.875	58.5	-0.00209405958296906
7.125	58.5	-0.00209371985488866
7.375	58.5	-0.00209336835949743
7.625	58.5	-0.00209300514500227
7.875	58.5	-0.00209263025500752
8.125	58.5	-0.00209224372168367
8.375	58.5	-0.0020918455542145
8.625	58.5	-0.00209143571945656
8.875	58.5	-0.00209101410976509
9.125	58.5	-0.00209058048968237
9.375	58.5	-0.00209013440782259
9.625	58.5	-0.00208967505146508
9.875	58.5	-0.00208920100684939
10.125	58.5	-0.00208870986427583
10.375	58.5	-0.00208819756780327
10.625	58.5	-0.00208765734464743
10.875	58.5	-0.00208707794293598
11.125	58.5	-0.00208644073131648
11.375	58.5	-0.00208571492568447
11.625	58.5	-0.0020848497340178
11.875	58.5	-0.00208376142988017
12.125	58.5	-0.00208231208099965
12.375	58.5	-0.00208027454634982
12.625	58.5	-0.00207727487855962
12.875	58.5	-0.00207269754860562
13.125	58.5	-0.0020655295001295
13.375	58.5	-0.00205410356392701
13.625	58.5	-0.00203567631443665
13.875	58.5	-0.00200573362412337
14.125	58.5	-0.00195684848259835
14.375	58.5	-0.00187680298676062
14.625	58.5	-0.00174550201964953
14.875	58.5	-0.00152990541366514
15.125	58.5	-0.00117571782108708
15.375	58.5	-0.000593792807240465
15.625	58.5	0.000362027568646819
15.875	58.5	0.00193080793597399
16.125	58.5	0.00450205732127932
16.375	58.5	0.00870633731400262
16.625	58.5	0.0155536298675392
16.875	58.5	0.0266332400111762
17.125	58.5	0.0443728808436075
17.375	58.5	0.0722978850907265
17.625	58.5	0.115090985095228
17.875	58.5	0.178003252398099
18.125	58.5	0.264964497403142
18.375	58.5	0.375227985729294
18.625	58.5	0.500367847983457
18.875	58.5	0.625469458284563
19.125	58.5	0.735636462916332
19.375	58.5	0.822481100496116
19.625	58.5	0.885287302633646
19.875	58.5	0.927998000517317
20.125	58.5	0.955864685102835
20.375	58.5	0.97356523516882
20.625	58.5	0.984619393987634
20.875	58.5	0.991450296661285
21.125	58.5	0.995643981590053
21.375	58.5	0.998208258355608
21.625	58.5	0.99977229978337
21.875	58.5	1.00072474750489
22.125	58.5	1.00130413208195
22.375	58.5	1.00165628564766
22.625	58.5	1.00187015716137
22.875	58.5	1.0019999228954
23.125	58.5	1.00207855156702
23.375	58.5	1.00212609565814
23.625	58.5	1.00215474781671
23.875	58.5	1.00217192025111
24.125	58.5	1.00218211855513
24.375	58.5	1.00218808136591
24.625	58.5	1.00219147329126
24.875	58.5	1.00219330614117
25.125	58.5	1.00219419496664
25.375	58.5	1.00219451367834
25.625	58.5	1.00219448962707
25.875	58.5	1.00219426108562
26.125	58.5	1.00219391218344
26.375	58.5	1.00219349413825
26.625	58.5	1.00219303815959
26.875	58.5	1.0021925632912
27.125	58.5	1.0021920811774
27.375	58.5	1.00219159896017
27.625	58.5	1.00219112104013
27.875	58.5	1.00219065014705
28.125	58.5	1.00219018799079
28.375	58.5	1.00218973565711
28.625	58.5	1.00218929384854
28.875	58.5	1.00218886303104
29.125	58.5	1.00218844352336
29.375	58.5	1.00218803555157
29.625	58.5	1.00218763928241
29.875	58.5	1.00218725484386
30.125	58.5	1.00218688233771
30.375	58.5	1.00218652184751
30.625	58.5	1.00218617344348
30.875	58.5	1.00218583718576
31.125	58.5	1.00218551312647
31.375	58.5	1.00218520131115
31.625	58.5	1.00218490177978
31.875	58.5	1.00218461456751
32.125	58.5	1.00218433970526
32.375	58.5	1.00218407722021
32.625	58.5	1.00218382713615
32.875	58.5	1.00218358947389
33.125	58.5	1.00218336425151
33.375	58.5	1.00218315148471
33.625	58.5	1.00218295118698
33.875	58.5	1.00218276336992
34.125	58.5	1.0021825880434
34.375	58.5	1.00218242521579
34.625	58.5	1.00218227489411
34.875	58.5	1.00218213708423
35.125	58.5	1.00218201179101
35.375	58.5	1.00218189901843
35.625	58.5	1.00218179876973
35.875	58.5	1.0021817110475
36.125	58.5	1.00218163585382
36.375	58.5	1.00218157319029
36.625	58.5	1.00218152305815
36.875	58.5	1.00218148545831
37.125	58.5	1.00218146039141
37.375	58.5	1.00218144785786
0.125	59.5	-0.00209847336922381
0.375	59.5	-0.00209846113857665
0.625	59.5	-0.0020984366778384
0.875	59.5	-0.00209839998813409
1.125	59.5	-0.00209835107118369
1.375	59.5	-0.00209828992934104
1.625	59.5	-0.00209821656564608
1.875	59.5	-0.00209813098389022
2.125	59.5	-0.00209803318869521
2.375	59.5	-0.0020979231856056
2.625	59.5	-0.00209780098119504
2.875	59.5	-0.00209766658318668
3.125	59.5	-0.00209752000058782
3.375	59.5	-0.00209736124383923
3.625	59.5	-0.00209719032497914
3.875	59.5	-0.0020970072578224
4.125	59.5	-0.00209681205815444
4.375	59.5	-0.00209660474394037
4.625	59.5	-0.0020963853355482
4.875	59.5	-0.00209615385598542
5.125	59.5	-0.00209591033114644
5.375	59.5	-0.00209565479006685
5.625	59.5	-0.00209538726517748
5.875	59.5	-0.00209510779254618
6.125	59.5	-0.00209481641208697
6.375	59.5	-0.00209451316770268
6.625	59.5	-0.00209419810730498
6.875	59.5	-0.00209387128261852
7.125	59.5	-0.00209353274861563
7.375	59.5	-0.0020931825623279
7.625	59.5	-0.00209282078061675
7.875	59.5	-0.00209244745621475
8.125	59.5	-0.00209206263090409
8.375	59.5	-0.00209166632396649
8.625	59.5	-0.00209125851283336
8.875	59.5	-0.00209083910088163
9.125	59.5	-0.00209040786405703
9.375	59.5	-0.00208996436263568
9.625	59.5	-0.00208950779559711
9.875	59.5	-0.00208903676053902
10.125	59.5	-0.00208854885813283
10.375	59.5	-0.00208804004074037
10.625	59.5	-0.00208750354001207
10.875	59.5	-0.00208692810165821
11.125	59.5	-0.00208629508012392
11.375	59.5	-0.00208557365717633
11.625	59.5	-0.0020847129733184
11.875	59.5	-0.0020836291791836
12.125	59.5	-0.00208218412770906
12.375	59.5	-0.00208015031128714
12.625	59.5	-0.00207715316553994
12.875	59.5	-0.00207257613169457
13.125	59.5	-0.00206540444381899
13.375	59.5	-0.00205396810389924
13.625	59.5	-0.00203551901550891
13.875	59.5	-0.00200553534945652
14.125	59.5	-0.00195657740866379
14.375	59.5	-0.00187640640756491
14.625	59.5	-0.00174489288114438
14.875	59.5	-0.0015289402131563
15.125	59.5	-0.00117416039650104
15.375	59.5	-0.00059125517508378
15.625	59.5	0.000366181421911592
15.875	59.5	0.00193761728914561
16.125	59.5	0.00451321191953189
16.375	59.5	0.00872456225356233
16.625	59.5	0.015583261553151
16.875	59.5	0.026681026749697
17.125	59.5	0.0444489363676707
17.375	59.5	0.0724164122366112
17.625	59.5	0.115269707650794
17.875	59.5	0.178259520970368
18.125	59.5	0.265305982677211
18.375	59.5	0.375639891451774
18.625	59.5	0.500807566977172
18.875	59.5	0.625881123204485
19.125	59.5	0.735977596359747
19.375	59.5	0.822737044084436
19.625	59.5	0.885465792686713
19.875	59.5	0.928116389442223
20.125	59.5	0.95594067178327
20.375	59.5	0.973612995683032
20.625	59.5	0.984649022319603
20.875	59.5	0.991468528904503
21.125	59.5	0.995655147440888
21.375	59.5	0.998215079605595
21.625	59.5	0.999776464768039
21.875	59.5	1.00072729505915
22.125	59.5	1.00130569821945
22.375	59.5	1.00165725852403
22.625	59.5	1.00187077315182
22.875	59.5	1.00200032570048
23.125	59.5	1.00207882840421
23.375	59.5	1.00212629936025
23.625	59.5	1.00215491030214
23.875	59.5	1.002172060726
24.125	59.5	1.00218224850462
24.375	59.5	1.00218820759
24.625	59.5	1.00219159975091
24.875	59.5	1.00219343508046
25.125	59.5	1.00219432759473
25.375	59.5	1.00219465058374
25.625	59.5	1.0021946310291
25.875	59.5	1.00219440698693
26.125	59.5	1.00219406246241
26.375	59.5	1.00219364860478
26.625	59.5	1.00219319658868
26.875	59.5	1.00219272544308
27.125	59.5	1.00219224680943
27.375	59.5	1.00219176783377
27.625	59.5	1.00219129292474
27.875	59.5	1.00219082482226
28.125	59.5	1.00219036524735
28.375	59.5	1.00218991529731
28.625	59.5	1.00218947568623
28.875	59.5	1.00218904689137
29.125	59.5	1.00218862924244
29.375	59.5	1.00218822297602
29.625	59.5	1.00218782826895
29.875	59.5	1.00218744525877
30.125	59.5	1.00218707405644
30.375	59.5	1.00218671475414
30.625	59.5	1.00218636743035
30.875	59.5	1.00218603215297
31.125	59.5	1.00218570898151
31.375	59.5	1.00218539796847
31.625	59.5	1.00218509916042
31.875	59.5	1.0021848125987
32.125	59.5	1.00218453832011
32.375	59.5	1.0021842763573
32.625	59.5	1.00218402673926
32.875	59.5	1.00218378949164
33.125	59.5	1.00218356463706
33.375	59.5	1.00218335219545
33.625	59.5	1.00218315218429
33.875	59.5	1.00218296461883
34.125	59.5	1.00218278951236
34.375	59.5	1.00218262687637
34.625	59.5	1.00218247672079
34.875	59.5	1.00218233905413
35.125	59.5	1.00218221388363
35.375	59.5	1.00218210121545
35.625	59.5	1.00218200105475
35.875	59.5	1.00218191340585
36.125	59.5	1.00218183827228
36.375	59.5	1.00218177565692
36.625	59.5	1.00218172556207
36.875	59.5	1.00218168798946
37.125	59.5	1.00218166294037
37.375	59.5	1.00218165041562
