$\phi$
x	y	$\phi$
0.125	0.5	-0.00214080753286039
0.375	0.5	-0.00214080777977901
0.625	0.5	-0.00214080827373308
0.875	0.5	-0.002140809014956
1.125	0.5	-0.00214081000379726
1.375	0.5	-0.00214081124072165
1.625	0.5	-0.00214081272630827
1.875	0.5	-0.00214081446124924
2.125	0.5	-0.00214081644634811
2.375	0.5	-0.00214081868251801
2.625	0.5	-0.00214082117077947
2.875	0.5	-0.0021408239122579
3.125	0.5	-0.00214082690818061
3.375	0.5	-0.00214083015987341
3.625	0.5	-0.00214083366875654
3.875	0.5	-0.00214083743633983
4.125	0.5	-0.00214084146421668
4.375	0.5	-0.00214084575405642
4.625	0.5	-0.00214085030759407
4.875	0.5	-0.00214085512661624
5.125	0.5	-0.00214086021294081
5.375	0.5	-0.00214086556838656
5.625	0.5	-0.00214087119472678
5.875	0.5	-0.00214087709361647
6.125	0.5	-0.00214088326647665
6.375	0.5	-0.00214088971430821
6.625	0.5	-0.00214089643739037
6.875	0.5	-0.00214090343478934
7.125	0.5	-0.00214091070355525
7.375	0.5	-0.00214091823740644
7.625	0.5	-0.00214092602457059
7.875	0.5	-0.00214093404423888
8.125	0.5	-0.00214094226073845
8.375	0.5	-0.00214095061395056
8.625	0.5	-0.00214095900355194
8.875	0.5	-0.00214096726309233
9.125	0.5	-0.00214097511734845
9.375	0.5	-0.00214098211215968
9.625	0.5	-0.0021409874989832
9.875	0.5	-0.00214099004494067
10.125	0.5	-0.00214098772026207
10.375	0.5	-0.00214097718398746
10.625	0.5	-0.00214095293770324
10.875	0.5	-0.00214090593303075
11.125	0.5	-0.00214082128026676
11.375	0.5	-0.0021406744779746
11.625	0.5	-0.00214042520881111
11.875	0.5	-0.00214000713062381
12.125	0.5	-0.00213931107784124
12.375	0.5	-0.00213815741970365
12.625	0.5	-0.00213625057661909
12.875	0.5	-0.00213310417918452
13.125	0.5	-0.00212791792368484
13.375	0.5	-0.0021193749548938
13.625	0.5	-0.0021053085056384
13.875	0.5	-0.00208215347710787
14.125	0.5	-0.00204404435230995
14.375	0.5	-0.00198133172768622
14.625	0.5	-0.00187814374238675
14.875	0.5	-0.00170838011128086
15.125	0.5	-0.0014291384314743
15.375	0.5	-0.000969946161119318
15.625	0.5	-0.000215174112097321
15.875	0.5	0.00102454569405543
16.125	0.5	0.00305839429635609
16.375	0.5	0.0063886211911927
16.625	0.5	0.0118243006613504
16.875	0.5	0.0206507789427083
17.125	0.5	0.0348631831495178
17.375	0.5	0.0574392922788864
17.625	0.5	0.0925323765330945
17.875	0.5	0.145264446979556
18.125	0.5	0.220532051614149
18.375	0.5	0.320279342129047
18.625	0.5	0.439924927805312
18.875	0.5	0.567093040176732
19.125	0.5	0.685890014463739
19.375	0.5	0.784317393692089
19.625	0.5	0.858232460805273
19.875	0.5	0.909839865362981
20.125	0.5	0.944105590790603
20.375	0.5	0.96611669686514
20.625	0.5	0.979960421100005
20.875	0.5	0.988552925886904
21.125	0.5	0.993842622610925
21.375	0.5	0.997082708523665
21.625	0.5	0.999061251426742
21.875	0.5	1.00026717333901
22.125	0.5	1.0010013441912
22.375	0.5	1.00144800191304
22.625	0.5	1.00171962855202
22.875	0.5	1.00188477310366
23.125	0.5	1.00198516491911
23.375	0.5	1.00204618987995
23.625	0.5	1.00208328512224
23.875	0.5	1.00210583564378
24.125	0.5	1.00211954619373
24.375	0.5	1.00212788413543
24.625	0.5	1.00213295682562
24.875	0.5	1.00213604500753
25.125	0.5	1.002137927035
25.375	0.5	1.0021390759357
25.625	0.5	1.00213977917968
25.875	0.5	1.00214021146839
26.125	0.5	1.00214047897123
26.375	0.5	1.00214064620931
26.625	0.5	1.00214075239337
26.875	0.5	1.00214082135265
27.125	0.5	1.00214086756891
27.375	0.5	1.00214089984332
27.625	0.5	1.002140923525
27.875	0.5	1.00214094186522
28.125	0.5	1.00214095684043
28.375	0.5	1.00214096965243
28.625	0.5	1.00214098103225
28.875	0.5	1.00214099142494
29.125	0.5	1.00214100110172
29.375	0.5	1.00214101022823
29.625	0.5	1.00214101890598
29.875	0.5	1.00214102719751
30.125	0.5	1.0021410351417
30.375	0.5	1.00214104276303
30.625	0.5	1.00214105007728
30.875	0.5	1.00214105709491
31.125	0.5	1.00214106382313
31.375	0.5	1.00214107026721
31.625	0.5	1.00214107643119
31.875	0.5	1.00214108231835
32.125	0.5	1.00214108793151
32.375	0.5	1.00214109327319
32.625	0.5	1.00214109834566
32.875	0.5	1.00214110315107
33.125	0.5	1.00214110769143
33.375	0.5	1.00214111196864
33.625	0.5	1.00214111598451
33.875	0.5	1.00214111974077
34.125	0.5	1.00214112323903
34.375	0.5	1.00214112648083
34.625	0.5	1.00214112946759
34.875	0.5	1.00214113220065
35.125	0.5	1.00214113468125
35.375	0.5	1.00214113691052
35.625	0.5	1.00214113888947
35.875	0.5	1.00214114061903
36.125	0.5	1.0021411421
36.375	0.5	1.00214114333308
36.625	0.5	1.00214114431884
36.875	0.5	1.00214114505775
37.125	0.5	1.00214114555017
37.375	0.5	1.00214114579631
0.125	1.5	-0.00214080349481257
0.375	1.5	-0.00214080373987105
0.625	1.5	-0.00214080423010904
0.875	1.5	-0.00214080496576839
1.125	1.5	-0.0021408059472113
1.375	1.5	-0.00214080717491962
1.625	1.5	-0.00214080864949385
1.875	1.5	-0.00214081037165205
2.125	1.5	-0.00214081234222828
2.375	1.5	-0.00214081456217095
2.625	1.5	-0.00214081703254071
2.875	1.5	-0.00214081975450815
3.125	1.5	-0.00214082272935101
3.375	1.5	-0.00214082595845099
3.625	1.5	-0.00214082944328991
3.875	1.5	-0.00214083318544512
4.125	1.5	-0.00214083718658378
4.375	1.5	-0.00214084144845548
4.625	1.5	-0.00214084597288239
4.875	1.5	-0.00214085076174547
5.125	1.5	-0.00214085581696455
5.375	1.5	-0.00214086114046837
5.625	1.5	-0.00214086673414862
5.875	1.5	-0.00214087259978761
6.125	1.5	-0.00214087873894307
6.375	1.5	-0.00214088515276258
6.625	1.5	-0.00214089184168252
6.875	1.5	-0.00214089880493737
7.125	1.5	-0.00214090603975728
7.375	1.5	-0.002140913540053
7.625	1.5	-0.00214092129425773
7.875	1.5	-0.00214092928178198
8.125	1.5	-0.00214093746718673
8.375	1.5	-0.00214094579060242
8.625	1.5	-0.00214095415197087
8.875	1.5	-0.00214096238512351
9.125	1.5	-0.00214097021513573
9.375	1.5	-0.0021409771881627
9.625	1.5	-0.00214098255599399
9.875	1.5	-0.00214098508609886
10.125	1.5	-0.00214098274906701
10.375	1.5	-0.00214097220430453
10.625	1.5	-0.00214094795375982
10.875	1.5	-0.00214090094939434
11.125	1.5	-0.0021408163017929
11.375	1.5	-0.00214066950970418
11.625	1.5	-0.00214042025578347
11.875	1.5	-0.00214000219755028
12.125	1.5	-0.00213930616854824
12.375	1.5	-0.00213815253619558
12.625	1.5	-0.00213624571751487
12.875	1.5	-0.00213309933712299
13.125	1.5	-0.00212791308103327
13.375	1.5	-0.00211937007666516
13.625	1.5	-0.00210530352781817
13.875	1.5	-0.00208214828743403
14.125	1.5	-0.00204403875864955
14.375	1.5	-0.00198132540603761
14.625	1.5	-0.00187813615144064
14.875	1.5	-0.00170837035216554
15.125	1.5	-0.00142912501784247
15.375	1.5	-0.000969926643113142
15.625	1.5	-0.000215144463594941
15.875	1.5	0.00102459206782638
16.125	1.5	0.00305846814963095
16.375	1.5	0.00638873994376384
16.625	1.5	0.0118244922291988
16.875	1.5	0.0206510872829249
17.125	1.5	0.0348636754756268
17.375	1.5	0.0574400663522724
17.625	1.5	0.0925335625428342
17.875	1.5	0.145266191456348
18.125	1.5	0.220534464715197
18.375	1.5	0.320282402609961
18.625	1.5	0.439928396888295
18.875	1.5	0.567096496497226
19.125	1.5	0.685893042886272
19.375	1.5	0.784319768285448
19.625	1.5	0.85823417047377
19.875	1.5	0.909841024490272
20.125	1.5	0.944106345963379
20.375	1.5	0.966117176639935
20.625	1.5	0.979960721391363
20.875	1.5	0.988553112403006
21.125	1.5	0.993842738235121
21.375	1.5	0.997082780456355
21.625	1.5	0.999061296628468
21.875	1.5	1.00026720227562
22.125	1.5	1.00100136327871
22.375	1.5	1.0014480150676
22.625	1.5	1.00171963815617
22.875	1.5	1.00188478060266
23.125	1.5	1.00198517118679
23.375	1.5	1.00204619544241
23.625	1.5	1.00208329029423
23.875	1.5	1.00210584061183
24.125	1.5	1.0021195510667
24.375	1.5	1.0021278889753
24.625	1.5	1.00213296166614
24.875	1.5	1.00213604986561
25.125	1.5	1.00213793191757
25.375	1.5	1.0021390808439
25.625	1.5	1.00213978411136
25.875	1.5	1.00214021641965
26.125	1.5	1.00214048393734
26.375	1.5	1.00214065118522
26.625	1.5	1.00214075737405
26.875	1.5	1.00214082633325
27.125	1.5	1.00214087254488
27.375	1.5	1.00214090481047
27.625	1.5	1.00214092847947
27.875	1.5	1.00214094680354
28.125	1.5	1.00214096175948
28.375	1.5	1.00214097454943
28.625	1.5	1.00214098590477
28.875	1.5	1.00214099627084
29.125	1.5	1.00214100591918
29.375	1.5	1.0021410150157
29.625	1.5	1.00214102366217
29.875	1.5	1.00214103192139
30.125	1.5	1.00214103983246
30.375	1.5	1.0021410474201
30.625	1.5	1.00214105470027
30.875	1.5	1.00214106168363
31.125	1.5	1.00214106837758
31.375	1.5	1.00214107478754
31.625	1.5	1.00214108091771
31.875	1.5	1.00214108677154
32.125	1.5	1.00214109235196
32.375	1.5	1.00214109766162
32.625	1.5	1.00214110270292
32.875	1.5	1.00214110747811
33.125	1.5	1.0021411119893
33.375	1.5	1.00214111623849
33.625	1.5	1.00214112022758
33.875	1.5	1.00214112395837
34.125	1.5	1.00214112743255
34.375	1.5	1.00214113065172
34.625	1.5	1.00214113361738
34.875	1.5	1.0021411363309
35.125	1.5	1.00214113879359
35.375	1.5	1.0021411410066
35.625	1.5	1.00214114297102
35.875	1.5	1.00214114468778
36.125	1.5	1.00214114615772
36.375	1.5	1.00214114738157
36.625	1.5	1.00214114835993
36.875	1.5	1.00214114909327
37.125	1.5	1.00214114958197
37.375	1.5	1.00214114982625
0.125	2.5	-0.00214079544827659
0.375	2.5	-0.0021407956895434
0.625	2.5	-0.00214079617220619
0.875	2.5	-0.00214079689652309
1.125	2.5	-0.00214079786288079
1.375	2.5	-0.00214079907179399
1.625	2.5	-0.00214080052390452
1.875	2.5	-0.00214080221998042
2.125	2.5	-0.00214080416091462
2.375	2.5	-0.0021408063477235
2.625	2.5	-0.00214080878154516
2.875	2.5	-0.00214081146363735
3.125	2.5	-0.00214081439537513
3.375	2.5	-0.00214081757824804
3.625	2.5	-0.00214082101385678
3.875	2.5	-0.00214082470390905
4.125	2.5	-0.00214082865021444
4.375	2.5	-0.00214083285467761
4.625	2.5	-0.00214083731928906
4.875	2.5	-0.00214084204611211
5.125	2.5	-0.00214084703726362
5.375	2.5	-0.00214085229488494
5.625	2.5	-0.0021408578210967
5.875	2.5	-0.00214086361792749
6.125	2.5	-0.00214086968719955
6.375	2.5	-0.0021408760303443
6.625	2.5	-0.00214088264810235
6.875	2.5	-0.00214088954003403
7.125	2.5	-0.0021408967037181
7.375	2.5	-0.00214090413343805
7.625	2.5	-0.00214091181802528
7.875	2.5	-0.00214091973731536
8.125	2.5	-0.00214092785632263
8.375	2.5	-0.00214093611566058
8.625	2.5	-0.00214094441578512
8.875	2.5	-0.002140952591074
9.125	2.5	-0.00214096036718195
9.375	2.5	-0.0021409672908766
9.625	2.5	-0.0021409726145922
9.875	2.5	-0.00214097510647191
10.125	2.5	-0.00214097273780231
10.375	2.5	-0.00214096216869775
10.625	2.5	-0.00214093790180539
10.875	2.5	-0.00214089088974021
11.125	2.5	-0.00214080624363472
11.375	2.5	-0.002140659462578
11.625	2.5	-0.00214041022918966
11.875	2.5	-0.00213999220029797
12.125	2.5	-0.00213929620763795
12.375	2.5	-0.00213814261494021
12.625	2.5	-0.0021362358324059
12.875	2.5	-0.00213308947263095
13.125	2.5	-0.00212790320100877
13.375	2.5	-0.00211936011014787
13.625	2.5	-0.00210529334564934
13.875	2.5	-0.0020821376637489
14.125	2.5	-0.00204402730751941
14.375	2.5	-0.00198131247729031
14.625	2.5	-0.0018781206594781
14.875	2.5	-0.0017083504949491
15.125	2.5	-0.00142909781622981
15.375	2.5	-0.000969887187406045
15.625	2.5	-0.000215084685757147
15.875	2.5	0.00102468538266209
16.125	2.5	0.00305861655080322
16.375	2.5	0.00638897833682464
16.625	2.5	0.0118248765518898
16.875	2.5	0.0206517056164669
17.125	2.5	0.0348646625034625
17.375	2.5	0.057441617971537
17.625	2.5	0.0925359396317257
17.875	2.5	0.145269687639482
18.125	2.5	0.220539300727395
18.375	2.5	0.320288535869337
18.625	2.5	0.439935348901065
18.875	2.5	0.567103422897822
19.125	2.5	0.685899111809961
19.375	2.5	0.784324527019519
19.625	2.5	0.858237596802989
19.875	2.5	0.909843347631022
20.125	2.5	0.944107859652457
20.375	2.5	0.966118138479224
20.625	2.5	0.979961323571705
20.875	2.5	0.988553486586928
21.125	2.5	0.9938429703491
21.375	2.5	0.997082925002141
21.625	2.5	0.999061387590033
21.875	2.5	1.00026726062361
22.125	2.5	1.00100140186926
22.375	2.5	1.0014480417481
22.625	2.5	1.00171965770123
22.875	2.5	1.00188479590897
23.125	2.5	1.00198518400617
23.375	2.5	1.0020462068299
23.625	2.5	1.00208330088144
23.875	2.5	1.00210585077345
24.125	2.5	1.00211956102179
24.375	2.5	1.0021278988489
24.625	2.5	1.00213297152676
24.875	2.5	1.00213605974792
25.125	2.5	1.00213794183624
25.375	2.5	1.00213909080195
25.625	2.5	1.00213979410519
25.875	2.5	1.00214022644213
26.125	2.5	1.00214049397959
26.375	2.5	1.00214066123773
26.625	2.5	1.00214076742729
26.875	2.5	1.00214083637806
27.125	2.5	1.00214088257264
27.375	2.5	1.00214091481322
27.625	2.5	1.00214093844996
27.875	2.5	1.00214095673522
28.125	2.5	1.0021409716465
28.375	2.5	1.00214098438661
28.625	2.5	1.00214099568758
28.875	2.5	1.00214100599536
29.125	2.5	1.00214101558205
29.375	2.5	1.00214102461412
29.625	2.5	1.00214103319385
29.875	2.5	1.00214104138452
30.125	2.5	1.00214104922567
30.375	2.5	1.00214105674246
30.625	2.5	1.00214106395124
30.875	2.5	1.00214107086304
31.125	2.5	1.00214107748562
31.375	2.5	1.00214108382471
31.625	2.5	1.00214108988482
31.875	2.5	1.00214109566967
32.125	2.5	1.00214110118248
32.375	2.5	1.00214110642612
32.625	2.5	1.00214111140322
32.875	2.5	1.00214111611626
33.125	2.5	1.00214112056753
33.375	2.5	1.00214112475922
33.625	2.5	1.00214112869339
33.875	2.5	1.002141132372
34.125	2.5	1.00214113579688
34.375	2.5	1.00214113896976
34.625	2.5	1.00214114189225
34.875	2.5	1.00214114456585
35.125	2.5	1.00214114699195
35.375	2.5	1.00214114917179
35.625	2.5	1.00214115110653
35.875	2.5	1.00214115279718
36.125	2.5	1.00214115424464
36.375	2.5	1.00214115544968
36.625	2.5	1.00214115641294
36.875	2.5	1.00214115713493
37.125	2.5	1.00214115761604
37.375	2.5	1.00214115785653
0.125	3.5	-0.0021407834535802
0.375	3.5	-0.00214078368898619
0.625	3.5	-0.00214078415993877
0.875	3.5	-0.002140784866719
1.125	3.5	-0.00214078580974808
1.375	3.5	-0.00214078698958695
1.625	3.5	-0.00214078840693568
1.875	3.5	-0.0021407900626327
2.125	3.5	-0.00214079195765388
2.375	3.5	-0.00214079409311143
2.625	3.5	-0.00214079647025258
2.875	3.5	-0.00214079909045803
3.125	3.5	-0.00214080195524009
3.375	3.5	-0.00214080506624049
3.625	3.5	-0.00214080842522768
3.875	3.5	-0.00214081203409347
4.125	3.5	-0.00214081589484859
4.375	3.5	-0.00214082000961683
4.625	3.5	-0.0021408243806267
4.875	3.5	-0.00214082901019935
5.125	3.5	-0.00214083390073047
5.375	3.5	-0.00214083905466229
5.625	3.5	-0.00214084447443967
5.875	3.5	-0.00214085016244007
6.125	3.5	-0.00214085612086065
6.375	3.5	-0.00214086235153529
6.625	3.5	-0.00214086885563618
6.875	3.5	-0.00214087563318604
7.125	3.5	-0.00214088268225863
7.375	3.5	-0.00214088999766689
7.625	3.5	-0.00214089756880803
7.875	3.5	-0.00214090537612191
8.125	3.5	-0.00214091338526758
8.375	3.5	-0.00214092153754573
8.625	3.5	-0.00214092973414386
8.875	3.5	-0.00214093781021737
9.125	3.5	-0.00214094549224571
9.375	3.5	-0.00214095232786847
9.625	3.5	-0.00214095757043746
9.875	3.5	-0.0021409599890544
10.125	3.5	-0.00214095755599602
10.375	3.5	-0.00214094693238059
10.625	3.5	-0.00214092262184164
10.875	3.5	-0.00214087557790899
11.125	3.5	-0.00214079091246722
11.375	3.5	-0.00214064412504203
11.625	3.5	-0.00214039489812042
11.875	3.5	-0.0021399768874084
12.125	3.5	-0.00213928092183479
12.375	3.5	-0.00213812735949494
12.625	3.5	-0.00213622060023925
12.875	3.5	-0.00213307423849155
13.125	3.5	-0.00212788790854099
13.375	3.5	-0.00211934465055193
13.625	3.5	-0.00210527752251387
13.875	3.5	-0.00208212113514869
14.125	3.5	-0.00204400949074641
14.375	3.5	-0.00198129239220015
14.625	3.5	-0.0018780966710785
14.875	3.5	-0.00170831989081877
15.125	3.5	-0.00142905611376683
15.375	3.5	-0.000969827000741217
15.625	3.5	-0.000214993879286885
15.875	3.5	0.00102482668486402
16.125	3.5	0.00305884075915644
16.375	3.5	0.00638933794906591
16.625	3.5	0.0118254556981972
16.875	3.5	0.0206526367718578
17.125	3.5	0.034866148235521
17.375	3.5	0.0574439529183882
17.625	3.5	0.0925395161694925
17.875	3.5	0.145274947397588
18.125	3.5	0.220546575696741
18.375	3.5	0.32029776197509
18.625	3.5	0.439945806408093
18.875	3.5	0.567113841786803
19.125	3.5	0.685908240910613
19.375	3.5	0.784331685469734
19.625	3.5	0.858242751236574
19.875	3.5	0.909846842826847
20.125	3.5	0.944110137408637
20.375	3.5	0.96611958623165
20.625	3.5	0.979962230370165
20.875	3.5	0.988554050444198
21.125	3.5	0.993843320491442
21.375	3.5	0.997083143394707
21.625	3.5	0.999061525341135
21.875	3.5	1.00026734927122
22.125	3.5	1.0010014607485
22.375	3.5	1.00144808266191
22.625	3.5	1.00171968783186
22.875	3.5	1.00188481961471
23.125	3.5	1.00198520392372
23.375	3.5	1.0020462245482
23.625	3.5	1.00208331735267
23.875	3.5	1.00210586656334
24.125	3.5	1.00211957646201
24.375	3.5	1.00212791412966
24.625	3.5	1.00213298675315
24.875	3.5	1.00213607497407
25.125	3.5	1.00213795708611
25.375	3.5	1.00213910608185
25.625	3.5	1.00213980941144
25.875	3.5	1.00214024176561
26.125	3.5	1.00214050930848
26.375	3.5	1.00214067655916
26.625	3.5	1.00214078272831
26.875	3.5	1.00214085164618
27.125	3.5	1.00214089779613
27.375	3.5	1.00214092998126
27.625	3.5	1.00214095355274
27.875	3.5	1.00214097176392
28.125	3.5	1.0021409865933
28.375	3.5	1.00214099924463
28.625	3.5	1.00214101045086
28.875	3.5	1.00214102065881
29.125	3.5	1.00214103014141
29.375	3.5	1.0021410390659
29.625	3.5	1.00214104753529
29.875	3.5	1.00214105561353
30.125	3.5	1.00214106334083
30.375	3.5	1.00214107074293
30.625	3.5	1.00214107783675
30.875	3.5	1.00214108463385
31.125	3.5	1.00214109114248
31.375	3.5	1.00214109736883
31.625	3.5	1.00214110331785
31.875	3.5	1.00214110899365
32.125	3.5	1.00214111439981
32.375	3.5	1.00214111953958
32.625	3.5	1.00214112441589
32.875	3.5	1.00214112903152
33.125	3.5	1.00214113338905
33.375	3.5	1.00214113749092
33.625	3.5	1.00214114133943
33.875	3.5	1.00214114493674
34.125	3.5	1.00214114828491
34.375	3.5	1.00214115138584
34.625	3.5	1.0021411542413
34.875	3.5	1.00214115685295
35.125	3.5	1.00214115922231
35.375	3.5	1.00214116135075
35.625	3.5	1.00214116323954
35.875	3.5	1.00214116488977
36.125	3.5	1.00214116630244
36.375	3.5	1.00214116747838
36.625	3.5	1.00214116841829
36.875	3.5	1.00214116912273
37.125	3.5	1.00214116959212
37.375	3.5	1.00214116982674
0.125	4.5	-0.00214076760415043
0.375	4.5	-0.00214076783143247
0.625	4.5	-0.00214076828615103
0.875	4.5	-0.00214076896861502
1.125	4.5	-0.00214076987928759
1.375	4.5	-0.00214077101878588
1.625	4.5	-0.00214077238788072
1.875	4.5	-0.00214077398749616
2.125	4.5	-0.00214077581870894
2.375	4.5	-0.00214077788274788
2.625	4.5	-0.00214078018099306
2.875	4.5	-0.00214078271497486
3.125	4.5	-0.00214078548637283
3.375	4.5	-0.00214078849701423
3.625	4.5	-0.00214079174887212
3.875	4.5	-0.00214079524406293
4.125	4.5	-0.00214079898484305
4.375	4.5	-0.00214080297360397
4.625	4.5	-0.00214080721286518
4.875	4.5	-0.00214081170526327
5.125	4.5	-0.00214081645353525
5.375	4.5	-0.00214082146049194
5.625	4.5	-0.00214082672897566
5.875	4.5	-0.00214083226179179
6.125	4.5	-0.00214083806159771
6.375	4.5	-0.00214084413072165
6.625	4.5	-0.00214085047086634
6.875	4.5	-0.00214085708262323
7.125	4.5	-0.00214086396467536
7.375	4.5	-0.00214087111248775
7.625	4.5	-0.00214087851615502
7.875	4.5	-0.00214088615686219
8.125	4.5	-0.0021408940010639
8.375	4.5	-0.00214090199090926
8.625	4.5	-0.0021409100284895
8.875	4.5	-0.00214091794992089
9.125	4.5	-0.00214092548270228
9.375	4.5	-0.00214093217555098
9.625	4.5	-0.00214093728295247
9.875	4.5	-0.0021409395751918
10.125	4.5	-0.00214093702576567
10.375	4.5	-0.00214092629702505
10.625	4.5	-0.00214090189380673
10.875	4.5	-0.00214085477074191
11.125	4.5	-0.00214077004059253
11.375	4.5	-0.00214062320333342
11.625	4.5	-0.002140373941133
11.875	4.5	-0.00213995590804918
12.125	4.5	-0.00213925992910515
12.375	4.5	-0.00213810635470296
12.625	4.5	-0.00213619957069105
12.875	4.5	-0.00213305314703244
13.125	4.5	-0.00212786667626683
13.375	4.5	-0.00211932312828444
13.625	4.5	-0.00210525544379641
13.875	4.5	-0.00208209803885672
14.125	4.5	-0.0020439845937545
14.375	4.5	-0.00198126437999999
14.625	4.5	-0.00187806335371304
14.875	4.5	-0.001708277638023
15.125	4.5	-0.00142899892893743
15.375	4.5	-0.000969745006229714
15.625	4.5	-0.000214870847949944
15.875	4.5	0.00102501732778461
16.125	4.5	0.00305914234559363
16.375	4.5	0.00638982066619993
16.625	4.5	0.0118262320246801
16.875	4.5	0.0206538838234969
17.125	4.5	0.0348681368443511
17.375	4.5	0.0574470770204971
17.625	4.5	0.0925443003843982
17.875	4.5	0.145281982198815
18.125	4.5	0.220556304952078
18.375	4.5	0.320310099958971
18.625	4.5	0.439959790714478
18.875	4.5	0.56712777427998
19.125	4.5	0.685920448744828
19.375	4.5	0.784341258394838
19.625	4.5	0.85824964472792
19.875	4.5	0.909851517908649
20.125	4.5	0.944113184779913
20.375	4.5	0.966121523883315
20.625	4.5	0.979963444740547
20.875	4.5	0.988554806254455
21.125	4.5	0.993843790498878
21.375	4.5	0.99708343717349
21.625	4.5	0.999061711214523
21.875	4.5	1.00026746940079
22.125	4.5	1.00100154098355
22.375	4.5	1.00144813878339
22.625	4.5	1.00171972944425
22.875	4.5	1.00188485254789
23.125	4.5	1.0019852317064
23.375	4.5	1.00204624930856
23.625	4.5	1.00208334036769
23.875	4.5	1.0021058885934
24.125	4.5	1.00211959795443
24.375	4.5	1.0021279353426
24.625	4.5	1.00213300783078
24.875	4.5	1.00213609599233
25.125	4.5	1.00213797808038
25.375	4.5	1.00213912706381
25.625	4.5	1.00213983037922
25.875	4.5	1.00214026270989
26.125	4.5	1.00214053021623
26.375	4.5	1.00214069741577
26.625	4.5	1.00214080351891
26.875	4.5	1.0021408723564
27.125	4.5	1.00214091841247
27.375	4.5	1.00214095049136
27.625	4.5	1.00214097394541
27.875	4.5	1.00214099202922
28.125	4.5	1.00214100672251
28.375	4.5	1.00214101923022
28.625	4.5	1.00214103028641
28.875	4.5	1.00214104033899
29.125	4.5	1.00214104966189
29.375	4.5	1.00214105842333
29.625	4.5	1.0021410667272
29.875	4.5	1.00214107463831
30.125	4.5	1.00214108219765
30.375	4.5	1.0021410894317
30.625	4.5	1.0021410963581
30.875	4.5	1.00214110298904
31.125	4.5	1.00214110933336
31.375	4.5	1.00214111539785
31.625	4.5	1.00214112118797
31.875	4.5	1.00214112670832
32.125	4.5	1.00214113196296
32.375	4.5	1.00214113695553
32.625	4.5	1.0021411416894
32.875	4.5	1.00214114616768
33.125	4.5	1.0021411503933
33.375	4.5	1.00214115436902
33.625	4.5	1.00214115809742
33.875	4.5	1.00214116158095
34.125	4.5	1.00214116482189
34.375	4.5	1.00214116782236
34.625	4.5	1.00214117058436
34.875	4.5	1.00214117310972
35.125	4.5	1.00214117540012
35.375	4.5	1.0021411774571
35.625	4.5	1.00214117928203
35.875	4.5	1.00214118087614
36.125	4.5	1.00214118224053
36.375	4.5	1.00214118337609
36.625	4.5	1.00214118428362
36.875	4.5	1.00214118496373
37.125	4.5	1.00214118541688
37.375	4.5	1.00214118564338
0.125	5.5	-0.00214074802980189
0.375	5.5	-0.00214074824646084
0.625	5.5	-0.00214074867994851
0.875	5.5	-0.00214074933060441
1.125	5.5	-0.00214075019893782
1.375	5.5	-0.00214075128562772
1.625	5.5	-0.00214075259152277
1.875	5.5	-0.00214075411764129
2.125	5.5	-0.00214075586517113
2.375	5.5	-0.00214075783546959
2.625	5.5	-0.00214076003006323
2.875	5.5	-0.00214076245064763
3.125	5.5	-0.00214076509908699
3.375	5.5	-0.00214076797741355
3.625	5.5	-0.00214077108782669
3.875	5.5	-0.0021407744326915
4.125	5.5	-0.0021407780145365
4.375	5.5	-0.00214078183605007
4.625	5.5	-0.00214078590007464
4.875	5.5	-0.00214079020959734
5.125	5.5	-0.00214079476773474
5.375	5.5	-0.00214079957770803
5.625	5.5	-0.00214080464280245
5.875	5.5	-0.00214080996630079
6.125	5.5	-0.00214081555137435
6.375	5.5	-0.00214082140090399
6.625	5.5	-0.00214082751718606
6.875	5.5	-0.00214083390144913
7.125	5.5	-0.00214084055305937
7.375	5.5	-0.00214084746821368
7.625	5.5	-0.00214085463779014
7.875	5.5	-0.00214086204381171
8.125	5.5	-0.00214086965362836
8.375	5.5	-0.00214087741034489
8.625	5.5	-0.00214088521707108
8.875	5.5	-0.00214089291100691
9.125	5.5	-0.0021409002208012
9.375	5.5	-0.00214090669638715
9.625	5.5	-0.00214091159352859
9.875	5.5	-0.00214091368384309
10.125	5.5	-0.00214091094219748
10.375	5.5	-0.0021409000323201
10.625	5.5	-0.00214087546037909
10.875	5.5	-0.00214082818220008
11.125	5.5	-0.00214074331144915
11.375	5.5	-0.00214059634845903
11.625	5.5	-0.00214034697478474
11.875	5.5	-0.00213992884219603
12.125	5.5	-0.00213923277059165
12.375	5.5	-0.00213807910049771
12.625	5.5	-0.00213617219998035
12.875	5.5	-0.00213302560811974
13.125	5.5	-0.00212783886492421
13.375	5.5	-0.00211929485204104
13.625	5.5	-0.00210522636309594
13.875	5.5	-0.00208206757017998
14.125	5.5	-0.00204395175022047
14.375	5.5	-0.00198122750924861
14.625	5.5	-0.00187801970716491
14.875	5.5	-0.00170822266369235
15.125	5.5	-0.00142892511201207
15.375	5.5	-0.000969639972515077
15.625	5.5	-0.000214714272987155
15.875	5.5	0.00102525872521617
16.125	5.5	0.00305952282995777
16.375	5.5	0.0063904281311975
16.625	5.5	0.011827207325022
16.875	5.5	0.0206554487607909
17.125	5.5	0.0348706305870969
17.375	5.5	0.0574509929120232
17.625	5.5	0.0925502954373451
17.875	5.5	0.145290795898701
18.125	5.5	0.220568493155209
18.375	5.5	0.32032555521528
18.625	5.5	0.439977307590952
18.875	5.5	0.567145225978205
19.125	5.5	0.685935740280617
19.375	5.5	0.784353249945444
19.625	5.5	0.858258280671262
19.875	5.5	0.909857375681368
20.125	5.5	0.944117004149864
20.375	5.5	0.966123953524106
20.625	5.5	0.979964968563742
20.875	5.5	0.988555755741751
21.125	5.5	0.993844381969591
21.375	5.5	0.9970838078291
21.625	5.5	0.9990619466044
21.875	5.5	1.00026762231745
22.125	5.5	1.00100164379586
22.375	5.5	1.00144821125466
22.625	5.5	1.00171978360517
22.875	5.5	1.00188489570362
23.125	5.5	1.0019852682812
23.375	5.5	1.00204628197332
23.625	5.5	1.00208337072758
23.875	5.5	1.00210591760665
24.125	5.5	1.00211962618725
24.375	5.5	1.00212796312407
24.625	5.5	1.00213303534707
24.875	5.5	1.0021361233439
25.125	5.5	1.00213800531671
25.375	5.5	1.00213915420442
25.625	5.5	1.0021398574264
25.875	5.5	1.00214028965642
26.125	5.5	1.00214055704993
26.375	5.5	1.00214072412233
26.625	5.5	1.00214083008346
26.875	5.5	1.00214089876446
27.125	5.5	1.0021409446505
27.375	5.5	1.00214097654701
27.625	5.5	1.00214099980769
27.875	5.5	1.0021410176885
28.125	5.5	1.00214103217053
28.375	5.5	1.00214104446005
28.625	5.5	1.00214105529241
28.875	5.5	1.0021410651167
29.125	5.5	1.00214107420803
29.375	5.5	1.00214108273566
29.625	5.5	1.00214109080454
29.875	5.5	1.0021410984804
30.125	5.5	1.00214110580514
30.375	5.5	1.00214111280606
30.625	5.5	1.00214111950159
30.875	5.5	1.00214112590464
31.125	5.5	1.00214113202475
31.375	5.5	1.00214113786933
31.625	5.5	1.00214114344442
31.875	5.5	1.0021411487552
32.125	5.5	1.00214115380621
32.375	5.5	1.00214115860159
32.625	5.5	1.00214116314513
32.875	5.5	1.00214116744036
33.125	5.5	1.0021411714906
33.375	5.5	1.00214117529894
33.625	5.5	1.00214117886829
33.875	5.5	1.00214118220139
34.125	5.5	1.00214118530078
34.375	5.5	1.00214118816886
34.625	5.5	1.00214119080783
34.875	5.5	1.00214119321973
35.125	5.5	1.00214119540642
35.375	5.5	1.0021411973696
35.625	5.5	1.00214119911081
35.875	5.5	1.0021412006314
36.125	5.5	1.00214120193255
36.375	5.5	1.00214120301529
36.625	5.5	1.00214120388047
36.875	5.5	1.00214120452875
37.125	5.5	1.00214120496066
37.375	5.5	1.00214120517653
0.125	6.5	-0.00214072490074285
0.375	6.5	-0.00214072510401958
0.625	6.5	-0.00214072551075821
0.875	6.5	-0.00214072612132915
1.125	6.5	-0.00214072693628823
1.375	6.5	-0.00214072795637687
1.625	6.5	-0.00214072918252241
1.875	6.5	-0.00214073061583844
2.125	6.5	-0.00214073225762524
2.375	6.5	-0.00214073410937021
2.625	6.5	-0.0021407361727484
2.875	6.5	-0.002140738449623
3.125	6.5	-0.00214074094204577
3.375	6.5	-0.00214074365225745
3.625	6.5	-0.00214074658268787
3.875	6.5	-0.00214074973595564
4.125	6.5	-0.00214075311486716
4.375	6.5	-0.00214075672241437
4.625	6.5	-0.00214076056177042
4.875	6.5	-0.00214076463628186
5.125	6.5	-0.00214076894945512
5.375	6.5	-0.00214077350493349
5.625	6.5	-0.0021407783064585
5.875	6.5	-0.00214078335780551
6.125	6.5	-0.0021407886626769
6.375	6.5	-0.00214079422452546
6.625	6.5	-0.00214080004626288
6.875	6.5	-0.00214080612977907
7.125	6.5	-0.00214081247515042
7.375	6.5	-0.00214081907933583
7.625	6.5	-0.00214082593403021
7.875	6.5	-0.00214083302213137
8.125	6.5	-0.00214084031192526
8.375	6.5	-0.00214084774751684
8.625	6.5	-0.00214085523308307
8.875	6.5	-0.0021408626069602
9.125	6.5	-0.00214086959900352
9.375	6.5	-0.0021408757604218
9.625	6.5	-0.00214088034831904
9.875	6.5	-0.00214088213570712
10.125	6.5	-0.00214087909888089
10.375	6.5	-0.00214086790299346
10.625	6.5	-0.00214084305557021
10.875	6.5	-0.00214079551361672
11.125	6.5	-0.00214071039161758
11.375	6.5	-0.00214056319005512
11.625	6.5	-0.00214031358945501
11.875	6.5	-0.002139895238535
12.125	6.5	-0.0021391989507264
12.375	6.5	-0.00213804505437629
12.625	6.5	-0.00213613789587771
12.875	6.5	-0.00213299097691639
13.125	6.5	-0.00212780377413634
13.375	6.5	-0.00211925906298884
13.625	6.5	-0.00210518946033605
13.875	6.5	-0.00208202884532743
14.125	6.5	-0.00204391001079195
14.375	6.5	-0.00198118076431169
14.625	6.5	-0.0018779646507382
14.875	6.5	-0.00170815382654898
15.125	6.5	-0.00142883347099858
15.375	6.5	-0.000969510675573695
15.625	6.5	-0.000214522931341524
15.875	6.5	0.00102555204316021
16.125	6.5	0.00305998322814524
16.375	6.5	0.00639116105827672
16.625	6.5	0.0118283817691071
16.875	6.5	0.0206573308289444
17.125	6.5	0.0348736272062
17.375	6.5	0.0574556959966754
17.625	6.5	0.0925574932841657
17.875	6.5	0.145301375754758
18.125	6.5	0.220583121905937
18.375	6.5	0.320344103804728
18.625	6.5	0.439998329495178
18.875	6.5	0.567166169256266
19.125	6.5	0.685954091371037
19.375	6.5	0.784367641472987
19.625	6.5	0.858268646100619
19.875	6.5	0.90986440792868
20.125	6.5	0.944121590800883
20.375	6.5	0.966126872814985
20.625	6.5	0.979966801031306
20.875	6.5	0.988556899040589
21.125	6.5	0.993845095594001
21.375	6.5	0.997084256360852
21.625	6.5	0.999062232664661
21.875	6.5	1.00026780923495
22.125	6.5	1.0010017704019
22.375	6.5	1.00144830126132
22.625	6.5	1.00171985145027
22.875	6.5	1.00188495015749
23.125	6.5	1.00198531465907
23.375	6.5	1.00204632348749
23.625	6.5	1.00208340931207
23.875	6.5	1.00210595441941
24.125	6.5	1.00211966191573
24.375	6.5	1.00212799817108
24.625	6.5	1.00213306994368
24.875	6.5	1.00213615761805
25.125	6.5	1.0021380393348
25.375	6.5	1.0021391879966
25.625	6.5	1.00213989100183
25.875	6.5	1.00214032301247
26.125	6.5	1.00214059017776
26.375	6.5	1.0021407570102
26.625	6.5	1.00214086271868
26.875	6.5	1.00214093113453
27.125	6.5	1.00214097674378
27.375	6.5	1.00214100835305
27.625	6.5	1.00214103131739
27.875	6.5	1.00214104889421
28.125	6.5	1.002141063066
28.375	6.5	1.00214107504044
28.625	6.5	1.00214108555421
28.875	6.5	1.00214109505767
29.125	6.5	1.00214110382713
29.375	6.5	1.002141112033
29.625	6.5	1.00214111978127
29.875	6.5	1.00214112713868
30.125	6.5	1.00214113414805
30.375	6.5	1.00214114083758
30.625	6.5	1.00214114722647
30.875	6.5	1.00214115332842
31.125	6.5	1.00214115915367
31.375	6.5	1.00214116471028
31.625	6.5	1.00214117000492
31.875	6.5	1.00214117504331
32.125	6.5	1.00214117983056
32.375	6.5	1.00214118437126
32.625	6.5	1.00214118866969
32.875	6.5	1.00214119272977
33.125	6.5	1.00214119655522
33.375	6.5	1.00214120014949
33.625	6.5	1.00214120351582
33.875	6.5	1.00214120665724
34.125	6.5	1.00214120957659
34.375	6.5	1.00214121227649
34.625	6.5	1.0021412147594
34.875	6.5	1.00214121702754
35.125	6.5	1.00214121908298
35.375	6.5	1.00214122092759
35.625	6.5	1.00214122256303
35.875	6.5	1.00214122399079
36.125	6.5	1.00214122521218
36.375	6.5	1.0021412262283
36.625	6.5	1.00214122704009
36.875	6.5	1.00214122764829
37.125	6.5	1.00214122805344
37.375	6.5	1.00214122825593
0.125	7.5	-0.0021406984319983
0.375	7.5	-0.00214069861887043
0.625	7.5	-0.00214069899281406
0.875	7.5	-0.00214069955422807
1.125	7.5	-0.00214070030371119
1.375	7.5	-0.00214070124206246
1.625	7.5	-0.00214070237028186
1.875	7.5	-0.00214070368957106
2.125	7.5	-0.00214070520133437
2.375	7.5	-0.0021407069071798
2.625	7.5	-0.00214070880892021
2.875	7.5	-0.00214071090857464
3.125	7.5	-0.00214071320836961
3.375	7.5	-0.00214071571074043
3.625	7.5	-0.00214071841833247
3.875	7.5	-0.00214072133400196
4.125	7.5	-0.00214072446081634
4.375	7.5	-0.00214072780205332
4.625	7.5	-0.00214073136119814
4.875	7.5	-0.00214073514193732
5.125	7.5	-0.00214073914814696
5.375	7.5	-0.00214074338387152
5.625	7.5	-0.00214074785328726
5.875	7.5	-0.00214075256063995
6.125	7.5	-0.00214075751014042
6.375	7.5	-0.00214076270579029
6.625	7.5	-0.00214076815109312
6.875	7.5	-0.00214077384857648
7.125	7.5	-0.00214077979900306
7.375	7.5	-0.00214078600006975
7.625	7.5	-0.00214079244426428
7.875	7.5	-0.00214079911533529
8.125	7.5	-0.00214080598248084
8.375	7.5	-0.00214081299078228
8.625	7.5	-0.00214082004545999
8.875	7.5	-0.00214082698596262
9.125	7.5	-0.00214083354332746
9.375	7.5	-0.00214083927001307
9.625	7.5	-0.00214084342443517
9.875	7.5	-0.00214084478096647
10.125	7.5	-0.0021408413172874
10.375	7.5	-0.00214082969991775
10.625	7.5	-0.00214080443765525
10.875	7.5	-0.00214075648855552
11.125	7.5	-0.00214067096771605
11.375	7.5	-0.00214052337543733
11.625	7.5	-0.00214027339067538
11.875	7.5	-0.00213985465821002
12.125	7.5	-0.00213915798354826
12.375	7.5	-0.00213800368045913
12.625	7.5	-0.00213609606971021
12.875	7.5	-0.00213294860908075
13.125	7.5	-0.00212776070112205
13.375	7.5	-0.00211921499741777
13.625	7.5	-0.00210514390896405
13.875	7.5	-0.0020819809740518
14.125	7.5	-0.00204385842253522
14.375	7.5	-0.00198112313374615
14.625	7.5	-0.00187789712396596
14.875	7.5	-0.00170807003538871
15.125	7.5	-0.00142872291673442
15.375	7.5	-0.000969356084807896
15.625	7.5	-0.000214295946235619
15.875	7.5	0.00102589784644935
16.125	7.5	0.00306052353356212
16.375	7.5	0.0063920184482415
16.625	7.5	0.0118297526904499
16.875	7.5	0.0206595246335967
17.125	7.5	0.0348771169612405
17.375	7.5	0.0574611698390787
17.625	7.5	0.0925658676700227
17.875	7.5	0.145313682172078
18.125	7.5	0.220600135598636
18.375	7.5	0.320365674546988
18.625	7.5	0.440022775291839
18.875	7.5	0.567190523063538
19.125	7.5	0.685975431049126
19.375	7.5	0.784384377629386
19.625	7.5	0.858280701655112
19.875	7.5	0.909872588577118
20.125	7.5	0.944126928424946
20.375	7.5	0.966130272099215
20.625	7.5	0.979968936801114
20.875	7.5	0.988558233515485
21.125	7.5	0.993845930390114
21.375	7.5	0.997084782770617
21.625	7.5	0.999062569963182
21.875	7.5	1.0002680310298
22.125	7.5	1.00100192183005
22.375	7.5	1.00144840988919
22.625	7.5	1.00171993406684
22.875	7.5	1.00188501696582
23.125	7.5	1.00198537184724
23.375	7.5	1.00204637479984
23.625	7.5	1.00208345700735
23.875	7.5	1.00210599985431
24.125	7.5	1.00211970589987
24.375	7.5	1.00212804118289
24.625	7.5	1.00213311226162
24.875	7.5	1.00213619940027
25.125	7.5	1.00213808066755
25.375	7.5	1.00213922892351
25.625	7.5	1.0021399315417
25.875	7.5	1.00214036317001
26.125	7.5	1.00214062995006
26.375	7.5	1.00214079639056
26.625	7.5	1.00214090169893
26.875	7.5	1.00214096970639
27.125	7.5	1.00214101489961
27.375	7.5	1.00214104608628
27.625	7.5	1.00214106862273
27.875	7.5	1.00214108576773
28.125	7.5	1.00214109950516
28.375	7.5	1.00214111104407
28.625	7.5	1.00214112112242
28.875	7.5	1.00214113019185
29.125	7.5	1.00214113852982
29.375	7.5	1.00214114630786
29.625	7.5	1.00214115363299
29.875	7.5	1.00214116057294
30.125	7.5	1.00214116717143
30.375	7.5	1.00214117345749
30.625	7.5	1.00214117945113
30.875	7.5	1.00214118516679
31.125	7.5	1.00214119061536
31.375	7.5	1.00214119580557
31.625	7.5	1.00214120074466
31.875	7.5	1.00214120543891
32.125	7.5	1.00214120989392
32.375	7.5	1.00214121411476
32.625	7.5	1.00214121810613
32.875	7.5	1.00214122187237
33.125	7.5	1.00214122541754
33.375	7.5	1.00214122874545
33.625	7.5	1.00214123185964
33.875	7.5	1.00214123476344
34.125	7.5	1.00214123745992
34.375	7.5	1.00214123995198
34.625	7.5	1.00214124224224
34.875	7.5	1.00214124433316
35.125	7.5	1.00214124622697
35.375	7.5	1.00214124792567
35.625	7.5	1.00214124943109
35.875	7.5	1.00214125074483
36.125	7.5	1.0021412518683
36.375	7.5	1.00214125280269
36.625	7.5	1.002141253549
36.875	7.5	1.00214125410804
37.125	7.5	1.00214125448041
37.375	7.5	1.00214125466649
0.125	8.5	-0.00214066888790235
0.375	8.5	-0.00214066905510365
0.625	8.5	-0.00214066938971721
0.875	8.5	-0.00214066989216517
1.125	8.5	-0.00214067056308134
1.375	8.5	-0.00214067140331195
1.625	8.5	-0.00214067241391652
1.875	8.5	-0.00214067359616912
2.125	8.5	-0.00214067495155976
2.375	8.5	-0.00214067648179604
2.625	8.5	-0.00214067818880499
2.875	8.5	-0.00214068007473512
3.125	8.5	-0.0021406821419586
3.375	8.5	-0.00214068439307357
3.625	8.5	-0.00214068683090634
3.875	8.5	-0.00214068945851347
4.125	8.5	-0.00214069227918325
4.375	8.5	-0.00214069529643624
4.625	8.5	-0.00214069851402391
4.875	8.5	-0.00214070193592406
5.125	8.5	-0.00214070556633075
5.375	8.5	-0.00214070940963502
5.625	8.5	-0.00214071347039022
5.875	8.5	-0.00214071775325189
6.125	8.5	-0.00214072226287549
6.375	8.5	-0.00214072700374463
6.625	8.5	-0.00214073197988465
6.875	8.5	-0.00214073719438747
7.125	8.5	-0.00214074264862544
7.375	8.5	-0.00214074834095347
7.625	8.5	-0.00214075426456869
7.875	8.5	-0.00214076040398362
8.125	8.5	-0.00214076672921777
8.375	8.5	-0.00214077318623438
8.625	8.5	-0.00214077968119864
8.875	8.5	-0.0021407860545685
9.125	8.5	-0.00214079203845502
9.375	8.5	-0.00214079718645228
9.625	8.5	-0.00214080075816588
9.875	8.5	-0.00214080152919746
10.125	8.5	-0.00214079747846701
10.375	8.5	-0.00214078527369434
10.625	8.5	-0.00214075942475137
10.875	8.5	-0.0021407108904963
11.125	8.5	-0.00214062478631365
11.375	8.5	-0.00214047661186957
11.625	8.5	-0.00214022604389231
11.875	8.5	-0.00213980672222973
12.125	8.5	-0.00213910944292011
12.375	8.5	-0.0021379545027065
12.625	8.5	-0.0021360461927983
12.875	8.5	-0.00213289792069332
13.125	8.5	-0.00212770900445697
13.375	8.5	-0.00211916195479918
13.625	8.5	-0.00210508894895996
13.875	8.5	-0.00208192313856852
14.125	8.5	-0.00204379611522428
14.375	8.5	-0.00198105370623684
14.625	8.5	-0.00187781619581263
14.875	8.5	-0.0017079703773667
15.125	8.5	-0.00142859261968373
15.375	8.5	-0.00096917556370454
15.625	8.5	-0.000214033056737248
15.875	8.5	0.00102629571941269
16.125	8.5	0.00306114216151549
16.375	8.5	0.00639299674894823
16.625	8.5	0.0118313132902134
16.875	8.5	0.0206620181166067
17.125	8.5	0.034881079460642
17.375	8.5	0.0574673812471649
17.625	8.5	0.092575366656099
17.875	8.5	0.145327637766664
18.125	8.5	0.220619426340887
18.375	8.5	0.320390129929836
18.625	8.5	0.440050488637598
18.875	8.5	0.56721813139985
19.125	8.5	0.685999622665355
19.375	8.5	0.784403351559893
19.625	8.5	0.858294370890177
19.875	8.5	0.909881866414227
20.125	8.5	0.944132984340681
20.375	8.5	0.966134131323588
20.625	8.5	0.979971364030664
20.875	8.5	0.988559752501207
21.125	8.5	0.993846882886558
21.375	8.5	0.99708538552121
21.625	8.5	0.999062958111165
21.875	8.5	1.00026828797715
22.125	8.5	1.00100209872337
22.375	8.5	1.00144853796976
22.625	8.5	1.00172003236695
22.875	8.5	1.0018850970573
23.125	8.5	1.00198544075383
23.375	8.5	1.00204643677699
23.625	8.5	1.00208351462746
23.875	8.5	1.0021060546676
24.125	8.5	1.00211975883649
24.375	8.5	1.00212809279736
24.625	8.5	1.0021331628814
24.875	8.5	1.00213624921603
25.125	8.5	1.00213812978794
25.375	8.5	1.0021392774084
25.625	8.5	1.00213997942231
25.875	8.5	1.00214041046108
26.125	8.5	1.00214067665719
26.375	8.5	1.00214084251461
26.625	8.5	1.00214094723866
26.875	8.5	1.00214101465999
27.125	8.5	1.00214105926559
27.375	8.5	1.00214108986397
27.625	8.5	1.00214111181256
27.875	8.5	1.00214112837131
28.125	8.5	1.00214114152537
28.375	8.5	1.00214115248498
28.625	8.5	1.00214116198931
28.875	8.5	1.00214117049113
29.125	8.5	1.00214117826897
29.375	8.5	1.00214118549536
29.625	8.5	1.00214119227827
29.875	8.5	1.00214119868629
30.125	8.5	1.00214120476397
30.375	8.5	1.0021412105411
30.625	8.5	1.00214121603839
30.875	8.5	1.00214122127094
31.125	8.5	1.00214122625025
31.375	8.5	1.0021412309856
31.625	8.5	1.00214123548476
31.875	8.5	1.00214123975449
32.125	8.5	1.00214124380082
32.375	8.5	1.00214124762923
32.625	8.5	1.00214125124481
32.875	8.5	1.00214125465222
33.125	8.5	1.00214125785587
33.375	8.5	1.00214126085983
33.625	8.5	1.00214126366792
33.875	8.5	1.0021412662837
34.125	8.5	1.00214126871048
34.375	8.5	1.00214127095132
34.625	8.5	1.00214127300907
34.875	8.5	1.00214127488631
35.125	8.5	1.00214127658543
35.375	8.5	1.00214127810858
35.625	8.5	1.00214127945767
35.875	8.5	1.00214128063441
36.125	8.5	1.00214128164029
36.375	8.5	1.00214128247659
36.625	8.5	1.00214128314437
36.875	8.5	1.00214128364446
37.125	8.5	1.0021412839775
37.375	8.5	1.00214128414392
0.125	9.5	-0.00214063658628197
0.375	9.5	-0.00214063673034498
0.625	9.5	-0.00214063701868957
0.875	9.5	-0.00214063745175322
1.125	9.5	-0.00214063803019291
1.375	9.5	-0.0021406387548861
1.625	9.5	-0.00214063962693196
1.875	9.5	-0.00214064064765292
2.125	9.5	-0.00214064181859662
2.375	9.5	-0.00214064314153799
2.625	9.5	-0.00214064461848182
2.875	9.5	-0.00214064625166543
3.125	9.5	-0.0021406480435617
3.375	9.5	-0.00214064999688221
3.625	9.5	-0.00214065211458045
3.875	9.5	-0.00214065439985495
4.125	9.5	-0.00214065685615193
4.375	9.5	-0.00214065948716712
4.625	9.5	-0.00214066229684571
4.875	9.5	-0.00214066528937931
5.125	9.5	-0.00214066846919747
5.375	9.5	-0.00214067184095007
5.625	9.5	-0.00214067540947453
5.875	9.5	-0.00214067917973764
6.125	9.5	-0.00214068315673535
6.375	9.5	-0.00214068734532328
6.625	9.5	-0.00214069174993263
6.875	9.5	-0.00214069637409752
7.125	9.5	-0.00214070121967154
7.375	9.5	-0.00214070628553253
7.625	9.5	-0.00214071156544506
7.875	9.5	-0.00214071704453655
8.125	9.5	-0.00214072269349149
8.375	9.5	-0.00214072845899085
8.625	9.5	-0.00214073424797219
8.875	9.5	-0.00214073990172153
9.125	9.5	-0.00214074515323289
9.375	9.5	-0.0021407495570344
9.625	9.5	-0.00214075237370768
9.875	9.5	-0.00214075237985456
10.125	9.5	-0.00214074755538701
10.375	9.5	-0.00214073456895208
10.625	9.5	-0.00214070793118767
10.875	9.5	-0.00214065860139437
11.125	9.5	-0.00214057169480437
11.375	9.5	-0.00214042270988664
11.625	9.5	-0.00214017132038231
11.875	9.5	-0.00213975116013162
12.125	9.5	-0.002139053014115
12.375	9.5	-0.0021378971596225
12.625	9.5	-0.00213598785450595
12.875	9.5	-0.00213283844993058
13.125	9.5	-0.00212764816972425
13.375	9.5	-0.00211909936788573
13.625	9.5	-0.00210502396204846
13.875	9.5	-0.00208185467485143
14.125	9.5	-0.00204372239019353
14.375	9.5	-0.00198097176930028
14.625	9.5	-0.00187772117686738
14.875	9.5	-0.00170785424952571
15.125	9.5	-0.00142844217026763
15.375	9.5	-0.000968969074375626
15.625	9.5	-0.000213734891645259
15.875	9.5	0.00102674388164238
16.125	9.5	0.00306183538790333
16.375	9.5	0.00639408900890902
16.625	9.5	0.0118330513326303
16.875	9.5	0.0206647905206149
17.125	9.5	0.034885480478192
17.375	9.5	0.0574742753335382
17.625	9.5	0.0925859051171193
17.875	9.5	0.145343116389343
18.125	9.5	0.22064081882195
18.375	9.5	0.320417246960414
18.625	9.5	0.440081216307381
18.875	9.5	0.567248741739645
19.125	9.5	0.68602644498473
19.375	9.5	0.7844243900668
19.625	9.5	0.858309529568279
19.875	9.5	0.909892157792114
20.125	9.5	0.944139704699613
20.375	9.5	0.966138416951238
20.625	9.5	0.979974062403501
20.875	9.5	0.98856144403716
21.125	9.5	0.993847946300456
21.375	9.5	0.997086060990125
21.625	9.5	0.999063395388238
21.875	9.5	1.00026857948272
22.125	9.5	1.00100230113868
22.375	9.5	1.00144868592212
22.625	9.5	1.00172014695743
22.875	9.5	1.00188519112188
23.125	9.5	1.00198552208993
23.375	9.5	1.00204651011511
23.625	9.5	1.00208358283336
23.875	9.5	1.00210611947428
24.125	9.5	1.0021198212895
24.375	9.5	1.0021281535256
24.625	9.5	1.00213322226165
24.875	9.5	1.00213630747289
25.125	9.5	1.00213818705456
25.375	9.5	1.00213933376325
25.625	9.5	1.00214003491154
25.875	9.5	1.00214046511197
26.125	9.5	1.00214073048635
26.375	9.5	1.00214089553285
26.625	9.5	1.00214099945394
26.875	9.5	1.00214106607915
27.125	9.5	1.00214110989537
27.375	9.5	1.00214113971156
27.625	9.5	1.00214116088594
27.875	9.5	1.00214117667939
28.125	9.5	1.00214118907804
28.375	9.5	1.00214119929315
28.625	9.5	1.00214120806486
28.875	9.5	1.00214121584686
29.125	9.5	1.00214122291856
29.375	9.5	1.00214122945333
29.625	9.5	1.00214123555988
29.875	9.5	1.00214124130753
30.125	9.5	1.0021412467415
30.375	9.5	1.00214125189218
30.625	9.5	1.00214125678086
30.875	9.5	1.00214126142313
31.125	9.5	1.002141265831
31.375	9.5	1.00214127001417
31.625	9.5	1.00214127398082
31.875	9.5	1.00214127773807
32.125	9.5	1.00214128129229
32.375	9.5	1.0021412846493
32.625	9.5	1.00214128781442
32.875	9.5	1.00214129079262
33.125	9.5	1.0021412935885
33.375	9.5	1.00214129620637
33.625	9.5	1.00214129865023
33.875	9.5	1.00214130092382
34.125	9.5	1.0021413030306
34.375	9.5	1.00214130497379
34.625	9.5	1.00214130675633
34.875	9.5	1.00214130838095
35.125	9.5	1.00214130985012
35.375	9.5	1.00214131116606
35.625	9.5	1.0021413123308
35.875	9.5	1.00214131334609
36.125	9.5	1.00214131421348
36.375	9.5	1.00214131493431
36.625	9.5	1.00214131550965
36.875	9.5	1.00214131594039
37.125	9.5	1.00214131622719
37.375	9.5	1.00214131637049
0.125	10.5	-0.00214060190194332
0.375	10.5	-0.00214060201926473
0.625	10.5	-0.00214060225412853
0.875	10.5	-0.00214060260697705
1.125	10.5	-0.00214060307847474
1.375	10.5	-0.00214060366950931
1.625	10.5	-0.00214060438119324
1.875	10.5	-0.00214060521486565
2.125	10.5	-0.00214060617209464
2.375	10.5	-0.00214060725467986
2.625	10.5	-0.00214060846465561
2.875	10.5	-0.00214060980429411
3.125	10.5	-0.00214061127610922
3.375	10.5	-0.00214061288286037
3.625	10.5	-0.00214061462755659
3.875	10.5	-0.00214061651346054
4.125	10.5	-0.00214061854409224
4.375	10.5	-0.00214062072323191
4.625	10.5	-0.0021406230549212
4.875	10.5	-0.00214062554346136
5.125	10.5	-0.00214062819340618
5.375	10.5	-0.00214063100954591
5.625	10.5	-0.00214063399687601
5.875	10.5	-0.00214063716054072
6.125	10.5	-0.00214064050573469
6.375	10.5	-0.0021406440375354
6.625	10.5	-0.00214064776062119
6.875	10.5	-0.00214065167880073
7.125	10.5	-0.00214065579423186
7.375	10.5	-0.00214066010612876
7.625	10.5	-0.00214066460862687
7.875	10.5	-0.00214066928726138
8.125	10.5	-0.00214067411316378
8.375	10.5	-0.00214067903350326
8.625	10.5	-0.00214068395574818
8.875	10.5	-0.00214068872175821
9.125	10.5	-0.0021406930651422
9.375	10.5	-0.00214069654107914
9.625	10.5	-0.00214069841082677
9.875	10.5	-0.00214069745166799
10.125	10.5	-0.00214069164416466
10.375	10.5	-0.00214067765752013
10.625	10.5	-0.00214065000272935
10.875	10.5	-0.00214059963907353
11.125	10.5	-0.00214051168109396
11.375	10.5	-0.00214036162540809
11.625	10.5	-0.00214010914193596
11.875	10.5	-0.0021396878573918
12.125	10.5	-0.00213898854412329
12.375	10.5	-0.00213783145765276
12.625	10.5	-0.00213592081895392
12.875	10.5	-0.00213276991736522
13.125	10.5	-0.00212757787374484
13.375	10.5	-0.00211902687132777
13.625	10.5	-0.00210494854533757
13.875	10.5	-0.00208177515222059
14.125	10.5	-0.00204363680727501
14.375	10.5	-0.00198087690574443
14.625	10.5	-0.0018776117287666
14.875	10.5	-0.00170772148669983
15.125	10.5	-0.00142827173417967
15.375	10.5	-0.000968737374811721
15.625	10.5	-0.000213403232369068
15.875	10.5	0.00102723882085284
16.125	10.5	0.00306259681494156
16.375	10.5	0.00639528407412642
16.625	10.5	0.01183494790987
16.875	10.5	0.0206678104650619
17.125	10.5	0.0348902689472207
17.375	10.5	0.0574817708560087
17.625	10.5	0.0925973576668236
17.875	10.5	0.145359932780218
18.125	10.5	0.220664056056093
18.375	10.5	0.320446699130928
18.625	10.5	0.440114587790866
18.875	10.5	0.56728198472923
19.125	10.5	0.686055574405553
19.375	10.5	0.784447239656649
19.625	10.5	0.85832599558798
19.875	10.5	0.909903339764974
20.125	10.5	0.94414700997581
20.375	10.5	0.966143079054899
20.625	10.5	0.979977001268866
20.875	10.5	0.988563289672308
21.125	10.5	0.993849109759196
21.375	10.5	0.997086802950703
21.625	10.5	0.999063878384866
21.875	10.5	1.00026890382581
22.125	10.5	1.00100252835304
22.375	10.5	1.00144885360004
22.625	10.5	1.00172027801349
22.875	10.5	1.00188529950234
23.125	10.5	1.00198561627382
23.375	10.5	1.00204659525355
23.625	10.5	1.00208366205382
23.875	10.5	1.00210619467473
24.125	10.5	1.00211989362149
24.375	10.5	1.00212822368795
24.625	10.5	1.00213329067898
24.875	10.5	1.00213637440404
25.125	10.5	1.00213825265839
25.375	10.5	1.00213939813865
25.625	10.5	1.00214009812161
25.875	10.5	1.00214052719875
26.125	10.5	1.00214079147961
26.375	10.5	1.0021409554555
26.625	10.5	1.00214105832522
26.875	10.5	1.00214112391651
27.125	10.5	1.00214116671563
27.375	10.5	1.00214119553157
27.625	10.5	1.00214121572288
27.875	10.5	1.00214123055103
28.125	10.5	1.00214124200281
28.375	10.5	1.00214125129014
28.625	10.5	1.00214125915385
28.875	10.5	1.00214126604826
29.125	10.5	1.00214127225341
29.375	10.5	1.00214127794323
29.625	10.5	1.00214128322696
29.875	10.5	1.00214128817442
30.125	10.5	1.00214129283124
30.375	10.5	1.00214129722825
30.625	10.5	1.00214130138708
30.875	10.5	1.00214130532367
31.125	10.5	1.00214130905033
31.375	10.5	1.00214131257702
31.625	10.5	1.00214131591218
31.875	10.5	1.00214131906315
32.125	10.5	1.0021413220365
32.375	10.5	1.0021413248382
32.625	10.5	1.00214132747376
32.875	10.5	1.00214132994826
33.125	10.5	1.00214133226644
33.375	10.5	1.00214133443271
33.625	10.5	1.00214133645118
33.875	10.5	1.00214133832566
34.125	10.5	1.00214134005968
34.375	10.5	1.00214134165652
34.625	10.5	1.0021413431192
34.875	10.5	1.00214134445048
35.125	10.5	1.00214134565286
35.375	10.5	1.00214134672862
35.625	10.5	1.00214134767978
35.875	10.5	1.00214134850816
36.125	10.5	1.00214134921531
36.375	10.5	1.00214134980257
36.625	10.5	1.00214135027105
36.875	10.5	1.00214135062164
37.125	10.5	1.002141350855
37.375	10.5	1.00214135097156
0.125	11.5	-0.00214056526907954
0.375	11.5	-0.00214056535600668
0.625	11.5	-0.00214056553007803
0.875	11.5	-0.00214056579172815
1.125	11.5	-0.00214056614160995
1.375	11.5	-0.00214056658059599
1.625	11.5	-0.0021405671097802
1.875	11.5	-0.00214056773048003
2.125	11.5	-0.00214056844423907
2.375	11.5	-0.00214056925283002
2.625	11.5	-0.00214057015825817
2.875	11.5	-0.00214057116276521
3.125	11.5	-0.0021405722688335
3.375	11.5	-0.0021405734791905
3.625	11.5	-0.0021405747968136
3.875	11.5	-0.00214057622493482
4.125	11.5	-0.00214057776704535
4.375	11.5	-0.00214057942689926
4.625	11.5	-0.00214058120851572
4.875	11.5	-0.00214058311617813
5.125	11.5	-0.00214058515442826
5.375	11.5	-0.00214058732805127
5.625	11.5	-0.00214058964204578
5.875	11.5	-0.00214059210156884
6.125	11.5	-0.00214059471183897
6.375	11.5	-0.00214059747797019
6.625	11.5	-0.00214060040469167
6.875	11.5	-0.00214060349587893
7.125	11.5	-0.00214060675377454
7.375	11.5	-0.00214061017769712
7.625	11.5	-0.00214061376190822
7.875	11.5	-0.00214061749209253
8.125	11.5	-0.00214062133955627
8.375	11.5	-0.00214062525166975
8.625	11.5	-0.00214062913612954
8.875	11.5	-0.00214063283505002
9.125	11.5	-0.00214063608231837
9.375	11.5	-0.00214063843340927
9.625	11.5	-0.00214063914988093
9.875	11.5	-0.0021406370092989
10.125	11.5	-0.00214062999245031
10.375	11.5	-0.002140614768639
10.625	11.5	-0.00214058584872224
10.875	11.5	-0.0021405341914159
11.125	11.5	-0.00214044490995379
11.375	11.5	-0.00214029349838284
11.625	11.5	-0.00214003962192918
11.875	11.5	-0.00213961689907017
12.125	11.5	-0.00213891608803346
12.375	11.5	-0.00213775742048282
12.625	11.5	-0.00213584507744528
12.875	11.5	-0.00213269228177017
13.125	11.5	-0.00212749804407481
13.375	11.5	-0.00211894436527766
13.625	11.5	-0.00210486257960188
13.875	11.5	-0.0020816844471312
14.125	11.5	-0.00204353926533343
14.375	11.5	-0.00198076908286655
14.625	11.5	-0.00187748796507778
14.875	11.5	-0.00170757247892371
15.125	11.5	-0.00142808219413973
15.375	11.5	-0.000968482197688732
15.625	11.5	-0.000213041249501018
15.875	11.5	0.00102777496477039
16.125	11.5	0.00306341689656648
16.375	11.5	0.00639656587807724
16.625	11.5	0.0118369763540936
16.875	11.5	0.0206710342558345
17.125	11.5	0.0348953743244581
17.375	11.5	0.0574897561361354
17.625	11.5	0.0926095524663365
17.875	11.5	0.145377833520185
18.125	11.5	0.220688786920601
18.375	11.5	0.320478040663822
18.625	11.5	0.44015009747882
18.875	11.5	0.567317356471601
19.125	11.5	0.68608656945192
19.375	11.5	0.78447155437519
19.625	11.5	0.858343520203725
19.875	11.5	0.909915244104534
20.125	11.5	0.944154791029974
20.375	11.5	0.966148048777443
20.625	11.5	0.979980138013417
20.875	11.5	0.988565263416292
21.125	11.5	0.99385035761473
21.375	11.5	0.997087602112607
21.625	11.5	0.999064401683586
21.875	11.5	1.00026925792859
22.125	11.5	1.00100277868861
22.375	11.5	1.00144904015255
22.625	11.5	1.00172042516288
22.875	11.5	1.00188542209446
23.125	11.5	1.00198572334252
23.375	11.5	1.00204669229477
23.625	11.5	1.002083752412
23.875	11.5	1.00210628038684
24.125	11.5	1.00211997593044
24.375	11.5	1.00212830335477
24.625	11.5	1.00213336817247
24.875	11.5	1.00213645001602
25.125	11.5	1.00213832657367
25.375	11.5	1.00213947047753
25.625	11.5	1.00214016896564
25.875	11.5	1.00214059660631
26.125	11.5	1.00214085949543
26.375	11.5	1.00214102211633
26.625	11.5	1.00214112366325
26.875	11.5	1.00214118796148
27.125	11.5	1.00214122949602
27.375	11.5	1.0021412570753
27.625	11.5	1.00214127605779
27.875	11.5	1.00214128970505
28.125	11.5	1.00214130000409
28.375	11.5	1.00214130816713
28.625	11.5	1.00214131493529
28.875	11.5	1.00214132076319
29.125	11.5	1.00214132593115
29.375	11.5	1.00214133061333
29.625	11.5	1.00214133491923
29.875	11.5	1.00214133891883
30.125	11.5	1.00214134265797
30.375	11.5	1.0021413461676
30.625	11.5	1.0021413494695
30.875	11.5	1.00214135257968
31.125	11.5	1.00214135551055
31.375	11.5	1.00214135827215
31.625	11.5	1.00214136087294
31.875	11.5	1.00214136332031
32.125	11.5	1.00214136562085
32.375	11.5	1.00214136778055
32.625	11.5	1.0021413698049
32.875	11.5	1.002141371699
33.125	11.5	1.00214137346757
33.375	11.5	1.00214137511499
33.625	11.5	1.00214137664535
33.875	11.5	1.00214137806243
34.125	11.5	1.00214137936975
34.375	11.5	1.00214138057054
34.625	11.5	1.00214138166779
34.875	11.5	1.00214138266423
35.125	11.5	1.00214138356233
35.375	11.5	1.00214138436434
35.625	11.5	1.00214138507226
35.875	11.5	1.00214138568786
36.125	11.5	1.00214138621267
36.375	11.5	1.00214138664802
36.625	11.5	1.00214138699499
36.875	11.5	1.00214138725446
37.125	11.5	1.00214138742709
37.375	11.5	1.00214138751329
0.125	12.5	-0.00214052718224674
0.375	12.5	-0.00214052723518238
0.625	12.5	-0.00214052734125961
0.875	12.5	-0.00214052750089087
1.125	12.5	-0.00214052771469591
1.375	12.5	-0.00214052798350329
1.625	12.5	-0.00214052830835215
1.875	12.5	-0.00214052869049462
2.125	12.5	-0.00214052913139858
2.375	12.5	-0.00214052963275093
2.625	12.5	-0.00214053019646134
2.875	12.5	-0.00214053082466639
3.125	12.5	-0.00214053151973418
3.375	12.5	-0.00214053228426924
3.625	12.5	-0.00214053312111774
3.875	12.5	-0.00214053403337275
4.125	12.5	-0.00214053502437928
4.375	12.5	-0.00214053609773865
4.625	12.5	-0.00214053725731127
4.875	12.5	-0.00214053850721662
5.125	12.5	-0.00214053985182799
5.375	12.5	-0.00214054129575843
5.625	12.5	-0.00214054284383171
5.875	12.5	-0.00214054450102816
6.125	12.5	-0.00214054627238882
6.375	12.5	-0.00214054816285048
6.625	12.5	-0.00214055017696651
6.875	12.5	-0.00214055231843926
7.125	12.5	-0.00214055458934199
7.375	12.5	-0.00214055698882915
7.625	12.5	-0.00214055951100449
7.875	12.5	-0.00214056214140247
8.125	12.5	-0.0021405648511875
8.375	12.5	-0.00214056758759707
8.625	12.5	-0.00214057025820368
8.875	12.5	-0.00214057270500471
9.125	12.5	-0.00214057466177365
9.375	12.5	-0.00214057568386704
9.625	12.5	-0.00214057503270645
9.875	12.5	-0.00214057148567757
10.125	12.5	-0.00214056302330216
10.375	12.5	-0.00214054631446194
10.625	12.5	-0.00214051586931606
10.875	12.5	-0.00214046264540804
11.125	12.5	-0.00214037175399677
11.375	12.5	-0.00214021868580889
11.625	12.5	-0.00213996310050898
11.875	12.5	-0.00213953860729415
12.125	12.5	-0.00213883594895842
12.375	12.5	-0.00213767533156782
12.625	12.5	-0.00213576089378256
12.875	12.5	-0.00213260578844068
13.125	12.5	-0.00212740891060059
13.375	12.5	-0.00211885207060564
13.625	12.5	-0.00210476628859119
13.875	12.5	-0.00208158280724814
14.125	12.5	-0.00204343007210554
14.375	12.5	-0.00198064872958694
14.625	12.5	-0.00187735053812683
14.875	12.5	-0.00170740827177783
15.125	12.5	-0.00142787526992119
15.375	12.5	-0.000968206400078272
15.625	12.5	-0.000212653698494786
15.875	12.5	0.00102834441294819
16.125	12.5	0.00306428255457524
16.375	12.5	0.00639791287232191
16.625	12.5	0.0118391013705938
16.875	12.5	0.020674404544628
17.125	12.5	0.0349007045059523
17.375	12.5	0.0574980858395384
17.625	12.5	0.092622266347258
17.875	12.5	0.145396489911885
18.125	12.5	0.220714556360593
18.375	12.5	0.320510694140106
18.625	12.5	0.440187090688192
18.875	12.5	0.567354204641577
19.125	12.5	0.686118858628135
19.375	12.5	0.784496886283573
19.625	12.5	0.858361781151876
19.875	12.5	0.909927652612253
20.125	12.5	0.944162906022628
20.375	12.5	0.966153236336026
20.625	12.5	0.979983416777231
20.875	12.5	0.988567330908226
21.125	12.5	0.993851668896399
21.375	12.5	0.99708844575174
21.625	12.5	0.999064957599377
21.875	12.5	1.00026963716575
22.125	12.5	1.00100304936631
22.375	12.5	1.00144924390608
22.625	12.5	1.00172058738693
22.875	12.5	1.00188555826115
23.125	12.5	1.00198584287532
23.375	12.5	1.00204680093507
23.625	12.5	1.0020838536618
23.875	12.5	1.00210637638697
24.125	12.5	1.00212006799482
24.375	12.5	1.00212839229506
24.625	12.5	1.0021334544955
24.875	12.5	1.00213653404364
25.125	12.5	1.00213840851558
25.375	12.5	1.00213955047547
25.625	12.5	1.00214024712024
25.875	12.5	1.00214067299338
26.125	12.5	1.00214093417577
26.375	12.5	1.00214109514177
26.625	12.5	1.0021411950802
26.875	12.5	1.00214125781315
27.125	12.5	1.00214129782368
27.375	12.5	1.00214132391912
27.625	12.5	1.00214134145722
27.875	12.5	1.00214135369915
28.125	12.5	1.00214136263167
28.375	12.5	1.0021413694668
28.625	12.5	1.00214137494554
28.875	12.5	1.00214137952239
29.125	12.5	1.00214138347753
29.375	12.5	1.00214138698504
29.625	12.5	1.00214139015428
29.875	12.5	1.00214139305509
30.125	12.5	1.00214139573316
30.375	12.5	1.00214139821931
30.625	12.5	1.00214140053513
30.875	12.5	1.0021414026965
31.125	12.5	1.00214140471564
31.375	12.5	1.00214140660242
31.625	12.5	1.00214140836512
31.875	12.5	1.00214141001096
32.125	12.5	1.00214141154634
32.375	12.5	1.00214141297708
32.625	12.5	1.00214141430849
32.875	12.5	1.0021414155455
33.125	12.5	1.00214141669266
33.375	12.5	1.00214141775419
33.625	12.5	1.00214141873401
33.875	12.5	1.00214141963576
34.125	12.5	1.00214142046281
34.375	12.5	1.00214142121825
34.625	12.5	1.00214142190493
34.875	12.5	1.00214142252547
35.125	12.5	1.00214142308221
35.375	12.5	1.00214142357731
35.625	12.5	1.00214142401266
35.875	12.5	1.00214142438996
36.125	12.5	1.00214142471066
36.375	12.5	1.00214142497601
36.625	12.5	1.00214142518705
36.875	12.5	1.00214142534461
37.125	12.5	1.00214142544931
37.375	12.5	1.00214142550156
0.125	13.5	-0.00214048819560117
0.375	13.5	-0.00214048821112276
0.625	13.5	-0.00214048824235306
0.875	13.5	-0.0021404882896668
1.125	13.5	-0.00214048835362724
1.375	13.5	-0.00214048843498767
1.625	13.5	-0.0021404885346933
1.875	13.5	-0.00214048865388366
2.125	13.5	-0.00214048879389553
2.375	13.5	-0.0021404889562663
2.625	13.5	-0.00214048914273783
2.875	13.5	-0.00214048935526079
3.125	13.5	-0.00214048959599937
3.375	13.5	-0.00214048986733644
3.625	13.5	-0.00214049017187892
3.875	13.5	-0.00214049051246333
4.125	13.5	-0.00214049089216103
4.375	13.5	-0.00214049131428293
4.625	13.5	-0.00214049178238254
4.875	13.5	-0.00214049230025629
5.125	13.5	-0.00214049287193867
5.375	13.5	-0.00214049350168856
5.625	13.5	-0.00214049419396063
5.875	13.5	-0.00214049495335163
6.125	13.5	-0.00214049578450508
6.375	13.5	-0.00214049669194681
6.625	13.5	-0.00214049767980637
6.875	13.5	-0.00214049875135001
7.125	13.5	-0.00214049990820318
7.375	13.5	-0.00214050114906146
7.625	13.5	-0.00214050246755907
7.875	13.5	-0.00214050384875069
8.125	13.5	-0.00214050526331084
8.375	13.5	-0.00214050665797662
8.625	13.5	-0.00214050793980837
8.875	13.5	-0.00214050895027705
9.125	13.5	-0.0021405094226104
9.375	13.5	-0.00214050891159104
9.625	13.5	-0.00214050667802293
9.875	13.5	-0.00214050149860423
10.125	13.5	-0.00214049135305507
10.375	13.5	-0.0021404729092677
10.625	13.5	-0.0021404406761015
10.875	13.5	-0.00214038560928735
11.125	13.5	-0.0021402928174235
11.375	13.5	-0.00214013778717531
11.625	13.5	-0.00213988017183374
11.875	13.5	-0.00213945357040758
12.125	13.5	-0.00213874870921263
12.375	13.5	-0.00213758576746979
12.625	13.5	-0.00213566883991335
12.875	13.5	-0.00213251100731984
13.125	13.5	-0.00212731104635034
13.375	13.5	-0.00211875057265509
13.625	13.5	-0.00210466028607033
13.875	13.5	-0.0020814709022416
14.125	13.5	-0.00204330999943423
14.375	13.5	-0.00198051679714805
14.625	13.5	-0.00187720070674986
14.875	13.5	-0.00170723064370081
15.125	13.5	-0.00142765360924099
15.375	13.5	-0.000967914074409057
15.625	13.5	-0.000212247061248382
15.875	13.5	0.00102893674738983
16.125	13.5	0.00306517691354166
16.375	13.5	0.00639929764055247
16.625	13.5	0.0118412784586175
16.875	13.5	0.0206778494425808
17.125	13.5	0.0349061444592501
17.375	13.5	0.0575065788733346
17.625	13.5	0.0926352216378786
17.875	13.5	0.145415493358503
18.125	13.5	0.220740799043885
18.375	13.5	0.320543942500828
18.625	13.5	0.440224754644561
18.875	13.5	0.567391719542525
19.125	13.5	0.686151732606659
19.375	13.5	0.784522679336964
19.625	13.5	0.858380378231494
19.875	13.5	0.909940294101294
20.125	13.5	0.944171178420917
20.375	13.5	0.96615852972684
20.625	13.5	0.979986767613977
20.875	13.5	0.98856944886678
21.125	13.5	0.993853016943173
21.375	13.5	0.997089317456426
21.625	13.5	0.999065535997264
21.875	13.5	1.00027003522729
22.125	13.5	1.00100333639757
22.375	13.5	1.00144946227535
22.625	13.5	1.00172076294441
22.875	13.5	1.00188570676554
23.125	13.5	1.0019859739337
23.375	13.5	1.00204692040976
23.625	13.5	1.00208396513737
23.875	13.5	1.00210648206325
24.125	13.5	1.00212016922999
24.375	13.5	1.00212848993588
24.625	13.5	1.00213354907788
24.875	13.5	1.00213662591453
25.125	13.5	1.00213849790706
25.375	13.5	1.00213963754967
25.625	13.5	1.00214033199663
25.875	13.5	1.00214075576537
26.125	13.5	1.00214101492079
26.375	13.5	1.00214117392732
26.625	13.5	1.0021412719676
26.875	13.5	1.00214133285975
27.125	13.5	1.00214137108424
27.375	13.5	1.00214139544661
27.625	13.5	1.00214141130336
27.875	13.5	1.00214142191466
28.125	13.5	1.00214142926649
28.375	13.5	1.00214143457017
28.625	13.5	1.0021414385661
28.875	13.5	1.00214144170819
29.125	13.5	1.00214144427611
29.375	13.5	1.00214144644337
29.625	13.5	1.00214144831883
29.875	13.5	1.00214144997185
30.125	13.5	1.00214145144762
30.375	13.5	1.00214145277645
30.625	13.5	1.00214145397951
30.875	13.5	1.00214145507219
31.125	13.5	1.00214145606627
31.375	13.5	1.00214145697117
31.625	13.5	1.00214145779476
31.875	13.5	1.00214145854385
32.125	13.5	1.00214145922444
32.375	13.5	1.00214145984196
32.625	13.5	1.00214146040136
32.875	13.5	1.00214146090722
33.125	13.5	1.00214146136373
33.375	13.5	1.0021414617748
33.625	13.5	1.00214146214405
33.875	13.5	1.00214146247482
34.125	13.5	1.00214146277021
34.375	13.5	1.00214146303304
34.625	13.5	1.00214146326595
34.875	13.5	1.00214146347131
35.125	13.5	1.00214146365128
35.375	13.5	1.0021414638078
35.625	13.5	1.00214146394263
35.875	13.5	1.00214146405729
36.125	13.5	1.00214146415312
36.375	13.5	1.00214146423126
36.625	13.5	1.00214146429264
36.875	13.5	1.00214146433803
37.125	13.5	1.00214146436797
37.375	13.5	1.00214146438285
0.125	14.5	-0.0021404489201536
0.375	14.5	-0.00214044889514248
0.625	14.5	-0.00214044884528048
0.875	14.5	-0.00214044877088856
1.125	14.5	-0.00214044867244936
1.375	14.5	-0.00214044855060857
1.625	14.5	-0.00214044840617692
1.875	14.5	-0.00214044824013249
2.125	14.5	-0.00214044805362361
2.375	14.5	-0.00214044784797222
2.625	14.5	-0.00214044762467763
2.875	14.5	-0.00214044738542086
3.125	14.5	-0.00214044713206931
3.375	14.5	-0.00214044686668182
3.625	14.5	-0.00214044659151405
3.875	14.5	-0.0021404463090239
4.125	14.5	-0.00214044602187678
4.375	14.5	-0.00214044573295016
4.625	14.5	-0.00214044544533666
4.875	14.5	-0.00214044516234424
5.125	14.5	-0.0021404448874913
5.375	14.5	-0.00214044462449298
5.625	14.5	-0.00214044437723245
5.875	14.5	-0.00214044414970722
6.125	14.5	-0.00214044394593369
6.375	14.5	-0.00214044376978269
6.625	14.5	-0.00214044362470079
6.875	14.5	-0.00214044351324324
7.125	14.5	-0.00214044343629628
7.375	14.5	-0.00214044339178793
7.625	14.5	-0.00214044337255624
7.875	14.5	-0.00214044336283059
8.125	14.5	-0.00214044333243034
8.375	14.5	-0.0021404432272062
8.625	14.5	-0.00214044295329881
8.875	14.5	-0.00214044235122243
9.125	14.5	-0.00214044115320517
9.375	14.5	-0.00214043891297705
9.625	14.5	-0.00214043489022008
9.875	14.5	-0.00214042786041378
10.125	14.5	-0.00214041580191804
10.375	14.5	-0.0021403953810489
10.625	14.5	-0.00214036110475116
10.875	14.5	-0.0021403039263007
11.125	14.5	-0.00214020895096762
11.375	14.5	-0.00214005166066746
11.625	14.5	-0.00213979170161626
11.875	14.5	-0.00213936266193458
12.125	14.5	-0.00213865525078551
12.375	14.5	-0.00213748961993604
12.625	14.5	-0.00213556981971777
12.875	14.5	-0.00213240885860973
13.125	14.5	-0.00212720539505807
13.375	14.5	-0.00211864085091011
13.625	14.5	-0.00210454560777133
13.875	14.5	-0.00208134985825299
14.125	14.5	-0.00204318032055213
14.375	14.5	-0.00198037479963983
14.625	14.5	-0.00187704038067938
14.875	14.5	-0.00170704215517359
15.125	14.5	-0.00142742084320021
15.375	14.5	-0.000967610612477831
15.625	14.5	-0.000211829622402107
15.875	14.5	0.00102953893795289
16.125	14.5	0.00306607917817926
16.375	14.5	0.00640068673217361
16.625	14.5	0.011843453675951
16.875	14.5	0.0206812821761589
17.125	14.5	0.0349115557099054
17.375	14.5	0.0575150176152682
17.625	14.5	0.0926480850186414
17.875	14.5	0.145434353717174
18.125	14.5	0.220766837121898
18.375	14.5	0.320576926249352
18.625	14.5	0.440262115354975
18.875	14.5	0.567428931029408
19.125	14.5	0.686184341556382
19.375	14.5	0.784548267296502
19.625	14.5	0.858398831793937
19.875	14.5	0.909952843356873
20.125	14.5	0.944179396301275
20.375	14.5	0.966163794260345
20.625	14.5	0.979990106178022
20.875	14.5	0.98857156487439
21.125	14.5	0.993854369249473
21.375	14.5	0.997090197012389
21.625	14.5	0.99906612420248
21.875	14.5	1.00027044404516
22.125	14.5	1.00100363452232
22.375	14.5	1.00144969170915
22.625	14.5	1.00172094932324
22.875	14.5	1.00188586572711
23.125	14.5	1.00198611502119
23.375	14.5	1.00204704945621
23.625	14.5	1.00208408571894
23.875	14.5	1.00210659638375
24.125	14.5	1.00212027865879
24.375	14.5	1.00212859533491
24.625	14.5	1.00213365100029
24.875	14.5	1.00213672472543
25.125	14.5	1.00213859385682
25.375	14.5	1.0021397308185
25.625	14.5	1.00214042272162
25.875	14.5	1.00214084405694
26.125	14.5	1.00214110087268
26.375	14.5	1.00214125762266
26.625	14.5	1.00214135348264
26.875	14.5	1.00214141226608
27.125	14.5	1.0021414484502
27.375	14.5	1.00214147083812
27.625	14.5	1.00214148478444
27.875	14.5	1.00214149354779
28.125	14.5	1.00214149911276
28.375	14.5	1.0021415026895
28.625	14.5	1.00214150501726
28.875	14.5	1.00214150654893
29.125	14.5	1.00214150756314
29.375	14.5	1.00214150823249
29.625	14.5	1.0021415086649
29.875	14.5	1.00214150892884
30.125	14.5	1.00214150906865
30.375	14.5	1.00214150911383
30.625	14.5	1.00214150908473
30.875	14.5	1.00214150899598
31.125	14.5	1.00214150885863
31.375	14.5	1.00214150868138
31.625	14.5	1.00214150847144
31.875	14.5	1.00214150823493
32.125	14.5	1.00214150797725
32.375	14.5	1.00214150770322
32.625	14.5	1.00214150741723
32.875	14.5	1.0021415071233
33.125	14.5	1.00214150682512
33.375	14.5	1.00214150652611
33.625	14.5	1.00214150622941
33.875	14.5	1.00214150593795
34.125	14.5	1.00214150565441
34.375	14.5	1.00214150538125
34.625	14.5	1.00214150512073
34.875	14.5	1.00214150487492
35.125	14.5	1.00214150464568
35.375	14.5	1.00214150443469
35.625	14.5	1.00214150424344
35.875	14.5	1.00214150407326
36.125	14.5	1.00214150392529
36.375	14.5	1.0021415038005
36.625	14.5	1.0021415036997
36.875	14.5	1.00214150362354
37.125	14.5	1.00214150357251
37.375	14.5	1.00214150354691
0.125	15.5	-0.00214041001887463
0.375	15.5	-0.00214040995064966
0.625	15.5	-0.00214040981432514
0.875	15.5	-0.00214040961015238
1.125	15.5	-0.00214040933850943
1.375	15.5	-0.00214040899990247
1.625	15.5	-0.00214040859496757
1.875	15.5	-0.00214040812447297
2.125	15.5	-0.00214040758932177
2.375	15.5	-0.00214040699055507
2.625	15.5	-0.00214040632935559
2.875	15.5	-0.0021404056070517
3.125	15.5	-0.00214040482512184
3.375	15.5	-0.00214040398519928
3.625	15.5	-0.00214040308907719
3.875	15.5	-0.00214040213871366
4.125	15.5	-0.00214040113623662
4.375	15.5	-0.00214040008394798
4.625	15.5	-0.00214039898432624
4.875	15.5	-0.00214039784002624
5.125	15.5	-0.00214039665387378
5.375	15.5	-0.00214039542885131
5.625	15.5	-0.00214039416806874
5.875	15.5	-0.00214039287470908
6.125	15.5	-0.00214039155193242
6.375	15.5	-0.00214039020271075
6.625	15.5	-0.00214038882954856
6.875	15.5	-0.00214038743401498
7.125	15.5	-0.00214038601596533
7.375	15.5	-0.00214038457225084
7.625	15.5	-0.00214038309458582
7.875	15.5	-0.00214038156602775
8.125	15.5	-0.00214037995517408
8.375	15.5	-0.00214037820660153
8.625	15.5	-0.00214037622512147
8.875	15.5	-0.00214037384985911
9.125	15.5	-0.00214037081158684
9.375	15.5	-0.00214036666250154
9.625	15.5	-0.00214036066065765
9.875	15.5	-0.00214035157978523
10.125	15.5	-0.00214033739632833
10.375	15.5	-0.00214031477444824
10.625	15.5	-0.00214027821857717
10.875	15.5	-0.00214021867892553
11.125	15.5	-0.00214012125682454
11.375	15.5	-0.00213996142885009
11.625	15.5	-0.00213969883361012
11.875	15.5	-0.00213926704792009
12.125	15.5	-0.00213855676358891
12.375	15.5	-0.00213738810510715
12.625	15.5	-0.00213546507922966
12.875	15.5	-0.00213230062405548
13.125	15.5	-0.0021270932835528
13.375	15.5	-0.00211852429251704
13.625	15.5	-0.00210442372604835
13.875	15.5	-0.00208122127363842
14.125	15.5	-0.00204304282679094
14.375	15.5	-0.0019802248314219
14.625	15.5	-0.0018768721382097
14.875	15.5	-0.00170684616580119
15.125	15.5	-0.00142718160136777
15.375	15.5	-0.000967302716157663
15.625	15.5	-0.00021141147172164
15.875	15.5	0.00103013535479933
16.125	15.5	0.00306696467126895
16.375	15.5	0.006402040742968
16.625	15.5	0.0118455637899919
16.875	15.5	0.0206846013522129
17.125	15.5	0.0349167767872162
17.375	15.5	0.0575231486373851
17.625	15.5	0.0926604686540547
17.875	15.5	0.145452500987837
18.125	15.5	0.220791882592056
18.375	15.5	0.320608646477661
18.625	15.5	0.44029804107127
18.875	15.5	0.567464711989286
19.125	15.5	0.686215698211936
19.375	15.5	0.784572876143071
19.625	15.5	0.858416584477775
19.875	15.5	0.909964922303408
20.125	15.5	0.944187313097634
20.375	15.5	0.966168873023153
20.625	15.5	0.979993333999781
20.875	15.5	0.988573617534788
21.125	15.5	0.993855687549842
21.375	15.5	0.997091060443185
21.625	15.5	0.9990667070145
21.875	15.5	1.00027085379198
22.125	15.5	1.00100393719888
22.375	15.5	1.00144992767578
22.625	15.5	1.00172114322369
22.875	15.5	1.00188603260437
23.125	15.5	1.00198626406618
23.375	15.5	1.00204718629731
23.625	15.5	1.00208421381721
23.875	15.5	1.00210671788204
24.125	15.5	1.00212039489811
24.375	15.5	1.00212870716821
24.625	15.5	1.0021337589832
24.875	15.5	1.00213682923209
25.125	15.5	1.00213869515027
25.375	15.5	1.00213982909347
25.625	15.5	1.00214051813049
25.875	15.5	1.0021409367256
26.125	15.5	1.00214119091011
26.375	15.5	1.00214134512683
26.625	15.5	1.00214143854406
26.875	15.5	1.00214149497005
27.125	15.5	1.00214152887813
27.375	15.5	1.0021415490684
27.625	15.5	1.00214156089297
27.875	15.5	1.00214156760833
28.125	15.5	1.00214157119718
28.375	15.5	1.00214157286791
28.625	15.5	1.00214157335816
28.875	15.5	1.00214157311928
29.125	15.5	1.00214157242847
29.375	15.5	1.00214157145691
29.625	15.5	1.00214157031121
29.875	15.5	1.00214156905858
30.125	15.5	1.00214156774212
30.375	15.5	1.00214156639018
30.625	15.5	1.00214156502196
30.875	15.5	1.00214156365105
31.125	15.5	1.00214156228744
31.375	15.5	1.00214156093887
31.625	15.5	1.00214155961158
31.875	15.5	1.00214155831082
32.125	15.5	1.00214155704112
32.375	15.5	1.00214155580649
32.625	15.5	1.00214155461056
32.875	15.5	1.00214155345659
33.125	15.5	1.00214155234761
33.375	15.5	1.00214155128637
33.625	15.5	1.0021415502754
33.875	15.5	1.00214154931706
34.125	15.5	1.00214154841348
34.375	15.5	1.00214154756664
34.625	15.5	1.00214154677833
34.875	15.5	1.00214154605019
35.125	15.5	1.00214154538369
35.375	15.5	1.00214154478017
35.625	15.5	1.00214154424079
35.875	15.5	1.00214154376661
36.125	15.5	1.00214154335852
36.375	15.5	1.00214154301728
36.625	15.5	1.00214154274353
36.875	15.5	1.00214154253779
37.125	15.5	1.00214154240042
37.375	15.5	1.00214154233167
0.125	16.5	-0.00214037219957297
0.375	16.5	-0.00214037208602298
0.625	16.5	-0.0021403718590061
0.875	16.5	-0.00214037151868895
1.125	16.5	-0.00214037106532245
1.375	16.5	-0.002140370499243
1.625	16.5	-0.00214036982087414
1.875	16.5	-0.0021403690307285
2.125	16.5	-0.00214036812941022
2.375	16.5	-0.00214036711761782
2.625	16.5	-0.00214036599614731
2.875	16.5	-0.00214036476589588
3.125	16.5	-0.00214036342786575
3.375	16.5	-0.00214036198316845
3.625	16.5	-0.00214036043302924
3.875	16.5	-0.0021403587787915
4.125	16.5	-0.00214035702192092
4.375	16.5	-0.00214035516400892
4.625	16.5	-0.00214035320677438
4.875	16.5	-0.00214035115206255
5.125	16.5	-0.00214034900183872
5.375	16.5	-0.0021403467581729
5.625	16.5	-0.00214034442320954
5.875	16.5	-0.00214034199911209
6.125	16.5	-0.00214033948796572
6.375	16.5	-0.00214033689161086
6.625	16.5	-0.00214033421136249
6.875	16.5	-0.00214033144754073
7.125	16.5	-0.00214032859869087
7.375	16.5	-0.00214032566029135
7.625	16.5	-0.00214032262261908
7.875	16.5	-0.00214031946722726
8.125	16.5	-0.00214031616113977
8.375	16.5	-0.00214031264728731
8.625	16.5	-0.00214030882875885
8.875	16.5	-0.00214030454287546
9.125	16.5	-0.00214029951851612
9.375	16.5	-0.00214029330588384
9.625	16.5	-0.00214028516092173
9.875	16.5	-0.00214027385510442
10.125	16.5	-0.00214025736243403
10.375	16.5	-0.00214023234437508
10.625	16.5	-0.00214019330229721
10.875	16.5	-0.00214013118280129
11.125	16.5	-0.00214003108276523
11.375	16.5	-0.00213986847298072
11.625	16.5	-0.00213960298413973
11.875	16.5	-0.00213916818169259
12.125	16.5	-0.00213845474046549
12.375	16.5	-0.00213728275877831
12.625	16.5	-0.00213535620214787
12.875	16.5	-0.00213218794268517
13.125	16.5	-0.00212697641767431
13.375	16.5	-0.00211840268827105
13.625	16.5	-0.00210429654574207
13.875	16.5	-0.00208108721437176
14.125	16.5	-0.00204289982194301
14.375	16.5	-0.00198006955946535
14.625	16.5	-0.00187669921488512
14.875	16.5	-0.00170664681663479
15.125	16.5	-0.0014269414832524
15.375	16.5	-0.000966998350630902
15.625	16.5	-0.000211004426951094
15.875	16.5	0.00103070789580541
16.125	16.5	0.00306780504375112
16.375	16.5	0.00640331466037874
16.625	16.5	0.0118475368423674
16.875	16.5	0.0206876918744394
17.125	16.5	0.0349216246951956
17.375	16.5	0.0575306850264521
17.625	16.5	0.0926719337557566
17.875	16.5	0.145469290562526
18.125	16.5	0.220815044569094
18.375	16.5	0.320637974100965
18.625	16.5	0.440331252772169
18.875	16.5	0.567497788798548
19.125	16.5	0.686244687045729
19.375	16.5	0.784595631273119
19.625	16.5	0.858433006389487
19.875	16.5	0.909976103514265
20.125	16.5	0.944194649884098
20.375	16.5	0.966173588323769
20.625	16.5	0.979996339385895
20.875	16.5	0.988575537027345
21.125	16.5	0.993856928157864
21.375	16.5	0.997091880216384
21.625	16.5	0.999067266832076
21.875	16.5	1.00027125295673
22.125	16.5	1.00100423664994
22.375	16.5	1.00145016469106
22.625	16.5	1.00172134057586
22.875	16.5	1.00188620420601
23.125	16.5	1.00198641842956
23.375	16.5	1.00204732864717
23.625	16.5	1.00208434737804
23.875	16.5	1.00210684466142
24.125	16.5	1.002120516163
24.375	16.5	1.0021288237344
24.625	16.5	1.00213387139116
24.875	16.5	1.00213693785385
25.125	16.5	1.00213880025432
25.375	16.5	1.0021399308842
25.625	16.5	1.00214061677224
25.875	16.5	1.00214103235724
26.125	16.5	1.00214128365395
26.375	16.5	1.00214143509408
26.625	16.5	1.0021415258382
26.875	16.5	1.00214157968885
27.125	16.5	1.00214161111498
27.375	16.5	1.00214162891312
27.625	16.5	1.00214163843235
27.875	16.5	1.00214164292647
28.125	16.5	1.00214164437575
28.375	16.5	1.00214164398634
28.625	16.5	1.00214164249377
28.875	16.5	1.0021416403474
29.125	16.5	1.00214163782254
29.375	16.5	1.00214163508858
29.625	16.5	1.00214163225041
29.875	16.5	1.00214162937359
30.125	16.5	1.00214162649966
30.375	16.5	1.00214162365545
30.625	16.5	1.00214162085875
30.875	16.5	1.00214161812176
31.125	16.5	1.00214161545317
31.375	16.5	1.00214161285948
31.625	16.5	1.00214161034574
31.875	16.5	1.00214160791606
32.125	16.5	1.00214160557391
32.375	16.5	1.00214160332228
32.625	16.5	1.00214160116382
32.875	16.5	1.0021415991009
33.125	16.5	1.00214159713568
33.375	16.5	1.0021415952701
33.625	16.5	1.00214159350595
33.875	16.5	1.00214159184486
34.125	16.5	1.00214159028831
34.375	16.5	1.00214158883766
34.625	16.5	1.00214158749414
34.875	16.5	1.00214158625886
35.125	16.5	1.00214158513282
35.375	16.5	1.00214158411692
35.625	16.5	1.00214158321196
35.875	16.5	1.00214158241863
36.125	16.5	1.00214158173754
36.375	16.5	1.00214158116919
36.625	16.5	1.00214158071402
36.875	16.5	1.00214158037234
37.125	16.5	1.00214158014442
37.375	16.5	1.00214158003042
0.125	17.5	-0.00214033620556521
0.375	17.5	-0.00214033604527422
0.625	17.5	-0.00214033572472632
0.875	17.5	-0.00214033524399001
1.125	17.5	-0.00214033460316886
1.375	17.5	-0.00214033380240252
1.625	17.5	-0.00214033284186801
1.875	17.5	-0.00214033172178145
2.125	17.5	-0.00214033044239998
2.375	17.5	-0.00214032900402414
2.625	17.5	-0.0021403274070005
2.875	17.5	-0.00214032565172465
3.125	17.5	-0.00214032373864437
3.375	17.5	-0.00214032166826315
3.625	17.5	-0.0021403194411437
3.875	17.5	-0.00214031705791145
4.125	17.5	-0.00214031451925775
4.375	17.5	-0.00214031182594211
4.625	17.5	-0.00214030897879283
4.875	17.5	-0.0021403059787046
5.125	17.5	-0.0021403028266308
5.375	17.5	-0.00214029952356677
5.625	17.5	-0.00214029607051798
5.875	17.5	-0.00214029246844292
6.125	17.5	-0.00214028871815405
6.375	17.5	-0.00214028482014956
6.625	17.5	-0.00214028077433057
6.875	17.5	-0.00214027657952974
7.125	17.5	-0.00214027223272891
7.375	17.5	-0.00214026772776473
7.625	17.5	-0.00214026305319128
7.875	17.5	-0.00214025818875502
8.125	17.5	-0.00214025309958582
8.375	17.5	-0.00214024772662928
8.625	17.5	-0.00214024197089347
8.875	17.5	-0.00214023566751684
9.125	17.5	-0.0021402285430861
9.375	17.5	-0.00214022014539116
9.625	17.5	-0.00214020972782493
9.875	17.5	-0.00214019605915
10.125	17.5	-0.00214017711045605
10.375	17.5	-0.00214014954003363
10.625	17.5	-0.00214010784571855
10.875	17.5	-0.00214004297005843
11.125	17.5	-0.00213994000509825
11.375	17.5	-0.00213977441559097
11.625	17.5	-0.00213950582428455
11.875	17.5	-0.00213906778563025
12.125	17.5	-0.0021383509585083
12.375	17.5	-0.00213717541723147
12.625	17.5	-0.00213524509011953
12.875	17.5	-0.00213207279044903
13.125	17.5	-0.00212685686111775
13.375	17.5	-0.00211827821042381
13.625	17.5	-0.00210416638055758
13.875	17.5	-0.00208095018835205
14.125	17.5	-0.00204275409344922
14.375	17.5	-0.00197991218970054
14.625	17.5	-0.0018765254621826
14.875	17.5	-0.00170644897654902
15.125	17.5	-0.00142670698475322
15.375	17.5	-0.000966706638402902
15.625	17.5	-0.000210621874881408
15.875	17.5	0.00103123623198435
16.125	17.5	0.0030685686613024
16.375	17.5	0.00640445847975326
16.625	17.5	0.0118492931366745
16.875	17.5	0.0206904265259474
17.125	17.5	0.0349258974314548
17.375	17.5	0.0575373103358239
17.625	17.5	0.0926819966286123
17.875	17.5	0.145484012109391
18.125	17.5	0.220835341564594
18.375	17.5	0.320663665421108
18.625	17.5	0.440360341793363
18.875	17.5	0.567526758877913
19.125	17.5	0.686270079642617
19.375	17.5	0.784615569551261
19.625	17.5	0.858447403782001
19.875	17.5	0.909985916098866
20.125	17.5	0.944201099214778
20.375	17.5	0.966177744136886
20.625	17.5	0.979998998953847
20.875	17.5	0.988577246064638
21.125	17.5	0.993858042563665
21.375	17.5	0.997092625618626
21.625	17.5	0.999067783891627
21.875	17.5	1.00027162849938
22.125	17.5	1.00100452396597
22.375	17.5	1.0014503963904
22.625	17.5	1.00172153659237
22.875	17.5	1.00188637673169
23.125	17.5	1.00198657493806
23.375	17.5	1.00204747373971
23.625	17.5	1.00208448390797
23.875	17.5	1.00210697441837
24.125	17.5	1.00212064028879
24.375	17.5	1.00212894297573
24.625	17.5	1.00213398625315
24.875	17.5	1.00213704869333
25.125	17.5	1.00213890733648
25.375	17.5	1.0021400344171
25.625	17.5	1.00214071692776
25.875	17.5	1.00214112928387
26.125	17.5	1.00214137748463
26.375	17.5	1.00214152595098
26.625	17.5	1.00214161383568
26.875	17.5	1.00214166493535
27.125	17.5	1.00214169371414
27.375	17.5	1.00214170896457
27.625	17.5	1.00214171603222
27.875	17.5	1.00214171816773
28.125	17.5	1.00214171734847
28.375	17.5	1.00214171477788
28.625	17.5	1.00214171118896
28.875	17.5	1.00214170702867
29.125	17.5	1.00214170257002
29.375	17.5	1.00214169798022
29.625	17.5	1.0021416933621
29.875	17.5	1.00214168877922
30.125	17.5	1.00214168427124
30.375	17.5	1.00214167986318
30.625	17.5	1.00214167557114
30.875	17.5	1.00214167140564
31.125	17.5	1.00214166737385
31.375	17.5	1.00214166348075
31.625	17.5	1.00214165973
31.875	17.5	1.00214165612437
32.125	17.5	1.00214165266605
32.375	17.5	1.00214164935683
32.625	17.5	1.00214164619823
32.875	17.5	1.00214164319156
33.125	17.5	1.00214164033794
33.375	17.5	1.00214163763838
33.625	17.5	1.00214163509377
33.875	17.5	1.00214163270492
34.125	17.5	1.00214163047254
34.375	17.5	1.00214162839727
34.625	17.5	1.00214162647967
34.875	17.5	1.00214162472025
35.125	17.5	1.00214162311946
35.375	17.5	1.0021416216777
35.625	17.5	1.00214162039531
35.875	17.5	1.0021416192726
36.125	17.5	1.00214161830982
36.375	17.5	1.00214161750718
36.625	17.5	1.00214161686486
36.875	17.5	1.002141616383
37.125	17.5	1.00214161606171
37.375	17.5	1.00214161590105
0.125	18.5	-0.00214030280425506
0.375	18.5	-0.00214030259661438
0.625	18.5	-0.00214030218131253
0.875	18.5	-0.00214030155830871
1.125	18.5	-0.00214030072754234
1.375	18.5	-0.00214029968893382
1.625	18.5	-0.00214029844238544
1.875	18.5	-0.0021402969877827
2.125	18.5	-0.00214029532499569
2.375	18.5	-0.00214029345388089
2.625	18.5	-0.00214029137428305
2.875	18.5	-0.00214028908603739
3.125	18.5	-0.00214028658897194
3.375	18.5	-0.00214028388290996
3.625	18.5	-0.00214028096767248
3.875	18.5	-0.00214027784308056
4.125	18.5	-0.00214027450895719
4.375	18.5	-0.00214027096512813
4.625	18.5	-0.00214026721142111
4.875	18.5	-0.00214026324766171
5.125	18.5	-0.002140259073664
5.375	18.5	-0.00214025468921195
5.625	18.5	-0.0021402500940256
5.875	18.5	-0.00214024528770185
6.125	18.5	-0.00214024026961322
6.375	18.5	-0.00214023503873718
6.625	18.5	-0.00214022959337084
6.875	18.5	-0.00214022393065686
7.125	18.5	-0.00214021804579825
7.375	18.5	-0.00214021193076087
7.625	18.5	-0.00214020557213284
7.875	18.5	-0.00214019894759579
8.125	18.5	-0.00214019202011199
8.375	18.5	-0.00214018472835216
8.625	18.5	-0.00214017697093704
8.875	18.5	-0.00214016858049896
9.125	18.5	-0.00214015928099175
9.375	18.5	-0.00214014861743518
9.625	18.5	-0.00214013584029983
9.875	18.5	-0.00214011971525225
10.125	18.5	-0.00214009821007969
10.375	18.5	-0.00214006797951301
10.625	18.5	-0.00214002351749052
10.875	18.5	-0.00213995576219505
11.125	18.5	-0.00213984980062949
11.375	18.5	-0.00213968109148475
11.625	18.5	-0.00213940924986559
11.875	18.5	-0.00213896782007752
12.125	18.5	-0.00213824744683727
12.375	18.5	-0.00213706818378235
12.625	18.5	-0.00213513392793799
12.875	18.5	-0.00213195744389993
13.125	18.5	-0.00212673699734863
13.375	18.5	-0.00211815337245564
13.625	18.5	-0.00210403591010403
13.875	18.5	-0.00208081309877317
14.125	18.5	-0.00204260886058976
14.375	18.5	-0.0019797564075813
14.625	18.5	-0.0018763552764588
14.875	18.5	-0.00170625815304616
15.125	18.5	-0.00142648538013219
15.375	18.5	-0.000966437694926682
15.625	18.5	-0.000210278531939492
15.875	18.5	0.00103169816883202
16.125	18.5	0.00306922116401755
16.375	18.5	0.00640541808605911
16.625	18.5	0.0118507466404264
16.875	18.5	0.0206926682034918
17.125	18.5	0.0349293775308081
17.375	18.5	0.0575426841320226
17.625	18.5	0.0926901371429393
17.875	18.5	0.145495902006354
18.125	18.5	0.220851718654329
18.375	18.5	0.32068438386125
18.625	18.5	0.440383794420413
18.875	18.5	0.567550115153644
19.125	18.5	0.686290556103757
19.375	18.5	0.784631656080075
19.625	18.5	0.858459031128825
19.875	18.5	0.909993853897037
20.125	18.5	0.944206330474829
20.375	18.5	0.966181129517004
20.625	18.5	0.98000117978272
20.875	18.5	0.98857866124192
21.125	18.5	0.993858978283064
21.375	18.5	0.997093263295238
21.625	18.5	0.999068236616282
21.875	18.5	1.00027196608285
22.125	18.5	1.00100478926498
22.375	18.5	1.00145061564393
22.625	18.5	1.00172172585579
22.875	18.5	1.00188654584202
23.125	18.5	1.00198672994297
23.375	18.5	1.00204761838003
23.625	18.5	1.00208462052061
23.875	18.5	1.00210710448542
24.125	18.5	1.00212076477121
24.375	18.5	1.0021290625161
24.625	18.5	1.0021341012988
24.875	18.5	1.00213715957112
25.125	18.5	1.00213901429831
25.375	18.5	1.00214013766753
25.625	18.5	1.00214081664089
25.875	18.5	1.00214122561363
26.125	18.5	1.00214147057111
26.375	18.5	1.00214161592431
26.625	18.5	1.00214170081847
26.875	18.5	1.00214174904421
27.125	18.5	1.00214177506072
27.375	18.5	1.00214178765616
27.625	18.5	1.00214179217224
27.875	18.5	1.00214179185607
28.125	18.5	1.00214178868172
28.375	18.5	1.00214178384956
28.625	18.5	1.00214177808966
28.875	18.5	1.00214177184621
29.125	18.5	1.00214176538962
29.375	18.5	1.0021417588846
29.625	18.5	1.00214175243157
29.875	18.5	1.00214174609185
30.125	18.5	1.00214173990292
30.375	18.5	1.00214173388776
30.625	18.5	1.00214172806047
30.875	18.5	1.00214172242976
31.125	18.5	1.00214171700097
31.375	18.5	1.00214171177743
31.625	18.5	1.00214170676118
31.875	18.5	1.00214170195348
32.125	18.5	1.00214169735509
32.375	18.5	1.00214169296644
32.625	18.5	1.00214168878776
32.875	18.5	1.00214168481914
33.125	18.5	1.00214168106059
33.375	18.5	1.00214167751204
33.625	18.5	1.00214167417339
33.875	18.5	1.0021416710445
34.125	18.5	1.00214166812523
34.375	18.5	1.0021416654154
34.625	18.5	1.00214166291485
34.875	18.5	1.00214166062341
35.125	18.5	1.00214165854091
35.375	18.5	1.00214165666718
35.625	18.5	1.00214165500207
35.875	18.5	1.00214165354543
36.125	18.5	1.00214165229714
36.375	18.5	1.00214165125708
36.625	18.5	1.00214165042515
36.875	18.5	1.00214164980128
37.125	18.5	1.0021416493854
37.375	18.5	1.00214164917747
0.125	19.5	-0.00214027277383783
0.375	19.5	-0.00214027251913953
0.625	19.5	-0.00214027200966366
0.875	19.5	-0.00214027124525186
1.125	19.5	-0.0021402702256669
1.375	19.5	-0.00214026895059317
1.625	19.5	-0.00214026741963721
1.875	19.5	-0.00214026563232847
2.125	19.5	-0.00214026358812015
2.375	19.5	-0.00214026128639017
2.625	19.5	-0.00214025872644235
2.875	19.5	-0.00214025590750756
3.125	19.5	-0.00214025282874507
3.375	19.5	-0.00214024948924384
3.625	19.5	-0.00214024588802368
3.875	19.5	-0.00214024202403621
4.125	19.5	-0.00214023789616518
4.375	19.5	-0.00214023350322573
4.625	19.5	-0.00214022884396173
4.875	19.5	-0.00214022391703983
5.125	19.5	-0.00214021872103802
5.375	19.5	-0.00214021325442484
5.625	19.5	-0.00214020751552326
5.875	19.5	-0.00214020150244895
6.125	19.5	-0.00214019521300641
6.375	19.5	-0.00214018864451546
6.625	19.5	-0.00214018179352299
6.875	19.5	-0.00214017465532566
7.125	19.5	-0.0021401672231813
7.375	19.5	-0.00214015948700791
7.625	19.5	-0.00214015143123911
7.875	19.5	-0.00214014303129136
8.125	19.5	-0.00214013424774657
8.375	19.5	-0.00214012501677499
8.625	19.5	-0.0021401152343713
8.875	19.5	-0.00214010473040986
9.125	19.5	-0.00214009322594699
9.375	19.5	-0.00214008026295595
9.625	19.5	-0.00214006508869947
9.875	19.5	-0.00214004646545772
10.125	19.5	-0.0021400223574283
10.375	19.5	-0.00213998941551212
10.625	19.5	-0.00213994212951982
10.875	19.5	-0.00213987143311824
11.125	19.5	-0.00213976240826056
11.375	19.5	-0.00213959050781881
11.625	19.5	-0.00213931533992546
11.875	19.5	-0.00213887044013101
12.125	19.5	-0.00213814644158048
12.375	19.5	-0.00213696338182154
12.625	19.5	-0.00213502513446857
12.875	19.5	-0.00213184442876531
13.125	19.5	-0.00212661947548109
13.375	19.5	-0.00211803097175484
13.625	19.5	-0.00210390811860067
13.875	19.5	-0.00208067917764094
14.125	19.5	-0.00204246770087363
14.375	19.5	-0.00197960629422047
14.625	19.5	-0.00187619349975411
14.875	19.5	-0.00170608036944529
15.125	19.5	-0.00142628456204181
15.375	19.5	-0.000966202409290456
15.625	19.5	-0.000209990129231411
15.875	19.5	0.00103207011626114
16.125	19.5	0.00306972618796443
16.375	19.5	0.00640613638351776
16.625	19.5	0.0118518067734374
16.875	19.5	0.0206942727592631
17.125	19.5	0.0349318365637298
17.375	19.5	0.0575464490266327
17.625	19.5	0.0926958094654187
17.875	19.5	0.145504159077698
18.125	19.5	0.220863069190496
18.375	19.5	0.320698727433719
18.625	19.5	0.440400022943111
18.875	19.5	0.567566276920271
19.125	19.5	0.686304732033054
19.375	19.5	0.784642805334051
19.625	19.5	0.858467106337831
19.875	19.5	0.909999385806094
20.125	19.5	0.944209996628312
20.375	19.5	0.966183522908144
20.625	19.5	0.980002742133821
20.875	19.5	0.988579694749301
21.125	19.5	0.993859679939868
21.375	19.5	0.997093757942587
21.625	19.5	0.99906860206784
21.875	19.5	1.00027225037682
22.125	19.5	1.00100502190502
22.375	19.5	1.00145081471229
22.625	19.5	1.00172190243888
22.875	19.5	1.00188670675611
23.125	19.5	1.00198687940296
23.375	19.5	1.00204775901735
23.625	19.5	1.00208475400264
23.875	19.5	1.00210723189203
24.125	19.5	1.00212088682344
24.375	19.5	1.00212917971498
24.625	19.5	1.00213421400965
24.875	19.5	1.00213726807477
25.125	19.5	1.0021391188222
25.375	19.5	1.0021402384047
25.625	19.5	1.00214091376153
25.875	19.5	1.00214131927221
26.125	19.5	1.00214156091073
26.375	19.5	1.00214170307945
26.625	19.5	1.00214178491675
26.875	19.5	1.00214183020746
27.125	19.5	1.00214185340577
27.375	19.5	1.00214186329536
27.625	19.5	1.00214186521383
27.875	19.5	1.00214186240446
28.125	19.5	1.00214185683777
28.375	19.5	1.00214184971073
28.625	19.5	1.00214184175023
28.875	19.5	1.00214183339742
29.125	19.5	1.00214182491981
29.375	19.5	1.00214181647936
29.625	19.5	1.00214180817388
29.875	19.5	1.00214180006219
30.125	19.5	1.0021417921794
30.375	19.5	1.00214178454623
30.625	19.5	1.00214177717463
30.875	19.5	1.00214177007125
31.125	19.5	1.00214176323952
31.375	19.5	1.00214175668091
31.625	19.5	1.00214175039572
31.875	19.5	1.00214174438356
32.125	19.5	1.00214173864361
32.375	19.5	1.00214173317484
32.625	19.5	1.00214172797608
32.875	19.5	1.00214172304611
33.125	19.5	1.0021417183837
33.375	19.5	1.00214171398763
33.625	19.5	1.00214170985672
33.875	19.5	1.00214170598982
34.125	19.5	1.00214170238584
34.375	19.5	1.00214169904375
34.625	19.5	1.00214169596259
34.875	19.5	1.00214169314144
35.125	19.5	1.00214169057948
35.375	19.5	1.00214168827593
35.625	19.5	1.00214168623011
35.875	19.5	1.00214168444138
36.125	19.5	1.00214168290921
36.375	19.5	1.00214168163312
36.625	19.5	1.00214168061273
36.875	19.5	1.00214167984771
37.125	19.5	1.00214167933783
37.375	19.5	1.00214167908293
0.125	20.5	-0.00214024688843999
0.375	20.5	-0.00214024658794657
0.625	20.5	-0.00214024598681927
0.875	20.5	-0.00214024508477715
1.125	20.5	-0.00214024388139892
1.375	20.5	-0.00214024237612295
1.625	20.5	-0.00214024056824747
1.875	20.5	-0.00214023845693068
2.125	20.5	-0.00214023604119094
2.375	20.5	-0.00214023331990694
2.625	20.5	-0.00214023029181794
2.875	20.5	-0.0021402269555239
3.125	20.5	-0.00214022330948566
3.375	20.5	-0.00214021935202491
3.625	20.5	-0.00214021508132396
3.875	20.5	-0.00214021049542512
4.125	20.5	-0.00214020559222935
4.375	20.5	-0.00214020036949366
4.625	20.5	-0.00214019482482646
4.875	20.5	-0.00214018895567957
5.125	20.5	-0.00214018275933436
5.375	20.5	-0.00214017623287865
5.625	20.5	-0.00214016937316788
5.875	20.5	-0.00214016217676068
6.125	20.5	-0.00214015463981198
6.375	20.5	-0.00214014675789641
6.625	20.5	-0.00214013852571669
6.875	20.5	-0.00214012993662275
7.125	20.5	-0.00214012098181949
7.375	20.5	-0.00214011164906167
7.625	20.5	-0.00214010192050522
7.875	20.5	-0.00214009176916995
8.125	20.5	-0.00214008115311735
8.375	20.5	-0.0021400700058684
8.625	20.5	-0.00214005822063412
8.875	20.5	-0.00214004562436471
9.125	20.5	-0.00214003193504517
9.375	20.5	-0.00214001669142259
9.625	20.5	-0.00213999913736954
9.875	20.5	-0.00213997803160086
10.125	20.5	-0.00213995133455912
10.375	20.5	-0.00213991569318049
10.625	20.5	-0.00213986559307271
10.875	20.5	-0.00213979196341881
11.125	20.5	-0.00213967988134139
11.375	20.5	-0.00213950479443085
11.625	20.5	-0.00213922630491955
11.875	20.5	-0.00213877794156712
12.125	20.5	-0.00213805032939133
12.375	20.5	-0.00213686349574335
12.625	20.5	-0.0021349213007633
12.875	20.5	-0.00213173645494651
13.125	20.5	-0.00212650714173899
13.375	20.5	-0.00211791401692174
13.625	20.5	-0.0021037862170848
13.875	20.5	-0.00208055190142356
14.125	20.5	-0.00204233445681299
14.375	20.5	-0.00197946622056331
14.625	20.5	-0.00187604529533054
14.875	20.5	-0.00170592201195624
15.125	20.5	-0.00142611284407687
15.375	20.5	-0.000966012175971981
15.625	20.5	-0.000209773030504116
15.875	20.5	0.00103232765468748
16.125	20.5	0.00307004622973843
16.375	20.5	0.00640655464385508
16.625	20.5	0.0118523805365241
16.875	20.5	0.0206950923772107
17.125	20.5	0.0349330404743204
17.375	20.5	0.0575482390133781
17.625	20.5	0.0926984547737617
17.875	20.5	0.14550796322987
18.125	20.5	0.220868260500487
18.375	20.5	0.320705261231995
18.625	20.5	0.440407402365833
18.875	20.5	0.567573626300106
19.125	20.5	0.686311190399134
19.375	20.5	0.784647906101777
19.625	20.5	0.858470828703342
19.875	20.5	0.910001967967587
20.125	20.5	0.944211742184153
20.375	20.5	0.96618469723533
20.625	20.5	0.980003542668849
20.875	20.5	0.988580256401077
21.125	20.5	0.99386009055244
21.375	20.5	0.997094073134609
21.625	20.5	0.999068856489513
21.875	20.5	1.00027246542553
22.125	20.5	1.0010052107436
22.375	20.5	1.00145098543866
22.625	20.5	1.00172206005404
22.875	20.5	1.00188685437383
23.125	20.5	1.00198701898855
23.375	20.5	1.00204789183728
23.625	20.5	1.00208488089748
23.875	20.5	1.00210735344195
24.125	20.5	1.00212100344843
24.375	20.5	1.00212929173562
24.625	20.5	1.00213432168393
24.875	20.5	1.00213737162041
25.125	20.5	1.00213921843029
25.375	20.5	1.00214033424798
25.625	20.5	1.00214100599956
25.875	20.5	1.00214140805446
26.125	20.5	1.00214164637868
26.375	20.5	1.00214178536786
26.625	20.5	1.0021418641545
26.875	20.5	1.0021419065182
27.125	20.5	1.00214192690834
27.375	20.5	1.00214193410414
27.625	20.5	1.002141933439
27.875	20.5	1.00214192815227
28.125	20.5	1.0021419202107
28.375	20.5	1.00214191080773
28.625	20.5	1.00214190066685
28.875	20.5	1.002141890226
29.125	20.5	1.00214187974964
29.375	20.5	1.0021418693968
29.625	20.5	1.00214185926251
29.875	20.5	1.00214184940296
30.125	20.5	1.00214183985074
30.375	20.5	1.00214183062417
30.625	20.5	1.00214182173295
30.875	20.5	1.00214181318156
31.125	20.5	1.00214180497138
31.375	20.5	1.00214179710194
31.625	20.5	1.00214178957171
31.875	20.5	1.00214178237854
32.125	20.5	1.00214177551999
32.375	20.5	1.00214176899345
32.625	20.5	1.0021417627963
32.875	20.5	1.00214175692594
33.125	20.5	1.00214175137985
33.375	20.5	1.0021417461556
33.625	20.5	1.00214174125086
33.875	20.5	1.00214173666345
34.125	20.5	1.00214173239129
34.375	20.5	1.00214172843244
34.625	20.5	1.00214172478509
34.875	20.5	1.00214172144758
35.125	20.5	1.00214171841838
35.375	20.5	1.00214171569609
35.625	20.5	1.00214171327944
35.875	20.5	1.00214171116733
36.125	20.5	1.00214170935877
36.375	20.5	1.00214170785292
36.625	20.5	1.00214170664909
36.875	20.5	1.0021417057467
37.125	20.5	1.00214170514535
37.375	20.5	1.00214170484474
0.125	21.5	-0.0021402259020859
0.375	21.5	-0.00214022555807225
0.625	21.5	-0.00214022486984266
0.875	21.5	-0.00214022383699246
1.125	21.5	-0.0021402224589144
1.375	21.5	-0.0021402207347984
1.625	21.5	-0.00214021866363121
1.875	21.5	-0.00214021624419593
2.125	21.5	-0.00214021347507146
2.375	21.5	-0.00214021035463186
2.625	21.5	-0.00214020688104556
2.875	21.5	-0.00214020305227442
3.125	21.5	-0.00214019886607264
3.375	21.5	-0.00214019431998537
3.625	21.5	-0.00214018941134698
3.875	21.5	-0.00214018413727875
4.125	21.5	-0.00214017849468571
4.375	21.5	-0.00214017248025213
4.625	21.5	-0.00214016609043477
4.875	21.5	-0.0021401593214525
5.125	21.5	-0.00214015216927021
5.375	21.5	-0.00214014462957293
5.625	21.5	-0.00214013669772429
5.875	21.5	-0.00214012836869913
6.125	21.5	-0.00214011963697346
6.375	21.5	-0.00214011049634448
6.625	21.5	-0.00214010093963544
6.875	21.5	-0.00214009095821101
7.125	21.5	-0.00214008054118099
7.375	21.5	-0.00214006967409109
7.625	21.5	-0.00214005833676973
7.875	21.5	-0.00214004649978612
8.125	21.5	-0.00214003411862321
8.375	21.5	-0.00214002112409037
8.625	21.5	-0.00214000740654865
8.875	21.5	-0.00213999278995465
9.125	21.5	-0.00213997698915063
9.375	21.5	-0.00213995953958662
9.625	21.5	-0.00213993968167901
9.875	21.5	-0.00213991617052348
10.125	21.5	-0.00213988696277824
10.375	21.5	-0.00213984870143078
10.625	21.5	-0.0021397958679817
10.875	21.5	-0.00213971938736273
11.125	21.5	-0.00213960433232934
11.375	21.5	-0.00213942614604018
11.625	21.5	-0.00213914442631995
11.875	21.5	-0.00213869269769445
12.125	21.5	-0.0021379615813708
12.375	21.5	-0.00213677110172385
12.625	21.5	-0.00213482511742612
12.875	21.5	-0.00213163634011651
13.125	21.5	-0.00212640295879426
13.375	21.5	-0.00211780564213352
13.625	21.5	-0.00210367355172874
13.875	21.5	-0.00208043489165662
14.125	21.5	-0.00204221312618733
14.375	21.5	-0.00197934072309849
14.625	21.5	-0.00187591600201676
14.875	21.5	-0.00170578965157445
15.125	21.5	-0.00142597873212189
15.375	21.5	-0.000965878586039712
15.625	21.5	-0.000209643794778415
15.875	21.5	0.00103244618007651
16.125	21.5	0.00307014362802501
16.375	21.5	0.00640661403293592
16.625	21.5	0.0118523749173293
16.875	21.5	0.020694979384018
17.125	21.5	0.0349327556002199
17.375	21.5	0.0575476888646132
17.625	21.5	0.0926975155805445
17.875	21.5	0.145506496437505
18.125	21.5	0.220866162814764
18.375	21.5	0.320702553988308
18.625	21.5	0.44040431168952
18.875	21.5	0.567570549221008
19.125	21.5	0.686308517328943
19.375	21.5	0.784645849496467
19.625	21.5	0.858469399063356
19.875	21.5	0.910001057451401
20.125	21.5	0.944211212143037
20.375	21.5	0.966184425626007
20.625	21.5	0.9800034380694
20.875	21.5	0.988580255921235
21.125	21.5	0.993860152985636
21.375	21.5	0.997094172258293
21.625	21.5	0.999068975922602
21.875	21.5	1.0002725950676
22.125	21.5	1.00100534443573
22.375	21.5	1.00145111947061
22.625	21.5	1.00172219222726
22.875	21.5	1.00188698341879
23.125	21.5	1.00198714420454
23.375	21.5	1.00204801287035
23.625	21.5	1.00208499760389
23.875	21.5	1.00210746580427
24.125	21.5	1.00212111152409
24.375	21.5	1.00212939562538
24.625	21.5	1.00213442151261
24.875	21.5	1.00213746752514
25.125	21.5	1.00213931055341
25.375	21.5	1.00214042273277
25.625	21.5	1.0021410909877
25.875	21.5	1.00214148968462
26.125	21.5	1.00214172478565
26.375	21.5	1.0021418606822
26.625	21.5	1.00214193650235
26.875	21.5	1.00214197602127
27.125	21.5	1.00214199368398
27.375	21.5	1.00214199826546
27.625	21.5	1.002141995095
27.875	21.5	1.00214198740802
28.125	21.5	1.0021419771675
28.375	21.5	1.00214196556327
28.625	21.5	1.00214195331537
28.875	21.5	1.00214194085845
29.125	21.5	1.00214192845383
29.375	21.5	1.00214191625757
29.625	21.5	1.00214190436185
29.875	21.5	1.00214189282015
30.125	21.5	1.00214188166249
30.375	21.5	1.00214187090476
30.625	21.5	1.00214186055432
30.875	21.5	1.00214185061346
31.125	21.5	1.00214184108146
31.375	21.5	1.00214183195588
31.625	21.5	1.0021418232333
31.875	21.5	1.00214181490982
32.125	21.5	1.0021418069813
32.375	21.5	1.00214179944357
32.625	21.5	1.00214179229251
32.875	21.5	1.00214178552413
33.125	21.5	1.00214177913459
33.375	21.5	1.00214177312023
33.625	21.5	1.00214176747758
33.875	21.5	1.00214176220337
34.125	21.5	1.00214175729454
34.375	21.5	1.00214175274824
34.625	21.5	1.00214174856181
34.875	21.5	1.00214174473281
35.125	21.5	1.002141741259
35.375	21.5	1.00214173813834
35.625	21.5	1.00214173536901
35.875	21.5	1.0021417329494
36.125	21.5	1.00214173087807
36.375	21.5	1.00214172915381
36.625	21.5	1.00214172777562
36.875	21.5	1.00214172674269
37.125	21.5	1.0021417260544
37.375	21.5	1.00214172571036
0.125	22.5	-0.00214021053195452
0.375	22.5	-0.00214021014771874
0.625	22.5	-0.00214020937898445
0.875	22.5	-0.00214020822522599
1.125	22.5	-0.00214020668565433
1.375	22.5	-0.00214020475921644
1.625	22.5	-0.00214020244459444
1.875	22.5	-0.00214019974020455
2.125	22.5	-0.00214019664419579
2.375	22.5	-0.00214019315444843
2.625	22.5	-0.00214018926857224
2.875	22.5	-0.00214018498390444
3.125	22.5	-0.00214018029750727
3.375	22.5	-0.00214017520616524
3.625	22.5	-0.00214016970638185
3.875	22.5	-0.00214016379437561
4.125	22.5	-0.00214015746607499
4.375	22.5	-0.00214015071711196
4.625	22.5	-0.00214014354281301
4.875	22.5	-0.00214013593818661
5.125	22.5	-0.00214012789790441
5.375	22.5	-0.00214011941627289
5.625	22.5	-0.00214011048718889
5.875	22.5	-0.00214010110406919
6.125	22.5	-0.00214009125973726
6.375	22.5	-0.00214008094623986
6.625	22.5	-0.00214007015454823
6.875	22.5	-0.00214005887406969
7.125	22.5	-0.00214004709184727
7.375	22.5	-0.0021400347912462
7.625	22.5	-0.0021400219497963
7.875	22.5	-0.00214000853564547
8.125	22.5	-0.00213999450172781
8.375	22.5	-0.00213997977617159
8.625	22.5	-0.00213996424651982
8.875	22.5	-0.00213994773376975
9.125	22.5	-0.00213992994965953
9.375	22.5	-0.00213991042638809
9.625	22.5	-0.0021398884009743
9.875	22.5	-0.00213986262497478
10.125	22.5	-0.00213983105137956
10.375	22.5	-0.00213979031940384
10.625	22.5	-0.00213973490671757
10.875	22.5	-0.0021396557344437
11.125	22.5	-0.00213953787168761
11.375	22.5	-0.00213935675834662
11.625	22.5	-0.002139071989756
11.875	22.5	-0.0021386170893588
12.125	22.5	-0.00213788267973351
12.375	22.5	-0.00213668879080554
12.625	22.5	-0.00213473929381405
12.875	22.5	-0.00213154692464204
13.125	22.5	-0.0021263099158654
13.375	22.5	-0.00211770901163472
13.625	22.5	-0.00210357350154738
13.875	22.5	-0.00208033180405667
14.125	22.5	-0.00204210773970938
14.375	22.5	-0.00197923436551282
14.625	22.5	-0.00187581097248085
14.875	22.5	-0.0017056898469901
15.125	22.5	-0.00142589067234458
15.375	22.5	-0.000965813088262185
15.625	22.5	-0.000209618698286023
15.875	22.5	0.00103240160659895
16.125	22.5	0.00306998162994992
16.375	22.5	0.00640625726597726
16.625	22.5	0.0118516994951203
16.875	22.5	0.0206937903713057
17.125	22.5	0.0349307551799009
17.375	22.5	0.0575444442839683
17.625	22.5	0.0926924512044431
17.875	22.5	0.145498965403802
18.125	22.5	0.220855680493121
18.375	22.5	0.320689217521939
18.625	22.5	0.440389178440178
18.875	22.5	0.567555479598671
19.125	22.5	0.686295340686634
19.375	22.5	0.784635559138484
19.625	22.5	0.858462041517128
19.875	22.5	0.909996126999446
20.125	22.5	0.944208061638901
20.375	22.5	0.966182487578049
20.625	22.5	0.980002288941585
20.875	22.5	0.988579605411566
21.125	22.5	0.993859811521184
21.375	22.5	0.997094019527728
21.625	22.5	0.999068936877009
21.875	22.5	1.00027262339439
22.125	22.5	1.00100541176057
22.375	22.5	1.00145120850464
22.625	22.5	1.00172229249042
22.875	22.5	1.00188708859708
23.125	22.5	1.00198725052649
23.375	22.5	1.00204811811308
23.625	22.5	1.00208510048592
23.875	22.5	1.00210756561506
24.125	22.5	1.00212120789827
24.375	22.5	1.00212948840517
24.625	22.5	1.00213451066412
24.875	22.5	1.00213755308746
25.125	22.5	1.00213939260769
25.375	22.5	1.00214050138349
25.625	22.5	1.00214116635136
25.875	22.5	1.00214156188293
26.125	22.5	1.00214179394151
26.375	22.5	1.00214192691729
26.625	22.5	1.00214199993582
26.875	22.5	1.00214203676898
27.125	22.5	1.00214205185811
27.375	22.5	1.00214205397437
27.625	22.5	1.00214204844325
27.875	22.5	1.00214203849637
28.125	22.5	1.00214202609306
28.375	22.5	1.00214201241962
28.625	22.5	1.00214199819271
28.875	22.5	1.00214198384373
29.125	22.5	1.00214196963089
29.375	22.5	1.00214195570731
29.625	22.5	1.00214194216237
29.875	22.5	1.00214192904686
30.125	22.5	1.00214191638827
30.375	22.5	1.00214190420007
30.625	22.5	1.00214189248732
30.875	22.5	1.00214188125014
31.125	22.5	1.00214187048576
31.375	22.5	1.00214186018977
31.625	22.5	1.00214185035691
31.875	22.5	1.00214184098154
32.125	22.5	1.00214183205786
32.375	22.5	1.00214182358016
32.625	22.5	1.00214181554285
32.875	22.5	1.00214180794056
33.125	22.5	1.00214180076816
33.375	22.5	1.00214179402079
33.625	22.5	1.00214178769384
33.875	22.5	1.00214178178301
34.125	22.5	1.00214177628426
34.375	22.5	1.00214177119383
34.625	22.5	1.00214176650823
34.875	22.5	1.00214176222427
35.125	22.5	1.00214175833901
35.375	22.5	1.00214175484981
35.625	22.5	1.00214175175427
35.875	22.5	1.00214174905028
36.125	22.5	1.002141746736
36.375	22.5	1.00214174480984
36.625	22.5	1.00214174327049
36.875	22.5	1.00214174211689
37.125	22.5	1.00214174134827
37.375	22.5	1.00214174096409
0.125	23.5	-0.00214020144144114
0.375	23.5	-0.00214020102128242
0.625	23.5	-0.00214020018064523
0.875	23.5	-0.00214019891888974
1.125	23.5	-0.00214019723505537
1.375	23.5	-0.0021401951278598
1.625	23.5	-0.00214019259569762
1.875	23.5	-0.00214018963663873
2.125	23.5	-0.00214018624842623
2.375	23.5	-0.00214018242847413
2.625	23.5	-0.00214017817386453
2.875	23.5	-0.00214017348134446
3.125	23.5	-0.00214016834732228
3.375	23.5	-0.00214016276786352
3.625	23.5	-0.00214015673868605
3.875	23.5	-0.00214015025515447
4.125	23.5	-0.00214014331227325
4.375	23.5	-0.0021401359046783
4.625	23.5	-0.00214012802662594
4.875	23.5	-0.00214011967197796
5.125	23.5	-0.00214011083418051
5.375	23.5	-0.00214010150623304
5.625	23.5	-0.0021400916806411
5.875	23.5	-0.0021400813493429
6.125	23.5	-0.00214007050359293
6.375	23.5	-0.00214005913377518
6.625	23.5	-0.0021400472291008
6.875	23.5	-0.00214003477711591
7.125	23.5	-0.0021400217628973
7.375	23.5	-0.00214000816773485
7.625	23.5	-0.00213999396696959
7.875	23.5	-0.00213997912644282
8.125	23.5	-0.00213996359665992
8.375	23.5	-0.00213994730319409
8.625	23.5	-0.00213993013090316
8.875	23.5	-0.00213991189796621
9.125	23.5	-0.002139892313169
9.375	23.5	-0.00213987090562562
9.625	23.5	-0.00213984690914424
9.875	23.5	-0.00213981907196006
10.125	23.5	-0.00213978534366012
10.375	23.5	-0.00213974236002742
10.625	23.5	-0.0021396845953614
10.875	23.5	-0.00213960296763054
11.125	23.5	-0.0021394825432607
11.375	23.5	-0.00213929876037542
11.625	23.5	-0.00213901121415567
11.875	23.5	-0.00213855343068814
12.125	23.5	-0.00213781603993559
12.375	23.5	-0.00213661908714658
12.625	23.5	-0.00213466647208376
12.875	23.5	-0.00213147098100574
13.125	23.5	-0.00212623093293806
13.375	23.5	-0.00211762721792877
13.625	23.5	-0.00210348936932767
13.875	23.5	-0.00208024621029318
14.125	23.5	-0.00204202223066067
14.375	23.5	-0.00197915159143435
14.625	23.5	-0.0018757354014073
14.875	23.5	-0.00170562893573362
15.125	23.5	-0.00142585678497682
15.375	23.5	-0.000965826632288031
15.625	23.5	-0.000209713232693774
15.875	23.5	0.0010321711021506
16.125	23.5	0.00306952550492435
16.375	23.5	0.00640543033375224
16.625	23.5	0.0118502691542725
16.875	23.5	0.0206913904865556
17.125	23.5	0.0349268261228207
17.375	23.5	0.0575381724654077
17.625	23.5	0.0926827538567144
17.875	23.5	0.145484625117126
18.125	23.5	0.220835784479419
18.375	23.5	0.320663947730351
18.625	23.5	0.440360524927414
18.875	23.5	0.567526945223925
19.125	23.5	0.686270370132535
19.375	23.5	0.78461602249114
19.625	23.5	0.858448025971255
19.875	23.5	0.909986680332494
20.125	23.5	0.944201965950374
20.375	23.5	0.966178675366516
20.625	23.5	0.979999963873972
20.875	23.5	0.988578221918827
21.125	23.5	0.993859013493075
21.375	23.5	0.997093581041936
21.625	23.5	0.999068717032279
21.875	23.5	1.00027253523048
22.125	23.5	1.00100540196516
22.375	23.5	1.00145124454413
22.625	23.5	1.00172235458498
22.875	23.5	1.00188716476571
23.125	23.5	1.0019873335457
23.375	23.5	1.00204820365676
23.625	23.5	1.00208518599001
23.875	23.5	1.00210764958558
24.125	23.5	1.00212128948988
24.375	23.5	1.00212956716469
24.625	23.5	1.00213458637449
24.875	23.5	1.00213762567289
25.125	23.5	1.00213946207602
25.375	23.5	1.00214056779124
25.625	23.5	1.00214122978253
25.875	23.5	1.00214162243624
26.125	23.5	1.00214185172268
26.375	23.5	1.00214198203448
26.625	23.5	1.00214205249689
26.875	23.5	1.00214208687995
27.125	23.5	1.00214209962227
27.375	23.5	1.00214209949186
27.625	23.5	1.0021420918108
27.875	23.5	1.00214207980731
28.125	23.5	1.0021420654373
28.375	23.5	1.00214204988375
28.625	23.5	1.00214203386011
28.875	23.5	1.00214201779472
29.125	23.5	1.00214200194285
29.375	23.5	1.00214198645479
29.625	23.5	1.00214197141725
29.875	23.5	1.00214195687847
30.125	23.5	1.00214194286352
30.375	23.5	1.00214192938356
30.625	23.5	1.00214191644148
30.875	23.5	1.00214190403533
31.125	23.5	1.00214189216036
31.375	23.5	1.00214188081033
31.625	23.5	1.00214186997821
31.875	23.5	1.00214185965669
32.125	23.5	1.00214184983843
32.375	23.5	1.00214184051622
32.625	23.5	1.0021418316831
32.875	23.5	1.00214182333239
33.125	23.5	1.00214181545774
33.375	23.5	1.00214180805314
33.625	23.5	1.00214180111293
33.875	23.5	1.00214179463179
34.125	23.5	1.00214178860477
34.375	23.5	1.00214178302726
34.625	23.5	1.00214177789499
34.875	23.5	1.00214177320404
35.125	23.5	1.00214176895083
35.375	23.5	1.00214176513212
35.625	23.5	1.002141761745
35.875	23.5	1.00214175878688
36.125	23.5	1.00214175625552
36.375	23.5	1.00214175414899
36.625	23.5	1.00214175246568
36.875	23.5	1.00214175120432
37.125	23.5	1.00214175036395
37.375	23.5	1.00214174994392
0.125	24.5	-0.00214019922357247
0.375	24.5	-0.00214019877273529
0.625	24.5	-0.00214019787068957
0.875	24.5	-0.00214019651669208
1.125	24.5	-0.00214019470962691
1.375	24.5	-0.00214019244800408
1.625	24.5	-0.00214018972995779
1.875	24.5	-0.00214018655324422
2.125	24.5	-0.00214018291523874
2.375	24.5	-0.00214017881293285
2.625	24.5	-0.00214017424293039
2.875	24.5	-0.00214016920144343
3.125	24.5	-0.00214016368428739
3.375	24.5	-0.00214015768687568
3.625	24.5	-0.0021401512042134
3.875	24.5	-0.00214014423089017
4.125	24.5	-0.00214013676107162
4.375	24.5	-0.00214012878848906
4.625	24.5	-0.00214012030642649
4.875	24.5	-0.00214011130770355
5.125	24.5	-0.00214010178465207
5.375	24.5	-0.00214009172908256
5.625	24.5	-0.00214008113223443
5.875	24.5	-0.00214006998469971
6.125	24.5	-0.00214005827630369
6.375	24.5	-0.00214004599591504
6.625	24.5	-0.00214003313114008
6.875	24.5	-0.00214001966782715
7.125	24.5	-0.0021400055892586
7.375	24.5	-0.00213999087482939
7.625	24.5	-0.00213997549788132
7.875	24.5	-0.00213995942214824
8.125	24.5	-0.00213994259591609
8.375	24.5	-0.0021399249424233
8.625	24.5	-0.00213990634407508
8.875	24.5	-0.00213988661647899
9.125	24.5	-0.00213986546573197
9.375	24.5	-0.00213984241814812
9.625	24.5	-0.00213981670463824
9.875	24.5	-0.00213978707046935
10.125	24.5	-0.00213975146223717
10.375	24.5	-0.00213970651279315
10.625	24.5	-0.00213964669370551
10.875	24.5	-0.00213956292064803
11.125	24.5	-0.00213944025858139
11.375	24.5	-0.00213925414564502
11.625	24.5	-0.00213896417959342
11.875	24.5	-0.00213850389342011
12.125	24.5	-0.00213776393125307
12.375	24.5	-0.00213656436457964
12.625	24.5	-0.00213460913939733
12.875	24.5	-0.00213141112122687
13.125	24.5	-0.0021261687628128
13.375	24.5	-0.00211756317761377
13.625	24.5	-0.00210342427000642
13.875	24.5	-0.00208018147699891
14.125	24.5	-0.00204196030153921
14.375	24.5	-0.00197909657394223
14.625	24.5	-0.00187569415017145
14.875	24.5	-0.0017056128215178
15.125	24.5	-0.0014258845939481
15.375	24.5	-0.000965929307271119
15.625	24.5	-0.000209941598270391
15.875	24.5	0.0010317338295824
16.125	24.5	0.00306874366509401
16.375	24.5	0.00640408423668071
16.625	24.5	0.0118480068075489
16.875	24.5	0.0206876577367351
17.125	24.5	0.0349207757967134
17.375	24.5	0.0575285726761029
17.625	24.5	0.0926679647611192
17.875	24.5	0.145462802453897
18.125	24.5	0.220805544817448
18.375	24.5	0.32062556565488
18.625	24.5	0.440317014584451
18.875	24.5	0.567483613728551
19.125	24.5	0.686232437249305
19.375	24.5	0.784586322248934
19.625	24.5	0.858426690724363
19.875	24.5	0.909972267484707
20.125	24.5	0.944192630532088
20.375	24.5	0.966172800465011
20.625	24.5	0.979996343506624
20.875	24.5	0.988576030010688
21.125	24.5	0.99385771093022
21.375	24.5	0.997092825848923
21.625	24.5	0.999068295944122
21.875	24.5	1.00027231661916
22.125	24.5	1.00100530511252
22.375	24.5	1.00145122016151
22.625	24.5	1.00172237266944
22.875	24.5	1.00188720710458
23.125	24.5	1.00198738911752
23.375	24.5	1.00204826581934
23.625	24.5	1.00208525076498
23.875	24.5	1.00210771461316
24.125	24.5	1.00212135339251
24.375	24.5	1.00212962915993
24.625	24.5	1.00213464603951
24.875	24.5	1.00213768280134
25.125	24.5	1.00213951659109
25.375	24.5	1.00214061969281
25.625	24.5	1.00214127911518
25.875	24.5	1.00214166926986
26.125	24.5	1.00214189614076
26.375	24.5	1.00214202412707
26.625	24.5	1.00214209235643
26.875	24.5	1.00214212459876
27.125	24.5	1.00214213529116
27.375	24.5	1.00214213319928
27.625	24.5	1.00214212364248
27.875	24.5	1.00214210984601
28.125	24.5	1.00214209376281
28.375	24.5	1.00214207657289
28.625	24.5	1.00214205898681
28.875	24.5	1.0021420414301
29.125	24.5	1.00214202415536
29.375	24.5	1.00214200731031
29.625	24.5	1.0021419909792
29.875	24.5	1.00214197520796
30.125	24.5	1.00214196001944
30.375	24.5	1.0021419454227
30.625	24.5	1.00214193141864
30.875	24.5	1.00214191800339
31.125	24.5	1.00214190517045
31.375	24.5	1.00214189291186
31.625	24.5	1.002141881219
31.875	24.5	1.00214187008305
32.125	24.5	1.00214185949523
32.375	24.5	1.002141849447
32.625	24.5	1.00214183993014
32.875	24.5	1.00214183093678
33.125	24.5	1.00214182245945
33.375	24.5	1.00214181449111
33.625	24.5	1.00214180702512
33.875	24.5	1.00214180005527
34.125	24.5	1.00214179357577
34.375	24.5	1.00214178758123
34.625	24.5	1.00214178206667
34.875	24.5	1.00214177702753
35.125	24.5	1.00214177245962
35.375	24.5	1.00214176835918
35.625	24.5	1.00214176472282
35.875	24.5	1.00214176154752
36.125	24.5	1.00214175883068
36.375	24.5	1.00214175657006
36.625	24.5	1.00214175476379
36.875	24.5	1.00214175341039
37.125	24.5	1.00214175250874
37.375	24.5	1.00214175205811
0.125	25.5	-0.00214020438533564
0.375	25.5	-0.00214020390992096
0.625	25.5	-0.00214020295867585
0.875	25.5	-0.00214020153076824
1.125	25.5	-0.00214019962494868
1.375	25.5	-0.00214019723954868
1.625	25.5	-0.00214019437247856
1.875	25.5	-0.00214019102122471
2.125	25.5	-0.00214018718284626
2.375	25.5	-0.00214018285397121
2.625	25.5	-0.00214017803079197
2.875	25.5	-0.00214017270906013
3.125	25.5	-0.00214016688408072
3.375	25.5	-0.00214016055070556
3.625	25.5	-0.00214015370332579
3.875	25.5	-0.00214014633586325
4.125	25.5	-0.00214013844176047
4.375	25.5	-0.00214013001396871
4.625	25.5	-0.00214012104493316
4.875	25.5	-0.00214011152657403
5.125	25.5	-0.00214010145026099
5.375	25.5	-0.00214009080677754
5.625	25.5	-0.00214007958626881
5.875	25.5	-0.00214006777816283
6.125	25.5	-0.0021400553710485
6.375	25.5	-0.00214004235248289
6.625	25.5	-0.00214002870868261
6.875	25.5	-0.00214001442402498
7.125	25.5	-0.00213999948023687
7.375	25.5	-0.00213998385506999
7.625	25.5	-0.00213996752013178
7.875	25.5	-0.00213995043732738
8.125	25.5	-0.00213993255301687
8.375	25.5	-0.00213991378841335
8.625	25.5	-0.00213989402379621
8.875	25.5	-0.00213987307254788
9.125	25.5	-0.00213985063844573
9.375	25.5	-0.00213982624540095
9.625	25.5	-0.0021397991218598
9.875	25.5	-0.00213976801060219
10.125	25.5	-0.00213973085578231
10.375	25.5	-0.00213968428797133
10.625	25.5	-0.00213962277681312
10.875	25.5	-0.0021395372367372
11.125	25.5	-0.00213941273267794
11.375	25.5	-0.00213922470485562
11.625	25.5	-0.00213893275668009
11.875	25.5	-0.0021384704327931
12.125	25.5	-0.00213772839894632
12.375	25.5	-0.00213652676478147
12.625	25.5	-0.0021345695417674
12.875	25.5	-0.00213136970595743
13.125	25.5	-0.00212612589487633
13.375	25.5	-0.00211751952901102
13.625	25.5	-0.00210338102094523
13.875	25.5	-0.00208014064684068
14.125	25.5	-0.00204192529302901
14.375	25.5	-0.00197907306782179
14.625	25.5	-0.00187569157495078
14.875	25.5	-0.00170564676615091
15.125	25.5	-0.00142598076295267
15.375	25.5	-0.000966129989989591
15.625	25.5	-0.000210316211570526
15.875	25.5	0.00103107166517796
16.125	25.5	0.00306760874956673
16.375	25.5	0.00640217666075947
16.625	25.5	0.0118448460257229
16.875	25.5	0.0206824871414599
17.125	25.5	0.0349124385751286
17.375	25.5	0.0575153864632551
17.625	25.5	0.09264768969948
17.875	25.5	0.145432918940291
18.125	25.5	0.220764162010217
18.375	25.5	0.320573057091272
18.625	25.5	0.44025749667464
18.875	25.5	0.567424336940356
19.125	25.5	0.686180534270098
19.375	25.5	0.784545666637967
19.625	25.5	0.858397464272885
19.875	25.5	0.909952499612005
20.125	25.5	0.944179800703947
20.375	25.5	0.966164699749946
20.625	25.5	0.979991324464285
20.875	25.5	0.98857296426725
21.125	25.5	0.993855862146685
21.375	25.5	0.997091726977055
21.625	25.5	0.999067655730359
21.875	25.5	1.00027195529469
22.125	25.5	1.00100511242113
22.375	25.5	1.00145112875437
22.625	25.5	1.00172234152249
22.875	25.5	1.00188721128524
23.125	25.5	1.00198741350694
23.375	25.5	1.00204830127497
23.625	25.5	1.00208529177987
23.875	25.5	1.00210775789008
24.125	25.5	1.00212139697613
24.375	25.5	1.00212967190884
24.625	25.5	1.00213468730516
24.875	25.5	1.00213772223293
25.125	25.5	1.00213955401691
25.375	25.5	1.00214065504828
25.625	25.5	1.00214131239911
25.875	25.5	1.00214170051793
26.125	25.5	1.00214192540953
26.375	25.5	1.0021420514843
26.625	25.5	1.00214211787525
26.875	25.5	1.00214214835421
27.125	25.5	1.00214215735816
27.375	25.5	1.00214215365147
27.625	25.5	1.00214214255152
27.875	25.5	1.00214212728127
28.125	25.5	1.00214210979122
28.375	25.5	1.00214209125888
28.625	25.5	1.00214207239235
28.875	25.5	1.00214205361478
29.125	25.5	1.00214203517642
29.375	25.5	1.00214201722278
29.625	25.5	1.00214199983601
29.875	25.5	1.00214198306
30.125	25.5	1.00214196691568
30.375	25.5	1.00214195141028
30.625	25.5	1.00214193654297
30.875	25.5	1.00214192230826
31.125	25.5	1.00214190869808
31.375	25.5	1.002141895703
31.625	25.5	1.00214188331302
31.875	25.5	1.00214187151801
32.125	25.5	1.00214186030797
32.375	25.5	1.00214184967318
32.625	25.5	1.00214183960432
32.875	25.5	1.00214183009252
33.125	25.5	1.00214182112934
33.375	25.5	1.00214181270684
33.625	25.5	1.00214180481755
33.875	25.5	1.00214179745448
34.125	25.5	1.0021417906111
34.375	25.5	1.00214178428137
34.625	25.5	1.00214177845971
34.875	25.5	1.00214177314097
35.125	25.5	1.00214176832047
35.375	25.5	1.00214176399399
35.625	25.5	1.00214176015771
35.875	25.5	1.00214175680828
36.125	25.5	1.00214175394277
36.375	25.5	1.00214175155866
36.625	25.5	1.00214174965386
36.875	25.5	1.00214174822673
37.125	25.5	1.00214174727599
37.375	25.5	1.00214174680083
0.125	26.5	-0.00214021733347001
0.375	26.5	-0.00214021684031545
0.625	26.5	-0.00214021585355511
0.875	26.5	-0.00214021437228591
1.125	26.5	-0.00214021239515168
1.375	26.5	-0.00214020992034123
1.625	26.5	-0.0021402069455859
1.875	26.5	-0.00214020346815635
2.125	26.5	-0.00214019948485878
2.375	26.5	-0.00214019499203045
2.625	26.5	-0.00214018998553445
2.875	26.5	-0.00214018446075384
3.125	26.5	-0.00214017841258494
3.375	26.5	-0.00214017183542974
3.625	26.5	-0.00214016472318738
3.875	26.5	-0.00214015706924433
4.125	26.5	-0.00214014886646316
4.375	26.5	-0.00214014010716918
4.625	26.5	-0.00214013078313415
4.875	26.5	-0.00214012088555577
5.125	26.5	-0.00214011040503042
5.375	26.5	-0.00214009933151568
5.625	26.5	-0.00214008765427614
5.875	26.5	-0.00214007536180262
6.125	26.5	-0.00214006244168793
6.375	26.5	-0.0021400488804318
6.625	26.5	-0.00214003466312976
6.875	26.5	-0.00214001977297184
7.125	26.5	-0.00214000419042873
7.375	26.5	-0.00213998789192438
7.625	26.5	-0.00213997084766441
7.875	26.5	-0.00213995301807566
8.125	26.5	-0.00213993434796164
8.375	26.5	-0.00213991475689968
8.625	26.5	-0.00213989412345497
8.875	26.5	-0.00213987225922099
9.125	26.5	-0.0021398488661198
9.375	26.5	-0.00213982346615772
9.625	26.5	-0.00213979528585668
9.875	26.5	-0.00213976306610547
10.125	26.5	-0.00213972474929007
10.375	26.5	-0.00213967696448731
10.625	26.5	-0.00213961418037222
10.875	26.5	-0.00213952731134871
11.125	26.5	-0.00213940142395965
11.375	26.5	-0.00213921196280851
11.625	26.5	-0.00213891854034339
11.875	26.5	-0.00213845471799682
12.125	26.5	-0.00213771119116364
12.375	26.5	-0.00213650812037465
12.625	26.5	-0.00213454960304527
12.875	26.5	-0.00213134875895621
13.125	26.5	-0.0021261044645216
13.375	26.5	-0.00211749853576663
13.625	26.5	-0.00210336203858676
13.875	26.5	-0.00208012632651203
14.125	26.5	-0.00204192006064432
14.375	26.5	-0.00197908427059174
14.625	26.5	-0.00187573136526636
14.875	26.5	-0.00170573519445435
15.125	26.5	-0.00142615084859541
15.375	26.5	-0.000966436016574964
15.625	26.5	-0.000210847247285202
15.875	26.5	0.00103016986582926
16.125	26.5	0.00306609862949004
16.375	26.5	0.00639967352916023
16.625	26.5	0.01184073346994
16.875	26.5	0.0206757945723499
17.125	26.5	0.0349016818881188
17.375	26.5	0.0574984070848035
17.625	26.5	0.0926216133749783
17.875	26.5	0.145394511785651
18.125	26.5	0.220710996006139
18.375	26.5	0.320505609218141
18.625	26.5	0.440181047654507
18.875	26.5	0.567348191945123
19.125	26.5	0.686113849951186
19.375	26.5	0.784493417495244
19.625	26.5	0.858359885525915
19.875	26.5	0.909927062724239
20.125	26.5	0.94416327063885
20.375	26.5	0.966154241257468
20.625	26.5	0.979984823007508
20.875	26.5	0.988568971595249
21.125	26.5	0.99385343321998
21.375	26.5	0.997090262394936
21.625	26.5	0.999066781710275
21.875	26.5	1.00027144112325
22.125	26.5	1.00100481658259
22.375	26.5	1.00145096478572
22.625	26.5	1.00172225673387
22.875	26.5	1.00188717362955
23.125	26.5	1.0019874035258
23.375	26.5	1.00204830717613
23.625	26.5	1.00208530643501
23.875	26.5	1.00210777700625
24.125	26.5	1.00212141798292
24.375	26.5	1.00212969328142
24.625	26.5	1.00213470815275
24.875	26.5	1.00213774204855
25.125	26.5	1.00213957252536
25.375	26.5	1.00214067211377
25.625	26.5	1.00214132796916
25.875	26.5	1.00214171458937
26.125	26.5	1.00214193800788
26.375	26.5	1.00214206265126
26.625	26.5	1.00214212766123
26.875	26.5	1.0021421568138
27.125	26.5	1.00214216454741
27.375	26.5	1.00214215962633
27.625	26.5	1.00214214736694
27.875	26.5	1.00214213099069
28.125	26.5	1.00214211244629
28.375	26.5	1.00214209290934
28.625	26.5	1.00214207308603
28.875	26.5	1.00214205339759
29.125	26.5	1.00214203409243
29.375	26.5	1.00214201531428
29.625	26.5	1.00214199714356
29.875	26.5	1.00214197962253
30.125	26.5	1.00214196277057
30.375	26.5	1.00214194659344
30.625	26.5	1.00214193108891
30.875	26.5	1.00214191625016
31.125	26.5	1.00214190206786
31.375	26.5	1.0021418885314
31.625	26.5	1.00214187562967
31.875	26.5	1.00214186335148
32.125	26.5	1.00214185168582
32.375	26.5	1.00214184062206
32.625	26.5	1.00214183014999
32.875	26.5	1.00214182025991
33.125	26.5	1.00214181094261
33.375	26.5	1.00214180218943
33.625	26.5	1.00214179399223
33.875	26.5	1.00214178634339
34.125	26.5	1.00214177923582
34.375	26.5	1.00214177266292
34.625	26.5	1.00214176661863
34.875	26.5	1.00214176109735
35.125	26.5	1.002141756094
35.375	26.5	1.00214175160398
35.625	26.5	1.00214174762315
35.875	26.5	1.00214174414787
36.125	26.5	1.00214174117494
36.375	26.5	1.00214173870165
36.625	26.5	1.00214173672572
36.875	26.5	1.00214173524536
37.125	26.5	1.0021417342592
37.375	26.5	1.00214173376634
0.125	27.5	-0.00214023836223753
0.375	27.5	-0.00214023785876994
0.625	27.5	-0.00214023685135838
0.875	27.5	-0.00214023533904938
1.125	27.5	-0.00214023332041102
1.375	27.5	-0.00214023079353083
1.625	27.5	-0.00214022775601305
1.875	27.5	-0.00214022420497517
2.125	27.5	-0.00214022013704365
2.375	27.5	-0.00214021554834911
2.625	27.5	-0.00214021043452051
2.875	27.5	-0.00214020479067872
3.125	27.5	-0.00214019861142915
3.375	27.5	-0.00214019189085342
3.625	27.5	-0.00214018462250002
3.875	27.5	-0.00214017679937366
4.125	27.5	-0.002140168413923
4.375	27.5	-0.00214015945802628
4.625	27.5	-0.00214014992297392
4.875	27.5	-0.00214013979944675
5.125	27.5	-0.00214012907748747
5.375	27.5	-0.00214011774646176
5.625	27.5	-0.0021401057950026
5.875	27.5	-0.0021400932109279
6.125	27.5	-0.00214007998111457
6.375	27.5	-0.00214006609130169
6.625	27.5	-0.00214005152577758
6.875	27.5	-0.00214003626687655
7.125	27.5	-0.00214002029416317
7.375	27.5	-0.00214000358310308
7.625	27.5	-0.0021399861028896
7.875	27.5	-0.00213996781288213
8.125	27.5	-0.00213994865676083
8.375	27.5	-0.00213992855292452
8.625	27.5	-0.00213990737870744
8.875	27.5	-0.00213988494442604
9.125	27.5	-0.00213986095069182
9.375	27.5	-0.00213983491818942
9.625	27.5	-0.00213980607214729
9.875	27.5	-0.00213977315225583
10.125	27.5	-0.00213973409991006
10.375	27.5	-0.00213968554359087
10.625	27.5	-0.00213962195208358
10.875	27.5	-0.00213953424112337
11.125	27.5	-0.00213940748065546
11.375	27.5	-0.00213921712215824
11.625	27.5	-0.00213892279073643
11.875	27.5	-0.00213845807006327
12.125	27.5	-0.00213771369361757
12.375	27.5	-0.00213650988615859
12.625	27.5	-0.0021345508524255
12.875	27.5	-0.00213134989050819
13.125	27.5	-0.00212610617200011
13.375	27.5	-0.00211750200045823
13.625	27.5	-0.00210336924581849
13.875	27.5	-0.00208014058633879
14.125	27.5	-0.00204194686421483
14.375	27.5	-0.00197913269811845
14.625	27.5	-0.00187581639969801
14.875	27.5	-0.00170588152031005
15.125	27.5	-0.00142639908086244
15.375	27.5	-0.000966852891425076
15.625	27.5	-0.000211542233130056
15.875	27.5	0.00102901765752612
16.125	27.5	0.00306419729284469
16.375	27.5	0.00639655036613779
16.625	27.5	0.0118356310276705
16.875	27.5	0.0206675201223101
17.125	27.5	0.0348884115301646
17.375	27.5	0.0574774877814163
17.625	27.5	0.0925895120119027
17.875	27.5	0.145347252339394
18.125	27.5	0.220645591649279
18.375	27.5	0.320422642784294
18.625	27.5	0.440087007559982
18.875	27.5	0.567254517249273
19.125	27.5	0.686031801198088
19.375	27.5	0.784429115045746
19.625	27.5	0.858313621654725
19.875	27.5	0.909895729816842
20.125	27.5	0.944142891306262
20.375	27.5	0.966141329273707
20.625	27.5	0.97997677826252
20.875	27.5	0.988564013276504
21.125	27.5	0.993850399300674
21.375	27.5	0.997088415862673
21.625	27.5	0.999065662972436
21.875	27.5	1.00027076649535
22.125	27.5	1.00100441204471
22.375	27.5	1.00145072399847
22.625	27.5	1.00172211487514
22.875	27.5	1.0018870912519
23.125	27.5	1.0019873566557
23.375	27.5	1.0020482812631
23.625	27.5	1.00208529266174
23.875	27.5	1.00210777004132
24.125	27.5	1.00212141461327
24.375	27.5	1.00212969158061
24.625	27.5	1.00213470697523
24.875	27.5	1.00213774072222
25.125	27.5	1.00213957066477
25.375	27.5	1.00214066950657
25.625	27.5	1.0021413245072
25.875	27.5	1.00214171022681
26.125	27.5	1.00214193273579
26.375	27.5	1.00214205648226
26.625	27.5	1.00214212062016
26.875	27.5	1.00214214893213
27.125	27.5	1.00214215585985
27.375	27.5	1.00214215016883
27.625	27.5	1.00214213717551
27.875	27.5	1.0021421201007
28.125	27.5	1.0021421008921
28.375	27.5	1.00214208072411
28.625	27.5	1.00214206030162
28.875	27.5	1.00214204004453
29.125	27.5	1.00214202019995
29.375	27.5	1.00214200091032
29.625	27.5	1.00214198225483
29.875	27.5	1.00214196427457
30.125	27.5	1.0021419469878
30.375	27.5	1.0021419303992
30.625	27.5	1.00214191450554
30.875	27.5	1.00214189929904
31.125	27.5	1.00214188476946
31.375	27.5	1.00214187090536
31.625	27.5	1.00214185769479
31.875	27.5	1.00214184512581
32.125	27.5	1.00214183318671
32.375	27.5	1.00214182186617
32.625	27.5	1.00214181115336
32.875	27.5	1.00214180103798
33.125	27.5	1.00214179151028
33.375	27.5	1.00214178256107
33.625	27.5	1.00214177418174
33.875	27.5	1.00214176636422
34.125	27.5	1.002141759101
34.375	27.5	1.00214175238512
34.625	27.5	1.00214174621014
34.875	27.5	1.00214174057017
35.125	27.5	1.00214173545981
35.375	27.5	1.00214173087422
35.625	27.5	1.00214172680902
35.875	27.5	1.00214172326036
36.125	27.5	1.00214172022486
36.375	27.5	1.00214171769966
36.625	27.5	1.00214171568236
36.875	27.5	1.00214171417105
37.125	27.5	1.0021417131643
37.375	27.5	1.00214171266117
0.125	28.5	-0.00214026764363219
0.375	28.5	-0.0021402671376971
0.625	28.5	-0.00214026612533673
0.875	28.5	-0.00214026460556996
1.125	28.5	-0.00214026257692325
1.375	28.5	-0.00214026003742852
1.625	28.5	-0.00214025698462014
1.875	28.5	-0.00214025341553132
2.125	28.5	-0.00214024932668962
2.375	28.5	-0.00214024471411175
2.625	28.5	-0.00214023957329754
2.875	28.5	-0.00214023389922303
3.125	28.5	-0.00214022768633275
3.375	28.5	-0.0021402209285309
3.625	28.5	-0.00214021361917148
3.875	28.5	-0.00214020575104708
4.125	28.5	-0.00214019731637603
4.375	28.5	-0.0021401883067873
4.625	28.5	-0.00214017871330242
4.875	28.5	-0.0021401685263129
5.125	28.5	-0.00214015773555091
5.375	28.5	-0.00214014633004939
5.625	28.5	-0.00214013429808552
5.875	28.5	-0.0021401216270973
6.125	28.5	-0.00214010830355654
6.375	28.5	-0.00214009431277093
6.625	28.5	-0.00214007963857001
6.875	28.5	-0.00214006426280073
7.125	28.5	-0.00214004816451071
7.375	28.5	-0.00214003131861802
7.625	28.5	-0.00214001369373723
7.875	28.5	-0.00213999524861755
8.125	28.5	-0.00213997592629837
8.375	28.5	-0.0021399556445094
8.625	28.5	-0.00213993427989241
8.875	28.5	-0.00213991164205734
9.125	28.5	-0.00213988743091173
9.375	28.5	-0.00213986116646751
9.625	28.5	-0.00213983207336035
9.875	28.5	-0.00213979889084919
10.125	28.5	-0.00213975956019483
10.375	28.5	-0.00213971071026604
10.625	28.5	-0.00213964681113024
10.875	28.5	-0.00213955878131305
11.125	28.5	-0.00213943169607067
11.375	28.5	-0.00213924101638094
11.625	28.5	-0.00213894638378274
11.875	28.5	-0.00213848140983934
12.125	28.5	-0.00213773687481668
12.375	28.5	-0.00213653308140421
12.625	28.5	-0.00213457436356572
12.875	28.5	-0.00213137423306743
13.125	28.5	-0.00212613221418496
13.375	28.5	-0.00211753119191404
13.625	28.5	-0.0021034039940235
13.875	28.5	-0.0020801848758134
14.125	28.5	-0.00204200727496345
14.375	28.5	-0.00197922008016397
14.625	28.5	-0.00187594862496941
14.875	28.5	-0.00170608800129597
15.125	28.5	-0.00142672818030693
15.375	28.5	-0.000967384045717652
15.625	28.5	-0.000212405715004571
15.875	28.5	0.00102760872018601
16.125	28.5	0.00306189557148325
16.375	28.5	0.0063927934155826
16.625	28.5	0.0118295175620695
16.875	28.5	0.0206576308626599
17.125	28.5	0.0348725760018191
17.375	28.5	0.0574525485420565
17.625	28.5	0.0925512636635926
17.875	28.5	0.145290961200549
18.125	28.5	0.220567699536555
18.375	28.5	0.320323838528037
18.625	28.5	0.439975009929861
18.875	28.5	0.567142942581263
19.125	28.5	0.6859340591786
19.375	28.5	0.784352498392461
19.625	28.5	0.858258482871254
19.875	28.5	0.909858370923832
20.125	28.5	0.944118577059051
20.375	28.5	0.966125908558023
20.625	28.5	0.979967154902539
20.875	28.5	0.988558066669695
21.125	28.5	0.993846745701398
21.375	28.5	0.997086177640672
21.625	28.5	0.999064292848239
21.875	28.5	1.00026992665359
22.125	28.5	1.00100389524861
22.375	28.5	1.00145040359547
22.625	28.5	1.00172191364319
22.875	28.5	1.00188696217892
23.125	28.5	1.00198727115165
23.375	28.5	1.00204822195635
23.625	28.5	1.00208524900639
23.875	28.5	1.00210773564218
24.125	28.5	1.0021213855981
24.375	28.5	1.00212966561014
24.625	28.5	1.00213468264123
24.875	28.5	1.00213771718163
25.125	28.5	1.00213954741734
25.375	28.5	1.00214064625972
25.625	28.5	1.00214130109393
25.875	28.5	1.00214168655583
26.125	28.5	1.00214190876126
26.375	28.5	1.00214203218542
26.625	28.5	1.00214209599817
26.875	28.5	1.00214212399135
27.125	28.5	1.00214213061179
27.375	28.5	1.00214212462766
27.625	28.5	1.00214211135661
27.875	28.5	1.00214209401981
28.125	28.5	1.0021420745648
28.375	28.5	1.00214205416553
28.625	28.5	1.00214203352628
28.875	28.5	1.00214201306628
29.125	28.5	1.00214199303193
29.375	28.5	1.00214197356497
29.625	28.5	1.00214195474388
29.875	28.5	1.00214193660909
30.125	28.5	1.00214191917821
30.375	28.5	1.00214190245533
30.625	28.5	1.00214188643662
30.875	28.5	1.00214187111376
31.125	28.5	1.00214185647599
31.375	28.5	1.00214184251139
31.625	28.5	1.00214182920754
31.875	28.5	1.00214181655208
32.125	28.5	1.00214180453289
32.375	28.5	1.00214179313827
32.625	28.5	1.00214178235704
32.875	28.5	1.00214177217855
33.125	28.5	1.00214176259276
33.375	28.5	1.00214175359018
33.625	28.5	1.00214174516193
33.875	28.5	1.00214173729969
34.125	28.5	1.00214172999573
34.375	28.5	1.00214172324286
34.625	28.5	1.00214171703447
34.875	28.5	1.00214171136446
35.125	28.5	1.00214170622732
35.375	28.5	1.00214170161801
35.625	28.5	1.00214169753205
35.875	28.5	1.00214169396547
36.125	28.5	1.00214169091479
36.375	28.5	1.00214168837707
36.625	28.5	1.00214168634984
36.875	28.5	1.00214168483113
37.125	28.5	1.00214168381947
37.375	28.5	1.00214168331388
0.125	29.5	-0.00214030522041342
0.375	29.5	-0.00214030472008692
0.625	29.5	-0.00214030371894195
0.875	29.5	-0.00214030221599378
1.125	29.5	-0.00214030020976348
1.375	29.5	-0.00214029769827565
1.625	29.5	-0.00214029467905544
1.875	29.5	-0.0021402911491248
2.125	29.5	-0.00214028710499794
2.375	29.5	-0.002140282542676
2.625	29.5	-0.0021402774576409
2.875	29.5	-0.00214027184484829
3.125	29.5	-0.00214026569871965
3.375	29.5	-0.00214025901313333
3.625	29.5	-0.00214025178141445
3.875	29.5	-0.0021402439963235
4.125	29.5	-0.00214023565004321
4.375	29.5	-0.00214022673416324
4.625	29.5	-0.00214021723966178
4.875	29.5	-0.0021402071568827
5.125	29.5	-0.00214019647550588
5.375	29.5	-0.00214018518450698
5.625	29.5	-0.00214017327210058
5.875	29.5	-0.00214016072565629
6.125	29.5	-0.00214014753157146
6.375	29.5	-0.0021401336750728
6.625	29.5	-0.00214011913990195
6.875	29.5	-0.00214010390781086
7.125	29.5	-0.00214008795774471
7.375	29.5	-0.00214007126451188
7.625	29.5	-0.00214005379661033
7.875	29.5	-0.00214003551266689
8.125	29.5	-0.00214001635559497
8.375	29.5	-0.00213999624299884
8.625	29.5	-0.00213997505140259
8.875	29.5	-0.00213995259031856
9.125	29.5	-0.00213992855959769
9.375	29.5	-0.00213990247927132
9.625	29.5	-0.0021398735741286
9.875	29.5	-0.00213984058381242
10.125	29.5	-0.00213980145035718
10.375	29.5	-0.00213975280405766
10.625	29.5	-0.00213968911749277
10.875	29.5	-0.00213960131349869
11.125	29.5	-0.0021394744746163
11.375	29.5	-0.00213928407401673
11.625	29.5	-0.00213898977352511
11.875	29.5	-0.00213852521832476
12.125	29.5	-0.00213778124426047
12.375	29.5	-0.00213657824575289
12.625	29.5	-0.00213462070800539
12.875	29.5	-0.00213142239196417
13.125	29.5	-0.00212618323226056
13.375	29.5	-0.00211758678946077
13.625	29.5	-0.00210346700327102
13.875	29.5	-0.00208025995880268
14.125	29.5	-0.00204210210429924
14.375	29.5	-0.00197934728050278
14.625	29.5	-0.00187612896376736
14.875	29.5	-0.00170635562835401
15.125	29.5	-0.00142713922004658
15.375	29.5	-0.000968030656205821
15.625	29.5	-0.00021343900721134
15.875	29.5	0.00102594154744165
16.125	29.5	0.00305919167838882
16.375	29.5	0.00638840046499876
16.625	29.5	0.0118223901978387
16.875	29.5	0.0206461228670151
17.125	29.5	0.0348541696946085
17.375	29.5	0.0574235810668123
17.625	29.5	0.0925068557782481
17.875	29.5	0.145225619322355
18.125	29.5	0.220477291379286
18.375	29.5	0.320209156694007
18.625	29.5	0.439845003993819
18.875	29.5	0.567013411077386
19.125	29.5	0.685820568834263
19.375	29.5	0.784263520871922
19.625	29.5	0.858194433527783
19.875	29.5	0.909814960680268
20.125	29.5	0.94409031059429
20.375	29.5	0.966107967526765
20.625	29.5	0.979955945171052
20.875	29.5	0.988551126495897
21.125	29.5	0.993842468720635
21.375	29.5	0.99708354502675
21.625	29.5	0.999062669271583
21.875	29.5	1.00026891994236
22.125	29.5	1.00100326480986
22.375	29.5	1.0014500023774
22.625	29.5	1.0017216519705
22.875	29.5	1.00188678544151
23.125	29.5	1.0019871461218
23.375	29.5	1.00204812842752
23.625	29.5	1.00208517469493
23.875	29.5	1.00210767308273
24.125	29.5	1.00212133025455
24.375	29.5	1.0021296147268
24.625	29.5	1.00213463454431
24.875	29.5	1.0021376708547
25.125	29.5	1.00213950224323
25.375	29.5	1.00214060186372
25.625	29.5	1.00214125724848
25.875	29.5	1.00214164312261
26.125	29.5	1.00214186565603
26.375	29.5	1.00214198935662
26.625	29.5	1.002142053414
26.875	29.5	1.00214208163183
27.125	29.5	1.00214208846403
27.375	29.5	1.00214208268295
27.625	29.5	1.00214206960869
27.875	29.5	1.00214205246377
28.125	29.5	1.00214203319648
28.375	29.5	1.00214201298115
28.625	29.5	1.00214199252218
28.875	29.5	1.00214197223882
29.125	29.5	1.00214195237741
29.375	29.5	1.00214193307957
29.625	29.5	1.00214191442369
29.875	29.5	1.00214189645005
30.125	29.5	1.00214187917615
30.375	29.5	1.00214186260593
30.625	29.5	1.00214184673545
30.875	29.5	1.00214183155629
31.125	29.5	1.00214181705759
31.375	29.5	1.00214180322731
31.625	29.5	1.00214179005297
31.875	29.5	1.0021417775221
32.125	29.5	1.00214176562252
32.375	29.5	1.00214175434245
32.625	29.5	1.00214174367066
32.875	29.5	1.00214173359644
33.125	29.5	1.00214172410969
33.375	29.5	1.00214171520089
33.625	29.5	1.00214170686109
33.875	29.5	1.00214169908194
34.125	29.5	1.00214169185568
34.375	29.5	1.00214168517508
34.625	29.5	1.0021416790335
34.875	29.5	1.00214167342483
35.125	29.5	1.0021416683435
35.375	29.5	1.00214166378449
35.625	29.5	1.00214165974329
35.875	29.5	1.0021416562159
36.125	29.5	1.00214165319884
36.375	29.5	1.00214165068915
36.625	29.5	1.00214164868436
36.875	29.5	1.00214164718248
37.125	29.5	1.00214164618205
37.375	29.5	1.00214164568208
0.125	30.5	-0.00214035100225675
0.375	30.5	-0.00214035051564618
0.625	30.5	-0.00214034954194356
0.875	30.5	-0.00214034808018517
1.125	30.5	-0.00214034612892357
1.375	30.5	-0.00214034368622543
1.625	30.5	-0.00214034074966859
1.875	30.5	-0.00214033731633831
2.125	30.5	-0.00214033338282285
2.375	30.5	-0.00214032894520821
2.625	30.5	-0.00214032399907202
2.875	30.5	-0.00214031853947668
3.125	30.5	-0.00214031256096149
3.375	30.5	-0.00214030605753383
3.625	30.5	-0.00214029902265925
3.875	30.5	-0.00214029144925012
4.125	30.5	-0.00214028332965273
4.375	30.5	-0.00214027465563214
4.625	30.5	-0.00214026541835393
4.875	30.5	-0.00214025560836158
5.125	30.5	-0.00214024521554697
5.375	30.5	-0.00214023422911044
5.625	30.5	-0.00214022263750412
5.875	30.5	-0.00214021042834833
6.125	30.5	-0.00214019758830461
6.375	30.5	-0.00214018410287769
6.625	30.5	-0.00214016995610155
6.875	30.5	-0.00214015513003525
7.125	30.5	-0.00214013960394675
7.375	30.5	-0.00214012335298381
7.625	30.5	-0.00214010634600203
7.875	30.5	-0.00214008854200646
8.125	30.5	-0.0021400698843131
8.375	30.5	-0.00214005029095901
8.625	30.5	-0.00214002963894086
8.875	30.5	-0.00214000773829876
9.125	30.5	-0.00213998428949185
9.375	30.5	-0.00213995881328125
9.625	30.5	-0.00213993053537514
9.875	30.5	-0.00213989819663564
10.125	30.5	-0.00213985974079892
10.375	30.5	-0.00213981180064408
10.625	30.5	-0.00213974885251005
10.875	30.5	-0.00213966182508021
11.125	30.5	-0.00213953581016495
11.375	30.5	-0.00213934629582401
11.625	30.5	-0.0021390529680051
11.875	30.5	-0.00213858951119657
12.125	30.5	-0.0021378468255194
12.375	30.5	-0.00213664541074932
12.625	30.5	-0.00213468992503017
12.875	30.5	-0.00213149441345054
13.125	30.5	-0.00212625927775497
13.375	30.5	-0.00211766884667781
13.625	30.5	-0.00210355832341503
13.875	30.5	-0.0020803658714306
14.125	30.5	-0.00204223135762715
14.375	30.5	-0.00197951424531511
14.625	30.5	-0.00187635725557833
14.875	30.5	-0.00170668405562142
15.125	30.5	-0.00142763153899464
15.375	30.5	-0.000968791532732105
15.625	30.5	-0.000214640039370016
15.875	30.5	0.001024019664621
16.125	30.5	0.00305609153011381
16.375	30.5	0.0063833813365039
16.625	30.5	0.011814265083673
16.875	30.5	0.020633022407664
17.125	30.5	0.034833234770986
17.375	30.5	0.0573906516964069
17.625	30.5	0.0924563896719453
17.875	30.5	0.145151374599183
18.125	30.5	0.220374569163777
18.375	30.5	0.320078848758297
18.625	30.5	0.439697268123741
18.875	30.5	0.566866192861192
19.125	30.5	0.685691560927283
19.375	30.5	0.784162359601395
19.625	30.5	0.858121599053394
19.875	30.5	0.909765583065269
20.125	30.5	0.944058146072643
20.375	30.5	0.966087540259358
20.625	30.5	0.979943170159091
20.875	30.5	0.988543205651825
21.125	30.5	0.993837576165186
21.375	30.5	0.997080522697909
21.625	30.5	0.999060795008645
21.875	30.5	1.0002677479681
22.125	30.5	1.00100252163525
22.375	30.5	1.00144952083215
22.625	30.5	1.00172133009683
22.875	30.5	1.00188656113494
23.125	30.5	1.00198698157962
23.375	30.5	1.00204800064603
23.625	30.5	1.00208506967531
23.875	30.5	1.00210758230285
24.125	30.5	1.00212124852227
24.375	30.5	1.00212953887444
24.625	30.5	1.00213456263496
24.875	30.5	1.00213760169973
25.125	30.5	1.00213943510903
25.375	30.5	1.00214053629351
25.625	30.5	1.00214119295392
25.875	30.5	1.00214157991804
26.125	30.5	1.0021418034184
26.375	30.5	1.00214192800118
26.625	30.5	1.0021419928795
26.875	30.5	1.00214202187156
27.125	30.5	1.00214202944029
27.375	30.5	1.00214202436377
27.625	30.5	1.00214201196574
27.875	30.5	1.00214199547119
28.125	30.5	1.00214197683004
28.375	30.5	1.00214195721784
28.625	30.5	1.00214193733988
28.875	30.5	1.00214191761613
29.125	30.5	1.00214189829353
29.375	30.5	1.00214187951423
29.625	30.5	1.00214186135707
29.875	30.5	1.00214184386277
30.125	30.5	1.00214182704923
30.375	30.5	1.00214181092076
30.625	30.5	1.00214179547378
30.875	30.5	1.00214178070021
31.125	30.5	1.00214176658949
31.375	30.5	1.0021417531299
31.625	30.5	1.00214174030926
31.875	30.5	1.00214172811536
32.125	30.5	1.00214171653629
32.375	30.5	1.00214170556052
32.625	30.5	1.00214169517704
32.875	30.5	1.00214168537539
33.125	30.5	1.00214167614565
33.375	30.5	1.00214166747852
33.625	30.5	1.00214165936523
33.875	30.5	1.00214165179761
34.125	30.5	1.00214164476805
34.375	30.5	1.00214163826948
34.625	30.5	1.0021416322954
34.875	30.5	1.00214162683983
35.125	30.5	1.00214162189731
35.375	30.5	1.00214161746293
35.625	30.5	1.00214161353226
35.875	30.5	1.00214161010141
36.125	30.5	1.00214160716697
36.375	30.5	1.00214160472603
36.625	30.5	1.00214160277617
36.875	30.5	1.00214160131546
37.125	30.5	1.00214160034245
37.375	30.5	1.00214159985619
0.125	31.5	-0.00214040476520868
0.375	31.5	-0.00214040430024906
0.625	31.5	-0.00214040336987094
0.875	31.5	-0.00214040197315578
1.125	31.5	-0.00214040010872408
1.375	31.5	-0.00214039777473321
1.625	31.5	-0.00214039496887467
1.875	31.5	-0.00214039168837055
2.125	31.5	-0.0021403879299693
2.375	31.5	-0.00214038368994073
2.625	31.5	-0.00214037896407023
2.875	31.5	-0.00214037374765222
3.125	31.5	-0.0021403680354827
3.375	31.5	-0.00214036182185082
3.625	31.5	-0.00214035510052942
3.875	31.5	-0.00214034786476426
4.125	31.5	-0.0021403401072616
4.375	31.5	-0.00214033182017367
4.625	31.5	-0.00214032299508108
4.875	31.5	-0.00214031362297087
5.125	31.5	-0.00214030369420776
5.375	31.5	-0.00214029319849504
5.625	31.5	-0.00214028212481867
5.875	31.5	-0.00214027046136476
6.125	31.5	-0.00214025819539349
6.375	31.5	-0.00214024531304222
6.625	31.5	-0.0021402317990128
6.875	31.5	-0.00214021763606888
7.125	31.5	-0.0021402028042213
7.375	31.5	-0.00214018727940121
7.625	31.5	-0.0021401710312907
7.875	31.5	-0.00214015401976814
8.125	31.5	-0.00214013618907483
8.375	31.5	-0.0021401174582329
8.625	31.5	-0.00214009770529559
8.875	31.5	-0.00214007674144957
9.125	31.5	-0.00214005426841992
9.375	31.5	-0.00214002980840036
9.625	31.5	-0.00214000258877508
9.875	31.5	-0.00213997135245087
10.125	31.5	-0.00213993404578193
10.375	31.5	-0.00213988730507454
10.625	31.5	-0.00213982561165533
10.875	31.5	-0.00213973990156165
11.125	31.5	-0.00213961527781369
11.375	31.5	-0.00213942724598633
11.625	31.5	-0.00213913551987785
11.875	31.5	-0.00213867382879303
12.125	31.5	-0.00213793314554526
12.375	31.5	-0.00213673408843166
12.625	31.5	-0.00213478150948888
12.875	31.5	-0.00213158977168325
13.125	31.5	-0.00212635979861521
13.375	31.5	-0.00211777677647356
13.625	31.5	-0.00210367731805158
13.875	31.5	-0.00208050190475148
14.125	31.5	-0.00204239421549929
14.375	31.5	-0.00197971998246069
14.625	31.5	-0.00187663223353723
14.875	31.5	-0.00170707157399297
15.125	31.5	-0.00142820271075848
15.375	31.5	-0.000969663080240296
15.625	31.5	-0.00021600330793162
15.875	31.5	0.0010218516936138
16.125	31.5	0.00305260883761663
16.375	31.5	0.00637775801922968
16.625	31.5	0.0118051775914371
16.875	31.5	0.0206183862618426
17.125	31.5	0.0348098616409801
17.375	31.5	0.0573539021552566
17.625	31.5	0.0924000816755293
17.875	31.5	0.145068543593448
18.125	31.5	0.220259967637548
18.375	31.5	0.319933460760787
18.625	31.5	0.439532413865512
18.875	31.5	0.566701889334432
19.125	31.5	0.685547556023711
19.375	31.5	0.784049418746577
19.625	31.5	0.858040268386865
19.875	31.5	0.909710433093762
20.125	31.5	0.944022210244232
20.375	31.5	0.966064707229009
20.625	31.5	0.979928880274399
20.875	31.5	0.988534335511277
21.125	31.5	0.993832087545996
21.375	31.5	0.997077122840229
21.625	31.5	0.999058677746734
21.875	31.5	1.00026641566249
22.125	31.5	1.00100166896983
22.375	31.5	1.00144896117148
22.625	31.5	1.00172094959916
22.875	31.5	1.0018862904442
23.125	31.5	1.00198677846601
23.375	31.5	1.00204783939877
23.625	31.5	1.00208493463535
23.875	31.5	1.00210746392485
24.125	31.5	1.0021211409786
24.375	31.5	1.00212943859809
24.625	31.5	1.00213446743371
24.875	31.5	1.00213751021767
25.125	31.5	1.00213934649926
25.375	31.5	1.00214045001918
25.625	31.5	1.00214110866735
25.875	31.5	1.00214149738717
26.125	31.5	1.00214172248209
26.375	31.5	1.00214184854208
26.625	31.5	1.00214191480742
26.875	31.5	1.00214194511342
27.125	31.5	1.002141953934
27.375	31.5	1.00214195005443
27.625	31.5	1.00214193880334
27.875	31.5	1.00214192340917
28.125	31.5	1.00214190582445
28.375	31.5	1.00214188722671
28.625	31.5	1.00214186832294
28.875	31.5	1.0021418495345
29.125	31.5	1.00214183110959
29.375	31.5	1.0021418131915
29.625	31.5	1.00214179586014
29.875	31.5	1.00214177915718
30.125	31.5	1.00214176310145
30.375	31.5	1.00214174769813
30.625	31.5	1.00214173294447
30.875	31.5	1.00214171883315
31.125	31.5	1.00214170535437
31.375	31.5	1.0021416924971
31.625	31.5	1.00214168024982
31.875	31.5	1.00214166860097
32.125	31.5	1.00214165753922
32.375	31.5	1.00214164705361
32.625	31.5	1.00214163713365
32.875	31.5	1.0021416277694
33.125	31.5	1.0021416189514
33.375	31.5	1.00214161067077
33.625	31.5	1.0021416029192
33.875	31.5	1.00214159568887
34.125	31.5	1.00214158897254
34.375	31.5	1.00214158276347
34.625	31.5	1.00214157705547
34.875	31.5	1.00214157184283
35.125	31.5	1.00214156712036
35.375	31.5	1.00214156288336
35.625	31.5	1.00214155912764
35.875	31.5	1.00214155584947
36.125	31.5	1.0021415530456
36.375	31.5	1.00214155071326
36.625	31.5	1.00214154885015
36.875	31.5	1.00214154745442
37.125	31.5	1.00214154652469
37.375	31.5	1.00214154606006
0.125	32.5	-0.00214046615451742
0.375	32.5	-0.00214046571877084
0.625	32.5	-0.00214046484685283
0.875	32.5	-0.00214046353791309
1.125	32.5	-0.00214046179067455
1.375	32.5	-0.00214045960343148
1.625	32.5	-0.00214045697404697
1.875	32.5	-0.00214045389994971
2.125	32.5	-0.00214045037813011
2.375	32.5	-0.00214044640513574
2.625	32.5	-0.00214044197706615
2.875	32.5	-0.00214043708956674
3.125	32.5	-0.00214043173782207
3.375	32.5	-0.0021404259165481
3.625	32.5	-0.00214041961998351
3.875	32.5	-0.00214041284187977
4.125	32.5	-0.00214040557548969
4.375	32.5	-0.00214039781355386
4.625	32.5	-0.00214038954828416
4.875	32.5	-0.00214038077134297
5.125	32.5	-0.00214037147381571
5.375	32.5	-0.00214036164617303
5.625	32.5	-0.00214035127821641
5.875	32.5	-0.00214034035899714
6.125	32.5	-0.00214032887669196
6.375	32.5	-0.00214031681840803
6.625	32.5	-0.00214030416987219
6.875	32.5	-0.00214029091493056
7.125	32.5	-0.00214027703473655
7.375	32.5	-0.00214026250642696
7.625	32.5	-0.00214024730095644
7.875	32.5	-0.00214023137954775
8.125	32.5	-0.00214021468786498
8.375	32.5	-0.00214019714644092
8.625	32.5	-0.00214017863494127
8.875	32.5	-0.00214015896628834
9.125	32.5	-0.00214013784409933
9.375	32.5	-0.00214011479266969
9.625	32.5	-0.00214008904178035
9.875	32.5	-0.00214005933716839
10.125	32.5	-0.00214002362867792
10.375	32.5	-0.0021399785571343
10.625	32.5	-0.00213991861001849
10.875	32.5	-0.00213983473215247
11.125	32.5	-0.00213971203960626
11.375	32.5	-0.00213952605795808
11.625	32.5	-0.00213923653238444
11.875	32.5	-0.00213877724221711
12.125	32.5	-0.00213803924091323
12.375	32.5	-0.00213684327772372
12.625	32.5	-0.00213489441835521
12.875	32.5	-0.00213170737548683
13.125	32.5	-0.00212648364622518
13.375	32.5	-0.00211790935844664
13.625	32.5	-0.00210382267236996
13.875	32.5	-0.00208066661333436
14.125	32.5	-0.00204258904333445
14.375	32.5	-0.00197996257299748
14.625	32.5	-0.00187695153884026
14.875	32.5	-0.00170751513023194
15.125	32.5	-0.00142884857041722
15.375	32.5	-0.000970639338097729
15.625	32.5	-0.000217519936045109
15.875	32.5	0.00101945125938034
16.125	32.5	0.00304876495785922
16.375	32.5	0.00637156443163404
16.625	32.5	0.0117951819343841
16.875	32.5	0.0206023011003042
17.125	32.5	0.0347841879922472
17.375	32.5	0.0573135480405568
17.625	32.5	0.0923382608518561
17.875	32.5	0.144977608248831
18.125	32.5	0.220134149904783
18.375	32.5	0.319773827963
18.625	32.5	0.439351380221877
18.875	32.5	0.566521427840647
19.125	32.5	0.685389360107318
19.375	32.5	0.783925326264653
19.625	32.5	0.857950891726348
19.875	32.5	0.909649815333378
20.125	32.5	0.94398270149939
20.375	32.5	0.966039594705443
20.625	32.5	0.97991315486889
20.875	32.5	0.988524565693345
21.125	32.5	0.993826033933485
21.375	32.5	0.997073365057758
21.625	32.5	0.999056330035954
21.875	32.5	1.00026493124416
22.125	32.5	1.00100071237086
22.375	32.5	1.00144832731244
22.625	32.5	1.00172051337762
22.875	32.5	1.00188597563275
23.125	32.5	1.00198653863978
23.375	32.5	1.00204764628174
23.625	32.5	1.00208477099512
23.875	32.5	1.0021073192463
24.125	32.5	1.00212100883173
24.375	32.5	1.00212931503733
24.625	32.5	1.00213435002474
24.875	32.5	1.00213739744587
25.125	32.5	1.00213923741018
25.375	32.5	1.00214034399998
25.625	32.5	1.00214100531392
25.875	32.5	1.00214139642336
26.125	32.5	1.00214162371056
26.375	32.5	1.00214175181439
26.625	32.5	1.00214182000586
26.875	32.5	1.00214185213985
27.125	32.5	1.00214186270305
27.375	32.5	1.00214186048938
27.625	32.5	1.00214185083351
27.875	32.5	1.00214183696835
28.125	32.5	1.00214182084986
28.375	32.5	1.00214180365838
28.625	32.5	1.00214178610327
28.875	32.5	1.00214176860798
29.125	32.5	1.00214175142259
29.375	32.5	1.00214173469213
29.625	32.5	1.00214171849808
29.875	32.5	1.00214170288365
30.125	32.5	1.00214168786906
30.375	32.5	1.00214167346086
30.625	32.5	1.00214165965753
30.875	32.5	1.00214164645298
31.125	32.5	1.00214163383854
31.375	32.5	1.00214162180425
31.625	32.5	1.00214161033962
31.875	32.5	1.00214159943405
32.125	32.5	1.00214158907713
32.375	32.5	1.00214157925876
32.625	32.5	1.00214156996927
32.875	32.5	1.00214156119945
33.125	32.5	1.00214155294061
33.375	32.5	1.00214154518451
33.625	32.5	1.00214153792347
33.875	32.5	1.00214153115027
34.125	32.5	1.00214152485821
34.375	32.5	1.00214151904105
34.625	32.5	1.00214151369306
34.875	32.5	1.00214150880897
35.125	32.5	1.00214150438397
35.375	32.5	1.00214150041372
35.625	32.5	1.00214149689433
35.875	32.5	1.00214149382234
36.125	32.5	1.00214149119475
36.375	32.5	1.002141489009
36.625	32.5	1.00214148726295
36.875	32.5	1.0021414859549
37.125	32.5	1.00214148508358
37.375	32.5	1.00214148464813
0.125	33.5	-0.00214053469079151
0.375	33.5	-0.0021405342912566
0.625	33.5	-0.00214053349180647
0.875	33.5	-0.00214053229167994
1.125	33.5	-0.00214053068973386
1.375	33.5	-0.00214052868444144
1.625	33.5	-0.0021405262738901
1.875	33.5	-0.00214052345577865
2.125	33.5	-0.00214052022741391
2.375	33.5	-0.00214051658570686
2.625	33.5	-0.00214051252716795
2.875	33.5	-0.00214050804790199
3.125	33.5	-0.00214050314360215
3.375	33.5	-0.00214049780954326
3.625	33.5	-0.00214049204057422
3.875	33.5	-0.00214048583110917
4.125	33.5	-0.00214047917511738
4.375	33.5	-0.00214047206611101
4.625	33.5	-0.00214046449713018
4.875	33.5	-0.00214045646072372
5.125	33.5	-0.00214044794892349
5.375	33.5	-0.00214043895320834
5.625	33.5	-0.00214042946445181
5.875	33.5	-0.00214041947284316
6.125	33.5	-0.00214040896776531
6.375	33.5	-0.00214039793760235
6.625	33.5	-0.00214038636943149
6.875	33.5	-0.00214037424852564
7.125	33.5	-0.00214036155754489
7.375	33.5	-0.00214034827521654
7.625	33.5	-0.00214033437417432
7.875	33.5	-0.00214031981741467
8.125	33.5	-0.0021403045524779
8.375	33.5	-0.00214028850188657
8.625	33.5	-0.00214027154742568
8.875	33.5	-0.00214025350429025
9.125	33.5	-0.00214023407856072
9.375	33.5	-0.00214021279724459
9.625	33.5	-0.00214018889317715
9.875	33.5	-0.00214016111564302
10.125	33.5	-0.00214012741877247
10.375	33.5	-0.0021400844488165
10.625	33.5	-0.00214002670047763
10.875	33.5	-0.00213994512867236
11.125	33.5	-0.00213982486420716
11.375	33.5	-0.00213964145494651
11.625	33.5	-0.00213935468068472
11.875	33.5	-0.00213889837556903
12.125	33.5	-0.00213816368101146
12.375	33.5	-0.00213697148865237
12.625	33.5	-0.00213502709606468
12.875	33.5	-0.00213184559493557
13.125	33.5	-0.00212662910341236
13.375	33.5	-0.00211806476858511
13.625	33.5	-0.00210399242495685
13.875	33.5	-0.00208085784982041
14.125	33.5	-0.00204281342976533
14.375	33.5	-0.00198023921499224
14.625	33.5	-0.00187731177273989
14.875	33.5	-0.00170801039159117
15.125	33.5	-0.00142956329903649
15.375	33.5	-0.000971712096405566
15.625	33.5	-0.000219177841146693
15.875	33.5	0.00101683673924727
16.125	33.5	0.0030445885081642
16.375	33.5	0.00636484581711916
16.625	33.5	0.0117843502100591
16.875	33.5	0.0205848819673657
17.125	33.5	0.034756396388132
17.375	33.5	0.0572698750798502
17.625	33.5	0.0922713633162456
17.875	33.5	0.144879207634384
18.125	33.5	0.219997996184945
18.375	33.5	0.319601060886505
18.625	33.5	0.439155418230193
18.875	33.5	0.566326046725443
19.125	33.5	0.685218051829598
19.375	33.5	0.783790924117163
19.625	33.5	0.857854073586669
19.875	33.5	0.909584139237892
20.125	33.5	0.94393988683758
20.375	33.5	0.966012372824852
20.625	33.5	0.979896101021089
20.875	33.5	0.9885139632951
21.125	33.5	0.993819457470823
21.375	33.5	0.99706927605932
21.625	33.5	0.999053769082986
21.875	33.5	1.00026330607839
22.125	33.5	1.00099965960828
22.375	33.5	1.00144762480323
22.625	33.5	1.00172002559738
22.875	33.5	1.00188561999466
23.125	33.5	1.00198626483656
23.375	33.5	1.00204742366345
23.625	33.5	1.00208458087349
23.875	33.5	1.00210715020903
24.125	33.5	1.00212085389165
24.375	33.5	1.00212916989878
24.625	33.5	1.00213421202963
24.875	33.5	1.00213726493303
25.125	33.5	1.00213910932593
25.375	33.5	1.00214021966139
25.625	33.5	1.00214088426494
25.875	33.5	1.00214127834725
26.125	33.5	1.00214150837672
26.375	33.5	1.00214163904589
26.625	33.5	1.00214170965966
26.875	33.5	1.00214174409482
27.125	33.5	1.00214175685251
27.375	33.5	1.00214175673658
27.625	33.5	1.00214174908882
27.875	33.5	1.0021417371475
28.125	33.5	1.00214172287282
28.375	33.5	1.00214170744864
28.625	33.5	1.00214169158734
28.875	33.5	1.00214167571509
29.125	33.5	1.00214166008441
29.375	33.5	1.00214164484257
29.625	33.5	1.0021416300732
29.875	33.5	1.00214161582147
30.125	33.5	1.00214160210947
30.375	33.5	1.00214158894551
30.625	33.5	1.00214157632977
30.875	33.5	1.00214156425772
31.125	33.5	1.0021415527222
31.375	33.5	1.00214154171468
31.625	33.5	1.002141531226
31.875	33.5	1.00214152124685
32.125	33.5	1.002141511768
32.375	33.5	1.00214150278051
32.625	33.5	1.00214149427577
32.875	33.5	1.00214148624558
33.125	33.5	1.00214147868217
33.375	33.5	1.00214147157821
33.625	33.5	1.00214146492683
33.875	33.5	1.0021414587216
34.125	33.5	1.0021414529565
34.375	33.5	1.00214144762599
34.625	33.5	1.00214144272492
34.875	33.5	1.00214143824859
35.125	33.5	1.00214143419269
35.375	33.5	1.00214143055335
35.625	33.5	1.00214142732707
35.875	33.5	1.00214142451077
36.125	33.5	1.00214142210177
36.375	33.5	1.00214142009777
36.625	33.5	1.00214141849685
36.875	33.5	1.00214141729749
37.125	33.5	1.00214141649856
37.375	33.5	1.00214141609928
0.125	34.5	-0.00214060977931814
0.375	34.5	-0.00214060942225671
0.625	34.5	-0.00214060870780711
0.875	34.5	-0.00214060763531541
1.125	34.5	-0.00214060620379961
1.375	34.5	-0.00214060441194827
1.625	34.5	-0.00214060225811878
1.875	34.5	-0.00214059974033503
2.125	34.5	-0.00214059685628478
2.375	34.5	-0.00214059360331639
2.625	34.5	-0.00214058997843512
2.875	34.5	-0.00214058597829891
3.125	34.5	-0.00214058159921348
3.375	34.5	-0.00214057683712686
3.625	34.5	-0.00214057168762304
3.875	34.5	-0.0021405661459147
4.125	34.5	-0.00214056020683457
4.375	34.5	-0.00214055386482496
4.625	34.5	-0.00214054711392461
4.875	34.5	-0.00214053994775148
5.125	34.5	-0.00214053235947914
5.375	34.5	-0.00214052434180308
5.625	34.5	-0.00214051588689078
5.875	34.5	-0.00214050698630544
6.125	34.5	-0.00214049763088674
6.375	34.5	-0.00214048781056133
6.625	34.5	-0.00214047751403823
6.875	34.5	-0.002140466728315
7.125	34.5	-0.00214045543787334
7.375	34.5	-0.00214044362336388
7.625	34.5	-0.00214043125945103
7.875	34.5	-0.00214041831127623
8.125	34.5	-0.00214040472864822
8.375	34.5	-0.00214039043649377
8.625	34.5	-0.0021403753191556
8.875	34.5	-0.00214035919456626
9.125	34.5	-0.00214034177176369
9.375	34.5	-0.00214032258099612
9.625	34.5	-0.00214030085872312
9.875	34.5	-0.0021402753583992
10.125	34.5	-0.00214024403913288
10.375	34.5	-0.00214020355339053
10.625	34.5	-0.00214014840402859
10.875	34.5	-0.00214006955720643
11.125	34.5	-0.00213995215995118
11.375	34.5	-0.00213977178442991
11.625	34.5	-0.00213948824792566
11.875	34.5	-0.00213903544365612
12.125	34.5	-0.00213830460749832
12.375	34.5	-0.00213711678368004
12.625	34.5	-0.00213517751788404
12.875	34.5	-0.0021320023069748
13.125	34.5	-0.00212679393262166
13.375	34.5	-0.00211824063043249
13.625	34.5	-0.00210418402261957
13.875	34.5	-0.00208107282443796
14.125	34.5	-0.00204306425248487
14.375	34.5	-0.00198054629833105
14.625	34.5	-0.00187770858458385
14.875	34.5	-0.00170855185402539
15.125	34.5	-0.00143033956340041
15.375	34.5	-0.000972871085815055
15.625	34.5	-0.000220962005235764
15.875	34.5	0.00101403086254722
16.125	34.5	0.00304011475497992
16.375	34.5	0.00635765779123323
16.625	34.5	0.0117727708968386
16.875	34.5	0.0205662698983811
17.125	34.5	0.0347267105061872
17.375	34.5	0.0572232332695008
17.625	34.5	0.0921999233295449
17.875	34.5	0.144774124962943
18.125	34.5	0.219852586060142
18.375	34.5	0.319416523126018
18.625	34.5	0.438946066256132
18.875	34.5	0.566117271185957
19.125	34.5	0.685034961718265
19.375	34.5	0.783647252192087
19.625	34.5	0.857750561329912
19.875	34.5	0.90951391140666
20.125	34.5	0.9438940968249
20.375	34.5	0.965983252371708
20.625	34.5	0.979877851501793
20.875	34.5	0.988502611606697
21.125	34.5	0.993812410556678
21.375	34.5	0.997064889130784
21.625	34.5	0.999051016402018
21.875	34.5	1.00026155443834
22.125	34.5	1.0009985204943
22.375	34.5	1.00144686069548
22.625	34.5	1.00171949158796
22.875	34.5	1.00188522777127
23.125	34.5	1.001985960597
23.375	34.5	1.0020471746211
23.625	34.5	1.00208436703011
23.875	34.5	1.00210695934534
24.125	34.5	1.00212067851966
24.375	34.5	1.00212900540849
24.625	34.5	1.0021340555623
24.875	34.5	1.00213711469629
25.125	34.5	1.00213896417749
25.375	34.5	1.00214007885596
25.625	34.5	1.00214074730035
25.875	34.5	1.00214114487093
26.125	34.5	1.00214137812868
26.375	34.5	1.00214151182409
26.625	34.5	1.0021415852989
26.875	34.5	1.00214162245373
27.125	34.5	1.00214163780572
27.375	34.5	1.00214164016976
27.625	34.5	1.00214163489573
27.875	34.5	1.00214162522802
28.125	34.5	1.00214161313177
28.375	34.5	1.00214159979499
28.625	34.5	1.00214158593366
28.875	34.5	1.00214157197716
29.125	34.5	1.00214155818097
29.375	34.5	1.00214154469509
29.625	34.5	1.00214153160568
29.875	34.5	1.00214151896032
30.125	34.5	1.00214150678336
30.375	34.5	1.00214149508524
30.625	34.5	1.00214148386818
30.875	34.5	1.00214147312955
31.125	34.5	1.00214146286402
31.375	34.5	1.00214145306478
31.625	34.5	1.00214144372429
31.875	34.5	1.00214143483478
32.125	34.5	1.00214142638849
32.375	34.5	1.00214141837782
32.625	34.5	1.00214141079547
32.875	34.5	1.00214140363444
33.125	34.5	1.00214139688812
33.375	34.5	1.00214139055024
33.625	34.5	1.00214138461492
33.875	34.5	1.00214137907664
34.125	34.5	1.00214137393028
34.375	34.5	1.00214136917107
34.625	34.5	1.0021413647946
34.875	34.5	1.00214136079685
35.125	34.5	1.00214135717411
35.375	34.5	1.00214135392305
35.625	34.5	1.00214135104069
35.875	34.5	1.00214134852438
36.125	34.5	1.00214134637181
36.375	34.5	1.002141344581
36.625	34.5	1.00214134315032
36.875	34.5	1.00214134207845
37.125	34.5	1.00214134136442
37.375	34.5	1.00214134100756
0.125	35.5	-0.00214069072225861
0.375	35.5	-0.0021406904130455
0.625	35.5	-0.00214068979435344
0.875	35.5	-0.00214068886565042
1.125	35.5	-0.00214068762613759
1.375	35.5	-0.0021406860747483
1.625	35.5	-0.00214068421014682
1.875	35.5	-0.00214068203072663
2.125	35.5	-0.00214067953460848
2.375	35.5	-0.00214067671963805
2.625	35.5	-0.00214067358338315
2.875	35.5	-0.00214067012313065
3.125	35.5	-0.00214066633588283
3.375	35.5	-0.00214066221835328
3.625	35.5	-0.00214065776696208
3.875	35.5	-0.00214065297783017
4.125	35.5	-0.0021406478467725
4.375	35.5	-0.00214064236928961
4.625	35.5	-0.00214063654055648
4.875	35.5	-0.0021406303554077
5.125	35.5	-0.00214062380831622
5.375	35.5	-0.00214061689336237
5.625	35.5	-0.0021406096041867
5.875	35.5	-0.00214060193391677
6.125	35.5	-0.00214059387505112
6.375	35.5	-0.00214058541927333
6.625	35.5	-0.00214057655715116
6.875	35.5	-0.00214056727764699
7.125	35.5	-0.00214055756731806
7.375	35.5	-0.00214054740900666
7.625	35.5	-0.00214053677969128
7.875	35.5	-0.00214052564695763
8.125	35.5	-0.00214051396319894
8.375	35.5	-0.00214050165608024
8.625	35.5	-0.00214048861285539
8.875	35.5	-0.00214047465456919
9.125	35.5	-0.00214045949361596
9.375	35.5	-0.00214044266391148
9.625	35.5	-0.00214042340600066
9.875	35.5	-0.00214040047801245
10.125	35.5	-0.0021403718445967
10.375	35.5	-0.00214033416508059
10.625	35.5	-0.00214028195124125
10.875	35.5	-0.00214020618143213
11.125	35.5	-0.00214009202014006
11.375	35.5	-0.00213991506553099
11.625	35.5	-0.00213963517480829
11.875	35.5	-0.00213918630388426
12.125	35.5	-0.00213845978866911
12.375	35.5	-0.00213727683472696
12.625	35.5	-0.00213534324981479
12.875	35.5	-0.00213217495850306
13.125	35.5	-0.00212697544258772
13.375	35.5	-0.00211843408594592
13.625	35.5	-0.00210439439632571
13.875	35.5	-0.00208130818740869
14.125	35.5	-0.00204333776930564
14.375	35.5	-0.00198087950793429
14.625	35.5	-0.00187813679284865
14.875	35.5	-0.00170913299025511
15.125	35.5	-0.00143116870614462
15.375	35.5	-0.000974104234325275
15.625	35.5	-0.000222854838571617
15.875	35.5	0.00101106017429705
16.125	35.5	0.00303538479792472
16.375	35.5	0.00635006507294291
16.625	35.5	0.0117605468553029
16.875	35.5	0.0205466287556419
17.125	35.5	0.0346953901447717
17.375	35.5	0.0571740290923061
17.625	35.5	0.0921245614635406
17.875	35.5	0.144663270317363
18.125	35.5	0.219699174797314
18.375	35.5	0.319221801657927
18.625	35.5	0.438725116789473
18.875	35.5	0.56589688066026
19.125	35.5	0.684841643976186
19.375	35.5	0.783495526414716
19.625	35.5	0.857641229506599
19.875	35.5	0.909439724995598
20.125	35.5	0.943845718686257
20.375	35.5	0.965952480365477
20.625	35.5	0.979858561981716
20.875	35.5	0.988490608346096
21.125	35.5	0.993804954721194
21.375	35.5	0.997060243408248
21.625	35.5	0.999048097333182
21.875	35.5	1.00025969317501
22.125	35.5	1.0009973066473
22.375	35.5	1.00144604336699
22.625	35.5	1.00171891770312
22.875	35.5	1.00188480403532
23.125	35.5	1.00198563016685
23.375	35.5	1.00204690285174
23.625	35.5	1.00208413278445
23.875	35.5	1.00210674970313
24.125	35.5	1.00212048555842
24.375	35.5	1.00212882424596
24.625	35.5	1.00213388316641
24.875	35.5	1.00213694916177
25.125	35.5	1.00213880428613
25.375	35.5	1.00213992380933
25.625	35.5	1.00214059655728
25.875	35.5	1.00214099804863
26.125	35.5	1.00214123494262
26.375	35.5	1.00214137205134
26.625	35.5	1.00214144875578
26.875	35.5	1.00214148898216
27.125	35.5	1.0021415072648
27.375	35.5	1.00214151243066
27.625	35.5	1.00214150983841
27.875	35.5	1.00214150273925
28.125	35.5	1.00214149310382
28.375	35.5	1.00214148212478
28.625	35.5	1.00214147052215
28.875	35.5	1.00214145872899
29.125	35.5	1.00214144700411
29.375	35.5	1.00214143550061
29.625	35.5	1.00214142430756
29.875	35.5	1.00214141347526
30.125	35.5	1.00214140303065
30.375	35.5	1.00214139298661
30.625	35.5	1.00214138334766
30.875	35.5	1.00214137411335
31.125	35.5	1.00214136528043
31.375	35.5	1.00214135684405
31.625	35.5	1.00214134879852
31.875	35.5	1.00214134113783
32.125	35.5	1.00214133385585
32.375	35.5	1.00214132694658
32.625	35.5	1.00214132040416
32.875	35.5	1.002141314223
33.125	35.5	1.00214130839775
33.375	35.5	1.00214130292338
33.625	35.5	1.00214129779514
33.875	35.5	1.00214129300857
34.125	35.5	1.00214128855951
34.375	35.5	1.00214128444412
34.625	35.5	1.00214128065882
34.875	35.5	1.00214127720033
35.125	35.5	1.00214127406566
35.375	35.5	1.00214127125211
35.625	35.5	1.00214126875724
35.875	35.5	1.00214126657891
36.125	35.5	1.00214126471524
36.375	35.5	1.00214126316462
36.625	35.5	1.00214126192573
36.875	35.5	1.00214126099749
37.125	35.5	1.00214126037911
37.375	35.5	1.00214126007005
0.125	36.5	-0.00214077673333301
0.375	36.5	-0.00214077647633477
0.625	36.5	-0.00214077596213869
0.875	36.5	-0.00214077519034531
1.125	36.5	-0.00214077416035501
1.375	36.5	-0.00214077287136736
1.625	36.5	-0.00214077132238036
1.875	36.5	-0.00214076951218945
2.125	36.5	-0.00214076743938633
2.375	36.5	-0.00214076510235752
2.625	36.5	-0.00214076249928271
2.875	36.5	-0.00214075962813282
3.125	36.5	-0.00214075648666778
3.375	36.5	-0.00214075307243387
3.625	36.5	-0.00214074938276059
3.875	36.5	-0.00214074541475687
4.125	36.5	-0.00214074116530617
4.375	36.5	-0.00214073663106014
4.625	36.5	-0.00214073180842992
4.875	36.5	-0.00214072669357366
5.125	36.5	-0.00214072128237804
5.375	36.5	-0.00214071557043012
5.625	36.5	-0.00214070955297327
5.875	36.5	-0.00214070322483725
6.125	36.5	-0.00214069658032578
6.375	36.5	-0.00214068961303435
6.625	36.5	-0.00214068231555363
6.875	36.5	-0.00214067467898439
7.125	36.5	-0.00214066669214286
7.375	36.5	-0.00214065834025672
7.625	36.5	-0.00214064960282313
7.875	36.5	-0.00214064045008802
8.125	36.5	-0.0021406308372572
8.375	36.5	-0.00214062069497493
8.625	36.5	-0.0021406099136612
8.875	36.5	-0.00214059831774367
9.125	36.5	-0.00214058562326129
9.375	36.5	-0.00214057136810656
9.625	36.5	-0.00214055479724467
9.875	36.5	-0.00214053467384736
10.125	36.5	-0.00214050896851976
10.375	36.5	-0.00214047434792905
10.625	36.5	-0.00214042533334928
10.875	36.5	-0.00214035291605314
11.125	36.5	-0.00214024227894629
11.375	36.5	-0.00214006904752597
11.625	36.5	-0.00213979312085045
11.875	36.5	-0.00213934852043947
12.125	36.5	-0.0021386266867463
12.375	36.5	-0.00213744899379604
12.625	36.5	-0.00213552152283424
12.875	36.5	-0.00213236064459784
13.125	36.5	-0.00212717057105243
13.375	36.5	-0.00211864188343611
13.625	36.5	-0.002104620055459
13.875	36.5	-0.00208156013120511
14.125	36.5	-0.002043629731075
14.375	36.5	-0.0019812339515761
14.625	36.5	-0.00187859053472242
14.875	36.5	-0.00170974643226305
15.125	36.5	-0.00143204097936239
15.375	36.5	-0.000975397981750201
15.625	36.5	-0.000224836623662292
15.875	36.5	0.00100795438219871
16.125	36.5	0.0030304445783554
16.375	36.5	0.00634213994533584
16.625	36.5	0.0117477929057483
16.875	36.5	0.0205261413953881
17.125	36.5	0.0346627251751864
17.375	36.5	0.0571227160900762
17.625	36.5	0.0920459702565005
17.875	36.5	0.144547659690716
18.125	36.5	0.219539164568792
18.375	36.5	0.319018670664269
18.625	36.5	0.438494575864977
18.875	36.5	0.565666868840627
19.125	36.5	0.684639841792677
19.375	36.5	0.783337111753109
19.625	36.5	0.857527060507381
19.875	36.5	0.909362246615589
20.125	36.5	0.94379518775058
20.375	36.5	0.965920334591542
20.625	36.5	0.979838407569373
20.875	36.5	0.988478063469342
21.125	36.5	0.993797159231035
21.375	36.5	0.997055382975532
21.625	36.5	0.999045040444184
21.875	36.5	1.00025774130678
22.125	36.5	1.00099603119812
22.375	36.5	1.00144518230089
22.625	36.5	1.00171831114651
22.875	36.5	1.0018843545464
23.125	36.5	1.0019852783725
23.375	36.5	1.00204661256151
23.625	36.5	1.00208388191508
23.875	36.5	1.00210652475276
24.125	36.5	1.00212027824476
24.375	36.5	1.00212862946202
24.625	36.5	1.00213369773768
24.875	36.5	1.00213677109075
25.125	36.5	1.00213863229312
25.375	36.5	1.00213975705328
25.625	36.5	1.00214043446606
25.875	36.5	1.00214084021579
26.125	36.5	1.00214108106457
26.375	36.5	1.00214122188907
26.625	36.5	1.00214130211148
26.875	36.5	1.00214134568497
27.125	36.5	1.00214136716205
27.375	36.5	1.00214137538243
27.625	36.5	1.00214137571421
27.875	36.5	1.00214137141584
28.125	36.5	1.0021413644639
28.375	36.5	1.00214135605603
28.625	36.5	1.0021413469167
28.875	36.5	1.0021413374829
29.125	36.5	1.00214132801707
29.375	36.5	1.00214131867571
29.625	36.5	1.00214130955102
29.875	36.5	1.00214130069629
30.125	36.5	1.00214129214125
30.375	36.5	1.00214128390146
30.625	36.5	1.00214127598391
30.875	36.5	1.00214126839059
31.125	36.5	1.00214126112046
31.375	36.5	1.00214125417081
31.625	36.5	1.00214124753798
31.875	36.5	1.00214124121786
32.125	36.5	1.00214123520614
32.375	36.5	1.00214122949849
32.625	36.5	1.00214122409066
32.875	36.5	1.00214121897857
33.125	36.5	1.00214121415829
33.375	36.5	1.00214120962609
33.625	36.5	1.00214120537847
33.875	36.5	1.0021412014121
34.125	36.5	1.00214119772392
34.375	36.5	1.00214119431104
34.625	36.5	1.00214119117081
34.875	36.5	1.00214118830077
35.125	36.5	1.0021411856987
35.375	36.5	1.00214118336256
35.625	36.5	1.00214118129055
35.875	36.5	1.00214117948104
36.125	36.5	1.00214117793264
36.375	36.5	1.00214117664414
36.625	36.5	1.00214117561454
36.875	36.5	1.00214117484304
37.125	36.5	1.00214117432904
37.375	36.5	1.00214117407214
0.125	37.5	-0.00214086695451689
0.375	37.5	-0.0021408667530035
0.625	37.5	-0.00214086634984648
0.875	37.5	-0.00214086574478531
1.125	37.5	-0.00214086493742905
1.375	37.5	-0.00214086392725618
1.625	37.5	-0.00214086271361438
1.875	37.5	-0.00214086129572019
2.125	37.5	-0.0021408596726587
2.375	37.5	-0.00214085784338305
2.625	37.5	-0.00214085580671392
2.875	37.5	-0.00214085356133885
3.125	37.5	-0.00214085110581144
3.375	37.5	-0.00214084843855027
3.625	37.5	-0.00214084555783748
3.875	37.5	-0.0021408424618169
4.125	37.5	-0.00214083914849117
4.375	37.5	-0.00214083561571773
4.625	37.5	-0.00214083186120241
4.875	37.5	-0.00214082788248964
5.125	37.5	-0.00214082367694675
5.375	37.5	-0.00214081924173878
5.625	37.5	-0.00214081457378771
5.875	37.5	-0.00214080966970589
6.125	37.5	-0.00214080452568741
6.375	37.5	-0.00214079913732989
6.625	37.5	-0.0021407934993422
6.875	37.5	-0.00214078760506421
7.125	37.5	-0.00214078144567744
7.375	37.5	-0.00214077500890711
7.625	37.5	-0.00214076827688724
7.875	37.5	-0.00214076122264875
8.125	37.5	-0.00214075380434159
8.375	37.5	-0.00214074595572826
8.625	37.5	-0.00214073757054209
8.875	37.5	-0.00214072847674994
9.125	37.5	-0.00214071839420243
9.375	37.5	-0.00214070686494887
9.625	37.5	-0.00214069313857137
9.875	37.5	-0.00214067598350352
10.125	37.5	-0.00214065337655626
10.375	37.5	-0.00214062199203377
10.625	37.5	-0.00214057636107473
10.875	37.5	-0.00214050748834929
11.125	37.5	-0.00214040057583563
11.375	37.5	-0.00214023127729844
11.625	37.5	-0.00213995953504518
11.875	37.5	-0.00213951943834418
12.125	37.5	-0.00213880253555494
12.375	37.5	-0.00213763037453042
12.625	37.5	-0.00213570931866165
12.875	37.5	-0.00213255619891595
13.125	37.5	-0.0021273759803833
13.375	37.5	-0.0021188604792417
13.625	37.5	-0.00210485719680068
13.875	37.5	-0.00208182450876386
14.125	37.5	-0.00204393551214759
14.375	37.5	-0.00198160430745256
14.625	37.5	-0.00187906343857498
14.875	37.5	-0.00171038418134964
15.125	37.5	-0.00143294581293688
15.375	37.5	-0.000976737640152959
15.625	37.5	-0.000226886023120889
15.875	37.5	0.00100474561099672
16.125	37.5	0.00302534374880202
16.375	37.5	0.00633396050200346
16.625	37.5	0.0117346330701542
16.875	37.5	0.020505005305386
17.125	37.5	0.0346290286589606
17.375	37.5	0.0570697841327015
17.625	37.5	0.0919648978767921
17.875	37.5	0.144428391093643
18.125	37.5	0.21937407159819
18.375	37.5	0.318809050150638
18.625	37.5	0.438256616525007
18.875	37.5	0.565429397687889
19.125	37.5	0.68443144734663
19.375	37.5	0.783173491026381
19.625	37.5	0.85740912217129
19.875	37.5	0.90928220115369
20.125	37.5	0.943742977532701
20.375	37.5	0.965887117257648
20.625	37.5	0.979817578794182
20.875	37.5	0.988465096629427
21.125	37.5	0.993789099470266
21.375	37.5	0.997050355816469
21.625	37.5	0.999041876835559
21.875	37.5	1.00025571954288
22.125	37.5	1.00099470844882
22.375	37.5	1.00144428782932
22.625	37.5	1.00171767976896
22.875	37.5	1.00188388558329
23.125	37.5	1.00198491047645
23.375	37.5	1.00204630833729
23.625	37.5	1.00208361854291
23.875	37.5	1.00210628827906
24.125	37.5	1.00212006010883
24.375	37.5	1.00212842438388
24.625	37.5	1.00213350243401
24.875	37.5	1.00213658349437
25.125	37.5	1.00213845107856
25.375	37.5	1.00213958134837
25.625	37.5	1.00214026367655
25.875	37.5	1.0021406739187
26.125	37.5	1.00214091894324
26.375	37.5	1.00214106369366
26.625	37.5	1.00214114763479
26.875	37.5	1.00214119474773
27.125	37.5	1.00214121960384
27.375	37.5	1.00214123105609
27.625	37.5	1.00214123448234
27.875	37.5	1.00214123314866
28.125	37.5	1.00214122903775
28.375	37.5	1.00214122335254
28.625	37.5	1.00214121682205
28.875	37.5	1.00214120988745
29.125	37.5	1.00214120281496
29.375	37.5	1.00214119576461
29.625	37.5	1.00214118883192
29.875	37.5	1.00214118207329
30.125	37.5	1.0021411755214
30.375	37.5	1.00214116919455
30.625	37.5	1.00214116310241
30.875	37.5	1.00214115724943
31.125	37.5	1.00214115163695
31.375	37.5	1.00214114626448
31.625	37.5	1.00214114113049
31.875	37.5	1.00214113623286
32.125	37.5	1.00214113156917
32.375	37.5	1.00214112713687
32.625	37.5	1.00214112293339
32.875	37.5	1.00214111895621
33.125	37.5	1.0021411152029
33.375	37.5	1.0021411116711
33.625	37.5	1.00214110835859
33.875	37.5	1.00214110526329
34.125	37.5	1.0021411023832
34.375	37.5	1.0021410997165
34.625	37.5	1.00214109726148
34.875	37.5	1.00214109501655
35.125	37.5	1.00214109298029
35.375	37.5	1.00214109115137
35.625	37.5	1.00214108952863
35.875	37.5	1.00214108811101
36.125	37.5	1.0021410868976
36.375	37.5	1.00214108588762
36.625	37.5	1.00214108508042
36.875	37.5	1.00214108447548
37.125	37.5	1.0021410840724
37.375	37.5	1.00214108387093
0.125	38.5	-0.00214096047419998
0.375	38.5	-0.00214096033029264
0.625	38.5	-0.00214096004241799
0.875	38.5	-0.0021409596104562
1.125	38.5	-0.00214095903422773
1.375	38.5	-0.00214095831349355
1.625	38.5	-0.00214095744795544
1.875	38.5	-0.00214095643725644
2.125	38.5	-0.00214095528098129
2.375	38.5	-0.00214095397865691
2.625	38.5	-0.00214095252975304
2.875	38.5	-0.00214095093368285
3.125	38.5	-0.00214094918980349
3.375	38.5	-0.00214094729741662
3.625	38.5	-0.00214094525576879
3.875	38.5	-0.00214094306405135
4.125	38.5	-0.00214094072139974
4.375	38.5	-0.00214093822689166
4.625	38.5	-0.00214093557954314
4.875	38.5	-0.00214093277830129
5.125	38.5	-0.00214092982203146
5.375	38.5	-0.00214092670949504
5.625	38.5	-0.00214092343931191
5.875	38.5	-0.00214092000989737
6.125	38.5	-0.00214091641935719
6.375	38.5	-0.00214091266531346
6.625	38.5	-0.00214090874461665
6.875	38.5	-0.00214090465287019
7.125	38.5	-0.00214090038364642
7.375	38.5	-0.00214089592719478
7.625	38.5	-0.0021408912683141
7.875	38.5	-0.00214088638284945
8.125	38.5	-0.0021408812319255
8.375	38.5	-0.00214087575245527
8.625	38.5	-0.00214086984151963
8.875	38.5	-0.0021408633306613
9.125	38.5	-0.00214085594358264
9.375	38.5	-0.0021408472265345
9.625	38.5	-0.0021408364337677
9.875	38.5	-0.00214082233904009
10.125	38.5	-0.0021408029254476
10.375	38.5	-0.00214077487503732
10.625	38.5	-0.0021407327289615
10.875	38.5	-0.00214066750550663
11.125	38.5	-0.00214056442605659
11.375	38.5	-0.00214039917316367
11.625	38.5	-0.00214013173321139
11.875	38.5	-0.0021396962645475
12.125	38.5	-0.00213898442559665
12.375	38.5	-0.00213781794156054
12.625	38.5	-0.00213590346373685
12.875	38.5	-0.00213275829277012
13.125	38.5	-0.00212758816238591
13.375	38.5	-0.00211908614919157
13.625	38.5	-0.00210510182400343
13.875	38.5	-0.00208209696306332
14.125	38.5	-0.00204425025335427
14.375	38.5	-0.00198198498578955
14.625	38.5	-0.00187954881267023
14.875	38.5	-0.00171103783770077
15.125	38.5	-0.00143387210739288
15.375	38.5	-0.000978107786642365
15.625	38.5	-0.000228980632359332
15.875	38.5	0.00100146759195706
16.125	38.5	0.00302013444515653
16.375	38.5	0.00632560874382848
16.625	38.5	0.011721197580111
16.875	38.5	0.0204834278732718
17.125	38.5	0.0345946293825373
17.375	38.5	0.0570157477761672
17.625	38.5	0.0918821303904491
17.875	38.5	0.144306618597075
18.125	38.5	0.219205490419067
18.375	38.5	0.318594960842593
18.625	38.5	0.43801352797794
18.875	38.5	0.565186747064605
19.125	38.5	0.684218457894893
19.375	38.5	0.78300623059383
19.625	38.5	0.857288543119992
19.875	38.5	0.909200355036844
20.125	38.5	0.943689588790817
20.375	38.5	0.965853147992542
20.625	38.5	0.979796277172114
20.875	38.5	0.988451834370829
21.125	38.5	0.993780855152869
21.375	38.5	0.997045212658379
21.625	38.5	0.999038639373934
21.875	38.5	1.00025364975755
22.125	38.5	1.00099335349646
22.375	38.5	1.00144337085074
22.625	38.5	1.00171703184544
22.875	38.5	1.00188340375926
23.125	38.5	1.00198453201832
23.375	38.5	1.00204599500545
23.625	38.5	1.00208334700278
23.875	38.5	1.00210604426278
24.125	38.5	1.00211983486329
24.375	38.5	1.00212821251078
24.625	38.5	1.00213330057679
24.875	38.5	1.00213638954
25.125	38.5	1.00213826367241
25.375	38.5	1.00213939959923
25.625	38.5	1.00214008697734
25.875	38.5	1.00214050183737
26.125	38.5	1.00214075115641
26.375	38.5	1.00214089994617
26.625	38.5	1.00214098771505
26.875	38.5	1.0021410384726
27.125	38.5	1.00214106680939
27.375	38.5	1.00214108159188
27.625	38.5	1.0021410882079
27.875	38.5	1.00214108993116
28.125	38.5	1.00214108875067
28.375	38.5	1.00214108587462
28.625	38.5	1.00214108203672
28.875	38.5	1.00214107768229
29.125	38.5	1.00214107308142
29.375	38.5	1.00214106839771
29.625	38.5	1.00214106373002
29.875	38.5	1.00214105913789
30.125	38.5	1.00214105465696
30.375	38.5	1.00214105030836
30.625	38.5	1.00214104610442
30.875	38.5	1.0021410420521
31.125	38.5	1.00214103815513
31.375	38.5	1.00214103441529
31.625	38.5	1.00214103083318
31.875	38.5	1.0021410274087
32.125	38.5	1.00214102414134
32.375	38.5	1.00214102103036
32.625	38.5	1.00214101807488
32.875	38.5	1.00214101527397
33.125	38.5	1.00214101262669
33.375	38.5	1.00214101013211
33.625	38.5	1.0021410077893
33.875	38.5	1.00214100559738
34.125	38.5	1.00214100355551
34.375	38.5	1.0021410016629
34.625	38.5	1.00214099991881
34.875	38.5	1.00214099832254
35.125	38.5	1.00214099687345
35.375	38.5	1.00214099557095
35.625	38.5	1.00214099441452
35.875	38.5	1.00214099340369
36.125	38.5	1.00214099253804
36.375	38.5	1.00214099181721
36.625	38.5	1.00214099124091
36.875	38.5	1.00214099080889
37.125	38.5	1.00214099052098
37.375	38.5	1.00214099037705
0.125	39.5	-0.00214105634620691
0.375	39.5	-0.00214105626086356
0.625	39.5	-0.00214105609018581
0.875	39.5	-0.00214105583419174
1.125	39.5	-0.00214105549290904
1.375	39.5	-0.00214105506637557
1.625	39.5	-0.00214105455464027
1.875	39.5	-0.00214105395776419
2.125	39.5	-0.00214105327582174
2.375	39.5	-0.0021410525089022
2.625	39.5	-0.00214105165711133
2.875	39.5	-0.00214105072057322
3.125	39.5	-0.00214104969943228
3.375	39.5	-0.00214104859385521
3.625	39.5	-0.0021410474040331
3.875	39.5	-0.00214104613018312
4.125	39.5	-0.00214104477254989
4.375	39.5	-0.00214104333140568
4.625	39.5	-0.00214104180704892
4.875	39.5	-0.00214104019979941
5.125	39.5	-0.00214103850998819
5.375	39.5	-0.00214103673793828
5.625	39.5	-0.00214103488393015
5.875	39.5	-0.00214103294814208
6.125	39.5	-0.00214103093054875
6.375	39.5	-0.002141028830751
6.625	39.5	-0.00214102664769211
6.875	39.5	-0.00214102437918695
7.125	39.5	-0.00214102202114324
7.375	39.5	-0.00214101956627556
7.625	39.5	-0.00214101700198471
7.875	39.5	-0.00214101430686314
8.125	39.5	-0.00214101144493951
8.375	39.5	-0.00214100835620227
8.625	39.5	-0.00214100494100058
8.875	39.5	-0.00214100103436948
9.125	39.5	-0.00214099636377546
9.375	39.5	-0.00214099047957962
9.625	39.5	-0.00214098264060748
9.875	39.5	-0.00214097162584596
10.125	39.5	-0.00214095542458255
10.375	39.5	-0.00214093072652042
10.625	39.5	-0.00214089208275342
10.875	39.5	-0.00214083052514109
11.125	39.5	-0.00214073129448117
11.375	39.5	-0.00214057010221113
11.625	39.5	-0.00214030697904006
11.875	39.5	-0.00213987615289959
12.125	39.5	-0.00213916939320903
12.375	39.5	-0.00213800860415289
12.625	39.5	-0.00213610072773465
12.875	39.5	-0.0021329635389979
13.125	39.5	-0.00212780354819486
13.375	39.5	-0.00211931510547284
13.625	39.5	-0.00210534987285771
13.875	39.5	-0.00208237306296988
14.125	39.5	-0.00204456901185385
14.375	39.5	-0.00198237029816538
14.625	39.5	-0.00188003984277407
14.875	39.5	-0.00171169884059489
15.125	39.5	-0.00143480854004618
15.375	39.5	-0.000979492673616168
15.625	39.5	-0.000231097556314249
15.875	39.5	0.000998154817748578
16.125	39.5	0.00301487000720891
16.375	39.5	0.00631716859653023
16.625	39.5	0.0117076197609471
16.875	39.5	0.0204616214595612
17.125	39.5	0.0345598640831947
17.375	39.5	0.0569611341357724
17.625	39.5	0.0917984732805658
17.875	39.5	0.144183525256072
18.125	39.5	0.219035056543595
18.375	39.5	0.318378476989132
18.625	39.5	0.437767662276146
18.875	39.5	0.564941261780815
19.125	39.5	0.684002929499126
19.375	39.5	0.782836944131826
19.625	39.5	0.857166486682285
19.875	39.5	0.909117498523164
20.125	39.5	0.943635537941799
20.375	39.5	0.965818756431555
20.625	39.5	0.979774710509245
20.875	39.5	0.988438407158386
21.125	39.5	0.993772508430061
21.375	39.5	0.997040005747924
21.625	39.5	0.999035361880899
21.875	39.5	1.0002515544342
22.125	39.5	1.00099198183573
22.375	39.5	1.00144244253186
22.625	39.5	1.00171637583973
22.875	39.5	1.00188291582764
23.125	39.5	1.00198414864762
23.375	39.5	1.00204567748332
23.625	39.5	1.00208307170857
23.875	39.5	1.00210579675596
24.125	39.5	1.00211960628693
24.375	39.5	1.00212799740457
24.625	39.5	1.00213309554743
24.875	39.5	1.00213619245306
25.125	39.5	1.00213807316103
25.375	39.5	1.00213921476555
25.625	39.5	1.00213990721089
25.875	39.5	1.00214032670466
26.125	39.5	1.00214058033373
26.375	39.5	1.00214073317864
26.625	39.5	1.00214082479168
26.875	39.5	1.00214087921099
27.125	39.5	1.0021409110464
27.375	39.5	1.00214092917783
27.625	39.5	1.00214093900298
27.875	39.5	1.0021409438032
28.125	39.5	1.00214094557363
28.375	39.5	1.0021409455277
28.625	39.5	1.00214094440367
28.875	39.5	1.00214094265097
29.125	39.5	1.00214094054345
29.375	39.5	1.00214093824818
29.625	39.5	1.0021409358673
29.875	39.5	1.00214093346342
30.125	39.5	1.00214093107508
30.375	39.5	1.00214092872615
30.625	39.5	1.00214092643156
30.875	39.5	1.00214092420074
31.125	39.5	1.00214092203974
31.375	39.5	1.00214091995257
31.625	39.5	1.0021409179419
31.875	39.5	1.00214091600962
32.125	39.5	1.00214091415708
32.375	39.5	1.0021409123853
32.625	39.5	1.00214091069507
32.875	39.5	1.00214090908702
33.125	39.5	1.00214090756166
33.375	39.5	1.00214090611944
33.625	39.5	1.0021409047607
33.875	39.5	1.00214090348577
34.125	39.5	1.00214090229492
34.375	39.5	1.00214090118837
34.625	39.5	1.00214090016632
34.875	39.5	1.00214089922895
35.125	39.5	1.00214089837641
35.375	39.5	1.00214089760881
35.625	39.5	1.00214089692626
35.875	39.5	1.00214089632886
36.125	39.5	1.00214089581667
36.375	39.5	1.00214089538977
36.625	39.5	1.00214089504819
36.875	39.5	1.00214089479197
37.125	39.5	1.00214089462115
37.375	39.5	1.00214089453573
0.125	40.5	-0.00214115360905329
0.375	40.5	-0.00214115358209192
0.625	40.5	-0.00214115352824345
0.875	40.5	-0.00214115344765677
1.125	40.5	-0.00214115334055603
1.375	40.5	-0.00214115320724163
1.625	40.5	-0.00214115304809161
1.875	40.5	-0.00214115286356327
2.125	40.5	-0.00214115265419515
2.375	40.5	-0.00214115242060945
2.625	40.5	-0.00214115216351458
2.875	40.5	-0.00214115188370818
3.125	40.5	-0.00214115158208033
3.375	40.5	-0.00214115125961698
3.625	40.5	-0.00214115091740348
3.875	40.5	-0.00214115055662809
4.125	40.5	-0.00214115017858506
4.375	40.5	-0.00214114978467692
4.625	40.5	-0.00214114937641505
4.875	40.5	-0.00214114895541727
5.125	40.5	-0.00214114852340016
5.375	40.5	-0.00214114808216248
5.625	40.5	-0.00214114763355352
5.875	40.5	-0.00214114717941653
6.125	40.5	-0.00214114672149062
6.375	40.5	-0.00214114626124412
6.625	40.5	-0.00214114579959475
6.875	40.5	-0.00214114533644311
7.125	40.5	-0.00214114486989872
7.375	40.5	-0.00214114439499965
7.625	40.5	-0.00214114390159846
7.875	40.5	-0.0021411433708759
8.125	40.5	-0.00214114276959601
8.375	40.5	-0.00214114204064442
8.625	40.5	-0.00214114108744988
8.875	40.5	-0.00214113974834035
9.125	40.5	-0.00214113775433569
9.375	40.5	-0.00214113465968482
9.625	40.5	-0.00214112972755311
9.875	40.5	-0.00214112174190913
10.125	40.5	-0.00214110869797145
10.375	40.5	-0.00214108729282557
10.625	40.5	-0.00214105208722017
10.875	40.5	-0.00214099412628861
11.125	40.5	-0.00214089866993238
11.375	40.5	-0.00214074145815595
11.625	40.5	-0.00214048256567309
11.875	40.5	-0.00214005628968477
12.125	40.5	-0.0021393545103119
12.375	40.5	-0.00213819931047598
12.625	40.5	-0.00213629792272967
12.875	40.5	-0.00213316859651749
13.125	40.5	-0.00212801861889199
13.375	40.5	-0.00211954361427143
13.625	40.5	-0.00210559733738211
13.875	40.5	-0.0020826484399681
14.125	40.5	-0.00204488691194059
14.375	40.5	-0.00198275462787855
14.625	40.5	-0.00188052979092252
14.875	40.5	-0.00171235870992575
15.125	40.5	-0.00143574387268765
15.375	40.5	-0.000980876640860573
15.625	40.5	-0.000233213988516291
15.875	40.5	0.000994841694222492
16.125	40.5	0.0030096036948725
16.375	40.5	0.00630872392192808
16.625	40.5	0.0116940329062837
16.875	40.5	0.0204397984554587
17.125	40.5	0.034525069649855
17.375	40.5	0.0569064707163053
17.625	40.5	0.0917147328907004
17.875	40.5	0.14406029589789
18.125	40.5	0.218864408893624
18.375	40.5	0.318161678777866
18.625	40.5	0.437521380432246
18.875	40.5	0.564695297949978
19.125	40.5	0.683786930042809
19.375	40.5	0.782667255787269
19.625	40.5	0.857044124334587
19.875	40.5	0.909034427648724
20.125	40.5	0.943581345244964
20.375	40.5	0.965784274652053
20.625	40.5	0.979753088109987
20.875	40.5	0.9884249463463
21.125	40.5	0.993764141960146
21.375	40.5	0.997034787603425
21.625	40.5	0.99903207830695
21.875	40.5	1.00024945609994
22.125	40.5	1.00099060895526
22.375	40.5	1.00144151400504
22.625	40.5	1.00171572016622
22.875	40.5	1.0018824284851
23.125	40.5	1.00198376595465
23.375	40.5	1.0020453606293
23.625	40.5	1.00208279701705
23.875	40.5	1.00210554975623
24.125	40.5	1.00211937810735
24.375	40.5	1.00212778257926
24.625	40.5	1.00213289068296
24.875	40.5	1.00213599541794
25.125	40.5	1.00213788259311
25.375	40.5	1.00213902977251
25.625	40.5	1.0021397271882
25.875	40.5	1.00214015122485
26.125	40.5	1.00214040907902
26.375	40.5	1.00214056589989
26.625	40.5	1.00214066128336
26.875	40.5	1.00214071929594
27.125	40.5	1.0021407545664
27.375	40.5	1.00214077598786
27.625	40.5	1.00214078896762
27.875	40.5	1.00214079679436
28.125	40.5	1.00214080146917
28.375	40.5	1.00214080421041
28.625	40.5	1.00214080576069
28.875	40.5	1.00214080657332
29.125	40.5	1.0021408069257
29.375	40.5	1.00214080698819
29.625	40.5	1.00214080686601
29.875	40.5	1.00214080662466
30.125	40.5	1.00214080630541
30.375	40.5	1.00214080593474
30.625	40.5	1.00214080552999
30.875	40.5	1.00214080510294
31.125	40.5	1.00214080466185
31.375	40.5	1.00214080421278
31.625	40.5	1.00214080376041
31.875	40.5	1.00214080330847
32.125	40.5	1.00214080286008
32.375	40.5	1.00214080241793
32.625	40.5	1.00214080198438
32.875	40.5	1.00214080156152
33.125	40.5	1.00214080115127
33.375	40.5	1.00214080075534
33.625	40.5	1.00214080037532
33.875	40.5	1.00214080001265
34.125	40.5	1.00214079966864
34.375	40.5	1.0021407993445
34.625	40.5	1.00214079904132
34.875	40.5	1.0021407987601
35.125	40.5	1.00214079850171
35.375	40.5	1.00214079826697
35.625	40.5	1.00214079805657
35.875	40.5	1.00214079787114
36.125	40.5	1.00214079771122
36.375	40.5	1.00214079757727
36.625	40.5	1.00214079746966
36.875	40.5	1.0021407973887
37.125	40.5	1.0021407973346
37.375	40.5	1.00214079730751
0.125	41.5	-0.00214125130480868
0.375	41.5	-0.00214125133496697
0.625	41.5	-0.00214125139541756
0.875	41.5	-0.00214125148642894
1.125	41.5	-0.00214125160840495
1.375	41.5	-0.00214125176188606
1.625	41.5	-0.00214125194755118
1.875	41.5	-0.00214125216621983
2.125	41.5	-0.00214125241885479
2.375	41.5	-0.00214125270656522
2.625	41.5	-0.00214125303061011
2.875	41.5	-0.0021412533924023
3.125	41.5	-0.00214125379351276
3.375	41.5	-0.00214125423567524
3.625	41.5	-0.0021412547207912
3.875	41.5	-0.00214125525093472
4.125	41.5	-0.0021412558283572
4.375	41.5	-0.00214125645549143
4.625	41.5	-0.00214125713495401
4.875	41.5	-0.00214125786954492
5.125	41.5	-0.00214125866224212
5.375	41.5	-0.00214125951618718
5.625	41.5	-0.00214126043465622
5.875	41.5	-0.00214126142100603
6.125	41.5	-0.00214126247857885
6.375	41.5	-0.00214126361053891
6.625	41.5	-0.00214126481959602
6.875	41.5	-0.00214126610754288
7.125	41.5	-0.00214126747448546
7.375	41.5	-0.00214126891756759
7.625	41.5	-0.00214127042886296
7.875	41.5	-0.00214127199189638
8.125	41.5	-0.00214127357590882
8.375	41.5	-0.00214127512640957
8.625	41.5	-0.0021412765496176
8.875	41.5	-0.00214127768684756
9.125	41.5	-0.00214127827234851
9.375	41.5	-0.00214127786391357
9.625	41.5	-0.00214127572868329
9.875	41.5	-0.00214127065521949
10.125	41.5	-0.00214126064425637
10.375	41.5	-0.00214124239981421
10.625	41.5	-0.00214121049180899
10.875	41.5	-0.0021411559781082
11.125	41.5	-0.00214106413710584
11.375	41.5	-0.00214091073665937
11.625	41.5	-0.00214065589461954
11.875	41.5	-0.00214023397635233
12.125	41.5	-0.00213953697120343
12.375	41.5	-0.0021383871387585
12.625	41.5	-0.00213649199908327
12.875	41.5	-0.00213337027141933
13.125	41.5	-0.00212823001245221
13.375	41.5	-0.00211976810950038
13.625	41.5	-0.00210584039171485
13.875	41.5	-0.00208291892033302
14.125	41.5	-0.00204519929082106
14.375	41.5	-0.00198313259463027
14.625	41.5	-0.00188101218755721
14.875	41.5	-0.00171300927966772
15.125	41.5	-0.00143666724900636
15.375	41.5	-0.00098224451391129
15.625	41.5	-0.000235307770860439
15.875	41.5	0.000991561720451437
16.125	41.5	0.00300438744715585
16.375	41.5	0.00630035659535288
16.625	41.5	0.011680567256332
16.875	41.5	0.0204181665040895
17.125	41.5	0.0344905755800795
17.375	41.5	0.056852273637518
17.625	41.5	0.0916316984600581
17.875	41.5	0.143938090752828
18.125	41.5	0.218695153344319
18.375	41.5	0.317946606070843
18.625	41.5	0.437276999907115
18.875	41.5	0.564451170577961
19.125	41.5	0.68357249322068
19.375	41.5	0.782498764025818
19.625	41.5	0.856922609607116
19.875	41.5	0.90895192647541
20.125	41.5	0.943527523177142
20.375	41.5	0.965750029729844
20.625	41.5	0.979731616062134
20.875	41.5	0.988411581196544
21.125	41.5	0.993755837010819
21.375	41.5	0.997029609789164
21.625	41.5	0.999028821920925
21.875	41.5	1.0002473767716
22.125	41.5	1.00098924994269
22.375	41.5	1.00144059607307
22.625	41.5	1.00171507295769
22.875	41.5	1.00188194818031
23.125	41.5	1.00198338930634
23.375	41.5	1.00204504909741
23.625	41.5	1.00208252709594
23.875	41.5	1.00210530708517
24.125	41.5	1.00211915388736
24.375	41.5	1.00212757139423
24.625	41.5	1.00213268917502
24.875	41.5	1.00213580148227
25.125	41.5	1.00213769488854
25.375	41.5	1.00213884742404
25.625	41.5	1.00213954960612
25.875	41.5	1.00213997799479
26.125	41.5	1.00214023989501
26.375	41.5	1.00214040052363
26.625	41.5	1.0021404995194
26.875	41.5	1.00214056097648
27.125	41.5	1.00214059954203
27.375	41.5	1.00214062412185
27.625	41.5	1.00214064013235
27.875	41.5	1.00214065086914
28.125	41.5	1.00214065833879
28.375	41.5	1.00214066376427
28.625	41.5	1.00214066789213
28.875	41.5	1.00214067117924
29.125	41.5	1.00214067390623
29.375	41.5	1.00214067624644
29.625	41.5	1.00214067830787
29.875	41.5	1.00214068015865
30.125	41.5	1.00214068184253
30.375	41.5	1.00214068338833
30.625	41.5	1.00214068481562
30.875	41.5	1.00214068613828
31.125	41.5	1.00214068736655
31.375	41.5	1.0021406885084
31.625	41.5	1.0021406895703
31.875	41.5	1.00214069055767
32.125	41.5	1.00214069147525
32.375	41.5	1.00214069232722
32.625	41.5	1.00214069311737
32.875	41.5	1.00214069384914
33.125	41.5	1.00214069452571
33.375	41.5	1.00214069514997
33.625	41.5	1.00214069572461
33.875	41.5	1.00214069625211
34.125	41.5	1.00214069673474
34.375	41.5	1.00214069717458
34.625	41.5	1.00214069757355
34.875	41.5	1.00214069793338
35.125	41.5	1.00214069825564
35.375	41.5	1.00214069854175
35.625	41.5	1.00214069879296
35.875	41.5	1.00214069901039
36.125	41.5	1.00214069919499
36.375	41.5	1.00214069934759
36.625	41.5	1.00214069946886
36.875	41.5	1.00214069955934
37.125	41.5	1.00214069961944
37.375	41.5	1.00214069964942
0.125	42.5	-0.00214134849696219
0.375	42.5	-0.00214134858199063
0.625	42.5	-0.00214134875223395
0.875	42.5	-0.00214134900806553
1.125	42.5	-0.00214134935004677
1.375	42.5	-0.00214134977892868
1.625	42.5	-0.00214135029565393
1.875	42.5	-0.00214135090135955
2.125	42.5	-0.00214135159738005
2.375	42.5	-0.00214135238525118
2.625	42.5	-0.00214135326671411
2.875	42.5	-0.0021413542437202
3.125	42.5	-0.00214135531843621
3.375	42.5	-0.00214135649324997
3.625	42.5	-0.00214135777077635
3.875	42.5	-0.00214135915386341
4.125	42.5	-0.00214136064559845
4.375	42.5	-0.00214136224931337
4.625	42.5	-0.00214136396858875
4.875	42.5	-0.00214136580725501
5.125	42.5	-0.00214136776938877
5.375	42.5	-0.00214136985930042
5.625	42.5	-0.00214137208150715
5.875	42.5	-0.00214137444068114
6.125	42.5	-0.0021413769415569
6.375	42.5	-0.00214137958877028
6.625	42.5	-0.00214138238658493
6.875	42.5	-0.00214138533843287
7.125	42.5	-0.00214138844614839
7.375	42.5	-0.00214139170869702
7.625	42.5	-0.00214139512007273
7.875	42.5	-0.00214139866582589
8.125	42.5	-0.00214140231733744
8.375	42.5	-0.0021414060223837
8.625	42.5	-0.00214140968959654
8.875	42.5	-0.00214141316287779
9.125	42.5	-0.00214141617928232
9.375	42.5	-0.00214141829969793
9.625	42.5	-0.00214141879476161
9.875	42.5	-0.00214141645711628
10.125	42.5	-0.0021414092924597
10.375	42.5	-0.0021413940111451
10.625	42.5	-0.00214136519158893
10.875	42.5	-0.0021413139036365
11.125	42.5	-0.00214122544328908
11.375	42.5	-0.002141075605179
11.625	42.5	-0.00214082454891855
11.875	42.5	-0.00214040670619486
12.125	42.5	-0.00213971417298525
12.375	42.5	-0.00213856938173558
12.625	42.5	-0.00213668013425068
12.875	42.5	-0.00213356561057545
13.125	42.5	-0.00212843462275773
13.375	42.5	-0.00211998529808115
13.625	42.5	-0.00210607550294494
13.875	42.5	-0.00208318064748003
14.125	42.5	-0.00204550183357348
14.375	42.5	-0.00198349920702378
14.625	42.5	-0.00188148100951452
14.875	42.5	-0.00171364291426391
15.125	42.5	-0.0014375684704266
15.375	42.5	-0.000983581973741896
15.625	42.5	-0.000237357913402579
15.875	42.5	0.00098834672692415
16.125	42.5	0.00299927072866717
16.375	42.5	0.00629214471806237
16.625	42.5	0.0116673471875729
16.875	42.5	0.0203969240547833
17.125	42.5	0.0344566969604208
17.375	42.5	0.0567990366714636
17.625	42.5	0.0915501253858109
17.875	42.5	0.143818020860855
18.125	42.5	0.21852882867169
18.375	42.5	0.317735215102579
18.625	42.5	0.43703674533684
18.875	42.5	0.564211104252736
19.125	42.5	0.683361575143365
19.375	42.5	0.78233300746763
19.625	42.5	0.856803053389948
19.875	42.5	0.908870750276056
20.125	42.5	0.943474565416102
20.375	42.5	0.96571633668397
20.625	42.5	0.979710492768495
20.875	42.5	0.9883984360544
21.125	42.5	0.993747671662843
21.375	42.5	0.997024521756516
21.625	42.5	0.999025624544898
21.875	42.5	1.00024533743383
22.125	42.5	1.00098791911378
22.375	42.5	1.00143969893251
22.625	42.5	1.00171444184844
22.875	42.5	1.00188148093564
23.125	42.5	1.00198302369353
23.375	42.5	1.00204474720212
23.625	42.5	1.00208226580142
23.875	42.5	1.00210507227526
24.125	42.5	1.00211893691959
24.375	42.5	1.00212736695511
24.625	42.5	1.00213249397619
24.875	42.5	1.00213561346799
25.125	42.5	1.00213751275394
25.375	42.5	1.00213867032233
25.625	42.5	1.00213937697061
25.875	42.5	1.00213980943064
26.125	42.5	1.00214007511341
26.375	42.5	1.00214023930172
26.625	42.5	1.00214034167585
26.875	42.5	1.00214040635661
27.125	42.5	1.0021404480087
27.375	42.5	1.00214047554983
27.625	42.5	1.00214049440489
27.875	42.5	1.00214050787581
28.125	42.5	1.00214051797411
28.375	42.5	1.00214052592683
28.625	42.5	1.00214053248403
28.875	42.5	1.00214053810566
29.125	42.5	1.00214054307516
29.375	42.5	1.00214054756847
29.625	42.5	1.00214055169598
29.875	42.5	1.00214055552811
30.125	42.5	1.00214055911075
30.375	42.5	1.00214056247472
30.625	42.5	1.00214056564154
30.875	42.5	1.00214056862689
31.125	42.5	1.00214057144275
31.375	42.5	1.00214057409875
31.625	42.5	1.00214057660287
31.875	42.5	1.00214057896204
32.125	42.5	1.00214058118237
32.375	42.5	1.00214058326936
32.625	42.5	1.00214058522805
32.875	42.5	1.00214058706305
33.125	42.5	1.00214058877862
33.375	42.5	1.0021405903787
33.625	42.5	1.00214059186694
33.875	42.5	1.00214059324671
34.125	42.5	1.00214059452112
34.375	42.5	1.00214059569303
34.625	42.5	1.00214059676507
34.875	42.5	1.00214059773962
35.125	42.5	1.00214059861885
35.375	42.5	1.00214059940472
35.625	42.5	1.00214060009896
35.875	42.5	1.00214060070311
36.125	42.5	1.0021406012185
36.375	42.5	1.00214060164628
36.625	42.5	1.00214060198738
36.875	42.5	1.00214060224254
37.125	42.5	1.00214060241235
37.375	42.5	1.00214060249715
0.125	43.5	-0.00214144428673356
0.375	43.5	-0.00214144442351789
0.625	43.5	-0.00214144469731662
0.875	43.5	-0.00214144510859045
1.125	43.5	-0.00214144565803196
1.375	43.5	-0.00214144634656729
1.625	43.5	-0.00214144717535856
1.875	43.5	-0.00214144814580683
2.125	43.5	-0.00214144925955562
2.375	43.5	-0.00214145051849513
2.625	43.5	-0.0021414519247669
2.875	43.5	-0.00214145348076926
3.125	43.5	-0.00214145518916311
3.375	43.5	-0.00214145705287835
3.625	43.5	-0.00214145907512072
3.875	43.5	-0.00214146125937871
4.125	43.5	-0.00214146360943069
4.375	43.5	-0.00214146612935124
4.625	43.5	-0.00214146882351637
4.875	43.5	-0.00214147169660591
5.125	43.5	-0.00214147475360115
5.375	43.5	-0.00214147799977386
5.625	43.5	-0.00214148144066074
5.875	43.5	-0.00214148508201336
6.125	43.5	-0.00214148892970718
6.375	43.5	-0.00214149298958252
6.625	43.5	-0.00214149726717323
6.875	43.5	-0.00214150176724959
7.125	43.5	-0.00214150649305514
7.375	43.5	-0.00214151144503904
7.625	43.5	-0.00214151661875756
7.875	43.5	-0.00214152200140782
8.125	43.5	-0.00214152756610982
8.375	43.5	-0.00214153326248277
8.625	43.5	-0.00214153900112253
8.875	43.5	-0.00214154462804264
9.125	43.5	-0.00214154988259952
9.375	43.5	-0.00214155432823958
9.625	43.5	-0.00214155723852429
9.875	43.5	-0.00214155740956361
10.125	43.5	-0.00214155285135365
10.375	43.5	-0.00214154027985013
10.625	43.5	-0.00214151428115171
10.875	43.5	-0.00214146593613971
11.125	43.5	-0.00214138055729919
11.375	43.5	-0.00214123396463761
11.625	43.5	-0.00214098635769816
11.875	43.5	-0.00214057223197409
12.125	43.5	-0.00213988378645848
12.375	43.5	-0.00213874362105627
12.625	43.5	-0.00213685981099884
12.875	43.5	-0.00213375198405719
13.125	43.5	-0.00212862968674872
13.375	43.5	-0.00212019225259157
13.625	43.5	-0.0021062995303963
13.875	43.5	-0.00208343018963509
14.125	43.5	-0.0020457906919538
14.375	43.5	-0.0019838499968948
14.625	43.5	-0.00188193083695931
14.875	43.5	-0.00171425269965954
15.125	43.5	-0.00143843823999028
15.375	43.5	-0.000984875884139583
15.625	43.5	-0.00023934505534383
15.875	43.5	0.000985226199080141
16.125	43.5	0.00299429950430799
16.375	43.5	0.00628416102709198
16.625	43.5	0.0116544887113474
16.875	43.5	0.0203762564040524
17.125	43.5	0.0344237282121375
17.375	43.5	0.0567472214692814
17.625	43.5	0.0914707202892481
17.875	43.5	0.14370112610274
18.125	43.5	0.218366876082751
18.375	43.5	0.317529339645766
18.625	43.5	0.436802704220907
18.875	43.5	0.563977188668118
19.125	43.5	0.683156015090323
19.375	43.5	0.782171433922508
19.625	43.5	0.856686501517678
19.875	43.5	0.908791610256634
20.125	43.5	0.943422936826142
20.375	43.5	0.965683492062638
20.625	43.5	0.979689904885586
20.875	43.5	0.988385627782895
21.125	43.5	0.99373971918013
21.375	43.5	0.997019569794131
21.625	43.5	0.999022515862629
21.875	43.5	1.00024335756888
22.125	43.5	1.00098662967924
22.375	43.5	1.0014388319262
22.625	43.5	1.00171383378099
22.875	43.5	1.00188103218871
23.125	43.5	1.00198267359565
23.375	43.5	1.0020444587989
23.625	43.5	1.00208201656999
23.875	43.5	1.00210484847032
24.125	43.5	1.00211873013358
24.375	43.5	1.0021271720264
24.625	43.5	1.0021323077174
24.875	43.5	1.002135433893
25.125	43.5	1.00213733860809
25.375	43.5	1.00213850079684
25.625	43.5	1.00213921152903
25.875	43.5	1.00213964770328
26.125	43.5	1.00213991683321
26.375	43.5	1.00214008426516
26.625	43.5	1.00214018971921
26.875	43.5	1.00214025734145
27.125	43.5	1.00214030181301
27.375	43.5	1.00214033206261
27.625	43.5	1.0021403535228
27.875	43.5	1.00214036950112
28.125	43.5	1.00214038201336
28.375	43.5	1.00214039229005
28.625	43.5	1.00214040108416
28.875	43.5	1.00214040885822
29.125	43.5	1.00214041589794
29.375	43.5	1.00214042238139
29.625	43.5	1.00214042842093
29.875	43.5	1.00214043408883
30.125	43.5	1.00214043943269
30.375	43.5	1.00214044448502
30.625	43.5	1.00214044926887
30.875	43.5	1.00214045380143
31.125	43.5	1.00214045809608
31.375	43.5	1.00214046216377
31.625	43.5	1.00214046601379
31.875	43.5	1.00214046965425
32.125	43.5	1.0021404730924
32.375	43.5	1.00214047633484
32.625	43.5	1.00214047938761
32.875	43.5	1.00214048225629
33.125	43.5	1.00214048494604
33.375	43.5	1.00214048746165
33.625	43.5	1.00214048980757
33.875	43.5	1.00214049198792
34.125	43.5	1.00214049400648
34.375	43.5	1.00214049586678
34.625	43.5	1.00214049757201
34.875	43.5	1.00214049912512
35.125	43.5	1.00214050052876
35.375	43.5	1.00214050178534
35.625	43.5	1.00214050289698
35.875	43.5	1.0021405038656
36.125	43.5	1.00214050469282
36.375	43.5	1.00214050538005
36.625	43.5	1.00214050592844
36.875	43.5	1.00214050633894
37.125	43.5	1.00214050661221
37.375	43.5	1.00214050674874
0.125	44.5	-0.00214153782734347
0.375	44.5	-0.00214153801205092
0.625	44.5	-0.00214153838172969
0.875	44.5	-0.00214153893690811
1.125	44.5	-0.0021415396783803
1.375	44.5	-0.00214154060720798
1.625	44.5	-0.00214154172472304
1.875	44.5	-0.00214154303253065
2.125	44.5	-0.0021415445325131
2.375	44.5	-0.00214154622683419
2.625	44.5	-0.00214154811794433
2.875	44.5	-0.00214155020858621
3.125	44.5	-0.00214155250180106
3.375	44.5	-0.00214155500093554
3.625	44.5	-0.00214155770964896
3.875	44.5	-0.00214156063192087
4.125	44.5	-0.00214156377205861
4.375	44.5	-0.00214156713470441
4.625	44.5	-0.00214157072484117
4.875	44.5	-0.00214157454779567
5.125	44.5	-0.0021415786092369
5.375	44.5	-0.00214158291516602
5.625	44.5	-0.00214158747189167
5.875	44.5	-0.00214159228598093
6.125	44.5	-0.00214159736416939
6.375	44.5	-0.00214160271320339
6.625	44.5	-0.00214160833957002
6.875	44.5	-0.00214161424904166
7.125	44.5	-0.00214162044591475
7.375	44.5	-0.00214162693174459
7.625	44.5	-0.00214163370325016
7.875	44.5	-0.00214164074885239
8.125	44.5	-0.00214164804296291
8.375	44.5	-0.00214165553657032
8.625	44.5	-0.0021416631417333
8.875	44.5	-0.00214167070604612
9.125	44.5	-0.00214167797060323
9.375	44.5	-0.00214168450081004
9.625	44.5	-0.00214168957251149
9.875	44.5	-0.00214169198459472
10.125	44.5	-0.00214168975060381
10.375	44.5	-0.00214167959126791
10.625	44.5	-0.00214165609943154
10.875	44.5	-0.00214161036592186
11.125	44.5	-0.00214152771838883
11.375	44.5	-0.00214138400054482
11.625	44.5	-0.00214113944964196
11.875	44.5	-0.00214072862187697
12.125	44.5	-0.00214004381473532
12.375	44.5	-0.00213890778874849
12.625	44.5	-0.00213702888197155
12.875	44.5	-0.00213392715312332
13.125	44.5	-0.0021288128562785
13.375	44.5	-0.00212038648762684
13.625	44.5	-0.00210650980745004
13.875	44.5	-0.00208366462858956
14.125	44.5	-0.00204606258239861
14.375	44.5	-0.00198418113026262
14.625	44.5	-0.00188235698325681
14.875	44.5	-0.00171483260179903
15.125	44.5	-0.00143926836531009
15.375	44.5	-0.0009861145649939
15.625	44.5	-0.000241251850981925
15.875	44.5	0.000982226709539219
16.125	44.5	0.00298951537702148
16.375	44.5	0.00627647155600977
16.625	44.5	0.0116420973648148
16.875	44.5	0.0203563323547018
17.125	44.5	0.0343919378093681
17.375	44.5	0.0566972493008095
17.625	44.5	0.0913941283804433
17.875	44.5	0.143588356585685
18.125	44.5	0.218210613346077
18.375	44.5	0.317330657951481
18.625	44.5	0.436576789076412
18.875	44.5	0.563751340506381
19.125	44.5	0.682957501768353
19.375	44.5	0.782015373702695
19.625	44.5	0.856573915417158
19.875	44.5	0.908715160352231
20.125	44.5	0.943373064798719
20.375	44.5	0.965651768396968
20.625	44.5	0.97967002381342
20.875	44.5	0.988373263547541
21.125	44.5	0.993732046604646
21.375	44.5	0.997014796125108
21.625	44.5	0.999019522826848
21.875	44.5	1.00024145475525
22.125	44.5	1.00098539346196
22.375	44.5	1.00143800333442
22.625	44.5	1.00171325484379
22.875	44.5	1.00188060666016
23.125	44.5	1.00198234286819
23.375	44.5	1.00204418718517
23.625	44.5	1.00208178232896
23.875	44.5	1.00210463834312
24.125	44.5	1.00211853601902
24.375	44.5	1.00212698895932
24.625	44.5	1.00213213263965
24.875	44.5	1.00213526490638
25.125	44.5	1.00213717452029
25.375	44.5	1.0021383408455
25.625	44.5	1.00213905521399
25.875	44.5	1.00213949468466
26.125	44.5	1.00213976686937
26.375	44.5	1.00213993717505
26.625	44.5	1.00214004535941
26.875	44.5	1.00214011559219
27.125	44.5	1.00214016256967
27.375	44.5	1.0021401952305
27.625	44.5	1.00214021901397
27.875	44.5	1.00214023723238
28.125	44.5	1.00214025190508
28.375	44.5	1.00214026426537
28.625	44.5	1.00214027506852
28.875	44.5	1.00214028477901
29.125	44.5	1.0021402936843
29.375	44.5	1.00214030196403
29.625	44.5	1.00214030973205
29.875	44.5	1.00214031706196
30.125	44.5	1.0021403240027
30.375	44.5	1.00214033058798
30.625	44.5	1.00214033684203
30.875	44.5	1.00214034278312
31.125	44.5	1.00214034842571
31.375	44.5	1.00214035378175
31.625	44.5	1.00214035886148
31.875	44.5	1.00214036367391
32.125	44.5	1.00214036822717
32.375	44.5	1.00214037252866
32.625	44.5	1.00214037658519
32.875	44.5	1.00214038040309
33.125	44.5	1.00214038398819
33.375	44.5	1.00214038734594
33.625	44.5	1.0021403904814
33.875	44.5	1.00214039339923
34.125	44.5	1.00214039610378
34.375	44.5	1.00214039859904
34.625	44.5	1.00214040088868
34.875	44.5	1.00214040297603
35.125	44.5	1.00214040486416
35.375	44.5	1.0021404065558
35.625	44.5	1.00214040805339
35.875	44.5	1.00214040935912
36.125	44.5	1.00214041047485
36.375	44.5	1.0021404114022
36.625	44.5	1.00214041214248
36.875	44.5	1.00214041269677
37.125	44.5	1.00214041306586
37.375	44.5	1.00214041325027
0.125	45.5	-0.00214162833584663
0.375	45.5	-0.00214162856408975
0.625	45.5	-0.00214162902086317
0.875	45.5	-0.0021416297067419
1.125	45.5	-0.00214163062259008
1.375	45.5	-0.00214163176956284
1.625	45.5	-0.00214163314910894
1.875	45.5	-0.00214163476297394
2.125	45.5	-0.00214163661320406
2.375	45.5	-0.00214163870215072
2.625	45.5	-0.0021416410324757
2.875	45.5	-0.00214164360715692
3.125	45.5	-0.00214164642949485
3.375	45.5	-0.00214164950311949
3.625	45.5	-0.00214165283199776
3.875	45.5	-0.00214165642044127
4.125	45.5	-0.002141660273114
4.375	45.5	-0.00214166439503962
4.625	45.5	-0.00214166879160747
4.875	45.5	-0.00214167346857595
5.125	45.5	-0.00214167843207119
5.375	45.5	-0.00214168368857712
5.625	45.5	-0.00214168924491121
5.875	45.5	-0.00214169510817565
6.125	45.5	-0.00214170128566786
6.375	45.5	-0.00214170778472315
6.625	45.5	-0.00214171461244524
6.875	45.5	-0.00214172177525164
7.125	45.5	-0.00214172927811329
7.375	45.5	-0.00214173712329093
7.625	45.5	-0.00214174530824206
7.875	45.5	-0.00214175382216255
8.125	45.5	-0.0021417626402807
8.375	45.5	-0.00214177171445201
8.625	45.5	-0.0021417809576659
8.875	45.5	-0.00214179021853353
9.125	45.5	-0.00214179923928861
9.375	45.5	-0.00214180758665774
9.625	45.5	-0.00214181453808649
9.875	45.5	-0.00214181889450227
10.125	45.5	-0.00214181867219254
10.375	45.5	-0.00214181059576605
10.625	45.5	-0.00214178926379551
10.875	45.5	-0.0021417457758572
11.125	45.5	-0.00214166547329967
11.375	45.5	-0.0021415242216572
11.625	45.5	-0.00214128229334983
11.875	45.5	-0.00214087430168285
12.125	45.5	-0.00214019263733481
12.375	45.5	-0.00213906021339042
12.625	45.5	-0.00213718561812115
12.875	45.5	-0.0021340893211563
13.125	45.5	-0.00212898225189323
13.375	45.5	-0.00212056601691459
13.625	45.5	-0.00210670420273479
13.875	45.5	-0.00208388162611085
14.125	45.5	-0.0020463148594641
14.375	45.5	-0.00198448949069276
14.625	45.5	-0.00188275559293941
14.875	45.5	-0.00171537758680901
15.125	45.5	-0.00144005191339337
15.375	45.5	-0.00098728800207921
15.625	45.5	-0.000243063267690939
15.875	45.5	0.000979371477607958
16.125	45.5	0.00298495491628287
16.375	45.5	0.00626913458897984
16.625	45.5	0.0116302665604176
16.875	45.5	0.0203373015972082
17.125	45.5	0.0343615641338856
17.375	45.5	0.0566494945635749
17.625	45.5	0.0913209235146869
17.875	45.5	0.143480557965634
18.125	45.5	0.218061214338475
18.375	45.5	0.317140666518281
18.625	45.5	0.436360707282082
18.875	45.5	0.56353527293028
19.125	45.5	0.682767546197033
19.375	45.5	0.781866018109389
19.625	45.5	0.85646615647302
19.875	45.5	0.908641986545899
20.125	45.5	0.943325332243826
20.375	45.5	0.965621409712595
20.625	45.5	0.97965100285711
20.875	45.5	0.988361439027924
21.125	45.5	0.993724713625004
21.375	45.5	0.997010238182835
21.625	45.5	0.999016669186404
21.875	45.5	1.00023964434982
22.125	45.5	1.00098422067494
22.375	45.5	1.00143722021238
22.625	45.5	1.0017127101463
22.875	45.5	1.00188020825258
23.125	45.5	1.00198203465732
23.375	45.5	1.00204393502545
23.625	45.5	1.00208156542908
23.875	45.5	1.00210444403347
24.125	45.5	1.00211835656806
24.375	45.5	1.00212681963758
24.625	45.5	1.00213197054276
24.875	45.5	1.00213510823966
25.125	45.5	1.00213702216394
25.375	45.5	1.0021381920904
25.625	45.5	1.00213890960106
25.875	45.5	1.00213935190728
26.125	45.5	1.00213962671407
26.375	45.5	1.00213979948543
26.625	45.5	1.00213991001421
26.875	45.5	1.002139982492
27.125	45.5	1.00214003162874
27.375	45.5	1.00214006637184
27.625	45.5	1.00214009216633
27.875	45.5	1.00214011232838
28.125	45.5	1.0021401288801
28.375	45.5	1.00214014305683
28.625	45.5	1.00214015561544
28.875	45.5	1.00214016702173
29.125	45.5	1.00214017756431
29.375	45.5	1.00214018742385
29.625	45.5	1.00214019671511
29.875	45.5	1.00214020551258
30.125	45.5	1.00214021386602
30.375	45.5	1.0021402218099
30.625	45.5	1.0021402293692
30.875	45.5	1.0021402365629
31.125	45.5	1.00214024340615
31.375	45.5	1.00214024991152
31.625	45.5	1.00214025608988
31.875	45.5	1.00214026195083
32.125	45.5	1.00214026750307
32.375	45.5	1.00214027275452
32.625	45.5	1.00214027771253
32.875	45.5	1.00214028238387
33.125	45.5	1.00214028677487
33.375	45.5	1.00214029089139
33.625	45.5	1.0021402947389
33.875	45.5	1.00214029832245
34.125	45.5	1.00214030164674
34.375	45.5	1.00214030471609
34.625	45.5	1.00214030753447
34.875	45.5	1.00214031010553
35.125	45.5	1.00214031243256
35.375	45.5	1.00214031451854
35.625	45.5	1.00214031636613
35.875	45.5	1.00214031797769
36.125	45.5	1.00214031935526
36.375	45.5	1.00214032050059
36.625	45.5	1.00214032141513
36.875	45.5	1.00214032210003
37.125	45.5	1.00214032255614
37.375	45.5	1.00214032278406
0.125	46.5	-0.00214171510223636
0.375	46.5	-0.00214171536924735
0.625	46.5	-0.00214171590356918
0.875	46.5	-0.00214171670580216
1.125	46.5	-0.00214171777684834
1.375	46.5	-0.00214171911791336
1.625	46.5	-0.00214172073050895
1.875	46.5	-0.00214172261645612
2.125	46.5	-0.00214172477788886
2.375	46.5	-0.00214172721725862
2.625	46.5	-0.00214172993733931
2.875	46.5	-0.00214173294123295
3.125	46.5	-0.00214173623237594
3.375	46.5	-0.00214173981454586
3.625	46.5	-0.00214174369186866
3.875	46.5	-0.00214174786882618
4.125	46.5	-0.0021417523502637
4.375	46.5	-0.00214175714139687
4.625	46.5	-0.00214176224781755
4.875	46.5	-0.00214176767549681
5.125	46.5	-0.00214177343078332
5.375	46.5	-0.00214177952039313
5.625	46.5	-0.00214178595138496
5.875	46.5	-0.00214179273111116
6.125	46.5	-0.00214179986712773
6.375	46.5	-0.00214180736703678
6.625	46.5	-0.00214181523821673
6.875	46.5	-0.00214182348736748
7.125	46.5	-0.00214183211975023
7.375	46.5	-0.00214184113792417
7.625	46.5	-0.00214185053965458
7.875	46.5	-0.00214186031445648
8.125	46.5	-0.00214187043789267
8.375	46.5	-0.00214188086217525
8.625	46.5	-0.00214189150068406
8.875	46.5	-0.00214190220247428
9.125	46.5	-0.0021419127103102
9.375	46.5	-0.00214192259159046
9.625	46.5	-0.002141931124665
9.875	46.5	-0.00214193711174821
10.125	46.5	-0.00214193857104493
10.375	46.5	-0.00214193223012036
10.625	46.5	-0.00214191269221597
10.875	46.5	-0.00214187106439782
11.125	46.5	-0.00214179270015073
11.375	46.5	-0.00214165348479679
11.625	46.5	-0.00214141372314159
11.875	46.5	-0.00214100808161459
12.125	46.5	-0.00214032903815497
12.375	46.5	-0.0021391996492937
12.625	46.5	-0.00213732873921899
12.875	46.5	-0.00213423716565696
13.125	46.5	-0.00212913649653367
13.375	46.5	-0.00212072938905282
13.625	46.5	-0.00210688115840301
13.875	46.5	-0.00208407946554226
14.125	46.5	-0.00204654556199839
14.375	46.5	-0.00198477273205134
14.625	46.5	-0.00188312370430154
14.875	46.5	-0.0017158836987432
15.125	46.5	-0.00144078331221438
15.375	46.5	-0.000988387986655462
15.625	46.5	-0.000244766786793301
15.875	46.5	0.000976680069141753
16.125	46.5	0.00298064919676756
16.375	46.5	0.00626219993784351
16.625	46.5	0.0116190764401347
16.875	46.5	0.0203192928862172
17.125	46.5	0.0343328125813211
17.375	46.5	0.0566042802410605
17.625	46.5	0.091251601217325
17.875	46.5	0.143378461117951
18.125	46.5	0.217919694588942
18.375	46.5	0.316960661448984
18.625	46.5	0.436155939503435
18.875	46.5	0.563330473606417
19.125	46.5	0.682587462056833
19.375	46.5	0.781724403766427
19.625	46.5	0.856363974605924
19.875	46.5	0.908572599051189
20.125	46.5	0.943280072457026
20.375	46.5	0.96559262824386
20.625	46.5	0.979632975152213
20.875	46.5	0.988350237114339
21.125	46.5	0.993717771755816
21.375	46.5	0.997005928089461
21.625	46.5	0.999013975149145
21.875	46.5	1.00023793926426
22.125	46.5	1.00098311976768
22.375	46.5	1.00143648827999
22.625	46.5	1.00171220373576
22.875	46.5	1.00187983998445
23.125	46.5	1.0019817513449
23.375	46.5	1.00204370430372
23.625	46.5	1.00208136760193
23.875	46.5	1.00210426710923
24.125	46.5	1.00211819323903
24.375	46.5	1.00212666544322
24.625	46.5	1.00213182275294
24.875	46.5	1.00213496517593
25.125	46.5	1.00213688278704
25.375	46.5	1.00213805574954
25.625	46.5	1.0021387758816
25.875	46.5	1.00213922053819
26.125	46.5	1.00213949751165
26.375	46.5	1.00213967231917
26.625	46.5	1.00213978478604
26.875	46.5	1.00213985912363
27.125	46.5	1.00213991005405
27.375	46.5	1.00213994653222
27.625	46.5	1.00213997400783
27.875	46.5	1.00213999580003
28.125	46.5	1.00214001393286
28.375	46.5	1.00214002964293
28.625	46.5	1.00214004368803
28.875	46.5	1.00214005653464
29.125	46.5	1.0021400684719
29.375	46.5	1.00214007968092
29.625	46.5	1.00214009027688
29.875	46.5	1.0021401003346
30.125	46.5	1.00214010990419
30.375	46.5	1.00214011902044
30.625	46.5	1.00214012770864
30.875	46.5	1.00214013598808
31.125	46.5	1.00214014387418
31.375	46.5	1.00214015137981
31.625	46.5	1.00214015851611
31.875	46.5	1.00214016529297
32.125	46.5	1.00214017171931
32.375	46.5	1.00214017780334
32.625	46.5	1.00214018355263
32.875	46.5	1.00214018897419
33.125	46.5	1.00214019407457
33.375	46.5	1.00214019885986
33.625	46.5	1.0021402033357
33.875	46.5	1.00214020750737
34.125	46.5	1.00214021137972
34.375	46.5	1.00214021495726
34.625	46.5	1.00214021824413
34.875	46.5	1.00214022124409
35.125	46.5	1.0021402239606
35.375	46.5	1.00214022639676
35.625	46.5	1.00214022855533
35.875	46.5	1.00214023043878
36.125	46.5	1.00214023204924
36.375	46.5	1.00214023338852
36.625	46.5	1.00214023445814
36.875	46.5	1.00214023525931
37.125	46.5	1.00214023579292
37.375	46.5	1.00214023605958
0.125	47.5	-0.00214179749564568
0.375	47.5	-0.00214179779645398
0.625	47.5	-0.00214179839837267
0.875	47.5	-0.00214179930200651
1.125	47.5	-0.0021418005082641
1.375	47.5	-0.00214180201835964
1.625	47.5	-0.00214180383381529
1.875	47.5	-0.00214180595646404
2.125	47.5	-0.00214180838845333
2.375	47.5	-0.0021418111322491
2.625	47.5	-0.00214181419064052
2.875	47.5	-0.00214181756674526
3.125	47.5	-0.00214182126401532
3.375	47.5	-0.00214182528624334
3.625	47.5	-0.00214182963756932
3.875	47.5	-0.00214183432248754
4.125	47.5	-0.00214183934585345
4.375	47.5	-0.00214184471288999
4.625	47.5	-0.00214185042919262
4.875	47.5	-0.00214185650073165
5.125	47.5	-0.00214186293384965
5.375	47.5	-0.0021418697352504
5.625	47.5	-0.00214187691197324
5.875	47.5	-0.00214188447134297
6.125	47.5	-0.00214189242087889
6.375	47.5	-0.00214190076813611
6.625	47.5	-0.00214190952043476
6.875	47.5	-0.00214191868440409
7.125	47.5	-0.00214192826522148
7.375	47.5	-0.00214193826534854
7.625	47.5	-0.00214194868243915
7.875	47.5	-0.00214195950588408
8.125	47.5	-0.0021419707111114
8.375	47.5	-0.00214198225019334
8.625	47.5	-0.00214199403637432
8.875	47.5	-0.00214200591859576
9.125	47.5	-0.00214201763955941
9.375	47.5	-0.00214202876670259
9.625	47.5	-0.00214203857859888
9.875	47.5	-0.00214204587801058
10.125	47.5	-0.00214204868424571
10.375	47.5	-0.00214204372690961
10.625	47.5	-0.00214202561285092
10.875	47.5	-0.00214198545534866
11.125	47.5	-0.00214190861841777
11.375	47.5	-0.00214177100504612
11.625	47.5	-0.00214153294948105
11.875	47.5	-0.0021411291670083
12.125	47.5	-0.00214045221641012
12.375	47.5	-0.00213932528773858
12.625	47.5	-0.0021374574254317
12.875	47.5	-0.00213436985022707
13.125	47.5	-0.00212927472802428
13.375	47.5	-0.00212087570066335
13.625	47.5	-0.00210703970420129
13.875	47.5	-0.00208425706719757
14.125	47.5	-0.00204675343052221
14.375	47.5	-0.00198502929895169
14.625	47.5	-0.00188345927467934
14.875	47.5	-0.001716348092591
15.125	47.5	-0.00144145839620086
15.375	47.5	-0.000989408181221073
15.625	47.5	-0.000246352502343549
15.875	47.5	0.000974168243844941
16.125	47.5	0.00297662355766603
16.375	47.5	0.00625570855816208
16.625	47.5	0.0116085932593139
16.875	47.5	0.0203024130511703
17.125	47.5	0.0343058539804848
17.375	47.5	0.0565618754071581
17.625	47.5	0.0911865748271544
17.875	47.5	0.143282676382564
18.125	47.5	0.217786903144565
18.375	47.5	0.316791727828381
18.625	47.5	0.435963727220798
18.875	47.5	0.563138191813099
19.125	47.5	0.682418354011981
19.375	47.5	0.781591403220365
19.625	47.5	0.856268001374964
19.875	47.5	0.908507427574286
20.125	47.5	0.943237566005217
20.375	47.5	0.965565602442789
20.625	47.5	0.979616052412438
20.875	47.5	0.988339727126615
21.125	47.5	0.993711263851425
21.375	47.5	0.99700189235218
21.625	47.5	0.999011457190509
21.875	47.5	1.00023634984248
22.125	47.5	1.00098209734576
22.375	47.5	1.00143581186733
22.625	47.5	1.00171173855851
22.875	47.5	1.00187950396131
23.125	47.5	1.00198149452572
23.375	47.5	1.00204349630452
23.625	47.5	1.00208118994341
23.875	47.5	1.00210410855143
24.125	47.5	1.00211804694274
24.375	47.5	1.0021265272437
24.625	47.5	1.0021316901105
24.875	47.5	1.00213483653805
25.125	47.5	1.0021367572007
25.375	47.5	1.00213793262566
25.625	47.5	1.00213865485193
25.875	47.5	1.00213910136831
26.125	47.5	1.00213938004823
26.375	47.5	1.00213955645784
26.625	47.5	1.00213967045197
26.875	47.5	1.00213974625969
27.125	47.5	1.0021397986137
27.375	47.5	1.00213983647512
27.625	47.5	1.00213986529729
27.875	47.5	1.0021398884014
28.125	47.5	1.00213990781259
28.375	47.5	1.00213992476804
28.625	47.5	1.00213994002577
28.875	47.5	1.00213995405229
29.125	47.5	1.0021399671367
29.375	47.5	1.00213997945999
29.625	47.5	1.00213999113719
29.875	47.5	1.00214000224301
30.125	47.5	1.00214001282741
30.375	47.5	1.00214002292507
30.625	47.5	1.00214003256116
30.875	47.5	1.00214004175488
31.125	47.5	1.00214005052157
31.375	47.5	1.00214005887403
31.625	47.5	1.00214006682334
31.875	47.5	1.00214007437935
32.125	47.5	1.00214008155094
32.375	47.5	1.0021400883463
32.625	47.5	1.00214009477296
32.875	47.5	1.00214010083796
33.125	47.5	1.00214010654781
33.375	47.5	1.0021401119086
33.625	47.5	1.00214011692599
33.875	47.5	1.00214012160526
34.125	47.5	1.00214012595129
34.375	47.5	1.00214012996857
34.625	47.5	1.00214013366127
34.875	47.5	1.00214013703318
35.125	47.5	1.00214014008775
35.375	47.5	1.00214014282811
35.625	47.5	1.00214014525704
35.875	47.5	1.00214014737702
36.125	47.5	1.00214014919019
36.375	47.5	1.00214015069837
36.625	47.5	1.00214015190311
36.875	47.5	1.0021401528056
37.125	47.5	1.00214015340675
37.375	47.5	1.00214015370718
0.125	48.5	-0.00214187496759318
0.375	48.5	-0.00214187529719878
0.625	48.5	-0.00214187595670455
0.875	48.5	-0.00214187694670021
1.125	48.5	-0.0021418782680716
1.375	48.5	-0.00214187992200229
1.625	48.5	-0.00214188190997567
1.875	48.5	-0.0021418842337775
2.125	48.5	-0.00214188689549912
2.375	48.5	-0.00214188989754107
2.625	48.5	-0.00214189324261726
2.875	48.5	-0.00214189693375967
3.125	48.5	-0.00214190097432349
3.375	48.5	-0.0021419053679927
3.625	48.5	-0.00214191011878595
3.875	48.5	-0.00214191523106257
4.125	48.5	-0.0021419207095285
4.375	48.5	-0.00214192655924157
4.625	48.5	-0.00214193278561529
4.875	48.5	-0.00214193939442
5.125	48.5	-0.00214194639177896
5.375	48.5	-0.00214195378415583
5.625	48.5	-0.00214196157832755
5.875	48.5	-0.00214196978133258
6.125	48.5	-0.0021419784003783
6.375	48.5	-0.00214198744268055
6.625	48.5	-0.00214199691519101
6.875	48.5	-0.00214200682413957
7.125	48.5	-0.00214201717427157
7.375	48.5	-0.0021420279675824
7.625	48.5	-0.00214203920122452
7.875	48.5	-0.00214205086405179
8.125	48.5	-0.0021420629309211
8.375	48.5	-0.00214207535330278
8.625	48.5	-0.00214208804381644
8.875	48.5	-0.00214210085077031
9.125	48.5	-0.00214211351625069
9.375	48.5	-0.00214212560714209
9.625	48.5	-0.00214213640160427
9.875	48.5	-0.00214214470225255
10.125	48.5	-0.00214214852872771
10.375	48.5	-0.00214214461180064
10.625	48.5	-0.00214212756090219
10.875	48.5	-0.00214208849427364
11.125	48.5	-0.00214201278486117
11.375	48.5	-0.00214187635117039
11.625	48.5	-0.00214163955386386
11.875	48.5	-0.00214123715263733
12.125	48.5	-0.00214056178036066
12.375	48.5	-0.0021394367500789
12.625	48.5	-0.00213757130977165
12.875	48.5	-0.00213448701633743
13.125	48.5	-0.00212939659013582
13.375	48.5	-0.00212100458673461
13.625	48.5	-0.00210717944709409
13.875	48.5	-0.00208441397729292
14.125	48.5	-0.00204693789554067
14.375	48.5	-0.00198525841459223
14.625	48.5	-0.00188376116808333
14.875	48.5	-0.00171676902217614
15.125	48.5	-0.00144207439520223
15.375	48.5	-0.00099034411089974
15.625	48.5	-0.000247813117176112
15.875	48.5	0.000971847950857824
16.125	48.5	0.00297289758381379
16.375	48.5	0.00624969250590724
16.625	48.5	0.0115988693026259
16.875	48.5	0.0202867468450513
17.125	48.5	0.0342808243322848
17.375	48.5	0.0565224947877618
17.625	48.5	0.0911261747773254
17.875	48.5	0.143193692416729
18.125	48.5	0.217663520815256
18.375	48.5	0.316634737213559
18.625	48.5	0.435785069491767
18.875	48.5	0.562959434793808
19.125	48.5	0.682261114173922
19.375	48.5	0.78146772195286
19.625	48.5	0.856178747717744
19.875	48.5	0.908446819736704
20.125	48.5	0.943198039685613
20.375	48.5	0.96554047631829
20.625	48.5	0.979600324522222
20.875	48.5	0.988329964569268
21.125	48.5	0.993705223962864
21.375	48.5	0.996998151782918
21.625	48.5	0.999009128011344
21.875	48.5	1.00023488384133
22.125	48.5	1.00098115816519
22.375	48.5	1.00143519391671
22.625	48.5	1.00171131646656
22.875	48.5	1.00187920138455
23.125	48.5	1.00198126501732
23.375	48.5	1.00204331162303
23.625	48.5	1.00208103292381
23.875	48.5	1.00210396876395
24.125	48.5	1.0021179180515
24.375	48.5	1.00212640540036
24.625	48.5	1.00213157297769
24.875	48.5	1.00213472269583
25.125	48.5	1.0021366457858
25.375	48.5	1.00213782311232
25.625	48.5	1.00213854691877
25.875	48.5	1.00213899481744
26.125	48.5	1.00213927475614
26.375	48.5	1.00213945234564
26.625	48.5	1.00213956746727
26.875	48.5	1.00213964436572
27.125	48.5	1.00213969778263
27.375	48.5	1.00213973668415
27.625	48.5	1.00213976652619
27.875	48.5	1.00213979063113
28.125	48.5	1.00213981102445
28.375	48.5	1.0021398289432
28.625	48.5	1.00213984514497
28.875	48.5	1.00213986009574
29.125	48.5	1.00213987408399
29.375	48.5	1.00213988729008
29.625	48.5	1.00213989982842
29.875	48.5	1.00213991177312
30.125	48.5	1.00213992317357
30.375	48.5	1.00213993406391
30.625	48.5	1.00213994446883
30.875	48.5	1.00213995440704
31.125	48.5	1.00213996389346
31.375	48.5	1.0021399729405
31.625	48.5	1.00213998155887
31.875	48.5	1.00213998975806
32.125	48.5	1.00213999754667
32.375	48.5	1.00214000493258
32.625	48.5	1.00214001192308
32.875	48.5	1.00214001852494
33.125	48.5	1.00214002474448
33.375	48.5	1.00214003058759
33.625	48.5	1.00214003605975
33.875	48.5	1.00214004116605
34.125	48.5	1.00214004591124
34.375	48.5	1.00214005029968
34.625	48.5	1.00214005433541
34.875	48.5	1.00214005802211
35.125	48.5	1.00214006136315
35.375	48.5	1.00214006436155
35.625	48.5	1.00214006702004
35.875	48.5	1.00214006934101
36.125	48.5	1.00214007132655
36.375	48.5	1.00214007297846
36.625	48.5	1.00214007429822
36.875	48.5	1.002140075287
37.125	48.5	1.0021400759457
37.375	48.5	1.0021400762749
0.125	49.5	-0.00214194705234494
0.375	49.5	-0.00214194740588032
0.625	49.5	-0.0021419481132295
0.875	49.5	-0.00214194917494978
1.125	49.5	-0.00214195059187816
1.375	49.5	-0.00214195236513271
1.625	49.5	-0.00214195449611428
1.875	49.5	-0.00214195698650869
2.125	49.5	-0.00214195983828934
2.375	49.5	-0.00214196305372029
2.625	49.5	-0.0021419666353597
2.875	49.5	-0.00214197058606377
3.125	49.5	-0.00214197490899095
3.375	49.5	-0.00214197960760658
3.625	49.5	-0.00214198468568764
3.875	49.5	-0.00214199014732764
4.125	49.5	-0.00214199599694118
4.375	49.5	-0.00214200223926785
4.625	49.5	-0.00214200887937456
4.875	49.5	-0.00214201592265496
5.125	49.5	-0.00214202337482383
5.375	49.5	-0.00214203124190269
5.625	49.5	-0.00214203953019061
5.875	49.5	-0.00214204824621042
6.125	49.5	-0.00214205739661379
6.375	49.5	-0.00214206698801843
6.625	49.5	-0.00214207702673306
6.875	49.5	-0.00214208751829728
7.125	49.5	-0.00214209846671632
7.375	49.5	-0.00214210987319339
7.625	49.5	-0.00214212173403464
7.875	49.5	-0.0021421340371923
8.125	49.5	-0.00214214675656624
8.375	49.5	-0.00214215984261649
8.625	49.5	-0.00214217320690499
8.875	49.5	-0.00214218669664711
9.125	49.5	-0.00214220005282356
9.375	49.5	-0.00214221284124061
9.625	49.5	-0.00214222433907566
9.875	49.5	-0.00214223334817361
10.125	49.5	-0.00214223788781101
10.375	49.5	-0.00214223468912381
10.625	49.5	-0.00214221836317229
10.875	49.5	-0.00214218003197632
11.125	49.5	-0.00214210507586925
11.375	49.5	-0.00214196942675864
11.625	49.5	-0.00214173346868735
11.875	49.5	-0.00214133200123652
12.125	49.5	-0.00214065772441093
12.375	49.5	-0.00213953406332446
12.625	49.5	-0.002137670452063
12.875	49.5	-0.00213458875556035
13.125	49.5	-0.0021295022029419
13.375	49.5	-0.00212111618892126
13.625	49.5	-0.00210730053726491
13.875	49.5	-0.00208455033131061
14.125	49.5	-0.00204709903777307
14.375	49.5	-0.00198546003709842
14.625	49.5	-0.00188402910647849
14.875	49.5	-0.00171714578451137
15.125	49.5	-0.00144262986892384
15.375	49.5	-0.000991193083103546
15.625	49.5	-0.000249143839909462
15.875	49.5	0.000969727467249736
16.125	49.5	0.0029694853005296
16.375	49.5	0.00624417522229231
16.625	49.5	0.0115899433125661
16.875	49.5	0.0202723576004612
17.125	49.5	0.0342578258199991
17.375	49.5	0.0564863003050333
17.625	49.5	0.0910706509021375
17.875	49.5	0.143111879496095
18.125	49.5	0.217550064586285
18.375	49.5	0.316490352985089
18.625	49.5	0.435620728685033
18.875	49.5	0.562794973118303
19.125	49.5	0.68211642651664
19.375	49.5	0.781353901669881
19.625	49.5	0.85609660623702
19.875	49.5	0.908391042599477
20.125	49.5	0.94316166752034
20.375	49.5	0.96551736008172
20.625	49.5	0.979585859959056
20.875	49.5	0.988320991413262
21.125	49.5	0.993699677531706
21.375	49.5	0.99699472163715
21.625	49.5	0.999006996642036
21.875	49.5	1.00023354651256
22.125	49.5	1.00098030519976
22.375	49.5	1.00143463604038
22.625	49.5	1.00171093826827
22.875	49.5	1.00187893259704
23.125	49.5	1.00198106290174
23.375	49.5	1.00204315020365
23.625	49.5	1.00208089642355
23.875	49.5	1.00210384760688
24.125	49.5	1.00211780643046
24.375	49.5	1.00212629979777
24.625	49.5	1.00213147126623
24.875	49.5	1.00213462359184
25.125	49.5	1.00213654851715
25.375	49.5	1.00213772721657
25.625	49.5	1.00213845212058
25.875	49.5	1.00213890095417
26.125	49.5	1.00213918173265
26.375	49.5	1.0021393601069
26.625	49.5	1.00213947598177
26.875	49.5	1.00213955361543
27.125	49.5	1.00213960775698
27.375	49.5	1.00213964737637
27.625	49.5	1.00213967793115
27.875	49.5	1.0021397027441
28.125	49.5	1.00213972384033
28.375	49.5	1.00213974245613
28.625	49.5	1.00213975934811
28.875	49.5	1.00213977498118
29.125	49.5	1.00213978964271
29.375	49.5	1.00213980351197
29.625	49.5	1.00213981670232
29.875	49.5	1.00213982928687
30.125	49.5	1.00213984131403
30.375	49.5	1.00213985281706
30.625	49.5	1.00213986381979
30.875	49.5	1.00213987434016
31.125	49.5	1.00213988439233
31.375	49.5	1.00213989398803
31.625	49.5	1.00213990313732
31.875	49.5	1.0021399118491
32.125	49.5	1.00213992013142
32.375	49.5	1.00213992799164
32.625	49.5	1.00213993543657
32.875	49.5	1.00213994247254
33.125	49.5	1.00213994910547
33.375	49.5	1.00213995534086
33.625	49.5	1.00213996118385
33.875	49.5	1.00213996663922
34.125	49.5	1.00213997171142
34.375	49.5	1.00213997640455
34.625	49.5	1.0021399807224
34.875	49.5	1.00213998466844
35.125	49.5	1.00213998824584
35.375	49.5	1.00213999145745
35.625	49.5	1.00213999430583
35.875	49.5	1.00213999679325
36.125	49.5	1.00213999892168
36.375	49.5	1.0021400006928
36.625	49.5	1.00214000210803
36.875	49.5	1.00214000316847
37.125	49.5	1.00214000387497
37.375	49.5	1.00214000422808
0.125	50.5	-0.00214201336458234
0.375	50.5	-0.00214201373745659
0.625	50.5	-0.00214201448346008
0.875	50.5	-0.00214201560310317
1.125	50.5	-0.0021420170971522
1.375	50.5	-0.00214201896663054
1.625	50.5	-0.00214202121281991
1.875	50.5	-0.00214202383726206
2.125	50.5	-0.00214202684176075
2.375	50.5	-0.0021420302283841
2.625	50.5	-0.00214203399946726
2.875	50.5	-0.0021420381576153
3.125	50.5	-0.00214204270570646
3.375	50.5	-0.00214204764689558
3.625	50.5	-0.00214205298461753
3.875	50.5	-0.00214205872259072
4.125	50.5	-0.0021420648648201
4.375	50.5	-0.0021420714155994
4.625	50.5	-0.00214207837951159
4.875	50.5	-0.00214208576142643
5.125	50.5	-0.00214209356649269
5.375	50.5	-0.00214210180012156
5.625	50.5	-0.00214211046795507
5.875	50.5	-0.00214211957580971
6.125	50.5	-0.00214212912957886
6.375	50.5	-0.00214213913506713
6.625	50.5	-0.00214214959771239
6.875	50.5	-0.00214216052212255
7.125	50.5	-0.00214217191130733
7.375	50.5	-0.00214218376540751
7.625	50.5	-0.00214219607959725
7.875	50.5	-0.00214220884062503
8.125	50.5	-0.00214222202111413
8.375	50.5	-0.00214223557017604
8.625	50.5	-0.00214224939795634
8.875	50.5	-0.00214226335019603
9.125	50.5	-0.00214227716636273
9.375	50.5	-0.00214229041074578
9.625	50.5	-0.00214230235906289
9.875	50.5	-0.00214231181186057
10.125	50.5	-0.00214231678745338
10.375	50.5	-0.00214231401664394
10.625	50.5	-0.00214229811127316
10.875	50.5	-0.00214226019605837
11.125	50.5	-0.00214218565727337
11.375	50.5	-0.0021420504381961
11.625	50.5	-0.00214181494327359
11.875	50.5	-0.00214141400746027
12.125	50.5	-0.00214074039087511
12.375	50.5	-0.00213961761957151
12.625	50.5	-0.00213775529587086
12.875	50.5	-0.00213467556379737
13.125	50.5	-0.00212959211409324
13.375	50.5	-0.00212121110353093
13.625	50.5	-0.00210740361235046
13.875	50.5	-0.00208466679380425
14.125	50.5	-0.00204723752250883
14.375	50.5	-0.00198563478684765
14.625	50.5	-0.00188426358757553
14.875	50.5	-0.00171747862404283
15.125	50.5	-0.00144312459113239
15.375	50.5	-0.000991954041141332
15.625	50.5	-0.000250342190743834
15.875	50.5	0.00096781166809848
16.125	50.5	0.00296639556522131
16.375	50.5	0.0062391721207258
16.625	50.5	0.011581841389879
16.875	50.5	0.0202592886291065
17.125	50.5	0.0342369289904976
17.375	50.5	0.0564534044484564
17.625	50.5	0.091020177533562
17.875	50.5	0.143037496920871
18.125	50.5	0.217446897730886
18.375	50.5	0.316359042977204
18.625	50.5	0.435471244541538
18.875	50.5	0.562645354426404
19.125	50.5	0.681984778709858
19.375	50.5	0.781250329457557
19.625	50.5	0.85602185774266
19.875	50.5	0.908340287092798
20.125	50.5	0.943128573659003
20.375	50.5	0.965496332017198
20.625	50.5	0.97957270699365
20.875	50.5	0.988312836871309
21.125	50.5	0.993694641899444
21.375	50.5	0.996991611957763
21.625	50.5	0.999005068683305
21.875	50.5	1.00023234077906
22.125	50.5	1.00097953977646
22.375	50.5	1.00143413862946
22.625	50.5	1.0017106038199
22.875	50.5	1.00187869716273
23.125	50.5	1.00198088759649
23.375	50.5	1.0020430114045
23.625	50.5	1.00208077979267
23.875	50.5	1.00210374445177
24.125	50.5	1.00211771148921
24.375	50.5	1.00212620989215
24.625	50.5	1.00213138448283
24.875	50.5	1.00213453878437
25.125	50.5	1.002136465004
25.375	50.5	1.00213764459709
25.625	50.5	1.00213837016348
25.875	50.5	1.00213881952979
26.125	50.5	1.00213910077185
26.375	50.5	1.00213927957618
26.625	50.5	1.00213939586819
26.875	50.5	1.0021394739175
27.125	50.5	1.00213952847921
27.375	50.5	1.002139568526
27.625	50.5	1.00213959951624
27.875	50.5	1.00213962477236
28.125	50.5	1.00213964631855
28.375	50.5	1.00213966538978
28.625	50.5	1.00213968274122
28.875	50.5	1.00213969883626
29.125	50.5	1.00213971396076
29.375	50.5	1.00213972829252
29.625	50.5	1.00213974194348
29.875	50.5	1.00213975498539
30.125	50.5	1.00213976746542
30.375	50.5	1.00213977941559
30.625	50.5	1.00213979085862
30.875	50.5	1.00213980181137
31.125	50.5	1.00213981228703
31.375	50.5	1.00213982229638
31.625	50.5	1.00213983184862
31.875	50.5	1.00213984095183
32.125	50.5	1.0021398496133
32.375	50.5	1.00213985783969
32.625	50.5	1.00213986563716
32.875	50.5	1.00213987301143
33.125	50.5	1.00213987996784
33.375	50.5	1.00213988651137
33.625	50.5	1.00213989264668
33.875	50.5	1.00213989837811
34.125	50.5	1.00213990370968
34.375	50.5	1.00213990864514
34.625	50.5	1.00213991318793
34.875	50.5	1.00213991734121
35.125	50.5	1.00213992110786
35.375	50.5	1.00213992449049
35.625	50.5	1.00213992749143
35.875	50.5	1.00213993011277
36.125	50.5	1.00213993235629
36.375	50.5	1.00213993422355
36.625	50.5	1.00213993571582
36.875	50.5	1.00213993683413
37.125	50.5	1.00213993757925
37.375	50.5	1.00213993795168
0.125	51.5	-0.00214207359467572
0.375	51.5	-0.00214207398269496
0.625	51.5	-0.00214207475895947
0.875	51.5	-0.00214207592392147
1.125	51.5	-0.00214207747825992
1.375	51.5	-0.00214207942288108
1.625	51.5	-0.00214208175891947
1.875	51.5	-0.00214208448773892
2.125	51.5	-0.00214208761093393
2.375	51.5	-0.00214209113033114
2.625	51.5	-0.00214209504799111
2.875	51.5	-0.00214209936621016
3.125	51.5	-0.00214210408752245
3.375	51.5	-0.00214210921470205
3.625	51.5	-0.00214211475076498
3.875	51.5	-0.0021421206989711
4.125	51.5	-0.00214212706282544
4.375	51.5	-0.00214213384607848
4.625	51.5	-0.00214214105272467
4.875	51.5	-0.00214214868699779
5.125	51.5	-0.00214215675336078
5.375	51.5	-0.0021421652564867
5.625	51.5	-0.00214217420122445
5.875	51.5	-0.00214218359253954
6.125	51.5	-0.00214219343541352
6.375	51.5	-0.00214220373467515
6.625	51.5	-0.00214221449471905
6.875	51.5	-0.00214222571903909
7.125	51.5	-0.00214223740945657
7.375	51.5	-0.00214224956484604
7.625	51.5	-0.00214226217903431
7.875	51.5	-0.0021422752373385
8.125	51.5	-0.00214228871086463
8.375	51.5	-0.00214230254712079
8.625	51.5	-0.0021423166545657
8.875	51.5	-0.00214233087717768
9.125	51.5	-0.002142344952602
9.375	51.5	-0.00214235844327618
9.625	51.5	-0.00214237062309006
9.875	51.5	-0.00214238029087845
10.125	51.5	-0.00214238546351628
10.375	51.5	-0.00214238287089971
10.625	51.5	-0.00214236712493083
10.875	51.5	-0.00214232935207571
11.125	51.5	-0.00214225494323433
11.375	51.5	-0.00214211985115159
11.625	51.5	-0.00214188449781862
11.875	51.5	-0.00214148374914213
12.125	51.5	-0.00214081041837943
12.375	51.5	-0.0021396881213573
12.625	51.5	-0.00213782661058518
12.875	51.5	-0.00213474827982059
13.125	51.5	-0.00212966723346835
13.375	51.5	-0.00212129031181655
13.625	51.5	-0.0021074897227147
13.875	51.5	-0.00208476447768364
14.125	51.5	-0.00204735451142586
14.375	51.5	-0.00198578384851552
14.625	51.5	-0.00188446577344233
14.875	51.5	-0.00171776860193683
15.125	51.5	-0.00144355939007182
15.375	51.5	-0.000992627360220798
15.625	51.5	-0.00025140772769077
15.875	51.5	0.000966102411401043
16.125	51.5	0.00296363263074952
16.375	51.5	0.00623469143754349
16.625	51.5	0.0115745783060954
16.875	51.5	0.020247565270631
17.125	51.5	0.0342181759585528
17.375	51.5	0.0564238752426892
17.625	51.5	0.0909748610378487
17.875	51.5	0.142970704016117
18.125	51.5	0.217354244920513
18.375	51.5	0.316241098502287
18.625	51.5	0.435336955568177
18.875	51.5	0.562510924571714
19.125	51.5	0.681866480515731
19.375	51.5	0.7811572521386
19.625	51.5	0.855954681570815
19.875	51.5	0.90829467502684
20.125	51.5	0.943098836977002
20.375	51.5	0.965477441440587
20.625	51.5	0.979560895581441
20.875	51.5	0.988305518611604
21.125	51.5	0.993690127096949
21.375	51.5	0.996988828100692
21.625	51.5	0.999003346667989
21.875	51.5	1.00023126749452
22.125	51.5	1.00097886177083
22.375	51.5	1.00143370100831
22.625	51.5	1.00171031215311
22.875	51.5	1.00187849397601
23.125	51.5	1.00198073795125
23.375	51.5	1.00204289408484
23.625	51.5	1.00208068193105
23.875	51.5	1.00210365825609
24.125	51.5	1.00211763225131
24.375	51.5	1.00212613477658
24.625	51.5	1.00213131179055
24.875	51.5	1.00213446750514
25.125	51.5	1.00213639454451
25.375	51.5	1.00213757461569
25.625	51.5	1.00213830046991
25.875	51.5	1.00213875002427
26.125	51.5	1.00213903140819
26.375	51.5	1.0021392103394
26.625	51.5	1.00213932676099
26.875	51.5	1.00213940495218
27.125	51.5	1.00213945967274
27.375	51.5	1.00213949989713
27.625	51.5	1.0021395310838
27.875	51.5	1.00213955655431
28.125	51.5	1.00213957833138
28.375	51.5	1.0021395976483
28.625	51.5	1.00213961525841
28.875	51.5	1.00213963162325
29.125	51.5	1.00213964702684
29.375	51.5	1.00213966164525
29.625	51.5	1.00213967558871
29.875	51.5	1.00213968892738
30.125	51.5	1.00213970170689
30.375	51.5	1.00213971395786
30.625	51.5	1.00213972570165
30.875	51.5	1.00213973695385
31.125	51.5	1.00213974772647
31.375	51.5	1.00213975802916
31.625	51.5	1.00213976787009
31.875	51.5	1.00213977725637
32.125	51.5	1.00213978619437
32.375	51.5	1.00213979468989
32.625	51.5	1.0021398027483
32.875	51.5	1.0021398103746
33.125	51.5	1.00213981757342
33.375	51.5	1.00213982434913
33.625	51.5	1.00213983070578
33.875	51.5	1.00213983664718
34.125	51.5	1.00213984217685
34.375	51.5	1.00213984729807
34.625	51.5	1.00213985201387
34.875	51.5	1.00213985632702
35.125	51.5	1.00213986024007
35.375	51.5	1.00213986375532
35.625	51.5	1.00213986687482
35.875	51.5	1.00213986960041
36.125	51.5	1.00213987193368
36.375	51.5	1.00213987387599
36.625	51.5	1.00213987542848
36.875	51.5	1.00213987659206
37.125	51.5	1.0021398773674
37.375	51.5	1.00213987775496
0.125	52.5	-0.00214212750195764
0.375	52.5	-0.00214212790141738
0.625	52.5	-0.00214212870053018
0.875	52.5	-0.00214212989968283
1.125	52.5	-0.00214213149945574
1.375	52.5	-0.0021421335006233
1.625	52.5	-0.00214213590415424
1.875	52.5	-0.00214213871121213
2.125	52.5	-0.00214214192315602
2.375	52.5	-0.00214214554154103
2.625	52.5	-0.00214214956811917
2.875	52.5	-0.00214215400484006
3.125	52.5	-0.00214215885385175
3.375	52.5	-0.00214216411750141
3.625	52.5	-0.00214216979833587
3.875	52.5	-0.00214217589910179
4.125	52.5	-0.00214218242274522
4.375	52.5	-0.00214218937240986
4.625	52.5	-0.00214219675143346
4.875	52.5	-0.00214220456334087
5.125	52.5	-0.00214221281183143
5.375	52.5	-0.00214222150075721
5.625	52.5	-0.00214223063408598
5.875	52.5	-0.00214224021583892
6.125	52.5	-0.00214225024998686
6.375	52.5	-0.00214226074027809
6.625	52.5	-0.00214227168995344
6.875	52.5	-0.002142283101276
7.125	52.5	-0.0021422949747555
7.375	52.5	-0.00214230730787036
7.625	52.5	-0.00214232009296295
7.875	52.5	-0.00214233331377439
8.125	52.5	-0.00214234693974058
8.375	52.5	-0.00214236091660423
8.625	52.5	-0.00214237515096486
8.875	52.5	-0.00214238948485363
9.125	52.5	-0.00214240365389387
9.375	52.5	-0.002142417218452
9.625	52.5	-0.00214242945034387
9.875	52.5	-0.00214243914640784
10.125	52.5	-0.00214244432173673
10.375	52.5	-0.00214244170488899
10.625	52.5	-0.00214242590725688
10.875	52.5	-0.00214238805626085
11.125	52.5	-0.00214231354627203
11.375	52.5	-0.00214217833776102
11.625	52.5	-0.0021419428675644
11.875	52.5	-0.00214154202827492
12.125	52.5	-0.00214086867945
12.375	52.5	-0.00213974651562725
12.625	52.5	-0.0021378854214983
12.875	52.5	-0.00213480801113018
13.125	52.5	-0.0021297287543855
13.375	52.5	-0.00212135509596617
13.625	52.5	-0.00210756024139791
13.875	52.5	-0.00208484484691242
14.125	52.5	-0.00204745155618714
14.375	52.5	-0.00198590885267669
14.625	52.5	-0.00188463735550085
14.875	52.5	-0.00171801743705231
15.125	52.5	-0.00144393595337503
15.375	52.5	-0.00099321459669285
15.625	52.5	-0.000252341708150769
15.875	52.5	0.000964599016375761
16.125	52.5	0.0029611968485894
16.375	52.5	0.00623073529757158
16.625	52.5	0.0115681591518768
16.875	52.5	0.0202371974707936
17.125	52.5	0.0342015844455448
17.375	52.5	0.0563977425184237
17.625	52.5	0.0909347493448023
17.875	52.5	0.142911574070377
18.125	52.5	0.217272211427388
18.375	52.5	0.316136658622437
18.625	52.5	0.435218026464053
18.875	52.5	0.562391854870118
19.125	52.5	0.681761687613889
19.375	52.5	0.78107479493849
19.625	52.5	0.8558951690377
19.875	52.5	0.908254268246542
20.125	52.5	0.943072497083062
20.375	52.5	0.965460712563276
20.625	52.5	0.979550439828547
20.875	52.5	0.988299044335696
21.125	52.5	0.993686136866362
21.375	52.5	0.996986371411248
21.625	52.5	0.999001830522945
21.875	52.5	1.00023032577182
22.125	52.5	1.00097826985163
22.375	52.5	1.00143332162585
22.625	52.5	1.00171006163172
22.875	52.5	1.00187832139539
23.125	52.5	1.00198061236551
23.375	52.5	1.00204279671099
23.625	52.5	1.00208060138538
23.875	52.5	1.00210358765305
24.125	52.5	1.00211756743814
24.375	52.5	1.00212607325972
24.625	52.5	1.00213125208289
24.875	52.5	1.00213440872932
25.125	52.5	1.00213633619183
25.375	52.5	1.00213751639975
25.625	52.5	1.00213824223767
25.875	52.5	1.00213869170211
26.125	52.5	1.00213897296922
26.375	52.5	1.00213915178369
26.625	52.5	1.00213926810362
26.875	52.5	1.00213934621604
27.125	52.5	1.00213940088425
27.375	52.5	1.0021394410837
27.625	52.5	1.00213947227235
27.875	52.5	1.00213949777043
28.125	52.5	1.00213951959889
28.375	52.5	1.00213953898903
28.625	52.5	1.00213955669211
28.875	52.5	1.00213957316759
29.125	52.5	1.0021395886975
29.375	52.5	1.00213960345593
29.625	52.5	1.00213961755127
29.875	52.5	1.00213963105191
30.125	52.5	1.00213964400181
30.375	52.5	1.00213965643
30.625	52.5	1.00213966835637
30.875	52.5	1.00213967979511
31.125	52.5	1.00213969075691
31.375	52.5	1.00213970125021
31.625	52.5	1.00213971128201
31.875	52.5	1.00213972085834
32.125	52.5	1.00213972998455
32.375	52.5	1.00213973866552
32.625	52.5	1.00213974690573
32.875	52.5	1.00213975470934
33.125	52.5	1.00213976208024
33.375	52.5	1.00213976902207
33.625	52.5	1.00213977553825
33.875	52.5	1.00213978163196
34.125	52.5	1.00213978730617
34.375	52.5	1.00213979256364
34.625	52.5	1.00213979740694
34.875	52.5	1.00213980183841
35.125	52.5	1.00213980586021
35.375	52.5	1.0021398094743
35.625	52.5	1.00213981268242
35.875	52.5	1.00213981548612
36.125	52.5	1.00213981788678
36.375	52.5	1.00213981988556
36.625	52.5	1.00213982148341
36.875	52.5	1.00213982268113
37.125	52.5	1.00213982347928
37.375	52.5	1.00213982387826
0.125	53.5	-0.00214217490646566
0.375	53.5	-0.00214217531421163
0.625	53.5	-0.00214217612986253
0.875	53.5	-0.00214217735373627
1.125	53.5	-0.00214217898630968
1.375	53.5	-0.00214218102821842
1.625	53.5	-0.00214218348025695
1.875	53.5	-0.00214218634337837
2.125	53.5	-0.00214218961869433
2.375	53.5	-0.00214219330747478
2.625	53.5	-0.00214219741114779
2.875	53.5	-0.00214220193129912
3.125	53.5	-0.00214220686967184
3.375	53.5	-0.00214221222816556
3.625	53.5	-0.0021422180088355
3.875	53.5	-0.00214222421389091
4.125	53.5	-0.00214223084569282
4.375	53.5	-0.0021422379067503
4.625	53.5	-0.00214224539971477
4.875	53.5	-0.00214225332737057
5.125	53.5	-0.00214226169262003
5.375	53.5	-0.00214227049845895
5.625	53.5	-0.0021422797479367
5.875	53.5	-0.00214228944409097
6.125	53.5	-0.00214229958984071
6.375	53.5	-0.00214231018781053
6.625	53.5	-0.00214232124004225
6.875	53.5	-0.0021423327475208
7.125	53.5	-0.00214234470939479
7.375	53.5	-0.0021423571216946
7.625	53.5	-0.00214236997522384
7.875	53.5	-0.00214238325209055
8.125	53.5	-0.00214239692000034
8.375	53.5	-0.00214241092286664
8.625	53.5	-0.00214242516536122
8.875	53.5	-0.00214243948749319
9.125	53.5	-0.00214245362278018
9.375	53.5	-0.00214246712942064
9.625	53.5	-0.00214247927703952
9.875	53.5	-0.00214248886033025
10.125	53.5	-0.00214249389240497
10.375	53.5	-0.00214249110020478
10.625	53.5	-0.00214247509420078
10.875	53.5	-0.0021424370021415
11.125	53.5	-0.00214236222089078
11.375	53.5	-0.00214222671708872
11.625	53.5	-0.00214199093991221
11.875	53.5	-0.0021415898045749
12.125	53.5	-0.00214091621030389
12.375	53.5	-0.00213979391949745
12.625	53.5	-0.00213793293123672
12.875	53.5	-0.00213485605068288
13.125	53.5	-0.00212977806514582
13.375	53.5	-0.00212140694480515
13.625	53.5	-0.00210761676304368
13.875	53.5	-0.00208490960727373
14.125	53.5	-0.00204753047892259
14.375	53.5	-0.00198601174267561
14.625	53.5	-0.00188478040248423
14.875	53.5	-0.00171822732644025
15.125	53.5	-0.00144425660724054
15.375	53.5	-0.000993718203312712
15.625	53.5	-0.000253146703379065
15.875	53.5	0.000963298809976037
16.125	53.5	0.00295908547428905
16.375	53.5	0.00622730093711519
16.625	53.5	0.0115625812317043
16.875	53.5	0.0202281827483058
17.125	53.5	0.034187152431293
17.375	53.5	0.05637500514156
17.625	53.5	0.0908998429442402
17.875	53.5	0.142860110441183
18.125	53.5	0.217200805351417
18.375	53.5	0.316045738310081
18.625	53.5	0.435114480033553
18.875	53.5	0.562288173905498
19.125	53.5	0.681670429492274
19.375	53.5	0.78100298338811
19.625	53.5	0.85584333925167
19.875	53.5	0.90821907940119
20.125	53.5	0.943049561388686
20.375	53.5	0.965446149037824
20.625	53.5	0.979541340890441
20.875	53.5	0.988293413630365
21.125	53.5	0.993682669857555
21.375	53.5	0.996984240013291
21.625	53.5	0.999000518105629
21.875	53.5	1.00022951336257
22.125	53.5	1.00097776176195
22.375	53.5	1.00143299827431
22.625	53.5	1.00170985013
22.875	53.5	1.00187817739484
23.125	53.5	1.00198050892125
23.375	53.5	1.00204271747565
23.625	53.5	1.00208053645838
23.875	53.5	1.00210353105266
24.125	53.5	1.00211751556326
24.375	53.5	1.00212602395429
24.625	53.5	1.00213120406713
24.875	53.5	1.00213436125404
25.125	53.5	1.00213628882839
25.375	53.5	1.00213746891245
25.625	53.5	1.00213819450637
25.875	53.5	1.00213864367521
26.125	53.5	1.00213892463521
26.375	53.5	1.00213910315391
26.625	53.5	1.00213921920192
26.875	53.5	1.00213929707253
27.125	53.5	1.00213935153157
27.375	53.5	1.00213939155487
27.625	53.5	1.00213942259948
27.875	53.5	1.00213944798401
28.125	53.5	1.00213946972747
28.375	53.5	1.00213948905897
28.625	53.5	1.00213950672761
28.875	53.5	1.00213952319068
29.125	53.5	1.0021395387281
29.375	53.5	1.00213955351192
29.625	53.5	1.00213956764863
29.875	53.5	1.00213958120477
30.125	53.5	1.00213959422258
30.375	53.5	1.00213960672946
30.625	53.5	1.00213961874373
30.875	53.5	1.00213963027817
31.125	53.5	1.00213964134209
31.375	53.5	1.00213965194265
31.625	53.5	1.00213966208565
31.875	53.5	1.00213967177601
32.125	53.5	1.00213968101801
32.375	53.5	1.00213968981556
32.625	53.5	1.0021396981722
32.875	53.5	1.00213970609125
33.125	53.5	1.00213971357581
33.375	53.5	1.00213972062877
33.625	53.5	1.00213972725285
33.875	53.5	1.00213973345061
34.125	53.5	1.00213973922444
34.375	53.5	1.00213974457655
34.625	53.5	1.00213974950902
34.875	53.5	1.00213975402375
35.125	53.5	1.0021397581225
35.375	53.5	1.00213976180684
35.625	53.5	1.0021397650782
35.875	53.5	1.00213976793786
36.125	53.5	1.00213977038694
36.375	53.5	1.00213977242637
36.625	53.5	1.00213977405697
36.875	53.5	1.00213977527936
37.125	53.5	1.00213977609402
37.375	53.5	1.00213977650128
0.125	54.5	-0.00214221567967946
0.375	54.5	-0.00214221609313536
0.625	54.5	-0.00214221692017207
0.875	54.5	-0.00214221816103923
1.125	54.5	-0.00214221981611102
1.375	54.5	-0.00214222188588569
1.625	54.5	-0.00214222437098504
1.875	54.5	-0.00214222727215375
2.125	54.5	-0.00214223059025845
2.375	54.5	-0.00214223432628681
2.625	54.5	-0.00214223848134626
2.875	54.5	-0.00214224305666259
3.125	54.5	-0.00214224805357827
3.375	54.5	-0.00214225347355043
3.625	54.5	-0.00214225931814833
3.875	54.5	-0.00214226558905032
4.125	54.5	-0.00214227228803964
4.375	54.5	-0.00214227941699891
4.625	54.5	-0.00214228697790227
4.875	54.5	-0.00214229497280379
5.125	54.5	-0.00214230340382009
5.375	54.5	-0.00214231227310326
5.625	54.5	-0.00214232158279824
5.875	54.5	-0.00214233133497459
6.125	54.5	-0.00214234153151636
6.375	54.5	-0.00214235217394323
6.625	54.5	-0.0021423632631185
6.875	54.5	-0.00214237479877149
7.125	54.5	-0.00214238677871422
7.375	54.5	-0.00214239919755579
7.625	54.5	-0.00214241204458998
7.875	54.5	-0.00214242530032294
8.125	54.5	-0.00214243893076316
8.375	54.5	-0.00214245287802974
8.625	54.5	-0.00214246704490259
8.875	54.5	-0.00214248126940436
9.125	54.5	-0.00214249528298003
9.375	54.5	-0.00214250864168659
9.625	54.5	-0.00214252061297153
9.875	54.5	-0.00214252998937278
10.125	54.5	-0.00214253478196875
10.375	54.5	-0.00214253171595759
10.625	54.5	-0.002142515400641
10.875	54.5	-0.0021424769636421
11.125	54.5	-0.00214240180352281
11.375	54.5	-0.00214226589173287
11.625	54.5	-0.00214202968749546
11.875	54.5	-0.0021416281248095
12.125	54.5	-0.00214095413619499
12.375	54.5	-0.00213983154134741
12.625	54.5	-0.00213797043627975
12.875	54.5	-0.00213489378843973
13.125	54.5	-0.00212981665509535
13.375	54.5	-0.00212144745367049
13.625	54.5	-0.00210766099658271
13.875	54.5	-0.00208496059037301
14.125	54.5	-0.00204759324526527
14.375	54.5	-0.00198609463310984
14.625	54.5	-0.00188489719864818
14.875	54.5	-0.00171840075406338
15.125	54.5	-0.00144452408069463
15.375	54.5	-0.000994141224654532
15.625	54.5	-0.000253826185234947
15.875	54.5	0.000962197713790538
16.125	54.5	0.00295729353380725
16.375	54.5	0.00622438202100357
16.625	54.5	0.0115578361061812
16.875	54.5	0.0202205093950907
17.125	54.5	0.0341748631748327
17.375	54.5	0.0563556388201743
17.625	54.5	0.090870106769147
17.875	54.5	0.142816263974235
18.125	54.5	0.217139961688598
18.375	54.5	0.315968258989888
18.625	54.5	0.435026231865158
18.875	54.5	0.562199802164172
19.125	54.5	0.681592639877404
19.375	54.5	0.780941767257646
19.625	54.5	0.855799156410329
19.875	54.5	0.908189083732849
20.125	54.5	0.943030012848198
20.375	54.5	0.965433738934073
20.625	54.5	0.979533590143452
20.875	54.5	0.988288619991818
21.125	54.5	0.99367972093397
21.375	54.5	0.996982429668721
21.625	54.5	0.998999405786875
21.875	54.5	1.00022882706792
22.125	54.5	1.00097733462244
22.375	54.5	1.00143272832416
22.625	54.5	1.0017096752235
22.875	54.5	1.00187805972537
23.125	54.5	1.00198042552445
23.375	54.5	1.00204265442491
23.625	54.5	1.00208048532482
23.875	54.5	1.0021034867492
24.125	54.5	1.00211747503265
24.375	54.5	1.00212598537116
24.625	54.5	1.0021311663529
24.875	54.5	1.00213432378208
25.125	54.5	1.00213625124486
25.375	54.5	1.00213743102755
25.625	54.5	1.00213815622824
25.875	54.5	1.00213860496996
26.125	54.5	1.00213888550259
26.375	54.5	1.00213906361271
26.625	54.5	1.00213917928111
26.875	54.5	1.00213925680595
27.125	54.5	1.00213931095484
27.375	54.5	1.00213935070348
27.625	54.5	1.00213938150778
27.875	54.5	1.00213940668463
28.125	54.5	1.00213942825098
28.375	54.5	1.00213944743382
28.625	54.5	1.00213946498005
28.875	54.5	1.00213948134483
29.125	54.5	1.00213949680599
29.375	54.5	1.00213951153362
29.625	54.5	1.00213952563229
29.875	54.5	1.00213953916675
30.125	54.5	1.00213955217755
30.375	54.5	1.00213956469048
30.625	54.5	1.00213957672236
30.875	54.5	1.00213958828453
31.125	54.5	1.00213959938497
31.375	54.5	1.00213961002959
31.625	54.5	1.00213962022301
31.875	54.5	1.00213962996902
32.125	54.5	1.00213963927091
32.375	54.5	1.00213964813158
32.625	54.5	1.00213965655369
32.875	54.5	1.0021396645397
33.125	54.5	1.00213967209193
33.375	54.5	1.00213967921254
33.625	54.5	1.00213968590357
33.875	54.5	1.00213969216696
34.125	54.5	1.00213969800451
34.375	54.5	1.00213970341792
34.625	54.5	1.00213970840876
34.875	54.5	1.0021397129785
35.125	54.5	1.00213971712849
35.375	54.5	1.00213972085995
35.625	54.5	1.00213972417399
35.875	54.5	1.00213972707161
36.125	54.5	1.00213972955366
36.375	54.5	1.00213973162089
36.625	54.5	1.00213973327393
36.875	54.5	1.00213973451327
37.125	54.5	1.00213973533929
37.375	54.5	1.00213973575224
0.125	55.5	-0.00214224973480619
0.375	55.5	-0.00214225015196788
0.625	55.5	-0.00214225098638432
0.875	55.5	-0.00214225223824142
1.125	55.5	-0.00214225390781744
1.375	55.5	-0.00214225599548229
1.625	55.5	-0.00214225850169651
1.875	55.5	-0.00214226142701008
2.125	55.5	-0.00214226477206094
2.375	55.5	-0.00214226853757315
2.625	55.5	-0.0021422727243549
2.875	55.5	-0.00214227733329602
3.125	55.5	-0.00214228236536524
3.375	55.5	-0.00214228782160693
3.625	55.5	-0.00214229370313723
3.875	55.5	-0.00214230001113946
4.125	55.5	-0.00214230674685842
4.375	55.5	-0.00214231391159303
4.625	55.5	-0.00214232150668658
4.875	55.5	-0.00214232953351316
5.125	55.5	-0.00214233799345802
5.375	55.5	-0.00214234688788818
5.625	55.5	-0.00214235621810726
5.875	55.5	-0.0021423659852846
6.125	55.5	-0.0021423761903423
6.375	55.5	-0.00214238683377328
6.625	55.5	-0.00214239791534618
6.875	55.5	-0.0021424094336243
7.125	55.5	-0.00214242138517902
7.375	55.5	-0.00214243376330044
7.625	55.5	-0.00214244655588161
7.875	55.5	-0.00214245974194272
8.125	55.5	-0.00214247328591818
8.375	55.5	-0.00214248712826269
8.625	55.5	-0.00214250117000068
8.875	55.5	-0.00214251524731025
9.125	55.5	-0.00214252908970904
9.375	55.5	-0.0021425422512579
9.625	55.5	-0.00214255399736586
9.875	55.5	-0.00214256311853753
10.125	55.5	-0.00214256762390522
10.375	55.5	-0.00214256423694747
10.625	55.5	-0.00214254756570659
10.875	55.5	-0.00214250873739556
11.125	55.5	-0.0021424331516607
11.375	55.5	-0.00214229678359713
11.625	55.5	-0.00214206010039461
11.875	55.5	-0.00214165805124125
12.125	55.5	-0.00214098359584776
12.375	55.5	-0.00213986060097
12.625	55.5	-0.00213799924250082
12.875	55.5	-0.00213492262189655
13.125	55.5	-0.00212984601962198
13.375	55.5	-0.00212147822316028
13.625	55.5	-0.00210769465671319
13.875	55.5	-0.00208499963632929
14.125	55.5	-0.00204764183592065
14.375	55.5	-0.00198615966661388
14.625	55.5	-0.00188499007992468
14.875	55.5	-0.00171854029689524
15.125	55.5	-0.00144474126633503
15.375	55.5	-0.000994486987560237
15.625	55.5	-0.000254384105617741
15.875	55.5	0.000961290842077829
16.125	55.5	0.00295581470721184
16.375	55.5	0.00622196998713015
16.625	55.5	0.0115539116782684
16.875	55.5	0.020214159746945
17.125	55.5	0.0341646903476978
17.375	55.5	0.0563396040895539
17.625	55.5	0.0908454823554604
17.875	55.5	0.142779950838954
18.125	55.5	0.217089566995408
18.375	55.5	0.315904079872045
18.625	55.5	0.434953125957675
18.875	55.5	0.56212658766813
19.125	55.5	0.681528188085043
19.375	55.5	0.780891045241361
19.625	55.5	0.85576254765392
19.875	55.5	0.908164231249414
20.125	55.5	0.943013817952744
20.375	55.5	0.965423459878185
20.625	55.5	0.979527172459034
20.875	55.5	0.988284652914217
21.125	55.5	0.99367728251865
21.375	55.5	0.996980934662203
21.625	55.5	0.998998489049689
21.875	55.5	1.00022826315971
22.125	55.5	1.0009769852413
22.375	55.5	1.00143250896378
22.625	55.5	1.00170953438336
22.875	55.5	1.00187796607922
23.125	55.5	1.00198036004862
23.375	55.5	1.00204260558693
23.625	55.5	1.00208044614912
23.875	55.5	1.00210345302993
24.125	55.5	1.00211744424616
24.375	55.5	1.00212595601453
24.625	55.5	1.00213113754182
24.875	55.5	1.00213429500643
25.125	55.5	1.00213622222022
25.375	55.5	1.00213740160504
25.625	55.5	1.00213812633978
25.875	55.5	1.00213857459506
26.125	55.5	1.00213885464832
26.375	55.5	1.00213903230151
26.625	55.5	1.00213914754351
26.875	55.5	1.00213922467621
27.125	55.5	1.00213927846833
27.375	55.5	1.00213931789519
27.625	55.5	1.00213934841146
27.875	55.5	1.0021393733323
28.125	55.5	1.00213939467274
28.375	55.5	1.00213941365772
28.625	55.5	1.00213943103211
28.875	55.5	1.00213944724906
29.125	55.5	1.00213946258449
29.375	55.5	1.00213947720662
29.625	55.5	1.00213949121829
29.875	55.5	1.00213950468257
30.125	55.5	1.00213951763843
30.375	55.5	1.00213953011018
30.625	55.5	1.00213954211324
30.875	55.5	1.00213955365763
31.125	55.5	1.00213956475009
31.375	55.5	1.00213957539534
31.625	55.5	1.00213958559693
31.875	55.5	1.00213959535762
32.125	55.5	1.00213960467972
32.375	55.5	1.00213961356524
32.625	55.5	1.002139622016
32.875	55.5	1.00213963003368
33.125	55.5	1.00213963761986
33.375	55.5	1.00213964477602
33.625	55.5	1.00213965150358
33.875	55.5	1.00213965780387
34.125	55.5	1.00213966367817
34.375	55.5	1.00213966912768
34.625	55.5	1.00213967415352
34.875	55.5	1.00213967875675
35.125	55.5	1.00213968293833
35.375	55.5	1.00213968669916
35.625	55.5	1.00213969004005
35.875	55.5	1.00213969296172
36.125	55.5	1.00213969546481
36.375	55.5	1.00213969754987
36.625	55.5	1.00213969921737
36.875	55.5	1.00213970046767
37.125	55.5	1.00213970130104
37.375	55.5	1.00213970171769
0.125	56.5	-0.00214227701717274
0.375	56.5	-0.00214227743657021
0.625	56.5	-0.0021422782754304
0.875	56.5	-0.00214227953388348
1.125	56.5	-0.0021422812121239
1.375	56.5	-0.00214228331040935
1.625	56.5	-0.00214228582905946
1.875	56.5	-0.00214228876845409
2.125	56.5	-0.00214229212903129
2.375	56.5	-0.00214229591128485
2.625	56.5	-0.00214230011576151
2.875	56.5	-0.00214230474305769
3.125	56.5	-0.00214230979381572
3.375	56.5	-0.00214231526871954
3.625	56.5	-0.00214232116848971
3.875	56.5	-0.00214232749387751
4.125	56.5	-0.00214233424565782
4.375	56.5	-0.00214234142462028
4.625	56.5	-0.00214234903155794
4.875	56.5	-0.00214235706725186
5.125	56.5	-0.00214236553244963
5.375	56.5	-0.00214237442783393
5.625	56.5	-0.00214238375397523
5.875	56.5	-0.00214239351125855
6.125	56.5	-0.00214240369976808
6.375	56.5	-0.00214241431910264
6.625	56.5	-0.00214242536807784
6.875	56.5	-0.00214243684424215
7.125	56.5	-0.00214244874308728
7.375	56.5	-0.00214246105675584
7.625	56.5	-0.00214247377192241
7.875	56.5	-0.00214248686631483
8.125	56.5	-0.00214250030299854
8.375	56.5	-0.00214251402098061
8.625	56.5	-0.00214252791975837
8.875	56.5	-0.00214254183390436
9.125	56.5	-0.00214255549125704
9.375	56.5	-0.00214256844413508
9.625	56.5	-0.00214257995616302
9.875	56.5	-0.00214258881605598
10.125	56.5	-0.00214259303121666
10.375	56.5	-0.00214258932356428
10.625	56.5	-0.00214257229993744
10.875	56.5	-0.00214253308701033
11.125	56.5	-0.00214245708506809
11.375	56.5	-0.00214232027187054
11.625	56.5	-0.00214208312069801
11.875	56.5	-0.00214168059256307
12.125	56.5	-0.00214100566853688
12.375	56.5	-0.00213988225253145
12.625	56.5	-0.0021380205836945
12.875	56.5	-0.00213494386978958
13.125	56.5	-0.00212986756853423
13.375	56.5	-0.00212150076149426
13.625	56.5	-0.00210771935925325
13.875	56.5	-0.00208502848064472
14.125	56.5	-0.00204767812278828
14.375	56.5	-0.00198620887567536
14.625	56.5	-0.00188506127575516
14.875	56.5	-0.00171864843761303
15.125	56.5	-0.00144491098901427
15.375	56.5	-0.000994758801576509
15.625	56.5	-0.000254824489084187
15.875	56.5	0.000960573081560249
16.125	56.5	0.00295464218604484
16.375	56.5	0.00622005535166664
16.625	56.5	0.0115507942193722
16.875	56.5	0.0202091133609636
17.125	56.5	0.0341566030222703
17.375	56.5	0.056326854073958
17.625	56.5	0.0908258996657752
17.875	56.5	0.142751069878764
18.125	56.5	0.217049483396816
18.375	56.5	0.315853028476613
18.625	56.5	0.434894969461402
18.875	56.5	0.562068340760434
19.125	56.5	0.681476909655392
19.375	56.5	0.780850689098214
19.625	56.5	0.855733420534825
19.875	56.5	0.908144458639815
20.125	56.5	0.943000934555975
20.375	56.5	0.965415284083211
20.625	56.5	0.979522069408176
20.875	56.5	0.98828149993269
21.125	56.5	0.993675345909992
21.375	56.5	0.996979748665089
21.625	56.5	0.998997763073141
21.875	56.5	1.00022781779046
22.125	56.5	1.00097671041555
22.375	56.5	1.00143233743191
22.625	56.5	1.0017094251644
22.875	56.5	1.00187789424864
23.125	56.5	1.0019803104734
23.375	56.5	1.00204256909623
23.625	56.5	1.00208041719876
23.875	56.5	1.00210342828001
24.125	56.5	1.00211742169538
24.375	56.5	1.00212593447377
24.625	56.5	1.00213111631398
24.875	56.5	1.00213427369197
25.125	56.5	1.00213620059894
25.375	56.5	1.00213737956429
25.625	56.5	1.00213810383096
25.875	56.5	1.00213855160718
26.125	56.5	1.00213883119202
26.375	56.5	1.00213900839943
26.625	56.5	1.00213912322449
26.875	56.5	1.00213919997179
27.125	56.5	1.00213925341074
27.375	56.5	1.00213929251615
27.625	56.5	1.00213932274148
27.875	56.5	1.00213934740034
28.125	56.5	1.00213936850603
28.375	56.5	1.0021393872817
28.625	56.5	1.00213940447045
28.875	56.5	1.00213942052367
29.125	56.5	1.0021394357156
29.375	56.5	1.00213945021287
29.625	56.5	1.00213946411677
29.875	56.5	1.00213947748893
30.125	56.5	1.00213949036695
30.375	56.5	1.00213950277385
30.625	56.5	1.00213951472383
30.875	56.5	1.00213952622574
31.125	56.5	1.00213953728526
31.375	56.5	1.0021395479061
31.625	56.5	1.00213955809084
31.875	56.5	1.00213956784135
32.125	56.5	1.00213957715911
32.375	56.5	1.00213958604533
32.625	56.5	1.00213959450111
32.875	56.5	1.00213960252744
33.125	56.5	1.00213961012526
33.375	56.5	1.00213961729545
33.625	56.5	1.00213962403888
33.875	56.5	1.0021396303564
34.125	56.5	1.00213963624878
34.375	56.5	1.00213964171681
34.625	56.5	1.00213964676121
34.875	56.5	1.00213965138267
35.125	56.5	1.00213965558184
35.375	56.5	1.00213965935931
35.625	56.5	1.00213966271564
35.875	56.5	1.00213966565132
36.125	56.5	1.00213966816678
36.375	56.5	1.00213967026242
36.625	56.5	1.00213967193853
36.875	56.5	1.0021396731954
37.125	56.5	1.0021396740332
37.375	56.5	1.00213967445207
0.125	57.5	-0.00214229749526235
0.375	57.5	-0.0021422979158923
0.625	57.5	-0.00214229875719516
0.875	57.5	-0.00214230001925643
1.125	57.5	-0.00214230170220339
1.375	57.5	-0.00214230380620384
1.625	57.5	-0.00214230633146448
1.875	57.5	-0.00214230927822887
2.125	57.5	-0.00214231264677492
2.375	57.5	-0.00214231643741196
2.625	57.5	-0.00214232065047732
2.875	57.5	-0.00214232528633237
3.125	57.5	-0.00214233034535807
3.375	57.5	-0.00214233582794976
3.625	57.5	-0.00214234173451127
3.875	57.5	-0.002142348065448
4.125	57.5	-0.0021423548211587
4.375	57.5	-0.00214236200202546
4.625	57.5	-0.002142369608401
4.875	57.5	-0.00214237764059194
5.125	57.5	-0.00214238609883578
5.375	57.5	-0.00214239498326788
5.625	57.5	-0.00214240429387241
5.875	57.5	-0.00214241403040735
6.125	57.5	-0.00214242419228706
6.375	57.5	-0.00214243477839577
6.625	57.5	-0.0021424457867875
6.875	57.5	-0.0021424572141999
7.125	57.5	-0.0021424690552622
7.375	57.5	-0.00214248130120048
7.625	57.5	-0.00214249393771621
7.875	57.5	-0.0021425069415052
8.125	57.5	-0.00214252027453976
8.375	57.5	-0.00214253387467097
8.625	57.5	-0.00214254764017642
8.875	57.5	-0.00214256140434589
9.125	57.5	-0.00214257489367527
9.375	57.5	-0.00214258765908859
9.625	57.5	-0.0021425989627789
9.875	57.5	-0.00214260759202056
10.125	57.5	-0.00214261155281438
10.375	57.5	-0.00214260756579863
10.625	57.5	-0.00214259023679015
10.875	57.5	-0.00214255069193091
11.125	57.5	-0.00214247433184595
11.375	57.5	-0.00214233713613996
11.625	57.5	-0.00214209958248787
11.875	57.5	-0.00214169664056922
12.125	57.5	-0.0021410213072323
12.375	57.5	-0.00213989751394884
12.625	57.5	-0.00213803554689915
12.875	57.5	-0.00213495869300696
13.125	57.5	-0.0021298825420973
13.375	57.5	-0.00212151639503916
13.625	57.5	-0.00210773652524462
13.875	57.5	-0.00208504865052963
14.125	57.5	-0.00204770375542312
14.375	57.5	-0.00198624405595597
14.625	57.5	-0.00188511276404055
14.875	57.5	-0.0017187273927402
15.125	57.5	-0.00144503579347495
15.375	57.5	-0.000994959683749535
15.625	57.5	-0.000255151058336834
15.875	57.5	0.00096003962476348
16.125	57.5	0.00295376946239896
16.375	57.5	0.00621862891080164
16.625	57.5	0.0115484702353778
16.875	57.5	0.0202053499426551
17.125	57.5	0.0341505702680955
17.375	57.5	0.056317341639837
17.625	57.5	0.0908112879886977
17.875	57.5	0.142729518610187
18.125	57.5	0.217019570734587
18.375	57.5	0.315814928810332
18.625	57.5	0.434851564771074
18.875	57.5	0.562024866264422
19.125	57.5	0.681438634696133
19.375	57.5	0.780820565999315
19.625	57.5	0.855711679196042
19.875	57.5	0.908129700311349
20.125	57.5	0.942991319123896
20.375	57.5	0.965409183009339
20.625	57.5	0.979518262229419
20.875	57.5	0.988279148515049
21.125	57.5	0.993673902499463
21.375	57.5	0.996978865534422
21.625	57.5	0.998997223271902
21.875	57.5	1.00022748737181
22.125	57.5	1.00097650720877
22.375	57.5	1.00143221123172
22.625	57.5	1.00170934537811
22.875	57.5	1.0018778422717
23.125	57.5	1.00198027501186
23.375	57.5	1.00204254330762
23.625	57.5	1.00208039694835
23.875	57.5	1.0021034110787
24.125	57.5	1.0021174060534
24.375	57.5	1.00212591950756
24.625	57.5	1.00213110150722
24.875	57.5	1.00213425875028
25.125	57.5	1.00213618536169
25.375	57.5	1.00213736395097
25.625	57.5	1.00213808780868
25.875	57.5	1.00213853517098
26.125	57.5	1.00213881435293
26.375	57.5	1.00213899117728
26.625	57.5	1.00213910564357
26.875	57.5	1.00213918205829
27.125	57.5	1.00213923519121
27.375	57.5	1.00213927401662
27.625	57.5	1.00213930398697
27.875	57.5	1.00213932841461
28.125	57.5	1.0021393493114
28.375	57.5	1.00213936789909
28.625	57.5	1.00213938491932
28.875	57.5	1.0021394008221
29.125	57.5	1.00213941588033
29.375	57.5	1.00213943025934
29.625	57.5	1.0021394440592
29.875	57.5	1.00213945734039
30.125	57.5	1.00213947013942
30.375	57.5	1.00213948247826
30.625	57.5	1.00213949437015
30.875	57.5	1.00213950582303
31.125	57.5	1.00213951684169
31.375	57.5	1.00213952742905
31.625	57.5	1.00213953758691
31.875	57.5	1.00213954731645
32.125	57.5	1.00213955661845
32.375	57.5	1.00213956549353
32.625	57.5	1.00213957394217
32.875	57.5	1.00213958196482
33.125	57.5	1.00213958956191
33.375	57.5	1.00213959673386
33.625	57.5	1.00213960348108
33.875	57.5	1.00213960980401
34.125	57.5	1.00213961570306
34.375	57.5	1.00213962117867
34.625	57.5	1.00213962623123
34.875	57.5	1.00213963086116
35.125	57.5	1.00213963506883
35.375	57.5	1.00213963885462
35.625	57.5	1.00213964221885
35.875	57.5	1.00213964516184
36.125	57.5	1.00213964768386
36.375	57.5	1.00213964978517
36.625	57.5	1.00213965146596
36.875	57.5	1.0021396527264
37.125	57.5	1.00213965356663
37.375	57.5	1.00213965398672
0.125	58.5	-0.00214231115288716
0.375	58.5	-0.00214231157412015
0.625	58.5	-0.00214231241661351
0.875	58.5	-0.0021423136804216
1.125	58.5	-0.00214231536562478
1.375	58.5	-0.00214231747232811
1.625	58.5	-0.00214232000065947
1.875	58.5	-0.00214232295076729
2.125	58.5	-0.00214232632281771
2.375	58.5	-0.00214233011699132
2.625	58.5	-0.00214233433347931
2.875	58.5	-0.00214233897247907
3.125	58.5	-0.00214234403418915
3.375	58.5	-0.00214234951880354
3.625	58.5	-0.00214235542650512
3.875	58.5	-0.002142361757458
4.125	58.5	-0.00214236851179858
4.375	58.5	-0.0021423756896247
4.625	58.5	-0.00214238329098201
4.875	58.5	-0.00214239131584631
5.125	58.5	-0.00214239976409944
5.375	58.5	-0.00214240863549519
5.625	58.5	-0.00214241792960907
5.875	58.5	-0.00214242764576197
6.125	58.5	-0.00214243778290147
6.375	58.5	-0.00214244833941385
6.625	58.5	-0.00214245931282249
6.875	58.5	-0.00214247069930015
7.125	58.5	-0.00214248249287528
7.375	58.5	-0.00214249468413552
7.625	58.5	-0.00214250725810462
7.875	58.5	-0.00214252019075966
8.125	58.5	-0.00214253344331164
8.375	58.5	-0.00214254695280657
8.625	58.5	-0.00214256061667251
8.875	58.5	-0.00214257426730553
9.125	58.5	-0.00214258763026574
9.375	58.5	-0.00214260025550436
9.625	58.5	-0.00214261140421449
9.875	58.5	-0.00214261986266164
10.125	58.5	-0.00214262363586075
10.375	58.5	-0.00214261944354154
10.625	58.5	-0.00214260189078126
10.875	58.5	-0.00214256210330418
11.125	58.5	-0.00214248548189353
11.375	58.5	-0.00214234800730821
11.625	58.5	-0.0021421101600673
11.875	58.5	-0.00214170691552849
12.125	58.5	-0.00214103128093707
12.375	58.5	-0.00213990720598405
12.625	58.5	-0.00213804500799936
12.875	58.5	-0.00213496802639197
13.125	58.5	-0.00212989193863635
13.375	58.5	-0.00212152619116298
13.625	58.5	-0.00210774729827092
13.875	58.5	-0.00208506137551089
14.125	58.5	-0.00204772006312999
14.375	58.5	-0.00198626665703665
14.625	58.5	-0.00188514614601104
14.875	58.5	-0.00171877896433858
15.125	58.5	-0.00144511776100572
15.375	58.5	-0.000995092120913333
15.625	58.5	-0.000255366910578646
15.875	58.5	0.000959686431121031
16.125	58.5	0.00295319101137282
16.375	58.5	0.00621768278039697
16.625	58.5	0.0115469280813592
16.875	58.5	0.0202028518792549
17.125	58.5	0.034146565130407
17.375	58.5	0.0563110255885059
17.625	58.5	0.0908015853762862
17.875	58.5	0.142715207079296
18.125	58.5	0.216999705755745
18.375	58.5	0.315789625788691
18.625	58.5	0.43482273735715
18.875	58.5	0.561995991388601
19.125	58.5	0.681413212489143
19.375	58.5	0.780800557937706
19.625	58.5	0.855697238427161
19.875	58.5	0.908119897980752
20.125	58.5	0.942984933035229
20.375	58.5	0.965405131413773
20.625	58.5	0.979515734407882
20.875	58.5	0.988277587705221
21.125	58.5	0.993672944829117
21.375	58.5	0.996978280006459
21.625	58.5	0.998996865764228
21.875	58.5	1.00022726890243
22.125	58.5	1.00097637319151
22.375	58.5	1.00143212831583
22.625	58.5	1.00170929324212
22.875	58.5	1.00187780855825
23.125	58.5	1.00198025222031
23.375	58.5	1.00204252689461
23.625	58.5	1.00208038416933
23.875	58.5	1.00210340028232
24.125	58.5	1.00211739625216
24.375	58.5	1.00212591011659
24.625	58.5	1.00213109218554
24.875	58.5	1.00213424930429
25.125	58.5	1.00213617568651
25.375	58.5	1.0021373539949
25.625	58.5	1.00213807755156
25.875	58.5	1.00213852461112
26.125	58.5	1.00213880349917
26.375	58.5	1.00213898004423
26.625	58.5	1.00213909424873
26.875	58.5	1.00213917042037
27.125	58.5	1.00213922332907
27.375	58.5	1.00213926194873
27.625	58.5	1.00213929173105
27.875	58.5	1.00213931598747
28.125	58.5	1.0021393367289
28.375	58.5	1.00213935517605
28.625	58.5	1.00213937206956
28.875	58.5	1.00213938785848
29.125	58.5	1.00213940281475
29.375	58.5	1.00213941710284
29.625	58.5	1.00213943082194
29.875	58.5	1.00213944403174
30.125	58.5	1.00213945676798
30.375	58.5	1.00213946905192
30.625	58.5	1.0021394808961
30.875	58.5	1.00213949230784
31.125	58.5	1.00213950329133
31.375	58.5	1.00213951384891
31.625	58.5	1.00213952398187
31.875	58.5	1.00213953369087
32.125	58.5	1.00213954297624
32.375	58.5	1.00213955183814
32.625	58.5	1.00213956027666
32.875	58.5	1.00213956829187
33.125	58.5	1.00213957588383
33.375	58.5	1.00213958305263
33.625	58.5	1.00213958979838
33.875	58.5	1.00213959612123
34.125	58.5	1.00213960202135
34.375	58.5	1.00213960749889
34.625	58.5	1.00213961255407
34.875	58.5	1.00213961718708
35.125	58.5	1.00213962139811
35.375	58.5	1.00213962518738
35.625	58.5	1.00213962855507
35.875	58.5	1.00213963150136
36.125	58.5	1.00213963402643
36.375	58.5	1.00213963613041
36.625	58.5	1.00213963781343
36.875	58.5	1.0021396390756
37.125	58.5	1.00213963991701
37.375	58.5	1.0021396403377
0.125	59.5	-0.00214231798291984
0.375	59.5	-0.00214231840438734
0.625	59.5	-0.00214231924734172
0.875	59.5	-0.00214232051182132
1.125	59.5	-0.00214232219788242
1.375	59.5	-0.00214232430559784
1.625	59.5	-0.00214232683505497
1.875	59.5	-0.00214232978635337
2.125	59.5	-0.00214233315960177
2.375	59.5	-0.00214233695491462
2.625	59.5	-0.00214234117240806
2.875	59.5	-0.00214234581219524
3.125	59.5	-0.00214235087438102
3.375	59.5	-0.002142356359056
3.625	59.5	-0.00214236226628956
3.875	59.5	-0.00214236859612191
4.125	59.5	-0.00214237534855475
4.375	59.5	-0.00214238252353993
4.625	59.5	-0.00214239012096544
4.875	59.5	-0.00214239814063723
5.125	59.5	-0.00214240658225456
5.375	59.5	-0.00214241544537533
5.625	59.5	-0.00214242472936526
5.875	59.5	-0.0021424344333209
6.125	59.5	-0.00214244455595025
6.375	59.5	-0.00214245509538401
6.625	59.5	-0.00214246604887326
6.875	59.5	-0.00214247741230088
7.125	59.5	-0.00214248917938701
7.375	59.5	-0.00214250134039174
7.625	59.5	-0.00214251387999109
7.875	59.5	-0.00214252677379336
8.125	59.5	-0.00214253998261899
8.375	59.5	-0.00214255344310093
8.625	59.5	-0.00214256705223133
8.875	59.5	-0.00214258064194766
9.125	59.5	-0.0021425939373297
9.375	59.5	-0.00214260648782908
9.625	59.5	-0.00214261755412498
9.875	59.5	-0.00214262592196376
10.125	59.5	-0.00214262959585168
10.375	59.5	-0.00214262529504753
10.625	59.5	-0.00214260762424088
10.875	59.5	-0.00214256770892794
11.125	59.5	-0.00214249094995003
11.375	59.5	-0.00214235332861996
11.625	59.5	-0.00214211532685257
11.875	59.5	-0.00214171192281389
12.125	59.5	-0.00214103612891029
12.375	59.5	-0.00213991190389479
12.625	59.5	-0.00213804958060822
12.875	59.5	-0.00213497252461232
13.125	59.5	-0.00212989645707438
13.375	59.5	-0.00212153089700498
13.625	59.5	-0.00210775247883359
13.875	59.5	-0.00208506751648036
14.125	59.5	-0.00204772797724933
14.375	59.5	-0.00198627769568461
14.625	59.5	-0.00188516254687211
14.875	59.5	-0.00171880442222195
15.125	59.5	-0.00144515836378451
15.375	59.5	-0.000995157880776528
15.625	59.5	-0.000255474260219453
15.875	59.5	0.000959510593658204
16.125	59.5	0.00295290283391823
16.375	59.5	0.00621721122313031
16.625	59.5	0.0115461592464255
16.875	59.5	0.0202016062557575
17.125	59.5	0.0341445677965986
17.375	59.5	0.0563078755853478
17.625	59.5	0.090796746156949
17.875	59.5	0.142708068894341
18.125	59.5	0.216989797394153
18.375	59.5	0.315777004691591
18.625	59.5	0.434808357945889
18.875	59.5	0.561981587974481
19.125	59.5	0.681400531116219
19.375	59.5	0.780790577213862
19.625	59.5	0.855690034880859
19.875	59.5	0.908115008328716
20.125	59.5	0.942981747609921
20.375	59.5	0.965403110582999
20.625	59.5	0.979514473733432
20.875	59.5	0.988276809434556
21.125	59.5	0.993672467435197
21.375	59.5	0.996977988249711
21.625	59.5	0.998996687744961
21.875	59.5	1.0002271602293
22.125	59.5	1.00097630663271
22.375	59.5	1.00143208723366
22.625	59.5	1.00170926749905
22.875	59.5	1.00187779199001
23.125	59.5	1.0019802410856
23.375	59.5	1.0020425189275
23.625	59.5	1.00208037800127
23.875	59.5	1.00210339509018
24.125	59.5	1.00211739154394
24.375	59.5	1.00212590560117
24.625	59.5	1.00213108769343
24.875	59.5	1.00213424473949
25.125	59.5	1.00213617099728
25.375	59.5	1.00213734915599
25.625	59.5	1.00213807255343
25.875	59.5	1.00213851945341
26.125	59.5	1.00213879818677
26.375	59.5	1.00213897458487
26.625	59.5	1.00213908865157
26.875	59.5	1.00213916469512
27.125	59.5	1.00213921748553
27.375	59.5	1.00213925599646
27.625	59.5	1.00213928567925
27.875	59.5	1.00213930984485
28.125	59.5	1.00213933050366
28.375	59.5	1.00213934887588
28.625	59.5	1.00213936570163
28.875	59.5	1.00213938142946
29.125	59.5	1.00213939633084
29.375	59.5	1.00213941056976
29.625	59.5	1.002139424245
29.875	59.5	1.00213943741581
30.125	59.5	1.00213945011756
30.375	59.5	1.00213946237112
30.625	59.5	1.0021394741887
30.875	59.5	1.00213948557729
31.125	59.5	1.00213949654076
31.375	59.5	1.00213950708118
31.625	59.5	1.00213951719954
31.875	59.5	1.00213952689627
32.125	59.5	1.00213953617144
32.375	59.5	1.002139545025
32.625	59.5	1.00213955345682
32.875	59.5	1.00213956146677
33.125	59.5	1.00213956905474
33.375	59.5	1.00213957622064
33.625	59.5	1.00213958296444
33.875	59.5	1.00213958928612
34.125	59.5	1.00213959518573
34.375	59.5	1.00213960066329
34.625	59.5	1.00213960571891
34.875	59.5	1.00213961035267
35.125	59.5	1.00213961456468
35.375	59.5	1.00213961835506
35.625	59.5	1.00213962172392
35.875	59.5	1.00213962467138
36.125	59.5	1.00213962719754
36.375	59.5	1.00213962930252
36.625	59.5	1.00213963098639
36.875	59.5	1.00213963224923
37.125	59.5	1.00213963309109
37.375	59.5	1.00213963351201
