x	y	$\phi$	X Velocity	Y Velocity	pressure	$\beta$
0.075	0.25	3.22061681616958e-16	0.8	-0.0107879745511006	65.387039983376	0.2
0.225	0.25	1.0672630630675e-15	0.751537745497991	0.00382686023310783	65.3661356687327	0.200000000000001
0.375	0.25	2.5134558611572e-15	0.805182732122077	0.00240504614193995	65.3419477186461	0.200000000000002
0.525	0.25	4.58133503221757e-15	0.803413157459308	0.00152734199844658	65.3178247048054	0.200000000000004
0.675	0.25	7.1176554425495e-15	0.802284326431045	0.000981171397063674	65.2937429291986	0.200000000000006
0.825	0.25	9.911317694127e-15	0.801555566719589	0.000638294627992421	65.2696876452195	0.200000000000008
0.975	0.25	1.27212902620965e-14	0.801078907358112	0.000420948397994345	65.2456495951954	0.20000000000001
1.125	0.25	1.5290850415381e-14	0.800762710952641	0.000281710281636544	65.221622910778	0.200000000000012
1.275	0.25	1.73383419389131e-14	0.800549774816462	0.000191481130937527	65.1976038325382	0.200000000000014
1.425	0.25	1.85276197077961e-14	0.800404080434483	0.000132284164014557	65.173589924289	0.200000000000015
1.575	0.25	1.84291080294721e-14	0.800302733322553	9.29316382810281e-05	65.1495795877122	0.200000000000015
1.725	0.25	1.64844105994583e-14	0.800231031842957	6.64049843256226e-05	65.1255717602896	0.200000000000013
1.875	0.25	1.19853291396545e-14	0.800179431322738	4.82628381400468e-05	65.1015657258016	0.20000000000001
2.025	0.25	4.07454283423936e-15	0.800141662285232	3.56683558837033e-05	65.0775609944103	0.200000000000003
2.175	0.25	-8.22779096943715e-15	0.800113555411776	2.67913637806051e-05	65.0535572260645	0.199999999999993
2.325	0.25	-2.5968622289e-14	0.800092301960867	2.04385267478316e-05	65.0295541810856	0.199999999999979
2.475	0.25	-5.01747155363825e-14	0.800075984283154	1.58229792794995e-05	65.0055516879468	0.19999999999996
2.625	0.25	-8.17294473827306e-14	0.800063275053636	1.24197534802497e-05	64.9815496220286	0.199999999999935
2.775	0.25	-1.21208818010165e-13	0.800053242717316	9.87432661149244e-06	64.9575478914437	0.199999999999903
2.925	0.25	-1.68671835297e-13	0.800045224347396	7.94427378131903e-06	64.9335464274656	0.199999999999865
3.075	0.25	-2.23401849138468e-13	0.800038741655685	6.46170713633045e-06	64.9095451779829	0.199999999999821
3.225	0.25	-2.83598490388164e-13	0.800033444897968	5.30886562916648e-06	64.8855441029663	0.199999999999773
3.375	0.25	-3.46024749977426e-13	0.800029074967614	4.40209069869347e-06	64.861543171289	0.199999999999723
3.525	0.25	-4.05620520313932e-13	0.800025437486242	3.6812014638657e-06	64.8375423584683	0.199999999999676
3.675	0.25	-4.55102687858517e-13	0.800022384878973	3.10237106029451e-06	64.8135416450399	0.199999999999636
3.825	0.25	-4.84582658284376e-13	0.800019803826059	2.63330141788389e-06	64.7895410153756	0.199999999999612
3.975	0.25	-4.8124495698818e-13	0.800017606378118	2.24991585607311e-06	64.7655404568105	0.199999999999615
4.125	0.25	-4.29145066927136e-13	0.800015723585144	1.9340690523317e-06	64.741539958993	0.199999999999657
4.275	0.25	-3.09200476259163e-13	0.800014100880207	1.67194218915179e-06	64.7175395133954	0.199999999999753
4.425	0.25	-9.94652365872273e-14	0.800012694697864	1.45290724253344e-06	64.6935391129403	0.19999999999992
4.575	0.25	2.24206000488556e-13	0.800011469968504	1.26871326929268e-06	64.6695387517136	0.200000000000179
4.725	0.25	6.86985111932602e-13	0.800010398243526	1.11289795231339e-06	64.6455384247421	0.20000000000055
4.875	0.25	1.31326046388868e-12	0.800009456278379	9.803580528948e-07	64.6215381278189	0.200000000001051
5.025	0.25	2.12405945044076e-12	0.80000862495287	8.67032208984486e-07	64.5975378573652	0.200000000001699
5.175	0.25	3.13358167595915e-12	0.800007888439319	7.69664167654139e-07	64.5735376103213	0.200000000002507
5.325	0.25	4.34474304427772e-12	0.800007233559227	6.85624906137517e-07	64.5495373840582	0.200000000003476
5.475	0.25	5.74367112339111e-12	0.800006649277465	6.12778670205385e-07	64.5255371763069	0.200000000004595
5.625	0.25	7.29315437016528e-12	0.800006126306607	5.49379204335585e-07	64.5015369851004	0.200000000005835
5.775	0.25	8.9251362891411e-12	0.800005656790124	4.93990691863337e-07	64.4775368087271	0.20000000000714
5.925	0.25	1.05324640896923e-11	0.800005234052262	4.45426322706803e-07	64.4535366456913	0.200000000008426
6.075	0.25	1.19602527785345e-11	0.80000485239547	4.02699510611564e-07	64.4295364946819	0.200000000009568
6.225	0.25	1.29974113100343e-11	0.80000450693621	3.64986831081796e-07	64.4055363545453	0.200000000010398
6.375	0.25	1.33690967777774e-11	0.800004193473279	3.31597287174818e-07	64.3815362242632	0.200000000010695
6.525	0.25	1.27311121646278e-11	0.800003908377636	3.01948374128347e-07	64.3575361029343	0.200000000010185
6.675	0.25	1.06675357364703e-11	0.800003648503809	2.75547935187091e-07	64.3335359897581	0.200000000008534
6.825	0.25	6.69315410164136e-12	0.800003411116826	2.51977388893646e-07	64.3095358840221	0.200000000005355
6.975	0.25	2.62549298433104e-13	0.800003193830641	2.30880026909534e-07	64.2855357850898	0.20000000000021
7.125	0.25	-9.21206002180728e-12	0.800002994556419	2.11950394743272e-07	64.2615356923922	0.19999999999263
7.275	0.25	-2.23319317902745e-11	0.800002811461555	1.94926300566229e-07	64.2375356054182	0.199999999982134
7.425	0.25	-3.96694798601891e-11	0.800002642932416	1.79581969311088e-07	64.2135355237088	0.199999999968264
7.575	0.25	-6.17101725068181e-11	0.800002487545353	1.65722101939879e-07	64.1895354468499	0.199999999950632
7.725	0.25	-8.87765316452929e-11	0.800002344040271	1.53177659234383e-07	64.1655353744679	0.199999999928979
7.875	0.25	-1.20932584236403e-10	0.800002211299721	1.41801463091662e-07	64.1415353062245	0.199999999903254
8.025	0.25	-1.57867885464784e-10	0.80000208833064	1.31465223239395e-07	64.1175352418131	0.199999999873706
8.175	0.25	-1.98761356118078e-10	0.800001974247175	1.22056861057405e-07	64.093535180955	0.199999999840991
8.325	0.25	-2.42126706535933e-10	0.800001868258119	1.13478066211017e-07	64.0695351233965	0.199999999806299
8.475	0.25	-2.85643199665704e-10	0.800001769656306	1.05642648067055e-07	64.045535068906	0.199999999771485
8.625	0.25	-3.25977964163801e-10	0.800001677807267	9.84746855671271e-08	64.0215350172719	0.199999999739218
8.775	0.25	-3.5860901093635e-10	0.80000159214015	9.19068770464621e-08	63.9975349683002	0.199999999713113
8.925	0.25	-3.77661509060502e-10	0.800001512141876	8.58800841207475e-08	63.9735349218124	0.199999999697871
9.075	0.25	-3.75773677547538e-10	0.800001437349409	8.03415569561846e-08	63.9495348776442	0.199999999699381
9.225	0.25	-3.44012739402824e-10	0.800001367343962	7.52447256486448e-08	63.9255348356435	0.19999999972479
9.375	0.25	-2.71865600860907e-10	0.800001301746967	7.05479042731939e-08	63.9015347956696	0.199999999782508
9.525	0.25	-1.47333037093897e-10	0.800001240214555	6.62140456729491e-08	63.8775347575909	0.199999999882134
9.675	0.25	4.28401051617947e-11	0.800001182435	6.22099777562738e-08	63.853534721285	0.200000000034272
9.825	0.25	3.12763198377159e-10	0.80000112812426	5.85062559204859e-08	63.8295346866366	0.200000000250211
9.975	0.25	6.76789328755482e-10	0.800001077023261	5.50759510381533e-08	63.8055346535375	0.200000000541431
10.125	0.25	1.14865857688872e-09	0.800001028895672	5.1895457874143e-08	63.7815346218853	0.200000000918927
10.275	0.25	1.74035975649863e-09	0.800000983525248	4.89432244685802e-08	63.7575345915832	0.200000001392288
10.425	0.25	2.46068017183166e-09	0.80000094071397	4.61999075777332e-08	63.7335345625396	0.200000001968544
10.575	0.25	3.31342123570161e-09	0.800000900279742	4.36480372046275e-08	63.7095345346679	0.200000002650737
10.725	0.25	4.29527003940385e-09	0.800000862055486	4.1271823571611e-08	63.6855345078866	0.200000003436216
10.875	0.25	5.39333370062743e-09	0.800000825887335	3.90568933702006e-08	63.6615344821199	0.200000004314667
11.025	0.25	6.58236495153529e-09	0.800000791633343	3.69905230435046e-08	63.6375344572979	0.200000005265892
11.175	0.25	7.82173422820627e-09	0.80000075916321	3.50608427321801e-08	63.613534433358	0.200000006257387
11.325	0.25	9.05223553737944e-09	0.800000728355075	3.32571986325827e-08	63.5895344102463	0.200000007241788
11.475	0.25	1.01928503933069e-08	0.800000699098267	3.15697934855539e-08	63.5655343879187	0.20000000815428
11.625	0.25	1.11376356007969e-08	0.800000671289546	2.99898898742525e-08	63.5415343663434	0.200000008910108
11.775	0.25	1.17529457022665e-08	0.800000644833964	2.85094559028198e-08	63.5175343455029	0.200000009402357
11.925	0.25	1.18752481875301e-08	0.800000619644645	2.7120890262104e-08	63.4935343253968	0.200000009500199
12.075	0.25	1.13098373321181e-08	0.800000595641494	2.58176766113323e-08	63.4695343060442	0.20000000904787
12.225	0.25	9.83079859795339e-09	0.800000572752042	2.45936187268117e-08	63.4455342874868	0.200000007864639
12.375	0.25	7.1826173154068e-09	0.800000550910308	2.34429972298516e-08	63.4215342697916	0.200000005746094
12.525	0.25	3.08385995928157e-09	0.800000530057775	2.23606099689715e-08	63.3975342530531	0.200000002467088
12.675	0.25	-2.76661937668115e-09	0.800000510142343	2.1341842360534e-08	63.373534237396	0.199999997786705
12.825	0.25	-1.06804838385718e-08	0.800000491118996	2.03821638058602e-08	63.3495342229758	0.199999991455613
12.975	0.25	-2.09672719891975e-08	0.800000472949378	1.94775311458685e-08	63.3255342099795	0.199999983226182
13.125	0.25	-3.39178753676208e-08	0.80000045560239	1.862435270144e-08	63.3015341986245	0.1999999728657
13.275	0.25	-4.97837454958291e-08	0.800000439053461	1.78192196933892e-08	63.2775341891556	0.199999960173004
13.425	0.25	-6.8751504040997e-08	0.800000423285213	1.70587125954834e-08	63.2535341818398	0.199999944998797
13.575	0.25	-9.09127105940821e-08	0.800000408286542	1.63403377619196e-08	63.2295341769588	0.199999927269832
13.725	0.25	-1.16228634736941e-07	0.800000394053336	1.5661074591807e-08	63.2055341747978	0.199999907017092
13.875	0.25	-1.44489972925594e-07	0.800000380587668	1.50185883100058e-08	63.1815341756315	0.199999884408022
14.025	0.25	-1.75271530931245e-07	0.800000367897833	1.44103753001553e-08	63.1575341797047	0.199999859782775
14.175	0.25	-2.07881936779949e-07	0.800000355997588	1.38345684059255e-08	63.1335341872098	0.199999833694451
14.325	0.25	-2.4130842581722e-07	0.800000344907604	1.32890494765701e-08	63.1095341982582	0.199999806953259
14.475	0.25	-2.74156605491599e-07	0.800000334653596	1.27719097306063e-08	63.0855342128465	0.199999780674716
14.625	0.25	-3.04584804458236e-07	0.80000032526822	1.22816024151834e-08	63.061534230817	0.199999756332156
14.775	0.25	-3.30232061029621e-07	0.800000316792543	1.18163048584175e-08	63.0375342518108	0.199999735814351
14.925	0.25	-3.48137907114434e-07	0.800000309277813	1.13748525910177e-08	63.0135342752141	0.199999721489674
15.075	0.25	-3.54650720151795e-07	0.800000302790088	1.09555886568468e-08	62.9895343000966	0.199999716279424
15.225	0.25	-3.45319368923672e-07	0.800000297416235	1.05573867636624e-08	62.9655343251396	0.199999723744505
15.375	0.25	-3.14759935041492e-07	0.800000293275052	1.01789946099422e-08	62.9415343485529	0.199999748192052
15.525	0.25	-2.56485141679688e-07	0.800000290528751	9.81929757799019e-09	62.9175343679771	0.199999794811887
15.675	0.25	-1.62678357549497e-07	0.800000289408337	9.47721186163371e-09	62.8935343803664	0.199999869857314
15.825	0.25	-2.38861277729364e-08	0.800000290238017	9.15187928475698e-09	62.8695343818468	0.199999980891098
15.975	0.25	1.71407604363993e-07	0.800000293479816	8.84236258641743e-09	62.8455343675382	0.200000137126083
16.125	0.25	4.37377042956254e-07	0.800000299789315	8.54772469167189e-09	62.8215343313278	0.200000349901634
16.275	0.25	7.91691062801351e-07	0.800000310093709	8.26725309339249e-09	62.7975342655744	0.20000063335285
16.425	0.25	1.25668854443351e-06	0.800000325698282	8.00019905029624e-09	62.7735341607174	0.200001005350836
16.575	0.25	1.86102617398889e-06	0.800000348433226	7.74585608431534e-09	62.7495340047482	0.200001488820939
16.725	0.25	2.64198045444806e-06	0.800000380848984	7.50362034923678e-09	62.7255337824942	0.200002113584364
16.875	0.25	3.64865010840489e-06	0.80000042648312	7.27279473661668e-09	62.7015334746368	0.200002918920087
17.025	0.25	4.94639125334148e-06	0.800000490217428	7.05281419514659e-09	62.677533056364	0.200003957113003
17.175	0.25	6.6229331272419e-06	0.800000578761094	6.84318101347415e-09	62.6535324955161	0.200005298346502
17.325	0.25	8.79677719168049e-06	0.800000701299053	6.64342161604683e-09	62.6295317500343	0.200007037421753
17.475	0.25	1.16286920009114e-05	0.800000870370518	6.45307404452378e-09	62.6055307644554	0.200009302953601
17.625	0.25	1.5337400913192e-05	0.800001103054062	6.27156805882204e-09	62.5815294651008	0.200012269920731
17.775	0.25	2.02209465053392e-05	0.800001422570548	6.09861386777058e-09	62.5575277534871	0.200016176757204
17.925	0.25	2.66857370451345e-05	0.80000186043847	5.93377494554878e-09	62.5335254973179	0.200021348589636
18.075	0.25	3.52859736744183e-05	0.800002459356057	5.77664467747635e-09	62.5095225181874	0.20002822877894
18.225	0.25	4.67770660260684e-05	0.80000327702542	5.62695254626165e-09	62.4855185748288	0.200037421652821
18.375	0.25	6.21878331035965e-05	0.800004391242538	5.48420186369478e-09	62.4615133403324	0.200049750266483
18.525	0.25	8.29178716982489e-05	0.800005906723095	5.34837273388678e-09	62.4375063712247	0.200066334297359
18.675	0.25	0.000110868671971308	0.800007964433832	5.21894077417948e-09	62.4134970655801	0.200088694937577
18.825	0.25	0.000148620220169309	0.800010754529374	5.09565363649901e-09	62.3894846063618	0.200118896176135
18.975	0.25	0.000199669408726073	0.800014534323254	4.97828588496734e-09	62.3654678848425	0.200159735526981
19.125	0.25	0.000268752982683377	0.800019652738527	4.86646349192709e-09	62.3414453970794	0.200215002386147
19.275	0.25	0.000362286077094475	0.800026582271921	4.75988021836111e-09	62.3174151038378	0.200289828861676
19.425	0.25	0.000488957199382527	0.800035958798205	4.65847563759446e-09	62.293374240905	0.200391165759506
19.575	0.25	0.000660531051274085	0.800048629463298	4.56177640654516e-09	62.2693190623079	0.200528424841019
19.725	0.25	0.000892922028676336	0.800065711198009	4.46946075930038e-09	62.2452444934662	0.200714337622941
19.875	0.25	0.00120761689099609	0.800088668816343	4.38104078551061e-09	62.2211436645245	0.200966093512797
20.025	0.25	0.00163355381486064	0.800119432082193	4.29620613480479e-09	62.1970072851955	0.201306843051889
20.175	0.25	0.0022096213987169	0.800160580576484	4.21423989410036e-09	62.1728228094434	0.201767697118974
20.325	0.25	0.00298803985851823	0.800215621927812	4.1344881058178e-09	62.148573317895	0.202390431886815
20.475	0.25	0.00403902900352653	0.800289356747706	4.0559241661124e-09	62.1242360138461	0.203231223202821
20.625	0.25	0.00545732288863594	0.800388250248674	3.97736931403001e-09	62.0997801824286	0.204365858310909
20.775	0.25	0.00737118297696885	0.800520622374038	3.89707694571469e-09	62.0751644043229	0.205896946381575
20.925	0.25	0.00995447616544864	0.800696362049704	3.81294873958876e-09	62.0503327569299	0.207963580932359
21.075	0.25	0.0134420103807822	0.800925830664192	3.72209148815196e-09	62.0252096995155	0.210753608304626
21.225	0.25	0.0181476155306388	0.801217708061063	3.62097370216843e-09	61.9996933542908	0.214518092424511
21.375	0.25	0.0244834909089625	0.801575770721969	3.50552126523477e-09	61.9736469912105	0.21958679272717
21.525	0.25	0.0329782596542264	0.801994930727143	3.37148116203256e-09	61.9468887185046	0.226382607723381
21.675	0.25	0.0442900680736384	0.802457229858438	3.21508016659094e-09	61.9191796800708	0.235432054458911
21.825	0.25	0.0592098267600221	0.80292883888017	3.03410597811606e-09	61.8902114722323	0.247367861408018
21.975	0.25	0.0786480102916728	0.803359449385015	2.82881662378404e-09	61.8595940431498	0.262918408233338
22.125	0.25	0.103596182926061	0.803685629933609	2.60284065967724e-09	61.8268460759309	0.282876946340849
22.275	0.25	0.135052293700906	0.803839372747555	2.36298734747942e-09	61.7913908021057	0.308041834960725
22.425	0.25	0.173898982871532	0.803761786758821	2.11859806720247e-09	61.7525612293124	0.339119186297225
22.575	0.25	0.220730572562534	0.803419736479778	1.87991220892358e-09	61.709619489175	0.376584458050027
22.725	0.25	0.275641512852692	0.802820831659514	1.65612643682973e-09	61.6617946134977	0.420513210282154
22.875	0.25	0.338017841078183	0.802020618285568	1.45423281262561e-09	61.6083404596142	0.470414272862547
23.025	0.25	0.406404707297892	0.801116489777098	1.27831462484092e-09	61.5486100297062	0.525123765838313
23.175	0.25	0.478534555930992	0.800226966629091	1.12955313386292e-09	61.4821348672181	0.582827644744793
23.325	0.25	0.551566070825467	0.79946200802889	1.00689450752404e-09	61.4086917102397	0.641252856660374
23.475	0.25	0.622501293078915	0.798895965718228	9.07680652543966e-10	61.3283376782861	0.698001034463132
23.625	0.25	0.688659244585111	0.798554444990902	8.28463955674995e-10	61.2414026470898	0.750927395668088
23.775	0.25	0.748051798767615	0.798418777791433	7.65674157156042e-10	61.1484407553833	0.798441439014092
23.925	0.25	0.799557771683687	0.798442602144546	7.15914168432563e-10	61.0501554557271	0.83964621734695
24.075	0.25	0.842886462820887	0.798570882234337	6.76202448370553e-10	60.9473179621855	0.87430917025671
24.225	0.25	0.878398150178327	0.798753993226688	6.44035567337749e-10	60.8406961020958	0.902718520142662
24.375	0.25	0.906872096045344	0.798954523419219	6.17480702457848e-10	60.7310029553684	0.925497676836275
24.525	0.25	0.929292194984582	0.799148226263179	5.95043129612516e-10	60.6188669354991	0.943433755987666
24.675	0.25	0.946685091880492	0.799321802064803	5.75612362424727e-10	60.50481993156	0.957348073504393
24.825	0.25	0.960016773204004	0.799469720977152	5.58361542896004e-10	60.389298179304	0.968013418563203
24.975	0.25	0.970138072222924	0.799591321148545	5.42738124795301e-10	60.2726507062678	0.976110457778339
25.125	0.25	0.977764768815686	0.799688624747163	5.28337751074787e-10	60.1551513441475	0.982211815052549
25.275	0.25	0.983479107189753	0.799764879150386	5.14851279577749e-10	60.0370116215908	0.986783285751803
25.425	0.25	0.987742791257894	0.799823667391106	5.02135059129861e-10	59.9183929595644	0.990194233006316
25.575	0.25	0.990914818181243	0.799868412847931	4.90015630202976e-10	59.799417386729	0.992731854544994
25.725	0.25	0.993270127220917	0.799902137293802	4.78401757289503e-10	59.6801765037008	0.994616101776734
25.875	0.25	0.995016875315158	0.799927373236668	4.67261972162807e-10	59.5607387230496	0.996013500252127
26.025	0.25	0.996311340526193	0.79994616505708	4.56493105952514e-10	59.4411549648113	0.997049072420954
26.175	0.25	0.997270176723413	0.799960116758763	4.46119192620822e-10	59.3214630484925	0.99781614137873
26.325	0.25	0.997980146563736	0.799970459651539	4.36054415843514e-10	59.201691029723	0.998384117250989
26.475	0.25	0.998505655338113	0.799978123691765	4.2632262168113e-10	59.0818597081367	0.99880452427049
26.625	0.25	0.99889447399385	0.799983803331273	4.16894271187491e-10	58.9619844989447	0.99911557919508
26.775	0.25	0.999182030443986	0.799988013581697	4.07757068946962e-10	58.8420768238331	0.999345624355189
26.925	0.25	0.999394601501784	0.799991135149866	3.98863089355618e-10	58.7221451426719	0.999515681201427
27.075	0.25	0.99955167755623	0.799993449334336	3.90249506137003e-10	58.6021957185117	0.999641342044984
27.225	0.25	0.999667712604333	0.799995164246421	3.81886251217651e-10	58.482233185076	0.999734170083467
27.375	0.25	0.999753420515989	0.799996434157864	3.73747332521809e-10	58.3622609680321	0.999802736412791
27.525	0.25	0.999816736804259	0.799997373646125	3.6586728984026e-10	58.2422815978785	0.999853389443407
27.675	0.25	0.9998635334027	0.799998067917161	3.58197541120509e-10	58.1222969423563	0.99989082672216
27.825	0.25	0.999898150475348	0.799998580366876	3.50735953231248e-10	58.0023083790267	0.999918520380278
27.975	0.25	0.999923792242194	0.799998958152224	3.43493789500821e-10	57.8823169233203	0.999939033793755
28.125	0.25	0.999942821493803	0.799999236323786	3.36455003606831e-10	57.7623233234515	0.999954257195042
28.275	0.25	0.99995697853879	0.799999440905096	3.29605940797866e-10	57.6423281306859	0.999965582831032
28.425	0.25	0.999967543786828	0.79999959119421	3.22953722597187e-10	57.5223317512947	0.999974035029463
28.575	0.25	0.999975458326331	0.799999701484241	3.16480087273873e-10	57.4023344849173	0.999980366661065
28.725	0.25	0.999981413238768	0.799999782349244	3.10183548108588e-10	57.282336552849	0.999985130591014
28.875	0.25	0.999985915676465	0.79999984160261	3.04049983972821e-10	57.1623381188697	0.999988732541172
29.025	0.25	0.999989337691207	0.799999885010521	2.98109455686313e-10	57.0423393045578	0.999991470152966
29.175	0.25	0.999991952270621	0.799999916822165	2.92309499267837e-10	56.9223402005296	0.999993561816497
29.325	0.25	0.999993959895189	0.799999940163522	2.86668762936242e-10	56.802340874675	0.999995167916151
29.475	0.25	0.999995508075356	0.799999957329417	2.81182343584102e-10	56.6823413781805	0.999996406460285
29.625	0.25	0.999996705694035	0.799999970000069	2.75848320680755e-10	56.5623417499257	0.999997364555228
29.775	0.25	0.999997633508891	0.799999979402177	2.70649418722557e-10	56.4423420196872	0.999998106807113
29.925	0.25	0.999998351819704	0.799999986428145	2.65595934013563e-10	56.3223422104713	0.999998681455763
30.075	0.25	0.999998906046681	0.799999991724679	2.60674095570859e-10	56.2023423402094	0.999999124837345
30.225	0.25	0.999999330773556	0.799999995758786	2.55894526710555e-10	56.0823424229929	0.999999464618845
30.375	0.25	0.999999652665856	0.799999998865764	2.51219027802894e-10	55.9623424699732	0.999999722132685
30.525	0.25	0.999999892568717	0.800000001286016	2.46683453035004e-10	55.8423424900213	0.999999914054974
30.675	0.25	1.00000006700897	0.800000003190977	2.42248460348991e-10	55.7223424902142	1.00000005360718
30.825	0.25	1.00000018926761	0.800000004702821	2.3794235599611e-10	55.6023424761983	1.00000015141409
30.975	0.25	1.00000027014428	0.800000005908838	2.33739962511098e-10	55.482342452464	1.00000021611542
31.125	0.25	1.00000031850321	0.800000006871617	2.2966653380397e-10	55.3623424225579	1.00000025480257
31.275	0.25	1.00000034166529	0.80000000763668	2.25689359210436e-10	55.2423423892498	1.00000027333223
31.425	0.25	1.00000034569286	0.800000008237732	2.21835424131229e-10	55.1223423546672	1.00000027655429
31.575	0.25	1.00000033560097	0.800000008700328	2.18044577454952e-10	55.0023423204055	1.00000026848077
31.725	0.25	1.00000031551824	0.800000009044851	2.14362298538694e-10	54.8823422876216	1.00000025241459
31.875	0.25	1.00000028881388	0.800000009287753	2.10795536663194e-10	54.7623422571125	1.00000023105111
32.025	0.25	1.00000025820187	0.800000009443209	2.07311461443424e-10	54.642342229383	1.0000002065615
32.175	0.25	1.0000002258296	0.800000009523578	2.03887193898023e-10	54.5223422047048	1.00000018066368
32.325	0.25	1.00000019335575	0.800000009539898	2.0058776624394e-10	54.4023421831667	1.0000001546846
32.475	0.25	1.0000001620202	0.800000009502389	1.97356492991357e-10	54.2823421647185	1.00000012961616
32.625	0.25	1.00000013270757	0.800000009420184	1.94216107701702e-10	54.1623421492081	1.00000010616606
32.775	0.25	1.00000010600539	0.800000009301702	1.91149336732133e-10	54.0423421364126	1.00000008480431
32.925	0.25	1.00000008225692	0.800000009154518	1.8816484178542e-10	53.9223421260645	1.00000006580553
33.075	0.25	1.00000006160919	0.800000008985468	1.85249723531784e-10	53.8023421178729	1.00000004928735
33.225	0.25	1.00000004405582	0.80000000880051	1.824255671752e-10	53.6823421115399	1.00000003524465
33.375	0.25	1.0000000294749	0.800000008604845	1.79665187794313e-10	53.562342106774	1.00000002357992
33.525	0.25	1.00000001766186	0.800000008402881	1.76971507457025e-10	53.4423421032992	1.00000001412949
33.675	0.25	1.00000000835742	0.800000008198249	1.74343202824324e-10	53.322342100862	1.00000000668593
33.825	0.25	1.00000000127084	0.800000007994001	1.71787576256148e-10	53.2023420992351	1.00000000101668
33.975	0.25	0.999999996098867	0.800000007792333	1.69287903638969e-10	53.0823420982198	0.999999996879094
34.125	0.25	0.999999992540479	0.80000000759505	1.66866840395445e-10	52.9623420976464	0.999999994032383
34.275	0.25	0.999999990308066	0.800000007403327	1.64505672883412e-10	52.8423420973735	0.999999992246453
34.425	0.25	0.999999989135408	0.800000007217961	1.62202668090341e-10	52.7223420972863	0.999999991308326
34.575	0.25	0.999999988782819	0.80000000703939	1.59958188659904e-10	52.6023420972941	0.999999991026255
34.725	0.25	0.999999989040071	0.800000006867588	1.57768167243849e-10	52.4823420973281	0.999999991232057
34.875	0.25	0.999999989727367	0.80000000670262	1.55640971272059e-10	52.3623420973381	0.999999991781893
35.025	0.25	0.999999990694894	0.800000006544054	1.53567417485462e-10	52.2423420972897	0.999999992555915
35.175	0.25	0.999999991821259	0.800000006391497	1.51537572267181e-10	52.1223420971615	0.999999993457007
35.325	0.25	0.999999993011136	0.800000006244471	1.4957092985034e-10	52.0023420969425	0.999999994408909
35.475	0.25	0.999999994192478	0.800000006102438	1.47651642618373e-10	51.88234209663	0.999999995353983
35.625	0.25	0.999999995313433	0.800000005964781	1.45789882149777e-10	51.7623420962268	0.999999996250747
35.775	0.25	0.999999996339182	0.800000005831096	1.43971941336557e-10	51.6423420957403	0.999999997071346
35.925	0.25	0.999999997248934	0.800000005700781	1.42193750500401e-10	51.5223420951803	0.999999997799147
36.075	0.25	0.999999998033021	0.800000005573338	1.40480044296037e-10	51.4023420945583	0.999999998426417
36.225	0.25	0.9999999986903	0.800000005448508	1.38798480327264e-10	51.282342093886	0.99999999895224
36.375	0.25	0.999999999225879	0.800000005325847	1.37170095993922e-10	51.1623420931752	0.999999999380704
36.525	0.25	0.999999999649179	0.800000005205058	1.35577543323919e-10	51.0423420924368	0.999999999719343
36.675	0.25	0.999999999972253	0.800000005085847	1.34032940433818e-10	50.922342091681	0.999999999977802
36.825	0.25	1.00000000020853	0.800000004968128	1.32531622596634e-10	50.8023420909164	1.00000000016682
36.975	0.25	1.00000000037187	0.800000004851682	1.31074050018646e-10	50.6823420901505	1.0000000002975
37.125	0.25	1.00000000047583	0.800000004736359	1.29646255710786e-10	50.5623420893895	1.00000000038066
37.275	0.25	1.00000000053307	0.800000004622064	1.28267111709451e-10	50.4423420886382	1.00000000042646
37.425	0.25	1.00000000055473	0.800000004508688	1.26918927638389e-10	50.3223420879005	1.00000000044378
37.575	0.25	1.00000000054962	0.800000004395962	1.25620068466005e-10	50.2023420871791	1.0000000004397
37.725	0.25	1.00000000052379	0.800000004284147	1.24353448511913e-10	50.0823420864761	1.00000000041903
37.875	0.25	1.00000000048135	0.800000004173738	1.23124321249948e-10	49.9623420857933	1.00000000038508
38.025	0.25	1.00000000042811	0.80000000406565	1.21935579823991e-10	49.8423420851316	1.00000000034249
38.175	0.25	1.00000000037798	0.800000003960691	1.20774743978398e-10	49.7223420844913	1.00000000030238
38.325	0.25	1.00000000035733	0.800000003857194	1.19644526807044e-10	49.6023420838708	1.00000000028586
38.475	0.25	1.00000000039542	0.800000003748903	1.18553268272689e-10	49.4823420832656	1.00000000031633
38.625	0.25	1.00000000048559	0.800000003625326	1.17502138069593e-10	49.3623420826702	1.00000000038847
38.775	0.25	1.00000000051925	0.800000003479838	1.16474145871339e-10	49.2423420820847	1.0000000004154
38.925	0.25	1.00000000024518	0.800000003330347	1.15478185865941e-10	49.1223420815265	1.00000000019614
39.075	0.25	0.99999999938147	0.80000000324305	1.14521214597445e-10	49.0023420810385	0.999999999505176
39.225	0.25	0.999999998029205	0.800000003326701	1.13585543466348e-10	48.8823420806723	0.999999998423364
39.375	0.25	0.999999997353007	0.800000003642736	1.12693610004521e-10	48.7623420804189	0.999999997882406
39.525	0.25	0.999999999964394	0.800000003997573	1.11821830587119e-10	48.6423420800877	0.999999999971515
39.675	0.25	1.00000000871235	0.800000003712465	1.10984325853204e-10	48.5223420792264	1.00000000696988
39.825	0.25	1.00000002244192	0.800000001704954	1.10173154704363e-10	48.4023420773012	1.00000001795354
39.975	0.25	1.00000002922788	0.79999999741119	1.09398149527025e-10	48.2823420744061	1.0000000233823
40.125	0.25	1.00000000285204	0.799999992816021	1.08645546543587e-10	48.162342072466	1.00000000228163
40.275	0.25	0.999999915207783	0.799999994596184	1.07922395682446e-10	48.0423420760136	0.999999932166227
40.425	0.25	0.999999778029929	0.800000013136911	1.0721981668493e-10	47.9223420903673	0.999999822423943
40.575	0.25	0.999999707803245	0.800000053543417	1.06546261936925e-10	47.8023421146908	0.999999766242596
40.725	0.25	0.999999957669701	0.800000096627098	1.05905382620172e-10	47.682342130406	0.99999996613576
40.875	0.25	1.00000079750002	0.800000079702722	1.05297746002743e-10	47.5623420938301	1.00000063800001
41.025	0.25	1.00000212211115	0.799999907056032	1.04706244218903e-10	47.4423419533751	1.00000169768892
41.175	0.25	1.00000285305063	0.799999532796557	1.04139434343271e-10	47.3223417142679	1.0000022824405
41.325	0.25	1.00000065177788	0.799999130416117	1.03595267747096e-10	47.2023415457507	1.0000005214223
41.475	0.25	0.999993004003727	0.79999925784523	1.03080558821775e-10	47.0823418500019	0.999994403202981
41.625	0.25	0.999980706782223	0.800000758325145	1.02588923890598e-10	46.9623431116272	0.999984565425778
41.775	0.25	0.999973138607123	0.800004042825876	1.02119574075985e-10	46.8423453268056	0.999978510885698
41.925	0.25	0.999990827662529	0.800007659617885	1.01675849852496e-10	46.7223470561929	0.999992662130024
42.075	0.25	1.00005637967722	0.800006938115326	1.01247856926543e-10	46.6023447900259	1.00004510374178
42.225	0.25	1.00016528900208	0.799994825867627	1.00832831937853e-10	46.4823341497664	1.00013223120167
42.375	0.25	1.00024184969421	0.799967675817158	1.00452079922233e-10	46.3623146069824	1.00019347975537
42.525	0.25	1.0001163364265	0.799936551972603	1.00113477272496e-10	46.2422974137561	1.0000930691412
42.675	0.25	0.999594227045075	0.799937862049061	9.98231636705128e-11	46.1223113065682	0.99967538163606
42.825	0.25	0.998683926437361	0.800027373721041	9.9562097151747e-11	46.0023939574974	0.998947141149888
42.975	0.25	0.997944673348938	0.800237007983921	9.9272024241877e-11	45.8825557892221	0.998355738679151
43.125	0.25	0.998684259095169	0.800490006503263	9.88476633212907e-11	45.7627175947301	0.998947407276135
43.275	0.25	1.00248296187685	0.800522976059834	9.81685212384325e-11	45.642661564258	1.00198636950148
43.425	0.25	1.00955927637378	0.799934826369376	9.7318999861256e-11	45.5220836615847	1.00764742109902
43.575	0.25	1.01623380753636	0.798479882283431	9.67023756882442e-11	45.4008458848065	1.01298704602909
43.725	0.25	1.01328677117031	0.79657339238613	9.70693110947516e-11	45.2794287284042	1.01062941693625
43.875	0.25	0.988680897906984	0.795833251065432	9.92997210757617e-11	45.1593337338782	0.990944718325587
44.025	0.25	0.938367896741943	0.799351007639968	1.03440749549237e-10	45.0428407013609	0.950694317393555
44.175	0.25	0.884673133524703	0.810192428942072	1.07039393166064e-10	44.9313521957084	0.907738506819762
44.325	0.25	0.889127901696119	0.824441953009285	1.03403815782366e-10	44.8222078416555	0.911302321356895
44.475	0.25	1.03257195160756	0.826489829093774	8.7671697276445e-11	44.7059574360279	1.02605756128605
44.625	0.25	1.3492443423217	0.808622132920426	6.71193636988088e-11	44.5678000001151	1.27939547385736
44.775	0.25	1.76408811861216	0.709537047420086	5.19791103459904e-11	44.3955931869521	1.61127049488973
44.925	0.25	2.11154506670628	0.834636814015607	4.43904502888085e-11	44.2248231672533	1.88923605336502
0.075	0.75	3.56579929562997e-16	0.397121360002359	-0.0119804824438497	65.3891975782862	0.2
0.225	0.75	1.10829968858621e-15	0.795514481141984	0.00341451667724775	65.3653702966861	0.200000000000001
0.375	0.75	2.55915122807702e-15	0.79751767133951	0.00237199541374897	65.3414667094177	0.200000000000002
0.525	0.75	4.62691521621003e-15	0.798666908309163	0.00166199096917601	65.3175192364057	0.200000000000004
0.675	0.75	7.15846992076536e-15	0.799320835196489	0.00117527952844327	65.2935466949192	0.200000000000006
0.825	0.75	9.94422979129848e-15	0.799688156723506	0.000839247431895015	65.2695599862939	0.200000000000008
0.975	0.75	1.27449930031139e-14	0.7998902928702	0.0006054514659698	65.2455654055158	0.20000000000001
1.125	0.75	1.53055771704196e-14	0.79999782006162	0.000441441920236029	65.2215665687217	0.200000000000012
1.275	0.75	1.73453332987241e-14	0.800051687758618	0.000325381915974905	65.1975655363121	0.200000000000014
1.425	0.75	1.85285866066294e-14	0.800075582125693	0.000242500782985565	65.1735634674562	0.200000000000015
1.575	0.75	1.84258163574281e-14	0.800083136056918	0.000182751049663503	65.1495610013845	0.200000000000015
1.725	0.75	1.64784250436256e-14	0.800082135841923	0.00013925624814934	65.1255584792927	0.200000000000013
1.875	0.75	1.19778988362916e-14	0.800076975894216	0.000107279222022091	65.101556073234	0.20000000000001
2.025	0.75	4.06658778530746e-15	0.800070090704463	8.35337983741037e-05	65.0775538607391	0.200000000000003
2.175	0.75	-8.23563723113172e-15	0.800062789314707	6.57236052590521e-05	65.0535518677918	0.199999999999993
2.325	0.75	-2.59759484036783e-14	0.800055740679242	5.22316292424211e-05	65.0295500933802	0.199999999999979
2.475	0.75	-5.01812691964692e-14	0.800049255038809	4.19101844355697e-05	65.005548523351	0.19999999999996
2.625	0.75	-8.17350836183049e-14	0.80004344621085	3.39380385692795e-05	64.9815471380779	0.199999999999935
2.775	0.75	-1.21213462313643e-13	0.80003832445203	2.77226534493931e-05	64.9575459165784	0.199999999999903
2.925	0.75	-1.6867545923739e-13	0.800033848949164	2.2832887409922e-05	64.9335448386108	0.199999999999865
3.075	0.75	-2.23404456029537e-13	0.800029956962583	1.89523657499609e-05	64.9095438856414	0.199999999999821
3.225	0.75	-2.8360010683348e-13	0.800026579509443	1.58469553345088e-05	64.8855430411931	0.199999999999773
3.375	0.75	-3.4602542179232e-13	0.800023649420024	1.33419223084857e-05	64.8615422908709	0.199999999999723
3.525	0.75	-4.05620309971301e-13	0.800021105087525	1.13057716423895e-05	64.837541622228	0.199999999999676
3.675	0.75	-4.55101673725605e-13	0.800018891878674	9.63873560842759e-06	64.8135410245657	0.199999999999636
3.825	0.75	-4.84580933643099e-13	0.800016962308904	8.26450909148401e-06	64.7895404887154	0.199999999999612
3.975	0.75	-4.81242630076049e-13	0.800015275603506	7.12427526712588e-06	64.7655400068273	0.199999999999615
4.125	0.75	-4.29142260043223e-13	0.800013797006429	6.17235229753794e-06	64.7415395721792	0.199999999999657
4.275	0.75	-3.09197325632552e-13	0.800012497007614	5.37299935329524e-06	64.717539179007	0.199999999999753
4.425	0.75	-9.9461890798434e-14	0.800011350600957	4.69805470401478e-06	64.6935388223588	0.19999999999992
4.575	0.75	2.24209381502696e-13	0.800010336604102	4.1251767573869e-06	64.6695384979709	0.200000000000179
4.725	0.75	6.86988359770334e-13	0.800009437059956	3.63652529973895e-06	64.6455382021625	0.20000000000055
4.875	0.75	1.31326340412169e-12	0.800008636726138	3.21776461472867e-06	64.6215379317472	0.200000000001051
5.025	0.75	2.12406190728337e-12	0.800007922639898	2.85730566373342e-06	64.5975376839587	0.200000000001699
5.175	0.75	3.1335834765282e-12	0.800007283748234	2.54572563966806e-06	64.5735374563884	0.200000000002507
5.325	0.75	4.34474402524083e-12	0.800006710607775	2.27532112454395e-06	64.5495372469332	0.200000000003476
5.475	0.75	5.74367113712468e-12	0.800006195125145	2.03976120471228e-06	64.5255370537511	0.200000000004595
5.625	0.75	7.29315329323049e-12	0.800005730346436	1.83381599649222e-06	64.5015368752246	0.200000000005835
5.775	0.75	8.92513403001515e-12	0.800005310280234	1.65314485389048e-06	64.4775367099289	0.20000000000714
5.925	0.75	1.05324605984713e-11	0.800004929748545	1.49412886158405e-06	64.4535365566061	0.200000000008426
6.075	0.75	1.19602480554053e-11	0.800004584263811	1.35373694277506e-06	64.429536414142	0.200000000009568
6.225	0.75	1.29974054150606e-11	0.800004269928665	1.2294195733212e-06	64.4055362815479	0.200000000010398
6.375	0.75	1.33690898386637e-11	0.800003983345146	1.11902462468075e-06	64.3815361579438	0.200000000010695
6.525	0.75	1.27311043848502e-11	0.800003721546849	1.0207272000313e-06	64.3575360425447	0.200000000010185
6.675	0.75	1.06675274002539e-11	0.800003481933926	9.32974926386184e-07	64.3335359346486	0.200000000008534
6.825	0.75	6.6931455781196e-12	0.800003262223519	8.54442235603189e-07	64.3095358336266	0.200000000005355
6.975	0.75	2.62541041188439e-13	0.800003060406841	7.83993502579901e-07	64.2855357389139	0.20000000000021
7.125	0.75	-9.21206747728249e-12	0.800002874710539	7.20652610143584e-07	64.2615356500021	0.19999999999263
7.275	0.75	-2.23319378354515e-11	0.800002703566914	6.63578051164248e-07	64.237535566433	0.199999999982134
7.425	0.75	-3.96694838255614e-11	0.800002545585286	6.12041825084877e-07	64.2135354877924	0.199999999968264
7.575	0.75	-6.17101736820619e-11	0.800002399531329	5.65412765171548e-07	64.1895354137055	0.199999999950632
7.725	0.75	-8.87765293032335e-11	0.800002264304728	5.23141679018446e-07	64.1655353438324	0.199999999928979
7.875	0.75	-1.2093257766656e-10	0.800002138924976	4.84749795963748e-07	64.1415352778643	0.199999999903254
8.025	0.75	-1.57867874010532e-10	0.800002022515104	4.49818391659064e-07	64.1175352155201	0.199999999873706
8.175	0.75	-1.98761339224054e-10	0.800001914289977	4.17980483037967e-07	64.0935351565436	0.199999999840991
8.325	0.75	-2.42126683797627e-10	0.80000181354414	3.88913861069395e-07	64.0695351007008	0.199999999806299
8.475	0.75	-2.85643170888703e-10	0.800001719645001	3.62334416498769e-07	64.0455350477775	0.199999999771485
8.625	0.75	-3.25977929422158e-10	0.800001632021308	3.37991593046435e-07	64.021534997577	0.199999999739218
8.775	0.75	-3.58608970637991e-10	0.800001550158127	3.15663652886083e-07	63.9975349499188	0.199999999713113
8.925	0.75	-3.77661464007016e-10	0.800001473590938	2.95154125986648e-07	63.9735349046364	0.199999999697871
9.075	0.75	-3.75773628995914e-10	0.800001401898262	2.76288535316257e-07	63.9495348615758	0.199999999699381
9.225	0.75	-3.44012689115065e-10	0.800001334698426	2.58911634571122e-07	63.9255348205946	0.19999999972479
9.375	0.75	-2.71865551147773e-10	0.800001271644585	2.42884737045714e-07	63.90153478156	0.199999999782508
9.525	0.75	-1.47332990838459e-10	0.800001212421727	2.28084349342765e-07	63.8775347443481	0.199999999882134
9.675	0.75	4.28401444966483e-11	0.800001156742246	2.14399754672514e-07	63.853534708843	0.200000000034272
9.825	0.75	3.1276322677028e-10	0.800001104344088	2.01731606091396e-07	63.8295346749354	0.200000000250211
9.975	0.75	6.76789341676809e-10	0.800001054987503	1.89991176319383e-07	63.8055346425223	0.200000000541431
10.125	0.75	1.14865856938632e-09	0.800001008453076	1.79098079479306e-07	63.7815346115062	0.200000000918927
10.275	0.75	1.74035972332533e-09	0.800000964539987	1.68980137907774e-07	63.7575345817945	0.200000001392288
10.425	0.75	2.46068010761564e-09	0.800000923063185	1.59572479578377e-07	63.7335345532996	0.200000001968544
10.575	0.75	3.31342113516586e-09	0.80000088385268	1.50816152731777e-07	63.7095345259383	0.200000002650737
10.725	0.75	4.295269897633e-09	0.80000084675196	1.42658014721942e-07	63.6855344996323	0.200000003436216
10.875	0.75	5.393333513385e-09	0.800000811616398	1.35049895887113e-07	63.6615344743085	0.200000004314667
11.025	0.75	6.58236471562813e-09	0.800000778313199	1.27947944294874e-07	63.6375344498998	0.200000005265892
11.175	0.75	7.82173394189139e-09	0.800000746718499	1.21312587327912e-07	63.6135344263459	0.200000006257387
11.325	0.75	9.05223520080537e-09	0.800000716718246	1.15107587981795e-07	63.5895344035949	0.200000007241788
11.475	0.75	1.01928500089815e-08	0.800000688207409	1.09300215014067e-07	63.5655343816048	0.20000000815428
11.625	0.75	1.11376351740685e-08	0.800000661088226	1.03860235559274e-07	63.5415343603454	0.200000008910108
11.775	0.75	1.17529452417947e-08	0.800000635270702	9.87603301481593e-08	63.517534339801	0.200000009402356
11.925	0.75	1.18752477057366e-08	0.80000061067237	9.39755690387825e-08	63.4935343199726	0.200000009500198
12.075	0.75	1.13098368455849e-08	0.800000587217283	8.94828904101878e-08	63.4695343008806	0.200000009047869
12.225	0.75	9.83079812775052e-09	0.800000564836269	8.52614431258675e-08	63.4455342825681	0.200000007864639
12.375	0.75	7.18261688730584e-09	0.800000543467123	8.12918015302766e-08	63.4215342651029	0.200000005746094
12.525	0.75	3.08385960384346e-09	0.800000523053867	7.75566248077928e-08	63.397534248581	0.200000002467088
12.675	0.75	-2.76661962419566e-09	0.800000503547316	7.40392802063378e-08	63.3735342331276	0.199999997786704
12.825	0.75	-1.0680483938491e-08	0.800000484904722	7.07250967114571e-08	63.3495342188993	0.199999991455613
12.975	0.75	-2.09672718979594e-08	0.800000467090252	6.76003244919129e-08	63.325534206084	0.199999983226183
13.125	0.75	-3.39178750385706e-08	0.800000450074361	6.46522257174968e-08	63.3015341948996	0.1999999728657
13.275	0.75	-4.97837448802955e-08	0.800000433834829	6.18689630218274e-08	63.2775341855918	0.199999960173004
13.425	0.75	-6.87515030897153e-08	0.80000041835575	5.92400879539057e-08	63.253534178428	0.199999944998798
13.575	0.75	-9.09127092589077e-08	0.800000403627323	5.67553004477436e-08	63.2295341736907	0.199999927269833
13.725	0.75	-1.16228632972979e-07	0.800000389647279	5.44057095171133e-08	63.2055341716656	0.199999907017094
13.875	0.75	-1.44489970693579e-07	0.800000376418908	5.21823921080515e-08	63.1815341726278	0.199999884408023
14.025	0.75	-1.75271528200435e-07	0.800000363951122	5.00778059904371e-08	63.1575341768226	0.199999859782777
14.175	0.75	-2.07881933531137e-07	0.800000352259805	4.80843671143679e-08	63.1335341844429	0.199999833694453
14.325	0.75	-2.41308422046329e-07	0.800000341365457	4.61954953791476e-08	63.1095341956004	0.199999806953262
14.475	0.75	-2.74156601213326e-07	0.800000331295293	4.44045899961447e-08	63.0855342102922	0.199999780674719
14.625	0.75	-3.04584799710245e-07	0.800000322082906	4.27059615947431e-08	63.0615342283607	0.19999975633216
14.775	0.75	-3.30232055876729e-07	0.800000313770052	4.10942015305064e-08	63.0375342494475	0.199999735814355
14.925	0.75	-3.48137901653414e-07	0.800000306408576	3.95641584082767e-08	63.0135342729391	0.199999721489679
15.075	0.75	-3.54650714516077e-07	0.800000300065218	3.81110176975198e-08	62.9895342979055	0.199999716279428
15.225	0.75	-3.45319363288774e-07	0.800000294827649	3.6730528808485e-08	62.9655343230282	0.199999723744509
15.375	0.75	-3.14759929630697e-07	0.800000290814593	3.54184697317326e-08	62.9415343465172	0.199999748192056
15.525	0.75	-2.56485136770621e-07	0.800000288189718	3.41710810184781e-08	62.9175343660132	0.199999794811891
15.675	0.75	-1.62678353481558e-07	0.800000287183803	3.29848575648747e-08	62.8935343784709	0.199999869857317
15.825	0.75	-2.38861249564302e-08	0.800000288121734	3.18561870643973e-08	62.8695343800164	0.1999999808911
15.975	0.75	1.71407605436467e-07	0.800000291466089	3.07821694154739e-08	62.8455343657698	0.200000137126084
16.125	0.75	4.37377041695219e-07	0.800000297872566	2.97599163717254e-08	62.8215343296182	0.200000349901633
16.275	0.75	7.91691058500769e-07	0.800000308268576	2.87865091863717e-08	62.797534263921	0.200000633352847
16.425	0.75	1.25668853624471e-06	0.800000323960377	2.78595409202141e-08	62.7735341591173	0.200001005350829
16.575	0.75	1.86102616088433e-06	0.80000034677812	2.69765442908222e-08	62.7495340031991	0.200001488820929
16.725	0.75	2.64198043517255e-06	0.800000379272346	2.61353418636626e-08	62.7255337809935	0.200002113584348
16.875	0.75	3.64865008140752e-06	0.800000424980836	2.53337082347322e-08	62.7015334731822	0.200002918920065
17.025	0.75	4.94639121668339e-06	0.800000488785885	2.45698076789158e-08	62.6775330549534	0.200003957112973
17.175	0.75	6.62293307846886e-06	0.800000577396846	2.38417130786603e-08	62.6535324941474	0.200005298346463
17.325	0.75	8.79677712765053e-06	0.80000069999918	2.31477066712445e-08	62.6295317487056	0.200007037421702
17.475	0.75	1.16286919175583e-05	0.800000869131832	2.24861488595955e-08	62.6055307631647	0.200009302953534
17.625	0.75	1.53374008052069e-05	0.800001101873601	2.18555387760947e-08	62.5815294638464	0.200012269920644
17.775	0.75	2.02209463657353e-05	0.80000142144587	2.12544036547522e-08	62.5575277522673	0.200016176757093
17.925	0.75	2.6685736864666e-05	0.800001859367204	2.06812642682261e-08	62.533525496131	0.200021348589492
18.075	0.75	3.52859734407916e-05	0.800002458335395	2.01351232344329e-08	62.5095225170319	0.200028228778753
18.225	0.75	4.6777065722871e-05	0.800003276053938	1.96144289913055e-08	62.4855185737032	0.200037421652578
18.375	0.75	6.21878327088836e-05	0.800004390317933	1.91183100368076e-08	62.4615133392353	0.200049750266167
18.525	0.75	8.29178711826159e-05	0.800005905843787	1.86453966105411e-08	62.4375063701547	0.200066334296946
18.675	0.75	0.000110868671295313	0.800007963598122	1.81947100928556e-08	62.4134970645358	0.200088694937036
18.825	0.75	0.000148620219280023	0.80001075373595	1.77653475643032e-08	62.389484605342	0.200118896175424
18.975	0.75	0.000199669407552424	0.800014533570815	1.73561722278346e-08	62.365467883846	0.200159735526042
19.125	0.75	0.000268752981129902	0.800019652026244	1.69662039746359e-08	62.3414453961051	0.200215002384904
19.275	0.75	0.000362286075032983	0.800026581599358	1.6594419197716e-08	62.3174151028845	0.200289828860026
19.425	0.75	0.000488957196640873	0.800035958164916	1.62395768411596e-08	62.2933742399714	0.200391165757313
19.575	0.75	0.000660531047621043	0.800048628869005	1.59006496098665e-08	62.2693190613931	0.200528424838097
19.725	0.75	0.000892922023801265	0.800065710643711	1.55761302668665e-08	62.2452444925691	0.200714337619041
19.875	0.75	0.00120761688448145	0.800088668302433	1.52646354062543e-08	62.2211436636441	0.200966093507585
20.025	0.75	0.00163355380614496	0.800119431610787	1.49641987351261e-08	62.1970072843306	0.201306843044916
20.175	0.75	0.00220962138704417	0.800160580149619	1.46725893012139e-08	62.1728228085931	0.201767697109635
20.325	0.75	0.00298803984286984	0.800215621548889	1.43869699865296e-08	62.1485733170582	0.202390431874296
20.475	0.75	0.0040390289825319	0.800289356421159	1.41037882672557e-08	62.1242360130218	0.203231223186026
20.625	0.75	0.00545732286045516	0.800388249979988	1.38185392329314e-08	62.0997801816157	0.204365858288364
20.775	0.75	0.00737118293915011	0.800520622169839	1.35253955024801e-08	62.0751644035205	0.20589694635132
20.925	0.75	0.00995447611476646	0.800696361918167	1.3216772610458e-08	62.0503327561369	0.207963580891813
21.075	0.75	0.0134420103130725	0.800925830613979	1.28833062739962e-08	62.025209698731	0.210753608250458
21.225	0.75	0.0181476154406618	0.80121770810186	1.2513749010732e-08	61.999693353514	0.214518092352529
21.375	0.75	0.0244834907903336	0.801575770863089	1.20953424233861e-08	61.9736469904407	0.219586792632267
21.525	0.75	0.0329782594994594	0.801994930976761	1.16153001475953e-08	61.9468887177414	0.226382607599568
21.675	0.75	0.044290067874333	0.802457230221889	1.10628190854931e-08	61.9191796793138	0.235432054299466
21.825	0.75	0.0592098265072131	0.802928839359022	1.04321119154551e-08	61.8902114714818	0.24736786120577
21.975	0.75	0.078648009976325	0.803359449975119	9.72576266133636e-09	61.859594042406	0.26291840798106
22.125	0.75	0.103596182539708	0.803685630624934	8.95623844814508e-09	61.8268460751946	0.282876946031766
22.275	0.75	0.135052293236361	0.803839373524734	8.14642399079382e-09	61.7913908013778	0.308041834589089
22.425	0.75	0.173898982323741	0.803761787601394	7.32610182138352e-09	61.7525612285939	0.339119185858993
22.575	0.75	0.220730571929489	0.803419737365038	6.52758208154072e-09	61.709619488467	0.376584457543592
22.725	0.75	0.275641512136333	0.802820832564414	5.77998727991546e-09	61.6617946128013	0.420513209709066
22.875	0.75	0.338017840285049	0.802020619189187	5.10493163561848e-09	61.6083404589301	0.470414272228039
23.025	0.75	0.406404706439256	0.801116490661633	4.51483010500721e-09	61.548610029035	0.525123765151405
23.175	0.75	0.478534555022067	0.800226967481033	4.01297181018731e-09	61.4821348665598	0.582827644017653
23.325	0.75	0.551566069883703	0.799462008839305	3.59551490541409e-09	61.408691709594	0.641252855906963
23.475	0.75	0.622501292121671	0.798895966482219	3.25395319575546e-09	61.3283376776526	0.698001033697337
23.625	0.75	0.688659243627447	0.798554445707021	2.97746658703849e-09	61.2414026464677	0.750927394901957
23.775	0.75	0.748051797820928	0.798418778461131	2.75469364839825e-09	61.1484407547719	0.798441438256743
23.925	0.75	0.799557770755352	0.798442602770812	2.57503159896737e-09	61.0501554551259	0.839646216604281
24.075	0.75	0.842886461914802	0.798570882821122	2.42916434486674e-09	60.9473179615943	0.874309169531841
24.225	0.75	0.878398149295863	0.798753993778556	2.30931009191344e-09	60.8406961015144	0.902718519436691
24.375	0.75	0.906872095186319	0.798954523940477	2.20930798706154e-09	60.7310029547969	0.925497676149055
24.525	0.75	0.929292194148054	0.799148226757873	2.12427848826694e-09	60.6188669349377	0.943433755318443
24.675	0.75	0.946685091065308	0.799321802536583	2.05055648930237e-09	60.504819931009	0.957348072852246
24.825	0.75	0.96001677240903	0.7994697214291	1.98539051757758e-09	60.3892981787636	0.968013417927224
24.975	0.75	0.970138071447205	0.799591321583269	1.92672429688885e-09	60.272650705738	0.976110457157764
25.125	0.75	0.977764768058411	0.799688625166693	1.87307030674131e-09	60.1551513436285	0.982211814446729
25.275	0.75	0.983479106450268	0.79976487955644	1.82333069904525e-09	60.0370116210828	0.986783285160215
25.425	0.75	0.987742790535631	0.799823667785109	1.77670236462433e-09	59.9183929590672	0.990194232428505
25.575	0.75	0.990914817475704	0.799868413230941	1.73261342659427e-09	59.7994173862426	0.992731853980563
25.725	0.75	0.993270126531641	0.799902137666695	1.69068008587476e-09	59.680176503225	0.994616101225313
25.875	0.75	0.995016874641706	0.79992737360016	1.65055207958739e-09	59.5607387225842	0.996013499713365
26.025	0.75	0.996311339868143	0.799946165411738	1.61204188444107e-09	59.4411549643562	0.997049071894515
26.175	0.75	0.997270176080335	0.799960117105097	1.57492909647382e-09	59.3214630480474	0.997816140864268
26.325	0.75	0.997980145935226	0.799970459989899	1.53914757364849e-09	59.2016910292876	0.99838411674818
26.475	0.75	0.998505654723778	0.799978124022577	1.50453147443514e-09	59.0818597077109	0.998804523779022
26.625	0.75	0.998894473393276	0.799983803654773	1.47104135867551e-09	58.9619844985282	0.999115578714621
26.775	0.75	0.999182029856801	0.799988013898165	1.43856677005472e-09	58.8420768234256	0.999345623885441
26.925	0.75	0.999394600927601	0.799991135459619	1.40711992877885e-09	58.7221451422732	0.99951568074208
27.075	0.75	0.999551676994686	0.799993449637527	1.3766050446101e-09	58.6021957181216	0.999641341595749
27.225	0.75	0.999667712055065	0.799995164543231	1.34699091373737e-09	58.4822331846942	0.999734169644052
27.375	0.75	0.999753419978667	0.799996434448596	1.31823948116159e-09	58.3622609676585	0.999802735982933
27.525	0.75	0.999816736278549	0.799997373930863	1.29030074338049e-09	58.2422815975127	0.999853389022839
27.675	0.75	0.999863532888274	0.799998068196114	1.26317503482837e-09	58.1222969419982	0.999890826310619
27.825	0.75	0.999898149971892	0.799998580640148	1.23683821483869e-09	58.002308378676	0.999918519977514
27.975	0.75	0.999923791749407	0.799998958420033	1.21121920233516e-09	57.8823169229768	0.999939033399526
28.125	0.75	0.99994282101138	0.799999236586267	1.18631778029652e-09	57.7623233231151	0.999954256809104
28.275	0.75	0.999956978066459	0.799999441162456	1.16212450437042e-09	57.6423281303563	0.999965582453167
28.425	0.75	0.999967543324307	0.799999591446471	1.13860749739038e-09	57.5223317509718	0.999974034659445
28.575	0.75	0.99997545787335	0.799999701731621	1.1157319257892e-09	57.4023344846009	0.99998036629868
28.725	0.75	0.999981412795063	0.799999782591849	1.09348830829021e-09	57.2823365525388	0.999985130236051
28.875	0.75	0.999985915241799	0.799999841840542	1.07186211746293e-09	57.1623381185657	0.999988732193439
29.025	0.75	0.999989337265331	0.79999988524391	1.05080907743254e-09	57.0423393042597	0.999991469812265
29.175	0.75	0.999991951853296	0.799999917051144	1.03034325365874e-09	56.9223402002373	0.999993561482637
29.325	0.75	0.999993959486186	0.799999940388222	1.01043273053578e-09	56.8023408743884	0.999995167588948
29.475	0.75	0.999995507674458	0.799999957549926	9.91050819148974e-10	56.6823413778994	0.999996406139566
29.625	0.75	0.999996705301022	0.799999970216483	9.7218328556181e-10	56.5623417496498	0.999997364240818
29.775	0.75	0.999997633123554	0.799999979614626	9.53843885416343e-10	56.4423420194166	0.999998106498843
29.925	0.75	0.999998351441849	0.799999986636691	9.35955007273244e-10	56.3223422102057	0.999998681153479
30.075	0.75	0.999998905676118	0.799999991929498	9.18592618477966e-10	56.2023423399487	0.999999124540894
30.225	0.75	0.999999330410082	0.799999995959882	9.01654454826149e-10	56.082342422737	0.999999464328065
30.375	0.75	0.999999652309287	0.799999999063283	8.8519035576063e-10	55.962342469722	0.99999972184743
30.525	0.75	0.999999892218881	0.800000001480033	8.69128995188731e-10	55.8423424897746	0.999999913775105
30.675	0.75	1.0000000666657	0.800000003381548	8.53518608116194e-10	55.722342489972	1.00000005333256
30.825	0.75	1.00000018893073	0.800000004890108	8.38309567439183e-10	55.6023424759603	1.00000015114458
30.975	0.75	1.00000026981362	0.800000006092854	8.23486740161185e-10	55.4823424522302	1.0000002158509
31.125	0.75	1.00000031817864	0.800000007052493	8.09059416927506e-10	55.3623424223282	1.00000025454291
31.275	0.75	1.00000034134661	0.800000007814466	7.95017051709233e-10	55.2423423890242	1.00000027307729
31.425	0.75	1.00000034537994	0.800000008412496	7.81326650698404e-10	55.1223423544453	1.00000027630395
31.575	0.75	1.00000033529367	0.800000008872167	7.6798586974468e-10	55.0023423201874	1.00000026823494
31.725	0.75	1.00000031521643	0.80000000921379	7.55004169075534e-10	54.8823422874073	1.00000025217314
31.875	0.75	1.00000028851741	0.800000009453958	7.42357276631722e-10	54.7623422569017	1.00000023081393
32.025	0.75	1.00000025791061	0.800000009606654	7.30022427412291e-10	54.6423422291757	1.00000020632849
32.175	0.75	1.00000022554342	0.800000009684317	7.18016022443039e-10	54.5223422045009	1.00000018043474
32.325	0.75	1.00000019307451	0.800000009698123	7.06323075336578e-10	54.4023421829661	1.00000015445961
32.475	0.75	1.00000016174379	0.800000009658046	6.94918321108796e-10	54.2823421645211	1.00000012939503
32.625	0.75	1.00000013243587	0.800000009573386	6.83813132872339e-10	54.1623421490138	1.0000001059487
32.775	0.75	1.00000010573828	0.800000009452479	6.72981354124157e-10	54.0423421362214	1.00000008459062
32.925	0.75	1.00000008199429	0.800000009302956	6.62450781036921e-10	53.9223421258763	1.00000006559543
33.075	0.75	1.00000006135092	0.800000009131615	6.52166574210525e-10	53.8023421176876	1.00000004908074
33.225	0.75	1.00000004380181	0.800000008944421	6.42138738206623e-10	53.6823421113575	1.00000003504145
33.375	0.75	1.00000002922505	0.800000008746561	6.32387618402418e-10	53.5623421065943	1.00000002338004
33.525	0.75	1.00000001741608	0.800000008542447	6.22877121993945e-10	53.4423421031223	1.00000001393286
33.675	0.75	1.00000000811559	0.800000008335763	6.1362672891522e-10	53.3223421006877	1.00000000649247
33.825	0.75	1.00000000103287	0.800000008129466	6.04588793346081e-10	53.2023420990633	1.0000000008263
33.975	0.75	0.999999995864664	0.800000007925852	5.95794877698594e-10	53.0823420980505	0.999999996691731
34.125	0.75	0.999999992309952	0.800000007726616	5.87224074053651e-10	52.9623420974795	0.999999993847961
34.275	0.75	0.999999990081125	0.800000007533018	5.7886602968564e-10	52.842342097209	0.9999999920649
34.425	0.75	0.999999988911954	0.800000007345803	5.70734001125751e-10	52.722342097124	0.999999991129563
34.575	0.75	0.999999988562783	0.800000007165436	5.62795673533568e-10	52.6023420971341	0.999999990850226
34.725	0.75	0.999999988823373	0.800000006991885	5.55072026247947e-10	52.4823420971704	0.999999991058699
34.875	0.75	0.999999989513921	0.800000006825199	5.47550979166083e-10	52.3623420971825	0.999999991611137
35.025	0.75	0.999999990484624	0.80000000666501	5.40221189894311e-10	52.2423420971361	0.999999992387699
35.175	0.75	0.999999991614079	0.800000006510783	5.33079063968636e-10	52.1223420970099	0.999999993291263
35.325	0.75	0.999999992806977	0.800000006362147	5.26130279946782e-10	52.0023420967929	0.999999994245582
35.475	0.75	0.999999993991271	0.8000000062186	5.19348383876295e-10	51.8823420964823	0.999999995193017
35.625	0.75	0.999999995115104	0.800000006079454	5.12745717573819e-10	51.762342096081	0.999999996092083
35.775	0.75	0.999999996143659	0.80000000594426	5.06328837608383e-10	51.6423420955963	0.999999996914927
35.925	0.75	0.999999997056148	0.800000005812489	5.00077646902642e-10	51.5223420950381	0.999999997644918
36.075	0.75	0.999999997842906	0.800000005683714	4.93981663829247e-10	51.4023420944178	0.999999998274325
36.225	0.75	0.999999998502793	0.800000005557513	4.88055705028949e-10	51.2823420937472	0.999999998802235
36.375	0.75	0.99999999904093	0.800000005433472	4.82290307700431e-10	51.162342093038	0.999999999232744
36.525	0.75	0.999999999466713	0.800000005311374	4.7667701057994e-10	51.0423420923013	0.999999999573371
36.675	0.75	0.999999999792198	0.800000005190913	4.71213605079806e-10	50.922342091547	0.999999999833758
36.825	0.75	1.00000000003084	0.800000005071967	4.65897301307758e-10	50.8023420907839	1.00000000002467
36.975	0.75	1.00000000019648	0.800000004954294	4.60726393095603e-10	50.6823420900194	1.00000000015718
37.125	0.75	1.00000000030269	0.800000004837837	4.55701775787072e-10	50.5623420892598	1.00000000024215
37.275	0.75	1.00000000036213	0.800000004722407	4.50817129126576e-10	50.4423420885099	1.0000000002897
37.425	0.75	1.00000000038592	0.80000000460786	4.46077692061681e-10	50.3223420877736	1.00000000030874
37.575	0.75	1.0000000003829	0.800000004494127	4.41449331581161e-10	50.2023420870535	1.00000000030632
37.725	0.75	1.0000000003591	0.800000004381231	4.36976058965841e-10	50.0823420863518	1.00000000028728
37.875	0.75	1.00000000031864	0.800000004269767	4.32620062594896e-10	49.9623420856701	1.00000000025491
38.025	0.75	1.00000000026733	0.800000004160727	4.28385370323619e-10	49.8423420850097	1.00000000021387
38.175	0.75	1.00000000021907	0.80000000405475	4.24283081864185e-10	49.7223420843706	1.00000000017526
38.325	0.75	1.00000000020027	0.800000003950315	4.20310502955739e-10	49.6023420837511	1.00000000016022
38.475	0.75	1.00000000024015	0.800000003841136	4.16449010071461e-10	49.482342083147	1.00000000019212
38.625	0.75	1.00000000033205	0.800000003716643	4.12705138748063e-10	49.3623420825527	1.00000000026564
38.775	0.75	1.00000000036739	0.800000003570302	4.09074898302042e-10	49.2423420819682	1.00000000029391
38.925	0.75	1.00000000009498	0.80000000341996	4.05566787991054e-10	49.122342081411	1.00000000007598
39.075	0.75	0.999999999232879	0.800000003331837	4.0215314933576e-10	49.002342080924	0.999999999386304
39.225	0.75	0.999999997882188	0.800000003414724	3.98872382171882e-10	48.8823420805587	0.999999998305751
39.375	0.75	0.999999997207511	0.800000003729948	3.95689182355181e-10	48.7623420803062	0.999999997766009
39.525	0.75	0.99999999982038	0.80000000408405	3.92614246203458e-10	48.6423420799759	0.999999999856304
39.675	0.75	1.00000000856978	0.800000003798226	3.89637506777904e-10	48.5223420791154	1.00000000685582
39.825	0.75	1.00000002230075	0.800000001789981	3.86770102712555e-10	48.402342077191	1.0000000178406
39.975	0.75	1.00000002908806	0.799999997495589	3.83996922530363e-10	48.2823420742967	1.00000002327045
40.125	0.75	1.00000000271355	0.799999992899757	3.81326687057856e-10	48.1623420723574	1.00000000217084
40.275	0.75	0.999999915070576	0.79999999467923	3.78747084366094e-10	48.0423420759057	0.999999932056461
40.425	0.75	0.999999777893963	0.800000013219347	3.76295563170956e-10	47.9223420902601	0.99999982231517
40.575	0.75	0.999999707668495	0.800000053625307	3.73913964213457e-10	47.8023421145842	0.999999766134796
40.725	0.75	0.999999957536111	0.800000096708426	3.71626001928039e-10	47.6823421303001	0.999999966028889
40.875	0.75	1.00000079736757	0.800000079783463	3.69434731262782e-10	47.5623420937248	1.00000063789405
41.025	0.75	1.00000212197981	0.799999907136202	3.67334722185246e-10	47.4423419532704	1.00000169758385
41.175	0.75	1.00000285292036	0.79999953287625	3.65331333982373e-10	47.3223417141638	1.00000228233629
41.325	0.75	1.00000065164864	0.799999130495328	3.63402393913574e-10	47.2023415456472	1.00000052131891
41.475	0.75	0.999993003875488	0.799999257923939	3.61576418078169e-10	47.0823418498988	0.999994403100391
41.625	0.75	0.999980706654958	0.800000758403383	3.59814407552642e-10	46.9623431115246	0.999984565323966
41.775	0.75	0.999973138480778	0.80000404290369	3.58148257638549e-10	46.8423453267035	0.999978510784622
41.925	0.75	0.999990827537088	0.800007659695265	3.5655655774879e-10	46.7223470560912	0.999992662029671
42.075	0.75	1.00005637955265	0.800006938192306	3.55024133389069e-10	46.6023447899246	1.00004510364212
42.225	0.75	1.00016528887838	0.799994825944163	3.53571416967584e-10	46.4823341496655	1.0001322311027
42.375	0.75	1.00024184957136	0.799967675893363	3.52200621853442e-10	46.362314606882	1.00019347965709
42.525	0.75	1.00011633630448	0.799936552048386	3.50966052805901e-10	46.242297413656	1.00009306904358
42.675	0.75	0.999594226923783	0.799937862124534	3.49905941973777e-10	46.1223113064685	0.999675381539026
42.825	0.75	0.998683926316604	0.800027373796153	3.49027007560106e-10	46.0023939573979	0.998947141053283
42.975	0.75	0.997944673228516	0.800237008058711	3.48096899353312e-10	45.882555789123	0.998355738582813
43.125	0.75	0.998684258975024	0.800490006577801	3.46759759172969e-10	45.7627175946314	0.998947407180019
43.275	0.75	1.00248296175741	0.800522976133934	3.44601946285951e-10	45.6426615641597	1.00198636940593
43.425	0.75	1.00955927625605	0.799934826442788	3.41666997457423e-10	45.5220836614866	1.00764742100484
43.575	0.75	1.01623380742165	0.798479882355925	3.39127042142447e-10	45.4008458847085	1.01298704593732
43.725	0.75	1.01328677105909	0.796573392457735	3.39587685382288e-10	45.2794287283061	1.01062941684727
43.875	0.75	0.988680897797222	0.795833251136716	3.46196266423904e-10	45.1593337337798	0.990944718237777
44.025	0.75	0.93836789662788	0.799351007712305	3.60329793294821e-10	45.0428407012625	0.950694317302304
44.175	0.75	0.884673133398057	0.810192429017445	3.75284644761687e-10	44.9313521956112	0.907738506718445
44.325	0.75	0.889127901551768	0.824441953087405	3.69266593516594e-10	44.8222078415612	0.911302321241415
44.475	0.75	1.03257195145236	0.82648982916661	3.22007844385745e-10	44.705957435938	1.02605756116189
44.625	0.75	1.34924434217698	0.808622132977417	2.53480071359712e-10	44.5678000000293	1.27939547374158
44.775	0.75	1.76408811849667	0.709537047456641	1.99016033661602e-10	44.3955931868684	1.61127049479734
44.925	0.75	2.11154506661575	0.834636814047786	1.69513448546769e-10	44.2248231671695	1.8892360532926
0.075	1.25	3.50769623597028e-16	0.399721907791646	-0.00145804175869169	65.3894360798648	0.2
0.225	1.25	1.10274641221698e-15	0.799379338356808	-0.000609763021173161	65.3654527653973	0.200000000000001
0.375	1.25	2.55472732627679e-15	0.799340979762256	-0.000153163566939679	65.3414733195634	0.200000000000002
0.525	1.25	4.62406341103621e-15	0.799424104508872	7.92775634351099e-05	65.3174923066115	0.200000000000004
0.675	1.25	7.15702095339197e-15	0.799541847973645	0.000185758427009583	65.2935078732929	0.200000000000006
0.825	1.25	9.94361785884319e-15	0.799656139843836	0.000223390543010083	65.2695197957331	0.200000000000008
0.975	1.25	1.27445471735828e-14	0.799752888986172	0.000225024059483841	65.2455285049022	0.20000000000001
1.125	1.25	1.53047270486615e-14	0.799829145786127	0.000209256017992665	65.221534622394	0.200000000000012
1.275	1.25	1.73436935745361e-14	0.799886637692819	0.000186369144100218	65.197538756155	0.200000000000014
1.425	1.25	1.8525952269341e-14	0.799928644211858	0.000161843931634887	65.1735414241324	0.200000000000015
1.575	1.25	1.84221183354139e-14	0.799958584873914	0.000138425922908839	65.1495430375023	0.200000000000015
1.725	1.25	1.64736831573524e-14	0.799979459084132	0.000117334724825307	65.12554390904	0.200000000000013
1.875	1.25	1.19721900106939e-14	0.799993689823563	9.89647725510559e-05	65.1015442699572	0.20000000000001
2.025	1.25	4.06003027877049e-15	0.800003143563043	8.32864155514582e-05	65.0775442876506	0.200000000000003
2.175	1.25	-8.24288904312388e-15	0.80000921484759	7.00713393933879e-05	65.0535440813434	0.199999999999993
2.325	1.25	-2.59837068183041e-14	0.800012923891802	5.90158668080094e-05	65.0295437347597	0.199999999999979
2.475	1.25	-5.01893172163697e-14	0.800015005647786	4.9805561025718e-05	65.00554330591	0.19999999999996
2.625	1.25	-8.17431828727881e-14	0.800015983283344	4.21466356167534e-05	64.9815428344209	0.199999999999935
2.775	1.25	-1.21221362809112e-13	0.800016225546966	3.57790426467931e-05	64.957542346913	0.199999999999903
2.925	1.25	-1.68682910700814e-13	0.800015990054175	3.04798135895494e-05	64.9335418608881	0.199999999999865
3.075	1.25	-2.23411217622154e-13	0.800015455215618	2.60615272545035e-05	64.9095413875097	0.199999999999821
3.225	1.25	-2.83605956110876e-13	0.800014743419872	2.23686198023987e-05	64.8855409335752	0.199999999999773
3.375	1.25	-3.46030160577804e-13	0.800013937689103	1.92729928401126e-05	64.8615405029046	0.199999999999723
3.525	1.25	-4.05623769680683e-13	0.800013093530555	1.66696706057068e-05	64.8375400973139	0.199999999999676
3.675	1.25	-4.55103718070138e-13	0.800012247336959	1.44728461653341e-05	64.8135397172928	0.199999999999636
3.825	1.25	-4.8458146207479e-13	0.800011422291495	1.26124495532243e-05	64.7895393624738	0.199999999999612
3.975	1.25	-4.8124157927006e-13	0.800010632522138	1.10312489708961e-05	64.7655390319554	0.199999999999615
4.125	1.25	-4.29139607117794e-13	0.800009885999233	9.68244754503386e-06	64.7415387245226	0.199999999999657
4.275	1.25	-3.09193089477178e-13	0.800009186554653	8.52771389536594e-06	64.7175384387956	0.199999999999753
4.425	1.25	-9.94561355293819e-14	0.80000853528952	7.53558047583022e-06	64.6935381733293	0.19999999999992
4.575	1.25	2.24216545427764e-13	0.80000793153725	6.6801478711752e-06	64.6695379266782	0.200000000000179
4.725	1.25	6.86996772345626e-13	0.800007373536084	5.94003859915988e-06	64.645537697437	0.20000000000055
4.875	1.25	1.31327285562867e-12	0.800006858879178	5.29755372051529e-06	64.6215374842659	0.200000000001051
5.025	1.25	2.12407213630564e-12	0.800006384822553	4.73799423572917e-06	64.597537285904	0.200000000001699
5.175	1.25	3.13359417177112e-12	0.800005948491352	4.24911238838144e-06	64.5735371011762	0.200000000002507
5.325	1.25	4.34475482593806e-12	0.800005547011076	3.82066995552116e-06	64.549536928994	0.200000000003476
5.475	1.25	5.74368163796392e-12	0.800005177593792	3.44407992202608e-06	64.5255367683546	0.200000000004595
5.625	1.25	7.29316304833893e-12	0.800004837585634	3.11211739352199e-06	64.5015366183373	0.200000000005835
5.775	1.25	8.92514256204689e-12	0.800004524499719	2.81868299273141e-06	64.4775364780981	0.20000000000714
5.925	1.25	1.05324674071941e-11	0.800004236025521	2.55861152333437e-06	64.4535363468655	0.200000000008426
6.075	1.25	1.19602526317646e-11	0.80000397003124	2.32751490523668e-06	64.4295362239346	0.200000000009568
6.225	1.25	1.29974072549992e-11	0.800003724562133	2.12165412848551e-06	64.4055361086614	0.200000000010398
6.375	1.25	1.33690884625177e-11	0.800003497831842	1.93783296276497e-06	64.3815360004583	0.200000000010695
6.525	1.25	1.27310993563701e-11	0.80000328821189	1.77331203383684e-06	64.3575358987889	0.200000000010185
6.675	1.25	1.06675183509445e-11	0.800003094220666	1.62573570801552e-06	64.3335358031632	0.200000000008534
6.825	1.25	6.69313223048045e-12	0.800002914512246	1.49307365306498e-06	64.3095357131336	0.200000000005355
6.975	1.25	2.62523236624934e-13	0.800002747865156	1.37357059558292e-06	64.2855356282912	0.20000000000021
7.125	1.25	-9.21208975321845e-12	0.800002593171712	1.2657051565945e-06	64.2615355482616	0.19999999999263
7.275	1.25	-2.23319644241829e-11	0.800002449425411	1.16815527039317e-06	64.2375354727026	0.199999999982134
7.425	1.25	-3.96695143718509e-11	0.800002315714698	1.07976958656147e-06	64.2135354013004	0.199999999968264
7.575	1.25	-6.17102076081269e-11	0.800002191211324	9.9954187582327e-07	64.1895353337674	0.199999999950632
7.725	1.25	-8.87765657917143e-11	0.800002075163717	9.26592250833445e-07	64.1655352698396	0.199999999928979
7.875	1.25	-1.20932615642917e-10	0.800001966889213	8.6014833707462e-07	64.1415352092746	0.199999999903254
8.025	1.25	-1.57867912138742e-10	0.800001865766499	7.9953115742763e-07	64.1175351518494	0.199999999873706
8.175	1.25	-1.98761375903587e-10	0.800001771232246	7.44142187526085e-07	64.0935350973589	0.199999999840991
8.325	1.25	-2.42126717178563e-10	0.800001682770895	6.93453231401176e-07	64.0695350456137	0.199999999806299
8.475	1.25	-2.85643198889946e-10	0.800001599915307	6.46996511465563e-07	64.0455349964391	0.199999999771485
8.625	1.25	-3.25977949772322e-10	0.800001522238043	6.04357846182825e-07	64.0215349496736	0.199999999739218
8.775	1.25	-3.58608980920909e-10	0.800001449348752	5.65169097006205e-07	63.9975349051674	0.199999999713113
8.925	1.25	-3.77661461733114e-10	0.800001380891527	5.29102585977329e-07	63.9735348627815	0.199999999697871
9.075	1.25	-3.75773611679209e-10	0.800001316540723	4.95866276957926e-07	63.9495348223864	0.199999999699381
9.225	1.25	-3.44012654376534e-10	0.800001255997927	4.65199208912992e-07	63.9255347838612	0.19999999972479
9.375	1.25	-2.71865496824286e-10	0.80000119898951	4.36868248216135e-07	63.9015347470926	0.199999999782508
9.525	1.25	-1.47332915115183e-10	0.800001145264546	4.10664095770068e-07	63.8775347119741	0.199999999882134
9.675	1.25	4.28402429501289e-11	0.800001094592809	3.8639917421087e-07	63.853534678405	0.200000000034272
9.825	1.25	3.12763348647777e-10	0.800001046762434	3.63904710331282e-07	63.8295346462903	0.200000000250211
9.975	1.25	6.76789486883743e-10	0.80000100157773	3.43028700202279e-07	63.8055346155392	0.200000000541432
10.125	1.25	1.14865873688401e-09	0.800000958859054	3.23634325275453e-07	63.7815345860657	0.200000000918927
10.275	1.25	1.74035991098265e-09	0.800000918440182	3.05597956509378e-07	63.7575345577872	0.200000001392288
10.425	1.25	2.46068031207329e-09	0.80000088016718	2.88807510813099e-07	63.7335345306251	0.200000001968544
10.575	1.25	3.31342135171878e-09	0.800000843898236	2.73161963248958e-07	63.7095345045047	0.200000002650737
10.725	1.25	4.29527012014338e-09	0.800000809501119	2.58569245271837e-07	63.685534479355	0.200000003436216
10.875	1.25	5.39333373422903e-09	0.800000776853842	2.44946223478124e-07	63.6615344551099	0.200000004314667
11.025	1.25	6.5823649256909e-09	0.800000745842589	2.32217002973383e-07	63.6375344317083	0.200000005265892
11.175	1.25	7.82173413061347e-09	0.800000716361911	2.2031256341927e-07	63.6135344090955	0.200000006257387
11.325	1.25	9.05223535629328e-09	0.800000688313755	2.09170144932009e-07	63.5895343872248	0.200000007241788
11.475	1.25	1.0192850118189e-08	0.800000661606801	1.9873219432543e-07	63.5655343660587	0.20000000815428
11.625	1.25	1.11376352230491e-08	0.800000636156747	1.88946604170434e-07	63.5415343455713	0.200000008910108
11.775	1.25	1.17529452160422e-08	0.800000611885131	1.79765289372177e-07	63.5175343257508	0.200000009402356
11.925	1.25	1.18752475905984e-08	0.800000588719815	1.7114446594379e-07	63.4935343066017	0.200000009500198
12.075	1.25	1.13098366267686e-08	0.80000056659435	1.63043928704871e-07	63.4695342881476	0.200000009047869
12.225	1.25	9.83079779189559e-09	0.800000545448539	1.55426840518867e-07	63.4455342704345	0.200000007864638
12.375	1.25	7.18261642264443e-09	0.800000525227558	1.48259420238898e-07	63.4215342535332	0.200000005746093
12.525	1.25	3.08385900090479e-09	0.80000050588263	1.41510308182268e-07	63.3975342375418	0.200000002467087
12.675	1.25	-2.76662037181626e-09	0.800000487370864	1.35151098199582e-07	63.3735342225881	0.199999997786704
12.825	1.25	-1.06804848333417e-08	0.800000469655665	1.29155310002286e-07	63.3495342088307	0.199999991455612
12.975	1.25	-2.09672729379376e-08	0.800000452706139	1.23498788740649e-07	63.3255341964594	0.199999983226182
13.125	1.25	-3.39178762161175e-08	0.800000436497988	1.18158848098829e-07	63.3015341856941	0.199999972865699
13.275	1.25	-4.97837461816825e-08	0.800000421013273	1.13115140515163e-07	63.2775341767818	0.199999960173003
13.425	1.25	-6.87515044943167e-08	0.800000406239585	1.08348201444742e-07	63.2535341699918	0.199999944998796
13.575	1.25	-9.09127107386795e-08	0.800000392171734	1.03840497393332e-07	63.2295341656077	0.199999927269831
13.725	1.25	-1.16228634491922e-07	0.80000037881027	9.95755048264945e-08	63.2055341639167	0.199999907017092
13.875	1.25	-1.44489972207545e-07	0.800000366161514	9.55382080003558e-08	63.181534165195	0.199999884408022
14.025	1.25	-1.75271529656808e-07	0.800000354237664	9.17145027861985e-08	63.1575341696891	0.199999859782776
14.175	1.25	-2.07881934869055e-07	0.800000343056243	8.80912532452937e-08	63.1335341775929	0.199999833694452
14.325	1.25	-2.41308423196663e-07	0.800000332641661	8.46560379862278e-08	63.1095341890191	0.199999806953261
14.475	1.25	-2.74156602099273e-07	0.800000323021902	8.1398240382881e-08	63.0855342039656	0.199999780674718
14.625	1.25	-3.04584800247527e-07	0.80000031423352	7.83068407858481e-08	63.0615342222758	0.19999975633216
14.775	1.25	-3.30232055974419e-07	0.800000306319738	7.53723147284696e-08	63.0375342435919	0.199999735814355
14.925	1.25	-3.48137901214075e-07	0.800000299333838	7.25853479016815e-08	63.0135342673012	0.199999721489679
15.075	1.25	-3.54650713436406e-07	0.800000293344649	6.99377812917236e-08	62.9895342924744	0.199999716279429
15.225	1.25	-3.45319361459343e-07	0.800000288441196	6.74215713299637e-08	62.9655343177935	0.199999723744511
15.375	1.25	-3.14759926935615e-07	0.8000002847436	6.50292202253719e-08	62.9415343414693	0.199999748192058
15.525	1.25	-2.56485133085853e-07	0.800000282416654	6.27540254045324e-08	62.9175343611428	0.199999794811894
15.675	1.25	-1.62678348672528e-07	0.80000028169184	6.05895302067586e-08	62.8935343737694	0.199999869857321
15.825	1.25	-2.38861188735839e-08	0.800000282896183	5.85296619433266e-08	62.8695343754756	0.199999980891105
15.975	1.25	1.71407612964295e-07	0.800000286492139	5.65688787659851e-08	62.8455343613818	0.20000013712609
16.125	1.25	4.37377050870162e-07	0.800000293137401	5.47018671593536e-08	62.8215343253758	0.200000349901641
16.275	1.25	7.9169106956976e-07	0.800000303759397	5.29237802148427e-08	62.7975342598171	0.200000633352856
16.425	1.25	1.25668854951735e-06	0.800000319665464	5.12299503801967e-08	62.7735341551455	0.20000100535084
16.575	1.25	1.86102617675834e-06	0.800000342686259	4.96160329379827e-08	62.7495339993529	0.200001488820941
16.725	1.25	2.64198045416578e-06	0.800000375373613	4.80780351630868e-08	62.7255337772671	0.200002113584363
16.875	1.25	3.64865010420191e-06	0.80000042126564	4.66120983524252e-08	62.70153346957	0.200002918920083
17.025	1.25	4.94639124418023e-06	0.800000485245126	4.52148064994868e-08	62.67753305145	0.200003957112995
17.175	1.25	6.62293311186114e-06	0.800000574021926	4.38826699020111e-08	62.6535324907476	0.20000529834649
17.325	1.25	8.79677716851449e-06	0.800000696782095	4.26125026879859e-08	62.6295317454046	0.200007037421735
17.475	1.25	1.16286919679729e-05	0.800000866065349	4.14015227581311e-08	62.605530759958	0.200009302953574
17.625	1.25	1.53374008679017e-05	0.800001098950706	4.02467072608621e-08	62.5815294607294	0.200012269920694
17.775	1.25	2.02209464442778e-05	0.800001418659703	3.91457135995281e-08	62.5575277492359	0.200016176757155
17.925	1.25	2.66857369637009e-05	0.800001856712063	3.80958857426157e-08	62.5335254931812	0.200021348589571
18.075	1.25	3.52859735663411e-05	0.800002455805616	3.70948971553884e-08	62.5095225141598	0.200028228778853
18.225	1.25	4.67770658827107e-05	0.800003273643308	3.61404772551027e-08	62.4855185709051	0.200037421652706
18.375	1.25	6.21878329130007e-05	0.800004388021897	3.52306029776391e-08	62.4615133365078	0.20004975026633
18.525	1.25	8.29178714438037e-05	0.800005903657871	3.43632518673723e-08	62.4375063674944	0.200066334297155
18.675	1.25	0.000110868671629867	0.800007961517521	3.35363647192635e-08	62.4134970619395	0.200088694937304
18.825	1.25	0.00014862021970864	0.800010751756564	3.2747923201278e-08	62.3894846028066	0.200118896175767
18.975	1.25	0.000199669408101253	0.800014531689122	3.19962208981755e-08	62.3654678813684	0.200159735526481
19.125	1.25	0.000268752981831914	0.800019650238455	3.12791911676668e-08	62.3414453936825	0.200215002385466
19.275	1.25	0.000362286075929563	0.800026579902088	3.05948942738281e-08	62.3174151005142	0.200289828860744
19.425	1.25	0.000488957197783745	0.800035956554941	2.99411575600681e-08	62.2933742376507	0.200391165758227
19.575	1.25	0.000660531049074567	0.80004862734404	2.93156666948656e-08	62.2693190591194	0.20052842483926
19.725	1.25	0.000892922025645106	0.800065709200904	2.87158468943339e-08	62.2452444903399	0.200714337620516
19.875	1.25	0.00120761688681349	0.800088666939239	2.81385367797687e-08	62.2211436614568	0.200966093509451
20.025	1.25	0.00163355380908418	0.800119430325269	2.75801702981189e-08	62.1970072821831	0.201306843047267
20.175	1.25	0.00220962139073352	0.800160578939646	2.70364034294463e-08	62.172822806483	0.201767697112587
20.325	1.25	0.00298803984747785	0.800215620412587	2.65017878672981e-08	62.1485733149832	0.202390431877982
20.475	1.25	0.00403902898825172	0.800289355356734	2.5969548865738e-08	62.1242360109797	0.203231223190601
20.625	1.25	0.0054573228675001	0.800388248985534	2.54310729808307e-08	62.0997801796045	0.204365858294
20.775	1.25	0.00737118294774327	0.800520621243457	2.48756022434886e-08	62.075164401538	0.205896946358195
20.925	1.25	0.00995447612512464	0.800696361057883	2.42897554217888e-08	62.0503327541813	0.2079635809001
21.075	1.25	0.0134420103253869	0.800925829817634	2.36568256898806e-08	62.0252096968003	0.21075360826031
21.225	1.25	0.0181476154550806	0.801217707366451	2.2957135760967e-08	61.9996933516064	0.214518092364064
21.375	1.25	0.0244834908069505	0.801575770186339	2.21690181326521e-08	61.9736469885545	0.21958679264556
21.525	1.25	0.0329782595183263	0.80199493035486	2.12709798442663e-08	61.9468887158751	0.226382607614661
21.675	1.25	0.0442900678954828	0.802457229651442	2.02453883679883e-08	61.9191796774662	0.235432054316386
21.825	1.25	0.059209826530694	0.802928838836275	1.90840286939209e-08	61.8902114696517	0.247367861224555
21.975	1.25	0.0786480100022239	0.803359449495996	1.77925924188702e-08	61.8595940405927	0.262918408001779
22.125	1.25	0.103596182568123	0.80368563018557	1.63944187170518e-08	61.8268460733973	0.282876946054498
22.275	1.25	0.135052293267311	0.803839373121602	1.49299745135745e-08	61.7913907995963	0.308041834613849
22.425	1.25	0.173898982356969	0.803761787230642	1.34517874473207e-08	61.752561226828	0.339119185885575
22.575	1.25	0.220730571964235	0.803419737024214	1.20158778527537e-08	61.7096194867168	0.376584457571388
22.725	1.25	0.27564151217107	0.802820832250748	1.06725380631883e-08	61.6617946110672	0.420513209736856
22.875	1.25	0.338017840317396	0.802020618900207	9.45895852394669e-09	61.6083404572128	0.470414272253917
23.025	1.25	0.406404706466054	0.801116490395149	8.3959974366543e-09	61.5486100273354	0.525123765172843
23.175	1.25	0.478534555039757	0.800226967235013	7.48893815260969e-09	61.4821348648792	0.582827644031806
23.325	1.25	0.551566069888852	0.799462008611612	6.73073831695752e-09	61.4086917079341	0.641252855911082
23.475	1.25	0.622501292111595	0.798895966270704	6.10632154613176e-09	61.3283376760149	0.698001033689276
23.625	1.25	0.688659243600603	0.798554445509737	5.59681100290903e-09	61.2414026448539	0.750927394880482
23.775	1.25	0.74805179777703	0.798418778276078	5.18258969087165e-09	61.1484407531838	0.798441438221624
23.925	1.25	0.799557770695242	0.798442602596288	4.84523147501272e-09	61.0501554535649	0.839646216556193
24.075	1.25	0.842886461840143	0.798570882655614	4.56871861087539e-09	60.9473179600616	0.874309169472115
24.225	1.25	0.878398149208782	0.798753993620796	4.3396531955058e-09	60.8406961000112	0.902718519367026
24.375	1.25	0.906872095089127	0.798954523789502	4.14730039250242e-09	60.7310029533236	0.925497676071301
24.525	1.25	0.92929219404305	0.7991482266129	3.98314706964614e-09	60.618866933495	0.94343375523444
24.675	1.25	0.94668509095458	0.799321802396971	3.84064167186003e-09	60.5048199295969	0.957348072763664
24.825	1.25	0.960016772294405	0.799469721294368	3.71480933115496e-09	60.3892981773822	0.968013417835524
24.975	1.25	0.970138071330222	0.799591321453104	3.60181077676128e-09	60.2726507043871	0.976110457064178
25.125	1.25	0.97776476794031	0.799688625040835	3.49885857967482e-09	60.1551513423077	0.982211814352248
25.275	1.25	0.983479106332031	0.799764879434643	3.40382706190408e-09	60.0370116197916	0.986783285065625
25.425	1.25	0.987742790418	0.799823667667244	3.31510950908433e-09	59.9183929578051	0.9901942323344
25.575	1.25	0.990914817359242	0.799868413116905	3.23159711752529e-09	59.799417385009	0.992731853887394
25.725	1.25	0.993270126416726	0.799902137556333	3.15238298093484e-09	59.6801765020192	0.994616101133381
25.875	1.25	0.995016874528618	0.79992737349336	3.07681166163398e-09	59.5607387214056	0.996013499622895
26.025	1.25	0.996311339757069	0.799946165308423	3.00443020782086e-09	59.441154963204	0.997049071805655
26.175	1.25	0.9972701759714	0.79996011700514	2.93486476163299e-09	59.321463046921	0.99781614077712
26.325	1.25	0.997980145828473	0.799970459893239	2.86781160073769e-09	59.2016910281863	0.998384116662778
26.475	1.25	0.998505654619236	0.799978123929079	2.80307378754321e-09	59.081859706634	0.998804523695389
26.625	1.25	0.998894473290954	0.799983803564326	2.7404855900674e-09	58.961984497475	0.999115578632763
26.775	1.25	0.999182029756668	0.799988013810735	2.67990831623111e-09	58.8420768223954	0.999345623805334
26.925	1.25	0.999394600829624	0.799991135375093	2.62117864655997e-09	58.7221451412655	0.999515680663699
27.075	1.25	0.999551676898836	0.79999344955576	2.56424380338384e-09	58.6021957171356	0.999641341519069
27.225	1.25	0.999667711961306	0.799995164464203	2.50900477202971e-09	58.4822331837293	0.999734169569045
27.375	1.25	0.99975341988694	0.79999643437211	2.45539742263653e-09	58.3622609667142	0.999802735909552
27.525	1.25	0.999816736188801	0.799997373856951	2.4033575732763e-09	58.2422815965884	0.99985338895104
27.675	1.25	0.999863532800472	0.799998068124679	2.35278576413702e-09	58.1222969410933	0.999890826240378
27.825	1.25	0.999898149885975	0.799998580571073	2.30367593039161e-09	58.00230837779	0.99991851990878
27.975	1.25	0.999923791665324	0.799998958353208	2.25595645517092e-09	57.8823169221092	0.999939033332259
28.125	1.25	0.999942820929103	0.799999236521695	2.20958209016207e-09	57.7623233222652	0.999954256743282
28.275	1.25	0.999956977985933	0.799999441099986	2.16449167437728e-09	57.6423281295238	0.999965582388746
28.425	1.25	0.999967543245472	0.799999591386087	2.12065481516077e-09	57.5223317501561	0.999974034596377
28.575	1.25	0.999975457796158	0.799999701673166	2.07803085636e-09	57.4023344838016	0.999980366236926
28.725	1.25	0.999981412719485	0.799999782535366	2.03659366187452e-09	57.2823365517555	0.999985130175588
28.875	1.25	0.999985915167781	0.799999841785977	1.99626668714643e-09	57.1623381177979	0.999988732134225
29.025	1.25	0.999989337192841	0.799999885191077	1.95707799758794e-09	57.042339303507	0.999991469754273
29.175	1.25	0.99999195178229	0.799999917000051	1.91891638220846e-09	56.9223401994992	0.999993561425832
29.325	1.25	0.999993959416624	0.79999994033885	1.88181458104761e-09	56.8023408736646	0.999995167533299
29.475	1.25	0.999995507606301	0.799999957502179	1.84571072892612e-09	56.6823413771895	0.999996406085041
29.625	1.25	0.999996705234244	0.799999970170308	1.81058322604958e-09	56.5623417489535	0.999997364187395
29.775	1.25	0.999997633058114	0.79999997956996	1.77637155768284e-09	56.4423420187334	0.999998106446491
29.925	1.25	0.9999983513777	0.799999986593497	1.74309706620303e-09	56.3223422095353	0.99999868110216
30.075	1.25	0.999998905613227	0.799999991887765	1.71067715203279e-09	56.2023423392908	0.999999124490581
30.225	1.25	0.999999330348424	0.799999995919471	1.67915978198143e-09	56.0823424220912	0.999999464278739
30.375	1.25	0.999999652248845	0.799999999024263	1.6484362563053e-09	55.962342469088	0.999999721799076
30.525	1.25	0.999999892159597	0.800000001442301	1.61856397904744e-09	55.8423424891522	0.999999913727678
30.675	1.25	1.00000006660756	0.800000003345123	1.58945878017936e-09	55.7223424893607	1.00000005328605
30.825	1.25	1.00000018887369	0.800000004854834	1.56109729187541e-09	55.60234247536	1.00000015109895
30.975	1.25	1.00000026975767	0.8000000060588	1.53350190176412e-09	55.4823424516405	1.00000021580613
31.125	1.25	1.00000031812374	0.800000007019573	1.50661315961551e-09	55.3623424217488	1.00000025449899
31.275	1.25	1.00000034129274	0.800000007782631	1.48042887722421e-09	55.2423423884548	1.00000027303419
31.425	1.25	1.00000034532708	0.800000008381756	1.45491570638776e-09	55.1223423538858	1.00000027626167
31.575	1.25	1.00000033524178	0.800000008842526	1.43008697779344e-09	55.0023423196375	1.00000026819343
31.725	1.25	1.0000003151655	0.800000009185134	1.4058792715033e-09	54.8823422868666	1.0000002521324
31.875	1.25	1.00000028846741	0.800000009426218	1.38228951691153e-09	54.7623422563702	1.00000023077393
32.025	1.25	1.00000025786152	0.800000009579905	1.35931990626067e-09	54.642342228653	1.00000020628922
32.175	1.25	1.00000022549522	0.80000000965858	1.33695035549238e-09	54.5223422039868	1.00000018039617
32.325	1.25	1.00000019302718	0.800000009673191	1.31512654057389e-09	54.4023421824604	1.00000015442174
32.475	1.25	1.00000016169729	0.80000000963404	1.29389505148618e-09	54.2823421640236	1.00000012935783
32.625	1.25	1.00000013239021	0.800000009550168	1.2731903038536e-09	54.1623421485243	1.00000010591217
32.775	1.25	1.00000010569341	0.800000009430145	1.2530145957216e-09	54.0423421357396	1.00000008455473
32.925	1.25	1.0000000819502	0.800000009281415	1.23334720112358e-09	53.9223421254021	1.00000006556016
33.075	1.25	1.0000000613076	0.800000009110843	1.2142105181824e-09	53.8023421172207	1.00000004904608
33.225	1.25	1.00000004375923	0.800000008924404	1.19554086199627e-09	53.6823421108977	1.00000003500738
33.375	1.25	1.0000000291832	0.800000008727304	1.17733246184873e-09	53.5623421061416	1.00000002334656
33.525	1.25	1.00000001737493	0.800000008523959	1.15960968902023e-09	53.4423421026764	1.00000001389994
33.675	1.25	1.00000000807514	0.800000008317938	1.14234275504608e-09	53.3223421002484	1.00000000646011
33.825	1.25	1.00000000099311	0.800000008112295	1.1255042148593e-09	53.2023420986305	1.00000000079449
33.975	1.25	0.999999995825567	0.800000007909371	1.10911026998816e-09	53.082342097624	0.999999996660453
34.125	1.25	0.999999992271493	0.800000007710785	1.093127324329e-09	52.9623420970592	0.999999993817194
34.275	1.25	0.999999990043297	0.80000000751781	1.07755275648123e-09	52.8423420967946	0.999999992034638
34.425	1.25	0.999999988874741	0.800000007331243	1.0623735720284e-09	52.7223420967155	0.999999991099793
34.575	1.25	0.999999988526169	0.800000007151427	1.04760067826707e-09	52.6023420967313	0.999999990820935
34.725	1.25	0.999999988787348	0.800000006978522	1.03319106396308e-09	52.482342096773	0.999999991029879
34.875	1.25	0.999999989478464	0.800000006812394	1.01915352509931e-09	52.3623420967906	0.999999991582772
35.025	1.25	0.999999990449731	0.800000006652718	1.0054746979091e-09	52.2423420967494	0.999999992359785
35.175	1.25	0.999999991579736	0.800000006499089	9.92157762644916e-10	52.1223420966284	0.999999993263789
35.325	1.25	0.999999992773174	0.800000006350976	9.7919119708667e-10	52.0023420964164	0.999999994218539
35.475	1.25	0.999999993957984	0.80000000620792	9.66552227040391e-10	51.8823420961106	0.999999995166387
35.625	1.25	0.999999995082329	0.8000000060693	9.54250242056157e-10	51.7623420957141	0.999999996065863
35.775	1.25	0.99999999611139	0.800000005934619	9.42262970399122e-10	51.642342095234	0.999999996889112
35.925	1.25	0.999999997024362	0.800000005803339	9.30587979094649e-10	51.5223420946803	0.99999999761949
36.075	1.25	0.999999997811595	0.800000005675046	9.19236855815396e-10	51.4023420940643	0.999999998249276
36.225	1.25	0.999999998471943	0.800000005549234	9.08173476720325e-10	51.2823420933979	0.999999998777554
36.375	1.25	0.999999999010528	0.800000005425744	8.97407176234952e-10	51.1623420926929	0.999999999208423
36.525	1.25	0.999999999436763	0.800000005304076	8.86936757759853e-10	51.0423420919602	0.999999999549411
36.675	1.25	0.999999999762689	0.800000005184049	8.76748891440345e-10	50.9223420912098	0.999999999810151
36.825	1.25	1.00000000000176	0.800000005065502	8.66843323214314e-10	50.8023420904505	1.0000000000014
36.975	1.25	1.0000000001678	0.800000004948285	8.57179389975493e-10	50.6823420896898	1.00000000013424
37.125	1.25	1.00000000027441	0.80000000483226	8.47818327017371e-10	50.5623420889338	1.00000000021953
37.275	1.25	1.00000000033424	0.800000004717215	8.38691507816022e-10	50.4423420881874	1.00000000026739
37.425	1.25	1.00000000035842	0.8000000046031	8.29829613226826e-10	50.3223420874544	1.00000000028674
37.575	1.25	1.00000000035577	0.800000004489738	8.21226431119238e-10	50.2023420867376	1.00000000028462
37.725	1.25	1.00000000033234	0.800000004377222	8.12855976569054e-10	50.0823420860392	1.00000000026588
37.875	1.25	1.00000000029224	0.80000000426611	8.04727298871856e-10	49.9623420853606	1.0000000002338
38.025	1.25	1.00000000024128	0.800000004157482	7.96836428324256e-10	49.8423420847032	1.00000000019303
38.175	1.25	1.00000000019337	0.800000004051885	7.89174359680427e-10	49.7223420840671	1.00000000015469
38.325	1.25	1.00000000017489	0.800000003947808	7.81741180022771e-10	49.6023420834505	1.00000000013991
38.475	1.25	1.00000000021509	0.800000003838991	7.74527088869984e-10	49.4823420828491	1.00000000017207
38.625	1.25	1.00000000030731	0.800000003714871	7.67538737437574e-10	49.3623420822575	1.00000000024585
38.775	1.25	1.00000000034297	0.80000000356884	7.60766958624293e-10	49.2423420816756	1.00000000027438
38.925	1.25	1.00000000007086	0.800000003418854	7.54201063497674e-10	49.1223420811209	1.00000000005669
39.075	1.25	0.999999999209052	0.800000003331058	7.47850432636101e-10	49.0023420806363	0.999999999367242
39.225	1.25	0.999999997858648	0.800000003414301	7.41695907784559e-10	48.8823420802735	0.999999998286918
39.375	1.25	0.999999997184258	0.800000003729873	7.35735360311431e-10	48.7623420800232	0.999999997747407
39.525	1.25	0.999999999797396	0.800000004084264	7.29996250001935e-10	48.6423420796951	0.999999999837917
39.675	1.25	1.00000000854706	0.80000000379879	7.24435261922799e-10	48.5223420788368	1.00000000683765
39.825	1.25	1.0000000222783	0.800000001790862	7.19074327093402e-10	48.4023420769144	1.00000001782264
39.975	1.25	1.00000002906588	0.79999999749677	7.13882008136733e-10	48.2823420740221	1.0000000232527
40.125	1.25	1.00000000269161	0.799999992901255	7.08903446515358e-10	48.1623420720847	1.00000000215328
40.275	1.25	0.999999915048876	0.799999994681046	7.04106142343015e-10	48.0423420756349	0.999999932039101
40.425	1.25	0.999999777872504	0.800000013221474	6.99460094609577e-10	47.922342089991	0.999999822298004
40.575	1.25	0.999999707647261	0.800000053627711	6.95021414551571e-10	47.8023421143169	0.999999766117809
40.725	1.25	0.999999957515105	0.80000009671115	6.90747461909505e-10	47.6823421300344	0.999999966012084
40.875	1.25	1.00000079734678	0.800000079786502	6.86637770531324e-10	47.5623420934606	1.00000063787742
41.025	1.25	1.00000212195925	0.799999907139517	6.82710686305085e-10	47.4423419530078	1.0000016975674
41.175	1.25	1.0000028529	0.799999532879881	6.78933237813031e-10	47.3223417139026	1.00000228232
41.325	1.25	1.00000065162847	0.799999130499211	6.75344799965252e-10	47.2023415453873	1.00000052130278
41.475	1.25	0.999993003855515	0.799999257928131	6.71897443737027e-10	47.0823418496403	0.999994403084412
41.625	1.25	0.999980706635173	0.800000758407828	6.68631792444043e-10	46.9623431112674	0.999984565308138
41.775	1.25	0.999973138461181	0.800004042908396	6.65519616303275e-10	46.8423453264475	0.999978510768945
41.925	1.25	0.99999082751766	0.800007659700286	6.62533181304487e-10	46.7223470558363	0.999992662014128
42.075	1.25	1.0000563795334	0.800006938197592	6.59681669040211e-10	46.6023447896708	1.00004510362672
42.225	1.25	1.00016528885932	0.799994825949723	6.56957877605207e-10	46.4823341494128	1.00013223108745
42.375	1.25	1.00024184955248	0.799967675899113	6.54386683357042e-10	46.3623146066302	1.00019347964198
42.525	1.25	1.00011633628579	0.799936552054369	6.5207046989008e-10	46.2422974134051	1.00009306902863
42.675	1.25	0.999594226905259	0.799937862130798	6.50101273931108e-10	46.1223113062185	0.999675381524207
42.825	1.25	0.998683926298183	0.800027373802628	6.48455615547825e-10	46.0023939571487	0.998947141038546
42.975	1.25	0.997944673210105	0.800237008065355	6.46852361432344e-10	45.8825557888746	0.998355738568084
43.125	1.25	0.998684258956543	0.800490006584669	6.4458120335108e-10	45.7627175943837	0.998947407165235
43.275	1.25	1.00248296173889	0.800522976140965	6.40840274309234e-10	45.6426615639128	1.00198636939111
43.425	1.25	1.00955927623779	0.799934826449992	6.35570340863939e-10	45.5220836612404	1.00764742099024
43.575	1.25	1.01623380740425	0.798479882363169	6.30692174698873e-10	45.400845884463	1.0129870459234
43.725	1.25	1.01328677104315	0.796573392464719	6.30788450476031e-10	45.2794287280611	1.01062941683452
43.875	1.25	0.988680897782747	0.795833251143153	6.42116212551762e-10	45.1593337335352	0.990944718226197
44.025	1.25	0.938367896613467	0.799351007717974	6.6816951088012e-10	45.0428407010183	0.950694317290774
44.175	1.25	0.884673133380584	0.810192429022777	6.98420381425455e-10	44.9313521953677	0.907738506704467
44.325	1.25	0.889127901527682	0.824441953093604	6.93812922712315e-10	44.822207841319	0.911302321222146
44.475	1.25	1.03257195142092	0.826489829174405	6.13938392204562e-10	44.7059574356975	1.02605756113674
44.625	1.25	1.34924434214281	0.808622132985536	4.90314433109284e-10	44.5677999997908	1.27939547371425
44.775	1.25	1.76408811846621	0.709537047463139	3.88027741882059e-10	44.3955931866314	1.61127049477297
44.925	1.25	2.11154506659023	0.834636814055772	3.30445075289882e-10	44.2248231669331	1.88923605327218
0.075	1.75	3.47702764542241e-16	0.39994895579407	-0.000360920378008451	65.3894891866379	0.2
0.225	1.75	1.09869501120653e-15	0.79986407511359	-0.000282050683477371	65.3654922492903	0.200000000000001
0.375	1.75	2.54968769106546e-15	0.799814473288556	-0.000187674506026297	65.3414973421311	0.200000000000002
0.525	1.75	4.61852603332148e-15	0.79979664828817	-0.000103877320398053	65.317503380893	0.200000000000004
0.675	1.75	7.15160121425134e-15	0.799801211795186	-3.87765919728075e-05	65.2935095432338	0.200000000000006
0.825	1.75	9.93882068990502e-15	0.799819042165737	7.51809045758908e-06	65.2695153081853	0.200000000000008
0.975	1.75	1.27406600782e-14	0.799843177786807	3.79473019258847e-05	65.2455204007039	0.20000000000001
1.125	1.75	1.53018079846845e-14	0.799868970343432	5.61682524785495e-05	65.2215247175181	0.200000000000012
1.275	1.75	1.73416119467443e-14	0.799893647470283	6.55601336929979e-05	65.1975282624833	0.200000000000014
1.425	1.75	1.85244511207953e-14	0.799915771388817	6.88848140928138e-05	65.1735310986699	0.200000000000015
1.575	1.75	1.84208776266223e-14	0.799934772034697	6.82473483708259e-05	65.1495333161999	0.200000000000015
1.725	1.75	1.64723755372973e-14	0.799950598674018	6.51771326483721e-05	65.1255350123478	0.200000000000013
1.875	1.75	1.19705243604472e-14	0.799963481530151	6.07437126285666e-05	65.1015362802795	0.20000000000001
2.025	1.75	4.05778285837586e-15	0.799973779259797	5.56692456235884e-05	65.077537203456	0.200000000000003
2.175	1.75	-8.24585687040323e-15	0.799981887485908	5.04234752718921e-05	65.0535378535239	0.199999999999993
2.325	1.75	-2.59874417252474e-14	0.79998818808498	4.52982532585454e-05	65.0295382902068	0.199999999999979
2.475	1.75	-5.01937773220633e-14	0.799993024267489	4.04633777954848e-05	65.0055385622388	0.19999999999996
2.625	1.75	-8.17482470682721e-14	0.799996691150009	3.60070928919744e-05	64.9815387087508	0.199999999999935
2.775	1.75	-1.21226845220803e-13	0.799999435045061	3.19647227816535e-05	64.9575387607698	0.199999999999903
2.925	1.75	-1.68688575792678e-13	0.800001457231996	2.83384855496863e-05	64.9335387426481	0.199999999999865
3.075	1.75	-2.2341679667774e-13	0.80000291964966	2.51109263052087e-05	64.9095386733359	0.199999999999821
3.225	1.75	-2.83611161339962e-13	0.800003951061336	2.22538327027248e-05	64.8855385674692	0.199999999999773
3.375	1.75	-3.46034699477382e-13	0.800004652922694	1.97340131007325e-05	64.8615384362723	0.199999999999723
3.525	1.75	-4.05627356191887e-13	0.800005104598256	1.75169260776323e-05	64.8375382882939	0.199999999999676
3.675	1.75	-4.55106084527353e-13	0.800005367808593	1.55688693431847e-05	64.8135381299965	0.199999999999636
3.825	1.75	-4.84582367994781e-13	0.800005490318203	1.38582118627231e-05	64.7895379662254	0.199999999999612
3.975	1.75	-4.81240821871939e-13	0.800005508930408	1.23560104493909e-05	64.7655378005775	0.199999999999615
4.125	1.75	-4.29137028662157e-13	0.800005451888951	1.10362349393012e-05	64.7415376356897	0.199999999999657
4.275	1.75	-3.09188587043737e-13	0.800005340783971	9.87575811132813e-06	64.7175374734642	0.199999999999753
4.425	1.75	-9.94496672390003e-14	0.800005192047721	8.85420799156301e-06	64.6935373152427	0.19999999999992
4.575	1.75	2.24224951426932e-13	0.800005018130798	7.95374924593551e-06	64.6695371619414	0.200000000000179
4.725	1.75	6.87007013146548e-13	0.800004828413331	7.15883453387996e-06	64.6455370141548	0.20000000000055
4.875	1.75	1.31328474611653e-12	0.800004629912338	6.45595091862512e-06	64.6215368722365	0.200000000001051
5.025	1.75	2.12408540688532e-12	0.800004427835028	5.83337566965798e-06	64.5975367363599	0.200000000001699
5.175	1.75	3.13360846375997e-12	0.800004226000528	5.28095115670662e-06	64.573536606566	0.200000000002507
5.325	1.75	4.34476969317484e-12	0.800004027166127	4.78987897261045e-06	64.5495364827992	0.200000000003476
5.475	1.75	5.74369654673791e-12	0.800003833283685	4.35253908733512e-06	64.5255363649351	0.200000000004595
5.625	1.75	7.29317738458178e-12	0.800003645689981	3.96232850367647e-06	64.5015362528011	0.200000000005835
5.775	1.75	8.92515563764983e-12	0.800003465260765	3.61352217939252e-06	64.4775361461923	0.20000000000714
5.925	1.75	1.05324784745229e-11	0.800003292521075	3.30115053114647e-06	64.4535360448838	0.200000000008426
6.075	1.75	1.19602608980521e-11	0.800003127739517	3.02089618655551e-06	64.429535948639	0.200000000009568
6.225	1.75	1.2997411905622e-11	0.800002970988511	2.76900244547174e-06	64.4055358572171	0.200000000010398
6.375	1.75	1.33690886845709e-11	0.800002822204928	2.5421963456008e-06	64.3815357703772	0.200000000010695
6.525	1.75	1.27310943714219e-11	0.800002681222392	2.33762163880715e-06	64.3575356878822	0.200000000010185
6.675	1.75	1.06675074478334e-11	0.800002547806289	2.15278252918167e-06	64.3335356095014	0.200000000008534
6.825	1.75	6.69311480706124e-12	0.800002421673001	1.98549429779909e-06	64.3095355350118	0.200000000005355
6.975	1.75	2.62498840216433e-13	0.800002302511845	1.83384083441869e-06	64.2855354641997	0.20000000000021
7.125	1.75	-9.21212137728762e-12	0.800002189993169	1.69613991734492e-06	64.2615353968611	0.19999999999263
7.275	1.75	-2.23320032881146e-11	0.800002083781508	1.57091099058985e-06	64.2375353328019	0.199999999982134
7.425	1.75	-3.9669560194384e-11	0.8000019835409	1.45684962202984e-06	64.2135352718385	0.199999999968264
7.575	1.75	-6.17102597721091e-11	0.800001888940635	1.35280484733502e-06	64.1895352137971	0.199999999950632
7.725	1.75	-8.87766232974466e-11	0.800001799659615	1.25775772346653e-06	64.1655351585139	0.199999999928979
7.875	1.75	-1.2093267707624e-10	0.800001715387485	1.17080678464033e-06	64.1415351058345	0.199999999903254
8.025	1.75	-1.57867975637928e-10	0.800001635827614	1.09115201233169e-06	64.1175350556138	0.199999999873706
8.175	1.75	-1.98761439148487e-10	0.800001560696366	1.0180824020795e-06	64.0935350077152	0.199999999840991
8.325	1.75	-2.42126777382204e-10	0.800001489725343	9.50965098115297e-07	64.0695349620102	0.199999999806299
8.475	1.75	-2.85643252820486e-10	0.800001422660848	8.89236416977646e-07	64.0455349183782	0.199999999771485
8.625	1.75	-3.25977993781488e-10	0.800001359263352	8.32392447774671e-07	64.0215348767054	0.199999999739218
8.775	1.75	-3.58609011010196e-10	0.800001299307303	7.79982877912801e-07	63.997534836885	0.199999999713113
8.925	1.75	-3.77661473630385e-10	0.800001242581202	7.31604639541496e-07	63.9735347988158	0.199999999697871
9.075	1.75	-3.75773600958172e-10	0.800001188887291	6.86895771866264e-07	63.9495347624026	0.199999999699381
9.225	1.75	-3.44012616589846e-10	0.800001138038309	6.45531534501258e-07	63.9255347275548	0.19999999972479
9.375	1.75	-2.71865427680567e-10	0.800001089860703	6.07219831564683e-07	63.9015346941863	0.199999999782508
9.525	1.75	-1.47332810671006e-10	0.800001044191474	5.71697335763898e-07	63.8775346622153	0.199999999882134
9.675	1.75	4.28403860592033e-11	0.800001000877324	5.38726701581985e-07	63.8535346315631	0.200000000034272
9.825	1.75	3.12763532962718e-10	0.800000959776015	5.08093590888175e-07	63.8295346021544	0.200000000250211
9.975	1.75	6.76789713850634e-10	0.800000920753084	4.79604179010533e-07	63.8055345739165	0.200000000541432
10.125	1.75	1.14865900657521e-09	0.800000883684057	4.53082871841624e-07	63.7815345467793	0.200000000918927
10.275	1.75	1.74036022181057e-09	0.800000848450561	4.28370575839267e-07	63.757534520675	0.200000001392288
10.425	1.75	2.46068066050938e-09	0.800000814943063	4.05322713515161e-07	63.7335344955381	0.200000001968545
10.575	1.75	3.31342173203075e-09	0.80000078305848	3.83808085680131e-07	63.7095344713059	0.200000002650737
10.725	1.75	4.29527052415794e-09	0.800000752699595	3.63707289487322e-07	63.6855344479184	0.200000003436216
10.875	1.75	5.39333415114165e-09	0.800000723775551	3.44911407466642e-07	63.6615344253192	0.200000004314667
11.025	1.75	6.58236534193047e-09	0.800000696200967	3.27321234348489e-07	63.6375344034564	0.200000005265892
11.175	1.75	7.82173452978358e-09	0.800000669895368	3.10846264317047e-07	63.6135343822834	0.200000006257388
11.325	1.75	9.05223571920276e-09	0.800000644783994	2.95403465245413e-07	63.5895343617609	0.200000007241789
11.475	1.75	1.01928504229863e-08	0.800000620795745	2.80917316812731e-07	63.5655343418583	0.20000000815428
11.625	1.75	1.1137635445482e-08	0.800000597865135	2.67318239988911e-07	63.5415343225561	0.200000008910108
11.775	1.75	1.17529453298382e-08	0.80000057593027	2.54542770117132e-07	63.517534303848	0.200000009402356
11.925	1.75	1.18752475680086e-08	0.800000554934516	2.42532365087473e-07	63.4935342857437	0.200000009500198
12.075	1.75	1.13098364392347e-08	0.80000053482524	2.31233601331855e-07	63.4695342682719	0.200000009047869
12.225	1.75	9.83079741090055e-09	0.800000515554147	2.20596963986837e-07	63.4455342514827	0.200000007864638
12.375	1.75	7.18261582068413e-09	0.800000497078688	2.10577175603844e-07	63.4215342354511	0.200000005746093
12.525	1.75	3.08385815263538e-09	0.80000047935965	2.01132452462201e-07	63.3975342202789	0.200000002467087
12.675	1.75	-2.76662148832541e-09	0.800000462364061	1.92224340794943e-07	63.3735342060974	0.199999997786703
12.825	1.75	-1.06804862352232e-08	0.800000446063613	1.83817086003232e-07	63.3495341930683	0.199999991455611
12.975	1.75	-2.09672746360488e-08	0.800000430435376	1.75877879499991e-07	63.3255341813842	0.19999998322618
13.125	1.75	-3.39178782135308e-08	0.800000415462252	1.68376458602395e-07	63.3015341712679	0.199999972865697
13.275	1.75	-4.97837484720836e-08	0.800000401132364	1.61284622563442e-07	63.2775341629687	0.199999960173001
13.425	1.75	-6.87515070605288e-08	0.800000387440208	1.5457645013189e-07	63.2535341567584	0.199999944998794
13.575	1.75	-9.0912713551072e-08	0.800000374385106	1.48227806549928e-07	63.2295341529226	0.199999927269829
13.725	1.75	-1.16228637507144e-07	0.800000361973304	1.42216393609097e-07	63.2055341517505	0.19999990701709
13.875	1.75	-1.44489975367082e-07	0.800000350215137	1.3652151630718e-07	63.1815341535201	0.19999988440802
14.025	1.75	-1.75271532886108e-07	0.800000339127531	1.3112367657753e-07	63.1575341584797	0.199999859782774
14.175	1.75	-2.0788193807635e-07	0.80000032873187	1.26005256430846e-07	63.1335341668246	0.19999983369445
14.325	1.75	-2.41308426272542e-07	0.800000319055536	1.21149675082351e-07	63.1095341786691	0.199999806953259
14.475	1.75	-2.74156604915778e-07	0.800000310131023	1.16541100379972e-07	63.0855341940125	0.199999780674716
14.625	1.75	-3.04584802658108e-07	0.800000301996395	1.12165365657898e-07	63.0615342126994	0.199999756332158
14.775	1.75	-3.30232057813131e-07	0.800000294698574	1.08009012411497e-07	63.037534234373	0.199999735814354
14.925	1.75	-3.48137902295544e-07	0.800000288293606	1.04059490068311e-07	63.013534258422	0.199999721489678
15.075	1.75	-3.54650713554631e-07	0.800000282852275	1.00305155716555e-07	62.9895342839179	0.199999716279429
15.225	1.75	-3.45319360386697e-07	0.800000278465825	9.6734916681721e-08	62.9655343095439	0.199999723744512
15.375	1.75	-3.14759924420158e-07	0.80000027525631	9.33388376583999e-08	62.9415343335113	0.19999974819206
15.525	1.75	-2.56485128847907e-07	0.800000273390896	9.01072626060217e-08	62.9175343534624	0.199999794811897
15.675	1.75	-1.62678342398471e-07	0.800000273102696	8.70311755792673e-08	62.893534366353	0.199999869857326
15.825	1.75	-2.38861102070996e-08	0.800000274719868	8.41025816416175e-08	62.8695343683105	0.199999980891112
15.975	1.75	1.71407624435077e-07	0.80000027870711	8.13132924336145e-08	62.845534354456	0.2000001371261
16.125	1.75	4.37377065631363e-07	0.800000285722533	7.86562571506304e-08	62.8215343186778	0.200000349901652
16.275	1.75	7.91691088206791e-07	0.800000296695962	7.61245857664075e-08	62.7975342533362	0.200000633352871
16.425	1.75	1.25668857275076e-06	0.800000312935076	7.37117586343457e-08	62.7735341488713	0.200001005350858
16.575	1.75	1.86102620548992e-06	0.800000336272525	7.1411855312836e-08	62.7495339932758	0.200001488820964
16.725	1.75	2.64198048954296e-06	0.800000369260083	6.92192534504915e-08	62.7255337713778	0.200002113584392
16.875	1.75	3.64865014770027e-06	0.800000415438056	6.71285752375588e-08	62.7015334638597	0.200002918920118
17.025	1.75	4.9463912977135e-06	0.800000479689116	6.51347983575847e-08	62.6775330459103	0.200003957113038
17.175	1.75	6.62293317792416e-06	0.800000568724549	6.32333687457912e-08	62.6535324853706	0.200005298346542
17.325	1.75	8.79677725036763e-06	0.800000691731084	6.14198076340542e-08	62.6295317401827	0.2000070374218
17.475	1.75	1.16286920698826e-05	0.800000861249024	5.96899188010473e-08	62.6055307548841	0.200009302953656
17.625	1.75	1.53374009954454e-05	0.800001094358325	5.80399199192297e-08	62.5815294557965	0.200012269920796
17.775	1.75	2.02209466047464e-05	0.800001414281367	5.64659523656515e-08	62.5575277444375	0.200016176757284
17.925	1.75	2.66857371665998e-05	0.800001852537661	5.49647008968524e-08	62.533525488511	0.200021348589733
18.075	1.75	3.52859738240437e-05	0.800002451826441	5.3532763691898e-08	62.5095225096119	0.200028228779059
18.225	1.75	4.67770662112835e-05	0.800003269851086	5.21671145047886e-08	62.4855185664737	0.200037421652969
18.375	1.75	6.21878333332617e-05	0.800004384408654	5.08644664271336e-08	62.4615133321874	0.200049750266667
18.525	1.75	8.29178719826361e-05	0.800005900215569	4.96221247980874e-08	62.4375063632798	0.200066334297586
18.675	1.75	0.000110868672321942	0.800007958239739	4.84373359060421e-08	62.4134970578256	0.200088694937858
18.825	1.75	0.000148620220598522	0.800010748636768	4.73073441414877e-08	62.3894845987885	0.200118896176479
18.975	1.75	0.000199669409246162	0.800014528720694	4.62291813530659e-08	62.3654678774417	0.200159735527397
19.125	1.75	0.000268752983305164	0.800019647415732	4.52003129859883e-08	62.3414453898425	0.200215002386644
19.275	1.75	0.000362286077824882	0.800026577219718	4.42175844432366e-08	62.3174150967566	0.20028982886226
19.425	1.75	0.0004889572002207	0.800035954008012	4.32781968201692e-08	62.2933742339715	0.200391165760177
19.575	1.75	0.000660531052205335	0.800048624926983	4.23786266126366e-08	62.2693190555145	0.200528424841764
19.725	1.75	0.000892922029662667	0.800065706909425	4.15150468682452e-08	62.2452444868055	0.20071433762373
19.875	1.75	0.00120761689196175	0.800088664768982	4.0683026335011e-08	62.2211436579892	0.200966093513569
20.025	1.75	0.00163355381567059	0.800119428271971	3.98773107658389e-08	62.1970072787785	0.201306843052536
20.175	1.75	0.00220962139914488	0.800160576999175	3.90914506478507e-08	62.1728228031381	0.201767697119316
20.325	1.75	0.00298803985820005	0.800215618580933	3.83175544079189e-08	62.1485733116945	0.20239043188656
20.475	1.75	0.0040390290018932	0.800289353629854	3.75458138539923e-08	62.124236007744	0.203231223201515
20.625	1.75	0.00545732288481927	0.80038824735919	3.67640549355136e-08	62.0997801764185	0.204365858307855
20.775	1.75	0.00737118296967848	0.800520619713708	3.5956697518249e-08	62.0751643983986	0.205896946375743
20.925	1.75	0.00995447615282174	0.800696359620123	3.51044897829076e-08	62.0503327510855	0.207963580922257
21.075	1.75	0.013442010360222	0.800925828467242	3.41837813264901e-08	62.0252096937452	0.210753608288178
21.225	1.75	0.0181476154986771	0.801217706099019	3.31666789174956e-08	61.9996933485893	0.214518092398942
21.375	1.75	0.0244834908611834	0.801575768996362	3.20225033004309e-08	61.9736469855726	0.219586792688947
21.525	1.75	0.032978259585313	0.801994929237244	3.0720779845623e-08	61.946888712926	0.22638260766825
21.675	1.75	0.0442900679775636	0.80245722860109	2.92372491707447e-08	61.9191796745474	0.235432054382051
21.825	1.75	0.0592098266303876	0.802928837847674	2.75601857994741e-08	61.890211466761	0.24736786130431
21.975	1.75	0.0786480101221209	0.803359448564271	2.56982704268847e-08	61.859594037728	0.262918408097697
22.125	1.75	0.103596182710707	0.803685629306088	2.36851150785095e-08	61.826846070557	0.282876946168565
22.275	1.75	0.135052293434656	0.803839372290156	2.15784895276578e-08	61.7913907967787	0.308041834747725
22.425	1.75	0.173898982550258	0.803761786443787	1.94534740871568e-08	61.7525612240322	0.339119186040207
22.575	1.75	0.220730572183135	0.803419736278758	1.73899733836295e-08	61.709619483942	0.376584457746508
22.725	1.75	0.275641512413091	0.802820831544281	1.54594930882222e-08	61.6617946083133	0.420513209930473
22.875	1.75	0.338017840577411	0.802020618230528	1.37152059544918e-08	61.6083404544805	0.470414272461929
23.025	1.75	0.406404706736288	0.80111648976044	1.2186744072422e-08	61.548610024626	0.52512376538903
23.175	1.75	0.478534555310507	0.800226966633242	1.08815745884515e-08	61.482134862195	0.582827644248406
23.325	1.75	0.551566070149832	0.799462008040849	9.78947765295862e-09	61.4086917052779	0.641252856119865
23.475	1.75	0.622501292353547	0.798895965728881	8.88895310189979e-09	61.3283376733904	0.698001033882838
23.625	1.75	0.688659243816721	0.798554444994585	8.15295430868534e-09	61.2414026422649	0.750927395053377
23.775	1.75	0.748051797963642	0.798418777785325	7.55335109807736e-09	61.1484407506339	0.798441438370914
23.925	1.75	0.799557770851697	0.798442602127684	7.06399535346018e-09	61.0501554510577	0.839646216681357
24.075	1.75	0.842886461968159	0.798570882207305	6.66194885888643e-09	60.9473179575998	0.874309169574527
24.225	1.75	0.87839814931155	0.798753993190848	6.32821762577573e-09	60.8406960975969	0.90271851944924
24.375	1.75	0.906872095170526	0.798954523376338	6.04738204001028e-09	60.7310029509586	0.92549767613642
24.525	1.75	0.929292194107013	0.799148226215127	5.80737549614102e-09	60.6188669311799	0.94343375528561
24.675	1.75	0.946685091004726	0.799321802013515	5.59885069598982e-09	60.5048199273322	0.957348072803781
24.825	1.75	0.960016772333844	0.799469720924142	5.41458927327541e-09	60.3892981751676	0.968013417867075
24.975	1.75	0.970138071361504	0.799591321095233	5.24918876938537e-09	60.2726507022222	0.976110457089203
25.125	1.75	0.977764767965464	0.799688624694636	5.09851235016209e-09	60.1551513401919	0.982211814372371
25.275	1.75	0.983479106352614	0.799764879099537	4.95949379921117e-09	60.0370116177239	0.986783285082091
25.425	1.75	0.98774279043521	0.799823667342571	4.82988722300651e-09	59.9183929557846	0.990194232348168
25.575	1.75	0.990914817373955	0.799868412802227	4.70790788663183e-09	59.7994173830345	0.992731853899164
25.725	1.75	0.993270126429598	0.799902137251255	4.5923007646193e-09	59.6801765000896	0.994616101143679
25.875	1.75	0.995016874540114	0.799927373197405	4.48212053481374e-09	59.5607387195197	0.996013499632091
26.025	1.75	0.996311339767518	0.799946165021336	4.37663753764102e-09	59.4411549613606	0.997049071814014
26.175	1.75	0.997270175981044	0.799960116726512	4.27530092486372e-09	59.3214630451189	0.997816140784835
26.325	1.75	0.997980145837496	0.799970459622799	4.17766951654942e-09	59.2016910264245	0.998384116669997
26.475	1.75	0.99850565462777	0.799978123666541	4.08346898745064e-09	59.0818597049112	0.998804523702216
26.625	1.75	0.998894473299086	0.799983803309465	3.99238966883292e-09	58.9619844957902	0.999115578639268
26.775	1.75	0.999182029764473	0.799988013563198	3.90422733951153e-09	58.8420768207475	0.999345623811579
26.925	1.75	0.999394600837156	0.799991135134624	3.81883210984815e-09	58.7221451396533	0.999515680669725
27.075	1.75	0.999551676906126	0.799993449322217	3.73603562120558e-09	58.6021957155583	0.999641341524901
27.225	1.75	0.999667711968383	0.799995164237276	3.65570773873378e-09	58.4822331821858	0.999734169574706
27.375	1.75	0.999753419893818	0.799996434151675	3.57773786591998e-09	58.3622609652035	0.999802735915055
27.525	1.75	0.999816736195515	0.799997373642672	3.5020360877354e-09	58.2422815951097	0.999853388956412
27.675	1.75	0.999863532807022	0.7999980679164	3.42853301116141e-09	58.1222969396457	0.999890826245617
27.825	1.75	0.999898149892376	0.799998580368614	3.35711333209972e-09	58.0023083763725	0.999918519913901
27.975	1.75	0.99992379167158	0.799998958156449	3.28771407261987e-09	57.882316920721	0.999939033337264
28.125	1.75	0.999942820935209	0.799999236330335	3.22023944115721e-09	57.7623233209056	0.999954256748168
28.275	1.75	0.999956977991908	0.799999440913941	3.15468728894845e-09	57.6423281281919	0.999965582393526
28.425	1.75	0.999967543251315	0.799999591205115	3.09094576942986e-09	57.5223317488512	0.999974034601052
28.575	1.75	0.999975457801885	0.799999701497176	3.02896003104515e-09	57.4023344825229	0.999980366241508
28.725	1.75	0.999981412725094	0.79999978236418	2.96866077856148e-09	57.2823365505023	0.999985130180075
28.875	1.75	0.999985915173277	0.799999841619407	2.91004474430703e-09	57.1623381165694	0.999988732138622
29.025	1.75	0.999989337198223	0.799999885029029	2.85299421980472e-09	57.0423393023027	0.999991469758578
29.175	1.75	0.999991951787565	0.799999916842365	2.79751154726102e-09	56.9223401983184	0.999993561430052
29.325	1.75	0.999993959421801	0.799999940185417	2.74351249582222e-09	56.8023408725065	0.999995167537441
29.475	1.75	0.99999550761138	0.799999957352833	2.69097285400365e-09	56.6823413760536	0.999996406089104
29.625	1.75	0.999996705239215	0.799999970024957	2.63984377883764e-09	56.5623417478393	0.999997364191372
29.775	1.75	0.999997633062987	0.799999979428447	2.59008451512822e-09	56.4423420176402	0.99999810645039
29.925	1.75	0.999998351382482	0.799999986455732	2.54164749600023e-09	56.3223422084626	0.999998681105985
30.075	1.75	0.999998905617919	0.799999991753629	2.49450996926627e-09	56.202342338238	0.999999124494335
30.225	1.75	0.999999330353032	0.79999999578891	2.44860296633395e-09	56.0823424210579	0.999999464282425
30.375	1.75	0.999999652253362	0.799999998897082	2.40391398139775e-09	55.9623424680736	0.99999972180269
30.525	1.75	0.999999892164046	0.800000001318458	2.36040145089786e-09	55.8423424881561	0.999999913731237
30.675	1.75	1.00000006661192	0.800000003224507	2.31802188409928e-09	55.7223424883825	1.00000005328954
30.825	1.75	1.00000018887798	0.800000004737344	2.27675395142953e-09	55.6023424743992	1.00000015110238
30.975	1.75	1.00000026976187	0.800000005944338	2.23657450640967e-09	55.4823424506967	1.0000002158095
31.125	1.75	1.00000031812786	0.800000006908066	2.19742928588563e-09	55.3623424208216	1.00000025450229
31.275	1.75	1.0000003412968	0.800000007674046	2.1593028954319e-09	55.2423423875437	1.00000027303744
31.425	1.75	1.00000034533106	0.800000008275929	2.12216233173602e-09	55.1223423529904	1.00000027626485
31.575	1.75	1.0000003352457	0.80000000873939	2.08598487739653e-09	55.0023423187574	1.00000026819656
31.725	1.75	1.00000031516935	0.800000009084669	2.05073977770279e-09	54.8823422860014	1.00000025213548
31.875	1.75	1.0000002884712	0.800000009328335	2.01640889961254e-09	54.7623422555194	1.00000023077696
32.025	1.75	1.00000025786524	0.800000009484509	1.98294420651627e-09	54.6423422278164	1.00000020629219
32.175	1.75	1.00000022549886	0.800000009565559	1.95035983268847e-09	54.5223422031639	1.00000018039909
32.325	1.75	1.00000019303076	0.800000009582609	1.91859050585133e-09	54.402342181651	1.00000015442461
32.475	1.75	1.00000016170081	0.800000009545733	1.88763871056253e-09	54.2823421632272	1.00000012936065
32.625	1.75	1.00000013239367	0.80000000946414	1.8574676995284e-09	54.1623421477407	1.00000010591493
32.775	1.75	1.00000010569681	0.800000009346239	1.82809479024211e-09	54.0423421349684	1.00000008455745
32.925	1.75	1.00000008195355	0.800000009199634	1.79944936635942e-09	53.922342124643	1.00000006556284
33.075	1.75	1.0000000613109	0.800000009031136	1.77153359894866e-09	53.8023421164734	1.00000004904872
33.225	1.75	1.00000004376248	0.800000008846716	1.74433497155892e-09	53.6823421101619	1.00000003500998
33.375	1.75	1.0000000291864	0.800000008651594	1.71785017244301e-09	53.562342105417	1.00000002334912
33.525	1.75	1.00000001737808	0.800000008450101	1.69200587969177e-09	53.4423421019627	1.00000001390246
33.675	1.75	1.00000000807823	0.800000008246013	1.66682827276123e-09	53.3223420995453	1.00000000646258
33.825	1.75	1.00000000099615	0.800000008042197	1.64231788755321e-09	53.2023420979378	1.00000000079692
33.975	1.75	0.999999995828563	0.800000007840992	1.61840699847891e-09	53.0823420969414	0.999999996662851
34.125	1.75	0.999999992274443	0.800000007644178	1.59510783234293e-09	52.9623420963864	0.999999993819554
34.275	1.75	0.999999990046204	0.800000007452864	1.57240988552969e-09	52.8423420961315	0.999999992036963
34.425	1.75	0.999999988877612	0.800000007267901	1.55029873379093e-09	52.7223420960617	0.999999991102089
34.575	1.75	0.999999988528994	0.80000000708977	1.52874564836749e-09	52.6023420960866	0.999999990823195
34.725	1.75	0.999999988790134	0.800000006918361	1.50774300587101e-09	52.4823420961372	0.999999991032107
34.875	1.75	0.999999989481212	0.800000006753781	1.48728397541412e-09	52.3623420961633	0.999999991584969
35.025	1.75	0.999999990452434	0.800000006595622	1.46736187512782e-09	52.2423420961306	0.999999992361947
35.175	1.75	0.999999991582398	0.800000006443405	1.44794518392713e-09	52.1223420960178	0.999999993265919
35.325	1.75	0.999999992775792	0.800000006296816	1.42902540315657e-09	52.0023420958138	0.999999994220633
35.475	1.75	0.999999993960576	0.80000000615507	1.41060483563227e-09	51.8823420955158	0.999999995168461
35.625	1.75	0.999999995084885	0.800000006017828	1.39266849843727e-09	51.7623420951268	0.999999996067908
35.775	1.75	0.999999996113909	0.800000005884467	1.37518772708818e-09	51.6423420946541	0.999999996891127
35.925	1.75	0.999999997026845	0.800000005754511	1.35817522893804e-09	51.5223420941076	0.999999997621476
36.075	1.75	0.999999997814044	0.800000005627463	1.34160673136074e-09	51.4023420934986	0.999999998251236
36.225	1.75	0.999999998474362	0.800000005502926	1.32548708716039e-09	51.282342092839	0.99999999877949
36.375	1.75	0.999999999012925	0.800000005380591	1.30979242476246e-09	51.1623420921406	0.99999999921034
36.525	1.75	0.999999999439132	0.80000000526016	1.29450916383979e-09	51.0423420914143	0.999999999551305
36.675	1.75	0.999999999765019	0.800000005141335	1.27964492005835e-09	50.9223420906702	0.999999999812015
36.825	1.75	1.00000000000404	0.800000005023906	1.2651829169272e-09	50.802342089917	1.00000000000323
36.975	1.75	1.00000000017007	0.800000004907804	1.2511226018999e-09	50.6823420891622	1.00000000013605
37.125	1.75	1.00000000027665	0.800000004792829	1.23743811207318e-09	50.562342088412	1.00000000022132
37.275	1.75	1.00000000033645	0.800000004678899	1.22414143061414e-09	50.4423420876713	1.00000000026916
37.425	1.75	1.0000000003606	0.800000004565851	1.21120217531109e-09	50.3223420869437	1.00000000028848
37.575	1.75	1.00000000035792	0.800000004453477	1.19863568607169e-09	50.2023420862323	1.00000000028634
37.725	1.75	1.00000000033447	0.800000004342011	1.18642220345659e-09	50.0823420855389	1.00000000026757
37.875	1.75	1.00000000029435	0.80000000423192	1.17456540970236e-09	49.9623420848654	1.00000000023548
38.025	1.75	1.00000000024336	0.800000004124216	1.16304626702945e-09	49.8423420842128	1.00000000019468
38.175	1.75	1.00000000019542	0.8000000040196	1.15186804560346e-09	49.7223420835814	1.00000000015634
38.325	1.75	1.00000000017693	0.800000003916423	1.14101285864916e-09	49.6023420829694	1.00000000014154
38.475	1.75	1.0000000002171	0.800000003808564	1.13050348390899e-09	49.4823420823725	1.00000000017368
38.625	1.75	1.0000000003093	0.800000003685331	1.12029408841392e-09	49.3623420817851	1.00000000024744
38.775	1.75	1.00000000034494	0.800000003540177	1.11040527244703e-09	49.2423420812075	1.00000000027595
38.925	1.75	1.0000000000728	0.800000003391124	1.100830540024e-09	49.1223420806568	1.00000000005824
39.075	1.75	0.999999999210981	0.800000003304128	1.09153869292266e-09	49.0023420801761	0.999999999368785
39.225	1.75	0.999999997860553	0.800000003388243	1.0825709194545e-09	48.8823420798171	0.999999998288443
39.375	1.75	0.999999997186146	0.80000000370462	1.07388306501011e-09	48.7623420795704	0.999999997748917
39.525	1.75	0.999999999799278	0.800000004059856	1.06548600281995e-09	48.6423420792459	0.999999999839423
39.675	1.75	1.00000000854893	0.800000003775191	1.05737309345781e-09	48.522342078391	1.00000000683914
39.825	1.75	1.00000002228014	0.800000001768	1.0495338080688e-09	48.4023420764719	1.00000001782411
39.975	1.75	1.00000002906769	0.799999997474727	1.04197937060292e-09	48.2823420735828	1.00000002325416
40.125	1.75	1.00000000269341	0.79999999287998	1.03468998982119e-09	48.1623420716485	1.00000000215473
40.275	1.75	0.999999915050665	0.799999994660551	1.02766123507913e-09	48.0423420752016	0.999999932040532
40.425	1.75	0.999999777874281	0.800000013201695	1.02091423959359e-09	47.9223420895606	0.999999822299425
40.575	1.75	0.999999707649025	0.800000053608681	1.01440659949244e-09	47.8023421138892	0.99999976611922
40.725	1.75	0.999999957516862	0.800000096692788	1.00816914131402e-09	47.6823421296094	0.99999996601349
40.875	1.75	1.00000079734852	0.800000079768892	1.00216840356429e-09	47.5623420930381	1.00000063787881
41.025	1.75	1.00000212196095	0.799999907122613	9.96424516988867e-10	47.4423419525877	1.00000169756876
41.175	1.75	1.0000028529017	0.799999532863663	9.9092640648786e-10	47.3223417134849	1.00000228232136
41.325	1.75	1.00000065163017	0.799999130483652	9.85676509742273e-10	47.2023415449718	1.00000052130414
41.475	1.75	0.999993003857206	0.799999257913257	9.8065897844731e-10	47.0823418492269	0.999994403085765
41.625	1.75	0.999980706636844	0.80000075839361	9.75884795116221e-10	46.962343110856	0.999984565309475
41.775	1.75	0.999973138462832	0.800004042894854	9.71333682368118e-10	46.842345326038	0.999978510770266
41.925	1.75	0.999990827519299	0.800007659687365	9.67002230403183e-10	46.7223470554287	0.999992662015439
42.075	1.75	1.00005637953503	0.800006938185277	9.62851887019991e-10	46.6023447892649	1.00004510362802
42.225	1.75	1.00016528886092	0.799994825938034	9.588881837842e-10	46.4823341490085	1.00013223108874
42.375	1.75	1.00024184955408	0.799967675888067	9.55179153371324e-10	46.3623146062274	1.00019347964326
42.525	1.75	1.00011633628737	0.799936552043922	9.51826457375638e-10	46.2422974130039	1.0000930690299
42.675	1.75	0.999594226906846	0.799937862120893	9.48984259415876e-10	46.1223113058186	0.999675381525477
42.825	1.75	0.998683926299799	0.800027373793259	9.46660682109115e-10	46.0023939567501	0.998947141039839
42.975	1.75	0.997944673211728	0.800237008056528	9.4440256157355e-10	45.8825557884772	0.998355738569382
43.125	1.75	0.998684258958136	0.800490006576353	9.41230047622423e-10	45.7627175939875	0.998947407166508
43.275	1.75	1.00248296174038	0.800522976133275	9.35962357865398e-10	45.6426615635176	1.0019863693923
43.425	1.75	1.00955927623912	0.799934826442775	9.28481291027657e-10	45.5220836608462	1.0076474209913
43.575	1.75	1.01623380740546	0.798479882356454	9.21514798110203e-10	45.4008458840697	1.01298704592437
43.725	1.75	1.01328677104446	0.796573392458486	9.21752762508044e-10	45.2794287276686	1.01062941683557
43.875	1.75	0.988680897784545	0.795833251137219	9.38341082162887e-10	45.1593337331435	0.990944718227636
44.025	1.75	0.938367896616033	0.799351007712179	9.76578549494532e-10	45.0428407006273	0.950694317292826
44.175	1.75	0.884673133383632	0.810192429016939	1.02161620566712e-09	44.9313521949772	0.907738506706905
44.325	1.75	0.889127901530082	0.824441953088269	1.01668504217354e-09	44.822207840929	0.911302321224066
44.475	1.75	1.03257195142121	0.826489829170547	9.02172443862206e-10	44.705957435308	1.02605756113697
44.625	1.75	1.34924434214044	0.808622132983591	7.22800730426897e-10	44.567799999402	1.27939547371235
44.775	1.75	1.76408811846221	0.709537047462514	5.73337474984716e-10	44.3955931862432	1.61127049476977
44.925	1.75	2.11154506658586	0.834636814056577	4.8865829185459e-10	44.2248231665452	1.88923605326868
0.075	2.25	3.47407668017548e-16	0.399984806773681	-0.000140128936901114	65.3895082639404	0.2
0.225	2.25	1.09804110976842e-15	0.799956824597088	-0.000126632600928552	65.365509175534	0.200000000000001
0.375	2.25	2.54852937679693e-15	0.799934890972995	-0.000104641091137624	65.3415108544646	0.200000000000002
0.525	2.25	4.61692407742191e-15	0.799920430888865	-7.92937891959088e-05	65.3175130820756	0.200000000000004
0.675	2.25	7.14975972264201e-15	0.799913166009534	-5.43555456264485e-05	65.2935156286112	0.200000000000006
0.825	2.25	9.93699872613291e-15	0.799911886156361	-3.20713492133179e-05	65.269518292115	0.200000000000008
0.975	2.25	1.27390918888682e-14	0.799915056192761	-1.34821151190127e-05	65.2455209154419	0.20000000000001
1.125	2.25	1.53006508353157e-14	0.799921188559624	1.18125897059144e-06	65.2215233887434	0.200000000000012
1.275	2.25	1.73409255709178e-14	0.799929026231005	1.2164465261293e-05	65.1975256441283	0.200000000000014
1.425	2.25	1.85242014277823e-14	0.799937601594049	1.99495445209607e-05	65.1735276471696	0.200000000000015
1.575	2.25	1.84209559477376e-14	0.799946225935418	2.50993272986441e-05	65.1495293880326	0.200000000000015
1.725	2.25	1.64726240391103e-14	0.799954446965231	2.81662565179257e-05	65.1255308736135	0.200000000000013
1.875	2.25	1.19707631332317e-14	0.799961996866838	2.96453950645082e-05	65.1015321212147	0.20000000000001
2.025	2.25	4.05783400095858e-15	0.799968742772351	2.9955447157559e-05	65.0775331538014	0.200000000000003
2.175	2.25	-8.24614830943804e-15	0.799974644872562	2.94361872035506e-05	65.0535339966484	0.199999999999993
2.325	2.25	-2.59881924398183e-14	0.799979723566491	2.83545635821335e-05	65.0295346751091	0.199999999999979
2.475	2.25	-5.01950542279865e-14	0.79998403511379	2.69146339433155e-05	65.0055352132344	0.19999999999996
2.625	2.25	-8.17500616177661e-14	0.79998765443302	2.52684981814939e-05	64.9815356330023	0.199999999999935
2.775	2.25	-1.21229150581928e-13	0.799990663522448	2.35267031764346e-05	64.9575359539684	0.199999999999903
2.925	2.25	-1.686912692095e-13	0.799993144065797	2.17674028058006e-05	64.933536193191	0.199999999999865
3.075	2.25	-2.23419723206497e-13	0.799995173039429	2.00440384147283e-05	64.9095363653245	0.199999999999821
3.225	2.25	-2.83614122009836e-13	0.799996820376207	1.83915593941188e-05	64.8855364828086	0.199999999999773
3.375	2.25	-3.46037459324652e-13	0.799998147999887	1.68313357849901e-05	64.861536556102	0.199999999999723
3.525	2.25	-4.05629656238471e-13	0.799999209718498	1.53749574520369e-05	64.8375365939287	0.199999999999676
3.675	2.25	-4.55107652319587e-13	0.800000051622846	1.40271219713828e-05	64.813536603519	0.199999999999636
3.825	2.25	-4.84582931927396e-13	0.800000712762112	1.27877972498549e-05	64.7895365908314	0.199999999999612
3.975	2.25	-4.81240122920251e-13	0.800001225932347	1.16538161165867e-05	64.7655365607533	0.199999999999615
4.125	2.25	-4.29134835934347e-13	0.80000161849091	1.06200368351939e-05	64.7415365172756	0.199999999999657
4.275	2.25	-3.09184709647942e-13	0.800001913131708	9.68017262716979e-06	64.7175364636439	0.199999999999753
4.425	2.25	-9.94439700225355e-14	0.80000212859308	8.82737594407169e-06	64.6935364024877	0.19999999999992
4.575	2.25	2.24232536956693e-13	0.800002280292745	8.05463925467188e-06	64.6695363359284	0.200000000000179
4.725	2.25	6.87016474131172e-13	0.800002380874842	7.35506354914163e-06	64.6455362656701	0.20000000000055
4.875	2.25	1.31329597971009e-12	0.800002440682654	6.72203080869438e-06	64.6215361930758	0.200000000001051
5.025	2.25	2.1240982082308e-12	0.800002468157009	6.14930640073437e-06	64.5975361192289	0.200000000001699
5.175	2.25	3.13362252137055e-12	0.800002470168991	5.63109512558456e-06	64.5735360449859	0.200000000002507
5.325	2.25	4.34478458163952e-12	0.800002452304329	5.16206348018718e-06	64.5495359710182	0.200000000003476
5.475	2.25	5.74371172825084e-12	0.80000241909241	4.73733868611763e-06	64.5255358978468	0.200000000004595
5.625	2.25	7.29319220877937e-12	0.800002374195554	4.35249462396374e-06	64.5015358258715	0.200000000005835
5.775	2.25	8.92516935165789e-12	0.800002320573354	4.00352859780505e-06	64.4775357553937	0.20000000000714
5.925	2.25	1.05324902323871e-11	0.800002260605767	3.68683202684842e-06	64.4535356866354	0.200000000008426
6.075	2.25	1.19602697815946e-11	0.800002196204732	3.39916029639328e-06	64.4295356197553	0.200000000009568
6.225	2.25	1.29974169455515e-11	0.800002128895588	3.13760065711272e-06	64.4055355548609	0.200000000010398
6.375	2.25	1.33690888938733e-11	0.800002059895863	2.89954230918852e-06	64.3815354920191	0.200000000010695
6.525	2.25	1.27310887792558e-11	0.800001990165951	2.68264717300999e-06	64.3575354312646	0.200000000010185
6.675	2.25	1.06674951460243e-11	0.800001920462447	2.484821899269e-06	64.3335353726066	0.200000000008534
6.825	2.25	6.69309499621261e-12	0.800001851373381	2.30419316405331e-06	64.3095353160348	0.200000000005354
6.975	2.25	2.62470888009145e-13	0.800001783350759	2.13908453411255e-06	64.285535261523	0.20000000000021
7.125	2.25	-9.2121578807093e-12	0.800001716738442	1.98799516895103e-06	64.2615352090337	0.19999999999263
7.275	2.25	-2.23320484638972e-11	0.800001651791909	1.84958134906852e-06	64.2375351585204	0.199999999982134
7.425	2.25	-3.9669613816227e-11	0.800001588693721	1.72263961788833e-06	64.2135351099304	0.199999999968264
7.575	2.25	-6.17103211990345e-11	0.800001527571108	1.60609004232639e-06	64.1895350632064	0.199999999950632
7.725	2.25	-8.87766914209639e-11	0.800001468503473	1.49896565927578e-06	64.165535018288	0.199999999928979
7.875	2.25	-1.2093275026246e-10	0.800001411536944	1.40039719035433e-06	64.1415349751132	0.199999999903254
8.025	2.25	-1.57868051693089e-10	0.800001356685295	1.30960389388668e-06	64.1175349336191	0.199999999873706
8.175	2.25	-1.98761515283964e-10	0.800001303942922	1.22588412637114e-06	64.0935348937424	0.199999999840991
8.325	2.25	-2.42126850213282e-10	0.800001253284363	1.14860626546243e-06	64.0695348554206	0.199999999806299
8.475	2.25	-2.85643318369991e-10	0.800001204672898	1.07720092756567e-06	64.0455348185918	0.199999999771485
8.625	2.25	-3.25978047527725e-10	0.800001158059734	1.01115511843666e-06	64.0215347831951	0.199999999739218
8.775	2.25	-3.58609047945594e-10	0.80000111338915	9.50005833909379e-07	63.9975347491708	0.199999999713113
8.925	2.25	-3.77661488373101e-10	0.800001070601106	8.93334456319706e-07	63.9735347164606	0.199999999697871
9.075	2.25	-3.7577358787993e-10	0.800001029630695	8.40762736314103e-07	63.9495346850073	0.199999999699381
9.225	2.25	-3.44012570001421e-10	0.800000990411204	7.91947976427588e-07	63.9255346547549	0.19999999972479
9.375	2.25	-2.7186534203741e-10	0.800000952875432	7.46579536055043e-07	63.9015346256487	0.199999999782508
9.525	2.25	-1.47332680834898e-10	0.800000916954185	7.04376154437124e-07	63.8775345976346	0.199999999882134
9.675	2.25	4.28405645376636e-11	0.800000882580428	6.65081790636617e-07	63.8535345706597	0.200000000034272
9.825	2.25	3.12763763515786e-10	0.800000849687423	6.28464174272042e-07	63.8295345446715	0.200000000250211
9.975	2.25	6.76789998548574e-10	0.800000818208615	5.94311679132536e-07	63.8055345196184	0.200000000541432
10.125	2.25	1.1486593457556e-09	0.800000788080329	5.62431666756179e-07	63.7815344954491	0.200000000918927
10.275	2.25	1.74036061370275e-09	0.800000759239513	5.326485435172e-07	63.757534472113	0.200000001392288
10.425	2.25	2.46068110086236e-09	0.800000731625736	5.04802046318422e-07	63.7335344495606	0.200000001968545
10.575	2.25	3.31342221375723e-09	0.800000705180216	4.78745809152042e-07	63.709534427743	0.200000002650738
10.725	2.25	4.29527103701865e-09	0.800000679845578	4.54345884124742e-07	63.6855344066136	0.200000003436217
10.875	2.25	5.39333468147921e-09	0.800000655567161	4.31479847257311e-07	63.6615343861276	0.200000004314668
11.025	2.25	6.5823658724796e-09	0.800000632291724	4.1003549894021e-07	63.637534366244	0.200000005265893
11.175	2.25	7.82173503957811e-09	0.800000609969448	3.89909787914081e-07	63.6135343469263	0.200000006257388
11.325	2.25	9.05223618359412e-09	0.800000588550525	3.71008606027689e-07	63.5895343281441	0.200000007241789
11.475	2.25	1.01928508138073e-08	0.800000567989437	3.53245015920404e-07	63.5655343098752	0.200000008154281
11.625	2.25	1.11376357313562e-08	0.80000054824144	3.36539384676615e-07	63.5415342921077	0.200000008910109
11.775	2.25	1.17529454766831e-08	0.800000529265645	3.20818296089686e-07	63.5175342748423	0.200000009402356
11.925	2.25	1.18752475396971e-08	0.800000511022397	3.06014313651384e-07	63.4935342580952	0.200000009500198
12.075	2.25	1.13098361984963e-08	0.800000493476364	2.92065081780911e-07	63.4695342419009	0.200000009047869
12.225	2.25	9.83079692038032e-09	0.800000476594097	2.78913255661908e-07	63.4455342263151	0.200000007864638
12.375	2.25	7.18261504425232e-09	0.8000004603462	2.66505747434589e-07	63.4215342114177	0.200000005746092
12.525	2.25	3.08385705684512e-09	0.800000444706216	2.54793670644967e-07	63.3975341973153	0.200000002467086
12.675	2.25	-2.76662293255963e-09	0.800000429652622	2.43731592280397e-07	63.3735341841433	0.199999997786702
12.825	2.25	-1.06804880508183e-08	0.800000415167484	2.33277766558206e-07	63.3495341720673	0.19999999145561
12.975	2.25	-2.09672768378163e-08	0.800000401237321	2.23393336827167e-07	63.3255341612839	0.199999983226179
13.125	2.25	-3.39178808061282e-08	0.800000387853942	2.14042333425455e-07	63.3015341520188	0.199999972865695
13.275	2.25	-4.97837514479934e-08	0.800000375013087	2.05191482970169e-07	63.2775341445249	0.199999960172999
13.425	2.25	-6.87515103979269e-08	0.800000362716887	1.96809797962489e-07	63.2535341390765	0.199999944998792
13.575	2.25	-9.09127172119561e-08	0.800000350971741	1.88868497704351e-07	63.2295341359621	0.199999927269826
13.725	2.25	-1.16228641435297e-07	0.800000339788947	1.81340921533839e-07	63.2055341354734	0.199999907017087
13.875	2.25	-1.44489979486593e-07	0.800000329185634	1.742022952375e-07	63.1815341378907	0.199999884408016
14.025	2.25	-1.75271537099615e-07	0.800000319183641	1.67429470022685e-07	63.1575341434644	0.19999985978277
14.175	2.25	-2.07881942264133e-07	0.800000309809375	1.61000727198431e-07	63.1335341523918	0.199999833694446
14.325	2.25	-2.41308430291143e-07	0.800000301093994	1.54896373408745e-07	63.1095341647892	0.199999806953256
14.475	2.25	-2.74156608597717e-07	0.800000293074552	1.4909735922017e-07	63.0855341806574	0.199999780674713
14.625	2.25	-3.045848058108e-07	0.800000285793136	1.43586659624891e-07	63.0615341998428	0.199999756332155
14.775	2.25	-3.30232060218882e-07	0.800000279299838	1.38347633581697e-07	63.0375342219901	0.199999735814352
14.925	2.25	-3.48137903710376e-07	0.800000273654218	1.3336527362953e-07	63.0135342464894	0.199999721489677
15.075	2.25	-3.54650713707875e-07	0.800000268929534	1.28625196290801e-07	62.9895342724134	0.199999716279429
15.225	2.25	-3.45319358978635e-07	0.800000265220287	1.24114439718669e-07	62.9655342984466	0.199999723744513
15.375	2.25	-3.14759921119554e-07	0.800000262651138	1.19820291491938e-07	62.9415343228015	0.199999748192063
15.525	2.25	-2.56485123286672e-07	0.800000261391562	1.15731206116936e-07	62.9175343431214	0.199999794811901
15.675	2.25	-1.62678334164296e-07	0.800000261676589	1.11836349117668e-07	62.8935343563632	0.199999869857333
15.825	2.25	-2.38860988317696e-08	0.800000263836494	1.08125386740563e-07	62.8695343586551	0.199999980891121
15.975	2.25	1.71407639492659e-07	0.800000268338561	1.04588871904794e-07	62.8455343451191	0.200000137126112
16.125	2.25	4.37377085008775e-07	0.800000275842127	1.01217866970776e-07	62.8215343096445	0.200000349901668
16.275	2.25	7.91691112672162e-07	0.800000287278287	9.80037678203582e-08	62.7975342445922	0.20000063335289
16.425	2.25	1.25668860324766e-06	0.800000303957477	9.49388940086597e-08	62.773534140403	0.200001005350883
16.575	2.25	1.8610262432004e-06	0.800000327712322	9.20156723463908e-08	62.7495339850704	0.200001488820995
16.725	2.25	2.6419805359687e-06	0.800000361097185	8.92271549740766e-08	62.7255337634231	0.200002113584429
16.875	2.25	3.64865020477289e-06	0.800000407652541	8.6566977754075e-08	62.7015334561441	0.200002918920164
17.025	2.25	4.94639136793761e-06	0.800000472263558	8.40286551903584e-08	62.6775330384228	0.200003957113094
17.175	2.25	6.62293326456332e-06	0.800000561641282	8.16066501877198e-08	62.6535324781006	0.200005298346612
17.325	2.25	8.79677735768857e-06	0.800000684974194	7.92953957519349e-08	62.6295317331202	0.200007037421886
17.475	2.25	1.16286922034649e-05	0.800000854803411	7.70897191723312e-08	62.6055307480194	0.200009302953763
17.625	2.25	1.53374011625878e-05	0.800001088209861	7.49848302196178e-08	62.5815294491207	0.20001226992093
17.775	2.25	2.02209468149809e-05	0.800001408416551	7.29760358298898e-08	62.5575277379418	0.200016176757452
17.925	2.25	2.66857374323581e-05	0.8000018469442	7.10591203055013e-08	62.5335254821871	0.200021348589946
18.075	2.25	3.52859741615013e-05	0.800002446492225	6.92298333312575e-08	62.5095225034517	0.200028228779329
18.225	2.25	4.67770666414423e-05	0.800003264765364	6.74843331871472e-08	62.4855185604698	0.200037421653313
18.375	2.25	6.21878338832999e-05	0.80000437956043	6.58188474078711e-08	62.4615133263324	0.200049750267107
18.525	2.25	8.29178726876668e-05	0.800005895595569	6.42296400863521e-08	62.4375063575667	0.20006633429815
18.675	2.25	0.000110868673227182	0.80000795383843	6.27132519141107e-08	62.4134970522477	0.200088694938582
18.825	2.25	0.000148620221762099	0.800010744445103	6.12661370572129e-08	62.3894845933395	0.20011889617741
18.975	2.25	0.000199669410742632	0.800014524730954	5.98850160260725e-08	62.3654678721152	0.200159735528594
19.125	2.25	0.000268752985229999	0.800019643620066	5.85660768923305e-08	62.3414453846327	0.200215002388184
19.275	2.25	0.000362286080300099	0.800026573610548	5.73059478462675e-08	62.3174150916578	0.20028982886424
19.425	2.25	0.000488957203401843	0.800035950578458	5.61004610010746e-08	62.2933742289781	0.200391165762721
19.575	2.25	0.00066053105629011	0.800048621670901	5.49452448155971e-08	62.2693190506213	0.200528424845032
19.725	2.25	0.000892922034901352	0.800065703820119	5.38354407776215e-08	62.2452444820072	0.200714337627921
19.875	2.25	0.00120761689866999	0.800088661841203	5.27655861912992e-08	62.2211436532809	0.200966093518936
20.025	2.25	0.00163355382424502	0.800119425499346	5.17285197230773e-08	62.1970072741555	0.201306843059396
20.175	2.25	0.00220962141008261	0.80016057437682	5.07160016534005e-08	62.1728227985956	0.201767697128066
20.325	2.25	0.00298803987212253	0.800215616103592	4.97180670673903e-08	62.1485733072281	0.202390431897698
20.475	2.25	0.00403902901957634	0.800289351292368	4.87220927649504e-08	62.1242360033493	0.203231223215661
20.625	2.25	0.00545732290722904	0.800388245156638	4.7711961807993e-08	62.0997801720912	0.204365858325783
20.775	2.25	0.0073711829980088	0.80052061764121	4.66680098981114e-08	62.0751643941347	0.205896946398407
20.925	2.25	0.00995447618853225	0.800696357672441	4.55651034436752e-08	62.0503327468808	0.207963580950826
21.075	2.25	0.0134420104050691	0.800925826639714	4.43728048521943e-08	62.0252096895959	0.210753608324055
21.225	2.25	0.01814761555473	0.801217704386428	4.30551466690152e-08	61.9996933444915	0.214518092443784
21.375	2.25	0.024483490930827	0.801575767392986	4.1572476277555e-08	61.9736469815228	0.219586792744662
21.525	2.25	0.0329782596712297	0.801994927737405	3.98854623227053e-08	61.9468887089204	0.226382607736984
21.675	2.25	0.0442900680826964	0.802457227199112	3.79624997913622e-08	61.9191796705828	0.235432054466157
21.825	2.25	0.0592098267578669	0.802928836536988	3.57885687305559e-08	61.8902114628342	0.247367861406294
21.975	2.25	0.0786480102751396	0.803359447338758	3.33750443724407e-08	61.8595940338362	0.262918408220112
22.125	2.25	0.103596182892299	0.803685628158814	3.07653233451059e-08	61.8268460666974	0.282876946313839
22.275	2.25	0.135052293647304	0.803839371214458	2.80343325015156e-08	61.7913907929492	0.308041834917843
22.425	2.25	0.17389898279533	0.803761785433335	2.5279091180842e-08	61.7525612202309	0.339119186236264
22.575	2.25	0.220730572460114	0.803419735326997	2.26033052423717e-08	61.709619480168	0.376584457968091
22.725	2.25	0.275641512718763	0.802820830645667	2.00998243190614e-08	61.6617946045662	0.42051321017501
22.875	2.25	0.338017840905223	0.802020617380096	1.78374315897996e-08	61.6083404507609	0.470414272724179
23.025	2.25	0.406404707076349	0.801116488953692	1.5854767064115e-08	61.5486100209358	0.525123765661079
23.175	2.25	0.478534555650466	0.800226965866401	1.41615694710742e-08	61.4821348585372	0.582827644520373
23.325	2.25	0.55156607047659	0.799462007310275	1.2744675939665e-08	61.4086917016565	0.641252856381272
23.475	2.25	0.622501292655365	0.79889596503136	1.15762242234475e-08	61.3283376698104	0.698001034124292
23.625	2.25	0.688659244084987	0.798554444327093	1.06211057985867e-08	61.2414026387317	0.75092739526799
23.775	2.25	0.748051798193759	0.798418777145265	9.84298014922505e-09	61.1484407471529	0.798441438555007
23.925	2.25	0.799557771042989	0.798442601512708	9.20775331923503e-09	61.0501554476337	0.839646216834392
24.075	2.25	0.84288646212296	0.798570881615332	8.68579753603535e-09	60.947317954237	0.874309169698368
24.225	2.25	0.878398149434116	0.798753992620237	8.25239326205028e-09	60.8406960942986	0.902718519547293
24.375	2.25	0.906872095265921	0.798954522825661	7.88757824921916e-09	60.7310029477268	0.925497676212737
24.525	2.25	0.929292194180343	0.799148225683158	7.57571136619419e-09	60.6188669280161	0.943433755344275
24.675	2.25	0.946685091060667	0.799321801499217	7.30463257808266e-09	60.5048199242369	0.957348072848534
24.825	2.25	0.960016772376391	0.799469720426662	7.06505782083039e-09	60.3892981721408	0.968013417901113
24.975	2.25	0.970138071393907	0.799591320613674	6.84994007810355e-09	60.2726506992633	0.976110457115125
25.125	2.25	0.977764767990314	0.79968862422834	6.65396617543099e-09	60.1551513372999	0.982211814392251
25.275	2.25	0.983479106371888	0.79976487864774	6.47315131474113e-09	60.0370116148976	0.98678328509751
25.425	2.25	0.987742790450395	0.799823666904819	6.3045156416905e-09	59.9183929530226	0.990194232360316
25.575	2.25	0.990914817386157	0.799868412377878	6.14583247175577e-09	59.7994173803353	0.992731853908926
25.725	2.25	0.993270126439617	0.799902136839723	5.99544003983064e-09	59.6801764974517	0.994616101151694
25.875	2.25	0.995016874548528	0.799927372798338	5.85209587613197e-09	59.5607387169414	0.996013499638823
26.025	2.25	0.996311339774752	0.799946164634129	5.71485266306199e-09	59.4411549588403	0.997049071819802
26.175	2.25	0.997270175987419	0.799960116350827	5.58300280306855e-09	59.3214630426551	0.997816140789936
26.325	2.25	0.997980145843226	0.79997045925818	5.45602252871347e-09	59.2016910240154	0.99838411667458
26.475	2.25	0.998505654633013	0.799978123312602	5.33343733884128e-09	59.0818597025554	0.998804523706411
26.625	2.25	0.998894473303949	0.79998380296581	5.21491684681487e-09	58.9619844934861	0.999115578643159
26.775	2.25	0.999182029769037	0.79998801322951	5.10021196682186e-09	58.8420768184938	0.99934562381523
26.925	2.25	0.999394600841482	0.799991134810569	4.98907599256321e-09	58.7221451374485	0.999515680673186
27.075	2.25	0.999551676910252	0.7999934490074	4.88132027664407e-09	58.6021957134009	0.999641341528202
27.225	2.25	0.999667711972353	0.799995163931466	4.77679058005184e-09	58.4822331800746	0.999734169577882
27.375	2.25	0.999753419897655	0.799996433854532	4.67531283880601e-09	58.3622609631371	0.999802735918124
27.525	2.25	0.999816736199229	0.799997373353924	4.5767911275195e-09	58.2422815930868	0.999853388959383
27.675	2.25	0.999863532810628	0.799998067635804	4.48109021305189e-09	58.1222969376652	0.999890826248502
27.825	2.25	0.999898149895889	0.799998580095866	4.38811363339579e-09	58.0023083744332	0.999918519916712
27.975	2.25	0.999923791674996	0.799998957891248	4.29774316882932e-09	57.8823169188217	0.999939033339997
28.125	2.25	0.999942820938548	0.799999236072532	4.20994017406281e-09	57.7623233190451	0.999954256750838
28.275	2.25	0.999956977995166	0.799999440663217	4.12455168603212e-09	57.6423281263692	0.999965582396132
28.425	2.25	0.999967543254503	0.799999590961309	4.04151101006484e-09	57.5223317470653	0.999974034603602
28.575	2.25	0.999975457805004	0.799999701260062	3.96077676696192e-09	57.4023344807728	0.999980366244003
28.725	2.25	0.999981412728139	0.799999782133529	3.88226067305525e-09	57.2823365487869	0.999985130182511
28.875	2.25	0.999985915176265	0.799999841394982	3.80586395845002e-09	57.1623381148879	0.999988732141012
29.025	2.25	0.999989337201147	0.799999884810732	3.7315551242944e-09	57.042339300654	0.999991469760917
29.175	2.25	0.999991951790426	0.799999916629973	3.65925119313362e-09	56.9223401967018	0.999993561432341
29.325	2.25	0.999993959424605	0.799999939978688	3.58889517742442e-09	56.8023408709211	0.999995167539684
29.475	2.25	0.999995507614129	0.799999957151642	3.52042521822358e-09	56.6823413744985	0.999996406091303
29.625	2.25	0.999996705241914	0.799999969829113	3.45377853888909e-09	56.5623417463136	0.999997364193531
29.775	2.25	0.999997633065634	0.79999997923781	3.38892784229023e-09	56.4423420161433	0.999998106452507
29.925	2.25	0.999998351385081	0.799999986270196	3.3257766366307e-09	56.3223422069937	0.999998681108065
30.075	2.25	0.999998905620468	0.799999991572973	3.2643042230426e-09	56.2023423367963	0.999999124496375
30.225	2.25	0.999999330355529	0.799999995612984	3.20443877044035e-09	56.0823424196426	0.999999464284423
30.375	2.25	0.999999652255814	0.799999998725771	3.1461844137017e-09	55.9623424666841	0.999999721804651
30.525	2.25	0.999999892166442	0.800000001151645	3.08941798685391e-09	55.8423424867918	0.999999913733154
30.675	2.25	1.00000006661428	0.800000003062023	3.03415574978621e-09	55.7223424870427	1.00000005329142
30.825	2.25	1.00000018888029	0.80000000457911	2.98035211639122e-09	55.6023424730832	1.00000015110423
30.975	2.25	1.00000026976415	0.800000005790192	2.92791522432751e-09	55.4823424494039	1.00000021581132
31.125	2.25	1.00000031813009	0.800000006757917	2.87683391462914e-09	55.3623424195514	1.00000025450407
31.275	2.25	1.00000034129898	0.800000007527796	2.82709245687239e-09	55.2423423862955	1.00000027303919
31.425	2.25	1.0000003453332	0.800000008133423	2.7786186146309e-09	55.1223423517637	1.00000027626656
31.575	2.25	1.0000003352478	0.800000008600597	2.7314063418645e-09	55.0023423175515	1.00000026819824
31.725	2.25	1.0000003151714	0.800000008949419	2.68541296680794e-09	54.8823422848159	1.00000025213712
31.875	2.25	1.00000028847321	0.80000000919652	2.64057913944859e-09	54.7623422543538	1.00000023077857
32.025	2.25	1.00000025786722	0.80000000935609	2.59692017562406e-09	54.6423422266701	1.00000020629378
32.175	2.25	1.00000022550081	0.800000009440439	2.55435359381187e-09	54.5223422020364	1.00000018040065
32.325	2.25	1.00000019303268	0.800000009460633	2.51289983772415e-09	54.4023421805418	1.00000015442614
32.475	2.25	1.0000001617027	0.800000009426874	2.47249147907821e-09	54.2823421621359	1.00000012936216
32.625	2.25	1.00000013239552	0.800000009348313	2.43311784471781e-09	54.1623421466668	1.00000010591641
32.775	2.25	1.00000010569864	0.800000009233335	2.39473547581698e-09	54.0423421339115	1.00000008455891
32.925	2.25	1.00000008195533	0.800000009089677	2.35732982401212e-09	53.9223421236026	1.00000006556426
33.075	2.25	1.00000006131265	0.800000008923897	2.32088126807588e-09	53.8023421154492	1.00000004905012
33.225	2.25	1.0000000437642	0.800000008742216	2.28536235647309e-09	53.6823421091534	1.00000003501136
33.375	2.25	1.0000000291881	0.800000008549765	2.25075216218065e-09	53.5623421044238	1.00000002335048
33.525	2.25	1.00000001737975	0.800000008350831	2.21701672976038e-09	53.4423421009843	1.0000000139038
33.675	2.25	1.00000000807987	0.800000008149246	2.1841327378977e-09	53.3223420985816	1.0000000064639
33.825	2.25	1.00000000099777	0.800000007947876	2.15207972021634e-09	53.2023420969882	1.00000000079821
33.975	2.25	0.999999995830154	0.80000000774912	2.12084246245378e-09	53.0823420960056	0.999999996664123
34.125	2.25	0.999999992276013	0.800000007554583	2.09040723007189e-09	52.9623420954641	0.999999993820811
34.275	2.25	0.999999990047747	0.800000007365608	2.06074496924969e-09	52.8423420952222	0.999999992038198
34.425	2.25	0.999999988879124	0.800000007182846	2.03184821553634e-09	52.7223420951652	0.999999991103299
34.575	2.25	0.999999988530486	0.800000007006815	2.00368266304488e-09	52.6023420952026	0.999999990824389
34.725	2.25	0.9999999887916	0.800000006837647	1.97624317977897e-09	52.4823420952653	0.99999999103328
34.875	2.25	0.99999998948266	0.800000006675065	1.94950403641447e-09	52.3623420953033	0.999999991586128
35.025	2.25	0.999999990453862	0.800000006518887	1.92345080034659e-09	52.2423420952821	0.99999999236309
35.175	2.25	0.999999991583809	0.800000006368718	1.89806214389891e-09	52.1223420951804	0.999999993267047
35.325	2.25	0.999999992777178	0.800000006223972	1.8733428184684e-09	52.0023420949874	0.999999994221742
35.475	2.25	0.999999993961929	0.800000006084195	1.84925951255137e-09	51.8823420947	0.999999995169543
35.625	2.25	0.999999995086212	0.800000005948775	1.82579802791143e-09	51.7623420943214	0.999999996068969
35.775	2.25	0.999999996115219	0.800000005817184	1.80295568902999e-09	51.6423420938588	0.999999996892175
35.925	2.25	0.999999997028147	0.800000005688955	1.7807113152379e-09	51.5223420933221	0.999999997622518
36.075	2.25	0.99999999781532	0.800000005563715	1.75904275488342e-09	51.4023420927227	0.999999998252256
36.225	2.25	0.999999998475619	0.800000005440813	1.73794884250459e-09	51.2823420920725	0.999999998780496
36.375	2.25	0.999999999014151	0.800000005320172	1.71742846472262e-09	51.1623420913831	0.999999999211321
36.525	2.25	0.999999999440334	0.800000005201304	1.69744616036106e-09	51.0423420906657	0.999999999552268
36.675	2.25	0.999999999766219	0.800000005084043	1.67799593791588e-09	50.9223420899302	0.999999999812975
36.825	2.25	1.00000000000523	0.80000000496819	1.65908336007342e-09	50.8023420891853	1.00000000000418
36.975	2.25	1.00000000017124	0.800000004853614	1.64069081851537e-09	50.6823420884387	1.00000000013699
37.125	2.25	1.00000000027781	0.80000000474015	1.62279921520808e-09	50.5623420876964	1.00000000022224
37.275	2.25	1.00000000033759	0.800000004627614	1.60539512062393e-09	50.4423420869633	1.00000000027007
37.425	2.25	1.00000000036172	0.800000004515979	1.58848400725952e-09	50.3223420862432	1.00000000028937
37.575	2.25	1.00000000035902	0.800000004405051	1.57203289337285e-09	50.202342085539	1.00000000028722
37.725	2.25	1.00000000033555	0.800000004294957	1.55605754116577e-09	50.0823420848528	1.00000000026844
37.875	2.25	1.00000000029541	0.800000004186206	1.54054178891765e-09	49.9623420841861	1.00000000023633
38.025	2.25	1.00000000024441	0.800000004079798	1.52547354474158e-09	49.8423420835402	1.00000000019553
38.175	2.25	1.00000000019646	0.800000003976492	1.51084639394592e-09	49.7223420829152	1.00000000015717
38.325	2.25	1.00000000017795	0.800000003874645	1.49666133104781e-09	49.6023420823095	1.00000000014236
38.475	2.25	1.00000000021811	0.800000003767925	1.48288427817714e-09	49.4823420817186	1.00000000017449
38.625	2.25	1.0000000003103	0.800000003646005	1.46952522226092e-09	49.3623420811372	1.00000000024824
38.775	2.25	1.00000000034593	0.800000003502051	1.4565977536532e-09	49.2423420805652	1.00000000027674
38.925	2.25	1.00000000007378	0.800000003354128	1.44404912570615e-09	49.1223420800201	1.00000000005902
39.075	2.25	0.999999999211939	0.800000003268365	1.43190439365863e-09	49.0023420795448	0.999999999369552
39.225	2.25	0.999999997861503	0.800000003353556	1.4201445802389e-09	48.8823420791909	0.999999998289202
39.375	2.25	0.999999997187085	0.800000003671141	1.40878756116019e-09	48.7623420789493	0.999999997749668
39.525	2.25	0.999999999800209	0.800000004027411	1.39778771577992e-09	48.6423420786296	0.999999999840167
39.675	2.25	1.00000000854984	0.800000003743845	1.38715912993427e-09	48.5223420777794	1.00000000683987
39.825	2.25	1.00000002228105	0.80000000173777	1.37691234934297e-09	48.4023420758649	1.00000001782484
39.975	2.25	1.00000002906859	0.799999997445529	1.36702052450452e-09	48.2823420729801	1.00000002325487
40.125	2.25	1.00000000269429	0.799999992851857	1.35747624055352e-09	48.16234207105	1.00000000215543
40.275	2.25	0.999999915051538	0.799999994633413	1.34827725487787e-09	48.0423420746072	0.999999932041231
40.425	2.25	0.999999777875142	0.800000013175573	1.339424745152e-09	47.9223420889701	0.999999822300114
40.575	2.25	0.999999707649884	0.800000053583587	1.33092523168164e-09	47.8023421133025	0.999999766119907
40.725	2.25	0.999999957517708	0.800000096668704	1.32274929218023e-09	47.6823421290262	0.999999966014167
40.875	2.25	1.00000079734937	0.800000079745696	1.31491297202667e-09	47.5623420924585	1.00000063787949
41.025	2.25	1.0000021219618	0.799999907100443	1.30739717186161e-09	47.4423419520114	1.00000169756944
41.175	2.25	1.00000285290253	0.799999532842403	1.30021477239729e-09	47.3223417129117	1.00000228232202
41.325	2.25	1.00000065163097	0.799999130463353	1.29332778455257e-09	47.2023415444017	1.00000052130478
41.475	2.25	0.999993003857998	0.799999257893849	1.28678516720103e-09	47.0823418486596	0.999994403086398
41.625	2.25	0.999980706637635	0.800000758375171	1.28054685386056e-09	46.9623431102915	0.999984565310108
41.775	2.25	0.999973138463624	0.800004042877259	1.27461195144461e-09	46.8423453254762	0.999978510770899
41.925	2.25	0.999990827520083	0.80000765967066	1.2689541559024e-09	46.7223470548694	0.999992662016066
42.075	2.25	1.00005637953579	0.800006938169479	1.26354131591987e-09	46.6023447887079	1.00004510362863
42.225	2.25	1.00016528886168	0.799994825923057	1.25838817575988e-09	46.4823341484537	1.00013223108934
42.375	2.25	1.00024184955482	0.799967675873948	1.25355386082879e-09	46.3623146056748	1.00019347964385
42.525	2.25	1.00011633628809	0.799936552030648	1.24920571182088e-09	46.2422974124532	1.00009306903047
42.675	2.25	0.999594226907562	0.799937862108425	1.24554757412207e-09	46.1223113052698	0.99967538152605
42.825	2.25	0.998683926300532	0.800027373781665	1.24254994487981e-09	46.0023939562031	0.998947141040426
42.975	2.25	0.997944673212511	0.800237008045712	1.2396873361972e-09	45.8825557879318	0.998355738570009
43.125	2.25	0.998684258958954	0.800490006566341	1.23563851358536e-09	45.7627175934435	0.998947407167164
43.275	2.25	1.00248296174118	0.80052297612404	1.22886933469834e-09	45.642661562975	1.00198636939294
43.425	2.25	1.00955927623978	0.799934826434377	1.2191982235515e-09	45.5220836603048	1.00764742099183
43.575	2.25	1.01623380740589	0.79847988234887	1.2102462467696e-09	45.4008458835295	1.01298704592471
43.725	2.25	1.01328677104472	0.796573392451704	1.21078192829229e-09	45.2794287271295	1.01062941683578
43.875	2.25	0.988680897784887	0.795833251131292	1.23278254852502e-09	45.1593337326053	0.99094471822791
44.025	2.25	0.938367896616854	0.799351007706985	1.28324930600851e-09	45.0428407000899	0.950694317293483
44.175	2.25	0.884673133385078	0.810192429012465	1.34266035626505e-09	44.9313521944404	0.907738506708063
44.325	2.25	0.889127901531664	0.824441953084631	1.33652542527678e-09	44.8222078403925	0.911302321225331
44.475	2.25	1.03257195142189	0.826489829168055	1.18643043080674e-09	44.7059574347719	1.02605756113751
44.625	2.25	1.34924434213949	0.808622132982336	9.50984979020946e-10	44.5677999988661	1.27939547371159
44.775	2.25	1.76408811846001	0.709537047462098	7.54697108801002e-10	44.3955931857076	1.611270494768
44.925	2.25	2.11154506658324	0.834636814056977	6.43414038310244e-10	44.2248231660099	1.88923605326659
0.075	2.75	3.47453517450051e-16	0.399993943580567	-6.92967850473131e-05	65.3895172124253	0.2
0.225	2.75	1.09799841654014e-15	0.799982367933082	-6.56053372320838e-05	65.3655175758105	0.200000000000001
0.375	2.75	2.54832925482954e-15	0.799972269326872	-5.88942553369937e-05	65.3415182703494	0.200000000000002
0.525	2.75	4.61654671097369e-15	0.799964266773467	-5.01651667222127e-05	65.3175192396509	0.200000000000004
0.675	2.75	7.14924079149196e-15	0.799958619928397	-4.0445086638578e-05	65.293520414343	0.200000000000006
0.825	2.75	9.93641613978007e-15	0.799955286934385	-3.06056525616254e-05	65.2695217224552	0.200000000000008
0.975	2.75	1.27385422067803e-14	0.79995401981423	-2.12908646965422e-05	65.2455230971269	0.20000000000001
1.125	2.75	1.53002259576176e-14	0.799954458944495	-1.29149811293728e-05	65.2215244812663	0.200000000000012
1.275	2.75	1.73406949651263e-14	0.799956208422087	-5.69645934393778e-06	65.1975258295902	0.200000000000014
1.425	2.75	1.85242024564698e-14	0.799958887595667	2.95347293064053e-07	65.173527108761	0.200000000000015
1.575	2.75	1.84211902275253e-14	0.799962161074548	5.09412384446508e-06	65.1495282963345	0.200000000000015
1.725	2.75	1.64730593606597e-14	0.799965752233259	8.79749922083875e-06	65.1255293790965	0.200000000000013
1.875	2.75	1.19713380518607e-14	0.799969445498611	1.15369277615027e-05	65.1015303512005	0.20000000000001
2.025	2.75	4.05846585634646e-15	0.799973081900385	1.34562239519246e-05	65.0775312123666	0.200000000000003
2.175	2.75	-8.2455545028926e-15	0.799976551208034	1.46973849380142e-05	65.0535319662864	0.199999999999993
2.325	2.75	-2.59877327114882e-14	0.799979782907009	1.53920541939424e-05	65.0295326192941	0.199999999999979
2.475	2.75	-5.01948152172505e-14	0.799982737382636	1.56570679553022e-05	65.005533179312	0.19999999999996
2.625	2.75	-8.17501090873687e-14	0.799985398047624	1.55927837811146e-05	64.9815336550512	0.199999999999935
2.775	2.75	-1.21229520877085e-13	0.799987764727314	1.52831862069525e-05	64.9575340554292	0.199999999999903
2.925	2.75	-1.68691960867378e-13	0.799989848349604	1.47970335247521e-05	64.9335343891675	0.199999999999865
3.075	2.75	-2.23420693220885e-13	0.799991666838009	1.41895351403802e-05	64.9095346645283	0.199999999999821
3.225	2.75	-2.83615282615731e-13	0.799993242052723	1.35042254787366e-05	64.8855348891573	0.199999999999773
3.375	2.75	-3.46038680395162e-13	0.799994597582969	1.27748228506795e-05	64.8615350700051	0.199999999999723
3.525	2.75	-4.05630767700328e-13	0.799995757218476	1.20269562013323e-05	64.8375352133024	0.199999999999676
3.675	2.75	-4.55108452576308e-13	0.799996743941351	1.12797002753692e-05	64.8135353245721	0.199999999999636
3.825	2.75	-4.84583195241566e-13	0.79999757929894	1.05468970268453e-05	64.789535408666	0.199999999999612
3.975	2.75	-4.81239612917632e-13	0.799998283062111	9.83826866545141e-06	64.7655354698143	0.199999999999615
4.125	2.75	-4.29133316718675e-13	0.799998873077666	9.16033710550711e-06	64.7415355116823	0.199999999999657
4.275	2.75	-3.09181962994751e-13	0.799999365247753	8.51717153884739e-06	64.7175355374297	0.199999999999753
4.425	2.75	-9.94398086688854e-14	0.79999977360286	7.91098813625344e-06	64.6935355497675	0.19999999999992
4.575	2.75	2.24238250170449e-13	0.800000110423165	7.34262778067123e-06	64.6695355510135	0.200000000000179
4.725	2.75	6.87023812675968e-13	0.800000386384993	6.81192861005856e-06	64.6455355431421	0.20000000000055
4.875	2.75	1.31330493443359e-12	0.800000610721509	6.31801764219198e-06	64.6215355278303	0.200000000001051
5.025	2.75	2.12410867576388e-12	0.800000791383152	5.85953445912489e-06	64.5975355064986	0.200000000001699
5.175	2.75	3.13363428803648e-12	0.800000935190586	5.43480086815147e-06	64.5735354803469	0.200000000002507
5.325	2.75	4.34479731659816e-12	0.800001047977429	5.04194918934269e-06	64.5495354503865	0.200000000003476
5.475	2.75	5.74372497334333e-12	0.800001134720817	4.67901701424099e-06	64.5255354174674	0.200000000004595
5.625	2.75	7.29320537954223e-12	0.80000119965691	4.3440168764676e-06	64.5015353823022	0.200000000005835
5.775	2.75	8.92518173646112e-12	0.800001246385074	4.0349851138917e-06	64.4775353454866	0.20000000000714
5.925	2.75	1.05325010046026e-11	0.800001277960233	3.75001681630739e-06	64.4535353075174	0.200000000008426
6.075	2.75	1.19602780112671e-11	0.800001296967573	3.48728812343705e-06	64.429535268807	0.200000000009568
6.225	2.75	1.29974216257101e-11	0.800001305595901	3.24507143290132e-06	64.405535229697	0.200000000010398
6.375	2.75	1.33690889672658e-11	0.800001305693546	3.02174294430716e-06	64.3815351904688	0.200000000010695
6.525	2.75	1.27310831808693e-11	0.800001298821268	2.81578522691147e-06	64.3575351513528	0.200000000010185
6.675	2.75	1.06674828459236e-11	0.800001286292627	2.62578848556313e-06	64.333535112537	0.200000000008534
6.825	2.75	6.69307505859704e-12	0.800001269215493	2.45044746903357e-06	64.3095350741732	0.200000000005354
6.975	2.75	2.62442528838144e-13	0.800001248518714	2.28855769531773e-06	64.2855350363828	0.20000000000021
7.125	2.75	-9.21219522043924e-12	0.800001224982303	2.13901061292263e-06	64.261534999262	0.19999999999263
7.275	2.75	-2.23320950502902e-11	0.800001199262401	2.00078765934553e-06	64.2375349628856	0.199999999982134
7.425	2.75	-3.96696695407932e-11	0.800001171903427	1.87295433280147e-06	64.2135349273106	0.199999999968264
7.575	2.75	-6.17103855090663e-11	0.800001143361226	1.75465574945412e-06	64.189534892579	0.199999999950632
7.725	2.75	-8.87767632393462e-11	0.80000111401637	1.64510787262078e-06	64.1655348587207	0.199999999928979
7.875	2.75	-1.20932827928958e-10	0.800001084181877	1.54359501880263e-06	64.1415348257551	0.199999999903254
8.025	2.75	-1.57868132899871e-10	0.800001054117718	1.44946219842627e-06	64.1175347936931	0.199999999873706
8.175	2.75	-1.98761597044274e-10	0.800001024036988	1.36211113824576e-06	64.0935347625384	0.199999999840991
8.325	2.75	-2.4212692883066e-10	0.800000994114345	1.28099505326025e-06	64.069534732289	0.199999999806298
8.475	2.75	-2.85643389453572e-10	0.800000964490579	1.20561452575723e-06	64.045534702938	0.199999999771485
8.625	2.75	-3.25978106015304e-10	0.8000009352797	1.13551301629082e-06	64.0215346744744	0.199999999739218
8.775	2.75	-3.58609088185045e-10	0.800000906571665	1.07027308242686e-06	63.9975346468838	0.199999999713113
8.925	2.75	-3.77661504219284e-10	0.800000878437949	1.00951356052097e-06	63.9735346201489	0.199999999697871
9.075	2.75	-3.75773572858943e-10	0.80000085093178	9.52885407394064e-07	63.9495345942501	0.199999999699381
9.225	2.75	-3.44012517497255e-10	0.800000824094743	9.00069707464457e-07	63.9255345691652	0.19999999972479
9.375	2.75	-2.7186524554892e-10	0.800000797954938	8.5077419539162e-07	63.9015345448704	0.199999999782508
9.525	2.75	-1.47332534259277e-10	0.800000772532268	8.04731364246694e-07	63.8775345213401	0.199999999882134
9.675	2.75	4.28407665568902e-11	0.800000747837413	7.6169628516819e-07	63.8535344985468	0.200000000034273
9.825	2.75	3.12764025215204e-10	0.800000723875476	7.21444231620302e-07	63.8295344764616	0.200000000250211
9.975	2.75	6.76790322623561e-10	0.800000700644881	6.83769087754842e-07	63.8055344550542	0.200000000541432
10.125	2.75	1.14865973292225e-09	0.800000678140299	6.48481773649285e-07	63.781534434293	0.200000000918928
10.275	2.75	1.74036106224034e-09	0.800000656351727	6.15408630159155e-07	63.7575344141452	0.200000001392289
10.425	2.75	2.46068160615894e-09	0.800000635267139	5.84390127919332e-07	63.7335343945777	0.200000001968545
10.575	2.75	3.31342276787466e-09	0.800000614871247	5.55279367268733e-07	63.7095343755568	0.200000002650738
10.725	2.75	4.29527162829325e-09	0.800000595146451	5.27941428462586e-07	63.6855343570492	0.200000003436217
10.875	2.75	5.39333529418778e-09	0.800000576074012	5.02252010967121e-07	63.6615343390233	0.200000004314668
11.025	2.75	6.58236648658945e-09	0.800000557634513	4.78096514883521e-07	63.6375343214493	0.200000005265893
11.175	2.75	7.8217356306055e-09	0.800000539805944	4.55369432281573e-07	63.6135343043014	0.200000006257389
11.325	2.75	9.05223672261077e-09	0.80000052256792	4.33973173630365e-07	63.5895342875591	0.200000007241789
11.475	2.75	1.01928512675956e-08	0.800000505898516	4.13817975904716e-07	63.5655342712093	0.200000008154281
11.625	2.75	1.11376360627739e-08	0.800000489775989	3.94820808237088e-07	63.5415342552482	0.200000008910109
11.775	2.75	1.17529456452101e-08	0.800000474180152	3.76904645084413e-07	63.5175342396843	0.200000009402357
11.925	2.75	1.18752475022515e-08	0.80000045909024	3.59998715282453e-07	63.4935342245408	0.200000009500198
12.075	2.75	1.13098359104442e-08	0.800000444488238	3.44037052260019e-07	63.4695342098588	0.200000009047869
12.225	2.75	9.83079633685223e-09	0.80000043035645	3.28958939584819e-07	63.4455341957001	0.200000007864637
12.375	2.75	7.1826141216506e-09	0.80000041667983	3.1470779474181e-07	63.4215341821499	0.200000005746091
12.525	2.75	3.08385575465274e-09	0.800000403445826	3.01231376112367e-07	63.3975341693202	0.200000002467085
12.675	2.75	-2.76662464979855e-09	0.800000390644541	2.88481111386327e-07	63.3735341573511	0.1999999977867
12.825	2.75	-1.06804902112848e-08	0.800000378269374	2.76411830332822e-07	63.3495341464127	0.199999991455608
12.975	2.75	-2.09672794600541e-08	0.800000366317355	2.64981581708025e-07	63.3255341367056	0.199999983226176
13.125	2.75	-3.3917883896595e-08	0.800000354789315	2.54151604930217e-07	63.3015341284594	0.199999972865693
13.275	2.75	-4.97837549984729e-08	0.800000343690349	2.43885453807075e-07	63.2775341219304	0.199999960172996
13.425	2.75	-6.87515143830953e-08	0.800000333030137	2.34149535694518e-07	63.2535341173965	0.199999944998789
13.575	2.75	-9.09127215867841e-08	0.800000322822312	2.24912308686662e-07	63.2295341151489	0.199999927269823
13.725	2.75	-1.16228646132943e-07	0.800000313085657	2.1614455473953e-07	63.2055341154824	0.199999907017083
13.875	2.75	-1.44489984416012e-07	0.800000303843049	2.07818864615593e-07	63.1815341186797	0.199999884408012
14.025	2.75	-1.75271542144046e-07	0.80000029512227	1.99909797835012e-07	63.1575341249939	0.199999859782766
14.175	2.75	-2.07881947279127e-07	0.800000286955051	1.92393750623829e-07	63.1335341346245	0.199999833694442
14.325	2.75	-2.41308435103775e-07	0.800000279377997	1.85248251201708e-07	63.1095341476899	0.199999806953252
14.475	2.75	-2.74156613005084e-07	0.800000272431597	1.78452797103659e-07	63.0855341641931	0.19999978067471
14.625	2.75	-3.04584809579883e-07	0.800000266163892	1.71987706436982e-07	63.0615341839821	0.199999756332152
14.775	2.75	-3.30232063085226e-07	0.800000260627162	1.65835011260545e-07	63.0375342067036	0.19999973581435
14.925	2.75	-3.48137905377936e-07	0.800000255885745	1.59977552657876e-07	63.013534231749	0.199999721489676
15.075	2.75	-3.54650713847067e-07	0.800000252016167	1.54399606781208e-07	62.9895342581929	0.199999716279429
15.225	2.75	-3.45319357224843e-07	0.800000249115894	1.49086031674612e-07	62.965534284721	0.199999723744514
15.375	2.75	-3.14759917068869e-07	0.800000247312281	1.44023080471038e-07	62.9415343095473	0.199999748192066
15.525	2.75	-2.56485116490405e-07	0.800000246777918	1.39197510977276e-07	62.9175343303162	0.199999794811907
15.675	2.75	-1.62678324119222e-07	0.800000247750246	1.3459697604848e-07	62.8935343439858	0.199999869857341
15.825	2.75	-2.38860849661885e-08	0.800000250562116	1.30210081864472e-07	62.8695343466854	0.199999980891132
15.975	2.75	1.71407657839417e-07	0.800000255682414	1.26025993705267e-07	62.8455343335382	0.200000137126126
16.125	2.75	4.37377108616116e-07	0.800000263772917	1.2203425601559e-07	62.8215342984342	0.200000349901687
16.275	2.75	7.91691142478409e-07	0.800000275766931	1.18225629026195e-07	62.7975342337354	0.200000633352914
16.425	2.75	1.25668864040706e-06	0.800000292975911	1.14590902064656e-07	62.7735341298834	0.200001005350912
16.575	2.75	1.86102628915781e-06	0.800000317234955	1.11121774787501e-07	62.7495339748725	0.200001488821031
16.725	2.75	2.64198059256215e-06	0.80000035109973	1.07810210974246e-07	62.7255337535321	0.200002113584474
16.875	2.75	3.64865027436633e-06	0.800000398111713	1.04648583529749e-07	62.701533446546	0.200002918920219
17.025	2.75	4.94639145359713e-06	0.800000463157573	1.01630116735282e-07	62.6775330291042	0.200003957113163
17.175	2.75	6.6229333702874e-06	0.800000552950405	9.87477973726363e-08	62.6535324690489	0.200005298346696
17.325	2.75	8.79677748870349e-06	0.800000676679196	9.59956552255681e-08	62.6295317243231	0.200007037421991
17.475	2.75	1.16286923666111e-05	0.800000846886327	9.33676836176011e-08	62.6055307394654	0.200009302953893
17.625	2.75	1.53374013668146e-05	0.800001080653576	9.08581852124179e-08	62.5815294407986	0.200012269921093
17.775	2.75	2.02209470719834e-05	0.800001401205107	8.84620443446808e-08	62.5575277298411	0.200016176757658
17.925	2.75	2.66857377573923e-05	0.800001840062717	8.61739685138275e-08	62.5335254742977	0.200021348590206
18.075	2.75	3.52859745744233e-05	0.800002439926567	8.39893675729482e-08	62.5095224957639	0.20002822877966
18.225	2.75	4.6777067168034e-05	0.800003258502216	8.19035269720494e-08	62.4855185529743	0.200037421653734
18.375	2.75	6.21878345569624e-05	0.800004373586919	7.99122735633655e-08	62.4615133190203	0.200049750267646
18.525	2.75	8.29178735515403e-05	0.800005889900425	7.80112391616451e-08	62.4375063504296	0.200066334298841
18.675	2.75	0.000110868674336845	0.800007948409975	7.61963886136306e-08	62.4134970452774	0.200088694939469
18.825	2.75	0.000148620223189004	0.800010739273012	7.44634667958588e-08	62.389484586528	0.200118896178551
18.975	2.75	0.000199669412578465	0.800014519805563	7.28085103944408e-08	62.3654678654551	0.200159735530063
19.125	2.75	0.000268752987592165	0.800019638931679	7.12274314134015e-08	62.3414453781167	0.200215002390074
19.275	2.75	0.000362286083338695	0.800026569150542	6.97156718340856e-08	62.3174150852788	0.200289828866671
19.425	2.75	0.000488957207308326	0.800035946338215	6.82687004116251e-08	62.2933742227295	0.200391165765847
19.575	2.75	0.000660531061307861	0.800048617642896	6.68813519124015e-08	62.2693190444964	0.200528424849046
19.725	2.75	0.000892922041338661	0.800065699996796	6.55477964629137e-08	62.2452444759999	0.200714337633071
19.875	2.75	0.00120761690691561	0.80008865821506	6.42608160719153e-08	62.2211436473851	0.200966093525533
20.025	2.75	0.0016335538347874	0.800119422064261	6.30124801231037e-08	62.1970072683652	0.20130684306783
20.175	2.75	0.0022096214235334	0.800160571126057	6.17929091159522e-08	62.1728227929052	0.201767697138827
20.325	2.75	0.00298803988924617	0.800215613031037	6.05896287061875e-08	62.148573301632	0.202390431911397
20.475	2.75	0.00403902904132635	0.800289348391888	5.93872473392298e-08	62.1242359978421	0.203231223233061
20.625	2.75	0.0054573229347904	0.800388242422783	5.81665709546694e-08	62.0997801666678	0.204365858347832
20.775	2.75	0.0073711830328448	0.80052061506822	5.69034966820267e-08	62.0751643887899	0.205896946426276
20.925	2.75	0.00995447623242852	0.800696355254546	5.55676721196955e-08	62.0503327416097	0.207963580985943
21.075	2.75	0.0134420104601706	0.800925824371025	5.41218093249971e-08	62.0252096843935	0.210753608368137
21.225	2.75	0.0181476156235593	0.801217702261085	5.25220724616208e-08	61.9996933393532	0.214518092498847
21.375	2.75	0.0244834910162862	0.801575765405147	5.07202257718597e-08	61.9736469764439	0.219586792813029
21.525	2.75	0.0329782597765795	0.801994925880136	4.86685006295839e-08	61.9468887038966	0.226382607821264
21.675	2.75	0.0442900682115015	0.802457225465377	4.63280029551918e-08	61.9191796656098	0.235432054569201
21.825	2.75	0.0592098269139153	0.802928834919547	4.36806938476211e-08	61.8902114579081	0.247367861531132
21.975	2.75	0.0786480104622941	0.803359445829281	4.07401880728415e-08	61.8595940289531	0.262918408369835
22.125	2.75	0.10359618311421	0.803685626748846	3.75593896378823e-08	61.8268460618542	0.282876946491368
22.275	2.75	0.135052293906972	0.80383936989541	3.42297683782742e-08	61.791390788143	0.308041835125577
22.425	2.75	0.173898983094386	0.80376178419641	3.08699074630223e-08	61.7525612154595	0.339119186475509
22.575	2.75	0.220730572797898	0.80341973416394	2.7606244770882e-08	61.70961947543	0.376584458238318
22.725	2.75	0.275641513091301	0.802820829548641	2.4552356190652e-08	61.6617945998611	0.420513210473041
22.875	2.75	0.338017841304503	0.802020616342343	2.17922119037394e-08	61.6083404460895	0.470414273043602
23.025	2.75	0.406404707490293	0.801116487969069	1.93733010172506e-08	61.5486100163003	0.525123765992234
23.175	2.75	0.478534556063951	0.800226964929778	1.73074399766585e-08	61.4821348539413	0.582827644851161
23.325	2.75	0.551566070873573	0.7994620064169	1.55788285838429e-08	61.4086916971054	0.641252856698858
23.475	2.75	0.622501293021474	0.798895964177111	1.41533915499559e-08	61.3283376653101	0.698001034417179
23.625	2.75	0.688659244409676	0.798554443508358	1.2988468127593e-08	61.2414026342892	0.750927395527741
23.775	2.75	0.74805179847141	0.798418776358681	1.20395357417646e-08	61.1484407427749	0.798441438777128
23.925	2.75	0.799557771272758	0.79844260075552	1.1265086468426e-08	61.0501554433264	0.839646217018206
24.075	2.75	0.842886462307755	0.7985708808852	1.06288720364869e-08	60.9473179500057	0.874309169846204
24.225	2.75	0.878398149579175	0.798753991915241	1.01006901321697e-08	60.8406960901474	0.90271851966334
24.375	2.75	0.906872095377509	0.798954522144268	9.65623987639869e-09	60.7310029436586	0.925497676302007
24.525	2.75	0.929292194264757	0.799148225024053	9.2763457203213e-09	60.6188669240327	0.943433755411806
24.675	2.75	0.946685091123668	0.799321800861265	8.94617235775243e-09	60.5048199203391	0.957348072898935
24.825	2.75	0.96001677242292	0.79946971980898	8.65439168127262e-09	60.3892981683285	0.968013417938336
24.975	2.75	0.970138071428012	0.799591320015345	8.39240383454944e-09	60.2726506955359	0.97611045714241
25.125	2.75	0.977764768015161	0.799688623648581	8.1537003239672e-09	60.1551513336563	0.982211814412128
25.275	2.75	0.983479106389921	0.799764878085865	7.93344171307301e-09	60.0370116113363	0.986783285111937
25.425	2.75	0.98774279046347	0.799823666360055	7.72797682832351e-09	59.9183929495419	0.990194232370776
25.575	2.75	0.990914817395641	0.79986841184969	7.5346111362933e-09	59.7994173769333	0.992731853916513
25.725	2.75	0.993270126446511	0.799902136327405	7.35134445980902e-09	59.6801764941264	0.994616101157209
25.875	2.75	0.995016874553559	0.799927372301344	7.17660857714216e-09	59.5607387136909	0.996013499642847
26.025	2.75	0.99631133977844	0.799946164151959	7.009295666896e-09	59.4411549556626	0.997049071822752
26.175	2.75	0.997270175990132	0.799960115882831	6.84854462066572e-09	59.3214630395481	0.997816140792106
26.325	2.75	0.997980145845253	0.799970458803958	6.69365170820318e-09	59.2016910209773	0.998384116676203
26.475	2.75	0.998505654634537	0.799978122871681	6.54413919637409e-09	59.0818596995841	0.99880452370763
26.625	2.75	0.998894473305115	0.799983802537654	6.39958696118979e-09	58.9619844905799	0.999115578644092
26.775	2.75	0.999182029769944	0.799988012813701	6.25962987400095e-09	58.8420768156506	0.999345623815955
26.925	2.75	0.999394600842186	0.799991134406721	6.12399958045993e-09	58.7221451346667	0.999515680673749
27.075	2.75	0.999551676910835	0.799993448615139	5.99248386059906e-09	58.6021957106787	0.999641341528668
27.225	2.75	0.999667711972826	0.799995163550328	5.86488656136703e-09	58.4822331774103	0.999734169578261
27.375	2.75	0.999753419898056	0.799996433484188	5.7410166476521e-09	58.3622609605291	0.999802735918445
27.525	2.75	0.999816736199577	0.799997372994009	5.62071908609738e-09	58.2422815905336	0.999853388959661
27.675	2.75	0.999863532810938	0.799998067285934	5.50383348625103e-09	58.1222969351651	0.999890826248751
27.825	2.75	0.999898149896163	0.799998579755806	5.39024806351363e-09	58.0023083719848	0.99991851991693
27.975	2.75	0.999923791675256	0.799998957560637	5.27987096335926e-09	57.8823169164235	0.999939033340205
28.125	2.75	0.999942820938786	0.799999235751052	5.17255549567546e-09	57.7623233166958	0.999954256751029
28.275	2.75	0.999956977995392	0.799999440350584	5.0682099319254e-09	57.6423281240675	0.999965582396314
28.425	2.75	0.999967543254728	0.799999590657262	4.96674849826232e-09	57.5223317448098	0.999974034603783
28.575	2.75	0.999975457805223	0.799999700964336	4.86805431786568e-09	57.4023344785622	0.999980366244179
28.725	2.75	0.999981412728357	0.799999781845832	4.77205070502251e-09	57.2823365466201	0.999985130182686
28.875	2.75	0.999985915176472	0.799999841115072	4.67863904855866e-09	57.1623381127636	0.999988732141177
29.025	2.75	0.999989337201344	0.799999884538375	4.58776658180688e-09	57.0423392985711	0.999991469761075
29.175	2.75	0.999991951790615	0.799999916364947	4.4993215493256e-09	56.9223401946591	0.999993561432492
29.325	2.75	0.999993959424793	0.799999939720732	4.41324927226074e-09	56.8023408689177	0.999995167539834
29.475	2.75	0.999995507614308	0.799999956900656	4.32949216255923e-09	56.6823413725332	0.999996406091446
29.625	2.75	0.999996705242093	0.799999969584783	4.24796479842621e-09	56.5623417443855	0.999997364193675
29.775	2.75	0.999997633065807	0.799999978999936	4.16856532270651e-09	56.4423420142513	0.999998106452645
29.925	2.75	0.999998351385249	0.799999986038622	4.09130105331712e-09	56.3223422051368	0.999998681108199
30.075	2.75	0.999998905620645	0.799999991347437	4.01603412329472e-09	56.2023423349737	0.999999124496516
30.225	2.75	0.999999330355701	0.799999995393441	3.94277117094304e-09	56.0823424178534	0.99999946428456
30.375	2.75	0.999999652255976	0.799999998512021	3.87139302635774e-09	55.9623424649274	0.999999721804781
30.525	2.75	0.999999892166604	0.800000000943434	3.80190983548822e-09	55.8423424850666	0.999999913733283
30.675	2.75	1.00000006661443	0.800000002859213	3.73422968170595e-09	55.7223424853483	1.00000005329154
30.825	2.75	1.00000018888044	0.800000004381591	3.66828642466362e-09	55.6023424714189	1.00000015110435
30.975	2.75	1.00000026976429	0.800000005597806	3.60406063243202e-09	55.4823424477688	1.00000021581143
31.125	2.75	1.00000031813024	0.800000006570515	3.54150569112609e-09	55.3623424179448	1.00000025450419
31.275	2.75	1.00000034129913	0.800000007345195	3.48054765344218e-09	55.2423423847166	1.00000027303931
31.425	2.75	1.00000034533336	0.800000007955522	3.42116554673467e-09	55.1223423502118	1.00000027626668
31.575	2.75	1.00000033524795	0.800000008427256	3.36329827186681e-09	55.002342316026	1.00000026819836
31.725	2.75	1.00000031517154	0.800000008780551	3.30692590849972e-09	54.882342283316	1.00000025213723
31.875	2.75	1.00000028847336	0.800000009031976	3.25197893530534e-09	54.7623422528789	1.00000023077869
32.025	2.75	1.00000025786735	0.800000009195755	3.19844561674839e-09	54.6423422252195	1.00000020629388
32.175	2.75	1.00000022550094	0.800000009284157	3.14627112072729e-09	54.5223422006096	1.00000018040075
32.325	2.75	1.0000001930328	0.800000009308389	3.09542633573692e-09	54.4023421791381	1.00000015442624
32.475	2.75	1.00000016170282	0.800000009278432	3.045861948809e-09	54.2823421607548	1.00000012936226
32.625	2.75	1.00000013239564	0.800000009203706	2.99757305493766e-09	54.1623421453076	1.00000010591651
32.775	2.75	1.00000010569876	0.80000000909241	2.95049940700402e-09	54.0423421325737	1.000000084559
32.925	2.75	1.00000008195547	0.800000008952277	2.90463745357669e-09	53.9223421222857	1.00000006556437
33.075	2.75	1.00000006131278	0.800000008790035	2.85992499943475e-09	53.8023421141525	1.00000004905022
33.225	2.75	1.00000004376434	0.800000008611728	2.81633754563911e-09	53.6823421078766	1.00000003501147
33.375	2.75	1.00000002918822	0.80000000842255	2.77383504746568e-09	53.5623421031662	1.00000002335058
33.525	2.75	1.00000001737987	0.800000008226888	2.73245078151208e-09	53.4423420997457	1.0000000139039
33.675	2.75	1.00000000808	0.800000008028444	2.69209056573236e-09	53.3223420973612	1.000000006464
33.825	2.75	1.00000000099789	0.800000007830141	2.6527636241042e-09	53.2023420957858	1.00000000079831
33.975	2.75	0.999999995830275	0.800000007634352	2.61443156157957e-09	53.0823420948206	0.99999999666422
34.125	2.75	0.999999992276132	0.800000007442762	2.5770806782428e-09	52.962342094296	0.999999993820906
34.275	2.75	0.999999990047861	0.800000007256584	2.54067181985152e-09	52.8423420940707	0.999999992038289
34.425	2.75	0.999999988879241	0.800000007076667	2.50516893918082e-09	52.7223420940298	0.999999991103393
34.575	2.75	0.999999988530609	0.800000006903341	2.47058172178853e-09	52.6023420940829	0.999999990824488
34.725	2.75	0.999999988791711	0.800000006736769	2.43688719360415e-09	52.4823420941609	0.999999991033369
34.875	2.75	0.999999989482767	0.800000006576816	2.4040530473024e-09	52.3623420942138	0.999999991586213
35.025	2.75	0.99999999045396	0.800000006423184	2.37205527710432e-09	52.2423420942072	0.999999992363168
35.175	2.75	0.999999991583909	0.800000006275415	2.34088820100207e-09	52.1223420941197	0.999999993267127
35.325	2.75	0.999999992777284	0.800000006133144	2.31050211105684e-09	52.0023420939404	0.999999994221828
35.475	2.75	0.999999993962036	0.800000005995695	2.28091759035296e-09	51.8823420936665	0.999999995169629
35.625	2.75	0.999999995086319	0.800000005862564	2.25210630598735e-09	51.762342093301	0.999999996069055
35.775	2.75	0.999999996115322	0.800000005733224	2.2240424360724e-09	51.6423420928511	0.999999996892258
35.925	2.75	0.999999997028252	0.800000005607232	2.19670069180532e-09	51.5223420923269	0.999999997622601
36.075	2.75	0.999999997815425	0.800000005484084	2.17009500611056e-09	51.4023420917395	0.99999999825234
36.225	2.75	0.999999998475716	0.800000005363378	2.1441892533813e-09	51.2823420911011	0.999999998780572
36.375	2.75	0.999999999014258	0.800000005244737	2.1189532090433e-09	51.1623420904232	0.999999999211406
36.525	2.75	0.999999999440426	0.800000005127897	2.09440551048238e-09	51.0423420897169	0.999999999552341
36.675	2.75	0.999999999766299	0.800000005012641	2.07051691662755e-09	50.9223420889922	0.999999999813039
36.825	2.75	1.00000000000532	0.800000004898718	2.04725437226606e-09	50.8023420882579	1.00000000000425
36.975	2.75	1.00000000017132	0.800000004786012	2.02464118745539e-09	50.6823420875216	1.00000000013706
37.125	2.75	1.00000000027789	0.80000000467438	2.00263427665484e-09	50.5623420867892	1.00000000022231
37.275	2.75	1.00000000033767	0.800000004563746	1.98125075461517e-09	50.4423420860659	1.00000000027014
37.425	2.75	1.0000000003618	0.800000004453855	1.96044876545022e-09	50.3223420853553	1.00000000028944
37.575	2.75	1.0000000003591	0.800000004344671	1.94024191693124e-09	50.2023420846602	1.00000000028728
37.725	2.75	1.00000000033563	0.800000004236306	1.92060767996543e-09	50.0823420839829	1.0000000002685
37.875	2.75	1.00000000029549	0.800000004129261	1.90152622221044e-09	49.9623420833249	1.0000000002364
38.025	2.75	1.0000000002445	0.80000000402447	1.88299900286707e-09	49.8423420826874	1.0000000001956
38.175	2.75	1.00000000019655	0.800000003922804	1.86501003095189e-09	49.7223420820706	1.00000000015724
38.325	2.75	1.00000000017803	0.800000003822534	1.84754936131033e-09	49.6023420814728	1.00000000014243
38.475	2.75	1.00000000021818	0.800000003717415	1.83061746345591e-09	49.4823420808896	1.00000000017455
38.625	2.75	1.00000000031037	0.800000003596993	1.81420099461581e-09	49.3623420803156	1.0000000002483
38.775	2.75	1.000000000346	0.800000003454584	1.79826683441894e-09	49.2423420797509	1.0000000002768
38.925	2.75	1.00000000007385	0.800000003308154	1.78284132247753e-09	49.1223420792128	1.00000000005908
39.075	2.75	0.999999999212013	0.800000003223834	1.76792060301022e-09	49.0023420787442	0.999999999369611
39.225	2.75	0.999999997861575	0.800000003310513	1.75345855329831e-09	48.8823420783969	0.99999999828926
39.375	2.75	0.999999997187153	0.800000003629445	1.7394749363388e-09	48.7623420781617	0.999999997749722
39.525	2.75	0.999999999800263	0.800000003987117	1.72595034370398e-09	48.6423420778481	0.99999999984021
39.675	2.75	1.0000000085499	0.800000003704961	1.71287909139301e-09	48.5223420770038	1.00000000683992
39.825	2.75	1.00000002228111	0.800000001700254	1.70026558821298e-09	48.402342075095	1.00000001782489
39.975	2.75	1.00000002906865	0.799999997409343	1.68809836041175e-09	48.2823420722158	1.00000002325492
40.125	2.75	1.00000000269435	0.799999992816919	1.67636276925177e-09	48.162342070291	1.00000000215548
40.275	2.75	0.999999915051606	0.799999994599797	1.66505968519292e-09	48.0423420738534	0.999999932041285
40.425	2.75	0.999999777875205	0.800000013143252	1.65418611204615e-09	47.9223420882212	0.999999822300164
40.575	2.75	0.99999970764994	0.800000053552505	1.64371079417261e-09	47.8023421125583	0.999999766119952
40.725	2.75	0.999999957517755	0.800000096638878	1.63367245983655e-09	47.6823421282866	0.999999966014204
40.875	2.75	1.00000079734941	0.800000079717117	1.62403016392497e-09	47.5623420917232	1.00000063787953
41.025	2.75	1.00000212196184	0.799999907073049	1.61478648195832e-09	47.4423419512803	1.00000169756947
41.175	2.75	1.00000285290258	0.799999532816173	1.60594111471318e-09	47.3223417121847	1.00000228232207
41.325	2.75	1.00000065163104	0.799999130438326	1.59750097540295e-09	47.2023415436785	1.00000052130483
41.475	2.75	0.999993003858061	0.79999925786998	1.58945296330843e-09	47.0823418479401	0.999994403086449
41.625	2.75	0.999980706637691	0.800000758352445	1.58179416390404e-09	46.9623431095755	0.999984565310153
41.775	2.75	0.999973138463681	0.800004042855701	1.57450474654829e-09	46.8423453247634	0.999978510770945
41.925	2.75	0.999990827520139	0.800007659650225	1.56756557844957e-09	46.7223470541598	0.999992662016111
42.075	2.75	1.00005637953584	0.800006938150143	1.5609434875052e-09	46.6023447880013	1.00004510362867
42.225	2.75	1.00016528886173	0.799994825904853	1.55461930294424e-09	46.4823341477499	1.00013223108939
42.375	2.75	1.00024184955485	0.799967675856835	1.54871297912119e-09	46.3623146049737	1.00019347964388
42.525	2.75	1.00011633628812	0.799936552014583	1.54342769468668e-09	46.2422974117546	1.00009306903049
42.675	2.75	0.999594226907584	0.799937862093484	1.53896612042022e-09	46.1223113045734	0.999675381526067
42.825	2.75	0.998683926300578	0.800027373767734	1.53534745956945e-09	46.0023939555089	0.998947141040463
42.975	2.75	0.997944673212618	0.800237008032908	1.53187386090245e-09	45.8825557872396	0.998355738570095
43.125	2.75	0.998684258959137	0.800490006554545	1.52696894089712e-09	45.7627175927531	0.998947407167309
43.275	2.75	1.00248296174136	0.800522976113274	1.51868310875481e-09	45.6426615622863	1.00198636939309
43.425	2.75	1.00955927623985	0.799934826424676	1.50686130349359e-09	45.5220836596177	1.00764742099188
43.575	2.75	1.01623380740572	0.798479882340247	1.4959319911492e-09	45.4008458828437	1.01298704592458
43.725	2.75	1.01328677104435	0.79657339244425	1.49672715527327e-09	45.279428726445	1.01062941683548
43.875	2.75	0.988680897784581	0.795833251124843	1.52408708084009e-09	45.1593337319219	0.990944718227665
44.025	2.75	0.938367896616971	0.79935100770157	1.5866220659363e-09	45.0428406994073	0.950694317293577
44.175	2.75	0.884673133385736	0.810192429008103	1.66019417555414e-09	44.9313521937584	0.907738506708589
44.325	2.75	0.889127901532325	0.824441953081356	1.6527105778438e-09	44.822207839711	0.91130232122586
44.475	2.75	1.03257195142148	0.826489829166186	1.46718156113592e-09	44.7059574340907	1.02605756113719
44.625	2.75	1.3492443421374	0.808622132981659	1.17609563069609e-09	44.5677999981853	1.27939547370992
44.775	2.75	1.76408811845675	0.709537047462104	9.33407704923944e-10	44.3955931850272	1.6112704947654
44.925	2.75	2.11154506657972	0.834636814057651	7.95823856371479e-10	44.2248231653296	1.88923605326378
0.075	3.25	3.47468723350629e-16	0.399997111599688	-3.94807198240184e-05	65.3895221232974	0.2
0.225	3.25	1.09798600281957e-15	0.799991499695969	-3.81295642609926e-05	65.3655222966014	0.200000000000001
0.375	3.25	2.5482623011944e-15	0.799986358208223	-3.55697155070307e-05	65.3415226333156	0.200000000000002
0.525	3.25	4.61641001279152e-15	0.79998192811795	-3.20475607345204e-05	65.3175231151089	0.200000000000004
0.675	3.25	7.14903785932634e-15	0.799978364389834	-2.78607821375404e-05	65.2935237176286	0.200000000000006
0.825	3.25	9.93616961853834e-15	0.799975733563352	-2.331055488323e-05	65.2695244132455	0.200000000000008
0.975	3.25	1.27382894627406e-14	0.79997402509743	-1.86673424929187e-05	65.2455251736148	0.20000000000001
1.125	3.25	1.53000117813193e-14	0.799973169910258	-1.41516465877729e-05	65.2215259717397	0.200000000000012
1.275	3.25	1.73405645248163e-14	0.799973060659363	-9.9272166257868e-06	65.1975267834202	0.200000000000014
1.425	3.25	1.85241945937706e-14	0.799973570204998	-6.10295977062093e-06	65.1735275881001	0.200000000000015
1.575	3.25	1.84213326574483e-14	0.799974566441708	-2.73995401335807e-06	65.1495283692079	0.200000000000015
1.725	3.25	1.64733643176595e-14	0.799975922978231	1.39260213403744e-07	65.1255291141136	0.200000000000013
1.875	3.25	1.1971800250597e-14	0.799977525949804	2.5410442067594e-06	65.1015298138291	0.20000000000001
2.025	3.25	4.05906113744015e-15	0.799979277629145	4.49183647905778e-06	65.0775304625566	0.200000000000003
2.175	3.25	-8.24486723753302e-15	0.799981097639642	6.03071190094235e-06	65.0535310571714	0.199999999999993
2.325	3.25	-2.59870086742109e-14	0.799982922510053	7.20349536234644e-06	65.0295315966983	0.199999999999979
2.475	3.25	-5.01941172821123e-14	0.79998470421273	8.05836770290712e-06	65.0055320818208	0.19999999999996
2.625	3.25	-8.17495014618613e-14	0.799986408160644	8.64277364313575e-06	64.9815325144455	0.199999999999935
2.775	3.25	-1.21229059894444e-13	0.799988011021206	9.00139467566568e-06	64.9575328973312	0.199999999999903
2.925	3.25	-1.68691687859812e-13	0.799989498562045	9.17494868978198e-06	64.9335332337843	0.199999999999865
3.075	3.25	-2.23420625575731e-13	0.799990863678991	9.19960195963295e-06	64.9095335274175	0.199999999999821
3.225	3.25	-2.83615408954435e-13	0.799992104668238	9.10681281135239e-06	64.8855337819636	0.199999999999773
3.375	3.25	-3.46038954583008e-13	0.799993223769703	8.92346352843379e-06	64.8615340011374	0.199999999999723
3.525	3.25	-4.05631108633146e-13	0.799994225977011	8.67217094918651e-06	64.8375341885375	0.199999999999676
3.675	3.25	-4.5510874280359e-13	0.799995118092236	8.37169422818094e-06	64.8135343475789	0.199999999999636
3.825	3.25	-4.84583286552197e-13	0.799995907989525	8.03738607029332e-06	64.789534481452	0.199999999999612
3.975	3.25	-4.81239330176862e-13	0.799996604066189	7.68164541522337e-06	64.7655345930996	0.199999999999615
4.125	3.25	-4.2913246941511e-13	0.79999721483406	7.31435020888015e-06	64.7415346852082	0.199999999999657
4.275	3.25	-3.09180353962595e-13	0.799997748635195	6.94325488871131e-06	64.7175347602096	0.199999999999753
4.425	3.25	-9.94372508282543e-14	0.799998213447465	6.57434697854473e-06	64.6935348202901	0.19999999999992
4.575	3.25	2.24241921388194e-13	0.79999861676032	6.21215827322564e-06	64.6695348674028	0.200000000000179
4.725	3.25	6.87028719057491e-13	0.799998965507781	5.86003453598735e-06	64.6455349032844	0.20000000000055
4.875	3.25	1.3133111408734e-12	0.799999266035987	5.52036338241136e-06	64.6215349294722	0.200000000001051
5.025	3.25	2.12411616900465e-12	0.799999524100665	5.1947673051346e-06	64.597534947322	0.200000000001699
5.175	3.25	3.13364296371384e-12	0.79999974488448	4.88426321039711e-06	64.5735349580258	0.200000000002507
5.325	3.25	4.34480696035161e-12	0.79999993302522	4.58939489733601e-06	64.5495349626283	0.200000000003476
5.475	3.25	5.74373525259846e-12	0.800000092651081	4.31034065140821e-06	64.5255349620434	0.200000000004595
5.625	3.25	7.29321583100159e-12	0.800000227422555	4.04700138089964e-06	64.5015349570682	0.200000000005835
5.775	3.25	8.92519176674577e-12	0.800000340573184	3.79907068487894e-06	64.4775349483967	0.20000000000714
5.925	3.25	1.05325098884351e-11	0.800000434949225	3.5660925357596e-06	64.4535349366321	0.200000000008426
6.075	3.25	1.19602849052411e-11	0.800000513053679	3.34750515887552e-06	64.4295349222977	0.200000000009568
6.225	3.25	1.2997425581236e-11	0.80000057707814	3.14267672129125e-06	64.4055349058466	0.200000000010398
6.375	3.25	1.33690889612602e-11	0.800000628941173	2.95093297463348e-06	64.3815348876705	0.200000000010695
6.525	3.25	1.27310781464971e-11	0.800000670317995	2.77157856116321e-06	64.3575348681075	0.200000000010185
6.675	3.25	1.06674717226778e-11	0.800000702669864	2.60391305857575e-06	64.333534847449	0.200000000008534
6.825	3.25	6.69305684186019e-12	0.80000072727108	2.44724300424508e-06	64.3095348259453	0.200000000005354
6.975	3.25	2.62416339454097e-13	0.800000745227671	2.30089133969931e-06	64.2855348038114	0.20000000000021
7.125	3.25	-9.21223006984784e-12	0.800000757504975	2.16420283820833e-06	64.2615347812315	0.19999999999263
7.275	3.25	-2.23321389696299e-11	0.800000764937693	2.03654978702673e-06	64.2375347583629	0.199999999982134
7.425	3.25	-3.96697225856029e-11	0.800000768254083	1.91733346046591e-06	64.2135347353396	0.199999999968264
7.575	3.25	-6.17104472865557e-11	0.800000768082531	1.80598651488486e-06	64.1895347122753	0.199999999950632
7.725	3.25	-8.87768328319327e-11	0.800000764968169	1.70197374188081e-06	64.1655346892665	0.199999999928979
7.875	3.25	-1.20932903805014e-10	0.800000759384253	1.60479145040377e-06	64.1415346663943	0.199999999903254
8.025	3.25	-1.57868212853721e-10	0.800000751739161	1.51396740083479e-06	64.1175346437266	0.199999999873705
8.175	3.25	-1.98761678129785e-10	0.800000742385829	1.4290599364925e-06	64.0935346213202	0.199999999840991
8.325	3.25	-2.42127007338117e-10	0.800000731629517	1.34965661473201e-06	64.0695345992216	0.199999999806298
8.475	3.25	-2.85643460888273e-10	0.800000719732565	1.27537314623226e-06	64.0455345774689	0.199999999771485
8.625	3.25	-3.25978165134348e-10	0.800000706921612	1.20585157434691e-06	64.0215345560925	0.199999999739217
8.775	3.25	-3.58609129045296e-10	0.800000693391168	1.14075946641071e-06	63.9975345351162	0.199999999713113
8.925	3.25	-3.77661520296549e-10	0.800000679309016	1.07978761026039e-06	63.9735345145579	0.199999999697871
9.075	3.25	-3.75773557187985e-10	0.800000664817751	1.02264914859005e-06	63.9495344944302	0.199999999699381
9.225	3.25	-3.44012462891423e-10	0.800000650040427	9.69077928734596e-07	63.925534474741	0.19999999972479
9.375	3.25	-2.71865144848377e-10	0.80000063508088	9.18827192975289e-07	63.9015344554938	0.199999999782508
9.525	3.25	-1.47332380659278e-10	0.800000620027717	8.71668036410194e-07	63.8775344366883	0.199999999882134
9.675	3.25	4.28409791456072e-11	0.800000604956733	8.27388321902505e-07	63.8535344183204	0.200000000034273
9.825	3.25	3.12764301736604e-10	0.800000589929761	7.85791350905265e-07	63.8295344003827	0.200000000250211
9.975	3.25	6.76790666418462e-10	0.800000575000516	7.46694862600823e-07	63.8055343828646	0.200000000541433
10.125	3.25	1.14866014522461e-09	0.800000560212262	7.09930021548315e-07	63.7815343657527	0.200000000918928
10.275	3.25	1.74036154166086e-09	0.800000545600763	6.75340108896675e-07	63.7575343490313	0.200000001392289
10.425	3.25	2.46068214815889e-09	0.800000531194744	6.42780071622696e-07	63.7335343326825	0.200000001968546
10.575	3.25	3.31342336425734e-09	0.800000517018063	6.12115083189498e-07	63.7095343166872	0.200000002650739
10.725	3.25	4.29527226673294e-09	0.800000503087766	5.83220564348287e-07	63.6855343010253	0.200000003436218
10.875	3.25	5.39333595782215e-09	0.800000489417187	5.55980262390518e-07	63.6615342856772	0.200000004314669
11.025	3.25	6.58236715370342e-09	0.800000476016563	5.30286901652122e-07	63.6375342706247	0.200000005265894
11.175	3.25	7.8217362744425e-09	0.800000462891536	5.06040623954276e-07	63.6135342558524	0.200000006257389
11.325	3.25	9.05223731132328e-09	0.800000450045886	4.83148712224624e-07	63.5895342413494	0.20000000724179
11.475	3.25	1.01928517644014e-08	0.800000437481283	4.61524975534723e-07	63.5655342271116	0.200000008154281
11.625	3.25	1.11376364262988e-08	0.800000425197184	4.41089288252893e-07	63.5415342131435	0.200000008910109
11.775	3.25	1.17529458301036e-08	0.800000413191999	4.21767517168091e-07	63.5175341994614	0.200000009402357
11.925	3.25	1.18752474600238e-08	0.80000040146389	4.03490074989828e-07	63.4935341860955	0.200000009500198
12.075	3.25	1.130983559064e-08	0.800000390010532	3.86192757525082e-07	63.4695341730935	0.200000009047868
12.225	3.25	9.83079568844787e-09	0.800000378829858	3.69815393029898e-07	63.4455341605233	0.200000007864637
12.375	3.25	7.18261309481904e-09	0.800000367920951	3.54302199934651e-07	63.4215341484762	0.20000000574609
12.525	3.25	3.08385430274248e-09	0.800000357283842	3.39601210612009e-07	63.397534137069	0.200000002467083
12.675	3.25	-2.76662656795455e-09	0.800000346920598	3.2566374768495e-07	63.373534126447	0.199999997786699
12.825	3.25	-1.06804926288646e-08	0.800000336835826	3.12444657054395e-07	63.349534116785	0.199999991455606
12.975	3.25	-2.09672823995322e-08	0.800000327036719	2.9990165803159e-07	63.3255341082875	0.199999983226174
13.125	3.25	-3.39178873668527e-08	0.800000317533286	2.87995400815114e-07	63.3015341011885	0.19999997286569
13.275	3.25	-4.97837589919186e-08	0.800000308339445	2.76688845362366e-07	63.2775340957478	0.199999960172993
13.425	3.25	-6.87515188726008e-08	0.800000299472799	2.65947810065267e-07	63.2535340922466	0.199999944998785
13.575	3.25	-9.09127265229716e-08	0.800000290954741	2.5574001261325e-07	63.2295340909797	0.199999927269819
13.725	3.25	-1.16228651441196e-07	0.80000028281088	2.46035434481124e-07	63.2055340922446	0.199999907017079
13.875	3.25	-1.44489989994275e-07	0.800000275070108	2.36805893525938e-07	63.181534096327	0.199999884408008
14.025	3.25	-1.75271547860192e-07	0.800000267766669	2.28025125742802e-07	63.1575341034824	0.199999859782762
14.175	3.25	-2.07881952969519e-07	0.800000260937285	2.19668400025975e-07	63.1335341139131	0.199999833694438
14.325	3.25	-2.41308440571187e-07	0.800000254623752	2.11712556000716e-07	63.1095341277396	0.199999806953248
14.475	3.25	-2.74156618018073e-07	0.800000248872403	2.04136120406076e-07	63.0855341449669	0.199999780674706
14.625	3.25	-3.04584813871114e-07	0.800000243733946	1.96918504168225e-07	63.0615341654453	0.199999756332149
14.775	3.25	-3.30232066351335e-07	0.800000239265873	1.90040832277845e-07	63.0375341888232	0.199999735814347
14.925	3.25	-3.48137907277742e-07	0.800000235535997	1.83485296591174e-07	63.0135342144939	0.199999721489674
15.075	3.25	-3.54650714000794e-07	0.800000232624472	1.77234962053646e-07	62.9895342415335	0.199999716279429
15.225	3.25	-3.45319355210796e-07	0.800000230632183	1.71274065405742e-07	62.9655342686294	0.199999723744516
15.375	3.25	-3.14759912419788e-07	0.800000229689404	1.65587842044387e-07	62.9415342939969	0.19999974819207
15.525	3.25	-2.56485108685921e-07	0.800000229971463	1.60162330740607e-07	62.917534315282	0.199999794811913
15.675	3.25	-1.62678312575384e-07	0.800000231718938	1.54984581157305e-07	62.8935343294438	0.19999986985735
15.825	3.25	-2.38860690188857e-08	0.800000235266905	1.5004207763225e-07	62.8695343326131	0.199999980891145
15.975	3.25	1.7140767895848e-07	0.800000241086478	1.45323272344274e-07	62.8455343199139	0.200000137126143
16.125	3.25	4.37377135813098e-07	0.800000249841803	1.40817359558904e-07	62.8215342852376	0.200000349901709
16.275	3.25	7.91691176845575e-07	0.800000262468315	1.36513979588869e-07	62.797534220947	0.200000633352941
16.425	3.25	1.25668868328706e-06	0.800000280279411	1.32403456096382e-07	62.7735341174847	0.200001005350947
16.575	3.25	1.86102634223303e-06	0.800000305111456	1.28476689956298e-07	62.7495339628459	0.200001488821074
16.725	3.25	2.64198065797136e-06	0.800000339522187	1.24725036119203e-07	62.7255337418608	0.200002113584526
16.875	3.25	3.64865035486227e-06	0.800000387054882	1.21140424699412e-07	62.7015334352141	0.200002918920284
17.025	3.25	4.94639155275064e-06	0.800000452597737	1.17715260827618e-07	62.6775330180963	0.200003957113242
17.175	3.25	6.62293349275495e-06	0.800000542864307	1.14442313031004e-07	62.6535324583505	0.200005298346794
17.325	3.25	8.79677764057661e-06	0.800000667045794	1.11314574212868e-07	62.6295317139204	0.200007037422112
17.475	3.25	1.16286925558639e-05	0.800000837685355	1.08325753899983e-07	62.605530729345	0.200009302954045
17.625	3.25	1.53374016038852e-05	0.800001071866494	1.05469683178927e-07	62.5815294309479	0.200012269921283
17.775	3.25	2.02209473705159e-05	0.800001392813927	1.02740648599065e-07	62.557527720248	0.200016176757896
17.925	3.25	2.66857381351948e-05	0.800001832050406	1.00133065122231e-07	62.5335254649505	0.200021348590508
18.075	3.25	3.52859750546851e-05	0.800002432277228	9.76416664492609e-08	62.5095224866515	0.200028228780044
18.225	3.25	4.67770677808872e-05	0.800003251200728	9.52615264049647e-08	62.485518544086	0.200037421654225
18.375	3.25	6.21878353414453e-05	0.800004366619862	9.29876303963082e-08	62.4615133103459	0.200049750268273
18.525	3.25	8.2917874558112e-05	0.800005883253402	9.08155020873009e-08	62.4375063419593	0.200066334299646
18.675	3.25	0.000110868675630556	0.800007942071197	8.87404345698961e-08	62.4134970370017	0.200088694940504
18.825	3.25	0.000148620224853525	0.800010733230513	8.67580369690799e-08	62.3894845784379	0.200118896179883
18.975	3.25	0.000199669414721177	0.800014514047801	8.48635755978928e-08	62.3654678575419	0.200159735531777
19.125	3.25	0.00026875299035067	0.80001963344804	8.30525160315224e-08	62.3414453703719	0.200215002392281
19.275	3.25	0.000362286086888982	0.800026563931255	8.13198492095752e-08	62.3174150776945	0.200289828869511
19.425	3.25	0.000488957211874976	0.800035941373783	7.96603132458826e-08	62.2933742152977	0.2003911657695
19.575	3.25	0.000660531067176613	0.800048612924289	7.80680303480674e-08	62.2693190372096	0.200528424853741
19.725	3.25	0.000892922048871498	0.800065695515702	7.65361377742044e-08	62.2452444688508	0.200714337639097
19.875	3.25	0.00120761691656934	0.800088653963417	7.50569324042347e-08	62.2211436403667	0.200966093533255
20.025	3.25	0.0016335538471362	0.800119418034317	7.362087381778e-08	62.1970072614706	0.201306843077709
20.175	3.25	0.00220962143929663	0.800160567310536	7.22162383671759e-08	62.1728227861278	0.201767697151437
20.325	3.25	0.00298803990932352	0.800215609423186	7.08289613689871e-08	62.1485732949654	0.202390431927459
20.475	3.25	0.00403902906684022	0.800289344984884	6.94409802436113e-08	62.1242359912799	0.203231223253472
20.625	3.25	0.00545732296713628	0.800388239209921	6.8030201166306e-08	62.0997801602039	0.204365858373709
20.775	3.25	0.0073711830737454	0.800520612043363	6.65679251450437e-08	62.0751643824184	0.205896946458996
20.925	3.25	0.00995447628398697	0.800696352411282	6.50189984639301e-08	62.0503327353248	0.20796358102719
21.075	3.25	0.013442010524912	0.800925821702874	6.33399073543011e-08	62.0252096781895	0.21075360841993
21.225	3.25	0.0181476157044576	0.801217699761199	6.14794219491277e-08	61.9996933332246	0.214518092563566
21.375	3.25	0.0244834911167633	0.801575763066423	5.93806682353647e-08	61.9736469703853	0.219586792893411
21.525	3.25	0.032978259900476	0.801994923695348	5.69878714391248e-08	61.9468886979028	0.226382607920381
21.675	3.25	0.0442900683630233	0.802457223425991	5.42557319853718e-08	61.9191796596757	0.235432054690419
21.825	3.25	0.059209827097535	0.802928833017127	5.11628597605606e-08	61.890211452029	0.247367861678028
21.975	3.25	0.0786480106825708	0.803359444054305	4.77250851077831e-08	61.8595940231248	0.262918408546057
22.125	3.25	0.103596183375474	0.803685625091184	4.40046810827777e-08	61.8268460560727	0.282876946700379
22.275	3.25	0.135052294212777	0.803839368344789	4.01086819707053e-08	61.791390782405	0.308041835370222
22.425	3.25	0.173898983446688	0.803761782742266	3.61760512980161e-08	61.7525612097624	0.339119186757351
22.575	3.25	0.220730573195961	0.803419732796609	3.23552142301869e-08	61.7096194697719	0.376584458556769
22.725	3.25	0.275641513530506	0.802820828258849	2.87793890106719e-08	61.6617945942416	0.420513210824405
22.875	3.25	0.338017841775433	0.802020615121692	2.55472489827772e-08	61.6083404405096	0.470414273420346
23.025	3.25	0.406404707978707	0.801116486810624	2.27144442555492e-08	61.5486100107625	0.525123766382966
23.175	3.25	0.478534556552024	0.800226963827085	2.0295212496533e-08	61.4821348484499	0.582827645241619
23.325	3.25	0.551566071342375	0.79946200536467	1.82709368341011e-08	61.4086916916666	0.6412528570739
23.475	3.25	0.622501293453989	0.798895963170321	1.66020439753488e-08	61.3283376599313	0.698001034763191
23.625	3.25	0.6886592447934	0.798554442542642	1.52383396291831e-08	61.2414026289783	0.75092739583472
23.775	3.25	0.748051798799662	0.798418775430204	1.41278158423372e-08	61.14844073754	0.798441439039729
23.925	3.25	0.799557771544501	0.798442599861051	1.3221798244961e-08	61.050155438175	0.839646217235601
24.075	3.25	0.842886462526375	0.798570880022062	1.24778125253881e-08	60.9473179449441	0.8743091700211
24.225	3.25	0.878398149750802	0.798753991081167	1.18603898613958e-08	60.8406960851805	0.902718519800642
24.375	3.25	0.906872095509501	0.798954521337523	1.13410725051312e-08	60.73100293879	0.925497676407601
24.525	3.25	0.929292194364559	0.799148224243216	1.08973633876039e-08	60.6188669192645	0.943433755491647
24.675	3.25	0.946685091198093	0.79932180010504	1.05118342502118e-08	60.5048199156723	0.957348072958474
24.825	3.25	0.960016772477815	0.799469719076254	1.01712428579701e-08	60.3892981637632	0.968013417982252
24.975	3.25	0.970138071468136	0.799591319305208	9.86544177591557e-09	60.2726506910714	0.976110457174509
25.125	3.25	0.977764768044289	0.799688622960124	9.58686837421835e-09	60.1551513292913	0.982211814435432
25.275	3.25	0.983479106410982	0.799764877418344	9.32982687919792e-09	60.0370116070691	0.986783285128785
25.425	3.25	0.987742790478638	0.799823665712642	9.09003538017874e-09	59.9183929453704	0.990194232382911
25.575	3.25	0.990914817406537	0.799868411221609	8.86434790543788e-09	59.7994173728555	0.99273185392523
25.725	3.25	0.993270126454324	0.799902135718066	8.65035770516999e-09	59.6801764901399	0.994616101163459
25.875	3.25	0.995016874559161	0.79992737171007	8.44635792966484e-09	59.5607387097934	0.996013499647329
26.025	3.25	0.996311339782458	0.799946163578026	8.25094680589607e-09	59.4411549518517	0.997049071825966
26.175	3.25	0.997270175993017	0.799960115325795	8.06315875868594e-09	59.3214630358215	0.997816140794413
26.325	3.25	0.997980145847304	0.799970458263069	7.88219499847578e-09	59.2016910173326	0.998384116677843
26.475	3.25	0.998505654635994	0.799978122346449	7.70744013542297e-09	59.0818596960191	0.998804523708795
26.625	3.25	0.998894473306147	0.799983802027633	7.53845327903836e-09	58.9619844870922	0.999115578644918
26.775	3.25	0.999182029770669	0.799988012318234	7.37480112896479e-09	58.8420768122382	0.999345623816535
26.925	3.25	0.999394600842697	0.79999113392543	7.21620615034832e-09	58.7221451313274	0.999515680674158
27.075	3.25	0.999551676911177	0.799993448147501	7.06237981286632e-09	58.6021957074106	0.999641341528941
27.225	3.25	0.999667711973066	0.799995163095856	6.91304276880602e-09	58.4822331742113	0.999734169578453
27.375	3.25	0.999753419898228	0.799996433042507	6.76807738621356e-09	58.3622609573973	0.999802735918582
27.525	3.25	0.999816736199686	0.799997372564698	6.62724699270182e-09	58.242281587467	0.999853388959749
27.675	3.25	0.999863532811005	0.799998066868588	6.49041195763214e-09	58.1222969321619	0.999890826248804
27.825	3.25	0.999898149896202	0.799998579350009	6.35741757525861e-09	58.0023083690433	0.999918519916962
27.975	3.25	0.999923791675278	0.799998957166058	6.22812733006889e-09	57.8823169135421	0.999939033340222
28.125	3.25	0.999942820938798	0.799999235367302	6.10239974994808e-09	57.7623233138728	0.999954256751038
28.275	3.25	0.999956977995388	0.799999439977368	5.9801311435889e-09	57.6423281213012	0.999965582396311
28.425	3.25	0.999967543254715	0.799999590294219	5.86121040800103e-09	57.5223317420987	0.999974034603772
28.575	3.25	0.999975457805205	0.7999997006111	5.74551595556702e-09	57.4023344759048	0.999980366244164
28.725	3.25	0.999981412728328	0.79999978150217	5.63295486371282e-09	57.282336544015	0.999985130182663
28.875	3.25	0.999985915176441	0.799999840780743	5.52342997095954e-09	57.1623381102093	0.999988732141153
29.025	3.25	0.999989337201325	0.799999884212959	5.41683169523856e-09	57.0423392960663	0.99999146976106
29.175	3.25	0.999991951790603	0.799999916048201	5.3131034859922e-09	56.9223401922025	0.999993561432483
29.325	3.25	0.99999395942477	0.799999939412514	5.21212241759697e-09	56.8023408665079	0.999995167539816
29.475	3.25	0.999995507614291	0.799999956600546	5.11381868233711e-09	56.6823413701691	0.999996406091433
29.625	3.25	0.999996705242077	0.799999969292612	5.01810555768291e-09	56.5623417420657	0.999997364193662
29.775	3.25	0.999997633065798	0.799999978715562	4.92492371467529e-09	56.4423420119748	0.999998106452638
29.925	3.25	0.999998351385238	0.79999998576163	4.83417716519302e-09	56.3223422029024	0.999998681108191
30.075	3.25	0.999998905620622	0.799999991077786	4.74583303183988e-09	56.2023423327803	0.999999124496497
30.225	3.25	0.999999330355683	0.79999999513077	4.65976618720802e-09	56.0823424156999	0.999999464284546
30.375	3.25	0.999999652255964	0.799999998256207	4.57595695173936e-09	55.9623424628127	0.999999721804771
30.525	3.25	0.999999892166595	0.80000000069428	4.49431595731239e-09	55.8423424829899	0.999999913733276
30.675	3.25	1.00000006661442	0.800000002616566	4.41476818271477e-09	55.7223424833085	1.00000005329154
30.825	3.25	1.00000018888042	0.800000004145171	4.33729576065907e-09	55.6023424694149	1.00000015110434
30.975	3.25	1.00000026976428	0.800000005367479	4.26182411606237e-09	55.4823424457998	1.00000021581142
31.125	3.25	1.00000031813022	0.800000006346138	4.18826278950012e-09	55.3623424160099	1.00000025450417
31.275	3.25	1.00000034129911	0.800000007126569	4.11661407599804e-09	55.242342382815	1.00000027303929
31.425	3.25	1.00000034533334	0.800000007742502	4.04677965598085e-09	55.1223423483425	1.00000027626667
31.575	3.25	1.00000033524793	0.800000008219686	3.97873628442432e-09	55.0023423141882	1.00000026819835
31.725	3.25	1.00000031517153	0.800000008578256	3.91241515035517e-09	54.882342281509	1.00000025213722
31.875	3.25	1.00000028847334	0.800000008834854	3.84779017463307e-09	54.7623422511018	1.00000023077867
32.025	3.25	1.00000025786735	0.800000009003669	3.7848062454245e-09	54.6423422234716	1.00000020629388
32.175	3.25	1.00000022550093	0.800000009096924	3.72342708569673e-09	54.5223421988902	1.00000018040075
32.325	3.25	1.00000019303279	0.800000009125911	3.66358682728144e-09	54.4023421774464	1.00000015442623
32.475	3.25	1.00000016170281	0.800000009100628	3.60528258908822e-09	54.2823421590901	1.00000012936225
32.625	3.25	1.00000013239564	0.800000009030334	3.54841396316401e-09	54.1623421436692	1.00000010591651
32.775	3.25	1.00000010569875	0.800000008923454	3.49300736595662e-09	54.042342130961	1.000000084559
32.925	3.25	1.00000008195546	0.800000008787576	3.43899036136488e-09	53.922342120698	1.00000006556437
33.075	3.25	1.00000006131278	0.800000008629531	3.38634306810031e-09	53.8023421125893	1.00000004905022
33.225	3.25	1.00000004376433	0.800000008455283	3.33504051281553e-09	53.6823421063371	1.00000003501146
33.375	3.25	1.00000002918823	0.800000008270036	3.28500990649938e-09	53.5623421016499	1.00000002335058
33.525	3.25	1.00000001737988	0.800000008078232	3.23623640796514e-09	53.4423420982519	1.0000000139039
33.675	3.25	1.00000000808	0.800000007883571	3.18870389612233e-09	53.3223420958895	1.000000006464
33.825	3.25	1.00000000099789	0.80000000768894	3.14237014970236e-09	53.2023420943355	1.00000000079831
33.975	3.25	0.999999995830272	0.800000007496673	3.09720723056142e-09	53.0823420933912	0.999999996664217
34.125	3.25	0.999999992276128	0.800000007308606	3.05317190380695e-09	52.962342092887	0.999999993820903
34.275	3.25	0.999999990047863	0.800000007125867	3.010257208421e-09	52.8423420926816	0.99999999203829
34.425	3.25	0.999999988879242	0.800000006949209	2.96845091831599e-09	52.7223420926601	0.999999991103394
34.575	3.25	0.999999988530601	0.800000006779174	2.92768740835193e-09	52.602342092732	0.999999990824481
34.725	3.25	0.999999988791705	0.80000000661578	2.88796234246667e-09	52.4823420928284	0.999999991033364
34.875	3.25	0.999999989482765	0.80000000645888	2.84924545518923e-09	52.3623420928992	0.999999991586212
35.025	3.25	0.999999990453963	0.800000006308276	2.81152795947407e-09	52.2423420929101	0.999999992363171
35.175	3.25	0.999999991583905	0.8000000061635	2.77476562592477e-09	52.1223420928396	0.999999993267124
35.325	3.25	0.999999992777282	0.800000006024058	2.73895824632554e-09	52.0023420926769	0.999999994221825
35.475	3.25	0.999999993962043	0.800000005889406	2.70406685106434e-09	51.8823420924191	0.999999995169635
35.625	3.25	0.999999995086318	0.800000005759103	2.67007367669705e-09	51.7623420920693	0.999999996069055
35.775	3.25	0.999999996115316	0.80000000563247	2.63696780549016e-09	51.6423420916348	0.999999996892253
35.925	3.25	0.999999997028246	0.800000005509067	2.60473116987066e-09	51.5223420911254	0.999999997622597
36.075	3.25	0.999999997815414	0.800000005388551	2.57333368800494e-09	51.4023420905526	0.999999998252331
36.225	3.25	0.999999998475714	0.800000005270279	2.54276074561814e-09	51.2823420899283	0.999999998780571
36.375	3.25	0.999999999014253	0.800000005154193	2.51299087790913e-09	51.1623420892642	0.999999999211402
36.525	3.25	0.999999999440423	0.800000005039751	2.48402849836338e-09	51.0423420885713	0.999999999552338
36.675	3.25	0.999999999766296	0.800000004926842	2.45582895339687e-09	50.9223420878597	0.999999999813037
36.825	3.25	1.00000000000531	0.800000004815248	2.42839145548633e-09	50.8023420871381	1.00000000000425
36.975	3.25	1.00000000017132	0.80000000470483	2.40170716522636e-09	50.682342086414	1.00000000013706
37.125	3.25	1.00000000027788	0.800000004595482	2.37574161910809e-09	50.5623420856937	1.0000000002223
37.275	3.25	1.00000000033767	0.800000004486974	2.35048955416415e-09	50.442342084982	1.00000000027014
37.425	3.25	1.0000000003618	0.80000000437923	2.32595372191292e-09	50.3223420842828	1.00000000028944
37.575	3.25	1.00000000035911	0.800000004272137	2.30209302697797e-09	50.2023420835988	1.00000000028729
37.725	3.25	1.00000000033564	0.8000000041658	2.27889485891676e-09	50.0823420829322	1.00000000026851
37.875	3.25	1.0000000002955	0.800000004060786	2.25637058120156e-09	49.9623420822846	1.0000000002364
38.025	3.25	1.00000000024449	0.800000003958055	2.23450220121481e-09	49.8423420816572	1.0000000001956
38.175	3.25	1.00000000019655	0.800000003858296	2.21326251532563e-09	49.7223420810502	1.00000000015724
38.325	3.25	1.00000000017804	0.800000003759937	2.19265776623252e-09	49.6023420804619	1.00000000014243
38.475	3.25	1.00000000021819	0.800000003656731	2.17265618298812e-09	49.482342079888	1.00000000017455
38.625	3.25	1.00000000031037	0.80000000353811	2.15325836940532e-09	49.362342079323	1.0000000002483
38.775	3.25	1.000000000346	0.800000003397515	2.1344681444347e-09	49.242342078767	1.0000000002768
38.925	3.25	1.00000000007386	0.800000003252906	2.11625435510465e-09	49.1223420782373	1.00000000005909
39.075	3.25	0.999999999212021	0.800000003170335	2.09860947521883e-09	49.0023420777769	0.999999999369617
39.225	3.25	0.999999997861581	0.800000003258739	2.08153617140515e-09	48.8823420774375	0.999999998289264
39.375	3.25	0.999999997187163	0.800000003579342	2.06501261075186e-09	48.7623420772098	0.99999999774973
39.525	3.25	0.999999999800272	0.800000003938764	2.04904668817603e-09	48.6423420769037	0.999999999840218
39.675	3.25	1.0000000085499	0.800000003658217	2.03362122108701e-09	48.5223420760665	1.00000000683992
39.825	3.25	1.0000000222811	0.800000001655125	2.01871429391629e-09	48.4023420741646	1.00000001782488
39.975	3.25	1.00000002906865	0.7999999973658	2.00432900253387e-09	48.282342071292	1.00000002325492
40.125	3.25	1.00000000269436	0.799999992774998	1.99047271239435e-09	48.1623420693737	1.00000000215548
40.275	3.25	0.999999915051606	0.799999994559386	1.9771173761188e-09	48.0423420729422	0.999999932041285
40.425	3.25	0.999999777875199	0.80000001310446	1.96426929181312e-09	47.9223420873159	0.99999982230016
40.575	3.25	0.999999707649935	0.800000053515165	1.95191782384761e-09	47.8023421116588	0.999999766119948
40.725	3.25	0.999999957517758	0.800000096603014	1.94004070111329e-09	47.6823421273926	0.999999966014206
40.875	3.25	1.00000079734941	0.800000079682737	1.92866036688513e-09	47.5623420908344	1.00000063787953
41.025	3.25	1.00000212196184	0.799999907040133	1.91774671929671e-09	47.4423419503966	1.00000169756947
41.175	3.25	1.00000285290257	0.799999532784752	1.90731106480654e-09	47.3223417113058	1.00000228232205
41.325	3.25	1.00000065163103	0.799999130408289	1.89734718837732e-09	47.2023415428042	1.00000052130482
41.475	3.25	0.999993003858059	0.799999257841381	1.88784228718309e-09	47.0823418470702	0.999994403086447
41.625	3.25	0.999980706637688	0.80000075832522	1.87881545835783e-09	46.9623431087098	0.999984565310151
41.775	3.25	0.999973138463674	0.800004042829874	1.87022411857749e-09	46.8423453239017	0.999978510770939
41.925	3.25	0.999990827520144	0.800007659625737	1.86204076440087e-09	46.7223470533018	0.999992662016115
42.075	3.25	1.00005637953585	0.800006938127026	1.85422878694718e-09	46.6023447871469	1.00004510362868
42.225	3.25	1.00016528886172	0.799994825883072	1.84680243652886e-09	46.4823341468989	1.00013223108938
42.375	3.25	1.00024184955483	0.799967675836343	1.83984551072639e-09	46.3623146041258	1.00019347964387
42.525	3.25	1.00011633628808	0.799936551995482	1.83361190689083e-09	46.2422974109097	1.00009306903047
42.675	3.25	0.999594226907551	0.799937862075645	1.82839916156022e-09	46.1223113037313	0.999675381526041
42.825	3.25	0.998683926300575	0.800027373751266	1.82416657354302e-09	46.0023939546694	0.99894714104046
42.975	3.25	0.997944673212683	0.800237008017666	1.82013803530258e-09	45.8825557864024	0.998355738570147
43.125	3.25	0.998684258959281	0.800490006540638	1.81436955370958e-09	45.7627175919181	0.998947407167425
43.275	3.25	1.00248296174151	0.800522976100606	1.80462668384683e-09	45.6426615614533	1.00198636939321
43.425	3.25	1.00955927623986	0.799934826413299	1.79065068932066e-09	45.5220836587864	1.00764742099189
43.575	3.25	1.01623380740547	0.798479882330217	1.77774398199836e-09	45.4008458820141	1.01298704592437
43.725	3.25	1.01328677104388	0.796573392435542	1.77877790245444e-09	45.2794287256169	1.01062941683511
43.875	3.25	0.988680897784203	0.795833251117407	1.81137295199233e-09	45.1593337310951	0.990944718227363
44.025	3.25	0.938367896617104	0.799351007695411	1.88578791159766e-09	45.0428406985815	0.950694317293683
44.175	3.25	0.884673133386475	0.810192429003117	1.97333025732765e-09	44.9313521929333	0.90773850670918
44.325	3.25	0.889127901532975	0.824441953077767	1.96447765812898e-09	44.8222078388864	0.91130232122638
44.475	3.25	1.03257195142078	0.826489829164155	1.74398228231358e-09	44.7059574332665	1.02605756113662
44.625	3.25	1.34924434213464	0.808622132981059	1.39801399367519e-09	44.5677999973614	1.27939547370771
44.775	3.25	1.76408811845263	0.709537047462242	1.10954570378583e-09	44.3955931842037	1.6112704947621
44.925	3.25	2.11154506657533	0.834636814058573	9.46004273448061e-10	44.2248231645064	1.88923605326026
0.075	3.75	3.47471367545629e-16	0.399998447432492	-2.46774940642274e-05	65.3895251085693	0.2
0.225	3.75	1.0979767304899e-15	0.79999540461397	-2.40837143135518e-05	65.3655252017233	0.200000000000001
0.375	3.75	2.54822927325475e-15	0.799992542671828	-2.29374667698312e-05	65.3415253842925	0.200000000000002
0.525	3.75	4.61634524311746e-15	0.799989963218124	-2.13146631089156e-05	65.317525649163	0.200000000000004
0.675	3.75	7.14894034699888e-15	0.799987743281373	-1.93147960230372e-05	65.2935259864994	0.200000000000006
0.825	3.75	9.93604692641365e-15	0.799985931733191	-1.70486248113528e-05	65.2695263845661	0.200000000000008
0.975	3.75	1.27381570821334e-14	0.799984549508421	-1.46269716417346e-05	65.2455268305954	0.20000000000001
1.125	3.75	1.52998916798395e-14	0.799983592697406	-1.21520233875816e-05	65.2215273115956	0.200000000000012
1.275	3.75	1.73404825149104e-14	0.799983037378046	-9.71160538447472e-06	65.1975278150335	0.200000000000014
1.425	3.75	1.85241780362949e-14	0.799982845137586	-7.37625506478469e-06	65.1735283293529	0.200000000000015
1.575	3.75	1.84214071133376e-14	0.799982968474731	-5.19857145313905e-06	65.1495288443253	0.200000000000015
1.725	3.75	1.64735508662288e-14	0.799983355560535	-3.21419705520966e-06	65.1255293512445	0.200000000000013
1.875	3.75	1.19721117366434e-14	0.799983954086124	-1.44382182703169e-06	65.1015298429916	0.20000000000001
2.025	3.75	4.05950002358236e-15	0.799984714126109	1.04303752877706e-07	65.0775303139993	0.200000000000003
2.175	3.75	-8.24431144888666e-15	0.799985590071001	1.4317276408551e-06	65.0535307601441	0.199999999999993
2.325	3.75	-2.59863590508417e-14	0.799986541759581	2.54728153765838e-06	65.029531178595	0.199999999999979
2.475	3.75	-5.01934091331735e-14	0.799987534976945	3.46484923314312e-06	65.0055315676385	0.19999999999996
2.625	3.75	-8.17487782805668e-14	0.79998854147067	4.20148496995364e-06	64.9815319264964	0.199999999999935
2.775	3.75	-1.21228370003715e-13	0.799989538644451	4.77590315062687e-06	64.9575322551503	0.199999999999903
2.925	3.75	-1.68691077385671e-13	0.799990509040631	5.20731632965418e-06	64.9335325541778	0.199999999999865
3.075	3.75	-2.23420133606905e-13	0.799991439718635	5.51458417385886e-06	64.9095328246079	0.199999999999821
3.225	3.75	-2.83615059475275e-13	0.799992321591466	5.71562386754168e-06	64.8855330677947	0.199999999999773
3.375	3.75	-3.46038752444078e-13	0.799993148776496	5.82703219496245e-06	64.8615332853124	0.199999999999723
3.525	3.75	-4.05631032699709e-13	0.79999391798741	5.86387398208267e-06	64.8375334788682	0.199999999999676
3.675	3.75	-4.5510874500785e-13	0.79999462799159	5.83959315162247e-06	64.8135336502333	0.199999999999636
3.825	3.75	-4.8458328824271e-13	0.799995279136196	5.76601468177126e-06	64.7895338011888	0.199999999999612
3.975	3.75	-4.81239226026166e-13	0.799995872942597	5.65340704166332e-06	64.7655339334852	0.199999999999615
4.125	3.75	-4.2913212833163e-13	0.799996411775794	5.51058508420623e-06	64.7415340488123	0.199999999999657
4.275	3.75	-3.09179628824454e-13	0.799996898570061	5.34503415362717e-06	64.7175341487787	0.199999999999753
4.425	3.75	-9.94359844433104e-14	0.799997336614213	5.16304641612836e-06	64.6935342348982	0.19999999999992
4.575	3.75	2.24243880785146e-13	0.799997729381754	4.9698570092893e-06	64.6695343085819	0.200000000000179
4.725	3.75	6.8703150737871e-13	0.799998080401863	4.76977737661722e-06	64.6455343711352	0.20000000000055
4.875	3.75	1.3133148581707e-12	0.799998393164287	4.56631962752177e-06	64.6215344237576	0.200000000001051
5.025	3.75	2.12412086634981e-12	0.799998671049604	4.36231069241014e-06	64.5975344675451	0.200000000001699
5.175	3.75	3.13364862118414e-12	0.799998917282808	4.15999569766266e-06	64.5735345034943	0.200000000002507
5.325	3.75	4.34481347420356e-12	0.799999134902315	3.96112903340559e-06	64.5495345325075	0.200000000003476
5.475	3.75	5.74374241492728e-12	0.799999326742104	3.76705499063695e-06	64.5255345553993	0.200000000004595
5.625	3.75	7.2932233212957e-12	0.799999495423371	3.57877697145518e-06	64.5015345729019	0.200000000005835
5.775	3.75	8.92519913783116e-12	0.799999643355986	3.39701793216094e-06	64.4775345856725	0.20000000000714
5.925	3.75	1.05325165672956e-11	0.799999772741419	3.22227132689289e-06	64.4535345942988	0.200000000008426
6.075	3.75	1.19602901903135e-11	0.799999885581305	3.05484467683823e-06	64.429534599306	0.200000000009568
6.225	3.75	1.29974286576229e-11	0.79999998368881	2.89489592891768e-06	64.4055346011617	0.200000000010398
6.375	3.75	1.33690889141684e-11	0.800000068700248	2.74246424071992e-06	64.3815346002821	0.200000000010695
6.525	3.75	1.27310739953906e-11	0.800000142088167	2.5974959900542e-06	64.3575345970371	0.200000000010185
6.675	3.75	1.0667462454365e-11	0.800000205174152	2.4598652048548e-06	64.3335345917544	0.200000000008534
6.825	3.75	6.6930414664599e-12	0.800000259142584	2.32939146526989e-06	64.3095345847246	0.200000000005354
6.975	3.75	2.62393944167432e-13	0.800000305051025	2.20585385817167e-06	64.2855345762046	0.20000000000021
7.125	3.75	-9.21226024306901e-12	0.800000343844625	2.08900292491985e-06	64.2615345664215	0.19999999999263
7.275	3.75	-2.23321774523648e-11	0.800000376363828	1.97856982776296e-06	64.2375345555757	0.199999999982134
7.425	3.75	-3.96697695880007e-11	0.800000403359197	1.8742736951937e-06	64.2135345438439	0.199999999968264
7.575	3.75	-6.17105026153432e-11	0.800000425496064	1.77582817177707e-06	64.1895345313817	0.199999999950632
7.725	3.75	-8.87768957880098e-11	0.800000443366135	1.68294551831234e-06	64.165534518326	0.199999999928979
7.875	3.75	-1.20932973104602e-10	0.800000457494228	1.59534040143525e-06	64.1415345047968	0.199999999903254
8.025	3.75	-1.57868286534437e-10	0.800000468345901	1.51273326397057e-06	64.1175344908996	0.199999999873705
8.175	3.75	-1.98761753494037e-10	0.80000047633435	1.43485143402353e-06	64.0935344767264	0.199999999840991
8.325	3.75	-2.4212708088944e-10	0.800000481824886	1.3614317228215e-06	64.0695344623577	0.199999999806298
8.475	3.75	-2.85643528320868e-10	0.800000485140518	1.2922205426146e-06	64.0455344478634	0.199999999771485
8.625	3.75	-3.2597822132585e-10	0.800000486567253	1.22697528491958e-06	64.0215344333041	0.199999999739217
8.775	3.75	-3.58609168118633e-10	0.800000486358253	1.16546442757746e-06	63.9975344187319	0.199999999713113
8.925	3.75	-3.77661535696762e-10	0.800000484736752	1.10746772279304e-06	63.9735344041914	0.199999999697871
9.075	3.75	-3.75773541841245e-10	0.800000481899872	1.05277640145027e-06	63.9495343897202	0.199999999699381
9.225	3.75	-3.4401240939017e-10	0.800000478021762	1.00119257786368e-06	63.9255343753496	0.19999999972479
9.375	3.75	-2.71865045725832e-10	0.800000473255337	9.52529591527489e-07	63.901534361105	0.199999999782508
9.525	3.75	-1.47332228697968e-10	0.80000046773573	9.06611300738869e-07	63.8775343470065	0.199999999882134
9.675	3.75	4.28411905185137e-11	0.800000461581842	8.63271763235098e-07	63.8535343330691	0.200000000034273
9.825	3.75	3.12764578018373e-10	0.800000454897376	8.22354907108708e-07	63.8295343193033	0.200000000250212
9.975	3.75	6.76791011528644e-10	0.80000044777377	7.83714204989269e-07	63.8055343057152	0.200000000541433
10.125	3.75	1.14866056097609e-09	0.800000440290979	7.47211725665112e-07	63.781534292307	0.200000000918928
10.275	3.75	1.74036202718958e-09	0.800000432518699	7.12718336141404e-07	63.7575342790772	0.20000000139229
10.425	3.75	2.46068269935058e-09	0.800000424517214	6.80112633128254e-07	63.7335342660217	0.200000001968546
10.575	3.75	3.31342397317617e-09	0.800000416339391	6.4928114966576e-07	63.7095342531337	0.200000002650739
10.725	3.75	4.29527292108922e-09	0.800000408030239	6.201170882947e-07	63.6855342404051	0.200000003436218
10.875	3.75	5.39333664049609e-09	0.800000399628864	5.9252098247984e-07	63.6615342278272	0.200000004314669
11.025	3.75	6.58236784236922e-09	0.800000391169133	5.6639903905717e-07	63.6375342153919	0.200000005265894
11.175	3.75	7.82173694130636e-09	0.80000038267839	5.41663728145409e-07	63.6135342030933	0.20000000625739
11.325	3.75	9.0522379230417e-09	0.800000374182431	5.18233056470587e-07	63.5895341909294	0.20000000724179
11.475	3.75	1.0192852282167e-08	0.800000365700728	4.96030349806714e-07	63.5655341789043	0.200000008154282
11.625	3.75	1.1137636806193e-08	0.800000357251044	4.74983463662936e-07	63.5415341670303	0.200000008910109
11.775	3.75	1.17529460236671e-08	0.800000348849108	4.5502506801098e-07	63.5175341553308	0.200000009402357
11.925	3.75	1.187524741517e-08	0.800000340507812	4.36092110355724e-07	63.4935341438428	0.200000009500198
12.075	3.75	1.1309835252812e-08	0.80000033223908	4.18125488426085e-07	63.4695341326203	0.200000009047868
12.225	3.75	9.83079500217946e-09	0.800000324054777	4.01069762381664e-07	63.445534121737	0.200000007864636
12.375	3.75	7.18261200554434e-09	0.800000315965824	3.84873129259902e-07	63.4215341112895	0.20000000574609
12.525	3.75	3.08385275900866e-09	0.800000307984392	3.69486681346351e-07	63.3975341014	0.200000002467082
12.675	3.75	-2.7666286120328e-09	0.800000300122699	3.54865067608141e-07	63.3735340922183	0.199999997786697
12.825	3.75	-1.06804952108282e-08	0.800000292395647	3.40965430802459e-07	63.3495340839238	0.199999991455604
12.975	3.75	-2.0967285545578e-08	0.800000284819474	3.27747685033427e-07	63.3255340767252	0.199999983226172
13.125	3.75	-3.39178910886916e-08	0.800000277413125	3.15174078744876e-07	63.3015340708603	0.199999972865687
13.275	3.75	-4.97837632834194e-08	0.800000270198465	3.03209498261482e-07	63.2775340665927	0.199999960172989
13.425	3.75	-6.87515237065968e-08	0.800000263200446	2.91820673638001e-07	63.2535340642069	0.199999944998781
13.575	3.75	-9.09127318478106e-08	0.8000002564477	2.80976505220603e-07	63.229534064001	0.199999927269815
13.725	3.75	-1.16228657177878e-07	0.800000249971937	2.70647848615162e-07	63.2055340662753	0.199999907017074
13.875	3.75	-1.44489996033213e-07	0.800000243808684	2.6080717185389e-07	63.1815340713186	0.199999884408003
14.025	3.75	-1.75271554059026e-07	0.800000237996948	2.51428645062971e-07	63.1575340793889	0.199999859782757
14.175	3.75	-2.07881959150394e-07	0.80000023257978	2.42488071964204e-07	63.1335340906909	0.199999833694433
14.325	3.75	-2.41308446519443e-07	0.80000022760317	2.33962625571765e-07	63.1095341053474	0.199999806953243
14.475	3.75	-2.74156623480086e-07	0.800000223118201	2.25830762651711e-07	63.0855341233659	0.199999780674701
14.625	3.75	-3.04584818553828e-07	0.800000219179662	2.18072429181744e-07	63.0615341445984	0.199999756332145
14.775	3.75	-3.30232069920278e-07	0.80000021584968	2.10668622978084e-07	63.0375341686954	0.199999735814344
14.925	3.75	-3.48137909356652e-07	0.800000213199268	2.03601314978718e-07	63.013534195052	0.199999721489673
15.075	3.75	-3.54650714168903e-07	0.800000211312124	1.96853766803043e-07	62.989534222746	0.199999716279429
15.225	3.75	-3.45319353000697e-07	0.800000210292354	1.90410125561384e-07	62.9655342504662	0.199999723744518
15.375	3.75	-3.14759907311804e-07	0.800000210273502	1.84255403316567e-07	62.9415342764298	0.199999748192074
15.525	3.75	-2.56485100100896e-07	0.800000211433779	1.7837551624979e-07	62.9175342982837	0.19999979481192
15.675	3.75	-1.6267829986205e-07	0.800000214016318	1.72757123626629e-07	62.8935343129889	0.19999986985736
15.825	3.75	-2.38860514358268e-08	0.800000218358505	1.67387758578457e-07	62.869534316677	0.199999980891159
15.975	3.75	1.71407702269478e-07	0.800000224934086	1.62255621889604e-07	62.8455343044735	0.200000137126162
16.125	3.75	4.37377165865397e-07	0.800000234409445	1.57349412514516e-07	62.8215342702707	0.200000349901733
16.275	3.75	7.91691214860154e-07	0.800000247721865	1.52658764021107e-07	62.7975342064325	0.200000633352972
16.425	3.75	1.25668873076624e-06	0.800000266186486	1.48173661712133e-07	62.7735341034026	0.200001005350985
16.575	3.75	1.86102640105822e-06	0.800000291642396	1.43884640528889e-07	62.749533949177	0.200001488821121
16.725	3.75	2.64198073053642e-06	0.800000326648012	1.39782944000028e-07	62.7255337285869	0.200002113584584
16.875	3.75	3.64865044424671e-06	0.800000374749019	1.35860192988707e-07	62.7015334223176	0.200002918920355
17.025	3.75	4.94639166295168e-06	0.800000440834515	1.32108272097718e-07	62.6775330055607	0.20000395711333
17.175	3.75	6.62293362898761e-06	0.800000531619659	1.28519797061496e-07	62.6535324461598	0.200005298346903
17.325	3.75	8.79677780966265e-06	0.800000656297288	1.25087783337845e-07	62.6295317020594	0.200007037422248
17.475	3.75	1.16286927667403e-05	0.800000827411498	1.21805295549915e-07	62.6055307177992	0.200009302954213
17.625	3.75	1.5337401868253e-05	0.800001062046945	1.18666141380258e-07	62.5815294197034	0.200012269921495
17.775	3.75	2.0220947703682e-05	0.800001383429784	1.15664002496707e-07	62.5575277092914	0.200016176758163
17.925	3.75	2.66857385571422e-05	0.800001823083633	1.12793260945969e-07	62.533525454269	0.200021348590846
18.075	3.75	3.52859755914616e-05	0.800002423710849	1.10048382847889e-07	62.5095224762329	0.200028228780473
18.225	3.75	4.67770684663438e-05	0.800003243018537	1.07424076217408e-07	62.4855185339185	0.200037421654773
18.375	3.75	6.21878362194804e-05	0.800004358806498	1.04915189068791e-07	62.4615133004182	0.200049750268976
18.525	3.75	8.29178756854839e-05	0.800005875794892	1.02516798668897e-07	62.4375063322605	0.200066334300548
18.675	3.75	0.000110868677080482	0.800007934953791	1.0022405197155e-07	62.4134970275214	0.200088694941664
18.825	3.75	0.000148620226720204	0.800010726441312	9.80320115886817e-08	62.3894845691661	0.200118896181376
18.975	3.75	0.000199669417125623	0.800014507574685	9.59358874969277e-08	62.3654678484688	0.200159735533701
19.125	3.75	0.00026875299344803	0.800019627279887	9.39305052936287e-08	62.3414453614883	0.200215002394758
19.275	3.75	0.000362286090877805	0.800026558056838	9.20105880396834e-08	62.3174150689913	0.200289828872702
19.425	3.75	0.000488957217008737	0.800035935783173	9.01704381362599e-08	62.2933742067663	0.200391165773607
19.575	3.75	0.00066053107377788	0.800048607607492	8.84033477073736e-08	62.2693190288416	0.200528424859022
19.725	3.75	0.000892922057349264	0.80006569046372	8.67019887725274e-08	62.245244460638	0.200714337645879
19.875	3.75	0.00120761692744006	0.800088649167606	8.50575999545995e-08	62.2211436323012	0.200966093541952
20.025	3.75	0.00163355386104931	0.800119413486338	8.34594365360814e-08	62.1970072535449	0.201306843088839
20.175	3.75	0.00220962145706641	0.80016056300255	8.18947415537639e-08	62.1728227783343	0.201767697165653
20.325	3.75	0.00298803993196839	0.800215605347454	8.03470926586366e-08	62.1485732872969	0.202390431945575
20.475	3.75	0.00403902909563167	0.800289341134401	7.87966052852426e-08	62.1242359837295	0.203231223276505
20.625	3.75	0.00545732300365643	0.800388235577498	7.7217721530075e-08	62.0997801527648	0.204365858402925
20.775	3.75	0.007371183119949	0.800520608621761	7.55785983898331e-08	62.0751643750837	0.205896946495959
20.925	3.75	0.00995447634226088	0.800696349194073	7.3838844614631e-08	62.0503327280881	0.207963581073809
21.075	3.75	0.0134420105981255	0.800925818682343	7.19491611215471e-08	62.0252096710444	0.2107536084785
21.225	3.75	0.0181476157959907	0.801217696930204	6.98512396003524e-08	61.9996933261648	0.214518092636793
21.375	3.75	0.0244834912305071	0.801575760417253	6.74807224609321e-08	61.9736469634047	0.219586792984406
21.525	3.75	0.0329782600408069	0.801994921219728	6.47739827022734e-08	61.9468886909956	0.226382608032646
21.675	3.75	0.0442900685347404	0.802457221114659	6.16794663646322e-08	61.9191796528363	0.235432054827792
21.825	3.75	0.0592098273057422	0.802928830860169	5.81727567816567e-08	61.890211445252	0.247367861844594
21.975	3.75	0.0786480109324828	0.803359442041298	5.42721775836551e-08	61.8595940164053	0.262918408745986
22.125	3.75	0.103596183672051	0.803685623210593	5.00482895771756e-08	61.8268460494063	0.282876946937641
22.275	3.75	0.135052294560112	0.803839366585023	4.56230077911287e-08	61.7913907757879	0.30804183564809
22.425	3.75	0.173898983847069	0.803761781091659	4.11546995164653e-08	61.7525612031916	0.339119187077655
22.575	3.75	0.220730573648603	0.80341973124375	3.68123516820954e-08	61.7096194632455	0.376584458918883
22.725	3.75	0.275641514030195	0.802820826793291	3.27475986613056e-08	61.661794587759	0.420513211224156
22.875	3.75	0.338017842311511	0.802020613734373	2.90731903084814e-08	61.6083404340717	0.470414273849209
23.025	3.75	0.406404708534996	0.801116485493115	2.58525831394433e-08	61.5486100043724	0.525123766827997
23.175	3.75	0.478534557108224	0.800226962572546	2.31021595405772e-08	61.4821348421127	0.582827645686579
23.325	3.75	0.551566071876895	0.79946200416682	2.08010349406689e-08	61.4086916853891	0.641252857501516
23.475	3.75	0.622501293947386	0.798895962023636	1.8904076523127e-08	61.3283376537219	0.698001035157909
23.625	3.75	0.688659245231376	0.798554441442115	1.73544200469323e-08	61.2414026228463	0.750927396185101
23.775	3.75	0.748051799174521	0.798418774371552	1.60928597949995e-08	61.1484407314946	0.798441439339617
23.925	3.75	0.799557771854998	0.798442598840611	1.50640264559591e-08	61.0501554322248	0.839646217483998
24.075	3.75	0.842886462776304	0.798570879036716	1.42195400493366e-08	60.9473179390963	0.874309170221043
24.225	3.75	0.87839814994712	0.798753990128587	1.35191475610137e-08	60.8406960794408	0.902718519957696
24.375	3.75	0.906872095660587	0.798954520415612	1.29303090262734e-08	60.7310029331625	0.92549767652847
24.525	3.75	0.929292194478876	0.799148223350356	1.24274424212181e-08	60.6188669137518	0.943433755583101
24.675	3.75	0.946685091283394	0.799321799239897	1.19907995544915e-08	60.5048199102756	0.957348073026715
24.825	3.75	0.960016772540765	0.79946971823755	1.1605109743624e-08	60.3892981584826	0.968013418032612
24.975	3.75	0.970138071514193	0.799591318491971	1.12589892051508e-08	60.2726506859062	0.976110457211355
25.125	3.75	0.977764768077773	0.799688622171424	1.09437277651841e-08	60.15515132424	0.982211814462218
25.275	3.75	0.983479106435205	0.79976487665318	1.06528226175533e-08	60.0370116021298	0.986783285148164
25.425	3.75	0.987742790496115	0.799823664970222	1.03814750616477e-08	59.918392940541	0.990194232396892
25.575	3.75	0.990914817419119	0.799868410501159	1.01260539379749e-08	59.7994173681334	0.992731853935295
25.725	3.75	0.993270126463381	0.799902135018792	9.8838579215657e-09	59.6801764855226	0.994616101170705
25.875	3.75	0.995016874565676	0.799927371031164	9.6528788386353e-09	59.5607387052782	0.996013499652541
26.025	3.75	0.996311339787142	0.799946162918968	9.43161339402884e-09	59.441154947436	0.997049071829714
26.175	3.75	0.997270175996375	0.799960114685784	9.21889826903944e-09	59.3214630315026	0.9978161407971
26.325	3.75	0.997980145849719	0.799970457641517	9.01388077328609e-09	59.2016910131078	0.998384116679775
26.475	3.75	0.998505654637737	0.7999781217427	8.81587121969269e-09	59.0818596918859	0.99880452371019
26.625	3.75	0.998894473307411	0.799983801441033	8.6242771837788e-09	58.9619844830481	0.999115578645929
26.775	3.75	0.999182029771579	0.799988011748387	8.43874370148989e-09	58.8420768082806	0.999345623817263
26.925	3.75	0.999394600843356	0.799991133371664	8.25884868775902e-09	58.722145127454	0.999515680674685
27.075	3.75	0.99955167691166	0.799993447609248	8.08431119941977e-09	58.6021957036189	0.999641341529328
27.225	3.75	0.999667711973408	0.799995162572729	7.91489290739154e-09	58.4822331704991	0.999734169578727
27.375	3.75	0.999753419898466	0.799996432533941	7.75030174616874e-09	58.3622609537624	0.999802735918773
27.525	3.75	0.999816736199863	0.799997372070213	7.59040766706071e-09	58.2422815839073	0.999853388959891
27.675	3.75	0.999863532811135	0.799998066387812	7.43500161273466e-09	58.1222969286754	0.999890826248908
27.825	3.75	0.999898149896298	0.799998578882404	7.28392730391928e-09	58.0023083656279	0.999918519917038
27.975	3.75	0.999923791675347	0.799998956711272	7.1370044456194e-09	57.8823169101958	0.999939033340278
28.125	3.75	0.999942820938851	0.799999234924932	6.99411429579288e-09	57.7623233105937	0.999954256751081
28.275	3.75	0.999956977995423	0.799999439547011	6.85511806808016e-09	57.6423281180875	0.999965582396338
28.425	3.75	0.999967543254739	0.799999589875477	6.7198816613033e-09	57.5223317389487	0.999974034603791
28.575	3.75	0.999975457805225	0.799999700203694	6.58829926572334e-09	57.4023344728168	0.99998036624418
28.725	3.75	0.999981412728351	0.799999781105692	6.46025107813045e-09	57.2823365409872	0.999985130182681
28.875	3.75	0.999985915176463	0.799999840394836	6.335637484032e-09	57.1623381072402	0.99998873214117
29.025	3.75	0.999989337201336	0.799999883837324	6.21431537870272e-09	57.0423392931543	0.999991469761069
29.175	3.75	0.999991951790615	0.799999915682598	6.09621155977453e-09	56.9223401893461	0.999993561432492
29.325	3.75	0.999993959424776	0.799999939056584	5.98123344859645e-09	56.8023408637056	0.999995167539821
29.475	3.75	0.999995507614306	0.799999956253949	5.86929005659286e-09	56.6823413674195	0.999996406091445
29.625	3.75	0.999996705242086	0.799999968955176	5.76026204720706e-09	56.5623417393674	0.999997364193669
29.775	3.75	0.99999763306581	0.799999978386884	5.65410667838138e-09	56.4423420093264	0.999998106452648
29.925	3.75	0.99999835138525	0.799999985441663	5.55070852293575e-09	56.3223422003027	0.9999986811082
30.075	3.75	0.999998905620632	0.799999990766086	5.44999534634511e-09	56.2023423302279	0.999999124496506
30.225	3.75	0.999999330355696	0.799999994827193	5.35190083131972e-09	56.0823424131937	0.999999464284556
30.375	3.75	0.999999652255975	0.799999997960456	5.25633614276918e-09	55.9623424603514	0.99999972180478
30.525	3.75	0.999999892166598	0.800000000406192	5.16321504326087e-09	55.8423424805723	0.999999913733278
30.675	3.75	1.00000006661442	0.800000002335878	5.07251196489156e-09	55.7223424809336	1.00000005329154
30.825	3.75	1.00000018888043	0.800000003871729	4.9841304108723e-09	55.6023424670816	1.00000015110434
30.975	3.75	1.00000026976429	0.800000005101042	4.89800625925028e-09	55.482342443507	1.00000021581143
31.125	3.75	1.00000031813023	0.800000006086478	4.81408949081782e-09	55.3623424137565	1.00000025450419
31.275	3.75	1.00000034129913	0.800000006873561	4.73228775770597e-09	55.2423423806	1.0000002730393
31.425	3.75	1.00000034533335	0.800000007495939	4.65258254486151e-09	55.122342346165	1.00000027626668
31.575	3.75	1.00000033524795	0.800000007979382	4.57489310914107e-09	55.0023423120472	1.00000026819836
31.725	3.75	1.00000031517154	0.800000008344085	4.49917118489084e-09	54.8823422794036	1.00000025213723
31.875	3.75	1.00000028847336	0.800000008606625	4.42538379011866e-09	54.7623422490311	1.00000023077869
32.025	3.75	1.00000025786736	0.800000008781168	4.3534386322421e-09	54.6423422214347	1.00000020629389
32.175	3.75	1.00000022550095	0.800000008880089	4.28328265271609e-09	54.5223421968862	1.00000018040076
32.325	3.75	1.00000019303281	0.8000000089145	4.21492373770229e-09	54.4023421754745	1.00000015442625
32.475	3.75	1.00000016170283	0.800000008894596	4.14827639449019e-09	54.2823421571495	1.00000012936226
32.625	3.75	1.00000013239565	0.800000008829513	4.08331530828405e-09	54.1623421417591	1.00000010591652
32.775	3.75	1.00000010569877	0.800000008727645	4.0199792523975e-09	54.0423421290807	1.00000008455902
32.925	3.75	1.00000008195548	0.800000008596719	3.95824109984736e-09	53.9223421188467	1.00000006556438
33.075	3.75	1.00000006131279	0.800000008443454	3.89804021862249e-09	53.8023421107662	1.00000004905023
33.225	3.75	1.00000004376435	0.80000000827393	3.83934389788181e-09	53.6823421045416	1.00000003501148
33.375	3.75	1.00000002918824	0.800000008093234	3.78213440785375e-09	53.5623420998812	1.00000002335059
33.525	3.75	1.00000001737988	0.800000007905862	3.72635652036008e-09	53.4423420965094	1.00000001390391
33.675	3.75	1.00000000808	0.800000007715551	3.67197698845486e-09	53.3223420941725	1.000000006464
33.825	3.75	1.00000000099789	0.800000007525162	3.61897016929067e-09	53.2023420926434	1.00000000079832
33.975	3.75	0.999999995830281	0.800000007337021	3.56727878893869e-09	53.0823420917234	0.999999996664225
34.125	3.75	0.999999992276136	0.800000007152981	3.51690909565677e-09	52.9623420912428	0.999999993820909
34.275	3.75	0.99999999004787	0.800000006974151	3.4678021010361e-09	52.8423420910605	0.999999992038296
34.425	3.75	0.999999988879247	0.800000006801379	3.41992236502217e-09	52.7223420910614	0.999999991103397
34.575	3.75	0.999999988530611	0.80000000663506	3.37326594746544e-09	52.6023420911552	0.999999990824489
34.725	3.75	0.999999988791712	0.800000006475312	3.32778407267971e-09	52.482342091273	0.999999991033369
34.875	3.75	0.999999989482769	0.800000006322024	3.28346019425575e-09	52.3623420913646	0.999999991586215
35.025	3.75	0.999999990453965	0.80000000617489	3.24026370657644e-09	52.2423420913957	0.999999992363172
35.175	3.75	0.999999991583915	0.80000000603355	3.19816793194283e-09	52.1223420913449	0.999999993267132
35.325	3.75	0.999999992777288	0.800000005897435	3.15714779223661e-09	52.0023420912015	0.99999999422183
35.475	3.75	0.999999993962044	0.800000005766103	3.1171874315815e-09	51.8823420909624	0.999999995169635
35.625	3.75	0.99999999508633	0.80000000563893	3.07825038640531e-09	51.7623420906309	0.999999996069064
35.775	3.75	0.999999996115332	0.800000005515426	3.04032070503824e-09	51.6423420902142	0.999999996892265
35.925	3.75	0.999999997028255	0.800000005395078	3.00338015545244e-09	51.5223420897221	0.999999997622604
36.075	3.75	0.999999997815433	0.800000005277532	2.96740515915976e-09	51.4023420891662	0.999999998252347
36.225	3.75	0.999999998475729	0.800000005162225	2.93236120475798e-09	51.2823420885583	0.999999998780583
36.375	3.75	0.999999999014265	0.800000005048936	2.89826216140873e-09	51.1623420879102	0.999999999211412
36.525	3.75	0.999999999440436	0.800000004937349	2.86504897387071e-09	51.0423420872329	0.999999999552349
36.675	3.75	0.999999999766312	0.800000004827178	2.83272943818845e-09	50.9223420865364	0.999999999813049
36.825	3.75	1.00000000000534	0.800000004718276	2.80127940756468e-09	50.8023420858296	1.00000000000427
36.975	3.75	1.00000000017134	0.800000004610485	2.77066678951375e-09	50.6823420851199	1.00000000013708
37.125	3.75	1.00000000027791	0.800000004503696	2.74090497057753e-09	50.5623420844135	1.00000000022232
37.275	3.75	1.00000000033768	0.800000004397721	2.71194547245677e-09	50.4423420837154	1.00000000027015
37.425	3.75	1.00000000036182	0.800000004292517	2.68379322495847e-09	50.3223420830293	1.00000000028945
37.575	3.75	1.00000000035912	0.800000004187846	2.65642866078017e-09	50.2023420823582	1.0000000002873
37.725	3.75	1.00000000033565	0.800000004083916	2.62984681984547e-09	50.082342081704	1.00000000026852
37.875	3.75	1.00000000029551	0.80000000398121	2.60401431572499e-09	49.9623420810685	1.00000000023641
38.025	3.75	1.00000000024451	0.800000003880787	2.57891897490809e-09	49.8423420804529	1.00000000019561
38.175	3.75	1.00000000019656	0.800000003783316	2.55455851896773e-09	49.7223420798573	1.00000000015724
38.325	3.75	1.00000000017804	0.800000003687109	2.53091634963348e-09	49.6023420792801	1.00000000014243
38.475	3.75	1.0000000002182	0.80000000358614	2.50796947472702e-09	49.482342078717	1.00000000017456
38.625	3.75	1.00000000031038	0.800000003469678	2.48572457137858e-09	49.3623420781624	1.00000000024831
38.775	3.75	1.00000000034601	0.800000003331176	2.46415767559294e-09	49.2423420776164	1.0000000002768
38.925	3.75	1.00000000007386	0.800000003188627	2.4432547696294e-09	49.1223420770966	1.00000000005909
39.075	3.75	0.999999999212036	0.800000003108115	2.42302227603044e-09	49.0023420766457	0.999999999369629
39.225	3.75	0.999999997861595	0.800000003198517	2.40342173788003e-09	48.8823420763154	0.999999998289276
39.375	3.75	0.999999997187171	0.800000003521136	2.3844701268287e-09	48.7623420760967	0.999999997749737
39.525	3.75	0.999999999800288	0.800000003882483	2.36614124383226e-09	48.6423420757991	0.99999999984023
39.675	3.75	1.00000000854991	0.800000003603842	2.34843273617817e-09	48.5223420749702	1.00000000683993
39.825	3.75	1.00000002228112	0.800000001602642	2.33133686750279e-09	48.4023420730763	1.00000001782489
39.975	3.75	1.00000002906865	0.799999997315169	2.31483454700585e-09	48.2823420702115	1.00000002325492
40.125	3.75	1.00000000269436	0.799999992726234	2.29892760378298e-09	48.1623420683006	1.00000000215549
40.275	3.75	0.999999915051612	0.799999994512447	2.28360792577037e-09	48.0423420718762	0.99999993204129
40.425	3.75	0.999999777875212	0.800000013059235	2.26884985307856e-09	47.9223420862569	0.99999982230017
40.575	3.75	0.999999707649951	0.800000053471744	2.25468121875457e-09	47.8023421106064	0.999999766119961
40.725	3.75	0.999999957517767	0.800000096561353	2.24106839816888e-09	47.6823421263466	0.999999966014214
40.875	3.75	1.00000079734942	0.800000079642788	2.2279974130762e-09	47.5623420897946	1.00000063787953
41.025	3.75	1.00000212196185	0.799999907001896	2.2154950685288e-09	47.4423419493626	1.00000169756948
41.175	3.75	1.00000285290257	0.799999532748154	2.20350739502045e-09	47.3223417102774	1.00000228232206
41.325	3.75	1.00000065163103	0.799999130373418	2.19207918737258e-09	47.2023415417812	1.00000052130483
41.475	3.75	0.999993003858063	0.799999257808116	2.18118408334032e-09	47.0823418460523	0.999994403086451
41.625	3.75	0.999980706637699	0.800000758293605	2.17082242289031e-09	46.9623431076967	0.999984565310159
41.775	3.75	0.999973138463686	0.800004042799823	2.16097575879037e-09	46.8423453228933	0.999978510770949
41.925	3.75	0.999990827520163	0.800007659597317	2.15160033433102e-09	46.7223470522978	0.999992662016131
42.075	3.75	1.00005637953588	0.800006938100163	2.14265457865721e-09	46.602344786147	1.0000451036287
42.225	3.75	1.00016528886174	0.799994825857804	2.13413379070761e-09	46.4823341459029	1.00013223108939
42.375	3.75	1.00024184955483	0.79996767581268	2.12617472539867e-09	46.3623146031335	1.00019347964386
42.525	3.75	1.00011633628805	0.799936551973294	2.1190563299038e-09	46.2422974099208	1.00009306903044
42.675	3.75	0.999594226907508	0.799937862055062	2.11309510744423e-09	46.1223113027457	0.999675381526007
42.825	3.75	0.998683926300579	0.800027373732168	2.1082882005635e-09	46.0023939536867	0.998947141040464
42.975	3.75	0.99794467321278	0.800237008000128	2.10369423065941e-09	45.8825557854225	0.998355738570224
43.125	3.75	0.998684258959452	0.800490006524549	2.09711424692611e-09	45.7627175909407	0.998947407167561
43.275	3.75	1.00248296174168	0.800522976086044	2.0859086944407e-09	45.6426615604781	1.00198636939334
43.425	3.75	1.00955927623987	0.799934826400245	2.06981915664575e-09	45.5220836578133	1.0076474209919
43.575	3.75	1.01623380740518	0.798479882318689	2.05497337257445e-09	45.4008458810429	1.01298704592415
43.725	3.75	1.01328677104335	0.796573392425563	2.05622772432083e-09	45.2794287246473	1.01062941683468
43.875	3.75	0.988680897783767	0.795833251108947	2.09397071988049e-09	45.159333730127	0.990944718227013
44.025	3.75	0.938367896617275	0.799351007688365	2.18004618476667e-09	45.0428406976146	0.95069431729382
44.175	3.75	0.884673133387336	0.810192428997501	2.28130059054866e-09	44.9313521919672	0.907738506709869
44.325	3.75	0.889127901533703	0.824441953073653	2.27110411352151e-09	44.8222078379208	0.911302321226962
44.475	3.75	1.0325719514199	0.826489829161914	2.01622001340317e-09	44.7059574323013	1.02605756113592
44.625	3.75	1.34924434213134	0.808622132980422	1.61625180839608e-09	44.5677999963967	1.27939547370508
44.775	3.75	1.76408811844775	0.709537047462424	1.28276932070865e-09	44.3955931832394	1.6112704947582
44.925	3.75	2.11154506657014	0.834636814059663	1.09370236193627e-09	44.2248231635424	1.88923605325611
0.075	4.25	3.4747233572065e-16	0.399999090865631	-1.64718210645429e-05	65.3895270587962	0.2
0.225	4.25	1.09797187028032e-15	0.799997299786824	-1.61763960090032e-05	65.3655271133443	0.200000000000001
0.375	4.25	2.54821274795905e-15	0.799995588379137	-1.56002861321027e-05	65.341527220809	0.200000000000002
0.525	4.25	4.61631269738743e-15	0.79999400368724	-1.47713590328186e-05	65.3175273780416	0.200000000000004
0.675	4.25	7.14889056073264e-15	0.799992584517519	-1.37277450418589e-05	65.2935275805878	0.200000000000006
0.825	4.25	9.93598259778078e-15	0.799991359644227	-1.25142709067244e-05	65.2695278229705	0.200000000000008
0.975	4.25	1.27380853123325e-14	0.799990347102285	-1.11787703223576e-05	65.2455280990091	0.20000000000001
1.125	4.25	1.52998234748712e-14	0.79998955446475	-9.76873072083963e-06	65.2215284021444	0.200000000000012
1.275	4.25	1.73404325774645e-14	0.799988979887178	-8.32857316198344e-06	65.1975287257412	0.200000000000014
1.425	4.25	1.85241635289579e-14	0.799988613651393	-6.89769991350165e-06	65.1735290633511	0.200000000000015
1.575	4.25	1.84214468796104e-14	0.799988439968447	-5.50930816447646e-06	65.1495294089221	0.200000000000015
1.725	4.25	1.64736631355679e-14	0.799988438810274	-4.18988515634242e-06	65.125529756953	0.200000000000013
1.875	4.25	1.19723125322562e-14	0.799988587619238	-2.95924880338457e-06	65.1015301025935	0.20000000000001
2.025	4.25	4.05979999336165e-15	0.799988862794092	-1.83098577425453e-06	65.0775304416959	0.200000000000003
2.175	4.25	-8.24390853749006e-15	0.799989240898742	-8.13147909214657e-07	65.0535307708259	0.199999999999993
2.325	4.25	-2.59858589989466e-14	0.799989699582319	9.09164175967818e-08	65.0295310872419	0.199999999999979
2.475	4.25	-5.01928271016308e-14	0.799990218223915	8.81685279773286e-07	65.0055313888509	0.19999999999996
2.625	4.25	-8.17481396218361e-14	0.799990778340376	1.56261415040699e-06	64.9815316741485	0.199999999999935
2.775	4.25	-1.21227707300271e-13	0.7999913637926	2.13935580804152e-06	64.9575319421505	0.199999999999903
2.925	4.25	-1.68690429059994e-13	0.799991960832056	2.6190766851045e-06	64.933532192321	0.199999999999865
3.075	4.25	-2.23419538320734e-13	0.799992558037609	3.00988021892976e-06	64.9095324245006	0.199999999999821
3.225	4.25	-2.8361455328109e-13	0.799993146161512	3.32033741943406e-06	64.8855326388388	0.199999999999773
3.375	4.25	-3.460383616406e-13	0.799993717936678	3.55911910510697e-06	64.861532835731	0.199999999999723
3.525	4.25	-4.05630771078287e-13	0.799994267846626	3.73471675171833e-06	64.8375330157627	0.199999999999676
3.675	4.25	-4.55108606857315e-13	0.799994791894375	3.85524382717014e-06	64.8135331796603	0.199999999999636
3.825	4.25	-4.84583247618518e-13	0.799995287369391	3.92829931329125e-06	64.7895333282491	0.199999999999612
3.975	4.25	-4.81239231791952e-13	0.799995752634199	3.96088496951258e-06	64.7655334624182	0.199999999999615
4.125	4.25	-4.29132107324502e-13	0.799996186924602	3.95936302807857e-06	64.7415335830911	0.199999999999657
4.275	4.25	-3.09179484589529e-13	0.799996590173091	3.92944608045805e-06	64.7175336912028	0.199999999999753
4.425	4.25	-9.94356056693179e-14	0.799996962856671	3.8762082514144e-06	64.6935337876808	0.19999999999992
4.575	4.25	2.24244616844261e-13	0.7999973058635	3.80411385481826e-06	64.6695338734314	0.200000000000179
4.725	4.25	6.87032720742401e-13	0.799997620383262	3.71705561000305e-06	64.645533949329	0.20000000000055
4.875	4.25	1.31331665808114e-12	0.799997907813586	3.61839945487967e-06	64.6215340162083	0.200000000001051
5.025	4.25	2.12412333218254e-12	0.799998169687378	3.51103286290678e-06	64.5975340748599	0.200000000001699
5.175	4.25	3.1336517911689e-12	0.799998407612425	3.39741248624597e-06	64.5735341260266	0.200000000002507
5.325	4.25	4.34481732365078e-12	0.799998623222939	3.27961229212119e-06	64.5495341704025	0.200000000003476
5.475	4.25	5.74374684460355e-12	0.79999881814437	3.1593679546883e-06	64.5255342086324	0.200000000004595
5.625	4.25	7.29322813665718e-12	0.799998993965932	3.03811948492996e-06	64.5015342413128	0.200000000005835
5.775	4.25	8.92520404134657e-12	0.799999152220874	2.91704961411171e-06	64.4775342689931	0.20000000000714
5.925	4.25	1.05325211435753e-11	0.799999294371893	2.79711882377919e-06	64.4535342921778	0.200000000008426
6.075	4.25	1.19602939077415e-11	0.799999421802084	2.67909667881021e-06	64.4295343113287	0.200000000009568
6.225	4.25	1.29974308649125e-11	0.799999535810123	2.56359056317291e-06	64.4055343268674	0.200000000010398
6.375	4.25	1.33690888570635e-11	0.799999637608158	2.45106946895414e-06	64.3815343391776	0.200000000010695
6.525	4.25	1.27310708299535e-11	0.799999728321117	2.34188601406694e-06	64.3575343486083	0.200000000010185
6.675	4.25	1.06674552838785e-11	0.799999808988242	2.23629525976675e-06	64.3335343554759	0.200000000008534
6.825	4.25	6.69302937532844e-12	0.799999880566213	2.13447118984499e-06	64.309534360067	0.200000000005354
6.975	4.25	2.62376058194197e-13	0.799999943932794	2.03652026482289e-06	64.2855343626407	0.20000000000021
7.125	4.25	-9.2122847011391e-12	0.799999999891274	1.94249452575138e-06	64.261534363431	0.19999999999263
7.275	4.25	-2.23322090795281e-11	0.800000049174146	1.85240032473026e-06	64.2375343626489	0.199999999982134
7.425	4.25	-3.9669808727126e-11	0.800000092448502	1.76620835531965e-06	64.2135343604848	0.199999999968264
7.575	4.25	-6.17105492542266e-11	0.800000130321127	1.68386052092312e-06	64.1895343571097	0.199999999950632
7.725	4.25	-8.87769494761713e-11	0.800000163342264	1.60527620514534e-06	64.1655343526774	0.199999999928978
7.875	4.25	-1.20933032846397e-10	0.80000019201034	1.53035753960309e-06	64.1415343473262	0.199999999903254
8.025	4.25	-1.57868350711999e-10	0.800000216775954	1.45899393065385e-06	64.11753434118	0.199999999873705
8.175	4.25	-1.98761819773084e-10	0.800000238047617	1.39106509587234e-06	64.0935343343499	0.199999999840991
8.325	4.25	-2.42127146170162e-10	0.800000256193139	1.3264446649596e-06	64.0695343269353	0.199999999806298
8.475	4.25	-2.85643588681442e-10	0.800000271544599	1.26500232319685e-06	64.0455343190248	0.199999999771485
8.625	4.25	-3.25978272028026e-10	0.800000284401171	1.20660596655473e-06	64.0215343106975	0.199999999739217
8.775	4.25	-3.58609203618342e-10	0.800000295032774	1.15112321761401e-06	63.9975343020233	0.199999999713113
8.925	4.25	-3.77661549733276e-10	0.800000303682078	1.0984226562089e-06	63.9735342930643	0.199999999697871
9.075	4.25	-3.75773527544759e-10	0.800000310567094	1.04837492175631e-06	63.9495342838749	0.199999999699381
9.225	4.25	-3.4401235948064e-10	0.800000315884155	1.00085352282302e-06	63.9255342745025	0.19999999972479
9.375	4.25	-2.71864952742402e-10	0.800000319809794	9.5573535821917e-07	63.9015342649879	0.199999999782508
9.525	4.25	-1.47332085325028e-10	0.800000322501826	9.12901120562157e-07	63.8775342553661	0.199999999882134
9.675	4.25	4.28413910875258e-11	0.800000324102175	8.72235872086104e-07	63.8535342456661	0.200000000034273
9.825	4.25	3.12764841626315e-10	0.800000324738137	8.33629127652154e-07	63.8295342359117	0.200000000250212
9.975	4.25	6.76791342564021e-10	0.800000324523154	7.96974559060561e-07	63.8055342261218	0.200000000541433
10.125	4.25	1.14866096181146e-09	0.800000323559244	7.62170904375071e-07	63.7815342163104	0.200000000918929
10.275	4.25	1.7403624975997e-09	0.800000321937098	7.29121122814074e-07	63.7575342064877	0.20000000139229
10.425	4.25	2.46068323589458e-09	0.800000319737668	6.97732952462449e-07	63.73353419666	0.200000001968547
10.575	4.25	3.31342456859329e-09	0.800000317032979	6.67918538670253e-07	63.7095341868309	0.20000000265074
10.725	4.25	4.29527356370746e-09	0.800000313887229	6.39594358183608e-07	63.6855341770018	0.200000003436219
10.875	4.25	5.39333731371006e-09	0.800000310356706	6.12681019200911e-07	63.661534167173	0.20000000431467
11.025	4.25	6.58236852419013e-09	0.80000030649255	5.87103542387141e-07	63.6375341573449	0.200000005265895
11.175	4.25	7.82173760405445e-09	0.800000302338438	5.62790622488156e-07	63.6135341475197	0.20000000625739
11.325	4.25	9.05223853317776e-09	0.800000297934673	5.39674841619036e-07	63.5895341377028	0.200000007241791
11.475	4.25	1.01928528003561e-08	0.800000293315762	5.17692277726472e-07	63.5655341279056	0.200000008154282
11.625	4.25	1.11376371875613e-08	0.800000288512886	4.96782744977643e-07	63.5415341181469	0.20000000891011
11.775	4.25	1.17529462183901e-08	0.800000283554359	4.76889168373451e-07	63.5175341084563	0.200000009402357
11.925	4.25	1.18752473693013e-08	0.800000278465475	4.57957676595458e-07	63.493534098877	0.200000009500198
12.075	4.25	1.13098349095174e-08	0.800000273269329	4.39937156860232e-07	63.4695340894684	0.200000009047868
12.225	4.25	9.8307943032422e-09	0.800000267988251	4.22779815530691e-07	63.4455340803094	0.200000007864635
12.375	4.25	7.18261089331057e-09	0.800000262643965	4.06440012490679e-07	63.4215340715016	0.200000005746089
12.525	4.25	3.08385117861794e-09	0.800000257257104	3.90874981158548e-07	63.3975340631717	0.200000002467081
12.675	4.25	-2.76663071001571e-09	0.800000251849778	3.76044348303097e-07	63.373534055474	0.199999997786695
12.825	4.25	-1.06804978675041e-08	0.800000246444208	3.61909774698867e-07	63.3495340485919	0.199999991455602
12.975	4.25	-2.09672887905298e-08	0.800000241065539	3.48435360234649e-07	63.325534042738	0.199999983226169
13.125	4.25	-3.39178949365406e-08	0.800000235739546	3.3558689659423e-07	63.3015340381537	0.199999972865684
13.275	4.25	-4.97837677303601e-08	0.800000230494598	3.23332523142427e-07	63.2775340351059	0.199999960172986
13.425	4.25	-6.87515287266611e-08	0.800000225362884	3.11641687628452e-07	63.2535340338825	0.199999944998777
13.575	4.25	-9.09127373894759e-08	0.800000220378633	3.00486000990041e-07	63.2295340347844	0.19999992726981
13.725	4.25	-1.16228663160356e-07	0.80000021557921	2.89838269045251e-07	63.205534038115	0.199999907017069
13.875	4.25	-1.44490002343558e-07	0.80000021100592	2.7967304445178e-07	63.1815340441656	0.199999884407998
14.025	4.25	-1.75271560548792e-07	0.80000020670272	2.69966353984171e-07	63.1575340531967	0.199999859782752
14.175	4.25	-2.07881965633559e-07	0.80000020271689	2.60695286197972e-07	63.1335340654156	0.199999833694428
14.325	4.25	-2.41308452769658e-07	0.800000199099401	2.51838482420171e-07	63.1095340809471	0.199999806953238
14.475	4.25	-2.74156629229541e-07	0.800000195904974	2.43375683942604e-07	63.0855340998008	0.199999780674697
14.625	4.25	-3.0458482349097e-07	0.800000193193	2.35287651883616e-07	63.0615341218309	0.199999756332141
14.775	4.25	-3.30232073689324e-07	0.800000191028832	2.27556260410104e-07	63.0375341466895	0.199999735814341
14.925	4.25	-3.48137911555137e-07	0.800000189486691	2.20164528771908e-07	63.0135341737737	0.199999721489671
15.075	4.25	-3.54650714346397e-07	0.800000188653887	2.13096082747842e-07	62.9895342021628	0.199999716279429
15.225	4.25	-3.45319350654731e-07	0.800000188637586	2.06335849024268e-07	62.9655342305474	0.199999723744519
15.375	4.25	-3.14759901883216e-07	0.800000189574195	1.99869110158741e-07	62.9415342571459	0.199999748192078
15.525	4.25	-2.56485090964659e-07	0.800000191644326	1.93682363234316e-07	62.9175342796069	0.199999794811927
15.675	4.25	-1.62678286314582e-07	0.800000195093664	1.87762826299888e-07	62.8935342948924	0.199999869857371
15.825	4.25	-2.38860326749533e-08	0.800000200262293	1.82097899554853e-07	62.8695342991355	0.199999980891174
15.975	4.25	1.71407727173371e-07	0.800000207626197	1.76676209089974e-07	62.8455342874628	0.200000137126182
16.125	4.25	4.3737719801026e-07	0.800000217853563	1.71486826290509e-07	62.8215342537676	0.200000349901758
16.275	4.25	7.91691255570304e-07	0.800000231883843	1.66519253893385e-07	62.7975341904151	0.200000633353004
16.425	4.25	1.25668878167058e-06	0.800000251034027	1.61763699849477e-07	62.7735340878498	0.200001005351025
16.575	4.25	1.86102646419792e-06	0.800000277144717	1.57210989689104e-07	62.7495339340688	0.200001488821171
16.725	4.25	2.64198080850766e-06	0.800000312776686	1.52852208949036e-07	62.725533713904	0.200002113584647
16.875	4.25	3.64865054039239e-06	0.800000361476214	1.48678962741223e-07	62.7015334080416	0.200002918920432
17.025	4.25	4.94639178160998e-06	0.800000428134396	1.44683405930122e-07	62.6775329916742	0.200003957113425
17.175	4.25	6.62293377582067e-06	0.800000519468513	1.40858130362508e-07	62.6535324326458	0.200005298347021
17.325	4.25	8.79677799208284e-06	0.800000644671217	1.37195772761477e-07	62.6295316889019	0.200007037422394
17.475	4.25	1.16286929944598e-05	0.800000816288889	1.33689748722375e-07	62.6055307049828	0.200009302954396
17.625	4.25	1.53374021539982e-05	0.800001051407036	1.30333563334137e-07	62.5815294072133	0.200012269921723
17.775	4.25	2.02209480641073e-05	0.800001373253124	1.27121063295867e-07	62.5575276971133	0.200016176758451
17.925	4.25	2.66857390140143e-05	0.800001813351466	1.24046497583772e-07	62.5335254423894	0.200021348591211
18.075	4.25	3.52859761731516e-05	0.800002414405884	1.21104179649802e-07	62.5095224646387	0.200028228780939
18.225	4.25	4.67770692097625e-05	0.8000032341241	1.1828866399106e-07	62.4855185225972	0.200037421655368
18.375	4.25	6.21878371725095e-05	0.800004350306618	1.15594906661769e-07	62.4615132893577	0.200049750269738
18.525	4.25	8.29178769100866e-05	0.800005867675007	1.13017549234905e-07	62.4375063214491	0.200066334301528
18.675	4.25	0.00011086867865663	0.800007927199766	1.1055174976984e-07	62.413497016948	0.200088694942925
18.825	4.25	0.000148620228750892	0.800010719039852	1.0819251720333e-07	62.3894845588199	0.200118896183001
18.975	4.25	0.000199669419743191	0.800014500513012	1.0593469587418e-07	62.3654678383394	0.200159735535795
19.125	4.25	0.000268752996822256	0.800019620546265	1.0377289678609e-07	62.3414453515656	0.200215002397458
19.275	4.25	0.000362286095226105	0.800026551639868	1.01701731769279e-07	62.3174150592657	0.200289828876181
19.425	4.25	0.00048895722260882	0.800035929672378	9.97146019772406e-08	62.2933741972283	0.200391165778087
19.575	4.25	0.000660531080983458	0.800048601792422	9.78049748971954e-08	62.2693190194823	0.200528424864787
19.725	4.25	0.000892922066609097	0.800065684935167	9.59646165024001e-08	62.2452444514485	0.200714337653287
19.875	4.25	0.00120761693932101	0.800088643916192	9.41839230381824e-08	62.221143623273	0.200966093551457
20.025	4.25	0.00163355387626465	0.800119408503576	9.24513489515015e-08	62.1970072446697	0.201306843101012
20.175	4.25	0.00220962147651091	0.800160558279984	9.07526915058677e-08	62.1728227696041	0.201767697181209
20.325	4.25	0.00298803995676218	0.800215600877176	8.90701565210777e-08	62.1485732787039	0.20239043196541
20.475	4.25	0.00403902912717439	0.80028933690882	8.73816582238966e-08	62.124235975266	0.20323122330174
20.625	4.25	0.00545732304369011	0.800388231589217	8.56589027996996e-08	62.0997801444233	0.204365858434952
20.775	4.25	0.00737118317062752	0.800520604863378	8.38664475306194e-08	62.075164366857	0.205896946536502
20.925	4.25	0.00995447640621859	0.800696345657563	8.1959756153602e-08	62.050332719969	0.207963581124975
21.075	4.25	0.0134420106785318	0.800925815361134	7.9883947585241e-08	62.025209663026	0.210753608542825
21.225	4.25	0.0181476158965806	0.801217693815947	7.75742820317869e-08	61.9996933182403	0.214518092717264
21.375	4.25	0.024483491355588	0.801575757501389	7.4959233876684e-08	61.9736469555674	0.21958679308447
21.525	4.25	0.0329782601952274	0.801994918493436	7.19680800288795e-08	61.9468886832391	0.226382608156182
21.675	4.25	0.0442900687238256	0.802457218568123	6.85434498525982e-08	61.9191796451544	0.235432054979061
21.825	4.25	0.0592098275351728	0.802928828482713	6.46582217303714e-08	61.890211437639	0.247367862028138
21.975	4.25	0.0786480112080653	0.803359439821017	6.03326983369487e-08	61.8595940088557	0.262918408966452
22.125	4.25	0.103596183999326	0.803685621135693	5.56455147453694e-08	61.8268460419152	0.282876947199461
22.275	4.25	0.135052294943669	0.8038393646423	5.07324174127332e-08	61.7913907683512	0.308041835954935
22.425	4.25	0.173898984289515	0.80376177926828	4.57695495932245e-08	61.752561195806	0.339119187431612
22.575	4.25	0.220730574149146	0.80341972952741	4.09452543406016e-08	61.709619455909	0.376584459319317
22.725	4.25	0.27564151458313	0.802820825172791	3.64285430971066e-08	61.6617945804708	0.420513211666504
22.875	4.25	0.338017842905081	0.802020612199234	3.2344978438679e-08	61.6083404268331	0.470414274324064
23.025	4.25	0.406404709151306	0.801116484034642	2.87655564920234e-08	61.5486099971866	0.525123767321045
23.175	4.25	0.478534557724793	0.800226961182882	2.57087179804112e-08	61.4821348349853	0.582827646179835
23.325	4.25	0.551566072469744	0.79946200283923	2.31514072850673e-08	61.4086916783279	0.641252857975795
23.475	4.25	0.622501294494936	0.798895960751972	2.10436469511274e-08	61.3283376467362	0.698001035595949
23.625	4.25	0.688659245717676	0.798554440221062	1.93222293757939e-08	61.2414026159464	0.75092739657414
23.775	4.25	0.748051799590951	0.798418773196379	1.79213306705691e-08	61.1484407246908	0.798441439672761
23.925	4.25	0.799557772200103	0.798442597707155	1.67793757790114e-08	61.0501554255266	0.839646217760083
24.075	4.25	0.842886463054214	0.798570877941781	1.58425475185134e-08	60.9473179325118	0.874309170443372
24.225	4.25	0.878398150165524	0.798753989069425	1.50659975872809e-08	60.8406960729765	0.902718520132419
24.375	4.25	0.906872095828741	0.79895451939011	1.44135559554326e-08	60.731002926823	0.925497676662993
24.525	4.25	0.929292194606173	0.799148222356603	1.38567470131672e-08	60.61886690754	0.943433755684938
24.675	4.25	0.946685091378444	0.799321798276514	1.33734596556185e-08	60.5048199041929	0.957348073102755
24.825	4.25	0.960016772610938	0.799469717303278	1.29468877490215e-08	60.3892981525293	0.96801341808875
24.975	4.25	0.97013807156556	0.799591317585597	1.25641426979067e-08	60.2726506800814	0.976110457252448
25.125	4.25	0.977764768115146	0.799688621291865	1.22156174558564e-08	60.1551513185422	0.982211814492117
25.275	4.25	0.983479106462258	0.799764875799565	1.18941130529932e-08	60.037011596557	0.986783285169807
25.425	4.25	0.987742790515634	0.799823664141575	1.15941932455642e-08	59.9183929350907	0.990194232412507
25.575	4.25	0.990914817433174	0.799868409696697	1.13118645887498e-08	59.799417362803	0.992731853946539
25.725	4.25	0.993270126473498	0.799902134237705	1.10441414757538e-08	59.6801764803093	0.994616101178799
25.875	4.25	0.995016874572956	0.799927370272596	1.07887710518156e-08	59.560738700179	0.996013499658365
26.025	4.25	0.996311339792386	0.799946162182165	1.05440733984932e-08	59.4411549424479	0.997049071833909
26.175	4.25	0.997270176000153	0.799960113970035	1.03087818678197e-08	59.3214630266227	0.997816140800122
26.325	4.25	0.997980145852439	0.799970456946164	1.00819256544027e-08	59.2016910083332	0.998384116681951
26.475	4.25	0.998505654639691	0.799978121067037	9.86274327266273e-09	59.0818596872137	0.998804523711753
26.625	4.25	0.998894473308819	0.799983800784441	9.65065299068589e-09	58.9619844784756	0.999115578647055
26.775	4.25	0.999182029772591	0.799988011110209	9.44514432913573e-09	58.842076803805	0.999345623818073
26.925	4.25	0.999394600844084	0.799991132751278	9.24586908642427e-09	58.7221451230726	0.999515680675268
27.075	4.25	0.999551676912185	0.799993447006161	9.05242870216736e-09	58.6021956993292	0.999641341529748
27.225	4.25	0.999667711973787	0.799995161986341	8.86460128792833e-09	58.4822331662985	0.99973416957903
27.375	4.25	0.999753419898741	0.799996431963707	8.68211561634564e-09	58.3622609496485	0.999802735918993
27.525	4.25	0.99981673620006	0.799997371515697	8.50475408272253e-09	58.2422815798777	0.999853388960048
27.675	4.25	0.999863532811277	0.799998065848377	8.3323153703177e-09	58.1222969247277	0.999890826249022
27.825	4.25	0.9998981498964	0.799998578357724	8.16461823172745e-09	58.00230836176	0.99991851991712
27.975	4.25	0.999923791675417	0.799998956200772	8.00152408778231e-09	57.8823169064056	0.999939033340333
28.125	4.25	0.9999428209389	0.799999234428265	7.84285219813519e-09	57.762323306879	0.99995425675112
28.275	4.25	0.999956977995463	0.799999439063685	7.68846395718566e-09	57.6423281144463	0.99996558239637
28.425	4.25	0.999967543254763	0.799999589405154	7.53820627644356e-09	57.522331735379	0.999974034603811
28.575	4.25	0.999975457805242	0.799999699745899	7.39196033563505e-09	57.4023344693166	0.999980366244194
28.725	4.25	0.999981412728372	0.799999780660048	7.2496085674576e-09	57.2823365375548	0.999985130182698
28.875	4.25	0.999985915176476	0.799999839961033	7.11101576295719e-09	57.1623381038738	0.999988732141181
29.025	4.25	0.999989337201347	0.799999883415028	6.97609328516488e-09	57.0423392898521	0.999991469761078
29.175	4.25	0.999991951790616	0.79999991527137	6.84471428015278e-09	56.9223401861063	0.999993561432493
29.325	4.25	0.999993959424787	0.79999993865613	6.71677116403956e-09	56.8023408605267	0.99999516753983
29.475	4.25	0.999995507614308	0.799999955864011	6.59214703222458e-09	56.6823413642998	0.999996406091446
29.625	4.25	0.999996705242086	0.799999968575407	6.47079807578653e-09	56.5623417363055	0.999997364193669
29.775	4.25	0.999997633065809	0.799999978017006	6.3525774097656e-09	56.4423420063207	0.999998106452647
29.925	4.25	0.999998351385253	0.799999985081332	6.23740485039356e-09	56.3223421973517	0.999998681108202
30.075	4.25	0.999998905620642	0.799999990415085	6.12520753883827e-09	56.2023423273303	0.999999124496513
30.225	4.25	0.9999993303557	0.799999994485198	6.01588107820689e-09	56.082342410348	0.99999946428456
30.375	4.25	0.999999652255976	0.799999997627321	5.90937171573371e-09	55.9623424575564	0.999999721804781
30.525	4.25	0.999999892166607	0.800000000081561	5.80559262697605e-09	55.8423424778266	0.999999913733286
30.675	4.25	1.00000006661444	0.80000000201954	5.70445160826978e-09	55.7223424782359	1.00000005329155
30.825	4.25	1.00000018888045	0.80000000356347	5.60587269287567e-09	55.6023424644308	1.00000015110436
30.975	4.25	1.0000002697643	0.800000004800633	5.50980510890574e-09	55.4823424409018	1.00000021581144
31.125	4.25	1.00000031813024	0.800000005793763	5.41617513031865e-09	55.3623424111958	1.00000025450419
31.275	4.25	1.00000034129913	0.800000006588199	5.3248958629038e-09	55.2423423780827	1.0000002730393
31.425	4.25	1.00000034533336	0.800000007217843	5.23593501628118e-09	55.1223423436899	1.00000027626669
31.575	4.25	1.00000033524795	0.800000007708294	5.14920870127224e-09	55.0023423096133	1.00000026819836
31.725	4.25	1.00000031517155	0.800000008079805	5.06465779356613e-09	54.8823422770098	1.00000025213724
31.875	4.25	1.00000028847337	0.80000000834902	4.98224088305346e-09	54.7623422466764	1.00000023077869
32.025	4.25	1.00000025786737	0.800000008530046	4.90186959300504e-09	54.6423422191182	1.00000020629389
32.175	4.25	1.00000022550096	0.800000008635283	4.82355457517617e-09	54.5223421946069	1.00000018040077
32.325	4.25	1.00000019303282	0.80000000867585	4.74717274045908e-09	54.4023421732314	1.00000015442626
32.475	4.25	1.00000016170284	0.800000008661911	4.67269864131507e-09	54.2823421549418	1.00000012936227
32.625	4.25	1.00000013239566	0.800000008602635	4.60009602570973e-09	54.1623421395859	1.00000010591653
32.775	4.25	1.00000010569878	0.800000008506513	4.5292892053985e-09	54.042342126941	1.00000008455902
32.925	4.25	1.00000008195549	0.800000008381069	4.46025987330987e-09	53.9223421167398	1.00000006556439
33.075	4.25	1.0000000613128	0.800000008233202	4.39294693094741e-09	53.8023421086912	1.00000004905024
33.225	4.25	1.00000004376436	0.800000008068926	4.32729528016106e-09	53.6823421024977	1.00000003501149
33.375	4.25	1.00000002918824	0.800000007893411	4.26332157360233e-09	53.5623420978678	1.00000002335059
33.525	4.25	1.00000001737989	0.800000007711042	4.20092020087551e-09	53.4423420945256	1.00000001390391
33.675	4.25	1.00000000808001	0.800000007525598	4.14008098437452e-09	53.3223420922175	1.00000000646401
33.825	4.25	1.0000000009979	0.80000000733994	4.08075592494687e-09	53.2023420907165	1.00000000079832
33.975	4.25	0.999999995830287	0.800000007156484	4.02291529866523e-09	53.0823420898239	0.99999999666423
34.125	4.25	0.999999992276141	0.80000000697695	3.96653205838571e-09	52.9623420893701	0.999999993820913
34.275	4.25	0.999999990047871	0.800000006802567	3.91155834992544e-09	52.8423420892138	0.999999992038297
34.425	4.25	0.999999988879254	0.800000006634122	3.85795306623119e-09	52.7223420892402	0.999999991103403
34.575	4.25	0.999999988530617	0.800000006471997	3.80570850336336e-09	52.6023420893587	0.999999990824494
34.725	4.25	0.999999988791726	0.800000006316419	3.75478423212665e-09	52.4823420895007	0.999999991033381
34.875	4.25	0.999999989482792	0.800000006167103	3.70514155870797e-09	52.3623420896158	0.999999991586233
35.025	4.25	0.999999990453988	0.800000006023949	3.6567416707999e-09	52.2423420896698	0.99999999236319
35.175	4.25	0.999999991583924	0.800000005886461	3.60959314697105e-09	52.1223420896414	0.999999993267139
35.325	4.25	0.999999992777297	0.800000005754109	3.56364285882544e-09	52.0023420895197	0.999999994221837
35.475	4.25	0.999999993962056	0.800000005626423	3.51885983653826e-09	51.8823420893019	0.999999995169645
35.625	4.25	0.999999995086339	0.800000005502825	3.47521567685032e-09	51.7623420889911	0.999999996069071
35.775	4.25	0.999999996115345	0.800000005382898	3.43272404090263e-09	51.6423420885945	0.999999996892276
35.925	4.25	0.999999997028267	0.800000005266034	3.39131115772156e-09	51.5223420881221	0.999999997622613
36.075	4.25	0.999999997815445	0.800000005151777	3.35097741643792e-09	51.4023420875852	0.999999998252356
36.225	4.25	0.999999998475735	0.800000005039818	3.31170373456287e-09	51.2823420869959	0.999999998780588
36.375	4.25	0.999999999014279	0.800000004929769	3.27345464013763e-09	51.1623420863659	0.999999999211424
36.525	4.25	0.999999999440453	0.800000004821305	3.23622407271044e-09	51.0423420857062	0.999999999552363
36.675	4.25	0.99999999976633	0.800000004714243	3.19997365436355e-09	50.9223420850269	0.999999999813064
36.825	4.25	1.00000000000535	0.800000004608376	3.16469882894496e-09	50.8023420843368	1.00000000000428
36.975	4.25	1.00000000017135	0.800000004503588	3.13038120817078e-09	50.6823420836434	1.00000000013708
37.125	4.25	1.0000000002779	0.800000004399697	3.09698973206564e-09	50.5623420829528	1.00000000022232
37.275	4.25	1.00000000033769	0.800000004296616	3.06451167543178e-09	50.4423420822701	1.00000000027016
37.425	4.25	1.00000000036183	0.800000004194174	3.03292265626613e-09	50.322342081599	1.00000000028946
37.575	4.25	1.00000000035913	0.800000004092286	3.00222257618944e-09	50.2023420809424	1.00000000028731
37.725	4.25	1.00000000033566	0.800000003991046	2.97238923373185e-09	50.0823420803023	1.00000000026853
37.875	4.25	1.00000000029551	0.800000003891032	2.94338890984869e-09	49.9623420796806	1.00000000023641
38.025	4.25	1.00000000024453	0.800000003793196	2.91524042521963e-09	49.8423420790783	1.00000000019562
38.175	4.25	1.00000000019657	0.800000003698243	2.88789021035839e-09	49.7223420784957	1.00000000015726
38.325	4.25	1.00000000017806	0.800000003604661	2.86134858606983e-09	49.602342077931	1.00000000014244
38.475	4.25	1.0000000002182	0.80000000350607	2.83560809989779e-09	49.4823420773801	1.00000000017456
38.625	4.25	1.00000000031039	0.800000003392019	2.81063668217807e-09	49.3623420768373	1.00000000024831
38.775	4.25	1.00000000034602	0.800000003255974	2.78641102755534e-09	49.2423420763028	1.00000000027681
38.925	4.25	1.00000000007387	0.80000000311578	2.76295358248526e-09	49.122342075794	1.0000000000591
39.075	4.25	0.999999999212032	0.800000003037522	2.74023302443471e-09	49.0023420753539	0.999999999369626
39.225	4.25	0.999999997861593	0.800000003130217	2.71822931375973e-09	48.882342075034	0.999999998289275
39.375	4.25	0.999999997187172	0.800000003455088	2.69694607861093e-09	48.7623420748254	0.999999997749737
39.525	4.25	0.99999999980029	0.800000003818618	2.67636079952274e-09	48.6423420745376	0.999999999840232
39.675	4.25	1.00000000854992	0.800000003542178	2.65648861156948e-09	48.5223420737181	1.00000000683994
39.825	4.25	1.00000002228112	0.800000001543117	2.63727991460738e-09	48.4023420718333	1.0000000178249
39.975	4.25	1.00000002906866	0.799999997257774	2.61876063015704e-09	48.2823420689772	1.00000002325493
40.125	4.25	1.00000000269437	0.799999992670879	2.60088254306206e-09	48.1623420670748	1.0000000021555
40.275	4.25	0.999999915051615	0.79999999445917	2.58368494016384e-09	48.0423420706586	0.999999932041292
40.425	4.25	0.999999777875212	0.800000013008012	2.56712785412194e-09	47.9223420850471	0.999999822300169
40.575	4.25	0.999999707649958	0.800000053422491	2.55120053318879e-09	47.8023421094041	0.999999766119966
40.725	4.25	0.999999957517777	0.800000096514121	2.53591178844798e-09	47.6823421251515	0.999999966014222
40.875	4.25	1.00000079734943	0.800000079597484	2.52125114437385e-09	47.5623420886065	1.00000063787955
41.025	4.25	1.00000212196185	0.799999906958473	2.50719279197507e-09	47.4423419481811	1.00000169756948
41.175	4.25	1.00000285290258	0.799999532706704	2.49375628871376e-09	47.3223417091023	1.00000228232207
41.325	4.25	1.00000065163103	0.799999130333841	2.48091856027599e-09	47.2023415406121	1.00000052130483
41.475	4.25	0.999993003858062	0.799999257770395	2.46869217770359e-09	47.0823418448891	0.999994403086449
41.625	4.25	0.999980706637706	0.800000758257728	2.45705787647149e-09	46.962343106539	0.999984565310165
41.775	4.25	0.999973138463699	0.80000404276584	2.44600788112245e-09	46.8423453217408	0.999978510770959
41.925	4.25	0.999990827520172	0.800007659565114	2.43549093577562e-09	46.7223470511503	0.999992662016138
42.075	4.25	1.00005637953588	0.800006938069795	2.42544863589227e-09	46.6023447850042	1.00004510362871
42.225	4.25	1.00016528886174	0.799994825829163	2.41590627112107e-09	46.4823341447645	1.00013223108939
42.375	4.25	1.00024184955482	0.799967675785851	2.40697592372868e-09	46.3623146019992	1.00019347964385
42.525	4.25	1.00011633628802	0.799936551948236	2.39899127462018e-09	46.2422974087904	1.00009306903041
42.675	4.25	0.999594226907475	0.79993786203176	2.39232042748247e-09	46.122311301619	0.99967538152598
42.825	4.25	0.99868392630058	0.800027373710604	2.38696043453834e-09	46.0023939525633	0.998947141040464
42.975	4.25	0.997944673212874	0.800237007980255	2.38180539691221e-09	45.8825557843022	0.998355738570299
43.125	4.25	0.998684258959642	0.800490006506411	2.37441927041961e-09	45.7627175898233	0.998947407167714
43.275	4.25	1.00248296174187	0.800522976069636	2.36181950322731e-09	45.6426615593632	1.0019863693935
43.425	4.25	1.00955927623988	0.799934826385514	2.34366379798629e-09	45.5220836567008	1.00764742099191
43.575	4.25	1.01623380740485	0.798479882305722	2.32691101872111e-09	45.4008458799325	1.01298704592388
43.725	4.25	1.01328677104274	0.796573392414313	2.32839871997779e-09	45.2794287235388	1.01062941683419
43.875	4.25	0.988680897783293	0.795833251099447	2.37118584487503e-09	45.1593337290201	0.990944718226634
44.025	4.25	0.93836789661747	0.799351007680519	2.46872886928123e-09	45.042840696509	0.950694317293976
44.175	4.25	0.884673133388328	0.810192428991144	2.58341467778978e-09	44.9313521908625	0.907738506710662
44.325	4.25	0.889127901534531	0.824441953069074	2.57190589620379e-09	44.8222078368167	0.911302321227625
44.475	4.25	1.03257195141886	0.826489829159453	2.28328613264382e-09	44.7059574311977	1.02605756113509
44.625	4.25	1.34924434212754	0.808622132979738	1.83034866492735e-09	44.5677999952936	1.27939547370203
44.775	4.25	1.76408811844214	0.709537047462673	1.45269162578957e-09	44.3955931821368	1.61127049475371
44.925	4.25	2.11154506656417	0.834636814060946	1.23858405507316e-09	44.2248231624402	1.88923605325133
0.075	4.75	3.47472857809646e-16	0.39999943218267	-1.15486481854573e-05	65.3895284029335	0.2
0.225	4.75	1.09796932666546e-15	0.799998309730472	-1.13878000544787e-05	65.3655284370025	0.200000000000001
0.375	4.75	2.54820397660818e-15	0.799997226128463	-1.10721819650971e-05	65.3415285043497	0.200000000000002
0.525	4.75	4.61629527457585e-15	0.799996205021382	-1.06134671019142e-05	65.3175286034348	0.200000000000004
0.675	4.75	7.14886347531974e-15	0.799995266908741	-1.00280293699956e-05	65.2935287320484	0.200000000000006
0.825	4.75	9.93594699568873e-15	0.799994428315583	-9.33576530927708e-06	65.2695288874203	0.200000000000008
0.975	4.75	1.27380445612442e-14	0.799993701309273	-8.55878067760949e-06	65.2455290663494	0.20000000000001
1.125	4.75	1.52997835858392e-14	0.799993093354337	-7.72008071668318e-06	65.2215292653418	0.200000000000012
1.275	4.75	1.73404018540241e-14	0.799992607480518	-6.84238320428996e-06	65.1975294807482	0.200000000000014
1.425	4.75	1.85241528677258e-14	0.799992242687729	-5.94712774892838e-06	65.1735297088929	0.200000000000015
1.575	4.75	1.84214688486007e-14	0.799991994523597	-5.05372547383995e-06	65.1495299461869	0.200000000000015
1.725	4.75	1.64737317486179e-14	0.79999185575866	-4.17905566973032e-06	65.1255301892215	0.200000000000013
1.875	4.75	1.19724412741337e-14	0.79999181708416	-3.33719288795344e-06	65.1015304348414	0.20000000000001
2.025	4.75	4.06000091861754e-15	0.799991867795897	-2.53933158051715e-06	65.0775306801964	0.200000000000003
2.175	4.75	-8.24362759133306e-15	0.799991996411519	-1.79387032491094e-06	65.0535309227736	0.199999999999993
2.325	4.75	-2.59854952216901e-14	0.799992191203231	-1.10661094892046e-06	65.0295311604118	0.199999999999979
2.475	4.75	-5.01923853231774e-14	0.799992440636111	-4.810346792888e-07	65.0055313913014	0.19999999999996
2.625	4.75	-8.1747631857203e-14	0.799992733705864	8.13785715152971e-08	64.9815316139736	0.199999999999935
2.775	4.75	-1.21227154214353e-13	0.799993060186201	5.80816743383889e-07	64.9575318272791	0.199999999999903
2.925	4.75	-1.68689857403947e-13	0.799993410788561	1.01880775792063e-06	64.9335320303625	0.199999999999865
3.075	4.75	-2.23418980845468e-13	0.79999377725473	1.3979124749056e-06	64.9095322226318	0.199999999999821
3.225	4.75	-2.83614043907032e-13	0.799994152387864	1.72144834633909e-06	64.8855324037272	0.199999999999773
3.375	4.75	-3.46037934155374e-13	0.799994530040575	1.99324796643319e-06	64.8615325734886	0.199999999999723
3.525	4.75	-4.05630452624539e-13	0.799994905069917	2.21745529981486e-06	64.8375327319249	0.199999999999676
3.675	4.75	-4.55108416447839e-13	0.799995273267111	2.39835723503799e-06	64.8135328791845	0.199999999999636
3.825	4.75	-4.84583189176587e-13	0.799995631273155	2.54024965053603e-06	64.7895330155289	0.199999999999612
3.975	4.75	-4.81239294037017e-13	0.799995976488103	2.64733427126063e-06	64.7655331413082	0.199999999999615
4.125	4.75	-4.29132258014033e-13	0.799996306979526	2.72364201484346e-06	64.7415332569397	0.199999999999657
4.275	4.75	-3.09179673524448e-13	0.799996621387549	2.77297828012925e-06	64.7175333628895	0.199999999999753
4.425	4.75	-9.94357618212329e-14	0.799996918840264	2.79888810499161e-06	64.6935334596565	0.19999999999992
4.575	4.75	2.24244577705542e-13	0.799997198872941	2.80463610583158e-06	64.6695335477591	0.200000000000179
4.725	4.75	6.87032894794628e-13	0.799997461354018	2.79319830813995e-06	64.6455336277241	0.20000000000055
4.875	4.75	1.31331714043359e-12	0.799997706421712	2.76726341631087e-06	64.6215337000777	0.200000000001051
5.025	4.75	2.12412421118881e-12	0.799997934426223	2.72924059828555e-06	64.5975337653386	0.200000000001699
5.175	4.75	3.13365313043922e-12	0.799998145880841	2.68127263662318e-06	64.5735338240118	0.200000000002507
5.325	4.75	4.34481915298431e-12	0.799998341420533	2.62525172625929e-06	64.5495338765851	0.200000000003476
5.475	4.75	5.74374913894639e-12	0.799998521766109	2.56283807269734e-06	64.5255339235257	0.200000000004595
5.625	4.75	7.29323080632435e-12	0.799998687695403	2.49547827916701e-06	64.501533965278	0.200000000005835
5.775	4.75	8.92520691144022e-12	0.799998840020145	2.42442516019259e-06	64.4775340022626	0.20000000000714
5.925	4.75	1.05325239477918e-11	0.799998979565063	2.3507565717088e-06	64.4535340348751	0.200000000008426
6.075	4.75	1.19602962731584e-11	0.799999107154093	2.27539384894622e-06	64.4295340634866	0.200000000009568
6.225	4.75	1.299743231497e-11	0.79999922359808	2.19911867395811e-06	64.4055340884436	0.200000000010398
6.375	4.75	1.33690888074486e-11	0.799999329684962	2.12258963901505e-06	64.3815341100683	0.200000000010695
6.525	4.75	1.27310686068797e-11	0.79999942617385	2.04635624864866e-06	64.3575341286599	0.200000000010185
6.675	4.75	1.06674501366692e-11	0.799999513791464	1.97087361544951e-06	64.3335341444954	0.200000000008534
6.825	4.75	6.69302051548949e-12	0.79999959322633	1.89651354233591e-06	64.3095341578304	0.200000000005354
6.975	4.75	2.62362692787481e-13	0.799999665129094	1.82357671488716e-06	64.2855341689005	0.20000000000021
7.125	4.75	-9.21230330630331e-12	0.799999730111068	1.75230123744679e-06	64.2615341779226	0.19999999999263
7.275	4.75	-2.23322335447374e-11	0.799999788743422	1.68287242604877e-06	64.2375341850956	0.199999999982134
7.425	4.75	-3.96698394720923e-11	0.799999841559866	1.61543020161541e-06	64.2135341906022	0.199999999968264
7.575	4.75	-6.1710586424968e-11	0.799999889055784	1.55007556838373e-06	64.1895341946096	0.199999999950632
7.725	4.75	-8.8776992841186e-11	0.799999931689627	1.48687723429279e-06	64.1655341972707	0.199999999928978
7.875	4.75	-1.20933081715682e-10	0.799999969886562	1.42587605324977e-06	64.1415341987253	0.199999999903254
8.025	4.75	-1.57868403829441e-10	0.800000004037586	1.36709006073514e-06	64.1175341991008	0.199999999873705
8.175	4.75	-1.98761875244752e-10	0.800000034503456	1.31051861909461e-06	64.0935341985134	0.199999999840991
8.325	4.75	-2.42127201373868e-10	0.800000061615571	1.25614483006e-06	64.0695341970687	0.199999999806298
8.475	4.75	-2.85643640228332e-10	0.800000085678226	1.20393971554592e-06	64.0455341948629	0.199999999771485
8.625	4.75	-3.25978315716932e-10	0.800000106970304	1.15386356502314e-06	64.0215341919829	0.199999999739217
8.775	4.75	-3.5860923445973e-10	0.800000125747283	1.10586883394992e-06	63.9975341885073	0.199999999713113
8.925	4.75	-3.77661561980078e-10	0.800000142242432	1.05990157903085e-06	63.9735341845069	0.199999999697871
9.075	4.75	-3.75773514809333e-10	0.800000156669402	1.01590335170809e-06	63.9495341800452	0.199999999699381
9.225	4.75	-3.44012314873371e-10	0.80000016922301	9.73812055557526e-07	63.9255341751789	0.19999999972479
9.375	4.75	-2.71864869108245e-10	0.80000018008069	9.33563223507712e-07	63.9015341699579	0.199999999782508
9.525	4.75	-1.47331955513844e-10	0.800000189404526	8.95091159781312e-07	63.8775341644262	0.199999999882134
9.675	4.75	4.28415738490515e-11	0.80000019734167	8.58329291689745e-07	63.8535341586219	0.200000000034273
9.825	4.75	3.12765083323874e-10	0.800000204026196	8.23210993375774e-07	63.8295341525775	0.200000000250212
9.975	4.75	6.76791647891734e-10	0.8000002095798	7.89670290813834e-07	63.8055341463203	0.200000000541433
10.125	4.75	1.14866133363597e-09	0.800000214112948	7.57641901921004e-07	63.7815341398728	0.200000000918929
10.275	4.75	1.74036293635429e-09	0.800000217725499	7.27061820499698e-07	63.757534133253	0.20000000139229
10.425	4.75	2.46068373896526e-09	0.800000220508541	6.97867485765386e-07	63.7335341264751	0.200000001968547
10.575	4.75	3.31342512967436e-09	0.800000222543863	6.69997939913896e-07	63.70953411955	0.20000000265074
10.725	4.75	4.29527417219444e-09	0.800000223905334	6.43394249333625e-07	63.6855341124863	0.200000003436219
10.875	4.75	5.39333795411408e-09	0.800000224659764	6.17999126596159e-07	63.661534105291	0.20000000431467
11.025	4.75	6.58236917565807e-09	0.800000224867465	5.93757457053613e-07	63.6375340979712	0.200000005265895
11.175	4.75	7.82173823997651e-09	0.800000224582763	5.7061610424399e-07	63.6135340905351	0.200000006257391
11.325	4.75	9.05223912098354e-09	0.800000223854588	5.48524059892563e-07	63.5895340829944	0.200000007241791
11.475	4.75	1.01928533014695e-08	0.800000222727213	5.27432350209468e-07	63.5655340753658	0.200000008154283
11.625	4.75	1.11376375576421e-08	0.800000221240838	5.07293983258937e-07	63.5415340676738	0.20000000891011
11.775	4.75	1.17529464077948e-08	0.800000219431881	4.88063972863347e-07	63.517534059953	0.200000009402357
11.925	4.75	1.18752473239235e-08	0.800000217334445	4.69699491435609e-07	63.4935340522513	0.200000009500198
12.075	4.75	1.13098345719016e-08	0.80000021497965	4.52159511886487e-07	63.4695340446329	0.200000009047868
12.225	4.75	9.83079361413981e-09	0.800000212397525	4.3540487363553e-07	63.445534037181	0.200000007864635
12.375	4.75	7.18260979354487e-09	0.800000209616842	4.19398342742778e-07	63.4215340300015	0.200000005746088
12.525	4.75	3.08384961139226e-09	0.800000206665391	4.04104312563657e-07	63.397534023225	0.20000000246708
12.675	4.75	-2.76663279648277e-09	0.800000203571745	3.894889187215e-07	63.3735340170095	0.199999997786694
12.825	4.75	-1.06805005169764e-08	0.800000200365717	3.75519985794099e-07	63.3495340115418	0.1999999914556
12.975	4.75	-2.09672920354333e-08	0.800000197076327	3.62166829684027e-07	63.3255340070382	0.199999983226166
13.125	4.75	-3.39178987944595e-08	0.800000193737014	3.49400420835698e-07	63.301534003743	0.199999972865681
13.275	4.75	-4.97837722002274e-08	0.800000190381013	3.37192882063807e-07	63.2775340019262	0.199999960172982
13.425	4.75	-6.87515337850624e-08	0.800000187045231	3.25517971692999e-07	63.2535340018786	0.199999944998773
13.575	4.75	-9.09127429866542e-08	0.800000183769177	3.14350657503972e-07	63.2295340039038	0.199999927269806
13.725	4.75	-1.16228669216748e-07	0.800000180595413	3.03667219571517e-07	63.2055340083077	0.199999907017065
13.875	4.75	-1.44490008745968e-07	0.800000177568603	2.93445058395183e-07	63.181534015384	0.199999884407993
14.025	4.75	-1.75271567147534e-07	0.800000174737689	2.8366264277148e-07	63.1575340253956	0.199999859782746
14.175	4.75	-2.07881972239125e-07	0.800000172153474	2.74299906166832e-07	63.1335340385519	0.199999833694422
14.325	4.75	-2.4130845915082e-07	0.800000169871031	2.65337144759507e-07	63.1095340549798	0.199999806953233
14.475	4.75	-2.74156635110615e-07	0.800000167948298	2.56756224393591e-07	63.0855340746908	0.199999780674692
14.625	4.75	-3.0458482855074e-07	0.800000166448201	2.48539668148712e-07	63.061534097541	0.199999756332137
14.775	4.75	-3.3023207755862e-07	0.800000165439248	2.40670942197356e-07	63.0375341231842	0.199999735814338
14.925	4.75	-3.48137913815846e-07	0.800000164998586	2.33134358076077e-07	63.0135341510192	0.199999721489669
15.075	4.75	-3.54650714528275e-07	0.800000165216301	2.25914963620932e-07	62.9895341801268	0.199999716279428
15.225	4.75	-3.45319348232468e-07	0.80000016620256	2.18998595234942e-07	62.9655342091991	0.199999723744521
15.375	4.75	-3.1475989627002e-07	0.800000168095858	2.12371955752748e-07	62.941534236456	0.199999748192083
15.525	4.75	-2.56485081503797e-07	0.800000171079644	2.06022216592678e-07	62.9175342595473	0.199999794811935
15.675	4.75	-1.62678272264989e-07	0.800000175401437	1.99937036449352e-07	62.8935342754364	0.199999869857382
15.825	4.75	-2.38860131906006e-08	0.800000181404174	1.9410530071813e-07	62.8695342802574	0.199999980891189
15.975	4.75	1.71407753073934e-07	0.800000189564712	1.88515764367999e-07	62.8455342691382	0.200000137126202
16.125	4.75	4.37377231487435e-07	0.800000200554023	1.83158254040342e-07	62.8215342359733	0.200000349901785
16.275	4.75	7.91691298023738e-07	0.800000215313185	1.78022862633009e-07	62.7975341731285	0.200000633353038
16.425	4.75	1.25668883482327e-06	0.800000235160998	1.73100221315719e-07	62.7735340710497	0.200001005351068
16.575	4.75	1.86102653020886e-06	0.800000261939594	1.68381451789228e-07	62.7495339177346	0.200001488821224
16.725	4.75	2.64198089012399e-06	0.800000298211267	1.63858035708309e-07	62.7255336980161	0.200002113584712
16.875	4.75	3.6486506411513e-06	0.800000347523918	1.5952211288961e-07	62.7015333925814	0.200002918920513
17.025	4.75	4.94639190610509e-06	0.800000414769569	1.55365961063006e-07	62.6775329766235	0.200003957113525
17.175	4.75	6.62293393004889e-06	0.800000506667193	1.51382235227257e-07	62.6535324179874	0.200005298347144
17.325	4.75	8.79677818389779e-06	0.800000632410728	1.47564130451766e-07	62.6295316746193	0.200007037422547
17.475	4.75	1.16286932341604e-05	0.800000804547592	1.43905092300408e-07	62.6055306910601	0.200009302954587
17.625	4.75	1.53374024550854e-05	0.800001040164509	1.4039876424255e-07	62.5815293936351	0.200012269921964
17.775	4.75	2.02209484442654e-05	0.800001362489746	1.37039196799313e-07	62.5575276838651	0.200016176758755
17.925	4.75	2.6685739496362e-05	0.800001803049066	1.33820665982933e-07	62.533525429457	0.200021348591597
18.075	4.75	3.52859767878591e-05	0.800002404546564	1.3073761496344e-07	62.5095224520086	0.20002822878143
18.225	4.75	4.67770699960964e-05	0.800003224691492	1.2778484169719e-07	62.4855185102563	0.200037421655997
18.375	4.75	6.21878381814572e-05	0.800004341285281	1.24956961072616e-07	62.4615132772935	0.200049750270545
18.525	4.75	8.29178782076689e-05	0.800005859049882	1.22249089821091e-07	62.4375063096495	0.200066334302566
18.675	4.75	0.000110868680328117	0.800007918956492	1.19655980599654e-07	62.4134970054013	0.200088694944262
18.825	4.75	0.000148620230906159	0.80001071116529	1.17172730215372e-07	62.3894845475147	0.200118896184725
18.975	4.75	0.000199669422523566	0.8000144929945	1.1479419945198e-07	62.365467827265	0.200159735538019
19.125	4.75	0.000268753000409153	0.800019613371588	1.12514897081308e-07	62.3414453407114	0.200215002400327
19.275	4.75	0.000362286099851962	0.800026544798037	1.10328949445447e-07	62.3174150486215	0.200289828879882
19.425	4.75	0.000488957228570836	0.800035923152061	1.08230103751932e-07	62.2933741867843	0.200391165782857
19.575	4.75	0.000660531088660315	0.800048595583875	1.06210834568059e-07	62.2693190092289	0.200528424870928
19.725	4.75	0.000892922076481516	0.800065679028301	1.04262776516508e-07	62.2452444413765	0.200714337661185
19.875	4.75	0.00120761695199678	0.800088638301821	1.02375676670842e-07	62.2211436133734	0.200966093561597
20.025	4.75	0.00163355389250916	0.800119403172969	1.00537210086047e-07	62.1970072349338	0.201306843114007
20.175	4.75	0.00220962149728489	0.800160553224729	9.87319623429949e-08	62.1728227600233	0.201767697197828
20.325	4.75	0.00298803998326964	0.800215596089026	9.69408536954362e-08	62.14857326927	0.202390431986616
20.475	4.75	0.00403902916092009	0.800289332380006	9.51396576225728e-08	62.1242359659709	0.203231223328736
20.625	4.75	0.00545732308654882	0.800388227312003	9.32979607937511e-08	62.099780135259	0.204365858469239
20.775	4.75	0.0073711832249199	0.800520600830268	9.13770123644394e-08	62.0751643578159	0.205896946579936
20.925	4.75	0.0099544764747854	0.800696341861074	8.9328312680826e-08	62.0503327110434	0.207963581179828
21.075	4.75	0.013442010764793	0.800925811793065	8.70922269466344e-08	62.0252096542086	0.210753608611834
21.225	4.75	0.0181476160045758	0.801217690468098	8.45978401739627e-08	61.9996933095237	0.214518092803661
21.375	4.75	0.0244834914899807	0.801575754365286	8.17673840864419e-08	61.9736469469446	0.219586793191985
21.525	4.75	0.0329782603612775	0.801994915559173	7.85232260921155e-08	61.9468886747032	0.226382608289022
21.675	4.75	0.0442900689273164	0.802457215825634	7.48030019559623e-08	61.919179636699	0.235432055141853
21.825	4.75	0.0592098277822824	0.802928825920673	7.05770304119707e-08	61.8902114292577	0.247367862225826
21.975	4.75	0.0786480115051331	0.803359437426979	6.58674809350586e-08	61.8595940005427	0.262918409204106
22.125	4.75	0.103596184352414	0.80368561889661	6.07602883472861e-08	61.8268460336654	0.282876947481931
22.275	4.75	0.135052295357833	0.803839362544533	5.54039236951869e-08	61.7913907601601	0.308041836286267
22.425	4.75	0.17389898476765	0.803761777298106	4.99910694418358e-08	61.7525611876702	0.33911918781412
22.575	4.75	0.22073057469049	0.803419727671678	4.47276109230596e-08	61.7096194478261	0.376584459752392
22.725	4.75	0.275641515181587	0.802820823419233	3.97987300592738e-08	61.6617945724403	0.42051321214527
22.875	4.75	0.338017843547977	0.802020610537073	3.53418826425128e-08	61.6083404188562	0.470414274838382
23.025	4.75	0.406404709819292	0.801116482454424	3.14349667887523e-08	61.5486099892669	0.525123767855434
23.175	4.75	0.478534558393497	0.800226959676294	2.80985210599099e-08	61.4821348271289	0.582827646714798
23.325	4.75	0.551566073113143	0.799462001399035	2.53075552859384e-08	61.4086916705432	0.641252858490514
23.475	4.75	0.62250129508952	0.798895959371762	2.30076059770759e-08	61.3283376390334	0.698001036071616
23.625	4.75	0.688659246246041	0.798554438894892	2.11297497431905e-08	61.2414026083367	0.750927396996833
23.775	4.75	0.748051800043662	0.798418771919279	1.96021392389368e-08	61.1484407171855	0.798441440034929
23.925	4.75	0.799557772575477	0.798442596474858	1.83575276319461e-08	61.050155418136	0.839646218060382
24.075	4.75	0.842886463356682	0.798570876750714	1.73370630621539e-08	60.947317925245	0.874309170685346
24.225	4.75	0.878398150403351	0.798753987916636	1.649177969132e-08	60.8406960658404	0.902718520322681
24.375	4.75	0.906872096011951	0.798954518273292	1.57820609414533e-08	60.7310029198228	0.925497676809561
24.525	4.75	0.929292194744935	0.799148221273957	1.51767979798365e-08	60.6188669006789	0.943433755795948
24.675	4.75	0.946685091482102	0.799321797226368	1.46518179938976e-08	60.5048198974725	0.957348073185682
24.825	4.75	0.960016772687525	0.799469716284279	1.41886636428389e-08	60.3892981459499	0.96801341815002
24.975	4.75	0.970138071621656	0.799591316596578	1.37733075499972e-08	60.2726506736422	0.976110457297325
25.125	4.75	0.977764768155952	0.799688620331732	1.33952457470818e-08	60.1551513122416	0.982211814524761
25.275	4.75	0.983479106491809	0.799764874867271	1.30465347735394e-08	60.0370115903929	0.986783285193447
25.425	4.75	0.987742790536975	0.799823663236231	1.27212868402232e-08	59.9183929290605	0.99019423242958
25.575	4.75	0.990914817448548	0.799868408817348	1.24150987260078e-08	59.7994173569037	0.992731853958838
25.725	4.75	0.99327012648456	0.799902133383442	1.21247010756957e-08	59.680176474538	0.994616101187648
25.875	4.75	0.99501687458092	0.799927369442684	1.18476483402075e-08	59.5607386945325	0.996013499664736
26.025	4.75	0.996311339798123	0.799946161375732	1.15821248079997e-08	59.4411549369231	0.997049071838499
26.175	4.75	0.997270176004286	0.799960113186368	1.13267395641133e-08	59.3214630212163	0.997816140803429
26.325	4.75	0.997980145855419	0.799970456184501	1.10804388228e-08	59.2016910030422	0.998384116684335
26.475	4.75	0.998505654641836	0.799978120326606	1.084238763705e-08	59.0818596820349	0.998804523713469
26.625	4.75	0.998894473310352	0.799983800064682	1.06119553929811e-08	58.961984473406	0.999115578648282
26.775	4.75	0.999182029773699	0.799988010410356	1.03886161717196e-08	58.8420767988417	0.999345623818959
26.925	4.75	0.999394600844886	0.799991132070772	1.01719293404012e-08	58.7221451182126	0.999515680675909
27.075	4.75	0.999551676912764	0.799993446344336	9.96157874566512e-09	58.6021956945697	0.999641341530211
27.225	4.75	0.999667711974206	0.79999516134261	9.75721832987794e-09	58.4822331616369	0.999734169579365
27.375	4.75	0.999753419899042	0.799996431337526	9.55862944031508e-09	58.362260945082	0.999802735919234
27.525	4.75	0.999816736200278	0.799997370906502	9.3655339019675e-09	58.2422815754038	0.999853388960223
27.675	4.75	0.999863532811428	0.799998065255664	9.17775780361085e-09	58.122296920344	0.999890826249142
27.825	4.75	0.99989814989651	0.799998577780979	8.99508054621831e-09	58.0023083574639	0.999918519917208
27.975	4.75	0.999923791675501	0.79999895563953	8.81732747766334e-09	57.8823169021948	0.999939033340401
28.125	4.75	0.999942820938952	0.799999233881987	8.64435425835898e-09	57.7623233027512	0.999954256751162
28.275	4.75	0.999956977995501	0.79999943853194	8.47598892313031e-09	57.6423281103994	0.999965582396401
28.425	4.75	0.999967543254803	0.799999588887516	8.31210254674066e-09	57.5223317314107	0.999974034603843
28.575	4.75	0.999975457805267	0.79999969924199	8.15255650236864e-09	57.402334465425	0.999980366244213
28.725	4.75	0.999981412728384	0.79999978016937	7.99717745285979e-09	57.2823365337377	0.999985130182708
28.875	4.75	0.99998591517648	0.799999839483265	7.84588048667107e-09	57.1623381001293	0.999988732141184
29.025	4.75	0.999989337201345	0.79999988294974	7.69852774386186e-09	57.0423392861783	0.999991469761076
29.175	4.75	0.999991951790624	0.799999914818234	7.55501308057368e-09	56.9223401825014	0.999993561432499
29.325	4.75	0.999993959424785	0.799999938214747	7.41521938149351e-09	56.8023408569889	0.999995167539828
29.475	4.75	0.999995507614297	0.799999955434085	7.27902170807025e-09	56.6823413608273	0.999996406091438
29.625	4.75	0.999996705242086	0.799999968156602	7.14634938593096e-09	56.5623417328966	0.999997364193669
29.775	4.75	0.999997633065808	0.799999977609013	7.01708017069849e-09	56.4423420029738	0.999998106452647
29.925	4.75	0.999998351385251	0.799999984683725	6.8911190752438e-09	56.3223421940653	0.999998681108201
30.075	4.75	0.999998905620638	0.799999990027733	6.76836113533637e-09	56.2023423241027	0.99999912449651
30.225	4.75	0.9999993303557	0.799999994107778	6.64874248973214e-09	56.0823424071778	0.99999946428456
30.375	4.75	0.999999652255978	0.799999997259465	6.53216134740658e-09	55.9623424544421	0.999999721804783
30.525	4.75	0.999999892166605	0.79999999972312	6.41853421327047e-09	55.8423424747668	0.999999913733284
30.675	4.75	1.00000006661444	0.800000001670127	6.30776207823069e-09	55.7223424752292	1.00000005329155
30.825	4.75	1.00000018888044	0.800000003222914	6.19978539887491e-09	55.6023424614757	1.00000015110435
30.975	4.75	1.0000002697643	0.800000004468696	6.09454230953726e-09	55.4823424379972	1.00000021581144
31.125	4.75	1.00000031813025	0.800000005470151	5.99193989579914e-09	55.3623424083404	1.0000002545042
31.275	4.75	1.00000034129914	0.800000006272794	5.89191519066381e-09	55.2423423752752	1.00000027303931
31.425	4.75	1.00000034533336	0.80000000691028	5.79438574308637e-09	55.1223423409291	1.00000027626669
31.575	4.75	1.00000033524796	0.800000007408485	5.69928639232392e-09	55.002342306898	1.00000026819837
31.725	4.75	1.00000031517155	0.800000007787541	5.60657118867889e-09	54.8823422743389	1.00000025213724
31.875	4.75	1.00000028847337	0.800000008064027	5.51615687829813e-09	54.7623422440488	1.0000002307787
32.025	4.75	1.00000025786737	0.800000008252167	5.4280061322439e-09	54.6423422165328	1.0000002062939
32.175	4.75	1.00000022550097	0.800000008364339	5.3420236175252e-09	54.5223421920626	1.00000018040077
32.325	4.75	1.00000019303282	0.800000008411677	5.25819826126165e-09	54.4023421707273	1.00000015442626
32.475	4.75	1.00000016170284	0.800000008404295	5.17643113504363e-09	54.2823421524768	1.00000012936227
32.625	4.75	1.00000013239566	0.800000008351437	5.09670739114024e-09	54.1623421371591	1.00000010591652
32.775	4.75	1.00000010569878	0.800000008261566	5.01895304153386e-09	54.0423421245514	1.00000008455902
32.925	4.75	1.00000008195549	0.80000000814224	4.9431295879324e-09	53.9223421143864	1.00000006556439
33.075	4.75	1.0000000613128	0.800000008000307	4.86917916222313e-09	53.8023421063733	1.00000004905024
33.225	4.75	1.00000004376435	0.800000007841798	4.79709668797692e-09	53.6823421002143	1.00000003501148
33.375	4.75	1.00000002918824	0.800000007671922	4.72674695149507e-09	53.5623420956179	1.00000002335059
33.525	4.75	1.00000001737988	0.800000007495113	4.65816308185276e-09	53.4423420923085	1.00000001390391
33.675	4.75	1.00000000808001	0.800000007314997	4.59128916309105e-09	53.3223420900325	1.000000006464
33.825	4.75	1.0000000009979	0.800000007134593	4.52605798764088e-09	53.2023420885626	1.00000000079832
33.975	4.75	0.999999995830288	0.800000006956287	4.46247830894312e-09	53.0823420877005	0.99999999666423
34.125	4.75	0.999999992276149	0.800000006781758	4.40045469972341e-09	52.9623420872763	0.999999993820919
34.275	4.75	0.999999990047881	0.800000006612261	4.33998201988782e-09	52.8423420871489	0.999999992038305
34.425	4.75	0.999999988879257	0.800000006448564	4.28102726923172e-09	52.7223420872034	0.999999991103405
34.575	4.75	0.999999988530619	0.800000006291119	4.22352696229422e-09	52.6023420873495	0.999999990824495
34.725	4.75	0.999999988791726	0.800000006140073	4.16748338292417e-09	52.4823420875182	0.999999991033381
34.875	4.75	0.999999989482782	0.800000005995251	4.11284072404731e-09	52.3623420876595	0.999999991586225
35.025	4.75	0.999999990453983	0.800000005856374	4.05959110225789e-09	52.2423420877389	0.999999992363186
35.175	4.75	0.999999991583934	0.800000005723173	4.00767434592901e-09	52.1223420877354	0.999999993267147
35.325	4.75	0.999999992777303	0.800000005594981	3.95707816046922e-09	52.0023420876379	0.999999994221842
35.475	4.75	0.999999993962061	0.800000005471345	3.90777208865092e-09	51.8823420874436	0.999999995169649
35.625	4.75	0.999999995086343	0.800000005351812	3.85971504476553e-09	51.7623420871557	0.999999996069075
35.775	4.75	0.999999996115347	0.80000000523566	3.81288752392547e-09	51.6423420867815	0.999999996892277
35.925	4.75	0.99999999702827	0.800000005122642	3.76728655785154e-09	51.5223420863308	0.999999997622616
36.075	4.75	0.999999997815451	0.800000005012139	3.72284232220807e-09	51.4023420858152	0.999999998252361
36.225	4.75	0.999999998475743	0.800000004903824	3.67957574507956e-09	51.2823420852466	0.999999998780594
36.375	4.75	0.999999999014284	0.800000004797332	3.63742907906527e-09	51.1623420846367	0.999999999211427
36.525	4.75	0.999999999440461	0.800000004692378	3.59639032385676e-09	51.0423420839967	0.999999999552369
36.675	4.75	0.999999999766343	0.800000004588761	3.55643418685167e-09	50.9223420833364	0.999999999813074
36.825	4.75	1.00000000000536	0.800000004486275	3.51756833944207e-09	50.8023420826649	1.00000000000429
36.975	4.75	1.00000000017136	0.800000004384773	3.47972138829341e-09	50.6823420819895	1.00000000013708
37.125	4.75	1.00000000027793	0.800000004284082	3.44290046500358e-09	50.5623420813165	1.00000000022234
37.275	4.75	1.00000000033771	0.800000004184186	3.40709476583634e-09	50.4423420806509	1.00000000027017
37.425	4.75	1.00000000036184	0.800000004084867	3.37227544089874e-09	50.3223420799964	1.00000000028948
37.575	4.75	1.00000000035915	0.800000003986039	3.33841228139918e-09	50.2023420793559	1.00000000028732
37.725	4.75	1.00000000033568	0.800000003887771	3.30549697627728e-09	50.0823420787316	1.00000000026854
37.875	4.75	1.00000000029554	0.800000003790741	3.27352800144324e-09	49.9623420781251	1.00000000023643
38.025	4.75	1.00000000024454	0.800000003695761	3.24246802496908e-09	49.8423420775377	1.00000000019563
38.175	4.75	1.00000000019658	0.800000003603666	3.21229800329674e-09	49.7223420769694	1.00000000015727
38.325	4.75	1.00000000017806	0.800000003512854	3.18303082637131e-09	49.6023420764188	1.00000000014245
38.475	4.75	1.00000000021822	0.800000003417038	3.15460495665904e-09	49.4823420758814	1.00000000017457
38.625	4.75	1.0000000003104	0.800000003305675	3.12705098447164e-09	49.3623420753518	1.00000000024832
38.775	4.75	1.00000000034602	0.800000003172281	3.10034328417171e-09	49.24234207483	1.00000000027682
38.925	4.75	1.00000000007387	0.800000003034655	3.07444972302401e-09	49.1223420743336	1.0000000000591
39.075	4.75	0.999999999212037	0.800000002959052	3.04936521636968e-09	49.0023420739054	0.99999999936963
39.225	4.75	0.9999999978616	0.800000003054211	3.02509502580733e-09	48.8823420735972	0.99999999828928
39.375	4.75	0.999999997187171	0.800000003381604	3.00159708242729e-09	48.7623420733997	0.999999997749737
39.525	4.75	0.999999999800279	0.800000003747592	2.97888731094766e-09	48.6423420731227	0.999999999840224
39.675	4.75	1.00000000854991	0.800000003473561	2.95693014769297e-09	48.5223420723138	1.00000000683993
39.825	4.75	1.00000002228112	0.800000001476859	2.93573534228437e-09	48.4023420704391	1.0000000178249
39.975	4.75	1.00000002906866	0.799999997193876	2.91527981877014e-09	48.2823420675927	1.00000002325493
40.125	4.75	1.00000000269437	0.799999992609329	2.89557687686233e-09	48.1623420656997	1.00000000215549
40.275	4.75	0.999999915051608	0.799999994399875	2.87656698371155e-09	48.0423420692926	0.999999932041287
40.425	4.75	0.99999977787521	0.800000012950976	2.85829186412841e-09	47.9223420836898	0.999999822300168
40.575	4.75	0.999999707649952	0.800000053367747	2.84071984313801e-09	47.8023421080552	0.999999766119962
40.725	4.75	0.999999957517782	0.800000096461503	2.82383515090021e-09	47.6823421238107	0.999999966014226
40.875	4.75	1.00000079734944	0.800000079547061	2.80764397255018e-09	47.5623420872733	1.00000063787955
41.025	4.75	1.00000212196186	0.799999906910248	2.79212492586549e-09	47.4423419468554	1.00000169756949
41.175	4.75	1.00000285290258	0.79999953266056	2.77729605530433e-09	47.3223417077836	1.00000228232207
41.325	4.75	1.00000065163104	0.799999130289811	2.76312579350526e-09	47.2023415393003	1.00000052130483
41.475	4.75	0.999993003858066	0.799999257728458	2.74963403345735e-09	47.0823418435836	0.999994403086453
41.625	4.75	0.999980706637708	0.800000758217831	2.73681088956617e-09	46.9623431052397	0.999984565310167
41.775	4.75	0.99997313846371	0.800004042727988	2.72461370071812e-09	46.8423453204473	0.999978510770968
41.925	4.75	0.999990827520182	0.800007659529328	2.71300397854159e-09	46.7223470498623	0.999992662016145
42.075	4.75	1.0000563795359	0.800006938035981	2.70192537125852e-09	46.6023447837215	1.00004510362872
42.225	4.75	1.00016528886174	0.799994825797377	2.69137334525034e-09	46.4823341434867	1.00013223108939
42.375	4.75	1.00024184955479	0.799967675756031	2.68151900708896e-09	46.3623146007261	1.00019347964384
42.525	4.75	1.00011633628797	0.799936551920384	2.67272798659718e-09	46.2422974075216	1.00009306903038
42.675	4.75	0.99959422690742	0.799937862005828	2.66538490336041e-09	46.1223113003541	0.999675381525936
42.825	4.75	0.998683926300578	0.800027373686653	2.65949161197642e-09	46.0023939513023	0.998947141040463
42.975	4.75	0.997944673212972	0.800237007958251	2.6538638038962e-09	45.8825557830446	0.998355738570377
43.125	4.75	0.998684258959852	0.8004900064863	2.64570474059002e-09	45.7627175885688	0.998947407167882
43.275	4.75	1.00248296174208	0.800522976051381	2.63171260074476e-09	45.6426615581116	1.00198636939367
43.425	4.75	1.00955927623988	0.799934826369222	2.61156088295215e-09	45.5220836554518	1.00764742099191
43.575	4.75	1.01623380740447	0.798479882291341	2.5929475623726e-09	45.4008458786858	1.01298704592358
43.725	4.75	1.01328677104206	0.796573392401896	2.59465508519576e-09	45.2794287222942	1.01062941683365
43.875	4.75	0.988680897782771	0.795833251088905	2.64239122323117e-09	45.1593337277773	0.990944718226217
44.025	4.75	0.938367896617729	0.799351007671787	2.75111291569371e-09	45.0428406952676	0.950694317294183
44.175	4.75	0.884673133389463	0.810192428984134	2.87897093134053e-09	44.9313521896222	0.90773850671157
44.325	4.75	0.889127901535467	0.824441953064046	2.86616993985267e-09	44.822207835577	0.911302321228374
44.475	4.75	1.03257195141769	0.826489829156691	2.54455718073349e-09	44.7059574299586	1.02605756113416
44.625	4.75	1.34924434212327	0.80862213297903	2.03980718639891e-09	44.567799994055	1.27939547369862
44.775	4.75	1.76408811843583	0.709537047462984	1.61894334363266e-09	44.3955931808987	1.61127049474866
44.925	4.75	2.11154506655745	0.834636814062361	1.38032165093906e-09	44.2248231612025	1.88923605324596
0.075	5.25	3.47473139784366e-16	0.399999627026183	-8.41267701418308e-06	65.3895293685259	0.2
0.225	5.25	1.09796785742666e-15	0.799998888007214	-8.31886903497402e-06	65.3655293909043	0.200000000000001
0.375	5.25	2.54819897052258e-15	0.799998169488779	-8.13404289222347e-06	65.3415294352454	0.200000000000002
0.525	5.25	4.61628524055993e-15	0.799997484196386	-7.8636076692978e-06	65.317529500735	0.200000000000004
0.675	5.25	7.1488477927042e-15	0.799996843523437	-7.5152710161316e-06	65.2935295861936	0.200000000000006
0.825	5.25	9.93592606228863e-15	0.799996257139668	-7.09860119135593e-06	65.2695296901236	0.200000000000008
0.975	5.25	1.27380202757343e-14	0.799995732717284	-6.62451478426762e-06	65.2455298107652	0.20000000000001
1.125	5.25	1.52997591970693e-14	0.79999527578984	-6.10473844105367e-06	65.2215299461605	0.200000000000012
1.275	5.25	1.73403825050866e-14	0.799994889730544	-5.55128213573071e-06	65.1975300942179	0.200000000000014
1.425	5.25	1.85241452222136e-14	0.799994575844024	-4.97596366083462e-06	65.1735302527767	0.200000000000015
1.575	5.25	1.84214815878794e-14	0.799994333541788	-4.39000327320533e-06	65.1495304196672	0.200000000000015
1.725	5.25	1.64737745958447e-14	0.799994160585539	-3.80370555590619e-06	65.1255305927642	0.200000000000013
1.875	5.25	1.19725250490159e-14	0.799994053366042	-3.22623066303002e-06	65.1015307700321	0.20000000000001
2.025	5.25	4.06013563129368e-15	0.799994007202661	-2.66545471159079e-06	65.0775309495622	0.200000000000003
2.175	5.25	-8.24343311237758e-15	0.799994016634341	-2.12790607442532e-06	65.0535311295999	0.199999999999993
2.325	5.25	-2.59852359119064e-14	0.799994075701287	-1.61876984987212e-06	65.0295313085641	0.199999999999979
2.475	5.25	-5.0192060070719e-14	0.799994178189128	-1.14194373145366e-06	65.0055314850579	0.19999999999996
2.625	5.25	-8.17472460815392e-14	0.799994317845044	-7.00133734543911e-07	64.9815316578728	0.199999999999935
2.775	5.25	-1.21226719031472e-13	0.79999448855624	-2.94975258987293e-07	64.9575318259872	0.199999999999903
2.925	5.25	-1.68689391518492e-13	0.799994684484526	7.28308605319193e-08	64.9335319885595	0.199999999999865
3.075	5.25	-2.23418508012454e-13	0.799994900172622	4.0337613915745e-07	64.9095321449181	0.199999999999821
3.225	5.25	-2.83613593760883e-13	0.799995130613272	6.97405048672444e-07	64.8855322945491	0.199999999999773
3.375	5.25	-3.46037537698118e-13	0.799995371293384	9.56181217289311e-07	64.8615324370814	0.199999999999723
3.525	5.25	-4.05630142106332e-13	0.799995618211133	1.18136590020489e-06	64.8375325722716	0.199999999999676
3.675	5.25	-4.55108219176947e-13	0.799995867875123	1.37490869220106e-06	64.8135326999888	0.199999999999636
3.825	5.25	-4.84583127150025e-13	0.799996117293084	1.53895189415546e-06	64.7895328201992	0.199999999999612
3.975	5.25	-4.81239376980872e-13	0.799996363942371	1.67575053504394e-06	64.7655329329513	0.199999999999615
4.125	5.25	-4.29132484003174e-13	0.799996605737766	1.7876043517511e-06	64.7415330383627	0.199999999999657
4.275	5.25	-3.09180022655528e-13	0.799996840993201	1.87680387808381e-06	64.7175331366071	0.199999999999753
4.425	5.25	-9.94361993770814e-14	0.799997068382766	1.94558816441499e-06	64.6935332279032	0.19999999999992
4.575	5.25	2.24244105360538e-13	0.799997286897677	1.9961114530263e-06	64.6695333125042	0.200000000000179
4.725	5.25	6.87032453020745e-13	0.799997495807425	2.03042024315581e-06	64.6455333906893	0.20000000000055
4.875	5.25	1.31331680687851e-12	0.799997694621005	2.05043712064219e-06	64.6215334627556	0.200000000001051
5.025	5.25	2.12412406363985e-12	0.799997883051357	2.05795003375308e-06	64.5975335290118	0.200000000001699
5.175	5.25	3.13365324332523e-12	0.799998060983187	2.0546088896088e-06	64.5735335897721	0.200000000002507
5.325	5.25	4.34481958041022e-12	0.799998228441086	2.04192333461134e-06	64.5495336453522	0.200000000003476
5.475	5.25	5.74374990791625e-12	0.799998385566158	2.02126496323749e-06	64.5255336960648	0.200000000004595
5.625	5.25	7.29323189655703e-12	0.799998532589578	1.99387348469048e-06	64.5015337422171	0.200000000005835
5.775	5.25	8.92520824775337e-12	0.799998669815361	1.96086051889082e-06	64.477533784108	0.20000000000714
5.925	5.25	1.05325253799483e-11	0.79999879760089	1.92321875742663e-06	64.4535338220265	0.200000000008426
6.075	5.25	1.19602975715936e-11	0.799998916342544	1.88182914289881e-06	64.42953385625	0.200000000009568
6.225	5.25	1.29974331554303e-11	0.799999026462705	1.83746953345694e-06	64.4055338870436	0.200000000010398
6.375	5.25	1.33690887756746e-11	0.799999128399969	1.79082284845369e-06	64.3815339146597	0.200000000010695
6.525	5.25	1.27310671937691e-11	0.799999222600977	1.74248595253932e-06	64.3575339393371	0.200000000010185
6.675	5.25	1.06674467581736e-11	0.79999930951257	1.69297722583173e-06	64.3335339613012	0.200000000008534
6.825	5.25	6.69301452397608e-12	0.799999389576577	1.64274454656218e-06	64.3095339807643	0.200000000005354
6.975	5.25	2.62353417785473e-13	0.799999463225003	1.5921725593219e-06	64.2855339979253	0.20000000000021
7.125	5.25	-9.21231652637377e-12	0.7999995308773	1.54158922921302e-06	64.2615340129707	0.19999999999263
7.275	5.25	-2.23322512976841e-11	0.799999592937432	1.49127248472148e-06	64.2375340260745	0.199999999982134
7.425	5.25	-3.96698622189648e-11	0.799999649792215	1.44145584487951e-06	64.2135340373988	0.199999999968264
7.575	5.25	-6.17106144120494e-11	0.799999701811126	1.39233333701685e-06	64.1895340470945	0.199999999950632
7.725	5.25	-8.87770260299973e-11	0.799999749343675	1.34406479350362e-06	64.1655340553019	0.199999999928978
7.875	5.25	-1.2093311967906e-10	0.799999792719775	1.29677993890839e-06	64.141534062151	0.199999999903253
8.025	5.25	-1.57868445675505e-10	0.799999832251163	1.25058213113332e-06	64.117534067762	0.199999999873705
8.175	5.25	-1.9876191951188e-10	0.799999868230173	1.20555189058475e-06	64.0935340722462	0.19999999984099
8.325	5.25	-2.42127245967092e-10	0.799999900930237	1.16175021974395e-06	64.0695340757063	0.199999999806298
8.475	5.25	-2.8564368233598e-10	0.799999930606608	1.11922119205164e-06	64.0455340782369	0.199999999771485
8.625	5.25	-3.25978351785177e-10	0.799999957498214	1.07799404582134e-06	64.0215340799248	0.199999999739217
8.775	5.25	-3.58609260160426e-10	0.799999981826432	1.03808592616903e-06	63.9975340808496	0.199999999713113
8.925	5.25	-3.7766157225415e-10	0.800000003797419	9.99503375149485e-07	63.973534081084	0.199999999697871
9.075	5.25	-3.75773503919026e-10	0.800000023601834	9.62243965752758e-07	63.9495340806942	0.199999999699381
9.225	5.25	-3.44012276545987e-10	0.800000041417197	9.26298170964915e-07	63.9255340797401	0.19999999972479
9.375	5.25	-2.71864796704191e-10	0.800000057406868	8.91650137949272e-07	63.9015340782753	0.199999999782508
9.525	5.25	-1.47331842297169e-10	0.800000071721682	8.58278996491812e-07	63.8775340763478	0.199999999882135
9.675	5.25	4.28417344049662e-11	0.800000084501649	8.26159917038874e-07	63.8535340740002	0.200000000034273
9.825	5.25	3.12765297125782e-10	0.800000095874872	7.95264587074845e-07	63.8295340712695	0.200000000250212
9.975	5.25	6.76791919779462e-10	0.800000105959554	7.65562340458291e-07	63.8055340681877	0.200000000541434
10.125	5.25	1.14866166684079e-09	0.800000114864349	7.37020614604663e-07	63.781534064782	0.200000000918929
10.275	5.25	1.7403633319343e-09	0.800000122689076	7.09605347215105e-07	63.7575340610753	0.200000001392291
10.425	5.25	2.46068419517182e-09	0.800000129524887	6.83281386051534e-07	63.7335340570865	0.200000001968547
10.575	5.25	3.31342564132867e-09	0.800000135455448	6.58013302519185e-07	63.7095340528313	0.200000002650741
10.725	5.25	4.29527473003763e-09	0.800000140557683	6.33765135103841e-07	63.685534048323	0.20000000343622
10.875	5.25	5.39333854422374e-09	0.800000144900889	6.10501035434449e-07	63.6615340435732	0.200000004314671
11.025	5.25	6.58236977889525e-09	0.800000148549189	5.88185385672058e-07	63.6375340385934	0.200000005265896
11.175	5.25	7.82173883157798e-09	0.800000151560669	5.66782932857934e-07	63.6135340333964	0.200000006257391
11.325	5.25	9.05223967025283e-09	0.800000153988636	5.46258981981299e-07	63.589534027998	0.200000007241792
11.475	5.25	1.01928537717064e-08	0.800000155882003	5.26579571033451e-07	63.5655340224191	0.200000008154283
11.625	5.25	1.11376379062471e-08	0.800000157285164	5.0771146337508e-07	63.5415340166881	0.20000000891011
11.775	5.25	1.17529465867102e-08	0.800000158239587	4.89622261457965e-07	63.5175340108435	0.200000009402357
11.925	5.25	1.1875247280318e-08	0.800000158783876	4.72280497469093e-07	63.4935340049371	0.200000009500198
12.075	5.25	1.13098342492727e-08	0.800000158953922	4.55655754921313e-07	63.4695339990365	0.200000009047867
12.225	5.25	9.83079295372352e-09	0.800000158784417	4.39718357181345e-07	63.4455339932284	0.200000007864634
12.375	5.25	7.18260873617723e-09	0.800000158308446	4.24439884249565e-07	63.4215339876219	0.200000005746087
12.525	5.25	3.08384809972484e-09	0.800000157558932	4.0979286674578e-07	63.3975339823508	0.200000002467078
12.675	5.25	-2.76663481534695e-09	0.800000156568573	3.95750704423561e-07	63.3735339775762	0.199999997786692
12.825	5.25	-1.06805030884788e-08	0.800000155370663	3.82287844339918e-07	63.3495339734879	0.199999991455598
12.975	5.25	-2.09672951942557e-08	0.800000153999975	3.69379790605693e-07	63.3255339703047	0.199999983226164
13.125	5.25	-3.39179025608587e-08	0.800000152492745	3.57003051686384e-07	63.3015339682736	0.199999972865678
13.275	5.25	-4.97837765762953e-08	0.800000150886412	3.45135022678871e-07	63.2775339676673	0.199999960172979
13.425	5.25	-6.87515387506588e-08	0.800000149222264	3.33754102540874e-07	63.2535339687789	0.199999944998769
13.575	5.25	-9.09127484956008e-08	0.800000147542631	3.22839378596572e-07	63.2295339719143	0.199999927269801
13.725	5.25	-1.16228675192673e-07	0.800000145893822	3.123710671547e-07	63.2055339773816	0.19999990701706
13.875	5.25	-1.44490015078871e-07	0.800000144323996	3.0233012138784e-07	63.1815339854766	0.199999884407988
14.025	5.25	-1.75271573689954e-07	0.80000014288529	2.92698347786043e-07	63.1575339964642	0.199999859782741
14.175	5.25	-2.07881978803457e-07	0.800000141631502	2.83458397380584e-07	63.1335340105556	0.199999833694417
14.325	5.25	-2.41308465506004e-07	0.800000140620385	2.74593666732643e-07	63.1095340278797	0.199999806953228
14.475	5.25	-2.74156640980401e-07	0.800000139913311	2.66088159055004e-07	63.0855340484496	0.199999780674687
14.625	5.25	-3.04584833610977e-07	0.800000139575204	2.57926877610961e-07	63.061534072123	0.199999756332133
14.775	5.25	-3.30232081436019e-07	0.800000139677593	2.50095296146972e-07	63.0375340985554	0.199999735814335
14.925	5.25	-3.48137916085176e-07	0.800000140299943	2.4257943585495e-07	63.0135341271469	0.199999721489667
15.075	5.25	-3.54650714710433e-07	0.800000141534942	2.35366383424311e-07	62.9895341569799	0.199999716279428
15.225	5.25	-3.4531934578985e-07	0.800000143494201	2.28443242175165e-07	62.9655341867478	0.199999723744523
15.375	5.25	-3.14759890601092e-07	0.800000146319386	2.21798291119502e-07	62.9415342146716	0.199999748192088
15.525	5.25	-2.56485071933122e-07	0.800000150195141	2.15419839104917e-07	62.9175342384025	0.199999794811942
15.675	5.25	-1.6267825802921e-07	0.800000155371349	2.09297139033453e-07	62.893534254905	0.199999869857394
15.825	5.25	-2.38859934166039e-08	0.800000162192115	2.03419709933852e-07	62.8695342603145	0.199999980891205
15.975	5.25	1.71407779400316e-07	0.800000171137278	1.97777583605841e-07	62.8455342497596	0.200000137126224
16.125	5.25	4.37377265566182e-07	0.800000182878339	1.92361320493074e-07	62.8215342171359	0.200000349901812
16.275	5.25	7.91691341303544e-07	0.800000198358537	1.87161839410463e-07	62.7975341548104	0.200000633353073
16.425	5.25	1.2566888890874e-06	0.800000218898029	1.82170721048168e-07	62.7735340532296	0.200001005351111
16.575	5.25	1.86102659769313e-06	0.800000246340238	1.77379530042452e-07	62.7495339003922	0.200001488821278
16.725	5.25	2.64198097367415e-06	0.800000283248866	1.72780503179712e-07	62.725533681132	0.200002113584779
16.875	5.25	3.64865074443197e-06	0.800000333173312	1.68366196690951e-07	62.7015333761368	0.200002918920596
17.025	5.25	4.94639203387715e-06	0.800000401006897	1.64129434908903e-07	62.6775329606004	0.200003957113627
17.175	5.25	6.62293408853107e-06	0.800000493469214	1.60063609586945e-07	62.6535324023686	0.200005298347271
17.325	5.25	8.79677838124049e-06	0.800000619755908	1.56162091739111e-07	62.6295316593881	0.200007037422705
17.475	5.25	1.1628693481056e-05	0.800000792415311	1.52418684383234e-07	62.6055306762005	0.200009302954785
17.625	5.25	1.53374027655633e-05	0.800001028535103	1.48827384569936e-07	62.5815293791318	0.200012269922212
17.775	5.25	2.02209488367106e-05	0.800001351344391	1.45382706980471e-07	62.5575276697033	0.200016176759069
17.925	5.25	2.6685739994836e-05	0.80000179237006	1.42079048487378e-07	62.5335254156224	0.200021348591996
18.075	5.25	3.52859774237786e-05	0.800002394317184	1.38911064702987e-07	62.5095224384875	0.200028228781939
18.225	5.25	4.6777070810393e-05	0.800003214895491	1.35873718392784e-07	62.4855184970354	0.200037421656648
18.375	5.25	6.21878392273091e-05	0.80000433190749	1.32962081515286e-07	62.4615132643601	0.200049750271382
18.525	5.25	8.29178795540039e-05	0.800005850075766	1.30171135728414e-07	62.4375062969912	0.200066334303643
18.675	5.25	0.00011086868206402	0.800007910372293	1.27496093447669e-07	62.4134969930062	0.200088694945651
18.825	5.25	0.000148620233146527	0.800010702958166	1.24931859063364e-07	62.3894845353714	0.200118896186517
18.975	5.25	0.000199669425416266	0.800014485151802	1.22473179352221e-07	62.3654678153622	0.200159735540333
19.125	5.25	0.000268753004144171	0.800019605881842	1.20114940350196e-07	62.3414453290385	0.200215002403315
19.275	5.25	0.000362286104672922	0.80002653764963	1.17850986987612e-07	62.3174150371679	0.200289828883738
19.425	5.25	0.000488957234789383	0.800035916334792	1.15674937247665e-07	62.29337417554	0.200391165787832
19.575	5.25	0.000660531096673978	0.800048589087446	1.13579220748088e-07	62.269318998184	0.200528424877339
19.725	5.25	0.000892922086795347	0.800065672842813	1.11554977334909e-07	62.2452444305215	0.200714337669436
19.875	5.25	0.00120761696524967	0.800088632418673	1.09591474527957e-07	62.221143602699	0.2009660935722
20.025	5.25	0.00163355390950634	0.800119397583189	1.07675713009881e-07	62.1970072244309	0.201306843127605
20.175	5.25	0.00220962151903802	0.800160547919787	1.05791242569905e-07	62.1728227496832	0.20176769721523
20.325	5.25	0.00298804001104712	0.80021559106125	1.03917990720913e-07	62.148573259084	0.202390432008838
20.475	5.25	0.00403902919630924	0.80028932762115	1.02030027103097e-07	62.1242359559307	0.203231223357047
20.625	5.25	0.00545732313152945	0.80038822281469	1.00094720139066e-07	62.0997801253564	0.204365858505224
20.775	5.25	0.0073711832819452	0.800520596586537	9.80706369003591e-08	62.0751643480428	0.205896946625556
20.925	5.25	0.00995447654686051	0.800696337863486	9.5905785171752e-08	62.0503327013919	0.207963581237488
21.075	5.25	0.013442010855543	0.800925808033595	9.35356458352324e-08	62.025209644671	0.210753608684434
21.225	5.25	0.0181476161182873	0.801217686938294	9.0884657521275e-08	61.9996933000925	0.21451809289463
21.375	5.25	0.0244834916316121	0.801575751056039	8.78684330239352e-08	61.9736469376124	0.21958679330529
21.525	5.25	0.0329782605364283	0.80199491246111	8.44041953011593e-08	61.9468886654628	0.226382608429143
21.675	5.25	0.04429006914216	0.802457212927905	8.04244700164683e-08	61.9191796275434	0.235432055313728
21.825	5.25	0.0592098280434297	0.802928823211369	7.58973845472054e-08	61.8902114201805	0.247367862434744
21.975	5.25	0.0786480118193737	0.803359434893555	7.08467277072536e-08	61.8595939915379	0.262918409455499
22.125	5.25	0.103596184726272	0.803685616525189	6.53651314374753e-08	61.8268460247275	0.282876947781018
22.275	5.25	0.135052295796767	0.803839360320864	5.96124998041652e-08	61.7913907512844	0.308041836637413
22.425	5.25	0.173898985274852	0.80376177520802	5.37964891757482e-08	61.7525611788531	0.339119188219881
22.575	5.25	0.220730575265253	0.803419725701529	4.81392206211477e-08	61.7096194390652	0.376584460212203
22.725	5.25	0.275641515817536	0.802820821556126	4.28401921066518e-08	61.6617945637349	0.420513212654029
22.875	5.25	0.338017844231704	0.802020608769638	3.80478955167677e-08	61.6083404102078	0.470414275385363
23.025	5.25	0.406404710530244	0.80111648077289	3.38467066064568e-08	61.5486099806794	0.525123768424195
23.175	5.25	0.478534559105717	0.800226958072018	3.02589092984233e-08	61.4821348186087	0.582827647284574
23.325	5.25	0.551566073798867	0.7994619998644	2.72580283056568e-08	61.4086916620993	0.641252859039093
23.475	5.25	0.622501295723626	0.79889595789999	2.47855708943301e-08	61.3283376306769	0.698001036578901
23.625	5.25	0.688659246809898	0.798554437480023	2.27674972326564e-08	61.2414026000795	0.750927397447918
23.775	5.25	0.748051800527086	0.798418770555896	2.11265284523e-08	61.1484407090397	0.798441440421669
23.925	5.25	0.799557772976559	0.798442595158516	1.97902344866055e-08	61.0501554101127	0.839646218381248
24.075	5.25	0.842886463680052	0.798570875477566	1.86953647197663e-08	60.9473179173539	0.874309170944042
24.225	5.25	0.878398150657771	0.7987539866838	1.77890616724612e-08	60.8406960580891	0.902718520526217
24.375	5.25	0.906872096208057	0.798954517078342	1.70287709525886e-08	60.7310029122168	0.925497676966445
24.525	5.25	0.929292194893553	0.79914822011486	1.63808321302711e-08	60.6188668932217	0.943433755914842
24.675	5.25	0.94668509159318	0.799321796101514	1.58192940851261e-08	60.5048198901661	0.957348073274544
24.825	5.25	0.960016772769629	0.799469715192244	1.53242044461958e-08	60.3892981387945	0.968013418215703
24.975	5.25	0.970138071681822	0.799591315536103	1.48804659308778e-08	60.2726506666371	0.976110457345457
25.125	5.25	0.977764768199747	0.799688619301743	1.44766901840087e-08	60.1551513053852	0.982211814559798
25.275	5.25	0.983479106523548	0.799764873866708	1.41043470479561e-08	60.0370115836829	0.986783285218838
25.425	5.25	0.987742790559906	0.799823662264013	1.37571117268156e-08	59.9183929224942	0.990194232447925
25.575	5.25	0.990914817465091	0.799868407872635	1.34302205319897e-08	59.7994173504782	0.992731853972073
25.725	5.25	0.993270126496481	0.799902132465272	1.3120141857302e-08	59.6801764682499	0.994616101197185
25.875	5.25	0.995016874589504	0.799927368550258	1.28242797356541e-08	59.5607386883785	0.996013499671603
26.025	5.25	0.996311339804301	0.799946160508206	1.25406572652226e-08	59.4411549309	0.997049071843441
26.175	5.25	0.997270176008742	0.799960112342928	1.22677836677775e-08	59.3214630153207	0.997816140806993
26.325	5.25	0.997980145858627	0.799970455364369	1.20045127618209e-08	59.2016909972707	0.998384116686902
26.475	5.25	0.998505654644149	0.799978119529117	1.17499971433732e-08	59.0818596763843	0.998804523715319
26.625	5.25	0.998894473312015	0.79998379928902	1.15035270717433e-08	58.961984467873	0.999115578649612
26.775	5.25	0.999182029774891	0.799988009655938	1.12645684650425e-08	58.8420767934232	0.999345623819913
26.925	5.25	0.999394600845745	0.799991131336866	1.10326412392071e-08	58.7221451129056	0.999515680676596
27.075	5.25	0.999551676913379	0.799993445630331	1.08073944405359e-08	58.6021956893712	0.999641341530703
27.225	5.25	0.99966771197464	0.799995160647843	1.05885018884266e-08	58.4822331565439	0.999734169579712
27.375	5.25	0.999753419899356	0.799996430661503	1.03756850332845e-08	58.3622609400918	0.999802735919485
27.525	5.25	0.999816736200499	0.799997370248593	1.01686998938914e-08	58.2422815705135	0.999853388960399
27.675	5.25	0.999863532811593	0.79999806461529	9.96733154946929e-09	58.122296915551	0.999890826249275
27.825	5.25	0.999898149896626	0.799998577157606	9.77135803564769e-09	58.0023083527657	0.999918519917301
27.975	5.25	0.999923791675582	0.799998955032686	9.58063255583865e-09	57.8823168975888	0.999939033340465
28.125	5.25	0.999942820939021	0.799999233291175	9.39494370839351e-09	57.7623232982351	0.999954256751217
28.275	5.25	0.999956977995553	0.799999437956712	9.21415143230472e-09	57.6423281059706	0.999965582396442
28.425	5.25	0.999967543254834	0.799999588327335	9.03809412110254e-09	57.5223317270671	0.999974034603867
28.575	5.25	0.999975457805289	0.79999969869643	8.8666393868777e-09	57.4023344611643	0.999980366244231
28.725	5.25	0.999981412728393	0.799999779638057	8.69962303612702e-09	57.2823365295578	0.999985130182714
28.875	5.25	0.999985915176487	0.799999838965697	8.53695325497863e-09	57.162338096028	0.999988732141189
29.025	5.25	0.999989337201347	0.799999882445598	8.37846986738378e-09	57.0423392821536	0.999991469761078
29.175	5.25	0.999991951790626	0.799999914327071	8.2240474449885e-09	56.9223401785513	0.999993561432501
29.325	5.25	0.999993959424794	0.799999937736246	8.07358080649526e-09	56.8023408531115	0.999995167539835
29.475	5.25	0.999995507614308	0.799999954967852	7.92698318160215e-09	56.6823413570208	0.999996406091447
29.625	5.25	0.999996705242084	0.799999967702286	7.78409394090968e-09	56.5623417291591	0.999997364193667
29.775	5.25	0.999997633065809	0.799999977166241	7.64483256513585e-09	56.4423419993036	0.999998106452647
29.925	5.25	0.999998351385245	0.799999984252284	7.50911092052075e-09	56.3223421904606	0.999998681108196
30.075	5.25	0.999998905620631	0.799999989607186	7.37681654690592e-09	56.2023423205619	0.999999124496505
30.225	5.25	0.999999330355694	0.799999993697928	7.24785119414193e-09	56.0823424036993	0.999999464284555
30.375	5.25	0.999999652255971	0.799999996859905	7.12213871663304e-09	55.9623424510243	0.999999721804777
30.525	5.25	0.999999892166604	0.799999999333608	6.99954882889393e-09	55.8423424714081	0.999999913733283
30.675	5.25	1.00000006661443	0.800000001290457	6.88006301344785e-09	55.7223424719282	1.00000005329155
30.825	5.25	1.00000018888044	0.800000002852731	6.76354854159618e-09	55.602342458231	1.00000015110435
30.975	5.25	1.00000026976429	0.800000004107831	6.64992679803795e-09	55.4823424348073	1.00000021581143
31.125	5.25	1.00000031813023	0.800000005118285	6.53914315477832e-09	55.3623424052039	1.00000025450419
31.275	5.25	1.00000034129912	0.800000005929663	6.43111154267139e-09	55.2423423721908	1.0000002730393
31.425	5.25	1.00000034533336	0.800000006575777	6.3257471225515e-09	55.1223423378956	1.00000027626669
31.575	5.25	1.00000033524795	0.800000007082231	6.22300934698479e-09	55.002342303914	1.00000026819836
31.725	5.25	1.00000031517155	0.800000007469366	6.12279995307069e-09	54.8823422714033	1.00000025213724
31.875	5.25	1.00000028847337	0.800000007753785	6.02507148239912e-09	54.7623422411603	1.00000023077869
32.025	5.25	1.00000025786737	0.800000007949622	5.92974737317895e-09	54.6423422136902	1.00000020629389
32.175	5.25	1.00000022550095	0.80000000806926	5.83678491137362e-09	54.5223421892649	1.00000018040076
32.325	5.25	1.00000019303282	0.800000008123909	5.74609389642561e-09	54.4023421679733	1.00000015442625
32.475	5.25	1.00000016170283	0.800000008123631	5.65764909114638e-09	54.2823421497654	1.00000012936227
32.625	5.25	1.00000013239566	0.800000008077675	5.57137416882816e-09	54.1623421344892	1.00000010591653
32.775	5.25	1.00000010569878	0.800000007994578	5.48723558113115e-09	54.0423421219221	1.00000008455902
32.925	5.25	1.00000008195549	0.800000007881856	5.40512928476357e-09	53.9223421117966	1.0000000655644
33.075	5.25	1.00000006131281	0.800000007746367	5.3250797759671e-09	53.802342103822	1.00000004905025
33.225	5.25	1.00000004376435	0.800000007594143	5.24697218029135e-09	53.6823420977007	1.00000003501148
33.375	5.25	1.00000002918824	0.80000000743038	5.17081243736792e-09	53.562342093141	1.00000002335059
33.525	5.25	1.00000001737989	0.800000007259488	5.09651724667713e-09	53.4423420898674	1.00000001390391
33.675	5.25	1.00000000808002	0.800000007085228	5.02404056684476e-09	53.3223420876262	1.00000000646401
33.825	5.25	1.00000000099791	0.800000006910544	4.95337056816826e-09	53.2023420861904	1.00000000079833
33.975	5.25	0.999999995830284	0.800000006737798	4.88442071677399e-09	53.0823420853615	0.999999996664227
34.125	5.25	0.999999992276139	0.800000006568661	4.81720018337135e-09	52.9623420849697	0.999999993820911
34.275	5.25	0.999999990047874	0.800000006404444	4.75163156418464e-09	52.8423420848738	0.999999992038299
34.425	5.25	0.999999988879257	0.800000006245969	4.68768977628907e-09	52.7223420849591	0.999999991103405
34.575	5.25	0.999999988530615	0.800000006093536	4.62535343646063e-09	52.6023420851352	0.999999990824492
34.725	5.25	0.999999988791723	0.800000005947442	4.56454752043215e-09	52.4823420853332	0.999999991033379
34.875	5.25	0.999999989482784	0.800000005807477	4.50527629045943e-09	52.3623420855029	0.999999991586227
35.025	5.25	0.999999990453993	0.800000005673407	4.44746937576839e-09	52.2423420856102	0.999999992363194
35.175	5.25	0.999999991583938	0.800000005544718	4.39112596564186e-09	52.1223420856338	0.999999993267151
35.325	5.25	0.999999992777316	0.800000005421047	4.33620595318396e-09	52.0023420855627	0.999999994221852
35.475	5.25	0.999999993962074	0.800000005301893	4.28267152635115e-09	51.8823420853942	0.999999995169659
35.625	5.25	0.999999995086355	0.800000005186587	4.23050763069846e-09	51.7623420851314	0.999999996069084
35.775	5.25	0.999999996115362	0.800000005074757	4.17967361442619e-09	51.6423420847816	0.99999999689229
35.925	5.25	0.99999999702829	0.800000004965839	4.13012300225121e-09	51.5223420843548	0.999999997622632
36.075	5.25	0.999999997815454	0.800000004859447	4.08186711283172e-09	51.4023420838624	0.999999998252363
36.225	5.25	0.999999998475754	0.800000004755071	4.03484817916392e-09	51.2823420833164	0.999999998780603
36.375	5.25	0.999999999014286	0.800000004652488	3.98906775674335e-09	51.1623420827285	0.999999999211428
36.525	5.25	0.99999999944046	0.800000004551348	3.94448531526622e-09	51.0423420821099	0.999999999552368
36.675	5.25	0.999999999766335	0.800000004451471	3.90108033670887e-09	50.9223420814705	0.999999999813068
36.825	5.25	1.00000000000535	0.800000004352651	3.85881049031383e-09	50.8023420808193	1.00000000000428
36.975	5.25	1.00000000017136	0.800000004254736	3.81768743586334e-09	50.6823420801637	1.00000000013709
37.125	5.25	1.00000000027792	0.800000004157586	3.77766786444096e-09	50.5623420795099	1.00000000022234
37.275	5.25	1.00000000033771	0.800000004061132	3.73873862584154e-09	50.442342078863	1.00000000027017
37.425	5.25	1.00000000036184	0.80000000396525	3.70087264086495e-09	50.3223420782267	1.00000000028947
37.575	5.25	1.00000000035915	0.800000003869725	3.66406000966715e-09	50.202342077604	1.00000000028732
37.725	5.25	1.00000000033568	0.800000003774749	3.62827966010349e-09	50.0823420769968	1.00000000026854
37.875	5.25	1.00000000029553	0.80000000368089	3.59349192324521e-09	49.9623420764071	1.00000000023642
38.025	5.25	1.00000000024452	0.800000003589105	3.5596987556794e-09	49.8423420758358	1.00000000019562
38.175	5.25	1.00000000019658	0.800000003500095	3.52690269269991e-09	49.7223420752834	1.00000000015727
38.325	5.25	1.00000000017807	0.800000003412326	3.49503236324788e-09	49.602342074748	1.00000000014245
38.475	5.25	1.00000000021822	0.800000003319529	3.46413608032766e-09	49.4823420742255	1.00000000017458
38.625	5.25	1.0000000003104	0.800000003211133	3.43414788977305e-09	49.3623420737103	1.00000000024832
38.775	5.25	1.00000000034603	0.800000003080575	3.40507634506684e-09	49.2423420732025	1.00000000027682
38.925	5.25	1.00000000007388	0.800000002945825	3.37690949197161e-09	49.1223420727196	1.00000000005911
39.075	5.25	0.999999999212037	0.800000002873032	3.34961278053755e-09	49.0023420723046	0.99999999936963
39.225	5.25	0.999999997861596	0.800000002970971	3.32318423786953e-09	48.882342072009	0.999999998289277
39.375	5.25	0.99999999718717	0.800000003301073	3.29761910527107e-09	48.7623420718238	0.999999997749736
39.525	5.25	0.999999999800273	0.800000003669742	3.2729046152181e-09	48.6423420715587	0.999999999840219
39.675	5.25	1.0000000085499	0.800000003398381	3.24900481916248e-09	48.5223420707612	1.00000000683992
39.825	5.25	1.00000002228111	0.8000000014043	3.22593407261619e-09	48.4023420688976	1.00000001782489
39.975	5.25	1.00000002906866	0.79999999712387	3.20366738527234e-09	48.2823420660619	1.00000002325493
40.125	5.25	1.00000000269437	0.79999999254186	3.1822004802267e-09	48.1623420641792	1.0000000021555
40.275	5.25	0.999999915051619	0.799999994334914	3.16152550311577e-09	48.042342067782	0.999999932041295
40.425	5.25	0.999999777875214	0.800000012888464	3.14162877591601e-09	47.9223420821888	0.999999822300171
40.575	5.25	0.999999707649955	0.800000053307663	3.12248932764194e-09	47.8023421065634	0.999999766119964
40.725	5.25	0.999999957517785	0.800000096403872	3.10411364763633e-09	47.6823421223277	0.999999966014228
40.875	5.25	1.00000079734943	0.800000079491833	3.08648768660827e-09	47.5623420857988	1.00000063787955
41.025	5.25	1.00000212196187	0.799999906857329	3.06959741270585e-09	47.442341945389	1.0000016975695
41.175	5.25	1.00000285290259	0.799999532610028	3.05344337282474e-09	47.322341706325	1.00000228232207
41.325	5.25	1.00000065163104	0.799999130241547	3.0380176493858e-09	47.202341537849	1.00000052130483
41.475	5.25	0.999993003858071	0.799999257682483	3.02333675380501e-09	47.0823418421395	0.999994403086456
41.625	5.25	0.999980706637715	0.800000758174141	3.00936884575574e-09	46.9623431038023	0.999984565310172
41.775	5.25	0.999973138463716	0.800004042686557	2.99609121575078e-09	46.8423453190163	0.999978510770972
41.925	5.25	0.999990827520193	0.800007659490061	2.9834496536247e-09	46.7223470484373	0.999992662016155
42.075	5.25	1.00005637953591	0.800006937998973	2.97139908995253e-09	46.6023447823022	1.00004510362873
42.225	5.25	1.00016528886174	0.799994825762557	2.9599285963939e-09	46.4823341420728	1.00013223108939
42.375	5.25	1.00024184955477	0.799967675723349	2.94920491807922e-09	46.3623145993172	1.00019347964381
42.525	5.25	1.00011633628792	0.799936551889914	2.93963087030913e-09	46.2422974061175	1.00009306903034
42.675	5.25	0.999594226907376	0.799937861977474	2.93165957206451e-09	46.1223112989545	0.999675381525901
42.825	5.25	0.99868392630058	0.800027373660438	2.92526415016445e-09	46.0023939499067	0.998947141040464
42.975	5.25	0.997944673213092	0.800237007934113	2.91914322518925e-09	45.8825557816528	0.998355738570474
43.125	5.25	0.99868425896009	0.800490006464285	2.9102689205018e-09	45.7627175871804	0.998947407168072
43.275	5.25	1.00248296174233	0.800522976031435	2.89495447189002e-09	45.6426615567263	1.00198636939386
43.425	5.25	1.00955927623991	0.799934826351394	2.87284765528967e-09	45.5220836540693	1.00764742099192
43.575	5.25	1.01623380740407	0.798479882275637	2.85244906866222e-09	45.4008458773059	1.01298704592325
43.725	5.25	1.01328677104132	0.796573392388265	2.85437503316983e-09	45.2794287209166	1.01062941683306
43.875	5.25	0.988680897782202	0.795833251077397	2.90694178832844e-09	45.1593337264017	0.990944718225761
44.025	5.25	0.93836789661801	0.799351007662244	3.02660742837616e-09	45.0428406938935	0.950694317294408
44.175	5.25	0.88467313339073	0.810192428976501	3.16731372586568e-09	44.9313521882492	0.907738506712584
44.325	5.25	0.889127901536535	0.824441953058522	3.15326585346171e-09	44.8222078342048	0.911302321229228
44.475	5.25	1.03257195141643	0.826489829153732	2.79943598331764e-09	44.7059574285869	1.02605756113315
44.625	5.25	1.34924434211854	0.808622132978258	2.24413575147931e-09	44.5677999926839	1.27939547369483
44.775	5.25	1.76408811842884	0.709537047463325	1.7811196404656e-09	44.3955931795283	1.61127049474307
44.925	5.25	2.11154506655002	0.834636814063936	1.51861275741546e-09	44.2248231598325	1.88923605324002
0.075	5.75	3.47473295337291e-16	0.399999744875791	-6.31901651255537e-06	65.3895300854689	0.2
0.225	5.75	1.09796696669778e-15	0.799999238511322	-6.26125238532675e-06	65.3655301007764	0.200000000000001
0.375	5.75	2.54819591727899e-15	0.799998743666603	-6.14711492271173e-06	65.3415301311582	0.200000000000002
0.525	5.75	4.61627915517981e-15	0.799998267593709	-5.97931861773569e-06	65.3175301761564	0.200000000000004
0.675	5.75	7.14883817048425e-15	0.799997816930335	-5.76177165700149e-06	65.2935302351026	0.200000000000006
0.825	5.75	9.93591317847774e-15	0.799997397502879	-5.4993975654114e-06	65.2695303071406	0.200000000000008
0.975	5.75	1.27380050726522e-14	0.799997014185112	-5.19791798278787e-06	65.2455303912524	0.20000000000001
1.125	5.75	1.52997437748338e-14	0.79999667079692	-4.86361571249445e-06	65.2215304862895	0.200000000000012
1.275	5.75	1.73403698600042e-14	0.799996370062758	-4.50309392421071e-06	65.1975305910046	0.200000000000014
1.425	5.75	1.8524139901968e-14	0.79999611361718	-4.12304332892638e-06	65.1735307040857	0.200000000000015
1.575	5.75	1.84214891693604e-14	0.799995902050966	-3.73003138789454e-06	65.1495308241876	0.200000000000015
1.725	5.75	1.64738022781639e-14	0.79999573500103	-3.33032142127204e-06	65.1255309499626	0.200000000000013
1.875	5.75	1.19725805076852e-14	0.799995611253321	-2.9297257937676e-06	65.1015310800875	0.20000000000001
2.025	5.75	4.0602272989236e-15	0.799995528877816	-2.53349611701336e-06	65.0775312132874	0.200000000000003
2.175	5.75	-8.24329798670138e-15	0.799995485361083	-2.1462490707542e-06	65.0535313483549	0.199999999999993
2.325	5.75	-2.59850511806361e-14	0.799995477744699	-1.77192644356861e-06	65.0295314841657	0.199999999999979
2.475	5.75	-5.01918232039962e-14	0.79999550275602	-1.41378473544542e-06	65.0055316196902	0.19999999999996
2.625	5.75	-8.17469578093537e-14	0.799995556934309	-1.07440759285944e-06	64.9815317540004	0.199999999999935
2.775	5.75	-1.21226385969844e-13	0.799995636734957	-7.55740362555271e-07	64.9575318862742	0.199999999999903
2.925	5.75	-1.6868902491165e-13	0.799995738626858	-4.59137766946601e-07	64.9335320157963	0.199999999999865
3.075	5.75	-2.23418125973151e-13	0.79999585916845	-1.85421024584347e-07	64.9095321419566	0.199999999999821
3.225	5.75	-2.83613218549154e-13	0.799995995070787	6.50581514842397e-08	64.8855322642462	0.199999999999773
3.375	5.75	-3.46037197239232e-13	0.799996143243781	2.92352546944208e-07	64.8615323822524	0.199999999999723
3.525	5.75	-4.05629865500958e-13	0.799996300828331	4.96854291501696e-07	64.8375324956517	0.199999999999676
3.675	5.75	-4.55108037502304e-13	0.799996465220552	6.79231871871182e-07	64.8135326042028	0.199999999999636
3.825	5.75	-4.84583067340454e-13	0.799996634079143	8.40373030004172e-07	64.7895327077385	0.199999999999612
3.975	5.75	-4.81239462402356e-13	0.799996805329386	9.81331392777319e-07	64.7655328061581	0.199999999999615
4.125	5.75	-4.29132727394114e-13	0.799996977157606	1.10327925980627e-06	64.7415328994189	0.199999999999657
4.275	5.75	-3.09180427475459e-13	0.799997148000167	1.20746701148865e-06	64.7175329875287	0.199999999999753
4.425	5.75	-9.94367529995096e-14	0.79999731653231	1.29518754636884e-06	64.6935330705389	0.19999999999992
4.575	5.75	2.24243428160684e-13	0.799997481646858	1.36774766111692e-06	64.6695331485368	0.200000000000179
4.725	5.75	6.87031695168066e-13	0.799997642439291	1.42644329841071e-06	64.64553322164	0.20000000000055
4.875	5.75	1.31331602196487e-12	0.799997798187752	1.47254091354581e-06	64.6215332899903	0.200000000001051
5.025	5.75	2.12412331801833e-12	0.799997948332303	1.50726232220706e-06	64.5975333537485	0.200000000001699
5.175	5.75	3.13365260454365e-12	0.799998092458353	1.53177363420196e-06	64.57353341309	0.200000000002507
5.325	5.75	4.34481911567704e-12	0.79999823027422	1.54717758295605e-06	64.5495334682004	0.200000000003476
5.475	5.75	5.74374966793951e-12	0.799998361599886	1.55450833628989e-06	64.5255335192727	0.200000000004595
5.625	5.75	7.29323191098042e-12	0.799998486347235	1.55472804236601e-06	64.5015335665033	0.200000000005835
5.775	5.75	8.9252085057199e-12	0.799998604504387	1.54872717461741e-06	64.4775336100904	0.20000000000714
5.925	5.75	1.05325258247366e-11	0.79999871612721	1.53732365783886e-06	64.4535336502313	0.200000000008426
6.075	5.75	1.19602980808669e-11	0.799998821323136	1.52126514256435e-06	64.4295336871208	0.200000000009568
6.225	5.75	1.29974335390798e-11	0.799998920243493	1.50123117814186e-06	64.4055337209496	0.200000000010398
6.375	5.75	1.33690887602813e-11	0.799999013073048	1.47783684732833e-06	64.3815337519037	0.200000000010695
6.525	5.75	1.27310664291584e-11	0.799999100021867	1.45163594456521e-06	64.3575337801627	0.200000000010185
6.675	5.75	1.06674448116771e-11	0.799999181319982	1.42312467534052e-06	64.3335338058999	0.200000000008534
6.825	5.75	6.69301090190496e-12	0.79999925721048	1.39274603465986e-06	64.3095338292815	0.200000000005354
6.975	5.75	2.62347575101648e-13	0.799999327944834	1.36089339761396e-06	64.285533850466	0.20000000000021
7.125	5.75	-9.21232514410744e-12	0.799999393777576	1.32791483385214e-06	64.2615338696047	0.19999999999263
7.275	5.75	-2.23322632251025e-11	0.799999454965332	1.29411672380174e-06	64.2375338868411	0.199999999982134
7.425	5.75	-3.96698779053874e-11	0.799999511762802	1.25976776098286e-06	64.2135339023111	0.199999999968264
7.575	5.75	-6.17106341720106e-11	0.799999564418876	1.22510214559985e-06	64.189533916143	0.199999999950632
7.725	5.75	-8.87770499556481e-11	0.799999613178548	1.19032292705831e-06	64.1655339284578	0.199999999928978
7.875	5.75	-1.20933147575032e-10	0.799999658277528	1.15560555399409e-06	64.1415339393693	0.199999999903253
8.025	5.75	-1.57868476957258e-10	0.799999699944251	1.1211000583094e-06	64.1175339489844	0.199999999873705
8.175	5.75	-1.9876195313654e-10	0.799999738397493	1.08693451063989e-06	64.093533957403	0.19999999984099
8.325	5.75	-2.42127280333704e-10	0.799999773846516	1.05321674622706e-06	64.0695339647187	0.199999999806298
8.475	5.75	-2.85643715231859e-10	0.799999806490945	1.02003660343502e-06	64.0455339710187	0.199999999771485
8.625	5.75	-3.25978380312135e-10	0.799999836519383	9.87469162862635e-07	64.0215339763841	0.199999999739217
8.775	5.75	-3.58609280723479e-10	0.799999864111377	9.55574790499002e-07	63.9975339808901	0.199999999713113
8.925	5.75	-3.77661580544521e-10	0.79999988943581	9.24402256955038e-07	63.9735339846062	0.199999999697871
9.075	5.75	-3.75773494976771e-10	0.799999912652177	8.93989351380592e-07	63.9495339875965	0.199999999699381
9.225	5.75	-3.44012244833482e-10	0.799999933910434	8.64364762196024e-07	63.9255339899193	0.19999999972479
9.375	5.75	-2.71864736274639e-10	0.79999995335011	8.35549110246677e-07	63.9015339916279	0.199999999782508
9.525	5.75	-1.4733174698881e-10	0.799999971103531	8.07555892561035e-07	63.8775339927704	0.199999999882135
9.675	5.75	4.28418706691473e-11	0.799999987293631	7.80392430834858e-07	63.85353399339	0.200000000034274
9.825	5.75	3.1276548000433e-10	0.800000002034408	7.54061331303484e-07	63.8295339935246	0.200000000250212
9.975	5.75	6.76792154071682e-10	0.80000001543331	7.28560391382418e-07	63.8055339932078	0.200000000541434
10.125	5.75	1.14866195601564e-09	0.800000027589506	7.038836216255e-07	63.7815339924687	0.20000000091893
10.275	5.75	1.74036367756351e-09	0.800000038594896	6.80022104330975e-07	63.7575339913319	0.200000001392291
10.425	5.75	2.46068459635396e-09	0.800000048535348	6.56964223988686e-07	63.7335339898188	0.200000001968548
10.575	5.75	3.31342609404446e-09	0.800000057489494	6.34696030314909e-07	63.7095339879474	0.200000002650741
10.725	5.75	4.29527522653937e-09	0.800000065530962	6.13201857179044e-07	63.6855339857333	0.20000000343622
10.875	5.75	5.39333907240083e-09	0.800000072727294	5.92464871711907e-07	63.6615339831908	0.200000004314671
11.025	5.75	6.58237032173936e-09	0.800000079140482	5.72466725076582e-07	63.6375339803341	0.200000005265896
11.175	5.75	7.82173936668564e-09	0.800000084828312	5.53188485781348e-07	63.6135339771786	0.200000006257392
11.325	5.75	9.05224016951363e-09	0.800000089843279	5.34610433673712e-07	63.5895339737426	0.200000007241792
11.475	5.75	1.01928542011033e-08	0.800000094235473	5.16712453249661e-07	63.5655339700499	0.200000008154283
11.625	5.75	1.11376382259388e-08	0.800000098049614	4.99474217264158e-07	63.5415339661315	0.200000008910111
11.775	5.75	1.17529467513065e-08	0.800000101328733	4.82875356247166e-07	63.5175339620285	0.200000009402357
11.925	5.75	1.18752472395269e-08	0.800000104112778	4.66895339765037e-07	63.4935339577952	0.200000009500198
12.075	5.75	1.13098339488239e-08	0.800000106439168	4.51513810444983e-07	63.4695339535017	0.200000009047867
12.225	5.75	9.83079233672571e-09	0.800000108344921	4.36710717431519e-07	63.4455339492373	0.200000007864634
12.375	5.75	7.18260774481796e-09	0.800000109865032	4.22466207044117e-07	63.4215339451135	0.200000005746086
12.525	5.75	3.08384667741519e-09	0.800000111034562	4.08760705886934e-07	63.3975339412664	0.200000002467077
12.675	5.75	-2.76663672143682e-09	0.800000111888485	3.95575186957537e-07	63.3735339378593	0.199999997786691
12.825	5.75	-1.06805055245066e-08	0.800000112462612	3.82890942812994e-07	63.3495339350843	0.199999991455596
12.975	5.75	-2.09672981963888e-08	0.800000112793922	3.70689786144374e-07	63.3255339331622	0.199999983226161
13.125	5.75	-3.39179061517406e-08	0.800000112920935	3.58953853458489e-07	63.3015339323423	0.199999972865675
13.275	5.75	-4.97837807611221e-08	0.800000112884128	3.47665999240443e-07	63.2775339328992	0.199999960172975
13.425	5.75	-6.87515435133096e-08	0.800000112725921	3.36809437409886e-07	63.2535339351278	0.199999944998765
13.575	5.75	-9.09127537943928e-08	0.800000112492233	3.26368031112967e-07	63.2295339393359	0.199999927269797
13.725	5.75	-1.16228680956566e-07	0.800000112230913	3.16326085190964e-07	63.2055339458335	0.199999907017055
13.875	5.75	-1.44490021203265e-07	0.800000111992806	3.06668449453816e-07	63.181533954918	0.199999884407983
14.025	5.75	-1.752715800334e-07	0.800000111831889	2.97380576913949e-07	63.157533966856	0.199999859782736
14.175	5.75	-2.0788198518386e-07	0.800000111804335	2.884480630968e-07	63.1335339818602	0.199999833694412
14.325	5.75	-2.41308471698161e-07	0.80000011197011	2.79857790767701e-07	63.1095340000611	0.199999806953223
14.475	5.75	-2.7415664671276e-07	0.800000112392316	2.71596322233189e-07	63.0855340214733	0.199999780674683
14.625	5.75	-3.04584838563961e-07	0.800000113138327	2.63651119706742e-07	63.0615340459556	0.199999756332129
14.775	5.75	-3.30232085239194e-07	0.800000114281009	2.56010039362708e-07	63.0375340731653	0.199999735814332
14.925	5.75	-3.48137918315568e-07	0.800000115901967	2.48661658468111e-07	63.0135341025034	0.199999721489665
15.075	5.75	-3.54650714888941e-07	0.800000118095797	2.41594552048279e-07	62.9895341330536	0.199999716279428
15.225	5.75	-3.45319343377763e-07	0.800000120975771	2.34798213183405e-07	62.9655341635106	0.199999723744525
15.375	5.75	-3.14759884993206e-07	0.800000124684829	2.2826211234343e-07	62.9415341920964	0.199999748192092
15.525	5.75	-2.56485062448556e-07	0.800000129409504	2.21976460080103e-07	62.9175342164634	0.19999979481195
15.675	5.75	-1.62678243896313e-07	0.800000135401524	2.15931752625611e-07	62.893534233577	0.199999869857405
15.825	5.75	-2.38859737514276e-08	0.800000143006232	2.10118907558038e-07	62.8695342395735	0.199999980891221
15.975	5.75	1.71407805626023e-07	0.800000152704353	2.04529359637777e-07	62.8455342295827	0.200000137126245
16.125	5.75	4.37377299570377e-07	0.800000165169783	1.99154549969307e-07	62.8215341975009	0.20000034990184
16.275	5.75	7.91691384557333e-07	0.800000181346144	1.93986674191561e-07	62.7975341356961	0.200000633353108
16.425	5.75	1.25668894340308e-06	0.800000202555409	1.89017835310696e-07	62.7735340346154	0.200001005351155
16.575	5.75	1.86102666534309e-06	0.800000230641826	1.8424106398195e-07	62.7495338822584	0.200001488821332
16.725	5.75	2.64198105755163e-06	0.800000268170445	1.79649086254973e-07	62.7255336634597	0.200002113584846
16.875	5.75	3.64865084826479e-06	0.800000318691639	1.75235164895678e-07	62.7015333589076	0.200002918920679
17.025	5.75	4.9463921625096e-06	0.800000387100257	1.70993049977734e-07	62.6775329437969	0.20000395711373
17.175	5.75	6.62293424829554e-06	0.800000480116191	1.66916360447192e-07	62.6535323859739	0.200005298347399
17.325	5.75	8.79677858043933e-06	0.800000606936615	1.62999412031874e-07	62.6295316433858	0.200007037422864
17.475	5.75	1.16286937305909e-05	0.800000780110358	1.59236399780667e-07	62.6055306605749	0.200009302954984
17.625	5.75	1.53374030797467e-05	0.800001016726353	1.55621977141183e-07	62.5815293638678	0.200012269922464
17.775	5.75	2.02209492343205e-05	0.80000134001438	1.52150732276605e-07	62.5575276547862	0.200016176759387
17.925	5.75	2.66857405004589e-05	0.800001781502054	1.48817719043945e-07	62.5335254010382	0.2000213485924
18.075	5.75	3.52859780695534e-05	0.800002383895327	1.45618033485129e-07	62.5095224242225	0.200028228782456
18.225	5.75	4.67770716382197e-05	0.800003204905159	1.42546933593557e-07	62.4855184830765	0.200037421657311
18.375	5.75	6.21878402916877e-05	0.800004322333818	1.39599525573154e-07	62.4615132506944	0.200049750272233
18.525	5.75	8.29178809256185e-05	0.800005840905386	1.367714354242e-07	62.4375062836066	0.200066334304741
18.675	5.75	0.000110868683834324	0.800007901591995	1.34057733531193e-07	62.4134969798907	0.200088694947067
18.825	5.75	0.00014862023543356	0.800010694555405	1.3145378831175e-07	62.3894845225135	0.200118896188347
18.975	5.75	0.000199669428372092	0.800014477115172	1.28954572305619e-07	62.3654678027508	0.200159735542698
19.125	5.75	0.000268753007964315	0.800019598199805	1.26554599086343e-07	62.3414453166626	0.200215002406371
19.275	5.75	0.000362286109608302	0.80002653031164	1.24248341451557e-07	62.3174150250171	0.200289828887687
19.425	5.75	0.000488957241161319	0.80003590933054	1.22028930455535e-07	62.2933741636041	0.200391165792929
19.575	5.75	0.000660531104892603	0.800048582407457	1.19888914397103e-07	62.269318986453	0.200528424883914
19.725	5.75	0.000892922097382173	0.800065666477852	1.17818998924581e-07	62.2452444189859	0.200714337677906
19.875	5.75	0.00120761697886503	0.800088626359553	1.15808347589868e-07	62.2211435913493	0.200966093583092
20.025	5.75	0.00163355392698319	0.800119391821624	1.13843233788199e-07	62.1970072132579	0.201306843141587
20.175	5.75	0.00220962154142388	0.800160542448307	1.11906845620173e-07	62.1728227386781	0.201767697233139
20.325	5.75	0.00298804003965649	0.80021558587092	1.09977464875748e-07	62.148573248238	0.202390432031725
20.475	5.75	0.00403902923278903	0.800289322705109	1.08028160108643e-07	62.1242359452352	0.203231223386231
20.625	5.75	0.00545732317793577	0.800388218165233	1.06024433425346e-07	62.0997801148031	0.204365858542349
20.775	5.75	0.00737118334082844	0.800520592196077	1.03922332878973e-07	62.0751643376234	0.205896946672663
20.925	5.75	0.0099544766213497	0.800696333724562	1.01666664213224e-07	62.0503326910985	0.20796358129708
21.075	5.75	0.013442010949418	0.800925804138116	9.91893519657234e-08	62.0252096344956	0.210753608759534
21.225	5.75	0.0181476162360259	0.801217683277947	9.6409702934127e-08	61.9996932900273	0.214518092988821
21.375	5.75	0.0244834917784017	0.801575747621902	9.32386141687813e-08	61.9736469276499	0.219586793422721
21.525	5.75	0.0329782607181428	0.801994909243268	8.95876570799646e-08	61.9468886555956	0.226382608574514
21.675	5.75	0.0442900693652859	0.802457209915419	8.53852748257176e-08	61.9191796177645	0.235432055492229
21.825	5.75	0.0592098283149271	0.802928820392638	8.05975735290768e-08	61.8902114104831	0.247367862651942
21.975	5.75	0.078648012146422	0.803359432255305	7.52500768433499e-08	61.8595939819158	0.262918409717138
22.125	5.75	0.103596185115784	0.803685614053324	6.94410625196481e-08	61.8268460151751	0.282876948092627
22.275	5.75	0.135052296254568	0.803839358001123	6.33407000115844e-08	61.791390741797	0.308041837003654
22.425	5.75	0.173898985804404	0.803761773025739	5.71701852897944e-08	61.7525611694268	0.339119188643523
22.575	5.75	0.220730575865949	0.803419723642304	5.11658031792256e-08	61.7096194296977	0.376584460692759
22.725	5.75	0.275641516482816	0.802820819607088	4.55401915926034e-08	61.6617945544255	0.420513213186253
22.875	5.75	0.338017844947609	0.802020606919221	4.04518463347374e-08	61.6083404009579	0.470414275958087
23.025	5.75	0.406404711275286	0.801116479010882	3.59906301641135e-08	61.5486099714932	0.525123769020229
23.175	5.75	0.478534559852687	0.800226956389704	3.21809088767924e-08	61.4821348094932	0.582827647882149
23.325	5.75	0.551566074518595	0.799461998253913	2.89947010621011e-08	61.4086916530639	0.641252859614876
23.475	5.75	0.622501296389678	0.798895956354426	2.63701571866416e-08	61.3283376217331	0.698001037111743
23.625	5.75	0.688659247402571	0.798554435993061	2.42286226476628e-08	61.24140259124	0.750927397922057
23.775	5.75	0.748051801035544	0.798418769122166	2.24880615960611e-08	61.1484407003172	0.798441440828435
23.925	5.75	0.799557773398683	0.798442593773294	2.10715486060702e-08	61.0501554015192	0.839646218718947
24.075	5.75	0.8428864640206	0.798570874137119	1.99117627461071e-08	60.9473179088995	0.87430917121648
24.225	5.75	0.87839815092588	0.798753985385012	1.89525123679363e-08	60.8406960497819	0.902718520740704
24.375	5.75	0.906872096414848	0.798954515818597	1.81484509685991e-08	60.7310029040627	0.925497677131878
24.525	5.75	0.929292195050369	0.79914821889227	1.74638589818939e-08	60.6188668852246	0.943433756040296
24.675	5.75	0.94668509171046	0.799321794914341	1.68710255270338e-08	60.504819882328	0.957348073368368
24.825	5.75	0.960016772856372	0.799469714039139	1.63487102013978e-08	60.3892981311158	0.968013418285098
24.975	5.75	0.970138071745432	0.799591314415734	1.58808561511677e-08	60.2726506591172	0.976110457396346
25.125	5.75	0.97776476824609	0.799688618212941	1.54553282457835e-08	60.1551512980225	0.982211814596872
25.275	5.75	0.983479106557139	0.799764872808408	1.50630673976534e-08	60.037011576475	0.986783285245711
25.425	5.75	0.987742790584177	0.799823661235281	1.4697282616496e-08	59.9183929154383	0.990194232467341
25.575	5.75	0.990914817482598	0.799868406872447	1.43529245138885e-08	59.7994173435712	0.992731853986078
25.725	5.75	0.993270126509096	0.799902131492748	1.40263019389407e-08	59.6801764614885	0.994616101207277
25.875	5.75	0.9950168745986	0.799927367604538	1.37145620163888e-08	59.5607386817593	0.99601349967888
26.025	5.75	0.996311339810856	0.799946159588418	1.34156401810714e-08	59.4411549244194	0.997049071848685
26.175	5.75	0.997270176013458	0.799960111448262	1.31279441824314e-08	59.3214630089753	0.997816140810766
26.325	5.75	0.997980145862029	0.799970454494064	1.28503178092243e-08	59.2016909910571	0.998384116689623
26.475	5.75	0.998505654646598	0.799978118682406	1.2581792997878e-08	59.081859670299	0.998804523717278
26.625	5.75	0.998894473313779	0.799983798465209	1.23216672954985e-08	58.9619844619126	0.999115578651023
26.775	5.75	0.999182029776165	0.799988008854217	1.20693539434036e-08	58.8420767875845	0.999345623820932
26.925	5.75	0.999394600846659	0.799991130556617	1.18244002523227e-08	58.7221451071853	0.999515680677327
27.075	5.75	0.999551676914039	0.799993444870974	1.15863889801849e-08	58.6021956837662	0.999641341531231
27.225	5.75	0.999667711975125	0.799995159908739	1.13549845891192e-08	58.4822331510512	0.9997341695801
27.375	5.75	0.999753419899696	0.799996429941934	1.11299326154307e-08	58.3622609347084	0.999802735919757
27.525	5.75	0.999816736200746	0.799997369547973	1.09109583635789e-08	58.2422815652366	0.999853388960597
27.675	5.75	0.999863532811774	0.799998063933177	1.06978198103232e-08	58.1222969103777	0.999890826249419
27.825	5.75	0.999898149896759	0.799998576493368	1.04903520312355e-08	58.0023083476933	0.999918519917407
27.975	5.75	0.999923791675671	0.799998954385797	1.02883098942859e-08	57.8823168926147	0.999939033340537
28.125	5.75	0.999942820939084	0.799999232661152	1.00915700956503e-08	57.7623232933567	0.999954256751267
28.275	5.75	0.99995697799559	0.799999437343003	9.89993506818304e-09	57.6423281011855	0.999965582396472
28.425	5.75	0.999967543254858	0.799999587729568	9.71324847243373e-09	57.5223317223729	0.999974034603887
28.575	5.75	0.999975457805312	0.799999698114029	9.53136198290896e-09	57.4023344565585	0.99998036624425
28.725	5.75	0.999981412728411	0.799999779070666	9.35417211422678e-09	57.2823365250382	0.999985130182729
28.875	5.75	0.999985915176507	0.799999838412844	9.18145929876775e-09	57.1623380915925	0.999988732141205
29.025	5.75	0.999989337201365	0.799999881906866	9.01317437879456e-09	57.0423392777999	0.999991469761092
29.175	5.75	0.999991951790637	0.799999913802112	8.84915836188593e-09	56.9223401742774	0.99999356143251
29.325	5.75	0.999993959424803	0.799999937224567	8.68930265837415e-09	56.8023408489153	0.999995167539842
29.475	5.75	0.99999550761432	0.79999995446914	8.53344418261158e-09	56.6823413529004	0.999996406091456
29.625	5.75	0.999996705242102	0.799999967216164	8.38153123064027e-09	56.5623417251126	0.999997364193682
29.775	5.75	0.99999763306582	0.799999976692414	8.23342839939248e-09	56.442341995329	0.999998106452656
29.925	5.75	0.999998351385259	0.799999983790408	8.08903002461809e-09	56.3223421865562	0.999998681108208
30.075	5.75	0.999998905620648	0.79999998915687	7.94823437828241e-09	56.2023423167259	0.999999124496518
30.225	5.75	0.999999330355703	0.799999993258816	7.81096134037751e-09	56.0823423999299	0.999999464284562
30.375	5.75	0.999999652255984	0.799999996431817	7.67706368434904e-09	55.96234244732	0.999999721804787
30.525	5.75	0.99999989216661	0.799999998916214	7.54652080361046e-09	55.8423424677672	0.999999913733288
30.675	5.75	1.00000006661444	0.800000000883422	7.41919170027929e-09	55.7223424683491	1.00000005329155
30.825	5.75	1.00000018888045	0.800000002455823	7.29502789216778e-09	55.6023424547122	1.00000015110436
30.975	5.75	1.0000002697643	0.800000003720693	7.1739060480703e-09	55.4823424313473	1.00000021581144
31.125	5.75	1.00000031813024	0.800000004740734	7.05577498110272e-09	55.3623424018012	1.00000025450419
31.275	5.75	1.00000034129913	0.800000005561503	6.94053787570607e-09	55.2423423688441	1.00000027303931
31.425	5.75	1.00000034533335	0.80000000621664	6.82814267040618e-09	55.1223423346034	1.00000027626668
31.575	5.75	1.00000033524795	0.800000006731984	6.71850321977134e-09	55.002342300675	1.00000026819836
31.725	5.75	1.00000031517154	0.800000007127746	6.61153453293678e-09	54.8823422682161	1.00000025213723
31.875	5.75	1.00000028847336	0.800000007420524	6.5071942257165e-09	54.7623422380238	1.00000023077869
32.025	5.75	1.00000025786736	0.800000007624508	6.40539789880571e-09	54.6423422106031	1.00000020629389
32.175	5.75	1.00000022550095	0.800000007752194	6.30608467679165e-09	54.5223421862259	1.00000018040076
32.325	5.75	1.00000019303282	0.800000007814572	6.20918896911835e-09	54.4023421649812	1.00000015442626
32.475	5.75	1.00000016170283	0.800000007821895	6.1146838279313e-09	54.2823421468192	1.00000012936227
32.625	5.75	1.00000013239565	0.800000007783367	6.02247031920102e-09	54.1623421315877	1.00000010591652
32.775	5.75	1.00000010569877	0.800000007707445	5.93249622857327e-09	54.0423421190642	1.00000008455902
32.925	5.75	1.00000008195549	0.800000007601732	5.84473121293785e-09	53.9223421089813	1.00000006556439
33.075	5.75	1.0000000613128	0.800000007473132	5.75908164755492e-09	53.8023421010482	1.00000004905024
33.225	5.75	1.00000004376434	0.80000000732761	5.67553989677208e-09	53.6823420949673	1.00000003501147
33.375	5.75	1.00000002918824	0.800000007170366	5.59402926996256e-09	53.5623420904471	1.00000002335059
33.525	5.75	1.00000001737989	0.800000007005847	5.51451237424625e-09	53.442342087212	1.00000001390391
33.675	5.75	1.00000000808001	0.800000006837864	5.43694559372071e-09	53.3223420850084	1.00000000646401
33.825	5.75	1.00000000099791	0.800000006669195	5.36128107001324e-09	53.2023420836093	1.00000000079832
33.975	5.75	0.999999995830285	0.800000006502397	5.28746745357242e-09	53.082342082816	0.999999996664228
34.125	5.75	0.999999992276137	0.80000000633915	5.21544876058173e-09	52.9623420824591	0.999999993820909
34.275	5.75	0.99999999004788	0.800000006180509	5.14520370682899e-09	52.8423420823973	0.999999992038304
34.425	5.75	0.999999988879258	0.800000006027633	5.07670799438704e-09	52.7223420825158	0.999999991103407
34.575	5.75	0.99999998853062	0.800000005880625	5.0098925927479e-09	52.6023420827242	0.999999990824496
34.725	5.75	0.999999988791731	0.800000005739782	4.94472646027858e-09	52.4823420829537	0.999999991033385
34.875	5.75	0.999999989482793	0.800000005604998	4.8811873579818e-09	52.3623420831542	0.999999991586234
35.025	5.75	0.999999990453996	0.800000005475961	4.81922315231083e-09	52.2423420832915	0.999999992363197
35.175	5.75	0.99999999158394	0.800000005352264	4.75880746777495e-09	52.1223420833442	0.999999993267152
35.325	5.75	0.999999992777319	0.800000005233474	4.69990496045045e-09	52.0023420833017	0.999999994221855
35.475	5.75	0.999999993962074	0.800000005119015	4.64248852918392e-09	51.8823420831609	0.999999995169659
35.625	5.75	0.999999995086355	0.800000005008398	4.58652132143533e-09	51.7623420829252	0.999999996069084
35.775	5.75	0.999999996115359	0.800000004901115	4.53195346940139e-09	51.6423420826018	0.999999996892287
35.925	5.75	0.999999997028282	0.80000000479661	4.47881242298626e-09	51.5223420822007	0.999999997622626
36.075	5.75	0.999999997815458	0.800000004694572	4.42701377183606e-09	51.4023420817334	0.999999998252366
36.225	5.75	0.999999998475748	0.800000004594491	4.37654551896995e-09	51.2823420812118	0.999999998780599
36.375	5.75	0.999999999014287	0.800000004496091	4.32739533674467e-09	51.1623420806477	0.999999999211429
36.525	5.75	0.999999999440464	0.800000004399059	4.27951837593007e-09	51.0423420800522	0.999999999552371
36.675	5.75	0.999999999766329	0.800000004303186	4.2329009648764e-09	50.9223420794354	0.999999999813063
36.825	5.75	1.00000000000535	0.800000004208303	4.18751123243716e-09	50.8023420788061	1.00000000000428
36.975	5.75	1.00000000017136	0.800000004114277	4.14334328486289e-09	50.6823420781718	1.00000000013709
37.125	5.75	1.00000000027792	0.800000004020934	4.10035531821198e-09	50.5623420775389	1.00000000022234
37.275	5.75	1.00000000033771	0.800000003928182	4.05852007807087e-09	50.4423420769122	1.00000000027017
37.425	5.75	1.00000000036184	0.800000003835978	4.01784343444562e-09	50.3223420762956	1.00000000028947
37.575	5.75	1.00000000035915	0.800000003744002	3.97827599794263e-09	50.2023420756919	1.00000000028732
37.725	5.75	1.00000000033567	0.800000003652567	3.9398071343789e-09	50.0823420751034	1.00000000026854
37.875	5.75	1.00000000029554	0.800000003562159	3.90243180598694e-09	49.9623420745317	1.00000000023643
38.025	5.75	1.00000000024454	0.800000003473809	3.86611398496462e-09	49.842342073978	1.00000000019563
38.175	5.75	1.00000000019658	0.800000003388103	3.83084614036632e-09	49.7223420734426	1.00000000015727
38.325	5.75	1.00000000017807	0.800000003303642	3.79659750294343e-09	49.6023420729238	1.00000000014245
38.475	5.75	1.00000000021822	0.800000003214072	3.76336522944915e-09	49.4823420724173	1.00000000017458
38.625	5.75	1.0000000003104	0.800000003108822	3.73112071778365e-09	49.3623420719176	1.00000000024832
38.775	5.75	1.00000000034603	0.800000002981476	3.69985523098372e-09	49.242342071425	1.00000000027682
38.925	5.75	1.00000000007388	0.800000002849759	3.66954335991432e-09	49.1223420709567	1.0000000000591
39.075	5.75	0.999999999212036	0.800000002779976	3.64019612548487e-09	49.0023420705559	0.999999999369629
39.225	5.75	0.999999997861595	0.800000002880948	3.61178119416022e-09	48.882342070274	0.999999998289276
39.375	5.75	0.999999997187171	0.800000003213957	3.58427198454197e-09	48.7623420701021	0.999999997749737
39.525	5.75	0.999999999800282	0.800000003585531	3.5576776912025e-09	48.6423420698499	0.999999999840225
39.675	5.75	1.00000000854991	0.80000000331701	3.53197750648061e-09	48.5223420690648	1.00000000683993
39.825	5.75	1.00000002228111	0.800000001325756	3.50715583872544e-09	48.4023420672132	1.00000001782489
39.975	5.75	1.00000002906866	0.799999997048122	3.48320084393578e-09	48.2823420643891	1.00000002325493
40.125	5.75	1.00000000269436	0.799999992468832	3.46010014002748e-09	48.1623420625175	1.00000000215549
40.275	5.75	0.99999991505161	0.799999994264614	3.43784990070421e-09	48.0423420661311	0.999999932041288
40.425	5.75	0.999999777875212	0.800000012820887	3.41642770505864e-09	47.9223420805482	0.99999982230017
40.575	5.75	0.999999707649959	0.800000053242657	3.39584149532252e-09	47.8023421049328	0.999999766119967
40.725	5.75	0.999999957517788	0.80000009634151	3.37606674360675e-09	47.6823421207066	0.99999996601423
40.875	5.75	1.00000079734943	0.800000079432008	3.35709187625019e-09	47.5623420841869	1.00000063787955
41.025	5.75	1.00000212196186	0.799999906800149	3.33891787076323e-09	47.4423419437858	1.00000169756949
41.175	5.75	1.00000285290259	0.799999532555289	3.32153138381273e-09	47.3223417047302	1.00000228232207
41.325	5.75	1.00000065163104	0.799999130189321	3.30494019811025e-09	47.2023415362623	1.00000052130483
41.475	5.75	0.999993003858071	0.799999257632787	3.28912964468232e-09	47.0823418405603	0.999994403086457
41.625	5.75	0.999980706637719	0.800000758126891	3.2740927859794e-09	46.9623431022304	0.999984565310175
41.775	5.75	0.999973138463726	0.800004042641685	3.25980285291313e-09	46.8423453174513	0.999978510770981
41.925	5.75	0.999990827520202	0.800007659447616	3.24620375003274e-09	46.7223470468789	0.999992662016161
42.075	5.75	1.00005637953591	0.800006937958904	3.23322504833826e-09	46.60234478075	1.00004510362873
42.225	5.75	1.00016528886174	0.799994825724871	3.22087488066592e-09	46.4823341405264	1.00013223108939
42.375	5.75	1.00024184955474	0.799967675688039	3.20934945221478e-09	46.3623145977763	1.00019347964379
42.525	5.75	1.00011633628787	0.799936551856911	3.19904241602805e-09	46.2422974045817	1.0000930690303
42.675	5.75	0.999594226907323	0.799937861946856	3.19049046816419e-09	46.1223112974235	0.999675381525859
42.825	5.75	0.998683926300591	0.800027373632047	3.18364009849417e-09	46.0023939483801	0.998947141040473
42.975	5.75	0.997944673213216	0.800237007908029	3.17709708971596e-09	45.8825557801303	0.998355738570573
43.125	5.75	0.998684258960345	0.800490006440453	3.16750582609016e-09	45.7627175856616	0.998947407168276
43.275	5.75	1.00248296174258	0.800522976009903	3.15094371540267e-09	45.6426615552109	1.00198636939407
43.425	5.75	1.00955927623991	0.799934826332105	3.126955020258e-09	45.522083652557	1.00764742099193
43.575	5.75	1.01623380740362	0.798479882258671	3.10481362613742e-09	45.4008458757963	1.0129870459229
43.725	5.75	1.01328677104052	0.796573392373596	3.10699609279149e-09	45.2794287194095	1.01062941683242
43.875	5.75	0.988680897781604	0.795833251064969	3.16428381599177e-09	45.1593337248967	0.990944718225283
44.025	5.75	0.938367896618348	0.799351007651921	3.29457393933986e-09	45.0428406923902	0.950694317294678
44.175	5.75	0.884673133392132	0.81019242896828	3.4477810763248e-09	44.9313521867471	0.907738506713705
44.325	5.75	0.889127901537691	0.824441953052536	3.43252536369614e-09	44.8222078327035	0.911302321230153
44.475	5.75	1.03257195141502	0.826489829150556	3.04738899473653e-09	44.7059574270862	1.02605756113202
44.625	5.75	1.34924434211333	0.808622132977502	2.4429142727602e-09	44.5677999911839	1.27939547369067
44.775	5.75	1.76408811842116	0.709537047463738	1.93889306026798e-09	44.3955931780289	1.61127049473693
44.925	5.75	2.11154506654186	0.834636814065687	1.65312271298081e-09	44.2248231583335	1.88923605323349
0.075	6.25	3.47473391206947e-16	0.399999819573181	-4.86717909656182e-06	65.3895306323292	0.2
0.225	6.25	1.09796638889601e-15	0.799999461012405	-4.8300055912716e-06	65.3655306431548	0.200000000000001
0.375	6.25	2.54819399139241e-15	0.799999109267926	-4.75639921299059e-06	65.3415306646684	0.200000000000002
0.525	6.25	4.61627525971242e-15	0.799998768674015	-4.64781211302294e-06	65.3175306965987	0.200000000000004
0.675	6.25	7.1488320489797e-15	0.799998443260221	-4.50635197862486e-06	65.293530738548	0.200000000000006
0.825	6.25	9.9359048562726e-15	0.799998136652042	-4.33470023801038e-06	65.2695307900031	0.200000000000008
0.975	6.25	1.27379952557529e-14	0.799997851990261	-4.13601557939265e-06	65.2455308503488	0.20000000000001
1.125	6.25	1.52997335973759e-14	0.799997591869436	-3.9138220652038e-06	65.2215309188837	0.200000000000012
1.275	6.25	1.73403614670914e-14	0.799997358305533	-3.67189354720164e-06	65.1975309948367	0.200000000000014
1.425	6.25	1.8524136057885e-14	0.799997152719187	-3.41413680153108e-06	65.1735310773853	0.200000000000015
1.575	6.25	1.84214939971375e-14	0.799996975948347	-3.14448125849373e-06	65.1495311656735	0.200000000000015
1.725	6.25	1.64738205264038e-14	0.799996828270554	-2.86677758874203e-06	65.1255312588284	0.200000000000013
1.875	6.25	1.19726182350099e-14	0.799996709450485	-2.58471149731956e-06	65.1015313559773	0.20000000000001
2.025	6.25	4.06029052784903e-15	0.799996618791371	-2.30172977355719e-06	65.0775314562614	0.200000000000003
2.175	6.25	-8.24320275459447e-15	0.799996555199796	-2.02098578536387e-06	65.0535315588498	0.199999999999993
2.325	6.25	-2.59849189994463e-14	0.799996517249134	-1.74529892911848e-06	65.0295316629495	0.199999999999979
2.475	6.25	-5.01916501868589e-14	0.799996503252355	-1.47712966665605e-06	65.0055317678148	0.19999999999996
2.625	6.25	-8.17467436828313e-14	0.799996511326742	-1.21856993425738e-06	64.9815318727543	0.199999999999935
2.775	6.25	-1.21226133221405e-13	0.799996539455378	-9.71343571599926e-07	64.9575319771352	0.199999999999903
2.925	6.25	-1.68688741535521e-13	0.799996585548893	-7.36818258121127e-07	64.933532080387	0.199999999999865
3.075	6.25	-2.23417823770626e-13	0.799996647491776	-5.1602430917304e-07	64.9095321820024	0.199999999999821
3.225	6.25	-2.83612915685392e-13	0.799996723192559	-3.09680397692819e-07	64.8855322815375	0.199999999999773
3.375	6.25	-3.46036915214707e-13	0.799996810613757	-1.18222352914404e-07	64.8615323786109	0.199999999999723
3.525	6.25	-4.05629631221436e-13	0.799996907808327	5.816486995639e-08	64.8375324729007	0.199999999999676
3.675	6.25	-4.55107878617792e-13	0.799997012937881	2.19515152431894e-07	64.8135325641424	0.199999999999636
3.825	6.25	-4.8458301378402e-13	0.799997124291925	3.6604861898221e-07	64.7895326521246	0.199999999999612
3.975	6.25	-4.81239540155485e-13	0.799997240296227	4.98139852342824e-07	64.765532736685	0.199999999999615
4.125	6.25	-4.29132959856919e-13	0.799997359523219	6.1628967533691e-07	64.7415328177069	0.199999999999657
4.275	6.25	-3.09180828205434e-13	0.799997480687502	7.2109773366074e-07	64.7175328951137	0.199999999999753
4.425	6.25	-9.94373277427062e-14	0.799997602651439	8.13236882191012e-07	64.6935329688657	0.19999999999992
4.575	6.25	2.24242688732257e-13	0.799997724416557	8.93432978479992e-07	64.6695330389547	0.200000000000179
4.725	6.25	6.87030811559854e-13	0.799997845118687	9.62444574774839e-07	64.6455331054006	0.20000000000055
4.875	6.25	1.31331503180878e-12	0.799997964017322	1.02104713682251e-06	64.6215331682474	0.200000000001051
5.025	6.25	2.12412226899687e-12	0.799998080493723	1.07001935102677e-06	64.5975332275593	0.200000000001699
5.175	6.25	3.13365155779126e-12	0.799998194034343	1.11013129678314e-06	64.5735332834174	0.200000000002507
5.325	6.25	4.34481813451903e-12	0.799998304223299	1.14213553359028e-06	64.5495333359167	0.200000000003476
5.475	6.25	5.7437488180983e-12	0.79999841073394	1.16675995901919e-06	64.5255333851632	0.200000000004595
5.625	6.25	7.29323124493015e-12	0.799998513319583	1.18470168189485e-06	64.5015334312715	0.200000000005835
5.775	6.25	8.92520806018114e-12	0.799998611800573	1.1966236264476e-06	64.4775334743626	0.20000000000714
5.925	6.25	1.05325256017378e-11	0.799998706060924	1.20315117409551e-06	64.4535335145617	0.200000000008426
6.075	6.25	1.19602980445792e-11	0.799998796034207	1.20487112282281e-06	64.4295335519969	0.200000000009568
6.225	6.25	1.29974335962647e-11	0.799998881701905	1.2023302520842e-06	64.4055335867974	0.200000000010398
6.375	6.25	1.33690887602792e-11	0.799998963082707	1.19603600041681e-06	64.3815336190923	0.200000000010695
6.525	6.25	1.27310661479843e-11	0.799999040227138	1.18645652821598e-06	64.3575336490099	0.200000000010185
6.675	6.25	1.06674439604628e-11	0.799999113212733	1.17402169217352e-06	64.3335336766763	0.200000000008534
6.825	6.25	6.69300912001131e-12	0.799999182139241	1.1591249230119e-06	64.309533702215	0.200000000005354
6.975	6.25	2.62344453029685e-13	0.799999247120592	1.14212458401876e-06	64.2855337257466	0.20000000000021
7.125	6.25	-9.21233005713452e-12	0.799999308288456	1.12334578072101e-06	64.2615337473877	0.19999999999263
7.275	6.25	-2.23322703784385e-11	0.799999365780507	1.10308231465166e-06	64.2375337672511	0.199999999982134
7.425	6.25	-3.96698877209275e-11	0.799999419743607	1.08159863897023e-06	64.2135337854452	0.199999999968264
7.575	6.25	-6.1710646978954e-11	0.799999470328463	1.05913218324171e-06	64.1895338020741	0.199999999950632
7.725	6.25	-8.87770659454526e-11	0.799999517688141	1.03589497032753e-06	64.1655338172373	0.199999999928978
7.875	6.25	-1.20933166715643e-10	0.799999561977106	1.01207594395982e-06	64.1415338310298	0.199999999903253
8.025	6.25	-1.57868498933965e-10	0.79999960334783	9.87842561562088e-07	64.1175338435419	0.199999999873705
8.175	6.25	-1.98761977254426e-10	0.799999641951791	9.63342528458024e-07	64.0935338548593	0.19999999984099
8.325	6.25	-2.42127305456572e-10	0.799999677937271	9.38705969980477e-07	64.069533865063	0.199999999806298
8.475	6.25	-2.85643739689742e-10	0.799999711448406	9.14046929635574e-07	64.0455338742295	0.199999999771485
8.625	6.25	-3.2597840185849e-10	0.799999742625459	8.89464348617772e-07	64.0215338824309	0.199999999739217
8.775	6.25	-3.58609296472716e-10	0.799999771603358	8.65044172750094e-07	63.9975338897346	0.199999999713113
8.925	6.25	-3.77661586974969e-10	0.799999798512527	8.40860165731642e-07	63.9735338962036	0.199999999697871
9.075	6.25	-3.75773487929467e-10	0.799999823477182	8.16975672281597e-07	63.9495339018964	0.199999999699381
9.225	6.25	-3.44012219593023e-10	0.799999846616307	7.93444007650194e-07	63.9255339068671	0.19999999972479
9.375	6.25	-2.71864687662307e-10	0.799999868043557	7.70310175609474e-07	63.9015339111654	0.199999999782508
9.525	6.25	-1.47331669552923e-10	0.799999887866335	7.47611341244879e-07	63.8775339148367	0.199999999882135
9.675	6.25	4.2841982437419e-11	0.799999906186745	7.25378030947937e-07	63.8535339179217	0.200000000034274
9.825	6.25	3.12765631347774e-10	0.799999923100954	7.03634486384972e-07	63.8295339204573	0.200000000250213
9.975	6.25	6.76792349613532e-10	0.799999938700457	6.82399816014915e-07	63.8055339224756	0.200000000541434
10.125	6.25	1.14866219929766e-09	0.799999953070259	6.61688375575704e-07	63.7815339240053	0.20000000091893
10.275	6.25	1.74036397056337e-09	0.799999966290985	6.41510178901405e-07	63.7575339250709	0.200000001392291
10.425	6.25	2.46068493890627e-09	0.799999978437832	6.21872136959921e-07	63.7335339256937	0.200000001968548
10.575	6.25	3.31342648327013e-09	0.799999989581407	6.02777440843955e-07	63.7095339258921	0.200000002650741
10.725	6.25	4.29527565620625e-09	0.799999999787203	5.8422690647448e-07	63.6855339256826	0.200000003436221
10.875	6.25	5.39333953234612e-09	0.800000009117022	5.66218858598018e-07	63.6615339250802	0.200000004314672
11.025	6.25	6.58237079726966e-09	0.800000017627809	5.4874976060195e-07	63.6375339241001	0.200000005265897
11.175	6.25	7.82173983811156e-09	0.800000025372937	5.31814091841854e-07	63.6135339227587	0.200000006257392
11.325	6.25	9.05224061173006e-09	0.800000032401886	5.15405037499594e-07	63.5895339210759	0.200000007241793
11.475	6.25	1.0192854583391e-08	0.800000038761384	4.99514566713146e-07	63.5655339190766	0.200000008154284
11.625	6.25	1.11376385118925e-08	0.800000044494848	4.84133584560221e-07	63.5415339167932	0.200000008910111
11.775	6.25	1.17529468990811e-08	0.800000049643257	4.69252123982584e-07	63.5175339142685	0.200000009402358
11.925	6.25	1.18752472022969e-08	0.800000054245253	4.54859647199093e-07	63.4935339115581	0.200000009500198
12.075	6.25	1.13098336756393e-08	0.800000058338642	4.40945062144217e-07	63.4695339087337	0.200000009047867
12.225	6.25	9.83079177366941e-09	0.800000061959094	4.27496760688282e-07	63.4455339058862	0.200000007864633
12.375	6.25	7.18260683660439e-09	0.800000065141817	4.14502907008537e-07	63.4215339031286	0.200000005746085
12.525	6.25	3.08384536935984e-09	0.800000067922191	4.0195150862335e-07	63.3975339005987	0.200000002467076
12.675	6.25	-2.76663848102478e-09	0.800000070335975	3.89830197057045e-07	63.3735338984612	0.199999997786689
12.825	6.25	-1.06805077815123e-08	0.800000072419123	3.78127082081545e-07	63.3495338969097	0.199999991455594
12.975	6.25	-2.09673009877623e-08	0.80000007420961	3.66829774980545e-07	63.3255338961667	0.199999983226159
13.125	6.25	-3.39179095019316e-08	0.800000075746556	3.5592619520595e-07	63.3015338964829	0.199999972865672
13.275	6.25	-4.97837846784033e-08	0.800000077071716	3.45404358950609e-07	63.2775338981342	0.199999960172972
13.425	6.25	-6.87515479856781e-08	0.800000078228897	3.35252228681159e-07	63.253533901417	0.199999944998762
13.575	6.25	-9.09127587856702e-08	0.80000007926464	3.25458345207793e-07	63.2295339066407	0.199999927269793
13.725	6.25	-1.1622868640209e-07	0.800000080228291	3.16011067249517e-07	63.2055339141164	0.199999907017051
13.875	6.25	-1.44490027006181e-07	0.800000081171945	3.06899253348098e-07	63.1815339241429	0.199999884407978
14.025	6.25	-1.75271586060526e-07	0.800000082150567	2.98111830261429e-07	63.1575339369882	0.199999859782731
14.175	6.25	-2.07881991262579e-07	0.800000083222024	2.89638088776804e-07	63.133533952866	0.199999833694407
14.325	6.25	-2.41308477612741e-07	0.80000008444757	2.81467433413041e-07	63.1095339719082	0.199999806953218
14.475	6.25	-2.74156652202062e-07	0.800000085890865	2.73589863944595e-07	63.0855339941304	0.199999780674678
14.625	6.25	-3.04584843318262e-07	0.800000087621059	2.65995370999687e-07	63.0615340193928	0.199999756332125
14.775	6.25	-3.30232088898386e-07	0.800000089712589	2.58674325537237e-07	63.0375340473535	0.199999735814329
14.925	6.25	-3.48137920465938e-07	0.80000009224822	2.5161737059082e-07	63.0135340774146	0.199999721489664
15.075	6.25	-3.54650715060684e-07	0.800000095323296	2.44815630272307e-07	62.9895341086611	0.199999716279428
15.225	6.25	-3.45319341040018e-07	0.8000000990527	2.38260282535432e-07	62.9655341397882	0.199999723744527
15.375	6.25	-3.14759879548232e-07	0.800000103580479	2.31942830576702e-07	62.9415341690192	0.199999748192096
15.525	6.25	-2.5648505322144e-07	0.800000109094412	2.25855221943165e-07	62.9175341940073	0.199999794811957
15.675	6.25	-1.62678230120718e-07	0.800000115846951	2.19989455977284e-07	62.8935342117187	0.199999869857416
15.825	6.25	-2.38859545474457e-08	0.800000124184919	2.14338018021965e-07	62.8695342182907	0.199999980891236
15.975	6.25	1.71407831283427e-07	0.800000134590327	2.08893482209371e-07	62.8455342088537	0.200000137126265
16.125	6.25	4.37377332896605e-07	0.800000147737437	2.03648884769969e-07	62.8215341773049	0.200000349901866
16.275	6.25	7.91691427021849e-07	0.800000164571631	1.98597375975963e-07	62.797534116013	0.200000633353142
16.425	6.25	1.25668899681663e-06	0.800000186415056	1.93732387122159e-07	62.7735340154259	0.200001005351197
16.575	6.25	1.86102673197751e-06	0.80000021511375	1.89047424864194e-07	62.7495338635437	0.200001488821386
16.725	6.25	2.64198114030027e-06	0.800000253232989	1.84536868262287e-07	62.7255336452018	0.200002113584912
16.875	6.25	3.64865095085713e-06	0.800000304324621	1.80194611685893e-07	62.7015333410892	0.200002918920761
17.025	6.25	4.94639228979517e-06	0.800000373283615	1.76014919577048e-07	62.6775329264011	0.200003957113832
17.175	6.25	6.62293440661546e-06	0.800000466831439	1.71992578571126e-07	62.6535323689844	0.200005298347525
17.325	6.25	8.79677877811514e-06	0.800000594165592	1.68122169951611e-07	62.629531626787	0.200007037423023
17.475	6.25	1.16286939785574e-05	0.80000076783591	1.64398860600749e-07	62.6055306443517	0.200009302955183
17.625	6.25	1.53374033923749e-05	0.800001004931795	1.60817749175746e-07	62.5815293480055	0.200012269922714
17.775	6.25	2.02209496304753e-05	0.800001328684163	1.57374129393472e-07	62.5575276392706	0.200016176759704
17.925	6.25	2.66857410048711e-05	0.800001770620973	1.54063517217069e-07	62.5335253858557	0.200021348592804
18.075	6.25	3.52859787145745e-05	0.800002373449071	1.50881370671193e-07	62.5095224093598	0.200028228782972
18.225	6.25	4.67770724660788e-05	0.800003194879678	1.47823304051652e-07	62.4855184685207	0.200037421657973
18.375	6.25	6.21878413573541e-05	0.800004312716195	1.44885211805006e-07	62.4615132364332	0.200049750273086
18.525	6.25	8.29178823004534e-05	0.800005831682809	1.42062537865212e-07	62.4375062696278	0.20006633430584
18.675	6.25	0.000110868685610746	0.800007892752697	1.3935101956071e-07	62.4134969661828	0.200088694948489
18.825	6.25	0.000148620237730972	0.800010686087824	1.36746150101934e-07	62.389484509065	0.200118896190185
18.975	6.25	0.000199669431344434	0.800014469008313	1.34243191329006e-07	62.3654677895507	0.200159735545076
19.125	6.25	0.000268753011809717	0.800019590443409	1.31837035530937e-07	62.3414453037003	0.200215002409448
19.275	6.25	0.000362286114581332	0.800026522895603	1.2952176806941e-07	62.3174150122822	0.200289828891665
19.425	6.25	0.000488957247588225	0.800035902245359	1.27291102624064e-07	62.2933741510865	0.200391165798071
19.575	6.25	0.000660531113190166	0.800048575644164	1.25137159713173e-07	62.2693189741429	0.200528424890552
19.725	6.25	0.000892922108080936	0.800065660027815	1.23050911761277e-07	62.2452444068735	0.200714337686465
19.875	6.25	0.00120761699263732	0.800088620214363	1.21021115097384e-07	62.2211435794254	0.20096609359411
20.025	6.25	0.00163355394467774	0.800119385973479	1.19033577466295e-07	62.1970072015134	0.201306843155742
20.175	6.25	0.00220962156410932	0.800160536889114	1.17070818735125e-07	62.172822727104	0.201767697251287
20.325	6.25	0.00298804006867508	0.800215580593876	1.15110560093915e-07	62.1485732368256	0.20239043205494
20.475	6.25	0.00403902926982432	0.800289317702379	1.13124508603977e-07	62.124235933976	0.203231223415859
20.625	6.25	0.00545732322509246	0.800388213429726	1.11076654720498e-07	62.0997801036886	0.204365858580074
20.775	6.25	0.00737118340072079	0.800520587721131	1.08921132868321e-07	62.0751643266455	0.205896946720577
20.925	6.25	0.00995447669719056	0.800696329502041	1.06599845071938e-07	62.050332680249	0.207963581357752
21.075	6.25	0.0134420110450938	0.800925800160368	1.04041374194766e-07	62.0252096237665	0.210753608836075
21.225	6.25	0.0181476163561486	0.801217679537429	1.01161112279456e-07	61.9996932794108	0.214518093084919
21.375	6.25	0.0244834919283251	0.801575744109396	9.78653106251847e-08	61.9736469171384	0.21958679354266
21.525	6.25	0.0329782609039411	0.801994905948946	9.4061167509191e-08	61.9468886451817	0.226382608723153
21.675	6.25	0.0442900695936888	0.802457206828779	8.96732308662471e-08	61.919179607441	0.235432055674951
21.825	6.25	0.0592098285931725	0.80292881750132	8.46661529833991e-08	61.8902114002432	0.247367862874538
21.975	6.25	0.0786480124819929	0.803359429546473	7.90662536100897e-08	61.8595939717533	0.262918409985594
22.125	6.25	0.10359618551592	0.803685611512997	7.29775004611569e-08	61.8268460050842	0.282876948412736
22.275	6.25	0.135052296725407	0.803839355614553	6.65788930366851e-08	61.7913907317729	0.308041837380326
22.425	6.25	0.173898986349659	0.803761770778246	6.01031241128782e-08	61.7525611594656	0.339119189079728
22.575	6.25	0.220730576485134	0.803419721519498	5.37993484743517e-08	61.709619419797	0.376584461188107
22.725	6.25	0.275641517169277	0.802820817596046	4.78916049109933e-08	61.6617945445847	0.420513213735422
22.875	6.25	0.338017845687049	0.802020605008054	4.25470618341613e-08	61.6083403911787	0.470414276549639
23.025	6.25	0.406404712045536	0.801116477189409	3.78609883323384e-08	61.5486099617798	0.525123769636429
23.175	6.25	0.478534560625609	0.800226954649012	3.38591879228142e-08	61.4821347998528	0.582827648500487
23.325	6.25	0.551566075263953	0.799461996586227	3.05127470954195e-08	61.4086916435064	0.641252860211162
23.475	6.25	0.622501297079971	0.798895954752656	2.77568468349671e-08	61.3283376122705	0.698001037663977
23.625	6.25	0.688659248017273	0.798554434451016	2.55089748889047e-08	61.2414025818855	0.750927398413819
23.775	6.25	0.748051801563303	0.798418767634133	2.36828867020953e-08	61.1484406910843	0.798441441250642
23.925	6.25	0.799557773837158	0.79844259233472	2.21977126216692e-08	61.0501553924201	0.839646219069726
24.075	6.25	0.842886464374597	0.798570872744033	2.09826274732599e-08	60.9473178999448	0.874309171499678
24.225	6.25	0.878398151204761	0.798753984034268	1.99785465132074e-08	60.8406960409803	0.902718520963809
24.375	6.25	0.906872096630091	0.798954514507805	1.91377285616348e-08	60.7310028954204	0.925497677304073
24.525	6.25	0.929292195213704	0.7991482176193	1.84225085323328e-08	60.6188668767457	0.943433756170963
24.675	6.25	0.946685091832698	0.799321793677517	1.7803697545782e-08	60.5048198740146	0.957348073466159
24.825	6.25	0.960016772946844	0.799469712837022	1.72589656950954e-08	60.3892981229687	0.968013418357476
24.975	6.25	0.970138071811799	0.79959131324712	1.67713653469127e-08	60.2726506511356	0.976110457449439
25.125	6.25	0.97776476829447	0.799688617076618	1.63280963644346e-08	60.1551512902048	0.982211814635576
25.275	6.25	0.983479106592244	0.799764871703321	1.59195976070867e-08	60.0370115688189	0.986783285273795
25.425	6.25	0.987742790609563	0.7998236601604	1.55387599513474e-08	59.918392907941	0.99019423248765
25.575	6.25	0.990914817500916	0.799868405826859	1.51802574704844e-08	59.7994173362295	0.992731854000733
25.725	6.25	0.993270126522307	0.799902130475582	1.48401458543168e-08	59.6801764542991	0.994616101217846
25.875	6.25	0.995016874608119	0.799927366614861	1.45154917135906e-08	59.5607386747187	0.996013499686495
26.025	6.25	0.996311339817724	0.799946158625407	1.42041093127659e-08	59.441154917524	0.997049071854179
26.175	6.25	0.99727017601841	0.799960110511044	1.39043435808284e-08	59.3214630022214	0.997816140814728
26.325	6.25	0.9979801458656	0.799970453581922	1.36149194149719e-08	59.2016909844412	0.99838411669248
26.475	6.25	0.998505654649178	0.799978117794582	1.33349121865917e-08	59.0818596638176	0.998804523719343
26.625	6.25	0.998894473315645	0.799983797600935	1.30635526514376e-08	58.9619844555623	0.999115578652516
26.775	6.25	0.99918202977751	0.799988008012816	1.28002204227086e-08	58.8420767813618	0.999345623822008
26.925	6.25	0.999394600847629	0.799991129737408	1.25444433664766e-08	58.7221451010869	0.999515680678103
27.075	6.25	0.999551676914735	0.799993444073282	1.22958365660083e-08	58.602195677789	0.999641341531788
27.225	6.25	0.99966771197562	0.799995159131871	1.20540364827054e-08	58.4822331451919	0.999734169580496
27.375	6.25	0.999753419900064	0.799996429185347	1.18187448407723e-08	58.362260928964	0.999802735920051
27.525	6.25	0.999816736201011	0.799997368811096	1.15896989041205e-08	58.2422815596042	0.999853388960809
27.675	6.25	0.999863532811963	0.799998063215364	1.13667015891146e-08	58.1222969048544	0.99989082624957
27.825	6.25	0.9998981498969	0.799998575794099	1.11494934707169e-08	58.0023083422762	0.99991851991752
27.975	6.25	0.999923791675784	0.799998953704557	1.0937936670316e-08	57.8823168873011	0.999939033340627
28.125	6.25	0.999942820939164	0.799999231997366	1.07318086165068e-08	57.762323288144	0.999954256751331
28.275	6.25	0.999956977995649	0.799999436696219	1.05309564123146e-08	57.642328096071	0.999965582396519
28.425	6.25	0.999967543254896	0.799999587099246	1.03352313533987e-08	57.5223317173541	0.999974034603916
28.575	6.25	0.999975457805337	0.799999697499775	1.01444552422475e-08	57.4023344516331	0.99998036624427
28.725	6.25	0.99998141272843	0.799999778471948	9.95849628368776e-09	57.2823365202037	0.999985130182744
28.875	6.25	0.999985915176518	0.799999837829288	9.77722578111928e-09	57.1623380868466	0.999988732141214
29.025	6.25	0.999989337201374	0.799999881338017	9.60051461257543e-09	57.0423392731405	0.999991469761099
29.175	6.25	0.999991951790644	0.799999913247576	9.42821533400718e-09	56.9223401697022	0.999993561432515
29.325	6.25	0.9999939594248	0.799999936683936	9.26020596296399e-09	56.8023408444223	0.99999516753984
29.475	6.25	0.999995507614314	0.799999953942059	9.09640438077666e-09	56.6823413484874	0.999996406091451
29.625	6.25	0.999996705242091	0.799999966702231	8.93663990753553e-09	56.5623417207776	0.999997364193673
29.775	6.25	0.999997633065816	0.799999976191252	8.78084626940251e-09	56.4423419910702	0.999998106452653
29.925	6.25	0.999998351385261	0.799999983301652	8.62890134967563e-09	56.3223421823716	0.999998681108209
30.075	6.25	0.999998905620647	0.799999988680308	8.48069866772864e-09	56.2023423126137	0.999999124496518
30.225	6.25	0.999999330355708	0.799999992794033	8.33612805190445e-09	56.0823423958883	0.999999464284566
30.375	6.25	0.999999652255984	0.799999995978497	8.19512837535481e-09	55.9623424433472	0.999999721804787
30.525	6.25	0.99999989216661	0.799999998474025	8.05757533616065e-09	55.8423424638616	0.999999913733288
30.675	6.25	1.00000006661444	0.80000000045209	7.92339065954272e-09	55.722342464509	1.00000005329155
30.825	6.25	1.00000018888045	0.800000002035133	7.79245866017024e-09	55.602342450936	1.00000015110436
30.975	6.25	1.0000002697643	0.8000000033103	7.66473752502254e-09	55.4823424276334	1.00000021581144
31.125	6.25	1.00000031813025	0.800000004340397	7.54012223957132e-09	55.3623423981481	1.0000002545042
31.275	6.25	1.00000034129914	0.800000005170882	7.41852605770248e-09	55.2423423652503	1.00000027303931
31.425	6.25	1.00000034533336	0.800000005835617	7.2999112641118e-09	55.1223423310674	1.00000027626669
31.575	6.25	1.00000033524796	0.800000006360201	7.18412976366218e-09	55.0023422971956	1.00000026819837
31.725	6.25	1.00000031517155	0.800000006765041	7.07119573268814e-09	54.8823422647917	1.00000025213724
31.875	6.25	1.00000028847336	0.800000007066676	6.96097176710195e-09	54.7623422346531	1.00000023077868
32.025	6.25	1.00000025786736	0.800000007279254	6.85342741910421e-09	54.6423422072848	1.00000020629389
32.175	6.25	1.00000022550095	0.800000007415312	6.74847450053166e-09	54.5223421829588	1.00000018040076
32.325	6.25	1.00000019303282	0.800000007485855	6.64605294235558e-09	54.4023421617641	1.00000015442625
32.475	6.25	1.00000016170283	0.800000007501168	6.54610408811394e-09	54.2823421436507	1.00000012936226
32.625	6.25	1.00000013239565	0.800000007470453	6.44857407510012e-09	54.1623421284667	1.00000010591652
32.775	6.25	1.00000010569877	0.80000000740212	6.35340208906012e-09	54.0423421159896	1.00000008455902
32.925	6.25	1.00000008195548	0.800000007303812	6.26052390416047e-09	53.9223421059519	1.00000006556439
33.075	6.25	1.00000006131278	0.800000007182442	6.16989675755472e-09	53.802342098063	1.00000004905023
33.225	6.25	1.00000004376433	0.800000007043984	6.0814659801819e-09	53.6823420920251	1.00000003501147
33.375	6.25	1.00000002918823	0.800000006893613	5.99515155453996e-09	53.562342087547	1.00000002335058
33.525	6.25	1.00000001737988	0.800000006735864	5.91093687859272e-09	53.4423420843529	1.00000001390391
33.675	6.25	1.00000000808002	0.800000006574436	5.82876738035645e-09	53.3223420821893	1.00000000646401
33.825	6.25	1.0000000009979	0.800000006412265	5.7485815717397e-09	53.2023420808292	1.00000000079832
33.975	6.25	0.999999995830283	0.800000006251688	5.67036462551939e-09	53.082342080074	0.999999996664226
34.125	6.25	0.999999992276145	0.800000006094488	5.59403179216126e-09	52.9623420797543	0.999999993820916
34.275	6.25	0.99999999004788	0.800000005941986	5.51957009316239e-09	52.8423420797286	0.999999992038304
34.425	6.25	0.999999988879271	0.800000005794872	5.44693151077055e-09	52.7223420798825	0.999999991103417
34.575	6.25	0.999999988530629	0.800000005653625	5.3760648110891e-09	52.6023420801253	0.999999990824503
34.725	6.25	0.999999988791732	0.80000000551845	5.30695458716532e-09	52.4823420803885	0.999999991033385
34.875	6.25	0.999999989482789	0.800000005389117	5.23952386555059e-09	52.3623420806218	0.999999991586231
35.025	6.25	0.999999990453992	0.800000005265407	5.17378877175739e-09	52.242342080791	0.999999992363194
35.175	6.25	0.999999991583939	0.800000005146985	5.10965909257768e-09	52.122342080875	0.999999993267151
35.325	6.25	0.99999999277732	0.800000005033345	5.04713654740969e-09	52.0023420808628	0.999999994221856
35.475	6.25	0.999999993962081	0.800000004923905	4.98616700089177e-09	51.8823420807517	0.999999995169665
35.625	6.25	0.999999995086362	0.800000004818182	4.92674733657685e-09	51.7623420805449	0.99999999606909
35.775	6.25	0.99999999611536	0.800000004715734	4.8688166156523e-09	51.6423420802496	0.999999996892288
35.925	6.25	0.999999997028285	0.800000004615994	4.81234256177289e-09	51.522342079876	0.999999997622628
36.075	6.25	0.999999997815466	0.800000004518538	4.75731892794538e-09	51.4023420794354	0.999999998252373
36.225	6.25	0.999999998475758	0.800000004422998	4.7037107809106e-09	51.2823420789399	0.999999998780606
36.375	6.25	0.999999999014297	0.800000004329073	4.65146171564312e-09	51.1623420784011	0.999999999211437
36.525	6.25	0.999999999440476	0.800000004236398	4.60058572070052e-09	51.0423420778304	0.999999999552381
36.675	6.25	0.999999999766348	0.800000004144775	4.55103517755837e-09	50.9223420772376	0.999999999813078
36.825	6.25	1.00000000000536	0.800000004054109	4.50278541477531e-09	50.8023420766318	1.00000000000429
36.975	6.25	1.00000000017137	0.800000003964179	4.45580682629668e-09	50.6823420760204	1.0000000001371
37.125	6.25	1.00000000027793	0.800000003874844	4.41009125183448e-09	50.5623420754096	1.00000000022234
37.275	6.25	1.00000000033771	0.800000003786153	4.36562068788107e-09	50.4423420748045	1.00000000027017
37.425	6.25	1.00000000036184	0.800000003697714	4.32232821484772e-09	50.3223420742089	1.00000000028948
37.575	6.25	1.00000000035915	0.800000003609639	4.28024926855247e-09	50.2023420736257	1.00000000028732
37.725	6.25	1.00000000033567	0.80000000352195	4.23933202757546e-09	50.0823420730571	1.00000000026854
37.875	6.25	1.00000000029554	0.800000003435218	4.19955398175692e-09	49.9623420725047	1.00000000023643
38.025	6.25	1.00000000024454	0.800000003350463	4.16091470092135e-09	49.8423420719697	1.00000000019563
38.175	6.25	1.00000000019658	0.800000003268412	4.12337951142433e-09	49.7223420714525	1.00000000015726
38.325	6.25	1.00000000017806	0.800000003187362	4.08692437031821e-09	49.6023420709515	1.00000000014245
38.475	6.25	1.00000000021821	0.800000003101257	4.05154214112894e-09	49.4823420704621	1.00000000017457
38.625	6.25	1.0000000003104	0.800000002999422	4.01722958519056e-09	49.3623420699792	1.00000000024832
38.775	6.25	1.00000000034602	0.800000002875376	3.9839340925303e-09	49.2423420695027	1.00000000027682
38.925	6.25	1.00000000007387	0.800000002746999	3.95167340430116e-09	49.1223420690501	1.0000000000591
39.075	6.25	0.999999999212031	0.800000002680456	3.92042025228427e-09	49.0023420686644	0.999999999369624
39.225	6.25	0.99999999786158	0.800000002784569	3.89015691876214e-09	48.8823420683972	0.999999998289264
39.375	6.25	0.999999997187155	0.80000000312075	3.86086482544598e-09	48.7623420682396	0.999999997749724
39.525	6.25	0.999999999800267	0.80000000349543	3.83252005435329e-09	48.642342068001	0.999999999840214
39.675	6.25	1.0000000085499	0.800000003229943	3.80514853165589e-09	48.5223420672293	1.00000000683992
39.825	6.25	1.00000002228111	0.800000001241689	3.77870439004405e-09	48.4023420653905	1.00000001782489
39.975	6.25	1.00000002906865	0.799999996967038	3.75319429504821e-09	48.2823420625788	1.00000002325492
40.125	6.25	1.00000000269436	0.79999999239066	3.72858682114393e-09	48.1623420607191	1.00000000215549
40.275	6.25	0.99999991505161	0.799999994189397	3.70488458354069e-09	48.0423420643442	0.999999932041288
40.425	6.25	0.999999777875208	0.800000012748449	3.68206453901104e-09	47.9223420787724	0.999999822300166
40.575	6.25	0.999999707649956	0.800000053173093	3.66012890474136e-09	47.8023421031676	0.999999766119964
40.725	6.25	0.999999957517783	0.800000096274732	3.63905511623039e-09	47.6823421189517	0.999999966014226
40.875	6.25	1.00000079734943	0.800000079368021	3.61884835772657e-09	47.5623420824418	1.00000063787955
41.025	6.25	1.00000212196187	0.799999906738851	3.59948305173003e-09	47.4423419420501	1.0000016975695
41.175	6.25	1.00000285290259	0.799999532496716	3.58095258639709e-09	47.3223417030035	1.00000228232207
41.325	6.25	1.00000065163103	0.799999130133452	3.56327098346889e-09	47.2023415345441	1.00000052130483
41.475	6.25	0.999993003858065	0.79999925757952	3.54641572509642e-09	47.0823418388504	0.999994403086452
41.625	6.25	0.999980706637717	0.800000758076253	3.53039810671593e-09	46.9623431005282	0.999984565310173
41.775	6.25	0.999973138463724	0.800004042593656	3.51517905432875e-09	46.8423453157566	0.999978510770979
41.925	6.25	0.99999082752022	0.800007659402214	3.50068493547167e-09	46.7223470451911	0.999992662016176
42.075	6.25	1.00005637953593	0.80000693791604	3.48686551310026e-09	46.6023447790689	1.00004510362874
42.225	6.25	1.00016528886174	0.799994825684523	3.47370359466401e-09	46.4823341388515	1.00013223108939
42.375	6.25	1.0002418495547	0.79996767565021	3.46140305793415e-09	46.3623145961073	1.00019347964376
42.525	6.25	1.0001163362878	0.799936551821629	3.45045049580622e-09	46.2422974029182	1.00009306903024
42.675	6.25	0.999594226907257	0.799937861914013	3.44134707991298e-09	46.122311295765	0.999675381525805
42.825	6.25	0.998683926300587	0.80002737360174	3.43408201024225e-09	46.0023939467264	0.998947141040469
42.975	6.25	0.997944673213348	0.800237007880141	3.42711695831554e-09	45.8825557784809	0.998355738570679
43.125	6.25	0.998684258960615	0.800490006414967	3.41690752248437e-09	45.7627175840162	0.998947407168492
43.275	6.25	1.00248296174285	0.800522975986847	3.3991205402686e-09	45.6426615535692	1.00198636939428
43.425	6.25	1.00955927623991	0.799934826311495	3.37334339478104e-09	45.5220836509185	1.00764742099193
43.575	6.25	1.01623380740313	0.798479882240482	3.34952894349533e-09	45.4008458741608	1.0129870459225
43.725	6.25	1.01328677103963	0.796573392357968	3.35194493127176e-09	45.2794287177767	1.01062941683171
43.875	6.25	0.988680897780923	0.795833251051739	3.41381035025085e-09	45.1593337232661	0.990944718224739
44.025	6.25	0.938367896618701	0.799351007640913	3.55446524557621e-09	45.0428406907614	0.95069431729496
44.175	6.25	0.884673133393635	0.810192428959498	3.71978957608444e-09	44.9313521851196	0.907738506714908
44.325	6.25	0.889127901538916	0.82444195304624	3.70335968244232e-09	44.8222078310768	0.911302321231133
44.475	6.25	1.03257195141345	0.826489829147167	3.28787910050634e-09	44.7059574254601	1.02605756113076
44.625	6.25	1.34924434210764	0.808622132976705	2.63571221109193e-09	44.5677999895585	1.27939547368611
44.775	6.25	1.76408811841279	0.709537047464185	2.0919103820512e-09	44.3955931764043	1.61127049473023
44.925	6.25	2.11154506653296	0.834636814067585	1.78359793003828e-09	44.2248231567094	1.88923605322637
0.075	6.75	3.4747344870204e-16	0.399999868787801	-3.82838179527235e-06	65.3895310589047	0.2
0.225	6.75	1.09796601526002e-15	0.799999607777982	-3.80356754214532e-06	65.3655310667775	0.200000000000001
0.375	6.75	2.54819270398227e-15	0.799999350977607	-3.75435557500008e-06	65.3415310824381	0.200000000000002
0.525	6.75	4.61627270805105e-15	0.799999101084648	-3.68156542424361e-06	65.3175311057188	0.200000000000004
0.675	6.75	7.14882795989959e-15	0.799998860636869	-3.58639227330944e-06	65.293531136373	0.200000000000006
0.825	6.75	9.9358993523129e-15	0.799998631957243	-3.47036985393678e-06	65.2695311740806	0.200000000000008
0.975	6.75	1.27379886265392e-14	0.799998417112529	-3.33532144921174e-06	65.2455312184555	0.20000000000001
1.125	6.75	1.52997267700064e-14	0.799998217870124	-3.18330683338221e-06	65.2215312690539	0.200000000000012
1.275	6.75	1.73403556393592e-14	0.799998035680318	-3.01656229116239e-06	65.1975313253833	0.200000000000014
1.425	6.75	1.85241333875921e-14	0.799997871658279	-2.83744074502236e-06	65.173531386913	0.200000000000015
1.575	6.75	1.8421497039545e-14	0.79999772658172	-2.6483522265245e-06	65.1495314530838	0.200000000000015
1.725	6.75	1.64738330556976e-14	0.799997600899657	-2.45170820373652e-06	65.1255315233181	0.200000000000013
1.875	6.75	1.1972644276964e-14	0.799997494746496	-2.24986892738515e-06	65.1015315970298	0.20000000000001
2.025	6.75	4.06033516778103e-15	0.799997407963554	-2.04510000507741e-06	65.0775316736333	0.200000000000003
2.175	6.75	-8.24313492704745e-15	0.799997340131056	-1.83953397453169e-06	65.053531752552	0.199999999999993
2.325	6.75	-2.59848231191539e-14	0.799997290598339	-1.6351399028123e-06	65.0295318332255	0.199999999999979
2.475	6.75	-5.01915232876831e-14	0.799997258518936	-1.43370251563699e-06	65.0055319151161	0.19999999999996
2.625	6.75	-8.17465838072395e-14	0.799997242887655	-1.23680566998967e-06	64.9815319977144	0.199999999999935
2.775	6.75	-1.21225942089592e-13	0.799997242573642	-1.04582524324797e-06	64.9575320805429	0.199999999999903
2.925	6.75	-1.68688523227861e-13	0.79999725635818	-8.61927542662582e-07	64.93353216316	0.199999999999865
3.075	6.75	-2.23417587645913e-13	0.799997282961181	-6.86072099876865e-07	64.9095322451614	0.199999999999821
3.225	6.75	-2.83612674226045e-13	0.799997321077413	-5.1901996910811e-07	64.8855323261823	0.199999999999773
3.375	6.75	-3.46036686885126e-13	0.799997369394894	-3.61344782974477e-07	64.8615324058969	0.199999999999723
3.525	6.75	-4.05629437054127e-13	0.799997426620259	-2.13446661848569e-07	64.8375324840187	0.199999999999676
3.675	6.75	-4.55107744748203e-13	0.79999749149899	-7.55679352673783e-08	64.8135325602997	0.199999999999636
3.825	6.75	-4.84582966492514e-13	0.799997562827646	5.21902068423166e-08	64.7895326345288	0.199999999999612
3.975	6.75	-4.81239608016011e-13	0.799997639467126	1.69851119693045e-07	64.7655327065302	0.199999999999615
4.125	6.75	-4.29133167256756e-13	0.799997720350352	2.7754487164314e-07	64.7415327761609	0.199999999999657
4.275	6.75	-3.09181197394822e-13	0.799997804491128	3.75491985184052e-07	64.7175328433092	0.199999999999753
4.425	6.75	-9.94378712872187e-14	0.799997890983139	4.63988649711964e-07	64.6935329078915	0.19999999999992
4.575	6.75	2.24241965288052e-13	0.799997979005403	5.43390557849156e-07	64.6695329698502	0.200000000000179
4.725	6.75	6.87029917409915e-13	0.799998067820082	6.14100995081326e-07	64.6455330291511	0.20000000000055
4.875	6.75	1.31331398652545e-12	0.799998156770276	6.76557850340408e-07	64.6215330857809	0.200000000001051
5.025	6.75	2.12412110923001e-12	0.799998245279633	7.31223000659963e-07	64.5975331397447	0.200000000001699
5.175	6.75	3.13365032997963e-12	0.799998332845623	7.78573703667959e-07	64.5735331910637	0.200000000002507
5.325	6.75	4.34481689942471e-12	0.799998419036894	8.19092822792602e-07	64.5495332397733	0.200000000003476
5.475	6.75	5.74374763958549e-12	0.799998503487017	8.53263612633922e-07	64.5255332859207	0.200000000004595
5.625	6.75	7.29323019170537e-12	0.799998585892408	8.81562892254916e-07	64.501533329563	0.200000000005835
5.775	6.75	8.92520719034841e-12	0.799998666002844	9.04456885889374e-07	64.4775333707657	0.20000000000714
5.925	6.75	1.05325249621599e-11	0.799998743618688	9.22397341547637e-07	64.4535334096011	0.200000000008426
6.075	6.75	1.19602976521105e-11	0.799998818586855	9.35818206985951e-07	64.4295334461466	0.200000000009568
6.225	6.75	1.29974334366512e-11	0.799998890793037	9.45134307002907e-07	64.4055334804836	0.200000000010398
6.375	6.75	1.33690887685034e-11	0.799998960159984	9.5073830351403e-07	64.3815335126965	0.200000000010695
6.525	6.75	1.27310662103016e-11	0.799999026640878	9.53001879746714e-07	64.3575335428714	0.200000000010185
6.675	6.75	1.06674438978628e-11	0.799999090215294	9.52272838398344e-07	64.3335335710956	0.200000000008534
6.825	6.75	6.69300869844688e-12	0.799999150887013	9.48877267314676e-07	64.3095335974565	0.200000000005354
6.975	6.75	2.62343375118387e-13	0.799999208680816	9.43117144746757e-07	64.2855336220411	0.20000000000021
7.125	6.75	-9.21233212797276e-12	0.799999263636457	9.3527338700766e-07	64.2615336449356	0.19999999999263
7.275	6.75	-2.233227381279e-11	0.799999315808087	9.25604861386021e-07	64.2375336662247	0.199999999982134
7.425	6.75	-3.96698928803647e-11	0.7999993652624	9.14349492627192e-07	64.2135336859914	0.199999999968264
7.575	6.75	-6.1710654193555e-11	0.79999941207366	9.01725659120497e-07	64.1895337043165	0.199999999950631
7.725	6.75	-8.87770754496001e-11	0.799999456324535	8.87932492126965e-07	64.1655337212788	0.199999999928978
7.875	6.75	-1.20933178607879e-10	0.799999498102484	8.73151090423831e-07	64.1415337369541	0.199999999903253
8.025	6.75	-1.57868513094115e-10	0.799999537499329	8.57546265264821e-07	64.1175337514159	0.199999999873705
8.175	6.75	-1.9876199329106e-10	0.799999574609279	8.41266888999837e-07	64.0935337647345	0.19999999984099
8.325	6.75	-2.42127322614856e-10	0.79999960952808	8.24446971892142e-07	64.0695337769775	0.199999999806298
8.475	6.75	-2.85643756798892e-10	0.799999642351816	8.07207154183225e-07	64.0455337882093	0.199999999771485
8.625	6.75	-3.25978417247828e-10	0.799999673176724	7.89655459354401e-07	64.0215337984912	0.199999999739217
8.775	6.75	-3.58609307939856e-10	0.799999702097402	7.71888340999893e-07	63.9975338078813	0.199999999713113
8.925	6.75	-3.77661591735343e-10	0.7999997292075	7.53991404983889e-07	63.9735338164342	0.199999999697871
9.075	6.75	-3.75773482633002e-10	0.799999754598355	7.36040616504001e-07	63.9495338242013	0.199999999699381
9.225	6.75	-3.44012200338155e-10	0.799999778358685	7.18103065473678e-07	63.9255338312305	0.19999999972479
9.375	6.75	-2.71864650093253e-10	0.799999800574776	7.00237429808493e-07	63.9015338375659	0.199999999782508
9.525	6.75	-1.47331608969913e-10	0.799999821329894	6.82495227810514e-07	63.8775338432482	0.199999999882135
9.675	6.75	4.28420708697734e-11	0.799999840703933	6.64921188774883e-07	63.8535338483143	0.200000000034274
9.825	6.75	3.12765752368162e-10	0.799999858773935	6.47553732854445e-07	63.8295338527977	0.200000000250213
9.975	6.75	6.7679250752375e-10	0.799999875612951	6.30426265760323e-07	63.8055338567279	0.200000000541434
10.125	6.75	1.14866239759782e-09	0.799999891290678	6.13566582176224e-07	63.781533860131	0.20000000091893
10.275	6.75	1.74036421147863e-09	0.79999990587414	5.96998689933876e-07	63.7575338630299	0.200000001392291
10.425	6.75	2.46068522290423e-09	0.799999919425864	5.80741962695694e-07	63.7335338654444	0.200000001968548
10.575	6.75	3.31342680848278e-09	0.799999932005595	5.64812770016309e-07	63.7095338673919	0.200000002650741
10.725	6.75	4.29527601787923e-09	0.799999943669086	5.49223935683976e-07	63.6855338688879	0.200000003436221
10.875	6.75	5.39333992222191e-09	0.799999954470102	5.33985551417139e-07	63.661533869947	0.200000004314672
11.025	6.75	6.58237120305691e-09	0.799999964457718	5.19105031527083e-07	63.6375338705842	0.200000005265897
11.175	6.75	7.82174024294025e-09	0.799999973679105	5.04587961627545e-07	63.6135338708157	0.200000006257392
11.325	6.75	9.05224099377038e-09	0.799999982178434	4.90437615401368e-07	63.5895338706616	0.200000007241793
11.475	6.75	1.01928549155262e-08	0.799999989997392	4.76655678490637e-07	63.565533870147	0.200000008154284
11.625	6.75	1.11376387616476e-08	0.799999997174875	4.63242231049993e-07	63.5415338693048	0.200000008910111
11.775	6.75	1.17529470286912e-08	0.800000003749109	4.50196012314588e-07	63.5175338681781	0.200000009402358
11.925	6.75	1.1875247169122e-08	0.800000009755786	4.37514863399584e-07	63.4935338668232	0.200000009500198
12.075	6.75	1.13098334328072e-08	0.800000015229448	4.2519533463906e-07	63.4695338653127	0.200000009047867
12.225	6.75	9.83079127113547e-09	0.800000020204174	4.13233253887027e-07	63.445533863738	0.200000007864633
12.375	6.75	7.18260602252974e-09	0.800000024713833	4.01623784949239e-07	63.4215338622129	0.200000005746085
12.525	6.75	3.08384419192596e-09	0.80000002879226	3.90361372228742e-07	63.3975338608761	0.200000002467075
12.675	6.75	-2.76664007140842e-09	0.800000032473977	3.79440256028979e-07	63.3735338598933	0.199999997786688
12.825	6.75	-1.06805098296133e-08	0.800000035794443	3.68853659191728e-07	63.3495338594589	0.199999991455592
12.975	6.75	-2.096730353049e-08	0.800000038791054	3.58595105174519e-07	63.3255338597963	0.199999983226157
13.125	6.75	-3.39179125650583e-08	0.800000041502751	3.48657452551628e-07	63.3015338611571	0.19999997286567
13.275	6.75	-4.97837882728278e-08	0.80000004397072	3.39033423928211e-07	63.2775338638183	0.199999960172969
13.425	6.75	-6.87515521036893e-08	0.800000046239226	3.29715789243009e-07	63.2535338680774	0.199999944998758
13.575	6.75	-9.09127633967649e-08	0.800000048354907	3.2069697054348e-07	63.2295338742443	0.199999927269789
13.725	6.75	-1.1622869144913e-07	0.800000050367016	3.11969464894655e-07	63.2055338826313	0.199999907017047
13.875	6.75	-1.44490032401129e-07	0.800000052328494	3.03525657337357e-07	63.1815338935382	0.199999884407974
14.025	6.75	-1.75271591680914e-07	0.800000054294087	2.9535804264217e-07	63.1575339072337	0.199999859782727
14.175	6.75	-2.07881996947442e-07	0.800000056322857	2.87459220157641e-07	63.1335339239327	0.199999833694402
14.325	6.75	-2.41308483159758e-07	0.800000058476003	2.79821638789686e-07	63.1095339437677	0.199999806953213
14.475	6.75	-2.74156657364025e-07	0.800000060818402	2.72437920102954e-07	63.0855339667553	0.199999780674674
14.625	6.75	-3.04584847800864e-07	0.800000063419726	2.65300877850648e-07	63.0615339927567	0.199999756332122
14.775	6.75	-3.30232092356917e-07	0.800000066354249	2.5840340262039e-07	63.0375340214305	0.199999735814326
14.925	6.75	-3.48137922503188e-07	0.800000069706545	2.51738369842114e-07	63.0135340521799	0.199999721489662
15.075	6.75	-3.54650715222927e-07	0.800000073572026	2.452989395315e-07	62.9895340840906	0.199999716279428
15.225	6.75	-3.45319338813256e-07	0.800000078066577	2.39078460439892e-07	62.9655341158586	0.199999723744529
15.375	6.75	-3.14759874351024e-07	0.80000008333477	2.3307039923837e-07	62.9415341457079	0.199999748192101
15.525	6.75	-2.56485044395804e-07	0.800000089565279	2.27268193102146e-07	62.9175341712924	0.199999794811964
15.675	6.75	-1.62678216917188e-07	0.800000097011491	2.21665842196344e-07	62.8935341895791	0.199999869857426
15.825	6.75	-2.38859361038943e-08	0.800000106020506	2.16257070442705e-07	62.8695341967059	0.199999980891251
15.975	6.75	1.7140785597308e-07	0.800000117075056	2.11036104380651e-07	62.845534187804	0.200000137126285
16.125	6.75	4.37377365026897e-07	0.800000130850718	2.05997141890573e-07	62.8215341567711	0.200000349901892
16.275	6.75	7.9169146803789e-07	0.800000148293001	2.0113467787674e-07	62.7975340959765	0.200000633353174
16.425	6.75	1.25668904850086e-06	0.800000170724894	1.96443362119368e-07	62.7735339958687	0.200001005351239
16.575	6.75	1.86102679656678e-06	0.800000199993501	1.91917955605549e-07	62.7495338444486	0.200001488821437
16.725	6.75	2.64198122064484e-06	0.800000238664448	1.87553148905397e-07	62.7255336265519	0.200002113584977
16.875	6.75	3.64865105063267e-06	0.800000290289973	1.83344418253961e-07	62.7015333228682	0.200002918920841
17.025	6.75	4.94639241378351e-06	0.800000359765976	1.79286947050731e-07	62.6775329085932	0.200003957113931
17.175	6.75	6.62293456107514e-06	0.80000045381499	1.75375947156099e-07	62.6535323515745	0.200005298347649
17.325	6.75	8.79677897126361e-06	0.800000581634639	1.71607209977775e-07	62.6295316097602	0.200007037423177
17.475	6.75	1.16286942212022e-05	0.800000755775118	1.67976296636932e-07	62.6055306276936	0.200009302955377
17.625	6.75	1.5337403698731e-05	0.800000993326917	1.64479045698037e-07	62.5815293317023	0.200012269922959
17.775	6.75	2.02209500192238e-05	0.800001317521396	1.61111351214152e-07	62.5575276233088	0.200016176760015
17.925	6.75	2.66857415005276e-05	0.800001759887096	1.57869279236934e-07	62.5335253702222	0.2000213485932
18.075	6.75	3.5285979349241e-05	0.800002363130923	1.54749001697533e-07	62.509522394042	0.200028228783479
18.225	6.75	4.67770732816946e-05	0.800003184965447	1.51746527197045e-07	62.4855184535063	0.200037421658625
18.375	6.75	6.21878424085755e-05	0.800004303194071	1.48858065423557e-07	62.4615132217102	0.200049750273927
18.525	6.75	8.29178836583185e-05	0.800005822541294	1.46079742949748e-07	62.4375062551847	0.200066334306927
18.675	6.75	0.000110868687367335	0.80000788398138	1.43407527098059e-07	62.4134969520082	0.200088694949894
18.825	6.75	0.000148620240005364	0.800010677676202	1.40837271352475e-07	62.389484495148	0.200118896192004
18.975	6.75	0.000199669434290332	0.800014460946512	1.38364463205848e-07	62.3654677758807	0.200159735547432
19.125	6.75	0.000268753015625165	0.800019582722155	1.35984232527718e-07	62.3414452902669	0.2002150024125
19.275	6.75	0.000362286119520969	0.800026515505565	1.33691046350915e-07	62.3174149990752	0.200289828895617
19.425	6.75	0.000488957253978722	0.800035895178175	1.31478492709273e-07	62.2933741380961	0.200391165803183
19.575	6.75	0.000660531121449353	0.800048568891516	1.29339026791892e-07	62.2693189613595	0.200528424897159
19.725	6.75	0.000892922118741136	0.800065653581923	1.27263581236035e-07	62.2452443942878	0.200714337694993
19.875	6.75	0.00120761700637391	0.800088614067368	1.2524048007462e-07	62.2211435670281	0.200966093605099
20.025	6.75	0.00163355396234433	0.800119380117841	1.23255554986953e-07	62.1970071892957	0.201306843169875
20.175	6.75	0.00220962158678156	0.800160531318196	1.2129084425309e-07	62.172822715057	0.201767697269425
20.325	6.75	0.00298804009770601	0.800215575300411	1.19323351613108e-07	62.1485732249407	0.202390432078165
20.475	6.75	0.00403902930691271	0.800289312679908	1.17323863469772e-07	62.1242359222447	0.20323122344553
20.625	6.75	0.00545732327236456	0.800388208671466	1.15255050339362e-07	62.0997800921028	0.204365858617892
20.775	6.75	0.00737118346082186	0.800520583219919	1.13069386291495e-07	62.0751643151969	0.205896946768657
20.925	6.75	0.00995447677337599	0.800696325251173	1.10706491810488e-07	62.0503326689296	0.207963581418701
21.075	6.75	0.0134420111413104	0.800925796152958	1.08092316563376e-07	62.0252096125685	0.210753608913048
21.225	6.75	0.0181476164770884	0.801217675764651	1.05138564736176e-07	61.9996932683264	0.214518093181671
21.375	6.75	0.0244834920794473	0.80157574056321	1.0174787454582e-07	61.9736469061599	0.219586793663558
21.525	6.75	0.0329782610914556	0.801994902619844	9.78232895301289e-08	61.9468886343018	0.226382608873164
21.675	6.75	0.0442900698244889	0.802457203705946	9.32865766626597e-08	61.9191795966525	0.235432055859591
21.825	6.75	0.0592098288747001	0.802928814573388	8.81005939997351e-08	61.8902113895394	0.24736786309976
21.975	6.75	0.078648012821967	0.803359426800342	8.22930941500653e-08	61.8595939611278	0.262918410257574
22.125	6.75	0.103596185921828	0.803685608934915	7.59721394658546e-08	61.8268459945315	0.282876948737462
22.275	6.75	0.135052297203639	0.803839353189772	6.93244602572853e-08	61.7913907212879	0.308041837762911
22.425	6.75	0.173898986904165	0.803761768492011	6.25929308721367e-08	61.7525611490447	0.339119189523332
22.575	6.75	0.22073057711558	0.803419719357982	5.60374898385391e-08	61.7096194094377	0.376584461692464
22.725	6.75	0.275641517869023	0.802820815545947	4.98921754462434e-08	61.6617945342864	0.420513214295218
22.875	6.75	0.338017846441589	0.802020603057794	4.43316437836953e-08	61.6083403809432	0.470414277153271
23.025	6.75	0.406404712832305	0.801116475328907	3.94556973668452e-08	61.5486099516116	0.525123770265844
23.175	6.75	0.478534561415862	0.800226952869433	3.52919095348352e-08	61.4821347897591	0.58282764913269
23.325	6.75	0.5515660760267	0.799461994879681	3.18104327008705e-08	61.4086916334975	0.64125286082136
23.475	6.75	0.622501297786984	0.798895953112167	2.8944008219294e-08	61.3283376023588	0.698001038229587
23.625	6.75	0.688659248647395	0.79855443287036	2.66069062420385e-08	61.2414025720846	0.750927398917916
23.775	6.75	0.748051802104723	0.798418766107802	2.47093588536281e-08	61.1484406814078	0.798441441683778
23.925	6.75	0.799557774287327	0.798442590857892	2.31671184721518e-08	61.050155382881	0.839646219429861
24.075	6.75	0.842886464738307	0.798570871312949	2.19064385219983e-08	60.9473178905541	0.874309171790645
24.225	6.75	0.878398151491515	0.798753982645765	2.08656464513403e-08	60.8406960317469	0.902718521193212
24.375	6.75	0.906872096851569	0.798954513159371	1.99949832587743e-08	60.7310028863508	0.925497677481255
24.525	6.75	0.929292195381889	0.799148216308891	1.92551480097284e-08	60.6188668678442	0.943433756305512
24.675	6.75	0.946685091958655	0.79932179240356	1.86156766598327e-08	60.5048198652836	0.957348073566924
24.825	6.75	0.960016773040138	0.799469711598047	1.80532896837579e-08	60.3892981144089	0.96801341843211
24.975	6.75	0.970138071880295	0.799591312041832	1.75502249471674e-08	60.2726506427465	0.976110457504236
25.125	6.75	0.977764768344432	0.799688615903977	1.70931863662967e-08	60.1551512819848	0.982211814675545
25.275	6.75	0.983479106628509	0.799764870562207	1.66721903790244e-08	60.0370115607658	0.986783285302807
25.425	6.75	0.987742790635797	0.799823659049919	1.6279735696412e-08	59.9183929000519	0.990194232508638
25.575	6.75	0.990914817519864	0.799868404746008	1.59103460648442e-08	59.7994173285012	0.992731854015891
25.725	6.75	0.993270126535978	0.79990212942342	1.55598577582656e-08	59.6801764467282	0.994616101228782
25.875	6.75	0.995016874617982	0.799927365590548	1.52252531259262e-08	59.5607386673017	0.996013499694386
26.025	6.75	0.996311339824829	0.799946157628203	1.49042218542557e-08	59.4411549102573	0.997049071859863
26.175	6.75	0.997270176023539	0.79996010954011	1.45950862261386e-08	59.3214629951014	0.997816140818831
26.325	6.75	0.9979801458693	0.799970452636396	1.4296523303364e-08	59.2016909774642	0.99838411669544
26.475	6.75	0.998505654651852	0.799978116873793	1.40075164835676e-08	59.08185965698	0.998804523721481
26.625	6.75	0.998894473317571	0.799983796704102	1.37273107493701e-08	58.9619844488606	0.999115578654057
26.775	6.75	0.999182029778903	0.799988007139298	1.345529384781e-08	58.8420767747926	0.999345623823123
26.925	6.75	0.999394600848622	0.799991128886535	1.31909758976706e-08	58.7221450946469	0.999515680678898
27.075	6.75	0.999551676915453	0.799993443244286	1.29338971539731e-08	58.6021956714748	0.999641341532362
27.225	6.75	0.999667711976149	0.799995158324251	1.26837694749617e-08	58.4822331390004	0.99973416958092
27.375	6.75	0.999753419900438	0.799996428398414	1.24402566796389e-08	58.362260922892	0.999802735920351
27.525	6.75	0.999816736201274	0.799997368044218	1.2203121217386e-08	58.2422815536486	0.999853388961019
27.675	6.75	0.999863532812159	0.799998062468062	1.19721059198786e-08	58.1222968990123	0.999890826249727
27.825	6.75	0.999898149897032	0.7999985750658	1.17470424830838e-08	58.0023083365448	0.999918519917625
27.975	6.75	0.999923791675876	0.799998952994688	1.15276997421474e-08	57.8823168816775	0.999939033340701
28.125	6.75	0.999942820939231	0.799999231305423	1.13138843708837e-08	57.7623232826254	0.999954256751385
28.275	6.75	0.999956977995706	0.799999436021697	1.1105473016388e-08	57.6423280906549	0.999965582396565
28.425	6.75	0.999967543254934	0.799999586441627	1.09022661299477e-08	57.5223317120379	0.999974034603947
28.575	6.75	0.999975457805362	0.799999696858662	1.07041361529137e-08	57.4023344464143	0.99998036624429
28.725	6.75	0.99998141272845	0.79999977784684	1.05109326842372e-08	57.2823365150799	0.99998513018276
28.875	6.75	0.999985915176528	0.799999837219728	1.03225391713252e-08	57.1623380818154	0.999988732141223
29.025	6.75	0.999989337201376	0.799999880743623	1.01387796388384e-08	57.0423392681995	0.999991469761101
29.175	6.75	0.999991951790639	0.799999912667904	9.95954809834299e-09	56.9223401648493	0.999993561432511
29.325	6.75	0.999993959424804	0.79999993611861	9.78472634822289e-09	56.8023408396552	0.999995167539843
29.475	6.75	0.999995507614316	0.799999953390649	9.61419407732312e-09	56.682341343804	0.999996406091453
29.625	6.75	0.999996705242091	0.799999966164411	9.44783014317093e-09	56.562341716176	0.999997364193673
29.775	6.75	0.999997633065804	0.799999975666605	9.2855170924822e-09	56.4423419865482	0.999998106452644
29.925	6.75	0.999998351385247	0.799999982789903	9.12716861952751e-09	56.3223421779273	0.999998681108198
30.075	6.75	0.999998905620636	0.799999988181056	8.97265456504824e-09	56.2023423082452	0.999999124496509
30.225	6.75	0.999999330355697	0.799999992306937	8.82190712937779e-09	56.0823423915938	0.999999464284558
30.375	6.75	0.999999652255975	0.799999995503317	8.67480935122602e-09	55.9623424391248	0.99999972180478
30.525	6.75	0.9999998921666	0.799999998010395	8.53125599164097e-09	55.8423424597097	0.99999991373328
30.675	6.75	1.00000006661443	0.799999999999709	8.39115962867121e-09	55.7223424604257	1.00000005329155
30.825	6.75	1.00000018888044	0.800000001593696	8.25446011065574e-09	55.6023424469198	1.00000015110436
30.975	6.75	1.00000026976429	0.800000002879618	8.12104717410226e-09	55.4823424236826	1.00000021581144
31.125	6.75	1.00000031813024	0.800000003920067	7.99082867622451e-09	55.3623423942611	1.0000002545042
31.275	6.75	1.00000034129914	0.800000004760753	7.86375580718436e-09	55.2423423614255	1.00000027303932
31.425	6.75	1.00000034533337	0.800000005435308	7.73971215217327e-09	55.1223423273035	1.00000027626669
31.575	6.75	1.00000033524796	0.800000005969601	7.61866068767987e-09	55.0023422934909	1.00000026819837
31.725	6.75	1.00000031517155	0.800000006383817	7.50048285326749e-09	54.882342261145	1.00000025213724
31.875	6.75	1.00000028847336	0.80000000669464	7.38513199245232e-09	54.7623422310628	1.00000023077869
32.025	6.75	1.00000025786736	0.800000006916197	7.27255810477839e-09	54.6423422037497	1.00000020629389
32.175	6.75	1.00000022550095	0.800000007060898	7.16267629671747e-09	54.5223421794774	1.00000018040076
32.325	6.75	1.00000019303281	0.800000007140051	7.05541849642184e-09	54.4023421583352	1.00000015442625
32.475	6.75	1.00000016170283	0.80000000716365	6.95071612139925e-09	54.2823421402731	1.00000012936226
32.625	6.75	1.00000013239565	0.800000007141032	6.8485181858605e-09	54.1623421251391	1.00000010591652
32.775	6.75	1.00000010569876	0.800000007080595	6.74875707978586e-09	54.0423421127108	1.00000008455901
32.925	6.75	1.00000008195547	0.800000006990042	6.65138396942045e-09	53.9223421027208	1.00000006556438
33.075	6.75	1.00000006131279	0.800000006876236	6.55635635684501e-09	53.8023420948783	1.00000004905023
33.225	6.75	1.00000004376433	0.800000006745095	6.46357259084192e-09	53.6823420888859	1.00000003501146
33.375	6.75	1.00000002918822	0.800000006602001	6.37304336152466e-09	53.562342084452	1.00000002335057
33.525	6.75	1.00000001737987	0.800000006451275	6.28466575095456e-09	53.4423420813011	1.0000000139039
33.675	6.75	1.00000000808	0.800000006296678	6.19842421404955e-09	53.3223420791797	1.000000006464
33.825	6.75	1.0000000009979	0.800000006141212	6.11424482286913e-09	53.2023420778607	1.00000000079832
33.975	6.75	0.999999995830285	0.80000000598723	6.03208606440206e-09	53.0823420771457	0.999999996664228
34.125	6.75	0.999999992276142	0.8000000058365	5.95192883688774e-09	52.9623420768651	0.999999993820913
34.275	6.75	0.999999990047875	0.800000005690183	5.87371848673928e-09	52.8423420768777	0.9999999920383
34.425	6.75	0.999999988879255	0.800000005549263	5.79737469938874e-09	52.7223420770689	0.999999991103404
34.575	6.75	0.999999988530621	0.80000000541402	5.7229076220805e-09	52.6023420773481	0.999999990824497
34.725	6.75	0.999999988791731	0.800000005284688	5.65024415205567e-09	52.4823420776468	0.999999991033385
34.875	6.75	0.999999989482792	0.800000005161091	5.5793625736901e-09	52.3623420779147	0.999999991586234
35.025	6.75	0.999999990453998	0.800000005043058	5.51021773586644e-09	52.2423420781177	0.999999992363198
35.175	6.75	0.999999991583946	0.800000004930125	5.44278172699992e-09	52.1223420782346	0.999999993267157
35.325	6.75	0.999999992777328	0.800000004821833	5.37700494574549e-09	52.0023420782545	0.999999994221862
35.475	6.75	0.999999993962084	0.800000004717699	5.31286335085039e-09	51.8823420781748	0.999999995169667
35.625	6.75	0.999999995086361	0.800000004617195	5.25032069638323e-09	51.7623420779985	0.999999996069088
35.775	6.75	0.999999996115359	0.800000004519746	5.18934706756043e-09	51.642342077733	0.999999996892287
35.925	6.75	0.999999997028285	0.800000004425015	5.1299043881856e-09	51.5223420773884	0.999999997622628
36.075	6.75	0.999999997815458	0.800000004332405	5.0719711024466e-09	51.4023420769761	0.999999998252366
36.225	6.75	0.999999998475748	0.800000004241638	5.01549411435897e-09	51.2823420765081	0.999999998780598
36.375	6.75	0.999999999014281	0.800000004152365	4.96049590434817e-09	51.1623420759962	0.999999999211425
36.525	6.75	0.999999999440453	0.800000004064292	4.90688077674458e-09	51.0423420754516	0.999999999552363
36.675	6.75	0.999999999766329	0.800000003977213	4.85468244157147e-09	50.9223420748844	0.999999999813063
36.825	6.75	1.00000000000535	0.800000003890899	4.8038420563798e-09	50.8023420743033	1.00000000000428
36.975	6.75	1.00000000017136	0.800000003805322	4.75434253203578e-09	50.682342073716	1.00000000013709
37.125	6.75	1.00000000027792	0.800000003720266	4.70616615535689e-09	50.5623420731288	1.00000000022234
37.275	6.75	1.0000000003377	0.800000003635665	4.65926338289829e-09	50.4423420725466	1.00000000027016
37.425	6.75	1.00000000036184	0.800000003551406	4.61365342503399e-09	50.3223420719732	1.00000000028947
37.575	6.75	1.00000000035914	0.800000003467349	4.5692712262925e-09	50.2023420714117	1.00000000028731
37.725	6.75	1.00000000033567	0.800000003383612	4.5261211215039e-09	50.0823420708641	1.00000000026853
37.875	6.75	1.00000000029553	0.800000003300745	4.48416858220859e-09	49.9623420703321	1.00000000023642
38.025	6.75	1.00000000024453	0.800000003219846	4.44339927093106e-09	49.8423420698171	1.00000000019562
38.175	6.75	1.00000000019657	0.800000003141525	4.40379405445375e-09	49.7223420693192	1.00000000015726
38.325	6.75	1.00000000017806	0.800000003064219	4.36535445293911e-09	49.6023420688369	1.00000000014245
38.475	6.75	1.00000000021821	0.800000002981716	4.32802254696973e-09	49.4823420683657	1.00000000017457
38.625	6.75	1.00000000031039	0.800000002883474	4.29179011180719e-09	49.3623420679004	1.00000000024831
38.775	6.75	1.00000000034602	0.800000002762969	4.25666912079081e-09	49.2423420674411	1.00000000027681
38.925	6.75	1.00000000007387	0.800000002638048	4.22261767073125e-09	49.1223420670051	1.0000000000591
39.075	6.75	0.999999999212021	0.800000002574924	4.18962101391506e-09	49.0023420666355	0.999999999369617
39.225	6.75	0.999999997861579	0.8000000026824	4.15765230075344e-09	48.8823420663839	0.999999998289263
39.375	6.75	0.999999997187152	0.800000003021919	4.12674825616961e-09	48.7623420662413	0.999999997749721
39.525	6.75	0.999999999800257	0.800000003399867	4.09684507762876e-09	48.6423420660174	0.999999999840206
39.675	6.75	1.0000000085499	0.800000003137628	4.06793428251651e-09	48.5223420652597	1.00000000683992
39.825	6.75	1.0000000222811	0.800000001152554	4.04001490039339e-09	48.4023420634345	1.00000001782488
39.975	6.75	1.00000002906865	0.799999996881063	4.0130650452057e-09	48.2823420606359	1.00000002325492
40.125	6.75	1.00000000269436	0.799999992307783	3.98706841702979e-09	48.162342058789	1.00000000215549
40.275	6.75	0.999999915051604	0.79999999410954	3.9620411453959e-09	48.0423420624262	0.999999932041283
40.425	6.75	0.999999777875207	0.80000001267167	3.93794761989759e-09	47.9223420768662	0.999999822300165
40.575	6.75	0.999999707649958	0.800000053099342	3.91477158893472e-09	47.8023421012727	0.999999766119966
40.725	6.75	0.999999957517784	0.800000096203872	3.89251396569814e-09	47.6823421170676	0.999999966014228
40.875	6.75	1.00000079734943	0.800000079300142	3.87116390484626e-09	47.5623420805681	1.00000063787954
41.025	6.75	1.00000212196185	0.799999906673835	3.85070815113793e-09	47.4423419401864	1.00000169756948
41.175	6.75	1.00000285290257	0.799999532434573	3.83113355312253e-09	47.3223417011493	1.00000228232206
41.325	6.75	1.00000065163103	0.799999130074156	3.81244759427933e-09	47.202341532699	1.00000052130482
41.475	6.75	0.999993003858063	0.79999925752307	3.79465745280937e-09	47.082341837014	0.99999440308645
41.625	6.75	0.999980706637707	0.800000758022552	3.77772970927004e-09	46.9623430987001	0.999984565310165
41.775	6.75	0.999973138463722	0.800004042542719	3.76165278652283e-09	46.8423453139363	0.999978510770978
41.925	6.75	0.999990827520222	0.800007659354024	3.74635306524376e-09	46.7223470433783	0.999992662016177
42.075	6.75	1.00005637953593	0.800006937870551	3.73172941595514e-09	46.602344777263	1.00004510362874
42.225	6.75	1.00016528886172	0.799994825641726	3.71780920204271e-09	46.4823341370523	1.00013223108938
42.375	6.75	1.00024184955467	0.799967675610101	3.70483300067195e-09	46.3623145943143	1.00019347964374
42.525	6.75	1.00011633628774	0.799936551784198	3.69325579395359e-09	46.242297401131	1.00009306903019
42.675	6.75	0.999594226907171	0.799937861879235	3.68365886872109e-09	46.1223112939833	0.999675381525737
42.825	6.75	0.998683926300572	0.800027373569544	3.67602253805423e-09	46.0023939449497	0.998947141040457
42.975	6.75	0.99794467321348	0.800237007850588	3.6687157484577e-09	45.8825557767088	0.998355738570784
43.125	6.75	0.9986842589609	0.800490006387998	3.65789503720741e-09	45.7627175822483	0.99894740716872
43.275	6.75	1.00248296174313	0.80052297596238	3.63896292181162e-09	45.6426615518051	1.00198636939451
43.425	6.75	1.00955927623991	0.799934826289647	3.61145007889786e-09	45.5220836491579	1.00764742099193
43.575	6.75	1.01623380740259	0.798479882221269	3.58607372492065e-09	45.4008458724033	1.01298704592207
43.725	6.75	1.01328677103868	0.796573392341354	3.5887437406237e-09	45.279428716022	1.01062941683095
43.875	6.75	0.988680897780216	0.795833251037721	3.65504828250031e-09	45.1593337215138	0.990944718224173
44.025	6.75	0.938367896619093	0.799351007629305	3.80570511051116e-09	45.0428406890111	0.950694317295275
44.175	6.75	0.884673133395252	0.810192428950204	3.98279317888413e-09	44.9313521833706	0.907738506716202
44.325	6.75	0.889127901540196	0.824441953039572	3.96523415613151e-09	44.8222078293287	0.911302321232157
44.475	6.75	1.03257195141169	0.826489829143671	3.52038424656905e-09	44.7059574237127	1.02605756112936
44.625	6.75	1.34924434210144	0.808622132975935	2.82211782334479e-09	44.5677999878118	1.27939547368115
44.775	6.75	1.76408811840372	0.70953704746474	2.23986642419396e-09	44.3955931746583	1.61127049472298
44.925	6.75	2.11154506652334	0.834636814069685	1.90975401913967e-09	44.2248231549639	1.88923605321867
0.075	7.25	3.47473489630299e-16	0.399999902287199	-3.06529850849546e-06	65.3895313980055	0.2
0.225	7.25	1.09796574991789e-15	0.799999707766101	-3.04821513411042e-06	65.3655314038683	0.200000000000001
0.375	7.25	2.54819184328824e-15	0.799999515942148	-3.01429344074574e-06	65.3415314155395	0.200000000000002
0.525	7.25	4.61627094235071e-15	0.799999328551661	-2.96401674334162e-06	65.3175314329118	0.200000000000004
0.675	7.25	7.14882519609332e-15	0.79999914724552	-2.89809336883001e-06	65.2935314558264	0.200000000000006
0.825	7.25	9.93589553286972e-15	0.799998973555244	-2.81743681689899e-06	65.269531484077	0.200000000000008
0.975	7.25	1.27379841045095e-14	0.799998808866505	-2.72314242149537e-06	65.2455315174131	0.20000000000001
1.125	7.25	1.52997219651705e-14	0.799998654400339	-2.6164578070101e-06	65.221531555545	0.200000000000012
1.275	7.25	1.7340351618267e-14	0.79999851119243	-2.4987529329149e-06	65.1975315981491	0.200000000000014
1.425	7.25	1.85241313647404e-14	0.799998380086045	-2.37148713159578e-06	65.1735316448735	0.200000000000015
1.575	7.25	1.84214991742021e-14	0.799998261723175	-2.23617658044476e-06	65.149531695344	0.200000000000015
1.725	7.25	1.64738416870733e-14	0.799998156548873	-2.09436177371946e-06	65.1255317491701	0.200000000000013
1.875	7.25	1.19726628470911e-14	0.799998064810826	-1.94757807948034e-06	65.101531805951	0.20000000000001
2.025	7.25	4.06036701364821e-15	0.799997986575297	-1.79732824204904e-06	65.0775318652814	0.200000000000003
2.175	7.25	-8.24308560193911e-15	0.799997921732764	-1.64505692734443e-06	65.0535319267565	0.199999999999993
2.325	7.25	-2.59847530171722e-14	0.799997870020244	-1.49213173317795e-06	65.0295319899774	0.199999999999979
2.475	7.25	-5.01914289691064e-14	0.799997831033472	-1.33982500898799e-06	65.0055320545553	0.19999999999996
2.625	7.25	-8.17464640425778e-14	0.799997804250806	-1.1893019084021e-06	64.9815321201154	0.199999999999935
2.775	7.25	-1.2122579658479e-13	0.79999778904899	-1.04161097656486e-06	64.9575321863003	0.199999999999903
2.925	7.25	-1.68688355462198e-13	0.799997784726195	-8.97678181578273e-07	64.9335322527725	0.199999999999865
3.075	7.25	-2.23417403103377e-13	0.799997790517457	-7.58305467385035e-07	64.9095323192168	0.199999999999821
3.225	7.25	-2.83612483520843e-13	0.799997805617093	-6.24171164027287e-07	64.8855323853415	0.199999999999773
3.375	7.25	-3.46036503140436e-13	0.799997829191317	-4.95832554882985e-07	64.8615324508798	0.199999999999723
3.525	7.25	-4.05629279051853e-13	0.799997860397512	-3.73731555778876e-07	64.8375325155901	0.199999999999676
3.675	7.25	-4.55107633080087e-13	0.79999789839499	-2.58201526558599e-07	64.813532579256	0.199999999999636
3.825	7.25	-4.84582926500745e-13	0.799997942355114	-1.49474357392628e-07	64.7895326416865	0.199999999999612
3.975	7.25	-4.81239664457009e-13	0.799997991478317	-4.76902804840501e-08	64.7655327027148	0.199999999999615
4.125	7.25	-4.29133346969803e-13	0.799998044992277	4.70936392788079e-08	64.7415327621979	0.199999999999657
4.275	7.25	-3.09181522487846e-13	0.799998102166708	1.34893992617325e-07	64.7175328200153	0.199999999999753
4.425	7.25	-9.94383617809736e-14	0.799998162313315	2.15791053122811e-07	64.693532876068	0.19999999999992
4.575	7.25	2.24241299356557e-13	0.799998224791166	2.89920451687598e-07	64.6695329302766	0.200000000000179
4.725	7.25	6.87029072727798e-13	0.79999828900928	3.57463916622107e-07	64.6455329825804	0.20000000000055
4.875	7.25	1.31331297468138e-12	0.799998354424888	4.18640990386468e-07	64.6215330329359	0.200000000001051
5.025	7.25	2.12411995184078e-12	0.7999984205466	4.7370231598404e-07	64.5975330813147	0.200000000001699
5.175	7.25	3.13364906607073e-12	0.799998486933322	5.22920822185381e-07	64.5735331277027	0.200000000002507
5.325	7.25	4.34481557777305e-12	0.799998553189217	5.66587772857293e-07	64.5495331720981	0.200000000003476
5.475	7.25	5.74374632424767e-12	0.799998618967446	6.05005231890432e-07	64.5255332145105	0.200000000004595
5.625	7.25	7.29322895058238e-12	0.79999868396426	6.38482373157719e-07	64.5015332549589	0.200000000005835
5.775	7.25	8.92520609827174e-12	0.799998747915495	6.67330570120096e-07	64.4775332934712	0.20000000000714
5.925	7.25	1.05325240853204e-11	0.799998810598607	6.91859960672263e-07	64.4535333300823	0.200000000008426
6.075	7.25	1.19602970490888e-11	0.799998871823918	7.12376701824423e-07	64.4295333648333	0.200000000009568
6.225	7.25	1.2997433139468e-11	0.799998931435571	7.29179733133485e-07	64.4055333977706	0.200000000010398
6.375	7.25	1.33690887833962e-11	0.799998989308438	7.42559614059523e-07	64.3815334289446	0.200000000010695
6.525	7.25	1.27310664976301e-11	0.799999045342229	7.52795832709987e-07	64.3575334584095	0.200000000010185
6.675	7.25	1.06674443760286e-11	0.799999099463631	7.60156900622173e-07	64.3335334862217	0.200000000008534
6.825	7.25	6.69300922642916e-12	0.799999151619832	7.64897944804854e-07	64.3095335124396	0.200000000005354
6.975	7.25	2.62343764307962e-13	0.799999201774896	7.67261832364853e-07	64.2855335371232	0.20000000000021
7.125	7.25	-9.21233212370786e-12	0.799999249914261	7.6747670484649e-07	64.2615335603331	0.19999999999263
7.275	7.25	-2.23322744719943e-11	0.799999296034443	7.65758232659284e-07	64.2375335821301	0.199999999982134
7.425	7.25	-3.96698945113623e-11	0.799999340146162	7.62307534641456e-07	64.2135336025753	0.199999999968264
7.575	7.25	-6.1710657091518e-11	0.799999382271488	7.57312423227176e-07	64.189533621729	0.199999999950631
7.725	7.25	-8.87770798777349e-11	0.799999422439547	7.509478501405e-07	64.1655336396509	0.199999999928978
7.875	7.25	-1.2093318473485e-10	0.799999460689713	7.43375930041635e-07	64.1415336563996	0.199999999903253
8.025	7.25	-1.57868520958941e-10	0.799999497067169	7.34746018665322e-07	64.1175336720327	0.199999999873705
8.175	7.25	-1.987620027239e-10	0.799999531620502	7.25196178896789e-07	64.0935336866059	0.19999999984099
8.325	7.25	-2.42127333191016e-10	0.799999564404862	7.14853137203476e-07	64.0695337001736	0.199999999806298
8.475	7.25	-2.85643767752971e-10	0.79999959547694	7.03832783984339e-07	64.0455337127881	0.199999999771485
8.625	7.25	-3.25978427429563e-10	0.799999624896093	6.92240975355512e-07	64.0215337244998	0.199999999739217
8.775	7.25	-3.58609315739246e-10	0.799999652723311	6.80174447783172e-07	63.9975337353569	0.199999999713113
8.925	7.25	-3.776615950613e-10	0.799999679020033	6.67720861430805e-07	63.9735337454053	0.199999999697871
9.075	7.25	-3.7577347887479e-10	0.799999703849281	6.54959506142594e-07	63.9495337546882	0.199999999699381
9.225	7.25	-3.44012186394485e-10	0.799999727272359	6.41962086841328e-07	63.9255337632465	0.19999999972479
9.375	7.25	-2.71864622400156e-10	0.799999749350757	6.28793342830775e-07	63.901533771118	0.199999999782508
9.525	7.25	-1.4733156361182e-10	0.799999770145489	6.15511175381409e-07	63.8775337783376	0.199999999882135
9.675	7.25	4.28421380356045e-11	0.799999789715164	6.02167447542912e-07	63.8535337849375	0.200000000034274
9.825	7.25	3.1276584548995e-10	0.799999808117933	5.88808579104118e-07	63.8295337909465	0.200000000250213
9.975	7.25	6.76792630511634e-10	0.79999982540989	5.75475333373518e-07	63.8055337963904	0.200000000541434
10.125	7.25	1.14866255377366e-09	0.799999841644812	5.62204407620075e-07	63.781533801292	0.20000000091893
10.275	7.25	1.74036440320762e-09	0.799999856875608	5.49027848274457e-07	63.7575338056711	0.200000001392292
10.425	7.25	2.46068545112035e-09	0.799999871151652	5.3597361290035e-07	63.7335338095453	0.200000001968548
10.575	7.25	3.31342707221669e-09	0.799999884521125	5.23066286986062e-07	63.7095338129296	0.200000002650742
10.725	7.25	4.29527631369389e-09	0.799999897029751	5.10327014762983e-07	63.6855338158378	0.200000003436221
10.875	7.25	5.39334024369316e-09	0.799999908720952	4.97774171038818e-07	63.6615338182831	0.200000004314672
11.025	7.25	6.58237154019409e-09	0.799999919636287	4.85423263788826e-07	63.6375338202791	0.200000005265897
11.175	7.25	7.82174058171705e-09	0.799999929814899	4.73287377995098e-07	63.6135338218411	0.200000006257392
11.325	7.25	9.05224131564552e-09	0.799999939294294	4.61377498847244e-07	63.5895338229884	0.200000007241793
11.475	7.25	1.01928551971589e-08	0.799999948109774	4.49702485551719e-07	63.5655338237454	0.200000008154284
11.625	7.25	1.11376389746772e-08	0.799999956296103	4.38269729166417e-07	63.5415338241448	0.200000008910111
11.775	7.25	1.17529471397968e-08	0.799999963885213	4.2708481309449e-07	63.5175338242293	0.200000009402358
11.925	7.25	1.18752471402349e-08	0.79999997090965	4.16151724606909e-07	63.4935338240551	0.200000009500198
12.075	7.25	1.13098332216937e-08	0.799999977400032	4.05473474680568e-07	63.4695338236946	0.200000009047867
12.225	7.25	9.83079083221653e-09	0.799999983387223	3.95052057691241e-07	63.4455338232396	0.200000007864633
12.375	7.25	7.18260530812743e-09	0.799999988902417	3.84888081827367e-07	63.4215338228039	0.200000005746084
12.525	7.25	3.08384315384e-09	0.79999999397706	3.74981473970551e-07	63.3975338225264	0.200000002467075
12.675	7.25	-2.76664147989971e-09	0.79999999864321	3.65331489148701e-07	63.3735338225732	0.199999997786687
12.825	7.25	-1.06805116513521e-08	0.800000002935489	3.55936615597808e-07	63.349533823139	0.199999991455591
12.975	7.25	-2.09673058016898e-08	0.800000006888409	3.46794744415986e-07	63.3255338244477	0.199999983226155
13.125	7.25	-3.39179153121131e-08	0.800000010540911	3.37903251562448e-07	63.3015338267514	0.199999972865668
13.275	7.25	-4.97837915089432e-08	0.800000013932774	3.29259108128204e-07	63.2775338303275	0.199999960172967
13.425	7.25	-6.8751555825061e-08	0.800000017107121	3.2085887534054e-07	63.2535338354739	0.199999944998755
13.575	7.25	-9.0912767578865e-08	0.800000020110094	3.1269886409452e-07	63.2295338425014	0.199999927269786
13.725	7.25	-1.1622869604252e-07	0.800000022990499	3.04774964250086e-07	63.2055338517226	0.199999907017043
13.875	7.25	-1.44490037327772e-07	0.800000025800594	2.97083149121821e-07	63.1815338634378	0.19999988440797
14.025	7.25	-1.75271596829962e-07	0.800000028595386	2.89618771911401e-07	63.1575338779166	0.199999859782723
14.175	7.25	-2.07882002171987e-07	0.800000031433705	2.82377483295478e-07	63.1335338953742	0.199999833694398
14.325	7.25	-2.413084882729e-07	0.800000034376096	2.7535460889985e-07	63.1095339159439	0.199999806953209
14.475	7.25	-2.74156662136252e-07	0.800000037488195	2.68545343621581e-07	63.0855339396429	0.19999978067467
14.625	7.25	-3.04584851956475e-07	0.800000040839041	2.61945075237832e-07	63.0615339663327	0.199999756332118
14.775	7.25	-3.30232095571889e-07	0.800000044504029	2.55548876236682e-07	63.0375339956729	0.199999735814324
14.925	7.25	-3.48137924401475e-07	0.80000004856679	2.49351973811888e-07	63.0135340270671	0.19999972148966
15.075	7.25	-3.54650715373783e-07	0.80000005312383	2.43349634412657e-07	62.9895340596013	0.199999716279428
15.225	7.25	-3.45319336725898e-07	0.80000005829095	2.37536886398231e-07	62.9655340919726	0.199999723744531
15.375	7.25	-3.14759869468946e-07	0.800000064213131	2.31909109157281e-07	62.9415341224052	0.199999748192104
15.525	7.25	-2.56485036086576e-07	0.800000071079539	2.26461745197938e-07	62.9175341485537	0.199999794811971
15.675	7.25	-1.62678204458803e-07	0.800000079143736	2.21190001261465e-07	62.8935341673856	0.199999869857436
15.825	7.25	-2.3885918663666e-08	0.80000008875352	2.16089500641373e-07	62.8695341750393	0.199999980891265
15.975	7.25	1.71407879368596e-07	0.80000010039185	2.1115554297343e-07	62.8455341666464	0.200000137126304
16.125	7.25	4.37377395534863e-07	0.800000114734363	2.0638392560827e-07	62.8215341361054	0.200000349901916
16.275	7.25	7.91691507060056e-07	0.800000132727361	2.01770287421158e-07	62.7975340757859	0.200000633353206
16.425	7.25	1.25668909776657e-06	0.800000155694816	1.97310367890191e-07	62.773533976137	0.200001005351278
16.575	7.25	1.86102685824822e-06	0.800000185482969	1.93000026661221e-07	62.7495338251599	0.200001488821487
16.725	7.25	2.64198129751073e-06	0.800000224658907	1.88835505328425e-07	62.7255336076908	0.200002113585038
16.875	7.25	3.64865114625597e-06	0.80000027677521	1.84812554694997e-07	62.7015333044198	0.200002918920917
17.025	7.25	4.94639253281487e-06	0.800000346728202	1.80927449163314e-07	62.677532890543	0.200003957114026
17.175	7.25	6.62293470960549e-06	0.800000441240329	1.7717665389567e-07	62.6535323339083	0.200005298347768
17.325	7.25	8.79677915729786e-06	0.800000569510049	1.73556315676128e-07	62.6295315924644	0.200007037423326
17.475	7.25	1.1628694455278e-05	0.800000744088491	1.70062859534509e-07	62.6055306107549	0.200009302955564
17.625	7.25	1.5337403994721e-05	0.80000098206553	1.66692935899706e-07	62.5815293151077	0.200012269923196
17.775	7.25	2.02209503953799e-05	0.80000130667373	1.63443145760106e-07	62.5575276070458	0.200016176760316
17.925	7.25	2.66857419808236e-05	0.800001749441642	1.60309969053253e-07	62.5335253542785	0.200021348593585
18.075	7.25	3.52859799651084e-05	0.800002353077272	1.57290223903554e-07	62.5095223784056	0.200028228783972
18.225	7.25	4.67770740742456e-05	0.800003175292382	1.54380477577547e-07	62.4855184381657	0.200037421659259
18.375	7.25	6.21878434314448e-05	0.800004293891809	1.51577449673377e-07	62.4615132066542	0.200049750274745
18.525	7.25	8.29178849812842e-05	0.800005813600316	1.4887770143128e-07	62.4375062404022	0.200066334307985
18.675	7.25	0.000110868689080962	0.800007875392026	1.46277654174873e-07	62.4134969374886	0.200088694951265
18.825	7.25	0.00014862024222692	0.800010669429501	1.43773339454495e-07	62.3894844808808	0.200118896193782
18.975	7.25	0.000199669437171313	0.800014453033758	1.41360884645077e-07	62.3654677618557	0.200159735549737
19.125	7.25	0.000268753019360957	0.800019575134928	1.39035590578777e-07	62.3414452764743	0.200215002415489
19.275	7.25	0.000362286124363111	0.800026508236622	1.36792192556728e-07	62.3174149855053	0.200289828899491
19.425	7.25	0.000488957260250269	0.800035888219247	1.34624507254966e-07	62.2933741247393	0.2003911658082
19.575	7.25	0.000660531129563938	0.800048562235361	1.32525164851806e-07	62.2693189482067	0.200528424903651
19.725	7.25	0.00089292212922633	0.800065647221132	1.30484766426187e-07	62.2452443813299	0.200714337703381
19.875	7.25	0.00120761701989983	0.80008860799563	1.2849205703605e-07	62.2211435542563	0.20096609361592
20.025	7.25	0.00163355397975888	0.800119374328568	1.26532611654953e-07	62.1970071767012	0.201306843183807
20.175	7.25	0.00220962160915439	0.800160525804648	1.24588024651599e-07	62.1728227026314	0.201767697287324
20.325	7.25	0.00298804012638439	0.800215570056766	1.2263503742009e-07	62.1485732126757	0.202390432101108
20.475	7.25	0.00403902934359043	0.800289307699566	1.20643618098899e-07	62.1242359101321	0.203231223474872
20.625	7.25	0.00545732331916463	0.800388203948364	1.18575502054681e-07	62.0997800801344	0.204365858655332
20.775	7.25	0.0073711835203895	0.800520578747786	1.16381526715767e-07	62.0751643033648	0.205896946816312
20.925	7.25	0.00995447684897359	0.800696321023545	1.13999888732894e-07	62.0503326572261	0.207963581479179
21.075	7.25	0.0134420112368991	0.800925792162799	1.11353837281872e-07	62.0252096009857	0.210753608989519
21.225	7.25	0.0181476165973881	0.801217672004944	1.08352641990595e-07	61.9996932568567	0.21451809327791
21.375	7.25	0.0244834922299638	0.801575737025464	1.04895381110026e-07	61.9736468947959	0.219586793783971
21.525	7.25	0.0329782612784682	0.801994899294863	1.00882485662756e-07	61.9468886230362	0.226382609022775
21.675	7.25	0.0442900700549869	0.802457200583683	9.62326675305644e-08	61.9191795854783	0.23543205604399
21.825	7.25	0.0592098291562504	0.802928811642486	9.09076490137447e-08	61.89021137845	0.247367863325
21.975	7.25	0.0786480131624438	0.803359424048048	8.49360880452965e-08	61.8595939501169	0.262918410529955
22.125	7.25	0.103596186328907	0.803685606347863	7.84297933568675e-08	61.8268459835935	0.282876949063126
22.275	7.25	0.135052297683924	0.803839350753664	7.1581781023115e-08	61.791390710418	0.308041838147139
22.425	7.25	0.173898987461798	0.80376176619265	6.464330658484e-08	61.7525611382391	0.339119189969439
22.575	7.25	0.220730577750392	0.803419717181216	5.78833593036329e-08	61.7096193986941	0.376584462200314
22.725	7.25	0.275641518574483	0.802820813478958	5.15444276203782e-08	61.6617945236044	0.420513214859587
22.875	7.25	0.338017847203173	0.802020601089429	4.58076046779416e-08	61.6083403703244	0.470414277762539
23.025	7.25	0.40640471362729	0.80111647344899	4.07766835242512e-08	61.5486099410607	0.525123770901832
23.175	7.25	0.478534562215173	0.800226951069458	3.64805887729017e-08	61.4821347792837	0.582827649772139
23.325	7.25	0.551566076798931	0.799461993151947	3.28889465135311e-08	61.4086916231079	0.641252861439145
23.475	7.25	0.622501298503442	0.798895951449926	2.99326588760158e-08	61.3283375920675	0.698001038802754
23.625	7.25	0.68865924928649	0.798554431267233	2.75232814227081e-08	61.2414025619057	0.750927399429192
23.775	7.25	0.748051802654324	0.798418764558469	2.55681538300174e-08	61.1484406713553	0.79844144212346
23.925	7.25	0.799557774744677	0.7984425893577	2.39803021690412e-08	61.0501553729679	0.839646219795741
24.075	7.25	0.842886465108133	0.798570869858081	2.26834862047503e-08	60.9473178807918	0.874309172086506
24.225	7.25	0.878398151783319	0.798753981233066	2.16139694015603e-08	60.8406960221445	0.902718521426655
24.375	7.25	0.90687209707713	0.798954511786498	2.07202691231163e-08	60.7310028769151	0.925497677661704
24.525	7.25	0.929292195553297	0.799148214973836	1.99617395306928e-08	60.6188668585798	0.943433756442637
24.675	7.25	0.946685092087124	0.799321791104681	1.93068537350061e-08	60.5048198561929	0.957348073669699
24.825	7.25	0.960016773135352	0.799469710333938	1.87314143729853e-08	60.3892981054929	0.968013418508281
24.975	7.25	0.970138071950257	0.799591310811393	1.82171473481891e-08	60.2726506340047	0.976110457560205
25.125	7.25	0.977764768395483	0.799688614706014	1.77502273554571e-08	60.1551512734157	0.982211814716387
25.275	7.25	0.983479106665593	0.799764869395751	1.73202862101117e-08	60.0370115523671	0.986783285332475
25.425	7.25	0.987742790662648	0.799823657914037	1.69196290310008e-08	59.9183928918209	0.990194232530118
25.575	7.25	0.990914817539277	0.799868403639727	1.65425408480323e-08	59.7994173204348	0.992731854031422
25.725	7.25	0.993270126549998	0.799902128345934	1.61847390620935e-08	59.680176438823	0.994616101239998
25.875	7.25	0.995016874628099	0.799927364540969	1.5843076901772e-08	59.5607386595541	0.996013499702479
26.025	7.25	0.996311339832137	0.79994615660573	1.55152025430787e-08	59.4411549026637	0.99704907186571
26.175	7.25	0.997270176028806	0.799960108543988	1.51993411701125e-08	59.3214629876582	0.997816140823044
26.325	7.25	0.9979801458731	0.799970451665877	1.48941565816581e-08	59.2016909701678	0.99838411669848
26.475	7.25	0.998505654654593	0.799978115928105	1.45986413603457e-08	59.0818596498268	0.998804523723674
26.625	7.25	0.998894473319553	0.799983795782571	1.43119903543304e-08	58.9619844418471	0.999115578655643
26.775	7.25	0.999182029780336	0.799988006241211	1.40335841473129e-08	58.8420767679153	0.999345623824269
26.925	7.25	0.999394600849672	0.799991128011198	1.37628959765395e-08	58.7221450879024	0.999515680679738
27.075	7.25	0.999551676916214	0.799993442391077	1.34995335359107e-08	58.6021956648597	0.999641341532972
27.225	7.25	0.999667711976696	0.7999951574926	1.32431360307764e-08	58.4822331325115	0.999734169581357
27.375	7.25	0.99975341990083	0.799996427587687	1.29934132197223e-08	58.3622609165262	0.999802735920664
27.525	7.25	0.999816736201563	0.799997367253828	1.27501073808523e-08	58.2422815474028	0.999853388961251
27.675	7.25	0.999863532812358	0.799998061697459	1.2512981812249e-08	58.1222968928836	0.999890826249886
27.825	7.25	0.999898149897176	0.799998574314376	1.22818149411499e-08	58.0023083305301	0.999918519917741
27.975	7.25	0.999923791675979	0.799998952261967	1.20564273187075e-08	57.8823168757741	0.999939033340783
28.125	7.25	0.999942820939309	0.799999230590847	1.1836643071529e-08	57.7623232768306	0.999954256751447
28.275	7.25	0.999956977995755	0.799999435324843	1.16222879655439e-08	57.6423280849659	0.999965582396604
28.425	7.25	0.99996754325497	0.799999585761964	1.14132070759434e-08	57.5223317064521	0.999974034603976
28.575	7.25	0.999975457805392	0.799999696195733	1.12092684082175e-08	57.4023344409292	0.999980366244313
28.725	7.25	0.999981412728468	0.799999777200185	1.10103166021722e-08	57.282336509693	0.999985130182774
28.875	7.25	0.999985915176544	0.799999836588921	1.08162041210896e-08	57.1623380765242	0.999988732141236
29.025	7.25	0.999989337201396	0.799999880128243	1.06267911851246e-08	57.0423392630018	0.999991469761117
29.175	7.25	0.99999195179065	0.799999912067499	1.04419875736152e-08	56.9223401597428	0.99999356143252
29.325	7.25	0.99999395942481	0.799999935532826	1.02616499953929e-08	56.8023408346376	0.999995167539848
29.475	7.25	0.999995507614318	0.799999952819127	1.00856572000411e-08	56.6823413388733	0.999996406091455
29.625	7.25	0.999996705242086	0.799999965606738	9.91392130723008e-09	56.5623417113298	0.999997364193669
29.775	7.25	0.999997633065806	0.799999975122472	9.74629759446326e-09	56.4423419817847	0.999998106452645
29.925	7.25	0.99999835138525	0.799999982258825	9.58269607539527e-09	56.3223421732444	0.9999986811082
30.075	7.25	0.999998905620639	0.799999987662784	9.42301560358626e-09	56.2023423036411	0.999999124496511
30.225	7.25	0.999999330355696	0.799999991801191	9.26713674165571e-09	56.0823423870664	0.999999464284557
30.375	7.25	0.999999652255966	0.799999995009652	9.11496343055066e-09	55.9623424346724	0.999999721804772
30.525	7.25	0.999999892166594	0.799999997528585	8.9664574173455e-09	55.8423424553304	0.999999913733275
30.675	7.25	1.00000006661443	0.799999999529475	8.82145020072359e-09	55.7223424561178	1.00000005329154
30.825	7.25	1.00000018888043	0.800000001134713	8.6799079913847e-09	55.6023424426815	1.00000015110435
30.975	7.25	1.00000026976429	0.800000002431568	8.54171802982629e-09	55.4823424195124	1.00000021581143
31.125	7.25	1.00000031813023	0.800000003482759	8.40681368166016e-09	55.3623423901573	1.00000025450419
31.275	7.25	1.00000034129913	0.800000004333825	8.27509433666255e-09	55.2423423573865	1.00000027303931
31.425	7.25	1.00000034533336	0.800000005018626	8.1464939460239e-09	55.1223423233277	1.00000027626669
31.575	7.25	1.00000033524796	0.800000005562787	8.02095084907052e-09	55.0023422895769	1.00000026819837
31.725	7.25	1.00000031517155	0.800000005986655	7.89836032492448e-09	54.8823422572913	1.00000025213724
31.875	7.25	1.00000028847336	0.800000006306928	7.77867420684241e-09	54.762342227268	1.00000023077869
32.025	7.25	1.00000025786736	0.800000006537705	7.66180104961678e-09	54.6423422000123	1.00000020629389
32.175	7.25	1.00000022550095	0.800000006691439	7.54768965748506e-09	54.5223421757961	1.00000018040076
32.325	7.25	1.00000019303281	0.800000006779332	7.43629464180663e-09	54.4023421547087	1.00000015442625
32.475	7.25	1.00000016170283	0.800000006811522	7.32750989325339e-09	54.2823421367	1.00000012936227
32.625	7.25	1.00000013239564	0.800000006797268	7.22129793113527e-09	54.1623421216182	1.00000010591651
32.775	7.25	1.00000010569875	0.800000006745018	7.1176075808027e-09	54.0423421092408	1.000000084559
32.925	7.25	1.00000008195546	0.800000006662499	7.01637156454392e-09	53.9223420993006	1.00000006556437
33.075	7.25	1.00000006131278	0.800000006556408	6.91751616758162e-09	53.8023420915066	1.00000004905022
33.225	7.25	1.00000004376434	0.800000006432946	6.82101550485084e-09	53.6823420855616	1.00000003501147
33.375	7.25	1.00000002918823	0.800000006297245	6.72679375761889e-09	53.562342081174	1.00000002335058
33.525	7.25	1.00000001737987	0.800000006153783	6.63482097763055e-09	53.4423420780682	1.0000000139039
33.675	7.25	1.00000000808001	0.800000006006393	6.54501598059126e-09	53.3223420759909	1.00000000646401
33.825	7.25	1.0000000009979	0.800000005857815	6.4573658138159e-09	53.202342074715	1.00000000079832
33.975	7.25	0.999999995830285	0.800000005710652	6.3718039908198e-09	53.0823420740419	0.999999996664228
34.125	7.25	0.99999999227615	0.800000005566562	6.28829144332857e-09	52.9623420738023	0.99999999382092
34.275	7.25	0.99999999004789	0.800000005426785	6.20677045204977e-09	52.8423420738549	0.999999992038312
34.425	7.25	0.999999988879269	0.800000005292195	6.12721642606145e-09	52.7223420740851	0.999999991103415
34.575	7.25	0.999999988530623	0.800000005163202	6.04957178402199e-09	52.6023420744024	0.999999990824499
34.725	7.25	0.999999988791735	0.800000005039969	5.97380127852132e-09	52.4823420747382	0.999999991033388
34.875	7.25	0.999999989482796	0.800000004922339	5.89987516152283e-09	52.3623420750424	0.999999991586237
35.025	7.25	0.999999990454003	0.800000004810167	5.82774555742417e-09	52.2423420752808	0.999999992363202
35.175	7.25	0.999999991583943	0.800000004702903	5.7573914100747e-09	52.1223420754322	0.999999993267155
35.325	7.25	0.999999992777321	0.800000004600279	5.68873983022303e-09	52.0023420754858	0.999999994221856
35.475	7.25	0.999999993962074	0.800000004501639	5.62179182619557e-09	51.8823420754389	0.999999995169659
35.625	7.25	0.999999995086351	0.80000000440647	5.55649083903452e-09	51.7623420752946	0.999999996069081
35.775	7.25	0.999999996115355	0.800000004314318	5.49282331361453e-09	51.6423420750603	0.999999996892284
35.925	7.25	0.999999997028278	0.80000000422476	5.43073428346393e-09	51.5223420747461	0.999999997622622
36.075	7.25	0.999999997815458	0.800000004137195	5.37021038274983e-09	51.4023420743635	0.999999998252366
36.225	7.25	0.999999998475742	0.800000004051448	5.31122824795654e-09	51.2823420739244	0.999999998780593
36.375	7.25	0.999999999014275	0.800000003966994	5.25373143371841e-09	51.1623420734407	0.99999999921142
36.525	7.25	0.999999999440448	0.800000003883748	5.19772959966505e-09	51.0423420729235	0.999999999552358
36.675	7.25	0.999999999766327	0.800000003801321	5.1431592552516e-09	50.922342072383	0.999999999813062
36.825	7.25	1.00000000000534	0.800000003719622	5.09001230503972e-09	50.802342071828	1.00000000000427
36.975	7.25	1.00000000017136	0.800000003638569	5.03825152435296e-09	50.682342071266	1.00000000013708
37.125	7.25	1.00000000027792	0.800000003557972	4.98785126544171e-09	50.5623420707035	1.00000000022234
37.275	7.25	1.0000000003377	0.800000003477718	4.93881918735133e-09	50.4423420701453	1.00000000027016
37.425	7.25	1.00000000036183	0.800000003397739	4.89109216976727e-09	50.3223420695953	1.00000000028946
37.575	7.25	1.00000000035913	0.800000003317889	4.84466851996607e-09	50.2023420690565	1.00000000028731
37.725	7.25	1.00000000033566	0.800000003238308	4.79951571669815e-09	50.082342068531	1.00000000026853
37.875	7.25	1.00000000029552	0.800000003159505	4.75562612250411e-09	49.9623420680205	1.00000000023642
38.025	7.25	1.00000000024453	0.800000003082614	4.71295481696115e-09	49.8423420675263	1.00000000019562
38.175	7.25	1.00000000019658	0.800000003008192	4.67150746473284e-09	49.7223420670488	1.00000000015726
38.325	7.25	1.00000000017806	0.800000002934761	4.63125084501908e-09	49.6023420665861	1.00000000014245
38.475	7.25	1.0000000002182	0.800000002856124	4.5921687168328e-09	49.4823420661341	1.00000000017456
38.625	7.25	1.00000000031038	0.8000000027616	4.55424644068126e-09	49.3623420656874	1.0000000002483
38.775	7.25	1.00000000034601	0.800000002644806	4.51745636157233e-09	49.242342065246	1.00000000027681
38.925	7.25	1.00000000007386	0.800000002523505	4.48179449588713e-09	49.1223420648275	1.00000000005908
39.075	7.25	0.999999999212012	0.800000002463953	4.44722771877783e-09	49.0023420644748	0.99999999936961
39.225	7.25	0.999999997861565	0.800000002575004	4.41378404186121e-09	48.8823420642396	0.999999998289252
39.375	7.25	0.999999997187148	0.800000002918	4.38136901288818e-09	48.7623420641128	0.999999997749719
39.525	7.25	0.999999999800267	0.800000003299341	4.35003654776891e-09	48.6423420639042	0.999999999840214
39.675	7.25	1.00000000854989	0.800000003040545	4.31974633545825e-09	48.5223420631614	1.00000000683992
39.825	7.25	1.00000002228111	0.800000001058806	4.29049359193673e-09	48.4023420613505	1.00000001782488
39.975	7.25	1.00000002906865	0.799999996790601	4.26224989341544e-09	48.2823420585657	1.00000002325492
40.125	7.25	1.00000000269435	0.799999992220587	4.23502812984892e-09	48.1623420567321	1.00000000215548
40.275	7.25	0.999999915051601	0.799999994025589	4.20877763444099e-09	48.0423420603822	0.999999932041281
40.425	7.25	0.999999777875199	0.800000012590905	4.18351263684642e-09	47.9223420748345	0.999999822300159
40.575	7.25	0.999999707649944	0.800000053021706	4.15924037685402e-09	47.8023420992529	0.999999766119955
40.725	7.25	0.999999957517772	0.800000096129366	4.13590977222271e-09	47.6823421150592	0.999999966014217
40.875	7.25	1.00000079734943	0.800000079228664	4.11351406106796e-09	47.5623420785706	1.00000063787954
41.025	7.25	1.00000212196185	0.799999906605436	4.0920614451922e-09	47.4423419381995	1.00000169756948
41.175	7.25	1.00000285290258	0.799999532369186	4.0715572592786e-09	47.3223416991724	1.00000228232206
41.325	7.25	1.00000065163103	0.799999130011761	4.0519650635823e-09	47.2023415307317	1.00000052130482
41.475	7.25	0.99999300385805	0.79999925746363	4.03330537558887e-09	47.0823418350558	0.99999440308644
41.625	7.25	0.999980706637706	0.800000757966025	4.01556517048561e-09	46.9623430967506	0.999984565310165
41.775	7.25	0.999973138463726	0.800004042489162	3.99870672084426e-09	46.842345311995	0.999978510770981
41.925	7.25	0.99999082752023	0.800007659303289	3.9826531588435e-09	46.7223470414449	0.999992662016184
42.075	7.25	1.00005637953595	0.80000693782266	3.96733741446025e-09	46.602344775337	1.00004510362876
42.225	7.25	1.00016528886173	0.799994825596709	3.95276304594468e-09	46.4823341351333	1.00013223108938
42.375	7.25	1.00024184955463	0.799967675567926	3.93913251587212e-09	46.3623145924018	1.00019347964371
42.525	7.25	1.00011633628766	0.799936551744769	3.9270028959822e-09	46.2422973992246	1.00009306903012
42.675	7.25	0.999594226907096	0.799937861842641	3.91697138476779e-09	46.1223112920826	0.999675381525677
42.825	7.25	0.998683926300572	0.800027373535705	3.9090144833011e-09	46.0023939430543	0.998947141040458
42.975	7.25	0.997944673213635	0.800237007819463	3.90138009812611e-09	45.8825557748183	0.998355738570908
43.125	7.25	0.998684258961201	0.800490006359594	3.88999325312837e-09	45.7627175803622	0.998947407168961
43.275	7.25	1.00248296174343	0.800522975936714	3.87000079998956e-09	45.642661549923	1.00198636939474
43.425	7.25	1.00955927623989	0.799934826266677	3.84086743891041e-09	45.5220836472795	1.00764742099191
43.575	7.25	1.01623380740202	0.798479882201067	3.81396338824056e-09	45.4008458705282	1.01298704592161
43.725	7.25	1.01328677103769	0.796573392323909	3.81689695436662e-09	45.2794287141498	1.01062941683015
43.875	7.25	0.988680897779482	0.795833251022984	3.88750752454649e-09	45.1593337196442	0.990944718223585
44.025	7.25	0.938367896619531	0.799351007617145	4.04780876786193e-09	45.0428406871434	0.950694317295625
44.175	7.25	0.884673133396981	0.810192428940459	4.23621248641018e-09	44.9313521815043	0.907738506717585
44.325	7.25	0.889127901541562	0.824441953032587	4.21760179882286e-09	44.8222078274633	0.91130232123325
44.475	7.25	1.03257195140981	0.826489829139984	3.74447368002783e-09	44.7059574218481	1.02605756112784
44.625	7.25	1.34924434209481	0.808622132975162	3.00176853613959e-09	44.567799985948	1.27939547367584
44.775	7.25	1.76408811839402	0.709537047465378	2.38246752281796e-09	44.3955931727953	1.61127049471522
44.925	7.25	2.11154506651306	0.834636814071905	2.03134257775195e-09	44.2248231531014	1.88923605321045
0.075	7.75	3.4747351409106e-16	0.399999925732516	-2.49203076505566e-06	65.3895316719644	0.2
0.225	7.75	1.09796557401388e-15	0.799999777794617	-2.4799547696036e-06	65.3655316764205	0.200000000000001
0.375	7.75	2.54819122214844e-15	0.799999631638942	-2.45595278493499e-06	65.3415316852968	0.200000000000002
0.525	7.75	4.61626973033098e-15	0.799999488418395	-2.42032096917639e-06	65.3175316985222	0.200000000000004
0.675	7.75	7.14882321974609e-15	0.799999349236057	-2.37349451221081e-06	65.2935317159916	0.200000000000006
0.825	7.75	9.93589288629121e-15	0.799999215127473	-2.31603802016255e-06	65.269531737568	0.200000000000008
0.975	7.75	1.27379808517825e-14	0.799999087042592	-2.24863129975905e-06	65.245531763084	0.20000000000001
1.125	7.75	1.52997186127858e-14	0.799998965835395	-2.17205568541661e-06	65.2215317923454	0.200000000000012
1.275	7.75	1.73403486555971e-14	0.799998852248922	-2.08717548289745e-06	65.1975318251339	0.200000000000014
1.425	7.75	1.85241299673827e-14	0.799998746912977	-1.99492080771847e-06	65.1735318612105	0.200000000000015
1.575	7.75	1.84215005438464e-14	0.799998650332797	-1.89626856511357e-06	65.1495319003191	0.200000000000015
1.725	7.75	1.64738479636425e-14	0.799998562894166	-1.79222417542654e-06	65.1255319421905	0.200000000000013
1.875	7.75	1.19726761221259e-14	0.799998484858322	-1.68380340325165e-06	65.1015319865455	0.20000000000001
2.025	7.75	4.06039038535452e-15	0.799998416367194	-1.5720151869609e-06	65.077532033099	0.200000000000003
2.175	7.75	-8.24304947990926e-15	0.799998357452719	-1.45784705344431e-06	65.0535320815634	0.199999999999993
2.325	7.75	-2.59847007637922e-14	0.799998308038552	-1.342250498972e-06	65.0295321316518	0.199999999999979
2.475	7.75	-5.01913584768942e-14	0.79999826795159	-1.22612969760228e-06	65.0055321830811	0.19999999999996
2.625	7.75	-8.17463731353038e-14	0.799998236934411	-1.11033146985237e-06	64.9815322355747	0.199999999999935
2.775	7.75	-1.21225685578349e-13	0.79999821465334	-9.95637805881888e-07	64.9575322888651	0.199999999999903
2.925	7.75	-1.68688225507461e-13	0.799998200709112	-8.82760182491828e-07	64.9335323426956	0.199999999999865
3.075	7.75	-2.23417259229033e-13	0.799998194651655	-7.72335732029606e-07	64.9095323968226	0.199999999999821
3.225	7.75	-2.83612332418568e-13	0.79999819598719	-6.64924965336196e-07	64.8855324510165	0.199999999999773
3.375	7.75	-3.46036356518073e-13	0.799998204193026	-5.61012802428202e-07	64.8615325050634	0.199999999999723
3.525	7.75	-4.05629150536915e-13	0.799998218723457	-4.6100800411873e-07	64.837532558765	0.199999999999676
3.675	7.75	-4.55107541651126e-13	0.799998239023156	-3.65246552551073e-07	64.81353261194	0.199999999999636
3.825	7.75	-4.84582892172298e-13	0.79999826453165	-2.73994648930503e-07	64.7895326644237	0.199999999999612
3.975	7.75	-4.81239711583725e-13	0.799998294693918	-1.87452880248732e-07	64.7655327160682	0.199999999999615
4.125	7.75	-4.29133498480919e-13	0.799998328965002	-1.05760684904701e-07	64.7415327667422	0.199999999999657
4.275	7.75	-3.09181803013349e-13	0.799998366815939	-2.90020357374883e-08	64.7175328163304	0.199999999999753
4.425	7.75	-9.94387904452679e-14	0.799998407738072	4.27901501838464e-08	64.6935328647333	0.19999999999992
4.575	7.75	2.24240705752286e-13	0.799998451248324	1.09627780274031e-07	64.6695329118661	0.200000000000179
4.725	7.75	6.87028307993707e-13	0.799998496888375	1.71562529687049e-07	64.6455329576584	0.20000000000055
4.875	7.75	1.31331203939916e-12	0.799998544231625	2.28680783806743e-07	64.6215330020527	0.200000000001051
5.025	7.75	2.12411886200451e-12	0.799998592878787	2.8109798089428e-07	64.5975330450042	0.200000000001699
5.175	7.75	3.13364784764176e-12	0.799998642464163	3.28954018617474e-07	64.5735330864795	0.200000000002507
5.325	7.75	4.34481427468747e-12	0.799998692650941	3.72409299637528e-07	64.5495331264558	0.200000000003476
5.475	7.75	5.74374499023758e-12	0.7999987431362	4.11639987928679e-07	64.5255331649196	0.200000000004595
5.625	7.75	7.29322765558206e-12	0.799998793643377	4.46834465168792e-07	64.5015332018665	0.200000000005835
5.775	7.75	8.92520491651937e-12	0.799998843928056	4.78189943647698e-07	64.4775332372996	0.20000000000714
5.925	7.75	1.05325230996232e-11	0.799998893772592	5.0590897764037e-07	64.4535332712291	0.200000000008426
6.075	7.75	1.19602963348055e-11	0.799998942986061	5.30197351027576e-07	64.4295333036712	0.200000000009568
6.225	7.75	1.29974327670096e-11	0.799998991403102	5.51262033294134e-07	64.4055333346476	0.200000000010398
6.375	7.75	1.3369088798744e-11	0.799999038880225	5.69308211656405e-07	64.3815333641846	0.200000000010695
6.525	7.75	1.27310669247759e-11	0.799999085298488	5.84538032528714e-07	64.3575333923122	0.200000000010185
6.675	7.75	1.06674451961184e-11	0.799999130555565	5.971497521336e-07	64.3335334190642	0.200000000008534
6.825	7.75	6.69301038334549e-12	0.799999174570187	6.07335216996968e-07	64.3095334444769	0.200000000005354
6.975	7.75	2.62345146033688e-13	0.799999217276654	6.15280643363107e-07	64.2855334685887	0.20000000000021
7.125	7.75	-9.2123306718824e-12	0.799999258624365	6.21164811777815e-07	64.2615334914402	0.19999999999263
7.275	7.75	-2.23322731591829e-11	0.799999298577328	6.25158115671053e-07	64.237533513073	0.199999999982134
7.425	7.75	-3.9669893575272e-11	0.799999337109721	6.27423565638692e-07	64.2135335335299	0.199999999968264
7.575	7.75	-6.17106567983813e-11	0.799999374208578	6.28115551164513e-07	64.1895335528541	0.199999999950631
7.725	7.75	-8.87770804798116e-11	0.799999409869137	6.27380109278974e-07	64.1655335710892	0.199999999928978
7.875	7.75	-1.20933186455177e-10	0.799999444096004	6.25354323161724e-07	64.141533588279	0.199999999903253
8.025	7.75	-1.57868523930807e-10	0.799999476900536	6.22167402119626e-07	64.1175336044667	0.199999999873705
8.175	7.75	-1.98762006960459e-10	0.799999508299771	6.17939910110967e-07	64.0935336196952	0.19999999984099
8.325	7.75	-2.4212733851028e-10	0.799999538316443	6.12784652835942e-07	64.0695336340068	0.199999999806298
8.475	7.75	-2.85643773737895e-10	0.799999566978344	6.06806365141013e-07	64.0455336474427	0.199999999771485
8.625	7.75	-3.25978433348815e-10	0.799999594315713	6.00102245691588e-07	64.021533660043	0.199999999739217
8.775	7.75	-3.58609320510762e-10	0.79999962036369	5.92762203173982e-07	63.9975336718464	0.199999999713113
8.925	7.75	-3.77661597186546e-10	0.799999645157606	5.84869437019078e-07	63.97353368289	0.199999999697871
9.075	7.75	-3.75773476426553e-10	0.799999668735652	5.76500564511083e-07	63.9495336932094	0.199999999699381
9.225	7.75	-3.4401217698971e-10	0.799999691138429	5.67725809615553e-07	63.925533702838	0.19999999972479
9.375	7.75	-2.71864603239308e-10	0.799999712404874	5.58609582188733e-07	63.9015337118072	0.199999999782508
9.525	7.75	-1.47331531519115e-10	0.799999732576848	5.49210819745584e-07	63.8775337201459	0.199999999882135
9.675	7.75	4.28421864909278e-11	0.799999751695013	5.3958330948093e-07	63.8535337278809	0.200000000034274
9.825	7.75	3.12765913857945e-10	0.799999769800287	5.29775862367691e-07	63.829533735036	0.200000000250213
9.975	7.75	6.76792722231912e-10	0.799999786932773	5.19833022992896e-07	63.8055337416328	0.200000000541434
10.125	7.75	1.14866267192533e-09	0.799999803132437	5.09794723604088e-07	63.7815337476901	0.20000000091893
10.275	7.75	1.74036455015695e-09	0.799999818437916	4.9969720500095e-07	63.7575337532243	0.200000001392292
10.425	7.75	2.46068562815503e-09	0.799999832887365	4.89573225255143e-07	63.7335337582497	0.200000001968549
10.575	7.75	3.31342727907977e-09	0.799999846517031	4.79451960976953e-07	63.7095337627786	0.200000002650742
10.725	7.75	4.29527654813031e-09	0.799999859362177	4.693595390632e-07	63.6855337668225	0.200000003436221
10.875	7.75	5.39334050091126e-09	0.799999871457373	4.59319243694097e-07	63.6615337703922	0.200000004314672
11.025	7.75	6.58237181238672e-09	0.799999882834905	4.49351873417665e-07	63.6375337734995	0.200000005265897
11.175	7.75	7.82174085753159e-09	0.799999893526501	4.39475632385026e-07	63.6135337761583	0.200000006257393
11.325	7.75	9.05224157978271e-09	0.799999903562362	4.29706553483534e-07	63.5895337783861	0.200000007241793
11.475	7.75	1.01928554299745e-08	0.799999912971522	4.20058745714791e-07	63.5655337802065	0.200000008154284
11.625	7.75	1.11376391519971e-08	0.79999992178238	4.1054429484352e-07	63.5415337816508	0.200000008910111
11.775	7.75	1.17529472328089e-08	0.799999930022363	4.01173882746076e-07	63.5175337827611	0.200000009402358
11.925	7.75	1.18752471156813e-08	0.799999937718251	3.91956445325932e-07	63.4935337835929	0.200000009500198
12.075	7.75	1.13098330422249e-08	0.799999944897128	3.82899610694437e-07	63.469533784218	0.200000009047866
12.225	7.75	9.83079045713078e-09	0.799999951586003	3.74009619312073e-07	63.4455337847276	0.200000007864632
12.375	7.75	7.18260469435335e-09	0.799999957811989	3.6529180817559e-07	63.4215337852353	0.200000005746084
12.525	7.75	3.08384225735056e-09	0.799999963603859	3.56750364598624e-07	63.3975337858798	0.200000002467074
12.675	7.75	-2.76664270234733e-09	0.799999968991093	3.48388408920353e-07	63.373533786827	0.199999997786686
12.825	7.75	-1.06805132400633e-08	0.799999974005249	3.40208573532453e-07	63.3495337882715	0.199999991455589
12.975	7.75	-2.09673077914911e-08	0.799999978679677	3.32212364206183e-07	63.3255337904373	0.199999983226154
13.125	7.75	-3.39179177294951e-08	0.799999983050306	3.24400900242992e-07	63.3015337935765	0.199999972865666
13.275	7.75	-4.9783794368788e-08	0.799999987156245	3.16774573142453e-07	63.2775337979665	0.199999960172965
13.425	7.75	-6.87515591272469e-08	0.799999991038247	3.09333326131598e-07	63.2535338039056	0.199999944998753
13.575	7.75	-9.09127713044366e-08	0.799999994741647	3.02076472697797e-07	63.2295338117045	0.199999927269783
13.725	7.75	-1.16228700150071e-07	0.799999998314377	2.95003191114978e-07	63.2055338216763	0.19999990701704
13.875	7.75	-1.44490041749318e-07	0.800000001807434	2.88111934347341e-07	63.1815338341216	0.199999884407967
14.025	7.75	-1.75271601467477e-07	0.800000005275205	2.81401355322605e-07	63.15753384931	0.199999859782719
14.175	7.75	-2.07882006893324e-07	0.800000008775511	2.74869184396809e-07	63.1335338674572	0.199999833694395
14.325	7.75	-2.41308492908781e-07	0.800000012368811	2.68513449491908e-07	63.1095338886968	0.199999806953206
14.475	7.75	-2.74156666476461e-07	0.800000016119906	2.62331722142072e-07	63.0855339130463	0.199999780674667
14.625	7.75	-3.04584855747457e-07	0.800000020097686	2.56321449464153e-07	63.0615339403677	0.199999756332115
14.775	7.75	-3.30232098513037e-07	0.800000024377202	2.50479935479755e-07	63.0375339703208	0.199999735814321
14.925	7.75	-3.48137926142837e-07	0.800000029042038	2.44804425500285e-07	63.0135340023096	0.199999721489659
15.075	7.75	-3.54650715511692e-07	0.800000034188251	2.3929195604991e-07	62.9895340354207	0.199999716279428
15.225	7.75	-3.45319334799217e-07	0.800000039931923	2.33939567853084e-07	62.9655340683513	0.199999723744532
15.375	7.75	-3.14759864951912e-07	0.800000046418106	2.2874424368361e-07	62.9415340993261	0.199999748192108
15.525	7.75	-2.56485028380259e-07	0.800000053835275	2.23702884304827e-07	62.9175341260001	0.199999794811977
15.675	7.75	-1.62678192876928e-07	0.800000062437689	2.18812356049578e-07	62.8935341453411	0.199999869857446
15.825	7.75	-2.38859024130506e-08	0.800000072572829	2.14069506822967e-07	62.869534153488	0.199999980891278
15.975	7.75	1.71407901217029e-07	0.800000084724597	2.09471334790888e-07	62.8455341455728	0.200000137126321
16.125	7.75	4.37377424087496e-07	0.800000099568023	2.05014695785174e-07	62.8215341154942	0.200000349901939
16.275	7.75	7.91691543657919e-07	0.800000118049531	2.00696465184954e-07	62.7975340556223	0.200000633353235
16.425	7.75	1.25668914406634e-06	0.800000141493589	1.96513525573168e-07	62.7735339564065	0.200001005351315
16.575	7.75	1.86102691633085e-06	0.80000017174713	1.92462945332605e-07	62.7495338058483	0.200001488821533
16.725	7.75	2.64198137003155e-06	0.800000211376658	1.88541657527482e-07	62.7255335887844	0.200002113585096
16.875	7.75	3.64865123664219e-06	0.800000263935194	1.84746634949862e-07	62.7015332859051	0.200002918920989
17.025	7.75	4.94639264553219e-06	0.80000033431964	1.81075031230756e-07	62.677532872407	0.200003957114116
17.175	7.75	6.62293485050613e-06	0.800000429252433	1.77523980541381e-07	62.6535323161382	0.20000529834788
17.325	7.75	8.79677933407976e-06	0.800000557932192	1.74090543725638e-07	62.6295315750477	0.200007037423467
17.475	7.75	1.16286946780842e-05	0.800000732910881	1.707720437068e-07	62.6055305936794	0.200009302955742
17.625	7.75	1.53374042769205e-05	0.800000971278357	1.67565635153773e-07	62.5815292983616	0.200012269923422
17.775	7.75	2.02209507545809e-05	0.800001296267024	1.64468586979747e-07	62.5575275906175	0.200016176760604
17.925	7.75	2.66857424401832e-05	0.800001739406407	1.61478131672253e-07	62.5335253381568	0.200021348593952
18.075	7.75	3.528598055502e-05	0.800002343404298	1.58591443353149e-07	62.5095223625795	0.200028228784444
18.225	7.75	4.67770748345106e-05	0.800003165973001	1.55806041242209e-07	62.4855184226244	0.200037421659868
18.375	7.75	6.21878444140531e-05	0.800004284917666	1.53118724921422e-07	62.4615131913872	0.200049750275531
18.525	7.75	8.29178862539611e-05	0.800005804963208	1.50526799892907e-07	62.4375062253993	0.200066334309003
18.675	7.75	0.000110868690731698	0.800007867084038	1.4802693817147e-07	62.4134969227397	0.200088694952585
18.825	7.75	0.000148620244369775	0.800010661443022	1.4561606893686e-07	62.3894844663763	0.200118896195496
18.975	7.75	0.000199669439953846	0.800014445361737	1.43290093072633e-07	62.3654677475859	0.200159735551963
19.125	7.75	0.000268753022973692	0.800019567770079	1.41044876248222e-07	62.3414452624299	0.200215002418379
19.275	7.75	0.000362286129051614	0.800026501171731	1.38875448884318e-07	62.3174149716772	0.200289828903241
19.425	7.75	0.000488957266330304	0.800035881448246	1.36775777507077e-07	62.2933741111185	0.200391165813064
19.575	7.75	0.000660531137440257	0.800048555751625	1.34738768286767e-07	62.2693189347844	0.200528424909952
19.725	7.75	0.000892922139415751	0.800065641018863	1.32755247866678e-07	62.2452443680976	0.200714337711533
19.875	7.75	0.00120761703305966	0.800088602068646	1.30813908805271e-07	62.2211435412056	0.200966093626448
20.025	7.75	0.0016335539967219	0.800119368671027	1.28900410275794e-07	62.1970071638238	0.201306843197378
20.175	7.75	0.00220962163097257	0.800160520411163	1.26995895606098e-07	62.1728226899191	0.201767697304778
20.325	7.75	0.00298804015438428	0.800215564921555	1.25076904608406e-07	62.1485732001205	0.202390432123507
20.475	7.75	0.00403902937944218	0.800289302817149	1.23112921940142e-07	62.1242358977262	0.203231223503554
20.625	7.75	0.00545732336496504	0.800388199313403	1.21064871227781e-07	62.09978006787	0.204365858691972
20.775	7.75	0.00737118357875647	0.800520574354283	1.18882758906083e-07	62.0751642912343	0.205896946863005
20.925	7.75	0.0099544769231396	0.80069631686605	1.16503272828171e-07	62.0503326452218	0.207963581538512
21.075	7.75	0.0134420113307999	0.800925788234459	1.13847991093117e-07	62.0252095891003	0.21075360906464
21.225	7.75	0.0181476167157232	0.801217668298989	1.10823600788329e-07	61.9996932450828	0.214518093372579
21.375	7.75	0.0244834923782303	0.801575733534293	1.07327233439883e-07	61.9736468831263	0.219586793902584
21.525	7.75	0.0329782614629498	0.801994896009942	1.03256156616287e-07	61.9468886114637	0.22638260917036
21.675	7.75	0.0442900702827015	0.802457197495473	9.85274976912009e-08	61.9191795739963	0.235432056226161
21.825	7.75	0.0592098294348177	0.802928808739592	9.31018225427731e-08	61.8902113670518	0.247367863547854
21.975	7.75	0.078648013499827	0.803359421318891	8.7008509939143e-08	61.8595939387966	0.262918410799862
22.125	7.75	0.103596186732906	0.803685603779171	8.03622242735187e-08	61.8268459723455	0.282876949386325
22.275	7.75	0.135052298161285	0.803839348331552	7.33610903523388e-08	61.7913906992378	0.308041838529028
22.425	7.75	0.17389898801684	0.803761763903248	6.62631528274752e-08	61.7525611271229	0.339119190413472
22.575	7.75	0.220730578383138	0.803419715011247	5.934484271688e-08	61.7096193876397	0.37658446270651
22.725	7.75	0.275641519278566	0.802820811416057	5.28553093401028e-08	61.6617945126113	0.420513215422852
22.875	7.75	0.338017847964219	0.802020599122333	4.69810306795897e-08	61.6083403593946	0.470414278371375
23.025	7.75	0.40640471442263	0.801116471568378	4.18290597272607e-08	61.5486099301988	0.525123771538104
23.175	7.75	0.478534563015721	0.800226949266704	3.7429720460807e-08	61.4821347684972	0.582827650412577
23.325	7.75	0.55156607757317	0.799461991419837	3.37523086037884e-08	61.4086916124074	0.641252862058536
23.475	7.75	0.622501299222468	0.798895949781711	3.07262460774665e-08	61.3283375814657	0.698001039377975
23.625	7.75	0.688659249928479	0.798554429657031	2.82610402689931e-08	61.2414025514166	0.750927399942783
23.775	7.75	0.748051803206915	0.798418763000877	2.62618971614347e-08	61.1484406609932	0.798441442565532
23.925	7.75	0.799557775204922	0.798442587848201	2.46395836658908e-08	61.0501553627461	0.839646220163938
24.075	7.75	0.842886465480606	0.798570868392915	2.33158815403813e-08	60.9473178707218	0.874309172384485
24.225	7.75	0.87839815207748	0.798753979809385	2.22254188711885e-08	60.8406960122356	0.902718521661984
24.375	7.75	0.906872097304709	0.798954510401777	2.13152806699291e-08	60.7310028671742	0.925497677843767
24.525	7.75	0.929292195726386	0.799148213626256	2.05437628732213e-08	60.6188668490117	0.943433756581108
24.675	7.75	0.946685092216945	0.799321789792673	1.98784439847613e-08	60.5048198468003	0.957348073773556
24.825	7.75	0.960016773231646	0.799469709056183	1.92945148658307e-08	60.3892980962767	0.968013418585317
24.975	7.75	0.970138072021053	0.799591309566733	1.87731045677448e-08	60.2726506249646	0.976110457616842
25.125	7.75	0.977764768447198	0.7996886134934	1.83000438681986e-08	60.1551512645504	0.982211814757758
25.275	7.75	0.983479106703176	0.799764868214248	1.78646701326102e-08	60.0370115436744	0.986783285362541
25.425	7.75	0.987742790689884	0.799823656762673	1.74591029538335e-08	59.9183928832982	0.990194232551907
25.575	7.75	0.990914817558975	0.799868402517702	1.70773778006344e-08	59.7994173120789	0.99273185404718
25.725	7.75	0.993270126564218	0.799902127252355	1.67151945381278e-08	59.6801764306306	0.994616101251375
25.875	7.75	0.995016874638361	0.799927363475125	1.63692698736053e-08	59.5607386515218	0.996013499710689
26.025	7.75	0.996311339839538	0.799946155566766	1.60372107548457e-08	59.4411548947878	0.99704907187163
26.175	7.75	0.997270176034163	0.79996010753115	1.571719417033e-08	59.3214629799352	0.997816140827331
26.325	7.75	0.997980145876982	0.799970450678484	1.54078921964796e-08	59.2016909625941	0.998384116701586
26.475	7.75	0.998505654657395	0.799978114965423	1.51082458015669e-08	59.0818596423988	0.998804523725916
26.625	7.75	0.998894473321574	0.79998379484392	1.48174510087817e-08	58.9619844345613	0.999115578657259
26.775	7.75	0.999182029781789	0.799988005325951	1.45348600382268e-08	58.8420767607682	0.999345623825431
26.925	7.75	0.999394600850714	0.799991127118615	1.42599882720611e-08	58.7221450808907	0.999515680680571
27.075	7.75	0.999551676916956	0.799993441520654	1.3992415969909e-08	58.6021956579801	0.999641341533565
27.225	7.75	0.99966771197723	0.79999515664364	1.37317858962311e-08	58.4822331257608	0.999734169581784
27.375	7.75	0.999753419901221	0.799996426759654	1.34778064053267e-08	58.3622609099011	0.999802735920977
27.525	7.75	0.999816736201851	0.799997366446178	1.32302008229665e-08	58.2422815409004	0.999853388961481
27.675	7.75	0.999863532812567	0.799998060909569	1.29887729437682e-08	58.1222968865007	0.999890826250054
27.825	7.75	0.999898149897332	0.799998573545759	1.27533007117194e-08	58.002308324264	0.999918519917866
27.975	7.75	0.999923791676083	0.799998951512076	1.25235954553655e-08	57.8823168696218	0.999939033340867
28.125	7.75	0.999942820939379	0.799999229859262	1.22995177411712e-08	57.7623232707893	0.999954256751503
28.275	7.75	0.999956977995807	0.799999434610982	1.20808407948382e-08	57.6423280790331	0.999965582396645
28.425	7.75	0.999967543255019	0.799999585065425	1.18674678764987e-08	57.522331700625	0.999974034604015
28.575	7.75	0.999975457805427	0.799999695516003	1.16592102243271e-08	57.4023344352052	0.999980366244342
28.725	7.75	0.999981412728487	0.799999776536868	1.14559478331123e-08	57.2823365040697	0.99998513018279
28.875	7.75	0.999985915176557	0.799999835941588	1.12575512990681e-08	57.1623380709993	0.999988732141246
29.025	7.75	0.999989337201406	0.799999879496411	1.10638890730554e-08	57.0423392575728	0.999991469761125
29.175	7.75	0.999991951790667	0.799999911450853	1.087484772484e-08	56.9223401544074	0.999993561432533
29.325	7.75	0.999993959424819	0.799999934930941	1.06902903274884e-08	56.8023408293936	0.999995167539855
29.475	7.75	0.999995507614324	0.799999952231607	1.05101012647795e-08	56.6823413337184	0.999996406091459
29.625	7.75	0.999996705242097	0.799999965033224	1.03341648808056e-08	56.5623417062621	0.999997364193677
29.775	7.75	0.999997633065808	0.799999974562578	1.01624237462018e-08	56.4423419768019	0.999998106452647
29.925	7.75	0.999998351385242	0.799999981712287	9.99468780456737e-09	56.3223421683446	0.999998681108193
30.075	7.75	0.999998905620628	0.799999987129202	9.83093602980251e-09	56.2023422988223	0.999999124496502
30.225	7.75	0.999999330355687	0.799999991280233	9.67102748379024e-09	56.0823423823267	0.99999946428455
30.375	7.75	0.999999652255967	0.79999999450105	9.51488519339514e-09	55.9623424300099	0.999999721804773
30.525	7.75	0.999999892166598	0.799999997031979	9.3623752162334e-09	55.8423424507432	0.999999913733279
30.675	7.75	1.00000006661442	0.799999999044603	9.21345496417834e-09	55.7223424516043	1.00000005329154
30.825	7.75	1.00000018888043	0.800000000661304	9.06801870615868e-09	55.6023424382399	1.00000015110434
30.975	7.75	1.00000026976429	0.800000001969236	8.92598133089383e-09	55.4823424151409	1.00000021581143
31.125	7.75	1.00000031813024	0.800000003031326	8.78727173426862e-09	55.3623423858543	1.00000025450419
31.275	7.75	1.00000034129914	0.800000003893031	8.65180052652809e-09	55.2423423531504	1.00000027303931
31.425	7.75	1.00000034533335	0.800000004588208	8.51949333642259e-09	55.122342319157	1.00000027626668
31.575	7.75	1.00000033524795	0.800000005142458	8.39025376264841e-09	55.00234228547	1.00000026819836
31.725	7.75	1.00000031517155	0.800000005576224	8.26403970865039e-09	54.8823422532466	1.00000025213724
31.875	7.75	1.00000028847336	0.800000005906093	8.1407667132703e-09	54.7623422232842	1.00000023077869
32.025	7.75	1.00000025786736	0.800000006146309	8.02037952739453e-09	54.6423421960879	1.00000020629389
32.175	7.75	1.00000022550095	0.800000006309226	7.90279362504521e-09	54.5223421719297	1.00000018040076
32.325	7.75	1.00000019303282	0.800000006406093	7.78793573029177e-09	54.4023421508989	1.00000015442625
32.475	7.75	1.00000016170284	0.800000006447012	7.67577925215811e-09	54.2823421329456	1.00000012936227
32.625	7.75	1.00000013239566	0.80000000644133	7.56621343169156e-09	54.1623421179178	1.00000010591653
32.775	7.75	1.00000010569877	0.800000006397489	7.45923047701659e-09	54.0423421055932	1.00000008455902
32.925	7.75	1.00000008195548	0.80000000632307	7.35472997819186e-09	53.9223420957044	1.00000006556438
33.075	7.75	1.00000006131279	0.800000006225048	7.25268590766067e-09	53.8023420879608	1.00000004905023
33.225	7.75	1.00000004376434	0.800000006109357	7.15302916021608e-09	53.6823420820648	1.00000003501148
33.375	7.75	1.00000002918823	0.800000005981306	7.05570459531553e-09	53.5623420777252	1.00000002335058
33.525	7.75	1.00000001737989	0.800000005845358	6.96066012703092e-09	53.4423420746663	1.00000001390391
33.675	7.75	1.00000000808001	0.80000000570517	6.86787517309597e-09	53.3223420726347	1.00000000646401
33.825	7.75	1.00000000099791	0.80000000556382	6.77725045227032e-09	53.2023420714034	1.00000000079833
33.975	7.75	0.999999995830291	0.800000005423625	6.68878323602093e-09	53.0823420707739	0.999999996664233
34.125	7.75	0.999999992276144	0.800000005286347	6.60240002014287e-09	52.9623420705769	0.999999993820916
34.275	7.75	0.999999990047881	0.80000000515329	6.51806597360638e-09	52.842342070671	0.999999992038305
34.425	7.75	0.999999988879268	0.800000005025225	6.43574473973045e-09	52.7223420709417	0.999999991103415
34.575	7.75	0.99999998853063	0.800000004902672	6.35538788123885e-09	52.6023420712986	0.999999990824504
34.725	7.75	0.99999998879174	0.800000004785718	6.27696239766742e-09	52.482342071673	0.999999991033392
34.875	7.75	0.999999989482799	0.800000004674224	6.20040962916608e-09	52.3623420720148	0.999999991586239
35.025	7.75	0.999999990454	0.800000004568067	6.12570743231564e-09	52.24234207229	0.9999999923632
35.175	7.75	0.999999991583945	0.800000004466752	6.05280099925458e-09	52.1223420724772	0.999999993267156
35.325	7.75	0.999999992777324	0.800000004369873	5.98167573809538e-09	52.0023420725658	0.999999994221859
35.475	7.75	0.999999993962084	0.800000004276872	5.91229790288635e-09	51.882342072553	0.999999995169667
35.625	7.75	0.999999995086358	0.800000004187303	5.84461904273823e-09	51.762342072442	0.999999996069086
35.775	7.75	0.999999996115364	0.800000004100571	5.77860323771094e-09	51.6423420722402	0.999999996892291
35.925	7.75	0.999999997028289	0.800000004016316	5.71423615706954e-09	51.5223420719577	0.999999997622631
36.075	7.75	0.999999997815463	0.800000003934048	5.65146664392127e-09	51.4023420716059	0.99999999825237
36.225	7.75	0.999999998475754	0.800000003853375	5.59027447665916e-09	51.2823420711969	0.999999998780603
36.375	7.75	0.999999999014279	0.800000003774066	5.53062815655512e-09	51.1623420707425	0.999999999211424
36.525	7.75	0.999999999440454	0.800000003695645	5.47250365829509e-09	51.0423420702539	0.999999999552363
36.675	7.75	0.999999999766327	0.800000003618184	5.41586104099105e-09	50.9223420697412	0.999999999813061
36.825	7.75	1.00000000000534	0.8000000035412	5.36069520112277e-09	50.8023420692133	1.00000000000427
36.975	7.75	1.00000000017135	0.800000003464826	5.30696299476252e-09	50.6823420686778	1.00000000013708
37.125	7.75	1.00000000027792	0.800000003388846	5.25464586253058e-09	50.562342068141	1.00000000022233
37.275	7.75	1.0000000003377	0.800000003313126	5.20370852386829e-09	50.4423420676078	1.00000000027016
37.425	7.75	1.00000000036183	0.800000003237597	5.1541331136001e-09	50.3223420670822	1.00000000028947
37.575	7.75	1.00000000035914	0.800000003162065	5.10590509938973e-09	50.202342066567	1.00000000028731
37.725	7.75	1.00000000033566	0.800000003086785	5.05899821684859e-09	50.0823420660646	1.00000000026852
37.875	7.75	1.00000000029551	0.800000003012229	5.01337781336063e-09	49.9623420655765	1.00000000023641
38.025	7.75	1.00000000024452	0.800000002939469	4.96904378207667e-09	49.8423420651041	1.00000000019561
38.175	7.75	1.00000000019657	0.800000002869162	4.92595321307979e-09	49.7223420646477	1.00000000015725
38.325	7.75	1.00000000017805	0.800000002799743	4.88409646870459e-09	49.6023420642056	1.00000000014244
38.475	7.75	1.0000000002182	0.800000002725047	4.84346457855776e-09	49.4823420637736	1.00000000017456
38.625	7.75	1.00000000031038	0.800000002634455	4.80403579426805e-09	49.3623420633462	1.0000000002483
38.775	7.75	1.000000000346	0.800000002521462	4.7657927813969e-09	49.2423420629236	1.0000000002768
38.925	7.75	1.00000000007385	0.800000002404005	4.72869165341604e-09	49.1223420625233	1.00000000005908
39.075	7.75	0.999999999212009	0.80000000234815	4.6927505879357e-09	49.0023420621883	0.999999999369607
39.225	7.75	0.999999997861571	0.800000002462899	4.6579199492728e-09	48.8823420619701	0.999999998289257
39.375	7.75	0.999999997187143	0.800000002809467	4.62422946030618e-09	48.76234206186	0.999999997749714
39.525	7.75	0.999999999800252	0.80000000319444	4.59162474617917e-09	48.6423420616674	0.999999999840202
39.675	7.75	1.00000000854989	0.800000002939156	4.56010824010601e-09	48.5223420609399	1.00000000683991
39.825	7.75	1.0000000222811	0.800000000960923	4.52966047099023e-09	48.402342059144	1.00000001782488
39.975	7.75	1.00000002906865	0.799999996696142	4.50027978695676e-09	48.2823420563737	1.00000002325492
40.125	7.75	1.00000000269435	0.799999992129541	4.47192612501641e-09	48.162342054554	1.00000000215548
40.275	7.75	0.999999915051602	0.799999993937892	4.44462350066489e-09	48.0423420582175	0.999999932041282
40.425	7.75	0.999999777875208	0.800000012506514	4.41832642268382e-09	47.9223420726827	0.999999822300166
40.575	7.75	0.999999707649949	0.800000052940611	4.39302663972012e-09	47.8023420971135	0.999999766119959
40.725	7.75	0.999999957517771	0.800000096051526	4.36875056590124e-09	47.6823421129317	0.999999966014217
40.875	7.75	1.00000079734942	0.800000079154048	4.34544703827525e-09	47.5623420764546	1.00000063787954
41.025	7.75	1.00000212196186	0.799999906533974	4.32311716886184e-09	47.4423419360944	1.00000169756948
41.175	7.75	1.00000285290258	0.799999532300876	4.30174823857107e-09	47.3223416970777	1.00000228232206
41.325	7.75	1.00000065163103	0.799999129946578	4.28135626515365e-09	47.2023415286471	1.00000052130482
41.475	7.75	0.999993003858048	0.799999257401524	4.26193863747571e-09	47.0823418329807	0.999994403086439
41.625	7.75	0.999980706637697	0.800000757906986	4.24346740688827e-09	46.9623430946846	0.999984565310158
41.775	7.75	0.99997313846373	0.800004042433173	4.22592088917805e-09	46.8423453099377	0.999978510770984
41.925	7.75	0.999990827520248	0.800007659250272	4.20920379229651e-09	46.7223470393957	0.999992662016198
42.075	7.75	1.00005637953596	0.800006937772706	4.19323637300976e-09	46.6023447732955	1.00004510362877
42.225	7.75	1.00016528886172	0.799994825549645	4.17805122507618e-09	46.4823341330991	1.00013223108938
42.375	7.75	1.0002418495546	0.799967675523854	4.16386343774342e-09	46.3623145903744	1.00019347964368
42.525	7.75	1.00011633628759	0.799936551703627	4.15123987760826e-09	46.2422973972037	1.00009306903007
42.675	7.75	0.999594226907033	0.799937861804359	4.14081954548407e-09	46.1223112900676	0.999675381525626
42.825	7.75	0.998683926300587	0.800027373500395	4.13258919411537e-09	46.0023939410448	0.998947141040469
42.975	7.75	0.997944673213804	0.800237007786963	4.12468074287665e-09	45.8825557728139	0.998355738571043
43.125	7.75	0.998684258961527	0.800490006329939	4.11279721289043e-09	45.7627175783625	0.998947407169221
43.275	7.75	1.00248296174376	0.800522975909855	4.09178531240781e-09	45.6426615479274	1.001986369395
43.425	7.75	1.00955927623989	0.799934826242697	4.06110721737294e-09	45.5220836452877	1.00764742099191
43.575	7.75	1.01623380740142	0.798479882179989	4.03276725470338e-09	45.4008458685399	1.01298704592114
43.725	7.75	1.01328677103665	0.796573392305719	4.03597777986998e-09	45.2794287121646	1.01062941682932
43.875	7.75	0.988680897778729	0.795833251007573	4.11072389739032e-09	45.1593337176616	0.990944718222983
44.025	7.75	0.938367896620039	0.799351007604452	4.2803219132442e-09	45.0428406851629	0.950694317296031
44.175	7.75	0.884673133398868	0.810192428930274	4.47962697042049e-09	44.9313521795252	0.907738506719094
44.325	7.75	0.889127901543048	0.824441953025304	4.46000707737858e-09	44.8222078254852	0.911302321234438
44.475	7.75	1.03257195140781	0.826489829136249	3.95971417309786e-09	44.7059574198707	1.02605756112625
44.625	7.75	1.34924434208775	0.808622132974404	3.17434935841728e-09	44.5677999839714	1.2793954736702
44.775	7.75	1.7640881183837	0.709537047466073	2.51945346643003e-09	44.3955931708196	1.61127049470696
44.925	7.75	2.11154506650211	0.834636814074294	2.14813947896945e-09	44.2248231511263	1.88923605320169
0.075	8.25	3.47473534762777e-16	0.399999942540213	-2.05293981572673e-06	65.3895318964117	0.2
0.225	8.25	1.09796543648731e-15	0.799999828026016	-2.04420609316517e-06	65.3655318998592	0.200000000000001
0.375	8.25	2.54819079545771e-15	0.799999714721487	-2.02683327801871e-06	65.3415319067301	0.200000000000002
0.525	8.25	4.61626883251656e-15	0.799999603412419	-2.00100895224759e-06	65.317531916976	0.200000000000004
0.675	8.25	7.14882183545552e-15	0.799999494855612	-1.9670094825867e-06	65.2935319305253	0.200000000000006
0.825	8.25	9.9358909322879e-15	0.799999389765765	-1.92519425514917e-06	65.2695319472846	0.200000000000008
0.975	8.25	1.27379785573859e-14	0.799999288807336	-1.87599907063051e-06	65.2455319671394	0.20000000000001
1.125	8.25	1.52997161091105e-14	0.799999192586586	-1.81992641631685e-06	65.2215319899562	0.200000000000012
1.275	8.25	1.73403465699218e-14	0.799999101642302	-1.75753686194305e-06	65.1975320155842	0.200000000000014
1.425	8.25	1.85241288292898e-14	0.799999016442272	-1.68943801161234e-06	65.1735320438576	0.200000000000015
1.575	8.25	1.84215016196475e-14	0.79999893737862	-1.61627399536093e-06	65.1495320745977	0.200000000000015
1.725	8.25	1.64738524080561e-14	0.79999886476608	-1.53871417987074e-06	65.1255321076149	0.200000000000013
1.875	8.25	1.19726860229859e-14	0.799998798841376	-1.45744237737483e-06	65.1015321427117	0.20000000000001
2.025	8.25	4.06040754319798e-15	0.799998739762636	-1.37314635427823e-06	65.0775321796845	0.200000000000003
2.175	8.25	-8.24302233160651e-15	0.799998687615213	-1.2865080450514e-06	65.0535322183259	0.199999999999993
2.325	8.25	-2.5984661657631e-14	0.799998642411094	-1.19819448840425e-06	65.0295322584275	0.199999999999979
2.475	8.25	-5.01913048091031e-14	0.799998604096963	-1.10884988601887e-06	65.0055322997813	0.19999999999996
2.625	8.25	-8.17463039080329e-14	0.799998572556938	-1.01908799040749e-06	64.9815323421817	0.199999999999935
2.775	8.25	-1.21225599748641e-13	0.799998547620059	-9.29487480719377e-07	64.9575323854279	0.199999999999903
2.925	8.25	-1.68688124779156e-13	0.79999852906664	-8.40585968063176e-07	64.9335324293245	0.199999999999865
3.075	8.25	-2.23417146011678e-13	0.799998516634844	-7.52877059580345e-07	64.9095324736839	0.199999999999821
3.225	8.25	-2.83612213096826e-13	0.799998510026415	-6.66807974457009e-07	64.8855325183265	0.199999999999773
3.375	8.25	-3.46036238791929e-13	0.799998508914932	-5.82777409641811e-07	64.8615325630824	0.199999999999723
3.525	8.25	-4.05629047011597e-13	0.799998512952047	-5.01135887558783e-07	64.8375326077917	0.199999999999676
3.675	8.25	-4.55107466259979e-13	0.79999852177256	-4.2218524628979e-07	64.8135326523053	0.199999999999636
3.825	8.25	-4.84582863879018e-13	0.799998535000949	-3.46180248892457e-07	64.7895326964854	0.199999999999612
3.975	8.25	-4.81239749583115e-13	0.799998552257769	-2.73329859082345e-07	64.7655327402054	0.199999999999615
4.125	8.25	-4.29133625835956e-13	0.799998573161622	-2.03799795758755e-07	64.74153278335	0.199999999999657
4.275	8.25	-3.09182040428994e-13	0.79999859733615	-1.37714430786126e-07	64.7175328258158	0.199999999999753
4.425	8.25	-9.94391598115155e-14	0.799998624412939	-7.51603147590529e-08	64.6935328675099	0.19999999999992
4.575	8.25	2.24240188995732e-13	0.799998654032895	-1.61890031063419e-08	64.669532908351	0.200000000000179
4.725	8.25	6.87027631167062e-13	0.799998685852453	3.91798490260276e-08	64.6455329482679	0.20000000000055
4.875	8.25	1.31331120129008e-12	0.799998719542472	9.09550636382051e-08	64.6215329871997	0.200000000001051
5.025	8.25	2.12411786843955e-12	0.79999875479081	1.39171038677818e-07	64.5975330250951	0.200000000001699
5.175	8.25	3.13364672058985e-12	0.799998791304469	1.83884477074042e-07	64.5735330619119	0.200000000002507
5.325	8.25	4.34481304616909e-12	0.799998828809377	2.25170806436519e-07	64.5495330976162	0.200000000003476
5.475	8.25	5.74374371091481e-12	0.799998867051678	2.63122250868968e-07	64.5255331321824	0.200000000004595
5.625	8.25	7.29322638589916e-12	0.799998905796971	2.9784413839495e-07	64.501533165592	0.200000000005835
5.775	8.25	8.92520373388788e-12	0.799998944830135	3.29452885828728e-07	64.4775331978333	0.20000000000714
5.925	8.25	1.05325220858177e-11	0.799998983956947	3.58073787298269e-07	64.4535332289005	0.200000000008426
6.075	8.25	1.19602955812593e-11	0.799999023001256	3.83838833347036e-07	64.4295332587938	0.200000000009568
6.225	8.25	1.29974323580431e-11	0.79999906180474	4.06883853090579e-07	64.4055332875181	0.200000000010398
6.375	8.25	1.33690888153432e-11	0.799999100228173	4.27348338964155e-07	64.381533315083	0.200000000010695
6.525	8.25	1.27310674242601e-11	0.79999913814725	4.45372797144493e-07	64.3575333415019	0.200000000010185
6.675	8.25	1.06674462160203e-11	0.799999175454683	4.6109768938623e-07	64.3335333667917	0.200000000008534
6.825	8.25	6.6930119195161e-12	0.799999212056074	4.74662729653303e-07	64.3095333909726	0.200000000005354
6.975	8.25	2.62347159647752e-13	0.79999924787358	4.86205094852046e-07	64.2855334140671	0.20000000000021
7.125	8.25	-9.21232827431345e-12	0.799999282838699	4.95859451588404e-07	64.2615334361001	0.19999999999263
7.275	8.25	-2.23322705114769e-11	0.799999316897113	5.03756353592667e-07	64.2375334570985	0.199999999982134
7.425	8.25	-3.96698908650915e-11	0.799999350004957	5.10022920133173e-07	64.2135334770906	0.199999999968264
7.575	8.25	-6.17106542409828e-11	0.799999382125865	5.14780844448139e-07	64.1895334961058	0.199999999950631
7.725	8.25	-8.87770783203902e-11	0.799999413235395	5.1814744079174e-07	64.1655335141749	0.199999999928978
7.875	8.25	-1.20933184927063e-10	0.799999443314417	5.20234981331229e-07	64.1415335313288	0.199999999903253
8.025	8.25	-1.57868523243402e-10	0.799999472352455	5.21149902420406e-07	64.1175335475992	0.199999999873705
8.175	8.25	-1.98762007241031e-10	0.79999950034487	5.20993515338978e-07	64.0935335630179	0.19999999984099
8.325	8.25	-2.4212733977772e-10	0.799999527292958	5.19861554257893e-07	64.0695335776167	0.199999999806298
8.475	8.25	-2.85643775832084e-10	0.799999553201856	5.17844723270231e-07	64.0455335914268	0.199999999771485
8.625	8.25	-3.25978435895943e-10	0.799999578082026	5.15027873036774e-07	64.0215336044794	0.199999999739217
8.775	8.25	-3.58609322850754e-10	0.799999601947493	5.1149106512318e-07	63.9975336168045	0.199999999713113
8.925	8.25	-3.77661598342985e-10	0.799999624814674	5.07308919017284e-07	63.9735336284314	0.199999999697871
9.075	8.25	-3.75773475049908e-10	0.799999646703735	5.02551181940933e-07	63.9495336393881	0.199999999699381
9.225	8.25	-3.44012171352336e-10	0.799999667635649	4.97283034855984e-07	63.9255336497013	0.19999999972479
9.375	8.25	-2.71864591218794e-10	0.799999687634418	4.91564749496398e-07	63.901533659396	0.199999999782508
9.525	8.25	-1.47331510645079e-10	0.799999706724578	4.85452438244436e-07	63.8775336684955	0.199999999882135
9.675	8.25	4.28422189857929e-11	0.79999972493219	4.78997998329637e-07	63.8535336770209	0.200000000034274
9.825	8.25	3.12765960910603e-10	0.799999742283688	4.72249363201889e-07	63.8295336849913	0.200000000250213
9.975	8.25	6.76792786804684e-10	0.79999975880571	4.65250482678305e-07	63.8055336924238	0.200000000541434
10.125	8.25	1.14866275677405e-09	0.799999774525669	4.58042167674451e-07	63.781533699333	0.20000000091893
10.275	8.25	1.74036465757794e-09	0.799999789470639	4.50661578047457e-07	63.7575337057317	0.200000001392292
10.425	8.25	2.46068575963845e-09	0.799999803667483	4.43142701040969e-07	63.7335337116306	0.200000001968549
10.575	8.25	3.31342743495182e-09	0.799999817142009	4.35516814164825e-07	63.7095337170392	0.200000002650742
10.725	8.25	4.29527672710551e-09	0.799999829920949	4.27812282390497e-07	63.6855337219659	0.200000003436221
10.875	8.25	5.39334069966235e-09	0.799999842028821	4.20054889978983e-07	63.6615337264193	0.200000004314673
11.025	8.25	6.58237202504282e-09	0.799999853490774	4.12268021608879e-07	63.6375337304087	0.200000005265898
11.175	8.25	7.82174107524452e-09	0.799999864330559	4.04472850817824e-07	63.613533733946	0.200000006257393
11.325	8.25	9.05224179025915e-09	0.799999874571076	3.9668853018946e-07	63.5895337370471	0.200000007241793
11.475	8.25	1.01928556171456e-08	0.799999884235983	3.88932246136323e-07	63.5655337397337	0.200000008154284
11.625	8.25	1.11376392957066e-08	0.799999893346525	3.81219326795805e-07	63.5415337420359	0.200000008910111
11.775	8.25	1.17529473087294e-08	0.799999901925765	3.73563550515079e-07	63.5175337439945	0.200000009402358
11.925	8.25	1.18752470953199e-08	0.79999990999525	3.65977139450916e-07	63.4935337456638	0.200000009500198
12.075	8.25	1.13098328932425e-08	0.79999991757714	3.58471023671396e-07	63.4695337471147	0.200000009047866
12.225	8.25	9.83079014382837e-09	0.799999924694766	3.51054633509223e-07	63.4455337484377	0.200000007864632
12.375	8.25	7.18260417855434e-09	0.799999931371358	3.43736434428594e-07	63.4215337497455	0.200000005746083
12.525	8.25	3.08384149952389e-09	0.799999937632396	3.36523906603438e-07	63.3975337511763	0.200000002467073
12.675	8.25	-2.76664374153179e-09	0.799999943503833	3.29423005997521e-07	63.3735337528955	0.199999997786685
12.825	8.25	-1.0680514597871e-08	0.799999949014952	3.22439374769133e-07	63.3495337550973	0.199999991455588
12.975	8.25	-2.09673095008534e-08	0.799999954196223	3.15577557320216e-07	63.3255337580052	0.199999983226152
13.125	8.25	-3.39179198163872e-08	0.799999959081626	3.08841368616463e-07	63.3015337618712	0.199999972865664
13.275	8.25	-4.97837968493131e-08	0.799999963707123	3.02233992667627e-07	63.2775337669726	0.199999960172963
13.425	8.25	-6.87515620043445e-08	0.799999968113324	2.9575796867212e-07	63.2535337736073	0.19999994499875
13.575	8.25	-9.09127745645307e-08	0.79999997234291	2.89415282737894e-07	63.2295337820861	0.19999992726978
13.725	8.25	-1.16228703759291e-07	0.799999976441989	2.83207465759655e-07	63.205533792722	0.199999907017037
13.875	8.25	-1.44490045650028e-07	0.799999980460942	2.77135451928234e-07	63.1815338058155	0.199999884407964
14.025	8.25	-1.75271605574289e-07	0.799999984452704	2.71199940991072e-07	63.1575338216364	0.199999859782716
14.175	8.25	-2.0788201108989e-07	0.799999988473728	2.65401085320792e-07	63.1335338404005	0.199999833694391
14.325	8.25	-2.41308497043866e-07	0.799999992584376	2.59738780665961e-07	63.1095338622413	0.199999806953202
14.475	8.25	-2.74156670361166e-07	0.799999996848068	2.542128939161e-07	63.0855338871766	0.199999780674664
14.625	8.25	-3.04584859151496e-07	0.800000001332953	2.48822531945348e-07	63.0615339150685	0.199999756332113
14.775	8.25	-3.30232101162397e-07	0.800000006113929	2.43566932280382e-07	63.0375339455769	0.199999735814319
14.925	8.25	-3.48137927715781e-07	0.800000011273456	2.38445020507792e-07	63.0135339781062	0.199999721489658
15.075	8.25	-3.54650715636045e-07	0.800000016907625	2.33455576388805e-07	62.989534011743	0.199999716279428
15.225	8.25	-3.45319333046967e-07	0.800000023131877	2.285972449704e-07	62.9655340451847	0.199999723744534
15.375	8.25	-3.14759860833745e-07	0.800000030091003	2.23868398625487e-07	62.9415340766564	0.199999748192111
15.525	8.25	-2.56485021336047e-07	0.800000037973709	2.19267487076609e-07	62.9175341038131	0.199999794811983
15.675	8.25	-1.62678182263317e-07	0.800000047033215	2.14792743162049e-07	62.8935341236231	0.199999869857454
15.825	8.25	-2.38858874842249e-08	0.800000057617707	2.1044232695524e-07	62.8695341322254	0.19999998089129
15.975	8.25	1.71407921336578e-07	0.80000007021018	2.0621439870123e-07	62.8455341247521	0.200000137126337
16.125	8.25	4.37377450441617e-07	0.800000085486227	2.02107006364229e-07	62.8215340951024	0.20000034990196
16.275	8.25	7.91691577514111e-07	0.800000104392269	1.98118072912913e-07	62.7975340356465	0.200000633353262
16.425	8.25	1.25668918699085e-06	0.800000128252119	1.94245731107563e-07	62.7735339368341	0.20000100535135
16.575	8.25	1.86102697029375e-06	0.800000158912875	1.904879811524e-07	62.749533786667	0.200001488821576
16.725	8.25	2.64198143754668e-06	0.800000198942155	1.86842525569474e-07	62.7255335699821	0.20000211358515
16.875	8.25	3.64865132095787e-06	0.800000251891622	1.83307548965185e-07	62.7015332674699	0.200002918921057
17.025	8.25	4.94639275088236e-06	0.80000032265917	1.79880889937438e-07	62.6775328543273	0.200003957114201
17.175	8.25	6.62293498244518e-06	0.800000417967004	1.76560403771599e-07	62.6535322984026	0.200005298347986
17.325	8.25	8.79677949992167e-06	0.80000054701414	1.73344146929825e-07	62.6295315576451	0.2000070374236
17.475	8.25	1.16286948874756e-05	0.80000072235195	1.70229964301382e-07	62.6055305765989	0.20000930295591
17.625	8.25	1.53374045425913e-05	0.800000961071424	1.67215716667478e-07	62.5815292815925	0.200012269923634
17.775	8.25	2.02209510933158e-05	0.80000128640456	1.64299390066765e-07	62.5575275741494	0.200016176760875
17.925	8.25	2.66857428740832e-05	0.800001729881095	1.614788485894e-07	62.5335253219794	0.200021348594299
18.075	8.25	3.52859811131345e-05	0.800002334208964	1.58751963632127e-07	62.5095223466828	0.200028228784891
18.225	8.25	4.67770755549245e-05	0.800003157101063	1.56116386253368e-07	62.4855184069987	0.200037421660444
18.375	8.25	6.21878453465785e-05	0.80000427636195	1.53569965941551e-07	62.4615131760228	0.200049750276277
18.525	8.25	8.29178874635782e-05	0.800005796717385	1.51109863709704e-07	62.4375062102869	0.200066334309971
18.675	8.25	0.000110868692302936	0.800007859141764	1.48733866938794e-07	62.41349690787	0.200088694953842
18.825	8.25	0.000148620246412325	0.800010653797983	1.46438659683845e-07	62.3894844517403	0.20011889619713
18.975	8.25	0.000199669442609797	0.800014438007927	1.4422098226805e-07	62.3654677331748	0.200159735554088
19.125	8.25	0.000268753026426768	0.800019560701801	1.42076911361329e-07	62.341445248235	0.200215002421141
19.275	8.25	0.000362286133538886	0.800026494383213	1.40001828813586e-07	62.31741495769	0.200289828906831
19.425	8.25	0.000488957272157015	0.800035874934235	1.37990137554279e-07	62.2933740973307	0.200391165817726
19.575	8.25	0.000660531144998171	0.800048549506695	1.36034591563585e-07	62.2693189211877	0.200528424915999
19.725	8.25	0.00089292214920582	0.800065635037711	1.34126555285822e-07	62.245244354684	0.200714337719365
19.875	8.25	0.0012076170457198	0.800088596346497	1.32254651258311e-07	62.2211435279672	0.200966093636576
20.025	8.25	0.00163355401306126	0.800119363202842	1.30404314872271e-07	62.1970071507527	0.201306843210449
20.175	8.25	0.00220962165201491	0.800160515191892	1.28557287967026e-07	62.1728226770078	0.201767697321612
20.325	8.25	0.00298804018142227	0.80021555994681	1.26689434969975e-07	62.1485731873613	0.202390432145138
20.475	8.25	0.00403902941410577	0.800289298082173	1.24770200163975e-07	62.1242358851117	0.203231223531285
20.625	8.25	0.00545732340930492	0.800388194812974	1.22759881206523e-07	62.0997800553929	0.204365858727444
20.775	8.25	0.00737118363533582	0.80052057008372	1.20607726861789e-07	62.0751642788872	0.205896946908269
20.925	8.25	0.00995447699513207	0.800696312819815	1.182494418388e-07	62.0503326329976	0.207963581596106
21.075	8.25	0.0134420114220761	0.800925784407096	1.15605198480302e-07	62.0252095769918	0.210753609137661
21.225	8.25	0.0181476168309194	0.801217664683981	1.12580440793616e-07	61.9996932330831	0.214518093464735
21.375	8.25	0.0244834925227804	0.801575730124317	1.09069825135044e-07	61.9736468712283	0.219586794018224
21.525	8.25	0.0329782616430888	0.801994892797369	1.04969434496281e-07	61.9468885996608	0.226382609314471
21.675	8.25	0.0442900705054126	0.802457194470966	1.00194424370216e-07	61.9191795622818	0.23543205640433
21.825	8.25	0.0592098297077106	0.80292880589312	9.47045061209943e-08	61.8902113554196	0.247367863766168
21.975	8.25	0.0786480138308795	0.803359418638832	8.85299337782686e-08	61.8595939272408	0.262918411064704
22.125	8.25	0.103596187129968	0.803685601253018	8.17870721590123e-08	61.8268459608609	0.282876949703974
22.275	8.25	0.135052298631197	0.803839345946295	7.46783357967448e-08	61.7913906878197	0.308041838904958
22.425	8.25	0.173898988564079	0.803761761645713	6.74666575266611e-08	61.752561115768	0.339119190851263
22.575	8.25	0.220730579007915	0.803419712868479	6.04342600203294e-08	61.7096193763458	0.376584463206332
22.725	8.25	0.275641519974765	0.802820809376168	5.3835594933026e-08	61.661794501378	0.420513215979812
22.875	8.25	0.338017848717737	0.802020597174803	4.78612813289752e-08	61.6083403482239	0.47041427897419
23.025	8.25	0.406404715211089	0.801116469703873	4.26210945404334e-08	61.5486099190953	0.525123772168871
23.175	8.25	0.478534563810276	0.800226947477609	3.8146517242303e-08	61.4821347574686	0.58282765104822
23.325	8.25	0.551566078342448	0.799461989698908	3.44067769108588e-08	61.4086916014641	0.641252862673958
23.475	8.25	0.622501299937626	0.798895948122621	3.13303778427869e-08	61.3283375706206	0.698001039950101
23.625	8.25	0.688659250567655	0.798554428053941	2.88253475668632e-08	61.2414025406837	0.750927400454124
23.775	8.25	0.748051803757618	0.798418761448736	2.67952000742607e-08	61.1484406503867	0.798441443006095
23.925	8.25	0.799557775664033	0.798442586342617	2.51490910607524e-08	61.0501553522794	0.839646220531226
24.075	8.25	0.842886465852514	0.798570866930383	2.38073520685499e-08	60.9473178604065	0.874309172682011
24.225	8.25	0.878398152371436	0.798753978386899	2.2703338992861e-08	60.8406960020812	0.902718521897149
24.375	8.25	0.906872097532328	0.798954509017194	2.1783089813587e-08	60.7310028571879	0.925497678025862
24.525	8.25	0.929292195899656	0.799148212277721	2.1004048230465e-08	60.6188668391981	0.943433756719725
24.675	8.25	0.946685092347019	0.799321788478714	2.03331016899618e-08	60.5048198371624	0.957348073877616
24.825	8.25	0.960016773328201	0.799469707775549	1.97449280470271e-08	60.3892980868155	0.968013418662561
24.975	8.25	0.970138072092115	0.799591308318358	1.92202818316677e-08	60.27265061568	0.976110457673692
25.125	8.25	0.977764768499144	0.799688612276262	1.87446360535862e-08	60.1551512554412	0.982211814799316
25.275	8.25	0.983479106740973	0.799764867027464	1.830715147206e-08	60.0370115347386	0.986783285392778
25.425	8.25	0.987742790717279	0.7998236556054	1.78997228528014e-08	59.918392874533	0.990194232573823
25.575	8.25	0.990914817578789	0.799868401389067	1.7516338379744e-08	59.7994173034816	0.992731854063031
25.725	8.25	0.993270126578536	0.799902126151708	1.71525447714153e-08	59.6801764221978	0.994616101262829
25.875	8.25	0.995016874648707	0.799927362401554	1.68050385239235e-08	59.5607386432501	0.996013499718966
26.025	8.25	0.996311339847016	0.799946154519617	1.64713621433452e-08	59.4411548866738	0.997049071877613
26.175	8.25	0.997270176039557	0.799960106509744	1.61496983920111e-08	59.3214629719754	0.997816140831645
26.325	8.25	0.997980145880875	0.79997044968208	1.58386460461275e-08	59.2016909547848	0.9983841167047
26.475	8.25	0.998505654660205	0.799978113993337	1.55371513842392e-08	59.0818596347366	0.998804523728164
26.625	8.25	0.998894473323601	0.799983793895545	1.52444193761917e-08	58.9619844270428	0.999115578658881
26.775	8.25	0.999182029783254	0.799988004400616	1.4959817193841e-08	58.8420767533899	0.999345623826603
26.925	8.25	0.999394600851773	0.799991126215763	1.46828227157555e-08	58.7221450736493	0.999515680681418
27.075	8.25	0.999551676917719	0.799993440639659	1.44130188379579e-08	58.6021956508723	0.999641341534175
27.225	8.25	0.999667711977775	0.799995155783872	1.41500869914821e-08	58.4822331187834	0.99973416958222
27.375	8.25	0.999753419901612	0.799996425920638	1.38937185197811e-08	58.3622609030511	0.99980273592129
27.525	8.25	0.999816736202136	0.799997365627338	1.36436838251472e-08	58.2422815341746	0.999853388961709
27.675	8.25	0.999863532812779	0.799998060110317	1.3399734730985e-08	58.1222968798962	0.999890826250223
27.825	8.25	0.99989814989748	0.799998572765707	1.31616651924052e-08	58.0023083177779	0.999918519917984
27.975	8.25	0.999923791676205	0.799998950750648	1.29293193668958e-08	57.8823168632513	0.999939033340964
28.125	8.25	0.999942820939476	0.799999229115945	1.27025097671592e-08	57.7623232645317	0.999954256751581
28.275	8.25	0.999956977995883	0.799999433885384	1.24810944724464e-08	57.6423280728855	0.999965582396706
28.425	8.25	0.99996754325507	0.799999584357019	1.22649155059286e-08	57.522331694585	0.999974034604056
28.575	8.25	0.999975457805461	0.799999694824435	1.2053830804774e-08	57.4023344292702	0.999980366244369
28.725	8.25	0.999981412728517	0.799999775861622	1.18477100405214e-08	57.2823364982372	0.999985130182814
28.875	8.25	0.999985915176578	0.799999835282312	1.16464133553509e-08	57.1623380652668	0.999988732141262
29.025	8.25	0.999989337201425	0.799999878852657	1.14498392263979e-08	57.042339251938	0.99999146976114
29.175	8.25	0.999991951790683	0.799999910822277	1.12578635445955e-08	56.922340148868	0.999993561432547
29.325	8.25	0.999993959424832	0.79999993431713	1.1070343026131e-08	56.8023408239474	0.999995167539866
29.475	8.25	0.999995507614333	0.799999951632141	1.08871949929433e-08	56.6823413283632	0.999996406091466
29.625	8.25	0.999996705242104	0.799999964447834	1.07082899438461e-08	56.5623417009957	0.999997364193683
29.775	8.25	0.999997633065821	0.799999973990928	1.0533543763819e-08	56.4423419716223	0.999998106452657
29.925	8.25	0.999998351385257	0.799999981153939	1.03628525050294e-08	56.3223421632498	0.999998681108205
30.075	8.25	0.999998905620637	0.799999986583891	1.01960917055708e-08	56.2023422938102	0.99999912449651
30.225	8.25	0.999999330355693	0.799999990747636	1.00332007505735e-08	56.0823423773954	0.999999464284555
30.375	8.25	0.999999652255963	0.79999999398087	9.8740641958804e-09	55.9623424251576	0.999999721804771
30.525	8.25	0.99999989216659	0.799999996523857	9.71859234708485e-09	55.842342445968	0.999999913733272
30.675	8.25	1.00000006661442	0.799999998548333	9.5667278488381e-09	55.7223424469044	1.00000005329154
30.825	8.25	1.00000018888043	0.800000000176455	9.41835132097752e-09	55.6023424336135	1.00000015110434
30.975	8.25	1.00000026976429	0.800000001495754	9.27338478800026e-09	55.4823424105864	1.00000021581143
31.125	8.25	1.00000031813023	0.800000002568776	9.13175067856374e-09	55.3623423813701	1.00000025450419
31.275	8.25	1.00000034129912	0.800000003441212	8.99338236677193e-09	55.2423423487347	1.0000002730393
31.425	8.25	1.00000034533335	0.80000000414681	8.85816652051335e-09	55.1223423148083	1.00000027626668
31.575	8.25	1.00000033524796	0.800000004711316	8.72607727503534e-09	55.0023422811867	1.00000026819837
31.725	8.25	1.00000031517156	0.800000005155066	8.59703082662267e-09	54.8823422490272	1.00000025213725
31.875	8.25	1.00000028847337	0.800000005494707	8.47095086094933e-09	54.7623422191272	1.0000002307787
32.025	8.25	1.00000025786737	0.800000005744389	8.34775878281743e-09	54.6423421919919	1.0000002062939
32.175	8.25	1.00000022550096	0.800000005916631	8.22740153403059e-09	54.5223421678933	1.00000018040077
32.325	8.25	1.00000019303282	0.800000006022619	8.10981400516556e-09	54.4023421469207	1.00000015442626
32.475	8.25	1.00000016170284	0.80000000607244	7.99493195637543e-09	54.2823421290243	1.00000012936227
32.625	8.25	1.00000013239566	0.800000006075407	7.88270347165218e-09	54.162342114052	1.00000010591653
32.775	8.25	1.00000010569878	0.800000006040081	7.77305562256225e-09	54.0423421017816	1.00000008455902
32.925	8.25	1.00000008195549	0.800000005973983	7.66593439935809e-09	53.9223420919459	1.00000006556439
33.075	8.25	1.0000000613128	0.800000005884062	7.56128872351187e-09	53.802342084254	1.00000004905024
33.225	8.25	1.00000004376436	0.800000005776296	7.45906049958514e-09	53.6823420784086	1.00000003501149
33.375	8.25	1.00000002918824	0.800000005656069	7.35920040848024e-09	53.5623420741183	1.0000000233506
33.525	8.25	1.00000001737989	0.800000005527689	7.26169016424901e-09	53.4423420711076	1.00000001390391
33.675	8.25	1.00000000808002	0.800000005394962	7.16640463319578e-09	53.3223420691231	1.00000000646402
33.825	8.25	1.00000000099791	0.800000005260862	7.07337066190184e-09	53.2023420679377	1.00000000079833
33.975	8.25	0.999999995830299	0.800000005127781	6.98248459013428e-09	53.0823420673532	0.999999996664239
34.125	8.25	0.999999992276159	0.800000004997533	6.89374247646508e-09	52.9623420672	0.999999993820927
34.275	8.25	0.999999990047899	0.800000004871288	6.80708466473788e-09	52.8423420673369	0.999999992038319
34.425	8.25	0.999999988879274	0.800000004749936	6.7224621158707e-09	52.7223420676494	0.999999991103419
34.575	8.25	0.999999988530637	0.800000004633869	6.63983265813514e-09	52.6023420680471	0.999999990824509
34.725	8.25	0.999999988791749	0.800000004523315	6.55916679893219e-09	52.4823420684613	0.999999991033399
34.875	8.25	0.99999998948281	0.800000004418178	6.48042196758152e-09	52.362342068842	0.999999991586248
35.025	8.25	0.999999990454008	0.800000004318156	6.40355319614767e-09	52.2423420691551	0.999999992363206
35.175	8.25	0.999999991583956	0.800000004222895	6.32854459370869e-09	52.1223420693794	0.999999993267164
35.325	8.25	0.999999992777335	0.800000004131877	6.25534319308287e-09	52.0023420695041	0.999999994221868
35.475	8.25	0.999999993962085	0.800000004044723	6.18389112868527e-09	51.8823420695266	0.999999995169668
35.625	8.25	0.999999995086368	0.800000003960818	6.11418141951519e-09	51.76234206945	0.999999996069094
35.775	8.25	0.999999996115371	0.800000003879714	6.04618754698758e-09	51.6423420692817	0.999999996892297
35.925	8.25	0.999999997028298	0.80000000380091	5.97987233402171e-09	51.5223420690319	0.999999997622638
36.075	8.25	0.999999997815466	0.800000003724022	5.91519915151292e-09	51.402342068712	0.999999998252373
36.225	8.25	0.999999998475761	0.800000003648628	5.8521330423659e-09	51.2823420683341	0.999999998780609
36.375	8.25	0.999999999014288	0.800000003574439	5.79065533059475e-09	51.1623420679101	0.99999999921143
36.525	8.25	0.99999999944046	0.800000003501176	5.7307159546121e-09	51.042342067451	0.999999999552368
36.675	8.25	0.999999999766338	0.800000003428632	5.672314776278e-09	50.9223420669671	0.999999999813071
36.825	8.25	1.00000000000536	0.800000003356628	5.6154034815195e-09	50.8023420664673	1.00000000000429
36.975	8.25	1.00000000017136	0.800000003285023	5.55998739961634e-09	50.6823420659591	1.00000000013709
37.125	8.25	1.00000000027792	0.80000000321379	5.5059976368948e-09	50.5623420654489	1.00000000022233
37.275	8.25	1.00000000033769	0.800000003142714	5.45342806402457e-09	50.4423420649416	1.00000000027015
37.425	8.25	1.00000000036182	0.800000003071733	5.4022759028064e-09	50.3223420644412	1.00000000028946
37.575	8.25	1.00000000035914	0.800000003000748	5.35249154240977e-09	50.2023420639506	1.00000000028731
37.725	8.25	1.00000000033565	0.800000002929861	5.30404989621557e-09	50.082342063472	1.00000000026852
37.875	8.25	1.00000000029552	0.800000002859643	5.25694914439026e-09	49.9623420630072	1.00000000023642
38.025	8.25	1.00000000024452	0.800000002791211	5.2111620596752e-09	49.8423420625573	1.00000000019562
38.175	8.25	1.00000000019656	0.800000002725085	5.16666498077838e-09	49.7223420621228	1.00000000015725
38.325	8.25	1.00000000017805	0.800000002659835	5.12343882721889e-09	49.6023420617021	1.00000000014244
38.475	8.25	1.0000000002182	0.800000002589225	5.08146163514697e-09	49.4823420612907	1.00000000017456
38.625	8.25	1.00000000031039	0.800000002502669	5.04070361318729e-09	49.3623420608834	1.00000000024831
38.775	8.25	1.000000000346	0.800000002393608	5.00117913926654e-09	49.2423420604803	1.0000000002768
38.925	8.25	1.00000000007386	0.80000000228005	4.96284318591096e-09	49.1223420600988	1.00000000005908
39.075	8.25	0.999999999212011	0.800000002228106	4.92568900901182e-09	49.0023420597821	0.999999999369609
39.225	8.25	0.999999997861571	0.800000002346617	4.88970473864077e-09	48.8823420595817	0.999999998289257
39.375	8.25	0.999999997187145	0.800000002696977	4.85486705707792e-09	48.7623420594886	0.999999997749716
39.525	8.25	0.999999999800258	0.800000003085623	4.82116463834981e-09	48.6423420593126	0.999999999840206
39.675	8.25	1.0000000085499	0.800000002833984	4.7885661254928e-09	48.5223420586013	1.00000000683992
39.825	8.25	1.0000000222811	0.800000000859381	4.75708301246278e-09	48.4023420568208	1.00000001782488
39.975	8.25	1.00000002906864	0.799999996598119	4.72668310183918e-09	48.2823420540655	1.00000002325492
40.125	8.25	1.00000000269434	0.799999992035083	4.69736585738571e-09	48.1623420522602	1.00000000215548
40.275	8.25	0.999999915051591	0.799999993846936	4.66911122506458e-09	48.0423420559376	0.999999932041273
40.425	8.25	0.999999777875196	0.800000012418978	4.64192595279932e-09	47.9223420704162	0.999999822300156
40.575	8.25	0.999999707649942	0.800000052856407	4.61577030722589e-09	47.8023420948599	0.999999766119954
40.725	8.25	0.999999957517766	0.800000095970786	4.5906277130439e-09	47.6823421106905	0.999999966014212
40.875	8.25	1.00000079734942	0.800000079076577	4.56652096607904e-09	47.5623420742252	1.00000063787953
41.025	8.25	1.00000212196184	0.799999906459814	4.54341906095251e-09	47.4423419338764	1.00000169756948
41.175	8.25	1.00000285290257	0.799999532230008	4.52131420034283e-09	47.3223416948706	1.00000228232206
41.325	8.25	1.00000065163102	0.799999129878924	4.50022460656246e-09	47.2023415264504	1.00000052130482
41.475	8.25	0.999993003858052	0.799999257337067	4.48011576507792e-09	47.0823418307939	0.999994403086441
41.625	8.25	0.999980706637704	0.800000757845747	4.46100668460383e-09	46.9623430925072	0.999984565310163
41.775	8.25	0.999973138463741	0.800004042375032	4.4428358538796e-09	46.8423453077692	0.999978510770992
41.925	8.25	0.999990827520262	0.800007659195264	4.42554171682958e-09	46.7223470372357	0.999992662016209
42.075	8.25	1.00005637953598	0.800006937720784	4.40902717320643e-09	46.6023447711436	1.00004510362878
42.225	8.25	1.00016528886173	0.799994825500857	4.39329402596738e-09	46.4823341309547	1.00013223108938
42.375	8.25	1.00024184955457	0.799967675478075	4.3786178640767e-09	46.3623145882371	1.00019347964365
42.525	8.25	1.00011633628752	0.799936551660911	4.36557349092867e-09	46.242297395073	1.00009306903002
42.675	8.25	0.999594226906956	0.799937861764725	4.35482544504787e-09	46.1223112879432	0.999675381525565
42.825	8.25	0.99868392630059	0.80002737346366	4.3463406908303e-09	46.0023939389261	0.998947141040472
42.975	8.25	0.997944673213975	0.800237007753253	4.33820957089575e-09	45.8825557707004	0.99835573857118
43.125	8.25	0.998684258961874	0.800490006299148	4.32587998876494e-09	45.7627175762538	0.998947407169499
43.275	8.25	1.00248296174409	0.800522975882057	4.30393204528309e-09	45.6426615458231	1.00198636939527
43.425	8.25	1.00955927623988	0.799934826217827	4.27179643443732e-09	45.5220836431873	1.0076474209919
43.575	8.25	1.0162338074008	0.798479882158128	4.24212031405751e-09	45.4008458664431	1.01298704592064
43.725	8.25	1.01328677103556	0.796573392286891	4.24560295326224e-09	45.279428710071	1.01062941682845
43.875	8.25	0.988680897777958	0.79583325099165	4.32435132961135e-09	45.1593337155707	0.990944718222367
44.025	8.25	0.938367896620592	0.799351007591259	4.50285077764753e-09	45.0428406830742	0.950694317296474
44.175	8.25	0.884673133400877	0.81019242891981	4.71259686457949e-09	44.931352177438	0.907738506720702
44.325	8.25	0.889127901544632	0.82444195301777	4.69201072405043e-09	44.8222078233989	0.911302321235705
44.475	8.25	1.03257195140571	0.826489829132381	4.16573349480996e-09	44.7059574177852	1.02605756112456
44.625	8.25	1.34924434208028	0.808622132973702	3.33952422528575e-09	44.5677999818868	1.27939547366422
44.775	8.25	1.76408811837276	0.70953704746684	2.65056053707901e-09	44.3955931687358	1.61127049469821
44.925	8.25	2.11154506649052	0.834636814076836	2.25992643515734e-09	44.2248231490431	1.88923605319241
0.075	8.75	3.47473545837321e-16	0.399999954844864	-1.71089079228287e-06	65.3895320825524	0.2
0.225	8.75	1.09796534722702e-15	0.799999864816616	-1.70444646051887e-06	65.3655320852617	0.200000000000001
0.375	8.75	2.54819046274921e-15	0.799999775629646	-1.69161954706054e-06	65.3415320906634	0.200000000000002
0.525	8.75	4.61626820351397e-15	0.799999687830923	-1.67253205492077e-06	65.3175320987239	0.200000000000004
0.675	8.75	7.1488207807865e-15	0.799999601951457	-1.64736456382433e-06	65.2935321093935	0.200000000000006
0.825	8.75	9.93588954481149e-15	0.79999951849541	-1.61635239992148e-06	65.2695321226068	0.200000000000008
0.975	8.75	1.2737976805607e-14	0.799999437936023	-1.57978188465875e-06	65.2455321382838	0.20000000000001
1.125	8.75	1.52997143291019e-14	0.799999360709131	-1.53798495058249e-06	65.2215321563307	0.200000000000012
1.275	8.75	1.73403449320236e-14	0.799999287210197	-1.4913340715294e-06	65.1975321766413	0.200000000000014
1.425	8.75	1.85241280688695e-14	0.799999217788737	-1.44023513530081e-06	65.1735321990981	0.200000000000015
1.575	8.75	1.84215022839759e-14	0.799999152745657	-1.38512194192252e-06	65.1495322235739	0.200000000000015
1.725	8.75	1.647385583246e-14	0.799999092333068	-1.32644876659453e-06	65.1255322499333	0.200000000000013
1.875	8.75	1.19726932734165e-14	0.799999036750993	-1.26468378183643e-06	65.1015322780339	0.20000000000001
2.025	8.75	4.06042061647243e-15	0.79999898614848	-1.20030287330892e-06	65.0775323077283	0.200000000000003
2.175	8.75	-8.24300197078628e-15	0.799998940625529	-1.13378308323906e-06	65.053532338865	0.199999999999993
2.325	8.75	-2.5984631661254e-14	0.799998900232457	-1.06559613184203e-06	65.0295323712907	0.199999999999979
2.475	8.75	-5.01912638989457e-14	0.799998864973329	-9.96203768477029e-07	65.0055324048511	0.19999999999996
2.625	8.75	-8.17462502193787e-14	0.799998834809204	-9.26052858330058e-07	64.9815324393923	0.199999999999935
2.775	8.75	-1.21225533325184e-13	0.799998809660105	-8.55570147130244e-07	64.9575324747626	0.199999999999903
2.925	8.75	-1.68688045601861e-13	0.799998789410539	-7.85159737532457e-07	64.9335325108128	0.199999999999865
3.075	8.75	-2.23417057035634e-13	0.799998773911267	-7.15199655805255e-07	64.909532547398	0.199999999999821
3.225	8.75	-2.83612117823626e-13	0.799998762986136	-6.46039347173325e-07	64.8855325843781	0.199999999999773
3.375	8.75	-3.46036144775854e-13	0.799998756433159	-5.77998122843824e-07	64.8615326216189	0.199999999999723
3.525	8.75	-4.05628962755525e-13	0.79999875403092	-5.11364451847128e-07	64.8375326589922	0.199999999999676
3.675	8.75	-4.55107405043141e-13	0.799998755541737	-4.46394914296864e-07	64.8135326963771	0.199999999999636
3.825	8.75	-4.84582839697208e-13	0.799998760716302	-3.83314235859513e-07	64.7895327336598	0.199999999999612
3.975	8.75	-4.81239781110989e-13	0.799998769295584	-3.22316007155732e-07	64.7655327707342	0.199999999999615
4.125	8.75	-4.29133731134053e-13	0.799998781016591	-2.63563344260038e-07	64.7415328075021	0.199999999999657
4.275	8.75	-3.09182240893149e-13	0.799998795614094	-2.07190016936877e-07	64.7175328438733	0.199999999999753
4.425	8.75	-9.94394734674636e-14	0.799998812822672	-1.53301942744037e-07	64.6935328797654	0.19999999999992
4.575	8.75	2.24239743553456e-13	0.799998832381662	-1.01978644725381e-07	64.6695329151039	0.200000000000179
4.725	8.75	6.87027042863056e-13	0.79999885403562	-5.32751332890264e-08	64.6455329498224	0.20000000000055
4.875	8.75	1.31331046237431e-12	0.799998877535834	-7.22389025218942e-09	64.6215329838617	0.200000000001051
5.025	8.75	2.12411698363195e-12	0.79999890264367	3.61630805745163e-08	64.59753301717	0.200000000001699
5.175	8.75	3.13364570202969e-12	0.799998929129746	7.68926701158282e-08	64.5735330497026	0.200000000002507
5.325	8.75	4.34481192297843e-12	0.799998956777236	1.14988275569145e-07	64.5495330814216	0.200000000003476
5.475	8.75	5.7437425223678e-12	0.799998985380109	1.50487901782248e-07	64.5255331122952	0.200000000004595
5.625	8.75	7.29322519055388e-12	0.799999014745565	1.83442407672507e-07	64.5015331422977	0.200000000005835
5.775	8.75	8.92520259988311e-12	0.799999044694157	2.13913917954724e-07	64.477533171409	0.20000000000714
5.925	8.75	1.05325210987483e-11	0.799999075058695	2.41973591170378e-07	64.4535331996143	0.200000000008426
6.075	8.75	1.1960294830633e-11	0.799999105686032	2.67700236407201e-07	64.4295332269035	0.200000000009568
6.225	8.75	1.29974319434645e-11	0.799999136434829	2.91179133036647e-07	64.4055332532709	0.200000000010398
6.375	8.75	1.33690888287175e-11	0.799999167176944	3.12500172361068e-07	64.3815332787149	0.200000000010695
6.525	8.75	1.27310679546601e-11	0.799999197796311	3.3175693379072e-07	64.3575333032377	0.200000000010185
6.675	8.75	1.0667447328231e-11	0.799999228188958	3.49045563655367e-07	64.3335333268447	0.200000000008534
6.825	8.75	6.69301365913258e-12	0.799999258261216	3.64463497655434e-07	64.3095333495443	0.200000000005354
6.975	8.75	2.62349529934104e-13	0.799999287932519	3.78108814479749e-07	64.2855333713477	0.20000000000021
7.125	8.75	-9.21232530423743e-12	0.799999317128996	3.90079383403905e-07	64.2615333922683	0.19999999999263
7.275	8.75	-2.23322670280478e-11	0.799999345788562	4.00472290731986e-07	64.2375334123217	0.199999999982134
7.425	8.75	-3.96698869950944e-11	0.799999373857573	4.09382824220571e-07	64.2135334315253	0.199999999968264
7.575	8.75	-6.1710650166742e-11	0.799999401290541	4.16904831752117e-07	64.1895334498979	0.199999999950632
7.725	8.75	-8.87770742533217e-11	0.799999428049937	4.23129158967638e-07	64.1655334674597	0.199999999928978
7.875	8.75	-1.20933181112069e-10	0.799999454103758	4.28144094990246e-07	64.141533484232	0.199999999903253
8.025	8.75	-1.57868519917979e-10	0.799999479429026	4.3203543438457e-07	64.1175335002367	0.199999999873705
8.175	8.75	-1.98762004625759e-10	0.799999504005362	4.34885064550086e-07	64.0935335154965	0.19999999984099
8.325	8.75	-2.42127338020519e-10	0.799999527820442	4.36771865602204e-07	64.0695335300345	0.199999999806298
8.475	8.75	-2.85643774985129e-10	0.799999550866123	4.37770954240226e-07	64.0455335438738	0.199999999771485
8.625	8.75	-3.25978435849546e-10	0.799999573137151	4.37954474103875e-07	64.0215335570374	0.199999999739217
8.775	8.75	-3.58609323302495e-10	0.799999594633622	4.37390304206852e-07	63.9975335695482	0.199999999713113
8.925	8.75	-3.77661598731737e-10	0.799999615357864	4.36143155520777e-07	63.9735335814282	0.199999999697871
9.075	8.75	-3.75773474530231e-10	0.799999635316258	4.34274240417299e-07	63.9495335926992	0.199999999699381
9.225	8.75	-3.44012168746336e-10	0.799999654516703	4.31841049972892e-07	63.9255336033814	0.19999999972479
9.375	8.75	-2.71864585015741e-10	0.799999672969675	4.28897987490425e-07	63.9015336134942	0.199999999782508
9.525	8.75	-1.47331498994595e-10	0.79999969068766	4.25495756373916e-07	63.8775336230554	0.199999999882135
9.675	8.75	4.28422382231184e-11	0.799999707684672	4.21682148795547e-07	63.8535336320813	0.200000000034274
9.825	8.75	3.12765990102572e-10	0.79999972397514	4.1750168361634e-07	63.8295336405861	0.200000000250213
9.975	8.75	6.76792828418962e-10	0.79999973957567	4.12996060933705e-07	63.8055336485827	0.200000000541434
10.125	8.75	1.14866281322722e-09	0.799999754502403	4.08203941033749e-07	63.7815336560817	0.20000000091893
10.275	8.75	1.7403647310078e-09	0.799999768773239	4.0316128611451e-07	63.757533663092	0.200000001392292
10.425	8.75	2.46068585165075e-09	0.799999782404941	3.97901676366988e-07	63.7335336696211	0.200000001968549
10.575	8.75	3.31342754628676e-09	0.799999795415618	3.9245580535294e-07	63.7095336756752	0.200000002650742
10.725	8.75	4.29527685729084e-09	0.799999807822348	3.86852434013922e-07	63.68553368126	0.200000003436221
10.875	8.75	5.393340846592e-09	0.799999819643151	3.81117732911411e-07	63.6615336863812	0.200000004314673
11.025	8.75	6.58237218457569e-09	0.79999983089484	3.75276136483783e-07	63.6375336910459	0.200000005265898
11.175	8.75	7.82174124074513e-09	0.799999841595068	3.69349962460353e-07	63.6135336952637	0.200000006257393
11.325	8.75	9.0522419522138e-09	0.79999985176028	3.63359485579957e-07	63.5895336990484	0.200000007241794
11.475	8.75	1.01928557627605e-08	0.799999861407443	3.57323531890068e-07	63.5655337024201	0.200000008154285
11.625	8.75	1.11376394086524e-08	0.799999870553288	3.51259194523433e-07	63.541533705407	0.200000008910112
11.775	8.75	1.17529473689162e-08	0.79999987921513	3.45182053822604e-07	63.5175337080484	0.200000009402358
11.925	8.75	1.18752470789138e-08	0.799999887409869	3.39106227357256e-07	63.4935337103975	0.200000009500198
12.075	8.75	1.13098327727749e-08	0.799999895155555	3.33044594059398e-07	63.4695337125238	0.200000009047866
12.225	8.75	9.83078988863737e-09	0.799999902470942	3.27008785046876e-07	63.4455337145167	0.200000007864632
12.375	8.75	7.18260375538637e-09	0.799999909376033	3.21009119353287e-07	63.421533716488	0.200000005746083
12.525	8.75	3.08384087354243e-09	0.799999915891958	3.15055066186471e-07	63.397533718575	0.200000002467073
12.675	8.75	-2.76664460551464e-09	0.799999922042789	3.09155158110658e-07	63.3735337209424	0.199999997786684
12.825	8.75	-1.06805157337237e-08	0.799999927853589	3.03316740520984e-07	63.3495337237837	0.199999991455587
12.975	8.75	-2.09673109391798e-08	0.799999933352925	2.97546607509309e-07	63.3255337273218	0.199999983226151
13.125	8.75	-3.3917921582181e-08	0.799999938571938	2.91850589272458e-07	63.3015337318082	0.199999972865663
13.275	8.75	-4.97837989593052e-08	0.799999943544671	2.86233958695865e-07	63.2775337375198	0.199999960172961
13.425	8.75	-6.87515644640946e-08	0.799999948309098	2.80701159512608e-07	63.253533744754	0.199999944998748
13.575	8.75	-9.0912777365155e-08	0.799999952906608	2.75256239373438e-07	63.2295337538215	0.199999927269778
13.725	8.75	-1.1622870687423e-07	0.799999957381436	2.69902457754277e-07	63.2055337650349	0.199999907017035
13.875	8.75	-1.44490049031362e-07	0.799999961781975	2.6464282927666e-07	63.1815337786945	0.199999884407961
14.025	8.75	-1.75271609149476e-07	0.7999999661604	2.5947951897375e-07	63.15753379507	0.199999859782713
14.175	8.75	-2.07882014757922e-07	0.799999970571611	2.54414883059325e-07	63.1335338143771	0.199999833694388
14.325	8.75	-2.41308500672349e-07	0.799999975074608	2.4945038156884e-07	63.1095338367491	0.199999806953199
14.475	8.75	-2.74156673782516e-07	0.799999979731946	2.44587075723386e-07	63.0855338622038	0.199999780674661
14.625	8.75	-3.04584862160393e-07	0.799999984611156	2.39826172677051e-07	63.0615338906033	0.19999975633211
14.775	8.75	-3.30232103511979e-07	0.799999989785492	2.35168303313957e-07	63.0375339216074	0.199999735814317
14.925	8.75	-3.48137929115305e-07	0.799999995337298	2.30613823235345e-07	63.0135339546207	0.199999721489657
15.075	8.75	-3.54650715746344e-07	0.800000001362438	2.26162808888867e-07	62.9895339887297	0.199999716279427
15.225	8.75	-3.45319331476856e-07	0.800000007974674	2.21815331778078e-07	62.9655340226319	0.199999723744535
15.375	8.75	-3.14759857133283e-07	0.80000001531905	2.17571216313944e-07	62.9415340545525	0.199999748192114
15.525	8.75	-2.56485014988757e-07	0.800000023583597	2.13429973567486e-07	62.9175340821466	0.199999794811988
15.675	8.75	-1.62678172673469e-07	0.800000033021013	2.09391056622713e-07	62.8935341023826	0.199999869857462
15.825	8.75	-2.38858739594748e-08	0.800000043979318	2.05453916942732e-07	62.8695341113996	0.199999980891301
15.975	8.75	1.71407939610741e-07	0.800000056941019	2.01617634928796e-07	62.8455341043299	0.200000137126352
16.125	8.75	4.37377474438447e-07	0.800000072581863	1.97881285255552e-07	62.8215340750728	0.20000034990198
16.275	8.75	7.91691608416197e-07	0.80000009184759	1.94244042511717e-07	62.7975340159986	0.200000633353287
16.425	8.75	1.25668922626199e-06	0.800000116062354	1.90704718319924e-07	62.7735339175571	0.200001005351381
16.575	8.75	1.86102701977527e-06	0.8000001470729	1.8726226382481e-07	62.7495337677504	0.200001488821616
16.725	8.75	2.64198149959134e-06	0.800000187446022	1.83915411111239e-07	62.7255335514155	0.2000021135852
16.875	8.75	3.64865139860691e-06	0.800000240734713	1.80663038506359e-07	62.7015332492431	0.200002918921119
17.025	8.75	4.94639284810397e-06	0.800000311835566	1.77503750431645e-07	62.6775328364301	0.200003957114278
17.175	8.75	6.62293510444959e-06	0.800000407471466	1.74436224468792e-07	62.6535322808252	0.200005298348084
17.325	8.75	8.79677965357509e-06	0.800000536841332	1.71459139679803e-07	62.6295315403776	0.200007037423723
17.475	8.75	1.16286950818469e-05	0.800000712496341	1.6857105241342e-07	62.6055305596319	0.200009302956065
17.625	8.75	1.53374047896615e-05	0.800000951527336	1.65770641254665e-07	62.5815292649164	0.200012269923832
17.775	8.75	2.02209514089037e-05	0.800001277166855	1.63056188894692e-07	62.557527557755	0.200016176761127
17.925	8.75	2.6685743279046e-05	0.800001720944697	1.60426426997081e-07	62.5335253058575	0.200021348594623
18.075	8.75	3.52859816349198e-05	0.800002325568242	1.57879490658285e-07	62.5095223308246	0.200028228785308
18.225	8.75	4.67770762295756e-05	0.800003148750991	1.55413805751593e-07	62.4855183913953	0.200037421660984
18.375	8.75	6.21878462212937e-05	0.800004268297508	1.53027497644626e-07	62.4615131606656	0.200049750276977
18.525	8.75	8.29178886000056e-05	0.800005788933294	1.50718536200548e-07	62.4375061951672	0.20006633431088
18.675	8.75	0.000110868693781388	0.800007851633182	1.48484674278967e-07	62.4134968929797	0.200088694955025
18.825	8.75	0.000148620248337178	0.800010646560504	1.46323360762745e-07	62.3894844370711	0.20011889619867
18.975	8.75	0.000199669445116432	0.80001443103661	1.4423158960143e-07	62.3654677187187	0.200159735556093
19.125	8.75	0.000268753029690437	0.800019553992092	1.42205869089167e-07	62.3414452339839	0.200215002423752
19.275	8.75	0.000362286137786086	0.800026487930734	1.40241851612347e-07	62.3174149436362	0.200289828910229
19.425	8.75	0.000488957277679723	0.800035868734349	1.38334076902066e-07	62.2933740834665	0.200391165822144
19.575	8.75	0.000660531152171697	0.800048543555434	1.36475877365756e-07	62.2693189075056	0.200528424921737
19.725	8.75	0.000892922158510726	0.800065629330884	1.34658503982783e-07	62.2452443411765	0.200714337726809
19.875	8.75	0.00120761705776879	0.800088590879785	1.32871008350402e-07	62.2211435146269	0.200966093646215
20.025	8.75	0.0016335540286328	0.800119357972425	1.31099021684605e-07	62.1970071375725	0.201306843222906
20.175	8.75	0.00220962167209538	0.800160510193961	1.29323965559375e-07	62.1728226639804	0.201767697337676
20.325	8.75	0.00298804020725891	0.80021555517686	1.27521931090806e-07	62.1485731744798	0.202390432165807
20.475	8.75	0.00403902944727441	0.800289293536504	1.25662091155718e-07	62.124235872369	0.20323122355782
20.625	8.75	0.00545732345179055	0.800388190487332	1.23704631235978e-07	62.0997800427821	0.204365858761432
20.775	8.75	0.00737118368962601	0.800520565973905	1.21598349367847e-07	62.0751642664016	0.205896946951701
20.925	8.75	0.00995447706431302	0.800696308921041	1.19278116986681e-07	62.0503326206303	0.20796358165145
21.075	8.75	0.0134420115099215	0.800925780714201	1.16663516876228e-07	62.0252095647361	0.210753609207937
21.225	8.75	0.0181476169419596	0.801217661191425	1.1365867501383e-07	61.9996932209323	0.214518093553568
21.375	8.75	0.0244834926623438	0.801575726825747	1.10157426171307e-07	61.973646859176	0.219586794129875
21.525	8.75	0.0329782618173066	0.80199488968527	1.06054071083342e-07	61.9468885877005	0.226382609453845
21.675	8.75	0.0442900707211752	0.802457191537008	1.01262918832604e-07	61.9191795504073	0.23543205657694
21.825	8.75	0.0592098299725511	0.80292880312774	9.57432407809814e-08	61.8902113436249	0.247367863978041
21.975	8.75	0.0786480141527301	0.80335941603136	8.95251685495781e-08	61.8595939155205	0.262918411322184
22.125	8.75	0.103596187516667	0.803685598791447	8.27271380047846e-08	61.8268459492098	0.282876950013334
22.275	8.75	0.135052299089647	0.80383934361853	7.55538392260415e-08	61.7913906762337	0.308041839271718
22.425	8.75	0.173898989098854	0.803761759439155	6.82719684888362e-08	61.7525611042437	0.339119191279083
22.575	8.75	0.220730579619435	0.803419710770853	6.11676821419401e-08	61.7096193648811	0.376584463695548
22.725	8.75	0.275641520657218	0.80282080737653	5.44993580857265e-08	61.6617944899727	0.420513216525774
22.875	8.75	0.338017849457426	0.802020595263052	4.84607086604359e-08	61.60834033688	0.470414279565941
23.025	8.75	0.406404715986093	0.801116467871541	4.31636330343056e-08	61.5486099078174	0.525123772788875
23.175	8.75	0.478534564592219	0.800226945716911	3.86405436649513e-08	61.4821347462644	0.582827651673775
23.325	8.75	0.551566079100398	0.799461988003408	3.48609005871678e-08	61.4086915903439	0.641252863280319
23.475	8.75	0.622501300643048	0.798895946486202	3.17526393276673e-08	61.3283375595971	0.698001040514438
23.625	8.75	0.688659251198794	0.798554426471131	2.92229039561636e-08	61.2414025297709	0.750927400959035
23.775	8.75	0.748051804301966	0.798418759914745	2.71741149454034e-08	61.1484406395988	0.798441443441573
23.925	8.75	0.799557776118284	0.798442584853206	2.55144004398181e-08	61.0501553416297	0.839646220894627
24.075	8.75	0.842886466220838	0.798570865482127	2.41630390346388e-08	60.9473178499068	0.874309172976671
24.225	8.75	0.878398152662847	0.798753976977138	2.30524897172267e-08	60.8406959917408	0.902718522130277
24.375	8.75	0.906872097758183	0.798954507643799	2.21280848108266e-08	60.731002847014	0.925497678206546
24.525	8.75	0.929292196071753	0.799148210938933	2.13466096032549e-08	60.6188668291957	0.943433756857402
24.675	8.75	0.946685092476334	0.799321787173189	2.0674559487005e-08	60.5048198273344	0.957348073981067
24.825	8.75	0.96001677342429	0.79946970650212	2.00861596560189e-08	60.3892980771633	0.968013418739432
24.975	8.75	0.970138072162876	0.79959130707598	1.95618883458782e-08	60.2726506062035	0.9761104577303
25.125	8.75	0.977764768550904	0.799688611064134	1.90869989646411e-08	60.1551512461392	0.982211814840723
25.275	8.75	0.983479106778649	0.799764865844648	1.86505074493397e-08	60.0370115256093	0.98678328542292
25.425	8.75	0.987742790744626	0.799823654451102	1.82441602706652e-08	59.918392865574	0.990194232595701
25.575	8.75	0.990914817598588	0.799868400262585	1.78618602536345e-08	59.7994172946899	0.99273185407887
25.725	8.75	0.993270126592863	0.799902125052294	1.74991008381324e-08	59.6801764135704	0.994616101274291
25.875	8.75	0.995016874659062	0.799927361328528	1.71525152232813e-08	59.5607386347837	0.99601349972725
26.025	8.75	0.996311339854511	0.799946153472266	1.68196352382809e-08	59.4411548783651	0.997049071883608
26.175	8.75	0.997270176044979	0.799960105487384	1.6498601544882e-08	59.3214629638208	0.997816140835983
26.325	8.75	0.997980145884786	0.7999704486841	1.61880287759024e-08	59.201690946781	0.998384116707829
26.475	8.75	0.998505654663024	0.7999781130191	1.58868861772266e-08	59.0818596268803	0.998804523730419
26.625	8.75	0.998894473325644	0.799983792944437	1.55943106760423e-08	58.9619844193304	0.999115578660515
26.775	8.75	0.999182029784723	0.799988003472063	1.53096885848574e-08	58.8420767458182	0.999345623827778
26.925	8.75	0.999394600852831	0.799991125309182	1.50325418276919e-08	58.722145066215	0.999515680682265
27.075	8.75	0.999551676918493	0.799993439754481	1.47624551356164e-08	58.6021956435723	0.999641341534794
27.225	8.75	0.999667711978337	0.799995154919603	1.44990746208685e-08	58.4822331116144	0.999734169582669
27.375	8.75	0.999753419902016	0.799996425076612	1.42421359879465e-08	58.3622608960102	0.999802735921613
27.525	8.75	0.999816736202419	0.799997364803153	1.39913541218543e-08	58.2422815272587	0.999853388961935
27.675	8.75	0.999863532812978	0.799998059305506	1.37465635547447e-08	58.1222968731024	0.999890826250382
27.825	8.75	0.999898149897633	0.799998571979644	1.35075675642106e-08	58.0023083111034	0.999918519918106
27.975	8.75	0.999923791676312	0.799998949982997	1.32741554966463e-08	57.8823168566933	0.999939033341049
28.125	8.75	0.99994282093955	0.799999228366197	1.30461982620028e-08	57.7623232580874	0.99995425675164
28.275	8.75	0.999956977995939	0.799999433153064	1.28235285793867e-08	57.6423280665524	0.999965582396751
28.425	8.75	0.999967543255116	0.799999583641774	1.2606012291749e-08	57.5223316883604	0.999974034604093
28.575	8.75	0.999975457805493	0.799999694125711	1.23935207241593e-08	57.4023344231517	0.999980366244394
28.725	8.75	0.999981412728547	0.799999775179125	1.21859098879176e-08	57.2823364922222	0.999985130182838
28.875	8.75	0.999985915176604	0.799999834615583	1.19830777133668e-08	57.162338059353	0.999988732141283
29.025	8.75	0.999989337201443	0.799999878201373	1.17848711688792e-08	57.0423392461231	0.999991469761154
29.175	8.75	0.999991951790691	0.799999910185944	1.15911935581963e-08	56.9223401431496	0.999993561432553
29.325	8.75	0.999993959424836	0.799999933695477	1.14019466803823e-08	56.8023408183233	0.999995167539869
29.475	8.75	0.999995507614339	0.799999951024835	1.1217022746749e-08	56.6823413228313	0.999996406091471
29.625	8.75	0.999996705242114	0.799999963854474	1.10363338981171e-08	56.5623416955538	0.999997364193691
29.775	8.75	0.999997633065826	0.799999973411148	1.08597055187391e-08	56.4423419662684	0.999998106452661
29.925	8.75	0.999998351385258	0.79999998058747	1.06871231834265e-08	56.3223421579818	0.999998681108207
30.075	8.75	0.999998905620635	0.799999986030424	1.05184433673965e-08	56.2023422886262	0.999999124496508
30.225	8.75	0.999999330355699	0.799999990206822	1.03536024717216e-08	56.0823423722935	0.999999464284559
30.375	8.75	0.999999652255977	0.799999993452402	1.01924875945858e-08	55.9623424201358	0.999999721804782
30.525	8.75	0.9999998921666	0.799999996007524	1.00350345701552e-08	55.8423424410246	0.99999991373328
30.675	8.75	1.00000006661443	0.799999998043737	9.88114573082142e-09	55.7223424420376	1.00000005329154
30.825	8.75	1.00000018888044	0.799999999683452	9.73073471909762e-09	55.6023424288215	1.00000015110435
30.975	8.75	1.00000026976429	0.800000001013928	9.58372465186029e-09	55.4823424058675	1.00000021581143
31.125	8.75	1.00000031813024	0.800000002098001	9.4400349823082e-09	55.3623423767226	1.00000025450419
31.275	8.75	1.00000034129913	0.800000002981144	9.29960656131765e-09	55.2423423441571	1.0000002730393
31.425	8.75	1.00000034533335	0.800000003697194	9.16235028370707e-09	55.1223423102988	1.00000027626668
31.575	8.75	1.00000033524796	0.800000004272002	9.02820098917366e-09	55.0023422767439	1.00000026819836
31.725	8.75	1.00000031517155	0.800000004725789	8.89709125068683e-09	54.8823422446496	1.00000025213724
31.875	8.75	1.00000028847337	0.800000005075201	8.76894417144449e-09	54.7623422148132	1.00000023077869
32.025	8.75	1.00000025786737	0.800000005334466	8.64368577722169e-09	54.6423421877401	1.0000002062939
32.175	8.75	1.00000022550096	0.800000005516075	8.52126692199479e-09	54.5223421637023	1.00000018040077
32.325	8.75	1.00000019303283	0.800000005631163	8.40163776715527e-09	54.4023421427891	1.00000015442626
32.475	8.75	1.00000016170285	0.800000005689942	8.28470629055991e-09	54.2823421249507	1.00000012936228
32.625	8.75	1.00000013239567	0.800000005701728	8.1704368140043e-09	54.1623421100352	1.00000010591653
32.775	8.75	1.00000010569878	0.800000005674904	8.05875228213269e-09	54.0423420978202	1.00000008455902
32.925	8.75	1.00000008195549	0.800000005617196	7.94964509061745e-09	53.9223420880385	1.0000000655644
33.075	8.75	1.00000006131281	0.800000005535456	7.8429928284946e-09	53.8023420803995	1.00000004905025
33.225	8.75	1.00000004376436	0.800000005435758	7.73879857713242e-09	53.6823420746058	1.00000003501149
33.375	8.75	1.00000002918825	0.80000000532336	7.63697850790444e-09	53.562342070366	1.0000000233506
33.525	8.75	1.0000000173799	0.800000005202652	7.53747596078324e-09	53.4423420674046	1.00000001390392
33.675	8.75	1.00000000808002	0.800000005077434	7.44027932307236e-09	53.3223420654683	1.00000000646402
33.825	8.75	1.00000000099793	0.800000004950721	7.34531092453761e-09	53.20234206433	1.00000000079834
33.975	8.75	0.999999995830311	0.80000000482488	7.25254824644455e-09	53.0823420637915	0.999999996664249
34.125	8.75	0.999999992276159	0.800000004701657	7.16191529327423e-09	52.9623420636831	0.999999993820927
34.275	8.75	0.999999990047896	0.800000004582324	7.07340178577178e-09	52.8423420638639	0.999999992038317
34.425	8.75	0.999999988879279	0.800000004467745	6.98693485184578e-09	52.7223420642192	0.999999991103423
34.575	8.75	0.999999988530639	0.800000004358369	6.90250991853517e-09	52.6023420646588	0.999999990824511
34.725	8.75	0.999999988791743	0.80000000425435	6.82005043280385e-09	52.4823420651138	0.999999991033395
34.875	8.75	0.999999989482803	0.800000004155543	6.7395445547346e-09	52.3623420655344	0.999999991586243
35.025	8.75	0.999999990454005	0.800000004061781	6.66092926231697e-09	52.2423420658864	0.999999992363204
35.175	8.75	0.99999999158396	0.800000003972637	6.58417769506133e-09	52.1223420661487	0.999999993267168
35.325	8.75	0.999999992777332	0.800000003887694	6.50926977295667e-09	52.0023420663105	0.999999994221865
35.475	8.75	0.999999993962081	0.800000003806408	6.43615671282781e-09	51.8823420663691	0.999999995169665
35.625	8.75	0.999999995086364	0.800000003728309	6.36481780284645e-09	51.7623420663279	0.999999996069091
35.775	8.75	0.999999996115368	0.800000003652887	6.29519345535767e-09	51.6423420661941	0.999999996892294
35.925	8.75	0.999999997028293	0.80000000357963	6.22727379610187e-09	51.5223420659778	0.999999997622634
36.075	8.75	0.999999997815469	0.800000003508244	6.16101835767365e-09	51.4023420656907	0.999999998252376
36.225	8.75	0.999999998475766	0.800000003438216	6.09640524925586e-09	51.2823420653448	0.999999998780613
36.375	8.75	0.999999999014296	0.800000003369302	6.03339545712302e-09	51.1623420649519	0.999999999211437
36.525	8.75	0.999999999440464	0.80000000330123	5.97197441435014e-09	51.0423420645232	0.999999999552372
36.675	8.75	0.999999999766337	0.800000003233786	5.91210859099323e-09	50.9223420640689	0.99999999981307
36.825	8.75	1.00000000000536	0.800000003166769	5.85376540178471e-09	50.8023420635979	1.00000000000428
36.975	8.75	1.00000000017136	0.800000003100131	5.79690428606501e-09	50.6823420631179	1.00000000013709
37.125	8.75	1.00000000027791	0.800000003033663	5.74154050743696e-09	50.562342062635	1.00000000022233
37.275	8.75	1.0000000003377	0.800000002967411	5.68761721621197e-09	50.4423420621544	1.00000000027016
37.425	8.75	1.00000000036183	0.800000002901065	5.63512325176025e-09	50.3223420616799	1.00000000028946
37.575	8.75	1.00000000035913	0.800000002834687	5.58403013986687e-09	50.2023420612146	1.00000000028731
37.725	8.75	1.00000000033566	0.800000002768325	5.53431546897543e-09	50.0823420607606	1.00000000026853
37.875	8.75	1.00000000029551	0.800000002702637	5.4859663530607e-09	49.9623420603196	1.00000000023641
38.025	8.75	1.00000000024452	0.800000002638474	5.43896155990099e-09	49.842342059893	1.00000000019561
38.175	8.75	1.00000000019656	0.80000000257675	5.39326192359976e-09	49.7223420594811	1.00000000015725
38.325	8.75	1.00000000017804	0.800000002515706	5.34886456388822e-09	49.6023420590822	1.00000000014243
38.475	8.75	1.0000000002182	0.800000002449297	5.30574972474272e-09	49.4823420586922	1.00000000017456
38.625	8.75	1.00000000031039	0.800000002366864	5.26389081453976e-09	49.3623420583055	1.00000000024831
38.775	8.75	1.00000000034602	0.800000002261926	5.22326853723138e-09	49.2423420579225	1.00000000027681
38.925	8.75	1.00000000007387	0.800000002152353	5.18388806422853e-09	49.1223420575605	1.00000000005909
39.075	8.75	0.999999999212027	0.800000002104337	5.14570922145736e-09	49.0023420572626	0.999999999369621
39.225	8.75	0.999999997861586	0.800000002226772	5.10871644392206e-09	48.8823420570805	0.999999998289269
39.375	8.75	0.999999997187163	0.80000000258098	5.07290240086331e-09	48.7623420570051	0.99999999774973
39.525	8.75	0.999999999800275	0.800000002973453	5.03824805604499e-09	48.6423420568462	0.99999999984022
39.675	8.75	1.00000000854991	0.800000002725555	5.00475660937457e-09	48.5223420561514	1.00000000683993
39.825	8.75	1.00000002228111	0.800000000754639	4.97237808464982e-09	48.402342054387	1.00000001782489
39.975	8.75	1.00000002906866	0.799999996497097	4.9411227901018e-09	48.282342051647	1.00000002325493
40.125	8.75	1.00000000269436	0.799999991937662	4.91098778292239e-09	48.1623420498566	1.00000000215549
40.275	8.75	0.999999915051601	0.799999993753069	4.88192167257143e-09	48.0423420535484	0.999999932041281
40.425	8.75	0.999999777875208	0.800000012328664	4.8539446438784e-09	47.9223420680408	0.999999822300166
40.575	8.75	0.999999707649955	0.800000052769614	4.82704278087825e-09	47.8023420924977	0.999999766119964
40.725	8.75	0.999999957517778	0.800000095887425	4.80120417265923e-09	47.6823421083411	0.999999966014223
40.875	8.75	1.00000079734943	0.80000007899668	4.77639606690302e-09	47.5623420718881	1.00000063787954
41.025	8.75	1.00000212196185	0.799999906383302	4.75262844053062e-09	47.442341931551	1.00000169756948
41.175	8.75	1.00000285290257	0.799999532156866	4.7298939439119e-09	47.3223416925564	1.00000228232206
41.325	8.75	1.00000065163103	0.799999129809129	4.70818197860572e-09	47.2023415241469	1.00000052130482
41.475	8.75	0.999993003858058	0.799999257270548	4.68749459849021e-09	47.0823418285007	0.999994403086446
41.625	8.75	0.999980706637719	0.80000075778254	4.66784000173174e-09	46.9623430902237	0.999984565310176
41.775	8.75	0.999973138463757	0.800004042315031	4.64914555685071e-09	46.842345305495	0.999978510771006
41.925	8.75	0.99999082752028	0.800007659138517	4.63133802279988e-09	46.7223470349702	0.999992662016224
42.075	8.75	1.00005637953599	0.800006937667248	4.61435027945641e-09	46.6023447688864	1.00004510362879
42.225	8.75	1.00016528886172	0.799994825450505	4.59816446807591e-09	46.4823341287052	1.00013223108938
42.375	8.75	1.00024184955453	0.799967675430827	4.58305445489565e-09	46.362314585995	1.00019347964362
42.525	8.75	1.00011633628745	0.799936551616841	4.56962915513628e-09	46.2422973928377	1.00009306902996
42.675	8.75	0.999594226906892	0.799937861723812	4.55860445815721e-09	46.1223112857143	0.999675381525513
42.825	8.75	0.998683926300596	0.800027373425833	4.54995045474673e-09	46.0023939367031	0.998947141040477
42.975	8.75	0.997944673214161	0.800237007718494	4.54163130550377e-09	45.8825557684829	0.998355738571329
43.125	8.75	0.998684258962233	0.800490006267438	4.5289047984057e-09	45.7627175740412	0.998947407169786
43.275	8.75	1.00248296174443	0.800522975853337	4.5060977944634e-09	45.642661543615	1.00198636939554
43.425	8.75	1.00955927623986	0.799934826192216	4.47260112435502e-09	45.5220836409833	1.00764742099189
43.575	8.75	1.01623380740015	0.798479882135617	4.44167269390395e-09	45.4008458642427	1.01298704592012
43.725	8.75	1.01328677103442	0.79657339226746	4.44544149962955e-09	45.2794287078739	1.01062941682754
43.875	8.75	0.988680897777165	0.795833250975267	4.52800737849366e-09	45.1593337133764	0.990944718221732
44.025	8.75	0.938367896621196	0.799351007577755	4.71501811793423e-09	45.0428406808821	0.950694317296957
44.175	8.75	0.884673133402978	0.810192428909014	4.93472702793563e-09	44.9313521752475	0.907738506722383
44.325	8.75	0.889127901546241	0.824441953010116	4.91322858731667e-09	44.8222078212094	0.911302321236992
44.475	8.75	1.03257195140341	0.826489829128432	4.36218189581407e-09	44.7059574155965	1.02605756112272
44.625	8.75	1.34924434207234	0.808622132973068	3.49702101514544e-09	44.5677999796989	1.27939547365787
44.775	8.75	1.7640881183612	0.709537047467711	2.77557569266984e-09	44.3955931665489	1.61127049468896
44.925	8.75	2.11154506647827	0.834636814079569	2.36653625936039e-09	44.2248231468568	1.88923605318262
0.075	9.25	3.47473557913967e-16	0.399999964021158	-1.44044494367484e-06	65.3895322385898	0.2
0.225	9.25	1.09796526825966e-15	0.799999892263549	-1.43560519188287e-06	65.3655322407485	0.200000000000001
0.375	9.25	2.54819023560465e-15	0.799999821102656	-1.42596690024586e-06	65.341532245054	0.200000000000002
0.525	9.25	4.61626770333495e-15	0.799999750929254	-1.41161166989088e-06	65.3175322514824	0.200000000000004
0.675	9.25	7.14882003349205e-15	0.799999682121103	-1.39266014790958e-06	65.2935322599983	0.200000000000006
0.825	9.25	9.93588845470682e-15	0.799999615041312	-1.3692703326114e-06	65.2695322705551	0.200000000000008
0.975	9.25	1.27379755552066e-14	0.799999550032245	-1.34163494006582e-06	65.2455322830958	0.20000000000001
1.125	9.25	1.52997129137788e-14	0.799999487412405	-1.30997833810922e-06	65.2215322975532	0.200000000000012
1.275	9.25	1.73403437836276e-14	0.799999427474981	-1.27455290718262e-06	65.197532313851	0.200000000000014
1.425	9.25	1.85241273814732e-14	0.7999993704829	-1.23563627518578e-06	65.1735323319047	0.200000000000015
1.575	9.25	1.84215028923194e-14	0.79999931666701	-1.19352556048347e-06	65.1495323516221	0.200000000000015
1.725	9.25	1.64738582755929e-14	0.799999266226653	-1.1485350397001e-06	65.1255323729047	0.200000000000013
1.875	9.25	1.19726989276396e-14	0.799999219327154	-1.10099087932611e-06	65.1015323956485	0.20000000000001
2.025	9.25	4.06043041322927e-15	0.799999176098451	-1.0512267941561e-06	65.077532419745	0.200000000000003
2.175	9.25	-8.24298616513907e-15	0.799999136638091	-9.99580512108141e-07	65.0535324450826	0.199999999999993
2.325	9.25	-2.59846087584289e-14	0.799999101008627	-9.46389890978003e-07	65.0295324715468	0.199999999999979
2.475	9.25	-5.01912319535377e-14	0.799999069241063	-8.91988409298828e-07	65.005532499022	0.19999999999996
2.625	9.25	-8.17462086423311e-14	0.799999041335734	-8.36702845765571e-07	64.9815325273923	0.199999999999935
2.775	9.25	-1.21225480956504e-13	0.799999017263508	-7.80849274421913e-07	64.9575325565419	0.199999999999903
2.925	9.25	-1.68687983465463e-13	0.799998996968344	-7.24731125758181e-07	64.9335325863565	0.199999999999865
3.075	9.25	-2.2341698603962e-13	0.799998980369834	-6.6863604760374e-07	64.9095326167238	0.199999999999821
3.225	9.25	-2.83612042048115e-13	0.799998967364588	-6.12835167724327e-07	64.8855326475344	0.199999999999773
3.375	9.25	-3.46036068656863e-13	0.79999895783099	-5.57580304818034e-07	64.861532678682	0.199999999999723
3.525	9.25	-4.05628894829883e-13	0.799998951629552	-5.03103700805145e-07	64.8375327100646	0.199999999999676
3.675	9.25	-4.55107354401126e-13	0.799998948606737	-4.49616536507177e-07	64.8135327415843	0.199999999999636
3.825	9.25	-4.84582820044553e-13	0.799998948597548	-3.97309364511073e-07	64.7895327731483	0.199999999999612
3.975	9.25	-4.81239806226469e-13	0.799998951427269	-3.46351308550083e-07	64.7655328046686	0.199999999999615
4.125	9.25	-4.29133819083537e-13	0.799998956914779	-2.96889824618615e-07	64.7415328360627	0.199999999999657
4.275	9.25	-3.09182408237559e-13	0.79999896487425	-2.49052506001896e-07	64.7175328672538	0.199999999999753
4.425	9.25	-9.94397395152698e-14	0.799998975117396	-2.02946195970574e-07	64.6935328981703	0.19999999999992
4.575	9.25	2.24239363943018e-13	0.799998987456018	-1.58658803488127e-07	64.6695329287467	0.200000000000179
4.725	9.25	6.87026534946987e-13	0.799999001701564	-1.16259593450835e-07	64.6455329589229	0.20000000000055
4.875	9.25	1.31330982008225e-12	0.79999901766972	-7.58006052739151e-08	64.6215329886445	0.200000000001051
5.025	9.25	2.12411620484947e-12	0.799999035179281	-3.73177771449862e-08	64.5975330178625	0.200000000001699
5.175	9.25	3.1336447981915e-12	0.799999054054825	-8.32069245860613e-10	64.5735330465333	0.200000000002507
5.325	9.25	4.34481091333739e-12	0.799999074126986	3.3649274677618e-08	64.5495330746186	0.200000000003476
5.475	9.25	5.74374144401138e-12	0.799999095232399	6.61314303655576e-08	64.5255331020849	0.200000000004595
5.625	9.25	7.29322409072624e-12	0.799999117216921	9.66307618289042e-08	64.5015331289035	0.200000000005835
5.775	9.25	8.92520154561748e-12	0.799999139933888	1.25173579383708e-07	64.4775331550505	0.20000000000714
5.925	9.25	1.05325201661533e-11	0.799999163244533	1.51794915964301e-07	64.4535331805058	0.200000000008426
6.075	9.25	1.19602941133716e-11	0.799999187019725	1.7653743587604e-07	64.4295332052538	0.200000000009568
6.225	9.25	1.29974315380631e-11	0.799999211137943	1.99450310352342e-07	64.4055332292823	0.200000000010398
6.375	9.25	1.33690888414978e-11	0.799999235487646	2.20588115486075e-07	64.381533252583	0.200000000010695
6.525	9.25	1.27310684826872e-11	0.799999259965277	2.40009952215583e-07	64.3575332751505	0.200000000010185
6.675	9.25	1.06674484650803e-11	0.799999284475984	2.57778570336429e-07	64.3335332969826	0.200000000008534
6.825	9.25	6.69301547211629e-12	0.799999308933604	2.7395947249726e-07	64.3095333180799	0.200000000005354
6.975	9.25	2.62352066186745e-13	0.799999333259724	2.88620175196824e-07	64.2855333384453	0.20000000000021
7.125	9.25	-9.21232204224623e-12	0.799999357383846	3.01829522953476e-07	64.2615333580843	0.19999999999263
7.275	9.25	-2.23322630733968e-11	0.799999381242371	3.13657297170194e-07	64.2375333770041	0.199999999982134
7.425	9.25	-3.96698824391763e-11	0.799999404779859	3.24173037364223e-07	64.213533395214	0.199999999968264
7.575	9.25	-6.17106451434355e-11	0.799999427947061	3.33446445256557e-07	64.1895334127249	0.199999999950632
7.725	9.25	-8.87770689555674e-11	0.79999945069989	3.41546433095798e-07	64.165533429549	0.199999999928978
7.875	9.25	-1.20933175765452e-10	0.799999473002294	3.48540546665852e-07	64.1415334456999	0.199999999903253
8.025	9.25	-1.5786851478654e-10	0.799999494822022	3.54495209374047e-07	64.1175334611921	0.199999999873705
8.175	9.25	-1.98761999972237e-10	0.799999516132806	3.59475310424927e-07	64.0935334760409	0.19999999984099
8.325	9.25	-2.4212733409842e-10	0.799999536912649	3.63543852725697e-07	64.0695334902623	0.199999999806298
8.475	9.25	-2.85643771985642e-10	0.799999557143872	3.66761522123471e-07	64.0455335038726	0.199999999771485
8.625	9.25	-3.25978433880181e-10	0.799999576812957	3.69187274516146e-07	64.0215335168885	0.199999999739217
8.775	9.25	-3.58609322325517e-10	0.799999595909866	3.70877606131363e-07	63.9975335293265	0.199999999713113
8.925	9.25	-3.77661598535306e-10	0.799999614427886	3.71886589637769e-07	63.9735335412028	0.199999999697871
9.075	9.25	-3.75773474669003e-10	0.799999632363447	3.72266140361672e-07	63.9495335525333	0.199999999699381
9.225	9.25	-3.44012168517824e-10	0.79999964971473	3.72065668665624e-07	63.9255335633331	0.19999999972479
9.375	9.25	-2.71864583420628e-10	0.799999666483321	3.71332037689588e-07	63.9015335736165	0.199999999782508
9.525	9.25	-1.4733149473775e-10	0.799999682671974	3.70110155704698e-07	63.8775335833963	0.199999999882135
9.675	9.25	4.284224673e-11	0.799999698285453	3.68442040825034e-07	63.8535335926844	0.200000000034274
9.825	9.25	3.12766004690595e-10	0.799999713330051	3.66367711823674e-07	63.829533601491	0.200000000250213
9.975	9.25	6.76792851092683e-10	0.799999727813189	3.63924836975657e-07	63.8055336098246	0.200000000541434
10.125	9.25	1.14866284603976e-09	0.799999741743239	3.61148938366894e-07	63.7815336176922	0.20000000091893
10.275	9.25	1.74036477590446e-09	0.799999755129661	3.58073273505667e-07	63.7575336250994	0.200000001392292
10.425	9.25	2.46068591025133e-09	0.799999767982169	3.54729044124305e-07	63.7335336320503	0.200000001968549
10.575	9.25	3.31342761963401e-09	0.799999780311194	3.51145682297566e-07	63.709533638548	0.200000002650742
10.725	9.25	4.29527694553606e-09	0.799999792127276	3.47350387945258e-07	63.6855336445955	0.200000003436222
10.875	9.25	5.39334094866173e-09	0.799999803441401	3.43368901408151e-07	63.6615336501957	0.200000004314673
11.025	9.25	6.58237229778239e-09	0.799999814264711	3.39224771586884e-07	63.6375336553534	0.200000005265898
11.175	9.25	7.82174136041669e-09	0.799999824608275	3.34940137143722e-07	63.613533660076	0.200000006257393
11.325	9.25	9.05224207128339e-09	0.799999834483178	3.30535666571279e-07	63.5895336643752	0.200000007241794
11.475	9.25	1.01928558714334e-08	0.79999984390169	3.26030262510375e-07	63.565533668269	0.200000008154285
11.625	9.25	1.11376394940688e-08	0.799999852875339	3.21441597366145e-07	63.5415336717841	0.200000008910112
11.775	9.25	1.17529474149721e-08	0.799999861415859	3.16785782616318e-07	63.5175336749581	0.200000009402358
11.925	9.25	1.18752470661187e-08	0.799999869537037	3.12078038428317e-07	63.4935336778425	0.200000009500198
12.075	9.25	1.13098326783628e-08	0.799999877252198	3.07331925068248e-07	63.4695336805058	0.200000009047866
12.225	9.25	9.83078968677074e-09	0.799999884576175	3.02560214985244e-07	63.4455336830359	0.200000007864632
12.375	9.25	7.1826034177059e-09	0.799999891525928	2.97774738486791e-07	63.4215336855437	0.200000005746083
12.525	9.25	3.08384036986219e-09	0.799999898119039	2.92985706883537e-07	63.3975336881653	0.200000002467072
12.675	9.25	-2.76664530609224e-09	0.799999904376151	2.88203217218086e-07	63.3735336910645	0.199999997786684
12.825	9.25	-1.06805166614968e-08	0.799999910319668	2.83435910852033e-07	63.3495336944339	0.199999991455587
12.975	9.25	-2.09673121220966e-08	0.799999915975787	2.78691784789391e-07	63.3255336984959	0.19999998322615
13.125	9.25	-3.391792304385e-08	0.799999921372436	2.73978366628689e-07	63.3015337035011	0.199999972865662
13.275	9.25	-4.97838007166286e-08	0.799999926542386	2.69301996852969e-07	63.2775337097258	0.199999960172959
13.425	9.25	-6.87515665246151e-08	0.799999931520823	2.64668700205367e-07	63.2535337174671	0.199999944998747
13.575	9.25	-9.09127797242165e-08	0.799999936346859	2.60083873185569e-07	63.2295337270349	0.199999927269776
13.725	9.25	-1.16228709511766e-07	0.799999941063783	2.55552169193399e-07	63.2055337387415	0.199999907017032
13.875	9.25	-1.44490051908828e-07	0.799999945717841	2.51077914586863e-07	63.1815337528869	0.199999884407958
14.025	9.25	-1.75271612206302e-07	0.799999950359487	2.46664955662057e-07	63.1575337697405	0.19999985978271
14.175	9.25	-2.07882017908521e-07	0.799999955042648	2.42316380968453e-07	63.1335337895175	0.199999833694386
14.325	9.25	-2.41308503802379e-07	0.799999959824733	2.38035351294039e-07	63.1095338123513	0.199999806953197
14.475	9.25	-2.74156676746248e-07	0.799999964767486	2.33824384659987e-07	63.0855338382593	0.199999780674659
14.625	9.25	-3.04584864776974e-07	0.799999969936881	2.29685505190876e-07	63.0615338671033	0.199999756332108
14.775	9.25	-3.30232105563105e-07	0.799999975405712	2.25620751511191e-07	63.0375338985433	0.199999735814316
14.925	9.25	-3.4813793034117e-07	0.7999999812549	2.21631671272231e-07	63.0135339319835	0.199999721489656
15.075	9.25	-3.5465071584294e-07	0.799999987579728	2.1771959539696e-07	62.9895339665105	0.199999716279427
15.225	9.25	-3.45319330090785e-07	0.799999994493329	2.13885616498524e-07	62.9655340008217	0.199999723744536
15.375	9.25	-3.14759853856884e-07	0.800000002140078	2.10130368434607e-07	62.9415340331422	0.199999748192117
15.525	9.25	-2.56485009351452e-07	0.800000010706991	2.06454749576156e-07	62.9175340611272	0.199999794811993
15.675	9.25	-1.62678164130958e-07	0.800000020447004	2.02859272738514e-07	62.8935340817449	0.199999869857469
15.825	9.25	-2.38858618769776e-08	0.800000031706911	1.99343921176503e-07	62.8695340911346	0.199999980891311
15.975	9.25	1.71407955981894e-07	0.800000044969257	1.95909119336096e-07	62.8455340844286	0.200000137126365
16.125	9.25	4.37377495994196e-07	0.800000060909236	1.92554791328649e-07	62.8215340555261	0.200000349901997
16.275	9.25	7.91691636247391e-07	0.800000080472262	1.89280775461376e-07	62.7975339967976	0.200000633353309
16.425	9.25	1.25668926171933e-06	0.80000010498194	1.8608688021396e-07	62.773533898693	0.200001005351409
16.575	9.25	1.86102706456095e-06	0.800000136285174	1.82972603026935e-07	62.7495337492143	0.200001488821652
16.725	9.25	2.64198155588033e-06	0.800000176948465	1.79937794664298e-07	62.7255335331986	0.200002113585245
16.875	9.25	3.64865146921397e-06	0.800000230524383	1.76981772150521e-07	62.7015332313368	0.200002918921175
17.025	9.25	4.9463929367049e-06	0.800000301909437	1.7410409042312e-07	62.6775328188258	0.200003957114349
17.175	9.25	6.62293521587568e-06	0.800000397826526	1.71303893108044e-07	62.6535322635144	0.200005298348173
17.325	9.25	8.79677979420176e-06	0.800000527474337	1.68580580861247e-07	62.629531523352	0.200007037423835
17.475	9.25	1.1628695260103e-05	0.800000703403786	1.65933438127891e-07	62.6055305428831	0.200009302956208
17.625	9.25	1.53374050166959e-05	0.800000942705859	1.63361431991512e-07	62.5815292484364	0.200012269924013
17.775	9.25	2.02209516994587e-05	0.800001268613262	1.60863736005259e-07	62.5575275415355	0.20001617676136
17.925	9.25	2.66857436525875e-05	0.800001712654874	1.58439162177003e-07	62.5335252898907	0.200021348594922
18.075	9.25	3.52859821171056e-05	0.800002317539413	1.56086963354547e-07	62.5095223151025	0.200028228785694
18.225	9.25	4.67770768541383e-05	0.80000314097917	1.53805531959271e-07	62.4855183759101	0.200037421661483
18.375	9.25	6.21878470324793e-05	0.800004260779348	1.51593616418082e-07	62.4615131454097	0.200049750277626
18.525	9.25	8.29178896556835e-05	0.800005781665102	1.4944985117452e-07	62.4375061801332	0.200066334311725
18.675	9.25	0.000110868695157064	0.800007844611799	1.47372054922792e-07	62.4134968781599	0.200088694956126
18.825	9.25	0.000148620250131133	0.800010639782077	1.45358232047952e-07	62.3894844224582	0.200118896200105
18.975	9.25	0.000199669447456306	0.80001442449797	1.43405810875771e-07	62.3654677043055	0.200159735557965
19.125	9.25	0.00026875303274173	0.800019547689612	1.41511501634116e-07	62.3414452197632	0.200215002426193
19.275	9.25	0.000362286141762979	0.800026481861439	1.39671322866092e-07	62.317414929601	0.20028982891341
19.425	9.25	0.000488957282858763	0.800035862894785	1.37880264306828e-07	62.2933740696098	0.200391165826287
19.575	9.25	0.000660531158908862	0.800048537942311	1.36131738632267e-07	62.2693188938205	0.200528424927127
19.725	9.25	0.000892922167262439	0.800065623940821	1.34417383594731e-07	62.2452443276561	0.20071433773381
19.875	9.25	0.00120761706911799	0.800088585709942	1.32726359219326e-07	62.2211435012646	0.200966093655294
20.025	9.25	0.00163355404332115	0.800119353019636	1.31044402542824e-07	62.1970071243616	0.201306843234657
20.175	9.25	0.00220962169106396	0.80016050545462	1.29353309422448e-07	62.1728226509144	0.201767697352851
20.325	9.25	0.00298804023170036	0.800215550648405	1.27629380583875e-07	62.1485731615521	0.20239043218536
20.475	9.25	0.0040390294786975	0.80028928921497	1.25841388855549e-07	62.1242358595732	0.203231223582958
20.625	9.25	0.0054573234921005	0.800388186369854	1.23949627328597e-07	62.0997800301119	0.20436585879368
20.775	9.25	0.00737118374121492	0.800520562056516	1.21902784817594e-07	62.0751642538505	0.205896946992972
20.925	9.25	0.00995447713015524	0.800696305199665	1.19635498572295e-07	62.0503326081921	0.207963581704124
21.075	9.25	0.0134420115936642	0.800925777184693	1.17066813299375e-07	62.0252095524045	0.210753609274931
21.225	9.25	0.018147617047994	0.801217657848733	1.14100418264978e-07	61.9996932087012	0.214518093638395
21.375	9.25	0.0244834927958504	0.801575723664051	1.10629371207232e-07	61.9736468470392	0.21958679423668
21.525	9.25	0.0329782619842656	0.801994886697824	1.06547364305214e-07	61.946888575652	0.226382609587412
21.675	9.25	0.0442900709283335	0.802457188716143	1.01767899871218e-07	61.9191795384413	0.235432056742667
21.825	9.25	0.0592098302273133	0.80292880046481	9.6250110619894e-08	61.8902113317358	0.247367864181851
21.975	9.25	0.0786480144629212	0.80335941351617	9.00242545282955e-08	61.859593903703	0.262918411570337
22.125	9.25	0.103596187890063	0.803685596413449	8.32093902788387e-08	61.8268459374593	0.28287695031205
22.275	9.25	0.135052299533135	0.803839341366036	7.60119434497812e-08	61.791390664546	0.308041839626508
22.425	9.25	0.173898989617099	0.803761757300395	6.87006690678265e-08	61.7525610926157	0.339119191693679
22.575	9.25	0.220730580213061	0.803419708734724	6.15642693419842e-08	61.709619353311	0.376584464170449
22.725	9.25	0.275641521320763	0.802820805432291	5.48634898988038e-08	61.6617944784603	0.420513217056611
22.875	9.25	0.338017850177695	0.802020593401727	4.879418805365e-08	61.6083403254273	0.470414280142156
23.025	9.25	0.406404716741806	0.801116466084846	4.34696232741445e-08	61.548609896429	0.525123773393445
23.175	9.25	0.47853456535571	0.800226943998007	3.89233113761372e-08	61.4821347349479	0.582827652284568
23.325	9.25	0.551566079841372	0.799461986346042	3.51248452009149e-08	61.4086915791095	0.641252863873097
23.475	9.25	0.622501301333466	0.798895944884787	3.20021207156192e-08	61.3283375484572	0.698001041066773
23.625	9.25	0.688659251817197	0.798554424920457	2.94619770949023e-08	61.2414025187394	0.750927401453757
23.775	9.25	0.748051804835883	0.798418758410211	2.74061940609852e-08	61.1484406286897	0.798441443868706
23.925	9.25	0.799557776564308	0.798442583390994	2.57423786987871e-08	61.0501553308563	0.839646221251447
24.075	9.25	0.842886466582865	0.798570864059011	2.43892327048127e-08	60.9473178392806	0.874309173266292
24.225	9.25	0.878398152949559	0.798753975590559	2.32787224070105e-08	60.8406959812713	0.902718522359648
24.375	9.25	0.906872097980624	0.798954506291633	2.23556940885686e-08	60.7310028367084	0.925497678384499
24.525	9.25	0.929292196241394	0.799148209619761	2.15765977262001e-08	60.618866819059	0.943433756993116
24.675	9.25	0.946685092603929	0.799321785885649	2.09075888350232e-08	60.5048198173696	0.957348074083143
24.825	9.25	0.960016773519187	0.799469705245192	2.03226690658415e-08	60.3892980673719	0.96801341881535
24.975	9.25	0.970138072232831	0.799591305848703	1.98021335757455e-08	60.2726505965855	0.976110457786265
25.125	9.25	0.977764768602124	0.799688609865653	1.93311120788777e-08	60.1551512366937	0.9822118148817
25.275	9.25	0.983479106815977	0.799764864674296	1.88984739832485e-08	60.0370115163346	0.986783285452782
25.425	9.25	0.987742790771737	0.799823653308111	1.84958584038076e-08	59.9183928564678	0.990194232617389
25.575	9.25	0.990914817618241	0.799868399146267	1.81172195261646e-08	59.7994172857496	0.992731854094593
25.725	9.25	0.993270126607092	0.799902123961953	1.775789564027e-08	59.6801764047929	0.994616101285674
25.875	9.25	0.995016874669357	0.79992736026361	1.74145714341794e-08	59.560738626166	0.996013499735486
26.025	9.25	0.99631133986195	0.799946152432044	1.70847177534949e-08	59.4411548699038	0.99704907188956
26.175	9.25	0.997270176050361	0.799960104471274	1.67664883360966e-08	59.3214629555128	0.997816140840289
26.325	9.25	0.99798014588869	0.799970447691533	1.64584893900549e-08	59.2016909386229	0.998384116710952
26.475	9.25	0.998505654665855	0.799978112049538	1.61596616156587e-08	59.0818596188688	0.998804523732684
26.625	9.25	0.998894473327686	0.799983791997217	1.58692178591503e-08	58.9619844114622	0.999115578662149
26.775	9.25	0.999182029786204	0.799988002546688	1.55865265515407e-08	58.8420767380903	0.999345623828963
26.925	9.25	0.999394600853901	0.799991124405132	1.53110454516089e-08	58.722145058624	0.99951568068312
27.075	9.25	0.999551676919265	0.799993438871196	1.50424347304145e-08	58.6021956361152	0.999641341535412
27.225	9.25	0.999667711978887	0.799995154056597	1.47803405862379e-08	58.4822331042882	0.999734169583109
27.375	9.25	0.99975341990241	0.799996424233424	1.45244828582922e-08	58.3622608888118	0.999802735921928
27.525	9.25	0.999816736202702	0.799997363979225	1.4274658869116e-08	58.2422815201853	0.999853388962162
27.675	9.25	0.999863532813191	0.799998058500398	1.40306325135013e-08	58.1222968661511	0.999890826250553
27.825	9.25	0.999898149897785	0.799998571192959	1.37922278864733e-08	58.0023083042714	0.999918519918228
27.975	9.25	0.999923791676418	0.799998949214221	1.35592777028771e-08	57.8823168499779	0.999939033341134
28.125	9.25	0.999942820939625	0.799999227614922	1.33316152577834e-08	57.7623232514861	0.9999542567517
28.275	9.25	0.99995697799599	0.799999432418875	1.31091349206781e-08	57.6423280600624	0.999965582396792
28.425	9.25	0.99996754325516	0.799999582924231	1.28916652298739e-08	57.5223316819793	0.999974034604128
28.575	9.25	0.999975457805529	0.799999693424479	1.26790931328135e-08	57.4023344168769	0.999980366244423
28.725	9.25	0.999981412728571	0.799999774493765	1.24713115917058e-08	57.2823364860515	0.999985130182857
28.875	9.25	0.999985915176629	0.799999833945706	1.22681758378099e-08	57.1623380532839	0.999988732141303
29.025	9.25	0.999989337201457	0.799999877546655	1.20696093782307e-08	57.0423392401533	0.999991469761165
29.175	9.25	0.999991951790703	0.799999909545999	1.18754720448936e-08	56.9223401372769	0.999993561432563
29.325	9.25	0.999993959424852	0.799999933070002	1.16856757134531e-08	56.8023408125455	0.999995167539881
29.475	9.25	0.999995507614349	0.799999950413435	1.15001170921771e-08	56.6823413171462	0.999996406091479
29.625	9.25	0.999996705242111	0.799999963256811	1.13186732609884e-08	56.5623416899594	0.999997364193689
29.775	9.25	0.999997633065824	0.799999972826948	1.11412863443671e-08	56.4423419607627	0.999998106452659
29.925	9.25	0.999998351385265	0.799999980016458	1.09678537819018e-08	56.3223421525627	0.999998681108212
30.075	9.25	0.999998905620648	0.799999985472181	1.07982854831551e-08	56.2023422832917	0.999999124496518
30.225	9.25	0.9999993303557	0.799999989661119	1.06324822075566e-08	56.0823423670418	0.99999946428456
30.375	9.25	0.999999652255975	0.799999992918982	1.04703607606189e-08	55.9623424149651	0.99999972180478
30.525	9.25	0.999999892166599	0.79999999548604	1.03118485683822e-08	55.842342435933	0.99999991373328
30.675	9.25	1.00000006661443	0.799999997534008	1.0156862462484e-08	55.7223424370233	1.00000005329154
30.825	9.25	1.00000018888044	0.799999999185092	1.00053038769172e-08	55.6023424238828	1.00000015110435
30.975	9.25	1.00000026976429	0.800000000526764	9.85711766439693e-09	55.4823424010027	1.00000021581143
31.125	9.25	1.00000031813023	0.800000001621715	9.71222613896115e-09	55.36234237193	1.00000025450419
31.275	9.25	1.00000034129912	0.800000002515602	9.57053760477895e-09	55.2423423394351	1.0000002730393
31.425	9.25	1.00000034533335	0.800000003242109	9.43203761571418e-09	55.1223423056459	1.00000027626668
31.575	9.25	1.00000033524795	0.80000000382707	9.29658776724978e-09	55.0023422721585	1.00000026819836
31.725	9.25	1.00000031517155	0.800000004290865	9.16415008055053e-09	54.8823422401302	1.00000025213724
31.875	9.25	1.00000028847337	0.800000004650008	9.0346578907758e-09	54.7623422103583	1.0000002307787
32.025	9.25	1.00000025786737	0.800000004918852	8.9080615780521e-09	54.6423421833483	1.00000020629389
32.175	9.25	1.00000022550096	0.800000005109822	8.78430088355766e-09	54.5223421593721	1.00000018040077
32.325	9.25	1.00000019303281	0.80000000523408	8.66328239423512e-09	54.4023421385191	1.00000015442625
32.475	9.25	1.00000016170284	0.800000005301797	8.54496938932566e-09	54.2823421207396	1.00000012936227
32.625	9.25	1.00000013239566	0.800000005322315	8.42931949944749e-09	54.1623421058816	1.00000010591652
32.775	9.25	1.00000010569878	0.800000005304028	8.3162481105852e-09	54.0423420937229	1.00000008455903
32.925	9.25	1.00000008195549	0.800000005254773	8.2057017031494e-09	53.9223420839962	1.00000006556439
33.075	9.25	1.00000006131281	0.800000005181228	8.09765491853265e-09	53.802342076411	1.00000004905025
33.225	9.25	1.00000004376436	0.800000005089579	7.99203643061483e-09	53.6823420706698	1.00000003501149
33.375	9.25	1.00000002918825	0.80000000498499	7.88879860399802e-09	53.5623420664814	1.0000000233506
33.525	9.25	1.0000000173799	0.800000004872048	7.78789448709667e-09	53.4423420635701	1.00000001390392
33.675	9.25	1.00000000808003	0.800000004754393	7.68928729387147e-09	53.3223420616828	1.00000000646402
33.825	9.25	1.00000000099792	0.800000004635098	7.59292437831736e-09	53.2023420605924	1.00000000079834
33.975	9.25	0.999999995830307	0.800000004516481	7.49874364359429e-09	53.0823420601007	0.999999996664245
34.125	9.25	0.999999992276177	0.800000004400351	7.40672600098971e-09	52.9623420600381	0.999999993820942
34.275	9.25	0.999999990047914	0.800000004288019	7.3168118041162e-09	52.8423420602635	0.999999992038331
34.425	9.25	0.999999988879285	0.80000000418026	7.22898326718197e-09	52.7223420606624	0.999999991103428
34.575	9.25	0.999999988530635	0.800000004077568	7.14316912742721e-09	52.6023420611446	0.999999990824508
34.725	9.25	0.999999988791738	0.800000003980105	7.05935568976527e-09	52.4823420616413	0.99999999103339
34.875	9.25	0.999999989482808	0.800000003887773	6.97748647671257e-09	52.3623420621025	0.999999991586246
35.025	9.25	0.999999990454005	0.800000003800286	6.89754571533972e-09	52.2423420624942	0.999999992363204
35.175	9.25	0.999999991583952	0.800000003717379	6.81946990437903e-09	52.1223420627953	0.999999993267161
35.325	9.25	0.999999992777331	0.800000003638466	6.74324589506152e-09	52.0023420629949	0.999999994221864
35.475	9.25	0.999999993962087	0.800000003563189	6.66883060219169e-09	51.8823420630905	0.99999999516967
35.625	9.25	0.999999995086373	0.800000003490927	6.59620107323624e-09	51.7623420630852	0.999999996069098
35.775	9.25	0.999999996115373	0.800000003421234	6.52531767055166e-09	51.6423420629866	0.999999996892299
35.925	9.25	0.99999999702829	0.800000003353693	6.45613470542887e-09	51.5223420628047	0.999999997622632
36.075	9.25	0.99999999781546	0.800000003287779	6.38863560745478e-09	51.402342062551	0.999999998252368
36.225	9.25	0.999999998475751	0.800000003223273	6.32280310958576e-09	51.2823420622377	0.999999998780601
36.375	9.25	0.999999999014287	0.800000003159654	6.25859128587443e-09	51.1623420618767	0.99999999921143
36.525	9.25	0.999999999440462	0.80000000309685	6.19597990204533e-09	51.0423420614791	0.99999999955237
36.675	9.25	0.99999999976633	0.800000003034593	6.13494549767393e-09	50.9223420610551	0.999999999813064
36.825	9.25	1.00000000000534	0.800000002972632	6.07543851462324e-09	50.8023420606136	1.00000000000427
36.975	9.25	1.00000000017136	0.800000002910983	6.01745986353554e-09	50.6823420601622	1.00000000013708
37.125	9.25	1.00000000027792	0.800000002849447	5.96096381408676e-09	50.5623420597074	1.00000000022233
37.275	9.25	1.00000000033769	0.80000000278801	5.90595753232599e-09	50.442342059254	1.00000000027015
37.425	9.25	1.00000000036183	0.800000002726458	5.8523814158285e-09	50.3223420588061	1.00000000028946
37.575	9.25	1.00000000035913	0.800000002664761	5.80022375166639e-09	50.2023420583666	1.00000000028731
37.725	9.25	1.00000000033566	0.800000002602945	5.74948956236011e-09	50.0823420579377	1.00000000026853
37.875	9.25	1.00000000029552	0.800000002541823	5.70012556674991e-09	49.9623420575212	1.00000000023641
38.025	9.25	1.00000000024451	0.800000002482172	5.65211030032164e-09	49.8423420571184	1.00000000019561
38.175	9.25	1.00000000019656	0.800000002424752	5.60543616731613e-09	49.7223420567296	1.00000000015725
38.325	9.25	1.00000000017805	0.800000002368141	5.5600937195728e-09	49.6023420563532	1.00000000014244
38.475	9.25	1.0000000002182	0.800000002305943	5.51603289338669e-09	49.482342055985	1.00000000017456
38.625	9.25	1.0000000003104	0.800000002227746	5.4732658901067e-09	49.3623420556195	1.00000000024832
38.775	9.25	1.00000000034602	0.800000002126968	5.43176343299373e-09	49.242342055257	1.00000000027682
38.925	9.25	1.00000000007387	0.800000002021496	5.39150741796766e-09	49.122342054915	1.0000000000591
39.075	9.25	0.999999999212033	0.800000001977486	5.35248174237186e-09	49.0023420546364	0.999999999369626
39.225	9.25	0.999999997861592	0.800000002103962	5.31466912948916e-09	48.882342054473	0.999999998289274
39.375	9.25	0.999999997187168	0.800000002462095	5.27805811602413e-09	48.7623420544158	0.999999997749735
39.525	9.25	0.999999999800272	0.800000002858443	5.24262386384936e-09	48.6423420542744	0.999999999840218
39.675	9.25	1.00000000854991	0.80000000261437	5.20835867999832e-09	48.5223420535966	1.00000000683993
39.825	9.25	1.00000002228111	0.800000000647241	5.1752418821913e-09	48.4023420518485	1.00000001782489
39.975	9.25	1.00000002906865	0.799999996393476	5.14327161079181e-09	48.2823420491244	1.00000002325492
40.125	9.25	1.00000000269436	0.799999991837748	5.11243618823187e-09	48.1623420473493	1.00000000215549
40.275	9.25	0.999999915051618	0.799999993656789	5.08271903498322e-09	48.0423420510557	0.999999932041295
40.425	9.25	0.999999777875222	0.800000012236007	5.05410374581755e-09	47.9223420655623	0.999999822300177
40.575	9.25	0.999999707649961	0.800000052680625	5.02657394070824e-09	47.8023420900329	0.999999766119969
40.725	9.25	0.999999957517788	0.800000095801914	5.00012138746122e-09	47.6823421058893	0.999999966014231
40.875	9.25	1.00000079734944	0.80000007891469	4.97473634945296e-09	47.5623420694489	1.00000063787956
41.025	9.25	1.00000212196187	0.799999906304826	4.95042038300744e-09	47.4423419291238	1.00000169756949
41.175	9.25	1.00000285290259	0.799999532081803	4.92715092886964e-09	47.3223416901408	1.00000228232207
41.325	9.25	1.00000065163104	0.799999129737488	4.90492120556749e-09	47.2023415217422	1.00000052130483
41.475	9.25	0.999993003858062	0.799999257202302	4.88376139644475e-09	47.0823418261065	0.99999440308645
41.625	9.25	0.999980706637717	0.800000757717654	4.86363142149161e-09	46.9623430878395	0.999984565310173
41.775	9.25	0.999973138463768	0.800004042253508	4.84451444051034e-09	46.8423453031202	0.999978510771015
41.925	9.25	0.999990827520301	0.800007659080301	4.82629697157928e-09	46.7223470326045	0.999992662016241
42.075	9.25	1.00005637953601	0.800006937612287	4.80889361354608e-09	46.6023447665291	1.00004510362881
42.225	9.25	1.00016528886173	0.799994825398817	4.79231695705336e-09	46.482334126356	1.00013223108939
42.375	9.25	1.00024184955449	0.799967675382437	4.77685002150886e-09	46.3623145836533	1.0001934796436
42.525	9.25	1.00011633628736	0.799936551571653	4.76312535280801e-09	46.242297390503	1.00009306902989
42.675	9.25	0.999594226906798	0.799937861681767	4.75188700348663e-09	46.1223112833861	0.999675381525438
42.825	9.25	0.998683926300599	0.800027373387022	4.74308467769306e-09	46.002393934381	0.998947141040479
42.975	9.25	0.997944673214345	0.800237007682852	4.73462679699477e-09	45.8825557661663	0.998355738571476
43.125	9.25	0.998684258962589	0.800490006234887	4.72156399514059e-09	45.7627175717297	0.998947407170071
43.275	9.25	1.00248296174477	0.800522975823946	4.69795425564429e-09	45.6426615413081	1.00198636939581
43.425	9.25	1.00955927623982	0.799934826165963	4.66320302241039e-09	45.5220836386806	1.00764742099186
43.575	9.25	1.01623380739944	0.79847988211255	4.63109330708721e-09	45.4008458619438	1.01298704591955
43.725	9.25	1.01328677103324	0.796573392247616	4.6351707721421e-09	45.2794287055783	1.01062941682659
43.875	9.25	0.988680897776344	0.795833250958533	4.72136981677665e-09	45.1593337110838	0.990944718221075
44.025	9.25	0.938367896621837	0.799351007563924	4.91647975342063e-09	45.0428406785917	0.95069431729747
44.175	9.25	0.88467313340518	0.810192428898008	5.145686328897e-09	44.9313521729586	0.907738506724144
44.325	9.25	0.889127901547908	0.824441953002258	5.12333863853197e-09	44.8222078189216	0.911302321238326
44.475	9.25	1.03257195140096	0.826489829124528	4.54876421038259e-09	44.7059574133094	1.02605756112077
44.625	9.25	1.34924434206397	0.808622132972453	3.64663392915073e-09	44.5677999774127	1.27939547365118
44.775	9.25	1.76408811834904	0.709537047468711	2.89433307239579e-09	44.3955931642637	1.61127049467923
44.925	9.25	2.1115450664654	0.834636814082439	2.46779142499331e-09	44.2248231445723	1.88923605317232
0.075	9.75	3.4747356276904e-16	0.399999970977593	-1.22377387137333e-06	65.3895323706414	0.2
0.225	9.75	1.09796522120408e-15	0.799999913076853	-1.2200817010226e-06	65.3655323723828	0.200000000000001
0.375	9.75	2.54819004109026e-15	0.799999855607914	-1.21272526261711e-06	65.3415323758568	0.200000000000002
0.525	9.75	4.61626735602513e-15	0.799999798853546	-1.20176045821002e-06	65.3175323810463	0.200000000000004
0.675	9.75	7.14881942316799e-15	0.799999743089283	-1.18726972895088e-06	65.2935323879256	0.200000000000006
0.825	9.75	9.93588768017972e-15	0.799999688579437	-1.16936171829502e-06	65.2695323964609	0.200000000000008
0.975	9.75	1.27379745361473e-14	0.799999635576142	-1.14816848233776e-06	65.2455324066108	0.20000000000001
1.125	9.75	1.52997119127119e-14	0.799999584315933	-1.12384499415221e-06	65.2215324183263	0.200000000000012
1.275	9.75	1.73403428090201e-14	0.799999535017125	-1.09656599940629e-06	65.1975324315518	0.200000000000014
1.425	9.75	1.85241269581922e-14	0.799999487879758	-1.06652411210927e-06	65.1735324462253	0.200000000000015
1.575	9.75	1.84215032246587e-14	0.799999443082646	-1.03392777502844e-06	65.1495324622791	0.200000000000015
1.725	9.75	1.6473860285335e-14	0.799999400781795	-9.98997181226851e-07	65.1255324796404	0.200000000000013
1.875	9.75	1.19727031144844e-14	0.799999361112331	-9.61962813659316e-07	65.1015324982321	0.20000000000001
2.025	9.75	4.06043816203584e-15	0.799999324182782	-9.2306286360482e-07	65.0775325179736	0.200000000000003
2.175	9.75	-8.24297410269387e-15	0.799999290081708	-8.82539400032019e-07	65.0535325387812	0.199999999999993
2.325	9.75	-2.59845906830131e-14	0.799999258872888	-8.40636478371916e-07	65.0295325605687	0.199999999999979
2.475	9.75	-5.01912071873342e-14	0.79999923059688	-7.97597693600213e-07	65.0055325832488	0.19999999999996
2.625	9.75	-8.17461756554392e-14	0.799999205273286	-7.53663494268048e-07	64.9815326067329	0.199999999999935
2.775	9.75	-1.21225439845177e-13	0.799999182899491	-7.09069337788155e-07	64.9575326309324	0.199999999999903
2.925	9.75	-1.68687933741635e-13	0.799999163454285	-6.64043432979688e-07	64.933532655759	0.199999999999865
3.075	9.75	-2.23416929648367e-13	0.79999914689793	-6.18805134128255e-07	64.9095326811252	0.199999999999821
3.225	9.75	-2.83611980733371e-13	0.799999133172044	-5.73563421685382e-07	64.8855327069451	0.199999999999773
3.375	9.75	-3.46036007500148e-13	0.799999122204758	-5.28515836154598e-07	64.8615327331349	0.199999999999723
3.525	9.75	-4.05628839044221e-13	0.799999113910015	-4.83846917081327e-07	64.8375327596129	0.199999999999676
3.675	9.75	-4.55107313311875e-13	0.799999108189139	-4.39727980770637e-07	64.8135327863004	0.199999999999636
3.825	9.75	-4.84582803099484e-13	0.799999104933691	-3.9631646998348e-07	64.7895328131217	0.199999999999612
3.975	9.75	-4.81239827287952e-13	0.79999910402781	-3.5375483565022e-07	64.7655328400045	0.199999999999615
4.125	9.75	-4.29133891403031e-13	0.799999105345693	-3.12171723143995e-07	64.7415328668801	0.199999999999657
4.275	9.75	-3.09182548918577e-13	0.799999108759165	-2.71680851963102e-07	64.7175328936838	0.199999999999753
4.425	9.75	-9.94399632179748e-14	0.799999114134883	-2.32381457148039e-07	64.6935329203546	0.19999999999992
4.575	9.75	2.24239040443074e-13	0.799999121337489	-1.94359098426527e-07	64.6695329468357	0.200000000000179
4.725	9.75	6.8702610045651e-13	0.799999130229584	-1.5768566839717e-07	64.6455329730743	0.20000000000055
4.875	9.75	1.31330926424593e-12	0.799999140675305	-1.22420020798949e-07	64.6215329990218	0.200000000001051
5.025	9.75	2.12411552718649e-12	0.799999152538633	-8.86086061833326e-08	64.5975330246336	0.200000000001699
5.175	9.75	3.13364400281388e-12	0.799999165686653	-5.62860670491792e-08	64.5735330498691	0.200000000002507
5.325	9.75	4.34481001899757e-12	0.79999917998887	-2.54764616414267e-08	64.5495330746918	0.200000000003476
5.475	9.75	5.74374047761415e-12	0.799999195318356	3.80639192772214e-09	64.5255330990689	0.200000000004595
5.625	9.75	7.29322309778586e-12	0.79999921155283	3.15581618115977e-08	64.5015331229716	0.200000000005835
5.775	9.75	8.92520058161011e-12	0.799999228574526	5.77827805560717e-08	64.4775331463743	0.20000000000714
5.925	9.75	1.05325193066093e-11	0.799999246271717	8.24919676333864e-08	64.4535331692554	0.200000000008426
6.075	9.75	1.19602934419899e-11	0.799999264537288	1.05704214070184e-07	64.429533191596	0.200000000009568
6.225	9.75	1.29974311557055e-11	0.79999928327049	1.27444212838831e-07	64.4055332133808	0.200000000010398
6.375	9.75	1.33690888501627e-11	0.799999302375793	1.47741992985194e-07	64.3815332345973	0.200000000010695
6.525	9.75	1.27310689930505e-11	0.799999321764448	1.66632153896905e-07	64.3575332552357	0.200000000010185
6.675	9.75	1.06674495760199e-11	0.799999341354033	1.84153017074264e-07	64.333533275289	0.200000000008534
6.825	9.75	6.69301727717963e-12	0.799999361066977	2.00346763171658e-07	64.3095332947524	0.200000000005354
6.975	9.75	2.6235462939985e-13	0.799999380832637	2.15257608095001e-07	64.2855333136237	0.20000000000021
7.125	9.75	-9.21231867954557e-12	0.799999400585877	2.28932245874243e-07	64.2615333319024	0.19999999999263
7.275	9.75	-2.23322589183585e-11	0.799999420266801	2.41418997532882e-07	64.2375333495903	0.199999999982134
7.425	9.75	-3.96698775376617e-11	0.799999439821446	2.52767426030709e-07	64.2135333666907	0.199999999968264
7.575	9.75	-6.17106396038958e-11	0.799999459201664	2.63027546745353e-07	64.1895333832086	0.199999999950632
7.725	9.75	-8.87770629328604e-11	0.799999478363075	2.72249803626822e-07	64.1655333991504	0.199999999928978
7.875	9.75	-1.20933169478248e-10	0.799999497266818	2.8048518245864e-07	64.1415334145239	0.199999999903253
8.025	9.75	-1.57868508491224e-10	0.799999515878105	2.87783746335449e-07	64.1175334293377	0.199999999873705
8.175	9.75	-1.98761993969277e-10	0.799999534167362	2.9419517564513e-07	64.0935334436015	0.19999999984099
8.325	9.75	-2.42127328693928e-10	0.799999552108251	2.99768476002688e-07	64.0695334573258	0.199999999806298
8.475	9.75	-2.85643767483691e-10	0.799999569677722	3.04551869819672e-07	64.0455334705215	0.199999999771485
8.625	9.75	-3.25978430532589e-10	0.799999586857431	3.08592033515003e-07	64.0215334831999	0.199999999739217
8.775	9.75	-3.58609320310512e-10	0.799999603631167	3.11934702413288e-07	63.9975334953726	0.199999999713113
8.925	9.75	-3.77661597900543e-10	0.799999619986593	3.14624173199036e-07	63.9735335070509	0.199999999697871
9.075	9.75	-3.75773475302467e-10	0.7999996359129	3.16703126634591e-07	63.949533518246	0.199999999699381
9.225	9.75	-3.44012170095067e-10	0.799999651403182	3.18212857914933e-07	63.9255335289683	0.19999999972479
9.375	9.75	-2.71864585380201e-10	0.799999666451326	3.19193132595936e-07	63.9015335392278	0.199999999782508
9.525	9.75	-1.47331496249924e-10	0.799999681054111	3.19681778392402e-07	63.8775335490334	0.199999999882135
9.675	9.75	4.28422467642415e-11	0.799999695209631	3.19715325836464e-07	63.8535335583929	0.200000000034274
9.825	9.75	3.12766007627745e-10	0.799999708917958	3.19328453229651e-07	63.8295335673126	0.200000000250213
9.975	9.75	6.76792858500623e-10	0.799999722179553	3.18554317911167e-07	63.8055335757977	0.200000000541434
10.125	9.75	1.1486628596203e-09	0.799999734997246	3.174241976866e-07	63.7815335838519	0.20000000091893
10.275	9.75	1.74036479737668e-09	0.799999747373782	3.15968191934762e-07	63.7575335914774	0.200000001392292
10.425	9.75	2.4606859411906e-09	0.799999759313264	3.14214429749038e-07	63.7335335986753	0.200000001968549
10.575	9.75	3.31342766126872e-09	0.799999770820128	3.12189575200255e-07	63.7095336054461	0.200000002650742
10.725	9.75	4.29527699849959e-09	0.799999781899829	3.09919008640488e-07	63.6855336117899	0.200000003436222
10.875	9.75	5.39334101270166e-09	0.799999792557507	3.0742629018375e-07	63.6615336177074	0.200000004314673
11.025	9.75	6.58237237144244e-09	0.799999802799091	3.04733946378134e-07	63.6375336232009	0.200000005265898
11.175	9.75	7.8217414406827e-09	0.799999812631417	3.0186299300169e-07	63.6135336282757	0.200000006257393
11.325	9.75	9.05224215324357e-09	0.799999822060522	2.98833067471619e-07	63.5895336329413	0.200000007241794
11.475	9.75	1.01928559479183e-08	0.799999831093715	2.95662572197998e-07	63.565533637214	0.200000008154285
11.625	9.75	1.11376395553712e-08	0.799999839738585	2.92368881664655e-07	63.5415336411186	0.200000008910112
11.775	9.75	1.17529474485709e-08	0.799999848003144	2.88967962974379e-07	63.5175336446913	0.200000009402358
11.925	9.75	1.18752470565691e-08	0.799999855897087	2.85474811334942e-07	63.4935336479819	0.200000009500198
12.075	9.75	1.13098326072354e-08	0.799999863429846	2.81903564553603e-07	63.4695336510574	0.200000009047866
12.225	9.75	9.830789532843e-09	0.799999870613496	2.78267038181018e-07	63.4455336540046	0.200000007864632
12.375	9.75	7.18260315724941e-09	0.799999877460602	2.74577207680062e-07	63.4215336569331	0.200000005746083
12.525	9.75	3.08383997728108e-09	0.799999883987182	2.70845533946742e-07	63.3975336599779	0.200000002467072
12.675	9.75	-2.76664585748831e-09	0.799999890209916	2.67082079032508e-07	63.3735336633017	0.199999997786683
12.825	9.75	-1.0680517398304e-08	0.799999896148912	2.63296521837999e-07	63.3495336670965	0.199999991455586
12.975	9.75	-2.09673130694504e-08	0.79999990182754	2.59497640700966e-07	63.3255336715835	0.19999998322615
13.125	9.75	-3.39179242236383e-08	0.799999907272228	2.55693373300381e-07	63.3015336770126	0.199999972865661
13.275	9.75	-4.97838021454831e-08	0.799999912512497	2.51891378145758e-07	63.2775336836594	0.199999960172958
13.425	9.75	-6.87515682115769e-08	0.799999917581927	2.48098404009556e-07	63.2535336918203	0.199999944998745
13.575	9.75	-9.09127816681135e-08	0.799999922518006	2.4432054087439e-07	63.2295337018048	0.199999927269775
13.725	9.75	-1.16228711698496e-07	0.799999927361434	2.40563684771237e-07	63.2055337139245	0.199999907017031
13.875	9.75	-1.44490054308251e-07	0.799999932157732	2.36832941448661e-07	63.181533728479	0.199999884407957
14.025	9.75	-1.7527161476936e-07	0.799999936955023	2.33133079317819e-07	63.1575337457371	0.199999859782708
14.175	9.75	-2.07882020563834e-07	0.799999941806493	2.29468406331013e-07	63.1335337659138	0.199999833694384
14.325	9.75	-2.41308506453535e-07	0.799999946767479	2.25842575050227e-07	63.1095337891421	0.199999806953195
14.475	9.75	-2.74156679268209e-07	0.799999951898874	2.22259298774162e-07	63.085533815439	0.199999780674657
14.625	9.75	-3.04584867013696e-07	0.799999957265629	2.1872170875298e-07	63.0615338446662	0.199999756332106
14.775	9.75	-3.30232107323739e-07	0.799999962939265	2.15232475598452e-07	63.0375338764834	0.199999735814314
14.925	9.75	-3.48137931397742e-07	0.799999969000255	2.11794137961802e-07	63.0135339102944	0.199999721489655
15.075	9.75	-3.54650715926092e-07	0.799999975541839	2.08408927105972e-07	62.9895339451858	0.199999716279427
15.225	9.75	-3.45319328886402e-07	0.799999982677542	2.05078726309952e-07	62.9655339798548	0.199999723744537
15.375	9.75	-3.14759850999896e-07	0.799999990550139	2.01805474878746e-07	62.9415340125265	0.199999748192119
15.525	9.75	-2.56485004419192e-07	0.79999999934656	1.98590395285879e-07	62.9175340408557	0.199999794811996
15.675	9.75	-1.62678156632096e-07	0.800000009318938	1.95434711470557e-07	62.8935340618108	0.199999869857475
15.825	9.75	-2.38858512369324e-08	0.800000020813142	1.92339752733102e-07	62.8695340715308	0.199999980891319
15.975	9.75	1.7140797044268e-07	0.800000034311674	1.89306216483461e-07	62.8455340651481	0.200000137126376
16.125	9.75	4.37377515090881e-07	0.800000050488442	1.86335063231333e-07	62.8215340365618	0.200000349902012
16.275	9.75	7.91691660973587e-07	0.800000070289723	1.83426588743884e-07	62.7975339781423	0.200000633353329
16.425	9.75	1.25668929330763e-06	0.800000095037744	1.80581593844089e-07	62.7735338803396	0.200001005351435
16.575	9.75	1.861027104565e-06	0.80000012657924	1.77800238010346e-07	62.7495337311556	0.200001488821684
16.725	9.75	2.64198160628859e-06	0.800000167480671	1.75082795773107e-07	62.7255335154275	0.200002113585285
16.875	9.75	3.64865153260134e-06	0.800000221294005	1.72429316256312e-07	62.7015332138462	0.200002918921226
17.025	9.75	4.94639301643746e-06	0.800000292915537	1.69839737332705e-07	62.6775328016086	0.200003957114413
17.175	9.75	6.62293531638251e-06	0.800000389068056	1.67314280114354e-07	62.6535322465635	0.200005298348253
17.325	9.75	8.79677992133432e-06	0.800000518949929	1.64852570183291e-07	62.6295315066603	0.200007037423937
17.475	9.75	1.1628695421608e-05	0.800000695112317	1.62454330047751e-07	62.6055305264437	0.200009302956337
17.625	9.75	1.53374052228369e-05	0.800000934645575	1.60119319054438e-07	62.5815292322421	0.200012269924178
17.775	9.75	2.02209519638235e-05	0.800001260782007	1.57847127128261e-07	62.5575275255797	0.200016176761571
17.925	9.75	2.66857439931475e-05	0.800001705051472	1.5563704194575e-07	62.5335252741663	0.200021348595195
18.075	9.75	3.52859825575784e-05	0.800002310161329	1.53488499165209e-07	62.5095222996028	0.200028228786046
18.225	9.75	4.67770774257659e-05	0.800003133824753	1.51400741367697e-07	62.4855183606284	0.200037421661941
18.375	9.75	6.21878477763005e-05	0.800004253846353	1.4937289027225e-07	62.4615131303393	0.200049750278221
18.525	9.75	8.29178906254695e-05	0.800005774951414	1.47403422051969e-07	62.4375061652674	0.2000663343125
18.675	9.75	0.000110868696423069	0.800007838115343	1.45491284122078e-07	62.4134968634923	0.200088694957138
18.825	9.75	0.000148620251784936	0.800010633500443	1.43634524247219e-07	62.3894844079822	0.200118896201428
18.975	9.75	0.00019966944961705	0.800014418428725	1.41830804431748e-07	62.3654676900146	0.200159735559694
19.125	9.75	0.000268753035564137	0.800019541830926	1.40077300468214e-07	62.3414452056512	0.200215002428451
19.275	9.75	0.000362286145447587	0.800026476210844	1.3837039394586e-07	62.3174149156615	0.200289828916358
19.425	9.75	0.000488957287664923	0.800035857450138	1.36705202133558e-07	62.2933740558366	0.200391165830132
19.575	9.75	0.000660531165170943	0.800048532700872	1.35075517574732e-07	62.2693188802074	0.200528424932137
19.725	9.75	0.000892922175409863	0.800065618900898	1.33473365460737e-07	62.245244314197	0.200714337740328
19.875	9.75	0.00120761707970008	0.800088580868865	1.3188795474765e-07	62.2211434879534	0.20096609366376
20.025	9.75	0.00163355405703806	0.800119348375087	1.30305529466365e-07	62.1970071111923	0.20130684324563
20.175	9.75	0.00220962170880573	0.800160501004542	1.28707916455863e-07	62.1728226378811	0.201767697367045
20.325	9.75	0.00298804025459646	0.800215546389527	1.27071271633355e-07	62.1485731486488	0.202390432203677
20.475	9.75	0.00403902950818037	0.800289285145772	1.25365212474136e-07	62.1242358467941	0.203231223606544
20.625	9.75	0.00545732352998193	0.80038818248692	1.23549776869747e-07	62.099780017451	0.204365858823986
20.775	9.75	0.00737118378977534	0.80052055835675	1.21573690927206e-07	62.0751642413021	0.20589694703182
20.925	9.75	0.0099544771922388	0.80069630168053	1.19371866305722e-07	62.0503325957504	0.207963581753791
21.075	9.75	0.0134420116727662	0.800925773841549	1.16863229640942e-07	62.0252095400638	0.210753609338213
21.225	9.75	0.0181476171483361	0.801217654677673	1.13951417550784e-07	61.9996931964557	0.214518093718669
21.375	9.75	0.0244834929224314	0.801575720660072	1.10529243546261e-07	61.9736468348832	0.219586794337945
21.525	9.75	0.0329782621428732	0.80199488385488	1.06490364689059e-07	61.94688856358	0.226382609714299
21.675	9.75	0.0442900711255192	0.802457186027294	1.01748151779369e-07	61.9191795264479	0.235432056900415
21.825	9.75	0.0592098304703054	0.802928797922032	9.62613483193221e-08	61.8902113198158	0.247367864376244
21.975	9.75	0.0786480147593869	0.803359411110546	9.00602726585736e-08	61.8595938918514	0.26291841180751
22.125	9.75	0.103596188247665	0.803685594134897	8.32642673918588e-08	61.8268459256718	0.282876950598132
22.275	9.75	0.135052299958702	0.80383933920404	7.60800686255875e-08	61.7913906528189	0.308041839966962
22.425	9.75	0.173898990115343	0.803761755243991	6.87773480626035e-08	61.7525610809459	0.339119192092275
22.575	9.75	0.220730580784809	0.80341970677361	6.16457595725416e-08	61.709619341697	0.376584464627847
22.725	9.75	0.275641521960937	0.802820803556775	5.49471692912597e-08	61.6617944669019	0.42051321756875
22.875	9.75	0.338017850873708	0.802020591603238	4.88784824176793e-08	61.6083403139265	0.470414280698966
23.025	9.75	0.406404717473161	0.801116464355931	4.35540179060888e-08	61.5486098849905	0.525123773978529
23.175	9.75	0.478534566095616	0.800226942332483	3.9007884276544e-08	61.4821347235788	0.582827652876493
23.325	9.75	0.551566080560387	0.799461984738031	3.52102898099807e-08	61.40869156782	0.64125286444831
23.475	9.75	0.622501302004251	0.798895943329079	3.20893795087326e-08	61.3283375372596	0.698001041603401
23.625	9.75	0.688659252418735	0.798554423412351	2.95519899274942e-08	61.2414025076471	0.750927401934988
23.775	9.75	0.748051805355839	0.798418756945388	2.75000782362705e-08	61.1484406177165	0.798441444284671
23.925	9.75	0.799557776999148	0.798442581965833	2.58409646410625e-08	61.0501553200152	0.839646221599318
24.075	9.75	0.842886466936199	0.798570862670507	2.44932983000057e-08	60.9473178285831	0.874309173548959
24.225	9.75	0.878398153229694	0.798753974236302	2.33888070041591e-08	60.8406959707267	0.902718522583755
24.375	9.75	0.906872098198182	0.798954504969884	2.24722715341225e-08	60.7310028263239	0.925497678558545
24.525	9.75	0.92929219640749	0.799148208328985	2.16999068867738e-08	60.6188668088397	0.943433757125992
24.675	9.75	0.94668509272897	0.799321784624692	2.10377474954996e-08	60.5048198073186	0.957348074183176
24.825	9.75	0.960016773612259	0.799469704013114	2.04597191611532e-08	60.3892980574907	0.968013418889808
24.975	9.75	0.970138072301509	0.79959130464465	1.99459928500093e-08	60.2726505868744	0.976110457841207
25.125	9.75	0.977764768652463	0.799688608688942	1.94816469858319e-08	60.1551512271519	0.98221181492197
25.275	9.75	0.983479106852684	0.799764863524127	1.90554272048087e-08	60.0370115069606	0.986783285482147
25.425	9.75	0.987742790798416	0.799823652183968	1.86590891329306e-08	59.9183928472595	0.990194232638733
25.575	9.75	0.990914817637589	0.799868398047483	1.82863585696422e-08	59.7994172767044	0.992731854110072
25.725	9.75	0.993270126621106	0.799902122887937	1.79327129777851e-08	59.6801763959081	0.994616101296885
25.875	9.75	0.99501687467951	0.799927359213683	1.7594752017043e-08	59.5607386174386	0.996013499743608
26.025	9.75	0.996311339869306	0.799946151405799	1.7269976828751e-08	59.4411548613308	0.997049071895445
26.175	9.75	0.997270176055686	0.799960103468109	1.69565244941663e-08	59.321462947091	0.997816140844549
26.325	9.75	0.997980145892532	0.799970446710867	1.66530271769109e-08	59.2016909303491	0.998384116714026
26.475	9.75	0.998505654668636	0.799978111090825	1.63583919744138e-08	59.0818596107399	0.998804523734908
26.625	9.75	0.998894473329705	0.799983791060041	1.60718302135535e-08	58.9619844034752	0.999115578663764
26.775	9.75	0.999182029787663	0.799988001630473	1.57927628608871e-08	58.8420767302419	0.99934562383013
26.925	9.75	0.999394600854956	0.7999911235094	1.55206951330302e-08	58.7221450509114	0.999515680683965
27.075	9.75	0.999551676920023	0.799993437995476	1.52552361185325e-08	58.6021956285352	0.999641341536019
27.225	9.75	0.99966771197945	0.799995153200382	1.49960399446243e-08	58.482233096838	0.99973416958356
27.375	9.75	0.999753419902818	0.799996423396303	1.47428602422351e-08	58.3622608814885	0.999802735922254
27.525	9.75	0.999816736202992	0.799997363160759	1.44954903661693e-08	58.2422815129861	0.999853388962394
27.675	9.75	0.999863532813395	0.799998057700163	1.42536915797634e-08	58.1222968590733	0.999890826250716
27.825	9.75	0.999898149897934	0.799998570410505	1.40173252593698e-08	58.0023082973123	0.999918519918348
27.975	9.75	0.999923791676527	0.799998948449124	1.37862322848108e-08	57.8823168431348	0.999939033341222
28.125	9.75	0.999942820939708	0.799999226866816	1.35602691586885e-08	57.7623232447564	0.999954256751767
28.275	9.75	0.999956977996048	0.799999431687344	1.33392803378246e-08	57.6423280534437	0.999965582396838
28.425	9.75	0.9999675432552	0.799999582208894	1.31231777286263e-08	57.5223316754691	0.99997403460416
28.575	9.75	0.999975457805557	0.799999692724967	1.29118217046309e-08	57.4023344104728	0.999980366244445
28.725	9.75	0.999981412728596	0.79999977380973	1.27050809727158e-08	57.2823364797511	0.999985130182876
28.875	9.75	0.999985915176649	0.799999833276788	1.25028648844379e-08	57.162338047085	0.999988732141319
29.025	9.75	0.999989337201465	0.799999876892494	1.23050737723071e-08	57.0423392340536	0.999991469761172
29.175	9.75	0.999991951790708	0.799999908906309	1.21115995896766e-08	56.9223401312742	0.999993561432566
29.325	9.75	0.99999395942485	0.799999932444396	1.19223731726213e-08	56.8023408066377	0.99999516753988
29.475	9.75	0.999995507614349	0.799999949801638	1.17372594127415e-08	56.6823413113312	0.999996406091479
29.625	9.75	0.999996705242115	0.799999962658477	1.15561702848926e-08	56.5623416842352	0.999997364193692
29.775	9.75	0.999997633065831	0.799999972241794	1.13790416255171e-08	56.4423419551272	0.999998106452665
29.925	9.75	0.999998351385269	0.799999979444154	1.12057438025413e-08	56.322342147014	0.999998681108215
30.075	9.75	0.999998905620649	0.79999998491248	1.10362529996919e-08	56.2023422778279	0.999999124496519
30.225	9.75	0.999999330355708	0.799999989113754	1.08704343091624e-08	56.0823423616611	0.999999464284566
30.375	9.75	0.999999652255975	0.799999992383652	1.07082247425227e-08	55.9623424096655	0.99999972180478
30.525	9.75	0.9999998921666	0.799999994962498	1.0549544177823e-08	55.8423424307128	0.99999991373328
30.675	9.75	1.00000006661443	0.79999999702196	1.03943117483058e-08	55.7223424318807	1.00000005329155
30.825	9.75	1.00000018888044	0.799999998684319	1.02424770575974e-08	55.6023424188162	1.00000015110435
30.975	9.75	1.00000026976429	0.800000000037022	1.00939496803504e-08	55.4823423960104	1.00000021581143
31.125	9.75	1.00000031813023	0.800000001142744	9.94866160089889e-09	55.3623423670104	1.00000025450419
31.275	9.75	1.00000034129913	0.800000002047161	9.80653147962056e-09	55.2423423345865	1.00000027303931
31.425	9.75	1.00000034533336	0.800000002784001	9.66748573287327e-09	55.1223423008668	1.00000027626669
31.575	9.75	1.00000033524795	0.800000003379076	9.53150723661824e-09	55.0023422674473	1.00000026819836
31.725	9.75	1.00000031517155	0.800000003852728	9.3984945610143e-09	54.8823422354854	1.00000025213724
31.875	9.75	1.00000028847337	0.800000004221582	9.26837529096057e-09	54.7623422057786	1.00000023077869
32.025	9.75	1.00000025786737	0.800000004499864	9.14111552994371e-09	54.6423421788321	1.00000020629389
32.175	9.75	1.00000022550096	0.800000004700114	9.01663405948034e-09	54.5223421549181	1.00000018040077
32.325	9.75	1.00000019303282	0.800000004833461	8.89489676047036e-09	54.4023421341258	1.00000015442626
32.475	9.75	1.00000016170284	0.800000004910037	8.77584447771758e-09	54.2823421164057	1.00000012936227
32.625	9.75	1.00000013239567	0.800000004939263	8.65939968968167e-09	54.1623421016059	1.00000010591653
32.775	9.75	1.00000010569878	0.80000000492953	8.54551627660136e-09	54.0423420895039	1.00000008455903
32.925	9.75	1.00000008195549	0.800000004888601	8.43415643618983e-09	53.9223420798328	1.00000006556439
33.075	9.75	1.0000000613128	0.800000004823231	8.32526476446021e-09	53.8023420723019	1.00000004905024
33.225	9.75	1.00000004376436	0.80000000473958	8.21879352620126e-09	53.6823420666138	1.00000003501149
33.375	9.75	1.00000002918826	0.80000000464288	8.11469180383735e-09	53.5623420624773	1.00000002335061
33.525	9.75	1.00000001737991	0.800000004537594	8.01290237003732e-09	53.4423420596168	1.00000001390392
33.675	9.75	1.00000000808003	0.800000004427543	7.91338744371792e-09	53.322342057779	1.00000000646403
33.825	9.75	1.00000000099792	0.800000004315573	7.81610397744202e-09	53.2023420567371	1.00000000079834
33.975	9.75	0.999999995830308	0.800000004204243	7.72101524919684e-09	53.0823420562927	0.999999996664247
34.125	9.75	0.999999992276168	0.800000004095231	7.62807378748716e-09	52.9623420562764	0.999999993820934
34.275	9.75	0.999999990047901	0.800000003989826	7.53723479799838e-09	52.8423420565471	0.999999992038321
34.425	9.75	0.999999988879283	0.800000003888931	7.4484681185911e-09	52.7223420569903	0.999999991103426
34.575	9.75	0.99999998853064	0.800000003792943	7.36171811396672e-09	52.6023420575156	0.999999990824512
34.725	9.75	0.999999988791746	0.800000003702061	7.2769541608935e-09	52.4823420580545	0.999999991033397
34.875	9.75	0.999999989482813	0.800000003616164	7.19415971548866e-09	52.362342058557	0.99999999158625
35.025	9.75	0.999999990454011	0.800000003535055	7.11326682903162e-09	52.2423420589889	0.999999992363209
35.175	9.75	0.999999991583954	0.800000003458316	7.03426076303543e-09	52.1223420593293	0.999999993267163
35.325	9.75	0.999999992777326	0.800000003385562	6.95709715498402e-09	52.0023420595673	0.999999994221861
35.475	9.75	0.999999993962075	0.800000003316287	6.88175500486632e-09	51.8823420597003	0.99999999516966
35.625	9.75	0.999999995086364	0.800000003249895	6.80819535925837e-09	51.7623420597317	0.999999996069091
35.775	9.75	0.999999996115367	0.800000003185966	6.73636767863047e-09	51.6423420596688	0.999999996892294
35.925	9.75	0.999999997028283	0.800000003124108	6.66628439300864e-09	51.5223420595217	0.999999997622627
36.075	9.75	0.999999997815455	0.80000000306381	6.59788623593472e-09	51.4023420593021	0.999999998252364
36.225	9.75	0.999999998475753	0.800000003004716	6.53113728174669e-09	51.282342059022	0.999999998780603
36.375	9.75	0.999999999014287	0.800000002946583	6.46603414163143e-09	51.1623420586933	0.999999999211429
36.525	9.75	0.999999999440456	0.800000002889049	6.40254515727104e-09	51.0423420583273	0.999999999552365
36.675	9.75	0.99999999976632	0.800000002831977	6.34060252173818e-09	50.922342057934	0.999999999813056
36.825	9.75	1.00000000000534	0.800000002775193	6.28024524498825e-09	50.8023420575225	1.00000000000427
36.975	9.75	1.00000000017135	0.800000002718565	6.22140518615755e-09	50.6823420571004	1.00000000013708
37.125	9.75	1.00000000027792	0.800000002661999	6.16407024906652e-09	50.5623420566741	1.00000000022233
37.275	9.75	1.00000000033769	0.8000000026054	6.10821473200681e-09	50.4423420562485	1.00000000027015
37.425	9.75	1.00000000036183	0.800000002548658	6.05382780338146e-09	50.3223420558276	1.00000000028946
37.575	9.75	1.00000000035914	0.800000002491708	6.00087089391819e-09	50.2023420554144	1.00000000028731
37.725	9.75	1.00000000033566	0.800000002434631	5.94931644252136e-09	50.0823420550111	1.00000000026853
37.875	9.75	1.00000000029552	0.800000002378045	5.89917280095332e-09	49.9623420546195	1.00000000023642
38.025	9.75	1.00000000024453	0.800000002322901	5.85038665319341e-09	49.8423420542409	1.00000000019562
38.175	9.75	1.00000000019656	0.800000002269989	5.80296365232553e-09	49.7223420538757	1.00000000015725
38.325	9.75	1.00000000017805	0.800000002217714	5.75686625035755e-09	49.6023420535222	1.00000000014244
38.475	9.75	1.00000000021821	0.800000002159884	5.71208653182977e-09	49.4823420531762	1.00000000017457
38.625	9.75	1.00000000031039	0.800000002085953	5.66861718367593e-09	49.3623420528323	1.00000000024831
38.775	9.75	1.00000000034603	0.800000001989361	5.62640111408858e-09	49.2423420524908	1.00000000027682
38.925	9.75	1.00000000007388	0.800000001888054	5.58545587157518e-09	49.122342052169	1.0000000000591
39.075	9.75	0.999999999212036	0.800000001848187	5.54575826544911e-09	49.0023420519102	0.999999999369629
39.225	9.75	0.999999997861598	0.800000001978679	5.50729179324048e-09	48.8823420517659	0.999999998289279
39.375	9.75	0.999999997187177	0.800000002340815	5.47003585294707e-09	48.7623420517271	0.999999997749742
39.525	9.75	0.999999999800284	0.800000002741142	5.43399301240691e-09	48.6423420516037	0.999999999840227
39.675	9.75	1.00000000854992	0.800000002500966	5.39912847449218e-09	48.5223420509431	1.00000000683994
39.825	9.75	1.00000002228112	0.800000000537695	5.36544033327814e-09	48.4023420492118	1.0000000178249
39.975	9.75	1.00000002906867	0.799999996287742	5.33290634943033e-09	48.2823420465038	1.00000002325493
40.125	9.75	1.00000000269437	0.799999991735809	5.30150578890373e-09	48.1623420447442	1.0000000021555
40.275	9.75	0.999999915051621	0.799999993558568	5.27125339618165e-09	48.0423420484657	0.999999932041297
40.425	9.75	0.99999977787521	0.80000001214147	5.24211251386768e-09	47.9223420629867	0.999999822300168
40.575	9.75	0.999999707649962	0.800000052589721	5.21408774346948e-09	47.8023420874712	0.99999976611997
40.725	9.75	0.999999957517793	0.800000095714638	5.18715743075934e-09	47.682342103341	0.999999966014234
40.875	9.75	1.00000079734944	0.800000078831044	5.16131659629248e-09	47.5623420669134	1.00000063787955
41.025	9.75	1.00000212196186	0.799999906224706	5.13654518571685e-09	47.4423419266006	1.00000169756949
41.175	9.75	1.00000285290258	0.799999532005214	5.11284486866941e-09	47.3223416876293	1.00000228232206
41.325	9.75	1.00000065163103	0.799999129664379	5.09022990143705e-09	47.202341519242	1.00000052130483
41.475	9.75	0.999993003858055	0.799999257132645	5.06866165169161e-09	47.082341823617	0.999994403086444
41.625	9.75	0.999980706637716	0.800000757651404	5.04817005564587e-09	46.9623430853602	0.999984565310173
41.775	9.75	0.999973138463768	0.800004042190675	5.02868689425323e-09	46.8423453006506	0.999978510771014
41.925	9.75	0.999990827520302	0.800007659020869	5.01013376199462e-09	46.722347030144	0.999992662016242
42.075	9.75	1.00005637953602	0.800006937556198	4.9924116237495e-09	46.6023447640773	1.00004510362882
42.225	9.75	1.00016528886172	0.799994825346063	4.97551752235858e-09	46.4823341239123	1.00013223108938
42.375	9.75	1.00024184955445	0.79996767533298	4.95975823522089e-09	46.3623145812173	1.00019347964356
42.525	9.75	1.00011633628729	0.799936551525495	4.94579621063316e-09	46.2422973880742	1.00009306902983
42.675	9.75	0.999594226906719	0.799937861638945	4.93437923081827e-09	46.122311280964	0.999675381525375
42.825	9.75	0.998683926300603	0.800027373347453	4.92549694453998e-09	46.0023939319651	0.998947141040482
42.975	9.75	0.997944673214527	0.800237007646453	4.91694661914546e-09	45.8825557637561	0.998355738571621
43.125	9.75	0.998684258962965	0.800490006201713	4.90358451188122e-09	45.7627175693247	0.998947407170372
43.275	9.75	1.00248296174512	0.800522975793932	4.87927265336049e-09	45.6426615389078	1.0019863693961
43.425	9.75	1.00955927623977	0.799934826139174	4.84336359251072e-09	45.5220836362845	1.00764742099182
43.575	9.75	1.01623380739871	0.798479882089075	4.81016735788691e-09	45.4008458595515	1.01298704591897
43.725	9.75	1.01328677103202	0.79657339222736	4.81454261512629e-09	45.2794287031895	1.01062941682561
43.875	9.75	0.988680897775523	0.795833250941477	4.90423513965297e-09	45.1593337086979	0.990944718220419
44.025	9.75	0.938367896622542	0.799351007549895	5.10700815992825e-09	45.0428406762081	0.950694317298034
44.175	9.75	0.884673133407501	0.810192428886807	5.34519289559215e-09	44.9313521705766	0.907738506726001
44.325	9.75	0.889127901549627	0.824441952994337	5.32205208056404e-09	44.8222078165405	0.911302321239701
44.475	9.75	1.03257195139835	0.826489829120573	4.72524202132607e-09	44.7059574109292	1.02605756111868
44.625	9.75	1.34924434205516	0.808622132971996	3.78813964506884e-09	44.5677999750335	1.27939547364413
44.775	9.75	1.76408811833629	0.709537047469811	3.00665967355919e-09	44.3955931618854	1.61127049466903
44.925	9.75	2.11154506645192	0.834636814085441	2.56357819762848e-09	44.2248231421946	1.88923605316154
0.075	10.25	3.47473570839592e-16	0.399999976328809	-1.04812769432306e-06	65.3895324833446	0.2
0.225	10.25	1.09796517139821e-15	0.799999929092118	-1.04527099206665e-06	65.3655324847649	0.200000000000001
0.375	10.25	2.5481899147255e-15	0.799999882173557	-1.03957698551865e-06	65.3415324875991	0.200000000000002
0.525	10.25	4.61626705486163e-15	0.799999835780572	-1.03108482404134e-06	65.3175324918345	0.200000000000004
0.675	10.25	7.1488189979663e-15	0.799999790116813	-1.0198519154328e-06	65.2935324974522	0.200000000000006
0.825	10.25	9.93588702592205e-15	0.799999745378739	-1.0059540342181e-06	65.2695325044275	0.200000000000008
0.975	10.25	1.27379738187725e-14	0.799999701754507	-9.89483859437146e-07	65.2455325127295	0.20000000000001
1.125	10.25	1.52997110543163e-14	0.799999659420998	-9.70550197029503e-07	65.2215325223222	0.200000000000012
1.275	10.25	1.73403421501849e-14	0.799999618544507	-9.4927628383803e-07	65.1975325331642	0.200000000000014
1.425	10.25	1.85241265121529e-14	0.799999579277033	-9.25798507359194e-07	65.1735325452095	0.200000000000015
1.575	10.25	1.84215036072106e-14	0.799999541757549	-9.0026447597064e-07	65.1495325584076	0.200000000000015
1.725	10.25	1.64738616944206e-14	0.799999506109494	-8.72831578353242e-07	65.1255325727041	0.200000000000013
1.875	10.25	1.19727065411039e-14	0.799999472440997	-8.43665669458879e-07	65.101532588041	0.20000000000001
2.025	10.25	4.06044403206764e-15	0.79999944084357	-8.12938041349581e-07	65.0775326043576	0.200000000000003
2.175	10.25	-8.24296442971613e-15	0.799999411392989	-7.80824554684538e-07	65.0535326215904	0.199999999999993
2.325	10.25	-2.59845766769859e-14	0.799999384147339	-7.47503889954081e-07	65.029532639674	0.199999999999979
2.475	10.25	-5.01911873482349e-14	0.799999359151054	-7.13155396474937e-07	65.0055326585416	0.19999999999996
2.625	10.25	-8.17461497431532e-14	0.799999336430253	-6.77957598554597e-07	64.981532678125	0.199999999999935
2.775	10.25	-1.21225406753923e-13	0.799999315996968	-6.42086757908435e-07	64.9575326983558	0.199999999999903
2.925	10.25	-1.68687894244742e-13	0.79999929784901	-6.05715420097343e-07	64.9335327191652	0.199999999999865
3.075	10.25	-2.23416883895847e-13	0.799999281969688	-5.69011450587653e-07	64.9095327404849	0.199999999999821
3.225	10.25	-2.83611931530892e-13	0.799999268329091	-5.32135922133402e-07	64.8855327622471	0.199999999999773
3.375	10.25	-3.46035957335317e-13	0.799999256885988	-4.95242948764444e-07	64.8615327843852	0.199999999999723
3.525	10.25	-4.05628793872767e-13	0.799999247588763	-4.58478915722612e-07	64.837532806834	0.199999999999676
3.675	10.25	-4.55107278959382e-13	0.799999240374929	-4.21981323374684e-07	64.8135328295299	0.199999999999636
3.825	10.25	-4.84582789474495e-13	0.799999235174904	-3.85877933529752e-07	64.7895328524115	0.199999999999612
3.975	10.25	-4.81239843948096e-13	0.799999231909189	-3.50287418268891e-07	64.7655328754195	0.199999999999615
4.125	10.25	-4.29133952076291e-13	0.799999230495028	-3.15318378342063e-07	64.7415328984971	0.199999999999657
4.275	10.25	-3.09182665991967e-13	0.799999230842199	-2.81068893871098e-07	64.7175329215899	0.199999999999753
4.425	10.25	-9.94401524546825e-14	0.799999232856404	-2.47627535267464e-07	64.6935329446466	0.19999999999992
4.575	10.25	2.24238766708457e-13	0.799999236441718	-2.15071895342013e-07	64.6695329676186	0.200000000000179
4.725	10.25	6.87025728436124e-13	0.799999241498381	-1.83470517387857e-07	64.6455329904601	0.20000000000055
4.875	10.25	1.31330878690589e-12	0.799999247926882	-1.52881756050449e-07	64.6215330131285	0.200000000001051
5.025	10.25	2.12411493905647e-12	0.799999255626121	-1.23354780460105e-07	64.5975330355842	0.200000000001699
5.175	10.25	3.13364330951193e-12	0.799999264495301	-9.49300309193536e-08	64.5735330577905	0.200000000002507
5.325	10.25	4.34480923132308e-12	0.799999274434923	-6.76392475628264e-08	64.5495330797139	0.200000000003476
5.475	10.25	5.74373962204894e-12	0.799999285347824	-4.15059095184774e-08	64.5255331013236	0.200000000004595
5.625	10.25	7.29322220915775e-12	0.799999297138332	-1.65462609966373e-08	64.5015331225919	0.200000000005835
5.775	10.25	8.92519971396959e-12	0.799999309713257	7.23019674459687e-09	64.4775331434939	0.20000000000714
5.925	10.25	1.0532518523492e-11	0.799999322982762	2.98209925425515e-08	64.4535331640074	0.200000000008426
6.075	10.25	1.196029282691e-11	0.799999336860599	5.12293457385352e-08	64.4295331841129	0.200000000009568
6.225	10.25	1.2997430798957e-11	0.799999351264062	7.14634565780132e-08	64.4055332037935	0.200000000010398
6.375	10.25	1.33690888582288e-11	0.799999366113691	9.0536815069889e-08	64.3815332230346	0.200000000010695
6.525	10.25	1.27310694711044e-11	0.799999381335395	1.08467033709541e-07	64.3575332418241	0.200000000010185
6.675	10.25	1.06674506359144e-11	0.799999396857987	1.25275643378202e-07	64.333533260152	0.200000000008534
6.825	10.25	6.69301901545969e-12	0.799999412615475	1.40987383671218e-07	64.3095332780105	0.200000000005354
6.975	10.25	2.62357134258368e-13	0.799999428544818	1.55630028160574e-07	64.2855332953938	0.20000000000021
7.125	10.25	-9.21231535385966e-12	0.799999444588489	1.69233463017129e-07	64.2615333122978	0.19999999999263
7.275	10.25	-2.23322547442247e-11	0.799999460692896	1.81829980514459e-07	64.2375333287203	0.199999999982134
7.425	10.25	-3.96698725409966e-11	0.799999476808348	1.93453251679264e-07	64.2135333446605	0.199999999968264
7.575	10.25	-6.17106338540216e-11	0.799999492888493	2.04138443244597e-07	64.1895333601194	0.199999999950632
7.725	10.25	-8.87770565670103e-11	0.799999508892289	2.13921479269621e-07	64.165533375099	0.199999999928978
7.875	10.25	-1.20933162685395e-10	0.799999524781736	2.22839209417224e-07	64.1415333896029	0.199999999903254
8.025	10.25	-1.57868501529487e-10	0.799999540521728	2.30928481743485e-07	64.1175334036354	0.199999999873705
8.175	10.25	-1.9876198714047e-10	0.799999556082391	2.38226839556721e-07	64.0935334172019	0.19999999984099
8.325	10.25	-2.42127322349228e-10	0.799999571434749	2.44771382765954e-07	64.0695334303086	0.199999999806298
8.475	10.25	-2.85643761986953e-10	0.79999958655543	2.50599110854235e-07	64.0455334429623	0.199999999771485
8.625	10.25	-3.2597842625115e-10	0.799999601422572	2.55746691679083e-07	64.0215334551701	0.199999999739217
8.775	10.25	-3.58609317568145e-10	0.799999616016736	2.60250017136835e-07	63.9975334669395	0.199999999713113
8.925	10.25	-3.77661596953995e-10	0.799999630322824	2.64144511934701e-07	63.973533478278	0.199999999697871
9.075	10.25	-3.7577347628944e-10	0.799999644326057	2.67464728486207e-07	63.9495334891927	0.199999999699381
9.225	10.25	-3.44012173001992e-10	0.799999658014761	2.70244134813003e-07	63.9255334996905	0.19999999972479
9.375	10.25	-2.71864589996567e-10	0.799999671379468	2.7251556533364e-07	63.9015335097778	0.199999999782508
9.525	10.25	-1.47331502139555e-10	0.799999684412842	2.74310665172993e-07	63.87753351946	0.199999999882135
9.675	10.25	4.2842240285901e-11	0.799999697107712	2.75659936567086e-07	63.8535335287414	0.200000000034274
9.825	10.25	3.12766001500215e-10	0.799999709459886	2.76592847995614e-07	63.8295335376253	0.200000000250213
9.975	10.25	6.76792853897483e-10	0.799999721465821	2.77137799987163e-07	63.8055335461137	0.200000000541434
10.125	10.25	1.14866285791095e-09	0.79999973312276	2.77322049603402e-07	63.7815335542074	0.20000000091893
10.275	10.25	1.74036480004114e-09	0.799999744430089	2.77171466544778e-07	63.7575335619058	0.200000001392292
10.425	10.25	2.46068594971469e-09	0.799999755386801	2.76711039497979e-07	63.7335335692074	0.200000001968549
10.575	10.25	3.31342767697978e-09	0.799999765993068	2.75964396422726e-07	63.7095335761101	0.200000002650742
10.725	10.25	4.29527702238048e-09	0.7999997762497	2.74954284896733e-07	63.6855335826117	0.200000003436222
10.875	10.25	5.3933410451473e-09	0.799999786158199	2.73702160171356e-07	63.6615335887105	0.200000004314673
11.025	10.25	6.5823724119932e-09	0.799999795720416	2.72228365763195e-07	63.6375335944067	0.200000005265898
11.175	10.25	7.82174148772479e-09	0.799999804938471	2.70552140154912e-07	63.6135335997034	0.200000006257393
11.325	10.25	9.05224220368983e-09	0.799999813815403	2.68691820122768e-07	63.5895336046086	0.200000007241794
11.475	10.25	1.01928559969005e-08	0.799999822354321	2.66664721611548e-07	63.5655336091365	0.200000008154285
11.625	10.25	1.11376395959257e-08	0.79999983055959	2.64487057180123e-07	63.5415336133103	0.200000008910112
11.775	10.25	1.17529474714076e-08	0.799999838435889	2.62174207672163e-07	63.5175336171645	0.200000009402358
11.925	10.25	1.18752470498571e-08	0.79999984598898	2.59740671559401e-07	63.4935336207476	0.200000009500198
12.075	10.25	1.13098325565532e-08	0.799999853226013	2.57199784519809e-07	63.4695336241251	0.200000009047866
12.225	10.25	9.83078942118474e-09	0.799999860155395	2.54564593642363e-07	63.4455336273825	0.200000007864632
12.375	10.25	7.18260296528905e-09	0.799999866787617	2.51846762792334e-07	63.4215336306282	0.200000005746082
12.525	10.25	3.08383968372918e-09	0.799999873135145	2.4905745315064e-07	63.3975336339962	0.200000002467072
12.675	10.25	-2.76664627518451e-09	0.799999879212765	2.46207154706871e-07	63.373533637648	0.199999997786683
12.825	10.25	-1.06805179631245e-08	0.799999885038099	2.43305612665099e-07	63.3495336417746	0.199999991455586
12.975	10.25	-2.09673138035758e-08	0.799999890631756	2.40361839046994e-07	63.3255336465964	0.199999983226149
13.125	10.25	-3.39179251470463e-08	0.79999989601851	2.37384362028676e-07	63.3015336523624	0.19999997286566
13.275	10.25	-4.97838032741698e-08	0.799999901225407	2.34380911426817e-07	63.2775336593475	0.199999960172957
13.425	10.25	-6.87515695555504e-08	0.799999906284546	2.31358739955863e-07	63.2535336678474	0.199999944998744
13.575	10.25	-9.09127832291481e-08	0.799999911231226	2.28324696493972e-07	63.2295336781708	0.199999927269773
13.725	10.25	-1.16228713467562e-07	0.799999916104909	2.25284932190274e-07	63.2055336906288	0.199999907017029
13.875	10.25	-1.44490056262949e-07	0.799999920948985	2.22245242493462e-07	63.1815337055204	0.199999884407955
14.025	10.25	-1.75271616870942e-07	0.799999925810625	2.19210967262264e-07	63.1575337231139	0.199999859782707
14.175	10.25	-2.07882022754549e-07	0.79999993074078	2.16186939445509e-07	63.1335337436239	0.199999833694382
14.325	10.25	-2.41308508653397e-07	0.799999935794736	2.13177852972052e-07	63.1095337671828	0.199999806953193
14.475	10.25	-2.74156681372483e-07	0.799999941030921	2.10187555047007e-07	63.0855337938074	0.199999780674655
14.625	10.25	-3.0458486888946e-07	0.799999946513833	2.0721990959595e-07	63.061533823359	0.199999756332105
14.775	10.25	-3.30232108807627e-07	0.799999952313498	2.04278508598159e-07	63.0375338554969	0.199999735814313
14.925	10.25	-3.48137932292214e-07	0.799999958509995	2.01366357261881e-07	63.0135338896248	0.199999721489654
15.075	10.25	-3.5465071599672e-07	0.799999965195085	1.98486393494986e-07	62.9895339248288	0.199999716279427
15.225	10.25	-3.45319327857287e-07	0.799999972481918	1.95641182049332e-07	62.965533959806	0.199999723744538
15.375	10.25	-3.14759848549282e-07	0.799999980511937	1.92833097310438e-07	62.9415339927812	0.199999748192121
15.525	10.25	-2.56485000172014e-07	0.799999989471509	1.90064164425983e-07	62.9175340214092	0.199999794812
15.675	10.25	-1.62678150151013e-07	0.799999999612289	1.87336495913677e-07	62.893534042658	0.19999986985748
15.825	10.25	-2.38858420083058e-08	0.8000000112795	1.846516188671e-07	62.8695340526666	0.199999980891326
15.975	10.25	1.71407983027954e-07	0.800000024954575	1.82011068968498e-07	62.8455340465673	0.200000137126386
16.125	10.25	4.37377531765098e-07	0.80000004131196	1.79416091566254e-07	62.821534018259	0.200000349902025
16.275	10.25	7.91691682631173e-07	0.800000061296041	1.76868166302472e-07	62.7975339601121	0.200000633353346
16.425	10.25	1.2566893210593e-06	0.800000086229561	1.74368035279109e-07	62.7735338625765	0.200001005351457
16.575	10.25	1.86102713981288e-06	0.800000117958793	1.71916719923793e-07	62.749533713654	0.200001488821712
16.725	10.25	2.64198165082845e-06	0.800000159049174	1.69514900837333e-07	62.7255334981817	0.200002113585321
16.875	10.25	3.64865158876159e-06	0.80000021305258	1.67163272226376e-07	62.7015331968504	0.200002918921271
17.025	10.25	4.94639308726497e-06	0.80000028486603	1.64862482460738e-07	62.6775327848572	0.20000395711447
17.175	10.25	6.62293540589078e-06	0.800000381210231	1.62612674439538e-07	62.6535322300507	0.200005298348325
17.325	10.25	8.79678003483364e-06	0.800000511284704	1.60414363308016e-07	62.6295314903804	0.200007037424028
17.475	10.25	1.16286955661386e-05	0.800000687639615	1.58267728258794e-07	62.6055305103908	0.200009302956453
17.625	10.25	1.533740540774e-05	0.800000927365668	1.56172712152748e-07	62.5815292164105	0.200012269924326
17.775	10.25	2.02209522014867e-05	0.800001253694377	1.5412946452626e-07	62.5575275099636	0.200016176761761
17.925	10.25	2.66857442999796e-05	0.800001698155534	1.52137903020959e-07	62.53352525876	0.20002134859544
18.075	10.25	3.52859829552793e-05	0.800002303456773	1.50197573568035e-07	62.5095222844004	0.200028228786364
18.225	10.25	4.67770779429605e-05	0.800003127310943	1.48308232313976e-07	62.4855183456243	0.200037421662354
18.375	10.25	6.21878484506531e-05	0.800004247522283	1.46469097692042e-07	62.4615131155277	0.200049750278761
18.525	10.25	8.29178915064101e-05	0.800005768816394	1.44679636397724e-07	62.4375061506427	0.200066334313205
18.675	10.25	0.000110868697575298	0.800007832167817	1.42938469127524e-07	62.4134968490488	0.20008869495806
18.825	10.25	0.000148620253292949	0.800010627740013	1.41244258429571e-07	62.3894843937143	0.200118896202634
18.975	10.25	0.000199669451590948	0.800014412853877	1.39595080927212e-07	62.3654676759166	0.200159735561273
19.125	10.25	0.000268753038147141	0.800019536440523	1.37988316917407e-07	62.3414451917176	0.200215002430518
19.275	10.25	0.000362286148825636	0.800026471003425	1.36420531385278e-07	62.3174149018868	0.200289828919061
19.425	10.25	0.000488957292078863	0.800035852424105	1.34887313341309e-07	62.2933740422153	0.200391165833663
19.575	10.25	0.00066053117093186	0.800048527855593	1.3338279495376e-07	62.269318866734	0.200528424936745
19.725	10.25	0.000892922182918045	0.800065614234159	1.31899164815707e-07	62.2452443008661	0.200714337746334
19.875	10.25	0.00120761708946846	0.800088576379693	1.30425835743207e-07	62.2211434747596	0.200966093671575
20.025	10.25	0.00163355406972144	0.800119344061452	1.28949481602507e-07	62.1970070981302	0.201306843255777
20.175	10.25	0.00220962172523821	0.800160496864894	1.27452071732269e-07	62.1728226249453	0.201767697380191
20.325	10.25	0.00298804027583887	0.800215542422526	1.25910256622262e-07	62.1485731358341	0.202390432220671
20.475	10.25	0.00403902953558048	0.800289281349112	1.24293739489964e-07	62.1242358340951	0.203231223628464
20.625	10.25	0.00545732356524875	0.800388178858639	1.22562970479161e-07	62.0997800048625	0.204365858852199
20.775	10.25	0.0073711838350652	0.800520554894637	1.20667007962929e-07	62.0751642288189	0.205896947068052
20.925	10.25	0.00995447725024706	0.80069629838155	1.18541033019075e-07	62.0503325833671	0.207963581800198
21.075	10.25	0.0134420117468162	0.80092577070307	1.16104400516746e-07	62.0252095277752	0.210753609397453
21.225	10.25	0.0181476172424576	0.801217651695674	1.13260925816577e-07	61.9996931842566	0.214518093793966
21.375	10.25	0.0244834930414105	0.801575717830382	1.09904135752918e-07	61.9736468227684	0.219586794433128
21.525	10.25	0.0329782622922748	0.801994881172148	1.05927860207648e-07	61.9468885515444	0.22638260983382
21.675	10.25	0.0442900713116671	0.802457183485422	1.01245454355166e-07	61.9191795144865	0.235432057049334
21.825	10.25	0.059209830700195	0.802928795513863	9.5815818716389e-08	61.8902113079238	0.247367864560156
21.975	10.25	0.078648015040479	0.803359408828062	8.96692424322007e-08	61.8595938800244	0.262918412032383
22.125	10.25	0.103596188587449	0.803685591968914	8.29245006869747e-08	61.8268459139057	0.282876950869959
22.275	10.25	0.135052300363922	0.803839337144794	7.5787787468329e-08	61.7913906411102	0.308041840291137
22.425	10.25	0.173898990590733	0.803761753281841	6.85284413605808e-08	61.752561069292	0.339119192472586
22.575	10.25	0.22073058133138	0.803419704898992	6.14355775813657e-08	61.7096193300962	0.376584465065104
22.725	10.25	0.275641522574035	0.802820801760872	5.47710851094629e-08	61.6617944553543	0.420513218059228
22.875	10.25	0.338017851541399	0.802020589878181	4.8731922182565e-08	61.6083403024342	0.470414281233119
23.025	10.25	0.406404718175854	0.801116462695271	4.34328667742991e-08	61.5486098735578	0.525123774540683
23.175	10.25	0.47853456680757	0.800226940730078	3.89085692034127e-08	61.482134712213	0.582827653446056
23.325	10.25	0.551566081253203	0.79946198318898	3.51299890348521e-08	61.4086915565308	0.641252865002563
23.475	10.25	0.622501302651431	0.798895941828449	3.20257547162708e-08	61.3283375260588	0.698001042121145
23.625	10.25	0.688659252999811	0.798554421955849	2.95033917551214e-08	61.241402496548	0.750927402399849
23.775	10.25	0.748051805858717	0.798418755528995	2.7465169281496e-08	61.1484406067326	0.798441444686974
23.925	10.25	0.799557777420194	0.798442580586272	2.58188528729747e-08	61.0501553091591	0.839646221936155
24.075	10.25	0.842886467278709	0.798570861324991	2.44832748686442e-08	60.9473178178659	0.874309173822967
24.225	10.25	0.878398153501537	0.798753972922715	2.33903315191601e-08	60.8406959601578	0.90271852280123
24.375	10.25	0.906872098409525	0.798954503686414	2.24848618367354e-08	60.7310028159104	0.92549767872762
24.525	10.25	0.929292196569009	0.799148207074413	2.17232013331687e-08	60.6188667985866	0.943433757255207
24.675	10.25	0.946685092850695	0.799321783397924	2.10713373946504e-08	60.5048197972292	0.957348074280556
24.825	10.25	0.960016773702977	0.799469702813342	2.05032517298967e-08	60.3892980475666	0.968013418962381
24.975	10.25	0.970138072368513	0.799591303471142	1.99990779111213e-08	60.272650577116	0.976110457894811
25.125	10.25	0.977764768701622	0.799688607540992	1.95438716574577e-08	60.1551512175586	0.982211814961297
25.275	10.25	0.983479106888573	0.799764862401218	1.91264997166842e-08	60.037011497531	0.986783285510858
25.425	10.25	0.98774279082452	0.799823651085401	1.87385587756314e-08	59.9183928379917	0.990194232659616
25.575	10.25	0.990914817656547	0.799868396972826	1.83738640476917e-08	59.7994172675961	0.992731854125237
25.725	10.25	0.993270126634854	0.799902121836605	1.80278783693772e-08	59.6801763869568	0.994616101307883
25.875	10.25	0.995016874689476	0.799927358185249	1.76971787507508e-08	59.5607386086414	0.99601349975158
26.025	10.25	0.996311339876536	0.799946150399636	1.73793331738686e-08	59.4411548526848	0.997049071901229
26.175	10.25	0.997270176060926	0.799960102483807	1.70724381034248e-08	59.3214629385933	0.997816140848741
26.325	10.25	0.997980145896334	0.799970445747955	1.67751135150373e-08	59.2016909219968	0.998384116717067
26.475	10.25	0.998505654671385	0.799978110148806	1.64863487566569e-08	59.0818596025299	0.998804523737108
26.625	10.25	0.998894473331693	0.799983790138405	1.62053924276564e-08	58.9619843954046	0.999115578665354
26.775	10.25	0.999182029789106	0.799988000728864	1.59315493547425e-08	58.8420767223078	0.999345623831285
26.925	10.25	0.999394600856001	0.799991122627266	1.56644029952397e-08	58.7221450431108	0.999515680684801
27.075	10.25	0.999551676920783	0.799993437132486	1.540355855222e-08	58.6021956208654	0.999641341536627
27.225	10.25	0.999667711979994	0.799995152356051	1.51487389169378e-08	58.4822330892962	0.999734169583996
27.375	10.25	0.999753419903216	0.799996422570261	1.48996583420946e-08	58.3622608740719	0.999802735922573
27.525	10.25	0.999816736203283	0.799997362352572	1.46561257677444e-08	58.2422815056919	0.999853388962626
27.675	10.25	0.999863532813608	0.799998056909432	1.44179602463115e-08	58.122296851899	0.999890826250886
27.825	10.25	0.999898149898086	0.799998569636837	1.41849844722568e-08	58.0023082902553	0.999918519918469
27.975	10.25	0.999923791676643	0.799998947692169	1.39570423913478e-08	57.8823168361926	0.999939033341315
28.125	10.25	0.999942820939797	0.799999226126199	1.37340149679325e-08	57.7623232379264	0.999954256751838
28.275	10.25	0.999956977996114	0.799999430962707	1.35157976411407e-08	57.6423280467236	0.999965582396891
28.425	10.25	0.99996754325524	0.799999581499899	1.33022338727618e-08	57.5223316688565	0.999974034604192
28.575	10.25	0.999975457805585	0.799999692031236	1.30932363903802e-08	57.4023344039654	0.999980366244468
28.725	10.25	0.999981412728613	0.79999977313096	1.28887024143305e-08	57.2823364733466	0.999985130182891
28.875	10.25	0.999985915176656	0.799999832612652	1.26885466984694e-08	57.1623380407812	0.999988732141325
29.025	10.25	0.99998933720148	0.799999876242645	1.24926566223921e-08	57.0423392278483	0.999991469761184
29.175	10.25	0.999991951790721	0.799999908270437	1.23009258856687e-08	56.9223401251654	0.999993561432577
29.325	10.25	0.999993959424864	0.799999931822253	1.21132554133857e-08	56.8023408006232	0.999995167539891
29.475	10.25	0.999995507614359	0.799999949192845	1.19296013338489e-08	56.682341305409	0.999996406091487
29.625	10.25	0.999996705242121	0.799999962062775	1.17498434514524e-08	56.5623416784033	0.999997364193697
29.775	10.25	0.999997633065833	0.79999997165893	1.15739120515433e-08	56.4423419493837	0.999998106452667
29.925	10.25	0.999998351385265	0.799999978873875	1.14017357916185e-08	56.322342141357	0.999998681108212
30.075	10.25	0.999998905620647	0.799999984354465	1.12332060673882e-08	56.2023422722555	0.999999124496518
30.225	10.25	0.999999330355705	0.799999988567751	1.10682550699468e-08	56.0823423561714	0.999999464284564
30.375	10.25	0.999999652255983	0.799999991849359	1.09068401834302e-08	55.9623424042569	0.999999721804786
30.525	10.25	0.999999892166603	0.799999994439741	1.07488510556073e-08	55.8423424253835	0.999999913733283
30.675	10.25	1.00000006661443	0.799999996510421	1.0594233545965e-08	55.722342426629	1.00000005329155
30.825	10.25	1.00000018888044	0.799999998183872	1.04428994499729e-08	55.6023424136404	1.00000015110435
30.975	10.25	1.00000026976429	0.799999999547346	1.0294818892197e-08	55.4823423909087	1.00000021581143
31.125	10.25	1.00000031813023	0.800000000663638	1.01498765253051e-08	55.3623423619814	1.00000025450419
31.275	10.25	1.00000034129913	0.800000001578408	1.00080401471868e-08	55.2423423296286	1.0000002730393
31.425	10.25	1.00000034533335	0.80000000232539	9.86925556993654e-09	55.1223422959784	1.00000027626668
31.575	10.25	1.00000033524795	0.800000002930403	9.73340477044105e-09	55.002342262627	1.00000026819836
31.725	10.25	1.00000031517156	0.800000003413702	9.60047870182837e-09	54.8823422307317	1.00000025213725
31.875	10.25	1.00000028847337	0.800000003792096	9.47042218749431e-09	54.7623422010899	1.0000002307787
32.025	10.25	1.00000025786737	0.800000004079752	9.34316759008342e-09	54.6423421742072	1.0000002062939
32.175	10.25	1.00000022550096	0.800000004289102	9.21863321191125e-09	54.5223421503555	1.00000018040077
32.325	10.25	1.00000019303282	0.800000004431416	9.09677934591787e-09	54.4023421296242	1.00000015442626
32.475	10.25	1.00000016170284	0.80000000451677	8.97756473390135e-09	54.2823421119637	1.00000012936227
32.625	10.25	1.00000013239567	0.800000004554538	8.86092197486623e-09	54.1623420972223	1.00000010591654
32.775	10.25	1.00000010569879	0.800000004553295	8.7468453247465e-09	54.0423420851774	1.00000008455903
32.925	10.25	1.00000008195549	0.80000000452056	8.63522350032945e-09	53.9223420755621	1.0000000655644
33.075	10.25	1.00000006131281	0.800000004463358	8.52603063203028e-09	53.8023420680857	1.00000004905025
33.225	10.25	1.00000004376436	0.800000004387599	8.41921777584455e-09	53.682342062451	1.00000003501149
33.375	10.25	1.00000002918825	0.800000004298683	8.31476018156971e-09	53.5623420583667	1.0000000233506
33.525	10.25	1.0000000173799	0.80000000420108	8.21259379139022e-09	53.4423420555573	1.00000001390392
33.675	10.25	1.00000000808004	0.800000004098441	8.11268464122876e-09	53.3223420537694	1.00000000646403
33.825	10.25	1.00000000099793	0.80000000399384	8.01497394750365e-09	53.2023420527764	1.00000000079835
33.975	10.25	0.999999995830312	0.800000003889697	7.9194466104284e-09	53.0823420523797	0.99999999666425
34.125	10.25	0.999999992276167	0.800000003787741	7.82602562951219e-09	52.96234205241	0.999999993820934
34.275	10.25	0.999999990047903	0.80000000368934	7.73469751634874e-09	52.8423420527263	0.999999992038322
34.425	10.25	0.999999988879283	0.800000003595192	7.64542458646896e-09	52.722342053214	0.999999991103427
34.575	10.25	0.99999998853065	0.800000003505879	7.55816879994386e-09	52.6023420537829	0.99999999082452
34.725	10.25	0.999999988791753	0.800000003421585	7.47288565349882e-09	52.4823420543643	0.999999991033402
34.875	10.25	0.999999989482811	0.800000003342105	7.38952171235107e-09	52.3623420549084	0.999999991586249
35.025	10.25	0.999999990454007	0.800000003267324	7.30809019750241e-09	52.242342055381	0.999999992363206
35.175	10.25	0.99999999158395	0.800000003196792	7.22852778340228e-09	52.122342055761	0.99999999326716
35.325	10.25	0.999999992777328	0.800000003130125	7.15080790676785e-09	52.0023420560378	0.999999994221863
35.475	10.25	0.999999993962087	0.800000003066818	7.07487882395037e-09	51.8823420562087	0.999999995169669
35.625	10.25	0.999999995086367	0.800000003006332	7.00072108021797e-09	51.762342056277	0.999999996069094
35.775	10.25	0.999999996115369	0.800000002948247	6.92833760463254e-09	51.6423420562502	0.999999996892295
35.925	10.25	0.999999997028288	0.800000002892048	6.8576565567065e-09	51.5223420561384	0.999999997622631
36.075	10.25	0.999999997815457	0.800000002837291	6.78865844437178e-09	51.4023420559532	0.999999998252365
36.225	10.25	0.999999998475756	0.80000000278373	6.72133255678082e-09	51.2823420557066	0.999999998780605
36.375	10.25	0.99999999901428	0.800000002731011	6.65562425622891e-09	51.1623420554107	0.999999999211424
36.525	10.25	0.999999999440451	0.800000002678765	6.59152474506939e-09	51.0423420550766	0.999999999552361
36.675	10.25	0.999999999766325	0.800000002626932	6.52901719029921e-09	50.9223420547145	0.99999999981306
36.825	10.25	1.00000000000534	0.800000002575324	6.46805443215586e-09	50.8023420543333	1.00000000000427
36.975	10.25	1.00000000017135	0.800000002523726	6.40863297830991e-09	50.6823420539408	1.00000000013708
37.125	10.25	1.00000000027792	0.800000002472178	6.35072475149266e-09	50.5623420535433	1.00000000022233
37.275	10.25	1.0000000003377	0.800000002420508	6.29428815006259e-09	50.4423420531458	1.00000000027016
37.425	10.25	1.00000000036183	0.800000002368611	6.23931762360549e-09	50.3223420527523	1.00000000028946
37.575	10.25	1.00000000035914	0.800000002316393	6.18578531124115e-09	50.2023420523658	1.00000000028731
37.725	10.25	1.00000000033566	0.800000002264001	6.13367919248034e-09	50.0823420519884	1.00000000026853
37.875	10.25	1.00000000029553	0.80000000221203	6.0829696795712e-09	49.9623420516221	1.00000000023642
38.025	10.25	1.00000000024453	0.800000002161441	6.03363726634604e-09	49.8423420512681	1.00000000019563
38.175	10.25	1.00000000019657	0.800000002113048	5.98565890534088e-09	49.7223420509267	1.00000000015726
38.325	10.25	1.00000000017806	0.800000002065198	5.93902674365373e-09	49.6023420505964	1.00000000014245
38.475	10.25	1.00000000021822	0.800000002011724	5.89372747109056e-09	49.4823420502729	1.00000000017457
38.625	10.25	1.0000000003104	0.800000001942122	5.84972696613764e-09	49.362342049951	1.00000000024832
38.775	10.25	1.00000000034602	0.800000001849801	5.80701193500423e-09	49.2423420496307	1.00000000027682
38.925	10.25	1.00000000007388	0.800000001752706	5.76557750913775e-09	49.1223420493296	1.0000000000591
39.075	10.25	0.999999999212047	0.800000001716934	5.72538526370936e-09	49.0023420490907	0.999999999369637
39.225	10.25	0.999999997861604	0.800000001851559	5.68644468442994e-09	48.8823420489657	0.999999998289284
39.375	10.25	0.999999997187179	0.800000002217712	5.64871697926062e-09	48.7623420489458	0.999999997749744
39.525	10.25	0.999999999800286	0.800000002622071	5.61219582420329e-09	48.6423420488405	0.999999999840229
39.675	10.25	1.00000000854992	0.800000002385859	5.57688723244647e-09	48.5223420481975	1.00000000683994
39.825	10.25	1.00000002228112	0.800000000426477	5.5427515279574e-09	48.4023420464831	1.0000000178249
39.975	10.25	1.00000002906866	0.799999996180389	5.50978347288425e-09	48.2823420437915	1.00000002325493
40.125	10.25	1.00000000269437	0.7999999916322	5.47798483185149e-09	48.1623420420478	1.0000000021555
40.275	10.25	0.999999915051621	0.799999993458805	5.44732889465948e-09	48.0423420457845	0.999999932041297
40.425	10.25	0.999999777875218	0.800000012045501	5.41780529414332e-09	47.9223420603202	0.999999822300174
40.575	10.25	0.99999970764995	0.800000052497422	5.38939288514866e-09	47.8023420848188	0.99999976611996
40.725	10.25	0.999999957517773	0.800000095626011	5.36210326823461e-09	47.6823421007022	0.999999966014219
40.875	10.25	1.00000079734942	0.800000078746039	5.33590959676818e-09	47.5623420642876	1.00000063787954
41.025	10.25	1.00000212196186	0.799999906143291	5.31079970698719e-09	47.4423419239873	1.00000169756948
41.175	10.25	1.00000285290257	0.799999531927406	5.28678129515008e-09	47.322341685028	1.00000228232206
41.325	10.25	1.00000065163102	0.799999129590059	5.26383328002875e-09	47.2023415166521	1.00000052130481
41.475	10.25	0.999993003858035	0.799999257061901	5.24199005004996e-09	47.0823418210379	0.999994403086428
41.625	10.25	0.999980706637706	0.800000757584131	5.22121043104615e-09	46.9623430827915	0.999984565310164
41.775	10.25	0.999973138463767	0.800004042126849	5.20146181646107e-09	46.8423452980917	0.999978510771013
41.925	10.25	0.999990827520314	0.800007658960466	5.18264738994609e-09	46.7223470275944	0.999992662016251
42.075	10.25	1.00005637953603	0.800006937499226	5.16466986387892e-09	46.6023447615365	1.00004510362882
42.225	10.25	1.00016528886172	0.799994825292462	5.14754251755069e-09	46.4823341213799	1.00013223108937
42.375	10.25	1.0002418495544	0.799967675282742	5.13157029097732e-09	46.3623145786926	1.00019347964352
42.525	10.25	1.00011633628719	0.799936551478653	5.11742734579683e-09	46.2422973855568	1.00009306902975
42.675	10.25	0.999594226906617	0.799937861595417	5.10590195077626e-09	46.1223112784534	0.999675381525293
42.825	10.25	0.998683926300598	0.80002737330722	5.09696647582634e-09	46.0023939294607	0.998947141040478
42.975	10.25	0.997944673214722	0.800237007609519	5.08837325525613e-09	45.8825557612575	0.998355738571777
43.125	10.25	0.998684258963347	0.800490006168012	5.07477541896563e-09	45.7627175668314	0.998947407170677
43.275	10.25	1.00248296174549	0.800522975763526	5.04982254223865e-09	45.6426615364192	1.00198636939639
43.425	10.25	1.00955927623972	0.799934826112015	5.01283141460173e-09	45.5220836338002	1.00764742099178
43.575	10.25	1.01623380739793	0.798479882065219	4.97867075683375e-09	45.4008458570712	1.01298704591835
43.725	10.25	1.01328677103075	0.796573392206866	4.98335986636714e-09	45.2794287007127	1.0106294168246
43.875	10.25	0.988680897774683	0.795833250924231	5.07630802241747e-09	45.159333706224	0.990944718219746
44.025	10.25	0.938367896623297	0.7993510075357	5.28635307808003e-09	45.0428406737366	0.950694317298637
44.175	10.25	0.884673133409927	0.810192428875473	5.53299859999304e-09	44.9313521681066	0.907738506727942
44.325	10.25	0.889127901551414	0.824441952986329	5.50913724271732e-09	44.8222078140716	0.911302321241131
44.475	10.25	1.03257195139561	0.826489829116695	4.89140727276748e-09	44.7059574084611	1.02605756111649
44.625	10.25	1.34924434204597	0.808622132971581	3.92136921327696e-09	44.5677999725663	1.27939547363678
44.775	10.25	1.76408811832299	0.709537047471003	3.11243294412953e-09	44.3955931594192	1.61127049465839
44.925	10.25	2.11154506643787	0.834636814088645	2.65375554948518e-09	44.2248231397291	1.88923605315029
0.075	10.75	3.47473572461147e-16	0.399999980499869	-9.04222847027847e-07	65.3895325802669	0.2
0.225	10.75	1.09796514675113e-15	0.799999941578767	-9.01984372916201e-07	65.3655325814369	0.200000000000001
0.375	10.75	2.54818979170618e-15	0.799999902895291	-8.97521331759868e-07	65.3415325837722	0.200000000000002
0.525	10.75	4.61626685538294e-15	0.799999864604238	-8.9086110238756e-07	65.3175325872632	0.200000000000004
0.675	10.75	7.14881861901999e-15	0.799999826858559	-8.82044902872649e-07	65.2935325918959	0.200000000000006
0.825	10.75	9.93588657442079e-15	0.79999978980632	-8.71126233710925e-07	65.2695325976517	0.200000000000008
0.975	10.75	1.27379731847396e-14	0.799999753588451	-8.58171602096368e-07	65.2455326045076	0.20000000000001
1.125	10.75	1.52997104687562e-14	0.799999718340823	-8.43258483533992e-07	65.2215326124364	0.200000000000012
1.275	10.75	1.734034153002e-14	0.799999684189819	-8.26475110418413e-07	65.1975326214071	0.200000000000014
1.425	10.75	1.85241262776237e-14	0.799999651252859	-8.079193779107e-07	65.173532631385	0.200000000000015
1.575	10.75	1.84215037684627e-14	0.799999619638699	-7.87697937998652e-07	65.1495326423319	0.200000000000015
1.725	10.75	1.64738629525819e-14	0.799999589444561	-7.65924999800421e-07	65.1255326542067	0.200000000000013
1.875	10.75	1.19727090670377e-14	0.799999560757534	-7.42720682053096e-07	65.1015326669653	0.20000000000001
2.025	10.75	4.06044886370334e-15	0.7999995336529	-7.18210472186602e-07	65.0775326805612	0.200000000000003
2.175	10.75	-8.24295697557069e-15	0.799999508195534	-6.92523557743008e-07	65.0535326949461	0.199999999999993
2.325	10.75	-2.59845652991788e-14	0.79999948443698	-6.65792045250413e-07	65.0295327100695	0.199999999999979
2.475	10.75	-5.01911717753004e-14	0.79999946241843	-6.38149251915365e-07	65.0055327258799	0.19999999999996
2.625	10.75	-8.17461287019828e-14	0.79999944216823	-6.09728968195626e-07	64.9815327423244	0.199999999999935
2.775	10.75	-1.21225380462998e-13	0.799999423706211	-5.80664393849368e-07	64.9575327593498	0.199999999999903
2.925	10.75	-1.6868786202637e-13	0.799999407038954	-5.51086416748677e-07	64.9335327769021	0.199999999999865
3.075	10.75	-2.23416847187181e-13	0.799999392162902	-5.21123517007461e-07	64.9095327949275	0.199999999999821
3.225	10.75	-2.83611891082038e-13	0.799999379067071	-4.90900799313397e-07	64.8855328133723	0.199999999999773
3.375	10.75	-3.46035916747008e-13	0.799999367728134	-4.60538644730532e-07	64.8615328321835	0.199999999999723
3.525	10.75	-4.05628756277544e-13	0.799999358115828	-4.30152265629712e-07	64.8375328513087	0.199999999999676
3.675	10.75	-4.55107251051802e-13	0.799999350192524	-3.99851764025797e-07	64.8135328706966	0.199999999999636
3.825	10.75	-4.84582777515806e-13	0.799999343913379	-3.69740623048097e-07	64.7895328902972	0.199999999999612
3.975	10.75	-4.81239858210351e-13	0.799999339225735	-3.39916182594277e-07	64.7655329100619	0.199999999999615
4.125	10.75	-4.29134001959535e-13	0.799999336073872	-3.10468577633304e-07	64.7415329299438	0.199999999999657
4.275	10.75	-3.09182764779283e-13	0.799999334395754	-2.81480911011992e-07	64.7175329498976	0.199999999999753
4.425	10.75	-9.94403113088376e-14	0.799999334125117	-2.53029381510719e-07	64.6935329698801	0.19999999999992
4.575	10.75	2.2423853375893e-13	0.799999335194124	-2.25182999266459e-07	64.6695329898501	0.200000000000179
4.725	10.75	6.87025411818679e-13	0.799999337530025	-1.98003370600079e-07	64.6455330097684	0.20000000000055
4.875	10.75	1.31330837626961e-12	0.799999341061119	-1.71544934427362e-07	64.6215330295981	0.200000000001051
5.025	10.75	2.12411443199621e-12	0.799999345710756	-1.45855372352555e-07	64.5975330493045	0.200000000001699
5.175	10.75	3.13364270588238e-12	0.799999351405609	-1.20975623632589e-07	64.5735330688551	0.200000000002507
5.325	10.75	4.34480854325402e-12	0.79999935806965	-9.69398356178007e-08	64.5495330882196	0.200000000003476
5.475	10.75	5.74373886734104e-12	0.79999936562765	-7.37759324425229e-08	64.5255331073701	0.200000000004595
5.625	10.75	7.29322142222433e-12	0.79999937400644	-5.15062866801773e-08	64.5015331262808	0.200000000005835
5.775	10.75	8.92519893755775e-12	0.799999383133015	-3.01471080229661e-08	64.4775331449283	0.20000000000714
5.925	10.75	1.05325178199406e-11	0.799999392934975	-9.70955278947755e-09	64.4535331632911	0.200000000008426
6.075	10.75	1.19602922672116e-11	0.799999403345011	9.79985234542548e-09	64.4295331813502	0.200000000009568
6.225	10.75	1.29974304735754e-11	0.799999414294902	2.83798190146236e-08	64.4055331990881	0.200000000010398
6.375	10.75	1.33690888624807e-11	0.799999425721337	4.6032640615404e-08	64.3815332164899	0.200000000010695
6.525	10.75	1.27310699148531e-11	0.799999437560955	6.27645006731864e-08	64.3575332335423	0.200000000010185
6.675	10.75	1.06674516245319e-11	0.799999449755034	7.8585322261764e-08	64.3335332502339	0.200000000008534
6.825	10.75	6.69302065807301e-12	0.79999946224828	9.35078140083928e-08	64.309533266555	0.200000000005354
6.975	10.75	2.62359520270545e-13	0.799999474986242	1.07547837065306e-07	64.2855332824977	0.20000000000021
7.125	10.75	-9.21231214758308e-12	0.799999487919081	1.20723235328414e-07	64.2615332980557	0.19999999999263
7.275	10.75	-2.23322506801697e-11	0.7999995009994	1.33054293769907e-07	64.2375333132243	0.199999999982134
7.425	10.75	-3.96698676135231e-11	0.799999514183121	1.4456296792596e-07	64.213533328	0.199999999968264
7.575	10.75	-6.17106281169629e-11	0.799999527429231	1.55272891525333e-07	64.1895333423809	0.199999999950632
7.725	10.75	-8.87770501235624e-11	0.79999954069873	1.6520866755682e-07	64.1655333563661	0.199999999928978
7.875	10.75	-1.20933155712533e-10	0.799999553956564	1.74396189760979e-07	64.1415333699561	0.199999999903254
8.025	10.75	-1.578684942622e-10	0.799999567170304	1.82862115806916e-07	64.117533383152	0.199999999873705
8.175	10.75	-1.98761979888064e-10	0.799999580310589	1.90633701698408e-07	64.0935333959561	0.19999999984099
8.325	10.75	-2.42127315470963e-10	0.799999593349072	1.97738482401311e-07	64.0695334083715	0.199999999806298
8.475	10.75	-2.85643755895443e-10	0.79999960626216	2.04204342303418e-07	64.0455334204017	0.199999999771485
8.625	10.75	-3.2597842137782e-10	0.799999619027204	2.1005914099281e-07	64.0215334320506	0.199999999739217
8.775	10.75	-3.58609314350619e-10	0.799999631624088	2.15330682337128e-07	63.9975334433226	0.199999999713113
8.925	10.75	-3.77661595792667e-10	0.799999644035331	2.20046586196142e-07	63.973533454222	0.199999999697871
9.075	10.75	-3.75773477519252e-10	0.799999656244938	2.24234025451666e-07	63.949533464753	0.199999999699381
9.225	10.75	-3.44012176845946e-10	0.799999668239445	2.27920087269115e-07	63.9255334749195	0.19999999972479
9.375	10.75	-2.71864596527505e-10	0.799999680006366	2.311310437182e-07	63.9015334847247	0.199999999782508
9.525	10.75	-1.4733151124185e-10	0.799999691535228	2.33892635880454e-07	63.8775334941713	0.199999999882135
9.675	10.75	4.28422289522226e-11	0.79999970281717	2.36230152509968e-07	63.8535335032609	0.200000000034274
9.825	10.75	3.12765988513527e-10	0.799999713844066	2.3816814324446e-07	63.829533511994	0.200000000250213
9.975	10.75	6.76792840089708e-10	0.79999972461015	2.39730112263045e-07	63.8055335203702	0.200000000541434
10.125	10.75	1.14866284433781e-09	0.799999735109437	2.40939263457029e-07	63.7815335283875	0.20000000091893
10.275	10.75	1.74036478795456e-09	0.799999745337221	2.41817762733071e-07	63.7575335360431	0.200000001392292
10.425	10.75	2.46068594047063e-09	0.799999755289796	2.42386974888025e-07	63.7335335433331	0.200000001968549
10.575	10.75	3.31342767194679e-09	0.799999764964678	2.42667674673369e-07	63.7095335502532	0.200000002650742
10.725	10.75	4.29527702277278e-09	0.799999774358706	2.42679348069818e-07	63.685533556799	0.200000003436222
10.875	10.75	5.39334105185762e-09	0.799999783470883	2.42441124146524e-07	63.661533562967	0.200000004314673
11.025	10.75	6.58237242535537e-09	0.799999792299036	2.4197110203485e-07	63.6375335687553	0.200000005265898
11.175	10.75	7.82174150727113e-09	0.799999800842961	2.41286581422428e-07	63.6135335741652	0.200000006257393
11.325	10.75	9.05224222786808e-09	0.799999809102509	2.40404199782406e-07	63.5895335792029	0.200000007241794
11.475	10.75	1.01928560227887e-08	0.799999817077901	2.39339447558928e-07	63.5655335838811	0.200000008154285
11.625	10.75	1.11376396189546e-08	0.79999982477017	2.38107416471847e-07	63.5415335882212	0.200000008910112
11.775	10.75	1.17529474850895e-08	0.799999832181754	2.36722378856239e-07	63.5175335922564	0.200000009402358
11.925	10.75	1.18752470455975e-08	0.799999839315872	2.3519761902517e-07	63.4935335960337	0.200000009500198
12.075	10.75	1.13098325234895e-08	0.799999846176261	2.33546019016272e-07	63.4695335996174	0.200000009047866
12.225	10.75	9.83078934618771e-09	0.7999998527695	2.31779541916514e-07	63.4455336030917	0.200000007864632
12.375	10.75	7.18260283302891e-09	0.799999859103718	2.29909670949068e-07	63.4215336065637	0.200000005746082
12.525	10.75	3.08383947698861e-09	0.799999865188672	2.27947124405857e-07	63.3975336101664	0.200000002467072
12.675	10.75	-2.76664657509024e-09	0.79999987103699	2.25902006595307e-07	63.3735336140603	0.199999997786683
12.825	10.75	-1.06805183756168e-08	0.799999876664717	2.23783775914886e-07	63.3495336184354	0.199999991455585
12.975	10.75	-2.09673143479242e-08	0.799999882090055	2.21601573388385e-07	63.3255336235111	0.199999983226149
13.125	10.75	-3.39179258411445e-08	0.799999887335485	2.19363580600287e-07	63.3015336295357	0.199999972865659
13.275	10.75	-4.9783804133111e-08	0.799999892426886	2.17077774084997e-07	63.2775336367832	0.199999960172957
13.425	10.75	-6.87515705899026e-08	0.799999897394539	2.14751668093411e-07	63.2535336455486	0.199999944998744
13.575	10.75	-9.09127844429622e-08	0.799999902271813	2.12392073888986e-07	63.2295336561398	0.199999927269772
13.725	10.75	-1.16228714856248e-07	0.799999907096466	2.1000534464585e-07	63.2055336688675	0.199999907017028
13.875	10.75	-1.44490057810791e-07	0.799999911910905	2.07597734535721e-07	63.18153368403	0.199999884407954
14.025	10.75	-1.75271618548707e-07	0.799999916760705	2.05174558410741e-07	63.1575337018949	0.199999859782705
14.175	10.75	-2.07882024516657e-07	0.799999921695777	2.0274139404754e-07	63.1335337226765	0.19999983369438
14.325	10.75	-2.4130851043546e-07	0.799999926768946	2.00302741802709e-07	63.1095337465065	0.199999806953192
14.475	10.75	-2.74156683088306e-07	0.79999993203904	1.97863397300426e-07	63.0855337734015	0.199999780674654
14.625	10.75	-3.04584870428625e-07	0.799999937568986	1.95427499812414e-07	63.0615338032223	0.199999756332104
14.775	10.75	-3.3023211003225e-07	0.799999943427201	1.92998768297901e-07	63.0375338356277	0.199999735814312
14.925	10.75	-3.48137933034573e-07	0.799999949693067	1.90581024436901e-07	63.0135338700212	0.199999721489654
15.075	10.75	-3.54650716055555e-07	0.799999956457958	1.88177396008733e-07	62.9895339054886	0.199999716279427
15.225	10.75	-3.45319326994545e-07	0.79999996383335	1.85791000494701e-07	62.9655339407267	0.199999723744538
15.375	10.75	-3.14759846485026e-07	0.799999971960593	1.83424596880552e-07	62.9415339739599	0.199999748192123
15.525	10.75	-2.56484996578643e-07	0.799999981024899	1.81080903804906e-07	62.9175340028429	0.199999794812003
15.675	10.75	-1.62678144644213e-07	0.799999991277322	1.78761985467831e-07	62.8935340243435	0.199999869857484
15.825	10.75	-2.38858341352709e-08	0.800000003062269	1.76470195684566e-07	62.8695340346005	0.199999980891333
15.975	10.75	1.71407993806139e-07	0.800000016861297	1.74207634869563e-07	62.8455340287459	0.200000137126395
16.125	10.75	4.37377546097904e-07	0.800000033347119	1.71975995560243e-07	62.8215340006785	0.200000349902037
16.275	10.75	7.91691701313484e-07	0.80000005346431	1.69776766944717e-07	62.7975339427685	0.200000633353361
16.425	10.75	1.25668934507984e-06	0.800000078535304	1.67611461663782e-07	62.7735338454658	0.200001005351476
16.575	10.75	1.86102717042134e-06	0.800000110405268	1.65481509623902e-07	62.749533696772	0.200001488821736
16.725	10.75	2.64198168962691e-06	0.800000151639706	1.63388062679513e-07	62.7255334815242	0.200002113585352
16.875	10.75	3.64865163783013e-06	0.80000020579044	1.61332120548408e-07	62.7015331804131	0.20000291892131
17.025	10.75	4.94639314932854e-06	0.800000277752978	1.59314646273705e-07	62.6775327686355	0.200003957114519
17.175	10.75	6.62293548454498e-06	0.800000374248903	1.57336593496149e-07	62.6535322140401	0.200005298348388
17.325	10.75	8.79678013484064e-06	0.800000504476574	1.553983398563e-07	62.6295314745763	0.200007037424108
17.475	10.75	1.16286956938239e-05	0.800000680986319	1.53500672542039e-07	62.6055304947886	0.200009302956555
17.625	10.75	1.53374055715086e-05	0.800000920868481	1.51644073228058e-07	62.5815292010057	0.200012269924457
17.775	10.75	2.02209524125069e-05	0.800001247354181	1.49828839006144e-07	62.5575274947513	0.20001617676193
17.925	10.75	2.66857445730681e-05	0.800001691973727	1.48055246399371e-07	62.5335252437355	0.200021348595658
18.075	10.75	3.52859833100663e-05	0.800002297433543	1.46323356041655e-07	62.5095222695591	0.200028228786648
18.225	10.75	4.67770784053924e-05	0.800003121446566	1.44632973317862e-07	62.4855183309612	0.200037421662724
18.375	10.75	6.21878490549361e-05	0.800004241817423	1.42983979569416e-07	62.4615131010382	0.200049750279244
18.525	10.75	8.2917892297517e-05	0.800005763271015	1.4137579929891e-07	62.4375061363219	0.200066334313838
18.675	10.75	0.000110868698612205	0.800007826781953	1.39807578373613e-07	62.4134968348919	0.20008869495889
18.825	10.75	0.000148620254652796	0.800010622513465	1.38278240359417e-07	62.3894843797166	0.200118896203722
18.975	10.75	0.000199669453374455	0.800014407786612	1.36785953581009e-07	62.3654676620733	0.2001597355627
19.125	10.75	0.000268753040485568	0.800019531531841	1.35328695850906e-07	62.3414451780239	0.200215002432388
19.275	10.75	0.000362286151889729	0.800026466253145	1.33903171811768e-07	62.3174148883378	0.200289828921512
19.425	10.75	0.000488957296090207	0.800035847831922	1.32505314014548e-07	62.2933740288063	0.200391165836872
19.575	10.75	0.000660531176177186	0.800048523420467	1.31129343500071e-07	62.2693188534603	0.200528424940942
19.725	10.75	0.000892922189766957	0.800065609955687	1.2976776583507e-07	62.245244287723	0.200714337751814
19.875	10.75	0.0012076170983955	0.800088572256854	1.28410688092599e-07	62.2211434617422	0.200966093678716
20.025	10.75	0.00163355408133371	0.800119340093598	1.27044609632066e-07	62.1970070852339	0.201306843265067
20.175	10.75	0.00220962174031037	0.800160493050949	1.25652002141976e-07	62.1728226121654	0.201767697392248
20.325	10.75	0.00298804029535848	0.80021553876146	1.24210103320453e-07	62.1485731231658	0.202390432236287
20.475	10.75	0.00403902956080502	0.800289277839293	1.22688597629467e-07	62.1242358215337	0.203231223648644
20.625	10.75	0.0054573235977768	0.800388175499087	1.21048727759929e-07	62.0997799924033	0.204365858878221
20.775	10.75	0.00737118387691909	0.800520551683546	1.19240070263485e-07	62.0751642164572	0.205896947101535
20.925	10.75	0.00995447730396246	0.800696295316468	1.17198165829656e-07	62.0503325710982	0.20796358184317
21.075	10.75	0.0134420118155309	0.800925767782037	1.14843257126232e-07	62.0252095155944	0.210753609452425
21.225	10.75	0.0181476173299859	0.801217648915275	1.12080145684972e-07	61.9996931721592	0.214518093863989
21.375	10.75	0.0244834931522987	0.801575715187056	1.08802781080862e-07	61.9736468107497	0.219586794521839
21.525	10.75	0.0329782624318336	0.801994878661631	1.04905721199757e-07	61.9468885395998	0.226382609945467
21.675	10.75	0.044290071485958	0.802457181102122	1.00303312303006e-07	61.9191795026115	0.235432057188766
21.825	10.75	0.059209830915953	0.802928793251337	9.49544282723267e-08	61.890211296114	0.247367864732762
21.975	10.75	0.0786480153049171	0.803359406679235	8.88887561214197e-08	61.8595938682757	0.262918412243934
22.125	10.75	0.103596188907851	0.803685589925717	8.22244497765728e-08	61.8268459022144	0.282876951126281
22.275	10.75	0.135052300746883	0.803839335198315	7.51663379555643e-08	61.791390629473	0.308041840597506
22.425	10.75	0.173898991040987	0.803761751423488	6.79819159785847e-08	61.7525610577066	0.339119192832789
22.575	10.75	0.220730581850113	0.803419703120042	6.09586698718381e-08	61.7096193185613	0.37658446548009
22.725	10.75	0.27564152315702	0.802820800053496	5.43571429410374e-08	61.66179444387	0.420513218525616
22.875	10.75	0.338017852177434	0.802020588235333	4.83738328636035e-08	61.6083402910023	0.470414281741947
23.025	10.75	0.406404718846348	0.801116461110972	4.31232794626929e-08	61.5486098621828	0.525123775077079
23.175	10.75	0.478534567487945	0.800226939199284	3.86405805740465e-08	61.4821347009018	0.582827653990356
23.325	10.75	0.551566081916243	0.799461981706806	3.48974113164431e-08	61.4086915452928	0.641252865532995
23.475	10.75	0.622501303271645	0.798895940390706	3.18234665897751e-08	61.3283375149056	0.698001042617316
23.625	10.75	0.688659253557404	0.798554420558505	2.93271559085322e-08	61.2414024854922	0.750927402845923
23.775	10.75	0.748051806341861	0.798418754168572	2.73116525286171e-08	61.1484405957872	0.798441445073489
23.925	10.75	0.799557777825211	0.798442579259666	2.5685425518413e-08	61.0501552983365	0.839646222260168
24.075	10.75	0.84288646760856	0.798570860029647	2.43678919305916e-08	60.9473178071771	0.874309174086848
24.225	10.75	0.878398153763639	0.798753971656668	2.32914176054844e-08	60.8406959496118	0.902718523010911
24.375	10.75	0.906872098613533	0.798954502448167	2.24011570941835e-08	60.7310028055142	0.925497678890827
24.525	10.75	0.929292196725111	0.799148205862772	2.16536622877065e-08	60.6188667883453	0.943433757380089
24.675	10.75	0.946685092968473	0.799321782212045	2.10151639036416e-08	60.504819787146	0.957348074374779
24.825	10.75	0.960016773790834	0.799469701652379	2.04596658176539e-08	60.3892980376433	0.968013419032667
24.975	10.75	0.970138072433467	0.799591302334451	1.99674957231763e-08	60.2726505673531	0.976110457946773
25.125	10.75	0.977764768749327	0.799688606428068	1.95237119587235e-08	60.1551512079557	0.982211814999462
25.275	10.75	0.983479106923424	0.799764861311529	1.91171688761356e-08	60.0370114880869	0.986783285538739
25.425	10.75	0.987742790849903	0.799823650018525	1.87395521253873e-08	59.9183928287047	0.990194232679922
25.575	10.75	0.990914817674997	0.799868395928167	1.83847486097442e-08	59.7994172584641	0.992731854139998
25.725	10.75	0.993270126648249	0.799902120813773	1.80481551545061e-08	59.6801763779773	0.9946161013186
25.875	10.75	0.995016874699193	0.799927357183777	1.77264595524024e-08	59.560738599812	0.996013499759354
26.025	10.75	0.996311339883574	0.799946149419167	1.74171142950109e-08	59.4411548440028	0.997049071906859
26.175	10.75	0.997270176066033	0.799960101523774	1.7118344779989e-08	59.3214629300558	0.997816140852826
26.325	10.75	0.997980145900044	0.799970444808031	1.68287861783802e-08	59.2016909136011	0.998384116720035
26.475	10.75	0.998505654674087	0.799978109228558	1.65473899725466e-08	59.0818595942733	0.99880452373927
26.625	10.75	0.998894473333658	0.799983789237424	1.6273392375583e-08	58.9619843872842	0.999115578666926
26.775	10.75	0.999182029790532	0.799987999846691	1.60062213698132e-08	58.8420767143208	0.999345623832426
26.925	10.75	0.999394600857033	0.79999112176365	1.57454114844933e-08	58.7221450352546	0.999515680685626
27.075	10.75	0.999551676921528	0.79999343628687	1.54905683431126e-08	58.6021956131372	0.999641341537223
27.225	10.75	0.999667711980536	0.799995151528201	1.52414331367509e-08	58.4822330816933	0.999734169584429
27.375	10.75	0.999753419903617	0.799996421759744	1.49977841287084e-08	58.3622608665918	0.999802735922893
27.525	10.75	0.999816736203581	0.799997361559044	1.47593433931984e-08	58.2422814983322	0.999853388962865
27.675	10.75	0.99986353281382	0.799998056132488	1.45260257036442e-08	58.122296844657	0.999890826251056
27.825	10.75	0.999898149898237	0.799998568876171	1.42976301497812e-08	58.0023082831285	0.999918519918589
27.975	10.75	0.999923791676747	0.799998946947485	1.40740390100306e-08	57.8823168291787	0.999939033341398
28.125	10.75	0.99994282093987	0.79999922539709	1.38551224886523e-08	57.762323231023	0.999954256751896
28.275	10.75	0.999956977996174	0.799999430248899	1.36407709791226e-08	57.6423280399284	0.999965582396939
28.425	10.75	0.999967543255285	0.799999580801018	1.34308755837635e-08	57.5223316621672	0.999974034604228
28.575	10.75	0.999975457805614	0.799999691347014	1.32253458836775e-08	57.4023343973798	0.999980366244491
28.725	10.75	0.999981412728635	0.799999772461075	1.3024076499406e-08	57.2823364668626	0.999985130182908
28.875	10.75	0.999985915176676	0.799999831956768	1.28269831419253e-08	57.1623380343966	0.99998873214134
29.025	10.75	0.999989337201492	0.799999875600562	1.263395888141e-08	57.0423392215611	0.999991469761194
29.175	10.75	0.999991951790721	0.799999907641854	1.2444932230867e-08	56.9223401189734	0.999993561432577
29.325	10.75	0.999993959424864	0.799999931206776	1.22598448685659e-08	56.8023407945245	0.999995167539891
29.475	10.75	0.999995507614363	0.7999999485903	1.20785634022939e-08	56.6823412994017	0.999996406091491
29.625	10.75	0.999996705242128	0.799999961472934	1.19010588556558e-08	56.5623416724854	0.999997364193702
29.775	10.75	0.999997633065842	0.79999997108147	1.17272320381154e-08	56.4423419435533	0.999998106452674
29.925	10.75	0.999998351385273	0.79999997830846	1.15570081754075e-08	56.3223421356123	0.999998681108219
30.075	10.75	0.999998905620654	0.79999998380101	1.13903139282317e-08	56.2023422665947	0.999999124496523
30.225	10.75	0.9999993303557	0.7999999880259	1.12270942650244e-08	56.0823423505928	0.99999946428456
30.375	10.75	0.999999652255982	0.799999991318936	1.10672604742638e-08	55.9623423987587	0.999999721804786
30.525	10.75	0.999999892166599	0.799999993920461	1.0910752161573e-08	55.842342419964	0.999999913733279
30.675	10.75	1.00000006661442	0.799999996002142	1.07575169307782e-08	55.7223424212865	1.00000005329154
30.825	10.75	1.00000018888044	0.799999997686296	1.0607462202162e-08	55.6023424083734	1.00000015110435
30.975	10.75	1.00000026976429	0.79999999906024	1.04605276550725e-08	55.4823423857156	1.00000021581143
31.125	10.75	1.00000031813023	0.800000000186853	1.03166699103801e-08	55.3623423568605	1.00000025450419
31.275	10.75	1.00000034129913	0.800000001111719	1.01758410331776e-08	55.2423423245785	1.0000002730393
31.425	10.75	1.00000034533336	0.800000001868555	1.00379360869231e-08	55.1223422909976	1.00000027626669
31.575	10.75	1.00000033524796	0.800000002483212	9.90294580136446e-09	55.0023422577139	1.00000026819837
31.725	10.75	1.00000031517156	0.800000002976107	9.77077489283313e-09	54.882342225885	1.00000025213725
31.875	10.75	1.00000028847337	0.800000003363795	9.64139782882616e-09	54.7623421963082	1.0000002307787
32.025	10.75	1.00000025786737	0.800000003660582	9.51474648307321e-09	54.6423421694889	1.0000002062939
32.175	10.75	1.00000022550096	0.800000003878835	9.39077120661395e-09	54.5223421456994	1.00000018040077
32.325	10.75	1.00000019303282	0.800000004029943	9.26940299587614e-09	54.4023421250291	1.00000015442626
32.475	10.75	1.00000016170285	0.800000004123892	9.1506280467188e-09	54.2823421074281	1.00000012936228
32.625	10.75	1.00000013239567	0.800000004170156	9.03438965878125e-09	54.162342092745	1.00000010591653
32.775	10.75	1.00000010569879	0.800000004177129	8.92058526801286e-09	54.0423420807571	1.00000008455903
32.925	10.75	1.00000008195549	0.800000004152553	8.80923838136555e-09	53.9223420711976	1.00000006556439
33.075	10.75	1.00000006131281	0.800000004103288	8.7002900732165e-09	53.8023420637759	1.00000004905025
33.225	10.75	1.00000004376436	0.800000004035373	8.59366278283039e-09	53.6823420581946	1.00000003501149
33.375	10.75	1.00000002918825	0.800000003954086	8.48935376481909e-09	53.5623420541625	1.0000000233506
33.525	10.75	1.0000000173799	0.800000003863998	8.38729276055393e-09	53.4423420514042	1.00000001390392
33.675	10.75	1.00000000808003	0.800000003768755	8.28742989391721e-09	53.3223420496664	1.00000000646403
33.825	10.75	1.00000000099793	0.800000003671448	8.18975547840574e-09	53.2023420487222	1.00000000079834
33.975	10.75	0.999999995830307	0.800000003574402	8.09420285654384e-09	53.0823420483733	0.999999996664246
34.125	10.75	0.999999992276168	0.80000000347942	8.00077375984818e-09	52.9623420484504	0.999999993820934
34.275	10.75	0.999999990047902	0.800000003387863	7.90939926692474e-09	52.8423420488125	0.999999992038322
34.425	10.75	0.999999988879273	0.800000003300504	7.82002875502567e-09	52.7223420493449	0.999999991103419
34.575	10.75	0.999999988530636	0.800000003217769	7.73264928947935e-09	52.6023420499575	0.999999990824508
34.725	10.75	0.999999988791745	0.800000003139948	7.64722973144158e-09	52.4823420505816	0.999999991033396
34.875	10.75	0.999999989482805	0.800000003066884	7.56373626461511e-09	52.3623420511675	0.999999991586244
35.025	10.75	0.999999990454007	0.800000002998351	7.48212393152281e-09	52.2423420516809	0.999999992363206
35.175	10.75	0.999999991583946	0.800000002934032	7.40235089933481e-09	52.1223420521008	0.999999993267157
35.325	10.75	0.999999992777323	0.800000002873408	7.32440073239623e-09	52.0023420524165	0.999999994221859
35.475	10.75	0.999999993962076	0.800000002816022	7.24825377352757e-09	51.8823420526255	0.999999995169661
35.625	10.75	0.999999995086355	0.800000002761433	7.1738694753974e-09	51.762342052731	0.999999996069084
35.775	10.75	0.99999999611536	0.80000000270905	7.10121079730547e-09	51.6423420527405	0.999999996892288
35.925	10.75	0.999999997028277	0.800000002658562	7.03026850370913e-09	51.5223420526641	0.999999997622622
36.075	10.75	0.999999997815448	0.800000002609366	6.96098797410976e-09	51.4023420525135	0.999999998252358
36.225	10.75	0.999999998475741	0.800000002561304	6.89337679286245e-09	51.2823420523007	0.999999998780593
36.375	10.75	0.999999999014278	0.800000002513923	6.82737429846693e-09	51.1623420520377	0.999999999211422
36.525	10.75	0.999999999440461	0.800000002467029	6.76297190637468e-09	51.0423420517358	0.999999999552369
36.675	10.75	0.99999999976633	0.800000002420382	6.70014746326212e-09	50.922342051405	0.999999999813064
36.825	10.75	1.00000000000534	0.800000002373945	6.63887671161883e-09	50.8023420510545	1.00000000000427
36.975	10.75	1.00000000017136	0.800000002327399	6.57912008259313e-09	50.6823420506918	1.00000000013709
37.125	10.75	1.00000000027792	0.800000002280843	6.52087427481305e-09	50.5623420503234	1.00000000022234
37.275	10.75	1.0000000003377	0.800000002234083	6.46411228972385e-09	50.4423420499542	1.00000000027016
37.425	10.75	1.00000000036184	0.800000002187006	6.40879860563425e-09	50.3223420495883	1.00000000028947
37.575	10.75	1.00000000035915	0.800000002139545	6.3549450091527e-09	50.2023420492286	1.00000000028732
37.725	10.75	1.00000000033567	0.800000002091877	6.30249700973032e-09	50.0823420488775	1.00000000026854
37.875	10.75	1.00000000029553	0.800000002044553	6.2514419940846e-09	49.9623420485366	1.00000000023643
38.025	10.75	1.00000000024454	0.800000001998526	6.20177772012173e-09	49.8423420482073	1.00000000019563
38.175	10.75	1.00000000019658	0.800000001954639	6.15347765477451e-09	49.7223420478901	1.00000000015726
38.325	10.75	1.00000000017807	0.800000001911259	6.10651047854999e-09	49.6023420475832	1.00000000014245
38.475	10.75	1.00000000021822	0.800000001862202	6.06086684940085e-09	49.4823420472825	1.00000000017458
38.625	10.75	1.00000000031041	0.800000001796875	6.01653025662744e-09	49.3623420469826	1.00000000024833
38.775	10.75	1.00000000034603	0.80000000170885	5.9734908476725e-09	49.2423420466838	1.00000000027682
38.925	10.75	1.00000000007388	0.800000001615936	5.93172339272315e-09	49.1223420464035	1.0000000000591
39.075	10.75	0.999999999212043	0.800000001584382	5.89121130568939e-09	49.0023420461848	0.999999999369634
39.225	10.75	0.999999997861593	0.800000001723151	5.85194558012366e-09	48.8823420460795	0.999999998289274
39.375	10.75	0.999999997187174	0.800000002093354	5.81391909089949e-09	48.7623420460784	0.999999997749739
39.525	10.75	0.999999999800291	0.800000002501708	5.77711628934132e-09	48.6423420459915	0.999999999840233
39.675	10.75	1.00000000854992	0.800000002269482	5.74148157798059e-09	48.5223420453663	1.00000000683994
39.825	10.75	1.00000002228113	0.800000000314037	5.70706966836679e-09	48.4023420436691	1.0000000178249
39.975	10.75	1.00000002906866	0.799999996071851	5.67382337235988e-09	48.282342040994	1.00000002325493
40.125	10.75	1.00000000269437	0.799999991527573	5.64174531490864e-09	48.1623420392663	1.0000000021555
40.275	10.75	0.999999915051625	0.799999993357924	5.61080429789725e-09	48.0423420430184	0.9999999320413
40.425	10.75	0.999999777875221	0.800000011948419	5.58100806498452e-09	47.922342057569	0.999999822300177
40.575	10.75	0.999999707649958	0.800000052404042	5.55235364627481e-09	47.8023420820819	0.999999766119966
40.725	10.75	0.999999957517779	0.800000095536398	5.52480993301349e-09	47.682342097979	0.999999966014223
40.875	10.75	1.00000079734943	0.800000078660069	5.49838026695738e-09	47.5623420615775	1.00000063787954
41.025	10.75	1.00000212196185	0.799999906060968	5.47304159037983e-09	47.4423419212898	1.00000169756948
41.175	10.75	1.00000285290256	0.799999531848679	5.44879758525828e-09	47.3223416823426	1.00000228232205
41.325	10.75	1.00000065163101	0.799999129514917	5.42564637054069e-09	47.2023415139782	1.00000052130481
41.475	10.75	0.999993003858036	0.799999256990309	5.40359348981404e-09	47.0823418183751	0.999994403086429
41.625	10.75	0.999980706637701	0.800000757516057	5.38261817547668e-09	46.9623430801391	0.999984565310161
41.775	10.75	0.999973138463764	0.800004042062277	5.36268679378184e-09	46.8423452954493	0.999978510771011
41.925	10.75	0.999990827520321	0.800007658899383	5.34370972848213e-09	46.7223470249614	0.999992662016257
42.075	10.75	1.00005637953604	0.800006937441598	5.32555600877731e-09	46.6023447589124	1.00004510362883
42.225	10.75	1.00016528886171	0.799994825238264	5.30825888299788e-09	46.4823341187642	1.00013223108937
42.375	10.75	1.00024184955436	0.799967675231956	5.29210735591535e-09	46.3623145760848	1.00019347964349
42.525	10.75	1.0001163362871	0.79993655143125	5.27785145870835e-09	46.2422973829564	1.00009306902968
42.675	10.75	0.999594226906533	0.799937861551381	5.26628206202938e-09	46.1223112758598	0.999675381525226
42.825	10.75	0.998683926300612	0.800027373266555	5.25735732235508e-09	46.0023939268735	0.998947141040489
42.975	10.75	0.997944673214927	0.800237007572193	5.24875189485823e-09	45.8825557586761	0.998355738571942
43.125	10.75	0.998684258963735	0.800490006133945	5.23496837103657e-09	45.7627175642553	0.998947407170988
43.275	10.75	1.00248296174584	0.800522975732721	5.20944073329856e-09	45.642661533848	1.00198636939667
43.425	10.75	1.00955927623966	0.799934826084569	5.17148810213142e-09	45.5220836312334	1.00764742099173
43.575	10.75	1.01623380739717	0.798479882041179	5.13642233651102e-09	45.4008458545083	1.01298704591774
43.725	10.75	1.01328677102947	0.79657339218617	5.1414231809826e-09	45.2794286981532	1.01062941682358
43.875	10.75	0.988680897773852	0.795833250906819	5.23749838495461e-09	45.1593337036676	0.990944718219082
44.025	10.75	0.938367896624121	0.799351007521379	5.45433677507444e-09	45.0428406711825	0.950694317299297
44.175	10.75	0.88467313341246	0.810192428864106	5.70893721317414e-09	44.9313521655541	0.907738506729968
44.325	10.75	0.889127901553258	0.82444195297833	5.68440183386229e-09	44.8222078115201	0.911302321242607
44.475	10.75	1.03257195139274	0.826489829112826	5.04706098106939e-09	44.7059574059104	1.02605756111419
44.625	10.75	1.34924434203641	0.808622132971289	4.04619715930538e-09	44.5677999700165	1.27939547362913
44.775	10.75	1.76408811830918	0.709537047472325	3.21151756810359e-09	44.3955931568705	1.61127049464734
44.925	10.75	2.11154506642328	0.834636814091947	2.73825864018084e-09	44.2248231371811	1.88923605313862
0.075	11.25	3.4747357854978e-16	0.399999983790345	-7.8519036267938e-07	65.3895326641892	0.2
0.225	11.25	1.09796511239946e-15	0.799999951430733	-7.83415988044255e-07	65.3655326651618	0.200000000000001
0.375	11.25	2.54818972024803e-15	0.799999919250968	-7.79877383068955e-07	65.3415326671033	0.200000000000002
0.525	11.25	4.61626666089267e-15	0.799999887368722	-7.74594295116147e-07	65.3175326700067	0.200000000000004
0.675	11.25	7.14881836900656e-15	0.79999985590006	-7.67596363979328e-07	65.2935326738612	0.200000000000006
0.825	11.25	9.93588615539085e-15	0.799999824956185	-7.58922568712615e-07	65.2695326786527	0.200000000000008
0.975	11.25	1.27379727591172e-14	0.799999794647239	-7.48620560786375e-07	65.2455326843638	0.20000000000001
1.125	11.25	1.52997099139701e-14	0.79999976507672	-7.36746671204146e-07	65.2215326909739	0.200000000000012
1.275	11.25	1.73403411437147e-14	0.799999736341341	-7.23365326228946e-07	65.1975326984592	0.200000000000014
1.425	11.25	1.85241259667876e-14	0.79999970853374	-7.0854785260847e-07	65.1735327067934	0.200000000000015
1.575	11.25	1.84215040341352e-14	0.799999681738819	-6.92372055330253e-07	65.1495327159472	0.200000000000015
1.725	11.25	1.64738637915463e-14	0.799999656034001	-6.74921780761623e-07	65.1255327258891	0.200000000000013
1.875	11.25	1.19727112554866e-14	0.799999631489734	-6.56285510485269e-07	65.1015327365852	0.20000000000001
2.025	11.25	4.06045252147385e-15	0.799999608166976	-6.36556161210986e-07	65.0775327479997	0.200000000000003
2.175	11.25	-8.24295078839235e-15	0.799999586120629	-6.15829894866071e-07	65.0535327600951	0.199999999999993
2.325	11.25	-2.59845564090065e-14	0.799999565394774	-5.94205031445975e-07	65.0295327728325	0.199999999999979
2.475	11.25	-5.01911589701588e-14	0.799999546027903	-5.7178200817742e-07	65.0055327861714	0.19999999999996
2.625	11.25	-8.17461120012397e-14	0.799999528046482	-5.48661607964483e-07	64.9815328000708	0.199999999999935
2.775	11.25	-1.21225358843174e-13	0.799999511472854	-5.24945134935997e-07	64.9575328144886	0.199999999999903
2.925	11.25	-1.68687836179591e-13	0.799999496318787	-5.00732924318306e-07	64.9335328293825	0.199999999999865
3.075	11.25	-2.23416816862051e-13	0.799999482588089	-4.76124008289481e-07	64.9095328447096	0.199999999999821
3.225	11.25	-2.83611858360158e-13	0.799999470278864	-4.51215164994332e-07	64.8855328604272	0.199999999999773
3.375	11.25	-3.46035882933262e-13	0.799999459380771	-4.26101143493992e-07	64.8615328764929	0.199999999999723
3.525	11.25	-4.05628725694341e-13	0.799999449878159	-4.00872870456409e-07	64.8375328928644	0.199999999999676
3.675	11.25	-4.55107227366789e-13	0.799999441746949	-3.7561777993862e-07	64.8135329095003	0.199999999999636
3.825	11.25	-4.84582768014986e-13	0.799999434960373	-3.50419763868419e-07	64.7895329263597	0.199999999999612
3.975	11.25	-4.81239869397341e-13	0.799999429483415	-3.2535769613418e-07	64.7655329434028	0.199999999999615
4.125	11.25	-4.29134044233819e-13	0.799999425279502	-3.00506192773641e-07	64.7415329605908	0.199999999999657
4.275	11.25	-3.09182847095726e-13	0.799999422305694	-2.75934909404086e-07	64.7175329778861	0.199999999999753
4.425	11.25	-9.94404461777521e-14	0.79999942051587	-2.51708341168865e-07	64.6935329952525	0.19999999999992
4.575	11.25	2.24238336775942e-13	0.799999419861692	-2.27885926475485e-07	64.6695330126552	0.200000000000179
4.725	11.25	6.87025140830336e-13	0.79999942029225	-2.04521772289323e-07	64.6455330300607	0.20000000000055
4.875	11.25	1.31330802490094e-12	0.799999421753187	-1.81664986807738e-07	64.6215330474375	0.200000000001051
5.025	11.25	2.12411399376271e-12	0.799999424190193	-1.59359476818576e-07	64.5975330647553	0.200000000001699
5.175	11.25	3.13364218343295e-12	0.79999942754709	-1.37643734476313e-07	64.5735330819857	0.200000000002507
5.325	11.25	4.34480794213261e-12	0.799999431767036	-1.16551343266596e-07	64.5495330991019	0.200000000003476
5.475	11.25	5.74373820648235e-12	0.799999436792919	-9.61121081154463e-08	64.5255331160788	0.200000000004595
5.625	11.25	7.29322072657791e-12	0.799999442567876	-7.63494990461708e-08	64.5015331328932	0.200000000005835
5.775	11.25	8.92519824944056e-12	0.799999449035518	-5.72834805197411e-08	64.4775331495233	0.20000000000714
5.925	11.25	1.05325171897278e-11	0.79999945613971	-3.89298476000497e-08	64.4535331659493	0.200000000008426
6.075	11.25	1.19602917649126e-11	0.799999463826014	-2.12999994158458e-08	64.4295331821529	0.200000000009568
6.225	11.25	1.29974301766137e-11	0.799999472039251	-4.4019622948705e-09	64.4055331981175	0.200000000010398
6.375	11.25	1.33690888667238e-11	0.799999480729536	1.17602036055436e-08	64.3815332138281	0.200000000010695
6.525	11.25	1.27310703185253e-11	0.799999489844228	2.71852293112934e-08	64.3575332292712	0.200000000010185
6.675	11.25	1.0667452538016e-11	0.799999499335993	4.18753828850677e-08	64.333533244435	0.200000000008534
6.825	11.25	6.6930221833642e-12	0.79999950915722	5.58351165665341e-08	64.309533259309	0.200000000005354
6.975	11.25	2.62361759232793e-13	0.799999519262545	6.90717407886866e-08	64.2855332738842	0.20000000000021
7.125	11.25	-9.21230911802433e-12	0.79999952961005	8.1595092453345e-08	64.2615332881532	0.19999999999263
7.275	11.25	-2.23322468009305e-11	0.799999540158745	9.34162523262012e-08	64.2375333021094	0.199999999982134
7.425	11.25	-3.96698628710282e-11	0.799999550870218	1.0454899340866e-07	64.2135333157479	0.199999999968264
7.575	11.25	-6.17106225359021e-11	0.799999561707373	1.15007884667878e-07	64.1895333290648	0.199999999950632
7.725	11.25	-8.87770437945436e-11	0.799999572636962	1.24809492460416e-07	64.1655333420573	0.199999999928978
7.875	11.25	-1.20933148782432e-10	0.799999583626696	1.3397115668532e-07	64.1415333547236	0.199999999903253
8.025	11.25	-1.57868486957493e-10	0.799999594646936	1.42511312391852e-07	64.1175333670629	0.199999999873705
8.175	11.25	-1.98761972499933e-10	0.799999605669936	1.50449387798754e-07	64.0935333790751	0.19999999984099
8.325	11.25	-2.42127308369134e-10	0.799999616670161	1.57805237786754e-07	64.0695333907609	0.199999999806298
8.475	11.25	-2.85643749505416e-10	0.799999627624271	1.64599249892005e-07	64.0455334021214	0.199999999771485
8.625	11.25	-3.25978416180218e-10	0.799999638510064	1.70852135468127e-07	64.0215334131583	0.199999999739217
8.775	11.25	-3.58609310849301e-10	0.799999649308157	1.76584984718899e-07	63.9975334238734	0.199999999713113
8.925	11.25	-3.77661594496395e-10	0.799999660000699	1.81819022179908e-07	63.9735334342687	0.199999999697871
9.075	11.25	-3.75773478902384e-10	0.799999670571116	1.86575275125138e-07	63.9495334443459	0.199999999699381
9.225	11.25	-3.4401218131293e-10	0.79999968100466	1.9087489263323e-07	63.9255334541065	0.19999999972479
9.375	11.25	-2.71864604372348e-10	0.799999691288397	1.94738539559451e-07	63.9015334635516	0.199999999782508
9.525	11.25	-1.47331522601228e-10	0.799999701409892	1.98187118899997e-07	63.8775334726814	0.199999999882135
9.675	11.25	4.28422141297505e-11	0.799999711359137	2.01240809431135e-07	63.8535334814953	0.200000000034274
9.825	11.25	3.12765970513146e-10	0.799999721126335	2.03919694153063e-07	63.8295334899917	0.200000000250213
9.975	11.25	6.76792819435798e-10	0.799999730702977	2.06243144709686e-07	63.8055334981677	0.200000000541434
10.125	11.25	1.14866282181982e-09	0.79999974008177	2.08230472574991e-07	63.7815335060195	0.20000000091893
10.275	11.25	1.74036476458891e-09	0.799999749255902	2.0990006425284e-07	63.7575335135422	0.200000001392292
10.425	11.25	2.46068591748478e-09	0.799999758219589	2.11270264871025e-07	63.73353352073	0.200000001968549
10.575	11.25	3.31342765068125e-09	0.79999976696744	2.12358289428539e-07	63.7095335275766	0.200000002650742
10.725	11.25	4.29527700460387e-09	0.799999775494719	2.131813180642e-07	63.6855335340758	0.200000003436222
10.875	11.25	5.39334103802887e-09	0.799999783797598	2.13755622663494e-07	63.6615335402222	0.200000004314673
11.025	11.25	6.58237241682703e-09	0.799999791871914	2.1409704774491e-07	63.6375335460124	0.200000005265898
11.175	11.25	7.82174150448913e-09	0.799999799715388	2.14220783168984e-07	63.6135335514461	0.200000006257393
11.325	11.25	9.05224223054451e-09	0.799999807324856	2.14141368919874e-07	63.5895335565277	0.200000007241794
11.475	11.25	1.01928560296343e-08	0.79999981469863	2.13873009986456e-07	63.5655335612686	0.200000008154285
11.625	11.25	1.11376396274223e-08	0.799999821835945	2.13428888565911e-07	63.5415335656888	0.200000008910112
11.775	11.25	1.17529474911242e-08	0.799999828736347	2.12821925158468e-07	63.51753356982	0.200000009402358
11.925	11.25	1.18752470434044e-08	0.799999835401213	2.12064366427632e-07	63.493533573708	0.200000009500198
12.075	11.25	1.13098325053753e-08	0.79999984183247	2.11168027098324e-07	63.4695335774159	0.200000009047866
12.225	11.25	9.83078930245144e-09	0.799999848034365	2.10143843974925e-07	63.4455335810266	0.200000007864631
12.375	11.25	7.18260275199481e-09	0.799999854012746	2.09002618143943e-07	63.4215335846463	0.200000005746082
12.525	11.25	3.08383934513055e-09	0.799999859776161	2.07754228522722e-07	63.3975335884068	0.200000002467072
12.675	11.25	-2.76664677281733e-09	0.799999865334843	2.0640831775206e-07	63.3735335924676	0.199999997786683
12.825	11.25	-1.06805186552963e-08	0.799999870703087	2.04974026198665e-07	63.3495335970179	0.199999991455585
12.975	11.25	-2.09673147259531e-08	0.799999875897784	2.03459753374855e-07	63.3255336022761	0.199999983226148
13.125	11.25	-3.39179263332982e-08	0.799999880939474	2.01873783578602e-07	63.3015336084897	0.199999972865659
13.275	11.25	-4.97838047533642e-08	0.799999885852395	2.00223694293172e-07	63.277533615932	0.199999960172956
13.425	11.25	-6.87515713489777e-08	0.799999890665121	1.98516766971599e-07	63.2535336248971	0.199999944998743
13.575	11.25	-9.09127853467162e-08	0.799999895409976	1.96759731805919e-07	63.2295336356924	0.199999927269772
13.725	11.25	-1.16228715903703e-07	0.79999990012361	1.9495920671691e-07	63.2055336486277	0.199999907017027
13.875	11.25	-1.44490058992158e-07	0.799999904846165	1.93121092161366e-07	63.1815336640009	0.199999884407953
14.025	11.25	-1.7527161984302e-07	0.799999909622749	1.91251149005135e-07	63.157533682079	0.199999859782704
14.175	11.25	-2.07882025889532e-07	0.799999914501417	1.89354545866457e-07	63.1335337030757	0.199999833694379
14.325	11.25	-2.41308511836466e-07	0.799999919534801	1.87436508233858e-07	63.1095337271223	0.199999806953191
14.475	11.25	-2.74156684448649e-07	0.799999924779825	1.85501568102583e-07	63.0855337542348	0.199999780674652
14.625	11.25	-3.04584871658339e-07	0.799999930298286	1.83554184790388e-07	63.0615337842736	0.199999756332103
14.775	11.25	-3.30232111017891e-07	0.799999936158665	1.81598518438461e-07	63.0375338168972	0.199999735814311
14.925	11.25	-3.48137933636085e-07	0.799999942438556	1.79638243001492e-07	63.0135338515086	0.199999721489653
15.075	11.25	-3.54650716103657e-07	0.799999949228305	1.77677070644545e-07	62.9895338871934	0.199999716279427
15.225	11.25	-3.45319326286976e-07	0.799999956639184	1.7571821961595e-07	62.9655339226479	0.199999723744539
15.375	11.25	-3.14759844782513e-07	0.799999964811588	1.73764824788228e-07	62.9415339560963	0.199999748192124
15.525	11.25	-2.56484993599073e-07	0.799999973929915	1.71819796999372e-07	62.917533985193	0.199999794812005
15.675	11.25	-1.62678140055216e-07	0.79999998424427	1.69885894503177e-07	62.8935340069056	0.199999869857488
15.825	11.25	-2.3885827543165e-08	0.799999996099196	1.67965438107795e-07	62.8695340173726	0.199999980891338
15.975	11.25	1.71408002871382e-07	0.80000000997444	1.66060750266791e-07	62.8455340117258	0.200000137126402
16.125	11.25	4.37377558204542e-07	0.800000026543331	1.64173877674741e-07	62.8215339838638	0.200000349902047
16.275	11.25	7.91691717158413e-07	0.800000046749384	1.62306957804106e-07	62.7975339261567	0.200000633353374
16.425	11.25	1.25668936553165e-06	0.800000071914716	1.6046173152077e-07	62.773533829054	0.200001005351492
16.575	11.25	1.86102719657914e-06	0.800000103883449	1.58639723314453e-07	62.7495336805574	0.200001488821757
16.725	11.25	2.64198172290256e-06	0.800000145221457	1.56842505177307e-07	62.7255334655037	0.200002113585378
16.875	11.25	3.64865168005773e-06	0.80000019947947	1.55071589468797e-07	62.7015331645836	0.200002918921344
17.025	11.25	4.94639320291557e-06	0.800000271553133	1.53327962177915e-07	62.6775327529936	0.200003957114562
17.175	11.25	6.62293555267067e-06	0.800000368163484	1.51612838986601e-07	62.6535321985825	0.200005298348442
17.325	11.25	8.79678022172602e-06	0.800000498508305	1.4992742379097e-07	62.6295314592996	0.200007037424177
17.475	11.25	1.16286958050813e-05	0.800000675138224	1.48272346789602e-07	62.6055304796892	0.200009302956644
17.625	11.25	1.53374057146139e-05	0.800000915142491	1.46648502014859e-07	62.5815291860799	0.200012269924572
17.775	11.25	2.02209525974106e-05	0.800001241753038	1.45056534313952e-07	62.5575274799954	0.200016176762078
17.925	11.25	2.66857448130004e-05	0.80000168649839	1.43496872674272e-07	62.5335252291458	0.20002134859585
18.075	11.25	3.52859836225841e-05	0.800002292086398	1.41969801929264e-07	62.5095222551316	0.200028228786898
18.225	11.25	4.67770788137519e-05	0.80000311622872	1.40475755617526e-07	62.4855183166923	0.200037421663051
18.375	11.25	6.21878495898604e-05	0.800004236730093	1.3901453775467e-07	62.4615130869238	0.200049750279672
18.525	11.25	8.29178929994839e-05	0.800005758315075	1.37585986557418e-07	62.4375061223582	0.2000663343144
18.675	11.25	0.000110868699534403	0.800007821958602	1.36189543544391e-07	62.4134968210749	0.200088694959628
18.825	11.25	0.000148620255864942	0.800010617823148	1.34824151443435e-07	62.3894843660422	0.200118896204692
18.975	11.25	0.000199669454967754	0.800014403230226	1.33488728404231e-07	62.3654676485376	0.200159735563974
19.125	11.25	0.000268753042579096	0.800019527109439	1.32180930194015e-07	62.3414451646228	0.200215002434063
19.275	11.25	0.000362286154638708	0.800026461965443	1.30897948487806e-07	62.3174148750673	0.200289828923711
19.425	11.25	0.000488957299696508	0.800035843678889	1.29636102933286e-07	62.2933740156624	0.200391165839757
19.575	11.25	0.000660531180902535	0.800048519402102	1.283897274051e-07	62.2693188404388	0.200528424944722
19.725	11.25	0.000892922195949454	0.800065606072111	1.27151721992017e-07	62.2452442748198	0.20071433775676
19.875	11.25	0.00120761710647028	0.800088568508013	1.25912413326431e-07	62.2211434489534	0.200966093685176
20.025	11.25	0.00163355409185853	0.800119336479007	1.24658763427742e-07	62.1970070725553	0.201306843273487
20.175	11.25	0.00220962175399857	0.800160489570479	1.23373581315405e-07	62.1728225995928	0.201767697403199
20.325	11.25	0.00298804031312133	0.800215535414191	1.22034353244283e-07	62.1485731106952	0.202390432250497
20.475	11.25	0.00403902958380569	0.800289274625165	1.20611767615555e-07	62.124235809161	0.203231223667045
20.625	11.25	0.00545732362749846	0.800388172416378	1.19067023359956e-07	62.0997799801243	0.204365858901999
20.775	11.25	0.00737118391524329	0.800520548731792	1.1735074464767e-07	62.0751642042677	0.205896947132195
20.925	11.25	0.00995447735325602	0.800696292494045	1.15399393810842e-07	62.0503325589942	0.207963581882605
21.075	11.25	0.0134420118787319	0.800925765086892	1.13134146462483e-07	62.0252095035715	0.210753609502986
21.225	11.25	0.0181476174106807	0.801217646344951	1.1046073715682e-07	61.9996931602134	0.214518093928545
21.375	11.25	0.0244834932547812	0.801575712738517	1.07274617006573e-07	61.9736467988768	0.219586794603825
21.525	11.25	0.0329782625611365	0.801994876331127	1.03471447096871e-07	61.9468885277956	0.226382610048909
21.675	11.25	0.0442900716478503	0.802457178885069	9.89663535206564e-08	61.9191794908719	0.23543205731828
21.825	11.25	0.0592098311168766	0.802928791142323	9.37185842867456e-08	61.8902112844352	0.247367864893501
21.975	11.25	0.0786480155518017	0.803359404671809	8.77575518154547e-08	61.859593856654	0.262918412441441
22.125	11.25	0.10359618920773	0.803685588012516	8.11997323192776e-08	61.8268458906463	0.282876951366184
22.275	11.25	0.135052301106188	0.803839333372075	7.42478440726739e-08	61.7913906179558	0.30804184088495
22.425	11.25	0.1738989914644	0.803761749676074	6.71664665031137e-08	61.752561046238	0.33911919317152
22.575	11.25	0.220730582338996	0.803419701443796	6.0240487841086e-08	61.7096193071401	0.376584465871197
22.725	11.25	0.275641523707581	0.802820798441494	5.37280980925347e-08	61.6617944324964	0.420513218966065
22.875	11.25	0.338017852779228	0.802020586681556	4.78241838089125e-08	61.6083402796784	0.470414282223382
23.025	11.25	0.406404719481851	0.801116459609952	4.26428568007723e-08	61.5486098509128	0.525123775585481
23.175	11.25	0.478534568133871	0.800226937746344	3.82194841892127e-08	61.4821346896922	0.582827654507097
23.325	11.25	0.551566082546665	0.799461980297978	3.45265847317392e-08	61.4086915341527	0.641252866037332
23.475	11.25	0.622501303862192	0.798895939022144	3.14951292646578e-08	61.328337503846	0.698001043089754
23.625	11.25	0.688659254089055	0.79855441922664	2.9034793166715e-08	61.2414024745254	0.750927403271244
23.775	11.25	0.748051806803139	0.798418752870218	2.70499909635438e-08	61.1484405849258	0.798441445442511
23.925	11.25	0.79955777821239	0.798442577991959	2.5450349492427e-08	61.0501552875924	0.839646222569912
24.075	11.25	0.842886467924285	0.79857085879036	2.41561373511758e-08	60.9473177965608	0.874309174339428
24.225	11.25	0.878398154014824	0.798753970444089	2.3100496141785e-08	60.8406959391322	0.902718523211859
24.375	11.25	0.906872098809273	0.798954501260936	2.22290566307624e-08	60.7310027951782	0.925497679047419
24.525	11.25	0.929292196875051	0.799148204699794	2.14988551302164e-08	60.6188667781578	0.943433757500041
24.675	11.25	0.946685093081722	0.799321781072513	2.08763493630143e-08	60.5048197771103	0.957348074465377
24.825	11.25	0.960016773875409	0.799469700535708	2.0335842898181e-08	60.3892980277614	0.968013419100327
24.975	11.25	0.970138072496074	0.799591301240143	1.9857715890117e-08	60.2726505576255	0.976110457996859
25.125	11.25	0.977764768795341	0.799688605355554	1.94272467848058e-08	60.1551511983822	0.982211815036272
25.275	11.25	0.983479106957089	0.799764860260391	1.90333259996094e-08	60.0370114786665	0.986783285565671
25.425	11.25	0.987742790874444	0.799823648988364	1.86677567616328e-08	59.9183928194359	0.990194232699555
25.575	11.25	0.990914817692838	0.79986839491859	1.83243933964022e-08	59.799417249345	0.99273185415427
25.725	11.25	0.993270126661206	0.79990211982444	1.79987375627302e-08	59.6801763690058	0.994616101328965
25.875	11.25	0.99501687470861	0.799927356214243	1.76874357608599e-08	59.5607385909856	0.996013499766888
26.025	11.25	0.996311339890415	0.799946148469056	1.73880806481029e-08	59.4411548353191	0.997049071912332
26.175	11.25	0.997270176070995	0.799960100592803	1.70988241418428e-08	59.3214629215123	0.997816140856796
26.325	11.25	0.997980145903649	0.79997044389575	1.68183314918478e-08	59.2016909051952	0.998384116722919
26.475	11.25	0.998505654676705	0.799978108334602	1.65456137107115e-08	59.0818595860023	0.998804523741364
26.625	11.25	0.998894473335559	0.799983788361515	1.62798923344419e-08	58.9619843791456	0.999115578668447
26.775	11.25	0.999182029791908	0.799987998988478	1.60206175039384e-08	58.8420767063121	0.999345623833527
26.925	11.25	0.999394600858043	0.799991120922702	1.57673465622522e-08	58.7221450273731	0.999515680686434
27.075	11.25	0.99955167692226	0.799993435462917	1.55197077082085e-08	58.6021956053804	0.999641341537808
27.225	11.25	0.999667711981055	0.79999515072092	1.52774457396139e-08	58.4822330740588	0.999734169584844
27.375	11.25	0.999753419903987	0.799996420968788	1.50403130695397e-08	58.362260859077	0.99980273592319
27.525	11.25	0.999816736203855	0.799997360784086	1.48081600524883e-08	58.2422814909348	0.999853388963084
27.675	11.25	0.999863532814026	0.799998055373249	1.45807810391274e-08	58.1222968373746	0.999890826251221
27.825	11.25	0.999898149898391	0.799998568132331	1.43580381785516e-08	58.0023082759588	0.999918519918713
27.975	11.25	0.999923791676863	0.799998946218679	1.41398710810363e-08	57.8823168221194	0.99993903334149
28.125	11.25	0.999942820939954	0.799999224683114	1.39260931092743e-08	57.762323224072	0.999954256751963
28.275	11.25	0.99995697799623	0.7999994295494	1.37166343430053e-08	57.6423280330833	0.999965582396984
28.425	11.25	0.999967543255326	0.799999580115739	1.35114011815507e-08	57.522331655426	0.999974034604261
28.575	11.25	0.999975457805651	0.799999690675659	1.33102944965956e-08	57.4023343907403	0.99998036624452
28.725	11.25	0.999981412728668	0.799999771803412	1.31132401570183e-08	57.2823364603227	0.999985130182934
28.875	11.25	0.999985915176705	0.799999831312507	1.29201407116992e-08	57.1623380279544	0.999988732141364
29.025	11.25	0.999989337201516	0.799999874969383	1.2730931375462e-08	57.0423392152145	0.999991469761213
29.175	11.25	0.99999195179074	0.799999907023528	1.25455367751739e-08	56.9223401127205	0.999993561432592
29.325	11.25	0.999993959424868	0.799999930601086	1.2363847172456e-08	56.8023407883634	0.999995167539895
29.475	11.25	0.999995507614364	0.799999947997007	1.21858301830479e-08	56.6823412933305	0.999996406091491
29.625	11.25	0.999996705242127	0.799999960891747	1.2011423039156e-08	56.5623416665023	0.999997364193702
29.775	11.25	0.999997633065842	0.799999970512164	1.18405061198253e-08	56.4423419376565	0.999998106452674
29.925	11.25	0.999998351385271	0.799999977750834	1.16730538944761e-08	56.3223421298	0.999998681108217
30.075	11.25	0.999998905620652	0.799999983254749	1.15089861124617e-08	56.2023422608652	0.999999124496522
30.225	11.25	0.999999330355705	0.799999987490915	1.13482322915296e-08	56.0823423449444	0.999999464284564
30.375	11.25	0.999999652255977	0.799999990794935	1.11907444270053e-08	55.9623423931896	0.999999721804782
30.525	11.25	0.999999892166602	0.799999993407226	1.10364603429966e-08	55.8423424144727	0.999999913733282
30.675	11.25	1.00000006661443	0.799999995499431	1.08852965902519e-08	55.7223424158715	1.00000005329155
30.825	11.25	1.00000018888044	0.799999997193963	1.07372110074674e-08	55.6023424030329	1.00000015110435
30.975	11.25	1.00000026976428	0.799999998578119	1.05921536436872e-08	55.4823423804482	1.00000021581143
31.125	11.25	1.00000031813024	0.799999999714668	1.0450056079829e-08	55.3623423516647	1.00000025450419
31.275	11.25	1.00000034129914	0.800000000649256	1.03108532497354e-08	55.2423423194528	1.00000027303931
31.425	11.25	1.00000034533336	0.800000001415718	1.0174502504478e-08	55.1223422859405	1.00000027626669
31.575	11.25	1.00000033524795	0.800000002039852	1.00409703901316e-08	55.0023422527241	1.00000026819836
31.725	11.25	1.00000031517154	0.800000002541917	9.91018494644566e-09	54.8823422209609	1.00000025213723
31.875	11.25	1.00000028847336	0.800000002938661	9.78206667292184e-09	54.7623421914486	1.00000023077869
32.025	11.25	1.00000025786737	0.800000003244328	9.65660657810889e-09	54.6423421646924	1.0000002062939
32.175	11.25	1.00000022550095	0.800000003471326	9.53374477965913e-09	54.5223421409647	1.00000018040076
32.325	11.25	1.00000019303282	0.800000003630917	9.41344899428242e-09	54.4023421203548	1.00000015442625
32.475	11.25	1.00000016170283	0.800000003733308	9.29563287710424e-09	54.2823421028131	1.00000012936227
32.625	11.25	1.00000013239565	0.800000003787814	9.18027828481503e-09	54.1623420881879	1.00000010591652
32.775	11.25	1.00000010569877	0.800000003802877	9.0673555916733e-09	54.0423420762568	1.00000008455902
32.925	11.25	1.00000008195548	0.800000003786238	8.95678561613101e-09	53.9223420667529	1.00000006556439
33.075	11.25	1.0000000613128	0.800000003744721	8.84853420306026e-09	53.8023420593855	1.00000004905024
33.225	11.25	1.00000004376435	0.800000003684484	8.74258958929579e-09	53.6823420538574	1.00000003501148
33.375	11.25	1.00000002918824	0.800000003610754	8.63888783884554e-09	53.5623420498774	1.00000002335059
33.525	11.25	1.00000001737989	0.800000003527991	8.53736443133604e-09	53.44234204717	1.00000001390391
33.675	11.25	1.00000000808003	0.80000000344003	8.4380305885192e-09	53.322342045482	1.00000000646402
33.825	11.25	1.00000000099792	0.800000003349811	8.34082342441238e-09	53.2023420445866	1.00000000079834
33.975	11.25	0.999999995830293	0.800000003259764	8.24571020275775e-09	53.0823420442855	0.999999996664235
34.125	11.25	0.999999992276159	0.800000003171655	8.15264339378297e-09	52.9623420444093	0.999999993820928
34.275	11.25	0.999999990047895	0.800000003086829	8.06160358988314e-09	52.8423420448169	0.999999992038316
34.425	11.25	0.999999988879277	0.800000003006077	7.97255021984635e-09	52.722342045394	0.999999991103421
34.575	11.25	0.999999988530641	0.800000002929914	7.88544694806347e-09	52.6023420460503	0.999999990824513
34.725	11.25	0.999999988791748	0.800000002858483	7.80027079284095e-09	52.4823420467171	0.999999991033398
34.875	11.25	0.999999989482807	0.800000002791741	7.71696526358273e-09	52.3623420473447	0.999999991586246
35.025	11.25	0.999999990454001	0.800000002729363	7.63551941051421e-09	52.2423420478989	0.999999992363201
35.175	11.25	0.999999991583942	0.800000002671122	7.55591832052411e-09	52.1223420483587	0.999999993267153
35.325	11.25	0.999999992777315	0.800000002616509	7.47810578549798e-09	52.0023420487134	0.999999994221852
35.475	11.25	0.999999993962077	0.800000002565037	7.4020645111108e-09	51.8823420489605	0.999999995169661
35.625	11.25	0.999999995086356	0.800000002516207	7.32775581770215e-09	51.7623420491032	0.999999996069084
35.775	11.25	0.999999996115358	0.800000002469573	7.2551619924502e-09	51.642342049149	0.999999996892286
35.925	11.25	0.999999997028282	0.800000002424598	7.18423847130216e-09	51.5223420491082	0.999999997622626
36.075	11.25	0.999999997815447	0.800000002381003	7.11498770700715e-09	51.4023420489922	0.999999998252357
36.225	11.25	0.999999998475744	0.800000002338357	7.04736287970267e-09	51.2823420488133	0.999999998780596
36.375	11.25	0.999999999014285	0.800000002296325	6.981349219538e-09	51.1623420485834	0.999999999211428
36.525	11.25	0.999999999440463	0.800000002254711	6.91691607364919e-09	51.0423420483136	0.999999999552371
36.675	11.25	0.999999999766334	0.800000002213257	6.85404595885271e-09	50.9223420480144	0.999999999813067
36.825	11.25	1.00000000000534	0.800000002171858	6.79271529046191e-09	50.8023420476945	1.00000000000428
36.975	11.25	1.00000000017135	0.800000002130427	6.73289458096841e-09	50.6823420473618	1.00000000013708
37.125	11.25	1.00000000027792	0.800000002088827	6.67457407052723e-09	50.5623420470225	1.00000000022233
37.275	11.25	1.00000000033771	0.800000002046928	6.6177236164286e-09	50.4423420466817	1.00000000027017
37.425	11.25	1.00000000036184	0.800000002004702	6.56231528529816e-09	50.3223420463435	1.00000000028947
37.575	11.25	1.00000000035915	0.800000001962007	6.5083369795538e-09	50.2023420460108	1.00000000028732
37.725	11.25	1.00000000033567	0.800000001919033	6.45577531337097e-09	50.082342045686	1.00000000026854
37.875	11.25	1.00000000029553	0.80000000187627	6.40460850863867e-09	49.9623420453707	1.00000000023643
38.025	11.25	1.00000000024453	0.80000000183488	6.35480233731999e-09	49.8423420450663	1.00000000019563
38.175	11.25	1.00000000019658	0.80000000179548	6.30636680751214e-09	49.7223420447732	1.00000000015727
38.325	11.25	1.00000000017806	0.80000000175649	6.25925577977102e-09	49.6023420444899	1.00000000014245
38.475	11.25	1.00000000021822	0.800000001711835	6.21347948396396e-09	49.4823420442121	1.00000000017457
38.625	11.25	1.00000000031041	0.800000001650871	6.16899007357383e-09	49.3623420439345	1.00000000024832
38.775	11.25	1.00000000034603	0.800000001567106	6.12580995656388e-09	49.2423420436572	1.00000000027682
38.925	11.25	1.00000000007388	0.800000001478408	6.08388230792891e-09	49.1223420433979	1.0000000000591
39.075	11.25	0.999999999212039	0.800000001451094	6.04323012135238e-09	49.0023420431995	0.999999999369631
39.225	11.25	0.999999997861593	0.800000001593903	6.00381612357045e-09	48.8823420431138	0.999999998289274
39.375	11.25	0.999999997187172	0.800000001968245	5.96563646630911e-09	48.7623420431319	0.999999997749738
39.525	11.25	0.999999999800281	0.800000002380608	5.92864609516899e-09	48.6423420430634	0.999999999840225
39.675	11.25	1.00000000854992	0.800000002152363	5.89289078870819e-09	48.522342042456	1.00000000683994
39.825	11.25	1.00000002228112	0.800000000200934	5.85830653683223e-09	48.4023420407761	1.0000000178249
39.975	11.25	1.00000002906866	0.799999995962612	5.82492549079408e-09	48.2823420381178	1.00000002325493
40.125	11.25	1.00000000269436	0.799999991422172	5.7926847030475e-09	48.1623420364061	1.00000000215549
40.275	11.25	0.999999915051609	0.799999993256426	5.76159742984252e-09	48.0423420401738	0.999999932041287
40.425	11.25	0.999999777875218	0.800000011850648	5.73167766548401e-09	47.9223420547393	0.999999822300174
40.575	11.25	0.99999970764996	0.800000052310042	5.70287589632877e-09	47.8023420792665	0.999999766119968
40.725	11.25	0.999999957517785	0.800000095446099	5.67518982417672e-09	47.6823420951774	0.999999966014228
40.875	11.25	1.00000079734943	0.800000078573522	5.648619394013e-09	47.5623420587893	1.00000063787954
41.025	11.25	1.00000212196185	0.799999905978037	5.62315605806266e-09	47.4423419185143	1.00000169756948
41.175	11.25	1.00000285290258	0.79999953176939	5.59878955358326e-09	47.3223416795792	1.00000228232206
41.325	11.25	1.00000065163101	0.799999129439237	5.57552712680913e-09	47.2023415112265	1.00000052130481
41.475	11.25	0.999993003858034	0.799999256918175	5.55335329911678e-09	47.0823418156344	0.999994403086427
41.625	11.25	0.999980706637715	0.800000757447523	5.53227808961173e-09	46.962343077409	0.999984565310172
41.775	11.25	0.999973138463795	0.800004041997245	5.51224424268037e-09	46.8423452927292	0.999978510771036
41.925	11.25	0.999990827520351	0.800007658837844	5.49315003495794e-09	46.7223470222508	0.999992662016281
42.075	11.25	1.00005637953607	0.800006937383507	5.47490662108366e-09	46.6023447562108	1.00004510362885
42.225	11.25	1.00016528886172	0.799994825183633	5.45750338598005e-09	46.482334116071	1.00013223108937
42.375	11.25	1.00024184955432	0.799967675180813	5.44129929122589e-09	46.3623145733995	1.00019347964346
42.525	11.25	1.00011633628702	0.799936551383515	5.42696549543799e-09	46.2422973802785	1.00009306902961
42.675	11.25	0.999594226906447	0.799937861507049	5.41537885390459e-09	46.1223112731888	0.999675381525158
42.825	11.25	0.998683926300631	0.800027373225636	5.40651116836996e-09	46.002393924209	0.998947141040505
42.975	11.25	0.997944673215141	0.800237007534593	5.39793651056803e-09	45.8825557560175	0.998355738572113
43.125	11.25	0.998684258964138	0.800490006099669	5.38401651382409e-09	45.762717561602	0.99894740717131
43.275	11.25	1.00248296174622	0.800522975701808	5.3580127228127e-09	45.6426615311995	1.00198636939698
43.425	11.25	1.00955927623961	0.799934826056964	5.31920406988111e-09	45.5220836285893	1.00764742099169
43.575	11.25	1.01623380739637	0.798479882016971	5.28331749481343e-09	45.4008458518682	1.0129870459171
43.725	11.25	1.01328677102816	0.796573392165408	5.28864553530096e-09	45.2794286955167	1.01062941682253
43.875	11.25	0.988680897773019	0.795833250889396	5.38762820187532e-09	45.159333701034	0.990944718218415
44.025	11.25	0.938367896625007	0.799351007506977	5.61081588253681e-09	45.0428406685512	0.950694317300005
44.175	11.25	0.8846731334151	0.810192428852781	5.87285653869895e-09	44.9313521629245	0.90773850673208
44.325	11.25	0.88912790155515	0.824441952970319	5.84770588979564e-09	44.8222078088915	0.91130232124412
44.475	11.25	1.03257195138974	0.82648982910902	5.19212651697737e-09	44.7059574032826	1.02605756111179
44.625	11.25	1.34924434202648	0.808622132971139	4.16251697460515e-09	44.5677999673897	1.27939547362118
44.775	11.25	1.76408811829484	0.709537047473733	3.30385969404033e-09	44.3955931542446	1.61127049463587
44.925	11.25	2.11154506640815	0.834636814095437	2.81699737897318e-09	44.224823134556	1.88923605312652
0.075	11.75	3.47473578327845e-16	0.399999986414062	-6.85872145138336e-07	65.389532737305	0.2
0.225	11.75	1.09796510052643e-15	0.799999959288694	-6.84450944124468e-07	65.3655327381201	0.200000000000001
0.375	11.75	2.54818963650801e-15	0.799999932300938	-6.81616051507939e-07	65.3415327397477	0.200000000000002
0.525	11.75	4.61626654436803e-15	0.799999905540539	-6.77381665739866e-07	65.3175327421821	0.200000000000004
0.675	11.75	7.14881811814415e-15	0.799999879098046	-6.71769740121092e-07	65.2935327454152	0.200000000000006
0.825	11.75	9.93588588547195e-15	0.799999853059288	-6.64808590805268e-07	65.2695327494362	0.200000000000008
0.975	11.75	1.27379723397527e-14	0.799999827507971	-6.56533531499609e-07	65.2455327542317	0.20000000000001
1.125	11.75	1.52997095640364e-14	0.799999802524268	-6.46986042134836e-07	65.2215327597857	0.200000000000012
1.275	11.75	1.73403407233849e-14	0.799999778186079	-6.36213208158929e-07	65.1975327660802	0.200000000000014
1.425	11.75	1.85241258435223e-14	0.799999754563781	-6.24267922885097e-07	65.1735327730946	0.200000000000015
1.575	11.75	1.84215041002881e-14	0.799999731725433	-6.11207856588822e-07	65.1495327808064	0.200000000000015
1.725	11.75	1.6473864627199e-14	0.799999709732798	-5.97095260868423e-07	65.1255327891911	0.200000000000013
1.875	11.75	1.19727128304757e-14	0.799999688642942	-5.81996193966686e-07	65.1015327982224	0.20000000000001
2.025	11.75	4.06045567279884e-15	0.799999668505323	-5.65980114822177e-07	65.0775328078725	0.200000000000003
2.175	11.75	-8.24294601766532e-15	0.799999649366201	-5.49119143245176e-07	65.053532818112	0.199999999999993
2.325	11.75	-2.59845489620025e-14	0.799999631263519	-5.31487738438786e-07	65.0295328289105	0.199999999999979
2.475	11.75	-5.01911488486557e-14	0.799999614229477	-5.13161603849797e-07	65.0055328402363	0.19999999999996
2.625	11.75	-8.17460981100887e-14	0.799999598291109	-4.94218096715912e-07	64.9815328520568	0.199999999999935
2.775	11.75	-1.21225341520271e-13	0.799999583468307	-4.74734294589592e-07	64.9575328643388	0.199999999999903
2.925	11.75	-1.6868781466844e-13	0.79999956977628	-4.54787620471057e-07	64.9335328770487	0.199999999999865
3.075	11.75	-2.23416792337723e-13	0.799999557222093	-4.34455006077301e-07	64.9095328901523	0.199999999999821
3.225	11.75	-2.83611830988473e-13	0.799999545809687	-4.13811960695209e-07	64.8855329036154	0.199999999999773
3.375	11.75	-3.46035855413379e-13	0.79999953553623	-3.92932503907104e-07	64.8615329174037	0.199999999999723
3.525	11.75	-4.05628699830151e-13	0.799999526393632	-3.71889182641401e-07	64.8375329314833	0.199999999999676
3.675	11.75	-4.551072081181e-13	0.79999951836941	-3.50751606118013e-07	64.8135329458202	0.199999999999636
3.825	11.75	-4.84582759460103e-13	0.799999511446926	-3.2958719312834e-07	64.7895329603812	0.199999999999612
3.975	11.75	-4.81239879251594e-13	0.799999505604284	-3.08459952805705e-07	64.7655329751335	0.199999999999615
4.125	11.75	-4.29134079031259e-13	0.799999500816436	-2.87431328116509e-07	64.741532990045	0.199999999999657
4.275	11.75	-3.09182917109864e-13	0.799999497055032	-2.66559040123149e-07	64.7175330050846	0.199999999999753
4.425	11.75	-9.94405596118434e-14	0.799999494288813	-2.45897233803432e-07	64.6935330202218	0.19999999999992
4.575	11.75	2.24238168526626e-13	0.799999492482695	-2.25496383484835e-07	64.6695330354273	0.200000000000179
4.725	11.75	6.87024910192188e-13	0.799999491599702	-2.05403428964298e-07	64.6455330506728	0.20000000000055
4.875	11.75	1.31330772252223e-12	0.799999491602161	-1.8566118786854e-07	64.6215330659311	0.200000000001051
5.025	11.75	2.12411361688639e-12	0.799999492448929	-1.66309019648088e-07	64.5975330811764	0.200000000001699
5.175	11.75	3.13364172983547e-12	0.799999494098282	-1.47382134248621e-07	64.5735330963838	0.200000000002507
5.325	11.75	4.34480741987748e-12	0.799999496508696	-1.28912364174293e-07	64.5495331115299	0.200000000003476
5.475	11.75	5.74373762707182e-12	0.799999499634733	-1.10927177467215e-07	64.5255331265925	0.200000000004595
5.625	11.75	7.29322011590004e-12	0.799999503434968	-9.34513109823906e-08	64.5015331415507	0.200000000005835
5.775	11.75	8.92519763955601e-12	0.799999507864524	-7.65053639761349e-08	64.477533156385	0.20000000000714
5.925	11.75	1.05325166305732e-11	0.799999512879996	-6.01068537739921e-08	64.4535331710771	0.200000000008426
6.075	11.75	1.19602913139016e-11	0.799999518438283	-4.42700605707816e-08	64.4295331856102	0.200000000009568
6.225	11.75	1.29974299104259e-11	0.799999524495613	-2.90060255059196e-08	64.4055331999685	0.200000000010398
6.375	11.75	1.33690888677686e-11	0.799999531011583	-1.43233528528067e-08	64.3815332141379	0.200000000010695
6.525	11.75	1.2731070686023e-11	0.799999537944777	-2.27049157984474e-10	64.3575332281053	0.200000000010185
6.675	11.75	1.0667453370474e-11	0.799999545254768	1.32795050662279e-08	64.3335332418588	0.200000000008534
6.825	11.75	6.69302358825419e-12	0.799999552903107	2.61959875351517e-08	64.3095332553879	0.200000000005354
6.975	11.75	2.62363831080662e-13	0.799999560852495	3.85235847733048e-08	64.2855332686833	0.20000000000021
7.125	11.75	-9.21230628968289e-12	0.799999569067345	5.02663111912238e-08	64.2615332817367	0.19999999999263
7.275	11.75	-2.2332243157361e-11	0.799999577512438	6.14295142817049e-08	64.2375332945411	0.199999999982134
7.425	11.75	-3.96698583776851e-11	0.799999586155222	7.20201557029712e-08	64.2135333070903	0.199999999968264
7.575	11.75	-6.17106172103815e-11	0.799999594964217	8.2047092029652e-08	64.1895333193794	0.199999999950632
7.725	11.75	-8.87770377000321e-11	0.799999603909675	9.15203364702955e-08	64.1655333314043	0.199999999928978
7.875	11.75	-1.20933142054523e-10	0.799999612962908	1.00450903268936e-07	64.1415333431618	0.199999999903253
8.025	11.75	-1.57868479795536e-10	0.799999622097851	1.08851297754233e-07	64.1175333546497	0.199999999873705
8.175	11.75	-1.98761965188021e-10	0.799999631290292	1.16734479658438e-07	64.0935333658663	0.19999999984099
8.325	11.75	-2.42127301262713e-10	0.799999640515045	1.2411442735216e-07	64.0695333768105	0.199999999806298
8.475	11.75	-2.85643743040938e-10	0.799999649751819	1.31005623646496e-07	64.0455333874818	0.199999999771485
8.625	11.75	-3.25978410854549e-10	0.799999658979902	1.37423277621012e-07	64.0215333978802	0.199999999739217
8.775	11.75	-3.58609307212958e-10	0.799999668180505	1.43382809470665e-07	63.9975334080056	0.199999999713113
8.925	11.75	-3.77661593124896e-10	0.799999677336065	1.48900101149981e-07	63.9735334178582	0.199999999697871
9.075	11.75	-3.75773480369861e-10	0.799999686431069	1.53991183903519e-07	63.949533427438	0.199999999699381
9.225	11.75	-3.44012186157626e-10	0.799999695450319	1.58672052977786e-07	63.9255334367445	0.19999999972479
9.375	11.75	-2.71864613051113e-10	0.799999704380577	1.62959212369989e-07	63.901533445777	0.199999999782508
9.525	11.75	-1.47331535455349e-10	0.799999713209411	1.66868685694253e-07	63.8775334545339	0.199999999882135
9.675	11.75	4.28421969325148e-11	0.799999721925478	1.70416766319931e-07	63.8535334630127	0.200000000034274
9.825	11.75	3.12765949001639e-10	0.799999730518752	1.73619144013403e-07	63.8295334712101	0.200000000250213
9.975	11.75	6.76792793892834e-10	0.799999738979683	1.76492077851229e-07	63.8055334791215	0.200000000541434
10.125	11.75	1.14866279277923e-09	0.799999747298944	1.79050904249974e-07	63.7815334867414	0.20000000091893
10.275	11.75	1.74036473287324e-09	0.799999755469733	1.81310968264807e-07	63.757533494063	0.200000001392292
10.425	11.75	2.46068588415985e-09	0.799999763483955	1.8328704899635e-07	63.7335335010791	0.200000001968549
10.575	11.75	3.31342761705186e-09	0.799999771334832	1.8499416853293e-07	63.7095335077816	0.200000002650742
10.725	11.75	4.29527697211023e-09	0.799999779016575	1.86446473452559e-07	63.6855335141628	0.200000003436222
10.875	11.75	5.39334100818196e-09	0.799999786523183	1.87657844599808e-07	63.6615335202159	0.200000004314673
11.025	11.75	6.5823723910401e-09	0.799999793849573	1.88641797854197e-07	63.6375335259359	0.200000005265898
11.175	11.75	7.82174148394076e-09	0.799999800991049	1.8941151874926e-07	63.6135335313211	0.200000006257393
11.325	11.75	9.05224221595395e-09	0.799999807943046	1.89979599836822e-07	63.5895335363746	0.200000007241794
11.475	11.75	1.0192856021061e-08	0.799999814702798	1.90358312601802e-07	63.5655335411065	0.200000008154285
11.625	11.75	1.11376396240102e-08	0.799999821266716	1.90559490912768e-07	63.5415335455355	0.200000008910112
11.775	11.75	1.17529474908726e-08	0.799999827633705	1.90594523646202e-07	63.517533549692	0.200000009402358
11.925	11.75	1.18752470429326e-08	0.799999833802625	1.90474382028903e-07	63.4935335536209	0.200000009500198
12.075	11.75	1.13098324997298e-08	0.799999839774351	1.90209433882102e-07	63.4695335573838	0.200000009047866
12.225	11.75	9.8307892849643e-09	0.799999845551619	1.89809860460493e-07	63.4455335610629	0.200000007864631
12.375	11.75	7.18260271422263e-09	0.799999851138064	1.89285237588327e-07	63.4215335647632	0.200000005746082
12.525	11.75	3.08383927689488e-09	0.799999856541109	1.88644856259562e-07	63.3975335686156	0.200000002467071
12.675	11.75	-2.7666468832471e-09	0.799999861769669	1.87897634546299e-07	63.3735335727787	0.199999997786683
12.825	11.75	-1.06805188208817e-08	0.799999866836206	1.8705176846615e-07	63.3495335774406	0.199999991455585
12.975	11.75	-2.09673149603492e-08	0.799999871755796	1.86115459444179e-07	63.3255335828192	0.199999983226148
13.125	11.75	-3.39179266501693e-08	0.799999876548455	1.85096181595508e-07	63.3015335891609	0.199999972865659
13.275	11.75	-4.97838051654001e-08	0.799999881237084	1.84001395911758e-07	63.2775335967385	0.199999960172956
13.425	11.75	-6.87515718668081e-08	0.799999885848019	1.82837870505214e-07	63.2535336058452	0.199999944998742
13.575	11.75	-9.09127859774417e-08	0.799999890413123	1.81612140788639e-07	63.2295336167879	0.199999927269771
13.725	11.75	-1.16228716649405e-07	0.799999894967328	1.80330484566716e-07	63.2055336298757	0.199999907017027
13.875	11.75	-1.44490059847987e-07	0.799999899550444	1.78998669852026e-07	63.1815336454058	0.199999884407952
14.025	11.75	-1.75271620795347e-07	0.799999904205336	1.77622493648251e-07	63.1575336636447	0.199999859782703
14.175	11.75	-2.07882026913746e-07	0.799999908979909	1.76207007923909e-07	63.1335336848056	0.199999833694378
14.325	11.75	-2.41308512894887e-07	0.799999913925714	1.74757279633549e-07	63.1095337090193	0.19999980695319
14.475	11.75	-2.74156685488067e-07	0.799999919098041	1.73278099937578e-07	63.0855337363013	0.199999780674652
14.625	11.75	-3.04584872607815e-07	0.799999924558315	1.71773717168497e-07	63.0615337665115	0.199999756332102
14.775	11.75	-3.30232111786165e-07	0.799999930373914	1.70248274667988e-07	63.0375337993081	0.199999735814311
14.925	11.75	-3.48137934109171e-07	0.799999936621485	1.68705869790333e-07	63.0135338340936	0.199999721489653
15.075	11.75	-3.54650716141953e-07	0.799999943391227	1.67149996111253e-07	62.9895338699532	0.199999716279427
15.225	11.75	-3.45319325722194e-07	0.799999950792847	1.65584401944977e-07	62.9655339055831	0.199999723744539
15.375	11.75	-3.14759843413724e-07	0.799999958966185	1.64012069433769e-07	62.941533939207	0.199999748192125
15.525	11.75	-2.56484991187742e-07	0.799999968095422	1.62436170731525e-07	62.917533968479	0.199999794812007
15.675	11.75	-1.62678136318388e-07	0.799999978429682	1.60859436280011e-07	62.8935339903664	0.199999869857491
15.825	11.75	-2.38858221441868e-08	0.799999990312574	1.59284669499538e-07	62.8695340010074	0.199999980891342
15.975	11.75	1.71408010336357e-07	0.800000004223928	1.5771434588713e-07	62.8455339955337	0.200000137126408
16.125	11.75	4.37377568225193e-07	0.800000020836001	1.56150725876982e-07	62.8215339678436	0.200000349902055
16.275	11.75	7.9169173033707e-07	0.800000041092047	1.54596023695506e-07	62.797533910307	0.200000633353384
16.425	11.75	1.25668938262017e-06	0.800000066313341	1.53052236848818e-07	62.7735338133733	0.200001005351506
16.575	11.75	1.86102721853126e-06	0.800000098343931	1.51521265956935e-07	62.7495336650439	0.200001488821775
16.725	11.75	2.64198175094402e-06	0.800000139749347	1.50004838537955e-07	62.7255334501554	0.200002113585401
16.875	11.75	3.64865171578511e-06	0.800000194079738	1.48504503661367e-07	62.7015331493983	0.200002918921373
17.025	11.75	4.94639324842605e-06	0.800000266229978	1.47021770051175e-07	62.6775327379693	0.200003957114599
17.175	11.75	6.62293561074028e-06	0.800000362921133	1.45558020330405e-07	62.6535321837167	0.200005298348489
17.325	11.75	8.79678029604392e-06	0.800000493350948	1.441144561854e-07	62.6295314445898	0.200007037424237
17.475	11.75	1.16286959005685e-05	0.800000670068849	1.42692164426613e-07	62.6055304651328	0.20000930295672
17.625	11.75	1.53374058378326e-05	0.800000910164727	1.41292264251564e-07	62.5815291716742	0.20001226992467
17.775	11.75	2.02209527571148e-05	0.800001236869548	1.39915494500581e-07	62.5575274657376	0.200016176762206
17.925	11.75	2.66857450208577e-05	0.800001681712191	1.38562566060338e-07	62.5335252150331	0.200021348596017
18.075	11.75	3.52859838941179e-05	0.80000228739924	1.37234256727409e-07	62.5095222411611	0.200028228787115
18.225	11.75	4.67770791695609e-05	0.800003111643595	1.35930730674096e-07	62.4855183028608	0.200037421663336
18.375	11.75	6.21878500572277e-05	0.800004232248482	1.34652364769471e-07	62.4615130732283	0.200049750280046
18.525	11.75	8.29178936144249e-05	0.800005753939123	1.33399005384745e-07	62.4375061087955	0.200066334314892
18.675	11.75	0.000110868700344355	0.800007817689689	1.32170408796146e-07	62.4134968076419	0.200088694960275
18.825	11.75	0.000148620256932226	0.800010613662565	1.3096588583239e-07	62.3894843527357	0.200118896205546
18.975	11.75	0.000199669456374075	0.80001439917931	1.29784201815487e-07	62.3654676353542	0.200159735565099
19.125	11.75	0.000268753044431395	0.800019523169526	1.28623517908116e-07	62.3414451515593	0.200215002435545
19.275	11.75	0.000362286157076665	0.800026458137119	1.27481417388129e-07	62.3174148621203	0.200289828925661
19.425	11.75	0.000488957302902224	0.80003583996291	1.26353902721607e-07	62.2933740028284	0.200391165842322
19.575	11.75	0.000660531185112621	0.800048515799647	1.25236218600617e-07	62.2693188277145	0.20052842494809
19.725	11.75	0.000892922201470261	0.800065602583697	1.24121237376958e-07	62.2452442622018	0.200714337761176
19.875	11.75	0.00120761711369679	0.800088565133682	1.22999454501032e-07	62.2211434364381	0.200966093690957
20.025	11.75	0.00163355410129855	0.800119333219208	1.21858317940017e-07	62.1970070601393	0.201306843281039
20.175	11.75	0.00220962176630309	0.800160486425062	1.20681201447433e-07	62.1728225872726	0.201767697413042
20.325	11.75	0.00298804032912401	0.800215532383811	1.19445974098037e-07	62.1485730984672	0.202390432263299
20.475	11.75	0.00403902960457407	0.800289271709012	1.18123729615475e-07	62.1242357970217	0.203231223683659
20.625	11.75	0.00545732365439707	0.800388169614516	1.16676849640395e-07	62.0997799680701	0.204365858923518
20.775	11.75	0.00737118395000873	0.800520546043097	1.15056423922322e-07	62.075164192295	0.205896947160007
20.925	11.75	0.00995447739808037	0.800696289917773	1.13200291042082e-07	62.0503325470994	0.207963581918464
21.075	11.75	0.0134420119363483	0.800925762621605	1.11030426071201e-07	62.025209491751	0.210753609549079
21.225	11.75	0.0181476174844361	0.801217643989001	1.08454481373518e-07	61.9996931484634	0.214518093987549
21.375	11.75	0.0244834933486994	0.801575710489364	1.0536929096016e-07	61.9736467871937	0.21958679467896
21.525	11.75	0.0329782626799561	0.801994874185471	1.01672174502734e-07	61.9468885161757	0.226382610143965
21.675	11.75	0.0442900717970282	0.802457176839302	9.72792579574115e-08	61.9191794793116	0.235432057437623
21.825	11.75	0.0592098313025333	0.802928789191707	9.21503481511036e-08	61.890211272931	0.247367865042027
21.975	11.75	0.0786480157805544	0.803359402810439	8.63143261036432e-08	61.8595938452027	0.262918412624444
22.125	11.75	0.103596189486337	0.803685586234729	7.98857633054229e-08	61.8268458792449	0.28287695158907
22.275	11.75	0.135052301440885	0.80383933167088	7.30644015782492e-08	61.7913906066016	0.308041841152708
22.425	11.75	0.173898991859802	0.803761748044621	6.61110422556369e-08	61.7525610349292	0.339119193487841
22.575	11.75	0.220730582796591	0.803419699875421	5.93068369131105e-08	61.7096192958756	0.376584466237273
22.725	11.75	0.275641524224025	0.802820796930084	5.29066867225886e-08	61.6617944212766	0.42051321937922
22.875	11.75	0.338017853344878	0.802020585221663	4.71032109268789e-08	61.6083402685052	0.470414282675902
23.025	11.75	0.406404720080307	0.801116458197002	4.20095011587668e-08	61.5486098397901	0.525123776064245
23.175	11.75	0.478534568743184	0.800226936376396	3.76612200406484e-08	61.4821346786265	0.582827654994547
23.325	11.75	0.551566083142311	0.799461978967394	3.40317643395487e-08	61.4086915231525	0.641252866513849
23.475	11.75	0.622501304421011	0.798895937727726	3.10535527677014e-08	61.3283374929219	0.698001043536809
23.625	11.75	0.688659254592865	0.798554417965062	2.86379441021433e-08	61.2414024636892	0.750927403674292
23.775	11.75	0.748051807240864	0.798418751638705	2.66909687103022e-08	61.1484405741894	0.798441445792691
23.925	11.75	0.799557778580288	0.798442576788009	2.512359072672e-08	61.0501552769673	0.83964622286423
24.075	11.75	0.842886468224675	0.798570857612005	2.38573580059792e-08	60.9473177860572	0.87430917457974
24.225	11.75	0.878398154254102	0.798753969289675	2.28262857429987e-08	60.8406959287586	0.902718523403281
24.375	11.75	0.906872098995965	0.798954500129343	2.19768491259219e-08	60.7310027849412	0.925497679196772
24.525	11.75	0.929292197018221	0.799148203590102	2.12665298594584e-08	60.6188667680625	0.943433757614577
24.675	11.75	0.946685093189991	0.799321779984075	2.0662323533659e-08	60.5048197671601	0.957348074551993
24.825	11.75	0.960016773956364	0.799469699467943	2.01387393089688e-08	60.3892980179579	0.968013419165091
24.975	11.75	0.970138072556062	0.799591300192595	1.96764900681332e-08	60.2726505479698	0.97611045804485
25.125	11.75	0.977764768839493	0.799688604327836	1.92609396052015e-08	60.155151188874	0.982211815071594
25.275	11.75	0.983479106989415	0.799764859252215	1.88811733993646e-08	60.0370114693051	0.986783285591532
25.425	11.75	0.987742790898031	0.799823647999332	1.85290131110274e-08	59.91839281022	0.990194232718425
25.575	11.75	0.990914817710011	0.799868393948436	1.81984176442117e-08	59.7994172402729	0.992731854168009
25.725	11.75	0.993270126673702	0.799902118872759	1.78849515016169e-08	59.6801763600755	0.994616101338962
25.875	11.75	0.995016874717686	0.799927355280806	1.75853265693176e-08	59.5607385821951	0.996013499774148
26.025	11.75	0.996311339897008	0.799946147553542	1.72971152203043e-08	59.441154826666	0.997049071917606
26.175	11.75	0.99727017607579	0.799960099694867	1.70185451551563e-08	59.3214629129944	0.997816140860632
26.325	11.75	0.997980145907129	0.799970443015109	1.67482791440057e-08	59.20169089681	0.998384116725704
26.475	11.75	0.998505654679226	0.799978107470944	1.64853596171686e-08	59.0818595777475	0.998804523743381
26.625	11.75	0.998894473337385	0.799983787514563	1.6229020873497e-08	58.9619843710187	0.999115578669908
26.775	11.75	0.999182029793238	0.799987998157914	1.5978747831585e-08	58.8420766983107	0.99934562383459
26.925	11.75	0.999394600858994	0.799991120108255	1.57340517899633e-08	58.7221450194949	0.999515680687195
27.075	11.75	0.999551676922951	0.799993434664317	1.5494668475957e-08	58.6021955976231	0.999641341538361
27.225	11.75	0.99966771198157	0.799995149937838	1.5260284321437e-08	58.48223306642	0.999734169585256
27.375	11.75	0.999753419904361	0.799996420200931	1.5030725114225e-08	58.3622608515545	0.999802735923489
27.525	11.75	0.999816736204122	0.799997360031212	1.48057930102234e-08	58.2422814835262	0.999853388963298
27.675	11.75	0.99986353281421	0.799998054635094	1.45853175058498e-08	58.1222968300778	0.999890826251368
27.825	11.75	0.999898149898519	0.799998567408607	1.43692353449012e-08	58.0023082687716	0.999918519918815
27.975	11.75	0.999923791676956	0.799998945509163	1.41573627904797e-08	57.8823168150397	0.999939033341565
28.125	11.75	0.999942820940022	0.799999223987471	1.39496782762341e-08	57.7623232170976	0.999954256752017
28.275	11.75	0.999956977996284	0.799999428867402	1.37460104678851e-08	57.6423280262123	0.999965582397027
28.425	11.75	0.999967543255373	0.799999579447189	1.35463273289131e-08	57.5223316486562	0.999974034604298
28.575	11.75	0.99997545780568	0.799999690020261	1.3350525431111e-08	57.4023343840698	0.999980366244544
28.725	11.75	0.999981412728686	0.799999771160903	1.3158530772114e-08	57.2823364537496	0.999985130182949
28.875	11.75	0.999985915176713	0.799999830682686	1.297026976339e-08	57.1623380214766	0.99998873214137
29.025	11.75	0.999989337201522	0.799999874352021	1.27856813920731e-08	57.0423392088303	0.999991469761218
29.175	11.75	0.999991951790748	0.79999990641838	1.26046959079819e-08	56.922340106428	0.999993561432598
29.325	11.75	0.999993959424882	0.799999930007912	1.24272553766615e-08	56.8023407821607	0.999995167539906
29.475	11.75	0.999995507614375	0.799999947415619	1.22532611369179e-08	56.6823412872159	0.9999964060915
29.625	11.75	0.999996705242133	0.799999960321899	1.20826771871876e-08	56.562341660474	0.999997364193706
29.775	11.75	0.999997633065847	0.79999996995363	1.19154309153393e-08	56.4423419317128	0.999998106452677
29.925	11.75	0.99999835138527	0.799999977203435	1.17514899481376e-08	56.3223421239393	0.999998681108216
30.075	11.75	0.999998905620649	0.799999982718283	1.15907499676335e-08	56.2023422550858	0.99999912449652
30.225	11.75	0.999999330355702	0.799999986965163	1.14331897733585e-08	56.0823423392446	0.999999464284562
30.375	11.75	0.999999652255979	0.799999990279702	1.12787240353317e-08	55.9623423875679	0.999999721804783
30.525	11.75	0.999999892166599	0.799999992902315	1.11273218667602e-08	55.8423424089275	0.999999913733279
30.675	11.75	1.00000006661443	0.799999995004676	1.09789021779351e-08	55.7223424104012	1.00000005329155
30.825	11.75	1.00000018888044	0.799999996709125	1.08334595590782e-08	55.6023423976361	1.00000015110435
30.975	11.75	1.00000026976429	0.799999998103051	1.0690866729354e-08	55.4823423751235	1.00000021581143
31.125	11.75	1.00000031813023	0.799999999249228	1.05511451841676e-08	55.3623423464105	1.00000025450419
31.275	11.75	1.00000034129913	0.800000000193198	1.04142086063415e-08	55.2423423142677	1.0000002730393
31.425	11.75	1.00000034533335	0.800000000968935	1.02800009631656e-08	55.1223422808231	1.00000027626668
31.575	11.75	1.00000033524795	0.800000001602125	1.01484768476857e-08	55.002342247673	1.00000026819836
31.725	11.75	1.00000031517155	0.800000002113083	1.00195975415176e-08	54.8823422159748	1.00000025213724
31.875	11.75	1.00000028847336	0.80000000251861	9.89334947653105e-09	54.7623421865261	1.00000023077869
32.025	11.75	1.00000025786736	0.800000002832841	9.7696135947921e-09	54.6423421598323	1.00000020629389
32.175	11.75	1.00000022550095	0.800000003068318	9.6484048845621e-09	54.5223421361657	1.00000018040076
32.325	11.75	1.00000019303281	0.800000003236179	9.52966589772422e-09	54.4023421156157	1.00000015442625
32.475	11.75	1.00000016170283	0.800000003346701	9.41332756580839e-09	54.2823420981325	1.00000012936226
32.625	11.75	1.00000013239565	0.800000003409227	9.29937310971609e-09	54.1623420835647	1.00000010591652
32.775	11.75	1.00000010569876	0.800000003432128	9.1877626080945e-09	54.0423420716898	1.00000008455901
32.925	11.75	1.00000008195548	0.800000003423205	9.07844535116392e-09	53.9223420622409	1.00000006556438
33.075	11.75	1.00000006131279	0.800000003389275	8.97138366028405e-09	53.8023420549274	1.00000004905023
33.225	11.75	1.00000004376434	0.800000003336496	8.86654900746929e-09	53.682342049452	1.00000003501147
33.375	11.75	1.00000002918823	0.800000003270105	8.76387635099763e-09	53.5623420455237	1.00000002335059
33.525	11.75	1.00000001737988	0.800000003194527	8.66337212933259e-09	53.4423420428668	1.00000001390391
33.675	11.75	1.00000000808001	0.800000003113605	8.56497250007106e-09	53.3223420412284	1.00000000646401
33.825	11.75	1.0000000009979	0.800000003030391	8.468637469467e-09	53.2023420403814	1.00000000079832
33.975	11.75	0.999999995830287	0.800000002947139	8.37435109648129e-09	53.0823420401276	0.99999999666423
34.125	11.75	0.999999992276156	0.800000002865763	8.28206245288264e-09	52.9623420402978	0.999999993820924
34.275	11.75	0.999999990047893	0.800000002787564	8.19174638654277e-09	52.8423420407509	0.999999992038314
34.425	11.75	0.999999988879278	0.800000002713297	8.10337677162427e-09	52.7223420413724	0.999999991103422
34.575	11.75	0.999999988530637	0.800000002643515	8.01691547970849e-09	52.6023420420721	0.99999999082451
34.725	11.75	0.999999988791742	0.800000002578364	7.93232921139359e-09	52.4823420427814	0.999999991033394
34.875	11.75	0.999999989482806	0.800000002517776	7.84959346280481e-09	52.3623420434505	0.999999991586245
35.025	11.75	0.999999990454009	0.800000002461517	7.76867815832818e-09	52.2423420440454	0.999999992363207
35.175	11.75	0.999999991583947	0.800000002409295	7.68954663494602e-09	52.1223420445449	0.999999993267157
35.325	11.75	0.999999992777326	0.800000002360521	7.61218095719206e-09	52.0023420449384	0.999999994221861
35.475	11.75	0.999999993962074	0.800000002314819	7.53654591390113e-09	51.8823420452235	0.999999995169659
35.625	11.75	0.999999995086354	0.800000002271744	7.46261706598419e-09	51.7623420454033	0.999999996069084
35.775	11.75	0.999999996115361	0.800000002230718	7.3903807369996e-09	51.6423420454853	0.999999996892289
35.925	11.75	0.999999997028279	0.800000002191297	7.31978984889011e-09	51.5223420454799	0.999999997622623
36.075	11.75	0.99999999781546	0.800000002153117	7.25084790067097e-09	51.4023420453985	0.999999998252368
36.225	11.75	0.999999998475751	0.800000002115819	7.18348928691549e-09	51.2823420452534	0.999999998780601
36.375	11.75	0.99999999901428	0.800000002079131	7.11773508463468e-09	51.1623420450564	0.999999999211424
36.525	11.75	0.999999999440458	0.800000002042683	7.05354718175322e-09	51.0423420448189	0.999999999552366
36.675	11.75	0.99999999976633	0.800000002006364	6.99088542860504e-09	50.922342044551	0.999999999813064
36.825	11.75	1.00000000000535	0.80000000197007	6.9297298959778e-09	50.8023420442618	1.00000000000428
36.975	11.75	1.00000000017136	0.800000001933579	6.8700824535801e-09	50.682342043959	1.00000000013709
37.125	11.75	1.00000000027793	0.800000001896906	6.81191435567588e-09	50.5623420436488	1.00000000022235
37.275	11.75	1.00000000033771	0.800000001859875	6.75519577083944e-09	50.4423420433365	1.00000000027017
37.425	11.75	1.00000000036185	0.800000001822422	6.69992099540622e-09	50.322342043026	1.00000000028948
37.575	11.75	1.00000000035915	0.800000001784413	6.64604551806531e-09	50.2023420427203	1.00000000028732
37.725	11.75	1.00000000033567	0.800000001746105	6.59358281303102e-09	50.0823420424217	1.00000000026854
37.875	11.75	1.00000000029554	0.800000001707961	6.54247784295781e-09	49.962342042132	1.00000000023643
38.025	11.75	1.00000000024454	0.800000001671074	6.49276073256327e-09	49.8423420418526	1.00000000019563
38.175	11.75	1.00000000019658	0.800000001636157	6.44437886446916e-09	49.7223420415837	1.00000000015727
38.325	11.75	1.00000000017807	0.800000001601625	6.3973222707675e-09	49.602342041324	1.00000000014245
38.475	11.75	1.00000000021822	0.80000000156131	6.35157973633135e-09	49.482342041069	1.00000000017458
38.625	11.75	1.00000000031041	0.800000001504654	6.30714166128597e-09	49.3623420408137	1.00000000024833
38.775	11.75	1.00000000034603	0.800000001425159	6.26396185203729e-09	49.242342040558	1.00000000027682
38.925	11.75	1.00000000007388	0.800000001340673	6.22206674421292e-09	49.1223420403197	1.0000000000591
39.075	11.75	0.999999999212039	0.800000001317503	6.1814231720266e-09	49.0023420401416	0.999999999369631
39.225	11.75	0.999999997861593	0.800000001464421	6.14200299293587e-09	48.8823420400757	0.999999998289274
39.375	11.75	0.999999997187173	0.800000001842896	6.10380687420358e-09	48.7623420401129	0.999999997749738
39.525	11.75	0.999999999800283	0.800000002259241	6.06684755344902e-09	48.6423420400629	0.999999999840227
39.675	11.75	1.00000000854991	0.800000002034987	6.03106705001292e-09	48.5223420394734	1.00000000683993
39.825	11.75	1.00000002228112	0.800000000087519	5.99647358132775e-09	48.4023420378108	1.00000001782489
39.975	11.75	1.00000002906866	0.799999995853077	5.9630450047048e-09	48.2823420351692	1.00000002325493
40.125	11.75	1.00000000269437	0.799999991316522	5.93079295106995e-09	48.1623420334737	1.0000000021555
40.275	11.75	0.999999915051619	0.799999993154575	5.89970805931049e-09	48.0423420372569	0.999999932041295
40.425	11.75	0.999999777875221	0.800000011752606	5.86974399710255e-09	47.9223420518374	0.999999822300177
40.575	11.75	0.99999970764996	0.800000052215811	5.84091964486976e-09	47.802342076379	0.999999766119968
40.725	11.75	0.999999957517786	0.800000095355549	5.81322104582689e-09	47.6823420923038	0.999999966014229
40.875	11.75	1.00000079734944	0.800000078486664	5.78662375780727e-09	47.5623420559289	1.00000063787955
41.025	11.75	1.00000212196186	0.799999905894911	5.76112778529386e-09	47.4423419156667	1.00000169756948
41.175	11.75	1.00000285290258	0.799999531689838	5.7367277688207e-09	47.3223416767438	1.00000228232206
41.325	11.75	1.00000065163102	0.799999129363326	5.71342390052655e-09	47.2023415084028	1.00000052130482
41.475	11.75	0.999993003858042	0.79999925684583	5.69122688851509e-09	47.0823418128218	0.999994403086433
41.625	11.75	0.999980706637716	0.800000757378743	5.67012647151132e-09	46.962343074607	0.999984565310173
41.775	11.75	0.999973138463797	0.800004041931995	5.65006820166815e-09	46.8423452899372	0.999978510771037
41.925	11.75	0.999990827520373	0.800007658776105	5.63095728855414e-09	46.7223470194684	0.999992662016298
42.075	11.75	1.00005637953608	0.800006937325263	5.61267603167546e-09	46.6023447534373	1.00004510362887
42.225	11.75	1.00016528886172	0.799994825128902	5.5952622631382e-09	46.482334113306	1.00013223108937
42.375	11.75	1.00024184955428	0.79996767512948	5.57900460495124e-09	46.3623145706425	1.00019347964343
42.525	11.75	1.00011633628694	0.799936551335643	5.56468140927121e-09	46.242297377529	1.00009306902955
42.675	11.75	0.999594226906368	0.799937861462619	5.55314715787849e-09	46.1223112704462	0.999675381525094
42.825	11.75	0.998683926300638	0.800027373184591	5.54437214310407e-09	46.0023939214727	0.99894714104051
42.975	11.75	0.99794467321536	0.800237007496902	5.53586488866773e-09	45.8825557532871	0.998355738572288
43.125	11.75	0.998684258964545	0.800490006065336	5.52187486910736e-09	45.762717558877	0.998947407171636
43.275	11.75	1.00248296174659	0.800522975670797	5.49543999721997e-09	45.6426615284794	1.00198636939727
43.425	11.75	1.00955927623954	0.799934826029333	5.45585979220238e-09	45.5220836258735	1.00764742099163
43.575	11.75	1.01623380739554	0.798479881992767	5.41927051350894e-09	45.4008458491564	1.01298704591643
43.725	11.75	1.01328677102682	0.796573392144678	5.42490776114781e-09	45.2794286928084	1.01062941682145
43.875	11.75	0.988680897772187	0.79583325087195	5.52661913760623e-09	45.1593336983288	0.99094471821775
44.025	11.75	0.938367896625935	0.799351007492726	5.75572026467588e-09	45.0428406658483	0.950694317300748
44.175	11.75	0.884673133417822	0.810192428841374	6.02465270777263e-09	44.9313521602232	0.907738506734257
44.325	11.75	0.889127901557073	0.824441952962389	5.99894335439561e-09	44.8222078061912	0.911302321245658
44.475	11.75	1.03257195138656	0.826489829105344	5.32646540743057e-09	44.7059574005831	1.02605756110925
44.625	11.75	1.34924434201615	0.808622132971124	4.27025470141068e-09	44.5677999646911	1.27939547361292
44.775	11.75	1.76408811828	0.709537047475281	3.38939358977621e-09	44.3955931515471	1.611270494624
44.925	11.75	2.1115450663925	0.834636814099065	2.88994294271395e-09	44.2248231318592	1.889236053114
0.075	12.25	3.47473583394566e-16	0.399999988527467	-6.02344621967933e-07	65.3895328013636	0.2
0.225	12.25	1.09796507478323e-15	0.799999965618112	-6.01195346722121e-07	65.365532802052	0.200000000000001
0.375	12.25	2.54818959685675e-15	0.799999942815287	-5.98902313986484e-07	65.3415328034265	0.200000000000002
0.525	12.25	4.61626641031071e-15	0.799999920189672	-5.95476258415264e-07	65.3175328054831	0.200000000000004
0.675	12.25	7.1488179692425e-15	0.799999897809721	-5.90933324910249e-07	65.2935328082152	0.200000000000006
0.825	12.25	9.93588560055056e-15	0.79999987574353	-5.85294471555765e-07	65.2695328116145	0.200000000000008
0.975	12.25	1.27379720832233e-14	0.799999854056249	-5.78586204844734e-07	65.2455328156705	0.20000000000001
1.125	12.25	1.5299709183607e-14	0.79999983281119	-5.70838953675756e-07	65.2215328203711	0.200000000000012
1.275	12.25	1.73403404971692e-14	0.799999812068158	-5.62088528522841e-07	65.1975328257019	0.200000000000014
1.425	12.25	1.85241256114434e-14	0.799999791884863	-5.5237393752537e-07	65.173532831647	0.200000000000015
1.575	12.25	1.84215043021509e-14	0.799999772314619	-5.41738698449399e-07	65.1495328381888	0.200000000000015
1.725	12.25	1.64738651341484e-14	0.799999753406094	-5.30229633616502e-07	65.1255328453081	0.200000000000013
1.875	12.25	1.19727142962885e-14	0.799999735206807	-5.17896347398659e-07	65.1015328529844	0.20000000000001
2.025	12.25	4.06045802373577e-15	0.799999717757224	-5.04791374960421e-07	65.0775328611957	0.200000000000003
2.175	12.25	-8.24294190058567e-15	0.799999701095235	-4.90969520019698e-07	65.053532869919	0.199999999999993
2.325	12.25	-2.59845431388996e-14	0.799999685253441	-4.76487499849797e-07	65.02953287913	0.199999999999979
2.475	12.25	-5.0191140290393e-14	0.799999670259433	-4.61403427183249e-07	65.0055328888038	0.19999999999996
2.625	12.25	-8.17460870237023e-14	0.799999656138076	-4.45776230872034e-07	64.9815328989144	0.199999999999935
2.775	12.25	-1.21225326951341e-13	0.799999642907245	-4.29665853810645e-07	64.9575329094355	0.199999999999903
2.925	12.25	-1.6868779729683e-13	0.799999630582917	-4.13132126502866e-07	64.93353292034	0.199999999999865
3.075	12.25	-2.23416771685159e-13	0.799999619173937	-3.96235139365759e-07	64.9095329316006	0.199999999999821
3.225	12.25	-2.83611808715962e-13	0.799999608687024	-3.79033877449966e-07	64.8855329431896	0.199999999999773
3.375	12.25	-3.46035832085843e-13	0.79999959912381	-3.61587072818139e-07	64.8615329550794	0.199999999999723
3.525	12.25	-4.05628678727979e-13	0.799999590481285	-3.4395197091065e-07	64.8375329672423	0.199999999999676
3.675	12.25	-4.55107191475503e-13	0.799999582753858	-3.26184622662184e-07	64.8135329796506	0.199999999999636
3.825	12.25	-4.84582752776566e-13	0.799999575932575	-3.08338858740366e-07	64.7895329922771	0.199999999999612
3.975	12.25	-4.81239886874466e-13	0.799999570002818	-2.90467446326154e-07	64.7655330050948	0.199999999999615
4.125	12.25	-4.29134108926002e-13	0.799999564949341	-2.72619833746097e-07	64.741533018077	0.199999999999657
4.275	12.25	-3.0918297561011e-13	0.799999560752848	-2.54844081988998e-07	64.7175330311979	0.199999999999753
4.425	12.25	-9.94406565940603e-14	0.799999557391233	-2.37185387487011e-07	64.6935330444319	0.19999999999992
4.575	12.25	2.24238025932592e-13	0.799999554841213	-2.19686390320497e-07	64.6695330577544	0.200000000000179
4.725	12.25	6.87024712059038e-13	0.799999553075808	-2.02386919650983e-07	64.6455330711414	0.20000000000055
4.875	12.25	1.31330746365211e-12	0.799999552067509	-1.85324291070549e-07	64.6215330845697	0.200000000001051
5.025	12.25	2.12411329085942e-12	0.799999551787093	-1.68532688585808e-07	64.5975330980171	0.200000000001699
5.175	12.25	3.13364133790131e-12	0.79999955220265	-1.52043580882965e-07	64.5735331114621	0.200000000002507
5.325	12.25	4.34480696441807e-12	0.799999553283583	-1.35885949304564e-07	64.5495331248843	0.200000000003476
5.475	12.25	5.74373712183687e-12	0.799999554996147	-1.20085227054009e-07	64.5255331382643	0.200000000004595
5.625	12.25	7.29321957850326e-12	0.799999557307564	-1.04664681792048e-07	64.5015331515834	0.200000000005835
5.775	12.25	8.92519710281559e-12	0.799999560183447	-8.96448795855348e-08	64.4775331648244	0.20000000000714
5.925	12.25	1.0532516133418e-11	0.799999563590752	-7.50433947275653e-08	64.4535331779707	0.200000000008426
6.075	12.25	1.19602909133255e-11	0.79999956749513	-6.08753023177538e-08	64.429533191007	0.200000000009568
6.225	12.25	1.29974296699793e-11	0.799999571862185	-4.71535849054872e-08	64.4055332039187	0.200000000010398
6.375	12.25	1.3369088869404e-11	0.799999576659513	-3.38882673536593e-08	64.3815332166927	0.200000000010695
6.525	12.25	1.27310710152798e-11	0.799999581853987	-2.10877622555225e-08	64.3575332293166	0.200000000010185
6.675	12.25	1.06674541273856e-11	0.799999587412466	-8.75782886415787e-09	64.333533241779	0.200000000008534
6.825	12.25	6.69302486851976e-12	0.799999593303691	3.09724902693071e-09	64.3095332540698	0.200000000005354
6.975	12.25	2.62365735313863e-13	0.799999599497556	1.44757965435929e-08	64.2855332661795	0.20000000000021
7.125	12.25	-9.2123036789423e-12	0.799999605962883	2.53770764361438e-08	64.2615332780999	0.19999999999263
7.275	12.25	-2.23322397683795e-11	0.79999961267185	3.58027229964552e-08	64.2375332898235	0.199999999982134
7.425	12.25	-3.9669854175856e-11	0.799999619595356	4.57553647807191e-08	64.2135333013439	0.199999999968264
7.575	12.25	-6.17106121925593e-11	0.799999626707624	5.52390730132902e-08	64.1895333126554	0.199999999950632
7.725	12.25	-8.87770319219913e-11	0.799999633983418	6.42596154718903e-08	64.1655333237533	0.199999999928978
7.875	12.25	-1.20933135625634e-10	0.79999964139665	7.28231205947014e-08	64.1415333346335	0.199999999903253
8.025	12.25	-1.57868472903641e-10	0.799999648925192	8.09376184549207e-08	64.1175333452927	0.199999999873705
8.175	12.25	-1.98761958092399e-10	0.799999656547219	8.86112489836472e-08	64.0935333557282	0.19999999984099
8.325	12.25	-2.421272943112e-10	0.799999664240715	9.58535542516656e-08	64.069533365938	0.199999999806298
8.475	12.25	-2.85643736658607e-10	0.799999671986887	1.02674412081404e-07	64.0455333759203	0.199999999771485
8.625	12.25	-3.25978405547429e-10	0.799999679767542	1.09084446408627e-07	64.0215333856736	0.199999999739217
8.775	12.25	-3.58609303550224e-10	0.799999687564223	1.15094907335017e-07	63.9975333951968	0.199999999713113
8.925	12.25	-3.77661591723798e-10	0.79999969536149	1.20717122306475e-07	63.9735334044886	0.199999999697871
9.075	12.25	-3.75773481871005e-10	0.799999703144404	1.25963147118351e-07	63.9495334135476	0.199999999699381
9.225	12.25	-3.44012191188062e-10	0.799999710898201	1.30845172041262e-07	63.9255334223721	0.19999999972479
9.375	12.25	-2.71864622195024e-10	0.799999718610353	1.35375553201881e-07	63.9015334309598	0.199999999782508
9.525	12.25	-1.4733154919655e-10	0.799999726268468	1.39566685825241e-07	63.8775334393077	0.199999999882135
9.675	12.25	4.2842178238283e-11	0.79999973386093	1.43431193910656e-07	63.853533447412	0.200000000034274
9.825	12.25	3.12765925197567e-10	0.799999741377612	1.46981752145334e-07	63.8295334552678	0.200000000250213
9.975	12.25	6.76792765036458e-10	0.799999748808486	1.50230892753046e-07	63.8055334628693	0.200000000541434
10.125	12.25	1.14866275921278e-09	0.799999756144341	1.53191047168684e-07	63.7815334702094	0.20000000091893
10.275	12.25	1.74036469521242e-09	0.799999763376835	1.5587468428802e-07	63.7575334772801	0.200000001392292
10.425	12.25	2.46068584334399e-09	0.799999770497094	1.58294164928418e-07	63.7335334840726	0.200000001968549
10.575	12.25	3.31342757429048e-09	0.7999997774988	1.60461439273996e-07	63.7095334905778	0.200000002650742
10.725	12.25	4.29527692889021e-09	0.799999784373615	1.62388323356534e-07	63.6855334967865	0.200000003436222
10.875	12.25	5.39334096615862e-09	0.799999791115445	1.64086632742398e-07	63.6615335026907	0.200000004314673
11.025	12.25	6.5823723519839e-09	0.799999797717592	1.65567649219894e-07	63.6375335082841	0.200000005265898
11.175	12.25	7.82174144956604e-09	0.799999804174596	1.66842365117499e-07	63.6135335135638	0.200000006257393
11.325	12.25	9.05224218779427e-09	0.799999810480826	1.67921774596477e-07	63.5895335185318	0.200000007241794
11.475	12.25	1.01928560002473e-08	0.799999816631693	1.68816430226498e-07	63.5655335231969	0.200000008154285
11.625	12.25	1.1137639611086e-08	0.799999822623316	1.69536512053453e-07	63.5415335275769	0.200000008910112
11.775	12.25	1.17529474855436e-08	0.799999828452548	1.70091960856961e-07	63.5175335317011	0.200000009402358
11.925	12.25	1.18752470438624e-08	0.799999834117237	1.70492232361177e-07	63.4935335356132	0.200000009500198
12.075	12.25	1.13098325043102e-08	0.799999839617399	1.70746785832967e-07	63.469533539374	0.200000009047866
12.225	12.25	9.83078928915748e-09	0.799999844953961	1.70864658261344e-07	63.4455335430646	0.200000007864631
12.375	12.25	7.18260271241752e-09	0.799999850129745	1.70854271114954e-07	63.4215335467893	0.200000005746082
12.525	12.25	3.08383926189385e-09	0.799999855150569	1.70723996550285e-07	63.3975335506778	0.200000002467071
12.675	12.25	-2.76664692020043e-09	0.799999860024475	1.70481792872583e-07	63.3735335548881	0.199999997786682
12.825	12.25	-1.06805188898667e-08	0.799999864762438	1.70135346407767e-07	63.3495335596075	0.199999991455585
12.975	12.25	-2.09673150724817e-08	0.799999869379045	1.69691973935456e-07	63.325533565053	0.199999983226148
13.125	12.25	-3.3917926817013e-08	0.799999873892398	1.69158822184815e-07	63.3015335714705	0.199999972865659
13.275	12.25	-4.97838053983495e-08	0.799999878324538	1.68542533759039e-07	63.2775335791317	0.199999960172956
13.425	12.25	-6.87515721760712e-08	0.799999882700812	1.67849525967611e-07	63.2535335883295	0.199999944998742
13.575	12.25	-9.09127863710509e-08	0.799999887051876	1.67086107309295e-07	63.22953359937	0.199999927269771
13.725	12.25	-1.16228717131761e-07	0.799999891412063	1.66257976769049e-07	63.2055336125617	0.199999907017026
13.875	12.25	-1.44490060418498e-07	0.799999895819674	1.65370787013771e-07	63.1815336282012	0.199999884407952
14.025	12.25	-1.7527162144661e-07	0.799999900316868	1.64429774072974e-07	63.1575336465546	0.199999859782703
14.175	12.25	-2.07882027629822e-07	0.799999904950662	1.63440148811501e-07	63.1335336678343	0.199999833694378
14.325	12.25	-2.41308513649236e-07	0.799999909771498	1.62406685980392e-07	63.1095336921709	0.199999806953189
14.475	12.25	-2.74156686241571e-07	0.799999914834238	1.61333813418312e-07	63.0855337195792	0.199999780674651
14.625	12.25	-3.04584873306572e-07	0.799999920198792	1.60226045592699e-07	63.0615337499189	0.199999756332101
14.775	12.25	-3.30232112359329e-07	0.799999925932555	1.59087427476583e-07	63.0375337828476	0.19999973581431
14.925	12.25	-3.48137934466557e-07	0.799999932111078	1.57921761743115e-07	63.0135338177675	0.199999721489652
15.075	12.25	-3.54650716171475e-07	0.799999938823361	1.56733001131668e-07	62.9895338537634	0.199999716279427
15.225	12.25	-3.45319325287039e-07	0.799999946179505	1.55524318268115e-07	62.965533889531	0.19999972374454
15.375	12.25	-3.14759842348836e-07	0.799999954317518	1.54299082381096e-07	62.9415339232939	0.199999748192126
15.525	12.25	-2.56484989295462e-07	0.799999963421516	1.53060489196942e-07	62.9175339527059	0.199999794812009
15.675	12.25	-1.6267813336255e-07	0.799999973739898	1.51811356450188e-07	62.8935339747338	0.199999869857493
15.825	12.25	-2.38858178419493e-08	0.799999985616037	1.50554589129193e-07	62.8695339855157	0.199999980891346
15.975	12.25	1.71408016325776e-07	0.799999999528879	1.49292664323447e-07	62.8455339801829	0.200000137126413
16.125	12.25	4.37377576316883e-07	0.800000016150351	1.48028019893088e-07	62.8215339526336	0.200000349902061
16.275	12.25	7.91691741042777e-07	0.800000036422777	1.46762963625402e-07	62.7975338952374	0.200000633353393
16.425	12.25	1.25668939658082e-06	0.800000061667367	1.45499733865128e-07	62.7735337984434	0.200001005351517
16.575	12.25	1.86102723656055e-06	0.800000093727876	1.44240228146428e-07	62.7495336502529	0.200001488821789
16.725	12.25	2.64198177409121e-06	0.800000135168897	1.42986354971211e-07	62.7255334355024	0.200002113585419
16.875	12.25	3.64865174541713e-06	0.80000018954053	1.41739863553734e-07	62.7015331348822	0.200002918921396
17.025	12.25	4.94639328634367e-06	0.800000261736843	1.40502498673321e-07	62.6775327235887	0.200003957114629
17.175	12.25	6.62293565933077e-06	0.800000358479553	1.39275592951383e-07	62.6535321694702	0.200005298348527
17.325	12.25	8.79678035848888e-06	0.800000488965004	1.38060686839768e-07	62.6295314304757	0.200007037424287
17.475	12.25	1.1628695981116e-05	0.800000665742698	1.36859010640261e-07	62.6055304511494	0.200009302956785
17.625	12.25	1.53374059421664e-05	0.800000905902381	1.35671758600531e-07	62.5815291578197	0.200012269924754
17.775	12.25	2.0220952892836e-05	0.800001232674391	1.34499757265126e-07	62.55752745201	0.200016176762314
17.925	12.25	2.66857451981199e-05	0.800001677587574	1.33344312211429e-07	62.5335252014303	0.200021348596158
18.075	12.25	3.52859841264617e-05	0.800002283348389	1.32205793466057e-07	62.5095222276809	0.200028228787301
18.225	12.25	4.67770794750143e-05	0.800003107669043	1.31084889326206e-07	62.4855182895011	0.20003742166358
18.375	12.25	6.21878504597108e-05	0.800004228353027	1.29982098378099e-07	62.4615130599867	0.200049750280368
18.525	12.25	8.29178941456095e-05	0.800005750124946	1.28897383187828e-07	62.4375060956695	0.200066334315317
18.675	12.25	0.00011086870104605	0.800007813958862	1.27830731238416e-07	62.413496794629	0.200088694960837
18.825	12.25	0.000148620257859493	0.800010610017408	1.26781527995376e-07	62.3894843398334	0.200118896206288
18.975	12.25	0.000199669457599295	0.800014395621524	1.25748891510677e-07	62.36546762256	0.200159735566079
19.125	12.25	0.000268753046049528	0.800019519700757	1.24731151678943e-07	62.3414451388704	0.20021500243684
19.275	12.25	0.00036228615921209	0.800026454758687	1.2372589771936e-07	62.3174148495341	0.20028982892737
19.425	12.25	0.000488957305717414	0.800035836676568	1.22729713235085e-07	62.2933739903422	0.200391165844574
19.575	12.25	0.000660531188819329	0.800048512606002	1.21737724345573e-07	62.2693188153254	0.200528424951055
19.725	12.25	0.000892922206343337	0.800065599483756	1.20743108305311e-07	62.245244249907	0.200714337765075
19.875	12.25	0.0012076171200916	0.800088562128782	1.19736900892407e-07	62.2211434242347	0.200966093696073
20.025	12.25	0.00163355410967296	0.80011933031002	1.18706962331876e-07	62.1970070480244	0.201306843287738
20.175	12.25	0.00220962177724562	0.800160483612211	1.17637041114791e-07	62.1728225752432	0.201767697421797
20.325	12.25	0.00298804034339069	0.800215529667194	1.16505425760583e-07	62.1485730865205	0.202390432274713
20.475	12.25	0.00403902962313568	0.800289269089485	1.15283991945385e-07	62.1242357851545	0.203231223698509
20.625	12.25	0.00545732367849853	0.800388167091627	1.1393580338014e-07	62.0997799562795	0.204365858942799
20.775	12.25	0.00737118398124062	0.800520543617204	1.12413152066213e-07	62.0751641805779	0.205896947184993
20.925	12.25	0.00995447743845808	0.800696287587947	1.10654861736864e-07	62.0503325354526	0.207963581950766
21.075	12.25	0.0134420119883918	0.800925760387043	1.08584814342597e-07	62.0252094801715	0.210753609590713
21.225	12.25	0.0181476175512477	0.801217641848342	1.06112194832797e-07	61.9996931369479	0.214518094040998
21.375	12.25	0.0244834934340276	0.801575708440682	1.03135614600376e-07	61.9736467757391	0.219586794747222
21.525	12.25	0.0329782627882345	0.801994872226622	9.95544002342705e-08	61.9468885047788	0.226382610230588
21.675	12.25	0.0442900719333856	0.802457174966681	9.52861676392071e-08	61.9191794679692	0.235432057546708
21.825	12.25	0.0592098314727509	0.802928787401406	9.02911825267276e-08	61.8902112616401	0.247367865178201
21.975	12.25	0.0786480159909149	0.803359401098203	8.45975123222431e-08	61.8595938339603	0.262918412792732
22.125	12.25	0.103596189743293	0.80368558459475	7.83179205760095e-08	61.8268458680485	0.282876951794634
22.275	12.25	0.135052301750429	0.803839330097575	7.16480982720471e-08	61.7913905954489	0.308041841400343
22.425	12.25	0.173898992226457	0.803761746532199	6.48445565183095e-08	61.7525610238185	0.339119193781166
22.575	12.25	0.220730583221989	0.803419698418036	5.81834324891094e-08	61.7096192848061	0.376584466577592
22.725	12.25	0.275641524705257	0.80282079552239	5.19155964258705e-08	61.6617944102485	0.420513219764206
22.875	12.25	0.338017853873092	0.802020583859125	4.62308850222135e-08	61.6083402575204	0.470414283098474
23.025	12.25	0.406404720640261	0.801116456875725	4.12409999381843e-08	61.5486098288526	0.525123776512208
23.175	12.25	0.478534569314332	0.800226935092965	3.69815649188705e-08	61.4821346677422	0.582827655451466
23.325	12.25	0.551566083701602	0.799461977718764	3.3427056611288e-08	61.4086915123298	0.641252866961282
23.475	12.25	0.622501304946567	0.79889593651085	3.05115464733145e-08	61.3283374821706	0.698001043957253
23.625	12.25	0.688659255067414	0.798554416777468	2.8148286842914e-08	61.2414024530204	0.750927404053931
23.775	12.25	0.748051807653763	0.798418750477686	2.6245226795574e-08	61.1484405636147	0.79844144612301
23.925	12.25	0.799557778927807	0.798442575651461	2.47150920961974e-08	61.0501552664975	0.839646223142246
24.075	12.25	0.84288646850881	0.798570856498129	2.34807760361401e-08	60.9473177757021	0.874309174807048
24.225	12.25	0.878398154480746	0.798753968197145	2.2477542743053e-08	60.8406959185265	0.902718523584597
24.375	12.25	0.906872099173025	0.798954499057053	2.16527143903626e-08	60.7310027748387	0.92549767933842
24.525	12.25	0.929292197154194	0.79914820253737	2.09645465240321e-08	60.6188667580942	0.943433757723355
24.675	12.25	0.946685093292954	0.799321778950263	2.03804724892792e-08	60.5048197573293	0.957348074634363
24.825	12.25	0.960016774033445	0.799469698452676	1.98755202870329e-08	60.3892980082668	0.968013419226756
24.975	12.25	0.970138072613246	0.799591299195486	1.9430575907263e-08	60.2726505384191	0.976110458090597
25.125	12.25	0.977764768881621	0.799688603348648	1.90312956597107e-08	60.1551511794639	0.982211815105297
25.275	12.25	0.983479107020297	0.799764858290566	1.86668842942695e-08	60.0370114600349	0.986783285616238
25.425	12.25	0.987742790920588	0.799823647054997	1.83293058927105e-08	59.9183928010886	0.99019423273647
25.575	12.25	0.990914817726457	0.799868393021159	1.80126226752945e-08	59.7994172312788	0.992731854181165
25.725	12.25	0.993270126685665	0.79990211796234	1.77124200556832e-08	59.6801763512171	0.994616101348532
25.875	12.25	0.995016874726385	0.799927354386984	1.74254835451668e-08	59.5607385734704	0.996013499781108
26.025	12.25	0.996311339903336	0.799946146675963	1.71494132580031e-08	59.441154818073	0.997049071922669
26.175	12.25	0.997270176080392	0.799960098833411	1.68824852005209e-08	59.321462904531	0.997816140864314
26.325	12.25	0.997980145910468	0.799970442169479	1.6623397770051e-08	59.201690888474	0.998384116728375
26.475	12.25	0.998505654681654	0.799978106640911	1.6371194383802e-08	59.0818595695367	0.998804523745324
26.625	12.25	0.998894473339152	0.799983786699878	1.6125181020808e-08	58.961984362931	0.999115578671321
26.775	12.25	0.999182029794524	0.799987997358281	1.58847623777644e-08	58.8420766903438	0.999345623835619
26.925	12.25	0.999394600859927	0.79999111932351	1.56496038624766e-08	58.7221450116466	0.999515680687941
27.075	12.25	0.999551676923629	0.799993433894132	1.54193293216964e-08	58.6021955898913	0.999641341538903
27.225	12.25	0.999667711982054	0.799995149182045	1.51937306873536e-08	58.4822330588026	0.999734169585643
27.375	12.25	0.99975341990471	0.799996419459297	1.49725549912229e-08	58.3622608440493	0.999802735923768
27.525	12.25	0.999816736204369	0.799997359303484	1.47556949642185e-08	58.2422814761312	0.999853388963495
27.675	12.25	0.999863532814393	0.799998053920994	1.45430142833602e-08	58.1222968227909	0.999890826251514
27.825	12.25	0.999898149898653	0.799998566707942	1.43343687359879e-08	58.0023082615907	0.999918519918923
27.975	12.25	0.999923791677057	0.799998944821738	1.4129670570842e-08	57.8823168079629	0.999939033341646
28.125	12.25	0.999942820940088	0.799999223313033	1.39288109297592e-08	57.7623232101229	0.999954256752071
28.275	12.25	0.999956977996335	0.799999428205746	1.3731751029145e-08	57.6423280193378	0.999965582397068
28.425	12.25	0.999967543255402	0.799999578798078	1.35383834953412e-08	57.52233164188	0.999974034604321
28.575	12.25	0.999975457805703	0.799999689383458	1.33486247612147e-08	57.4023343773901	0.999980366244562
28.725	12.25	0.999981412728706	0.799999770536239	1.31624675628435e-08	57.2823364471644	0.999985130182965
28.875	12.25	0.999985915176726	0.799999830069971	1.29797909761225e-08	57.1623380149843	0.999988732141381
29.025	12.25	0.999989337201533	0.799999873750989	1.28005548667545e-08	57.0423392024289	0.999991469761226
29.175	12.25	0.999991951790757	0.799999905828896	1.26246993615735e-08	56.9223401001159	0.999993561432606
29.325	12.25	0.999993959424892	0.799999929429732	1.24521697090608e-08	56.8023407759362	0.999995167539914
29.475	12.25	0.999995507614379	0.799999946848517	1.22828949037918e-08	56.6823412810773	0.999996406091504
29.625	12.25	0.999996705242144	0.79999995976574	1.21168342457691e-08	56.5623416544197	0.999997364193715
29.775	12.25	0.999997633065849	0.799999969408223	1.19539464004249e-08	56.4423419257411	0.99999810645268
29.925	12.25	0.999998351385276	0.799999976668606	1.17941371453337e-08	56.3223421180485	0.999998681108221
30.075	12.25	0.999998905620647	0.799999982193798	1.16373785251042e-08	56.2023422492745	0.999999124496518
30.225	12.25	0.999999330355703	0.799999986450797	1.14836185798802e-08	56.0823423335112	0.999999464284562
30.375	12.25	0.99999965225598	0.799999989775394	1.13327985729145e-08	55.9623423819109	0.999999721804784
30.525	12.25	0.999999892166603	0.799999992407865	1.11848803538952e-08	55.8423424033454	0.999999913733282
30.675	12.25	1.00000006661443	0.799999994519878	1.10398275240979e-08	55.7223424048926	1.00000005329154
30.825	12.25	1.00000018888044	0.799999996233852	1.08975478236836e-08	55.6023423921995	1.00000015110435
30.975	12.25	1.00000026976429	0.799999997637085	1.07580471965533e-08	55.4823423697574	1.00000021581143
31.125	12.25	1.00000031813024	0.799999998792422	1.06212348746777e-08	55.3623423411136	1.00000025450419
31.275	12.25	1.00000034129913	0.799999999745446	1.04870977958797e-08	55.2423423090386	1.0000002730393
31.425	12.25	1.00000034533335	0.800000000530019	1.03555680675568e-08	55.1223422756605	1.00000027626668
31.575	12.25	1.00000033524794	0.800000001171878	1.02266240222185e-08	55.0023422425756	1.00000026819835
31.725	12.25	1.00000031517154	0.80000000169143	1.01001924623852e-08	54.8823422109413	1.00000025213724
31.875	12.25	1.00000028847336	0.800000002105382	9.97624602157576e-09	54.7623421815552	1.00000023077869
32.025	12.25	1.00000025786736	0.800000002427847	9.85477315886672e-09	54.6423421549228	1.00000020629389
32.175	12.25	1.00000022550094	0.800000002671472	9.73569201810441e-09	54.5223421313163	1.00000018040076
32.325	12.25	1.00000019303281	0.800000002847321	9.61898442533241e-09	54.4023421108252	1.00000015442624
32.475	12.25	1.00000016170282	0.800000002965743	9.50460033427913e-09	54.2823420933998	1.00000012936226
32.625	12.25	1.00000013239564	0.800000003035937	9.39250298352547e-09	54.1623420788885	1.00000010591651
32.775	12.25	1.00000010569876	0.800000003066433	9.28266392463627e-09	54.0423420670691	1.00000008455901
32.925	12.25	1.00000008195548	0.800000003064977	9.17503000779576e-09	53.9223420576744	1.00000006556438
33.075	12.25	1.0000000613128	0.800000003038386	9.0695828867889e-09	53.8023420504141	1.00000004905024
33.225	12.25	1.00000004376435	0.800000002992836	8.96627830881269e-09	53.6823420449908	1.00000003501148
33.375	12.25	1.00000002918824	0.800000002933524	8.86507791188518e-09	53.5623420411135	1.00000002335059
33.525	12.25	1.00000001737989	0.800000002864945	8.76596370925693e-09	53.4423420385066	1.00000001390391
33.675	12.25	1.00000000808002	0.800000002790902	8.6688716485435e-09	53.3223420369171	1.00000000646401
33.825	12.25	1.00000000099791	0.800000002714392	8.57380208580861e-09	53.202342036118	1.00000000079833
33.975	12.25	0.999999995830297	0.800000002637834	8.48071027083946e-09	53.0823420359111	0.999999996664237
34.125	12.25	0.999999992276161	0.800000002563005	8.38957011931722e-09	52.9623420361272	0.999999993820929
34.275	12.25	0.9999999900479	0.800000002491214	8.30033572812834e-09	52.8423420366252	0.99999999203832
34.425	12.25	0.999999988879283	0.800000002423309	8.21299418982686e-09	52.7223420372907	0.999999991103427
34.575	12.25	0.999999988530642	0.800000002359722	8.12750867088965e-09	52.6023420380334	0.999999990824513
34.725	12.25	0.99999998879175	0.800000002300763	8.04385294544934e-09	52.4823420387848	0.9999999910334
34.875	12.25	0.999999989482814	0.800000002246156	7.96200200184801e-09	52.3623420394951	0.999999991586251
35.025	12.25	0.999999990454014	0.800000002195903	7.88191646326326e-09	52.2423420401303	0.999999992363211
35.175	12.25	0.99999999158396	0.80000000214949	7.8035817177405e-09	52.1223420406692	0.999999993267168
35.325	12.25	0.999999992777334	0.800000002106517	7.7269700283019e-09	52.0023420411013	0.999999994221867
35.475	12.25	0.99999999396208	0.800000002066495	7.65205280489877e-09	51.882342041424	0.999999995169664
35.625	12.25	0.99999999508636	0.800000002028975	7.57881251157829e-09	51.7623420416406	0.999999996069088
35.775	12.25	0.999999996115365	0.800000001993449	7.50719715661766e-09	51.6423420417587	0.999999996892292
35.925	12.25	0.999999997028281	0.800000001959512	7.43721291727107e-09	51.5223420417884	0.999999997622625
36.075	12.25	0.999999997815453	0.800000001926665	7.36883416279517e-09	51.4023420417414	0.999999998252362
36.225	12.25	0.999999998475753	0.800000001894647	7.3020378021504e-09	51.2823420416298	0.999999998780602
36.375	12.25	0.999999999014288	0.800000001863123	7.23678107203745e-09	51.1623420414656	0.99999999921143
36.525	12.25	0.999999999440464	0.800000001831878	7.17305262390603e-09	51.0423420412601	0.999999999552372
36.675	12.25	0.999999999766335	0.800000001800575	7.11085671804085e-09	50.9223420410235	0.999999999813068
36.825	12.25	1.00000000000535	0.800000001769206	7.05014691087383e-09	50.8023420407648	1.00000000000428
36.975	12.25	1.00000000017136	0.800000001737712	6.99090520856378e-09	50.6823420404917	1.00000000013709
37.125	12.25	1.00000000027793	0.800000001705845	6.9330944946094e-09	50.5623420402106	1.00000000022234
37.275	12.25	1.00000000033771	0.800000001673599	6.87673983777276e-09	50.4423420399266	1.00000000027017
37.425	12.25	1.00000000036184	0.800000001640864	6.821787894187e-09	50.3223420396437	1.00000000028947
37.575	12.25	1.00000000035915	0.800000001607558	6.76824055146814e-09	50.2023420393648	1.00000000028732
37.725	12.25	1.00000000033568	0.8000000015738	6.71606456256507e-09	50.0823420390924	1.00000000026854
37.875	12.25	1.00000000029554	0.800000001540236	6.66526924942969e-09	49.9623420388282	1.00000000023643
38.025	12.25	1.00000000024454	0.800000001507819	6.61578395853205e-09	49.8423420385736	1.00000000019564
38.175	12.25	1.00000000019659	0.800000001477364	6.56763879324923e-09	49.7223420383289	1.00000000015727
38.325	12.25	1.00000000017807	0.800000001447163	6.52082521231004e-09	49.6023420380926	1.00000000014246
38.475	12.25	1.00000000021822	0.800000001411205	6.47528648382175e-09	49.4823420378606	1.00000000017458
38.625	12.25	1.00000000031041	0.800000001358812	6.43103987519647e-09	49.3623420376274	1.00000000024832
38.775	12.25	1.00000000034603	0.800000001283534	6.38806085036024e-09	49.2423420373933	1.00000000027682
38.925	12.25	1.00000000007387	0.800000001203269	6.34633828952287e-09	49.1223420371759	1.0000000000591
39.075	12.25	0.99999999921204	0.800000001184226	6.30584509963682e-09	49.0023420370181	0.999999999369632
39.225	12.25	0.999999997861594	0.800000001335211	6.26658212271923e-09	48.8823420369719	0.999999998289275
39.375	12.25	0.999999997187177	0.800000001717686	6.22855307744015e-09	48.7623420370281	0.999999997749741
39.525	12.25	0.999999999800278	0.800000002138114	6.19169492689187e-09	48.6423420369966	0.999999999840222
39.675	12.25	1.00000000854991	0.800000001917834	6.15605191797244e-09	48.522342036425	1.00000000683993
39.825	12.25	1.00000002228112	0.799999999974223	6.12157684442737e-09	48.4023420347797	1.00000001782489
39.975	12.25	1.00000002906866	0.799999995743682	6.08826247492613e-09	48.2823420321548	1.00000002325493
40.125	12.25	1.00000000269437	0.799999991211009	6.05611430506086e-09	48.1623420304754	1.0000000021555
40.275	12.25	0.99999991505162	0.799999993052859	6.02510339110075e-09	48.0423420342741	0.999999932041296
40.425	12.25	0.999999777875216	0.800000011654735	5.99523544679439e-09	47.9223420488696	0.999999822300173
40.575	12.25	0.999999707649954	0.800000052121617	5.96648960060861e-09	47.8023420734257	0.999999766119964
40.725	12.25	0.999999957517777	0.800000095265104	5.93886575229923e-09	47.6823420893643	0.999999966014221
40.875	12.25	1.00000079734943	0.800000078399895	5.91233860633576e-09	47.5623420530027	1.00000063787955
41.025	12.25	1.00000212196185	0.799999905811787	5.88691091562546e-09	47.4423419127532	1.00000169756948
41.175	12.25	1.00000285290257	0.799999531610392	5.86258077159671e-09	47.3223416738425	1.00000228232206
41.325	12.25	1.00000065163101	0.799999129287443	5.83934970158912e-09	47.2023415055131	1.00000052130481
41.475	12.25	0.999993003858039	0.799999256773552	5.81720420846867e-09	47.0823418099433	0.999994403086431
41.625	12.25	0.999980706637724	0.800000757310012	5.79615443669779e-09	46.962343071739	0.999984565310179
41.775	12.25	0.999973138463812	0.800004041866793	5.77615923582192e-09	46.8423452870793	0.99997851077105
41.925	12.25	0.999990827520388	0.80000765871443	5.75709601530432e-09	46.72234701662	0.99999266201631
42.075	12.25	1.00005637953611	0.800006937267098	5.7388599553389e-09	46.6023447505979	1.00004510362889
42.225	12.25	1.00016528886172	0.799994825074175	5.72146310583159e-09	46.482334110475	1.00013223108937
42.375	12.25	1.00024184955425	0.79996767507822	5.70524874113695e-09	46.3623145678195	1.0001934796434
42.525	12.25	1.00011633628686	0.799936551287832	5.69097666374159e-09	46.2422973747134	1.00009306902949
42.675	12.25	0.999594226906284	0.799937861418222	5.67953153027862e-09	46.1223112676376	0.999675381525028
42.825	12.25	0.998683926300662	0.80002737314356	5.67088464385759e-09	46.0023939186705	0.99894714104053
42.975	12.25	0.997944673215577	0.800237007459311	5.66250698671325e-09	45.8825557504908	0.998355738572462
43.125	12.25	0.998684258964962	0.80049000603106	5.64847349362969e-09	45.762717556086	0.99894740717197
43.275	12.25	1.00248296174697	0.800522975639825	5.6217082061835e-09	45.6426615256932	1.00198636939757
43.425	12.25	1.00955927623944	0.799934826001819	5.58144670700577e-09	45.5220836230917	1.00764742099155
43.575	12.25	1.01623380739468	0.798479881968651	5.54423398041864e-09	45.4008458463786	1.01298704591575
43.725	12.25	1.01328677102546	0.796573392123985	5.55019569783563e-09	45.2794286900341	1.01062941682037
43.875	12.25	0.988680897771386	0.795833250854614	5.65443113404369e-09	45.1593336955575	0.990944718217109
44.025	12.25	0.938367896626941	0.799351007478497	5.88899256557762e-09	45.0428406630794	0.950694317301553
44.175	12.25	0.88467313342063	0.810192428830172	6.16428320737677e-09	44.9313521574557	0.907738506736504
44.325	12.25	0.889127901559012	0.824441952954528	6.13809209802932e-09	44.8222078034247	0.91130232124721
44.475	12.25	1.03257195138325	0.826489829101813	5.45007970883877e-09	44.7059573978174	1.0260575611066
44.625	12.25	1.34924434200547	0.808622132971264	4.36939554734335e-09	44.5677999619264	1.27939547360437
44.775	12.25	1.76408811826469	0.709537047476974	3.46809876660642e-09	44.3955931487835	1.61127049461175
44.925	12.25	2.11154506637637	0.834636814102824	2.95705368315911e-09	44.2248231290963	1.8892360531011
0.075	12.75	3.47473582048983e-16	0.399999990245028	-5.31586276574355e-07	65.3895328577739	0.2
0.225	12.75	1.09796507060673e-15	0.799999970763099	-5.30648759459179e-07	65.3655328583592	0.200000000000001
0.375	12.75	2.54818953581174e-15	0.799999951364204	-5.28777749982443e-07	65.3415328595281	0.200000000000002
0.525	12.75	4.6162663429191e-15	0.799999932104395	-5.25981429943092e-07	65.3175328612774	0.200000000000004
0.675	12.75	7.14881779297425e-15	0.799999913037345	-5.2227176858149e-07	65.2935328636019	0.200000000000006
0.825	12.75	9.93588543823225e-15	0.799999894216236	-5.17664916195455e-07	65.2695328664951	0.200000000000008
0.975	12.75	1.27379717895855e-14	0.799999875692718	-5.12180221238417e-07	65.2455328699489	0.20000000000001
1.125	12.75	1.5299708974256e-14	0.799999857516817	-5.05841211856244e-07	65.2215328739535	0.200000000000012
1.275	12.75	1.73403401946973e-14	0.799999839736066	-4.9867450094877e-07	65.1975328784979	0.200000000000014
1.425	12.75	1.85241255568289e-14	0.799999822396139	-4.90709911676239e-07	65.1735328835694	0.200000000000015
1.575	12.75	1.8421504311937e-14	0.799999805540006	-4.8198024205841e-07	65.1495328891541	0.200000000000015
1.725	12.75	1.64738657209455e-14	0.79999978920784	-4.72520905814359e-07	65.125532895237	0.200000000000013
1.875	12.75	1.19727153007025e-14	0.799999773436967	-4.62370140630718e-07	65.1015329018016	0.20000000000001
2.025	12.75	4.06046016479924e-15	0.799999758261248	-4.51567664396574e-07	65.0775329088308	0.200000000000003
2.175	12.75	-8.24293875916123e-15	0.799999743712392	-4.40155768526731e-07	65.053532916306	0.199999999999993
2.325	12.75	-2.59845380899148e-14	0.799999729816836	-4.28177775269194e-07	65.029532924208	0.199999999999979
2.475	12.75	-5.0191133523547e-14	0.79999971660037	-4.1567864736701e-07	65.0055329325169	0.19999999999996
2.625	12.75	-8.17460775603352e-14	0.799999704083074	-4.02704116678392e-07	64.981532941212	0.199999999999935
2.775	12.75	-1.21225315231351e-13	0.799999692282377	-3.89300416635167e-07	64.957532950272	0.199999999999903
2.925	12.75	-1.6868778252614e-13	0.799999681211959	-3.75514775588929e-07	64.9335329596751	0.199999999999865
3.075	12.75	-2.23416754904566e-13	0.799999670883137	-3.61393725550101e-07	64.9095329693993	0.199999999999821
3.225	12.75	-2.83611789729658e-13	0.799999661303156	-3.46984565757076e-07	64.8855329794222	0.199999999999773
3.375	12.75	-3.46035813036255e-13	0.799999652475508	-3.32333327947454e-07	64.8615329897212	0.199999999999723
3.525	12.75	-4.05628660550343e-13	0.799999644401751	-3.17485752013106e-07	64.8375330002737	0.199999999999676
3.675	12.75	-4.55107177983451e-13	0.799999637079611	-3.02486539132488e-07	64.8135330110571	0.199999999999636
3.825	12.75	-4.84582746551041e-13	0.799999630504196	-2.87379624078086e-07	64.789533022049	0.199999999999612
3.975	12.75	-4.81239893840894e-13	0.799999624668035	-2.72207239876345e-07	64.765533033227	0.199999999999615
4.125	12.75	-4.29134133541169e-13	0.799999619560724	-2.57010581374736e-07	64.741533044569	0.199999999999657
4.275	12.75	-3.0918302589152e-13	0.799999615169887	-2.41828895627604e-07	64.7175330560534	0.199999999999753
4.425	12.75	-9.94407384261572e-14	0.799999611481061	-2.26699651467848e-07	64.6935330676589	0.19999999999992
4.575	12.75	2.24237903358158e-13	0.799999608477456	-2.11658928479595e-07	64.6695330793646	0.200000000000179
4.725	12.75	6.87024543017787e-13	0.79999960614045	-1.96740061861592e-07	64.6455330911502	0.20000000000055
4.875	12.75	1.31330724004284e-12	0.799999604449807	-1.81975371202266e-07	64.621533102996	0.200000000001051
5.025	12.75	2.12411301023722e-12	0.799999603384455	-1.6739413933016e-07	64.5975331148829	0.200000000001699
5.175	12.75	3.13364099714962e-12	0.799999602921115	-1.53024478547917e-07	64.5735331267925	0.200000000002507
5.325	12.75	4.34480656913211e-12	0.799999603036592	-1.38891379393921e-07	64.5495331387071	0.200000000003476
5.475	12.75	5.74373667928179e-12	0.799999603705412	-1.25018556353424e-07	64.5255331506095	0.200000000004595
5.625	12.75	7.29321910827561e-12	0.799999604902621	-1.11427127499001e-07	64.5015331624836	0.200000000005835
5.775	12.75	8.9251966286573e-12	0.799999606602712	-9.81363169547658e-08	64.4775331743139	0.20000000000714
5.925	12.75	1.05325156948534e-11	0.79999960877846	-8.51629332930325e-08	64.4535331860858	0.200000000008426
6.075	12.75	1.19602905556817e-11	0.799999611403885	-7.25224652705826e-08	64.4295331977852	0.200000000009568
6.225	12.75	1.29974294564415e-11	0.799999614452455	-6.02277163868703e-08	64.4055332093992	0.200000000010398
6.375	12.75	1.33690888684345e-11	0.799999617897519	-4.82900251445153e-08	64.3815332209156	0.200000000010695
6.525	12.75	1.27310713123052e-11	0.799999621712401	-3.67186931606853e-08	64.3575332323228	0.200000000010185
6.675	12.75	1.06674548088182e-11	0.79999962587168	-2.55215557379548e-08	64.3335332436104	0.200000000008534
6.825	12.75	6.69302603219951e-12	0.799999630348583	-1.47042326048172e-08	64.3095332547685	0.200000000005354
6.975	12.75	2.62367470618658e-13	0.799999635119045	-4.27123481256876e-09	64.2855332657882	0.20000000000021
7.125	12.75	-9.21230128264482e-12	0.799999640157047	5.77446741473942e-09	64.2615332766613	0.19999999999263
7.275	12.75	-2.2332236645381e-11	0.799999645439817	1.54314352706588e-08	64.2375332873805	0.199999999982134
7.425	12.75	-3.9669850277966e-11	0.799999650943109	2.46995808566551e-08	64.2135332979392	0.199999999968264
7.575	12.75	-6.17106075152754e-11	0.799999656645257	3.357979874521e-08	64.1895333083315	0.199999999950632
7.725	12.75	-8.87770265002953e-11	0.799999662522516	4.20743860034781e-08	64.1655333185523	0.199999999928978
7.875	12.75	-1.20933129560018e-10	0.799999668556629	5.01866651335218e-08	64.1415333285972	0.199999999903253
8.025	12.75	-1.57868466356574e-10	0.799999674724949	5.79205855270592e-08	64.1175333384622	0.199999999873705
8.175	12.75	-1.98761951309975e-10	0.799999681009824	6.52813191671989e-08	64.093533348144	0.19999999984099
8.325	12.75	-2.42127287618235e-10	0.799999687392131	7.2274744161101e-08	64.0695333576398	0.199999999806298
8.475	12.75	-2.85643730470391e-10	0.799999693855142	7.8907393013036e-08	64.045533366947	0.199999999771485
8.625	12.75	-3.25978400361019e-10	0.799999700381461	8.51863104606207e-08	64.0215333760633	0.199999999739217
8.775	12.75	-3.58609299940284e-10	0.799999706956301	9.11192749974108e-08	63.9975333849867	0.199999999713113
8.925	12.75	-3.77661590328148e-10	0.799999713563815	9.67143918161776e-08	63.9735333937148	0.199999999697871
9.075	12.75	-3.75773483365167e-10	0.79999972019123	1.01980334467043e-07	63.9495334022453	0.199999999699381
9.225	12.75	-3.44012196264825e-10	0.799999726824717	1.06926013222521e-07	63.9255334105755	0.19999999972479
9.375	12.75	-2.71864631515087e-10	0.799999733452108	1.11560575784752e-07	63.9015334187019	0.199999999782508
9.525	12.75	-1.47331563364577e-10	0.799999740061809	1.15893574833727e-07	63.8775334266205	0.199999999882135
9.675	12.75	4.28421587449232e-11	0.799999746642533	1.19934574777166e-07	63.8535334343265	0.200000000034274
9.825	12.75	3.12765900049958e-10	0.799999753184166	1.23693417068883e-07	63.8295334418138	0.200000000250213
9.975	12.75	6.76792734139098e-10	0.799999759677182	1.2717977093621e-07	63.8055334490754	0.200000000541434
10.125	12.75	1.14866272271134e-09	0.799999766112235	1.30403604831668e-07	63.7815334561032	0.20000000091893
10.275	12.75	1.7403646535777e-09	0.799999772480155	1.33374922577781e-07	63.7575334628881	0.200000001392292
10.425	12.75	2.46068579735211e-09	0.799999778772709	1.36103446614406e-07	63.7335334694202	0.200000001968549
10.575	12.75	3.31342752508507e-09	0.799999784982153	1.38598897231572e-07	63.7095334756893	0.200000002650742
10.725	12.75	4.29527687792119e-09	0.799999791100377	1.40871167375455e-07	63.6855334816851	0.200000003436222
10.875	12.75	5.39334091519965e-09	0.79999979712055	1.42929760442954e-07	63.6615334873986	0.200000004314673
11.025	12.75	6.58237230301554e-09	0.799999803035383	1.44784051126158e-07	63.6375334928224	0.200000005265898
11.175	12.75	7.82174140473163e-09	0.799999808838344	1.46443610377964e-07	63.6135334979526	0.200000006257393
11.325	12.75	9.05224214922486e-09	0.799999814523397	1.47917287647852e-07	63.5895335027903	0.200000007241794
11.475	12.75	1.01928559699458e-08	0.799999820085081	1.49214145058669e-07	63.5655335073432	0.200000008154285
11.625	12.75	1.11376395907012e-08	0.799999825518519	1.50342957069602e-07	63.5415335116282	0.200000008910112
11.775	12.75	1.17529474762016e-08	0.799999830819694	1.51311990547121e-07	63.5175335156736	0.200000009402358
11.925	12.75	1.18752470459097e-08	0.799999835985853	1.521299338896e-07	63.4935335195224	0.200000009500198
12.075	12.75	1.1309832517133e-08	0.799999841015541	1.52804644421926e-07	63.4695335232344	0.200000009047866
12.225	12.75	9.83078931094356e-09	0.799999845909435	1.53343843979636e-07	63.44553352689	0.200000007864631
12.375	12.75	7.18260274003279e-09	0.799999850669277	1.53755330593898e-07	63.4215335305924	0.200000005746082
12.525	12.75	3.08383929072046e-09	0.799999855299539	1.54046446816271e-07	63.3975335344708	0.200000002467071
12.675	12.75	-2.76664689623422e-09	0.799999859807468	1.54224133900724e-07	63.3735335386823	0.199999997786683
12.825	12.75	-1.06805188782911e-08	0.7999998642034	1.54295520342071e-07	63.3495335434135	0.199999991455585
12.975	12.75	-2.09673150820028e-08	0.799999868500773	1.54266898467596e-07	63.3255335488808	0.199999983226148
13.125	12.75	-3.39179268572774e-08	0.799999872717121	1.54145028162048e-07	63.3015335553292	0.199999972865659
13.275	12.75	-4.97838054793172e-08	0.799999876872641	1.53935745160185e-07	63.27753356303	0.199999960172956
13.425	12.75	-6.87515723074781e-08	0.79999988099306	1.53644999504784e-07	63.2535335722753	0.199999944998742
13.575	12.75	-9.09127865613842e-08	0.799999885107576	1.53278504324305e-07	63.2295335833707	0.199999927269771
13.725	12.75	-1.1622871738735e-07	0.799999889249538	1.52841806981412e-07	63.2055335966241	0.199999907017026
13.875	12.75	-1.44490060742129e-07	0.799999893456349	1.52339950885856e-07	63.1815336123316	0.199999884407951
14.025	12.75	-1.75271621836245e-07	0.799999897769879	1.51777965171701e-07	63.1575336307588	0.199999859782703
14.175	12.75	-2.07882028076903e-07	0.799999902236061	1.51160749615771e-07	63.1335336521176	0.199999833694378
14.325	12.75	-2.41308514137053e-07	0.799999906904428	1.5049258664354e-07	63.109533676538	0.199999806953189
14.475	12.75	-2.74156686743429e-07	0.799999911829176	1.49778089524693e-07	63.0855337040345	0.199999780674651
14.625	12.75	-3.04584873783849e-07	0.799999917070291	1.49021260691384e-07	63.0615337344663	0.199999756332101
14.775	12.75	-3.30232112759471e-07	0.799999922692956	1.48226116280969e-07	63.0375337674906	0.19999973581431
14.925	12.75	-3.48137934720957e-07	0.799999928773362	1.47396489894228e-07	63.0135338025093	0.199999721489652
15.075	12.75	-3.54650716193174e-07	0.799999935399393	1.46535759644969e-07	62.9895338386067	0.199999716279427
15.225	12.75	-3.453193249681e-07	0.799999942679985	1.45647491944177e-07	62.9655338744783	0.19999972374454
15.375	12.75	-3.14759841557353e-07	0.799999950753739	1.44734906526321e-07	62.9415339083472	0.199999748192127
15.525	12.75	-2.56484987871648e-07	0.79999995980344	1.43801028418669e-07	62.9175339378669	0.19999979481201
15.675	12.75	-1.62678131113757e-07	0.799999970077083	1.42848965004026e-07	62.8935339600041	0.199999869857495
15.825	12.75	-2.38858145357848e-08	0.799999981917319	1.41881207963971e-07	62.8695339708965	0.199999980891348
15.975	12.75	1.71408020971181e-07	0.799999995803118	1.40900417054063e-07	62.8455339656752	0.200000137126417
16.125	12.75	4.37377582646122e-07	0.800000012404892	1.39909204620222e-07	62.821533938238	0.200000349902066
16.275	12.75	7.91691749482825e-07	0.800000032665943	1.38909893231536e-07	62.7975338809544	0.2000006333534
16.425	12.75	1.25668940766722e-06	0.80000005790608	1.37904566753713e-07	62.7735337842732	0.200001005351526
16.575	12.75	1.861027250976e-06	0.800000089968738	1.36895389667116e-07	62.7495336361956	0.200001488821801
16.725	12.75	2.64198179271632e-06	0.800000131418196	1.35884376692354e-07	62.7255334215578	0.200002113585434
16.875	12.75	3.64865176940378e-06	0.800000185804197	1.34873295662035e-07	62.7015331210499	0.200002918921416
17.025	12.75	4.94639331721057e-06	0.800000258021085	1.33863777732358e-07	62.6775327098682	0.200003957114654
17.175	12.75	6.62293569909779e-06	0.800000354788801	1.32857649103029e-07	62.6535321558608	0.200005298348559
17.325	12.75	8.79678040985211e-06	0.800000485304314	1.31856296436308e-07	62.6295314169767	0.200007037424328
17.475	12.75	1.16286960476892e-05	0.80000066211705	1.30861100024422e-07	62.6055304377597	0.200009302956838
17.625	12.75	1.53374060287941e-05	0.800000902315597	1.2987329377718e-07	62.5815291445382	0.200012269924823
17.775	12.75	2.02209530060164e-05	0.800001229130993	1.2889417790174e-07	62.5575274388355	0.200016176762405
17.925	12.75	2.66857453465605e-05	0.800001674090822	1.27924465568221e-07	62.5335251883614	0.200021348596277
18.075	12.75	3.52859843218099e-05	0.800002279902164	1.26965353997335e-07	62.5095222147162	0.200028228787457
18.225	12.75	4.67770797328139e-05	0.800003104276444	1.26017495929536e-07	62.485518276639	0.200037421663786
18.375	12.75	6.21878508006571e-05	0.800004225016889	1.25081121098989e-07	62.4615130472255	0.200049750280641
18.525	12.75	8.29178945971797e-05	0.800005746848515	1.24156791738463e-07	62.4375060830075	0.200066334315678
18.675	12.75	0.000110868701644623	0.800007810744403	1.23244455553932e-07	62.4134967820644	0.200088694961316
18.825	12.75	0.000148620258653134	0.800010606867644	1.22343765063962e-07	62.3894843273643	0.200118896206923
18.975	12.75	0.000199669458651333	0.800014392538352	1.21453666955002e-07	62.3654676101844	0.200159735566921
19.125	12.75	0.000268753047443303	0.800019516686323	1.20572937502838e-07	62.3414451265862	0.200215002437955
19.275	12.75	0.000362286161057031	0.800026451815097	1.19699307696935e-07	62.3174148373392	0.200289828928846
19.425	12.75	0.00048895730815699	0.800035833805427	1.1882938185828e-07	62.2933739782345	0.200391165846526
19.575	12.75	0.000660531192040912	0.800048509808791	1.1795864144639e-07	62.2693188033027	0.200528424953633
19.725	12.75	0.00089292221059094	0.800065596762032	1.17080837792939e-07	62.2452442379669	0.200714337768473
19.875	12.75	0.00120761712568161	0.800088559483544	1.16187103047552e-07	62.221143412375	0.200966093700545
20.025	12.75	0.00163355411701428	0.800119327742644	1.15265487511251e-07	62.1970070362427	0.201306843293611
20.175	12.75	0.00220962178686546	0.800160481123647	1.14300206607563e-07	62.1728225635372	0.201767697429492
20.325	12.75	0.00298804035596821	0.800215527258281	1.13270548720778e-07	62.1485730748876	0.202390432284775
20.475	12.75	0.00403902963954612	0.800289266760439	1.12148706359515e-07	62.1242357735924	0.203231223711637
20.625	12.75	0.00545732369986792	0.800388164843455	1.10899000130048e-07	62.0997799447855	0.204365858959894
20.775	12.75	0.00737118400901304	0.800520541449745	1.09474540574143e-07	62.0751641691495	0.20589694720721
20.925	12.75	0.00995447747447065	0.800696285500979	1.07815781951575e-07	62.0503325240872	0.207963581979577
21.075	12.75	0.0134420120349539	0.800925758380366	1.05848107331945e-07	62.0252094688663	0.210753609627963
21.225	12.75	0.0181476176112162	0.801217639920791	1.03482786050709e-07	61.9996931257004	0.214518094088973
21.375	12.75	0.0244834935108673	0.801575706591219	1.00620798862231e-07	61.9736467645465	0.219586794808694
21.525	12.75	0.0329782628860646	0.80199487045321	9.7163292827671e-08	61.9468884936383	0.226382610308852
21.675	12.75	0.0442900720569983	0.802457173266727	9.30296477847002e-08	61.9191794568782	0.235432057645599
21.825	12.75	0.0592098316275703	0.802928785771638	8.81810415983136e-08	61.8902112505959	0.247367865302056
21.975	12.75	0.0786480161828749	0.803359399534884	8.26446409597145e-08	61.8595938229604	0.2629184129463
22.125	12.75	0.10359618997852	0.803685583093574	7.65304310787558e-08	61.8268458570906	0.282876951982816
22.275	12.75	0.135052302034666	0.803839328653341	7.00302252100575e-08	61.791390584531	0.308041841627733
22.425	12.75	0.173898992564113	0.803761745140047	6.33949635237078e-08	61.7525610129392	0.33911919405129
22.575	12.75	0.220730583614805	0.803419697073111	5.68952582154018e-08	61.7096192739647	0.376584466891844
22.725	12.75	0.275641525150733	0.802820794220149	5.07771590172451e-08	61.6617943994454	0.420513220120587
22.875	12.75	0.338017854363175	0.802020582595816	4.52269924812696e-08	61.6083402467575	0.47041428349054
23.025	12.75	0.406404721160871	0.801116455648071	4.03548169255888e-08	61.5486098181334	0.525123776928697
23.175	12.75	0.478534569846396	0.800226933898112	3.61960555468042e-08	61.4821346570726	0.582827655877117
23.325	12.75	0.551566084223561	0.799461976554192	3.27263886094246e-08	61.4086915017174	0.641252867378848
23.475	12.75	0.622501305437871	0.798895935374159	2.9881664951549e-08	61.3283374716249	0.698001044350296
23.625	12.75	0.688659255511739	0.798554415666146	2.75773364948811e-08	61.2414024425519	0.750927404409391
23.775	12.75	0.748051808040963	0.798418749389678	2.57234470860523e-08	61.1484405532341	0.798441446432771
23.925	12.75	0.799557779254178	0.798442574584833	2.42346770093191e-08	61.0501552562153	0.839646223403342
24.075	12.75	0.842886468776048	0.798570855451382	2.30356641967426e-08	60.9473177655277	0.874309175020838
24.225	12.75	0.878398154694215	0.798753967169106	2.20629285351698e-08	60.8406959084677	0.902718523755372
24.375	12.75	0.906872099340033	0.798954498046797	2.12649132749893e-08	60.7310027649017	0.925497679472026
24.525	12.75	0.92929219728261	0.799148201544293	2.06006823356688e-08	60.6188667482839	0.943433757826088
24.675	12.75	0.946685093390309	0.799321777973965	2.00383408450336e-08	60.5048197476488	0.957348074712247
24.825	12.75	0.960016774106418	0.799469697492702	1.95533026775399e-08	60.3892979987182	0.968013419285134
24.975	12.75	0.970138072667452	0.799591298251623	1.91268574962186e-08	60.2726505290034	0.976110458133961
25.125	12.75	0.977764768921605	0.799688602420658	1.87449006080088e-08	60.1551511701813	0.982211815137284
25.275	12.75	0.983479107049641	0.79976485737828	1.83968209116444e-08	60.0370114508849	0.986783285639713
25.425	12.75	0.987742790942047	0.799823646158192	1.80747273999558e-08	59.9183927920704	0.990194232753637
25.575	12.75	0.990914817742104	0.79986839213965	1.77727995714486e-08	59.7994172223912	0.992731854193683
25.725	12.75	0.993270126697077	0.79990211709594	1.74866917195875e-08	59.6801763424585	0.994616101357662
25.875	12.75	0.995016874734693	0.79992735353548	1.72132365957094e-08	59.5607385648391	0.996013499787754
26.025	12.75	0.996311339909384	0.799946145839254	1.6950137857885e-08	59.4411548095672	0.997049071927507
26.175	12.75	0.997270176084794	0.799960098011193	1.66956256434461e-08	59.3214628961488	0.997816140867836
26.325	12.75	0.997980145913675	0.799970441361635	1.64485005503534e-08	59.2016908802135	0.99838411673094
26.475	12.75	0.998505654683983	0.799978105847225	1.62077783726274e-08	59.0818595613958	0.998804523747187
26.625	12.75	0.998894473340839	0.799983785920082	1.59728016919308e-08	58.9619843549078	0.999115578672671
26.775	12.75	0.999182029795748	0.799987996592342	1.57430510118441e-08	58.8420766824363	0.999345623836599
26.925	12.75	0.999394600860817	0.799991118571068	1.55181074081696e-08	58.7221450038529	0.999515680688653
27.075	12.75	0.999551676924271	0.799993433155136	1.52977040294236e-08	58.6021955822093	0.999641341539417
27.225	12.75	0.999667711982517	0.799995148456174	1.50815601652366e-08	58.4822330512303	0.999734169586014
27.375	12.75	0.999753419905045	0.799996418746439	1.48695575346139e-08	58.3622608365849	0.999802735924036
27.525	12.75	0.999816736204614	0.799997358603419	1.46614827755676e-08	58.2422814687727	0.999853388963691
27.675	12.75	0.999863532814572	0.799998053233539	1.44572485374915e-08	58.1222968155364	0.999890826251658
27.825	12.75	0.99989814989878	0.799998566032888	1.42567357814068e-08	58.0023082544384	0.999918519919024
27.975	12.75	0.99992379167714	0.799998944158902	1.40598657411593e-08	57.8823168009109	0.999939033341712
28.125	12.75	0.999942820940155	0.799999222662234	1.38665720692428e-08	57.7623232031694	0.999954256752124
28.275	12.75	0.999956977996384	0.799999427566784	1.36767608665235e-08	57.642328012481	0.999965582397107
28.425	12.75	0.999967543255437	0.799999578170761	1.34903853885641e-08	57.5223316351182	0.999974034604349
28.575	12.75	0.999975457805735	0.799999688767705	1.3307379777281e-08	57.4023343707215	0.999980366244588
28.725	12.75	0.999981412728728	0.799999769931784	1.31276606826167e-08	57.2823364405873	0.999985130182982
28.875	12.75	0.99998591517674	0.799999829476586	1.2951229254535e-08	57.162338008497	0.999988732141392
29.025	12.75	0.999989337201536	0.799999873168552	1.27779673607816e-08	57.0423391960298	0.999991469761229
29.175	12.75	0.999991951790756	0.799999905257268	1.26078638319566e-08	56.9223400938034	0.999993561432605
29.325	12.75	0.999993959424892	0.799999928868686	1.24408606077122e-08	56.8023407697086	0.999995167539913
29.475	12.75	0.999995507614383	0.799999946297918	1.22769215783772e-08	56.6823412749331	0.999996406091507
29.625	12.75	0.99999670524214	0.799999959225417	1.21159734057644e-08	56.5623416483572	0.999997364193712
29.775	12.75	0.999997633065849	0.799999968877984	1.19579848358416e-08	56.4423419197589	0.999998106452679
29.925	12.75	0.999998351385272	0.799999976148276	1.18029012728894e-08	56.3223421121452	0.999998681108217
30.075	12.75	0.99999890562064	0.799999981683278	1.16506888720222e-08	56.2023422434484	0.999999124496512
30.225	12.75	0.999999330355697	0.799999985949923	1.15012932867644e-08	56.082342327761	0.999999464284557
30.375	12.75	0.99999965225597	0.799999989283964	1.13547040671057e-08	55.9623423762352	0.999999721804776
30.525	12.75	0.999999892166594	0.799999991925754	1.12108196905772e-08	55.8423423977427	0.999999913733275
30.675	12.75	1.00000006661443	0.79999999404693	1.10696168194173e-08	55.7223423993614	1.00000005329154
30.825	12.75	1.00000018888044	0.799999995769839	1.09310747140682e-08	55.6023423867386	1.00000015110435
30.975	12.75	1.00000026976429	0.799999997182015	1.07951245566e-08	55.4823423643654	1.00000021581143
31.125	12.75	1.00000031813023	0.799999998346061	1.0661757638468e-08	55.3623423357893	1.00000025450418
31.275	12.75	1.00000034129911	0.799999999307681	1.05308984842117e-08	55.2423423037806	1.00000027303929
31.425	12.75	1.00000034533333	0.800000000100707	1.04025564555509e-08	55.1223422704675	1.00000027626667
31.575	12.75	1.00000033524794	0.800000000750829	1.02766395714467e-08	55.0023422374464	1.00000026819835
31.725	12.75	1.00000031517154	0.800000001278572	1.01531357360551e-08	54.8823422058747	1.00000025213723
31.875	12.75	1.00000028847336	0.800000001700552	1.00320052649619e-08	54.7623421765499	1.00000023077868
32.025	12.75	1.00000025786735	0.800000002030966	9.91320228235638e-09	54.6423421499776	1.00000020629388
32.175	12.75	1.00000022550094	0.800000002282337	9.79669970641297e-09	54.52234212643	1.00000018040076
32.325	12.75	1.00000019303281	0.800000002465836	9.68242870924595e-09	54.4023421059967	1.00000015442624
32.475	12.75	1.00000016170283	0.800000002591784	9.57042587662917e-09	54.282342088628	1.00000012936226
32.625	12.75	1.00000013239565	0.80000000266941	9.46061179063183e-09	54.1623420741722	1.00000010591652
32.775	12.75	1.00000010569876	0.800000002707245	9.35292083687421e-09	54.0423420624072	1.00000008455901
32.925	12.75	1.00000008195547	0.800000002712916	9.24738886802617e-09	53.9223420530659	1.00000006556438
33.075	12.75	1.00000006131279	0.80000000269346	9.14393979650243e-09	53.8023420458578	1.00000004905023
33.225	12.75	1.00000004376435	0.800000002654795	9.04254588289268e-09	53.6823420404858	1.00000003501148
33.375	12.75	1.00000002918824	0.800000002602324	8.94318689849994e-09	53.5623420366586	1.00000002335059
33.525	12.75	1.00000001737989	0.800000002540533	8.84582554565868e-09	53.4423420341009	1.00000001390391
33.675	12.75	1.00000000808003	0.800000002473109	8.75045189265519e-09	53.3223420325595	1.00000000646402
33.825	12.75	1.00000000099792	0.800000002403149	8.65699277838242e-09	53.2023420318076	1.00000000079833
33.975	12.75	0.999999995830302	0.800000002333049	8.56544086675545e-09	53.082342031647	0.999999996664242
34.125	12.75	0.999999992276166	0.800000002264524	8.47577890930274e-09	52.9623420319083	0.999999993820933
34.275	12.75	0.999999990047904	0.800000002198961	8.38796850477842e-09	52.8423420324506	0.999999992038323
34.425	12.75	0.999999988879285	0.800000002137193	8.30198091601468e-09	52.7223420331594	0.999999991103428
34.575	12.75	0.999999988530646	0.800000002079723	8.21779325091937e-09	52.6023420339446	0.999999990824517
34.725	12.75	0.999999988791754	0.800000002026621	8.13536606544817e-09	52.4823420347376	0.999999991033403
34.875	12.75	0.999999989482818	0.800000001978003	8.05469379447285e-09	52.3623420354886	0.999999991586254
35.025	12.75	0.999999990454022	0.800000001933491	7.97575657954175e-09	52.2423420361635	0.999999992363218
35.175	12.75	0.99999999158396	0.800000001892758	7.89850829201198e-09	52.1223420367413	0.999999993267168
35.325	12.75	0.999999992777338	0.800000001855371	7.82291817167138e-09	52.0023420372115	0.999999994221871
35.475	12.75	0.999999993962091	0.800000001820957	7.7489917670793e-09	51.8823420375714	0.999999995169673
35.625	12.75	0.999999995086364	0.800000001788911	7.67668340800148e-09	51.7623420378245	0.999999996069091
35.775	12.75	0.999999996115368	0.800000001758752	7.60599092856829e-09	51.6423420379782	0.999999996892295
35.925	12.75	0.999999997028292	0.800000001730053	7.53687375127078e-09	51.5223420380427	0.999999997622634
36.075	12.75	0.999999997815461	0.800000001702512	7.46931847200218e-09	51.4023420380297	0.999999998252369
36.225	12.75	0.999999998475757	0.800000001675646	7.40328726052609e-09	51.2823420379514	0.999999998780605
36.375	12.75	0.99999999901429	0.800000001649209	7.33879216292754e-09	51.1623420378197	0.999999999211432
36.525	12.75	0.999999999440466	0.800000001622935	7.27578862633888e-09	51.0423420376459	0.999999999552373
36.675	12.75	0.999999999766331	0.800000001596639	7.21425672758829e-09	50.9223420374402	0.999999999813065
36.825	12.75	1.00000000000535	0.800000001570189	7.15418672195816e-09	50.8023420372117	1.00000000000428
36.975	12.75	1.00000000017136	0.800000001543444	7.09556476162162e-09	50.6823420369681	1.00000000013709
37.125	12.75	1.00000000027792	0.80000000151639	7.0383703457634e-09	50.5623420367158	1.00000000022234
37.275	12.75	1.00000000033771	0.800000001488839	6.98256821723773e-09	50.4423420364598	1.00000000027017
37.425	12.75	1.00000000036185	0.80000000146076	6.92814206170807e-09	50.3223420362043	1.00000000028948
37.575	12.75	1.00000000035916	0.800000001432026	6.87511605011754e-09	50.2023420359521	1.00000000028733
37.725	12.75	1.00000000033568	0.800000001402799	6.82342847712609e-09	50.0823420357057	1.00000000026855
37.875	12.75	1.00000000029554	0.800000001373715	6.77308056782023e-09	49.9623420354668	1.00000000023643
38.025	12.75	1.00000000024454	0.80000000134569	6.72405070607162e-09	49.8423420352368	1.00000000019563
38.175	12.75	1.00000000019658	0.800000001319601	6.67633239553263e-09	49.7223420350161	1.00000000015726
38.325	12.75	1.00000000017806	0.800000001293745	6.62989106920483e-09	49.6023420348032	1.00000000014245
38.475	12.75	1.00000000021823	0.800000001262071	6.58474470675813e-09	49.4823420345938	1.00000000017458
38.625	12.75	1.0000000003104	0.800000001213899	6.54085814239873e-09	49.3623420343827	1.00000000024832
38.775	12.75	1.00000000034602	0.800000001142781	6.49822819713081e-09	49.24234203417	1.00000000027682
38.925	12.75	1.00000000007387	0.800000001066657	6.45682046556051e-09	49.1223420339734	1.0000000000591
39.075	12.75	0.999999999212031	0.800000001051701	6.41664555197049e-09	49.0023420338358	0.999999999369625
39.225	12.75	0.999999997861586	0.800000001206769	6.37768717449861e-09	48.8823420338091	0.999999998289269
39.375	12.75	0.999999997187164	0.80000000159323	6.33991923859867e-09	48.7623420338844	0.999999997749731
39.525	12.75	0.999999999800284	0.800000002017603	6.30334969277975e-09	48.6423420338712	0.999999999840227
39.675	12.75	1.00000000854991	0.800000001801255	6.26794172596917e-09	48.5223420333174	1.00000000683993
39.825	12.75	1.00000002228112	0.799999999861554	6.23371344791241e-09	48.4023420316893	1.00000001782489
39.975	12.75	1.00000002906866	0.799999995634879	6.20063833842601e-09	48.282342029081	1.00000002325493
40.125	12.75	1.00000000269436	0.799999991106005	6.16870167455648e-09	48.1623420274176	1.00000000215549
40.275	12.75	0.999999915051602	0.79999999295166	6.13790276095449e-09	48.0423420312318	0.999999932041281
40.425	12.75	0.999999777875201	0.800000011557272	6.10822975244395e-09	47.9223420458422	0.999999822300161
40.575	12.75	0.999999707649944	0.800000052027876	6.07966971726233e-09	47.8023420704126	0.999999766119955
40.725	12.75	0.99999995751777	0.800000095175119	6.05221378415779e-09	47.682342086365	0.999999966014216
40.875	12.75	1.00000079734943	0.800000078313504	6.02585395228e-09	47.5623420500166	1.00000063787954
41.025	12.75	1.00000212196186	0.799999905729027	6.00060342649088e-09	47.4423419097798	1.00000169756949
41.175	12.75	1.00000285290257	0.799999531531261	5.97640634426973e-09	47.3223416708813	1.00000228232205
41.325	12.75	1.000000651631	0.79999912921195	5.95330847109828e-09	47.2023415025635	1.0000005213048
41.475	12.75	0.999993003858026	0.7999992567016	5.93133485567654e-09	47.0823418070047	0.999994403086421
41.625	12.75	0.999980706637715	0.800000757241571	5.91041633202411e-09	46.962343068811	0.999984565310172
41.775	12.75	0.999973138463821	0.800004041801928	5.89052258483654e-09	46.8423452841613	0.999978510771057
41.925	12.75	0.999990827520408	0.800007658653044	5.87157382241223e-09	46.7223470137114	0.999992662016326
42.075	12.75	1.00005637953613	0.800006937209124	5.8534423695995e-09	46.6023447476983	1.0000451036289
42.225	12.75	1.00016528886172	0.799994825019698	5.83614344841924e-09	46.4823341075838	1.00013223108937
42.375	12.75	1.00024184955419	0.799967675027192	5.82002141045188e-09	46.3623145649362	1.00019347964335
42.525	12.75	1.00011633628676	0.799936551240233	5.80586532010659e-09	46.2422973718375	1.0000930690294
42.675	12.75	0.999594226906199	0.799937861374067	5.79455765877768e-09	46.1223112647686	0.999675381524959
42.825	12.75	0.998683926300683	0.800027373102787	5.7860796661478e-09	46.0023939158079	0.998947141040546
42.975	12.75	0.997944673215802	0.800237007421908	5.77784471719896e-09	45.882555747634	0.998355738572642
43.125	12.75	0.998684258965373	0.800490005996996	5.76383645095776e-09	45.7627175532345	0.998947407172298
43.275	12.75	1.00248296174734	0.800522975609075	5.73679406923451e-09	45.6426615228466	1.00198636939787
43.425	12.75	1.00955927623935	0.799934825974439	5.69595476914164e-09	45.5220836202495	1.00764742099148
43.575	12.75	1.01623380739381	0.7984798819447	5.65819420025823e-09	45.4008458435402	1.01298704591505
43.725	12.75	1.01328677102408	0.796573392103491	5.66450680859818e-09	45.2794286871993	1.01062941681927
43.875	12.75	0.988680897770578	0.79583325083746	5.77105116751807e-09	45.1593336927256	0.990944718216462
44.025	12.75	0.938367896628005	0.799351007464435	6.01063254882935e-09	45.0428406602498	0.950694317302404
44.175	12.75	0.884673133423536	0.810192428819067	6.29175586469398e-09	44.9313521546277	0.907738506738829
44.325	12.75	0.889127901561001	0.824441952946857	6.26512270567381e-09	44.8222078005976	0.911302321248801
44.475	12.75	1.0325719513798	0.826489829098415	5.56294134621285e-09	44.7059573949911	1.02605756110384
44.625	12.75	1.34924434199445	0.808622132971524	4.45991211518889e-09	44.567799959101	1.27939547359556
44.775	12.75	1.76408811824893	0.709537047478797	3.53996765347375e-09	44.3955931459592	1.61127049459914
44.925	12.75	2.11154506635978	0.834636814106726	3.01834100885254e-09	44.2248231262727	1.88923605308783
0.075	13.25	3.47473586565456e-16	0.39999999165266	-4.71244990301377e-07	65.3895329076809	0.2
0.225	13.25	1.09796504988788e-15	0.799999974979522	-4.70474022528313e-07	65.3655329081817	0.200000000000001
0.375	13.25	2.54818951549558e-15	0.799999958373391	-4.68934998034793e-07	65.3415329091821	0.200000000000002
0.525	13.25	4.61626624476225e-15	0.799999941876033	-4.66634291152497e-07	65.3175329106793	0.200000000000004
0.675	13.25	7.14881770529943e-15	0.799999925531673	-4.63580845386901e-07	65.2935329126695	0.200000000000006
0.825	13.25	9.93588523339887e-15	0.799999909382032	-4.5978697064307e-07	65.2695329151475	0.200000000000008
0.975	13.25	1.27379716357812e-14	0.799999893468627	-4.55267628288894e-07	65.2455329181066	0.20000000000001
1.125	13.25	1.5299708698463e-14	0.799999877830181	-4.50040419720208e-07	65.2215329215393	0.200000000000012
1.275	13.25	1.73403400668793e-14	0.799999862506156	-4.44125798125478e-07	65.1975329254368	0.200000000000014
1.425	13.25	1.85241253721947e-14	0.799999847532631	-4.3754653956944e-07	65.173532929789	0.200000000000015
1.575	13.25	1.84215044775455e-14	0.799999832943867	-4.30327989890481e-07	65.1495329345848	0.200000000000015
1.725	13.25	1.64738660252421e-14	0.799999818773389	-4.22497110063517e-07	65.1255329398123	0.200000000000013
1.875	13.25	1.1972716327073e-14	0.799999805050891	-4.1408307145733e-07	65.1015329454584	0.20000000000001
2.025	13.25	4.06046171115787e-15	0.799999791805312	-4.05116897209357e-07	65.0775329515093	0.200000000000003
2.175	13.25	-8.24293591905638e-15	0.799999779061477	-3.95631082689702e-07	65.0535329579501	0.199999999999993
2.325	13.25	-2.59845341754914e-14	0.799999766843783	-3.85659349058695e-07	65.0295329647656	0.199999999999979
2.475	13.25	-5.01911276192094e-14	0.79999975517197	-3.75236477309283e-07	65.0055329719395	0.19999999999996
2.625	13.25	-8.17460700113155e-14	0.799999744065464	-3.6439814647994e-07	64.9815329794552	0.199999999999935
2.775	13.25	-1.21225305129813e-13	0.799999733538483	-3.53180906403502e-07	64.9575329872956	0.199999999999903
2.925	13.25	-1.68687770569881e-13	0.799999723604551	-3.41621491080537e-07	64.933532995443	0.199999999999865
3.075	13.25	-2.23416740474675e-13	0.799999714274487	-3.29757028158225e-07	64.9095330038793	0.199999999999821
3.225	13.25	-2.83611774241551e-13	0.799999705555548	-3.17624439544558e-07	64.8855330125865	0.199999999999773
3.375	13.25	-3.46035796572849e-13	0.799999697453236	-3.05260763070694e-07	64.8615330215461	0.199999999999723
3.525	13.25	-4.05628645721735e-13	0.799999689970395	-2.92702661838441e-07	64.8375330307394	0.199999999999676
3.675	13.25	-4.55107166054383e-13	0.799999683107853	-2.79986236673869e-07	64.8135330401479	0.199999999999636
3.825	13.25	-4.84582741806355e-13	0.799999676863025	-2.67146567195388e-07	64.789533049753	0.199999999999612
3.975	13.25	-4.81239899108709e-13	0.799999671232922	-2.54218492392713e-07	64.7655330595362	0.199999999999615
4.125	13.25	-4.29134155040771e-13	0.799999666210633	-2.41235363714952e-07	64.7415330694791	0.199999999999657
4.275	13.25	-3.09183068011381e-13	0.799999661789192	-2.28229631196534e-07	64.7175330795637	0.199999999999753
4.425	13.25	-9.94408090182213e-14	0.799999657958294	-2.15232541695386e-07	64.6935330897719	0.19999999999992
4.575	13.25	2.24237799122668e-13	0.799999654706443	-2.02274054084305e-07	64.6695331000862	0.200000000000179
4.725	13.25	6.87024396934274e-13	0.799999652020818	-1.89382752132138e-07	64.6455331104894	0.20000000000055
4.875	13.25	1.31330704812732e-12	0.79999964988725	-1.76585534732087e-07	64.6215331209648	0.200000000001051
5.025	13.25	2.12411276657111e-12	0.799999648290138	-1.63908025294983e-07	64.5975331314959	0.200000000001699
5.175	13.25	3.133640702395e-12	0.799999647211988	-1.51374092042963e-07	64.573533142067	0.200000000002507
5.325	13.25	4.34480622381346e-12	0.799999646636243	-1.39006250807765e-07	64.5495331526626	0.200000000003476
5.475	13.25	5.74373629361007e-12	0.799999646543819	-1.26825258257014e-07	64.525533163268	0.200000000004595
5.625	13.25	7.29321869458946e-12	0.799999646915167	-1.14850038940197e-07	64.5015331738689	0.200000000005835
5.775	13.25	8.9251962124228e-12	0.799999647730754	-1.03098283795431e-07	64.4775331844517	0.20000000000714
5.925	13.25	1.05325153057975e-11	0.79999964896992	-9.15859648439398e-08	64.4535331950033	0.200000000008426
6.075	13.25	1.19602902395886e-11	0.799999650612433	-8.03273391604639e-08	64.4295332055115	0.200000000009568
6.225	13.25	1.29974292643197e-11	0.79999965263721	-6.93352398035528e-08	64.4055332159643	0.200000000010398
6.375	13.25	1.33690888684738e-11	0.799999655023002	-5.86208308081776e-08	64.3815332263507	0.200000000010695
6.525	13.25	1.27310715763216e-11	0.799999657749071	-4.81939837614006e-08	64.3575332366603	0.200000000010185
6.675	13.25	1.06674554235116e-11	0.799999660794334	-3.80629589989168e-08	64.3335332468833	0.200000000008534
6.825	13.25	6.69302708220958e-12	0.799999664138063	-2.82349319016702e-08	64.3095332570106	0.200000000005354
6.975	13.25	2.62369048158291e-13	0.799999667759725	-1.87154372439642e-08	64.2855332670338	0.20000000000021
7.125	13.25	-9.21229909839713e-12	0.799999671638367	-9.50906917494102e-09	64.261533276945	0.19999999999263
7.275	13.25	-2.23322337810409e-11	0.799999675755123	-6.18873779381618e-10	64.2375332867372	0.199999999982134
7.425	13.25	-3.96698466897063e-11	0.799999680090043	7.9528787894287e-09	64.213533296404	0.199999999968264
7.575	13.25	-6.17106031842967e-11	0.799999684624085	1.62053519798099e-08	64.1895333059394	0.199999999950632
7.725	13.25	-8.87770214580558e-11	0.799999689339221	2.41382980268231e-08	64.1655333153384	0.199999999928978
7.875	13.25	-1.20933123885994e-10	0.799999694217287	3.17526510854228e-08	64.1415333245961	0.199999999903253
8.025	13.25	-1.57868460201773e-10	0.79999969924115	3.90500945085432e-08	64.1175333337086	0.199999999873705
8.175	13.25	-1.98761944895713e-10	0.799999704394374	4.60333259979833e-08	64.093533342672	0.19999999984099
8.325	13.25	-2.42127281253206e-10	0.799999709660922	5.27052698572314e-08	64.0695333514831	0.199999999806298
8.475	13.25	-2.85643724548418e-10	0.799999715025466	5.90701468788565e-08	64.0455333601388	0.199999999771485
8.625	13.25	-3.25978395365789e-10	0.799999720473557	6.5132405291707e-08	64.0215333686364	0.199999999739217
8.775	13.25	-3.58609296439674e-10	0.799999725991254	7.08969843020631e-08	63.997533376973	0.199999999713113
8.925	13.25	-3.77661588960399e-10	0.799999731565217	7.63696871207688e-08	63.9735333851458	0.199999999697871
9.075	13.25	-3.75773484828123e-10	0.799999737182894	8.15562408844167e-08	63.9495333931516	0.199999999699381
9.225	13.25	-3.44012201278247e-10	0.799999742832496	8.64630639871899e-08	63.9255334009869	0.19999999972479
9.375	13.25	-2.71864640804747e-10	0.799999748502345	9.10969538525912e-08	63.9015334086477	0.199999999782508
9.525	13.25	-1.47331577598778e-10	0.79999975418165	9.54648312753005e-08	63.877533416129	0.199999999882135
9.675	13.25	4.28421389737909e-11	0.799999759860238	9.95739156692836e-08	63.8535334234251	0.200000000034274
9.825	13.25	3.1276587431173e-10	0.799999765528158	1.03431520084245e-07	63.8295334305291	0.200000000250213
9.975	13.25	6.76792702180409e-10	0.799999771175972	1.07045446266509e-07	63.8055334374333	0.200000000541434
10.125	13.25	1.14866268455536e-09	0.79999977679484	1.10423146823268e-07	63.7815334441286	0.20000000091893
10.275	13.25	1.74036460952414e-09	0.799999782375882	1.13572392402394e-07	63.7575334506051	0.200000001392292
10.425	13.25	2.46068574807407e-09	0.799999787910679	1.16501044116685e-07	63.7335334568519	0.200000001968549
10.575	13.25	3.31342747160112e-09	0.799999793391109	1.19217030370188e-07	63.709533462858	0.200000002650742
10.725	13.25	4.29527682166803e-09	0.799999798809865	1.21727998204216e-07	63.6855334686123	0.200000003436221
10.875	13.25	5.39334085796146e-09	0.799999804158597	1.24041857922642e-07	63.6615334741047	0.200000004314673
11.025	13.25	6.5823722469499e-09	0.799999809430576	1.26166393060359e-07	63.6375334793272	0.200000005265898
11.175	13.25	7.82174135224421e-09	0.799999814618511	1.28109109767119e-07	63.6135334842751	0.200000006257393
11.325	13.25	9.05224210293043e-09	0.799999819716054	1.29877827292179e-07	63.5895334889484	0.200000007241794
11.475	13.25	1.0192855932482e-08	0.799999824716878	1.31479822151266e-07	63.5655334933541	0.200000008154285
11.625	13.25	1.11376395646249e-08	0.799999829616429	1.32922403764896e-07	63.5415334975083	0.200000008910112
11.775	13.25	1.17529474637475e-08	0.799999834409144	1.34213151546212e-07	63.5175335014387	0.200000009402358
11.925	13.25	1.18752470488358e-08	0.799999839092486	1.3535889012274e-07	63.4935335051872	0.200000009500198
12.075	13.25	1.13098325364484e-08	0.799999843663861	1.36366461946926e-07	63.4695335088131	0.200000009047866
12.225	13.25	9.83078934675004e-09	0.799999848123161	1.37242806713495e-07	63.4455335123959	0.200000007864632
12.375	13.25	7.18260279126032e-09	0.799999852471499	1.37994443201296e-07	63.4215335160382	0.200000005746082
12.525	13.25	3.08383935503807e-09	0.799999856713267	1.38627909454705e-07	63.3975335198685	0.200000002467071
12.675	13.25	-2.76664682261419e-09	0.799999860854657	1.39149288137727e-07	63.3735335240433	0.199999997786683
12.825	13.25	-1.06805188005444e-08	0.799999864904942	1.39564672818277e-07	63.3495335287484	0.199999991455585
12.975	13.25	-2.09673150067444e-08	0.79999986887752	1.3988018644903e-07	63.3255335341997	0.199999983226148
13.125	13.25	-3.39179267922423e-08	0.799999872788149	1.40101120208357e-07	63.3015335406415	0.199999972865659
13.275	13.25	-4.97838054331894e-08	0.799999876657568	1.40233266885016e-07	63.2775335483446	0.199999960172956
13.425	13.25	-6.8751572289235e-08	0.799999880510385	1.40281930629753e-07	63.2535335576005	0.199999944998742
13.575	13.25	-9.09127865798303e-08	0.799999884374487	1.40252242202174e-07	63.2295335687143	0.199999927269771
13.725	13.25	-1.1622871745013e-07	0.799999888283447	1.40149060000301e-07	63.2055335819933	0.199999907017026
13.875	13.25	-1.44490060854886e-07	0.799999892273561	1.39977119434851e-07	63.1815335977332	0.199999884407951
14.025	13.25	-1.75271622001301e-07	0.799999896386078	1.3974118356714e-07	63.157533616199	0.199999859782702
14.175	13.25	-2.07882028292065e-07	0.799999900665838	1.39445607494039e-07	63.1335336376022	0.199999833694377
14.325	13.25	-2.41308514394078e-07	0.799999905162598	1.39094616115122e-07	63.1095336620724	0.199999806953189
14.475	13.25	-2.74156687026456e-07	0.799999909929548	1.38692155273479e-07	63.0855336896237	0.19999978067465
14.625	13.25	-3.0458487406774e-07	0.799999915025638	1.38242399315214e-07	63.0615337201147	0.199999756332101
14.775	13.25	-3.3023211300796e-07	0.799999920516332	1.37748855100863e-07	63.0375337532024	0.19999973581431
14.925	13.25	-3.48137934884773e-07	0.799999926476442	1.37215174427841e-07	63.0135337882883	0.199999721489652
15.075	13.25	-3.54650716207952e-07	0.799999932993628	1.36644800798592e-07	62.9895338244563	0.199999716279427
15.225	13.25	-3.45319324752152e-07	0.79999994017666	1.36040927456848e-07	62.9655338604016	0.19999972374454
15.375	13.25	-3.14759841008938e-07	0.799999948162798	1.35406818503335e-07	62.941533894347	0.199999748192127
15.525	13.25	-2.56484986865755e-07	0.799999957135097	1.34745278839305e-07	62.9175339239457	0.199999794812011
15.675	13.25	-1.62678129497819e-07	0.799999967340619	1.34059172263362e-07	62.893533946164	0.199999869857496
15.825	13.25	-2.38858121238924e-08	0.799999979121855	1.33351300228955e-07	62.8695339571394	0.19999998089135
15.975	13.25	1.71408024406019e-07	0.799999992956652	1.32624317340423e-07	62.8455339520028	0.20000013712642
16.125	13.25	4.37377587383541e-07	0.800000009516058	1.31880425156336e-07	62.8215339246517	0.20000034990207
16.275	13.25	7.91691755870247e-07	0.800000029742165	1.31122055769234e-07	62.7975338674553	0.200000633353405
16.425	13.25	1.25668941614288e-06	0.800000054954422	1.30351446237803e-07	62.7735337708624	0.200001005351533
16.575	13.25	1.86102726209906e-06	0.800000086996425	1.29570699926836e-07	62.7495336228737	0.20000148882181
16.725	13.25	2.64198180721163e-06	0.800000128431392	1.28781706752249e-07	62.7255334083253	0.200002113585446
16.875	13.25	3.64865178821979e-06	0.800000182809419	1.27986403963038e-07	62.7015331079072	0.200002918921431
17.025	13.25	4.94639334160365e-06	0.800000255023503	1.27186660471866e-07	62.6775326968154	0.200003957114673
17.175	13.25	6.62293573074151e-06	0.80000035179438	1.2638394110138e-07	62.653532142898	0.200005298348585
17.325	13.25	8.7967804509905e-06	0.800000482317984	1.25579773418492e-07	62.6295314041035	0.200007037424361
17.475	13.25	1.16286961013356e-05	0.800000659143884	1.24775758547892e-07	62.605530424976	0.200009302956881
17.625	13.25	1.53374060990048e-05	0.800000899360086	1.23973126984285e-07	62.5815291318434	0.200012269924879
17.775	13.25	2.0220953098248e-05	0.80000122619717	1.23173213342358e-07	62.5575274262291	0.200016176762479
17.925	13.25	2.66857454681531e-05	0.800001671183308	1.22377066684814e-07	62.5335251758426	0.200021348596375
18.075	13.25	3.52859844826141e-05	0.800002277024414	1.21585525213232e-07	62.5095222022843	0.200028228787586
18.225	13.25	4.6777079946027e-05	0.800003101431844	1.20799402660859e-07	62.4855182642929	0.200037421663957
18.375	13.25	6.21878510839071e-05	0.800004222209106	1.20019496135685e-07	62.4615130349642	0.200049750280867
18.525	13.25	8.29178949739522e-05	0.800005744080471	1.19246047393104e-07	62.4375060708299	0.200066334315979
18.675	13.25	0.000110868702146125	0.800007808019405	1.18479029947387e-07	62.4134967699692	0.200088694961717
18.825	13.25	0.000148620259320709	0.800010604188043	1.17718327689681e-07	62.3894843153502	0.200118896207457
18.975	13.25	0.000199669459539651	0.800014389906808	1.16963209726899e-07	62.3654675982499	0.200159735567632
19.125	13.25	0.000268753048624548	0.800019514105239	1.16212381256785e-07	62.34144511473	0.2002150024389
19.275	13.25	0.000362286162626315	0.800026449286782	1.15463734347105e-07	62.3174148255596	0.200289828930101
19.425	13.25	0.000488957310239388	0.800035831331382	1.14714243904835e-07	62.2933739665298	0.200391165848192
19.575	13.25	0.000660531194800374	0.800048507391533	1.13959496345557e-07	62.2693187916713	0.20052842495584
19.725	13.25	0.000892922214241592	0.800065594403244	1.13193381899247e-07	62.2452442264071	0.200714337771393
19.875	13.25	0.00120761713050203	0.800088557184535	1.12407449759566e-07	62.221143400885	0.200966093704402
20.025	13.25	0.00163355412336577	0.800119325504699	1.11590218103629e-07	62.1970070248207	0.201306843298693
20.175	13.25	0.00220962179521534	0.800160478948232	1.10726425386285e-07	62.1728225521811	0.201767697436172
20.325	13.25	0.00298804036692076	0.800215525146635	1.09795665543328e-07	62.1485730635956	0.202390432293537
20.475	13.25	0.00403902965388278	0.800289264713277	1.08771402758212e-07	62.1242357623624	0.203231223723106
20.625	13.25	0.00545732371859851	0.800388162861476	1.07618538951082e-07	62.0997799336156	0.204365858974879
20.775	13.25	0.00737118403343817	0.800520539533319	1.06291577342954e-07	62.0751641580375	0.205896947226751
20.925	13.25	0.00995447750625273	0.800696283650888	1.04732276816692e-07	62.0503325130309	0.207963582005002
21.075	13.25	0.0134420120761917	0.800925756595888	1.02868462350971e-07	62.0252094578636	0.210753609660953
21.225	13.25	0.0181476176645175	0.801217638202013	1.00613117948395e-07	61.999693114749	0.214518094131614
21.375	13.25	0.0244834935794142	0.80157570493697	9.78697642055753e-08	61.9736467536441	0.219586794863531
21.525	13.25	0.0329782629736628	0.801994868861947	9.45419320358803e-08	61.9468884827827	0.22638261037893
21.675	13.25	0.044290072168098	0.802457171736642	9.05510247960752e-08	61.9191794460671	0.235432057734478
21.825	13.25	0.0592098317672361	0.80292878430037	8.58586273297053e-08	61.890211239827	0.247367865413789
21.975	13.25	0.078648016356674	0.803359398119145	8.04914476477719e-08	61.8595938122316	0.262918413085339
22.125	13.25	0.103596190192243	0.803685581729571	7.45565303903744e-08	61.8268458463998	0.282876952153794
22.275	13.25	0.135052302293783	0.803839327337535	6.82407974313713e-08	61.7913905738767	0.308041841835026
22.425	13.25	0.173898992872889	0.803761743867717	6.17893820850917e-08	61.75256100232	0.339119194298311
22.575	13.25	0.220730583975053	0.803419695840595	5.54665316880267e-08	61.7096192633802	0.376584467180042
22.725	13.25	0.275641525560375	0.802820793023766	4.9512761340864e-08	61.661794388896	0.4205132204483
22.875	13.25	0.338017854814943	0.802020581432349	4.41105046174707e-08	61.608340236245	0.470414283851955
23.025	13.25	0.406404721641864	0.801116454514793	3.9367758524067e-08	61.5486098076613	0.525123777313491
23.175	13.25	0.478534570338988	0.800226932792826	3.53197720375433e-08	61.4821346466462	0.58282765627119
23.325	13.25	0.551566084707725	0.799461975474825	3.19432901350089e-08	61.4086914913439	0.64125286776618
23.475	13.25	0.622501305894416	0.798895934318658	2.9176161647419e-08	61.3283374613132	0.698001044715532
23.625	13.25	0.688659255925329	0.79855441463255	2.69361968741409e-08	61.2414024323119	0.750927404740263
23.775	13.25	0.748051808401961	0.798418748376151	2.51358655126449e-08	61.148440543076	0.798441446721569
23.925	13.25	0.799557779558936	0.798442573589776	2.36919355471002e-08	61.0501552461489	0.839646223647149
24.075	13.25	0.842886469025958	0.79857085447342	2.25309147198909e-08	60.9473177555619	0.874309175220766
24.225	13.25	0.878398154894119	0.798753966207237	2.15908940669751e-08	60.8406958986099	0.902718523915295
24.375	13.25	0.906872099496644	0.798954497100381	2.08214717768692e-08	60.731002755158	0.925497679597315
24.525	13.25	0.929292197403212	0.799148200612766	2.0182645430537e-08	60.6188667386588	0.94343375792257
24.675	13.25	0.946685093481873	0.79932177705695	1.96431911620802e-08	60.5048197381457	0.957348074785498
24.825	13.25	0.96001677417514	0.799469696590019	1.91790963679567e-08	60.389297989339	0.968013419340112
24.975	13.25	0.970138072718569	0.799591297363015	1.87720504831531e-08	60.2726505197492	0.976110458174855
25.125	13.25	0.977764768959365	0.799688601545968	1.8408195905012e-08	60.1551511610525	0.982211815167492
25.275	13.25	0.983479107077387	0.799764856517381	1.8077179274004e-08	60.0370114418812	0.98678328566191
25.425	13.25	0.987742790962362	0.79982364531102	1.77712993202837e-08	59.9183927831911	0.990194232769889
25.575	13.25	0.990914817756947	0.799868391306004	1.74847554228008e-08	59.7994172136352	0.992731854205557
25.725	13.25	0.993270126707898	0.799902116275723	1.7213371582715e-08	59.6801763338246	0.994616101366318
25.875	13.25	0.99501687474258	0.799927352728542	1.69540447303621e-08	59.5607385563258	0.996013499794064
26.025	13.25	0.996311339915132	0.799946145045416	1.67044608580724e-08	59.4411548011729	0.997049071932106
26.175	13.25	0.997270176088978	0.799960097230459	1.64630050022447e-08	59.3214628878718	0.997816140871183
26.325	13.25	0.997980145916725	0.799970440593717	1.62284055721426e-08	59.2016908720521	0.99838411673338
26.475	13.25	0.998505654686201	0.799978105092063	1.59997800921716e-08	59.0818595533483	0.998804523748961
26.625	13.25	0.998894473342455	0.799983785177518	1.57764449599402e-08	58.9619843469723	0.999115578673964
26.775	13.25	0.999182029796922	0.799987995862124	1.55579109777142e-08	58.8420766746111	0.999345623837538
26.925	13.25	0.999394600861669	0.799991117853219	1.53438002115792e-08	58.7221449961361	0.999515680689335
27.075	13.25	0.999551676924889	0.7999934324494	1.5133820156009e-08	58.6021955745991	0.999641341539912
27.225	13.25	0.999667711982973	0.799995147762425	1.49277746682056e-08	58.482233043725	0.999734169586379
27.375	13.25	0.999753419905371	0.799996418064465	1.47254419680155e-08	58.3622608291827	0.999802735924297
27.525	13.25	0.999816736204856	0.799997357933129	1.45267704820098e-08	58.2422814614718	0.999853388963884
27.675	13.25	0.999863532814749	0.799998052574813	1.4331557573681e-08	58.1222968083352	0.999890826251799
27.825	13.25	0.99989814989891	0.799998565385547	1.41397831723627e-08	58.0023082473352	0.999918519919128
27.975	13.25	0.999923791677243	0.799998943522732	1.39513313641524e-08	57.8823167939039	0.999939033341794
28.125	13.25	0.99994282094023	0.799999222037173	1.37661311642994e-08	57.762323196257	0.999954256752184
28.275	13.25	0.999956977996432	0.799999426952598	1.35841485587843e-08	57.6423280056615	0.999965582397145
28.425	13.25	0.999967543255468	0.799999577567355	1.3405304403977e-08	57.52233162839	0.999974034604375
28.575	13.25	0.999975457805756	0.799999688174875	1.32295662815219e-08	57.402334364083	0.999980366244605
28.725	13.25	0.999981412728737	0.799999769349412	1.30568726895108e-08	57.282336434037	0.99998513018299
28.875	13.25	0.999985915176748	0.799999828904537	1.28871666842818e-08	57.1623380020332	0.999988732141398
29.025	13.25	0.999989337201542	0.799999872606667	1.27204435611911e-08	57.0423391896511	0.999991469761234
29.175	13.25	0.999991951790768	0.799999904705372	1.25566318479002e-08	56.9223400875082	0.999993561432615
29.325	13.25	0.999993959424894	0.799999928326692	1.23956887367164e-08	56.8023407634955	0.999995167539915
29.475	13.25	0.999995507614374	0.799999945765669	1.22376006365301e-08	56.6823412688005	0.999996406091499
29.625	13.25	0.999996705242134	0.799999958702675	1.20822772490376e-08	56.5623416423037	0.999997364193707
29.775	13.25	0.999997633065835	0.799999968364753	1.19297084133836e-08	56.4423419137831	0.999998106452668
29.925	13.25	0.999998351385262	0.799999975644334	1.17798631073973e-08	56.3223421062456	0.99999868110821
30.075	13.25	0.999998905620641	0.799999981188518	1.16326910105156e-08	56.2023422376238	0.999999124496513
30.225	13.25	0.999999330355694	0.799999985464169	1.14881737170847e-08	56.0823423220099	0.999999464284555
30.375	13.25	0.999999652255968	0.799999988807071	1.13462123992393e-08	55.9623423705563	0.999999721804775
30.525	13.25	0.999999892166584	0.799999991457642	1.12068301108302e-08	55.8423423921346	0.999999913733267
30.675	13.25	1.00000006661441	0.799999993587436	1.10699839395152e-08	55.722342393823	1.00000005329153
30.825	13.25	1.00000018888043	0.799999995318905	1.09356260314148e-08	55.6023423812684	1.00000015110434
30.975	13.25	1.00000026976428	0.79999999673939	1.08037266464101e-08	55.4823423589623	1.00000021581142
31.125	13.25	1.00000031813022	0.799999997911697	1.06742263937747e-08	55.3623423304519	1.00000025450418
31.275	13.25	1.00000034129911	0.799999998881435	1.05471161191207e-08	55.2423422985077	1.00000027303929
31.425	13.25	1.00000034533333	0.799999999682424	1.04223456735039e-08	55.122342265258	1.00000027626667
31.575	13.25	1.00000033524792	0.800000000340528	1.02998811600793e-08	55.002342232299	1.00000026819834
31.725	13.25	1.00000031517153	0.800000000875949	1.01797250588313e-08	54.8823422007882	1.00000025213723
31.875	13.25	1.00000028847335	0.800000001305573	1.00617964613305e-08	54.7623421715233	1.00000023077868
32.025	13.25	1.00000025786736	0.800000001643521	9.94607245960901e-09	54.6423421450097	1.00000020629388
32.175	13.25	1.00000022550094	0.800000001902293	9.83253407415877e-09	54.5223421215197	1.00000018040075
32.325	13.25	1.0000001930328	0.800000002093129	9.72117644166198e-09	54.4023421011428	1.00000015442624
32.475	13.25	1.00000016170283	0.800000002226266	9.61190194841071e-09	54.2823420838294	1.00000012936226
32.625	13.25	1.00000013239565	0.800000002310954	9.50472104132891e-09	54.162342069428	1.00000010591652
32.775	13.25	1.00000010569876	0.800000002355774	9.39962491366244e-09	54.0423420577162	1.00000008455901
32.925	13.25	1.00000008195547	0.800000002368318	9.2965239711285e-09	53.9223420484271	1.00000006556438
33.075	13.25	1.00000006131279	0.800000002355617	9.19543408761594e-09	53.8023420412702	1.00000004905024
33.225	13.25	1.00000004376434	0.800000002323669	9.09630314663989e-09	53.6823420359483	1.00000003501147
33.375	13.25	1.00000002918824	0.800000002277777	8.99912983485824e-09	53.5623420321703	1.00000002335059
33.525	13.25	1.00000001737989	0.800000002222442	8.90386823388453e-09	53.4423420296608	1.00000001390391
33.675	13.25	1.00000000808002	0.800000002161404	8.81047672556563e-09	53.3223420281667	1.00000000646402
33.825	13.25	1.00000000099792	0.800000002097706	8.71896470970952e-09	53.202342027461	1.00000000079833
33.975	13.25	0.999999995830311	0.800000002033761	8.62928223442836e-09	53.0823420273457	0.999999996664248
34.125	13.25	0.999999992276175	0.800000001971428	8.54140416342283e-09	52.9623420276515	0.99999999382094
34.275	13.25	0.999999990047907	0.800000001911879	8.45531616713652e-09	52.8423420282373	0.999999992038325
34.425	13.25	0.999999988879295	0.800000001856052	8.37096772335698e-09	52.7223420289887	0.999999991103436
34.575	13.25	0.999999988530661	0.800000001804353	8.2883775088556e-09	52.6023420298156	0.999999990824529
34.725	13.25	0.999999988791767	0.800000001757075	8.20748216109977e-09	52.4823420306495	0.999999991033414
34.875	13.25	0.999999989482831	0.800000001714121	8.12828008504751e-09	52.3623420314405	0.999999991586265
35.025	13.25	0.999999990454033	0.800000001675237	8.05073010081825e-09	52.2423420321545	0.999999992363226
35.175	13.25	0.99999999158397	0.80000000164005	7.97483536675487e-09	52.1223420327707	0.999999993267176
35.325	13.25	0.999999992777341	0.800000001608135	7.90055062774643e-09	52.0023420332784	0.999999994221873
35.475	13.25	0.999999993962105	0.800000001579048	7.82787253398839e-09	51.882342033675	0.999999995169684
35.625	13.25	0.999999995086374	0.800000001552289	7.75676426448333e-09	51.762342033964	0.999999996069099
35.775	13.25	0.999999996115371	0.800000001527411	7.68720167854129e-09	51.6423420341527	0.999999996892297
35.925	13.25	0.999999997028288	0.800000001503892	7.61919795486533e-09	51.5223420342516	0.99999999762263
36.075	13.25	0.999999997815465	0.800000001481392	7.55268228458452e-09	51.4023420342721	0.999999998252372
36.225	13.25	0.999999998475765	0.800000001459565	7.48768685397388e-09	51.2823420342266	0.999999998780612
36.375	13.25	0.999999999014294	0.800000001438098	7.42414805899198e-09	51.1623420341269	0.999999999211436
36.525	13.25	0.999999999440463	0.800000001416722	7.36207657410648e-09	51.0423420339844	0.999999999552371
36.675	13.25	0.99999999976634	0.800000001395283	7.30144939734916e-09	50.9223420338093	0.999999999813072
36.825	13.25	1.00000000000535	0.800000001373607	7.2422364619851e-09	50.8023420336106	1.00000000000428
36.975	13.25	1.00000000017136	0.800000001351599	7.18443264524384e-09	50.6823420333962	1.00000000013709
37.125	13.25	1.00000000027792	0.800000001329169	7.12801730935032e-09	50.5623420331723	1.00000000022234
37.275	13.25	1.00000000033772	0.800000001306236	7.07296871157824e-09	50.4423420329441	1.00000000027017
37.425	13.25	1.00000000036184	0.800000001282709	7.01930083095871e-09	50.3223420327155	1.00000000028948
37.575	13.25	1.00000000035915	0.800000001258447	6.96694203153986e-09	50.2023420324898	1.00000000028732
37.725	13.25	1.00000000033568	0.800000001233686	6.91591387243569e-09	50.082342032269	1.00000000026855
37.875	13.25	1.00000000029555	0.800000001208974	6.86620089594074e-09	49.9623420320552	1.00000000023644
38.025	13.25	1.00000000024454	0.800000001185327	6.81779203960819e-09	49.8423420318496	1.00000000019563
38.175	13.25	1.00000000019658	0.800000001163506	6.77065583507583e-09	49.7223420316526	1.00000000015726
38.325	13.25	1.00000000017807	0.800000001141919	6.72478727714735e-09	49.6023420314628	1.00000000014245
38.475	13.25	1.00000000021822	0.800000001114403	6.68016756948845e-09	49.4823420312758	1.00000000017457
38.625	13.25	1.00000000031039	0.800000001070444	6.63679869286905e-09	49.3623420310865	1.00000000024831
38.775	13.25	1.00000000034602	0.800000001003418	6.59464646688931e-09	49.2423420308951	1.00000000027682
38.925	13.25	1.00000000007387	0.800000000931343	6.5537240352382e-09	49.1223420307191	1.0000000000591
39.075	13.25	0.999999999212028	0.800000000920414	6.51398714696979e-09	49.0023420306015	0.999999999369623
39.225	13.25	0.99999999786159	0.800000001079456	6.47545253734373e-09	48.8823420305942	0.999999998289272
39.375	13.25	0.999999997187165	0.800000001469915	6.43809980939436e-09	48.7623420306882	0.999999997749732
39.525	13.25	0.999999999800269	0.800000001898199	6.40192122876025e-09	48.6423420306933	0.999999999840215
39.675	13.25	1.0000000085499	0.800000001685719	6.36689343475667e-09	48.5223420301571	1.00000000683992
39.825	13.25	1.0000000222811	0.799999999749824	6.33301342593826e-09	48.402342028546	1.00000001782488
39.975	13.25	1.00000002906865	0.79999999552702	6.30028107326751e-09	48.2823420259542	1.00000002325492
40.125	13.25	1.00000000269436	0.799999991001931	6.26867331211377e-09	48.1623420243067	1.00000000215548
40.275	13.25	0.999999915051602	0.799999992851294	6.23819323863732e-09	48.0423420281363	0.999999932041282
40.425	13.25	0.999999777875201	0.800000011460562	6.20880948087232e-09	47.9223420427614	0.999999822300161
40.575	13.25	0.999999707649939	0.800000051934948	6.18053934677138e-09	47.802342067346	0.999999766119951
40.725	13.25	0.999999957517767	0.800000095085801	6.15335196551841e-09	47.6823420833121	0.999999966014214
40.875	13.25	1.00000079734942	0.800000078227845	6.12726573234831e-09	47.5623420469769	1.00000063787954
41.025	13.25	1.00000212196185	0.79999990564699	6.10223651379605e-09	47.4423419067526	1.00000169756948
41.175	13.25	1.00000285290257	0.799999531452757	6.07829225572714e-09	47.3223416678661	1.00000228232205
41.325	13.25	1.000000651631	0.799999129137034	6.05543171519099e-09	47.2023414995598	1.0000005213048
41.475	13.25	0.999993003858023	0.799999256630232	6.03364179681878e-09	47.082341804012	0.999994403086418
41.625	13.25	0.999980706637708	0.800000757173674	6.01293034279841e-09	46.9623430658288	0.999984565310167
41.775	13.25	0.999973138463824	0.800004041737531	5.99323985660462e-09	46.842345281189	0.999978510771059
41.925	13.25	0.999990827520422	0.800007658592102	5.97446957195987e-09	46.7223470107485	0.999992662016338
42.075	13.25	1.00005637953614	0.80000693715169	5.95651080772721e-09	46.6023447447443	1.00004510362891
42.225	13.25	1.00016528886171	0.799994824965662	5.93937104117212e-09	46.4823341046382	1.00013223108936
42.375	13.25	1.00024184955414	0.799967674976572	5.92339972540089e-09	46.3623145619984	1.00019347964331
42.525	13.25	1.00011633628666	0.799936551193059	5.9093875854599e-09	46.242297368907	1.00009306902932
42.675	13.25	0.9995942269061	0.799937861330296	5.89827560500793e-09	46.1223112618449	0.99967538152488
42.825	13.25	0.998683926300693	0.800027373062382	5.8900055611887e-09	46.0023939128906	0.998947141040554
42.975	13.25	0.997944673216032	0.800237007384803	5.88196416457587e-09	45.8825557447225	0.998355738572826
43.125	13.25	0.998684258965792	0.80049000596324	5.86799082760326e-09	45.7627175503283	0.998947407172634
43.275	13.25	1.0024829617477	0.800522975578655	5.84074032390215e-09	45.6426615199451	1.00198636939816
43.425	13.25	1.00955927623922	0.799934825947336	5.79942873737754e-09	45.5220836173523	1.00764742099138
43.575	13.25	1.01623380739291	0.798479881921051	5.76121209177166e-09	45.400845840647	1.01298704591433
43.725	13.25	1.01328677102271	0.796573392083246	5.76784500180293e-09	45.2794286843095	1.01062941681816
43.875	13.25	0.988680897769799	0.79583325082053	5.87654588260058e-09	45.1593336898388	0.990944718215839
44.025	13.25	0.938367896629137	0.799351007450598	6.12065677838241e-09	45.0428406573652	0.95069431730331
44.175	13.25	0.88467313342654	0.810192428808148	6.40707331435012e-09	44.9313521517446	0.907738506741232
44.325	13.25	0.889127901563025	0.824441952939291	6.38008039556126e-09	44.8222077977153	0.91130232125042
44.475	13.25	1.03257195137625	0.826489829095186	5.66507192713035e-09	44.7059573921096	1.026057561101
44.625	13.25	1.34924434198314	0.808622132972004	4.54183590232454e-09	44.5677999562205	1.27939547358651
44.775	13.25	1.76408811823275	0.709537047480717	3.60501812074023e-09	44.3955931430797	1.6112704945862
44.925	13.25	2.11154506634275	0.834636814110768	3.07382289648662e-09	44.224823123394	1.8892360530742
0.075	13.75	3.47473584507519e-16	0.399999992815166	-4.19470762089594e-07	65.3895329520229	0.2
0.225	13.75	1.09796505053639e-15	0.799999978462957	-4.18831910694261e-07	65.365532952454	0.200000000000001
0.375	13.75	2.54818946817276e-15	0.799999964163544	-4.17556526898555e-07	65.3415329533152	0.200000000000002
0.525	13.75	4.61626620775013e-15	0.799999949951716	-4.15649354184067e-07	65.3175329546042	0.200000000000004
0.675	13.75	7.14881757442673e-15	0.799999935861518	-4.13117507498367e-07	65.293532956318	0.200000000000006
0.825	13.75	9.93588513764907e-15	0.79999992192693	-4.09970316773658e-07	65.2695329584525	0.200000000000008
0.975	13.75	1.27379714189491e-14	0.799999908181442	-4.06219026643558e-07	65.2455329610024	0.20000000000001
1.125	13.75	1.52997085766229e-14	0.799999894655905	-4.01877761914193e-07	65.2215329639616	0.200000000000012
1.275	13.75	1.73403398366407e-14	0.79999988138185	-3.96961684553195e-07	65.1975329673231	0.200000000000014
1.425	13.75	1.85241253616852e-14	0.799999868389242	-3.91488917283831e-07	65.1735329710787	0.200000000000015
1.575	13.75	1.84215044519973e-14	0.799999855705051	-3.85478499108613e-07	65.1495329752197	0.200000000000015
1.725	13.75	1.64738664597227e-14	0.79999984335748	-3.78951576711817e-07	65.1255329797364	0.200000000000013
1.875	13.75	1.19727169748683e-14	0.799999831370824	-3.71930859959411e-07	65.1015329846183	0.20000000000001
2.025	13.75	4.06046322217555e-15	0.799999819768013	-3.64440617268617e-07	65.0775329898541	0.200000000000003
2.175	13.75	-8.24293380417386e-15	0.799999808570698	-3.56505862074494e-07	65.0535329954322	0.199999999999993
2.325	13.75	-2.59845306399411e-14	0.799999797799307	-3.481530211822e-07	65.0295330013399	0.199999999999979
2.475	13.75	-5.01911229871045e-14	0.799999787471076	-3.39409452088398e-07	65.0055330075642	0.19999999999996
2.625	13.75	-8.17460633757338e-14	0.799999777601416	-3.30303280005792e-07	64.9815330140916	0.199999999999935
2.775	13.75	-1.2122529701653e-13	0.799999768204511	-3.20863142637166e-07	64.9575330209082	0.199999999999903
2.925	13.75	-1.68687760159563e-13	0.799999759291865	-3.11118227744832e-07	64.9335330279994	0.199999999999865
3.075	13.75	-2.23416728744772e-13	0.799999750873358	-3.01097892228325e-07	64.9095330353507	0.199999999999821
3.225	13.75	-2.83611760757894e-13	0.799999742956737	-2.90831701132806e-07	64.885533042947	0.199999999999773
3.375	13.75	-3.46035783132337e-13	0.799999735547768	-2.8034946743536e-07	64.8615330507733	0.199999999999723
3.525	13.75	-4.0562863267347e-13	0.799999728650553	-2.69680243930852e-07	64.8375330588142	0.199999999999676
3.675	13.75	-4.55107156451036e-13	0.799999722266575	-2.58853338900181e-07	64.8135330670544	0.199999999999636
3.825	13.75	-4.84582737188299e-13	0.799999716396826	-2.4789748668343e-07	64.7895330754783	0.199999999999612
3.975	13.75	-4.81239904153664e-13	0.799999711038884	-2.368407530726e-07	64.7655330840707	0.199999999999615
4.125	13.75	-4.29134172707789e-13	0.799999706190199	-2.25710717453487e-07	64.7415330928161	0.199999999999657
4.275	13.75	-3.09183104661762e-13	0.799999701845798	-2.1453408191276e-07	64.7175331016993	0.199999999999753
4.425	13.75	-9.94408687771318e-14	0.799999697999531	-2.033368505328e-07	64.6935331107054	0.19999999999992
4.575	13.75	2.24237708805601e-13	0.799999694643486	-1.92143873924892e-07	64.6695331198194	0.200000000000179
4.725	13.75	6.8702427187645e-13	0.799999691768858	-1.80979400850333e-07	64.6455331290267	0.20000000000055
4.875	13.75	1.31330688142381e-12	0.799999689365756	-1.6986595569042e-07	64.6215331383131	0.200000000001051
5.025	13.75	2.12411255630831e-12	0.799999687422413	-1.58825809986228e-07	64.5975331476645	0.200000000001699
5.175	13.75	3.13364044518267e-12	0.799999685927043	-1.47879111416009e-07	64.5735331570674	0.200000000002507
5.325	13.75	4.34480592373727e-12	0.799999684866099	-1.37045766455848e-07	64.5495331665083	0.200000000003476
5.475	13.75	5.74373595512397e-12	0.799999684226307	-1.26343756640354e-07	64.5255331759746	0.200000000004595
5.625	13.75	7.29321833270027e-12	0.799999683992323	-1.15790255846257e-07	64.5015331854537	0.200000000005835
5.775	13.75	8.92519584462728e-12	0.799999684149352	-1.05400748420124e-07	64.4775331949336	0.20000000000714
5.925	13.75	1.05325149632922e-11	0.799999684681703	-9.5190043003358e-08	64.453533204403	0.200000000008426
6.075	13.75	1.19602899577584e-11	0.799999685573342	-8.51712905015581e-08	64.4295332138507	0.200000000009568
6.225	13.75	1.29974290945131e-11	0.799999686807533	-7.53564773287473e-08	64.4055332232663	0.200000000010398
6.375	13.75	1.33690888663971e-11	0.799999688368478	-6.5756596168326e-08	64.3815332326397	0.200000000010695
6.525	13.75	1.27310718136501e-11	0.799999690238664	-5.63812249627848e-08	64.3575332419616	0.200000000010185
6.675	13.75	1.06674559735176e-11	0.799999692401341	-4.72389213626733e-08	64.333533251223	0.200000000008534
6.825	13.75	6.6930280302753e-12	0.799999694840293	-3.83369694369044e-08	64.3095332604155	0.200000000005354
6.975	13.75	2.6237047414345e-13	0.799999697538378	-2.96818457265474e-08	64.2855332695313	0.20000000000021
7.125	13.75	-9.21229711171923e-12	0.799999700479507	-2.12786779771191e-08	64.2615332785631	0.19999999999263
7.275	13.75	-2.23322311688613e-11	0.799999703646644	-1.31318704946656e-08	64.2375332875043	0.199999999982134
7.425	13.75	-3.96698433996067e-11	0.799999707023775	-5.24461396303891e-09	64.2135332963486	0.199999999968264
7.575	13.75	-6.17105991994635e-11	0.799999710596002	2.38056897025435e-09	64.1895333050904	0.199999999950632
7.725	13.75	-8.87770167948441e-11	0.799999714347437	9.74206598976158e-09	64.1655333137247	0.199999999928978
7.875	13.75	-1.20933118617304e-10	0.799999718262328	1.68394781380378e-08	64.1415333222467	0.199999999903253
8.025	13.75	-1.578684544573e-10	0.799999722327036	2.36724573195141e-08	64.1175333306522	0.199999999873705
8.175	13.75	-1.98761938881736e-10	0.799999726527018	3.02417043241347e-08	64.0935333389373	0.19999999984099
8.325	13.75	-2.42127275254203e-10	0.799999730848684	3.65488796145166e-08	64.0695333470987	0.199999999806298
8.475	13.75	-2.85643718938066e-10	0.799999735278632	4.25957351472072e-08	64.0455333551329	0.199999999771485
8.625	13.75	-3.25978390607866e-10	0.799999739804393	4.83849049447372e-08	64.0215333630368	0.199999999739217
8.775	13.75	-3.58609293083965e-10	0.799999744413583	5.39195924723761e-08	63.9975333708073	0.199999999713113
8.925	13.75	-3.77661587640638e-10	0.799999749094623	5.92029748577713e-08	63.9735333784409	0.199999999697871
9.075	13.75	-3.7577348623657e-10	0.799999753836028	6.42395293863454e-08	63.9495333859341	0.199999999699381
9.225	13.75	-3.44012206158991e-10	0.79999975862716	6.90332435903861e-08	63.9255333932829	0.19999999972479
9.375	13.75	-2.71864649902088e-10	0.799999763457933	7.35889470625866e-08	63.9015334004825	0.199999999782508
9.525	13.75	-1.4733159164605e-10	0.799999768318115	7.79116354871994e-08	63.8775334075276	0.199999999882135
9.675	13.75	4.28421193332281e-11	0.799999773198373	8.20064142513752e-08	63.8535334144117	0.200000000034274
9.825	13.75	3.12765848537354e-10	0.79999977808942	8.58790817097944e-08	63.8295334211274	0.200000000250213
9.975	13.75	6.76792669936623e-10	0.799999782982327	8.95350556994252e-08	63.8055334276663	0.200000000541434
10.125	13.75	1.14866264571938e-09	0.799999787868763	9.29803772628604e-08	63.7815334340186	0.20000000091893
10.275	13.75	1.74036456430007e-09	0.799999792739985	9.62208997221203e-08	63.7575334401736	0.200000001392292
10.425	13.75	2.46068569698549e-09	0.799999797588088	9.92627541667938e-08	63.73353344612	0.200000001968549
10.575	13.75	3.31342741559978e-09	0.799999802405332	1.02112045472715e-07	63.7095334518459	0.200000002650742
10.725	13.75	4.29527676209684e-09	0.799999807183266	1.04775195319611e-07	63.6855334573395	0.200000003436221
10.875	13.75	5.39334079663541e-09	0.7999998119151	1.07258237532934e-07	63.6615334625902	0.200000004314673
11.025	13.75	6.58237218607496e-09	0.79999981659286	1.09567546407922e-07	63.6375334675891	0.200000005265898
11.175	13.75	7.82174129444829e-09	0.799999821209903	1.11709345307146e-07	63.6135334723308	0.200000006257393
11.325	13.75	9.05224205112495e-09	0.799999825758915	1.1368981178318e-07	63.5895334768147	0.200000007241794
11.475	13.75	1.0192855889828e-08	0.799999830234073	1.15515207117698e-07	63.5655334810472	0.200000008154285
11.625	13.75	1.11376395343309e-08	0.799999834629648	1.1719168513583e-07	63.5415334850437	0.200000008910112
11.775	13.75	1.1752947448969e-08	0.799999838940744	1.18725174035429e-07	63.517533488831	0.200000009402358
11.925	13.75	1.18752470524168e-08	0.799999843163635	1.20121618307805e-07	63.4935334924506	0.200000009500198
12.075	13.75	1.13098325607757e-08	0.799999847295737	1.21387035592769e-07	63.4695334959612	0.200000009047866
12.225	13.75	9.83078939345279e-09	0.799999851336058	1.22527186969222e-07	63.4455334994414	0.200000007864632
12.375	13.75	7.18260286107294e-09	0.79999985528613	1.2354767281749e-07	63.4215335029935	0.200000005746082
12.525	13.75	3.08383944749934e-09	0.799999859148792	1.24454007574892e-07	63.3975335067452	0.200000002467072
12.675	13.75	-2.76664670922262e-09	0.799999862930368	1.25251679261929e-07	63.3735335108524	0.199999997786683
12.825	13.75	-1.06805186694391e-08	0.799999866639517	1.25945942638148e-07	63.3495335155006	0.199999991455585
12.975	13.75	-2.09673148625388e-08	0.799999870288973	1.26541916638605e-07	63.3255335209047	0.199999983226148
13.125	13.75	-3.39179266410547e-08	0.799999873894081	1.27044762901757e-07	63.301533527309	0.199999972865659
13.275	13.75	-4.97838052822997e-08	0.799999877475323	1.27459159145505e-07	63.2775335349833	0.199999960172956
13.425	13.75	-6.87515721469687e-08	0.799999881055914	1.27790068902849e-07	63.2535335442189	0.199999944998742
13.575	13.75	-9.09127864549137e-08	0.799999884664288	1.28041883158067e-07	63.2295335553203	0.199999927269771
13.725	13.75	-1.16228717351283e-07	0.799999888332521	1.28219133925018e-07	63.2055335685943	0.199999907017026
13.875	13.75	-1.44490060789852e-07	0.799999892096824	1.28326277248199e-07	63.1815335843362	0.199999884407951
14.025	13.75	-1.75271621976103e-07	0.799999895997947	1.28367371363718e-07	63.1575336028106	0.199999859782702
14.175	13.75	-2.07882028309788e-07	0.799999900080601	1.28346218021921e-07	63.1335336242285	0.199999833694377
14.325	13.75	-2.41308514453727e-07	0.799999904392868	1.28267071666014e-07	63.1095336487191	0.199999806953188
14.475	13.75	-2.74156687121534e-07	0.799999908988722	1.28133561213938e-07	63.0855336762961	0.19999978067465
14.625	13.75	-3.04584874184814e-07	0.799999913925415	1.27949143380869e-07	63.0615337068179	0.199999756332101
14.775	13.75	-3.30232113125063e-07	0.799999919268857	1.27717457592057e-07	63.0375337399409	0.19999973581431
14.925	13.75	-3.4813793496975e-07	0.799999925093088	1.27441793770243e-07	63.0135337750663	0.199999721489652
15.075	13.75	-3.54650716216652e-07	0.79999993148533	1.27125301362428e-07	62.9895338112778	0.199999716279427
15.225	13.75	-3.45319324626382e-07	0.799999938553288	1.26771156023057e-07	62.9655338472701	0.19999972374454
15.375	13.75	-3.1475984067422e-07	0.799999946435087	1.26382361024575e-07	62.9415338812659	0.199999748192127
15.525	13.75	-2.56484986228548e-07	0.799999955311803	1.25961564224882e-07	62.9175339109179	0.199999794812011
15.675	13.75	-1.62678128441982e-07	0.799999965431204	1.25511589661381e-07	62.8935339331923	0.199999869857497
15.825	13.75	-2.38858105061871e-08	0.799999977134922	1.25035101141213e-07	62.8695339442262	0.199999980891352
15.975	13.75	1.71408026762653e-07	0.799999990900598	1.24534287515794e-07	62.8455339391503	0.200000137126421
16.125	13.75	4.37377590698402e-07	0.800000007398538	1.24011904584376e-07	62.8215339118618	0.200000349902073
16.275	13.75	7.91691760418344e-07	0.800000027570852	1.23469913457191e-07	62.7975338547299	0.200000633353408
16.425	13.75	1.2566894222717e-06	0.800000052736533	1.22910637920924e-07	62.7735337582028	0.200001005351538
16.575	13.75	1.86102727025507e-06	0.800000084738735	1.22336057480152e-07	62.7495336102813	0.200001488821816
16.725	13.75	2.64198181797406e-06	0.800000126140456	1.21748161679509e-07	62.7255333958012	0.200002113585454
16.875	13.75	3.64865180235119e-06	0.800000180491002	1.21148749785891e-07	62.7015330954523	0.200002918921442
17.025	13.75	4.94639336011542e-06	0.800000252683835	1.20539604831966e-07	62.6775326844304	0.200003957114688
17.175	13.75	6.62293575498837e-06	0.800000349438963	1.19922406129864e-07	62.6535321305834	0.200005298348604
17.325	13.75	8.79678048279217e-06	0.800000479952156	1.19298679231013e-07	62.6295313918599	0.200007037424386
17.475	13.75	1.16286961431501e-05	0.800000656772192	1.18669987196186e-07	62.6055304128034	0.200009302956915
17.625	13.75	1.53374061541517e-05	0.800000896987714	1.18037557234752e-07	62.581529119742	0.200012269924923
17.775	13.75	2.02209531712155e-05	0.800001223828498	1.17402681899507e-07	62.5575274141989	0.200016176762537
17.925	13.75	2.66857455650016e-05	0.800001668822428	1.16766479234812e-07	62.5335251638834	0.200021348596452
18.075	13.75	3.52859846115152e-05	0.800002274675372	1.16129967067832e-07	62.5095221903957	0.200028228787689
18.225	13.75	4.67770801179696e-05	0.800003099098336	1.1549402514823e-07	62.4855182524745	0.200037421664094
18.375	13.75	6.21878513136374e-05	0.800004219894719	1.14859234778936e-07	62.4615130232156	0.200049750281051
18.525	13.75	8.29178952811924e-05	0.800005741788456	1.14226011756606e-07	62.4375060591504	0.200066334316225
18.675	13.75	0.000110868702557185	0.800007805752982	1.13594625458566e-07	62.4134967583581	0.200088694962046
18.825	13.75	0.000148620259870589	0.80001060195044	1.12964890037159e-07	62.3894843038066	0.200118896207896
18.975	13.75	0.000199669460274845	0.80001438770032	1.1233614864633e-07	62.3654675867731	0.20015973556822
19.125	13.75	0.000268753049606635	0.800019511932667	1.11707229175817e-07	62.3414451033188	0.200215002439685
19.275	13.75	0.000362286163936817	0.800026447150371	1.11076207220312e-07	62.317414814213	0.200289828931149
19.425	13.75	0.000488957311985818	0.800035829233754	1.10440219111885e-07	62.2933739552468	0.200391165849589
19.575	13.75	0.000660531197124289	0.800048505334552	1.09795116447927e-07	62.2693187804506	0.200528424957699
19.725	13.75	0.000892922217328577	0.800065592388836	1.09134794984318e-07	62.2452442152474	0.200714337773863
19.875	13.75	0.0012076171345945	0.800088555214678	1.08451345841094e-07	62.221143389785	0.200966093707676
20.025	13.75	0.00163355412877902	0.800119323580971	1.07733717629535e-07	62.1970070137789	0.201306843303023
20.175	13.75	0.00220962180235936	0.800160477071968	1.06966974281257e-07	62.1728225411962	0.201767697441887
20.325	13.75	0.00298804037632757	0.800215523319141	1.06131665459165e-07	62.148573052666	0.202390432301062
20.475	13.75	0.00403902966624323	0.800289262935876	1.0520169060851e-07	62.1242357514866	0.203231223732995
20.625	13.75	0.00545732373480934	0.800388161135241	1.04143121094743e-07	62.099779922792	0.204365858987847
20.775	13.75	0.00737118405466025	0.800520537858925	1.0291197676511e-07	62.0751641472644	0.205896947243728
20.925	13.75	0.0099544775339773	0.800696282028579	1.01451558441977e-07	62.0503325023067	0.207963582027182
21.075	13.75	0.013442012112312	0.800925755026171	9.969135872637e-08	62.0252094471864	0.21075360968985
21.225	13.75	0.0181476177113988	0.801217636684904	9.75472383332909e-08	61.9996931041171	0.214518094169119
21.375	13.75	0.0244834936399588	0.801575703471668	9.49251584861723e-08	61.9736467430556	0.219586794911967
21.525	13.75	0.0329782630513596	0.801994867447657	9.17313676235457e-08	61.9468884722357	0.226382610441088
21.675	13.75	0.0442900722670527	0.802457170372269	8.78889141462384e-08	61.9191794355596	0.235432057813642
21.825	13.75	0.0592098318921511	0.802928782983569	8.33607238221042e-08	61.8902112293572	0.247367865513721
21.975	13.75	0.0786480165127424	0.803359396847664	7.81722269708783e-08	61.8595938017977	0.262918413210194
22.125	13.75	0.1035961903849	0.803685580500617	7.24275628720558e-08	61.8268458360002	0.28287695230792
22.275	13.75	0.135052302528217	0.803839326147656	6.63085412492854e-08	61.79139056351	0.308041842022574
22.425	13.75	0.173898993153214	0.803761742713629	6.00536017555329e-08	61.7525609919852	0.339119194522571
22.575	13.75	0.220730584303153	0.803419694719245	5.39202988782588e-08	61.7096192530769	0.376584467442522
22.725	13.75	0.275641525934533	0.802820791932212	4.81428711540458e-08	61.6617943786246	0.420513220747626
22.875	13.75	0.338017855228674	0.802020580367906	4.2899546466234e-08	61.6083402260073	0.470414284182939
23.025	13.75	0.406404722083432	0.801116453475523	3.82959924692586e-08	61.5486097974605	0.525123777666746
23.175	13.75	0.478534570792191	0.800226931777044	3.4367034047972e-08	61.4821346364873	0.582827656633753
23.325	13.75	0.551566085154069	0.799461974480697	3.10906041479695e-08	61.4086914812336	0.641252868123255
23.475	13.75	0.62250130631609	0.798895933344657	2.84066963636051e-08	61.3283374512599	0.698001045052872
23.625	13.75	0.688659256308016	0.798554413677093	2.62356357565023e-08	61.2414024223247	0.750927405046413
23.775	13.75	0.748051808736565	0.798418747437628	2.44923592365178e-08	61.1484405331646	0.798441446989252
23.925	13.75	0.799557779841884	0.798442572666851	2.30960845637483e-08	61.0501552363225	0.839646223873507
24.075	13.75	0.842886469258346	0.798570853565004	2.19752680303051e-08	60.9473177458287	0.874309175406677
24.225	13.75	0.878398155080302	0.798753965312527	2.10696478786575e-08	60.8406958889772	0.902718524064241
24.375	13.75	0.906872099642728	0.798954496218766	2.03301603734187e-08	60.7310027456315	0.925497679714183
24.525	13.75	0.929292197515872	0.799148199743833	1.97178035754308e-08	60.6188667292429	0.943433758012698
24.675	13.75	0.946685093567532	0.799321776200427	1.92021532561373e-08	60.5048197288435	0.957348074854025
24.825	13.75	0.960016774239516	0.79946969574577	1.87597419355475e-08	60.3892979801526	0.968013419391613
24.975	13.75	0.970138072766518	0.79959129653093	1.83727026009172e-08	60.2726505106798	0.976110458213215
25.125	13.75	0.977764768994822	0.799688600725938	1.80275517934086e-08	60.1551511521005	0.982211815195858
25.275	13.75	0.983479107103477	0.799764855709338	1.77141071250411e-08	60.0370114330467	0.986783285682782
25.425	13.75	0.987742790981494	0.799823644514866	1.74248443885557e-08	59.9183927744734	0.990194232785195
25.575	13.75	0.990914817770942	0.799868390521706	1.7154186189324e-08	59.7994172050335	0.992731854216753
25.725	13.75	0.993270126718117	0.799902115503136	1.68979611291327e-08	59.6801763253378	0.994616101374494
25.875	13.75	0.995016874750037	0.799927351967688	1.66531750187413e-08	59.5607385479526	0.99601349980003
26.025	13.75	0.996311339920563	0.799946144296206	1.64175854763882e-08	59.4411547929121	0.997049071936451
26.175	13.75	0.997270176092945	0.799960096492684	1.61895851494986e-08	59.3214628797217	0.997816140874356
26.325	13.75	0.997980145919614	0.799970439867367	1.59679474570854e-08	59.2016908640113	0.998384116735691
26.475	13.75	0.998505654688304	0.799978104377093	1.57518264252885e-08	59.0818595454152	0.998804523750643
26.625	13.75	0.998894473343994	0.799983784473739	1.55405817072146e-08	58.9619843391453	0.999115578675195
26.775	13.75	0.999182029798035	0.799987995169505	1.53337017531515e-08	58.8420766668886	0.999345623838428
26.925	13.75	0.999394600862481	0.79999111717157	1.51308631217413e-08	58.7221449885165	0.999515680689985
27.075	13.75	0.999551676925477	0.79999343177865	1.49317640858264e-08	58.6021955670809	0.999641341540382
27.225	13.75	0.999667711983389	0.799995147102448	1.47362264471635e-08	58.4822330363065	0.999734169586711
27.375	13.75	0.999753419905674	0.799996417415162	1.45440950663172e-08	58.3622608218623	0.99980273592454
27.525	13.75	0.999816736205076	0.799997357294401	1.43551966833794e-08	58.2422814542481	0.999853388964061
27.675	13.75	0.999863532814907	0.799998051946521	1.41695106299193e-08	58.1222968012064	0.999890826251925
27.825	13.75	0.999898149899032	0.799998564767538	1.39868761368368e-08	58.0023082402998	0.999918519919226
27.975	13.75	0.999923791677332	0.799998942914975	1.38073015740171e-08	57.8823167869604	0.999939033341866
28.125	13.75	0.999942820940296	0.799999221439434	1.36306811153297e-08	57.762323189404	0.999954256752237
28.275	13.75	0.999956977996479	0.799999426364885	1.34569496582027e-08	57.6423279988974	0.999965582397183
28.425	13.75	0.999967543255513	0.799999576989441	1.32861010462526e-08	57.5223316217132	0.99997403460441
28.575	13.75	0.999975457805787	0.799999687606693	1.31180876737615e-08	57.4023343574922	0.99998036624463
28.725	13.75	0.999981412728757	0.799999768790828	1.29528707504215e-08	57.2823364275307	0.999985130183006
28.875	13.75	0.999985915176756	0.799999828355467	1.27903940556423e-08	57.16233799561	0.999988732141405
29.025	13.75	0.999989337201554	0.799999872066936	1.26306325442563e-08	57.0423391833095	0.999991469761243
29.175	13.75	0.99999195179077	0.799999904174892	1.24735471103934e-08	56.9223400812468	0.999993561432616
29.325	13.75	0.999993959424894	0.799999927805304	1.23191032077272e-08	56.802340757313	0.999995167539916
29.475	13.75	0.999995507614382	0.799999945253313	1.21672560507873e-08	56.6823412626956	0.999996406091506
29.625	13.75	0.999996705242133	0.79999995819922	1.20180146983182e-08	56.562341636275	0.999997364193707
29.775	13.75	0.99999763306584	0.799999967869971	1.18713112623397e-08	56.4423419078293	0.999998106452672
29.925	13.75	0.999998351385265	0.799999975158286	1.17271305774232e-08	56.3223421003653	0.999998681108212
30.075	13.75	0.999998905620651	0.799999980710928	1.15854163842204e-08	56.2023422318158	0.999999124496521
30.225	13.75	0.999999330355697	0.799999984995047	1.14461398689762e-08	56.0823423162729	0.999999464284557
30.375	13.75	0.999999652255968	0.799999988346266	1.13093025319148e-08	55.962342364889	0.999999721804775
30.525	13.75	0.999999892166593	0.799999991005028	1.11748410994612e-08	55.8423423865358	0.999999913733275
30.675	13.75	1.00000006661442	0.799999993142885	1.10427424722513e-08	55.7223423882915	1.00000005329154
30.825	13.75	1.00000018888043	0.799999994882278	1.09129540653033e-08	55.602342375803	1.00000015110435
30.975	13.75	1.00000026976428	0.799999996310666	1.07854677145263e-08	55.4823423535617	1.00000021581142
31.125	13.75	1.00000031813022	0.799999997490716	1.06602292771308e-08	55.3623423251151	1.00000025450417
31.275	13.75	1.00000034129911	0.79999999846809	1.05372362125045e-08	55.2423422932335	1.00000027303929
31.425	13.75	1.00000034533334	0.799999999276611	1.0416437710321e-08	55.1223422600452	1.00000027626667
31.575	13.75	1.00000033524793	0.799999999942143	1.02978374058417e-08	55.0023422271465	1.00000026819834
31.725	13.75	1.00000031517153	0.800000000484895	1.01813631790135e-08	54.8823421956949	1.00000025213722
31.875	13.75	1.00000028847335	0.800000000921728	1.00669950473004e-08	54.7623421664881	1.00000023077868
32.025	13.75	1.00000025786735	0.800000001266798	9.95473054814315e-09	54.6423421400315	1.00000020629388
32.175	13.75	1.00000022550093	0.800000001532595	9.84452720507725e-09	54.5223421165975	1.00000018040075
32.325	13.75	1.0000001930328	0.800000001730395	9.73634286131992e-09	54.4023420962756	1.00000015442624
32.475	13.75	1.00000016170282	0.800000001870349	9.63018249187407e-09	54.2823420790161	1.00000012936226
32.625	13.75	1.00000013239565	0.800000001961763	9.52598275194595e-09	54.1623420646675	1.00000010591652
32.775	13.75	1.00000010569876	0.800000002013192	9.42373692165465e-09	54.0423420530076	1.00000008455901
32.925	13.75	1.00000008195547	0.800000002032297	9.32342451113212e-09	53.9223420437694	1.00000006556438
33.075	13.75	1.00000006131279	0.800000002026067	9.22501420968581e-09	53.8023420366624	1.00000004905023
33.225	13.75	1.00000004376434	0.80000000200047	9.1284830799897e-09	53.6823420313895	1.00000003501147
33.375	13.75	1.00000002918824	0.800000001960892	9.03377993090903e-09	53.5623420276595	1.00000002335059
33.525	13.75	1.0000000173799	0.800000001911684	8.94091835824115e-09	53.4423420251971	1.00000001390392
33.675	13.75	1.00000000808003	0.800000001856819	8.84984821374945e-09	53.3223420237491	1.00000000646402
33.825	13.75	1.00000000099792	0.800000001799109	8.76056612732767e-09	53.2023420230887	1.00000000079834
33.975	13.75	0.999999995830305	0.800000001741162	8.67303563654627e-09	53.0823420230177	0.999999996664244
34.125	13.75	0.999999992276173	0.800000001684613	8.58722197823864e-09	52.9623420233669	0.999999993820938
34.275	13.75	0.999999990047906	0.800000001630859	8.50312276953373e-09	52.8423420239953	0.999999992038325
34.425	13.75	0.999999988879292	0.800000001580738	8.42070934358762e-09	52.7223420247884	0.999999991103433
34.575	13.75	0.999999988530661	0.800000001534736	8.33995487033415e-09	52.6023420256562	0.999999990824529
34.725	13.75	0.999999988791769	0.800000001492988	8.26085810421121e-09	52.4823420265301	0.999999991033415
34.875	13.75	0.999999989482827	0.800000001455485	8.18338047466958e-09	52.3623420273603	0.999999991586262
35.025	13.75	0.999999990454031	0.800000001422018	8.10749485692871e-09	52.2423420281128	0.999999992363225
35.175	13.75	0.999999991583973	0.800000001392127	8.03317371996458e-09	52.1223420287665	0.999999993267178
35.325	13.75	0.999999992777343	0.800000001365532	7.96044497801927e-09	52.002342029311	0.999999994221875
35.475	13.75	0.999999993962103	0.80000000134162	7.88923186902269e-09	51.8823420297436	0.999999995169682
35.625	13.75	0.999999995086376	0.800000001320002	7.81954648032759e-09	51.7623420300678	0.999999996069101
35.775	13.75	0.999999996115376	0.800000001300157	7.7513662209137e-09	51.642342030291	0.999999996892301
35.925	13.75	0.999999997028294	0.800000001281688	7.68466407543449e-09	51.5223420304236	0.999999997622635
36.075	13.75	0.999999997815461	0.800000001264136	7.61944261732059e-09	51.4023420304771	0.999999998252368
36.225	13.75	0.999999998475765	0.800000001247208	7.55565609955341e-09	51.2823420304637	0.999999998780612
36.375	13.75	0.999999999014302	0.800000001230518	7.49331544503278e-09	51.1623420303955	0.999999999211442
36.525	13.75	0.999999999440471	0.800000001213936	7.43237303413498e-09	51.0423420302838	0.999999999552377
36.675	13.75	0.999999999766343	0.800000001197162	7.37282701850165e-09	50.9223420301388	0.999999999813075
36.825	13.75	1.00000000000535	0.800000001180136	7.31466843145516e-09	50.8023420299695	1.00000000000428
36.975	13.75	1.00000000017136	0.800000001162745	7.25788026215742e-09	50.6823420297837	1.00000000013709
37.125	13.75	1.00000000027793	0.800000001144814	7.20242892817338e-09	50.5623420295878	1.00000000022234
37.275	13.75	1.00000000033772	0.800000001126411	7.14832181815638e-09	50.4423420293869	1.00000000027018
37.425	13.75	1.00000000036185	0.800000001107296	7.09553144521455e-09	50.322342029185	1.00000000028948
37.575	13.75	1.00000000035916	0.800000001087462	7.04405349253785e-09	50.2023420289852	1.00000000028733
37.725	13.75	1.00000000033568	0.80000000106702	6.99385706262778e-09	50.0823420287898	1.00000000026855
37.875	13.75	1.00000000029554	0.800000001046591	6.94493937879461e-09	49.9623420286006	1.00000000023643
38.025	13.75	1.00000000024454	0.800000001027201	6.89729173445122e-09	49.8423420284191	1.00000000019563
38.175	13.75	1.00000000019658	0.800000001009596	6.85089668954841e-09	49.7223420282455	1.00000000015727
38.325	13.75	1.00000000017807	0.800000000992113	6.80573115704684e-09	49.6023420280784	1.00000000014246
38.475	13.75	1.00000000021822	0.800000000968783	6.76180833700013e-09	49.4823420279137	1.00000000017458
38.625	13.75	1.0000000003104	0.800000000928822	6.71907782807624e-09	49.3623420277459	1.00000000024832
38.775	13.75	1.00000000034602	0.800000000865878	6.67755607086386e-09	49.2423420275754	1.00000000027682
38.925	13.75	1.00000000007387	0.800000000797792	6.63722717334423e-09	49.1223420274197	1.00000000005909
39.075	13.75	0.999999999212026	0.800000000790835	6.59808961894689e-09	49.0023420273219	0.999999999369621
39.225	13.75	0.999999997861589	0.800000000953785	6.56010642241383e-09	48.8823420273337	0.999999998289271
39.375	13.75	0.999999997187166	0.800000001348092	6.52327481506249e-09	48.7623420274463	0.999999997749733
39.525	13.75	0.99999999980028	0.800000001780241	6.48760359577998e-09	48.6423420274694	0.999999999840224
39.675	13.75	1.00000000854991	0.800000001571607	6.45306108392109e-09	48.5223420269506	1.00000000683993
39.825	13.75	1.00000002228111	0.799999999639502	6.41966388055195e-09	48.4023420253563	1.00000001782489
39.975	13.75	1.00000002906865	0.799999995420417	6.38737546871294e-09	48.2823420227807	1.00000002325492
40.125	13.75	1.00000000269436	0.799999990899039	6.35619233422732e-09	48.162342021149	1.00000000215549
40.275	13.75	0.999999915051609	0.799999992752115	6.32610873896382e-09	48.0423420249937	0.999999932041287
40.425	13.75	0.999999777875213	0.800000011365067	6.2971433203248e-09	47.9223420396334	0.99999982230017
40.575	13.75	0.999999707649955	0.80000005184305	6.26924831229235e-09	47.8023420642321	0.999999766119964
40.725	13.75	0.999999957517774	0.800000094997515	6.24242115306688e-09	47.6823420802117	0.999999966014219
40.875	13.75	1.00000079734943	0.800000078143164	6.21668045997885e-09	47.5623420438894	1.00000063787954
41.025	13.75	1.00000212196185	0.79999990556588	6.19197585752846e-09	47.4423419036776	1.00000169756948
41.175	13.75	1.00000285290257	0.799999531375151	6.16835121868293e-09	47.322341664803	1.00000228232205
41.325	13.75	1.00000065163101	0.799999129062939	6.14576878064799e-09	47.2023414965081	1.00000052130481
41.475	13.75	0.99999300385803	0.799999256559642	6.12427159920181e-09	47.0823418009711	0.999994403086424
41.625	13.75	0.999980706637718	0.800000757106592	6.10383684020618e-09	46.9623430627982	0.999984565310175
41.775	13.75	0.99997313846384	0.800004041673874	6.08441651728431e-09	46.8423452781682	0.999978510771072
41.925	13.75	0.999990827520437	0.800007658531865	6.06587967285825e-09	46.722347007737	0.99999266201635
42.075	13.75	1.00005637953615	0.800006937094881	6.04814198365344e-09	46.6023447417416	1.00004510362892
42.225	13.75	1.0001652888617	0.799994824912282	6.0312122631312e-09	46.4823341016437	1.00013223108936
42.375	13.75	1.0002418495541	0.799967674926585	6.01544356859351e-09	46.3623145590117	1.00019347964328
42.525	13.75	1.00011633628657	0.799936551146434	6.00165532033086e-09	46.2422973659276	1.00009306902926
42.675	13.75	0.999594226906014	0.799937861286986	5.99076054664856e-09	46.1223112588723	0.999675381524811
42.825	13.75	0.998683926300707	0.800027373022476	5.98272226829253e-09	46.0023939099242	0.998947141040565
42.975	13.75	0.997944673216256	0.800237007348179	5.97490888060086e-09	45.8825557417618	0.998355738573005
43.125	13.75	0.998684258966221	0.800490005929907	5.96103682193367e-09	45.7627175473728	0.998947407172977
43.275	13.75	1.00248296174807	0.800522975548614	5.93363367399802e-09	45.6426615169943	1.00198636939845
43.425	13.75	1.00955927623911	0.799934825920614	5.89193613562386e-09	45.5220836144058	1.00764742099129
43.575	13.75	1.01623380739201	0.798479881897727	5.85335714895477e-09	45.4008458377043	1.01298704591361
43.725	13.75	1.01328677102132	0.79657339206332	5.86031127079795e-09	45.2794286813702	1.01062941681706
43.875	13.75	0.988680897769043	0.795833250803893	5.97093955767759e-09	45.1593336869024	0.990944718215234
44.025	13.75	0.938367896630336	0.799351007437052	6.21918325438997e-09	45.042840654431	0.950694317304268
44.175	13.75	0.884673133429624	0.810192428797414	6.51036783983495e-09	44.9313521488118	0.907738506743699
44.325	13.75	0.889127901565082	0.824441952931994	6.48303072431897e-09	44.8222077947835	0.911302321252066
44.475	13.75	1.03257195137258	0.826489829092083	5.75656640963619e-09	44.7059573891784	1.02605756109806
44.625	13.75	1.34924434197154	0.80862213297262	4.61522108247643e-09	44.5677999532903	1.27939547357723
44.775	13.75	1.7640881182162	0.709537047482822	3.66329204811122e-09	44.3955931401506	1.61127049457296
44.925	13.75	2.11154506632534	0.834636814114912	3.1235219035613e-09	44.2248231204656	1.88923605306027
0.075	14.25	3.47473588709633e-16	0.399999993782144	-3.74795017108835e-07	65.389532991575	0.2
0.225	14.25	1.09796503288876e-15	0.799999981360897	-3.74262042119704e-07	65.3655329919481	0.200000000000001
0.375	14.25	2.54818946005978e-15	0.79999996898151	-3.73197802649009e-07	65.3415329926934	0.200000000000002
0.525	14.25	4.6162661318348e-15	0.79999995667273	-3.71605973280204e-07	65.3175329938092	0.200000000000004
0.675	14.25	7.14881752530679e-15	0.79999994446223	-3.69492070953706e-07	65.293532995293	0.200000000000006
0.825	14.25	9.93588498260284e-15	0.799999932376783	-3.66863324869197e-07	65.2695329971415	0.200000000000008
0.975	14.25	1.27379713300497e-14	0.799999920443491	-3.63728730871102e-07	65.2455329993504	0.20000000000001
1.125	14.25	1.52997083660385e-14	0.799999908688437	-3.60098855072231e-07	65.2215330019149	0.200000000000012
1.275	14.25	1.73403397716964e-14	0.799999897135495	-3.55985797070578e-07	65.1975330048291	0.200000000000014
1.425	14.25	1.85241252064379e-14	0.799999885810243	-3.51403371671001e-07	65.1735330080867	0.200000000000015
1.575	14.25	1.84215045964343e-14	0.799999874734787	-3.4636672214048e-07	65.1495330116805	0.200000000000015
1.725	14.25	1.647386663513e-14	0.799999863931701	-3.40892282364817e-07	65.1255330156026	0.200000000000013
1.875	14.25	1.19727177245871e-14	0.799999853420872	-3.34998002168976e-07	65.1015330198446	0.20000000000001
2.025	14.25	4.06046425482299e-15	0.799999843222058	-3.2870249200559e-07	65.0775330243974	0.200000000000003
2.175	14.25	-8.24293177813827e-15	0.799999833353216	-3.2202565989138e-07	65.0535330292513	0.199999999999993
2.325	14.25	-2.59845279535217e-14	0.799999823831586	-3.14988294182721e-07	65.0295330343962	0.199999999999979
2.475	14.25	-5.01911187926706e-14	0.799999814671458	-3.07611987638732e-07	65.0055330398214	0.19999999999996
2.625	14.25	-8.17460581239018e-14	0.799999805886237	-2.99919084394428e-07	64.9815330455159	0.199999999999935
2.775	14.25	-1.21225289825159e-13	0.799999797488834	-2.91932231410363e-07	64.9575330514682	0.199999999999903
2.925	14.25	-1.68687751758319e-13	0.799999789488936	-2.83674704766963e-07	64.9335330576666	0.199999999999865
3.075	14.25	-2.23416718417629e-13	0.799999781896146	-2.75169902605317e-07	64.9095330640989	0.199999999999821
3.225	14.25	-2.83611749779209e-13	0.799999774717199	-2.66441737168092e-07	64.8855330707529	0.199999999999773
3.375	14.25	-3.46035771256555e-13	0.799999767958295	-2.5751373059383e-07	64.8615330776159	0.199999999999723
3.525	14.25	-4.05628622077326e-13	0.799999761624193	-2.48409959387585e-07	64.8375330846754	0.199999999999676
3.675	14.25	-4.55107147727531e-13	0.799999755716883	-2.39153788317892e-07	64.8135330919186	0.199999999999636
3.825	14.25	-4.84582733793993e-13	0.799999750238311	-2.2976876476638e-07	64.7895330993325	0.199999999999612
3.975	14.25	-4.81239907836793e-13	0.799999745188565	-2.20277695092246e-07	64.7655331069044	0.199999999999615
4.125	14.25	-4.2913418844239e-13	0.799999740566623	-2.10703366367512e-07	64.7415331146213	0.199999999999657
4.275	14.25	-3.09183135404837e-13	0.799999736368767	-2.01067927074275e-07	64.7175331224705	0.199999999999753
4.425	14.25	-9.94409208596532e-14	0.79999973259208	-1.91392838488596e-07	64.6935331304392	0.19999999999992
4.575	14.25	2.24237631732221e-13	0.799999729231285	-1.81698894209065e-07	64.669533138515	0.200000000000179
4.725	14.25	6.8702416301887e-13	0.799999726280564	-1.7200631574173e-07	64.6455331466853	0.20000000000055
4.875	14.25	1.31330673786981e-12	0.799999723732468	-1.62334666240798e-07	64.621533154938	0.200000000001051
5.025	14.25	2.12411237276967e-12	0.799999721579707	-1.52702129567492e-07	64.5975331632611	0.200000000001699
5.175	14.25	3.1336402221311e-12	0.799999719811859	-1.43126801816945e-07	64.5735331716428	0.200000000002507
5.325	14.25	4.34480566063386e-12	0.799999718421001	-1.33625114179491e-07	64.5495331800718	0.200000000003476
5.475	14.25	5.74373565974085e-12	0.799999717395679	-1.2421334677916e-07	64.5255331885367	0.200000000004595
5.625	14.25	7.29321801364304e-12	0.799999716724926	-1.1490614861976e-07	64.5015331970269	0.200000000005835
5.775	14.25	8.92519552176779e-12	0.79999971639793	-1.05717884686382e-07	64.4775332055318	0.20000000000714
5.925	14.25	1.05325146592392e-11	0.799999716401714	-9.66612029567691e-08	64.4535332140413	0.200000000008426
6.075	14.25	1.19602897091165e-11	0.799999716724209	-8.77483325871608e-08	64.4295332225457	0.200000000009568
6.225	14.25	1.29974289417937e-11	0.799999717352605	-7.89904635215848e-08	64.4055332310356	0.200000000010398
6.375	14.25	1.33690888655484e-11	0.799999718273964	-7.03976597110828e-08	64.381533239502	0.200000000010695
6.525	14.25	1.27310720238088e-11	0.799999719474813	-6.19791758836545e-08	64.3575332479366	0.200000000010185
6.675	14.25	1.06674564679845e-11	0.799999720942067	-5.37432526142612e-08	64.3335332563311	0.200000000008534
6.825	14.25	6.69302888154801e-12	0.799999722661465	-4.56973710181315e-08	64.309533264678	0.200000000005354
6.975	14.25	2.62371763325441e-13	0.79999972462028	-3.78479697235667e-08	64.2855332729701	0.20000000000021
7.125	14.25	-9.21229531288137e-12	0.799999726805187	-3.02006387828287e-08	64.2615332812007	0.19999999999263
7.275	14.25	-2.23322287911605e-11	0.799999729201944	-2.27601580140052e-08	64.2375332893636	0.199999999982134
7.425	14.25	-3.96698403969816e-11	0.79999973179834	-1.55307834157759e-08	64.2135332974529	0.199999999968264
7.575	14.25	-6.17105955455508e-11	0.799999734580137	-8.51542650340319e-09	64.1895333054633	0.199999999950632
7.725	14.25	-8.8777012504879e-11	0.799999737535412	-1.71687255256282e-09	64.1655333133899	0.199999999928978
7.875	14.25	-1.20933113748295e-10	0.799999740651548	4.86317450162242e-09	64.1415333212283	0.199999999903253
8.025	14.25	-1.57868449128492e-10	0.799999743915358	1.12236227905976e-08	64.1175333289741	0.199999999873705
8.175	14.25	-1.98761933277849e-10	0.799999747315625	1.73638061552226e-08	64.0935333366236	0.19999999984099
8.325	14.25	-2.42127269640206e-10	0.799999750841025	2.32838585923289e-08	64.0695333441733	0.199999999806298
8.475	14.25	-2.85643713664123e-10	0.799999754479206	2.89844163231251e-08	64.0455333516197	0.199999999771485
8.625	14.25	-3.25978386112611e-10	0.799999758219548	3.44664506563096e-08	64.0215333589594	0.199999999739217
8.775	14.25	-3.58609289899119e-10	0.7999997620518	3.97316207676472e-08	63.9975333661891	0.199999999713113
8.925	14.25	-3.77661586376346e-10	0.799999765965112	4.47820141704927e-08	63.9735333733051	0.199999999697871
9.075	14.25	-3.75773487583305e-10	0.799999769950264	4.96198923689507e-08	63.9495333803037	0.199999999699381
9.225	14.25	-3.44012210848789e-10	0.799999773997163	5.4248417190724e-08	63.9255333871803	0.19999999972479
9.375	14.25	-2.71864658706245e-10	0.799999778096739	5.86702779632912e-08	63.9015333939299	0.199999999782508
9.525	14.25	-1.47331605308066e-10	0.79999978224009	6.28892137324705e-08	63.8775334005467	0.199999999882135
9.675	14.25	4.28421001039976e-11	0.799999786418472	6.69088650258398e-08	63.8535334070238	0.200000000034274
9.825	14.25	3.12765823161027e-10	0.799999790623525	7.07331458752635e-08	63.8295334133533	0.200000000250213
9.975	14.25	6.76792637970111e-10	0.799999794846821	7.43663567367326e-08	63.8055334195263	0.200000000541434
10.125	14.25	1.14866260697413e-09	0.79999979908085	7.78125735762922e-08	63.7815334255326	0.20000000091893
10.275	14.25	1.74036451884364e-09	0.799999803317184	8.10766751544344e-08	63.7575334313609	0.200000001392292
10.425	14.25	2.46068564526905e-09	0.799999807547955	8.41631681532938e-08	63.7335334369994	0.200000001968549
10.575	14.25	3.31342735844241e-09	0.799999811766086	8.70768903618501e-08	63.7095334424356	0.200000002650742
10.725	14.25	4.29527670080421e-09	0.79999981596365	8.98225922038119e-08	63.6855334476572	0.200000003436221
10.875	14.25	5.39334073295261e-09	0.79999982013324	9.2405303286065e-08	63.6615334526531	0.200000004314673
11.025	14.25	6.58237212227266e-09	0.799999824267392	9.48299386163616e-08	63.6375334574137	0.200000005265898
11.175	14.25	7.82174123322925e-09	0.799999828359498	9.71015806983444e-08	63.6135334619332	0.200000006257393
11.325	14.25	9.05224199565713e-09	0.799999832402328	9.92253030603208e-08	63.5895334662104	0.200000007241794
11.475	14.25	1.01928558435891e-08	0.799999836389756	1.01206037643309e-07	63.565533470251	0.200000008154285
11.625	14.25	1.11376395010745e-08	0.799999840315859	1.03048909162309e-07	63.54153347407	0.200000008910112
11.775	14.25	1.17529474324989e-08	0.799999844176101	1.0475889826957e-07	63.5175334776937	0.200000009402358
11.925	14.25	1.18752470564928e-08	0.79999984796559	1.06340965771689e-07	63.4935334811629	0.200000009500198
12.075	14.25	1.13098325888195e-08	0.79999985168215	1.07800142611683e-07	63.4695334845357	0.200000009047866
12.225	14.25	9.83078944841733e-09	0.799999855325069	1.09141072127533e-07	63.4455334878904	0.200000007864632
12.375	14.25	7.18260294510011e-09	0.799999858894363	1.10368740115257e-07	63.4215334913287	0.200000005746082
12.525	14.25	3.0838395618011e-09	0.799999862393311	1.11487790294186e-07	63.3975334949777	0.200000002467072
12.675	14.25	-2.76664656471372e-09	0.799999865827575	1.12502931589889e-07	63.373533498993	0.199999997786683
12.825	14.25	-1.06805184961066e-08	0.799999869205878	1.13418717084057e-07	63.3495335035593	0.199999991455585
12.975	14.25	-2.09673146633791e-08	0.79999987253996	1.14239548548462e-07	63.3255335088913	0.199999983226148
13.125	14.25	-3.39179264205517e-08	0.799999875845609	1.14969831886449e-07	63.3015335152326	0.199999972865659
13.275	14.25	-4.97838050465838e-08	0.799999879141996	1.15613909728531e-07	63.2775335228528	0.199999960172956
13.425	14.25	-6.87515719034666e-08	0.799999882452602	1.16175860657568e-07	63.2535335320425	0.199999944998742
13.575	14.25	-9.09127862122916e-08	0.799999885805174	1.16659825919744e-07	63.2295335431059	0.199999927269771
13.725	14.25	-1.16228717118804e-07	0.799999889231242	1.17069712057321e-07	63.2055335563495	0.199999907017026
13.875	14.25	-1.44490060577056e-07	0.799999892766899	1.1740944311143e-07	63.181533572068	0.199999884407952
14.025	14.25	-1.75271621791863e-07	0.799999896452549	1.17682582607384e-07	63.1575335905256	0.199999859782703
14.175	14.25	-2.07882028161635e-07	0.799999900331886	1.17893019890494e-07	63.1335336119329	0.199999833694377
14.325	14.25	-2.41308514346679e-07	0.799999904453364	1.18044069658141e-07	63.109533636419	0.199999806953189
14.475	14.25	-2.74156687057106e-07	0.799999908869548	1.18139186848979e-07	63.085533663997	0.19999978067465
14.625	14.25	-3.04584874159668e-07	0.799999913638712	1.18181665920008e-07	63.0615336945249	0.199999756332101
14.775	14.25	-3.30232113129674e-07	0.799999918825209	1.18174721457375e-07	63.0375337276589	0.19999973581431
14.925	14.25	-3.48137934986921e-07	0.799999924502712	1.18121421454965e-07	63.0135337627999	0.199999721489652
15.075	14.25	-3.54650716220054e-07	0.799999930758507	1.1802467246743e-07	62.9895337990313	0.199999716279427
15.225	14.25	-3.45319324578671e-07	0.799999937700012	1.17887427094231e-07	62.9655338350474	0.19999972374454
15.375	14.25	-3.14759840525222e-07	0.799999945464144	1.17712333269225e-07	62.9415338690706	0.199999748192128
15.525	14.25	-2.56484985912937e-07	0.799999954232706	1.17502209786714e-07	62.9175338987534	0.199999794812011
15.675	14.25	-1.62678127876575e-07	0.799999964252502	1.17259414124014e-07	62.8935339210617	0.199999869857498
15.825	14.25	-2.38858095860148e-08	0.799999975864856	1.16986453313017e-07	62.8695339321324	0.199999980891352
15.975	14.25	1.7140802816888e-07	0.799999989546917	1.16685732409726e-07	62.8455339270959	0.200000137126423
16.125	14.25	4.37377592755848e-07	0.800000005968892	1.16359464568848e-07	62.8215338998493	0.200000349902074
16.275	14.25	7.91691763334992e-07	0.800000026072617	1.1600985784546e-07	62.7975338427613	0.200000633353411
16.425	14.25	1.2566894263135e-06	0.800000051176734	1.15638880607551e-07	62.7735337462801	0.200001005351541
16.575	14.25	1.86102727576424e-06	0.800000083123594	1.15248629574142e-07	62.7495335984063	0.200001488821821
16.725	14.25	2.64198182539828e-06	0.800000124476586	1.14840933492194e-07	62.7255333839754	0.20000211358546
16.875	14.25	3.64865181228082e-06	0.800000178784537	1.14417587835417e-07	62.7015330836771	0.20000291892145
17.025	14.25	4.94639337333919e-06	0.800000250940458	1.13980250274293e-07	62.677532672707	0.200003957114699
17.175	14.25	6.62293577256512e-06	0.800000347664066	1.13530711869731e-07	62.6535321189128	0.200005298348618
17.325	14.25	8.79678050615677e-06	0.800000478151069	1.13070388428961e-07	62.629531380243	0.200007037424405
17.475	14.25	1.16286961742453e-05	0.800000654949989	1.12600742983495e-07	62.6055304012409	0.200009302956939
17.625	14.25	1.53374061956207e-05	0.800000895148984	1.12123157940694e-07	62.5815291082345	0.200012269924956
17.775	14.25	2.02209532266484e-05	0.800001221977708	1.11638755937972e-07	62.5575274027467	0.200016176762581
17.925	14.25	2.66857456392754e-05	0.800001666963876	1.11148861315706e-07	62.5335251524869	0.200021348596511
18.075	14.25	3.52859847112404e-05	0.800002272813074	1.106543972272e-07	62.509522179055	0.200028228787769
18.225	14.25	4.6777080252087e-05	0.800003097236404	1.10156162200309e-07	62.4855182411898	0.200037421664202
18.375	14.25	6.21878514942093e-05	0.800004218036626	1.09654873027568e-07	62.4615130119866	0.200049750281195
18.525	14.25	8.29178955244352e-05	0.800005739937602	1.09151158057653e-07	62.4375060479771	0.20006633431642
18.675	14.25	0.000110868702884837	0.800007803912826	1.08645052547286e-07	62.4134967472402	0.200088694962308
18.825	14.25	0.000148620260311733	0.800010600123373	1.08136447376168e-07	62.3894842927438	0.200118896208249
18.975	14.25	0.000199669460868262	0.800014385890063	1.07624922342687e-07	62.3654675757647	0.200159735568695
19.125	14.25	0.000268753050403978	0.800019510141579	1.07109432997174e-07	62.3414450923645	0.200215002440323
19.275	14.25	0.000362286165006734	0.800026445380983	1.06588001149379e-07	62.3174148033121	0.200289828932005
19.425	14.25	0.000488957313419374	0.800035827488584	1.06057949013452e-07	62.2933739443986	0.200391165850736
19.575	14.25	0.000660531199041823	0.800048503615866	1.0551535843645e-07	62.2693187696543	0.200528424959233
19.725	14.25	0.000892922219888653	0.800065590698532	1.0495449342686e-07	62.2452442045022	0.200714337775911
19.875	14.25	0.00120761713800503	0.800088553554907	1.04367577604584e-07	62.22114337909	0.200966093710404
20.025	14.25	0.00163355413331208	0.800119321953605	1.03743957734826e-07	62.1970070031331	0.20130684330665
20.175	14.25	0.00220962180836971	0.800160475478443	1.03069462259986e-07	62.1728225305987	0.201767697446696
20.325	14.25	0.00298804038427827	0.800215521761042	1.02324957740725e-07	62.1485730421156	0.202390432307423
20.475	14.25	0.0040390296767386	0.800289261414619	1.01485481395514e-07	62.1242357409822	0.203231223741391
20.625	14.25	0.00545732374863817	0.800388159651875	1.00518075920436e-07	62.0997799123323	0.204365858998911
20.775	14.25	0.00737118407284796	0.800520536414404	9.93799087224657e-08	62.0751641368482	0.205896947258278
20.925	14.25	0.00995447755784923	0.800696280623812	9.80165560384946e-08	62.0503324919327	0.207963582046279
21.075	14.25	0.0134420121435611	0.800925753661668	9.63592702375182e-08	62.0252094368533	0.210753609714849
21.225	14.25	0.0181476177521543	0.801217635360817	9.43264716965575e-08	61.9996930938233	0.214518094201723
21.375	14.25	0.0244834936928487	0.801575702187923	9.18269455968985e-08	61.9736467327998	0.219586794954279
21.525	14.25	0.0329782631195653	0.801994866203761	8.87697330165952e-08	61.9468884620163	0.226382610495652
21.675	14.25	0.0442900723543336	0.802457169167104	8.50800126757871e-08	61.9191794253752	0.235432057883467
21.825	14.25	0.0592098320028457	0.802928781816188	8.072157999394e-08	61.8902112192062	0.247367865602277
21.975	14.25	0.0786480166516719	0.803359395715828	7.57190482689372e-08	61.8595937916786	0.262918413321337
22.125	14.25	0.103596190557149	0.803685579402387	7.01731301961479e-08	61.8268458259117	0.282876952445719
22.275	14.25	0.135052302738668	0.803839325080537	6.42604241212454e-08	61.7913905534509	0.308041842190934
22.425	14.25	0.173898993405811	0.803761741675177	5.82120634187537e-08	61.7525609819547	0.339119194724649
22.575	14.25	0.220730584599815	0.80341969370657	5.22782998771672e-08	61.7096192430747	0.376584467679852
22.725	14.25	0.275641526273906	0.802820790943372	4.6686929774409e-08	61.6617943686513	0.420513221019125
22.875	14.25	0.338017855605018	0.802020579400954	4.16113694441448e-08	61.6083402160644	0.470414284484015
23.025	14.25	0.406404722486139	0.801116452528933	3.71547061998992e-08	61.5486097875512	0.525123777988911
23.175	14.25	0.478534571206503	0.800226930849504	3.33514546698909e-08	61.4821346266161	0.582827656965202
23.325	14.25	0.551566085563024	0.799461973570986	3.01806399968917e-08	61.4086914714069	0.641252868450419
23.475	14.25	0.622501306703236	0.798895932451572	2.75844382182811e-08	61.3283374414853	0.698001045362589
23.625	14.25	0.688659256660025	0.798554412799253	2.54857798602789e-08	61.2414024126108	0.75092740532802
23.775	14.25	0.748051809044904	0.798418746573844	2.38023765689852e-08	61.1484405235203	0.798441447235923
23.925	14.25	0.799557780103077	0.798442571815945	2.24559084121311e-08	61.0501552267564	0.839646224082461
24.075	14.25	0.84288646947324	0.798570852726168	2.13769556402074e-08	60.9473177363487	0.874309175578592
24.225	14.25	0.87839815525276	0.798753964484968	2.05070315902219e-08	60.84069587959	0.902718524202208
24.375	14.25	0.906872099778258	0.798954495402135	1.97984393945226e-08	60.7310027363425	0.925497679822606
24.525	14.25	0.929292197620544	0.799148198937805	1.92133251042371e-08	60.6188667200564	0.943433758096435
24.675	14.25	0.946685093647225	0.799321775404895	1.87220490805362e-08	60.5048197197625	0.95734807491778
24.825	14.25	0.960016774299504	0.799469694960493	1.83018066892483e-08	60.3892979711793	0.968013419439603
24.975	14.25	0.970138072811254	0.799591295755976	1.79351979385265e-08	60.2726505018154	0.976110458249004
25.125	14.25	0.977764769027959	0.799688599961245	1.76090502307184e-08	60.1551511433456	0.982211815222367
25.275	14.25	0.983479107127882	0.799764854954825	1.7313496603323e-08	60.0370114244012	0.986783285702305
25.425	14.25	0.9877427909994	0.799823643770592	1.70411746342526e-08	59.9183927659371	0.99019423279952
25.575	14.25	0.990914817784054	0.799868389787639	1.67866158377769e-08	59.7994171966057	0.992731854227243
25.725	14.25	0.993270126727713	0.799902114779221	1.65458380164159e-08	59.6801763170176	0.99461610138217
25.875	14.25	0.995016874757048	0.799927351253887	1.63158299896882e-08	59.560738539739	0.996013499805638
26.025	14.25	0.996311339925688	0.799946143592556	1.60944963380674e-08	59.4411547848038	0.99704907194055
26.175	14.25	0.997270176096679	0.799960095799045	1.58802012082042e-08	59.3214628717176	0.997816140877343
26.325	14.25	0.99798014592234	0.799970439183767	1.56718268867132e-08	59.20169085611	0.998384116737872
26.475	14.25	0.998505654690307	0.7999781037034	1.54685146639137e-08	59.0818595376153	0.998804523752245
26.625	14.25	0.998894473345446	0.799983783809977	1.52696237637666e-08	58.9619843314455	0.999115578676357
26.775	14.25	0.999182029799094	0.799987994515522	1.50747132346286e-08	58.8420766592874	0.999345623839275
26.925	14.25	0.999394600863245	0.799991116527366	1.48834362263483e-08	58.7221449810125	0.999515680690596
27.075	14.25	0.99955167692604	0.799993431144137	1.46955593416008e-08	58.6021955596727	0.999641341540832
27.225	14.25	0.999667711983814	0.799995146477543	1.45108486008205e-08	58.4822330289927	0.999734169587051
27.375	14.25	0.99975341990598	0.799996416799841	1.43291955591564e-08	58.3622608146415	0.999802735924784
27.525	14.25	0.999816736205276	0.799997356688472	1.41504818857296e-08	58.2422814471188	0.999853388964221
27.675	14.25	0.999863532815045	0.799998051349948	1.3974591235227e-08	58.1222967941673	0.999890826252036
27.825	14.25	0.999898149899132	0.799998564180282	1.38015068390858e-08	58.0023082333495	0.999918519919305
27.975	14.25	0.999923791677411	0.799998942336892	1.36311020619746e-08	57.8823167800974	0.999939033341929
28.125	14.25	0.999942820940352	0.799999220870467	1.34633747335121e-08	57.762323182627	0.999954256752282
28.275	14.25	0.99995697799652	0.799999425804909	1.32983006007572e-08	57.6423279922051	0.999965582397216
28.425	14.25	0.999967543255535	0.799999576438454	1.31358120808289e-08	57.5223316151042	0.999974034604428
28.575	14.25	0.999975457805796	0.799999687064511	1.29758809276341e-08	57.4023343509652	0.999980366244637
28.725	14.25	0.999981412728777	0.799999768257402	1.28184654703366e-08	57.2823364210843	0.999985130183022
28.875	14.25	0.999985915176771	0.799999827830643	1.26635658618211e-08	57.162337989243	0.999988732141417
29.025	14.25	0.999989337201563	0.799999871550722	1.25111202223232e-08	57.0423391770206	0.999991469761251
29.175	14.25	0.999991951790777	0.799999903667078	1.23611274763117e-08	56.9223400750347	0.999993561432622
29.325	14.25	0.9999939594249	0.799999927305921	1.22135405727018e-08	56.8023407511764	0.99999516753992
29.475	14.25	0.999995507614385	0.79999994476214	1.20683583450096e-08	56.6823412566333	0.999996406091508
29.625	14.25	0.999996705242143	0.799999957716262	1.19255253065889e-08	56.5623416302858	0.999997364193714
29.775	14.25	0.999997633065845	0.799999967395125	1.17850229330127e-08	56.4423419019118	0.999998106452676
29.925	14.25	0.999998351385271	0.799999974691316	1.16468298798667e-08	56.3223420945186	0.999998681108217
30.075	14.25	0.999998905620637	0.799999980251939	1.1510934427368e-08	56.2023422260384	0.99999912449651
30.225	14.25	0.999999330355689	0.799999984543844	1.13772950647787e-08	56.0823423105638	0.999999464284551
30.375	14.25	0.99999965225596	0.799999987902778	1.12458905724414e-08	55.962342359247	0.999999721804768
30.525	14.25	0.999999892166594	0.799999990569076	1.11166873541406e-08	55.8423423809598	0.999999913733275
30.675	14.25	1.00000006661442	0.799999992714464	1.09896568554051e-08	55.7223423827803	1.00000005329153
30.825	14.25	1.00000018888042	0.799999994461342	1.08647891481e-08	55.6023423703555	1.00000015110434
30.975	14.25	1.00000026976428	0.799999995897006	1.07420667189438e-08	55.4823423481768	1.00000021581142
31.125	14.25	1.00000031813022	0.799999997084303	1.06214394536549e-08	55.3623423197917	1.00000025450417
31.275	14.25	1.00000034129912	0.79999999806882	1.05028944002981e-08	55.2423422879705	1.0000002730393
31.425	14.25	1.00000034533335	0.799999998884412	1.03863986696073e-08	55.1223422548416	1.00000027626668
31.575	14.25	1.00000033524794	0.799999999556859	1.02719350772158e-08	55.0023422220012	1.00000026819835
31.725	14.25	1.00000031517153	0.800000000106528	1.0159482218328e-08	54.8823421906069	1.00000025213723
31.875	14.25	1.00000028847335	0.800000000550171	1.00490138110968e-08	54.7623421614563	1.00000023077868
32.025	14.25	1.00000025786735	0.80000000090191	9.94050802891909e-09	54.642342135055	1.00000020629388
32.175	14.25	1.00000022550094	0.800000001174356	9.83393249677165e-09	54.5223421116752	1.00000018040075
32.325	14.25	1.00000019303281	0.800000001378652	9.72925731436804e-09	54.4023420914065	1.00000015442625
32.475	14.25	1.00000016170284	0.80000000152502	9.62647085469085e-09	54.2823420741993	1.00000012936227
32.625	14.25	1.00000013239565	0.800000001622842	9.52555493992878e-09	54.162342059902	1.00000010591652
32.775	14.25	1.00000010569877	0.800000001680557	9.42648373801101e-09	54.0423420482924	1.00000008455902
32.925	14.25	1.00000008195547	0.800000001705911	9.32923268549655e-09	53.9223420391037	1.00000006556438
33.075	14.25	1.00000006131279	0.80000000170578	9.23377662730611e-09	53.8023420320452	1.00000004905023
33.225	14.25	1.00000004376434	0.800000001686215	9.14010158759767e-09	53.6823420268199	1.00000003501148
33.375	14.25	1.00000002918824	0.80000000165257	9.04816472173884e-09	53.5623420231366	1.00000002335059
33.525	14.25	1.00000001737989	0.800000001609347	8.9579719681123e-09	53.4423420207199	1.00000001390391
33.675	14.25	1.00000000808003	0.800000001560223	8.86947802988487e-09	53.3223420193168	1.00000000646402
33.825	14.25	1.00000000099792	0.800000001508276	8.78267999215382e-09	53.2023420187005	1.00000000079834
33.975	14.25	0.999999995830312	0.800000001456	8.6975332211872e-09	53.0823420186727	0.99999999666425
34.125	14.25	0.999999992276175	0.800000001405061	8.61405857794603e-09	52.9623420190643	0.99999999382094
34.275	14.25	0.999999990047913	0.800000001356812	8.53221140495902e-09	52.8423420197342	0.999999992038331
34.425	14.25	0.999999988879297	0.800000001312153	8.45196598575556e-09	52.722342020568	0.999999991103437
34.575	14.25	0.99999998853066	0.800000001271544	8.37331071424982e-09	52.6023420214757	0.999999990824528
34.725	14.25	0.999999988791775	0.800000001235147	8.29622785769311e-09	52.4823420223887	0.99999999103342
34.875	14.25	0.999999989482831	0.800000001202872	8.220686499888e-09	52.3623420232571	0.999999991586265
35.025	14.25	0.999999990454023	0.800000001174592	8.14667793472116e-09	52.2423420240471	0.999999992363218
35.175	14.25	0.99999999158397	0.800000001149842	8.07419890169885e-09	52.1223420247376	0.999999993267176
35.325	14.25	0.999999992777346	0.800000001128317	8.0032053826384e-09	52.002342025318	0.999999994221877
35.475	14.25	0.999999993962099	0.800000001109432	7.93368775223196e-09	51.8823420257858	0.999999995169679
35.625	14.25	0.999999995086383	0.800000001092742	7.86564221355042e-09	51.7623420261444	0.999999996069106
35.775	14.25	0.999999996115391	0.800000001077779	7.79904424968708e-09	51.6423420264014	0.999999996892313
35.925	14.25	0.999999997028307	0.800000001064141	7.73386475728961e-09	51.5223420265669	0.999999997622646
36.075	14.25	0.999999997815485	0.800000001051346	7.67010594225369e-09	51.4023420266527	0.999999998252388
36.225	14.25	0.999999998475772	0.800000001039117	7.60774111369402e-09	51.2823420266709	0.999999998780618
36.375	14.25	0.999999999014299	0.800000001027158	7.54674973268804e-09	51.1623420266336	0.999999999211439
36.525	14.25	0.999999999440481	0.800000001015125	7.48713412549251e-09	51.042342026552	0.999999999552385
36.675	14.25	0.999999999766355	0.800000001002937	7.42886756188806e-09	50.9223420264365	0.999999999813084
36.825	14.25	1.00000000000537	0.800000000990427	7.37195057168748e-09	50.802342026296	1.00000000000429
36.975	14.25	1.00000000017138	0.800000000977453	7.3163249459244e-09	50.6823420261383	1.0000000001371
37.125	14.25	1.00000000027793	0.80000000096396	7.26202215507319e-09	50.5623420259699	1.00000000022235
37.275	14.25	1.00000000033771	0.800000000949924	7.20900338646186e-09	50.4423420257958	1.00000000027017
37.425	14.25	1.00000000036185	0.800000000935136	7.15728377393879e-09	50.32234202562	1.00000000028948
37.575	14.25	1.00000000035915	0.800000000919523	7.10681401733259e-09	50.2023420254457	1.00000000028732
37.725	14.25	1.00000000033569	0.800000000903331	7.05760479812344e-09	50.0823420252752	1.00000000026855
37.875	14.25	1.00000000029554	0.800000000887072	7.00964045322911e-09	49.9623420251103	1.00000000023643
38.025	14.25	1.00000000024454	0.800000000871855	6.96290690081177e-09	49.8423420249523	1.00000000019563
38.175	14.25	1.00000000019658	0.800000000858303	6.91737950877466e-09	49.7223420248018	1.00000000015727
38.325	14.25	1.00000000017807	0.80000000084492	6.87307240379073e-09	49.6023420246571	1.00000000014246
38.475	14.25	1.00000000021822	0.800000000825561	6.82994568123865e-09	49.4823420245141	1.00000000017457
38.625	14.25	1.00000000031039	0.800000000789616	6.78801001271565e-09	49.3623420243675	1.00000000024831
38.775	14.25	1.00000000034602	0.800000000730586	6.74724379171225e-09	49.2423420242176	1.00000000027682
38.925	14.25	1.00000000007388	0.800000000666415	6.70763607462396e-09	49.1223420240819	1.00000000005911
39.075	14.25	0.999999999212041	0.800000000663298	6.66918525925492e-09	49.0023420240035	0.999999999369632
39.225	14.25	0.999999997861587	0.800000000830163	6.63187936937779e-09	48.8823420240342	0.999999998289269
39.375	14.25	0.999999997187161	0.800000001228239	6.59570893006268e-09	48.762342024165	0.999999997749729
39.525	14.25	0.999999999800273	0.800000001664167	6.56065135145952e-09	48.6423420242058	0.999999999840219
39.675	14.25	1.00000000854991	0.800000001459196	6.52671308157753e-09	48.5223420237041	1.00000000683993
39.825	14.25	1.00000002228111	0.799999999530884	6.49386162609947e-09	48.4023420221264	1.00000001782489
39.975	14.25	1.00000002906865	0.799999995315468	6.462129442236e-09	48.2823420195669	1.00000002325492
40.125	14.25	1.00000000269436	0.799999990797684	6.4314826320426e-09	48.1623420179506	1.00000000215549
40.275	14.25	0.999999915051616	0.79999999265444	6.4019217611563e-09	48.0423420218102	0.999999932041293
40.425	14.25	0.999999777875217	0.800000011270996	6.37341090658011e-09	47.9223420364643	0.999999822300174
40.575	14.25	0.999999707649956	0.800000051752558	6.34597909080094e-09	47.8023420610769	0.999999766119965
40.725	14.25	0.999999957517784	0.80000009491056	6.31961714853701e-09	47.6823420770697	0.999999966014227
40.875	14.25	1.00000079734943	0.800000078059753	6.29426303559709e-09	47.5623420407603	1.00000063787954
41.025	14.25	1.00000212196186	0.79999990548592	6.26998716081521e-09	47.4423419005607	1.00000169756949
41.175	14.25	1.00000285290257	0.799999531298759	6.24673824459305e-09	47.3223416616978	1.00000228232205
41.325	14.25	1.000000651631	0.799999128989919	6.22455390385106e-09	47.2023414934141	1.0000005213048
41.475	14.25	0.99999300385803	0.799999256490097	6.20340227076543e-09	47.0823417978878	0.999994403086424
41.625	14.25	0.99998070663772	0.800000757040486	6.18329405582258e-09	46.9623430597251	0.999984565310176
41.775	14.25	0.999973138463841	0.800004041611156	6.1641762119627e-09	46.8423452751047	0.999978510771073
41.925	14.25	0.999990827520453	0.800007658472542	6.14595502026307e-09	46.7223470046827	0.999992662016362
42.075	14.25	1.00005637953617	0.800006937038941	6.12850102844977e-09	46.6023447386959	1.00004510362894
42.225	14.25	1.0001652888617	0.799994824859653	6.11184064625601e-09	46.4823340986062	1.00013223108936
42.375	14.25	1.00024184955406	0.799967674877318	6.09632034841502e-09	46.3623145559818	1.00019347964325
42.525	14.25	1.00011633628649	0.79993655110052	6.08277497468405e-09	46.2422973629049	1.00009306902919
42.675	14.25	0.99959422690594	0.799937861244384	6.07213479199942e-09	46.1223112558562	0.999675381524752
42.825	14.25	0.998683926300748	0.800027372983172	6.06439280449892e-09	46.0023939069142	0.998947141040599
42.975	14.25	0.997944673216496	0.800237007312168	6.05680803214185e-09	45.8825557387575	0.998355738573197
43.125	14.25	0.998684258966643	0.800490005897118	6.04308090663476e-09	45.7627175443736	0.998947407173314
43.275	14.25	1.00248296174843	0.800522975519045	6.01561863476643e-09	45.6426615139997	1.00198636939874
43.425	14.25	1.00955927623898	0.799934825894402	5.97359387605239e-09	45.5220836114154	1.00764742099118
43.575	14.25	1.01623380739109	0.798479881874847	5.93473663020408e-09	45.4008458347177	1.01298704591287
43.725	14.25	1.01328677101993	0.796573392043788	5.94201576138339e-09	45.279428678387	1.01062941681594
43.875	14.25	0.98868089776831	0.795833250787643	6.05440364262473e-09	45.1593336839219	0.990944718214648
44.025	14.25	0.938367896631594	0.799351007423767	6.30627391546243e-09	45.0428406514527	0.950694317305275
44.175	14.25	0.884673133432777	0.810192428786986	6.60168305744539e-09	44.9313521458349	0.907738506746222
44.325	14.25	0.889127901567142	0.824441952924897	6.57409887177899e-09	44.8222077918074	0.911302321253714
44.475	14.25	1.03257195136876	0.826489829089275	5.83750587635054e-09	44.7059573862031	1.02605756109501
44.625	14.25	1.34924434195962	0.808622132973415	4.68016008900052e-09	44.5677999503158	1.27939547356769
44.775	14.25	1.76408811819925	0.709537047485018	3.71485728772495e-09	44.3955931371772	1.6112704945594
44.925	14.25	2.11154506630752	0.834636814119225	3.16749367590524e-09	44.224823117493	1.88923605304602
0.075	14.75	3.47473586188277e-16	0.399999994592094	-3.36041994649676e-07	65.3895330269819	0.2
0.225	14.75	1.09796503665655e-15	0.79999998378726	-3.35594381330163e-07	65.3655330273064	0.200000000000001
0.375	14.75	2.5481894213748e-15	0.799999973016581	-3.34700599774076e-07	65.3415330279547	0.200000000000002
0.525	14.75	4.61626611428598e-15	0.7999999623042	-3.33363539126644e-07	65.3175330289254	0.200000000000004
0.675	14.75	7.14881742312742e-15	0.799999951669955	-3.31587348022694e-07	65.2935330302165	0.200000000000006
0.825	14.75	9.9358849295585e-15	0.799999941138354	-3.29377688895166e-07	65.2695330318252	0.200000000000008
0.975	14.75	1.27379711618586e-14	0.799999930729953	-3.26741802306538e-07	65.2455330337482	0.20000000000001
1.125	14.75	1.52997083006886e-14	0.799999920465504	-3.23687706997819e-07	65.2215330359814	0.200000000000012
1.275	14.75	1.73403395871898e-14	0.799999910366704	-3.20225242823951e-07	65.1975330385202	0.200000000000014
1.425	14.75	1.85241252253195e-14	0.799999900452837	-3.16364873806883e-07	65.1735330413594	0.200000000000015
1.575	14.75	1.84215045476068e-14	0.79999989074213	-3.12118808059969e-07	65.1495330444931	0.200000000000015
1.725	14.75	1.64738669733658e-14	0.799999881253065	-3.07500050874782e-07	65.1255330479149	0.200000000000013
1.875	14.75	1.19727181413649e-14	0.799999872003864	-3.02522314887617e-07	65.1015330516179	0.20000000000001
2.025	14.75	4.06046536033574e-15	0.799999863009116	-2.97200804350213e-07	65.0775330555946	0.200000000000003
2.175	14.75	-8.24293033152195e-15	0.799999854284801	-2.91550989745292e-07	65.0535330598373	0.199999999999993
2.325	14.75	-2.59845254020699e-14	0.799999845844705	-2.85589515816783e-07	65.0295330643376	0.199999999999979
2.475	14.75	-5.01911155604646e-14	0.799999837701593	-2.79333453299391e-07	65.0055330690866	0.19999999999996
2.625	14.75	-8.17460533450016e-14	0.79999982986709	-2.72800524665061e-07	64.9815330740755	0.199999999999935
2.775	14.75	-1.21225284098008e-13	0.799999822352644	-2.66009061504531e-07	64.9575330792946	0.199999999999903
2.925	14.75	-1.68687744240629e-13	0.799999815166364	-2.58977462491786e-07	64.9335330847343	0.199999999999865
3.075	14.75	-2.23416710063614e-13	0.799999808316653	-2.51724958882784e-07	64.9095330903847	0.199999999999821
3.225	14.75	-2.83611739987816e-13	0.799999801810369	-2.4427035285468e-07	64.8855330962354	0.199999999999773
3.375	14.75	-3.46035761610351e-13	0.799999795653759	-2.36633011728289e-07	64.8615331022761	0.199999999999723
3.525	14.75	-4.05628612516774e-13	0.799999789850401	-2.28832091652963e-07	64.8375331084962	0.199999999999676
3.675	14.75	-4.55107140797114e-13	0.799999784404399	-2.20886957953057e-07	64.8135331148851	0.199999999999636
3.825	14.75	-4.84582730297776e-13	0.79999977931665	-2.12816668595683e-07	64.7895331214321	0.199999999999612
3.975	14.75	-4.81239911581092e-13	0.799999774589799	-2.04640001085103e-07	64.7655331281262	0.199999999999615
4.125	14.75	-4.29134201300894e-13	0.799999770223158	-1.96375963701032e-07	64.7415331349568	0.199999999999657
4.275	14.75	-3.09183162531971e-13	0.799999766214498	-1.88042381927757e-07	64.7175331419129	0.199999999999753
4.425	14.75	-9.94409650609146e-14	0.79999976256258	-1.79657618134089e-07	64.693533148984	0.19999999999992
4.575	14.75	2.24237564348444e-13	0.799999759264964	-1.71238688471758e-07	64.6695331561592	0.200000000000179
4.725	14.75	6.87024069498332e-13	0.799999756316585	-1.62802833586741e-07	64.645533163428	0.20000000000055
4.875	14.75	1.31330661234293e-12	0.799999753713173	-1.54366259070624e-07	64.62153317078	0.200000000001051
5.025	14.75	2.12411221387665e-12	0.799999751449083	-1.4594482606237e-07	64.597533178205	0.200000000001699
5.175	14.75	3.13364002651351e-12	0.799999749516969	-1.37553684281048e-07	64.5735331856927	0.200000000002507
5.325	14.75	4.34480543143713e-12	0.799999747910596	-1.29207360565793e-07	64.5495331932334	0.200000000003476
5.475	14.75	5.74373539956451e-12	0.799999746622653	-1.20919483170294e-07	64.5255332008172	0.200000000004595
5.625	14.75	7.2932177341389e-12	0.79999974564394	-1.12703357166167e-07	64.5015332084349	0.200000000005835
5.775	14.75	8.92519523582714e-12	0.79999974496623	-1.04570926660333e-07	64.4775332160772	0.20000000000714
5.925	14.75	1.05325143915391e-11	0.799999744580126	-9.65342479242543e-08	64.4535332237352	0.200000000008426
6.075	14.75	1.19602894871784e-11	0.799999744475296	-8.86039683844235e-08	64.4295332314004	0.200000000009568
6.225	14.75	1.29974288070979e-11	0.799999744643327	-8.07900454139858e-08	64.4055332390644	0.200000000010398
6.375	14.75	1.33690888629732e-11	0.799999745072914	-7.31019637059041e-08	64.3815332467193	0.200000000010695
6.525	14.75	1.27310722126548e-11	0.799999745753065	-6.55482672654802e-08	64.3575332543574	0.200000000010185
6.675	14.75	1.0667456909259e-11	0.799999746674248	-5.81368224868799e-08	64.3335332619716	0.200000000008534
6.825	14.75	6.69302964797833e-12	0.79999974782478	-5.08748128274824e-08	64.3095332695549	0.200000000005354
6.975	14.75	2.62372924078524e-13	0.79999974919406	-4.37683854900001e-08	64.2855332771009	0.20000000000021
7.125	14.75	-9.21229368427803e-12	0.799999750772032	-3.68234473100694e-08	64.2615332846032	0.19999999999263
7.275	14.75	-2.23322266346787e-11	0.799999752545933	-3.00449856167259e-08	64.2375332920563	0.199999999982134
7.425	14.75	-3.96698376613288e-11	0.799999754506542	-2.34371189466337e-08	64.2135332994548	0.199999999968264
7.575	14.75	-6.1710592207882e-11	0.799999756642361	-1.700378377768e-08	64.1895333067935	0.199999999950632
7.725	14.75	-8.87770085699514e-11	0.799999758942759	-1.07479670311405e-08	64.1655333140681	0.199999999928978
7.875	14.75	-1.20933109268164e-10	0.799999761397401	-4.67218842338207e-09	64.141533321274	0.199999999903254
8.025	14.75	-1.57868444205797e-10	0.799999763996009	1.2215609961259e-09	64.1175333284074	0.199999999873705
8.175	14.75	-1.98761928082211e-10	0.799999766727757	6.93214540689356e-09	64.0935333354646	0.19999999984099
8.325	14.75	-2.42127264415003e-10	0.799999769583767	1.24584681161927e-08	64.0695333424419	0.199999999806298
8.475	14.75	-2.85643708734724e-10	0.79999977255384	1.78001367371492e-08	64.0455333493361	0.199999999771485
8.625	14.75	-3.25978381895204e-10	0.799999775628443	2.29574345542612e-08	64.0215333561436	0.199999999739217
8.775	14.75	-3.5860928689469e-10	0.799999778798774	2.79306078576494e-08	63.9975333628609	0.199999999713113
8.925	14.75	-3.77661585179312e-10	0.799999782055717	3.27208777456069e-08	63.9735333694845	0.199999999697871
9.075	14.75	-3.75773488854615e-10	0.799999785390538	3.73292591592586e-08	63.9495333760101	0.199999999699381
9.225	14.75	-3.44012215322105e-10	0.799999788795001	4.17572965629783e-08	63.9255333824332	0.19999999972479
9.375	14.75	-2.71864667134353e-10	0.79999979226076	4.60072106454996e-08	63.9015333887484	0.199999999782508
9.525	14.75	-1.47331618465065e-10	0.799999795779959	5.00810545063933e-08	63.8775333949497	0.199999999882135
9.675	14.75	4.28420815061668e-11	0.799999799344767	5.39814691335138e-08	63.8535334010299	0.200000000034274
9.825	14.75	3.12765798474189e-10	0.799999802947676	5.77111141691221e-08	63.8295334069808	0.200000000250213
9.975	14.75	6.76792606721621e-10	0.799999806580802	6.12728272535615e-08	63.805533412793	0.200000000541434
10.125	14.75	1.148662568869e-09	0.799999810236805	6.46701204000976e-08	63.781533418456	0.20000000091893
10.275	14.75	1.74036447389713e-09	0.799999813908788	6.79059884080506e-08	63.7575334239583	0.200000001392292
10.425	14.75	2.46068559380148e-09	0.799999817588475	7.0984171344665e-08	63.7335334292874	0.200000001968549
10.575	14.75	3.31342730121862e-09	0.799999821269816	7.39079914213912e-08	63.7095334344305	0.200000002650742
10.725	14.75	4.29527663900899e-09	0.799999824944928	7.66814593411047e-08	63.685533439375	0.200000003436221
10.875	14.75	5.39334066831673e-09	0.79999982860614	7.93082282756204e-08	63.6615334441091	0.200000004314673
11.025	14.75	6.58237205701407e-09	0.799999832247131	8.17925040521512e-08	63.6375334486231	0.200000005265898
11.175	14.75	7.8217411701408e-09	0.799999835860852	8.41379558144346e-08	63.6135334529105	0.200000006257393
11.325	14.75	9.05224193799728e-09	0.799999839440446	8.63487617043738e-08	63.5895334569697	0.200000007241794
11.475	14.75	1.01928557951136e-08	0.799999842979684	8.84289664643968e-08	63.565533460806	0.200000008154285
11.625	14.75	1.11376394658563e-08	0.799999846472463	9.03826659051114e-08	63.5415334644339	0.200000008910112
11.775	14.75	1.17529474148973e-08	0.799999849914388	9.22139453064148e-08	63.5175334678792	0.200000009402358
11.925	14.75	1.18752470608917e-08	0.799999853300858	9.3926826095216e-08	63.4935334711824	0.200000009500198
12.075	14.75	1.13098326195385e-08	0.79999985662926	9.55255115197653e-08	63.4695334744011	0.200000009047866
12.225	14.75	9.83078950937267e-09	0.799999859898226	9.70139617195445e-08	63.4455334776132	0.200000007864632
12.375	14.75	7.18260303968557e-09	0.799999863108422	9.83963263462313e-08	63.4215334809197	0.200000005746082
12.525	14.75	3.08383969249334e-09	0.799999866262897	9.96764249576993e-08	63.3975334844476	0.200000002467072
12.675	14.75	-2.76664639645652e-09	0.799999869366533	1.00858331257803e-07	63.3735334883519	0.199999997786683
12.825	14.75	-1.06805182902523e-08	0.799999872428228	1.01945880887524e-07	63.3495334928168	0.199999991455585
12.975	14.75	-2.0967314421337e-08	0.799999875459365	1.02943023047078e-07	63.3255334980568	0.199999983226148
13.125	14.75	-3.39179261455278e-08	0.799999878475322	1.03853336837752e-07	63.301533504315	0.199999972865659
13.275	14.75	-4.97838047434362e-08	0.799999881495356	1.04680693225201e-07	63.2775335118605	0.199999960172956
13.425	14.75	-6.8751571578936e-08	0.799999884542378	1.05428631340845e-07	63.2535335209838	0.199999944998743
13.575	14.75	-9.09127858746274e-08	0.799999887643658	1.06100688645083e-07	63.2295335319883	0.199999927269771
13.725	14.75	-1.16228716777782e-07	0.799999890831067	1.06700391537638e-07	63.2055335451804	0.199999907017027
13.875	14.75	-1.44490060243333e-07	0.7999998941398	1.07231115097868e-07	63.1815335608544	0.199999884407952
14.025	14.75	-1.75271621476716e-07	0.799999897609925	1.07696274139295e-07	63.1575335792741	0.199999859782703
14.175	14.75	-2.07882027876061e-07	0.799999901285033	1.08098940141966e-07	63.1335336006499	0.199999833694378
14.325	14.75	-2.41308514100824e-07	0.799999905213476	1.08442366258563e-07	63.1095336251103	0.199999806953189
14.475	14.75	-2.74156686859131e-07	0.799999909447083	1.08729591499814e-07	63.0855336526683	0.199999780674651
14.625	14.75	-3.04584874014859e-07	0.79999991404399	1.08963544545831e-07	63.0615336831816	0.199999756332101
14.775	14.75	-3.30232113039158e-07	0.799999919068021	1.09147168109415e-07	63.037533716306	0.19999973581431
14.925	14.75	-3.48137934946529e-07	0.799999924592849	1.09283188605138e-07	63.0135337514421	0.199999721489652
15.075	14.75	-3.54650716218877e-07	0.799999930705186	1.09374420918771e-07	62.9895337876729	0.199999716279427
15.225	14.75	-3.45319324597752e-07	0.799999937512377	1.09423407681837e-07	62.9655338236927	0.19999972374454
15.375	14.75	-3.147598405358e-07	0.799999945150889	1.09432670137312e-07	62.9415338577235	0.199999748192128
15.525	14.75	-2.56484985874826e-07	0.79999995380214	1.09404601787158e-07	62.9175338874175	0.199999794812011
15.675	14.75	-1.62678127735738e-07	0.799999963712509	1.09341724085339e-07	62.8935339097404	0.199999869857498
15.825	14.75	-2.38858092721413e-08	0.799999975223395	1.09246273683972e-07	62.8695339208289	0.199999980891353
15.975	14.75	1.71408028746572e-07	0.799999988811261	1.09120446428836e-07	62.8455339158131	0.200000137126423
16.125	14.75	4.37377593713023e-07	0.800000005146734	1.08966258271493e-07	62.8215338885899	0.200000349902075
16.275	14.75	7.9169176482037e-07	0.800000025170136	1.08785877345647e-07	62.7975338315278	0.200000633353412
16.425	14.75	1.25668942851791e-06	0.800000050200893	1.08581231272858e-07	62.7735337350749	0.200001005351543
16.575	14.75	1.8610272789369e-06	0.800000082080848	1.08354034785226e-07	62.7495335872314	0.200001488821823
16.725	14.75	2.64198182986596e-06	0.800000123373041	1.08106346556007e-07	62.7255333728328	0.200002113585464
16.875	14.75	3.64865181847964e-06	0.8000001776257	1.07839697472789e-07	62.7015330725684	0.200002918921455
17.025	14.75	4.94639338185387e-06	0.800000249732067	1.07555836146321e-07	62.6775326616339	0.200003957114706
17.175	14.75	6.62293578418887e-06	0.800000346411636	1.07256224147568e-07	62.6535321078767	0.200005298348627
17.325	14.75	8.79678052196821e-06	0.800000476859691	1.06942472428526e-07	62.629531369245	0.200007037424418
17.475	14.75	1.16286961957226e-05	0.800000653624378	1.06615801163935e-07	62.6055303902822	0.200009302956957
17.625	14.75	1.53374062247856e-05	0.80000089379379	1.06277741662598e-07	62.581529097316	0.20001226992498
17.775	14.75	2.02209532662727e-05	0.80000122059758	1.05929456641667e-07	62.5575273918693	0.200016176762613
17.925	14.75	2.66857456931483e-05	0.800001665562776	1.05571995346195e-07	62.5335251416512	0.200021348596555
18.075	14.75	3.52859847845414e-05	0.800002271395317	1.05206307362486e-07	62.5095221682617	0.200028228787828
18.225	14.75	4.6777080351871e-05	0.800003095805524	1.048333517133e-07	62.4855182304392	0.200037421664282
18.375	14.75	6.21878516300596e-05	0.800004216596492	1.04453874724316e-07	62.4615130012792	0.200049750281304
18.525	14.75	8.29178957093319e-05	0.800005738491615	1.04068248906165e-07	62.437506037313	0.200066334316567
18.675	14.75	0.000110868703136296	0.800007802464057	1.0367686371458e-07	62.4134967366195	0.200088694962509
18.825	14.75	0.000148620260653324	0.800010598675352	1.03279466024916e-07	62.3894842821665	0.200118896208523
18.975	14.75	0.000199669461331628	0.800014384445397	1.02875727125251e-07	62.3654675652309	0.200159735569065
19.125	14.75	0.000268753051031524	0.800019508703438	1.02464469891065e-07	62.3414450818739	0.200215002440825
19.275	14.75	0.000362286165855144	0.800026443951625	1.02044322937228e-07	62.3174147928646	0.200289828932684
19.425	14.75	0.000488957314564232	0.800035826070658	1.01612332680166e-07	62.2933739339937	0.200391165851651
19.575	14.75	0.000660531200583701	0.800048502211656	1.01164904932174e-07	62.2693187592917	0.200528424960467
19.725	14.75	0.000892922221960683	0.800065589310442	1.0069659572081e-07	62.2452441941815	0.200714337777569
19.875	14.75	0.00120761714078294	0.800088552184432	1.00199772783295e-07	62.2211433688106	0.200966093712626
20.025	14.75	0.00163355413702682	0.800119320603113	9.96643666929343e-08	62.1970069928945	0.201306843309621
20.175	14.75	0.00220962181332439	0.800160474149703	9.90765549318516e-08	62.1728225204001	0.20176769745066
20.325	14.75	0.00298804039087052	0.800215520455734	9.84179927481339e-08	62.1485730319564	0.202390432312696
20.475	14.75	0.00403902968549049	0.800289260134157	9.76645328076561e-08	62.1242357308616	0.203231223748392
20.625	14.75	0.00545732376023475	0.800388158397161	9.67844325229598e-08	62.0997799022495	0.204365859008188
20.775	14.75	0.00737118408818675	0.800520535186979	9.57363173171123e-08	62.0751641268024	0.205896947270549
20.925	14.75	0.00995447757809677	0.800696279424668	9.4467071629666e-08	62.0503324819228	0.207963582062477
21.075	14.75	0.0134420121702174	0.80092575249171	9.29109655749089e-08	62.0252094268784	0.210753609736174
21.225	14.75	0.0181476177871192	0.80121763421986	9.09886007664078e-08	61.9996930838823	0.214518094229695
21.375	14.75	0.024483493738485	0.801575701076684	8.86118238756076e-08	61.9736467228916	0.219586794990788
21.525	14.75	0.0329782631787507	0.801994865122043	8.5692428341686e-08	61.9468884521398	0.226382610543001
21.675	14.75	0.044290072430498	0.802457168114284	8.21579479531544e-08	61.9191794155291	0.235432057944398
21.825	14.75	0.0592098320999647	0.802928780791581	7.7973158891846e-08	61.8902112093893	0.247367865679972
21.975	14.75	0.0786480167741914	0.803359394718232	7.31617315001322e-08	61.8595937818898	0.262918413419353
22.125	14.75	0.103596190709782	0.803685578430062	6.78209277152318e-08	61.8268458161499	0.282876952567826
22.275	14.75	0.135052302926	0.803839324131732	6.21214282358774e-08	61.7913905437151	0.3080418423408
22.425	14.75	0.1738989936316	0.803761740748162	5.62873334139763e-08	61.7525609722444	0.33911919490528
22.575	14.75	0.220730584866023	0.803419692799452	5.05608495959642e-08	61.7096192333897	0.376584467892819
22.725	14.75	0.275641526579512	0.802820790054368	4.51629297297919e-08	61.6617943589922	0.420513221263609
22.875	14.75	0.338017855944978	0.802020578528906	4.02618939049645e-08	61.6083402064327	0.470414284755983
23.025	14.75	0.406404722850955	0.801116451672854	3.59582634469296e-08	61.5486097779497	0.525123778280764
23.175	14.75	0.478534571582794	0.800226930008344	3.22857780223769e-08	61.4821346170491	0.582827657266236
23.325	14.75	0.551566085935314	0.799461972744075	2.92248360729742e-08	61.4086914618802	0.641252868748251
23.475	14.75	0.622501307056445	0.798895931637904	2.67197503545131e-08	61.3283374320059	0.698001045645156
23.625	14.75	0.688659256981853	0.798554411997894	2.46962304626956e-08	61.2414024031868	0.750927405585483
23.775	14.75	0.74805180932734	0.798418745783709	2.30747887264746e-08	61.1484405141598	0.798441447461872
23.925	14.75	0.799557780342767	0.798442571036265	2.17796672663028e-08	61.0501552174675	0.839646224274214
24.075	14.75	0.842886469670796	0.798570851956139	2.0743744783463e-08	60.9473177271387	0.874309175736636
24.225	14.75	0.878398155411582	0.798753963724188	1.99103742119416e-08	60.8406958704651	0.902718524329266
24.375	14.75	0.906872099903293	0.798954494650096	1.92333675122114e-08	60.7310027273081	0.925497679922634
24.525	14.75	0.929292197717275	0.799148198194424	1.86759439493853e-08	60.6188667111164	0.94343375817382
24.675	14.75	0.946685093720988	0.799321774670023	1.82093821833582e-08	60.50481971092	0.957348074976791
24.825	14.75	0.960016774355113	0.79946969423416	1.78115373990103e-08	60.3892979624362	0.968013419484091
24.975	14.75	0.970138072852791	0.799591295038153	1.74655343120869e-08	60.2726504931731	0.976110458282233
25.125	14.75	0.977764769058765	0.799688599251953	1.71585357177654e-08	60.1551511348047	0.982211815247012
25.275	14.75	0.983479107150621	0.799764854254108	1.68809884938138e-08	60.037011415962	0.986783285720497
25.425	14.75	0.987742791016111	0.799823643078436	1.66256928068025e-08	59.9183927575993	0.990194232812889
25.575	14.75	0.990914817796306	0.79986838910411	1.63873682856972e-08	59.7994171883689	0.992731854237045
25.725	14.75	0.993270126736678	0.799902114104353	1.61621051164296e-08	59.6801763088811	0.994616101389342
25.875	14.75	0.995016874763616	0.799927350587667	1.5947035744552e-08	59.5607385317018	0.996013499810893
26.025	14.75	0.99631133993049	0.799946142934965	1.5740053843963e-08	59.4411547768651	0.997049071944392
26.175	14.75	0.997270176100188	0.799960095150132	1.55396212766405e-08	59.3214628638762	0.99781614088015
26.325	14.75	0.997980145924899	0.799970438543513	1.53446251913878e-08	59.2016908483648	0.99838411673992
26.475	14.75	0.998505654692173	0.799978103071723	1.5154241577066e-08	59.0818595299652	0.998804523753739
26.625	14.75	0.998894473346805	0.799983783186936	1.49678820596262e-08	58.9619843238892	0.999115578677444
26.775	14.75	0.999182029800083	0.799987993901041	1.47851193700989e-08	58.8420766518238	0.999345623840067
26.925	14.75	0.999394600863966	0.799991115921432	1.46055884049733e-08	58.7221449736403	0.999515680691173
27.075	14.75	0.999551676926568	0.799993430546673	1.4429093727977e-08	58.6021955523906	0.999641341541254
27.225	14.75	0.999667711984188	0.799995145888603	1.42554284929057e-08	58.4822330217995	0.99973416958735
27.375	14.75	0.999753419906258	0.799996416219276	1.40844710018842e-08	58.362260807536	0.999802735925006
27.525	14.75	0.999816736205497	0.79999735611627	1.3916118140627e-08	58.2422814400997	0.999853388964398
27.675	14.75	0.999863532815208	0.799998050786108	1.37503027394506e-08	58.1222967872334	0.999890826252167
27.825	14.75	0.99989814989924	0.799998563624684	1.35869571571627e-08	58.0023082264995	0.999918519919392
27.975	14.75	0.999923791677476	0.799998941789457	1.3426023905773e-08	57.8823167733302	0.999939033341981
28.125	14.75	0.999942820940403	0.799999220331244	1.3267478478988e-08	57.7623231759412	0.999954256752322
28.275	14.75	0.999956977996562	0.799999425273769	1.31112813283395e-08	57.6423279855995	0.99996558239725
28.425	14.75	0.999967543255565	0.799999575915351	1.29573924515393e-08	57.5223316085778	0.999974034604452
28.575	14.75	0.999975457805824	0.799999686549348	1.28058032573698e-08	57.4023343445166	0.999980366244659
28.725	14.75	0.999981412728795	0.799999767750084	1.26564822755577e-08	57.2823364147124	0.999985130183036
28.875	14.75	0.999985915176793	0.79999982733122	1.25094171661058e-08	57.1623379829466	0.999988732141434
29.025	14.75	0.999989337201571	0.799999871059015	1.23645818127558e-08	57.0423391707985	0.999991469761257
29.175	14.75	0.999991951790788	0.799999903183089	1.22219308285421e-08	56.9223400688858	0.99999356143263
29.325	14.75	0.999993959424918	0.799999926829517	1.20814913188498e-08	56.8023407450996	0.999995167539934
29.475	14.75	0.999995507614393	0.799999944293242	1.19432123010014e-08	56.6823412506273	0.999996406091514
29.625	14.75	0.999996705242141	0.799999957254852	1.180706874721e-08	56.5623416243495	0.999997364193713
29.775	14.75	0.999997633065845	0.799999966941143	1.16730864043263e-08	56.4423418960443	0.999998106452676
29.925	14.75	0.999998351385273	0.799999974244686	1.15411792543222e-08	56.3223420887185	0.999998681108218
30.075	14.75	0.999998905620655	0.799999979812487	1.14113887731453e-08	56.2023422203049	0.999999124496524
30.225	14.75	0.999999330355699	0.799999984111591	1.12836510845187e-08	56.0823423048956	0.999999464284559
30.375	14.75	0.999999652255966	0.799999987477568	1.11579459263762e-08	55.9623423536431	0.999999721804773
30.525	14.75	0.999999892166595	0.799999990150904	1.10342989671062e-08	55.8423423754192	0.999999913733276
30.675	14.75	1.00000006661442	0.799999992303285	1.09126302114916e-08	55.7223423773018	1.00000005329154
30.825	14.75	1.00000018888043	0.799999994056981	1.07929689930152e-08	55.6023423649382	1.00000015110434
30.975	14.75	1.00000026976427	0.799999995499484	1.06752640366483e-08	55.4823423428197	1.00000021581142
31.125	14.75	1.00000031813021	0.799999996693445	1.05595166758289e-08	55.3623423144936	1.00000025450417
31.275	14.75	1.00000034129911	0.7999999976846	1.04456881552197e-08	55.2423422827306	1.00000027303929
31.425	14.75	1.00000034533334	0.799999998506807	1.03337832115854e-08	55.1223422496588	1.00000027626667
31.575	14.75	1.00000033524794	0.799999999185734	1.02237501913573e-08	55.0023422168746	1.00000026819835
31.725	14.75	1.00000031517154	0.799999999741857	1.01155843008303e-08	54.8823421855355	1.00000025213723
31.875	14.75	1.00000028847335	0.800000000191772	1.00092534677728e-08	54.7623421564391	1.00000023077868
32.025	14.75	1.00000025786735	0.800000000549837	9.9047562826037e-09	54.6423421300911	1.00000020629388
32.175	14.75	1.00000022550093	0.800000000828468	9.80208086138467e-09	54.5223421067636	1.00000018040075
32.325	14.75	1.0000001930328	0.800000001038891	9.70118939842596e-09	54.4023420865463	1.00000015442624
32.475	14.75	1.00000016170283	0.800000001191339	9.60205763557822e-09	54.2823420693896	1.00000012936226
32.625	14.75	1.00000013239564	0.800000001295095	9.5046841698161e-09	54.162342055142	1.00000010591651
32.775	14.75	1.00000010569877	0.800000001358769	9.40900992562661e-09	54.0423420435811	1.00000008455901
32.925	14.75	1.00000008195547	0.800000001389957	9.31508314875085e-09	53.9223420344402	1.00000006556438
33.075	14.75	1.0000000613128	0.8000000013956	9.22281516002694e-09	53.8023420274287	1.00000004905024
33.225	14.75	1.00000004376435	0.800000001381793	9.13223613295921e-09	53.6823420222494	1.00000003501148
33.375	14.75	1.00000002918825	0.800000001353761	9.04331923456208e-09	53.5623420186114	1.0000000233506
33.525	14.75	1.00000001737989	0.800000001316089	8.95600668798853e-09	53.4423420162392	1.00000001390392
33.675	14.75	1.00000000808002	0.800000001272499	8.87033865813297e-09	53.3223420148796	1.00000000646402
33.825	14.75	1.00000000099791	0.80000000122604	8.7862479535789e-09	53.202342014306	1.00000000079833
33.975	14.75	0.999999995830304	0.800000001179098	8.70375831368787e-09	53.0823420143202	0.999999996664243
34.125	14.75	0.999999992276172	0.800000001133493	8.62281517875834e-09	52.9623420147529	0.999999993820938
34.275	14.75	0.999999990047906	0.800000001090544	8.54340938445696e-09	52.8423420154631	0.999999992038325
34.425	14.75	0.999999988879294	0.800000001051072	8.46556146027343e-09	52.7223420163365	0.999999991103435
34.575	14.75	0.999999988530656	0.800000001015596	8.38920848180463e-09	52.602342017283	0.999999990824525
34.725	14.75	0.999999988791757	0.800000000984229	8.31433828705181e-09	52.4823420182339	0.999999991033406
34.875	14.75	0.999999989482815	0.800000000957044	8.2409674640706e-09	52.3623420191397	0.999999991586252
35.025	14.75	0.999999990454018	0.800000000933672	8.1690467027257e-09	52.2423420199661	0.999999992363214
35.175	14.75	0.999999991583967	0.800000000913904	8.09857930093131e-09	52.1223420206924	0.999999993267173
35.325	14.75	0.999999992777333	0.800000000897172	8.02952641200945e-09	52.0023420213078	0.999999994221866
35.475	14.75	0.999999993962093	0.800000000883106	7.96189978654008e-09	51.88234202181	0.999999995169675
35.625	14.75	0.99999999508638	0.800000000871163	7.89568124672601e-09	51.7623420222022	0.999999996069104
35.775	14.75	0.999999996115372	0.800000000860917	7.83083564967488e-09	51.642342022492	0.999999996892298
35.925	14.75	0.999999997028298	0.800000000851891	7.7673741082743e-09	51.5223420226897	0.999999997622638
36.075	14.75	0.999999997815475	0.800000000843722	7.70524179799298e-09	51.402342022807	0.99999999825238
36.225	14.75	0.999999998475771	0.800000000835974	7.64446848144845e-09	51.282342022856	0.999999998780617
36.375	14.75	0.999999999014307	0.800000000828507	7.58502411855916e-09	51.1623420228488	0.999999999211446
36.525	14.75	0.999999999440479	0.800000000820977	7.52689074791325e-09	51.0423420227967	0.999999999552383
36.675	14.75	0.999999999766356	0.800000000813161	7.47005807024817e-09	50.92234202271	0.999999999813085
36.825	14.75	1.00000000000536	0.800000000804993	7.41450123708452e-09	50.8023420225976	1.00000000000429
36.975	14.75	1.00000000017138	0.800000000796322	7.3602359576695e-09	50.6823420224674	1.0000000001371
37.125	14.75	1.00000000027794	0.800000000787129	7.30723427987811e-09	50.5623420223258	1.00000000022235
37.275	14.75	1.00000000033772	0.800000000777265	7.25547569095002e-09	50.4423420221779	1.00000000027017
37.425	14.75	1.00000000036185	0.800000000766684	7.20493895694327e-09	50.3223420220278	1.00000000028948
37.575	14.75	1.00000000035917	0.800000000755181	7.15564519216255e-09	50.2023420218784	1.00000000028733
37.725	14.75	1.00000000033569	0.800000000743116	7.1075583289982e-09	50.0823420217322	1.00000000026855
37.875	14.75	1.00000000029554	0.80000000073092	7.06067199467263e-09	49.962342021591	1.00000000023643
38.025	14.75	1.00000000024455	0.800000000719659	7.01497623557225e-09	49.8423420214562	1.00000000019564
38.175	14.75	1.00000000019659	0.8000000007101	6.9704574673927e-09	49.7223420213282	1.00000000015727
38.325	14.75	1.00000000017807	0.800000000700722	6.92711262667847e-09	49.6023420212054	1.00000000014245
38.475	14.75	1.00000000021822	0.800000000685214	6.88493234527488e-09	49.4823420210838	1.00000000017457
38.625	14.75	1.00000000031039	0.800000000653143	6.84389615909799e-09	49.362342020958	1.00000000024832
38.775	14.75	1.00000000034601	0.800000000598006	6.80400470973626e-09	49.2423420208282	1.00000000027681
38.925	14.75	1.00000000007387	0.800000000537615	6.76524810049238e-09	49.1223420207121	1.0000000000591
39.075	14.75	0.999999999212032	0.800000000538266	6.72760032445643e-09	49.0023420206527	0.999999999369626
39.225	14.75	0.999999997861587	0.800000000708849	6.69108075613654e-09	48.8823420207019	0.999999998289269
39.375	14.75	0.999999997187167	0.800000001110704	6.65564299889358e-09	48.7623420208507	0.999999997749733
39.525	14.75	0.999999999800277	0.80000000155024	6.62130389016447e-09	48.6423420209088	0.999999999840221
39.675	14.75	1.00000000854992	0.800000001348985	6.58806634051584e-09	48.5223420204239	1.00000000683993
39.825	14.75	1.00000002228113	0.799999999424259	6.55589977551237e-09	48.4023420188625	1.0000000178249
39.975	14.75	1.00000002906865	0.799999995212451	6.52480025370843e-09	48.2823420163186	1.00000002325492
40.125	14.75	1.00000000269436	0.799999990698275	6.4947690531254e-09	48.1623420147175	1.00000000215549
40.275	14.75	0.999999915051608	0.799999992558536	6.46577993335535e-09	48.0423420185918	0.999999932041286
40.425	14.75	0.999999777875213	0.800000011178645	6.43784780055039e-09	47.9223420332601	0.99999982230017
40.575	14.75	0.999999707649954	0.800000051663704	6.41096508236067e-09	47.8023420578862	0.999999766119963
40.725	14.75	0.999999957517791	0.800000094825167	6.38510016979531e-09	47.6823420738921	0.999999966014233
40.875	14.75	1.00000079734945	0.800000077977803	6.36028304255244e-09	47.5623420375952	1.00000063787956
41.025	14.75	1.00000212196186	0.799999905407429	6.33645461382552e-09	47.4423418974077	1.00000169756949
41.175	14.75	1.00000285290257	0.799999531223708	6.31366913608119e-09	47.3223416585563	1.00000228232206
41.325	14.75	1.00000065163101	0.799999128918263	6.29189482204737e-09	47.2023414902836	1.00000052130481
41.475	14.75	0.999993003858026	0.799999256421829	6.2711643238514e-09	47.0823417947678	0.999994403086421
41.625	14.75	0.999980706637723	0.80000075697551	6.2514616931526e-09	46.9623430566151	0.999984565310178
41.775	14.75	0.999973138463852	0.800004041549585	6.23272915911558e-09	46.8423452720042	0.999978510771081
41.925	14.75	0.999990827520473	0.800007658414296	6.21486092506255e-09	46.7223470015912	0.999992662016378
42.075	14.75	1.00005637953619	0.800006936983965	6.1977444974e-09	46.6023447356128	1.00004510362895
42.225	14.75	1.0001652888617	0.79999482480805	6.1813842942964e-09	46.4823340955312	1.00013223108936
42.375	14.75	1.00024184955401	0.799967674828965	6.16617264538467e-09	46.3623145529143	1.00019347964321
42.525	14.75	1.0001163362864	0.799936551055445	6.15291368102064e-09	46.2422973598444	1.00009306902912
42.675	14.75	0.999594226905859	0.799937861202575	6.14257920745808e-09	46.1223112528022	0.999675381524687
42.825	14.75	0.998683926300771	0.800027372944637	6.13510656813083e-09	46.0023939038662	0.998947141040617
42.975	14.75	0.997944673216736	0.800237007276853	6.12782790100981e-09	45.882555735715	0.998355738573388
43.125	14.75	0.998684258967073	0.800490005864972	6.11427140684554e-09	45.7627175413361	0.998947407173658
43.275	14.75	1.00248296174879	0.800522975490134	6.08678502569989e-09	45.6426615109668	1.00198636939903
43.425	14.75	1.00955927623883	0.799934825868681	6.04455361078379e-09	45.5220836083865	1.00764742099107
43.575	14.75	1.01623380739016	0.798479881852485	6.00547767092034e-09	45.4008458316925	1.01298704591213
43.725	14.75	1.01328677101853	0.79657339202473	6.01307845817709e-09	45.2794286753651	1.01062941681482
43.875	14.75	0.988680897767589	0.795833250771779	6.12702736491088e-09	45.1593336809029	0.990944718214071
44.025	14.75	0.938367896632896	0.799351007410866	6.38210835113868e-09	45.0428406484357	0.950694317306316
44.175	14.75	0.884673133435986	0.810192428776903	6.68123300572452e-09	44.9313521428193	0.907738506748788
44.325	14.75	0.889127901569202	0.824441952918039	6.65343331273588e-09	44.8222077887925	0.911302321255362
44.475	14.75	1.03257195136481	0.826489829086661	5.90801884608245e-09	44.7059573831889	1.02605756109185
44.625	14.75	1.34924434194743	0.808622132974449	4.73674353451871e-09	44.5677999473026	1.27939547355794
44.775	14.75	1.76408811818193	0.709537047487358	3.75979060537779e-09	44.395593134165	1.61127049454555
44.925	14.75	2.11154506628934	0.834636814123627	3.20581747588452e-09	44.2248231144815	1.88923605303147
0.075	15.25	3.47473590202395e-16	0.399999995274162	-3.02262580810592e-07	65.3895330587835	0.2
0.225	15.25	1.09796502095902e-15	0.799999985832004	-3.01884361704092e-07	65.365533059067	0.200000000000001
0.375	15.25	2.54818942122208e-15	0.799999976417852	-3.0112910222892e-07	65.3415330596335	0.200000000000002
0.525	15.25	4.61626605264219e-15	0.799999967050684	-2.99999212774223e-07	65.3175330604819	0.200000000000004
0.675	15.25	7.14881739912622e-15	0.799999957748253	-2.98497925145496e-07	65.2935330616105	0.200000000000006
0.825	15.25	9.93588480652378e-15	0.799999948528597	-2.96629603895262e-07	65.269533063017	0.200000000000008
0.975	15.25	1.27379711153971e-14	0.799999939410426	-2.94399889379563e-07	65.2455330646988	0.20000000000001
1.125	15.25	1.52997081320525e-14	0.799999930409824	-2.9181528613134e-07	65.2215330666524	0.200000000000012
1.275	15.25	1.7340339563825e-14	0.799999921545174	-2.88883554494773e-07	65.1975330688742	0.200000000000014
1.425	15.25	1.85241250886778e-14	0.799999912830918	-2.85613153608744e-07	65.1735330713597	0.200000000000015
1.575	15.25	1.84215046794728e-14	0.799999904284718	-2.82013420961475e-07	65.1495330741043	0.200000000000015
1.725	15.25	1.64738670638075e-14	0.799999895919978	-2.78094645582408e-07	65.1255330771026	0.200000000000013
1.875	15.25	1.19727187116335e-14	0.799999887751323	-2.73868201899121e-07	65.1015330803491	0.20000000000001
2.025	15.25	4.06046605437937e-15	0.799999879793817	-2.69345450256159e-07	65.0775330838375	0.200000000000003
2.175	15.25	-8.24292883968936e-15	0.799999872057867	-2.64539549201851e-07	65.0535330875615	0.199999999999993
2.325	15.25	-2.59845235293315e-14	0.799999864556462	-2.59463208530157e-07	65.0295330915141	0.199999999999979
2.475	15.25	-5.01911124982259e-14	0.799999857301014	-2.54130549123782e-07	65.0055330956881	0.19999999999996
2.625	15.25	-8.17460496261166e-14	0.799999850300814	-2.48555407408645e-07	64.981533100076	0.199999999999935
2.775	15.25	-1.21225278851029e-13	0.799999843565277	-2.42752811276377e-07	64.95753310467	0.199999999999903
2.925	15.25	-1.6868773823178e-13	0.799999837102439	-2.36737420483603e-07	64.9335331094621	0.199999999999865
3.075	15.25	-2.23416702504407e-13	0.799999830920252	-2.30524532795648e-07	64.9095331144439	0.199999999999821
3.225	15.25	-2.83611732073829e-13	0.799999825024069	-2.24129657167762e-07	64.8855331196069	0.199999999999773
3.375	15.25	-3.46035752863546e-13	0.799999819419372	-2.17568731829475e-07	64.8615331249425	0.199999999999723
3.525	15.25	-4.05628604831652e-13	0.799999814110572	-2.10857133067625e-07	64.8375331304419	0.199999999999676
3.675	15.25	-4.55107134290276e-13	0.799999809101717	-2.04010735890699e-07	64.813533136096	0.199999999999636
3.825	15.25	-4.84582727857185e-13	0.799999804394947	-1.97045141174455e-07	64.7895331418958	0.199999999999612
3.975	15.25	-4.81239914177317e-13	0.799999799990816	-1.89976045129077e-07	64.7655331478324	0.199999999999615
4.125	15.25	-4.29134213019093e-13	0.799999795891685	-1.82818559802602e-07	64.7415331538965	0.199999999999657
4.275	15.25	-3.09183185273499e-13	0.799999792096911	-1.75588091704672e-07	64.717533160079	0.199999999999753
4.425	15.25	-9.94410040249833e-14	0.799999788604437	-1.68299645703603e-07	64.6935331663707	0.19999999999992
4.575	15.25	2.24237506672942e-13	0.799999785413911	-1.60967716374663e-07	64.6695331727627	0.200000000000179
4.725	15.25	6.87023987435761e-13	0.799999782521988	-1.53606506742872e-07	64.6455331792459	0.20000000000055
4.875	15.25	1.31330650386903e-12	0.799999779925523	-1.4622976205847e-07	64.6215331858112	0.200000000001051
5.025	15.25	2.12411207432112e-12	0.799999777621472	-1.38851167057681e-07	64.5975331924501	0.200000000001699
5.175	15.25	3.13363985634366e-12	0.799999775603985	-1.31483487173666e-07	64.5735331991536	0.200000000002507
5.325	15.25	4.34480522952292e-12	0.799999773868122	-1.24139104384929e-07	64.5495332059132	0.200000000003476
5.475	15.25	5.74373517197481e-12	0.799999772409316	-1.16830043234445e-07	64.5255332127206	0.200000000004595
5.625	15.25	7.29321748684598e-12	0.799999771220005	-1.09567505307283e-07	64.5015332195676	0.200000000005835
5.775	15.25	8.92519498446839e-12	0.799999770294651	-1.02362624474127e-07	64.477533226446	0.20000000000714
5.925	15.25	1.05325141533198e-11	0.799999769625197	-9.52252534273629e-08	64.4535332333482	0.200000000008426
6.075	15.25	1.19602892913651e-11	0.799999769204999	-8.81653022378548e-08	64.4295332402665	0.200000000009568
6.225	15.25	1.29974286857501e-11	0.799999769025497	-8.11917458673753e-08	64.4055332471936	0.200000000010398
6.375	15.25	1.3369088861689e-11	0.799999769080137	-7.43130338421774e-08	64.3815332541224	0.200000000010695
6.525	15.25	1.2731072379673e-11	0.799999769358397	-6.7537092421975e-08	64.3575332610462	0.200000000010185
6.675	15.25	1.06674573056909e-11	0.79999976985358	-6.08711854897292e-08	64.3335332679585	0.200000000008534
6.825	15.25	6.69303033484122e-12	0.799999770556526	-5.43217133078196e-08	64.309533274853	0.200000000005354
6.975	15.25	2.62373971002036e-13	0.799999771458378	-4.78953121051711e-08	64.2855332817238	0.20000000000021
7.125	15.25	-9.21229221430841e-12	0.799999772549872	-4.15971785273171e-08	64.2615332885654	0.19999999999263
7.275	15.25	-2.23322246792952e-11	0.799999773823048	-3.54322911073598e-08	64.2375332953726	0.199999999982134
7.425	15.25	-3.96698351760261e-11	0.799999775268677	-2.94051629366376e-08	64.2135333021403	0.199999999968264
7.575	15.25	-6.17105891637635e-11	0.799999776876895	-2.3519551277305e-08	64.1895333088641	0.199999999950632
7.725	15.25	-8.87770049718084e-11	0.799999778641077	-1.77788973477702e-08	64.1655333155395	0.199999999928978
7.875	15.25	-1.20933105156729e-10	0.799999780549856	-1.21861590989726e-08	64.1415333221627	0.199999999903254
8.025	15.25	-1.57868439674236e-10	0.799999782596783	-6.74353213700122e-09	64.1175333287298	0.199999999873705
8.175	15.25	-1.98761923283061e-10	0.79999978477179	-1.45301146263264e-09	64.0935333352372	0.19999999984099
8.325	15.25	-2.42127259571161e-10	0.799999787067722	3.68382188570697e-09	64.0695333416816	0.199999999806298
8.475	15.25	-2.85643704150309e-10	0.799999789475772	8.66599833281808e-09	64.0455333480596	0.199999999771485
8.625	15.25	-3.25978377955762e-10	0.799999791987994	1.3492827399548e-08	64.0215333543679	0.199999999739217
8.775	15.25	-3.58609284080297e-10	0.799999794596368	1.81641714970316e-08	63.9975333606029	0.199999999713113
8.925	15.25	-3.77661584047621e-10	0.799999797293519	2.26798537775633e-08	63.973533366761	0.199999999697871
9.075	15.25	-3.75773490053853e-10	0.799999800071964	2.70405359207566e-08	63.9495333728378	0.199999999699381
9.225	15.25	-3.44012219550493e-10	0.799999802924017	3.12468589162035e-08	63.9255333788288	0.19999999972479
9.375	15.25	-2.71864675150662e-10	0.799999805842769	3.52999234045528e-08	63.9015333847284	0.199999999782508
9.525	15.25	-1.47331631019066e-10	0.799999808820856	3.92009852001824e-08	63.8775333905304	0.199999999882135
9.675	15.25	4.28420636671742e-11	0.799999811851685	4.29515707227888e-08	63.8535333962275	0.200000000034274
9.825	15.25	3.12765774705503e-10	0.799999814928329	4.65534406662426e-08	63.8295334018111	0.200000000250213
9.975	15.25	6.76792576478462e-10	0.799999818043641	5.00088622623093e-08	63.8055334072717	0.200000000541434
10.125	15.25	1.14866253183417e-09	0.799999821190914	5.33197279037504e-08	63.7815334125985	0.20000000091893
10.275	15.25	1.74036442997818e-09	0.799999824363701	5.64885566506324e-08	63.7575334177797	0.200000001392292
10.425	15.25	2.46068554327619e-09	0.79999982755465	5.95179353573965e-08	63.7335334228026	0.200000001968548
10.575	15.25	3.31342724472384e-09	0.799999830757268	6.24105521791817e-08	63.709533427654	0.200000002650742
10.725	15.25	4.29527657768822e-09	0.799999833964718	6.51690493700238e-08	63.685533432321	0.200000003436221
10.875	15.25	5.39334060378678e-09	0.79999983717001	6.77966621998739e-08	63.6615334367914	0.200000004314673
11.025	15.25	6.58237199149364e-09	0.799999840366342	7.02960881725531e-08	63.6375334410552	0.200000005265898
11.175	15.25	7.82174110637879e-09	0.799999843547149	7.26706919109514e-08	63.6135334451056	0.200000006257393
11.325	15.25	9.05224187935896e-09	0.799999846705751	7.49234835203988e-08	63.5895334489406	0.200000007241794
11.475	15.25	1.019285574545e-08	0.799999849836108	7.70576865722563e-08	63.5655334525652	0.200000008154285
11.625	15.25	1.11376394295317e-08	0.799999852932521	7.90767503012558e-08	63.5415334559935	0.200000008910112
11.775	15.25	1.17529473965804e-08	0.799999855989713	8.0983696805889e-08	63.5175334592509	0.200000009402358
11.925	15.25	1.18752470655192e-08	0.7999998590043	8.27822366601566e-08	63.4935334623775	0.200000009500198
12.075	15.25	1.13098326520129e-08	0.799999861972765	8.44753286932793e-08	63.4695334654306	0.200000009047866
12.225	15.25	9.83078957447625e-09	0.799999864894369	8.60665546043493e-08	63.4455334684876	0.200000007864632
12.375	15.25	7.1826031416876e-09	0.799999867769172	8.75591989381776e-08	63.4215334716494	0.200000005746083
12.525	15.25	3.08383983504047e-09	0.799999870600019	8.89565921456231e-08	63.3975334750424	0.200000002467072
12.675	15.25	-2.76664621079735e-09	0.79999987339253	9.02620600269417e-08	63.3735334788213	0.199999997786683
12.825	15.25	-1.06805180600772e-08	0.799999876154834	9.1478873410221e-08	63.3495334831701	0.199999991455586
12.975	15.25	-2.09673141468807e-08	0.799999878898081	9.26102107864197e-08	63.3255334883027	0.199999983226149
13.125	15.25	-3.39179258286545e-08	0.799999881637672	9.3659449522136e-08	63.3015334944619	0.199999972865659
13.275	15.25	-4.97838043880696e-08	0.799999884392839	9.46296521601264e-08	63.2775335019167	0.199999960172957
13.425	15.25	-6.87515711908883e-08	0.799999887185786	9.55239609100678e-08	63.2535335109568	0.199999944998743
13.575	15.25	-9.09127854618947e-08	0.799999890044386	9.63455376926386e-08	63.2295335218858	0.199999927269772
13.725	15.25	-1.16228716350156e-07	0.799999892999375	9.70973449092489e-08	63.2055335350094	0.199999907017027
13.875	15.25	-1.44490059812478e-07	0.799999896086594	9.77823389184734e-08	63.1815335506217	0.199999884407952
14.025	15.25	-1.75271621055549e-07	0.79999989934496	9.84033999602089e-08	63.1575335689863	0.199999859782703
14.175	15.25	-2.07882027478554e-07	0.799999902818778	9.8963504324097e-08	63.1335335903132	0.199999833694378
14.325	15.25	-2.41308513741102e-07	0.799999906555348	9.94653112880387e-08	63.1095336147305	0.199999806953189
14.475	15.25	-2.74156686550992e-07	0.799999910606836	9.99115188668643e-08	63.0855336422511	0.199999780674651
14.625	15.25	-3.0458487377072e-07	0.799999915030608	1.00304918557368e-07	63.0615336727322	0.199999756332101
14.775	15.25	-3.30232112869275e-07	0.799999919890412	1.00648046102233e-07	63.0375337058295	0.19999973581431
14.925	15.25	-3.48137934857779e-07	0.79999992526012	1.00943335269874e-07	63.0135337409433	0.199999721489652
15.075	15.25	-3.54650716213814e-07	0.799999931225635	1.01193327464049e-07	62.9895337771564	0.199999716279427
15.225	15.25	-3.45319324673245e-07	0.799999937894244	1.0140026214533e-07	62.9655338131627	0.19999972374454
15.375	15.25	-3.14759840681938e-07	0.799999945401973	1.01566631937257e-07	62.9415338471841	0.199999748192127
15.525	15.25	-2.56484986073285e-07	0.799999953930244	1.01694590140181e-07	62.9175338768725	0.199999794812011
15.675	15.25	-1.62678127958507e-07	0.799999963725039	1.01786283977538e-07	62.8935338991934	0.199999869857498
15.825	15.25	-2.38858094791424e-08	0.799999975127444	1.01843743670439e-07	62.8695339102832	0.199999980891352
15.975	15.25	1.71408028609473e-07	0.799999988614219	1.01869162803749e-07	62.8455339052718	0.200000137126423
16.125	15.25	4.3737759371826e-07	0.800000004854767	1.01864506013717e-07	62.821533878056	0.200000349902075
16.275	15.25	7.91691765062509e-07	0.800000024790099	1.0183139234021e-07	62.797533821004	0.200000633353412
16.425	15.25	1.25668942912205e-06	0.800000049738679	1.0177196547244e-07	62.7735337245638	0.200001005351543
16.575	15.25	1.86102728006739e-06	0.80000008154282	1.01687897739584e-07	62.7495335767353	0.200001488821824
16.725	15.25	2.64198183174305e-06	0.800000122764593	1.01580672741217e-07	62.7255333623539	0.200002113585465
16.875	15.25	3.64865182139875e-06	0.800000176952618	1.01452136742331e-07	62.7015330621088	0.200002918921457
17.025	15.25	4.94639338621804e-06	0.800000248999639	1.01303834419397e-07	62.6775326511955	0.200003957114709
17.175	15.25	6.62293579054956e-06	0.800000345625007	1.01137127861554e-07	62.653532097461	0.200005298348632
17.325	15.25	8.79678053108794e-06	0.800000476023566	1.00953636424056e-07	62.6295313588537	0.200007037424425
17.475	15.25	1.16286962086541e-05	0.800000652743728	1.00754572431966e-07	62.6055303799168	0.200009302956967
17.625	15.25	1.53374062429903e-05	0.800000892872881	1.00541097919513e-07	62.5815290869776	0.200012269924994
17.775	15.25	2.02209532917773e-05	0.800001219640842	1.00314491191652e-07	62.5575273815591	0.200016176762633
17.925	15.25	2.668574572876e-05	0.800001664574233	1.00075758320046e-07	62.5335251313702	0.200021348596583
18.075	15.25	3.52859848341349e-05	0.800002270379148	9.98260799061108e-08	62.5095221580108	0.200028228787867
18.225	15.25	4.67770804207861e-05	0.800003094765197	9.95661074316505e-08	62.4855182202192	0.200037421664337
18.375	15.25	6.21878517256159e-05	0.800004215535925	9.92965883755866e-08	62.4615129910907	0.200049750281381
18.525	15.25	8.2917895841543e-05	0.800005737413975	9.90179640183114e-08	62.4375060271566	0.200066334316673
18.675	15.25	0.000110868703318799	0.800007801372608	9.87304935348784e-08	62.4134967264957	0.200088694962655
18.825	15.25	0.000148620260904632	0.800010597573272	9.84341806129598e-08	62.3894842720756	0.200118896208724
18.975	15.25	0.00019966946167681	0.800014383335517	9.81286877086202e-08	62.3654675551732	0.200159735569341
19.125	15.25	0.000268753051504434	0.800019507588536	9.78129075724185e-08	62.3414450718496	0.200215002441204
19.275	15.25	0.000362286166501384	0.800026442834651	9.74852542660446e-08	62.3174147828737	0.200289828933201
19.425	15.25	0.000488957315445133	0.800035824953946	9.71434359937532e-08	62.2933739240363	0.200391165852356
19.575	15.25	0.000660531201781396	0.800048501097465	9.67835574131827e-08	62.2693187493679	0.200528424961425
19.725	15.25	0.000892922223584762	0.800065588200942	9.64005248452671e-08	62.245244184291	0.200714337778868
19.875	15.25	0.00120761714297888	0.800088551082143	9.59872490559846e-08	62.2211433589532	0.200966093714383
20.025	15.25	0.00163355413998737	0.800119319509515	9.55337582672934e-08	62.19700698307	0.20130684331199
20.175	15.25	0.00220962181730426	0.800160473066883	9.5026897072594e-08	62.1728225106082	0.201767697453843
20.325	15.25	0.00298804039620599	0.80021551938526	9.44489898740531e-08	62.1485730221967	0.202390432316965
20.475	15.25	0.00403902969262618	0.800289259077559	9.37766966158347e-08	62.1242357211337	0.203231223754101
20.625	15.25	0.00545732376975857	0.800388157356206	9.29794602985084e-08	62.0997798925528	0.204365859015807
20.775	15.25	0.00737118410087387	0.80052053416268	9.20174361937361e-08	62.0751641171364	0.205896947280699
20.925	15.25	0.00995447759496361	0.8006962784182	9.08396528430266e-08	62.050332472287	0.207963582075971
21.075	15.25	0.0134420121925808	0.800925751503785	8.93820538277976e-08	62.025209417272	0.210753609754065
21.225	15.25	0.0181476178166592	0.801217633251514	8.75683628214151e-08	61.9996930743046	0.214518094253327
21.375	15.25	0.0244834937773085	0.801575700128149	8.53133469958534e-08	61.9736467133418	0.219586795021847
21.525	15.25	0.0329782632294426	0.801994864193518	8.25317825303605e-08	61.9468884426171	0.226382610583554
21.675	15.25	0.0442900724961601	0.802457167205949	7.9153715144354e-08	61.9191794060326	0.235432057996928
21.825	15.25	0.0592098321842172	0.802928779902649	7.51447499666884e-08	61.8902111999182	0.247367865747374
21.975	15.25	0.078648016881117	0.803359393848115	7.05275937782975e-08	61.8595937724431	0.262918413504894
22.125	15.25	0.103596190843739	0.803685577577825	6.53961358720093e-08	61.8268458067267	0.282876952674991
22.275	15.25	0.135052303091263	0.803839323296301	5.99148403341383e-08	61.7913905343149	0.308041842473011
22.425	15.25	0.173898993831738	0.803761739928041	5.43003444695047e-08	61.7525609628666	0.339119195065391
22.575	15.25	0.220730585102992	0.803419691993545	4.87865756474603e-08	61.7096192240342	0.376584468082393
22.725	15.25	0.2756415268526	0.802820789261652	4.35874856067564e-08	61.6617943496597	0.42051322148208
22.875	15.25	0.338017856249816	0.802020577748539	3.88660301617061e-08	61.6083401971247	0.470414284999852
23.025	15.25	0.406404723179097	0.801116450904277	3.47197296793919e-08	61.5486097686687	0.525123778543277
23.175	15.25	0.478534571922217	0.80022692925118	3.11818574645594e-08	61.4821346077991	0.582827657537774
23.325	15.25	0.551566086271997	0.799461971997641	2.82338288194882e-08	61.4086914526664	0.641252869017597
23.475	15.25	0.62250130737663	0.798895930901592	2.58222992768458e-08	61.3283374228349	0.698001045901304
23.625	15.25	0.68865925727425	0.79855441127111	2.38758198611861e-08	61.2414023940658	0.7509274058194
23.775	15.25	0.748051809584501	0.798418745065661	2.23177631068725e-08	61.1484405050964	0.798441447667601
23.925	15.25	0.799557780561441	0.798442570326269	2.10750879211873e-08	61.0501552084692	0.839646224449153
24.075	15.25	0.84288646985138	0.798570851253679	2.00829643543494e-08	60.9473177182123	0.874309175881104
24.225	15.25	0.878398155557022	0.798753963028876	1.92866625076205e-08	60.8406958616165	0.902718524445617
24.375	15.25	0.906872100017994	0.798954493961702	1.86415103476133e-08	60.7310027185421	0.925497680014395
24.525	15.25	0.92929219780616	0.799148197512814	1.81119712303757e-08	60.6188667024369	0.943433758244928
24.675	15.25	0.9466850937889	0.799321773995161	1.76702371722529e-08	60.5048197023298	0.95734807503112
24.825	15.25	0.9600167744064	0.799469693566114	1.72948637155337e-08	60.3892979539375	0.96801341952512
24.975	15.25	0.970138072891166	0.799591294376928	1.69694165790418e-08	60.2726504847671	0.976110458312933
25.125	15.25	0.977764769087277	0.799688598597641	1.66815718242502e-08	60.1551511264923	0.982211815269822
25.275	15.25	0.98347910717168	0.799764853606868	1.64219687199907e-08	60.0370114077434	0.986783285737344
25.425	15.25	0.98774279103162	0.799823642438188	1.61836580673968e-08	59.9183927494745	0.990194232825296
25.575	15.25	0.990914817807685	0.799868388471018	1.59615032660481e-08	59.7994171803375	0.992731854246148
25.725	15.25	0.993270126745016	0.799902113478475	1.57517206743965e-08	59.6801763009425	0.994616101396013
25.875	15.25	0.995016874769716	0.799927349969018	1.5551533932564e-08	59.5607385238556	0.996013499815773
26.025	15.25	0.996311339934953	0.799946142323568	1.53588713697634e-08	59.4411547691102	0.997049071947963
26.175	15.25	0.997270176103449	0.799960094546069	1.51723016170916e-08	59.3214628562119	0.997816140882759
26.325	15.25	0.997980145927288	0.799970437946757	1.49906897730559e-08	59.2016908407902	0.99838411674183
26.475	15.25	0.998505654693918	0.79997810248237	1.48132907556487e-08	59.0818595224792	0.998804523755134
26.625	15.25	0.998894473348084	0.79998378260492	1.46395161517998e-08	58.9619843164908	0.999115578678467
26.775	15.25	0.999182029801023	0.799987993326456	1.44689226940534e-08	58.842076644512	0.999345623840818
26.925	15.25	0.999394600864663	0.799991115354155	1.43012365115387e-08	58.722144966414	0.999515680691731
27.075	15.25	0.99955167692707	0.799993429986782	1.41362002868304e-08	58.6021955452488	0.999641341541656
27.225	15.25	0.999667711984556	0.799995145336046	1.39736889323127e-08	58.4822330147411	0.999734169587645
27.375	15.25	0.999753419906526	0.799996415674082	1.38135427627872e-08	58.3622608005598	0.999802735925221
27.525	15.25	0.999816736205687	0.799997355578416	1.36556899042432e-08	58.2422814332047	0.999853388964549
27.675	15.25	0.999863532815355	0.799998050255522	1.35000506028145e-08	58.1222967804185	0.999890826252284
27.825	15.25	0.99989814989936	0.799998563101379	1.3346582226275e-08	58.0023082197636	0.999918519919488
27.975	15.25	0.999923791677568	0.799998941273447	1.31952711754858e-08	57.8823167666723	0.999939033342054
28.125	15.25	0.999942820940468	0.799999219822394	1.30460415736298e-08	57.7623231693601	0.999954256752374
28.275	15.25	0.999956977996609	0.799999424772124	1.28988886301291e-08	57.6423279790942	0.999965582397288
28.425	15.25	0.999967543255597	0.799999575420805	1.27537827951582e-08	57.5223316021472	0.999974034604478
28.575	15.25	0.999975457805851	0.799999686061913	1.26107225382323e-08	57.4023343381596	0.999980366244681
28.725	15.25	0.999981412728816	0.799999767269777	1.24696714022517e-08	57.282336408428	0.999985130183053
28.875	15.25	0.999985915176806	0.799999826857873	1.23306317518032e-08	57.1623379767337	0.999988732141445
29.025	15.25	0.999989337201592	0.799999870592647	1.21935749270726e-08	57.0423391646561	0.999991469761273
29.175	15.25	0.999991951790795	0.799999902723608	1.20585234612807e-08	56.9223400628129	0.999993561432636
29.325	15.25	0.999993959424919	0.799999926376945	1.19254145944715e-08	56.802340739095	0.999995167539935
29.475	15.25	0.99999550761441	0.799999943847487	1.17942485280646e-08	56.6823412446901	0.999996406091528
29.625	15.25	0.999996705242162	0.799999956815834	1.16650442513601e-08	56.5623416184787	0.99999736419373
29.775	15.25	0.999997633065863	0.799999966508834	1.15377320933728e-08	56.4423418902388	0.99999810645269
29.925	15.25	0.999998351385284	0.799999973819055	1.14123518806034e-08	56.3223420829774	0.999998681108227
30.075	15.25	0.999998905620654	0.79999997939349	1.12888434227289e-08	56.2023422146271	0.999999124496523
30.225	15.25	0.999999330355715	0.799999983699092	1.11672263085615e-08	56.0823422992802	0.999999464284572
30.375	15.25	0.99999965225599	0.799999987071584	1.10474853370399e-08	55.9623423480891	0.999999721804792
30.525	15.25	0.999999892166607	0.799999989751342	1.0929576366877e-08	55.8423423699256	0.999999913733286
30.675	15.25	1.00000006661443	0.799999991910092	1.08135315290994e-08	55.7223423718677	1.00000005329154
30.825	15.25	1.00000018888043	0.799999993670134	1.06992797933763e-08	55.6023423595626	1.00000015110435
30.975	15.25	1.00000026976429	0.799999995118816	1.05868408860808e-08	55.4823423375016	1.00000021581143
31.125	15.25	1.00000031813023	0.799999996319027	1.04761888901868e-08	55.3623423092322	1.00000025450418
31.275	15.25	1.00000034129912	0.799999997316333	1.03673150898288e-08	55.2423422775249	1.00000027303929
31.425	15.25	1.00000034533333	0.799999998144587	1.02601875322004e-08	55.1223422445078	1.00000027626667
31.575	15.25	1.00000033524793	0.799999998829549	1.01548035589214e-08	55.0023422117775	1.00000026819835
31.725	15.25	1.00000031517154	0.799999999391575	1.00511470108416e-08	54.8823421804913	1.00000025213723
31.875	15.25	1.00000028847336	0.799999999847452	9.94922693120229e-09	54.7623421514471	1.00000023077869
32.025	15.25	1.00000025786736	0.800000000211349	9.84897419834117e-09	54.6423421251502	1.00000020629388
32.175	15.25	1.00000022550095	0.800000000495732	9.7503820929697e-09	54.5223421018731	1.00000018040076
32.325	15.25	1.00000019303282	0.800000000711884	9.65347893508088e-09	54.4023420817053	1.00000015442625
32.475	15.25	1.00000016170284	0.800000000870002	9.55820814860854e-09	54.2823420645972	1.00000012936227
32.625	15.25	1.00000013239566	0.800000000979364	9.46458163188548e-09	54.1623420503974	1.00000010591653
32.775	15.25	1.00000010569878	0.800000001048557	9.37256826048358e-09	54.0423420388834	1.00000008455902
32.925	15.25	1.00000008195549	0.80000000108524	9.28212770830528e-09	53.9223420297886	1.00000006556439
33.075	15.25	1.00000006131281	0.800000001096287	9.19329591262751e-09	53.8023420228224	1.00000004905025
33.225	15.25	1.00000004376436	0.800000001087847	9.10601386428711e-09	53.6823420176877	1.00000003501149
33.375	15.25	1.00000002918825	0.80000000106516	9.02028793633803e-09	53.5623420140933	1.0000000233506
33.525	15.25	1.0000000173799	0.800000001032728	8.93610555244424e-09	53.442342011764	1.00000001390392
33.675	15.25	1.00000000808003	0.800000000994352	8.85342857338946e-09	53.3223420104465	1.00000000646402
33.825	15.25	1.00000000099792	0.800000000953029	8.77226567821721e-09	53.2023420099143	1.00000000079833
33.975	15.25	0.999999995830309	0.800000000911185	8.69258517906851e-09	53.082342009969	0.999999996664247
34.125	15.25	0.999999992276169	0.800000000870619	8.61439714785696e-09	52.9623420104415	0.999999993820935
34.275	15.25	0.999999990047901	0.800000000832669	8.53765816263525e-09	52.8423420111908	0.999999992038321
34.425	15.25	0.999999988879286	0.800000000798133	8.46235784681354e-09	52.7223420121025	0.999999991103429
34.575	15.25	0.999999988530646	0.800000000767496	8.38849193249144e-09	52.6023420130865	0.999999990824517
34.725	15.25	0.999999988791756	0.800000000740996	8.31605417871569e-09	52.4823420140744	0.999999991033405
34.875	15.25	0.999999989482814	0.800000000718572	8.24499844552784e-09	52.3623420150162	0.999999991586251
35.025	15.25	0.999999990454015	0.800000000699948	8.17534944491817e-09	52.2423420158781	0.999999992363212
35.175	15.25	0.999999991583959	0.800000000684832	8.10706047068813e-09	52.122342016639	0.999999993267167
35.325	15.25	0.999999992777329	0.800000000672725	8.04014773786162e-09	52.0023420172885	0.999999994221863
35.475	15.25	0.999999993962089	0.800000000663251	7.97458424086213e-09	51.882342017824	0.999999995169671
35.625	15.25	0.999999995086373	0.800000000655876	7.91032876344721e-09	51.7623420182488	0.999999996069099
35.775	15.25	0.999999996115372	0.80000000065007	7.84741782777027e-09	51.6423420185706	0.999999996892297
35.925	15.25	0.999999997028296	0.800000000645506	7.7858018031497e-09	51.5223420187996	0.999999997622637
36.075	15.25	0.999999997815469	0.800000000641718	7.72549184212243e-09	51.4023420189475	0.999999998252376
36.225	15.25	0.999999998475765	0.800000000638385	7.66645602939104e-09	51.2823420190265	0.999999998780612
36.375	15.25	0.9999999990143	0.800000000635218	7.60870691497929e-09	51.1623420190486	0.99999999921144
36.525	15.25	0.99999999944047	0.800000000631906	7.55220515087855e-09	51.0423420190252	0.999999999552376
36.675	15.25	0.999999999766352	0.800000000628319	7.49695229483789e-09	50.9223420189665	0.999999999813081
36.825	15.25	1.00000000000536	0.800000000624367	7.44292489345132e-09	50.8023420188816	1.00000000000429
36.975	15.25	1.00000000017137	0.800000000619854	7.39013464967442e-09	50.6823420187781	1.0000000001371
37.125	15.25	1.00000000027794	0.800000000614741	7.33855607010214e-09	50.5623420186627	1.00000000022235
37.275	15.25	1.00000000033772	0.800000000608946	7.28816608484785e-09	50.4423420185403	1.00000000027018
37.425	15.25	1.00000000036186	0.80000000060238	7.23898847068086e-09	50.3223420184151	1.00000000028948
37.575	15.25	1.00000000035916	0.800000000594898	7.1909716431527e-09	50.2023420182902	1.00000000028733
37.725	15.25	1.00000000033568	0.800000000586784	7.14414776490075e-09	50.0823420181677	1.00000000026855
37.875	15.25	1.00000000029554	0.800000000578511	7.09846464395518e-09	49.9623420180497	1.00000000023643
38.025	15.25	1.00000000024454	0.800000000571121	7.05393625933023e-09	49.8423420179374	1.00000000019563
38.175	15.25	1.00000000019658	0.800000000565446	7.01055496133217e-09	49.7223420178314	1.00000000015727
38.325	15.25	1.00000000017807	0.800000000559852	6.96831041950432e-09	49.60234201773	1.00000000014246
38.475	15.25	1.00000000021823	0.800000000548166	6.92716445788864e-09	49.4823420176292	1.00000000017458
38.625	15.25	1.0000000003104	0.80000000051986	6.88714683492091e-09	49.3623420175237	1.00000000024832
38.775	15.25	1.00000000034602	0.800000000468424	6.84824206731079e-09	49.2423420174136	1.00000000027682
38.925	15.25	1.00000000007387	0.800000000411707	6.81041304221678e-09	49.1223420173167	1.0000000000591
39.075	15.25	0.999999999212034	0.800000000416062	6.77368001933808e-09	49.0023420172759	0.999999999369627
39.225	15.25	0.999999997861598	0.800000000590258	6.73801668799252e-09	48.8823420173431	0.999999998289279
39.375	15.25	0.999999997187168	0.800000000995722	6.70343159088693e-09	48.7623420175094	0.999999997749735
39.525	15.25	0.99999999980028	0.800000001438895	6.66991999252559e-09	48.6423420175845	0.999999999840224
39.675	15.25	1.00000000854991	0.800000001241144	6.63744926225447e-09	48.5223420171161	1.00000000683993
39.825	15.25	1.00000002228112	0.799999999319966	6.60603755652024e-09	48.4023420155705	1.0000000178249
39.975	15.25	1.00000002906866	0.799999995111702	6.57565606136967e-09	48.2823420130421	1.00000002325493
40.125	15.25	1.00000000269437	0.799999990600984	6.54630513694623e-09	48.1623420114558	1.0000000021555
40.275	15.25	0.999999915051609	0.799999992464725	6.51800933293094e-09	48.0423420153445	0.999999932041288
40.425	15.25	0.999999777875204	0.800000011088247	6.49072140306691e-09	47.9223420300265	0.999999822300163
40.575	15.25	0.999999707649951	0.800000051576733	6.46442331544864e-09	47.8023420546659	0.999999766119961
40.725	15.25	0.999999957517781	0.800000094741613	6.43916905195463e-09	47.6823420706847	0.999999966014225
40.875	15.25	1.00000079734943	0.800000077897624	6.41489217129844e-09	47.5623420344	1.00000063787955
41.025	15.25	1.00000212196185	0.799999905330618	6.39163818820352e-09	47.4423418942243	1.00000169756948
41.175	15.25	1.00000285290256	0.799999531150204	6.36936442479012e-09	47.3223416553842	1.00000228232205
41.325	15.25	1.00000065163099	0.79999912884816	6.34810104770013e-09	47.2023414871222	1.00000052130479
41.475	15.25	0.999993003858019	0.799999256354961	6.3278357502937e-09	47.0823417916167	0.999994403086416
41.625	15.25	0.999980706637718	0.800000756911977	6.30856397768603e-09	46.9623430534738	0.999984565310174
41.775	15.25	0.999973138463857	0.800004041489305	6.29025630171641e-09	46.8423452688722	0.999978510771085
41.925	15.25	0.999990827520484	0.80000765835729	6.27279811029893e-09	46.722346998468	0.999992662016387
42.075	15.25	1.00005637953619	0.800006936930233	6.25606332888155e-09	46.6023447324979	1.00004510362896
42.225	15.25	1.00016528886169	0.799994824757493	6.24006452271261e-09	46.4823340924241	1.00013223108935
42.375	15.25	1.00024184955395	0.799967674781676	6.22518454498957e-09	46.3623145498145	1.00019347964316
42.525	15.25	1.0001163362863	0.799936551011344	6.21225890903963e-09	46.2422973567515	1.00009306902904
42.675	15.25	0.999594226905762	0.799937861161752	6.2022455262202e-09	46.1223112497157	0.99967538152461
42.825	15.25	0.998683926300792	0.800027372906955	6.19512647119044e-09	46.0023939007856	0.998947141040634
42.975	15.25	0.997944673216971	0.800237007242316	6.18812273229824e-09	45.8825557326398	0.998355738573577
43.125	15.25	0.998684258967486	0.800490005833605	6.17477755310266e-09	45.7627175382658	0.998947407173989
43.275	15.25	1.00248296174912	0.800522975461871	6.14733262920719e-09	45.6426615079009	1.0019863693993
43.425	15.25	1.00955927623866	0.799934825843653	6.10497505630609e-09	45.5220836053247	1.00764742099093
43.575	15.25	1.0162338073892	0.798479881830667	6.06577758540146e-09	45.4008458286342	1.01298704591136
43.725	15.25	1.01328677101713	0.796573392006206	6.07366890108277e-09	45.2794286723101	1.0106294168137
43.875	15.25	0.988680897766911	0.795833250756359	6.18898968292088e-09	45.1593336778505	0.990944718213529
44.025	15.25	0.938367896634277	0.799351007398388	6.44684498752947e-09	45.0428406453853	0.950694317307421
44.175	15.25	0.884673133439284	0.810192428767135	6.74918042193373e-09	44.9313521397702	0.907738506751427
44.325	15.25	0.889127901571298	0.824441952911467	6.72121770525373e-09	44.8222077857442	0.911302321257038
44.475	15.25	1.03257195136077	0.826489829084281	5.96830475986444e-09	44.7059573801412	1.02605756108862
44.625	15.25	1.34924434193499	0.808622132975628	4.78511012133398e-09	44.5677999442558	1.27939547354799
44.775	15.25	1.76408811816431	0.709537047489842	3.7981999209296e-09	44.3955931311193	1.61127049453145
44.925	15.25	2.11154506627084	0.834636814128155	3.23858675313424e-09	44.2248231114365	1.88923605301667
0.075	15.75	3.47473587368246e-16	0.399999995852523	-2.72684983783436e-07	65.3895330874345	0.2
0.225	15.75	1.09796502681234e-15	0.799999987565142	-2.72363763715741e-07	65.3655330876833	0.200000000000001
0.375	15.75	2.54818938814259e-15	0.799999979300749	-2.71722006838085e-07	65.3415330881806	0.200000000000002
0.525	15.75	4.61626604798164e-15	0.799999971074965	-2.70761825228068e-07	65.3175330889253	0.200000000000004
0.675	15.75	7.14881731564586e-15	0.799999962902256	-2.69485504516966e-07	65.2935330899161	0.200000000000006
0.825	15.75	9.93588478179082e-15	0.799999954798129	-2.67897162167761e-07	65.2695330911511	0.200000000000008
0.975	15.75	1.27379709789394e-14	0.799999946777169	-2.66000622116776e-07	65.2455330926282	0.20000000000001
1.125	15.75	1.52997081043786e-14	0.799999938853255	-2.63801600577822e-07	65.2215330943445	0.200000000000012
1.275	15.75	1.73403394090623e-14	0.799999931041124	-2.61305728952042e-07	65.197533096297	0.200000000000014
1.425	15.75	1.85241251277945e-14	0.799999923353132	-2.58520121363454e-07	65.173533098482	0.200000000000015
1.575	15.75	1.84215046146559e-14	0.799999915803731	-2.55451966448223e-07	65.1495331008958	0.200000000000015
1.725	15.75	1.64738673395078e-14	0.799999908404347	-2.52109944754225e-07	65.1255331035338	0.200000000000013
1.875	15.75	1.1972718974081e-14	0.799999901167605	-2.48502574124345e-07	65.1015331063915	0.20000000000001
2.025	15.75	4.06046689149109e-15	0.79999989410411	-2.44639600972472e-07	65.0775331094638	0.200000000000003
2.175	15.75	-8.24292784065559e-15	0.799999887225543	-2.40530945344112e-07	65.0535331127452	0.199999999999993
2.325	15.75	-2.59845216351533e-14	0.799999880541806	-2.36187450836365e-07	65.0295331162302	0.199999999999979
2.475	15.75	-5.01911102087296e-14	0.799999874060767	-2.31619991600764e-07	65.0055331199128	0.19999999999996
2.625	15.75	-8.1746046097402e-14	0.799999867793674	-2.26840100882853e-07	64.9815331237866	0.199999999999935
2.775	15.75	-1.21225274741893e-13	0.799999861746458	-2.21859309507943e-07	64.9575331278452	0.199999999999903
2.925	15.75	-1.68687732678335e-13	0.799999855926829	-2.16690335904474e-07	64.9335331320818	0.199999999999865
3.075	15.75	-2.23416696458271e-13	0.799999850342009	-2.1134517927215e-07	64.9095331364896	0.199999999999821
3.225	15.75	-2.83611724812821e-13	0.799999844996272	-2.05836842216626e-07	64.8855331410613	0.199999999999773
3.375	15.75	-3.46035745836324e-13	0.799999839895483	-2.00177529720534e-07	64.8615331457898	0.199999999999723
3.525	15.75	-4.05628597686865e-13	0.799999835043851	-1.94380529248595e-07	64.8375331506677	0.199999999999676
3.675	15.75	-4.55107129229126e-13	0.799999830444429	-1.88458588250494e-07	64.8135331556873	0.199999999999636
3.825	15.75	-4.84582725153988e-13	0.799999826099763	-1.82424662720947e-07	64.7895331608411	0.199999999999612
3.975	15.75	-4.8123991702561e-13	0.79999982201167	-1.76291616483661e-07	64.7655331661214	0.199999999999615
4.125	15.75	-4.29134222498583e-13	0.799999818182139	-1.70072322308988e-07	64.7415331715205	0.199999999999657
4.275	15.75	-3.09183205659633e-13	0.799999814610497	-1.63779377040781e-07	64.7175331770306	0.199999999999753
4.425	15.75	-9.94410371334734e-14	0.799999811297685	-1.57425020767989e-07	64.6935331826439	0.19999999999992
4.575	15.75	2.2423745575274e-13	0.799999808242576	-1.51021765374489e-07	64.6695331883527	0.200000000000179
4.725	15.75	6.87023916710893e-13	0.799999805442812	-1.44581287516218e-07	64.6455331941493	0.20000000000055
4.875	15.75	1.31330640832161e-12	0.799999802897347	-1.38115705093257e-07	64.621533200026	0.200000000001051
5.025	15.75	2.12411195309466e-12	0.799999800603294	-1.31636162376355e-07	64.5975332059752	0.200000000001699
5.175	15.75	3.13363970624293e-12	0.799999798557022	-1.25153639703238e-07	64.5735332119894	0.200000000002507
5.325	15.75	4.34480505310065e-12	0.79999979675564	-1.18678952681058e-07	64.5495332180612	0.200000000003476
5.475	15.75	5.74373497060231e-12	0.799999795194609	-1.12222232576413e-07	64.5255332241832	0.200000000004595
5.625	15.75	7.29321726971182e-12	0.799999793868905	-1.05793491992577e-07	64.5015332303484	0.200000000005835
5.775	15.75	8.92519476108187e-12	0.799999792773559	-9.94020303699154e-08	64.4775332365497	0.20000000000714
5.925	15.75	1.05325139433022e-11	0.799999791904177	-9.30570822772673e-08	64.4535332427803	0.200000000008426
6.075	15.75	1.19602891161326e-11	0.799999791254432	-8.67667580680495e-08	64.4295332490334	0.200000000009568
6.225	15.75	1.29974285787713e-11	0.799999790817423	-8.05394723732921e-08	64.4055332553027	0.200000000010398
6.375	15.75	1.33690888589896e-11	0.799999790588197	-7.43827093052217e-08	64.3815332615819	0.200000000010695
6.525	15.75	1.27310725299685e-11	0.799999790559655	-6.83035221945679e-08	64.3575332678649	0.200000000010185
6.675	15.75	1.06674576593122e-11	0.799999790724801	-6.23087208377072e-08	64.3335332741459	0.200000000008534
6.825	15.75	6.6930309528725e-12	0.799999791077734	-5.64044789641233e-08	64.3095332804193	0.200000000005354
6.975	15.75	2.62374912319938e-13	0.799999791609653	-5.05965150152668e-08	64.2855332866799	0.20000000000021
7.125	15.75	-9.21229088600237e-12	0.799999792315222	-4.48898270988693e-08	64.2615332929227	0.19999999999263
7.275	15.75	-2.23322229103004e-11	0.799999793186312	-3.92895477994787e-08	64.2375332991428	0.199999999982134
7.425	15.75	-3.96698329189451e-11	0.79999979421591	-3.37997552540813e-08	64.2135333053358	0.199999999968264
7.575	15.75	-6.17105863935233e-11	0.799999795396107	-2.8424525281448e-08	64.1895333114975	0.199999999950632
7.725	15.75	-8.8777001686404e-11	0.799999796720989	-2.31673322530025e-08	64.1655333176239	0.199999999928978
7.875	15.75	-1.20933101392806e-10	0.79999979818187	-1.8030985716692e-08	64.1415333237113	0.199999999903254
8.025	15.75	-1.57868435512982e-10	0.799999799772602	-1.30182953440214e-08	64.1175333297562	0.199999999873705
8.175	15.75	-1.98761918862327e-10	0.79999980148557	-8.13151108718722e-09	64.0935333357552	0.19999999984099
8.325	15.75	-2.42127255096587e-10	0.799999803313922	-3.37244462221227e-09	64.0695333417052	0.199999999806298
8.475	15.75	-2.85643699899585e-10	0.799999805250761	1.25748414948853e-09	64.0455333476029	0.199999999771485
8.625	15.75	-3.25978374293998e-10	0.799999807288952	5.75698594675988e-09	64.021533353445	0.199999999739217
8.775	15.75	-3.58609281450649e-10	0.799999809422149	1.01253380168809e-08	63.9975333592281	0.199999999713113
8.925	15.75	-3.77661582989095e-10	0.799999811643814	1.43620799672611e-08	63.9735333649485	0.199999999697871
9.075	15.75	-3.75773491171873e-10	0.799999813947137	1.84668099042605e-08	63.949533370602	0.199999999699381
9.225	15.75	-3.44012223534482e-10	0.799999816326295	2.24398441783635e-08	63.9255333761838	0.19999999972479
9.375	15.75	-2.71864682718455e-10	0.799999818774357	2.62814735035382e-08	63.9015333816885	0.199999999782508
9.525	15.75	-1.47331642931715e-10	0.799999821285414	2.99922726371007e-08	63.8775333871096	0.199999999882135
9.675	15.75	4.28420466912384e-11	0.799999823853392	3.35731227278667e-08	63.8535333924396	0.200000000034274
9.825	15.75	3.12765751980323e-10	0.799999826471701	3.70250982202858e-08	63.8295333976701	0.200000000250213
9.975	15.75	6.76792547466805e-10	0.799999829134796	4.03493405704493e-08	63.8055334027913	0.200000000541434
10.125	15.75	1.14866249614121e-09	0.799999831836102	4.35475344462138e-08	63.7815334077921	0.20000000091893
10.275	15.75	1.74036438749313e-09	0.799999834569462	4.66211254950947e-08	63.7575334126606	0.200000001392292
10.425	15.75	2.4606854941659e-09	0.799999837328575	4.95717920893727e-08	63.7335334173838	0.200000001968548
10.575	15.75	3.31342718958749e-09	0.799999840106862	5.24017996185291e-08	63.7095334219484	0.200000002650742
10.725	15.75	4.2952765175408e-09	0.799999842898451	5.51130399665794e-08	63.6855334263412	0.200000003436221
10.875	15.75	5.3933405402107e-09	0.799999845696228	5.77076039570545e-08	63.6615334305498	0.200000004314672
11.025	15.75	6.58237192659587e-09	0.79999984849405	6.01879387352567e-08	63.6375334345639	0.200000005265898
11.175	15.75	7.8217410429189e-09	0.799999851285343	6.25562927070287e-08	63.6135334383763	0.200000006257393
11.325	15.75	9.05224182065928e-09	0.799999854063799	6.48150720781167e-08	63.589533441985	0.200000007241793
11.475	15.75	1.01928556954777e-08	0.799999856823865	6.69671071715688e-08	63.5655334453945	0.200000008154285
11.625	15.75	1.1137639392742e-08	0.799999859559281	6.90145932920242e-08	63.5415334486185	0.200000008910112
11.775	15.75	1.17529473779362e-08	0.799999862266124	7.09605366393019e-08	63.5175334516825	0.200000009402358
11.925	15.75	1.18752470702436e-08	0.799999864939361	7.28072698560462e-08	63.493533454626	0.200000009500198
12.075	15.75	1.13098326855516e-08	0.799999867577084	7.45577111910191e-08	63.4695334575061	0.200000009047866
12.225	15.75	9.83078964214108e-09	0.79999987017789	7.62145353514847e-08	63.4455334603999	0.200000007864632
12.375	15.75	7.18260324857288e-09	0.799999872741869	7.77804340862565e-08	63.4215334634079	0.200000005746083
12.525	15.75	3.08383998556709e-09	0.799999875272252	7.92582793774547e-08	63.3975334666563	0.200000002467072
12.675	15.75	-2.76664601297875e-09	0.799999877774125	8.0650746348889e-08	63.3735334702995	0.199999997786683
12.825	15.75	-1.0680517812619e-08	0.799999880255458	8.19605924064726e-08	63.3495334745211	0.199999991455586
12.975	15.75	-2.09673138487981e-08	0.799999882728112	8.31905961154856e-08	63.3255334795348	0.199999983226149
13.125	15.75	-3.39179254808823e-08	0.799999885206612	8.43433647625127e-08	63.3015334855831	0.19999997286566
13.275	15.75	-4.97838039934239e-08	0.799999887710536	8.54216450929373e-08	63.2775334929346	0.199999960172957
13.425	15.75	-6.87515707545668e-08	0.799999890261837	8.64282266864387e-08	63.253533501879	0.199999944998743
13.575	15.75	-9.09127849912761e-08	0.799999892888106	8.73655956084097e-08	63.2295335127192	0.199999927269772
13.725	15.75	-1.16228715855175e-07	0.799999895620265	8.82364579727373e-08	63.2055335257609	0.199999907017027
13.875	15.75	-1.44490059305216e-07	0.799999898493414	8.90433643433964e-08	63.1815335412979	0.199999884407953
14.025	15.75	-1.75271620550378e-07	0.79999990154702	8.97888003728543e-08	63.1575335595934	0.199999859782704
14.175	15.75	-2.07882026991491e-07	0.799999904824529	9.04752740269051e-08	63.1335335808572	0.199999833694378
14.325	15.75	-2.41308513289701e-07	0.799999908373473	9.11052421679988e-08	63.1095336052173	0.199999806953189
14.475	15.75	-2.7415668615347e-07	0.799999912245868	9.16811084804697e-08	63.0855336326861	0.199999780674651
14.625	15.75	-3.04584873445548e-07	0.799999916498818	9.22052099653598e-08	63.0615336631206	0.199999756332101
14.775	15.75	-3.30232112634194e-07	0.799999921195903	9.26797277107777e-08	63.0375336961764	0.19999973581431
14.925	15.75	-3.4813793472917e-07	0.799999926410308	9.31071067151499e-08	63.0135337312534	0.199999721489652
15.075	15.75	-3.54650716205506e-07	0.799999932228522	9.34893845102685e-08	62.9895337674343	0.199999716279427
15.225	15.75	-3.45319324795846e-07	0.799999938756928	9.38287797811477e-08	62.9655338034126	0.19999972374454
15.375	15.75	-3.14759840941616e-07	0.799999946131984	9.41273022886507e-08	62.9415338374102	0.199999748192127
15.525	15.75	-2.56484986471011e-07	0.799999954534467	9.43871162929166e-08	62.9175338670786	0.199999794812011
15.675	15.75	-1.62678128488628e-07	0.799999964210149	9.46099582633642e-08	62.8935338893832	0.199999869857497
15.825	15.75	-2.38858101285995e-08	0.799999975500228	9.47979070330601e-08	62.8695339004602	0.199999980891352
15.975	15.75	1.71408027863262e-07	0.799999988880697	9.49526785805591e-08	62.8455338954393	0.200000137126422
16.125	15.75	4.37377592908611e-07	0.800000005021737	9.50761907738484e-08	62.821533868217	0.200000349902074
16.275	15.75	7.91691764237363e-07	0.800000024862883	9.51703032622498e-08	62.7975338111615	0.200000633353411
16.425	15.75	1.25668942834681e-06	0.800000049723706	9.5236301639314e-08	62.7735337147204	0.200001005351543
16.575	15.75	1.86102727943282e-06	0.800000081445156	9.52761945914865e-08	62.7495335668937	0.200001488821824
16.725	15.75	2.64198183137276e-06	0.800000122589952	9.5291372788583e-08	62.7255333525164	0.200002113585465
16.875	15.75	3.64865182146491e-06	0.800000176706049	9.52835297713582e-08	62.7015330522777	0.200002918921457
17.025	15.75	4.94639338696018e-06	0.800000248686307	9.5253892578439e-08	62.6775326413727	0.20000395711471
17.175	15.75	6.62293579230555e-06	0.800000345249371	9.52039861741823e-08	62.6535320876487	0.200005298348634
17.325	15.75	8.79678053433307e-06	0.800000475590677	9.51349599495735e-08	62.6295313490536	0.200007037424427
17.475	15.75	1.16286962140653e-05	0.800000652257789	9.50482944971901e-08	62.6055303701304	0.200009302956971
17.625	15.75	1.53374062515268e-05	0.800000892338504	9.49451145690105e-08	62.5815290772066	0.200012269925001
17.775	15.75	2.02209533047964e-05	0.800001219061839	9.48265296943479e-08	62.5575273718048	0.200016176762644
17.925	15.75	2.66857457481789e-05	0.800001663954744	9.46936065416867e-08	62.5335251216339	0.200021348596599
18.075	15.75	3.52859848626553e-05	0.8000022697227	9.45471646482397e-08	62.5095221482937	0.20002822878789
18.225	15.75	4.67770804621885e-05	0.800003094075812	9.43880856963471e-08	62.4855182105223	0.20003742166437
18.375	15.75	6.21878517851821e-05	0.800004214816562	9.42169895015294e-08	62.4615129814149	0.200049750281428
18.525	15.75	8.29178959265975e-05	0.800005736668309	9.40343665182831e-08	62.4375060175028	0.200066334316741
18.675	15.75	0.000110868703439453	0.800007800603847	9.38405486551609e-08	62.4134967168646	0.200088694962752
18.825	15.75	0.000148620261074794	0.800010596784466	9.36354856616657e-08	62.389484262468	0.20011889620886
18.975	15.75	0.000199669461915538	0.800014382529287	9.34186520001651e-08	62.3654675455895	0.200159735569532
19.125	15.75	0.000268753051837762	0.800019506767985	9.31892531263034e-08	62.3414450622903	0.20021500244147
19.275	15.75	0.000362286166964806	0.800026442002063	9.29457803298682e-08	62.3174147733393	0.200289828933572
19.425	15.75	0.000488957316086835	0.800035824111994	9.26857033858258e-08	62.293373914527	0.200391165852869
19.575	15.75	0.000660531202666559	0.800048500248257	9.24057869628993e-08	62.2693187398839	0.200528424962133
19.725	15.75	0.000892922224801143	0.800065587346934	9.21010014720716e-08	62.2452441748326	0.200714337779841
19.875	15.75	0.00120761714464429	0.800088550225413	9.17643336641042e-08	62.2211433495205	0.200966093715715
20.025	15.75	0.00163355414225906	0.800119318652165	9.13864277106911e-08	62.1970069736629	0.201306843313807
20.175	15.75	0.00220962182039182	0.800160472210348	9.09545207404868e-08	62.1728225012268	0.201767697456313
20.325	15.75	0.00298804040038861	0.800215518531486	9.04517982908049e-08	62.1485730128409	0.202390432320311
20.475	15.75	0.00403902969827634	0.800289258228612	8.98557209677467e-08	62.1242357118033	0.203231223758621
20.625	15.75	0.00545732377737279	0.800388156512975	8.91368490252734e-08	62.0997798832477	0.204365859021898
20.775	15.75	0.0073711841111131	0.800520533326719	8.82569185529283e-08	62.0751641078563	0.20589694728889
20.925	15.75	0.00995447760870198	0.800696277590675	8.71666048311872e-08	62.0503324630315	0.207963582086962
21.075	15.75	0.0134420122109616	0.800925750685813	8.5804488372897e-08	62.0252094080408	0.210753609768769
21.225	15.75	0.0181476178411557	0.801217632444131	8.409701574381e-08	61.9996930650973	0.214518094272925
21.375	15.75	0.0244834938097806	0.801575699331808	8.19621696486797e-08	61.9736467041579	0.219586795047825
21.525	15.75	0.0329782632721942	0.801994863408659	7.93173908701241e-08	61.946888433456	0.226382610617755
21.675	15.75	0.0442900725519765	0.80245716643293	7.60954783444391e-08	61.9191793968937	0.235432058041581
21.825	15.75	0.0592098322563755	0.80292877914155	7.22630843820246e-08	61.8902111908009	0.2473678658051
21.975	15.75	0.0786480169733401	0.803359393098575	6.78417959450159e-08	61.8595937633468	0.262918413578672
22.125	15.75	0.103596190960037	0.80368557683926	6.29218110357302e-08	61.8268457976508	0.282876952768029
22.275	15.75	0.135052303235596	0.80383932256819	5.76617738469575e-08	61.7913905252588	0.308041842588477
22.425	15.75	0.173898994007472	0.803761739209754	5.22701829552762e-08	61.7525609538301	0.339119195205978
22.575	15.75	0.220730585312089	0.80341969128429	4.69728148829396e-08	61.7096192150174	0.376584468249671
22.725	15.75	0.275641527094617	0.802820788561037	4.19760163840117e-08	61.6617943406631	0.420513221675693
22.875	15.75	0.338017856521014	0.802020577056195	3.74373035415838e-08	61.6083401881496	0.470414285216812
23.025	15.75	0.406404723472038	0.801116450219838	3.34512676655274e-08	61.5486097597175	0.52512377877763
23.175	15.75	0.478534572226172	0.800226928574548	3.00504770774785e-08	61.4821345988755	0.582827657780938
23.325	15.75	0.551566086574353	0.799461971328846	2.72173839895921e-08	61.4086914437752	0.641252869259483
23.475	15.75	0.622501307664916	0.798895930240189	2.49010168613919e-08	61.3283374139819	0.698001046131933
23.625	15.75	0.688659257538137	0.798554410616529	2.30327428372755e-08	61.2414023852578	0.750927406030509
23.775	15.75	0.748051809817119	0.798418744417557	2.15389639994667e-08	61.1484404963404	0.798441447853695
23.925	15.75	0.79955778075969	0.798442569684105	2.03492856457834e-08	61.0501551997719	0.839646224607752
24.075	15.75	0.84288647001543	0.798570850616999	1.94013078141799e-08	60.94731770958	0.874309176012344
24.225	15.75	0.878398155689406	0.798753962397451	1.86422494071085e-08	60.8406958530547	0.902718524551525
24.375	15.75	0.906872100122595	0.798954493335404	1.80290489185845e-08	60.7310027100554	0.925497680098076
24.525	15.75	0.929292197887379	0.799148196891627	1.75273572401998e-08	60.618866694029	0.943433758309903
24.675	15.75	0.946685093851059	0.799321773379129	1.71103403280623e-08	60.5048196940034	0.957348075080847
24.825	15.75	0.960016774453413	0.799469692955269	1.67572340594407e-08	60.3892979456946	0.96801341956273
24.975	15.75	0.9701380729264	0.799591293771405	1.6452235070999e-08	60.2726504766091	0.97611045834112
25.125	15.75	0.97776476911349	0.799688597997503	1.61832911203986e-08	60.1551511184199	0.982211815290792
25.275	15.75	0.98347910719107	0.799764853012263	1.59414345050925e-08	60.0370113997571	0.986783285752856
25.425	15.75	0.987742791045909	0.799823641849253	1.57199294484557e-08	59.9183927415744	0.990194232836727
25.575	15.75	0.990914817818198	0.799868387887821	1.55137905375929e-08	59.7994171725234	0.992731854254558
25.725	15.75	0.99327012675274	0.799902112901034	1.53193330198187e-08	59.6801762932141	0.994616101402192
25.875	15.75	0.995016874775379	0.799927349397532	1.51338596188785e-08	59.5607385162123	0.996013499820304
26.025	15.75	0.996311339939102	0.79994614175807	1.49554165648603e-08	59.4411547615515	0.997049071951282
26.175	15.75	0.9972701761065	0.799960093986634	1.4782555057824e-08	59.321462848737	0.9978161408852
26.325	15.75	0.997980145929523	0.799970437393431	1.46142717719658e-08	59.2016908333983	0.998384116743618
26.475	15.75	0.998505654695556	0.799978101935156	1.4449757905739e-08	59.0818595151696	0.998804523756444
26.625	15.75	0.998894473349278	0.799983782063906	1.42884708979573e-08	58.9619843092627	0.999115578679423
26.775	15.75	0.999182029801888	0.799987992791668	1.41300319321623e-08	58.8420766373643	0.99934562384151
26.925	15.75	0.999394600865295	0.799991114825664	1.39741315906069e-08	58.722144959346	0.999515680692236
27.075	15.75	0.999551676927536	0.799993429464527	1.38205646852968e-08	58.6021955382595	0.999641341542029
27.225	15.75	0.999667711984901	0.799995144820143	1.3669170162102e-08	58.4822330078296	0.999734169587921
27.375	15.75	0.999753419906777	0.799996415164421	1.3519861373962e-08	58.3622607937252	0.999802735925421
27.525	15.75	0.999816736205871	0.799997355075134	1.33725230400585e-08	58.242281426446	0.999853388964697
27.675	15.75	0.999863532815487	0.799998049758505	1.32271223182988e-08	58.1222967737348	0.99989082625239
27.825	15.75	0.999898149899461	0.799998562610738	1.30836004183045e-08	58.002308213154	0.999918519919569
27.975	15.75	0.999923791677643	0.799998940789086	1.29419117003396e-08	57.8823167601357	0.999939033342115
28.125	15.75	0.999942820940518	0.799999219344376	1.28020879125679e-08	57.7623231628958	0.999954256752414
28.275	15.75	0.999956977996654	0.799999424300371	1.26640655266398e-08	57.6423279727011	0.999965582397323
28.425	15.75	0.999967543255643	0.799999574955342	1.25278294925644e-08	57.5223315958243	0.999974034604514
28.575	15.75	0.999975457805884	0.799999685602768	1.23933940607772e-08	57.4023343319061	0.999980366244708
28.725	15.75	0.999981412728839	0.799999766816802	1.22607311842848e-08	57.2823364022429	0.999985130183072
28.875	15.75	0.999985915176829	0.799999826411135	1.21298377296882e-08	57.1623379706161	0.999988732141463
29.025	15.75	0.999989337201609	0.799999870152175	1.20007086207259e-08	57.042339158605	0.999991469761287
29.175	15.75	0.999991951790815	0.799999902289278	1.18733370238216e-08	56.9223400568274	0.999993561432652
29.325	15.75	0.999993959424935	0.799999925948691	1.17476958056995e-08	56.8023407331742	0.999995167539948
29.475	15.75	0.999995507614425	0.799999943425447	1.16238023533892e-08	56.6823412388331	0.99999640609154
29.625	15.75	0.999996705242174	0.799999956399853	1.1501643748457e-08	56.5623416126846	0.999997364193739
29.775	15.75	0.999997633065876	0.799999966098853	1.13812045080899e-08	56.4423418845066	0.999998106452701
29.925	15.75	0.999998351385297	0.799999973415108	1.12624675929269e-08	56.3223420773062	0.999998681108237
30.075	15.75	0.999998905620671	0.799999978995479	1.11454406049407e-08	56.2023422090161	0.999999124496537
30.225	15.75	0.999999330355717	0.79999998330703	1.1030124652169e-08	56.0823422937284	0.999999464284573
30.375	15.75	0.999999652255993	0.799999986685394	1.09164645043776e-08	55.9623423425956	0.999999721804794
30.525	15.75	0.999999892166616	0.799999989371057	1.08045013034005e-08	55.8423423644896	0.999999913733293
30.675	15.75	1.00000006661443	0.79999999153558	1.06942075713545e-08	55.7223423664883	1.00000005329155
30.825	15.75	1.00000018888043	0.799999993301387	1.05855476003438e-08	55.602342354239	1.00000015110435
30.975	15.75	1.00000026976429	0.799999994755804	1.04785348198791e-08	55.4823423322329	1.00000021581143
31.125	15.75	1.00000031813023	0.799999995961725	1.03731656140033e-08	55.3623423040175	1.00000025450418
31.275	15.75	1.00000034129913	0.79999999696459	1.02694051570956e-08	55.2423422723634	1.0000002730393
31.425	15.75	1.00000034533335	0.799999997798435	1.0167266278775e-08	55.1223422393986	1.00000027626668
31.575	15.75	1.00000033524796	0.799999998488951	1.00667037426002e-08	55.0023422067198	1.00000026819836
31.725	15.75	1.00000031517155	0.799999999056507	9.96774341320951e-09	54.8823421754843	1.00000025213724
31.875	15.75	1.00000028847336	0.799999999517813	9.87035264945532e-09	54.7623421464899	1.00000023077869
32.025	15.75	1.00000025786736	0.79999999988706	9.77451468328684e-09	54.6423421202421	1.00000020629389
32.175	15.75	1.00000022550096	0.800000000176833	9.68023738089767e-09	54.5223420970133	1.00000018040077
32.325	15.75	1.00000019303282	0.800000000398324	9.5874937575412e-09	54.4023420768929	1.00000015442626
32.475	15.75	1.00000016170284	0.800000000561633	9.4962732899047e-09	54.2823420598314	1.00000012936228
32.625	15.75	1.00000013239566	0.800000000676265	9.40653791811586e-09	54.1623420456774	1.00000010591653
32.775	15.75	1.00000010569878	0.800000000750612	9.31833956622325e-09	54.0423420342086	1.00000008455903
32.925	15.75	1.00000008195549	0.800000000792378	9.23162457246511e-09	53.9223420251581	1.00000006556439
33.075	15.75	1.00000006131281	0.800000000808518	9.14635737520997e-09	53.8023420182354	1.00000004905025
33.225	15.75	1.00000004376437	0.800000000805084	9.06255038612218e-09	53.6823420131434	1.00000003501149
33.375	15.75	1.00000002918825	0.800000000787397	8.98020149473521e-09	53.5623420095911	1.0000000233506
33.525	15.75	1.0000000173799	0.800000000759897	8.89929111610166e-09	53.4423420073031	1.00000001390392
33.675	15.75	1.00000000808003	0.800000000726383	8.81981046029997e-09	53.3223420060262	1.00000000646403
33.825	15.75	1.00000000099792	0.80000000068988	8.74173338752842e-09	53.2023420055338	1.00000000079834
33.975	15.75	0.999999995830316	0.800000000652858	8.66505425346092e-09	53.0823420056276	0.999999996664253
34.125	15.75	0.999999992276176	0.800000000617049	8.58975326696185e-09	52.9623420061385	0.999999993820941
34.275	15.75	0.999999990047907	0.800000000583738	8.51582224665335e-09	52.8423420069255	0.999999992038325
34.425	15.75	0.999999988879288	0.8000000005539	8.44326548167507e-09	52.7223420078742	0.999999991103431
34.575	15.75	0.99999998853065	0.800000000527876	8.37205456613829e-09	52.6023420088945	0.99999999082452
34.725	15.75	0.999999988791759	0.800000000505935	8.30216922662955e-09	52.4823420099179	0.999999991033407
34.875	15.75	0.999999989482819	0.800000000488033	8.23362364392222e-09	52.3623420108947	0.999999991586255
35.025	15.75	0.99999999045401	0.800000000473894	8.16637681206319e-09	52.2423420117908	0.999999992363208
35.175	15.75	0.999999991583963	0.800000000463223	8.10043664312185e-09	52.1223420125853	0.99999999326717
35.325	15.75	0.999999992777339	0.800000000455536	8.03578539107207e-09	52.0023420132677	0.999999994221872
35.475	15.75	0.999999993962093	0.800000000450401	7.9724068604442e-09	51.8823420138354	0.999999995169675
35.625	15.75	0.999999995086369	0.800000000447293	7.91030834685787e-09	51.7623420142919	0.999999996069095
35.775	15.75	0.999999996115378	0.800000000445817	7.84945883713736e-09	51.6423420146446	0.999999996892303
35.925	15.75	0.999999997028295	0.800000000445476	7.78984820307968e-09	51.522342014904	0.999999997622636
36.075	15.75	0.999999997815466	0.800000000445913	7.73147650056244e-09	51.4023420150815	0.999999998252373
36.225	15.75	0.999999998475764	0.800000000446708	7.67433213592117e-09	51.2823420151896	0.999999998780611
36.375	15.75	0.999999999014302	0.800000000447672	7.6183835919697e-09	51.1623420152402	0.999999999211441
36.525	15.75	0.999999999440474	0.800000000448423	7.56365617577447e-09	51.0423420152446	0.999999999552379
36.675	15.75	0.999999999766351	0.800000000448926	7.51010199171594e-09	50.9223420152131	0.99999999981308
36.825	15.75	1.00000000000536	0.80000000044897	7.45775825144713e-09	50.8023420151547	1.00000000000429
36.975	15.75	1.00000000017138	0.800000000448399	7.40656469727378e-09	50.6823420150773	1.0000000001371
37.125	15.75	1.00000000027794	0.800000000447258	7.35652347399786e-09	50.5623420149873	1.00000000022235
37.275	15.75	1.00000000033772	0.800000000445387	7.30766409874088e-09	50.4423420148898	1.00000000027018
37.425	15.75	1.00000000036185	0.800000000442666	7.25992726694349e-09	50.3223420147888	1.00000000028948
37.575	15.75	1.00000000035916	0.800000000439058	7.21332812099153e-09	50.2023420146875	1.00000000028732
37.725	15.75	1.00000000033569	0.800000000434727	7.16784096404722e-09	50.0823420145881	1.00000000026855
37.875	15.75	1.00000000029555	0.800000000430224	7.12349070829692e-09	49.9623420144926	1.00000000023644
38.025	15.75	1.00000000024455	0.800000000426636	7.08023390412486e-09	49.8423420144023	1.00000000019564
38.175	15.75	1.00000000019659	0.800000000424629	7.03807836000564e-09	49.7223420143177	1.00000000015728
38.325	15.75	1.00000000017807	0.800000000422747	6.99700267738164e-09	49.6023420142372	1.00000000014246
38.475	15.75	1.00000000021823	0.800000000414699	6.9570297376394e-09	49.4823420141567	1.00000000017459
38.625	15.75	1.00000000031042	0.80000000039002	6.91812257089624e-09	49.3623420140709	1.00000000024833
38.775	15.75	1.00000000034604	0.800000000342181	6.88026848402823e-09	49.24234201398	1.00000000027683
38.925	15.75	1.00000000007389	0.80000000028911	6.8434838727132e-09	49.1223420139018	1.00000000005911
39.075	15.75	0.999999999212044	0.800000000296944	6.80775146685711e-09	49.0023420138791	0.999999999369635
39.225	15.75	0.999999997861605	0.800000000474707	6.77305943744876e-09	48.8823420139639	0.999999998289284
39.375	15.75	0.999999997187174	0.800000000883638	6.73940389749156e-09	48.7623420141473	0.999999997749739
39.525	15.75	0.999999999800277	0.800000001330322	6.70677346016871e-09	48.6423420142389	0.999999999840222
39.675	15.75	1.00000000854991	0.800000001136044	6.67517366509232e-09	48.5223420137865	1.00000000683993
39.825	15.75	1.00000002228112	0.7999999992183	6.64459552952605e-09	48.4023420122565	1.0000000178249
39.975	15.75	1.00000002906866	0.799999995013392	6.61501029135044e-09	48.282342009743	1.00000002325493
40.125	15.75	1.00000000269437	0.799999990506098	6.5864462842864e-09	48.1623420081713	1.00000000215549
40.275	15.75	0.999999915051621	0.799999992373192	6.55887179137503e-09	48.0423420120739	0.999999932041297
40.425	15.75	0.999999777875223	0.800000011000075	6.53228810213052e-09	47.9223420267694	0.999999822300178
40.575	15.75	0.999999707649958	0.800000051491882	6.50671147047853e-09	47.8023420514218	0.999999766119967
40.725	15.75	0.999999957517784	0.800000094660076	6.48208897194062e-09	47.682342067453	0.999999966014227
40.875	15.75	1.00000079734943	0.800000077819421	6.45846033105215e-09	47.5623420311804	1.00000063787955
41.025	15.75	1.00000212196185	0.799999905255683	6.43578571688247e-09	47.4423418910161	1.00000169756948
41.175	15.75	1.00000285290256	0.799999531078484	6.41407526509338e-09	47.322341652187	1.00000228232205
41.325	15.75	1.00000065163099	0.799999128779683	6.39334750701959e-09	47.2023414839356	1.0000005213048
41.475	15.75	0.999993003858011	0.799999256289737	6.37361006887605e-09	47.0823417884401	0.999994403086409
41.625	15.75	0.999980706637716	0.800000756849973	6.35486085214336e-09	46.9623430503067	0.999984565310173
41.775	15.75	0.999973138463859	0.8000040414305	6.33701597744437e-09	46.8423452657142	0.999978510771087
41.925	15.75	0.999990827520494	0.800007658301676	6.32000279577849e-09	46.7223469953185	0.999992662016395
42.075	15.75	1.0000563795362	0.80000693687778	6.3036844280403e-09	46.6023447293566	1.00004510362896
42.225	15.75	1.00016528886168	0.799994824708202	6.28809960459968e-09	46.4823340892903	1.00013223108934
42.375	15.75	1.0002418495539	0.799967674735536	6.27359266285684e-09	46.3623145466879	1.00019347964312
42.525	15.75	1.0001163362862	0.799936550968385	6.26102739985156e-09	46.2422973536316	1.00009306902896
42.675	15.75	0.999594226905684	0.799937861121933	6.25137980032113e-09	46.122311246602	0.999675381524548
42.825	15.75	0.998683926300816	0.800027372870238	6.24460717437499e-09	46.0023938976777	0.998947141040653
42.975	15.75	0.997944673217203	0.800237007208678	6.23793367978032e-09	45.8825557295371	0.998355738573762
43.125	15.75	0.998684258967903	0.800490005803066	6.22482960914389e-09	45.7627175351679	0.998947407174323
43.275	15.75	1.00248296174948	0.800522975434398	6.19748353495771e-09	45.6426615048073	1.00198636939958
43.425	15.75	1.00955927623851	0.799934825819286	6.15506939573674e-09	45.522083602235	1.00764742099081
43.575	15.75	1.01623380738825	0.798479881809502	6.11580203481708e-09	45.4008458255481	1.0129870459106
43.725	15.75	1.01328677101573	0.796573391988215	6.12402232009869e-09	45.279428669227	1.01062941681259
43.875	15.75	0.988680897766266	0.795833250741453	6.24049881278299e-09	45.15933367477	0.990944718213013
44.025	15.75	0.938367896635728	0.799351007386337	6.5007002486997e-09	45.0428406423068	0.950694317308583
44.175	15.75	0.884673133442659	0.810192428757762	6.80572114852132e-09	44.9313521366929	0.907738506754127
44.325	15.75	0.889127901573414	0.824441952905217	6.77764667936074e-09	44.8222077826676	0.911302321258731
44.475	15.75	1.03257195135663	0.826489829082148	6.01848594411964e-09	44.7059573770652	1.02605756108531
44.625	15.75	1.34924434192234	0.808622132976992	4.82538860997699e-09	44.5677999411806	1.27939547353787
44.775	15.75	1.7640881181464	0.709537047492463	3.83021120814023e-09	44.3955931280452	1.61127049451712
44.925	15.75	2.11154506625203	0.834636814132796	3.26588756883111e-09	44.2248231083632	1.88923605300162
0.075	16.25	3.47473591271569e-16	0.399999996345078	-2.46677042346995e-07	65.3895331133204	0.2
0.225	16.25	1.09796501237543e-15	0.799999989041949	-2.46402545406633e-07	65.3655331135397	0.200000000000001
0.375	16.25	2.54818939336463e-15	0.799999981757672	-2.45854630585887e-07	65.3415331139779	0.200000000000002
0.525	16.25	4.61626599573724e-15	0.799999974504937	-2.45034240671266e-07	65.3175331146343	0.200000000000004
0.675	16.25	7.14881730854776e-15	0.799999967297066	-2.43943955735675e-07	65.2935331155076	0.200000000000006
0.825	16.25	9.93588467989769e-15	0.799999960145188	-2.42586163597146e-07	65.2695331165965	0.200000000000008
0.975	16.25	1.27379709611084e-14	0.799999953062324	-2.4096492922353e-07	65.2455331178989	0.20000000000001
1.125	16.25	1.52997079634397e-14	0.799999946059852	-2.39084042099129e-07	65.2215331194127	0.200000000000012
1.275	16.25	1.73403394140472e-14	0.799999939149965	-2.36948497136942e-07	65.1975331211353	0.200000000000014
1.425	16.25	1.85241250031662e-14	0.799999932343618	-2.34563754087114e-07	65.1735331230637	0.200000000000015
1.575	16.25	1.84215047389454e-14	0.79999992565164	-2.31935946738664e-07	65.1495331251947	0.200000000000015
1.725	16.25	1.64738673722607e-14	0.799999919084608	-2.29071530577486e-07	65.1255331275246	0.200000000000013
1.875	16.25	1.19727194247158e-14	0.79999991265265	-2.25977778495558e-07	65.1015331300496	0.20000000000001
2.025	16.25	4.06046735622677e-15	0.799999906365102	-2.22662586205566e-07	65.0775331327655	0.200000000000003
2.175	16.25	-8.24292670873944e-15	0.799999900231555	-2.19133710195756e-07	65.0535331356677	0.199999999999993
2.325	16.25	-2.59845203154915e-14	0.799999894260388	-2.15399861443152e-07	65.0295331387516	0.199999999999979
2.475	16.25	-5.01911079151277e-14	0.799999888459259	-2.11470033845833e-07	65.0055331420121	0.19999999999996
2.625	16.25	-8.17460434262998e-14	0.799999882835758	-2.07353659600633e-07	64.981533145444	0.199999999999935
2.775	16.25	-1.21225270824779e-13	0.799999877397567	-2.03060273710146e-07	64.9575331490419	0.199999999999903
2.925	16.25	-1.68687728315848e-13	0.799999872149698	-1.98599639815989e-07	64.9335331528002	0.199999999999865
3.075	16.25	-2.23416690807273e-13	0.799999867098819	-1.93982113501158e-07	64.909533156713	0.199999999999821
3.225	16.25	-2.83611719024739e-13	0.799999862249449	-1.89218003044575e-07	64.8855331607743	0.199999999999773
3.375	16.25	-3.46035739265697e-13	0.799999857606879	-1.84317586523107e-07	64.8615331649781	0.199999999999723
3.525	16.25	-4.05628592040843e-13	0.799999853174055	-1.79291667973397e-07	64.837533169318	0.199999999999676
3.675	16.25	-4.5510712428115e-13	0.799999848954516	-1.74150769755747e-07	64.8135331737877	0.199999999999636
3.825	16.25	-4.845827233964e-13	0.799999844950925	-1.68905573137675e-07	64.7895331783808	0.199999999999612
3.975	16.25	-4.81239918862301e-13	0.799999841165713	-1.63566862746036e-07	64.7655331830907	0.199999999999615
4.125	16.25	-4.29134231376128e-13	0.799999837599925	-1.58145114401426e-07	64.7415331879109	0.199999999999657
4.275	16.25	-3.09183222695646e-13	0.799999834254055	-1.52651079335416e-07	64.7175331928348	0.199999999999753
4.425	16.25	-9.94410666873038e-14	0.799999831129937	-1.47094855358496e-07	64.6935331978557	0.19999999999992
4.575	16.25	2.24237412079834e-13	0.799999828226057	-1.4148697549969e-07	64.6695332029671	0.200000000000179
4.725	16.25	6.87023854111408e-13	0.799999825542231	-1.35837634527936e-07	64.6455332081621	0.20000000000055
4.875	16.25	1.31330632548948e-12	0.799999823076452	-1.30156513444035e-07	64.6215332134344	0.200000000001051
5.025	16.25	2.12411184590447e-12	0.799999820827981	-1.244533115529e-07	64.5975332187773	0.200000000001699
5.175	16.25	3.13363957524286e-12	0.799999818794744	-1.18737577482355e-07	64.5735332241843	0.200000000002507
5.325	16.25	4.34480489683918e-12	0.799999816972873	-1.13018388298241e-07	64.549533229649	0.200000000003476
5.475	16.25	5.74373479394776e-12	0.799999815360441	-1.07304474585537e-07	64.5255332351651	0.200000000004595
5.625	16.25	7.29321707676751e-12	0.799999813954344	-1.01604640790397e-07	64.5015332407263	0.200000000005835
5.775	16.25	8.9251945642842e-12	0.799999812749239	-9.59269303314528e-08	64.4775332463265	0.20000000000714
5.925	16.25	1.05325137557731e-11	0.799999811743285	-9.02790636790162e-08	64.4535332519596	0.200000000008426
6.075	16.25	1.1960288961351e-11	0.799999810929958	-8.46689146282332e-08	64.4295332576198	0.200000000009568
6.225	16.25	1.29974284821128e-11	0.799999810306084	-7.91032999464076e-08	64.4055332633015	0.200000000010398
6.375	16.25	1.33690888575441e-11	0.799999809866041	-7.35892577119793e-08	64.381533268999	0.200000000010695
6.525	16.25	1.27310726629365e-11	0.79999980960485	-6.8133100169505e-08	64.357533274707	0.200000000010185
6.675	16.25	1.06674579772687e-11	0.799999809517292	-6.27407925940822e-08	64.3335332804202	0.200000000008534
6.825	16.25	6.69303150670685e-12	0.799999809597435	-5.74180649762726e-08	64.3095332861339	0.200000000005354
6.975	16.25	2.62375760955994e-13	0.799999809840704	-5.21700449095927e-08	64.2855332918431	0.20000000000021
7.125	16.25	-9.21228968825029e-12	0.799999810239681	-4.70019591992485e-08	64.2615332975434	0.19999999999263
7.275	16.25	-2.23322213087628e-11	0.799999810789568	-4.19179950829821e-08	64.2375333032305	0.199999999982134
7.425	16.25	-3.96698308725085e-11	0.799999811485291	-3.69224782290264e-08	64.2135333089003	0.199999999968264
7.575	16.25	-6.17105838737105e-11	0.799999812318759	-3.20190973653025e-08	64.189533314549	0.199999999950632
7.725	16.25	-8.87769986914721e-11	0.799999813286125	-2.72113202713817e-08	64.165533320173	0.199999999928978
7.875	16.25	-1.20933097951991e-10	0.799999814380038	-2.25022779209317e-08	64.1415333257689	0.199999999903254
8.025	16.25	-1.57868431698611e-10	0.799999815594955	-1.78945770727537e-08	64.1175333313334	0.199999999873705
8.175	16.25	-1.98761914799884e-10	0.799999816924911	-1.33907703939573e-08	64.0935333368635	0.19999999984099
8.325	16.25	-2.42127250971286e-10	0.799999818364427	-8.99280448755989e-09	64.0695333423561	0.199999999806298
8.475	16.25	-2.85643695972113e-10	0.799999819907086	-4.70250270148808e-09	64.0455333478081	0.199999999771485
8.625	16.25	-3.25978370896633e-10	0.799999821547375	-5.21215023305557e-10	64.0215333532165	0.199999999739217
8.775	16.25	-3.5860927900755e-10	0.79999982327988	3.54965132478441e-09	63.9975333585779	0.199999999713113
8.925	16.25	-3.77661581995929e-10	0.799999825098478	7.50937274058897e-09	63.9735333638886	0.199999999697871
9.075	16.25	-3.75773492218468e-10	0.79999982699809	1.13573209286582e-08	63.9495333691445	0.199999999699381
9.225	16.25	-3.44012227261701e-10	0.799999828972787	1.50931663382521e-08	63.9255333743408	0.19999999972479
9.375	16.25	-2.71864689840152e-10	0.799999831017433	1.87165157264413e-08	63.9015333794722	0.199999999782508
9.525	16.25	-1.47331654163667e-10	0.799999833126437	2.22277247692744e-08	63.877533384532	0.199999999882135
9.675	16.25	4.2842030613065e-11	0.79999983529428	2.56269991141505e-08	63.8535333895129	0.200000000034274
9.825	16.25	3.12765730401492e-10	0.799999837515819	2.89148573728935e-08	63.8295333944061	0.200000000250213
9.975	16.25	6.76792519801654e-10	0.799999839785044	3.20919440652153e-08	63.8055333992019	0.200000000541434
10.125	16.25	1.14866246200361e-09	0.799999842096515	3.51591358777072e-08	63.7815334038891	0.20000000091893
10.275	16.25	1.74036434668801e-09	0.799999844444879	3.81175786511337e-08	63.7575334084555	0.200000001392292
10.425	16.25	2.46068544684165e-09	0.799999846823764	4.09684541943065e-08	63.7335334128882	0.200000001968548
10.575	16.25	3.31342713622685e-09	0.799999849227905	4.37128602079819e-08	63.7095334171736	0.200000002650742
10.725	16.25	4.29527645912134e-09	0.79999985165064	4.63524198746526e-08	63.6855334212984	0.200000003436221
10.875	16.25	5.39334047818284e-09	0.799999854086405	4.88887844961504e-08	63.6615334252499	0.200000004314672
11.025	16.25	6.58237186303447e-09	0.799999856528639	5.13234157293797e-08	63.6375334290177	0.200000005265898
11.175	16.25	7.82174098046828e-09	0.799999858971036	5.36582328602652e-08	63.6135334325944	0.200000006257393
11.325	16.25	9.05224176265604e-09	0.799999861408408	5.58951933412813e-08	63.5895334359776	0.200000007241793
11.475	16.25	1.01928556458406e-08	0.799999863834626	5.80360316169186e-08	63.5655334391718	0.200000008154285
11.625	16.25	1.11376393560455e-08	0.79999986624351	6.00828408029394e-08	63.5415334421905	0.200000008910111
11.775	16.25	1.17529473592185e-08	0.79999986863213	6.2037674340791e-08	63.5175334450588	0.200000009402358
11.925	16.25	1.18752470750221e-08	0.799999870994898	6.39027909867815e-08	63.493533447816	0.200000009500198
12.075	16.25	1.13098327195246e-08	0.799999873330366	6.56801709350878e-08	63.469533450519	0.200000009047866
12.225	16.25	9.83078971114737e-09	0.79999987563693	6.73721079758935e-08	63.4455334532447	0.200000007864632
12.375	16.25	7.18260335817219e-09	0.799999877914844	6.89808268202515e-08	63.4215334560933	0.200000005746083
12.525	16.25	3.08384014096386e-09	0.799999880167834	7.05084540303431e-08	63.3975334591908	0.200000002467072
12.675	16.25	-2.76664580747159e-09	0.799999882400109	7.19573673647184e-08	63.3735334626911	0.199999997786683
12.825	16.25	-1.06805175536559e-08	0.799999884620826	7.33299426686597e-08	63.349533466778	0.199999991455586
12.975	16.25	-2.09673135346221e-08	0.79999988684068	7.46281667569804e-08	63.3255334716646	0.199999983226149
13.125	16.25	-3.39179251113502e-08	0.799999889074817	7.58546588379317e-08	63.3015334775932	0.19999997286566
13.275	16.25	-4.97838035706524e-08	0.799999891342053	7.70114182174181e-08	63.2775334848323	0.199999960172957
13.425	16.25	-6.87515702828554e-08	0.799999893665785	7.81008090098467e-08	63.2535334936712	0.199999944998744
13.575	16.25	-9.09127844776892e-08	0.799999896071809	7.91250611702859e-08	63.2295335044127	0.199999927269772
13.725	16.25	-1.16228715309313e-07	0.799999898591678	8.00864219385826e-08	63.2055335173621	0.199999907017028
13.875	16.25	-1.4449005873965e-07	0.799999901260971	8.09870785623869e-08	63.1815335328131	0.199999884407953
14.025	16.25	-1.75271619980227e-07	0.799999904118047	8.18292649568448e-08	63.1575335510286	0.199999859782704
14.175	16.25	-2.078820264346e-07	0.799999907206921	8.26150644292651e-08	63.1335335722181	0.199999833694379
14.325	16.25	-2.41308512766009e-07	0.799999910574676	8.33464890092572e-08	63.1095335965095	0.19999980695319
14.475	16.25	-2.74156685684954e-07	0.799999914273034	8.40259828679962e-08	63.0855336239149	0.199999780674651
14.625	16.25	-3.04584873055422e-07	0.799999918359437	8.46551901786247e-08	63.0615336542912	0.199999756332102
14.775	16.25	-3.30232112346571e-07	0.799999922897025	8.52364270986303e-08	63.0375336872936	0.19999973581431
14.925	16.25	-3.48137934568088e-07	0.79999992795889	8.57714987995266e-08	63.0135337223219	0.199999721489652
15.075	16.25	-3.54650716194537e-07	0.799999933631249	8.62624005051202e-08	62.9895337584586	0.199999716279427
15.225	16.25	-3.45319324957057e-07	0.799999940020592	8.67110954009034e-08	62.965533794397	0.19999972374454
15.375	16.25	-3.14759841295151e-07	0.799999947263055	8.71193241127763e-08	62.9415338283586	0.199999748192127
15.525	16.25	-2.56484987034115e-07	0.799999955539082	8.74888270148598e-08	62.9175338579951	0.19999979481201
15.675	16.25	-1.62678129275359e-07	0.799999965094671	8.78216843383305e-08	62.8935338802714	0.199999869857497
15.825	16.25	-2.38858111487874e-08	0.799999976270397	8.81193130571756e-08	62.8695338913236	0.199999980891351
15.975	16.25	1.71408026603971e-07	0.799999989542556	8.83836054159696e-08	62.8455338862813	0.200000137126421
16.125	16.25	4.37377591410331e-07	0.800000005580815	8.86160118792871e-08	62.8215338590407	0.200000349902073
16.275	16.25	7.91691762505937e-07	0.800000025324779	8.88181932413026e-08	62.7975338019699	0.20000063335341
16.425	16.25	1.2566894263968e-06	0.800000050093492	8.89917450826422e-08	62.7735337055164	0.200001005351541
16.575	16.25	1.86102727728853e-06	0.800000081728171	8.91380375519972e-08	62.7495335576799	0.200001488821822
16.725	16.25	2.64198182907471e-06	0.800000122791153	8.9258672024916e-08	62.7255333432954	0.200002113585463
16.875	16.25	3.64865181907514e-06	0.800000176830336	8.93548177087161e-08	62.7015330430519	0.200002918921455
17.025	16.25	4.94639338457531e-06	0.800000248738177	8.94280297333552e-08	62.6775326321443	0.200003957114708
17.175	16.25	6.62293579007273e-06	0.800000345233623	8.94794447527723e-08	62.6535320784197	0.200005298348632
17.325	16.25	8.7967805324775e-06	0.800000475511106	8.95105342827715e-08	62.6295313398261	0.200007037424426
17.475	16.25	1.16286962129268e-05	0.800000652119129	8.95221809128498e-08	62.6055303609062	0.20000930295697
17.625	16.25	1.53374062516176e-05	0.800000892144561	8.95155713835044e-08	62.5815290679874	0.200012269925001
17.775	16.25	2.02209533068792e-05	0.800001218816769	8.94919203805118e-08	62.5575273625922	0.200016176762645
17.925	16.25	2.66857457533799e-05	0.800001663661963	8.94520721045257e-08	62.5335251124295	0.200021348596603
18.075	16.25	3.52859848726233e-05	0.800002269385702	8.9396831431984e-08	62.5095221390987	0.200028228787898
18.225	16.25	4.67770804793191e-05	0.800003093698407	8.9327089183913e-08	62.485518201338	0.200037421664383
18.375	16.25	6.21878518129141e-05	0.800004214402079	8.92434565104392e-08	62.4615129722426	0.20004975028145
18.525	16.25	8.29178959698294e-05	0.80000573621977	8.91462865239807e-08	62.4375060083435	0.200066334316776
18.675	16.25	0.00011086870350512	0.800007800124165	8.90359035158163e-08	62.4134967077192	0.200088694962804
18.825	16.25	0.000148620261172647	0.800010596276657	8.89122350680199e-08	62.3894842533374	0.200118896208938
18.975	16.25	0.000199669462059199	0.800014381996486	8.8774863427401e-08	62.3654675364745	0.200159735569647
19.125	16.25	0.000268753052046193	0.800019506212187	8.86231044910884e-08	62.3414450531917	0.200215002441637
19.275	16.25	0.000362286167264244	0.800026441426348	8.84552288083824e-08	62.3174147642576	0.200289828933811
19.425	16.25	0.000488957316513504	0.800035823518498	8.82693881959203e-08	62.2933739054629	0.200391165853211
19.575	16.25	0.000660531203270176	0.800048499639566	8.80618025032076e-08	62.2693187308379	0.200528424962616
19.725	16.25	0.00089292222564968	0.800065586724976	8.78279290412215e-08	62.245244165805	0.20071433778052
19.875	16.25	0.00120761714582996	0.800088549592224	8.75611234718536e-08	62.2211433405117	0.200966093716664
20.025	16.25	0.00163355414390653	0.800119318009806	8.72525057805528e-08	62.1970069646733	0.201306843315125
20.175	16.25	0.00220962182266909	0.800160471560694	8.68897251498009e-08	62.1728224922565	0.201767697458135
20.325	16.25	0.00298804040352226	0.80021551787648	8.64564633033104e-08	62.1485730038902	0.202390432322818
20.475	16.25	0.00403902970257149	0.800289257569392	8.59313715580276e-08	62.1242357028722	0.203231223762057
20.625	16.25	0.00545732378324144	0.800388155851339	8.52860760862261e-08	62.0997798743363	0.204365859026593
20.775	16.25	0.00737118411911006	0.800520532664318	8.44836102452299e-08	62.0751640989646	0.205896947295288
20.925	16.25	0.00995447761956869	0.800696276928505	8.34769578961768e-08	62.0503324541595	0.207963582095655
21.075	16.25	0.0134420122256782	0.800925750024855	8.22068776631177e-08	62.0252093991884	0.210753609780543
21.225	16.25	0.0181476178609971	0.801217631785623	8.06026595364359e-08	61.9996930562643	0.214518094288798
21.375	16.25	0.0244834938363747	0.801575698676789	7.85852747548473e-08	61.973646695344	0.2195867950691
21.525	16.25	0.0329782633075776	0.801994862757759	7.60756916087183e-08	61.946888424661	0.226382610646062
21.675	16.25	0.0442900725986339	0.802457165786283	7.30086546096917e-08	61.9191793881173	0.235432058078907
21.825	16.25	0.0592098323172571	0.802928778499877	6.93521832779675e-08	61.8902111820426	0.247367865853806
21.975	16.25	0.0786480170518121	0.803359392461925	6.5126713811884e-08	61.8595937546062	0.26291841364145
22.125	16.25	0.103596191059758	0.803685576207702	6.04190262591252e-08	61.8268457889276	0.282876952847807
22.275	16.25	0.135052303360233	0.803839321941408	5.53813770238174e-08	61.7913905165526	0.308041842688187
22.425	16.25	0.173898994160184	0.803761738587553	5.02141609504025e-08	61.7525609451408	0.339119195328147
22.575	16.25	0.220730585494799	0.803419690666629	4.51349038503366e-08	61.709619206345	0.376584468395839
22.725	16.25	0.275641527307127	0.802820787947773	4.03422120967885e-08	61.6617943320082	0.420513221845701
22.875	16.25	0.338017856760195	0.802020576447339	3.59881251748489e-08	61.6083401795136	0.470414285408156
23.025	16.25	0.406404723731392	0.801116449615679	3.2163905735836e-08	61.5486097511026	0.525123778985114
23.175	16.25	0.478534572496212	0.800226927975257	2.89014486194655e-08	61.4821345902848	0.58282765799697
23.325	16.25	0.551566086843816	0.799461970734381	2.61843639763113e-08	61.4086914352132	0.641252869475053
23.475	16.25	0.622501307922597	0.798895929650576	2.39639644629996e-08	61.3283374054539	0.698001046338077
23.625	16.25	0.688659257774646	0.79855441003156	2.21745112118483e-08	61.2414023767698	0.750927406219717
23.775	16.25	0.748051810026112	0.798418743836759	2.07452740587798e-08	61.1484404878989	0.798441448020889
23.925	16.25	0.799557780938215	0.798442569107304	1.96087638848083e-08	61.050155191383	0.839646224750572
24.075	16.25	0.842886470163492	0.798570850043912	1.87049185671034e-08	60.9473177012495	0.874309176130794
24.225	16.25	0.878398155809157	0.798753961827898	1.79830288869483e-08	60.8406958447878	0.902718524647326
24.375	16.25	0.906872100217413	0.798954492769418	1.74015756328922e-08	60.7310027018563	0.925497680173931
24.525	16.25	0.929292197961155	0.799148196329118	1.69274932375128e-08	60.618866685901	0.943433758368924
24.675	16.25	0.946685093907633	0.799321772820281	1.65349090417063e-08	60.5048196859493	0.957348075126106
24.825	16.25	0.96001677449629	0.799469692400141	1.62037966853413e-08	60.3892979377163	0.968013419597032
24.975	16.25	0.970138072958583	0.799591293220155	1.59188880824767e-08	60.272650468708	0.976110458366867
25.125	16.25	0.977764769137476	0.7996885974503	1.56685675279361e-08	60.1551511105969	0.982211815309981
25.275	16.25	0.983479107208864	0.799764852469215	1.54441526179722e-08	60.0370113920126	0.986783285767091
25.425	16.25	0.987742791059043	0.79982364131053	1.52391191004073e-08	59.9183927339087	0.990194232847234
25.575	16.25	0.990914817827869	0.799868387353504	1.50486737983237e-08	59.7994171649365	0.992731854262295
25.725	16.25	0.993270126759837	0.799902112371364	1.48692539454426e-08	59.6801762857057	0.99461610140787
25.875	16.25	0.995016874780592	0.799927348872474	1.46982649545975e-08	59.560738508782	0.996013499824474
26.025	16.25	0.996311339942935	0.799946141237748	1.45337747840685e-08	59.441154754199	0.997049071954348
26.175	16.25	0.99727017610931	0.799960093471235	1.43744500517936e-08	59.3214628414617	0.997816140887448
26.325	16.25	0.997980145931581	0.799970436882919	1.4219238664802e-08	59.2016908261995	0.998384116745265
26.475	16.25	0.998505654697064	0.79997810142971	1.40674378613846e-08	59.0818595080467	0.998804523757651
26.625	16.25	0.998894473350384	0.799983781563569	1.39185123188299e-08	58.961984302215	0.999115578680307
26.775	16.25	0.999182029802705	0.799987992296426	1.37720681567357e-08	58.8420766303912	0.999345623842164
26.925	16.25	0.999394600865886	0.79999111433563	1.36278364058995e-08	58.7221449524467	0.999515680692708
27.075	16.25	0.999551676927966	0.799993428979799	1.34856184769504e-08	58.6021955314332	0.999641341542373
27.225	16.25	0.999667711985209	0.799995144340642	1.334529122887e-08	58.4822330010756	0.999734169588167
27.375	16.25	0.999753419907002	0.799996414690281	1.32067128566134e-08	58.3622607870426	0.999802735925602
27.525	16.25	0.99981673620604	0.799997354606324	1.30698503848847e-08	58.2422814198341	0.999853388964832
27.675	16.25	0.999863532815621	0.799998049295156	1.29346203120602e-08	58.1222967671928	0.999890826252497
27.825	16.25	0.999898149899553	0.799998562152717	1.28010125274025e-08	58.0023082066811	0.999918519919643
27.975	16.25	0.999923791677711	0.79999894033654	1.26689887213613e-08	57.8823167537311	0.999939033342168
28.125	16.25	0.999942820940571	0.799999218897274	1.25385513295079e-08	57.7623231565586	0.999954256752457
28.275	16.25	0.999956977996695	0.799999423858713	1.24096392694418e-08	57.6423279664306	0.999965582397356
28.425	16.25	0.999967543255666	0.799999574519158	1.22823405328746e-08	57.5223315896197	0.999974034604533
28.575	16.25	0.999975457805908	0.799999685172019	1.21565302368888e-08	57.4023343257665	0.999980366244726
28.725	16.25	0.999981412728869	0.799999766391575	1.20323047659854e-08	57.2823363961675	0.999985130183095
28.875	16.25	0.999985915176853	0.799999825991328	1.19095950456801e-08	57.162337964604	0.999988732141483
29.025	16.25	0.999989337201625	0.799999869737797	1.17884429625312e-08	57.0423391526556	0.9999914697613
29.175	16.25	0.999991951790827	0.799999901880399	1.16688174054213e-08	56.9223400509396	0.999993561432661
29.325	16.25	0.999993959424943	0.799999925545263	1.15507294894414e-08	56.8023407273474	0.999995167539954
29.475	16.25	0.999995507614432	0.799999943027379	1.14341768483074e-08	56.6823412330664	0.999996406091546
29.625	16.25	0.99999670524218	0.799999956007227	1.13191446586331e-08	56.5623416069771	0.999997364193744
29.775	16.25	0.999997633065887	0.799999965711612	1.12056556254565e-08	56.4423418788576	0.999998106452709
29.925	16.25	0.999998351385305	0.799999973033235	1.10936721779779e-08	56.322342071715	0.999998681108244
30.075	16.25	0.999998905620682	0.799999978618975	1.09832362569924e-08	56.2023422034817	0.999999124496546
30.225	16.25	0.999999330355731	0.799999982935837	1.08742845109095e-08	56.0823422882501	0.999999464284585
30.375	16.25	0.999999652255997	0.799999986319536	1.07668701595541e-08	55.9623423371726	0.999999721804798
30.525	16.25	0.999999892166622	0.799999989010468	1.06609370429708e-08	55.8423423591211	0.999999913733298
30.675	16.25	1.00000006661444	0.799999991180233	1.05564850622572e-08	55.7223423611735	1.00000005329155
30.825	16.25	1.00000018888045	0.799999992951242	1.04535712579355e-08	55.602342348977	1.00000015110436
30.975	16.25	1.0000002697643	0.799999994410897	1.03521057299914e-08	55.4823423270231	1.00000021581144
31.125	16.25	1.00000031813024	0.799999995621898	1.02521331980687e-08	55.362342298859	1.00000025450419
31.275	16.25	1.00000034129914	0.79999999663001	1.01536264770885e-08	55.2423422672555	1.00000027303931
31.425	16.25	1.00000034533336	0.799999997468888	1.00565735868433e-08	55.1223422343406	1.00000027626669
31.575	16.25	1.00000033524795	0.799999998164465	9.96100664091265e-09	55.0023422017108	1.00000026819836
31.725	16.25	1.00000031517155	0.799999998737081	9.86685112582132e-09	54.8823421705236	1.00000025213724
31.875	16.25	1.00000028847336	0.799999999203364	9.77413745512021e-09	54.7623421415767	1.00000023077869
32.025	16.25	1.00000025786737	0.799999999577597	9.682867982209e-09	54.6423421153757	1.0000002062939
32.175	16.25	1.00000022550096	0.799999999872314	9.59302079883931e-09	54.5223420921929	1.00000018040077
32.325	16.25	1.00000019303282	0.800000000098635	9.50456755790859e-09	54.4023420721178	1.00000015442626
32.475	16.25	1.00000016170284	0.80000000026685	9.41752757572981e-09	54.282342055101	1.00000012936227
32.625	16.25	1.00000013239566	0.800000000386289	9.33187969850592e-09	54.1623420409908	1.00000010591653
32.775	16.25	1.00000010569878	0.800000000465423	9.24760971456526e-09	54.0423420295651	1.00000008455903
32.925	16.25	1.0000000819555	0.800000000511907	9.16470453724183e-09	53.922342020557	1.0000000655644
33.075	16.25	1.00000006131281	0.800000000532812	9.08318069114157e-09	53.8023420136761	1.00000004905025
33.225	16.25	1.00000004376436	0.800000000534022	9.0030219608231e-09	53.6823420086251	1.00000003501149
33.375	16.25	1.00000002918825	0.800000000520958	8.92418812076638e-09	53.5623420051131	1.0000000233506
33.525	16.25	1.0000000173799	0.80000000049806	8.84668540416507e-09	53.4423420028647	1.00000001390392
33.675	16.25	1.00000000808003	0.800000000469119	8.77050574558715e-09	53.3223420016268	1.00000000646403
33.825	16.25	1.00000000099793	0.800000000437166	8.69565335015393e-09	53.2023420011726	1.00000000079834
33.975	16.25	0.999999995830315	0.800000000404588	8.62210667178878e-09	53.082342001304	0.999999996664252
34.125	16.25	0.999999992276169	0.800000000373201	8.54983506129745e-09	52.9623420018518	0.999999993820935
34.275	16.25	0.999999990047904	0.800000000344356	8.47887912160049e-09	52.842342002675	0.999999992038324
34.425	16.25	0.999999988879291	0.800000000318886	8.40918423199447e-09	52.7223420036593	0.999999991103433
34.575	16.25	0.999999988530653	0.800000000297163	8.3407401025833e-09	52.6023420047145	0.999999990824523
34.725	16.25	0.999999988791762	0.800000000279573	8.27356151301628e-09	52.4823420057722	0.99999999103341
34.875	16.25	0.99999998948282	0.800000000265949	8.20763587514309e-09	52.3623420067826	0.999999991586256
35.025	16.25	0.999999990454009	0.800000000256016	8.14294844470725e-09	52.2423420077117	0.999999992363207
35.175	16.25	0.999999991583952	0.800000000249506	8.07946353011373e-09	52.1223420085386	0.999999993267161
35.325	16.25	0.999999992777326	0.80000000024601	8.01721816979999e-09	52.0023420092528	0.999999994221861
35.475	16.25	0.999999993962077	0.800000000245009	7.9561780034031e-09	51.8823420098516	0.999999995169661
35.625	16.25	0.999999995086368	0.800000000246007	7.89632930894787e-09	51.7623420103385	0.999999996069095
35.775	16.25	0.999999996115374	0.800000000248559	7.83766656162532e-09	51.6423420107212	0.999999996892299
35.925	16.25	0.999999997028289	0.800000000252243	7.78018530072625e-09	51.5223420110098	0.999999997622631
36.075	16.25	0.999999997815461	0.800000000256669	7.72388617457063e-09	51.4023420112161	0.999999998252369
36.225	16.25	0.999999998475753	0.80000000026144	7.66873298683246e-09	51.2823420113522	0.999999998780602
36.375	16.25	0.999999999014291	0.800000000266265	7.61472945160281e-09	51.1623420114303	0.999999999211433
36.525	16.25	0.999999999440467	0.800000000270982	7.56186559024866e-09	51.0423420114616	0.999999999552374
36.675	16.25	0.999999999766337	0.800000000275336	7.51014939156131e-09	50.9223420114564	0.99999999981307
36.825	16.25	1.00000000000536	0.800000000279196	7.4595589889267e-09	50.8023420114238	1.00000000000429
36.975	16.25	1.00000000017138	0.800000000282468	7.41007640234215e-09	50.6823420113716	1.0000000001371
37.125	16.25	1.00000000027794	0.800000000285045	7.36171123730735e-09	50.5623420113062	1.00000000022235
37.275	16.25	1.00000000033772	0.800000000286915	7.31445091872634e-09	50.4423420112327	1.00000000027017
37.425	16.25	1.00000000036185	0.800000000287925	7.26826626410741e-09	50.3223420111553	1.00000000028948
37.575	16.25	1.00000000035916	0.800000000287994	7.22317062477087e-09	50.2023420110769	1.00000000028733
37.725	16.25	1.00000000033569	0.800000000287302	7.17916481642242e-09	50.0823420109999	1.00000000026855
37.875	16.25	1.00000000029554	0.800000000286441	7.13620686819176e-09	49.9623420109262	1.00000000023643
38.025	16.25	1.00000000024454	0.800000000286452	7.09432631826103e-09	49.8423420108572	1.00000000019563
38.175	16.25	1.00000000019659	0.800000000288039	7.05349864281086e-09	49.7223420107933	1.00000000015727
38.325	16.25	1.00000000017807	0.800000000289688	7.01371001824159e-09	49.602342010733	1.00000000014246
38.475	16.25	1.00000000021823	0.800000000285195	6.97496131454155e-09	49.4823420106722	1.00000000017458
38.625	16.25	1.00000000031041	0.800000000263993	6.93724108631033e-09	49.3623420106056	1.00000000024833
38.775	16.25	1.00000000034604	0.800000000219611	6.90055521234659e-09	49.2423420105334	1.00000000027683
38.925	16.25	1.00000000007389	0.800000000169978	6.86489283017315e-09	49.1223420104733	1.00000000005911
39.075	16.25	0.999999999212044	0.800000000181318	6.830229113061e-09	49.0023420104682	0.999999999369636
39.225	16.25	0.999999997861605	0.800000000362417	6.79658223034839e-09	48.8823420105701	0.999999998289284
39.375	16.25	0.999999997187181	0.800000000774775	6.76393984397525e-09	48.7623420107701	0.999999997749745
39.525	16.25	0.999999999800284	0.800000001224785	6.73228128901858e-09	48.6423420108778	0.999999999840227
39.675	16.25	1.00000000854992	0.800000001033856	6.70161385846393e-09	48.522342010441	1.00000000683994
39.825	16.25	1.00000002228113	0.799999999119428	6.67191925618678e-09	48.402342008926	1.00000001782491
39.975	16.25	1.00000002906867	0.799999994917877	6.64322076108763e-09	48.2823420064271	1.00000002325494
40.125	16.25	1.00000000269438	0.799999990413826	6.61548253688034e-09	48.1623420048695	1.0000000021555
40.275	16.25	0.99999991505162	0.799999992284222	6.58871710550303e-09	48.0423420087857	0.999999932041296
40.425	16.25	0.999999777875216	0.80000001091433	6.56290074033164e-09	47.9223420234943	0.999999822300173
40.575	16.25	0.999999707649961	0.800000051409359	6.53805600357045e-09	47.8023420481593	0.999999766119969
40.725	16.25	0.999999957517794	0.800000094580786	6.51414976900156e-09	47.6823420642027	0.999999966014235
40.875	16.25	1.00000079734944	0.800000077743314	6.4911896030869e-09	47.5623420279416	1.00000063787955
41.025	16.25	1.00000212196186	0.799999905182766	6.46917718075444e-09	47.4423418877886	1.00000169756949
41.175	16.25	1.00000285290256	0.799999531008763	6.44811060389169e-09	47.3223416489702	1.00000228232205
41.325	16.25	1.000000651631	0.79999912871307	6.42797562605039e-09	47.202341480729	1.0000005213048
41.475	16.25	0.999993003858012	0.799999256226293	6.40880651664387e-09	47.0823417852432	0.999994403086409
41.625	16.25	0.999980706637715	0.800000756789673	6.3905902084944e-09	46.9623430471191	0.999984565310172
41.775	16.25	0.999973138463869	0.800004041373284	6.37327255419921e-09	46.8423452625354	0.999978510771095
41.925	16.25	0.999990827520514	0.800007658247614	6.35674152758608e-09	46.7223469921481	0.999992662016411
42.075	16.25	1.00005637953622	0.800006936826768	6.34089289508454e-09	46.602344726194	1.00004510362897
42.225	16.25	1.00016528886167	0.799994824660279	6.32573114092902e-09	46.4823340861352	1.00013223108933
42.375	16.25	1.00024184955385	0.799967674690694	6.31164794097352e-09	46.3623145435398	1.00019347964308
42.525	16.25	1.00011633628611	0.799936550926644	6.29947649196776e-09	46.2422973504899	1.00009306902889
42.675	16.25	0.999594226905595	0.799937861083189	6.29019962381867e-09	46.1223112434664	0.999675381524476
42.825	16.25	0.998683926300848	0.800027372834595	6.28379969837416e-09	46.0023938945476	0.998947141040679
42.975	16.25	0.997944673217434	0.800237007176075	6.27745770462359e-09	45.8825557264122	0.998355738573947
43.125	16.25	0.998684258968309	0.800490005773397	6.26463524403117e-09	45.7627175320476	0.998947407174647
43.275	16.25	1.0024829617498	0.800522975407765	6.23744067367887e-09	45.6426615016912	1.00198636939984
43.425	16.25	1.00955927623831	0.799934825795698	6.19504062353694e-09	45.5220835991226	1.00764742099065
43.575	16.25	1.01623380738727	0.798479881789045	6.15580684148338e-09	45.4008458224391	1.01298704590982
43.725	16.25	1.01328677101433	0.796573391970875	6.16431550791387e-09	45.279428666121	1.01062941681146
43.875	16.25	0.988680897765637	0.795833250727122	6.28177219150783e-09	45.1593336716666	0.990944718212509
44.025	16.25	0.938367896637213	0.799351007374747	6.54390925908083e-09	45.0428406392052	0.95069431730977
44.175	16.25	0.884673133446073	0.810192428748778	6.85111302281358e-09	44.9313521335924	0.907738506756858
44.325	16.25	0.889127901575516	0.824441952899319	6.82298721399748e-09	44.8222077795678	0.911302321260413
44.475	16.25	1.03257195135238	0.82648982908025	6.05883865630796e-09	44.705957373966	1.0260575610819
44.625	16.25	1.34924434190944	0.808622132978605	4.85778920458969e-09	44.5677999380822	1.27939547352755
44.775	16.25	1.7640881181282	0.709537047495197	3.85593513462434e-09	44.3955931249478	1.61127049450256
44.925	16.25	2.11154506623296	0.834636814137511	3.28783413973232e-09	44.2248231052666	1.88923605298636
0.075	16.75	3.47473588213303e-16	0.399999996767094	-2.23717873646582e-07	65.3895331367699	0.2
0.225	16.75	1.09796501968176e-15	0.799999990306539	-2.23482432576719e-07	65.3655331369638	0.200000000000001
0.375	16.75	2.5481893639914e-15	0.799999983861935	-2.23011915497466e-07	65.3415331373515	0.200000000000002
0.525	16.75	4.61626599989585e-15	0.799999977443908	-2.22307754490373e-07	65.3175331379321	0.200000000000004
0.675	16.75	7.14881723754153e-15	0.799999971062442	-2.21371453430954e-07	65.2935331387048	0.200000000000006
0.825	16.75	9.93588467451706e-15	0.799999964728037	-2.20205508806442e-07	65.2695331396684	0.200000000000008
0.975	16.75	1.27379708458648e-14	0.799999958451121	-2.18812636445977e-07	65.2455331408211	0.20000000000001
1.125	16.75	1.52997079616284e-14	0.79999995224141	-2.17196196064225e-07	65.2215331421613	0.200000000000012
1.275	16.75	1.73403392791048e-14	0.799999946108459	-2.15360234664439e-07	65.1975331436867	0.200000000000014
1.425	16.75	1.85241250565657e-14	0.799999940061945	-2.1330907550612e-07	65.1735331453948	0.200000000000015
1.575	16.75	1.84215046628547e-14	0.79999993411119	-2.11047638299767e-07	65.1495331472829	0.200000000000015
1.725	16.75	1.64738676061798e-14	0.799999928264636	-2.0858133436567e-07	65.1255331493481	0.200000000000013
1.875	16.75	1.19727195814515e-14	0.799999922530885	-2.05915945435835e-07	65.101533151587	0.20000000000001
2.025	16.75	4.06046801094409e-15	0.799999916918202	-2.03057695307503e-07	65.0775331539963	0.200000000000003
2.175	16.75	-8.24292601679009e-15	0.799999911434502	-2.00013320759525e-07	65.053533156572	0.199999999999993
2.325	16.75	-2.59845188713745e-14	0.799999906086773	-1.96789707125271e-07	65.0295331593102	0.199999999999979
2.475	16.75	-5.01911062752308e-14	0.799999900881765	-1.93394058812592e-07	65.0055331622068	0.19999999999996
2.625	16.75	-8.17460407593112e-14	0.799999895826199	-1.8983412279022e-07	64.9815331652573	0.199999999999935
2.775	16.75	-1.21225267836847e-13	0.799999890926422	-1.86117773109045e-07	64.9575331684572	0.199999999999903
2.925	16.75	-1.686877241256e-13	0.799999886187507	-1.82253129133711e-07	64.9335331718017	0.199999999999865
3.075	16.75	-2.23416686371169e-13	0.799999881614075	-1.78248472764543e-07	64.909533175286	0.199999999999821
3.225	16.75	-2.83611713533115e-13	0.799999877211376	-1.74112153936513e-07	64.8855331789049	0.199999999999773
3.375	16.75	-3.46035734080114e-13	0.799999872983333	-1.69853126244533e-07	64.8615331826534	0.199999999999723
3.525	16.75	-4.05628586599944e-13	0.799999868933176	-1.65479950034024e-07	64.837533186526	0.199999999999676
3.675	16.75	-4.55107120548669e-13	0.799999865064423	-1.61001374019715e-07	64.8135331905174	0.199999999999636
3.825	16.75	-4.84582721261887e-13	0.799999861379467	-1.56426401191467e-07	64.7895331946222	0.199999999999612
3.975	16.75	-4.8123992108222e-13	0.79999985787997	-1.51763860049124e-07	64.7655331988348	0.199999999999615
4.125	16.75	-4.29134238444535e-13	0.799999854568191	-1.47022638892557e-07	64.7415332031495	0.199999999999657
4.275	16.75	-3.09183238244349e-13	0.799999851444719	-1.42211582725655e-07	64.7175332075608	0.199999999999753
4.425	16.75	-9.94410917861478e-14	0.799999848511125	-1.37339282476573e-07	64.6935332120629	0.19999999999992
4.575	16.75	2.24237373111385e-13	0.799999845766463	-1.32414617625328e-07	64.6695332166501	0.200000000000179
4.725	16.75	6.87023800029802e-13	0.799999843211529	-1.27445993753177e-07	64.6455332213168	0.20000000000055
4.875	16.75	1.31330625195607e-12	0.799999840845182	-1.22441875726725e-07	64.6215332260573	0.200000000001051
5.025	16.75	2.12411175249906e-12	0.799999838666215	-1.17410438011324e-07	64.5975332308659	0.200000000001699
5.175	16.75	3.13363945897176e-12	0.79999983667379	-1.12359803628788e-07	64.5735332357369	0.200000000002507
5.325	16.75	4.34480475988244e-12	0.799999834865732	-1.07297699798686e-07	64.5495332406648	0.200000000003476
5.475	16.75	5.74373463684691e-12	0.799999833240109	-1.02231950295891e-07	64.5255332456441	0.200000000004595
5.625	16.75	7.2932169068983e-12	0.799999831794321	-9.71697132977739e-08	64.5015332506693	0.200000000005835
5.775	16.75	8.92519438865837e-12	0.799999830525586	-9.2118182113729e-08	64.4775332557351	0.20000000000714
5.925	16.75	1.05325135901155e-11	0.7999998294306	-8.70843932475346e-08	64.4535332608361	0.200000000008426
6.075	16.75	1.19602888223622e-11	0.799999828506636	-8.20746191668777e-08	64.4295332659672	0.200000000009568
6.225	16.75	1.29974283968569e-11	0.79999982774965	-7.70955057403717e-08	64.4055332711234	0.200000000010398
6.375	16.75	1.33690888549318e-11	0.799999827155803	-7.21529634409341e-08	64.3815332762997	0.200000000010695
6.525	16.75	1.27310727828872e-11	0.799999826721486	-6.72525279085027e-08	64.3575332814915	0.200000000010185
6.675	16.75	1.06674582611407e-11	0.799999826441801	-6.23998724166148e-08	64.333533286694	0.200000000008534
6.825	16.75	6.69303200540968e-12	0.799999826312849	-5.7600169829837e-08	64.3095332919029	0.200000000005354
6.975	16.75	2.62376524141663e-13	0.799999826330101	-5.28579793559778e-08	64.285533297114	0.20000000000021
7.125	16.75	-9.21228860623356e-12	0.799999826489252	-4.81779662882318e-08	64.2615333023231	0.19999999999263
7.275	16.75	-2.23322198608252e-11	0.799999826784179	-4.35642436919056e-08	64.2375333075264	0.199999999982134
7.425	16.75	-3.96698290163308e-11	0.799999827212014	-3.90208741727116e-08	64.2135333127203	0.199999999968264
7.575	16.75	-6.17105815841873e-11	0.799999827766684	-3.45514109463796e-08	64.1895333179013	0.199999999950632
7.725	16.75	-8.87769959630323e-11	0.799999828443617	-3.01589667412594e-08	64.1655333230661	0.199999999928978
7.875	16.75	-1.2093309480998e-10	0.799999829237994	-2.58467948832054e-08	64.1415333282117	0.199999999903254
8.025	16.75	-1.57868428207543e-10	0.799999830144178	-2.16175207432695e-08	64.1175333333351	0.199999999873705
8.175	16.75	-1.98761911071065e-10	0.799999831158104	-1.74735741811013e-08	64.0935333384334	0.19999999984099
8.325	16.75	-2.42127247177471e-10	0.799999832274937	-1.34171900431103e-08	64.0695333435037	0.199999999806298
8.475	16.75	-2.8564369234732e-10	0.799999833489148	-9.45019454644959e-09	64.0455333485434	0.199999999771485
8.625	16.75	-3.25978367756914e-10	0.79999983479602	-5.57431210651944e-09	64.0215333535492	0.199999999739217
8.775	16.75	-3.5860927673766e-10	0.799999836191252	-1.79085239401168e-09	63.9975333585182	0.199999999713113
8.925	16.75	-3.77661581074621e-10	0.799999837669364	1.8989917307687e-09	63.9735333634466	0.199999999697871
9.075	16.75	-3.7577349318606e-10	0.799999839226309	5.49431190649101e-09	63.9495333683305	0.199999999699381
9.225	16.75	-3.44012230747255e-10	0.799999840856838	8.99423621950353e-09	63.9255333731652	0.19999999972479
9.375	16.75	-2.71864696504141e-10	0.799999842556509	1.23985924638815e-08	63.9015333779452	0.199999999782508
9.525	16.75	-1.47331664723511e-10	0.799999844320275	1.57067971749855e-08	63.877533382664	0.199999999882135
9.675	16.75	4.28420154693748e-11	0.799999846143579	1.89189177173035e-08	63.8535333873142	0.200000000034274
9.825	16.75	3.12765709994802e-10	0.799999848021712	2.2034972395549e-08	63.8295333918872	0.200000000250213
9.975	16.75	6.76792493577904e-10	0.799999849949366	2.50552307613616e-08	63.8055333963729	0.200000000541434
10.125	16.75	1.14866242952002e-09	0.799999851921692	2.79801769189292e-08	63.7815334007603	0.20000000091893
10.275	16.75	1.74036430775566e-09	0.799999853933349	3.08102679601027e-08	63.757533405037	0.200000001392291
10.425	16.75	2.46068540151654e-09	0.799999855979346	3.35462159598043e-08	63.7335334091901	0.200000001968548
10.575	16.75	3.31342708496944e-09	0.799999858053943	3.61890285759975e-08	63.7095334132058	0.200000002650742
10.725	16.75	4.29527640278551e-09	0.799999860151284	3.87395477526509e-08	63.6855334170707	0.200000003436221
10.875	16.75	5.39334041817738e-09	0.799999862266221	4.11988783648446e-08	63.6615334207721	0.200000004314672
11.025	16.75	6.58237180129488e-09	0.799999864392426	4.35681724638467e-08	63.6375334242992	0.200000005265897
11.175	16.75	7.82174091960336e-09	0.799999866524564	4.58488575672064e-08	63.6135334276447	0.200000006257393
11.325	16.75	9.05224170587956e-09	0.799999868656485	4.804218731626e-08	63.589533430806	0.200000007241793
11.475	16.75	1.01928555970839e-08	0.799999870782665	5.01496320984939e-08	63.5655334337873	0.200000008154284
11.625	16.75	1.11376393198217e-08	0.799999872898462	5.21728109763357e-08	63.541533436602	0.200000008910111
11.775	16.75	1.17529473406868e-08	0.799999874999049	5.41131953902133e-08	63.5175334392749	0.200000009402358
11.925	16.75	1.18752470797514e-08	0.799999877080885	5.59724853780929e-08	63.4935334418455	0.200000009500198
12.075	16.75	1.13098327535039e-08	0.799999879141575	5.7752355613982e-08	63.46953344437	0.200000009047866
12.225	16.75	9.83078978042483e-09	0.799999881179847	5.94546926549535e-08	63.4455334469255	0.200000007864632
12.375	16.75	7.18260346881953e-09	0.799999883196484	6.10811008398781e-08	63.4215334496117	0.200000005746083
12.525	16.75	3.08384029857554e-09	0.799999885194263	6.26334586926564e-08	63.3975334525546	0.200000002467072
12.675	16.75	-2.76664559783733e-09	0.799999887178848	6.41137429029807e-08	63.373533455908	0.199999997786684
12.825	16.75	-1.0680517288107e-08	0.799999889158161	6.55234855603441e-08	63.3495334598551	0.199999991455586
12.975	16.75	-2.09673132104753e-08	0.799999891143716	6.68648772520001e-08	63.3255334646092	0.199999983226149
13.125	16.75	-3.39179247278561e-08	0.79999989315052	6.81396043157816e-08	63.3015334704122	0.19999997286566
13.275	16.75	-4.97838031289767e-08	0.799999895197781	6.93497538132719e-08	63.2775334775324	0.199999960172957
13.425	16.75	-6.87515697868219e-08	0.799999897307515	7.0497135402585e-08	63.2535334862588	0.199999944998744
13.575	16.75	-9.09127839336571e-08	0.799999899506599	7.15835064692444e-08	63.2295334968942	0.199999927269773
13.725	16.75	-1.16228714726832e-07	0.799999901826861	7.26108002995745e-08	63.2055335097437	0.199999907017028
13.875	16.75	-1.44490058131188e-07	0.799999904302682	7.35810357450349e-08	63.1815335251005	0.199999884407953
14.025	16.75	-1.75271619361668e-07	0.799999906973527	7.4495975010292e-08	63.1575335432276	0.199999859782705
14.175	16.75	-2.07882025824787e-07	0.799999909882137	7.53574651169396e-08	63.1335335643343	0.199999833694379
14.325	16.75	-2.41308512187014e-07	0.799999913076465	7.61674457556804e-08	63.109533588548	0.19999980695319
14.475	16.75	-2.74156685161439e-07	0.79999991660807	7.69274587702401e-08	63.0855336158809	0.199999780674652
14.625	16.75	-3.04584872614589e-07	0.799999920533481	7.76395091587042e-08	63.0615336461896	0.199999756332102
14.775	16.75	-3.3023211201745e-07	0.799999924916755	7.83053593115053e-08	63.0375336791292	0.19999973581431
14.925	16.75	-3.48137934381303e-07	0.799999929830399	7.89266181817506e-08	63.0135337140992	0.199999721489653
15.075	16.75	-3.54650716181417e-07	0.799999935360506	7.95050515196422e-08	62.9895337501818	0.199999716279427
15.225	16.75	-3.45319325149534e-07	0.799999941613137	8.0042309546587e-08	62.9655337860705	0.19999972374454
15.375	16.75	-3.1475984172487e-07	0.799999948725004	8.05400702582039e-08	62.9415338199863	0.199999748192127
15.525	16.75	-2.56484987732427e-07	0.799999956875851	8.09999492624987e-08	62.9175338495809	0.19999979481201
15.675	16.75	-1.62678130272729e-07	0.799999966311865	8.14235071863507e-08	62.8935338718189	0.199999869857496
15.825	16.75	-2.38858124752874e-08	0.799999977373528	8.18121748714567e-08	62.8695338828363	0.19999998089135
15.975	16.75	1.71408024919163e-07	0.79999999053706	8.21676368919526e-08	62.8455338777626	0.20000013712642
16.125	16.75	4.37377589337643e-07	0.800000006470977	8.24912152555706e-08	62.8215338504938	0.200000349902071
16.275	16.75	7.91691760015955e-07	0.800000026116452	8.27843933089971e-08	62.7975337933978	0.200000633353408
16.425	16.75	1.25668942345842e-06	0.800000050791013	8.30486933505758e-08	62.773533696922	0.200001005351539
16.575	16.75	1.86102727387005e-06	0.800000082336411	8.32852641626542e-08	62.7495335490659	0.200001488821819
16.725	16.75	2.64198182514252e-06	0.800000123314668	8.34955139346954e-08	62.7255333346645	0.20000211358546
16.875	16.75	3.6486518145966e-06	0.800000177273594	8.36806601563503e-08	62.7015330344065	0.200002918921452
17.025	16.75	4.94639337952112e-06	0.800000249105273	8.38420030874518e-08	62.6775326234868	0.200003957114704
17.175	16.75	6.62293578442408e-06	0.800000345528951	8.39806866738876e-08	62.6535320697523	0.200005298348628
17.325	16.75	8.79678052623816e-06	0.800000475738797	8.40978160914945e-08	62.6295313311508	0.200007037424421
17.475	16.75	1.16286962061426e-05	0.80000065228272	8.41945581912645e-08	62.6055303522251	0.200009302956965
17.625	16.75	1.53374062444065e-05	0.800000892248117	8.42720082282776e-08	62.5815290593024	0.200012269924996
17.775	16.75	2.02209532994796e-05	0.800001218863481	8.43308791171251e-08	62.557527353905	0.20001617676264
17.925	16.75	2.66857457462189e-05	0.800001663655834	8.43721604066143e-08	62.5335251037416	0.200021348596597
18.075	16.75	3.52859848664186e-05	0.800002269330125	8.439685892554e-08	62.5095221304118	0.200028228787893
18.225	16.75	4.67770804752283e-05	0.800003093596456	8.44055268318268e-08	62.4855181926535	0.20003742166438
18.375	16.75	6.21878518127392e-05	0.800004214256638	8.43986764922484e-08	62.4615129635618	0.20004975028145
18.525	16.75	8.29178959763145e-05	0.800005736034137	8.43768328404519e-08	62.4375059996676	0.200066334316781
18.675	16.75	0.000110868703522367	0.800007799901367	8.43402362322689e-08	62.4134966990496	0.200088694962818
18.825	16.75	0.000148620261206668	0.800010596019258	8.42887332424497e-08	62.3894842446749	0.200118896208965
18.975	16.75	0.00019966946211875	0.800014381707102	8.42220536249742e-08	62.3654675278203	0.200159735569695
19.125	16.75	0.000268753052143834	0.800019505893506	8.41393548022232e-08	62.3414450445466	0.200215002441715
19.275	16.75	0.000362286167417927	0.80002644108046	8.40392346437561e-08	62.3174147556226	0.200289828933934
19.425	16.75	0.000488957316748649	0.800035823148289	8.39194569439652e-08	62.2933738968386	0.200391165853399
19.575	16.75	0.000660531203622528	0.800048499246861	8.37770056963704e-08	62.269318722225	0.200528424962898
19.725	16.75	0.000892922226169095	0.80006558631199	8.36072158223574e-08	62.2452441572042	0.200714337780935
19.875	16.75	0.00120761714658545	0.800088549161038	8.34037838169562e-08	62.2211433319236	0.200966093717268
20.025	16.75	0.00163355414499302	0.800119317562304	8.31580895703052e-08	62.1970069560984	0.201306843315994
20.175	16.75	0.00220962182421666	0.800160471098558	8.28583670603765e-08	62.1728224836953	0.201767697459373
20.325	16.75	0.00298804040570891	0.80021551740154	8.24891915566258e-08	62.1485729953429	0.202390432324567
20.475	16.75	0.00403902970564116	0.800289257082987	8.20297714749439e-08	62.1242356943393	0.203231223764513
20.625	16.75	0.00545732378752798	0.80038815535566	8.14529983751171e-08	62.0997798658181	0.204365859030022
20.775	16.75	0.0073711841250694	0.800520532160092	8.07237280881229e-08	62.0751640904613	0.205896947300056
20.925	16.75	0.00995447762781868	0.800696276417443	7.97964605106389e-08	62.0503324456713	0.207963582102255
21.075	16.75	0.0134420122370468	0.800925749508144	7.86144869527763e-08	62.0252093907154	0.210753609789637
21.225	16.75	0.0181476178765751	0.801217631264382	7.71101045813026e-08	61.9996930478066	0.21451809430126
21.375	16.75	0.0244834938575729	0.801575698151987	7.52071282005505e-08	61.9736466869016	0.219586795086058
21.525	16.75	0.0329782633361777	0.801994862230174	7.28298365351726e-08	61.9468884162338	0.226382610668942
21.675	16.75	0.0442900726368314	0.80245716525703	6.99155695283959e-08	61.9191793797052	0.235432058109465
21.825	16.75	0.0592098323676807	0.802928777969171	6.64332659626131e-08	61.8902111736454	0.247367865894145
21.975	16.75	0.0786480171174974	0.803359391930457	6.24025889146143e-08	61.8595937462238	0.262918413693998
22.125	16.75	0.103596191144027	0.803685575675692	5.79062568961313e-08	61.8268457805597	0.282876952915222
22.275	16.75	0.135052303466444	0.803839321409443	5.30904826430153e-08	61.7913905081991	0.308041842773155
22.425	16.75	0.173898994291287	0.803761738055666	4.81478065686938e-08	61.7525609368016	0.33911919543303
22.575	16.75	0.220730585652683	0.803419690135138	4.32868333187802e-08	61.7096191980203	0.376584468522146
22.725	16.75	0.275641527491826	0.802820787416949	3.86985757003914e-08	61.6617943236986	0.420513221993461
22.875	16.75	0.338017856969119	0.802020575917717	3.45293585474839e-08	61.6083401712203	0.470414285575296
23.025	16.75	0.406404723958945	0.801116449087649	3.0867453162196e-08	61.5486097428275	0.525123779167156
23.175	16.75	0.478534572734079	0.800226927449221	2.77436654623509e-08	61.4821345820309	0.582827658187263
23.325	16.75	0.551566087082007	0.799461970210739	2.51428499066234e-08	61.4086914269844	0.641252869665605
23.475	16.75	0.622501308151089	0.798895929129461	2.30184865448102e-08	61.3283373972551	0.698001046520871
23.625	16.75	0.688659257984981	0.798554409512888	2.13077547836033e-08	61.2414023686063	0.750927406387985
23.775	16.75	0.748051810212506	0.79841874332051	1.99429903285386e-08	61.1484404797765	0.798441448170005
23.925	16.75	0.799557781097859	0.798442568593182	1.88594259343347e-08	61.0501551833075	0.839646224878287
24.075	16.75	0.842886470296241	0.798570849531856	1.79994895685163e-08	60.9473176932261	0.874309176236993
24.225	16.75	0.878398155916774	0.798753961317876	1.73143800231893e-08	60.8406958368211	0.902718524733419
24.375	16.75	0.90687210030283	0.79895449226139	1.6764270153529e-08	60.7310026939503	0.925497680242264
24.525	16.75	0.929292198027756	0.79914819582329	1.63173792108686e-08	60.618866678059	0.943433758422205
24.675	16.75	0.946685093958811	0.79932177231662	1.59487754958912e-08	60.5048196781738	0.957348075167049
24.825	16.75	0.960016774535151	0.799469691898939	1.56392082409077e-08	60.3892979300091	0.968013419628121
24.975	16.75	0.970138072987815	0.799591292721538	1.53739264368968e-08	60.2726504610705	0.976110458390252
25.125	16.75	0.977764769159301	0.799688596954478	1.51418071517112e-08	60.1551511030301	0.982211815327441
25.275	16.75	0.983479107225067	0.799764851976254	1.49343809482366e-08	60.0370113845171	0.986783285780054
25.425	16.75	0.987742791071031	0.799823640820657	1.47454312434312e-08	59.9183927264847	0.990194232856825
25.575	16.75	0.990914817836704	0.799868386866928	1.45703032406413e-08	59.7994171575842	0.992731854269364
25.725	16.75	0.993270126766345	0.799902111888159	1.44055478081833e-08	59.680176278425	0.994616101413076
25.875	16.75	0.995016874785375	0.79992734839275	1.42486755356684e-08	59.5607385015727	0.9960134998283
26.025	16.75	0.99631133994645	0.799946140761726	1.40978631762531e-08	59.4411547470606	0.99704907195716
26.175	16.75	0.997270176111892	0.799960092998955	1.39517339824107e-08	59.321462834394	0.997816140889513
26.325	16.75	0.997980145933486	0.799970436414518	1.3809338522791e-08	59.2016908192021	0.998384116746789
26.475	16.75	0.998505654698459	0.799978100965244	1.36699961104392e-08	59.081859501119	0.998804523758767
26.625	16.75	0.998894473351412	0.799983781103153	1.35331498127475e-08	58.9619842953565	0.999115578681129
26.775	16.75	0.999182029803462	0.799987991840159	1.33984931103779e-08	58.8420766236013	0.99934562384277
26.925	16.75	0.99939460086644	0.799991113883562	1.3265736205807e-08	58.7221449457248	0.999515680693152
27.075	16.75	0.999551676928372	0.799993428532032	1.31347066817888e-08	58.6021955247788	0.999641341542697
27.225	16.75	0.999667711985501	0.799995143897218	1.30052395256615e-08	58.4822329944879	0.999734169588401
27.375	16.75	0.999753419907219	0.799996414251268	1.28772726772699e-08	58.3622607805211	0.999802735925775
27.525	16.75	0.999816736206197	0.799997354171769	1.27507306170088e-08	58.2422814133781	0.999853388964957
27.675	16.75	0.999863532815724	0.799998048865086	1.26255867611943e-08	58.1222967608016	0.999890826252579
27.825	16.75	0.99989814989963	0.799998561727257	1.25017917992217e-08	58.002308200354	0.999918519919704
27.975	16.75	0.999923791677773	0.799998939915631	1.23793316692173e-08	57.8823167474675	0.999939033342218
28.125	16.75	0.999942820940632	0.799999218480949	1.22581810196886e-08	57.7623231503578	0.999954256752506
28.275	16.75	0.999956977996727	0.799999423447085	1.21383891751342e-08	57.6423279602919	0.999965582397382
28.425	16.75	0.999967543255694	0.799999574112182	1.20198738728845e-08	57.5223315835424	0.999974034604555
28.575	16.75	0.99997545780593	0.799999684769738	1.19027237368629e-08	57.4023343197498	0.999980366244744
28.725	16.75	0.999981412728872	0.799999765993986	1.17868760066917e-08	57.2823363902108	0.999985130183098
28.875	16.75	0.999985915176854	0.799999825598503	1.16723479615778e-08	57.1623379587066	0.999988732141484
29.025	16.75	0.999989337201633	0.799999869349751	1.15591624502559e-08	57.0423391468167	0.999991469761307
29.175	16.75	0.999991951790839	0.799999901497038	1.14472914865953e-08	56.9223400451587	0.999993561432671
29.325	16.75	0.999993959424964	0.799999925166663	1.1336762490333e-08	56.8023407216236	0.999995167539971
29.475	16.75	0.999995507614446	0.799999942653577	1.12275720802988e-08	56.682341227399	0.999996406091557
29.625	16.75	0.999996705242191	0.7999999556382	1.11197283111923e-08	56.5623416013655	0.999997364193752
29.775	16.75	0.999997633065883	0.799999965347336	1.10132044723651e-08	56.442341873301	0.999998106452707
29.925	16.75	0.99999835138531	0.799999972673698	1.09080409954946e-08	56.3223420662126	0.999998681108248
30.075	16.75	0.999998905620681	0.799999978264196	1.08041994885151e-08	56.2023421980329	0.999999124496544
30.225	16.75	0.999999330355739	0.799999982585792	1.07016870466586e-08	56.0823422828541	0.999999464284591
30.375	16.75	0.999999652256005	0.799999985974254	1.06005445765928e-08	55.9623423318288	0.999999721804804
30.525	16.75	0.999999892166619	0.799999988669864	1.05007241104696e-08	55.8423423538287	0.999999913733295
30.675	16.75	1.00000006661445	0.799999990844332	1.04022442032451e-08	55.7223423559319	1.00000005329156
30.825	16.75	1.00000018888045	0.799999992620079	1.030507645715e-08	55.6023423437854	1.00000015110436
30.975	16.75	1.00000026976431	0.799999994084392	1.0209272775448e-08	55.4823423218808	1.00000021581144
31.125	16.75	1.00000031813024	0.799999995300076	1.01147681714555e-08	55.3623422937654	1.00000025450419
31.275	16.75	1.00000034129914	0.799999996312766	1.00215965304803e-08	55.2423422622097	1.00000027303931
31.425	16.75	1.00000034533336	0.799999997156326	9.92974237992608e-09	55.1223422293421	1.00000027626669
31.575	16.75	1.00000033524796	0.799999997856503	9.83920849570073e-09	55.0023421967588	1.00000026819837
31.725	16.75	1.00000031517156	0.799999998433675	9.74999189365509e-09	54.8823421656175	1.00000025213725
31.875	16.75	1.00000028847338	0.799999998904495	9.66207217884576e-09	54.7623421367158	1.0000002307787
32.025	16.75	1.00000025786737	0.799999999283338	9.57545018422487e-09	54.6423421105593	1.0000002062939
32.175	16.75	1.00000022550096	0.799999999582462	9.49011051920244e-09	54.5223420874203	1.00000018040077
32.325	16.75	1.00000019303282	0.799999999813348	9.40607350452161e-09	54.4023420673883	1.00000015442626
32.475	16.75	1.00000016170284	0.799999999986021	9.32330773979923e-09	54.282342050414	1.00000012936227
32.625	16.75	1.00000013239566	0.800000000109878	9.24184431511365e-09	54.1623420363456	1.00000010591652
32.775	16.75	1.00000010569878	0.800000000193373	9.16161243544012e-09	54.042342024961	1.00000008455902
32.925	16.75	1.00000008195549	0.800000000244308	9.08266960579689e-09	53.9223420159934	1.00000006556439
33.075	16.75	1.00000006131281	0.80000000026953	9.00498244480678e-09	53.8023420091523	1.00000004905025
33.225	16.75	1.00000004376436	0.800000000275086	8.92853016207385e-09	53.6823420041405	1.00000003501149
33.375	16.75	1.00000002918825	0.800000000266258	8.85331799227622e-09	53.562342000667	1.0000000233506
33.525	16.75	1.00000001737989	0.800000000247685	8.77935912297675e-09	53.4423419984564	1.00000001390391
33.675	16.75	1.00000000808003	0.800000000222965	8.70661526894889e-09	53.3223419972557	1.00000000646402
33.825	16.75	1.00000000099792	0.800000000195185	8.63508305352913e-09	53.2023419968382	1.00000000079834
33.975	16.75	0.999999995830311	0.800000000166806	8.56477052930006e-09	53.0823419970056	0.999999996664249
34.125	16.75	0.999999992276172	0.80000000013963	8.49566877179898e-09	52.9623419975887	0.999999993820938
34.275	16.75	0.999999990047907	0.800000000114836	8.42775491387156e-09	52.8423419984466	0.999999992038325
34.425	16.75	0.999999988879286	0.800000000093447	8.36102577083161e-09	52.722341999465	0.999999991103429
34.575	16.75	0.999999988530649	0.800000000075877	8.29548972716663e-09	52.6023420005538	0.999999990824519
34.725	16.75	0.999999988791751	0.800000000062259	8.23113362529213e-09	52.4823420016444	0.999999991033401
34.875	16.75	0.99999998948281	0.800000000052633	8.16791741467982e-09	52.3623420026871	0.999999991586248
35.025	16.75	0.999999990454	0.800000000046664	8.10587814574784e-09	52.2423420036479	0.9999999923632
35.175	16.75	0.999999991583947	0.800000000044161	8.04500348722115e-09	52.1223420045059	0.999999993267158
35.325	16.75	0.999999992777322	0.800000000044553	7.98524888459266e-09	52.0023420052505	0.999999994221858
35.475	16.75	0.999999993962081	0.800000000047424	7.92663393840663e-09	51.8823420058793	0.999999995169665
35.625	16.75	0.999999995086363	0.800000000052294	7.86914380679752e-09	51.7623420063956	0.99999999606909
35.775	16.75	0.999999996115361	0.800000000058683	7.81277871109093e-09	51.642342006807	0.999999996892289
35.925	16.75	0.999999997028286	0.800000000066196	7.75752158605171e-09	51.5223420071238	0.999999997622629
36.075	16.75	0.999999997815458	0.800000000074377	7.70336829019436e-09	51.4023420073577	0.999999998252366
36.225	16.75	0.99999999847575	0.80000000008288	7.6503184953151e-09	51.2823420075209	0.9999999987806
36.375	16.75	0.999999999014288	0.800000000091472	7.59836341927997e-09	51.1623420076255	0.999999999211431
36.525	16.75	0.999999999440468	0.800000000099862	7.54749346004836e-09	51.0423420076827	0.999999999552374
36.675	16.75	0.999999999766342	0.800000000107895	7.49768709294125e-09	50.922342007703	0.999999999813074
36.825	16.75	1.00000000000535	0.800000000115379	7.44894874504612e-09	50.8023420076952	1.00000000000428
36.975	16.75	1.00000000017137	0.80000000012225	7.40127858267613e-09	50.6823420076673	1.00000000013709
37.125	16.75	1.00000000027793	0.800000000128488	7.35466038779781e-09	50.5623420076256	1.00000000022235
37.275	16.75	1.00000000033773	0.800000000133902	7.30908752167592e-09	50.4423420075754	1.00000000027018
37.425	16.75	1.00000000036185	0.800000000138428	7.26455632255528e-09	50.3223420075206	1.00000000028948
37.575	16.75	1.00000000035915	0.800000000142011	7.2210554711062e-09	50.2023420074644	1.00000000028732
37.725	16.75	1.00000000033568	0.800000000144846	7.17858841254123e-09	50.082342007409	1.00000000026854
37.875	16.75	1.00000000029554	0.800000000147491	7.13713194001341e-09	49.9623420073565	1.00000000023643
38.025	16.75	1.00000000024455	0.80000000015087	7.09670089320564e-09	49.842342007308	1.00000000019564
38.175	16.75	1.00000000019659	0.800000000155931	7.05727094314198e-09	49.7223420072642	1.00000000015727
38.325	16.75	1.00000000017808	0.800000000160958	7.01884142635379e-09	49.6023420072235	1.00000000014246
38.475	16.75	1.00000000021823	0.800000000159848	6.98141609538792e-09	49.4823420071817	1.00000000017459
38.625	16.75	1.00000000031041	0.800000000142035	6.944983653796e-09	49.3623420071337	1.00000000024833
38.775	16.75	1.00000000034604	0.800000000100997	6.90952548316359e-09	49.2423420070795	1.00000000027683
38.925	16.75	1.00000000007388	0.800000000054694	6.87504021725278e-09	49.1223420070369	1.0000000000591
39.075	16.75	0.99999999921204	0.800000000069281	6.84153997840106e-09	49.0023420070489	0.999999999369632
39.225	16.75	0.999999997861605	0.80000000025369	6.80899156611516e-09	48.8823420071674	0.999999998289284
39.375	16.75	0.999999997187175	0.800000000669299	6.77742379246781e-09	48.7623420073834	0.99999999774974
39.525	16.75	0.999999999800289	0.800000001122551	6.74680307519334e-09	48.6423420075067	0.999999999840232
39.675	16.75	1.00000000854992	0.800000000934859	6.717131878021e-09	48.522342007085	1.00000000683994
39.825	16.75	1.00000002228113	0.799999999023656	6.68840761994566e-09	48.4023420055846	1.0000000178249
39.975	16.75	1.00000002906867	0.79999999482526	6.66063121525772e-09	48.2823420030999	1.00000002325493
40.125	16.75	1.00000000269437	0.799999990324399	6.63379012468949e-09	48.1623420015558	1.0000000021555
40.275	16.75	0.999999915051614	0.799999992197923	6.60787231714726e-09	48.0423420054852	0.999999932041291
40.425	16.75	0.999999777875219	0.80000001083123	6.58289447645522e-09	47.9223420202065	0.999999822300175
40.575	16.75	0.999999707649964	0.800000051329396	6.5588234755857e-09	47.8023420448838	0.999999766119971
40.725	16.75	0.999999957517793	0.800000094503866	6.53570038884686e-09	47.6823420609389	0.999999966014235
40.875	16.75	1.00000079734944	0.800000077669506	6.51346708213088e-09	47.5623420246892	1.00000063787955
41.025	16.75	1.00000212196186	0.799999905112065	6.49215268157889e-09	47.442341884547	1.00000169756949
41.175	16.75	1.00000285290256	0.799999530941135	6.4717337269722e-09	47.322341645739	1.00000228232205
41.325	16.75	1.00000065163099	0.799999128648535	6.4522584749887e-09	47.2023414775077	1.00000052130479
41.475	16.75	0.999993003858006	0.799999256164788	6.43369187196677e-09	47.0823417820314	0.999994403086405
41.625	16.75	0.999980706637717	0.800000756731189	6.41606466249592e-09	46.9623430439162	0.999984565310174
41.775	16.75	0.999973138463879	0.800004041317803	6.39930263453078e-09	46.8423452593411	0.999978510771103
41.925	16.75	0.999990827520533	0.80000765819516	6.38329495408304e-09	46.7223469889618	0.999992662016426
42.075	16.75	1.00005637953624	0.800006936777337	6.36794101658675e-09	46.6023447230154	1.00004510362899
42.225	16.75	1.00016528886166	0.79999482461386	6.35325075109535e-09	46.4823340829638	1.00013223108933
42.375	16.75	1.00024184955379	0.799967674647262	6.33960334728654e-09	46.3623145403751	1.00019347964303
42.525	16.75	1.00011633628601	0.799936550886171	6.32785256849767e-09	46.2422973473316	1.00009306902881
42.675	16.75	0.99959422690551	0.799937861045741	6.31899162702809e-09	46.1223112403139	0.999675381524408
42.825	16.75	0.998683926300875	0.800027372800079	6.31297704488063e-09	46.0023938914006	0.9989471410407
42.975	16.75	0.997944673217668	0.800237007144509	6.30701615034631e-09	45.88255572327	0.998355738574135
43.125	16.75	0.998684258968719	0.800490005744733	6.29447944035066e-09	45.7627175289099	0.998947407174975
43.275	16.75	1.00248296175011	0.800522975382035	6.26747023315683e-09	45.6426614985576	1.00198636940009
43.425	16.75	1.00955927623811	0.799934825772933	6.22517912540215e-09	45.5220835959926	1.00764742099049
43.575	16.75	1.01623380738628	0.798479881769302	6.1860080529136e-09	45.4008458193124	1.01298704590902
43.725	16.75	1.01328677101293	0.796573391954187	6.19478644427626e-09	45.2794286629972	1.01062941681035
43.875	16.75	0.988680897765036	0.795833250713426	6.31307808285336e-09	45.1593336685452	0.990944718212029
44.025	16.75	0.938367896638749	0.79935100736371	6.57670491733412e-09	45.0428406360856	0.950694317310999
44.175	16.75	0.884673133449518	0.810192428740179	6.88563333702965e-09	44.9313521304739	0.907738506759614
44.325	16.75	0.889127901577593	0.824441952893721	6.85749378192367e-09	44.8222077764498	0.911302321262075
44.475	16.75	1.03257195134798	0.826489829078671	6.08954602023764e-09	44.7059573708485	1.02605756107839
44.625	16.75	1.34924434189632	0.808622132980395	4.88244921506708e-09	44.5677999349657	1.27939547351706
44.775	16.75	1.76408811810972	0.709537047498106	3.87555351017512e-09	44.3955931218323	1.61127049448778
44.925	16.75	2.11154506621359	0.834636814142369	3.30457772170693e-09	44.2248231021518	1.88923605297087
0.075	17.25	3.47473592056901e-16	0.399999997130267	-2.03375596176601e-07	65.389533158064	0.2
0.225	17.25	1.09796500606104e-15	0.799999991395024	-2.03172533643862e-07	65.3655331582362	0.200000000000001
0.375	17.25	2.54818937296796e-15	0.799999985672943	-2.02766799742643e-07	65.3415331585803	0.200000000000002
0.525	17.25	4.61626595396428e-15	0.799999979973361	-2.02159434349551e-07	65.3175331590958	0.200000000000004
0.675	17.25	7.14881724215933e-15	0.799999974304489	-2.0135181480463e-07	65.2935331597819	0.200000000000006
0.825	17.25	9.93588458690795e-15	0.799999968674669	-2.00345818850142e-07	65.2695331606376	0.200000000000008
0.975	17.25	1.27379708478831e-14	0.799999963093406	-1.99143702550994e-07	65.2455331616614	0.20000000000001
1.125	17.25	1.52997078394302e-14	0.799999957567721	-1.9774825661397e-07	65.221533162852	0.200000000000012
1.275	17.25	1.73403393038863e-14	0.799999952107021	-1.96162785339932e-07	65.1975331642074	0.200000000000014
1.425	17.25	1.85241249399174e-14	0.799999946718907	-1.94390562122341e-07	65.1735331657255	0.200000000000015
1.575	17.25	1.84215047823991e-14	0.799999941410699	-1.92435939877495e-07	65.1495331674042	0.200000000000015
1.725	17.25	1.64738675989361e-14	0.799999936190234	-1.90303015645947e-07	65.1255331692409	0.200000000000013
1.875	17.25	1.1972719950123e-14	0.799999931064707	-1.87996770841501e-07	65.1015331712328	0.20000000000001
2.025	17.25	4.06046831694164e-15	0.799999926040677	-1.85522147231882e-07	65.077533173377	0.200000000000003
2.175	17.25	-8.24292513352423e-15	0.799999921125412	-1.82884564095721e-07	65.0535331756704	0.199999999999993
2.325	17.25	-2.59845179358739e-14	0.799999916324425	-1.80089825196508e-07	65.0295331781095	0.199999999999979
2.475	17.25	-5.01911045158356e-14	0.799999911644155	-1.77143823349415e-07	65.0055331806909	0.19999999999996
2.625	17.25	-8.17460388194487e-14	0.799999907090324	-1.74052768403767e-07	64.9815331834108	0.199999999999935
2.775	17.25	-1.21225264849493e-13	0.799999902667505	-1.70823327699541e-07	64.9575331862655	0.199999999999903
2.925	17.25	-1.68687720918659e-13	0.799999898380815	-1.67462090112874e-07	64.9335331892508	0.199999999999865
3.075	17.25	-2.23416682062763e-13	0.799999894235194	-1.63975835280984e-07	64.9095331923627	0.199999999999821
3.225	17.25	-2.83611709247089e-13	0.799999890234049	-1.60371704961236e-07	64.8855331955968	0.199999999999773
3.375	17.25	-3.46035729051712e-13	0.799999886380896	-1.5665678172905e-07	64.8615331989487	0.199999999999723
3.525	17.25	-4.05628582406347e-13	0.799999882679779	-1.52838235387771e-07	64.837533202414	0.199999999999676
3.675	17.25	-4.55107116715663e-13	0.799999879132881	-1.48923541233044e-07	64.813533205988	0.199999999999636
3.825	17.25	-4.84582719999631e-13	0.799999875742695	-1.44920125630591e-07	64.7895332096661	0.199999999999612
3.975	17.25	-4.81239922379259e-13	0.799999872511627	-1.40835309797983e-07	64.7655332134435	0.199999999999615
4.125	17.25	-4.29134245282274e-13	0.799999869440782	-1.36676502668858e-07	64.7415332173155	0.199999999999657
4.275	17.25	-3.09183251155315e-13	0.799999866532173	-1.32451097299547e-07	64.7175332212771	0.199999999999753
4.425	17.25	-9.94411145037605e-14	0.799999863786504	-1.28166502923991e-07	64.6935332253236	0.19999999999992
4.575	17.25	2.24237339665232e-13	0.799999861203755	-1.23830049506436e-07	64.66953322945	0.200000000000179
4.725	17.25	6.87023751715864e-13	0.799999858784297	-1.19449041868989e-07	64.6455332336513	0.20000000000055
4.875	17.25	1.31330618804415e-12	0.799999856528186	-1.15030489101828e-07	64.6215332379228	0.200000000001051
5.025	17.25	2.12411166931778e-12	0.799999854435031	-1.10581445361181e-07	64.5975332422594	0.200000000001699
5.175	17.25	3.13363935718791e-12	0.799999852503459	-1.06108732632996e-07	64.5735332466563	0.200000000002507
5.325	17.25	4.34480463786993e-12	0.799999850732559	-1.01619178265992e-07	64.5495332511086	0.200000000003476
5.475	17.25	5.74373449862702e-12	0.799999849120755	-9.71192983864961e-08	64.5255332556115	0.200000000004595
5.625	17.25	7.29321675522527e-12	0.79999984766656	-9.26154537299285e-08	64.5015332601602	0.200000000005835
5.775	17.25	8.92519423355246e-12	0.799999846367482	-8.811384040464e-08	64.4775332647501	0.20000000000714
5.925	17.25	1.05325134415983e-11	0.799999845221673	-8.36205469259411e-08	64.4535332693765	0.200000000008426
6.075	17.25	1.19602886993863e-11	0.799999844226418	-7.91412425356848e-08	64.4295332740348	0.200000000009568
6.225	17.25	1.29974283195403e-11	0.799999843378485	-7.46815767268544e-08	64.4055332787206	0.200000000010398
6.375	17.25	1.33690888534856e-11	0.799999842675818	-7.02467443236293e-08	64.3815332834296	0.200000000010695
6.525	17.25	1.27310728891465e-11	0.799999842114849	-6.58420306135319e-08	64.3575332881575	0.200000000010185
6.675	17.25	1.06674585168353e-11	0.799999841691981	-6.14721590940291e-08	64.3335332929002	0.200000000008534
6.825	17.25	6.69303245280029e-12	0.799999841404042	-5.71417196905167e-08	64.3095332976539	0.200000000005354
6.975	17.25	2.62377212683e-13	0.799999841247498	-5.28551542193354e-08	64.2855333024147	0.20000000000021
7.125	17.25	-9.21228763017528e-12	0.799999841218592	-4.86164872447939e-08	64.261533307179	0.19999999999263
7.275	17.25	-2.23322185501429e-11	0.799999841313409	-4.44298717800929e-08	64.2375333119434	0.199999999982134
7.425	17.25	-3.96698273340149e-11	0.799999841528077	-4.02986187825749e-08	64.2135333167045	0.199999999968264
7.575	17.25	-6.17105795037359e-11	0.79999984185893	-3.62261748498334e-08	64.1895333214593	0.199999999950632
7.725	17.25	-8.87769934787996e-11	0.799999842301236	-3.22156616810489e-08	64.1655333262048	0.199999999928978
7.875	17.25	-1.2093309194319e-10	0.799999842851405	-2.82700983067722e-08	64.1415333309383	0.199999999903254
8.025	17.25	-1.57868425014118e-10	0.799999843505675	-2.43921237966585e-08	64.1175333356569	0.199999999873705
8.175	17.25	-1.98761907654312e-10	0.79999984425964	-2.05839781386389e-08	64.0935333403582	0.19999999984099
8.325	17.25	-2.42127243690164e-10	0.799999845108844	-1.68478530417931e-08	64.0695333450395	0.199999999806298
8.475	17.25	-2.85643689011349e-10	0.799999846050005	-1.31859830051244e-08	64.0455333496982	0.199999999771485
8.625	17.25	-3.25978364855158e-10	0.799999847078856	-9.59980404947523e-09	64.0215333543314	0.199999999739217
8.775	17.25	-3.58609274639903e-10	0.79999984819055	-6.09098747037129e-09	63.997533358936	0.199999999713113
8.925	17.25	-3.77661580213763e-10	0.799999849382186	-2.66079856615835e-09	63.9735333635088	0.199999999697871
9.075	17.25	-3.75773494088226e-10	0.799999850649099	6.8956000063624e-10	63.9495333680456	0.199999999699381
9.225	17.25	-3.44012233986551e-10	0.799999851986978	3.95937667134461e-09	63.925533372542	0.19999999972479
9.375	17.25	-2.71864702733716e-10	0.799999853392587	7.14768497585414e-09	63.9015333769924	0.199999999782508
9.525	17.25	-1.47331674603968e-10	0.799999854860892	1.02540123439459e-08	63.8775333813906	0.199999999882135
9.675	17.25	4.28420012420109e-11	0.799999856388291	1.32780077993358e-08	63.8535333857291	0.200000000034274
9.825	17.25	3.12765690789696e-10	0.799999857970042	1.62193935379846e-08	63.8295333899991	0.200000000250213
9.975	17.25	6.76792468808237e-10	0.799999859602177	1.90781918420331e-08	63.8055333941908	0.200000000541434
10.125	17.25	1.14866239877165e-09	0.799999861279858	2.18543537244572e-08	63.781533398293	0.20000000091893
10.275	17.25	1.7403642707741e-09	0.799999862998502	2.45481998130844e-08	63.7575334022935	0.200000001392291
10.425	17.25	2.46068535835785e-09	0.799999864753333	2.71600029005e-08	63.733533406179	0.200000001968548
10.575	17.25	3.31342703599207e-09	0.799999866538793	2.96902825046372e-08	63.7095334099358	0.200000002650742
10.725	17.25	4.29527634881248e-09	0.799999868350261	3.21396971476092e-08	63.6855334135505	0.200000003436221
10.875	17.25	5.39334036048351e-09	0.799999870181948	3.45087860988842e-08	63.6615334170101	0.200000004314672
11.025	17.25	6.58237174176579e-09	0.799999872028463	3.67985152104354e-08	63.637533420304	0.200000005265897
11.175	17.25	7.82174086069876e-09	0.799999873884473	3.90096873109359e-08	63.6135334234246	0.200000006257393
11.325	17.25	9.05224165077137e-09	0.799999875744357	4.11432050459087e-08	63.5895334263692	0.200000007241793
11.475	17.25	1.01928555495677e-08	0.799999877603075	4.32003341953743e-08	63.5655334291419	0.200000008154284
11.625	17.25	1.11376392844208e-08	0.799999879455554	4.5182005436081e-08	63.541533431756	0.200000008910111
11.775	17.25	1.17529473224793e-08	0.799999881297589	4.70896091185054e-08	63.5175334342361	0.200000009402358
11.925	17.25	1.18752470844262e-08	0.799999883125637	4.89241852623512e-08	63.4935334366216	0.200000009500198
12.075	17.25	1.13098327870692e-08	0.799999884937744	5.06873322785859e-08	63.4695334389686	0.200000009047866
12.225	17.25	9.83078984921804e-09	0.79999988673257	5.23801410192037e-08	63.4455334413538	0.200000007864632
12.375	17.25	7.18260357907055e-09	0.799999888511023	5.40041073641331e-08	63.4215334438771	0.200000005746083
12.525	17.25	3.08384045638015e-09	0.799999890276259	5.55608357181708e-08	63.3975334466641	0.200000002467072
12.675	17.25	-2.76664538711022e-09	0.79999989203364	5.70514931691509e-08	63.3735334498684	0.199999997786684
12.825	17.25	-1.06805170198506e-08	0.799999893791309	5.84778160585986e-08	63.3495334536733	0.199999991455586
12.975	17.25	-2.09673128815778e-08	0.799999895561097	5.98413452642445e-08	63.3255334582916	0.19999998322615
13.125	17.25	-3.39179243367068e-08	0.799999897357718	6.11434766322142e-08	63.3015334639653	0.199999972865661
13.275	17.25	-4.97838026762915e-08	0.799999899200212	6.23858277561208e-08	63.2775334709624	0.199999960172958
13.425	17.25	-6.87515692755743e-08	0.799999901111205	6.35699960279409e-08	63.2535334795718	0.199999944998745
13.575	17.25	-9.09127833699183e-08	0.799999903117634	6.46975977083534e-08	63.229533490096	0.199999927269773
13.725	17.25	-1.1622871411959e-07	0.799999905250479	6.57702981711523e-08	63.20553350284	0.199999907017029
13.875	17.25	-1.44490057493093e-07	0.799999907544706	6.67893348253835e-08	63.1815335180969	0.199999884407954
14.025	17.25	-1.75271618708685e-07	0.799999910039499	6.77565649672395e-08	63.1575335361294	0.199999859782705
14.175	17.25	-2.07882025176783e-07	0.799999912778027	6.86733823567898e-08	63.1335335571467	0.19999983369438
14.325	17.25	-2.41308511567246e-07	0.799999915807884	6.95415119354389e-08	63.1095335812761	0.199999806953191
14.475	17.25	-2.74156684596882e-07	0.79999991918016	7.03625579005646e-08	63.0855336085294	0.199999780674652
14.625	17.25	-3.04584872135279e-07	0.799999922952144	7.11378755034604e-08	63.0615336387633	0.199999756332102
14.775	17.25	-3.30232111656569e-07	0.799999927187142	7.18689846853522e-08	63.0375336716326	0.199999735814311
14.925	17.25	-3.48137934174463e-07	0.799999931957949	7.25574007808605e-08	63.0135337065366	0.199999721489653
15.075	17.25	-3.5465071616666e-07	0.79999993735037	7.32048656476843e-08	62.9895337425576	0.199999716279427
15.225	17.25	-3.45319325366557e-07	0.799999943470792	7.38124707646874e-08	62.9655337783886	0.19999972374454
15.375	17.25	-3.14759842215208e-07	0.799999950455088	7.43819210575049e-08	62.9415338122506	0.199999748192126
15.525	17.25	-2.56484988538912e-07	0.799999958483904	7.49144814924268e-08	62.9175338417951	0.199999794812009
15.675	17.25	-1.62678131440129e-07	0.79999996780252	7.54115429457848e-08	62.8935338639867	0.199999869857495
15.825	17.25	-2.38858140501776e-08	0.799999978751205	7.58746968166771e-08	62.8695338749612	0.199999980891349
15.975	17.25	1.71408022886769e-07	0.799999991806666	7.63049515069518e-08	62.8455338698477	0.200000137126418
16.125	17.25	4.37377586793827e-07	0.800000007637632	7.67038931508465e-08	62.8215338425424	0.200000349902069
16.275	17.25	7.91691756899939e-07	0.800000027183824	7.7072602267912e-08	62.797533785413	0.200000633353406
16.425	17.25	1.25668941970114e-06	0.800000051764194	7.74122882880685e-08	62.7735336889066	0.200001005351536
16.575	17.25	1.86102726939007e-06	0.800000083219014	7.77244413325552e-08	62.7495335410227	0.200001488821816
16.725	17.25	2.64198181984373e-06	0.800000124111044	7.80099859165942e-08	62.7255333265962	0.200002113585456
16.875	17.25	3.64865180836332e-06	0.800000177988121	7.82701751080011e-08	62.7015330263155	0.200002918921447
17.025	17.25	4.94639337221593e-06	0.800000249741454	7.85062146149587e-08	62.6775326153756	0.200003957114698
17.175	17.25	6.62293577588452e-06	0.8000003460909	7.87190421523073e-08	62.6535320616232	0.200005298348621
17.325	17.25	8.79678051627613e-06	0.800000476229926	7.8909707984011e-08	62.6295313230059	0.200007037424413
17.475	17.25	1.16286961945471e-05	0.800000652706795	7.90792245432797e-08	62.6055303440665	0.200009302956956
17.625	17.25	1.53374062309536e-05	0.80000089260856	7.92285889587235e-08	62.581529051132	0.200012269924985
17.775	17.25	2.02209532839485e-05	0.800001219163757	7.9358658155345e-08	62.5575273457247	0.200016176762627
17.925	17.25	2.66857457284238e-05	0.800001663898992	7.94702880241008e-08	62.5335250955532	0.200021348596583
18.075	17.25	3.52859848462597e-05	0.800002269519415	7.95641014806417e-08	62.5095221222169	0.200028228787877
18.225	17.25	4.67770804527742e-05	0.800003093734834	7.96407311730385e-08	62.4855181844538	0.200037421664362
18.375	17.25	6.21878517883505e-05	0.80000421434722	7.9700886216354e-08	62.4615129553587	0.200049750281431
18.525	17.25	8.29178959508332e-05	0.800005736079708	7.97448866006664e-08	62.4375059914625	0.200066334316761
18.675	17.25	0.00011086870349737	0.800007799904448	7.97728512227776e-08	62.4134966908437	0.200088694962798
18.825	17.25	0.000148620261184865	0.800010595982453	7.97848513782625e-08	62.3894842364696	0.200118896208948
18.975	17.25	0.000199669462104528	0.800014381633047	7.97803248327727e-08	62.3654675196167	0.200159735569684
19.125	17.25	0.000268753052144097	0.800019505784647	7.97586301318563e-08	62.3414450363457	0.200215002441715
19.275	17.25	0.000362286167443184	0.800026440939245	7.9718503241545e-08	62.3174147474254	0.200289828933955
19.425	17.25	0.000488957316814645	0.800035822976476	7.9657691369638e-08	62.2933738886462	0.200391165853452
19.575	17.25	0.000660531203752432	0.800048499047018	7.95731496108751e-08	62.2693187140382	0.200528424963002
19.725	17.25	0.000892922226396388	0.800065586085741	7.94606913473667e-08	62.2452441490238	0.200714337781117
19.875	17.25	0.00120761714695818	0.800088548910558	7.93141262287491e-08	62.2211433237504	0.200966093717567
20.025	17.25	0.00163355414557918	0.800119317289318	7.91252015996728e-08	62.197006947933	0.201306843316463
20.175	17.25	0.00220962182511192	0.800160470805226	7.88829082405073e-08	62.1728224755384	0.20176769746009
20.325	17.25	0.0029880404070474	0.80021551708883	7.85721734824423e-08	62.1485729871951	0.202390432325638
20.475	17.25	0.00403902970761062	0.800289256753155	7.81732329921385e-08	62.1242356862012	0.203231223766088
20.625	17.25	0.00545732379039046	0.800388155009664	7.76602820112342e-08	62.0997798576901	0.204365859032312
20.775	17.25	0.00737118412919012	0.80052053179952	7.69994487109513e-08	62.0751640823438	0.205896947303352
20.925	17.25	0.00995447763370167	0.800696276043834	7.61471963490142e-08	62.0503324375647	0.207963582106961
21.075	17.25	0.0134420122453789	0.80092574912284	7.50494151640323e-08	62.0252093826201	0.210753609796303
21.225	17.25	0.0181476178882773	0.801217630868381	7.36408321367962e-08	61.9996930397228	0.214518094310622
21.375	17.25	0.0244834938738497	0.801575697746228	7.18489560852957e-08	61.9736466788295	0.21958679509908
21.525	17.25	0.0329782633585708	0.801994861816146	6.96007687029091e-08	61.9468884081736	0.226382610686857
21.675	17.25	0.0442900726672646	0.802457164835486	6.683623588503e-08	61.9191793716569	0.235432058133812
21.825	17.25	0.0592098324084807	0.802928777540821	6.35255250776783e-08	61.8902111656092	0.247367865926785
21.975	17.25	0.0786480171713753	0.803359391496228	5.96870275929619e-08	61.8595937381995	0.2629184137371
22.125	17.25	0.103596191213983	0.803685575236474	5.54001255293897e-08	61.8268457725473	0.282876952971187
22.275	17.25	0.135052303555539	0.803839320965515	5.08046076398086e-08	61.7913905001985	0.308041842844431
22.425	17.25	0.173898994402264	0.803761737607968	4.60847896542506e-08	61.7525609288129	0.339119195521811
22.575	17.25	0.220730585787386	0.803419689684181	4.14408555799145e-08	61.7096191900439	0.376584468629909
22.725	17.25	0.27564152765048	0.802820786963386	3.70561623298738e-08	61.661794315735	0.420513222120384
22.875	17.25	0.338017857149642	0.802020575462393	3.30711386346374e-08	61.6083401632705	0.470414285719713
23.025	17.25	0.406404724156568	0.801116448631284	2.95706904755568e-08	61.5486097348934	0.525123779325254
23.175	17.25	0.478534572941583	0.800226926992391	2.65850530314311e-08	61.4821345741151	0.582827658353266
23.325	17.25	0.551566087290643	0.799461969754059	2.40998811176411e-08	61.4086914190903	0.641252869832515
23.475	17.25	0.622501308351958	0.798895928673206	2.20710979655286e-08	61.328337389387	0.698001046681566
23.625	17.25	0.688659258170515	0.798554409057308	2.04386010344298e-08	61.2414023607692	0.750927406536412
23.775	17.25	0.748051810377435	0.798418742865509	1.91377883862989e-08	61.1484404719755	0.798441448301948
23.925	17.25	0.79955778123953	0.798442568138811	1.81066195224377e-08	61.0501551755478	0.839646224991624
24.075	17.25	0.842886470414361	0.798570849078079	1.72899646643048e-08	60.9473176855124	0.874309176331489
24.225	17.25	0.878398156012786	0.798753960864722	1.66410892546e-08	60.8406958291578	0.902718524810229
24.375	17.25	0.906872100379224	0.798954491808954	1.61217846903367e-08	60.731002686341	0.925497680303379
24.525	17.25	0.929292198087465	0.79914819537169	1.57014966364049e-08	60.6188666705067	0.943433758469972
24.675	17.25	0.9466850940048	0.799321771866058	1.53562996625668e-08	60.5048196706808	0.95734807520384
24.825	17.25	0.960016774570167	0.799469691449577	1.50677011631504e-08	60.3892979225773	0.968013419656134
24.975	17.25	0.970138073014221	0.799591292273567	1.48215459873881e-08	60.2726504537013	0.976110458411377
25.125	17.25	0.977764769179058	0.79968859650813	1.46070300347097e-08	60.1551510957244	0.982211815343246
25.275	17.25	0.983479107239763	0.799764851531699	1.44161162034448e-08	60.0370113772757	0.98678328579181
25.425	17.25	0.987742791081927	0.799823640378098	1.42427794304173e-08	59.9183927193078	0.990194232865541
25.575	17.25	0.990914817844761	0.799868386426467	1.40824839707047e-08	59.7994171504721	0.992731854275809
25.725	17.25	0.993270126772286	0.799902111450012	1.39319738541757e-08	59.6801762713777	0.994616101417829
25.875	17.25	0.995016874789758	0.799927347957156	1.37887948513038e-08	59.5607384945902	0.996013499831806
26.025	17.25	0.996311339949681	0.799946140328683	1.36511979904155e-08	59.4411547401427	0.997049071959744
26.175	17.25	0.997270176114274	0.799960092568601	1.35179026238148e-08	59.3214628275404	0.997816140891419
26.325	17.25	0.997980145935224	0.799970435987124	1.33879652254602e-08	59.2016908124125	0.998384116748179
26.475	17.25	0.998505654699735	0.79997810054081	1.32607199365983e-08	59.0818594943931	0.998804523759788
26.625	17.25	0.998894473352345	0.799983780681809	1.31357065584476e-08	58.9619842886938	0.999115578681876
26.775	17.25	0.999182029804148	0.799987991422042	1.30125306187359e-08	58.8420766170015	0.999345623843318
26.925	17.25	0.999394600866959	0.799991113468701	1.28909762072589e-08	58.7221449391874	0.999515680693567
27.075	17.25	0.999551676928749	0.799993428120559	1.27708491143547e-08	58.6021955183033	0.999641341542999
27.225	17.25	0.999667711985782	0.7999951434892	1.26520537568843e-08	58.4822329880738	0.999734169588625
27.375	17.25	0.999753419907426	0.799996413846818	1.25344775320574e-08	58.3622607741679	0.999802735925941
27.525	17.25	0.999816736206345	0.799997353770897	1.24180773638684e-08	58.2422814070853	0.999853388965076
27.675	17.25	0.999863532815826	0.799998048467893	1.23028149003088e-08	58.1222967545686	0.999890826252661
27.825	17.25	0.999898149899706	0.799998561333789	1.21886548615173e-08	58.0023081941804	0.999918519919765
27.975	17.25	0.999923791677833	0.799998939525974	1.20756182907886e-08	57.8823167413526	0.999939033342266
28.125	17.25	0.999942820940661	0.799999218095148	1.19636591993089e-08	57.762323144301	0.999954256752529
28.275	17.25	0.999956977996747	0.799999423065145	1.18528073055993e-08	57.6423279542927	0.999965582397397
28.425	17.25	0.99996754325571	0.799999573734214	1.17430690487639e-08	57.5223315776001	0.999974034604568
28.575	17.25	0.999975457805942	0.799999684395702	1.16344159011582e-08	57.402334313864	0.999980366244754
28.725	17.25	0.999981412728885	0.799999765623962	1.15268702274752e-08	57.2823363843808	0.999985130183108
28.875	17.25	0.999985915176862	0.799999825232568	1.14204758568928e-08	57.1623379529318	0.99998873214149
29.025	17.25	0.999989337201641	0.799999868987783	1.13151803708002e-08	57.0423391410965	0.999991469761312
29.175	17.25	0.999991951790846	0.799999901139211	1.12110192109893e-08	56.9223400394924	0.999993561432677
29.325	17.25	0.99999395942497	0.799999924812965	1.11080279921489e-08	56.8023407160107	0.999995167539976
29.475	17.25	0.999995507614449	0.799999942303973	1.10061584452044e-08	56.6823412218388	0.999996406091559
29.625	17.25	0.999996705242194	0.799999955292702	1.09054272299267e-08	56.5623415958575	0.999997364193755
29.775	17.25	0.999997633065891	0.799999965006036	1.08058888324326e-08	56.4423418678445	0.999998106452713
29.925	17.25	0.999998351385314	0.799999972336548	1.07075134023792e-08	56.322342060807	0.999998681108251
30.075	17.25	0.999998905620682	0.799999977931231	1.06102723629634e-08	56.2023421926775	0.999999124496545
30.225	17.25	0.999999330355725	0.799999982257043	1.05142551776221e-08	56.0823422775484	0.99999946428458
30.375	17.25	0.999999652256002	0.799999985649628	1.04193600574857e-08	55.9623423265721	0.999999721804801
30.525	17.25	0.999999892166623	0.799999988349439	1.03256799631591e-08	55.8423423486204	0.999999913733298
30.675	17.25	1.00000006661444	0.799999990528103	1.02331676582657e-08	55.7223423507713	1.00000005329155
30.825	17.25	1.00000018888044	0.799999992308019	1.01418322997761e-08	55.602342338672	1.00000015110436
30.975	17.25	1.0000002697643	0.799999993776499	1.00516681189743e-08	55.4823423168138	1.00000021581144
31.125	17.25	1.00000031813024	0.799999994996361	9.96269865806995e-09	55.3623422887443	1.00000025450419
31.275	17.25	1.00000034129913	0.799999996013236	9.87491265972531e-09	55.2423422572339	1.0000002730393
31.425	17.25	1.00000034533336	0.799999996860992	9.78831455157233e-09	55.1223422244109	1.00000027626669
31.575	17.25	1.00000033524795	0.799999997565257	9.70286907788638e-09	55.0023421918716	1.00000026819836
31.725	17.25	1.00000031517155	0.79999999814655	9.61861572569039e-09	54.8823421607737	1.00000025213724
31.875	17.25	1.00000028847336	0.799999998621581	9.53554531975801e-09	54.7623421319147	1.00000023077869
32.025	17.25	1.00000025786736	0.799999999004441	9.45363871614629e-09	54.6423421058003	1.00000020629389
32.175	17.25	1.00000022550096	0.799999999307745	9.37290678705375e-09	54.5223420827028	1.00000018040077
32.325	17.25	1.00000019303282	0.799999999542624	9.29332420828775e-09	54.4023420627118	1.00000015442625
32.475	17.25	1.00000016170284	0.799999999719404	9.2149395420936e-09	54.2823420457777	1.00000012936227
32.625	17.25	1.00000013239566	0.799999999847284	9.13768559251835e-09	54.162342031749	1.00000010591653
32.775	17.25	1.00000010569878	0.799999999934898	9.0616085456888e-09	54.0423420204035	1.00000008455902
32.925	17.25	1.00000008195549	0.799999999989788	8.98666531165494e-09	53.9223420114744	1.00000006556439
33.075	17.25	1.0000000613128	0.800000000019002	8.91288860775954e-09	53.8023420046711	1.00000004905024
33.225	17.25	1.00000004376435	0.800000000028519	8.84024284502122e-09	53.6823419996966	1.00000003501148
33.375	17.25	1.00000002918823	0.800000000023719	8.76875852718452e-09	53.5623419962598	1.00000002335059
33.525	17.25	1.00000001737989	0.800000000008996	8.69839306564094e-09	53.4423419940854	1.00000001390391
33.675	17.25	1.00000000808002	0.799999999988216	8.6291543741825e-09	53.3223419929202	1.00000000646401
33.825	17.25	1.00000000099791	0.799999999964394	8.56104552990055e-09	53.2023419925375	1.00000000079833
33.975	17.25	0.999999995830303	0.799999999939867	8.4940619031763e-09	53.0823419927393	0.999999996664242
34.125	17.25	0.999999992276164	0.799999999916506	8.42819041249596e-09	52.9623419933562	0.999999993820931
34.275	17.25	0.999999990047894	0.799999999895588	8.36342386029697e-09	52.8423419942473	0.999999992038315
34.425	17.25	0.999999988879276	0.799999999878004	8.29976046549816e-09	52.7223419952983	0.999999991103421
34.575	17.25	0.999999988530645	0.799999999864161	8.23720194219188e-09	52.602341996419	0.999999990824516
34.725	17.25	0.999999988791746	0.799999999854334	8.17573326961842e-09	52.4823419975411	0.999999991033397
34.875	17.25	0.999999989482809	0.799999999848452	8.11534638120529e-09	52.3623419986147	0.999999991586247
35.025	17.25	0.999999990454014	0.799999999846266	8.05604195505856e-09	52.2423419996059	0.999999992363211
35.175	17.25	0.999999991583952	0.799999999847396	7.99781410878062e-09	52.1223420004937	0.999999993267162
35.325	17.25	0.99999999277732	0.79999999985147	7.94064327948227e-09	52.0023420012675	0.999999994221856
35.475	17.25	0.999999993962072	0.799999999858005	7.88455714353376e-09	51.882342001925	0.999999995169658
35.625	17.25	0.999999995086353	0.799999999866519	7.82951718101441e-09	51.7623420024694	0.999999996069082
35.775	17.25	0.999999996115359	0.79999999987649	7.77552693590215e-09	51.6423420029084	0.999999996892287
35.925	17.25	0.999999997028285	0.799999999887567	7.72258921085819e-09	51.5223420032523	0.999999997622628
36.075	17.25	0.999999997815454	0.799999999899351	7.67069065908207e-09	51.4023420035127	0.999999998252364
36.225	17.25	0.999999998475747	0.7999999999114	7.61982221681168e-09	51.2823420037019	0.999999998780598
36.375	17.25	0.999999999014287	0.799999999923473	7.56997611078942e-09	51.162342003832	0.99999999921143
36.525	17.25	0.99999999944047	0.799999999935421	7.5211538878223e-09	51.0423420039141	0.999999999552376
36.675	17.25	0.999999999766341	0.799999999946864	7.47335951394337e-09	50.9223420039588	0.999999999813073
36.825	17.25	1.00000000000535	0.799999999957821	7.42655653831105e-09	50.8023420039749	1.00000000000428
36.975	17.25	1.00000000017136	0.799999999968158	7.38076310231212e-09	50.6823420039704	1.00000000013709
37.125	17.25	1.00000000027793	0.799999999977772	7.33597190732545e-09	50.5623420039516	1.00000000022234
37.275	17.25	1.00000000033771	0.79999999998659	7.29216636855015e-09	50.4423420039237	1.00000000027017
37.425	17.25	1.00000000036184	0.799999999994476	7.24935183290781e-09	50.3223420038908	1.00000000028947
37.575	17.25	1.00000000035915	0.800000000001448	7.20753412789766e-09	50.2023420038559	1.00000000028732
37.725	17.25	1.00000000033568	0.800000000007598	7.1666809068037e-09	50.0823420038214	1.00000000026854
37.875	17.25	1.00000000029553	0.800000000013469	7.12679756547389e-09	49.9623420037891	1.00000000023643
38.025	17.25	1.00000000024453	0.800000000020254	7.08788585356114e-09	49.8423420037606	1.00000000019562
38.175	17.25	1.00000000019658	0.800000000028548	7.04993176006193e-09	49.7223420037361	1.00000000015726
38.325	17.25	1.00000000017807	0.800000000036807	7.01293660400467e-09	49.6023420037142	1.00000000014245
38.475	17.25	1.00000000021822	0.800000000038961	6.97688185317685e-09	49.4823420036908	1.00000000017457
38.625	17.25	1.00000000031039	0.80000000002434	6.94177361626199e-09	49.3623420036607	1.00000000024832
38.775	17.25	1.00000000034602	0.79999999998655	6.90760848905151e-09	49.2423420036239	1.00000000027682
38.925	17.25	1.00000000007387	0.799999999943383	6.87438836133606e-09	49.1223420035983	1.0000000000591
39.075	17.25	0.999999999212038	0.799999999961128	6.84208842705699e-09	49.0023420036267	0.99999999936963
39.225	17.25	0.999999997861606	0.800000000148704	6.81073363024019e-09	48.8823420037612	0.999999998289285
39.375	17.25	0.999999997187182	0.800000000567457	6.78027404580215e-09	48.7623420039927	0.999999997749746
39.525	17.25	0.999999999800293	0.800000001023834	6.7507442151481e-09	48.642342004131	0.999999999840234
39.675	17.25	1.00000000854992	0.800000000839221	6.72213073672655e-09	48.5223420037239	1.00000000683993
39.825	17.25	1.00000002228112	0.799999998931088	6.69443535259636e-09	48.4023420022377	1.0000000178249
39.975	17.25	1.00000002906867	0.799999994735779	6.66763187853068e-09	48.2823419997666	1.00000002325493
40.125	17.25	1.00000000269437	0.799999990238012	6.6417288486691e-09	48.1623419982357	1.0000000021555
40.275	17.25	0.999999915051616	0.799999992114562	6.61671733825223e-09	48.0423420021778	0.999999932041293
40.425	17.25	0.999999777875223	0.800000010750841	6.59261499840725e-09	47.9223420169114	0.999999822300178
40.575	17.25	0.999999707649969	0.800000051252055	6.56940520487843e-09	47.8023420416005	0.999999766119975
40.725	17.25	0.999999957517798	0.800000094429596	6.54705863182911e-09	47.682342057667	0.999999966014238
40.875	17.25	1.00000079734944	0.800000077598167	6.52561038223041e-09	47.5623420214282	1.00000063787955
41.025	17.25	1.00000212196186	0.799999905043709	6.5050161314053e-09	47.4423418812965	1.00000169756949
41.175	17.25	1.00000285290256	0.799999530875739	6.4853340451474e-09	47.3223416424985	1.00000228232205
41.325	17.25	1.00000065163099	0.799999128586121	6.46652659237906e-09	47.2023414742768	1.00000052130479
41.475	17.25	0.999993003858018	0.799999256105274	6.44861420728184e-09	47.0823417788096	0.999994403086414
41.625	17.25	0.999980706637727	0.8000007566747	6.43157523327318e-09	46.9623430407032	0.999984565310182
41.775	17.25	0.999973138463888	0.800004041264229	6.41541686701716e-09	46.8423452561363	0.99997851077111
41.925	17.25	0.99999082752054	0.800007658144435	6.39997434123062e-09	46.7223469857649	0.999992662016432
42.075	17.25	1.00005637953625	0.800006936729564	6.38514327943715e-09	46.6023447198259	1.000045103629
42.225	17.25	1.00016528886165	0.79999482456903	6.37095380667186e-09	46.4823340797812	1.00013223108932
42.375	17.25	1.00024184955375	0.799967674605295	6.35778165503739e-09	46.362314537199	1.000193479643
42.525	17.25	1.00011633628593	0.799936550847102	6.3464800362464e-09	46.2422973441615	1.00009306902874
42.675	17.25	0.999594226905434	0.799937861009578	6.3380289568057e-09	46.1223112371495	0.999675381524347
42.825	17.25	0.998683926300912	0.800027372766776	6.33241007163292e-09	46.0023938882414	0.99894714104073
42.975	17.25	0.997944673217921	0.800237007114041	6.32680394257875e-09	45.8825557201156	0.998355738574337
43.125	17.25	0.998684258969126	0.800490005717094	6.31459410709221e-09	45.7627175257598	0.998947407175301
43.275	17.25	1.00248296175041	0.800522975357262	6.28785173997728e-09	45.6426614954113	1.00198636940033
43.425	17.25	1.00955927623789	0.799934825751066	6.24571555217107e-09	45.5220835928499	1.00764742099031
43.575	17.25	1.01623380738529	0.798479881750384	6.20668987203003e-09	45.4008458161728	1.01298704590823
43.725	17.25	1.01328677101155	0.796573391938201	6.21577643927375e-09	45.2794286598604	1.01062941680924
43.875	17.25	0.988680897764471	0.795833250700278	6.33466994934117e-09	45.1593336654107	0.990944718211577
44.025	17.25	0.938367896640349	0.79935100735318	6.59940451445818e-09	45.0428406329529	0.950694317312279
44.175	17.25	0.884673133453026	0.810192428732064	6.90957049578381e-09	44.9313521273422	0.907738506762421
44.325	17.25	0.889127901579681	0.824441952888524	6.8814650557594e-09	44.8222077733186	0.911302321263745
44.475	17.25	1.03257195134352	0.826489829077347	6.11092010483539e-09	44.7059573677178	1.02605756107481
44.625	17.25	1.34924434188305	0.808622132982367	4.89964718021246e-09	44.5677999318357	1.27939547350644
44.775	17.25	1.76408811809105	0.709537047501124	3.88921940741734e-09	44.3955931187033	1.61127049447284
44.925	17.25	2.11154506619403	0.834636814147295	3.31624103212525e-09	44.2248230990235	1.88923605295522
0.075	17.75	3.47473588830219e-16	0.399999997444049	-1.85289651562977e-07	65.389533177445	0.2
0.225	17.75	1.09796501441638e-15	0.799999992335532	-1.85113668751375e-07	65.3655331775983	0.200000000000001
0.375	17.75	2.54818934608757e-15	0.799999987238988	-1.84762421514568e-07	65.3415331779048	0.200000000000002
0.525	17.75	4.61626596432869e-15	0.799999982160334	-1.84236265229459e-07	65.317533178364	0.200000000000004
0.675	17.75	7.14881717966095e-15	0.799999977107975	-1.83536690309864e-07	65.2935331789752	0.200000000000006
0.825	17.75	9.93588459508477e-15	0.799999972088275	-1.82664891865528e-07	65.2695331797375	0.200000000000008
0.975	17.75	1.27379707471743e-14	0.799999967109762	-1.81623042283089e-07	65.2455331806499	0.20000000000001
1.125	17.75	1.52997078557577e-14	0.799999962177878	-1.80413202028343e-07	65.221533181711	0.200000000000012
1.275	17.75	1.73403391825371e-14	0.79999995730111	-1.79037785084292e-07	65.1975331829192	0.200000000000014
1.425	17.75	1.85241250034833e-14	0.799999952484496	-1.77500436679825e-07	65.1735331842729	0.200000000000015
1.575	17.75	1.84215046983574e-14	0.799999947736266	-1.75803820899906e-07	65.1495331857701	0.200000000000015
1.725	17.75	1.64738678040165e-14	0.799999943061862	-1.73951714372011e-07	65.1255331874087	0.200000000000013
1.875	17.75	1.19727200331027e-14	0.799999938467347	-1.71948006827302e-07	65.1015331891864	0.20000000000001
2.025	17.75	4.06046884444689e-15	0.799999933958853	-1.69796701778341e-07	65.0775331911007	0.200000000000003
2.175	17.75	-8.2429246564521e-15	0.799999929542446	-1.67502559660436e-07	65.0535331931489	0.199999999999993
2.325	17.75	-2.59845168072987e-14	0.799999925222325	-1.65070156019527e-07	65.0295331953282	0.199999999999979
2.475	17.75	-5.01911033324182e-14	0.799999921005055	-1.62504435592562e-07	65.0055331976355	0.19999999999996
2.625	17.75	-8.17460367596701e-14	0.799999916894618	-1.59810354886561e-07	64.9815332000679	0.199999999999935
2.775	17.75	-1.2122526265343e-13	0.799999912895507	-1.56993614363943e-07	64.9575332026219	0.199999999999903
2.925	17.75	-1.68687717694183e-13	0.79999990901229	-1.54059421792794e-07	64.9335332052942	0.199999999999865
3.075	17.75	-2.23416678770308e-13	0.799999905248688	-1.51013645736969e-07	64.9095332080812	0.199999999999821
3.225	17.75	-2.83611705016566e-13	0.799999901608456	-1.47862108622178e-07	64.8855332109793	0.199999999999773
3.375	17.75	-3.46035725182964e-13	0.799999898094627	-1.44610784350405e-07	64.8615332139847	0.199999999999723
3.525	17.75	-4.05628578188666e-13	0.799999894710528	-1.41265577151107e-07	64.8375332170937	0.199999999999676
3.675	17.75	-4.55107113941654e-13	0.799999891458185	-1.37832798759426e-07	64.8135332203022	0.199999999999636
3.825	17.75	-4.84582718279477e-13	0.799999888340327	-1.34318305347937e-07	64.7895332236063	0.199999999999612
3.975	17.75	-4.81239924150167e-13	0.799999885358731	-1.3072867223038e-07	64.7655332270018	0.199999999999615
4.125	17.75	-4.29134250605144e-13	0.799999882515566	-1.2706982633991e-07	64.7415332304848	0.199999999999657
4.275	17.75	-3.09183263184085e-13	0.799999879811363	-1.2334811825892e-07	64.717533234051	0.199999999999753
4.425	17.75	-9.94411337449123e-14	0.799999877247806	-1.19570110797055e-07	64.6935332376962	0.19999999999992
4.575	17.75	2.24237309476134e-13	0.79999987482456	-1.15741644943944e-07	64.6695332414162	0.200000000000179
4.725	17.75	6.87023709918694e-13	0.799999872543675	-1.11868887636986e-07	64.6455332452067	0.20000000000055
4.875	17.75	1.31330613083498e-12	0.799999870403916	-1.07957952124746e-07	64.6215332490634	0.200000000001051
5.025	17.75	2.12411159664468e-12	0.79999986840558	-1.04014799141696e-07	64.5975332529822	0.200000000001699
5.175	17.75	3.13363926625198e-12	0.799999866548061	-1.00045307395812e-07	64.5735332569587	0.200000000002507
5.325	17.75	4.34480453062295e-12	0.799999864830529	-9.60553144035754e-08	64.5495332609887	0.200000000003476
5.475	17.75	5.74373437503455e-12	0.799999863252458	-9.20503364577467e-08	64.525533265068	0.200000000004595
5.625	17.75	7.29321662132857e-12	0.799999861812251	-8.80361080524175e-08	64.5015332691924	0.200000000005835
5.775	17.75	8.92519409449262e-12	0.79999986050841	-8.40179443091701e-08	64.4775332733579	0.20000000000714
5.925	17.75	1.05325133101101e-11	0.799999859339395	-8.00008691676012e-08	64.4535332775602	0.200000000008426
6.075	17.75	1.19602885885141e-11	0.799999858303321	-7.59902928247302e-08	64.4295332817955	0.200000000009568
6.225	17.75	1.29974282512787e-11	0.799999857397916	-7.19908489461301e-08	64.4055332860597	0.200000000010398
6.375	17.75	1.33690888510612e-11	0.799999856621105	-6.80071858146192e-08	64.3815332903491	0.200000000010695
6.525	17.75	1.27310729852985e-11	0.79999985597021	-6.40441248607914e-08	64.3575332946599	0.200000000010185
6.675	17.75	1.06674587455078e-11	0.799999855442632	-6.01056683981553e-08	64.3335332989885	0.200000000008534
6.825	17.75	6.69303285628283e-12	0.799999855036184	-5.61960427586873e-08	64.3095333033313	0.200000000005354
6.975	17.75	2.62377832641046e-13	0.799999854747436	-5.23193742390258e-08	64.285533307685	0.20000000000021
7.125	17.75	-9.21228674778484e-12	0.799999854573328	-4.84791366550474e-08	64.2615333120464	0.19999999999263
7.275	17.75	-2.23322173645194e-11	0.799999854510983	-4.46790367088677e-08	64.2375333164124	0.199999999982134
7.425	17.75	-3.96698258081695e-11	0.7999998545577	-4.09224250690137e-08	64.21353332078	0.199999999968264
7.575	17.75	-6.17105776137371e-11	0.799999854709798	-3.72122404832964e-08	64.1895333251465	0.199999999950632
7.725	17.75	-8.87769912174723e-11	0.799999854963727	-3.35516350031205e-08	64.1655333295093	0.199999999928978
7.875	17.75	-1.20933089327725e-10	0.799999855316459	-2.99433772149211e-08	64.1415333338657	0.199999999903254
8.025	17.75	-1.57868422096159e-10	0.799999855764978	-2.6389657011406e-08	64.1175333382135	0.199999999873705
8.175	17.75	-1.98761904523387e-10	0.799999856305204	-2.28930458934898e-08	64.0935333425502	0.19999999984099
8.325	17.75	-2.42127240491143e-10	0.799999856934897	-1.94557159067922e-08	64.0695333468733	0.199999999806298
8.475	17.75	-2.85643685940008e-10	0.799999857649372	-1.60794146437399e-08	64.0455333511806	0.199999999771485
8.625	17.75	-3.25978362182955e-10	0.799999858446024	-1.27661469300895e-08	64.0215333554692	0.199999999739217
8.775	17.75	-3.58609272696971e-10	0.799999859321222	-9.51734118942086e-09	63.9975333597364	0.199999999713113
8.925	17.75	-3.7766157941979e-10	0.799999860271361	-6.33442566587397e-09	63.9735333639788	0.199999999697871
9.075	17.75	-3.75773494917494e-10	0.799999861293396	-3.21860292381376e-09	63.9495333681926	0.199999999699381
9.225	17.75	-3.44012237002248e-10	0.799999862383907	-1.70932903106782e-10	63.9255333723733	0.19999999972479
9.375	17.75	-2.71864708529762e-10	0.799999863538708	2.80758524858352e-09	63.9015333765156	0.199999999782508
9.525	17.75	-1.47331683838754e-10	0.799999864754627	5.71636616023109e-09	63.8775333806132	0.199999999882135
9.675	17.75	4.28419879306592e-11	0.799999866028312	8.55466993766725e-09	63.8535333846586	0.200000000034274
9.825	17.75	3.12765672755989e-10	0.799999867355647	1.13222403932857e-08	63.8295333886433	0.200000000250213
9.975	17.75	6.7679244551138e-10	0.799999868732501	1.40186114061664e-08	63.8055333925573	0.200000000541434
10.125	17.75	1.14866236975601e-09	0.799999870154966	1.66435739236631e-08	63.7815333963894	0.20000000091893
10.275	17.75	1.74036423580729e-09	0.79999987161915	1.91972745402193e-08	63.7575334001274	0.200000001392291
10.425	17.75	2.46068531741987e-09	0.799999873119644	2.16796784066964e-08	63.7335334037581	0.200000001968548
10.575	17.75	3.31342698943128e-09	0.799999874652728	2.40909807520763e-08	63.7095334072678	0.200000002650742
10.725	17.75	4.29527629733891e-09	0.799999876212893	2.64314194928185e-08	63.6855334106428	0.200000003436221
10.875	17.75	5.39334030533007e-09	0.799999877795615	2.87014200695051e-08	63.6615334138703	0.200000004314672
11.025	17.75	6.58237168467173e-09	0.799999879395514	3.09015322137071e-08	63.6375334169395	0.200000005265897
11.175	17.75	7.82174080406267e-09	0.799999881006787	3.30321985583547e-08	63.6135334198428	0.200000006257393
11.325	17.75	9.05224159760038e-09	0.799999882625147	3.50943255244025e-08	63.5895334225773	0.200000007241793
11.475	17.75	1.01928555036086e-08	0.799999884245488	3.70883539474455e-08	63.5655334251472	0.200000008154284
11.625	17.75	1.11376392500427e-08	0.79999988586259	3.90153953088452e-08	63.5415334275656	0.200000008910111
11.775	17.75	1.17529473047678e-08	0.799999887473252	4.08760514647972e-08	63.517533429857	0.200000009402358
11.925	17.75	1.18752470889629e-08	0.799999889073178	4.26714386516125e-08	63.4935334320606	0.200000009500198
12.075	17.75	1.13098328199847e-08	0.799999890661228	4.44024461797336e-08	63.4695334342326	0.200000009047866
12.225	17.75	9.83078991683031e-09	0.799999892235914	4.60702215413587e-08	63.4455334364495	0.200000007864632
12.375	17.75	7.18260368790105e-09	0.799999893798515	4.76757205342144e-08	63.4215334388109	0.200000005746083
12.525	17.75	3.08384061262748e-09	0.799999895352269	4.92202074302675e-08	63.3975334414425	0.200000002467072
12.675	17.75	-2.76664517757996e-09	0.799999896902331	5.0704717776997e-08	63.3735334444977	0.199999997786684
12.825	17.75	-1.06805167521976e-08	0.799999898457598	5.21306860092968e-08	63.3495334481595	0.199999991455587
12.975	17.75	-2.09673125519969e-08	0.799999900029208	5.3499068999149e-08	63.3255334526409	0.19999998322615
13.125	17.75	-3.39179239432647e-08	0.799999901632455	5.48113249804713e-08	63.3015334581835	0.199999972865661
13.275	17.75	-4.97838022188908e-08	0.799999903286156	5.60686175141569e-08	63.2775334650552	0.199999960172958
13.425	17.75	-6.87515687568761e-08	0.799999905013278	5.72721438646042e-08	63.2535334735448	0.199999944998745
13.575	17.75	-9.091278279523e-08	0.799999906840712	5.84234444769686e-08	63.2295334839547	0.199999927269774
13.725	17.75	-1.16228713497775e-07	0.79999990879892	5.95234497903389e-08	63.2055334965896	0.199999907017029
13.875	17.75	-1.44490056836346e-07	0.7999999109237	6.05740129576398e-08	63.1815335117427	0.199999884407955
14.025	17.75	-1.75271618033327e-07	0.799999913253565	6.15759708882477e-08	63.1575335296763	0.199999859782706
14.175	17.75	-2.07882024502896e-07	0.799999915832317	6.25309769338052e-08	63.1335335505996	0.19999983369438
14.325	17.75	-2.41308510919262e-07	0.799999918706942	6.34402404425135e-08	63.1095335746397	0.199999806953191
14.475	17.75	-2.74156684003085e-07	0.79999992192886	6.43049545206366e-08	63.0855336018084	0.199999780674653
14.625	17.75	-3.04584871628143e-07	0.799999925555064	6.51265543388062e-08	63.0615336319621	0.199999756332103
14.775	17.75	-3.3023211127219e-07	0.799999929648928	6.59063257114085e-08	63.0375336647554	0.199999735814311
14.925	17.75	-3.48137933952708e-07	0.799999934283073	6.66457436417186e-08	63.0135336995877	0.199999721489653
15.075	17.75	-3.54650716150529e-07	0.799999939543819	6.73456541660955e-08	62.9895337355409	0.199999716279427
15.225	17.75	-3.45319325602413e-07	0.799999945536869	6.80077555887741e-08	62.965533771308	0.19999972374454
15.375	17.75	-3.14759842752281e-07	0.799999952398261	6.86329349896054e-08	62.94153380511	0.199999748192126
15.525	17.75	-2.56484989429935e-07	0.799999960308507	6.92227999506786e-08	62.917533834598	0.199999794812008
15.675	17.75	-1.62678132741222e-07	0.799999969512797	6.97784275490818e-08	62.8935338567366	0.199999869857494
15.825	17.75	-2.38858158224114e-08	0.799999980351678	7.0300808461598e-08	62.8695338676614	0.199999980891347
15.975	17.75	1.71408020576702e-07	0.799999993301141	7.07913852754348e-08	62.8455338625016	0.200000137126416
16.125	17.75	4.37377583870465e-07	0.800000009030336	7.12511780552618e-08	62.821533835153	0.200000349902067
16.275	17.75	7.91691753277002e-07	0.800000028478919	7.16813966458896e-08	62.7975337779832	0.200000633353403
16.425	17.75	1.25668941527642e-06	0.800000052965096	7.20832000379574e-08	62.7735336814394	0.200001005351532
16.575	17.75	1.86102726404095e-06	0.800000084330164	7.24574757009896e-08	62.7495335335209	0.200001488821811
16.725	17.75	2.64198181341972e-06	0.800000125135889	7.28055117571846e-08	62.7255333190624	0.200002113585451
16.875	17.75	3.64865180067929e-06	0.800000178929988	7.31281778976322e-08	62.7015330187522	0.200002918921441
17.025	17.75	4.94639336304107e-06	0.800000250604669	7.34264965994502e-08	62.6775326077852	0.20000395711469
17.175	17.75	6.62293576493281e-06	0.800000346878154	7.37015802867447e-08	62.6535320540081	0.200005298348612
17.325	17.75	8.79678050319526e-06	0.80000047694491	7.3954155060423e-08	62.6295313153683	0.200007037424403
17.475	17.75	1.16286961789058e-05	0.800000653352723	7.41853370222112e-08	62.6055303364085	0.200009302956943
17.625	17.75	1.53374062122299e-05	0.800000893188632	7.43957353896347e-08	62.5815290434557	0.20001226992497
17.775	17.75	2.02209532615236e-05	0.800001219680951	7.45863566740566e-08	62.557527338032	0.200016176762609
17.925	17.75	2.66857457015814e-05	0.800001664356485	7.47578512602443e-08	62.5335250878459	0.200021348596561
18.075	17.75	3.52859848141929e-05	0.800002269920099	7.49108750252664e-08	62.5095221144967	0.200028228787851
18.225	17.75	4.67770804146025e-05	0.800003094081339	7.50462299248812e-08	62.4855181767224	0.200037421664332
18.375	17.75	6.21878517431765e-05	0.800004214642388	7.51640532909361e-08	62.4615129476177	0.200049750281395
18.525	17.75	8.29178958978236e-05	0.800005736325961	7.52649743901806e-08	62.4375059837134	0.200066334316718
18.675	17.75	0.00011086870343589	0.800007800104511	7.53489562350907e-08	62.4134966830879	0.200088694962749
18.825	17.75	0.000148620261114708	0.800010596138686	7.54160190628928e-08	62.3894842287085	0.200118896208892
18.975	17.75	0.000199669462026264	0.800014381747938	7.54659060428328e-08	62.3654675118515	0.200159735569621
19.125	17.75	0.000268753052059575	0.800019505860067	7.54975979877586e-08	62.3414450285777	0.200215002441648
19.275	17.75	0.000362286167356336	0.800026440977956	7.55099597628397e-08	62.3174147396558	0.200289828933885
19.425	17.75	0.000488957316732591	0.800035822979878	7.55011042171835e-08	62.2933738808759	0.200391165853386
19.575	17.75	0.000660531203687071	0.800048499017251	7.54679487258589e-08	62.2693187062683	0.20052842496295
19.725	17.75	0.000892922226366726	0.800065586025381	7.54063392105649e-08	62.2452441412554	0.200714337781093
19.875	17.75	0.00120761714699348	0.800088548820704	7.53106772804999e-08	62.2211433159842	0.200966093717595
20.025	17.75	0.00163355414572321	0.800119317172025	7.5172788907054e-08	62.19700694017	0.201306843316579
20.175	17.75	0.00220962182542925	0.800160470661878	7.49821574946889e-08	62.1728224677792	0.201767697460343
20.325	17.75	0.00298804040763243	0.800215516921579	7.47245916257456e-08	62.1485729794407	0.202390432326106
20.475	17.75	0.00403902970859989	0.800289256563132	7.43812158353902e-08	62.1242356784521	0.20323122376688
20.625	17.75	0.00545732379198135	0.800388154798375	7.39271626511611e-08	62.099779849947	0.204365859033585
20.775	17.75	0.00737118413166453	0.800520531568558	7.33299644365685e-08	62.0751640746074	0.205896947305332
20.925	17.75	0.00995447763745934	0.80069627579443	7.25485073292225e-08	62.0503324298355	0.207963582109967
21.075	17.75	0.013442012250977	0.800925748856134	7.15305258291689e-08	62.0252093748985	0.210753609800782
21.225	17.75	0.0181476178964758	0.801217630585779	7.02139687888564e-08	61.9996930320093	0.214518094317181
21.375	17.75	0.024483493885664	0.801575697449105	6.85291133560569e-08	61.9736466711245	0.219586795108531
21.525	17.75	0.0329782633753202	0.801994861505442	6.64062600007259e-08	61.9468884004774	0.226382610700256
21.675	17.75	0.0442900726906183	0.802457164512312	6.37878310081809e-08	61.9191793639698	0.235432058152495
21.825	17.75	0.0592098324404773	0.802928777206394	6.06451168585515e-08	61.8902111579313	0.247367865952382
21.975	17.75	0.0786480172144199	0.803359391151534	5.69956412610004e-08	61.859593730531	0.262918413771536
22.125	17.75	0.103596191270756	0.803685574882422	5.29149615649538e-08	61.8268457648883	0.282876953016604
22.275	17.75	0.135052303628822	0.803839320603187	4.85366733132183e-08	61.7913904925491	0.308041842903057
22.425	17.75	0.173898994494599	0.803761737238249	4.40371792547047e-08	61.7525609211733	0.339119195595679
22.575	17.75	0.220730585900551	0.803419689308166	3.96079843220054e-08	61.7096191824143	0.376584468720441
22.725	17.75	0.275641527784866	0.802820786581979	3.54246315248578e-08	61.661794308116	0.420513222227892
22.875	17.75	0.338017857303621	0.802020575076563	3.16218492815245e-08	61.6083401556632	0.470414285842897
23.025	17.75	0.406404724326167	0.801116448241903	2.82814040722468e-08	61.5486097272992	0.525123779460934
23.175	17.75	0.478534573120616	0.800226926600609	2.54325204499451e-08	61.4821345665364	0.582827658496493
23.325	17.75	0.551566087471494	0.79946196936036	2.3061880175068e-08	61.4086914115303	0.641252869977196
23.475	17.75	0.622501308526817	0.798895928278154	2.11275415471465e-08	61.3283373818494	0.698001046821454
23.625	17.75	0.688659258332642	0.798554408661154	1.9572366147733e-08	61.2414023532584	0.750927406666113
23.775	17.75	0.748051810522056	0.798418742468597	1.83345956134953e-08	61.1484404644961	0.798441448417645
23.925	17.75	0.799557781364172	0.798442567741026	1.73550243771008e-08	61.0501551681043	0.839646225091337
24.075	17.75	0.842886470518603	0.798570848679593	1.65809006308171e-08	60.9473176781093	0.874309176414882
24.225	17.75	0.878398156097771	0.798753960465608	1.59675171214274e-08	60.8406958217989	0.902718524878217
24.375	17.75	0.906872100447034	0.798954491409367	1.54782512399223e-08	60.7310026790297	0.925497680357627
24.525	17.75	0.929292198140611	0.799148194971834	1.50838772231871e-08	60.6188666632457	0.943433758512489
24.675	17.75	0.946685094045858	0.799321771466146	1.47614428027646e-08	60.5048196634724	0.957348075236687
24.825	17.75	0.960016774601495	0.799469691049771	1.4493182963146e-08	60.3892979154233	0.968013419681196
24.975	17.75	0.970138073037895	0.799591291874127	1.42654529750932e-08	60.2726504466031	0.976110458430316
25.125	17.75	0.977764769196813	0.79968859610922	1.40679898618268e-08	60.1551510886829	0.98221181535745
25.275	17.75	0.983479107253006	0.799764851133588	1.38930025368681e-08	60.0370113702915	0.986783285802405
25.425	17.75	0.987742791091756	0.799823639980967	1.37346503723391e-08	59.9183927123816	0.990194232873405
25.575	17.75	0.990914817852043	0.799868386030502	1.35886688786875e-08	59.799417143604	0.992731854281635
25.725	17.75	0.993270126777669	0.799902111055356	1.3451856379154e-08	59.680176264568	0.994616101422135
25.875	17.75	0.995016874793729	0.799927347564021	1.33219001368064e-08	59.5607384878389	0.996013499834983
26.025	17.75	0.996311339952607	0.799946139937178	1.31970951044135e-08	59.4411547334497	0.997049071962086
26.175	17.75	0.997270176116432	0.799960092178999	1.30761695702588e-08	59.3214628209056	0.997816140893146
26.325	17.75	0.997980145936826	0.799970435599396	1.29583156925193e-08	59.2016908058358	0.998384116749461
26.475	17.75	0.998505654700914	0.799978100155182	1.28427942751378e-08	59.0818594878742	0.998804523760731
26.625	17.75	0.998894473353208	0.799983780298397	1.27291740703902e-08	58.9619842822324	0.999115578682567
26.775	17.75	0.999182029804783	0.799987991040998	1.26171552816167e-08	58.8420766105973	0.999345623843826
26.925	17.75	0.99939460086742	0.79999111309007	1.25064861759071e-08	58.7221449328401	0.999515680693936
27.075	17.75	0.999551676929092	0.79999342774446	1.23969639850698e-08	58.6021955120125	0.999641341543273
27.225	17.75	0.999667711986025	0.799995143115797	1.22885275302508e-08	58.4822329818392	0.99973416958882
27.375	17.75	0.999753419907598	0.799996413476099	1.21810869586209e-08	58.3622607679891	0.999802735926078
27.525	17.75	0.999816736206464	0.799997353403029	1.20745678253185e-08	58.2422814009618	0.999853388965172
27.675	17.75	0.999863532815917	0.79999804810294	1.1968962295275e-08	58.1222967485001	0.999890826252733
27.825	17.75	0.999898149899763	0.799998560971778	1.18642339855607e-08	58.0023081881664	0.99991851991981
27.975	17.75	0.999923791677867	0.799998939167018	1.17603972330919e-08	57.8823167353927	0.999939033342294
28.125	17.75	0.999942820940688	0.799999217739303	1.16574546639788e-08	57.7623231383947	0.999954256752551
28.275	17.75	0.999956977996774	0.799999422712504	1.15553944940007e-08	57.6423279484395	0.999965582397419
28.425	17.75	0.999967543255729	0.799999573384743	1.14542163472283e-08	57.5223315717996	0.999974034604583
28.575	17.75	0.99997545780595	0.799999684049531	1.13539444940988e-08	57.4023343081157	0.99998036624476
28.725	17.75	0.999981412728896	0.799999765281157	1.12545895970191e-08	57.2823363786841	0.999985130183117
28.875	17.75	0.999985915176867	0.799999824893099	1.115614861654e-08	57.1623379472863	0.999988732141494
29.025	17.75	0.999989337201642	0.799999868651737	1.10586695347873e-08	57.0423391355017	0.999991469761314
29.175	17.75	0.999991951790847	0.799999900806644	1.09621341789873e-08	56.9223400339477	0.999993561432678
29.325	17.75	0.999993959424966	0.799999924483889	1.08665403395755e-08	56.8023407105156	0.999995167539973
29.475	17.75	0.999995507614442	0.799999941978402	1.07719461221916e-08	56.6823412163929	0.999996406091553
29.625	17.75	0.999996705242185	0.799999954970689	1.0678308901803e-08	56.5623415904601	0.999997364193748
29.775	17.75	0.999997633065889	0.799999964687609	1.05856555262035e-08	56.4423418624951	0.999998106452711
29.925	17.75	0.999998351385318	0.799999972021734	1.04940084250795e-08	56.3223420555051	0.999998681108255
30.075	17.75	0.999998905620686	0.799999977620007	1.04033915762794e-08	56.2023421874226	0.999999124496548
30.225	17.75	0.999999330355735	0.799999981949409	1.03137430248598e-08	56.0823422723399	0.999999464284588
30.375	17.75	0.999999652255998	0.799999985345716	1.02251316482121e-08	55.9623423214095	0.999999721804798
30.525	17.75	0.999999892166625	0.799999988049194	1.01375256082527e-08	55.8423423435031	0.9999999137333
30.675	17.75	1.00000006661445	0.799999990231566	1.00509742763207e-08	55.7223423456987	1.00000005329156
30.825	17.75	1.00000018888045	0.799999992015075	9.96546109175469e-09	55.6023423336436	1.00000015110436
30.975	17.75	1.0000002697643	0.799999993487285	9.88097895361643e-09	55.4823423118291	1.00000021581144
31.125	17.75	1.00000031813024	0.799999994710888	9.79752637733636e-09	55.3623422838027	1.00000025450419
31.275	17.75	1.00000034129914	0.799999995731452	9.7151264722448e-09	55.2423422523349	1.00000027303931
31.425	17.75	1.00000034533336	0.799999996582869	9.63376190102081e-09	55.1223422195538	1.00000027626669
31.575	17.75	1.00000033524795	0.79999999729088	9.553457962726e-09	55.002342187056	1.00000026819836
31.725	17.75	1.00000031517154	0.799999997875924	9.47419851250126e-09	54.8823421559989	1.00000025213723
31.875	17.75	1.00000028847335	0.799999998354597	9.39596896369872e-09	54.7623421271803	1.00000023077868
32.025	17.75	1.00000025786736	0.799999998741168	9.31882028922456e-09	54.6423421011057	1.00000020629389
32.175	17.75	1.00000022550094	0.799999999048138	9.24271090294117e-09	54.5223420780474	1.00000018040075
32.325	17.75	1.00000019303281	0.799999999286779	9.16766036971456e-09	54.402342058095	1.00000015442624
32.475	17.75	1.00000016170282	0.79999999946722	9.09363637578807e-09	54.282342041199	1.00000012936226
32.625	17.75	1.00000013239564	0.799999999598774	9.0206860793013e-09	54.1623420272079	1.00000010591651
32.775	17.75	1.00000010569876	0.799999999690002	8.94878289819866e-09	54.0423420158994	1.00000008455901
32.925	17.75	1.00000008195547	0.79999999974863	8.87790747474362e-09	53.9223420070067	1.00000006556438
33.075	17.75	1.0000000613128	0.799999999781467	8.80809049274107e-09	53.8023420002394	1.00000004905024
33.225	17.75	1.00000004376434	0.799999999794619	8.73931418672498e-09	53.6823419953002	1.00000003501148
33.375	17.75	1.00000002918823	0.799999999793413	8.67157324669722e-09	53.5623419918983	1.00000002335058
33.525	17.75	1.00000001737989	0.799999999782359	8.60486500255881e-09	53.4423419897581	1.00000001390391
33.675	17.75	1.00000000808002	0.799999999765138	8.53920902893644e-09	53.3223419886266	1.00000000646402
33.825	17.75	1.00000000099792	0.799999999744883	8.47457737549853e-09	53.2023419882772	1.00000000079834
33.975	17.75	0.999999995830305	0.799999999723965	8.41096245819066e-09	53.0823419885115	0.999999996664244
34.125	17.75	0.999999992276168	0.799999999704157	8.34839622650091e-09	52.9623419891605	0.999999993820935
34.275	17.75	0.999999990047898	0.799999999686795	8.28683956410411e-09	52.8423419900833	0.999999992038318
34.425	17.75	0.999999988879278	0.7999999996727	8.22629646429383e-09	52.7223419911653	0.999999991103423
34.575	17.75	0.999999988530648	0.799999999662402	8.16676792224119e-09	52.6023419923166	0.999999990824518
34.725	17.75	0.999999988791754	0.799999999656067	8.10825630803074e-09	52.4823419934687	0.999999991033404
34.875	17.75	0.999999989482814	0.799999999653643	8.05076523322109e-09	52.3623419945718	0.999999991586251
35.025	17.75	0.999999990454012	0.799999999654927	7.99425359759602e-09	52.2423419955919	0.99999999236321
35.175	17.75	0.999999991583956	0.799999999659512	7.93876099698115e-09	52.1223419965081	0.999999993267165
35.325	17.75	0.999999992777325	0.799999999667046	7.88426803174283e-09	52.0023419973099	0.99999999422186
35.475	17.75	0.999999993962082	0.799999999676971	7.83073820545677e-09	51.8823419979948	0.999999995169666
35.625	17.75	0.999999995086366	0.79999999968888	7.77821988506263e-09	51.7623419985661	0.999999996069093
35.775	17.75	0.999999996115372	0.799999999702232	7.72666961522962e-09	51.6423419990315	0.999999996892297
35.925	17.75	0.999999997028293	0.799999999716685	7.67610260558992e-09	51.5223419994013	0.999999997622635
36.075	17.75	0.999999997815458	0.799999999731791	7.62651512070343e-09	51.4023419996871	0.999999998252366
36.225	17.75	0.999999998475751	0.799999999747189	7.57788793855613e-09	51.2823419999011	0.999999998780601
36.375	17.75	0.999999999014288	0.799999999762644	7.5302294925891e-09	51.1623420000556	0.99999999921143
36.525	17.75	0.999999999440464	0.799999999777776	7.48353080907566e-09	51.0423420001616	0.999999999552371
36.675	17.75	0.999999999766335	0.79999999979255	7.43778578664605e-09	50.9223420002296	0.999999999813068
36.825	17.75	1.00000000000534	0.799999999806772	7.39299589155163e-09	50.8023420002687	1.00000000000428
36.975	17.75	1.00000000017135	0.799999999820312	7.34915368319245e-09	50.6823420002866	1.00000000013708
37.125	17.75	1.00000000027792	0.799999999833168	7.3062483695029e-09	50.5623420002897	1.00000000022234
37.275	17.75	1.0000000003377	0.799999999845205	7.26428280054578e-09	50.4423420002833	1.00000000027016
37.425	17.75	1.00000000036183	0.79999999985633	7.22326180560329e-09	50.3223420002713	1.00000000028947
37.575	17.75	1.00000000035915	0.79999999986643	7.18315813146375e-09	50.2023420002569	1.00000000028732
37.725	17.75	1.00000000033567	0.799999999875772	7.14397332538476e-09	50.0823420002424	1.00000000026854
37.875	17.75	1.00000000029552	0.799999999884804	7.10573308853635e-09	49.9623420002297	1.00000000023642
38.025	17.75	1.00000000024453	0.799999999894658	7.06840074058846e-09	49.8423420002202	1.00000000019562
38.175	17.75	1.00000000019658	0.799999999906076	7.03196308075503e-09	49.7223420002143	1.00000000015726
38.325	17.75	1.00000000017806	0.799999999917482	6.99645555181468e-09	49.6023420002106	1.00000000014245
38.475	17.75	1.00000000021822	0.799999999922688	6.9618447449175e-09	49.4823420002049	1.00000000017457
38.625	17.75	1.0000000003104	0.799999999911149	6.92813070257917e-09	49.3623420001919	1.00000000024832
38.775	17.75	1.00000000034602	0.799999999876362	6.89531726641508e-09	49.242342000172	1.00000000027682
38.925	17.75	1.00000000007388	0.799999999836301	6.86338767761713e-09	49.1223420001626	1.0000000000591
39.075	17.75	0.99999999921204	0.799999999857061	6.83235922986681e-09	49.0023420002069	0.999999999369632
39.225	17.75	0.999999997861599	0.80000000004764	6.8022103185678e-09	48.8823420003567	0.999999998289279
39.375	17.75	0.999999997187176	0.800000000469392	6.7729496628661e-09	48.7623420006032	0.999999997749741
39.525	17.75	0.999999999800291	0.800000000928746	6.74455877997956e-09	48.642342000756	0.999999999840233
39.675	17.75	1.00000000854993	0.800000000747144	6.71703763628452e-09	48.5223420003629	1.00000000683994
39.825	17.75	1.00000002228114	0.799999998841928	6.69038419907012e-09	48.4023419988902	1.00000001782491
39.975	17.75	1.00000002906867	0.799999994649563	6.66460288546496e-09	48.2823419964323	1.00000002325493
40.125	17.75	1.00000000269438	0.799999990154707	6.63968994742391e-09	48.1623419949142	1.0000000021555
40.275	17.75	0.999999915051629	0.799999992034236	6.61563455211893e-09	48.0423419988686	0.999999932041303
40.425	17.75	0.99999977787523	0.800000010673451	6.59244994827121e-09	47.922342013614	0.999999822300184
40.575	17.75	0.999999707649975	0.80000005117754	6.57010484211371e-09	47.8023420383145	0.99999976611998
40.725	17.75	0.999999957517806	0.800000094357935	6.54861324966929e-09	47.6823420543919	0.999999966014245
40.875	17.75	1.00000079734945	0.800000077529437	6.52796467104938e-09	47.5623420181637	1.00000063787956
41.025	17.75	1.00000212196186	0.799999904977807	6.50817197724385e-09	47.442341878042	1.00000169756949
41.175	17.75	1.00000285290256	0.79999953081277	6.48921195558619e-09	47.3223416392537	1.00000228232205
41.325	17.75	1.00000065163098	0.799999128525956	6.4710989154276e-09	47.2023414710412	1.00000052130479
41.475	17.75	0.999993003858007	0.799999256048011	6.45388283823212e-09	47.0823417755829	0.999994403086406
41.625	17.75	0.99998070663772	0.800000756620167	6.43751605964374e-09	46.9623430374848	0.999984565310176
41.775	17.75	0.99997313846389	0.8000040412126	6.42193090268765e-09	46.8423452529259	0.999978510771112
41.925	17.75	0.999990827520561	0.800007658095651	6.40707245284561e-09	46.722346982562	0.999992662016449
42.075	17.75	1.00005637953627	0.800006936683539	6.39280239813045e-09	46.6023447166301	1.00004510362901
42.225	17.75	1.00016528886165	0.799994824525821	6.37912937042873e-09	46.4823340765921	1.00013223108932
42.375	17.75	1.00024184955371	0.799967674564882	6.36644690122133e-09	46.3623145340162	1.00019347964297
42.525	17.75	1.00011633628584	0.799936550809498	6.35561366716299e-09	46.2422973409846	1.00009306902867
42.675	17.75	0.99959422690536	0.799937860974804	6.34761761916208e-09	46.122311233978	0.999675381524288
42.825	17.75	0.99868392630095	0.800027372734737	6.34242474067738e-09	46.0023938850749	0.99894714104076
42.975	17.75	0.997944673218148	0.800237007084763	6.33719857482017e-09	45.8825557169537	0.998355738574518
43.125	17.75	0.998684258969536	0.800490005690609	6.32533726733686e-09	45.762717522602	0.998947407175629
43.275	17.75	1.00248296175073	0.800522975333473	6.29886347470027e-09	45.6426614922573	1.00198636940059
43.425	17.75	1.00955927623768	0.799934825730084	6.25694747593911e-09	45.5220835896992	1.00764742099014
43.575	17.75	1.0162338073843	0.798479881732275	6.21813711560082e-09	45.4008458130251	1.01298704590744
43.725	17.75	1.01328677101019	0.796573391922947	6.22748030041954e-09	45.2794286567154	1.01062941680815
43.875	17.75	0.988680897763952	0.795833250687769	6.3468448717389e-09	45.1593336622679	0.990944718211162
44.025	17.75	0.93836789664201	0.799351007343186	6.61227746247759e-09	45.0428406298117	0.950694317313608
44.175	17.75	0.8846731334566	0.810192428724403	6.92322856307122e-09	44.9313521242019	0.90773850676528
44.325	17.75	0.889127901581806	0.824441952883642	6.89518772251898e-09	44.8222077701788	0.911302321265445
44.475	17.75	1.03257195133901	0.826489829076329	6.12319837773422e-09	44.7059573645785	1.02605756107121
44.625	17.75	1.34924434186965	0.808622132984566	4.9095430935057e-09	44.5677999286972	1.27939547349572
44.775	17.75	1.7640881180722	0.709537047504226	3.89709589661312e-09	44.3955931155658	1.61127049445776
44.925	17.75	2.11154506617428	0.834636814152331	3.32297009335363e-09	44.2248230958867	1.88923605293943
0.075	18.25	3.47473592643969e-16	0.399999997716591	-1.69158113963757e-07	65.389533195122	0.2
0.225	18.25	1.09796500133314e-15	0.79999999315237	-1.690051768087e-07	65.365533195259	0.200000000000001
0.375	18.25	2.54818935774666e-15	0.799999988598228	-1.68699498119045e-07	65.3415331955328	0.200000000000002
0.525	18.25	4.61626592274004e-15	0.799999984059078	-1.6824188179001e-07	65.3175331959431	0.200000000000004
0.675	18.25	7.1488171925696e-15	0.799999979542525	-1.67633254963039e-07	65.2935331964892	0.200000000000006
0.825	18.25	9.93588451738411e-15	0.799999975053775	-1.66874729815011e-07	65.2695331971705	0.200000000000008
0.975	18.25	1.27379707632037e-14	0.799999970598763	-1.65967906026971e-07	65.245533197986	0.20000000000001
1.125	18.25	1.5299707746625e-14	0.799999966184738	-1.64914780976312e-07	65.2215331989346	0.200000000000012
1.275	18.25	1.73403392212988e-14	0.799999961816314	-1.63717445485077e-07	65.1975332000149	0.200000000000014
1.425	18.25	1.85241248924431e-14	0.799999957498892	-1.62377975466745e-07	65.1735332012256	0.200000000000015
1.575	18.25	1.84215048146124e-14	0.799999953240056	-1.60899636498386e-07	65.149533202565	0.200000000000015
1.725	18.25	1.64738677687559e-14	0.799999949043262	-1.59284938634366e-07	65.1255332040312	0.200000000000013
1.875	18.25	1.19727203439551e-14	0.799999944914139	-1.57537402392462e-07	65.1015332056224	0.20000000000001
2.025	18.25	4.06046903868834e-15	0.799999940858484	-1.55660296596062e-07	65.0775332073364	0.200000000000003
2.175	18.25	-8.24292394920792e-15	0.799999936880714	-1.53657214165422e-07	65.0535332091709	0.199999999999993
2.325	18.25	-2.59845161434762e-14	0.799999932985444	-1.51532231089091e-07	65.0295332111235	0.199999999999979
2.475	18.25	-5.01911019526185e-14	0.79999992917662	-1.49289289129134e-07	65.0055332131918	0.19999999999996
2.625	18.25	-8.17460353393849e-14	0.79999992545952	-1.46932941008563e-07	64.9815332153729	0.199999999999935
2.775	18.25	-1.21225260329617e-13	0.799999921837668	-1.44467215729069e-07	64.9575332176642	0.199999999999903
2.925	18.25	-1.68687715312562e-13	0.799999918313678	-1.41897085459807e-07	64.9335332200627	0.199999999999865
3.075	18.25	-2.23416675424961e-13	0.79999991489277	-1.39227122766803e-07	64.9095332225654	0.199999999999821
3.225	18.25	-2.83611701809525e-13	0.799999911577378	-1.36462029315396e-07	64.8855332251692	0.199999999999773
3.375	18.25	-3.46035721267399e-13	0.799999908369467	-1.33606937157042e-07	64.8615332278708	0.199999999999723
3.525	18.25	-4.05628575045361e-13	0.799999905273546	-1.30666989527252e-07	64.8375332306671	0.199999999999676
3.675	18.25	-4.55107110919664e-13	0.799999902290609	-1.27647149388439e-07	64.8135332335545	0.199999999999636
3.825	18.25	-4.84582717380101e-13	0.799999899422917	-1.2455279587864e-07	64.7895332365297	0.199999999999612
3.975	18.25	-4.81239925058512e-13	0.799999896672594	-1.21388895281927e-07	64.7655332395892	0.199999999999615
4.125	18.25	-4.29134255955542e-13	0.799999894042272	-1.18160997672156e-07	64.7415332427294	0.199999999999657
4.275	18.25	-3.09183273072715e-13	0.799999891530902	-1.14874223985208e-07	64.7175332459468	0.199999999999753
4.425	18.25	-9.94411514318221e-14	0.799999889141957	-1.11533850474627e-07	64.6935332492376	0.19999999999992
4.575	18.25	2.2423728358788e-13	0.799999886874414	-1.08145059899469e-07	64.6695332525983	0.200000000000179
4.725	18.25	6.87023672206309e-13	0.799999884730176	-1.04713079751225e-07	64.6455332560251	0.20000000000055
4.875	18.25	1.31330608102611e-12	0.799999882708704	-1.01243095218483e-07	64.6215332595144	0.200000000001051
5.025	18.25	2.12411153143782e-12	0.799999880810431	-9.77403660774347e-08	64.5975332630623	0.200000000001699
5.175	18.25	3.13363918644333e-12	0.799999879035285	-9.42099807855872e-08	64.5735332666653	0.200000000002507
5.325	18.25	4.34480443449181e-12	0.799999877381881	-9.06565864384399e-08	64.5495332703196	0.200000000003476
5.475	18.25	5.74373426600249e-12	0.799999875851566	-8.70854148015142e-08	64.5255332740216	0.200000000004595
5.625	18.25	7.29321650115514e-12	0.799999874441126	-8.35010089924837e-08	64.5015332777675	0.200000000005835
5.775	18.25	8.92519397137829e-12	0.799999873151491	-7.99081335706217e-08	64.4775332815537	0.20000000000714
5.925	18.25	1.05325131916983e-11	0.799999871980659	-7.63113713414868e-08	64.4535332853767	0.200000000008426
6.075	18.25	1.1960288490236e-11	0.799999870926241	-7.27151275944227e-08	64.4295332892328	0.200000000009568
6.225	18.25	1.29974281891049e-11	0.799999869988884	-6.912346139155e-08	64.4055332931188	0.200000000010398
6.375	18.25	1.3369088849706e-11	0.799999869165313	-6.55409181206279e-08	64.381533297031	0.200000000010695
6.525	18.25	1.27310730706234e-11	0.799999868453436	-6.1971133385826e-08	64.3575333009663	0.200000000010185
6.675	18.25	1.06674589519645e-11	0.799999867851704	-5.84181503045027e-08	64.3335333049214	0.200000000008534
6.825	18.25	6.693033218895e-12	0.799999867358813	-5.48858624268721e-08	64.3095333088931	0.200000000005354
6.975	18.25	2.6237839277074e-13	0.799999866970442	-5.13773379090734e-08	64.2855333128786	0.20000000000021
7.125	18.25	-9.21228595080017e-12	0.799999866686321	-4.78962377590035e-08	64.2615333168748	0.19999999999263
7.275	18.25	-2.23322162904914e-11	0.799999866502535	-4.44457401786695e-08	64.2375333208792	0.199999999982134
7.425	18.25	-3.96698244243421e-11	0.799999866417305	-4.10289103550488e-08	64.213533324889	0.199999999968264
7.575	18.25	-6.17105758962446e-11	0.799999866427681	-3.76486758484222e-08	64.1895333289017	0.199999999950632
7.725	18.25	-8.87769891585276e-11	0.79999986653092	-3.43075992455595e-08	64.1655333329152	0.199999999928978
7.875	18.25	-1.20933086942934e-10	0.799999866725218	-3.1008188961491e-08	64.1415333369269	0.199999999903254
8.025	18.25	-1.57868419428725e-10	0.799999867006471	-2.77530438171876e-08	64.1175333409349	0.199999999873705
8.175	18.25	-1.98761901658567e-10	0.799999867372606	-2.45442867302351e-08	64.0935333449368	0.19999999984099
8.325	18.25	-2.42127237554504e-10	0.799999867821177	-2.13838819712485e-08	64.0695333489307	0.199999999806298
8.475	18.25	-2.85643683119747e-10	0.799999868348558	-1.82739284213674e-08	64.0455333529141	0.199999999771485
8.625	18.25	-3.25978359718167e-10	0.79999986895251	-1.52159117395166e-08	64.0215333568846	0.199999999739217
8.775	18.25	-3.58609270907376e-10	0.799999869629883	-1.22115459599813e-08	63.9975333608395	0.199999999713113
8.925	18.25	-3.77661578679298e-10	0.799999870377837	-9.26223859472928e-09	63.9735333647757	0.199999999697871
9.075	18.25	-3.75773495689361e-10	0.799999871193853	-6.36926841453763e-09	63.9495333686893	0.199999999699381
9.225	18.25	-3.44012239792802e-10	0.799999872074401	-3.53382730258895e-09	63.9255333725762	0.19999999972479
9.375	18.25	-2.71864713925702e-10	0.799999873016879	-7.56803674025945e-10	63.9015333764309	0.199999999782508
9.525	18.25	-1.47331692436699e-10	0.799999874017909	1.96093953493492e-09	63.8775333802474	0.199999999882135
9.675	18.25	4.28419754895709e-11	0.799999875074476	4.61859521037115e-09	63.8535333840181	0.200000000034274
9.825	18.25	3.1276565588308e-10	0.799999876183021	7.21561103860302e-09	63.8295333877347	0.200000000250213
9.975	18.25	6.76792423643274e-10	0.799999877340288	9.7514780352952e-09	63.8055333913871	0.200000000541434
10.125	18.25	1.14866234247757e-09	0.799999878542259	1.22259130339919e-08	63.7815333949643	0.20000000091893
10.275	18.25	1.74036420283491e-09	0.799999879785364	1.46385867818571e-08	63.757533398454	0.200000001392291
10.425	18.25	2.46068527874617e-09	0.799999881065297	1.69895128102606e-08	63.733533401843	0.200000001968548
10.575	18.25	3.31342694531723e-09	0.799999882377857	1.92783935166957e-08	63.7095334051177	0.200000002650742
10.725	18.25	4.29527624847119e-09	0.799999883718537	2.15055842366019e-08	63.6855334082642	0.200000003436221
10.875	18.25	5.39334025281488e-09	0.799999885082305	2.36710936348211e-08	63.6615334112699	0.200000004314672
11.025	18.25	6.58237163019208e-09	0.799999886464633	2.577511418912e-08	63.6375334141237	0.200000005265897
11.175	18.25	7.8217407498541e-09	0.799999887860371	2.78181304877987e-08	63.6135334168182	0.200000006257393
11.325	18.25	9.05224154659891e-09	0.799999889264946	2.98003573993427e-08	63.5895334193503	0.200000007241793
11.475	18.25	1.01928554593773e-08	0.799999890673216	3.17224911615649e-08	63.5655334217242	0.200000008154284
11.625	18.25	1.11376392168936e-08	0.799999892080949	3.35849102729471e-08	63.5415334239529	0.200000008910111
11.775	18.25	1.17529472876078e-08	0.799999893484349	3.53883449202286e-08	63.517533426061	0.200000009402358
11.925	18.25	1.18752470933811e-08	0.799999894880381	3.71333326515317e-08	63.4935334280873	0.200000009500198
12.075	18.25	1.13098328519739e-08	0.799999896267111	3.88207273464724e-08	63.4695334300881	0.200000009047866
12.225	18.25	9.83078998283821e-09	0.799999897643448	4.04513233457258e-08	63.4455334321398	0.200000007864632
12.375	18.25	7.1826037943888e-09	0.799999899011152	4.20258823931246e-08	63.421533434342	0.200000005746083
12.525	18.25	3.08384076609367e-09	0.799999900373054	4.35452231709284e-08	63.39753343682	0.200000002467073
12.675	18.25	-2.76664497122221e-09	0.799999901735188	4.50103402359399e-08	63.3735334397275	0.199999997786684
12.825	18.25	-1.06805164876097e-08	0.799999903105628	4.64221412494724e-08	63.3495334432471	0.199999991455587
12.975	18.25	-2.09673122252136e-08	0.799999904496521	4.77815562506928e-08	63.3255334475918	0.19999998322615
13.125	18.25	-3.39179235516676e-08	0.799999905922542	4.9089673770455e-08	63.3015334530031	0.199999972865661
13.275	18.25	-4.97838017621478e-08	0.799999907402962	5.03474566265298e-08	63.2775334597487	0.199999960172959
13.425	18.25	-6.87515682368715e-08	0.799999908960505	5.15559138893243e-08	63.2535334681174	0.199999944998745
13.575	18.25	-9.09127822170576e-08	0.799999910622299	5.27162629133227e-08	63.2295334784113	0.199999927269774
13.725	18.25	-1.16228712869596e-07	0.799999912419218	5.3829445072288e-08	63.2055334909353	0.19999990701703
13.875	18.25	-1.44490056170355e-07	0.799999914386315	5.48965325069179e-08	63.1815335059821	0.199999884407955
14.025	18.25	-1.75271617345469e-07	0.799999916562714	5.59187106615834e-08	63.1575335238142	0.199999859782706
14.175	18.25	-2.07882023813702e-07	0.799999918992026	5.6897089713591e-08	63.1335335446405	0.199999833694381
14.325	18.25	-2.41308510253485e-07	0.799999921720879	5.78326088404455e-08	63.109533568588	0.199999806953192
14.475	18.25	-2.74156683390264e-07	0.799999924801422	5.8726600462681e-08	63.0855335956685	0.199999780674653
14.625	18.25	-3.0458487110215e-07	0.799999928290202	5.95800827483142e-08	63.061533625738	0.199999756332103
14.775	18.25	-3.30232110871595e-07	0.799999932250602	6.03941115809649e-08	63.0375336584513	0.199999735814311
14.925	18.25	-3.48137933720262e-07	0.799999936755481	6.11698167205032e-08	63.0135336932075	0.199999721489653
15.075	18.25	-3.54650716133446e-07	0.799999941890636	6.19084357488659e-08	62.9895337290885	0.199999716279427
15.225	18.25	-3.45319325851952e-07	0.799999947761957	6.26109210974649e-08	62.965533764787	0.199999723744539
15.375	18.25	-3.14759843324255e-07	0.799999954505501	6.32783524648786e-08	62.9415337985241	0.199999748192125
15.525	18.25	-2.56484990384582e-07	0.799999962301925	6.39118437843564e-08	62.9175338279506	0.199999794812008
15.675	18.25	-1.62678134144533e-07	0.799999971396015	6.45124011661685e-08	62.8935338500311	0.199999869857493
15.825	18.25	-2.3885817746644e-08	0.799999982128482	6.50811372207709e-08	62.869533860901	0.199999980891346
15.975	18.25	1.71408018050197e-07	0.799999994975127	6.56191506424003e-08	62.8455338556894	0.200000137126414
16.125	18.25	4.37377580649329e-07	0.800000010605019	6.61272409744616e-08	62.8215338282922	0.200000349902065
16.275	18.25	7.91691749252671e-07	0.800000029957871	6.66065090807481e-08	62.7975337710766	0.200000633353399
16.425	18.25	1.25668941031978e-06	0.800000054352008	6.70580447495838e-08	62.7735336744899	0.200001005351528
16.575	18.25	1.86102725799402e-06	0.800000085628024	6.74827782165084e-08	62.7495335265311	0.200001488821806
16.725	18.25	2.64198180608721e-06	0.800000126348506	6.78814510267248e-08	62.7255333120349	0.200002113585445
16.875	18.25	3.64865179181572e-06	0.800000180060312	6.82552311671307e-08	62.7015330116897	0.200002918921433
17.025	18.25	4.94639335233791e-06	0.800000251655987	6.86048616944179e-08	62.67753260069	0.200003957114682
17.175	18.25	6.62293575199947e-06	0.800000347853326	6.89312409346946e-08	62.6535320468825	0.200005298348602
17.325	18.25	8.79678048753917e-06	0.800000477847525	6.92353036526059e-08	62.6295313082146	0.20000703742439
17.475	18.25	1.16286961599077e-05	0.80000065418529	6.95176900302851e-08	62.6055303292288	0.200009302956928
17.625	18.25	1.53374061891158e-05	0.800000893954019	6.97793551235425e-08	62.581529036252	0.200012269924951
17.775	18.25	2.02209532333362e-05	0.800001220382237	7.00208389018917e-08	62.5575273308062	0.200016176762587
17.925	18.25	2.66857456671476e-05	0.800001664996405	7.0242921672704e-08	62.5335250806001	0.200021348596534
18.075	18.25	3.52859847720917e-05	0.800002270500846	7.04463030460821e-08	62.5095221072326	0.200028228787818
18.225	18.25	4.67770803631414e-05	0.800003094605767	7.06312808176982e-08	62.4855181694417	0.200037421664291
18.375	18.25	6.21878516803608e-05	0.800004215113033	7.07983643562657e-08	62.4615129403221	0.200049750281344
18.525	18.25	8.29178958213636e-05	0.800005736745153	7.09479482309946e-08	62.4375059764045	0.200066334316657
18.675	18.25	0.000110868703343238	0.800007800474588	7.10800270844578e-08	62.4134966757672	0.200088694962675
18.825	18.25	0.00014862026100313	0.800010596462045	7.11946625631134e-08	62.3894842213774	0.200118896208802
18.975	18.25	0.000199669461892973	0.80001438202651	7.12913445057263e-08	62.3654675045114	0.200159735569514
19.125	18.25	0.00026875305190201	0.800019506096041	7.13694511852021e-08	62.34144502123	0.200215002441522
19.275	18.25	0.000362286167172628	0.800026441173143	7.14276907837017e-08	62.3174147323016	0.200289828933738
19.425	18.25	0.000488957316522239	0.80003582313662	7.14640440211253e-08	62.2933738735165	0.200391165853218
19.575	18.25	0.000660531203452076	0.80004849913726	7.14758606245383e-08	62.2693186989047	0.200528424962762
19.725	18.25	0.000892922226113162	0.800065586110193	7.14591578603372e-08	62.2452441338887	0.200714337780891
19.875	18.25	0.00120761714673381	0.80008854887241	7.14083705319255e-08	62.2211433086155	0.200966093717387
20.025	18.25	0.00163355414547967	0.80011931719197	7.13160086035385e-08	62.1970069328002	0.201306843316384
20.175	18.25	0.00220962182523868	0.800160470652049	7.11718717101637e-08	62.1728224604094	0.201767697460191
20.325	18.25	0.00298804040755345	0.800215516882985	7.09623317839995e-08	62.1485729720716	0.202390432326043
20.475	18.25	0.00403902970872359	0.800289256497424	7.06695049139909e-08	62.1242356710846	0.203231223766979
20.625	18.25	0.00545732379244596	0.800388154707205	7.02695703520517e-08	62.0997798425819	0.204365859033957
20.775	18.25	0.00737118413267684	0.800520531453122	6.97319362332305e-08	62.0751640672454	0.205896947306141
20.925	18.25	0.00995447763932348	0.800696275656157	6.90165034117333e-08	62.0503324224773	0.207963582111459
21.075	18.25	0.0134420122541309	0.800925748696309	6.8074177338283e-08	62.0252093675448	0.210753609803305
21.225	18.25	0.0181476179015335	0.801217630405624	6.68453127434072e-08	61.9996930246607	0.214518094321227
21.375	18.25	0.0244834938934646	0.801575697249836	6.52633900994505e-08	61.9736466637814	0.219586795114772
21.525	18.25	0.032978263386976	0.801994861288313	6.32618543056726e-08	61.9468883931404	0.226382610709581
21.675	18.25	0.0442900727075565	0.802457164278676	6.07854020867089e-08	61.9191793566392	0.235432058166045
21.825	18.25	0.0592098324644683	0.802928776957474	5.78065945487919e-08	61.8902111506075	0.247367865971575
21.975	18.25	0.0786480172475725	0.803359390888577	5.43418513912351e-08	61.8595937232143	0.262918413798058
22.125	18.25	0.103596191315457	0.803685574606632	5.0463310077919e-08	61.8268457575788	0.282876953052366
22.275	18.25	0.135052303687583	0.803839320315817	4.62983834765125e-08	61.7913904852472	0.308041842950066
22.425	18.25	0.173898994569746	0.803761736940596	4.20154728789057e-08	61.7525609138791	0.339119195655797
22.575	18.25	0.220730585993802	0.803419689001321	3.77974458961585e-08	61.7096191751281	0.376584468795042
22.725	18.25	0.275641527896756	0.802820786267312	3.3812342965311e-08	61.6617943008385	0.420513222317405
22.875	18.25	0.338017857432957	0.802020574755243	3.01892130763102e-08	61.6083401483951	0.470414285946366
23.025	18.25	0.40640472446968	0.801116447915193	2.70063903548791e-08	61.5486097200421	0.525123779575744
23.175	18.25	0.478534573273069	0.800226926269365	2.42921701803086e-08	61.4821345592923	0.582827658618456
23.325	18.25	0.551566087626351	0.7994619690256	2.20342530897947e-08	61.4086914043018	0.641252870101081
23.475	18.25	0.622501308677283	0.798895927940446	2.01929094551734e-08	61.32833737464	0.698001046941827
23.625	18.25	0.688659258472776	0.798554408320947	1.87137208631061e-08	61.2414023460718	0.750927406778221
23.775	18.25	0.748051810647577	0.798418742126127	1.75378321043859e-08	61.1484404573364	0.798441448518062
23.925	18.25	0.799557781472767	0.798442567396594	1.6608791146554e-08	61.0501551609757	0.839646225178214
24.075	18.25	0.842886470609759	0.798570848333267	1.58762353928795e-08	60.9473176710156	0.874309176487807
24.225	18.25	0.87839815617234	0.7987539601176	1.52974226213775e-08	60.8406958147436	0.902718524937872
24.375	18.25	0.906872100506723	0.798954491059875	1.48373901397047e-08	60.7310026720159	0.925497680405378
24.525	18.25	0.929292198187539	0.799148194621077	1.44681285755792e-08	60.618866656276	0.943433758550032
24.675	18.25	0.9466850940822	0.799321771114271	1.41676428143736e-08	60.504819656549	0.95734807526576
24.825	18.25	0.960016774629298	0.799469690697142	1.391894655073e-08	60.3892979085477	0.968013419703439
24.975	18.25	0.970138073058952	0.799591291520869	1.37090341764135e-08	60.2726504397767	0.976110458447161
25.125	18.25	0.977764769212639	0.799688595755622	1.35279388084338e-08	60.1551510819067	0.982211815370111
25.275	18.25	0.983479107264839	0.799764850779817	1.33682020223254e-08	60.0370113635663	0.986783285811871
25.425	18.25	0.987742791100564	0.799823639627272	1.32242902068972e-08	59.9183927057079	0.990194232880451
25.575	18.25	0.990914817858574	0.799868385677076	1.30920126611626e-08	59.7994171369822	0.992731854286859
25.725	18.25	0.993270126782505	0.7999021107024	1.29683619290297e-08	59.6801762579983	0.994616101426004
25.875	18.25	0.995016874797304	0.799927347211719	1.28510786505086e-08	59.5607384813214	0.996013499837843
26.025	18.25	0.996311339955246	0.799946139585705	1.27385309559444e-08	59.4411547269846	0.997049071964197
26.175	18.25	0.997270176118375	0.799960091828391	1.26295335995585e-08	59.3214628144928	0.9978161408947
26.325	18.25	0.997980145938255	0.799970435250021	1.25232136620992e-08	59.2016907994752	0.998384116750604
26.475	18.25	0.998505654701968	0.799978099807042	1.24189933490635e-08	59.0818594815657	0.998804523761574
26.625	18.25	0.998894473353991	0.799983779951666	1.23164106404375e-08	58.9619842759759	0.999115578683193
26.775	18.25	0.99918202980536	0.799987990695738	1.2215133221163e-08	58.8420766043926	0.999345623844288
26.925	18.25	0.999394600867838	0.799991112746559	1.21149438184101e-08	58.722144926687	0.99951568069427
27.075	18.25	0.99955167692939	0.799993427402698	1.20157131386492e-08	58.6021955059107	0.999641341543512
27.225	18.25	0.999667711986252	0.799995142775905	1.1917306386972e-08	58.4822329757885	0.999734169589001
27.375	18.25	0.999753419907761	0.79999641313823	1.18196433863407e-08	58.3622607619893	0.999802735926209
27.525	18.25	0.999816736206591	0.799997353067197	1.17227182980696e-08	58.2422813950125	0.999853388965273
27.675	18.25	0.999863532816013	0.799998047769302	1.16264809524236e-08	58.122296742601	0.99989082625281
27.825	18.25	0.999898149899839	0.799998560640455	1.15309417421994e-08	58.0023081823171	0.999918519919872
27.975	18.25	0.999923791677916	0.799998938838009	1.14360792445622e-08	57.8823167295929	0.999939033342333
28.125	18.25	0.999942820940719	0.799999217412751	1.13418799482083e-08	57.7623231326441	0.999954256752575
28.275	18.25	0.999956977996795	0.799999422388426	1.12483852652161e-08	57.6423279427377	0.999965582397436
28.425	18.25	0.999967543255739	0.799999573063274	1.11555871626394e-08	57.5223315661462	0.999974034604591
28.575	18.25	0.999975457805959	0.799999683730724	1.10635083216219e-08	57.4023343025103	0.999980366244767
28.725	18.25	0.999981412728893	0.799999764965001	1.09721555132235e-08	57.2823363731264	0.999985130183114
28.875	18.25	0.999985915176874	0.799999824579704	1.08815573179333e-08	57.1623379417758	0.999988732141499
29.025	18.25	0.999989337201643	0.79999986834123	1.07917149008046e-08	57.0423391300379	0.999991469761314
29.175	18.25	0.999991951790843	0.799999900498931	1.07026430920334e-08	56.9223400285304	0.999993561432674
29.325	18.25	0.99999395942496	0.799999924179089	1.06143621270203e-08	56.8023407051442	0.999995167539968
29.475	18.25	0.999995507614436	0.799999941676542	1.05268712505908e-08	56.682341211067	0.999996406091549
29.625	18.25	0.999996705242189	0.799999954671872	1.04402144825337e-08	56.5623415851792	0.999997364193752
29.775	18.25	0.999997633065892	0.799999964391772	1.0354388002749e-08	56.4423418572589	0.999998106452713
29.925	18.25	0.999998351385317	0.799999971728956	1.02693717424372e-08	56.322342050313	0.999998681108254
30.075	18.25	0.999998905620688	0.799999977330361	1.01852162717236e-08	56.2023421822742	0.999999124496551
30.225	18.25	0.999999330355734	0.7999999816629	1.01019196094798e-08	56.0823422672347	0.999999464284587
30.375	18.25	0.999999652256	0.799999985062285	1.00195135799011e-08	55.962342316347	0.9999997218048
30.525	18.25	0.999999892166622	0.799999987768967	9.93797065973795e-09	55.8423423384829	0.999999913733298
30.675	18.25	1.00000006661445	0.799999989954511	9.85731373457002e-09	55.7223423407203	1.00000005329156
30.825	18.25	1.00000018888044	0.799999991741326	9.77754918246208e-09	55.6023423287065	1.00000015110436
30.975	18.25	1.0000002697643	0.799999993216701	9.69869414047943e-09	55.4823423069329	1.00000021581144
31.125	18.25	1.00000031813024	0.799999994443533	9.62074049850821e-09	55.3623422789468	1.00000025450419
31.275	18.25	1.00000034129913	0.799999995467378	9.54369190979132e-09	55.2423422475188	1.00000027303931
31.425	18.25	1.00000034533335	0.799999996322059	9.46757317274609e-09	55.1223422147771	1.00000027626668
31.575	18.25	1.00000033524796	0.799999997033392	9.39236645740899e-09	55.0023421823182	1.00000026819836
31.725	18.25	1.00000031517155	0.799999997621673	9.31807681031438e-09	54.8823421512995	1.00000025213724
31.875	18.25	1.00000028847336	0.799999998103623	9.2447356805134e-09	54.7623421225187	1.00000023077868
32.025	18.25	1.00000025786735	0.799999998493561	9.17231652818348e-09	54.6423420964815	1.00000020629388
32.175	18.25	1.00000022550095	0.799999998803854	9.10084261241012e-09	54.5223420734601	1.00000018040076
32.325	18.25	1.00000019303281	0.79999999904578	9.03030353846024e-09	54.4023420535442	1.00000015442625
32.475	18.25	1.00000016170283	0.799999999229493	8.96070725370391e-09	54.2823420366841	1.00000012936227
32.625	18.25	1.00000013239566	0.799999999364379	8.89204214832967e-09	54.1623420227284	1.00000010591652
32.775	18.25	1.00000010569877	0.799999999458962	8.82431584460538e-09	54.0423420114548	1.00000008455901
32.925	18.25	1.00000008195547	0.79999999952085	8.75755282338155e-09	53.9223420025965	1.00000006556437
33.075	18.25	1.00000006131279	0.799999999556973	8.69168886476511e-09	53.8023419958631	1.00000004905023
33.225	18.25	1.00000004376434	0.799999999573485	8.62679836529439e-09	53.6823419909574	1.00000003501147
33.375	18.25	1.00000002918824	0.799999999575589	8.56285210755644e-09	53.5623419875883	1.00000002335059
33.525	18.25	1.00000001737989	0.799999999567788	8.49984171459429e-09	53.4423419854805	1.00000001390391
33.675	18.25	1.00000000808002	0.799999999553914	8.4377886190523e-09	53.322341984381	1.00000000646401
33.825	18.25	1.00000000099791	0.79999999953691	8.37664902950619e-09	53.202341984063	1.00000000079833
33.975	18.25	0.999999995830306	0.799999999519238	8.31648132306321e-09	53.0823419843283	0.999999996664245
34.125	18.25	0.99999999227616	0.799999999502769	8.25721971614568e-09	52.9623419850078	0.999999993820928
34.275	18.25	0.999999990047897	0.799999999488604	8.19891239077185e-09	52.8423419859605	0.999999992038317
34.425	18.25	0.999999988879281	0.799999999477761	8.14154446797195e-09	52.722341987072	0.999999991103425
34.575	18.25	0.999999988530638	0.79999999947077	8.08511654246131e-09	52.6023419882523	0.99999999082451
34.725	18.25	0.999999988791748	0.79999999946762	8.02960510350478e-09	52.4823419894329	0.999999991033398
34.875	18.25	0.999999989482814	0.799999999468414	7.97501498505861e-09	52.362341990564	0.999999991586252
35.025	18.25	0.999999990454013	0.799999999472925	7.92136751129705e-09	52.2423419916117	0.99999999236321
35.175	18.25	0.999999991583949	0.799999999480691	7.86864193256801e-09	52.122341992555	0.999999993267159
35.325	18.25	0.999999992777318	0.799999999491413	7.81682870914159e-09	52.0023419933833	0.999999994221854
35.475	18.25	0.999999993962084	0.799999999504534	7.76595670266739e-09	51.8823419940943	0.999999995169668
35.625	18.25	0.999999995086372	0.799999999519585	7.71599231685364e-09	51.7623419946912	0.999999996069098
35.775	18.25	0.99999999611537	0.799999999536134	7.6669359296332e-09	51.6423419951818	0.999999996892296
35.925	18.25	0.999999997028286	0.799999999553749	7.61880379754174e-09	51.5223419955762	0.999999997622629
36.075	18.25	0.999999997815454	0.799999999571926	7.57155303986297e-09	51.4023419958863	0.999999998252363
36.225	18.25	0.999999998475753	0.799999999590456	7.52523086899949e-09	51.2823419961241	0.999999998780602
36.375	18.25	0.999999999014294	0.799999999608973	7.47980383450349e-09	51.1623419963018	0.999999999211435
36.525	18.25	0.999999999440466	0.799999999627259	7.43527806133028e-09	51.0423419964307	0.999999999552373
36.675	18.25	0.999999999766335	0.799999999645106	7.39164507735379e-09	50.922341996521	0.999999999813068
36.825	18.25	1.00000000000535	0.799999999662374	7.34891340881055e-09	50.802341996582	1.00000000000428
36.975	18.25	1.00000000017135	0.799999999678982	7.30705651501864e-09	50.6823419966213	1.00000000013708
37.125	18.25	1.00000000027791	0.799999999694914	7.26610106296996e-09	50.5623419966454	1.00000000022233
37.275	18.25	1.00000000033769	0.799999999709962	7.22603499542071e-09	50.4423419966594	1.00000000027015
37.425	18.25	1.00000000036183	0.799999999724071	7.18682405956629e-09	50.3223419966675	1.00000000028946
37.575	18.25	1.00000000035914	0.799999999737189	7.14850264165927e-09	50.2023419966728	1.00000000028731
37.725	18.25	1.00000000033567	0.799999999749478	7.1110602262713e-09	50.0823419966774	1.00000000026854
37.875	18.25	1.00000000029552	0.799999999761564	7.07447114615422e-09	49.9623419966834	1.00000000023642
38.025	18.25	1.00000000024452	0.7999999997744	7.03874917580117e-09	49.8423419966922	1.00000000019562
38.175	18.25	1.00000000019657	0.799999999788737	7.00391687885138e-09	49.7223419967042	1.00000000015726
38.325	18.25	1.00000000017806	0.799999999803072	6.96992907426772e-09	49.6023419967178	1.00000000014245
38.475	18.25	1.00000000021822	0.799999999811199	6.93680095492153e-09	49.4823419967291	1.00000000017457
38.625	18.25	1.00000000031039	0.799999999802578	6.90452072993595e-09	49.3623419967326	1.00000000024832
38.775	18.25	1.00000000034601	0.799999999770756	6.8730972322082e-09	49.2423419967287	1.00000000027681
38.925	18.25	1.00000000007387	0.799999999733533	6.84253078165886e-09	49.1223419967349	1.00000000005909
39.075	18.25	0.999999999212036	0.799999999757191	6.81280059422525e-09	49.0023419967944	0.999999999369629
39.225	18.25	0.999999997861591	0.799999999950689	6.78389836798971e-09	48.882341996959	0.999999998289273
39.375	18.25	0.999999997187169	0.800000000375266	6.75585563012189e-09	48.7623419972198	0.999999997749735
39.525	18.25	0.999999999800278	0.80000000083747	6.72864341438593e-09	48.6423419973865	0.999999999840222
39.675	18.25	1.00000000854992	0.800000000658683	6.70227074428212e-09	48.5223419970069	1.00000000683993
39.825	18.25	1.00000002228113	0.799999998756337	6.67671174982629e-09	48.4023419955473	1.0000000178249
39.975	18.25	1.00000002906866	0.799999994566793	6.65200082478195e-09	48.282341993102	1.00000002325493
40.125	18.25	1.00000000269437	0.799999990074768	6.62810454901967e-09	48.1623419915961	1.00000000215549
40.275	18.25	0.99999991505163	0.79999999195706	6.60503817007915e-09	48.0423419955623	0.999999932041304
40.425	18.25	0.999999777875227	0.800000010599076	6.58278123705367e-09	47.9223420103191	0.999999822300181
40.575	18.25	0.999999707649965	0.800000051105965	6.56135381930275e-09	47.8023420350305	0.999999766119972
40.725	18.25	0.999999957517794	0.800000094289118	6.54073643778221e-09	47.6823420511185	0.999999966014235
40.875	18.25	1.00000079734945	0.800000077463377	6.52092603657203e-09	47.5623420149003	1.00000063787956
41.025	18.25	1.00000212196186	0.79999990491455	6.50193289588578e-09	47.4423418747883	1.00000169756949
41.175	18.25	1.00000285290256	0.79999953075222	6.4837418834577e-09	47.3223416360093	1.00000228232205
41.325	18.25	1.00000065163098	0.799999128468159	6.46638712991554e-09	47.2023414678057	1.00000052130479
41.475	18.25	0.999993003858009	0.799999255992973	6.44984735966401e-09	47.0823417723559	0.999994403086407
41.625	18.25	0.999980706637719	0.800000756567873	6.43414713874697e-09	46.9623430342658	0.999984565310175
41.775	18.25	0.999973138463895	0.80000404116297	6.4192355732981e-09	46.8423452497145	0.999978510771116
41.925	18.25	0.999990827520562	0.800007658048742	6.40498471424599e-09	46.7223469793579	0.99999266201645
42.075	18.25	1.00005637953627	0.80000693663939	6.39128217612449e-09	46.6023447134328	1.00004510362901
42.225	18.25	1.00016528886163	0.79999482448432	6.37815442600289e-09	46.4823340734013	1.00013223108931
42.375	18.25	1.00024184955366	0.799967674526163	6.36598303927459e-09	46.3623145308314	1.00019347964293
42.525	18.25	1.00011633628576	0.799936550773457	6.35563718942288e-09	46.2422973378054	1.00009306902861
42.675	18.25	0.999594226905288	0.799937860941391	6.34808632135696e-09	46.122311230804	0.999675381524231
42.825	18.25	0.998683926300996	0.800027372704041	6.34330269041597e-09	46.0023938819057	0.998947141040797
42.975	18.25	0.997944673218397	0.800237007056741	6.33847393862274e-09	45.8825557137889	0.998355738574718
43.125	18.25	0.998684258969934	0.800490005665218	6.32695785724561e-09	45.7627175194412	0.998947407175947
43.275	18.25	1.00248296175102	0.800522975310748	6.3008253053021e-09	45.6426614891	1.00198636940082
43.425	18.25	1.00955927623745	0.799934825710058	6.25921360154277e-09	45.5220835865452	1.00764742098996
43.575	18.25	1.01623380738331	0.798479881714991	6.22065324803655e-09	45.400845809874	1.01298704590665
43.725	18.25	1.01328677100884	0.796573391908511	6.23026079733777e-09	45.2794286535668	1.01062941680707
43.875	18.25	0.988680897763469	0.795833250675919	6.34987397276857e-09	45.1593336591214	0.990944718210775
44.025	18.25	0.938367896643716	0.799351007333786	6.61566176762357e-09	45.0428406266667	0.950694317314972
44.175	18.25	0.884673133460212	0.810192428717202	6.92693102101411e-09	44.9313521210578	0.90773850676817
44.325	18.25	0.889127901583916	0.824441952879168	6.89902447902106e-09	44.8222077670351	0.911302321267133
44.475	18.25	1.03257195133443	0.826489829075545	6.12668256488781e-09	44.7059573614351	1.02605756106754
44.625	18.25	1.3492443418561	0.808622132986941	4.91237703540393e-09	44.5677999255546	1.27939547348488
44.775	18.25	1.76408811805319	0.709537047507489	3.89938125167681e-09	44.3955931124242	1.61127049444255
44.925	18.25	2.11154506615437	0.834636814157409	3.3249319003365e-09	44.2248230927457	1.8892360529235
0.075	18.75	3.47473589291755e-16	0.399999997953738	-1.54725834546489e-07	65.3895332112766	0.2
0.225	18.75	1.09796501044974e-15	0.799999993864746	-1.54592338415794e-07	65.3655332113994	0.200000000000001
0.375	18.75	2.54818933259858e-15	0.799999989782672	-1.54325585943217e-07	65.3415332116447	0.200000000000002
0.525	18.75	4.61626593752935e-15	0.799999985714428	-1.53926003609374e-07	65.3175332120124	0.200000000000004
0.675	18.75	7.1488171360537e-15	0.799999981665053	-1.53394410111646e-07	65.2935332125019	0.200000000000006
0.825	18.75	9.93588453518316e-15	0.799999977639571	-1.52731861887074e-07	65.2695332131125	0.200000000000008
0.975	18.75	1.27379706727843e-14	0.799999973642678	-1.51939696365378e-07	65.2455332138435	0.20000000000001
1.125	18.75	1.52997077757882e-14	0.799999969679944	-1.51019504964566e-07	65.2215332146939	0.200000000000012
1.275	18.75	1.73403391096755e-14	0.799999965756699	-1.49972830319633e-07	65.1975332156627	0.200000000000014
1.425	18.75	1.85241249631268e-14	0.799999961877596	-1.48801772835354e-07	65.1735332167485	0.200000000000015
1.575	18.75	1.84215047251649e-14	0.799999958046492	-1.47508577820784e-07	65.14953321795	0.200000000000015
1.725	18.75	1.64738679531072e-14	0.799999954269069	-1.46095798292003e-07	65.1255332192657	0.200000000000013
1.875	18.75	1.1972720374872e-14	0.799999950549765	-1.44565879378757e-07	65.1015332206939	0.20000000000001
2.025	18.75	4.06046947510481e-15	0.799999946892916	-1.4292195956816e-07	65.0775332222327	0.200000000000003
2.175	18.75	-8.24292362488997e-15	0.799999943302395	-1.41166972126579e-07	65.0535332238803	0.199999999999993
2.325	18.75	-2.59845152412075e-14	0.799999939781847	-1.39303827647536e-07	65.0295332256346	0.199999999999979
2.475	18.75	-5.01911010954053e-14	0.799999936336121	-1.3733652267944e-07	65.0055332274934	0.19999999999996
2.625	18.75	-8.17460337164228e-14	0.799999932968176	-1.35268203673045e-07	64.9815332294544	0.199999999999935
2.775	18.75	-1.21225258702213e-13	0.799999929681893	-1.33102629420997e-07	64.9575332315153	0.199999999999903
2.925	18.75	-1.68687712785617e-13	0.799999926479284	-1.30843815408261e-07	64.9335332336736	0.199999999999865
3.075	18.75	-2.23416672958016e-13	0.799999923365719	-1.28495456205891e-07	64.9095332359266	0.199999999999821
3.225	18.75	-2.83611698494318e-13	0.799999920341811	-1.26061903903155e-07	64.8855332382717	0.199999999999773
3.375	18.75	-3.46035718354507e-13	0.799999917411466	-1.23547103537118e-07	64.8615332407061	0.199999999999723
3.525	18.75	-4.05628571720974e-13	0.799999914576261	-1.20955396908672e-07	64.8375332432271	0.199999999999676
3.675	18.75	-4.55107108846098e-13	0.799999911838577	-1.18291068671119e-07	64.8135332458316	0.199999999999636
3.825	18.75	-4.84582715967356e-13	0.799999909201374	-1.1555849619283e-07	64.7895332485168	0.199999999999612
3.975	18.75	-4.81239926502009e-13	0.799999906664673	-1.12762148009738e-07	64.7655332512796	0.199999999999615
4.125	18.75	-4.2913425999798e-13	0.799999904231495	-1.0990642756853e-07	64.741533254117	0.199999999999657
4.275	18.75	-3.09183282504258e-13	0.799999901902501	-1.06995783024739e-07	64.7175332570258	0.199999999999753
4.425	18.75	-9.94411663358543e-14	0.799999899678443	-1.04034541958422e-07	64.6935332600029	0.19999999999992
4.575	18.75	2.24237259926024e-13	0.799999897560413	-1.01027508934899e-07	64.6695332630452	0.200000000000179
4.725	18.75	6.87023639576839e-13	0.799999895549384	-9.79788238477949e-08	64.6455332661493	0.20000000000055
4.875	18.75	1.31330603604804e-12	0.799999893646055	-9.48931691774813e-08	64.621533269312	0.200000000001051
5.025	18.75	2.12411147436201e-12	0.799999891849367	-9.17748728420313e-08	64.5975332725303	0.200000000001699
5.175	18.75	3.13363911464648e-12	0.799999890160843	-8.86279086910246e-08	64.5735332758007	0.200000000002507
5.325	18.75	4.34480434978692e-12	0.799999888579063	-8.54573156743547e-08	64.54953327912	0.200000000003476
5.475	18.75	5.74373416794606e-12	0.799999887104586	-8.22665561347058e-08	64.5255332824851	0.200000000004595
5.625	18.75	7.29321639480339e-12	0.799999885736601	-7.90602055451318e-08	64.5015332858926	0.200000000005835
5.775	18.75	8.92519386045179e-12	0.799999884474082	-7.58420935684248e-08	64.4775332893395	0.20000000000714
5.925	18.75	1.05325130866394e-11	0.799999883316233	-7.26163133168994e-08	64.4535332928225	0.200000000008426
6.075	18.75	1.1960288401231e-11	0.799999882262873	-6.9386608359031e-08	64.4295332963385	0.200000000009568
6.225	18.75	1.29974281341641e-11	0.799999881311611	-6.61569677302087e-08	64.4055332998844	0.200000000010398
6.375	18.75	1.3369088847503e-11	0.799999880462271	-6.29307842811254e-08	64.3815333034573	0.200000000010695
6.525	18.75	1.27310731481115e-11	0.799999879712343	-5.9711835597245e-08	64.3575333070541	0.200000000010185
6.675	18.75	1.06674591369869e-11	0.799999879060708	-5.65034650726429e-08	64.3335333106721	0.200000000008534
6.825	18.75	6.69303354659706e-12	0.799999878506027	-5.33085842815468e-08	64.3095333143084	0.200000000005354
6.975	18.75	2.62378898003936e-13	0.799999878045529	-5.01309897553166e-08	64.2855333179605	0.20000000000021
7.125	18.75	-9.21228522931298e-12	0.799999877678634	-4.6973516837324e-08	64.2615333216256	0.19999999999263
7.275	18.75	-2.23322153176982e-11	0.799999877401983	-4.38387143059065e-08	64.2375333253015	0.199999999982134
7.425	18.75	-3.96698231682783e-11	0.79999987721511	-4.07296745133195e-08	64.2135333289858	0.199999999968264
7.575	18.75	-6.17105743348307e-11	0.799999877114036	-3.76491277996179e-08	64.1895333326762	0.199999999950632
7.725	18.75	-8.87769872840995e-11	0.799999877098232	-3.45992745771273e-08	64.1655333363708	0.199999999928978
7.875	18.75	-1.209330847669e-10	0.799999877164865	-3.15826161407552e-08	64.1415333400674	0.199999999903254
8.025	18.75	-1.57868416992689e-10	0.799999877311183	-2.86013100428019e-08	64.1175333437641	0.199999999873705
8.175	18.75	-1.98761899034596e-10	0.799999877535939	-2.56575547898834e-08	64.093533347459	0.19999999984099
8.325	18.75	-2.42127234863992e-10	0.799999877836224	-2.27532409408715e-08	64.0695333511501	0.199999999806298
8.475	18.75	-2.85643680525913e-10	0.799999878209394	-1.98900409268693e-08	64.0455333548353	0.199999999771485
8.625	18.75	-3.25978357453028e-10	0.799999878653956	-1.70698162316179e-08	64.0215333585124	0.199999999739217
8.775	18.75	-3.58609269252349e-10	0.799999879166615	-1.42940842958464e-08	63.9975333621787	0.199999999713113
8.925	18.75	-3.77661577999091e-10	0.799999879745683	-1.1564156149233e-08	63.9735333658313	0.199999999697871
9.075	18.75	-3.75773496396022e-10	0.799999880388269	-8.88142834930376e-09	63.9495333694665	0.199999999699381
9.225	18.75	-3.44012242384052e-10	0.799999881092139	-6.24706305790459e-09	63.9255333730801	0.19999999972479
9.375	18.75	-2.71864718927843e-10	0.799999881854442	-3.66207209110662e-09	63.901533376667	0.199999999782508
9.525	18.75	-1.47331700443128e-10	0.799999882672699	-1.12738727005433e-09	63.877533380221	0.199999999882135
9.675	18.75	4.28419638999098e-11	0.799999883543918	1.35629826827127e-09	63.8535333837349	0.200000000034274
9.825	18.75	3.1276564011211e-10	0.799999884465319	3.78803893639238e-09	63.8295333872002	0.200000000250213
9.975	18.75	6.76792403180981e-10	0.799999885433492	6.16743290800215e-09	63.805533390607	0.200000000541434
10.125	18.75	1.14866231687794e-09	0.79999988644547	8.49401552057715e-09	63.7815333939442	0.20000000091893
10.275	18.75	1.74036417184643e-09	0.799999887497503	1.07672193020231e-08	63.7575333971997	0.200000001392291
10.425	18.75	2.46068524229915e-09	0.799999888585865	1.2986905051607e-08	63.7335334003602	0.200000001968548
10.575	18.75	3.31342690367263e-09	0.79999988970634	1.5152889994046e-08	63.7095334034121	0.200000002650742
10.725	18.75	4.2952762022146e-09	0.79999989085505	1.72649066108485e-08	63.6855334063416	0.200000003436221
10.875	18.75	5.39334020301372e-09	0.799999892027344	1.93230802819072e-08	63.6615334091361	0.200000004314672
11.025	18.75	6.58237157838567e-09	0.7999998932189	2.13275279935296e-08	63.6375334117845	0.200000005265897
11.175	18.75	7.82174069820846e-09	0.799999894424329	2.32781458146839e-08	63.6135334142791	0.200000006257393
11.325	18.75	9.05224149786603e-09	0.799999895639833	2.51753901126467e-08	63.5895334166172	0.200000007241793
11.475	18.75	1.01928554170374e-08	0.799999896860528	2.70193529341225e-08	63.5655334188027	0.200000008154284
11.625	18.75	1.11376391850516e-08	0.799999898082344	2.88104278879565e-08	63.5415334208486	0.200000008910111
11.775	18.75	1.17529472711103e-08	0.79999989930127	3.05490751893781e-08	63.5175334227794	0.200000009402358
11.925	18.75	1.18752470976113e-08	0.799999900514613	3.22357825800238e-08	63.4935334246339	0.200000009500198
12.075	18.75	1.13098328829356e-08	0.799999901721112	3.38709084831888e-08	63.4695334264684	0.200000009047866
12.225	18.75	9.83079004680676e-09	0.799999902919449	3.54549954846065e-08	63.4455334283592	0.200000007864632
12.375	18.75	7.18260389796594e-09	0.799999904111579	3.69889066223212e-08	63.4215334304058	0.200000005746083
12.525	18.75	3.08384091567633e-09	0.799999905300399	3.8473048543287e-08	63.3975334327334	0.200000002467073
12.675	18.75	-2.76664476940316e-09	0.799999906491979	3.99082925922712e-08	63.3735334354956	0.199999997786684
12.825	18.75	-1.06805162282172e-08	0.799999907695014	4.12950961963169e-08	63.3495334388751	0.199999991455587
12.975	18.75	-2.09673119037671e-08	0.799999908921013	4.26345042555011e-08	63.3255334430846	0.19999998322615
13.125	18.75	-3.39179231654492e-08	0.799999910185476	4.39271275098167e-08	63.3015334483656	0.199999972865661
13.275	18.75	-4.97838013101407e-08	0.799999911507273	4.51738406379205e-08	63.2775334549857	0.199999960172959
13.425	18.75	-6.87515677207904e-08	0.799999912909336	4.63755616322033e-08	63.2535334632336	0.199999944998746
13.575	18.75	-9.0912781641246e-08	0.799999914418671	4.7532891597084e-08	63.2295334734114	0.199999927269775
13.725	18.75	-1.16228712242076e-07	0.799999916066503	4.86469536990321e-08	63.2055334858238	0.19999990701703
13.875	18.75	-1.44490055502632e-07	0.799999917887913	4.97185233844253e-08	63.1815335007634	0.199999884407956
14.025	18.75	-1.7527161665357e-07	0.79999991992193	5.07486333237122e-08	63.1575335184926	0.199999859782707
14.175	18.75	-2.07882023117839e-07	0.799999922212016	5.17379424063454e-08	63.1335335392202	0.199999833694382
14.325	18.75	-2.41308509578902e-07	0.799999924805382	5.26875491133712e-08	63.1095335630732	0.199999806953192
14.475	18.75	-2.74156682766851e-07	0.799999927753613	5.35983974174991e-08	63.0855335900631	0.199999780674654
14.625	18.75	-3.04584870565063e-07	0.799999931113317	5.44713565346309e-08	63.0615336200461	0.199999756332104
14.775	18.75	-3.30232110460751e-07	0.799999934948342	5.53074051783413e-08	63.0375336526766	0.199999735814312
14.925	18.75	-3.48137933480878e-07	0.799999939330973	5.61074249990822e-08	63.0135336873537	0.199999721489653
15.075	18.75	-3.54650716115543e-07	0.799999944347073	5.68724170224027e-08	62.9895337231592	0.199999716279427
15.225	18.75	-3.45319326110893e-07	0.799999950103138	5.76032352460062e-08	62.9655337587858	0.199999723744539
15.375	18.75	-3.14759843920576e-07	0.799999956734769	5.83008645546804e-08	62.9415337924543	0.199999748192125
15.525	18.75	-2.56484991385005e-07	0.799999964422169	5.8966187071141e-08	62.9175338218156	0.199999794812007
15.675	18.75	-1.62678135622271e-07	0.799999973410742	5.96001489873724e-08	62.8935338438341	0.199999869857492
15.825	18.75	-2.38858197837446e-08	0.799999984040854	6.02037641962383e-08	62.8695338546452	0.199999980891344
15.975	18.75	1.71408015361335e-07	0.799999996788599	6.07775829443667e-08	62.8455338493777	0.200000137126412
16.125	18.75	4.37377577201504e-07	0.800000012322417	6.13228830366644e-08	62.8215338219275	0.200000349902062
16.275	18.75	7.9169174492009e-07	0.800000031582368	6.18404164334345e-08	62.7975337646619	0.200000633353396
16.425	18.75	1.25668940495016e-06	0.800000055886759	6.23309308122523e-08	62.7735336680278	0.200001005351524
16.575	18.75	1.861027251401e-06	0.800000087076183	6.2795277741583e-08	62.7495335200243	0.200001488821801
16.725	18.75	2.64198179803747e-06	0.800000127712556	6.32344437861139e-08	62.7255333054859	0.200002113585438
16.875	18.75	3.64865178201545e-06	0.800000181343564	6.36491172273246e-08	62.701533005101	0.200002918921426
17.025	18.75	4.94639334041237e-06	0.800000252860756	6.40401204912268e-08	62.677532594064	0.200003957114672
17.175	18.75	6.62293573747119e-06	0.800000348983226	6.44082229407214e-08	62.6535320402215	0.20000529834859
17.325	18.75	8.79678046979778e-06	0.800000478904471	6.4754196113122e-08	62.6295313015208	0.200007037424376
17.475	18.75	1.16286961381757e-05	0.800000655172577	6.50787555635926e-08	62.6055303225044	0.200009302956911
17.625	18.75	1.53374061624083e-05	0.80000089487376	6.53824980897263e-08	62.581529029499	0.20001226992493
17.775	18.75	2.02209532004094e-05	0.800001221237224	6.56661912163903e-08	62.5575273240267	0.20001617676256
17.925	18.75	2.66857456264414e-05	0.800001665788737	6.59303139141637e-08	62.5335250737958	0.200021348596501
18.075	18.75	3.52859847216644e-05	0.80000227123366	6.61754837138314e-08	62.5095221004055	0.200028228787777
18.225	18.75	4.67770803005966e-05	0.800003095280638	6.64021571811599e-08	62.4855181625935	0.20003742166424
18.375	18.75	6.2187851602782e-05	0.800004215732481	6.66108436114405e-08	62.4615129334545	0.200049750281282
18.525	18.75	8.29178957252194e-05	0.800005737311561	6.68014811631409e-08	62.4375059695191	0.20006633431658
18.675	18.75	0.000110868703224319	0.800007800989985	6.69744645433947e-08	62.4134966688656	0.200088694962579
18.825	18.75	0.00014862026085649	0.800010596928281	6.71295185937235e-08	62.3894842144611	0.200118896208685
18.975	18.75	0.000199669461712915	0.800014382445589	6.72663139963034e-08	62.3654674975819	0.20015973556937
19.125	18.75	0.00026875305168215	0.800019506470195	6.73841719400013e-08	62.3414450142885	0.200215002441346
19.275	18.75	0.000362286166906024	0.800026441503926	6.74817749319203e-08	62.3174147253496	0.200289828933525
19.425	18.75	0.00048895731620177	0.800035823425932	6.75574451384293e-08	62.2933738665552	0.200391165852961
19.575	18.75	0.000660531203071057	0.800048499386998	6.76084743233013e-08	62.2693186919354	0.200528424962457
19.725	18.75	0.000892922225666394	0.800065586321849	6.76309492355261e-08	62.2452441269125	0.200714337780533
19.875	18.75	0.00120761714621895	0.800088549047509	6.76197166206784e-08	62.2211433016335	0.200966093716975
20.025	18.75	0.00163355414489983	0.800119317332232	6.75675810934737e-08	62.1970069258136	0.20130684331592
20.175	18.75	0.0022096218246061	0.800160470758779	6.74648849099368e-08	62.1728224534191	0.201767697459685
20.325	18.75	0.00298804040689487	0.800215516957837	6.72985435816443e-08	62.1485729650786	0.202390432325516
20.475	18.75	0.00403902970808892	0.800289256541734	6.70515499837635e-08	62.1242356640899	0.203231223766471
20.625	18.75	0.00545732379192074	0.80038815472228	6.67012993481962e-08	62.0997798355863	0.204365859033537
20.775	18.75	0.0073711841323999	0.800520531440447	6.6218365843909e-08	62.0751640602498	0.20589694730592
20.925	18.75	0.00995447763951311	0.800696275616592	6.55650074735082e-08	62.0503324154826	0.207963582111611
21.075	18.75	0.0134420122551165	0.800925748631609	6.4693914536611e-08	62.0252093605516	0.210753609804093
21.225	18.75	0.0181476179037954	0.801217630316893	6.3548454310374e-08	61.9996930176698	0.214518094323036
21.375	18.75	0.0244834938976802	0.801575697138459	6.20652149260619e-08	61.9736466567935	0.219586795118144
21.525	18.75	0.0329782633940627	0.801994861155476	6.0180252671272e-08	61.946888386156	0.22638261071525
21.675	18.75	0.0442900727187183	0.802457164125782	5.78413069864873e-08	61.919179349659	0.235432058174975
21.825	18.75	0.0592098324812238	0.802928776786004	5.50216801932562e-08	61.8902111436318	0.247367865984979
21.975	18.75	0.078648017271759	0.803359390699741	5.17370505870859e-08	61.8595937162435	0.262918413817407
22.125	18.75	0.103596191349181	0.803685574402087	4.80557696651125e-08	61.8268457506134	0.282876953079345
22.275	18.75	0.135052303733085	0.803839320096913	4.40994117141515e-08	61.7913904782873	0.308041842986468
22.425	18.75	0.173898994629162	0.803761736708842	4.00283842403696e-08	61.7525609069251	0.339119195703329
22.575	18.75	0.220730586068767	0.803419688758241	3.6017399577632e-08	61.7096191681804	0.376584468855014
22.725	18.75	0.275641527987925	0.802820786014301	3.22266432338864e-08	61.6617942938975	0.42051322239034
22.875	18.75	0.338017857539521	0.802020574493522	2.87796224087669e-08	61.6083401414617	0.470414286031617
23.025	18.75	0.406404724589022	0.801116447646411	2.5751331340739e-08	61.5486097131176	0.525123779671217
23.175	18.75	0.478534573400854	0.800226925994465	2.31692152997266e-08	61.4821345523783	0.582827658720683
23.325	18.75	0.551566087757032	0.79946196874565	2.10218622446586e-08	61.4086913974008	0.641252870205625
23.475	18.75	0.622501308805025	0.798895927656184	1.92715646429749e-08	61.3283373677548	0.69800104704402
23.625	18.75	0.688659258592398	0.798554408032984	1.78667231212053e-08	61.2414023392058	0.750927406873919
23.775	18.75	0.748051810755251	0.798418741834754	1.67513247024894e-08	61.1484404504932	0.798441448604201
23.925	18.75	0.799557781566339	0.798442567102109	1.58715511499229e-08	61.0501551541588	0.839646225253071
24.075	18.75	0.842886470688632	0.798570848035963	1.51794320116781e-08	60.9473176642286	0.874309176550906
24.225	18.75	0.878398156237112	0.798753959817639	1.46342037961025e-08	60.8406958079896	0.902718524989689
24.375	18.75	0.906872100558763	0.798954490757557	1.42024306925491e-08	60.7310026652977	0.925497680447011
24.525	18.75	0.929292198228586	0.799148194316538	1.38573824719325e-08	60.618866649596	0.943433758582869
24.675	18.75	0.946685094114095	0.799321770807852	1.357806654246e-08	60.5048196499091	0.957348075291276
24.825	18.75	0.960016774653777	0.799469690389042	1.334819124966e-08	60.3892979019496	0.968013419723021
24.975	18.75	0.97013807307756	0.799591291211391	1.31552484549506e-08	60.2726504332215	0.976110458462048
25.125	18.75	0.977764769226669	0.799688595444961	1.29897869557594e-08	60.1551510753956	0.982211815381336
25.275	18.75	0.983479107275349	0.79976485046822	1.28446644895014e-08	60.0370113571	0.986783285820279
25.425	18.75	0.987742791108404	0.799823639314898	1.27144911522138e-08	59.918392699287	0.990194232886724
25.575	18.75	0.99091481786441	0.799868385364171	1.25953282465025e-08	59.7994171306072	0.992731854291528
25.725	18.75	0.993270126786842	0.799902110389187	1.24842189573316e-08	59.6801762516695	0.994616101429473
25.875	18.75	0.995016874800524	0.799927346898323	1.23790370397622e-08	59.560738475039	0.996013499840419
26.025	18.75	0.996311339957634	0.799946139272414	1.22782012203063e-08	59.4411547207488	0.997049071966107
26.175	18.75	0.997270176120138	0.799960091515301	1.21805896263006e-08	59.3214628083037	0.997816140896111
26.325	18.75	0.997980145939568	0.799970434937267	1.20853815327174e-08	59.2016907933328	0.998384116751655
26.475	18.75	0.998505654702939	0.799978099494862	1.19919487271902e-08	59.08185947547	0.998804523762351
26.625	18.75	0.998894473354711	0.799983779640129	1.18999152028721e-08	58.9619842699269	0.999115578683768
26.775	18.75	0.999182029805884	0.799987990385049	1.18089384968171e-08	58.8420765983902	0.999345623844707
26.925	18.75	0.999394600868228	0.799991112436784	1.17188495212421e-08	58.722144920731	0.999515680694582
27.075	18.75	0.999551676929684	0.799993427094041	1.16294835602604e-08	58.6021955000011	0.999641341543747
27.225	18.75	0.999667711986466	0.799995142468395	1.15407164587493e-08	58.4822329699251	0.999734169589173
27.375	18.75	0.99975341990792	0.799996412832016	1.14525341971222e-08	58.3622607561718	0.999802735926336
27.525	18.75	0.999816736206709	0.799997352762463	1.13648594879637e-08	58.2422813892409	0.999853388965367
27.675	18.75	0.999863532816095	0.799998047466072	1.12776908846857e-08	58.1222967368749	0.999890826252876
27.825	18.75	0.999898149899903	0.799998560338818	1.11910119183469e-08	58.0023081766364	0.999918519919923
27.975	18.75	0.999923791677968	0.799998938538116	1.11048093186758e-08	57.8823167239573	0.999939033342374
28.125	18.75	0.999942820940763	0.799999217114664	1.10191081730165e-08	57.7623231270534	0.99995425675261
28.275	18.75	0.999956977996818	0.799999422092235	1.09339284844512e-08	57.6423279371915	0.999965582397455
28.425	18.75	0.999967543255759	0.799999572769011	1.08492642654012e-08	57.5223315606443	0.999974034604607
28.575	18.75	0.999975457805972	0.799999683438496	1.07651555750181e-08	57.4023342970524	0.999980366244778
28.725	18.75	0.999981412728905	0.799999764674952	1.06816089274635e-08	57.2823363677122	0.999985130183124
28.875	18.75	0.999985915176877	0.799999824291826	1.05986235632625e-08	57.1623379364049	0.999988732141502
29.025	18.75	0.999989337201643	0.799999868055552	1.05162249553089e-08	57.0423391247101	0.999991469761314
29.175	18.75	0.999991951790842	0.799999900215572	1.04344455093746e-08	56.9223400232452	0.999993561432674
29.325	18.75	0.999993959424961	0.799999923898112	1.03532944417509e-08	56.8023406999014	0.999995167539969
29.475	18.75	0.999995507614439	0.799999941397988	1.02727934543539e-08	56.6823412058661	0.999996406091551
29.625	18.75	0.999996705242186	0.799999954395746	1.01929489915942e-08	56.5623415800199	0.999997364193749
29.775	18.75	0.999997633065893	0.799999964118188	1.01137826911186e-08	56.4423418521408	0.999998106452715
29.925	18.75	0.999998351385306	0.799999971457935	1.00352978226546e-08	56.3223420452358	0.999998681108245
30.075	18.75	0.999998905620684	0.799999977061892	9.95753365453366e-09	56.2023421772374	0.999999124496547
30.225	18.75	0.999999330355732	0.799999981397112	9.88049219193589e-09	56.082342262238	0.999999464284585
30.375	18.75	0.999999652256006	0.799999984799191	9.80414740183953e-09	55.96234231139	0.999999721804804
30.525	18.75	0.999999892166623	0.799999987508514	9.72858419255686e-09	55.8423423335651	0.999999913733298
30.675	18.75	1.00000006661445	0.799999989696814	9.65372924712644e-09	55.7223423358414	1.00000005329156
30.825	18.75	1.00000018888045	0.799999991486367	9.57965149573981e-09	55.6023423238661	1.00000015110436
30.975	18.75	1.00000026976431	0.799999992964579	9.50633846608804e-09	55.4823423021305	1.00000021581145
31.125	18.75	1.00000031813025	0.799999994194241	9.43381111432496e-09	55.362342274182	1.0000002545042
31.275	18.75	1.00000034129914	0.799999995220892	9.36209363688727e-09	55.2423422427912	1.00000027303931
31.425	18.75	1.00000034533336	0.799999996078412	9.29114291796973e-09	55.1223422100863	1.00000027626669
31.575	18.75	1.00000033524796	0.799999996792617	9.22099464389711e-09	55.0023421776636	1.00000026819837
31.725	18.75	1.00000031517155	0.799999997383841	9.15167135101534e-09	54.8823421466809	1.00000025213724
31.875	18.75	1.00000028847337	0.799999997868666	9.08316243034797e-09	54.7623421179356	1.00000023077869
32.025	18.75	1.00000025786737	0.799999998261524	9.0154541312294e-09	54.6423420919334	1.0000002062939
32.175	18.75	1.00000022550096	0.799999998574765	8.94857985472576e-09	54.5223420689466	1.00000018040077
32.325	18.75	1.00000019303282	0.799999998819596	8.88251622117837e-09	54.4023420490647	1.00000015442626
32.475	18.75	1.00000016170284	0.799999999006304	8.81730934467761e-09	54.2823420322384	1.00000012936227
32.625	18.75	1.00000013239566	0.799999999144171	8.75293661712841e-09	54.1623420183159	1.00000010591653
32.775	18.75	1.00000010569877	0.799999999241663	8.68938102892594e-09	54.0423420070751	1.00000008455902
32.925	18.75	1.00000008195548	0.799999999306533	8.62669489148703e-09	53.9223419982492	1.00000006556438
33.075	18.75	1.00000006131279	0.799999999345692	8.56483635082285e-09	53.8023419915477	1.00000004905023
33.225	18.75	1.00000004376434	0.799999999365159	8.50383968105112e-09	53.6823419866735	1.00000003501147
33.375	18.75	1.00000002918824	0.79999999937022	8.44367712299092e-09	53.5623419833354	1.00000002335059
33.525	18.75	1.00000001737989	0.799999999365447	8.38437167724388e-09	53.4423419812583	1.00000001390391
33.675	18.75	1.00000000808002	0.799999999354514	8.32590293662146e-09	53.3223419801889	1.00000000646402
33.825	18.75	1.00000000099791	0.799999999340543	8.26832009194177e-09	53.2023419799005	1.00000000079833
33.975	18.75	0.999999995830288	0.799999999325855	8.21155961985554e-09	53.0823419801951	0.999999996664231
34.125	18.75	0.999999992276153	0.799999999312291	8.15566429914474e-09	52.9623419809033	0.999999993820922
34.275	18.75	0.999999990047894	0.799999999301192	8.10061316433329e-09	52.8423419818844	0.999999992038315
34.425	18.75	0.999999988879271	0.799999999293359	8.04642964087889e-09	52.7223419830238	0.999999991103417
34.575	18.75	0.999999988530638	0.799999999289237	7.9930862268684e-09	52.6023419842315	0.99999999082451
34.725	18.75	0.999999988791746	0.799999999289118	7.940603640114e-09	52.4823419854391	0.999999991033397
34.875	18.75	0.999999989482804	0.799999999292885	7.88898518744542e-09	52.3623419865968	0.999999991586243
35.025	18.75	0.999999990454004	0.799999999300342	7.83821598594475e-09	52.2423419876706	0.999999992363203
35.175	18.75	0.999999991583943	0.799999999311088	7.78827877459831e-09	52.1223419886395	0.999999993267154
35.325	18.75	0.999999992777314	0.799999999324759	7.73921296273733e-09	52.0023419894931	0.999999994221851
35.475	18.75	0.999999993962079	0.799999999340784	7.69097944491731e-09	51.8823419902288	0.999999995169663
35.625	18.75	0.999999995086366	0.799999999358823	7.64359698774243e-09	51.7623419908501	0.999999996069093
35.775	18.75	0.999999996115367	0.799999999378288	7.59708510955587e-09	51.6423419913646	0.999999996892294
35.925	18.75	0.999999997028286	0.799999999398783	7.55138289345498e-09	51.5223419917825	0.999999997622628
36.075	18.75	0.999999997815449	0.799999999419904	7.50655473776283e-09	51.4023419921155	0.999999998252359
36.225	18.75	0.999999998475752	0.799999999441326	7.46255891819356e-09	51.282341992376	0.999999998780602
36.375	18.75	0.999999999014292	0.799999999462772	7.41940422673091e-09	51.1623419925758	0.999999999211434
36.525	18.75	0.999999999440464	0.799999999483938	7.37707877165133e-09	51.0423419927264	0.999999999552371
36.675	18.75	0.99999999976633	0.799999999504643	7.33558309199328e-09	50.922341992838	0.999999999813064
36.825	18.75	1.00000000000534	0.799999999524825	7.2949375292265e-09	50.8023419929198	1.00000000000427
36.975	18.75	1.00000000017136	0.799999999544305	7.25513073758594e-09	50.6823419929796	1.00000000013708
37.125	18.75	1.00000000027792	0.79999999956305	7.21613923279893e-09	50.5623419930236	1.00000000022234
37.275	18.75	1.0000000003377	0.799999999580955	7.17797954786332e-09	50.4423419930573	1.00000000027016
37.425	18.75	1.00000000036183	0.799999999597903	7.14064814101532e-09	50.3223419930845	1.00000000028946
37.575	18.75	1.00000000035914	0.799999999613893	7.10413990243346e-09	50.2023419931084	1.00000000028731
37.725	18.75	1.00000000033567	0.799999999628973	7.06844886285317e-09	50.0823419931314	1.00000000026854
37.875	18.75	1.00000000029553	0.799999999643825	7.03358769731476e-09	49.9623419931553	1.00000000023642
38.025	18.75	1.00000000024452	0.799999999659477	6.99953608793252e-09	49.8423419931815	1.00000000019562
38.175	18.75	1.00000000019656	0.799999999676645	6.96629657996659e-09	49.7223419932105	1.00000000015725
38.325	18.75	1.00000000017805	0.79999999969379	6.93386548047193e-09	49.6023419932408	1.00000000014244
38.475	18.75	1.0000000002182	0.799999999704688	6.90225810798398e-09	49.4823419932682	1.00000000017456
38.625	18.75	1.00000000031038	0.799999999698814	6.87145432548843e-09	49.3623419932875	1.0000000002483
38.775	18.75	1.000000000346	0.799999999669694	6.84145872848452e-09	49.2423419932989	1.0000000002768
38.925	18.75	1.00000000007386	0.799999999635284	6.81225415153274e-09	49.1223419933201	1.00000000005909
39.075	18.75	0.999999999212021	0.799999999661687	6.78386277727751e-09	49.0023419933941	0.999999999369617
39.225	18.75	0.999999997861583	0.79999999985786	6.75627187633222e-09	48.8823419935729	0.999999998289266
39.375	18.75	0.999999997187166	0.800000000285201	6.72946275335425e-09	48.7623419938474	0.999999997749732
39.525	18.75	0.999999999800273	0.800000000750133	6.70347327811358e-09	48.6423419940274	0.999999999840219
39.675	18.75	1.00000000854991	0.800000000574039	6.67824928048594e-09	48.5223419936607	1.00000000683993
39.825	18.75	1.00000002228113	0.79999999867439	6.65384611126467e-09	48.4023419922136	1.0000000178249
39.975	18.75	1.00000002906866	0.799999994487518	6.63021537442245e-09	48.2823419897804	1.00000002325493
40.125	18.75	1.00000000269436	0.799999989998207	6.60737219176694e-09	48.1623419882861	1.00000000215549
40.275	18.75	0.999999915051611	0.79999999188318	6.58531378061493e-09	48.0423419922636	0.999999932041289
40.425	18.75	0.999999777875217	0.80000001052784	6.56404550293555e-09	47.9223420070313	0.999999822300173
40.575	18.75	0.999999707649956	0.800000051037379	6.54353773762118e-09	47.8023420317532	0.999999766119965
40.725	18.75	0.999999957517783	0.800000094223235	6.52382684175014e-09	47.6823420478513	0.999999966014226
40.875	18.75	1.00000079734943	0.800000077400126	6.50489034249537e-09	47.5623420116428	1.00000063787954
41.025	18.75	1.00000212196185	0.799999904853941	6.48671534416505e-09	47.4423418715401	1.00000169756948
41.175	18.75	1.00000285290255	0.799999530694224	6.46932206422247e-09	47.32234163277	1.00000228232204
41.325	18.75	1.00000065163098	0.79999912841283	6.45271556601102e-09	47.2023414645749	1.00000052130478
41.475	18.75	0.999993003858006	0.799999255940239	6.4369162737397e-09	47.0823417691331	0.999994403086405
41.625	18.75	0.999980706637719	0.800000756517776	6.42191241102767e-09	46.9623430310508	0.999984565310175
41.775	18.75	0.999973138463907	0.800004041115477	6.40763029583437e-09	46.8423452465068	0.999978510771125
41.925	18.75	0.999990827520587	0.800007658003857	6.39401096615509e-09	46.7223469761571	0.99999266201647
42.075	18.75	1.00005637953629	0.800006936597097	6.38091016808772e-09	46.6023447102386	1.00004510362903
42.225	18.75	1.00016528886163	0.799994824444624	6.36834048497246e-09	46.4823340702132	1.0001322310893
42.375	18.75	1.00024184955361	0.799967674489107	6.35669979033118e-09	46.3623145276491	1.00019347964289
42.525	18.75	1.00011633628568	0.799936550738954	6.34683221317608e-09	46.2422973346284	1.00009306902855
42.675	18.75	0.999594226905228	0.799937860909503	6.33973916430155e-09	46.1223112276321	0.999675381524182
42.825	18.75	0.998683926301033	0.80002737267475	6.33539742127203e-09	46.0023938787383	0.998947141040826
42.975	18.75	0.997944673218635	0.800237007029976	6.33097170041583e-09	45.8825557106257	0.998355738574908
43.125	18.75	0.998684258970319	0.800490005641028	6.31983821115149e-09	45.7627175162818	0.998947407176255
43.275	18.75	1.0024829617513	0.800522975289061	6.29406152068644e-09	45.642661485944	1.00198636940104
43.425	18.75	1.00955927623721	0.799934825690998	6.25278839824797e-09	45.5220835833922	1.00764742098976
43.575	18.75	1.0162338073823	0.798479881698661	6.214547922321e-09	45.4008458067238	1.01298704590584
43.725	18.75	1.0132867710075	0.796573391894771	6.22438327718446e-09	45.279428650419	1.010629416806
43.875	18.75	0.988680897763024	0.795833250664814	6.34413323639248e-09	45.1593336559756	0.990944718210419
44.025	18.75	0.938367896645473	0.799351007324947	6.60986642505134e-09	45.0428406235223	0.950694317316378
44.175	18.75	0.884673133463847	0.810192428710512	6.92104666096602e-09	44.9313521179141	0.907738506771078
44.325	18.75	0.889127901585995	0.824441952875093	6.89329112987608e-09	44.8222077638918	0.911302321268796
44.475	18.75	1.03257195132974	0.826489829075078	6.12168568473419e-09	44.7059573582922	1.0260575610638
44.625	18.75	1.34924434184241	0.808622132989537	4.90841075292823e-09	44.5677999224124	1.27939547347393
44.775	18.75	1.76408811803401	0.709537047510848	3.89625116770556e-09	44.3955931092829	1.61127049442721
44.925	18.75	2.11154506613431	0.834636814162584	3.32227915232477e-09	44.2248230896052	1.88923605290745
0.075	19.25	3.47473593085479e-16	0.39999999816163	-1.41777467314776e-07	65.3895332260671	0.2
0.225	19.25	1.09796499774902e-15	0.799999994487019	-1.41660491941501e-07	65.3655332261774	0.200000000000001
0.375	19.25	2.54818934617244e-15	0.79999999081927	-1.4142664834943e-07	65.3415332263979	0.200000000000002
0.525	19.25	4.61626589905147e-15	0.799999987162788	-1.41076498020163e-07	65.3175332267283	0.200000000000004
0.675	19.25	7.14881715486097e-15	0.799999983522761	-1.4061048500924e-07	65.2935332271681	0.200000000000006
0.825	19.25	9.93588446461711e-15	0.799999979902613	-1.40029931466814e-07	65.2695332277169	0.200000000000008
0.975	19.25	1.27379706987464e-14	0.799999976307228	-1.39335287262767e-07	65.245533228374	0.20000000000001
1.125	19.25	1.52997076761497e-14	0.799999972740974	-1.38528145963749e-07	65.2215332291385	0.200000000000012
1.275	19.25	1.73403391582562e-14	0.799999969208702	-1.3760997757454e-07	65.1975332300095	0.200000000000014
1.425	19.25	1.85241248564059e-14	0.799999965713022	-1.36582460751452e-07	65.173533230986	0.200000000000015
1.575	19.25	1.84215048387251e-14	0.79999996225969	-1.35447378503233e-07	65.1495332320667	0.200000000000015
1.725	19.25	1.64738678982528e-14	0.799999958851907	-1.34206882360813e-07	65.1255332332504	0.200000000000013
1.875	19.25	1.1972720643648e-14	0.799999955493504	-1.32863145918394e-07	65.1015332345356	0.20000000000001
2.025	19.25	4.06046958969404e-15	0.79999995218891	-1.31418235372768e-07	65.0775332359208	0.200000000000003
2.175	19.25	-8.24292304524429e-15	0.799999948940658	-1.29875182786972e-07	65.0535332374043	0.199999999999993
2.325	19.25	-2.5984514772443e-14	0.799999945753278	-1.28236560036137e-07	65.0295332389843	0.199999999999979
2.475	19.25	-5.01910999910548e-14	0.799999942629212	-1.26504994061244e-07	65.0055332406591	0.19999999999996
2.625	19.25	-8.17460326711914e-14	0.799999939572719	-1.24683608460817e-07	64.9815332424266	0.199999999999935
2.775	19.25	-1.21225256861231e-13	0.799999936585152	-1.22775683044082e-07	64.9575332442848	0.199999999999903
2.925	19.25	-1.68687711002676e-13	0.799999933671323	-1.20783983671981e-07	64.9335332462315	0.199999999999865
3.075	19.25	-2.23416670316115e-13	0.799999930832382	-1.1871224754067e-07	64.9095332482645	0.199999999999821
3.225	19.25	-2.83611696073848e-13	0.799999928072217	-1.16563696804474e-07	64.8855332503816	0.199999999999773
3.375	19.25	-3.46035715255867e-13	0.799999925391212	-1.14341986132162e-07	64.8615332525803	0.199999999999723
3.525	19.25	-4.05628569347449e-13	0.799999922793632	-1.12050668661444e-07	64.8375332548582	0.199999999999676
3.675	19.25	-4.55107106424105e-13	0.799999920279732	-1.09693156108678e-07	64.8135332572127	0.199999999999636
3.825	19.25	-4.84582715335762e-13	0.799999917853166	-1.07273357044557e-07	64.7895332596414	0.199999999999612
3.975	19.25	-4.81239927127676e-13	0.799999915513255	-1.04795039879246e-07	64.7655332621417	0.199999999999615
4.125	19.25	-4.29134264246981e-13	0.799999913263193	-1.02261717194685e-07	64.7415332647107	0.199999999999657
4.275	19.25	-3.09183290150932e-13	0.799999911103935	-9.96774423277202e-08	64.7175332673459	0.199999999999753
4.425	19.25	-9.9441180272525e-14	0.799999909035759	-9.70460704195527e-08	64.6935332700446	0.19999999999992
4.575	19.25	2.24237239687992e-13	0.79999990706011	-9.43711442581667e-08	64.6695332728038	0.200000000000179
4.725	19.25	6.87023609821666e-13	0.799999905178088	-9.16568444242487e-08	64.6455332756209	0.20000000000055
4.875	19.25	1.31330599686059e-12	0.799999903388672	-8.89065544155671e-08	64.621533278493	0.200000000001051
5.025	19.25	2.1241114227443e-12	0.799999901694448	-8.61242427119267e-08	64.5975332814173	0.200000000001699
5.175	19.25	3.13363905151457e-12	0.799999900093545	-8.33138281662544e-08	64.5735332843909	0.200000000002507
5.325	19.25	4.34480427337378e-12	0.799999898587071	-8.04785532405098e-08	64.5495332874111	0.200000000003476
5.475	19.25	5.74373408124506e-12	0.799999897174952	-7.76224221181379e-08	64.5255332904749	0.200000000004595
5.625	19.25	7.29321629882957e-12	0.799999895856169	-7.47489098409355e-08	64.5015332935795	0.200000000005835
5.775	19.25	8.92519376202896e-12	0.799999894630988	-7.18615879153415e-08	64.4775332967221	0.20000000000714
5.925	19.25	1.05325129915668e-11	0.799999893498613	-6.89638134442469e-08	64.4535332998999	0.200000000008426
6.075	19.25	1.19602883222089e-11	0.799999892457725	-6.60591617260866e-08	64.4295333031102	0.200000000009568
6.225	19.25	1.29974280838686e-11	0.799999891508465	-6.31506769041939e-08	64.4055333063502	0.200000000010398
6.375	19.25	1.33690888462893e-11	0.799999890648495	-6.0241794483968e-08	64.3815333096172	0.200000000010695
6.525	19.25	1.27310732169868e-11	0.799999889878361	-5.73354843755299e-08	64.3575333129087	0.200000000010185
6.675	19.25	1.06674593045004e-11	0.79999988919615	-5.4434834864206e-08	64.333533316222	0.200000000008534
6.825	19.25	6.693033841723e-12	0.799999888599363	-5.1542839994211e-08	64.3095333195549	0.200000000005354
6.975	19.25	2.62379355358463e-13	0.799999888087822	-4.86622719906845e-08	64.2855333229048	0.20000000000021
7.125	19.25	-9.21228457652317e-12	0.799999887660563	-4.57958558238955e-08	64.2615333262695	0.19999999999263
7.275	19.25	-2.23322144353044e-11	0.799999887314879	-4.2946270439178e-08	64.2375333296469	0.199999999982134
7.425	19.25	-3.96698220276744e-11	0.799999887049707	-4.01157998270686e-08	64.2135333330349	0.199999999968264
7.575	19.25	-6.17105729148754e-11	0.799999886862569	-3.73069133587528e-08	64.1895333364316	0.199999999950632
7.725	19.25	-8.87769855761302e-11	0.79999988675314	-3.4522273598011e-08	64.165533339835	0.199999999928978
7.875	19.25	-1.20933082782445e-10	0.799999886718226	-3.17634620948904e-08	64.1415333432434	0.199999999903254
8.025	19.25	-1.5786841476527e-10	0.799999886756571	-2.90330333303664e-08	64.1175333466551	0.199999999873705
8.175	19.25	-1.98761896634664e-10	0.799999886866423	-2.63325844697799e-08	64.0935333500683	0.19999999984099
8.325	19.25	-2.42127232394847e-10	0.799999887046264	-2.36640867417376e-08	64.0695333534813	0.199999999806298
8.475	19.25	-2.85643678146745e-10	0.799999887292936	-2.1029241652714e-08	64.0455333568921	0.199999999771485
8.625	19.25	-3.25978355365371e-10	0.799999887605659	-1.84296534054725e-08	64.0215333602986	0.199999999739217
8.775	19.25	-3.58609267731019e-10	0.799999887981882	-1.58667473223573e-08	63.9975333636983	0.199999999713113
8.925	19.25	-3.77661577365054e-10	0.799999888419906	-1.33420179935119e-08	63.9735333670885	0.199999999697871
9.075	19.25	-3.75773497053513e-10	0.799999888917596	-1.08566319231923e-08	63.9495333704656	0.199999999699381
9.225	19.25	-3.44012244775378e-10	0.799999889472415	-8.41173773498544e-09	63.9255333738256	0.19999999972479
9.375	19.25	-2.71864723573283e-10	0.799999890082583	-6.00841422971857e-09	63.9015333771633	0.199999999782508
9.525	19.25	-1.47331707873896e-10	0.799999890745631	-3.64774755118394e-09	63.8775333804728	0.199999999882135
9.675	19.25	4.28419531037029e-11	0.799999891459214	-1.33045375616642e-09	63.8535333837469	0.200000000034274
9.825	19.25	3.12765625412747e-10	0.799999892220235	9.42663133522984e-10	63.8295333869771	0.200000000250213
9.975	19.25	6.76792384052255e-10	0.799999893026625	3.17094533831209e-09	63.8055333901536	0.200000000541434
10.125	19.25	1.14866229292063e-09	0.799999893874825	5.35383912334338e-09	63.7815333932655	0.20000000091893
10.275	19.25	1.74036414276844e-09	0.799999894761819	7.49087028899309e-09	63.7575333963006	0.200000001392291
10.425	19.25	2.46068520805192e-09	0.79999989568408	9.58151346583267e-09	63.7335333992457	0.200000001968548
10.575	19.25	3.31342686444162e-09	0.799999896637999	1.16257216285732e-08	63.7095334020871	0.200000002650741
10.725	19.25	4.295276158571e-09	0.799999897619364	1.36230118372657e-08	63.6855334048112	0.200000003436221
10.875	19.25	5.39334015590736e-09	0.79999989862419	1.55732281027746e-08	63.6615334074052	0.200000004314672
11.025	19.25	6.58237152930289e-09	0.799999899648135	1.74764470546799e-08	63.6375334098582	0.200000005265897
11.175	19.25	7.82174064914985e-09	0.7999999006867	1.93325720497482e-08	63.6135334121625	0.200000006257393
11.325	19.25	9.05224145149985e-09	0.799999901735472	2.11415540165468e-08	63.5895334143153	0.200000007241793
11.475	19.25	1.01928553766355e-08	0.799999902790247	2.29036327043371e-08	63.5655334163204	0.200000008154284
11.625	19.25	1.11376391546285e-08	0.799999903846776	2.46190180017613e-08	63.5415334181908	0.200000008910111
11.775	19.25	1.17529472552769e-08	0.79999990490195	2.62877674291615e-08	63.5175334199511	0.200000009402358
11.925	19.25	1.18752471016909e-08	0.799999905952826	2.79102876591369e-08	63.4935334216401	0.200000009500198
12.075	19.25	1.13098329126942e-08	0.799999906998134	2.94869218241403e-08	63.4695334233139	0.200000009047866
12.225	19.25	9.83079010854276e-09	0.799999908037084	3.10180724623928e-08	63.4455334250488	0.200000007864632
12.375	19.25	7.18260399807356e-09	0.799999909071101	3.25039638553623e-08	63.4215334269442	0.200000005746083
12.525	19.25	3.08384106071524e-09	0.799999910104265	3.39453074578072e-08	63.3975334291254	0.200000002467073
12.675	19.25	-2.7666445733432e-09	0.799999911141951	3.5342490520072e-08	63.3735334317458	0.199999997786684
12.825	19.25	-1.06805159754553e-08	0.799999912193337	3.66961515557791e-08	63.3495334349881	0.199999991455587
12.975	19.25	-2.09673115898681e-08	0.799999913269687	3.80066716121057e-08	63.3255334390649	0.199999983226151
13.125	19.25	-3.39179227871542e-08	0.799999914387162	3.92748449021292e-08	63.3015334442176	0.199999972865662
13.275	19.25	-4.97838008663771e-08	0.799999915564176	4.05012608904254e-08	63.2775334507139	0.199999960172959
13.425	19.25	-6.87515672125753e-08	0.799999916824032	4.1686525388124e-08	63.2535334588423	0.199999944998746
13.575	19.25	-9.09127810727854e-08	0.799999918193726	4.28312402156805e-08	63.2295334689048	0.199999927269775
13.725	19.25	-1.16228711620624e-07	0.799999919704548	4.39363845096324e-08	63.2055334812059	0.199999907017031
13.875	19.25	-1.44490054839611e-07	0.799999921391634	4.50023978843702e-08	63.1815334960384	0.199999884407956
14.025	19.25	-1.75271615964317e-07	0.799999923293888	4.60300074405838e-08	63.1575335136645	0.199999859782707
14.175	19.25	-2.07882022422663e-07	0.799999925455148	4.70201737889432e-08	63.1335335342929	0.199999833694382
14.325	19.25	-2.41308508902736e-07	0.799999927922665	4.79736226289581e-08	63.1095335580505	0.199999806953193
14.475	19.25	-2.74156682140095e-07	0.799999930747283	4.88908872620177e-08	63.0855335849488	0.199999780674654
14.625	19.25	-3.04584870023175e-07	0.79999993398675	4.97729869087497e-08	63.0615336148438	0.199999756332104
14.775	19.25	-3.30232110044899e-07	0.799999937704237	5.06206388170701e-08	63.0375336473899	0.199999735814312
14.925	19.25	-3.48137933237552e-07	0.799999941972079	5.14345799962234e-08	63.0135336819861	0.199999721489653
15.075	19.25	-3.54650716097143e-07	0.799999946876601	5.22155799653232e-08	62.989533717714	0.199999716279427
15.225	19.25	-3.45319326375459e-07	0.799999952523737	5.2964490714471e-08	62.9655337532664	0.199999723744539
15.375	19.25	-3.14759844532569e-07	0.799999959048789	5.36820789041408e-08	62.9415337868639	0.199999748192124
15.525	19.25	-2.56484992415543e-07	0.799999966633142	5.43690881190985e-08	62.9175338161574	0.199999794812006
15.675	19.25	-1.62678137150874e-07	0.799999975521191	5.50263415088686e-08	62.893533838111	0.19999986985749
15.825	19.25	-2.38858218994093e-08	0.799999986053607	5.56546697011034e-08	62.8695338488603	0.199999980891342
15.975	19.25	1.71408012556582e-07	0.799999998706195	5.625475763377e-08	62.8455338435339	0.20000013712641
16.125	19.25	4.37377573589587e-07	0.800000014147918	5.68274350756753e-08	62.8215338160276	0.200000349902059
16.275	19.25	7.91691740360282e-07	0.800000033318599	5.73733550496759e-08	62.7975337587085	0.200000633353392
16.425	19.25	1.25668939927265e-06	0.800000057536027	5.78933940026629e-08	62.7735336620236	0.200001005351519
16.575	19.25	1.86102724439517e-06	0.800000088641247	5.83882354059964e-08	62.749533513972	0.200001488821796
16.725	19.25	2.64198178944013e-06	0.80000012919597	5.88585637424832e-08	62.7255332993879	0.200002113585432
16.875	19.25	3.64865177149173e-06	0.800000182747882	5.93052190185924e-08	62.7015329989596	0.200002918921417
17.025	19.25	4.94639332753477e-06	0.80000025418896	5.97287239801733e-08	62.6775325878817	0.200003957114662
17.175	19.25	6.62293572169013e-06	0.800000350237163	6.01299269231479e-08	62.6535320340005	0.200005298348577
17.325	19.25	8.79678045040679e-06	0.80000048008677	6.05093202585236e-08	62.6295312952633	0.20000703742436
17.475	19.25	1.16286961142668e-05	0.800000656285417	6.08676554170476e-08	62.6055303162124	0.200009302956891
17.625	19.25	1.53374061328193e-05	0.800000895919896	6.12055119442118e-08	62.5815290231747	0.200012269924906
17.775	19.25	2.02209531636576e-05	0.800001222218475	6.15234469471042e-08	62.557527317672	0.200016176762531
17.925	19.25	2.6685745580643e-05	0.80000166670766	6.18220534869627e-08	62.5335250674126	0.200021348596465
18.075	19.25	3.52859846644424e-05	0.800002272091902	6.2101655268585e-08	62.5095220939957	0.200028228787732
18.225	19.25	4.67770802289713e-05	0.800003096081094	6.23627281241928e-08	62.4855181561588	0.200037421664183
18.375	19.25	6.21878515130413e-05	0.800004216476562	6.26057478080195e-08	62.4615129269966	0.20004975028121
18.525	19.25	8.29178956127768e-05	0.80000573800139	6.28307189144132e-08	62.4375059630398	0.20006633431649
18.675	19.25	0.00011086870308356	0.800007801627452	6.30377847710239e-08	62.4134966623664	0.200088694962467
18.825	19.25	0.000148620260680591	0.800010597515497	6.32269096911204e-08	62.3894842079436	0.200118896208544
18.975	19.25	0.000199669461493705	0.800014382984069	6.33975653690437e-08	62.3654674910474	0.200159735569195
19.125	19.25	0.000268753051409935	0.800019506961884	6.3549083796093e-08	62.3414450077387	0.200215002441128
19.275	19.25	0.000362286166569535	0.800026441950595	6.36804191005813e-08	62.3174147187856	0.200289828933256
19.425	19.25	0.000488957315788133	0.800035823829181	6.37896531559013e-08	62.2933738599786	0.200391165852631
19.575	19.25	0.000660531202565952	0.800048499748103	6.38742389356831e-08	62.2693186853473	0.200528424962053
19.725	19.25	0.000892922225054599	0.800065586642692	6.39308031641657e-08	62.2452441203142	0.200714337780044
19.875	19.25	0.00120761714548531	0.800088549329467	6.39540528093653e-08	62.2211432950263	0.200966093716388
20.025	19.25	0.00163355414403082	0.800119317576662	6.39372893210714e-08	62.1970069191984	0.201306843315225
20.175	19.25	0.00220962182359224	0.800160470967399	6.3871229369175e-08	62.1728224467972	0.201767697458874
20.325	19.25	0.00298804040573487	0.800215517131502	6.37436421718713e-08	62.148572958451	0.202390432324588
20.475	19.25	0.00403902970679595	0.800289256682068	6.35380477790454e-08	62.1242356574577	0.203231223765437
20.625	19.25	0.00545732379053279	0.800388154830575	6.32330681113437e-08	62.0997798289505	0.204365859032426
20.775	19.25	0.00737118413099602	0.800520531517673	6.28007136312812e-08	62.0751640536113	0.205896947304797
20.925	19.25	0.00995447763823352	0.80069627566447	6.2205025961006e-08	62.0503324088422	0.207963582110587
21.075	19.25	0.0134420122541925	0.800925748651268	6.14010052429938e-08	62.0252093539103	0.210753609803354
21.225	19.25	0.018147617903587	0.801217630309442	6.03345260049564e-08	61.9996930110284	0.21451809432287
21.375	19.25	0.0244834938987132	0.801575697105318	5.89453192248717e-08	61.9736466501528	0.219586795118971
21.525	19.25	0.0329782633970798	0.801994861097979	5.71727159307512e-08	61.9468883795166	0.226382610717664
21.675	19.25	0.0442900727247152	0.802457164045378	5.4966276524383e-08	61.9191793430215	0.235432058179772
21.825	19.25	0.059209832491489	0.80292877668403	5.23007611888188e-08	61.8902111369969	0.247367865993191
21.975	19.25	0.0786480172878713	0.803359390578034	4.91907661281474e-08	61.8595937096117	0.262918413830297
22.125	19.25	0.103596191372978	0.803685574261958	4.57014051793967e-08	61.826845743985	0.282876953098382
22.275	19.25	0.135052303766553	0.803839319940226	4.19481830839312e-08	61.7913904716627	0.308041843013242
22.425	19.25	0.173898994674238	0.803761736537246	3.80838012126625e-08	61.7525609003047	0.33911919573939
22.575	19.25	0.220730586127021	0.803419688573347	3.42746616114088e-08	61.7096191615646	0.376584468901616
22.725	19.25	0.275641528060112	0.802820785817655	3.06736550504413e-08	61.6617942872868	0.42051322244809
22.875	19.25	0.338017857625161	0.80202057428684	2.7398531900041e-08	61.6083401348568	0.470414286100129
23.025	19.25	0.406404724686121	0.801116447430892	2.45212139692281e-08	61.5486097065195	0.525123779748897
23.175	19.25	0.478534573505881	0.800226925771623	2.20681268731492e-08	61.4821345457886	0.582827658804705
23.325	19.25	0.551566087865377	0.799461968516456	2.00286749190152e-08	61.4086913908215	0.641252870292302
23.475	19.25	0.622501308911726	0.798895927421557	1.83672554549748e-08	61.3283373611884	0.698001047129381
23.625	19.25	0.688659258692968	0.798554407793505	1.70348495869288e-08	61.2414023326552	0.750927406954374
23.775	19.25	0.748051810846314	0.798418741590916	1.59783031929059e-08	61.1484404439615	0.798441448677051
23.925	19.25	0.799557781645899	0.798442566854256	1.51464175808389e-08	61.0501551476492	0.83964622531672
24.075	19.25	0.842886470756032	0.798570847784394	1.44934860829594e-08	60.9473176577441	0.874309176604826
24.225	19.25	0.87839815629272	0.798753959562679	1.39807019708523e-08	60.8406958015331	0.902718525034176
24.375	19.25	0.906872100603628	0.798954490499401	1.35761645103944e-08	60.7310026588716	0.925497680482903
24.525	19.25	0.929292198264131	0.799148194055462	1.32544095674462e-08	60.6188666432025	0.943433758611305
24.675	19.25	0.946685094141821	0.799321770544155	1.29953543181354e-08	60.50481964355	0.957348075313457
24.825	19.25	0.960016774675136	0.799469690122969	1.27834443572028e-08	60.3892978956265	0.968013419740109
24.975	19.25	0.970138073093846	0.799591290943162	1.26067421692225e-08	60.2726504269357	0.976110458475077
25.125	19.25	0.977764769238999	0.799688595174788	1.24561870091466e-08	60.155151069148	0.9822118153912
25.275	19.25	0.983479107284618	0.79976485019638	1.2324911983804e-08	60.0370113508914	0.986783285827695
25.425	19.25	0.987742791115338	0.799823639041679	1.22078059292e-08	59.9183926931181	0.99019423289227
25.575	19.25	0.990914817869579	0.799868385089715	1.21010775896085e-08	59.7994171244784	0.992731854295663
25.725	19.25	0.993270126790686	0.799902110113695	1.20018981891869e-08	59.6801762455813	0.994616101432549
25.875	19.25	0.995016874803381	0.799927346622009	1.19082159555846e-08	59.5607384689917	0.996013499842705
26.025	19.25	0.99631133995975	0.799946138995445	1.18185377021741e-08	59.4411547147426	0.9970490719678
26.175	19.25	0.997270176121716	0.799960091237919	1.173176571481e-08	59.3214628023388	0.997816140897373
26.325	19.25	0.997980145940736	0.799970434659528	1.16470861167916e-08	59.2016907874094	0.998384116752588
26.475	19.25	0.998505654703815	0.799978099216975	1.15639660042985e-08	59.0818594695881	0.998804523763052
26.625	19.25	0.998894473355358	0.799983779362306	1.14819936940244e-08	58.9619842640866	0.999115578684286
26.775	19.25	0.999182029806368	0.799987990107363	1.1400902178327e-08	58.8420765925914	0.999345623845095
26.925	19.25	0.999394600868589	0.799991112159411	1.13204472474343e-08	58.7221449149738	0.999515680694872
27.075	19.25	0.999551676929945	0.799993426817065	1.12405036812715e-08	58.6021954942855	0.999641341543956
27.225	19.25	0.999667711986656	0.799995142192048	1.11610207150101e-08	58.4822329642509	0.999734169589325
27.375	19.25	0.999753419908062	0.799996412556357	1.1081889548861e-08	58.362260750539	0.99980273592645
27.525	19.25	0.999816736206818	0.799997352487592	1.10030978214415e-08	58.2422813836493	0.999853388965454
27.675	19.25	0.999863532816187	0.799998047192106	1.09246266538694e-08	58.1222967313246	0.99989082625295
27.825	19.25	0.999898149899966	0.799998560065911	1.08464726443367e-08	58.002308171127	0.999918519919973
27.975	19.25	0.999923791678007	0.799998938266301	1.07686340839295e-08	57.8823167184888	0.999939033342405
28.125	19.25	0.999942820940785	0.799999216844081	1.06911584298723e-08	57.7623231216255	0.999954256752628
28.275	19.25	0.999956977996838	0.79999942182302	1.0613992165445e-08	57.6423279318042	0.999965582397471
28.425	19.25	0.999967543255779	0.799999572501155	1.05371943884081e-08	57.5223315552973	0.999974034604623
28.575	19.25	0.999975457805983	0.799999683172194	1.04607812643127e-08	57.4023342917454	0.999980366244786
28.725	19.25	0.999981412728913	0.799999764410162	1.03847677010754e-08	57.282336362445	0.999985130183131
28.875	19.25	0.999985915176868	0.799999824028701	1.03091638679382e-08	57.1623379311773	0.999988732141495
29.025	19.25	0.999989337201645	0.799999867794155	1.02340063509445e-08	57.0423391195218	0.999991469761316
29.175	19.25	0.999991951790848	0.799999899955972	1.01593170746454e-08	56.922340018096	0.999993561432678
29.325	19.25	0.999993959424966	0.79999992364033	1.0085112325778e-08	56.802340694791	0.999995167539973
29.475	19.25	0.999995507614445	0.799999941142145	1.00113943277855e-08	56.6823412007942	0.999996406091556
29.625	19.25	0.999996705242193	0.799999954141855	9.93821344348773e-09	56.5623415749863	0.999997364193754
29.775	19.25	0.999997633065893	0.799999963866376	9.86554509264586e-09	56.4423418471451	0.999998106452714
29.925	19.25	0.999998351385316	0.799999971208146	9.79344737712548e-09	56.3223420402777	0.999998681108253
30.075	19.25	0.999998905620685	0.799999976814275	9.72189284873539e-09	56.2023421723167	0.999999124496548
30.225	19.25	0.999999330355729	0.799999981151654	9.65091757807991e-09	56.0823422573543	0.999999464284584
30.375	19.25	0.999999652256004	0.799999984555926	9.58057646673624e-09	55.9623423065429	0.999999721804803
30.525	19.25	0.999999892166631	0.799999987267574	9.51081307375889e-09	55.8423423287543	0.999999913733305
30.675	19.25	1.00000006661445	0.799999989458144	9.44170108535974e-09	55.7223423310666	1.00000005329156
30.825	19.25	1.00000018888046	0.799999991250032	9.37321077772575e-09	55.6023423191269	1.00000015110437
30.975	19.25	1.00000026976431	0.799999992730609	9.30535858464773e-09	55.4823422974265	1.00000021581145
31.125	19.25	1.00000031813025	0.799999993962668	9.23818783772334e-09	55.362342269513	1.0000002545042
31.275	19.25	1.00000034129915	0.799999994991778	9.17165244883879e-09	55.2423422381567	1.00000027303932
31.425	19.25	1.00000034533337	0.799999995851758	9.10582097503829e-09	55.122342205486	1.00000027626669
31.575	19.25	1.00000033524796	0.799999996568447	9.04067188303987e-09	55.0023421730972	1.00000026819836
31.725	19.25	1.00000031517155	0.799999997162185	8.97621473667449e-09	54.8823421421478	1.00000025213724
31.875	19.25	1.00000028847337	0.79999999764956	8.91244971565707e-09	54.7623421134356	1.00000023077869
32.025	19.25	1.00000025786736	0.799999998044952	8.84940938979984e-09	54.6423420874661	1.00000020629389
32.175	19.25	1.00000022550095	0.799999998360763	8.78708004199519e-09	54.5223420645116	1.00000018040076
32.325	19.25	1.00000019303282	0.799999998608213	8.72550301877682e-09	54.4023420446617	1.00000015442625
32.475	19.25	1.00000016170283	0.799999998797541	8.66461990684296e-09	54.2823420278668	1.00000012936227
32.625	19.25	1.00000013239565	0.799999998937987	8.60447489734888e-09	54.1623420139755	1.00000010591652
32.775	19.25	1.00000010569876	0.799999999038159	8.54510997275513e-09	54.0423420027654	1.00000008455901
32.925	19.25	1.00000008195547	0.799999999105669	8.48644572554666e-09	53.9223419939699	1.00000006556437
33.075	19.25	1.00000006131279	0.799999999147465	8.42857435735808e-09	53.8023419872983	1.00000004905023
33.225	19.25	1.00000004376434	0.799999999169591	8.37141887761605e-09	53.6823419824536	1.00000003501147
33.375	19.25	1.00000002918822	0.799999999177377	8.3150345761521e-09	53.5623419791446	1.00000002335058
33.525	19.25	1.00000001737987	0.799999999175281	8.25941849443832e-09	53.4423419770962	1.00000001390389
33.675	19.25	1.00000000808	0.799999999167025	8.20455977821645e-09	53.3223419760551	1.000000006464
33.825	19.25	1.0000000009979	0.799999999155746	8.15045776646334e-09	53.2023419757947	1.00000000079832
33.975	19.25	0.999999995830285	0.79999999914377	8.09713213108816e-09	53.0823419761168	0.999999996664228
34.125	19.25	0.999999992276143	0.799999999132916	8.04459428091692e-09	52.9623419768522	0.999999993820914
34.275	19.25	0.999999990047869	0.799999999124557	7.9928175490311e-09	52.8423419778599	0.999999992038296
34.425	19.25	0.99999998887926	0.799999999119396	7.94182159873939e-09	52.7223419790256	0.999999991103408
34.575	19.25	0.999999988530624	0.799999999117987	7.89159408824114e-09	52.6023419802593	0.999999990824499
34.725	19.25	0.999999988791739	0.799999999120631	7.84214150741177e-09	52.4823419814923	0.999999991033391
34.875	19.25	0.999999989482799	0.799999999127114	7.79347325897025e-09	52.3623419826751	0.999999991586239
35.025	19.25	0.999999990453991	0.799999999137243	7.74557753811935e-09	52.2423419837735	0.999999992363193
35.175	19.25	0.99999999158394	0.799999999150712	7.69847058407665e-09	52.1223419847667	0.999999993267152
35.325	19.25	0.999999992777316	0.799999999167122	7.65214001488535e-09	52.0023419856442	0.999999994221852
35.475	19.25	0.999999993962068	0.799999999185846	7.60659753724918e-09	51.8823419864033	0.999999995169654
35.625	19.25	0.999999995086347	0.799999999206568	7.56183004603763e-09	51.7623419870477	0.999999996069078
35.775	19.25	0.999999996115355	0.799999999228762	7.51782807282577e-09	51.6423419875848	0.999999996892284
35.925	19.25	0.999999997028286	0.799999999251978	7.47463496302305e-09	51.5223419880249	0.999999997622629
36.075	19.25	0.999999997815459	0.799999999275823	7.43219581662144e-09	51.4023419883798	0.999999998252367
36.225	19.25	0.999999998475757	0.799999999299935	7.39054277163075e-09	51.2823419886616	0.999999998780606
36.375	19.25	0.999999999014295	0.799999999324044	7.34968031460387e-09	51.1623419888824	0.999999999211436
36.525	19.25	0.999999999440467	0.799999999347883	7.30957819928006e-09	51.0423419890536	0.999999999552373
36.675	19.25	0.999999999766334	0.799999999371328	7.27027886754283e-09	50.9223419891855	0.999999999813067
36.825	19.25	1.00000000000535	0.799999999394145	7.23173281377885e-09	50.8023419892871	1.00000000000428
36.975	19.25	1.00000000017136	0.799999999416318	7.19397282712037e-09	50.6823419893662	1.00000000013709
37.125	19.25	1.00000000027793	0.799999999437733	7.15697996670689e-09	50.5623419894293	1.00000000022234
37.275	19.25	1.00000000033771	0.799999999458327	7.12075264768091e-09	50.4423419894815	1.00000000027017
37.425	19.25	1.00000000036184	0.799999999477927	7.08532260121459e-09	50.3223419895269	1.00000000028947
37.575	19.25	1.00000000035914	0.799999999496544	7.05065133665508e-09	50.2023419895687	1.00000000028731
37.725	19.25	1.00000000033567	0.799999999514326	7.01674702959312e-09	50.082341989609	1.00000000026854
37.875	19.25	1.00000000029553	0.7999999995318	6.98361036741436e-09	49.9623419896499	1.00000000023643
38.025	19.25	1.00000000024453	0.799999999550086	6.95125073950272e-09	49.8423419896927	1.00000000019562
38.175	19.25	1.00000000019656	0.799999999569883	6.91965397033708e-09	49.7223419897379	1.00000000015725
38.325	19.25	1.00000000017806	0.799999999589609	6.88882172031379e-09	49.602341989784	1.00000000014244
38.475	19.25	1.0000000002182	0.799999999603159	6.85873989363774e-09	49.4823419898268	1.00000000017456
38.625	19.25	1.00000000031038	0.799999999599914	6.82943764723156e-09	49.3623419898612	1.00000000024831
38.775	19.25	1.00000000034601	0.799999999573423	6.80089184819407e-09	49.2423419898873	1.00000000027681
38.925	19.25	1.00000000007386	0.799999999541565	6.77309447507196e-09	49.1223419899227	1.00000000005909
39.075	19.25	0.999999999212024	0.7999999995706	6.74606400293083e-09	49.0023419900106	0.999999999369619
39.225	19.25	0.99999999786158	0.799999999769363	6.71978769848819e-09	48.8823419902028	0.999999998289264
39.375	19.25	0.99999999718716	0.800000000199246	6.69425616591683e-09	48.7623419904904	0.999999997749728
39.525	19.25	0.999999999800266	0.800000000666765	6.66948705457374e-09	48.6423419906831	0.999999999840213
39.675	19.25	1.00000000854991	0.800000000493266	6.64547193211282e-09	48.5223419903287	1.00000000683992
39.825	19.25	1.00000002228111	0.799999998596223	6.62220332256141e-09	48.4023419888935	1.00000001782489
39.975	19.25	1.00000002906865	0.799999994411893	6.59967691818675e-09	48.2823419864719	1.00000002325492
40.125	19.25	1.00000000269436	0.799999989925108	6.57790723749864e-09	48.1623419849888	1.00000000215549
40.275	19.25	0.999999915051609	0.799999991812609	6.55688292610832e-09	48.042341988977	0.999999932041287
40.425	19.25	0.999999777875207	0.800000010459835	6.53660293721003e-09	47.9223420037551	0.999999822300166
40.575	19.25	0.999999707649954	0.800000050971922	6.51707212926186e-09	47.802342028487	0.999999766119963
40.725	19.25	0.999999957517788	0.800000094160295	6.49827266243007e-09	47.6823420445947	0.999999966014231
40.875	19.25	1.00000079734944	0.800000077339716	6.4802081432764e-09	47.5623420083955	1.00000063787956
41.025	19.25	1.00000212196186	0.799999904796078	6.46288985049654e-09	47.4423418683017	1.00000169756949
41.175	19.25	1.00000285290255	0.799999530638876	6.44631545274787e-09	47.32234162954	1.00000228232204
41.325	19.25	1.00000065163097	0.799999128359957	6.43048515188278e-09	47.202341461353	1.00000052130478
41.475	19.25	0.999993003857996	0.799999255889881	6.41541706204402e-09	47.082341765919	0.999994403086397
41.625	19.25	0.999980706637728	0.800000756469922	6.40110964672819e-09	46.9623430278441	0.999984565310183
41.775	19.25	0.999973138463923	0.800004041070193	6.38752908221804e-09	46.8423452433071	0.999978510771138
41.925	19.25	0.999990827520606	0.800007657961017	6.37452468823967e-09	46.722346972964	0.999992662016485
42.075	19.25	1.00005637953631	0.800006936556776	6.3620245690065e-09	46.6023447070517	1.00004510362905
42.225	19.25	1.00016528886163	0.799994824406804	6.35004985669593e-09	46.4823340670321	1.0001322310893
42.375	19.25	1.00024184955356	0.799967674453678	6.33894367338758e-09	46.3623145244735	1.00019347964285
42.525	19.25	1.00011633628559	0.799936550706092	6.32958048918877e-09	46.242297331458	1.00009306902847
42.675	19.25	0.99959422690515	0.799937860879157	6.32296588507255e-09	46.1223112244664	0.99967538152412
42.825	19.25	0.998683926301073	0.800027372646881	6.31904599469637e-09	46.0023938755771	0.998947141040858
42.975	19.25	0.997944673218859	0.800237007004559	6.3150242940149e-09	45.8825557074684	0.998355738575087
43.125	19.25	0.9986842589707	0.800490005617986	6.30429475546616e-09	45.7627175131281	0.99894740717656
43.275	19.25	1.00248296175157	0.800522975268549	6.27888832783484e-09	45.6426614827935	1.00198636940126
43.425	19.25	1.00955927623695	0.79993482567297	6.23803079106624e-09	45.5220835802446	1.00764742098956
43.575	19.25	1.0162338073813	0.798479881683155	6.20014628657689e-09	45.4008458035788	1.01298704590504
43.725	19.25	1.01328677100618	0.79657339188189	6.21020917900244e-09	45.2794286472764	1.01062941680494
43.875	19.25	0.988680897762604	0.79583325065438	6.32991328509342e-09	45.1593336528348	0.990944718210083
44.025	19.25	0.938367896647258	0.799351007316725	6.59526586406787e-09	45.0428406203828	0.950694317317807
44.175	19.25	0.8846731334675	0.810192428704332	6.90592853586297e-09	44.9313521147753	0.907738506774
44.325	19.25	0.889127901588059	0.824441952871377	6.87836383246348e-09	44.8222077607533	0.911302321270448
44.475	19.25	1.03257195132499	0.826489829074874	6.10850583807312e-09	44.705957355154	1.02605756105999
44.625	19.25	1.34924434182861	0.808622132992318	4.8978888425722e-09	44.5677999192748	1.27939547346289
44.775	19.25	1.76408811801471	0.709537047514338	3.88793539804456e-09	44.3955931061463	1.61127049441177
44.925	19.25	2.11154506611413	0.834636814167824	3.31519082585318e-09	44.2248230864693	1.8892360528913
0.075	19.75	3.47473589648824e-16	0.399999998343927	-1.30129373345328e-07	65.3895332396321	0.2
0.225	19.75	1.0979650073972e-15	0.799999995033751	-1.30026396968674e-07	65.3655332397314	0.200000000000001
0.375	19.75	2.54818932230738e-15	0.799999991729543	-1.2982082890278e-07	65.3415332399301	0.200000000000002
0.525	19.75	4.61626591697433e-15	0.799999988434882	-1.29512875703803e-07	65.3175332402277	0.200000000000004
0.675	19.75	7.14881710274687e-15	0.799999985153763	-1.29103124721403e-07	65.293533240624	0.200000000000006
0.825	19.75	9.93588448922989e-15	0.799999981890672	-1.28592131861655e-07	65.2695332411185	0.200000000000008
0.975	19.75	1.27379706159355e-14	0.799999978648089	-1.2798116181374e-07	65.2455332417105	0.20000000000001
1.125	19.75	1.52997077143418e-14	0.799999975431069	-1.27270807989307e-07	65.2215332423996	0.200000000000012
1.275	19.75	1.73403390539933e-14	0.79999997224225	-1.2646267436779e-07	65.1975332431847	0.200000000000014
1.425	19.75	1.85241249318418e-14	0.799999969085763	-1.25558116936311e-07	65.173533244065	0.200000000000015
1.575	19.75	1.84215047459041e-14	0.799999965965398	-1.24558326919296e-07	65.1495332450395	0.200000000000015
1.725	19.75	1.64738680669999e-14	0.799999962883814	-1.23465383927995e-07	65.1255332461071	0.200000000000013
1.875	19.75	1.19727206375998e-14	0.799999959845417	-1.22280997153307e-07	65.1015332472665	0.20000000000001
2.025	19.75	4.06046995916362e-15	0.799999956851996	-1.21007344183466e-07	65.0775332485164	0.200000000000003
2.175	19.75	-8.24292283090942e-15	0.799999953908121	-1.19646226352828e-07	65.0535332498554	0.199999999999993
2.325	19.75	-2.59845140359948e-14	0.79999995101598	-1.18200162443864e-07	65.0295332512819	0.199999999999979
2.475	19.75	-5.01910993703407e-14	0.799999948178952	-1.1667144111705e-07	65.0055332527944	0.19999999999996
2.625	19.75	-8.17460313686187e-14	0.799999945399747	-1.15062675982519e-07	64.9815332543912	0.199999999999935
2.775	19.75	-1.21225255648278e-13	0.79999994268038	-1.13376190236165e-07	64.9575332560704	0.199999999999903
2.925	19.75	-1.68687708988761e-13	0.799999940024025	-1.11615089530626e-07	64.9335332578304	0.199999999999865
3.075	19.75	-2.23416668453657e-13	0.799999937432887	-1.09781888242126e-07	64.909533259669	0.199999999999821
3.225	19.75	-2.83611693434462e-13	0.799999934909488	-1.07879645116039e-07	64.8855332615844	0.199999999999773
3.375	19.75	-3.46035713046153e-13	0.799999932455021	-1.05911138957893e-07	64.8615332635745	0.199999999999723
3.525	19.75	-4.05628566686397e-13	0.799999930072404	-1.03879433392148e-07	64.8375332656372	0.199999999999676
3.675	19.75	-4.55107104868127e-13	0.799999927763014	-1.01787796741655e-07	64.8135332677703	0.199999999999636
3.825	19.75	-4.84582714155533e-13	0.799999925528419	-9.96393520500905e-08	64.7895332699715	0.199999999999612
3.975	19.75	-4.81239928326966e-13	0.79999992337016	-9.7436925562533e-08	64.7655332722386	0.199999999999615
4.125	19.75	-4.29134267339234e-13	0.799999921289772	-9.51841494941691e-08	64.7415332745694	0.199999999999657
4.275	19.75	-3.09183297639339e-13	0.79999991928768	-9.28840827037138e-08	64.7175332769613	0.199999999999753
4.425	19.75	-9.94411919278822e-14	0.79999991736596	-9.0539920216006e-08	64.6935332794122	0.19999999999992
4.575	19.75	2.24237220937655e-13	0.799999915525032	-8.81550158596143e-08	64.6695332819194	0.200000000000179
4.725	19.75	6.87023584107707e-13	0.799999913765399	-8.57326100527815e-08	64.6455332844806	0.20000000000055
4.875	19.75	1.31330596114446e-12	0.799999912087569	-8.32759702148585e-08	64.6215332870934	0.200000000001051
5.025	19.75	2.12411137751688e-12	0.799999910492318	-8.07882595942347e-08	64.5975332897551	0.200000000001699
5.175	19.75	3.13363899430986e-12	0.799999908979764	-7.82728935226045e-08	64.5735332924634	0.200000000002507
5.325	19.75	4.3448042059188e-12	0.799999907550109	-7.57327155310773e-08	64.5495332952157	0.200000000003476
5.475	19.75	5.74373400280109e-12	0.799999906203411	-7.31714003319044e-08	64.5255332980096	0.200000000004595
5.625	19.75	7.29321621372033e-12	0.799999904939297	-7.05914831523497e-08	64.5015333008424	0.200000000005835
5.775	19.75	8.92519367288063e-12	0.799999903757426	-6.79964604989105e-08	64.4775333037118	0.20000000000714
5.925	19.75	1.05325129070645e-11	0.799999902658103	-6.53892763852705e-08	64.4535333066153	0.200000000008426
6.075	19.75	1.19602882502828e-11	0.799999901639972	-6.27726845704433e-08	64.4295333095503	0.200000000009568
6.225	19.75	1.2997428039411e-11	0.79999990070283	-6.01497979245378e-08	64.4055333125146	0.200000000010398
6.375	19.75	1.33690888443014e-11	0.799999899846478	-5.75233564777067e-08	64.3815333155056	0.200000000010695
6.525	19.75	1.27310732798074e-11	0.799999899068395	-5.48962120202757e-08	64.3575333185212	0.200000000010185
6.675	19.75	1.06674594549372e-11	0.799999898369396	-5.22709064751512e-08	64.3335333215591	0.200000000008534
6.825	19.75	6.69303410909932e-12	0.799999897747985	-4.96502068954432e-08	64.309533324617	0.200000000005354
6.975	19.75	2.62379768727016e-13	0.79999989720226	-4.70363152339463e-08	64.2855333276929	0.20000000000021
7.125	19.75	-9.21228398449709e-12	0.799999896732252	-4.44320410620248e-08	64.2615333307848	0.19999999999263
7.275	19.75	-2.23322136347485e-11	0.799999896335889	-4.18395845430714e-08	64.2375333338908	0.199999999982134
7.425	19.75	-3.96698209910595e-11	0.79999989601169	-3.92611097360959e-08	64.213533337009	0.199999999968264
7.575	19.75	-6.17105716223669e-11	0.799999895759434	-3.66990930231405e-08	64.1895333401377	0.199999999950632
7.725	19.75	-8.87769840200427e-11	0.799999895576528	-3.41550692025928e-08	64.1655333432752	0.199999999928978
7.875	19.75	-1.20933080970282e-10	0.799999895462404	-3.16316584656948e-08	64.1415333464201	0.199999999903254
8.025	19.75	-1.5786841273061e-10	0.799999895414292	-2.91302841690832e-08	64.1175333495707	0.199999999873705
8.175	19.75	-1.98761894435844e-10	0.799999895432436	-2.66530120390024e-08	64.0935333527256	0.19999999984099
8.325	19.75	-2.42127230133426e-10	0.799999895513834	-2.42013092494123e-08	64.069533355883	0.199999999806298
8.475	19.75	-2.85643675958956e-10	0.799999895657615	-2.1776998369941e-08	64.0455333590412	0.199999999771485
8.625	19.75	-3.25978353448728e-10	0.79999989586213	-1.9381403278478e-08	64.0215333621983	0.199999999739217
8.775	19.75	-3.58609266324789e-10	0.799999896125503	-1.70161401701209e-08	63.9975333653521	0.199999999713113
8.925	19.75	-3.77661576784131e-10	0.799999896446302	-1.46823578053294e-08	63.9735333684997	0.199999999697871
9.075	19.75	-3.75773497653869e-10	0.799999896822492	-1.23813092136652e-08	63.9495333716378	0.199999999699381
9.225	19.75	-3.44012246992885e-10	0.799999897252565	-1.01142750685194e-08	63.9255333747625	0.19999999972479
9.375	19.75	-2.71864727870013e-10	0.799999897734479	-7.88209693224014e-09	63.9015333778687	0.199999999782508
9.525	19.75	-1.47331714777935e-10	0.799999898265997	-5.68588818780229e-09	63.8775333809506	0.199999999882135
9.675	19.75	4.28419430742144e-11	0.799999898845271	-3.52648477946979e-09	63.853533384001	0.200000000034274
9.825	19.75	3.12765611713842e-10	0.799999899470001	-1.40456923761003e-09	63.8295333870116	0.200000000250213
9.975	19.75	6.76792366213839e-10	0.79999990013761	6.78969647232845e-10	63.8055333899728	0.200000000541434
10.125	19.75	1.14866227051947e-09	0.79999990084519	2.72363966724474e-09	63.7815333928734	0.20000000091893
10.275	19.75	1.74036411555086e-09	0.799999901589893	4.72881007358827e-09	63.7575333957015	0.200000001392291
10.425	19.75	2.46068517591737e-09	0.799999902368633	6.69407654067457e-09	63.7335333984439	0.200000001968548
10.575	19.75	3.31342682758406e-09	0.799999903177579	8.61895651230024e-09	63.709533401087	0.200000002650741
10.725	19.75	4.29527611747023e-09	0.799999904013588	1.05031552081929e-08	63.6855334036171	0.200000003436221
10.875	19.75	5.39334011148341e-09	0.799999904872394	1.23465585463804e-08	63.6615334060214	0.200000004314672
11.025	19.75	6.58237148290266e-09	0.799999905749613	1.41487187727602e-08	63.6375334082892	0.200000005265897
11.175	19.75	7.82174060270653e-09	0.799999906641672	1.59096862986923e-08	63.6135334104126	0.200000006257393
11.325	19.75	9.05224140749235e-09	0.79999990754354	1.76293069496975e-08	63.5895334123889	0.200000007241793
11.475	19.75	1.01928553382414e-08	0.799999908451923	1.93076025357684e-08	63.565533414222	0.200000008154284
11.625	19.75	1.11376391256256e-08	0.799999909362649	2.09446189566482e-08	63.5415334159248	0.200000008910111
11.775	19.75	1.17529472401814e-08	0.799999910272357	2.25404269740159e-08	63.5175334175218	0.200000009402358
11.925	19.75	1.18752471055578e-08	0.7999999111787	2.40951555231027e-08	63.4935334190519	0.200000009500198
12.075	19.75	1.13098329412385e-08	0.799999912080131	2.56090552613133e-08	63.469533420571	0.200000009047866
12.225	19.75	9.83079016778977e-09	0.799999912976273	2.70822497439207e-08	63.4455334221556	0.200000007864632
12.375	19.75	7.18260409446206e-09	0.799999913869188	2.85151877084926e-08	63.421533423905	0.200000005746083
12.525	19.75	3.08384120056157e-09	0.79999991476223	2.99080872022171e-08	63.3975334259444	0.200000002467073
12.675	19.75	-2.76664438375484e-09	0.799999915661344	3.12612978649489e-08	63.3735334284271	0.199999997786685
12.825	19.75	-1.06805157306177e-08	0.799999916575451	3.25751975706809e-08	63.3495334315359	0.199999991455587
12.975	19.75	-2.09673112849637e-08	0.799999917516869	3.38503252583681e-08	63.3255334354832	0.199999983226151
13.125	19.75	-3.39179224189974e-08	0.799999918500569	3.50869144599242e-08	63.3015334405106	0.199999972865662
13.275	19.75	-4.97838004333145e-08	0.799999919545963	3.62856514028309e-08	63.2775334468855	0.19999996017296
13.425	19.75	-6.8751566715581e-08	0.799999920676088	3.74468948960483e-08	63.2535334548963	0.199999944998747
13.575	19.75	-9.09127805153384e-08	0.79999992191811	3.8571399879235e-08	63.2295334648452	0.199999927269776
13.725	19.75	-1.16228711009865e-07	0.799999923303465	3.96594632914646e-08	63.2055334770365	0.199999907017031
13.875	19.75	-1.44490054186162e-07	0.799999924866915	4.07117038656675e-08	63.1815334917629	0.199999884407957
14.025	19.75	-1.75271615283431e-07	0.799999926648189	4.17288833603002e-08	63.1575335092866	0.199999859782708
14.175	19.75	-2.07882021733951e-07	0.799999928690398	4.27114606956739e-08	63.1335335298162	0.199999833694383
14.325	19.75	-2.41308508231178e-07	0.799999931040964	4.36599309334755e-08	63.1095335534785	0.199999806953193
14.475	19.75	-2.74156681515742e-07	0.799999933751474	4.45751918955066e-08	63.0855335802849	0.199999780674655
14.625	19.75	-3.04584869481945e-07	0.799999936879054	4.54576827472113e-08	63.0615336100915	0.199999756332104
14.775	19.75	-3.30232109628228e-07	0.799999940486656	4.6308142205452e-08	63.0375336425525	0.199999735814312
14.925	19.75	-3.48137932993034e-07	0.79999994464725	4.71271121010962e-08	63.0135336770668	0.199999721489654
15.075	19.75	-3.54650716078337e-07	0.799999949446815	4.79153825178513e-08	62.9895337127161	0.199999716279427
15.225	19.75	-3.45319326642561e-07	0.799999954991677	4.86735491635076e-08	62.965533748193	0.199999723744539
15.375	19.75	-3.14759845152519e-07	0.799999961416722	4.94023679156462e-08	62.9415337817179	0.199999748192124
15.525	19.75	-2.56484993463182e-07	0.799999968903196	5.01023723453725e-08	62.9175338109418	0.199999794812005
15.675	19.75	-1.6267813870983e-07	0.799999977696425	5.07743189766883e-08	62.8935338328289	0.199999869857489
15.825	19.75	-2.38858240646702e-08	0.799999988135715	5.14187414149148e-08	62.8695338435143	0.199999980891341
15.975	19.75	1.71408009676392e-07	0.800000000698085	5.20364281116965e-08	62.8455338381268	0.200000137126408
16.125	19.75	4.37377569866974e-07	0.800000016051561	5.26280122596187e-08	62.821533810562	0.200000349902056
16.275	19.75	7.91691735643881e-07	0.800000035136367	5.31941556563768e-08	62.7975337531872	0.200000633353389
16.425	19.75	1.25668939337751e-06	0.800000059270446	5.37354072212146e-08	62.773533656449	0.200001005351515
16.575	19.75	1.8610272370931e-06	0.800000090294819	5.42524740931751e-08	62.7495335083466	0.20000148882179
16.725	19.75	2.64198178044276e-06	0.800000130770619	5.47460965592667e-08	62.7255332937141	0.200002113585424
16.875	19.75	3.64865176043304e-06	0.800000184245787	5.52167218626662e-08	62.7015329932398	0.200002918921408
17.025	19.75	4.94639331394349e-06	0.800000255612346	5.56650171575771e-08	62.677532582118	0.200003957114651
17.175	19.75	6.62293570495949e-06	0.800000351588327	5.60915198590508e-08	62.6535320281952	0.200005298348564
17.325	19.75	8.79678042975172e-06	0.800000481367946	5.64969165182951e-08	62.6295312894185	0.200007037424344
17.475	19.75	1.16286960886742e-05	0.800000657498622	5.68817135808828e-08	62.6055303103303	0.200009302956871
17.625	19.75	1.53374061009822e-05	0.800000897067008	5.72464603525482e-08	62.5815290172571	0.200012269924881
17.775	19.75	2.02209531238978e-05	0.80000122330156	5.75915927483282e-08	62.557527311721	0.200016176762499
17.925	19.75	2.66857455308125e-05	0.800001667728848	5.79176246209744e-08	62.5335250614301	0.200021348596425
18.075	19.75	3.5285984601802e-05	0.800002273053165	5.82250027755447e-08	62.5095220879834	0.200028228787681
18.225	19.75	4.67770801500528e-05	0.800003096983688	5.85141118291533e-08	62.4855181501186	0.20003742166412
18.375	19.75	6.21878514134792e-05	0.800004217323262	5.87849981005419e-08	62.4615129209302	0.200049750281131
18.525	19.75	8.29178954871066e-05	0.800005738793389	5.90380949516465e-08	62.4375059569488	0.20006633431639
18.675	19.75	0.000110868702924978	0.800007802366724	5.92733328968689e-08	62.4134966562525	0.20008869496234
18.825	19.75	0.000148620260480692	0.80001059820342	5.94905350154065e-08	62.3894842018082	0.200118896208385
18.975	19.75	0.000199669461242191	0.800014383622584	5.96893867230459e-08	62.3654674848922	0.200159735568994
19.125	19.75	0.000268753051094335	0.800019507552466	5.98692413627393e-08	62.341445001565	0.200215002440875
19.275	19.75	0.000362286166174818	0.800026442494817	6.00287324429529e-08	62.317414712595	0.20028982893294
19.425	19.75	0.000488957315296493	0.800035824328575	6.01664882994661e-08	62.2933738537723	0.200391165852237
19.575	19.75	0.000660531201956659	0.800048500204137	6.02799516741436e-08	62.2693186791268	0.200528424961565
19.725	19.75	0.00089292222430395	0.800065587056622	6.0365477885747e-08	62.2452441140807	0.200714337779443
19.875	19.75	0.00120761714456696	0.800088549702802	6.04185857260336e-08	62.2211432887809	0.200966093715654
20.025	19.75	0.00163355414291646	0.800119317910767	6.04326311805937e-08	62.1970069129425	0.201306843314333
20.175	19.75	0.00220962182225339	0.800160471263156	6.03989233944472e-08	62.1728224405319	0.201767697457803
20.325	19.75	0.00298804040414547	0.800215517390756	6.03056684325067e-08	62.1485729521775	0.202390432323316
20.475	19.75	0.00403902970493708	0.800289256905769	6.01372840501429e-08	62.124235651177	0.20323122376395
20.625	19.75	0.00545732378840109	0.80038815501977	5.98734930257345e-08	62.0997798226637	0.204365859030721
20.775	19.75	0.00737118412861619	0.800520531673971	5.94876595340849e-08	62.0751640473194	0.205896947302893
20.925	19.75	0.00995447763567654	0.80069627578881	5.89455816641052e-08	62.0503324025462	0.207963582108541
21.075	19.75	0.013442012251602	0.800925748744688	5.8204354420462e-08	62.0252093476112	0.210753609801282
21.225	19.75	0.0181476179012108	0.801217630373451	5.72126957656448e-08	61.999693004727	0.214518094320969
21.375	19.75	0.0244834938969444	0.801575697141308	5.59131475232808e-08	61.9736466438499	0.219586795117556
21.525	19.75	0.0329782633964988	0.801994861107258	5.42477961350157e-08	61.9468883732131	0.226382610717199
21.675	19.75	0.0442900727261303	0.802457164029461	5.21688685123662e-08	61.9191793367182	0.235432058180904
21.825	19.75	0.0592098324959666	0.802928776644521	4.9651976261848e-08	61.8902111306943	0.247367865996773
21.975	19.75	0.0786480172967475	0.803359390516343	4.67110015434667e-08	61.8595937033104	0.262918413837398
22.125	19.75	0.10359619138784	0.80368557418008	4.34075540652387e-08	61.8268457376855	0.282876953110272
22.275	19.75	0.135052303789158	0.803839319839804	3.98512752454795e-08	61.7913904653655	0.308041843031326
22.425	19.75	0.173898994706335	0.80376173642017	3.61876699989643e-08	61.7525608940102	0.339119195765068
22.575	19.75	0.220730586170087	0.803419688441284	3.25747953256975e-08	61.7096191552731	0.376584468936069
22.725	19.75	0.275641528114996	0.80282078567251	2.91583794859711e-08	61.6617942809988	0.420513222491996
22.875	19.75	0.338017857691689	0.802020574130267	2.60506246855648e-08	61.6083401285731	0.470414286153351
23.025	19.75	0.406404724762819	0.801116447264432	2.33202454719005e-08	61.5486097002409	0.525123779810255
23.175	19.75	0.478534573589986	0.800226925596614	2.09926077305995e-08	61.4821345395164	0.582827658871989
23.325	19.75	0.551566087953134	0.79946196833408	1.90581105062264e-08	61.4086913845573	0.641252870362507
23.475	19.75	0.622501308998989	0.798895927232678	1.7483086402678e-08	61.3283373549344	0.698001047199191
23.625	19.75	0.68865925877591	0.798554407598922	1.62210778497662e-08	61.2414023264139	0.750927407020728
23.775	19.75	0.748051810921991	0.798418741391158	1.52215884668385e-08	61.1484404377354	0.798441448737593
23.925	19.75	0.799557781712476	0.798442566649686	1.44360468592587e-08	61.0501551414412	0.839646225369981
24.075	19.75	0.842886470812773	0.798570847575449	1.38209616514608e-08	60.9473176515568	0.874309176650218
24.225	19.75	0.8783981563398	0.798753959349547	1.33394011584794e-08	60.840695795369	0.90271852507184
24.375	19.75	0.906872100641824	0.798954490282477	1.29610503865403e-08	60.731002652733	0.925497680513459
24.525	19.75	0.929292198294533	0.799148193834982	1.26615786956727e-08	60.6188666370913	0.943433758635627
24.675	19.75	0.946685094165642	0.799321770320422	1.24218592774129e-08	60.504819637468	0.957348075332513
24.825	19.75	0.960016774693556	0.79946968989618	1.22270593054352e-08	60.389297889575	0.968013419754845
24.975	19.75	0.970138073107961	0.79959129071362	1.20657846539804e-08	60.272650420916	0.976110458486369
25.125	19.75	0.977764769249716	0.799688594942718	1.19293277076994e-08	60.155151063161	0.982211815399773
25.275	19.75	0.983479107292702	0.799764849962088	1.18112059598383e-08	60.037011344938	0.986783285834162
25.425	19.75	0.98774279112141	0.799823638805299	1.17064838149088e-08	59.9183926871989	0.990194232897128
25.575	19.75	0.990914817874128	0.799868384851481	1.16115170213673e-08	59.7994171185941	0.992731854299302
25.725	19.75	0.993270126794088	0.799902109873861	1.15236124095185e-08	59.6801762397322	0.99461610143527
25.875	19.75	0.995016874805917	0.799927346380705	1.14408094569778e-08	59.5607384631783	0.996013499844733
26.025	19.75	0.996311339961638	0.799946138752912	1.13616661181643e-08	59.4411547089652	0.99704907196931
26.175	19.75	0.997270176123123	0.799960090994314	1.1285139400698e-08	59.3214627965976	0.997816140898498
26.325	19.75	0.997980145941779	0.799970434415028	1.12104821600381e-08	59.2016907817045	0.998384116753423
26.475	19.75	0.998505654704578	0.799978098971788	1.11371570220695e-08	59.0818594639199	0.998804523763663
26.625	19.75	0.998894473355933	0.799983779116505	1.10647426853586e-08	58.9619842584551	0.999115578684746
26.775	19.75	0.999182029806798	0.799987989861141	1.09929889809402e-08	58.8420765869968	0.999345623845438
26.925	19.75	0.999394600868909	0.799991111912922	1.09217211112187e-08	58.7221449094161	0.999515680695127
27.075	19.75	0.999551676930186	0.799993426570468	1.08508011964259e-08	58.6021954887647	0.999641341544149
27.225	19.75	0.999667711986836	0.799995141945425	1.07801199450813e-08	58.482232958767	0.999734169589469
27.375	19.75	0.999753419908197	0.799996412309877	1.07096518699084e-08	58.3622607450921	0.999802735926558
27.525	19.75	0.999816736206909	0.799997352241388	1.06393656348649e-08	58.2422813782394	0.999853388965528
27.675	19.75	0.999863532816255	0.799998046946293	1.05692142602819e-08	58.1222967259515	0.999890826253004
27.825	19.75	0.999898149900027	0.799998559820543	1.04992533324632e-08	58.0023081657908	0.999918519920022
27.975	19.75	0.999923791678058	0.799998938021549	1.04294320980491e-08	57.8823167131893	0.999939033342446
28.125	19.75	0.99994282094082	0.79999921660002	1.03597932057912e-08	57.7623231163627	0.999954256752656
28.275	19.75	0.999956977996864	0.799999421579707	1.02903416065437e-08	57.6423279265779	0.999965582397492
28.425	19.75	0.999967543255793	0.799999572258866	1.02211125868517e-08	57.5223315501074	0.999974034604635
28.575	19.75	0.999975457805994	0.799999682930799	1.01521223452399e-08	57.4023342865918	0.999980366244795
28.725	19.75	0.999981412728924	0.799999764169837	1.00833807139811e-08	57.2823363573276	0.999985130183139
28.875	19.75	0.999985915176891	0.799999823789527	1.0014921503817e-08	57.1623379260959	0.999988732141513
29.025	19.75	0.999989337201656	0.799999867556233	9.94675652289511e-09	57.0423391144762	0.999991469761325
29.175	19.75	0.99999195179085	0.799999899719369	9.8789279042162e-09	56.922340013086	0.99999356143268
29.325	19.75	0.999993959424973	0.799999923405101	9.81142013176935e-09	56.8023406898163	0.999995167539978
29.475	19.75	0.999995507614446	0.799999940908369	9.74428617651385e-09	56.6823411958547	0.999996406091557
29.625	19.75	0.999996705242194	0.799999953909611	9.67754216773109e-09	56.5623415700818	0.999997364193755
29.775	19.75	0.999997633065885	0.799999963635671	9.61118338880427e-09	56.4423418422753	0.999998106452708
29.925	19.75	0.99999835138531	0.799999970979129	9.5452683909067e-09	56.3223420354424	0.999998681108248
30.075	19.75	0.999998905620685	0.799999976586917	9.47978828184386e-09	56.2023421675156	0.999999124496548
30.225	19.75	0.999999330355738	0.799999980926046	9.41476638187273e-09	56.0823422525871	0.99999946428459
30.375	19.75	0.999999652256006	0.799999984332165	9.35021763690023e-09	55.9623423018094	0.999999721804805
30.525	19.75	0.999999892166628	0.79999998704561	9.28614141132642e-09	55.8423423240543	0.999999913733302
30.675	19.75	1.00000006661445	0.799999989238086	9.22259010840583e-09	55.7223423263997	1.00000005329156
30.825	19.75	1.00000018888046	0.799999991031933	9.15954316679051e-09	55.6023423144929	1.00000015110436
30.975	19.75	1.0000002697643	0.799999992514474	9.09704142250893e-09	55.4823422928251	1.00000021581144
31.125	19.75	1.00000031813024	0.799999993748534	9.03508133110108e-09	55.3623422649438	1.00000025450419
31.275	19.75	1.00000034129913	0.799999994779717	8.97367033180219e-09	55.2423422336195	1.00000027303931
31.425	19.75	1.00000034533336	0.799999995641777	8.91284791937884e-09	55.1223422009805	1.00000027626669
31.575	19.75	1.00000033524796	0.799999996360589	8.85259313724802e-09	55.002342168623	1.00000026819837
31.725	19.75	1.00000031517155	0.799999996956465	8.79291792886004e-09	54.8823421377047	1.00000025213724
31.875	19.75	1.00000028847336	0.799999997446073	8.73385600768952e-09	54.7623421090231	1.00000023077869
32.025	19.75	1.00000025786737	0.799999997843632	8.6754019600622e-09	54.642342083084	1.00000020629389
32.175	19.75	1.00000022550096	0.799999998161669	8.61755297251226e-09	54.5223420601595	1.00000018040077
32.325	19.75	1.00000019303282	0.79999999841136	8.56033612863653e-09	54.4023420403393	1.00000015442626
32.475	19.75	1.00000016170283	0.799999998602986	8.50376223331432e-09	54.2823420235738	1.00000012936227
32.625	19.75	1.00000013239565	0.799999998745739	8.44782563225367e-09	54.1623420097114	1.00000010591652
32.775	19.75	1.00000010569877	0.799999998848256	8.3925159064986e-09	54.0423419985301	1.00000008455901
32.925	19.75	1.00000008195547	0.799999998918098	8.33788464485948e-09	53.9223419897628	1.00000006556438
33.075	19.75	1.00000006131278	0.799999998962224	8.28390274244706e-09	53.8023419831192	1.00000004905023
33.225	19.75	1.00000004376434	0.799999998986743	8.23058511111579e-09	53.6823419783021	1.00000003501147
33.375	19.75	1.00000002918822	0.79999999899689	8.1779362938035e-09	53.5623419750204	1.00000002335057
33.525	19.75	1.00000001737987	0.799999998997183	8.12597712977091e-09	53.4423419729989	1.00000001390389
33.675	19.75	1.00000000808	0.799999998991383	8.07468759089981e-09	53.3223419719843	1.000000006464
33.825	19.75	1.0000000009979	0.799999998982478	8.02408578788165e-09	53.2023419717501	1.00000000079832
33.975	19.75	0.999999995830287	0.79999999897295	7.97416989813353e-09	53.082341972098	0.999999996664229
34.125	19.75	0.999999992276141	0.799999998964555	7.92493999124991e-09	52.9623419728588	0.999999993820913
34.275	19.75	0.999999990047872	0.799999998958603	7.876412200639e-09	52.8423419738916	0.999999992038298
34.425	19.75	0.999999988879264	0.799999998955922	7.82858200978236e-09	52.722341975082	0.999999991103411
34.575	19.75	0.999999988530626	0.799999998957021	7.78145307861956e-09	52.60234197634	0.999999990824501
34.725	19.75	0.999999988791734	0.79999999896206	7.73503041989709e-09	52.482341977597	0.999999991033387
34.875	19.75	0.999999989482796	0.799999998971046	7.68931182717292e-09	52.3623419788034	0.999999991586237
35.025	19.75	0.99999999045399	0.799999998983698	7.64429626173586e-09	52.242341979925	0.999999992363192
35.175	19.75	0.999999991583927	0.799999998999631	7.59999878299509e-09	52.1223419809411	0.999999993267142
35.325	19.75	0.999999992777315	0.799999999018451	7.55640717520123e-09	52.002341981841	0.999999994221852
35.475	19.75	0.999999993962072	0.799999999039747	7.51353046559119e-09	51.8823419826223	0.999999995169657
35.625	19.75	0.999999995086353	0.799999999062952	7.47136491693437e-09	51.7623419832884	0.999999996069082
35.775	19.75	0.999999996115358	0.79999999908759	7.42991682591713e-09	51.6423419838468	0.999999996892287
35.925	19.75	0.999999997028291	0.799999999113346	7.38917963560738e-09	51.5223419843079	0.999999997622633
36.075	19.75	0.999999997815466	0.799999999139665	7.34917707958337e-09	51.4023419846834	0.999999998252373
36.225	19.75	0.99999999847576	0.799999999166272	7.30987350259461e-09	51.2823419849855	0.999999998780608
36.375	19.75	0.999999999014294	0.799999999192874	7.27130500707439e-09	51.1623419852262	0.999999999211435
36.525	19.75	0.999999999440468	0.79999999921923	7.23344812468827e-09	51.0423419854168	0.999999999552375
36.675	19.75	0.999999999766339	0.799999999245151	7.19631447856327e-09	50.9223419855678	0.999999999813072
36.825	19.75	1.00000000000536	0.79999999927047	7.15989790970037e-09	50.8023419856882	1.00000000000429
36.975	19.75	1.00000000017137	0.799999999295103	7.12419364450092e-09	50.6823419857856	1.00000000013709
37.125	19.75	1.00000000027793	0.799999999319005	7.08921832697466e-09	50.5623419858667	1.00000000022234
37.275	19.75	1.00000000033772	0.799999999342093	7.05496105410314e-09	50.4423419859366	1.00000000027017
37.425	19.75	1.00000000036184	0.799999999364199	7.02141220691827e-09	50.3223419859992	1.00000000028947
37.575	19.75	1.00000000035914	0.799999999385289	6.98859668668453e-09	50.2023419860578	1.00000000028731
37.725	19.75	1.00000000033567	0.79999999940555	6.95650090978999e-09	50.0823419861147	1.00000000026853
37.875	19.75	1.00000000029553	0.799999999425508	6.92511946466511e-09	49.9623419861717	1.00000000023642
38.025	19.75	1.00000000024453	0.799999999446289	6.89445219191494e-09	49.8423419862303	1.00000000019563
38.175	19.75	1.00000000019657	0.799999999468522	6.86450745303462e-09	49.7223419862909	1.00000000015726
38.325	19.75	1.00000000017805	0.799999999490696	6.83526529031798e-09	49.602341986352	1.00000000014244
38.475	19.75	1.00000000021821	0.799999999506746	6.80676778006739e-09	49.4823419864095	1.00000000017457
38.625	19.75	1.00000000031039	0.799999999505932	6.77895475464602e-09	49.3623419864581	1.00000000024831
38.775	19.75	1.00000000034601	0.799999999481914	6.75186799998018e-09	49.2423419864981	1.00000000027681
38.925	19.75	1.00000000007387	0.799999999452537	6.72550227223942e-09	49.1223419865471	1.00000000005909
39.075	19.75	0.999999999212027	0.799999999483989	6.69985046235467e-09	49.0023419866481	0.999999999369622
39.225	19.75	0.999999997861578	0.799999999685222	6.67490424586425e-09	48.8823419868531	0.999999998289262
39.375	19.75	0.999999997187157	0.800000000117551	6.65067835633136e-09	48.7623419871531	0.999999997749725
39.525	19.75	0.999999999800273	0.800000000587487	6.6271400143209e-09	48.642341987358	0.999999999840218
39.675	19.75	1.00000000854991	0.800000000416414	6.60434621981136e-09	48.5223419870153	1.00000000683993
39.825	19.75	1.00000002228111	0.799999998521776	6.5822396817628e-09	48.4023419855914	1.00000001782489
39.975	19.75	1.00000002906865	0.799999994339904	6.56084799712684e-09	48.2823419831807	1.00000002325492
40.125	19.75	1.00000000269436	0.799999989855557	6.54017872387255e-09	48.1623419817083	1.00000000215549
40.275	19.75	0.999999915051611	0.799999991745486	6.52019448749901e-09	48.0423419857068	0.999999932041289
40.425	19.75	0.999999777875211	0.800000010395091	6.50091377875514e-09	47.9223420004947	0.999999822300169
40.575	19.75	0.99999970764996	0.800000050909613	6.48234764065718e-09	47.8023420252362	0.999999766119968
40.725	19.75	0.999999957517787	0.800000094100382	6.46448485075557e-09	47.682342041353	0.99999996601423
40.875	19.75	1.00000079734944	0.800000077282254	6.44733038838623e-09	47.5623420051626	1.00000063787955
41.025	19.75	1.00000212196185	0.799999904740987	6.43086240411308e-09	47.4423418650773	1.00000169756948
41.175	19.75	1.00000285290255	0.799999530586173	6.41510710806404e-09	47.3223416263237	1.00000228232204
41.325	19.75	1.00000065163098	0.799999128309669	6.40007137159815e-09	47.2023414581444	1.00000052130478
41.475	19.75	0.999993003858008	0.799999255841958	6.38576433763007e-09	47.0823417627178	0.999994403086407
41.625	19.75	0.999980706637731	0.800000756424426	6.3721664339237e-09	46.9623430246498	0.999984565310185
41.775	19.75	0.999973138463924	0.800004041027077	6.35925801290376e-09	46.8423452401195	0.999978510771139
41.925	19.75	0.999990827520616	0.800007657920292	6.34692624491773e-09	46.7223469697827	0.999992662016492
42.075	19.75	1.00005637953632	0.800006936518406	6.33503858360161e-09	46.6023447038763	1.00004510362906
42.225	19.75	1.00016528886162	0.799994824370803	6.32362943316713e-09	46.4823340638623	1.0001322310893
42.375	19.75	1.00024184955351	0.79996767442011	6.31307507914636e-09	46.362314521309	1.00019347964281
42.525	19.75	1.00011633628552	0.799936550674898	6.30424942124926e-09	46.2422973282983	1.00009306902842
42.675	19.75	0.999594226905096	0.799937860850325	6.29809727579707e-09	46.1223112213112	0.999675381524077
42.825	19.75	0.998683926301127	0.800027372620417	6.29462204822569e-09	46.002393872426	0.998947141040901
42.975	19.75	0.997944673219105	0.800237006980413	6.29100140248734e-09	45.8825557043211	0.998355738575284
43.125	19.75	0.99868425897108	0.800490005596243	6.28064431925403e-09	45.7627175099842	0.998947407176864
43.275	19.75	1.00248296175183	0.800522975249133	6.25569334320868e-09	45.6426614796527	1.00198636940146
43.425	19.75	1.00955927623669	0.799934825655915	6.21526777955775e-09	45.5220835771065	1.00764742098935
43.575	19.75	1.0162338073803	0.798479881668614	6.17779883182236e-09	45.4008458004432	1.01298704590424
43.725	19.75	1.01328677100488	0.796573391869799	6.18806623337649e-09	45.2794286441429	1.0106294168039
43.875	19.75	0.988680897762231	0.795833250644633	6.30756524204885e-09	45.1593336497031	0.990944718209785
44.025	19.75	0.938367896649104	0.799351007309128	6.572189534601e-09	45.0428406172523	0.950694317319283
44.175	19.75	0.884673133471197	0.810192428698584	6.88193777908764e-09	44.9313521116454	0.907738506776958
44.325	19.75	0.889127901590137	0.824441952868094	6.85459121407061e-09	44.8222077576236	0.911302321272109
44.475	19.75	1.03257195132021	0.826489829074958	6.08747355783703e-09	44.7059573520246	1.02605756105617
44.625	19.75	1.34924434181474	0.80862213299526	4.88108518507476e-09	44.5677999161461	1.27939547345179
44.775	19.75	1.76408811799534	0.709537047517941	3.87461735652515e-09	44.3955931030185	1.61127049439628
44.925	19.75	2.11154506609387	0.834636814173104	3.30384491641462e-09	44.2248230833421	1.8892360528751
0.075	20.25	3.47473593416492e-16	0.399999998504535	-1.19624360459315e-07	65.389533252093	0.2
0.225	20.25	1.09796499501146e-15	0.799999995515371	-1.19533639769659e-07	65.3655332521827	0.200000000000001
0.375	20.25	2.54818933720817e-15	0.79999999253146	-1.19352175682273e-07	65.3415332523621	0.200000000000002
0.525	20.25	4.61626588086179e-15	0.799999989555296	-1.19080448663067e-07	65.3175332526309	0.200000000000004
0.675	20.25	7.14881712570113e-15	0.799999986591578	-1.18718812144471e-07	65.2935332529888	0.200000000000006
0.825	20.25	9.93588442405476e-15	0.799999983642309	-1.18267975666484e-07	65.2695332534354	0.200000000000008
0.975	20.25	1.27379706488698e-14	0.799999980711726	-1.17728519685766e-07	65.2455332539702	0.20000000000001
1.125	20.25	1.52997076219593e-14	0.799999977802502	-1.17101596152319e-07	65.2215332545927	0.200000000000012
1.275	20.25	1.73403391093201e-14	0.799999974917805	-1.16387911782742e-07	65.1975332553021	0.200000000000014
1.425	20.25	1.85241248288034e-14	0.799999972060874	-1.15588855341295e-07	65.1735332560976	0.200000000000015
1.575	20.25	1.84215048568966e-14	0.799999969235377	-1.14705607379886e-07	65.1495332569784	0.200000000000015
1.725	20.25	1.64738679985911e-14	0.799999966442486	-1.13739758330197e-07	65.1255332579435	0.200000000000013
1.875	20.25	1.19727208747826e-14	0.799999963687434	-1.12692664322932e-07	65.1015332589918	0.20000000000001
2.025	20.25	4.06047001646075e-15	0.799999960971522	-1.1156616022334e-07	65.0775332601222	0.200000000000003
2.175	20.25	-8.24292234586439e-15	0.799999958297846	-1.10361884189541e-07	65.0535332613335	0.199999999999993
2.325	20.25	-2.5984513709089e-14	0.799999955669477	-1.0908202530718e-07	65.0295332626244	0.199999999999979
2.475	20.25	-5.01910984698004e-14	0.79999995308764	-1.07728291369363e-07	65.0055332639934	0.19999999999996
2.625	20.25	-8.17460305978679e-14	0.79999995055658	-1.0630286046201e-07	64.9815332654391	0.199999999999935
2.775	20.25	-1.21225254164996e-13	0.799999948077177	-1.0480811828119e-07	64.95753326696	0.199999999999903
2.925	20.25	-1.68687707646097e-13	0.799999945652347	-1.03246166028527e-07	64.9335332685545	0.199999999999865
3.075	20.25	-2.23416666334446e-13	0.799999943284203	-1.0161951892628e-07	64.9095332702209	0.199999999999821
3.225	20.25	-2.83611691595007e-13	0.799999940974537	-9.99304724798893e-08	64.8855332719575	0.199999999999773
3.375	20.25	-3.46035710557203e-13	0.799999938724859	-9.81816940915814e-08	64.8615332737625	0.199999999999723
3.525	20.25	-4.05628564883704e-13	0.799999936537754	-9.63756495764043e-08	64.837533275634	0.199999999999676
3.675	20.25	-4.5510710289756e-13	0.799999934414097	-9.45148116428957e-08	64.8135332775703	0.199999999999636
3.825	20.25	-4.84582713722289e-13	0.799999932355543	-9.26021562839114e-08	64.7895332795693	0.199999999999612
3.975	20.25	-4.81239928745963e-13	0.799999930364017	-9.0640273059618e-08	64.765533281629	0.199999999999615
4.125	20.25	-4.29134270759823e-13	0.79999992843975	-8.86318876339433e-08	64.7415332837476	0.199999999999657
4.275	20.25	-3.09183303604132e-13	0.799999926584617	-8.65797685650943e-08	64.7175332859227	0.199999999999753
4.425	20.25	-9.94412030330232e-14	0.79999992479913	-8.44867543737353e-08	64.6935332881525	0.19999999999992
4.575	20.25	2.2423720497018e-13	0.799999923084561	-8.23555763883531e-08	64.6695332904348	0.200000000000179
4.725	20.25	6.87023560392624e-13	0.799999921441438	-8.01888639273782e-08	64.6455332927674	0.20000000000055
4.875	20.25	1.3133059300378e-12	0.79999991987006	-7.79898344658107e-08	64.6215332951482	0.200000000001051
5.025	20.25	2.1241113362754e-12	0.799999918371194	-7.57610156303437e-08	64.597533297575	0.200000000001699
5.175	20.25	3.13363894395067e-12	0.799999916945303	-7.35050683718196e-08	64.5735333000455	0.200000000002507
5.325	20.25	4.34480414465877e-12	0.799999915592119	-7.12251709013075e-08	64.5495333025576	0.200000000003476
5.475	20.25	5.74373393332304e-12	0.79999991431265	-6.89236901911323e-08	64.5255333051091	0.200000000004595
5.625	20.25	7.2932161364723e-12	0.799999913105669	-6.6603555380675e-08	64.5015333076978	0.200000000005835
5.775	20.25	8.92519359364621e-12	0.799999911971894	-6.42673092118552e-08	64.4775333103214	0.20000000000714
5.925	20.25	1.05325128301904e-11	0.799999910911014	-6.19175716235298e-08	64.4535333129778	0.200000000008426
6.075	20.25	1.19602881863559e-11	0.799999909922534	-5.95570766159817e-08	64.4295333156647	0.200000000009568
6.225	20.25	1.29974279984634e-11	0.799999909005831	-5.71883016436209e-08	64.4055333183801	0.200000000010398
6.375	20.25	1.33690888432579e-11	0.799999908161083	-5.481380237731e-08	64.3815333211219	0.200000000010695
6.525	20.25	1.27310733356986e-11	0.799999907386742	-5.24357059415549e-08	64.3575333238879	0.200000000010185
6.675	20.25	1.06674595915818e-11	0.799999906682553	-5.00567800742866e-08	64.3335333266762	0.200000000008534
6.825	20.25	6.69303435039923e-12	0.799999906048116	-4.767907122986e-08	64.3095333294849	0.200000000005354
6.975	20.25	2.6238014378365e-13	0.799999905481782	-4.53051894885976e-08	64.2855333323121	0.20000000000021
7.125	20.25	-9.21228344781325e-12	0.799999904983017	-4.29368584743057e-08	64.2615333351559	0.19999999999263
7.275	20.25	-2.23322129073241e-11	0.799999904551304	-4.05764018051712e-08	64.2375333380148	0.199999999982134
7.425	20.25	-3.9669820048243e-11	0.799999904184626	-3.8226026871566e-08	64.2135333408872	0.199999999968264
7.575	20.25	-6.17105704454759e-11	0.799999903882923	-3.58872380179406e-08	64.1895333437714	0.199999999950632
7.725	20.25	-8.87769826004535e-11	0.799999903644083	-3.35624044522737e-08	64.165533346666	0.199999999928978
7.875	20.25	-1.20933079316394e-10	0.799999903467659	-3.12530230786254e-08	64.1415333495698	0.199999999903254
8.025	20.25	-1.57868410868795e-10	0.799999903352181	-2.89610363596695e-08	64.1175333524812	0.199999999873705
8.175	20.25	-1.98761892424196e-10	0.799999903296306	-2.66878092648278e-08	64.0935333553989	0.19999999984099
8.325	20.25	-2.42127228057376e-10	0.799999903299441	-2.44352718208166e-08	64.0695333583216	0.199999999806298
8.475	20.25	-2.85643673952732e-10	0.79999990335932	-2.22045579309591e-08	64.0455333612475	0.199999999771485
8.625	20.25	-3.25978351682395e-10	0.79999990347514	-1.99974549162299e-08	64.0215333641749	0.199999999739217
8.775	20.25	-3.58609265033419e-10	0.799999903645597	-1.78149882276122e-08	63.9975333671016	0.199999999713113
8.925	20.25	-3.77661576242673e-10	0.799999903869359	-1.5658524309963e-08	63.973533370025	0.199999999697871
9.075	20.25	-3.75773498212619e-10	0.79999990414445	-1.35293206449979e-08	63.9495333729419	0.199999999699381
9.225	20.25	-3.4401224903609e-10	0.799999904469932	-1.14282835936286e-08	63.9255333758484	0.19999999972479
9.375	20.25	-2.71864731854856e-10	0.799999904843742	-9.35657675684626e-09	63.9015333787398	0.199999999782508
9.525	20.25	-1.4733172117313e-10	0.799999905264503	-7.31509128699269e-09	63.87753338161	0.199999999882135
9.675	20.25	4.28419337502872e-11	0.799999905730024	-5.30474005917733e-09	63.8535333844522	0.200000000034274
9.825	20.25	3.12765598977088e-10	0.79999990623836	-3.32641007617438e-09	63.829533387258	0.200000000250212
9.975	20.25	6.76792349581921e-10	0.799999906787359	-1.3805534772574e-09	63.8055333900178	0.200000000541434
10.125	20.25	1.14866224961917e-09	0.799999907374297	5.31895106952838e-10	63.7815333927208	0.20000000091893
10.275	20.25	1.74036409009453e-09	0.799999907996616	2.41056437435091e-09	63.7575333953548	0.200000001392291
10.425	20.25	2.46068514583242e-09	0.799999908651336	4.25477242655395e-09	63.7335333979069	0.200000001968548
10.575	20.25	3.31342679299802e-09	0.799999909335147	6.06413090550072e-09	63.7095334003633	0.200000002650741
10.725	20.25	4.2952760788582e-09	0.79999991004454	7.83822190359507e-09	63.6855334027106	0.200000003436221
10.875	20.25	5.39334006965509e-09	0.799999910775951	9.57671856144353e-09	63.6615334049359	0.200000004314672
11.025	20.25	6.58237143916081e-09	0.799999911525303	1.12793524263637e-08	63.6375334070285	0.200000005265897
11.175	20.25	7.82174055882041e-09	0.799999912288617	1.2946009408691e-08	63.6135334089806	0.200000006257392
11.325	20.25	9.05224136586039e-09	0.799999913061777	1.45763913276015e-08	63.5895334107894	0.200000007241793
11.475	20.25	1.01928553018221e-08	0.79999991384111	1.61703741752166e-08	63.5655334124589	0.200000008154284
11.625	20.25	1.11376390980948e-08	0.799999914622839	1.77279020938301e-08	63.5415334140019	0.200000008910111
11.775	20.25	1.1752947225787e-08	0.799999915403762	1.92491763867835e-08	63.5175334154431	0.200000009402358
11.925	20.25	1.18752471092649e-08	0.799999916181647	2.07339493944295e-08	63.4935334168211	0.200000009500198
12.075	20.25	1.13098329684571e-08	0.799999916955206	2.21824733676442e-08	63.4695334181921	0.200000009047866
12.225	20.25	9.83079022451097e-09	0.79999991772412	2.35948138472253e-08	63.4455334196323	0.200000007864632
12.375	20.25	7.18260418681702e-09	0.799999918490534	2.49711094565089e-08	63.4215334212412	0.200000005746083
12.525	20.25	3.08384133494227e-09	0.799999919257898	2.63115416479309e-08	63.3975334231438	0.200000002467073
12.675	20.25	-2.7666442013376e-09	0.799999920032461	2.76164442102857e-08	63.3735334254936	0.199999997786685
12.825	20.25	-1.06805154944204e-08	0.79999992082313	2.8886009398577e-08	63.3495334284731	0.199999991455588
12.975	20.25	-2.09673109903629e-08	0.799999921642253	3.01205340667305e-08	63.3255334322948	0.199999983226151
13.125	20.25	-3.39179220623754e-08	0.799999922505045	3.13203828071997e-08	63.3015334372003	0.199999972865662
13.275	20.25	-4.97838000131034e-08	0.799999923430913	3.24858015732463e-08	63.2775334434568	0.19999996017296
13.425	20.25	-6.87515662321278e-08	0.799999924443068	3.36173261191016e-08	63.2535334513529	0.199999944998747
13.575	20.25	-9.09127799720716e-08	0.799999925568716	3.4715219195833e-08	63.2295334611905	0.199999927269776
13.725	20.25	-1.16228710413145e-07	0.799999926839129	3.57800038177782e-08	63.205533473274	0.199999907017032
13.875	20.25	-1.44490053546474e-07	0.799999928289542	3.68121292368877e-08	63.1815334878961	0.199999884407957
14.025	20.25	-1.75271614615188e-07	0.799999929959518	3.78118599779329e-08	63.1575335053187	0.199999859782708
14.175	20.25	-2.07882021056605e-07	0.799999931892142	3.87799515244034e-08	63.1335335257506	0.199999833694383
14.325	20.25	-2.41308507569016e-07	0.799999934134913	3.97168327232167e-08	63.1095335493186	0.199999806953194
14.475	20.25	-2.74156680898756e-07	0.799999936739785	4.06227394024179e-08	63.0855335760338	0.199999780674655
14.625	20.25	-3.0458486894565e-07	0.799999939763301	4.14986363413035e-08	63.0615336057523	0.199999756332105
14.775	20.25	-3.30232109214384e-07	0.799999943269121	4.23445665255857e-08	63.0375336381283	0.199999735814313
14.925	20.25	-3.48137932749437e-07	0.799999947329828	4.3161517507684e-08	63.0135336725607	0.199999721489654
15.075	20.25	-3.54650716059458e-07	0.799999952031617	4.39496631815892e-08	62.9895337081309	0.199999716279427
15.225	20.25	-3.45319326909601e-07	0.799999957480104	4.47097988273327e-08	62.9655337435317	0.199999723744538
15.375	20.25	-3.14759845774287e-07	0.799999963811529	4.54423576636164e-08	62.9415337769834	0.199999748192123
15.525	20.25	-2.56484994516732e-07	0.799999971206129	4.61478858429294e-08	62.9175338061369	0.199999794812004
15.675	20.25	-1.62678140282171e-07	0.799999979909383	4.68270184296748e-08	62.8935338279562	0.199999869857488
15.825	20.25	-2.38858262545225e-08	0.799999990261055	4.74803258926261e-08	62.8695338385765	0.199999980891339
15.975	20.25	1.71408006754788e-07	0.800000002737389	4.81083787492585e-08	62.8455338331266	0.200000137126405
16.125	20.25	4.37377566080038e-07	0.800000018007312	4.87114230075113e-08	62.821533805502	0.200000349902053
16.275	20.25	7.91691730831023e-07	0.800000037010577	4.92904373224122e-08	62.7975337480697	0.200000633353385
16.425	20.25	1.25668938734368e-06	0.800000061064675	4.98458977908677e-08	62.7735336512765	0.20000100535151
16.575	20.25	1.86102722959486e-06	0.800000092011089	5.03781758857091e-08	62.7495335031214	0.200001488821784
16.725	20.25	2.64198177117421e-06	0.80000013241132	5.08878196483712e-08	62.7255332884386	0.200002113585417
16.875	20.25	3.64865174900181e-06	0.800000185812723	5.13755064650892e-08	62.7015329879162	0.200002918921399
17.025	20.25	4.94639329984604e-06	0.800000257107256	5.18417047999755e-08	62.6775325767485	0.20000395711464
17.175	20.25	6.62293568754303e-06	0.80000035301319	5.22869672877472e-08	62.6535320227819	0.20000529834855
17.325	20.25	8.7967804081712e-06	0.800000482724696	5.2711707051066e-08	62.6295312839635	0.200007037424327
17.475	20.25	1.16286960618328e-05	0.800000658789067	5.31164328444567e-08	62.6055303048356	0.200009302956849
17.625	20.25	1.5337406067459e-05	0.800000898292832	5.35016732204947e-08	62.5815290117247	0.200012269924854
17.775	20.25	2.02209530818539e-05	0.800001224464731	5.3867779869061e-08	62.5575273061527	0.200016176762465
17.925	20.25	2.66857454778865e-05	0.800001668831107	5.42152461372163e-08	62.5335250558279	0.200021348596382
18.075	20.25	3.52859845349675e-05	0.800002274095879	5.45443226939782e-08	62.509522082349	0.200028228787628
18.225	20.25	4.6777080065448e-05	0.800003097969209	5.48553928368857e-08	62.4855181444538	0.200037421664052
18.375	20.25	6.21878513061937e-05	0.800004218252371	5.51486931949214e-08	62.4615129152367	0.200049750281045
18.525	20.25	8.29178953509403e-05	0.800005739668315	5.54242974183271e-08	62.4375059512283	0.200066334316281
18.675	20.25	0.000110868702752149	0.800007803188777	5.56822872354135e-08	62.4134966505065	0.200088694962202
18.825	20.25	0.000148620260261496	0.800010598974082	5.59223709978999e-08	62.3894841960384	0.200118896208209
18.975	20.25	0.000199669460964589	0.800014384343549	5.61443644786936e-08	62.3654674791	0.200159735568772
19.125	20.25	0.000268753050743464	0.800019508224969	5.63473063390266e-08	62.3414449957519	0.200215002440595
19.275	20.25	0.000362286165732522	0.800026443120201	5.65304843084727e-08	62.3174147067625	0.200289828932586
19.425	20.25	0.000488957314740833	0.800035824908242	5.6691879334191e-08	62.2933738479217	0.200391165851793
19.575	20.25	0.000660531201261333	0.800048500739598	5.68294109106878e-08	62.2693186732595	0.200528424961009
19.725	20.25	0.000892922223437916	0.800065587548901	5.69398053010085e-08	62.245244108198	0.20071433777875
19.875	20.25	0.00120761714349424	0.800088550153341	5.70184060158897e-08	62.2211432828842	0.200966093714795
20.025	20.25	0.0016335541415962	0.800119318320652	5.70592167375287e-08	62.1970069070329	0.201306843313277
20.175	20.25	0.00220962182064048	0.800160471633755	5.70536360678494e-08	62.1728224346107	0.201767697456512
20.325	20.25	0.00298804040219251	0.800215517722909	5.69906869914342e-08	62.1485729462458	0.202390432321754
20.475	20.25	0.00403902970259745	0.80028925720073	5.68557353629788e-08	62.1242356452359	0.203231223762078
20.625	20.25	0.00545732378563473	0.800388155279137	5.66292395606766e-08	62.0997798167144	0.204365859028508
20.775	20.25	0.00737118412539969	0.800520531898139	5.62860068376628e-08	62.0751640413629	0.20589694730032
20.925	20.25	0.00995447763201946	0.800696275979269	5.57934884701187e-08	62.0503323965837	0.207963582105616
21.075	20.25	0.0134420122475689	0.800925748902672	5.51110557709955e-08	62.0252093416436	0.210753609798055
21.225	20.25	0.0181476178969512	0.801217630500499	5.4189986634408e-08	61.9996929987552	0.214518094317561
21.375	20.25	0.0244834938927298	0.801575697237925	5.29755121700034e-08	61.973646637875	0.219586795114184
21.525	20.25	0.03297826339276	0.801994861175596	5.1412720538975e-08	61.9468883672358	0.226382610714208
21.675	20.25	0.0442900727234993	0.802457164070614	4.94559632180597e-08	61.9191793307393	0.235432058178799
21.825	20.25	0.0592098324953078	0.802928776660095	4.7082104962973e-08	61.8902111247146	0.247367865996246
21.975	20.25	0.0786480172991787	0.803359390508379	4.43040239602975e-08	61.8595936973305	0.262918413839343
22.125	20.25	0.103596191394719	0.803685574150128	4.11801361247781e-08	61.826845731706	0.282876953115775
22.275	20.25	0.135052303802012	0.803839319789967	3.78146536334569e-08	61.7913904593869	0.30804184304161
22.425	20.25	0.173898994726731	0.80376173635215	3.43452779579539e-08	61.7525608880328	0.339119195781385
22.575	20.25	0.220730586199416	0.803419688357269	3.09226089905331e-08	61.7096191492974	0.376584468959533
22.725	20.25	0.275641528154168	0.802820785574154	2.76850599245906e-08	61.6617942750253	0.420513222523334
22.875	20.25	0.338017857740807	0.802020574019344	2.47395822962197e-08	61.6083401226022	0.470414286192646
23.025	20.25	0.406404724820909	0.801116447142597	2.21516133764381e-08	61.5486096942735	0.525123779856728
23.175	20.25	0.478534573654959	0.800226925465347	1.99457887797521e-08	61.4821345335536	0.582827658923967
23.325	20.25	0.551566088022033	0.799461968194518	1.81130061453808e-08	61.4086913786005	0.641252870417627
23.475	20.25	0.622501309068421	0.798895927085954	1.6621670876093e-08	61.3283373489852	0.698001047254737
23.625	20.25	0.688659258842656	0.798554407445666	1.54277461289358e-08	61.2414023204744	0.750927407074125
23.775	20.25	0.748051810983474	0.79841874123204	1.44834245388122e-08	61.148440431808	0.798441448786779
23.925	20.25	0.799557781767034	0.798442566485161	1.37425657010037e-08	61.0501551355281	0.839646225413627
24.075	20.25	0.84288647085964	0.798570847405867	1.31639158115331e-08	60.9473176456603	0.874309176687712
24.225	20.25	0.878398156378974	0.798753959175315	1.27123846628013e-08	60.8406957894914	0.902718525103179
24.375	20.25	0.906872100673803	0.798954490103819	1.23590620577586e-08	60.7310026468762	0.925497680539042
24.525	20.25	0.929292198320141	0.799148193652275	1.20808521311552e-08	60.6188666312572	0.943433758656113
24.675	20.25	0.946685094185823	0.799321770133892	1.18595537822314e-08	60.504819631658	0.957348075348659
24.825	20.25	0.960016774709253	0.799469689706096	1.16809915356481e-08	60.3892978837906	0.968013419767403
24.975	20.25	0.970138073120026	0.79959129052022	1.15342965740542e-08	60.2726504151582	0.976110458496021
25.125	20.25	0.977764769258914	0.799688594746335	1.14112257987876e-08	60.1551510574308	0.982211815407131
25.275	20.25	0.983479107299673	0.799764849762869	1.13054695148515e-08	60.0370113392363	0.986783285839739
25.425	20.25	0.987742791126667	0.799823638603496	1.12123933802806e-08	59.9183926815264	0.990194232901333
25.575	20.25	0.990914817878074	0.799868384647337	1.11285004349578e-08	59.7994171129513	0.992731854302459
25.725	20.25	0.993270126797044	0.799902109667533	1.10512346758775e-08	59.6801762341197	0.994616101437635
25.875	20.25	0.995016874808118	0.799927346172442	1.09786926195375e-08	59.5607384575965	0.996013499846495
26.025	20.25	0.996311339963292	0.799946138542849	1.09094930029191e-08	59.4411547034145	0.997049071970633
26.175	20.25	0.99727017612436	0.799960090782594	1.0842644285326e-08	59.3214627910783	0.997816140899488
26.325	20.25	0.997980145942697	0.799970434201986	1.07774303558449e-08	59.201690776217	0.998384116754158
26.475	20.25	0.998505654705263	0.799978098757458	1.07133249200919e-08	59.0818594584643	0.99880452376421
26.625	20.25	0.998894473356442	0.799983778901102	1.06499737398496e-08	58.9619842530316	0.999115578685154
26.775	20.25	0.999182029807185	0.79998798964482	1.05871032951046e-08	58.8420765816056	0.999345623845748
26.925	20.25	0.999394600869198	0.799991111695808	1.05245288058408e-08	58.7221449040574	0.999515680695359
27.075	20.25	0.999551676930401	0.799993426352702	1.04621412342177e-08	58.6021954834386	0.999641341544321
27.225	20.25	0.999667711986998	0.799995141727145	1.03998369888459e-08	58.4822329534736	0.999734169589598
27.375	20.25	0.999753419908311	0.799996412091257	1.0337611004164e-08	58.3622607398315	0.999802735926649
27.525	20.25	0.999816736206999	0.79999735202249	1.02753971139204e-08	58.2422813730115	0.999853388965599
27.675	20.25	0.999863532816317	0.799998046727264	1.02132028947162e-08	58.1222967207565	0.999890826253054
27.825	20.25	0.999898149900065	0.799998559601577	1.01510089273976e-08	58.0023081606287	0.999918519920052
27.975	20.25	0.999923791678088	0.799998937802669	1.00888713139172e-08	57.88231670806	0.99993903334247
28.125	20.25	0.999942820940846	0.799999216381362	1.00267256106111e-08	57.7623231112662	0.999954256752677
28.275	20.25	0.999956977996886	0.799999421361359	9.96466970609603e-09	57.6423279215142	0.999965582397509
28.425	20.25	0.999967543255811	0.799999572040925	9.90269443222432e-09	57.5223315450764	0.999974034604649
28.575	20.25	0.99997545780601	0.799999682713424	9.84080634704433e-09	57.4023342815935	0.999980366244808
28.725	20.25	0.999981412728939	0.799999763953097	9.77903828580555e-09	57.2823363523618	0.999985130183151
28.875	20.25	0.999985915176901	0.799999823573465	9.71742501367933e-09	57.1623379211625	0.999988732141521
29.025	20.25	0.999989337201671	0.799999867340901	9.65599344477519e-09	57.0423391095752	0.999991469761337
29.175	20.25	0.999991951790859	0.799999899504969	9.59473194425678e-09	56.9223400082172	0.999993561432687
29.325	20.25	0.999993959424971	0.799999923191664	9.53371797013796e-09	56.8023406849796	0.999995167539977
29.475	20.25	0.99999550761445	0.799999940695954	9.47293767716375e-09	56.68234119105	0.99999640609156
29.625	20.25	0.999996705242196	0.799999953698282	9.41240196677537e-09	56.5623415653088	0.999997364193757
29.775	20.25	0.999997633065892	0.799999963425485	9.35216739371355e-09	56.442341837534	0.999998106452713
29.925	20.25	0.999998351385323	0.79999997077018	9.2922208534233e-09	56.3223420307325	0.999998681108259
30.075	20.25	0.999998905620689	0.799999976379293	9.23260454686232e-09	56.2023421628369	0.999999124496551
30.225	20.25	0.99999933035573	0.799999980719703	9.17334191412342e-09	56.0823422479395	0.999999464284584
30.375	20.25	0.999999652256	0.799999984127262	9.11440611502311e-09	55.9623422971927	0.9999997218048
30.525	20.25	0.999999892166622	0.799999986842209	9.05588480995605e-09	55.8423423194682	0.999999913733297
30.675	20.25	1.00000006661444	0.799999989036168	8.99773609995732e-09	55.722342321844	1.00000005329155
30.825	20.25	1.00000018888044	0.799999990831555	8.94000573597742e-09	55.6023423099674	1.00000015110435
30.975	20.25	1.0000002697643	0.799999992315734	8.88269282386117e-09	55.4823422883295	1.00000021581144
31.125	20.25	1.00000031813024	0.799999993551433	8.82582425790485e-09	55.3623422604779	1.00000025450419
31.275	20.25	1.00000034129913	0.799999994584347	8.76940253029962e-09	55.2423422291831	1.00000027303931
31.425	20.25	1.00000034533336	0.799999995448097	8.71343035812104e-09	55.1223421965732	1.00000027626668
31.575	20.25	1.00000033524795	0.799999996168745	8.65795349690681e-09	55.0023421642446	1.00000026819836
31.725	20.25	1.00000031517154	0.799999996766366	8.6029879531875e-09	54.882342133355	1.00000025213724
31.875	20.25	1.00000028847336	0.799999997257812	8.54848306991773e-09	54.7623421047018	1.00000023077869
32.025	20.25	1.00000025786736	0.799999997657268	8.49451291668056e-09	54.6423420787907	1.00000020629389
32.175	20.25	1.00000022550095	0.799999997977242	8.44108220054198e-09	54.5223420558941	1.00000018040076
32.325	20.25	1.00000019303282	0.799999998228893	8.38814720352561e-09	54.4023420361014	1.00000015442626
32.475	20.25	1.00000016170284	0.799999998422415	8.33577824027434e-09	54.2823420193631	1.00000012936228
32.625	20.25	1.00000013239566	0.799999998567211	8.28394006989903e-09	54.1623420055277	1.00000010591653
32.775	20.25	1.00000010569877	0.799999998671702	8.23267975894456e-09	54.042341994373	1.00000008455902
32.925	20.25	1.00000008195548	0.799999998743645	8.18198414311199e-09	53.922341985632	1.00000006556438
33.075	20.25	1.00000006131279	0.799999998789787	8.13184362064546e-09	53.8023419790144	1.00000004905023
33.225	20.25	1.00000004376433	0.799999998816419	8.0823048187258e-09	53.682341974223	1.00000003501147
33.375	20.25	1.00000002918823	0.799999998828635	8.03334751161527e-09	53.5623419709667	1.00000002335058
33.525	20.25	1.00000001737988	0.799999998831078	7.98496524841534e-09	53.4423419689703	1.0000000139039
33.675	20.25	1.00000000808001	0.799999998827392	7.9371992198664e-09	53.3223419679805	1.00000000646401
33.825	20.25	1.0000000009979	0.799999998820701	7.89004693011304e-09	53.2023419677707	1.00000000079832
33.975	20.25	0.999999995830286	0.799999998813316	7.8434920201997e-09	53.0823419681427	0.999999996664229
34.125	20.25	0.999999992276136	0.799999998807086	7.79755851782796e-09	52.9623419689273	0.999999993820909
34.275	20.25	0.999999990047867	0.799999998803329	7.75225176173981e-09	52.8423419699835	0.999999992038294
34.425	20.25	0.999999988879256	0.799999998802844	7.70755641911466e-09	52.7223419711971	0.999999991103405
34.575	20.25	0.999999988530619	0.799999998806162	7.66348558457857e-09	52.6023419724778	0.999999990824495
34.725	20.25	0.99999998879173	0.799999998813485	7.6200658229968e-09	52.4823419737573	0.999999991033384
34.875	20.25	0.999999989482791	0.799999998824643	7.577261330872e-09	52.3623419749858	0.999999991586233
35.025	20.25	0.999999990453989	0.799999998839544	7.53511443661576e-09	52.2423419761292	0.999999992363191
35.175	20.25	0.999999991583931	0.799999998857805	7.49361353887009e-09	52.1223419771668	0.999999993267145
35.325	20.25	0.999999992777303	0.799999998878872	7.45274312458694e-09	52.0023419780878	0.999999994221843
35.475	20.25	0.999999993962066	0.7999999989024	7.412524452837e-09	51.8823419788898	0.999999995169653
35.625	20.25	0.999999995086349	0.799999998927891	7.3729554182216e-09	51.7623419795763	0.999999996069079
35.775	20.25	0.999999996115354	0.799999998954827	7.33404248638834e-09	51.6423419801549	0.999999996892283
35.925	20.25	0.999999997028284	0.799999998982831	7.29579241398613e-09	51.5223419806357	0.999999997622627
36.075	20.25	0.999999997815458	0.799999999011455	7.25817522518622e-09	51.4023419810306	0.999999998252366
36.225	20.25	0.999999998475747	0.799999999040368	7.22123510286861e-09	51.2823419813517	0.999999998780598
36.375	20.25	0.999999999014285	0.799999999069286	7.18493768960089e-09	51.1623419816112	0.999999999211428
36.525	20.25	0.999999999440463	0.799999999097921	7.14932502677997e-09	51.0423419818202	0.99999999955237
36.675	20.25	0.999999999766333	0.799999999126153	7.11435991884982e-09	50.9223419819892	0.999999999813066
36.825	20.25	1.00000000000535	0.799999999153784	7.08006606676377e-09	50.8023419821272	1.00000000000428
36.975	20.25	1.00000000017137	0.799999999180715	7.0464331765759e-09	50.682341982242	1.00000000013709
37.125	20.25	1.00000000027793	0.799999999206959	7.01347274667052e-09	50.5623419823401	1.00000000022234
37.275	20.25	1.0000000003377	0.799999999232284	6.98117075308349e-09	50.4423419824266	1.00000000027016
37.425	20.25	1.00000000036184	0.799999999256737	6.94953479082124e-09	50.3223419825056	1.00000000028947
37.575	20.25	1.00000000035915	0.799999999280136	6.91857358067405e-09	50.2023419825801	1.00000000028732
37.725	20.25	1.00000000033567	0.799999999302694	6.88827364490823e-09	50.0823419826526	1.00000000026853
37.875	20.25	1.00000000029553	0.799999999324992	6.8586423502722e-09	49.9623419827248	1.00000000023642
38.025	20.25	1.00000000024453	0.79999999934804	6.82968396675431e-09	49.8423419827983	1.00000000019563
38.175	20.25	1.00000000019658	0.799999999372598	6.80138769268244e-09	49.7223419828735	1.00000000015726
38.325	20.25	1.00000000017806	0.799999999397157	6.77377954736853e-09	49.6023419829488	1.00000000014244
38.475	20.25	1.00000000021821	0.799999999415447	6.74681216053333e-09	49.4823419830201	1.00000000017457
38.625	20.25	1.00000000031039	0.799999999416962	6.72054834261966e-09	49.3623419830823	1.00000000024832
38.775	20.25	1.00000000034602	0.799999999395221	6.69493335932707e-09	49.2423419831354	1.00000000027682
38.925	20.25	1.00000000007387	0.799999999368158	6.66999456959154e-09	49.1223419831973	1.0000000000591
39.075	20.25	0.999999999212036	0.799999999401904	6.64571322231859e-09	49.0023419833108	0.999999999369629
39.225	20.25	0.999999997861593	0.799999999605458	6.62212238645228e-09	48.882341983528	0.999999998289275
39.375	20.25	0.999999997187172	0.80000000004006	6.59919038448066e-09	48.7623419838398	0.999999997749737
39.525	20.25	0.99999999980028	0.800000000512328	6.57693570502888e-09	48.642341984056	0.999999999840224
39.675	20.25	1.00000000854992	0.800000000343538	6.55533081512745e-09	48.5223419837244	1.00000000683993
39.825	20.25	1.00000002228113	0.799999998451204	6.53440216222883e-09	48.4023419823113	1.0000000178249
39.975	20.25	1.00000002906866	0.799999994271658	6.51415104808321e-09	48.2823419799111	1.00000002325493
40.125	20.25	1.00000000269437	0.799999989789541	6.49455259848112e-09	48.1623419784487	1.00000000215549
40.275	20.25	0.999999915051612	0.799999991681807	6.47563831649188e-09	48.0423419824569	0.99999993204129
40.425	20.25	0.999999777875215	0.800000010333711	6.45739369918574e-09	47.9223419972542	0.999999822300172
40.575	20.25	0.999999707649966	0.800000050850458	6.43981181489912e-09	47.8023420220047	0.999999766119973
40.725	20.25	0.999999957517788	0.80000009404356	6.42288512319382e-09	47.6823420381303	0.999999966014231
40.875	20.25	1.00000079734944	0.80000007722769	6.40662367226446e-09	47.5623420019482	1.00000063787955
41.025	20.25	1.00000212196186	0.799999904688711	6.39104243727006e-09	47.4423418618709	1.00000169756948
41.175	20.25	1.00000285290255	0.799999530536173	6.37610910982601e-09	47.322341623125	1.00000228232204
41.325	20.25	1.00000065163098	0.799999128261999	6.36186341264143e-09	47.202341454953	1.00000052130478
41.475	20.25	0.999993003858005	0.799999255796548	6.34831097118328e-09	47.0823417595334	0.999994403086404
41.625	20.25	0.999980706637741	0.800000756381273	6.33545859790379e-09	46.9623430214721	0.999984565310193
41.775	20.25	0.999973138463939	0.800004040986157	6.32323029545496e-09	46.8423452369481	0.999978510771151
41.925	20.25	0.999990827520628	0.800007657881687	6.31156269126771e-09	46.7223469666172	0.999992662016502
42.075	20.25	1.00005637953633	0.800006936482048	6.30029684215415e-09	46.6023447007164	1.00004510362907
42.225	20.25	1.00016528886161	0.799994824336741	6.28947190409061e-09	46.4823340607077	1.00013223108929
42.375	20.25	1.00024184955347	0.799967674388302	6.27948808773763e-09	46.3623145181593	1.00019347964278
42.525	20.25	1.00011633628544	0.799936550645375	6.27116214445842e-09	46.2422973251533	1.00009306902835
42.675	20.25	0.999594226905038	0.799937860823039	6.26548206991646e-09	46.1223112181704	0.99967538152403
42.825	20.25	0.998683926301174	0.800027372595428	6.2624344291965e-09	46.0023938692891	0.998947141040939
42.975	20.25	0.997944673219339	0.800237006957674	6.25922439533603e-09	45.8825557011878	0.998355738575471
43.125	20.25	0.998684258971454	0.800490005575685	6.24929522249087e-09	45.7627175068541	0.998947407177163
43.275	20.25	1.00248296175207	0.800522975230825	6.22477663032808e-09	45.6426614765255	1.00198636940165
43.425	20.25	1.00955927623641	0.799934825639945	6.18484691399176e-09	45.5220835739819	1.00764742098913
43.575	20.25	1.01623380737931	0.798479881654957	6.14783304429413e-09	45.4008457973209	1.01298704590345
43.725	20.25	1.0132867710036	0.796573391858534	6.1582994680561e-09	45.2794286410226	1.01062941680288
43.875	20.25	0.988680897761888	0.795833250635654	6.27745268006659e-09	45.1593336465845	0.99094471820951
44.025	20.25	0.938367896650995	0.79935100730211	6.54099013056776e-09	45.0428406141347	0.950694317320796
44.175	20.25	0.884673133474922	0.810192428693367	6.84944500569704e-09	44.9313521085284	0.907738506779938
44.325	20.25	0.889127901592209	0.824441952865104	6.82236485625029e-09	44.8222077545068	0.911302321273767
44.475	20.25	1.0325719513154	0.826489829075303	6.05894255496109e-09	44.705957348908	1.02605756105232
44.625	20.25	1.34924434180085	0.808622132998425	4.85824721042696e-09	44.5677999130301	1.27939547344068
44.775	20.25	1.76408811797592	0.70953704752163	3.85651011725478e-09	44.3955930999033	1.61127049438074
44.925	20.25	2.11154506607356	0.834636814178418	3.28842941587863e-09	44.2248230802276	1.88923605285885
0.075	20.75	3.47473589935383e-16	0.399999998646364	-1.10127935967105e-07	65.389533263557	0.2
0.225	20.75	1.09796500499592e-15	0.799999995940997	-1.10047613242354e-07	65.3655332636382	0.200000000000001
0.375	20.75	2.54818931437912e-15	0.799999993240107	-1.0988712082748e-07	65.3415332638005	0.200000000000002
0.525	20.75	4.61626590094265e-15	0.79999999054605	-1.0964656904951e-07	65.3175332640438	0.200000000000004
0.675	20.75	7.14881707701279e-15	0.799999987862117	-1.09326515520732e-07	65.2935332643677	0.200000000000006
0.825	20.75	9.9358844534143e-15	0.799999985191313	-1.08927414398308e-07	65.2695332647721	0.200000000000008
0.975	20.75	1.2737970571975e-14	0.799999982536304	-1.08449837265627e-07	65.2455332652563	0.20000000000001
1.125	20.75	1.52997076663816e-14	0.799999979899929	-1.07894488700694e-07	65.2215332658199	0.200000000000012
1.275	20.75	1.73403390109664e-14	0.799999977284578	-1.07262423868198e-07	65.1975332664623	0.200000000000014
1.425	20.75	1.8524124907155e-14	0.799999974693433	-1.06554431053893e-07	65.1735332671828	0.200000000000015
1.575	20.75	1.84215047623023e-14	0.799999972129288	-1.05771857752465e-07	65.1495332679807	0.200000000000015
1.725	20.75	1.6473868155064e-14	0.799999969593607	-1.049155296186e-07	65.125533268855	0.200000000000013
1.875	20.75	1.19727208424278e-14	0.799999967090394	-1.03987121185016e-07	65.101533269805	0.20000000000001
2.025	20.75	4.06047033551035e-15	0.799999964621518	-1.02987850038046e-07	65.0775332708296	0.200000000000003
2.175	20.75	-8.24292221158164e-15	0.799999962188615	-1.01919361284903e-07	65.0535332719277	0.199999999999993
2.325	20.75	-2.59845130965873e-14	0.799999959795094	-1.00783053809568e-07	65.0295332730983	0.199999999999979
2.475	20.75	-5.0191098022762e-14	0.799999957442487	-9.95809472977252e-08	65.0055332743401	0.19999999999996
2.625	20.75	-8.17460295345465e-14	0.799999955132977	-9.83147263658184e-08	64.9815332756518	0.199999999999935
2.775	20.75	-1.21225253258074e-13	0.79999995286948	-9.69860690901818e-08	64.9575332770321	0.199999999999903
2.925	20.75	-1.68687706015908e-13	0.799999950652832	-9.5597037443486e-08	64.9335332784796	0.199999999999865
3.075	20.75	-2.23416664920294e-13	0.799999948485325	-9.41496665027072e-08	64.9095332799929	0.199999999999821
3.225	20.75	-2.83611689462883e-13	0.799999946368899	-9.26460624712028e-08	64.8855332815705	0.199999999999773
3.375	20.75	-3.46035708870991e-13	0.799999944304913	-9.10881899037641e-08	64.8615332832109	0.199999999999723
3.525	20.75	-4.05628562723305e-13	0.799999942295225	-8.94784990140281e-08	64.8375332849123	0.199999999999676
3.675	20.75	-4.55107101727633e-13	0.799999940340795	-8.78191627500851e-08	64.8135332866732	0.199999999999636
3.825	20.75	-4.84582712721729e-13	0.799999938443682	-8.61123212680751e-08	64.7895332884919	0.199999999999612
3.975	20.75	-4.81239929758707e-13	0.799999936604245	-8.43603196912562e-08	64.7655332903667	0.199999999999615
4.125	20.75	-4.2913427313996e-13	0.799999934824647	-8.25655353124581e-08	64.7415332922958	0.199999999999657
4.275	20.75	-3.09183309618786e-13	0.799999933105385	-8.0730432703091e-08	64.7175332942773	0.199999999999753
4.425	20.75	-9.94412122284381e-14	0.799999931446902	-7.88572697762525e-08	64.6935332963095	0.19999999999992
4.575	20.75	2.24237189959545e-13	0.799999929850939	-7.69484963353244e-08	64.6695332983905	0.200000000000179
4.725	20.75	6.87023539949815e-13	0.799999928317529	-7.50068180451507e-08	64.6455333005184	0.20000000000055
4.875	20.75	1.31330590140933e-12	0.799999926847133	-7.30341038817505e-08	64.6215333026913	0.200000000001051
5.025	20.75	2.12411130013547e-12	0.799999925441323	-7.1033111446826e-08	64.5975333049073	0.200000000001699
5.175	20.75	3.13363889797546e-12	0.799999924099329	-6.90063145449717e-08	64.5735333071645	0.200000000002507
5.325	20.75	4.34480409051864e-12	0.799999922821463	-6.69558767191075e-08	64.5495333094608	0.200000000003476
5.475	20.75	5.74373387006384e-12	0.79999992160884	-6.48842351701976e-08	64.5255333117943	0.200000000004595
5.625	20.75	7.29321606787077e-12	0.79999992046082	-6.27939321249891e-08	64.5015333141631	0.200000000005835
5.775	20.75	8.92519352147029e-12	0.799999919377157	-6.06872299096489e-08	64.4775333165653	0.20000000000714
5.925	20.75	1.05325127617835e-11	0.799999918358758	-5.85662922601575e-08	64.4535333189988	0.200000000008426
6.075	20.75	1.19602881278388e-11	0.799999917404264	-5.64334901668753e-08	64.4295333214617	0.200000000009568
6.225	20.75	1.29974279623018e-11	0.79999991651429	-5.42910812234346e-08	64.4055333239522	0.200000000010398
6.375	20.75	1.33690888414577e-11	0.799999915687983	-5.21412396112139e-08	64.3815333264684	0.200000000010695
6.525	20.75	1.27310733869499e-11	0.799999914925128	-4.99861584601953e-08	64.3575333290084	0.200000000010185
6.675	20.75	1.06674597145059e-11	0.799999914224425	-4.78279205325672e-08	64.3335333315704	0.200000000008534
6.825	20.75	6.69303456964141e-12	0.799999913586857	-4.56685105087973e-08	64.3095333341528	0.200000000005354
6.975	20.75	2.62380483445417e-13	0.799999913009881	-4.35100148494659e-08	64.285533336754	0.20000000000021
7.125	20.75	-9.2122829600236e-12	0.799999912494468	-4.13542830973805e-08	64.2615333393722	0.19999999999263
7.275	20.75	-2.23322122461802e-11	0.799999912038808	-3.92033131597256e-08	64.2375333420061	0.199999999982134
7.425	20.75	-3.96698191899431e-11	0.799999911642692	-3.70589054907754e-08	64.2135333446542	0.199999999968264
7.575	20.75	-6.17105693726401e-11	0.799999911304639	-3.49227960994439e-08	64.1895333473151	0.199999999950632
7.725	20.75	-8.87769813055151e-11	0.79999991102396	-3.2796885490759e-08	64.1655333499877	0.199999999928978
7.875	20.75	-1.2093307780442e-10	0.799999910800015	-3.06824181434725e-08	64.1415333526707	0.199999999903254
8.025	20.75	-1.57868409166736e-10	0.799999910631852	-2.85811830190862e-08	64.1175333553629	0.199999999873705
8.175	20.75	-1.98761890579794e-10	0.79999991051821	-2.64948241842875e-08	64.0935333580631	0.19999999984099
8.325	20.75	-2.42127226155357e-10	0.79999991045796	-2.4424681296577e-08	64.06953336077	0.199999999806298
8.475	20.75	-2.85643672107326e-10	0.79999991045025	-2.23722312663096e-08	64.0455333634821	0.199999999771485
8.625	20.75	-3.2597835006107e-10	0.799999910494255	-2.03385023496363e-08	64.0215333661978	0.199999999739217
8.775	20.75	-3.58609263839776e-10	0.799999910588515	-1.83249615473028e-08	63.9975333689151	0.199999999713113
8.925	20.75	-3.7766157574717e-10	0.799999910731919	-1.63328477616782e-08	63.9735333716314	0.199999999697871
9.075	20.75	-3.757734987221e-10	0.799999910923466	-1.4363017743269e-08	63.9495333743437	0.199999999699381
9.225	20.75	-3.44012250929603e-10	0.799999911161444	-1.24168166312974e-08	63.9255333770481	0.19999999972479
9.375	20.75	-2.71864735535917e-10	0.799999911444862	-1.04951600714956e-08	63.90153337974	0.199999999782508
9.525	20.75	-1.47331727107445e-10	0.799999911772009	-8.59879733583118e-09	63.8775333824136	0.199999999882135
9.675	20.75	4.28419251033145e-11	0.799999912141296	-6.72868580322441e-09	63.853533385062	0.200000000034274
9.825	20.75	3.12765587128884e-10	0.799999912550758	-4.88553054980178e-09	63.8295333876769	0.200000000250212
9.975	20.75	6.76792334106257e-10	0.799999912998497	-3.07022609781407e-09	63.8055333902489	0.200000000541434
10.125	20.75	1.14866223012279e-09	0.799999913482217	-1.28334949425229e-09	63.7815333927671	0.20000000091893
10.275	20.75	1.74036406633218e-09	0.799999913999338	4.74391819411211e-10	63.7575333952194	0.200000001392291
10.425	20.75	2.46068511768529e-09	0.799999914547001	2.20271513046195e-09	63.733533397593	0.200000001968548
10.575	20.75	3.31342676061075e-09	0.799999915122589	3.90080322690535e-09	63.7095333998741	0.200000002650741
10.725	20.75	4.2952760426215e-09	0.799999915722469	5.56859187637876e-09	63.6855334020494	0.200000003436221
10.875	20.75	5.39334003036104e-09	0.799999916342892	7.20536313801743e-09	63.6615334041061	0.200000004314672
11.025	20.75	6.58237139797889e-09	0.799999916980526	8.81082810279545e-09	63.6375334060333	0.200000005265897
11.175	20.75	7.82174051746273e-09	0.799999917631434	1.03848060924469e-08	63.6135334078235	0.200000006257392
11.325	20.75	9.05224132653196e-09	0.799999918291662	1.19272516012631e-08	63.5895334094737	0.200000007241793
11.475	20.75	1.01928552673919e-08	0.799999918957226	1.34375963739876e-08	63.5655334109879	0.200000008154284
11.625	20.75	1.11376390719867e-08	0.799999919625275	1.49159966857152e-08	63.5415334123792	0.200000008910111
11.775	20.75	1.17529472121459e-08	0.799999920292357	1.6362077867036e-08	63.517533413672	0.200000009402358
11.925	20.75	1.18752471127497e-08	0.79999992095639	1.77761645996269e-08	63.4935334149051	0.200000009500198
12.075	20.75	1.13098329944003e-08	0.799999921616267	1.91579322439911e-08	63.4695334161346	0.200000009047866
12.225	20.75	9.83079027856455e-09	0.799999922271741	2.05074866569713e-08	63.4455334174366	0.200000007864632
12.375	20.75	7.18260427510273e-09	0.799999922924927	2.18250260239471e-08	63.4215334189107	0.200000005746083
12.525	20.75	3.08384146351372e-09	0.799999923580069	2.31105080392973e-08	63.3975334206821	0.200000002467073
12.675	20.75	-2.76664402635506e-09	0.79999992424281	2.43641863264906e-08	63.3735334229038	0.199999997786685
12.825	20.75	-1.06805152675758e-08	0.799999924922557	2.5586029670442e-08	63.3495334257587	0.199999991455588
12.975	20.75	-2.09673107067464e-08	0.79999992563128	2.67764184134547e-08	63.3255334294591	0.199999983226151
13.125	20.75	-3.39179217185706e-08	0.799999926384705	2.79354143453306e-08	63.3015334342465	0.199999972865663
13.275	20.75	-4.97837996070499e-08	0.799999927202701	2.90634377288106e-08	63.2775334403883	0.19999996017296
13.425	20.75	-6.87515657642396e-08	0.79999992810752	3.01607211114471e-08	63.2535334481729	0.199999944998747
13.575	20.75	-9.09127794450902e-08	0.799999929127138	3.1227463612876e-08	63.2295334579021	0.199999927269776
13.725	20.75	-1.16228709833346e-07	0.799999930292697	3.22639988934601e-08	63.2055334698805	0.199999907017032
13.875	20.75	-1.44490052923509e-07	0.799999931640075	3.32706451314976e-08	63.1815334844005	0.199999884407958
14.025	20.75	-1.75271613963257e-07	0.799999933207826	3.42480235040306e-08	63.1575335017242	0.199999859782709
14.175	20.75	-2.07882020394301e-07	0.799999935039857	3.5196124866972e-08	63.1335335220602	0.199999833694384
14.325	20.75	-2.41308506920322e-07	0.799999937183556	3.61155111803896e-08	63.1095335455351	0.199999806953194
14.475	20.75	-2.74156680292917e-07	0.799999939690894	3.70065864640751e-08	63.0855335721604	0.199999780674656
14.625	20.75	-3.04584868417994e-07	0.799999942618072	3.7869698276362e-08	63.0615336017918	0.199999756332105
14.775	20.75	-3.30232108806204e-07	0.799999946029741	3.87054975599382e-08	63.0375336340836	0.199999735814313
14.925	20.75	-3.48137932508634e-07	0.7999999499975	3.95140282654033e-08	63.0135336684346	0.199999721489654
15.075	20.75	-3.54650716040576e-07	0.799999954607875	4.02960606860208e-08	62.9895337039262	0.199999716279427
15.225	20.75	-3.45319327174489e-07	0.799999959967057	4.1051964522039e-08	62.965533739251	0.199999723744538
15.375	20.75	-3.147598463926e-07	0.799999966210711	4.17821437171003e-08	62.9415337726295	0.199999748192123
15.525	20.75	-2.56484995567056e-07	0.799999973519077	4.24870301905972e-08	62.9175338017123	0.199999794812004
15.675	20.75	-1.62678141853355e-07	0.799999982137809	4.31671300943006e-08	62.8935338234635	0.199999869857487
15.825	20.75	-2.38858284482756e-08	0.799999992406698	4.38229436027792e-08	62.8695338340182	0.199999980891337
15.975	20.75	1.71408003820977e-07	0.800000004802274	4.44548354485314e-08	62.8455338285051	0.200000137126403
16.125	20.75	4.37377562267358e-07	0.800000019992651	4.50636197344268e-08	62.8215338008197	0.20000034990205
16.275	20.75	7.91691725973564e-07	0.800000038918271	4.56493006971474e-08	62.7975337433291	0.200000633353381
16.425	20.75	1.25668938123757e-06	0.800000062896662	4.6212492469182e-08	62.7735336464798	0.200001005351505
16.575	20.75	1.86102722198729e-06	0.800000093768955	4.6753831896123e-08	62.7495334982709	0.200001488821778
16.725	20.75	2.64198176174399e-06	0.800000134096495	4.72736735484838e-08	62.7255332835364	0.200002113585409
16.875	20.75	3.64865173733983e-06	0.800000187427163	4.77724270291394e-08	62.7015329829645	0.20000291892139
17.025	20.75	4.94639328542266e-06	0.800000258652635	4.82506501339648e-08	62.6775325717495	0.200003957114628
17.175	20.75	6.62293566967252e-06	0.800000354491027	4.87086556150724e-08	62.6535320177375	0.200005298348536
17.325	20.75	8.7967803859604e-06	0.800000484136466	4.91469176180451e-08	62.6295312788758	0.200007037424309
17.475	20.75	1.16286960341205e-05	0.800000660136719	4.95660277324228e-08	62.6055302997065	0.200009302956827
17.625	20.75	1.53374060327346e-05	0.800000899577945	4.9966084766064e-08	62.5815290065561	0.200012269924826
17.775	20.75	2.02209530381622e-05	0.800001225688603	5.03476939055496e-08	62.5575273009465	0.200016176762431
17.925	20.75	2.66857454226955e-05	0.80000166999513	5.07110666689623e-08	62.5335250505859	0.200021348596338
18.075	20.75	3.52859844650199e-05	0.800002275202088	5.10567357778927e-08	62.509522077073	0.200028228787572
18.225	20.75	4.67770799765595e-05	0.800003099018765	5.13846301633717e-08	62.4855181391455	0.200037421663981
18.375	20.75	6.2187851193028e-05	0.800004219246724	5.16951016202493e-08	62.4615129098977	0.200049750280954
18.525	20.75	8.2917895206715e-05	0.800005740608861	5.19882767854131e-08	62.4375059458603	0.200066334316165
18.675	20.75	0.00011086870256829	0.800007804076755	5.22641465812681e-08	62.4134966451111	0.200088694962055
18.825	20.75	0.000148620260027222	0.8000105998113	5.25224935848057e-08	62.3894841906171	0.200118896208022
18.975	20.75	0.000199669460666405	0.80001438513081	5.27627863673902e-08	62.3654674736544	0.200159735568533
19.125	20.75	0.000268753050364558	0.800019508963837	5.29846797381932e-08	62.3414449902835	0.200215002440292
19.275	20.75	0.000362286165252151	0.800026443812029	5.31867861268446e-08	62.3174147012726	0.200289828932202
19.425	20.75	0.000488957314133529	0.800035825554157	5.33678474753542e-08	62.2933738424118	0.200391165851307
19.575	20.75	0.000660531200496204	0.800048501340518	5.3525417965476e-08	62.2693186677309	0.200528424960397
19.725	20.75	0.000892922222477737	0.800065588106224	5.36565688076596e-08	62.245244102652	0.200714337777982
19.875	20.75	0.00120761714229482	0.800088550668229	5.37569136414998e-08	62.2211432773222	0.200966093713836
20.025	20.75	0.00163355414010611	0.800119318794133	5.38204554019732e-08	62.1970069014562	0.201306843312085
20.175	20.75	0.00220962181880067	0.800160472066814	5.38394280712814e-08	62.1728224290203	0.201767697455041
20.325	20.75	0.00298804039993675	0.800215518116942	5.38032727154856e-08	62.1485729406431	0.202390432319949
20.475	20.75	0.00403902969985454	0.800289257556494	5.36979002822704e-08	62.1242356396221	0.203231223759884
20.625	20.75	0.00545732378233304	0.80038815559755	5.3505110141315e-08	62.0997798110906	0.204365859025866
20.775	20.75	0.00737118412147435	0.800520532180727	5.32007401630471e-08	62.0751640357303	0.20589694729718
20.925	20.75	0.00995447762742504	0.800696276226798	5.27541504000855e-08	62.0503323909432	0.20796358210194
21.075	20.75	0.0134420122422994	0.800925749116446	5.21265992760156e-08	62.0252093359963	0.21075360979384
21.225	20.75	0.0181476178910679	0.801217630681362	5.12718519581728e-08	61.9996929931022	0.214518094312854
21.375	20.75	0.0244834938863942	0.801575697387727	5.01379194155035e-08	61.9736466322172	0.219586795109115
21.525	20.75	0.0329782633862699	0.801994861295233	4.86727554729522e-08	61.9468883615742	0.226382610709016
21.675	20.75	0.0442900727173277	0.802457164161928	4.68328850016387e-08	61.9191793250746	0.235432058173862
21.825	20.75	0.0592098324901356	0.80292877672466	4.45962679207877e-08	61.8902111190477	0.247367865992108
21.975	20.75	0.0786480172959187	0.803359390547703	4.19748394305275e-08	61.859593691662	0.262918413836735
22.125	20.75	0.103596191394505	0.803685574166613	3.90239739982776e-08	61.8268457260366	0.282876953115604
22.275	20.75	0.135052303806161	0.803839319785117	3.58422235155032e-08	61.7913904537171	0.308041843044929
22.425	20.75	0.173898994736652	0.803761736328192	3.2560520717705e-08	61.752560882363	0.339119195789322
22.575	20.75	0.220730586216402	0.803419688316276	2.93216767432627e-08	61.7096191436281	0.376584468973122
22.725	20.75	0.27564152817918	0.802820785517929	2.62570282100659e-08	61.6617942693569	0.420513222543344
22.875	20.75	0.338017857774165	0.802020573949817	2.34683795443926e-08	61.6083401169352	0.470414286219332
23.025	20.75	0.406404724862108	0.80111644706143	2.10182234099688e-08	61.5486096886085	0.525123779889686
23.175	20.75	0.47853457370253	0.800226925373934	1.89300628983139e-08	61.4821345278914	0.582827658962024
23.325	20.75	0.551566088073708	0.799461968094186	1.71956551740205e-08	61.4086913729423	0.641252870458966
23.475	20.75	0.62250130912152	0.798895926977662	1.57851029315088e-08	61.3283373433325	0.698001047297216
23.625	20.75	0.688659258894546	0.798554407330298	1.46568947330147e-08	61.2414023148287	0.750927407115637
23.775	20.75	0.74805181103195	0.798418741110204	1.37657264273093e-08	61.1484404261713	0.79844144882556
23.925	20.75	0.799557781810564	0.79844256635741	1.30678597049559e-08	61.0501551299023	0.839646225448452
24.075	20.75	0.842886470897426	0.798570847272626	1.25241756264192e-08	60.9473176400475	0.874309176717941
24.225	20.75	0.878398156410853	0.798753959036915	1.21013232407366e-08	60.8406957838933	0.902718525128682
24.375	20.75	0.906872100700061	0.79895448996057	1.17719398776714e-08	60.7310026412947	0.925497680560049
24.525	20.75	0.929292198341331	0.799148193504526	1.15139743894252e-08	60.6188666256939	0.943433758673065
24.675	20.75	0.946685094202629	0.799321769981855	1.13101108668253e-08	60.5048196261143	0.957348075362103
24.825	20.75	0.9600167747224	0.799469689550102	1.11469062375442e-08	60.3892978782677	0.96801341977792
24.975	20.75	0.970138073130198	0.799591290360495	1.10139762634763e-08	60.2726504096572	0.976110458504159
25.125	20.75	0.977764769266711	0.799688594583129	1.09034452998072e-08	60.1551510519528	0.982211815413369
25.275	20.75	0.983479107305612	0.799764849596415	1.08093513533946e-08	60.037011333782	0.986783285844489
25.425	20.75	0.987742791131164	0.799823638433998	1.07272284489404e-08	59.9183926760965	0.990194232904931
25.575	20.75	0.990914817881475	0.79986838447503	1.06537492018777e-08	59.7994171075465	0.99273185430518
25.725	20.75	0.993270126799605	0.799902109492586	1.05864408230273e-08	59.6801762287405	0.994616101439684
25.875	20.75	0.99501687481005	0.799927345995083	1.05235122032045e-08	59.5607384522434	0.99601349984804
26.025	20.75	0.996311339964732	0.799946138363285	1.04636588872213e-08	59.4411546980879	0.997049071971785
26.175	20.75	0.997270176125427	0.799960090600986	1.04059025947002e-08	59.3214627857786	0.997816140900342
26.325	20.75	0.997980145943503	0.799970434018469	1.03495618316141e-08	59.2016907709445	0.998384116754802
26.475	20.75	0.998505654705871	0.799978098572253	1.02941460374714e-08	59.0818594532194	0.998804523764697
26.625	20.75	0.998894473356893	0.799983778714343	1.02393051054701e-08	58.9619842478145	0.999115578685515
26.775	20.75	0.999182029807512	0.799987989456679	1.01847837393926e-08	58.8420765764166	0.999345623846009
26.925	20.75	0.999394600869438	0.799991111506451	1.01304155326564e-08	58.7221448988967	0.999515680695551
27.075	20.75	0.999551676930588	0.79999342616223	1.00761052988275e-08	58.6021954783063	0.99964134154447
27.225	20.75	0.999667711987134	0.799995141535739	1.00217509201031e-08	58.48223294837	0.999734169589707
27.375	20.75	0.999753419908412	0.79999641189905	9.96730920455765e-09	58.3622607347566	0.99980273592673
27.525	20.75	0.999816736207082	0.799997351829597	9.91276069988724e-09	58.2422813679655	0.999853388965666
27.675	20.75	0.999863532816379	0.799998046533794	9.85808890724708e-09	58.1222967157395	0.999890826253103
27.825	20.75	0.999898149900105	0.799998559407678	9.80331032757664e-09	58.0023081556406	0.999918519920084
27.975	20.75	0.999923791678121	0.799998937608455	9.74843287985002e-09	57.8823167031011	0.999939033342497
28.125	20.75	0.999942820940885	0.799999216186951	9.69348346451194e-09	57.7623231063365	0.999954256752708
28.275	20.75	0.999956977996913	0.799999421166829	9.63845667391198e-09	57.6423279166136	0.99996558239753
28.425	20.75	0.999967543255827	0.799999571846399	9.5833760956474e-09	57.522331540205	0.999974034604662
28.575	20.75	0.999975457806026	0.799999682518999	9.52826464915235e-09	57.4023342767513	0.999980366244821
28.725	20.75	0.999981412728949	0.799999763758866	9.47318416981555e-09	57.2823363475487	0.999985130183159
28.875	20.75	0.999985915176914	0.799999823379554	9.41813890917521e-09	57.1623379163786	0.999988732141531
29.025	20.75	0.999989337201673	0.799999867147398	9.36313493866215e-09	57.0423391048203	0.999991469761339
29.175	20.75	0.999991951790859	0.799999899311898	9.30820754926917e-09	56.9223400034913	0.999993561432687
29.325	20.75	0.999993959424972	0.799999922999123	9.25338811283841e-09	56.8023406802827	0.999995167539977
29.475	20.75	0.999995507614455	0.799999940504087	9.1986826905597e-09	56.6823411863818	0.999996406091564
29.625	20.75	0.999996705242205	0.799999953507126	9.14413621265699e-09	56.5623415606694	0.999997364193764
29.775	20.75	0.999997633065895	0.799999963235081	9.08977638912462e-09	56.4423418329232	0.999998106452716
29.925	20.75	0.999998351385319	0.799999970580638	9.03560128827856e-09	56.3223420261502	0.999998681108255
30.075	20.75	0.999998905620684	0.799999976190674	8.98164565432405e-09	56.202342158283	0.999999124496547
30.225	20.75	0.999999330355735	0.799999980532065	8.92791617199978e-09	56.0823422434138	0.999999464284588
30.375	20.75	0.999999652255998	0.799999983940661	8.87445735948144e-09	55.962342292695	0.999999721804798
30.525	20.75	0.999999892166614	0.799999986656689	8.82125215575479e-09	55.8423423149985	0.999999913733292
30.675	20.75	1.00000006661444	0.799999988851842	8.76833853320817e-09	55.722342317402	1.00000005329155
30.825	20.75	1.00000018888044	0.799999990648447	8.71573274842168e-09	55.6023423055529	1.00000015110435
30.975	20.75	1.00000026976429	0.799999992133895	8.66345469990395e-09	55.4823422839425	1.00000021581143
31.125	20.75	1.00000031813024	0.799999993370876	8.61151865487488e-09	55.362342256118	1.00000025450419
31.275	20.75	1.00000034129913	0.799999994405164	8.55993551675095e-09	55.2423422248502	1.0000002730393
31.425	20.75	1.00000034533336	0.799999995270369	8.50873106735586e-09	55.122342192267	1.00000027626669
31.575	20.75	1.00000033524795	0.799999995992353	8.45790191353229e-09	55.0023421599651	1.00000026819836
31.725	20.75	1.00000031517154	0.799999996591532	8.40744974663944e-09	54.8823421291017	1.00000025213724
31.875	20.75	1.00000028847336	0.799999997084538	8.35745366163236e-09	54.7623421004747	1.00000023077869
32.025	20.75	1.00000025786737	0.799999997485575	8.30785123650283e-09	54.6423420745895	1.00000020629389
32.175	20.75	1.00000022550095	0.799999997807085	8.25866541136413e-09	54.5223420517185	1.00000018040076
32.325	20.75	1.00000019303282	0.799999998060416	8.2099516466529e-09	54.4023420319512	1.00000015442625
32.475	20.75	1.00000016170284	0.799999998255641	8.16168016490167e-09	54.282342015238	1.00000012936227
32.625	20.75	1.00000013239565	0.799999998402091	8.11387085548775e-09	54.1623420014275	1.00000010591652
32.775	20.75	1.00000010569876	0.799999998508308	8.06653428837456e-09	54.0423419902974	1.00000008455901
32.925	20.75	1.00000008195548	0.799999998581997	8.01968267227259e-09	53.9223419815809	1.00000006556438
33.075	20.75	1.00000006131278	0.799999998629984	7.97333851123796e-09	53.8023419749874	1.00000004905023
33.225	20.75	1.00000004376433	0.799999998658397	7.92747478715359e-09	53.6823419702198	1.00000003501146
33.375	20.75	1.00000002918822	0.799999998672453	7.88213836410619e-09	53.5623419669871	1.00000002335057
33.525	20.75	1.00000001737987	0.799999998676751	7.83731223641526e-09	53.4423419650139	1.0000000139039
33.675	20.75	1.00000000807999	0.799999998674951	7.79300913524465e-09	53.3223419640472	1.000000006464
33.825	20.75	1.00000000099789	0.799999998670136	7.74922346519445e-09	53.2023419638601	1.00000000079831
33.975	20.75	0.999999995830269	0.799999998664676	7.70598678174125e-09	53.0823419642545	0.999999996664215
34.125	20.75	0.999999992276135	0.799999998660418	7.66328936632445e-09	52.9623419650613	0.999999993820908
34.275	20.75	0.999999990047863	0.799999998658544	7.62113770323468e-09	52.8423419661394	0.999999992038291
34.425	20.75	0.999999988879242	0.799999998660078	7.57953691871612e-09	52.7223419673745	0.999999991103394
34.575	20.75	0.999999988530609	0.79999999866544	7.5385051570773e-09	52.6023419686765	0.999999990824487
34.725	20.75	0.999999988791725	0.799999998674657	7.49803959155035e-09	52.482341969977	0.99999999103338
34.875	20.75	0.999999989482787	0.79999999868788	7.45813935779221e-09	52.3623419712261	0.99999999158623
35.025	20.75	0.999999990453986	0.799999998704824	7.4188069929201e-09	52.2423419723899	0.999999992363189
35.175	20.75	0.999999991583928	0.799999998725035	7.3800497027477e-09	52.1223419734475	0.999999993267143
35.325	20.75	0.999999992777304	0.799999998748196	7.34188001531681e-09	52.0023419743883	0.999999994221843
35.475	20.75	0.999999993962064	0.799999998773799	7.3042983095223e-09	51.8823419752098	0.999999995169651
35.625	20.75	0.99999999508635	0.799999998801321	7.26729266257632e-09	51.7623419759154	0.99999999606908
35.775	20.75	0.999999996115351	0.799999998830402	7.23089234725412e-09	51.6423419765128	0.999999996892281
35.925	20.75	0.999999997028268	0.799999998860456	7.19508238619397e-09	51.5223419770122	0.999999997622614
36.075	20.75	0.999999997815443	0.799999998891161	7.15986749105121e-09	51.4023419774253	0.999999998252354
36.225	20.75	0.999999998475741	0.799999998922188	7.12526379736033e-09	51.2823419777643	0.999999998780593
36.375	20.75	0.999999999014285	0.799999998953167	7.09124685430798e-09	51.1623419780412	0.999999999211428
36.525	20.75	0.99999999944046	0.799999998983976	7.05783941020534e-09	51.0423419782676	0.999999999552368
36.675	20.75	0.999999999766329	0.799999999014286	7.02504628590363e-09	50.9223419784535	0.999999999813063
36.825	20.75	1.00000000000534	0.799999999044039	6.99285651580225e-09	50.8023419786081	1.00000000000427
36.975	20.75	1.00000000017136	0.799999999073138	6.96128028056716e-09	50.6823419787392	1.00000000013709
37.125	20.75	1.00000000027792	0.799999999101446	6.93030599083428e-09	50.5623419788533	1.00000000022233
37.275	20.75	1.0000000003377	0.799999999128998	6.89995796893812e-09	50.4423419789554	1.00000000027016
37.425	20.75	1.00000000036183	0.799999999155522	6.87023564326318e-09	50.3223419790498	1.00000000028947
37.575	20.75	1.00000000035914	0.799999999181117	6.84110730326515e-09	50.2023419791393	1.00000000028732
37.725	20.75	1.00000000033567	0.799999999205753	6.81261108801024e-09	50.0823419792265	1.00000000026853
37.875	20.75	1.00000000029553	0.799999999230233	6.78473878268832e-09	49.9623419793131	1.00000000023643
38.025	20.75	1.00000000024453	0.799999999255447	6.75747348573544e-09	49.8423419794007	1.00000000019562
38.175	20.75	1.00000000019657	0.79999999928215	6.73084659925647e-09	49.7223419794895	1.00000000015726
38.325	20.75	1.00000000017807	0.799999999308837	6.70483667712405e-09	49.6023419795783	1.00000000014245
38.475	20.75	1.00000000021822	0.799999999329259	6.6794531095631e-09	49.4823419796627	1.00000000017458
38.625	20.75	1.0000000003104	0.799999999332999	6.65469343304153e-09	49.3623419797376	1.00000000024832
38.775	20.75	1.00000000034603	0.799999999313399	6.63055640071595e-09	49.2423419798032	1.00000000027682
38.925	20.75	1.00000000007388	0.799999999288466	6.60704887443785e-09	49.1223419798771	1.0000000000591
39.075	20.75	0.999999999212033	0.799999999324431	6.58415919033612e-09	49.0023419800025	0.999999999369626
39.225	20.75	0.999999997861589	0.799999999530092	6.56190153270643e-09	48.8823419802311	0.999999998289271
39.375	20.75	0.999999997187171	0.799999999966876	6.54027222677506e-09	48.762341980554	0.999999997749737
39.525	20.75	0.999999999800282	0.800000000441282	6.51926587617877e-09	48.6423419807811	0.999999999840225
39.675	20.75	1.00000000854991	0.800000000274684	6.49889578428551e-09	48.52234198046	1.00000000683993
39.825	20.75	1.00000002228112	0.799999998384516	6.47915341131011e-09	48.4023419790571	1.0000000178249
39.975	20.75	1.00000002906866	0.799999994207069	6.46002337014812e-09	48.2823419766666	1.00000002325493
40.125	20.75	1.00000000269435	0.799999989727165	6.44153268430275e-09	48.1623419752138	1.00000000215548
40.275	20.75	0.99999991505161	0.799999991621588	6.42366781790647e-09	48.0423419792312	0.999999932041288
40.425	20.75	0.999999777875216	0.800000010275635	6.40644435740148e-09	47.9223419940374	0.999999822300173
40.575	20.75	0.99999970764996	0.800000050794629	6.3898393343136e-09	47.8023420187964	0.999999766119968
40.725	20.75	0.999999957517783	0.800000093989796	6.37387070533778e-09	47.6823420349302	0.999999966014226
40.875	20.75	1.00000079734943	0.800000077176134	6.35852975794428e-09	47.5623419987561	1.00000063787954
41.025	20.75	1.00000212196185	0.799999904639273	6.34380303425888e-09	47.4423418586863	1.00000169756948
41.175	20.75	1.00000285290255	0.799999530488911	6.3297157918682e-09	47.3223416199477	1.00000228232204
41.325	20.75	1.00000065163098	0.799999128216854	6.31626982512998e-09	47.2023414517826	1.00000052130479
41.475	20.75	0.999993003858006	0.799999255753625	6.30349067963111e-09	47.0823417563696	0.999994403086405
41.625	20.75	0.99998070663774	0.800000756340501	6.29135144660349e-09	46.9623430183145	0.999984565310192
41.775	20.75	0.999973138463949	0.800004040947527	6.27983675175518e-09	46.8423452337965	0.999978510771159
41.925	20.75	0.999990827520658	0.800007657845199	6.26879650196572e-09	46.7223469634713	0.999992662016526
42.075	20.75	1.00005637953635	0.800006936447749	6.25817423796558e-09	46.6023446975758	1.00004510362908
42.225	20.75	1.0001652888616	0.799994824304544	6.24795621167948e-09	46.4823340575721	1.00013223108928
42.375	20.75	1.00024184955343	0.799967674358327	6.23852332478813e-09	46.3623145150283	1.00019347964274
42.525	20.75	1.00011633628537	0.799936550617497	6.23071041608846e-09	46.2422973220267	1.00009306902829
42.675	20.75	0.999594226904974	0.79993786079737	6.22551850498678e-09	46.1223112150478	0.99967538152398
42.825	20.75	0.998683926301225	0.800027372571893	6.22290020057286e-09	46.0023938661702	0.99894714104098
42.975	20.75	0.997944673219571	0.800237006936274	6.22007921177692e-09	45.8825556980723	0.998355738575657
43.125	20.75	0.998684258971818	0.80049000555641	6.21054748849384e-09	45.7627175037416	0.998947407177454
43.275	20.75	1.00248296175231	0.800522975213664	6.18653267600494e-09	45.6426614734157	1.00198636940184
43.425	20.75	1.00955927623612	0.79993482562498	6.14714254223477e-09	45.5220835708745	1.0076474209889
43.575	20.75	1.0162338073783	0.798479881642264	6.11061076566427e-09	45.4008457942156	1.01298704590264
43.725	20.75	1.01328677100234	0.796573391848111	6.12126406932741e-09	45.2794286379192	1.01062941680187
43.875	20.75	0.988680897761596	0.795833250627294	6.23991396484098e-09	45.1593336434826	0.990944718209277
44.025	20.75	0.938367896652915	0.799351007295738	6.50208398391012e-09	45.0428406110339	0.950694317322332
44.175	20.75	0.884673133478659	0.810192428688649	6.80886239804532e-09	44.931352105428	0.907738506782927
44.325	20.75	0.889127901594259	0.824441952862602	6.78206496766224e-09	44.8222077514065	0.911302321275407
44.475	20.75	1.03257195131055	0.826489829075929	6.02325328597974e-09	44.7059573458079	1.02605756104844
44.625	20.75	1.3492443417869	0.808622133001683	4.82967355837045e-09	44.5677999099305	1.27939547342952
44.775	20.75	1.76408811795647	0.709537047525424	3.83385480802417e-09	44.3955930968047	1.61127049436517
44.925	20.75	2.11154506605322	0.834636814183788	3.26911305547262e-09	44.2248230771295	1.88923605284257
0.075	21.25	3.4747359366201e-16	0.39999999877237	-1.01524281448066e-07	65.3895332741186	0.2
0.225	21.25	1.09796499291123e-15	0.799999996318301	-1.01452862960584e-07	65.3655332741923	0.200000000000001
0.375	21.25	2.54818933014341e-15	0.799999993868157	-1.01310332874119e-07	65.3415332743395	0.200000000000002
0.525	21.25	4.61626586675225e-15	0.799999991424103	-1.01096874304982e-07	65.3175332745602	0.200000000000004
0.675	21.25	7.14881710280079e-15	0.799999988988768	-1.00812866664915e-07	65.2935332748541	0.200000000000006
0.825	21.25	9.93588439252932e-15	0.799999986564857	-1.00458379838647e-07	65.2695332752209	0.200000000000008
0.975	21.25	1.27379706096972e-14	0.799999984154536	-1.00034334945683e-07	65.2455332756602	0.20000000000001
1.125	21.25	1.52997075798297e-14	0.799999981760477	-9.95410640878428e-08	65.2215332761716	0.200000000000012
1.275	21.25	1.73403390707569e-14	0.799999979384668	-9.89795731481299e-08	65.1975332767545	0.200000000000014
1.425	21.25	1.85241248074865e-14	0.799999977029692	-9.8350589217367e-08	65.1735332774085	0.200000000000015
1.575	21.25	1.8421504870674e-14	0.799999974698104	-9.7654992181978e-08	65.1495332781328	0.200000000000015
1.725	21.25	1.64738680774446e-14	0.799999972391716	-9.68939081072365e-08	65.1255332789266	0.200000000000013
1.875	21.25	1.19727210552192e-14	0.799999970112901	-9.60682752347564e-08	65.1015332797893	0.20000000000001
2.025	21.25	4.06047035128555e-15	0.799999967864248	-9.51794258407448e-08	65.0775332807198	0.200000000000003
2.175	21.25	-8.24292179811985e-15	0.799999965646986	-9.42286968408315e-08	65.0535332817174	0.199999999999993
2.325	21.25	-2.5984512874058e-14	0.799999963463471	-9.32174135122685e-08	65.029533282781	0.199999999999979
2.475	21.25	-5.01910972757592e-14	0.799999961316048	-9.21469905134393e-08	65.0055332839096	0.19999999999996
2.625	21.25	-8.17460289672096e-14	0.799999959206342	-9.10188511517773e-08	64.981533285102	0.199999999999935
2.775	21.25	-1.21225252044269e-13	0.799999957136039	-8.98347143163216e-08	64.9575332863572	0.199999999999903
2.925	21.25	-1.68687705001105e-13	0.799999955107138	-8.85962292102107e-08	64.9335332876739	0.199999999999865
3.075	21.25	-2.23416663195755e-13	0.799999953120911	-8.73051271474716e-08	64.9095332890508	0.199999999999821
3.225	21.25	-2.83611688057649e-13	0.799999951179113	-8.59630369629514e-08	64.8855332904867	0.199999999999773
3.375	21.25	-3.46035706844271e-13	0.799999949283341	-8.45721958559884e-08	64.8615332919801	0.199999999999723
3.525	21.25	-4.05628561348286e-13	0.799999947434933	-8.31337365022243e-08	64.8375332935298	0.199999999999676
3.675	21.25	-4.55107100102463e-13	0.799999945635041	-8.16502797657384e-08	64.8135332951341	0.199999999999636
3.825	21.25	-4.84582712435625e-13	0.799999943884943	-8.01234249650331e-08	64.7895332967917	0.199999999999612
3.975	21.25	-4.81239930026377e-13	0.799999942186295	-7.85553790612225e-08	64.7655332985011	0.199999999999615
4.125	21.25	-4.29134275927796e-13	0.799999940539441	-7.69480171137414e-08	64.7415333002607	0.199999999999657
4.275	21.25	-3.09183314308741e-13	0.799999938945402	-7.53032427261514e-08	64.7175333020688	0.199999999999753
4.425	21.25	-9.9441221169162e-14	0.799999937405262	-7.36233379108689e-08	64.693533303924	0.19999999999992
4.575	21.25	2.24237177253501e-13	0.799999935919868	-7.19103653965624e-08	64.6695333058245	0.200000000000179
4.725	21.25	6.87023520869797e-13	0.799999934489441	-7.01661776696885e-08	64.6455333077688	0.20000000000055
4.875	21.25	1.31330587651149e-12	0.799999933115392	-6.83932455472876e-08	64.621533309755	0.200000000001051
5.025	21.25	2.12411126689471e-12	0.799999931797364	-6.65933338771912e-08	64.5975333117816	0.200000000001699
5.175	21.25	3.13363885748819e-12	0.799999930536312	-6.47687217753539e-08	64.5735333138468	0.200000000002507
5.325	21.25	4.34480404100542e-12	0.799999929332169	-6.29214143432629e-08	64.5495333159488	0.200000000003476
5.475	21.25	5.74373381397976e-12	0.799999928185407	-6.10535313534529e-08	64.525533318086	0.200000000004595
5.625	21.25	7.29321600522389e-12	0.799999927096007	-5.91671458044195e-08	64.5015333202566	0.200000000005835
5.775	21.25	8.92519345725708e-12	0.799999926064074	-5.72640944242359e-08	64.4775333224588	0.20000000000714
5.925	21.25	1.05325126991872e-11	0.799999925090282	-5.53467583742043e-08	64.453533324691	0.200000000008426
6.075	21.25	1.19602880758236e-11	0.799999924173089	-5.34168848841048e-08	64.4295333269514	0.200000000009568
6.225	21.25	1.29974279287432e-11	0.799999923313343	-5.14764911759107e-08	64.4055333292383	0.200000000010398
6.375	21.25	1.33690888405997e-11	0.7999999225104	-4.95274992978541e-08	64.3815333315501	0.200000000010695
6.525	21.25	1.27310734325318e-11	0.799999921764673	-4.75719634021953e-08	64.3575333338851	0.200000000010185
6.675	21.25	1.06674598265963e-11	0.799999921075052	-4.56113858682965e-08	64.3335333362418	0.200000000008534
6.825	21.25	6.69303476785622e-12	0.799999920440987	-4.36480424369693e-08	64.3095333386186	0.200000000005354
6.975	21.25	2.62380792448912e-13	0.799999919862326	-4.16834023618415e-08	64.2855333410141	0.20000000000021
7.125	21.25	-9.21228251701147e-12	0.799999919338921	-3.97193187144844e-08	64.2615333434268	0.19999999999263
7.275	21.25	-2.23322116441809e-11	0.799999918868959	-3.77575402068655e-08	64.2375333458555	0.199999999982134
7.425	21.25	-3.9669818408015e-11	0.799999918453092	-3.57994687855605e-08	64.2135333482989	0.199999999968264
7.575	21.25	-6.17105683941725e-11	0.79999991808992	-3.38470650654308e-08	64.1895333507559	0.199999999950632
7.725	21.25	-8.87769801225654e-11	0.799999917779042	-3.190142110336e-08	64.1655333532254	0.199999999928978
7.875	21.25	-1.20933076422817e-10	0.799999917519265	-2.99646313679586e-08	64.1415333557062	0.199999999903254
8.025	21.25	-1.57868407607682e-10	0.799999917310745	-2.80374851624973e-08	64.1175333581974	0.199999999873705
8.175	21.25	-1.98761888891026e-10	0.799999917151397	-2.61217888143106e-08	64.0935333606979	0.19999999984099
8.325	21.25	-2.42127224408125e-10	0.799999917041933	-2.42187027086387e-08	64.0695333632065	0.199999999806298
8.475	21.25	-2.85643670414408e-10	0.799999916980003	-2.23295610977457e-08	64.0455333657219	0.199999999771485
8.625	21.25	-3.2597834856646e-10	0.7999999169656	-2.04555935440652e-08	64.0215333682426	0.199999999739217
8.775	21.25	-3.58609262743763e-10	0.799999916997917	-1.85979187925898e-08	63.9975333707665	0.199999999713113
8.925	21.25	-3.7766157528532e-10	0.79999991707557	-1.67576256177657e-08	63.9735333732915	0.199999999697871
9.075	21.25	-3.75773499196413e-10	0.799999917197822	-1.49357770051921e-08	63.9495333758145	0.199999999699381
9.225	21.25	-3.44012252673081e-10	0.799999917363029	-1.3133445624153e-08	63.9255333783318	0.19999999972479
9.375	21.25	-2.71864738947559e-10	0.799999917570894	-1.13513763297735e-08	63.9015333808388	0.199999999782508
9.525	21.25	-1.47331732598457e-10	0.799999917819429	-9.59070350549221e-09	63.8775333833298	0.199999999882135
9.675	21.25	4.28419170738724e-11	0.799999918107373	-7.85202137670244e-09	63.8535333857979	0.200000000034274
9.825	21.25	3.12765576129626e-10	0.799999918432898	-6.13623951662635e-09	63.8295333882351	0.200000000250212
9.975	21.25	6.76792319700688e-10	0.799999918794583	-4.44405719953441e-09	63.8055333906319	0.200000000541434
10.125	21.25	1.1486622119688e-09	0.799999919189969	-2.77601603254669e-09	63.7815333929775	0.20000000091893
10.275	21.25	1.74036404415439e-09	0.799999919616936	-1.13280027427652e-09	63.7575333952599	0.200000001392291
10.425	21.25	2.46068509139917e-09	0.799999920072724	4.84871114867028e-10	63.7335333974663	0.200000001968548
10.575	21.25	3.31342673029908e-09	0.799999920554523	2.07677026843889e-09	63.7095333995831	0.200000002650741
10.725	21.25	4.29527600868169e-09	0.799999921059492	3.64207921683402e-09	63.6855334015969	0.200000003436221
10.875	21.25	5.39333999347844e-09	0.799999921583582	5.18080835351737e-09	63.6615334034949	0.200000004314672
11.025	21.25	6.58237135929291e-09	0.799999922123756	6.69238683184543e-09	63.6375334052663	0.200000005265897
11.175	21.25	7.82174047852414e-09	0.799999922676425	8.17640740113657e-09	63.6135334069036	0.200000006257392
11.325	21.25	9.05224128947987e-09	0.799999923237613	9.6325753054999e-09	63.589533408404	0.200000007241793
11.475	21.25	1.01928552348697e-08	0.799999923803596	1.10610049147948e-08	63.5655334097713	0.200000008154284
11.625	21.25	1.11376390473242e-08	0.799999924371204	1.24610700337367e-08	63.5415334110187	0.200000008910111
11.775	21.25	1.17529471991984e-08	0.799999924937847	1.38328681392214e-08	63.5175334121706	0.200000009402358
11.925	21.25	1.1875247116079e-08	0.79999992550099	1.51761467640487e-08	63.4935334132659	0.200000009500198
12.075	21.25	1.13098330189956e-08	0.799999926059775	1.64909089591735e-08	63.4695334143605	0.200000009047866
12.225	21.25	9.83079033001738e-09	0.799999926614742	1.77771531390443e-08	63.4455334155308	0.200000007864632
12.375	21.25	7.18260435916482e-09	0.799999927167041	1.90347930586323e-08	63.4215334168761	0.200000005746084
12.525	21.25	3.08384158626124e-09	0.799999927721625	2.02638807126102e-08	63.3975334185217	0.200000002467073
12.675	21.25	-2.76664385915445e-09	0.799999928284106	2.14643381710694e-08	63.3735334206207	0.199999997786685
12.825	21.25	-1.06805150503118e-08	0.799999928863974	2.26363962100064e-08	63.3495334233559	0.199999991455588
12.975	21.25	-2.09673104348047e-08	0.799999929473588	2.37801378132689e-08	63.3255334269396	0.199999983226152
13.125	21.25	-3.39179213881913e-08	0.799999930128545	2.48957679594558e-08	63.3015334316132	0.199999972865663
13.275	21.25	-4.9783799216351e-08	0.79999993084836	2.59832279710132e-08	63.2775334376441	0.199999960172961
13.425	21.25	-6.87515653130827e-08	0.799999931656272	2.70428587445753e-08	63.2535334453208	0.199999944998748
13.575	21.25	-9.09127789362393e-08	0.799999932579699	2.8074919476431e-08	63.229533454945	0.199999927269777
13.725	21.25	-1.16228709272328e-07	0.799999933649992	2.90795496679459e-08	63.2055334668212	0.199999907017033
13.875	21.25	-1.44490052319808e-07	0.799999934902801	3.00569863340487e-08	63.1815334812419	0.199999884407958
14.025	21.25	-1.75271613330187e-07	0.799999936377442	3.10074683743059e-08	63.1575334984692	0.199999859782709
14.175	21.25	-2.07882019750095e-07	0.799999938117174	3.19313997345226e-08	63.1335335187114	0.199999833694384
14.325	21.25	-2.41308506288049e-07	0.799999940169844	3.28289499480325e-08	63.1095335420955	0.199999806953195
14.475	21.25	-2.74156679701408e-07	0.799999942587311	3.37005944141535e-08	63.0855335686325	0.199999780674656
14.625	21.25	-3.04584867901769e-07	0.799999945426173	3.4546422308656e-08	63.0615335981783	0.199999756332106
14.775	21.25	-3.30232108406143e-07	0.79999994875007	3.53668064506499e-08	63.0375336303872	0.199999735814313
14.925	21.25	-3.48137932272064e-07	0.799999952632185	3.61624049701944e-08	63.0135336646579	0.199999721489654
15.075	21.25	-3.54650716021887e-07	0.799999957157687	3.69332330949822e-08	62.9895337000717	0.199999716279427
15.225	21.25	-3.45319327435491e-07	0.799999962433609	3.76797155994876e-08	62.9655337353213	0.199999723744538
15.375	21.25	-3.14759847003228e-07	0.799999968595176	3.84023121314518e-08	62.941533768627	0.199999748192122
15.525	21.25	-2.56484996606463e-07	0.799999975822876	3.91014316119581e-08	62.9175337976395	0.199999794812003
15.675	21.25	-1.62678143411564e-07	0.799999984362658	3.97773201873771e-08	62.8935338193228	0.199999869857485
15.825	21.25	-2.38858306283765e-08	0.799999994553803	4.04303428344739e-08	62.869533829812	0.199999980891336
15.975	21.25	1.7140800089899e-07	0.80000000687303	4.10611616769558e-08	62.8455338242356	0.200000137126401
16.125	21.25	4.37377558462158e-07	0.800000021988797	4.16698398924335e-08	62.8215337964892	0.200000349902047
16.275	21.25	7.9169172111462e-07	0.800000040841046	4.22570011327105e-08	62.7975337389398	0.200000633353377
16.425	21.25	1.2566893751166e-06	0.800000064747364	4.2822890351482e-08	62.773533642034	0.2000010053515
16.575	21.25	1.86102721434327e-06	0.80000009554909	4.33680588503419e-08	62.7495334937706	0.200001488821771
16.725	21.25	2.64198175224769e-06	0.800000135807768	4.38927682372736e-08	62.7255332789837	0.200002113585402
16.875	21.25	3.64865172556773e-06	0.800000189070737	4.43974199165507e-08	62.7015329783615	0.20000291892138
17.025	21.25	4.94639327082902e-06	0.800000260230075	4.48824309813147e-08	62.6775325670982	0.200003957114617
17.175	21.25	6.62293565154582e-06	0.80000035600361	4.53482169873252e-08	62.6535320130399	0.200005298348521
17.325	21.25	8.79678036337439e-06	0.800000485585975	4.57951840523078e-08	62.6295312741338	0.200007037424291
17.475	21.25	1.16286960058662e-05	0.800000661523924	4.622346800759e-08	62.6055302949219	0.200009302956805
17.625	21.25	1.53374059972377e-05	0.800000900904672	4.66335825348722e-08	62.5815290017308	0.200012269924798
17.775	21.25	2.02209529933724e-05	0.800001226956114	4.70259063604848e-08	62.5575272960824	0.200016176762395
17.925	21.25	2.66857453659566e-05	0.800001671204906	4.74006525316578e-08	62.5335250456845	0.200021348596293
18.075	21.25	3.52859843928948e-05	0.800002276355151	4.77578418088697e-08	62.5095220721363	0.200028228787514
18.225	21.25	4.67770798846249e-05	0.800003100116194	4.80981317136704e-08	62.485518134175	0.200037421663908
18.375	21.25	6.21878510756097e-05	0.800004220290324	4.84213885478181e-08	62.4615129048951	0.20004975028086
18.525	21.25	8.29178950565703e-05	0.800005741599778	4.87277976775993e-08	62.4375059408271	0.200066334316045
18.675	21.25	0.000110868702376213	0.80000780501611	4.90171635554261e-08	62.413496640049	0.200088694961901
18.825	21.25	0.000148620259781575	0.800010600700191	4.92894428476963e-08	62.3894841855276	0.200118896207825
18.975	21.25	0.000199669460352522	0.800014385970666	4.95442918086364e-08	62.365467468539	0.200159735568282
19.125	21.25	0.000268753049964098	0.800019509755476	4.97808168342143e-08	62.3414449851436	0.200215002439971
19.275	21.25	0.000362286164742229	0.800026444556763	4.99982582857808e-08	62.3174146961097	0.200289828931794
19.425	21.25	0.000488957313485782	0.800035826253074	5.01949679257003e-08	62.2933738372273	0.200391165850789
19.575	21.25	0.000660531199675821	0.800048501994515	5.03690569673679e-08	62.2693186625261	0.200528424959741
19.725	21.25	0.000892922221442413	0.800065588716568	5.05171428371825e-08	62.2452440974284	0.200714337777154
19.875	21.25	0.00120761714099367	0.800088551235884	5.06355844351184e-08	62.2211432720809	0.200966093712795
20.025	21.25	0.00163355413847849	0.800119319319871	5.07185705894231e-08	62.1970068961985	0.201306843310783
20.175	21.25	0.00220962181677558	0.800160472551803	5.07586121660526e-08	62.1728224237476	0.20176769745342
20.325	21.25	0.00298804039743245	0.800215518562255	5.07458550053814e-08	62.1485729353565	0.202390432317946
20.475	21.25	0.00403902969677879	0.800289257962985	5.06669045524132e-08	62.1242356343228	0.203231223757423
20.625	21.25	0.00545732377858603	0.800388155966031	5.05042878991786e-08	62.0997798057798	0.204365859022869
20.775	21.25	0.00737118411695465	0.800520532512488	5.02353011420923e-08	62.0751640304091	0.205896947293564
20.925	21.25	0.00995447762204028	0.800696276522937	4.98309489621032e-08	62.0503323856127	0.207963582097632
21.075	21.25	0.0134420122359824	0.800925749377455	4.92544529497885e-08	62.0252093306577	0.210753609788786
21.225	21.25	0.0181476178838008	0.801217630908983	4.84621428730743e-08	61.9996929877565	0.214518094307041
21.375	21.25	0.0244834938782389	0.80157569758312	4.74044791654088e-08	61.9736466268654	0.219586795102591
21.525	21.25	0.0329782633774033	0.801994861459731	4.60321057420107e-08	61.9468883562172	0.226382610701923
21.675	21.25	0.04429007270808	0.802457164296851	4.43038018599458e-08	61.9191793197133	0.235432058166464
21.825	21.25	0.0592098324810197	0.802928776831846	4.2198438554405e-08	61.8902111136829	0.247367865984816
21.975	21.25	0.0786480172876553	0.803359390628995	3.97272552621665e-08	61.8595936862945	0.262918413830124
22.125	21.25	0.103596191388032	0.80368557422372	3.69425680456121e-08	61.826845720667	0.282876953110425
22.275	21.25	0.135052303802592	0.803839319820346	3.39376803006914e-08	61.791390448346	0.308041843042074
22.425	21.25	0.173898994737223	0.80376173634368	3.08366281356699e-08	61.7525608769909	0.339119195789778
22.575	21.25	0.220730586222329	0.80341968831384	2.77746555549784e-08	61.7096191382553	0.376584468977863
22.725	21.25	0.275641528191459	0.802820785499622	2.48767113204112e-08	61.6617942639839	0.420513222553167
22.875	21.25	0.338017857793347	0.802020573917538	2.22393604900972e-08	61.6083401115624	0.470414286234678
23.025	21.25	0.406404724888056	0.801116447016854	1.9922046553617e-08	61.5486096832364	0.525123779910445
23.175	21.25	0.478534573734336	0.800226925318616	1.79473456306115e-08	61.4821345225206	0.582827658987469
23.325	21.25	0.551566088109766	0.799461968029372	1.6307718827628e-08	61.4086913675737	0.641252870487812
23.475	21.25	0.622501309159793	0.798895926904453	1.49750145346109e-08	61.3283373379672	0.698001047327834
23.625	21.25	0.688659258932899	0.798554407249484	1.39100478042638e-08	61.2414023094681	0.750927407146319
23.775	21.25	0.748051811068532	0.798418741022535	1.30699546775716e-08	61.1484404208169	0.798441448854825
23.925	21.25	0.799557781844	0.798442566263358	1.24133335125313e-08	61.0501551245557	0.8396462254752
24.075	21.25	0.842886470926893	0.798570847172699	1.19031105291345e-08	60.9473176347103	0.874309176741514
24.225	21.25	0.878398156436034	0.798753958931446	1.15076950874417e-08	60.8406957785673	0.902718525148827
24.375	21.25	0.906872100721031	0.798954489849917	1.12010197718375e-08	60.7310026359813	0.925497680576825
24.525	21.25	0.929292198358426	0.799148193388951	1.09622471269592e-08	60.6188666203945	0.943433758686741
24.675	21.25	0.946685094216325	0.799321769861723	1.0774924512296e-08	60.5048196208303	0.95734807537306
24.825	21.25	0.960016774733213	0.799469689425605	1.06261657084447e-08	60.3892978730002	0.96801341978657
24.975	21.25	0.97013807313863	0.799591290231935	1.05061910303067e-08	60.2726504044073	0.976110458510904
25.125	21.25	0.977764769273227	0.799688594450699	1.040744712635e-08	60.1551510467214	0.982211815418582
25.275	21.25	0.983479107310603	0.799764849460372	1.03242673681236e-08	60.0370113285698	0.986783285848482
25.425	21.25	0.987742791134964	0.799823638294531	1.02523733819971e-08	59.9183926709044	0.990194232907971
25.575	21.25	0.99091481788435	0.799868384332343	1.01885862102326e-08	59.799417102375	0.99273185430748
25.725	21.25	0.993270126801769	0.799902109346976	1.01306189664803e-08	59.6801762235903	0.994616101441415
25.875	21.25	0.995016874811679	0.799927345846624	1.00766785319606e-08	59.560738447115	0.996013499849343
26.025	21.25	0.996311339965961	0.799946138212216	1.00255429134445e-08	59.4411546929817	0.997049071972769
26.175	21.25	0.997270176126359	0.799960090447501	9.97631211639546e-09	59.3214627806952	0.997816140901088
26.325	21.25	0.997980145944199	0.79997043386269	9.92827584747116e-09	59.2016907658842	0.998384116755359
26.475	21.25	0.998505654706395	0.799978098414358	9.88100888477509e-09	59.0818594481825	0.998804523765116
26.625	21.25	0.998894473357284	0.799983778554544	9.83416900306797e-09	58.9619842428014	0.999115578685827
26.775	21.25	0.999182029807803	0.79998798929511	9.78751670573264e-09	58.8420765714275	0.999345623846242
26.925	21.25	0.999394600869657	0.799991111343217	9.74087603557847e-09	58.7221448939319	0.999515680695726
27.075	21.25	0.999551676930748	0.799993425997553	9.69412491199105e-09	58.6021954733661	0.999641341544599
27.225	21.25	0.999667711987267	0.799995141369687	9.64723839101332e-09	58.4822329434546	0.999734169589814
27.375	21.25	0.999753419908519	0.799996411731778	9.60014656641387e-09	58.3622607298662	0.999802735926815
27.525	21.25	0.999816736207146	0.799997351661289	9.55283074763257e-09	58.2422813631003	0.999853388965717
27.675	21.25	0.99986353281643	0.799998046364527	9.50530299960575e-09	58.1222967108995	0.999890826253144
27.825	21.25	0.999898149900151	0.799998559237569	9.4575224071665e-09	58.0023081508262	0.999918519920121
27.975	21.25	0.999923791678152	0.799998937437663	9.40954646706465e-09	57.8823166983122	0.999939033342522
28.125	21.25	0.999942820940893	0.799999216015568	9.36136434014503e-09	57.7623231015732	0.999954256752714
28.275	21.25	0.999956977996926	0.799999420994946	9.31300888822216e-09	57.6423279118761	0.999965582397541
28.425	21.25	0.999967543255844	0.799999571674177	9.26449507382311e-09	57.5223315354933	0.999974034604675
28.575	21.25	0.999975457806029	0.799999682346449	9.21587319845914e-09	57.4023342720654	0.999980366244824
28.725	21.25	0.999981412728942	0.799999763586191	9.16712956253707e-09	57.2823363428888	0.999985130183154
28.875	21.25	0.999985915176906	0.799999823206824	9.11832188227554e-09	57.1623379117445	0.999988732141525
29.025	21.25	0.999989337201666	0.799999866974653	9.06945428392099e-09	57.0423391002122	0.999991469761333
29.175	21.25	0.999991951790864	0.799999899139271	9.02056124484734e-09	56.9223399989091	0.999993561432691
29.325	21.25	0.999993959424984	0.799999922826666	8.97167798204856e-09	56.8023406757263	0.999995167539987
29.475	21.25	0.999995507614456	0.799999940331884	8.92281386651807e-09	56.6823411818514	0.999996406091564
29.625	21.25	0.999996705242207	0.799999953335293	8.8740073649341e-09	56.5623415561647	0.999997364193766
29.775	21.25	0.999997633065898	0.799999963063711	8.82526394347229e-09	56.4423418284442	0.999998106452719
29.925	21.25	0.999998351385319	0.799999970409759	8.77660447228539e-09	56.3223420216969	0.999998681108255
30.075	21.25	0.999998905620687	0.79999997602034	8.72806877787627e-09	56.2023421538553	0.99999912449655
30.225	21.25	0.999999330355738	0.79999998036245	8.67967907594853e-09	56.0823422390116	0.99999946428459
30.375	21.25	0.999999652256001	0.799999983771668	8.63144600591854e-09	55.9623422883183	0.999999721804801
30.525	21.25	0.999999892166621	0.799999986488516	8.58338379185185e-09	55.842342310647	0.999999913733297
30.675	21.25	1.00000006661444	0.799999988684461	8.53551929509401e-09	55.7223423130757	1.00000005329155
30.825	21.25	1.00000018888044	0.799999990481995	8.48787674259624e-09	55.6023423012517	1.00000015110435
30.975	21.25	1.00000026976429	0.799999991968375	8.44045783112856e-09	55.4823422796661	1.00000021581143
31.125	21.25	1.00000031813023	0.799999993206401	8.39329010319789e-09	55.3623422518664	1.00000025450418
31.275	21.25	1.00000034129913	0.799999994241657	8.34637734981353e-09	55.2423422206232	1.0000002730393
31.425	21.25	1.00000034533335	0.799999995108001	8.2997465830839e-09	55.1223421880645	1.00000027626668
31.575	21.25	1.00000033524795	0.79999999583114	8.25342221304341e-09	55.0023421557868	1.00000026819836
31.725	21.25	1.00000031517154	0.799999996431531	8.20741265514474e-09	54.8823421249475	1.00000025213723
31.875	21.25	1.00000028847336	0.799999996925752	8.16169971251237e-09	54.7623420963444	1.00000023077869
32.025	21.25	1.00000025786736	0.799999997328041	8.11634699315787e-09	54.6423420704829	1.00000020629389
32.175	21.25	1.00000022550095	0.799999997650919	8.0713465690886e-09	54.5223420476354	1.00000018040076
32.325	21.25	1.00000019303281	0.799999997905597	8.02669349468173e-09	54.4023420278914	1.00000015442625
32.475	21.25	1.00000016170282	0.799999998102207	7.98240866336329e-09	54.2823420112014	1.00000012936226
32.625	21.25	1.00000013239565	0.799999998250069	7.93852369335988e-09	54.1623419974138	1.00000010591652
32.775	21.25	1.00000010569876	0.799999998357798	7.89504160208112e-09	54.0423419863064	1.00000008455901
32.925	21.25	1.00000008195547	0.799999998432947	7.85194480879036e-09	53.9223419776123	1.00000006556437
33.075	21.25	1.00000006131278	0.799999998482427	7.80926874610317e-09	53.8023419710411	1.00000004905022
33.225	21.25	1.00000004376433	0.799999998512411	7.76702034544835e-09	53.6823419662955	1.00000003501146
33.375	21.25	1.00000002918821	0.799999998528077	7.72519993595153e-09	53.5623419630846	1.00000002335057
33.525	21.25	1.00000001737987	0.799999998533954	7.68382043027275e-09	53.442341961133	1.0000000139039
33.675	21.25	1.00000000808	0.799999998533813	7.64291047968413e-09	53.3223419601875	1.000000006464
33.825	21.25	1.00000000099789	0.799999998530606	7.60243758042862e-09	53.2023419600215	1.00000000079831
33.975	21.25	0.999999995830272	0.799999998526875	7.56244365752871e-09	53.0823419604367	0.999999996664218
34.125	21.25	0.999999992276126	0.799999998524251	7.52291800967084e-09	52.962341961264	0.999999993820901
34.275	21.25	0.999999990047863	0.799999998524208	7.48387765261338e-09	52.8423419623624	0.99999999203829
34.425	21.25	0.999999988879238	0.799999998527414	7.44532203508672e-09	52.7223419636176	0.99999999110339
34.575	21.25	0.999999988530607	0.799999998534493	7.40726724969795e-09	52.6023419649394	0.999999990824486
34.725	21.25	0.999999988791717	0.799999998545581	7.36969192258788e-09	52.4823419662593	0.999999991033374
34.875	21.25	0.999999989482781	0.799999998560561	7.33262856259264e-09	52.3623419675277	0.999999991586225
35.025	21.25	0.999999990453979	0.799999998579278	7.29607637546289e-09	52.2423419687105	0.999999992363183
35.175	21.25	0.999999991583923	0.799999998601352	7.2600379084693e-09	52.1223419697867	0.999999993267139
35.325	21.25	0.999999992777293	0.799999998626347	7.22451744458593e-09	52.002341970746	0.999999994221834
35.475	21.25	0.999999993962056	0.799999998653812	7.18952613483651e-09	51.8823419715856	0.999999995169645
35.625	21.25	0.999999995086345	0.799999998683203	7.155065063637e-09	51.7623419723091	0.999999996069076
35.775	21.25	0.999999996115342	0.799999998714145	7.12113316231971e-09	51.642341972924	0.999999996892274
35.925	21.25	0.999999997028264	0.799999998746082	7.0877326931162e-09	51.5223419734407	0.999999997622611
36.075	21.25	0.999999997815446	0.799999998778728	7.05488503968064e-09	51.4023419738708	0.999999998252356
36.225	21.25	0.999999998475742	0.799999998811599	7.02257079846199e-09	51.2823419742265	0.999999998780593
36.375	21.25	0.999999999014284	0.799999998844558	6.99081422259611e-09	51.16234197452	0.999999999211427
36.525	21.25	0.999999999440458	0.799999998877282	6.95960529627517e-09	51.0423419747624	0.999999999552367
36.675	21.25	0.999999999766328	0.799999998909521	6.92895183216156e-09	50.9223419749642	0.999999999813063
36.825	21.25	1.00000000000534	0.799999998941223	6.89885143344077e-09	50.8023419751344	1.00000000000428
36.975	21.25	1.00000000017135	0.799999998972269	6.86929751900326e-09	50.6823419752808	1.00000000013708
37.125	21.25	1.00000000027791	0.799999999002578	6.84032378623159e-09	50.5623419754098	1.00000000022233
37.275	21.25	1.0000000003377	0.799999999032046	6.81190978614408e-09	50.4423419755267	1.00000000027016
37.425	21.25	1.00000000036183	0.799999999060531	6.78405698290969e-09	50.3223419756354	1.00000000028946
37.575	21.25	1.00000000035914	0.799999999088119	6.75678107868114e-09	50.202341975739	1.00000000028731
37.725	21.25	1.00000000033567	0.799999999114801	6.73007060968257e-09	50.08234197584	1.00000000026854
37.875	21.25	1.00000000029553	0.799999999141186	6.70393370865466e-09	49.9623419759401	1.00000000023642
38.025	21.25	1.00000000024454	0.799999999168434	6.67837809324459e-09	49.8423419760409	1.00000000019563
38.175	21.25	1.00000000019658	0.79999999919711	6.65338884788503e-09	49.7223419761427	1.00000000015726
38.325	21.25	1.00000000017806	0.799999999225779	6.62896627979129e-09	49.602341976244	1.00000000014245
38.475	21.25	1.00000000021822	0.799999999248301	6.60513477053977e-09	49.4823419763407	1.00000000017458
38.625	21.25	1.0000000003104	0.799999999253955	6.58188177894181e-09	49.3623419764276	1.00000000024832
38.775	21.25	1.00000000034603	0.799999999236413	6.55921892132506e-09	49.2423419765049	1.00000000027682
38.925	21.25	1.00000000007388	0.799999999213486	6.53713440122106e-09	49.1223419765903	1.00000000005911
39.075	21.25	0.999999999212051	0.799999999251431	6.51562962685402e-09	49.0023419767267	0.999999999369641
39.225	21.25	0.999999997861605	0.799999999459149	6.49470622898697e-09	48.8823419769661	0.999999998289284
39.375	21.25	0.999999997187169	0.79999999989796	6.47437559787384e-09	48.7623419772995	0.999999997749735
39.525	21.25	0.99999999980028	0.800000000374402	6.45462751418677e-09	48.6423419775368	0.999999999840224
39.675	21.25	1.00000000854991	0.80000000020982	6.43546803354093e-09	48.5223419772256	1.00000000683993
39.825	21.25	1.00000002228112	0.799999998321647	6.41689218387349e-09	48.4023419758323	1.0000000178249
39.975	21.25	1.00000002906866	0.79999999414624	6.39891154593334e-09	48.2823419734511	1.00000002325493
40.125	21.25	1.00000000269437	0.799999989668397	6.38152492433062e-09	48.1623419720072	1.0000000021555
40.275	21.25	0.999999915051614	0.799999991564809	6.36473735347492e-09	48.0423419760333	0.999999932041291
40.425	21.25	0.99999977787522	0.800000010220979	6.34850840520424e-09	47.9223419908478	0.999999822300176
40.575	21.25	0.999999707649962	0.800000050741861	6.33289275756289e-09	47.8023420156149	0.99999976611997
40.725	21.25	0.999999957517789	0.800000093939185	6.31787006557333e-09	47.6823420317565	0.999999966014231
40.875	21.25	1.00000079734944	0.800000077127518	6.30342702062169e-09	47.5623419955898	1.00000063787955
41.025	21.25	1.00000212196185	0.799999904592706	6.28957618866779e-09	47.4423418555271	1.00000169756948
41.175	21.25	1.00000285290255	0.799999530444378	6.2763354431311e-09	47.3223416167953	1.00000228232204
41.325	21.25	1.00000065163098	0.799999128174407	6.263689718035e-09	47.2023414486368	1.00000052130478
41.475	21.25	0.999993003858004	0.799999255713127	6.25166377172399e-09	47.08234175323	0.999994403086403
41.625	21.25	0.999980706637744	0.800000756302088	6.24025769116678e-09	46.9623430151809	0.999984565310195
41.775	21.25	0.999973138463959	0.800004040911151	6.22941382775752e-09	46.8423452306684	0.999978510771167
41.925	21.25	0.999990827520665	0.80000765781087	6.21906532222981e-09	46.7223469603485	0.999992662016532
42.075	21.25	1.00005637953636	0.800006936415443	6.20905125055081e-09	46.602344694458	1.00004510362909
42.225	21.25	1.0001652888616	0.799994824274315	6.19943392430213e-09	46.482334054459	1.00013223108928
42.375	21.25	1.00024184955339	0.799967674330112	6.19055313282961e-09	46.3623145119196	1.00019347964271
42.525	21.25	1.0001163362853	0.799936550591369	6.18327777982901e-09	46.242297318922	1.00009306902824
42.675	21.25	0.99959422690492	0.799937860773272	6.17855776919801e-09	46.122311211947	0.999675381523936
42.825	21.25	0.998683926301273	0.800027372549795	6.17634924160643e-09	46.0023938630729	0.998947141041018
42.975	21.25	0.9979446732198	0.800237006916262	6.17392575314468e-09	45.882555694978	0.99835573857584
43.125	21.25	0.998684258972176	0.80049000553838	6.16482583678073e-09	45.7627175006502	0.998947407177741
43.275	21.25	1.00248296175254	0.800522975197672	6.14128256960873e-09	45.6426614703268	1.00198636940203
43.425	21.25	1.00955927623583	0.799934825611062	6.10246445226363e-09	45.5220835677878	1.00764742098867
43.575	21.25	1.01623380737731	0.79847988163049	6.06647942319462e-09	45.400845791131	1.01298704590185
43.725	21.25	1.01328677100109	0.796573391838471	6.07729617882351e-09	45.2794286348363	1.01062941680088
43.875	21.25	0.988680897761325	0.795833250619705	6.19531124857467e-09	45.1593336404011	0.99094471820906
44.025	21.25	0.938367896654857	0.799351007289942	6.45579652968252e-09	45.0428406079533	0.950694317323886
44.175	21.25	0.8846731334824	0.810192428684434	6.76056085842678e-09	44.9313521023478	0.90773850678592
44.325	21.25	0.889127901596281	0.824441952860434	6.73408694397412e-09	44.8222077483263	0.911302321277025
44.475	21.25	1.03257195130563	0.826489829076865	5.98069573237265e-09	44.7059573427279	1.0260575610445
44.625	21.25	1.34924434177288	0.808622133005189	4.7956019090326e-09	44.5677999068511	1.27939547341831
44.775	21.25	1.76408811793696	0.709537047529314	3.80683350577862e-09	44.395593093726	1.61127049434957
44.925	21.25	2.11154506603282	0.83463681418921	3.24609190132981e-09	44.2248230740515	1.88923605282626
0.075	21.75	3.47473590173045e-16	0.399999998884256	-9.37128222548547e-08	65.3895332838618	0.2
0.225	21.75	1.09796500306821e-15	0.799999996653815	-9.36493860531161e-08	65.3655332839288	0.200000000000001
0.375	21.75	2.54818930822081e-15	0.799999994426592	-9.35224682391979e-08	65.3415332840626	0.200000000000002
0.525	21.75	4.61626588824643e-15	0.799999992204539	-9.33325215238394e-08	65.3175332842632	0.200000000000004
0.675	21.75	7.14881705692595e-15	0.799999989990448	-9.30794632787656e-08	65.2935332845303	0.200000000000006
0.825	21.75	9.93588442509983e-15	0.799999987786365	-9.27639171502193e-08	65.2695332848637	0.200000000000008
0.975	21.75	1.2737970537619e-14	0.79999998559382	-9.23862644091118e-08	65.2455332852631	0.20000000000001
1.125	21.75	1.52997076284238e-14	0.799999983415814	-9.19470841032743e-08	65.2215332857281	0.200000000000012
1.275	21.75	1.73403389773813e-14	0.799999981253085	-9.14469642106831e-08	65.1975332862582	0.200000000000014
1.425	21.75	1.85241248873765e-14	0.799999979108885	-9.08864759401429e-08	65.1735332868529	0.200000000000015
1.575	21.75	1.84215047755015e-14	0.799999976984759	-9.0266597019837e-08	65.1495332875117	0.200000000000015
1.725	21.75	1.64738682239219e-14	0.799999974882871	-8.95881842815225e-08	65.1255332882338	0.200000000000013
1.875	21.75	1.19727210041276e-14	0.799999972805124	-8.88520011082429e-08	65.1015332890187	0.20000000000001
2.025	21.75	4.060470631549e-15	0.799999970753206	-8.80594642070001e-08	65.0775332898655	0.200000000000003
2.175	21.75	-8.24292172267693e-15	0.799999968728838	-8.72111519303936e-08	65.0535332907735	0.199999999999993
2.325	21.75	-2.59845123558576e-14	0.799999966734367	-8.63086449671782e-08	65.0295332917418	0.199999999999979
2.475	21.75	-5.0191096957757e-14	0.799999964771099	-8.53528425774541e-08	65.0055332927694	0.19999999999996
2.625	21.75	-8.17460280854959e-14	0.799999962840309	-8.43454088974533e-08	64.9815332938555	0.199999999999935
2.775	21.75	-1.21225251366073e-13	0.799999960944871	-8.3287430780042e-08	64.957533294999	0.199999999999903
2.925	21.75	-1.68687703662489e-13	0.799999959084934	-8.21804682773026e-08	64.9335332961989	0.199999999999865
3.075	21.75	-2.23416662118023e-13	0.799999957262068	-8.10258121776574e-08	64.909533297454	0.199999999999821
3.225	21.75	-2.83611686312063e-13	0.799999955479243	-7.9825291479978e-08	64.8855332987632	0.199999999999773
3.375	21.75	-3.46035705551954e-13	0.799999953735982	-7.85799846888669e-08	64.8615333001253	0.199999999999723
3.525	21.75	-4.05628559571589e-13	0.799999952034302	-7.72920892806026e-08	64.8375333015391	0.199999999999676
3.675	21.75	-4.55107099222828e-13	0.799999950375283	-7.59628950810269e-08	64.8135333030033	0.199999999999636
3.825	21.75	-4.84582711576719e-13	0.799999948759969	-7.45939814460694e-08	64.7895333045167	0.199999999999612
3.975	21.75	-4.81239930893346e-13	0.799999947189511	-7.31872897114602e-08	64.7655333060778	0.199999999999615
4.125	21.75	-4.29134277769365e-13	0.79999994566526	-7.17443705722489e-08	64.7415333076854	0.199999999999657
4.275	21.75	-3.09183319191118e-13	0.799999944187095	-7.02673368337503e-08	64.717533309338	0.199999999999753
4.425	21.75	-9.94412284827133e-14	0.799999942756841	-6.87575248509422e-08	64.6935333110342	0.19999999999992
4.575	21.75	2.24237165122586e-13	0.799999941374792	-6.72169323727789e-08	64.6695333127726	0.200000000000179
4.725	21.75	6.87023504485272e-13	0.799999940040874	-6.56473959460266e-08	64.6455333145517	0.20000000000055
4.875	21.75	1.31330585336227e-12	0.7999999387569	-6.40507764627987e-08	64.62153331637	0.200000000001051
5.025	21.75	2.1241112377908e-12	0.799999937522889	-6.24287294893222e-08	64.597533318226	0.200000000001699
5.175	21.75	3.13363882023361e-12	0.799999936339037	-6.07830498687437e-08	64.5735333201182	0.200000000002507
5.325	21.75	4.34480399723285e-12	0.799999935205419	-5.91158513275066e-08	64.5495333220451	0.200000000003476
5.475	21.75	5.7437337625733e-12	0.799999934123327	-5.74287122527501e-08	64.525533324005	0.200000000004595
5.625	21.75	7.2932159495534e-12	0.799999933091931	-5.57234422967796e-08	64.5015333259966	0.200000000005835
5.775	21.75	8.92519339840291e-12	0.799999932111905	-5.40019891639688e-08	64.4775333280181	0.20000000000714
5.925	21.75	1.05325126434727e-11	0.79999993118291	-5.22658345002351e-08	64.4535333300681	0.200000000008426
6.075	21.75	1.19602880278927e-11	0.799999930305313	-5.05170675155265e-08	64.4295333321451	0.200000000009568
6.225	21.75	1.29974278991899e-11	0.799999929478826	-4.87572255507401e-08	64.4055333342475	0.200000000010398
6.375	21.75	1.33690888389524e-11	0.799999928703415	-4.69878540478262e-08	64.3815333363739	0.200000000010695
6.525	21.75	1.27310734746216e-11	0.79999992797848	-4.52109363197694e-08	64.3575333385228	0.200000000010185
6.675	21.75	1.06674599275281e-11	0.799999927303988	-4.34281688428154e-08	64.3335333406927	0.200000000008534
6.825	21.75	6.69303494856002e-12	0.799999926679923	-4.16409218320798e-08	64.3095333428825	0.200000000005354
6.975	21.75	2.62381072774567e-13	0.79999992610601	-3.98507859076553e-08	64.2855333450906	0.20000000000021
7.125	21.75	-9.2122821133465e-12	0.799999925581057	-3.80595244612329e-08	64.2615333473161	0.19999999999263
7.275	21.75	-2.23322110960977e-11	0.799999925104625	-3.62684783251157e-08	64.2375333495576	0.199999999982134
7.425	21.75	-3.96698176947524e-11	0.79999992467754	-3.44792138592615e-08	64.213533351814	0.199999999968264
7.575	21.75	-6.17105675008726e-11	0.799999924297984	-3.26932654331828e-08	64.1895333540845	0.199999999950632
7.725	21.75	-8.87769790417684e-11	0.799999923965539	-3.09118085872438e-08	64.165533356368	0.199999999928978
7.875	21.75	-1.20933075158233e-10	0.799999923680436	-2.9136095843293e-08	64.1415333586636	0.199999999903254
8.025	21.75	-1.57868406180711e-10	0.799999923440883	-2.73678816337001e-08	64.1175333609704	0.199999999873705
8.175	21.75	-1.98761887341279e-10	0.799999923247446	-2.56080203833005e-08	64.0935333632875	0.19999999984099
8.325	21.75	-2.42127222806005e-10	0.799999923098463	-2.38579549308965e-08	64.0695333656138	0.199999999806298
8.475	21.75	-2.8564366885631e-10	0.799999922994106	-2.21186691956218e-08	64.0455333679481	0.199999999771485
8.625	21.75	-3.25978347193941e-10	0.799999922933139	-2.03914998168352e-08	64.0215333702889	0.199999999739217
8.775	21.75	-3.58609261730524e-10	0.799999922914995	-1.86773255856726e-08	63.9975333726346	0.199999999713113
8.925	21.75	-3.7766157486273e-10	0.79999992293897	-1.69773093794766e-08	63.9735333749829	0.199999999697871
9.075	21.75	-3.75773499628868e-10	0.799999923004106	-1.52924919536224e-08	63.9495333773308	0.199999999699381
9.225	21.75	-3.44012254288586e-10	0.799999923109409	-1.36234986408668e-08	63.9255333796748	0.19999999972479
9.375	21.75	-2.71864742097389e-10	0.799999923253916	-1.19715137586042e-08	63.9015333820103	0.199999999782508
9.525	21.75	-1.47331737690618e-10	0.799999923436656	-1.03371925869158e-08	63.8775333843318	0.199999999882135
9.675	21.75	4.2841909634625e-11	0.799999923656137	-8.72151185235685e-09	63.8535333866324	0.200000000034274
9.825	21.75	3.12765565908276e-10	0.79999992391081	-7.12501867902688e-09	63.8295333889042	0.200000000250212
9.975	21.75	6.7679230631518e-10	0.799999924199267	-5.54850349338331e-09	63.8055333911377	0.200000000541434
10.125	21.75	1.14866219505879e-09	0.799999924519317	-3.99260352597095e-09	63.7815333933223	0.20000000091893
10.275	21.75	1.74036402349013e-09	0.799999924869074	-2.45795515263242e-09	63.757533395446	0.200000001392291
10.425	21.75	2.46068506685269e-09	0.799999925245766	-9.44998900945088e-10	63.733533397496	0.200000001968548
10.575	21.75	3.31342670197959e-09	0.799999925646788	5.45566321754147e-10	63.7095333994588	0.200000002650741
10.725	21.75	4.29527597690472e-09	0.799999926069478	2.01343895979183e-09	63.685533401321	0.200000003436221
10.875	21.75	5.39333995892657e-09	0.799999926510175	3.45811265227548e-09	63.6615334030699	0.200000004314672
11.025	21.75	6.58237132297301e-09	0.799999926965697	4.87916671090216e-09	63.6375334046949	0.200000005265897
11.175	21.75	7.82174044194808e-09	0.799999927432482	6.27626760158812e-09	63.6135334061882	0.200000006257392
11.325	21.75	9.05224125459191e-09	0.799999927906883	7.64915487945184e-09	63.5895334075471	0.200000007241793
11.475	21.75	1.01928552042401e-08	0.799999928385415	8.99752820205162e-09	63.5655334087757	0.200000008154284
11.625	21.75	1.11376390240211e-08	0.799999928864807	1.03211319514311e-08	63.541533409887	0.200000008910111
11.775	21.75	1.17529471869846e-08	0.799999929342737	1.16198071129682e-08	63.5175334109054	0.200000009402358
11.925	21.75	1.18752471191899e-08	0.79999992981659	1.2893282949759e-08	63.4935334118699	0.200000009500198
12.075	21.75	1.13098330423345e-08	0.799999930285988	1.41415519310341e-08	63.4695334128364	0.200000009047866
12.225	21.75	9.83079037879939e-09	0.799999930751165	1.53644700645787e-08	63.4455334138812	0.200000007864632
12.375	21.75	7.18260443910353e-09	0.799999931214007	1.65618908215066e-08	63.4215334151038	0.200000005746084
12.525	21.75	3.08384170304188e-09	0.799999931678593	1.77339084569903e-08	63.3975334166293	0.200000002467073
12.675	21.75	-2.76664369970689e-09	0.799999932151403	1.88803945232812e-08	63.373533418611	0.199999997786685
12.825	21.75	-1.0680514842948e-08	0.799999932641765	2.00013837897412e-08	63.3495334212314	0.199999991455588
12.975	21.75	-2.09673101747029e-08	0.799999933162401	2.10970501431332e-08	63.3255334247031	0.199999983226152
13.125	21.75	-3.39179210718655e-08	0.79999993372837	2.21673676119708e-08	63.3015334292674	0.199999972865663
13.275	21.75	-4.97837988415195e-08	0.799999934359618	2.32123979323026e-08	63.2775334351917	0.199999960172961
13.425	21.75	-6.87515648797377e-08	0.799999935079923	2.42321794089085e-08	63.2535334427643	0.199999944998748
13.575	21.75	-9.09127784465276e-08	0.799999935915997	2.52269397714921e-08	63.2295334522872	0.199999927269777
13.725	21.75	-1.16228708731712e-07	0.799999936899618	2.61968482775441e-08	63.2055334640646	0.199999907017033
13.875	21.75	-1.44490051736956e-07	0.799999938066412	2.71421292868686e-08	63.1815334783891	0.199999884407959
14.025	21.75	-1.75271612718114e-07	0.799999939455872	2.80628326563196e-08	63.1575334955227	0.19999985978271
14.175	21.75	-2.07882019126112e-07	0.799999941111484	2.89591171515134e-08	63.1335335156739	0.199999833694385
14.325	21.75	-2.41308505674719e-07	0.799999943080704	2.98314713398771e-08	63.1095335389694	0.199999806953195
14.475	21.75	-2.74156679126551e-07	0.799999945415427	3.06799164602711e-08	63.0855335654203	0.199999780674657
14.625	21.75	-3.04584867399247e-07	0.79999994817269	3.15047520371608e-08	63.0615335948825	0.199999756332106
14.775	21.75	-3.30232108015963e-07	0.799999951416326	3.23062549228658e-08	63.0375336270102	0.199999735814314
14.925	21.75	-3.48137932040933e-07	0.799999955218608	3.30845365782587e-08	63.0135336612021	0.199999721489654
15.075	21.75	-3.54650716003526e-07	0.799999959665812	3.38401842802862e-08	62.9895336965396	0.199999716279427
15.225	21.75	-3.45319327691197e-07	0.799999964864073	3.45732216303695e-08	62.9655337317151	0.199999723744538
15.375	21.75	-3.14759847602678e-07	0.799999970949467	3.52840486399803e-08	62.941533764949	0.199999748192122
15.525	21.75	-2.56484997628766e-07	0.799999978102309	3.59729680636952e-08	62.917533793892	0.199999794812002
15.675	21.75	-1.62678144946901e-07	0.799999986567961	3.66403436960991e-08	62.893533815508	0.199999869857484
15.825	21.75	-2.38858327805447e-08	0.799999996686552	3.72864051817211e-08	62.8695338259321	0.199999980891334
15.975	21.75	1.71407998009255e-07	0.800000008934009	3.79114722891265e-08	62.8455338202929	0.200000137126398
16.125	21.75	4.37377554691634e-07	0.800000023979393	3.85159437357108e-08	62.8215337924858	0.200000349902044
16.275	21.75	7.91691716291102e-07	0.800000042762431	3.91000381860295e-08	62.7975337348777	0.200000633353373
16.425	21.75	1.25668936902789e-06	0.800000066600846	3.96642609115421e-08	62.7735336379152	0.200001005351495
16.575	21.75	1.86102720672531e-06	0.800000097335769	4.0208722091779e-08	62.7495334895972	0.200001488821765
16.725	21.75	2.64198174276417e-06	0.800000137529028	4.0733896363255e-08	62.7255332747578	0.200002113585394
16.875	21.75	3.64865171378842e-06	0.800000190727607	4.12400965145895e-08	62.7015329740849	0.200002918921371
17.025	21.75	4.94639325619498e-06	0.80000026182396	4.17276207569053e-08	62.6775325627728	0.200003957114605
17.175	21.75	6.62293563333189e-06	0.800000357535593	4.21967842870237e-08	62.6535320086677	0.200005298348507
17.325	21.75	8.79678034063051e-06	0.80000048705718	4.26478611989688e-08	62.6295312697165	0.200007037424273
17.475	21.75	1.16286959773531e-05	0.800000662935716	4.30811998912268e-08	62.6055302904614	0.200009302956782
17.625	21.75	1.53374059613337e-05	0.80000090225808	4.34971785111313e-08	62.5815289972288	0.200012269924769
17.775	21.75	2.02209529479663e-05	0.800001228252587	4.38958508547239e-08	62.5575272915406	0.200016176762358
17.925	21.75	2.66857453082964e-05	0.800001672445225	4.42776375943031e-08	62.5335250411048	0.200021348596247
18.075	21.75	3.52859843194168e-05	0.800002277540456	4.46427321460591e-08	62.5095220675201	0.200028228787456
18.225	21.75	4.67770797907244e-05	0.800003101248115	4.49912687434501e-08	62.4855181295241	0.200037421663833
18.375	21.75	6.21878509553612e-05	0.800004221369763	4.53233793313928e-08	62.4615129002111	0.200049750280764
18.525	21.75	8.29178949023871e-05	0.800005742627448	4.56390756494998e-08	62.4375059361115	0.200066334315922
18.675	21.75	0.000110868702178407	0.800007805993307	4.59382947025979e-08	62.4134966353033	0.200088694961743
18.825	21.75	0.000148620259527837	0.800010601628107	4.62208841376225e-08	62.3894841807534	0.200118896207622
18.975	21.75	0.000199669460027279	0.800014386850086	4.64863736612286e-08	62.3654674637377	0.200159735568022
19.125	21.75	0.000268753049547737	0.800019510587679	4.6734242404398e-08	62.3414449803166	0.200215002439638
19.275	21.75	0.000362286164210181	0.800026445342574	4.69634349752207e-08	62.3174146912584	0.200289828931368
19.425	21.75	0.000488957312807429	0.800035826993445	4.71725530950134e-08	62.2933738323531	0.200391165850246
19.575	21.75	0.000660531198813218	0.800048502690559	4.73594834715059e-08	62.2693186576305	0.200528424959051
19.725	21.75	0.000892922220349049	0.800065589368972	4.75217227576546e-08	62.2452440925125	0.200714337776279
19.875	21.75	0.00120761713961301	0.800088551845636	4.76549609389101e-08	62.2211432671461	0.20096609371169
20.025	21.75	0.00163355413674248	0.800119319887948	4.77541639848091e-08	62.1970068912462	0.201306843309394
20.175	21.75	0.00220962181460305	0.800160473079175	4.7812303304492e-08	62.1728224187789	0.201767697451682
20.325	21.75	0.00298804039472812	0.800215519049546	4.78196150847545e-08	62.1485729303727	0.202390432315782
20.475	21.75	0.00403902969343322	0.800289258411233	4.77638975677217e-08	62.124235629325	0.203231223754747
20.625	21.75	0.00545732377447568	0.800388156376177	4.762848295467e-08	62.0997798007692	0.204365859019581
20.775	21.75	0.00737118411194636	0.800520532885241	4.739190207114e-08	62.0751640253869	0.205896947289557
20.925	21.75	0.00995447761599976	0.800696276859379	4.70264273933004e-08	62.0503323805801	0.2079635820928
21.075	21.75	0.0134420122287893	0.800925749679021	4.64974998602568e-08	62.0252093256157	0.210753609783031
21.225	21.75	0.018147617875368	0.801217631176183	4.57634244674808e-08	61.9996929827062	0.214518094300294
21.375	21.75	0.024483493868541	0.801575697817418	4.47777730900311e-08	61.9736466218078	0.219586795094833
21.525	21.75	0.0329782633665075	0.801994861662346	4.34933930892991e-08	61.9468883511533	0.226382610693206
21.675	21.75	0.0442900726961843	0.802457164469565	4.18712439190694e-08	61.9191793146441	0.235432058156947
21.825	21.75	0.0592098324684859	0.802928776976174	3.98912062789645e-08	61.8902111086092	0.247367865974789
21.975	21.75	0.0786480172750308	0.803359390746685	3.75637981642598e-08	61.859593681217	0.262918413820025
22.125	21.75	0.103596191376064	0.803685574316791	3.49383731815018e-08	61.8268457155864	0.282876953100851
22.275	21.75	0.135052303792224	0.803839319891005	3.21032271659341e-08	61.7913904432629	0.308041843033779
22.425	21.75	0.173898994729529	0.803761736393721	2.91756017363295e-08	61.7525608719058	0.339119195783623
22.575	21.75	0.22073058621844	0.80341968834563	2.62838454609177e-08	61.7096191331686	0.376584468974752
22.725	21.75	0.275641528192387	0.802820785515187	2.35461138546566e-08	61.6617942588959	0.42051322255391
22.875	21.75	0.33801785779982	0.802020573918724	2.10542134269506e-08	61.6083401064735	0.470414286239856
23.025	21.75	0.406404724900284	0.801116447005236	1.88646478163616e-08	61.548609678147	0.525123779920227
23.175	21.75	0.478534573751932	0.800226925295832	1.69990910581233e-08	61.4821345174312	0.582827659001546
23.325	21.75	0.551566088131711	0.799461967996661	1.54505693316463e-08	61.408691362485	0.641252870505369
23.475	21.75	0.622501309184627	0.798895926862908	1.41926913105204e-08	61.3283373328799	0.698001047347702
23.625	21.75	0.688659258958978	0.798554407200113	1.31884165381154e-08	61.2414023043833	0.750927407167182
23.775	21.75	0.7480518110943	0.798418740965862	1.23972688233777e-08	61.1484404157357	0.79844144887544
23.925	21.75	0.799557781868221	0.798442566200058	1.17801238898566e-08	61.0501551194795	0.839646225494576
24.075	21.75	0.842886470948749	0.798570847103168	1.1301848312788e-08	60.9473176296405	0.874309176758999
24.225	21.75	0.878398156455083	0.798753958856115	1.09325066354764e-08	60.8406957735051	0.902718525164066
24.375	21.75	0.906872100737168	0.798954489769144	1.06474469131096e-08	60.7310026309282	0.925497680589735
24.525	21.75	0.929292198371778	0.799148193303035	1.04268431176577e-08	60.6188666153517	0.943433758697422
24.675	21.75	0.946685094227162	0.799321769770885	1.02550356055873e-08	60.504819615799	0.95734807538173
24.825	21.75	0.960016774741853	0.799469689330151	1.01199134985295e-08	60.3892978679814	0.968013419793482
24.975	21.75	0.970138073145434	0.799591290132102	1.00120538565608e-08	60.272650399402	0.976110458516347
25.125	21.75	0.977764769278523	0.799688594346716	9.92432788855998e-09	60.1551510417305	0.982211815422819
25.275	21.75	0.983479107314691	0.799764849352442	9.85130906329667e-09	60.0370113235942	0.986783285851753
25.425	21.75	0.9877427911381	0.799823638182911	9.78896974368473e-09	59.9183926659447	0.99019423291048
25.575	21.75	0.990914817886736	0.799868384217233	9.73427801086704e-09	59.7994170974319	0.992731854309389
25.725	21.75	0.99327012680359	0.799902109228499	9.6849473624845e-09	59.6801762186644	0.994616101442872
25.875	21.75	0.995016874813055	0.79992734572505	9.63939564724925e-09	59.5607384422069	0.996013499850444
26.025	21.75	0.996311339966997	0.799946138087651	9.59639263568056e-09	59.4411546880919	0.997049071973598
26.175	21.75	0.997270176127139	0.799960090320265	9.55507089231119e-09	59.3214627758241	0.997816140901711
26.325	21.75	0.997980145944792	0.799970433732789	9.514816579469e-09	59.2016907610323	0.998384116755833
26.475	21.75	0.99850565470684	0.799978098282054	9.47516096385838e-09	59.0818594433502	0.998804523765472
26.625	21.75	0.998894473357616	0.799983778419957	9.4357648648097e-09	58.9619842379891	0.999115578686093
26.775	21.75	0.999182029808051	0.799987989158382	9.39645588629271e-09	58.8420765666355	0.999345623846441
26.925	21.75	0.999394600869839	0.799991111204558	9.35703761455963e-09	58.7221448891605	0.999515680695871
27.075	21.75	0.999551676930883	0.799993425857073	9.3174282920051e-09	58.6021954686156	0.999641341544707
27.225	21.75	0.999667711987366	0.799995141227511	9.27754627817918e-09	58.4822329387253	0.999734169589893
27.375	21.75	0.999753419908589	0.799996411588037	9.23735003791975e-09	58.3622607251583	0.999802735926871
27.525	21.75	0.999816736207205	0.799997351516135	9.19683854485561e-09	58.2422813584141	0.999853388965764
27.675	21.75	0.99986353281647	0.799998046218105	9.15600495324638e-09	58.1222967062352	0.999890826253176
27.825	21.75	0.99989814990018	0.799998559089969	9.11484223019977e-09	58.0023081461839	0.999918519920144
27.975	21.75	0.999923791678168	0.799998937289	9.0733602283644e-09	57.8823166936922	0.999939033342534
28.125	21.75	0.999942820940914	0.799999215865965	9.03158480467779e-09	57.7623230969756	0.999954256752731
28.275	21.75	0.99995697799694	0.799999420844581	8.98952985944179e-09	57.642327907301	0.999965582397552
28.425	21.75	0.999967543255842	0.799999571523022	8.94725929198054e-09	57.5223315309408	0.999974034604674
28.575	21.75	0.999975457806032	0.799999682194752	8.90472535574264e-09	57.4023342675356	0.999980366244825
28.725	21.75	0.99998141272895	0.799999763433968	8.86203455825407e-09	57.2823363383817	0.99998513018316
28.875	21.75	0.999985915176916	0.799999823054173	8.81913806277553e-09	57.1623379072604	0.999988732141533
29.025	21.75	0.999989337201671	0.799999866821715	8.77610303623915e-09	57.0423390957509	0.999991469761337
29.175	21.75	0.999991951790872	0.799999898986061	8.73296652798871e-09	56.9223399944708	0.999993561432698
29.325	21.75	0.999993959424986	0.799999922673379	8.68971701509734e-09	56.8023406713111	0.999995167539989
29.475	21.75	0.999995507614468	0.799999940178539	8.64641111512646e-09	56.6823411774591	0.999996406091574
29.625	21.75	0.999996705242215	0.799999953181986	8.60306737147772e-09	56.5623415517954	0.999997364193772
29.775	21.75	0.999997633065904	0.799999962910489	8.55968729820051e-09	56.4423418240979	0.999998106452723
29.925	21.75	0.999998351385325	0.799999970256714	8.51634073987642e-09	56.3223420173736	0.99999868110826
30.075	21.75	0.99999890562069	0.799999975867624	8.47300974438536e-09	56.2023421495549	0.999999124496552
30.225	21.75	0.99999933035574	0.799999980209976	8.42970967079258e-09	56.0823422347342	0.999999464284592
30.375	21.75	0.999999652256008	0.799999983619675	8.38647337238923e-09	55.9623422840636	0.999999721804806
30.525	21.75	0.999999892166629	0.79999998633697	8.34335522594981e-09	55.8423423064151	0.999999913733303
30.675	21.75	1.00000006661445	0.799999988533445	8.30032870638058e-09	55.7223423088665	1.00000005329156
30.825	21.75	1.00000018888046	0.799999990331547	8.2574329666918e-09	55.6023422970651	1.00000015110436
30.975	21.75	1.0000002697643	0.799999991818602	8.21469087798271e-09	55.482342275502	1.00000021581144
31.125	21.75	1.00000031813023	0.799999993057295	8.17209695970681e-09	55.3623422477248	1.00000025450419
31.275	21.75	1.00000034129913	0.799999994093392	8.12971178909808e-09	55.2423422165038	1.0000002730393
31.425	21.75	1.00000034533335	0.799999994960512	8.08750984109332e-09	55.1223421839673	1.00000027626668
31.575	21.75	1.00000033524794	0.799999995684552	8.04551133991846e-09	55.0023421517117	1.00000026819835
31.725	21.75	1.00000031517155	0.799999996285822	8.00375344456804e-09	54.8823421208944	1.00000025213724
31.875	21.75	1.00000028847335	0.799999996781025	7.96224814493579e-09	54.762342092313	1.00000023077868
32.025	21.75	1.00000025786736	0.799999997184318	7.92097345832197e-09	54.6423420664732	1.00000020629389
32.175	21.75	1.00000022550095	0.799999997508229	7.87997303845812e-09	54.5223420436471	1.00000018040076
32.325	21.75	1.0000001930328	0.799999997764019	7.83929181332607e-09	54.4023420239245	1.00000015442624
32.475	21.75	1.00000016170282	0.79999999796176	7.79888330747626e-09	54.2823420072556	1.00000012936225
32.625	21.75	1.00000013239564	0.799999998110804	7.75879502584533e-09	54.162341993489	1.00000010591651
32.775	21.75	1.00000010569876	0.799999998219704	7.71900791026363e-09	54.0423419824024	1.00000008455901
32.925	21.75	1.00000008195546	0.799999998296131	7.67957106701417e-09	53.922341973729	1.00000006556437
33.075	21.75	1.00000006131278	0.799999998346907	7.64047021894906e-09	53.8023419671781	1.00000004905022
33.225	21.75	1.00000004376433	0.799999998378177	7.60173224652974e-09	53.6823419624528	1.00000003501146
33.375	21.75	1.0000000291882	0.79999999839518	7.56334869517034e-09	53.5623419592619	1.00000002335056
33.525	21.75	1.00000001737986	0.799999998402432	7.5253470616886e-09	53.4423419573301	1.00000001390389
33.675	21.75	1.00000000808	0.799999998403646	7.48771741550543e-09	53.3223419564043	1.000000006464
33.825	21.75	1.00000000099789	0.79999999840193	7.45048750009439e-09	53.2023419562577	1.00000000079831
33.975	21.75	0.999999995830269	0.799999998399622	7.41365141432228e-09	53.0823419566921	0.999999996664215
34.125	21.75	0.999999992276121	0.79999999839849	7.37722731536397e-09	52.9623419575384	0.999999993820897
34.275	21.75	0.999999990047861	0.79999999839994	7.34120691695384e-09	52.8423419586555	0.999999992038289
34.425	21.75	0.999999988879242	0.799999998404704	7.30562083326898e-09	52.7223419599292	0.999999991103393
34.575	21.75	0.999999988530609	0.799999998413252	7.27045939138203e-09	52.6023419612693	0.999999990824487
34.725	21.75	0.999999988791717	0.799999998425935	7.23572848618118e-09	52.4823419626073	0.999999991033373
34.875	21.75	0.99999998948278	0.799999998442499	7.20146003377385e-09	52.3623419638935	0.999999991586224
35.025	21.75	0.999999990453981	0.799999998462873	7.16763121582938e-09	52.2423419650939	0.999999992363185
35.175	21.75	0.999999991583918	0.799999998486541	7.13424574580368e-09	52.1223419661875	0.999999993267135
35.325	21.75	0.999999992777301	0.799999998513159	7.10133940632426e-09	52.0023419671638	0.999999994221841
35.475	21.75	0.999999993962056	0.799999998542243	7.0688849096397e-09	51.8823419680203	0.999999995169645
35.625	21.75	0.999999995086341	0.799999998573407	7.03690980285965e-09	51.7623419687604	0.999999996069073
35.775	21.75	0.999999996115347	0.799999998605957	7.00541888415089e-09	51.6423419693917	0.999999996892277
35.925	21.75	0.999999997028275	0.799999998639614	6.97439664185351e-09	51.5223419699245	0.99999999762262
36.075	21.75	0.999999997815439	0.79999999867396	6.9438619402807e-09	51.4023419703704	0.999999998252351
36.225	21.75	0.999999998475738	0.799999998708612	6.91381517065969e-09	51.2823419707417	0.99999999878059
36.375	21.75	0.999999999014284	0.79999999874327	6.88427001216107e-09	51.1623419710505	0.999999999211427
36.525	21.75	0.99999999944046	0.799999998777754	6.85522306807571e-09	51.042341971308	0.999999999552368
36.675	21.75	0.999999999766332	0.799999998811774	6.82666124075459e-09	50.9223419715246	0.999999999813065
36.825	21.75	1.00000000000535	0.799999998845217	6.79862077761052e-09	50.8023419717093	1.00000000000428
36.975	21.75	1.00000000017135	0.799999998878049	6.77109311658026e-09	50.68234197187	1.00000000013708
37.125	21.75	1.00000000027792	0.799999998910173	6.74408074077108e-09	50.562341972013	1.00000000022233
37.275	21.75	1.0000000003377	0.799999998941441	6.71757213975308e-09	50.4423419721436	1.00000000027016
37.425	21.75	1.00000000036183	0.799999998971765	6.69158083096722e-09	50.3223419722657	1.00000000028946
37.575	21.75	1.00000000035913	0.799999999001097	6.66611206240485e-09	50.2023419723826	1.0000000002873
37.725	21.75	1.00000000033566	0.799999999029624	6.64116831038344e-09	50.0823419724965	1.00000000026853
37.875	21.75	1.00000000029553	0.799999999057892	6.61674433459859e-09	49.9623419726092	1.00000000023642
38.025	21.75	1.00000000024453	0.799999999086943	6.59285438874739e-09	49.8423419727223	1.00000000019562
38.175	21.75	1.00000000019658	0.799999999117476	6.56948618971163e-09	49.7223419728362	1.00000000015726
38.325	21.75	1.00000000017806	0.799999999148016	6.54667585082917e-09	49.6023419729493	1.00000000014245
38.475	21.75	1.00000000021822	0.799999999172373	6.5243885839574e-09	49.4823419730576	1.00000000017458
38.625	21.75	1.00000000031041	0.799999999179895	6.50261582212676e-09	49.3623419731557	1.00000000024833
38.775	21.75	1.00000000034603	0.799999999164217	6.48140146860289e-09	49.242341973244	1.00000000027682
38.925	21.75	1.00000000007387	0.799999999143189	6.4607170697651e-09	49.12234197334	1.0000000000591
39.075	21.75	0.999999999212029	0.799999999183004	6.44059444178748e-09	49.0023419734869	0.999999999369623
39.225	21.75	0.999999997861588	0.799999999392559	6.42100184516136e-09	48.8823419737364	0.99999999828927
39.375	21.75	0.999999997187173	0.799999999833272	6.4019553359152e-09	48.7623419740797	0.999999997749739
39.525	21.75	0.999999999800288	0.800000000311598	6.38346251428102e-09	48.6423419743265	0.999999999840231
39.675	21.75	1.00000000854991	0.800000000148934	6.36550074862475e-09	48.5223419740246	1.00000000683993
39.825	21.75	1.00000002228112	0.799999998262693	6.34811710220625e-09	48.4023419726402	1.00000001782489
39.975	21.75	1.00000002906866	0.799999994089134	6.33126896032794e-09	48.2823419702678	1.00000002325492
40.125	21.75	1.00000000269436	0.799999989613222	6.31495383257427e-09	48.1623419688323	1.00000000215549
40.275	21.75	0.999999915051621	0.799999991511516	6.29919734063094e-09	48.0423419728665	0.999999932041296
40.425	21.75	0.999999777875221	0.800000010169548	6.28400497399714e-09	47.9223419876889	0.999999822300177
40.575	21.75	0.999999707649964	0.800000050692437	6.26936521206545e-09	47.8023420124636	0.999999766119971
40.725	21.75	0.999999957517794	0.800000093891619	6.25527012373844e-09	47.6823420286124	0.999999966014235
40.875	21.75	1.00000079734943	0.800000077081851	6.24173437923162e-09	47.5623419924527	1.00000063787955
41.025	21.75	1.00000212196185	0.79999990454896	6.22875708145547e-09	47.4423418523968	1.00000169756948
41.175	21.75	1.00000285290255	0.799999530402614	6.21633255101295e-09	47.3223416136714	1.00000228232204
41.325	21.75	1.00000065163097	0.799999128134476	6.20448248747356e-09	47.202341445519	1.00000052130478
41.475	21.75	0.999993003857996	0.799999255675177	6.1932275039187e-09	47.082341750118	0.999994403086397
41.625	21.75	0.999980706637738	0.800000756266041	6.18254144791814e-09	46.9623430120745	0.99998456531019
41.775	21.75	0.999973138463964	0.80000404087703	6.17240051579047e-09	46.8423452275673	0.999978510771171
41.925	21.75	0.999990827520673	0.80000765777871	6.16269622838297e-09	46.7223469572523	0.999992662016539
42.075	21.75	1.00005637953637	0.800006936385155	6.15332980884104e-09	46.6023446913665	1.00004510362909
42.225	21.75	1.00016528886159	0.799994824245999	6.14428397756636e-09	46.4823340513719	1.00013223108927
42.375	21.75	1.00024184955334	0.799967674303704	6.13597183546448e-09	46.3623145088366	1.00019347964267
42.525	21.75	1.00011633628521	0.799936550566922	6.1292046729759e-09	46.2422973158429	1.00009306902817
42.675	21.75	0.999594226904862	0.79993786075072	6.1249420189188e-09	46.1223112088714	0.99967538152389
42.825	21.75	0.99868392630132	0.800027372529228	6.12315755959599e-09	46.0023938600005	0.998947141041056
42.975	21.75	0.997944673220019	0.800237006897568	6.12113208866561e-09	45.8825556919086	0.998355738576015
43.125	21.75	0.998684258972515	0.800490005521592	6.11245047234939e-09	45.7627174975833	0.998947407178012
43.275	21.75	1.00248296175274	0.800522975182829	6.08941354537957e-09	45.6426614672622	1.0019863694022
43.425	21.75	1.00955927623553	0.79993482559817	6.05122736110774e-09	45.5220835647254	1.00764742098843
43.575	21.75	1.01623380737632	0.798479881619659	6.01578933786788e-09	45.4008457880704	1.01298704590106
43.725	21.75	1.01328677099988	0.796573391829651	6.02673736939531e-09	45.2794286317774	1.01062941679991
43.875	21.75	0.988680897761086	0.795833250612852	6.14399677632217e-09	45.1593336373435	0.990944718208868
44.025	21.75	0.938367896656827	0.799351007284691	6.40250959921e-09	45.0428406048964	0.950694317325461
44.175	21.75	0.884673133486129	0.810192428680772	6.70492883121212e-09	44.9313520992913	0.907738506788903
44.325	21.75	0.88912790159826	0.824441952858691	6.67879906448829e-09	44.8222077452697	0.911302321278608
44.475	21.75	1.03257195130068	0.82648982907804	5.93167961841092e-09	44.7059573396714	1.02605756104055
44.625	21.75	1.34924434175885	0.808622133008847	4.75634133492748e-09	44.5677999037952	1.27939547340708
44.775	21.75	1.76408811791745	0.709537047533274	3.77569416805249e-09	44.3955930906709	1.61127049433396
44.925	21.75	2.11154506601244	0.834636814194673	3.21954582072654e-09	44.224823070997	1.88923605280995
0.075	22.25	3.47473593841696e-16	0.399999998983918	-8.66066347960615e-08	65.3895332928612	0.2
0.225	22.25	1.0979649912929e-15	0.79999999695271	-8.65499896824207e-08	65.3655332929221	0.200000000000001
0.375	22.25	2.54818932449042e-15	0.799999994924362	-8.64368991153543e-08	65.341533293044	0.200000000000002
0.525	22.25	4.61626585570583e-15	0.799999992900791	-8.62670915520074e-08	65.3175332932267	0.200000000000004
0.675	22.25	7.14881708457122e-15	0.79999999088389	-8.60412913204485e-08	65.29353329347	0.200000000000006
0.825	22.25	9.9358843677781e-15	0.799999988875229	-8.57595614402182e-08	65.2695332937736	0.200000000000008
0.975	22.25	1.27379705785299e-14	0.799999986877712	-8.54224704609391e-08	65.2455332941374	0.20000000000001
1.125	22.25	1.52997075467415e-14	0.799999984891902	-8.50302114993305e-08	65.221533294561	0.200000000000012
1.275	22.25	1.7340339039971e-14	0.799999982919551	-8.45835440244755e-08	65.1975332950439	0.200000000000014
1.425	22.25	1.85241247908894e-14	0.799999980964096	-8.40829979928838e-08	65.1735332955858	0.200000000000015
1.575	22.25	1.8421504881188e-14	0.799999979025975	-8.35290526223558e-08	65.1495332961861	0.200000000000015
1.725	22.25	1.64738681401835e-14	0.799999977106943	-8.29227965728101e-08	65.1255332968442	0.200000000000013
1.875	22.25	1.19727211976481e-14	0.799999975208736	-8.22648228327532e-08	65.1015332975597	0.20000000000001
2.025	22.25	4.06047061701893e-15	0.799999973333746	-8.15560384645353e-08	65.0775332983317	0.200000000000003
2.175	22.25	-8.24292136435447e-15	0.799999971483017	-8.07974116886949e-08	65.0535332991596	0.199999999999993
2.325	22.25	-2.59845122109511e-14	0.799999969657812	-7.99899519241676e-08	65.0295333000427	0.199999999999979
2.475	22.25	-5.01910963282858e-14	0.79999996786004	-7.91346854314523e-08	65.0055333009802	0.19999999999996
2.625	22.25	-8.17460276706609e-14	0.79999996609119	-7.82326495222366e-08	64.9815333019711	0.199999999999935
2.775	22.25	-1.2122525035838e-13	0.799999964352773	-7.72851202231868e-08	64.9575333030147	0.199999999999903
2.925	22.25	-1.68687702894626e-13	0.79999996264542	-7.62933980244711e-08	64.93353330411	0.199999999999865
3.075	22.25	-2.23416660695839e-13	0.7999999609716	-7.52584788207692e-08	64.909533305256	0.199999999999821
3.225	22.25	-2.83611685234994e-13	0.799999959331675	-7.41818120048848e-08	64.8855333064517	0.199999999999773
3.375	22.25	-3.46035703880799e-13	0.799999957727254	-7.30647934399929e-08	64.8615333076962	0.199999999999723
3.525	22.25	-4.056285585202e-13	0.79999995615905	-7.19086051248187e-08	64.8375333089882	0.199999999999676
3.675	22.25	-4.55107097865809e-13	0.799999954629015	-7.07148787852374e-08	64.8135333103267	0.199999999999636
3.825	22.25	-4.84582711399913e-13	0.799999953136946	-6.94849873772885e-08	64.7895333117105	0.199999999999612
3.975	22.25	-4.81239931049913e-13	0.799999951684844	-6.82203807073609e-08	64.7655333131386	0.199999999999615
4.125	22.25	-4.29134280067318e-13	0.799999950272237	-6.69226659968777e-08	64.7415333146096	0.199999999999657
4.275	22.25	-3.09183322905003e-13	0.7999999489021	-6.55931777084152e-08	64.7175333161223	0.199999999999753
4.425	22.25	-9.9441235749967e-14	0.799999947572804	-6.42336803336878e-08	64.6935333176755	0.19999999999992
4.575	22.25	2.24237154932587e-13	0.799999946287033	-6.28456313788331e-08	64.6695333192679	0.200000000000179
4.725	22.25	6.87023488999188e-13	0.799999945043698	-6.14303263073681e-08	64.6455333208983	0.20000000000055
4.875	22.25	1.31330583328137e-12	0.799999943843929	-5.99897407968025e-08	64.6215333225652	0.200000000001051
5.025	22.25	2.1241112107781e-12	0.799999942689306	-5.85253670257191e-08	64.5975333242673	0.200000000001699
5.175	22.25	3.13363878744638e-12	0.799999941579171	-5.70388847164853e-08	64.5735333260034	0.200000000002507
5.325	22.25	4.34480395690407e-12	0.799999940513279	-5.55314874614377e-08	64.549533327772	0.200000000003476
5.475	22.25	5.74373371699329e-12	0.799999939493571	-5.40050903727965e-08	64.5255333295718	0.200000000004595
5.625	22.25	7.29321589837806e-12	0.799999938518413	-5.24611468495875e-08	64.5015333314013	0.200000000005835
5.775	22.25	8.92519334603941e-12	0.799999937589718	-5.09012090150963e-08	64.4775333332592	0.20000000000714
5.925	22.25	1.05325125921523e-11	0.799999936706591	-4.93269628607857e-08	64.4535333351442	0.200000000008426
6.075	22.25	1.19602879853397e-11	0.79999993586887	-4.77399010353956e-08	64.4295333370548	0.200000000009568
6.225	22.25	1.29974278714967e-11	0.799999935076949	-4.61414043468244e-08	64.4055333389898	0.200000000010398
6.375	22.25	1.33690888382873e-11	0.79999993433151	-4.45333284870407e-08	64.3815333409477	0.200000000010695
6.525	22.25	1.27310735119651e-11	0.799999933630535	-4.2916838184885e-08	64.3575333429273	0.200000000010185
6.675	22.25	1.06674600200028e-11	0.799999932974911	-4.12934138006467e-08	64.3335333449274	0.200000000008534
6.825	22.25	6.69303511213378e-12	0.799999932365413	-3.9664708944284e-08	64.3095333469468	0.200000000005354
6.975	22.25	2.62381328580404e-13	0.799999931800225	-3.80320802880598e-08	64.2855333489842	0.20000000000021
7.125	22.25	-9.21228174614593e-12	0.799999931280102	-3.63967317158433e-08	64.2615333510387	0.19999999999263
7.275	22.25	-2.23322105958552e-11	0.799999930803114	-3.4760117830654e-08	64.2375333531092	0.199999999982134
7.425	22.25	-3.96698170439514e-11	0.799999930370845	-3.3123778551415e-08	64.2135333551948	0.199999999968264
7.575	22.25	-6.17105666845782e-11	0.799999929981839	-3.14883779674403e-08	64.1895333572946	0.199999999950632
7.725	22.25	-8.87769780531058e-11	0.799999929635753	-2.98558873185588e-08	64.1655333594077	0.199999999928978
7.875	22.25	-1.20933074000879e-10	0.799999929332382	-2.82272831806465e-08	64.1415333615335	0.199999999903254
8.025	22.25	-1.5786840487219e-10	0.799999929071034	-2.66037054191039e-08	64.117533363671	0.199999999873705
8.175	22.25	-1.98761885920585e-10	0.79999992885133	-2.49863695684032e-08	64.0935333658195	0.19999999984099
8.325	22.25	-2.42127221333119e-10	0.799999928672655	-2.33761791226987e-08	64.0695333679781	0.199999999806298
8.475	22.25	-2.85643667425744e-10	0.799999928534773	-2.17744908997548e-08	64.0455333701456	0.199999999771485
8.625	22.25	-3.25978345928156e-10	0.799999928436963	-2.01820725183934e-08	64.0215333723209	0.199999999739217
8.775	22.25	-3.58609260799638e-10	0.799999928378459	-1.86001366748474e-08	63.997533374502	0.199999999713113
8.925	22.25	-3.77661574468917e-10	0.799999928358649	-1.70295040192519e-08	63.973533376687	0.199999999697871
9.075	22.25	-3.75773500031528e-10	0.799999928377014	-1.5471082456994e-08	63.949533378873	0.199999999699381
9.225	22.25	-3.44012255775974e-10	0.799999928433062	-1.39258210296897e-08	63.9255333810565	0.19999999972479
9.375	22.25	-2.71864745016133e-10	0.799999928525069	-1.23945111447584e-08	63.9015333832331	0.199999999782508
9.525	22.25	-1.47331742400073e-10	0.799999928652751	-1.08779023521006e-08	63.8775333853972	0.199999999882135
9.675	22.25	4.28419027304289e-11	0.799999928814678	-9.37680940477224e-09	63.8535333875422	0.200000000034274
9.825	22.25	3.12765556427744e-10	0.799999929009597	-7.89201205045987e-09	63.8295333896601	0.200000000250212
9.975	22.25	6.76792293866759e-10	0.799999929235967	-6.42395784979671e-09	63.8055333917416	0.200000000541434
10.125	22.25	1.1486621793334e-09	0.799999929491968	-4.97349300231479e-09	63.781533393776	0.20000000091893
10.275	22.25	1.74036400422903e-09	0.79999992977552	-3.54105725079652e-09	63.7575333957515	0.200000001392291
10.425	22.25	2.46068504396791e-09	0.79999993008437	-2.12724860946375e-09	63.7335333976553	0.200000001968548
10.575	22.25	3.31342667551987e-09	0.799999930416204	-7.32525831854506e-10	63.709533399474	0.200000002650741
10.725	22.25	4.29527594720475e-09	0.799999930767641	6.42489451263485e-10	63.6855334011942	0.200000003436221
10.875	22.25	5.39333992656329e-09	0.799999931135954	1.99738893826291e-09	63.6615334028033	0.200000004314672
11.025	22.25	6.58237128894245e-09	0.799999931518046	3.33192256855381e-09	63.6375334042905	0.200000005265897
11.175	22.25	7.82174040759881e-09	0.799999931909676	4.64562762671042e-09	63.6135334056484	0.200000006257392
11.325	22.25	9.05224122182304e-09	0.799999932308347	5.9380685304119e-09	63.5895334068741	0.200000007241793
11.475	22.25	1.01928551753929e-08	0.799999932710202	7.20911710253031e-09	63.5655334079718	0.200000008154284
11.625	22.25	1.11376390020869e-08	0.79999993311198	8.45842054392568e-09	63.5415334089545	0.200000008910111
11.775	22.25	1.17529471754276e-08	0.799999933511536	9.68576858143683e-09	63.5175334098467	0.200000009402358
11.925	22.25	1.1875247122156e-08	0.799999933907028	1.08909939267548e-08	63.4935334106872	0.200000009500198
12.075	22.25	1.13098330643672e-08	0.799999934297176	1.20739097714502e-08	63.4695334115322	0.200000009047866
12.225	22.25	9.83079042504145e-09	0.799999934682342	1.32342640514233e-08	63.4455334124579	0.200000007864632
12.375	22.25	7.18260451486903e-09	0.799999935065366	1.43721037258762e-08	63.4215334135638	0.200000005746084
12.525	22.25	3.083841814001e-09	0.799999935449845	1.54870971425513e-08	63.3975334149749	0.200000002467073
12.675	22.25	-2.76664354812419e-09	0.799999935842654	1.65794870890077e-08	63.3735334168447	0.199999997786685
12.825	22.25	-1.0680514645399e-08	0.799999936253054	1.76491386263952e-08	63.3495334193556	0.199999991455588
12.975	22.25	-2.09673099267062e-08	0.799999936693347	1.86959015223507e-08	63.3255334227201	0.199999983226152
13.125	22.25	-3.39179207696809e-08	0.799999937179272	1.9719772183109e-08	63.3015334271797	0.199999972865663
13.275	22.25	-4.97837984830932e-08	0.799999937731039	2.07210485107514e-08	63.2775334330016	0.199999960172961
13.425	22.25	-6.87515644645995e-08	0.799999938371682	2.16995724662438e-08	63.2535334404743	0.199999944998748
13.575	22.25	-9.09127779768701e-08	0.799999939128846	2.26555166699557e-08	63.2295334498996	0.199999927269778
13.725	22.25	-1.16228708212324e-07	0.799999940033682	2.35888930783562e-08	63.2055334615819	0.199999907017033
13.875	22.25	-1.44490051176314e-07	0.799999941122538	2.44997254837464e-08	63.1815334758135	0.199999884407959
14.025	22.25	-1.75271612128367e-07	0.799999942434172	2.53883531290464e-08	63.1575334928566	0.19999985978271
14.175	22.25	-2.07882018524092e-07	0.799999944012797	2.62547439996251e-08	63.1335335129196	0.199999833694385
14.325	22.25	-2.41308505081988e-07	0.799999945905723	2.70990970289708e-08	63.1095335361292	0.199999806953196
14.475	22.25	-2.74156678570245e-07	0.799999948164621	2.79216142861987e-08	63.0855335624965	0.199999780674657
14.625	22.25	-3.04584866912152e-07	0.79999995084697	2.87225160330877e-08	63.0615335918774	0.199999756332106
14.775	22.25	-3.30232107637208e-07	0.799999954016264	2.95019971748988e-08	63.037533623926	0.199999735814314
14.925	22.25	-3.48137931816205e-07	0.799999957745303	3.02601518001364e-08	63.013533658041	0.199999721489655
15.075	22.25	-3.54650715985607e-07	0.799999962119935	3.09972006996016e-08	62.9895336933037	0.199999716279427
15.225	22.25	-3.45319327940571e-07	0.799999967246563	3.17135244003397e-08	62.9655337284067	0.199999723744538
15.375	22.25	-3.14759848188225e-07	0.799999973261131	3.24092200745367e-08	62.9415337615702	0.199999748192121
15.525	22.25	-2.56484998628961e-07	0.799999980344131	3.3084596135731e-08	62.9175337904449	0.199999794812001
15.675	22.25	-1.62678146451493e-07	0.799999988740604	3.37398437334752e-08	62.8935338119947	0.199999869857483
15.825	22.25	-2.38858348929955e-08	0.799999998791136	3.43752595932217e-08	62.8695338223547	0.199999980891332
15.975	22.25	1.7140799516803e-07	0.800000010971833	3.49910284558055e-08	62.8455338166533	0.200000137126396
16.125	22.25	4.37377550978442e-07	0.800000025951095	3.55875277129478e-08	62.821533788786	0.200000349902041
16.275	22.25	7.91691711532644e-07	0.800000044669097	3.61650398935429e-08	62.7975337311198	0.200000633353369
16.425	22.25	1.25668936301164e-06	0.80000006844335	3.67235991801801e-08	62.7735336341011	0.20000100535149
16.575	22.25	1.86102719918451e-06	0.800000099115627	3.72637783773363e-08	62.7495334857288	0.200001488821759
16.725	22.25	2.64198173336113e-06	0.800000139246574	3.778568239087e-08	62.7255332708369	0.200002113585387
16.875	22.25	3.64865170208783e-06	0.800000192384432	3.82896589424779e-08	62.7015329701134	0.200002918921362
17.025	22.25	4.94639324163373e-06	0.800000263420708	3.87759254661411e-08	62.6775325587525	0.200003957114593
17.175	22.25	6.62293561517348e-06	0.800000359073365	3.92447119619475e-08	62.6535320046003	0.200005298348492
17.325	22.25	8.79678031791512e-06	0.800000488537249	3.96963248017134e-08	62.6295312656039	0.200007037424254
17.475	22.25	1.16286959488197e-05	0.800000664358964	4.01310637865768e-08	62.6055302863053	0.200009302956759
17.625	22.25	1.53374059253351e-05	0.800000903625185	4.0549033738805e-08	62.5815289930309	0.20001226992474
17.775	22.25	2.02209529023467e-05	0.800001229564831	4.09507164386275e-08	62.5575272873025	0.200016176762322
17.925	22.25	2.66857452502478e-05	0.800001673703685	4.13360490499983e-08	62.5335250368281	0.2000213485962
18.075	22.25	3.52859842452883e-05	0.800002278746129	4.170530530668e-08	62.5095220632065	0.200028228787396
18.225	22.25	4.67770796957889e-05	0.800003102401945	4.20586563461696e-08	62.485518125175	0.200037421663757
18.375	22.25	6.21878508335155e-05	0.800004222472337	4.23961712480732e-08	62.4615128958282	0.200049750280667
18.525	22.25	8.2917894745785e-05	0.800005743680036	4.27178915274315e-08	62.4375059316963	0.200066334315797
18.675	22.25	0.00011086870197701	0.800007806997243	4.3023655385645e-08	62.4134966308573	0.200088694961582
18.825	22.25	0.000148620259268847	0.800010602583602	4.33132462362608e-08	62.389484176278	0.200118896207415
18.975	22.25	0.000199669459694438	0.800014387758273	4.35863713104744e-08	62.3654674592343	0.200159735567756
19.125	22.25	0.000268753049120472	0.800019511449514	4.3842273693713e-08	62.3414449757867	0.200215002439296
19.275	22.25	0.000362286163662598	0.800026446158828	4.40801345290022e-08	62.3174146867034	0.20028982893093
19.425	22.25	0.000488957312107109	0.80003582776517	4.42986126709043e-08	62.2933738277743	0.200391165849686
19.575	22.25	0.000660531197919819	0.800048503418472	4.44957920657377e-08	62.2693186530292	0.200528424958336
19.725	22.25	0.000892922219212682	0.800065590053888	4.46688361201173e-08	62.2452440878901	0.20071433777537
19.875	22.25	0.00120761713817246	0.800088552488294	4.4814242538672e-08	62.2211432625039	0.200966093710538
20.025	22.25	0.00163355413492349	0.800119320489377	4.49269295355836e-08	62.1970068865853	0.201306843307939
20.175	22.25	0.00220962181231638	0.800160473639896	4.50001861712045e-08	62.1728224141006	0.201767697449853
20.325	22.25	0.00298804039186756	0.800215519570396	4.50250586193357e-08	62.1485729256783	0.202390432313494
20.475	22.25	0.0040390296898741	0.800289258893344	4.49896840912765e-08	62.1242356246157	0.203231223751899
20.625	22.25	0.0054573237700749	0.800388156819956	4.48784896250252e-08	62.0997797960461	0.20436585901606
20.775	22.25	0.0073711841065442	0.800520533291811	4.46711604736766e-08	62.0751640206512	0.205896947285235
20.925	22.25	0.009954477609426	0.800696277229419	4.43414075963685e-08	62.050332375833	0.207963582087541
21.075	22.25	0.0134420122208755	0.800925750013715	4.38565358200523e-08	62.0252093208582	0.2107536097767
21.225	22.25	0.0181476178659662	0.80121763147676	4.31772624922804e-08	61.9996929779394	0.214518094292773
21.375	22.25	0.0244834938575482	0.801575698084401	4.225932371142e-08	61.9736466170328	0.219586795086039
21.525	22.25	0.0329782633538971	0.801994861897807	4.10582527021518e-08	61.946888346371	0.226382610683118
21.675	22.25	0.0442900726820358	0.80245716467445	3.95369551207232e-08	61.9191793098555	0.235432058145629
21.825	22.25	0.0592098324530198	0.802928777152302	3.76763422995617e-08	61.8902111038151	0.247367865962416
21.975	22.25	0.0786480172586382	0.803359390895987	3.54862652769542e-08	61.8595936764183	0.262918413806911
22.125	22.25	0.103596191359321	0.803685574441143	3.30131824098268e-08	61.8268457107838	0.282876953087456
22.275	22.25	0.135052303775901	0.803839319992415	3.03404299283057e-08	61.7913904384568	0.308041843020721
22.425	22.25	0.173898994714559	0.803761736474548	2.75791362915632e-08	61.7525608670969	0.339119195771648
22.575	22.25	0.220730586205861	0.803419688407838	2.4850397794837e-08	61.7096191283573	0.376584468964689
22.725	22.25	0.275641528183242	0.802820785560723	2.22664819949564e-08	61.6617942540824	0.420513222546593
22.875	22.25	0.338017857794969	0.802020573949535	1.99141176743897e-08	61.6083401016582	0.470414286235975
23.025	22.25	0.406404724900262	0.801116447023189	1.7847175649169e-08	61.5486096733301	0.52512377992021
23.175	22.25	0.478534573756794	0.800226925302143	1.60862975262724e-08	61.4821345126131	0.582827659005436
23.325	22.25	0.551566088140974	0.799461967992948	1.46251880721945e-08	61.408691357666	0.641252870512779
23.475	22.25	0.622501309197348	0.798895926849999	1.34389950031648e-08	61.3283373280607	0.698001047357878
23.625	22.25	0.688659258973935	0.79855440717906	1.24928378084023e-08	61.2414022995646	0.750927407179148
23.775	22.25	0.748051811110258	0.798418740937293	1.17485136262443e-08	61.1484404109184	0.798441448888206
23.925	22.25	0.799557781884086	0.79844256616463	1.11690405177094e-08	61.0501551146646	0.839646225507269
24.075	22.25	0.842886470963679	0.798570847061349	1.07211917282047e-08	60.947317624829	0.874309176770943
24.225	22.25	0.878398156468541	0.798753958808285	1.03766281491473e-08	60.8406957686983	0.902718525174833
24.375	22.25	0.90687210074889	0.798954489715614	1.01120077970135e-08	60.7310026261271	0.925497680599112
24.525	22.25	0.929292198381697	0.799148193244073	9.90853104091074e-09	60.6188666105575	0.943433758705357
24.675	22.25	0.946685094235364	0.799321769706886	9.75138243494326e-09	60.5048196110127	0.957348075388291
24.825	22.25	0.960016774748507	0.799469689261347	9.62899462314013e-09	60.389297863204	0.968013419798806
24.975	22.25	0.970138073150747	0.799591290058646	9.53246325107342e-09	60.2726503946345	0.976110458520598
25.125	22.25	0.977764769282719	0.799688594268878	9.45501933575584e-09	60.1551510369736	0.982211815426175
25.275	22.25	0.983479107317975	0.799764849270418	9.39147875757888e-09	60.0370113188487	0.98678328585438
25.425	22.25	0.98774279114065	0.799823638096967	9.33800289453391e-09	59.9183926612114	0.99019423291252
25.575	22.25	0.990914817888696	0.799868384127542	9.29169917971695e-09	59.7994170927115	0.992731854310957
25.725	22.25	0.99327012680509	0.799902109135185	9.25043025001365e-09	59.6801762139575	0.994616101444072
25.875	22.25	0.995016874814205	0.799927345628372	9.21264893032348e-09	59.560738437514	0.996013499851364
26.025	22.25	0.996311339967872	0.7999461379878	9.17719989475758e-09	59.4411546834137	0.997049071974298
26.175	22.25	0.997270176127806	0.79996009021727	9.14324013685175e-09	59.321462771161	0.997816140902245
26.325	22.25	0.99798014594529	0.799970433626962	9.11018518069497e-09	59.2016907563847	0.998384116756232
26.475	22.25	0.998505654707212	0.799978098173559	9.07759559676956e-09	59.0818594387187	0.99880452376577
26.625	22.25	0.998894473357901	0.799983778308861	9.04518729047731e-09	58.961984233374	0.999115578686321
26.775	22.25	0.99918202980827	0.799987989044879	9.01269393749894e-09	58.8420765620372	0.999345623846616
26.925	22.25	0.99939460087001	0.79999111108881	8.98001115759396e-09	58.7221448845794	0.999515680696008
27.075	22.25	0.999551676931002	0.7999934257392	8.94704969716195e-09	58.602195464052	0.999641341544802
27.225	22.25	0.999667711987448	0.79999514110766	8.91371558850903e-09	58.4822329341795	0.999734169589958
27.375	22.25	0.999753419908653	0.799996411466392	8.88000546142633e-09	58.3622607206306	0.999802735926922
27.525	22.25	0.999816736207258	0.79999735139275	8.84585622213274e-09	58.2422813539048	0.999853388965806
27.675	22.25	0.999863532816503	0.799998046093077	8.81128388259324e-09	58.1222967017445	0.999890826253202
27.825	22.25	0.999898149900202	0.799998558963541	8.77632795362376e-09	58.0023081417121	0.999918519920162
27.975	22.25	0.999923791678186	0.799998937161235	8.74096210278287e-09	57.8823166892394	0.999939033342549
28.125	22.25	0.999942820940921	0.79999921573694	8.70521951877535e-09	57.7623230925421	0.999954256752737
28.275	22.25	0.999956977996945	0.799999420714424	8.66913323473747e-09	57.6423279028869	0.999965582397556
28.425	22.25	0.999967543255853	0.799999571391908	8.63269037867882e-09	57.5223315265463	0.999974034604682
28.575	22.25	0.999975457806043	0.799999682062685	8.59596603907572e-09	57.4023342631609	0.999980366244834
28.725	22.25	0.999981412728963	0.799999763301112	8.5589175627029e-09	57.2823363340269	0.999985130183171
28.875	22.25	0.999985915176915	0.79999982292058	8.52165605657271e-09	57.1623379029255	0.999988732141532
29.025	22.25	0.999989337201668	0.799999866687578	8.4841518246391e-09	57.0423390914361	0.999991469761334
29.175	22.25	0.999991951790864	0.799999898851422	8.44645532600296e-09	56.9223399901762	0.999993561432691
29.325	22.25	0.999993959424988	0.799999922538301	8.40856749344831e-09	56.8023406670367	0.999995167539991
29.475	22.25	0.999995507614463	0.799999940043056	8.37053970464739e-09	56.682341173205	0.99999640609157
29.625	22.25	0.999996705242204	0.799999953046258	8.33237134132595e-09	56.5623415475617	0.999997364193763
29.775	22.25	0.999997633065897	0.799999962774638	8.2941138260341e-09	56.4423418198846	0.999998106452718
29.925	22.25	0.999998351385317	0.799999970120775	8.25577177347202e-09	56.3223420131806	0.999998681108253
30.075	22.25	0.999998905620686	0.79999997573161	8.21738310539227e-09	56.2023421453823	0.999999124496549
30.225	22.25	0.99999933035573	0.799999980074083	8.17895710198071e-09	56.082342230582	0.999999464284584
30.375	22.25	0.999999652255996	0.799999983483882	8.14054279892286e-09	55.9623422799318	0.999999721804797
30.525	22.25	0.999999892166622	0.799999986201314	8.10209941861065e-09	55.8423423023037	0.999999913733298
30.675	22.25	1.00000006661445	0.799999988398108	8.06371060367659e-09	55.7223423047754	1.00000005329156
30.825	22.25	1.00000018888045	0.799999990196495	8.02536179423516e-09	55.6023422929943	1.00000015110436
30.975	22.25	1.0000002697643	0.799999991683924	7.98709928052525e-09	55.4823422714514	1.00000021581144
31.125	22.25	1.00000031813024	0.799999992923118	7.94890723870882e-09	55.3623422436943	1.00000025450419
31.275	22.25	1.00000034129913	0.799999993959656	7.91082560389772e-09	55.2423422124935	1.00000027303931
31.425	22.25	1.00000034533335	0.799999994827366	7.87286119362859e-09	55.122342179977	1.00000027626668
31.575	22.25	1.00000033524795	0.799999995552001	7.8350549192472e-09	55.0023421477413	1.00000026819836
31.725	22.25	1.00000031517154	0.799999996153938	7.7973859945789e-09	54.8823421169438	1.00000025213723
31.875	22.25	1.00000028847336	0.799999996649822	7.75988677261097e-09	54.7623420883822	1.00000023077869
32.025	22.25	1.00000025786736	0.799999997053898	7.72257629789724e-09	54.642342062562	1.00000020629389
32.175	22.25	1.00000022550095	0.799999997378621	7.68548547713304e-09	54.5223420397555	1.00000018040076
32.325	22.25	1.00000019303281	0.799999997635241	7.64857791977936e-09	54.4023420200522	1.00000015442625
32.475	22.25	1.00000016170282	0.799999997833845	7.61191107484072e-09	54.2823420034026	1.00000012936226
32.625	22.25	1.00000013239564	0.79999999798388	7.57548473485531e-09	54.1623419896551	1.00000010591651
32.775	22.25	1.00000010569876	0.79999999809373	7.53931144281536e-09	54.0423419785875	1.00000008455901
32.925	22.25	1.00000008195546	0.799999998171133	7.50339401787379e-09	53.9223419699328	1.00000006556437
33.075	22.25	1.00000006131277	0.799999998222996	7.46775896691238e-09	53.8023419634007	1.00000004905022
33.225	22.25	1.00000004376432	0.79999999825532	7.43240520425455e-09	53.6823419586938	1.00000003501146
33.375	22.25	1.00000002918822	0.799999998273431	7.39735609847753e-09	53.5623419555213	1.00000002335057
33.525	22.25	1.00000001737986	0.79999999828187	7.36260961966351e-09	53.4423419536077	1.00000001390389
33.675	22.25	1.00000000807999	0.799999998284277	7.32817879742271e-09	53.3223419526998	1.00000000646399
33.825	22.25	1.00000000099788	0.79999999828371	7.29409029353011e-09	53.202341952571	1.0000000007983
33.975	22.25	0.99999999583026	0.799999998282668	7.26032276861554e-09	53.0823419530231	0.999999996664208
34.125	22.25	0.999999992276118	0.799999998282813	7.22690121185366e-09	52.9623419538868	0.999999993820895
34.275	22.25	0.999999990047858	0.799999998285525	7.19384816547774e-09	52.8423419550212	0.999999992038286
34.425	22.25	0.999999988879246	0.799999998291615	7.16114121478683e-09	52.722341956312	0.999999991103397
34.575	22.25	0.999999988530606	0.799999998301544	7.12881061331101e-09	52.6023419576689	0.999999990824485
34.725	22.25	0.999999988791708	0.799999998315529	7.0968604313203e-09	52.4823419590236	0.999999991033367
34.875	22.25	0.999999989482765	0.799999998333524	7.06529134968393e-09	52.3623419603263	0.999999991586212
35.025	22.25	0.999999990453974	0.799999998355276	7.0341193042305e-09	52.2423419615429	0.999999992363179
35.175	22.25	0.999999991583919	0.79999999838042	7.00333783319118e-09	52.1223419626525	0.999999993267135
35.325	22.25	0.999999992777297	0.799999998408465	6.97296843897516e-09	52.0023419636447	0.999999994221838
35.475	22.25	0.999999993962051	0.799999998439045	6.94300730014401e-09	51.8823419645167	0.999999995169641
35.625	22.25	0.999999995086342	0.79999999847166	6.91346861641439e-09	51.7623419652722	0.999999996069073
35.775	22.25	0.999999996115343	0.799999998505737	6.88434071954759e-09	51.6423419659187	0.999999996892274
35.925	22.25	0.999999997028268	0.799999998540907	6.85564361073588e-09	51.5223419664664	0.999999997622614
36.075	22.25	0.999999997815446	0.799999998576795	6.8273894272035e-09	51.402341966927	0.999999998252357
36.225	22.25	0.999999998475752	0.79999999861298	6.79956775397993e-09	51.2823419673127	0.999999998780602
36.375	22.25	0.999999999014289	0.799999998649232	6.77220204774271e-09	51.1623419676357	0.999999999211431
36.525	22.25	0.999999999440462	0.799999998685255	6.74525869216538e-09	51.0423419679072	0.99999999955237
36.675	22.25	0.999999999766326	0.799999998720886	6.71878411090463e-09	50.9223419681376	0.999999999813061
36.825	22.25	1.00000000000533	0.799999998755989	6.6927481045136e-09	50.8023419683358	1.00000000000427
36.975	22.25	1.00000000017135	0.799999998790426	6.66720011225316e-09	50.6823419685098	1.00000000013708
37.125	22.25	1.00000000027792	0.799999998824142	6.6420937695963e-09	50.5623419686658	1.00000000022233
37.275	22.25	1.0000000003377	0.799999998857048	6.61745817551484e-09	50.4423419688092	1.00000000027016
37.425	22.25	1.00000000036183	0.79999999888904	6.59330560403138e-09	50.3223419689438	1.00000000028946
37.575	22.25	1.00000000035913	0.79999999892005	6.56962219667999e-09	50.202341969073	1.00000000028731
37.725	22.25	1.00000000033566	0.799999998950229	6.54641188636291e-09	50.0823419691989	1.00000000026853
37.875	22.25	1.00000000029552	0.799999998980195	6.52369562382784e-09	49.9623419693234	1.00000000023642
38.025	22.25	1.00000000024452	0.799999999010943	6.50144819799913e-09	49.8423419694481	1.00000000019562
38.175	22.25	1.00000000019657	0.799999999043153	6.47970372776314e-09	49.7223419695732	1.00000000015726
38.325	22.25	1.00000000017807	0.799999999075415	6.45842790448465e-09	49.6023419696974	1.00000000014245
38.475	22.25	1.00000000021821	0.79999999910145	6.43765430948656e-09	49.4823419698164	1.00000000017457
38.625	22.25	1.0000000003104	0.79999999911072	6.41738291288891e-09	49.362341969925	1.00000000024832
38.775	22.25	1.00000000034602	0.799999999096791	6.39759542252517e-09	49.2423419700236	1.00000000027682
38.925	22.25	1.00000000007387	0.799999999077445	6.37831945786863e-09	49.1223419701296	1.0000000000591
39.075	22.25	0.999999999212032	0.799999999119045	6.35952804231833e-09	49.0023419702862	0.999999999369626
39.225	22.25	0.999999997861594	0.799999999330339	6.34124741078043e-09	48.8823419705452	0.999999998289275
39.375	22.25	0.999999997187171	0.799999999772816	6.32347173863315e-09	48.7623419708976	0.999999997749737
39.525	22.25	0.999999999800276	0.800000000252913	6.30620656906649e-09	48.6423419711534	0.99999999984022
39.675	22.25	1.00000000854991	0.800000000091974	6.28946136240815e-09	48.5223419708601	1.00000000683993
39.825	22.25	1.00000002228112	0.799999998207468	6.27320026995113e-09	48.4023419694842	1.0000000178249
39.975	22.25	1.00000002906866	0.799999994035726	6.25745157160459e-09	48.2823419671199	1.00000002325493
40.125	22.25	1.00000000269436	0.799999989561572	6.24224087781571e-09	48.1623419656923	1.00000000215549
40.275	22.25	0.999999915051612	0.799999991461645	6.22752637464163e-09	48.0423419697341	0.99999993204129
40.425	22.25	0.999999777875218	0.80000001012148	6.21333634876638e-09	47.9223419845639	0.999999822300174
40.575	22.25	0.999999707649967	0.80000005064613	6.19966729219823e-09	47.8023420093456	0.999999766119974
40.725	22.25	0.999999957517805	0.80000009384712	6.18651329260813e-09	47.6823420255012	0.999999966014244
40.875	22.25	1.00000079734946	0.800000077039138	6.17386672239726e-09	47.5623419893481	1.00000063787957
41.025	22.25	1.00000212196186	0.79999990450806	6.16175054714887e-09	47.4423418492984	1.00000169756949
41.175	22.25	1.00000285290255	0.799999530363476	6.15015104464858e-09	47.322341610579	1.00000228232204
41.325	22.25	1.00000065163097	0.799999128097191	6.13909708966917e-09	47.2023414424324	1.00000052130477
41.475	22.25	0.999993003857989	0.799999255639686	6.12856960123269e-09	47.0823417470369	0.999994403086391
41.625	22.25	0.999980706637734	0.80000075623234	6.11862109797842e-09	46.9623430089985	0.999984565310187
41.775	22.25	0.999973138463975	0.800004040845165	6.10916577547264e-09	46.8423452244962	0.99997851077118
41.925	22.25	0.999990827520695	0.800007657748611	6.1001059813042e-09	46.7223469541859	0.999992662016556
42.075	22.25	1.00005637953638	0.800006936356916	6.09133780465107e-09	46.6023446883045	1.0000451036291
42.225	22.25	1.00016528886159	0.799994824219536	6.08290734253722e-09	46.482334048314	1.00013223108927
42.375	22.25	1.00024184955331	0.799967674279086	6.07513621424119e-09	46.3623145057825	1.00019347964265
42.525	22.25	1.00011633628515	0.799936550544112	6.06888459982002e-09	46.2422973127923	1.00009306902812
42.675	22.25	0.999594226904816	0.799937860729779	6.06507675079215e-09	46.1223112058241	0.999675381523853
42.825	22.25	0.998683926301382	0.800027372510075	6.06370161909123e-09	46.0023938569562	0.998947141041106
42.975	22.25	0.997944673220248	0.800237006880208	6.06204879235515e-09	45.882555688867	0.998355738576198
43.125	22.25	0.998684258972852	0.80049000550609	6.0537895341741e-09	45.7627174945442	0.998947407178281
43.275	22.25	1.00248296175295	0.800522975169105	6.03128432093891e-09	45.6426614642253	1.00198636940236
43.425	22.25	1.00955927623523	0.799934825586296	5.99373392614214e-09	45.5220835616904	1.00764742098819
43.575	22.25	1.01623380737535	0.798479881609688	5.95889533693202e-09	45.4008457850371	1.01298704590028
43.725	22.25	1.01328677099869	0.796573391821656	5.96997296516988e-09	45.2794286287456	1.01062941679895
43.875	22.25	0.988680897760892	0.795833250606641	6.0863163439436e-09	45.1593336343128	0.990944718208713
44.025	22.25	0.93836789665883	0.799351007280093	6.34261029212572e-09	45.0428406018665	0.950694317327064
44.175	22.25	0.884673133489876	0.810192428677575	6.64235689746767e-09	44.9313520962616	0.907738506791901
44.325	22.25	0.889127901600251	0.824441952857277	6.61660024358382e-09	44.82220774224	0.911302321280201
44.475	22.25	1.03257195129575	0.826489829079416	5.87652040996432e-09	44.7059573366417	1.0260575610366
44.625	22.25	1.34924434174486	0.808622133012643	4.71215629405646e-09	44.5677999007659	1.27939547339589
44.775	22.25	1.764088117898	0.709537047537318	3.74063593773199e-09	44.3955930876425	1.6112704943184
44.925	22.25	2.11154506599211	0.834636814200099	3.18966129015454e-09	44.2248230679691	1.88923605279369
0.075	22.75	3.47473590374377e-16	0.399999999073047	-8.01297560372592e-08	65.3895333011831	0.2
0.225	22.75	1.09796500149675e-15	0.799999997219953	-8.00790472016938e-08	65.3655333012388	0.200000000000001
0.375	22.75	2.54818930339685e-15	0.799999995369514	-7.99776694507382e-08	65.3415333013499	0.200000000000002
0.525	22.75	4.61626587806367e-15	0.799999993522709	-7.98259757608653e-08	65.3175333015166	0.200000000000004
0.675	22.75	7.14881704109333e-15	0.799999991682134	-7.96239122751338e-08	65.2935333017386	0.200000000000006
0.825	22.75	9.93588440244342e-15	0.799999989849574	-7.93718377207113e-08	65.2695333020157	0.200000000000008
0.975	22.75	1.27379705104976e-14	0.799999988024919	-7.90699532030771e-08	65.2455333023476	0.20000000000001
1.125	22.75	1.52997075980241e-14	0.799999986211796	-7.87189259149075e-08	65.2215333027341	0.200000000000012
1.275	22.75	1.73403389509067e-14	0.79999998441083	-7.83190384615417e-08	65.1975333031749	0.200000000000014
1.425	22.75	1.85241248713364e-14	0.799999982623858	-7.78706047134417e-08	65.1735333036695	0.200000000000015
1.575	22.75	1.84215047862726e-14	0.799999980851713	-7.73747702340753e-08	65.1495333042175	0.200000000000015
1.725	22.75	1.64738682783224e-14	0.799999979097182	-7.68315235502541e-08	65.1255333048184	0.200000000000013
1.875	22.75	1.19727211332025e-14	0.799999977361097	-7.62420215871844e-08	65.1015333054716	0.20000000000001
2.025	22.75	4.06047086688986e-15	0.799999975644387	-7.56067124692208e-08	65.0775333061767	0.200000000000003
2.175	22.75	-8.24292133256261e-15	0.799999973948958	-7.49266343617217e-08	65.053533306933	0.199999999999993
2.325	22.75	-2.59845117656553e-14	0.79999997227716	-7.42024737745102e-08	65.0295333077398	0.199999999999979
2.475	22.75	-5.01910961072191e-14	0.799999970628542	-7.34352748533936e-08	65.0055333085964	0.19999999999996
2.625	22.75	-8.17460269288696e-14	0.799999969005351	-7.26258152230221e-08	64.9815333095021	0.199999999999935
2.775	22.75	-1.21225249853058e-13	0.79999996740914	-7.17753726297993e-08	64.957533310456	0.199999999999903
2.925	22.75	-1.68687701780678e-13	0.799999965840626	-7.08844823728685e-08	64.9335333114575	0.199999999999865
3.075	22.75	-2.23416659873357e-13	0.799999964301176	-6.99549761133668e-08	64.9095333125056	0.199999999999821
3.225	22.75	-2.83611683787957e-13	0.799999962791236	-6.89873197928619e-08	64.8855333135995	0.199999999999773
3.375	22.75	-3.4603570288807e-13	0.799999961313538	-6.79828812066766e-08	64.8615333147382	0.199999999999723
3.525	22.75	-4.05628557041436e-13	0.799999959866795	-6.69431842452879e-08	64.8375333159208	0.199999999999676
3.675	22.75	-4.55107097206611e-13	0.799999958454132	-6.58687577861026e-08	64.8135333171463	0.199999999999636
3.825	22.75	-4.84582710654199e-13	0.799999957074641	-6.47614466534335e-08	64.7895333184136	0.199999999999612
3.975	22.75	-4.81239931801276e-13	0.799999955730688	-6.36223703572771e-08	64.7655333197219	0.199999999999615
4.125	22.75	-4.29134281497431e-13	0.799999954422476	-6.24526585426967e-08	64.7415333210699	0.199999999999657
4.275	22.75	-3.09183326907662e-13	0.799999953150543	-6.12539375774433e-08	64.7175333224566	0.199999999999753
4.425	22.75	-9.9441241608876e-14	0.799999951915999	-6.00272537775114e-08	64.6935333238809	0.19999999999992
4.575	22.75	2.24237145042074e-13	0.799999950718578	-5.87739862337368e-08	64.6695333253417	0.200000000000179
4.725	22.75	6.87023475770068e-13	0.799999949560301	-5.74958895748876e-08	64.6455333268378	0.20000000000055
4.875	22.75	1.31330581440823e-12	0.799999948440234	-5.61938151960414e-08	64.6215333283679	0.200000000001051
5.025	22.75	2.12411118717269e-12	0.799999947359867	-5.48694259069918e-08	64.5975333299311	0.200000000001699
5.175	22.75	3.13363875702415e-12	0.799999946318452	-5.35240216826562e-08	64.573533331526	0.200000000002507
5.325	22.75	4.3448039212745e-12	0.799999945318359	-5.21590355701916e-08	64.5495333331513	0.200000000003476
5.475	22.75	5.74373367491308e-12	0.799999944357916	-5.07757168761572e-08	64.525533334806	0.200000000004595
5.625	22.75	7.29321585291755e-12	0.799999943437504	-4.9375683786905e-08	64.5015333364888	0.200000000005835
5.775	22.75	8.92519329771599e-12	0.799999942559039	-4.796031423209e-08	64.4775333381984	0.20000000000714
5.925	22.75	1.05325125465194e-11	0.799999941720722	-4.65307913060249e-08	64.4535333399335	0.200000000008426
6.075	22.75	1.19602879458187e-11	0.799999940923817	-4.50883698617951e-08	64.4295333416931	0.200000000009568
6.225	22.75	1.29974278472429e-11	0.79999994016713	-4.36347204703673e-08	64.4055333434758	0.200000000010398
6.375	22.75	1.33690888367568e-11	0.79999993945217	-4.2171129310942e-08	64.3815333452805	0.200000000010695
6.525	22.75	1.27310735467636e-11	0.799999938778013	-4.06986556772284e-08	64.3575333471061	0.200000000010185
6.675	22.75	1.06674601032593e-11	0.799999938144198	-3.92189330172069e-08	64.3335333489514	0.200000000008534
6.825	22.75	6.6930352618459e-12	0.799999937552039	-3.77329182711653e-08	64.3095333508154	0.200000000005354
6.975	22.75	2.62381560942642e-13	0.799999936999025	-3.6242085578404e-08	64.285533352697	0.20000000000021
7.125	22.75	-9.21228141060646e-12	0.799999936487414	-3.47476227021274e-08	64.2615333545954	0.19999999999263
7.275	22.75	-2.23322101397357e-11	0.7999999360149	-3.32507252227116e-08	64.2375333565096	0.199999999982134
7.425	22.75	-3.9669816448947e-11	0.799999935583328	-3.17526145693161e-08	64.2135333584388	0.199999999968264
7.575	22.75	-6.17105659382826e-11	0.799999935189541	-3.02545757399338e-08	64.1895333603822	0.199999999950632
7.725	22.75	-8.87769771481338e-11	0.799999934836259	-2.8757603127326e-08	64.1655333623392	0.199999999928978
7.875	22.75	-1.20933072940262e-10	0.799999934521037	-2.72626322502704e-08	64.1415333643091	0.199999999903254
8.025	22.75	-1.57868403672711e-10	0.79999993424425	-2.57710240920289e-08	64.1175333662912	0.199999999873705
8.175	22.75	-1.98761884615589e-10	0.799999934006163	-2.42836287176475e-08	64.0935333682848	0.19999999984099
8.325	22.75	-2.42127219980953e-10	0.79999993380479	-2.28015049993017e-08	64.069533370289	0.199999999806298
8.475	22.75	-2.85643666108233e-10	0.799999933641078	-2.13257009670312e-08	64.0455333723029	0.199999999771485
8.625	22.75	-3.25978344764713e-10	0.79999993351447	-1.98571984311392e-08	64.0215333743254	0.199999999739217
8.775	22.75	-3.58609259938846e-10	0.799999933423709	-1.8396780726793e-08	63.9975333763547	0.199999999713113
8.925	22.75	-3.7766157410829e-10	0.799999933368852	-1.69454517238934e-08	63.9735333783888	0.199999999697871
9.075	22.75	-3.75773500398949e-10	0.799999933349538	-1.55039576909172e-08	63.949533380425	0.199999999699381
9.225	22.75	-3.44012257154371e-10	0.79999993336479	-1.40730900401947e-08	63.92553338246	0.19999999972479
9.375	22.75	-2.71864747710674e-10	0.79999993341347	-1.26537435210619e-08	63.9015333844892	0.199999999782508
9.525	22.75	-1.47331746766774e-10	0.799999933495462	-1.12466139738022e-08	63.8775333865074	0.199999999882135
9.675	22.75	4.28418963366718e-11	0.799999933609283	-9.85228995007903e-09	63.8535333885078	0.200000000034274
9.825	22.75	3.12765547621858e-10	0.799999933753814	-8.47157106890045e-09	63.8295333904826	0.200000000250212
9.975	22.75	6.76792282309379e-10	0.799999933927589	-7.10506389946447e-09	63.8055333924225	0.200000000541434
10.125	22.75	1.14866216469754e-09	0.799999934129215	-5.75336987478167e-09	63.781533394317	0.20000000091893
10.275	22.75	1.74036398630396e-09	0.799999934356452	-4.41706225055718e-09	63.7575333961542	0.200000001392291
10.425	22.75	2.46068502262264e-09	0.799999934607243	-3.096708877739e-09	63.7335333979214	0.200000001968548
10.575	22.75	3.31342665083807e-09	0.799999934879031	-1.79278508991231e-09	63.7095333996053	0.200000002650741
10.725	22.75	4.29527591943975e-09	0.799999935169412	-5.05629250621114e-10	63.6855334011925	0.200000003436221
10.875	22.75	5.39333989630481e-09	0.79999993547514	7.64089310915721e-10	63.6615334026705	0.200000004314672
11.025	22.75	6.5823712570534e-09	0.799999935793048	2.01608425183656e-09	63.6375334040285	0.200000005265897
11.175	22.75	7.82174037541008e-09	0.799999936119649	3.24999361049629e-09	63.6135334052591	0.200000006257392
11.325	22.75	9.05224119103847e-09	0.799999936452012	4.46554722284356e-09	63.5895334063595	0.200000007241793
11.475	22.75	1.01928551483023e-08	0.799999936786698	5.66218439539194e-09	63.5655334073339	0.200000008154284
11.625	22.75	1.11376389814176e-08	0.799999937120543	6.83984152331293e-09	63.5415334081953	0.200000008910111
11.775	22.75	1.1752947164565e-08	0.79999993745112	7.99815893540668e-09	63.5175334089683	0.200000009402358
11.925	22.75	1.1875247124915e-08	0.799999937776915	9.13698606877021e-09	63.4935334096917	0.200000009500198
12.075	22.75	1.13098330852061e-08	0.799999938096963	1.02559938840644e-08	63.4695334104216	0.200000009047866
12.225	22.75	9.83079046871865e-09	0.799999938411533	1.13551953562843e-08	63.4455334112344	0.200000007864632
12.375	22.75	7.18260458663848e-09	0.799999938723642	1.24342658112487e-08	63.4215334122294	0.200000005746084
12.525	22.75	3.08384191912778e-09	0.799999939036711	1.34932508381445e-08	63.3975334135319	0.200000002467074
12.675	22.75	-2.76664340420379e-09	0.799999939357809	1.4531769506221e-08	63.3735334152951	0.199999997786685
12.825	22.75	-1.06805144577211e-08	0.799999939696432	1.5550074039055e-08	63.3495334177016	0.199999991455588
12.975	22.75	-2.09673096906625e-08	0.799999940064843	1.65478361496049e-08	63.325533420964	0.199999983226152
13.125	22.75	-3.39179204818253e-08	0.799999940479139	1.75253001686525e-08	63.3015334253234	0.199999972865664
13.275	22.75	-4.97837981410702e-08	0.799999940958835	1.84821066189335e-08	63.2775334310475	0.199999960172962
13.425	22.75	-6.87515640680892e-08	0.799999941527837	1.94185979149249e-08	63.2535334384244	0.199999944998749
13.575	22.75	-9.09127775275459e-08	0.799999942213365	2.03344885174568e-08	63.2295334477561	0.199999927269778
13.725	22.75	-1.16228707714896e-07	0.799999943047103	2.12300374223612e-08	63.2055334593469	0.199999907017034
13.875	22.75	-1.44490050638526e-07	0.799999944064697	2.2105258291472e-08	63.1815334734892	0.199999884407959
14.025	22.75	-1.75271611562006e-07	0.79999994530583	2.2960102445308e-08	63.1575334904451	0.199999859782711
14.175	22.75	-2.07882017945059e-07	0.79999994681416	2.37948911725463e-08	63.133533510423	0.199999833694386
14.325	22.75	-2.41308504511205e-07	0.799999948637134	2.46094885867926e-08	63.1095335335496	0.199999806953196
14.475	22.75	-2.74156678033723e-07	0.799999950826996	2.54042010026089e-08	63.085533559836	0.199999780674658
14.625	22.75	-3.04584866441778e-07	0.799999953440393	2.61789559563967e-08	63.061533589138	0.199999756332107
14.775	22.75	-3.30232107270908e-07	0.799999956541448	2.69340392544277e-08	63.0375336211098	0.199999735814314
14.925	22.75	-3.48137931598558e-07	0.799999960202754	2.76695427379769e-08	63.0135336551501	0.199999721489655
15.075	22.75	-3.54650715968238e-07	0.799999964510351	2.83857027502062e-08	62.9895336903401	0.199999716279427
15.225	22.75	-3.45319328182728e-07	0.799999969570898	2.9082630726071e-08	62.9655337253724	0.199999723744537
15.375	22.75	-3.14759848757675e-07	0.799999975519799	2.97604408033324e-08	62.9415337584672	0.199999748192121
15.525	22.75	-2.56484999603083e-07	0.79999998253767	3.04194834328613e-08	62.9175337872751	0.199999794812
15.675	22.75	-1.62678147919001e-07	0.799999990870207	3.10597350554027e-08	62.8935338087601	0.199999869857482
15.825	22.75	-2.38858369564503e-08	0.800000000857324	3.16816059556599e-08	62.8695338190571	0.19999998089133
15.975	22.75	1.71407992388703e-07	0.800000012975301	3.22852063169929e-08	62.8455338132947	0.200000137126394
16.125	22.75	4.37377547340575e-07	0.800000027892962	3.28707150367375e-08	62.8215337853682	0.200000349902038
16.275	22.75	7.91691706864024e-07	0.800000046549672	3.34384294527826e-08	62.7975337276446	0.200000633353365
16.425	22.75	1.25668935709974e-06	0.80000007026405	3.3988571449492e-08	62.7735336305704	0.200001005351486
16.575	22.75	1.86102719176378e-06	0.800000100876829	3.4521206952393e-08	62.7495334821444	0.200001488821753
16.725	22.75	2.64198172409313e-06	0.800000140949415	3.50367009953769e-08	62.7255332672006	0.200002113585379
16.875	22.75	3.64865169053772e-06	0.800000194029582	3.55352782082533e-08	62.7015329664269	0.200002918921352
17.025	22.75	4.94639322723645e-06	0.800000265009034	3.60170940245157e-08	62.6775325550175	0.200003957114582
17.175	22.75	6.62293559719211e-06	0.800000360605837	3.64824436857807e-08	62.6535320008185	0.200005298348478
17.325	22.75	8.79678029538262e-06	0.800000490014521	3.69314990436581e-08	62.6295312617769	0.200007037424236
17.475	22.75	1.16286959204702e-05	0.80000066578204	3.73644414586085e-08	62.6055302824348	0.200009302956736
17.625	22.75	1.5337405889507e-05	0.800000904995106	3.77815837664884e-08	62.5815289891185	0.200012269924712
17.775	22.75	2.02209528568654e-05	0.800001230882254	3.81829153052632e-08	62.5575272833498	0.200016176762286
17.925	22.75	2.66857451922716e-05	0.800001674969207	3.85687650083249e-08	62.5335250328367	0.200021348596154
18.075	22.75	3.52859841711148e-05	0.80000227996107	3.89393050901929e-08	62.5095220591779	0.200028228787337
18.225	22.75	4.67770796006141e-05	0.800003103566843	3.92945490765412e-08	62.4855181211108	0.20003742166368
18.375	22.75	6.2187850711127e-05	0.800004223588194	3.96344810545569e-08	62.4615128917297	0.200049750280569
18.525	22.75	8.29178945881746e-05	0.80000574474757	3.99592156651469e-08	62.4375059275651	0.200066334315671
18.675	22.75	0.000110868701773898	0.800007808016862	4.02685737317472e-08	62.4134966266948	0.200088694961419
18.825	22.75	0.000148620259007084	0.800010603556763	4.05624030892201e-08	62.3894841720856	0.200118896207206
18.975	22.75	0.00019966945935728	0.800014388685674	4.08402903032344e-08	62.3654674550134	0.200159735567486
19.125	22.75	0.00026875304868665	0.800019512331625	4.11016294740524e-08	62.3414449715387	0.200215002438949
19.275	22.75	0.000362286163105246	0.800026446996438	4.13455152310118e-08	62.3174146824296	0.200289828930484
19.425	22.75	0.000488957311392429	0.800035828558964	4.15706615805649e-08	62.2933738234761	0.200391165849114
19.575	22.75	0.000660531197005503	0.800048504169459	4.17751952737066e-08	62.2693186487078	0.200528424957604
19.725	22.75	0.000892922218046266	0.800065590762686	4.19567326775178e-08	62.2452440835469	0.200714337774437
19.875	22.75	0.00120761713668926	0.800088553155686	4.21116611149844e-08	62.22114325814	0.200966093709351
20.025	22.75	0.00163355413304441	0.800119321115887	4.22353511717206e-08	62.1970068822021	0.201306843306436
20.175	22.75	0.00220962180994545	0.80016047422633	4.23212401158651e-08	62.1728224096993	0.201767697447956
20.325	22.75	0.00298804038888958	0.800215520117619	4.23611419304333e-08	62.14857292126	0.202390432311112
20.475	22.75	0.00403902968615198	0.80028925940165	4.23435254673672e-08	62.1242356201817	0.203231223748922
20.625	22.75	0.00545732376544881	0.800388157290697	4.22539262280427e-08	62.0997797915976	0.204365859012359
20.775	22.75	0.00737118410083143	0.800520533725468	4.20729237520247e-08	62.0751640161893	0.205896947280665
20.925	22.75	0.00995447760242646	0.800696277626749	4.17759581752783e-08	62.0503323713587	0.207963582081941
21.075	22.75	0.0134420122123796	0.80092575037575	4.13319676045487e-08	62.0252093163728	0.210753609769904
21.225	22.75	0.0181476178557732	0.801217631804433	4.07036475886635e-08	61.9996929734439	0.214518094284619
21.375	22.75	0.0244834938454857	0.801575698379042	3.98494688701647e-08	61.9736466125282	0.219586795076389
21.525	22.75	0.0329782633398534	0.801994862160356	3.87271374503947e-08	61.9468883418585	0.226382610671883
21.675	22.75	0.0442900726659878	0.802457164906708	3.7301640720355e-08	61.9191793053359	0.23543205813279
21.825	22.75	0.0592098324350629	0.802928777355767	3.55546701527937e-08	61.8902110992893	0.24736786594805
21.975	22.75	0.0786480172390176	0.803359391072229	3.34954218649247e-08	61.859593671887	0.262918413791214
22.125	22.75	0.103596191338456	0.803685574592531	3.11677045829121e-08	61.8268457062478	0.282876953070765
22.275	22.75	0.135052303754407	0.803839320120877	2.86502507288646e-08	61.7913904339167	0.308041843003526
22.425	22.75	0.17389899469323	0.803761736582037	2.60478527830761e-08	61.7525608625531	0.339119195754584
22.575	22.75	0.220730586185657	0.803419688496515	2.34752828055301e-08	61.7096191238103	0.376584468948526
22.725	22.75	0.2756415281652	0.802820785632828	2.10383960344727e-08	61.6617942495326	0.42051322253216
22.875	22.75	0.338017857780091	0.802020574006725	1.88197144890437e-08	61.6083400971057	0.470414286224073
23.025	22.75	0.406404724889353	0.801116447067185	1.68701684986955e-08	61.5486096687751	0.525123779911482
23.175	22.75	0.478534573750295	0.800226925334639	1.52095512764744e-08	61.4821345080557	0.582827659000236
23.325	22.75	0.551566088138875	0.799461968014958	1.38320960498085e-08	61.4086913531065	0.6412528705111
23.475	22.75	0.62250130919919	0.798895926862863	1.27144614526069e-08	61.3283373234995	0.698001047359352
23.625	22.75	0.688659258978916	0.79855440718344	1.18238935580888e-08	61.2414022950021	0.750927407183133
23.775	22.75	0.748051811117396	0.798418740934098	1.11242419228058e-08	61.1484404063552	0.798441448893917
23.925	22.75	0.799557781892408	0.798442566154424	1.05806275783604e-08	61.0501551101015	0.839646225513927
24.075	22.75	0.842886470972353	0.798570847044491	1.01617134058307e-08	60.9473176202668	0.874309176777883
24.225	22.75	0.878398156476939	0.798753958785292	9.84064164390648e-09	60.840695764138	0.902718525181551
24.375	22.75	0.906872100756594	0.798954489686848	9.59534309436001e-09	60.7310026215696	0.925497680605275
24.525	22.75	0.929292198388487	0.799148193209833	9.40801273864781e-09	60.6188666060037	0.943433758710789
24.675	22.75	0.94668509424116	0.79932176966736	9.26458101533337e-09	60.5048196064635	0.957348075392928
24.825	22.75	0.96001677475335	0.799469689216771	9.15410655639328e-09	60.3892978586605	0.96801341980268
24.975	22.75	0.970138073154697	0.799591290009327	9.06815845467618e-09	60.2726503900973	0.976110458523758
25.125	22.75	0.977764769285886	0.79968859421502	9.00022389241197e-09	60.1551510324437	0.982211815428709
25.275	22.75	0.983479107320477	0.799764849212215	8.94548402135831e-09	60.0370113143268	0.986783285856381
25.425	22.75	0.987742791142612	0.799823638034634	8.90020454389328e-09	59.9183926566982	0.990194232914089
25.575	22.75	0.990914817890229	0.799868384061166	8.86166071058684e-09	59.7994170882078	0.992731854312183
25.725	22.75	0.993270126806271	0.799902109065109	8.82786062732861e-09	59.6801762094638	0.994616101445016
25.875	22.75	0.995016874815112	0.799927345554658	8.7972463954692e-09	59.560738433031	0.99601349985209
26.025	22.75	0.996311339968575	0.799946137910664	8.76876515127283e-09	59.4411546789418	0.99704907197486
26.175	22.75	0.997270176128349	0.799960090136855	8.74161769513019e-09	59.3214627667009	0.997816140902679
26.325	22.75	0.997980145945707	0.799970433543507	8.7152339646546e-09	59.2016907519369	0.998384116756566
26.475	22.75	0.998505654707528	0.799978098087071	8.68919854301528e-09	59.0818594342835	0.998804523766022
26.625	22.75	0.998894473358138	0.799983778219599	8.66321670751555e-09	58.9619842289519	0.99911557868651
26.775	22.75	0.999182029808441	0.799987988953025	8.63709707194469e-09	58.8420765576287	0.999345623846753
26.925	22.75	0.99939460087013	0.799991110994431	8.61070359773467e-09	58.7221448801849	0.999515680696104
27.075	22.75	0.999551676931091	0.799993425642414	8.58391218724135e-09	58.6021954596718	0.999641341544872
27.225	22.75	0.999667711987511	0.799995141008701	8.55668617142723e-09	58.482232929814	0.999734169590009
27.375	22.75	0.999753419908708	0.799996411365288	8.52897306933322e-09	58.3622607162801	0.999802735926966
27.525	22.75	0.999816736207304	0.799997351289686	8.50078200178462e-09	58.2422813495696	0.999853388965844
27.675	22.75	0.999863532816535	0.799998045988225	8.47211127255675e-09	58.1222966974249	0.999890826253228
27.825	22.75	0.999898149900223	0.7999985588569	8.44293838332188e-09	58.0023081374083	0.999918519920178
27.975	22.75	0.999923791678211	0.799998937053016	8.41328620970622e-09	57.8823166849518	0.999939033342569
28.125	22.75	0.999942820940936	0.799999215627249	8.38320838193391e-09	57.7623230882708	0.999954256752749
28.275	22.75	0.999956977996948	0.799999420603357	8.35267640930025e-09	57.6423278986322	0.999965582397559
28.425	22.75	0.999967543255863	0.799999571279531	8.3217640230037e-09	57.5223315223083	0.999974034604691
28.575	22.75	0.999975457806052	0.799999681949214	8.29043854177253e-09	57.4023342589398	0.999980366244842
28.725	22.75	0.999981412728968	0.799999763186526	8.2587941463554e-09	57.2823363298229	0.999985130183175
28.875	22.75	0.999985915176928	0.799999822805063	8.2267843973975e-09	57.1623378987388	0.999988732141542
29.025	22.75	0.999989337201688	0.799999866571152	8.19449751138513e-09	57.0423390872669	0.99999146976135
29.175	22.75	0.999991951790883	0.79999989873421	8.16193418328394e-09	56.9223399860244	0.999993561432706
29.325	22.75	0.999993959424991	0.799999922420425	8.1290996624005e-09	56.8023406629025	0.999995167539993
29.475	22.75	0.999995507614461	0.799999939924627	8.09606886022077e-09	56.6823411690886	0.999996406091569
29.625	22.75	0.99999670524221	0.799999952927278	8.06282583842287e-09	56.5623415434631	0.999997364193768
29.775	22.75	0.999997633065911	0.799999962655218	8.02941398152201e-09	56.4423418158039	0.999998106452729
29.925	22.75	0.999998351385319	0.79999997000102	7.99584450498786e-09	56.3223420091179	0.999998681108255
30.075	22.75	0.999998905620684	0.79999997561156	7.96213961873381e-09	56.2023421413376	0.999999124496547
30.225	22.75	0.999999330355737	0.799999979953828	7.92834444172767e-09	56.0823422265552	0.99999946428459
30.375	22.75	0.999999652256007	0.799999983363489	7.8944487085515e-09	55.9623422759231	0.999999721804805
30.525	22.75	0.999999892166623	0.799999986080908	7.86053499524894e-09	55.842342298313	0.999999913733298
30.675	22.75	1.00000006661444	0.799999988277674	7.8265329817328e-09	55.7223423008029	1.00000005329156
30.825	22.75	1.00000018888045	0.799999990076169	7.7925487161394e-09	55.6023422890397	1.00000015110436
30.975	22.75	1.00000026976429	0.799999991563726	7.75852195171407e-09	55.482342267515	1.00000021581143
31.125	22.75	1.00000031813024	0.799999992803109	7.72455016713595e-09	55.3623422397759	1.00000025450419
31.275	22.75	1.00000034129914	0.799999993839907	7.69059183298314e-09	55.242342208593	1.00000027303931
31.425	22.75	1.00000034533335	0.799999994707927	7.65670202886832e-09	55.1223421760945	1.00000027626668
31.575	22.75	1.00000033524795	0.799999995432945	7.62286601207668e-09	55.0023421438766	1.00000026819836
31.725	22.75	1.00000031517155	0.799999996035286	7.58912768677646e-09	54.882342113097	1.00000025213724
31.875	22.75	1.00000028847336	0.799999996531648	7.55548246430979e-09	54.7623420845531	1.00000023077869
32.025	22.75	1.00000025786736	0.799999996936254	7.5219795598451e-09	54.6423420587506	1.00000020629389
32.175	22.75	1.00000022550095	0.799999997261559	7.48857332226155e-09	54.5223420359617	1.00000018040076
32.325	22.75	1.0000001930328	0.799999997518813	7.45534517720184e-09	54.4023420162759	1.00000015442624
32.475	22.75	1.00000016170282	0.799999997718053	7.42227290585908e-09	54.2823419996438	1.00000012936226
32.625	22.75	1.00000013239564	0.799999997868816	7.38936354599369e-09	54.1623419859136	1.00000010591651
32.775	22.75	1.00000010569875	0.799999997979402	7.35664254028464e-09	54.0423419748632	1.000000084559
32.925	22.75	1.00000008195546	0.799999998057629	7.324132784722e-09	53.9223419662256	1.00000006556437
33.075	22.75	1.00000006131277	0.799999998110275	7.29184141847034e-09	53.8023419597104	1.00000004905022
33.225	22.75	1.00000004376432	0.799999998143533	7.25976907849338e-09	53.6823419550205	1.00000003501146
33.375	22.75	1.00000002918821	0.799999998162525	7.2279255230259e-09	53.5623419518646	1.00000002335057
33.525	22.75	1.00000001737986	0.799999998171848	7.19633795708464e-09	53.4423419499676	1.00000001390389
33.675	22.75	1.00000000808	0.799999998175258	7.16500795072829e-09	53.3223419490761	1.000000006464
33.825	22.75	1.00000000099788	0.799999998175744	7.13393551622259e-09	53.2023419489636	1.00000000079831
33.975	22.75	0.999999995830256	0.799999998175648	7.10315892486781e-09	53.0823419494318	0.999999996664205
34.125	22.75	0.999999992276114	0.799999998176929	7.0726555982198e-09	52.9623419503115	0.999999993820891
34.275	22.75	0.999999990047853	0.799999998180712	7.04244830715731e-09	52.8423419514617	0.999999992038282
34.425	22.75	0.999999988879242	0.79999999818791	7.01255601322332e-09	52.7223419527681	0.999999991103394
34.575	22.75	0.999999988530599	0.799999998199035	6.98296711822415e-09	52.6023419541405	0.99999999082448
34.725	22.75	0.999999988791708	0.799999998214206	6.95371051638069e-09	52.4823419555105	0.999999991033366
34.875	22.75	0.999999989482769	0.799999998233342	6.92477093726094e-09	52.3623419568283	0.999999991586215
35.025	22.75	0.999999990453971	0.799999998256344	6.89617771189267e-09	52.2423419580598	0.999999992363177
35.175	22.75	0.999999991583914	0.799999998282692	6.86793035053926e-09	52.1223419591842	0.999999993267132
35.325	22.75	0.999999992777293	0.799999998312093	6.84003431619717e-09	52.0023419601909	0.999999994221834
35.475	22.75	0.999999993962052	0.799999998343934	6.81249402103965e-09	51.8823419610773	0.999999995169642
35.625	22.75	0.999999995086341	0.799999998377796	6.78531727062742e-09	51.762341961847	0.999999996069073
35.775	22.75	0.999999996115339	0.799999998413243	6.75850401384318e-09	51.6423419625074	0.999999996892271
35.925	22.75	0.999999997028269	0.799999998449791	6.73207994329419e-09	51.5223419630689	0.999999997622615
36.075	22.75	0.999999997815449	0.799999998487023	6.70603733363568e-09	51.4023419635431	0.999999998252359
36.225	22.75	0.999999998475757	0.799999998524638	6.68040045754642e-09	51.2823419639422	0.999999998780606
36.375	22.75	0.999999999014289	0.799999998562246	6.65512762247256e-09	51.1623419642783	0.999999999211431
36.525	22.75	0.999999999440453	0.799999998599669	6.63026595401803e-09	51.0423419645628	0.999999999552362
36.675	22.75	0.999999999766326	0.799999998636743	6.6058153527034e-09	50.9223419648059	0.999999999813061
36.825	22.75	1.00000000000535	0.799999998673297	6.58176374476705e-09	50.8023419650166	1.00000000000428
36.975	22.75	1.00000000017136	0.799999998709216	6.55813258722617e-09	50.6823419652028	1.00000000013709
37.125	22.75	1.00000000027792	0.799999998744396	6.53491674028307e-09	50.562341965371	1.00000000022234
37.275	22.75	1.0000000003377	0.799999998778801	6.51213310947365e-09	50.4423419655262	1.00000000027016
37.425	22.75	1.00000000036184	0.799999998812263	6.4897615568888e-09	50.3223419656725	1.00000000028947
37.575	22.75	1.00000000035915	0.799999998844787	6.46782115490416e-09	50.202341965813	1.00000000028732
37.725	22.75	1.00000000033567	0.799999998876572	6.44632807253235e-09	50.0823419659501	1.00000000026853
37.875	22.75	1.00000000029553	0.799999998907971	6.42525612993156e-09	49.9623419660856	1.00000000023642
38.025	22.75	1.00000000024452	0.799999998940281	6.40463006178412e-09	49.8423419662209	1.00000000019562
38.175	22.75	1.00000000019657	0.799999998974087	6.38444909406114e-09	49.7223419663566	1.00000000015725
38.325	22.75	1.00000000017806	0.799999999007891	6.3647153225511e-09	49.602341966491	1.00000000014245
38.475	22.75	1.00000000021822	0.799999999035498	6.34543271079342e-09	49.48234196662	1.00000000017458
38.625	22.75	1.0000000003104	0.799999999046383	6.32661094705696e-09	49.3623419667384	1.00000000024832
38.775	22.75	1.00000000034602	0.799999999033985	6.30823203633689e-09	49.2423419668465	1.00000000027682
38.925	22.75	1.00000000007387	0.799999999016296	6.29030993597704e-09	49.1223419669618	1.0000000000591
39.075	22.75	0.999999999212039	0.799999999059465	6.27286939635434e-09	49.0023419671274	0.999999999369631
39.225	22.75	0.9999999978616	0.799999999272385	6.25588076804264e-09	48.8823419673952	0.99999999828928
39.375	22.75	0.99999999718717	0.799999999716491	6.23936082027672e-09	48.7623419677563	0.999999997749736
39.525	22.75	0.999999999800281	0.800000000198184	6.22330665730141e-09	48.6423419680204	0.999999999840225
39.675	22.75	1.00000000854991	0.800000000038928	6.20771242853485e-09	48.5223419677352	1.00000000683993
39.825	22.75	1.00000002228112	0.799999998156022	6.19259995461331e-09	48.4023419663671	1.00000001782489
39.975	22.75	1.00000002906866	0.799999993985966	6.17797016123455e-09	48.2823419640104	1.00000002325493
40.125	22.75	1.00000000269436	0.799999989513426	6.16381375959577e-09	48.1623419625901	1.00000000215549
40.275	22.75	0.999999915051614	0.799999991415173	6.15013981678379e-09	48.042341966639	0.999999932041291
40.425	22.75	0.999999777875218	0.800000010076679	6.13693564721125e-09	47.9223419814757	0.999999822300174
40.575	22.75	0.999999707649963	0.800000050602997	6.12420923062618e-09	47.802342006264	0.99999976611997
40.725	22.75	0.999999957517794	0.800000093805631	6.11196733378779e-09	47.682342022426	0.999999966014235
40.875	22.75	1.00000079734945	0.800000076999363	6.10021859797107e-09	47.5623419862789	1.00000063787956
41.025	22.75	1.00000212196186	0.799999904469955	6.08893357692807e-09	47.4423418462351	1.00000169756949
41.175	22.75	1.00000285290256	0.799999530327035	6.07814743665731e-09	47.3223416075213	1.00000228232205
41.325	22.75	1.00000065163097	0.799999128062426	6.0678692667058e-09	47.20234143938	1.00000052130477
41.475	22.75	0.999993003857991	0.799999255606632	6.05810619590366e-09	47.0823417439895	0.999994403086393
41.625	22.75	0.999980706637743	0.800000756200949	6.04884867787653e-09	46.962343005956	0.999984565310194
41.775	22.75	0.999973138463973	0.800004040815493	6.04006925813019e-09	46.8423452214583	0.999978510771178
41.925	22.75	0.999990827520699	0.800007657720636	6.03165990375297e-09	46.7223469511523	0.999992662016559
42.075	22.75	1.00005637953638	0.800006936330633	6.0235058719822e-09	46.602344685275	1.0000451036291
42.225	22.75	1.00016528886157	0.799994824194998	6.0156362311991e-09	46.4823340452883	1.00013223108926
42.375	22.75	1.00024184955326	0.799967674256242	6.00842734602389e-09	46.3623145027604	1.00019347964261
42.525	22.75	1.00011633628509	0.799936550522956	6.00266490922423e-09	46.2422973097735	1.00009306902807
42.675	22.75	0.999594226904768	0.799937860710366	5.99930750696829e-09	46.1223112028083	0.999675381523814
42.825	22.75	0.998683926301431	0.800027372492384	5.99832598955588e-09	46.0023938539432	0.998947141041145
42.975	22.75	0.997944673220469	0.800237006864213	5.99706849547222e-09	45.8825556858565	0.998355738576375
43.125	22.75	0.99868425897319	0.800490005491756	5.98921207690986e-09	45.762717491536	0.998947407178552
43.275	22.75	1.00248296175314	0.800522975156471	5.96725275379492e-09	45.642661461219	1.00198636940251
43.425	22.75	1.00955927623492	0.79993482557545	5.93037659993735e-09	45.5220835586859	1.00764742098794
43.575	22.75	1.01623380737438	0.798479881600646	5.89614636333749e-09	45.4008457820342	1.0129870458995
43.725	22.75	1.01328677099752	0.796573391814445	5.90733828417285e-09	45.279428625744	1.01062941679801
43.875	22.75	0.988680897760714	0.795833250601149	6.02266972006245e-09	45.1593336313123	0.990944718208571
44.025	22.75	0.938367896660849	0.799351007276047	6.27647094099491e-09	45.0428405988666	0.950694317328679
44.175	22.75	0.884673133493631	0.810192428674787	6.57323787118025e-09	44.9313520932618	0.907738506794905
44.325	22.75	0.889127901602236	0.824441952856269	6.5478574548167e-09	44.8222077392401	0.911302321281788
44.475	22.75	1.03257195129083	0.826489829081114	5.81554826626244e-09	44.7059573336418	1.02605756103266
44.625	22.75	1.34924434173093	0.808622133016547	4.66331522185289e-09	44.5677998977665	1.27939547338474
44.775	22.75	1.76408811787862	0.709537047541425	3.70189728499673e-09	44.3955930846438	1.6112704943029
44.925	22.75	2.11154506597186	0.834636814205568	3.15664063313625e-09	44.224823064971	1.88923605277749
0.075	23.25	3.47473593973011e-16	0.399999999152826	-7.42160898841739e-08	65.3895333088871	0.2
0.225	23.25	1.09796499003689e-15	0.799999997459146	-7.41706784764717e-08	65.365533308938	0.200000000000001
0.375	23.25	2.54818931991482e-15	0.799999995768022	-7.40798003426452e-08	65.3415333090396	0.200000000000002
0.525	23.25	4.61626584697298e-15	0.799999994080421	-7.39436614720062e-08	65.3175333091919	0.200000000000004
0.675	23.25	7.14881706989871e-15	0.79999999239783	-7.37623773516306e-08	65.2935333093947	0.200000000000006
0.825	23.25	9.93588434815013e-15	0.799999990721749	-7.35362804440825e-08	65.269533309648	0.200000000000008
0.975	23.25	1.27379705534604e-14	0.799999989053884	-7.32654487752044e-08	65.2455333099514	0.20000000000001
1.125	23.25	1.52997075204916e-14	0.799999987395025	-7.29504793173537e-08	65.2215333103048	0.200000000000012
1.275	23.25	1.73403390151293e-14	0.799999985747271	-7.25915238654257e-08	65.1975333107077	0.200000000000014
1.425	23.25	1.85241247778494e-14	0.799999984111672	-7.21892061727105e-08	65.1735333111599	0.200000000000015
1.575	23.25	1.8421504889275e-14	0.799999982489792	-7.17438391669114e-08	65.149533311661	0.200000000000015
1.725	23.25	1.64738681906411e-14	0.799999980882665	-7.12561644786322e-08	65.1255333122105	0.200000000000013
1.875	23.25	1.19727213112142e-14	0.799999979291735	-7.07266852496009e-08	65.1015333128081	0.20000000000001
2.025	23.25	4.06047083010814e-15	0.799999977718171	-7.0156007569466e-08	65.077533313453	0.200000000000003
2.175	23.25	-8.24292101740274e-15	0.799999976163459	-6.95449988233236e-08	65.053533314145	0.199999999999993
2.325	23.25	-2.59845116790395e-14	0.799999974629005	-6.88941377898048e-08	65.0295333148832	0.199999999999979
2.475	23.25	-5.01910955690455e-14	0.799999973115878	-6.82042981914126e-08	65.0055333156672	0.19999999999996
2.625	23.25	-8.1746026629582e-14	0.799999971623962	-6.7476452011942e-08	64.9815333164963	0.199999999999935
2.775	23.25	-1.21225249005178e-13	0.799999970156687	-6.67112426546446e-08	64.9575333173698	0.199999999999903
2.925	23.25	-1.68687701200892e-13	0.799999968713901	-6.59096814649809e-08	64.9335333182869	0.199999999999865
3.075	23.25	-2.2341665868585e-13	0.799999967295908	-6.5072643828204e-08	64.909533319247	0.199999999999821
3.225	23.25	-2.83611682961637e-13	0.799999965904602	-6.42012261897949e-08	64.8855333202492	0.199999999999773
3.375	23.25	-3.46035701493634e-13	0.799999964541541	-6.32963375161842e-08	64.8615333212928	0.199999999999723
3.525	23.25	-4.05628556237658e-13	0.799999963206295	-6.23588974973944e-08	64.8375333223768	0.199999999999676
3.675	23.25	-4.55107096060106e-13	0.799999961901056	-6.13904448123501e-08	64.8135333235005	0.199999999999636
3.825	23.25	-4.84582710559644e-13	0.79999996062508	-6.03914689970784e-08	64.7895333246628	0.199999999999612
3.975	23.25	-4.81239931875279e-13	0.799999959380568	-5.93632846075851e-08	64.765533325863	0.199999999999615
4.125	23.25	-4.29134283412355e-13	0.799999958167399	-5.83071829338312e-08	64.7415333271001	0.199999999999657
4.275	23.25	-3.09183329865841e-13	0.799999956986522	-5.72240199196365e-08	64.7175333283731	0.199999999999753
4.425	23.25	-9.94412475696796e-14	0.799999955838878	-5.6115288760461e-08	64.693533329681	0.19999999999992
4.575	23.25	2.2423713681321e-13	0.799999954725012	-5.49819409825395e-08	64.6695333310228	0.200000000000179
4.725	23.25	6.87023463096738e-13	0.799999953644674	-5.38253237810319e-08	64.6455333323974	0.20000000000055
4.875	23.25	1.31330579810054e-12	0.799999952599236	-5.26463946215813e-08	64.6215333338039	0.200000000001051
5.025	23.25	2.12411116505074e-12	0.799999951588666	-5.14466110864788e-08	64.5975333352412	0.200000000001699
5.175	23.25	3.13363873029631e-12	0.799999950613488	-5.02269561609306e-08	64.5735333367082	0.200000000002507
5.325	23.25	4.34480388818641e-12	0.799999949674298	-4.89889343951574e-08	64.5495333382038	0.200000000003476
5.475	23.25	5.74373363763838e-12	0.799999948771026	-4.77335664073208e-08	64.5255333397269	0.200000000004595
5.625	23.25	7.29321581082306e-12	0.799999947903764	-4.64621221050065e-08	64.5015333412765	0.200000000005835
5.775	23.25	8.92519325477016e-12	0.799999947072963	-4.51757380919356e-08	64.4775333428513	0.20000000000714
5.925	23.25	1.05325125041658e-11	0.79999994627933	-4.38757227268875e-08	64.4535333444503	0.200000000008426
6.075	23.25	1.19602879108362e-11	0.799999945521963	-4.2563210849745e-08	64.4295333460725	0.200000000009568
6.225	23.25	1.29974278242363e-11	0.799999944801708	-4.12395722084967e-08	64.4055333477167	0.200000000010398
6.375	23.25	1.33690888362821e-11	0.799999944118063	-3.99055342700039e-08	64.3815333493819	0.200000000010695
6.525	23.25	1.27310735774844e-11	0.799999943471211	-3.85628582079255e-08	64.3575333510671	0.200000000010185
6.675	23.25	1.06674601799801e-11	0.799999942861451	-3.7212274510855e-08	64.3335333527712	0.200000000008534
6.825	23.25	6.69303539743494e-12	0.799999942287711	-3.58551827247397e-08	64.3095333544934	0.200000000005354
6.975	23.25	2.62381773718755e-13	0.799999941751166	-3.44925068786238e-08	64.2855333562326	0.20000000000021
7.125	23.25	-9.21228110499236e-12	0.799999941250726	-3.3125439823275e-08	64.2615333579882	0.19999999999263
7.275	23.25	-2.23322097223271e-11	0.799999940786205	-3.17551455330127e-08	64.2375333597594	0.199999999982134
7.425	23.25	-3.96698159053069e-11	0.799999940358484	-3.03825219289255e-08	64.2135333615453	0.199999999968264
7.575	23.25	-6.17105652548607e-11	0.799999939965562	-2.90087651061791e-08	64.1895333633455	0.199999999950632
7.725	23.25	-8.87769763192556e-11	0.799999939608978	-2.76347665220037e-08	64.1655333651592	0.199999999928978
7.875	23.25	-1.20933071967863e-10	0.799999939287716	-2.62618003144836e-08	64.141533366986	0.199999999903254
8.025	23.25	-1.57868402571608e-10	0.799999939000854	-2.48904157014678e-08	64.1175333688252	0.199999999873705
8.175	23.25	-1.98761883417519e-10	0.799999938749461	-2.35218414487261e-08	64.0935333706763	0.19999999984099
8.325	23.25	-2.4212721873682e-10	0.799999938532338	-2.21571697199426e-08	64.0695333725384	0.199999999806298
8.475	23.25	-2.85643664897149e-10	0.799999938349194	-2.07967715112523e-08	64.0455333744108	0.199999999771485
8.625	23.25	-3.25978343691199e-10	0.799999938199955	-1.94418705276049e-08	64.0215333762923	0.199999999739217
8.775	23.25	-3.58609259147299e-10	0.799999938084314	-1.80933584112758e-08	63.9975333781814	0.199999999713113
8.925	23.25	-3.77661573772324e-10	0.799999938001676	-1.67517216284848e-08	63.9735333800761	0.199999999697871
9.075	23.25	-3.7577350074108e-10	0.799999937951479	-1.54181153498368e-08	63.9495333819738	0.199999999699381
9.225	23.25	-3.44012258423881e-10	0.799999937933577	-1.40931996729897e-08	63.9255333838712	0.19999999972479
9.375	23.25	-2.71864750207935e-10	0.799999937947027	-1.27774720955898e-08	63.9015333857638	0.199999999782508
9.525	23.25	-1.47331750804877e-10	0.799999937991078	-1.1471820585208e-08	63.8775333876465	0.199999999882135
9.675	23.25	4.28418904034105e-11	0.799999938064672	-1.01768355195488e-08	63.8535333895127	0.200000000034274
9.825	23.25	3.12765539457865e-10	0.799999938166852	-8.89321959681872e-09	63.8295333913544	0.200000000250212
9.975	23.25	6.7679227156547e-10	0.799999938296576	-7.62154581246139e-09	63.8055333931626	0.200000000541434
10.125	23.25	1.14866215109768e-09	0.799999938451949	-6.36240764943839e-09	63.7815333949267	0.20000000091893
10.275	23.25	1.74036396960821e-09	0.799999938631177	-5.11624405443404e-09	63.7575333966349	0.200000001392291
10.425	23.25	2.46068500274501e-09	0.799999938832301	-3.883656314933e-09	63.7335333982747	0.200000001968548
10.575	23.25	3.31342662780144e-09	0.799999939052884	-2.66518567316958e-09	63.7095333998326	0.200000002650741
10.725	23.25	4.29527589352804e-09	0.799999939290353	-1.46123969344393e-09	63.6855334012953	0.200000003436221
10.875	23.25	5.39333986800248e-09	0.799999939541886	-2.72187633479559e-10	63.6615334026504	0.200000004314672
11.025	23.25	6.58237122722959e-09	0.799999939804309	9.01503933775591e-10	63.6375334038873	0.200000005265897
11.175	23.25	7.82174034523378e-09	0.799999940074331	2.05949150053052e-09	63.6135334049984	0.200000006257392
11.325	23.25	9.05224116218824e-09	0.799999940348735	3.20132159603948e-09	63.5895334059811	0.200000007241793
11.475	23.25	1.01928551228401e-08	0.799999940624596	4.32682890446672e-09	63.5655334068394	0.200000008154284
11.625	23.25	1.11376389620141e-08	0.799999940898756	5.43563940981574e-09	63.5415334075865	0.200000008910111
11.775	23.25	1.17529471543102e-08	0.799999941168801	6.52752900331464e-09	63.5175334082471	0.200000009402358
11.925	23.25	1.1875247127542e-08	0.799999941433119	7.60217013491365e-09	63.4935334088599	0.200000009500198
12.075	23.25	1.13098331048185e-08	0.799999941691055	8.65938022800218e-09	63.469533409481	0.200000009047866
12.225	23.25	9.83079050999145e-09	0.799999941943435	9.69895468371484e-09	63.4455334101869	0.200000007864632
12.375	23.25	7.18260465443263e-09	0.79999994219204	1.07207903074442e-08	63.4215334110769	0.200000005746084
12.525	23.25	3.08384201865624e-09	0.799999942441673	1.17246136549042e-08	63.3975334122763	0.200000002467074
12.675	23.25	-2.76664326789788e-09	0.799999942698875	1.27104406943609e-08	63.3735334139383	0.199999997786685
12.825	23.25	-1.06805142796466e-08	0.799999942973093	1.36779949187234e-08	63.3495334162456	0.199999991455589
12.975	23.25	-2.09673094665529e-08	0.799999943277206	1.46272720386719e-08	63.3255334194106	0.199999983226152
13.125	23.25	-3.39179202080722e-08	0.79999994362696	1.55581470290383e-08	63.3015334236747	0.199999972865664
13.275	23.25	-4.97837978155353e-08	0.799999944042168	1.64707566956749e-08	63.2775334293052	0.199999960172962
13.425	23.25	-6.87515636900979e-08	0.799999944546154	1.73647306464559e-08	63.2535334365906	0.199999944998749
13.575	23.25	-9.091277709882e-08	0.799999945167001	1.82403220273999e-08	63.2295334458327	0.199999927269778
13.725	23.25	-1.16228707239568e-07	0.799999945936334	1.90974026902166e-08	63.2055334573359	0.199999907017034
13.875	23.25	-1.44490050124119e-07	0.799999946889342	1.99361093229521e-08	63.1815334713925	0.19999988440796
14.025	23.25	-1.7527161101949e-07	0.799999948066371	2.07563997745857e-08	63.1575334882646	0.199999859782711
14.175	23.25	-2.07882017389811e-07	0.799999949510646	2.15582843956041e-08	63.1335335081606	0.199999833694386
14.325	23.25	-2.41308503963081e-07	0.799999951269895	2.23418799868553e-08	63.1095335312073	0.199999806953197
14.475	23.25	-2.74156677517929e-07	0.799999953396044	2.31072004082339e-08	63.0855335574157	0.199999780674658
14.625	23.25	-3.04584865988953e-07	0.799999955946785	2.3854332083712e-08	63.0615335866416	0.199999756332107
14.775	23.25	-3.30232106917864e-07	0.799999958985022	2.45834142768372e-08	63.0375336185392	0.199999735814314
14.925	23.25	-3.48137931388517e-07	0.799999962584002	2.52945906762595e-08	63.0135336525071	0.199999721489655
15.075	23.25	-3.54650715951471e-07	0.79999996683001	2.598780912724e-08	62.9895336876266	0.199999716279427
15.225	23.25	-3.45319328417071e-07	0.799999971829112	2.66632818861059e-08	62.9655337225902	0.199999723744537
15.375	23.25	-3.14759849309418e-07	0.799999977717304	2.73212080228535e-08	62.9415337556182	0.199999748192121
15.525	23.25	-2.56485000548131e-07	0.799999984675278	2.79616677411552e-08	62.917533784361	0.199999794812
15.675	23.25	-1.62678149344552e-07	0.799999992947989	2.85848382902637e-08	62.8935338057828	0.199999869857481
15.825	23.25	-2.38858389634926e-08	0.800000002875979	2.9190859510462e-08	62.8695338160184	0.199999980891329
15.975	23.25	1.71407989681754e-07	0.800000014935819	2.97797850134062e-08	62.8455338101963	0.200000137126392
16.125	23.25	4.37377543792871e-07	0.800000029795457	3.03519958389375e-08	62.8215337822119	0.200000349902035
16.275	23.25	7.91691702304775e-07	0.800000048395614	3.09075013409325e-08	62.7975337244321	0.200000633353362
16.425	23.25	1.25668935131881e-06	0.800000072053115	3.14464450340333e-08	62.7735336273033	0.200001005351481
16.575	23.25	1.86102718449716e-06	0.800000102610144	3.19691747438856e-08	62.7495334788245	0.200001488821748
16.725	23.25	2.64198171500565e-06	0.800000142627879	3.24757615705548e-08	62.7255332638295	0.200002113585372
16.875	23.25	3.64865167919666e-06	0.800000195653726	3.29663395274305e-08	62.7015329630062	0.200002918921343
17.025	23.25	4.94639321308013e-06	0.800000266579373	3.34411117525397e-08	62.6775325515489	0.20000395711457
17.175	23.25	6.62293557948601e-06	0.800000362123337	3.39004004717625e-08	62.6535319973037	0.200005298348464
17.325	23.25	8.79678027316345e-06	0.800000491479805	3.43441484863755e-08	62.6295312582173	0.200007037424219
17.475	23.25	1.16286958924725e-05	0.800000667195856	3.47727536118371e-08	62.605530278832	0.200009302956714
17.625	23.25	1.53374058540711e-05	0.800000906357976	3.51862995647314e-08	62.5815289854741	0.200012269924683
17.775	23.25	2.02209528118114e-05	0.800001232195185	3.55848579903198e-08	62.5575272796653	0.200016176762249
17.925	23.25	2.66857451347497e-05	0.800001676232767	3.59686047874723e-08	62.5335250291135	0.200021348596108
18.075	23.25	3.52859840974053e-05	0.800002281176195	3.63377040992075e-08	62.5095220554175	0.200028228787278
18.225	23.25	4.67770795058784e-05	0.800003104733673	3.66920799740093e-08	62.4855181173147	0.200037421663605
18.375	23.25	6.21878505890913e-05	0.800004224707929	3.7032075427302e-08	62.4615128878994	0.200049750280471
18.525	23.25	8.29178944307421e-05	0.800005745820667	3.73572271448164e-08	62.4375059237018	0.200066334315545
18.675	23.25	0.000110868701570647	0.80000780904439	3.76678081459546e-08	62.4134966228	0.200088694961257
18.825	23.25	0.000148620258744652	0.800010604538929	3.79634025629653e-08	62.3894841681607	0.200118896206996
18.975	23.25	0.000199669459018597	0.800014389623305	3.82436276199481e-08	62.3654674510598	0.200159735567215
19.125	23.25	0.000268753048250009	0.800019513225566	3.85080123751157e-08	62.3414449675576	0.2002150024386
19.275	23.25	0.000362286162543097	0.80002644784723	3.87555764509494e-08	62.3174146784223	0.200289828930034
19.425	23.25	0.00048895731066998	0.800035829367465	3.89850896737242e-08	62.2933738194439	0.200391165848536
19.575	23.25	0.000660531196079128	0.800048504935893	3.91949945899348e-08	62.2693186446521	0.200528424956863
19.725	23.25	0.000892922216861526	0.800065591487778	3.9382657997893e-08	62.2452440794688	0.200714337773489
19.875	23.25	0.00120761713517871	0.800088553840231	3.95447928820537e-08	62.2211432540408	0.200966093708143
20.025	23.25	0.00163355413112504	0.800119321760524	3.96771034024778e-08	62.197006878083	0.2013068433049
20.175	23.25	0.00220962180751608	0.800160474831728	3.97734975496718e-08	62.1728224055616	0.201767697446013
20.325	23.25	0.00298804038582766	0.800215520684255	3.98259619817783e-08	62.1485729171048	0.202390432308662
20.475	23.25	0.00403902968231075	0.800289259930139	3.98238397355726e-08	62.1242356160102	0.203231223745849
20.625	23.25	0.00545732376065448	0.800388157781958	3.97533785574543e-08	62.0997797874109	0.204365859008524
20.775	23.25	0.00737118409488318	0.800520534180068	3.95963095833933e-08	62.0751640119886	0.205896947275907
20.925	23.25	0.00995447759509801	0.800696278045715	3.93292826609793e-08	62.0503323671451	0.207963582076078
21.075	23.25	0.0134420122034272	0.800925750759799	3.89231221213272e-08	62.0252093121473	0.210753609762742
21.225	23.25	0.0181476178449495	0.801217632154058	3.83425995160615e-08	61.9996929692077	0.21451809427596
21.375	23.25	0.0244834938325604	0.801575698696089	3.754815033403e-08	61.9736466082823	0.219586795066048
21.525	23.25	0.0329782633246367	0.801994862445548	3.65001927467748e-08	61.9468883376039	0.226382610659709
21.675	23.25	0.044290072648363	0.802457165161788	3.51652524962586e-08	61.9191793010735	0.23543205811869
21.825	23.25	0.0592098324150171	0.802928777581982	3.3526185958085e-08	61.8902110950201	0.247367865932014
21.975	23.25	0.0786480172166698	0.803359391271638	3.15913986970745e-08	61.8595936676118	0.262918413773336
22.125	23.25	0.103596191314082	0.803685574766715	2.94021563664939e-08	61.8268457019671	0.282876953051265
22.275	23.25	0.135052303728467	0.803839320272387	2.70328056432826e-08	61.7913904296314	0.308041842982773
22.425	23.25	0.173898994666404	0.803761736712562	2.45821366159126e-08	61.7525608582635	0.339119195733123
22.575	23.25	0.220730586158813	0.80341968860852	2.21585276453916e-08	61.7096191195168	0.376584468927051
22.725	23.25	0.275641528139384	0.802820785728069	1.9862349430578e-08	61.6617942452355	0.420513222511508
22.875	23.25	0.338017857756404	0.802020574087142	1.77713278012587e-08	61.6083400928051	0.470414286205123
23.025	23.25	0.406404724868828	0.80111644713437	1.59339683231936e-08	61.5486096644712	0.525123779895063
23.175	23.25	0.478534573733732	0.800226925390105	1.43691619607246e-08	61.4821345037485	0.582827658986986
23.325	23.25	0.551566088126693	0.799461968059978	1.30715776955873e-08	61.4086913487961	0.641252870501354
23.475	23.25	0.622501309191352	0.798895926898544	1.20194726030922e-08	61.328337319186	0.698001047353082
23.625	23.25	0.688659258974978	0.798554407210685	1.11818159911984e-08	61.2414022906857	0.750927407179983
23.775	23.25	0.748051811116618	0.798418740953601	1.05247347464357e-08	61.1484404020363	0.798441448893294
23.925	23.25	0.799557781893937	0.798442566166805	1.00152795993923e-08	61.0501551057806	0.83964622551515
24.075	23.25	0.842886470975374	0.798570847050252	9.62377828211042e-09	60.9473176159446	0.8743091767803
24.225	23.25	0.878398156480743	0.798753958784824	9.3249491173337e-09	60.840695759815	0.902718525184594
24.375	23.25	0.906872100760654	0.798954489680445	9.09783642887066e-09	60.7310026172467	0.925497680608523
24.525	23.25	0.929292198392444	0.799148193197823	8.92564400612158e-09	60.6188666016817	0.943433758713955
24.675	23.25	0.946685094244782	0.799321769649991	8.79506988390615e-09	60.5048196021433	0.957348075395826
24.825	23.25	0.960016774756525	0.799469689194333	8.69571651147602e-09	60.3892978543428	0.96801341980522
24.975	23.25	0.970138073157403	0.799591289982025	8.61955886935026e-09	60.272650385783	0.976110458525922
25.125	23.25	0.977764769288131	0.799688594183023	8.56049665676705e-09	60.1551510281335	0.982211815430505
25.275	23.25	0.983479107322309	0.799764849175728	8.51385879733418e-09	60.0370113100215	0.986783285857847
25.425	23.25	0.987742791144079	0.799823637993811	8.47615210515501e-09	59.9183926523985	0.990194232915263
25.575	23.25	0.990914817891393	0.799868384016271	8.44479007704772e-09	59.7994170839143	0.992731854313115
25.725	23.25	0.99327012680719	0.799902109016268	8.4178173942733e-09	59.6801762051772	0.994616101445752
25.875	23.25	0.995016874815833	0.799927345502082	8.3938374132444e-09	59.5607384287519	0.996013499852666
26.025	23.25	0.996311339969125	0.799946137854437	8.371776067938e-09	59.4411546746708	0.9970490719753
26.175	23.25	0.99727017612877	0.799960090077209	8.35091345448739e-09	59.3214627624385	0.997816140903016
26.325	23.25	0.997980145946028	0.799970433480556	8.33067719606141e-09	59.2016907476836	0.998384116756823
26.475	23.25	0.998505654707778	0.799978098021037	8.31069127572834e-09	59.0818594300398	0.998804523766222
26.625	23.25	0.998894473358332	0.799983778150571	8.2906783082312e-09	58.9619842247184	0.999115578686666
26.775	23.25	0.99918202980859	0.799987988881112	8.27041425674536e-09	58.8420765534058	0.999345623846872
26.925	23.25	0.999394600870241	0.799991110919828	8.24981705011027e-09	58.7221448759729	0.999515680696193
27.075	23.25	0.999551676931176	0.799993425565259	8.22873614753235e-09	58.6021954554712	0.999641341544941
27.225	23.25	0.999667711987575	0.799995140929112	8.20717853882187e-09	58.4822329256251	0.99973416959006
27.375	23.25	0.999753419908754	0.79999641128341	8.18506745381047e-09	58.3622607121034	0.999802735927003
27.525	23.25	0.999816736207335	0.799997351205607	8.162423398955e-09	58.2422813454053	0.999853388965868
27.675	23.25	0.999863532816563	0.799998045902077	8.13921086442754e-09	58.1222966932734	0.999890826253251
27.825	23.25	0.999898149900255	0.799998558768828	8.11543256058449e-09	58.0023081332698	0.999918519920204
27.975	23.25	0.999923791678235	0.799998936963088	8.0911505178667e-09	57.8823166808266	0.999939033342588
28.125	23.25	0.999942820940958	0.799999215535627	8.06632536561941e-09	57.7623230841593	0.999954256752767
28.275	23.25	0.999956977996974	0.79999942051014	8.04102635788807e-09	57.6423278945345	0.999965582397579
28.425	23.25	0.999967543255878	0.799999571184828	8.0152469317568e-09	57.5223315182248	0.999974034604703
28.575	23.25	0.999975457806058	0.799999681853105	7.98904290926765e-09	57.4023342548706	0.999980366244847
28.725	23.25	0.999981412728973	0.799999763089116	7.96238545092204e-09	57.2823363257682	0.999985130183178
28.875	23.25	0.999985915176938	0.799999822706513	7.93535683142547e-09	57.1623378946988	0.99998873214155
29.025	23.25	0.999989337201691	0.799999866471466	7.90796394373927e-09	57.0423390832417	0.999991469761353
29.175	23.25	0.999991951790881	0.799999898633544	7.88022019956158e-09	56.9223399820143	0.999993561432705
29.325	23.25	0.999993959424991	0.799999922318786	7.8521744379915e-09	56.8023406589076	0.999995167539993
29.475	23.25	0.999995507614465	0.799999939822207	7.82383485411368e-09	56.682341165109	0.999996406091572
29.625	23.25	0.999996705242205	0.799999952824124	7.79522325649554e-09	56.5623415394989	0.999997364193764
29.775	23.25	0.999997633065898	0.799999962551384	7.76639714060394e-09	56.4423418118552	0.999998106452718
29.925	23.25	0.999998351385314	0.799999969896569	7.73731592062474e-09	56.3223420051848	0.999998681108251
30.075	23.25	0.999998905620688	0.799999975506669	7.70806852038637e-09	56.2023421374202	0.999999124496551
30.225	23.25	0.999999330355744	0.799999979848458	7.6786548467541e-09	56.0823422226537	0.999999464284595
30.375	23.25	0.999999652256006	0.799999983257789	7.64910053250956e-09	55.9623422720374	0.999999721804805
30.525	23.25	0.999999892166618	0.799999985974937	7.61939090488946e-09	55.8423422944432	0.999999913733294
30.675	23.25	1.00000006661444	0.799999988171515	7.58960952398108e-09	55.7223422969489	1.00000005329156
30.825	23.25	1.00000018888045	0.7999999899698	7.55973019353371e-09	55.6023422852017	1.00000015110436
30.975	23.25	1.0000002697643	0.799999991457295	7.52978568334078e-09	55.4823422636929	1.00000021581144
31.125	23.25	1.00000031813025	0.799999992696644	7.49977664818893e-09	55.3623422359698	1.0000002545042
31.275	23.25	1.00000034129914	0.799999993733495	7.46976485542955e-09	55.2423422048029	1.00000027303931
31.425	23.25	1.00000034533336	0.799999994601598	7.43974220551458e-09	55.1223421723203	1.00000027626669
31.575	23.25	1.00000033524794	0.799999995326778	7.40971586924916e-09	55.0023421401184	1.00000026819835
31.725	23.25	1.00000031517154	0.799999995929311	7.37971447743741e-09	54.8823421093547	1.00000025213723
31.875	23.25	1.00000028847336	0.799999996426	7.34977453807403e-09	54.7623420808267	1.00000023077869
32.025	23.25	1.00000025786736	0.799999996830878	7.31986779941847e-09	54.64234205504	1.00000020629389
32.175	23.25	1.00000022550094	0.799999997156559	7.29006567219905e-09	54.5223420322669	1.00000018040076
32.325	23.25	1.0000001930328	0.799999997414147	7.26031617293603e-09	54.4023420125969	1.00000015442624
32.475	23.25	1.00000016170282	0.799999997613912	7.23067423113132e-09	54.2823419959803	1.00000012936226
32.625	23.25	1.00000013239564	0.799999997765171	7.20115517576892e-09	54.1623419822657	1.00000010591651
32.775	23.25	1.00000010569876	0.799999997876313	7.17177353404897e-09	54.0423419712308	1.000000084559
32.925	23.25	1.00000008195546	0.799999997955094	7.14253132020305e-09	53.9223419626087	1.00000006556437
33.075	23.25	1.00000006131277	0.799999998008417	7.11343936875048e-09	53.8023419561088	1.00000004905021
33.225	23.25	1.00000004376432	0.799999998042293	7.08452197120774e-09	53.6823419514341	1.00000003501146
33.375	23.25	1.00000002918821	0.799999998062029	7.05577685492435e-09	53.5623419482934	1.00000002335057
33.525	23.25	1.00000001737986	0.799999998072113	7.02721105256292e-09	53.4423419464114	1.00000001390389
33.675	23.25	1.00000000807999	0.799999998076261	6.99885387712614e-09	53.3223419455348	1.00000000646399
33.825	23.25	1.00000000099788	0.799999998077565	6.97072155603644e-09	53.2023419454371	1.0000000007983
33.975	23.25	0.999999995830271	0.799999998078369	6.94279982199689e-09	53.08234194592	0.999999996664217
34.125	23.25	0.999999992276124	0.799999998080469	6.91511110003843e-09	52.9623419468142	0.999999993820899
34.275	23.25	0.999999990047862	0.799999998085162	6.8876679166061e-09	52.8423419479788	0.99999999203829
34.425	23.25	0.999999988879247	0.799999998093323	6.86048017651274e-09	52.7223419492995	0.999999991103397
34.575	23.25	0.999999988530607	0.799999998105423	6.83356360131121e-09	52.602341950686	0.999999990824485
34.725	23.25	0.999999988791711	0.799999998121558	6.80689037339703e-09	52.48234195207	0.999999991033369
34.875	23.25	0.999999989482772	0.799999998141769	6.78051729923278e-09	52.3623419534015	0.999999991586218
35.025	23.25	0.999999990453973	0.799999998165798	6.75440829325391e-09	52.2423419546467	0.999999992363178
35.175	23.25	0.99999999158392	0.799999998193208	6.72861267580874e-09	52.1223419557846	0.999999993267136
35.325	23.25	0.999999992777301	0.799999998223681	6.70310873323325e-09	52.0023419568047	0.999999994221841
35.475	23.25	0.999999993962066	0.799999998256652	6.67791010876998e-09	51.8823419577043	0.999999995169653
35.625	23.25	0.999999995086348	0.799999998291717	6.6530409089527e-09	51.7623419584869	0.999999996069079
35.775	23.25	0.999999996115348	0.799999998328284	6.62849952396511e-09	51.6423419591602	0.999999996892278
35.925	23.25	0.999999997028269	0.799999998366044	6.60427473958955e-09	51.5223419597343	0.999999997622615
36.075	23.25	0.999999997815449	0.799999998404469	6.58039359998141e-09	51.402341960221	0.999999998252359
36.225	23.25	0.99999999847574	0.799999998443289	6.55683109646875e-09	51.2823419606324	0.999999998780592
36.375	23.25	0.999999999014281	0.799999998482148	6.53363979013452e-09	51.1623419609806	0.999999999211424
36.525	23.25	0.999999999440452	0.799999998520884	6.51080032470335e-09	51.042341961277	0.999999999552362
36.675	23.25	0.999999999766333	0.799999998559223	6.48830038766128e-09	50.9223419615318	0.999999999813066
36.825	23.25	1.00000000000535	0.799999998597013	6.46619348647911e-09	50.8023419617541	1.00000000000428
36.975	23.25	1.00000000017135	0.799999998634262	6.44443889917338e-09	50.6823419619517	1.00000000013708
37.125	23.25	1.00000000027792	0.799999998670758	6.42305788538706e-09	50.5623419621309	1.00000000022233
37.275	23.25	1.0000000003377	0.799999998706515	6.40204585291406e-09	50.4423419622971	1.00000000027016
37.425	23.25	1.00000000036184	0.799999998741374	6.38142689784666e-09	50.3223419624541	1.00000000028947
37.575	23.25	1.00000000035914	0.799999998775289	6.36120580803923e-09	50.2023419626052	1.00000000028731
37.725	23.25	1.00000000033567	0.799999998808354	6.34136661112719e-09	50.0823419627526	1.00000000026853
37.875	23.25	1.00000000029552	0.799999998841211	6.32192095174585e-09	49.9623419628982	1.00000000023642
38.025	23.25	1.00000000024452	0.799999998874901	6.30288503879004e-09	49.8423419630435	1.00000000019562
38.175	23.25	1.00000000019657	0.799999998910127	6.28424149464872e-09	49.7223419631888	1.00000000015725
38.325	23.25	1.00000000017806	0.79999999894536	6.26600536773929e-09	49.6023419633327	1.00000000014245
38.475	23.25	1.00000000021821	0.799999998974428	6.24818455503618e-09	49.482341963471	1.00000000017457
38.625	23.25	1.0000000003104	0.799999998986741	6.23077008560894e-09	49.3623419635985	1.00000000024832
38.775	23.25	1.00000000034602	0.799999998975772	6.21378152404794e-09	49.2423419637154	1.00000000027682
38.925	23.25	1.00000000007387	0.799999998959581	6.19721822473352e-09	49.1223419638393	1.00000000005909
39.075	23.25	0.999999999212033	0.799999999004231	6.18106048281112e-09	49.0023419640134	0.999999999369626
39.225	23.25	0.999999997861592	0.799999999218662	6.16533158201875e-09	48.8823419642893	0.999999998289274
39.375	23.25	0.999999997187175	0.799999999664213	6.15003146447113e-09	48.7623419646583	0.99999999774974
39.525	23.25	0.999999999800288	0.800000000147419	6.13516541919644e-09	48.6423419649301	0.99999999984023
39.675	23.25	1.00000000854991	0.799999999989664	6.12074139672504e-09	48.5223419646524	1.00000000683993
39.825	23.25	1.00000002228112	0.7999999981083	6.1067496630705e-09	48.4023419632916	1.0000000178249
39.975	23.25	1.00000002906866	0.799999993939788	6.09319314156793e-09	48.282341960942	1.00000002325493
40.125	23.25	1.00000000269437	0.799999989468713	6.08006450293139e-09	48.1623419595285	1.00000000215549
40.275	23.25	0.999999915051616	0.799999991372063	6.06739317844387e-09	48.042341963584	0.999999932041293
40.425	23.25	0.999999777875212	0.800000010035044	6.05516849049509e-09	47.922341978427	0.999999822300169
40.575	23.25	0.999999707649955	0.800000050562954	6.04337252802735e-09	47.8023420032215	0.999999766119964
40.725	23.25	0.99999995751779	0.800000093767163	6.03203951414806e-09	47.6823420193893	0.999999966014232
40.875	23.25	1.00000079734944	0.800000076962417	6.02114654803717e-09	47.5623419832479	1.00000063787956
41.025	23.25	1.00000212196185	0.799999904434575	6.01071135044315e-09	47.4423418432095	1.00000169756948
41.175	23.25	1.00000285290254	0.799999530293223	6.00071825315401e-09	47.3223416045009	1.00000228232204
41.325	23.25	1.00000065163096	0.799999128030189	5.99119253969612e-09	47.2023414363646	1.00000052130476
41.475	23.25	0.999993003857981	0.799999255575958	5.9821603230953e-09	47.0823417409789	0.999994403086384
41.625	23.25	0.999980706637733	0.800000756171898	5.9736139077925e-09	46.9623430029498	0.999984565310186
41.775	23.25	0.999973138463979	0.800004040788017	5.96548488384457e-09	46.8423452184563	0.999978510771183
41.925	23.25	0.999990827520707	0.800007657694754	5.95770271744566e-09	46.7223469481544	0.999992662016566
42.075	23.25	1.00005637953639	0.800006936306316	5.9501706882012e-09	46.6023446822808	1.00004510362911
42.225	23.25	1.00016528886156	0.799994824172271	5.94287693955254e-09	46.4823340422976	1.00013223108925
42.375	23.25	1.00024184955322	0.799967674235097	5.93619653852258e-09	46.362314499773	1.00019347964258
42.525	23.25	1.00011633628501	0.799936550503505	5.93093498974885e-09	46.2422973067892	1.000093069028
42.675	23.25	0.999594226904715	0.799937860692463	5.92802782715159e-09	46.1223111998268	0.999675381523772
42.825	23.25	0.998683926301487	0.800027372476103	5.92742502698075e-09	46.0023938509643	0.99894714104119
42.975	23.25	0.997944673220691	0.800237006849527	5.92650955908642e-09	45.8825556828799	0.998355738576553
43.125	23.25	0.998684258973519	0.800490005478586	5.91906950893632e-09	45.7627174885614	0.998947407178815
43.275	23.25	1.00248296175332	0.800522975144973	5.89766147120631e-09	45.6426614582463	1.00198636940266
43.425	23.25	1.0095592762346	0.799934825565577	5.86148690749009e-09	45.5220835557147	1.00764742098768
43.575	23.25	1.01623380737341	0.79847988159249	5.82788505270917e-09	45.4008457790645	1.01298704589873
43.725	23.25	1.01328677099638	0.796573391808002	5.8391847561344e-09	45.2794286227755	1.0106294167971
43.875	23.25	0.988680897760579	0.795833250596331	5.95339044848307e-09	45.1593336283448	0.990944718208463
44.025	23.25	0.938367896662904	0.799351007272607	6.20443445961236e-09	45.0428405958996	0.950694317330323
44.175	23.25	0.884673133497371	0.810192428672519	6.49795680547627e-09	44.9313520902949	0.907738506797897
44.325	23.25	0.889127901604188	0.824441952855552	6.47298802570265e-09	44.822207736273	0.91130232128335
44.475	23.25	1.0325719512859	0.826489829083021	5.74913138581143e-09	44.7059573306747	1.02605756102872
44.625	23.25	1.34924434171702	0.808622133020604	4.61009573675616e-09	44.5677998947998	1.27939547337362
44.775	23.25	1.76408811785932	0.709537047545585	3.65966712459166e-09	44.3955930816778	1.61127049428746
44.925	23.25	2.11154506595168	0.834636814211068	3.12064443247678e-09	44.2248230620056	1.88923605276134
0.075	23.75	3.47473590546037e-16	0.399999999224495	-6.8807573996973e-08	65.3895333160264	0.2
0.225	23.75	1.09796500020346e-15	0.799999997674228	-6.87666492273669e-08	65.3655333160729	0.200000000000001
0.375	23.75	2.54818929958011e-15	0.799999996125952	-6.86850454222089e-08	65.3415333161659	0.200000000000002
0.525	23.75	4.6162658698155e-15	0.79999999458098	-6.85626385678034e-08	65.3175333163053	0.200000000000004
0.675	23.75	7.14881702848815e-15	0.799999993040496	-6.83996550047357e-08	65.2935333164911	0.200000000000006
0.825	23.75	9.93588438413414e-15	0.799999991505749	-6.81963127002241e-08	65.2695333167229	0.200000000000008
0.975	23.75	1.27379704888717e-14	0.799999989977635	-6.79528696834689e-08	65.2455333170007	0.20000000000001
1.125	23.75	1.52997075734389e-14	0.799999988458242	-6.76695400772347e-08	65.2215333173242	0.200000000000012
1.275	23.75	1.73403389298342e-14	0.799999986948214	-6.73466619675661e-08	65.1975333176932	0.200000000000014
1.425	23.75	1.85241248582069e-14	0.799999985449162	-6.69847703302967e-08	65.1735333181073	0.200000000000015
1.575	23.75	1.84215047951539e-14	0.799999983962114	-6.65840614918576e-08	65.1495333185663	0.200000000000015
1.725	23.75	1.64738683217157e-14	0.799999982487847	-6.61451591752305e-08	65.1255333190696	0.200000000000013
1.875	23.75	1.19727212372663e-14	0.799999981028046	-6.56685831318505e-08	65.101533319617	0.20000000000001
2.025	23.75	4.0604710557725e-15	0.799999979583612	-6.51549429215259e-08	65.0775333202079	0.200000000000003
2.175	23.75	-8.24292101824396e-15	0.799999978155762	-6.46045415202333e-08	65.053533320842	0.199999999999993
2.325	23.75	-2.59845112909459e-14	0.799999976745842	-6.40182596713763e-08	65.0295333215186	0.199999999999979
2.475	23.75	-5.01910954214956e-14	0.799999975354235	-6.33968194050666e-08	65.0055333222372	0.19999999999996
2.625	23.75	-8.17460259970457e-14	0.799999973982625	-6.27408435295389e-08	64.9815333229973	0.199999999999935
2.775	23.75	-1.212252486319e-13	0.799999972631502	-6.20510151325911e-08	64.9575333237983	0.199999999999903
2.925	23.75	-1.68687700262229e-13	0.7999999713023	-6.1328270342563e-08	64.9335333246395	0.199999999999865
3.075	23.75	-2.23416658059221e-13	0.799999969995696	-6.05731954220649e-08	64.9095333255202	0.199999999999821
3.225	23.75	-2.83611681747859e-13	0.799999968712428	-5.97868523289415e-08	64.8855333264398	0.199999999999773
3.375	23.75	-3.46035700731488e-13	0.79999996745395	-5.89699787229607e-08	64.8615333273975	0.199999999999723
3.525	23.75	-4.05628554992535e-13	0.799999966220167	-5.81235337620325e-08	64.8375333283926	0.199999999999676
3.675	23.75	-4.55107095570471e-13	0.799999965012535	-5.72483007179218e-08	64.8135333294244	0.199999999999636
3.825	23.75	-4.84582709904524e-13	0.799999963831923	-5.63454203890588e-08	64.7895333304919	0.199999999999612
3.975	23.75	-4.81239932534876e-13	0.799999962678457	-5.54157685267678e-08	64.7655333315945	0.199999999999615
4.125	23.75	-4.29134284523677e-13	0.799999961553257	-5.44603527508758e-08	64.7415333327313	0.199999999999657
4.275	23.75	-3.09183333179416e-13	0.799999960456656	-5.34801442807991e-08	64.7175333339014	0.199999999999753
4.425	23.75	-9.94412522914189e-14	0.799999959389539	-5.24760475348965e-08	64.693533335104	0.19999999999992
4.575	23.75	2.24237128680797e-13	0.79999995835233	-5.14493703340143e-08	64.6695333363381	0.200000000000179
4.725	23.75	6.87023452346088e-13	0.799999957345217	-5.04008202263863e-08	64.6455333376028	0.20000000000055
4.875	23.75	1.31330578259346e-12	0.799999956368873	-4.93317989017795e-08	64.6215333388972	0.200000000001051
5.025	23.75	2.12411114578255e-12	0.799999955424278	-4.82430342307593e-08	64.5975333402204	0.200000000001699
5.175	23.75	3.13363870527165e-12	0.799999954511003	-4.71358609216592e-08	64.5735333415714	0.200000000002507
5.325	23.75	4.34480385900705e-12	0.799999953629678	-4.60111529615444e-08	64.5495333429491	0.200000000003476
5.475	23.75	5.74373360295453e-12	0.799999952780641	-4.48701193085572e-08	64.5255333443528	0.200000000004595
5.625	23.75	7.29321577348721e-12	0.799999951963899	-4.37137840042817e-08	64.5015333457812	0.200000000005835
5.775	23.75	8.92519321483321e-12	0.799999951180151	-4.25430503398847e-08	64.4775333472335	0.20000000000714
5.925	23.75	1.05325124665958e-11	0.79999995042908	-4.13592519140253e-08	64.4535333487087	0.200000000008426
6.075	23.75	1.19602878780414e-11	0.799999949711064	-4.01632787949279e-08	64.4295333502057	0.200000000009568
6.225	23.75	1.29974278042553e-11	0.7999999490261	-3.89562508974317e-08	64.4055333517237	0.200000000010398
6.375	23.75	1.33690888348465e-11	0.799999948374424	-3.77393064348098e-08	64.3815333532617	0.200000000010695
6.525	23.75	1.27310736064413e-11	0.799999947755462	-3.65132718575666e-08	64.3575333548187	0.200000000010185
6.675	23.75	1.06674602489622e-11	0.799999947170081	-3.52793675200818e-08	64.3335333563939	0.200000000008534
6.825	23.75	6.69303552209435e-12	0.799999946617596	-3.40383943668984e-08	64.3095333579864	0.200000000005354
6.975	23.75	2.6238196714201e-13	0.799999946098366	-3.27916473524688e-08	64.2855333595956	0.20000000000021
7.125	23.75	-9.21228082486163e-12	0.79999994561209	-3.15399595761622e-08	64.2615333612205	0.19999999999263
7.275	23.75	-2.23322093412738e-11	0.799999945158066	-3.02842610738947e-08	64.2375333628606	0.199999999982134
7.425	23.75	-3.96698154070544e-11	0.799999944737489	-2.90255823823415e-08	64.2135333645153	0.199999999968264
7.575	23.75	-6.1710564629248e-11	0.799999944348997	-2.77648253683393e-08	64.189533366184	0.199999999950632
7.725	23.75	-8.87769755590111e-11	0.799999943992739	-2.65029539297002e-08	64.1655333678662	0.199999999928978
7.875	23.75	-1.20933071075705e-10	0.799999943668826	-2.52407966224579e-08	64.1415333695615	0.199999999903254
8.025	23.75	-1.57868401560555e-10	0.799999943377492	-2.39794003251461e-08	64.1175333712693	0.199999999873705
8.175	23.75	-1.98761882315936e-10	0.799999943117232	-2.27194108630811e-08	64.0935333729891	0.19999999984099
8.325	23.75	-2.42127217593069e-10	0.79999994288857	-2.14617401696895e-08	64.0695333747204	0.199999999806298
8.475	23.75	-2.8564366378097e-10	0.799999942691712	-2.02073582066415e-08	64.0455333764623	0.199999999771485
8.625	23.75	-3.25978342703364e-10	0.79999994252589	-1.89568451554899e-08	64.0215333782137	0.199999999739217
8.775	23.75	-3.58609258415087e-10	0.799999942390537	-1.77110374482428e-08	63.9975333799733	0.199999999713113
8.925	23.75	-3.7766157346433e-10	0.799999942286227	-1.64707494137944e-08	63.9735333817392	0.199999999697871
9.075	23.75	-3.75773501053612e-10	0.799999942211622	-1.5236619252831e-08	63.9495333835087	0.199999999699381
9.225	23.75	-3.4401225960084e-10	0.799999942167083	-1.40093620666729e-08	63.9255333852786	0.19999999972479
9.375	23.75	-2.71864752513866e-10	0.799999942151226	-1.27896690610904e-08	63.9015333870447	0.199999999782508
9.525	23.75	-1.47331754549799e-10	0.799999942164208	-1.15781795928617e-08	63.8775333888017	0.199999999882135
9.675	23.75	4.28418849095713e-11	0.799999942204515	-1.0375567637636e-08	63.8535333905431	0.200000000034274
9.825	23.75	3.12765531875478e-10	0.799999942271627	-9.18228122050977e-09	63.8295333922612	0.200000000250212
9.975	23.75	6.76792261595136e-10	0.799999942363646	-7.99901023402368e-09	63.8055333939468	0.200000000541434
10.125	23.75	1.14866213844473e-09	0.799999942480264	-6.82628374668808e-09	63.7815333955894	0.20000000091893
10.275	23.75	1.74036395408241e-09	0.799999942618562	-5.66469964527487e-09	63.7575333971775	0.200000001392291
10.425	23.75	2.46068498421703e-09	0.799999942777518	-4.51458154219234e-09	63.7335333986982	0.200000001968548
10.575	23.75	3.31342660633609e-09	0.799999942954066	-3.37640364518269e-09	63.7095334001384	0.200000002650741
10.725	23.75	4.29527586932833e-09	0.799999943146252	-2.25067679152968e-09	63.6855334014848	0.200000003436221
10.875	23.75	5.39333984157745e-09	0.799999943350733	-1.13797122119096e-09	63.6615334027249	0.200000004314672
11.025	23.75	6.58237119931858e-09	0.79999994356514	-3.8391494677463e-11	63.6375334038482	0.200000005265897
11.175	23.75	7.82174031700402e-09	0.799999943785911	1.04741422827183e-09	63.6135334048472	0.200000006257392
11.325	23.75	9.05224113512877e-09	0.799999944010003	2.11941093523864e-09	63.5895334057193	0.200000007241793
11.475	23.75	1.01928550989784e-08	0.79999994423421	3.17691583332083e-09	63.5655334064685	0.200000008154284
11.625	23.75	1.11376389437638e-08	0.799999944456154	4.21996619792886e-09	63.5415334071082	0.200000008910111
11.775	23.75	1.17529471446959e-08	0.799999944672734	5.24805643420188e-09	63.5175334076628	0.200000009402358
11.925	23.75	1.18752471299798e-08	0.799999944883074	6.26100996432811e-09	63.4935334081712	0.200000009500198
12.075	23.75	1.13098331233223e-08	0.799999945086318	7.25859995041698e-09	63.4695334086897	0.200000009047867
12.225	23.75	9.83079054886988e-09	0.799999945283135	8.24057292509772e-09	63.4455334092946	0.200000007864632
12.375	23.75	7.18260471846121e-09	0.799999945475614	9.20667771652043e-09	63.4215334100852	0.200000005746084
12.525	23.75	3.08384211266284e-09	0.799999945668715	1.01570176159675e-08	63.397533411187	0.200000002467074
12.675	23.75	-2.76664313891293e-09	0.799999945869009	1.1091089302867e-08	63.373533412753	0.199999997786686
12.825	23.75	-1.06805141110547e-08	0.799999946085932	1.20090087223039e-08	63.349533414966	0.199999991455589
12.975	23.75	-2.09673092540343e-08	0.799999946332028	1.29105097753723e-08	63.3255334180385	0.199999983226153
13.125	23.75	-3.39179199483012e-08	0.79999994662402	1.37955671982783e-08	63.3015334222118	0.199999972865664
13.275	23.75	-4.97837975061742e-08	0.799999946980706	1.46640605725241e-08	63.2775334277533	0.199999960172962
13.425	23.75	-6.87515633306126e-08	0.799999947426682	1.55160428785685e-08	63.2535334349515	0.199999944998749
13.575	23.75	-9.09127766905055e-08	0.799999947988997	1.63512827616977e-08	63.229533444108	0.199999927269779
13.725	23.75	-1.16228706786471e-07	0.7999999486998	1.71699066210935e-08	63.2055334555274	0.199999907017035
13.875	23.75	-1.44490049633092e-07	0.799999949594639	1.79717016893043e-08	63.1815334695019	0.19999988440796
14.025	23.75	-1.75271610501163e-07	0.799999950712965	1.87568312602824e-08	63.1575334862938	0.199999859782712
14.175	23.75	-2.0788201685862e-07	0.799999952098973	1.95252466036093e-08	63.1335335061113	0.199999833694387
14.325	23.75	-2.41308503438206e-07	0.799999953800153	2.02770000878394e-08	63.1095335290812	0.199999806953197
14.475	23.75	-2.74156677023355e-07	0.799999955868484	2.10120623353601e-08	63.0855335552145	0.199999780674658
14.625	23.75	-3.0458486555433e-07	0.79999995836139	2.17305900190964e-08	63.0615335843672	0.199999756332108
14.775	23.75	-3.30232106578599e-07	0.799999961342087	2.24324977393638e-08	63.0375336161932	0.199999735814315
14.925	23.75	-3.48137931186477e-07	0.799999964883923	2.31179143210346e-08	63.0135336500912	0.199999721489655
15.075	23.75	-3.5465071593536e-07	0.799999969073024	2.37868940284734e-08	62.9895336851426	0.199999716279427
15.225	23.75	-3.45319328643142e-07	0.799999974015455	2.44396033599087e-08	62.9655337200397	0.199999723744537
15.375	23.75	-3.14759849842249e-07	0.799999979847785	2.50760548145537e-08	62.941533753003	0.19999974819212
15.525	23.75	-2.56485001461797e-07	0.799999986749746	2.56962844768681e-08	62.9175337816828	0.199999794811999
15.675	23.75	-1.62678150724403e-07	0.799999994967402	2.63005178570088e-08	62.8935338030431	0.199999869857479
15.825	23.75	-2.38858409085147e-08	0.800000004840841	2.68887806519828e-08	62.8695338132189	0.199999980891327
15.975	23.75	1.71407987055326e-07	0.800000016845902	2.74614243124048e-08	62.8455338073387	0.20000013712639
16.125	23.75	4.3737754034648e-07	0.800000031651994	2.80182122119581e-08	62.8215337792978	0.200000349902032
16.275	23.75	7.9169169787053e-07	0.800000050198486	2.85594840453791e-08	62.7975337214631	0.200000633353358
16.425	23.75	1.25668934568933e-06	0.800000073803481	2.90853772371723e-08	62.7735336242811	0.200001005351477
16.575	23.75	1.86102717741255e-06	0.80000010430815	2.95960008513736e-08	62.7495334757505	0.200001488821742
16.725	23.75	2.64198170613433e-06	0.800000144274172	3.00915000250427e-08	62.7255332607054	0.200002113585365
16.875	23.75	3.64865166811187e-06	0.800000197248713	3.05720616421985e-08	62.7015329598335	0.200002918921334
17.025	23.75	4.94639319922589e-06	0.80000026812395	3.10377238440647e-08	62.6775325483291	0.200003957114559
17.175	23.75	6.62293556213573e-06	0.80000036361798	3.14885996839632e-08	62.6535319940383	0.20000529834845
17.325	23.75	8.79678025136287e-06	0.800000492924921	3.19251883701844e-08	62.6295312549079	0.200007037424201
17.475	23.75	1.16286958649667e-05	0.800000668592259	3.234713942164e-08	62.6055302754799	0.200009302956692
17.625	23.75	1.53374058192083e-05	0.800000907706274	3.27548608013224e-08	62.5815289820809	0.200012269924655
17.775	23.75	2.02209527674269e-05	0.800001233495564	3.31484449836232e-08	62.5575272762323	0.200016176762214
17.925	23.75	2.66857450780033e-05	0.800001677486419	3.35279087057306e-08	62.5335250256422	0.200021348596062
18.075	23.75	3.52859840245881e-05	0.80000228238311	3.38933857156161e-08	62.5095220519093	0.20002822878722
18.225	23.75	4.67770794121528e-05	0.800003105895139	3.42449912204059e-08	62.485518113771	0.20003742166353
18.375	23.75	6.21878504681757e-05	0.8000042258239	3.45825506697008e-08	62.4615128843215	0.200049750280375
18.525	23.75	8.29178942745076e-05	0.800005746892097	3.49063269206129e-08	62.4375059200912	0.20006633431542
18.675	23.75	0.000110868701368619	0.800007810071662	3.52158209270729e-08	62.4134966191579	0.200088694961095
18.825	23.75	0.000148620258483372	0.80001060552282	3.55111137087123e-08	62.3894841644884	0.200118896206787
18.975	23.75	0.000199669458680833	0.800014390564364	3.57916591877219e-08	62.3654674473586	0.200159735566945
19.125	23.75	0.000268753047813761	0.800019514124273	3.60569134953898e-08	62.3414449638288	0.200215002438251
19.275	23.75	0.000362286161980404	0.800026448704086	3.63060769167909e-08	62.3174146746673	0.200289828929584
19.425	23.75	0.000488957309945438	0.800035830183026	3.65381298143755e-08	62.2933738156638	0.200391165847956
19.575	23.75	0.000660531195148175	0.800048505711021	3.67510256867159e-08	62.2693186408481	0.200528424956119
19.725	23.75	0.000892922215668294	0.800065592222879	3.69428726040988e-08	62.2452440756422	0.200714337772535
19.875	23.75	0.0012076171336538	0.800088554535667	3.71104688203177e-08	62.2211432501929	0.200966093706923
20.025	23.75	0.0016335541291827	0.800119322417078	3.72494502890608e-08	62.1970068742148	0.201306843303346
20.175	23.75	0.00220962180505119	0.800160475449743	3.7354261796862e-08	62.1728224016743	0.201767697444041
20.325	23.75	0.00298804038271221	0.80021552126446	3.74172313516874e-08	62.1485729131996	0.20239043230617
20.475	23.75	0.00403902967838977	0.800289260473426	3.74286150961025e-08	62.1242356120883	0.203231223742712
20.625	23.75	0.00545732375574346	0.800388158288363	3.73750026356702e-08	62.0997797834734	0.204365859004595
20.775	23.75	0.00737118408876532	0.800520534650609	3.72395016838543e-08	62.0751640080366	0.205896947271012
20.925	23.75	0.00995447758752657	0.800696278481006	3.69998854557557e-08	62.0503323631797	0.207963582070021
21.075	23.75	0.0134420121941292	0.800925751160407	3.6628567222592e-08	62.0252093081696	0.210753609755303
21.225	23.75	0.0181476178336383	0.801217632521461	3.60924045078002e-08	61.9996929652188	0.214518094266911
21.375	23.75	0.0244834938189537	0.801575699030822	3.53542043753724e-08	61.9736466042832	0.219586795055163
21.525	23.75	0.0329782633084813	0.801994862749211	3.43761840963035e-08	61.9468883335955	0.226382610646785
21.675	23.75	0.0442900726294583	0.802457165435255	3.31270100373694e-08	61.9191792970568	0.235432058103567
21.825	23.75	0.059209832393248	0.80292877782713	3.15901650109102e-08	61.890211090996	0.247367865914598
21.975	23.75	0.0786480171920328	0.803359391490275	2.97736535422618e-08	61.8595936635811	0.262918413753626
22.125	23.75	0.103596191286735	0.803685574960598	2.77161737749903e-08	61.8268456979306	0.282876953029388
22.275	23.75	0.135052303698745	0.803839320443447	2.54877446658164e-08	61.7913904255895	0.308041842958996
22.425	23.75	0.173898994634858	0.803761736863231	2.31816589496987e-08	61.7525608542169	0.339119195707886
22.575	23.75	0.22073058612624	0.803419688740349	2.09002139768482e-08	61.7096191154658	0.376584468900992
22.725	23.75	0.275641528106799	0.802820785843473	1.87379976214106e-08	61.6617942411802	0.420513222485439
22.875	23.75	0.338017857725013	0.802020574187755	1.67688733829992e-08	61.6083400887458	0.47041428618001
23.025	23.75	0.406404724839874	0.801116447221857	1.50385244153253e-08	61.5486096604077	0.525123779871899
23.175	23.75	0.478534573708312	0.800226925465934	1.35650958449638e-08	61.482134499681	0.58282765896665
23.325	23.75	0.551566088105606	0.799461968125311	1.23437347097504e-08	61.4086913447243	0.641252870484485
23.475	23.75	0.622501309174931	0.798895926954508	1.13539701478062e-08	61.3283373151099	0.698001047339945
23.625	23.75	0.688659258963107	0.798554407258188	1.05667782976004e-08	61.2414022866054	0.750927407170485
23.775	23.75	0.74805181110879	0.798418740993365	9.95018598035932e-09	61.1484403979518	0.798441448887032
23.925	23.75	0.799557781889419	0.798442566199391	9.47307833905888e-09	61.0501551016922	0.839646225511536
24.075	23.75	0.842886470973353	0.798570847076172	9.10755585200361e-09	60.9473176118527	0.874309176778682
24.225	23.75	0.878398156480449	0.798753958804514	8.82968235335797e-09	60.8406957557202	0.902718525184359
24.375	23.75	0.906872100761463	0.798954489694181	8.61972505856584e-09	60.7310026131496	0.925497680609171
24.525	23.75	0.929292198393859	0.799148193205928	8.46175081397787e-09	60.6188665975829	0.943433758715087
24.675	23.75	0.946685094246452	0.799321769652689	8.34317303033237e-09	60.5048195980436	0.957348075397161
24.825	23.75	0.960016774758218	0.799469689191844	8.25415551668334e-09	60.3892978502429	0.968013419806574
24.975	23.75	0.970138073158979	0.799591289974607	8.18707391217162e-09	60.2726503816837	0.976110458527183
25.125	23.75	0.977764769289529	0.799688594170833	8.13617456181091e-09	60.1551510240355	0.982211815431623
25.275	23.75	0.98347910732351	0.799764849159	8.09701144533096e-09	60.0370113059255	0.986783285858808
25.425	23.75	0.987742791145088	0.799823637972672	8.06627203301545e-09	59.9183926483052	0.990194232916071
25.575	23.75	0.990914817892217	0.799868383990935	8.04149021167757e-09	59.7994170798244	0.992731854313774
25.725	23.75	0.993270126807853	0.799902108986859	8.02080128512382e-09	59.6801762010913	0.994616101446282
25.875	23.75	0.995016874816356	0.799927345468804	8.00288368704501e-09	59.5607384246706	0.996013499853085
26.025	23.75	0.996311339969546	0.799946137817396	7.98674033159447e-09	59.4411546705948	0.997049071975637
26.175	23.75	0.997270176129093	0.79996009003666	7.97163147949308e-09	59.3214627583682	0.997816140903275
26.325	23.75	0.997980145946282	0.799970433436525	7.9570462648428e-09	59.2016907436197	0.998384116757026
26.475	23.75	0.998505654707969	0.799978097973762	7.94262418642916e-09	59.0818594259827	0.998804523766375
26.625	23.75	0.998894473358478	0.799983778100149	7.92806761538288e-09	58.9619842206686	0.999115578686783
26.775	23.75	0.9991820298087	0.799987988827681	7.913242996201e-09	58.8420765493638	0.99934562384696
26.925	23.75	0.999394600870325	0.799991110863518	7.89796600589124e-09	58.7221448719391	0.99951568069626
27.075	23.75	0.999551676931243	0.799993425506232	7.8822057841808e-09	58.602195451446	0.999641341544995
27.225	23.75	0.999667711987633	0.799995140867466	7.86586395842936e-09	58.482232921609	0.999734169590106
27.375	23.75	0.999753419908791	0.799996411219277	7.84894531518173e-09	58.3622607080967	0.999802735927033
27.525	23.75	0.999816736207357	0.799997351139148	7.83140187398478e-09	58.2422813414084	0.999853388965885
27.675	23.75	0.99986353281658	0.799998045833405	7.81325617525936e-09	58.1222966892866	0.999890826253264
27.825	23.75	0.999898149900263	0.799998558697969	7.79452636664951e-09	58.0023081292936	0.99991851992021
27.975	23.75	0.999923791678232	0.799998936890259	7.77519187981705e-09	57.8823166768611	0.999939033342585
28.125	23.75	0.999942820940965	0.799999215460905	7.75530335999975e-09	57.7623230802048	0.999954256752772
28.275	23.75	0.999956977996978	0.7999994204336	7.73485122200009e-09	57.6423278905914	0.999965582397582
28.425	23.75	0.999967543255882	0.799999571106605	7.71387647037019e-09	57.5223315142933	0.999974034604706
28.575	23.75	0.999975457806068	0.799999681773298	7.6924029327731e-09	57.402334250951	0.999980366244854
28.725	23.75	0.999981412728985	0.79999976300782	7.67048182689067e-09	57.2823363218607	0.999985130183188
28.875	23.75	0.999985915176929	0.799999822623789	7.64808905258526e-09	57.1623378908036	0.999988732141543
29.025	23.75	0.999989337201684	0.799999866387498	7.62525616705119e-09	57.042339079359	0.999991469761347
29.175	23.75	0.999991951790875	0.799999898548378	7.60205016086935e-09	56.9223399781443	0.9999935614327
29.325	23.75	0.999993959424981	0.799999922232524	7.57847997507172e-09	56.8023406550504	0.999995167539985
29.475	23.75	0.999995507614458	0.799999939734866	7.55455174053109e-09	56.6823411612648	0.999996406091566
29.625	23.75	0.999996705242193	0.79999995273585	7.53030327799292e-09	56.5623415356679	0.999997364193754
29.775	23.75	0.999997633065894	0.799999962462232	7.50575452830975e-09	56.4423418080375	0.999998106452715
29.925	23.75	0.999998351385316	0.799999969806654	7.48095608067231e-09	56.3223420013806	0.999998681108253
30.075	23.75	0.99999890562069	0.799999975416017	7.45591173073017e-09	56.2023421336295	0.999999124496552
30.225	23.75	0.999999330355735	0.799999979757255	7.43061982573756e-09	56.0823422188766	0.999999464284588
30.375	23.75	0.999999652256008	0.799999983165977	7.40512072562353e-09	55.962342268274	0.999999721804806
30.525	23.75	0.999999892166617	0.799999985882636	7.3794522834449e-09	55.8423422906936	0.999999913733294
30.675	23.75	1.00000006661444	0.799999988078757	7.35361920731745e-09	55.7223422932133	1.00000005329155
30.825	23.75	1.00000018888045	0.799999989876761	7.32762681640466e-09	55.60234228148	1.00000015110436
30.975	23.75	1.00000026976431	0.799999991363913	7.30152648355746e-09	55.4823422599852	1.00000021581144
31.125	23.75	1.00000031813024	0.799999992603087	7.27534204914962e-09	55.3623422322761	1.0000002545042
31.275	23.75	1.00000034129914	0.799999993639731	7.2490661876254e-09	55.2423422011233	1.00000027303931
31.425	23.75	1.00000034533335	0.799999994507784	7.22269886406766e-09	55.1223421686548	1.00000027626668
31.575	23.75	1.00000033524794	0.799999995232903	7.19630713239098e-09	55.0023421364669	1.00000026819835
31.725	23.75	1.00000031517154	0.799999995835448	7.16987782751626e-09	54.8823421057173	1.00000025213723
31.875	23.75	1.00000028847335	0.799999996332192	7.14342858329279e-09	54.7623420772034	1.00000023077868
32.025	23.75	1.00000025786735	0.799999996737203	7.11699460361712e-09	54.6423420514308	1.00000020629388
32.175	23.75	1.00000022550093	0.799999997063038	7.0905425596724e-09	54.5223420286717	1.00000018040075
32.325	23.75	1.0000001930328	0.799999997320853	7.0641416857304e-09	54.4023420090157	1.00000015442624
32.475	23.75	1.00000016170281	0.799999997520888	7.03780666374771e-09	54.2823419924131	1.00000012936225
32.625	23.75	1.00000013239564	0.799999997672446	7.01152693263259e-09	54.1623419787124	1.00000010591651
32.775	23.75	1.00000010569875	0.799999997783974	6.98531949824859e-09	54.0423419676914	1.000000084559
32.925	23.75	1.00000008195547	0.799999997863151	6.95919009131391e-09	53.9223419590831	1.00000006556437
33.075	23.75	1.00000006131278	0.799999997916915	6.93316336847725e-09	53.802341952597	1.00000004905022
33.225	23.75	1.00000004376433	0.799999997951269	6.90724785181795e-09	53.682341947936	1.00000003501146
33.375	23.75	1.0000000291882	0.79999999797152	6.88147883311409e-09	53.5623419448089	1.00000002335056
33.525	23.75	1.00000001737985	0.799999997982178	6.85583685879454e-09	53.4423419429404	1.00000001390388
33.675	23.75	1.00000000807998	0.799999997986943	6.83034573782603e-09	53.3223419420773	1.00000000646399
33.825	23.75	1.00000000099789	0.799999997988865	6.80501702529642e-09	53.2023419419929	1.00000000079831
33.975	23.75	0.99999999583027	0.799999997990339	6.77985851423328e-09	53.0823419424891	0.999999996664216
34.125	23.75	0.999999992276134	0.799999997993152	6.75488875302979e-09	52.9623419433964	0.999999993820907
34.275	23.75	0.999999990047859	0.799999997998606	6.73009976485799e-09	52.8423419445741	0.999999992038287
34.425	23.75	0.999999988879246	0.79999999800751	6.70550854653952e-09	52.7223419459077	0.999999991103397
34.575	23.75	0.99999998853061	0.799999998020375	6.68113388432533e-09	52.602341947307	0.999999990824488
34.725	23.75	0.999999988791713	0.799999998037367	6.65698236037514e-09	52.4823419487037	0.999999991033371
34.875	23.75	0.99999998948278	0.79999999805846	6.63305638623246e-09	52.3623419500478	0.999999991586224
35.025	23.75	0.999999990453984	0.799999998083342	6.6093791317201e-09	52.2423419513054	0.999999992363187
35.175	23.75	0.999999991583924	0.799999998111673	6.58595376331804e-09	52.1223419524556	0.99999999326714
35.325	23.75	0.999999992777306	0.799999998143072	6.56276295427396e-09	52.0023419534878	0.999999994221845
35.475	23.75	0.999999993962068	0.799999998177034	6.53984707379458e-09	51.8823419543995	0.999999995169655
35.625	23.75	0.99999999508635	0.799999998213072	6.51719629904349e-09	51.762341955194	0.99999999606908
35.775	23.75	0.999999996115361	0.799999998250629	6.49481948226024e-09	51.642341955879	0.999999996892289
35.925	23.75	0.999999997028288	0.79999999828943	6.47272586879545e-09	51.5223419564646	0.99999999762263
36.075	23.75	0.999999997815462	0.799999998328898	6.45092226772985e-09	51.4023419569627	0.99999999825237
36.225	23.75	0.999999998475764	0.799999998368789	6.42941569674764e-09	51.2823419573854	0.999999998780611
36.375	23.75	0.999999999014297	0.79999999840876	6.40821457375129e-09	51.1623419577447	0.999999999211437
36.525	23.75	0.999999999440464	0.799999998448604	6.38732833956917e-09	51.042341958052	0.999999999552371
36.675	23.75	0.999999999766339	0.799999998488064	6.36676169703631e-09	50.9223419583176	0.999999999813071
36.825	23.75	1.00000000000535	0.799999998527013	6.34650081037619e-09	50.8023419585505	1.00000000000428
36.975	23.75	1.00000000017136	0.799999998565421	6.3265702667864e-09	50.6823419587584	1.00000000013709
37.125	23.75	1.00000000027793	0.799999998603139	6.30697334151255e-09	50.5623419589479	1.00000000022234
37.275	23.75	1.0000000003377	0.799999998640028	6.28772169853106e-09	50.4423419591241	1.00000000027016
37.425	23.75	1.00000000036183	0.799999998676143	6.26880672223625e-09	50.3223419592911	1.00000000028947
37.575	23.75	1.00000000035914	0.79999999871126	6.25023476375498e-09	50.2023419594518	1.00000000028731
37.725	23.75	1.00000000033566	0.799999998745602	6.23201286944833e-09	50.0823419596088	1.00000000026853
37.875	23.75	1.00000000029552	0.799999998779693	6.21415422833094e-09	49.9623419597637	1.00000000023641
38.025	23.75	1.00000000024452	0.799999998814666	6.19664270047411e-09	49.8423419599181	1.00000000019561
38.175	23.75	1.00000000019656	0.799999998851231	6.17950133170857e-09	49.7223419600724	1.00000000015725
38.325	23.75	1.00000000017805	0.799999998887705	6.16273749064051e-09	49.602341960225	1.00000000014244
38.475	23.75	1.00000000021821	0.799999998918046	6.14633430245143e-09	49.4823419603719	1.00000000017456
38.625	23.75	1.00000000031039	0.799999998931718	6.13030351055797e-09	49.3623419605077	1.00000000024831
38.775	23.75	1.00000000034601	0.799999998922109	6.11466540210275e-09	49.2423419606328	1.00000000027681
38.925	23.75	1.00000000007387	0.799999998907213	6.09939441007642e-09	49.1223419607646	1.0000000000591
39.075	23.75	0.999999999212031	0.799999998953189	6.08452266823444e-09	49.0023419609464	0.999999999369625
39.225	23.75	0.999999997861594	0.799999999169047	6.0700355740739e-09	48.88234196123	0.999999998289275
39.375	23.75	0.999999997187168	0.799999999615932	6.05593983784984e-09	48.7623419616063	0.999999997749734
39.525	23.75	0.999999999800272	0.800000000100529	6.04223147835893e-09	48.6423419618852	0.999999999840218
39.675	23.75	1.00000000854991	0.799999999944156	6.02893176579492e-09	48.5223419616145	1.00000000683993
39.825	23.75	1.00000002228112	0.799999998064177	6.01601356355725e-09	48.4023419602604	1.0000000178249
39.975	23.75	1.00000002906866	0.799999993897058	6.00351568117776e-09	48.2823419579172	1.00000002325493
40.125	23.75	1.00000000269437	0.799999989427448	5.99142207803053e-09	48.1623419565101	1.00000000215549
40.275	23.75	0.999999915051612	0.799999991332157	5.97972296107353e-09	48.0423419605717	0.99999993204129
40.425	23.75	0.999999777875208	0.80000000999664	5.9684447296823e-09	47.9223419754205	0.999999822300166
40.575	23.75	0.999999707649956	0.800000050525913	5.95758438439598e-09	47.8023420002207	0.999999766119965
40.725	23.75	0.999999957517785	0.800000093731569	5.94712219074919e-09	47.682342016394	0.999999966014228
40.875	23.75	1.00000079734944	0.800000076928267	5.93707814330158e-09	47.5623419802578	1.00000063787955
41.025	23.75	1.00000212196185	0.799999904401884	5.92744128570788e-09	47.4423418402244	1.00000169756948
41.175	23.75	1.00000285290255	0.799999530262007	5.9182507188613e-09	47.3223416015206	1.00000228232204
41.325	23.75	1.00000065163096	0.799999128000415	5.90947597515858e-09	47.2023414333888	1.00000052130477
41.475	23.75	0.99999300385798	0.799999255547675	5.90115010190404e-09	47.0823417380075	0.999994403086384
41.625	23.75	0.999980706637733	0.800000756145068	5.89327673925139e-09	46.9623429999825	0.999984565310186
41.775	23.75	0.999973138463981	0.800004040762634	5.88580382651183e-09	46.842345215493	0.999978510771185
41.925	23.75	0.999990827520707	0.800007657670901	5.87864049723053e-09	46.7223469451947	0.999992662016566
42.075	23.75	1.00005637953639	0.80000693628395	5.87168702013742e-09	46.6023446793246	1.00004510362911
42.225	23.75	1.00016528886155	0.799994824151363	5.86495303751831e-09	46.4823340393447	1.00013223108924
42.375	23.75	1.00024184955317	0.79996767421569	5.85879499516093e-09	46.3623144968231	1.00019347964254
42.525	23.75	1.00011633628494	0.799936550485602	5.85402368154691e-09	46.2422973038421	1.00009306902795
42.675	23.75	0.99959422690466	0.799937860676082	5.85152849437494e-09	46.1223111968823	0.999675381523728
42.825	23.75	0.998683926301535	0.800027372461149	5.85131263772097e-09	46.0023938480221	0.998947141041228
42.975	23.75	0.997944673220894	0.800237006836115	5.85074688354688e-09	45.8825556799398	0.998355738576715
43.125	23.75	0.998684258973821	0.800490005466728	5.84372847499107e-09	45.7627174856232	0.998947407179057
43.275	23.75	1.00248296175348	0.800522975134522	5.82287196411417e-09	45.6426614553097	1.00198636940278
43.425	23.75	1.00955927623427	0.799934825556687	5.78741700856962e-09	45.5220835527796	1.00764742098741
43.575	23.75	1.01623380737244	0.798479881585225	5.75449345110159e-09	45.4008457761307	1.01298704589796
43.725	23.75	1.01328677099524	0.796573391802294	5.76582635124986e-09	45.2794286198429	1.01062941679619
43.875	23.75	0.988680897760465	0.795833250592142	5.87881210568037e-09	45.1593336254129	0.990944718208372
44.025	23.75	0.93836789666495	0.799351007269753	6.12689511371078e-09	45.0428405929682	0.95069431733196
44.175	23.75	0.884673133501079	0.810192428670652	6.41690624258641e-09	44.9313520873634	0.907738506800863
44.325	23.75	0.889127901606086	0.824441952855249	6.3923508696267e-09	44.8222077333413	0.911302321284869
44.475	23.75	1.03257195128095	0.826489829085153	5.6775857294083e-09	44.705957327743	1.02605756102476
44.625	23.75	1.34924434170316	0.808622133024794	4.55276890950895e-09	44.5677998918685	1.27939547336253
44.775	23.75	1.76408811784009	0.709537047549828	3.61417667682601e-09	44.3955930787472	1.61127049427207
44.925	23.75	2.11154506593158	0.834636814216547	3.08187149756559e-09	44.2248230590755	1.88923605274526
0.075	24.25	3.47473594069356e-16	0.399999999289151	-6.38529931488066e-08	65.3895333226486	0.2
0.225	24.25	1.09796498905268e-15	0.799999997867949	-6.3816182072728e-08	65.3655333226913	0.200000000000001
0.375	24.25	2.54818931617817e-15	0.799999996448251	-6.37425636584627e-08	65.3415333227766	0.200000000000002
0.525	24.25	4.61626584000134e-15	0.799999995031395	-6.36323194359709e-08	65.3175333229044	0.200000000000004
0.675	24.25	7.14881705798056e-15	0.799999993618715	-6.34855019525856e-08	65.2935333230747	0.200000000000006
0.825	24.25	9.93588433243303e-15	0.799999992211275	-6.33023078240217e-08	65.2695333232873	0.200000000000008
0.975	24.25	1.27379705331112e-14	0.799999990809613	-6.30828615026634e-08	65.245533323542	0.20000000000001
1.125	24.25	1.52997074994698e-14	0.799999989415637	-6.28275454575386e-08	65.2215333238387	0.200000000000012
1.275	24.25	1.73403389949012e-14	0.799999988029982	-6.25365247213629e-08	65.1975333241771	0.200000000000014
1.425	24.25	1.85241247675165e-14	0.799999986653847	-6.22102020893255e-08	65.1735333245569	0.200000000000015
1.575	24.25	1.84215048955439e-14	0.799999985288224	-6.1849060433354e-08	65.1495333249778	0.200000000000015
1.725	24.25	1.64738682316158e-14	0.799999983934182	-6.14532234691857e-08	65.1255333254396	0.200000000000013
1.875	24.25	1.19727214025921e-14	0.799999982592637	-6.10234195711727e-08	65.1015333259418	0.20000000000001
2.025	24.25	4.06047100258262e-15	0.799999981265194	-6.05598621724552e-08	65.077533326484	0.200000000000003
2.175	24.25	-8.24292073738291e-15	0.799999979952035	-6.00633606688707e-08	65.0535333270659	0.199999999999993
2.325	24.25	-2.59845112484686e-14	0.799999978654721	-5.95343049738999e-08	65.0295333276869	0.199999999999979
2.475	24.25	-5.01910949552019e-14	0.799999977373816	-5.8973178776352e-08	65.0055333283466	0.19999999999996
2.625	24.25	-8.17460257861886e-14	0.799999976110149	-5.83807748862922e-08	64.9815333290445	0.199999999999935
2.775	24.25	-1.2122524790947e-13	0.799999974865502	-5.77577379041125e-08	64.95753332978	0.199999999999903
2.925	24.25	-1.68687699827258e-13	0.799999973639767	-5.71046945204883e-08	64.9335333305526	0.199999999999865
3.075	24.25	-2.23416657055803e-13	0.799999972433722	-5.64222723757988e-08	64.9095333313617	0.199999999999821
3.225	24.25	-2.83611681115408e-13	0.799999971249317	-5.57113119981292e-08	64.8855333322066	0.199999999999773
3.375	24.25	-3.46035699554482e-13	0.799999970085793	-5.49724161427583e-08	64.8615333330868	0.199999999999723
3.525	24.25	-4.05628554380808e-13	0.799999968945309	-5.42066321848179e-08	64.8375333340015	0.199999999999676
3.675	24.25	-4.55107094590091e-13	0.799999967827473	-5.34144428448064e-08	64.8135333349501	0.199999999999636
3.825	24.25	-4.84582709873452e-13	0.799999966733755	-5.2596970357725e-08	64.7895333359319	0.199999999999612
3.975	24.25	-4.81239932545499e-13	0.799999965664017	-5.17547578887816e-08	64.7655333369462	0.199999999999615
4.125	24.25	-4.2913428613783e-13	0.799999964619676	-5.08889575042236e-08	64.7415333379922	0.199999999999657
4.275	24.25	-3.09183335544571e-13	0.799999963600911	-5.00002215913124e-08	64.7175333390691	0.199999999999753
4.425	24.25	-9.94412572246894e-14	0.79999996260818	-4.90896176011017e-08	64.6935333401762	0.19999999999992
4.575	24.25	2.24237121997611e-13	0.799999961642337	-4.81579188001528e-08	64.6695333413126	0.200000000000179
4.725	24.25	6.87023441891642e-13	0.799999960703134	-4.72060548641653e-08	64.6455333424776	0.20000000000055
4.875	24.25	1.31330576927017e-12	0.799999959791799	-4.62348742825382e-08	64.6215333436703	0.200000000001051
5.025	24.25	2.12411112753203e-12	0.799999958908306	-4.5245562399811e-08	64.5975333448899	0.200000000001699
5.175	24.25	3.13363868335418e-12	0.799999958053526	-4.42387463095091e-08	64.5735333461354	0.200000000002507
5.325	24.25	4.3448038316716e-12	0.799999957226734	-4.32155264772203e-08	64.549533347406	0.200000000003476
5.475	24.25	5.74373357229878e-12	0.799999956428985	-4.21768857245275e-08	64.5255333487009	0.200000000004595
5.625	24.25	7.29321573863714e-12	0.799999955660586	-4.11236423335243e-08	64.5015333500192	0.200000000005835
5.775	24.25	8.92519317942582e-12	0.799999954921365	-4.00568561168676e-08	64.4775333513599	0.20000000000714
5.925	24.25	1.05325124314263e-11	0.799999954211975	-3.89774379050298e-08	64.4535333527222	0.200000000008426
6.075	24.25	1.19602878491491e-11	0.799999953531785	-3.78862893970385e-08	64.4295333541052	0.200000000009568
6.225	24.25	1.29974277850205e-11	0.799999952881749	-3.67844147877007e-08	64.405533355508	0.200000000010398
6.375	24.25	1.33690888345454e-11	0.799999952261387	-3.56727149976813e-08	64.3815333569298	0.200000000010695
6.525	24.25	1.27310736318167e-11	0.799999951671032	-3.45519575277406e-08	64.3575333583697	0.200000000010185
6.675	24.25	1.06674603129513e-11	0.799999951110666	-3.34232923973661e-08	64.3335333598271	0.200000000008534
6.825	24.25	6.69303563497385e-12	0.799999950580123	-3.22876363674253e-08	64.309533361301	0.200000000005354
6.975	24.25	2.62382144932542e-13	0.799999950079514	-3.1145633701841e-08	64.285533362791	0.20000000000021
7.125	24.25	-9.21228056948316e-12	0.799999949608691	-2.99984108408052e-08	64.2615333642962	0.19999999999263
7.275	24.25	-2.23322089915843e-11	0.799999949167584	-2.88468445831157e-08	64.2375333658162	0.199999999982134
7.425	24.25	-3.96698149512833e-11	0.799999948756334	-2.76914860280895e-08	64.2135333673505	0.199999999968264
7.575	24.25	-6.17105640550447e-11	0.799999948374519	-2.65335929074858e-08	64.1895333688985	0.199999999950632
7.725	24.25	-8.87769748618645e-11	0.799999948022367	-2.53737249626996e-08	64.1655333704598	0.199999999928978
7.875	24.25	-1.20933070256211e-10	0.799999947699544	-2.42128015852154e-08	64.1415333720342	0.199999999903254
8.025	24.25	-1.57868400631455e-10	0.799999947405743	-2.30515058543876e-08	64.1175333736211	0.199999999873705
8.175	24.25	-1.98761881303041e-10	0.799999947141373	-2.18908261222736e-08	64.0935333752201	0.199999999840991
8.325	24.25	-2.42127216539773e-10	0.799999946905665	-2.07314117100274e-08	64.0695333768308	0.199999999806298
8.475	24.25	-2.85643662753595e-10	0.799999946699066	-1.95739835342019e-08	64.0455333784523	0.199999999771485
8.625	24.25	-3.25978341791295e-10	0.799999946520911	-1.84192958890942e-08	64.0215333800837	0.199999999739217
8.775	24.25	-3.58609257741041e-10	0.799999946371442	-1.72680006047456e-08	63.9975333817236	0.199999999713113
8.925	24.25	-3.77661573177411e-10	0.799999946249625	-1.61209680820384e-08	63.9735333833703	0.199999999697871
9.075	24.25	-3.75773501344806e-10	0.799999946156139	-1.49786093916915e-08	63.9495333850211	0.199999999699381
9.225	24.25	-3.44012260685358e-10	0.799999946090086	-1.38416480892224e-08	63.925533386673	0.19999999972479
9.375	24.25	-2.71864754651892e-10	0.799999946050792	-1.2710787748024e-08	63.9015333883218	0.199999999782508
9.525	24.25	-1.47331758013329e-10	0.799999946038227	-1.15866178261417e-08	63.8775333899622	0.199999999882135
9.675	24.25	4.28418798104315e-11	0.799999946051103	-1.04695986148109e-08	63.8535333915878	0.200000000034274
9.825	24.25	3.12765524846989e-10	0.799999946088474	-9.36038211053179e-09	63.8295333931909	0.200000000250212
9.975	24.25	6.7679225232724e-10	0.799999946149844	-8.25958107544045e-09	63.8055333947624	0.200000000541434
10.125	24.25	1.14866212669271e-09	0.799999946233294	-7.16750847424427e-09	63.781533396292	0.20000000091893
10.275	24.25	1.74036393962626e-09	0.799999946337107	-6.08466107388268e-09	63.7575333977679	0.200000001392291
10.425	24.25	2.46068496697528e-09	0.799999946459824	-5.01179933638474e-09	63.7335333991776	0.200000001968548
10.575	24.25	3.31342658631396e-09	0.799999946598939	-3.94915082096936e-09	63.7095334005078	0.200000002650741
10.725	24.25	4.29527584676613e-09	0.799999946751919	-2.89719885980268e-09	63.6855334017455	0.200000003436221
10.875	24.25	5.39333981688334e-09	0.799999946916188	-1.85622996016983e-09	63.661533402878	0.200000004314672
11.025	24.25	6.58237117324855e-09	0.799999947088956	-8.26736100198348e-10	63.637533403895	0.200000005265897
11.175	24.25	7.82174029057146e-09	0.799999947266942	1.90941393354123e-10	63.6135334047889	0.200000006257392
11.325	24.25	9.05224110980955e-09	0.799999947447111	1.19643868983012e-09	63.5895334055572	0.200000007241793
11.475	24.25	1.01928550765861e-08	0.799999947626524	2.18945165983409e-09	63.565533406204	0.200000008154284
11.625	24.25	1.1137638926665e-08	0.799999947802373	3.16962213396639e-09	63.5415334067426	0.200000008910111
11.775	24.25	1.17529471356379e-08	0.799999947972257	4.13684990009786e-09	63.5175334071975	0.200000009402358
11.925	24.25	1.18752471322972e-08	0.799999948134814	5.09060145906877e-09	63.4935334076077	0.200000009500198
12.075	24.25	1.13098331406998e-08	0.799999948289708	6.03096936861511e-09	63.4695334080293	0.200000009047867
12.225	24.25	9.83079058551808e-09	0.799999948437242	6.95748824877169e-09	63.4455334085388	0.200000007864632
12.375	24.25	7.18260477879244e-09	0.799999948580188	7.87001047014643e-09	63.4215334092356	0.200000005746084
12.525	24.25	3.08384220141652e-09	0.79999994872299	8.7683337348006e-09	63.3975334102449	0.200000002467074
12.675	24.25	-2.76664301709955e-09	0.799999948872288	9.65241815515839e-09	63.3735334117201	0.199999997786686
12.825	24.25	-1.06805139515836e-08	0.799999949037891	1.05218619641631e-08	63.3495334138438	0.199999991455589
12.975	24.25	-2.09673090529028e-08	0.799999949232409	1.13767468225219e-08	63.3255334168285	0.199999983226153
13.125	24.25	-3.39179197020998e-08	0.799999949472191	1.22168886031526e-08	63.3015334209155	0.199999972865664
13.275	24.25	-4.97837972127741e-08	0.799999949776864	1.30420975057118e-08	63.2775334263724	0.199999960172962
13.425	24.25	-6.87515629892102e-08	0.799999950170072	1.38524086853746e-08	63.2535334334874	0.19999994499875
13.575	24.25	-9.09127763024377e-08	0.799999950679777	1.46477272514429e-08	63.2295334425625	0.199999927269779
13.725	24.25	-1.16228706355283e-07	0.799999951337666	1.54278574595751e-08	63.2055334539019	0.199999907017035
13.875	24.25	-1.44490049165449e-07	0.799999952179365	1.61929925341956e-08	63.1815334677981	0.199999884407961
14.025	24.25	-1.75271610006883e-07	0.799999953244913	1.69429407053679e-08	63.1575334845132	0.199999859782712
14.175	24.25	-2.07882016351639e-07	0.799999954577789	1.76777094021894e-08	63.1335335042556	0.199999833694387
14.325	24.25	-2.4130850293664e-07	0.79999995622589	1.83972291490106e-08	63.1095335271519	0.199999806953198
14.475	24.25	-2.74156676550344e-07	0.799999958241366	1.91015877584101e-08	63.0855335532133	0.199999780674659
14.625	24.25	-3.04584865138141e-07	0.799999960681259	1.97907471119373e-08	63.0615335822955	0.199999756332108
14.775	24.25	-3.30232106253425e-07	0.799999963609391	2.04647441911177e-08	63.0375336140527	0.199999735814315
14.925	24.25	-3.48137930992633e-07	0.799999967098753	2.11235771917704e-08	63.0135336478835	0.199999721489655
15.075	24.25	-3.54650715919923e-07	0.799999971235604	2.17674765364947e-08	62.9895336828692	0.199999716279427
15.225	24.25	-3.45319328860581e-07	0.799999976126061	2.23962000509959e-08	62.9655337177023	0.199999723744537
15.375	24.25	-3.14759850355242e-07	0.799999981906346	2.30100078810333e-08	62.941533750603	0.19999974819212
15.525	24.25	-2.56485002342458e-07	0.799999988756992	2.36089131794003e-08	62.9175337792218	0.199999794811998
15.675	24.25	-1.62678152055805e-07	0.799999996923267	2.41930024585427e-08	62.8935338005227	0.199999869857478
15.825	24.25	-2.38858427873149e-08	0.80000000674568	2.47622685597262e-08	62.8695338106406	0.199999980891326
15.975	24.25	1.71407984515582e-07	0.800000018700605	2.53168557703257e-08	62.845533804704	0.200000137126388
16.125	24.25	4.37377537010222e-07	0.800000033456358	2.58569394672869e-08	62.8215337766082	0.20000034990203
16.275	24.25	7.91691693573227e-07	0.800000051953061	2.6382549540935e-08	62.7975337187201	0.200000633353355
16.425	24.25	1.25668934022781e-06	0.800000075508674	2.68937998269639e-08	62.7735336214862	0.200001005351472
16.575	24.25	1.8610271705314e-06	0.800000105964768	2.73907361749146e-08	62.7495334729052	0.200001488821736
16.725	24.25	2.64198169750803e-06	0.800000145881945	2.78735205977095e-08	62.7255332578111	0.200002113585358
16.875	24.25	3.64865165732048e-06	0.800000198808508	2.83421976722513e-08	62.7015329568917	0.200002918921326
17.025	24.25	4.94639318572349e-06	0.800000269636239	2.87970904277524e-08	62.6775325453413	0.200003957114549
17.175	24.25	6.62293554520659e-06	0.800000365083216	2.92380543448436e-08	62.6535319910058	0.200005298348436
17.325	24.25	8.7967802300667e-06	0.80000049434362	2.96652753756005e-08	62.6295312518321	0.200007037424184
17.475	24.25	1.16286958380642e-05	0.800000669964555	3.00789933144691e-08	62.6055302723623	0.20000930295667
17.625	24.25	1.53374057850706e-05	0.800000909032769	3.04790395285693e-08	62.5815289789228	0.200012269924628
17.775	24.25	2.02209527239114e-05	0.800001234777177	3.08657442827262e-08	62.5575272730351	0.200016176762179
17.925	24.25	2.66857450222992e-05	0.800001678723432	3.12391266453854e-08	62.5335250224072	0.200021348596018
18.075	24.25	3.52859839530121e-05	0.80000228357582	3.15992622638807e-08	62.5095220486379	0.200028228787162
18.225	24.25	4.67770793199011e-05	0.800003107043927	3.194612833428e-08	62.4855181104644	0.200037421663456
18.375	24.25	6.2187850349001e-05	0.800004226929689	3.22796707160178e-08	62.4615128809811	0.200049750280279
18.525	24.25	8.29178941203116e-05	0.800005747955265	3.25999074137773e-08	62.4375059167183	0.200066334315296
18.675	24.25	0.000110868701168946	0.800007811092637	3.29067828441506e-08	62.4134966157537	0.200088694960935
18.825	24.25	0.00014862025822477	0.800010606501981	3.31998575012253e-08	62.3894841610542	0.20011889620658
18.975	24.25	0.00019966945834603	0.800014391502112	3.34788807445298e-08	62.3654674438957	0.200159735566677
19.125	24.25	0.00026875304738068	0.800019515021635	3.37434454973555e-08	62.3414449603385	0.200215002437905
19.275	24.25	0.000362286161420876	0.800026449560985	3.39925097532203e-08	62.3174146711506	0.200289828929137
19.425	24.25	0.000488957309223711	0.800035831000095	3.42250166754738e-08	62.293373812122	0.200391165847379
19.575	24.25	0.000660531194219083	0.800048506489068	3.44395524203131e-08	62.2693186372825	0.200528424955375
19.725	24.25	0.000892922214475173	0.800065592962035	3.46338422688543e-08	62.2452440720538	0.20071433777158
19.875	24.25	0.00120761713212594	0.800088555236383	3.48049458747572e-08	62.2211432465829	0.200966093705701
20.025	24.25	0.0016335541272325	0.800119323079993	3.49488892813253e-08	62.1970068705845	0.201306843301786
20.175	24.25	0.00220962180257065	0.800160476075556	3.50603259066142e-08	62.1728223980247	0.201767697442057
20.325	24.25	0.00298804037956893	0.800215521853182	3.5132148741674e-08	62.1485729095319	0.202390432303655
20.475	24.25	0.00403902967442336	0.800289261025969	3.51549209644746e-08	62.1242356084035	0.203231223739539
20.625	24.25	0.0054573237507605	0.800388158804929	3.51162723828524e-08	62.0997797797727	0.204365859000608
20.775	24.25	0.00737118408253688	0.800520535132274	3.4999899756779e-08	62.0751640043211	0.20589694726603
20.925	24.25	0.00995447757978662	0.800696278928053	3.47853330704922e-08	62.0503323594505	0.207963582063829
21.075	24.25	0.0134420121845818	0.800925751574	3.44462673426377e-08	62.0252093044278	0.210753609747665
21.225	24.25	0.0181476178219639	0.801217632901929	3.39515581512878e-08	61.9996929614653	0.214518094257571
21.375	24.25	0.0244834938048274	0.801575699379588	3.32659115928158e-08	61.973646600519	0.219586795043862
21.525	24.25	0.0329782632915913	0.801994863067192	3.23537973449906e-08	61.9468883298217	0.226382610633273
21.675	24.25	0.0442900726095341	0.802457165723662	3.11855474460337e-08	61.9191792932744	0.235432058087627
21.825	24.25	0.0592098323700839	0.802928778087876	2.97455284891872e-08	61.8902110872057	0.247367865896067
21.975	24.25	0.0786480171655279	0.803359391724718	2.80411322434354e-08	61.8595936597837	0.262918413732422
22.125	24.25	0.103596191256926	0.803685575170681	2.61087609472993e-08	61.8268456941269	0.282876953005541
22.275	24.25	0.135052303665842	0.803839320631046	2.40143164892801e-08	61.7913904217801	0.308041842932674
22.425	24.25	0.173898994599305	0.803761737030628	2.18457997740153e-08	61.7525608504022	0.339119195679444
22.575	24.25	0.220730586088754	0.803419688889496	1.96995582983793e-08	61.7096191116462	0.376584468871003
22.725	24.25	0.275641528068394	0.802820785976161	1.76650594108875e-08	61.6617942373559	0.420513222454715
22.875	24.25	0.338017857686952	0.80202057430591	1.58119192864541e-08	61.6083400849168	0.470414286149562
23.025	24.25	0.406404724803579	0.801116447326999	1.4183542806664e-08	61.5486096565741	0.525123779842863
23.175	24.25	0.478534573675157	0.800226925559444	1.27970907145405e-08	61.4821344958424	0.582827658940126
23.325	24.25	0.551566088076698	0.799461968208522	1.16482746891655e-08	61.4086913408807	0.641252870461358
23.475	24.25	0.622501309150964	0.798895927028381	1.07178990188697e-08	61.3283373112609	0.698001047320771
23.625	24.25	0.688659258944243	0.798554407323563	9.97865080299012e-09	61.2414022827509	0.750927407155395
23.775	24.25	0.748051811094739	0.798418741051051	9.40042542994269e-09	61.1484403940917	0.798441448875791
23.925	24.25	0.799557781879541	0.7984425662499	8.95401384583166e-09	61.0501550978265	0.839646225503633
24.075	24.25	0.842886470966854	0.798570847120165	8.61304176102659e-09	60.9473176079818	0.874309176773483
24.225	24.25	0.878398156476521	0.798753958842119	8.35493675549929e-09	60.8406957518443	0.902718525181217
24.375	24.25	0.906872100759363	0.798954489725911	8.16106796858582e-09	60.7310026092692	0.92549768060749
24.525	24.25	0.929292198392985	0.799148193232044	8.01640360998732e-09	60.6188665936986	0.943433758714388
24.675	24.25	0.946685094246352	0.799321769673396	7.90899153684519e-09	60.5048195941559	0.957348075397081
24.825	24.25	0.960016774758565	0.799469689207375	7.82954548332263e-09	60.3892978463526	0.968013419806852
24.975	24.25	0.970138073159551	0.799591289985132	7.77090942123789e-09	60.2726503777915	0.97611045852764
25.125	24.25	0.977764769290179	0.799688594176585	7.72749832797424e-09	60.155151020142	0.982211815432143
25.275	24.25	0.983479107324157	0.7997648491601	7.69520730518687e-09	60.0370113020315	0.986783285859326
25.425	24.25	0.987742791145675	0.799823637969365	7.67086224351362e-09	59.9183926444113	0.99019423291654
25.575	24.25	0.990914817892736	0.79986838398334	7.65207661581326e-09	59.7994170759312	0.992731854314189
25.725	24.25	0.993270126808292	0.799902108975127	7.63715218162999e-09	59.6801761971996	0.994616101446634
25.875	24.25	0.995016874816717	0.79992734545312	7.62478499317055e-09	59.5607384207809	0.996013499853374
26.025	24.25	0.996311339969842	0.79994613779792	7.61400992377165e-09	59.4411546667077	0.997049071975874
26.175	24.25	0.997270176129328	0.799960090013477	7.60415906783919e-09	59.3214627544843	0.997816140903462
26.325	24.25	0.997980145946469	0.799970433409836	7.59475792616611e-09	59.2016907397394	0.998384116757175
26.475	24.25	0.998505654708115	0.799978097943648	7.58541994626149e-09	59.0818594221067	0.998804523766492
26.625	24.25	0.998894473358583	0.799983778066833	7.57590053234271e-09	58.9619842167974	0.999115578686867
26.775	24.25	0.999182029808779	0.799987988791204	7.56602913524452e-09	58.8420765454977	0.999345623847023
26.925	24.25	0.999394600870391	0.799991110824057	7.55568174913037e-09	58.7221448680788	0.999515680696313
27.075	24.25	0.999551676931302	0.79999342546394	7.54477842662966e-09	58.6021954475919	0.999641341545041
27.225	24.25	0.99966771198768	0.799995140822402	7.5332742512588e-09	58.4822329177614	0.999734169590144
27.375	24.25	0.999753419908827	0.799996411171591	7.52110157403037e-09	58.362260704256	0.999802735927062
27.525	24.25	0.999816736207384	0.799997351088933	7.50830974127656e-09	58.242281337575	0.999853388965907
27.675	24.25	0.999863532816604	0.799998045780822	7.49484947978245e-09	58.122296685461	0.999890826253284
27.825	24.25	0.999898149900279	0.799998558643142	7.48074716792669e-09	58.002308125476	0.999918519920223
27.975	24.25	0.999923791678244	0.799998936833247	7.46601416160699e-09	57.8823166730519	0.999939033342595
28.125	24.25	0.999942820940962	0.799999215401821	7.45066215996047e-09	57.7623230764043	0.999954256752769
28.275	24.25	0.999956977996979	0.799999420372584	7.43472332286678e-09	57.6423278868	0.999965582397583
28.425	24.25	0.999967543255877	0.799999571043755	7.41822104661884e-09	57.5223315105112	0.999974034604702
28.575	24.25	0.999975457806062	0.799999681708684	7.40118119652926e-09	57.4023342471784	0.99998036624485
28.725	24.25	0.999981412728973	0.79999976294158	7.3835904436238e-09	57.2823363180979	0.999985130183178
28.875	24.25	0.999985915176929	0.799999822555969	7.36554116866652e-09	57.1623378870509	0.999988732141544
29.025	24.25	0.999989337201691	0.799999866318192	7.34702661958906e-09	57.0423390756166	0.999991469761353
29.175	24.25	0.999991951790877	0.799999898477663	7.32803668038209e-09	56.9223399744123	0.999993561432701
29.325	24.25	0.999993959424977	0.799999922160551	7.30864458549715e-09	56.8023406513292	0.999995167539982
29.475	24.25	0.999995507614453	0.799999939661688	7.28884604343102e-09	56.6823411575545	0.999996406091562
29.625	24.25	0.999996705242196	0.799999952661548	7.26870097929695e-09	56.5623415319686	0.999997364193757
29.775	24.25	0.999997633065898	0.799999962386942	7.24818721167839e-09	56.4423418043495	0.999998106452718
29.925	24.25	0.999998351385321	0.799999969730397	7.22737720649324e-09	56.3223419977039	0.999998681108257
30.075	24.25	0.999998905620692	0.799999975338816	7.20623815023258e-09	56.2023421299644	0.999999124496553
30.225	24.25	0.999999330355738	0.799999979679269	7.18483353605801e-09	56.0823422152231	0.99999946428459
30.375	24.25	0.999999652255996	0.799999983087271	7.16318082180283e-09	55.9623422646323	0.999999721804796
30.525	24.25	0.999999892166617	0.799999985803247	7.14129897459924e-09	55.8423422870637	0.999999913733294
30.675	24.25	1.00000006661444	0.799999987998765	7.11919526854407e-09	55.7223422895953	1.00000005329155
30.825	24.25	1.00000018888045	0.799999989796257	7.09689995731494e-09	55.6023422778741	1.00000015110436
30.975	24.25	1.00000026976431	0.799999991282941	7.07444578640895e-09	55.4823422563914	1.00000021581145
31.125	24.25	1.00000031813024	0.799999992521706	7.05183042034652e-09	55.3623422286945	1.00000025450419
31.275	24.25	1.00000034129913	0.79999999355801	7.02906229508007e-09	55.2423421975539	1.00000027303931
31.425	24.25	1.00000034533336	0.799999994425753	7.00619563722814e-09	55.1223421650977	1.00000027626669
31.575	24.25	1.00000033524796	0.799999995150688	6.98322606252339e-09	55.0023421329222	1.00000026819836
31.725	24.25	1.00000031517155	0.799999995753073	6.96017639454528e-09	54.8823421021848	1.00000025213724
31.875	24.25	1.00000028847336	0.799999996249657	6.93706039765601e-09	54.7623420736833	1.00000023077869
32.025	24.25	1.00000025786736	0.799999996654643	6.91388346522015e-09	54.6423420479231	1.00000020629388
32.175	24.25	1.00000022550094	0.799999996980466	6.89069700677992e-09	54.5223420251764	1.00000018040075
32.325	24.25	1.00000019303281	0.799999997238342	6.8674905218642e-09	54.4023420055327	1.00000015442625
32.475	24.25	1.00000016170283	0.799999997438509	6.84426526357167e-09	54.2823419889426	1.00000012936227
32.625	24.25	1.00000013239565	0.799999997590133	6.82104288479152e-09	54.1623419752543	1.00000010591652
32.775	24.25	1.00000010569877	0.799999997701864	6.79785503722654e-09	54.0423419642456	1.00000008455902
32.925	24.25	1.00000008195548	0.799999997781286	6.77472419404094e-09	53.9223419556495	1.00000006556438
33.075	24.25	1.00000006131279	0.799999997835308	6.75163887832305e-09	53.8023419491757	1.00000004905023
33.225	24.25	1.00000004376433	0.799999997870002	6.72861686607901e-09	53.6823419445269	1.00000003501146
33.375	24.25	1.00000002918821	0.799999997890578	6.70565535676484e-09	53.562341941412	1.00000002335057
33.525	24.25	1.00000001737988	0.799999997901646	6.68281310014148e-09	53.4423419395556	1.0000000139039
33.675	24.25	1.00000000808001	0.799999997906867	6.66004855200605e-09	53.3223419387045	1.00000000646401
33.825	24.25	1.00000000099789	0.799999997909253	6.63740424315439e-09	53.2023419386321	1.00000000079831
33.975	24.25	0.999999995830276	0.799999997911231	6.61488403500504e-09	53.0823419391402	0.999999996664221
34.125	24.25	0.999999992276141	0.799999997914585	6.59249494048451e-09	52.9623419400594	0.999999993820913
34.275	24.25	0.999999990047875	0.799999997920628	6.57027421706043e-09	52.8423419412488	0.9999999920383
34.425	24.25	0.999999988879256	0.799999997930126	6.54819124643493e-09	52.722341942594	0.999999991103405
34.575	24.25	0.999999988530609	0.79999999794365	6.52627306005827e-09	52.6023419440049	0.999999990824487
34.725	24.25	0.999999988791722	0.799999997961335	6.5045418357268e-09	52.482341945413	0.999999991033377
34.875	24.25	0.999999989482785	0.799999997983048	6.48298542669524e-09	52.3623419467685	0.999999991586228
35.025	24.25	0.999999990453989	0.799999998008719	6.46161735100848e-09	52.2423419480374	0.999999992363191
35.175	24.25	0.999999991583932	0.799999998037812	6.4404415765348e-09	52.1223419491987	0.999999993267146
35.325	24.25	0.999999992777306	0.79999999807	6.41949725218303e-09	52.0023419502419	0.999999994221844
35.475	24.25	0.999999993962069	0.799999998104762	6.39876214440561e-09	51.8823419511645	0.999999995169655
35.625	24.25	0.999999995086355	0.799999998141604	6.37824876347225e-09	51.7623419519698	0.999999996069084
35.775	24.25	0.999999996115362	0.799999998180051	6.35796897699581e-09	51.6423419526654	0.999999996892289
35.925	24.25	0.999999997028285	0.799999998219707	6.33794778047961e-09	51.5223419532616	0.999999997622628
36.075	24.25	0.999999997815456	0.799999998260124	6.31815896450341e-09	51.4023419537701	0.999999998252365
36.225	24.25	0.999999998475761	0.799999998300953	6.29863433274334e-09	51.282341954203	0.999999998780609
36.375	24.25	0.999999999014298	0.79999999834186	6.27935965573242e-09	51.1623419545725	0.999999999211438
36.525	24.25	0.999999999440468	0.799999998382641	6.26036159058006e-09	51.0423419548897	0.999999999552374
36.675	24.25	0.999999999766335	0.799999998423115	6.2416313466854e-09	50.9223419551651	0.999999999813068
36.825	24.25	1.00000000000535	0.799999998463085	6.22318518027246e-09	50.8023419554076	1.00000000000428
36.975	24.25	1.00000000017136	0.799999998502528	6.20503477871142e-09	50.6823419556251	1.00000000013709
37.125	24.25	1.00000000027792	0.799999998541236	6.18715760449012e-09	50.562341955824	1.00000000022234
37.275	24.25	1.0000000003377	0.799999998579255	6.16958881520787e-09	50.4423419560094	1.00000000027016
37.425	24.25	1.00000000036183	0.799999998616433	6.15230942928081e-09	50.3223419561854	1.00000000028946
37.575	24.25	1.00000000035913	0.799999998652646	6.13535519597641e-09	50.202341956355	1.0000000002873
37.725	24.25	1.00000000033566	0.799999998688052	6.11870637128163e-09	50.0823419565206	1.00000000026853
37.875	24.25	1.00000000029552	0.799999998723359	6.1023714190993e-09	49.9623419566841	1.00000000023641
38.025	24.25	1.00000000024452	0.799999998759427	6.08636480035372e-09	49.8423419568469	1.00000000019561
38.175	24.25	1.00000000019656	0.799999998797072	6.07067990758357e-09	49.7223419570094	1.00000000015725
38.325	24.25	1.00000000017805	0.799999998834803	6.05532550324052e-09	49.60234195717	1.00000000014244
38.475	24.25	1.00000000021821	0.799999998866338	6.04031971753322e-09	49.4823419573247	1.00000000017457
38.625	24.25	1.00000000031039	0.799999998881156	6.02563986072786e-09	49.3623419574682	1.00000000024832
38.775	24.25	1.00000000034602	0.799999998872759	6.01129163322282e-09	49.2423419576008	1.00000000027682
38.925	24.25	1.00000000007388	0.799999998859104	5.99730697779704e-09	49.12234195774	1.0000000000591
39.075	24.25	0.999999999212026	0.799999998906357	5.98366430451113e-09	49.0023419579289	0.999999999369621
39.225	24.25	0.999999997861586	0.799999999123351	5.97037373253341e-09	48.8823419582194	0.999999998289269
39.375	24.25	0.999999997187156	0.799999999571567	5.95744220820907e-09	48.7623419586024	0.999999997749725
39.525	24.25	0.999999999800268	0.800000000057389	5.94486891755703e-09	48.642341958888	0.999999999840215
39.675	24.25	1.0000000085499	0.799999999902309	5.93264989046433e-09	48.5223419586236	1.00000000683992
39.825	24.25	1.00000002228112	0.799999998023615	5.92081864268068e-09	48.4023419572757	1.00000001782489
39.975	24.25	1.00000002906866	0.799999993857743	5.90934389330008e-09	48.2823419549385	1.00000002325493
40.125	24.25	1.00000000269437	0.799999989389476	5.89823448251673e-09	48.1623419535372	1.00000000215549
40.275	24.25	0.999999915051608	0.799999991295472	5.88751298103015e-09	48.0423419576044	0.999999932041287
40.425	24.25	0.999999777875202	0.80000000996125	5.87715103516342e-09	47.9223419724586	0.999999822300162
40.575	24.25	0.999999707649951	0.800000050491843	5.86717302543125e-09	47.802341997264	0.99999976611996
40.725	24.25	0.999999957517792	0.80000009369882	5.85757669358284e-09	47.6823420134423	0.999999966014234
40.875	24.25	1.00000079734945	0.800000076896892	5.84836289647942e-09	47.5623419773109	1.00000063787956
41.025	24.25	1.00000212196185	0.799999904371801	5.83952784072346e-09	47.4423418372821	1.00000169756948
41.175	24.25	1.00000285290255	0.79999953023332	5.83108290031832e-09	47.3223415985827	1.00000228232204
41.325	24.25	1.00000065163096	0.79999912797305	5.8230480240061e-09	47.2023414304552	1.00000052130477
41.475	24.25	0.999993003857986	0.799999255521659	5.81542799281162e-09	47.0823417350778	0.999994403086389
41.625	24.25	0.999980706637742	0.800000756120438	5.8082083857424e-09	46.9623429970567	0.999984565310193
41.775	24.25	0.999973138463986	0.800004040739383	5.8013723151151e-09	46.8423452125707	0.999978510771188
41.925	24.25	0.999990827520718	0.800007657648984	5.79482352749914e-09	46.7223469422758	0.999992662016575
42.075	24.25	1.0000563795364	0.800006936263413	5.78843177941103e-09	46.6023446764089	1.00004510362912
42.225	24.25	1.00016528886154	0.799994824132236	5.78224074111358e-09	46.482334036432	1.00013223108923
42.375	24.25	1.00024184955314	0.799967674197956	5.77661326759976e-09	46.3623144939132	1.00019347964251
42.525	24.25	1.00011633628488	0.799936550469253	5.77229985307686e-09	46.2422973009347	1.00009306902791
42.675	24.25	0.999594226904628	0.79993786066113	5.77022552005215e-09	46.1223111939772	0.999675381523702
42.825	24.25	0.998683926301586	0.80002737244763	5.77036109460761e-09	46.0023938451192	0.998947141041268
42.975	24.25	0.997944673221101	0.800237006823947	5.77014167282808e-09	45.8825556770388	0.998355738576881
43.125	24.25	0.998684258974118	0.800490005455911	5.76351015735154e-09	45.7627174827239	0.998947407179295
43.275	24.25	1.00248296175363	0.800522975125141	5.74322936033938e-09	45.6426614524119	1.0019863694029
43.425	24.25	1.00955927623393	0.799934825548763	5.70850383263063e-09	45.5220835498831	1.00764742098714
43.575	24.25	1.01623380737149	0.798479881578762	5.67625951433324e-09	45.4008457732353	1.01298704589719
43.725	24.25	1.01328677099415	0.796573391797354	5.68766993554345e-09	45.2794286169485	1.01062941679532
43.875	24.25	0.98868089776038	0.795833250588621	5.79928286771235e-09	45.1593336225193	0.990944718208304
44.025	24.25	0.938367896667008	0.799351007267356	6.04418472942603e-09	45.0428405900749	0.950694317333606
44.175	24.25	0.884673133504771	0.810192428669298	6.33042615932597e-09	44.9313520844701	0.907738506803816
44.325	24.25	0.889127901607975	0.824441952855268	6.30633414924801e-09	44.8222077304477	0.91130232128638
44.475	24.25	1.03257195127601	0.826489829087492	5.60124543014953e-09	44.7059573248492	1.02605756102081
44.625	24.25	1.34924434168938	0.808622133029122	4.49159404789199e-09	44.5677998889751	1.2793954733515
44.775	24.25	1.76408811782099	0.709537047554093	3.56565329692885e-09	44.3955930758544	1.61127049425679
44.925	24.25	2.11154506591162	0.834636814222038	3.04049166461306e-09	44.2248230561833	1.88923605272929
0.075	24.75	3.47473590693777e-16	0.399999999347266	-5.93074771623246e-08	65.389533328797	0.2
0.225	24.75	1.09796499912965e-15	0.799999998042362	-5.92742494431069e-08	65.3655333288361	0.200000000000001
0.375	24.75	2.54818929653605e-15	0.799999996739015	-5.9207824766615e-08	65.3415333289144	0.200000000000002
0.525	24.75	4.61626586307229e-15	0.799999995437805	-5.91082500156034e-08	65.3175333290318	0.200000000000004
0.675	24.75	7.14881701836586e-15	0.799999994140632	-5.89756372819312e-08	65.2935333291882	0.200000000000006
0.825	24.75	9.93588436920308e-15	0.799999992847402	-5.88102169548106e-08	65.2695333293834	0.200000000000008
0.975	24.75	1.27379704714794e-14	0.799999991560518	-5.86122279738561e-08	65.2455333296173	0.20000000000001
1.125	24.75	1.52997075533734e-14	0.799999990279177	-5.83815823338267e-08	65.2215333298898	0.200000000000012
1.275	24.75	1.73403389129216e-14	0.799999989006151	-5.8118830140506e-08	65.1975333302005	0.200000000000014
1.425	24.75	1.85241248473591e-14	0.799999987740804	-5.78241319633252e-08	65.1735333305494	0.200000000000015
1.575	24.75	1.84215048025567e-14	0.799999986485405	-5.7497722582241e-08	65.1495333309361	0.200000000000015
1.725	24.75	1.64738683566211e-14	0.799999985239847	-5.71400936647566e-08	65.1255333313603	0.200000000000013
1.875	24.75	1.19727213219298e-14	0.799999984005825	-5.67516391684938e-08	65.1015333318217	0.20000000000001
2.025	24.75	4.0604712086747e-15	0.799999982783623	-5.63326773996718e-08	65.0775333323199	0.200000000000003
2.175	24.75	-8.24292076277071e-15	0.79999998157472	-5.58837698101816e-08	65.0535333328546	0.199999999999993
2.325	24.75	-2.59845109058578e-14	0.799999980379522	-5.54052275963471e-08	65.0295333334254	0.199999999999979
2.475	24.75	-5.01910948639304e-14	0.799999979199173	-5.48978682690933e-08	65.0055333340319	0.19999999999996
2.625	24.75	-8.17460252399861e-14	0.799999978034102	-5.43618916115002e-08	64.9815333346735	0.199999999999935
2.775	24.75	-1.21225247638134e-13	0.799999976885445	-5.3798000972468e-08	64.9575333353499	0.199999999999903
2.925	24.75	-1.68687699026775e-13	0.79999997575379	-5.32067999451017e-08	64.9335333360604	0.199999999999865
3.075	24.75	-2.23416656581225e-13	0.799999974640495	-5.25888209349557e-08	64.9095333368046	0.199999999999821
3.225	24.75	-2.83611680085386e-13	0.799999973545254	-5.19448532035976e-08	64.885533337582	0.199999999999773
3.375	24.75	-3.46035698972141e-13	0.799999972469326	-5.12754780713803e-08	64.861533338392	0.199999999999723
3.525	24.75	-4.05628553319923e-13	0.799999971413596	-5.05812478112949e-08	64.8375333392339	0.199999999999676
3.675	24.75	-4.55107094233322e-13	0.79999997037807	-4.98630084027103e-08	64.8135333401072	0.199999999999636
3.825	24.75	-4.84582709290067e-13	0.79999996936406	-4.91215412116071e-08	64.7895333410113	0.199999999999612
3.975	24.75	-4.81239933133392e-13	0.799999968371713	-4.83574626117317e-08	64.7655333419455	0.199999999999615
4.125	24.75	-4.29134286997598e-13	0.799999967401736	-4.75715031257722e-08	64.7415333429091	0.199999999999657
4.275	24.75	-3.09183338315683e-13	0.799999966454666	-4.67643754951454e-08	64.7175333439015	0.199999999999753
4.425	24.75	-9.94412610463873e-14	0.799999965530512	-4.59371155219362e-08	64.6935333449219	0.19999999999992
4.575	24.75	2.24237115254515e-13	0.799999964631138	-4.50902285058941e-08	64.6695333459696	0.200000000000179
4.725	24.75	6.87023433108027e-13	0.799999963754927	-4.42247263451701e-08	64.645533347044	0.20000000000055
4.875	24.75	1.31330575643282e-12	0.79999996290438	-4.33413184479824e-08	64.6215333481442	0.200000000001051
5.025	24.75	2.12411111171635e-12	0.799999962077947	-4.24407624476677e-08	64.5975333492695	0.200000000001699
5.175	24.75	3.13363866262642e-12	0.799999961277307	-4.15240643022855e-08	64.5735333504191	0.200000000002507
5.325	24.75	4.34480380764378e-12	0.79999996050282	-4.0592017398731e-08	64.5495333515922	0.200000000003476
5.475	24.75	5.74373354352637e-12	0.799999959753449	-3.96451705907222e-08	64.5255333527881	0.200000000004595
5.625	24.75	7.2932157078126e-12	0.799999959030728	-3.86846343296117e-08	64.5015333540059	0.200000000005835
5.775	24.75	8.92519314621797e-12	0.799999958334067	-3.77111976472329e-08	64.4775333552449	0.20000000000714
5.925	24.75	1.05325124003441e-11	0.799999957664343	-3.67256529290274e-08	64.4535333565042	0.200000000008426
6.075	24.75	1.19602878217762e-11	0.799999957021274	-3.57289498989057e-08	64.429533357783	0.200000000009568
6.225	24.75	1.29974277684978e-11	0.799999956404913	-3.47217647300988e-08	64.4055333590806	0.200000000010398
6.375	24.75	1.33690888331944e-11	0.799999955815652	-3.37049392019735e-08	64.3815333603962	0.200000000010695
6.525	24.75	1.27310736560538e-11	0.799999955253351	-3.26795137625717e-08	64.3575333617291	0.200000000010185
6.675	24.75	1.0667460370355e-11	0.799999954718228	-3.16460666381044e-08	64.3335333630786	0.200000000008534
6.825	24.75	6.69303573925934e-12	0.799999954209834	-3.06054380643842e-08	64.309533364444	0.200000000005354
6.975	24.75	2.62382306609235e-13	0.799999953728872	-2.95584573299897e-08	64.2855333658247	0.20000000000021
7.125	24.75	-9.21228033463888e-12	0.799999953274927	-2.85061202322075e-08	64.2615333672202	0.19999999999263
7.275	24.75	-2.23322086720395e-11	0.79999995284793	-2.74487481685924e-08	64.23753336863	0.199999999982134
7.425	24.75	-3.9669814532512e-11	0.799999952448048	-2.63876891406446e-08	64.2135333700536	0.199999999968264
7.575	24.75	-6.17105635288201e-11	0.799999952074785	-2.53232363028211e-08	64.1895333714907	0.199999999950632
7.725	24.75	-8.87769742211205e-11	0.799999951728817	-2.42563418421376e-08	64.1655333729409	0.199999999928978
7.875	24.75	-1.20933069503514e-10	0.799999951409262	-2.31876797399083e-08	64.141533374404	0.199999999903254
8.025	24.75	-1.57868399776847e-10	0.79999995111691	-2.21182222347035e-08	64.1175333758796	0.199999999873705
8.175	24.75	-1.98761880370798e-10	0.7999999508512	-2.10483067616905e-08	64.0935333773673	0.199999999840991
8.325	24.75	-2.42127215570037e-10	0.799999950611622	-1.99787370642381e-08	64.0695333788667	0.199999999806298
8.475	24.75	-2.85643661805989e-10	0.799999950398789	-1.89103177250881e-08	64.0455333803771	0.199999999771485
8.625	24.75	-3.25978340951017e-10	0.799999950212276	-1.78435915497698e-08	64.0215333818976	0.199999999739217
8.775	24.75	-3.58609257117194e-10	0.799999950052008	-1.67792568714566e-08	63.997533383427	0.199999999713113
8.925	24.75	-3.77661572914124e-10	0.799999949917742	-1.57178861700049e-08	63.9735333849633	0.199999999697871
9.075	24.75	-3.7577350161104e-10	0.799999949809296	-1.46601663391354e-08	63.9495333865044	0.199999999699381
9.225	24.75	-3.4401226169148e-10	0.799999949726206	-1.3606692579308e-08	63.9255333880469	0.19999999972479
9.375	24.75	-2.71864756626772e-10	0.799999949668206	-1.25580371880436e-08	63.9015333895869	0.199999999782508
9.525	24.75	-1.47331761226787e-10	0.799999949634742	-1.15146152687301e-08	63.877533391119	0.199999999882135
9.675	24.75	4.28418750886348e-11	0.799999949625186	-1.04772036279541e-08	63.8535333926371	0.200000000034274
9.825	24.75	3.1276551831804e-10	0.799999949638367	-9.44605560308829e-09	63.8295333941333	0.200000000250212
9.975	24.75	6.76792243728231e-10	0.799999949673528	-8.42190495836231e-09	63.8055333955987	0.200000000541434
10.125	24.75	1.14866211575971e-09	0.799999949729381	-7.40502665850474e-09	63.781533397023	0.20000000091893
10.275	24.75	1.74036392618889e-09	0.799999949804159	-6.39611505220015e-09	63.7575333983944	0.200000001392291
10.425	24.75	2.46068495090937e-09	0.799999949896106	-5.39540994258383e-09	63.7335333997006	0.200000001968548
10.575	24.75	3.31342656766972e-09	0.799999950002971	-4.40350165403231e-09	63.7095334009282	0.200000002650741
10.725	24.75	4.29527582570778e-09	0.799999950122589	-3.4206726887535e-09	63.6855334020642	0.200000003436221
10.875	24.75	5.39333979384908e-09	0.799999950252257	-2.44719571586758e-09	63.6615334030962	0.200000004314672
11.025	24.75	6.58237114887318e-09	0.799999950388804	-1.48386257595505e-09	63.6375334040135	0.200000005265897
11.175	24.75	7.82174026587367e-09	0.799999950529834	-5.30585683750632e-10	63.613533404809	0.200000006257392
11.325	24.75	9.05224108609004e-09	0.799999950671729	4.12037070019081e-10	63.58953340548	0.200000007241793
11.475	24.75	1.01928550556304e-08	0.799999950811839	1.34385536178765e-09	63.5655334060307	0.200000008154284
11.625	24.75	1.1137638910607e-08	0.799999950947465	2.26452919032612e-09	63.5415334064742	0.200000008910111
11.775	24.75	1.17529471271591e-08	0.799999951076283	3.17358771588982e-09	63.5175334068354	0.200000009402358
11.925	24.75	1.18752471344451e-08	0.799999951196903	4.07115237906103e-09	63.4935334071531	0.200000009500198
12.075	24.75	1.1309833157061e-08	0.79999995130916	4.95666380256727e-09	63.4695334074835	0.200000009047867
12.225	24.75	9.83079061997271e-09	0.799999951413148	5.82989692829286e-09	63.4455334079031	0.200000007864633
12.375	24.75	7.18260483564185e-09	0.799999951511937	6.6908862884983e-09	63.4215334085112	0.200000005746084
12.525	24.75	3.08384228505301e-09	0.79999995160979	7.53916421348209e-09	63.3975334094333	0.200000002467074
12.675	24.75	-2.76664290212637e-09	0.799999951713875	8.37471075597374e-09	63.3735334108225	0.199999997786686
12.825	24.75	-1.06805138010044e-08	0.799999951833833	9.19732490358876e-09	63.3495334128617	0.199999991455589
12.975	24.75	-2.09673088627254e-08	0.799999951982143	1.00069622247132e-08	63.3255334157632	0.199999983226153
13.125	24.75	-3.39179194691719e-08	0.799999952174886	1.08032094065851e-08	63.3015334197685	0.199999972865664
13.275	24.75	-4.97837969348364e-08	0.799999952432717	1.15861935216129e-08	63.2775334251449	0.199999960172962
13.425	24.75	-6.87515626655862e-08	0.799999952778861	1.23557310482416e-08	63.253533432181	0.19999994499875
13.575	24.75	-9.091277593413e-08	0.79999995324068	1.3111801243672e-08	63.2295334411785	0.199999927269779
13.725	24.75	-1.16228705945764e-07	0.799999953850883	1.38541417769291e-08	63.2055334524418	0.199999907017035
13.875	24.75	-1.44490048720758e-07	0.799999954644424	1.45828641404103e-08	63.1815334662633	0.199999884407961
14.025	24.75	-1.75271609536514e-07	0.799999955661819	1.52977955689029e-08	63.1575334829052	0.199999859782712
14.175	24.75	-2.07882015868614e-07	0.799999956946743	1.59989497802259e-08	63.1335335025758	0.199999833694387
14.325	24.75	-2.41308502458396e-07	0.799999958546343	1.66862509380031e-08	63.1095335254018	0.199999806953198
14.475	24.75	-2.74156676098804e-07	0.799999960513423	1.73597287422328e-08	63.0855335513942	0.199999780674659
14.625	24.75	-3.04584864740553e-07	0.799999962905155	1.80193455476068e-08	63.061533580409	0.199999756332108
14.775	24.75	-3.30232105942426e-07	0.799999965785149	1.8665088979936e-08	63.0375336121002	0.199999735814315
14.925	24.75	-3.48137930807075e-07	0.799999969226139	1.92970177996418e-08	63.0135336458665	0.199999721489655
15.075	24.75	-3.54650715905171e-07	0.799999973314957	1.99150081859784e-08	62.9895336807891	0.199999716279427
15.225	24.75	-3.45319329069219e-07	0.799999978157657	2.05192273243323e-08	62.9655337155605	0.199999723744537
15.375	24.75	-3.14759850847923e-07	0.799999983890075	2.11096621039893e-08	62.941533748401	0.199999748192119
15.525	24.75	-2.56485003188963e-07	0.799999990693138	2.16862969996701e-08	62.917533776961	0.199999794811997
15.675	24.75	-1.62678153336876e-07	0.799999998811896	2.22492801143819e-08	62.8935337982045	0.199999869857477
15.825	24.75	-2.38858445967977e-08	0.800000008587359	2.27986597192532e-08	62.8695338082665	0.199999980891324
15.975	24.75	1.71407982067007e-07	0.800000020495288	2.33343367871892e-08	62.8455338022754	0.200000137126386
16.125	24.75	4.37377533790519e-07	0.800000035204148	2.385648977441e-08	62.8215337741264	0.200000349902027
16.275	24.75	7.91691689421798e-07	0.800000053654859	2.43652453516634e-08	62.7975337161866	0.200000633353352
16.425	24.75	1.25668933494623e-06	0.800000077164323	2.4860527384279e-08	62.7735336189023	0.200001005351468
16.575	24.75	1.86102716387016e-06	0.800000107574566	2.53425273148402e-08	62.7495334702724	0.200001488821731
16.725	24.75	2.64198168914894e-06	0.800000147446621	2.58112690544959e-08	62.7255332551306	0.200002113585351
16.875	24.75	3.64865164685286e-06	0.800000200328134	2.62668950347637e-08	62.701532954165	0.200002918921317
17.025	24.75	4.9463931726121e-06	0.800000271111161	2.67094223891598e-08	62.6775325425696	0.200003957114538
17.175	24.75	6.62293552875019e-06	0.800000366513466	2.71389949931426e-08	62.6535319881905	0.200005298348423
17.325	24.75	8.7967802093427e-06	0.800000495730074	2.75556135856439e-08	62.6295312489746	0.200007037424167
17.475	24.75	1.16286958118581e-05	0.800000671307645	2.79594144301221e-08	62.6055302694639	0.20000930295665
17.625	24.75	1.53374057517788e-05	0.800000910332884	2.83505322194257e-08	62.5815289759847	0.200012269924601
17.775	24.75	2.02209526814255e-05	0.800001236034155	2.87289056870924e-08	62.5575272700586	0.200016176762145
17.925	24.75	2.6685744967848e-05	0.800001679938023	2.90947224224756e-08	62.5335250193937	0.200021348595974
18.075	24.75	3.52859838829674e-05	0.800002284748489	2.94478661549737e-08	62.5095220455886	0.200028228787106
18.225	24.75	4.67770792295154e-05	0.800003108175281	2.97884825873947e-08	62.4855181073805	0.200037421663384
18.375	24.75	6.21878502320963e-05	0.800004228019785	3.01165239231319e-08	62.4615128778639	0.200049750280186
18.525	24.75	8.29178939688674e-05	0.800005749004522	3.04318457874511e-08	62.437505913569	0.200066334315175
18.675	24.75	0.000110868700972584	0.800007812101424	3.07343840264052e-08	62.4134966125736	0.200088694960778
18.825	24.75	0.000148620257970103	0.800010607471152	3.10238720309431e-08	62.3894841578445	0.200118896206376
18.975	24.75	0.000199669458015865	0.800014392431962	3.13000338997144e-08	62.3654674406575	0.200159735566413
19.125	24.75	0.000268753046952974	0.800019515911858	3.15621032300479e-08	62.3414449570729	0.200215002437562
19.275	24.75	0.000362286160867509	0.800026450412999	3.1809572220619e-08	62.3174146678589	0.200289828928694
19.425	24.75	0.000488957308508886	0.800035831813803	3.20413483545513e-08	62.2933738088054	0.200391165846807
19.575	24.75	0.000660531193297454	0.800048507264568	3.22558132684977e-08	62.269318633942	0.200528424954638
19.725	24.75	0.000892922213289633	0.800065593700188	3.24510024837129e-08	62.2452440686907	0.200714337770632
19.875	24.75	0.00120761713060499	0.800088555937748	3.26241965577099e-08	62.2211432431982	0.200966093704484
20.025	24.75	0.00163355412528734	0.800119323744699	3.27715515421292e-08	62.1970068671794	0.20130684330023
20.175	24.75	0.00220962180009142	0.800160476703972	3.28880699585558e-08	62.1728223946003	0.201767697440073
20.325	24.75	0.0029880403764205	0.800215522446086	3.29670793677938e-08	62.1485729060892	0.202390432301136
20.475	24.75	0.00403902967044071	0.800289261583404	3.29996037264597e-08	62.1242356049437	0.203231223736353
20.625	24.75	0.00545732374574356	0.800388159327924	3.29739968603287e-08	62.0997797762968	0.204365858996595
20.775	24.75	0.00737118407624737	0.800520535620904	3.28751426234046e-08	62.0751640008302	0.205896947260998
20.925	24.75	0.00995447757194594	0.800696279383157	3.26832427264554e-08	62.0503323559456	0.207963582057557
21.075	24.75	0.0134420121748731	0.800925751996161	3.23739592567755e-08	62.02520930091	0.210753609739899
21.225	24.75	0.0181476178100408	0.801217633292225	3.19175989559318e-08	61.9996929579356	0.214518094248033
21.375	24.75	0.0244834937903264	0.801575699738562	3.12810865996463e-08	61.9736465969784	0.219586795032261
21.525	24.75	0.0329782632741509	0.801994863396119	3.04309852825396e-08	61.9468883262712	0.226382610619321
21.675	24.75	0.0442900725888181	0.802457166023968	2.93391232657416e-08	61.9191792897148	0.235432058071054
21.825	24.75	0.0592098323458131	0.802928778360594	2.79906120959855e-08	61.8902110836379	0.24736786587665
21.975	24.75	0.0786480171375066	0.803359391971857	2.63923813800889e-08	61.8595936562086	0.262918413710005
22.125	24.75	0.103596191225084	0.803685575394053	2.45786558098973e-08	61.826845690545	0.282876952980068
22.275	24.75	0.135052303630289	0.803839320832619	2.26114246779003e-08	61.7913904181921	0.308041842904232
22.425	24.75	0.173898994560388	0.803761737212191	2.05734883396796e-08	61.7525608468086	0.33911919564831
22.575	24.75	0.22073058604712	0.803419689053035	1.8555843935695e-08	61.7096191080472	0.376584468837696
22.725	24.75	0.275641528025023	0.802820786123684	1.66427058193395e-08	61.6617942337518	0.420513222420019
22.875	24.75	0.338017857643164	0.80202057443904	1.48998438038765e-08	61.6083400813076	0.470414286114531
23.025	24.75	0.406404724760927	0.801116447447432	1.33683913689405e-08	61.5486096529596	0.525123779808741
23.175	24.75	0.478534573635262	0.800226925668375	1.20647105324447e-08	61.4821344922225	0.58282765890821
23.325	24.75	0.551566088040976	0.799461968307226	1.09848221852083e-08	61.4086913372549	0.64125287043278
23.475	24.75	0.622501309120378	0.798895927117874	1.01108039130583e-08	61.3283373076288	0.698001047296303
23.625	24.75	0.688659258919224	0.798554407404685	9.41705894404805e-09	61.2414022791122	0.750927407135379
23.775	24.75	0.748051811075178	0.79841874112452	8.87525882276164e-09	61.1484403904461	0.798441448860142
23.925	24.75	0.79955778186491	0.798442566316376	8.45789609759292e-09	61.050155094174	0.839646225491928
24.075	24.75	0.842886470956359	0.798570847179969	8.14007235877706e-09	60.9473176043223	0.874309176765087
24.225	24.75	0.878398156469328	0.798753958895794	7.90059358428118e-09	60.840695748178	0.902718525175463
24.375	24.75	0.906872100754667	0.798954489773716	7.72182487030103e-09	60.7310026055965	0.925497680603734
24.525	24.75	0.929292198390076	0.79914819327419	7.58954538186813e-09	60.61886659002	0.943433758712061
24.675	24.75	0.946685094244678	0.799321769710194	7.49254209285928e-09	60.5048195904719	0.957348075395742
24.825	24.75	0.960016774757708	0.799469689239048	7.42198101387684e-09	60.3892978426638	0.968013419806167
24.975	24.75	0.970138073159211	0.79959129001178	7.371063391764e-09	60.2726503740984	0.976110458527368
25.125	24.75	0.977764769290138	0.799688594198444	7.33459935052355e-09	60.1551510164454	0.98221181543211
25.275	24.75	0.983479107324281	0.799764849177355	7.30857534220684e-09	60.037011298332	0.986783285859425
25.425	24.75	0.987742791145875	0.799823637982126	7.29003308932109e-09	59.9183926407096	0.9901942329167
25.575	24.75	0.99091481789296	0.79986838399181	7.27675148881657e-09	59.7994170722279	0.992731854314368
25.725	24.75	0.993270126808516	0.79990210897944	7.26706274205397e-09	59.6801761934953	0.994616101446813
25.875	24.75	0.995016874816921	0.799927345453361	7.25972370680203e-09	59.5607384170763	0.996013499853537
26.025	24.75	0.99631133997002	0.799946137794349	7.2538666640111e-09	59.4411546630032	0.997049071976016
26.175	24.75	0.99727017612948	0.799960090006159	7.24882721631886e-09	59.3214627507807	0.997816140903584
26.325	24.75	0.997980145946593	0.799970433398929	7.24412098035613e-09	59.2016907360372	0.998384116757274
26.475	24.75	0.998505654708217	0.799978097929239	7.23942466279841e-09	59.0818594184064	0.998804523766573
26.625	24.75	0.998894473358666	0.799983778049082	7.23450974060021e-09	58.9619842130994	0.999115578686933
26.775	24.75	0.999182029808848	0.799987988770301	7.22918312108584e-09	58.8420765418027	0.999345623847079
26.925	24.75	0.999394600870442	0.799991110800036	7.2233110286817e-09	58.7221448643871	0.999515680696353
27.075	24.75	0.99955167693134	0.799993425436949	7.21685292480126e-09	58.602195443904	0.999641341545072
27.225	24.75	0.999667711987703	0.799995140792584	7.20975834090483e-09	58.4822329140778	0.999734169590163
27.375	24.75	0.999753419908844	0.799996411138994	7.20200658887982e-09	58.3622607005771	0.999802735927075
27.525	24.75	0.999816736207393	0.799997351053781	7.1935319096445e-09	58.2422813339012	0.999853388965914
27.675	24.75	0.999863532816607	0.79999804574313	7.18439487118914e-09	58.1222966817926	0.999890826253286
27.825	24.75	0.999898149900281	0.799998558603082	7.17457737293798e-09	58.0023081218134	0.999918519920225
27.975	24.75	0.999923791678246	0.799998936790899	7.16408441803314e-09	57.8823166693956	0.999939033342597
28.125	24.75	0.999942820940972	0.799999215357258	7.15294157883297e-09	57.7623230727545	0.999954256752778
28.275	24.75	0.999956977996977	0.799999420325974	7.14118617495601e-09	57.642327883157	0.999965582397581
28.425	24.75	0.999967543255878	0.799999570995131	7.12880973461899e-09	57.5223315068753	0.999974034604703
28.575	24.75	0.999975457806065	0.799999681658192	7.11584766684109e-09	57.40233424355	0.999980366244852
28.725	24.75	0.999981412728978	0.799999762889269	7.10235306675511e-09	57.2823363144772	0.999985130183182
28.875	24.75	0.999985915176933	0.799999822501932	7.08829884061252e-09	57.1623378834382	0.999988732141546
29.025	24.75	0.999989337201682	0.799999866262562	7.07372611496784e-09	57.0423390720121	0.999991469761346
29.175	24.75	0.999991951790866	0.799999898420559	7.05868800819601e-09	56.9223399708163	0.999993561432693
29.325	24.75	0.999993959424972	0.799999922101968	7.04319485045695e-09	56.8023406477419	0.999995167539978
29.475	24.75	0.999995507614454	0.799999939601777	7.02726700839798e-09	56.682341153976	0.999996406091564
29.625	24.75	0.999996705242203	0.799999952600343	7.01092144742288e-09	56.5623415283993	0.999997364193762
29.775	24.75	0.999997633065896	0.799999962324506	6.99419314898993e-09	56.4423418007894	0.999998106452717
29.925	24.75	0.999998351385315	0.799999969666892	6.97708780289025e-09	56.3223419941532	0.999998681108252
30.075	24.75	0.999998905620685	0.7999999752743	6.95967254073661e-09	56.2023421264233	0.999999124496548
30.225	24.75	0.999999330355741	0.799999979613718	6.94190291837227e-09	56.0823422116918	0.999999464284593
30.375	24.75	0.999999652256009	0.799999983020865	6.92386214257832e-09	55.9623422611109	0.999999721804808
30.525	24.75	0.999999892166629	0.799999985736001	6.9055092577708e-09	55.8423422835524	0.999999913733303
30.675	24.75	1.00000006661445	0.799999987930787	6.88691489880819e-09	55.7223422860941	1.00000005329156
30.825	24.75	1.00000018888045	0.799999989727557	6.86810603739009e-09	55.6023422743832	1.00000015110436
30.975	24.75	1.0000002697643	0.799999991213628	6.84905020583337e-09	55.4823422529108	1.00000021581144
31.125	24.75	1.00000031813025	0.799999992451839	6.82980318656e-09	55.3623422252243	1.0000002545042
31.275	24.75	1.00000034129914	0.799999993487656	6.81036932211731e-09	55.2423421940942	1.00000027303931
31.425	24.75	1.00000034533335	0.79999999435497	6.79078722382543e-09	55.1223421616486	1.00000027626668
31.575	24.75	1.00000033524795	0.79999999507948	6.7710540567608e-09	55.0023421294837	1.00000026819836
31.725	24.75	1.00000031517155	0.799999995681557	6.75119575334868e-09	54.8823420987571	1.00000025213724
31.875	24.75	1.00000028847336	0.79999999617788	6.73123347256996e-09	54.7623420702663	1.00000023077869
32.025	24.75	1.00000025786737	0.799999996582631	6.71116935468944e-09	54.6423420445169	1.00000020629389
32.175	24.75	1.00000022550095	0.799999996908335	6.69102879753922e-09	54.522342021781	1.00000018040076
32.325	24.75	1.00000019303282	0.799999997166026	6.6708201128435e-09	54.4023420021482	1.00000015442626
32.475	24.75	1.00000016170284	0.799999997366129	6.65055989941168e-09	54.2823419855689	1.00000012936227
32.625	24.75	1.00000013239565	0.799999997517815	6.63027665139962e-09	54.1623419718914	1.00000010591652
32.775	24.75	1.00000010569877	0.799999997629535	6.60997976136934e-09	54.0423419608936	1.00000008455902
32.925	24.75	1.00000008195548	0.799999997709029	6.58967330108475e-09	53.9223419523084	1.00000006556439
33.075	24.75	1.00000006131279	0.799999997763193	6.5693531851244e-09	53.8023419458454	1.00000004905024
33.225	24.75	1.00000004376435	0.799999997797974	6.54908291295303e-09	53.6823419412074	1.00000003501148
33.375	24.75	1.00000002918824	0.799999997818834	6.52883559048969e-09	53.5623419381033	1.00000002335059
33.525	24.75	1.00000001737988	0.79999999783012	6.50861945957667e-09	53.4423419362576	1.0000000139039
33.675	24.75	1.00000000808001	0.799999997835627	6.48848835070995e-09	53.3223419354173	1.00000000646401
33.825	24.75	1.0000000009979	0.799999997838312	6.46840970887426e-09	53.2023419353556	1.00000000079832
33.975	24.75	0.999999995830289	0.799999997840669	6.4484195613702e-09	53.0823419358742	0.999999996664232
34.125	24.75	0.999999992276144	0.799999997844413	6.42852199543613e-09	52.962341936804	0.999999993820916
34.275	24.75	0.999999990047882	0.799999997850878	6.40870913009975e-09	52.8423419380039	0.999999992038306
34.425	24.75	0.99999998887926	0.799999997860806	6.38902874939869e-09	52.7223419393595	0.999999991103408
34.575	24.75	0.999999988530623	0.799999997874858	6.36945218338278e-09	52.6023419407808	0.999999990824499
34.725	24.75	0.99999998879173	0.79999999789306	6.35002309452126e-09	52.4823419421992	0.999999991033384
34.875	24.75	0.999999989482785	0.799999997915391	6.33072743772587e-09	52.3623419435649	0.999999991586228
35.025	24.75	0.999999990453995	0.799999997941554	6.31160042174848e-09	52.2423419448439	0.999999992363196
35.175	24.75	0.99999999158393	0.79999999797129	6.29262573301677e-09	52.1223419460152	0.999999993267144
35.325	24.75	0.999999992777302	0.799999998004167	6.27380741603184e-09	52.0023419470684	0.999999994221842
35.475	24.75	0.999999993962062	0.799999998039561	6.2551756417387e-09	51.8823419480007	0.99999999516965
35.625	24.75	0.999999995086348	0.799999998077109	6.23672748618951e-09	51.7623419488158	0.999999996069079
35.775	24.75	0.999999996115355	0.799999998116276	6.21847091436457e-09	51.642341949521	0.999999996892284
35.925	24.75	0.999999997028283	0.799999998156702	6.20041006689312e-09	51.5223419501267	0.999999997622626
36.075	24.75	0.999999997815456	0.799999998197831	6.18256248126836e-09	51.4023419506446	0.999999998252365
36.225	24.75	0.99999999847575	0.799999998239453	6.16493617961003e-09	51.2823419510868	0.9999999987806
36.375	24.75	0.999999999014284	0.799999998281223	6.14752393608512e-09	51.1623419514654	0.999999999211427
36.525	24.75	0.999999999440457	0.79999999832283	6.13034272372533e-09	51.0423419517917	0.999999999552365
36.675	24.75	0.999999999766327	0.799999998364161	6.1133968107765e-09	50.922341952076	0.999999999813062
36.825	24.75	1.00000000000535	0.799999998405028	6.09669712461029e-09	50.8023419523273	1.00000000000428
36.975	24.75	1.00000000017135	0.799999998445324	6.08022531747996e-09	50.6823419525535	1.00000000013708
37.125	24.75	1.00000000027791	0.799999998484968	6.06403330839675e-09	50.5623419527608	1.00000000022233
37.275	24.75	1.0000000003377	0.79999999852393	6.04809226692819e-09	50.4423419529546	1.00000000027016
37.425	24.75	1.00000000036183	0.799999998562019	6.03241970582987e-09	50.3223419531388	1.00000000028946
37.575	24.75	1.00000000035913	0.799999998599229	6.01700598343836e-09	50.2023419533165	1.0000000002873
37.725	24.75	1.00000000033566	0.799999998635667	6.00187953841196e-09	50.0823419534901	1.00000000026853
37.875	24.75	1.00000000029552	0.79999999867192	5.98702622196964e-09	49.9623419536614	1.00000000023642
38.025	24.75	1.00000000024452	0.799999998709048	5.97247033612041e-09	49.8423419538318	1.00000000019562
38.175	24.75	1.00000000019656	0.799999998747706	5.95819487782075e-09	49.7223419540017	1.00000000015725
38.325	24.75	1.00000000017805	0.799999998786484	5.94422001947638e-09	49.6023419541697	1.00000000014244
38.475	24.75	1.00000000021821	0.79999999881909	5.93052636397519e-09	49.4823419543316	1.00000000017457
38.625	24.75	1.00000000031039	0.799999998834963	5.91715247808429e-09	49.3623419544821	1.00000000024831
38.775	24.75	1.00000000034601	0.799999998827678	5.9040801770276e-09	49.2423419546215	1.00000000027681
38.925	24.75	1.00000000007387	0.799999998815123	5.89132447024966e-09	49.1223419547674	1.00000000005909
39.075	24.75	0.999999999212029	0.799999998863483	5.87887995979925e-09	49.0023419549628	0.999999999369624
39.225	24.75	0.999999997861576	0.799999999081598	5.86676953662095e-09	48.8823419552596	0.999999998289261
39.375	24.75	0.999999997187149	0.799999999530932	5.85496221011029e-09	48.7623419556489	0.99999999774972
39.525	24.75	0.999999999800268	0.800000000017928	5.84348886592471e-09	48.6423419559404	0.999999999840214
39.675	24.75	1.0000000085499	0.799999999863995	5.83234433375602e-09	48.5223419556819	1.00000000683992
39.825	24.75	1.00000002228112	0.799999997986445	5.82151919243398e-09	48.4023419543396	1.00000001782489
39.975	24.75	1.00000002906866	0.799999993821779	5.81103612160476e-09	48.282341952008	1.00000002325492
40.125	24.75	1.00000000269437	0.799999989354668	5.80089693886919e-09	48.1623419506119	1.0000000021555
40.275	24.75	0.999999915051614	0.799999991261883	5.79109627442904e-09	48.0423419546842	0.999999932041292
40.425	24.75	0.999999777875213	0.800000009928832	5.78164930439098e-09	47.9223419695435	0.999999822300171
40.575	24.75	0.999999707649953	0.800000050460711	5.77254273789579e-09	47.8023419943535	0.999999766119962
40.725	24.75	0.999999957517792	0.800000093668855	5.76378725516555e-09	47.6823420105365	0.999999966014233
40.875	24.75	1.00000079734945	0.800000076868117	5.75536834006641e-09	47.5623419744095	1.00000063787956
41.025	24.75	1.00000212196186	0.799999904344343	5.74731265588041e-09	47.4423418343849	1.00000169756949
41.175	24.75	1.00000285290254	0.799999530207056	5.73960486951452e-09	47.3223415956896	1.00000228232203
41.325	24.75	1.00000065163095	0.799999127948052	5.73227283927171e-09	47.2023414275658	1.00000052130476
41.475	24.75	0.99999300385799	0.799999255497888	5.72532289997027e-09	47.0823417321921	0.999994403086392
41.625	24.75	0.999980706637747	0.800000756097911	5.71875880846769e-09	46.9623429941745	0.999984565310197
41.775	24.75	0.999973138463995	0.800004040718152	5.71254755768854e-09	46.8423452096918	0.999978510771196
41.925	24.75	0.999990827520736	0.800007657629045	5.70657127704178e-09	46.7223469394	0.999992662016589
42.075	24.75	1.00005637953641	0.800006936244723	5.7007536982297e-09	46.602344673536	1.00004510362913
42.225	24.75	1.00016528886153	0.799994824114823	5.69510057189416e-09	46.4823340335617	1.00013223108922
42.375	24.75	1.00024184955309	0.799967674181841	5.68996418418949e-09	46.3623144910455	1.00019347964247
42.525	24.75	1.00011633628482	0.79993655045442	5.68610072904293e-09	46.2422972980693	1.00009306902785
42.675	24.75	0.999594226904584	0.799937860647606	5.68443321275809e-09	46.122311191114	0.999675381523667
42.825	24.75	0.998683926301645	0.800027372435415	5.68491482305667e-09	46.0023938422579	0.998947141041316
42.975	24.75	0.997944673221314	0.800237006812989	5.68500131803425e-09	45.8825556741793	0.998355738577051
43.125	24.75	0.998684258974423	0.800490005446251	5.67876806125818e-09	45.7627174798658	0.998947407179538
43.275	24.75	1.00248296175377	0.800522975116733	5.65904392162023e-09	45.6426614495552	1.00198636940302
43.425	24.75	1.00955927623359	0.79993482554171	5.62507979219926e-09	45.5220835470275	1.00764742098687
43.575	24.75	1.01623380737055	0.798479881573155	5.59353692415076e-09	45.4008457703808	1.01298704589644
43.725	24.75	1.01328677099307	0.796573391793136	5.60499287803643e-09	45.2794286140948	1.01062941679446
43.875	24.75	0.988680897760315	0.795833250585692	5.71518551516971e-09	45.1593336196662	0.990944718208252
44.025	24.75	0.938367896669069	0.799351007265512	5.95667408624558e-09	45.0428405872221	0.950694317335255
44.175	24.75	0.884673133508456	0.810192428668308	6.23890545547024e-09	44.9313520816171	0.907738506806765
44.325	24.75	0.889127901609857	0.824441952855589	6.21526736760521e-09	44.8222077275944	0.911302321287885
44.475	24.75	1.03257195127114	0.826489829090053	5.52044975835335e-09	44.7059573219958	1.02605756101691
44.625	24.75	1.34924434167574	0.808622133033509	4.42684733662709e-09	44.567799886122	1.27939547334059
44.775	24.75	1.76408811780206	0.709537047558403	3.51426472448325e-09	44.395593073002	1.61127049424165
44.925	24.75	2.11154506589182	0.834636814227467	2.99668642723079e-09	44.2248230533314	1.88923605271346
0.075	25.25	3.47473594138141e-16	0.399999999399883	-5.51312159057428e-08	65.3895333345101	0.2
0.225	25.25	1.09796498828106e-15	0.799999998199994	-5.51011893338887e-08	65.3655333345462	0.200000000000001
0.375	25.25	2.54818931309152e-15	0.79999999700155	-5.50411460519794e-08	65.3415333346181	0.200000000000002
0.525	25.25	4.61626583440234e-15	0.799999995805409	-5.49510270883458e-08	65.3175333347261	0.200000000000004
0.675	25.25	7.14881704820019e-15	0.799999994612171	-5.48311628083853e-08	65.2935333348698	0.200000000000006
0.825	25.25	9.93588431976255e-15	0.799999993422906	-5.46815566269624e-08	65.2695333350493	0.200000000000008
0.975	25.25	1.2737970516429e-14	0.79999999223851	-5.45021822371375e-08	65.2455333352644	0.20000000000001
1.125	25.25	1.52997074825201e-14	0.799999991060304	-5.42936511788546e-08	65.221533335515	0.200000000000012
1.275	25.25	1.73403389782637e-14	0.799999989888589	-5.40557420805581e-08	65.1975333358008	0.200000000000014
1.425	25.25	1.85241247592967e-14	0.799999988723991	-5.37889892697434e-08	65.1735333361217	0.200000000000015
1.575	25.25	1.84215049004057e-14	0.799999987567905	-5.34936434413037e-08	65.1495333364774	0.200000000000015
1.725	25.25	1.64738682652029e-14	0.799999986421188	-5.31699247270605e-08	65.1255333368676	0.200000000000013
1.875	25.25	1.19727214767045e-14	0.799999985284135	-5.28181726802657e-08	65.1015333372921	0.20000000000001
2.025	25.25	4.06047114337047e-15	0.799999984157823	-5.2438773746718e-08	65.0775333377506	0.200000000000003
2.175	25.25	-8.24292050953165e-15	0.799999983043478	-5.2032126809367e-08	65.0535333382426	0.199999999999993
2.325	25.25	-2.59845108970847e-14	0.799999981941137	-5.1598759307853e-08	65.029533338768	0.199999999999979
2.475	25.25	-5.01910944548746e-14	0.799999980851694	-5.11388421533207e-08	65.0055333393262	0.19999999999996
2.625	25.25	-8.1746025097525e-14	0.799999979776266	-5.06531235133728e-08	64.9815333399169	0.199999999999935
2.775	25.25	-1.21225247015095e-13	0.799999978715926	-5.01418589969868e-08	64.9575333405396	0.199999999999903
2.925	25.25	-1.68687698704632e-13	0.799999977669999	-4.96057279040763e-08	64.933533341194	0.199999999999865
3.075	25.25	-2.2341665572341e-13	0.799999976640377	-4.90453072410716e-08	64.9095333418794	0.199999999999821
3.225	25.25	-2.83611679604878e-13	0.799999975627254	-4.84609044976174e-08	64.8855333425956	0.199999999999773
3.375	25.25	-3.46035697966914e-13	0.799999974631141	-4.78533553249604e-08	64.8615333433419	0.199999999999723
3.525	25.25	-4.05628552859588e-13	0.799999973653253	-4.72231212446127e-08	64.8375333441178	0.199999999999676
3.675	25.25	-4.55107093383959e-13	0.799999972693345	-4.65709044139617e-08	64.8135333449227	0.199999999999636
3.825	25.25	-4.84582709310062e-13	0.799999971752549	-4.58970628068179e-08	64.7895333457562	0.199999999999612
3.975	25.25	-4.81239933093032e-13	0.799999970830849	-4.5202734878632e-08	64.7655333466177	0.199999999999615
4.125	25.25	-4.29134288375621e-13	0.799999969929957	-4.44880387832245e-08	64.7415333475065	0.199999999999657
4.275	25.25	-3.09183340208772e-13	0.799999969048701	-4.37541020347325e-08	64.717533348422	0.199999999999753
4.425	25.25	-9.94412651669448e-14	0.799999968188479	-4.30013031259989e-08	64.6935333493636	0.19999999999992
4.575	25.25	2.24237109802999e-13	0.799999967350268	-4.22304617470987e-08	64.6695333503307	0.200000000000179
4.725	25.25	6.87023424416415e-13	0.799999966533109	-4.14422609440591e-08	64.6455333513226	0.20000000000055
4.875	25.25	1.31330574549259e-12	0.799999965738117	-4.06374386715129e-08	64.6215333523386	0.200000000001051
5.025	25.25	2.1241110965538e-12	0.79999996496596	-3.98167613378852e-08	64.597533353378	0.200000000001699
5.175	25.25	3.13363864456005e-12	0.799999964216116	-3.89807497543889e-08	64.5735333544402	0.200000000002507
5.325	25.25	4.34480378491467e-12	0.799999963489659	-3.81302585679894e-08	64.5495333555244	0.200000000003476
5.475	25.25	5.74373351818492e-12	0.799999962786798	-3.72662430630208e-08	64.52553335663	0.200000000004595
5.625	25.25	7.29321567878531e-12	0.799999962107035	-3.63891746971353e-08	64.5015333577561	0.200000000005835
5.775	25.25	8.92519311688236e-12	0.79999996145136	-3.5499834857085e-08	64.4775333589022	0.20000000000714
5.925	25.25	1.05325123709729e-11	0.799999960819231	-3.45990102282722e-08	64.4535333600674	0.200000000008426
6.075	25.25	1.19602877978081e-11	0.79999996021176	-3.36873157252842e-08	64.429533361251	0.200000000009568
6.225	25.25	1.29974277523287e-11	0.799999959628217	-3.27657981211253e-08	64.4055333624523	0.200000000010398
6.375	25.25	1.33690888330377e-11	0.799999959069043	-3.18347627438929e-08	64.3815333636708	0.200000000010695
6.525	25.25	1.27310736771016e-11	0.799999958534131	-3.08953508343004e-08	64.3575333649056	0.200000000010185
6.675	25.25	1.06674604239792e-11	0.799999958024283	-2.99480397791964e-08	64.3335333661563	0.200000000008534
6.825	25.25	6.69303583362748e-12	0.799999957538564	-2.89936445652988e-08	64.3095333674221	0.200000000005354
6.975	25.25	2.62382455794101e-13	0.799999957077182	-2.80329841116398e-08	64.2855333687027	0.20000000000021
7.125	25.25	-9.21228012040524e-12	0.799999956640831	-2.70665938933775e-08	64.2615333699975	0.19999999999263
7.275	25.25	-2.23322083779604e-11	0.799999956228902	-2.60952915416441e-08	64.237533371306	0.199999999982134
7.425	25.25	-3.96698141490434e-11	0.799999955842001	-2.51196439458693e-08	64.213533372628	0.199999999968264
7.575	25.25	-6.1710563044736e-11	0.799999955478716	-2.41404646987419e-08	64.1895333739631	0.199999999950632
7.725	25.25	-8.87769736329211e-11	0.799999955140761	-2.31583915761941e-08	64.1655333753111	0.199999999928978
7.875	25.25	-1.20933068810821e-10	0.799999954826659	-2.21740298683743e-08	64.1415333766717	0.199999999903254
8.025	25.25	-1.57868398990708e-10	0.799999954537438	-2.11879915956289e-08	64.1175333780447	0.199999999873705
8.175	25.25	-1.98761879512247e-10	0.799999954272781	-2.02012729554001e-08	64.0935333794298	0.199999999840991
8.325	25.25	-2.42127214676204e-10	0.799999954032475	-1.92141171371903e-08	64.0695333808265	0.199999999806298
8.475	25.25	-2.85643660932605e-10	0.79999995381637	-1.82272774465249e-08	64.0455333822343	0.199999999771485
8.625	25.25	-3.25978340174633e-10	0.799999953624409	-1.72414354536266e-08	64.0215333836524	0.199999999739217
8.775	25.25	-3.58609256542285e-10	0.799999953456769	-1.62570381648076e-08	63.9975333850795	0.199999999713113
8.925	25.25	-3.77661572668739e-10	0.79999995331323	-1.52747358919764e-08	63.9735333865138	0.199999999697871
9.075	25.25	-3.75773501859334e-10	0.799999953193457	-1.42950366468626e-08	63.9495333879532	0.199999999699381
9.225	25.25	-3.44012262619023e-10	0.799999953097322	-1.33186376754361e-08	63.9255333893944	0.19999999972479
9.375	25.25	-2.71864758459045e-10	0.79999995302454	-1.2345825069208e-08	63.9015333908334	0.199999999782508
9.525	25.25	-1.47331764199512e-10	0.799999952974314	-1.13772730439155e-08	63.8775333922651	0.199999999882135
9.675	25.25	4.28418707042944e-11	0.79999995294632	-1.04134805322486e-08	63.8535333936832	0.200000000034274
9.825	25.25	3.12765512265799e-10	0.799999952939578	-9.45501726519208e-09	63.8295333950801	0.200000000250212
9.975	25.25	6.76792235733727e-10	0.799999952953236	-8.5020977128888e-09	63.8055333964468	0.200000000541434
10.125	25.25	1.14866210560708e-09	0.799999952985641	-7.55539884852724e-09	63.781533397773	0.20000000091893
10.275	25.25	1.74036391367842e-09	0.799999953036059	-6.61529259771978e-09	63.7575333990471	0.200000001392291
10.425	25.25	2.46068493596504e-09	0.799999953101781	-5.68213345869183e-09	63.7335334002567	0.200000001968548
10.575	25.25	3.31342655028552e-09	0.799999953181631	-4.75632796593531e-09	63.7095334013885	0.200000002650741
10.725	25.25	4.29527580608669e-09	0.799999953272531	-3.83833428358551e-09	63.6855334024296	0.200000003436221
10.875	25.25	5.39333977233665e-09	0.79999995337222	-2.92864690266697e-09	63.6615334033675	0.200000004314672
11.025	25.25	6.58237112612419e-09	0.799999953477873	-2.02718429150812e-09	63.6375334041917	0.200000005265897
11.175	25.25	7.82174024276871e-09	0.799999953586491	-1.1347994149217e-09	63.613533404895	0.200000006257392
11.325	25.25	9.05224106391969e-09	0.799999953695402	-2.51462996691445e-10	63.5895334054748	0.200000007241793
11.475	25.25	1.01928550359886e-08	0.799999953801212	6.22457782475189e-10	63.5655334059353	0.200000008154284
11.625	25.25	1.11376388955798e-08	0.799999953901519	1.48649571954789e-09	63.5415334062897	0.200000008910111
11.775	25.25	1.17529471191844e-08	0.799999953994358	2.34060192248275e-09	63.5175334065627	0.200000009402358
11.925	25.25	1.18752471364815e-08	0.799999954078113	3.18434138682302e-09	63.4935334067934	0.200000009500198
12.075	25.25	1.13098331724049e-08	0.799999954152257	4.01749243192089e-09	63.469533407038	0.200000009047867
12.225	25.25	9.83079065238682e-09	0.799999954218149	4.84005526263282e-09	63.4455334073728	0.200000007864633
12.375	25.25	7.18260488910886e-09	0.799999954277639	5.65156871585898e-09	63.4215334078974	0.200000005746084
12.525	25.25	3.0838423638449e-09	0.799999954336	6.45182010254462e-09	63.3975334087371	0.200000002467074
12.675	25.25	-2.76664279378032e-09	0.799999954399674	7.24077341498162e-09	63.3735334100452	0.199999997786686
12.825	25.25	-1.06805136589135e-08	0.799999954478452	8.01824818928473e-09	63.3495334120043	0.199999991455589
12.975	25.25	-2.09673086831804e-08	0.799999954585234	8.78383527613922e-09	63.3255334148271	0.199999983226153
13.125	25.25	-3.39179192489994e-08	0.799999954736516	9.53781326891398e-09	63.3015334187549	0.199999972865665
13.275	25.25	-4.97837966719683e-08	0.7999999549518	1.02797346840658e-08	63.2775334240552	0.199999960172963
13.425	25.25	-6.87515623591574e-08	0.799999955255334	1.10095209266056e-08	63.2535334310163	0.19999994499875
13.575	25.25	-9.09127755851688e-08	0.799999955674536	1.17270185790436e-08	63.2295334399401	0.19999992726978
13.725	25.25	-1.16228705557307e-07	0.799999956241208	1.2432469006027e-08	63.2055334511311	0.199999907017036
13.875	25.25	-1.44490048298664e-07	0.799999956991273	1.31253220289132e-08	63.1815334648816	0.199999884407961
14.025	25.25	-1.75271609089557e-07	0.799999957965206	1.38058348746666e-08	63.1575334814537	0.199999859782713
14.175	25.25	-2.0788201540932e-07	0.799999959206123	1.4473742242116e-08	63.1335335010558	0.199999833694388
14.325	25.25	-2.41308502003132e-07	0.799999960761849	1.51291923222453e-08	63.1095335238147	0.199999806953198
14.475	25.25	-2.74156675668666e-07	0.799999962685038	1.5771886137019e-08	63.0855335497413	0.199999780674659
14.625	25.25	-3.04584864361367e-07	0.799999965032421	1.64020069354656e-08	63.0615335786916	0.199999756332109
14.775	25.25	-3.3023210564563e-07	0.799999967868184	1.70193835597275e-08	63.0375336103197	0.199999735814316
14.925	25.25	-3.4813793062981e-07	0.799999971265133	1.762413761754e-08	63.0135336440241	0.199999721489656
15.075	25.25	-3.54650715891082e-07	0.799999975309828	1.82161374213062e-08	62.9895336788862	0.199999716279427
15.225	25.25	-3.45319329268934e-07	0.799999980108326	1.87954852600325e-08	62.9655337135985	0.199999723744537
15.375	25.25	-3.14759851319878e-07	0.799999985796647	1.93621088084131e-08	62.9415337463811	0.199999748192119
15.525	25.25	-2.56485004000673e-07	0.799999992555834	1.99160875434128e-08	62.9175337748845	0.199999794811997
15.675	25.25	-1.62678154566335e-07	0.800000000630997	2.04573437869329e-08	62.8935337960728	0.199999869857476
15.825	25.25	-2.38858463351193e-08	0.800000010362691	2.09859746203574e-08	62.8695338060809	0.199999980891323
15.975	25.25	1.71407979712668e-07	0.800000022226921	2.1502136461666e-08	62.8455338000372	0.200000137126384
16.125	25.25	4.37377530691704e-07	0.800000036892827	2.20056510454085e-08	62.8215337718369	0.200000349902025
16.275	25.25	7.91691685422618e-07	0.800000055300121	2.24965457890713e-08	62.7975337138471	0.200000633353348
16.425	25.25	1.2566893298535e-06	0.800000078766845	2.29750702418698e-08	62.7735336165141	0.200001005351464
16.575	25.25	1.86102715744117e-06	0.800000109134349	2.34412012009017e-08	62.7495334678367	0.200001488821726
16.725	25.25	2.6419816810737e-06	0.800000148963814	2.38949464152239e-08	62.7255332526488	0.200002113585345
16.875	25.25	3.64865163673097e-06	0.80000020180321	2.43363842009264e-08	62.7015329516383	0.200002918921309
17.025	25.25	4.9463931599217e-06	0.800000272544358	2.47655734594319e-08	62.6775325399993	0.200003957114528
17.175	25.25	6.62293551280643e-06	0.800000367905373	2.5182602948132e-08	62.6535319855778	0.20000529834841
17.325	25.25	8.79678018924434e-06	0.800000497080217	2.55875609748054e-08	62.6295312463208	0.200007037424151
17.475	25.25	1.16286957864163e-05	0.800000672616819	2.59803160492782e-08	62.6055302667702	0.200009302956629
17.625	25.25	1.53374057194268e-05	0.800000911601446	2.63611990245607e-08	62.5815289732523	0.200012269924576
17.775	25.25	2.02209526400956e-05	0.800001237262493	2.67301038328218e-08	62.5575272672888	0.200016176762112
17.925	25.25	2.66857449148246e-05	0.800001681126104	2.70870941591197e-08	62.5335250165877	0.200021348595932
18.075	25.25	3.52859838146838e-05	0.800002285896778	2.743220215231e-08	62.5095220427475	0.200028228787052
18.225	25.25	4.67770791413089e-05	0.800003109284062	2.7765305339574e-08	62.4855181045056	0.200037421663313
18.375	25.25	6.2187850117882e-05	0.80000422908953	2.80865141447189e-08	62.4615128749563	0.200049750280094
18.525	25.25	8.2917893820739e-05	0.800005750035559	2.83957679813924e-08	62.4375059106299	0.200066334315057
18.675	25.25	0.0001108687007803	0.800007813094181	2.86926997269989e-08	62.4134966096041	0.200088694960624
18.825	25.25	0.000148620257720436	0.800010608425635	2.89772823564852e-08	62.3894841548458	0.200118896206176
18.975	25.25	0.000199669457691779	0.800014393348639	2.9249103599028e-08	62.3654674376307	0.200159735566153
19.125	25.25	0.000268753046532596	0.800019516791296	2.95077031013964e-08	62.3414449540193	0.200215002437226
19.275	25.25	0.00036228616032286	0.800026451255156	2.97524046691217e-08	62.3174146647795	0.200289828928258
19.425	25.25	0.000488957307804356	0.800035832619426	2.99819048897639e-08	62.2933738057013	0.200391165846243
19.575	25.25	0.000660531192387781	0.800048508033865	3.01951097120768e-08	62.2693186308143	0.20052842495391
19.725	25.25	0.00089292221211768	0.800065594433644	3.03900525921391e-08	62.2452440655404	0.200714337769694
19.875	25.25	0.00120761712909916	0.800088556635184	3.05640435325859e-08	62.2211432400265	0.200966093703279
20.025	25.25	0.00163355412335819	0.800119324407137	3.07134993100383e-08	62.1970068639873	0.201306843298687
20.175	25.25	0.0022096217976281	0.800160477331346	3.08337114646388e-08	62.172822391389	0.201767697438102
20.325	25.25	0.00298804037328613	0.800215523039008	3.09183366128567e-08	62.1485729028597	0.202390432298629
20.475	25.25	0.00403902966646732	0.800289262142213	3.09590732307837e-08	62.124235601697	0.203231223733174
20.625	25.25	0.00545732374072679	0.800388159853368	3.09448820901615e-08	62.099779773034	0.204365858992581
20.775	25.25	0.0073711840699417	0.800520536112928	3.08614666281737e-08	62.0751639975522	0.205896947255953
20.925	25.25	0.00995447756406226	0.800696279842568	3.06902688575285e-08	62.0503323526536	0.20796358205125
21.075	25.25	0.0134420121650784	0.800925752423716	3.04083276108873e-08	62.0252092976048	0.210753609732063
21.225	25.25	0.0181476177979651	0.801217633688696	2.99877689650738e-08	61.9996929546184	0.214518094238372
21.375	25.25	0.0244834937755753	0.80157570010484	2.93973162458078e-08	61.9736465936501	0.21958679502046
21.525	25.25	0.032978263256324	0.801994863733011	2.86053704036409e-08	61.9468883229327	0.226382610605059
21.675	25.25	0.0442900725675255	0.802457166332797	2.75853241098131e-08	61.919179286367	0.23543205805402
21.825	25.25	0.0592098323207045	0.802928778642953	2.632335116735e-08	61.8902110802817	0.247367865856564
21.975	25.25	0.0786480171083056	0.803359392229154	2.48255174011842e-08	61.8595936528447	0.262918413686645
22.125	25.25	0.103596191191626	0.803685575628168	2.31242306242294e-08	61.8268456871741	0.2828769529533
22.275	25.25	0.135052303592585	0.803839321045153	2.12775107491354e-08	61.7913904148148	0.308041842874068
22.425	25.25	0.173898994518693	0.803761737405279	1.93635303320694e-08	61.7525608434253	0.339119195614954
22.575	25.25	0.220730586002005	0.803419689228772	1.74678166375575e-08	61.7096191046583	0.376584468801604
22.725	25.25	0.275641527977453	0.802820786283639	1.56699080638235e-08	61.6617942303574	0.420513222381963
22.875	25.25	0.338017857594503	0.802020574585026	1.4031798034326e-08	61.6083400779077	0.470414286075602
23.025	25.25	0.406404724712863	0.801116447580805	1.25924380023116e-08	61.548609649554	0.52512377977029
23.175	25.25	0.478534573589593	0.800226925790588	1.13672724343181e-08	61.4821344888108	0.582827658871675
23.325	25.25	0.551566087999354	0.799461968419354	1.03528413473933e-08	61.4086913338367	0.641252870399483
23.475	25.25	0.622501309084053	0.798895927220916	9.53235636219242e-09	61.3283373042036	0.698001047267242
23.625	25.25	0.688659258888856	0.798554407499519	8.88171374751639e-09	61.2414022756793	0.750927407111085
23.775	25.25	0.748051811050811	0.798418741211802	8.37437024790393e-09	61.1484403870053	0.798441448840649
23.925	25.25	0.799557781846101	0.798442566396718	7.98438811167492e-09	61.0501550907249	0.839646225476881
24.075	25.25	0.842886470942366	0.798570847253827	7.68843763405183e-09	60.9473176008648	0.874309176753893
24.225	25.25	0.878398156459266	0.798753958963581	7.46641378250522e-09	60.8406957447123	0.902718525167413
24.375	25.25	0.906872100747663	0.798954489835655	7.30176851739898e-09	60.7310026021227	0.92549768059813
24.525	25.25	0.929292198385356	0.79914819333062	7.18106824563375e-09	60.6188665865384	0.943433758708284
24.675	25.25	0.946685094241607	0.799321769761302	7.09369757976065e-09	60.504819586983	0.957348075393285
24.825	25.25	0.960016774755773	0.799469689284994	7.03134187733768e-09	60.3892978391681	0.968013419804618
24.975	25.25	0.97013807315805	0.799591290052877	6.98754667606741e-09	60.2726503705965	0.97611045852644
25.125	25.25	0.97776476928949	0.799688594234699	6.95738241958557e-09	60.1551510129379	0.982211815431592
25.275	25.25	0.98347910732395	0.799764849209059	6.93710978492393e-09	60.0370112948195	0.98678328585916
25.425	25.25	0.987742791145743	0.799823638009332	6.92388216672677e-09	59.9183926371928	0.990194232916594
25.575	25.25	0.990914817892943	0.799868384014694	6.91557927407643e-09	59.7994170687074	0.992731854314354
25.725	25.25	0.993270126808553	0.799902108998204	6.91062732185188e-09	59.6801761899717	0.994616101446842
25.875	25.25	0.995016874816994	0.799927345468052	6.90786724037691e-09	59.5607384135501	0.996013499853595
26.025	25.25	0.996311339970093	0.799946137805111	6.9064598612969e-09	59.4411546594752	0.997049071976074
26.175	25.25	0.997270176129549	0.799960090013223	6.90576670802549e-09	59.3214627472513	0.997816140903639
26.325	25.25	0.997980145946652	0.799970433402313	6.90534012100823e-09	59.201690732507	0.998384116757322
26.475	25.25	0.998505654708267	0.799978097929137	6.9048697120147e-09	59.081859414876	0.998804523766614
26.625	25.25	0.998894473358705	0.799983778045559	6.90409898977513e-09	58.9619842095693	0.999115578686964
26.775	25.25	0.999182029808879	0.79998798876351	6.90287711560095e-09	58.8420765382733	0.999345623847103
26.925	25.25	0.999394600870474	0.799991110790114	6.901133963625e-09	58.722144860859	0.999515680696379
27.075	25.25	0.999551676931358	0.799993425423997	6.89875511903992e-09	58.6021954403776	0.999641341545086
27.225	25.25	0.999667711987721	0.799995140776697	6.89568845949223e-09	58.4822329105535	0.999734169590177
27.375	25.25	0.999753419908857	0.799996411120326	6.89190690834247e-09	58.3622606970554	0.999802735927085
27.525	25.25	0.99981673620741	0.799997351032381	6.88745058506044e-09	58.2422813303826	0.999853388965928
27.675	25.25	0.999863532816625	0.799998045719155	6.88224931343944e-09	58.1222966782774	0.9998908262533
27.825	25.25	0.999898149900289	0.799998558576582	6.87634620495767e-09	58.002308118302	0.999918519920231
27.975	25.25	0.999923791678254	0.799998936762002	6.86976528326813e-09	57.8823166658883	0.999939033342603
28.125	25.25	0.999942820940976	0.799999215326086	6.86250849319083e-09	57.7623230692517	0.99995425675278
28.275	25.25	0.999956977996981	0.79999942029261	6.85457357815329e-09	57.642327879659	0.999965582397585
28.425	25.25	0.999967543255882	0.799999570959679	6.8460137337475e-09	57.5223315033826	0.999974034604705
28.575	25.25	0.999975457806062	0.799999681620729	6.83685855259668e-09	57.4023342400627	0.99998036624485
28.725	25.25	0.999981412728964	0.799999762849928	6.82708373045453e-09	57.2823363109957	0.999985130183171
28.875	25.25	0.999985915176922	0.799999822460786	6.81675190171042e-09	57.1623378799627	0.999988732141538
29.025	25.25	0.99998933720168	0.799999866219655	6.80590192972212e-09	57.0423390685429	0.999991469761344
29.175	25.25	0.999991951790876	0.799999898375992	6.79451011226777e-09	56.9223399673537	0.9999935614327
29.325	25.25	0.999993959424984	0.799999922055856	6.78264320806349e-09	56.8023406442861	0.999995167539988
29.475	25.25	0.999995507614459	0.799999939554133	6.77028508911659e-09	56.6823411505273	0.999996406091567
29.625	25.25	0.999996705242204	0.799999952551366	6.75748698565428e-09	56.5623415249578	0.999997364193763
29.775	25.25	0.9999976330659	0.799999962274176	6.74426536331773e-09	56.4423417973553	0.99999810645272
29.925	25.25	0.999998351385325	0.799999969615315	6.73066197216256e-09	56.3223419907268	0.99999868110826
30.075	25.25	0.999998905620687	0.799999975221544	6.71663085910825e-09	56.2023421230047	0.99999912449655
30.225	25.25	0.999999330355739	0.799999979559864	6.70230685815881e-09	56.0823422082812	0.999999464284591
30.375	25.25	0.999999652256019	0.799999982965979	6.68758557293886e-09	55.9623422577085	0.999999721804815
30.525	25.25	0.999999892166638	0.799999985680148	6.67259234590271e-09	55.8423422801582	0.99999991373331
30.675	25.25	1.00000006661446	0.799999987874038	6.65729266905488e-09	55.7223422827084	1.00000005329157
30.825	25.25	1.00000018888046	0.799999989669988	6.64169411347483e-09	55.6023422710061	1.00000015110437
30.975	25.25	1.00000026976431	0.799999991155325	6.6258712298863e-09	55.4823422495424	1.00000021581145
31.125	25.25	1.00000031813024	0.799999992392801	6.60978801321097e-09	55.3623422218647	1.0000002545042
31.275	25.25	1.00000034129913	0.79999999342799	6.59350086610556e-09	55.2423421907435	1.00000027303931
31.425	25.25	1.00000034533336	0.799999994294679	6.57699471153964e-09	55.1223421583069	1.00000027626669
31.575	25.25	1.00000033524795	0.799999995018695	6.56031265116796e-09	55.0023421261511	1.00000026819836
31.725	25.25	1.00000031517155	0.799999995620335	6.54347047138388e-09	54.8823420954337	1.00000025213724
31.875	25.25	1.00000028847336	0.79999999611622	6.52645139754237e-09	54.7623420669521	1.00000023077869
32.025	25.25	1.00000025786736	0.799999996520611	6.50931365032679e-09	54.6423420412119	1.00000020629389
32.175	25.25	1.00000022550095	0.799999996845969	6.49206835002519e-09	54.5223420184854	1.00000018040076
32.325	25.25	1.00000019303281	0.799999997103497	6.47469670583631e-09	54.4023419988619	1.00000015442625
32.475	25.25	1.00000016170284	0.799999997303346	6.45726932238264e-09	54.282341982292	1.00000012936227
32.625	25.25	1.00000013239565	0.799999997454854	6.43974639964687e-09	54.162341968624	1.00000010591652
32.775	25.25	1.00000010569877	0.799999997566493	6.42216517947856e-09	54.0423419576356	1.00000008455902
32.925	25.25	1.00000008195549	0.799999997645858	6.40452265158471e-09	53.9223419490599	1.00000006556439
33.075	25.25	1.0000000613128	0.799999997700025	6.38687751441087e-09	53.8023419426064	1.00000004905024
33.225	25.25	1.00000004376436	0.799999997734901	6.36918216684695e-09	53.6823419379778	1.00000003501149
33.375	25.25	1.00000002918824	0.799999997755744	6.35149892306545e-09	53.5623419348832	1.00000002335059
33.525	25.25	1.00000001737989	0.799999997767131	6.3338272359243e-09	53.442341933047	1.00000001390391
33.675	25.25	1.00000000808002	0.799999997772794	6.31615409243363e-09	53.3223419322161	1.00000000646401
33.825	25.25	1.0000000009979	0.799999997775674	6.29852502407539e-09	53.2023419321638	1.00000000079832
33.975	25.25	0.999999995830289	0.799999997778212	6.28093027025915e-09	53.0823419326918	0.999999996664231
34.125	25.25	0.999999992276146	0.799999997782254	6.26338189647273e-09	52.9623419336309	0.999999993820917
34.275	25.25	0.999999990047884	0.799999997788989	6.24590593876774e-09	52.8423419348401	0.999999992038307
34.425	25.25	0.999999988879264	0.799999997799263	6.22849392307324e-09	52.722341936205	0.999999991103411
34.575	25.25	0.999999988530627	0.799999997813635	6.21118171519319e-09	52.6023419376355	0.999999990824501
34.725	25.25	0.999999988791734	0.799999997832262	6.19395079111411e-09	52.482341939063	0.999999991033387
34.875	25.25	0.999999989482791	0.799999997854966	6.17682878936936e-09	52.3623419404378	0.999999991586233
35.025	25.25	0.999999990453984	0.799999997881654	6.15980444827152e-09	52.2423419417258	0.999999992363187
35.175	25.25	0.999999991583929	0.799999997911852	6.14290720502463e-09	52.1223419429061	0.999999993267143
35.325	25.25	0.999999992777309	0.799999997945188	6.12615668417897e-09	52.0023419439682	0.999999994221847
35.475	25.25	0.999999993962065	0.799999997981135	6.10952388703648e-09	51.8823419449093	0.999999995169652
35.625	25.25	0.999999995086341	0.799999998019274	6.09304622930186e-09	51.7623419457331	0.999999996069073
35.775	25.25	0.999999996115347	0.799999998059026	6.07673023003945e-09	51.642341946447	0.999999996892278
35.925	25.25	0.999999997028267	0.79999999810005	6.06057030154699e-09	51.5223419470612	0.999999997622613
36.075	25.25	0.999999997815441	0.79999999814187	6.0445767688076e-09	51.4023419475876	0.999999998252353
36.225	25.25	0.999999998475737	0.799999998184106	6.0287651683301e-09	51.2823419480381	0.999999998780589
36.375	25.25	0.999999999014273	0.799999998226597	6.01313782063601e-09	51.162341948425	0.999999999211418
36.525	25.25	0.999999999440455	0.799999998268873	5.99769669216093e-09	51.0423419487594	0.999999999552364
36.675	25.25	0.999999999766326	0.799999998310957	5.98247431139561e-09	50.9223419490517	0.999999999813061
36.825	25.25	1.00000000000534	0.799999998352573	5.96743771891893e-09	50.802341949311	1.00000000000427
36.975	25.25	1.00000000017135	0.799999998393659	5.95262496911682e-09	50.6823419495449	1.00000000013708
37.125	25.25	1.00000000027792	0.799999998434126	5.9380302253142e-09	50.56234194976	1.00000000022233
37.275	25.25	1.0000000003377	0.799999998473864	5.9236488733274e-09	50.4423419499614	1.00000000027016
37.425	25.25	1.00000000036183	0.799999998512802	5.90950946350858e-09	50.322341950153	1.00000000028946
37.575	25.25	1.00000000035913	0.79999999855083	5.89560084522848e-09	50.202341950338	1.0000000002873
37.725	25.25	1.00000000033566	0.799999998588175	5.88193059251778e-09	50.0823419505188	1.00000000026853
37.875	25.25	1.00000000029552	0.799999998625255	5.86850291327135e-09	49.9623419506972	1.00000000023641
38.025	25.25	1.00000000024452	0.799999998663318	5.85533701308333e-09	49.8423419508745	1.00000000019561
38.175	25.25	1.00000000019656	0.799999998702948	5.84242306642277e-09	49.7223419510512	1.00000000015725
38.325	25.25	1.00000000017805	0.799999998742597	5.82976315466674e-09	49.6023419512259	1.00000000014244
38.475	25.25	1.00000000021821	0.799999998776125	5.81737476733586e-09	49.4823419513943	1.00000000017457
38.625	25.25	1.00000000031038	0.79999999879302	5.8052590415492e-09	49.3623419515511	1.00000000024831
38.775	25.25	1.00000000034601	0.799999998786685	5.79342382967697e-09	49.2423419516968	1.00000000027681
38.925	25.25	1.00000000007387	0.799999998775111	5.78185763707716e-09	49.1223419518487	1.00000000005909
39.075	25.25	0.999999999212025	0.799999998824429	5.77055802732978e-09	49.00234195205	0.99999999936962
39.225	25.25	0.999999997861584	0.799999999043633	5.7595567119717e-09	48.8823419523526	0.999999998289267
39.375	25.25	0.99999999718716	0.799999999493936	5.74884992184876e-09	48.7623419527475	0.999999997749728
39.525	25.25	0.999999999800271	0.799999999982016	5.73843939460712e-09	48.6423419530445	0.999999999840216
39.675	25.25	1.0000000085499	0.799999999829084	5.72831760421711e-09	48.5223419527913	1.00000000683992
39.825	25.25	1.00000002228112	0.799999997952664	5.71849701182348e-09	48.4023419514542	1.0000000178249
39.975	25.25	1.00000002906866	0.799999993789018	5.70899343649665e-09	48.2823419491275	1.00000002325493
40.125	25.25	1.00000000269436	0.799999989322968	5.6997829169723e-09	48.1623419477363	1.00000000215549
40.275	25.25	0.999999915051622	0.799999991231288	5.69088559646765e-09	48.0423419518133	0.999999932041297
40.425	25.25	0.999999777875226	0.800000009899328	5.68229101561418e-09	47.922341966677	0.999999822300181
40.575	25.25	0.999999707649971	0.800000050432312	5.67402676542779e-09	47.8023419914915	0.999999766119977
40.725	25.25	0.999999957517793	0.800000093641607	5.66607074712712e-09	47.6823420076785	0.999999966014234
40.875	25.25	1.00000079734945	0.800000076841981	5.65844721379273e-09	47.5623419715556	1.00000063787956
41.025	25.25	1.00000212196186	0.799999904319314	5.65113737123347e-09	47.4423418315349	1.00000169756949
41.175	25.25	1.00000285290255	0.799999530183156	5.64413911295542e-09	47.3223415928432	1.00000228232204
41.325	25.25	1.00000065163095	0.799999127925323	5.63749721731933e-09	47.2023414247229	1.00000052130476
41.475	25.25	0.999993003857989	0.799999255476318	5.63120292217793e-09	47.0823417293526	0.999994403086392
41.625	25.25	0.999980706637745	0.8000007560775	5.62526920817336e-09	46.9623429913381	0.999984565310196
41.775	25.25	0.999973138464002	0.80000404069889	5.61964770641564e-09	46.8423452068584	0.999978510771202
41.925	25.25	0.999990827520746	0.800007657610916	5.61423885015965e-09	46.7223469365694	0.999992662016597
42.075	25.25	1.00005637953641	0.800006936227803	5.60895202933958e-09	46.602344670708	1.00004510362913
42.225	25.25	1.00016528886151	0.799994824099095	5.60382500079274e-09	46.4823340307362	1.00013223108921
42.375	25.25	1.00024184955306	0.79996767416733	5.59917258874897e-09	46.3623144882222	1.00019347964245
42.525	25.25	1.00011633628476	0.799936550441052	5.59576882550151e-09	46.2422972952481	1.00009306902781
42.675	25.25	0.999594226904548	0.799937860635462	5.59446609513878e-09	46.1223111882947	0.999675381523639
42.825	25.25	0.998683926301702	0.800027372424461	5.59526021342446e-09	46.0023938394403	0.998947141041362
42.975	25.25	0.997944673221511	0.80023700680322	5.59567519033017e-09	45.8825556713633	0.998355738577209
43.125	25.25	0.9986842589747	0.800490005437655	5.58983586392297e-09	45.7627174770512	0.99894740717976
43.275	25.25	1.00248296175391	0.800522975109346	5.57069495249066e-09	45.6426614467417	1.00198636940313
43.425	25.25	1.00955927623326	0.799934825535589	5.5374929152397e-09	45.5220835442151	1.00764742098661
43.575	25.25	1.01623380736963	0.798479881568261	5.50664738707322e-09	45.4008457675692	1.0129870458957
43.725	25.25	1.01328677099202	0.796573391789639	5.51812100383592e-09	45.279428611284	1.01062941679362
43.875	25.25	0.988680897760283	0.795833250583354	5.62677498223903e-09	45.1593336168559	0.990944718208227
44.025	25.25	0.938367896671145	0.799351007264138	5.86471645200258e-09	45.042840584412	0.950694317336916
44.175	25.25	0.884673133512123	0.810192428667746	6.14272883188564e-09	44.9313520788068	0.907738506809698
44.325	25.25	0.889127901611736	0.824441952856192	6.11954823290123e-09	44.8222077247838	0.911302321289389
44.475	25.25	1.0325719512663	0.826489829092759	5.43550926907439e-09	44.705957319185	1.02605756101304
44.625	25.25	1.34924434166221	0.808622133038007	4.35876751795275e-09	44.5677998833115	1.27939547332976
44.775	25.25	1.76408811778329	0.709537047562756	3.46024084868091e-09	44.3955930701921	1.61127049422663
44.925	25.25	2.1115450658722	0.834636814232895	2.95062545532092e-09	44.2248230505219	1.88923605269776
0.075	25.75	3.47473590825363e-16	0.399999999447527	-5.12889742354757e-08	65.3895333398232	0.2
0.225	25.75	1.09796499821919e-15	0.799999998342673	-5.12617481343045e-08	65.3655333398564	0.200000000000001
0.375	25.75	2.54818929410878e-15	0.799999997239355	-5.12072866623551e-08	65.3415333399226	0.200000000000002
0.525	25.75	4.61626585748695e-15	0.79999999613807	-5.11257415916564e-08	65.317533340022	0.200000000000004
0.675	25.75	7.14881701020805e-15	0.799999995038733	-5.10170093329637e-08	65.2935333401544	0.200000000000006
0.825	25.75	9.93588435688385e-15	0.799999993944111	-5.0881428918619e-08	65.2695333403197	0.200000000000008
0.975	25.75	1.27379704574313e-14	0.799999992853061	-5.07189421385184e-08	65.2455333405177	0.20000000000001
1.125	25.75	1.52997075368116e-14	0.799999991767778	-5.05297905196406e-08	65.2215333407485	0.200000000000012
1.275	25.75	1.73403388993035e-14	0.799999990687571	-5.03141917235547e-08	65.1975333410117	0.200000000000014
1.425	25.75	1.85241248382701e-14	0.799999989614729	-5.0072444137022e-08	65.1735333413072	0.200000000000015
1.575	25.75	1.84215048088348e-14	0.799999988549182	-4.98045460806512e-08	65.1495333416348	0.200000000000015
1.725	25.75	1.64738683848699e-14	0.799999987491414	-4.95109571154425e-08	65.1255333419943	0.200000000000013
1.875	25.75	1.19727213914015e-14	0.79999998644278	-4.91918248578217e-08	65.1015333423853	0.20000000000001
2.025	25.75	4.0604713333953e-15	0.799999985403807	-4.88478098234044e-08	65.0775333428077	0.200000000000003
2.175	25.75	-8.24292055349487e-15	0.799999984375035	-4.84788213543772e-08	65.0535333432611	0.199999999999993
2.325	25.75	-2.59845105910292e-14	0.799999983357213	-4.80853966934951e-08	65.0295333437452	0.199999999999979
2.475	25.75	-5.01910944071439e-14	0.799999982351071	-4.76680041578358e-08	65.0055333442597	0.19999999999996
2.625	25.75	-8.17460246201305e-14	0.799999981357306	-4.72269407234585e-08	64.9815333448041	0.199999999999935
2.775	25.75	-1.21225246823477e-13	0.799999980376934	-4.67627581210877e-08	64.9575333453782	0.199999999999903
2.925	25.75	-1.68687698013868e-13	0.799999979409043	-4.62757780140223e-08	64.9335333459816	0.199999999999865
3.075	25.75	-2.23416655368554e-13	0.799999978456605	-4.57664826713499e-08	64.9095333466137	0.199999999999821
3.225	25.75	-2.83611678720455e-13	0.799999977518175	-4.52354158241641e-08	64.8855333472742	0.199999999999773
3.375	25.75	-3.46035697527017e-13	0.799999976595533	-4.46829479786415e-08	64.8615333479626	0.199999999999723
3.525	25.75	-4.05628551944321e-13	0.799999975688371	-4.41099240706541e-08	64.8375333486785	0.199999999999676
3.675	25.75	-4.55107093133581e-13	0.799999974798136	-4.35164842642721e-08	64.8135333494214	0.199999999999636
3.825	25.75	-4.84582708782439e-13	0.799999973924546	-4.29036053437731e-08	64.7895333501908	0.199999999999612
3.975	25.75	-4.8123993362608e-13	0.799999973068796	-4.2271228992988e-08	64.765533350986	0.199999999999615
4.125	25.75	-4.29134289033157e-13	0.799999972230143	-4.16207231102407e-08	64.7415333518067	0.199999999999657
4.275	25.75	-3.09183342551129e-13	0.799999971410756	-4.09520352786702e-08	64.7175333526523	0.199999999999753
4.425	25.75	-9.94412682678761e-14	0.79999997060953	-4.02661251524419e-08	64.6935333535222	0.19999999999992
4.575	25.75	2.24237104165167e-13	0.799999969827464	-3.95635726620099e-08	64.6695333544157	0.200000000000179
4.725	25.75	6.87023417209111e-13	0.799999969065291	-3.88447351138573e-08	64.6455333553325	0.20000000000055
4.875	25.75	1.31330573478863e-12	0.799999968322702	-3.81105239917033e-08	64.6215333562717	0.200000000001051
5.025	25.75	2.1241110835095e-12	0.799999967600338	-3.73613819451747e-08	64.5975333572328	0.200000000001699
5.175	25.75	3.13363862727934e-12	0.799999966898614	-3.65982518504561e-08	64.5735333582153	0.200000000002507
5.325	25.75	4.34480376503111e-12	0.79999996621736	-3.58213490231383e-08	64.5495333592183	0.200000000003476
5.475	25.75	5.74373349417225e-12	0.799999965557789	-3.50316517416176e-08	64.5255333602414	0.200000000004595
5.625	25.75	7.29321565321389e-12	0.79999996491905	-3.42296847052734e-08	64.5015333612838	0.200000000005835
5.775	25.75	8.92519308911583e-12	0.799999964301361	-3.34161472090417e-08	64.4775333623449	0.20000000000714
5.925	25.75	1.0532512345141e-11	0.799999963705878	-3.25917821386237e-08	64.453533363424	0.200000000008426
6.075	25.75	1.1960287774842e-11	0.799999963131776	-3.17571450261596e-08	64.4295333645205	0.200000000009568
6.225	25.75	1.29974277386116e-11	0.799999962580092	-3.09127475551649e-08	64.4055333656337	0.200000000010398
6.375	25.75	1.33690888317739e-11	0.79999996205052	-3.00595964730135e-08	64.3815333667632	0.200000000010695
6.525	25.75	1.27310736974889e-11	0.799999961542393	-2.91979771236335e-08	64.3575333679082	0.200000000010185
6.675	25.75	1.06674604719516e-11	0.799999961056944	-2.83288865633188e-08	64.3335333690682	0.200000000008534
6.825	25.75	6.69303592124238e-12	0.799999960593612	-2.74527423332319e-08	64.3095333702427	0.200000000005354
6.975	25.75	2.62382591473959e-13	0.799999960152476	-2.65702765563243e-08	64.2855333714313	0.20000000000021
7.125	25.75	-9.21227992276035e-12	0.799999959734262	-2.56820632658282e-08	64.2615333726335	0.19999999999263
7.275	25.75	-2.23322081090145e-11	0.799999959337689	-2.47888403301676e-08	64.237533373849	0.199999999982134
7.425	25.75	-3.96698137958329e-11	0.799999958964117	-2.38911587911635e-08	64.2135333750775	0.199999999968264
7.575	25.75	-6.17105626006465e-11	0.799999958612326	-2.29896665606522e-08	64.1895333763188	0.199999999950632
7.725	25.75	-8.87769730911981e-11	0.799999958283472	-2.20850073844312e-08	64.1655333775726	0.199999999928978
7.875	25.75	-1.20933068173916e-10	0.79999995797704	-2.11777342682143e-08	64.1415333788388	0.199999999903254
8.025	25.75	-1.57868398266353e-10	0.799999957692683	-2.02684398395436e-08	64.1175333801172	0.199999999873705
8.175	25.75	-1.98761878721307e-10	0.799999957430905	-1.93576165261506e-08	64.0935333814076	0.199999999840991
8.325	25.75	-2.42127213852102e-10	0.799999957191341	-1.84460481535891e-08	64.0695333827095	0.199999999806298
8.475	25.75	-2.85643660126366e-10	0.799999956974641	-1.75341354547976e-08	64.0455333840226	0.199999999771485
8.625	25.75	-3.25978339458522e-10	0.79999995677973	-1.66225020629899e-08	64.0215333853459	0.199999999739217
8.775	25.75	-3.58609256009832e-10	0.799999956607868	-1.57116938330735e-08	63.9975333866784	0.199999999713113
8.925	25.75	-3.77661572443422e-10	0.799999956457607	-1.48021454756938e-08	63.9735333880183	0.199999999697871
9.075	25.75	-3.75773502086458e-10	0.799999956329554	-1.38945017859858e-08	63.9495333893634	0.199999999699381
9.225	25.75	-3.44012263480284e-10	0.799999956223684	-1.29890949149266e-08	63.9255333907107	0.19999999972479
9.375	25.75	-2.71864760152128e-10	0.799999956139082	-1.20866266263877e-08	63.9015333920561	0.199999999782508
9.525	25.75	-1.47331766959267e-10	0.799999956075717	-1.11874536006106e-08	63.8775333933945	0.199999999882135
9.675	25.75	4.28418666436212e-11	0.799999956032855	-1.02920331873678e-08	63.8535333947198	0.200000000034274
9.825	25.75	3.12765506641716e-10	0.799999956009718	-9.4008494524598e-09	63.8295333960243	0.200000000250212
9.975	25.75	6.76792228316242e-10	0.799999956005466	-8.51422220717266e-09	63.8055333972992	0.200000000541434
10.125	25.75	1.14866209616096e-09	0.799999956018995	-7.63281794100991e-09	63.781533398534	0.20000000091893
10.275	25.75	1.7403639020518e-09	0.799999956048436	-6.75675992440159e-09	63.7575333997175	0.200000001392291
10.425	25.75	2.46068492204176e-09	0.799999956092497	-5.88667466521171e-09	63.733533400837	0.200000001968548
10.575	25.75	3.31342653410366e-09	0.799999956148777	-5.02281152319739e-09	63.7095334018795	0.200000002650741
10.725	25.75	4.29527578778001e-09	0.799999956215307	-4.16559163876277e-09	63.6855334028319	0.200000003436221
10.875	25.75	5.39333975228133e-09	0.799999956289429	-3.31531024613508e-09	63.6615334036819	0.200000004314672
11.025	25.75	6.58237110486737e-09	0.799999956368247	-2.47242848548288e-09	63.637533404419	0.200000005265897
11.175	25.75	7.82174022119612e-09	0.799999956449051	-1.63705586968848e-09	63.613533405036	0.200000006257392
11.325	25.75	9.0522410431692e-09	0.79999995652909	-8.0967514404945e-10	63.5895334055303	0.200000007241793
11.475	25.75	1.01928550176248e-08	0.799999956604925	9.3965652448033e-12	63.5655334059062	0.200000008154284
11.625	25.75	1.11376388814861e-08	0.799999956674617	8.20036059274566e-10	63.5415334061769	0.200000008910111
11.775	25.75	1.17529471117263e-08	0.79999995673572	1.62182300738133e-09	63.5175334063673	0.200000009402358
11.925	25.75	1.18752471383701e-08	0.799999956786961	2.41469618077701e-09	63.4935334065162	0.200000009500198
12.075	25.75	1.13098331868258e-08	0.79999995682806	3.19818232973493e-09	63.46953340668	0.200000009047867
12.225	25.75	9.83079068281872e-09	0.799999956859686	3.97214906098702e-09	63.4455334069351	0.200000007864633
12.375	25.75	7.18260493939863e-09	0.799999956884585	4.73636221635237e-09	63.4215334073809	0.200000005746084
12.525	25.75	3.08384243796451e-09	0.799999956907356	5.49078689243714e-09	63.3975334081429	0.200000002467074
12.675	25.75	-2.76664269172611e-09	0.799999956935134	6.23501094684357e-09	63.3735334093744	0.199999997786686
12.825	25.75	-1.06805135250192e-08	0.799999956977556	6.96889777345258e-09	63.349533411258	0.199999991455589
12.975	25.75	-2.09673085137979e-08	0.799999957047387	7.69250835539833e-09	63.3255334140064	0.199999983226153
13.125	25.75	-3.39179190411799e-08	0.799999957160938	8.40541212599194e-09	63.3015334178609	0.199999972865665
13.275	25.75	-4.97837964235726e-08	0.799999957338438	9.10755449821749e-09	63.277533423089	0.199999960172963
13.425	25.75	-6.87515620694317e-08	0.799999957603407	9.79888260541027e-09	63.2535334299791	0.19999994499875
13.575	25.75	-9.09127752548773e-08	0.799999957983822	1.04791404997229e-08	63.2295334388331	0.19999992726978
13.725	25.75	-1.16228705189427e-07	0.79999995851156	1.11482967127348e-08	63.2055334499553	0.199999907017036
13.875	25.75	-1.44490047898503e-07	0.799999959222556	1.1806327382454e-08	63.1815334636383	0.199999884407962
14.025	25.75	-1.75271608665552e-07	0.799999960156623	1.24529685049736e-08	63.157533480144	0.199999859782713
14.175	25.75	-2.07882014973153e-07	0.799999961357586	1.30883431117922e-08	63.133533499681	0.199999833694388
14.325	25.75	-2.41308501570534e-07	0.799999962873494	1.37121964967132e-08	63.1095335223759	0.199999806953199
14.475	25.75	-2.74156675259499e-07	0.799999964756283	1.43246545093632e-08	63.0855335482399	0.19999978067466
14.625	25.75	-3.04584864000443e-07	0.79999996706354	1.49254179525526e-08	63.0615335771286	0.199999756332109
14.775	25.75	-3.30232105362799e-07	0.79999996985895	1.55147832020601e-08	63.0375336086963	0.199999735814316
14.925	25.75	-3.48137930460776e-07	0.799999973215445	1.60924234583509e-08	63.0135336423417	0.199999721489656
15.075	25.75	-3.546507158776e-07	0.799999977219416	1.66584473491663e-08	62.9895336771459	0.199999716279427
15.225	25.75	-3.45319329459652e-07	0.799999981977435	1.72127666921789e-08	62.9655337118014	0.199999723744536
15.375	25.75	-3.14759851771054e-07	0.799999987625288	1.77553809316277e-08	62.9415337445286	0.199999748192119
15.525	25.75	-2.56485004777258e-07	0.799999994343792	1.82863885134653e-08	62.9175337729778	0.199999794811996
15.675	25.75	-1.62678155743713e-07	0.800000002378713	1.88057126358542e-08	62.893533794113	0.199999869857475
15.825	25.75	-2.3885848001067e-08	0.800000012069847	1.93133317326246e-08	62.8695338040693	0.199999980891322
15.975	25.75	1.71407977454267e-07	0.800000023893759	1.98092924049308e-08	62.8455337979749	0.200000137126382
16.125	25.75	4.37377527716823e-07	0.800000038519556	2.02935507084529e-08	62.8215337697253	0.200000349902022
16.275	25.75	7.9169168157993e-07	0.800000056886898	2.0766313902779e-08	62.7975337116873	0.200000633353345
16.425	25.75	1.25668932495599e-06	0.80000008031354	2.12274422190732e-08	62.7735336143073	0.20000100535146
16.575	25.75	1.86102715125307e-06	0.800000110641064	2.16769209903076e-08	62.7495334655841	0.200001488821721
16.725	25.75	2.64198167329421e-06	0.800000150431253	2.21150295417904e-08	62.7255332503516	0.200002113585339
16.875	25.75	3.64865162697118e-06	0.800000203231056	2.25415002980205e-08	62.7015329492977	0.200002918921302
17.025	25.75	4.94639314767405e-06	0.8000002739328	2.29565758773615e-08	62.6775325376164	0.200003957114518
17.175	25.75	6.62293549740512e-06	0.800000369254777	2.3360235429792e-08	62.6535319831539	0.200005298348398
17.325	25.75	8.79678016981156e-06	0.800000498391262	2.37525203857363e-08	62.6295312438569	0.200007037424136
17.475	25.75	1.16286957617941e-05	0.800000673888801	2.41336019125777e-08	62.6055302642676	0.200009302956609
17.625	25.75	1.53374056880864e-05	0.80000091283526	2.45032766169051e-08	62.5815289707121	0.200012269924551
17.775	25.75	2.0220952600023e-05	0.800001238458108	2.48616901422271e-08	62.5575272647122	0.20001617676208
17.925	25.75	2.66857448633631e-05	0.800001682284006	2.52088570101336e-08	62.5335250139757	0.200021348595891
18.075	25.75	3.52859837483456e-05	0.80000228701692	2.55448231320604e-08	62.5095220401014	0.200028228786999
18.225	25.75	4.67770790555291e-05	0.800003110366826	2.58695190708006e-08	62.4855181018265	0.200037421663244
18.375	25.75	6.21878500066995e-05	0.800004230135406	2.61829103770363e-08	62.4615128722453	0.200049750280005
18.525	25.75	8.29178936763884e-05	0.80000575104462	2.64848406479114e-08	62.437505907888	0.200066334314941
18.675	25.75	0.000110868700592718	0.800007814066608	2.67753422339005e-08	62.4134966068325	0.200088694960474
18.825	25.75	0.0001486202574766	0.800010609361865	2.7054079841397e-08	62.3894841520456	0.200118896205981
18.975	25.75	0.000199669457374902	0.800014394248816	2.73206466703545e-08	62.365467434803	0.2001597355659
19.125	25.75	0.000268753046121118	0.800019517655978	2.75745969090597e-08	62.341444951165	0.200215002436897
19.275	25.75	0.000362286159789111	0.800026452084195	2.78152168306835e-08	62.3174146618999	0.200289828927831
19.425	25.75	0.000488957307113011	0.800035833413355	2.80416477436962e-08	62.2933738027973	0.20039116584569
19.575	25.75	0.000660531191493937	0.800048508793078	2.82526018930085e-08	62.2693186278871	0.200528424953195
19.725	25.75	0.000892922210964568	0.800065595158219	2.8445991474366e-08	62.245244062591	0.200714337768772
19.875	25.75	0.00120761712761534	0.800088557325861	2.86196101021171e-08	62.2211432370559	0.200966093702092
20.025	25.75	0.00163355412145444	0.800119325063568	2.87699563227119e-08	62.1970068609965	0.201306843297164
20.175	25.75	0.00220962179519315	0.80016047795433	2.88927332686716e-08	62.172822388379	0.201767697436155
20.325	25.75	0.00298804037018235	0.800215523628666	2.89818301216892e-08	62.1485728998317	0.202390432296146
20.475	25.75	0.00403902966252515	0.800289262699128	2.90293870141604e-08	62.1242355986519	0.20323122373002
20.625	25.75	0.00545732373573877	0.80038816037764	2.90250919904079e-08	62.0997797699728	0.204365858988591
20.775	25.75	0.00737118406365729	0.800520536605282	2.89554844973378e-08	62.0751639944759	0.205896947250926
20.925	25.75	0.00995447755618399	0.800696280303679	2.8803256586273e-08	62.0503323495631	0.207963582044947
21.075	25.75	0.0134420121552624	0.800925752853755	2.85464441220001e-08	62.0252092945013	0.21075360972421
21.225	25.75	0.0181476177858249	0.801217634088465	2.8159058470374e-08	61.9996929515027	0.21451809422866
21.375	25.75	0.02448349376069	0.801575700475403	2.76116388605346e-08	61.9736465905232	0.219586795008552
21.525	25.75	0.0329782632382536	0.801994864075145	2.68741301313059e-08	61.9468883197954	0.226382610590603
21.675	25.75	0.0442900725458352	0.802457166647873	2.59218409250981e-08	61.9191792832203	0.235432058036668
21.825	25.75	0.0592098322949857	0.802928778932214	2.47413117426049e-08	61.8902110771264	0.247367865835989
21.975	25.75	0.0786480170782108	0.80335939249399	2.33384524710022e-08	61.8595936496815	0.262918413662569
22.125	25.75	0.103596191156912	0.803685575870262	2.17432837723742e-08	61.8268456840037	0.282876952925529
22.275	25.75	0.135052303553177	0.803839321266763	2.00107962452129e-08	61.7913904116377	0.308041842842541
22.425	25.75	0.173898994474751	0.803761737607862	1.82142471698922e-08	61.752560840242	0.339119195579801
22.575	25.75	0.220730585954041	0.80341968941433	1.64341670258273e-08	61.7096191014691	0.376584468763233
22.725	25.75	0.275641527926406	0.802820786453941	1.47455336687108e-08	61.6617942271624	0.420513222341125
22.875	25.75	0.338017857541765	0.802020574741628	1.32068171477859e-08	61.6083400747069	0.470414286033412
23.025	25.75	0.406404724660207	0.801116447725238	1.18546909118906e-08	61.5486096463471	0.525123779728165
23.175	25.75	0.478534573539005	0.800226925924011	1.07040655457494e-08	61.4821344855973	0.582827658831204
23.325	25.75	0.551566087952696	0.79946196854298	9.75164497012181e-09	61.4086913306161	0.641252870362157
23.475	25.75	0.622501309042787	0.798895927335637	8.9818064171428e-09	61.3283373009752	0.698001047234229
23.625	25.75	0.688659258853841	0.798554407606143	8.37200202465603e-09	61.2414022724426	0.750927407083073
23.775	25.75	0.748051811022249	0.798418741311128	7.89723170778174e-09	61.1484403837597	0.7984414488178
23.925	25.75	0.799557781823654	0.798442566489201	7.53311984658715e-09	61.0501550874699	0.839646225458923
24.075	25.75	0.8428864709253	0.79857084733993	7.25769622916485e-09	60.9473175976002	0.87430917674024
24.225	25.75	0.878398156446677	0.798753959043655	7.05209949676803e-09	60.840695741438	0.902718525157342
24.375	25.75	0.906872100738626	0.798954489910079	6.9006275965792e-09	60.7310025988387	0.925497680590901
24.525	25.75	0.929292198379036	0.799148193399593	6.79070468724331e-09	60.6188665832451	0.943433758703229
24.675	25.75	0.946685094237287	0.799321769825053	6.71226383437177e-09	60.5048195836808	0.95734807538983
24.825	25.75	0.96001677475289	0.799469689343674	6.65745369064805e-09	60.3892978358574	0.968013419802312
24.975	25.75	0.970138073156172	0.799591290106685	6.62019875468241e-09	60.2726503672778	0.976110458524938
25.125	25.75	0.977764769288296	0.799688594283838	6.59581817848584e-09	60.1551510096118	0.982211815430637
25.275	25.75	0.983479107323211	0.799764849253581	6.58073798338817e-09	60.0370112914866	0.986783285858569
25.425	25.75	0.9877427911453	0.79982363804945	6.57231935075368e-09	59.9183926338536	0.99019423291624
25.575	25.75	0.990914817892688	0.799868384050528	6.5685384563711e-09	59.7994170653626	0.99273185431415
25.725	25.75	0.993270126808421	0.799902109029865	6.56787898493775e-09	59.6801761866219	0.994616101446737
25.875	25.75	0.995016874816934	0.799927345495716	6.56925386834553e-09	59.5607384101959	0.996013499853547
26.025	25.75	0.996311339970079	0.799946137828893	6.57183811320645e-09	59.4411546561172	0.997049071976064
26.175	25.75	0.997270176129563	0.799960090033184	6.57507629320254e-09	59.32146274389	0.997816140903651
26.325	25.75	0.997980145946684	0.799970433418633	6.5785070686963e-09	59.201690729143	0.998384116757348
26.475	25.75	0.998505654708307	0.799978097941913	6.58183111544298e-09	59.0818594115098	0.998804523766646
26.625	25.75	0.998894473358746	0.79998377805492	6.58484594704435e-09	58.9619842062014	0.999115578686997
26.775	25.75	0.999182029808913	0.799987988769553	6.58738404241956e-09	58.8420765349043	0.99934562384713
26.925	25.75	0.999394600870497	0.799991110793007	6.5893353765864e-09	58.7221448574893	0.999515680696397
27.075	25.75	0.999551676931381	0.799993425423785	6.59064040311772e-09	58.6021954370077	0.999641341545104
27.225	25.75	0.999667711987734	0.799995140773493	6.59123295483276e-09	58.4822329071839	0.999734169590187
27.375	25.75	0.999753419908872	0.79999641111429	6.59114301940148e-09	58.3622606936865	0.999802735927098
27.525	25.75	0.999816736207423	0.799997351023582	6.59029134685166e-09	58.2422813270148	0.999853388965938
27.675	25.75	0.99986353281663	0.799998045707665	6.58869429674481e-09	58.1222966749111	0.999890826253304
27.825	25.75	0.99989814990029	0.799998558562549	6.58641385550214e-09	58.0023081149377	0.999918519920232
27.975	25.75	0.999923791678253	0.799998936745517	6.58337543268353e-09	57.8823166625262	0.999939033342602
28.125	25.75	0.999942820940975	0.799999215307228	6.57966749535936e-09	57.7623230658923	0.99995425675278
28.275	25.75	0.999956977996981	0.799999420271484	6.57528451935099e-09	57.6423278763026	0.999965582397585
28.425	25.75	0.999967543255876	0.799999570936398	6.57021971957871e-09	57.5223315000295	0.999974034604701
28.575	25.75	0.999975457806059	0.799999681595314	6.56451826371567e-09	57.4023342367133	0.999980366244847
28.725	25.75	0.99998141272897	0.799999762822518	6.55821450226193e-09	57.2823363076502	0.999985130183176
28.875	25.75	0.999985915176933	0.799999822431402	6.55131940305625e-09	57.1623378766215	0.999988732141546
29.025	25.75	0.999989337201683	0.799999866188514	6.54386070656509e-09	57.0423390652062	0.999991469761346
29.175	25.75	0.999991951790873	0.799999898343098	6.53585409787231e-09	56.9223399640219	0.999993561432698
29.325	25.75	0.999993959424973	0.7999999220213	6.52730677645628e-09	56.8023406409593	0.999995167539978
29.475	25.75	0.999995507614441	0.799999939518003	6.51828534576015e-09	56.6823411472058	0.999996406091553
29.625	25.75	0.99999670524219	0.799999952513659	6.50877380342221e-09	56.5623415216418	0.999997364193752
29.775	25.75	0.999997633065896	0.79999996223508	6.49882229417992e-09	56.4423417940451	0.999998106452717
29.925	25.75	0.999998351385318	0.799999969574847	6.48841413857839e-09	56.3223419874226	0.999998681108254
30.075	25.75	0.999998905620688	0.799999975179805	6.47761977988674e-09	56.2023421197067	0.99999912449655
30.225	25.75	0.999999330355732	0.799999979516916	6.46643026971734e-09	56.0823422049895	0.999999464284585
30.375	25.75	0.999999652256009	0.799999982921853	6.45487940776249e-09	55.9623422544233	0.999999721804807
30.525	25.75	0.999999892166629	0.799999985634923	6.44295584389572e-09	55.8423422768798	0.999999913733303
30.675	25.75	1.00000006661445	0.799999987827849	6.43071427876163e-09	55.7223422794368	1.00000005329156
30.825	25.75	1.00000018888045	0.799999989622845	6.41816999230081e-09	55.6023422677415	1.00000015110436
30.975	25.75	1.0000002697643	0.799999991107267	6.40532583194171e-09	55.4823422462849	1.00000021581144
31.125	25.75	1.00000031813024	0.799999992343924	6.3922084853413e-09	55.3623422186146	1.00000025450419
31.275	25.75	1.00000034129914	0.799999993378332	6.37886014779804e-09	55.2423421875008	1.00000027303931
31.425	25.75	1.00000034533336	0.79999999424438	6.36525390984148e-09	55.1223421550716	1.00000027626669
31.575	25.75	1.00000033524795	0.799999994967705	6.35143395613971e-09	55.0023421229235	1.00000026819836
31.725	25.75	1.00000031517154	0.799999995568735	6.33739057587221e-09	54.8823420922137	1.00000025213723
31.875	25.75	1.00000028847335	0.799999996064081	6.32318761534778e-09	54.7623420637399	1.00000023077868
32.025	25.75	1.00000025786735	0.799999996468019	6.30880469632088e-09	54.6423420380076	1.00000020629388
32.175	25.75	1.00000022550095	0.799999996792928	6.29425381278225e-09	54.522342015289	1.00000018040076
32.325	25.75	1.00000019303282	0.799999997050042	6.27959129985947e-09	54.4023419956735	1.00000015442625
32.475	25.75	1.00000016170284	0.799999997249558	6.26476642535202e-09	54.2823419791116	1.00000012936227
32.625	25.75	1.00000013239566	0.799999997400784	6.24987163853935e-09	54.1623419654517	1.00000010591652
32.775	25.75	1.00000010569878	0.799999997512162	6.23485177132826e-09	54.0423419544715	1.00000008455902
32.925	25.75	1.00000008195548	0.799999997591404	6.21975932051462e-09	53.9223419459039	1.00000006556439
33.075	25.75	1.0000000613128	0.799999997645376	6.20458561922683e-09	53.8023419394586	1.00000004905024
33.225	25.75	1.00000004376435	0.799999997680108	6.18936670158009e-09	53.6823419348382	1.00000003501148
33.375	25.75	1.00000002918824	0.799999997700934	6.17411260797877e-09	53.5623419317518	1.00000002335059
33.525	25.75	1.00000001737989	0.79999999771231	6.15882658832519e-09	53.4423419299238	1.00000001390391
33.675	25.75	1.00000000808002	0.799999997717909	6.14350696924685e-09	53.3223419291012	1.00000000646402
33.825	25.75	1.00000000099791	0.799999997720896	6.12817842924218e-09	53.2023419290571	1.00000000079833
33.975	25.75	0.999999995830296	0.799999997723526	6.11286098694708e-09	53.0823419295933	0.999999996664237
34.125	25.75	0.999999992276153	0.799999997727669	6.09756129832649e-09	52.9623419305406	0.999999993820923
34.275	25.75	0.999999990047887	0.799999997734593	6.08228871371401e-09	52.842341931758	0.999999992038309
34.425	25.75	0.999999988879275	0.799999997745059	6.06705403365304e-09	52.722341933131	0.99999999110342
34.575	25.75	0.999999988530635	0.799999997759672	6.05185887226635e-09	52.6023419345696	0.999999990824508
34.725	25.75	0.999999988791744	0.799999997778511	6.0367327460491e-09	52.4823419360053	0.999999991033395
34.875	25.75	0.999999989482803	0.79999999780156	6.02165476874916e-09	52.3623419373881	0.999999991586242
35.025	25.75	0.999999990454006	0.799999997828538	6.00666796876766e-09	52.2423419386841	0.999999992363205
35.175	25.75	0.999999991583949	0.799999997859115	5.99176583890416e-09	52.1223419398723	0.999999993267159
35.325	25.75	0.999999992777323	0.799999997892812	5.97694140848485e-09	52.0023419409422	0.999999994221858
35.475	25.75	0.999999993962074	0.799999997929228	5.9622465328583e-09	51.8823419418912	0.999999995169659
35.625	25.75	0.999999995086349	0.799999997967778	5.94764295627733e-09	51.7623419427228	0.999999996069079
35.775	25.75	0.999999996115349	0.799999998008035	5.93316701154045e-09	51.6423419434443	0.999999996892279
35.925	25.75	0.999999997028269	0.79999999804949	5.91881889024493e-09	51.5223419440662	0.999999997622615
36.075	25.75	0.99999999781545	0.799999998091848	5.90461180504339e-09	51.4023419446001	0.99999999825236
36.225	25.75	0.999999998475744	0.79999999813471	5.89054183371432e-09	51.2823419450581	0.999999998780595
36.375	25.75	0.999999999014283	0.799999998177646	5.8766150026926e-09	51.1623419454523	0.999999999211427
36.525	25.75	0.999999999440461	0.799999998220627	5.86286335525757e-09	51.042341945794	0.999999999552369
36.675	25.75	0.999999999766331	0.799999998263264	5.8492593526615e-09	50.9223419460936	0.999999999813065
36.825	25.75	1.00000000000534	0.799999998305534	5.83584279626332e-09	50.8023419463599	1.00000000000427
36.975	25.75	1.00000000017135	0.799999998347273	5.82259322674275e-09	50.6823419466009	1.00000000013708
37.125	25.75	1.00000000027791	0.799999998388408	5.80953318019619e-09	50.5623419468229	1.00000000022233
37.275	25.75	1.00000000033769	0.799999998428891	5.79666618144365e-09	50.442341947031	1.00000000027015
37.425	25.75	1.00000000036183	0.79999999846852	5.78398685163973e-09	50.3223419472294	1.00000000028946
37.575	25.75	1.00000000035913	0.799999998507297	5.77151175612068e-09	50.202341947421	1.0000000002873
37.725	25.75	1.00000000033565	0.799999998545344	5.75924289070486e-09	50.0823419476082	1.00000000026852
37.875	25.75	1.00000000029551	0.799999998583274	5.74720273391772e-09	49.9623419477929	1.00000000023641
38.025	25.75	1.00000000024452	0.799999998622082	5.73535921906358e-09	49.8423419479765	1.00000000019561
38.175	25.75	1.00000000019656	0.799999998662521	5.72374226357152e-09	49.7223419481594	1.00000000015725
38.325	25.75	1.00000000017805	0.799999998702999	5.71237143841573e-09	49.60234194834	1.00000000014244
38.475	25.75	1.0000000002182	0.799999998737369	5.70122488106441e-09	49.4823419485143	1.00000000017456
38.625	25.75	1.00000000031039	0.799999998755099	5.69031280975372e-09	49.3623419486769	1.00000000024831
38.775	25.75	1.00000000034602	0.799999998749652	5.67964335533611e-09	49.2423419488282	1.00000000027681
38.925	25.75	1.00000000007387	0.799999998738938	5.66922184180532e-09	49.1223419489856	1.00000000005909
39.075	25.75	0.999999999212016	0.799999998789149	5.65905950966489e-09	49.0023419491923	0.999999999369613
39.225	25.75	0.999999997861575	0.799999999009265	5.64914049018406e-09	48.8823419495001	0.99999999828926
39.375	25.75	0.999999997187157	0.799999999460555	5.63949723535518e-09	48.7623419499001	0.999999997749726
39.525	25.75	0.999999999800259	0.799999999949479	5.6300923050004e-09	48.642341950202	0.999999999840207
39.675	25.75	1.0000000085499	0.799999999797527	5.62096433375745e-09	48.5223419499536	1.00000000683992
39.825	25.75	1.00000002228112	0.799999997922031	5.612117286995e-09	48.4023419486212	1.00000001782489
39.975	25.75	1.00000002906865	0.799999993759393	5.60352517687252e-09	48.282341946299	1.00000002325492
40.125	25.75	1.00000000269436	0.799999989294304	5.59522404585478e-09	48.1623419449122	1.00000000215549
40.275	25.75	0.999999915051612	0.799999991203585	5.58719832769679e-09	48.0423419489934	0.99999993204129
40.425	25.75	0.999999777875217	0.800000009872668	5.57945675726845e-09	47.9223419638612	0.999999822300174
40.575	25.75	0.999999707649966	0.800000050406639	5.57199030470045e-09	47.8023419886796	0.999999766119973
40.725	25.75	0.999999957517794	0.800000093616923	5.56482203713981e-09	47.6823420048704	0.999999966014236
40.875	25.75	1.00000079734945	0.80000007681833	5.55792653428243e-09	47.5623419687511	1.00000063787956
41.025	25.75	1.00000212196186	0.799999904296679	5.5513358699146e-09	47.4423418287338	1.00000169756949
41.175	25.75	1.00000285290254	0.799999530161567	5.54504930848344e-09	47.3223415900455	1.00000228232203
41.325	25.75	1.00000065163096	0.799999127904795	5.53906080029403e-09	47.2023414219284	1.00000052130477
41.475	25.75	0.999993003857986	0.799999255456842	5.53340982835402e-09	47.082341726561	0.999994403086389
41.625	25.75	0.999980706637749	0.800000756059093	5.52807675133533e-09	46.9623429885494	0.999984565310199
41.775	25.75	0.999973138464009	0.800004040681537	5.52300977789778e-09	46.8423452040723	0.999978510771207
41.925	25.75	0.999990827520755	0.800007657594625	5.51816744298591e-09	46.7223469337859	0.999992662016604
42.075	25.75	1.00005637953643	0.800006936212601	5.51341888335756e-09	46.6023446679268	1.00004510362914
42.225	25.75	1.00016528886151	0.799994824085015	5.50877582968083e-09	46.4823340279572	1.00013223108921
42.375	25.75	1.00024184955302	0.799967674154275	5.5045877468499e-09	46.3623144854453	1.00019347964242
42.525	25.75	1.0001163362847	0.799936550429145	5.50160472502811e-09	46.2422972924731	1.00009306902776
42.675	25.75	0.999594226904516	0.799937860624625	5.500677642684e-09	46.1223111855214	0.999675381523613
42.825	25.75	0.998683926301769	0.800027372414732	5.50178379677671e-09	46.0023938366686	0.998947141041415
42.975	25.75	0.997944673221723	0.800237006794593	5.50250570564616e-09	45.8825556685929	0.998355738577378
43.125	25.75	0.998684258974993	0.800490005430098	5.49701202165741e-09	45.7627174742819	0.998947407179995
43.275	25.75	1.00248296175404	0.800522975102899	5.47844175724295e-09	45.6426614439735	1.00198636940324
43.425	25.75	1.00955927623293	0.799934825530293	5.44603344807533e-09	45.5220835414478	1.00764742098634
43.575	25.75	1.01623380736871	0.79847988156418	5.41591770840214e-09	45.4008457648027	1.01298704589497
43.725	25.75	1.01328677099101	0.796573391786753	5.42738441606871e-09	45.2794286085181	1.01062941679281
43.875	25.75	0.988680897760289	0.795833250581587	5.53442954167997e-09	45.1593336140904	0.990944718208231
44.025	25.75	0.938367896673224	0.79935100726328	5.76862733369224e-09	45.0428405816466	0.950694317338579
44.175	25.75	0.884673133515755	0.810192428667556	6.04220939766837e-09	44.9313520760412	0.907738506812604
44.325	25.75	0.889127901613561	0.824441952857122	6.01952417978583e-09	44.8222077220177	0.911302321290849
44.475	25.75	1.03257195126148	0.82648982909566	5.34670419127781e-09	44.7059573164188	1.02605756100918
44.625	25.75	1.34924434164878	0.808622133042567	4.28759250410741e-09	44.5677998805455	1.27939547331903
44.775	25.75	1.76408811776469	0.709537047567127	3.40375917871896e-09	44.3955930674267	1.61127049421175
44.925	25.75	2.11154506585274	0.83463681423831	2.90247834176584e-09	44.224823047757	1.88923605268219
0.075	26.25	3.47473594180753e-16	0.399999999490587	-4.77492617468333e-08	65.3895333447679	0.2
0.225	26.25	1.09796498769057e-15	0.799999998472279	-4.77246319766014e-08	65.3655333447985	0.200000000000001
0.375	26.25	2.54818931049175e-15	0.799999997455066	-4.76752024400046e-08	65.3415333448596	0.200000000000002
0.525	26.25	4.61626582991533e-15	0.799999996439719	-4.76011311097588e-08	65.3175333449512	0.200000000000004
0.675	26.25	7.14881704005701e-15	0.799999995426182	-4.75024385833091e-08	65.2935333450732	0.200000000000006
0.825	26.25	9.93588430953825e-15	0.799999994416444	-4.73792319883138e-08	65.2695333452256	0.200000000000008
0.975	26.25	1.27379705025716e-14	0.799999993410925	-4.72318151388841e-08	65.2455333454082	0.20000000000001
1.125	26.25	1.52997074688378e-14	0.799999992409443	-4.70600746113013e-08	65.221533345621	0.200000000000012
1.275	26.25	1.73403389643871e-14	0.799999991413012	-4.68642364553325e-08	65.1975333458637	0.200000000000014
1.425	26.25	1.85241247528081e-14	0.799999990422727	-4.66445432542451e-08	65.1735333461362	0.200000000000015
1.575	26.25	1.84215049041108e-14	0.799999989439478	-4.64012998031562e-08	65.1495333464383	0.200000000000015
1.725	26.25	1.64738682930271e-14	0.799999988463525	-4.61347109504096e-08	65.1255333467698	0.200000000000013
1.875	26.25	1.19727215372029e-14	0.799999987494541	-4.58448564986555e-08	65.1015333471305	0.20000000000001
2.025	26.25	4.06047125919567e-15	0.799999986535008	-4.55320147559304e-08	65.0775333475201	0.200000000000003
2.175	26.25	-8.24292032276423e-15	0.799999985584364	-4.51967237827592e-08	65.0535333479384	0.199999999999993
2.325	26.25	-2.59845106082356e-14	0.799999984643941	-4.48391677454236e-08	65.029533348385	0.199999999999979
2.475	26.25	-5.01910940440147e-14	0.799999983713619	-4.44596952096279e-08	65.0055333488598	0.19999999999996
2.625	26.25	-8.17460245312729e-14	0.799999982793703	-4.40585641245101e-08	64.9815333493623	0.199999999999935
2.775	26.25	-1.21225246279697e-13	0.799999981886582	-4.36362498841559e-08	64.9575333498921	0.199999999999903
2.925	26.25	-1.68687697780953e-13	0.799999980990835	-4.31931156729873e-08	64.9335333504491	0.199999999999865
3.075	26.25	-2.234166546264e-13	0.799999980108331	-4.27297483422372e-08	64.9095333510327	0.199999999999821
3.225	26.25	-2.83611678360859e-13	0.799999979238666	-4.22462400239393e-08	64.8855333516426	0.199999999999773
3.375	26.25	-3.46035696657897e-13	0.799999978383057	-4.17434446166542e-08	64.8615333522785	0.199999999999723
3.525	26.25	-4.05628551605446e-13	0.799999977541311	-4.12213200703958e-08	64.8375333529397	0.199999999999676
3.675	26.25	-4.55107092387358e-13	0.79999997671454	-4.06809263930797e-08	64.8135333536261	0.199999999999636
3.825	26.25	-4.84582708845122e-13	0.799999975903063	-4.01221664040999e-08	64.789533354337	0.199999999999612
3.975	26.25	-4.812399335429e-13	0.799999975107114	-3.95460729883484e-08	64.765533355072	0.199999999999615
4.125	26.25	-4.29134290225533e-13	0.799999974327034	-3.89525749341651e-08	64.7415333558306	0.199999999999657
4.275	26.25	-3.09183344063773e-13	0.799999973564096	-3.83428097034956e-08	64.7175333566124	0.199999999999753
4.425	26.25	-9.94412717414676e-14	0.799999972817003	-3.77167998286788e-08	64.6935333574168	0.19999999999992
4.575	26.25	2.24237099704435e-13	0.799999972088152	-3.70753727470713e-08	64.6695333582434	0.200000000000179
4.725	26.25	6.8702340992868e-13	0.79999997137655	-3.64191034131666e-08	64.6455333590915	0.20000000000055
4.875	26.25	1.313305725767e-12	0.799999970682632	-3.57482912365349e-08	64.6215333599607	0.200000000001051
5.025	26.25	2.12411107082927e-12	0.799999970006914	-3.50637930060618e-08	64.5975333608503	0.200000000001699
5.175	26.25	3.1336386123185e-12	0.799999969350176	-3.43659074423032e-08	64.5735333617598	0.200000000002507
5.325	26.25	4.34480374601896e-12	0.799999968711219	-3.36555139859126e-08	64.5495333626887	0.200000000003476
5.475	26.25	5.74373347312654e-12	0.799999968092442	-3.2932973684791e-08	64.5255333636363	0.200000000004595
5.625	26.25	7.29321562890384e-12	0.799999967491599	-3.21988316360845e-08	64.5015333646021	0.200000000005835
5.775	26.25	8.92519306470044e-12	0.799999966911153	-3.14539084216269e-08	64.4775333655854	0.20000000000714
5.925	26.25	1.05325123204871e-11	0.799999966349804	-3.06984821204881e-08	64.4535333665857	0.200000000008426
6.075	26.25	1.19602877548732e-11	0.799999965808093	-2.99333781948325e-08	64.4295333676024	0.200000000009568
6.225	26.25	1.29974277249539e-11	0.79999996528675	-2.91590874239312e-08	64.4055333686349	0.200000000010398
6.375	26.25	1.33690888317292e-11	0.799999964784889	-2.83762600129844e-08	64.3815333696827	0.200000000010695
6.525	26.25	1.27310737150215e-11	0.799999964303144	-2.75854078793266e-08	64.3575333707452	0.200000000010185
6.675	26.25	1.06674605170853e-11	0.799999963841552	-2.67872290143055e-08	64.3335333718221	0.200000000008534
6.825	26.25	6.69303600045459e-12	0.799999963400744	-2.59821819724999e-08	64.3095333729127	0.200000000005354
6.975	26.25	2.62382717148934e-13	0.799999962979577	-2.51709160859941e-08	64.2855333740168	0.20000000000021
7.125	26.25	-9.21227974237536e-12	0.799999962578604	-2.43538793049636e-08	64.2615333751339	0.19999999999263
7.275	26.25	-2.23322078608226e-11	0.799999962198644	-2.3531779919338e-08	64.2375333762638	0.199999999982134
7.425	26.25	-3.96698134721183e-11	0.799999961839036	-2.27052443000461e-08	64.2135333774063	0.199999999968264
7.575	26.25	-6.17105621912206e-11	0.799999961499502	-2.18746760747676e-08	64.1895333785611	0.199999999950632
7.725	26.25	-8.87769725934031e-11	0.799999961180631	-2.10405986373895e-08	64.1655333797281	0.199999999928978
7.875	26.25	-1.20933067586705e-10	0.799999960882261	-2.02037465862179e-08	64.1415333809073	0.199999999903254
8.025	26.25	-1.57868397599361e-10	0.799999960604258	-1.93645537238024e-08	64.1175333820984	0.199999999873705
8.175	26.25	-1.98761877991743e-10	0.799999960347277	-1.85234996325555e-08	64.0935333833013	0.199999999840991
8.325	26.25	-2.421272130918e-10	0.799999960110865	-1.76811134069254e-08	64.0695333845157	0.199999999806298
8.475	26.25	-2.85643659382351e-10	0.799999959894586	-1.68381247825089e-08	64.0455333857412	0.199999999771485
8.625	26.25	-3.25978338796314e-10	0.799999959699478	-1.59947134556376e-08	64.0215333869769	0.199999999739217
8.775	26.25	-3.58609255518675e-10	0.799999959524595	-1.51515140338221e-08	63.9975333882218	0.199999999713113
8.925	26.25	-3.7766157223324e-10	0.799999959370615	-1.43090741786396e-08	63.9735333894743	0.199999999697871
9.075	26.25	-3.7577350229861e-10	0.799999959236857	-1.34678073343154e-08	63.9495333907321	0.199999999699381
9.225	26.25	-3.44012264274608e-10	0.799999959123502	-1.26281699223408e-08	63.9255333919922	0.19999999972479
9.375	26.25	-2.71864761724218e-10	0.799999959030163	-1.1790596818216e-08	63.9015333932507	0.199999999782508
9.525	26.25	-1.47331769513053e-10	0.799999958956332	-1.0955619037434e-08	63.8775333945026	0.199999999882135
9.675	26.25	4.28418628711462e-11	0.799999958901837	-1.01235606954472e-08	63.8535333957416	0.200000000034274
9.825	26.25	3.12765501427521e-10	0.799999958865477	-9.29481743543849e-09	63.8295333969603	0.200000000250212
9.975	26.25	6.76792221418145e-10	0.799999958846552	-8.46994549341025e-09	63.8055333981496	0.200000000541434
10.125	26.25	1.14866208738908e-09	0.799999958844052	-7.64912512318029e-09	63.7815333992995	0.20000000091893
10.275	26.25	1.7403638912265e-09	0.799999958856308	-6.83297726449603e-09	63.7575334003985	0.200000001392291
10.425	26.25	2.46068490909258e-09	0.799999958881708	-6.02168233192924e-09	63.733533401434	0.200000001968548
10.575	26.25	3.31342651901787e-09	0.79999995891838	-5.21569127842026e-09	63.7095334023931	0.200000002650741
10.725	26.25	4.29527577072894e-09	0.799999958964084	-4.41527393941312e-09	63.6855334032627	0.200000003436221
10.875	26.25	5.39333973355911e-09	0.799999959016279	-3.62089310657924e-09	63.6615334040306	0.200000004314672
11.025	26.25	6.58237108503991e-09	0.799999959072087	-2.83276009756652e-09	63.6375334046862	0.200000005265897
11.175	26.25	7.8217402010289e-09	0.799999959128826	-2.05116416870566e-09	63.6135334052224	0.200000006257392
11.325	26.25	9.05224102378689e-09	0.799999959183702	-1.27654080012977e-09	63.5895334056367	0.200000007241793
11.475	26.25	1.0192855000429e-08	0.799999959233512	-5.08904380520094e-10	63.5655334059334	0.200000008154284
11.625	26.25	1.11376388683068e-08	0.799999959276295	2.51115572190537e-10	63.5415334061257	0.200000008910111
11.775	26.25	1.17529471047221e-08	0.799999959309724	1.00354287014615e-09	63.5175334062384	0.200000009402358
11.925	26.25	1.18752471401542e-08	0.799999959332489	1.74801848696109e-09	63.4935334063105	0.200000009500198
12.075	26.25	1.13098332003373e-08	0.799999959344158	2.48430625272267e-09	63.4695334063984	0.200000009047867
12.225	26.25	9.83079071140264e-09	0.799999959345665	3.21227156734984e-09	63.4455334065784	0.200000007864633
12.375	26.25	7.18260498663146e-09	0.799999959339824	3.93153830115492e-09	63.4215334069501	0.200000005746084
12.525	26.25	3.0838425076705e-09	0.799999959331158	4.64209287717836e-09	63.3975334076389	0.200000002467074
12.675	26.25	-2.76664259571489e-09	0.799999959326911	5.34353616446436e-09	63.3735334087982	0.199999997786686
12.825	26.25	-1.06805133989163e-08	0.799999959336681	6.03597478630602e-09	63.3495334106105	0.199999991455589
12.975	26.25	-2.09673083541934e-08	0.799999959373403	6.7189294340463e-09	63.3255334132886	0.199999983226153
13.125	26.25	-3.3917918845158e-08	0.799999959453321	7.39239967453512e-09	63.3015334170738	0.199999972865665
13.275	26.25	-4.97837961891575e-08	0.799999959596809	8.05625012303975e-09	63.2775334222336	0.199999960172963
13.425	26.25	-6.875156179574e-08	0.799999959827125	8.7102650190164e-09	63.2535334290565	0.199999944998751
13.575	26.25	-9.09127749426948e-08	0.799999960172572	9.35455633987093e-09	63.2295334378443	0.19999992726978
13.725	26.25	-1.16228704841364e-07	0.799999960665117	9.9886694380379e-09	63.2055334489014	0.199999907017036
13.875	26.25	-1.44490047519686e-07	0.799999961340528	1.06126853907068e-08	63.1815334625203	0.199999884407962
14.025	26.25	-1.7527160826378e-07	0.799999962238469	1.12264890439787e-08	63.1575334789631	0.199999859782713
14.175	26.25	-2.07882014559618e-07	0.799999963403588	1.18299513748247e-08	63.1335334984382	0.199999833694388
14.325	26.25	-2.41308501159965e-07	0.799999964883015	1.24230368092024e-08	63.1095335210722	0.199999806953199
14.475	26.25	-2.74156674870953e-07	0.799999966728913	1.30056014812256e-08	63.0855335468764	0.19999978067466
14.625	26.25	-3.0458486365737e-07	0.799999968999653	1.35777495535281e-08	63.0615335757065	0.199999756332109
14.775	26.25	-3.30232105093825e-07	0.799999971757956	1.41392444078546e-08	63.0375336072167	0.199999735814316
14.925	26.25	-3.48137930299841e-07	0.799999975077371	1.46900993578605e-08	63.0135336408056	0.199999721489656
15.075	26.25	-3.54650715864769e-07	0.799999979044184	1.5230262177825e-08	62.9895336755546	0.199999716279427
15.225	26.25	-3.45319329641465e-07	0.799999983765044	1.5759758213836e-08	62.9655337101559	0.199999723744536
15.375	26.25	-3.14759852201491e-07	0.799999989375697	1.62785992823606e-08	62.94153374283	0.199999748192118
15.525	26.25	-2.56485005518806e-07	0.799999996056638	1.67865225099263e-08	62.9175337712273	0.199999794811996
15.675	26.25	-1.62678156868763e-07	0.80000000405411	1.72836914056048e-08	62.8935337923117	0.199999869857475
15.825	26.25	-2.38858495943857e-08	0.800000013708009	1.77701854410189e-08	62.8695338022182	0.19999998089132
15.975	26.25	1.71407975292773e-07	0.800000025494587	1.82457129543701e-08	62.8455337960753	0.20000013712638
16.125	26.25	4.37377524867093e-07	0.800000040083078	1.87106608490801e-08	62.8215337677782	0.20000034990202
16.275	26.25	7.91691677896067e-07	0.800000058413123	1.91646703667338e-08	62.7975337096938	0.200000633353342
16.425	26.25	1.25668932025682e-06	0.800000081802724	1.9608003609944e-08	62.7735336122686	0.200001005351456
16.575	26.25	1.86102714531085e-06	0.800000112093284	2.00405780471388e-08	62.7495334635013	0.200001488821716
16.725	26.25	2.64198166581771e-06	0.800000151846259	2.046233119438e-08	62.7255332482258	0.200002113585333
16.875	26.25	3.64865161758368e-06	0.800000204609384	2.08734844529414e-08	62.7015329471299	0.200002918921294
17.025	26.25	4.94639313588411e-06	0.800000275274559	2.12738144011854e-08	62.6775325354079	0.200003957114509
17.175	26.25	6.62293548256693e-06	0.800000370559841	2.16636436290233e-08	62.6535319809057	0.200005298348386
17.325	26.25	8.79678015107384e-06	0.800000499659796	2.20426882102694e-08	62.6295312415701	0.200007037424121
17.475	26.25	1.16286957380319e-05	0.800000675121424	2.24111798039756e-08	62.6055302619432	0.20000930295659
17.625	26.25	1.53374056578143e-05	0.800000914031438	2.27689983718759e-08	62.5815289683514	0.200012269924526
17.775	26.25	2.02209525612785e-05	0.800001239618472	2.31162913154417e-08	62.5575272623161	0.200016176762049
17.925	26.25	2.66857448135649e-05	0.80000168340873	2.34530291953041e-08	62.5335250115453	0.200021348595851
18.075	26.25	3.52859836840947e-05	0.800002288106264	2.37790496651214e-08	62.5095220376378	0.200028228786947
18.225	26.25	4.67770789723723e-05	0.800003111420871	2.40944744273272e-08	62.4855180993307	0.200037421663178
18.375	26.25	6.21878498988123e-05	0.80000423115413	2.43992622663105e-08	62.4615128697184	0.200049750279919
18.525	26.25	8.29178935361835e-05	0.800005752028518	2.46932919872546e-08	62.4375059053311	0.200066334314829
18.675	26.25	0.000110868700410332	0.800007815015809	2.49763999599516e-08	62.4134966042467	0.200088694960328
18.825	26.25	0.000148620257239281	0.800010610276777	2.52482461021698e-08	62.3894841494318	0.200118896205791
18.975	26.25	0.000199669457066187	0.800014395129441	2.55086664112e-08	62.3654674321622	0.200159735565653
19.125	26.25	0.000268753045719802	0.800019518502631	2.57571161253613e-08	62.3414449484984	0.200215002436576
19.275	26.25	0.000362286159267968	0.800026452897114	2.59930441144239e-08	62.3174146592084	0.200289828927414
19.425	26.25	0.000488957306437187	0.800035834192742	2.62153915327714e-08	62.293373800082	0.20039116584515
19.575	26.25	0.000660531190619124	0.800048509539128	2.64229067487679e-08	62.2693186251488	0.200528424952495
19.725	26.25	0.000892922209834548	0.800065595871386	2.66140782269085e-08	62.2452440598309	0.200714337767868
19.875	26.25	0.00120761712615922	0.800088558005978	2.67863125999317e-08	62.221143234275	0.200966093700927
20.025	26.25	0.00163355411958341	0.800119325711301	2.69367278738832e-08	62.1970068581957	0.201306843295667
20.175	26.25	0.00220962179279661	0.800160478569863	2.70608832074203e-08	62.1728223855593	0.201767697434237
20.325	26.25	0.00298804036712279	0.800215524212605	2.71532264934879e-08	62.148572896994	0.202390432293698
20.475	26.25	0.00403902965863234	0.800289263251128	2.72064609822436e-08	62.1242355957973	0.203231223726906
20.625	26.25	0.00545732373080436	0.800388160898434	2.7210859777642e-08	62.0997797671022	0.204365858984643
20.775	26.25	0.00737118405742728	0.80052053709538	2.71535614374053e-08	62.0751639915904	0.205896947245942
20.925	26.25	0.00995447754835566	0.800696280763329	2.70183584697813e-08	62.0503323466636	0.207963582038685
21.075	26.25	0.0134420121454816	0.800925753283656	2.67847924043286e-08	62.0252092915886	0.210753609716385
21.225	26.25	0.0181476177736909	0.801217634489343	2.64281297489841e-08	61.9996929485777	0.214518094218953
21.375	26.25	0.0244834937457615	0.801575700847852	2.59206141006131e-08	61.973646587587	0.219586794996609
21.525	26.25	0.0329782632200638	0.801994864420322	2.52344363046344e-08	61.9468883168488	0.226382610576051
21.675	26.25	0.0442900725239096	0.802457166966552	2.43457035834101e-08	61.9191792802642	0.235432058019128
21.825	26.25	0.0592098322688663	0.802928779225955	2.32420395480649e-08	61.8902110741615	0.247367865815093
21.975	26.25	0.0786480170474908	0.80335939276434	2.19286869487806e-08	61.8595936467086	0.262918413637993
22.125	26.25	0.10359619112127	0.803685576118762	2.0434039314707e-08	61.8268456810235	0.282876952897016
22.275	26.25	0.135052303512452	0.803839321495033	1.88095188041824e-08	61.7913904086507	0.308041842809962
22.425	26.25	0.17389899442904	0.803761737817999	1.71239788235385e-08	61.7525608372485	0.339119195543232
22.575	26.25	0.22073058590379	0.803419689607773	1.5453434631217e-08	61.7096190984695	0.376584468723032
22.725	26.25	0.275641527872521	0.80282078663268	1.38682146543264e-08	61.6617942241568	0.420513222298017
22.875	26.25	0.338017857485653	0.80202057490697	1.24236059437321e-08	61.6083400716951	0.470414285988522
23.025	26.25	0.406404724603726	0.801116447878744	1.11541979365648e-08	61.5486096433289	0.525123779682981
23.175	26.25	0.478534573484266	0.800226926066988	1.00741262643332e-08	61.4821344825722	0.582827658787412
23.325	26.25	0.551566087901755	0.799461968676268	9.18046751374231e-09	61.4086913275834	0.641252870321404
23.475	26.25	0.622501308997308	0.79889592746024	8.45857221115923e-09	61.3283372979342	0.698001047197846
23.625	26.25	0.688659258814857	0.798554407722966	7.88731892322247e-09	61.2414022693926	0.750927407051886
23.775	26.25	0.748051810990098	0.798418741420648	7.44328738118439e-09	61.1484403806999	0.798441448792079
23.925	26.25	0.799557781798052	0.798442566592108	7.10356487768159e-09	61.0501550843998	0.839646225438442
24.075	26.25	0.842886470905566	0.798570847436623	6.84746072012891e-09	60.9473175945193	0.874309176724452
24.225	26.25	0.878398156431882	0.798753959134511	6.65719770654901e-09	60.8406957383462	0.902718525145505
24.375	26.25	0.906872100727805	0.798954489995356	6.51807361116e-09	60.7310025957361	0.925497680582244
24.525	26.25	0.929292198371296	0.799148193479537	6.41813817568187e-09	60.6188665801318	0.943433758697037
24.675	26.25	0.94668509423185	0.799321769899907	6.34796522437747e-09	60.504819580557	0.95734807538548
24.825	26.25	0.960016774749141	0.799469689413565	6.30009583146324e-09	60.3892978327236	0.968013419799313
24.975	26.25	0.970138073153626	0.799591290171757	6.26879883812582e-09	60.2726503641345	0.976110458522901
25.125	26.25	0.97776476928659	0.799688594344318	6.24966164818787e-09	60.1551510064594	0.982211815429272
25.275	26.25	0.983479107322085	0.799764849309515	6.23934961951905e-09	60.0370112883258	0.986783285857668
25.425	26.25	0.987742791144578	0.799823638101033	6.23525172230605e-09	59.9183926306849	0.990194232915662
25.575	26.25	0.990914817892232	0.799868384097875	6.23549900632037e-09	59.7994170621866	0.992731854313786
25.725	26.25	0.99327012680814	0.799902109073086	6.23869457500179e-09	59.6801761834392	0.994616101446512
25.875	26.25	0.995016874816762	0.799927345534956	6.24379318129715e-09	59.5607384070071	0.99601349985341
26.025	26.25	0.996311339969981	0.799946137864207	6.24998408783998e-09	59.4411546529228	0.997049071975985
26.175	26.25	0.99727017612951	0.799960090064756	6.25673702566656e-09	59.3214627406906	0.997816140903608
26.325	26.25	0.997980145946655	0.799970433446575	6.26364124604941e-09	59.2016907259392	0.998384116757324
26.475	26.25	0.998505654708292	0.799978097966334	6.27040279379583e-09	59.081859408302	0.998804523766633
26.625	26.25	0.998894473358748	0.799983778075905	6.27680268897433e-09	58.9619842029903	0.999115578686998
26.775	26.25	0.99918202980892	0.799987988787274	6.28272756719381e-09	58.8420765316903	0.999345623847136
26.925	26.25	0.999394600870501	0.799991110807435	6.28803535098449e-09	58.7221448542728	0.999515680696401
27.075	26.25	0.99955167693139	0.799993425435121	6.29266081811255e-09	58.6021954337893	0.999641341545112
27.225	26.25	0.99966771198774	0.799995140781867	6.29658831994952e-09	58.4822329039641	0.999734169590192
27.375	26.25	0.99975341990888	0.799996411119739	6.2997637836728e-09	58.3622606904656	0.999802735927104
27.525	26.25	0.99981673620742	0.799997351026213	6.30221757789423e-09	58.2422813237933	0.999853388965936
27.675	26.25	0.99986353281663	0.799998045707644	6.30394325069805e-09	58.1222966716894	0.999890826253304
27.825	26.25	0.999898149900303	0.799998558559891	6.30488367615342e-09	58.0023081117162	0.999918519920242
27.975	26.25	0.999923791678261	0.799998936740337	6.30514677703908e-09	57.8823166593054	0.999939033342609
28.125	26.25	0.999942820940976	0.799999215299641	6.30465589004272e-09	57.7623230626724	0.999954256752781
28.275	26.25	0.999956977996974	0.799999420261535	6.30348073117062e-09	57.642327873084	0.999965582397579
28.425	26.25	0.999967543255877	0.79999957092416	6.30163090984156e-09	57.5223314968125	0.999974034604702
28.575	26.25	0.999975457806064	0.799999681580988	6.29913044886714e-09	57.4023342334983	0.999980366244851
28.725	26.25	0.999981412728973	0.799999762806069	6.29599308578736e-09	57.2823363044376	0.999985130183178
28.875	26.25	0.999985915176923	0.799999822413053	6.29225035898702e-09	57.1623378734115	0.999988732141538
29.025	26.25	0.999989337201668	0.799999866168218	6.2879014439137e-09	57.0423390619991	0.999991469761334
29.175	26.25	0.999991951790864	0.799999898320936	6.28299855155692e-09	56.9223399608179	0.999993561432692
29.325	26.25	0.99999395942497	0.799999921997367	6.277551460796e-09	56.8023406377588	0.999995167539976
29.475	26.25	0.999995507614448	0.799999939492448	6.27158801630894e-09	56.682341144009	0.999996406091559
29.625	26.25	0.999996705242194	0.799999952486466	6.26512180567806e-09	56.562341518449	0.999997364193755
29.775	26.25	0.999997633065894	0.799999962206392	6.25816970518933e-09	56.4423417908565	0.999998106452715
29.925	26.25	0.999998351385318	0.799999969544662	6.25078641276749e-09	56.3223419842384	0.999998681108254
30.075	26.25	0.999998905620687	0.799999975148274	6.24293486829275e-09	56.2023421165271	0.999999124496549
30.225	26.25	0.999999330355728	0.799999979484058	6.23465579289979e-09	56.0823422018148	0.999999464284582
30.375	26.25	0.999999652256003	0.799999982887736	6.22601752236638e-09	55.9623422512536	0.999999721804802
30.525	26.25	0.999999892166621	0.799999985599659	6.21697723048614e-09	55.8423422737153	0.999999913733297
30.675	26.25	1.00000006661445	0.799999987791439	6.20759539547739e-09	55.7223422762777	1.00000005329156
30.825	26.25	1.00000018888046	0.799999989585346	6.1978653197925e-09	55.6023422645879	1.00000015110437
30.975	26.25	1.0000002697643	0.799999991068826	6.18783322277435e-09	55.4823422431371	1.00000021581144
31.125	26.25	1.00000031813024	0.799999992304546	6.17748152243979e-09	55.3623422154725	1.00000025450419
31.275	26.25	1.00000034129913	0.79999999333808	6.16683383971799e-09	55.2423421843647	1.00000027303931
31.425	26.25	1.00000034533335	0.799999994203289	6.15593198515956e-09	55.1223421519417	1.00000027626668
31.575	26.25	1.00000033524794	0.799999994925883	6.14479296956205e-09	55.0023421197997	1.00000026819835
31.725	26.25	1.00000031517155	0.799999995526183	6.13341515134059e-09	54.8823420890963	1.00000025213724
31.875	26.25	1.00000028847336	0.799999996020898	6.12180026271147e-09	54.7623420606289	1.00000023077869
32.025	26.25	1.00000025786736	0.799999996424195	6.10999505988233e-09	54.6423420349031	1.00000020629389
32.175	26.25	1.00000022550095	0.799999996748576	6.09800335315055e-09	54.5223420121911	1.00000018040076
32.325	26.25	1.00000019303281	0.799999997005234	6.08584189787359e-09	54.4023419925824	1.00000015442625
32.475	26.25	1.00000016170284	0.799999997204286	6.07352140128108e-09	54.2823419760273	1.00000012936227
32.625	26.25	1.00000013239566	0.799999997355064	6.06105248185907e-09	54.1623419623742	1.00000010591653
32.775	26.25	1.00000010569877	0.799999997466118	6.04845615608015e-09	54.0423419514008	1.00000008455902
32.925	26.25	1.00000008195548	0.799999997545039	6.03575957011611e-09	53.9223419428402	1.00000006556439
33.075	26.25	1.00000006131281	0.799999997598728	6.02294780637712e-09	53.8023419364018	1.00000004905025
33.225	26.25	1.00000004376436	0.799999997633258	6.01003859449362e-09	53.6823419317885	1.00000003501149
33.375	26.25	1.00000002918825	0.799999997653899	5.99704984183799e-09	53.5623419287091	1.0000000233506
33.525	26.25	1.0000000173799	0.799999997665129	5.98400918478106e-09	53.4423419268882	1.00000001390392
33.675	26.25	1.00000000808002	0.799999997670625	5.97092758396286e-09	53.3223419260726	1.00000000646402
33.825	26.25	1.00000000099792	0.799999997673563	5.95779082269608e-09	53.2023419260356	1.00000000079833
33.975	26.25	0.999999995830296	0.799999997676146	5.94462565789484e-09	53.0823419265789	0.999999996664237
34.125	26.25	0.999999992276161	0.799999997680323	5.93145774213999e-09	52.9623419275334	0.999999993820929
34.275	26.25	0.9999999900479	0.799999997687244	5.91826248646651e-09	52.8423419287578	0.99999999203832
34.425	26.25	0.999999988879278	0.799999997697863	5.90507497695019e-09	52.722341930138	0.999999991103422
34.575	26.25	0.999999988530644	0.799999997712569	5.89190270588011e-09	52.6023419315837	0.999999990824515
34.725	26.25	0.99999998879175	0.799999997731549	5.87874634599171e-09	52.4823419330263	0.9999999910334
34.875	26.25	0.999999989482813	0.799999997754756	5.86564774222485e-09	52.3623419344162	0.999999991586251
35.025	26.25	0.999999990454009	0.799999997781947	5.85256738950979e-09	52.2423419357192	0.999999992363207
35.175	26.25	0.99999999158395	0.799999997812774	5.83955343390666e-09	52.1223419369144	0.99999999326716
35.325	26.25	0.999999992777329	0.799999997846814	5.82660360364113e-09	52.0023419379913	0.999999994221863
35.475	26.25	0.999999993962083	0.799999997883456	5.81371092365503e-09	51.8823419389471	0.999999995169666
35.625	26.25	0.999999995086362	0.799999997922329	5.80091610594486e-09	51.7623419397855	0.99999999606909
35.775	26.25	0.999999996115371	0.799999997962945	5.78818928751444e-09	51.6423419405139	0.999999996892297
35.925	26.25	0.999999997028284	0.799999998004836	5.77557066557255e-09	51.5223419411425	0.999999997622627
36.075	26.25	0.999999997815459	0.799999998047576	5.76305005827018e-09	51.402341941683	0.999999998252367
36.225	26.25	0.999999998475757	0.799999998090817	5.75062659281324e-09	51.2823419421476	0.999999998780605
36.375	26.25	0.999999999014287	0.799999998134301	5.7383557918189e-09	51.1623419425484	0.99999999921143
36.525	26.25	0.999999999440466	0.79999999817771	5.72618491342229e-09	51.0423419428966	0.999999999552373
36.675	26.25	0.999999999766332	0.799999998220865	5.71416316247653e-09	50.9223419432025	0.999999999813066
36.825	26.25	1.00000000000535	0.799999998263649	5.70226013494236e-09	50.8023419434752	1.00000000000428
36.975	26.25	1.00000000017136	0.799999998305993	5.69051628236109e-09	50.6823419437224	1.00000000013709
37.125	26.25	1.00000000027792	0.799999998347648	5.67892151544154e-09	50.5623419439505	1.00000000022234
37.275	26.25	1.0000000003377	0.799999998388736	5.66747327547524e-09	50.4423419441647	1.00000000027016
37.425	26.25	1.00000000036183	0.799999998428985	5.65621809754563e-09	50.3223419443691	1.00000000028946
37.575	26.25	1.00000000035913	0.799999998468373	5.64511117673737e-09	50.2023419445666	1.00000000028731
37.725	26.25	1.00000000033566	0.799999998507059	5.63419524111736e-09	50.0823419447596	1.00000000026853
37.875	26.25	1.00000000029552	0.799999998545661	5.62345370053372e-09	49.96234194495	1.00000000023641
38.025	26.25	1.00000000024452	0.799999998585189	5.61290676610562e-09	49.8423419451392	1.00000000019562
38.175	26.25	1.00000000019657	0.799999998626298	5.60255171830258e-09	49.7223419453275	1.00000000015725
38.325	26.25	1.00000000017806	0.799999998667484	5.59239583610469e-09	49.6023419455135	1.00000000014245
38.475	26.25	1.00000000021821	0.799999998702614	5.58242941925372e-09	49.4823419456931	1.00000000017457
38.625	26.25	1.00000000031039	0.799999998721097	5.57267185030376e-09	49.3623419458609	1.00000000024831
38.775	26.25	1.00000000034601	0.799999998716387	5.56314363952376e-09	49.2423419460172	1.00000000027681
38.925	26.25	1.00000000007386	0.799999998706457	5.5538202891813e-09	49.1223419461795	1.00000000005909
39.075	26.25	0.999999999212016	0.799999998757516	5.54471296326584e-09	49.002341946391	0.999999999369613
39.225	26.25	0.999999997861575	0.799999998978406	5.53585027608495e-09	48.8823419467036	0.99999999828926
39.375	26.25	0.999999997187152	0.799999999430463	5.52719095970052e-09	48.7623419471081	0.999999997749722
39.525	26.25	0.999999999800259	0.79999999992028	5.51878204405334e-09	48.6423419474145	0.999999999840208
39.675	26.25	1.0000000085499	0.799999999769174	5.51062146808895e-09	48.5223419471704	1.00000000683992
39.825	26.25	1.00000002228111	0.799999997894485	5.50268178579504e-09	48.4023419458422	1.00000001782489
39.975	26.25	1.00000002906865	0.799999993732732	5.49499556902912e-09	48.2823419435241	1.00000002325492
40.125	26.25	1.00000000269436	0.799999989268538	5.48755118186704e-09	48.1623419421412	1.00000000215549
40.275	26.25	0.999999915051607	0.7999999911787	5.48035691215969e-09	48.0423419462262	0.999999932041286
40.425	26.25	0.999999777875206	0.800000009848705	5.47342487339984e-09	47.9223419610976	0.999999822300165
40.575	26.25	0.999999707649949	0.800000050383535	5.46674649246711e-09	47.8023419859195	0.999999766119959
40.725	26.25	0.999999957517779	0.800000093594763	5.46032546771819e-09	47.6823420021138	0.999999966014223
40.875	26.25	1.00000079734943	0.800000076797121	5.4541602291709e-09	47.5623419659977	1.00000063787955
41.025	26.25	1.00000212196185	0.799999904276385	5.4482648474352e-09	47.4423418259836	1.00000169756948
41.175	26.25	1.00000285290253	0.799999530142209	5.44263427587172e-09	47.3223415872982	1.00000228232202
41.325	26.25	1.00000065163094	0.799999127886376	5.43729330505704e-09	47.2023414191839	1.00000052130475
41.475	26.25	0.999993003857969	0.799999255439421	5.43223340710738e-09	47.0823417238192	0.999994403086375
41.625	26.25	0.99998070663774	0.800000756042597	5.42748766176895e-09	46.9623429858101	0.999984565310192
41.775	26.25	0.999973138464009	0.800004040666006	5.42300149243249e-09	46.8423452013355	0.999978510771207
41.925	26.25	0.999990827520755	0.800007657580136	5.41866906778158e-09	46.7223469310513	0.999992662016604
42.075	26.25	1.00005637953642	0.800006936199082	5.41442181245669e-09	46.6023446651944	1.00004510362914
42.225	26.25	1.0001652888615	0.799994824072405	5.41026443467456e-09	46.4823340252267	1.0001322310892
42.375	26.25	1.000241849553	0.799967674142736	5.40652528272522e-09	46.3623144827166	1.0001934796424
42.525	26.25	1.00011633628466	0.79993655041857	5.40393403288748e-09	46.2422972897461	1.00009306902773
42.675	26.25	0.999594226904483	0.799937860615067	5.40336341667314e-09	46.1223111827959	0.999675381523587
42.825	26.25	0.998683926301815	0.800027372406211	5.40478007190506e-09	46.0023938339444	0.998947141041452
42.975	26.25	0.997944673221903	0.800237006787105	5.40574160849096e-09	45.8825556658699	0.998355738577523
43.125	26.25	0.998684258975255	0.800490005423535	5.40064213596616e-09	45.76271747156	0.998947407180204
43.275	26.25	1.00248296175417	0.800522975097382	5.38264792296522e-09	45.6426614412524	1.00198636940333
43.425	26.25	1.00955927623259	0.799934825525821	5.35102590590281e-09	45.5220835387275	1.00764742098607
43.575	26.25	1.01623380736781	0.798479881560834	5.32162342589358e-09	45.400845762083	1.01298704589425
43.725	26.25	1.01328677099	0.796573391784525	5.33307899788993e-09	45.279428605799	1.010629416792
43.875	26.25	0.988680897760283	0.795833250580401	5.43844361487746e-09	45.1593336113717	0.990944718208226
44.025	26.25	0.938367896675284	0.799351007262845	5.66870576472056e-09	45.0428405789279	0.950694317340228
44.175	26.25	0.884673133519339	0.810192428667813	5.93769759692419e-09	44.9313520733222	0.907738506815472
44.325	26.25	0.889127901615333	0.82444195285826	5.91549353066929e-09	44.8222077192982	0.911302321292266
44.475	26.25	1.03257195125666	0.826489829098764	5.25438089616375e-09	44.705957313699	1.02605756100533
44.625	26.25	1.34924434163547	0.808622133047223	4.21359955421239e-09	44.567799877826	1.27939547330837
44.775	26.25	1.76408811774625	0.709537047571513	3.34503788457773e-09	44.3955930647078	1.611270494197
44.925	26.25	2.11154506583347	0.834636814243696	2.85240171266303e-09	44.2248230450385	1.88923605266677
0.075	26.75	3.47473590950097e-16	0.399999999530109	-4.44845211007758e-08	65.3895333493731	0.2
0.225	26.75	1.09796499741988e-15	0.799999998589721	-4.44620115067836e-08	65.3655333494013	0.200000000000001
0.375	26.75	2.54818929219925e-15	0.799999997650778	-4.44170956070959e-08	65.3415333494577	0.200000000000002
0.525	26.75	4.61626585277219e-15	0.79999999671367	-4.43496383085365e-08	65.3175333495422	0.200000000000004
0.675	26.75	7.14881700365793e-15	0.799999995778466	-4.42600015904109e-08	65.2935333496549	0.200000000000006
0.825	26.75	9.93588434656147e-15	0.799999994846211	-4.41479410717405e-08	65.2695333497955	0.200000000000008
0.975	26.75	1.27379704461021e-14	0.799999993917678	-4.40138347089529e-08	65.2455333499641	0.20000000000001
1.125	26.75	1.52997075229329e-14	0.799999992992168	-4.38575299280495e-08	65.2215333501605	0.200000000000012
1.275	26.75	1.73403388883773e-14	0.799999992072712	-4.36795534735348e-08	65.1975333503845	0.200000000000014
1.425	26.75	1.85241248304858e-14	0.799999991157637	-4.34797076232696e-08	65.1735333506361	0.200000000000015
1.575	26.75	1.84215048143079e-14	0.799999990249384	-4.32584445356506e-08	65.1495333509151	0.200000000000015
1.725	26.75	1.64738684077899e-14	0.799999989346527	-4.30156930826509e-08	65.1255333512212	0.200000000000013
1.875	26.75	1.19727214489049e-14	0.799999988451256	-4.27520450072067e-08	65.1015333515543	0.20000000000001
2.025	26.75	4.06047143579091e-15	0.799999987564211	-4.24674122761841e-08	65.0775333519141	0.200000000000003
2.175	26.75	-8.24292038082663e-15	0.799999986684969	-4.21620829713594e-08	65.0535333523004	0.199999999999993
2.325	26.75	-2.59845103318284e-14	0.799999985813861	-4.18364207685169e-08	65.029533352713	0.199999999999979
2.475	26.75	-5.01910940303933e-14	0.799999984953529	-4.1490833772854e-08	65.0055333531516	0.19999999999996
2.625	26.75	-8.17460241090173e-14	0.799999984101752	-4.11255225566571e-08	64.9815333536158	0.199999999999935
2.775	26.75	-1.21225246151291e-13	0.799999983261131	-4.07408726972224e-08	64.9575333541055	0.199999999999903
2.925	26.75	-1.68687697177616e-13	0.799999982431127	-4.0337032500611e-08	64.9335333546202	0.199999999999865
3.075	26.75	-2.23416654367211e-13	0.799999981612479	-3.99147027153092e-08	64.9095333551596	0.199999999999821
3.225	26.75	-2.83611677592151e-13	0.799999980806153	-3.94739609275487e-08	64.8855333557235	0.199999999999773
3.375	26.75	-3.46035696332665e-13	0.799999980011756	-3.9015481622119e-08	64.8615333563113	0.199999999999723
3.525	26.75	-4.05628550805428e-13	0.7999999792305	-3.85394091127155e-08	64.8375333569228	0.199999999999676
3.675	26.75	-4.55107092223779e-13	0.799999978461875	-3.8046182680871e-08	64.8135333575576	0.199999999999636
3.825	26.75	-4.8458270836028e-13	0.799999977707511	-3.75364120097742e-08	64.7895333582152	0.199999999999612
3.975	26.75	-4.81239934034495e-13	0.799999976967249	-3.70103814714263e-08	64.7655333588952	0.199999999999615
4.125	26.75	-4.29134290718285e-13	0.799999976241313	-3.64686788924412e-08	64.7415333595973	0.199999999999657
4.275	26.75	-3.09183346064904e-13	0.799999975529892	-3.59115647235108e-08	64.7175333603208	0.199999999999753
4.425	26.75	-9.94412742601509e-14	0.799999974833936	-3.53397336840299e-08	64.6935333610655	0.19999999999992
4.575	26.75	2.24237094952819e-13	0.799999974153408	-3.47533138269874e-08	64.6695333618308	0.200000000000179
4.725	26.75	6.87023403993877e-13	0.799999973488756	-3.41532482785011e-08	64.6455333626163	0.20000000000055
4.875	26.75	1.31330571678138e-12	0.799999972840028	-3.35397903705532e-08	64.6215333634214	0.200000000001051
5.025	26.75	2.12411106002501e-12	0.79999997220813	-3.29133767029208e-08	64.5975333642456	0.200000000001699
5.175	26.75	3.13363859782539e-12	0.799999971592957	-3.22746554528319e-08	64.5735333650885	0.200000000002507
5.325	26.75	4.3448037294924e-12	0.799999970994552	-3.16240347485824e-08	64.5495333659494	0.200000000003476
5.475	26.75	5.74373345297668e-12	0.799999970413188	-3.09620596187062e-08	64.525533366828	0.200000000004595
5.625	26.75	7.29321560759595e-12	0.799999969849113	-3.02894253839303e-08	64.5015333677235	0.200000000005835
5.775	26.75	8.9251930413655e-12	0.799999969302747	-2.9606326913364e-08	64.4775333686356	0.20000000000714
5.925	26.75	1.05325122989264e-11	0.799999968774162	-2.8913533903246e-08	64.4535333695637	0.200000000008426
6.075	26.75	1.19602877355129e-11	0.799999968263102	-2.82115268258037e-08	64.4295333705072	0.200000000009568
6.225	26.75	1.29974277135239e-11	0.799999967770429	-2.75008019381191e-08	64.4055333714656	0.200000000010398
6.375	26.75	1.33690888305545e-11	0.799999967295909	-2.67818414356977e-08	64.3815333724384	0.200000000010695
6.525	26.75	1.2731073732248e-11	0.799999966839507	-2.60552531693429e-08	64.3575333734253	0.200000000010185
6.675	26.75	1.06674605573364e-11	0.799999966400859	-2.53213531951196e-08	64.3335333744256	0.200000000008534
6.825	26.75	6.69303607435592e-12	0.799999965981445	-2.45810375097276e-08	64.3095333754391	0.200000000005354
6.975	26.75	2.62382831436844e-13	0.799999965580485	-2.38343823126588e-08	64.2855333764655	0.20000000000021
7.125	26.75	-9.2122795754325e-12	0.799999965197637	-2.30823723121959e-08	64.2615333775043	0.19999999999263
7.275	26.75	-2.23322076336867e-11	0.799999964833506	-2.23252589719214e-08	64.2375333785554	0.199999999982134
7.425	26.75	-3.96698131732205e-11	0.799999964487755	-2.15634393788578e-08	64.2135333796186	0.199999999968264
7.575	26.75	-6.1710561815283e-11	0.799999964160926	-2.07976134263496e-08	64.1895333806937	0.199999999950632
7.725	26.75	-8.87769721340396e-11	0.799999963853227	-2.00282689544966e-08	64.1655333817807	0.199999999928978
7.875	26.75	-1.20933067046277e-10	0.799999963563894	-1.92558681774432e-08	64.1415333828796	0.199999999903254
8.025	26.75	-1.57868396983782e-10	0.79999996329338	-1.84808472645499e-08	64.1175333839901	0.199999999873705
8.175	26.75	-1.98761877318981e-10	0.799999963041927	-1.77037322065187e-08	64.0935333851123	0.199999999840991
8.325	26.75	-2.42127212389829e-10	0.799999962809623	-1.69250339766641e-08	64.0695333862458	0.199999999806298
8.475	26.75	-2.85643658694873e-10	0.799999962596208	-1.61450465036875e-08	64.0455333873902	0.199999999771485
8.625	26.75	-3.25978338184843e-10	0.799999962401634	-1.53644790422006e-08	64.0215333885449	0.199999999739217
8.775	26.75	-3.5860925506339e-10	0.799999962226356	-1.45836752558633e-08	63.9975333897087	0.199999999713113
8.925	26.75	-3.77661572040188e-10	0.799999962070068	-1.38030172707013e-08	63.9735333908801	0.199999999697871
9.075	26.75	-3.75773502492678e-10	0.7999999619328	-1.30230215102862e-08	63.949533392057	0.199999999699381
9.225	26.75	-3.44012265012993e-10	0.799999961814288	-1.22440394890173e-08	63.9255333932363	0.19999999972479
9.375	26.75	-2.71864763177407e-10	0.799999961714404	-1.14665746161557e-08	63.9015333944142	0.199999999782508
9.525	26.75	-1.47331771885601e-10	0.799999961632623	-1.06908661361835e-08	63.8775333955856	0.199999999882135
9.675	26.75	4.28418593762309e-11	0.79999996156862	-9.91752929763966e-09	63.8535333967445	0.200000000034274
9.825	26.75	3.12765496579898e-10	0.79999996152192	-9.14687878448831e-09	63.8295333978833	0.200000000250212
9.975	26.75	6.76792215016931e-10	0.799999961491237	-8.37916705351558e-09	63.8055333989931	0.200000000541434
10.125	26.75	1.14866207922567e-09	0.799999961475307	-7.61494704327035e-09	63.7815334000639	0.20000000091893
10.275	26.75	1.74036388116593e-09	0.799999961473253	-6.85448984077389e-09	63.7575334010841	0.200000001392291
10.425	26.75	2.46068489702807e-09	0.799999961483427	-6.09807403093154e-09	63.7335334020413	0.200000001968548
10.575	26.75	3.31342650497784e-09	0.799999961503418	-5.3460515320975e-09	63.7095334029226	0.200000002650741
10.725	26.75	4.29527575482379e-09	0.799999961531405	-4.59888201012037e-09	63.6855334037149	0.200000003436221
10.875	26.75	5.39333971611024e-09	0.799999961564512	-3.856742279748e-09	63.6615334044061	0.200000004314672
11.025	26.75	6.58237106652086e-09	0.799999961600719	-3.11996761490642e-09	63.6375334049855	0.200000005265897
11.175	26.75	7.82174018220731e-09	0.799999961636473	-2.38887218481122e-09	63.6135334054462	0.200000006257392
11.325	26.75	9.05224100565912e-09	0.799999961669804	-1.66371836773729e-09	63.5895334057856	0.200000007241793
11.475	26.75	1.01928549843604e-08	0.799999961697224	-9.44810318449751e-10	63.565533406008	0.200000008154284
11.625	26.75	1.11376388559593e-08	0.799999961716215	-2.32279239329117e-10	63.5415334061267	0.200000008910111
11.775	26.75	1.17529470981739e-08	0.79999996172526	4.73462722456024e-10	63.5175334061666	0.200000009402358
11.925	26.75	1.18752471418121e-08	0.799999961723003	1.17216585416283e-09	63.4935334061666	0.200000009500198
12.075	26.75	1.13098332130167e-08	0.799999961708709	1.86382084592586e-09	63.4695334061832	0.200000009047867
12.225	26.75	9.83079073821059e-09	0.799999961683816	2.54797253604422e-09	63.4455334062926	0.200000007864633
12.375	26.75	7.18260503099136e-09	0.799999961650471	3.22453690335814e-09	63.4215334065946	0.200000005746084
12.525	26.75	3.08384257315538e-09	0.799999961614182	3.89324489909292e-09	63.3975334072145	0.200000002467074
12.675	26.75	-2.76664250542592e-09	0.79999996158138	4.55405891642217e-09	63.3735334083057	0.199999997786686
12.825	26.75	-1.06805132802746e-08	0.799999961561788	5.20656848927978e-09	63.3495334100508	0.199999991455589
12.975	26.75	-2.09673082038942e-08	0.799999961569039	5.85081072638748e-09	63.3255334126626	0.199999983226153
13.125	26.75	-3.39179186604716e-08	0.799999961618872	6.4864729612754e-09	63.3015334163824	0.199999972865665
13.275	26.75	-4.97837959680973e-08	0.799999961731574	7.11361160349555e-09	63.2775334214777	0.199999960172963
13.425	26.75	-6.87515615375058e-08	0.799999961930753	7.73187458789646e-09	63.253533428237	0.199999944998751
13.575	26.75	-9.09127746478746e-08	0.799999962245009	8.34115356361584e-09	63.2295334369622	0.19999992726978
13.725	26.75	-1.16228704512488e-07	0.799999962705421	8.94153335204575e-09	63.2055334479576	0.199999907017036
13.875	26.75	-1.44490047161428e-07	0.799999963348547	9.53269053335904e-09	63.1815334615158	0.199999884407962
14.025	26.75	-1.75271607883596e-07	0.799999964214234	1.01145447494691e-08	63.1575334778988	0.199999859782714
14.175	26.75	-2.07882014167944e-07	0.79999996534608	1.06870240741472e-08	63.1335334973151	0.199999833694389
14.325	26.75	-2.41308500770912e-07	0.799999966792384	1.1250112721099e-08	63.1095335198913	0.199999806953199
14.475	26.75	-2.74156674502404e-07	0.799999968605399	1.18036955674645e-08	63.0855335456387	0.19999978067466
14.625	26.75	-3.04584863331778e-07	0.799999970842252	1.23476556053242e-08	63.0615335744131	0.199999756332109
14.775	26.75	-3.30232104838304e-07	0.799999973566776	1.28818825119496e-08	63.0375336058685	0.199999735814316
14.925	26.75	-3.48137930146881e-07	0.799999976852253	1.34064244257715e-08	63.0135336394036	0.199999721489656
15.075	26.75	-3.54650715852492e-07	0.799999980785004	1.39211702311437e-08	62.9895336740998	0.199999716279427
15.225	26.75	-3.45319329814465e-07	0.799999985471637	1.4426107903009e-08	62.9655337086495	0.199999723744536
15.375	26.75	-3.14759852611438e-07	0.799999991047804	1.49211368567917e-08	62.9415337412729	0.199999748192118
15.525	26.75	-2.56485006225566e-07	0.799999997694506	1.54063084341587e-08	62.9175337696205	0.199999794811995
15.675	26.75	-1.62678157941931e-07	0.800000005657462	1.5881531244803e-08	62.8935337906563	0.199999869857474
15.825	26.75	-2.38858511152732e-08	0.800000015276798	1.63467395033561e-08	62.8695338005153	0.199999980891319
15.975	26.75	1.71407973227838e-07	0.800000027028903	1.68021090550829e-08	62.8455337943258	0.200000137126379
16.125	26.75	4.37377522142795e-07	0.800000041582822	1.724734537783e-08	62.8215337659832	0.200000349902018
16.275	26.75	7.9169167437157e-07	0.800000059878265	1.76827516272672e-08	62.7975337078543	0.20000063335334
16.425	26.75	1.25668931575781e-06	0.800000083233314	1.81080210860319e-08	62.7735336103857	0.200001005351453
16.575	26.75	1.86102713961733e-06	0.800000113489463	1.85233418213185e-08	62.749533461576	0.200001488821712
16.725	26.75	2.64198165864867e-06	0.800000153208047	1.89286059033557e-08	62.7255332462591	0.200002113585327
16.875	26.75	3.64865160857524e-06	0.800000205936648	1.93239359429841e-08	62.7015329451229	0.200002918921287
17.025	26.75	4.94639312456125e-06	0.800000276567681	1.97093068188185e-08	62.6775325333616	0.2000039571145
17.175	26.75	6.62293546830522e-06	0.800000371818696	2.00846471394229e-08	62.653531978821	0.200005298348375
17.325	26.75	8.79678013304981e-06	0.800000500884533	2.04501118822758e-08	62.6295312394482	0.200007037424106
17.475	26.75	1.16286957151572e-05	0.800000676312151	2.08055924954216e-08	62.6055302597851	0.200009302956572
17.625	26.75	1.53374056286488e-05	0.800000915188361	2.11510160225674e-08	62.581528966158	0.200012269924503
17.775	26.75	2.02209525239214e-05	0.800001240741635	2.14866304347309e-08	62.5575272600886	0.200016176762019
17.925	26.75	2.66857447655065e-05	0.800001684498096	2.18121622003852e-08	62.5335250092846	0.200021348595812
18.075	26.75	3.52859836220378e-05	0.800002289162398	2.21278445246522e-08	62.5095220353449	0.200028228786898
18.225	26.75	4.67770788919814e-05	0.800003112443569	2.24335785666036e-08	62.4855180970067	0.200037421663114
18.375	26.75	6.21878497944217e-05	0.800004232143582	2.27291567891127e-08	62.4615128673642	0.200049750279836
18.525	26.75	8.29178934004004e-05	0.800005752985179	2.30144043323488e-08	62.4375059029477	0.20006633431472
18.675	26.75	0.000110868700233542	0.800007815939512	2.32894502425336e-08	62.4134966018351	0.200088694960187
18.825	26.75	0.000148620257009018	0.800010611167757	2.35539499221348e-08	62.3894841469929	0.200118896205607
18.975	26.75	0.000199669456766348	0.800014395988128	2.38075586039241e-08	62.3654674296972	0.200159735565413
19.125	26.75	0.000268753045329617	0.80001951932872	2.40499314995316e-08	62.3414449460081	0.200215002436264
19.275	26.75	0.00036228615876078	0.80002645369135	2.42801594775106e-08	62.3174146566937	0.200289828927009
19.425	26.75	0.000488957305778819	0.800035834954844	2.44977913358285e-08	62.293373797544	0.200391165844623
19.575	26.75	0.000660531189765884	0.800048510269641	2.47013931586486e-08	62.2693186225885	0.200528424951813
19.725	26.75	0.000892922208731055	0.800065596570298	2.48893486068386e-08	62.2452440572492	0.200714337766985
19.875	26.75	0.00120761712473559	0.800088558673694	2.50594940315759e-08	62.2211432316728	0.200966093699788
20.025	26.75	0.0016335541177518	0.800119326348046	2.52089354770077e-08	62.197006855574	0.201306843294201
20.175	26.75	0.00220962179044717	0.8001604791757	2.53335968736101e-08	62.172822382919	0.201767697432358
20.325	26.75	0.00298804036411878	0.800215524787614	2.54283412483254e-08	62.1485728943361	0.202390432291295
20.475	26.75	0.00403902965480423	0.800289263795997	2.54861325507631e-08	62.1242355931227	0.203231223723843
20.625	26.75	0.00545732372594283	0.800388161413409	2.54978200363036e-08	62.0997797644118	0.204365858980754
20.775	26.75	0.00737118405127763	0.800520537580817	2.54515422458679e-08	62.0751639888851	0.205896947241022
20.925	26.75	0.00995447754061197	0.800696281219572	2.53318193319302e-08	62.0503323439443	0.20796358203249
21.075	26.75	0.0134420121357845	0.800925753711274	2.51195287719438e-08	62.0252092888563	0.210753609708628
21.225	26.75	0.0181476177616274	0.801217634888944	2.47913926793642e-08	61.9996929458334	0.214518094209302
21.375	26.75	0.0244834937308758	0.801575701219968	2.43212831381874e-08	61.9736465848313	0.219586794984701
21.525	26.75	0.0329782632018655	0.801994864766176	2.36829622732139e-08	61.9468883140828	0.226382610561492
21.675	26.75	0.0442900725018901	0.802457167287298	2.28540366724014e-08	61.9191792774885	0.235432058001512
21.825	26.75	0.0592098322425279	0.802928779522475	2.18225949917486e-08	61.890211071377	0.247367865794022
21.975	26.75	0.0786480170163669	0.803359393038004	2.05937449864585e-08	61.859593643916	0.262918413613094
22.125	26.75	0.103596191084983	0.803685576371504	1.91938982107096e-08	61.8268456782234	0.282876952867986
22.275	26.75	0.135052303470777	0.803839321728261	1.76713427481755e-08	61.7913904058437	0.308041842776621
22.425	26.75	0.173898994381992	0.803761738033483	1.60908725723559e-08	61.752560834435	0.339119195505594
22.575	26.75	0.220730585851759	0.803419689807575	1.45237981759767e-08	61.7096190956496	0.376584468681407
22.725	26.75	0.275641527816378	0.802820786817933	1.30365039635015e-08	61.6617942213307	0.420513222253103
22.875	26.75	0.338017857426822	0.802020575079545	1.16809369684676e-08	61.6083400688626	0.470414285941457
23.025	26.75	0.406404724544127	0.801116448039791	1.04898052581054e-08	61.5486096404897	0.525123779635302
23.175	26.75	0.478534573426109	0.800226926217656	9.47645823601859e-09	61.4821344797258	0.582827658740887
23.325	26.75	0.551566087847249	0.799461968817635	8.63834202707576e-09	61.4086913247291	0.641252870277799
23.475	26.75	0.622501308948292	0.798895927593216	7.96177916392828e-09	61.3283372950712	0.698001047158633
23.625	26.75	0.688659258772529	0.798554407848239	7.4270057567964e-09	61.2414022665198	0.750927407018023
23.775	26.75	0.748051810954903	0.798418741538942	7.01194045831124e-09	61.1484403778167	0.798441448763922
23.925	26.75	0.799557781769788	0.798442566703865	6.69514063955133e-09	61.0501550815055	0.839646225415831
24.075	26.75	0.842886470883556	0.798570847542409	6.45716318422695e-09	60.9473175916134	0.874309176706844
24.225	26.75	0.878398156415199	0.798753959234571	6.28129988698562e-09	60.8406957354284	0.902718525132159
24.375	26.75	0.906872100715454	0.798954490089984	6.15364178825047e-09	60.7310025928063	0.925497680572363
24.525	26.75	0.929292198362342	0.799148193569028	6.06300908506956e-09	60.61886657719	0.943433758689873
24.675	26.75	0.94668509422547	0.799321769984359	6.00042206217499e-09	60.5048195776036	0.957348075380376
24.825	26.75	0.960016774744665	0.799469689493193	5.95892711623256e-09	60.3892978297588	0.968013419795732
24.975	26.75	0.970138073150528	0.799591290246695	5.93310032350018e-09	60.2726503611588	0.976110458520422
25.125	26.75	0.977764769284478	0.799688594414685	5.91872653052146e-09	60.1551510034733	0.982211815427583
25.275	26.75	0.98347910732066	0.799764849375502	5.91263327198729e-09	60.0370112853298	0.986783285856528
25.425	26.75	0.987742791143615	0.799823638162729	5.91245325486751e-09	59.9183926276795	0.990194232914892
25.575	26.75	0.990914817891582	0.799868384155355	5.91636271838675e-09	59.7994170591724	0.992731854313266
25.725	26.75	0.993270126807712	0.799902109126511	5.9230045430974e-09	59.6801761804168	0.994616101446169
25.875	26.75	0.99501687481649	0.799927345584444	5.93137666996298e-09	59.560738403977	0.996013499853192
26.025	26.75	0.996311339969807	0.799946137909888	5.94081524435509e-09	59.4411546498856	0.997049071975846
26.175	26.75	0.997270176129411	0.799960090106706	5.95070846062462e-09	59.3214627376469	0.997816140903529
26.325	26.75	0.997980145946589	0.799970433484911	5.96072770254294e-09	59.2016907228895	0.998384116757271
26.475	26.75	0.998505654708254	0.799978098001134	5.97053412076974e-09	59.0818594052469	0.998804523766603
26.625	26.75	0.998894473358716	0.799983778107314	5.97998910010425e-09	58.9619841999302	0.999115578686973
26.775	26.75	0.999182029808901	0.799987988815371	5.98890991589347e-09	58.8420765286257	0.999345623847121
26.925	26.75	0.999394600870498	0.799991110832294	5.99722808530393e-09	58.7221448512043	0.999515680696398
27.075	26.75	0.999551676931384	0.799993425456908	6.0048750246016e-09	58.6021954307173	0.999641341545108
27.225	26.75	0.999667711987739	0.799995140800652	6.0117962940368e-09	58.482232900889	0.999734169590191
27.375	26.75	0.999753419908883	0.799996411135605	6.01797523271119e-09	58.362260687388	0.999802735927106
27.525	26.75	0.999816736207431	0.799997351039266	6.02340032955075e-09	58.2422813207135	0.999853388965944
27.675	26.75	0.999863532816639	0.799998045717918	6.02806727916131e-09	58.1222966686079	0.999890826253311
27.825	26.75	0.999898149900299	0.799998558567548	6.03199689435435e-09	58.0023081086333	0.999918519920239
27.975	26.75	0.999923791678263	0.799998936745454	6.03518004505079e-09	57.8823166562215	0.99993903334261
28.125	26.75	0.999942820940979	0.799999215302313	6.03764507048439e-09	57.762323059588	0.999954256752783
28.275	26.75	0.999956977996986	0.799999420261817	6.03939876881704e-09	57.6423278699994	0.999965582397589
28.425	26.75	0.999967543255885	0.799999570922139	6.04046928501376e-09	57.522331493728	0.999974034604708
28.575	26.75	0.999975457806062	0.799999681576735	6.04087701764994e-09	57.4023342304143	0.99998036624485
28.725	26.75	0.999981412728968	0.799999762799749	6.04063334138976e-09	57.2823363013544	0.999985130183175
28.875	26.75	0.999985915176913	0.79999982240461	6.0397546626876e-09	57.1623378703293	0.999988732141531
29.025	26.75	0.999989337201672	0.799999866157815	6.03828636137937e-09	57.0423390589184	0.999991469761337
29.175	26.75	0.999991951790858	0.799999898308684	6.03623943691475e-09	56.9223399577389	0.999993561432687
29.325	26.75	0.999993959424966	0.799999921983292	6.03362709814622e-09	56.8023406346818	0.999995167539973
29.475	26.75	0.999995507614439	0.79999993947661	6.03047370942196e-09	56.6823411409342	0.999996406091551
29.625	26.75	0.999996705242186	0.799999952468982	6.02680661231438e-09	56.5623415153768	0.999997364193749
29.775	26.75	0.999997633065893	0.799999962187306	6.02262640558455e-09	56.442341787787	0.999998106452714
29.925	26.75	0.999998351385309	0.799999969524055	6.01797327554681e-09	56.3223419811719	0.999998681108248
30.075	26.75	0.999998905620686	0.799999975126123	6.01286893706469e-09	56.2023421134638	0.999999124496549
30.225	26.75	0.999999330355734	0.799999979460559	6.00732684645311e-09	56.0823421987549	0.999999464284587
30.375	26.75	0.999999652255998	0.799999982862934	6.00135561816496e-09	55.9623422481973	0.999999721804798
30.525	26.75	0.999999892166616	0.799999985573567	5.99498985336831e-09	55.8423422706628	0.999999913733293
30.675	26.75	1.00000006661445	0.799999987764132	5.98824493877818e-09	55.7223422732293	1.00000005329156
30.825	26.75	1.00000018888045	0.799999989556935	5.98113933984232e-09	55.6023422615436	1.00000015110436
30.975	26.75	1.00000026976429	0.799999991039306	5.97367845660342e-09	55.4823422400971	1.00000021581144
31.125	26.75	1.00000031813023	0.799999992273988	5.96590600937735e-09	55.3623422124371	1.00000025450418
31.275	26.75	1.00000034129913	0.79999999330658	5.95780895494717e-09	55.2423421813339	1.00000027303931
31.425	26.75	1.00000034533335	0.799999994170849	5.94944305274518e-09	55.1223421489157	1.00000027626668
31.575	26.75	1.00000033524794	0.799999994892582	5.94075790798801e-09	55.0023421167787	1.00000026819835
31.725	26.75	1.00000031517154	0.799999995492103	5.9318429706888e-09	54.8823420860803	1.00000025213723
31.875	26.75	1.00000028847335	0.799999995986059	5.92268931732193e-09	54.7623420576181	1.00000023077868
32.025	26.75	1.00000025786736	0.799999996388665	5.91329201553484e-09	54.6423420318976	1.00000020629389
32.175	26.75	1.00000022550096	0.79999999671241	5.90367645620227e-09	54.522342009191	1.00000018040076
32.325	26.75	1.00000019303282	0.799999996968419	5.89386137779595e-09	54.4023419895877	1.00000015442625
32.475	26.75	1.00000016170284	0.799999997166953	5.88387185652079e-09	54.2823419730382	1.00000012936227
32.625	26.75	1.00000013239567	0.79999999731722	5.87368188875091e-09	54.1623419593907	1.00000010591653
32.775	26.75	1.00000010569877	0.799999997427844	5.86336819934679e-09	54.042341948423	1.00000008455902
32.925	26.75	1.00000008195549	0.799999997506317	5.85287644719284e-09	53.9223419398682	1.00000006556439
33.075	26.75	1.00000006131281	0.799999997559639	5.84228022303657e-09	53.8023419334357	1.00000004905025
33.225	26.75	1.00000004376437	0.799999997593849	5.83156391293265e-09	53.6823419288282	1.0000000350115
33.375	26.75	1.00000002918825	0.79999999761421	5.82075752753833e-09	53.5623419257548	1.0000000233506
33.525	26.75	1.0000000173799	0.799999997625164	5.80981349160928e-09	53.4423419239398	1.00000001390392
33.675	26.75	1.00000000808003	0.799999997630499	5.79880912519989e-09	53.3223419231303	1.00000000646402
33.825	26.75	1.00000000099792	0.799999997633228	5.78772923665232e-09	53.2023419230993	1.00000000079834
33.975	26.75	0.999999995830309	0.799999997635719	5.7765975479099e-09	53.0823419236487	0.999999996664248
34.125	26.75	0.999999992276168	0.799999997639741	5.76540838861073e-09	52.9623419246092	0.999999993820935
34.275	26.75	0.999999990047903	0.799999997646623	5.75418884058669e-09	52.8423419258398	0.999999992038322
34.425	26.75	0.999999988879292	0.799999997657236	5.74294290003814e-09	52.722341927226	0.999999991103434
34.575	26.75	0.999999988530649	0.799999997671942	5.73169124354715e-09	52.6023419286778	0.999999990824519
34.725	26.75	0.999999988791753	0.799999997690988	5.72041489984229e-09	52.4823419301265	0.999999991033403
34.875	26.75	0.999999989482813	0.799999997714271	5.70914551776549e-09	52.3623419315225	0.999999991586251
35.025	26.75	0.999999990454013	0.799999997741558	5.69789801304786e-09	52.2423419328316	0.99999999236321
35.175	26.75	0.999999991583955	0.799999997772506	5.68666299160148e-09	52.1223419340328	0.999999993267164
35.325	26.75	0.999999992777338	0.799999997806718	5.67546569437271e-09	52.0023419351157	0.99999999422187
35.475	26.75	0.999999993962092	0.799999997843579	5.66431058582017e-09	51.8823419360776	0.999999995169674
35.625	26.75	0.999999995086375	0.799999997882663	5.6531994058456e-09	51.7623419369219	0.9999999960691
35.775	26.75	0.999999996115383	0.799999997923516	5.64215457611816e-09	51.6423419376562	0.999999996892306
35.925	26.75	0.999999997028305	0.799999997965696	5.63116708217727e-09	51.5223419382907	0.999999997622644
36.075	26.75	0.999999997815478	0.799999998008753	5.62025387203901e-09	51.402341938837	0.999999998252382
36.225	26.75	0.999999998475771	0.799999998052295	5.60942221910333e-09	51.2823419393075	0.999999998780617
36.375	26.75	0.999999999014302	0.79999999809616	5.59867361453127e-09	51.162341939714	0.999999999211442
36.525	26.75	0.999999999440481	0.799999998139943	5.58803286296318e-09	51.0423419400679	0.999999999552385
36.675	26.75	0.999999999766354	0.799999998183503	5.57747341483313e-09	50.9223419403795	0.999999999813083
36.825	26.75	1.00000000000536	0.799999998226737	5.5670584846083e-09	50.8023419406577	1.00000000000429
36.975	26.75	1.00000000017138	0.79999999826944	5.55673401510743e-09	50.6823419409104	1.0000000001371
37.125	26.75	1.00000000027793	0.799999998311662	5.54653903239566e-09	50.562341941144	1.00000000022235
37.275	26.75	1.00000000033771	0.799999998353191	5.53648065669458e-09	50.4423419413636	1.00000000027017
37.425	26.75	1.00000000036183	0.799999998393926	5.5265437815941e-09	50.3223419415732	1.00000000028946
37.575	26.75	1.00000000035914	0.799999998433903	5.51675856471131e-09	50.2023419417759	1.00000000028731
37.725	26.75	1.00000000033567	0.799999998473139	5.50711659620597e-09	50.0823419419741	1.00000000026853
37.875	26.75	1.00000000029552	0.799999998512319	5.49763159182619e-09	49.9623419421695	1.00000000023642
38.025	26.75	1.00000000024452	0.799999998552353	5.48830064602132e-09	49.8423419423636	1.00000000019562
38.175	26.75	1.00000000019657	0.799999998594102	5.4791341554025e-09	49.7223419425569	1.00000000015726
38.325	26.75	1.00000000017805	0.799999998635932	5.4701328649012e-09	49.6023419427477	1.00000000014244
38.475	26.75	1.00000000021821	0.799999998671695	5.46131954705214e-09	49.4823419429319	1.00000000017457
38.625	26.75	1.00000000031038	0.799999998690821	5.45268518046194e-09	49.3623419431043	1.00000000024831
38.775	26.75	1.00000000034601	0.799999998686781	5.44421959807578e-09	49.2423419432651	1.00000000027681
38.925	26.75	1.00000000007386	0.799999998677533	5.43594528278479e-09	49.1223419434318	1.00000000005909
39.075	26.75	0.999999999212026	0.799999998729278	5.42788262864433e-09	49.0023419436476	0.999999999369621
39.225	26.75	0.99999999786158	0.799999998950832	5.41998977065752e-09	48.8823419439643	0.999999998289264
39.375	26.75	0.999999997187154	0.799999999403688	5.41232763458511e-09	48.7623419443729	0.999999997749723
39.525	26.75	0.999999999800268	0.799999999894228	5.4048553697773e-09	48.6423419446833	0.999999999840214
39.675	26.75	1.00000000854991	0.799999999743799	5.39758644178695e-09	48.522341944443	1.00000000683992
39.825	26.75	1.0000000222811	0.799999997869961	5.39053494323219e-09	48.4023419431186	1.00000001782488
39.975	26.75	1.00000002906865	0.799999993708951	5.38370183668642e-09	48.2823419408041	1.00000002325492
40.125	26.75	1.00000000269435	0.799999989245555	5.37709374000294e-09	48.1623419394247	1.00000000215548
40.275	26.75	0.999999915051604	0.799999991156509	5.37070791029511e-09	48.0423419435131	0.999999932041283
40.425	26.75	0.999999777875209	0.800000009827265	5.36453246735899e-09	47.9223419583878	0.999999822300167
40.575	26.75	0.99999970764995	0.80000005036295	5.35860803789736e-09	47.8023419832129	0.99999976611996
40.725	26.75	0.999999957517777	0.800000093575011	5.35289791656668e-09	47.6823419994102	0.999999966014221
40.875	26.75	1.00000079734943	0.800000076778198	5.34743190465481e-09	47.562341963297	1.00000063787955
41.025	26.75	1.00000212196183	0.799999904258316	5.34219072707591e-09	47.4423418232856	1.00000169756947
41.175	26.75	1.00000285290253	0.799999530124972	5.33721265794679e-09	47.3223415846029	1.00000228232202
41.325	26.75	1.00000065163094	0.799999127870004	5.33248049464885e-09	47.2023414164912	1.00000052130475
41.475	26.75	0.999993003857967	0.799999255423902	5.3280205350201e-09	47.0823417211289	0.999994403086373
41.625	26.75	0.99998070663774	0.800000756027971	5.3238229178637e-09	46.962342983122	0.999984565310192
41.775	26.75	0.999973138464008	0.800004040652301	5.31984899523214e-09	46.8423451986495	0.999978510771206
41.925	26.75	0.999990827520764	0.800007657567259	5.31604528412528e-09	46.7223469283673	0.999992662016611
42.075	26.75	1.00005637953643	0.800006936187092	5.31226927830625e-09	46.6023446625122	1.00004510362915
42.225	26.75	1.00016528886149	0.799994824061361	5.30858417685739e-09	46.4823340225463	1.00013223108919
42.375	26.75	1.00024184955295	0.799967674132555	5.30526535874824e-09	46.3623144800378	1.00019347964236
42.525	26.75	1.0001163362846	0.79993655040937	5.30308601042982e-09	46.2422972870687	1.00009306902768
42.675	26.75	0.999594226904446	0.799937860606793	5.3028416059999e-09	46.1223111801199	0.999675381523557
42.825	26.75	0.998683926301873	0.800027372398795	5.30452106440831e-09	46.0023938312695	0.998947141041498
42.975	26.75	0.997944673222097	0.800237006780608	5.30575969551912e-09	45.8825556631961	0.998355738577678
43.125	26.75	0.998684258975519	0.800490005417984	5.30100109940883e-09	45.7627174688871	0.998947407180415
43.275	26.75	1.00248296175427	0.800522975092739	5.28357285903018e-09	45.6426614385802	1.00198636940342
43.425	26.75	1.00955927623223	0.799934825522132	5.25274800538024e-09	45.5220835360559	1.00764742098579
43.575	26.75	1.0162338073669	0.798479881558186	5.22409895722808e-09	45.400845759412	1.01298704589352
43.725	26.75	1.01328677098902	0.796573391782886	5.23551211516397e-09	45.2794286031284	1.01062941679122
43.875	26.75	0.988680897760315	0.795833250579705	5.33910236774597e-09	45.1593336087013	0.990944718208252
44.025	26.75	0.938367896677353	0.799351007262871	5.5653072837812e-09	45.0428405762575	0.950694317341882
44.175	26.75	0.884673133522887	0.810192428668323	5.82951153193739e-09	44.9313520706514	0.90773850681831
44.325	26.75	0.889127901617095	0.824441952859764	5.80781975502534e-09	44.822207716627	0.911302321293676
44.475	26.75	1.03257195125191	0.826489829102022	5.15881011032781e-09	44.7059573110275	1.02605756100153
44.625	26.75	1.34924434162231	0.808622133051904	4.13698179471306e-09	44.5677998751547	1.27939547329784
44.775	26.75	1.76408811772804	0.70953704757591	3.28423088016528e-09	44.395593062037	1.61127049418243
44.925	26.75	2.11154506581441	0.834636814249031	2.80057009037827e-09	44.2248230423682	1.88923605265153
0.075	27.25	3.4747359419645e-16	0.399999999565519	-4.14693395783974e-08	65.3895333536648	0.2
0.225	27.25	1.09796498726223e-15	0.799999998697222	-4.14489116420893e-08	65.3655333536909	0.200000000000001
0.375	27.25	2.54818930824727e-15	0.799999997829389	-4.14078342926608e-08	65.341533353743	0.200000000000002
0.525	27.25	4.61626582635565e-15	0.799999996962863	-4.13466513039554e-08	65.3175333538211	0.200000000000004
0.675	27.25	7.14881703315589e-15	0.799999996098747	-4.12649572614544e-08	65.2935333539252	0.200000000000006
0.825	27.25	9.93588430132576e-15	0.799999995237337	-4.11629981702043e-08	65.2695333540552	0.200000000000008
0.975	27.25	1.2737970490875e-14	0.799999994378328	-4.10407038089547e-08	65.245533354211	0.20000000000001
1.125	27.25	1.52997074578405e-14	0.799999993523499	-4.08985447571556e-08	65.2215333543925	0.200000000000012
1.275	27.25	1.73403389526079e-14	0.799999992672887	-4.07363288248337e-08	65.1975333545996	0.200000000000014
1.425	27.25	1.85241247477941e-14	0.799999991826914	-4.05542670673895e-08	65.1735333548321	0.200000000000015
1.575	27.25	1.8421504906806e-14	0.799999990986186	-4.03524623468413e-08	65.14953335509	0.200000000000015
1.725	27.25	1.64738683163584e-14	0.799999990151099	-4.01314033355001e-08	65.125533355373	0.200000000000013
1.875	27.25	1.19727215868143e-14	0.799999989322818	-3.98908820401534e-08	65.1015333556809	0.20000000000001
2.025	27.25	4.06047135521049e-15	0.799999988501678	-3.96313667165884e-08	65.0775333560136	0.200000000000003
2.175	27.25	-8.24292016870865e-15	0.799999987687133	-3.93530901963442e-08	65.0535333563708	0.199999999999993
2.325	27.25	-2.59845103692123e-14	0.799999986881017	-3.90563472160175e-08	65.0295333567523	0.199999999999979
2.475	27.25	-5.01910937044009e-14	0.7999999860831	-3.87411047736483e-08	65.0055333571579	0.19999999999996
2.625	27.25	-8.17460240627193e-14	0.799999985294049	-3.84078879129046e-08	64.9815333575874	0.199999999999935
2.775	27.25	-1.21225245670967e-13	0.799999984514514	-3.80569505025145e-08	64.9575333580403	0.199999999999903
2.925	27.25	-1.68687697016209e-13	0.799999983744831	-3.76886187267713e-08	64.9335333585165	0.199999999999865
3.075	27.25	-2.23416653717301e-13	0.799999982985058	-3.73030369508245e-08	64.9095333590157	0.199999999999821
3.225	27.25	-2.83611677330171e-13	0.79999998223619	-3.69007778201076e-08	64.8855333595375	0.199999999999773
3.375	27.25	-3.4603569557179e-13	0.799999981498283	-3.64820034350994e-08	64.8615333600816	0.199999999999723
3.525	27.25	-4.05628550565413e-13	0.799999980772129	-3.60471839168167e-08	64.8375333606476	0.199999999999676
3.675	27.25	-4.55107091558947e-13	0.799999980057735	-3.5596686066964e-08	64.8135333612353	0.199999999999636
3.825	27.25	-4.84582708459278e-13	0.799999979355719	-3.51307885832249e-08	64.7895333618442	0.199999999999612
3.975	27.25	-4.81239933914954e-13	0.799999978666505	-3.46499685295339e-08	64.7655333624741	0.199999999999615
4.125	27.25	-4.29134291763501e-13	0.799999977990246	-3.41545969018518e-08	64.7415333631243	0.199999999999657
4.275	27.25	-3.09183347268721e-13	0.799999977327354	-3.36450956533663e-08	64.7175333637947	0.199999999999753
4.425	27.25	-9.94412772139747e-14	0.799999976677671	-3.31217963895254e-08	64.6935333644848	0.19999999999992
4.575	27.25	2.2423709129432e-13	0.799999976042824	-3.25853774684425e-08	64.6695333651941	0.200000000000179
4.725	27.25	6.87023397852989e-13	0.799999975421962	-3.20359647576357e-08	64.6455333659222	0.20000000000055
4.875	27.25	1.3133057093141e-12	0.799999974815561	-3.14740997213478e-08	64.6215333666686	0.200000000001051
5.025	27.25	2.12411104935653e-12	0.799999974223804	-3.09003656813268e-08	64.597533367433	0.200000000001699
5.175	27.25	3.13363858538448e-12	0.799999973647608	-3.03151121796203e-08	64.5735333682148	0.200000000002507
5.325	27.25	4.34480371350229e-12	0.799999973086499	-2.97187428161486e-08	64.5495333690135	0.200000000003476
5.475	27.25	5.74373343542402e-12	0.799999972540868	-2.91117245236226e-08	64.5255333698288	0.200000000004595
5.625	27.25	7.29321558713329e-12	0.799999972011204	-2.84944573594157e-08	64.50153337066	0.200000000005835
5.775	27.25	8.92519302096033e-12	0.799999971497083	-2.78676209819345e-08	64.4775333715067	0.20000000000714
5.925	27.25	1.0532512278135e-11	0.799999970999506	-2.72314819719767e-08	64.4535333723684	0.200000000008426
6.075	27.25	1.19602877188129e-11	0.799999970517569	-2.65866217700035e-08	64.4295333732447	0.200000000009568
6.225	27.25	1.29974277019356e-11	0.799999970052213	-2.59335148419928e-08	64.4055333741351	0.200000000010398
6.375	27.25	1.33690888305971e-11	0.799999969603493	-2.52725880391186e-08	64.3815333750391	0.200000000010695
6.525	27.25	1.27310737469067e-11	0.799999969171581	-2.46043412550519e-08	64.3575333759563	0.200000000010185
6.675	27.25	1.06674605954787e-11	0.79999996875544	-2.3929200267708e-08	64.3335333768864	0.200000000008534
6.825	27.25	6.69303614108856e-12	0.799999968357123	-2.32475701581358e-08	64.3095333778289	0.200000000005354
6.975	27.25	2.62382937695898e-13	0.799999967974533	-2.25601952555077e-08	64.2855333787837	0.20000000000021
7.125	27.25	-9.21227942302883e-12	0.7999999676099	-2.1867215927853e-08	64.2615333797504	0.19999999999263
7.275	27.25	-2.23322074235139e-11	0.799999967261882	-2.11692611106815e-08	64.2375333807288	0.199999999982134
7.425	27.25	-3.96698128990757e-11	0.799999966930623	-2.04667757470748e-08	64.2135333817189	0.199999999968264
7.575	27.25	-6.17105614679364e-11	0.799999966616706	-1.97601824086619e-08	64.1895333827206	0.199999999950632
7.725	27.25	-8.87769717115384e-11	0.799999966319797	-1.90500827124219e-08	64.1655333837338	0.199999999928978
7.875	27.25	-1.2093306654712e-10	0.799999966040562	-1.83366021723025e-08	64.1415333847585	0.199999999903254
8.025	27.25	-1.57868396416423e-10	0.799999965778313	-1.76203968459631e-08	64.1175333857946	0.199999999873705
8.175	27.25	-1.98761876697526e-10	0.799999965533445	-1.69020282985046e-08	64.0935333868421	0.199999999840991
8.325	27.25	-2.42127211741605e-10	0.799999965306081	-1.61816710570017e-08	64.0695333879007	0.199999999806298
8.475	27.25	-2.85643658059724e-10	0.799999965096211	-1.54599304217935e-08	64.0455333889702	0.199999999771485
8.625	27.25	-3.25978337618894e-10	0.799999964904027	-1.47371316371101e-08	64.0215333900498	0.199999999739217
8.775	27.25	-3.58609254643098e-10	0.799999964729828	-1.40136801520102e-08	63.9975333911385	0.199999999713113
8.925	27.25	-3.77661571859856e-10	0.799999964572566	-1.32899781379463e-08	63.9735333922349	0.199999999697871
9.075	27.25	-3.75773502674351e-10	0.799999964433584	-1.25664823036197e-08	63.9495333933367	0.199999999699381
9.225	27.25	-3.44012265694169e-10	0.799999964311607	-1.18436226990569e-08	63.925533394441	0.19999999972479
9.375	27.25	-2.71864764528013e-10	0.799999964207418	-1.11216943133961e-08	63.901533395544	0.199999999782508
9.525	27.25	-1.47331774081782e-10	0.799999964119643	-1.04010938505294e-08	63.8775333966408	0.199999999882135
9.675	27.25	4.28418561272911e-11	0.799999964048407	-9.68215660749679e-09	63.8535333977251	0.200000000034274
9.825	27.25	3.12765492084467e-10	0.799999963993427	-8.96526637479604e-09	63.8295333987896	0.200000000250212
9.975	27.25	6.76792209061737e-10	0.799999963952899	-8.25079149792875e-09	63.8055333998255	0.200000000541434
10.125	27.25	1.14866207164411e-09	0.799999963926546	-7.53909477836195e-09	63.7815334008225	0.20000000091893
10.275	27.25	1.7403638717974e-09	0.799999963912763	-6.83040066636383e-09	63.7575334017694	0.200000001392291
10.425	27.25	2.46068488580765e-09	0.799999963909628	-6.12513334493051e-09	63.7335334026536	0.200000001968548
10.575	27.25	3.31342649188948e-09	0.799999963915832	-5.42367497555463e-09	63.7095334034623	0.200000002650741
10.725	27.25	4.29527574001108e-09	0.799999963928402	-4.72610758362053e-09	63.6855334041825	0.200000003436221
10.875	27.25	5.39333969982598e-09	0.799999963946006	-4.03285879866759e-09	63.6615334048019	0.200000004314672
11.025	27.25	6.58237104925189e-09	0.799999963964871	-3.34424054625456e-09	63.6375334053102	0.200000005265897
11.175	27.25	7.82174016462142e-09	0.799999963983094	-2.66045598413859e-09	63.6135334057002	0.200000006257392
11.325	27.25	9.05224098873305e-09	0.799999963997345	-1.98179308440274e-09	63.5895334059695	0.200000007241793
11.475	27.25	1.01928549693264e-08	0.799999964004999	-1.30861970600736e-09	63.5655334061223	0.200000008154284
11.625	27.25	1.11376388444175e-08	0.799999964003616	-6.41050512556901e-10	63.5415334061721	0.200000008910111
11.775	27.25	1.17529470920337e-08	0.799999963991419	2.06875072482548e-11	63.5175334061437	0.200000009402358
11.925	27.25	1.18752471433722e-08	0.799999963967016	6.76345555922575e-10	63.4935334060761	0.200000009500198
12.075	27.25	1.1309833224891e-08	0.799999963929945	1.32556906710907e-09	63.4695334060256	0.200000009047867
12.225	27.25	9.83079076335862e-09	0.799999963881396	1.96834753649481e-09	63.4455334060688	0.200000007864633
12.375	27.25	7.18260507261291e-09	0.799999963824171	2.60438007758517e-09	63.4215334063052	0.200000005746084
12.525	27.25	3.08384263465673e-09	0.7999999637629	3.23343450650288e-09	63.3975334068603	0.200000002467074
12.675	27.25	-2.76664242059057e-09	0.799999963704587	3.85534664882096e-09	63.3735334078874	0.199999997786686
12.825	27.25	-1.06805131687062e-08	0.79999996365931	4.4700391940255e-09	63.3495334095692	0.199999991455589
12.975	27.25	-2.09673080624818e-08	0.79999996363986	5.07715275494125e-09	63.3255334121184	0.199999983226154
13.125	27.25	-3.39179184865638e-08	0.799999963662706	5.6768717919532e-09	63.3015334157765	0.199999972865665
13.275	27.25	-4.97837957598304e-08	0.799999963747783	6.26863572528343e-09	63.2775334208109	0.199999960172963
13.425	27.25	-6.87515612940251e-08	0.799999963919171	6.85253631840343e-09	63.2535334275102	0.199999944998751
13.575	27.25	-9.0912774369749e-08	0.799999964204832	7.42845186035791e-09	63.2295334361761	0.199999927269781
13.725	27.25	-1.1622870420198e-07	0.79999996463662	7.99609813325978e-09	63.2055334471131	0.199999907017037
13.875	27.25	-1.44490046823005e-07	0.799999965250438	8.55548699687466e-09	63.1815334606138	0.199999884407963
14.025	27.25	-1.7527160752417e-07	0.799999966086623	9.10661378898272e-09	63.1575334769402	0.199999859782714
14.175	27.25	-2.07882013797471e-07	0.799999967188826	9.64919410897894e-09	63.1335334963007	0.199999833694389
14.325	27.25	-2.41308500402588e-07	0.799999968604877	1.01832223422257e-08	63.1095335188222	0.1999998069532
14.475	27.25	-2.7415667415335e-07	0.799999970387422	1.07084636070538e-08	63.0855335445157	0.199999780674661
14.625	27.25	-3.04584863023126e-07	0.799999972593522	1.12248854501866e-08	63.061533573237	0.19999975633211
14.775	27.25	-3.30232104595926e-07	0.799999975287274	1.17325815291299e-08	63.0375336046404	0.199999735814316
14.925	27.25	-3.48137930001598e-07	0.799999978541612	1.2231400141332e-08	63.0135336381244	0.199999721489656
15.075	27.25	-3.54650715840785e-07	0.799999982443177	1.27212317948278e-08	62.9895336727703	0.199999716279427
15.225	27.25	-3.45319329978795e-07	0.799999987098376	1.32020399829909e-08	62.9655337072707	0.199999723744536
15.375	27.25	-3.14759853001241e-07	0.799999992642897	1.36738031244404e-08	62.9415337398458	0.199999748192118
15.525	27.25	-2.56485006898107e-07	0.799999999258082	1.41363737276555e-08	62.917533768146	0.199999794811994
15.675	27.25	-1.62678158963856e-07	0.800000007189084	1.45898609546576e-08	62.8935337891354	0.199999869857473
15.825	27.25	-2.38858525646332e-08	0.800000016776579	1.50342317218018e-08	62.8695337989489	0.199999980891318
15.975	27.25	1.71407971258705e-07	0.800000028496684	1.5469298742734e-08	62.8455337927149	0.200000137126377
16.125	27.25	4.37377519542946e-07	0.800000043018709	1.58951201640599e-08	62.8215337643287	0.200000349902016
16.275	27.25	7.91691671005819e-07	0.800000061282019	1.63115849262489e-08	62.7975337061573	0.200000633353337
16.425	27.25	1.25668931145836e-06	0.80000008460518	1.67189600882643e-08	62.773533608647	0.200001005351449
16.575	27.25	1.86102713417258e-06	0.800000114828967	1.71169402136781e-08	62.7495334597966	0.200001488821707
16.725	27.25	2.64198165178772e-06	0.800000154515479	1.75056756574783e-08	62.72553324444	0.200002113585321
16.875	27.25	3.64865159994788e-06	0.800000207212448	1.78850552922172e-08	62.7015329432651	0.20000291892128
17.025	27.25	4.94639311370947e-06	0.80000027781109	1.82551513167816e-08	62.677532531466	0.200003957114491
17.175	27.25	6.6229354546269e-06	0.800000373030314	1.861589171825e-08	62.6535319768886	0.200005298348364
17.325	27.25	8.79678011575023e-06	0.800000502064269	1.89674246999829e-08	62.62953123748	0.200007037424093
17.475	27.25	1.16286956931848e-05	0.800000677459896	1.93094377208282e-08	62.6055302577819	0.200009302956555
17.625	27.25	1.53374056006138e-05	0.800000916304155	1.96424642841591e-08	62.5815289641209	0.20001226992448
17.775	27.25	2.0220952487984e-05	0.800001241825939	1.99658885720542e-08	62.5575272580184	0.20001617676199
17.925	27.25	2.66857447192402e-05	0.800001685550941	2.02800365806385e-08	62.5335250071824	0.200021348595775
18.075	27.25	3.52859835622428e-05	0.800002290183389	2.05848222442593e-08	62.5095220332116	0.20002822878685
18.225	27.25	4.67770788144614e-05	0.800003113433467	2.08800996876787e-08	62.4855180948432	0.200037421663052
18.375	27.25	6.21878496936707e-05	0.800004233102145	2.11659562064763e-08	62.4615128651715	0.200049750279755
18.525	27.25	8.29178932692395e-05	0.800005753912277	2.14423449034607e-08	62.4375059007267	0.200066334314615
18.675	27.25	0.000110868700062625	0.800007816835856	2.17087494862011e-08	62.4134965995868	0.20008869496005
18.825	27.25	0.000148620256786221	0.800010612033083	2.19653676567397e-08	62.3894841447182	0.200118896205429
18.975	27.25	0.000199669456475967	0.800014396822599	2.2211623969015e-08	62.3654674273969	0.200159735565181
19.125	27.25	0.0002687530449514	0.800019520132671	2.24471826715753e-08	62.3414449436833	0.200215002435961
19.275	27.25	0.000362286158268645	0.800026454464717	2.26715018646328e-08	62.3174146543453	0.200289828926615
19.425	27.25	0.000488957305139311	0.800035835697993	2.28836889120381e-08	62.2933737951728	0.200391165844111
19.575	27.25	0.000660531188936266	0.800048510982434	2.30826732145563e-08	62.2693186201955	0.200528424951149
19.725	27.25	0.000892922207656932	0.800065597253163	2.32667441843361e-08	62.2452440548353	0.200714337766126
19.875	27.25	0.00120761712334826	0.800088559326827	2.3434174332882e-08	62.2211432292389	0.200966093698679
20.025	27.25	0.00163355411596468	0.800119326971369	2.35819719813237e-08	62.197006853121	0.201306843292772
20.175	27.25	0.00220962178815182	0.800160479769409	2.37064526237322e-08	62.1728223804478	0.201767697430521
20.325	27.25	0.00298804036117993	0.800215525352508	2.38026296338446e-08	62.1485728918476	0.202390432288944
20.475	27.25	0.00403902965105346	0.8002892643318	2.3864062091568e-08	62.1242355906177	0.203231223720843
20.625	27.25	0.00545732372117222	0.800388161920531	2.3882062172284e-08	62.0997797618913	0.204365858976938
20.775	27.25	0.00737118404523262	0.800520538059517	2.38454645239657e-08	62.07516398635	0.205896947236186
20.925	27.25	0.00995447753298472	0.800696281670461	2.37398411577399e-08	62.0503323413955	0.207963582026388
21.075	27.25	0.0134420121262117	0.800925754134621	2.35470308211857e-08	62.0252092862946	0.210753609700969
21.225	27.25	0.0181476177496895	0.801217635285357	2.32452551089072e-08	61.9996929432596	0.214518094199752
21.375	27.25	0.0244834937161041	0.801575701590247	2.28100446928575e-08	61.9736465822464	0.219586794972883
21.525	27.25	0.032978263183752	0.801994865111109	2.22164669648683e-08	61.9468883114874	0.226382610547002
21.675	27.25	0.0442900724799018	0.802457167607842	2.14436383978971e-08	61.9191792748836	0.235432057983921
21.825	27.25	0.0592098322161263	0.802928779819723	2.0480210872933e-08	61.8902110687633	0.247367865772901
21.975	27.25	0.0786480169850424	0.803359393313638	1.93308897135042e-08	61.8595936412941	0.262918413588034
22.125	27.25	0.103596191048303	0.803685576626784	1.80204470421406e-08	61.826845675594	0.282876952838642
22.275	27.25	0.135052303428451	0.803839321964803	1.65940834271335e-08	61.7913904032072	0.308041842742761
22.425	27.25	0.173898994333987	0.803761738253031	1.51128264760797e-08	61.7525608317918	0.33911919546719
22.575	27.25	0.220730585798406	0.80341969001179	1.36436281568328e-08	61.7096190930001	0.376584468638725
22.725	27.25	0.275641527758516	0.802820787008301	1.22488358111614e-08	61.6617942186747	0.420513222206813
22.875	27.25	0.338017857365871	0.802020575257636	1.09773980949023e-08	61.6083400662002	0.470414285892697
23.025	27.25	0.406404724482046	0.801116448206744	9.86026194218519e-09	61.5486096378204	0.525123779585637
23.175	27.25	0.478534573365216	0.800226926374548	8.91001374782893e-09	61.482134477049	0.582827658692173
23.325	27.25	0.551566087789866	0.799461968965606	8.12438163101836e-09	61.408691322044	0.641252870231893
23.475	27.25	0.622501308896388	0.798895927732963	7.49062800695369e-09	61.3283372923769	0.698001047117111
23.625	27.25	0.688659258727427	0.798554407980583	6.99017620810114e-09	61.2414022638155	0.750927406981941
23.775	27.25	0.74805181091716	0.798418741664502	6.60244346374466e-09	61.1484403751013	0.798441448733728
23.925	27.25	0.799557781739269	0.798442566823179	6.30722676936409e-09	61.0501550787782	0.839646225391416
24.075	27.25	0.842886470859615	0.798570847655824	6.08626689848347e-09	60.9473175888738	0.874309176687692
24.225	27.25	0.878398156396918	0.798753959342479	5.92382151729716e-09	60.840695732676	0.902718525117534
24.375	27.25	0.906872100701808	0.798954490192675	5.80686122042495e-09	60.731002590041	0.925497680561447
24.525	27.25	0.929292198352347	0.799148193666587	5.7247974172495e-09	60.6188665744118	0.943433758681877
24.675	27.25	0.946685094218277	0.799321770077084	5.66923286501365e-09	60.5048195748125	0.957348075374622
24.825	27.25	0.960016774739554	0.79946968958126	5.63358657502198e-09	60.3892978269553	0.968013419791644
24.975	27.25	0.970138073146942	0.799591290330188	5.61267344334902e-09	60.2726503583432	0.976110458517554
25.125	27.25	0.977764769281987	0.799688594493726	5.60260026618404e-09	60.155151000646	0.98221181542559
25.275	27.25	0.983479107318946	0.799764849450206	5.60037016846497e-09	60.0370112824913	0.986783285855157
25.425	27.25	0.987742791142444	0.799823638233246	5.60368071740941e-09	59.9183926248304	0.990194232913955
25.575	27.25	0.990914817890797	0.799868384221751	5.61081883244545e-09	59.7994170563133	0.992731854312638
25.725	27.25	0.993270126807183	0.799902109188975	5.6205348255884e-09	59.6801761775481	0.994616101445746
25.875	27.25	0.99501687481614	0.799927345642993	5.63186687367486e-09	59.5607384010993	0.996013499852912
26.025	27.25	0.996311339969574	0.799946137964669	5.64413179044682e-09	59.4411546469995	0.997049071975659
26.175	27.25	0.997270176129241	0.799960090157834	5.65684513798874e-09	59.3214627347529	0.997816140903393
26.325	27.25	0.997980145946485	0.799970433532473	5.66959868247296e-09	59.2016907199881	0.998384116757188
26.475	27.25	0.998505654708192	0.799978098045198	5.68214858368197e-09	59.0818594023386	0.998804523766554
26.625	27.25	0.99889447335868	0.799983778147985	5.69431379642709e-09	58.9619841970156	0.999115578686944
26.775	27.25	0.999182029808878	0.799987988852764	5.70593612688456e-09	58.8420765257053	0.999345623847103
26.925	27.25	0.999394600870483	0.799991110866587	5.71693276613255e-09	58.7221448482785	0.999515680696386
27.075	27.25	0.999551676931378	0.79999342548802	5.7272577746876e-09	58.6021954277866	0.999641341545103
27.225	27.25	0.999667711987745	0.799995140828736	5.73686848022211e-09	58.4822328979539	0.999734169590196
27.375	27.25	0.999753419908882	0.79999641116085	5.74572443003842e-09	58.3622606844488	0.999802735927106
27.525	27.25	0.99981673620743	0.799997351061629	5.75382121900705e-09	58.2422813177708	0.999853388965944
27.675	27.25	0.999863532816633	0.799998045737572	5.76116781663333e-09	58.122296665662	0.999890826253306
27.825	27.25	0.999898149900307	0.799998558584556	5.76776691256184e-09	58.0023081056847	0.999918519920245
27.975	27.25	0.999923791678268	0.799998936759896	5.7736001315697e-09	57.8823166532706	0.999939033342614
28.125	27.25	0.999942820940974	0.799999215314237	5.77873788079225e-09	57.762323056635	0.999954256752779
28.275	27.25	0.999956977996988	0.799999420271357	5.78314131613681e-09	57.6423278670448	0.99996558239759
28.425	27.25	0.999967543255886	0.799999570929391	5.78686261858471e-09	57.5223314907722	0.999974034604709
28.575	27.25	0.999975457806053	0.799999681581751	5.78991770673479e-09	57.4023342274576	0.999980366244843
28.725	27.25	0.999981412728961	0.799999762802561	5.79230006785626e-09	57.2823362983971	0.999985130183169
28.875	27.25	0.999985915176917	0.799999822405366	5.79406939590773e-09	57.1623378673718	0.999988732141533
29.025	27.25	0.999989337201673	0.799999866156521	5.79519906738639e-09	57.0423390559609	0.999991469761339
29.175	27.25	0.999991951790859	0.799999898305462	5.79574387129141e-09	56.9223399547818	0.999993561432687
29.325	27.25	0.99999395942496	0.799999921978216	5.79572066439774e-09	56.8023406317252	0.999995167539968
29.475	27.25	0.999995507614438	0.799999939469721	5.79513711148311e-09	56.6823411379786	0.99999640609155
29.625	27.25	0.999996705242183	0.799999952460398	5.79401763210323e-09	56.5623415124223	0.999997364193746
29.775	27.25	0.999997633065879	0.799999962176994	5.79239372883236e-09	56.4423417848339	0.999998106452703
29.925	27.25	0.999998351385301	0.799999969512186	5.79026573253387e-09	56.3223419782205	0.999998681108241
30.075	27.25	0.999998905620671	0.799999975112733	5.78767331447679e-09	56.2023421105143	0.999999124496537
30.225	27.25	0.999999330355717	0.799999979445721	5.78462826208452e-09	56.0823421958075	0.999999464284574
30.375	27.25	0.999999652255995	0.799999982846662	5.78113571392292e-09	55.9623422452523	0.999999721804796
30.525	27.25	0.999999892166618	0.799999985555975	5.77724530602359e-09	55.8423422677203	0.999999913733294
30.675	27.25	1.00000006661445	0.799999987745278	5.77293806428233e-09	55.7223422702895	1.00000005329156
30.825	27.25	1.00000018888045	0.799999989536842	5.76825124879684e-09	55.6023422586068	1.00000015110436
30.975	27.25	1.0000002697643	0.79999999101807	5.76318150558318e-09	55.4823422371634	1.00000021581144
31.125	27.25	1.00000031813024	0.799999992251626	5.75778449272603e-09	55.3623422095066	1.00000025450419
31.275	27.25	1.00000034129914	0.799999993283152	5.75205797346626e-09	55.2423421784069	1.00000027303931
31.425	27.25	1.00000034533335	0.799999994146451	5.74598162841753e-09	55.1223421459923	1.00000027626668
31.575	27.25	1.00000033524795	0.799999994867266	5.73965461469366e-09	55.002342113859	1.00000026819836
31.725	27.25	1.00000031517155	0.799999995465868	5.73301427798702e-09	54.8823420831645	1.00000025213724
31.875	27.25	1.00000028847336	0.799999995959035	5.72610866291517e-09	54.7623420547063	1.00000023077869
32.025	27.25	1.00000025786736	0.799999996360849	5.71895002446449e-09	54.6423420289899	1.00000020629389
32.175	27.25	1.00000022550096	0.799999996683815	5.71155850393723e-09	54.5223420062875	1.00000018040077
32.325	27.25	1.00000019303283	0.799999996939162	5.7039295555029e-09	54.4023419866886	1.00000015442626
32.475	27.25	1.00000016170285	0.799999997137067	5.69609492508064e-09	54.2823419701434	1.00000012936228
32.625	27.25	1.00000013239566	0.799999997286759	5.68809291335032e-09	54.1623419565005	1.00000010591653
32.775	27.25	1.00000010569879	0.799999997396765	5.67985871106122e-09	54.0423419455375	1.00000008455903
32.925	27.25	1.00000008195549	0.79999999747477	5.67148411634475e-09	53.9223419369873	1.00000006556439
33.075	27.25	1.00000006131281	0.799999997527612	5.66294573464317e-09	53.8023419305596	1.00000004905025
33.225	27.25	1.00000004376437	0.799999997561436	5.65426529977398e-09	53.682341925957	1.0000000350115
33.375	27.25	1.00000002918826	0.79999999758137	5.6454319406854e-09	53.5623419228884	1.00000002335061
33.525	27.25	1.00000001737991	0.799999997592036	5.63650541815644e-09	53.4423419210784	1.00000001390393
33.675	27.25	1.00000000808004	0.799999997597018	5.62745560241835e-09	53.3223419202738	1.00000000646403
33.825	27.25	1.00000000099793	0.799999997599505	5.61831700876481e-09	53.2023419202479	1.00000000079835
33.975	27.25	0.999999995830317	0.79999999760178	5.60909669623625e-09	53.0823419208024	0.999999996664254
34.125	27.25	0.999999992276169	0.799999997605625	5.59979225968163e-09	52.962341921768	0.999999993820935
34.275	27.25	0.999999990047907	0.799999997612366	5.59042299078975e-09	52.8423419230037	0.999999992038326
34.425	27.25	0.999999988879283	0.799999997622828	5.58100924332935e-09	52.7223419243951	0.999999991103426
34.575	27.25	0.999999988530652	0.799999997637451	5.57153846243784e-09	52.602341925852	0.999999990824522
34.725	27.25	0.999999988791756	0.799999997656438	5.56203987418016e-09	52.482341927306	0.999999991033405
34.875	27.25	0.999999989482807	0.799999997679708	5.55252215819573e-09	52.3623419287071	0.999999991586246
35.025	27.25	0.999999990454013	0.799999997706987	5.54298870991194e-09	52.2423419300213	0.99999999236321
35.175	27.25	0.999999991583963	0.799999997738012	5.53344186484775e-09	52.1223419312278	0.99999999326717
35.325	27.25	0.999999992777339	0.799999997772252	5.52390217374324e-09	52.0023419323158	0.999999994221871
35.475	27.25	0.999999993962097	0.799999997809236	5.5143670926426e-09	51.8823419332829	0.999999995169678
35.625	27.25	0.999999995086377	0.799999997848494	5.50486707227465e-09	51.7623419341323	0.999999996069101
35.775	27.25	0.999999996115374	0.799999997889482	5.49539204853248e-09	51.6423419348718	0.999999996892299
35.925	27.25	0.999999997028291	0.799999997931802	5.485956483754e-09	51.5223419355113	0.999999997622633
36.075	27.25	0.999999997815466	0.799999997975085	5.47655143832729e-09	51.4023419360628	0.999999998252373
36.225	27.25	0.999999998475757	0.799999998018912	5.46723255558581e-09	51.2823419365382	0.999999998780606
36.375	27.25	0.999999999014297	0.79999999806301	5.45794455864942e-09	51.1623419369498	0.999999999211437
36.525	27.25	0.999999999440471	0.799999998107051	5.44873812334167e-09	51.0423419373086	0.999999999552377
36.675	27.25	0.999999999766337	0.79999999815092	5.43960000983094e-09	50.9223419376251	0.99999999981307
36.825	27.25	1.00000000000536	0.799999998194488	5.43054282977176e-09	50.8023419379082	1.00000000000429
36.975	27.25	1.00000000017136	0.799999998237564	5.4215798267833e-09	50.6823419381657	1.00000000013709
37.125	27.25	1.00000000027792	0.799999998280147	5.41270533211941e-09	50.562341938404	1.00000000022234
37.275	27.25	1.0000000003377	0.799999998322098	5.403949604965e-09	50.4423419386283	1.00000000027016
37.425	27.25	1.00000000036183	0.799999998363216	5.3952923065734e-09	50.3223419388426	1.00000000028947
37.575	27.25	1.00000000035914	0.799999998403635	5.38676072433909e-09	50.2023419390499	1.00000000028731
37.725	27.25	1.00000000033566	0.799999998443326	5.37832463445792e-09	50.0823419392525	1.00000000026853
37.875	27.25	1.00000000029551	0.799999998482949	5.3700364595964e-09	49.9623419394524	1.00000000023641
38.025	27.25	1.00000000024451	0.799999998523523	5.36186488644207e-09	49.8423419396509	1.00000000019561
38.175	27.25	1.00000000019656	0.799999998565749	5.35384891595636e-09	49.7223419398484	1.00000000015725
38.325	27.25	1.00000000017805	0.799999998608118	5.34595679864635e-09	49.6023419400434	1.00000000014244
38.475	27.25	1.00000000021821	0.799999998644441	5.33821740203801e-09	49.4823419402318	1.00000000017456
38.625	27.25	1.00000000031039	0.799999998664081	5.33064019179133e-09	49.3623419404082	1.00000000024831
38.775	27.25	1.00000000034601	0.799999998660634	5.32320922248913e-09	49.242341940573	1.00000000027681
38.925	27.25	1.00000000007387	0.799999998651984	5.315939822069e-09	49.1223419407436	1.00000000005909
39.075	27.25	0.999999999212024	0.799999998704324	5.30885029420932e-09	49.0023419409632	0.999999999369619
39.225	27.25	0.999999997861586	0.79999999892655	5.30192488390514e-09	48.8823419412836	0.999999998289269
39.375	27.25	0.999999997187159	0.799999999379956	5.29515597850516e-09	48.7623419416958	0.999999997749727
39.525	27.25	0.999999999800271	0.799999999871173	5.28859123172869e-09	48.6423419420097	0.999999999840217
39.675	27.25	1.00000000854991	0.799999999721433	5.2821936104612e-09	48.5223419417728	1.00000000683993
39.825	27.25	1.00000002228111	0.799999997848209	5.27599595991429e-09	48.4023419404517	1.00000001782489
39.975	27.25	1.00000002906865	0.799999993687933	5.26997819706588e-09	48.2823419381404	1.00000002325492
40.125	27.25	1.00000000269436	0.799999989225177	5.26414624585011e-09	48.1623419367641	1.00000000215548
40.275	27.25	0.99999991505161	0.799999991136876	5.25852492056671e-09	48.0423419408555	0.999999932041288
40.425	27.25	0.999999777875207	0.80000000980837	5.25311588995644e-09	47.9223419557332	0.999999822300165
40.575	27.25	0.999999707649952	0.800000050344742	5.24788910417137e-09	47.802341980561	0.999999766119962
40.725	27.25	0.999999957517781	0.800000093557557	5.24286713649376e-09	47.6823419967609	0.999999966014225
40.875	27.25	1.00000079734943	0.800000076761469	5.23806590735394e-09	47.5623419606503	1.00000063787954
41.025	27.25	1.00000212196184	0.79999990424233	5.23347525284723e-09	47.4423418206414	1.00000169756947
41.175	27.25	1.00000285290253	0.799999530109811	5.229088368493e-09	47.322341581961	1.00000228232202
41.325	27.25	1.00000065163095	0.799999127855564	5.22494206357759e-09	47.2023414138515	1.00000052130476
41.475	27.25	0.999993003857977	0.799999255410262	5.22103480528909e-09	47.0823417184913	0.999994403086381
41.625	27.25	0.999980706637749	0.800000756015147	5.21736979640966e-09	46.9623429804865	0.999984565310199
41.775	27.25	0.999973138464024	0.800004040640208	5.21393222694349e-09	46.8423451960158	0.999978510771219
41.925	27.25	0.999990827520784	0.800007657555972	5.21057935561122e-09	46.7223469257353	0.999992662016628
42.075	27.25	1.00005637953645	0.800006936176661	5.20728270418122e-09	46.6023446598819	1.00004510362916
42.225	27.25	1.00016528886148	0.799994824051745	5.20401993281834e-09	46.4823340199175	1.00013223108918
42.375	27.25	1.00024184955292	0.799967674123738	5.20114061104528e-09	46.3623144774103	1.00019347964233
42.525	27.25	1.00011633628455	0.799936550401397	5.19932268582836e-09	46.2422972844425	1.00009306902764
42.675	27.25	0.999594226904427	0.799937860599627	5.19938252532363e-09	46.1223111774948	0.999675381523541
42.825	27.25	0.998683926301948	0.800027372392534	5.20131358013227e-09	46.0023938286455	0.998947141041559
42.975	27.25	0.997944673222289	0.800237006775103	5.20281180806276e-09	45.8825556605729	0.998355738577831
43.125	27.25	0.998684258975767	0.8004900054133	5.19839708778374e-09	45.7627174662646	0.998947407180613
43.275	27.25	1.00248296175437	0.80052297508892	5.18152707243308e-09	45.6426614359584	1.0019863694035
43.425	27.25	1.00955927623188	0.799934825519219	5.15150178381701e-09	45.5220835334346	1.00764742098551
43.575	27.25	1.01623380736603	0.7984798815562	5.12358547040046e-09	45.4008457567911	1.01298704589282
43.725	27.25	1.01328677098808	0.796573391781819	5.134966032838e-09	45.2794286005079	1.01062941679046
43.875	27.25	0.98868089776037	0.795833250579472	5.23670716820364e-09	45.159333606081	0.990944718208296
44.025	27.25	0.93836789667941	0.799351007263347	5.45873334878008e-09	45.042840573637	0.950694317343528
44.175	27.25	0.884673133526408	0.810192428669203	5.71798499783957e-09	44.9313520680306	0.907738506821126
44.325	27.25	0.889127901618836	0.824441952861419	5.69678427878618e-09	44.8222077140056	0.911302321295069
44.475	27.25	1.03257195124723	0.826489829105384	5.06024178965195e-09	44.7059573084059	1.02605756099779
44.625	27.25	1.34924434160936	0.808622133056663	4.05798661872179e-09	44.5677998725332	1.27939547328749
44.775	27.25	1.76408811771008	0.709537047580303	3.2215381965143e-09	44.3955930594161	1.61127049416806
44.925	27.25	2.11154506579561	0.83463681425431	2.74711365076553e-09	44.2248230397477	1.88923605263649
0.075	27.75	3.47473591074063e-16	0.399999999598135	-3.86818034348702e-08	65.389533357667	0.2
0.225	27.75	1.09796499669383e-15	0.799999998794793	-3.86629832917613e-08	65.3655333576911	0.200000000000001
0.375	27.75	2.548189290728e-15	0.7999999979919	-3.86258056193055e-08	65.3415333577393	0.200000000000002
0.525	27.75	4.61626584871538e-15	0.799999997190397	-3.85698007009493e-08	65.3175333578116	0.200000000000004
0.675	27.75	7.14881699843821e-15	0.79999999639081	-3.84952510636806e-08	65.2935333579079	0.200000000000006
0.825	27.75	9.93588433777277e-15	0.799999995593585	-3.84021513984278e-08	65.2695333580281	0.200000000000008
0.975	27.75	1.27379704370124e-14	0.799999994798877	-3.82907365672682e-08	65.2455333581723	0.20000000000001
1.125	27.75	1.52997075111191e-14	0.799999994007472	-3.81609742783218e-08	65.2215333583402	0.200000000000012
1.275	27.75	1.73403388796884e-14	0.799999993220132	-3.8012898851815e-08	65.1975333585318	0.200000000000014
1.425	27.75	1.8524124823656e-14	0.799999992436855	-3.78468260919861e-08	65.173533358747	0.200000000000015
1.575	27.75	1.84215048192326e-14	0.799999991658337	-3.7662858412062e-08	65.1495333589856	0.200000000000015
1.725	27.75	1.64738684263715e-14	0.799999990885301	-3.74608850175814e-08	65.1255333592475	0.200000000000013
1.875	27.75	1.19727214969309e-14	0.799999990117899	-3.72415041788546e-08	65.1015333595325	0.20000000000001
2.025	27.75	4.06047152028147e-15	0.799999989356473	-3.70047093371905e-08	65.0775333598404	0.200000000000003
2.175	27.75	-8.24292023737254e-15	0.799999988601895	-3.67506556834083e-08	65.0535333601711	0.199999999999993
2.325	27.75	-2.59845101171563e-14	0.799999987854514	-3.64795583038775e-08	65.0295333605243	0.199999999999979
2.475	27.75	-5.019109371769e-14	0.799999987114529	-3.61916929550215e-08	65.0055333608998	0.19999999999996
2.625	27.75	-8.17460236849962e-14	0.799999986382508	-3.58873912390511e-08	64.9815333612974	0.199999999999935
2.775	27.75	-1.21225245593284e-13	0.79999998565888	-3.55667304710462e-08	64.9575333617169	0.199999999999903
2.925	27.75	-1.68687696483012e-13	0.799999984944069	-3.52301972998924e-08	64.9335333621579	0.199999999999865
3.075	27.75	-2.23416653535472e-13	0.799999984238878	-3.48778362205721e-08	64.9095333626203	0.199999999999821
3.225	27.75	-2.83611676653919e-13	0.799999983542818	-3.45101372413696e-08	64.8855333631036	0.199999999999773
3.375	27.75	-3.46035695339806e-13	0.799999982856868	-3.41272455476154e-08	64.8615333636077	0.199999999999723
3.525	27.75	-4.05628549857204e-13	0.799999982181503	-3.37295329856204e-08	64.8375333641323	0.199999999999676
3.675	27.75	-4.55107091466762e-13	0.799999981516741	-3.33173856287372e-08	64.8135333646769	0.199999999999636
3.825	27.75	-4.84582708007661e-13	0.799999980863381	-3.28911659417528e-08	64.7895333652414	0.199999999999612
3.975	27.75	-4.81239934374741e-13	0.799999980221099	-3.24511151789986e-08	64.7655333658252	0.199999999999615
4.125	27.75	-4.29134292121762e-13	0.79999997959049	-3.19976576534071e-08	64.7415333664282	0.199999999999657
4.275	27.75	-3.09183348995281e-13	0.799999978972225	-3.15311722583018e-08	64.7175333670499	0.199999999999753
4.425	27.75	-9.94412792600422e-14	0.799999978366509	-3.10518416516742e-08	64.6935333676899	0.19999999999992
4.575	27.75	2.24237087260458e-13	0.799999977773089	-3.05602732318882e-08	64.6695333683479	0.200000000000179
4.725	27.75	6.87023392951468e-13	0.799999977192951	-3.00566977325686e-08	64.6455333690235	0.20000000000055
4.875	27.75	1.31330570172512e-12	0.799999976625689	-2.95416994347931e-08	64.6215333697162	0.200000000001051
5.025	27.75	2.12411104037371e-12	0.799999976071708	-2.90154542494964e-08	64.5975333704257	0.200000000001699
5.175	27.75	3.1336385731628e-12	0.799999975531872	-2.84784837228879e-08	64.5735333711515	0.200000000002507
5.325	27.75	4.34480369970992e-12	0.799999975005932	-2.7931056317396e-08	64.5495333718932	0.200000000003476
5.475	27.75	5.74373341843084e-12	0.799999974493773	-2.73738497012658e-08	64.5255333726503	0.200000000004595
5.625	27.75	7.29321556930766e-12	0.799999973996073	-2.68070956496369e-08	64.5015333734224	0.200000000005835
5.775	27.75	8.92519300125902e-12	0.799999973512535	-2.62311711439718e-08	64.4775333742091	0.20000000000714
5.925	27.75	1.05325122600718e-11	0.799999973043625	-2.5646684897865e-08	64.45353337501	0.200000000008426
6.075	27.75	1.19602877024192e-11	0.799999972589723	-2.50537520713294e-08	64.4295333758245	0.200000000009568
6.225	27.75	1.29974276923838e-11	0.799999972150725	-2.44530508348481e-08	64.4055333766523	0.200000000010398
6.375	27.75	1.33690888295042e-11	0.799999971726604	-2.38449575790067e-08	64.381533377493	0.200000000010695
6.525	27.75	1.27310737615293e-11	0.799999971317304	-2.32298119926253e-08	64.3575333783461	0.200000000010185
6.675	27.75	1.06674606293674e-11	0.799999970923576	-2.26080916865747e-08	64.3335333792115	0.200000000008534
6.825	27.75	6.69303620365803e-12	0.799999970545001	-2.19802759773971e-08	64.3095333800887	0.200000000005354
6.975	27.75	2.62383034284685e-13	0.79999997018152	-2.13466240622455e-08	64.2855333809775	0.20000000000021
7.125	27.75	-9.21227928153894e-12	0.799999969833707	-2.07076831258811e-08	64.2615333818777	0.19999999999263
7.275	27.75	-2.23322072310881e-11	0.799999969501522	-2.00638477212235e-08	64.2375333827892	0.199999999982134
7.425	27.75	-3.96698126453484e-11	0.79999996918493	-1.94155288197311e-08	64.2135333837119	0.199999999968264
7.575	27.75	-6.17105611487568e-11	0.799999968883552	-1.87631768917447e-08	64.1895333846458	0.199999999950632
7.725	27.75	-8.87769713209033e-11	0.799999968598604	-1.81071697260632e-08	64.1655333855907	0.199999999928978
7.875	27.75	-1.20933066087332e-10	0.799999968329145	-1.74478715287651e-08	64.1415333865469	0.199999999903254
8.025	27.75	-1.57868395891973e-10	0.799999968075179	-1.67858128137716e-08	64.1175333875142	0.199999999873705
8.175	27.75	-1.98761876123958e-10	0.799999967838148	-1.61210815206931e-08	64.0935333884927	0.199999999840991
8.325	27.75	-2.42127211142377e-10	0.799999967616509	-1.5454485694866e-08	64.0695333894821	0.199999999806298
8.475	27.75	-2.85643657472302e-10	0.7999999674116	-1.47861097727248e-08	64.0455333904822	0.199999999771485
8.625	27.75	-3.25978337095839e-10	0.799999967222392	-1.41164524513436e-08	64.0215333914923	0.199999999739217
8.775	27.75	-3.58609254253078e-10	0.799999967049979	-1.34459514726421e-08	63.9975333925114	0.199999999713113
8.925	27.75	-3.77661571694271e-10	0.799999966893921	-1.27749542642552e-08	63.9735333935381	0.199999999697871
9.075	27.75	-3.75773502840395e-10	0.79999996675397	-1.21036681288827e-08	63.9495333945703	0.199999999699381
9.225	27.75	-3.44012266328182e-10	0.799999966630365	-1.1432558149227e-08	63.925533395605	0.19999999972479
9.375	27.75	-2.71864765776829e-10	0.799999966522884	-1.07619745711488e-08	63.9015333966385	0.199999999782508
9.525	27.75	-1.47331776123731e-10	0.799999966431273	-1.00922902738884e-08	63.8775333976659	0.199999999882135
9.675	27.75	4.2841853116536e-11	0.799999966354638	-9.42382690247308e-09	63.8535333986809	0.200000000034273
9.825	27.75	3.12765487902906e-10	0.79999996629299	-8.7569004277586e-09	63.8295333996763	0.200000000250212
9.975	27.75	6.76792203534318e-10	0.799999966245085	-8.09193382241081e-09	63.8055334006433	0.200000000541434
10.125	27.75	1.14866206458637e-09	0.799999966209927	-7.42905294189718e-09	63.7815334015717	0.20000000091893
10.275	27.75	1.74036386308977e-09	0.799999966186406	-6.7686176754926e-09	63.7575334024502	0.200000001392291
10.425	27.75	2.46068487535334e-09	0.799999966172731	-6.11107100199448e-09	63.7335334032664	0.200000001968548
10.575	27.75	3.31342647970849e-09	0.799999966166889	-5.45658372701568e-09	63.7095334040074	0.200000002650741
10.725	27.75	4.29527572619622e-09	0.799999966167138	-4.8054279094404e-09	63.6855334046602	0.200000003436221
10.875	27.75	5.39333968465092e-09	0.799999966170892	-4.15795235099685e-09	63.6615334052126	0.200000004314672
11.025	27.75	6.58237103312808e-09	0.799999966175238	-3.51438361878494e-09	63.6375334056544	0.200000005265897
11.175	27.75	7.82174014821235e-09	0.799999966178041	-2.87505754253295e-09	63.6135334059783	0.200000006257392
11.325	27.75	9.05224097291205e-09	0.799999966175866	-2.24011199361831e-09	63.5895334061819	0.200000007241793
11.475	27.75	1.01928549552822e-08	0.799999966166523	-1.60979734742559e-09	63.5655334062697	0.200000008154284
11.625	27.75	1.11376388336152e-08	0.799999966147359	-9.84417818830476e-10	63.5415334062549	0.200000008910111
11.775	27.75	1.17529470862933e-08	0.79999996611643	-3.6409699806217e-10	63.5175334061624	0.200000009402358
11.925	27.75	1.18752471448258e-08	0.799999966072571	2.50725811109318e-10	63.4935334060314	0.200000009500198
12.075	27.75	1.13098332360195e-08	0.799999966015397	8.60064933582127e-10	63.469533405918	0.200000009047867
12.225	27.75	9.83079078692885e-09	0.799999965946161	1.46357927353107e-09	63.445533405899	0.200000007864633
12.375	27.75	7.18260511165769e-09	0.799999965867674	2.06111128553318e-09	63.4215334060738	0.200000005746084
12.525	27.75	3.08384269237716e-09	0.799999965784242	2.65262364238421e-09	63.3975334065678	0.200000002467074
12.675	27.75	-2.76664234091342e-09	0.799999965703314	3.23775783396629e-09	63.3735334075346	0.199999997786686
12.825	27.75	-1.06805130638662e-08	0.799999965634684	3.81624734688324e-09	63.3495334091568	0.19999999145559
12.975	27.75	-2.09673079295073e-08	0.799999965591687	4.38825747635456e-09	63.3255334116472	0.199999983226154
13.125	27.75	-3.3917918322945e-08	0.799999965590202	4.95330580281205e-09	63.3015334152471	0.199999972865665
13.275	27.75	-4.97837955637462e-08	0.799999965650632	5.51153001940103e-09	63.277533420224	0.199999960172964
13.425	27.75	-6.87515610646626e-08	0.799999965797	6.06259809686161e-09	63.2535334268665	0.199999944998751
13.575	27.75	-9.09127741075678e-08	0.799999966056768	6.60639419927709e-09	63.2295334354765	0.199999927269781
13.725	27.75	-1.16228703909119e-07	0.799999966462673	7.14286598619793e-09	63.2055334463584	0.199999907017037
13.875	27.75	-1.44490046503571e-07	0.79999996705005	7.67180128796772e-09	63.1815334598046	0.199999884407963
14.025	27.75	-1.75271607184734e-07	0.79999996785947	8.19308930204142e-09	63.1575334760774	0.199999859782714
14.175	27.75	-2.07882013447331e-07	0.799999968934592	8.70671858227399e-09	63.1335334953852	0.199999833694389
14.325	27.75	-2.41308500054317e-07	0.799999970323233	9.21246946456101e-09	63.1095335178547	0.1999998069532
14.475	27.75	-2.74156673822997e-07	0.799999972078037	9.71043039010473e-09	63.0855335434971	0.199999780674661
14.625	27.75	-3.04584862730886e-07	0.79999997425632	1.02004418169582e-08	63.0615335721681	0.19999975633211
14.775	27.75	-3.30232104366239e-07	0.799999976921482	1.068231213212e-08	63.037533603522	0.199999735814317
14.925	27.75	-3.48137929863885e-07	0.799999980147765	1.11559528936345e-08	63.0135336369574	0.199999721489656
15.075	27.75	-3.54650715829603e-07	0.799999984020408	1.16215835181465e-08	62.9895336715556	0.199999716279427
15.225	27.75	-3.45319330134753e-07	0.799999988646707	1.20787405876557e-08	62.9655337060091	0.199999723744536
15.375	27.75	-3.1475985337138e-07	0.799999994162369	1.25276648710211e-08	62.9415337385381	0.199999748192117
15.525	27.75	-2.56485007537204e-07	0.800000000748266	1.2968189019045e-08	62.9175337667932	0.199999794811994
15.675	27.75	-1.62678159935577e-07	0.800000008650095	1.34003774282683e-08	62.8935337877383	0.199999869857472
15.825	27.75	-2.38858539437016e-08	0.800000018208084	1.38238709675475e-08	62.8695337975084	0.199999980891317
15.975	27.75	1.71407969383843e-07	0.800000029898732	1.42389950878487e-08	62.8455337912319	0.200000137126376
16.125	27.75	4.37377517065973e-07	0.800000044390951	1.46456074340617e-08	62.8215337628042	0.200000349902014
16.275	27.75	7.9169166779699e-07	0.800000062624655	1.50435820830578e-08	62.797533704592	0.200000633353334
16.425	27.75	1.25668930735659e-06	0.800000085917985	1.54329639542287e-08	62.7735336070419	0.200001005351446
16.575	27.75	1.86102712897467e-06	0.800000116112106	1.58137373551559e-08	62.7495334581525	0.200001488821703
16.725	27.75	2.64198164523368e-06	0.80000015576884	1.61858587205884e-08	62.7255332427579	0.200002113585316
16.875	27.75	3.64865159170072e-06	0.800000208435685	1.65492745154254e-08	62.7015329415458	0.200002918921273
17.025	27.75	4.94639310332865e-06	0.800000279004604	1.69040992874797e-08	62.6775325297105	0.200003957114483
17.175	27.75	6.62293544153327e-06	0.800000374193978	1.72502170092175e-08	62.6535319750978	0.200005298348353
17.325	27.75	8.79678009917863e-06	0.800000503197931	1.7587555060121e-08	62.6295312356546	0.200007037424079
17.475	27.75	1.16286956721233e-05	0.800000678564017	1.79162797608713e-08	62.605530255923	0.200009302956538
17.625	27.75	1.533740557372e-05	0.800000917378516	1.82362109121106e-08	62.5815289622293	0.200012269924459
17.775	27.75	2.02209524534845e-05	0.800001242870415	1.85474444910764e-08	62.5575272560951	0.200016176761963
17.925	27.75	2.66857446747902e-05	0.800001686565722	1.88499532222348e-08	62.5335250052282	0.20002134859574
18.075	27.75	3.52859835047547e-05	0.800002291168577	1.91436038071614e-08	62.5095220312274	0.200028228786804
18.225	27.75	4.67770787398689e-05	0.800003114388897	1.94283453061446e-08	62.4855180928298	0.200037421662992
18.375	27.75	6.21878495966536e-05	0.800004234028393	1.97042009005176e-08	62.4615128631299	0.200049750279677
18.525	27.75	8.29178931428431e-05	0.800005754809071	1.99710078540658e-08	62.4375058986578	0.200066334314514
18.675	27.75	0.000110868699897787	0.800007817703104	2.02286755232714e-08	62.4134965974914	0.200088694959918
18.825	27.75	0.000148620256571163	0.80001061287118	2.04768087213264e-08	62.3894841425972	0.200118896205257
18.975	27.75	0.000199669456195446	0.80001439763168	2.07153547075949e-08	62.3654674252513	0.200159735564956
19.125	27.75	0.000268753044585712	0.800019520912478	2.0943711124172e-08	62.3414449415138	0.200215002435669
19.275	27.75	0.000362286157792395	0.800026455215845	2.1161464435141e-08	62.3174146521529	0.200289828926234
19.425	27.75	0.000488957304519837	0.800035836420515	2.13678167431745e-08	62.2933737929583	0.200391165843616
19.575	27.75	0.000660531188131809	0.800048511676113	2.15616312330257e-08	62.2693186179598	0.200528424950505
19.725	27.75	0.000892922206614354	0.800065597918113	2.17416690390082e-08	62.2452440525792	0.200714337765292
19.875	27.75	0.00120761712200016	0.800088559963516	2.19056204261216e-08	62.2211432269633	0.2009660936976
20.025	27.75	0.00163355411422609	0.800119327579952	2.2051137291338e-08	62.1970068508268	0.201306843291381
20.175	27.75	0.00220962178591627	0.800160480349939	2.21747397644007e-08	62.1728223781359	0.201767697428733
20.325	27.75	0.0029880403583138	0.800215525904845	2.22717061569789e-08	62.1485728895187	0.202390432286651
20.475	27.75	0.00403902964739054	0.800289264857004	2.23358787684747e-08	62.1242355882727	0.203231223717912
20.625	27.75	0.00545732371650644	0.800388162417985	2.23592294116321e-08	62.0997797595311	0.204365858973205
20.775	27.75	0.00737118403931036	0.800520538530033	2.23311262134845e-08	62.0751639839754	0.205896947231448
20.925	27.75	0.00995447752549888	0.80069628211423	2.22381875955934e-08	62.0503323390073	0.207963582020399
21.075	27.75	0.0134420121167972	0.800925754552113	2.2063305727182e-08	62.0252092838937	0.210753609693438
21.225	27.75	0.0181476177379235	0.801217635677087	2.17860317767195e-08	61.9996929408468	0.214518094190339
21.375	27.75	0.0244834937015085	0.801575701957086	2.13832837238761e-08	61.9736465798226	0.219586794961207
21.525	27.75	0.0329782631658029	0.801994865453445	2.08315900300731e-08	61.9468883090534	0.226382610532642
21.675	27.75	0.0442900724580451	0.802457167926716	2.01113307934383e-08	61.91917927244	0.235432057966436
21.825	27.75	0.059209832189794	0.802928780116458	1.92118343302964e-08	61.8902110663109	0.247367865751835
21.975	27.75	0.0786480169536914	0.803359393589567	1.81372997877046e-08	61.8595936388336	0.262918413562953
22.125	27.75	0.103596191011453	0.803685576883122	1.6911071629326e-08	61.8268456731259	0.282876952809162
22.275	27.75	0.135052303385754	0.803839322203174	1.5575544956349e-08	61.791390400732	0.308041842708604
22.425	27.75	0.173898994285346	0.803761738475208	1.41878520677095e-08	61.7525608293099	0.339119195428277
22.575	27.75	0.220730585744114	0.803419690219108	1.2810990425321e-08	61.7096190905117	0.376584468595291
22.725	27.75	0.275641527699377	0.80282078720239	1.15035197685266e-08	61.6617942161799	0.420513222159501
22.875	27.75	0.338017857303295	0.802020575439858	1.03116132486698e-08	61.6083400636987	0.470414285842636
23.025	27.75	0.406404724418033	0.801116448378226	9.26429704824368e-09	61.5486096353119	0.525123779534426
23.175	27.75	0.478534573302137	0.800226926536442	8.37367424654516e-09	61.4821344745328	0.58282765864171
23.325	27.75	0.551566087730153	0.799461969118695	7.63756745579642e-09	61.4086913195193	0.641252870184123
23.475	27.75	0.622501308842124	0.798895927878342	7.04417149324259e-09	61.3283372898427	0.698001047073699
23.625	27.75	0.688659258680042	0.798554408118673	6.57613456487176e-09	61.2414022612707	0.750927406944034
23.775	27.75	0.74805181087731	0.798418741796059	6.21410970218325e-09	61.148440372545	0.798441448701848
23.925	27.75	0.799557781706884	0.79844256694869	5.93915888119755e-09	61.0501550762096	0.839646225365507
24.075	27.75	0.842886470834076	0.798570847775618	5.73410760530484e-09	60.9473175862921	0.874309176667261
24.225	27.75	0.878398156377289	0.798753959456953	5.58420102606162e-09	60.8406957300809	0.902718525101831
24.375	27.75	0.90687210068705	0.798954490302089	5.47718255880423e-09	60.7310025874321	0.92549768054964
24.525	27.75	0.929292198341462	0.799148193771113	5.40306119307835e-09	60.6188665717891	0.94343375867317
24.675	27.75	0.946685094210378	0.799321770176899	5.35395431880895e-09	60.5048195721762	0.957348075368302
24.825	27.75	0.960016774733903	0.799469689676513	5.32360415343201e-09	60.3892978243054	0.968013419787123
24.975	27.75	0.97013807314294	0.799591290420955	5.30719095354828e-09	60.2726503556802	0.976110458514352
25.125	27.75	0.977764769279177	0.799688594580197	5.3010190736029e-09	60.1551509979704	0.982211815423341
25.275	27.75	0.983479107316988	0.799764849532516	5.30219797468247e-09	60.0370112798034	0.98678328585359
25.425	27.75	0.98774279114109	0.799823638311402	5.30860059265985e-09	59.9183926221308	0.990194232912872
25.575	27.75	0.99091481788987	0.799868384295967	5.31863306165875e-09	59.7994170536024	0.992731854311896
25.725	27.75	0.993270126806547	0.799902109259281	5.33106430531647e-09	59.6801761748265	0.994616101445238
25.875	27.75	0.995016874815704	0.799927345709476	5.34501277409991e-09	59.5607383983676	0.996013499852563
26.025	27.75	0.996311339969274	0.799946138027497	5.35980227996843e-09	59.4411546442582	0.997049071975419
26.175	27.75	0.997270176129051	0.799960090216982	5.37494810725136e-09	59.3214627320025	0.997816140903241
26.325	27.75	0.997980145946358	0.799970433588098	5.3901417198389e-09	59.2016907172291	0.998384116757086
26.475	27.75	0.998505654708112	0.799978098097485	5.40511025150462e-09	59.0818593995716	0.99880452376649
26.625	27.75	0.998894473358634	0.79998377819694	5.41964766867123e-09	58.9619841942409	0.999115578686907
26.775	27.75	0.999182029808858	0.7999879888984	5.4336701144731e-09	58.8420765229235	0.999345623847086
26.925	27.75	0.999394600870472	0.799991110909095	5.44706191017807e-09	58.7221448454902	0.999515680696378
27.075	27.75	0.999551676931373	0.799993425527492	5.45977248483768e-09	58.6021954249921	0.999641341545098
27.225	27.75	0.999667711987747	0.799995140865247	5.47175930553417e-09	58.4822328951537	0.999734169590198
27.375	27.75	0.999753419908893	0.799996411194403	5.48300714077901e-09	58.3622606816434	0.999802735927114
27.525	27.75	0.999816736207434	0.799997351092419	5.49349560896225e-09	58.2422813149605	0.999853388965947
27.675	27.75	0.999863532816636	0.799998045765624	5.50323738364064e-09	58.1222966628474	0.999890826253309
27.825	27.75	0.999898149900307	0.799998558609967	5.51221833651909e-09	58.002308102866	0.999918519920246
27.975	27.75	0.999923791678269	0.799998936782725	5.52047346895575e-09	57.8823166504483	0.999939033342615
28.125	27.75	0.999942820940982	0.799999215334576	5.52796927526996e-09	57.7623230538095	0.999954256752786
28.275	27.75	0.999956977996991	0.799999420289295	5.53478314587986e-09	57.6423278642165	0.999965582397593
28.425	27.75	0.999967543255888	0.799999570945	5.54090989245614e-09	57.5223314879413	0.999974034604711
28.575	27.75	0.999975457806065	0.799999681595082	5.54630882955642e-09	57.4023342246245	0.999980366244852
28.725	27.75	0.999981412728972	0.79999976281368	5.55109144778639e-09	57.2823362955622	0.999985130183178
28.875	27.75	0.999985915176928	0.799999822414446	5.55522597138072e-09	57.1623378645354	0.999988732141542
29.025	27.75	0.999989337201681	0.79999986616353	5.55874426225779e-09	57.0423390531233	0.999991469761345
29.175	27.75	0.999991951790868	0.79999989831045	5.56165510259796e-09	56.9223399519432	0.999993561432694
29.325	27.75	0.999993959424964	0.799999921981337	5.56397079364153e-09	56.8023406288861	0.999995167539972
29.475	27.75	0.999995507614445	0.799999939470978	5.56574105846691e-09	56.6823411351391	0.999996406091556
29.625	27.75	0.999996705242188	0.799999952459875	5.56695067861748e-09	56.5623415095828	0.99999736419375
29.775	27.75	0.999997633065875	0.799999962174836	5.56765538798078e-09	56.4423417819946	0.9999981064527
29.925	27.75	0.999998351385303	0.799999969508344	5.56784626751869e-09	56.3223419753817	0.999998681108243
30.075	27.75	0.999998905620677	0.799999975107342	5.56755789428607e-09	56.2023421076762	0.999999124496541
30.225	27.75	0.999999330355733	0.799999979438787	5.56679639197268e-09	56.0823421929703	0.999999464284586
30.375	27.75	0.999999652255998	0.799999982838296	5.56557416010605e-09	55.9623422424162	0.999999721804798
30.525	27.75	0.999999892166615	0.799999985546219	5.56392424521485e-09	55.8423422648856	0.999999913733292
30.675	27.75	1.00000006661444	0.79999998773416	5.56186362945047e-09	55.7223422674564	1.00000005329155
30.825	27.75	1.00000018888044	0.799999989524435	5.55939658308184e-09	55.6023422557754	1.00000015110435
30.975	27.75	1.00000026976429	0.79999999100444	5.55656089507092e-09	55.482342234334	1.00000021581143
31.125	27.75	1.00000031813024	0.799999992236873	5.55334082305358e-09	55.3623422066793	1.00000025450419
31.275	27.75	1.00000034129913	0.799999993267294	5.54978421397681e-09	55.2423421755819	1.00000027303931
31.425	27.75	1.00000034533336	0.799999994129485	5.54589153486688e-09	55.1223421431697	1.00000027626669
31.575	27.75	1.00000033524796	0.7999999948493	5.54167263310969e-09	55.0023421110391	1.00000026819837
31.725	27.75	1.00000031517156	0.79999999544698	5.53716824713925e-09	54.8823420803473	1.00000025213724
31.875	27.75	1.00000028847337	0.799999995939197	5.53235665331042e-09	54.762342051892	1.00000023077869
32.025	27.75	1.00000025786736	0.799999996340177	5.52727855763808e-09	54.6423420261787	1.00000020629389
32.175	27.75	1.00000022550096	0.799999996662302	5.52192806571033e-09	54.5223420034795	1.00000018040077
32.325	27.75	1.00000019303282	0.799999996916938	5.51636277762778e-09	54.4023419838838	1.00000015442626
32.475	27.75	1.00000016170284	0.799999997114089	5.51054086660734e-09	54.2823419673421	1.00000012936227
32.625	27.75	1.00000013239566	0.799999997263102	5.50448257169217e-09	54.1623419537026	1.00000010591653
32.775	27.75	1.00000010569878	0.799999997372521	5.49826131466582e-09	54.0423419427432	1.00000008455903
32.925	27.75	1.00000008195549	0.799999997449901	5.49183901471143e-09	53.9223419341967	1.00000006556439
33.075	27.75	1.00000006131281	0.799999997502259	5.4852130522492e-09	53.8023419277728	1.00000004905025
33.225	27.75	1.00000004376436	0.799999997535512	5.47842645137715e-09	53.682341923174	1.00000003501149
33.375	27.75	1.00000002918826	0.799999997554996	5.47149852140667e-09	53.5623419201093	1.0000000233506
33.525	27.75	1.0000000173799	0.799999997565252	5.46441857586377e-09	53.4423419183033	1.00000001390392
33.675	27.75	1.00000000808004	0.799999997569838	5.45720179760666e-09	53.3223419175028	1.00000000646403
33.825	27.75	1.00000000099793	0.799999997571998	5.44987350952389e-09	53.202341917481	1.00000000079834
33.975	27.75	0.999999995830314	0.799999997573939	5.44242303944003e-09	53.0823419180396	0.999999996664251
34.125	27.75	0.999999992276171	0.799999997577526	5.43487409634204e-09	52.9623419190094	0.999999993820937
34.275	27.75	0.999999990047908	0.799999997584021	5.42724460584931e-09	52.8423419202494	0.999999992038327
34.425	27.75	0.999999988879299	0.799999997594258	5.41952777756264e-09	52.722341921645	0.999999991103439
34.575	27.75	0.999999988530653	0.799999997608718	5.41175436708658e-09	52.6023419231063	0.999999990824522
34.725	27.75	0.999999988791754	0.799999997627544	5.40392001166138e-09	52.4823419245645	0.999999991033403
34.875	27.75	0.999999989482812	0.799999997650749	5.39603139666054e-09	52.36234192597	0.99999999158625
35.025	27.75	0.999999990454014	0.79999999767796	5.38810209337041e-09	52.2423419272886	0.999999992363211
35.175	27.75	0.999999991583964	0.799999997708928	5.38015255132447e-09	52.1223419284994	0.999999993267171
35.325	27.75	0.999999992777327	0.799999997743148	5.37217506713409e-09	52.0023419295918	0.999999994221862
35.475	27.75	0.999999993962085	0.799999997780135	5.36419717006466e-09	51.8823419305632	0.999999995169668
35.625	27.75	0.999999995086359	0.799999997819404	5.3561864635039e-09	51.7623419314171	0.999999996069087
35.775	27.75	0.999999996115361	0.799999997860508	5.34819323384779e-09	51.6423419321608	0.999999996892289
35.925	27.75	0.999999997028287	0.799999997902926	5.34021414411621e-09	51.5223419328048	0.999999997622629
36.075	27.75	0.999999997815465	0.799999997946326	5.33227854617778e-09	51.4023419333605	0.999999998252372
36.225	27.75	0.999999998475755	0.799999997990293	5.32433260091273e-09	51.2823419338403	0.999999998780604
36.375	27.75	0.999999999014295	0.799999998034516	5.31645031866229e-09	51.1623419342561	0.999999999211436
36.525	27.75	0.999999999440462	0.79999999807881	5.30859263607592e-09	51.0423419346192	0.99999999955237
36.675	27.75	0.999999999766338	0.799999998122872	5.30079523012565e-09	50.9223419349399	0.999999999813071
36.825	27.75	1.00000000000534	0.799999998166696	5.29303872683936e-09	50.8023419352272	1.00000000000427
36.975	27.75	1.00000000017136	0.799999998210038	5.28536866038583e-09	50.6823419354889	1.00000000013709
37.125	27.75	1.00000000027793	0.799999998252876	5.27776523653922e-09	50.5623419357313	1.00000000022234
37.275	27.75	1.0000000003377	0.799999998295111	5.27022458078002e-09	50.4423419359597	1.00000000027016
37.425	27.75	1.00000000036183	0.799999998336656	5.26277628820747e-09	50.3223419361779	1.00000000028946
37.575	27.75	1.00000000035913	0.799999998377361	5.25541991997145e-09	50.2023419363892	1.0000000002873
37.725	27.75	1.00000000033566	0.799999998417438	5.24815034114039e-09	50.0823419365958	1.00000000026852
37.875	27.75	1.00000000029551	0.79999999845742	5.24098557806964e-09	49.9623419367995	1.00000000023641
38.025	27.75	1.00000000024452	0.799999998498394	5.23393359522738e-09	49.8423419370018	1.00000000019561
38.175	27.75	1.00000000019656	0.79999999854107	5.226979012563e-09	49.7223419372031	1.00000000015725
38.325	27.75	1.00000000017805	0.799999998583851	5.22014895591906e-09	49.6023419374018	1.00000000014244
38.475	27.75	1.0000000002182	0.799999998620635	5.21343965302643e-09	49.4823419375937	1.00000000017456
38.625	27.75	1.00000000031039	0.799999998640754	5.20684984643676e-09	49.3623419377737	1.00000000024831
38.775	27.75	1.00000000034601	0.7999999986378	5.20040429907212e-09	49.2423419379419	1.00000000027681
38.925	27.75	1.00000000007386	0.79999999862967	5.19409394791796e-09	49.1223419381159	1.00000000005909
39.075	27.75	0.999999999212025	0.799999998682508	5.18791351818142e-09	49.0023419383388	0.99999999936962
39.225	27.75	0.999999997861581	0.799999998905237	5.18188515222612e-09	48.8823419386624	0.999999998289265
39.375	27.75	0.999999997187153	0.799999999359246	5.17601007454436e-09	48.7623419390778	0.999999997749723
39.525	27.75	0.99999999980027	0.799999999850984	5.17028535086634e-09	48.6423419393947	0.999999999840216
39.675	27.75	1.00000000854992	0.799999999701841	5.16472529381667e-09	48.5223419391609	1.00000000683993
39.825	27.75	1.00000002228112	0.799999997829192	5.15932070501835e-09	48.4023419378426	1.00000001782489
39.975	27.75	1.00000002906866	0.799999993669488	5.15409003150978e-09	48.2823419355342	1.00000002325492
40.125	27.75	1.00000000269436	0.799999989207384	5.14902316200914e-09	48.1623419341606	1.00000000215549
40.275	27.75	0.999999915051613	0.799999991119708	5.14411890089987e-09	48.0423419382546	0.99999993204129
40.425	27.75	0.999999777875209	0.800000009791791	5.13939638280768e-09	47.9223419531348	0.999999822300167
40.575	27.75	0.999999707649961	0.800000050328801	5.1348519568835e-09	47.8023419779651	0.999999766119968
40.725	27.75	0.999999957517788	0.800000093542297	5.13050893977511e-09	47.6823419941674	0.99999996601423
40.875	27.75	1.00000079734944	0.800000076746878	5.1263376463241e-09	47.562341958059	1.00000063787955
41.025	27.75	1.00000212196185	0.799999904228379	5.12233806138806e-09	47.4423418180522	1.00000169756948
41.175	27.75	1.00000285290253	0.799999530096574	5.11854128180262e-09	47.3223415793738	1.00000228232203
41.325	27.75	1.00000065163095	0.799999127843015	5.11495018350187e-09	47.2023414112663	1.00000052130476
41.475	27.75	0.999993003857984	0.799999255398386	5.11158433214663e-09	47.0823417159079	0.999994403086387
41.625	27.75	0.999980706637761	0.800000756003945	5.10842184272389e-09	46.9623429779048	0.999984565310209
41.775	27.75	0.999973138464038	0.800004040629785	5.10543719797319e-09	46.8423451934358	0.99997851077123
41.925	27.75	0.99999082752079	0.800007657546254	5.10258312540371e-09	46.7223469231568	0.999992662016632
42.075	27.75	1.00005637953645	0.800006936167657	5.09971207206086e-09	46.6023446573048	1.00004510362916
42.225	27.75	1.00016528886148	0.799994824043473	5.0968808696943e-09	46.4823340173417	1.00013223108919
42.375	27.75	1.0002418495529	0.799967674116218	5.09438477225941e-09	46.3623144748357	1.00019347964232
42.525	27.75	1.0001163362845	0.799936550394593	5.09292076071602e-09	46.242297281869	1.0000930690276
42.675	27.75	0.999594226904401	0.79993786059362	5.09329186342202e-09	46.1223111749222	0.999675381523521
42.825	27.75	0.998683926302009	0.800027372387222	5.09545736807011e-09	46.0023938260737	0.998947141041607
42.975	27.75	0.997944673222483	0.800237006770597	5.09717114736648e-09	45.8825556580019	0.998355738577986
43.125	27.75	0.99868425897602	0.800490005409534	5.09307205985324e-09	45.7627174636942	0.998947407180816
43.275	27.75	1.00248296175447	0.800522975085889	5.07677121026413e-09	45.6426614333885	1.00198636940357
43.425	27.75	1.00955927623155	0.799934825516956	5.04755623617015e-09	45.5220835308651	1.00764742098524
43.575	27.75	1.01623380736518	0.79847988155482	5.02037743637367e-09	45.4008457542219	1.01298704589214
43.725	27.75	1.01328677098717	0.796573391781311	5.03169194993449e-09	45.2794285979389	1.01062941678973
43.875	27.75	0.988680897760449	0.795833250579743	5.13156694043716e-09	45.1593336035121	0.990944718208359
44.025	27.75	0.938367896681455	0.799351007264166	5.34924441004825e-09	45.0428405710679	0.950694317345164
44.175	27.75	0.884673133529895	0.810192428670355	5.60341351056491e-09	44.931352065461	0.907738506823916
44.325	27.75	0.889127901620574	0.824441952863332	5.58274856792181e-09	44.8222077114356	0.911302321296459
44.475	27.75	1.03257195124265	0.826489829108843	4.95899040575335e-09	44.7059573058355	1.02605756099412
44.625	27.75	1.34924434159661	0.808622133061431	3.97682365878556e-09	44.567799869963	1.27939547327728
44.775	27.75	1.7640881176924	0.709537047584711	3.15712292619072e-09	44.3955930568463	1.61127049415392
44.925	27.75	2.11154506577709	0.834636814259535	2.69218914482472e-09	44.2248230371783	1.88923605262167
0.075	28.25	3.47473594187848e-16	0.399999999627852	-3.61015788255189e-08	65.3895333614012	0.2
0.225	28.25	1.09796498697233e-15	0.799999998883735	-3.60845776335e-08	65.3655333614235	0.200000000000001
0.375	28.25	2.54818930627157e-15	0.799999998140251	-3.60504206553752e-08	65.3415333614682	0.200000000000002
0.525	28.25	4.61626582356017e-15	0.799999997397937	-3.59993097623408e-08	65.3175333615351	0.200000000000004
0.675	28.25	7.14881702721921e-15	0.799999996657422	-3.59313281515123e-08	65.2935333616243	0.200000000000006
0.825	28.25	9.93588429476212e-15	0.799999995918841	-3.58463619925489e-08	65.2695333617357	0.200000000000008
0.975	28.25	1.2737970480866e-14	0.799999995182499	-3.57445072862564e-08	65.2455333618692	0.20000000000001
1.125	28.25	1.52997074490503e-14	0.79999999444968	-3.56259178171237e-08	65.2215333620247	0.200000000000012
1.275	28.25	1.73403389424496e-14	0.799999993719855	-3.54907074192319e-08	65.1975333622022	0.200000000000014
1.425	28.25	1.85241247440311e-14	0.799999992993997	-3.53389765780488e-08	65.1735333624015	0.200000000000015
1.575	28.25	1.84215049086172e-14	0.799999992272515	-3.51707002584158e-08	65.1495333626225	0.200000000000015
1.725	28.25	1.64738683361679e-14	0.799999991555534	-3.49863156147317e-08	65.1255333628652	0.200000000000013
1.875	28.25	1.19727216276084e-14	0.799999990843779	-3.4785817641934e-08	65.1015333631292	0.20000000000001
2.025	28.25	4.0604714354154e-15	0.799999990137869	-3.45692281232167e-08	65.0775333634145	0.200000000000003
2.175	28.25	-8.24292004100627e-15	0.799999989437527	-3.43369963429889e-08	65.0535333637209	0.199999999999993
2.325	28.25	-2.59845101701171e-14	0.799999988744059	-3.40891411363359e-08	65.0295333640483	0.199999999999979
2.475	28.25	-5.01910934221393e-14	0.799999988057236	-3.3825944062668e-08	65.0055333643963	0.19999999999996
2.625	28.25	-8.17460236726183e-14	0.799999987377347	-3.35475724195771e-08	64.9815333647648	0.199999999999935
2.775	28.25	-1.21225245164332e-13	0.799999986705107	-3.32542818326431e-08	64.9575333651537	0.199999999999903
2.925	28.25	-1.68687696379348e-13	0.799999986041208	-3.29462896788865e-08	64.9335333655626	0.199999999999865
3.075	28.25	-2.23416652959825e-13	0.799999985385282	-3.26238631326576e-08	64.9095333659912	0.199999999999821
3.225	28.25	-2.83611676471203e-13	0.799999984738057	-3.22873369057954e-08	64.8855333664395	0.199999999999773
3.375	28.25	-3.46035694665831e-13	0.799999984100056	-3.19367840673639e-08	64.861533366907	0.199999999999723
3.525	28.25	-4.05628549697896e-13	0.799999983471577	-3.15727742187011e-08	64.8375333673935	0.199999999999676
3.675	28.25	-4.5510709086703e-13	0.799999982852383	-3.11953333687898e-08	64.8135333678988	0.199999999999636
3.825	28.25	-4.84582708136925e-13	0.799999982243663	-3.08048080092778e-08	64.7895333684225	0.199999999999612
3.975	28.25	-4.81239934225015e-13	0.799999981644823	-3.04016043987215e-08	64.7655333689643	0.199999999999615
4.125	28.25	-4.29134293048288e-13	0.79999998105674	-2.99859752024951e-08	64.7415333695239	0.199999999999657
4.275	28.25	-3.09183349947993e-13	0.799999980479781	-2.95581347185895e-08	64.717533370101	0.199999999999753
4.425	28.25	-9.9441281791453e-14	0.799999979914333	-2.91187574456088e-08	64.6935333706951	0.19999999999992
4.575	28.25	2.2423708425436e-13	0.799999979359868	-2.86677873630511e-08	64.6695333713061	0.200000000000179
4.725	28.25	6.87023387739508e-13	0.799999978817183	-2.82058380136396e-08	64.6455333719335	0.20000000000055
4.875	28.25	1.31330569552374e-12	0.799999978286417	-2.77331061898729e-08	64.621533372577	0.200000000001051
5.025	28.25	2.12411103134919e-12	0.79999997776785	-2.72500384251958e-08	64.5975333732361	0.200000000001699
5.175	28.25	3.13363856277889e-12	0.799999977261875	-2.67568229745282e-08	64.5735333739105	0.200000000002507
5.325	28.25	4.34480368619511e-12	0.799999976768529	-2.62541111309338e-08	64.5495333745998	0.200000000003476
5.475	28.25	5.743733403736e-12	0.799999976287806	-2.57420393306824e-08	64.5255333753035	0.200000000004595
5.625	28.25	7.29321555200396e-12	0.799999975819997	-2.52208941881085e-08	64.5015333760214	0.200000000005835
5.775	28.25	8.92519298414338e-12	0.799999975365373	-2.46913459596783e-08	64.4775333767529	0.20000000000714
5.925	28.25	1.05325122424586e-11	0.799999974923944	-2.41535681837063e-08	64.4535333774978	0.200000000008426
6.075	28.25	1.19602876884076e-11	0.799999974496349	-2.36081233045694e-08	64.4295333782555	0.200000000009568
6.225	28.25	1.29974276825053e-11	0.799999974081721	-2.30550313710361e-08	64.4055333790257	0.200000000010398
6.375	28.25	1.33690888296216e-11	0.79999997368133	-2.24949876621725e-08	64.3815333798081	0.200000000010695
6.525	28.25	1.27310737738181e-11	0.799999973294098	-2.19283021370624e-08	64.3575333806022	0.200000000010185
6.675	28.25	1.06674606617316e-11	0.799999972920739	-2.13553875235997e-08	64.333533381408	0.200000000008534
6.825	28.25	6.69303626005711e-12	0.799999972562014	-2.07765148001704e-08	64.3095333822249	0.200000000005354
6.975	28.25	2.62383124443638e-13	0.799999972216564	-2.0192139692193e-08	64.285533383053	0.20000000000021
7.125	28.25	-9.21227915237995e-12	0.799999971885646	-1.960252133032e-08	64.2615333838919	0.19999999999263
7.275	28.25	-2.23322070525473e-11	0.799999971568608	-1.90082613214776e-08	64.2375333847416	0.199999999982134
7.425	28.25	-3.9669812412524e-11	0.799999971266499	-1.84095509623328e-08	64.2135333856021	0.199999999968264
7.575	28.25	-6.1710560853239e-11	0.799999970978096	-1.78068191652757e-08	64.1895333864732	0.199999999950632
7.725	28.25	-8.87769709613567e-11	0.799999970704157	-1.72003800875287e-08	64.1655333873552	0.199999999928978
7.875	28.25	-1.20933065661927e-10	0.799999970445122	-1.65907844830393e-08	64.141533388248	0.199999999903254
8.025	28.25	-1.57868395408182e-10	0.799999970200705	-1.5978308506945e-08	64.1175333891517	0.199999999873705
8.175	28.25	-1.98761875593381e-10	0.799999969970916	-1.5363208239551e-08	64.0935333900663	0.199999999840991
8.325	28.25	-2.42127210588512e-10	0.799999969756088	-1.47459795338336e-08	64.0695333909916	0.199999999806298
8.475	28.25	-2.85643656929026e-10	0.79999996955627	-1.41267911310759e-08	64.0455333919274	0.199999999771485
8.625	28.25	-3.25978336611219e-10	0.799999969371339	-1.35061663981775e-08	64.0215333928731	0.199999999739217
8.775	28.25	-3.58609253892873e-10	0.799999969201655	-1.28843539658111e-08	63.9975333938277	0.199999999713113
8.925	28.25	-3.77661571539294e-10	0.799999969047279	-1.22618041143488e-08	63.9735333947899	0.199999999697871
9.075	28.25	-3.75773502996313e-10	0.799999968908018	-1.16387112314427e-08	63.9495333957574	0.199999999699381
9.225	28.25	-3.44012266913122e-10	0.799999968783748	-1.10155367438506e-08	63.9255333967275	0.19999999972479
9.375	28.25	-2.71864766938675e-10	0.799999968674735	-1.03925261467977e-08	63.9015333976964	0.199999999782508
9.525	28.25	-1.47331778014428e-10	0.799999968580102	-9.77003345395655e-09	63.8775333986593	0.199999999882135
9.675	28.25	4.28418503158225e-11	0.799999968499832	-9.14833461569216e-09	63.8535333996099	0.200000000034273
9.825	28.25	3.12765484024076e-10	0.799999968433024	-8.52785260913923e-09	63.829533400541	0.200000000250212
9.975	28.25	6.76792198389786e-10	0.799999968379405	-7.90866492929883e-09	63.8055334014439	0.200000000541434
10.125	28.25	1.14866205803016e-09	0.799999968337397	-7.29121686043191e-09	63.7815334023083	0.20000000091893
10.275	28.25	1.74036385497918e-09	0.799999968305916	-6.67585915827035e-09	63.7575334031231	0.200000001392291
10.425	28.25	2.46068486562886e-09	0.799999968283279	-6.06272718922992e-09	63.7335334038758	0.200000001968548
10.575	28.25	3.31342646835315e-09	0.799999968267769	-5.4520600820133e-09	63.7095334045536	0.200000002650741
10.725	28.25	4.29527571332983e-09	0.799999968257071	-4.84427948246243e-09	63.6855334051436	0.200000003436221
10.875	28.25	5.39333967049147e-09	0.799999968249538	-4.23960442303577e-09	63.6615334056335	0.200000004314672
11.025	28.25	6.58237101809334e-09	0.799999968241468	-3.63814868841488e-09	63.6375334060131	0.200000005265897
11.175	28.25	7.82174013288626e-09	0.799999968230718	-3.04037510317179e-09	63.6135334062752	0.200000006257392
11.325	28.25	9.05224095814185e-09	0.799999968214851	-2.44636253001059e-09	63.5895334064175	0.200000007241793
11.475	28.25	1.0192854942151e-08	0.799999968190463	-1.85637234008937e-09	63.5655334064443	0.200000008154284
11.625	28.25	1.11376388235187e-08	0.799999968155727	-1.27076360435663e-09	63.541533406369	0.200000008910111
11.775	28.25	1.17529470809177e-08	0.799999968108533	-6.89629597283792e-10	63.5175334062165	0.200000009402358
11.925	28.25	1.18752471461887e-08	0.799999968047616	-1.13026394820794e-10	63.4935334060259	0.200000009500198
12.075	28.25	1.1309833246439e-08	0.799999967972962	4.58559035113071e-10	63.4695334058536	0.200000009047867
12.225	28.25	9.83079080901643e-09	0.799999967885053	1.02505506626525e-09	63.4455334057761	0.200000007864633
12.375	28.25	7.1826051482657e-09	0.799999967787577	1.58636687762458e-09	63.421533405893	0.200000005746084
12.525	28.25	3.08384274652761e-09	0.799999967684697	2.14209928488428e-09	63.3975334063298	0.200000002467074
12.675	28.25	-2.76664226612103e-09	0.799999967583775	2.69231873085053e-09	63.3735334072398	0.199999997786686
12.825	28.25	-1.0680512965396e-08	0.799999967494462	3.23676273887741e-09	63.3495334088059	0.19999999145559
12.975	28.25	-2.09673078045403e-08	0.799999967429938	3.77513937964406e-09	63.3255334112408	0.199999983226154
13.125	28.25	-3.39179181690894e-08	0.799999967406995	4.30741002235485e-09	63.3015334147859	0.199999972865665
13.275	28.25	-4.97837953792592e-08	0.799999967445017	4.83340830729749e-09	63.2775334197086	0.199999960172964
13.425	28.25	-6.87515608487256e-08	0.799999967568755	5.35309630058867e-09	63.2535334262976	0.199999944998751
13.575	28.25	-9.09127738606004e-08	0.799999967805695	5.8662270910685e-09	63.2295334348548	0.199999927269781
13.725	28.25	-1.16228703633074e-07	0.799999968187799	6.37265087088383e-09	63.2055334456846	0.199999907017037
13.875	28.25	-1.44490046202336e-07	0.799999968751242	6.87232933748127e-09	63.1815334590795	0.199999884407963
14.025	28.25	-1.75271606864425e-07	0.799999969536438	7.36514645048601e-09	63.1575334753016	0.199999859782715
14.175	28.25	-2.07882013116754e-07	0.799999970586952	7.85097818409817e-09	63.1335334945594	0.19999983369439
14.325	28.25	-2.41308499725262e-07	0.799999971950845	8.32971471524419e-09	63.1095335169797	0.1999998069532
14.475	28.25	-2.74156673510749e-07	0.799999973680299	8.80119453881433e-09	63.0855335425736	0.199999780674661
14.625	28.25	-3.04584862454424e-07	0.799999975832867	9.26548046936692e-09	63.061533571197	0.19999975633211
14.775	28.25	-3.30232104148891e-07	0.799999978472597	9.72234046044757e-09	63.0375336025039	0.199999735814317
14.925	28.25	-3.48137929733402e-07	0.799999981672433	1.01718424553829e-08	63.0135336358932	0.199999721489656
15.075	28.25	-3.54650715819008e-07	0.799999985519127	1.06137215699556e-08	62.989533670446	0.199999716279427
15.225	28.25	-3.45319330282492e-07	0.799999990118729	1.1048087790596e-08	62.965533704855	0.199999723744536
15.375	28.25	-3.14759853722467e-07	0.799999995607754	1.14747011530911e-08	62.9415337373402	0.199999748192117
15.525	28.25	-2.56485008143716e-07	0.800000002166966	1.18937117160932e-08	62.9175337655524	0.199999794811993
15.675	28.25	-1.6267816085842e-07	0.800000010041483	1.23048475589369e-08	62.8935337864553	0.199999869857471
15.825	28.25	-2.38858552541227e-08	0.800000019572451	1.27082703281861e-08	62.8695337961841	0.199999980891316
15.975	28.25	1.71407967601139e-07	0.800000031235809	1.31037095320072e-08	62.8455337898671	0.200000137126374
16.125	28.25	4.37377514709361e-07	0.800000045700669	1.34913502826381e-08	62.8215337613996	0.200000349902012
16.275	28.25	7.916916647421e-07	0.800000063906795	1.38710825620856e-08	62.7975337031486	0.200000633353332
16.425	28.25	1.25668930344911e-06	0.800000087172359	1.42427046591123e-08	62.7735336055604	0.200001005351443
16.575	28.25	1.86102712401996e-06	0.800000117339086	1.46063937276615e-08	62.7495334566338	0.200001488821699
16.725	28.25	2.64198163898227e-06	0.800000156967786	1.49620624777868e-08	62.7255332412028	0.200002113585311
16.875	28.25	3.64865158382934e-06	0.800000209607107	1.53097418583301e-08	62.7015329399552	0.200002918921267
17.025	28.25	4.946393093415e-06	0.800000280148123	1.56492348074702e-08	62.6775325280851	0.200003957114475
17.175	28.25	6.62293542902063e-06	0.800000375309618	1.59806893976033e-08	62.6535319734385	0.200005298348343
17.325	28.25	8.79678008333174e-06	0.800000504285589	1.63039799493205e-08	62.6295312339623	0.200007037424067
17.475	28.25	1.1628695651968e-05	0.800000679623798	1.66192631577643e-08	62.6055302541985	0.200009302956522
17.625	28.25	1.53374055479674e-05	0.800000918410664	1.6926194985654e-08	62.5815289604734	0.200012269924438
17.775	28.25	2.02209524204255e-05	0.800001243874522	1.72250312930371e-08	62.5575272543086	0.200016176761936
17.925	28.25	2.66857446321671e-05	0.800001687541797	1.75156018960805e-08	62.5335250034121	0.200021348595706
18.075	28.25	3.52859834495898e-05	0.800002292117017	1.77979188132522e-08	62.5095220293823	0.20002822878676
18.225	28.25	4.6777078668247e-05	0.800003115309595	1.80719965012552e-08	62.4855180909568	0.200037421662935
18.375	28.25	6.21878495034302e-05	0.800004234921201	1.83376507338155e-08	62.4615128612297	0.200049750279603
18.525	28.25	8.29178930212958e-05	0.800005755674179	1.85947154300332e-08	62.4375058967312	0.200066334314417
18.675	28.25	0.000110868699739153	0.800007818540728	1.8843192328035e-08	62.4134965955392	0.200088694959791
18.825	28.25	0.000148620256364049	0.800010613681093	1.90828423486223e-08	62.3894841406204	0.200118896205091
18.975	28.25	0.000199669455925053	0.800014398414032	1.93133123208431e-08	62.3654674232506	0.20015973556474
19.125	28.25	0.000268753044232927	0.80001952166753	1.95342720912503e-08	62.34144493949	0.200215002435386
19.275	28.25	0.000362286157332531	0.800026455943443	1.97451788675629e-08	62.3174146501069	0.200289828925866
19.425	28.25	0.000488957303921206	0.800035837120692	1.99451866548412e-08	62.2933737908909	0.200391165843137
19.575	28.25	0.000660531187353772	0.800048512349308	2.0133576284891e-08	62.2693186158718	0.200528424949883
19.725	28.25	0.000892922205605031	0.800065598564354	2.03087904795801e-08	62.2452440504714	0.200714337764484
19.875	28.25	0.00120761712069371	0.800088560582555	2.04690558080208e-08	62.2211432248366	0.200966093696555
20.025	28.25	0.00163355411253942	0.800119328172169	2.06118476060671e-08	62.197006848682	0.201306843290032
20.175	28.25	0.00220962178374483	0.800160480915638	2.07339116089089e-08	62.1728223759737	0.201767697426996
20.325	28.25	0.00298804035552669	0.800215526444083	2.08310179780498e-08	62.14857288734	0.202390432284421
20.475	28.25	0.0040390296438238	0.800289265369544	2.08972614780809e-08	62.1242355860784	0.203231223715059
20.625	28.25	0.00545732371195667	0.800388162904868	2.09250431292697e-08	62.0997797573219	0.204365858969565
20.775	28.25	0.00737118403352666	0.800520538990894	2.09046239439368e-08	62.075163981752	0.205896947226821
20.925	28.25	0.00995447751817638	0.800696282549627	2.08231232140678e-08	62.0503323367707	0.207963582014541
21.075	28.25	0.013442012107571	0.800925754962293	2.06646058070751e-08	62.0252092816446	0.210753609686057
21.225	28.25	0.0181476177263683	0.801217636062811	2.0409884067475e-08	61.9996929385861	0.214518094181095
21.375	28.25	0.0244834936871406	0.80157570231864	2.00372644510292e-08	61.9736465775509	0.219586794949713
21.525	28.25	0.0329782631480891	0.801994865791894	1.95246946631091e-08	61.9468883067715	0.226382610518471
21.675	28.25	0.0442900724364139	0.802457168242904	1.88537425955543e-08	61.9191792701488	0.235432057949131
21.825	28.25	0.0592098321636575	0.802928780411442	1.80143508433644e-08	61.8902110640109	0.247367865730926
21.975	28.25	0.0786480169224702	0.8033593938643	1.70102797435614e-08	61.8595936365255	0.262918413537976
22.125	28.25	0.103596190974621	0.8036855771393	1.58632652928592e-08	61.8268456708102	0.282876952779697
22.275	28.25	0.135052303342929	0.803839322442277	1.46132841186725e-08	61.7913903984092	0.308041842674343
22.425	28.25	0.173898994236377	0.803761738698549	1.33138333275224e-08	61.7525608269805	0.339119195389102
22.575	28.25	0.220730585689245	0.803419690428258	1.20239828009649e-08	61.7096190881756	0.376584468551396
22.725	28.25	0.275641527639375	0.802820787398903	1.07990070236059e-08	61.6617942138374	0.4205132221115
22.875	28.25	0.338017857239559	0.802020575624926	9.68207940724438e-09	61.6083400613495	0.470414285791647
23.025	28.25	0.406404724352575	0.801116448553118	8.70069869553522e-09	61.5486096329555	0.52512377948206
23.175	28.25	0.478534573237386	0.800226926701993	7.86624580688357e-09	61.4821344721686	0.582827658589909
23.325	28.25	0.551566087668624	0.79946196927594	7.17689317448514e-09	61.4086913171464	0.641252870134899
23.475	28.25	0.622501308786002	0.798895928027895	6.62155309902134e-09	61.3283372874601	0.698001047028801
23.625	28.25	0.688659258630841	0.79855440826143	6.18400825045021e-09	61.2414022588773	0.750927406904672
23.775	28.25	0.748051810835768	0.798418741932456	5.84614575567466e-09	61.1484403701397	0.798441448668614
23.925	28.25	0.799557781672965	0.798442567079166	5.5902002691072e-09	61.0501550737915	0.839646225338372
24.075	28.25	0.842886470807194	0.798570847900718	5.40005960544839e-09	60.9473175838604	0.874309176645755
24.225	28.25	0.878398156356533	0.798753959576858	5.26186574135442e-09	60.8406957276351	0.902718525085227
24.375	28.25	0.906872100671375	0.79895449041706	5.16403737337617e-09	60.7310025849719	0.9254976805371
24.525	28.25	0.929292198329837	0.799148193881375	5.09728045861893e-09	60.6188665693143	0.94343375866387
24.675	28.25	0.946685094201897	0.799321770282626	5.05406905388486e-09	60.504819569687	0.957348075361517
24.825	28.25	0.960016774727792	0.799469689777809	5.0285651118947e-09	60.389297821802	0.968013419782234
24.975	28.25	0.970138073138578	0.799591290518011	5.01622128700661e-09	60.2726503531627	0.976110458510862
25.125	28.25	0.977764769276097	0.799688594673017	5.01351070027433e-09	60.1551509954393	0.982211815420877
25.275	28.25	0.98347910731483	0.799764849621263	5.01775071834083e-09	60.0370112772592	0.986783285851864
25.425	28.25	0.987742791139582	0.799823638396187	5.02693258507383e-09	59.9183926195739	0.990194232911665
25.575	28.25	0.990914817888821	0.799868384376833	5.03947489182677e-09	59.7994170510333	0.992731854311056
25.725	28.25	0.993270126805819	0.799902109336331	5.05428241151528e-09	59.6801761722457	0.994616101444656
25.875	28.25	0.995016874815206	0.799927345782857	5.07049388870424e-09	59.5607383957757	0.996013499852164
26.025	28.25	0.996311339968951	0.799946138097256	5.08749889637101e-09	59.4411546416555	0.99704907197516
26.175	28.25	0.997270176128831	0.799960090283205	5.10482076034118e-09	59.3214627293897	0.997816140903065
26.325	28.25	0.99798014594621	0.799970433650863	5.12212596196126e-09	59.2016907146067	0.998384116756968
26.475	28.25	0.998505654708013	0.799978098156892	5.13920802342568e-09	59.08185939694	0.998804523766411
26.625	28.25	0.998894473358572	0.799983778253119	5.15587424911538e-09	58.9619841916007	0.999115578686857
26.775	28.25	0.999182029808823	0.799987988951365	5.17198338476966e-09	58.8420765202752	0.999345623847058
26.925	28.25	0.999394600870454	0.799991110958953	5.18748112405034e-09	58.7221448428341	0.999515680696363
27.075	28.25	0.99955167693137	0.799993425574368	5.20228433447382e-09	58.6021954223288	0.999641341545096
27.225	28.25	0.999667711987739	0.799995140909134	5.21639145223121e-09	58.4822328924836	0.999734169590191
27.375	28.25	0.999753419908887	0.799996411235434	5.22975369068856e-09	58.3622606789669	0.99980273592711
27.525	28.25	0.999816736207433	0.799997351130678	5.2423637781108e-09	58.2422813122781	0.999853388965947
27.675	28.25	0.999863532816649	0.79999804580116	5.25421051647933e-09	58.1222966601594	0.999890826253319
27.825	28.25	0.999898149900313	0.79999855864288	5.2653277607992e-09	58.0023081001729	0.99991851992025
27.975	28.25	0.999923791678278	0.79999893681309	5.27572144889e-09	57.8823166477505	0.999939033342622
28.125	28.25	0.999942820940999	0.799999215362472	5.28538305418037e-09	57.7623230511073	0.999954256752799
28.275	28.25	0.999956977996999	0.799999420314743	5.29434174152506e-09	57.6423278615103	0.999965582397599
28.425	28.25	0.999967543255893	0.799999570968147	5.30257535310983e-09	57.5223314852315	0.999974034604714
28.575	28.25	0.99997545780607	0.799999681615923	5.31015500581237e-09	57.4023342219114	0.999980366244856
28.725	28.25	0.999981412728974	0.799999762832406	5.31707889479195e-09	57.2823362928461	0.999985130183179
28.875	28.25	0.999985915176924	0.799999822430964	5.32333984549709e-09	57.1623378618166	0.999988732141539
29.025	28.25	0.99998933720168	0.799999866178027	5.32899663517004e-09	57.0423390504022	0.999991469761344
29.175	28.25	0.999991951790875	0.799999898322967	5.33404093824874e-09	56.9223399492202	0.9999935614327
29.325	28.25	0.999993959424969	0.799999921991882	5.33850411831557e-09	56.8023406261613	0.999995167539976
29.475	28.25	0.999995507614437	0.799999939479708	5.34238949716118e-09	56.6823411324129	0.99999640609155
29.625	28.25	0.999996705242179	0.799999952466819	5.3457498385738e-09	56.5623415068553	0.999997364193743
29.775	28.25	0.999997633065878	0.799999962180012	5.34856263120807e-09	56.4423417792663	0.999998106452703
29.925	28.25	0.999998351385301	0.799999969511847	5.35085033165982e-09	56.3223419726527	0.999998681108241
30.075	28.25	0.999998905620672	0.799999975109221	5.352652369541e-09	56.2023421049468	0.999999124496538
30.225	28.25	0.999999330355721	0.799999979439143	5.3539674928109e-09	56.0823421902407	0.999999464284577
30.375	28.25	0.999999652255986	0.799999982837105	5.35483801688689e-09	55.9623422396867	0.999999721804789
30.525	28.25	0.999999892166612	0.799999985543642	5.35525792190079e-09	55.8423422621564	0.99999991373329
30.675	28.25	1.00000006661443	0.799999987730194	5.35524175671207e-09	55.7223422647277	1.00000005329155
30.825	28.25	1.00000018888044	0.799999989519123	5.35482451596621e-09	55.6023422530474	1.00000015110435
30.975	28.25	1.00000026976429	0.799999990997905	5.35401319173659e-09	55.4823422316069	1.00000021581144
31.125	28.25	1.00000031813023	0.799999992229039	5.35280597141546e-09	55.3623422039533	1.00000025450418
31.275	28.25	1.00000034129913	0.799999993258302	5.35122915031471e-09	55.2423421728572	1.0000002730393
31.425	28.25	1.00000034533335	0.799999994119447	5.34933168009468e-09	55.1223421404464	1.00000027626668
31.575	28.25	1.00000033524795	0.799999994838186	5.34708172199441e-09	55.0023421083173	1.00000026819836
31.725	28.25	1.00000031517155	0.799999995434812	5.34451020620759e-09	54.8823420776273	1.00000025213724
31.875	28.25	1.00000028847337	0.799999995926042	5.3416505139628e-09	54.7623420491739	1.00000023077869
32.025	28.25	1.00000025786737	0.799999996326133	5.33849270686145e-09	54.6423420234626	1.00000020629389
32.175	28.25	1.00000022550096	0.799999996647422	5.33506828743806e-09	54.5223420007656	1.00000018040077
32.325	28.25	1.00000019303282	0.799999996901159	5.33134525502443e-09	54.4023419811722	1.00000015442626
32.475	28.25	1.00000016170284	0.799999997097519	5.32740230919759e-09	54.2823419646329	1.00000012936227
32.625	28.25	1.00000013239566	0.799999997245858	5.32322964101566e-09	54.162341950996	1.00000010591653
32.775	28.25	1.00000010569879	0.799999997354518	5.31879721700714e-09	54.0423419400392	1.00000008455903
32.925	28.25	1.0000000819555	0.799999997431279	5.3141706423259e-09	53.9223419314955	1.0000000655644
33.075	28.25	1.00000006131281	0.799999997482973	5.30933791092243e-09	53.8023419250744	1.00000004905025
33.225	28.25	1.00000004376437	0.799999997515684	5.30433550712458e-09	53.6823419204786	1.0000000350115
33.375	28.25	1.00000002918826	0.799999997534678	5.29914665554355e-09	53.5623419174169	1.00000002335061
33.525	28.25	1.00000001737991	0.799999997544344	5.2937954653454e-09	53.442341915614	1.00000001390393
33.675	28.25	1.00000000808004	0.799999997548565	5.28828451708691e-09	53.3223419148167	1.00000000646403
33.825	28.25	1.00000000099792	0.799999997550258	5.28263894611434e-09	53.2023419147981	1.00000000079834
33.975	28.25	0.999999995830307	0.799999997551814	5.27686363371268e-09	53.08234191536	0.999999996664246
34.125	28.25	0.999999992276168	0.799999997555005	5.27095463252474e-09	52.9623419163331	0.999999993820935
34.275	28.25	0.999999990047904	0.799999997561216	5.26493889772103e-09	52.8423419175765	0.999999992038323
34.425	28.25	0.99999998887928	0.799999997571209	5.25883421549564e-09	52.7223419189756	0.999999991103424
34.575	28.25	0.99999998853064	0.7999999975854	5.25263092182974e-09	52.6023419204403	0.999999990824512
34.725	28.25	0.999999988791752	0.799999997604005	5.24634150052657e-09	52.4823419219021	0.999999991033401
34.875	28.25	0.99999998948281	0.799999997627038	5.23998552667169e-09	52.3623419233111	0.999999991586248
35.025	28.25	0.999999990454011	0.799999997654093	5.23357887837248e-09	52.2423419246333	0.999999992363209
35.175	28.25	0.999999991583957	0.799999997684922	5.22710264835017e-09	52.1223419258477	0.999999993267165
35.325	28.25	0.999999992777324	0.799999997719016	5.22060748112683e-09	52.0023419269437	0.999999994221859
35.475	28.25	0.999999993962078	0.799999997755968	5.21404516323274e-09	51.8823419279187	0.999999995169662
35.625	28.25	0.999999995086356	0.799999997795163	5.207481598696e-09	51.7623419287762	0.999999996069085
35.775	28.25	0.999999996115367	0.799999997836285	5.20088592360031e-09	51.6423419295236	0.999999996892294
35.925	28.25	0.999999997028289	0.799999997878717	5.19427383103931e-09	51.5223419301712	0.999999997622631
36.075	28.25	0.999999997815466	0.799999997922136	5.18766230770667e-09	51.4023419307305	0.999999998252373
36.225	28.25	0.999999998475754	0.799999997966172	5.18107236698088e-09	51.2823419312139	0.999999998780603
36.375	28.25	0.999999999014288	0.799999998010511	5.17447715209589e-09	51.1623419316333	0.999999999211431
36.525	28.25	0.999999999440461	0.799999998054905	5.16789689611151e-09	51.0423419320001	0.999999999552369
36.675	28.25	0.999999999766331	0.799999998099097	5.16135536794182e-09	50.9223419323243	0.999999999813065
36.825	28.25	1.00000000000534	0.799999998143076	5.1548560261232e-09	50.8023419326152	1.00000000000427
36.975	28.25	1.00000000017135	0.799999998186631	5.14838479653559e-09	50.6823419328804	1.00000000013708
37.125	28.25	1.00000000027792	0.799999998229677	5.14195129806285e-09	50.5623419331263	1.00000000022233
37.275	28.25	1.00000000033769	0.799999998272107	5.1355839319603e-09	50.4423419333581	1.00000000027016
37.425	28.25	1.00000000036183	0.799999998313865	5.12926823707167e-09	50.3223419335798	1.00000000028946
37.575	28.25	1.00000000035913	0.799999998354899	5.12301686842836e-09	50.2023419337945	1.00000000028731
37.725	28.25	1.00000000033565	0.799999998395205	5.11685276383655e-09	50.0823419340044	1.00000000026852
37.875	28.25	1.00000000029551	0.799999998435544	5.11074521402317e-09	49.9623419342115	1.00000000023641
38.025	28.25	1.00000000024451	0.799999998476826	5.10472145220095e-09	49.842341934417	1.00000000019561
38.175	28.25	1.00000000019656	0.799999998519822	5.09879807882415e-09	49.7223419346215	1.00000000015725
38.325	28.25	1.00000000017804	0.79999999856298	5.0929641706437e-09	49.6023419348233	1.00000000014244
38.475	28.25	1.00000000021819	0.799999998600119	5.0872294239904e-09	49.4823419350184	1.00000000017456
38.625	28.25	1.00000000031038	0.799999998620666	5.08160151434993e-09	49.3623419352014	1.00000000024831
38.775	28.25	1.00000000034601	0.799999998618103	5.07607075679635e-09	49.2423419353726	1.00000000027681
38.925	28.25	1.00000000007386	0.799999998610383	5.07066769412735e-09	49.1223419355496	1.00000000005909
39.075	28.25	0.999999999212023	0.799999998663633	5.0653713200282e-09	49.0023419357753	0.999999999369618
39.225	28.25	0.999999997861583	0.799999998886863	5.06020404061958e-09	48.8823419361018	0.999999998289266
39.375	28.25	0.999999997187166	0.799999999341339	5.05516483737885e-09	48.7623419365199	0.999999997749733
39.525	28.25	0.999999999800273	0.799999999833513	5.05025094442545e-09	48.6423419368394	0.999999999840219
39.675	28.25	1.00000000854992	0.79999999968487	5.04546289264593e-09	48.5223419366082	1.00000000683993
39.825	28.25	1.00000002228112	0.799999997812764	5.04081833764772e-09	48.4023419352924	1.00000001782489
39.975	28.25	1.00000002906866	0.799999993653519	5.036313563535e-09	48.2823419329864	1.00000002325493
40.125	28.25	1.00000000269437	0.799999989192001	5.03196522980529e-09	48.1623419316152	1.00000000215549
40.275	28.25	0.999999915051616	0.799999991104832	5.02776231893705e-09	48.0423419357115	0.999999932041293
40.425	28.25	0.999999777875213	0.800000009777476	5.02371708172156e-09	47.9223419505938	0.999999822300171
40.575	28.25	0.999999707649957	0.800000050315095	5.01982178844794e-09	47.8023419754262	0.999999766119966
40.725	28.25	0.999999957517792	0.800000093529092	5.0160843866647e-09	47.6823419916305	0.999999966014233
40.875	28.25	1.00000079734944	0.800000076734273	5.01248881351664e-09	47.562341955524	1.00000063787955
41.025	28.25	1.00000212196185	0.799999904216421	5.00908053413717e-09	47.4423418155191	1.00000169756948
41.175	28.25	1.00000285290254	0.799999530085132	5.00583890977542e-09	47.3223415768425	1.00000228232203
41.325	28.25	1.00000065163094	0.799999127832227	5.00278537907798e-09	47.2023414087366	1.00000052130475
41.475	28.25	0.999993003857974	0.799999255388229	4.99990496529557e-09	47.0823417133798	0.999994403086379
41.625	28.25	0.999980706637762	0.800000755994415	4.99723947254469e-09	46.9623429753782	0.99998456531021
41.775	28.25	0.999973138464044	0.80000404062089	4.99473374711315e-09	46.8423451909106	0.999978510771235
41.925	28.25	0.999990827520804	0.800007657537994	4.99228536341737e-09	46.7223469206329	0.999992662016643
42.075	28.25	1.00005637953645	0.800006936160021	4.98985070751849e-09	46.602344654782	1.00004510362916
42.225	28.25	1.00016528886147	0.799994824036481	4.98741732530915e-09	46.48233401482	1.00013223108918
42.375	28.25	1.00024184955286	0.799967674109929	4.9852908805778e-09	46.362314472315	1.00019347964229
42.525	28.25	1.00011633628446	0.799936550388986	4.98416696347544e-09	46.2422972793492	1.00009306902757
42.675	28.25	0.999594226904376	0.799937860588647	4.98479544244847e-09	46.1223111724033	0.999675381523501
42.825	28.25	0.99868392630206	0.800027372382947	4.98720048694179e-09	46.0023938235555	0.998947141041648
42.975	28.25	0.997944673222651	0.800237006766936	4.98911283569455e-09	45.8825556554842	0.998355738578121
43.125	28.25	0.998684258976248	0.800490005406622	4.98535582989495e-09	45.762717461177	0.998947407180998
43.275	28.25	1.00248296175455	0.800522975083626	4.96959094885813e-09	45.6426614308716	1.00198636940364
43.425	28.25	1.0095592762312	0.799934825515414	4.94119169709964e-09	45.5220835283485	1.00764742098496
43.575	28.25	1.01623380736433	0.798479881554056	4.91477018975175e-09	45.4008457517056	1.01298704589146
43.725	28.25	1.01328677098626	0.796573391781317	4.92600527984274e-09	45.2794285954228	1.01062941678901
43.875	28.25	0.988680897760522	0.795833250580437	5.02388855309551e-09	45.159333600996	0.990944718208417
44.025	28.25	0.938367896683468	0.799351007265331	5.23714113781634e-09	45.0428405685516	0.950694317346774
44.175	28.25	0.884673133533319	0.81019242867185	5.48610806480285e-09	44.9313520629442	0.907738506826655
44.325	28.25	0.889127901622269	0.824441952865438	5.46594291007468e-09	44.8222077089181	0.911302321297815
44.475	28.25	1.03257195123811	0.826489829112438	4.85529129468843e-09	44.7059573033177	1.02605756099049
44.625	28.25	1.34924434158402	0.808622133066241	3.89369606529934e-09	44.5677998674454	1.27939547326722
44.775	28.25	1.76408811767495	0.709537047589088	3.09114105545421e-09	44.3955930543291	1.61127049413996
44.925	28.25	2.11154506575881	0.834636814264706	2.63593468717391e-09	44.2248230346615	1.88923605260705
0.075	28.75	3.47473591197926e-16	0.399999999654845	-3.37109412106959e-08	65.3895333648873	0.2
0.225	28.75	1.09796499602588e-15	0.799999998965412	-3.3695381944458e-08	65.365533364908	0.200000000000001
0.375	28.75	2.54818928961136e-15	0.799999998275966	-3.36642260804442e-08	65.3415333649494	0.200000000000002
0.525	28.75	4.61626584518329e-15	0.799999997587554	-3.36174589234852e-08	65.3175333650114	0.200000000000004
0.675	28.75	7.1488169942945e-15	0.799999996900917	-3.35551848147385e-08	65.2935333650941	0.200000000000006
0.825	28.75	9.93588433020681e-15	0.799999996216135	-3.34773750785507e-08	65.2695333651974	0.200000000000008
0.975	28.75	1.27379704297382e-14	0.799999995533515	-3.33843291371488e-08	65.2455333653212	0.20000000000001
1.125	28.75	1.52997075009414e-14	0.799999994853688	-3.32757287658204e-08	65.2215333654654	0.200000000000012
1.275	28.75	1.73403388728276e-14	0.799999994176681	-3.31521744269752e-08	65.1975333656299	0.200000000000014
1.425	28.75	1.85241248175553e-14	0.799999993503392	-3.3013303983288e-08	65.1735333658148	0.200000000000015
1.575	28.75	1.84215048237697e-14	0.799999992833829	-3.28594785077816e-08	65.1495333660197	0.200000000000015
1.725	28.75	1.64738684413938e-14	0.79999999216843	-3.26907215376148e-08	65.1255333662447	0.200000000000013
1.875	28.75	1.19727215374052e-14	0.799999991507889	-3.25070370565311e-08	65.1015333664896	0.20000000000001
2.025	28.75	4.06047159024052e-15	0.799999990852495	-3.23090522497406e-08	65.0775333667543	0.200000000000003
2.175	28.75	-8.24292011734916e-15	0.799999990202425	-3.20964079015193e-08	65.0535333670385	0.199999999999993
2.325	28.75	-2.59845099385602e-14	0.799999989557827	-3.18694839920749e-08	65.0295333673421	0.199999999999979
2.475	28.75	-5.01910934564901e-14	0.799999988919713	-3.16285516044168e-08	65.005533367665	0.19999999999996
2.625	28.75	-8.17460233315136e-14	0.799999988288086	-3.13736335727421e-08	64.9815333680069	0.199999999999935
2.775	28.75	-1.21225245127276e-13	0.799999987662953	-3.11049918953551e-08	64.9575333683677	0.199999999999903
2.925	28.75	-1.68687695903238e-13	0.799999987045635	-3.08228805948479e-08	64.9335333687472	0.199999999999865
3.075	28.75	-2.23416652840555e-13	0.799999986435066	-3.05275542740129e-08	64.909533369145	0.199999999999821
3.225	28.75	-2.83611675870006e-13	0.799999985833383	-3.0219119780683e-08	64.8855333695611	0.199999999999773
3.375	28.75	-3.46035694509674e-13	0.79999998523897	-2.98978546082818e-08	64.8615333699951	0.199999999999723
3.525	28.75	-4.05628549064167e-13	0.799999984653229	-2.95640734420104e-08	64.8375333704468	0.199999999999676
3.675	28.75	-4.55107090833055e-13	0.799999984076393	-2.92180391548896e-08	64.813533370916	0.199999999999636
3.825	28.75	-4.84582707712286e-13	0.799999983509033	-2.88597845563156e-08	64.7895333714023	0.199999999999612
3.975	28.75	-4.81239934658925e-13	0.799999982950583	-2.84899468503331e-08	64.7655333719055	0.199999999999615
4.125	28.75	-4.29134293297299e-13	0.79999998240188	-2.81085795554334e-08	64.7415333724254	0.199999999999657
4.275	28.75	-3.09183351450259e-13	0.799999981862898	-2.77160861105341e-08	64.7175333729615	0.199999999999753
4.425	28.75	-9.94412834529037e-14	0.799999981334335	-2.73125782945893e-08	64.6935333735137	0.19999999999992
4.575	28.75	2.24237080807735e-13	0.799999980816303	-2.68986431988758e-08	64.6695333740815	0.200000000000179
4.725	28.75	6.87023383680705e-13	0.799999980308427	-2.64742394512123e-08	64.6455333746647	0.20000000000055
4.875	28.75	1.31330568907929e-12	0.799999979811735	-2.60400217818928e-08	64.6215333752628	0.200000000001051
5.025	28.75	2.12411102385537e-12	0.799999979325957	-2.55959990491674e-08	64.5975333758757	0.200000000001699
5.175	28.75	3.13363855242207e-12	0.799999978851747	-2.51425817536448e-08	64.5735333765029	0.200000000002507
5.325	28.75	4.34480367464435e-12	0.799999978389076	-2.46802386739686e-08	64.549533377144	0.200000000003476
5.475	28.75	5.74373338933952e-12	0.799999977937206	-2.42092182414616e-08	64.5255333777987	0.200000000004595
5.625	28.75	7.29321553703988e-12	0.79999997749806	-2.37298803578094e-08	64.5015333784666	0.200000000005835
5.775	28.75	8.92519296743548e-12	0.799999977070142	-2.32424774623725e-08	64.4775333791474	0.20000000000714
5.925	28.75	1.05325122272785e-11	0.799999976654878	-2.27473616663119e-08	64.4535333798407	0.200000000008426
6.075	28.75	1.19602876744643e-11	0.799999976251842	-2.22447916510932e-08	64.4295333805461	0.200000000009568
6.225	28.75	1.2997427674507e-11	0.799999975860806	-2.17353932927669e-08	64.4055333812633	0.200000000010398
6.375	28.75	1.33690888285974e-11	0.799999975482071	-2.12193041945809e-08	64.381533381992	0.200000000010695
6.525	28.75	1.27310737862897e-11	0.799999975116445	-2.06967983840406e-08	64.3575333827318	0.200000000010185
6.675	28.75	1.06674606903445e-11	0.799999974762576	-2.01682610389268e-08	64.3335333834825	0.200000000008534
6.825	28.75	6.69303631322567e-12	0.799999974422652	-1.96341958689621e-08	64.309533384244	0.200000000005354
6.975	28.75	2.62383206315273e-13	0.799999974094765	-1.90947964526292e-08	64.2855333850159	0.20000000000021
7.125	28.75	-9.21227903207396e-12	0.799999973780135	-1.85504543037342e-08	64.2615333857982	0.19999999999263
7.275	28.75	-2.23322068890688e-11	0.799999973478022	-1.80014572418383e-08	64.2375333865909	0.199999999982134
7.425	28.75	-3.96698121965169e-11	0.79999997318971	-1.7448332218566e-08	64.2135333873938	0.199999999968264
7.575	28.75	-6.17105605815442e-11	0.79999997291388	-1.68910189121976e-08	64.1895333882071	0.199999999950632
7.725	28.75	-8.87769706283055e-11	0.799999972651783	-1.63302287087081e-08	64.1655333890308	0.199999999928978
7.875	28.75	-1.20933065269788e-10	0.799999972402976	-1.57661828469953e-08	64.1415333898651	0.199999999903254
8.025	28.75	-1.57868394960309e-10	0.799999972167668	-1.51991185378038e-08	64.1175333907099	0.199999999873705
8.175	28.75	-1.98761875103272e-10	0.799999971946197	-1.46296572866908e-08	64.0935333915653	0.199999999840991
8.325	28.75	-2.42127210075924e-10	0.79999997173787	-1.40576295497594e-08	64.0695333924313	0.199999999806298
8.475	28.75	-2.85643656426078e-10	0.799999971544059	-1.34839034149976e-08	64.0455333933075	0.199999999771485
8.625	28.75	-3.2597833616297e-10	0.799999971363733	-1.29084266681624e-08	64.0215333941935	0.199999999739217
8.775	28.75	-3.58609253558162e-10	0.79999997119769	-1.23317445964742e-08	63.9975333950883	0.199999999713113
8.925	28.75	-3.77661571397107e-10	0.799999971045975	-1.1753885348946e-08	63.9735333959905	0.199999999697871
9.075	28.75	-3.75773503138621e-10	0.799999970908076	-1.11754651727552e-08	63.949533396898	0.199999999699381
9.225	28.75	-3.44012267458357e-10	0.799999970784284	-1.05965017768426e-08	63.9255333978081	0.19999999972479
9.375	28.75	-2.71864768013187e-10	0.799999970674726	-1.00175513786365e-08	63.901533398717	0.199999999782508
9.525	28.75	-1.47331779773844e-10	0.799999970578345	-9.43879996789732e-09	63.8775333996199	0.199999999882135
9.675	28.75	4.28418477196336e-11	0.799999970495524	-8.86062502406418e-09	63.8535334005106	0.200000000034273
9.825	28.75	3.12765480414081e-10	0.799999970425282	-8.28292322269191e-09	63.8295334013819	0.200000000250212
9.975	28.75	6.76792193613591e-10	0.799999970367128	-7.70645121366027e-09	63.805533402225	0.200000000541434
10.125	28.75	1.14866205192504e-09	0.799999970319406	-7.13127992966059e-09	63.7815334030299	0.20000000091893
10.275	28.75	1.74036384743918e-09	0.799999970281667	-6.55769712920621e-09	63.7575334037853	0.200000001392291
10.425	28.75	2.46068485656709e-09	0.799999970251857	-5.98585503164876e-09	63.7335334044789	0.200000001968548
10.575	28.75	3.31342645778339e-09	0.79999997022825	-5.41624582425089e-09	63.7095334050978	0.200000002650741
10.725	28.75	4.29527570133054e-09	0.79999997020881	-4.84898189521619e-09	63.685533405629	0.200000003436221
10.875	28.75	5.39333965729614e-09	0.799999970191094	-4.28413649246432e-09	63.6615334060605	0.200000004314672
11.025	28.75	6.58237100406027e-09	0.799999970172578	-3.72233477123866e-09	63.637533406382	0.200000005265897
11.175	28.75	7.82174011858743e-09	0.799999970150614	-3.16339583314246e-09	63.6135334065864	0.200000006257392
11.325	28.75	9.05224094434279e-09	0.799999970122374	-2.60776101833237e-09	63.5895334066712	0.200000007241793
11.475	28.75	1.0192854929885e-08	0.799999970085277	-2.05577369435769e-09	63.565533406641	0.200000008154284
11.625	28.75	1.11376388140763e-08	0.799999970036842	-1.50732003865242e-09	63.5415334065091	0.200000008910111
11.775	28.75	1.17529470758915e-08	0.799999969975495	-9.62812473343659e-10	63.5175334063004	0.200000009402358
11.925	28.75	1.18752471474629e-08	0.799999969899732	-4.22531321102791e-10	63.493533406054	0.200000009500198
12.075	28.75	1.13098332561939e-08	0.799999969809282	1.13668841797136e-10	63.4695334058263	0.200000009047867
12.225	28.75	9.83079082970946e-09	0.79999996970553	6.45215470822002e-10	63.4455334056939	0.200000007864633
12.375	28.75	7.18260518257571e-09	0.799999969591025	1.17212407215627e-09	63.4215334057565	0.200000005746084
12.525	28.75	3.08384279731204e-09	0.799999969470721	1.69424816633995e-09	63.3975334061394	0.200000002467074
12.675	28.75	-2.76664219594698e-09	0.799999969351707	2.2113036062179e-09	63.3735334069962	0.199999997786686
12.825	28.75	-1.06805128729498e-08	0.799999969244055	2.72310792744891e-09	63.3495334085095	0.19999999145559
12.975	28.75	-2.09673076871594e-08	0.799999969160798	3.22975832593272e-09	63.3255334108922	0.199999983226154
13.125	28.75	-3.39179180244875e-08	0.799999969118072	3.73094396692802e-09	63.3015334143856	0.199999972865666
13.275	28.75	-4.97837952057807e-08	0.799999969136258	4.22635864277975e-09	63.2775334192573	0.199999960172964
13.425	28.75	-6.87515606455651e-08	0.799999969239397	4.71607648141862e-09	63.2535334257959	0.199999944998752
13.575	28.75	-9.09127736281137e-08	0.799999969455601	5.1999735829292e-09	63.2295334343033	0.199999927269781
13.725	28.75	-1.16228703373078e-07	0.799999969816364	5.67778677771996e-09	63.2055334450838	0.199999907017037
13.875	28.75	-1.44490045918441e-07	0.79999997035843	6.14955116682301e-09	63.1815334584302	0.199999884407963
14.025	28.75	-1.75271606562395e-07	0.799999971121535	6.61504930938798e-09	63.1575334746044	0.199999859782715
14.175	28.75	-2.07882012804854e-07	0.799999972149625	7.07413697646528e-09	63.133533493815	0.19999983369439
14.325	28.75	-2.41308499414655e-07	0.79999997349077	7.52680984534927e-09	63.1095335161888	0.1999998069532
14.475	28.75	-2.74156673215787e-07	0.799999975197321	7.97295251989801e-09	63.0855335417368	0.199999780674661
14.625	28.75	-3.04584862193182e-07	0.799999977326631	8.41243795056975e-09	63.061533570315	0.19999975633211
14.775	28.75	-3.302321039433e-07	0.799999979942727	8.84525311538658e-09	63.0375336015775	0.199999735814317
14.925	28.75	-3.48137929609943e-07	0.799999983118732	9.271188502734e-09	63.013533634923	0.199999721489656
15.075	28.75	-3.54650715808862e-07	0.7999999869414	9.69020905645702e-09	62.9895336694329	0.199999716279427
15.225	28.75	-3.45319330422419e-07	0.799999991516632	1.01023086467465e-08	62.9655337037995	0.199999723744536
15.375	28.75	-3.14759854055035e-07	0.799999996980904	1.05073135030732e-08	62.9415337362432	0.199999748192117
15.525	28.75	-2.56485008718748e-07	0.800000003515692	1.09053037529426e-08	62.9175337644145	0.199999794811993
15.675	28.75	-1.62678161733735e-07	0.800000011365184	1.1296170988895e-08	62.8935337852774	0.199999869857471
15.825	28.75	-2.38858564979367e-08	0.800000020871079	1.16797613005465e-08	62.8695337949668	0.199999980891315
15.975	28.75	1.71407965908197e-07	0.800000032509308	1.20561674144034e-08	62.8455337886112	0.200000137126373
16.125	28.75	4.3737751246994e-07	0.800000046948841	1.2425213834211e-08	62.8215337601059	0.20000034990201
16.275	28.75	7.91691661837568e-07	0.800000065129389	1.27869227980488e-08	62.7975337018178	0.200000633353329
16.425	28.75	1.25668929973175e-06	0.800000088369337	1.31412488051509e-08	62.7735336041933	0.20000100535144
16.575	28.75	1.86102711930342e-06	0.800000118510381	1.34882218856647e-08	62.7495334552312	0.200001488821695
16.725	28.75	2.64198163302784e-06	0.800000158113555	1.38276593733954e-08	62.7255332397654	0.200002113585306
16.875	28.75	3.64865157632755e-06	0.800000210726586	1.41595621619904e-08	62.7015329384839	0.200002918921261
17.025	28.75	4.94639308396078e-06	0.800000281241965	1.44841011604513e-08	62.6775325265806	0.200003957114467
17.175	28.75	6.62293541708117e-06	0.800000376377383	1.48009757728204e-08	62.6535319719015	0.200005298348334
17.325	28.75	8.79678006820121e-06	0.800000505327542	1.51102657553806e-08	62.6295312323937	0.200007037424055
17.475	28.75	1.16286956327115e-05	0.800000680639547	1.54120094585147e-08	62.6055302525991	0.200009302956506
17.625	28.75	1.53374055233468e-05	0.800000919400069	1.57060672188099e-08	62.5815289588439	0.200012269924419
17.775	28.75	2.02209523888011e-05	0.80000124483798	1.59925416115159e-08	62.5575272526498	0.200016176761911
17.925	28.75	2.66857445913689e-05	0.800001688479381	1.62712630916258e-08	62.5335250017247	0.200021348595673
18.075	28.75	3.52859833967528e-05	0.800002293028128	1.65422338539141e-08	62.5095220276673	0.200028228786717
18.225	28.75	4.67770785995983e-05	0.800003116194866	1.68054436603599e-08	62.4855180892148	0.20003742166288
18.375	28.75	6.21878494140189e-05	0.800004235780196	1.70607115783452e-08	62.4615128594615	0.200049750279531
18.525	28.75	8.2917892904634e-05	0.800005756507266	1.73080289456962e-08	62.4375058949377	0.200066334314324
18.675	28.75	0.000110868699586781	0.800007819347783	1.75472164342911e-08	62.4134965937211	0.200088694959669
18.825	28.75	0.000148620256164952	0.800010614461936	1.77780624296465e-08	62.3894841387784	0.200118896204932
18.975	28.75	0.000199669455664962	0.800014399168935	1.80002781743694e-08	62.3654674213856	0.200159735564532
19.125	28.75	0.000268753043893316	0.800019522396726	1.8213614793054e-08	62.3414449376028	0.200215002435115
19.275	28.75	0.000362286156889501	0.800026456646665	1.84173802223613e-08	62.3174146481981	0.200289828925512
19.425	28.75	0.000488957303343985	0.80003583779822	1.86110417581812e-08	62.2933737889615	0.200391165842675
19.575	28.75	0.00066053118660288	0.800048513001131	1.87934851290245e-08	62.2693186139224	0.200528424949282
19.725	28.75	0.000892922204630016	0.800065599190344	1.89636231494828e-08	62.2452440485029	0.200714337763704
19.875	28.75	0.00120761711943046	0.800088561183116	1.91196678403462e-08	62.2211432228497	0.200966093695544
20.025	28.75	0.00163355411090699	0.80011932874719	1.92594190365252e-08	62.1970068466775	0.201306843288726
20.175	28.75	0.00220962178164099	0.80016048146543	1.93796076422085e-08	62.1728223739524	0.201767697425313
20.325	28.75	0.00298804035282318	0.800215526968576	1.9476211165831e-08	62.1485728853027	0.202390432282259
20.475	28.75	0.00403902964036014	0.800289265869255	1.95437784247589e-08	62.1242355840258	0.203231223712288
20.625	28.75	0.00545732370753237	0.800388163379425	1.95753350812619e-08	62.0997797552548	0.204365858966026
20.775	28.75	0.00737118402789451	0.800520539441005	1.95615112262324e-08	62.0751639796712	0.205896947222316
20.925	28.75	0.0099544775110338	0.800696282975406	1.94903884093176e-08	62.0503323346769	0.207963582008827
21.075	28.75	0.0134420120985561	0.800925755364239	1.93468698512495e-08	62.0252092795386	0.210753609678845
21.225	28.75	0.0181476177150549	0.801217636441263	1.91130884460562e-08	61.9996929364685	0.214518094172044
21.375	28.75	0.0244834936730434	0.801575702674309	1.87684970242183e-08	61.9736465754227	0.219586794938435
21.525	28.75	0.032978263130669	0.801994866125348	1.82926060434902e-08	61.9468883046333	0.226382610504535
21.675	28.75	0.0442900724150879	0.802457168555081	1.76678010660335e-08	61.9191792680013	0.23543205793207
21.825	28.75	0.0592098321378169	0.802928780703103	1.6884618112745e-08	61.8902110618547	0.247367865710254
21.975	28.75	0.0786480168915057	0.803359394136944	1.59467424304741e-08	61.8595936343613	0.262918413513205
22.125	28.75	0.103596190937982	0.803685577394226	1.48743632619871e-08	61.8268456686385	0.282876952750386
22.275	28.75	0.135052303300186	0.803839322680746	1.37049475268543e-08	61.7913903962305	0.308041842640149
22.425	28.75	0.173898994187347	0.803761738921933	1.24885648998665e-08	61.752560824795	0.339119195349878
22.575	28.75	0.220730585634111	0.803419690638259	1.12808291848736e-08	61.7096190859836	0.376584468507289
22.725	28.75	0.275641527578876	0.802820787596827	1.01334966239413e-08	61.6617942116388	0.420513222063101
22.875	28.75	0.338017857175084	0.802020575811796	9.0872918838477e-09	61.6083400591441	0.470414285740067
23.025	28.75	0.406404724286138	0.801116448730098	8.16806701672224e-09	61.548609630743	0.525123779428911
23.175	28.75	0.478534573171458	0.800226926870184	7.38657484067419e-09	61.4821344699482	0.582827658537166
23.325	28.75	0.551566087605769	0.799461969436124	6.74126795838956e-09	61.4086913149171	0.641252870084615
23.475	28.75	0.622501308728468	0.798895928180755	6.2217937546314e-09	61.3283372852209	0.698001046982774
23.625	28.75	0.688659258580229	0.798554408407584	5.81293055662164e-09	61.241402256627	0.750927406864183
23.775	28.75	0.748051810792877	0.798418742072546	5.49775424915481e-09	61.1484403678772	0.798441448634302
23.925	28.75	0.799557781637818	0.798442567213654	5.25964085818611e-09	61.0501550715158	0.839646225310255
24.075	28.75	0.84288647077924	0.798570848029955	5.08344839581529e-09	60.9473175815708	0.874309176623392
24.225	28.75	0.878398156334854	0.798753959701113	4.95612522299861e-09	60.8406957253309	0.902718525067883
24.375	28.75	0.906872100654924	0.7989544905366	4.86687836066647e-09	60.7310025826528	0.92549768052394
24.525	28.75	0.929292198317585	0.799148193996425	4.80684523595034e-09	60.6188665669802	0.943433758654068
24.675	28.75	0.946685094192902	0.799321770393241	4.76906120136761e-09	60.5048195673377	0.957348075354321
24.825	28.75	0.960016774721279	0.799469689884174	4.74797329241553e-09	60.3892978194377	0.968013419777023
24.975	28.75	0.970138073133906	0.799591290620207	4.73928287390056e-09	60.2726503507838	0.976110458507125
25.125	28.75	0.977764769272776	0.799688594771204	4.73967523115059e-09	60.155150993046	0.982211815418221
25.275	28.75	0.983479107312481	0.799764849715445	4.74663298551234e-09	60.037011274852	0.986783285849985
25.425	28.75	0.987742791137929	0.799823638486545	4.7582041255776e-09	59.9183926171532	0.990194232910343
25.575	28.75	0.990914817887656	0.799868384463423	4.77299046044439e-09	59.7994170485996	0.992731854310125
25.725	28.75	0.993270126805012	0.799902109419226	4.78986847207562e-09	59.6801761697995	0.99461610144401
25.875	28.75	0.995016874814643	0.799927345862149	4.80807267069351e-09	59.5607383933174	0.996013499851714
26.025	28.75	0.996311339968555	0.799946138172996	4.82695861604139e-09	59.4411546391857	0.997049071974844
26.175	28.75	0.99727017612856	0.799960090355497	4.84616895268613e-09	59.3214627269088	0.997816140902848
26.325	28.75	0.997980145946017	0.799970433719887	4.86533555443673e-09	59.2016907121152	0.998384116756814
26.475	28.75	0.99850565470788	0.79997809822257	4.88423590880628e-09	59.0818593944385	0.998804523766304
26.625	28.75	0.998894473358487	0.799983778315578	4.90272036417839e-09	58.9619841890896	0.999115578686789
26.775	28.75	0.999182029808763	0.799987989010736	4.92066905820195e-09	58.842076517755	0.99934562384701
26.925	28.75	0.999394600870413	0.799991111015242	4.93800074119087e-09	58.7221448403052	0.999515680696331
27.075	28.75	0.999551676931342	0.799993425627687	4.95465066535652e-09	58.6021954197917	0.999641341545074
27.225	28.75	0.999667711987728	0.799995140959592	4.97060827705953e-09	58.4822328899387	0.999734169590182
27.375	28.75	0.999753419908876	0.799996411283059	4.98582634788685e-09	58.3622606764147	0.999802735927101
27.525	28.75	0.999816736207432	0.799997351175562	5.00029630631283e-09	58.2422813097189	0.999853388965946
27.675	28.75	0.999863532816644	0.799998045843388	5.01406268173084e-09	58.1222966575937	0.999890826253315
27.825	28.75	0.999898149900316	0.799998558682461	5.02706333714714e-09	58.0023080976011	0.999918519920253
27.975	28.75	0.999923791678272	0.799998936850142	5.03933448957777e-09	57.8823166451729	0.999939033342617
28.125	28.75	0.999942820940991	0.799999215397078	5.05089619696667e-09	57.7623230485244	0.999954256752792
28.275	28.75	0.999956977996995	0.799999420346997	5.0617426253282e-09	57.6423278589223	0.999965582397596
28.425	28.75	0.99996754325589	0.799999570997976	5.07192276372462e-09	57.5223314826389	0.999974034604712
28.575	28.75	0.999975457806068	0.799999681643598	5.08141819083617e-09	57.4023342193145	0.999980366244854
28.725	28.75	0.99998141272897	0.799999762857836	5.09024051414631e-09	57.2823362902452	0.999985130183176
28.875	28.75	0.999985915176923	0.799999822454249	5.09844474870701e-09	57.1623378592121	0.999988732141538
29.025	28.75	0.999989337201666	0.799999866199262	5.10601763449384e-09	57.0423390477943	0.999991469761333
29.175	28.75	0.999991951790859	0.799999898342235	5.11297081245959e-09	56.9223399466093	0.999993561432687
29.325	28.75	0.999993959424959	0.799999922009228	5.11936580082829e-09	56.8023406235476	0.999995167539967
29.475	28.75	0.999995507614431	0.799999939495183	5.12516935446874e-09	56.6823411297968	0.999996406091545
29.625	28.75	0.999996705242178	0.799999952480431	5.13043262139966e-09	56.5623415042371	0.999997364193743
29.775	28.75	0.999997633065882	0.799999962191862	5.13515194541714e-09	56.4423417766461	0.999998106452706
29.925	28.75	0.999998351385302	0.799999969522028	5.13935759502863e-09	56.3223419700308	0.999998681108242
30.075	28.75	0.999998905620675	0.799999975117773	5.14306439734809e-09	56.2023421023235	0.99999912449654
30.225	28.75	0.999999330355714	0.799999979446094	5.14628748505062e-09	56.0823421876163	0.999999464284571
30.375	28.75	0.99999965225598	0.799999982842559	5.14903816887726e-09	55.9623422370614	0.999999721804784
30.525	28.75	0.999999892166605	0.799999985547578	5.15133130291286e-09	55.8423422595304	0.999999913733284
30.675	28.75	1.00000006661444	0.799999987732709	5.15319191122672e-09	55.7223422621011	1.00000005329155
30.825	28.75	1.00000018888044	0.799999989520339	5.15461760857414e-09	55.6023422504206	1.00000015110435
30.975	28.75	1.00000026976429	0.799999990997709	5.15564983583217e-09	55.48234222898	1.00000021581144
31.125	28.75	1.00000031813024	0.799999992227663	5.15630681892542e-09	55.3623422013266	1.00000025450419
31.275	28.75	1.00000034129913	0.799999993255728	5.15658347908224e-09	55.2423421702307	1.0000002730393
31.425	28.75	1.00000034533335	0.799999994115655	5.15648797642685e-09	55.1223421378204	1.00000027626668
31.575	28.75	1.00000033524795	0.799999994833266	5.15604643346407e-09	55.002342105692	1.00000026819836
31.725	28.75	1.00000031517155	0.79999999542887	5.15526658792024e-09	54.8823420750028	1.00000025213724
31.875	28.75	1.00000028847337	0.799999995919088	5.15417511095506e-09	54.7623420465504	1.00000023077869
32.025	28.75	1.00000025786737	0.799999996318171	5.15277743949085e-09	54.6423420208402	1.0000002062939
32.175	28.75	1.00000022550098	0.799999996638517	5.15109241795358e-09	54.5223419981444	1.00000018040078
32.325	28.75	1.00000019303284	0.799999996891397	5.14911857393882e-09	54.4023419785525	1.00000015442627
32.475	28.75	1.00000016170284	0.79999999708696	5.14688902200315e-09	54.2823419620147	1.00000012936227
32.625	28.75	1.00000013239567	0.799999997234435	5.14441339698657e-09	54.1623419483795	1.00000010591653
32.775	28.75	1.00000010569879	0.799999997342386	5.14168965170152e-09	54.0423419374244	1.00000008455903
32.925	28.75	1.0000000819555	0.799999997418385	5.13872299215414e-09	53.9223419288826	1.0000000655644
33.075	28.75	1.00000006131282	0.799999997469426	5.1355738991934e-09	53.8023419224634	1.00000004905025
33.225	28.75	1.00000004376438	0.799999997501516	5.13218552690532e-09	53.6823419178697	1.0000000350115
33.375	28.75	1.00000002918826	0.799999997519866	5.1286162256975e-09	53.5623419148102	1.00000002335061
33.525	28.75	1.0000000173799	0.799999997529045	5.12486291906172e-09	53.4423419130096	1.00000001390392
33.675	28.75	1.00000000808003	0.799999997532708	5.12094377761286e-09	53.3223419122146	1.00000000646403
33.825	28.75	1.00000000099792	0.799999997533894	5.11685573236184e-09	53.2023419121984	1.00000000079834
33.975	28.75	0.99999999583031	0.799999997534973	5.11261708356714e-09	53.0823419127628	0.999999996664248
34.125	28.75	0.999999992276165	0.799999997537819	5.1082615072336e-09	52.9623419137385	0.999999993820932
34.275	28.75	0.9999999900479	0.799999997543596	5.10376219025255e-09	52.8423419149845	0.99999999203832
34.425	28.75	0.999999988879283	0.799999997553219	5.09913013238818e-09	52.7223419163862	0.999999991103427
34.575	28.75	0.999999988530639	0.799999997567131	5.09439121617177e-09	52.6023419178537	0.999999990824511
34.725	28.75	0.999999988791742	0.799999997585442	5.08957650072884e-09	52.4823419193182	0.999999991033393
34.875	28.75	0.999999989482807	0.799999997608172	5.08464896148679e-09	52.36234192073	0.999999991586245
35.025	28.75	0.999999990454012	0.799999997635052	5.07963961401521e-09	52.2423419220551	0.99999999236321
35.175	28.75	0.999999991583958	0.799999997665643	5.07456345245066e-09	52.1223419232724	0.999999993267167
35.325	28.75	0.999999992777321	0.799999997699598	5.06940313367422e-09	52.0023419243713	0.999999994221857
35.475	28.75	0.999999993962069	0.799999997736412	5.06421278372646e-09	51.8823419253492	0.999999995169655
35.625	28.75	0.999999995086356	0.799999997775528	5.05896401620063e-09	51.7623419262096	0.999999996069085
35.775	28.75	0.999999996115359	0.799999997816502	5.05368826863709e-09	51.64234192696	0.999999996892287
35.925	28.75	0.999999997028289	0.799999997858874	5.048361870143e-09	51.5223419276105	0.999999997622631
36.075	28.75	0.999999997815458	0.799999997902295	5.04301348652316e-09	51.4023419281729	0.999999998252366
36.225	28.75	0.999999998475749	0.799999997946328	5.03764789183328e-09	51.2823419286593	0.999999998780599
36.375	28.75	0.99999999901429	0.799999997990632	5.03227976414767e-09	51.1623419290817	0.999999999211432
36.525	28.75	0.999999999440461	0.799999998035061	5.02691629477921e-09	51.0423419294513	0.999999999552369
36.675	28.75	0.999999999766342	0.799999998079375	5.02154973370883e-09	50.9223419297786	0.999999999813074
36.825	28.75	1.00000000000535	0.799999998123424	5.01619937127097e-09	50.8023419300724	1.00000000000428
36.975	28.75	1.00000000017135	0.799999998167063	5.01086357221354e-09	50.6823419303405	1.00000000013708
37.125	28.75	1.00000000027792	0.799999998210218	5.00555085553348e-09	50.5623419305894	1.00000000022234
37.275	28.75	1.00000000033771	0.799999998252847	5.000278270859e-09	50.4423419308241	1.00000000027017
37.425	28.75	1.00000000036183	0.799999998294773	4.99503207699339e-09	50.3223419310487	1.00000000028946
37.575	28.75	1.00000000035913	0.799999998335953	4.9898352261845e-09	50.2023419312662	1.0000000002873
37.725	28.75	1.00000000033565	0.799999998376496	4.98468430973583e-09	50.082341931479	1.00000000026852
37.875	28.75	1.00000000029551	0.799999998417056	4.97958961946875e-09	49.9623419316888	1.00000000023641
38.025	28.75	1.00000000024451	0.7999999984586	4.97456045407906e-09	49.8423419318971	1.00000000019561
38.175	28.75	1.00000000019655	0.799999998501899	4.96959937558648e-09	49.7223419321043	1.00000000015724
38.325	28.75	1.00000000017804	0.799999998545297	4.96469986160892e-09	49.6023419323088	1.00000000014243
38.475	28.75	1.0000000002182	0.799999998582704	4.95988815122893e-09	49.4823419325065	1.00000000017456
38.625	28.75	1.00000000031038	0.799999998603598	4.95515393641683e-09	49.3623419326921	1.0000000002483
38.775	28.75	1.00000000034601	0.799999998601335	4.95050821671208e-09	49.2423419328659	1.00000000027681
38.925	28.75	1.00000000007386	0.79999999859397	4.94593504675035e-09	49.1223419330453	1.00000000005909
39.075	28.75	0.999999999212025	0.799999998647647	4.9414703250704e-09	49.0023419332735	0.99999999936962
39.225	28.75	0.999999997861586	0.799999998871169	4.93711550180797e-09	48.8823419336023	0.999999998289269
39.375	28.75	0.999999997187168	0.799999999326062	4.93285094123021e-09	48.7623419340227	0.999999997749734
39.525	28.75	0.999999999800278	0.799999999818653	4.92869719640433e-09	48.6423419343446	0.999999999840222
39.675	28.75	1.00000000854992	0.799999999670423	4.9246620763425e-09	48.5223419341155	1.00000000683993
39.825	28.75	1.00000002228112	0.799999997798737	4.92074195075655e-09	48.4023419328018	1.00000001782489
39.975	28.75	1.00000002906866	0.799999993639972	4.91694681448942e-09	48.2823419304979	1.00000002325493
40.125	28.75	1.00000000269437	0.799999989178865	4.91326637299738e-09	48.1623419291287	1.0000000021555
40.275	28.75	0.999999915051614	0.799999991092162	4.90971697175077e-09	48.0423419332269	0.999999932041291
40.425	28.75	0.99999977787522	0.800000009765305	4.90628860110591e-09	47.9223419481111	0.999999822300176
40.575	28.75	0.999999707649958	0.800000050303387	4.90300658841966e-09	47.8023419729453	0.999999766119966
40.725	28.75	0.999999957517783	0.800000093517916	4.89985498876774e-09	47.6823419891513	0.999999966014227
40.875	28.75	1.00000079734944	0.800000076723578	4.89684943438081e-09	47.5623419530465	1.00000063787955
41.025	28.75	1.00000212196184	0.799999904206248	4.893981807675e-09	47.4423418130432	1.00000169756947
41.175	28.75	1.00000285290253	0.799999530075483	4.89125562503925e-09	47.322341574368	1.00000228232203
41.325	28.75	1.00000065163094	0.799999127823127	4.88868627091293e-09	47.2023414062635	1.00000052130476
41.475	28.75	0.999993003857982	0.799999255379655	4.88630957098742e-09	47.0823417109081	0.999994403086385
41.625	28.75	0.999980706637761	0.800000755986374	4.88407547312506e-09	46.9623429729077	0.999984565310208
41.775	28.75	0.999973138464047	0.800004040613407	4.88199014895586e-09	46.8423451884412	0.999978510771238
41.925	28.75	0.999990827520818	0.800007657531098	4.87997862023086e-09	46.7223469181646	0.999992662016654
42.075	28.75	1.00005637953646	0.80000693615373	4.87792500719149e-09	46.6023446523148	1.00004510362917
42.225	28.75	1.00016528886145	0.799994824030731	4.8758777297942e-09	46.4823340123536	1.00013223108916
42.375	28.75	1.00024184955283	0.799967674104815	4.87410925735781e-09	46.3623144698495	1.00019347964226
42.525	28.75	1.00011633628441	0.79993655038442	4.87328663802127e-09	46.2422972768844	1.00009306902753
42.675	28.75	0.999594226904353	0.79993786058468	4.8741841112242e-09	46.1223111699391	0.999675381523482
42.825	28.75	0.998683926302117	0.800027372379619	4.87677547812998e-09	46.0023938210919	0.998947141041693
42.975	28.75	0.99794467322282	0.800237006764205	4.8789072313554e-09	45.882555653021	0.998355738578256
43.125	28.75	0.998684258976474	0.800490005404391	4.87542652182859e-09	45.7627174587142	0.998947407181179
43.275	28.75	1.00248296175462	0.80052297508207	4.86024497882359e-09	45.6426614284091	1.00198636940369
43.425	28.75	1.00955927623086	0.799934825514535	4.83263014519777e-09	45.5220835258862	1.00764742098469
43.575	28.75	1.01623380736349	0.79847988155386	4.80695743780743e-09	45.4008457492434	1.01298704589079
43.725	28.75	1.01328677098538	0.796573391781796	4.81808931205044e-09	45.2794285929606	1.01062941678831
43.875	28.75	0.98868089776062	0.795833250581537	4.91397846727347e-09	45.1593335985337	0.990944718208496
44.025	28.75	0.938367896685464	0.799351007266856	5.12268248350406e-09	45.0428405660891	0.950694317348372
44.175	28.75	0.884673133536692	0.810192428673596	5.36630768871258e-09	44.9313520604812	0.907738506829354
44.325	28.75	0.889127901623921	0.824441952867746	5.34667527698595e-09	44.8222077064545	0.911302321299136
44.475	28.75	1.03257195123361	0.826489829116129	4.74942420700858e-09	44.7059573008537	1.02605756098689
44.625	28.75	1.34924434157162	0.808622133071105	3.80880193252052e-09	44.5677998649815	1.27939547325729
44.775	28.75	1.76408811765777	0.709537047593448	3.02377755977856e-09	44.3955930518657	1.61127049412622
44.925	28.75	2.11154506574082	0.83463681426981	2.57849728778974e-09	44.2248230321985	1.88923605259265
0.075	29.25	3.47473594161931e-16	0.399999999679794	-3.1493610597665e-08	65.3895333681434	0.2
0.225	29.25	1.09796498678783e-15	0.799999999039455	-3.14792900553201e-08	65.3655333681626	0.200000000000001
0.375	29.25	2.54818930452376e-15	0.799999998400054	-3.14507145683481e-08	65.341533368201	0.200000000000002
0.525	29.25	4.61626582136779e-15	0.799999997761343	-3.14079705286398e-08	65.3175333682586	0.200000000000004
0.675	29.25	7.14881702207832e-15	0.799999997124198	-3.13508177593263e-08	65.2935333683353	0.200000000000006
0.825	29.25	9.93588428951452e-15	0.799999996488457	-3.12797248443637e-08	65.2695333684312	0.200000000000008
0.975	29.25	1.27379704722337e-14	0.799999995854255	-3.11944735435229e-08	65.245533368546	0.20000000000001
1.125	29.25	1.52997074420316e-14	0.79999999522351	-3.10952618435282e-08	65.2215333686799	0.200000000000012
1.275	29.25	1.73403389336023e-14	0.799999994594856	-3.09818383293733e-08	65.1975333688326	0.200000000000014
1.425	29.25	1.85241247412903e-14	0.799999993969832	-3.08546899779736e-08	65.1735333690042	0.200000000000015
1.575	29.25	1.84215049096874e-14	0.799999993348015	-3.07137296775942e-08	65.1495333691944	0.200000000000015
1.725	29.25	1.64738683531784e-14	0.799999992729908	-3.05591203172948e-08	65.1255333694033	0.200000000000013
1.875	29.25	1.19727216611929e-14	0.799999992116174	-3.0390974755215e-08	65.1015333696306	0.20000000000001
2.025	29.25	4.06047150293649e-15	0.799999991506588	-3.02094074310324e-08	65.0775333698763	0.200000000000003
2.175	29.25	-8.24291993478644e-15	0.799999990902987	-3.00145847453529e-08	65.0535333701402	0.199999999999993
2.325	29.25	-2.59845100031583e-14	0.799999990303596	-2.98065823836812e-08	65.0295333704222	0.199999999999979
2.475	29.25	-5.01910931865961e-14	0.799999989709713	-2.95856828810777e-08	65.005533370722	0.19999999999996
2.625	29.25	-8.17460233458153e-14	0.799999989122563	-2.9352043715026e-08	64.9815333710396	0.199999999999935
2.775	29.25	-1.21225244740862e-13	0.799999988541236	-2.91057359473476e-08	64.9575333713747	0.199999999999903
2.925	29.25	-1.68687695845811e-13	0.799999987966172	-2.88469149778175e-08	64.9335333717271	0.199999999999865
3.075	29.25	-2.23416652326001e-13	0.799999987397581	-2.85760200015442e-08	64.9095333720967	0.199999999999821
3.225	29.25	-2.83611675751293e-13	0.799999986837126	-2.82930984425264e-08	64.8855333724833	0.199999999999773
3.375	29.25	-3.46035693907085e-13	0.79999998628384	-2.79983476147971e-08	64.8615333728866	0.199999999999723
3.525	29.25	-4.05628548970133e-13	0.799999985737393	-2.76919604636817e-08	64.8375333733064	0.199999999999676
3.675	29.25	-4.55107090287077e-13	0.799999985200087	-2.73743294459796e-08	64.8135333737424	0.199999999999636
3.825	29.25	-4.84582707865652e-13	0.79999998467021	-2.70455970866752e-08	64.7895333741944	0.199999999999612
3.975	29.25	-4.8123993448541e-13	0.799999984148875	-2.67058690339208e-08	64.7655333746623	0.199999999999615
4.125	29.25	-4.29134294125821e-13	0.799999983636463	-2.6355600200495e-08	64.7415333751456	0.199999999999657
4.275	29.25	-3.09183352198927e-13	0.799999983133307	-2.59949871910001e-08	64.7175333756442	0.199999999999753
4.425	29.25	-9.94412856370863e-14	0.799999982639055	-2.56242463222542e-08	64.6935333761577	0.19999999999992
4.575	29.25	2.24237078334145e-13	0.799999982154418	-2.52436495020363e-08	64.6695333766858	0.200000000000179
4.725	29.25	6.87023379232535e-13	0.799999981679047	-2.48535842730194e-08	64.6455333772284	0.20000000000055
4.875	29.25	1.31330568391455e-12	0.799999981213935	-2.4454131753912e-08	64.6215333777849	0.200000000001051
5.025	29.25	2.12411101618388e-12	0.799999980759372	-2.40456155198059e-08	64.5975333783553	0.200000000001699
5.175	29.25	3.13363854372703e-12	0.799999980313824	-2.36285983647061e-08	64.573533378939	0.200000000002507
5.325	29.25	4.34480366316964e-12	0.79999997987977	-2.32031326844101e-08	64.5495333795358	0.200000000003476
5.475	29.25	5.74373337699714e-12	0.799999979456084	-2.27694469990135e-08	64.5255333801454	0.200000000004595
5.625	29.25	7.2932155223433e-12	0.799999979042668	-2.23280205062672e-08	64.5015333807674	0.200000000005835
5.775	29.25	8.92519295303547e-12	0.799999978640584	-2.18789526761632e-08	64.4775333814014	0.20000000000714
5.925	29.25	1.05325122122944e-11	0.799999978249252	-2.1422664472293e-08	64.4535333820472	0.200000000008426
6.075	29.25	1.19602876626798e-11	0.799999977869514	-2.09595804849948e-08	64.4295333827044	0.200000000009568
6.225	29.25	1.2997427666046e-11	0.799999977500589	-2.04898758421883e-08	64.4055333833728	0.200000000010398
6.375	29.25	1.33690888287824e-11	0.79999997714316	-2.00136276433473e-08	64.3815333840519	0.200000000010695
6.525	29.25	1.27310737966091e-11	0.799999976796995	-1.953172467028e-08	64.3575333847416	0.200000000010185
6.675	29.25	1.06674607179117e-11	0.799999976462705	-1.90439156570848e-08	64.3335333854416	0.200000000008534
6.825	29.25	6.69303636101795e-12	0.799999976140354	-1.8550679826436e-08	64.3095333861518	0.200000000005354
6.975	29.25	2.6238328306234e-13	0.79999997582945	-1.80525101659503e-08	64.2855333868719	0.20000000000021
7.125	29.25	-9.21227892232133e-12	0.799999975530142	-1.75495068450577e-08	64.261533387602	0.19999999999263
7.275	29.25	-2.2332206736952e-11	0.799999975242642	-1.70421226224558e-08	64.2375333883419	0.199999999982134
7.425	29.25	-3.96698119982664e-11	0.799999974967521	-1.65305656245068e-08	64.2135333890917	0.199999999968264
7.575	29.25	-6.17105603294405e-11	0.799999974705055	-1.60152713483541e-08	64.1895333898514	0.199999999950632
7.725	29.25	-8.87769703215867e-11	0.799999974453657	-1.5496232045137e-08	64.1655333906213	0.199999999928978
7.875	29.25	-1.20933064906372e-10	0.799999974215467	-1.49740456492082e-08	64.1415333914013	0.199999999903254
8.025	29.25	-1.57868394546872e-10	0.799999973988965	-1.44489699316882e-08	64.1175333921916	0.199999999873705
8.175	29.25	-1.98761874649317e-10	0.799999973775805	-1.39212095972683e-08	64.0935333929922	0.199999999840991
8.325	29.25	-2.42127209601753e-10	0.799999973575023	-1.33913709842086e-08	64.0695333938032	0.199999999806298
8.475	29.25	-2.85643655960515e-10	0.799999973386979	-1.28592077230971e-08	64.0455333946242	0.199999999771485
8.625	29.25	-3.25978335747252e-10	0.799999973212061	-1.23254904093954e-08	64.0215333954548	0.199999999739217
8.775	29.25	-3.58609253248951e-10	0.799999973050334	-1.17901911608896e-08	63.9975333962941	0.199999999713113
8.925	29.25	-3.77661571263733e-10	0.799999972901393	-1.12537823364118e-08	63.9735333971406	0.199999999697871
9.075	29.25	-3.75773503272669e-10	0.799999972765776	-1.0716546228073e-08	63.9495333979925	0.199999999699381
9.225	29.25	-3.4401226796134e-10	0.799999972643382	-1.01787574816325e-08	63.9255333988468	0.19999999972479
9.375	29.25	-2.71864769013914e-10	0.799999972533931	-9.64050285592108e-09	63.9015333997	0.199999999782508
9.525	29.25	-1.47331781403354e-10	0.79999997243694	-9.1022815473513e-09	63.877533400547	0.199999999882135
9.675	29.25	4.28418453029219e-11	0.799999972352668	-8.56410412877407e-09	63.853533401382	0.200000000034273
9.825	29.25	3.12765477064446e-10	0.79999997227998	-8.02658430464024e-09	63.8295334021976	0.200000000250212
9.975	29.25	6.76792189166268e-10	0.799999972218288	-7.48966725323125e-09	63.8055334029852	0.200000000541434
10.125	29.25	1.14866204625224e-09	0.799999972166578	-6.95378691633996e-09	63.7815334037346	0.20000000091893
10.275	29.25	1.74036384041471e-09	0.799999972123758	-6.41905712021328e-09	63.7575334044346	0.200000001392291
10.425	29.25	2.4606848481365e-09	0.799999972088003	-5.88591817455364e-09	63.733533405073	0.200000001968548
10.575	29.25	3.3134264479298e-09	0.799999972057743	-5.35441436456853e-09	63.7095334056369	0.200000002650741
10.725	29.25	4.29527569015405e-09	0.799999972030926	-4.82477772472936e-09	63.6855334061134	0.200000003436221
10.875	29.25	5.39333964498552e-09	0.799999972004881	-4.29742835141834e-09	63.6615334064903	0.200000004314672
11.025	29.25	6.58237099097417e-09	0.799999971977411	-3.77238680537527e-09	63.6375334067576	0.200000005265897
11.175	29.25	7.82174010523642e-09	0.799999971945701	-3.25000828950902e-09	63.6135334069079	0.200000006257392
11.325	29.25	9.05224093146079e-09	0.799999971907008	-2.73042984808559e-09	63.589533406939	0.200000007241793
11.475	29.25	1.01928549184234e-08	0.799999971858808	-2.21377080975906e-09	63.5655334068554	0.200000008154284
11.625	29.25	1.11376388052514e-08	0.799999971798734	-1.70037171279066e-09	63.5415334066705	0.200000008910111
11.775	29.25	1.17529470711903e-08	0.799999971724717	-1.19046433361927e-09	63.5175334064091	0.200000009402358
11.925	29.25	1.18752471486529e-08	0.799999971635883	-6.84013171901733e-10	63.4935334061104	0.200000009500198
12.075	29.25	1.13098332653273e-08	0.799999971531709	-1.81453055769554e-10	63.4695334058309	0.200000009047867
12.225	29.25	9.8307908490847e-09	0.79999997141352	3.17197766801359e-10	63.445533405647	0.200000007864633
12.375	29.25	7.18260521472845e-09	0.799999971284297	8.11810535385485e-10	63.4215334056586	0.200000005746084
12.525	29.25	3.083842844916e-09	0.799999971148597	1.30190496845427e-09	63.3975334059909	0.200000002467074
12.675	29.25	-2.76664213012215e-09	0.799999971013485	1.7876556678572e-09	63.3735334067976	0.199999997786686
12.825	29.25	-1.06805127862012e-08	0.799999970889431	2.26892739482142e-09	63.3495334082613	0.19999999145559
12.975	29.25	-2.09673075769453e-08	0.79999997078902	2.74527415156204e-09	63.3255334105949	0.199999983226154
13.125	29.25	-3.39179178886561e-08	0.799999970728771	3.21670006994942e-09	63.3015334140397	0.199999972865666
13.275	29.25	-4.97837950427299e-08	0.799999970729285	3.68322629473792e-09	63.2775334188634	0.199999960172964
13.425	29.25	-6.87515604545263e-08	0.799999970814115	4.14450856751024e-09	63.2535334253544	0.199999944998752
13.575	29.25	-9.091277340938e-08	0.799999971011119	4.60045629538831e-09	63.2295334338148	0.199999927269781
13.725	29.25	-1.16228703128342e-07	0.799999971353004	5.05103760806751e-09	63.205533444549	0.199999907017037
13.875	29.25	-1.44490045651073e-07	0.79999997187548	5.49608306519041e-09	63.1815334578496	0.199999884407964
14.025	29.25	-1.75271606277806e-07	0.799999972618559	5.93538877692413e-09	63.1575334739786	0.199999859782715
14.175	29.25	-2.07882012510814e-07	0.799999973626071	6.36900076862807e-09	63.1335334931446	0.19999983369439
14.325	29.25	-2.41308499121649e-07	0.799999974946848	6.79669460625597e-09	63.1095335154743	0.199999806953201
14.475	29.25	-2.74156672937418e-07	0.799999976632342	7.21846988726647e-09	63.085533540979	0.199999780674662
14.625	29.25	-3.04584861946429e-07	0.799999978740449	7.63417542937845e-09	63.0615335695145	0.19999975633211
14.775	29.25	-3.30232103749064e-07	0.799999981334963	8.04368708578378e-09	63.0375336007349	0.199999735814317
14.925	29.25	-3.48137929493183e-07	0.799999984489114	8.44694366260587e-09	63.0135336340389	0.199999721489656
15.075	29.25	-3.546507157993e-07	0.799999988289563	8.84395828272217e-09	62.989533668508	0.199999716279427
15.225	29.25	-3.45319330554717e-07	0.799999992842572	9.23465263340458e-09	62.9655337028345	0.199999723744536
15.375	29.25	-3.14759854369899e-07	0.799999998284656	9.61890970725679e-09	62.9415337352388	0.199999748192117
15.525	29.25	-2.56485009263295e-07	0.800000004796319	9.99654673494449e-09	62.9175337633713	0.199999794811993
15.675	29.25	-1.62678162563318e-07	0.800000012623123	1.03675036369125e-08	62.8935337841961	0.19999986985747
15.825	29.25	-2.38858576772321e-08	0.800000022105826	1.07319988980855e-08	62.8695337938481	0.199999980891314
15.975	29.25	1.71407964301983e-07	0.800000033720598	1.1089744982193e-08	62.8455337874558	0.200000137126371
16.125	29.25	4.37377510344278e-07	0.800000048136649	1.14406679924493e-08	62.8215337589146	0.200000349902008
16.275	29.25	7.9169165907892e-07	0.800000066293747	1.1784893749631e-08	62.7975337005912	0.200000633353327
16.425	29.25	1.25668929619933e-06	0.800000089510035	1.21222464707807e-08	62.7735336029321	0.200001005351437
16.575	29.25	1.86102711481894e-06	0.800000119627155	1.24526417884582e-08	62.7495334539362	0.200001488821692
16.725	29.25	2.6419816273633e-06	0.800000159206296	1.2776204312975e-08	62.7255332384372	0.200002113585302
16.875	29.25	3.64865156918679e-06	0.800000211795662	1.30928199008367e-08	62.7015329371232	0.200002918921255
17.025	29.25	4.94639307495643e-06	0.800000282286533	1.34023330191561e-08	62.6775325251882	0.20000395711446
17.175	29.25	6.62293540570224e-06	0.800000377397873	1.37049231227081e-08	62.6535319704782	0.200005298348325
17.325	29.25	8.79678005377265e-06	0.800000506323591	1.40004313986804e-08	62.6295312309402	0.200007037424043
17.475	29.25	1.16286956143391e-05	0.800000681611418	1.42887838740442e-08	62.605530251116	0.200009302956491
17.625	29.25	1.53374054998436e-05	0.800000920347653	1.45701664853716e-08	62.581528957332	0.2000122699244
17.775	29.25	2.0220952358593e-05	0.800001245761065	1.48442598726172e-08	62.5575272511099	0.200016176761887
17.925	29.25	2.66857445523734e-05	0.800001689377771	1.51112154103233e-08	62.5335250001575	0.200021348595642
18.075	29.25	3.52859833462187e-05	0.800002293902413	1.53708874621761e-08	62.5095220260734	0.200028228786677
18.225	29.25	4.67770785339029e-05	0.80000311704432	1.56232210629815e-08	62.4855180875951	0.200037421662827
18.375	29.25	6.2187849328402e-05	0.800004236605246	1.58681422928836e-08	62.4615128578167	0.200049750279463
18.525	29.25	8.29178927928528e-05	0.800005757307926	1.61056776354409e-08	62.4375058932685	0.200066334314234
18.675	29.25	0.000110868699440687	0.800007820123789	1.63354874836172e-08	62.4134965920282	0.200088694959553
18.825	29.25	0.000148620255973939	0.80001061521356	1.65573925252374e-08	62.3894841370627	0.200118896204779
18.975	29.25	0.000199669455415238	0.800014399896273	1.6771346045793e-08	62.3654674196476	0.200159735564332
19.125	29.25	0.000268753043567011	0.800019523099541	1.69767404040945e-08	62.3414449358434	0.200215002434854
19.275	29.25	0.000362286156463482	0.800026457324976	1.71733519642177e-08	62.3174146464181	0.200289828925171
19.425	29.25	0.000488957302788473	0.800035838451964	1.73602113062245e-08	62.2933737871614	0.200391165842231
19.575	29.25	0.000660531185879596	0.800048513630632	1.75367131004253e-08	62.2693186121032	0.200528424948704
19.725	29.25	0.000892922203690116	0.800065599795672	1.77015477186247e-08	62.2452440466652	0.200714337762952
19.875	29.25	0.0012076171182117	0.800088561764407	1.78532319472866e-08	62.2211432209942	0.200966093694569
20.025	29.25	0.0016335541093304	0.800119329304163	1.79893068814346e-08	62.1970068448049	0.201306843287464
20.175	29.25	0.00220962177960715	0.800160481998528	1.81071921843069e-08	62.1728223720635	0.201767697423686
20.325	29.25	0.00298804035020703	0.800215527477755	1.82028916242489e-08	62.1485728833982	0.202390432280166
20.475	29.25	0.00403902963700451	0.80028926635464	1.82714326434078e-08	62.1242355821065	0.203231223709604
20.625	29.25	0.00545732370324096	0.80038816384132	1.83059786208302e-08	62.0997797533214	0.204365858962593
20.775	29.25	0.00737118402242358	0.80052053987933	1.82979508550775e-08	62.0751639777244	0.205896947217939
20.925	29.25	0.00995447750408552	0.800696283390958	1.82361573752001e-08	62.0503323327174	0.207963582003268
21.075	29.25	0.013442012089771	0.800925755756753	1.81064609083453e-08	62.0252092775672	0.210753609671817
21.225	29.25	0.0181476177040118	0.801217636811672	1.78918567388527e-08	61.999692934486	0.214518094163209
21.375	29.25	0.0244834936592554	0.801575703022815	1.75734608910891e-08	61.9736465734296	0.219586794927404
21.525	29.25	0.0329782631135922	0.801994866452772	1.71316375421085e-08	61.9468883026304	0.226382610490874
21.675	29.25	0.0442900723941336	0.802457168862213	1.65500769589183e-08	61.9191792659892	0.235432057915307
21.825	29.25	0.0592098321123615	0.802928780990885	1.58196748651669e-08	61.8902110598342	0.247367865689889
21.975	29.25	0.0786480168609248	0.803359394406538	1.49439149260423e-08	61.8595936323328	0.26291841348874
22.125	29.25	0.103596190901688	0.803685577646678	1.394170951051e-08	61.8268456666026	0.282876952721351
22.275	29.25	0.135052303257721	0.803839322917613	1.28479441788891e-08	61.7913903941876	0.308041842606177
22.425	29.25	0.173898994138482	0.803761739144545	1.17098668682973e-08	61.7525608227454	0.339119195310786
22.575	29.25	0.220730585579003	0.803419690847974	1.05794282052039e-08	61.7096190839275	0.376584468463202
22.725	29.25	0.275641527518223	0.802820787794927	9.50530403833197e-09	61.6617942095761	0.420513222014578
22.875	29.25	0.33801785711024	0.802020575999564	8.52573393178426e-09	61.6083400570747	0.470414285688192
23.025	29.25	0.406404724219128	0.801116448908401	7.66503527628378e-09	61.5486096286663	0.525123779375302
23.175	29.25	0.478534573104759	0.800226927039954	6.93351540467084e-09	61.4821344678635	0.582827658483807
23.325	29.25	0.551566087541985	0.799461969598219	6.32968382373894e-09	61.4086913128236	0.641252870033588
23.475	29.25	0.62250130866992	0.798895928335839	5.84388971657102e-09	61.3283372831173	0.698001046935936
23.625	29.25	0.68865925852858	0.798554408556313	5.46200625632537e-09	61.2414022545122	0.750927406822864
23.775	29.25	0.748051810748967	0.798418742215406	5.16818051250993e-09	61.14844036575	0.798441448599173
23.925	29.25	0.799557781601728	0.798442567351154	4.94672762933564e-09	61.0501550693752	0.839646225281382
24.075	29.25	0.842886470750441	0.798570848162365	4.78356015686836e-09	60.9473175794159	0.874309176600352
24.225	29.25	0.878398156312453	0.798753959828801	4.66638632984866e-09	60.8406957231611	0.902718525049962
24.375	29.25	0.906872100637871	0.798954490659781	4.58504136564889e-09	60.7310025804676	0.925497680510296
24.525	29.25	0.929292198304825	0.799148194115186	4.53125609178784e-09	60.6188665647794	0.94343375864386
24.675	29.25	0.946685094183499	0.799321770507788	4.49840824393421e-09	60.5048195651213	0.957348075346799
24.825	29.25	0.960016774714442	0.799469689994637	4.48130148664531e-09	60.3892978172059	0.968013419771553
24.975	29.25	0.970138073128989	0.799591290726665	4.47588977019694e-09	60.2726503485367	0.976110458503191
25.125	29.25	0.977764769269258	0.799688594873777	4.4790442066399e-09	60.155150990784	0.982211815415406
25.275	29.25	0.983479107309983	0.799764849814179	4.48837727113951e-09	60.0370112725753	0.986783285847986
25.425	29.25	0.987742791136163	0.799823638581545	4.50207640602344e-09	59.9183926148624	0.99019423290893
25.575	29.25	0.990914817886424	0.799868384554758	4.51877552470388e-09	59.799417046295	0.992731854309139
25.725	29.25	0.993270126804145	0.799902109507003	4.53745832895382e-09	59.6801761674817	0.994616101443316
25.875	29.25	0.995016874814033	0.799927345946448	4.55734409010237e-09	59.5607383909868	0.996013499851227
26.025	29.25	0.996311339968121	0.799946138253827	4.57790567482362e-09	59.4411546368428	0.997049071974497
26.175	29.25	0.997270176128249	0.799960090433053	4.598702815061e-09	59.3214627245541	0.997816140902599
26.325	29.25	0.99798014594581	0.799970433794125	4.61946168268713e-09	59.2016907097492	0.998384116756648
26.475	29.25	0.998505654707739	0.799978098293601	4.63994003733573e-09	59.0818593920616	0.998804523766191
26.625	29.25	0.998894473358383	0.799983778383496	4.65999760840239e-09	58.9619841867024	0.999115578686706
26.775	29.25	0.99918202980869	0.799987989075657	4.67953844833302e-09	58.8420765153577	0.999345623846952
26.925	29.25	0.999394600870361	0.799991111077153	4.69845715090244e-09	58.7221448378985	0.999515680696289
27.075	29.25	0.999551676931303	0.799993425686681	4.71672104784977e-09	58.602195417376	0.999641341545042
27.225	29.25	0.999667711987702	0.799995141015745	4.73425218879957e-09	58.4822328875143	0.999734169590162
27.375	29.25	0.999753419908859	0.799996411336437	4.75110544527787e-09	58.3622606739821	0.999802735927087
27.525	29.25	0.999816736207423	0.799997351226239	4.76723333325997e-09	58.2422813072785	0.999853388965938
27.675	29.25	0.999863532816644	0.799998045891429	4.78261074985483e-09	58.1222966551459	0.999890826253315
27.825	29.25	0.999898149900304	0.799998558727968	4.79728433011314e-09	58.0023080951463	0.999918519920243
27.975	29.25	0.99992379167827	0.799998936893145	4.81122391183317e-09	57.8823166427114	0.999939033342616
28.125	29.25	0.999942820940982	0.799999215437644	4.82446137202891e-09	57.7623230460567	0.999954256752786
28.275	29.25	0.999956977996981	0.799999420385198	4.83701863194897e-09	57.6423278564487	0.999965582397585
28.425	29.25	0.999967543255877	0.799999571033913	4.84887579756418e-09	57.5223314801597	0.999974034604702
28.575	29.25	0.99997545780606	0.799999681677215	4.86006879702824e-09	57.4023342168301	0.999980366244848
28.725	29.25	0.999981412728975	0.799999762889279	4.87061002400678e-09	57.2823362877559	0.99998513018318
28.875	29.25	0.999985915176928	0.799999822483662	4.88050909710671e-09	57.1623378567183	0.999988732141542
29.025	29.25	0.999989337201678	0.799999866226561	4.88979271938266e-09	57.0423390452963	0.999991469761342
29.175	29.25	0.999991951790865	0.799999898367513	4.89849274974823e-09	56.9223399441072	0.999993561432692
29.325	29.25	0.999993959424966	0.7999999220326	4.90659056211388e-09	56.802340621042	0.999995167539973
29.475	29.25	0.999995507614437	0.799999939516647	4.91412156963407e-09	56.6823411272877	0.99999640609155
29.625	29.25	0.999996705242189	0.799999952500075	4.92108362649233e-09	56.5623415017249	0.999997364193752
29.775	29.25	0.999997633065886	0.799999962209786	4.92753220418512e-09	56.4423417741312	0.999998106452708
29.925	29.25	0.999998351385298	0.79999996953826	4.93346943001589e-09	56.3223419675133	0.999998681108239
30.075	29.25	0.999998905620677	0.799999975132322	4.93886988865308e-09	56.2023420998037	0.999999124496541
30.225	29.25	0.999999330355725	0.799999979459011	4.94379956577853e-09	56.0823421850945	0.99999946428458
30.375	29.25	0.999999652255998	0.799999982853963	4.94825827383154e-09	55.9623422345377	0.999999721804798
30.525	29.25	0.999999892166616	0.799999985557495	4.95225562702025e-09	55.8423422570051	0.999999913733293
30.675	29.25	1.00000006661444	0.799999987741188	4.95581069251106e-09	55.7223422595745	1.00000005329155
30.825	29.25	1.00000018888044	0.799999989527364	4.95895828297818e-09	55.6023422478928	1.00000015110435
30.975	29.25	1.00000026976429	0.799999991003468	4.96167065930536e-09	55.4823422264512	1.00000021581143
31.125	29.25	1.00000031813024	0.799999992232119	4.96397712367383e-09	55.362342198797	1.00000025450419
31.275	29.25	1.00000034129914	0.799999993258902	4.96591783214816e-09	55.2423421677006	1.00000027303931
31.425	29.25	1.00000034533336	0.799999994117664	4.96748986911813e-09	55.1223421352899	1.00000027626669
31.575	29.25	1.00000033524795	0.799999994834081	4.9686859937877e-09	55.0023421031613	1.00000026819836
31.725	29.25	1.00000031517154	0.799999995428631	4.96955986481873e-09	54.8823420724721	1.00000025213723
31.875	29.25	1.00000028847337	0.799999995917771	4.97009143494268e-09	54.7623420440198	1.0000002307787
32.025	29.25	1.00000025786738	0.79999999631581	4.97031190624294e-09	54.6423420183099	1.0000002062939
32.175	29.25	1.00000022550097	0.799999996635248	4.97023070847807e-09	54.5223419956145	1.00000018040078
32.325	29.25	1.00000019303284	0.799999996887129	4.96987709759705e-09	54.4023419760231	1.00000015442627
32.475	29.25	1.00000016170286	0.799999997081825	4.9692152116965e-09	54.2823419594861	1.00000012936228
32.625	29.25	1.00000013239567	0.799999997228482	4.96828032441227e-09	54.1623419458516	1.00000010591654
32.775	29.25	1.00000010569879	0.799999997335572	4.96711331258326e-09	54.0423419348976	1.00000008455903
32.925	29.25	1.0000000819555	0.799999997410862	4.9657098976689e-09	53.9223419263568	1.0000000655644
33.075	29.25	1.00000006131282	0.799999997461136	4.96405592909138e-09	53.8023419199388	1.00000004905025
33.225	29.25	1.00000004376437	0.799999997492551	4.96219087506645e-09	53.6823419153464	1.0000000350115
33.375	29.25	1.00000002918826	0.799999997510287	4.96010911628545e-09	53.5623419122883	1.00000002335061
33.525	29.25	1.0000000173799	0.799999997518763	4.95784632764596e-09	53.4423419104892	1.00000001390392
33.675	29.25	1.00000000808003	0.799999997521862	4.95538561681269e-09	53.3223419096958	1.00000000646402
33.825	29.25	1.00000000099792	0.799999997522521	4.95275061165902e-09	53.2023419096813	1.00000000079834
33.975	29.25	0.999999995830314	0.799999997523144	4.94995239464037e-09	53.0823419102474	0.999999996664251
34.125	29.25	0.999999992276168	0.799999997525475	4.94699274869768e-09	52.9623419112249	0.999999993820934
34.275	29.25	0.999999990047904	0.799999997530793	4.9438908055307e-09	52.8423419124727	0.999999992038323
34.425	29.25	0.999999988879288	0.799999997540024	4.94065099520856e-09	52.7223419138765	0.99999999110343
34.575	29.25	0.999999988530647	0.799999997553495	4.93729084663278e-09	52.6023419153459	0.999999990824518
34.725	29.25	0.999999988791749	0.799999997571494	4.93379555113381e-09	52.4823419168125	0.999999991033399
34.875	29.25	0.999999989482803	0.799999997593939	4.93019759627949e-09	52.3623419182265	0.999999991586242
35.025	29.25	0.999999990454001	0.799999997620469	4.92650994194864e-09	52.2423419195537	0.999999992363201
35.175	29.25	0.999999991583947	0.799999997650854	4.92272575883246e-09	52.1223419207732	0.999999993267157
35.325	29.25	0.999999992777321	0.799999997684537	4.91885653456917e-09	52.0023419218743	0.999999994221857
35.475	29.25	0.999999993962075	0.799999997721136	4.91491343192877e-09	51.8823419228545	0.99999999516966
35.625	29.25	0.999999995086357	0.7999999977601	4.91090551638695e-09	51.7623419237172	0.999999996069086
35.775	29.25	0.999999996115361	0.799999997800911	4.90683251864679e-09	51.6423419244699	0.999999996892288
35.925	29.25	0.999999997028282	0.799999997843181	4.90271865175008e-09	51.5223419251228	0.999999997622625
36.075	29.25	0.999999997815451	0.799999997886455	4.89855468884298e-09	51.4023419256876	0.999999998252361
36.225	29.25	0.999999998475742	0.799999997930416	4.89434520903995e-09	51.2823419261763	0.999999998780593
36.375	29.25	0.999999999014286	0.799999997974708	4.89012085455786e-09	51.1623419266011	0.999999999211429
36.525	29.25	0.999999999440463	0.799999998019093	4.88587279500751e-09	51.0423419269732	0.999999999552371
36.675	29.25	0.999999999766338	0.799999998063389	4.8816058677833e-09	50.9223419273028	0.999999999813071
36.825	29.25	1.00000000000536	0.799999998107452	4.87733658947315e-09	50.802341927599	1.00000000000429
36.975	29.25	1.00000000017136	0.799999998151133	4.87306316355933e-09	50.6823419278696	1.00000000013709
37.125	29.25	1.00000000027792	0.799999998194366	4.86880313077255e-09	50.5623419281208	1.00000000022233
37.275	29.25	1.0000000003377	0.799999998237056	4.86454025292503e-09	50.4423419283579	1.00000000027016
37.425	29.25	1.00000000036183	0.799999998279105	4.86030821949347e-09	50.3223419285848	1.00000000028946
37.575	29.25	1.00000000035913	0.799999998320353	4.85609563605149e-09	50.2023419288047	1.0000000002873
37.725	29.25	1.00000000033566	0.799999998361114	4.85191740428971e-09	50.0823419290198	1.00000000026852
37.875	29.25	1.00000000029551	0.799999998401773	4.84777033344257e-09	49.9623419292319	1.00000000023641
38.025	29.25	1.00000000024451	0.799999998443502	4.84366220161617e-09	49.8423419294425	1.00000000019561
38.175	29.25	1.00000000019655	0.799999998486958	4.83959488383947e-09	49.7223419296519	1.00000000015724
38.325	29.25	1.00000000017804	0.799999998530626	4.8355860137928e-09	49.6023419298587	1.00000000014243
38.475	29.25	1.0000000002182	0.799999998568275	4.83162621691212e-09	49.4823419300586	1.00000000017456
38.625	29.25	1.00000000031037	0.799999998589378	4.82773547190847e-09	49.3623419302463	1.0000000002483
38.775	29.25	1.000000000346	0.799999998587402	4.82390190711308e-09	49.2423419304222	1.0000000002768
38.925	29.25	1.00000000007385	0.799999998580282	4.82015247650843e-09	49.1223419306037	1.00000000005908
39.075	29.25	0.999999999212018	0.799999998634242	4.81647475110596e-09	49.0023419308339	0.999999999369615
39.225	29.25	0.999999997861579	0.799999998858126	4.81285381208766e-09	48.8823419311647	0.999999998289263
39.375	29.25	0.999999997187156	0.79999999931328	4.80935138301606e-09	48.7623419315871	0.999999997749725
39.525	29.25	0.999999999800273	0.799999999806258	4.80590631500566e-09	48.6423419319108	0.999999999840219
39.675	29.25	1.00000000854991	0.799999999658352	4.80257811946968e-09	48.5223419316835	1.00000000683993
39.825	29.25	1.00000002228112	0.799999997787007	4.79933586386351e-09	48.4023419303717	1.0000000178249
39.975	29.25	1.00000002906865	0.799999993628615	4.79617331024886e-09	48.2823419280695	1.00000002325492
40.125	29.25	1.00000000269436	0.799999989167887	4.79315053953371e-09	48.1623419267019	1.00000000215549
40.275	29.25	0.999999915051607	0.799999991081584	4.79021246556265e-09	48.0423419308018	0.999999932041286
40.425	29.25	0.999999777875209	0.80000000975514	4.78738026144471e-09	47.9223419456876	0.999999822300167
40.575	29.25	0.999999707649962	0.800000050293617	4.78467053451227e-09	47.8023419705232	0.99999976611997
40.725	29.25	0.999999957517793	0.800000093508566	4.78207281798316e-09	47.6823419867307	0.999999966014234
40.875	29.25	1.00000079734944	0.8000000767147	4.77959904582663e-09	47.5623419506272	1.00000063787955
41.025	29.25	1.00000212196184	0.799999904197805	4.77723332736343e-09	47.4423418106252	1.00000169756947
41.175	29.25	1.00000285290253	0.799999530067507	4.77500411817637e-09	47.3223415719513	1.00000228232203
41.325	29.25	1.00000065163095	0.799999127815596	4.77290990375211e-09	47.202341403848	1.00000052130476
41.475	29.25	0.999993003857978	0.799999255372597	4.77096803928183e-09	47.0823417084936	0.999994403086383
41.625	29.25	0.999980706637752	0.800000755979841	4.76919753157203e-09	46.9623429704942	0.999984565310201
41.775	29.25	0.999973138464046	0.800004040607319	4.76751825174717e-09	46.8423451860287	0.999978510771237
41.925	29.25	0.999990827520815	0.800007657525524	4.76588923496403e-09	46.722346915753	0.999992662016652
42.075	29.25	1.00005637953645	0.800006936148629	4.76421359077817e-09	46.6023446499039	1.00004510362916
42.225	29.25	1.00016528886144	0.799994824026145	4.76251474196136e-09	46.4823340099435	1.00013223108915
42.375	29.25	1.0002418495528	0.79996767410075	4.76108577833785e-09	46.36231446744	1.00019347964224
42.525	29.25	1.00011633628436	0.799936550380877	4.76055665265318e-09	46.2422972744755	1.00009306902749
42.675	29.25	0.999594226904323	0.799937860581706	4.76170137585516e-09	46.1223111675307	0.999675381523458
42.825	29.25	0.998683926302171	0.800027372377144	4.76448646413856e-09	46.0023938186839	0.998947141041737
42.975	29.25	0.99794467322299	0.800237006762234	4.76677601115884e-09	45.8825556506134	0.998355738578392
43.125	29.25	0.998684258976691	0.800490005402982	4.76359746955997e-09	45.7627174563067	0.998947407181352
43.275	29.25	1.00248296175468	0.800522975081165	4.74892803572261e-09	45.6426614260018	1.00198636940375
43.425	29.25	1.00955927623051	0.799934825514203	4.72214235459805e-09	45.522083523479	1.00764742098441
43.575	29.25	1.01623380736267	0.798479881554135	4.69721591903684e-09	45.4008457468363	1.01298704589013
43.725	29.25	1.01328677098453	0.796573391782746	4.70822734618428e-09	45.2794285905535	1.01062941678762
43.875	29.25	0.988680897760722	0.795833250583044	4.80207551154436e-09	45.1593335961265	0.990944718208578
44.025	29.25	0.938367896687447	0.799351007268679	5.00614787042059e-09	45.0428405636815	0.950694317349958
44.175	29.25	0.884673133540027	0.810192428675627	5.24431913857378e-09	44.931352058073	0.907738506832022
44.325	29.25	0.889127901625552	0.824441952870222	5.22520038049107e-09	44.8222077040458	0.911302321300442
44.475	29.25	1.03257195122921	0.826489829119928	4.64155773393618e-09	44.7059572984446	1.02605756098337
44.625	29.25	1.34924434155944	0.808622133075919	3.72235352358089e-09	44.5677998625725	1.27939547324756
44.775	29.25	1.7640881176409	0.709537047597789	2.95515010727672e-09	44.3955930494571	1.61127049411272
44.925	29.25	2.11154506572312	0.834636814274843	2.51998017218799e-09	44.2248230297902	1.8892360525785
0.075	29.75	3.47473591317829e-16	0.399999999702627	-2.94348622322482e-08	65.389533371186	0.2
0.225	29.75	1.09796499541728e-15	0.799999999108104	-2.9421877283993e-08	65.3655333712039	0.200000000000001
0.375	29.75	2.54818928876242e-15	0.799999998513541	-2.93956357878131e-08	65.3415333712395	0.200000000000002
0.525	29.75	4.61626584210374e-15	0.799999997920398	-2.93563328569448e-08	65.317533371293	0.200000000000004
0.675	29.75	7.14881699098998e-15	0.799999997328272	-2.93041307362483e-08	65.2935333713643	0.200000000000006
0.825	29.75	9.93588432366827e-15	0.799999996737648	-2.92390436170862e-08	65.2695333714533	0.200000000000008
0.975	29.75	1.27379704239006e-14	0.799999996148937	-2.91607110835971e-08	65.2455333715601	0.20000000000001
1.125	29.75	1.52997074921282e-14	0.799999995562322	-2.90695682500592e-08	65.2215333716844	0.200000000000012
1.275	29.75	1.73403388674267e-14	0.79999999497827	-2.89656825283034e-08	65.1975333718263	0.200000000000014
1.425	29.75	1.85241248120568e-14	0.799999994397063	-2.88490347789268e-08	65.1735333719857	0.200000000000015
1.575	29.75	1.84215048279994e-14	0.799999993819216	-2.87199135535659e-08	65.1495333721625	0.200000000000015
1.725	29.75	1.64738684534902e-14	0.799999993244326	-2.85780858576376e-08	65.1255333723566	0.200000000000013
1.875	29.75	1.19727215718164e-14	0.799999992673659	-2.8423852266047e-08	65.1015333725678	0.20000000000001
2.025	29.75	4.06047164827955e-15	0.79999999210731	-2.82571284782319e-08	65.0775333727961	0.200000000000003
2.175	29.75	-8.24292001620334e-15	0.799999991544786	-2.80784491077207e-08	65.0535333730414	0.199999999999993
2.325	29.75	-2.59845097895136e-14	0.799999990987417	-2.78876872420663e-08	65.0295333733034	0.199999999999979
2.475	29.75	-5.01910932368973e-14	0.799999990435277	-2.76849638434143e-08	65.0055333735821	0.19999999999996
2.625	29.75	-8.174602303579e-14	0.799999989888003	-2.74703554422439e-08	64.9815333738773	0.199999999999935
2.775	29.75	-1.21225244735722e-13	0.799999989346192	-2.72443027600553e-08	64.9575333741889	0.199999999999903
2.925	29.75	-1.68687695417507e-13	0.799999988811065	-2.70068702545172e-08	64.9335333745166	0.199999999999865
3.075	29.75	-2.23416652256606e-13	0.799999988281689	-2.67580229842407e-08	64.9095333748602	0.199999999999821
3.225	29.75	-2.83611675212564e-13	0.799999987758632	-2.64981118715116e-08	64.8855333752197	0.199999999999773
3.375	29.75	-3.46035693811657e-13	0.799999987242587	-2.62274366534732e-08	64.8615333755948	0.199999999999723
3.525	29.75	-4.05628548398513e-13	0.799999986733701	-2.59461395731633e-08	64.8375333759852	0.199999999999676
3.675	29.75	-4.55107090299399e-13	0.799999986231321	-2.56540897655735e-08	64.8135333763909	0.199999999999636
3.825	29.75	-4.84582707464481e-13	0.799999985736821	-2.53518675280084e-08	64.7895333768114	0.199999999999612
3.975	29.75	-4.81239934896664e-13	0.799999985250634	-2.50397582649228e-08	64.7655333772467	0.199999999999615
4.125	29.75	-4.29134294286935e-13	0.799999984771388	-2.47177553253538e-08	64.7415333776965	0.199999999999657
4.275	29.75	-3.09183353515406e-13	0.799999984300602	-2.43861669397266e-08	64.7175333781605	0.199999999999753
4.425	29.75	-9.94412869846303e-14	0.799999983838649	-2.40451327726525e-08	64.6935333786385	0.19999999999992
4.575	29.75	2.24237075372233e-13	0.799999983385218	-2.36949718867926e-08	64.6695333791302	0.200000000000179
4.725	29.75	6.8702337586472e-13	0.799999982940453	-2.33358874101587e-08	64.6455333796354	0.20000000000055
4.875	29.75	1.31330567841477e-12	0.799999982504515	-2.29682910738356e-08	64.6215333801537	0.200000000001051
5.025	29.75	2.12411100991502e-12	0.799999982077948	-2.25923484310607e-08	64.5975333806848	0.200000000001699
5.175	29.75	3.13363853491093e-12	0.799999981660156	-2.22082961048156e-08	64.5735333812286	0.200000000002507
5.325	29.75	4.34480365346726e-12	0.79999998125297	-2.18162437749684e-08	64.5495333817846	0.200000000003476
5.475	29.75	5.74373336474837e-12	0.7999999808545	-2.14165785742575e-08	64.5255333823526	0.200000000004595
5.625	29.75	7.2932155097449e-12	0.799999980466298	-2.1009768967545e-08	64.5015333829322	0.200000000005835
5.775	29.75	8.92519293880782e-12	0.799999980087914	-2.05957695110419e-08	64.4775333835232	0.20000000000714
5.925	29.75	1.05325121995032e-11	0.799999979719451	-2.01749961978286e-08	64.4535333841253	0.200000000008426
6.075	29.75	1.19602876507692e-11	0.799999979361131	-1.97479063083941e-08	64.429533384738	0.200000000009568
6.225	29.75	1.29974276593403e-11	0.799999979013567	-1.93141291257924e-08	64.4055333853613	0.200000000010398
6.375	29.75	1.3369088827814e-11	0.799999978676042	-1.88749717277966e-08	64.3815333859947	0.200000000010695
6.525	29.75	1.27310738072951e-11	0.799999978349302	-1.84296188358358e-08	64.3575333866381	0.200000000010185
6.675	29.75	1.06674607421244e-11	0.799999978032819	-1.79792394314935e-08	64.3335333872913	0.200000000008534
6.825	29.75	6.69303640634963e-12	0.799999977726697	-1.7523530742237e-08	64.3095333879541	0.200000000005354
6.975	29.75	2.62383352633135e-13	0.79999997743227	-1.70630446894183e-08	64.2855333886264	0.20000000000021
7.125	29.75	-9.21227881972571e-12	0.799999977147877	-1.65980421426121e-08	64.2615333893082	0.19999999999263
7.275	29.75	-2.23322065977218e-11	0.79999997687469	-1.61288000223783e-08	64.2375333899993	0.199999999982134
7.425	29.75	-3.96698118138762e-11	0.799999976612744	-1.56554554261149e-08	64.2135333907	0.199999999968264
7.575	29.75	-6.17105600976158e-11	0.799999976362117	-1.51784579278602e-08	64.1895333914102	0.199999999950632
7.725	29.75	-8.87769700369219e-11	0.799999976121997	-1.4697946519279e-08	64.1655333921301	0.199999999928978
7.875	29.75	-1.20933064571205e-10	0.799999975893772	-1.42145100526424e-08	64.1415333928599	0.199999999903254
8.025	29.75	-1.57868394163554e-10	0.799999975676845	-1.37279011643607e-08	64.1175333935997	0.199999999873705
8.175	29.75	-1.98761874229696e-10	0.799999975471758	-1.32388576151067e-08	64.0935333943496	0.199999999840991
8.325	29.75	-2.4212720916239e-10	0.799999975278192	-1.27473225227105e-08	64.0695333951095	0.199999999806298
8.475	29.75	-2.85643655529158e-10	0.799999975096659	-1.22538734848526e-08	64.0455333958794	0.199999999771485
8.625	29.75	-3.25978335362467e-10	0.799999974927144	-1.17585717411076e-08	64.0215333966586	0.199999999739217
8.775	29.75	-3.58609252961305e-10	0.799999974769908	-1.12616635811973e-08	63.9975333974463	0.199999999713113
8.925	29.75	-3.77661571141444e-10	0.799999974624789	-1.0763550033754e-08	63.9735333982413	0.199999999697871
9.075	29.75	-3.75773503394835e-10	0.799999974492021	-1.02643344034318e-08	63.9495333990414	0.199999999699381
9.225	29.75	-3.44012268430811e-10	0.799999974371341	-9.76437379462778e-09	63.9255333998439	0.19999999972479
9.375	29.75	-2.71864769939562e-10	0.799999974262714	-9.26397805196013e-09	63.9015334006451	0.199999999782508
9.525	29.75	-1.47331782920942e-10	0.799999974166212	-8.76323627026786e-09	63.8775334014403	0.199999999882135
9.675	29.75	4.28418430620703e-11	0.799999974081054	-8.26248956530665e-09	63.8535334022234	0.200000000034273
9.825	29.75	3.12765473945243e-10	0.799999974006901	-7.76197671775805e-09	63.8295334029872	0.200000000250212
9.975	29.75	6.76792185036173e-10	0.799999973942753	-7.26203015040513e-09	63.805533403723	0.200000000541434
10.125	29.75	1.14866204096805e-09	0.799999973888198	-6.76266309419238e-09	63.7815334044207	0.20000000091893
10.275	29.75	1.74036383388292e-09	0.799999973841225	-6.26422802682033e-09	63.7575334050692	0.200000001392291
10.425	29.75	2.46068484027938e-09	0.799999973800788	-5.76698829732065e-09	63.7335334056561	0.200000001968548
10.575	29.75	3.31342643875641e-09	0.799999973765159	-5.27100529419148e-09	63.7095334061687	0.200000002650741
10.725	29.75	4.29527567973096e-09	0.79999997373198	-4.77677932349911e-09	63.685533406594	0.200000003436221
10.875	29.75	5.39333963351164e-09	0.799999973699173	-4.28421591096414e-09	63.66153340692	0.200000004314672
11.025	29.75	6.5823709787617e-09	0.799999973664134	-3.79367410100399e-09	63.6375334071365	0.200000005265897
11.175	29.75	7.82174009277926e-09	0.79999997362389	-3.30537150005909e-09	63.6135334072364	0.200000006257392
11.325	29.75	9.05224091943053e-09	0.799999973576575	-2.81947029433083e-09	63.5895334072173	0.200000007241793
11.475	29.75	1.01928549077174e-08	0.799999973518522	-2.33617359276329e-09	63.5655334070838	0.200000008154284
11.625	29.75	1.11376387970052e-08	0.799999973448118	-1.85564424391557e-09	63.5415334068492	0.200000008910111
11.775	29.75	1.17529470667932e-08	0.799999973363251	-1.3780225034243e-09	63.5175334065384	0.200000009402358
11.925	29.75	1.18752471497697e-08	0.799999973263022	-9.03632505750041e-10	63.4935334061908	0.200000009500198
12.075	29.75	1.13098332738703e-08	0.799999973146763	-4.32585115638881e-10	63.4695334058626	0.200000009047867
12.225	29.75	9.83079086723093e-09	0.799999973016	3.50965726213314e-11	63.4455334056305	0.200000007864633
12.375	29.75	7.1826052448407e-09	0.799999972873525	4.98980156387955e-10	63.4215334055942	0.200000005746084
12.525	29.75	3.08384288953665e-09	0.799999972724035	9.59180953408327e-10	63.397533405879	0.200000002467074
12.675	29.75	-2.76664206840877e-09	0.799999972574862	1.41540581734969e-09	63.3735334066386	0.199999997786686
12.825	29.75	-1.06805127048162e-08	0.799999972435864	1.86743500634412e-09	63.3495334080557	0.19999999145559
12.975	29.75	-2.09673074735129e-08	0.799999972320425	2.31527225662282e-09	63.3255334103431	0.199999983226154
13.125	29.75	-3.39179177611093e-08	0.799999972244477	2.75872330779518e-09	63.3015334137422	0.199999972865666
13.275	29.75	-4.97837948895628e-08	0.799999972228829	3.19762683834569e-09	63.2775334185207	0.199999960172964
13.425	29.75	-6.8751560274973e-08	0.799999972296986	3.63182208552023e-09	63.253533424967	0.199999944998752
13.575	29.75	-9.09127732037073e-08	0.799999972477253	4.06129979120762e-09	63.2295334333832	0.199999927269781
13.725	29.75	-1.16228702898093e-07	0.799999972801757	4.48585642374018e-09	63.2055334440736	0.199999907017038
13.875	29.75	-1.44490045399413e-07	0.799999973306231	4.90536564506584e-09	63.181533457331	0.199999884407964
14.025	29.75	-1.75271606009791e-07	0.79999997403134	5.31981115948088e-09	63.1575334734173	0.199999859782715
14.175	29.75	-2.07882012233755e-07	0.799999975020592	5.72901247698266e-09	63.1335334925412	0.19999983369439
14.325	29.75	-2.41308498845439e-07	0.799999976322316	6.13286262565903e-09	63.1095335148294	0.199999806953201
14.475	29.75	-2.7415667267488e-07	0.799999977988742	6.53125787001409e-09	63.0855335402931	0.199999780674662
14.625	29.75	-3.04584861713647e-07	0.799999980077443	6.92408403734754e-09	63.0615335687882	0.199999756332111
14.775	29.75	-3.30232103565685e-07	0.799999982652271	7.31136702615788e-09	63.0375335999688	0.199999735814317
14.925	29.75	-3.48137929382942e-07	0.799999985786482	7.69302069712021e-09	63.0135336332336	0.199999721489657
15.075	29.75	-3.54650715790181e-07	0.799999989566854	8.06883138413171e-09	62.9895336676641	0.199999716279427
15.225	29.75	-3.45319330679821e-07	0.799999994099269	8.43866587848822e-09	62.9655337019526	0.199999723744535
15.375	29.75	-3.14759854667634e-07	0.799999999520603	8.8026804068983e-09	62.9415337343194	0.199999748192116
15.525	29.75	-2.56485009778716e-07	0.800000006011257	9.16073447435226e-09	62.9175337624152	0.199999794811992
15.675	29.75	-1.62678163348703e-07	0.800000013816938	9.51273131099e-09	62.8935337832039	0.199999869857469
15.825	29.75	-2.38858587944997e-08	0.80000002327842	9.85855086309835e-09	62.8695337928204	0.199999980891313
15.975	29.75	1.71407962779665e-07	0.800000034871657	1.0198182710822e-08	62.8455337863933	0.20000013712637
16.125	29.75	4.37377508328386e-07	0.800000049266046	1.05316732525299e-08	62.8215337578178	0.200000349902007
16.275	29.75	7.91691656461507e-07	0.800000067401363	1.08586925229411e-08	62.7975336994608	0.200000633353325
16.425	29.75	1.25668929284581e-06	0.800000090595581	1.11795787794682e-08	62.7735336017689	0.200001005351434
16.575	29.75	1.86102711055959e-06	0.800000120690622	1.14939291942839e-08	62.7495334527407	0.200001488821688
16.725	29.75	2.64198162197999e-06	0.800000160247669	1.18020146372722e-08	62.7255332372102	0.200002113585298
16.875	29.75	3.6486515623972e-06	0.800000212814208	1.21035085217468e-08	62.7015329358653	0.20000291892125
17.025	29.75	4.94639306639014e-06	0.800000283282944	1.23985245947942e-08	62.6775325239	0.200003957114453
17.175	29.75	6.62293539487152e-06	0.800000378371757	1.26870119153279e-08	62.6535319691605	0.200005298348316
17.325	29.75	8.79678004003249e-06	0.800000507275038	1.29689169439026e-08	62.6295312295935	0.200007037424032
17.475	29.75	1.16286955968335e-05	0.800000682539825	1.32442583215507e-08	62.6055302497412	0.200009302956478
17.625	29.75	1.53374054774352e-05	0.800000921253378	1.3512856251998e-08	62.5815289559297	0.200012269924382
17.775	29.75	2.02209523297777e-05	0.800001246643986	1.37748344472752e-08	62.5575272496807	0.200016176761864
17.925	29.75	2.66857445151563e-05	0.800001690237809	1.40300430739871e-08	62.5335249987021	0.200021348595612
18.075	29.75	3.52859832979626e-05	0.800002294739449	1.42785428746088e-08	62.5095220245927	0.200028228786638
18.225	29.75	4.67770784711298e-05	0.800003117858521	1.45201207500704e-08	62.4855180860896	0.200037421662777
18.375	29.75	6.21878492465395e-05	0.800004237396423	1.47548730660491e-08	62.4615128562871	0.200049750279397
18.525	29.75	8.29178926859121e-05	0.80000575807608	1.49824042240054e-08	62.4375058917155	0.200066334314149
18.675	29.75	0.000110868699300833	0.800007820868948	1.52028547132929e-08	62.4134965904525	0.200088694959441
18.825	29.75	0.000148620255790952	0.800010615935756	1.54160514270038e-08	62.389484135465	0.200118896204633
18.975	29.75	0.000199669455175843	0.800014400595272	1.56214442583148e-08	62.3654674180286	0.200159735564141
19.125	29.75	0.000268753043254003	0.800019523775267	1.58190039694587e-08	62.3414449342038	0.200215002434603
19.275	29.75	0.000362286156054578	0.80002645797812	1.6008169226689e-08	62.3174146447585	0.200289828924844
19.425	29.75	0.000488957302254859	0.80003583908195	1.61883275008001e-08	62.2933737854826	0.200391165841804
19.575	29.75	0.000660531185184325	0.800048514237811	1.63587266306701e-08	62.2693186104058	0.200528424948147
19.725	29.75	0.000892922202785784	0.800065600379888	1.65180739366782e-08	62.24524404495	0.200714337762229
19.875	29.75	0.00120761711703803	0.800088562325577	1.6664989363857e-08	62.2211432192619	0.20096609369363
20.025	29.75	0.00163355410781084	0.800119329842892	1.67974019026298e-08	62.1970068430561	0.201306843286249
20.175	29.75	0.00220962177764498	0.800160482514191	1.69126193470011e-08	62.172822370299	0.201767697422116
20.325	29.75	0.00298804034768039	0.800215527970876	1.70070141276816e-08	62.1485728816186	0.202390432278144
20.475	29.75	0.00403902963376029	0.800289266825124	1.70758368288984e-08	62.1242355803125	0.203231223707008
20.625	29.75	0.00545732369908714	0.800388164289685	1.7112881818344e-08	62.0997797515137	0.20436585895927
20.775	29.75	0.00737118401712171	0.800520540305637	1.71099870040427e-08	62.0751639759037	0.205896947213697
20.925	29.75	0.00995447749734211	0.80069628379479	1.70564642628635e-08	62.0503323308844	0.207963581997874
21.075	29.75	0.013442012081232	0.800925756139481	1.69393960753047e-08	62.0252092757226	0.210753609664986
21.225	29.75	0.0181476176932584	0.801217637173047	1.67426773018585e-08	61.9996929326304	0.214518094154607
21.375	29.75	0.0244834936458055	0.801575703363489	1.64484225759884e-08	61.9736465715638	0.219586794916644
21.525	29.75	0.0329782630968999	0.801994866773437	1.60384593281068e-08	61.946888300755	0.22638261047752
21.675	29.75	0.0442900723736041	0.802457169163481	1.54971797742872e-08	61.9191792641048	0.235432057898883
21.825	29.75	0.0592098320873637	0.802928781273795	1.48164309471205e-08	61.8902110579415	0.247367865669891
21.975	29.75	0.078648016830815	0.803359394672099	1.39989519171884e-08	61.8595936304323	0.262918413464652
22.125	29.75	0.103596190865866	0.803685577895854	1.30626138712265e-08	61.8268456646947	0.282876952692693
22.275	29.75	0.135052303215691	0.803839323152108	1.20401092607215e-08	61.7913903922728	0.308041842572553
22.425	29.75	0.173898994089984	0.803761739365547	1.09756452991123e-08	61.7525608208239	0.339119195271987
22.575	29.75	0.220730585524164	0.803419691056623	9.91794220263415e-09	61.7096190819996	0.376584468419331
22.725	29.75	0.275641527457706	0.802820787992445	8.91271257949796e-09	61.6617942076417	0.420513221966165
22.875	29.75	0.338017857045371	0.802020576187165	7.9958804180592e-09	61.6083400551335	0.470414285636297
23.025	29.75	0.406404724151898	0.801116449087032	7.1903777525091e-09	61.5486096267179	0.525123779321518
23.175	29.75	0.478534573037673	0.800226927210491	6.50582105185737e-09	61.4821344659072	0.582827658430139
23.325	29.75	0.551566087477681	0.799461969761401	5.94097523260591e-09	61.4086913108582	0.641252869982145
23.475	29.75	0.622501308610732	0.798895928492258	5.48692608573321e-09	61.3283372811418	0.698001046888585
23.625	29.75	0.688659258476231	0.798554408706659	5.13041352682193e-09	61.2414022525254	0.750927406780985
23.775	29.75	0.748051810704363	0.798418742360138	4.85654600301756e-09	61.1484403637508	0.79844144856349
23.925	29.75	0.799557781564969	0.798442567490726	4.65076181246314e-09	61.0501550673623	0.839646225251975
24.075	29.75	0.842886470721019	0.798570848297175	4.49971119959124e-09	60.9473175773885	0.874309176576815
24.225	29.75	0.878398156289494	0.798753959959022	4.39199322973001e-09	60.8406957211185	0.902718525031595
24.375	29.75	0.906872100620333	0.798954490785602	4.31797083778089e-09	60.7310025784093	0.925497680496266
24.525	29.75	0.929292198291672	0.799148194236869	4.26990946312641e-09	60.6188665627052	0.943433758633337
24.675	29.75	0.946685094173784	0.799321770625451	4.24155051750101e-09	60.5048195630311	0.957348075339027
24.825	29.75	0.960016774707348	0.799469690108327	4.22803301128662e-09	60.3892978150998	0.968013419765878
24.975	29.75	0.970138073123855	0.799591290836502	4.22556341910877e-09	60.2726503464149	0.976110458499084
25.125	29.75	0.977764769265578	0.799688594979845	4.23116153705683e-09	60.1551509886467	0.982211815412462
25.275	29.75	0.983479107307351	0.799764849916594	4.24258472980611e-09	60.0370112704229	0.986783285845881
25.425	29.75	0.987742791134298	0.79982363868033	4.25811075307107e-09	59.9183926126953	0.990194232907439
25.575	29.75	0.990914817885091	0.799868384650094	4.27646051750914e-09	59.7994170441136	0.992731854308073
25.725	29.75	0.993270126803206	0.799902109598803	4.29666288739035e-09	59.6801761652865	0.994616101442565
25.875	29.75	0.995016874813371	0.7999273460349	4.31801259493016e-09	59.5607383887782	0.996013499850697
26.025	29.75	0.996311339967662	0.799946138339003	4.33996560659483e-09	59.4411546346213	0.997049071974129
26.175	29.75	0.997270176127928	0.79996009051493	4.36212044894028e-09	59.3214627223201	0.997816140902342
26.325	29.75	0.997980145945582	0.79997043387285	4.38421583138495e-09	59.2016907075033	0.998384116756465
26.475	29.75	0.998505654707576	0.799978098369228	4.40604754730872e-09	59.0818593898041	0.998804523766061
26.625	29.75	0.998894473358273	0.799983778456067	4.42745125884212e-09	58.9619841844338	0.999115578686618
26.775	29.75	0.999182029808611	0.799987989145235	4.44831977566809e-09	58.8420765130785	0.999345623846889
26.925	29.75	0.999394600870309	0.799991111143862	4.46860338612133e-09	58.7221448356091	0.999515680696247
27.075	29.75	0.999551676931273	0.799993425750554	4.48823052761995e-09	58.6021954150767	0.999641341545019
27.225	29.75	0.999667711987677	0.799995141076855	4.5071764353483e-09	58.4822328852057	0.999734169590142
27.375	29.75	0.999753419908841	0.799996411394832	4.52541459314412e-09	58.3622606716646	0.999802735927073
27.525	29.75	0.999816736207408	0.799997351282003	4.54293960527187e-09	58.2422813049524	0.999853388965926
27.675	29.75	0.999863532816626	0.799998045944592	4.55976102243302e-09	58.1222966528116	0.999890826253301
27.825	29.75	0.999898149900292	0.799998558778598	4.57586823202981e-09	58.0023080928042	0.999918519920233
27.975	29.75	0.999923791678252	0.799998936941329	4.5912567116263e-09	57.882316640362	0.999939033342602
28.125	29.75	0.999942820940974	0.799999215483458	4.60597195243399e-09	57.7623230437002	0.999954256752779
28.275	29.75	0.999956977996986	0.799999420428658	4.61997590769971e-09	57.6423278540855	0.999965582397589
28.425	29.75	0.99996754325589	0.799999571075103	4.63333050434436e-09	57.5223314777902	0.999974034604712
28.575	29.75	0.999975457806059	0.799999681716206	4.6460195220918e-09	57.4023342144545	0.999980366244848
28.725	29.75	0.999981412728962	0.799999762926126	4.65807686255104e-09	57.2823362853747	0.999985130183169
28.875	29.75	0.999985915176919	0.799999822518357	4.66948971792678e-09	57.1623378543317	0.999988732141535
29.025	29.75	0.999989337201674	0.799999866259268	4.68029860097564e-09	57.0423390429046	0.999991469761339
29.175	29.75	0.999991951790863	0.799999898398244	4.69052074828657e-09	56.9223399417108	0.99999356143269
29.325	29.75	0.999993959424966	0.799999922061358	4.70013743213363e-09	56.8023406186411	0.999995167539973
29.475	29.75	0.999995507614428	0.799999939543553	4.70920398755752e-09	56.6823411248827	0.999996406091542
29.625	29.75	0.999996705242173	0.799999952525206	4.71773484782804e-09	56.562341499316	0.999997364193738
29.775	29.75	0.999997633065875	0.799999962233134	4.72570298676753e-09	56.4423417717186	0.9999981064527
29.925	29.75	0.999998351385297	0.799999969559827	4.73314654336288e-09	56.3223419650974	0.999998681108238
30.075	29.75	0.999998905620671	0.799999975152273	4.7401149911061e-09	56.2023420973847	0.999999124496537
30.225	29.75	0.999999330355721	0.799999979477395	4.74658982630706e-09	56.0823421826725	0.999999464284577
30.375	29.75	0.999999652255993	0.799999982870747	4.75256106325973e-09	55.9623422321132	0.999999721804794
30.525	29.75	0.99999989216661	0.799999985572765	4.75810026663843e-09	55.8423422545782	0.999999913733288
30.675	29.75	1.00000006661443	0.799999987755017	4.76320317206179e-09	55.7223422571453	1.00000005329155
30.825	29.75	1.00000018888043	0.799999989539843	4.76784936942132e-09	55.6023422454617	1.00000015110435
30.975	29.75	1.00000026976429	0.799999991014519	4.77208883084758e-09	55.4823422240184	1.00000021581143
31.125	29.75	1.00000031813023	0.799999992241835	4.77593251730307e-09	55.3623421963626	1.00000025450419
31.275	29.75	1.00000034129913	0.799999993267399	4.77936777131338e-09	55.2423421652648	1.0000002730393
31.425	29.75	1.00000034533335	0.7999999941249	4.78244015935467e-09	55.122342132853	1.00000027626668
31.575	29.75	1.00000033524795	0.799999994840163	4.78514588936232e-09	55.0023421007233	1.00000026819836
31.725	29.75	1.00000031517155	0.799999995433567	4.78750573029146e-09	54.8823420700333	1.00000025213724
31.875	29.75	1.00000028847337	0.799999995921595	4.78952659740033e-09	54.7623420415803	1.00000023077869
32.025	29.75	1.00000025786737	0.799999996318613	4.79122365520425e-09	54.6423420158699	1.00000020629389
32.175	29.75	1.00000022550097	0.799999996637035	4.79259174667102e-09	54.5223419931742	1.00000018040077
32.325	29.75	1.00000019303283	0.799999996887979	4.79367046512563e-09	54.4023419735827	1.00000015442627
32.475	29.75	1.00000016170285	0.799999997081715	4.79447453018352e-09	54.2823419570455	1.00000012936228
32.625	29.75	1.00000013239567	0.799999997227463	4.79498640785907e-09	54.1623419434112	1.00000010591653
32.775	29.75	1.00000010569878	0.799999997333723	4.7952433982453e-09	54.0423419324573	1.00000008455903
32.925	29.75	1.00000008195549	0.799999997408238	4.79522846026654e-09	53.9223419239169	1.00000006556439
33.075	29.75	1.00000006131281	0.799999997457738	4.79498750529976e-09	53.8023419174994	1.00000004905025
33.225	29.75	1.00000004376436	0.799999997488366	4.79451717386543e-09	53.6823419129075	1.00000003501149
33.375	29.75	1.00000002918825	0.799999997505387	4.79380802447513e-09	53.5623419098501	1.0000000233506
33.525	29.75	1.00000001737991	0.799999997513274	4.79289788663835e-09	53.4423419080518	1.00000001390392
33.675	29.75	1.00000000808004	0.799999997515718	4.79178727841719e-09	53.3223419072592	1.00000000646403
33.825	29.75	1.00000000099792	0.799999997515787	4.79048705884569e-09	53.2023419072457	1.00000000079834
33.975	29.75	0.999999995830313	0.799999997515803	4.78900676204417e-09	53.0823419078129	0.99999999666425
34.125	29.75	0.999999992276169	0.799999997517607	4.78735049547925e-09	52.9623419087915	0.999999993820935
34.275	29.75	0.999999990047902	0.799999997522467	4.78554467185827e-09	52.8423419100406	0.999999992038321
34.425	29.75	0.999999988879281	0.799999997531168	4.78358873315057e-09	52.7223419114456	0.999999991103425
34.575	29.75	0.999999988530639	0.799999997544285	4.78147534905087e-09	52.6023419129164	0.999999990824511
34.725	29.75	0.999999988791757	0.799999997561849	4.77923022564141e-09	52.4823419143845	0.999999991033405
34.875	29.75	0.999999989482808	0.799999997583869	4.77687506901699e-09	52.3623419157999	0.999999991586246
35.025	29.75	0.999999990454004	0.799999997610102	4.77439023281418e-09	52.2423419171286	0.999999992363203
35.175	29.75	0.999999991583948	0.799999997640174	4.77180431098643e-09	52.1223419183497	0.999999993267158
35.325	29.75	0.999999992777319	0.799999997673567	4.7691233686686e-09	52.0023419194524	0.999999994221855
35.475	29.75	0.999999993962077	0.799999997709863	4.76634332824311e-09	51.8823419204343	0.999999995169662
35.625	29.75	0.999999995086363	0.799999997748606	4.76347888424261e-09	51.7623419212988	0.999999996069091
35.775	29.75	0.999999996115355	0.799999997789209	4.76054179249895e-09	51.6423419220532	0.999999996892284
35.925	29.75	0.999999997028274	0.799999997831287	4.75754273825743e-09	51.5223419227079	0.999999997622619
36.075	29.75	0.999999997815452	0.799999997874385	4.75446917494066e-09	51.4023419232744	0.999999998252361
36.225	29.75	0.999999998475745	0.799999997918246	4.75136442275429e-09	51.282341923765	0.999999998780596
36.375	29.75	0.99999999901429	0.799999997962393	4.74819753408948e-09	51.1623419241916	0.999999999211432
36.525	29.75	0.999999999440464	0.799999998006692	4.74500035728431e-09	51.0423419245655	0.999999999552371
36.675	29.75	0.999999999766338	0.799999998050955	4.74177217367248e-09	50.922341924897	0.999999999813071
36.825	29.75	1.00000000000535	0.799999998094938	4.73848960062263e-09	50.8023419251951	1.00000000000428
36.975	29.75	1.00000000017136	0.799999998138577	4.73521952364544e-09	50.6823419254675	1.00000000013709
37.125	29.75	1.00000000027793	0.799999998181849	4.73192997740388e-09	50.5623419257206	1.00000000022234
37.275	29.75	1.00000000033771	0.799999998224522	4.72863438302855e-09	50.4423419259596	1.00000000027017
37.425	29.75	1.00000000036184	0.799999998266617	4.72534041218738e-09	50.3223419261884	1.00000000028947
37.575	29.75	1.00000000035914	0.799999998307962	4.72203937350006e-09	50.2023419264102	1.00000000028731
37.725	29.75	1.00000000033567	0.799999998348729	4.71875179870736e-09	50.0823419266271	1.00000000026853
37.875	29.75	1.00000000029552	0.799999998389521	4.71549002379646e-09	49.9623419268411	1.00000000023642
38.025	29.75	1.00000000024451	0.799999998431343	4.71224509101705e-09	49.8423419270535	1.00000000019561
38.175	29.75	1.00000000019656	0.799999998474931	4.70902235571776e-09	49.7223419272647	1.00000000015725
38.325	29.75	1.00000000017804	0.799999998518759	4.70584818312329e-09	49.6023419274733	1.00000000014243
38.475	29.75	1.0000000002182	0.799999998556567	4.70269331994579e-09	49.4823419276749	1.00000000017456
38.625	29.75	1.00000000031037	0.79999999857784	4.69958620610433e-09	49.3623419278644	1.0000000002483
38.775	29.75	1.000000000346	0.799999998576064	4.69652618098683e-09	49.242341928042	1.0000000002768
38.925	29.75	1.00000000007385	0.799999998569194	4.6935234845829e-09	49.1223419282252	1.00000000005908
39.075	29.75	0.999999999212019	0.799999998623342	4.690567217866e-09	49.0023419284571	0.999999999369616
39.225	29.75	0.999999997861579	0.799999998847438	4.6876912504468e-09	48.8823419287895	0.999999998289263
39.375	29.75	0.999999997187153	0.799999999302876	4.68484813559564e-09	48.7623419292134	0.999999997749723
39.525	29.75	0.99999999980027	0.79999999979609	4.6821036684922e-09	48.6423419295387	0.999999999840216
39.675	29.75	1.00000000854991	0.799999999648508	4.67940398081913e-09	48.522341929313	1.00000000683993
39.825	29.75	1.00000002228112	0.799999997777415	4.67680024185156e-09	48.4023419280026	1.0000000178249
39.975	29.75	1.00000002906866	0.799999993619361	4.67427665423921e-09	48.2823419257018	1.00000002325493
40.125	29.75	1.00000000269437	0.799999989158937	4.67182297694847e-09	48.1623419243356	1.0000000021555
40.275	29.75	0.999999915051616	0.799999991072964	4.66947440155822e-09	48.0423419284368	0.999999932041293
40.425	29.75	0.999999777875209	0.800000009746848	4.66721871670199e-09	47.9223419433238	0.999999822300167
40.575	29.75	0.999999707649956	0.800000050285727	4.66504753183592e-09	47.8023419681607	0.999999766119965
40.725	29.75	0.999999957517787	0.80000009350099	4.66296683616961e-09	47.6823419843693	0.999999966014229
40.875	29.75	1.00000079734943	0.800000076707475	4.66098672257348e-09	47.562341948267	1.00000063787955
41.025	29.75	1.00000212196185	0.799999904190979	4.65911124571482e-09	47.442341808266	1.00000169756948
41.175	29.75	1.00000285290253	0.799999530061066	4.65735301864404e-09	47.3223415695931	1.00000228232203
41.325	29.75	1.00000065163094	0.799999127809578	4.65569502448442e-09	47.2023414014907	1.00000052130475
41.475	29.75	0.999993003857971	0.799999255366974	4.6541839258218e-09	47.0823417061372	0.999994403086377
41.625	29.75	0.999980706637761	0.800000755974601	4.65277553134257e-09	46.9623429681386	0.999984565310208
41.775	29.75	0.999973138464049	0.800004040602545	4.65150551622189e-09	46.8423451836739	0.999978510771239
41.925	29.75	0.999990827520826	0.800007657521131	4.6502315163531e-09	46.7223469133988	0.999992662016661
42.075	29.75	1.00005637953647	0.800006936144704	4.64892297228637e-09	46.6023446475504	1.00004510362918
42.225	29.75	1.00016528886144	0.799994824022693	4.64755990774304e-09	46.4823340075906	1.00013223108915
42.375	29.75	1.00024184955275	0.799967674097676	4.64643678354685e-09	46.3623144650875	1.0001934796422
42.525	29.75	1.00011633628431	0.799936550378293	4.64619231848954e-09	46.2422972721234	1.00009306902744
42.675	29.75	0.999594226904307	0.799937860579604	4.64754729144411e-09	46.122311165179	0.999675381523446
42.825	29.75	0.99868392630223	0.800027372375454	4.65048426248073e-09	46.0023938163325	0.998947141041784
42.975	29.75	0.997944673223151	0.800237006761056	4.65294794872593e-09	45.8825556482621	0.99835573857852
43.125	29.75	0.998684258976904	0.800490005402231	4.65004285403494e-09	45.7627174539556	0.998947407181523
43.275	29.75	1.00248296175476	0.800522975080887	4.63592063506506e-09	45.6426614236508	1.00198636940381
43.425	29.75	1.00955927623018	0.79993482551443	4.6099419069531e-09	45.522083521128	1.00764742098415
43.575	29.75	1.01623380736187	0.798479881554972	4.58573588217301e-09	45.4008457444852	1.0129870458895
43.725	29.75	1.01328677098372	0.796573391784084	4.59664115974648e-09	45.2794285882024	1.01062941678697
43.875	29.75	0.988680897760856	0.795833250584867	4.68838155483272e-09	45.1593335937752	0.990944718208685
44.025	29.75	0.938367896689422	0.79935100727077	4.88772810701889e-09	45.0428405613298	0.950694317351538
44.175	29.75	0.884673133543315	0.810192428677815	5.12036704948913e-09	44.9313520557208	0.907738506834652
44.325	29.75	0.889127901627187	0.824441952872863	5.10178315698363e-09	44.8222077016928	0.91130232130175
44.475	29.75	1.03257195122493	0.826489829123751	4.53198213281171e-09	44.7059572960913	1.02605756097994
44.625	29.75	1.34924434154753	0.808622133080765	3.63450952471068e-09	44.5677998602192	1.27939547323802
44.775	29.75	1.76408811762436	0.709537047602072	2.88541741586332e-09	44.3955930471042	1.61127049409948
44.925	29.75	2.11154506570576	0.834636814279774	2.46052610429538e-09	44.2248230274377	1.88923605256461
0.075	30.25	3.47473594126425e-16	0.39999999972356	-2.75217416181886e-08	65.3895333740304	0.2
0.225	30.25	1.09796498667469e-15	0.799999999170126	-2.75095827378194e-08	65.365533374047	0.200000000000001
0.375	30.25	2.54818930298521e-15	0.799999998618275	-2.74856487974221e-08	65.3415333740801	0.200000000000002
0.525	30.25	4.61626581963399e-15	0.799999998066313	-2.7449644225109e-08	65.3175333741299	0.200000000000004
0.675	30.25	7.14881701762334e-15	0.799999997515577	-2.74017569318624e-08	65.2935333741962	0.200000000000006
0.825	30.25	9.93588428529319e-15	0.79999999696645	-2.73417591610063e-08	65.2695333742789	0.200000000000008
0.975	30.25	1.27379704647669e-14	0.799999996418873	-2.72699968554813e-08	65.2455333743782	0.20000000000001
1.125	30.25	1.52997074364128e-14	0.799999995873517	-2.71863212882199e-08	65.2215333744938	0.200000000000012
1.275	30.25	1.73403389258573e-14	0.799999995329756	-2.7091164786343e-08	65.1975333746258	0.200000000000014
1.425	30.25	1.85241247393622e-14	0.79999999478949	-2.69840282055352e-08	65.173533374774	0.200000000000015
1.575	30.25	1.84215049101525e-14	0.799999994251487	-2.68651868617189e-08	65.1495333749384	0.200000000000015
1.725	30.25	1.64738683679404e-14	0.799999993716698	-2.67350722297685e-08	65.1255333751189	0.200000000000013
1.875	30.25	1.19727216888319e-14	0.799999993185276	-2.65934045652269e-08	65.1015333753154	0.20000000000001
2.025	30.25	4.06047156023056e-15	0.79999999265813	-2.6440588858362e-08	65.0775333755278	0.200000000000003
2.175	30.25	-8.2429198462657e-15	0.799999992134525	-2.62762843099937e-08	65.0535333757559	0.199999999999993
2.325	30.25	-2.59845098622012e-14	0.799999991615636	-2.61011482359798e-08	65.0295333759997	0.199999999999979
2.475	30.25	-5.01910929895082e-14	0.799999991100657	-2.59148528220073e-08	65.005533376259	0.19999999999996
2.625	30.25	-8.17460230703438e-14	0.799999990590845	-2.57178424941457e-08	64.9815333765337	0.199999999999935
2.775	30.25	-1.21225244385797e-13	0.799999990086748	-2.55100142428607e-08	64.9575333768235	0.199999999999903
2.925	30.25	-1.68687695396244e-13	0.799999989586962	-2.52917729758026e-08	64.9335333771285	0.199999999999865
3.075	30.25	-2.23416651793854e-13	0.799999989093458	-2.50630998655206e-08	64.9095333774484	0.199999999999821
3.225	30.25	-2.83611675144527e-13	0.799999988605687	-2.48242804260535e-08	64.8855333777829	0.199999999999773
3.375	30.25	-3.46035693269466e-13	0.799999988124016	-2.45753026523017e-08	64.8615333781321	0.199999999999723
3.525	30.25	-4.05628548356228e-13	0.799999987648657	-2.43164371025134e-08	64.8375333784956	0.199999999999676
3.675	30.25	-4.551070897995e-13	0.799999987179882	-2.40480572456108e-08	64.8135333788732	0.199999999999636
3.825	30.25	-4.84582707635765e-13	0.79999998671829	-2.37702048537478e-08	64.7895333792649	0.199999999999612
3.975	30.25	-4.81239934705633e-13	0.799999986263381	-2.34829291438104e-08	64.7655333796702	0.199999999999615
4.125	30.25	-4.29134295032903e-13	0.799999985815134	-2.31864494046007e-08	64.7415333800892	0.199999999999657
4.275	30.25	-3.09183354098147e-13	0.799999985375547	-2.28811312360106e-08	64.7175333805214	0.199999999999753
4.425	30.25	-9.94412888807836e-14	0.799999984943021	-2.25672288915663e-08	64.6935333809667	0.19999999999992
4.575	30.25	2.24237073335637e-13	0.799999984518098	-2.22448571271645e-08	64.6695333814248	0.200000000000179
4.725	30.25	6.87023372048694e-13	0.799999984101221	-2.19142579556743e-08	64.6455333818956	0.20000000000055
4.875	30.25	1.31330567410418e-12	0.79999998369281	-2.15755367721466e-08	64.6215333823786	0.200000000001051
5.025	30.25	2.12411100336373e-12	0.799999983292951	-2.12290709808872e-08	64.5975333828737	0.200000000001699
5.175	30.25	3.13363852761109e-12	0.799999982901219	-2.08749778477225e-08	64.5735333833806	0.200000000002507
5.325	30.25	4.34480364368284e-12	0.799999982518218	-2.05136644846115e-08	64.5495333838991	0.200000000003476
5.475	30.25	5.74373335435412e-12	0.799999982144098	-2.01452501408125e-08	64.5255333844287	0.200000000004595
5.625	30.25	7.29321549721308e-12	0.799999981778747	-1.97698669018262e-08	64.5015333849693	0.200000000005835
5.775	30.25	8.92519292666242e-12	0.799999981423142	-1.93879869617151e-08	64.4775333855206	0.20000000000714
5.925	30.25	1.05325121867049e-11	0.799999981075807	-1.89997172188109e-08	64.4535333860822	0.200000000008426
6.075	30.25	1.19602876408382e-11	0.799999980738644	-1.86051029437892e-08	64.429533386654	0.200000000009568
6.225	30.25	1.29974276520595e-11	0.799999980410131	-1.82050568927092e-08	64.4055333872356	0.200000000010398
6.375	30.25	1.33690888280566e-11	0.799999980091474	-1.77990791138975e-08	64.3815333878269	0.200000000010695
6.525	30.25	1.27310738159709e-11	0.799999979782664	-1.73878671065979e-08	64.3575333884276	0.200000000010185
6.675	30.25	1.066746076569e-11	0.799999979483383	-1.69713856367866e-08	64.3335333890375	0.200000000008534
6.825	30.25	6.69303644694436e-12	0.799999979193872	-1.65502497558846e-08	64.3095333896565	0.200000000005354
6.975	30.25	2.62383418162123e-13	0.799999978914342	-1.61244271343129e-08	64.2855333902846	0.20000000000021
7.125	30.25	-9.21227872624166e-12	0.799999978644563	-1.56942258856568e-08	64.2615333909216	0.19999999999263
7.275	30.25	-2.23322064677691e-11	0.799999978384713	-1.52599185151781e-08	64.2375333915677	0.199999999982134
7.425	30.25	-3.96698116446896e-11	0.799999978135435	-1.48216988653373e-08	64.2135333922228	0.199999999968264
7.575	30.25	-6.17105598820239e-11	0.799999977896283	-1.43800179196081e-08	64.1895333928872	0.199999999950632
7.725	30.25	-8.87769697747316e-11	0.799999977667513	-1.39351161359155e-08	64.1655333935609	0.199999999928978
7.875	30.25	-1.20933064260044e-10	0.799999977448788	-1.34868482092323e-08	64.1415333942442	0.199999999903254
8.025	30.25	-1.57868393809561e-10	0.799999977241127	-1.30359967231388e-08	64.1175333949372	0.199999999873705
8.175	30.25	-1.98761873840491e-10	0.799999977044377	-1.25823409859978e-08	64.09353339564	0.199999999840991
8.325	30.25	-2.42127208755725e-10	0.799999976858238	-1.2126427251665e-08	64.0695333963527	0.199999999806298
8.475	30.25	-2.85643655129414e-10	0.799999976683224	-1.1668518583525e-08	64.045533397075	0.199999999771485
8.625	30.25	-3.25978335005327e-10	0.799999976519383	-1.12086440745431e-08	64.0215333978065	0.199999999739217
8.775	30.25	-3.58609252695408e-10	0.799999976367103	-1.0747287092299e-08	63.9975333985464	0.199999999713113
8.925	30.25	-3.77661571026561e-10	0.79999997622576	-1.02844833471779e-08	63.9735333992934	0.199999999697871
9.075	30.25	-3.75773503510151e-10	0.79999997609613	-9.82061124759145e-09	63.9495334000454	0.199999999699381
9.225	30.25	-3.44012268863924e-10	0.799999975977892	-9.3558274807202e-09	63.9255334007997	0.19999999972479
9.375	30.25	-2.71864770802456e-10	0.799999975870959	-8.89038353873779e-09	63.9015334015527	0.199999999782508
9.525	30.25	-1.47331784326826e-10	0.799999975775114	-8.42462042946289e-09	63.8775334022997	0.199999999882135
9.675	30.25	4.28418409748284e-11	0.799999975690147	-7.95851768034769e-09	63.8535334030345	0.200000000034273
9.825	30.25	3.12765471050277e-10	0.799999975615043	-7.49246784958155e-09	63.82953340375	0.200000000250212
9.975	30.25	6.76792181188795e-10	0.799999975549508	-7.02661349338452e-09	63.8055334044376	0.200000000541434
10.125	30.25	1.14866203605668e-09	0.799999975492658	-6.56133695465754e-09	63.7815334050871	0.20000000091893
10.275	30.25	1.7403638277959e-09	0.799999975442635	-6.09659912951621e-09	63.7575334056875	0.200000001392291
10.425	30.25	2.46068483296786e-09	0.799999975398584	-5.63280955697813e-09	63.7335334062264	0.200000001968548
10.575	30.25	3.31342643020354e-09	0.799999975358427	-5.17019252384431e-09	63.7095334066911	0.200000002650741
10.725	30.25	4.29527567002123e-09	0.799999975320417	-4.70871470364824e-09	63.6855334070687	0.200000003436221
10.875	30.25	5.39333962280836e-09	0.799999975281622	-4.24881897167422e-09	63.6615334073472	0.200000004314672
11.025	30.25	6.58237096737313e-09	0.799999975240172	-3.79053400357073e-09	63.6375334075163	0.200000005265897
11.175	30.25	7.82174008115146e-09	0.799999975193129	-3.33407963395343e-09	63.613533407569	0.200000006257392
11.325	30.25	9.05224090819864e-09	0.799999975137881	-2.87974707506792e-09	63.5895334075029	0.200000007241793
11.475	30.25	1.01928548977173e-08	0.799999975071563	-2.42759257185773e-09	63.5655334073227	0.200000008154284
11.625	30.25	1.11376387892961e-08	0.799999974992422	-1.97784663930035e-09	63.5415334070416	0.200000008910111
11.775	30.25	1.17529470626854e-08	0.799999974898001	-1.53083050059389e-09	63.5175334066847	0.200000009402358
11.925	30.25	1.18752471508084e-08	0.799999974787452	-1.0864119221706e-09	63.4935334062912	0.200000009500198
12.075	30.25	1.13098332818691e-08	0.799999974660829	-6.44894432137853e-10	63.4695334059174	0.200000009047867
12.225	30.25	9.83079088421047e-09	0.799999974518764	-2.06483487105444e-10	63.44553340564	0.200000007864633
12.375	30.25	7.1826052730487e-09	0.799999974364675	2.2861121645313e-10	63.4215334055588	0.200000005746084
12.525	30.25	3.08384293133406e-09	0.799999974202975	6.60457290367286e-10	63.3975334057991	0.200000002467074
12.675	30.25	-2.76664201055574e-09	0.799999974041126	1.08866943155194e-09	63.3735334065145	0.199999997786686
12.825	30.25	-1.0680512628506e-08	0.799999973889148	1.51330609033125e-09	63.3495334078878	0.19999999145559
12.975	30.25	-2.0967307376468e-08	0.799999973759762	1.93406157004924e-09	63.3255334101318	0.199999983226154
13.125	30.25	-3.3917917641398e-08	0.799999973669924	2.35090784982361e-09	63.301533413488	0.199999972865666
13.275	30.25	-4.97837947457247e-08	0.799999973639704	2.76371298739316e-09	63.2775334182238	0.199999960172964
13.425	30.25	-6.87515601062853e-08	0.799999973693014	3.17227315543562e-09	63.2535334246281	0.199999944998752
13.575	30.25	-9.09127730103849e-08	0.799999973858024	3.57653448033584e-09	63.2295334330026	0.199999927269782
13.725	30.25	-1.1622870268159e-07	0.799999974166664	3.97640270879733e-09	63.2055334436518	0.199999907017038
13.875	30.25	-1.44490045162651e-07	0.799999974655239	4.37175661517414e-09	63.1815334568685	0.199999884407964
14.025	30.25	-1.7527160575753e-07	0.799999975363858	4.76234523401591e-09	63.1575334729146	0.199999859782715
14.175	30.25	-2.07882011972874e-07	0.799999976336369	5.14831049570986e-09	63.1335334919988	0.19999983369439
14.325	30.25	-2.41308498585243e-07	0.79999997762094	5.52929694973803e-09	63.1095335142478	0.199999806953201
14.475	30.25	-2.74156672427436e-07	0.799999979269878	5.90543016004581e-09	63.0855335396728	0.199999780674662
14.625	30.25	-3.0458486149411e-07	0.799999981340861	6.27653684441878e-09	63.0615335681297	0.199999756332111
14.775	30.25	-3.30232103392684e-07	0.799999983897897	6.64242617842896e-09	63.0375335992726	0.199999735814317
14.925	30.25	-3.48137929278825e-07	0.799999987013727	7.0031306425133e-09	63.0135336325004	0.199999721489657
15.075	30.25	-3.54650715781607e-07	0.799999990775392	7.35854975244608e-09	62.9895336668943	0.199999716279427
15.225	30.25	-3.45319330797947e-07	0.799999995289193	7.70863413117257e-09	62.9655337011468	0.199999723744535
15.375	30.25	-3.14759854949118e-07	0.800000000691427	8.05324254842521e-09	62.9415337334782	0.199999748192116
15.525	30.25	-2.56485010266014e-07	0.800000007162673	8.39230645479256e-09	62.9175337615392	0.199999794811992
15.675	30.25	-1.62678164091847e-07	0.800000014949249	8.72587416968486e-09	62.8935337822936	0.199999869857469
15.825	30.25	-2.3885859851981e-08	0.80000002439082	9.05373859642764e-09	62.8695337918764	0.199999980891312
15.975	30.25	1.71407961337904e-07	0.800000035964354	9.37595936127697e-09	62.8455337854162	0.200000137126369
16.125	30.25	4.37377506418409e-07	0.800000050338451	9.69226783221253e-09	62.8215337568083	0.200000349902005
16.275	30.25	7.9169165398025e-07	0.80000006845359	1.000292160445e-08	62.7975336984194	0.200000633353323
16.425	30.25	1.25668928966535e-06	0.800000091627763	1.03075914049014e-08	62.7735336006962	0.200001005351432
16.575	30.25	1.86102710651796e-06	0.80000012170219	1.06065820266986e-08	62.7495334516374	0.200001488821685
16.725	30.25	2.6419816168696e-06	0.800000161238424	1.08993286258031e-08	62.7255332360768	0.200002113585293
16.875	30.25	3.64865155594839e-06	0.800000213784394	1.11861496281261e-08	62.7015329347025	0.200002918921245
17.025	30.25	4.94639305825001e-06	0.800000284232148	1.14670800610299e-08	62.6775325227085	0.200003957114447
17.175	30.25	6.62293538457482e-06	0.800000379300024	1.17417916038812e-08	62.6535319679408	0.200005298348308
17.325	30.25	8.79678002696267e-06	0.800000508181881	1.20104169818817e-08	62.6295312283463	0.200007037424022
17.475	30.25	1.16286955801728e-05	0.800000683425865	1.22728305422412e-08	62.605530248467	0.200009302956464
17.625	30.25	1.53374054560994e-05	0.800000922118203	1.2529146686541e-08	62.5815289546293	0.200012269924365
17.775	30.25	2.02209523023261e-05	0.80000124748725	1.27791815590324e-08	62.5575272483547	0.200016176761842
17.925	30.25	2.66857444796823e-05	0.80000169105987	1.30229262020525e-08	62.5335249973511	0.200021348595584
18.075	30.25	3.52859832519416e-05	0.800002295540035	1.32602508935967e-08	62.5095220232173	0.200028228786602
18.225	30.25	4.67770784112301e-05	0.800003118637594	1.34912801794551e-08	62.4855180846905	0.200037421662729
18.375	30.25	6.21878491683786e-05	0.800004238153913	1.37157057124436e-08	62.461512854865	0.200049750279335
18.525	30.25	8.29178925837448e-05	0.800005758811846	1.39335811675946e-08	62.437505890271	0.200066334314067
18.675	30.25	0.000110868699167145	0.800007821582929	1.41447730562288e-08	62.4134965889863	0.200088694959334
18.825	30.25	0.000148620255615941	0.800010616628401	1.43489102297411e-08	62.3894841339776	0.200118896204493
18.975	30.25	0.000199669454946743	0.800014401266202	1.45461042132922e-08	62.3654674165209	0.200159735563957
19.125	30.25	0.000268753042954234	0.800019524424669	1.47357282467864e-08	62.3414449326762	0.200215002434363
19.275	30.25	0.0003622861556627	0.800026458605648	1.49174146229634e-08	62.3174146432118	0.20028982892453
19.425	30.25	0.000488957301743136	0.80003583968804	1.50908386427314e-08	62.2933737839174	0.200391165841395
19.575	30.25	0.000660531184517038	0.800048514822036	1.52548469116694e-08	62.2693186088228	0.200528424947614
19.725	30.25	0.000892922201917217	0.800065600942639	1.5408670076419e-08	62.2452440433498	0.200714337761534
19.875	30.25	0.00120761711590978	0.800088562866671	1.55507086927741e-08	62.2211432176451	0.200966093692728
20.025	30.25	0.00163355410634892	0.800119330362192	1.56792033599526e-08	62.1970068414235	0.201306843285079
20.175	30.25	0.00220962177575565	0.800160483012341	1.57914862396689e-08	62.1728223686511	0.201767697420605
20.325	30.25	0.00298804034524511	0.800215528447454	1.58843088511201e-08	62.1485728799562	0.202390432276196
20.475	30.25	0.00403902963063005	0.800289267280635	1.59530365344452e-08	62.1242355786361	0.203231223704504
20.625	30.25	0.00545732369507471	0.800388164723725	1.5992040922323e-08	62.0997797498241	0.20436585895606
20.775	30.25	0.0073711840119937	0.800520540718852	1.59933642207135e-08	62.0751639742015	0.205896947209595
20.925	30.25	0.00995447749081144	0.800696284187342	1.59475141192494e-08	62.0503323291703	0.207963581992649
21.075	30.25	0.013442012072951	0.800925756511388	1.58418584179014e-08	62.0252092739972	0.210753609658361
21.225	30.25	0.0181476176828136	0.801217637524903	1.56616669364987e-08	61.9996929308944	0.214518094146251
21.375	30.25	0.0244834936327177	0.801575703695756	1.53898680056444e-08	61.9736465698177	0.219586794906174
21.525	30.25	0.032978263080629	0.80199486708645	1.5009608696543e-08	61.9468882989996	0.226382610464503
21.675	30.25	0.0442900723535489	0.802457169458214	1.45061878799239e-08	61.9191792623407	0.235432057882839
21.825	30.25	0.0592098320628868	0.802928781551079	1.38717534722715e-08	61.8902110561691	0.247367865650309
21.975	30.25	0.0786480168012657	0.80335939493283	1.31090153668392e-08	61.8595936286522	0.262918413441013
22.125	30.25	0.103596190830624	0.803685578141456	1.2234573991525e-08	61.8268456629075	0.282876952664499
22.275	30.25	0.135052303174246	0.803839323383355	1.12790216458971e-08	61.7913903904787	0.308041842539397
22.425	30.25	0.173898994042041	0.803761739583949	1.02837155615636e-08	61.7525608190233	0.339119195233633
22.575	30.25	0.220730585469806	0.80341969126326	9.29450814718976e-09	61.7096190801925	0.376584468375845
22.725	30.25	0.275641527397571	0.802820788188765	8.3540496667949e-09	61.6617942058282	0.420513221918057
22.875	30.25	0.33801785698077	0.802020576373861	7.49628109736979e-09	61.6083400533133	0.470414285584616
23.025	30.25	0.40640472408481	0.801116449265165	6.74260357698303e-09	61.5486096248905	0.525123779267848
23.175	30.25	0.478534572970566	0.800226927380959	6.10231956485044e-09	61.4821344640718	0.582827658376453
23.325	30.25	0.551566087413201	0.799461969924782	5.57417809486387e-09	61.4086913090139	0.64125286993056
23.475	30.25	0.62250130855126	0.798895928649296	5.14993286443273e-09	61.3283372792874	0.698001046841008
23.625	30.25	0.68865925842352	0.798554408857814	4.8172031454701e-09	61.2414022506596	0.750927406738816
23.775	30.25	0.748051810659337	0.798418742506017	4.56210407106911e-09	61.1484403618724	0.79844144852747
23.925	30.25	0.79955778152777	0.798442567631619	4.37093411915618e-09	61.0501550654702	0.839646225222216
24.075	30.25	0.842886470691181	0.798570848433428	4.23124216135509e-09	60.9473175754818	0.874309176552944
24.225	30.25	0.878398156266155	0.798753960090949	4.13224621061151e-09	60.8406957191963	0.902718525012924
24.375	30.25	0.906872100602459	0.798954490913392	4.06499081963069e-09	60.7310025764713	0.925497680481967
24.525	30.25	0.929292198278231	0.799148194360662	4.02215955202272e-09	60.6188665607511	0.943433758622585
24.675	30.25	0.946685094163819	0.799321770745319	3.99791783607667e-09	60.5048195610607	0.957348075331055
24.825	30.25	0.960016774700044	0.799469690224426	3.98765791001651e-09	60.3892978131131	0.968013419760035
24.975	30.25	0.970138073118553	0.799591290948962	3.9877802052967e-09	60.2726503444121	0.976110458494843
25.125	30.25	0.977764769261759	0.799688595088694	3.99552541725116e-09	60.1551509866281	0.982211815409407
25.275	30.25	0.983479107304625	0.799764850021895	4.00874961277536e-09	60.0370112683888	0.9867832858437
25.425	30.25	0.987742791132352	0.799823638782206	4.02586174692759e-09	59.918392610646	0.990194232905882
25.575	30.25	0.99091481788371	0.799868384748523	4.04561540867748e-09	59.7994170420497	0.992731854306968
25.725	30.25	0.993270126802221	0.799902109693947	4.06709983992862e-09	59.6801761632081	0.994616101441777
25.875	30.25	0.995016874812678	0.799927346126723	4.08964860022287e-09	59.560738386686	0.996013499850142
26.025	30.25	0.996311339967167	0.799946138427634	4.11276494369433e-09	59.4411546325157	0.997049071973734
26.175	30.25	0.997270176127586	0.799960090600442	4.13607252756359e-09	59.3214627202015	0.997816140902069
26.325	30.25	0.997980145945337	0.799970433955271	4.15928373409428e-09	59.2016907053721	0.998384116756269
26.475	30.25	0.998505654707391	0.799978098448682	4.1822290575264e-09	59.0818593876609	0.998804523765913
26.625	30.25	0.998894473358135	0.799983778532563	4.20475491490167e-09	58.9619841822789	0.999115578686508
26.775	30.25	0.999182029808522	0.799987989218868	4.22675134881064e-09	58.8420765109123	0.999345623846818
26.925	30.25	0.99939460087025	0.799991111214663	4.24817022126263e-09	58.7221448334321	0.9995156806962
27.075	30.25	0.999551676931223	0.79999342581855	4.26895313466563e-09	58.6021954128894	0.999641341544978
27.225	30.25	0.99966771198764	0.799995141142153	4.28908379143053e-09	58.4822328830084	0.999734169590112
27.375	30.25	0.999753419908816	0.799996411457524	4.30851184811895e-09	58.3622606694576	0.999802735927053
27.525	30.25	0.999816736207389	0.799997351342115	4.32726666988693e-09	58.2422813027363	0.999853388965911
27.675	30.25	0.999863532816611	0.799998046002157	4.34530384422421e-09	58.1222966505867	0.999890826253289
27.825	30.25	0.999898149900282	0.79999855883375	4.36264182192977e-09	58.0023080905708	0.999918519920226
27.975	30.25	0.999923791678254	0.799998936994036	4.37929705223537e-09	57.8823166381205	0.999939033342603
28.125	30.25	0.999942820940971	0.799999215533808	4.39526867483014e-09	57.7623230414509	0.999954256752777
28.275	30.25	0.999956977996985	0.79999942047671	4.41058076445336e-09	57.6423278518289	0.999965582397588
28.425	30.25	0.99996754325588	0.799999571120949	4.42522134794929e-09	57.5223314755265	0.999974034604704
28.575	30.25	0.99997545780606	0.799999681759842	4.43921528373942e-09	57.4023342121842	0.999980366244848
28.725	30.25	0.999981412728965	0.799999762967645	4.45257582793727e-09	57.2823362830979	0.999985130183172
28.875	30.25	0.999985915176908	0.799999822557842	4.46533219053066e-09	57.1623378520488	0.999988732141527
29.025	30.25	0.999989337201665	0.799999866296733	4.47747756042489e-09	57.042339040616	0.999991469761332
29.175	30.25	0.999991951790862	0.799999898433717	4.48901926407333e-09	56.9223399394168	0.99999356143269
29.325	30.25	0.999993959424969	0.799999922094949	4.50001022937342e-09	56.8023406163419	0.999995167539975
29.475	30.25	0.999995507614435	0.799999939575279	4.51041836773839e-09	56.6823411225786	0.999996406091548
29.625	30.25	0.999996705242183	0.79999995255511	4.52029855031036e-09	56.5623414970073	0.999997364193746
29.775	30.25	0.999997633065881	0.799999962261279	4.52963805944384e-09	56.4423417694055	0.999998106452705
29.925	30.25	0.999998351385298	0.799999969586273	4.53847832966588e-09	56.3223419627802	0.999998681108239
30.075	30.25	0.999998905620664	0.799999975177103	4.54680034713454e-09	56.2023420950636	0.999999124496531
30.225	30.25	0.999999330355719	0.799999979500555	4.5546261502917e-09	56.0823421803479	0.999999464284575
30.375	30.25	0.999999652255989	0.799999982892387	4.56200957140576e-09	55.9623422297852	0.999999721804791
30.525	30.25	0.99999989216661	0.799999985592893	4.56892070241095e-09	55.8423422522471	0.999999913733288
30.675	30.25	1.00000006661444	0.79999998777368	4.57535900793768e-09	55.7223422548113	1.00000005329155
30.825	30.25	1.00000018888044	0.799999989557059	4.58139076551367e-09	55.602342243125	1.00000015110435
30.975	30.25	1.00000026976428	0.799999991030354	4.58699989846722e-09	55.4823422216792	1.00000021581143
31.125	30.25	1.00000031813023	0.799999992256411	4.59219243879275e-09	55.3623421940211	1.00000025450418
31.275	30.25	1.00000034129912	0.799999993280633	4.59701038045466e-09	55.2423421629213	1.0000002730393
31.425	30.25	1.00000034533335	0.799999994136881	4.60143495729981e-09	55.1223421305075	1.00000027626668
31.575	30.25	1.00000033524795	0.799999994851001	4.60550074045565e-09	55.0023420983762	1.00000026819836
31.725	30.25	1.00000031517154	0.799999995443184	4.60920183238313e-09	54.8823420676846	1.00000025213723
31.875	30.25	1.00000028847336	0.799999995930175	4.61256201983824e-09	54.7623420392303	1.00000023077869
32.025	30.25	1.00000025786737	0.799999996326091	4.615599860035e-09	54.6423420135187	1.00000020629389
32.175	30.25	1.00000022550096	0.79999999664342	4.6183169374038e-09	54.5223419908219	1.00000018040077
32.325	30.25	1.00000019303282	0.79999999689343	4.62071130783545e-09	54.4023419712295	1.00000015442626
32.475	30.25	1.00000016170284	0.799999997086186	4.62280600500686e-09	54.2823419546916	1.00000012936228
32.625	30.25	1.00000013239566	0.799999997230986	4.62463417241015e-09	54.1623419410567	1.00000010591653
32.775	30.25	1.00000010569878	0.799999997336409	4.62617144216704e-09	54.0423419301023	1.00000008455903
32.925	30.25	1.00000008195549	0.799999997410072	4.62747079201609e-09	53.9223419215616	1.00000006556439
33.075	30.25	1.0000000613128	0.799999997458759	4.62850283250345e-09	53.8023419151439	1.00000004905024
33.225	30.25	1.00000004376436	0.799999997488588	4.62928405897586e-09	53.6823419105519	1.00000003501148
33.375	30.25	1.00000002918825	0.799999997504904	4.62985591784425e-09	53.5623419074945	1.0000000233506
33.525	30.25	1.0000000173799	0.799999997512056	4.63017683644275e-09	53.4423419056963	1.00000001390392
33.675	30.25	1.00000000808003	0.799999997513819	4.63030552215858e-09	53.322341904904	1.00000000646402
33.825	30.25	1.00000000099793	0.799999997513266	4.63024009513351e-09	53.2023419048908	1.00000000079834
33.975	30.25	0.99999999583031	0.799999997512687	4.62996672797522e-09	53.0823419054584	0.999999996664248
34.125	30.25	0.999999992276171	0.799999997513945	4.62952414134625e-09	52.9623419064376	0.999999993820936
34.275	30.25	0.999999990047903	0.799999997518228	4.62888878976275e-09	52.8423419076872	0.999999992038322
34.425	30.25	0.999999988879287	0.799999997526447	4.62809733796121e-09	52.7223419090929	0.999999991103429
34.575	30.25	0.999999988530641	0.799999997539028	4.6271543236423e-09	52.6023419105645	0.999999990824513
34.725	30.25	0.999999988791751	0.799999997556132	4.6260730074885e-09	52.4823419120333	0.999999991033401
34.875	30.25	0.999999989482808	0.799999997577763	4.62483806844094e-09	52.3623419134496	0.999999991586246
35.025	30.25	0.999999990454006	0.799999997603591	4.62347949737313e-09	52.2423419147793	0.999999992363205
35.175	30.25	0.999999991583947	0.799999997633255	4.62199268526176e-09	52.1223419160014	0.999999993267158
35.325	30.25	0.99999999277732	0.799999997666381	4.62039844633358e-09	52.0023419171052	0.999999994221856
35.475	30.25	0.999999993962075	0.799999997702322	4.61870050965163e-09	51.8823419180882	0.99999999516966
35.625	30.25	0.999999995086359	0.799999997740766	4.61690756625685e-09	51.7623419189538	0.999999996069088
35.775	30.25	0.999999996115357	0.799999997781107	4.61501073568273e-09	51.6423419197094	0.999999996892286
35.925	30.25	0.999999997028274	0.799999997822955	4.61304806736517e-09	51.5223419203653	0.999999997622619
36.075	30.25	0.999999997815452	0.799999997865846	4.61100802811643e-09	51.4023419209331	0.999999998252362
36.225	30.25	0.999999998475744	0.799999997909502	4.60889130770402e-09	51.282341921425	0.999999998780595
36.375	30.25	0.999999999014289	0.799999997953491	4.60671314069597e-09	51.1623419218529	0.999999999211431
36.525	30.25	0.999999999440466	0.799999997997631	4.60447657248666e-09	51.0423419222282	0.999999999552373
36.675	30.25	0.999999999766337	0.79999999804173	4.60218841986695e-09	50.9223419225611	0.999999999813069
36.825	30.25	1.00000000000535	0.799999998085657	4.59988658069445e-09	50.8023419228606	1.00000000000428
36.975	30.25	1.00000000017135	0.799999998129226	4.59751459768331e-09	50.6823419231344	1.00000000013708
37.125	30.25	1.00000000027792	0.799999998172386	4.59512704079579e-09	50.5623419233889	1.00000000022234
37.275	30.25	1.0000000003377	0.799999998215058	4.59271630475883e-09	50.4423419236293	1.00000000027016
37.425	30.25	1.00000000036184	0.799999998257113	4.59028979548224e-09	50.3223419238596	1.00000000028947
37.575	30.25	1.00000000035915	0.799999998298454	4.58784554930411e-09	50.2023419240827	1.00000000028732
37.725	30.25	1.00000000033568	0.799999998339258	4.58541389520077e-09	50.0823419243011	1.00000000026854
37.875	30.25	1.00000000029553	0.79999999838006	4.58296665910428e-09	49.9623419245165	1.00000000023642
38.025	30.25	1.00000000024452	0.799999998421975	4.58052786953478e-09	49.8423419247303	1.00000000019562
38.175	30.25	1.00000000019656	0.799999998465614	4.57809609640667e-09	49.722341924943	1.00000000015725
38.325	30.25	1.00000000017805	0.79999999850948	4.57568330351309e-09	49.6023419251529	1.00000000014244
38.475	30.25	1.00000000021821	0.799999998547434	4.57328568019264e-09	49.4823419253559	1.00000000017457
38.625	30.25	1.00000000031039	0.799999998568806	4.57091620513146e-09	49.3623419255468	1.00000000024831
38.775	30.25	1.00000000034601	0.799999998567189	4.56857745782956e-09	49.2423419257257	1.00000000027681
38.925	30.25	1.00000000007386	0.79999999856042	4.56627013811335e-09	49.1223419259102	1.00000000005909
39.075	30.25	0.999999999212022	0.799999998614792	4.56399919402707e-09	49.0023419261434	0.999999999369618
39.225	30.25	0.99999999786158	0.799999998839056	4.56177735304655e-09	48.8823419264771	0.999999998289264
39.375	30.25	0.999999997187156	0.799999999294664	4.55960193667142e-09	48.7623419269023	0.999999997749725
39.525	30.25	0.999999999800263	0.799999999788081	4.55748124302272e-09	48.6423419272287	0.99999999984021
39.675	30.25	1.0000000085499	0.799999999640711	4.55540426438952e-09	48.5223419270042	1.00000000683992
39.825	30.25	1.00000002228112	0.799999997769906	4.55338670023018e-09	48.4023419256949	1.00000001782489
39.975	30.25	1.00000002906866	0.799999993612054	4.55144572871815e-09	48.2823419233952	1.00000002325493
40.125	30.25	1.00000000269436	0.799999989151892	4.54955727175614e-09	48.1623419220302	1.00000000215549
40.275	30.25	0.999999915051605	0.799999991066183	4.5477435258033e-09	48.0423419261324	0.999999932041284
40.425	30.25	0.99999977787521	0.800000009740336	4.54600289693891e-09	47.9223419410204	0.999999822300168
40.575	30.25	0.999999707649955	0.800000050279492	4.54432388513024e-09	47.8023419658582	0.999999766119964
40.725	30.25	0.999999957517777	0.800000093495081	4.54273892800834e-09	47.6823419820678	0.999999966014221
40.875	30.25	1.00000079734943	0.800000076701878	4.54123859952704e-09	47.5623419459663	1.00000063787954
41.025	30.25	1.00000212196184	0.799999904185688	4.53981402515323e-09	47.4423418059661	1.00000169756947
41.175	30.25	1.00000285290253	0.799999530056067	4.53846315369972e-09	47.322341567294	1.00000228232202
41.325	30.25	1.00000065163094	0.799999127804954	4.53723485810673e-09	47.2023413991923	1.00000052130475
41.475	30.25	0.999993003857969	0.799999255362678	4.53611004804252e-09	47.0823417038395	0.999994403086375
41.625	30.25	0.99998070663775	0.800000755970666	4.5351120100607e-09	46.9623429658416	0.9999845653102
41.775	30.25	0.999973138464053	0.800004040598939	4.53416955248185e-09	46.8423451813774	0.999978510771243
41.925	30.25	0.999990827520833	0.800007657517913	4.533264911785e-09	46.7223469111028	0.999992662016667
42.075	30.25	1.00005637953647	0.800006936141845	4.53226853450478e-09	46.6023446452549	1.00004510362918
42.225	30.25	1.00016528886142	0.799994824020207	4.53121200380516e-09	46.4823340052954	1.00013223108914
42.375	30.25	1.00024184955272	0.79996767409565	4.53039375407721e-09	46.3623144627927	1.00019347964218
42.525	30.25	1.00011633628427	0.799936550376612	4.53040377712909e-09	46.2422972698289	1.00009306902741
42.675	30.25	0.99959422690428	0.799937860578297	4.53196502158317e-09	46.1223111628847	0.999675381523424
42.825	30.25	0.998683926302275	0.800027372374565	4.53505853043836e-09	46.0023938140384	0.99894714104182
42.975	30.25	0.997944673223315	0.800237006760565	4.53765581881466e-09	45.8825556459681	0.998355738578652
43.125	30.25	0.998684258977117	0.800490005402137	4.53501991144892e-09	45.7627174516616	0.998947407181694
43.275	30.25	1.00248296175482	0.800522975081174	4.52141202021716e-09	45.6426614213567	1.00198636940385
43.425	30.25	1.00955927622985	0.799934825515229	4.49621674236357e-09	45.5220835188339	1.00764742098388
43.575	30.25	1.01623380736109	0.798479881556177	4.47279021166726e-09	45.4008457421911	1.01298704588887
43.725	30.25	1.01328677098291	0.796573391785837	4.48354214657065e-09	45.2794285859081	1.01062941678633
43.875	30.25	0.988680897760993	0.795833250586978	4.57313692675814e-09	45.1593335914807	0.990944718208794
44.025	30.25	0.938367896691357	0.799351007273184	4.76769831372152e-09	45.0428405590349	0.950694317353086
44.175	30.25	0.884673133546537	0.810192428680269	4.99472207524318e-09	44.9313520534252	0.90773850683723
44.325	30.25	0.889127901628779	0.824441952875634	4.97665342944255e-09	44.8222076993966	0.911302321303023
44.475	30.25	1.03257195122072	0.826489829127665	4.42086686555185e-09	44.7059572937946	1.02605756097657
44.625	30.25	1.34924434153584	0.808622133085571	3.54542420238224e-09	44.5677998579226	1.27939547322867
44.775	30.25	1.76408811760812	0.70953704760632	2.81471790565796e-09	44.395593044808	1.61127049408649
44.925	30.25	2.11154506568871	0.834636814284677	2.40024063588963e-09	44.2248230251418	1.88923605255097
0.075	30.75	3.47473591429858e-16	0.399999999742871	-2.57419346607651e-08	65.3895333766904	0.2
0.225	30.75	1.09796499486995e-15	0.799999999228051	-2.57309935665615e-08	65.3655333767058	0.200000000000001
0.375	30.75	2.54818928811021e-15	0.799999998713401	-2.57088178897958e-08	65.3415333767367	0.200000000000002
0.525	30.75	4.61626583942303e-15	0.799999998200712	-2.56757994911732e-08	65.317533376783	0.200000000000004
0.675	30.75	7.14881698833568e-15	0.799999997687465	-2.56316726576034e-08	65.2935333768446	0.200000000000006
0.825	30.75	9.93588431800842e-15	0.799999997176801	-2.55766483756808e-08	65.2695333769217	0.200000000000008
0.975	30.75	1.27379704191964e-14	0.799999996667023	-2.55107848211018e-08	65.2455333770141	0.20000000000001
1.125	30.75	1.52997074844632e-14	0.799999996158627	-2.54340414732374e-08	65.2215333771217	0.200000000000012
1.275	30.75	1.73403388631902e-14	0.79999999565309	-2.53461832036816e-08	65.1975333772445	0.200000000000014
1.425	30.75	1.85241248070641e-14	0.799999995149529	-2.52478592437046e-08	65.1735333773825	0.200000000000015
1.575	30.75	1.84215048319851e-14	0.799999994648598	-2.51388918730124e-08	65.1495333775355	0.200000000000015
1.725	30.75	1.64738684631564e-14	0.799999994150418	-2.5019178008335e-08	65.1255333777036	0.200000000000013
1.875	30.75	1.19727216013412e-14	0.799999993656065	-2.48890601504218e-08	65.1015333778865	0.20000000000001
2.025	30.75	4.06047169644541e-15	0.799999993163972	-2.47483438058036e-08	65.0775333780842	0.200000000000003
2.175	30.75	-8.24291993034107e-15	0.79999999267646	-2.45974697255108e-08	65.0535333782966	0.199999999999993
2.325	30.75	-2.59845096648916e-14	0.799999992192634	-2.44362801080762e-08	65.0295333785237	0.199999999999979
2.475	30.75	-5.01910930511032e-14	0.799999991712486	-2.42650512173672e-08	65.0055333787651	0.19999999999996
2.625	30.75	-8.17460227877566e-14	0.799999991237246	-2.40839112848088e-08	64.9815333790209	0.199999999999935
2.775	30.75	-1.21225244404836e-13	0.799999990766715	-2.38929043241791e-08	64.9575333792909	0.199999999999903
2.925	30.75	-1.68687695009391e-13	0.799999990300779	-2.36920436661269e-08	64.9335333795749	0.199999999999865
3.075	30.75	-2.23416651763247e-13	0.799999989840192	-2.34815675092993e-08	64.9095333798729	0.199999999999821
3.225	30.75	-2.83611674659516e-13	0.79999998938462	-2.32617756728759e-08	64.8855333801846	0.199999999999773
3.375	30.75	-3.46035693221674e-13	0.799999988934678	-2.30328902752514e-08	64.8615333805099	0.199999999999723
3.525	30.75	-4.05628547838151e-13	0.799999988491067	-2.2794656321335e-08	64.8375333808485	0.199999999999676
3.675	30.75	-4.55107089847692e-13	0.79999998805277	-2.25473872307991e-08	64.8135333812005	0.199999999999636
3.825	30.75	-4.84582707256279e-13	0.79999998762104	-2.2291523986399e-08	64.7895333815654	0.199999999999612
3.975	30.75	-4.81239935095955e-13	0.799999987195729	-2.20269193307627e-08	64.7655333819433	0.199999999999615
4.125	30.75	-4.29134295123599e-13	0.799999986777025	-2.17541007018876e-08	64.7415333823338	0.199999999999657
4.275	30.75	-3.09183355259212e-13	0.799999986364733	-2.14728003492248e-08	64.7175333827368	0.199999999999753
4.425	30.75	-9.94412899707807e-14	0.799999985960074	-2.11836788259761e-08	64.693533383152	0.19999999999992
4.575	30.75	2.24237070776275e-13	0.799999985562148	-2.08864790364752e-08	64.6695333835792	0.200000000000179
4.725	30.75	6.8702336925127e-13	0.799999985171172	-2.05817188149428e-08	64.6455333840182	0.20000000000055
4.875	30.75	1.3133056693881e-12	0.799999984788307	-2.02694816548342e-08	64.6215333844688	0.200000000001051
5.025	30.75	2.12411099810894e-12	0.799999984412803	-1.99499070154184e-08	64.5975333849307	0.200000000001699
5.175	30.75	3.13363852007389e-12	0.799999984045153	-1.96233325739589e-08	64.5735333854036	0.200000000002507
5.325	30.75	4.34480363551421e-12	0.79999998368556	-1.92898587776948e-08	64.5495333858873	0.200000000003476
5.475	30.75	5.7437333438906e-12	0.799999983333842	-1.89498712644855e-08	64.5255333863816	0.200000000004595
5.625	30.75	7.29321548658141e-12	0.799999982990683	-1.86034174851586e-08	64.5015333868862	0.200000000005835
5.775	30.75	8.9251929144998e-12	0.79999998265522	-1.82508198497694e-08	64.4775333874008	0.20000000000714
5.925	30.75	1.05325121759038e-11	0.799999982328609	-1.78921914023691e-08	64.4535333879252	0.200000000008426
6.075	30.75	1.1960287630625e-11	0.799999982010162	-1.75279086227934e-08	64.4295333884591	0.200000000009568
6.225	30.75	1.29974276464334e-11	0.799999981700967	-1.71580087400857e-08	64.4055333890023	0.200000000010398
6.375	30.75	1.33690888271379e-11	0.799999981399756	-1.67827729527753e-08	64.3815333895545	0.200000000010695
6.525	30.75	1.27310738251649e-11	0.799999981107922	-1.64026225051701e-08	64.3575333901157	0.200000000010185
6.675	30.75	1.06674607862202e-11	0.799999980824637	-1.60176064219915e-08	64.3335333906856	0.200000000008534
6.825	30.75	6.6930364857111e-12	0.799999980550665	-1.56279448941786e-08	64.3095333912642	0.200000000005354
6.975	30.75	2.62383477412725e-13	0.799999980285297	-1.52339044941632e-08	64.2855333918513	0.20000000000021
7.125	30.75	-9.21227863851061e-12	0.799999980029566	-1.48357560825925e-08	64.261533392447	0.19999999999263
7.275	30.75	-2.23322063489337e-11	0.799999979782862	-1.44335999852788e-08	64.2375333930513	0.199999999982134
7.425	30.75	-3.96698114868972e-11	0.799999979545457	-1.4027902745398e-08	64.2135333936643	0.199999999968264
7.575	30.75	-6.1710559683829e-11	0.799999979317794	-1.36187017734007e-08	64.1895333942862	0.199999999950632
7.725	30.75	-8.87769695308866e-11	0.79999997909928	-1.32061813500111e-08	64.1655333949171	0.199999999928978
7.875	30.75	-1.20933063973055e-10	0.799999978890687	-1.27907343040409e-08	64.1415333955573	0.199999999903254
8.025	30.75	-1.57868393480803e-10	0.79999997869191	-1.2372587918519e-08	64.1175333962069	0.199999999873705
8.175	30.75	-1.98761873480632e-10	0.799999978503124	-1.19518548774322e-08	64.0935333968661	0.199999999840991
8.325	30.75	-2.42127208378408e-10	0.79999997832451	-1.15288649088886e-08	64.0695333975349	0.199999999806298
8.475	30.75	-2.85643654758934e-10	0.799999978156005	-1.11036940369365e-08	64.0455333982131	0.199999999771485
8.625	30.75	-3.25978334674414e-10	0.799999977997988	-1.06766719614172e-08	64.0215333989003	0.199999999739217
8.775	30.75	-3.58609252447942e-10	0.799999977850257	-1.02480220134114e-08	63.9975333995958	0.199999999713113
8.925	30.75	-3.7766157092116e-10	0.799999977713777	-9.81809546663417e-09	63.9735334002982	0.199999999697871
9.075	30.75	-3.75773503615261e-10	0.7999999775874	-9.38678121836788e-09	63.9495334010055	0.199999999699381
9.225	30.75	-3.44012269268553e-10	0.799999977472047	-8.95463100878441e-09	63.9255334017151	0.19999999972479
9.375	30.75	-2.71864771600806e-10	0.799999977367149	-8.52164216865939e-09	63.9015334024232	0.199999999782508
9.525	30.75	-1.47331785637028e-10	0.799999977272701	-8.08802233802983e-09	63.8775334031252	0.199999999882135
9.675	30.75	4.28418390389752e-11	0.799999977188112	-7.6541897350555e-09	63.8535334038151	0.200000000034273
9.825	30.75	3.12765468353133e-10	0.799999977112994	-7.220162062513e-09	63.8295334044857	0.200000000250212
9.975	30.75	6.76792177615054e-10	0.799999977046658	-6.78618777026074e-09	63.8055334051283	0.200000000541434
10.125	30.75	1.1486620314802e-09	0.799999976988144	-6.35244326063535e-09	63.781533405733	0.20000000091893
10.275	30.75	1.74036382213475e-09	0.799999976936088	-5.91928178448915e-09	63.7575334062885	0.200000001392291
10.425	30.75	2.46068482615236e-09	0.799999976889271	-5.4866701839246e-09	63.7335334067827	0.200000001968548
10.575	30.75	3.31342642224001e-09	0.799999976845599	-5.0548488390733e-09	63.7095334072027	0.200000002650741
10.725	30.75	4.29527566096577e-09	0.79999997680321	-4.62413301414224e-09	63.6855334075357	0.200000003436221
10.875	30.75	5.39333961283144e-09	0.799999976759813	-4.19457554165295e-09	63.6615334077698	0.200000004314672
11.025	30.75	6.58237095674618e-09	0.799999976712968	-3.76647846297855e-09	63.6375334078946	0.200000005265897
11.175	30.75	7.82174007030143e-09	0.799999976659994	-3.33993529120943e-09	63.6135334079032	0.200000006257392
11.325	30.75	9.0522408977127e-09	0.799999976598061	-2.91513453130699e-09	63.5895334077933	0.200000007241793
11.475	30.75	1.01928548883753e-08	0.799999976524653	-2.49227318369512e-09	63.5655334075693	0.200000008154284
11.625	30.75	1.1137638782096e-08	0.799999976437539	-2.07145960694325e-09	63.5415334072447	0.200000008910111
11.775	30.75	1.17529470588402e-08	0.799999976335038	-1.65285613401771e-09	63.5175334068446	0.200000009402358
11.925	30.75	1.18752471517855e-08	0.799999976215822	-1.23670762191668e-09	63.4935334064081	0.200000009500198
12.075	30.75	1.13098332893447e-08	0.799999976079621	-8.23192156470126e-10	63.4695334059916	0.200000009047867
12.225	30.75	9.83079090010899e-09	0.799999975927897	-4.12266865174947e-10	63.4455334056718	0.200000007864633
12.375	30.75	7.1826052994497e-09	0.799999975763246	-4.16241083504195e-12	63.4215334055484	0.200000005746084
12.525	30.75	3.08384297049335e-09	0.799999975590829	4.00805268220537e-10	63.397533405747	0.200000002467074
12.675	30.75	-2.76664195635202e-09	0.799999975417801	8.02772863459068e-10	63.3735334064209	0.199999997786686
12.825	30.75	-1.06805125569587e-08	0.799999975253951	1.20140185235978e-09	63.3495334077531	0.19999999145559
12.975	30.75	-2.09673072854606e-08	0.799999975112418	1.59664048304841e-09	63.3255334099563	0.199999983226154
13.125	30.75	-3.39179175290697e-08	0.79999997500996	1.98834604144938e-09	63.3015334132721	0.199999972865666
13.275	30.75	-4.97837946107145e-08	0.799999974966517	2.37637302452938e-09	63.2775334179679	0.199999960172964
13.425	30.75	-6.87515599478754e-08	0.799999975006663	2.76073054076262e-09	63.2535334243326	0.199999944998752
13.575	30.75	-9.0912772828772e-08	0.799999975157693	3.14111120836193e-09	63.2295334326679	0.199999927269782
13.725	30.75	-1.16228702478088e-07	0.799999975452271	3.5174534611228e-09	63.2055334432783	0.199999907017038
13.875	30.75	-1.44490044940026e-07	0.799999975926088	3.88972826319126e-09	63.1815334564566	0.199999884407964
14.025	30.75	-1.7527160552023e-07	0.799999976619946	4.25778982316557e-09	63.1575334724649	0.199999859782716
14.175	30.75	-2.07882011727344e-07	0.799999977577027	4.62148710821985e-09	63.1335334915116	0.199999833694391
14.325	30.75	-2.41308498340257e-07	0.799999978846161	4.98083856279168e-09	63.1095335137236	0.199999806953201
14.475	30.75	-2.74156672194346e-07	0.799999980479413	5.33567901819443e-09	63.0855335391121	0.199999780674662
14.625	30.75	-3.04584861287242e-07	0.799999982533976	5.68584571951905e-09	63.0615335675329	0.199999756332111
14.775	30.75	-3.3023210322957e-07	0.799999985074312	6.03139689277637e-09	63.0375335986403	0.199999735814317
14.925	30.75	-3.48137929180668e-07	0.799999988173692	6.37209795276221e-09	63.013533631833	0.199999721489657
15.075	30.75	-3.54650715773499e-07	0.799999991918375	6.70806939658099e-09	62.9895336661924	0.199999716279427
15.225	30.75	-3.4531933090955e-07	0.799999996414895	7.03904127865071e-09	62.9655337004108	0.199999723744535
15.375	30.75	-3.14759855214924e-07	0.800000001799595	7.36498255235424e-09	62.9415337327088	0.199999748192116
15.525	30.75	-2.56485010726588e-07	0.800000008253271	7.68593826627129e-09	62.9175337607368	0.199999794811991
15.675	30.75	-1.62678164794343e-07	0.800000016021793	8.00162889357306e-09	62.8935337814587	0.199999869857468
15.825	30.75	-2.38858608522436e-08	0.800000025445282	8.31223647699076e-09	62.8695337910097	0.199999980891311
15.975	30.75	1.71407959973721e-07	0.800000037000371	8.61756697305686e-09	62.8455337845181	0.200000137126368
16.125	30.75	4.37377504610271e-07	0.80000005135617	8.91760732740193e-09	62.8215337558793	0.200000349902004
16.275	30.75	7.91691651630348e-07	0.800000069452444	9.21223002781148e-09	62.7975336974602	0.200000633353321
16.425	30.75	1.25668928665179e-06	0.800000092607829	9.5014260966504e-09	62.7735335997073	0.200001005351429
16.575	30.75	1.86102710268667e-06	0.800000122663218	9.78508375075082e-09	62.7495334506194	0.200001488821682
16.725	30.75	2.64198161202302e-06	0.800000162180179	1.00633221426457e-08	62.7255332350303	0.20000211358529
16.875	30.75	3.64865154982964e-06	0.800000214707152	1.03360430794219e-08	62.701532933628	0.20000291892124
17.025	30.75	4.94639305052304e-06	0.800000285135482	1.06029424965867e-08	62.6775325216066	0.20000395711444
17.175	30.75	6.62293537479585e-06	0.800000380183428	1.08643231932512e-08	62.6535319668121	0.2000052983483
17.325	30.75	8.79678001454448e-06	0.800000509046171	1.11199877468881e-08	62.6295312271914	0.200007037424012
17.475	30.75	1.16286955643353e-05	0.800000684270074	1.13699696296449e-08	62.6055302472865	0.200009302956451
17.625	30.75	1.53374054358067e-05	0.800000922942526	1.1614045287135e-08	62.5815289534237	0.200012269924349
17.775	30.75	2.02209522762026e-05	0.800001248291824	1.18523608846912e-08	62.5575272471247	0.200016176761821
17.925	30.75	2.66857444459059e-05	0.800001691844519	1.20847864971539e-08	62.5335249960973	0.200021348595557
18.075	30.75	3.52859832081031e-05	0.800002296304429	1.2311339329879e-08	62.5095220219402	0.200028228786566
18.225	30.75	4.67770783541469e-05	0.800003119381887	1.25317920527709e-08	62.4855180833908	0.200037421662683
18.375	30.75	6.21878490938585e-05	0.800004238878029	1.27462223165279e-08	62.4615128535433	0.200049750279275
18.525	30.75	8.29178924862833e-05	0.800005759515804	1.29545146002397e-08	62.4375058889278	0.200066334313989
18.675	30.75	0.00011086869903953	0.80000782226675	1.31564516198451e-08	62.4134965876223	0.200088694959232
18.825	30.75	0.000148620255448776	0.800010617291768	1.33520172486691e-08	62.3894841325935	0.200118896204359
18.975	30.75	0.000199669454727783	0.800014401909085	1.35407261672227e-08	62.3654674151171	0.200159735563782
19.125	30.75	0.000268753042667572	0.800019525047328	1.37224954917111e-08	62.3414449312535	0.200215002434134
19.275	30.75	0.000362286155287693	0.80002645920789	1.38969331527756e-08	62.3174146417707	0.20028982892423
19.425	30.75	0.000488957301253118	0.800035840269897	1.40633083321293e-08	62.2933737824586	0.200391165841002
19.575	30.75	0.000660531183877623	0.800048515383386	1.42210931149517e-08	62.2693186073468	0.200528424947102
19.725	30.75	0.000892922201084291	0.80006560148374	1.43692141703361e-08	62.2452440418573	0.200714337760867
19.875	30.75	0.00120761711482703	0.800088563387302	1.45063894973375e-08	62.2211432161367	0.200966093691862
20.025	30.75	0.0016335541049447	0.800119330862554	1.46306567512776e-08	62.1970068398998	0.201306843283956
20.175	30.75	0.00220962177393916	0.800160483492566	1.47399012164388e-08	62.1728223671128	0.201767697419151
20.325	30.75	0.00298804034290165	0.800215528907497	1.48307647709783e-08	62.1485728784038	0.202390432274321
20.475	30.75	0.00403902962761485	0.800289267720194	1.48991789641142e-08	62.1242355770703	0.203231223702092
20.625	30.75	0.0054573236912063	0.800388165143608	1.49395289091133e-08	62.0997797482455	0.204365858952965
20.775	30.75	0.00737118400704408	0.800520541118612	1.49447912854111e-08	62.0751639726107	0.205896947205635
20.925	30.75	0.00995447748449949	0.800696284567508	1.49056076600999e-08	62.0503323275679	0.2079635819876
21.075	30.75	0.0134420120649357	0.800925756872328	1.48104712006356e-08	62.0252092723839	0.210753609651949
21.225	30.75	0.0181476176726883	0.801217637866653	1.46453121235848e-08	61.9996929292707	0.214518094138151
21.375	30.75	0.0244834936200093	0.801575704018911	1.43945818266306e-08	61.9736465681843	0.219586794896007
21.525	30.75	0.0329782630647974	0.801994867391504	1.40419002093143e-08	61.9468882973571	0.226382610451838
21.675	30.75	0.0442900723340005	0.802457169745918	1.3573813511264e-08	61.9191792606896	0.2354320578672
21.825	30.75	0.059209832038984	0.802928781822292	1.29827369473696e-08	61.89021105451	0.247367865631187
21.975	30.75	0.0786480167723472	0.803359395188291	1.2271346611407e-08	61.8595936269857	0.262918413417878
22.125	30.75	0.103596190796054	0.803685578382293	1.14549536906329e-08	61.8268456612339	0.282876952636843
22.275	30.75	0.135052303133493	0.803839323610815	1.05622967609443e-08	61.7913903887984	0.308041842506795
22.425	30.75	0.173898993994796	0.803761739799221	9.63208178129709e-09	61.7525608173365	0.339119195195837
22.575	30.75	0.220730585416124	0.803419691467394	8.70717128906407e-09	61.7096190784994	0.376584468332899
22.725	30.75	0.275641527338045	0.80282078838294	7.82771162834772e-09	61.6617942041287	0.420513221870436
22.875	30.75	0.338017856916669	0.802020576559058	7.02539407675645e-09	61.6083400516072	0.470414285533335
23.025	30.75	0.406404724018095	0.80111644944224	6.32058067459445e-09	61.5486096231772	0.525123779214476
23.175	30.75	0.478534572903707	0.800226927550625	5.72180930202843e-09	61.4821344623506	0.582827658322966
23.325	30.75	0.551566087348832	0.799461970087753	5.22819000667079e-09	61.4086913072838	0.641252869879066
23.475	30.75	0.622501308491779	0.798895928806135	4.83192587651805e-09	61.3283372775472	0.698001046793423
23.625	30.75	0.688659258370689	0.798554409009175	4.52155971358378e-09	61.2414022489081	0.750927406696551
23.775	30.75	0.748051810614122	0.798418742652225	4.2840266117712e-09	61.1484403601082	0.798441448491297
23.925	30.75	0.799557781490343	0.798442567773084	4.10651845693959e-09	61.0501550636923	0.839646225192274
24.075	30.75	0.842886470661089	0.798570848570541	3.97736575197969e-09	60.9473175736891	0.874309176528872
24.225	30.75	0.878398156242567	0.798753960223912	3.88651291818763e-09	60.8406957173882	0.902718524994054
24.375	30.75	0.906872100584361	0.798954491042357	3.82551394919351e-09	60.7310025746472	0.925497680467489
24.525	30.75	0.929292198264589	0.799148194485805	3.78749282132823e-09	60.6188665589106	0.943433758611672
24.675	30.75	0.946685094153683	0.799321770866782	3.76696126158245e-09	60.5048195592038	0.957348075322946
24.825	30.75	0.960016774692605	0.799469690342304	3.75962154633443e-09	60.3892978112397	0.968013419754084
24.975	30.75	0.970138073113141	0.799591291063245	3.76205677547795e-09	60.2726503425224	0.976110458490513
25.125	30.75	0.977764769257856	0.799688595199545	3.77166037900574e-09	60.1551509847222	0.982211815406285
25.275	30.75	0.983479107301821	0.799764850129397	3.78644473459851e-09	60.0370112664672	0.986783285841457
25.425	30.75	0.987742791130349	0.799823638886326	3.80488011094646e-09	59.9183926087089	0.990194232904279
25.575	30.75	0.990914817882278	0.799868384849405	3.82580612103208e-09	59.7994170400975	0.992731854305822
25.725	30.75	0.993270126801204	0.799902109791633	3.84835505386335e-09	59.6801761612413	0.994616101440963
25.875	30.75	0.995016874811948	0.799927346221254	3.871902539233e-09	59.5607383847049	0.996013499849559
26.025	30.75	0.99631133996664	0.799946138519121	3.89594841574261e-09	59.4411546305207	0.997049071973312
26.175	30.75	0.99727017612721	0.799960090688894	3.92018255783197e-09	59.3214627181931	0.997816140901768
26.325	30.75	0.997980145945078	0.799970434040717	3.94431925757769e-09	59.2016907033507	0.998384116756062
26.475	30.75	0.99850565470721	0.799978098531243	3.96817444276369e-09	59.0818593856269	0.998804523765768
26.625	30.75	0.99889447335801	0.799983778612275	3.99161267825809e-09	58.9619841802328	0.999115578686408
26.775	30.75	0.999182029808426	0.799987989295753	4.01456110312417e-09	58.8420765088545	0.999345623846741
26.925	30.75	0.999394600870177	0.799991111288843	4.03692435726404e-09	58.722144831363	0.999515680696142
27.075	30.75	0.999551676931173	0.799993425890069	4.05869086764876e-09	58.6021954108093	0.999641341544939
27.225	30.75	0.999667711987604	0.799995141211042	4.07977994944324e-09	58.4822328809178	0.999734169590083
27.375	30.75	0.999753419908789	0.799996411523802	4.10021186493077e-09	58.3622606673569	0.999802735927031
27.525	30.75	0.999816736207367	0.799997351405909	4.11996392923312e-09	58.2422813006258	0.999853388965894
27.675	30.75	0.999863532816609	0.799998046063509	4.13904423333654e-09	58.1222966484668	0.999890826253287
27.825	30.75	0.999898149900287	0.799998558892668	4.15743990610083e-09	58.002308088442	0.99991851992023
27.975	30.75	0.999923791678259	0.799998937050613	4.17516929068764e-09	57.882316635983	0.999939033342607
28.125	30.75	0.999942820940978	0.799999215588093	4.19223250027613e-09	57.7623230393051	0.999954256752783
28.275	30.75	0.999956977996987	0.799999420528773	4.20862672083882e-09	57.6423278496751	0.999965582397589
28.425	30.75	0.999967543255876	0.799999571170776	4.22436783179103e-09	57.5223314733651	0.999974034604701
28.575	30.75	0.999975457806055	0.799999681807582	4.23951265207237e-09	57.4023342100154	0.999980366244844
28.725	30.75	0.999981412728971	0.799999763013273	4.25402404936341e-09	57.2823362809222	0.999985130183177
28.875	30.75	0.999985915176921	0.799999822601434	4.26790763113931e-09	57.1623378498664	0.999988732141537
29.025	30.75	0.999989337201675	0.799999866338312	4.28122694004582e-09	57.0423390384272	0.99999146976134
29.175	30.75	0.999991951790865	0.799999898473423	4.29394336841793e-09	56.9223399372218	0.999993561432692
29.325	30.75	0.99999395942497	0.799999922132736	4.30610655633241e-09	56.8023406141411	0.999995167539976
29.475	30.75	0.999995507614447	0.799999939611223	4.31773325840493e-09	56.6823411203723	0.999996406091558
29.625	30.75	0.999996705242191	0.799999952589289	4.32879217279913e-09	56.5623414947957	0.999997364193753
29.775	30.75	0.99999763306589	0.799999962293683	4.33932899426727e-09	56.442341767189	0.999998106452712
29.925	30.75	0.999998351385304	0.799999969617055	4.3493616655446e-09	56.322341960559	0.999998681108243
30.075	30.75	0.999998905620672	0.79999997520618	4.35890472872736e-09	56.2023420928379	0.999999124496538
30.225	30.75	0.999999330355725	0.799999979528048	4.36795718701132e-09	56.0823421781179	0.99999946428458
30.375	30.75	0.999999652255992	0.799999982918335	4.37653743165075e-09	55.9623422275512	0.999999721804793
30.525	30.75	0.999999892166612	0.799999985617313	4.38466265663636e-09	55.8423422500093	0.99999991373329
30.675	30.75	1.00000006661443	0.799999987796657	4.39235096747935e-09	55.72234225257	1.00000005329155
30.825	30.75	1.00000018888043	0.799999989578597	4.3996080007942e-09	55.6023422408803	1.00000015110435
30.975	30.75	1.00000026976428	0.799999991050556	4.40642630145952e-09	55.4823422194314	1.00000021581142
31.125	30.75	1.00000031813024	0.799999992275213	4.41285852221021e-09	55.3623421917704	1.00000025450419
31.275	30.75	1.00000034129913	0.799999993298168	4.41887667254957e-09	55.2423421606678	1.00000027303931
31.425	30.75	1.00000034533336	0.799999994153218	4.42452284962242e-09	55.1223421282515	1.00000027626668
31.575	30.75	1.00000033524794	0.799999994866053	4.42981241265371e-09	55.0023420961179	1.00000026819836
31.725	30.75	1.00000031517154	0.799999995457105	4.43471660067835e-09	54.8823420654241	1.00000025213723
31.875	30.75	1.00000028847336	0.799999995942888	4.43928689194453e-09	54.7623420369678	1.00000023077868
32.025	30.75	1.00000025786736	0.799999996337763	4.44351793544555e-09	54.6423420112544	1.00000020629389
32.175	30.75	1.00000022550095	0.799999996654094	4.4474305834936e-09	54.522341988556	1.00000018040076
32.325	30.75	1.00000019303282	0.799999996903023	4.45102271654741e-09	54.402341968962	1.00000015442625
32.475	30.75	1.00000016170284	0.799999997094817	4.45432944056654e-09	54.2823419524227	1.00000012936227
32.625	30.75	1.00000013239566	0.799999997238659	4.45733004309978e-09	54.1623419387866	1.00000010591653
32.775	30.75	1.00000010569877	0.799999997343194	4.46006098736661e-09	54.0423419278312	1.00000008455902
32.925	30.75	1.00000008195548	0.799999997415981	4.46250377680285e-09	53.9223419192895	1.00000006556438
33.075	30.75	1.00000006131279	0.799999997463796	4.46469903824414e-09	53.8023419128709	1.00000004905023
33.225	30.75	1.00000004376435	0.799999997492867	4.46663762255029e-09	53.6823419082783	1.00000003501148
33.375	30.75	1.00000002918824	0.799999997508396	4.46833608385603e-09	53.5623419052203	1.00000002335059
33.525	30.75	1.0000000173799	0.799999997514818	4.4698215655878e-09	53.4423419034216	1.00000001390392
33.675	30.75	1.00000000808003	0.799999997515862	4.47107520426463e-09	53.3223419026289	1.00000000646402
33.825	30.75	1.00000000099792	0.799999997514627	4.47210575125724e-09	53.2023419026155	1.00000000079834
33.975	30.75	0.999999995830302	0.799999997513418	4.47295008308143e-09	53.082341903183	0.999999996664241
34.125	30.75	0.999999992276157	0.799999997514036	4.47358552708677e-09	52.9623419041621	0.999999993820926
34.275	30.75	0.9999999900479	0.799999997517761	4.47405323043376e-09	52.8423419054117	0.99999999203832
34.425	30.75	0.999999988879283	0.799999997525419	4.47433667124315e-09	52.7223419068175	0.999999991103427
34.575	30.75	0.999999988530646	0.799999997537452	4.47445687414742e-09	52.6023419082893	0.999999990824517
34.725	30.75	0.999999988791753	0.799999997554138	4.47442028865023e-09	52.4823419097584	0.999999991033402
34.875	30.75	0.99999998948281	0.799999997575278	4.47424398387734e-09	52.3623419111751	0.999999991586248
35.025	30.75	0.999999990454003	0.799999997600624	4.47390673667876e-09	52.2423419125052	0.999999992363202
35.175	30.75	0.999999991583944	0.799999997629889	4.47344680387153e-09	52.1223419137277	0.999999993267156
35.325	30.75	0.99999999277732	0.799999997662581	4.47284749122155e-09	52.0023419148321	0.999999994221856
35.475	30.75	0.999999993962078	0.79999999769823	4.47214436587743e-09	51.8823419158157	0.999999995169662
35.625	30.75	0.999999995086354	0.799999997736308	4.47132845403351e-09	51.7623419166819	0.999999996069083
35.775	30.75	0.999999996115354	0.799999997776344	4.47041528033726e-09	51.6423419174382	0.999999996892283
35.925	30.75	0.999999997028279	0.799999997817916	4.46938141205802e-09	51.5223419180948	0.999999997622623
36.075	30.75	0.999999997815457	0.799999997860527	4.46827812129032e-09	51.4023419186634	0.999999998252365
36.225	30.75	0.999999998475747	0.799999997903921	4.46708734414403e-09	51.2823419191561	0.999999998780598
36.375	30.75	0.999999999014284	0.799999997947722	4.46582660685426e-09	51.1623419195849	0.999999999211427
36.525	30.75	0.999999999440455	0.799999997991651	4.46448881173541e-09	51.0423419199611	0.999999999552364
36.675	30.75	0.999999999766326	0.799999998035638	4.46309873178192e-09	50.9223419202948	0.999999999813061
36.825	30.75	1.00000000000533	0.799999998079321	4.46163945489453e-09	50.8023419205953	1.00000000000427
36.975	30.75	1.00000000017135	0.799999998122766	4.46013633271302e-09	50.68234192087	1.00000000013708
37.125	30.75	1.00000000027792	0.799999998165855	4.45859725243306e-09	50.5623419211255	1.00000000022233
37.275	30.75	1.0000000003377	0.799999998208424	4.45701404447395e-09	50.4423419213669	1.00000000027016
37.425	30.75	1.00000000036184	0.799999998250398	4.45537802346577e-09	50.3223419215982	1.00000000028947
37.575	30.75	1.00000000035914	0.79999999829166	4.45373710535907e-09	50.2023419218223	1.00000000028731
37.725	30.75	1.00000000033566	0.799999998332458	4.45207218794307e-09	50.0823419220417	1.00000000026853
37.875	30.75	1.00000000029551	0.799999998373213	4.45039094683591e-09	49.9623419222582	1.00000000023641
38.025	30.75	1.00000000024452	0.799999998415125	4.44869492774971e-09	49.842341922473	1.00000000019561
38.175	30.75	1.00000000019656	0.799999998458801	4.4470022581691e-09	49.7223419226867	1.00000000015725
38.325	30.75	1.00000000017805	0.799999998502738	4.44529306877573e-09	49.6023419228976	1.00000000014244
38.475	30.75	1.00000000021821	0.799999998540654	4.44361535678129e-09	49.4823419231017	1.00000000017457
38.625	30.75	1.00000000031038	0.799999998562155	4.44192300315577e-09	49.3623419232936	1.00000000024831
38.775	30.75	1.00000000034601	0.79999999856057	4.44025332455909e-09	49.2423419234735	1.00000000027681
38.925	30.75	1.00000000007387	0.799999998553918	4.43859375375351e-09	49.122341923659	1.00000000005909
39.075	30.75	0.999999999212028	0.799999998608376	4.43696856743533e-09	49.0023419238931	0.999999999369622
39.225	30.75	0.999999997861585	0.799999998832786	4.43535430108891e-09	48.8823419242277	0.999999998289268
39.375	30.75	0.99999999718716	0.799999999288534	4.4337798863467e-09	48.7623419246539	0.999999997749728
39.525	30.75	0.999999999800269	0.799999999782063	4.43224455957027e-09	48.6423419249813	0.999999999840215
39.675	30.75	1.0000000085499	0.799999999634873	4.43074072660772e-09	48.5223419247576	1.00000000683992
39.825	30.75	1.00000002228111	0.79999999776426	4.42928199307581e-09	48.4023419234492	1.00000001782489
39.975	30.75	1.00000002906865	0.799999993606565	4.4278659481647e-09	48.2823419211504	1.00000002325492
40.125	30.75	1.00000000269436	0.799999989146592	4.42650369833439e-09	48.1623419197861	1.00000000215548
40.275	30.75	0.999999915051599	0.799999991061142	4.42518573752634e-09	48.0423419238891	0.999999932041279
40.425	30.75	0.999999777875199	0.800000009735473	4.42392547427369e-09	47.9223419387778	0.999999822300159
40.575	30.75	0.999999707649941	0.800000050274872	4.42273810043255e-09	47.8023419636164	0.999999766119953
40.725	30.75	0.999999957517773	0.800000093490693	4.42161365427361e-09	47.6823419798266	0.999999966014219
40.875	30.75	1.00000079734942	0.800000076697727	4.4205336049981e-09	47.5623419437258	1.00000063787954
41.025	30.75	1.00000212196183	0.799999904181809	4.41952193035462e-09	47.4423418037262	1.00000169756946
41.175	30.75	1.00000285290252	0.799999530052513	4.41859819634442e-09	47.3223415650546	1.00000228232201
41.325	30.75	1.00000065163093	0.799999127801603	4.41774951209933e-09	47.2023413969535	1.00000052130474
41.475	30.75	0.99999300385796	0.799999255359613	4.41699246983075e-09	47.0823417016011	0.999994403086368
41.625	30.75	0.999980706637745	0.800000755967924	4.41633343550112e-09	46.9623429636036	0.999984565310196
41.775	30.75	0.999973138464052	0.800004040596514	4.41575381548045e-09	46.8423451791398	0.999978510771241
41.925	30.75	0.999990827520823	0.800007657515739	4.41513374335735e-09	46.7223469088656	0.999992662016659
42.075	30.75	1.00005637953646	0.800006936140048	4.41444250015052e-09	46.602344643018	1.00004510362917
42.225	30.75	1.00016528886141	0.799994824018683	4.41371128363726e-09	46.4823340030588	1.00013223108913
42.375	30.75	1.0002418495527	0.799967674094414	4.4131499967858e-09	46.3623144605563	1.00019347964216
42.525	30.75	1.00011633628423	0.799936550375769	4.4134007287164e-09	46.2422972675927	1.00009306902738
42.675	30.75	0.999594226904263	0.799937860577826	4.41514279942445e-09	46.1223111606486	0.99967538152341
42.825	30.75	0.998683926302336	0.8000273723744	4.41836816504674e-09	46.0023938118022	0.998947141041869
42.975	30.75	0.997944673223469	0.800237006760706	4.42109382281425e-09	45.882555643732	0.998355738578775
43.125	30.75	0.998684258977313	0.800490005402628	4.41870135478642e-09	45.7627174494255	0.99894740718185
43.275	30.75	1.00248296175487	0.800522975082044	4.40561500045537e-09	45.6426614191204	1.0019863694039
43.425	30.75	1.00955927622952	0.799934825516433	4.38122189718591e-09	45.5220835165974	1.00764742098362
43.575	30.75	1.01623380736033	0.798479881557864	4.35851022999678e-09	45.4008457399544	1.01298704588826
43.725	30.75	1.01328677098214	0.796573391787913	4.36912921878469e-09	45.2794285836713	1.01062941678571
43.875	30.75	0.988680897761136	0.795833250589468	4.45655301033477e-09	45.1593335892436	0.990944718208909
44.025	30.75	0.938367896693265	0.799351007275812	4.64624295125e-09	45.0428405567973	0.950694317354612
44.175	30.75	0.884673133549692	0.810192428682843	4.86756734394696e-09	44.9313520511869	0.907738506839753
44.325	30.75	0.889127901630328	0.82444195287855	4.85005022053982e-09	44.8222076971576	0.911302321304263
44.475	30.75	1.03257195121658	0.82648982913161	4.30844676226355e-09	44.7059572915553	1.02605756097326
44.625	30.75	1.34924434152435	0.80862213309041	3.45528427090365e-09	44.5677998556833	1.27939547321948
44.775	30.75	1.76408811759217	0.709537047610545	2.74316974374713e-09	44.395593042569	1.61127049407374
44.925	30.75	2.11154506567197	0.834636814289487	2.33923611702568e-09	44.2248230229032	1.88923605253757
0.075	31.25	3.47473594086318e-16	0.399999999760174	-2.40849726928478e-08	65.3895333791788	0.2
0.225	31.25	1.09796498661142e-15	0.799999999281012	-2.40747896709551e-08	65.3655333791932	0.200000000000001
0.375	31.25	2.54818930163269e-15	0.799999998801747	-2.40545473789429e-08	65.3415333792219	0.200000000000002
0.525	31.25	4.61626581825714e-15	0.799999998323842	-2.40241120736479e-08	65.317533379265	0.200000000000004
0.675	31.25	7.1488170137541e-15	0.799999997845762	-2.39835108779773e-08	65.2935333793225	0.200000000000006
0.825	31.25	9.93588428188843e-15	0.799999997369867	-2.3932938680897e-08	65.2695333793943	0.200000000000008
0.975	31.25	1.27379704582784e-14	0.799999996894698	-2.38722046018213e-08	65.2455333794803	0.20000000000001
1.125	31.25	1.52997074319243e-14	0.799999996421383	-2.3801626962851e-08	65.2215333795806	0.200000000000012
1.275	31.25	1.73403389190247e-14	0.79999999594998	-2.37210615844374e-08	65.197533379695	0.200000000000014
1.425	31.25	1.85241247381063e-14	0.799999995481005	-2.36305145735392e-08	65.1735333798236	0.200000000000015
1.575	31.25	1.84215049100955e-14	0.799999995013838	-2.35301893437822e-08	65.1495333799662	0.200000000000015
1.725	31.25	1.64738683809045e-14	0.799999994549541	-2.34200718213501e-08	65.1255333801227	0.200000000000013
1.875	31.25	1.19727217115071e-14	0.799999994088048	-2.33004152367621e-08	65.1015333802932	0.20000000000001
2.025	31.25	4.0604716092422e-15	0.799999993629824	-2.31710140232641e-08	65.0775333804774	0.200000000000003
2.175	31.25	-8.24291977243963e-15	0.799999993174746	-2.30321006899748e-08	65.0535333806754	0.199999999999993
2.325	31.25	-2.59845097424038e-14	0.799999992723383	-2.28838132557002e-08	65.029533380887	0.199999999999979
2.475	31.25	-5.01910928242625e-14	0.799999992275372	-2.27261806571811e-08	65.005533381112	0.19999999999996
2.625	31.25	-8.17460228367963e-14	0.799999991832054	-2.25593679131671e-08	64.9815333813504	0.199999999999935
2.775	31.25	-1.21225244087333e-13	0.799999991392553	-2.23834387392102e-08	64.9575333816021	0.199999999999903
2.925	31.25	-1.6868769501545e-13	0.799999990957617	-2.21987236486114e-08	64.9335333818669	0.199999999999865
3.075	31.25	-2.2341665134583e-13	0.799999990527794	-2.20050586878852e-08	64.9095333821447	0.199999999999821
3.225	31.25	-2.83611674630604e-13	0.799999990101711	-2.1802580771108e-08	64.8855333824353	0.199999999999773
3.375	31.25	-3.46035692732048e-13	0.799999989681323	-2.15914704162114e-08	64.8615333827386	0.199999999999723
3.525	31.25	-4.05628547835899e-13	0.799999989266372	-2.13721735972366e-08	64.8375333830545	0.199999999999676
3.675	31.25	-4.55107089388468e-13	0.799999988857115	-2.11445207382053e-08	64.8135333833827	0.199999999999636
3.825	31.25	-4.84582707439863e-13	0.799999988452963	-2.09086827877907e-08	64.7895333837232	0.199999999999612
3.975	31.25	-4.81239934892766e-13	0.79999998805497	-2.06648596142622e-08	64.7655333840756	0.199999999999615
4.125	31.25	-4.2913429579912e-13	0.799999987662591	-2.04132009291985e-08	64.74153338444	0.199999999999657
4.275	31.25	-3.09183355706298e-13	0.7999999872767	-2.0154078239958e-08	64.717533384816	0.199999999999753
4.425	31.25	-9.94412916265731e-14	0.799999986897743	-1.98872358925779e-08	64.6935333852034	0.19999999999992
4.575	31.25	2.24237069101002e-13	0.799999986524376	-1.96131514565071e-08	64.6695333856021	0.200000000000179
4.725	31.25	6.87023365960884e-13	0.799999986158118	-1.9332069099404e-08	64.6455333860119	0.20000000000055
4.875	31.25	1.31330566578622e-12	0.799999985798727	-1.90439720143932e-08	64.6215333864325	0.200000000001051
5.025	31.25	2.12411099248899e-12	0.799999985446305	-1.87491711713832e-08	64.5975333868637	0.200000000001699
5.175	31.25	3.13363851393443e-12	0.799999985101114	-1.84476465996134e-08	64.5735333873053	0.200000000002507
5.325	31.25	4.3448036271377e-12	0.79999998476307	-1.81399288847034e-08	64.5495333877571	0.200000000003476
5.475	31.25	5.74373333511949e-12	0.799999984432266	-1.78258705853152e-08	64.5255333882187	0.200000000004595
5.625	31.25	7.29321547585491e-12	0.799999984109286	-1.75058623397694e-08	64.50153338869	0.200000000005835
5.775	31.25	8.92519290423546e-12	0.799999983793679	-1.71800753803272e-08	64.4775333891707	0.20000000000714
5.925	31.25	1.05325121649333e-11	0.799999983485776	-1.68486787705584e-08	64.4535333896607	0.200000000008426
6.075	31.25	1.19602876222414e-11	0.799999983185682	-1.65119073173856e-08	64.4295333901596	0.200000000009568
6.225	31.25	1.29974276401428e-11	0.799999982893669	-1.61699676050294e-08	64.4055333906672	0.200000000010398
6.375	31.25	1.33690888274275e-11	0.799999982609677	-1.58230106122179e-08	64.3815333911835	0.200000000010695
6.525	31.25	1.27310738324662e-11	0.799999982333528	-1.5471246781686e-08	64.3575333917081	0.200000000010185
6.675	31.25	1.06674608064266e-11	0.799999982065693	-1.51150001561424e-08	64.333533392241	0.200000000008534
6.825	31.25	6.69303652026188e-12	0.799999981806265	-1.47543484675625e-08	64.3095333927821	0.200000000005354
6.975	31.25	2.62383533509849e-13	0.799999981554894	-1.43895235451135e-08	64.2855333933313	0.20000000000021
7.125	31.25	-9.21227855872427e-12	0.799999981312028	-1.40207778370294e-08	64.2615333938888	0.19999999999263
7.275	31.25	-2.23322062376483e-11	0.79999998107782	-1.36483589495902e-08	64.2375333944544	0.199999999982134
7.425	31.25	-3.96698113422446e-11	0.799999980852055	-1.32723430103507e-08	64.2135333950284	0.199999999968264
7.575	31.25	-6.17105594990476e-11	0.799999980635136	-1.28929655847299e-08	64.1895333956109	0.199999999950632
7.725	31.25	-8.87769693063707e-11	0.799999980427058	-1.25105648275266e-08	64.1655333962021	0.199999999928978
7.875	31.25	-1.20933063706078e-10	0.799999980227706	-1.21253420260769e-08	64.1415333968023	0.199999999903254
8.025	31.25	-1.57868393177232e-10	0.799999980037673	-1.17373131296725e-08	64.1175333974117	0.199999999873705
8.175	31.25	-1.98761873146283e-10	0.799999979856819	-1.13469700091452e-08	64.0935333980304	0.199999999840991
8.325	31.25	-2.4212720802917e-10	0.79999997968555	-1.09542391061656e-08	64.0695333986584	0.199999999806298
8.475	31.25	-2.85643654415086e-10	0.799999979523567	-1.05594249543863e-08	64.0455333992957	0.199999999771485
8.625	31.25	-3.25978334367277e-10	0.799999979371371	-1.01628762791525e-08	64.0215333999419	0.199999999739217
8.775	31.25	-3.58609252218836e-10	0.799999979229053	-9.76462436369949e-09	63.997533400596	0.199999999713113
8.925	31.25	-3.77661570822181e-10	0.799999979096691	-9.36485981633538e-09	63.973533401257	0.199999999697871
9.075	31.25	-3.75773503714452e-10	0.799999978974375	-8.96394902207015e-09	63.9495334019227	0.199999999699381
9.225	31.25	-3.44012269642031e-10	0.799999978861925	-8.56180306038975e-09	63.9255334025907	0.19999999972479
9.375	31.25	-2.71864772345448e-10	0.799999978759359	-8.15893545388524e-09	63.9015334032571	0.199999999782508
9.525	31.25	-1.47331786851159e-10	0.799999978666447	-7.75547883946124e-09	63.8775334039173	0.199999999882135
9.675	31.25	4.28418372348876e-11	0.799999978583051	-7.35146575877691e-09	63.8535334045654	0.200000000034273
9.825	31.25	3.12765465849269e-10	0.799999978508547	-6.94723108517982e-09	63.8295334051941	0.200000000250212
9.975	31.25	6.76792174284719e-10	0.799999978441793	-6.5428690026892e-09	63.8055334057948	0.200000000541434
10.125	31.25	1.14866202722607e-09	0.799999978382361	-6.13860875889641e-09	63.7815334063576	0.20000000091893
10.275	31.25	1.74036381685791e-09	0.799999978328877	-5.73457272889277e-09	63.7575334068713	0.200000001392291
10.425	31.25	2.46068481980965e-09	0.799999978279743	-5.33103540475365e-09	63.7335334073237	0.200000001968548
10.575	31.25	3.31342641481436e-09	0.799999978233456	-4.92817415118324e-09	63.7095334077021	0.200000002650741
10.725	31.25	4.29527565252903e-09	0.799999978187864	-4.5261322879729e-09	63.6855334079936	0.200000003436221
10.875	31.25	5.39333960352434e-09	0.799999978140538	-4.12507156998069e-09	63.6615334081861	0.200000004314672
11.025	31.25	6.58237094683519e-09	0.799999978089107	-3.72507063763917e-09	63.6375334082696	0.200000005265897
11.175	31.25	7.82174006017477e-09	0.799999978030957	-3.32653729174472e-09	63.613533408237	0.200000006257392
11.325	31.25	9.05224088792221e-09	0.799999977963395	-2.92933720363276e-09	63.589533408086	0.200000007241793
11.475	31.25	1.01928548796529e-08	0.799999977883884	-2.53388907437847e-09	63.5655334078211	0.200000008154284
11.625	31.25	1.11376387753653e-08	0.799999977790259	-2.14019474035878e-09	63.5415334074559	0.200000008910111
11.775	31.25	1.17529470552518e-08	0.799999977680517	-1.74837353466074e-09	63.5175334070153	0.200000009402358
11.925	31.25	1.1875247152691e-08	0.799999977553335	-1.35872751846291e-09	63.4935334065385	0.200000009500198
12.075	31.25	1.13098332963438e-08	0.799999977409062	-9.71251873332414e-10	63.469533406082	0.200000009047867
12.225	31.25	9.83079091497475e-09	0.799999977248586	-5.86240856672036e-10	63.4455334057225	0.200000007864633
12.375	31.25	7.18260532417088e-09	0.799999977075036	-2.03744232091107e-10	63.4215334055596	0.200000005746084
12.525	31.25	3.08384300715191e-09	0.799999976892867	1.76183737722218e-10	63.3975334057189	0.200000002467074
12.675	31.25	-2.76664190556572e-09	0.799999976709593	5.53181708559364e-10	63.3735334063539	0.199999997786686
12.825	31.25	-1.0680512489917e-08	0.799999976535403	9.27339393511846e-10	63.3495334076475	0.19999999145559
12.975	31.25	-2.09673072001288e-08	0.799999976383155	1.29853799037554e-09	63.3255334098125	0.199999983226154
13.125	31.25	-3.39179174237245e-08	0.799999976269023	1.66645840414423e-09	63.3015334130903	0.199999972865666
13.275	31.25	-4.97837944840308e-08	0.799999976214112	2.03108044035085e-09	63.2775334177486	0.199999960172964
13.425	31.25	-6.87515597991786e-08	0.799999976241801	2.39229903064166e-09	63.2535334240759	0.199999944998752
13.575	31.25	-9.09127726582113e-08	0.799999976380581	2.75002490267885e-09	63.2295334323744	0.199999927269782
13.725	31.25	-1.16228702286917e-07	0.799999976662204	3.10417847202213e-09	63.2055334429484	0.199999907017038
13.875	31.25	-1.44490044730801e-07	0.799999977122931	3.45457331474194e-09	63.1815334560905	0.199999884407964
14.025	31.25	-1.75271605297117e-07	0.799999977803172	3.80115886899041e-09	63.1575334720631	0.199999859782716
14.175	31.25	-2.07882011496403e-07	0.799999978746534	4.14372623738707e-09	63.1335334910745	0.199999833694391
14.325	31.25	-2.41308498109719e-07	0.799999980001336	4.48242899623532e-09	63.1095335132516	0.199999806953202
14.475	31.25	-2.74156671974925e-07	0.799999981620126	4.81694934344906e-09	63.0855335386056	0.199999780674662
14.625	31.25	-3.04584861092403e-07	0.799999983660107	5.14727761760615e-09	63.0615335669925	0.199999756332111
14.775	31.25	-3.30232103075913e-07	0.799999986185293	5.47332011974831e-09	63.0375335980663	0.199999735814318
14.925	31.25	-3.48137929088121e-07	0.799999989269245	5.79506899925506e-09	63.0135336312259	0.199999721489657
15.075	31.25	-3.54650715765881e-07	0.799999992998275	6.11223528347647e-09	62.9895336655527	0.199999716279427
15.225	31.25	-3.45319331014789e-07	0.79999999747903	6.42495131290698e-09	62.965533699739	0.199999723744535
15.375	31.25	-3.14759855465865e-07	0.800000002847807	6.73315819897964e-09	62.9415337320052	0.199999748192116
15.525	31.25	-2.56485011161428e-07	0.800000009285106	7.03656199760995e-09	62.917533760002	0.199999794811991
15.675	31.25	-1.62678165458015e-07	0.800000017037012	7.3353166885842e-09	62.8935337806932	0.199999869857468
15.825	31.25	-2.38858617975178e-08	0.80000002644399	7.62924957033616e-09	62.869533790214	0.199999980891311
15.975	31.25	1.71407958683874e-07	0.800000037981957	7.91832711796822e-09	62.8455337836927	0.200000137126367
16.125	31.25	4.37377502900022e-07	0.800000052320757	8.20249028249735e-09	62.8215337550247	0.200000349902002
16.275	31.25	7.91691649406766e-07	0.800000070399843	8.48169399065263e-09	62.797533696577	0.20000063335332
16.425	31.25	1.25668928379903e-06	0.800000093537429	8.75592570723954e-09	62.7735335987959	0.200001005351427
16.575	31.25	1.86102709905829e-06	0.800000123575414	9.02497349484162e-09	62.7495334496803	0.200001488821679
16.725	31.25	2.64198160743095e-06	0.800000163074865	9.28902666318374e-09	62.7255332340642	0.200002113585286
16.875	31.25	3.64865154402991e-06	0.800000215583423	9.5478850537659e-09	62.7015329326353	0.200002918921235
17.025	31.25	4.94639304319506e-06	0.800000285994132	9.80147864710261e-09	62.6775325205879	0.200003957114435
17.175	31.25	6.62293536551804e-06	0.800000381023736	1.00498774456908e-08	62.6535319657679	0.200005298348292
17.325	31.25	8.79678000275708e-06	0.800000509868104	1.02929135559577e-08	62.6295312261222	0.200007037424002
17.475	31.25	1.16286955492962e-05	0.800000685073805	1.05305932052277e-08	62.6055302461929	0.200009302956439
17.625	31.25	1.53374054165288e-05	0.800000923727773	1.07629940673021e-08	62.5815289523063	0.200012269924333
17.775	31.25	2.02209522513762e-05	0.800001249058497	1.09898629055002e-08	62.557527245984	0.200016176761801
17.925	31.25	2.66857444137913e-05	0.800001692592335	1.12112926572992e-08	62.5335249949339	0.200021348595531
18.075	31.25	3.52859831663957e-05	0.800002297033651	1.14270928724974e-08	62.5095220207547	0.200028228786533
18.225	31.25	4.67770782998099e-05	0.800003120092132	1.16374092905589e-08	62.4855180821837	0.20003742166264
18.375	31.25	6.21878490228876e-05	0.800004239569462	1.18420193467125e-08	62.4615128523151	0.200049750279218
18.525	31.25	8.29178923934136e-05	0.800005760188437	1.20408383705884e-08	62.4375058876792	0.200066334313915
18.675	31.25	0.000110868698917873	0.800007822920097	1.22337713534419e-08	62.4134965863539	0.200088694959134
18.825	31.25	0.000148620255289323	0.800010617926279	1.24205213047944e-08	62.3894841313057	0.200118896204231
18.975	31.25	0.000199669454518797	0.800014402524381	1.26011566651032e-08	62.3654674138106	0.200159735563615
19.125	31.25	0.000268753042393802	0.800019525643537	1.27751951306685e-08	62.3414449299288	0.200215002433915
19.275	31.25	0.000362286154929332	0.800026459784926	1.2942231650941e-08	62.3174146404284	0.200289828923943
19.425	31.25	0.000488957300784554	0.80003584082775	1.31018626278436e-08	62.2933737810993	0.200391165840628
19.575	31.25	0.000660531183265782	0.800048515921975	1.32532968674369e-08	62.2693186059711	0.200528424946613
19.725	31.25	0.000892922200286734	0.80006560200316	1.33957072863678e-08	62.2452440404657	0.200714337760229
19.875	31.25	0.00120761711378945	0.800088563887745	1.35278202979296e-08	62.2211432147298	0.200966093691032
20.025	31.25	0.00163355410359795	0.800119331343965	1.3648054431289e-08	62.1970068384782	0.201306843282878
20.175	31.25	0.00220962177219559	0.800160483954381	1.37539632399783e-08	62.1728223656771	0.201767697417756
20.325	31.25	0.00298804034065049	0.800215529350397	1.38426288449852e-08	62.1485728769546	0.20239043227252
20.475	31.25	0.00403902962471585	0.800289268144167	1.3910301150512e-08	62.1242355756082	0.203231223699773
20.625	31.25	0.00545732368748224	0.80038816554857	1.39516840631829e-08	62.099779746771	0.204365858949986
20.775	31.25	0.00737118400227443	0.800520541504978	1.39601418122659e-08	62.0751639711245	0.20589694720182
20.925	31.25	0.00995447747841042	0.800696284935265	1.39270658998086e-08	62.0503323260705	0.207963581982728
21.075	31.25	0.0134420120571927	0.800925757221709	1.38415306455434e-08	62.0252092708758	0.210753609645754
21.225	31.25	0.0181476176628925	0.801217638197775	1.36903580785884e-08	61.9996929277527	0.214518094130314
21.375	31.25	0.024483493607694	0.801575704332716	1.34588533290542e-08	61.9736465666569	0.219586794886155
21.525	31.25	0.0329782630494311	0.801994867688226	1.31320090191852e-08	61.9468882958208	0.226382610439545
21.675	31.25	0.0442900723149912	0.802457170026177	1.26970046159168e-08	61.919179259145	0.235432057851993
21.825	31.25	0.0592098320156932	0.802928782086652	1.21466389639941e-08	61.8902110529576	0.247367865612555
21.975	31.25	0.0786480167441147	0.803359395437982	1.14832118483295e-08	61.8595936254259	0.262918413395292
22.125	31.25	0.103596190762237	0.80368557861816	1.07213761133515e-08	61.8268456596672	0.28287695260979
22.275	31.25	0.135052303093541	0.803839323833975	9.88768448769158e-09	61.7913903872251	0.308041842474833
22.425	31.25	0.173898993948372	0.803761740010708	9.01856939287465e-09	61.7525608157569	0.339119195158698
22.575	31.25	0.220730585363267	0.803419691668424	8.1540908209779e-09	61.7096190769136	0.376584468290613
22.725	31.25	0.275641527279318	0.802820788574399	7.3319506500086e-09	61.6617942025365	0.420513221823454
22.875	31.25	0.338017856853313	0.802020576742077	6.58186632353347e-09	61.6083400500085	0.47041428548265
23.025	31.25	0.406404723952024	0.80111644961761	5.92286875072783e-09	61.5486096215714	0.525123779161619
23.175	31.25	0.478534572837366	0.800226927718935	5.36323051336559e-09	61.482134460737	0.582827658269892
23.325	31.25	0.551566087284839	0.799461970249611	4.90197401009922e-09	61.4086913056613	0.641252869827871
23.475	31.25	0.622501308432535	0.798895928962299	4.5320652370053e-09	61.3283372759147	0.698001046746028
23.625	31.25	0.688659258317979	0.798554409159927	4.24260970007602e-09	61.2414022472643	0.750927406654384
23.775	31.25	0.748051810568925	0.798418742798186	4.02149287495433e-09	61.1484403584518	0.79844144845514
23.925	31.25	0.799557781452867	0.798442567914539	3.85677834888395e-09	61.0501550620222	0.839646225162293
24.075	31.25	0.842886470630914	0.798570848707795	3.73748790457619e-09	60.9473175720043	0.874309176504731
24.225	31.25	0.87839815621886	0.798753960357215	3.65416896040753e-09	60.8406957156879	0.902718524975088
24.375	31.25	0.906872100566134	0.798954491171916	3.5988960967537e-09	60.7310025729308	0.925497680452907
24.525	31.25	0.929292198250809	0.799148194611716	3.56527000599157e-09	60.6188665571778	0.943433758600647
24.675	31.25	0.946685094143426	0.799321770989152	3.54812385886245e-09	60.5048195574544	0.957348075314741
24.825	31.25	0.960016774685055	0.799469690461209	3.54337587975183e-09	60.3892978094737	0.968013419748044
24.975	31.25	0.970138073107641	0.7995912911788	3.54783757566936e-09	60.2726503407399	0.976110458486112
25.125	31.25	0.977764769253882	0.799688595311762	3.55907033343995e-09	60.1551509829235	0.982211815403106
25.275	31.25	0.983479107298959	0.799764850238376	3.57517544618943e-09	60.0370112646524	0.986783285839168
25.425	31.25	0.9877427911283	0.799823638992179	3.59470339913753e-09	59.9183926068785	0.99019423290264
25.575	31.25	0.990914817880815	0.799868384952084	3.61658767611162e-09	59.7994170382517	0.992731854304652
25.725	31.25	0.993270126800154	0.799902109891207	3.64001949815968e-09	59.6801761593805	0.994616101440123
25.875	31.25	0.995016874811196	0.799927346317848	3.66434265456203e-09	59.5607383828295	0.996013499848957
26.025	31.25	0.996311339966107	0.799946138612728	3.68917066390689e-09	59.4411546286312	0.997049071972885
26.175	31.25	0.997270176126819	0.799960090779625	3.71411147409112e-09	59.3214627162899	0.997816140901456
26.325	31.25	0.997980145944795	0.799970434128593	3.73896889734195e-09	59.2016907014342	0.998384116755836
26.475	31.25	0.99850565470701	0.799978098616277	3.76356549042309e-09	59.0818593836974	0.998804523765608
26.625	31.25	0.998894473357865	0.799983778694553	3.78774166001303e-09	58.9619841782908	0.999115578686292
26.775	31.25	0.999182029808319	0.799987989375384	3.81143969832116e-09	58.8420765069004	0.999345623846655
26.925	31.25	0.999394600870107	0.799991111365769	3.83457683904491e-09	58.7221448293971	0.999515680696085
27.075	31.25	0.999551676931122	0.799993425964414	3.85708502143711e-09	58.6021954088322	0.999641341544898
27.225	31.25	0.999667711987559	0.799995141282848	3.87900291077643e-09	58.4822328789297	0.999734169590048
27.375	31.25	0.999753419908758	0.799996411593154	3.90025337598883e-09	58.3622606653582	0.999802735927006
27.525	31.25	0.999816736207353	0.799997351472761	3.92083754902843e-09	58.2422812986169	0.999853388965883
27.675	31.25	0.99986353281659	0.799998046127967	3.94078897985919e-09	58.1222966464481	0.999890826253272
27.825	31.25	0.99989814990028	0.799998558954804	3.96005378485093e-09	58.0023080864137	0.999918519920224
27.975	31.25	0.99992379167825	0.799998937110508	3.97868323940142e-09	57.8823166339456	0.9999390333426
28.125	31.25	0.999942820940973	0.799999215645741	3.99665183692213e-09	57.7623230372589	0.999954256752778
28.275	31.25	0.999956977996991	0.799999420584169	4.01398746207984e-09	57.6423278476204	0.999965582397593
28.425	31.25	0.999967543255884	0.799999571224115	4.03069621890854e-09	57.5223314713023	0.999974034604707
28.575	31.25	0.99997545780607	0.799999681858769	4.04677099412407e-09	57.4023342079447	0.999980366244856
28.725	31.25	0.999981412728979	0.799999763062444	4.06224317908632e-09	57.282336278844	0.999985130183183
28.875	31.25	0.999985915176929	0.799999822648594	4.07715037184216e-09	57.162337847781	0.999988732141544
29.025	31.25	0.999989337201687	0.799999866383561	4.09143812661857e-09	57.0423390363349	0.99999146976135
29.175	31.25	0.999991951790878	0.799999898516707	4.10518427115161e-09	56.9223399351229	0.999993561432703
29.325	31.25	0.999993959424985	0.799999922174206	4.11836127338756e-09	56.8023406120358	0.999995167539988
29.475	31.25	0.999995507614451	0.799999939650901	4.13099826470348e-09	56.6823411182609	0.999996406091561
29.625	31.25	0.999996705242194	0.799999952627156	4.14310447620785e-09	56.5623414926785	0.999997364193755
29.775	31.25	0.9999976330659	0.799999962329881	4.15470740229398e-09	56.4423417650662	0.99999810645272
29.925	31.25	0.999998351385322	0.799999969651552	4.16580397786864e-09	56.3223419584309	0.999998681108258
30.075	31.25	0.999998905620691	0.799999975239062	4.17639515513175e-09	56.2023420907048	0.999999124496552
30.225	31.25	0.999999330355734	0.799999979559364	4.18652464056581e-09	56.08234217598	0.999999464284587
30.375	31.25	0.999999652256003	0.799999982948065	4.19616883712408e-09	55.9623422254087	0.999999721804803
30.525	31.25	0.999999892166616	0.799999985645553	4.20535959293157e-09	55.8423422478624	0.999999913733293
30.675	31.25	1.00000006661444	0.79999998782344	4.21412574516811e-09	55.722342250419	1.00000005329155
30.825	31.25	1.00000018888045	0.799999989603977	4.22243972060528e-09	55.6023422387254	1.00000015110436
30.975	31.25	1.00000026976429	0.799999991074555	4.23035554306768e-09	55.4823422172728	1.00000021581143
31.125	31.25	1.00000031813023	0.799999992297891	4.23788115231382e-09	55.3623421896083	1.00000025450419
31.275	31.25	1.00000034129913	0.799999993319561	4.24498955029913e-09	55.2423421585024	1.0000002730393
31.425	31.25	1.00000034533336	0.799999994173293	4.25172844430076e-09	55.122342126083	1.00000027626668
31.575	31.25	1.00000033524795	0.799999994884972	4.25806941829573e-09	55.0023420939464	1.00000026819836
31.725	31.25	1.00000031517154	0.799999995474833	4.26409378905011e-09	54.8823420632499	1.00000025213723
31.875	31.25	1.00000028847335	0.799999995959507	4.26972863145735e-09	54.762342034791	1.00000023077868
32.025	31.25	1.00000025786736	0.799999996353212	4.27503851308351e-09	54.6423420090752	1.00000020629388
32.175	31.25	1.00000022550095	0.799999996668472	4.28003300473316e-09	54.5223419863745	1.00000018040076
32.325	31.25	1.00000019303281	0.799999996916425	4.28471354239476e-09	54.4023419667785	1.00000015442625
32.475	31.25	1.00000016170283	0.799999997107177	4.2890709370608e-09	54.2823419502373	1.00000012936226
32.625	31.25	1.00000013239565	0.79999999725009	4.29313604093122e-09	54.1623419365994	1.00000010591652
32.775	31.25	1.00000010569877	0.799999997353695	4.29692397713972e-09	54.0423419256423	1.00000008455902
32.925	31.25	1.00000008195548	0.79999999742554	4.30042181655118e-09	53.9223419170991	1.00000006556438
33.075	31.25	1.0000000613128	0.799999997472515	4.30365973878208e-09	53.8023419106792	1.00000004905024
33.225	31.25	1.00000004376435	0.799999997500772	4.30666666931835e-09	53.6823419060853	1.00000003501148
33.375	31.25	1.00000002918824	0.799999997515524	4.30940377789945e-09	53.5623419030262	1.0000000233506
33.525	31.25	1.0000000173799	0.79999999752113	4.31189899157885e-09	53.4423419012265	1.00000001390392
33.675	31.25	1.00000000808002	0.79999999752148	4.31418112166897e-09	53.322341900433	1.00000000646402
33.825	31.25	1.00000000099791	0.799999997519546	4.31623751112089e-09	53.2023419004187	1.00000000079833
33.975	31.25	0.999999995830307	0.799999997517624	4.3180758852632e-09	53.0823419009855	0.999999996664245
34.125	31.25	0.999999992276167	0.799999997517581	4.3197207497923e-09	52.962341901964	0.999999993820934
34.275	31.25	0.999999990047907	0.799999997520726	4.32116345923471e-09	52.8423419032132	0.999999992038326
34.425	31.25	0.999999988879283	0.799999997527821	4.32243806710623e-09	52.7223419046186	0.999999991103427
34.575	31.25	0.99999998853064	0.799999997539292	4.32354070468094e-09	52.60234190609	0.999999990824512
34.725	31.25	0.99999998879175	0.799999997555438	4.32445298613748e-09	52.4823419075589	0.9999999910334
34.875	31.25	0.999999989482813	0.79999999757602	4.3252070691582e-09	52.3623419089754	0.99999999158625
35.025	31.25	0.999999990454014	0.799999997600969	4.32583274642972e-09	52.2423419103054	0.999999992363211
35.175	31.25	0.999999991583966	0.799999997629722	4.3262990386485e-09	52.122341911528	0.999999993267173
35.325	31.25	0.999999992777334	0.79999999766201	4.32663946268529e-09	52.0023419126324	0.999999994221867
35.475	31.25	0.99999999396208	0.799999997697263	4.32682968538152e-09	51.8823419136161	0.999999995169664
35.625	31.25	0.999999995086359	0.799999997734968	4.32690317473262e-09	51.7623419144825	0.999999996069087
35.775	31.25	0.999999996115365	0.799999997774624	4.32686638458768e-09	51.6423419152391	0.999999996892292
35.925	31.25	0.999999997028283	0.799999997815869	4.32672865108525e-09	51.522341915896	0.999999997622626
36.075	31.25	0.999999997815462	0.799999997858185	4.32648293445463e-09	51.4023419164649	0.999999998252369
36.225	31.25	0.999999998475753	0.79999999790132	4.32614203069423e-09	51.2823419169579	0.999999998780602
36.375	31.25	0.999999999014283	0.79999999794483	4.32570811488767e-09	51.1623419173871	0.999999999211426
36.525	31.25	0.999999999440454	0.799999997988518	4.3252077198844e-09	51.0423419177638	0.999999999552363
36.675	31.25	0.999999999766329	0.799999998032243	4.32461389135386e-09	50.922341918098	0.999999999813063
36.825	31.25	1.00000000000534	0.799999998075788	4.32395872694666e-09	50.802341918399	1.00000000000427
36.975	31.25	1.00000000017135	0.799999998119054	4.32324400383096e-09	50.6823419186743	1.00000000013708
37.125	31.25	1.00000000027792	0.799999998161947	4.32245997989075e-09	50.5623419189304	1.00000000022233
37.275	31.25	1.00000000033769	0.7999999982044	4.32163670873593e-09	50.4423419191723	1.00000000027016
37.425	31.25	1.00000000036183	0.799999998246233	4.32077323227408e-09	50.3223419194042	1.00000000028946
37.575	31.25	1.00000000035914	0.799999998287409	4.31986968178554e-09	50.202341919629	1.00000000028731
37.725	31.25	1.00000000033566	0.799999998328091	4.31891106017234e-09	50.082341919849	1.00000000026853
37.875	31.25	1.00000000029551	0.799999998368839	4.31793408909332e-09	49.9623419200661	1.00000000023641
38.025	31.25	1.00000000024451	0.79999999841065	4.31692782566227e-09	49.8423419202816	1.00000000019561
38.175	31.25	1.00000000019656	0.799999998454271	4.31590365153938e-09	49.722341920496	1.00000000015725
38.325	31.25	1.00000000017805	0.799999998498221	4.31487047113663e-09	49.6023419207076	1.00000000014244
38.475	31.25	1.0000000002182	0.799999998536143	4.31382019251346e-09	49.4823419209124	1.00000000017456
38.625	31.25	1.00000000031039	0.799999998557644	4.3127680788453e-09	49.3623419211049	1.00000000024831
38.775	31.25	1.00000000034601	0.799999998556069	4.31171980068244e-09	49.2423419212855	1.0000000002768
38.925	31.25	1.00000000007386	0.799999998549498	4.31066502147731e-09	49.1223419214716	1.00000000005908
39.075	31.25	0.999999999212023	0.799999998603998	4.30962590400044e-09	49.0023419217065	0.999999999369618
39.225	31.25	0.999999997861576	0.799999998828461	4.30860339835536e-09	48.8823419220417	0.999999998289261
39.375	31.25	0.99999999718715	0.799999999284264	4.3075749352281e-09	48.7623419224685	0.99999999774972
39.525	31.25	0.999999999800261	0.799999999777968	4.30656700643839e-09	48.6423419227965	0.999999999840209
39.675	31.25	1.0000000085499	0.799999999630849	4.30560892358125e-09	48.5223419225735	1.00000000683992
39.825	31.25	1.0000000222811	0.799999997760334	4.30466686759905e-09	48.4023419212657	1.00000001782488
39.975	31.25	1.00000002906864	0.799999993602769	4.30374740351448e-09	48.2823419189674	1.00000002325492
40.125	31.25	1.00000000269435	0.79999998914297	4.3028565402115e-09	48.1623419176037	1.00000000215548
40.275	31.25	0.999999915051598	0.799999991057641	4.30201408352191e-09	48.0423419217072	0.999999932041279
40.425	31.25	0.999999777875205	0.80000000973219	4.30123158507148e-09	47.9223419365965	0.999999822300164
40.575	31.25	0.99999970764995	0.800000050271745	4.30046349908368e-09	47.8023419614355	0.99999976611996
40.725	31.25	0.999999957517774	0.800000093487734	4.29974817742834e-09	47.6823419776462	0.999999966014219
40.875	31.25	1.00000079734942	0.800000076694973	4.29908121200154e-09	47.5623419415458	1.00000063787953
41.025	31.25	1.00000212196183	0.799999904179239	4.29847345999824e-09	47.4423418015466	1.00000169756946
41.175	31.25	1.00000285290252	0.799999530050175	4.29791251825083e-09	47.3223415628754	1.00000228232201
41.325	31.25	1.00000065163092	0.799999127799465	4.29742514493289e-09	47.2023413947746	1.00000052130474
41.475	31.25	0.999993003857956	0.799999255357756	4.29700884931304e-09	47.0823416994226	0.999994403086364
41.625	31.25	0.99998070663775	0.800000755966277	4.29668182254834e-09	46.9623429614253	0.9999845653102
41.775	31.25	0.999973138464058	0.800004040595048	4.29638553300894e-09	46.8423451769618	0.999978510771247
41.925	31.25	0.999990827520826	0.800007657514617	4.29608610484421e-09	46.7223469066878	0.999992662016661
42.075	31.25	1.00005637953646	0.800006936139116	4.29569249435065e-09	46.6023446408403	1.00004510362917
42.225	31.25	1.0001652888614	0.799994824018065	4.29520557916512e-09	46.4823340008812	1.00013223108912
42.375	31.25	1.00024184955267	0.79996767409408	4.29490955121161e-09	46.3623144583788	1.00019347964213
42.525	31.25	1.00011633628419	0.799936550375688	4.29537663592185e-09	46.2422972654152	1.00009306902735
42.675	31.25	0.999594226904243	0.799937860578006	4.29729760408294e-09	46.1223111584711	0.999675381523395
42.825	31.25	0.998683926302391	0.800027372374888	4.30062210440464e-09	46.0023938096247	0.998947141041913
42.975	31.25	0.997944673223625	0.800237006761498	4.30346924516606e-09	45.8825556415543	0.9983557385789
43.125	31.25	0.998684258977508	0.800490005403701	4.30130655426946e-09	45.7627174472476	0.998947407182007
43.275	31.25	1.00248296175491	0.800522975083373	4.28872056677114e-09	45.6426614169424	1.00198636940393
43.425	31.25	1.0095592762292	0.799934825518107	4.26511999742969e-09	45.5220835144192	1.00764742098336
43.575	31.25	1.01623380735958	0.798479881559888	4.24313493388241e-09	45.400845737776	1.01298704588767
43.725	31.25	1.01328677098138	0.796573391790354	4.25358921861463e-09	45.2794285814926	1.01062941678511
43.875	31.25	0.988680897761279	0.795833250592151	4.3388136336926e-09	45.1593335870645	0.990944718209023
44.025	31.25	0.938367896695132	0.799351007278655	4.5235890448917e-09	45.0428405546177	0.950694317356106
44.175	31.25	0.884673133552789	0.810192428685689	4.7391476122504e-09	44.9313520490067	0.907738506842231
44.325	31.25	0.889127901631838	0.82444195288155	4.72214077746781e-09	44.8222076949768	0.911302321305471
44.475	31.25	1.03257195121251	0.826489829135634	4.19487921131881e-09	44.705957289374	1.02605756097001
44.625	31.25	1.34924434151312	0.808622133095154	3.36422328399023e-09	44.5677998535019	1.27939547321049
44.775	31.25	1.76408811757658	0.709537047614721	2.67089003926007e-09	44.395593040388	1.61127049406126
44.925	31.25	2.11154506565558	0.834636814294207	2.27760024799962e-09	44.2248230207225	1.88923605252446
0.075	31.75	3.47473591534546e-16	0.399999999776482	-2.25405955465029e-08	65.3895333815073	0.2
0.225	31.75	1.09796499437589e-15	0.79999999932946	-2.25312262687568e-08	65.3655333815207	0.200000000000001
0.375	31.75	2.54818928761592e-15	0.799999998882952	-2.25126334367533e-08	65.3415333815476	0.200000000000002
0.525	31.75	4.61626583707591e-15	0.799999998436863	-2.24845753472434e-08	65.3175333815878	0.200000000000004
0.675	31.75	7.14881698621249e-15	0.799999997991614	-2.24473420724264e-08	65.2935333816414	0.200000000000006
0.825	31.75	9.93588431307507e-15	0.799999997547337	-2.24006570193434e-08	65.2695333817083	0.200000000000008
0.975	31.75	1.2737970415425e-14	0.799999997104615	-2.23449252888424e-08	65.2455333817885	0.20000000000001
1.125	31.75	1.52997074777368e-14	0.799999996662955	-2.2279822824712e-08	65.221533381882	0.200000000000012
1.275	31.75	1.7340338859927e-14	0.799999996223239	-2.2205664911415e-08	65.1975333819887	0.200000000000014
1.425	31.75	1.8524124802458e-14	0.799999995785645	-2.21224048878529e-08	65.1735333821086	0.200000000000015
1.575	31.75	1.84215048358131e-14	0.799999995350001	-2.20299694583641e-08	65.1495333822416	0.200000000000015
1.725	31.75	1.64738684707567e-14	0.799999994916614	-2.19286824634718e-08	65.1255333823876	0.200000000000013
1.875	31.75	1.19727216269241e-14	0.799999994486152	-2.18182771711671e-08	65.1015333825466	0.20000000000001
2.025	31.75	4.06047173636634e-15	0.799999994058518	-2.16992309264225e-08	65.0775333827184	0.200000000000003
2.175	31.75	-8.24291985694299e-15	0.799999993633685	-2.15712828375552e-08	65.0535333829031	0.199999999999993
2.325	31.75	-2.59845095605719e-14	0.799999993212057	-2.14347397079588e-08	65.0295333831004	0.199999999999979
2.475	31.75	-5.01910928930022e-14	0.799999992793898	-2.12895760006666e-08	65.0055333833104	0.19999999999996
2.625	31.75	-8.17460225792801e-14	0.799999992379588	-2.11358905117872e-08	64.9815333835328	0.199999999999935
2.775	31.75	-1.21225244123784e-13	0.799999991969258	-2.097385738879e-08	64.9575333837676	0.199999999999903
2.925	31.75	-1.68687694665583e-13	0.7999999915626	-2.08034549877023e-08	64.9335333840147	0.199999999999865
3.075	31.75	-2.23416651344472e-13	0.799999991160416	-2.06249870600564e-08	64.9095333842739	0.199999999999821
3.225	31.75	-2.8361167419296e-13	0.799999990762689	-2.04384752293894e-08	64.8855333845451	0.199999999999773
3.375	31.75	-3.46035692720849e-13	0.799999990369644	-2.02439750045971e-08	64.8615333848282	0.199999999999723
3.525	31.75	-4.05628547365064e-13	0.79999998998117	-2.00416830813283e-08	64.837533385123	0.199999999999676
3.675	31.75	-4.55107089463674e-13	0.799999989597952	-1.98317550893817e-08	64.8135333854294	0.199999999999636
3.825	31.75	-4.84582707080931e-13	0.799999989219869	-1.96142920568593e-08	64.7895333857472	0.199999999999612
3.975	31.75	-4.81239935263489e-13	0.799999988847044	-1.93893977912927e-08	64.7655333860763	0.199999999999615
4.125	31.75	-4.29134295833343e-13	0.799999988479594	-1.9157397980442e-08	64.7415333864164	0.199999999999657
4.275	31.75	-3.09183356736717e-13	0.799999988118275	-1.89181259684247e-08	64.7175333867676	0.199999999999753
4.425	31.75	-9.94412925036883e-14	0.799999987762545	-1.86719409425863e-08	64.6935333871294	0.19999999999992
4.575	31.75	2.24237066877193e-13	0.799999987412507	-1.84191673186774e-08	64.6695333875018	0.200000000000179
4.725	31.75	6.87023363637778e-13	0.799999987068696	-1.81595521061902e-08	64.6455333878846	0.20000000000055
4.875	31.75	1.31330566172285e-12	0.799999986731547	-1.78935614314356e-08	64.6215333882776	0.200000000001051
5.025	31.75	2.12411098807949e-12	0.799999986400724	-1.76212853637877e-08	64.5975333886805	0.200000000001699
5.175	31.75	3.13363850746349e-12	0.799999986076031	-1.73428869612426e-08	64.5735333890931	0.200000000002507
5.325	31.75	4.34480362024959e-12	0.799999985758184	-1.70585068459461e-08	64.5495333895153	0.200000000003476
5.475	31.75	5.74373332614739e-12	0.799999985447267	-1.67683225859269e-08	64.5255333899468	0.200000000004595
5.625	31.75	7.29321546686731e-12	0.799999985142955	-1.64725808944426e-08	64.5015333903874	0.200000000005835
5.775	31.75	8.92519289380127e-12	0.79999998484586	-1.61714246257181e-08	64.4775333908368	0.20000000000714
5.925	31.75	1.05325121557972e-11	0.799999984555823	-1.58650114345021e-08	64.4535333912949	0.200000000008426
6.075	31.75	1.19602876134525e-11	0.799999984272818	-1.555353933231e-08	64.4295333917615	0.200000000009568
6.225	31.75	1.29974276354198e-11	0.799999983996921	-1.52371515171834e-08	64.4055333922363	0.200000000010398
6.375	31.75	1.3369088826553e-11	0.799999983729025	-1.49161597801976e-08	64.3815333927191	0.200000000010695
6.525	31.75	1.27310738404032e-11	0.799999983467827	-1.45906438768525e-08	64.35753339321	0.200000000010185
6.675	31.75	1.0667460823864e-11	0.799999983214554	-1.42607826514715e-08	64.3335333937086	0.200000000008534
6.825	31.75	6.69303655350072e-12	0.799999982968629	-1.392689461472e-08	64.3095333942151	0.200000000005354
6.975	31.75	2.62383584065666e-13	0.799999982730665	-1.35889153750515e-08	64.2855333947292	0.20000000000021
7.125	31.75	-9.21227848353019e-12	0.799999982500253	-1.32473328119103e-08	64.2615333952511	0.19999999999263
7.275	31.75	-2.233220613604e-11	0.799999982277501	-1.2902072991285e-08	64.237533395781	0.199999999982134
7.425	31.75	-3.966981120692e-11	0.799999982063222	-1.25535452378117e-08	64.2135333963188	0.199999999968264
7.575	31.75	-6.17105593293177e-11	0.799999981856958	-1.22019405653978e-08	64.1895333968648	0.199999999950632
7.725	31.75	-8.87769690970507e-11	0.799999981658258	-1.18472761309492e-08	64.1655333974192	0.199999999928978
7.875	31.75	-1.20933063459959e-10	0.799999981468187	-1.14897406161691e-08	64.1415333979823	0.199999999903254
8.025	31.75	-1.57868392894715e-10	0.799999981286681	-1.11296395178464e-08	64.1175333985544	0.199999999873705
8.175	31.75	-1.98761872837283e-10	0.799999981113291	-1.07672033285251e-08	64.0935333991355	0.199999999840991
8.325	31.75	-2.42127207704554e-10	0.799999980949459	-1.04025626363404e-08	64.0695333997257	0.199999999806298
8.475	31.75	-2.85643654096551e-10	0.799999980793974	-1.00358528025984e-08	64.045533400325	0.199999999771485
8.625	31.75	-3.25978334082144e-10	0.799999980647548	-9.6673127678217e-09	64.0215334009329	0.199999999739217
8.775	31.75	-3.58609252005802e-10	0.799999980510527	-9.2971065502207e-09	63.9975334015487	0.199999999713113
8.925	31.75	-3.77661570731046e-10	0.79999998038259	-8.92549361345854e-09	63.9735334021711	0.199999999697871
9.075	31.75	-3.75773503805138e-10	0.799999980264196	-8.55258953626415e-09	63.9495334027983	0.199999999699381
9.225	31.75	-3.44012269990929e-10	0.799999980155087	-8.17859307102931e-09	63.9255334034274	0.19999999972479
9.375	31.75	-2.71864773034775e-10	0.799999980055049	-7.8037339528398e-09	63.901533404055	0.199999999782508
9.525	31.75	-1.47331787983097e-10	0.799999979964349	-7.4279701506111e-09	63.8775334046763	0.199999999882135
9.675	31.75	4.28418355611643e-11	0.799999979882222	-7.05180647014347e-09	63.8535334052854	0.200000000034273
9.825	31.75	3.12765463515603e-10	0.799999979808486	-6.67514781333676e-09	63.8295334058752	0.200000000250212
9.975	31.75	6.76792171190659e-10	0.799999979742129	-6.29834763285361e-09	63.8055334064369	0.200000000541434
10.125	31.75	1.14866202326085e-09	0.799999979682311	-5.9215121272892e-09	63.7815334069607	0.20000000091893
10.275	31.75	1.74036381194962e-09	0.799999979627768	-5.54489707942628e-09	63.7575334074354	0.200000001392291
10.425	31.75	2.46068481389576e-09	0.799999979577215	-5.16844322637108e-09	63.7335334078489	0.200000001968548
10.575	31.75	3.31342640789984e-09	0.799999979528643	-4.79250406876571e-09	63.7095334081883	0.200000002650741
10.725	31.75	4.2952756446605e-09	0.799999979480507	-4.41714954117458e-09	63.685533408441	0.200000003436221
10.875	31.75	5.39333959484865e-09	0.799999979430051	-4.04262865410508e-09	63.6615334085948	0.200000004314672
11.025	31.75	6.58237093758737e-09	0.799999979374729	-3.66912128871256e-09	63.6375334086397	0.200000005265897
11.175	31.75	7.82174005072573e-09	0.799999979312307	-3.29654282260731e-09	63.6135334085685	0.200000006257392
11.325	31.75	9.05224087878412e-09	0.799999979240146	-2.92532003964989e-09	63.5895334083791	0.200000007241793
11.475	31.75	1.0192854871505e-08	0.79999997915556	-2.55541503868087e-09	63.5655334080761	0.200000008154284
11.625	31.75	1.11376387690813e-08	0.799999979055784	-2.18714784134172e-09	63.5415334076728	0.200000008910111
11.775	31.75	1.17529470518909e-08	0.799999978939887	-1.82050197863248e-09	63.5175334071943	0.200000009402358
11.925	31.75	1.18752471535433e-08	0.799999978805965	-1.45576713209482e-09	63.4935334066798	0.200000009500198
12.075	31.75	1.13098333028786e-08	0.799999978654575	-1.09290556895638e-09	63.4695334061859	0.200000009047867
12.225	31.75	9.83079092889022e-09	0.799999978486343	-7.32224442497448e-10	63.4455334057891	0.200000007864633
12.375	31.75	7.18260534729495e-09	0.799999978304616	-3.7370929758804e-10	63.4215334055892	0.200000005746084
12.525	31.75	3.08384304148083e-09	0.799999978114027	-1.75710473204037e-11	63.3975334057117	0.200000002467074
12.675	31.75	-2.76664185801385e-09	0.799999977921662	3.36125900641667e-10	63.3735334063102	0.199999997786687
12.825	31.75	-1.06805124270974e-08	0.799999977738241	6.8718433991891e-10	63.3495334075676	0.19999999145559
12.975	31.75	-2.09673071201622e-08	0.799999977575889	1.0354527635192e-09	63.3255334096966	0.199999983226154
13.125	31.75	-3.39179173249439e-08	0.799999977451867	1.38091464123052e-09	63.3015334129388	0.199999972865666
13.275	31.75	-4.97837943652137e-08	0.799999977386456	1.72348887624593e-09	63.2775334175617	0.199999960172965
13.425	31.75	-6.87515596596575e-08	0.799999977403164	2.06299302535886e-09	63.2535334238541	0.199999944998752
13.575	31.75	-9.09127724981254e-08	0.799999977530532	2.3992819669351e-09	63.2295334321178	0.199999927269782
13.725	31.75	-1.16228702107395e-07	0.799999977800554	2.73234738457476e-09	63.2055334426575	0.199999907017038
13.875	31.75	-1.44490044534249e-07	0.799999978249397	3.06193569182351e-09	63.1815334557657	0.199999884407964
14.025	31.75	-1.75271605087441e-07	0.799999978917291	3.38811907525087e-09	63.1575334717046	0.199999859782716
14.175	31.75	-2.07882011279282e-07	0.799999979847994	3.71083671649573e-09	63.1335334906828	0.199999833694391
14.325	31.75	-2.41308497892887e-07	0.799999981090093	4.02969002649222e-09	63.1095335128271	0.199999806953202
14.475	31.75	-2.74156671768458e-07	0.79999998269551	4.34491591752109e-09	63.0855335381487	0.199999780674663
14.625	31.75	-3.04584860909025e-07	0.799999984721862	4.65627619897787e-09	63.0615335665034	0.199999756332111
14.775	31.75	-3.30232102931196e-07	0.799999987233585	4.96375501511402e-09	63.0375335975456	0.199999735814318
14.925	31.75	-3.48137929000963e-07	0.799999990303403	5.26724658017617e-09	63.013533630674	0.199999721489657
15.075	31.75	-3.54650715758699e-07	0.799999994018091	5.56664693791918e-09	62.9895336649699	0.199999716279427
15.225	31.75	-3.45319331114034e-07	0.79999999848446	5.86190456876901e-09	62.9655336991258	0.199999723744535
15.375	31.75	-3.14759855702504e-07	0.800000003838164	6.15289695935923e-09	62.9415337313622	0.199999748192115
15.525	31.75	-2.56485011571716e-07	0.800000010260623	6.43964856732214e-09	62.9175337593294	0.199999794811991
15.675	31.75	-1.62678166084397e-07	0.800000017997244	6.7220749530715e-09	62.8935337799917	0.199999869857467
15.825	31.75	-2.38858626900818e-08	0.800000027388843	7.00009160585985e-09	62.8695337894838	0.19999998089131
15.975	31.75	1.7140795746547e-07	0.800000038911377	7.27353927154963e-09	62.8455337829344	0.200000137126366
16.125	31.75	4.37377501283834e-07	0.800000053234196	7.54255432372131e-09	62.8215337542388	0.200000349902001
16.275	31.75	7.9169164730451e-07	0.800000071297388	7.80696447220297e-09	62.7975336957639	0.200000633353318
16.425	31.75	1.25668928110095e-06	0.800000094418932	8.06670749909017e-09	62.7735335979562	0.200001005351425
16.575	31.75	1.86102709562512e-06	0.800000124440424	8.32175867178481e-09	62.7495334488144	0.200001488821677
16.725	31.75	2.64198160308423e-06	0.800000163923395	8.57199529638525e-09	62.7255332331725	0.200002113585282
16.875	31.75	3.64865153853755e-06	0.800000216415544	8.81753745533812e-09	62.7015329317184	0.200002918921231
17.025	31.75	4.9463930362535e-06	0.800000286809021	9.058229531474e-09	62.6775325196463	0.200003957114429
17.175	31.75	6.62293535672489e-06	0.800000381822375	9.29393190811253e-09	62.653531964802	0.200005298348285
17.325	31.75	8.79677999158112e-06	0.800000510649371	9.5248934528203e-09	62.6295312251327	0.200007037423993
17.475	31.75	1.1628695535031e-05	0.800000685837972	9.75076148670108e-09	62.6055302451802	0.200009302956428
17.625	31.75	1.53374053982362e-05	0.800000924474764	9.97164021792083e-09	62.581528951271	0.200012269924319
17.775	31.75	2.02209522278066e-05	0.800001249788018	1.01873568648484e-08	62.5575272449265	0.200016176761782
17.925	31.75	2.66857443832878e-05	0.80000169330448	1.03980846219629e-08	62.5335249938548	0.200021348595507
18.075	31.75	3.52859831267657e-05	0.800002297728271	1.06036415893825e-08	62.5095220196545	0.200028228786501
18.225	31.75	4.67770782481492e-05	0.800003120769274	1.08038675059273e-08	62.4855180810629	0.200037421662599
18.375	31.75	6.21878489553733e-05	0.800004240228979	1.09989021781963e-08	62.4615128511743	0.200049750279164
18.525	31.75	8.29178923050254e-05	0.800005760829912	1.11884073459435e-08	62.4375058865189	0.200066334313844
18.675	31.75	0.00011086869880203	0.800007823544117	1.13723883766842e-08	62.4134965851745	0.200088694959042
18.825	31.75	0.000148620255137412	0.800010618532061	1.15508151091475e-08	62.3894841301079	0.20011889620411
18.975	31.75	0.00019966945431959	0.800014403112644	1.172328018928e-08	62.3654674125949	0.200159735563456
19.125	31.75	0.000268753042132668	0.800019526213705	1.18896229588031e-08	62.3414449286957	0.200215002433706
19.275	31.75	0.000362286154587325	0.800026460337001	1.20494311919482e-08	62.3174146391785	0.20028982892367
19.425	31.75	0.000488957300337065	0.800035841361783	1.22023071745955e-08	62.2933737798331	0.20039116584027
19.575	31.75	0.000660531182681072	0.800048516438202	1.23475978146943e-08	62.2693186046891	0.200528424946145
19.725	31.75	0.000892922199524022	0.800065602501202	1.24843771803261e-08	62.2452440391685	0.200714337759619
19.875	31.75	0.00120761711279658	0.800088564367804	1.26113424640675e-08	62.2211432134181	0.200966093690237
20.025	31.75	0.00163355410230835	0.800119331805804	1.27272116241048e-08	62.1970068371524	0.201306843281847
20.175	31.75	0.00220962177052482	0.800160484398521	1.28296108837226e-08	62.1728223643377	0.20176769741642
20.325	31.75	0.00298804033849102	0.800215529776355	1.29161448952029e-08	62.1485728756022	0.202390432270793
20.475	31.75	0.00403902962193214	0.800289268552329	1.29827712717463e-08	62.1242355742433	0.203231223697546
20.625	31.75	0.00545732368390354	0.800388165938749	1.30249192697113e-08	62.0997797453942	0.204365858947123
20.775	31.75	0.00737118399768585	0.800520541877329	1.30361300546316e-08	62.0751639697364	0.205896947198149
20.925	31.75	0.00995447747254536	0.800696285290252	1.30083795609768e-08	62.0503323246716	0.207963581978036
21.075	31.75	0.0134420120497261	0.800925757559358	1.29316053944981e-08	62.0252092694667	0.210753609639781
21.225	31.75	0.0181476176534343	0.801217638518516	1.27934064210973e-08	61.9996929263339	0.214518094122747
21.375	31.75	0.024483493595786	0.801575704636626	1.25799339788977e-08	61.973646565229	0.219586794876629
21.525	31.75	0.0329782630345489	0.801994867976047	1.22770510713681e-08	61.9468882943842	0.226382610427639
21.675	31.75	0.0442900722965479	0.80245717029838	1.18727736527794e-08	61.9191792577004	0.235432057837238
21.825	31.75	0.0592098319930503	0.80292878234417	1.13603763734741e-08	61.8902110515054	0.24736786559444
21.975	31.75	0.078648016716615	0.803359395681339	1.07420717323755e-08	61.8595936239665	0.262918413373292
22.125	31.75	0.103596190729233	0.803685578848484	1.00312579677594e-08	61.8268456582011	0.282876952583387
22.275	31.75	0.135052303054479	0.803839324052193	9.25300609449309e-09	61.7913903857525	0.308041842443583
22.425	31.75	0.173898993902891	0.803761740218107	8.44122834046507e-09	61.7525608142782	0.339119195122313
22.575	31.75	0.220730585311373	0.803419691865813	7.6335476482335e-09	61.7096190754287	0.376584468249098
22.725	31.75	0.275641527221559	0.802820788762899	6.86525545450354e-09	61.6617942010455	0.420513221777247
22.875	31.75	0.338017856790884	0.802020576922387	6.16420565780086e-09	61.608340048511	0.470414285432707
23.025	31.75	0.406404723886801	0.801116449790567	5.5483404256259e-09	61.5486096200669	0.525123779109441
23.175	31.75	0.478534572771758	0.800226927885286	5.02534800557242e-09	61.4821344592247	0.582827658217407
23.325	31.75	0.551566087221471	0.799461970409972	4.59460771132593e-09	61.4086913041404	0.641252869777177
23.475	31.75	0.622501308373773	0.798895929117051	4.24932335399248e-09	61.3283372743838	0.698001046699019
23.625	31.75	0.688659258265611	0.798554409309664	3.97952166020237e-09	61.2414022457222	0.750927406612488
23.775	31.75	0.748051810523948	0.798418742943294	3.77383842853068e-09	61.1484403568973	0.798441448419158
23.925	31.75	0.799557781415514	0.798442568055419	3.62100477558247e-09	61.050155060454	0.839646225132411
24.075	31.75	0.842886470600788	0.798570848844607	3.51085622511949e-09	60.9473175704214	0.874309176480631
24.225	31.75	0.878398156195158	0.798753960490338	3.43451789239489e-09	60.8406957140896	0.902718524956127
24.375	31.75	0.906872100547875	0.79895449130142	3.38457106573723e-09	60.7310025713164	0.9254976804383
24.525	31.75	0.929292198236992	0.799148194737719	3.35493633658211e-09	60.618866555547	0.943433758589593
24.675	31.75	0.94668509413312	0.799321771111855	3.34084402206309e-09	60.504819555807	0.957348075306496
24.825	31.75	0.960016774677458	0.799469690580591	3.3384035578388e-09	60.3892978078097	0.968013419741967
24.975	31.75	0.97013807310209	0.799591291294978	3.3446622005492e-09	60.2726503390593	0.976110458481672
25.125	31.75	0.977764769249853	0.799688595424787	3.35728179658118e-09	60.1551509812265	0.982211815399883
25.275	31.75	0.983479107296054	0.799764850348304	3.37447828567188e-09	60.0370112629393	0.986783285836843
25.425	31.75	0.987742791126212	0.799823639099034	3.3949235819697e-09	59.9183926051494	0.99019423290097
25.575	31.75	0.990914817879317	0.79986838505592	3.41756568758968e-09	59.7994170365072	0.992731854303454
25.725	31.75	0.993270126799085	0.799902109992176	3.44163918619224e-09	59.6801761576209	0.994616101439268
25.875	31.75	0.995016874810435	0.799927346415907	3.46660578936805e-09	59.5607383810551	0.996013499848348
26.025	31.75	0.996311339965565	0.799946138707908	3.49198060034538e-09	59.4411546268424	0.997049071972452
26.175	31.75	0.997270176126441	0.79996009087199	3.51750899116118e-09	59.3214627144871	0.997816140901152
26.325	31.75	0.997980145944531	0.799970434218225	3.54293044998052e-09	59.2016906996178	0.998384116755625
26.475	31.75	0.998505654706822	0.799978098703215	3.5680427157304e-09	59.0818593818679	0.998804523765457
26.625	31.75	0.998894473357727	0.799983778778858	3.59280469354783e-09	58.9619841764484	0.999115578686182
26.775	31.75	0.999182029808222	0.799987989457061	3.61706400538336e-09	58.8420765050456	0.999345623846578
26.925	31.75	0.999394600870027	0.799991111444903	3.64078458177904e-09	58.7221448275303	0.999515680696021
27.075	31.75	0.999551676931071	0.799993426041023	3.66394559078629e-09	58.6021954069536	0.999641341544857
27.225	31.75	0.999667711987541	0.799995141357	3.68647171616934e-09	58.4822328770398	0.999734169590033
27.375	31.75	0.999753419908752	0.799996411664898	3.70837684571982e-09	58.3622606634574	0.999802735927002
27.525	31.75	0.999816736207338	0.799997351542169	3.72966475809983e-09	58.2422812967055	0.99985338896587
27.675	31.75	0.999863532816577	0.799998046195103	3.7502714199062e-09	58.1222966445265	0.999890826253262
27.825	31.75	0.999898149900269	0.799998559019617	3.77026563847628e-09	58.0023080844823	0.999918519920215
27.975	31.75	0.999923791678257	0.799998937173067	3.78961855006695e-09	57.8823166320045	0.999939033342605
28.125	31.75	0.999942820940979	0.799999215706113	3.80834315317709e-09	57.7623230353087	0.999954256752783
28.275	31.75	0.999956977996989	0.799999420642479	3.82645252692132e-09	57.6423278456613	0.999965582397591
28.425	31.75	0.999967543255893	0.799999571280287	3.84394872795847e-09	57.5223314693345	0.999974034604715
28.575	31.75	0.999975457806077	0.799999681912933	3.86082356024095e-09	57.4023342059687	0.999980366244862
28.725	31.75	0.999981412728989	0.799999763114607	3.87713906003448e-09	57.28233627686	0.999985130183191
28.875	31.75	0.999985915176943	0.799999822698812	3.89285027092556e-09	57.1623378457893	0.999988732141555
29.025	31.75	0.999989337201698	0.799999866431838	3.9080087892629e-09	57.0423390343358	0.999991469761358
29.175	31.75	0.999991951790887	0.79999989856318	3.92260841165294e-09	56.9223399331167	0.999993561432709
29.325	31.75	0.999993959424991	0.799999922218858	3.93665426056839e-09	56.8023406100228	0.999995167539993
29.475	31.75	0.999995507614456	0.799999939693746	3.95017266169335e-09	56.6823411162413	0.999996406091565
29.625	31.75	0.999996705242194	0.799999952668318	3.96318450427843e-09	56.5623414906527	0.999997364193755
29.775	31.75	0.999997633065893	0.79999996236931	3.97569458605765e-09	56.4423417630343	0.999998106452714
29.925	31.75	0.999998351385318	0.799999969689338	3.9876799566451e-09	56.3223419563932	0.999998681108255
30.075	31.75	0.999998905620682	0.799999975275244	3.99920141516893e-09	56.2023420886615	0.999999124496545
30.225	31.75	0.999999330355726	0.799999979593978	4.01023655873078e-09	56.0823421739314	0.999999464284581
30.375	31.75	0.999999652255997	0.799999982981152	4.02083697620996e-09	55.962342223355	0.999999721804798
30.525	31.75	0.999999892166626	0.799999985677182	4.03096754672115e-09	55.8423422458039	0.999999913733301
30.675	31.75	1.00000006661444	0.799999987853644	4.04067011621443e-09	55.7223422483559	1.00000005329155
30.825	31.75	1.00000018888045	0.799999989632705	4.04996211863821e-09	55.6023422366579	1.00000015110436
30.975	31.75	1.0000002697643	0.799999991101939	4.05882814361043e-09	55.482342215201	1.00000021581144
31.125	31.75	1.00000031813024	0.799999992323967	4.06726546891791e-09	55.3623421875326	1.00000025450419
31.275	31.75	1.00000034129914	0.79999999334429	4.0753469596104e-09	55.2423421564229	1.00000027303931
31.425	31.75	1.00000034533337	0.799999994196851	4.0830304738197e-09	55.1223421239999	1.00000027626669
31.575	31.75	1.00000033524795	0.799999994907276	4.09036396689844e-09	55.0023420918598	1.00000026819836
31.725	31.75	1.00000031517155	0.799999995495916	4.09730223784557e-09	54.8823420611601	1.00000025213724
31.875	31.75	1.00000028847337	0.799999995979481	4.10393942743829e-09	54.7623420326981	1.0000002307787
32.025	31.75	1.00000025786737	0.799999996372067	4.11021867282798e-09	54.6423420069793	1.0000002062939
32.175	31.75	1.00000022550096	0.799999996686283	4.11614965863519e-09	54.5223419842759	1.00000018040076
32.325	31.75	1.00000019303282	0.799999996933137	4.12177848949289e-09	54.4023419646773	1.00000015442626
32.475	31.75	1.00000016170285	0.799999997122893	4.12709875347353e-09	54.2823419481337	1.00000012936228
32.625	31.75	1.00000013239567	0.799999997264881	4.13212190486292e-09	54.1623419344935	1.00000010591654
32.775	31.75	1.00000010569878	0.799999997367464	4.13685144833602e-09	54.0423419235343	1.00000008455902
32.925	31.75	1.00000008195549	0.799999997438438	4.14131571751682e-09	53.9223419149891	1.00000006556439
33.075	31.75	1.00000006131281	0.7999999974846	4.14549339836363e-09	53.8023419085673	1.00000004905025
33.225	31.75	1.00000004376436	0.799999997511946	4.14942667855059e-09	53.6823419039716	1.00000003501149
33.375	31.75	1.00000002918825	0.799999997525861	4.153088196299e-09	53.562341900911	1.0000000233506
33.525	31.75	1.0000000173799	0.799999997530725	4.15651935999615e-09	53.4423418991097	1.00000001390392
33.675	31.75	1.00000000808003	0.79999999753033	4.15971514979795e-09	53.3223418983148	1.00000000646402
33.825	31.75	1.00000000099792	0.799999997527602	4.1626836897001e-09	53.2023418982993	1.00000000079833
33.975	31.75	0.999999995830303	0.79999999752507	4.16543835203361e-09	53.0823418988649	0.999999996664243
34.125	31.75	0.999999992276161	0.799999997524313	4.16799203997261e-09	52.9623418998424	0.999999993820929
34.275	31.75	0.999999990047901	0.799999997526809	4.17034491570026e-09	52.8423419010906	0.999999992038321
34.425	31.75	0.999999988879287	0.799999997533296	4.17249805575956e-09	52.7223419024951	0.99999999110343
34.575	31.75	0.999999988530649	0.799999997544208	4.17445730156067e-09	52.6023419039658	0.999999990824519
34.725	31.75	0.999999988791751	0.799999997559748	4.17626945019093e-09	52.482341905434	0.999999991033401
34.875	31.75	0.999999989482816	0.799999997579809	4.17788814744603e-09	52.3623419068499	0.999999991586253
35.025	31.75	0.999999990454018	0.799999997604241	4.17934603369732e-09	52.2423419081794	0.999999992363215
35.175	31.75	0.999999991583964	0.799999997632523	4.1806643979167e-09	52.1223419094014	0.999999993267171
35.325	31.75	0.99999999277733	0.799999997664355	4.18182662609897e-09	52.0023419105055	0.999999994221864
35.475	31.75	0.999999993962083	0.799999997699172	4.18286139199645e-09	51.8823419114889	0.999999995169666
35.625	31.75	0.999999995086365	0.79999999773643	4.183759806303e-09	51.762341912355	0.999999996069092
35.775	31.75	0.999999996115366	0.79999999777576	4.18452932430365e-09	51.6423419131114	0.999999996892293
35.925	31.75	0.999999997028284	0.799999997816563	4.18518023362845e-09	51.5223419137682	0.999999997622627
36.075	31.75	0.999999997815459	0.799999997858596	4.18572788054313e-09	51.402341914337	0.999999998252367
36.225	31.75	0.999999998475747	0.799999997901375	4.18616427897331e-09	51.28234191483	0.999999998780598
36.375	31.75	0.999999999014284	0.799999997944558	4.1864988092261e-09	51.1623419152592	0.999999999211427
36.525	31.75	0.999999999440463	0.799999997988011	4.1867357930547e-09	51.0423419156359	0.99999999955237
36.675	31.75	0.999999999766332	0.79999999803148	4.18690802878488e-09	50.9223419159703	0.999999999813065
36.825	31.75	1.00000000000535	0.799999998074774	4.18698876086231e-09	50.8023419162713	1.00000000000428
36.975	31.75	1.00000000017135	0.799999998117795	4.18698726659211e-09	50.6823419165468	1.00000000013708
37.125	31.75	1.00000000027791	0.799999998160509	4.18692331080953e-09	50.5623419168031	1.00000000022233
37.275	31.75	1.00000000033769	0.799999998202744	4.18678345990469e-09	50.4423419170453	1.00000000027015
37.425	31.75	1.00000000036183	0.799999998244456	4.18660423415879e-09	50.3223419172774	1.00000000028946
37.575	31.75	1.00000000035914	0.7999999982855	4.18636152299931e-09	50.2023419175025	1.00000000028731
37.725	31.75	1.00000000033566	0.799999998326022	4.18607755861728e-09	50.0823419177229	1.00000000026853
37.875	31.75	1.00000000029551	0.799999998366611	4.18574873121099e-09	49.9623419179403	1.00000000023641
38.025	31.75	1.00000000024452	0.799999998408416	4.18538228740081e-09	49.8423419181561	1.00000000019561
38.175	31.75	1.00000000019656	0.799999998451902	4.18499026455849e-09	49.7223419183708	1.00000000015725
38.325	31.75	1.00000000017804	0.799999998495773	4.1845571535936e-09	49.6023419185828	1.00000000014243
38.475	31.75	1.0000000002182	0.799999998533697	4.1841028775842e-09	49.4823419187879	1.00000000017456
38.625	31.75	1.00000000031038	0.799999998555116	4.18363892162142e-09	49.3623419189808	1.00000000024831
38.775	31.75	1.00000000034601	0.799999998553574	4.18315192429484e-09	49.2423419191618	1.0000000002768
38.925	31.75	1.00000000007386	0.799999998546962	4.18265983018699e-09	49.1223419193483	1.00000000005909
39.075	31.75	0.999999999212011	0.799999998601423	4.18215695532682e-09	49.0023419195835	0.999999999369608
39.225	31.75	0.999999997861562	0.799999998825967	4.18164135168175e-09	48.8823419199192	0.99999999828925
39.375	31.75	0.999999997187147	0.799999999281824	4.1811622268356e-09	48.7623419203463	0.999999997749718
39.525	31.75	0.999999999800256	0.799999999775555	4.18066682939283e-09	48.6423419206747	0.999999999840205
39.675	31.75	1.0000000085499	0.799999999628504	4.18017489843211e-09	48.522341920452	1.00000000683992
39.825	31.75	1.00000002228111	0.799999997758026	4.17971056556971e-09	48.4023419191446	1.00000001782489
39.975	31.75	1.00000002906865	0.799999993600559	4.17924993599134e-09	48.2823419168467	1.00000002325492
40.125	31.75	1.00000000269434	0.799999989140865	4.17882118864029e-09	48.1623419154833	1.00000000215548
40.275	31.75	0.999999915051592	0.799999991055658	4.17841135184509e-09	48.0423419195871	0.999999932041273
40.425	31.75	0.999999777875196	0.800000009730281	4.17800882674852e-09	47.9223419344767	0.999999822300157
40.575	31.75	0.999999707649943	0.80000005026993	4.17766729539442e-09	47.802341959316	0.999999766119954
40.725	31.75	0.999999957517779	0.80000009348616	4.1773330070962e-09	47.6823419755269	0.999999966014223
40.875	31.75	1.00000079734943	0.80000007669349	4.17704669748564e-09	47.5623419394267	1.00000063787954
41.025	31.75	1.00000212196183	0.799999904177915	4.1767902361447e-09	47.4423417994278	1.00000169756946
41.175	31.75	1.00000285290251	0.799999530048989	4.17658394096752e-09	47.3223415607567	1.00000228232201
41.325	31.75	1.00000065163093	0.79999912779845	4.17641435041339e-09	47.2023413926561	1.00000052130474
41.475	31.75	0.999993003857952	0.799999255356931	4.17631836471918e-09	47.0823416973042	0.999994403086361
41.625	31.75	0.999980706637745	0.800000755965655	4.17627966135836e-09	46.9623429593071	0.999984565310196
41.775	31.75	0.999973138464051	0.800004040594628	4.17628632556834e-09	46.8423451748436	0.999978510771241
41.925	31.75	0.999990827520837	0.800007657514351	4.17625828882268e-09	46.7223469045696	0.99999266201667
42.075	31.75	1.00005637953647	0.800006936139115	4.17612604768797e-09	46.6023446387221	1.00004510362918
42.225	31.75	1.0001652888614	0.799994824018247	4.17589508718765e-09	46.4823339987631	1.00013223108912
42.375	31.75	1.00024184955264	0.799967674094445	4.17584009824231e-09	46.3623144562606	1.00019347964212
42.525	31.75	1.00011633628416	0.799936550376304	4.17650255823233e-09	46.2422972632969	1.00009306902733
42.675	31.75	0.999594226904236	0.799937860578899	4.17856127779205e-09	46.1223111563527	0.999675381523389
42.825	31.75	0.998683926302441	0.800027372375986	4.18198987206259e-09	46.0023938075062	0.998947141041953
42.975	31.75	0.997944673223771	0.800237006762787	4.18493780904418e-09	45.8825556394357	0.998355738579017
43.125	31.75	0.998684258977689	0.800490005405245	4.18299864858244e-09	45.7627174451287	0.998947407182152
43.275	31.75	1.00248296175496	0.800522975085176	4.17090847229784e-09	45.6426614148232	1.00198636940397
43.425	31.75	1.00955927622887	0.799934825520178	4.14809660545049e-09	45.5220835122997	1.0076474209831
43.575	31.75	1.01623380735886	0.798479881562298	4.12684206839338e-09	45.4008457356562	1.01298704588709
43.725	31.75	1.01328677098066	0.796573391793063	4.13710970367782e-09	45.2794285793725	1.01062941678453
43.875	31.75	0.98868089776144	0.795833250595116	4.22009251436367e-09	45.1593335849441	0.990944718209152
44.025	31.75	0.938367896696966	0.799351007281701	4.39991610334759e-09	45.0428405524968	0.950694317357573
44.175	31.75	0.884673133555813	0.810192428688614	4.60965096105513e-09	44.9313520468851	0.90773850684465
44.325	31.75	0.88912790163332	0.82444195288471	4.59316747322149e-09	44.8222076928544	0.911302321306656
44.475	31.75	1.03257195120856	0.826489829139587	4.08033950239739e-09	44.7059572872512	1.02605756096685
44.625	31.75	1.34924434150214	0.808622133099931	3.27240039941647e-09	44.5677998513791	1.27939547320171
44.775	31.75	1.76408811756132	0.709537047618844	2.59799620115438e-09	44.3955930382656	1.61127049404905
44.925	31.75	2.11154506563954	0.83463681429882	2.21545077269531e-09	44.2248230186003	1.88923605251163
0.075	32.25	3.47473594040879e-16	0.399999999791451	-2.11001173605173e-08	65.3895333836869	0.2
0.225	32.25	1.09796498659247e-15	0.799999999374324	-2.10914995037618e-08	65.3655333836994	0.200000000000001
0.375	32.25	2.54818930042719e-15	0.799999998957335	-2.10742349203998e-08	65.3415333837244	0.200000000000002
0.525	32.25	4.61626581718443e-15	0.799999998541236	-2.10485227695853e-08	65.317533383762	0.200000000000004
0.675	32.25	7.14881701035491e-15	0.799999998125846	-2.10141540908389e-08	65.293533383812	0.200000000000006
0.825	32.25	9.93588427917674e-15	0.799999997711116	-2.09712212733653e-08	65.2695333838744	0.200000000000008
0.975	32.25	1.27379704525736e-14	0.799999997297454	-2.09197684546664e-08	65.2455333839493	0.20000000000001
1.125	32.25	1.52997074283985e-14	0.799999996885433	-2.08598849160523e-08	65.2215333840366	0.200000000000012
1.275	32.25	1.73403389129071e-14	0.799999996475167	-2.07914988727903e-08	65.1975333841362	0.200000000000014
1.425	32.25	1.85241247374515e-14	0.799999996066376	-2.07147255196418e-08	65.1735333842481	0.200000000000015
1.575	32.25	1.84215049095513e-14	0.799999995659389	-2.06297153020183e-08	65.1495333843722	0.200000000000015
1.725	32.25	1.64738683924527e-14	0.799999995255292	-2.05362769508285e-08	65.1255333845085	0.200000000000013
1.875	32.25	1.19727217300037e-14	0.79999999485283	-2.04346462674545e-08	65.1015333846569	0.20000000000001
2.025	32.25	4.06047165149736e-15	0.799999994453275	-2.03249205691766e-08	65.0775333848173	0.200000000000003
2.175	32.25	-8.24291971086585e-15	0.799999994056206	-2.02069998677484e-08	65.0535333849897	0.199999999999993
2.325	32.25	-2.59845096400065e-14	0.799999993662442	-2.00810935527615e-08	65.0295333851739	0.199999999999979
2.475	32.25	-5.01910926854944e-14	0.799999993271688	-1.99473404151083e-08	65.0055333853699	0.19999999999996
2.625	32.25	-8.17460226378359e-14	0.799999992884347	-1.98055779810132e-08	64.9815333855776	0.199999999999935
2.775	32.25	-1.2122524383586e-13	0.799999992500536	-1.96562649629368e-08	64.9575333857969	0.199999999999903
2.925	32.25	-1.68687694691489e-13	0.799999992120337	-1.9499155934939e-08	64.9335333860276	0.199999999999865
3.075	32.25	-2.23416650967611e-13	0.799999991744305	-1.93345796358442e-08	64.9095333862697	0.199999999999821
3.225	32.25	-2.83611674193565e-13	0.799999991372105	-1.91624455997189e-08	64.885533386523	0.199999999999773
3.375	32.25	-3.46035692277835e-13	0.799999991003905	-1.89831723454254e-08	64.8615333867874	0.199999999999723
3.525	32.25	-4.05628547393228e-13	0.799999990640437	-1.87965126446538e-08	64.8375333870628	0.199999999999676
3.675	32.25	-4.5510708904098e-13	0.799999990281661	-1.86028063645967e-08	64.8135333873491	0.199999999999636
3.825	32.25	-4.84582707272296e-13	0.799999989927339	-1.84020257061875e-08	64.789533387646	0.199999999999612
3.975	32.25	-4.81239935052269e-13	0.799999989578077	-1.81946005426493e-08	64.7655333879535	0.199999999999615
4.125	32.25	-4.2913429644846e-13	0.799999989233706	-1.79802603747279e-08	64.7415333882714	0.199999999999657
4.275	32.25	-3.09183357072125e-13	0.799999988894531	-1.7759453013014e-08	64.7175333885996	0.199999999999753
4.425	32.25	-9.94412939583321e-14	0.79999998856095	-1.75322800992163e-08	64.6935333889378	0.19999999999992
4.575	32.25	2.24237065502895e-13	0.799999988232516	-1.72987473843379e-08	64.669533389286	0.200000000000179
4.725	32.25	6.87023360786092e-13	0.799999987910111	-1.70588517523574e-08	64.6455333896438	0.20000000000055
4.875	32.25	1.31330565871351e-12	0.799999987593101	-1.68131431481219e-08	64.6215333900112	0.200000000001051
5.025	32.25	2.1241109832375e-12	0.799999987282045	-1.6561493397122e-08	64.597533390388	0.200000000001699
5.175	32.25	3.13363850229572e-12	0.799999986976979	-1.63042279054466e-08	64.5735333907739	0.200000000002507
5.325	32.25	4.34480361305012e-12	0.799999986678117	-1.60413069512491e-08	64.5495333911688	0.200000000003476
5.475	32.25	5.74373331873658e-12	0.799999986385414	-1.57730883197524e-08	64.5255333915724	0.200000000004595
5.625	32.25	7.293215457653e-12	0.799999986098738	-1.54996381264437e-08	64.5015333919845	0.200000000005835
5.775	32.25	8.9251928851146e-12	0.79999998581912	-1.52209995873835e-08	64.477533392405	0.20000000000714
5.925	32.25	1.05325121463609e-11	0.799999985545511	-1.4937602583598e-08	64.4535333928337	0.200000000008426
6.075	32.25	1.19602876063687e-11	0.799999985278265	-1.46493475062841e-08	64.4295333932703	0.200000000009568
6.225	32.25	1.29974276299637e-11	0.799999985018357	-1.43565192855207e-08	64.4055333937147	0.200000000010398
6.375	32.25	1.33690888268793e-11	0.799999984764859	-1.40593661812197e-08	64.3815333941667	0.200000000010695
6.525	32.25	1.273107384655e-11	0.799999984518054	-1.37580034155186e-08	64.3575333946262	0.200000000010185
6.675	32.25	1.06674608412349e-11	0.799999984278262	-1.34525193652866e-08	64.3335333950932	0.200000000008534
6.825	32.25	6.69303658295406e-12	0.799999984045915	-1.3143000264521e-08	64.3095333955675	0.200000000005354
6.975	32.25	2.62383632196413e-13	0.79999998381994	-1.28300138284877e-08	64.2855333960491	0.20000000000021
7.125	32.25	-9.21227841531963e-12	0.799999983601679	-1.25132905942435e-08	64.2615333965382	0.19999999999263
7.275	32.25	-2.23322060405356e-11	0.799999983389929	-1.219325131823e-08	64.2375333970348	0.199999999982134
7.425	32.25	-3.96698110830391e-11	0.799999983186303	-1.18700057499547e-08	64.2135333975391	0.199999999968264
7.575	32.25	-6.17105591706279e-11	0.799999982989428	-1.15437201220507e-08	64.1895333980513	0.199999999950632
7.725	32.25	-8.87769689045107e-11	0.799999982801019	-1.12146831424625e-08	64.1655333985716	0.199999999928978
7.875	32.25	-1.20933063230461e-10	0.799999982619713	-1.08828677979946e-08	64.1415333991003	0.199999999903254
8.025	32.25	-1.57868392634058e-10	0.799999982446073	-1.05486845859924e-08	64.1175333996376	0.199999999873705
8.175	32.25	-1.9876187254956e-10	0.799999982280388	-1.02121106041642e-08	64.0935334001838	0.199999999840991
8.325	32.25	-2.42127207404325e-10	0.799999982123281	-9.87333379209645e-09	64.0695334007389	0.199999999806298
8.475	32.25	-2.85643653800244e-10	0.799999981974399	-9.53264444215136e-09	64.0455334013029	0.199999999771485
8.625	32.25	-3.25978333817804e-10	0.79999998183383	-9.19014063293411e-09	64.0215334018753	0.199999999739217
8.775	32.25	-3.58609251808017e-10	0.799999981701768	-8.84601358639497e-09	63.9975334024555	0.199999999713113
8.925	32.25	-3.77661570645847e-10	0.799999981578452	-8.50044239252644e-09	63.9735334030421	0.199999999697871
9.075	32.25	-3.75773503890356e-10	0.799999981463975	-8.153530051982e-09	63.9495334036333	0.199999999699381
9.225	32.25	-3.44012270313443e-10	0.799999981358451	-7.80552681061179e-09	63.9255334042264	0.19999999972479
9.375	32.25	-2.71864773677701e-10	0.799999981261287	-7.45651355904667e-09	63.9015334048178	0.199999999782508
9.525	32.25	-1.47331789032555e-10	0.799999981172891	-7.10680639056909e-09	63.8775334054029	0.199999999882135
9.675	32.25	4.28418340010289e-11	0.799999981092332	-6.75638485362986e-09	63.8535334059757	0.200000000034273
9.825	32.25	3.12765461348713e-10	0.79999998101981	-6.40552531608464e-09	63.8295334065291	0.200000000250212
9.975	32.25	6.76792168306587e-10	0.799999980954068	-6.05442817764193e-09	63.8055334070545	0.200000000541434
10.125	32.25	1.14866201957437e-09	0.799999980894091	-5.70304441900416e-09	63.7815334075419	0.20000000091893
10.275	32.25	1.74036380737361e-09	0.799999980839179	-5.35175263976588e-09	63.7575334079803	0.200000001392291
10.425	32.25	2.46068480839211e-09	0.799999980787778	-5.00065916215293e-09	63.7335334083574	0.200000001968548
10.575	32.25	3.3134264014518e-09	0.79999998073771	-4.64982718805655e-09	63.7095334086606	0.200000002650741
10.725	32.25	4.29527563733002e-09	0.799999980687263	-4.29952402891462e-09	63.685533408877	0.200000003436221
10.875	32.25	5.39333958675569e-09	0.799999980634257	-3.94981733371023e-09	63.6615334089947	0.200000004314672
11.025	32.25	6.58237092896344e-09	0.79999998057607	-3.60079008946051e-09	63.6375334090034	0.200000005265897
11.175	32.25	7.82174004190772e-09	0.799999980509906	-3.25274258096145e-09	63.6135334088963	0.200000006257392
11.325	32.25	9.05224087025291e-09	0.799999980433823	-2.90578446537768e-09	63.589533408671	0.200000007241793
11.475	32.25	1.01928548638989e-08	0.799999980344515	-2.55992108809666e-09	63.5655334083322	0.200000008154284
11.625	32.25	1.11376387632061e-08	0.799999980239849	-2.21542767894332e-09	63.5415334078933	0.200000008910111
11.775	32.25	1.17529470487558e-08	0.799999980118522	-1.87246505630296e-09	63.5175334073794	0.200000009402358
11.925	32.25	1.18752471543315e-08	0.799999979978806	-1.53097595741948e-09	63.4935334068297	0.200000009500198
12.075	32.25	1.13098333089961e-08	0.799999979820819	-1.19131629498727e-09	63.4695334063006	0.200000009047867
12.225	32.25	9.83079094189318e-09	0.799999979646055	-8.53432688184707e-10	63.4455334058689	0.200000007864633
12.375	32.25	7.18260536893867e-09	0.799999979457165	-5.17575224796556e-10	63.4215334056344	0.200000005746084
12.525	32.25	3.08384307359793e-09	0.79999997925891	-1.83698569485829e-10	63.3975334057224	0.200000002467074
12.675	32.25	-2.76664181348332e-09	0.799999979058628	1.47891063114956e-10	63.3735334062867	0.199999997786687
12.825	32.25	-1.06805123682718e-08	0.799999978866552	4.77160993304608e-10	63.3495334075101	0.19999999145559
12.975	32.25	-2.09673070452312e-08	0.799999978695814	8.0392910391434e-10	63.3255334096054	0.199999983226154
13.125	32.25	-3.39179172323691e-08	0.799999978562633	1.1283323582992e-09	63.3015334128141	0.199999972865666
13.275	32.25	-4.97837942538001e-08	0.799999978487384	1.44991793692941e-09	63.2775334174039	0.199999960172965
13.425	32.25	-6.87515595287911e-08	0.799999978494356	1.76880307243372e-09	63.2535334236633	0.199999944998752
13.575	32.25	-9.09127723479016e-08	0.799999978611681	2.08480170237595e-09	63.2295334318945	0.199999927269782
13.725	32.25	-1.16228701938888e-07	0.799999978871028	2.39780366552117e-09	63.2055334424019	0.199999907017038
13.875	32.25	-1.44490044349683e-07	0.799999979309239	2.70784946431146e-09	63.1815334554782	0.199999884407965
14.025	32.25	-1.75271604890478e-07	0.799999979965658	3.01473631299969e-09	63.1575334713854	0.199999859782716
14.175	32.25	-2.07882011075245e-07	0.799999980885216	3.31831303945605e-09	63.1335334903324	0.199999833694391
14.325	32.25	-2.4130849768906e-07	0.799999982115219	3.61860564749187e-09	63.1095335124457	0.199999806953202
14.475	32.25	-2.74156671574311e-07	0.799999983708685	3.91540855065661e-09	63.0855335377367	0.199999780674663
14.625	32.25	-3.04584860736503e-07	0.799999985723008	4.20881409654166e-09	63.0615335660612	0.199999756332111
14.775	32.25	-3.30232102795019e-07	0.799999988221869	4.49860692547296e-09	63.0375335970736	0.199999735814318
14.925	32.25	-3.48137928918898e-07	0.799999991278807	4.78470754923863e-09	63.0135336301725	0.199999721489657
15.075	32.25	-3.54650715751892e-07	0.799999994980445	5.06708872646467e-09	62.9895336644393	0.199999716279427
15.225	32.25	-3.45319331207498e-07	0.79999999943346	5.34571194363902e-09	62.9655336985666	0.199999723744535
15.375	32.25	-3.14759855925485e-07	0.800000004773732	5.62038238490172e-09	62.9415337307747	0.199999748192115
15.525	32.25	-2.56485011958493e-07	0.800000011182327	5.89120627634442e-09	62.9175337587141	0.19999979481199
15.675	32.25	-1.6267816667511e-07	0.800000018904826	6.15797001967684e-09	62.8935337793488	0.199999869857467
15.825	32.25	-2.38858635321833e-08	0.800000028282281	6.42062764177249e-09	62.869533788814	0.199999980891309
15.975	32.25	1.71407956315599e-07	0.800000039790322	6.67920591511866e-09	62.845533782238	0.200000137126365
16.125	32.25	4.37377499757858e-07	0.800000054098772	6.93359229084562e-09	62.8215337535162	0.200000349902
16.275	32.25	7.91691645318957e-07	0.80000007214709	7.18376124257816e-09	62.7975336950156	0.200000633353316
16.425	32.25	1.25668927855135e-06	0.80000009525355	7.42956349822834e-09	62.7735335971826	0.200001005351423
16.575	32.25	1.86102709237985e-06	0.80000012526006	7.67113345781819e-09	62.749533448016	0.200001488821674
16.725	32.25	2.64198159897357e-06	0.80000016472776	7.90820758341507e-09	62.7255332323497	0.200002113585279
16.875	32.25	3.64865153334176e-06	0.800000217204463	8.1408646346643e-09	62.7015329308718	0.200002918921227
17.025	32.25	4.94639302968341e-06	0.800000287582474	8.36904368353627e-09	62.6775325187762	0.200003957114424
17.175	32.25	6.62293534840055e-06	0.800000382579843	8.59274382233501e-09	62.653531963909	0.200005298348279
17.325	32.25	8.79677998099613e-06	0.80000051139136	8.81169694633888e-09	62.6295312242172	0.200007037423985
17.475	32.25	1.16286955215137e-05	0.800000686563951	9.02616486523169e-09	62.6055302442427	0.200009302956417
17.625	32.25	1.53374053808931e-05	0.800000925184584	9.23587280291821e-09	62.5815289503119	0.200012269924305
17.775	32.25	2.0220952205452e-05	0.800001250481713	9.44096495563425e-09	62.5575272439464	0.200016176761764
17.925	32.25	2.66857443543443e-05	0.800001693981982	9.64124591198804e-09	62.5335249928541	0.200021348595483
18.075	32.25	3.52859830891428e-05	0.800002298389382	9.83664212857307e-09	62.5095220186337	0.200028228786471
18.225	32.25	4.67770781990847e-05	0.800003121413894	1.00272760900498e-08	62.4855180800225	0.200037421662559
18.375	32.25	6.21878488912268e-05	0.80000424085704	1.02127743032004e-08	62.4615128501148	0.200049750279113
18.525	32.25	8.2917892221004e-05	0.800005761441402	1.03933886755311e-08	62.4375058854408	0.200066334313777
18.675	32.25	0.000110868698691841	0.800007824139009	1.05687791711909e-08	62.4134965840784	0.200088694958953
18.825	32.25	0.000148620254992837	0.800010619110164	1.07388436438934e-08	62.3894841289941	0.200118896203994
18.975	32.25	0.000199669454129909	0.800014403674086	1.09033914508252e-08	62.365467411464	0.200159735563304
19.125	32.25	0.000268753041883913	0.80001952675819	1.10621861982838e-08	62.3414449275483	0.200215002433507
19.275	32.25	0.000362286154261293	0.800026460864704	1.12150256628808e-08	62.317414638015	0.200289828923409
19.425	32.25	0.000488957299910241	0.800035841872591	1.13611158418766e-08	62.293373778654	0.200391165839928
19.575	32.25	0.000660531182123072	0.800048516932054	1.15002207486429e-08	62.269318603495	0.200528424945698
19.725	32.25	0.000892922198795627	0.800065602977924	1.16312222165945e-08	62.2452440379599	0.200714337759037
19.875	32.25	0.00120761711184767	0.800088564827675	1.17532573291584e-08	62.2211432121954	0.200966093689478
20.025	32.25	0.00163355410107507	0.800119332248763	1.18646897005606e-08	62.1970068359162	0.20130684328086
20.175	32.25	0.00220962176892574	0.800160484824389	1.19637886657388e-08	62.1728223630885	0.201767697415141
20.325	32.25	0.00298804033642293	0.800215530185402	1.20476912797856e-08	62.1485728743405	0.202390432269138
20.475	32.25	0.00403902961926405	0.800289268944564	1.21131888387146e-08	62.1242355729697	0.203231223695411
20.625	32.25	0.00545732368046956	0.800388166314097	1.21556338441382e-08	62.0997797441091	0.204365858944376
20.775	32.25	0.00737118399327833	0.800520542236044	1.21692107283908e-08	62.0751639684404	0.205896947194623
20.925	32.25	0.00995447746690588	0.800696285632365	1.21463545248386e-08	62.0503323233652	0.207963581973525
21.075	32.25	0.0134420120425375	0.800925757885294	1.20774512912338e-08	62.0252092681505	0.21075360963403
21.225	32.25	0.0181476176443159	0.801217638828203	1.19511092300814e-08	61.9996929250083	0.214518094115453
21.375	32.25	0.0244834935842889	0.801575704930609	1.17542711098453e-08	61.9736465638945	0.219586794867431
21.525	32.25	0.0329782630201588	0.801994868254959	1.14737057835917e-08	61.9468882930415	0.226382610416127
21.675	32.25	0.0442900722786872	0.802457170562252	1.10981554351719e-08	61.9191792563498	0.23543205782295
21.825	32.25	0.0592098319710875	0.802928782594262	1.06214202489651e-08	61.8902110501474	0.24736786557687
21.975	32.25	0.0786480166898882	0.803359395918146	1.00452924168813e-08	61.8595936226016	0.262918413351911
22.125	32.25	0.103596190697095	0.803685579072923	9.38231492056439e-09	61.8268456568296	0.282876952557676
22.275	32.25	0.135052303016368	0.803839324265312	8.65612578886557e-09	61.7913903843748	0.308041842413094
22.425	32.25	0.173898993858445	0.803761740420773	7.89813811604775e-09	61.7525608128943	0.339119195086756
22.575	32.25	0.220730585260574	0.80341969205911	7.14382378514302e-09	61.7096190740389	0.376584468208459
22.725	32.25	0.275641527164907	0.802820788947809	6.42604146438159e-09	61.6617941996496	0.420513221731925
22.875	32.25	0.338017856729549	0.802020577099564	5.77108075435996e-09	61.6083400471087	0.470414285383639
23.025	32.25	0.406404723822623	0.801116449960835	5.19567070597931e-09	61.5486096186578	0.525123779058098
23.175	32.25	0.478534572707103	0.80022692804926	4.70721178841212e-09	61.482134457808	0.582827658165682
23.325	32.25	0.551566087158912	0.799461970568126	4.30501255528772e-09	61.408691302715	0.641252869727129
23.475	32.25	0.622501308315675	0.798895929270055	3.98288591161983e-09	61.3283372729487	0.69800104665254
23.625	32.25	0.688659258213753	0.798554409457817	3.73148542150125e-09	61.241402244276	0.750927406571002
23.775	32.25	0.748051810479352	0.798418743087046	3.54016243853154e-09	61.1484403554387	0.798441448383482
23.925	32.25	0.799557781378413	0.79844256819513	3.39849915011594e-09	61.0501550589819	0.839646225102731
24.075	32.25	0.842886470570816	0.798570848980597	3.29686935060814e-09	60.9473175689348	0.874309176456653
24.225	32.25	0.878398156171543	0.798753960622704	3.22696768722756e-09	60.8406957125875	0.902718524937234
24.375	32.25	0.90687210052965	0.798954491430363	3.1818895648451e-09	60.7310025697984	0.92549768042372
24.525	32.25	0.929292198223182	0.799148194863406	3.15593785975728e-09	60.6188665540127	0.943433758578546
24.675	32.25	0.946685094122801	0.799321771234298	3.14455650905242e-09	60.5048195542561	0.957348075298241
24.825	32.25	0.960016774669833	0.799469690699918	3.14416734857245e-09	60.3892978062421	0.968013419735866
24.975	32.25	0.970138073096515	0.799591291411294	3.15196275185066e-09	60.2726503374752	0.976110458477212
25.125	32.25	0.977764769245804	0.799688595538044	3.16576987004813e-09	60.155150979626	0.982211815396643
25.275	32.25	0.983479107293132	0.799764850458583	3.18388637911162e-09	60.0370112613226	0.986783285834506
25.425	32.25	0.987742791124114	0.799823639206422	3.20503703610469e-09	59.9183926035168	0.990194232899291
25.575	32.25	0.990914817877818	0.799868385160492	3.22826668518033e-09	59.799417034859	0.992731854302255
25.725	32.25	0.993270126798019	0.799902110093855	3.25285677233205e-09	59.6801761559574	0.994616101438415
25.875	32.25	0.995016874809666	0.799927346514844	3.27823990183607e-09	59.5607383793768	0.996013499847733
26.025	32.25	0.996311339965011	0.799946138804123	3.30404606210126e-09	59.4411546251496	0.997049071972009
26.175	32.25	0.997270176126043	0.799960090965516	3.32995485705299e-09	59.3214627127801	0.997816140900835
26.325	32.25	0.997980145944246	0.799970434309152	3.35574279961173e-09	59.201690697897	0.998384116755397
26.475	32.25	0.998505654706626	0.799978098791499	3.38128928810194e-09	59.0818593801337	0.998804523765301
26.625	32.25	0.998894473357587	0.799983778864586	3.40645138581526e-09	58.9619841747012	0.99911557868607
26.775	32.25	0.999182029808127	0.799987989540309	3.43113127648624e-09	58.8420765032857	0.999345623846502
26.925	32.25	0.999394600869962	0.799991111525692	3.45530320088469e-09	58.7221448257581	0.999515680695969
27.075	32.25	0.999551676931028	0.799993426119404	3.47890193548925e-09	58.6021954051696	0.999641341544822
27.225	32.25	0.9996677119875	0.799995141433009	3.50191983312809e-09	58.4822328752442	0.99973416959
27.375	32.25	0.999753419908722	0.799996411738587	3.5243253497265e-09	58.3622606616506	0.999802735926978
27.525	32.25	0.999816736207323	0.799997351613513	3.54611116722853e-09	58.2422812948878	0.999853388965858
27.675	32.25	0.999863532816566	0.799998046264229	3.56729510028446e-09	58.1222966426982	0.999890826253253
27.825	32.25	0.99989814990026	0.799998559086599	3.58785492394651e-09	58.0023080826438	0.999918519920208
27.975	32.25	0.999923791678242	0.799998937237859	3.60779754829147e-09	57.8823166301562	0.999939033342594
28.125	32.25	0.999942820940973	0.799999215768805	3.62711120537197e-09	57.7623230334508	0.999954256752778
28.275	32.25	0.999956977996994	0.799999420703121	3.64583436824262e-09	57.6423278437941	0.999965582397595
28.425	32.25	0.999967543255903	0.799999571338874	3.66397078009754e-09	57.5223314674584	0.999974034604722
28.575	32.25	0.99997545780608	0.799999681969525	3.68153351073134e-09	57.402334204084	0.999980366244864
28.725	32.25	0.999981412728989	0.799999763169293	3.69849938356303e-09	57.2823362749669	0.999985130183191
28.875	32.25	0.999985915176935	0.799999822751592	3.71491396241718e-09	57.1623378438882	0.999988732141548
29.025	32.25	0.999989337201686	0.799999866482748	3.73076517948596e-09	57.0423390324269	0.999991469761349
29.175	32.25	0.999991951790874	0.799999898612308	3.7460824394187e-09	56.9223399312003	0.999993561432699
29.325	32.25	0.999993959424986	0.799999922266153	3.76087926040339e-09	56.8023406080992	0.999995167539989
29.475	32.25	0.999995507614459	0.799999939739348	3.775154483254e-09	56.6823411143108	0.999996406091567
29.625	32.25	0.999996705242197	0.799999952712218	3.78890417885251e-09	56.5623414887153	0.999997364193758
29.775	32.25	0.999997633065897	0.799999962411529	3.80216397960268e-09	56.4423417610906	0.999998106452717
29.925	32.25	0.999998351385316	0.799999969729966	3.81494958971727e-09	56.3223419544432	0.999998681108253
30.075	32.25	0.99999890562068	0.799999975314246	3.82724580140727e-09	56.2023420867056	0.999999124496544
30.225	32.25	0.999999330355731	0.799999979631489	3.83908730482066e-09	56.0823421719698	0.999999464284585
30.375	32.25	0.999999652256	0.799999983017143	3.85046741646314e-09	55.9623422213878	0.9999997218048
30.525	32.25	0.999999892166629	0.799999985711745	3.86143000441161e-09	55.8423422438315	0.999999913733303
30.675	32.25	1.00000006661446	0.799999987886686	3.87195265232307e-09	55.7223422463783	1.00000005329156
30.825	32.25	1.00000018888045	0.799999989664467	3.88204310073706e-09	55.6023422346755	1.00000015110436
30.975	32.25	1.0000002697643	0.799999991132302	3.89173163112787e-09	55.482342213214	1.00000021581144
31.125	32.25	1.00000031813024	0.799999992352964	3.90102864516874e-09	55.362342185541	1.00000025450419
31.275	32.25	1.00000034129914	0.799999993372076	3.90993398134649e-09	55.2423421544271	1.00000027303931
31.425	32.25	1.00000034533336	0.799999994223358	3.91846015551901e-09	55.122342122	1.00000027626669
31.575	32.25	1.00000033524796	0.799999994932581	3.92663310237961e-09	55.0023420898561	1.00000026819837
31.725	32.25	1.00000031517156	0.79999999552003	3.93443402652453e-09	54.8823420591526	1.00000025213725
31.875	32.25	1.00000028847338	0.799999996002454	3.94188695653732e-09	54.7623420306871	1.0000002307787
32.025	32.25	1.00000025786737	0.799999996393954	3.94900638160354e-09	54.642342004965	1.0000002062939
32.175	32.25	1.00000022550097	0.799999996707049	3.95580394333009e-09	54.5223419822584	1.00000018040077
32.325	32.25	1.00000019303283	0.799999996952881	3.96227564846719e-09	54.4023419626567	1.00000015442626
32.475	32.25	1.00000016170285	0.799999997141637	3.96844419289265e-09	54.2823419461102	1.00000012936228
32.625	32.25	1.00000013239566	0.799999997282627	3.97432510616464e-09	54.1623419324673	1.00000010591653
32.775	32.25	1.00000010569878	0.799999997384283	3.97988419385313e-09	54.0423419215055	1.00000008455903
32.925	32.25	1.00000008195549	0.799999997454299	3.98518159279346e-09	53.9223419129578	1.00000006556439
33.075	32.25	1.00000006131282	0.79999999749956	3.99021824967281e-09	53.8023419065337	1.00000004905025
33.225	32.25	1.00000004376436	0.799999997526087	3.99495955167944e-09	53.6823419019359	1.00000003501149
33.375	32.25	1.00000002918825	0.799999997539184	3.99947212753599e-09	53.5623418988732	1.0000000233506
33.525	32.25	1.0000000173799	0.799999997543242	4.0037420564049e-09	53.44234189707	1.00000001390392
33.675	32.25	1.00000000808003	0.799999997542021	4.00774823680599e-09	53.3223418962733	1.00000000646402
33.825	32.25	1.00000000099792	0.799999997538617	4.01154957565935e-09	53.2023418962561	1.00000000079834
33.975	32.25	0.9999999958303	0.799999997535305	4.01511711763874e-09	53.0823418968201	0.99999999666424
34.125	32.25	0.999999992276154	0.799999997533928	4.01846994516765e-09	52.9623418977961	0.999999993820923
34.275	32.25	0.999999990047891	0.799999997535708	4.02161668924733e-09	52.8423418990429	0.999999992038313
34.425	32.25	0.999999988879281	0.799999997541594	4.02457318470878e-09	52.7223419004461	0.999999991103425
34.575	32.25	0.999999988530644	0.799999997551878	4.02734736476282e-09	52.6023419019156	0.999999990824515
34.725	32.25	0.999999988791751	0.799999997566822	4.02992790549835e-09	52.4823419033827	0.999999991033401
34.875	32.25	0.999999989482811	0.799999997586314	4.03234197229297e-09	52.3623419047976	0.999999991586249
35.025	32.25	0.999999990454011	0.799999997610218	4.03457814496483e-09	52.2423419061261	0.999999992363209
35.175	32.25	0.999999991583958	0.799999997638034	4.03666185633959e-09	52.1223419073473	0.999999993267166
35.325	32.25	0.999999992777328	0.799999997669347	4.03858575161719e-09	52.0023419084506	0.999999994221862
35.475	32.25	0.999999993962079	0.799999997703661	4.04036942276098e-09	51.8823419094333	0.999999995169664
35.625	32.25	0.999999995086357	0.799999997740522	4.04200065881583e-09	51.7623419102988	0.999999996069086
35.775	32.25	0.99999999611537	0.799999997779403	4.04350756772357e-09	51.6423419110546	0.999999996892296
35.925	32.25	0.999999997028288	0.799999997819823	4.04489119577897e-09	51.5223419117108	0.99999999762263
36.075	32.25	0.99999999781546	0.799999997861489	4.04614262471876e-09	51.4023419122792	0.999999998252368
36.225	32.25	0.999999998475751	0.79999999790387	4.04729320080019e-09	51.2823419127718	0.999999998780601
36.375	32.25	0.999999999014295	0.799999997946726	4.04832139004458e-09	51.1623419132007	0.999999999211436
36.525	32.25	0.99999999944047	0.799999997989907	4.04926274360018e-09	51.042341913577	0.999999999552376
36.675	32.25	0.99999999976634	0.799999998033043	4.05009162952719e-09	50.9223419139112	0.999999999813072
36.825	32.25	1.00000000000535	0.799999998076037	4.05083824162669e-09	50.802341914212	1.00000000000428
36.975	32.25	1.00000000017135	0.799999998118861	4.05150012216023e-09	50.6823419144873	1.00000000013708
37.125	32.25	1.00000000027791	0.799999998161275	4.05208604510986e-09	50.5623419147435	1.00000000022233
37.275	32.25	1.0000000003377	0.799999998203326	4.05259576098208e-09	50.4423419149856	1.00000000027016
37.425	32.25	1.00000000036183	0.799999998244844	4.05303426464222e-09	50.3223419152176	1.00000000028947
37.575	32.25	1.00000000035914	0.799999998285634	4.05340262910241e-09	50.2023419154427	1.00000000028731
37.725	32.25	1.00000000033567	0.799999998326042	4.05371470939313e-09	50.082341915663	1.00000000026853
37.875	32.25	1.00000000029552	0.799999998366521	4.05397505878994e-09	49.9623419158804	1.00000000023642
38.025	32.25	1.00000000024452	0.799999998408095	4.05420315381145e-09	49.8423419160963	1.00000000019562
38.175	32.25	1.00000000019656	0.799999998451537	4.05436259484681e-09	49.7223419163111	1.00000000015725
38.325	32.25	1.00000000017805	0.799999998495254	4.0545039275265e-09	49.6023419165231	1.00000000014244
38.475	32.25	1.00000000021819	0.799999998533109	4.05459092296045e-09	49.4823419167283	1.00000000017455
38.625	32.25	1.00000000031037	0.799999998554435	4.05464842064375e-09	49.3623419169213	1.0000000002483
38.775	32.25	1.000000000346	0.799999998552851	4.05469086245598e-09	49.2423419171024	1.0000000002768
38.925	32.25	1.00000000007386	0.79999999854614	4.05471879042858e-09	49.122341917289	1.00000000005909
39.075	32.25	0.999999999212017	0.799999998600643	4.05470688914419e-09	49.0023419175243	0.999999999369614
39.225	32.25	0.999999997861578	0.799999998825144	4.05469900936929e-09	48.8823419178601	0.999999998289262
39.375	32.25	0.999999997187154	0.799999999280982	4.05465867001423e-09	48.7623419182874	0.999999997749723
39.525	32.25	0.99999999980026	0.799999999774698	4.05462648042941e-09	48.6423419186159	0.999999999840208
39.675	32.25	1.0000000085499	0.799999999627652	4.05460232308024e-09	48.5223419183933	1.00000000683992
39.825	32.25	1.00000002228111	0.799999997757232	4.05455882398591e-09	48.402341917086	1.00000001782489
39.975	32.25	1.00000002906865	0.799999993599815	4.05452762097968e-09	48.2823419147882	1.00000002325492
40.125	32.25	1.00000000269435	0.799999989140142	4.05449886465684e-09	48.1623419134249	1.00000000215548
40.275	32.25	0.999999915051605	0.799999991054977	4.05449335294611e-09	48.0423419175289	0.999999932041284
40.425	32.25	0.999999777875205	0.800000009729707	4.05448909140719e-09	47.9223419324185	0.999999822300164
40.575	32.25	0.999999707649948	0.800000050269471	4.0545005311834e-09	47.8023419572579	0.999999766119958
40.725	32.25	0.999999957517778	0.80000009348572	4.05454040888417e-09	47.6823419734689	0.999999966014223
40.875	32.25	1.00000079734943	0.800000076693155	4.05459323232913e-09	47.5623419373688	1.00000063787954
41.025	32.25	1.00000212196184	0.799999904177743	4.05467037715418e-09	47.4423417973699	1.00000169756947
41.175	32.25	1.00000285290252	0.799999530048883	4.05476390442521e-09	47.3223415586989	1.00000228232201
41.325	32.25	1.00000065163093	0.79999912779849	4.05491436977806e-09	47.2023413905982	1.00000052130474
41.475	32.25	0.999993003857956	0.79999925535707	4.05510580254649e-09	47.0823416952463	0.999994403086365
41.625	32.25	0.999980706637748	0.800000755965939	4.05535406485548e-09	46.9623429572492	0.999984565310198
41.775	32.25	0.999973138464055	0.80000404059511	4.05562341977573e-09	46.8423451727856	0.999978510771244
41.925	32.25	0.999990827520841	0.800007657515003	4.05584623028246e-09	46.7223469025116	0.999992662016672
42.075	32.25	1.00005637953648	0.800006936139819	4.05593908056903e-09	46.602344636664	1.00004510362918
42.225	32.25	1.00016528886139	0.799994824019175	4.05595304611794e-09	46.4823339967048	1.00013223108911
42.375	32.25	1.00024184955262	0.79996767409556	4.05609283534802e-09	46.3623144542022	1.0001934796421
42.525	32.25	1.00011633628413	0.799936550377593	4.05694857253496e-09	46.2422972612383	1.0000930690273
42.675	32.25	0.999594226904221	0.799937860580347	4.05913431828558e-09	46.1223111542939	0.999675381523377
42.825	32.25	0.998683926302502	0.800027372377664	4.06264200733937e-09	46.0023938054472	0.998947141042002
42.975	32.25	0.997944673223917	0.800237006764673	4.06566749776135e-09	45.8825556373763	0.998355738579134
43.125	32.25	0.998684258977873	0.800490005407228	4.0639390374905e-09	45.7627174430691	0.998947407182298
43.275	32.25	1.002482961755	0.800522975087362	4.05232620792595e-09	45.6426614127633	1.001986369404
43.425	32.25	1.00955927622856	0.799934825522619	4.03030037911378e-09	45.5220835102394	1.00764742098284
43.575	32.25	1.01623380735815	0.798479881565001	4.00976384490312e-09	45.4008457335956	1.01298704588652
43.725	32.25	1.01328677097996	0.79657339179603	4.01984524500522e-09	45.2794285773115	1.01062941678396
43.875	32.25	0.988680897761604	0.795833250598306	4.10058147322015e-09	45.1593335828827	0.990944718209284
44.025	32.25	0.938367896698781	0.799351007284899	4.27537858988347e-09	45.0428405504348	0.950694317359025
44.175	32.25	0.884673133558787	0.810192428691662	4.47927206659761e-09	44.9313520448224	0.90773850684703
44.325	32.25	0.88912790163479	0.824441952887877	4.46331422847389e-09	44.822207690791	0.911302321307832
44.475	32.25	1.03257195120471	0.826489829143653	3.96502279985275e-09	44.7059572851873	1.02605756096377
44.625	32.25	1.34924434149145	0.808622133104568	3.17992933014214e-09	44.5677998493153	1.27939547319316
44.775	32.25	1.76408811754644	0.709537047622891	2.52459772851705e-09	44.395593036202	1.61127049403715
44.925	32.25	2.11154506562388	0.834636814303325	2.15285906625803e-09	44.224823016537	1.88923605249911
0.075	32.75	3.47473591636152e-16	0.399999999805238	-1.97552163313827e-08	65.3895333857274	0.2
0.225	32.75	1.09796499391709e-15	0.79999999941557	-1.97473347566162e-08	65.3655333857391	0.200000000000001
0.375	32.75	2.54818928726769e-15	0.799999999026062	-1.97314635205351e-08	65.3415333857624	0.200000000000002
0.525	32.75	4.61626583498361e-15	0.79999999863741	-1.97076550695262e-08	65.3175333857975	0.200000000000004
0.675	32.75	7.14881698455601e-15	0.799999998249152	-1.96760071912471e-08	65.2935333858442	0.200000000000006
0.825	32.75	9.93588430870805e-15	0.799999997861916	-1.96364482084497e-08	65.2695333859025	0.200000000000008
0.975	32.75	1.2737970412467e-14	0.799999997475378	-1.95890199582188e-08	65.2455333859725	0.20000000000001
1.125	32.75	1.52997074717417e-14	0.799999997090791	-1.95338021841015e-08	65.221533386054	0.200000000000012
1.275	32.75	1.73403388575213e-14	0.799999996707122	-1.94707771941155e-08	65.197533386147	0.200000000000014
1.425	32.75	1.85241247981197e-14	0.799999996325149	-1.94000580309499e-08	65.1735333862516	0.200000000000015
1.575	32.75	1.84215048395701e-14	0.799999995944889	-1.93215143917911e-08	65.1495333863675	0.200000000000015
1.725	32.75	1.64738684765897e-14	0.799999995566722	-1.92353978054417e-08	65.1255333864949	0.200000000000013
1.875	32.75	1.1972721649299e-14	0.799999995190931	-1.91416689904889e-08	65.1015333866335	0.20000000000001
2.025	32.75	4.06047176939562e-15	0.799999994817184	-1.90403905434487e-08	65.0775333867834	0.200000000000003
2.175	32.75	-8.242919793834e-15	0.79999999444646	-1.89317370618696e-08	65.0535333869445	0.199999999999993
2.325	32.75	-2.59845094731468e-14	0.799999994077717	-1.88156058023121e-08	65.0295333871166	0.199999999999979
2.475	32.75	-5.01910927578538e-14	0.799999993712293	-1.86921305376916e-08	65.0055333872998	0.19999999999996
2.625	32.75	-8.17460224036787e-14	0.79999999334973	-1.85614598186713e-08	64.9815333874939	0.199999999999935
2.775	32.75	-1.21225243884122e-13	0.799999992990675	-1.84236092931307e-08	64.9575333876988	0.199999999999903
2.925	32.75	-1.68687694375229e-13	0.799999992634867	-1.82786360926473e-08	64.9335333879145	0.199999999999865
3.075	32.75	-2.23416650987705e-13	0.79999999228284	-1.81267884120438e-08	64.9095333881408	0.199999999999821
3.225	32.75	-2.83611673798305e-13	0.7999999919341	-1.79680551374634e-08	64.8855333883776	0.199999999999773
3.375	32.75	-3.46035692294214e-13	0.799999991589394	-1.78023438583246e-08	64.8615333886248	0.199999999999723
3.525	32.75	-4.05628546964534e-13	0.799999991249196	-1.76300918302969e-08	64.8375333888823	0.199999999999676
3.675	32.75	-4.5510708913614e-13	0.799999990912546	-1.74512539986152e-08	64.8135333891499	0.199999999999636
3.825	32.75	-4.84582706932849e-13	0.799999990580647	-1.72660116475288e-08	64.7895333894276	0.199999999999612
3.975	32.75	-4.81239935404674e-13	0.799999990252967	-1.70743580043606e-08	64.7655333897152	0.199999999999615
4.125	32.75	-4.29134296437099e-13	0.799999989929706	-1.68764167171069e-08	64.7415333900125	0.199999999999657
4.275	32.75	-3.09183357992292e-13	0.799999989611765	-1.66724194111347e-08	64.7175333903195	0.199999999999753
4.425	32.75	-9.94412946581246e-14	0.799999989298551	-1.64625005023696e-08	64.6935333906359	0.19999999999992
4.575	32.75	2.24237063559781e-13	0.799999988990697	-1.62465400462407e-08	64.6695333909616	0.200000000000179
4.725	32.75	6.87023358860342e-13	0.799999988687013	-1.60250449635682e-08	64.6455333912964	0.20000000000055
4.875	32.75	1.31330565519583e-12	0.79999998838914	-1.57978576132718e-08	64.6215333916402	0.200000000001051
5.025	32.75	2.12411097953776e-12	0.799999988097061	-1.55652968984293e-08	64.5975333919928	0.200000000001699
5.175	32.75	3.13363849671729e-12	0.799999987810317	-1.53273110185227e-08	64.573533392354	0.200000000002507
5.325	32.75	4.34480360723837e-12	0.799999987528624	-1.50841094951146e-08	64.5495333927236	0.200000000003476
5.475	32.75	5.74373331101448e-12	0.799999987252867	-1.48360099242568e-08	64.5255333931014	0.200000000004595
5.625	32.75	7.29321545004889e-12	0.799999986983349	-1.45829353905492e-08	64.5015333934873	0.200000000005835
5.775	32.75	8.92519287613336e-12	0.799999986719325	-1.43251793641455e-08	64.477533393881	0.20000000000714
5.925	32.75	1.05325121386287e-11	0.79999998646141	-1.40627946523339e-08	64.4535333942824	0.200000000008426
6.075	32.75	1.19602875987791e-11	0.799999986209553	-1.3795947121681e-08	64.4295333946913	0.200000000009568
6.225	32.75	1.29974276260015e-11	0.799999985963865	-1.35248503914557e-08	64.4055333951076	0.200000000010398
6.375	32.75	1.33690888260438e-11	0.799999985723943	-1.32494954776045e-08	64.381533395531	0.200000000010695
6.525	32.75	1.27310738534259e-11	0.799999985491119	-1.29702667512815e-08	64.3575333959615	0.200000000010185
6.675	32.75	1.06674608560625e-11	0.799999985264073	-1.26870769802175e-08	64.3335333963991	0.200000000008534
6.825	32.75	6.69303661151895e-12	0.799999985043844	-1.24004933195808e-08	64.3095333968436	0.200000000005354
6.975	32.75	2.62383675397596e-13	0.799999984829817	-1.21101180134708e-08	64.2855333972952	0.20000000000021
7.125	32.75	-9.21227835074145e-12	0.799999984622727	-1.18165609488085e-08	64.2615333977538	0.19999999999263
7.275	32.75	-2.23322059535341e-11	0.79999998442168	-1.15198059249288e-08	64.2375333982196	0.199999999982134
7.425	32.75	-3.9669810966774e-11	0.799999984227846	-1.12199235485262e-08	64.2135333986928	0.199999999968264
7.575	32.75	-6.17105590250837e-11	0.799999984041436	-1.09172515258233e-08	64.1895333991735	0.199999999950632
7.725	32.75	-8.87769687245219e-11	0.799999983861135	-1.06117778976555e-08	64.1655333996622	0.199999999928978
7.875	32.75	-1.20933063019148e-10	0.799999983688145	-1.03039070997952e-08	64.1415334001589	0.199999999903254
8.025	32.75	-1.57868392390901e-10	0.799999983522694	-9.99344751105223e-09	64.1175334006641	0.199999999873705
8.175	32.75	-1.98761872283948e-10	0.799999983364606	-9.68076438003075e-09	64.0935334011779	0.199999999840991
8.325	32.75	-2.42127207124578e-10	0.799999983214118	-9.36610565297799e-09	64.0695334017004	0.199999999806298
8.475	32.75	-2.85643653526153e-10	0.799999983071382	-9.04951230192018e-09	64.0455334022315	0.199999999771485
8.625	32.75	-3.2597833357174e-10	0.79999998293623	-8.73111880307164e-09	64.0215334027709	0.199999999739217
8.775	32.75	-3.58609251624554e-10	0.799999982809697	-8.41113039787873e-09	63.9975334033179	0.199999999713113
8.925	32.75	-3.7766157056681e-10	0.799999982691	-8.08961242052512e-09	63.9735334038712	0.199999999697871
9.075	32.75	-3.75773503968806e-10	0.799999982580394	-7.76690163833055e-09	63.949533404429	0.199999999699381
9.225	32.75	-3.44012270614304e-10	0.799999982478303	-7.44303689325921e-09	63.9255334049885	0.19999999972479
9.375	32.75	-2.71864774273481e-10	0.799999982384244	-7.11814615049589e-09	63.9015334055463	0.199999999782508
9.525	32.75	-1.47331790010845e-10	0.799999982298185	-6.79245569073211e-09	63.8775334060977	0.199999999882135
9.675	32.75	4.28418325529763e-11	0.799999982219783	-6.46610068149595e-09	63.8535334066367	0.200000000034273
9.825	32.75	3.12765459328866e-10	0.799999982148475	-6.13928988129878e-09	63.8295334071563	0.200000000250212
9.975	32.75	6.76792165626562e-10	0.799999982083662	-5.81194232830254e-09	63.8055334076478	0.200000000541434
10.125	32.75	1.1486620161377e-09	0.799999982024223	-5.48451708969251e-09	63.7815334081013	0.20000000091893
10.275	32.75	1.74036380311689e-09	0.799999981969156	-5.15682813594758e-09	63.7575334085058	0.200000001392291
10.425	32.75	2.46068480325984e-09	0.799999981917061	-4.82933510223485e-09	63.733533408849	0.200000001968548
10.575	32.75	3.31342639544748e-09	0.799999981865959	-4.50198457604342e-09	63.7095334091183	0.200000002650741
10.725	32.75	4.29527563049238e-09	0.79999998181387	-4.17490218838029e-09	63.6855334093009	0.200000003436221
10.875	32.75	5.3933395792126e-09	0.799999981758922	-3.8483595777011e-09	63.6615334093848	0.200000004314672
11.025	32.75	6.58237092091678e-09	0.799999981698181	-3.52251410341441e-09	63.6375334093598	0.200000005265897
11.175	32.75	7.82174003368083e-09	0.799999981629282	-3.19732140216051e-09	63.6135334092191	0.200000006257392
11.325	32.75	9.05224086229066e-09	0.799999981549558	-2.87299487409766e-09	63.5895334089603	0.200000007241793
11.475	32.75	1.01928548567942e-08	0.79999998145636	-2.54976266706083e-09	63.5655334085881	0.200000008154284
11.625	32.75	1.1137638757722e-08	0.799999981347542	-2.2276134339376e-09	63.5415334081159	0.200000008910111
11.775	32.75	1.17529470458197e-08	0.799999981221315	-1.90667707470442e-09	63.5175334075688	0.200000009402358
11.925	32.75	1.18752471550733e-08	0.799999981076629	-1.58717539663518e-09	63.493533406986	0.200000009500198
12.075	32.75	1.13098333147043e-08	0.799999980913085	-1.2691335424663e-09	63.4695334064241	0.200000009047867
12.225	32.75	9.8307909540605e-09	0.799999980732149	-9.5275252223751e-10	63.4455334059598	0.200000007864633
12.375	32.75	7.1826053891719e-09	0.799999980537205	-6.3801469825273e-10	63.4215334056927	0.200000005746084
12.525	32.75	3.08384310365902e-09	0.799999980332017	-3.25277450094202e-10	63.3975334057485	0.200000002467075
12.675	32.75	-2.76664177181421e-09	0.799999980124578	-1.44790219807604e-11	63.3735334062807	0.199999997786687
12.825	32.75	-1.06805123131842e-08	0.799999979925123	2.94261971580373e-10	63.3495334074722	0.19999999145559
12.975	32.75	-2.09673069750581e-08	0.799999979746382	6.00902789315938e-10	63.3255334095358	0.199999983226154
13.125	32.75	-3.39179171456252e-08	0.799999979605173	9.05150744266331e-10	63.3015334127131	0.199999972865666
13.275	32.75	-4.97837941493877e-08	0.79999997952139	1.20702371090779e-09	63.2775334172718	0.199999960172965
13.425	32.75	-6.87515594060908e-08	0.799999979519471	1.50642950140431e-09	63.2535334235003	0.199999944998752
13.575	32.75	-9.09127722070168e-08	0.799999979627413	1.8033083316615e-09	63.2295334317009	0.199999927269782
13.725	32.75	-1.16228701780792e-07	0.799999979877238	2.09740564232205e-09	63.2055334421779	0.199999907017039
13.875	32.75	-1.44490044176461e-07	0.799999980305544	2.38877666004105e-09	63.1815334552242	0.199999884407965
14.025	32.75	-1.75271604705547e-07	0.799999980952074	2.67727781660109e-09	63.1575334711017	0.199999859782716
14.175	32.75	-2.07882010883618e-07	0.799999981861016	2.96289066772077e-09	63.1335334900192	0.199999833694391
14.325	32.75	-2.41308497497545e-07	0.799999983080498	3.24542461193229e-09	63.1095335121034	0.199999806953202
14.475	32.75	-2.74156671391826e-07	0.799999984662841	3.52483866787525e-09	63.0855335373656	0.199999780674663
14.625	32.75	-3.04584860574263e-07	0.799999986665613	3.80106780316754e-09	63.0615335656617	0.199999756332112
14.775	32.75	-3.30232102666901e-07	0.799999989153184	4.07398902853001e-09	63.0375335966459	0.199999735814318
14.925	32.75	-3.48137928841629e-07	0.799999992198594	4.34360004022264e-09	63.0135336297171	0.199999721489657
15.075	32.75	-3.54650715745475e-07	0.799999995888048	4.60978351265439e-09	62.9895336639565	0.199999716279427
15.225	32.75	-3.45319331295418e-07	0.800000000328784	4.87249310202803e-09	62.9655336980567	0.199999723744535
15.375	32.75	-3.14759856135448e-07	0.800000005656475	5.13160915444663e-09	62.9415337302381	0.199999748192115
15.525	32.75	-2.56485012322778e-07	0.800000012052463	5.38717859789774e-09	62.9175337581512	0.19999979481199
15.675	32.75	-1.62678167231795e-07	0.800000019762167	5.63902980092931e-09	62.8935337787601	0.199999869857466
15.825	32.75	-2.38858643259465e-08	0.800000029126497	5.88703444314579e-09	62.8695337881997	0.199999980891309
15.975	32.75	1.7140795523115e-07	0.800000040621157	6.13134651161147e-09	62.8455337815986	0.200000137126364
16.125	32.75	4.37377498318385e-07	0.800000054916017	6.37174189038276e-09	62.8215337528521	0.200000349901999
16.275	32.75	7.91691643445027e-07	0.800000072950893	6.60816539485196e-09	62.7975336943271	0.200000633353315
16.425	32.75	1.25668927614457e-06	0.80000009604356	6.84074341919819e-09	62.7735335964702	0.200001005351421
16.575	32.75	1.8610270893149e-06	0.800000126035841	7.06922853025919e-09	62.7495334472801	0.200001488821671
16.725	32.75	2.6419815950902e-06	0.800000165489505	7.29367004165044e-09	62.7255332315908	0.200002113585276
16.875	32.75	3.64865152843094e-06	0.800000217952136	7.51395642313638e-09	62.7015329300902	0.200002918921223
17.025	32.75	4.9463930234717e-06	0.800000288315384	7.73010476658623e-09	62.6775325179724	0.200003957114419
17.175	32.75	6.62293534052583e-06	0.800000383298332	7.94198302672776e-09	62.6535319630835	0.200005298348272
17.325	32.75	8.79677997097955e-06	0.80000051209504	8.14967836619033e-09	62.6295312233703	0.200007037423977
17.475	32.75	1.1628695508717e-05	0.800000687252792	8.35297608713741e-09	62.6055302433749	0.200009302956407
17.625	32.75	1.53374053644688e-05	0.800000925858457	8.55197924857496e-09	62.5815289494237	0.200012269924292
17.775	32.75	2.02209521842716e-05	0.800001251140681	8.74669261709804e-09	62.5575272430382	0.200016176761747
17.925	32.75	2.66857443269094e-05	0.800001694625731	8.93675758145666e-09	62.5335249919264	0.200021348595462
18.075	32.75	3.5285983053467e-05	0.800002299017989	9.1225265908523e-09	62.5095220176869	0.200028228786443
18.225	32.75	4.67770781525371e-05	0.800003122026958	9.30360682798657e-09	62.4855180790571	0.200037421662522
18.375	32.75	6.21878488303352e-05	0.800004241454812	9.48019150938192e-09	62.4615128491312	0.200049750279064
18.525	32.75	8.2917892141201e-05	0.800005762023477	9.65193816952469e-09	62.4375058844395	0.200066334313713
18.675	32.75	0.000110868698587142	0.800007824705593	9.81895369564947e-09	62.4134965830598	0.20008869495887
18.825	32.75	0.000148620254855404	0.800010619661263	9.98085645483974e-09	62.3894841279588	0.200118896203884
18.975	32.75	0.000199669453949496	0.800014404209126	1.01377290002154e-08	62.3654674104124	0.20015973556316
19.125	32.75	0.000268753041647177	0.800019527277677	1.02891349592129e-08	62.3414449264809	0.200215002433318
19.275	32.75	0.000362286153950882	0.800026461368358	1.04348874501333e-08	62.3174146369323	0.200289828923161
19.425	32.75	0.000488957299503611	0.800035842360431	1.05745604543778e-08	62.2933737775564	0.200391165839603
19.575	32.75	0.000660531181591079	0.800048517404059	1.07074336952944e-08	62.269318602383	0.200528424945273
19.725	32.75	0.000892922198100835	0.800065603433899	1.08329004832776e-08	62.245244036834	0.200714337758481
19.875	32.75	0.00120761711094201	0.800088565267755	1.09499809641768e-08	62.2211432110561	0.200966093688754
20.025	32.75	0.00163355409989708	0.800119332672908	1.10571369167364e-08	62.1970068347639	0.201306843279918
20.175	32.75	0.00220962176739711	0.800160485232489	1.11526354225026e-08	62.1728223619238	0.201767697413918
20.325	32.75	0.00298804033444427	0.80021553057753	1.12339398717654e-08	62.1485728731638	0.202390432267555
20.475	32.75	0.00403902961670917	0.800289269321023	1.12980503680212e-08	62.1242355717815	0.203231223693367
20.625	32.75	0.00545732367717901	0.800388166674739	1.13405249026073e-08	62.09977974291	0.204365858941743
20.775	32.75	0.00737118398905062	0.800520542580958	1.13561845901248e-08	62.0751639672308	0.205896947191241
20.925	32.75	0.00995447746149091	0.800696285961552	1.13375640389945e-08	62.0503323221456	0.207963581969193
21.075	32.75	0.013442012035627	0.800925758198886	1.12757923732162e-08	62.0252092669214	0.210753609628502
21.225	32.75	0.0181476176355385	0.801217639127156	1.116047184952e-08	61.9996929237702	0.214518094108431
21.375	32.75	0.0244834935732087	0.801575705214461	1.09790433259819e-08	61.9736465626479	0.219586794858567
21.525	32.75	0.0329782630062697	0.801994868524299	1.07192926949079e-08	61.9468882917868	0.226382610405016
21.675	32.75	0.0442900722614199	0.802457170818119	1.0370631246848e-08	61.9191792550875	0.235432057809136
21.825	32.75	0.0592098319498222	0.802928782836564	9.92705691422971e-09	61.890211048878	0.247367865559858
21.975	32.75	0.0786480166639687	0.803359396147964	9.39041002728232e-09	61.8595936213254	0.262918413331175
22.125	32.75	0.103596190665873	0.803685579291294	8.77243557119176e-09	61.826845655547	0.282876952532698
22.275	32.75	0.135052302979279	0.803839324472859	8.09486051625822e-09	61.7913903830861	0.308041842383423
22.425	32.75	0.173898993815113	0.803761740618504	7.38747504885454e-09	61.7525608115997	0.33911919505209
22.575	32.75	0.220730585210963	0.803419692248022	6.68315151259963e-09	61.7096190727385	0.37658446816877
22.725	32.75	0.2756415271095	0.802820789128603	6.01286697545248e-09	61.6617941983433	0.4205132216876
22.875	32.75	0.338017856669457	0.80202057727327	5.40111148930741e-09	61.6083400457962	0.470414285335566
23.025	32.75	0.406404723759655	0.801116450127939	4.86378988999814e-09	61.5486096173386	0.525123779007724
23.175	32.75	0.478534572643581	0.800226928210355	4.40766857076415e-09	61.4821344564813	0.582827658114865
23.325	32.75	0.551566087097365	0.799461970723826	4.03227784509831e-09	61.4086913013798	0.641252869677892
23.475	32.75	0.622501308258436	0.798895929420701	3.73186972720993e-09	61.3283372716038	0.698001046606749
23.625	32.75	0.688659258162599	0.798554409603979	3.49767156553568e-09	61.2414022429201	0.750927406530079
23.775	32.75	0.748051810435299	0.798418743229031	3.31986164662151e-09	61.1484403540706	0.79844144834824
23.925	32.75	0.799557781341722	0.798442568333296	3.18853466794874e-09	61.0501550576005	0.839646225073378
24.075	32.75	0.842886470541129	0.798570849115161	3.0948303178087e-09	60.947317567539	0.874309176432903
24.225	32.75	0.878398156148128	0.798753960753838	3.03091791356927e-09	60.8406957111765	0.902718524918502
24.375	32.75	0.906872100511568	0.798954491558311	2.99030899130448e-09	60.7310025683716	0.925497680409254
24.525	32.75	0.929292198209457	0.799148194988206	2.9676849882195e-09	60.6188665525696	0.943433758567566
24.675	32.75	0.946685094112527	0.799321771356079	2.95876233711018e-09	60.5048195527965	0.957348075290021
24.825	32.75	0.960016774662233	0.799469690818686	2.96018628436977e-09	60.3892978047661	0.968013419729787
24.975	32.75	0.970138073090948	0.799591291527155	2.96932114730086e-09	60.2726503359826	0.976110458472759
25.125	32.75	0.977764769241755	0.799688595651086	2.98405794472944e-09	60.155150978117	0.982211815393404
25.275	32.75	0.983479107290201	0.799764850568819	3.00290029263136e-09	60.0370112597975	0.986783285832161
25.425	32.75	0.987742791121998	0.79982363931382	3.02461132502159e-09	59.9183926019759	0.990194232897598
25.575	32.75	0.990914817876298	0.799868385265167	3.04827409494704e-09	59.7994170333024	0.992731854301038
25.725	32.75	0.993270126796929	0.799902110195886	3.07320131741006e-09	59.6801761543855	0.994616101437543
25.875	32.75	0.995016874808901	0.799927346614214	3.09887757176062e-09	59.56073837779	0.996013499847121
26.025	32.75	0.996311339964474	0.799946138900848	3.12493913491476e-09	59.4411546235482	0.997049071971579
26.175	32.75	0.997270176125652	0.799960091059716	3.15109180459402e-09	59.3214627111645	0.997816140900522
26.325	32.75	0.997980145943968	0.79997043440075	3.17714384166604e-09	59.2016906962675	0.998384116755175
26.475	32.75	0.998505654706422	0.7999780988807	3.20293304052018e-09	59.0818593784906	0.998804523765138
26.625	32.75	0.998894473357447	0.799983778951321	3.22833467561708e-09	58.961984173045	0.999115578685958
26.775	32.75	0.999182029808024	0.799987989624613	3.25332034922353e-09	58.8420765016167	0.99934562384642
26.925	32.75	0.999394600869884	0.799991111607638	3.27778334682423e-09	58.7221448240767	0.999515680695907
27.075	32.75	0.999551676930969	0.799993426199024	3.30169758929222e-09	58.602195403476	0.999641341544775
27.225	32.75	0.999667711987456	0.799995141510351	3.32505716043686e-09	58.4822328735389	0.999734169589965
27.375	32.75	0.999753419908686	0.7999964118137	3.34783237592609e-09	58.3622606599338	0.999802735926949
27.525	32.75	0.999816736207305	0.799997351686422	3.37000413703843e-09	58.24228129316	0.999853388965844
27.675	32.75	0.999863532816552	0.799998046334968	3.39158384926268e-09	58.1222966409596	0.999890826253242
27.825	32.75	0.999898149900248	0.799998559155197	3.41255635194358e-09	58.0023080808947	0.999918519920199
27.975	32.75	0.999923791678227	0.799998937304406	3.43294650592937e-09	57.882316628397	0.999939033342581
28.125	32.75	0.999942820940959	0.799999215833309	3.45275082230842e-09	57.7623230316817	0.999954256752767
28.275	32.75	0.999956977996983	0.799999420765599	3.47195774207945e-09	57.6423278420156	0.999965582397586
28.425	32.75	0.999967543255885	0.799999571399394	3.49058646489749e-09	57.5223314656707	0.999974034604708
28.575	32.75	0.999975457806072	0.799999682028163	3.50866361364604e-09	57.4023342022873	0.999980366244858
28.725	32.75	0.999981412728986	0.799999763225988	3.52617732938782e-09	57.2823362731616	0.999985130183189
28.875	32.75	0.999985915176944	0.799999822806467	3.54313929897854e-09	57.1623378420745	0.999988732141555
29.025	32.75	0.999989337201698	0.799999866535816	3.55959232580796e-09	57.0423390306051	0.999991469761359
29.175	32.75	0.999991951790882	0.799999898663565	3.57549457531675e-09	56.9223399293707	0.999993561432705
29.325	32.75	0.999993959424983	0.799999922315744	3.59087231385262e-09	56.802340606262	0.999995167539986
29.475	32.75	0.999995507614459	0.799999939787213	3.60575799800987e-09	56.6823411124662	0.999996406091568
29.625	32.75	0.999996705242196	0.79999995275839	3.62014374423389e-09	56.5623414868638	0.999997364193757
29.775	32.75	0.999997633065883	0.799999962456178	3.63403771759999e-09	56.4423417592322	0.999998106452706
29.925	32.75	0.999998351385304	0.799999969772934	3.64746809891995e-09	56.3223419525783	0.999998681108243
30.075	32.75	0.999998905620671	0.79999997535575	3.66044674623449e-09	56.2023420848343	0.999999124496537
30.225	32.75	0.999999330355721	0.799999979671427	3.67296097612329e-09	56.0823421700924	0.999999464284577
30.375	32.75	0.999999652255998	0.799999983055635	3.6850371401408e-09	55.9623422195046	0.999999721804798
30.525	32.75	0.999999892166622	0.799999985748766	3.69665522029288e-09	55.8423422419425	0.999999913733297
30.675	32.75	1.00000006661444	0.799999987922331	3.70786934119942e-09	55.722342244484	1.00000005329155
30.825	32.75	1.00000018888044	0.799999989698693	3.71867526800458e-09	55.6023422327759	1.00000015110436
30.975	32.75	1.00000026976429	0.799999991165228	3.72908412528997e-09	55.4823422113093	1.00000021581143
31.125	32.75	1.00000031813024	0.799999992384613	3.7390953423704e-09	55.3623421836316	1.00000025450419
31.275	32.75	1.00000034129914	0.799999993402438	3.74872685743593e-09	55.2423421525129	1.00000027303931
31.425	32.75	1.00000034533337	0.79999999425247	3.75797673105383e-09	55.1223421200814	1.00000027626669
31.575	32.75	1.00000033524796	0.799999994960468	3.76685759280452e-09	55.0023420879332	1.00000026819837
31.725	32.75	1.00000031517156	0.799999995546794	3.7754148388415e-09	54.8823420572257	1.00000025213725
31.875	32.75	1.00000028847337	0.799999996028055	3.78360451129519e-09	54.7623420287562	1.0000002307787
32.025	32.75	1.00000025786737	0.799999996418473	3.7914443546806e-09	54.6423420030304	1.0000002062939
32.175	32.75	1.00000022550097	0.799999996730489	3.79898708889696e-09	54.5223419803202	1.00000018040077
32.325	32.75	1.00000019303283	0.799999996975286	3.80620439910172e-09	54.402341960715	1.00000015442626
32.475	32.75	1.00000016170285	0.799999997163013	3.81310896182836e-09	54.2823419441653	1.00000012936228
32.625	32.75	1.00000013239567	0.799999997303031	3.81971401405579e-09	54.1623419305192	1.00000010591654
32.775	32.75	1.00000010569879	0.799999997403721	3.82605582691204e-09	54.0423419195544	1.00000008455903
32.925	32.75	1.0000000819555	0.799999997472801	3.83208233511088e-09	53.9223419110039	1.0000000655644
33.075	32.75	1.00000006131281	0.799999997517199	3.83783946896183e-09	53.8023419045771	1.00000004905025
33.225	32.75	1.00000004376436	0.799999997542827	3.84334283053453e-09	53.6823418999767	1.00000003501149
33.375	32.75	1.00000002918825	0.799999997555092	3.84858768696671e-09	53.5623418969115	1.0000000233506
33.525	32.75	1.0000000173799	0.799999997558307	3.85357812500809e-09	53.442341895106	1.00000001390392
33.675	32.75	1.00000000808003	0.799999997556352	3.85833958222694e-09	53.3223418943071	1.00000000646403
33.825	32.75	1.00000000099792	0.799999997552185	3.8628568924996e-09	53.2023418942878	1.00000000079833
33.975	32.75	0.999999995830294	0.799999997548144	3.86716346658346e-09	53.0823418948498	0.999999996664236
34.125	32.75	0.999999992276156	0.799999997546032	3.87124557162318e-09	52.9623418958239	0.999999993820924
34.275	32.75	0.999999990047897	0.799999997547174	3.8751214108783e-09	52.842341897069	0.999999992038318
34.425	32.75	0.999999988879285	0.799999997552365	3.8787926667775e-09	52.7223418984706	0.999999991103428
34.575	32.75	0.999999988530646	0.799999997562044	3.88226570132084e-09	52.6023418999385	0.999999990824517
34.725	32.75	0.999999988791744	0.79999999757637	3.88554747049831e-09	52.4823419014041	0.999999991033395
34.875	32.75	0.999999989482807	0.79999999759534	3.88865372766176e-09	52.3623419028176	0.999999991586246
35.025	32.75	0.999999990454011	0.79999999761861	3.89158994349743e-09	52.2423419041448	0.999999992363209
35.175	32.75	0.999999991583959	0.799999997645896	3.89435863594626e-09	52.1223419053648	0.999999993267168
35.325	32.75	0.999999992777338	0.799999997676707	3.89695961240506e-09	52.0023419064669	0.99999999422187
35.475	32.75	0.999999993962089	0.799999997710548	3.89941679483395e-09	51.8823419074486	0.999999995169671
35.625	32.75	0.999999995086368	0.799999997746926	3.90173048302271e-09	51.762341908313	0.999999996069094
35.775	32.75	0.999999996115364	0.799999997785351	3.90389947057549e-09	51.6423419090679	0.999999996892291
35.925	32.75	0.999999997028282	0.799999997825393	3.90593257462097e-09	51.5223419097233	0.999999997622625
36.075	32.75	0.999999997815453	0.799999997866594	3.90783513059079e-09	51.4023419102909	0.999999998252363
36.225	32.75	0.999999998475754	0.799999997908597	3.90960642725046e-09	51.2823419107828	0.999999998780603
36.375	32.75	0.999999999014286	0.799999997951154	3.91128696061974e-09	51.1623419112109	0.999999999211429
36.525	32.75	0.999999999440458	0.79999999799391	3.91283004978041e-09	51.0423419115867	0.999999999552366
36.675	32.75	0.99999999976633	0.799999998036756	3.91428190273954e-09	50.9223419119202	0.999999999813064
36.825	32.75	1.00000000000534	0.799999998079436	3.91563406239273e-09	50.8023419122205	1.00000000000427
36.975	32.75	1.00000000017135	0.799999998121948	3.91689399567044e-09	50.6823419124954	1.00000000013708
37.125	32.75	1.00000000027792	0.799999998164142	3.91805411294004e-09	50.5623419127511	1.00000000022233
37.275	32.75	1.0000000003377	0.799999998205908	3.91914620743088e-09	50.4423419129928	1.00000000027016
37.425	32.75	1.00000000036182	0.799999998247171	3.92014823297624e-09	50.3223419132244	1.00000000028946
37.575	32.75	1.00000000035913	0.799999998287793	3.92108660364049e-09	50.2023419134492	1.0000000002873
37.725	32.75	1.00000000033566	0.799999998327937	3.92195255320224e-09	50.0823419136692	1.00000000026853
37.875	32.75	1.00000000029551	0.799999998368234	3.92275354696453e-09	49.9623419138863	1.00000000023641
38.025	32.75	1.00000000024451	0.799999998409674	3.92349252970536e-09	49.842341914102	1.00000000019561
38.175	32.75	1.00000000019655	0.799999998452927	3.92418707968541e-09	49.7223419143165	1.00000000015724
38.325	32.75	1.00000000017805	0.799999998496505	3.92481387237913e-09	49.6023419145284	1.00000000014244
38.475	32.75	1.0000000002182	0.799999998534239	3.92541720347462e-09	49.4823419147334	1.00000000017456
38.625	32.75	1.00000000031037	0.799999998555481	3.92597228879085e-09	49.3623419149262	1.0000000002483
38.775	32.75	1.000000000346	0.799999998553725	3.92648375635874e-09	49.2423419151071	1.0000000002768
38.925	32.75	1.00000000007386	0.79999999854702	3.92696647958012e-09	49.1223419152937	1.00000000005909
39.075	32.75	0.999999999212021	0.799999998601376	3.92742089063598e-09	49.0023419155289	0.999999999369617
39.225	32.75	0.999999997861577	0.799999998825831	3.92785356424337e-09	48.8823419158645	0.999999998289261
39.375	32.75	0.999999997187155	0.799999999281594	3.92825975630937e-09	48.7623419162917	0.999999997749724
39.525	32.75	0.999999999800268	0.799999999775328	3.92864815228541e-09	48.6423419166201	0.999999999840215
39.675	32.75	1.0000000085499	0.799999999628253	3.92901919503695e-09	48.5223419163975	1.00000000683992
39.825	32.75	1.00000002228111	0.79999999775777	3.92936432294754e-09	48.4023419150901	1.00000001782489
39.975	32.75	1.00000002906866	0.799999993600401	3.92973010546008e-09	48.2823419127922	1.00000002325493
40.125	32.75	1.00000000269436	0.799999989140742	3.93008367908843e-09	48.1623419114288	1.00000000215549
40.275	32.75	0.999999915051608	0.799999991055547	3.93042829153263e-09	48.0423419155326	0.999999932041287
40.425	32.75	0.999999777875206	0.800000009730326	3.93078380835686e-09	47.9223419304222	0.999999822300164
40.575	32.75	0.999999707649953	0.800000050270113	3.93113283475227e-09	47.8023419552615	0.999999766119962
40.725	32.75	0.999999957517784	0.800000093486418	3.93149335587378e-09	47.6823419714724	0.999999966014227
40.875	32.75	1.00000079734943	0.800000076693945	3.93185380456081e-09	47.5623419353722	1.00000063787954
41.025	32.75	1.00000212196183	0.799999904178538	3.93223276467339e-09	47.4423417953731	1.00000169756947
41.175	32.75	1.00000285290252	0.799999530049781	3.93263157043335e-09	47.322341556702	1.00000228232202
41.325	32.75	1.00000065163093	0.799999127799479	3.93305374663544e-09	47.2023413886012	1.00000052130474
41.475	32.75	0.999993003857963	0.799999255358159	3.93350685015544e-09	47.0823416932492	0.999994403086371
41.625	32.75	0.999980706637759	0.800000755967113	3.93400196228915e-09	46.9623429552518	0.999984565310208
41.775	32.75	0.999973138464067	0.800004040596363	3.93450399539087e-09	46.8423451707881	0.999978510771254
41.925	32.75	0.999990827520859	0.800007657516357	3.9349595141972e-09	46.7223469005139	0.999992662016687
42.075	32.75	1.00005637953648	0.800006936141315	3.93529448542637e-09	46.6023446346661	1.00004510362918
42.225	32.75	1.00016528886138	0.799994824020818	3.93550415333042e-09	46.4823339947066	1.00013223108911
42.375	32.75	1.00024184955261	0.799967674097283	3.93585958434853e-09	46.3623144522038	1.00019347964209
42.525	32.75	1.0001163362841	0.799936550379481	3.93687456465382e-09	46.2422972592397	1.00009306902728
42.675	32.75	0.99959422690421	0.799937860582357	3.93917154314054e-09	46.122311152295	0.999675381523368
42.825	32.75	0.998683926302561	0.800027372379814	3.94275168941807e-09	46.0023938034479	0.998947141042049
42.975	32.75	0.997944673224071	0.800237006766963	3.94583654455719e-09	45.8825556353767	0.998355738579257
43.125	32.75	0.998684258978043	0.800490005409656	3.94430218524232e-09	45.7627174410691	0.998947407182435
43.275	32.75	1.00248296175504	0.80052297508996	3.9331788302892e-09	45.6426614107629	1.00198636940403
43.425	32.75	1.00955927622826	0.799934825525358	3.91189889613177e-09	45.5220835082387	1.00764742098261
43.575	32.75	1.01623380735747	0.798479881567958	3.89207916964407e-09	45.4008457315945	1.01298704588598
43.725	32.75	1.01328677097927	0.796573391799249	3.90197023030349e-09	45.27942857531	1.01062941678342
43.875	32.75	0.988680897761763	0.795833250601659	3.98041861813834e-09	45.1593335808807	0.99094471820941
44.025	32.75	0.938367896700555	0.799351007288279	4.15017980552972e-09	45.0428405484323	0.950694317360444
44.175	32.75	0.884673133561694	0.810192428694856	4.34816649673159e-09	44.9313520428191	0.907738506849355
44.325	32.75	0.889127901636233	0.824441952891111	4.3327243703126e-09	44.822207688787	0.911302321308986
44.475	32.75	1.03257195120098	0.826489829147639	3.84904412220586e-09	44.7059572831829	1.02605756096079
44.625	32.75	1.34924434148103	0.808622133109195	3.08694444322347e-09	44.5677998473108	1.27939547318482
44.775	32.75	1.76408811753192	0.709537047626859	2.45078865324558e-09	44.3955930341978	1.61127049402553
44.925	32.75	2.1115450656086	0.83463681430775	2.08991978261489e-09	44.2248230145331	1.88923605248688
0.075	33.25	3.47473593987328e-16	0.399999999817908	-1.84985001984336e-08	65.3895333876379	0.2
0.225	33.25	1.09796498662293e-15	0.799999999453461	-1.84911834131244e-08	65.3655333876489	0.200000000000001
0.375	33.25	2.54818929932358e-15	0.799999999089556	-1.84765494401337e-08	65.3415333876707	0.200000000000002
0.525	33.25	4.61626581639273e-15	0.799999998725932	-1.84545877556677e-08	65.3175333877035	0.200000000000004
0.675	33.25	7.14881700731036e-15	0.799999998363208	-1.84253591046799e-08	65.2935333877472	0.200000000000006
0.825	33.25	9.93588427708282e-15	0.799999998000935	-1.8388875049623e-08	65.2695333878017	0.200000000000008
0.975	33.25	1.27379704474751e-14	0.799999997639665	-1.83451604096212e-08	65.2455333878671	0.20000000000001
1.125	33.25	1.52997074257233e-14	0.799999997279833	-1.82941309886212e-08	65.2215333879433	0.200000000000012
1.275	33.25	1.73403389073348e-14	0.799999996921113	-1.82360389775248e-08	65.1975333880303	0.200000000000014
1.425	33.25	1.8524124737343e-14	0.799999996563832	-1.81707844831066e-08	65.173533388128	0.200000000000015
1.575	33.25	1.84215049085591e-14	0.799999996208288	-1.80982951599623e-08	65.1495333882365	0.200000000000015
1.725	33.25	1.64738684028564e-14	0.799999995854392	-1.80188919815636e-08	65.1255333883555	0.200000000000013
1.875	33.25	1.19727217450001e-14	0.799999995502618	-1.79324550531155e-08	65.1015333884852	0.20000000000001
2.025	33.25	4.06047168814026e-15	0.799999995153118	-1.7838956357463e-08	65.0775333886254	0.200000000000003
2.175	33.25	-8.24291965948118e-15	0.799999994805653	-1.7738697428577e-08	65.053533388776	0.199999999999993
2.325	33.25	-2.59845095521082e-14	0.799999994461215	-1.76314555753081e-08	65.029533388937	0.199999999999979
2.475	33.25	-5.01910925687202e-14	0.799999994118989	-1.75175057498315e-08	65.0055333891084	0.19999999999996
2.625	33.25	-8.17460224677256e-14	0.799999993779401	-1.73968793920068e-08	64.9815333892899	0.199999999999935
2.775	33.25	-1.21225243623444e-13	0.799999993443237	-1.72694971479784e-08	64.9575333894816	0.199999999999903
2.925	33.25	-1.68687694414977e-13	0.79999999310976	-1.71358717905438e-08	64.9335333896834	0.199999999999865
3.075	33.25	-2.23416650647479e-13	0.799999992779891	-1.69954775498943e-08	64.9095333898951	0.199999999999821
3.225	33.25	-2.83611673820767e-13	0.7999999924533	-1.68488676998442e-08	64.8855333901166	0.199999999999773
3.375	33.25	-3.46035691892934e-13	0.799999992130176	-1.66959630394545e-08	64.8615333903479	0.199999999999723
3.525	33.25	-4.05628547015482e-13	0.799999991810747	-1.65367782914216e-08	64.8375333905889	0.199999999999676
3.675	33.25	-4.55107088746474e-13	0.799999991495421	-1.63716587524722e-08	64.8135333908393	0.199999999999636
3.825	33.25	-4.84582707128551e-13	0.799999991184014	-1.62003937088656e-08	64.7895333910992	0.199999999999612
3.975	33.25	-4.81239935188706e-13	0.799999990876361	-1.60232773847614e-08	64.7655333913684	0.199999999999615
4.125	33.25	-4.29134297000236e-13	0.799999990573219	-1.58405604344678e-08	64.7415333916467	0.199999999999657
4.275	33.25	-3.09183358235237e-13	0.799999990274955	-1.56519058734863e-08	64.7175333919341	0.199999999999753
4.425	33.25	-9.94412959437367e-14	0.799999989980164	-1.54576586048013e-08	64.6935333922303	0.19999999999992
4.575	33.25	2.24237062437868e-13	0.799999989690702	-1.525817089476e-08	64.6695333925353	0.200000000000179
4.725	33.25	6.87023356375984e-13	0.799999989405614	-1.50532520835358e-08	64.6455333928488	0.20000000000055
4.875	33.25	1.31330565268495e-12	0.79999998912592	-1.48431762496668e-08	64.6215333931708	0.200000000001051
5.025	33.25	2.12411097534709e-12	0.799999988850638	-1.4627991096361e-08	64.597533393501	0.200000000001699
5.175	33.25	3.13363849236812e-12	0.79999998858062	-1.44078262183694e-08	64.5735333938394	0.200000000002507
5.325	33.25	4.34480360102642e-12	0.799999988315835	-1.41829601942398e-08	64.5495333941856	0.200000000003476
5.475	33.25	5.74373330475146e-12	0.799999988055837	-1.39531772214642e-08	64.5255333945396	0.200000000004595
5.625	33.25	7.29321544210537e-12	0.799999987801999	-1.37190176429198e-08	64.5015333949011	0.200000000005835
5.775	33.25	8.92519286877892e-12	0.799999987552669	-1.34803099893705e-08	64.4775333952701	0.20000000000714
5.925	33.25	1.05325121304827e-11	0.799999987309414	-1.32373766295095e-08	64.4535333956462	0.200000000008426
6.075	33.25	1.19602875927945e-11	0.799999987071746	-1.29902166663617e-08	64.4295333960295	0.200000000009568
6.225	33.25	1.29974276212492e-11	0.799999986839612	-1.27390194257336e-08	64.4055333964196	0.200000000010398
6.375	33.25	1.33690888264056e-11	0.799999986613052	-1.24841078878661e-08	64.3815333968166	0.200000000010695
6.525	33.25	1.27310738585967e-11	0.799999986392413	-1.22252067121957e-08	64.3575333972203	0.200000000010185
6.675	33.25	1.06674608710372e-11	0.799999986177979	-1.19628547156896e-08	64.3335333976306	0.200000000008534
6.825	33.25	6.69303663665779e-12	0.799999985968993	-1.16969641888386e-08	64.3095333980476	0.200000000005354
6.975	33.25	2.62383716779753e-13	0.799999985766277	-1.14278648188858e-08	64.2855333984712	0.20000000000021
7.125	33.25	-9.2122782923485e-12	0.799999985569477	-1.11554684788416e-08	64.2615333989015	0.19999999999263
7.275	33.25	-2.2332205871428e-11	0.799999985379004	-1.08802045563279e-08	64.2375333993388	0.199999999982134
7.425	33.25	-3.96698108605494e-11	0.799999985194797	-1.06020287899554e-08	64.2135333997831	0.199999999968264
7.575	33.25	-6.17105588885829e-11	0.799999985016831	-1.03209538536187e-08	64.1895334002347	0.199999999950632
7.725	33.25	-8.87769685592182e-11	0.799999984845555	-1.00374150802867e-08	64.1655334006939	0.199999999928978
7.875	33.25	-1.20933062821583e-10	0.799999984680846	-9.75139729576364e-09	64.141533401161	0.199999999903254
8.025	33.25	-1.57868392166866e-10	0.799999984522851	-9.46308984967533e-09	64.1175334016363	0.199999999873705
8.175	33.25	-1.98761872036003e-10	0.799999984371482	-9.17271151647929e-09	64.09353340212	0.199999999840991
8.325	33.25	-2.42127206866273e-10	0.799999984227886	-8.8801269069377e-09	64.0695334026122	0.199999999806298
8.475	33.25	-2.85643653270496e-10	0.799999984091111	-8.58580981832001e-09	64.0455334031128	0.199999999771485
8.625	33.25	-3.25978333344138e-10	0.799999983961672	-8.28983212979834e-09	64.0215334036215	0.199999999739217
8.775	33.25	-3.58609251453518e-10	0.799999983839864	-7.99224960089071e-09	63.9975334041377	0.199999999713113
8.925	33.25	-3.77661570493542e-10	0.799999983725752	-7.69328602174268e-09	63.97353340466	0.199999999697871
9.075	33.25	-3.75773504041881e-10	0.79999998361938	-7.39293859697176e-09	63.9495334051866	0.199999999699381
9.225	33.25	-3.44012270893148e-10	0.799999983520817	-7.09151826508391e-09	63.925533405715	0.19999999972479
9.375	33.25	-2.71864774828672e-10	0.799999983429803	-6.78913263261712e-09	63.9015334062415	0.199999999782508
9.525	33.25	-1.47331790918659e-10	0.799999983346353	-6.48579910321527e-09	63.8775334067614	0.199999999882135
9.675	33.25	4.28418312034344e-11	0.799999983269993	-6.18177784812456e-09	63.853533407269	0.200000000034273
9.825	33.25	3.12765457452581e-10	0.799999983200271	-5.87716741838008e-09	63.829533407757	0.200000000250212
9.975	33.25	6.76792163128396e-10	0.799999983136597	-5.57218760925941e-09	63.8055334082169	0.200000000541434
10.125	33.25	1.14866201294214e-09	0.799999983077937	-5.26680574895785e-09	63.7815334086388	0.20000000091893
10.275	33.25	1.74036379914822e-09	0.799999983023136	-4.96132819816734e-09	63.7575334090117	0.200000001392291
10.425	33.25	2.46068479848352e-09	0.799999982970644	-4.65576224738575e-09	63.7335334093233	0.200000001968548
10.575	33.25	3.31342638984811e-09	0.799999982918807	-4.3502971954092e-09	63.709533409561	0.200000002650741
10.725	33.25	4.29527562412313e-09	0.799999982865859	-4.045182054069e-09	63.685533409712	0.200000003436221
10.875	33.25	5.39333957217606e-09	0.799999982809103	-3.74026155820545e-09	63.6615334097643	0.200000004314672
11.025	33.25	6.58237091341453e-09	0.799999982746387	-3.43586455425005e-09	63.6375334097079	0.200000005265897
11.175	33.25	7.82174002600422e-09	0.79999998267486	-3.13207282435654e-09	63.6135334095358	0.200000006257392
11.325	33.25	9.05224085485949e-09	0.799999982592342	-2.82908286424166e-09	63.5895334092457	0.200000007241793
11.475	33.25	1.01928548501638e-08	0.799999982496111	-2.52686941977461e-09	63.5655334088422	0.200000008154284
11.625	33.25	1.11376387525971e-08	0.799999982383447	-2.22560629080227e-09	63.5415334083389	0.200000008910111
11.775	33.25	1.17529470430807e-08	0.799999982253155	-1.92550059086185e-09	63.5175334077607	0.200000009402358
11.925	33.25	1.18752471557589e-08	0.79999998210393	-1.62648914304852e-09	63.4935334071471	0.200000009500198
12.075	33.25	1.13098333200454e-08	0.799999981935578	-1.32888959842595e-09	63.4695334065545	0.200000009047867
12.225	33.25	9.83079096542439e-09	0.799999981749521	-1.03268938505034e-09	63.4455334060595	0.200000007864633
12.375	33.25	7.18260540810119e-09	0.7999999815486	-7.38003397011632e-10	63.421533405762	0.200000005746084
12.525	33.25	3.08384313176836e-09	0.79999998133761	-4.45063904152422e-10	63.3975334057875	0.200000002467075
12.675	33.25	-2.76664173281455e-09	0.799999981124007	-1.538109150357e-10	63.3735334062896	0.199999997786687
12.825	33.25	-1.06805122616296e-08	0.799999980917607	1.35666609169364e-10	63.3495334074513	0.19999999145559
12.975	33.25	-2.09673069093445e-08	0.799999980731863	4.23112006431891e-10	63.3255334094852	0.199999983226155
13.125	33.25	-3.39179170643819e-08	0.799999980583125	7.0849903292214e-10	63.3015334126331	0.199999972865666
13.275	33.25	-4.97837940515459e-08	0.799999980492014	9.91804116443436e-10	63.2775334171625	0.199999960172965
13.425	33.25	-6.87515592910872e-08	0.799999980481787	1.2728198062442e-09	63.2535334233621	0.199999944998753
13.575	33.25	-9.09127720749205e-08	0.799999980581599	1.55150567007681e-09	63.2295334315339	0.199999927269782
13.725	33.25	-1.16228701632512e-07	0.79999998082274	1.82782371680554e-09	63.2055334419824	0.199999907017039
13.875	33.25	-1.44490044013942e-07	0.799999981242078	2.10152233794605e-09	63.1815334550004	0.199999884407965
14.025	33.25	-1.75271604531995e-07	0.799999981879478	2.3726865643047e-09	63.15753347085	0.199999859782716
14.175	33.25	-2.07882010703703e-07	0.799999982778785	2.64115420301034e-09	63.1335334897398	0.199999833694391
14.325	33.25	-2.41308497317698e-07	0.799999983988512	2.90688423707651e-09	63.1095335117966	0.199999806953202
14.475	33.25	-2.74156671220389e-07	0.799999985560759	3.16974757714292e-09	63.0855335370317	0.199999780674663
14.625	33.25	-3.0458486042182e-07	0.799999987553402	3.42964641536615e-09	63.061533565301	0.199999756332112
14.775	33.25	-3.30232102546432e-07	0.799999990030391	3.68664083413757e-09	63.0375335962588	0.199999735814318
14.925	33.25	-3.4813792876898e-07	0.799999993064837	3.94056490173872e-09	63.0135336293038	0.199999721489657
15.075	33.25	-3.54650715739344e-07	0.799999996743508	4.19128758079915e-09	62.9895336635174	0.199999716279427
15.225	33.25	-3.4531933137816e-07	0.800000001172785	4.43883558472737e-09	62.9655336975921	0.199999723744535
15.375	33.25	-3.14759856332967e-07	0.800000006489262	4.68316696995388e-09	62.9415337297483	0.199999748192115
15.525	33.25	-2.56485012665799e-07	0.800000012873351	4.92404965398976e-09	62.9175337576366	0.19999979481199
15.675	33.25	-1.62678167755961e-07	0.800000020571425	5.16162033105589e-09	62.893533778221	0.199999869857466
15.825	33.25	-2.38858650738236e-08	0.800000029923495	5.39578980970532e-09	62.8695337876366	0.199999980891308
15.975	33.25	1.71407954209295e-07	0.800000041406094	5.62638691666024e-09	62.8455337810117	0.200000137126363
16.125	33.25	4.37377496961247e-07	0.800000055688299	5.85342201821297e-09	62.8215337522419	0.200000349901998
16.275	33.25	7.91691641678009e-07	0.800000073710329	6.07686270837106e-09	62.7975336936939	0.200000633353313
16.425	33.25	1.25668927387398e-06	0.800000096790536	6.29655144964065e-09	62.7735335958144	0.200001005351419
16.575	33.25	1.8610270864227e-06	0.800000126769848	6.51257505942321e-09	62.7495334466021	0.200001488821669
16.725	33.25	2.64198159142405e-06	0.800000166210342	6.7247683694751e-09	62.725533230891	0.200002113585273
16.875	33.25	3.64865152379347e-06	0.800000218659553	6.93312972300835e-09	62.701532929369	0.200002918921219
17.025	33.25	4.94639301760315e-06	0.800000289009672	7.13773077497996e-09	62.6775325172301	0.200003957114414
17.175	33.25	6.62293533308378e-06	0.800000383979109	7.3384336557519e-09	62.6535319623206	0.200005298348266
17.325	33.25	8.79677996150914e-06	0.800000512761968	7.53512881453481e-09	62.6295312225872	0.200007037423969
17.475	33.25	1.16286954966143e-05	0.800000687905827	7.72790912978398e-09	62.605530242572	0.200009302956397
17.625	33.25	1.53374053489283e-05	0.800000926497703	7.91646934303601e-09	62.5815289486014	0.200012269924279
17.775	33.25	2.02209521642217e-05	0.800001251766089	8.10102045940764e-09	62.5575272421969	0.200016176761731
17.925	33.25	2.66857443009268e-05	0.800001695236643	8.28152935896658e-09	62.5335249910665	0.200021348595441
18.075	33.25	3.52859830196637e-05	0.800002299614812	8.4577872815141e-09	62.509522016809	0.200028228786416
18.225	33.25	4.67770781084148e-05	0.800003122609633	8.62970739351313e-09	62.4855180781614	0.200037421662487
18.375	33.25	6.2187848772596e-05	0.800004242022982	8.79734306628714e-09	62.4615128482183	0.200049750279018
18.525	33.25	8.29178920655041e-05	0.800005762577329	8.96063410100369e-09	62.4375058835098	0.200066334313652
18.675	33.25	0.00011086869848778	0.800007825244729	9.11934820623728e-09	62.4134965821137	0.20008869495879
18.825	33.25	0.000148620254724906	0.800010620185681	9.27355212618951e-09	62.3894841269968	0.20011889620378
18.975	33.25	0.000199669453778092	0.800014404718941	9.42285705397742e-09	62.3654674094349	0.200159735563022
19.125	33.25	0.000268753041422137	0.800019527772572	9.5671014534672e-09	62.3414449254882	0.200215002433138
19.275	33.25	0.000362286153655655	0.800026461848581	9.7059447830607e-09	62.317414635925	0.200289828922925
19.425	33.25	0.00048895729911667	0.800035842825659	9.83916771704164e-09	62.293373776535	0.200391165839293
19.575	33.25	0.000660531181084574	0.800048517854536	9.96618544708119e-09	62.2693186013479	0.200528424944868
19.725	33.25	0.000892922197438846	0.800065603869365	1.00862067122148e-08	62.2452440357856	0.200714337757951
19.875	33.25	0.00120761711007845	0.800088565688419	1.0198213510495e-08	62.2211432099948	0.200966093688063
20.025	33.25	0.00163355409877308	0.800119333078202	1.03010064104082e-08	62.1970068336903	0.201306843279018
20.175	33.25	0.00220962176593753	0.80016048562326	1.03929590614922e-08	62.1728223608383	0.20176769741275
20.325	33.25	0.00298804033255377	0.800215530953199	1.04716786587388e-08	62.1485728720669	0.202390432266043
20.475	33.25	0.00403902961426625	0.800289269681635	1.05341047830401e-08	62.1242355706736	0.203231223691413
20.625	33.25	0.00545732367402974	0.800388167020523	1.05765766356573e-08	62.0997797417915	0.204365858939224
20.775	33.25	0.00737118398500151	0.800520542911996	1.05936304842957e-08	62.0751639661022	0.205896947188001
20.925	33.25	0.00995447745629912	0.800696286278028	1.05787809057457e-08	62.0503323210074	0.207963581965039
21.075	33.25	0.0134420120289942	0.800925758500885	1.05238718942208e-08	62.025209265774	0.210753609623195
21.225	33.25	0.0181476176271035	0.801217639414635	1.04184446708676e-08	61.9996929226142	0.214518094101683
21.375	33.25	0.0244834935625443	0.801575705488182	1.02513558250452e-08	61.9736465614837	0.219586794850035
21.525	33.25	0.0329782629928831	0.80199486878459	1.00109413624656e-08	61.9468882906148	0.226382610394307
21.675	33.25	0.0442900722447561	0.802457171065057	9.68728279119204e-09	61.9191792539082	0.235432057795805
21.825	33.25	0.0592098319292679	0.802928783071216	9.27479651864181e-09	61.8902110476918	0.247367865543414
21.975	33.25	0.0786480166388757	0.803359396370783	8.77515864176076e-09	61.8595936201327	0.262918413311101
22.125	33.25	0.1035961906356	0.803685579503131	8.19913999967498e-09	61.826845654348	0.28287695250848
22.275	33.25	0.135052302943255	0.803839324674597	7.56731459476669e-09	61.7913903818812	0.308041842354604
22.425	33.25	0.17389899377296	0.803761740810919	6.90731127103147e-09	61.7525608103891	0.339119195018368
22.575	33.25	0.220730585162629	0.80341969243232	6.24994962066793e-09	61.7096190715221	0.376584468130103
22.725	33.25	0.275641527055428	0.802820789305138	5.62422346938624e-09	61.6617941971212	0.420513221644342
22.875	33.25	0.338017856610743	0.802020577442963	5.05310732796047e-09	61.608340044568	0.470414285288595
23.025	33.25	0.406404723698041	0.801116450291559	4.55141305236923e-09	61.5486096161038	0.525123778958433
23.175	33.25	0.478534572581345	0.800226928368222	4.12570313142465e-09	61.4821344552391	0.582827658065076
23.325	33.25	0.551566087036987	0.799461970876577	3.77546571623205e-09	61.4086913001293	0.641252869629589
23.475	33.25	0.622501308202207	0.798895929568758	3.49539394373128e-09	61.3283372703438	0.698001046561766
23.625	33.25	0.688659258112294	0.798554409747702	3.27738952354218e-09	61.2414022416495	0.750927406489835
23.775	33.25	0.748051810391923	0.798418743368861	3.11210048412173e-09	61.148440352788	0.798441448313538
23.925	33.25	0.799557781305554	0.79844256846946	2.99050342068618e-09	61.0501550563046	0.839646225044443
24.075	33.25	0.842886470511837	0.798570849247903	2.90414066590509e-09	60.9473175662289	0.87430917640947
24.225	33.25	0.878398156124992	0.798753960883398	2.84573584315383e-09	60.8406957098515	0.902718524899993
24.375	33.25	0.906872100493673	0.798954491684791	2.80922075899092e-09	60.7310025670309	0.925497680394938
24.525	33.25	0.929292198195856	0.799148195111739	2.7896114864384e-09	60.6188665512129	0.943433758556684
24.675	33.25	0.946685094102333	0.799321771476711	2.78290248933627e-09	60.5048195514235	0.957348075281867
24.825	33.25	0.960016774654684	0.799469690936521	2.78590833475073e-09	60.3892978033766	0.968013419723747
24.975	33.25	0.970138073085408	0.799591291642227	2.79614443400869e-09	60.2726503345768	0.976110458468326
25.125	33.25	0.977764769237721	0.799688595763388	2.81173557949775e-09	60.155150976695	0.982211815390176
25.275	33.25	0.983479107287283	0.799764850678458	2.83112866690665e-09	60.0370112583594	0.986783285829827
25.425	33.25	0.987742791119896	0.799823639420867	2.85322187709391e-09	59.9183926005219	0.990194232895917
25.575	33.25	0.990914817874792	0.799868385369599	2.87714603487981e-09	59.7994170318329	0.992731854299833
25.725	33.25	0.99327012679584	0.799902110297741	2.90227947783811e-09	59.6801761529008	0.994616101436672
25.875	33.25	0.995016874808108	0.799927346713507	2.92811738879472e-09	59.5607383762903	0.996013499846486
26.025	33.25	0.996311339963897	0.799946138997704	2.95428544356085e-09	59.4411546220339	0.997049071971117
26.175	33.25	0.997270176125239	0.79996009115406	2.98055134820449e-09	59.3214627096359	0.997816140900191
26.325	33.25	0.997980145943669	0.799970434492759	3.0067134992505e-09	59.201690694725	0.998384116754935
26.475	33.25	0.998505654706213	0.799978098970247	3.03261696494574e-09	59.0818593769346	0.99880452376497
26.625	33.25	0.998894473357295	0.799983779038595	3.0581726046006e-09	58.9619841714757	0.999115578685836
26.775	33.25	0.999182029807914	0.799987989709532	3.08327495579439e-09	58.8420765000346	0.999345623846331
26.925	33.25	0.999394600869811	0.799991111690289	3.10791788103166e-09	58.7221448224819	0.999515680695849
27.075	33.25	0.999551676930909	0.799993426279497	3.13203465300604e-09	58.602195401869	0.999641341544727
27.225	33.25	0.999667711987413	0.799995141588597	3.15557860842105e-09	58.4822328719201	0.999734169589931
27.375	33.25	0.999753419908652	0.799996411889768	3.17858658092781e-09	58.3622606583034	0.999802735926921
27.525	33.25	0.999816736207271	0.799997351760415	3.20101297665439e-09	58.2422812915183	0.999853388965817
27.675	33.25	0.999863532816528	0.799998046406833	3.22286491119349e-09	58.122296639307	0.999890826253222
27.825	33.25	0.99989814990023	0.799998559225008	3.24415257838191e-09	58.0023080792315	0.999918519920184
27.975	33.25	0.999923791678222	0.79999893737227	3.26485017358237e-09	57.8823166267235	0.999939033342577
28.125	33.25	0.999942820940953	0.799999215899143	3.28498710746493e-09	57.7623230299982	0.999954256752762
28.275	33.25	0.999956977996983	0.79999942082953	3.30455755746332e-09	57.6423278403223	0.999965582397586
28.425	33.25	0.999967543255886	0.799999571461414	3.32359542371066e-09	57.522331463968	0.999974034604709
28.575	33.25	0.999975457806072	0.799999682088303	3.34205645456638e-09	57.4023342005754	0.999980366244857
28.725	33.25	0.999981412728986	0.799999763284338	3.35998548269961e-09	57.2823362714408	0.999985130183189
28.875	33.25	0.999985915176934	0.799999822862987	3.37739623645127e-09	57.1623378403451	0.999988732141547
29.025	33.25	0.999989337201683	0.799999866590608	3.39425001575797e-09	57.0423390288674	0.999991469761346
29.175	33.25	0.999991951790875	0.799999898716635	3.41062083334144e-09	56.9223399276249	0.9999935614327
29.325	33.25	0.999993959424978	0.799999922367124	3.42650605924121e-09	56.8023406045083	0.999995167539983
29.475	33.25	0.999995507614439	0.799999939836953	3.44186738291091e-09	56.682341110705	0.999996406091551
29.625	33.25	0.999996705242182	0.799999952806507	3.45676980240685e-09	56.5623414850952	0.999997364193745
29.775	33.25	0.999997633065883	0.799999962502687	3.47120617995288e-09	56.4423417574565	0.999998106452707
29.925	33.25	0.999998351385304	0.799999969817977	3.48516702704966e-09	56.3223419507958	0.999998681108243
30.075	33.25	0.999998905620674	0.799999975399224	3.49866190280183e-09	56.2023420830452	0.999999124496539
30.225	33.25	0.999999330355723	0.799999979713396	3.51172656561503e-09	56.0823421682968	0.999999464284578
30.375	33.25	0.999999652255998	0.799999983096177	3.52436563476701e-09	55.9623422177028	0.999999721804798
30.525	33.25	0.999999892166622	0.799999985787938	3.53660248292635e-09	55.8423422401348	0.999999913733298
30.675	33.25	1.00000006661445	0.799999987960122	3.5483907397533e-09	55.7223422426705	1.00000005329156
30.825	33.25	1.00000018888045	0.79999998973512	3.55979929299055e-09	55.6023422309568	1.00000015110436
30.975	33.25	1.0000002697643	0.799999991200343	3.57078511693918e-09	55.4823422094849	1.00000021581144
31.125	33.25	1.00000031813024	0.799999992418462	3.58141047227757e-09	55.362342181802	1.00000025450419
31.275	33.25	1.00000034129913	0.79999999343499	3.59164241243945e-09	55.2423421506784	1.00000027303931
31.425	33.25	1.00000034533336	0.799999994283829	3.60151718231984e-09	55.122342118242	1.00000027626669
31.575	33.25	1.00000033524796	0.799999994990661	3.61102350868282e-09	55.0023420860892	1.00000026819837
31.725	33.25	1.00000031517156	0.79999999557582	3.62018353025307e-09	54.8823420553772	1.00000025213725
31.875	33.25	1.00000028847337	0.799999996055974	3.62901464757843e-09	54.7623420269035	1.0000002307787
32.025	33.25	1.00000025786737	0.799999996445274	3.63753513857594e-09	54.6423420011736	1.0000002062939
32.175	33.25	1.00000022550096	0.799999996756213	3.64569660965246e-09	54.5223419784594	1.00000018040076
32.325	33.25	1.00000019303283	0.799999996999962	3.65355496712734e-09	54.4023419588505	1.00000015442626
32.475	33.25	1.00000016170284	0.799999997186702	3.66109893486896e-09	54.2823419422972	1.00000012936228
32.625	33.25	1.00000013239566	0.799999997325736	3.66834829187171e-09	54.1623419286476	1.00000010591653
32.775	33.25	1.00000010569878	0.799999997425468	3.67532330486116e-09	54.0423419176795	1.00000008455902
32.925	33.25	1.0000000819555	0.799999997493658	3.68200868880892e-09	53.9223419091258	1.0000000655644
33.075	33.25	1.00000006131281	0.7999999975371	3.68842667830492e-09	53.8023419026959	1.00000004905025
33.225	33.25	1.00000004376436	0.799999997561908	3.69456811989898e-09	53.6823418980926	1.00000003501149
33.375	33.25	1.00000002918824	0.799999997573307	3.70046203475715e-09	53.5623418950246	1.00000002335059
33.525	33.25	1.00000001737989	0.799999997575728	3.70610669653658e-09	53.4423418932165	1.00000001390391
33.675	33.25	1.00000000808003	0.799999997572979	3.711512164384e-09	53.322341892415	1.00000000646402
33.825	33.25	1.00000000099792	0.799999997568014	3.71667322175162e-09	53.2023418923932	1.00000000079834
33.975	33.25	0.999999995830314	0.799999997563202	3.72161484212437e-09	53.082341892953	0.999999996664251
34.125	33.25	0.999999992276164	0.799999997560453	3.72633767893777e-09	52.9623418939248	0.999999993820931
34.275	33.25	0.999999990047905	0.799999997560849	3.73084303404646e-09	52.8423418951678	0.999999992038324
34.425	33.25	0.999999988879288	0.799999997565385	3.73515131099755e-09	52.7223418965674	0.99999999110343
34.575	33.25	0.999999988530651	0.799999997574419	3.73924666968575e-09	52.6023418980334	0.999999990824521
34.725	33.25	0.999999988791762	0.799999997588127	3.74316710165042e-09	52.4823418994972	0.99999999103341
34.875	33.25	0.999999989482817	0.799999997606482	3.74689917685043e-09	52.3623419009089	0.999999991586254
35.025	33.25	0.999999990454019	0.799999997629213	3.75045973115218e-09	52.2423419022345	0.999999992363215
35.175	33.25	0.999999991583969	0.799999997655936	3.75383469990371e-09	52.122341903453	0.999999993267175
35.325	33.25	0.999999992777337	0.799999997686213	3.75705628554032e-09	52.0023419045537	0.99999999422187
35.475	33.25	0.999999993962096	0.79999999771953	3.76011336368091e-09	51.8823419055339	0.999999995169677
35.625	33.25	0.99999999508638	0.799999997755398	3.76301137785339e-09	51.7623419063971	0.999999996069104
35.775	33.25	0.999999996115375	0.799999997793404	3.76576727334372e-09	51.6423419071507	0.9999999968923
35.925	33.25	0.999999997028291	0.799999997832975	3.76838786812686e-09	51.5223419078049	0.999999997622633
36.075	33.25	0.999999997815467	0.799999997873755	3.7708654955287e-09	51.4023419083714	0.999999998252374
36.225	33.25	0.999999998475761	0.799999997915361	3.7732277770048e-09	51.2823419088622	0.999999998780609
36.375	33.25	0.999999999014297	0.799999997957487	3.77546006036203e-09	51.1623419092894	0.999999999211438
36.525	33.25	0.999999999440466	0.799999997999875	3.77758717649704e-09	51.0423419096642	0.999999999552373
36.675	33.25	0.999999999766336	0.799999998042365	3.77958549305482e-09	50.9223419099969	0.999999999813069
36.825	33.25	1.00000000000535	0.799999998084762	3.78146970271237e-09	50.8023419102964	1.00000000000428
36.975	33.25	1.00000000017135	0.799999998126959	3.7832744006322e-09	50.6823419105705	1.00000000013708
37.125	33.25	1.00000000027791	0.799999998168801	3.78497587725297e-09	50.5623419108254	1.00000000022233
37.275	33.25	1.0000000003377	0.79999999821032	3.78657440511194e-09	50.4423419110665	1.00000000027016
37.425	33.25	1.00000000036182	0.799999998251276	3.78809537137337e-09	50.3223419112975	1.00000000028946
37.575	33.25	1.00000000035912	0.799999998291653	3.78953495669489e-09	50.2023419115216	1.0000000002873
37.725	33.25	1.00000000033565	0.79999999833161	3.79088914725817e-09	50.0823419117411	1.00000000026852
37.875	33.25	1.0000000002955	0.799999998371658	3.79218923194353e-09	49.9623419119577	1.0000000002364
38.025	33.25	1.0000000002445	0.799999998412884	3.79340115825861e-09	49.8423419121728	1.0000000001956
38.175	33.25	1.00000000019655	0.799999998455979	3.79455983107247e-09	49.7223419123869	1.00000000015724
38.325	33.25	1.00000000017804	0.799999998499389	3.79566951383502e-09	49.6023419125983	1.00000000014243
38.475	33.25	1.0000000002182	0.799999998536924	3.79671025316112e-09	49.4823419128029	1.00000000017456
38.625	33.25	1.00000000031038	0.799999998558018	3.79771556477971e-09	49.3623419129954	1.0000000002483
38.775	33.25	1.00000000034599	0.799999998556146	3.79865213506069e-09	49.2423419131759	1.00000000027679
38.925	33.25	1.00000000007385	0.799999998549288	3.79955500491954e-09	49.1223419133621	1.00000000005908
39.075	33.25	0.999999999212023	0.799999998603593	3.80041971810288e-09	49.002341913597	0.999999999369619
39.225	33.25	0.999999997861591	0.799999998827904	3.80125047173718e-09	48.8823419139323	0.999999998289272
39.375	33.25	0.999999997187163	0.799999999283608	3.80204813585268e-09	48.7623419143592	0.99999999774973
39.525	33.25	0.999999999800274	0.799999999777228	3.80282879377546e-09	48.6423419146873	0.999999999840219
39.675	33.25	1.00000000854991	0.799999999630096	3.80357012851884e-09	48.5223419144644	1.00000000683993
39.825	33.25	1.00000002228112	0.799999997759599	3.8042947314041e-09	48.4023419131567	1.00000001782489
39.975	33.25	1.00000002906866	0.79999999360217	3.80499569814273e-09	48.2823419108585	1.00000002325493
40.125	33.25	1.00000000269437	0.799999989142488	3.80568755579128e-09	48.1623419094949	1.00000000215549
40.275	33.25	0.999999915051615	0.799999991057285	3.80636181116114e-09	48.0423419135985	0.999999932041292
40.425	33.25	0.999999777875207	0.800000009732052	3.80702705525776e-09	47.9223419284878	0.999999822300166
40.575	33.25	0.99999970764995	0.800000050271826	3.80769560156716e-09	47.8023419533268	0.99999976611996
40.725	33.25	0.99999995751778	0.800000093488111	3.80833513555422e-09	47.6823419695375	0.999999966014224
40.875	33.25	1.00000079734944	0.80000007669568	3.8089946604745e-09	47.562341933437	1.00000063787955
41.025	33.25	1.00000212196185	0.799999904180309	3.8096494585491e-09	47.4423417934377	1.00000169756948
41.175	33.25	1.00000285290253	0.799999530051596	3.81030933478756e-09	47.3223415547663	1.00000228232202
41.325	33.25	1.00000065163094	0.799999127801304	3.8109864021542e-09	47.2023413866652	1.00000052130475
41.475	33.25	0.999993003857972	0.799999255360043	3.81168602771743e-09	47.0823416913129	0.999994403086378
41.625	33.25	0.999980706637762	0.800000755969067	3.81240244891957e-09	46.9623429533153	0.99998456531021
41.775	33.25	0.999973138464078	0.800004040598358	3.81311973732225e-09	46.8423451688512	0.999978510771262
41.925	33.25	0.999990827520871	0.800007657518449	3.81376349793389e-09	46.7223468985767	0.999992662016697
42.075	33.25	1.00005637953648	0.800006936143498	3.81430375144268e-09	46.6023446327286	1.00004510362919
42.225	33.25	1.00016528886137	0.799994824023024	3.81471744285082e-09	46.4823339927688	1.0001322310891
42.375	33.25	1.00024184955258	0.799967674099616	3.8152448468629e-09	46.3623144502656	1.00019347964206
42.525	33.25	1.00011633628406	0.799936550381903	3.8164123981029e-09	46.2422972573012	1.00009306902725
42.675	33.25	0.999594226904201	0.799937860584884	3.81881673651079e-09	46.1223111503561	0.999675381523361
42.825	33.25	0.998683926302605	0.800027372382435	3.82243597471253e-09	46.0023938015086	0.998947141042084
42.975	33.25	0.9979446732242	0.800237006769647	3.82556765459718e-09	45.882555633437	0.99835573857936
43.125	33.25	0.998684258978207	0.800490005412491	3.82421506370368e-09	45.762717439129	0.998947407182565
43.275	33.25	1.00248296175506	0.800522975092872	3.81354653229312e-09	45.6426614088223	1.00198636940405
43.425	33.25	1.00955927622795	0.799934825528422	3.79303692224998e-09	45.5220835062977	1.00764742098236
43.575	33.25	1.0162338073568	0.79847988157122	3.77391400421357e-09	45.400845729653	1.01298704588544
43.725	33.25	1.01328677097861	0.796573391802618	3.78360690032438e-09	45.2794285733682	1.01062941678289
43.875	33.25	0.988680897761926	0.795833250605217	3.859768108601e-09	45.1593335789384	0.990944718209541
44.025	33.25	0.938367896702273	0.799351007291731	4.02445297252973e-09	45.0428405464893	0.950694317361819
44.175	33.25	0.884673133564512	0.810192428698112	4.21651155725329e-09	44.9313520408755	0.90773850685161
44.325	33.25	0.889127901637615	0.824441952894446	4.20159207546242e-09	44.8222076868427	0.911302321310092
44.475	33.25	1.03257195119733	0.826489829151648	3.73258753224427e-09	44.7059572812381	1.02605756095786
44.625	33.25	1.34924434147086	0.808622133113781	2.99356234374672e-09	44.5677998453659	1.27939547317668
44.775	33.25	1.76408811751774	0.709537047630782	2.37664998913831e-09	44.3955930322532	1.61127049401419
44.925	33.25	2.11154506559366	0.834636814312065	2.02670661728739e-09	44.2248230125887	1.88923605247493
0.075	33.75	3.47473591739542e-16	0.399999999829529	-1.73230169528757e-08	65.3895333894271	0.2
0.225	33.75	1.09796499347501e-15	0.799999999488354	-1.73162132494535e-08	65.3655333894373	0.200000000000001
0.375	33.75	2.54818928706177e-15	0.799999999148309	-1.73027978026136e-08	65.3415333894578	0.200000000000002
0.525	33.75	4.61626583307426e-15	0.799999998808026	-1.7282487802143e-08	65.3175333894884	0.200000000000004
0.675	33.75	7.14881698332376e-15	0.799999998468224	-1.72555427352873e-08	65.2935333895293	0.200000000000006
0.825	33.75	9.93588430477551e-15	0.7999999981292	-1.72218614975199e-08	65.2695333895803	0.200000000000008
0.975	33.75	1.27379704102273e-14	0.799999997791469	-1.71815132737873e-08	65.2455333896415	0.20000000000001
1.125	33.75	1.52997074663198e-14	0.799999997454287	-1.71344803292371e-08	65.2215333897128	0.200000000000012
1.275	33.75	1.73403388558655e-14	0.799999997118206	-1.70807836568684e-08	65.1975333897942	0.200000000000014
1.425	33.75	1.85241247939798e-14	0.799999996784382	-1.70204291107784e-08	65.1735333898857	0.200000000000015
1.575	33.75	1.84215048432804e-14	0.799999996451086	-1.69536519285491e-08	65.1495333899872	0.200000000000015
1.725	33.75	1.64738684809498e-14	0.799999996119925	-1.68802218718223e-08	65.1255333900986	0.200000000000013
1.875	33.75	1.19727216689774e-14	0.799999995790411	-1.68003630478155e-08	65.10153339022	0.20000000000001
2.025	33.75	4.06047179671658e-15	0.799999995463265	-1.67141615287075e-08	65.0775333903512	0.200000000000003
2.175	33.75	-8.24291973937056e-15	0.799999995137741	-1.66214669445496e-08	65.0535333904922	0.199999999999993
2.325	33.75	-2.59845093997307e-14	0.79999999481497	-1.65225747833874e-08	65.0295333906429	0.199999999999979
2.475	33.75	-5.01910926419619e-14	0.799999994494269	-1.64173420939762e-08	65.0055333908033	0.19999999999996
2.625	33.75	-8.17460222553927e-14	0.799999994176221	-1.63059727658115e-08	64.9815333909733	0.199999999999935
2.775	33.75	-1.21225243679153e-13	0.799999993860974	-1.61884639331569e-08	64.9575333911528	0.199999999999903
2.925	33.75	-1.68687694129371e-13	0.79999999354851	-1.60646830492712e-08	64.9335333913417	0.199999999999865
3.075	33.75	-2.23416650682944e-13	0.799999993239218	-1.5935117637824e-08	64.9095333915399	0.199999999999821
3.225	33.75	-2.83611673463633e-13	0.799999992932446	-1.57996428419267e-08	64.8855333917474	0.199999999999773
3.375	33.75	-3.46035691929802e-13	0.799999992629904	-1.56582844434536e-08	64.861533391964	0.199999999999723
3.525	33.75	-4.05628546624621e-13	0.79999999232992	-1.55113472334436e-08	64.8375333921896	0.199999999999676
3.675	33.75	-4.55107088855975e-13	0.799999992034118	-1.53584176556244e-08	64.8135333924242	0.199999999999636
3.825	33.75	-4.8458270680757e-13	0.799999991741757	-1.5200392780755e-08	64.7895333926677	0.199999999999612
3.975	33.75	-4.81239935523893e-13	0.799999991452563	-1.50364951304147e-08	64.7655333929198	0.199999999999615
4.125	33.75	-4.29134296952123e-13	0.799999991168289	-1.48673791407571e-08	64.7415333931806	0.199999999999657
4.275	33.75	-3.09183359061788e-13	0.799999990887678	-1.46929925557318e-08	64.7175333934498	0.199999999999753
4.425	33.75	-9.94412964950827e-14	0.799999990610616	-1.451350842379e-08	64.6935333937274	0.19999999999992
4.575	33.75	2.24237060730673e-13	0.799999990338652	-1.43288646410295e-08	64.6695333940132	0.200000000000179
4.725	33.75	6.87023354785073e-13	0.799999990070353	-1.41394502893337e-08	64.6455333943071	0.20000000000055
4.875	33.75	1.31330564962508e-12	0.799999989806785	-1.39449544510097e-08	64.6215333946088	0.200000000001051
5.025	33.75	2.12411097224688e-12	0.799999989548212	-1.37458328267108e-08	64.5975333949184	0.200000000001699
5.175	33.75	3.13363848753908e-12	0.7999999892939	-1.35421535205615e-08	64.5735333952356	0.200000000002507
5.325	33.75	4.34480359612536e-12	0.799999989043971	-1.33338972486957e-08	64.5495333955602	0.200000000003476
5.475	33.75	5.74373329808026e-12	0.799999988799587	-1.31212870688511e-08	64.5255333958921	0.200000000004595
5.625	33.75	7.29321543567369e-12	0.79999998855966	-1.29042517744963e-08	64.5015333962311	0.200000000005835
5.775	33.75	8.92519286101956e-12	0.799999988324525	-1.26832542320252e-08	64.4775333965771	0.20000000000714
5.925	33.75	1.05325121239413e-11	0.799999988095057	-1.24581049641651e-08	64.4535333969299	0.200000000008426
6.075	33.75	1.1960287586215e-11	0.799999987870312	-1.22292747802613e-08	64.4295333972894	0.200000000009568
6.225	33.75	1.29974276179374e-11	0.799999987651242	-1.19965329186601e-08	64.4055333976554	0.200000000010398
6.375	33.75	1.3369088825598e-11	0.799999987437257	-1.17600144860261e-08	64.3815333980278	0.200000000010695
6.525	33.75	1.27310738645778e-11	0.79999998722814	-1.15202120514386e-08	64.3575333984066	0.200000000010185
6.675	33.75	1.06674608836485e-11	0.799999987024824	-1.12769936288884e-08	64.3335333987917	0.200000000008534
6.825	33.75	6.69303666126001e-12	0.799999986826919	-1.10303640920911e-08	64.3095333991831	0.200000000005354
6.975	33.75	2.62383753733879e-13	0.799999986635154	-1.07806799206028e-08	64.2855333995808	0.20000000000021
7.125	33.75	-9.21227823678966e-12	0.799999986447711	-1.05280993312804e-08	64.2615333999849	0.19999999999263
7.275	33.75	-2.23322057968436e-11	0.799999986267213	-1.0272449447352e-08	64.2375334003956	0.199999999982134
7.425	33.75	-3.96698107605003e-11	0.799999986092313	-1.001416928072e-08	64.2135334008132	0.199999999968264
7.575	33.75	-6.17105587636399e-11	0.799999985922939	-9.75340372841172e-09	64.1895334012377	0.199999999950632
7.725	33.75	-8.87769684042399e-11	0.799999985759534	-9.49004527391959e-09	64.1655334016696	0.199999999928978
7.875	33.75	-1.20933062639972e-10	0.799999985602652	-9.22445344962057e-09	64.1415334021092	0.199999999903254
8.025	33.75	-1.57868391957313e-10	0.799999985451823	-8.95669727061086e-09	64.1175334025567	0.199999999873705
8.175	33.75	-1.98761871807505e-10	0.799999985307617	-8.6867176743498e-09	64.0935334030124	0.199999999840991
8.325	33.75	-2.42127206624938e-10	0.799999985170007	-8.41490740139434e-09	64.0695334034764	0.199999999806298
8.475	33.75	-2.85643653034495e-10	0.79999998503913	-8.14133701947746e-09	64.0455334039487	0.199999999771485
8.625	33.75	-3.25978333131495e-10	0.799999984915075	-7.8659983808774e-09	64.0215334044289	0.199999999739217
8.775	33.75	-3.58609251295523e-10	0.799999984798219	-7.58927909990881e-09	63.9975334049164	0.199999999713113
8.925	33.75	-3.77661570424806e-10	0.799999984688751	-7.31104194553607e-09	63.9735334054099	0.199999999697871
9.075	33.75	-3.75773504109978e-10	0.799999984586288	-7.03157736108438e-09	63.9495334059076	0.199999999699381
9.225	33.75	-3.44012271152589e-10	0.799999984491132	-6.7510402816192e-09	63.9255334064068	0.19999999972479
9.375	33.75	-2.71864775344102e-10	0.799999984403287	-6.46943864526588e-09	63.9015334069041	0.199999999782508
9.525	33.75	-1.47331791764292e-10	0.79999998432262	-6.18702558392853e-09	63.8775334073948	0.199999999882135
9.675	33.75	4.28418299498828e-11	0.799999984248423	-5.90379424395239e-09	63.8535334078731	0.200000000034273
9.825	33.75	3.12765455704076e-10	0.799999984180451	-5.62003019399945e-09	63.8295334083317	0.200000000250212
9.975	33.75	6.76792160806131e-10	0.799999984118244	-5.3356732180128e-09	63.8055334087622	0.200000000541434
10.125	33.75	1.1486620099634e-09	0.799999984060301	-5.05106966514161e-09	63.7815334091547	0.20000000091893
10.275	33.75	1.74036379545594e-09	0.799999984006045	-4.76624772107261e-09	63.757533409498	0.200000001392291
10.425	33.75	2.46068479402989e-09	0.799999983953601	-4.48121043649187e-09	63.7335334097802	0.200000001968548
10.575	33.75	3.31342638463461e-09	0.7999999839013	-4.19626835032785e-09	63.7095334099884	0.200000002650741
10.725	33.75	4.29527561818256e-09	0.799999983847749	-3.91135045154015e-09	63.6855334101099	0.200000003436221
10.875	33.75	5.3933395656187e-09	0.799999983789599	-3.62684709703523e-09	63.6615334101328	0.200000004314672
11.025	33.75	6.58237090641491e-09	0.799999983725474	-3.34258137397597e-09	63.637533410047	0.200000005265897
11.175	33.75	7.82174001884413e-09	0.799999983651947	-3.0588175412344e-09	63.6135334098455	0.200000006257392
11.325	33.75	9.05224084792424e-09	0.799999983566866	-2.77570012545604e-09	63.5895334095261	0.200000007241793
11.475	33.75	1.01928548439732e-08	0.799999983467864	-2.49322003422234e-09	63.5655334090934	0.200000008154284
11.625	33.75	1.11376387478148e-08	0.799999983352344	-2.21163276100013e-09	63.541533408561	0.200000008910111
11.775	33.75	1.17529470405191e-08	0.799999983218197	-1.93095042127352e-09	63.5175334079539	0.200000009402358
11.925	33.75	1.18752471564039e-08	0.799999983065179	-1.65137503132711e-09	63.4935334073113	0.200000009500198
12.075	33.75	1.13098333250284e-08	0.799999982892451	-1.37287557561569e-09	63.4695334066899	0.200000009047867
12.225	33.75	9.83079097605251e-09	0.799999982701945	-1.09563070064602e-09	63.4455334061663	0.200000007864633
12.375	33.75	7.18260542578954e-09	0.799999982495948	-8.19754247557713e-10	63.4215334058403	0.200000005746084
12.525	33.75	3.08384315806369e-09	0.799999982279569	-5.45317422721053e-10	63.3975334058375	0.200000002467075
12.675	33.75	-2.76664169633939e-09	0.799999982060402	-2.72422063661444e-10	63.3735334063114	0.199999997786687
12.825	33.75	-1.06805122133794e-08	0.799999981847979	-1.26314719307672e-12	63.3495334074451	0.19999999145559
12.975	33.75	-2.09673068478387e-08	0.799999981655955	2.6823822665581e-10	63.3255334094512	0.199999983226155
13.125	33.75	-3.39179169883056e-08	0.799999981500688	5.35770620467797e-10	63.3015334125714	0.199999972865666
13.275	33.75	-4.9783793959912e-08	0.799999981402329	8.01520887708822e-10	63.2775334170734	0.199999960172965
13.425	33.75	-6.87515591833398e-08	0.799999981385128	1.06510151106099e-09	63.2535334232458	0.199999944998753
13.575	33.75	-9.09127719511235e-08	0.799999981477321	1.32667627255099e-09	63.2295334313906	0.199999927269782
13.725	33.75	-1.16228701493497e-07	0.799999981710805	1.58598675025742e-09	63.2055334418124	0.199999907017039
13.875	33.75	-1.44490043861537e-07	0.799999982121961	1.84311918352789e-09	63.1815334548039	0.199999884407965
14.025	33.75	-1.75271604369183e-07	0.799999982750712	2.09785436708965e-09	63.1575334706272	0.199999859782717
14.175	33.75	-2.07882010534897e-07	0.799999983641616	2.35008393523138e-09	63.133533489491	0.199999833694392
14.325	33.75	-2.41308497148858e-07	0.799999984842466	2.59980538146153e-09	63.109533511522	0.199999806953202
14.475	33.75	-2.74156671059431e-07	0.799999986405315	2.8470071243892e-09	63.0855335367316	0.199999780674663
14.625	33.75	-3.045848602786e-07	0.799999988388967	3.0915895362982e-09	63.0615335649758	0.199999756332112
14.775	33.75	-3.30232102433288e-07	0.799999990855816	3.33331533098019e-09	63.0375335959086	0.199999735814318
14.925	33.75	-3.48137928700616e-07	0.799999993880758	3.57220642367315e-09	63.013533628929	0.199999721489657
15.075	33.75	-3.5465071573364e-07	0.799999997549174	3.80832776021492e-09	62.9895336631183	0.199999716279427
15.225	33.75	-3.45319331455833e-07	0.800000001968133	4.04151456587001e-09	62.965533697169	0.199999723744535
15.375	33.75	-3.14759856518852e-07	0.80000000727405	4.27163935910618e-09	62.9415337293015	0.199999748192115
15.525	33.75	-2.56485012988421e-07	0.800000013647586	4.49875381184274e-09	62.9175337571664	0.19999979481199
15.675	33.75	-1.62678168249426e-07	0.800000021334413	4.72263351192501e-09	62.8935337777277	0.199999869857465
15.825	33.75	-2.38858657778124e-08	0.800000030675467	4.94347563438498e-09	62.8695337871206	0.199999980891307
15.975	33.75	1.71407953246775e-07	0.800000042146839	5.1609583844134e-09	62.8455337804733	0.200000137126363
16.125	33.75	4.37377495682817e-07	0.800000056417524	5.37522928805456e-09	62.8215337516814	0.200000349901997
16.275	33.75	7.9169164001258e-07	0.800000074427929	5.58609540044139e-09	62.7975336931118	0.200000633353312
16.425	33.75	1.2566892717335e-06	0.80000009749632	5.79368069957012e-09	62.7735335952109	0.200001005351417
16.575	33.75	1.86102708369503e-06	0.800000127463544	5.99770903147048e-09	62.7495334459776	0.200001488821667
16.725	33.75	2.64198158796561e-06	0.800000166891721	6.19829841956859e-09	62.7255332302459	0.20000211358527
16.875	33.75	3.64865151941713e-06	0.800000219328805	6.39530798112965e-09	62.7015329287035	0.200002918921216
17.025	33.75	4.94639301206348e-06	0.800000289666722	6.58881486572152e-09	62.6775325165448	0.20000395711441
17.175	33.75	6.62293532605639e-06	0.800000384623218	6.7785592215405e-09	62.6535319616158	0.200005298348261
17.325	33.75	8.79677995256342e-06	0.80000051339355	6.96467053374366e-09	62.6295312218633	0.200007037423962
17.475	33.75	1.16286954851769e-05	0.80000068852473	7.14710922838143e-09	62.6055302418293	0.200009302956388
17.625	33.75	1.53374053342368e-05	0.800000927103487	7.32588100678537e-09	62.5815289478403	0.200012269924267
17.775	33.75	2.0220952145259e-05	0.800001252358655	7.50073259846272e-09	62.5575272414179	0.200016176761716
17.925	33.75	2.66857442763437e-05	0.800001695816382	7.67173536639855e-09	62.5335249902699	0.200021348595421
18.075	33.75	3.52859829876677e-05	0.80000230018129	7.83881214298344e-09	62.5095220159951	0.20002822878639
18.225	33.75	4.67770780666343e-05	0.800003123162551	8.00207150251484e-09	62.4855180773308	0.200037421662453
18.375	33.75	6.21878487178945e-05	0.800004242562451	8.16111064191295e-09	62.4615128473713	0.200049750278974
18.525	33.75	8.29178919937523e-05	0.800005763103302	8.31614707277283e-09	62.4375058826468	0.200066334313595
18.675	33.75	0.000110868698393553	0.8000078257572	8.4669240609965e-09	62.4134965812352	0.200088694958715
18.825	33.75	0.000148620254601095	0.800010620684363	8.61341683664448e-09	62.389484126103	0.200118896203681
18.975	33.75	0.000199669453615404	0.800014405204017	8.75536789891755e-09	62.3654674085264	0.200159735562892
19.125	33.75	0.000268753041208433	0.800019528243804	8.89272462323489e-09	62.3414449245654	0.200215002432967
19.275	33.75	0.000362286153375117	0.800026462305971	9.02502757015484e-09	62.3174146349883	0.2002898289227
19.425	33.75	0.0004889572987488	0.800035843269016	9.15202527314414e-09	62.2933737755848	0.200391165838999
19.575	33.75	0.000660531180602785	0.800048518283823	9.27299214786286e-09	62.2693186003846	0.200528424944482
19.725	33.75	0.000892922196808865	0.800065604284928	9.38750958242217e-09	62.2452440348096	0.200714337757447
19.875	33.75	0.00120761710925616	0.800088566089597	9.49468311784632e-09	62.2211432090066	0.200966093687405
20.025	33.75	0.00163355409770205	0.800119333465893	9.59329074996725e-09	62.1970068326903	0.201306843278162
20.175	33.75	0.00220962176454596	0.800160485996448	9.68155978862622e-09	62.1728223598268	0.201767697411637
20.325	33.75	0.00298804033074988	0.80021553131259	9.75756030231508e-09	62.1485728710445	0.2023904322646
20.475	33.75	0.00403902961193353	0.800289270026703	9.81846870601184e-09	62.1242355696407	0.203231223689547
20.625	33.75	0.00545732367101979	0.800388167351912	9.86043438632746e-09	62.0997797407485	0.204365858936816
20.775	33.75	0.00737118398112709	0.800520543229419	9.87889491891739e-09	62.0751639650496	0.205896947184902
20.925	33.75	0.00995447745132653	0.800696286581569	9.86744488182808e-09	62.0503323199456	0.207963581961061
21.075	33.75	0.0134420120226357	0.800925758790955	9.81835523765449e-09	62.0252092647034	0.210753609618109
21.225	33.75	0.0181476176190095	0.801217639691249	9.72218451384405e-09	61.9996929215352	0.214518094095208
21.375	33.75	0.0244834935523002	0.80157570575177	9.56839354305794e-09	61.9736465603968	0.21958679484184
21.525	33.75	0.0329782629800064	0.801994869035074	9.34601093641425e-09	61.9468882895205	0.226382610384005
21.675	33.75	0.0442900722286999	0.802457171303456	9.04570701128054e-09	61.9191792528068	0.23543205778296
21.825	33.75	0.0592098319094344	0.802928783297818	8.66223650635234e-09	61.8902110465837	0.247367865527548
21.975	33.75	0.0786480166146279	0.803359396586414	8.19710742121834e-09	61.8595936190183	0.262918413291702
22.125	33.75	0.103596190606303	0.803685579708372	7.6605835889256e-09	61.8268456532277	0.282876952485042
22.275	33.75	0.135052302908341	0.803839324870187	7.0715319800306e-09	61.7913903807551	0.308041842326673
22.425	33.75	0.173898993732039	0.803761740998066	6.45595574659623e-09	61.7525608092574	0.339119194985631
22.575	33.75	0.220730585115633	0.8034196926114	5.84267519162381e-09	61.7096190703848	0.376584468092507
22.725	33.75	0.275641527002792	0.802820789477134	5.25873944963144e-09	61.6617941959782	0.420513221602234
22.875	33.75	0.338017856553503	0.8020205776086	4.72577588874844e-09	61.6083400434191	0.470414285242802
23.025	33.75	0.406404723637884	0.80111645045124	4.25755634263757e-09	61.5486096149485	0.525123778910307
23.175	33.75	0.478534572520507	0.800226928522675	3.86033828273805e-09	61.4821344540767	0.582827658016406
23.325	33.75	0.551566086977906	0.799461971026072	3.53372640579257e-09	61.4086912989587	0.641252869582325
23.475	33.75	0.622501308147138	0.798895929713783	3.27272775029754e-09	61.328337269164	0.698001046517711
23.625	33.75	0.688659258062955	0.798554409888737	3.06979597349452e-09	61.2414022404591	0.750927406450364
23.775	33.75	0.748051810349334	0.7984187435061	2.91632727663442e-09	61.1484403515858	0.798441448279467
23.925	33.75	0.799557781269998	0.798442568603305	2.80371790871715e-09	61.0501550550895	0.839646225015998
24.075	33.75	0.842886470483008	0.79857084937851	2.72415245731369e-09	60.9473175649999	0.874309176386406
24.225	33.75	0.878398156102179	0.798753961011007	2.67087389810074e-09	60.8406957086076	0.902718524881743
24.375	33.75	0.906872100475998	0.798954491809462	2.63811146857567e-09	60.7310025657717	0.925497680380799
24.525	33.75	0.929292198182399	0.799148195233607	2.62122461581853e-09	60.6188665499378	0.943433758545919
24.675	33.75	0.946685094092249	0.799321771595835	2.61646529994913e-09	60.5048195501324	0.957348075273799
24.825	33.75	0.960016774647209	0.799469691053013	2.62086889197463e-09	60.3892978020693	0.968013419717767
24.975	33.75	0.970138073079916	0.799591291756071	2.63206066197444e-09	60.2726503332533	0.976110458463933
25.125	33.75	0.977764769233706	0.799688595874653	2.64825671845488e-09	60.1551509753553	0.982211815386965
25.275	33.75	0.983479107284368	0.799764850787213	2.66805461553852e-09	60.0370112570038	0.986783285827495
25.425	33.75	0.987742791117784	0.799823639527054	2.69039859401158e-09	59.9183925991506	0.990194232894227
25.575	33.75	0.990914817873258	0.799868385473363	2.71448394129347e-09	59.7994170304461	0.992731854298606
25.725	33.75	0.993270126794742	0.799902110399026	2.73966347416278e-09	59.6801761514989	0.994616101435793
25.875	33.75	0.995016874807313	0.799927346812366	2.76553006434909e-09	59.5607383748735	0.99601349984585
26.025	33.75	0.996311339963323	0.799946139094221	2.79170983369095e-09	59.4411546206026	0.997049071970659
26.175	33.75	0.997270176124832	0.79996009124825	2.81796850863281e-09	59.3214627081904	0.997816140899865
26.325	33.75	0.997980145943377	0.799970434584621	2.84411579743376e-09	59.2016906932656	0.998384116754702
26.475	33.75	0.998505654706007	0.79997809905984	2.87000976935212e-09	59.0818593754616	0.998804523764806
26.625	33.75	0.998894473357153	0.799983779125889	2.89557202590008e-09	58.9619841699895	0.999115578685722
26.775	33.75	0.999182029807811	0.799987989794701	2.92071538244615e-09	58.8420764985355	0.999345623846249
26.925	33.75	0.999394600869727	0.799991111773253	2.9453878668246e-09	58.7221448209703	0.999515680695781
27.075	33.75	0.999551676930845	0.799993426360313	2.96956313729511e-09	58.6021954003451	0.999641341544676
27.225	33.75	0.999667711987377	0.799995141667329	2.99323121545741e-09	58.4822328703841	0.999734169589902
27.375	33.75	0.999753419908633	0.799996411966401	3.01634210491278e-09	58.3622606567559	0.999802735926906
27.525	33.75	0.999816736207261	0.799997351834989	3.03889974724649e-09	58.2422812899594	0.999853388965809
27.675	33.75	0.999863532816526	0.799998046479465	3.06091335506784e-09	58.1222966377371	0.999890826253221
27.825	33.75	0.999898149900228	0.799998559295663	3.08236615679558e-09	58.0023080776508	0.999918519920182
27.975	33.75	0.999923791678216	0.799998937440953	3.10327236965038e-09	57.8823166251323	0.999939033342573
28.125	33.75	0.999942820940947	0.799999215965966	3.12362972514247e-09	57.7623230283969	0.999954256752758
28.275	33.75	0.999956977996971	0.799999420894441	3.14345585905991e-09	57.6423278387111	0.999965582397577
28.425	33.75	0.999967543255878	0.799999571524558	3.16271331377918e-09	57.5223314623472	0.999974034604702
28.575	33.75	0.999975457806069	0.799999682149609	3.18147515219005e-09	57.4023341989453	0.999980366244855
28.725	33.75	0.999981412728982	0.799999763343864	3.19970993420807e-09	57.2823362698017	0.999985130183185
28.875	33.75	0.999985915176924	0.799999822920811	3.2174243913453e-09	57.1623378386971	0.999988732141539
29.025	33.75	0.999989337201681	0.799999866646727	3.23463900181894e-09	57.0423390272109	0.999991469761345
29.175	33.75	0.99999195179087	0.799999898771087	3.25136980137161e-09	56.9223399259601	0.999993561432696
29.325	33.75	0.999993959424975	0.79999992241992	3.26759934387792e-09	56.8023406028355	0.99999516753998
29.475	33.75	0.999995507614445	0.799999939888138	3.2833684681016e-09	56.6823411090244	0.999996406091556
29.625	33.75	0.99999670524219	0.799999952856156	3.29865588207911e-09	56.562341483407	0.999997364193752
29.775	33.75	0.999997633065885	0.799999962550818	3.31348269337998e-09	56.442341755761	0.999998106452708
29.925	33.75	0.999998351385304	0.799999969864533	3.32786643571071e-09	56.3223419490931	0.999998681108244
30.075	33.75	0.999998905620674	0.799999975444349	3.34183004382519e-09	56.2023420813357	0.999999124496539
30.225	33.75	0.99999933035571	0.799999979757105	3.3553505053549e-09	56.0823421665807	0.999999464284568
30.375	33.75	0.999999652255987	0.799999983138508	3.36844179028645e-09	55.9623422159802	0.99999972180479
30.525	33.75	0.999999892166611	0.799999985828802	3.38112135776329e-09	55.842342238406	0.999999913733289
30.675	33.75	1.00000006661444	0.799999987999668	3.39339133381089e-09	55.7223422409356	1.00000005329155
30.825	33.75	1.00000018888044	0.799999989773395	3.40526741214435e-09	55.6023422292161	1.00000015110435
30.975	33.75	1.00000026976429	0.799999991237251	3.416773060493e-09	55.4823422077386	1.00000021581144
31.125	33.75	1.00000031813023	0.799999992454155	3.42787880096315e-09	55.3623421800502	1.00000025450419
31.275	33.75	1.00000034129913	0.799999993469451	3.43864174204e-09	55.2423421489213	1.00000027303931
31.425	33.75	1.00000034533335	0.799999994317115	3.44904285087405e-09	55.1223421164799	1.00000027626668
31.575	33.75	1.00000033524796	0.799999995022746	3.4590802480998e-09	55.0023420843222	1.00000026819837
31.725	33.75	1.00000031517156	0.799999995606773	3.46877481906449e-09	54.8823420536055	1.00000025213724
31.875	33.75	1.00000028847336	0.799999996085821	3.47812981525976e-09	54.7623420251272	1.00000023077869
32.025	33.75	1.00000025786737	0.799999996474059	3.48716033206408e-09	54.6423419993929	1.0000002062939
32.175	33.75	1.00000022550096	0.799999996783904	3.49588955131802e-09	54.5223419766745	1.00000018040077
32.325	33.75	1.00000019303282	0.799999997026614	3.50428618516527e-09	54.4023419570615	1.00000015442626
32.475	33.75	1.00000016170284	0.799999997212407	3.51240434295071e-09	54.2823419405042	1.00000012936227
32.625	33.75	1.00000013239565	0.799999997350426	3.52020586537729e-09	54.1623419268508	1.00000010591652
32.775	33.75	1.00000010569877	0.799999997449224	3.5277261760801e-09	54.0423419158791	1.00000008455901
32.925	33.75	1.00000008195548	0.799999997516528	3.5349827594733e-09	53.9223419073219	1.00000006556438
33.075	33.75	1.00000006131281	0.799999997559058	3.54194067033995e-09	53.8023419008887	1.00000004905025
33.225	33.75	1.00000004376435	0.799999997582989	3.54866116431488e-09	53.6823418962822	1.00000003501148
33.375	33.75	1.00000002918825	0.799999997593519	3.55511012454118e-09	53.5623418932111	1.0000000233506
33.525	33.75	1.0000000173799	0.799999997595115	3.56131255481536e-09	53.4423418914	1.00000001390392
33.675	33.75	1.00000000808004	0.799999997591566	3.56727536876279e-09	53.3223418905956	1.00000000646403
33.825	33.75	1.00000000099793	0.799999997585871	3.57300811944833e-09	53.2023418905711	1.00000000079835
33.975	33.75	0.999999995830318	0.799999997580337	3.57850606063072e-09	53.0823418911282	0.999999996664254
34.125	33.75	0.999999992276174	0.799999997576806	3.58378232815987e-09	52.9623418920976	0.999999993820939
34.275	33.75	0.999999990047916	0.799999997576561	3.58886530010276e-09	52.8423418933382	0.999999992038333
34.425	33.75	0.999999988879298	0.799999997580349	3.59371266259086e-09	52.7223418947355	0.999999991103438
34.575	33.75	0.99999998853066	0.799999997588749	3.59838894578165e-09	52.6023418961992	0.999999990824528
34.725	33.75	0.999999988791768	0.799999997601833	3.60283813113554e-09	52.482341897661	0.999999991033414
34.875	33.75	0.99999998948283	0.799999997619615	3.60711952279788e-09	52.3623418990707	0.999999991586264
35.025	33.75	0.999999990454035	0.799999997641735	3.61121783506031e-09	52.2423419003944	0.999999992363228
35.175	33.75	0.999999991583973	0.799999997667868	3.61513930126061e-09	52.122341901611	0.999999993267178
35.325	33.75	0.99999999277734	0.799999997697615	3.61890216344402e-09	52.0023419027099	0.999999994221872
35.475	33.75	0.999999993962095	0.799999997730426	3.62248516183348e-09	51.8823419036885	0.999999995169676
35.625	33.75	0.999999995086375	0.799999997765779	3.6259258918039e-09	51.7623419045501	0.9999999960691
35.775	33.75	0.999999996115378	0.799999997803271	3.62921101001107e-09	51.6423419053022	0.999999996892302
35.925	33.75	0.999999997028298	0.799999997842388	3.63234144031233e-09	51.5223419059549	0.999999997622639
36.075	33.75	0.999999997815468	0.799999997882713	3.63534849840031e-09	51.40234190652	0.999999998252374
36.225	33.75	0.999999998475762	0.799999997923928	3.63820845389256e-09	51.2823419070096	0.99999999878061
36.375	33.75	0.999999999014295	0.799999997965609	3.64095445275111e-09	51.1623419074355	0.999999999211436
36.525	33.75	0.99999999944046	0.79999999800763	3.64355945826893e-09	51.0423419078091	0.999999999552368
36.675	33.75	0.999999999766327	0.79999999804975	3.64605686045053e-09	50.9223419081407	0.999999999813062
36.825	33.75	1.00000000000534	0.799999998091767	3.64844540127766e-09	50.8023419084391	1.00000000000427
36.975	33.75	1.00000000017135	0.799999998133578	3.65070825920551e-09	50.6823419087121	1.00000000013708
37.125	33.75	1.0000000002779	0.799999998175159	3.65288132388698e-09	50.5623419089661	1.00000000022232
37.275	33.75	1.00000000033769	0.799999998216319	3.65495906274029e-09	50.4423419092062	1.00000000027015
37.425	33.75	1.00000000036182	0.799999998257017	3.65693806692675e-09	50.3223419094364	1.00000000028946
37.575	33.75	1.00000000035913	0.799999998297139	3.6588269873235e-09	50.2023419096597	1.00000000028731
37.725	33.75	1.00000000033566	0.799999998336757	3.66064167252628e-09	50.0823419098783	1.00000000026853
37.875	33.75	1.00000000029552	0.799999998376627	3.662356602279e-09	49.9623419100942	1.00000000023641
38.025	33.75	1.00000000024451	0.799999998417583	3.66402310079599e-09	49.8423419103086	1.00000000019561
38.175	33.75	1.00000000019656	0.79999999846047	3.66560008115847e-09	49.722341910522	1.00000000015725
38.325	33.75	1.00000000017805	0.799999998503668	3.66711063325013e-09	49.6023419107327	1.00000000014244
38.475	33.75	1.00000000021821	0.799999998540999	3.6685659100827e-09	49.4823419109367	1.00000000017456
38.625	33.75	1.00000000031038	0.799999998561961	3.66993944746155e-09	49.3623419111285	1.00000000024831
38.775	33.75	1.00000000034601	0.799999998559909	3.67129463637468e-09	49.2423419113085	1.00000000027681
38.925	33.75	1.00000000007387	0.799999998552889	3.67257325119444e-09	49.1223419114941	1.0000000000591
39.075	33.75	0.999999999212035	0.799999998607072	3.67381346123475e-09	49.0023419117285	0.999999999369628
39.225	33.75	0.999999997861595	0.799999998831195	3.6750050608703e-09	48.8823419120633	0.999999998289276
39.375	33.75	0.999999997187171	0.799999999286875	3.67615887023325e-09	48.7623419124897	0.999999997749737
39.525	33.75	0.99999999980028	0.799999999780346	3.67726161455032e-09	48.6423419128174	0.999999999840224
39.675	33.75	1.00000000854992	0.799999999633118	3.67834213965248e-09	48.522341912594	1.00000000683994
39.825	33.75	1.00000002228112	0.799999997762539	3.67940552614827e-09	48.4023419112858	1.0000000178249
39.975	33.75	1.00000002906866	0.79999999360504	3.68041961455693e-09	48.2823419089872	1.00000002325493
40.125	33.75	1.00000000269436	0.799999989145283	3.68141152864503e-09	48.1623419076232	1.00000000215549
40.275	33.75	0.99999991505161	0.799999991060049	3.68238609358864e-09	48.0423419117263	0.999999932041288
40.425	33.75	0.999999777875213	0.800000009734729	3.68334517667619e-09	47.9223419266152	0.99999982230017
40.575	33.75	0.999999707649961	0.800000050274507	3.68427893977655e-09	47.8023419514539	0.999999766119968
40.725	33.75	0.999999957517795	0.80000009349076	3.68521269492225e-09	47.6823419676641	0.999999966014236
40.875	33.75	1.00000079734945	0.800000076698335	3.6861208287933e-09	47.5623419315632	1.00000063787956
41.025	33.75	1.00000212196185	0.799999904182889	3.68702300706504e-09	47.4423417915635	1.00000169756948
41.175	33.75	1.00000285290254	0.799999530054215	3.68790228968626e-09	47.3223415528917	1.00000228232203
41.325	33.75	1.00000065163094	0.799999127803947	3.68880577801273e-09	47.2023413847903	1.00000052130475
41.475	33.75	0.999993003857978	0.799999255362656	3.68971778079854e-09	47.0823416894376	0.999994403086383
41.625	33.75	0.999980706637768	0.800000755971723	3.69065451830855e-09	46.9623429514395	0.999984565310214
41.775	33.75	0.99997313846409	0.800004040601049	3.69156954879185e-09	46.8423451669751	0.999978510771272
41.925	33.75	0.999990827520878	0.800007657521146	3.69242127566489e-09	46.7223468967002	0.999992662016703
42.075	33.75	1.00005637953649	0.800006936146235	3.69311611599937e-09	46.6023446308516	1.00004510362919
42.225	33.75	1.00016528886137	0.799994824025818	3.69370808763651e-09	46.4823339908915	1.0001322310891
42.375	33.75	1.00024184955255	0.799967674102487	3.69440427717357e-09	46.3623144483878	1.00019347964204
42.525	33.75	1.00011633628404	0.799936550384796	3.69569324492978e-09	46.242297255423	1.00009306902723
42.675	33.75	0.999594226904201	0.799937860587837	3.69817694007434e-09	46.1223111484774	0.999675381523361
42.825	33.75	0.998683926302656	0.800027372385448	3.70182845785396e-09	46.0023937996295	0.998947141042125
42.975	33.75	0.997944673224328	0.800237006772741	3.70500764300824e-09	45.8825556315575	0.998355738579462
43.125	33.75	0.998684258978371	0.800490005415607	3.70383023864076e-09	45.762717437249	0.998947407182697
43.275	33.75	1.00248296175509	0.800522975096096	3.69360964526716e-09	45.6426614069418	1.00198636940408
43.425	33.75	1.00955927622766	0.799934825531741	3.67384426240691e-09	45.5220835044167	1.00764742098213
43.575	33.75	1.01623380735614	0.798479881574648	3.65543838855289e-09	45.4008457277716	1.01298704588491
43.725	33.75	1.01328677097796	0.796573391806271	3.66489475677023e-09	45.2794285714862	1.01062941678237
43.875	33.75	0.988680897762094	0.79583325060888	3.73875068750485e-09	45.1593335770559	0.990944718209675
44.025	33.75	0.938367896703954	0.7993510072953	3.89834885756107e-09	45.0428405446063	0.950694317363163
44.175	33.75	0.884673133567242	0.810192428701507	4.08442501704222e-09	44.9313520389917	0.907738506853794
44.325	33.75	0.88912790163895	0.824441952897795	4.07004041617835e-09	44.8222076849582	0.91130232131116
44.475	33.75	1.03257195119375	0.826489829155621	3.61574098524419e-09	44.7059572793531	1.026057560955
44.625	33.75	1.34924434146094	0.808622133118278	2.89987118934846e-09	44.5677998434809	1.27939547316875
44.775	33.75	1.76408811750394	0.709537047634636	2.30228069540398e-09	44.3955930303684	1.61127049400316
44.925	33.75	2.11154506557913	0.834636814316286	1.96329272301019e-09	44.2248230107042	1.8892360524633
0.075	34.25	3.47473593923292e-16	0.399999999840325	-1.62225440298884e-08	65.3895333911025	0.2
0.225	34.25	1.09796498670545e-15	0.799999999521125	-1.62163599910987e-08	65.3655333911121	0.200000000000001
0.375	34.25	2.54818929828753e-15	0.799999999202252	-1.62037860964432e-08	65.3415333911313	0.200000000000002
0.525	34.25	4.6162658158587e-15	0.799999998883031	-1.61851670180086e-08	65.31753339116	0.200000000000004
0.675	34.25	7.14881700453573e-15	0.799999998565637	-1.61603324607538e-08	65.2935333911983	0.200000000000006
0.825	34.25	9.93588427553244e-15	0.799999998247528	-1.61292000635268e-08	65.2695333912461	0.200000000000008
0.975	34.25	1.2737970442857e-14	0.799999997931416	-1.60917651496318e-08	65.2455333913034	0.20000000000001
1.125	34.25	1.52997074237777e-14	0.799999997615571	-1.60483917461402e-08	65.2215333913702	0.200000000000012
1.275	34.25	1.73403389022106e-14	0.799999997300843	-1.59988453575028e-08	65.1975333914465	0.200000000000014
1.425	34.25	1.85241247376901e-14	0.799999996987344	-1.59432012077159e-08	65.1735333915321	0.200000000000015
1.575	34.25	1.84215049072159e-14	0.799999996675763	-1.58814890593561e-08	65.1495333916272	0.200000000000015
1.725	34.25	1.64738684122636e-14	0.799999996365084	-1.58137165608674e-08	65.1255333917316	0.200000000000013
1.875	34.25	1.19727217571381e-14	0.799999996056339	-1.57399014050121e-08	65.1015333918453	0.20000000000001
2.025	34.25	4.06047172000382e-15	0.799999995749552	-1.5660216580576e-08	65.0775333919682	0.200000000000003
2.175	34.25	-8.24291961650465e-15	0.799999995444758	-1.55746088782857e-08	65.0535333921003	0.199999999999993
2.325	34.25	-2.5984509476479e-14	0.79999999514162	-1.54830747898213e-08	65.0295333922415	0.199999999999979
2.475	34.25	-5.01910924701979e-14	0.799999994840887	-1.53858997916736e-08	65.0055333923918	0.19999999999996
2.625	34.25	-8.17460223219457e-14	0.799999994542613	-1.528286672186e-08	64.9815333925511	0.199999999999935
2.775	34.25	-1.21225243443586e-13	0.79999999424703	-1.51743633600373e-08	64.9575333927193	0.199999999999903
2.925	34.25	-1.68687694178425e-13	0.799999993954286	-1.50600780485947e-08	64.9335333928963	0.199999999999865
3.075	34.25	-2.23416650375892e-13	0.799999993663425	-1.49403443869669e-08	64.9095333930821	0.199999999999821
3.225	34.25	-2.8361167350201e-13	0.799999993375724	-1.48149998699383e-08	64.8855333932765	0.199999999999773
3.375	34.25	-3.46035691566061e-13	0.799999993091493	-1.46844262942687e-08	64.8615333934796	0.199999999999723
3.525	34.25	-4.05628546692328e-13	0.799999992810347	-1.45483911500037e-08	64.8375333936911	0.199999999999676
3.675	34.25	-4.55107088496433e-13	0.799999992531764	-1.44072743289577e-08	64.8135333939111	0.199999999999636
3.825	34.25	-4.84582707004808e-13	0.799999992256983	-1.42607909549777e-08	64.7895333941393	0.199999999999612
3.975	34.25	-4.8123993530586e-13	0.79999999198611	-1.41094735413908e-08	64.7655333943757	0.199999999999615
4.125	34.25	-4.29134297469987e-13	0.799999991718145	-1.39529674750301e-08	64.7415333946202	0.199999999999657
4.275	34.25	-3.09183359228096e-13	0.799999991454676	-1.37918267663277e-08	64.7175333948727	0.199999999999753
4.425	34.25	-9.94412976377051e-14	0.799999991193967	-1.36255586781171e-08	64.693533395133	0.19999999999992
4.575	34.25	2.24237059821316e-13	0.79999999093781	-1.3454804662031e-08	64.6695333954011	0.200000000000179
4.725	34.25	6.87023352609796e-13	0.799999990685795	-1.32793793550786e-08	64.6455333956767	0.20000000000055
4.875	34.25	1.31330564753607e-12	0.799999990437343	-1.3099527223006e-08	64.6215333959598	0.200000000001051
5.025	34.25	2.12411096860405e-12	0.799999990193539	-1.29150299288452e-08	64.5975333962502	0.200000000001699
5.175	34.25	3.13363848388439e-12	0.799999989953702	-1.27264769798489e-08	64.5735333965478	0.200000000002507
5.325	34.25	4.3448035907439e-12	0.799999989719026	-1.25334612272236e-08	64.5495333968524	0.200000000003476
5.475	34.25	5.74373329279273e-12	0.799999989487512	-1.23366223909291e-08	64.5255333971638	0.200000000004595
5.625	34.25	7.2932154287997e-12	0.799999989261766	-1.21357551613175e-08	64.501533397482	0.200000000005835
5.775	34.25	8.92519285479998e-12	0.799999989039755	-1.193090149823e-08	64.4775333978067	0.20000000000714
5.925	34.25	1.05325121168825e-11	0.799999988823165	-1.17223940046794e-08	64.4535333981379	0.200000000008426
6.075	34.25	1.19602875811705e-11	0.799999988610871	-1.1510151570164e-08	64.4295333984753	0.200000000009568
6.225	34.25	1.29974276137751e-11	0.799999988403209	-1.12943994156176e-08	64.4055333988189	0.200000000010398
6.375	34.25	1.33690888259976e-11	0.79999998820074	-1.10752675230925e-08	64.3815333991686	0.200000000010695
6.525	34.25	1.27310738689143e-11	0.799999988003078	-1.08528137292371e-08	64.3575333995243	0.200000000010185
6.675	34.25	1.06674608965945e-11	0.799999987810536	-1.06271456394545e-08	64.333533399886	0.200000000008534
6.825	34.25	6.69303668272552e-12	0.799999987623115	-1.03985288971263e-08	64.3095334002537	0.200000000005354
6.975	34.25	2.62383789376167e-13	0.799999987440802	-1.01668151587805e-08	64.2855334006273	0.20000000000021
7.125	34.25	-9.21227818676173e-12	0.799999987263581	-9.93226151716723e-09	64.2615334010072	0.19999999999263
7.275	34.25	-2.23322057261578e-11	0.79999998709127	-9.69517282990719e-09	64.2375334013933	0.199999999982134
7.425	34.25	-3.9669810669335e-11	0.799999986925121	-9.45550502338927e-09	64.213533401786	0.199999999968264
7.575	34.25	-6.17105586460814e-11	0.799999986764362	-9.21325469906296e-09	64.1895334021854	0.199999999950632
7.725	34.25	-8.87769682621967e-11	0.799999986608703	-8.9687164688189e-09	64.1655334025919	0.199999999928978
7.875	34.25	-1.20933062469704e-10	0.799999986458719	-8.72189508041826e-09	64.1415334030059	0.199999999903254
8.025	34.25	-1.57868391764604e-10	0.79999998631518	-8.47302125909673e-09	64.1175334034276	0.199999999873705
8.175	34.25	-1.98761871593625e-10	0.799999986177781	-8.22218395665465e-09	64.0935334038573	0.199999999840991
8.325	34.25	-2.42127206402572e-10	0.799999986045785	-7.96962712766735e-09	64.0695334042951	0.199999999806298
8.475	34.25	-2.85643652813708e-10	0.79999998592055	-7.71518818979038e-09	64.0455334047411	0.199999999771485
8.625	34.25	-3.25978332935466e-10	0.799999985801812	-7.45920943521606e-09	64.0215334051948	0.199999999739217
8.775	34.25	-3.58609251147478e-10	0.79999998568993	-7.2016779218634e-09	63.9975334056555	0.199999999713113
8.925	34.25	-3.77661570361906e-10	0.799999985584675	-6.94290752536372e-09	63.9735334061222	0.199999999697871
9.075	34.25	-3.75773504172549e-10	0.799999985486056	-6.68286340949305e-09	63.949533406593	0.199999999699381
9.225	34.25	-3.44012271393989e-10	0.799999985394595	-6.42167588655371e-09	63.9255334070652	0.19999999972479
9.375	34.25	-2.71864775823543e-10	0.799999985309873	-6.15955308333043e-09	63.9015334075354	0.199999999782508
9.525	34.25	-1.47331792550118e-10	0.799999985231746	-5.8964198043307e-09	63.8775334079988	0.199999999882135
9.675	34.25	4.28418287824389e-11	0.799999985159902	-5.63271580504786e-09	63.8535334084497	0.200000000034273
9.825	34.25	3.12765454078789e-10	0.799999985093966	-5.36822774337677e-09	63.829533408881	0.200000000250212
9.975	34.25	6.76792158642299e-10	0.799999985033135	-5.10333909699479e-09	63.8055334092841	0.200000000541434
10.125	34.25	1.14866200719281e-09	0.799999984976231	-4.83800818230785e-09	63.7815334096491	0.20000000091893
10.275	34.25	1.74036379201439e-09	0.799999984922648	-4.57233707397199e-09	63.7575334099649	0.200000001392291
10.425	34.25	2.46068478988466e-09	0.79999998487058	-4.30651228549166e-09	63.7335334102196	0.200000001968548
10.575	34.25	3.31342637977312e-09	0.799999984818282	-4.04070108960035e-09	63.7095334104002	0.200000002650741
10.725	34.25	4.29527561264907e-09	0.799999984763947	-3.77495577247832e-09	63.6855334104943	0.200000003436221
10.875	34.25	5.39333955950261e-09	0.799999984705062	-3.50920327878398e-09	63.6615334104897	0.200000004314672
11.025	34.25	6.58237089989057e-09	0.799999984639731	-3.24382992618057e-09	63.6375334103764	0.200000005265897
11.175	34.25	7.82174001216415e-09	0.799999984564645	-2.97891190080278e-09	63.6135334101475	0.200000006257392
11.325	34.25	9.05224084145493e-09	0.799999984477756	-2.71434970120357e-09	63.5895334098008	0.200000007241793
11.475	34.25	1.01928548381959e-08	0.799999984375994	-2.45046956341421e-09	63.5655334093408	0.200000008154284
11.625	34.25	1.11376387433484e-08	0.79999998425786	-2.18725497962965e-09	63.5415334087812	0.200000008910111
11.775	34.25	1.17529470381293e-08	0.799999984120759	-1.92478738895786e-09	63.5175334081469	0.200000009402358
11.925	34.25	1.18752471570015e-08	0.799999983964315	-1.66338648122201e-09	63.4935334074774	0.200000009500198
12.075	34.25	1.1309833329688e-08	0.799999983788032	-1.40283777281776e-09	63.469533406829	0.200000009047867
12.225	34.25	9.83079098597846e-09	0.799999983593207	-1.14343828984666e-09	63.4455334062786	0.200000007864633
12.375	34.25	7.18260544232978e-09	0.799999983382726	-8.85252330371427e-10	63.4215334059259	0.200000005746084
12.525	34.25	3.08384318264357e-09	0.79999998316188	-6.28389968718956e-10	63.3975334058966	0.200000002467075
12.675	34.25	-2.76664166221959e-09	0.799999982937589	-3.72767532302122e-10	63.3735334063441	0.199999997786687
12.825	34.25	-1.06805121682454e-08	0.799999982719851	-1.18788317424247e-10	63.3495334074515	0.19999999145559
12.975	34.25	-2.09673067902774e-08	0.799999982522059	1.3366994900545e-10	63.3255334094316	0.199999983226155
13.125	34.25	-3.39179169170956e-08	0.799999982360936	3.84564029538423e-10	63.3015334125259	0.199999972865666
13.275	34.25	-4.97837938741068e-08	0.799999982256095	6.33569198546344e-10	63.2775334170022	0.199999960172965
13.425	34.25	-6.87515590824295e-08	0.799999982232799	8.80926747354332e-10	63.253533423149	0.199999944998753
13.575	34.25	-9.09127718351411e-08	0.799999982317734	1.12626893735889e-09	63.2295334312685	0.199999927269783
13.725	34.25	-1.16228701363235e-07	0.799999982544303	1.36964639796932e-09	63.2055334416652	0.199999907017039
13.875	34.25	-1.44490043718673e-07	0.799999982947962	1.61095408023444e-09	63.1815334546318	0.199999884407965
14.025	34.25	-1.75271604216543e-07	0.799999983569381	1.85007072139353e-09	63.1575334704304	0.199999859782717
14.175	34.25	-2.07882010376554e-07	0.799999984452319	2.0869887732421e-09	63.1335334892698	0.199999833694392
14.325	34.25	-2.41308496990499e-07	0.799999985644872	2.32170994335296e-09	63.1095335112766	0.199999806953202
14.475	34.25	-2.7415667090833e-07	0.799999987199728	2.5539745911092e-09	63.0855335364623	0.199999780674663
14.625	34.25	-3.04584860144221e-07	0.799999989174407	2.78377253456456e-09	63.0615335646827	0.199999756332112
14.775	34.25	-3.30232102327008e-07	0.799999991632715	3.01115272472297e-09	63.0375335955921	0.199999735814318
14.925	34.25	-3.48137928636557e-07	0.799999994648289	3.23593269348332e-09	63.0135336285893	0.199999721489657
15.075	34.25	-3.54650715728229e-07	0.799999998307604	3.45807177031895e-09	62.9895336627557	0.199999716279427
15.225	34.25	-3.45319331529036e-07	0.800000002717155	3.67750793415899e-09	62.9655336967838	0.199999723744535
15.375	34.25	-3.14759856693534e-07	0.800000008013326	3.89414181788587e-09	62.941533728894	0.199999748192115
15.525	34.25	-2.56485013292036e-07	0.800000014376937	4.1080114408868e-09	62.9175337567369	0.199999794811989
15.675	34.25	-1.62678168713543e-07	0.80000002205387	4.3190833247014e-09	62.8935337772765	0.199999869857465
15.825	34.25	-2.38858664404956e-08	0.800000031384493	4.52706182248347e-09	62.8695337866479	0.199999980891307
15.975	34.25	1.71407952340855e-07	0.800000042845283	4.73221375463326e-09	62.8455337799795	0.200000137126362
16.125	34.25	4.37377494478903e-07	0.800000057105439	4.93426854948567e-09	62.8215337511668	0.200000349901996
16.275	34.25	7.91691638444061e-07	0.800000075105434	5.13317064758298e-09	62.7975336925767	0.200000633353311
16.425	34.25	1.25668926971664e-06	0.800000098162501	5.32900576141142e-09	62.7735335946557	0.200001005351416
16.575	34.25	1.86102708112432e-06	0.800000128118734	5.52154641783396e-09	62.7495334454026	0.200001488821665
16.725	34.25	2.64198158470511e-06	0.800000167535797	5.71095426221878e-09	62.7255332296513	0.200002113585268
16.875	34.25	3.64865151528991e-06	0.800000219961381	5.89714739379396e-09	62.7015329280899	0.200002918921212
17.025	34.25	4.94639300683761e-06	0.800000290287357	6.07982742747782e-09	62.6775325159124	0.200003957114405
17.175	34.25	6.62293531942457e-06	0.800000385232693	6.25933227249283e-09	62.6535319609648	0.200005298348256
17.325	34.25	8.79677994411804e-06	0.800000513991024	6.43538636912243e-09	62.6295312211942	0.200007037423955
17.475	34.25	1.16286954743764e-05	0.80000068911044	6.60789483152059e-09	62.6055302411425	0.20000930295638
17.625	34.25	1.53374053203576e-05	0.800000927677194	6.77700252883688e-09	62.5815289471361	0.200012269924256
17.775	34.25	2.02209521273409e-05	0.80000125292009	6.94251408794609e-09	62.5575272406967	0.200016176761702
17.925	34.25	2.66857442531051e-05	0.800001696365677	7.10442866965706e-09	62.533524989532	0.200021348595402
18.075	34.25	3.52859829574098e-05	0.800002300718039	7.26279536040439e-09	62.509522015241	0.200028228786366
18.225	34.25	4.6777078027106e-05	0.800003123686943	7.41744248420452e-09	62.4855180765607	0.200037421662422
18.375	34.25	6.21878486661189e-05	0.800004243074522	7.56834093894765e-09	62.4615128465857	0.200049750278933
18.525	34.25	8.29178919258087e-05	0.800005763602439	7.71541034500721e-09	62.437505881846	0.200066334313541
18.675	34.25	0.000110868698304286	0.800007826243859	7.85856731242321e-09	62.4134965804196	0.200088694958643
18.825	34.25	0.00014862025448375	0.800010621158111	7.99757503958623e-09	62.3894841252731	0.200118896203587
18.975	34.25	0.000199669453461151	0.800014405664856	8.13248223706909e-09	62.3654674076824	0.200159735562769
19.125	34.25	0.00026875304100572	0.800019528691911	8.26294252489433e-09	62.3414449237078	0.200215002432805
19.275	34.25	0.000362286153108915	0.800026462740924	8.38878764461378e-09	62.3174146341174	0.200289828922487
19.425	34.25	0.000488957298399493	0.800035843691213	8.5096232695557e-09	62.293373774701	0.20039116583872
19.575	34.25	0.000660531180144985	0.800048518692721	8.62498765280233e-09	62.2693185994884	0.200528424944116
19.725	34.25	0.00089292219620982	0.800065604680834	8.73433257180917e-09	62.2452440339013	0.200714337756968
19.875	34.25	0.00120761710847384	0.800088566472416	8.83669635004332e-09	62.2211432080867	0.200966093686779
20.025	34.25	0.00163355409668264	0.800119333835398	8.93091716324724e-09	62.1970068317591	0.201306843277346
20.175	34.25	0.00220962176322052	0.800160486352808	9.01564545654756e-09	62.1728223588848	0.201767697410576
20.325	34.25	0.00298804032903053	0.800215531655677	9.08885968647553e-09	62.148572870092	0.202390432263224
20.475	34.25	0.00403902960970816	0.800289270357143	9.14791352739685e-09	62.1242355686782	0.203231223687767
20.625	34.25	0.00545732366814643	0.800388167668825	9.18949766976029e-09	62.0997797397764	0.204365858934517
20.775	34.25	0.00737118397742554	0.800520543533195	9.20878488001292e-09	62.0751639640682	0.20589694718194
20.925	34.25	0.00995447744657162	0.800696286872622	9.20033460762351e-09	62.0503323189554	0.207963581957257
21.075	34.25	0.0134420120165479	0.800925759068959	9.15668893698007e-09	62.0252092637048	0.210753609613238
21.225	34.25	0.0181476176112516	0.801217639956753	9.06905645914624e-09	61.9996929205286	0.214518094089001
21.375	34.25	0.0244834935424686	0.801575706004982	8.92755859800084e-09	61.9736465593826	0.219586794833975
21.525	34.25	0.032978262967633	0.801994869276375	8.7218393297654e-09	61.9468882884991	0.226382610374106
21.675	34.25	0.0442900722132549	0.802457171533157	8.44332799893261e-09	61.9191792517786	0.235432057770604
21.825	34.25	0.0592098318903269	0.802928783516506	8.08703271087731e-09	61.890211045549	0.247367865512261
21.975	34.25	0.0786480165912348	0.803359396794592	7.65428952780126e-09	61.8595936179775	0.262918413272988
22.125	34.25	0.103596190577996	0.803685579906846	7.15461404492722e-09	61.8268456521811	0.282876952462396
22.275	34.25	0.135052302874562	0.803839325059691	6.6057025595934e-09	61.7913903797029	0.308041842299649
22.425	34.25	0.173898993692391	0.803761741179302	6.0317644551476e-09	61.7525608081998	0.339119194953913
22.575	34.25	0.220730585070041	0.803419692785277	5.45977348798439e-09	61.7096190693219	0.376584468056033
22.725	34.25	0.275641526951648	0.802820789644428	4.91510009458538e-09	61.6617941949098	0.420513221561318
22.875	34.25	0.338017856497811	0.802020577769716	4.41785757409855e-09	61.6083400423449	0.470414285198249
23.025	34.25	0.406404723579309	0.801116450606909	3.98114449455296e-09	61.548609613868	0.525123778863447
23.175	34.25	0.478534572461184	0.800226928673297	3.61065611345902e-09	61.4821344529892	0.582827657968947
23.325	34.25	0.551566086920222	0.799461971172078	3.30613888520368e-09	61.4086912978633	0.641252869536178
23.475	34.25	0.622501308093311	0.79889592985559	3.06304671396219e-09	61.3283372680595	0.698001046474649
23.625	34.25	0.688659258014689	0.7985544100267	2.87423730466258e-09	61.2414022393443	0.750927406411751
23.775	34.25	0.748051810307635	0.798418743640559	2.7317425635822e-09	61.1484403504595	0.798441448246108
23.925	34.25	0.799557781235142	0.798442568734438	2.62753985120391e-09	61.0501550539505	0.839646224988114
24.075	34.25	0.842886470454699	0.798570849506655	2.55433670592718e-09	60.9473175638472	0.874309176363759
24.225	34.25	0.878398156079772	0.798753961136278	2.5057361469332e-09	60.8406957074404	0.902718524863818
24.375	34.25	0.906872100458632	0.798954491931989	2.4764250118642e-09	60.7310025645894	0.925497680366905
24.525	34.25	0.929292198169164	0.799148195353526	2.4620276496662e-09	60.6188665487399	0.943433758535331
24.675	34.25	0.9466850940823	0.799321771713123	2.45898489147906e-09	60.5048195489186	0.95734807526584
24.825	34.25	0.960016774639826	0.799469691167792	2.46454205835126e-09	60.3892978008396	0.968013419711861
24.975	34.25	0.970138073074493	0.799591291868321	2.47653610474739e-09	60.2726503320077	0.976110458459594
25.125	34.25	0.977764769229747	0.799688595984521	2.49320863971861e-09	60.1551509740939	0.982211815383797
25.275	34.25	0.983479107281488	0.799764850894616	2.51330176217791e-09	60.0370112557266	0.986783285825191
25.425	34.25	0.987742791115705	0.799823639632099	2.5357556073848e-09	59.9183925978579	0.990194232892564
25.575	34.25	0.990914817871758	0.799868385576013	2.5598497904767e-09	59.7994170291381	0.992731854297406
25.725	34.25	0.993270126793654	0.799902110499418	2.58497967566255e-09	59.6801761501759	0.994616101434923
25.875	34.25	0.995016874806531	0.799927346910483	2.61076035712401e-09	59.5607383735358	0.996013499845225
26.025	34.25	0.996311339962768	0.799946139190007	2.63682413168911e-09	59.4411546192504	0.997049071970215
26.175	34.25	0.997270176124432	0.799960091341832	2.66296418285457e-09	59.3214627068241	0.997816140899546
26.325	34.25	0.997980145943083	0.799970434675998	2.68898273414653e-09	59.2016906918855	0.998384116754467
26.475	34.25	0.998505654705786	0.799978099149049	2.71477881047116e-09	59.081859374068	0.998804523764629
26.625	34.25	0.998894473356996	0.799983779212958	2.7402349237062e-09	58.9619841685827	0.999115578685597
26.775	34.25	0.999182029807705	0.799987989879641	2.76528505040324e-09	58.8420764971158	0.999345623846164
26.925	34.25	0.999394600869663	0.799991111856159	2.7899104109825e-09	58.722144819538	0.999515680695731
27.075	34.25	0.99955167693081	0.79999342644114	2.81405176540974e-09	58.6021953989006	0.999641341544648
27.225	34.25	0.999667711987344	0.799995141746146	2.83767645386741e-09	58.4822328689276	0.999734169589875
27.375	34.25	0.999753419908607	0.799996412043246	2.8607866602896e-09	58.3622606552877	0.999802735926886
27.525	34.25	0.999816736207243	0.79999735190992	2.88338789638258e-09	58.2422812884799	0.999853388965794
27.675	34.25	0.999863532816504	0.799998046552394	2.90543870574473e-09	58.1222966362465	0.999890826253203
27.825	34.25	0.999898149900212	0.799998559366758	2.92697379089634e-09	58.0023080761494	0.999918519920169
27.975	34.25	0.999923791678203	0.79999893751016	2.94795311402915e-09	57.8823166236204	0.999939033342562
28.125	34.25	0.999942820940941	0.799999216033368	2.96844540268746e-09	57.7623230268747	0.999954256752753
28.275	34.25	0.999956977996963	0.799999420960055	2.98838011364842e-09	57.642327837179	0.99996558239757
28.425	34.25	0.999967543255875	0.799999571588354	3.00782610320956e-09	57.5223314608053	0.9999740346047
28.575	34.25	0.999975457806054	0.799999682211705	3.02675109009155e-09	57.402334197394	0.999980366244843
28.725	34.25	0.999981412728963	0.799999763404242	3.04517510651377e-09	57.2823362682412	0.99998513018317
28.875	34.25	0.999985915176918	0.79999982297953	3.06309851068274e-09	57.1623378371277	0.999988732141534
29.025	34.25	0.99998933720168	0.79999986670379	3.08055824372783e-09	57.0423390256328	0.999991469761344
29.175	34.25	0.999991951790877	0.799999898826533	3.09751726691164e-09	56.9223399243735	0.999993561432701
29.325	34.25	0.999993959424974	0.799999922473805	3.11400178081295e-09	56.8023406012408	0.99999516753998
29.475	34.25	0.99999550761444	0.799999939940468	3.13004311441905e-09	56.6823411074217	0.999996406091552
29.625	34.25	0.99999670524218	0.799999952906967	3.14564300285469e-09	56.5623414817966	0.999997364193744
29.775	34.25	0.999997633065878	0.799999962600104	3.1607798793411e-09	56.4423417541431	0.999998106452702
29.925	34.25	0.999998351385298	0.799999969912424	3.17547616561476e-09	56.3223419474679	0.999998681108238
30.075	34.25	0.999998905620679	0.799999975490753	3.18975709870298e-09	56.2023420797034	0.999999124496543
30.225	34.25	0.99999933035572	0.79999997980215	3.20361534542317e-09	56.0823421649415	0.999999464284576
30.375	34.25	0.99999965225599	0.799999983182133	3.217068486791e-09	55.9623422143344	0.999999721804792
30.525	34.25	0.999999892166617	0.799999985871092	3.23011766218741e-09	55.8423422367537	0.999999913733294
30.675	34.25	1.00000006661444	0.799999988040684	3.24279013125082e-09	55.7223422392771	1.00000005329155
30.825	34.25	1.00000018888045	0.799999989813062	3.25505148235831e-09	55.6023422275516	1.00000015110436
30.975	34.25	1.0000002697643	0.799999991275749	3.26696123566841e-09	55.4823422060681	1.00000021581144
31.125	34.25	1.00000031813025	0.799999992491315	3.2784836244289e-09	55.3623421783741	1.0000002545042
31.275	34.25	1.00000034129913	0.799999993505495	3.28965595773432e-09	55.2423421472397	1.00000027303931
31.425	34.25	1.00000034533336	0.799999994351937	3.30046357106307e-09	55.122342114793	1.00000027626669
31.575	34.25	1.00000033524796	0.799999995056463	3.31092977387762e-09	55.0023420826302	1.00000026819836
31.725	34.25	1.00000031517155	0.799999995639336	3.32106640696709e-09	54.8823420519085	1.00000025213724
31.875	34.25	1.00000028847335	0.799999996117326	3.33087516611968e-09	54.7623420234254	1.00000023077868
32.025	34.25	1.00000025786737	0.799999996504418	3.34035653728032e-09	54.6423419976864	1.00000020629389
32.175	34.25	1.00000022550095	0.799999996813313	3.34951360045619e-09	54.5223419749636	1.00000018040076
32.325	34.25	1.00000019303282	0.799999997054979	3.35840269217768e-09	54.4023419553463	1.00000015442625
32.475	34.25	1.00000016170283	0.799999997239751	3.36695676247321e-09	54.2823419387848	1.00000012936226
32.625	34.25	1.00000013239565	0.799999997376843	3.37524531498467e-09	54.1623419251274	1.00000010591652
32.775	34.25	1.00000010569878	0.799999997474731	3.38322932864311e-09	54.0423419141518	1.00000008455902
32.925	34.25	1.00000008195548	0.79999999754107	3.39094914167631e-09	53.9223419055908	1.00000006556438
33.075	34.25	1.00000006131279	0.79999999758272	3.39840736908935e-09	53.802341899154	1.00000004905023
33.225	34.25	1.00000004376435	0.799999997605805	3.40558776723961e-09	53.682341894544	1.00000003501148
33.375	34.25	1.00000002918824	0.799999997615479	3.41252960443639e-09	53.5623418914695	1.00000002335059
33.525	34.25	1.00000001737989	0.799999997616301	3.41921526441057e-09	53.4423418896552	1.00000001390391
33.675	34.25	1.00000000808003	0.799999997611928	3.42565355966636e-09	53.3223418888477	1.00000000646402
33.825	34.25	1.00000000099792	0.799999997605429	3.43186410475307e-09	53.2023418888202	1.00000000079834
33.975	34.25	0.999999995830309	0.799999997599213	3.43785586218007e-09	53.0823418893745	0.999999996664247
34.125	34.25	0.999999992276178	0.799999997594942	3.4436244074803e-09	52.9623418903411	0.999999993820943
34.275	34.25	0.999999990047913	0.799999997593951	3.44916885842173e-09	52.842341891579	0.99999999203833
34.425	34.25	0.999999988879291	0.799999997597094	3.45451733810039e-09	52.7223418929737	0.999999991103432
34.575	34.25	0.999999988530653	0.799999997604832	3.45965207726292e-09	52.602341894435	0.999999990824522
34.725	34.25	0.99999998879176	0.799999997617261	3.46460007150829e-09	52.4823418958944	0.999999991033408
34.875	34.25	0.999999989482818	0.799999997634434	3.46936260090693e-09	52.3623418973018	0.999999991586255
35.025	34.25	0.999999990454019	0.79999999765593	3.47392662924519e-09	52.2423418986234	0.999999992363215
35.175	34.25	0.99999999158397	0.799999997681521	3.47832874707814e-09	52.1223418998379	0.999999993267176
35.325	34.25	0.999999992777343	0.799999997710686	3.4825476818296e-09	52.0023419009348	0.999999994221874
35.475	34.25	0.999999993962094	0.799999997742957	3.48661965870794e-09	51.8823419019114	0.999999995169675
35.625	34.25	0.999999995086374	0.799999997777824	3.49050239877664e-09	51.7623419027712	0.999999996069099
35.775	34.25	0.999999996115376	0.799999997814778	3.49425341246313e-09	51.6423419035215	0.999999996892301
35.925	34.25	0.999999997028298	0.799999997853445	3.4978509439823e-09	51.5223419041726	0.999999997622638
36.075	34.25	0.999999997815466	0.799999997893292	3.50131669696533e-09	51.4023419047361	0.999999998252373
36.225	34.25	0.999999998475762	0.799999997934032	3.5046250348485e-09	51.2823419052241	0.99999999878061
36.375	34.25	0.999999999014292	0.799999997975324	3.5077977028685e-09	51.1623419056485	0.999999999211433
36.525	34.25	0.999999999440463	0.799999998016939	3.51085117813027e-09	51.0423419060207	0.999999999552371
36.675	34.25	0.999999999766334	0.799999998058629	3.51379190076822e-09	50.9223419063509	0.999999999813067
36.825	34.25	1.00000000000534	0.799999998100249	3.51659092372144e-09	50.802341906648	1.00000000000428
36.975	34.25	1.00000000017136	0.799999998141752	3.51929975047368e-09	50.6823419069198	1.00000000013709
37.125	34.25	1.00000000027792	0.79999999818296	3.52189708340929e-09	50.5623419071726	1.00000000022234
37.275	34.25	1.0000000003377	0.799999998223835	3.52437066698069e-09	50.4423419074115	1.00000000027016
37.425	34.25	1.00000000036182	0.799999998264207	3.52676767994276e-09	50.3223419076406	1.00000000028946
37.575	34.25	1.00000000035913	0.799999998303981	3.52905987733512e-09	50.2023419078628	1.00000000028731
37.725	34.25	1.00000000033566	0.799999998343351	3.53126998643675e-09	50.0823419080805	1.00000000026853
37.875	34.25	1.00000000029552	0.799999998382906	3.53338770578384e-09	49.9623419082954	1.00000000023642
38.025	34.25	1.00000000024452	0.799999998423691	3.53541769487726e-09	49.8423419085089	1.00000000019562
38.175	34.25	1.00000000019657	0.799999998466258	3.53738253256065e-09	49.7223419087213	1.00000000015726
38.325	34.25	1.00000000017806	0.79999999850926	3.53926267263583e-09	49.6023419089313	1.00000000014245
38.475	34.25	1.00000000021822	0.799999998546347	3.54106453704703e-09	49.4823419091344	1.00000000017457
38.625	34.25	1.00000000031039	0.799999998567094	3.54281437993408e-09	49.3623419093255	1.00000000024831
38.775	34.25	1.00000000034602	0.799999998564902	3.54450024819074e-09	49.2423419095047	1.00000000027681
38.925	34.25	1.00000000007388	0.799999998557688	3.54613064102976e-09	49.1223419096896	1.0000000000591
39.075	34.25	0.999999999212038	0.799999998611653	3.54769991311654e-09	49.0023419099232	0.99999999936963
39.225	34.25	0.999999997861594	0.799999998835742	3.54921526881229e-09	48.8823419102574	0.999999998289275
39.375	34.25	0.999999997187174	0.799999999291161	3.5506838718349e-09	48.7623419106831	0.999999997749739
39.525	34.25	0.999999999800276	0.799999999784525	3.55210775573977e-09	48.6423419110101	0.999999999840221
39.675	34.25	1.00000000854991	0.799999999637195	3.55348308660547e-09	48.5223419107861	1.00000000683993
39.825	34.25	1.00000002228112	0.799999997766488	3.55482146719698e-09	48.4023419094774	1.0000000178249
39.975	34.25	1.00000002906866	0.799999993608879	3.55612105848044e-09	48.2823419071781	1.00000002325492
40.125	34.25	1.00000000269437	0.79999998914904	3.55739742763548e-09	48.1623419058135	1.00000000215549
40.275	34.25	0.999999915051622	0.799999991063719	3.55863044130397e-09	48.0423419099161	0.999999932041297
40.425	34.25	0.999999777875225	0.800000009738321	3.55984558933792e-09	47.9223419248045	0.99999982230018
40.575	34.25	0.999999707649968	0.800000050278058	3.56102392775839e-09	47.8023419496426	0.999999766119975
40.725	34.25	0.999999957517795	0.800000093494255	3.56219683533387e-09	47.6823419658523	0.999999966014236
40.875	34.25	1.00000079734944	0.80000007670174	3.5633376400152e-09	47.5623419297509	1.00000063787955
41.025	34.25	1.00000212196185	0.79999990418629	3.56445212789489e-09	47.4423417897507	1.00000169756948
41.175	34.25	1.00000285290254	0.799999530057547	3.56556683074137e-09	47.3223415510784	1.00000228232203
41.325	34.25	1.00000065163094	0.799999127807271	3.56666269041917e-09	47.2023413829765	1.00000052130475
41.475	34.25	0.999993003857973	0.799999255365985	3.56778534724628e-09	47.0823416876232	0.999994403086378
41.625	34.25	0.999980706637771	0.80000075597499	3.56888256815924e-09	46.9623429496247	0.999984565310216
41.775	34.25	0.999973138464085	0.800004040604344	3.56996880089673e-09	46.8423451651598	0.999978510771268
41.925	34.25	0.999990827520881	0.800007657524393	3.57098046122858e-09	46.7223468948844	0.999992662016704
42.075	34.25	1.0000563795365	0.800006936149551	3.57186070039638e-09	46.6023446290353	1.0000451036292
42.225	34.25	1.00016528886137	0.799994824029093	3.57260689379425e-09	46.4823339890747	1.0001322310891
42.375	34.25	1.00024184955254	0.799967674105798	3.5734249484597e-09	46.3623144465706	1.00019347964203
42.525	34.25	1.00011633628401	0.799936550388129	3.57485475663855e-09	46.2422972536052	1.00009306902721
42.675	34.25	0.999594226904194	0.799937860591186	3.57737824757301e-09	46.1223111466592	0.999675381523355
42.825	34.25	0.998683926302713	0.800027372388868	3.5810619820219e-09	46.0023937978107	0.99894714104217
42.975	34.25	0.99794467322447	0.800237006776145	3.5842720281556e-09	45.8825556297382	0.998355738579576
43.125	34.25	0.998684258978529	0.800490005419035	3.58324117398359e-09	45.7627174354291	0.998947407182823
43.275	34.25	1.00248296175512	0.80052297509955	3.57347316500484e-09	45.6426614051215	1.0019863694041
43.425	34.25	1.00955927622737	0.799934825535294	3.55445157592085e-09	45.5220835025958	1.00764742098189
43.575	34.25	1.0162338073555	0.798479881578289	3.53672505659975e-09	45.4008457259502	1.0129870458844
43.725	34.25	1.01328677097735	0.796573391810005	3.54596828574442e-09	45.2794285696643	1.01062941678188
43.875	34.25	0.988680897762262	0.795833250612679	3.61747989531899e-09	45.1593335752335	0.99094471820981
44.025	34.25	0.938367896705591	0.799351007298925	3.77197452661438e-09	45.0428405427833	0.950694317364473
44.175	34.25	0.884673133569921	0.810192428704935	3.9520832357257e-09	44.9313520371679	0.907738506855936
44.325	34.25	0.889127901640264	0.824441952901163	3.9381807603383e-09	44.8222076831337	0.911302321312211
44.475	34.25	1.03257195119031	0.826489829159575	3.49865878273743e-09	44.7059572775281	1.02605756095224
44.625	34.25	1.34924434145134	0.808622133122718	2.80598366972014e-09	44.5677998416559	1.27939547316107
44.775	34.25	1.76408811749054	0.70953704763837	2.22775682485735e-09	44.3955930285437	1.61127049399243
44.925	34.25	2.11154506556499	0.834636814320377	1.89974078527453e-09	44.2248230088797	1.88923605245199
0.075	34.75	3.47473591846654e-16	0.399999999850314	-1.51914124222606e-08	65.3895333926716	0.2
0.225	34.75	1.09796499303974e-15	0.799999999550818	-1.51856981471348e-08	65.3655333926806	0.200000000000001
0.375	34.75	2.5481892869865e-15	0.799999999252308	-1.51742927962117e-08	65.3415333926985	0.200000000000002
0.525	34.75	4.61626583130532e-15	0.799999998953269	-1.51569224586878e-08	65.3175333927255	0.200000000000004
0.675	34.75	7.14881698246044e-15	0.799999998654697	-1.51338413414746e-08	65.2935333927613	0.200000000000006
0.825	34.75	9.93588430119478e-15	0.799999998357329	-1.51051542460422e-08	65.2695333928062	0.200000000000008
0.975	34.75	1.27379704085961e-14	0.799999998060516	-1.50708037312786e-08	65.2455333928599	0.20000000000001
1.125	34.75	1.52997074613806e-14	0.799999997764264	-1.50306184962446e-08	65.2215333929225	0.200000000000012
1.275	34.75	1.73403388548228e-14	0.79999999746946	-1.49847059349762e-08	65.197533392994	0.200000000000014
1.425	34.75	1.85241247900412e-14	0.799999997175265	-1.49333590628954e-08	65.1735333930744	0.200000000000015
1.575	34.75	1.84215048468992e-14	0.799999996882713	-1.4876227606318e-08	65.1495333931635	0.200000000000015
1.725	34.75	1.64738684841537e-14	0.799999996592142	-1.48137105887472e-08	65.1255333932614	0.200000000000013
1.875	34.75	1.19727216862959e-14	0.79999999630206	-1.47455032654421e-08	65.101533393368	0.20000000000001
2.025	34.75	4.06047181937883e-15	0.799999996013978	-1.46718118041629e-08	65.0775333934833	0.200000000000003
2.175	34.75	-8.24291969230633e-15	0.799999995728078	-1.45927444472503e-08	65.0535333936071	0.199999999999993
2.325	34.75	-2.59845093378988e-14	0.799999995443944	-1.45082335055435e-08	65.0295333937396	0.199999999999979
2.475	34.75	-5.01910925424293e-14	0.799999995161411	-1.44182783589647e-08	65.0055333938805	0.19999999999996
2.625	34.75	-8.17460221298687e-14	0.799999994881589	-1.43230739537602e-08	64.9815333940299	0.199999999999935
2.775	34.75	-1.21225243503556e-13	0.799999994603677	-1.42225653997544e-08	64.9575333941876	0.199999999999903
2.925	34.75	-1.68687693920755e-13	0.799999994328635	-1.41169881421571e-08	64.9335333943537	0.199999999999865
3.075	34.75	-2.23416650422076e-13	0.799999994055886	-1.40062923488414e-08	64.909533394528	0.199999999999821
3.225	34.75	-2.83611673179304e-13	0.799999993785995	-1.38903623575625e-08	64.8855333947104	0.199999999999773
3.375	34.75	-3.46035691617873e-13	0.799999993518299	-1.37695278020042e-08	64.8615333949009	0.199999999999723
3.525	34.75	-4.05628546335754e-13	0.799999993253918	-1.36438177346224e-08	64.8375333950993	0.199999999999676
3.675	34.75	-4.55107088615771e-13	0.799999992992519	-1.35133273745534e-08	64.8135333953057	0.199999999999636
3.825	34.75	-4.84582706701668e-13	0.799999992734256	-1.33777252794324e-08	64.7895333955199	0.199999999999612
3.975	34.75	-4.81239935624586e-13	0.79999999247927	-1.32377574974807e-08	64.7655333957417	0.199999999999615
4.125	34.75	-4.29134297392638e-13	0.799999992227221	-1.3092955629683e-08	64.7415333959712	0.199999999999657
4.275	34.75	-3.09183359974378e-13	0.799999991978686	-1.29435924262224e-08	64.7175333962082	0.199999999999753
4.425	34.75	-9.94412980646231e-14	0.799999991734055	-1.27899918993846e-08	64.6935333964526	0.19999999999992
4.575	34.75	2.24237058313613e-13	0.79999999149272	-1.26318499359053e-08	64.6695333967042	0.200000000000179
4.725	34.75	6.8702335130236e-13	0.799999991255186	-1.24694131765433e-08	64.6455333969629	0.20000000000055
4.875	34.75	1.31330564486209e-12	0.799999991021288	-1.23027153721671e-08	64.6215333972287	0.200000000001051
5.025	34.75	2.12411096601328e-12	0.799999990791357	-1.21320368938045e-08	64.5975333975014	0.200000000001699
5.175	34.75	3.13363847968616e-12	0.799999990565334	-1.19573022723875e-08	64.5735333977808	0.200000000002507
5.325	34.75	4.3448035866184e-12	0.799999990343253	-1.17787430567583e-08	64.5495333980669	0.200000000003476
5.475	34.75	5.74373328700681e-12	0.799999990125413	-1.1596301711888e-08	64.5255333983594	0.200000000004595
5.625	34.75	7.29321542336835e-12	0.799999989912162	-1.14101205869221e-08	64.5015333986583	0.200000000005835
5.775	34.75	8.92519284807085e-12	0.799999989702511	-1.12204026713563e-08	64.4775333989633	0.20000000000714
5.925	34.75	1.05325121113609e-11	0.799999989497536	-1.10270435041482e-08	64.4535333992744	0.200000000008426
6.075	34.75	1.19602875754406e-11	0.799999989296972	-1.08303211075679e-08	64.4295333995914	0.200000000009568
6.225	34.75	1.29974276110252e-11	0.799999989101077	-1.06303451684171e-08	64.4055333999143	0.200000000010398
6.375	34.75	1.33690888252076e-11	0.799999988908941	-1.04271174823328e-08	64.3815334002429	0.200000000010695
6.525	34.75	1.27310738741448e-11	0.79999998872179	-1.02207487878278e-08	64.3575334005772	0.200000000010185
6.675	34.75	1.06674609073137e-11	0.799999988539456	-1.00114159222615e-08	64.3335334009171	0.200000000008534
6.825	34.75	6.6930367039607e-12	0.799999988361482	-9.7991891965697e-09	64.3095334012627	0.200000000005354
6.975	34.75	2.62383821002211e-13	0.799999988188564	-9.58434564609879e-09	64.2855334016141	0.20000000000021
7.125	34.75	-9.21227813889333e-12	0.799999988020404	-9.36672806762878e-09	64.2615334019714	0.19999999999263
7.275	34.75	-2.23322056621746e-11	0.799999987856816	-9.14647571397298e-09	64.2375334023347	0.199999999982134
7.425	34.75	-3.96698105831443e-11	0.79999998769858	-8.9238585137738e-09	64.2135334027043	0.199999999968264
7.575	34.75	-6.1710558538741e-11	0.799999987545452	-8.69892110073637e-09	64.1895334030804	0.199999999950632
7.725	34.75	-8.87769681286242e-11	0.7999999873972	-8.4718188392229e-09	64.1655334034634	0.199999999928978
7.875	34.75	-1.20933062313523e-10	0.799999987254726	-8.24253446402057e-09	64.1415334038536	0.199999999903254
8.025	34.75	-1.57868391583873e-10	0.799999987117363	-8.01132135754893e-09	64.1175334042513	0.199999999873705
8.175	34.75	-1.98761871396961e-10	0.799999986986073	-7.77825747226736e-09	64.0935334046569	0.199999999840991
8.325	34.75	-2.42127206194216e-10	0.799999986860155	-7.54333356758265e-09	64.0695334050703	0.199999999806298
8.475	34.75	-2.85643652610445e-10	0.799999986740296	-7.30689573365808e-09	64.0455334054917	0.199999999771485
8.625	34.75	-3.2597833275162e-10	0.799999986626783	-7.06876593259504e-09	64.0215334059207	0.199999999739217
8.775	34.75	-3.58609251011463e-10	0.799999986519149	-6.82929062874817e-09	63.9975334063567	0.199999999713113
8.925	34.75	-3.77661570302069e-10	0.799999986418071	-6.58836156034011e-09	63.9735334067985	0.199999999697871
9.075	34.75	-3.75773504231807e-10	0.799999986323815	-6.34649489618024e-09	63.9495334072441	0.199999999699381
9.225	34.75	-3.44012271617626e-10	0.799999986235632	-6.1033595482827e-09	63.9255334076912	0.19999999972479
9.375	34.75	-2.71864776269784e-10	0.799999986153975	-5.85921316288149e-09	63.9015334081361	0.199999999782508
9.525	34.75	-1.47331793281052e-10	0.799999986078629	-5.61441131588635e-09	63.8775334085741	0.199999999882135
9.675	34.75	4.28418276967947e-11	0.799999986009	-5.36864403679532e-09	63.8535334089996	0.200000000034273
9.825	34.75	3.12765452565338e-10	0.799999985945036	-5.12230394143527e-09	63.8295334094054	0.200000000250212
9.975	34.75	6.76792156629684e-10	0.799999985885928	-4.87536664384511e-09	63.8055334097829	0.200000000541434
10.125	34.75	1.14866200461156e-09	0.799999985830245	-4.62799050226967e-09	63.7815334101223	0.20000000091893
10.275	34.75	1.74036378881185e-09	0.799999985777495	-4.38042128019299e-09	63.7575334104125	0.200000001392291
10.425	34.75	2.46068478602124e-09	0.79999998572587	-4.13254456762941e-09	63.7335334106415	0.200000001968548
10.575	34.75	3.31342637524681e-09	0.79999998567359	-3.88452740603321e-09	63.7095334107965	0.200000002650741
10.725	34.75	4.29527560748968e-09	0.799999985619158	-3.63649527671104e-09	63.6855334108649	0.200000003436221
10.875	34.75	5.39333955380422e-09	0.799999985559716	-3.38862426906217e-09	63.6615334108347	0.200000004314672
11.025	34.75	6.58237089380513e-09	0.799999985493195	-3.14090981185567e-09	63.6375334106958	0.200000005265897
11.175	34.75	7.82174000593656e-09	0.799999985417024	-2.89348509031271e-09	63.6135334104413	0.200000006257392
11.325	34.75	9.05224083541915e-09	0.799999985328319	-2.64645687765023e-09	63.589533410069	0.200000007241793
11.475	34.75	1.01928548328061e-08	0.799999985224931	-2.39988286718085e-09	63.5655334095835	0.200000008154284
11.625	34.75	1.11376387391794e-08	0.799999985104247	-2.15390295686677e-09	63.5415334089985	0.200000008910111
11.775	34.75	1.17529470358965e-08	0.799999984964714	-1.90871153194381e-09	63.5175334083388	0.200000009402358
11.925	34.75	1.18752471575622e-08	0.799999984805028	-1.66418581076178e-09	63.493533407644	0.200000009500198
12.075	34.75	1.1309833334038e-08	0.799999984625517	-1.42061722227471e-09	63.4695334069705	0.200000009047867
12.225	34.75	9.83079099525588e-09	0.79999998442718	-1.1780045766343e-09	63.445533406395	0.200000007864633
12.375	34.75	7.18260545778373e-09	0.799999984213066	-9.36427740445948e-10	63.4215334060174	0.200000005746084
12.525	34.75	3.08384320562522e-09	0.799999983987649	-6.95935021444922e-10	63.3975334059632	0.200000002467075
12.675	34.75	-2.76664163031988e-09	0.799999983758964	-4.56808680394722e-10	63.373533406386	0.199999997786687
12.825	34.75	-1.06805121260283e-08	0.799999983536481	-2.18870134419282e-10	63.3495334074688	0.19999999145559
12.975	34.75	-2.09673067364325e-08	0.799999983333695	1.76431325277938e-11	63.3255334094245	0.199999983226155
13.125	34.75	-3.39179168504602e-08	0.799999983166859	2.52631092137967e-10	63.3015334124945	0.199999972865667
13.275	34.75	-4.97837937938011e-08	0.799999983056959	4.86057344012747e-10	63.2775334169467	0.199999960172965
13.425	34.75	-6.87515589879463e-08	0.799999983027289	7.17882678300829e-10	63.2535334230696	0.199999944998753
13.575	34.75	-9.09127717265305e-08	0.799999983106319	9.47912825070799e-10	63.2295334311653	0.199999927269783
13.725	34.75	-1.16228701241198e-07	0.799999983326368	1.1762395264928e-09	63.2055334415385	0.199999907017039
13.875	34.75	-1.44490043584824e-07	0.799999983723468	1.40255945798266e-09	63.1815334544817	0.199999884407965
14.025	34.75	-1.75271604073461e-07	0.799999984337902	1.62700783356074e-09	63.1575334702572	0.199999859782717
14.175	34.75	-2.07882010228146e-07	0.7999999852134	1.84947187408034e-09	63.1335334890735	0.199999833694392
14.325	34.75	-2.41308496841956e-07	0.799999986398719	2.06979667608258e-09	63.1095335110577	0.199999806953203
14.475	34.75	-2.74156670766683e-07	0.799999987946031	2.28790486244891e-09	63.0855335362209	0.199999780674663
14.625	34.75	-3.04584860018085e-07	0.799999989912737	2.50389457218865e-09	63.061533564419	0.199999756332112
14.775	34.75	-3.30232102227385e-07	0.799999992362991	2.71747942921067e-09	63.0375335953064	0.199999735814318
14.925	34.75	-3.48137928576337e-07	0.799999995370406	2.92883134592093e-09	63.0135336282818	0.199999721489657
15.075	34.75	-3.54650715723359e-07	0.799999999021115	3.13781306447126e-09	62.9895336624266	0.199999716279427
15.225	34.75	-3.45319331597739e-07	0.800000003422056	3.34412845036127e-09	62.9655336964335	0.199999723744535
15.375	34.75	-3.14759856857939e-07	0.800000008709158	3.54814361249438e-09	62.9415337285226	0.199999748192115
15.525	34.75	-2.56485013577366e-07	0.800000015063832	3.74934250406681e-09	62.9175337563448	0.199999794811989
15.675	34.75	-1.62678169150219e-07	0.800000022731358	3.94792039756018e-09	62.8935337768639	0.199999869857465
15.825	34.75	-2.38858670637061e-08	0.800000032052498	4.1439647871438e-09	62.8695337862151	0.199999980891306
15.975	34.75	1.71407951488268e-07	0.800000043503741	4.33711214392426e-09	62.8455337795269	0.200000137126361
16.125	34.75	4.37377493345906e-07	0.8000000577544	4.52744662546113e-09	62.8215337506946	0.200000349901995
16.275	34.75	7.91691636967236e-07	0.800000075743877	4.71505013464379e-09	62.7975336920851	0.20000063335331
16.425	34.75	1.25668926781746e-06	0.800000098791064	4.89959173535013e-09	62.7735335941451	0.200001005351414
16.575	34.75	1.86102707870278e-06	0.800000128737001	5.08138124169682e-09	62.7495334448733	0.200001488821663
16.725	34.75	2.64198158163286e-06	0.800000168143628	5.26011579021622e-09	62.7255332291036	0.200002113585265
16.875	34.75	3.64865151139989e-06	0.800000220558774	5.43572963058027e-09	62.7015329275241	0.200002918921209
17.025	34.75	4.94639300191059e-06	0.800000290874267	5.60834296870937e-09	62.6775325153288	0.200003957114402
17.175	34.75	6.62293531317066e-06	0.800000385808395	5.77776420421188e-09	62.6535319603639	0.200005298348251
17.325	34.75	8.79677993615206e-06	0.800000514556018	5.94402846983992e-09	62.6295312205761	0.200007037423949
17.475	34.75	1.16286954641847e-05	0.800000689664253	6.10716375981772e-09	62.6055302405077	0.200009302956371
17.625	34.75	1.5337405307258e-05	0.800000928219761	6.26707425859923e-09	62.5815289464848	0.200012269924246
17.775	34.75	2.02209521104216e-05	0.800001253451503	6.42362675068944e-09	62.5575272400292	0.200016176761688
17.925	34.75	2.66857442311552e-05	0.80000169688549	6.57689325138029e-09	62.5335249888489	0.200021348595385
18.075	34.75	3.528598292882e-05	0.800002301226621	6.72668306267162e-09	62.5095220145423	0.200028228786343
18.225	34.75	4.6777077989742e-05	0.800003124184003	6.87308550509936e-09	62.4855180758471	0.200037421662392
18.375	34.75	6.2187848617162e-05	0.800004243559416	7.01605944986785e-09	62.4615128458573	0.200049750278894
18.525	34.75	8.29178918615344e-05	0.800005764075963	7.15537446474711e-09	62.4375058811032	0.200066334313489
18.675	34.75	0.000110868698219807	0.800007826705356	7.29104119681465e-09	62.4134965796628	0.200088694958576
18.825	34.75	0.000148620254372652	0.80001062160783	7.42304108744913e-09	62.3894841245026	0.200118896203498
18.975	34.75	0.000199669453315027	0.800014406102586	7.5510218055108e-09	62.3654674068986	0.200159735562652
19.125	34.75	0.000268753040813603	0.800019529117427	7.67494176772176e-09	62.341444922911	0.200215002432651
19.275	34.75	0.00036228615285646	0.800026463154426	7.7945253672631e-09	62.3174146333081	0.200289828922285
19.425	34.75	0.000488957298068085	0.800035844092442	7.90936549855046e-09	62.2933737738795	0.200391165838454
19.575	34.75	0.000660531179710496	0.800048519081943	8.01918345426893e-09	62.269318598655	0.200528424943768
19.725	34.75	0.00089292219564102	0.800065605057532	8.12329059566848e-09	62.2452440330565	0.200714337756513
19.875	34.75	0.0012076171077306	0.800088566836975	8.22088215745529e-09	62.2211432072307	0.200966093686184
20.025	34.75	0.00163355409571339	0.800119334187326	8.31101282656152e-09	62.1970068308924	0.201306843276571
20.175	34.75	0.00220962176195952	0.8001604866928	8.39215468109939e-09	62.1728223580078	0.201767697409568
20.325	34.75	0.00298804032739364	0.800215531983202	8.46262652256533e-09	62.148572869205	0.202390432261915
20.475	34.75	0.00403902960758802	0.800289270672044	8.51981655817755e-09	62.1242355677815	0.20323122368607
20.625	34.75	0.00545732366540664	0.800388167971745	8.5605275874308e-09	62.0997797388705	0.204365858932325
20.775	34.75	0.00737118397389348	0.800520543823964	8.58078784062272e-09	62.0751639631535	0.205896947179115
20.925	34.75	0.00995447744202971	0.800696287151094	8.57494423739614e-09	62.0503323180323	0.207963581953624
21.075	34.75	0.0134420120107278	0.80092575933539	8.53621462944667e-09	62.0252092627736	0.210753609608582
21.225	34.75	0.0181476176038259	0.801217640211504	8.45647339574272e-09	61.9996929195898	0.214518094083061
21.375	34.75	0.0244834935330486	0.801575706247928	8.32615093972289e-09	61.9736465584365	0.219586794826439
21.525	34.75	0.0329782629557642	0.801994869508258	8.1360402143607e-09	61.946888287546	0.226382610364611
21.675	34.75	0.0442900721984185	0.802457171754045	7.87781298824947e-09	61.919179250819	0.235432057758735
21.825	34.75	0.0592098318719506	0.802928783726906	7.54681274417764e-09	61.8902110445832	0.24736786549756
21.975	34.75	0.0786480165687022	0.803359396995355	7.14437996957202e-09	61.8595936170059	0.262918413254962
22.125	34.75	0.103596190550696	0.803685580098468	6.67919522390352e-09	61.8268456512038	0.282876952440557
22.275	34.75	0.135052302841932	0.803839325242929	6.16792898472214e-09	61.7913903787203	0.308041842273546
22.425	34.75	0.173898993654045	0.803761741354741	5.6331531210222e-09	61.7525608072119	0.339119194923236
22.575	34.75	0.22073058502589	0.803419692953845	5.09995502093085e-09	61.7096190683288	0.376584468020712
22.725	34.75	0.275641526902062	0.802820789806677	4.59208166860217e-09	61.6617941939114	0.42051322152165
22.875	34.75	0.338017856443762	0.802020577926258	4.12836236243181e-09	61.6083400413409	0.470414285155009
23.025	34.75	0.406404723522378	0.801116450758232	3.72109811261716e-09	61.5486096128579	0.525123778817902
23.175	34.75	0.478534572403478	0.800226928819903	3.37571474044973e-09	61.4821344519723	0.582827657922783
23.325	34.75	0.551566086864047	0.799461971314315	3.09194572097679e-09	61.4086912968387	0.641252869491238
23.475	34.75	0.622501308040841	0.798895929993929	2.8655671979587e-09	61.328337267026	0.698001046432673
23.625	34.75	0.688659257967594	0.798554410161316	2.69001002089354e-09	61.2414022383007	0.750927406374075
23.775	34.75	0.748051810266893	0.798418743771881	2.55777676265093e-09	61.1484403494047	0.798441448213514
23.925	34.75	0.799557781201066	0.798442568862701	2.46141105314812e-09	61.0501550528833	0.839646224960853
24.075	34.75	0.842886470427019	0.79857084963207	2.39407035014231e-09	60.9473175627666	0.874309176341615
24.225	34.75	0.878398156057838	0.798753961258919	2.34981019485221e-09	60.8406957063457	0.902718524846271
24.375	34.75	0.9068721004416	0.798954492052098	2.32363108692962e-09	60.7310025634798	0.92549768035328
24.525	34.75	0.929292198156177	0.799148195471097	2.31143718706093e-09	60.618866547615	0.943433758524942
24.675	34.75	0.946685094072543	0.799321771828245	2.30994999296032e-09	60.5048195477783	0.957348075258035
24.825	34.75	0.960016774632579	0.799469691280573	2.31654580047608e-09	60.3892977996836	0.968013419706063
24.975	34.75	0.970138073069153	0.799591291978745	2.32914220016846e-09	60.2726503308359	0.976110458455323
25.125	34.75	0.977764769225843	0.799688596092586	2.34618869724165e-09	60.1551509729065	0.982211815380674
25.275	34.75	0.983479107278654	0.799764851000415	2.36639247156973e-09	60.0370112545237	0.986783285822923
25.425	34.75	0.987742791113649	0.799823639735637	2.3888636012023e-09	59.9183925966397	0.990194232890919
25.575	34.75	0.990914817870273	0.799868385677339	2.41285823969678e-09	59.7994170279049	0.992731854296219
25.725	34.75	0.99327012679258	0.79990211059849	2.43785380903254e-09	59.6801761489278	0.994616101434064
25.875	34.75	0.99501687480577	0.799927347007419	2.46340378776831e-09	59.5607383722732	0.996013499844616
26.025	34.75	0.996311339962211	0.799946139284807	2.48927286764486e-09	59.4411546179736	0.997049071969769
26.175	34.75	0.997270176124023	0.799960091434495	2.5151743262811e-09	59.3214627055333	0.997816140899218
26.325	34.75	0.997980145942794	0.799970434766538	2.54098472614712e-09	59.201690690581	0.998384116754236
26.475	34.75	0.998505654705588	0.799978099237584	2.56655405449413e-09	59.0818593727501	0.99880452376447
26.625	34.75	0.998894473356853	0.799983779299416	2.59180305206154e-09	58.9619841672517	0.999115578685482
26.775	34.75	0.9991820298076	0.799987989964087	2.61670851860991e-09	58.842076495772	0.99934562384608
26.925	34.75	0.999394600869577	0.799991111938642	2.64113736033588e-09	58.7221448181817	0.999515680695662
27.075	34.75	0.999551676930745	0.799993426521628	2.66513444061825e-09	58.6021953975321	0.999641341544596
27.225	34.75	0.999667711987302	0.799995141824717	2.68864917565612e-09	58.4822328675472	0.999734169589842
27.375	34.75	0.999753419908583	0.799996412119933	2.71168833146735e-09	58.3622606538957	0.999802735926867
27.525	34.75	0.999816736207214	0.79999735198471	2.73418090379204e-09	58.2422812870765	0.999853388965771
27.675	34.75	0.999863532816486	0.799998046625406	2.75618108369945e-09	58.122296634832	0.999890826253188
27.825	34.75	0.999898149900197	0.799998559437906	2.77768191293824e-09	58.0023080747241	0.999918519920157
27.975	34.75	0.999923791678196	0.799998937579542	2.79869125738483e-09	57.8823166221846	0.999939033342557
28.125	34.75	0.999942820940946	0.799999216100933	2.81915710937851e-09	57.7623230254286	0.999954256752756
28.275	34.75	0.999956977996967	0.799999421025957	2.83914041722144e-09	57.6423278357229	0.999965582397574
28.425	34.75	0.999967543255869	0.799999571652535	2.85863624369806e-09	57.5223314593395	0.999974034604695
28.575	34.75	0.999975457806059	0.799999682274251	2.87763191041355e-09	57.4023341959186	0.999980366244847
28.725	34.75	0.999981412728968	0.799999763465141	2.89614338319487e-09	57.2823362667566	0.999985130183174
28.875	34.75	0.999985915176919	0.799999823038802	2.91420612314316e-09	57.1623378356341	0.999988732141535
29.025	34.75	0.999989337201679	0.799999866761463	2.93176857823518e-09	57.0423390241304	0.999991469761343
29.175	34.75	0.999991951790869	0.799999898882677	2.94889139864633e-09	56.9223399228626	0.999993561432695
29.325	34.75	0.999993959424977	0.799999922528399	2.96555788005097e-09	56.8023405997215	0.999995167539981
29.475	34.75	0.99999550761445	0.799999939993573	2.98177478975714e-09	56.6823411058944	0.99999640609156
29.625	34.75	0.999996705242187	0.799999952958601	2.9975450023302e-09	56.5623414802614	0.99999736419375
29.775	34.75	0.99999763306589	0.799999962650314	3.01289800842581e-09	56.4423417526003	0.999998106452712
29.925	34.75	0.999998351385302	0.799999969961166	3.02784272090489e-09	56.3223419459177	0.999998681108242
30.075	34.75	0.999998905620675	0.799999975538175	3.04234584449538e-09	56.2023420781459	0.99999912449654
30.225	34.75	0.999999330355733	0.799999979848147	3.05647238619312e-09	56.0823421633771	0.999999464284587
30.375	34.75	0.999999652255997	0.799999983226838	3.07017701113919e-09	55.9623422127632	0.999999721804797
30.525	34.75	0.999999892166619	0.799999985914473	3.08350588916482e-09	55.8423422351759	0.999999913733295
30.675	34.75	1.00000006661444	0.799999988082752	3.09644146042654e-09	55.7223422376928	1.00000005329155
30.825	34.75	1.00000018888045	0.799999989853942	3.10901346838912e-09	55.6023422259611	1.00000015110436
30.975	34.75	1.00000026976431	0.799999991315374	3.12121840724809e-09	55.4823422044716	1.00000021581144
31.125	34.75	1.00000031813025	0.799999992529765	3.13307037187271e-09	55.3623421767717	1.0000002545042
31.275	34.75	1.00000034129914	0.799999993542747	3.14455999531416e-09	55.2423421456317	1.00000027303931
31.425	34.75	1.00000034533336	0.79999999438807	3.15570983792407e-09	55.1223421131795	1.00000027626668
31.575	34.75	1.00000033524796	0.799999995091416	3.16652740291962e-09	55.0023420810113	1.00000026819836
31.725	34.75	1.00000031517155	0.799999995673261	3.17701259369903e-09	54.8823420502844	1.00000025213724
31.875	34.75	1.00000028847336	0.799999996150098	3.1871711519782e-09	54.7623420217964	1.00000023077869
32.025	34.75	1.00000025786736	0.799999996536206	3.19702270027041e-09	54.6423419960525	1.00000020629389
32.175	34.75	1.00000022550095	0.799999996844063	3.20656099443376e-09	54.522341973325	1.00000018040076
32.325	34.75	1.00000019303282	0.799999997084762	3.21579337580703e-09	54.4023419537031	1.00000015442626
32.475	34.75	1.00000016170283	0.799999997268545	3.22474803949065e-09	54.2823419371373	1.00000012936226
32.625	34.75	1.00000013239565	0.799999997404659	3.23341637685601e-09	54.1623419234756	1.00000010591652
32.775	34.75	1.00000010569876	0.799999997501634	3.24179180359488e-09	54.0423419124959	1.00000008455901
32.925	34.75	1.00000008195547	0.799999997567068	3.24990610538945e-09	53.922341903931	1.00000006556438
33.075	34.75	1.00000006131279	0.799999997607861	3.25775749737956e-09	53.8023418974903	1.00000004905023
33.225	34.75	1.00000004376435	0.799999997630081	3.26534479869695e-09	53.6823418928766	1.00000003501148
33.375	34.75	1.00000002918824	0.799999997638891	3.27268354998802e-09	53.5623418897986	1.00000002335059
33.525	34.75	1.00000001737989	0.79999999763892	3.27977293023213e-09	53.4423418879808	1.00000001390392
33.675	34.75	1.00000000808003	0.799999997633782	3.28663305573996e-09	53.32234188717	1.00000000646403
33.825	34.75	1.00000000099793	0.799999997626507	3.29326195157479e-09	53.2023418871393	1.00000000079835
33.975	34.75	0.999999995830313	0.799999997619514	3.29965597765254e-09	53.0823418876904	0.999999996664251
34.125	34.75	0.999999992276176	0.799999997614524	3.30582153150805e-09	52.962341888654	0.999999993820941
34.275	34.75	0.999999990047909	0.799999997612894	3.31178649781014e-09	52.842341889889	0.999999992038327
34.425	34.75	0.999999988879296	0.799999997615304	3.3175489422907e-09	52.722341891281	0.999999991103436
34.575	34.75	0.999999988530655	0.799999997622365	3.32309806223414e-09	52.6023418927396	0.999999990824524
34.725	34.75	0.999999988791765	0.7999999976342	3.32846675072385e-09	52.4823418941964	0.999999991033412
34.875	34.75	0.999999989482824	0.799999997650715	3.33363402866472e-09	52.3623418956014	0.999999991586259
35.025	34.75	0.999999990454024	0.799999997671611	3.3386129975382e-09	52.2423418969205	0.999999992363219
35.175	34.75	0.999999991583972	0.799999997696622	3.34342192298138e-09	52.1223418981327	0.999999993267177
35.325	34.75	0.999999992777335	0.799999997725224	3.34805291150511e-09	52.0023418992274	0.999999994221868
35.475	34.75	0.999999993962084	0.799999997756961	3.35250381199863e-09	51.8823419002019	0.999999995169667
35.625	34.75	0.999999995086363	0.799999997791266	3.35682252667994e-09	51.7623419010596	0.999999996069091
35.775	34.75	0.999999996115374	0.799999997827762	3.36096151296666e-09	51.6423419018079	0.999999996892299
35.925	34.75	0.999999997028303	0.799999997865895	3.36495564086805e-09	51.5223419024571	0.999999997622642
36.075	34.75	0.999999997815473	0.799999997905261	3.36879958358393e-09	51.4023419030187	0.999999998252379
36.225	34.75	0.999999998475763	0.79999999794557	3.37251380438031e-09	51.282341903505	0.999999998780611
36.375	34.75	0.99999999901429	0.799999997986407	3.37608133294457e-09	51.1623419039277	0.999999999211432
36.525	34.75	0.999999999440461	0.799999998027591	3.37952600724357e-09	51.0423419042983	0.999999999552369
36.675	34.75	0.999999999766341	0.799999998068865	3.38283180778835e-09	50.9223419046269	0.999999999813073
36.825	34.75	1.00000000000535	0.799999998110139	3.38602664289197e-09	50.8023419049225	1.00000000000428
36.975	34.75	1.00000000017136	0.79999999815125	3.38909967378968e-09	50.6823419051928	1.00000000013709
37.125	34.75	1.00000000027792	0.799999998192068	3.39206330686267e-09	50.5623419054443	1.00000000022234
37.275	34.75	1.0000000003377	0.799999998232563	3.39491780720571e-09	50.4423419056819	1.00000000027016
37.425	34.75	1.00000000036183	0.799999998272611	3.39765747384257e-09	50.3223419059097	1.00000000028946
37.575	34.75	1.00000000035914	0.799999998312099	3.40030761723115e-09	50.2023419061306	1.00000000028731
37.725	34.75	1.00000000033567	0.799999998351213	3.4028585474217e-09	50.0823419063471	1.00000000026854
37.875	34.75	1.00000000029553	0.799999998390409	3.40531485569186e-09	49.9623419065608	1.00000000023643
38.025	34.75	1.00000000024453	0.799999998430908	3.40768247463152e-09	49.8423419067732	1.00000000019562
38.175	34.75	1.00000000019657	0.799999998473273	3.40997673719658e-09	49.7223419069846	1.00000000015726
38.325	34.75	1.00000000017806	0.799999998515953	3.41218145047541e-09	49.6023419071935	1.00000000014245
38.475	34.75	1.00000000021822	0.79999999855286	3.41432215258073e-09	49.4823419073957	1.00000000017458
38.625	34.75	1.0000000003104	0.799999998573381	3.41638671770261e-09	49.3623419075858	1.00000000024832
38.775	34.75	1.00000000034603	0.79999999857095	3.41837251974624e-09	49.2423419077641	1.00000000027682
38.925	34.75	1.00000000007388	0.799999998563532	3.42029616077143e-09	49.122341907948	1.0000000000591
39.075	34.75	0.999999999212035	0.799999998617314	3.42216245609213e-09	49.0023419081808	0.999999999369628
39.225	34.75	0.9999999978616	0.799999998841185	3.42395689876743e-09	48.8823419085141	0.99999999828928
39.375	34.75	0.999999997187177	0.799999999296458	3.42570303235707e-09	48.7623419089391	0.999999997749741
39.525	34.75	0.999999999800276	0.799999999789723	3.4274100383896e-09	48.6423419092653	0.999999999840221
39.675	34.75	1.00000000854991	0.799999999642185	3.42905423681919e-09	48.5223419090405	1.00000000683993
39.825	34.75	1.00000002228112	0.79999999777134	3.43064873502998e-09	48.4023419077311	1.0000000178249
39.975	34.75	1.00000002906866	0.799999993613608	3.43220736185161e-09	48.2823419054311	1.00000002325493
40.125	34.75	1.00000000269436	0.799999989153648	3.43371750804232e-09	48.1623419040658	1.00000000215549
40.275	34.75	0.999999915051615	0.799999991068208	3.43519724228291e-09	48.0423419081677	0.999999932041292
40.425	34.75	0.999999777875223	0.800000009742711	3.43662960060943e-09	47.9223419230554	0.999999822300179
40.575	34.75	0.99999970764997	0.800000050282332	3.43804732272783e-09	47.8023419478929	0.999999766119976
40.725	34.75	0.999999957517805	0.800000093498499	3.43941011444223e-09	47.682341964102	0.999999966014244
40.875	34.75	1.00000079734945	0.800000076705853	3.44075570177057e-09	47.5623419279999	1.00000063787956
41.025	34.75	1.00000212196186	0.799999904190337	3.44207236787383e-09	47.4423417879991	1.00000169756948
41.175	34.75	1.00000285290254	0.799999530061563	3.44338255344962e-09	47.3223415493262	1.00000228232203
41.325	34.75	1.00000065163094	0.799999127811219	3.444652864362e-09	47.2023413812237	1.00000052130476
41.475	34.75	0.999993003857982	0.799999255369877	3.44592642182478e-09	47.0823416858699	0.999994403086385
41.625	34.75	0.999980706637783	0.800000755978811	3.44720022312995e-09	46.9623429478708	0.999984565310226
41.775	34.75	0.999973138464096	0.800004040608178	3.44844946825972e-09	46.8423451634053	0.999978510771277
41.925	34.75	0.99999082752089	0.800007657528163	3.44960925114337e-09	46.7223468931293	0.999992662016712
42.075	34.75	1.00005637953651	0.800006936153293	3.45060843633654e-09	46.6023446272797	1.0000451036292
42.225	34.75	1.00016528886136	0.799994824032848	3.45148716120936e-09	46.4823339873184	1.00013223108909
42.375	34.75	1.00024184955252	0.799967674109513	3.45246989006096e-09	46.3623144448138	1.00019347964202
42.525	34.75	1.00011633628399	0.799936550391841	3.45395990555896e-09	46.2422972518478	1.00009306902719
42.675	34.75	0.999594226904187	0.799937860594898	3.45657167473693e-09	46.1223111449013	0.999675381523349
42.825	34.75	0.998683926302765	0.800027372392568	3.4602521050359e-09	46.0023937960523	0.998947141042212
42.975	34.75	0.997944673224597	0.800237006779832	3.46347252871244e-09	45.8825556279792	0.998355738579678
43.125	34.75	0.998684258978675	0.800490005422742	3.46258740629009e-09	45.7627174336696	0.99894740718294
43.275	34.75	1.00248296175514	0.80052297510325	3.45324358218133e-09	45.6426614033613	1.00198636940411
43.425	34.75	1.00955927622709	0.799934825538994	3.43495439949878e-09	45.5220835008351	1.00764742098167
43.575	34.75	1.01623380735489	0.798479881582085	3.41789847548427e-09	45.400845724189	1.01298704588391
43.725	34.75	1.01328677097676	0.796573391813849	3.42690768397972e-09	45.2794285679026	1.01062941678141
43.875	34.75	0.988680897762437	0.795833250616546	3.49609758598786e-09	45.1593335734713	0.99094471820995
44.025	34.75	0.938367896707202	0.799351007302724	3.64546490175999e-09	45.0428405410203	0.950694317365761
44.175	34.75	0.884673133572536	0.810192428708328	3.81958979211816e-09	44.9313520354043	0.907738506858029
44.325	34.75	0.889127901641574	0.824441952904529	3.80622143108385e-09	44.8222076813693	0.911302321313259
44.475	34.75	1.032571951187	0.826489829163488	3.38143901409788e-09	44.7059572757633	1.0260575609496
44.625	34.75	1.34924434144205	0.80862213312704	2.71198581166649e-09	44.567799839891	1.27939547315364
44.775	34.75	1.76408811747756	0.709537047642061	2.15313564687395e-09	44.395593026779	1.61127049398205
44.925	34.75	2.11154506555129	0.834636814324371	1.83611373546435e-09	44.2248230071152	1.88923605244103
0.075	35.25	3.47473593849687e-16	0.399999999859657	-1.42244123927762e-08	65.3895333941408	0.2
0.225	35.25	1.09796498683336e-15	0.799999999578474	-1.42189517398739e-08	65.3655333941493	0.200000000000001
0.375	35.25	2.54818929730599e-15	0.799999999298168	-1.42082288414273e-08	65.3415333941661	0.200000000000002
0.525	35.25	4.61626581554241e-15	0.799999999017776	-1.41923715599168e-08	65.3175333941914	0.200000000000004
0.675	35.25	7.14881700198983e-15	0.799999998737576	-1.41710324091388e-08	65.2935333942251	0.200000000000006
0.825	35.25	9.93588427443317e-15	0.799999998458429	-1.41445813548978e-08	65.2695333942671	0.200000000000008
0.975	35.25	1.27379704386598e-14	0.799999998180142	-1.41127505805282e-08	65.2455333943175	0.20000000000001
1.125	35.25	1.5299707422421e-14	0.799999997901797	-1.40755493207421e-08	65.2215333943763	0.200000000000012
1.275	35.25	1.73403388975034e-14	0.799999997624844	-1.4033385615936e-08	65.1975333944434	0.200000000000014
1.425	35.25	1.85241247383639e-14	0.799999997349339	-1.39857124812997e-08	65.1735333945188	0.200000000000015
1.575	35.25	1.84215049056583e-14	0.799999997074648	-1.39330091302013e-08	65.1495333946025	0.200000000000015
1.725	35.25	1.64738684207366e-14	0.799999996800915	-1.38750800163105e-08	65.1255333946943	0.200000000000013
1.875	35.25	1.19727217669962e-14	0.799999996529288	-1.38121377389116e-08	65.1015333947944	0.20000000000001
2.025	35.25	4.06047174770598e-15	0.799999996258854	-1.37439087753661e-08	65.0775333949026	0.200000000000003
2.175	35.25	-8.24291958043497e-15	0.799999995990023	-1.36708588369811e-08	65.0535333950189	0.199999999999993
2.325	35.25	-2.59845094113557e-14	0.799999995723022	-1.35926810789884e-08	65.0295333951432	0.199999999999979
2.475	35.25	-5.01910923868546e-14	0.799999995458037	-1.35095745046939e-08	65.0055333952755	0.19999999999996
2.625	35.25	-8.17460221968592e-14	0.799999995195025	-1.34215019889824e-08	64.9815333954157	0.199999999999935
2.775	35.25	-1.21225243290939e-13	0.799999994933979	-1.3328699006445e-08	64.9575333955638	0.199999999999903
2.925	35.25	-1.68687693975711e-13	0.799999994675021	-1.32310162015901e-08	64.9335333957197	0.199999999999865
3.075	35.25	-2.2341665014505e-13	0.799999994418908	-1.31284791254672e-08	64.9095333958833	0.199999999999821
3.225	35.25	-2.83611673228927e-13	0.799999994164717	-1.30213795483531e-08	64.8855333960546	0.199999999999773
3.375	35.25	-3.46035691288051e-13	0.799999993913537	-1.29095839435228e-08	64.8615333962335	0.199999999999723
3.525	35.25	-4.05628546415311e-13	0.799999993664376	-1.27932212599738e-08	64.8375333964199	0.199999999999676
3.675	35.25	-4.55107088283987e-13	0.799999993419159	-1.26722961071481e-08	64.8135333966137	0.199999999999636
3.825	35.25	-4.84582706898013e-13	0.799999993175577	-1.25470797379541e-08	64.7895333968148	0.199999999999612
3.975	35.25	-4.81239935406946e-13	0.799999992935006	-1.24173529030947e-08	64.7655333970232	0.199999999999615
4.125	35.25	-4.29134297870398e-13	0.799999992698574	-1.22834050206583e-08	64.7415333972388	0.199999999999657
4.275	35.25	-3.09183360077362e-13	0.799999992464196	-1.21452698064255e-08	64.7175333974614	0.199999999999753
4.425	35.25	-9.94412990851748e-14	0.79999999223367	-1.20028604951072e-08	64.693533397691	0.19999999999992
4.575	35.25	2.24237057583847e-13	0.799999992006481	-1.18563740150694e-08	64.6695333979274	0.200000000000179
4.725	35.25	6.8702334938868e-13	0.799999991782301	-1.1706032216291e-08	64.6455333981706	0.20000000000055
4.875	35.25	1.31330564313183e-12	0.799999991561812	-1.15517779881206e-08	64.6215333984204	0.200000000001051
5.025	35.25	2.12411096283267e-12	0.799999991345066	-1.13937047458304e-08	64.5975333986766	0.200000000001699
5.175	35.25	3.13363847662379e-12	0.799999991131712	-1.12318729251841e-08	64.5735333989393	0.200000000002507
5.325	35.25	4.3448035819377e-12	0.799999990922431	-1.10663993241159e-08	64.5495333992081	0.200000000003476
5.475	35.25	5.74373328255265e-12	0.799999990716212	-1.0897253046662e-08	64.5255333994831	0.200000000004595
5.625	35.25	7.29321541739675e-12	0.799999990515108	-1.07247376787783e-08	64.501533399764	0.200000000005835
5.775	35.25	8.92519284282399e-12	0.799999990316767	-1.05487506375342e-08	64.4775334000508	0.20000000000714
5.925	35.25	1.05325121052195e-11	0.799999990122791	-1.03696074304734e-08	64.4535334003433	0.200000000008426
6.075	35.25	1.19602875712054e-11	0.799999989933322	-1.01872084787722e-08	64.4295334006414	0.200000000009568
6.225	35.25	1.29974276073571e-11	0.799999989747565	-1.00016729478949e-08	64.405533400945	0.200000000010398
6.375	35.25	1.33690888256496e-11	0.799999989565844	-9.8132790821416e-09	64.381533401254	0.200000000010695
6.525	35.25	1.27310738777622e-11	0.799999989388731	-9.62189053327533e-09	64.3575334015685	0.200000000010185
6.675	35.25	1.06674609185382e-11	0.799999989215381	-9.42769135296454e-09	64.3335334018883	0.200000000008534
6.825	35.25	6.69303672228616e-12	0.799999989046886	-9.23079948543808e-09	64.3095334022135	0.200000000005354
6.975	35.25	2.62383851750239e-13	0.799999988882655	-9.0312713081986e-09	64.2855334025442	0.20000000000021
7.125	35.25	-9.21227809601237e-12	0.799999988722997	-8.8292864144256e-09	64.2615334028805	0.19999999999263
7.275	35.25	-2.23322056012545e-11	0.799999988567388	-8.62498282707398e-09	64.2375334032226	0.199999999982134
7.425	35.25	-3.96698105048633e-11	0.7999999884169	-8.41817860278058e-09	64.2135334035707	0.199999999968264
7.575	35.25	-6.17105584374189e-11	0.799999988270951	-8.20935179507757e-09	64.1895334039252	0.199999999950632
7.725	35.25	-8.8776968006515e-11	0.79999998813012	-7.99833724839376e-09	64.1655334042863	0.199999999928978
7.875	35.25	-1.20933062166696e-10	0.799999987993832	-7.78535514014098e-09	64.1415334046545	0.199999999903254
8.025	35.25	-1.57868391418058e-10	0.799999987862949	-7.57048405849724e-09	64.1175334050299	0.199999999873705
8.175	35.25	-1.98761871212374e-10	0.799999987737449	-7.35387524697643e-09	64.093533405413	0.199999999840991
8.325	35.25	-2.42127206002742e-10	0.799999987617124	-7.13543502619072e-09	64.0695334058038	0.199999999806298
8.475	35.25	-2.85643652419678e-10	0.799999987502835	-6.91546241116889e-09	64.0455334062024	0.199999999771485
8.625	35.25	-3.25978332582775e-10	0.799999987393668	-6.69419712284584e-09	64.0215334066085	0.199999999739217
8.775	35.25	-3.58609250883215e-10	0.799999987290863	-6.4713636135317e-09	63.9975334070214	0.199999999713113
8.925	35.25	-3.77661570248159e-10	0.799999987194024	-6.24739853892606e-09	63.9735334074399	0.199999999697871
9.075	35.25	-3.75773504285345e-10	0.799999987103048	-6.02209049707576e-09	63.9495334078623	0.199999999699381
9.225	35.25	-3.44012271826834e-10	0.799999987018522	-5.79592529781318e-09	63.9255334082859	0.19999999972479
9.375	35.25	-2.71864776683765e-10	0.799999986939959	-5.56866773369284e-09	63.9015334087072	0.199999999782508
9.525	35.25	-1.47331793961562e-10	0.799999986867324	-5.34054404782535e-09	63.8775334091217	0.199999999882135
9.675	35.25	4.28418266870554e-11	0.799999986800038	-5.11176719363518e-09	63.8535334095235	0.200000000034273
9.825	35.25	3.12765451157205e-10	0.799999986738091	-4.88229345349581e-09	63.8295334099054	0.200000000250212
9.975	35.25	6.76792154755958e-10	0.799999986680607	-4.65223591369549e-09	63.8055334102591	0.200000000541434
10.125	35.25	1.14866200220962e-09	0.799999986626243	-4.42178375690962e-09	63.7815334105747	0.20000000091893
10.275	35.25	1.74036378582838e-09	0.799999986574328	-4.19085751953172e-09	63.757533410841	0.200000001392291
10.425	35.25	2.46068478242463e-09	0.79999998652349	-3.9597060572864e-09	63.7335334110461	0.200000001968548
10.575	35.25	3.31342637102828e-09	0.799999986471561	-3.7284858387691e-09	63.7095334111771	0.200000002650741
10.725	35.25	4.29527560268495e-09	0.799999986417014	-3.49712362504957e-09	63.6855334112216	0.200000003436221
10.875	35.25	5.39333954849154e-09	0.799999986357233	-3.26578236643716e-09	63.6615334111674	0.200000004314672
11.025	35.25	6.58237088813493e-09	0.799999986290074	-3.03462206698086e-09	63.6375334110046	0.200000005265897
11.175	35.25	7.82174000012766e-09	0.799999986212946	-2.80365198265595e-09	63.6135334107262	0.200000006257392
11.325	35.25	9.05224082979179e-09	0.799999986122787	-2.57303746221189e-09	63.5895334103301	0.200000007241793
11.475	35.25	1.01928548277774e-08	0.799999986017813	-2.3428397379082e-09	63.5655334098208	0.200000008154284
11.625	35.25	1.11376387352922e-08	0.799999985895073	-2.11308691201433e-09	63.541533409212	0.200000008910111
11.775	35.25	1.17529470338134e-08	0.79999998575333	-1.88394650625746e-09	63.5175334085287	0.200000009402358
11.925	35.25	1.18752471580862e-08	0.799999985591205	-1.65537865177243e-09	63.4935334078102	0.200000009500198
12.075	35.25	1.13098333381021e-08	0.799999985408675	-1.42767871600081e-09	63.4695334071132	0.200000009047867
12.225	35.25	9.83079100392143e-09	0.799999985207189	-1.20075054959922e-09	63.4455334065142	0.200000007864633
12.375	35.25	7.18260547222451e-09	0.799999984989689	-9.74833251930816e-10	63.4215334061132	0.200000005746084
12.525	35.25	3.0838432271004e-09	0.799999984760659	-7.49894691146378e-10	63.3975334060358	0.200000002467075
12.675	35.25	-2.76664160049862e-09	0.799999984527798	-5.26088520083884e-10	63.3735334064355	0.199999997786687
12.825	35.25	-1.06805120865587e-08	0.799999984301234	-3.03410035749934e-10	63.3495334074953	0.19999999145559
12.975	35.25	-2.09673066860717e-08	0.799999984093698	-8.20498006026989e-11	63.3255334094281	0.199999983226155
13.125	35.25	-3.39179167881315e-08	0.799999983922247	1.38073514106579e-10	63.3015334124754	0.199999972865667
13.275	35.25	-4.97837937186553e-08	0.799999983807008	3.56771260905697e-10	63.277533416905	0.199999960172965
13.425	35.25	-6.87515588995283e-08	0.799999983772201	5.7393328075069e-10	63.2535334230055	0.199999944998753
13.575	35.25	-9.09127716248448e-08	0.799999983845607	7.89561430797647e-10	63.2295334310789	0.199999927269783
13.725	35.25	-1.1622870112695e-07	0.799999984059752	1.00351816327369e-09	63.20553344143	0.199999907017039
13.875	35.25	-1.44490043459441e-07	0.799999984450846	1.21585599890275e-09	63.1815334543513	0.199999884407965
14.025	35.25	-1.75271603939453e-07	0.799999985058922	1.42638561811362e-09	63.157533470105	0.199999859782717
14.175	35.25	-2.07882010089035e-07	0.799999985928168	1.63505084589934e-09	63.1335334888999	0.199999833694392
14.325	35.25	-2.41308496702812e-07	0.799999987106563	1.84187020154336e-09	63.1095335108627	0.199999806953203
14.475	35.25	-2.7415667063384e-07	0.799999988646728	2.04663886641271e-09	63.0855335360047	0.199999780674664
14.625	35.25	-3.04584859899934e-07	0.799999990606322	2.24941090882276e-09	63.061533564182	0.199999756332112
14.775	35.25	-3.3023210213389e-07	0.799999993049183	2.45012462099325e-09	63.0375335950486	0.199999735814318
14.925	35.25	-3.48137928520042e-07	0.799999996049044	2.64862039272424e-09	63.0135336280036	0.199999721489657
15.075	35.25	-3.54650715718729e-07	0.799999999692107	2.84486206462797e-09	62.9895336621282	0.199999716279427
15.225	35.25	-3.45319331662529e-07	0.800000004084742	3.03893509340705e-09	62.965533696115	0.199999723744535
15.375	35.25	-3.14759857012318e-07	0.800000009363903	3.23059539162774e-09	62.9415337281844	0.199999748192114
15.525	35.25	-2.56485013845768e-07	0.800000015710056	3.42002287784838e-09	62.917533755987	0.199999794811989
15.675	35.25	-1.62678169560606e-07	0.800000023369085	3.60694348861118e-09	62.8935337764869	0.199999869857464
15.825	35.25	-2.38858676499486e-08	0.800000032681705	3.79128739629879e-09	62.8695337858191	0.199999980891306
15.975	35.25	1.71407950686488e-07	0.800000044123931	3.9731148568122e-09	62.8455337791121	0.200000137126361
16.125	35.25	4.37377492279779e-07	0.800000058365289	4.15246929815872e-09	62.8215337502613	0.200000349901994
16.275	35.25	7.91691635577558e-07	0.800000076346005	4.32910699167819e-09	62.7975336916337	0.200000633353308
16.425	35.25	1.25668926602985e-06	0.800000099383704	4.50309184386122e-09	62.7735335936758	0.200001005351413
16.575	35.25	1.86102707642325e-06	0.800000129320165	4.67430780970961e-09	62.7495334443863	0.200001488821661
16.725	35.25	2.64198157874014e-06	0.80000016871713	4.84279713048963e-09	62.7255332285993	0.200002113585263
16.875	35.25	3.64865150773655e-06	0.800000221122321	5.00849301236608e-09	62.7015329270027	0.200002918921206
17.025	35.25	4.94639299726937e-06	0.800000291427942	5.17131632067409e-09	62.6775325147907	0.200003957114398
17.175	35.25	6.62293530727745e-06	0.800000386352226	5.33115150066551e-09	62.6535319598092	0.200005298348246
17.325	35.25	8.79677992864262e-06	0.800000515089552	5.4883166571768e-09	62.6295312200054	0.200007037423943
17.475	35.25	1.16286954545743e-05	0.800000690187381	5.64220903321922e-09	62.605530239921	0.200009302956364
17.625	35.25	1.53374052949001e-05	0.800000928732725	5.79318973294745e-09	62.5815289458827	0.200012269924236
17.775	35.25	2.02209520944562e-05	0.800001253954087	5.94115508637851e-09	62.5575272394118	0.200016176761676
17.925	35.25	2.66857442104362e-05	0.800001697377541	6.08605106756654e-09	62.5335249882165	0.200021348595368
18.075	35.25	3.52859829018251e-05	0.800002301707478	6.22781707611035e-09	62.5095220138954	0.200028228786321
18.225	35.25	4.67770779544518e-05	0.800003124654178	6.36624913557471e-09	62.4855180751859	0.200037421662364
18.375	35.25	6.21878485709021e-05	0.800004244019049	6.5015625871253e-09	62.4615128451821	0.200049750278857
18.525	35.25	8.29178918007806e-05	0.80000576452442	6.63349943136336e-09	62.4375058804145	0.200066334313441
18.675	35.25	0.000110868698139927	0.800007827142652	6.76203536752912e-09	62.4134965789607	0.200088694958512
18.825	35.25	0.000148620254267555	0.800010622034145	6.88701204414751e-09	62.3894841237876	0.200118896203414
18.975	35.25	0.000199669453176749	0.8000144065177	7.0083588934878e-09	62.365467406171	0.200159735562541
19.125	35.25	0.000268753040631699	0.800019529521277	7.12589568239328e-09	62.3414449221712	0.200215002432505
19.275	35.25	0.000362286152617357	0.800026463547049	7.23939564515431e-09	62.3174146325562	0.200289828922094
19.425	35.25	0.000488957297754055	0.800035844473608	7.34854611074139e-09	62.2933737731161	0.200391165838203
19.575	35.25	0.000660531179298562	0.800048519451452	7.45288198252936e-09	62.2693185978803	0.200528424943439
19.725	35.25	0.000892922195101399	0.800065605415897	7.55187163115316e-09	62.2452440322709	0.200714337756081
19.875	35.25	0.00120761710702504	0.800088567183648	7.64494981910121e-09	62.2211432064346	0.20096609368562
20.025	35.25	0.0016335540947927	0.800119334522784	7.73095142356028e-09	62.1970068300861	0.201306843275834
20.175	35.25	0.00220962176076081	0.80016048701644	7.80869039552956e-09	62.1728223571915	0.201767697408609
20.325	35.25	0.00298804032583652	0.800215532295358	7.87623958176337e-09	62.1485728683793	0.202390432260669
20.475	35.25	0.00403902960557035	0.8002892709725	7.93151239169529e-09	62.1242355669467	0.203231223684456
20.625	35.25	0.00545732366279757	0.800388168260767	7.97150102667787e-09	62.0997797380269	0.204365858930238
20.775	35.25	0.00737118397052737	0.800520544101565	7.99215153209132e-09	62.0751639623014	0.205896947176422
20.925	35.25	0.00995447743769821	0.800696287417228	7.98850979617048e-09	62.0503323171721	0.207963581950159
21.075	35.25	0.0134420120051717	0.800925759590342	7.95424748403188e-09	62.0252092619058	0.210753609604137
21.225	35.25	0.01814761759673	0.801217640455283	7.88164341293584e-09	61.9996929187145	0.214518094077384
21.375	35.25	0.0244834935240347	0.801575706480888	7.76195322866231e-09	61.9736465575543	0.219586794819228
21.525	35.25	0.0329782629443934	0.801994869730589	7.58630168480998e-09	61.9468882866572	0.226382610355515
21.675	35.25	0.0442900721841868	0.802457171966224	7.34690832974363e-09	61.9191792499239	0.235432057747349
21.825	35.25	0.0592098318543001	0.802928783929397	7.0397114695749e-09	61.8902110436822	0.24736786548344
21.975	35.25	0.0786480165470344	0.803359397188622	6.66560084157877e-09	61.8595936160991	0.262918413237627
22.125	35.25	0.103596190524409	0.803685580283091	6.23275814869723e-09	61.8268456502917	0.282876952419527
22.275	35.25	0.135052302810478	0.803839325419744	5.75672595337795e-09	61.7913903778029	0.308041842248383
22.425	35.25	0.173898993617031	0.803761741524352	5.25851404874616e-09	61.7525608062895	0.339119194893624
22.575	35.25	0.220730584983215	0.803419693116775	4.76167591574431e-09	61.7096190674013	0.376584467986572
22.725	35.25	0.275641526854078	0.802820789963751	4.28830635986815e-09	61.6617941929788	0.420513221483262
22.875	35.25	0.338017856391389	0.80202057807804	3.85613007323042e-09	61.6083400404029	0.470414285113111
23.025	35.25	0.406404723467163	0.801116450905133	3.47653983584028e-09	61.548609611914	0.52512377877373
23.175	35.25	0.478534572347458	0.800226928962243	3.15464664260239e-09	61.4821344510218	0.582827657877966
23.325	35.25	0.551566086809467	0.799461971452645	2.89035577262412e-09	61.4086912958806	0.641252869447573
23.475	35.25	0.622501307989806	0.79889593012848	2.67967813595383e-09	61.3283372660593	0.698001046391844
23.625	35.25	0.688659257921734	0.798554410292457	2.51649288281357e-09	61.2414022373243	0.750927406337387
23.775	35.25	0.748051810227201	0.798418743899826	2.39382463136672e-09	61.1484403484173	0.798441448181761
23.925	35.25	0.799557781167834	0.798442568987784	2.30472830784637e-09	61.0501550518838	0.839646224934267
24.075	35.25	0.84288647039999	0.798570849754445	2.24282200173849e-09	60.947317561754	0.874309176319992
24.225	35.25	0.878398156036392	0.798753961378773	2.20256692325418e-09	60.8406957053192	0.902718524829113
24.375	35.25	0.906872100424944	0.798954492169512	2.17926042781941e-09	60.7310025624389	0.925497680339955
24.525	35.25	0.929292198143471	0.799148195586112	2.16906580939512e-09	60.6188665465592	0.943433758514777
24.675	35.25	0.94668509406297	0.79932177194101	2.16891351441501e-09	60.5048195467072	0.957348075250376
24.825	35.25	0.960016774625454	0.799469691391024	2.17634843264368e-09	60.3892977985972	0.968013419700363
24.975	35.25	0.970138073063906	0.799591292086998	2.18944716656469e-09	60.2726503297342	0.976110458451125
25.125	35.25	0.977764769222012	0.799688596198676	2.20668390715918e-09	60.1551509717894	0.98221181537761
25.275	35.25	0.983479107275865	0.799764851104306	2.22694335659992e-09	60.0370112533915	0.986783285820692
25.425	35.25	0.987742791111622	0.799823639837409	2.24930109976929e-09	59.9183925954925	0.990194232889297
25.575	35.25	0.990914817868803	0.799868385776996	2.27310947241052e-09	59.7994170267428	0.992731854295042
25.725	35.25	0.993270126791524	0.799902110696061	2.2978467794765e-09	59.6801761477511	0.994616101433219
25.875	35.25	0.995016874805003	0.79992734710289	2.32312998544113e-09	59.5607383710822	0.996013499844002
26.025	35.25	0.996311339961665	0.799946139378224	2.34867617296546e-09	59.4411546167685	0.997049071969332
26.175	35.25	0.997270176123636	0.799960091525922	2.37426654182008e-09	59.3214627043144	0.997816140898909
26.325	35.25	0.997980145942517	0.799970434856016	2.39975797949567e-09	59.2016906893486	0.998384116754014
26.475	35.25	0.998505654705387	0.799978099325013	2.42502298182024e-09	59.0818593715045	0.99880452376431
26.625	35.25	0.998894473356705	0.799983779384955	2.45000506115385e-09	58.9619841659932	0.999115578685364
26.775	35.25	0.999182029807488	0.799987990047699	2.47460498846042e-09	58.8420764945008	0.99934562384599
26.925	35.25	0.999394600869505	0.799991112020346	2.49880092080854e-09	58.7221448168981	0.999515680695604
27.075	35.25	0.9995516769307	0.799993426601505	2.52256348013311e-09	58.6021953962364	0.99964134154456
27.225	35.25	0.999667711987257	0.79999514190277	2.54586152942271e-09	58.4822328662397	0.999734169589806
27.375	35.25	0.999753419908538	0.799996412196129	2.56867846356611e-09	58.3622606525766	0.99980273592683
27.525	35.25	0.999816736207196	0.799997352059128	2.59104484138893e-09	58.2422812857461	0.999853388965757
27.675	35.25	0.999863532816477	0.799998046698063	2.61291431140864e-09	58.1222966334906	0.999890826253182
27.825	35.25	0.999898149900196	0.799998559508829	2.63429109680464e-09	58.002308073372	0.999918519920157
27.975	35.25	0.999923791678192	0.799998937648758	2.65516754776977e-09	57.8823166208219	0.999939033342554
28.125	35.25	0.99994282094093	0.799999216168496	2.6755771199081e-09	57.7623230240557	0.999954256752744
28.275	35.25	0.999956977996953	0.799999421091831	2.69550895313162e-09	57.64232783434	0.999965582397563
28.425	35.25	0.999967543255863	0.799999571716784	2.71496375113433e-09	57.5223314579468	0.999974034604691
28.575	35.25	0.999975457806047	0.799999682336886	2.73394827026672e-09	57.4023341945164	0.999980366244837
28.725	35.25	0.999981412728958	0.799999763526205	2.75248429275451e-09	57.2823362653451	0.999985130183167
28.875	35.25	0.999985915176907	0.799999823098339	2.77052680803488e-09	57.1623378342136	0.999988732141526
29.025	35.25	0.999989337201666	0.799999866819476	2.78814321777439e-09	57.042339022701	0.999991469761333
29.175	35.25	0.999991951790861	0.79999989893918	2.80530716871542e-09	56.9223399214247	0.999993561432688
29.325	35.25	0.999993959424968	0.799999922583411	2.8220454801162e-09	56.8023405982753	0.999995167539975
29.475	35.25	0.999995507614438	0.799999940047156	2.83835208605448e-09	56.6823411044399	0.99999640609155
29.625	35.25	0.999996705242184	0.799999953010769	2.85424118305682e-09	56.5623414787991	0.999997364193747
29.775	35.25	0.999997633065886	0.799999962701066	2.86971637827895e-09	56.4423417511302	0.999998106452709
29.925	35.25	0.999998351385306	0.799999970010581	2.88477703102607e-09	56.3223419444401	0.999998681108245
30.075	35.25	0.999998905620674	0.799999975586181	2.89945977137579e-09	56.202342076661	0.999999124496539
30.225	35.25	0.999999330355725	0.799999979894891	2.91371777266269e-09	56.0823421618851	0.99999946428458
30.375	35.25	0.999999652255997	0.799999983272266	2.92762285491034e-09	55.9623422112643	0.999999721804797
30.525	35.25	0.999999892166617	0.799999985958674	2.94113125900877e-09	55.8423422336702	0.999999913733294
30.675	35.25	1.00000006661444	0.799999988125714	2.95427539337197e-09	55.7223422361807	1.00000005329155
30.825	35.25	1.00000018888044	0.799999989895658	2.96705419502829e-09	55.6023422244426	1.00000015110436
30.975	35.25	1.0000002697643	0.799999991355922	2.97948001026026e-09	55.4823422029469	1.00000021581144
31.125	35.25	1.00000031813024	0.799999992569112	2.9915539047895e-09	55.3623421752411	1.0000002545042
31.275	35.25	1.00000034129914	0.799999993580964	3.00327593884514e-09	55.2423421440952	1.00000027303931
31.425	35.25	1.00000034533336	0.799999994425133	3.01468076794626e-09	55.1223421116373	1.00000027626669
31.575	35.25	1.00000033524796	0.799999995127449	3.02576791874057e-09	55.0023420794637	1.00000026819836
31.725	35.25	1.00000031517156	0.799999995708178	3.03651661814922e-09	54.8823420487315	1.00000025213724
31.875	35.25	1.00000028847337	0.799999996183964	3.0469619541286e-09	54.7623420202383	1.00000023077869
32.025	35.25	1.00000025786737	0.799999996569109	3.05709039446706e-09	54.6423419944894	1.00000020629389
32.175	35.25	1.00000022550095	0.799999996875898	3.06692523560638e-09	54.522341971757	1.00000018040076
32.325	35.25	1.00000019303282	0.799999997115629	3.07645442907437e-09	54.4023419521305	1.00000015442626
32.475	35.25	1.00000016170284	0.79999999729847	3.08572083230899e-09	54.28234193556	1.00000012936227
32.625	35.25	1.00000013239566	0.799999997433646	3.09468420117058e-09	54.162341921894	1.00000010591653
32.775	35.25	1.00000010569878	0.799999997529714	3.10338458644994e-09	54.04234191091	1.00000008455902
32.925	35.25	1.00000008195548	0.799999997594272	3.11181905999426e-09	53.9223419023409	1.00000006556438
33.075	35.25	1.00000006131279	0.799999997634152	3.11998442461586e-09	53.8023418958963	1.00000004905023
33.225	35.25	1.00000004376435	0.799999997655564	3.12789980575072e-09	53.6823418912786	1.00000003501148
33.375	35.25	1.00000002918825	0.799999997663589	3.13558366582788e-09	53.5623418881969	1.0000000233506
33.525	35.25	1.00000001737991	0.799999997662771	3.14300023743748e-09	53.4423418863754	1.00000001390393
33.675	35.25	1.00000000808004	0.799999997656844	3.15018971454204e-09	53.3223418855611	1.00000000646403
33.825	35.25	1.00000000099793	0.799999997648835	3.15715809936234e-09	53.202341885527	1.00000000079834
33.975	35.25	0.999999995830312	0.799999997641076	3.16388557834411e-09	53.0823418860748	0.99999999666425
34.125	35.25	0.999999992276173	0.799999997635402	3.17041116497582e-09	52.9623418870353	0.999999993820938
34.275	35.25	0.999999990047922	0.799999997633029	3.17672802213336e-09	52.8423418882672	0.999999992038337
34.425	35.25	0.999999988879303	0.799999997634773	3.18281672405458e-09	52.7223418896562	0.999999991103442
34.575	35.25	0.999999988530659	0.799999997641217	3.18871398019457e-09	52.602341891112	0.999999990824527
34.725	35.25	0.999999988791767	0.799999997652383	3.19442485698731e-09	52.4823418925659	0.999999991033413
34.875	35.25	0.999999989482826	0.799999997668233	3.19992916549706e-09	52.3623418939682	0.99999999158626
35.025	35.25	0.99999999045403	0.799999997688588	3.20527818962526e-09	52.2423418952848	0.999999992363224
35.175	35.25	0.999999991583971	0.799999997712979	3.21041687834417e-09	52.1223418964945	0.999999993267177
35.325	35.25	0.999999992777344	0.799999997740973	3.21539472356693e-09	52.0023418975868	0.999999994221875
35.475	35.25	0.999999993962091	0.799999997772177	3.22020546126697e-09	51.882341898559	0.999999995169673
35.625	35.25	0.999999995086369	0.799999997806012	3.22486270129029e-09	51.7623418994144	0.999999996069095
35.775	35.25	0.999999996115376	0.799999997841949	3.22935188671249e-09	51.6423419001606	0.999999996892301
35.925	35.25	0.999999997028296	0.799999997879567	3.23368719407486e-09	51.5223419008077	0.999999997622636
36.075	35.25	0.999999997815463	0.799999997918462	3.23787387355224e-09	51.4023419013673	0.99999999825237
36.225	35.25	0.999999998475757	0.799999997958289	3.24191595536298e-09	51.2823419018516	0.999999998780606
36.375	35.25	0.999999999014295	0.79999999799869	3.24582685428072e-09	51.1623419022725	0.999999999211436
36.525	35.25	0.999999999440465	0.799999998039458	3.24958730355905e-09	51.0423419026412	0.999999999552372
36.675	35.25	0.999999999766338	0.799999998080282	3.2532364639e-09	50.9223419029681	0.99999999981307
36.825	35.25	1.00000000000535	0.79999999812114	3.25676342411498e-09	50.802341903262	1.00000000000428
36.975	35.25	1.00000000017136	0.799999998161858	3.26015472863742e-09	50.6823419035307	1.00000000013709
37.125	35.25	1.00000000027792	0.799999998202358	3.26342091789702e-09	50.5623419037806	1.00000000022234
37.275	35.25	1.00000000033771	0.799999998242464	3.26659646260233e-09	50.4423419040167	1.00000000027017
37.425	35.25	1.00000000036185	0.79999999828214	3.269660418341e-09	50.322341904243	1.00000000028948
37.575	35.25	1.00000000035916	0.799999998321324	3.27261278525029e-09	50.2023419044625	1.00000000028733
37.725	35.25	1.00000000033568	0.79999999836006	3.27546038425421e-09	50.0823419046776	1.00000000026854
37.875	35.25	1.00000000029554	0.79999999839903	3.27822736304377e-09	49.9623419048901	1.00000000023643
38.025	35.25	1.00000000024454	0.799999998439164	3.28089390684273e-09	49.8423419051012	1.00000000019563
38.175	35.25	1.00000000019659	0.799999998481253	3.28346320977086e-09	49.7223419053114	1.00000000015727
38.325	35.25	1.00000000017808	0.79999999852371	3.28596884147308e-09	49.6023419055191	1.00000000014246
38.475	35.25	1.00000000021823	0.799999998560366	3.28837402215155e-09	49.4823419057201	1.00000000017458
38.625	35.25	1.00000000031041	0.799999998580579	3.29071825596613e-09	49.3623419059091	1.00000000024833
38.775	35.25	1.00000000034603	0.799999998577936	3.29296302360875e-09	49.2423419060863	1.00000000027683
38.925	35.25	1.00000000007388	0.799999998570318	3.295152556454e-09	49.1223419062693	1.0000000000591
39.075	35.25	0.999999999212042	0.799999998623856	3.29727396817983e-09	49.0023419065011	0.999999999369634
39.225	35.25	0.999999997861604	0.799999998847568	3.29932188026457e-09	48.8823419068334	0.999999998289283
39.375	35.25	0.999999997187178	0.799999999302633	3.30132553513977e-09	48.7623419072574	0.999999997749742
39.525	35.25	0.999999999800282	0.799999999795679	3.30324965160341e-09	48.6423419075827	0.999999999840226
39.675	35.25	1.00000000854991	0.799999999647989	3.30512706882754e-09	48.522341907357	1.00000000683993
39.825	35.25	1.00000002228112	0.799999997777006	3.30695730972129e-09	48.4023419060467	1.0000000178249
39.975	35.25	1.00000002906866	0.799999993619103	3.30873010649439e-09	48.282341903746	1.00000002325493
40.125	35.25	1.00000000269438	0.799999989158995	3.31045981204857e-09	48.1623419023798	1.0000000021555
40.275	35.25	0.99999991505162	0.799999991073427	3.31214095820674e-09	48.042341906481	0.999999932041296
40.425	35.25	0.999999777875221	0.800000009747835	3.31378133128602e-09	47.9223419213679	0.999999822300177
40.575	35.25	0.99999970764996	0.80000005028731	3.3153748340745e-09	47.8023419462046	0.999999766119968
40.725	35.25	0.999999957517796	0.800000093503333	3.31694099452247e-09	47.6823419624129	0.999999966014236
40.875	35.25	1.00000079734945	0.800000076710624	3.31846986077601e-09	47.5623419263102	1.00000063787956
41.025	35.25	1.00000212196186	0.799999904195025	3.31995723232998e-09	47.4423417863087	1.00000169756948
41.175	35.25	1.00000285290253	0.799999530066128	3.32141547085479e-09	47.3223415476351	1.00000228232203
41.325	35.25	1.00000065163094	0.799999127815706	3.32285579971143e-09	47.2023413795319	1.00000052130475
41.475	35.25	0.999993003857982	0.799999255374293	3.32427928220813e-09	47.0823416841774	0.999994403086385
41.625	35.25	0.999980706637773	0.800000755983183	3.32569829041652e-09	46.9623429461776	0.999984565310218
41.775	35.25	0.999973138464091	0.800004040612425	3.32706763064826e-09	46.8423451617115	0.999978510771273
41.925	35.25	0.999990827520889	0.800007657532431	3.32835605927403e-09	46.7223468914348	0.999992662016711
42.075	35.25	1.0000563795365	0.800006936157441	3.32950289086295e-09	46.6023446255846	1.0000451036292
42.225	35.25	1.00016528886136	0.799994824036965	3.33050603672687e-09	46.4823339856227	1.00013223108909
42.375	35.25	1.00024184955251	0.799967674113581	3.33156249707877e-09	46.3623144431175	1.000193479642
42.525	35.25	1.00011633628396	0.799936550395914	3.33316950546739e-09	46.2422972501509	1.00009306902717
42.675	35.25	0.999594226904177	0.799937860598937	3.33580341695912e-09	46.1223111432038	0.999675381523341
42.825	35.25	0.998683926302811	0.800027372396529	3.33947441309005e-09	46.0023937943542	0.998947141042249
42.975	35.25	0.99794467322471	0.800237006783798	3.34268331254422e-09	45.8825556262804	0.998355738579768
43.125	35.25	0.998684258978813	0.800490005426636	3.34194673583164e-09	45.7627174319702	0.998947407183051
43.275	35.25	1.00248296175516	0.800522975107139	3.3330196186371e-09	45.6426614016614	1.00198636940413
43.425	35.25	1.00955927622681	0.799934825542874	3.31546421055827e-09	45.5220834991346	1.00764742098145
43.575	35.25	1.0162338073543	0.798479881586005	3.29908696922894e-09	45.400845722488	1.01298704588344
43.725	35.25	1.01328677097618	0.796573391817817	3.30785179803399e-09	45.2794285662011	1.01062941678095
43.875	35.25	0.988680897762605	0.795833250620465	3.37470096454298e-09	45.1593335717691	0.990944718210084
44.025	35.25	0.938367896708763	0.799351007306509	3.51894446652574e-09	45.0428405393176	0.950694317367011
44.175	35.25	0.884673133575078	0.810192428711799	3.68707353028271e-09	44.9313520337008	0.907738506860062
44.325	35.25	0.889127901642855	0.824441952907913	3.67419211174635e-09	44.8222076796651	0.911302321314284
44.475	35.25	1.03257195118382	0.826489829167305	3.26416611581775e-09	44.7059572740587	1.02605756094705
44.625	35.25	1.34924434143305	0.808622133131287	2.61795858826019e-09	44.5677998381863	1.27939547314644
44.775	35.25	1.76408811746497	0.709537047645612	2.07848777521914e-09	44.3955930250744	1.61127049397198
44.925	35.25	2.11154506553799	0.834636814328258	1.77245959862893e-09	44.2248230054109	1.88923605243039
0.075	35.75	3.47473591955505e-16	0.399999999868273	-1.33163622944165e-08	65.3895333955165	0.2
0.225	35.75	1.09796499261438e-15	0.799999999604069	-1.33114743873737e-08	65.3655333955244	0.200000000000001
0.375	35.75	2.54818928701317e-15	0.799999999340633	-1.33016737535316e-08	65.3415333955402	0.200000000000002
0.525	35.75	4.61626582966699e-15	0.799999999077323	-1.32869312032362e-08	65.3175333955639	0.200000000000004
0.675	35.75	7.1488169818909e-15	0.799999998814371	-1.32672050143949e-08	65.2935333955956	0.200000000000006
0.825	35.75	9.93588429793796e-15	0.799999998551969	-1.3242716885319e-08	65.2695333956351	0.200000000000008
0.975	35.75	1.2737970407444e-14	0.799999998289957	-1.32132011983036e-08	65.2455333956824	0.20000000000001
1.125	35.75	1.52997074568953e-14	0.799999998029351	-1.31790210460198e-08	65.2215333957377	0.200000000000012
1.275	35.75	1.73403388542378e-14	0.799999997769004	-1.3139694625223e-08	65.1975333958007	0.200000000000014
1.425	35.75	1.85241247863456e-14	0.799999997509868	-1.30958387737206e-08	65.1735333958715	0.200000000000015
1.575	35.75	1.84215048503544e-14	0.799999997251855	-1.30470395723481e-08	65.1495333959501	0.200000000000015
1.725	35.75	1.64738684864936e-14	0.799999996994772	-1.29935006048991e-08	65.1255333960364	0.200000000000013
1.875	35.75	1.19727217015029e-14	0.799999996739213	-1.29352191513385e-08	65.1015333961304	0.20000000000001
2.025	35.75	4.06047183825765e-15	0.79999999648482	-1.28722874211983e-08	65.0775333962321	0.200000000000003
2.175	35.75	-8.24291965164094e-15	0.799999996232481	-1.28044974574786e-08	65.0535333963413	0.199999999999993
2.325	35.75	-2.59845092856715e-14	0.799999995981246	-1.27322874182116e-08	65.0295333964581	0.199999999999979
2.475	35.75	-5.01910924568817e-14	0.79999999573222	-1.26554532615881e-08	65.0055333965824	0.19999999999996
2.625	35.75	-8.17460220233606e-14	0.799999995484299	-1.25740096356023e-08	64.9815333967142	0.199999999999935
2.775	35.75	-1.21225243352918e-13	0.799999995239576	-1.24880118812999e-08	64.9575333968534	0.199999999999903
2.925	35.75	-1.68687693743394e-13	0.799999994995609	-1.23976193051657e-08	64.9335333969999	0.199999999999865
3.075	35.75	-2.23416650198431e-13	0.799999994754509	-1.23028940099133e-08	64.9095333971537	0.199999999999821
3.225	35.75	-2.83611672937364e-13	0.799999994515557	-1.22037681798613e-08	64.8855333973146	0.199999999999773
3.375	35.75	-3.46035691350412e-13	0.799999994278884	-1.21002666022732e-08	64.8615333974828	0.199999999999723
3.525	35.75	-4.05628546089966e-13	0.79999999404466	-1.1992613360861e-08	64.837533397658	0.199999999999676
3.675	35.75	-4.55107088409445e-13	0.799999993813038	-1.18807983426418e-08	64.8135333978402	0.199999999999636
3.825	35.75	-4.84582706612235e-13	0.799999993584108	-1.17648458202704e-08	64.7895333980293	0.199999999999612
3.975	35.75	-4.81239935709619e-13	0.799999993358011	-1.16446710705731e-08	64.7655333982252	0.199999999999615
4.125	35.75	-4.29134297770225e-13	0.799999993134274	-1.1520760006928e-08	64.7415333984279	0.199999999999657
4.275	35.75	-3.09183360753977e-13	0.799999992914112	-1.13928093351005e-08	64.7175333986372	0.199999999999753
4.425	35.75	-9.94412994077485e-14	0.7999999926964	-1.12610859037609e-08	64.6935333988531	0.19999999999992
4.575	35.75	2.24237056246041e-13	0.799999992481684	-1.11255014977682e-08	64.6695333990755	0.200000000000179
4.725	35.75	6.87023348321923e-13	0.799999992270936	-1.09861625622749e-08	64.6455333993042	0.20000000000055
4.875	35.75	1.31330564078471e-12	0.799999992062462	-1.08432686747884e-08	64.6215333995391	0.200000000001051
5.025	35.75	2.12411096067691e-12	0.799999991858075	-1.06967886592793e-08	64.5975333997801	0.200000000001699
5.175	35.75	3.13363847295971e-12	0.799999991656714	-1.05467078859514e-08	64.5735334000272	0.200000000002507
5.325	35.75	4.34480357847612e-12	0.799999991458599	-1.03934374101413e-08	64.5495334002802	0.200000000003476
5.475	35.75	5.74373327751544e-12	0.799999991263932	-1.02368676788303e-08	64.5255334005389	0.200000000004595
5.625	35.75	7.29321541282373e-12	0.799999991073639	-1.00768859169734e-08	64.5015334008032	0.200000000005835
5.775	35.75	8.92519283696545e-12	0.799999990886333	-9.9138398446469e-09	64.477533401073	0.20000000000714
5.925	35.75	1.05325121005756e-11	0.799999990702861	-9.74769436580804e-09	64.4535334013483	0.200000000008426
6.075	35.75	1.19602875661935e-11	0.799999990522995	-9.57854831402305e-09	64.4295334016289	0.200000000009568
6.225	35.75	1.29974276050977e-11	0.799999990347347	-9.40664817110617e-09	64.4055334019146	0.200000000010398
6.375	35.75	1.33690888248673e-11	0.799999990175309	-9.23168745616866e-09	64.3815334022055	0.200000000010695
6.525	35.75	1.27310738823621e-11	0.799999990007101	-9.05414634011279e-09	64.3575334025015	0.200000000010185
6.675	35.75	1.06674609276343e-11	0.799999989842999	-8.87401746923528e-09	64.3335334028027	0.200000000008534
6.825	35.75	6.693036740649e-12	0.79999998968297	-8.69138252586835e-09	64.3095334031089	0.200000000005354
6.975	35.75	2.62383878812919e-13	0.799999989526879	-8.50615572217111e-09	64.2855334034204	0.20000000000021
7.125	35.75	-9.21227805472739e-12	0.799999989374764	-8.31867770692005e-09	64.2615334037373	0.19999999999263
7.275	35.75	-2.23322055463569e-11	0.799999989227274	-8.12895614548642e-09	64.2375334040597	0.199999999982134
7.425	35.75	-3.96698104305617e-11	0.799999989084015	-7.93699550610543e-09	64.2135334043879	0.199999999968264
7.575	35.75	-6.17105583451867e-11	0.79999998894491	-7.74294688670644e-09	64.1895334047223	0.199999999950632
7.725	35.75	-8.87769678913401e-11	0.799999988810722	-7.54694350200323e-09	64.1655334050631	0.199999999928978
7.875	35.75	-1.20933062032358e-10	0.799999988680815	-7.34911941202559e-09	64.1415334054107	0.199999999903254
8.025	35.75	-1.57868391262121e-10	0.799999988555953	-7.14937302660774e-09	64.1175334057654	0.199999999873705
8.175	35.75	-1.98761871043072e-10	0.799999988435677	-6.94800137706965e-09	64.0935334061276	0.199999999840991
8.325	35.75	-2.42127205822818e-10	0.799999988321175	-6.74516774811478e-09	64.0695334064974	0.199999999806298
8.475	35.75	-2.85643652244647e-10	0.799999988211403	-6.54069404316502e-09	64.0455334068748	0.199999999771485
8.625	35.75	-3.25978332423791e-10	0.799999988107234	-6.33476643888213e-09	64.0215334072596	0.199999999739217
8.775	35.75	-3.58609250766183e-10	0.79999998800855	-6.1275580729519e-09	63.997533407651	0.199999999713113
8.925	35.75	-3.77661570196052e-10	0.799999987915622	-5.91923681153185e-09	63.9735334080479	0.199999999697871
9.075	35.75	-3.75773504337064e-10	0.799999987828527	-5.70968923491228e-09	63.9495334084486	0.199999999699381
9.225	35.75	-3.4401227201959e-10	0.799999987747345	-5.49907497330215e-09	63.9255334088504	0.19999999972479
9.375	35.75	-2.7186477707024e-10	0.799999987671659	-5.28760478451368e-09	63.9015334092498	0.199999999782508
9.525	35.75	-1.4733179459315e-10	0.799999987601601	-5.07530319949579e-09	63.8775334096423	0.199999999882135
9.675	35.75	4.28418257468263e-11	0.799999987536846	-4.86221266964965e-09	63.853533410022	0.200000000034273
9.825	35.75	3.12765449847762e-10	0.799999987476864	-4.64843019809009e-09	63.8295334103818	0.200000000250212
9.975	35.75	6.76792153011959e-10	0.799999987420944	-4.43412085718308e-09	63.8055334107133	0.200000000541434
10.125	35.75	1.14866199997376e-09	0.799999987368107	-4.21934913011828e-09	63.7815334110066	0.20000000091893
10.275	35.75	1.74036378305132e-09	0.799999987317327	-4.00424401671968e-09	63.7575334112507	0.200000001392291
10.425	35.75	2.46068477907463e-09	0.799999987267261	-3.78887411183933e-09	63.7335334114334	0.200000001968548
10.575	35.75	3.31342636710056e-09	0.79999998721574	-3.57310334837636e-09	63.7095334115422	0.200000002650741
10.725	35.75	4.29527559820733e-09	0.799999987161234	-3.35738261645509e-09	63.6855334115643	0.200000003436221
10.875	35.75	5.39333954354325e-09	0.799999987101305	-3.14169036031485e-09	63.6615334114878	0.200000004314672
11.025	35.75	6.58237088284829e-09	0.799999987033775	-2.92596534797298e-09	63.6375334113027	0.200000005265897
11.175	35.75	7.82173999471518e-09	0.799999986955528	-2.71046228532538e-09	63.613533411002	0.200000006257392
11.325	35.75	9.05224082454327e-09	0.799999986864716	-2.49513114718405e-09	63.5895334105836	0.200000007241793
11.475	35.75	1.01928548230907e-08	0.799999986758108	-2.28020764210214e-09	63.5655334100521	0.200000008154284
11.625	35.75	1.11376387316652e-08	0.799999986634058	-2.06566093759575e-09	63.5415334094211	0.200000008910111
11.775	35.75	1.17529470318736e-08	0.799999986490082	-1.85162197424544e-09	63.5175334087156	0.200000009402358
11.925	35.75	1.18752471585758e-08	0.799999986325793	-1.63813262161095e-09	63.4935334079751	0.200000009500198
12.075	35.75	1.13098333418986e-08	0.799999986140959	-1.42536393767018e-09	63.469533407256	0.200000009047867
12.225	35.75	9.83079101201356e-09	0.799999985936674	-1.21327296733835e-09	63.4455334066352	0.200000007864633
12.375	35.75	7.18260548571358e-09	0.79999998571585	-1.00199889964279e-09	63.4215334062123	0.200000005746084
12.525	35.75	3.08384324716403e-09	0.79999998548369	-7.9167872158362e-10	63.3975334061131	0.200000002467075
12.675	35.75	-2.76664157263433e-09	0.799999985247274	-5.82250981729933e-10	63.3735334064912	0.199999997786687
12.825	35.75	-1.0680512049666e-08	0.799999985016708	-3.73965090618267e-10	63.3495334075295	0.19999999145559
12.975	35.75	-2.09673066389966e-08	0.799999984805377	-1.66737612344954e-10	63.3255334094409	0.199999983226155
13.125	35.75	-3.39179167298416e-08	0.799999984629503	3.92114186913735e-11	63.3015334124669	0.199999972865667
13.275	35.75	-4.97837936483823e-08	0.799999984509641	2.44009074054498e-10	63.2775334168753	0.199999960172965
13.425	35.75	-6.87515588168024e-08	0.799999984470082	4.47370449461981e-10	63.2535334229548	0.199999944998753
13.575	35.75	-9.09127715297209e-08	0.799999984538264	6.49302268963506e-10	63.2295334310074	0.199999927269783
13.725	35.75	-1.1622870101999e-07	0.799999984747261	8.4984366342999e-10	63.2055334413378	0.199999907017039
13.875	35.75	-1.44490043342088e-07	0.799999985132984	1.04881708390668e-09	63.1815334542385	0.199999884407965
14.025	35.75	-1.75271603813935e-07	0.799999985735186	1.24618456097506e-09	63.1575334699719	0.199999859782717
14.175	35.75	-2.07882009958824e-07	0.799999986598273	1.44184758693382e-09	63.1335334887466	0.199999833694392
14.325	35.75	-2.41308496572397e-07	0.799999987770702	1.635745151474e-09	63.1095335106893	0.199999806953203
14.475	35.75	-2.74156670509476e-07	0.799999989304531	1.82795501962079e-09	63.0855335358115	0.199999780674664
14.625	35.75	-3.04584859789119e-07	0.799999991257634	2.01821802400183e-09	63.0615335639691	0.199999756332112
14.775	35.75	-3.30232102046383e-07	0.799999993693624	2.20659778454104e-09	63.0375335948164	0.199999735814318
14.925	35.75	-3.48137928467185e-07	0.799999996686438	2.39299113708387e-09	63.0135336277521	0.199999721489657
15.075	35.75	-3.54650715714646e-07	0.800000000322262	2.57734097180027e-09	62.9895336618577	0.199999716279427
15.225	35.75	-3.45319331723301e-07	0.800000004707853	2.75964794960071e-09	62.9655336958257	0.199999723744535
15.375	35.75	-3.14759857157561e-07	0.800000009979516	2.93982499769564e-09	62.9415337278765	0.199999748192114
15.525	35.75	-2.56485014097807e-07	0.800000016317798	3.11770385531345e-09	62.9175337556608	0.199999794811989
15.675	35.75	-1.62678169946437e-07	0.800000023968982	3.29341626251389e-09	62.8935337761426	0.199999869857464
15.825	35.75	-2.38858682007795e-08	0.800000033273474	3.46682779425648e-09	62.8695337854569	0.199999980891305
15.975	35.75	1.71407949932641e-07	0.80000004470769	3.63795628356998e-09	62.8455337787322	0.20000013712636
16.125	35.75	4.37377491277565e-07	0.800000058940812	3.80660554610061e-09	62.8215337498641	0.200000349901993
16.275	35.75	7.91691634270738e-07	0.800000076912708	3.97293177926146e-09	62.7975336912193	0.200000633353307
16.425	35.75	1.25668926434864e-06	0.800000099941779	4.1366528103236e-09	62.7735335932445	0.200001005351411
16.575	35.75	1.86102707427868e-06	0.800000129869619	4.29792492793791e-09	62.7495334439384	0.200001488821659
16.725	35.75	2.64198157601814e-06	0.80000016925766	4.45665584281682e-09	62.7255332281351	0.200002113585261
16.875	35.75	3.64865150428822e-06	0.800000221653727	4.61276108865481e-09	62.7015329265224	0.200002918921203
17.025	35.75	4.94639299289922e-06	0.800000291950389	4.76619998604754e-09	62.6775325142946	0.200003957114394
17.175	35.75	6.62293530172725e-06	0.800000386865167	4.91714095943476e-09	62.6535319592976	0.200005298348241
17.325	35.75	8.79677992156889e-06	0.800000515593133	5.06506701327579e-09	62.6295312194785	0.200007037423937
17.475	35.75	1.16286954455195e-05	0.800000690681508	5.21052985214565e-09	62.6055302393792	0.200009302956356
17.625	35.75	1.53374052832533e-05	0.800000929217118	5.35299777675265e-09	62.5815289453261	0.200012269924227
17.775	35.75	2.02209520794052e-05	0.800001254428501	5.49267135570142e-09	62.5575272388409	0.200016176761664
17.925	35.75	2.6685744190898e-05	0.800001697842274	5.62946759677104e-09	62.5335249876315	0.200021348595353
18.075	35.75	3.52859828763591e-05	0.800002302162461	5.76337089321547e-09	62.5095220132966	0.200028228786301
18.225	35.75	4.67770779211471e-05	0.800003125099032	5.89435031165516e-09	62.4855180745736	0.200037421662337
18.375	35.75	6.21878485272313e-05	0.800004244453604	6.02215738387615e-09	62.4615128445566	0.200049750278822
18.525	35.75	8.2917891743415e-05	0.800005764948766	6.14694974958522e-09	62.4375058797761	0.200066334313395
18.675	35.75	0.000110868698064465	0.800007827556912	6.26856082758893e-09	62.4134965783098	0.200088694958452
18.825	35.75	0.000148620254168228	0.800010622437897	6.38688558762136e-09	62.3894841231244	0.200118896203335
18.975	35.75	0.000199669453045998	0.800014406910905	6.50190330805392e-09	62.3654674054958	0.200159735562437
19.125	35.75	0.000268753040459641	0.80001952990427	6.61333526597547e-09	62.3414449214843	0.200215002432368
19.275	35.75	0.000362286152391042	0.800026463919317	6.7208691284011e-09	62.3174146318581	0.200289828921913
19.425	35.75	0.000488957297456702	0.800035844835144	6.82438336549677e-09	62.2933737724069	0.200391165837965
19.575	35.75	0.000660531178908318	0.80004851980253	6.92352967032487e-09	62.2693185971605	0.200528424943127
19.725	35.75	0.000892922194590062	0.800065605756237	7.01768746455669e-09	62.2452440315407	0.200714337755672
19.875	35.75	0.00120761710635599	0.800088567513052	7.10614281645442e-09	62.2211432056944	0.200966093685085
20.025	35.75	0.00163355409391923	0.800119334841413	7.18801807123266e-09	62.1970068293361	0.201306843275135
20.175	35.75	0.00220962175962291	0.800160487324315	7.26218244331555e-09	62.1728223564323	0.201767697407698
20.325	35.75	0.00298804032435783	0.800215532592588	7.32709011406524e-09	62.1485728676109	0.202390432259486
20.475	35.75	0.00403902960365257	0.80028927125878	7.38046078438806e-09	62.1242355661696	0.203231223682922
20.625	35.75	0.00545732366031596	0.800388168536318	7.41942674636338e-09	62.0997797372414	0.204365858928253
20.775	35.75	0.0073711839673228	0.800520544366232	7.44046585590606e-09	62.0751639615079	0.205896947173858
20.925	35.75	0.00995447743357041	0.800696287671281	7.43885879037717e-09	62.050332316371	0.207963581946856
21.075	35.75	0.0134420119998723	0.800925759833975	7.40855842832675e-09	62.0252092610972	0.210753609599898
21.225	35.75	0.0181476175899549	0.801217640688436	7.34253687317187e-09	61.999692917899	0.214518094071964
21.375	35.75	0.0244834935154227	0.801575706703793	7.23255635365917e-09	61.973646556732	0.219586794812338
21.525	35.75	0.0329782629335164	0.801994869943553	7.07027250772743e-09	61.9468882858286	0.226382610346813
21.675	35.75	0.0442900721705563	0.802457172169647	6.84869421426209e-09	61.9191792490893	0.235432057736445
21.825	35.75	0.0592098318373737	0.802928784123953	6.56345765368205e-09	61.8902110428419	0.247367865469899
21.975	35.75	0.0786480165262303	0.803359397374358	6.21582162212829e-09	61.8595936152534	0.262918413220984
22.125	35.75	0.103596190499136	0.803685580460787	5.81328513685598e-09	61.8268456494407	0.282876952399309
22.275	35.75	0.135052302780199	0.803839325589994	5.37029468414346e-09	61.791390376947	0.308041842224159
22.425	35.75	0.173898993581357	0.803761741687954	4.90646259058866e-09	61.7525608054286	0.339119194865086
22.575	35.75	0.220730584942041	0.803419693274148	4.44371966019599e-09	61.7096190665356	0.376584467953633
22.725	35.75	0.275641526807731	0.802820790115572	4.00272269895394e-09	61.6617941921081	0.420513221446185
22.875	35.75	0.338017856340765	0.802020578224856	3.60006395378474e-09	61.608340039527	0.470414285072612
23.025	35.75	0.406404723413745	0.801116451047297	3.24642145002809e-09	61.5486096110323	0.525123778730996
23.175	35.75	0.478534572293204	0.800226929100225	2.94663611182098e-09	61.4821344501337	0.582827657834563
23.325	35.75	0.551566086756559	0.799461971586791	2.70057195170569e-09	61.4086912949852	0.641252869405247
23.475	35.75	0.622501307940293	0.798895930259085	2.50457842661799e-09	61.3283372651556	0.698001046352234
23.625	35.75	0.688659257877214	0.798554410419894	2.35297666917941e-09	61.241402236411	0.750927406301771
23.775	35.75	0.748051810188628	0.798418744024265	2.23926438012477e-09	61.1484403474934	0.798441448150903
23.925	35.75	0.799557781135512	0.798442569109524	2.15696310858007e-09	61.0501550509482	0.839646224908409
24.075	35.75	0.842886470373686	0.798570849873598	2.10011354238506e-09	60.9473175608057	0.874309176298949
24.225	35.75	0.878398156015511	0.798753961495555	2.06350503252313e-09	60.8406957043574	0.902718524812409
24.375	35.75	0.906872100408715	0.798954492283937	2.04280579193463e-09	60.7310025614629	0.925497680326972
24.525	35.75	0.929292198131067	0.799148195698358	2.03439414596049e-09	60.6188665455687	0.943433758504854
24.675	35.75	0.946685094053634	0.799321772051087	2.03542621838753e-09	60.5048195457019	0.957348075242907
24.825	35.75	0.960016774618495	0.799469691498972	2.04354724984306e-09	60.3892977975768	0.968013419694796
24.975	35.75	0.97013807305877	0.799591292192832	2.05699981967419e-09	60.2726503286988	0.976110458447016
25.125	35.75	0.977764769218249	0.799688596302448	2.07436445846928e-09	60.1551509707391	0.982211815374599
25.275	35.75	0.983479107273126	0.799764851206068	2.0945389621711e-09	60.0370112523262	0.9867832858185
25.425	35.75	0.987742791109647	0.799823639937113	2.1167245262306e-09	59.9183925944125	0.990194232887718
25.575	35.75	0.990914817867379	0.7998683858747	2.14022735944024e-09	59.7994170256483	0.992731854293903
25.725	35.75	0.993270126790494	0.79990211079181	2.16462735837569e-09	59.6801761466424	0.994616101432395
25.875	35.75	0.99501687480425	0.799927347196661	2.18952504652399e-09	59.5607383699593	0.9960134998434
26.025	35.75	0.996311339961117	0.799946139470089	2.21466996865453e-09	59.4411546156318	0.997049071968893
26.175	35.75	0.997270176123245	0.799960091615838	2.23987531609758e-09	59.3214627031642	0.997816140898596
26.325	35.75	0.997980145942227	0.799970434944038	2.26495920290824e-09	59.2016906881851	0.998384116753782
26.475	35.75	0.998505654705175	0.799978099411208	2.28985868248202e-09	59.081859370328	0.99880452376414
26.625	35.75	0.998894473356549	0.799983779469296	2.31444821521242e-09	58.9619841648039	0.999115578685239
26.775	35.75	0.999182029807377	0.79998799013018	2.33868862421071e-09	58.842076493299	0.999345623845902
26.925	35.75	0.999394600869425	0.799991112101062	2.36256649287494e-09	58.7221448156841	0.99951568069554
27.075	35.75	0.999551676930636	0.799993426680419	2.38600674732468e-09	58.6021953950104	0.999641341544508
27.225	35.75	0.999667711987214	0.79999514197996	2.40901323087394e-09	58.4822328650021	0.999734169589771
27.375	35.75	0.999753419908504	0.799996412271567	2.43157754066615e-09	58.3622606513275	0.999802735926803
27.525	35.75	0.999816736207163	0.799997352132883	2.4536830116603e-09	58.2422812844858	0.99985338896573
27.675	35.75	0.999863532816453	0.799998046770091	2.47531826657279e-09	58.1222966322194	0.999890826253163
27.825	35.75	0.999898149900169	0.799998559579266	2.49646881981236e-09	58.0023080720901	0.999918519920135
27.975	35.75	0.999923791678171	0.799998937717485	2.51718707937068e-09	57.8823166195296	0.999939033342537
28.125	35.75	0.999942820940915	0.799999216235676	2.53743633702445e-09	57.7623230227532	0.999954256752732
28.275	35.75	0.999956977996946	0.799999421157406	2.55721641474436e-09	57.6423278330275	0.999965582397557
28.425	35.75	0.999967543255857	0.799999571780801	2.57653952905496e-09	57.5223314566246	0.999974034604685
28.575	35.75	0.999975457806036	0.799999682399383	2.59543406015688e-09	57.4023341931848	0.999980366244829
28.725	35.75	0.999981412728944	0.799999763587195	2.61385072661888e-09	57.2823362640042	0.999985130183155
28.875	35.75	0.999985915176903	0.799999823157793	2.63186468721077e-09	57.1623378328636	0.999988732141522
29.025	35.75	0.99998933720166	0.799999866877482	2.64944736088847e-09	57.0423390213423	0.999991469761328
29.175	35.75	0.999991951790861	0.799999898995732	2.66658670081189e-09	56.9223399200573	0.999993561432688
29.325	35.75	0.999993959424966	0.799999922638566	2.68332061140832e-09	56.8023405968995	0.999995167539973
29.475	35.75	0.999995507614441	0.799999940100931	2.6996356422978e-09	56.682341103056	0.999996406091553
29.625	35.75	0.99999670524218	0.799999953063155	2.71553867257671e-09	56.5623414774072	0.999997364193744
29.775	35.75	0.999997633065873	0.799999962752122	2.73105473803355e-09	56.4423417497306	0.999998106452699
29.925	35.75	0.999998351385303	0.799999970060298	2.74617035987255e-09	56.3223419430329	0.999998681108243
30.075	35.75	0.999998905620679	0.799999975634663	2.76090600428095e-09	56.2023420752465	0.999999124496543
30.225	35.75	0.999999330355727	0.799999979942052	2.77526447025686e-09	56.0823421604633	0.999999464284582
30.375	35.75	0.999999652255999	0.79999998331817	2.78924771871706e-09	55.9623422098356	0.999999721804799
30.525	35.75	0.999999892166624	0.799999986003377	2.80287082789044e-09	55.8423422322347	0.999999913733299
30.675	35.75	1.00000006661444	0.799999988169177	2.81613855846552e-09	55.7223422347386	1.00000005329155
30.825	35.75	1.00000018888044	0.799999989937946	2.82905302484703e-09	55.602342222994	1.00000015110435
30.975	35.75	1.0000002697643	0.799999991397008	2.8416070691882e-09	55.4823422014922	1.00000021581144
31.125	35.75	1.00000031813024	0.799999992609151	2.85383508172667e-09	55.3623421737802	1.0000002545042
31.275	35.75	1.00000034129914	0.799999993619901	2.86573941983533e-09	55.2423421426284	1.00000027303931
31.425	35.75	1.00000034533336	0.799999994462942	2.87731091885487e-09	55.1223421101648	1.00000027626669
31.575	35.75	1.00000033524795	0.799999995164202	2.88855996239304e-09	55.0023420779855	1.00000026819836
31.725	35.75	1.00000031517155	0.799999995743889	2.89949982493182e-09	54.8823420472479	1.00000025213724
31.875	35.75	1.00000028847337	0.799999996218657	2.91014754567881e-09	54.7623420187494	1.00000023077869
32.025	35.75	1.00000025786736	0.799999996602775	2.92049205106696e-09	54.6423419929955	1.00000020629389
32.175	35.75	1.00000022550096	0.799999996908619	2.93054887574781e-09	54.5223419702581	1.00000018040076
32.325	35.75	1.00000019303282	0.79999999714741	2.94032012139283e-09	54.4023419506267	1.00000015442625
32.475	35.75	1.00000016170283	0.799999997329283	2.94978076783904e-09	54.2823419340516	1.00000012936227
32.625	35.75	1.00000013239565	0.799999997463543	2.95899025577626e-09	54.162341920381	1.00000010591652
32.775	35.75	1.00000010569877	0.799999997558731	2.9679447749961e-09	54.0423419093925	1.00000008455901
32.925	35.75	1.00000008195548	0.799999997622414	2.97661156548937e-09	53.9223419008192	1.00000006556439
33.075	35.75	1.0000000613128	0.799999997661477	2.98504811234566e-09	53.8023418943704	1.00000004905024
33.225	35.75	1.00000004376436	0.799999997682001	2.99322222855318e-09	53.6823418897487	1.00000003501149
33.375	35.75	1.00000002918825	0.799999997689261	3.00114225678223e-09	53.562341886663	1.0000000233506
33.525	35.75	1.0000000173799	0.79999999768761	3.00885334762683e-09	53.4423418848378	1.00000001390392
33.675	35.75	1.00000000808004	0.799999997680969	3.01629945264082e-09	53.3223418840198	1.00000000646403
33.825	35.75	1.00000000099793	0.799999997672174	3.02352611936136e-09	53.2023418839822	1.00000000079834
33.975	35.75	0.999999995830319	0.799999997663694	3.03054409993284e-09	53.0823418845265	0.999999996664255
34.125	35.75	0.999999992276176	0.799999997657288	3.03735858367754e-09	52.9623418854836	0.999999993820941
34.275	35.75	0.999999990047918	0.79999999765422	3.04391979287295e-09	52.8423418867123	0.999999992038334
34.425	35.75	0.999999988879303	0.79999999765531	3.05031041472246e-09	52.7223418880982	0.999999991103442
34.575	35.75	0.999999988530659	0.79999999766108	3.05650085963794e-09	52.6023418895509	0.999999990824528
34.725	35.75	0.999999988791765	0.799999997671587	3.06248818342207e-09	52.482341891002	0.999999991033412
34.875	35.75	0.999999989482819	0.799999997686845	3.06830106463383e-09	52.3623418924014	0.999999991586256
35.025	35.75	0.999999990454021	0.799999997706584	3.0739064670374e-09	52.2423418937152	0.999999992363217
35.175	35.75	0.999999991583962	0.79999999773038	3.0793561383886e-09	52.1223418949223	0.99999999326717
35.325	35.75	0.999999992777334	0.799999997757873	3.08462193892042e-09	52.002341896012	0.999999994221867
35.475	35.75	0.99999999396209	0.799999997788491	3.08973391678391e-09	51.8823418969817	0.999999995169672
35.625	35.75	0.999999995086375	0.799999997821745	3.09465820311121e-09	51.7623418978348	0.9999999960691
35.775	35.75	0.999999996115381	0.799999997857148	3.09943997986757e-09	51.6423418985786	0.999999996892305
35.925	35.75	0.999999997028289	0.799999997894298	3.1040670979896e-09	51.5223418992235	0.999999997622631
36.075	35.75	0.999999997815457	0.799999997932745	3.10852980209874e-09	51.4023418997809	0.999999998252366
36.225	35.75	0.999999998475757	0.799999997972046	3.11287005384838e-09	51.2823419002631	0.999999998780606
36.375	35.75	0.999999999014287	0.799999998012	3.11705492300776e-09	51.162341900682	0.99999999921143
36.525	35.75	0.999999999440466	0.799999998052293	3.12111165426277e-09	51.0423419010488	0.999999999552373
36.675	35.75	0.999999999766338	0.799999998092771	3.12503151853686e-09	50.9223419013737	0.99999999981307
36.825	35.75	1.00000000000535	0.799999998133173	3.12882887464618e-09	50.8023419016658	1.00000000000428
36.975	35.75	1.00000000017135	0.79999999817346	3.13248654092313e-09	50.6823419019327	1.00000000013708
37.125	35.75	1.00000000027792	0.799999998213553	3.13605123903956e-09	50.5623419021809	1.00000000022233
37.275	35.75	1.00000000033771	0.799999998253368	3.139484289953e-09	50.4423419024153	1.00000000027017
37.425	35.75	1.00000000036184	0.799999998292628	3.14281327785288e-09	50.32234190264	1.00000000028947
37.575	35.75	1.00000000035915	0.799999998331473	3.14602659006555e-09	50.2023419028581	1.00000000028732
37.725	35.75	1.00000000033567	0.799999998369897	3.14915099206842e-09	50.0823419030716	1.00000000026854
37.875	35.75	1.00000000029553	0.799999998408535	3.1521630017194e-09	49.9623419032826	1.00000000023642
38.025	35.75	1.00000000024453	0.799999998448375	3.15508421990207e-09	49.8423419034924	1.00000000019562
38.175	35.75	1.00000000019659	0.799999998490131	3.15790463796353e-09	49.7223419037012	1.00000000015727
38.325	35.75	1.00000000017808	0.799999998532347	3.16064789691464e-09	49.6023419039076	1.00000000014246
38.475	35.75	1.00000000021823	0.799999998568674	3.16329611768417e-09	49.4823419041073	1.00000000017458
38.625	35.75	1.0000000003104	0.799999998588673	3.16585668732664e-09	49.3623419042951	1.00000000024832
38.775	35.75	1.00000000034603	0.799999998585775	3.16835740037216e-09	49.2423419044711	1.00000000027682
38.925	35.75	1.00000000007388	0.799999998577877	3.17076783931622e-09	49.1223419046529	1.0000000000591
39.075	35.75	0.999999999212037	0.799999998631218	3.17311404560027e-09	49.0023419048836	0.999999999369629
39.225	35.75	0.999999997861597	0.799999998854703	3.17538642175919e-09	48.8823419052149	0.999999998289278
39.375	35.75	0.999999997187173	0.799999999309563	3.17758522140667e-09	48.7623419056378	0.999999997749738
39.525	35.75	0.999999999800276	0.799999999802363	3.17973325531814e-09	48.6423419059621	0.999999999840221
39.675	35.75	1.00000000854991	0.799999999654524	3.18181278065351e-09	48.5223419057354	1.00000000683993
39.825	35.75	1.00000002228112	0.79999999778339	3.18382824686857e-09	48.4023419044241	1.00000001782489
39.975	35.75	1.00000002906865	0.799999993625285	3.18579736544571e-09	48.2823419021224	1.00000002325492
40.125	35.75	1.00000000269436	0.799999989165022	3.18770824060927e-09	48.1623419007554	1.00000000215548
40.275	35.75	0.99999991505161	0.799999991079266	3.18956295108281e-09	48.0423419048556	0.999999932041288
40.425	35.75	0.999999777875217	0.800000009753511	3.19137466972989e-09	47.9223419197417	0.999999822300173
40.575	35.75	0.999999707649958	0.800000050292876	3.19314822478357e-09	47.8023419445775	0.999999766119967
40.725	35.75	0.999999957517793	0.80000009350879	3.19487095988712e-09	47.6823419607851	0.999999966014234
40.875	35.75	1.00000079734944	0.800000076715934	3.19654016070135e-09	47.5623419246815	1.00000063787955
41.025	35.75	1.00000212196185	0.799999904200223	3.19818423218781e-09	47.4423417846792	1.00000169756948
41.175	35.75	1.00000285290253	0.799999530071201	3.19978788871956e-09	47.3223415460048	1.00000228232202
41.325	35.75	1.00000065163093	0.799999127820676	3.20135964730143e-09	47.2023413779009	1.00000052130474
41.475	35.75	0.999993003857973	0.799999255379166	3.20291237375597e-09	47.0823416825456	0.999994403086379
41.625	35.75	0.999980706637765	0.800000755987994	3.20445223312006e-09	46.9623429445451	0.999984565310212
41.775	35.75	0.99997313846409	0.800004040617114	3.20594072698377e-09	46.8423451600783	0.999978510771272
41.925	35.75	0.999990827520883	0.800007657537018	3.20735057351879e-09	46.722346889801	0.999992662016706
42.075	35.75	1.00005637953649	0.800006936161977	3.20859718741403e-09	46.6023446239501	1.00004510362919
42.225	35.75	1.00016528886134	0.799994824041415	3.20971008787599e-09	46.4823339839875	1.00013223108907
42.375	35.75	1.00024184955247	0.799967674118027	3.21087567700372e-09	46.3623144414816	1.00019347964197
42.525	35.75	1.00011633628392	0.799936550400201	3.2125313114827e-09	46.2422972485144	1.00009306902714
42.675	35.75	0.999594226904158	0.799937860603225	3.21520066187656e-09	46.1223111415666	0.999675381523326
42.825	35.75	0.998683926302849	0.800027372400727	3.21884158239961e-09	46.0023937927164	0.998947141042279
42.975	35.75	0.997944673224815	0.800237006787964	3.22204486764311e-09	45.882555624642	0.998355738579852
43.125	35.75	0.998684258978942	0.800490005430737	3.22141887067431e-09	45.7627174303312	0.998947407183154
43.275	35.75	1.00248296175517	0.800522975111173	3.21291592995634e-09	45.6426614000217	1.00198636940414
43.425	35.75	1.00955927622654	0.7999348255469	3.19606664023919e-09	45.5220834974943	1.00764742098123
43.575	35.75	1.01623380735373	0.798479881590028	3.18033878813622e-09	45.4008457208471	1.01298704588299
43.725	35.75	1.01328677097564	0.79657339182185	3.1888638162679e-09	45.2794285645597	1.01062941678051
43.875	35.75	0.98868089776278	0.795833250624451	3.25336555123976e-09	45.1593335701272	0.990944718210224
44.025	35.75	0.938367896710276	0.799351007310336	3.39246376096754e-09	45.042840537675	0.95069431736822
44.175	35.75	0.884673133577538	0.810192428715296	3.55460975563976e-09	44.9313520320574	0.907738506862031
44.325	35.75	0.889127901644101	0.824441952911227	3.54222962268489e-09	44.8222076780211	0.911302321315281
44.475	35.75	1.03257195118074	0.826489829171104	3.14695293389414e-09	44.7059572724141	1.02605756094459
44.625	35.75	1.34924434142436	0.808622133135432	2.52396589987638e-09	44.5677998365417	1.27939547313949
44.775	35.75	1.76408811745279	0.709537047649097	2.00387635230564e-09	44.39559302343	1.61127049396223
44.925	35.75	2.1115450655251	0.834636814331988	1.70882977493894e-09	44.2248230037667	1.88923605242008
0.075	36.25	3.47473593771318e-16	0.399999999875783	-1.24631425044749e-08	65.3895333968041	0.2
0.225	36.25	1.09796498698937e-15	0.799999999627988	-1.24586011962593e-08	65.3655333968116	0.200000000000001
0.375	36.25	2.54818929638866e-15	0.799999999380135	-1.24495050173103e-08	65.3415333968264	0.200000000000002
0.525	36.25	4.61626581538537e-15	0.799999999132185	-1.24358644476583e-08	65.3175333968488	0.200000000000004
0.675	36.25	7.14881699967203e-15	0.799999998885472	-1.24177284894233e-08	65.2935333968785	0.200000000000006
0.825	36.25	9.93588427367154e-15	0.799999998638302	-1.23949012482678e-08	65.2695333969156	0.200000000000008
0.975	36.25	1.27379704348701e-14	0.799999998392346	-1.23677166254091e-08	65.2455333969602	0.20000000000001
1.125	36.25	1.52997074215004e-14	0.799999998146624	-1.23359976091437e-08	65.2215333970121	0.200000000000012
1.275	36.25	1.73403388932216e-14	0.799999997902245	-1.22998743935024e-08	65.1975333970714	0.200000000000014
1.425	36.25	1.85241247392313e-14	0.799999997658103	-1.22591395684765e-08	65.173533397138	0.200000000000015
1.575	36.25	1.84215049040124e-14	0.799999997415544	-1.22141370036224e-08	65.1495333972119	0.200000000000015
1.725	36.25	1.64738684283148e-14	0.799999997173862	-1.21645230944257e-08	65.1255333972931	0.200000000000013
1.875	36.25	1.19727217750429e-14	0.799999996933341	-1.21106106419052e-08	65.1015333973814	0.20000000000001
2.025	36.25	4.06047177176272e-15	0.799999996694604	-1.20523583176802e-08	65.077533397477	0.200000000000003
2.175	36.25	-8.24291955006692e-15	0.799999996456484	-1.19898913299134e-08	65.0535333975798	0.199999999999993
2.325	36.25	-2.59845093552602e-14	0.799999996220218	-1.19229587581893e-08	65.0295333976896	0.199999999999979
2.475	36.25	-5.01910923161888e-14	0.799999995985604	-1.18517876548552e-08	65.0055333978066	0.19999999999996
2.625	36.25	-8.17460220894398e-14	0.799999995752774	-1.17765210950932e-08	64.9815333979305	0.199999999999935
2.775	36.25	-1.21225243161189e-13	0.799999995521617	-1.16969847253193e-08	64.9575333980614	0.199999999999903
2.925	36.25	-1.68687693801852e-13	0.79999999529244	-1.16134315337948e-08	64.9335333981992	0.199999999999865
3.075	36.25	-2.23416649948593e-13	0.799999995065185	-1.15255684710266e-08	64.9095333983439	0.199999999999821
3.225	36.25	-2.83611672994735e-13	0.79999999484014	-1.14339407411812e-08	64.8855333984954	0.199999999999773
3.375	36.25	-3.46035691051357e-13	0.799999994617168	-1.13382567761377e-08	64.8615333986536	0.199999999999723
3.525	36.25	-4.05628546177554e-13	0.79999999439638	-1.12385114700225e-08	64.8375333988184	0.199999999999676
3.675	36.25	-4.55107088103337e-13	0.799999994178128	-1.11349492438691e-08	64.8135333989898	0.199999999999636
3.825	36.25	-4.84582706805682e-13	0.799999993962358	-1.10276396141942e-08	64.7895333991678	0.199999999999612
3.975	36.25	-4.81239935494367e-13	0.799999993748961	-1.09166203622542e-08	64.7655333993522	0.199999999999615
4.125	36.25	-4.29134298212005e-13	0.799999993538171	-1.08016777329217e-08	64.741533399543	0.199999999999657
4.275	36.25	-3.0918336080483e-13	0.799999993330239	-1.06831470234232e-08	64.71753339974	0.199999999999753
4.425	36.25	-9.94413003232909e-14	0.799999993125075	-1.05611232452481e-08	64.6935333999432	0.19999999999992
4.575	36.25	2.24237055668165e-13	0.799999992922361	-1.04356373188822e-08	64.6695334001525	0.200000000000179
4.725	36.25	6.87023346631014e-13	0.799999992722793	-1.03066362166029e-08	64.6455334003678	0.20000000000055
4.875	36.25	1.31330563936042e-12	0.799999992526644	-1.0174216709198e-08	64.621533400589	0.200000000001051
5.025	36.25	2.12411095788898e-12	0.79999999233316	-1.00384937247432e-08	64.597533400816	0.200000000001699
5.175	36.25	3.13363847040458e-12	0.799999992142704	-9.89962324953732e-09	64.5735334010486	0.200000000002507
5.325	36.25	4.34480357438993e-12	0.799999991955536	-9.75753233412891e-09	64.5495334012868	0.200000000003476
5.475	36.25	5.74373327377767e-12	0.799999991771843	-9.61225118475057e-09	64.5255334015305	0.200000000004595
5.625	36.25	7.2932154076185e-12	0.799999991591389	-9.46402867943062e-09	64.5015334017794	0.200000000005835
5.775	36.25	8.92519283255563e-12	0.799999991414317	-9.31288997606757e-09	64.4775334020336	0.20000000000714
5.925	36.25	1.05325120952116e-11	0.799999991240578	-9.1588309643939e-09	64.4535334022928	0.200000000008426
6.075	36.25	1.19602875626583e-11	0.799999991070264	-9.00204537441023e-09	64.4295334025571	0.200000000009568
6.225	36.25	1.29974276018446e-11	0.799999990903572	-8.84248091671954e-09	64.4055334028263	0.200000000010398
6.375	36.25	1.33690888253534e-11	0.799999990740449	-8.68044429281312e-09	64.3815334031004	0.200000000010695
6.525	36.25	1.2731073885358e-11	0.799999990580941	-8.51573856233612e-09	64.3575334033793	0.200000000010185
6.675	36.25	1.06674609373925e-11	0.799999990424999	-8.34858693905557e-09	64.3335334036631	0.200000000008534
6.825	36.25	6.69303675628028e-12	0.799999990273154	-8.17905283900344e-09	64.3095334039518	0.200000000005354
6.975	36.25	2.62383905368987e-13	0.799999990124889	-8.00723352900822e-09	64.2855334042454	0.20000000000021
7.125	36.25	-9.21227801798101e-12	0.799999989980219	-7.83326417506287e-09	64.2615334045442	0.19999999999263
7.275	36.25	-2.23322054938203e-11	0.799999989839791	-7.65695143441478e-09	64.2375334048484	0.199999999982134
7.425	36.25	-3.96698103633482e-11	0.799999989703278	-7.47879767876215e-09	64.2135334051581	0.199999999968264
7.575	36.25	-6.17105582578257e-11	0.799999989571161	-7.29862007619708e-09	64.1895334054738	0.199999999950632
7.725	36.25	-8.8776967786363e-11	0.799999989442812	-7.11666686953017e-09	64.1655334057957	0.199999999928978
7.875	36.25	-1.20933061905709e-10	0.799999989319153	-6.93275800816922e-09	64.1415334061243	0.199999999903254
8.025	36.25	-1.57868391119436e-10	0.799999989199684	-6.74730147617224e-09	64.1175334064598	0.199999999873705
8.175	36.25	-1.98761870883748e-10	0.799999989084894	-6.56018003668469e-09	64.0935334068026	0.199999999840991
8.325	36.25	-2.42127205657978e-10	0.799999988975455	-6.37151226408758e-09	64.0695334071529	0.199999999806298
8.475	36.25	-2.85643652079837e-10	0.79999998887042	-6.18146207200848e-09	64.0455334075106	0.199999999771485
8.625	36.25	-3.2597833227846e-10	0.79999998877069	-5.99004949527301e-09	64.0215334078755	0.199999999739217
8.775	36.25	-3.58609250655158e-10	0.79999998867614	-5.79745547293988e-09	63.9975334082469	0.199999999713113
8.925	36.25	-3.77661570149948e-10	0.799999988587105	-5.60355003724316e-09	63.9735334086238	0.199999999697871
9.075	36.25	-3.75773504382859e-10	0.799999988503411	-5.40865204463484e-09	63.9495334090042	0.199999999699381
9.225	36.25	-3.44012272200945e-10	0.799999988425446	-5.21277461071572e-09	63.9255334093857	0.19999999972479
9.375	36.25	-2.71864777427537e-10	0.799999988352705	-5.01596637175428e-09	63.9015334097647	0.199999999782508
9.525	36.25	-1.47331795182345e-10	0.799999988285333	-4.81825526863889e-09	63.8775334101367	0.199999999882135
9.675	36.25	4.28418248740037e-11	0.799999988222971	-4.61986594930102e-09	63.8535334104959	0.200000000034273
9.825	36.25	3.12765448628283e-10	0.799999988164947	-4.42085353989571e-09	63.8295334108351	0.200000000250212
9.975	36.25	6.76792151390444e-10	0.799999988110632	-4.22128961211776e-09	63.805533411146	0.200000000541434
10.125	36.25	1.14866199789239e-09	0.799999988059388	-4.02116157293224e-09	63.7815334114186	0.20000000091893
10.275	36.25	1.7403637804669e-09	0.799999988009552	-3.82072865699529e-09	63.7575334116419	0.200000001392291
10.425	36.25	2.46068477595611e-09	0.799999987960429	-3.61994841958955e-09	63.7335334118038	0.200000001968548
10.575	36.25	3.31342636344295e-09	0.79999998790943	-3.41900497541405e-09	63.7095334118918	0.200000002650741
10.725	36.25	4.29527559403808e-09	0.799999987855278	-3.21788557440099e-09	63.6855334118931	0.200000003436221
10.875	36.25	5.39333953893241e-09	0.79999998779559	-3.01671609264589e-09	63.6615334117958	0.200000004314672
11.025	36.25	6.58237087792486e-09	0.799999987727579	-2.81549294544243e-09	63.6375334115898	0.200000005265897
11.175	36.25	7.82173998966967e-09	0.799999987648806	-2.61442708086942e-09	63.6135334112683	0.200000006257392
11.325	36.25	9.05224081965413e-09	0.799999987556857	-2.41356743026237e-09	63.5895334108291	0.200000007241793
11.475	36.25	1.01928548187182e-08	0.799999987449465	-2.21294248123087e-09	63.5655334102769	0.200000008154284
11.625	36.25	1.11376387282858e-08	0.799999987323712	-2.01270509121553e-09	63.5415334096251	0.200000008910111
11.775	36.25	1.17529470300624e-08	0.799999987178329	-1.81285924271952e-09	63.517533408899	0.200000009402358
11.925	36.25	1.18752471590371e-08	0.799999987012181	-1.61358284640539e-09	63.4935334081379	0.200000009500198
12.075	36.25	1.13098333454405e-08	0.799999986825053	-1.4146838387221e-09	63.4695334073982	0.200000009047867
12.225	36.25	9.83079101957087e-09	0.799999986618248	-1.21664328638109e-09	63.4455334067569	0.200000007864633
12.375	36.25	7.18260549830792e-09	0.799999986394906	-1.01925401572548e-09	63.4215334063136	0.200000005746084
12.525	36.25	3.08384326590293e-09	0.799999986159838	-8.22597416126505e-10	63.3975334061941	0.200000002467075
12.675	36.25	-2.76664154660431e-09	0.799999985920097	-6.26849743153902e-10	63.3735334065519	0.199999997786687
12.825	36.25	-1.06805120152018e-08	0.799999985686112	-4.32056909930684e-10	63.3495334075701	0.19999999145559
12.975	36.25	-2.0967306594999e-08	0.799999985471137	-2.38188645203177e-10	63.3255334094614	0.199999983226155
13.125	36.25	-3.39179166753702e-08	0.799999985291417	-4.55184557837674e-11	63.3015334124676	0.199999972865667
13.275	36.25	-4.97837935826701e-08	0.799999985167441	1.46102737143142e-10	63.2775334168562	0.199999960172965
13.425	36.25	-6.87515587394667e-08	0.799999985123374	3.36405961898324e-10	63.253533422916	0.199999944998753
13.575	36.25	-9.09127714407202e-08	0.799999985187143	5.25607829119602e-10	63.2295334309491	0.199999927269783
13.725	36.25	-1.16228700919982e-07	0.799999985391374	7.13323022006665e-10	63.20553344126	0.199999907017039
13.875	36.25	-1.44490043232253e-07	0.799999985772054	8.99654305151585e-10	63.1815334541415	0.199999884407965
14.025	36.25	-1.75271603696518e-07	0.799999986368918	1.08454284105596e-09	63.1575334698558	0.199999859782717
14.175	36.25	-2.07882009836867e-07	0.799999987226874	1.2678847293121e-09	63.1335334886115	0.199999833694392
14.325	36.25	-2.41308496450396e-07	0.799999988393365	1.44970326236815e-09	63.1095335105355	0.199999806953203
14.475	36.25	-2.74156670392929e-07	0.799999989921566	1.62982116665419e-09	63.0855335356391	0.199999780674664
14.625	36.25	-3.04584859685478e-07	0.799999991868675	1.80828637065977e-09	63.0615335637783	0.199999756332112
14.775	36.25	-3.30232101964347e-07	0.799999994298543	1.98498501195434e-09	63.0375335946073	0.199999735814318
14.925	36.25	-3.48137928417886e-07	0.799999997284746	2.15990290950828e-09	63.013533627525	0.199999721489657
15.075	36.25	-3.54650715710788e-07	0.800000000914065	2.33290332325593e-09	62.9895336616127	0.199999716279427
15.225	36.25	-3.45319331780572e-07	0.800000005293012	2.50402521684733e-09	62.9655336955631	0.199999723744535
15.375	36.25	-3.14759857293799e-07	0.800000010557615	2.67320083559364e-09	62.9415337275965	0.199999748192114
15.525	36.25	-2.56485014334625e-07	0.800000016888839	2.84035520969513e-09	62.9175337553635	0.199999794811989
15.675	36.25	-1.62678170308603e-07	0.800000024532964	3.0053691167228e-09	62.8935337758282	0.199999869857464
15.825	36.25	-2.38858687182392e-08	0.800000033829817	3.16835914088545e-09	62.8695337851257	0.199999980891305
15.975	36.25	1.71407949224687e-07	0.800000045256706	3.32914834757346e-09	62.8455337783845	0.200000137126359
16.125	36.25	4.37377490335972e-07	0.800000059482087	3.48782289332352e-09	62.8215337495	0.200000349901992
16.275	36.25	7.9169163304282e-07	0.800000077446125	3.64408805296385e-09	62.7975336908391	0.200000633353306
16.425	36.25	1.25668926276833e-06	0.800000100467072	3.79823596788221e-09	62.7735335928484	0.20000100535141
16.575	36.25	1.86102707226243e-06	0.800000130386924	3.95010019449498e-09	62.7495334435267	0.200001488821658
16.725	36.25	2.64198157345839e-06	0.800000169766703	4.09934220490467e-09	62.725533227708	0.200002113585259
16.875	36.25	3.64865150104486e-06	0.800000222154534	4.24632845434157e-09	62.7015329260802	0.200002918921201
17.025	36.25	4.94639298878806e-06	0.800000292442527	4.39099405907279e-09	62.6775325138374	0.200003957114391
17.175	36.25	6.62293529650415e-06	0.800000387348726	4.5329933742856e-09	62.6535319588258	0.200005298348237
17.325	36.25	8.79677991491009e-06	0.800000516067926	4.67254646770252e-09	62.6295312189923	0.200007037423932
17.475	36.25	1.16286954369932e-05	0.800000691147541	4.80954150495368e-09	62.6055302388789	0.20000930295635
17.625	36.25	1.53374052722846e-05	0.80000092967407	4.94390099964517e-09	62.581528944812	0.200012269924218
17.775	36.25	2.02209520652262e-05	0.800001254876518	5.07572766913225e-09	62.5575272383132	0.200016176761652
17.925	36.25	2.66857441724863e-05	0.800001698280987	5.20482242510898e-09	62.5335249870905	0.200021348595338
18.075	36.25	3.52859828523532e-05	0.800002302591981	5.33107012701768e-09	62.5095220127426	0.200028228786282
18.225	36.25	4.67770778897423e-05	0.800003125519228	5.45473491703683e-09	62.4855180740068	0.200037421662312
18.375	36.25	6.21878484860373e-05	0.800004244864347	5.57556460655316e-09	62.4615128439774	0.200049750278789
18.525	36.25	8.29178916892713e-05	0.800005765350392	5.69342712668157e-09	62.4375058791847	0.200066334313351
18.675	36.25	0.000110868697993223	0.800007827948479	5.80842992584557e-09	62.4134965777065	0.200088694958395
18.825	36.25	0.000148620254074425	0.800010622819922	5.92037447635776e-09	62.3894841225095	0.20011889620326
18.975	36.25	0.00019966945292247	0.800014407283302	6.02906844650655e-09	62.3654674048696	0.200159735562338
19.125	36.25	0.000268753040297027	0.800019530266732	6.13450780868579e-09	62.3414449208471	0.200215002432238
19.275	36.25	0.000362286152177112	0.800026464271918	6.23642181170032e-09	62.3174146312101	0.200289828921742
19.425	36.25	0.000488957297175469	0.800035845177923	6.3345844764643e-09	62.2933737717485	0.20039116583774
19.575	36.25	0.00066053117853904	0.800048520135387	6.42848529080891e-09	62.269318596492	0.200528424942831
19.725	36.25	0.000892922194105825	0.800065606079089	6.51792764058418e-09	62.2452440308624	0.200714337755285
19.875	36.25	0.00120761710572222	0.800088567825709	6.60200535496527e-09	62.2211432050065	0.200966093684578
20.025	36.25	0.00163355409309135	0.800119335144115	6.68000837834025e-09	62.1970068286391	0.201306843274473
20.175	36.25	0.00220962175854394	0.800160487616905	6.75082859558859e-09	62.1728223557263	0.201767697406835
20.325	36.25	0.00298804032295455	0.800215532875025	6.81279911245375e-09	62.1485728668963	0.202390432258364
20.475	36.25	0.00403902960183179	0.800289271531272	6.86412371104478e-09	62.1242355654467	0.203231223681465
20.625	36.25	0.00545732365795798	0.800388168798521	6.90212164624072e-09	62.0997797365106	0.204365858926366
20.775	36.25	0.00737118396427549	0.800520544618452	6.92335493654512e-09	62.0751639607694	0.20589694717142
20.925	36.25	0.00995447742964241	0.800696287913604	6.92342492437459e-09	62.0503323156251	0.207963581943714
21.075	36.25	0.0134420119948252	0.800925760066279	6.89691094190808e-09	62.0252092603444	0.21075360959586
21.225	36.25	0.0181476175834974	0.801217640911056	6.83677682171382e-09	61.9996929171394	0.214518094066798
21.375	36.25	0.0244834935072034	0.801575706916934	6.73579345023222e-09	61.9736465559661	0.219586794805763
21.525	36.25	0.0329782629231255	0.801994870147484	6.58605389138138e-09	61.9468882850566	0.2263826103385
21.675	36.25	0.044290072157524	0.802457172364581	6.38080640782058e-09	61.9191792483115	0.235432057726019
21.825	36.25	0.0592098318211732	0.80292878431	6.11637552599994e-09	61.8902110420586	0.247367865456939
21.975	36.25	0.0786480165062969	0.803359397552639	5.79347500917767e-09	61.8595936144649	0.262918413205038
22.125	36.25	0.10359619047489	0.803685580631412	5.41926632342456e-09	61.8268456486472	0.282876952379912
22.275	36.25	0.135052302751118	0.803839325753838	5.00713182151121e-09	61.7913903761487	0.308041842200895
22.425	36.25	0.173898993547057	0.803761741845372	4.5755027337944e-09	61.7525608046256	0.339119194837645
22.575	36.25	0.220730584902408	0.803419693425865	4.14475439411831e-09	61.7096190657279	0.376584467921927
22.725	36.25	0.275641526763069	0.802820790261993	3.73421562615429e-09	61.6617941912956	0.420513221410455
22.875	36.25	0.338017856291922	0.80202057836652	3.35924602142511e-09	61.6083400387094	0.470414285033538
23.025	36.25	0.406404723362148	0.801116451184699	3.02993664098359e-09	61.5486096102092	0.525123778689718
23.175	36.25	0.478534572240754	0.800226929233788	2.7508791298341e-09	61.4821344493044	0.582827657792603
23.325	36.25	0.551566086705367	0.799461971716702	2.521926203539e-09	61.4086912941489	0.641252869364294
23.475	36.25	0.622501307892349	0.798895930385613	2.33968731494196e-09	61.3283372643111	0.698001046313879
23.625	36.25	0.688659257834079	0.79855441054332	2.19892701271188e-09	61.2414022355574	0.750927406267263
23.775	36.25	0.748051810151227	0.798418744145021	2.093562790987e-09	61.1484403466293	0.798441448120982
23.925	36.25	0.799557781104141	0.798442569227654	2.01756311376261e-09	61.0501550500727	0.839646224883313
24.075	36.25	0.84288647034814	0.798570849989363	1.96537551670667e-09	60.9473175599179	0.874309176278512
24.225	36.25	0.878398155995216	0.798753961609113	1.93214918565328e-09	60.8406957034565	0.902718524796173
24.375	36.25	0.906872100392926	0.798954492395272	1.91381498226726e-09	60.7310025605483	0.925497680314341
24.525	36.25	0.929292198118992	0.799148195807604	1.90702055260418e-09	60.6188665446399	0.943433758495194
24.675	36.25	0.946685094044522	0.799321772158303	1.90903153696142e-09	60.5048195447586	0.957348075235618
24.825	36.25	0.960016774611715	0.799469691604179	1.91774947121442e-09	60.389297796619	0.968013419689372
24.975	36.25	0.970138073053766	0.799591292296091	1.93142659909622e-09	60.2726503277263	0.976110458443012
25.125	36.25	0.977764769214576	0.799688596403722	1.94879738047471e-09	60.155150969752	0.982211815371661
25.275	36.25	0.983479107270441	0.799764851305398	1.96881995799816e-09	60.0370112513246	0.986783285816352
25.425	36.25	0.987742791107695	0.799823640034534	1.9906938385593e-09	59.9183925933965	0.990194232886156
25.575	36.25	0.990914817865962	0.799868385970233	2.0138475972843e-09	59.7994170246181	0.99273185429277
25.725	36.25	0.99327012678946	0.799902110885495	2.03779311825557e-09	59.6801761455982	0.994616101431568
25.875	36.25	0.995016874803503	0.799927347288494	2.06225101323688e-09	59.5607383689014	0.996013499842802
26.025	36.25	0.996311339960576	0.799946139560081	2.08693552750056e-09	59.4411546145604	0.997049071968461
26.175	36.25	0.997270176122854	0.799960091704056	2.11166316321863e-09	59.3214627020795	0.997816140898283
26.325	36.25	0.997980145941946	0.799970435030404	2.13628474239388e-09	59.2016906870873	0.998384116753557
26.475	36.25	0.998505654704973	0.799978099495808	2.16070768565268e-09	59.0818593692174	0.998804523763978
26.625	36.25	0.998894473356407	0.799983779552143	2.18485943005803e-09	58.9619841636808	0.999115578685125
26.775	36.25	0.999182029807278	0.79998799021137	2.20868907939227e-09	58.8420764921637	0.999345623845822
26.925	36.25	0.999394600869352	0.799991112180471	2.23214401119934e-09	58.7221448145367	0.999515680695481
27.075	36.25	0.99955167693058	0.799993426758136	2.25519238747373e-09	58.6021953938512	0.999641341544464
27.225	36.25	0.999667711987178	0.799995142055977	2.27784765832412e-09	58.4822328638313	0.999734169589743
27.375	36.25	0.999753419908483	0.799996412346017	2.30004322108223e-09	58.3622606501455	0.999802735926786
27.525	36.25	0.999816736207156	0.79999735220563	2.32180178782577e-09	58.2422812832928	0.999853388965725
27.675	36.25	0.999863532816445	0.799998046841314	2.34313824995192e-09	58.1222966310156	0.999890826253156
27.825	36.25	0.999898149900163	0.799998559648846	2.36403944018858e-09	58.0023080708757	0.99991851992013
27.975	36.25	0.999923791678167	0.799998937785549	2.38447965454408e-09	57.8823166183049	0.999939033342534
28.125	36.25	0.99994282094091	0.799999216302185	2.40447837272016e-09	57.7623230215184	0.999954256752728
28.275	36.25	0.99995697799694	0.799999421222407	2.4240651204676e-09	57.6423278317828	0.999965582397552
28.425	36.25	0.999967543255851	0.799999571844317	2.44320290638096e-09	57.5223314553703	0.99997403460468
28.575	36.25	0.999975457806038	0.799999682461401	2.46189141972724e-09	57.4023341919211	0.99998036624483
28.725	36.25	0.999981412728955	0.799999763647754	2.48019274263168e-09	57.2823362627313	0.999985130183164
28.875	36.25	0.99998591517691	0.799999823216943	2.4980419014618e-09	57.1623378315817	0.999988732141528
29.025	36.25	0.999989337201662	0.79999986693528	2.51548862205503e-09	57.0423390200516	0.999991469761329
29.175	36.25	0.999991951790851	0.799999899052095	2.53253129318131e-09	56.9223399187581	0.999993561432681
29.325	36.25	0.999993959424963	0.799999922693574	2.54917709911016e-09	56.802340595592	0.99999516753997
29.475	36.25	0.999995507614438	0.799999940154623	2.56540578880944e-09	56.6823411017403	0.99999640609155
29.625	36.25	0.999996705242183	0.799999953115513	2.58127040209415e-09	56.5623414760836	0.999997364193747
29.775	36.25	0.999997633065879	0.799999962803187	2.59674894730251e-09	56.4423417483992	0.999998106452703
29.925	36.25	0.999998351385298	0.799999970110091	2.61184766814945e-09	56.3223419416939	0.999998681108239
30.075	36.25	0.999998905620667	0.799999975683182	2.62654875671493e-09	56.2023420739001	0.999999124496534
30.225	36.25	0.999999330355716	0.799999979989382	2.6409274408987e-09	56.0823421591098	0.999999464284573
30.375	36.25	0.999999652255998	0.799999983364335	2.65494266561559e-09	55.962342208475	0.999999721804798
30.525	36.25	0.999999892166615	0.799999986048285	2.66858079987365e-09	55.8423422308674	0.999999913733292
30.675	36.25	1.00000006661443	0.799999988212952	2.68189473615416e-09	55.7223422333646	1.00000005329155
30.825	36.25	1.00000018888044	0.799999989980567	2.69486896996485e-09	55.6023422216135	1.00000015110435
30.975	36.25	1.00000026976429	0.799999991438568	2.70749941277437e-09	55.4823422001054	1.00000021581143
31.125	36.25	1.00000031813024	0.799999992649574	2.71981709278999e-09	55.3623421723872	1.00000025450419
31.275	36.25	1.00000034129914	0.799999993659199	2.73180739678468e-09	55.2423421412295	1.00000027303931
31.425	36.25	1.00000034533336	0.799999994501229	2.74347008333708e-09	55.12234210876	1.00000027626669
31.575	36.25	1.00000033524795	0.799999995201484	2.75485200138229e-09	55.0023420765751	1.00000026819836
31.725	36.25	1.00000031517154	0.799999995780109	2.7659158329685e-09	54.882342045832	1.00000025213724
31.875	36.25	1.00000028847336	0.799999996253933	2.77667110484286e-09	54.7623420173281	1.00000023077869
32.025	36.25	1.00000025786736	0.799999996637051	2.78715491498324e-09	54.642341991569	1.00000020629389
32.175	36.25	1.00000022550095	0.799999996941941	2.79734823738873e-09	54.5223419688265	1.00000018040076
32.325	36.25	1.00000019303281	0.799999997179763	2.80726464415505e-09	54.4023419491902	1.00000015442625
32.475	36.25	1.00000016170284	0.799999997360766	2.81690415305568e-09	54.2823419326103	1.00000012936227
32.625	36.25	1.00000013239565	0.799999997494174	2.82628904476725e-09	54.162341918935	1.00000010591652
32.775	36.25	1.00000010569877	0.799999997588444	2.83539978056859e-09	54.0423419079421	1.00000008455901
32.925	36.25	1.00000008195548	0.799999997651272	2.84426882475742e-09	53.9223418993643	1.00000006556438
33.075	36.25	1.00000006131281	0.799999997689514	2.85286698547857e-09	53.8023418929113	1.00000004905024
33.225	36.25	1.00000004376436	0.799999997709215	2.86123800667312e-09	53.6823418882854	1.00000003501149
33.375	36.25	1.00000002918825	0.799999997715663	2.86936059880183e-09	53.5623418851957	1.0000000233506
33.525	36.25	1.0000000173799	0.799999997713298	2.87724486344412e-09	53.4423418833666	1.00000001390392
33.675	36.25	1.00000000808003	0.799999997705813	2.88491984604235e-09	53.3223418825448	1.00000000646402
33.825	36.25	1.00000000099792	0.799999997696354	2.89237168951143e-09	53.2023418825035	1.00000000079834
33.975	36.25	0.999999995830309	0.799999997687104	2.89959999834703e-09	53.0823418830443	0.999999996664247
34.125	36.25	0.999999992276173	0.799999997680021	2.90660633111982e-09	52.962341883998	0.999999993820938
34.275	36.25	0.999999990047913	0.799999997676285	2.91342699301279e-09	52.8423418852233	0.99999999203833
34.425	36.25	0.999999988879294	0.79999999767668	2.92002509036224e-09	52.7223418866059	0.999999991103435
34.575	36.25	0.999999988530655	0.799999997681786	2.92644523172648e-09	52.6023418880555	0.999999990824524
34.725	36.25	0.999999988791767	0.799999997691689	2.93266100577598e-09	52.4823418895035	0.999999991033414
34.875	36.25	0.999999989482822	0.799999997706295	2.93868747913127e-09	52.3623418909	0.999999991586258
35.025	36.25	0.999999990454021	0.79999999772546	2.94454084458158e-09	52.2423418922109	0.999999992363217
35.175	36.25	0.999999991583971	0.799999997748666	2.95021951192248e-09	52.1223418934152	0.999999993267177
35.325	36.25	0.999999992777342	0.799999997775584	2.95572253929644e-09	52.0023418945022	0.999999994221873
35.475	36.25	0.99999999396209	0.799999997805649	2.9610545066389e-09	51.8823418954693	0.999999995169672
35.625	36.25	0.99999999508637	0.799999997838367	2.96622648195226e-09	51.7623418963198	0.999999996069096
35.775	36.25	0.99999999611537	0.799999997873257	2.9712399835262e-09	51.6423418970612	0.999999996892296
35.925	36.25	0.999999997028287	0.799999997909897	2.97610049284769e-09	51.5223418977036	0.99999999762263
36.075	36.25	0.999999997815463	0.799999997947828	2.98081456004269e-09	51.4023418982588	0.99999999825237
36.225	36.25	0.999999998475759	0.799999997986717	2.98536387002015e-09	51.2823418987387	0.999999998780607
36.375	36.25	0.999999999014296	0.799999998026141	2.98980107280103e-09	51.1623418991554	0.999999999211436
36.525	36.25	0.999999999440466	0.799999998066032	2.99408743596114e-09	51.0423418995201	0.999999999552373
36.675	36.25	0.999999999766335	0.799999998106029	2.99823711879516e-09	50.9223418998431	0.999999999813068
36.825	36.25	1.00000000000535	0.799999998146044	3.00226227811016e-09	50.8023419001332	1.00000000000428
36.975	36.25	1.00000000017136	0.799999998185946	3.00616856679296e-09	50.6823419003982	1.00000000013709
37.125	36.25	1.00000000027792	0.799999998225612	3.00994757222769e-09	50.5623419006445	1.00000000022234
37.275	36.25	1.00000000033771	0.799999998265026	3.01361388892494e-09	50.4423419008772	1.00000000027017
37.425	36.25	1.00000000036184	0.799999998303963	3.01715298492996e-09	50.3223419011002	1.00000000028947
37.575	36.25	1.00000000035915	0.799999998342417	3.02059819214647e-09	50.2023419013166	1.00000000028732
37.725	36.25	1.00000000033568	0.799999998380516	3.0239329800596e-09	50.0823419015285	1.00000000026854
37.875	36.25	1.00000000029553	0.799999998418783	3.02715558624353e-09	49.962341901738	1.00000000023643
38.025	36.25	1.00000000024453	0.799999998458336	3.03028921642146e-09	49.8423419019462	1.00000000019563
38.175	36.25	1.00000000019658	0.799999998499834	3.03333253505495e-09	49.7223419021535	1.00000000015726
38.325	36.25	1.00000000017807	0.79999999854168	3.03627179139011e-09	49.6023419023585	1.00000000014245
38.475	36.25	1.00000000021822	0.799999998577745	3.03913816768809e-09	49.4823419025568	1.00000000017458
38.625	36.25	1.00000000031041	0.799999998597472	3.04190437791933e-09	49.3623419027433	1.00000000024833
38.775	36.25	1.00000000034603	0.799999998594255	3.04459000216926e-09	49.242341902918	1.00000000027683
38.925	36.25	1.00000000007387	0.799999998586162	3.04718914145236e-09	49.1223419030986	1.0000000000591
39.075	36.25	0.999999999212037	0.799999998639273	3.04972199375619e-09	49.002341903328	0.999999999369629
39.225	36.25	0.999999997861592	0.799999998862456	3.05218045808795e-09	48.8823419036581	0.999999998289274
39.375	36.25	0.99999999718717	0.799999999317126	3.05456782344413e-09	48.7623419040798	0.999999997749736
39.525	36.25	0.999999999800279	0.79999999980975	3.05687085080892e-09	48.642341904403	0.999999999840224
39.675	36.25	1.00000000854991	0.799999999661699	3.05913349373745e-09	48.5223419041753	1.00000000683993
39.825	36.25	1.00000002228111	0.799999997790301	3.06131453846718e-09	48.4023419028629	1.00000001782489
39.975	36.25	1.00000002906865	0.799999993632046	3.06345521269354e-09	48.2823419005602	1.00000002325492
40.125	36.25	1.00000000269436	0.799999989171565	3.06552150743627e-09	48.1623418991922	1.00000000215549
40.275	36.25	0.9999999150516	0.799999991085676	3.06753167072687e-09	48.0423419032914	0.99999993204128
40.425	36.25	0.999999777875206	0.800000009759767	3.06949787645804e-09	47.9223419181766	0.999999822300165
40.575	36.25	0.999999707649946	0.800000050298951	3.07140309345449e-09	47.8023419430115	0.999999766119957
40.725	36.25	0.999999957517781	0.800000093514678	3.07325518777852e-09	47.6823419592181	0.999999966014225
40.875	36.25	1.00000079734943	0.800000076721726	3.07507823420509e-09	47.5623419231137	1.00000063787955
41.025	36.25	1.00000212196184	0.799999904205853	3.07683995263714e-09	47.4423417831105	1.00000169756947
41.175	36.25	1.00000285290252	0.79999953007671	3.078560704534e-09	47.3223415444353	1.00000228232202
41.325	36.25	1.00000065163093	0.79999912782605	3.08024936534472e-09	47.2023413763305	1.00000052130475
41.475	36.25	0.999993003857968	0.799999255384425	3.08190948633761e-09	47.0823416809745	0.999994403086374
41.625	36.25	0.999980706637766	0.800000755993129	3.08354163232277e-09	46.9623429429732	0.999984565310213
41.775	36.25	0.999973138464086	0.800004040622137	3.08513655277885e-09	46.8423451585056	0.999978510771269
41.925	36.25	0.99999082752088	0.800007657541989	3.08661973222891e-09	46.7223468882275	0.999992662016704
42.075	36.25	1.00005637953649	0.80000693616681	3.0879582677422e-09	46.6023446223759	1.00004510362919
42.225	36.25	1.00016528886134	0.79999482404614	3.08916051557537e-09	46.4823339824127	1.00013223108907
42.375	36.25	1.00024184955245	0.799967674122635	3.09041670235255e-09	46.362314439906	1.00019347964196
42.525	36.25	1.0001163362839	0.799936550404775	3.09212361792229e-09	46.2422972469381	1.00009306902712
42.675	36.25	0.999594226904155	0.799937860607721	3.09480777183843e-09	46.1223111399896	0.999675381523324
42.825	36.25	0.998683926302898	0.800027372405138	3.09841666354339e-09	46.0023937911388	0.998947141042318
42.975	36.25	0.99794467322492	0.800237006792257	3.10160318263857e-09	45.8825556230637	0.998355738579936
43.125	36.25	0.998684258979053	0.800490005435002	3.10109416854769e-09	45.7627174287523	0.998947407183242
43.275	36.25	1.00248296175518	0.800522975115353	3.09297699319277e-09	45.6426613984421	1.00198636940415
43.425	36.25	1.00955927622628	0.799934825551014	3.07683983918538e-09	45.5220834959141	1.00764742098102
43.575	36.25	1.01623380735317	0.798479881594144	3.06178676130043e-09	45.4008457192663	1.01298704588253
43.725	36.25	1.01328677097509	0.796573391825932	3.07003092190341e-09	45.2794285629783	1.01062941678008
43.875	36.25	0.988680897762927	0.7958332506285	3.13219950202862e-09	45.1593335685453	0.990944718210342
44.025	36.25	0.938367896711721	0.799351007314147	3.26617023773901e-09	45.0428405360924	0.950694317369377
44.175	36.25	0.884673133579895	0.810192428718807	3.42231918351528e-09	44.9313520304742	0.907738506863916
44.325	36.25	0.889127901645277	0.824441952914588	3.41043664592112e-09	44.8222076764371	0.911302321316221
44.475	36.25	1.03257195117772	0.826489829174807	3.02990192183393e-09	44.7059572708297	1.02605756094218
44.625	36.25	1.34924434141592	0.808622133139483	2.43008303318103e-09	44.5677998349572	1.27939547313274
44.775	36.25	1.76408811744098	0.709537047652475	1.92933625653314e-09	44.3955930218457	1.61127049395279
44.925	36.25	2.11154506551262	0.834636814335654	1.64527159192407e-09	44.2248230021825	1.8892360524101
0.075	36.75	3.47473592060661e-16	0.399999999883286	-1.16604759849567e-08	65.3895333980091	0.2
0.225	36.75	1.0979649922138e-15	0.799999999649554	-1.16563108089407e-08	65.3655333980161	0.200000000000001
0.375	36.75	2.54818928709924e-15	0.799999999416365	-1.16479095334937e-08	65.3415333980301	0.200000000000002
0.525	36.75	4.61626582817779e-15	0.799999999183505	-1.16352303263393e-08	65.3175333980511	0.200000000000004
0.675	36.75	7.1488169815212e-15	0.799999998950865	-1.16184517315459e-08	65.2935333980791	0.200000000000006
0.825	36.75	9.93588429501321e-15	0.799999998718447	-1.15973709467078e-08	65.2695333981141	0.200000000000008
0.975	36.75	1.27379704066295e-14	0.799999998486551	-1.15722032488364e-08	65.245533398156	0.20000000000001
1.125	36.75	1.52997074528714e-14	0.799999998255551	-1.15428293234007e-08	65.2215333982049	0.200000000000012
1.275	36.75	1.73403388539595e-14	0.799999998025269	-1.150938854405e-08	65.1975333982607	0.200000000000014
1.425	36.75	1.85241247829472e-14	0.799999997795438	-1.14717541905348e-08	65.1735333983233	0.200000000000015
1.575	36.75	1.8421504853577e-14	0.799999997567045	-1.14300292378136e-08	65.1495333983929	0.200000000000015
1.725	36.75	1.64738684882001e-14	0.799999997339615	-1.13843143020521e-08	65.1255333984693	0.200000000000013
1.875	36.75	1.19727217148163e-14	0.799999997113149	-1.13344923230261e-08	65.1015333985525	0.20000000000001
2.025	36.75	4.06047185403286e-15	0.799999996887671	-1.12806338941233e-08	65.0775333986425	0.200000000000003
2.175	36.75	-8.24291961651457e-15	0.799999996663931	-1.12226697160227e-08	65.0535333987393	0.199999999999993
2.325	36.75	-2.59845092414725e-14	0.799999996441178	-1.11608586201847e-08	65.0295333988427	0.199999999999979
2.475	36.75	-5.01910923833155e-14	0.799999996220338	-1.10949943023635e-08	65.0055333989528	0.19999999999996
2.625	36.75	-8.17460219328646e-14	0.79999999600075	-1.10253428240671e-08	64.9815333990695	0.199999999999935
2.775	36.75	-1.21225243223624e-13	0.79999999578283	-1.09518366497932e-08	64.9575333991928	0.199999999999903
2.925	36.75	-1.68687693592439e-13	0.799999995566876	-1.08744329176941e-08	64.9335333993226	0.199999999999865
3.075	36.75	-2.23416650006583e-13	0.799999995352789	-1.07933461669179e-08	64.9095333994588	0.199999999999821
3.225	36.75	-2.83611672731267e-13	0.799999995140576	-1.07083277682457e-08	64.8855333996014	0.199999999999773
3.375	36.75	-3.46035691120951e-13	0.79999999493022	-1.06198153522984e-08	64.8615333997504	0.199999999999723
3.525	36.75	-4.05628545880662e-13	0.799999994722068	-1.05275119707241e-08	64.8375333999057	0.199999999999676
3.675	36.75	-4.5510708823213e-13	0.799999994516079	-1.04316701874072e-08	64.8135334000672	0.199999999999636
3.825	36.75	-4.84582706536646e-13	0.799999994312254	-1.03322613708849e-08	64.7895334002348	0.199999999999612
3.975	36.75	-4.81239935781538e-13	0.799999994110937	-1.02294392953486e-08	64.7655334004085	0.199999999999615
4.125	36.75	-4.29134298094208e-13	0.799999993912177	-1.01231032714831e-08	64.7415334005882	0.199999999999657
4.275	36.75	-3.09183361420493e-13	0.799999993715699	-1.00134530071911e-08	64.7175334007739	0.199999999999753
4.425	36.75	-9.94413005582091e-14	0.799999993521797	-9.9004437717488e-09	64.6935334009654	0.19999999999992
4.575	36.75	2.2423705447619e-13	0.799999993330498	-9.78407864264177e-09	64.6695334011626	0.200000000000179
4.725	36.75	6.87023345769259e-13	0.79999999314179	-9.66462369201469e-09	64.6455334013655	0.20000000000055
4.875	36.75	1.31330563729231e-12	0.799999992956425	-9.54196427728533e-09	64.6215334015739	0.200000000001051
5.025	36.75	2.12411095610522e-12	0.799999992773408	-9.41638221711805e-09	64.5975334017879	0.200000000001699
5.175	36.75	3.13363846719515e-12	0.799999992593169	-9.28753377920908e-09	64.5735334020071	0.200000000002507
5.325	36.75	4.34480357149827e-12	0.799999992416208	-9.15586439288719e-09	64.5495334022317	0.200000000003476
5.475	36.75	5.74373326937802e-12	0.799999992242486	-9.02129915152838e-09	64.5255334024613	0.200000000004595
5.625	36.75	7.29321540378387e-12	0.799999992071547	-8.8838884340158e-09	64.501533402696	0.200000000005835
5.775	36.75	8.92519282743945e-12	0.799999991903666	-8.74378229866987e-09	64.4775334029356	0.20000000000714
5.925	36.75	1.0532512091324e-11	0.799999991738975	-8.60098854762276e-09	64.4535334031801	0.200000000008426
6.075	36.75	1.19602875582551e-11	0.799999991577474	-8.45565660794901e-09	64.4295334034293	0.200000000009568
6.225	36.75	1.29974276000107e-11	0.799999991419627	-8.30764945991476e-09	64.4055334036831	0.200000000010398
6.375	36.75	1.33690888245731e-11	0.799999991264514	-8.15733013535727e-09	64.3815334039416	0.200000000010695
6.525	36.75	1.27310738894225e-11	0.799999991113132	-8.00457936834341e-09	64.3575334042047	0.200000000010185
6.675	36.75	1.06674609450918e-11	0.799999990965498	-7.84948198347228e-09	64.3335334044724	0.200000000008534
6.825	36.75	6.69303677218089e-12	0.799999990820468	-7.69218768618973e-09	64.3095334047447	0.200000000005354
6.975	36.75	2.62383928509293e-13	0.799999990679643	-7.53279250740052e-09	64.2855334050219	0.20000000000021
7.125	36.75	-9.21227798235318e-12	0.79999999054224	-7.37124432598574e-09	64.2615334053039	0.19999999999263
7.275	36.75	-2.23322054467346e-11	0.799999990408757	-7.20776587707052e-09	64.2375334055911	0.199999999982134
7.425	36.75	-3.96698102992816e-11	0.799999990278489	-7.04229028460491e-09	64.2135334058837	0.199999999968264
7.575	36.75	-6.17105581785944e-11	0.799999990152292	-6.87506104309706e-09	64.189533406182	0.199999999950632
7.725	36.75	-8.87769676870532e-11	0.799999990030139	-6.70594734993372e-09	64.1655334064864	0.199999999928978
7.875	36.75	-1.20933061790198e-10	0.799999989912063	-6.53531814455721e-09	64.1415334067972	0.199999999903254
8.025	36.75	-1.57868390984929e-10	0.7999999897978	-6.36297966463901e-09	64.1175334071149	0.199999999873705
8.175	36.75	-1.98761870738093e-10	0.799999989688262	-6.18911618476484e-09	64.0935334074397	0.199999999840991
8.325	36.75	-2.42127205502678e-10	0.799999989583502	-6.01391549346294e-09	64.0695334077717	0.199999999806298
8.475	36.75	-2.85643651929197e-10	0.799999989482965	-5.83723364599957e-09	64.0455334081111	0.199999999771485
8.625	36.75	-3.25978332141034e-10	0.799999989387385	-5.6592956001226e-09	64.0215334084576	0.199999999739217
8.775	36.75	-3.58609250554518e-10	0.799999989297046	-5.48016943347929e-09	63.9975334088105	0.199999999713113
8.925	36.75	-3.77661570104596e-10	0.799999989211522	-5.29991852318635e-09	63.9735334091686	0.199999999697871
9.075	36.75	-3.75773504427995e-10	0.799999989131298	-5.11864118325927e-09	63.9495334095303	0.199999999699381
9.225	36.75	-3.44012272367004e-10	0.799999989056365	-4.93636785723829e-09	63.9255334098929	0.19999999972479
9.375	36.75	-2.71864777762133e-10	0.799999988986608	-4.75323332217593e-09	63.901533410253	0.199999999782508
9.525	36.75	-1.47331795727771e-10	0.799999988921591	-4.56936053651451e-09	63.8775334106059	0.199999999882135
9.675	36.75	4.2841824060154e-11	0.799999988861653	-4.38475088537424e-09	63.853533410946	0.200000000034273
9.825	36.75	3.12765447496182e-10	0.799999988805479	-4.19949994382451e-09	63.829533411266	0.200000000250212
9.975	36.75	6.76792149880418e-10	0.799999988752986	-4.01367714506107e-09	63.8055334115576	0.200000000541434
10.125	36.75	1.14866199595757e-09	0.799999988703309	-3.82744129762364e-09	63.7815334118109	0.20000000091893
10.275	36.75	1.7403637780611e-09	0.799999988654853	-3.64069296137908e-09	63.7575334120148	0.200000001392291
10.425	36.75	2.46068477305476e-09	0.799999988606254	-3.45366482615698e-09	63.7335334121574	0.200000001968548
10.575	36.75	3.31342636003812e-09	0.799999988556044	-3.26643133940389e-09	63.709533412226	0.200000002650741
10.725	36.75	4.29527559015646e-09	0.799999988502216	-3.07896845630509e-09	63.6855334122079	0.20000000343622
10.875	36.75	5.39333953464024e-09	0.799999988442688	-2.89147276409828e-09	63.6615334120912	0.200000004314672
11.025	36.75	6.58237087333843e-09	0.799999988374398	-2.70397708927425e-09	63.6375334118658	0.200000005265897
11.175	36.75	7.82173998497209e-09	0.799999988295488	-2.51649360889693e-09	63.6135334115249	0.200000006257392
11.325	36.75	9.05224081509681e-09	0.799999988202937	-2.32907889513561e-09	63.5895334110663	0.200000007241793
11.475	36.75	1.01928548146486e-08	0.799999988094333	-2.14198154656334e-09	63.5655334104947	0.200000008154284
11.625	36.75	1.11376387251341e-08	0.79999998796768	-1.95516915998693e-09	63.5415334098236	0.200000008910111
11.775	36.75	1.17529470283783e-08	0.799999987820755	-1.76859716716266e-09	63.5175334090782	0.200000009402358
11.925	36.75	1.18752471594644e-08	0.799999987652792	-1.58248944156359e-09	63.4935334082978	0.200000009500198
12.075	36.75	1.130983334875e-08	0.799999987463934	-1.39697798454336e-09	63.469533407539	0.200000009047867
12.225	36.75	9.83079102662068e-09	0.799999987255294	-1.21193740311776e-09	63.4455334068785	0.200000007864633
12.375	36.75	7.1826055100641e-09	0.799999987029233	-1.02751569003841e-09	63.4215334064162	0.200000005746084
12.525	36.75	3.08384328339335e-09	0.799999986791523	-8.43859288283168e-10	63.3975334062777	0.200000002467075
12.675	36.75	-2.76664152230501e-09	0.799999986549158	-6.61026598061067e-10	63.3735334066166	0.199999997786687
12.825	36.75	-1.06805119830138e-08	0.799999986312163	-4.78890273903497e-10	63.3495334076159	0.19999999145559
12.975	36.75	-2.09673065539174e-08	0.799999986093654	-2.97747699809711e-10	63.3255334094885	0.199999983226155
13.125	36.75	-3.39179166244718e-08	0.799999985910551	-1.17564992442338e-10	63.301533412476	0.199999972865667
13.275	36.75	-4.97837935212966e-08	0.799999985782799	6.15399789145413e-11	63.2775334168461	0.199999960172965
13.425	36.75	-6.8751558667163e-08	0.799999985734889	2.39704792052206e-10	63.2535334228875	0.199999944998753
13.575	36.75	-9.09127713575668e-08	0.799999985794699	4.16573071398151e-10	63.2295334309023	0.199999927269783
13.725	36.75	-1.16228700826424e-07	0.799999985994294	5.92299994112622e-10	63.2055334411951	0.199999907017039
13.875	36.75	-1.44490043129604e-07	0.799999986370309	7.66718501005224e-10	63.1815334540586	0.199999884407965
14.025	36.75	-1.75271603586635e-07	0.799999986962625	9.3988056938491e-10	63.157533469755	0.199999859782717
14.175	36.75	-2.07882009722862e-07	0.799999987815641	1.11157398093989e-09	63.133533488493	0.199999833694392
14.325	36.75	-2.41308496336149e-07	0.799999988977194	1.2818639895047e-09	63.1095335103994	0.199999806953203
14.475	36.75	-2.7415667028398e-07	0.799999990499847	1.45065599306648e-09	63.0855335354856	0.199999780674664
14.625	36.75	-3.04584859588353e-07	0.799999992441406	1.61786059667653e-09	63.0615335636075	0.199999756332112
14.775	36.75	-3.30232101887694e-07	0.799999994865692	1.78348807318251e-09	63.0375335944194	0.199999735814319
14.925	36.75	-3.48137928371605e-07	0.799999997846176	1.9474476492267e-09	63.0135336273201	0.199999721489657
15.075	36.75	-3.54650715707384e-07	0.800000001469342	2.10973228569784e-09	62.9895336613911	0.199999716279427
15.225	36.75	-3.45319331834206e-07	0.800000005842047	2.27026359812606e-09	62.9655336953249	0.199999723744535
15.375	36.75	-3.14759857421754e-07	0.800000011100472	2.42892334985286e-09	62.9415337273419	0.199999748192114
15.525	36.75	-2.56485014556654e-07	0.800000017425087	2.58576470494488e-09	62.9175337550927	0.199999794811988
15.675	36.75	-1.62678170648485e-07	0.800000025062607	2.74079905104358e-09	62.8935337755415	0.199999869857463
15.825	36.75	-2.38858692036838e-08	0.800000034352747	2.89376049444427e-09	62.8695337848232	0.199999980891305
15.975	36.75	1.71407948560146e-07	0.800000045772447	3.04488311840198e-09	62.8455337780664	0.200000137126359
16.125	36.75	4.37377489452067e-07	0.800000059990665	3.19383133453185e-09	62.8215337491665	0.200000349901992
16.275	36.75	7.91691631889833e-07	0.800000077947552	3.34081171075013e-09	62.7975336904905	0.200000633353306
16.425	36.75	1.25668926128425e-06	0.800000100961455	3.48561248073919e-09	62.7735335924849	0.200001005351409
16.575	36.75	1.86102707036854e-06	0.800000130873566	3.62824151538327e-09	62.7495334431484	0.200001488821656
16.725	36.75	2.64198157105338e-06	0.800000170245635	3.76885305297305e-09	62.7255332273152	0.200002113585257
16.875	36.75	3.64865149799693e-06	0.800000222625882	3.9071427631889e-09	62.7015329256731	0.200002918921198
17.025	36.75	4.94639298492346e-06	0.800000292905799	4.04307437405935e-09	62.6775325134164	0.200003957114388
17.175	36.75	6.62293529159353e-06	0.800000387804244	4.17680538047394e-09	62.653531958391	0.200005298348233
17.325	36.75	8.79677990864854e-06	0.800000516515294	4.30824525086183e-09	62.6295312185439	0.200007037423927
17.475	36.75	1.16286954289745e-05	0.800000691586451	4.43720315061457e-09	62.6055302384172	0.200009302956343
17.625	36.75	1.53374052619655e-05	0.800000930104825	4.56382422929368e-09	62.5815289443373	0.20001226992421
17.775	36.75	2.0220952051881e-05	0.800001255299142	4.68789033383333e-09	62.5575272378257	0.200016176761641
17.925	36.75	2.6685744155151e-05	0.800001698694682	4.80960946986296e-09	62.5335249865905	0.200021348595324
18.075	36.75	3.52859828297456e-05	0.80000230299741	4.92888133786311e-09	62.5095220122303	0.200028228786264
18.225	36.75	4.67770778601555e-05	0.800003125915815	5.04536536343701e-09	62.4855180734824	0.200037421662288
18.375	36.75	6.21878484472151e-05	0.800004245252305	5.15935404643603e-09	62.4615128434413	0.200049750278758
18.525	36.75	8.29178916382342e-05	0.800005765729248	5.27072453593356e-09	62.437505878637	0.200066334313311
18.675	36.75	0.00011086869792604	0.800007828318575	5.37921498238054e-09	62.4134965771476	0.200088694958341
18.825	36.75	0.000148620253985937	0.800010623181128	5.48502662009928e-09	62.3894841219396	0.200118896203189
18.975	36.75	0.000199669452805909	0.800014407635369	5.58779969183274e-09	62.365467404289	0.200159735562245
19.125	36.75	0.000268753040143517	0.800019530609631	5.68744737403916e-09	62.3414449202561	0.200215002432115
19.275	36.75	0.00036228615197504	0.800026464605542	5.78387172438461e-09	62.317414630609	0.20028982892158
19.425	36.75	0.000488957296909734	0.800035845502622	5.87672920105065e-09	62.2933737711375	0.200391165837528
19.575	36.75	0.000660531178189945	0.800048520450565	5.96583425203497e-09	62.2693185958714	0.200528424942552
19.725	36.75	0.000892922193647902	0.800065606384945	6.05044365772577e-09	62.2452440302325	0.200714337754918
19.875	36.75	0.00120761710512258	0.800088568122261	6.13031623119679e-09	62.2211432043676	0.200966093684098
20.025	36.75	0.00163355409230773	0.800119335431264	6.20446901197389e-09	62.1970068279914	0.201306843273846
20.175	36.75	0.00220962175752187	0.800160487894575	6.27189737284792e-09	62.1728223550702	0.201767697406017
20.325	36.75	0.00298804032162462	0.80021553314329	6.33108742147593e-09	62.1485728662321	0.2023904322573
20.475	36.75	0.00403902960010478	0.800289271790033	6.38035485908611e-09	62.1242355647746	0.203231223680084
20.625	36.75	0.00545732365572045	0.800388169047879	6.41717673600333e-09	62.0997797358309	0.204365858924576
20.775	36.75	0.00737118396138235	0.800520544858518	6.4384720695578e-09	62.0751639600825	0.205896947169106
20.925	36.75	0.00995447742591031	0.800696288144251	6.44003678388512e-09	62.0503323149311	0.207963581940728
21.075	36.75	0.0134420119900261	0.800925760287696	6.41662434422152e-09	62.0252092596437	0.210753609592021
21.225	36.75	0.01814761757735	0.801217641123286	6.36222765379295e-09	61.9996929164324	0.21451809406188
21.375	36.75	0.0244834934993726	0.801575707120324	6.26954764822554e-09	61.973646555253	0.219586794799498
21.525	36.75	0.0329782629132171	0.801994870342169	6.13136438430652e-09	61.9468882843377	0.226382610330574
21.675	36.75	0.0442900721450816	0.802457172550947	5.94152485676175e-09	61.919179247587	0.235432057716065
21.825	36.75	0.0592098318056849	0.802928784488373	5.69627967022173e-09	61.8902110413289	0.247367865444548
21.975	36.75	0.0786480164872131	0.803359397723342	5.39656203292867e-09	61.8595936137302	0.26291841318977
22.125	36.75	0.103596190451655	0.803685580795132	5.04896541007932e-09	61.8268456479077	0.282876952361324
22.275	36.75	0.135052302723222	0.803839325910996	4.6659306611075e-09	61.7913903754045	0.308041842178578
22.425	36.75	0.173898993514118	0.803761741996661	4.26446363078176e-09	61.752560803877	0.339119194811294
22.575	36.75	0.220730584864312	0.803419693571688	3.86367749022014e-09	61.7096190649747	0.376584467891449
22.725	36.75	0.275641526720101	0.802820790403115	3.48164253922164e-09	61.6617941905378	0.420513221376081
22.875	36.75	0.338017856244894	0.802020578503138	3.13267118685297e-09	61.6083400379467	0.470414284995916
23.025	36.75	0.406404723312426	0.801116451317244	2.82627801005529e-09	61.5486096094412	0.525123778649941
23.175	36.75	0.478534572190166	0.800226929362597	2.56662351639529e-09	61.4821344485304	0.582827657752133
23.325	36.75	0.551566086655964	0.799461971842143	2.35366925186756e-09	61.4086912933681	0.641252869324772
23.475	36.75	0.622501307846051	0.798895930507959	2.18433831343662e-09	61.3283372635225	0.698001046276841
23.625	36.75	0.688659257792387	0.798554410662811	2.05370974371787e-09	61.2414022347598	0.75092740623391
23.775	36.75	0.748051810115046	0.798418744261844	1.95614272421765e-09	61.1484403458218	0.798441448092037
23.925	36.75	0.79955778107378	0.798442569342148	1.88601913525094e-09	61.0501550492541	0.839646224859024
24.075	36.75	0.842886470323394	0.798570850101533	1.83816104771323e-09	60.9473175590873	0.874309176258716
24.225	36.75	0.878398155975538	0.798753961719149	1.80805321143169e-09	60.8406957026132	0.90271852478043
24.375	36.75	0.906872100377603	0.798954492503321	1.79184827307443e-09	60.7310025596917	0.925497680302082
24.525	36.75	0.929292198107273	0.799148195913686	1.78645468997238e-09	60.6188665437696	0.943433758485818
24.675	36.75	0.946685094035698	0.799321772262445	1.7893422558e-09	60.5048195438743	0.957348075228558
24.825	36.75	0.960016774605131	0.799469691706441	1.7984966943512e-09	60.3892977957204	0.968013419684105
24.975	36.75	0.970138073048902	0.799591292396492	1.81234623598598e-09	60.2726503268135	0.976110458439122
25.125	36.75	0.977764769211009	0.799688596502302	1.82961663787685e-09	60.1551509688249	0.982211815368807
25.275	36.75	0.983479107267847	0.799764851402152	1.84937464123702e-09	60.0370112503834	0.986783285814278
25.425	36.75	0.987742791105793	0.799823640129498	1.87088057633715e-09	59.9183925924413	0.990194232884635
25.575	36.75	0.99091481786459	0.7998683860634	1.8935960003421e-09	59.7994170236491	0.992731854291672
25.725	36.75	0.993270126788479	0.799902110976865	1.91708191501473e-09	59.6801761446155	0.994616101430783
25.875	36.75	0.995016874802798	0.799927347378141	1.94100734193654e-09	59.5607383679053	0.996013499842238
26.025	36.75	0.996311339960061	0.799946139647983	1.96515281002345e-09	59.4411546135511	0.997049071968049
26.175	36.75	0.997270176122478	0.799960091790248	1.9893063236056e-09	59.3214627010572	0.997816140897983
26.325	36.75	0.997980145941684	0.799970435114891	2.01341122700212e-09	59.2016906860523	0.998384116753347
26.475	36.75	0.998505654704783	0.799978099578639	2.03730398551978e-09	59.0818593681699	0.998804523763827
26.625	36.75	0.998894473356268	0.799983779633336	2.06093987412341e-09	58.961984162621	0.999115578685015
26.775	36.75	0.999182029807169	0.799987990290864	2.08426699523237e-09	58.8420764910918	0.999345623845735
26.925	36.75	0.999394600869273	0.799991112258355	2.10724125233706e-09	58.7221448134531	0.999515680695419
27.075	36.75	0.999551676930519	0.799993426834486	2.12983760308052e-09	58.602195392756	0.999641341544415
27.225	36.75	0.999667711987139	0.799995142130688	2.15203101699925e-09	58.4822328627248	0.999734169589711
27.375	36.75	0.999753419908462	0.799996412419118	2.17383230553353e-09	58.3622606490279	0.99980273592677
27.525	36.75	0.999816736207128	0.799997352277273	2.19522170190374e-09	58.2422812821644	0.999853388965703
27.675	36.75	0.999863532816419	0.799998046911367	2.21616272745682e-09	58.1222966298765	0.999890826253135
27.825	36.75	0.999898149900154	0.799998559717438	2.23671492232559e-09	58.0023080697262	0.999918519920123
27.975	36.75	0.999923791678165	0.799998937852647	2.2568345381027e-09	57.8823166171453	0.999939033342532
28.125	36.75	0.999942820940914	0.799999216367796	2.27652636836861e-09	57.7623230203488	0.999954256752731
28.275	36.75	0.999956977996937	0.799999421286559	2.29579274494988e-09	57.6423278306035	0.999965582397549
28.425	36.75	0.999967543255853	0.799999571907084	2.31466164129056e-09	57.5223314541815	0.999974034604682
28.575	36.75	0.999975457806042	0.79999968252275	2.33311809766397e-09	57.4023341907229	0.999980366244834
28.725	36.75	0.999981412728952	0.799999763707725	2.35116659671886e-09	57.282336261524	0.999985130183161
28.875	36.75	0.999985915176906	0.799999823275532	2.36882595909307e-09	57.1623378303656	0.999988732141525
29.025	36.75	0.999989337201661	0.799999866992467	2.38607531180984e-09	57.0423390188268	0.999991469761328
29.175	36.75	0.999991951790854	0.799999899108058	2.40294351776612e-09	56.9223399175248	0.999993561432683
29.325	36.75	0.999993959424967	0.799999922748217	2.41941274037032e-09	56.8023405943504	0.999995167539973
29.475	36.75	0.999995507614441	0.799999940207944	2.43554020333506e-09	56.6823411004907	0.999996406091553
29.625	36.75	0.999996705242185	0.799999953167615	2.45126254471485e-09	56.562341474826	0.999997364193748
29.775	36.75	0.999997633065881	0.799999962854017	2.46662346901821e-09	56.4423417471338	0.999998106452705
29.925	36.75	0.999998351385298	0.799999970159743	2.48162306746626e-09	56.3223419404211	0.999998681108238
30.075	36.75	0.999998905620668	0.799999975731575	2.4962950054058e-09	56.2023420726199	0.999999124496534
30.225	36.75	0.999999330355722	0.799999980036635	2.51058032695341e-09	56.0823421578224	0.999999464284578
30.375	36.75	0.999999652255992	0.799999983410384	2.52451392308707e-09	55.9623422071807	0.999999721804793
30.525	36.75	0.999999892166616	0.799999986093239	2.53813772992585e-09	55.8423422295662	0.999999913733293
30.675	36.75	1.00000006661444	0.799999988256757	2.55142266291354e-09	55.7223422320567	1.00000005329155
30.825	36.75	1.00000018888044	0.799999990023327	2.56437407234331e-09	55.6023422202992	1.00000015110435
30.975	36.75	1.00000026976429	0.799999991480186	2.57702126459417e-09	55.4823421987847	1.00000021581143
31.125	36.75	1.00000031813023	0.799999992690176	2.58933915405282e-09	55.3623421710604	1.00000025450418
31.275	36.75	1.00000034129913	0.799999993698736	2.60134997320922e-09	55.2423421398966	1.00000027303931
31.425	36.75	1.00000034533336	0.799999994539767	2.61307517116425e-09	55.1223421074213	1.00000027626669
31.575	36.75	1.00000033524795	0.799999995239003	2.62446377473393e-09	55.0023420752307	1.00000026819836
31.725	36.75	1.00000031517154	0.799999995816641	2.63557942967588e-09	54.8823420444821	1.00000025213724
31.875	36.75	1.00000028847336	0.799999996289487	2.64642530042164e-09	54.7623420159728	1.00000023077869
32.025	36.75	1.00000025786736	0.799999996671698	2.65697130628802e-09	54.6423419902083	1.00000020629389
32.175	36.75	1.00000022550095	0.799999996975653	2.6672496997107e-09	54.5223419674607	1.00000018040076
32.325	36.75	1.00000019303282	0.799999997212576	2.67724104927793e-09	54.4023419478195	1.00000015442626
32.475	36.75	1.00000016170283	0.799999997392696	2.68700375598253e-09	54.2823419312347	1.00000012936227
32.625	36.75	1.00000013239565	0.799999997525215	2.69646993888733e-09	54.1623419175547	1.00000010591652
32.775	36.75	1.00000010569876	0.799999997618672	2.70568997368387e-09	54.0423419065572	1.00000008455901
32.925	36.75	1.00000008195548	0.799999997680618	2.71467383228706e-09	53.922341897975	1.00000006556438
33.075	36.75	1.00000006131279	0.799999997718096	2.7234078379763e-09	53.8023418915175	1.00000004905023
33.225	36.75	1.00000004376434	0.799999997736969	2.7319061598873e-09	53.6823418868875	1.00000003501148
33.375	36.75	1.00000002918824	0.799999997742652	2.74016829000053e-09	53.5623418837937	1.00000002335059
33.525	36.75	1.00000001737989	0.799999997739502	2.74821838462463e-09	53.4423418819606	1.00000001390391
33.675	36.75	1.00000000808002	0.79999999773134	2.75603289370967e-09	53.3223418811349	1.00000000646401
33.825	36.75	1.00000000099792	0.799999997721122	2.76361384114664e-09	53.2023418810898	1.00000000079834
33.975	36.75	0.999999995830308	0.799999997711152	2.77099567951678e-09	53.082341881627	0.999999996664246
34.125	36.75	0.999999992276171	0.799999997703371	2.77817577708959e-09	52.9623418825771	0.999999993820937
34.275	36.75	0.999999990047908	0.799999997698945	2.78515486638527e-09	52.842341883799	0.999999992038326
34.425	36.75	0.999999988879295	0.799999997698703	2.79192855531413e-09	52.7223418851782	0.999999991103436
34.575	36.75	0.999999988530656	0.799999997703168	2.79849439919396e-09	52.6023418866245	0.999999990824525
34.725	36.75	0.999999988791762	0.799999997712472	2.80489667721673e-09	52.4823418880693	0.99999999103341
34.875	36.75	0.999999989482816	0.799999997726461	2.81110378865353e-09	52.3623418894628	0.999999991586253
35.025	36.75	0.999999990454021	0.799999997745003	2.81714592774035e-09	52.2423418907707	0.999999992363217
35.175	36.75	0.999999991583967	0.799999997767648	2.82299184318012e-09	52.1223418919721	0.999999993267173
35.325	36.75	0.999999992777348	0.799999997793962	2.82867887484259e-09	52.0023418930563	0.999999994221878
35.475	36.75	0.999999993962096	0.799999997823517	2.8341920260132e-09	51.8823418940207	0.999999995169677
35.625	36.75	0.999999995086376	0.799999997855688	2.83955282845389e-09	51.7623418948685	0.999999996069101
35.775	36.75	0.999999996115373	0.79999999789008	2.84475364947525e-09	51.6423418956074	0.999999996892298
35.925	36.75	0.999999997028289	0.799999997926202	2.84980058526548e-09	51.5223418962474	0.999999997622632
36.075	36.75	0.999999997815467	0.799999997963614	2.8546949713433e-09	51.4023418968001	0.999999998252374
36.225	36.75	0.999999998475764	0.799999998002005	2.85946289915312e-09	51.2823418972777	0.999999998780612
36.375	36.75	0.999999999014297	0.799999998041073	2.86406031988911e-09	51.1623418976922	0.999999999211438
36.525	36.75	0.999999999440471	0.799999998080423	2.86854561929109e-09	51.0423418980547	0.999999999552377
36.675	36.75	0.999999999766337	0.79999999811999	2.87288518353471e-09	50.9223418983755	0.99999999981307
36.825	36.75	1.00000000000535	0.799999998159621	2.87708841804072e-09	50.8023418986636	1.00000000000428
36.975	36.75	1.00000000017135	0.799999998199076	2.88118528354911e-09	50.6823418989266	1.00000000013708
37.125	36.75	1.00000000027792	0.799999998238377	2.88513927493793e-09	50.5623418991709	1.00000000022234
37.275	36.75	1.0000000003377	0.799999998277358	2.88898502024876e-09	50.4423418994017	1.00000000027016
37.425	36.75	1.00000000036183	0.799999998315992	2.89272907619973e-09	50.3223418996229	1.00000000028947
37.575	36.75	1.00000000035914	0.799999998354036	2.89634008403903e-09	50.2023418998375	1.00000000028731
37.725	36.75	1.00000000033566	0.799999998391782	2.89985447403089e-09	50.0823419000477	1.00000000026853
37.875	36.75	1.00000000029553	0.799999998429729	2.90327306074316e-09	49.9623419002555	1.00000000023642
38.025	36.75	1.00000000024453	0.799999998468951	2.90657675637786e-09	49.8423419004621	1.00000000019562
38.175	36.75	1.00000000019657	0.799999998510094	2.9097906804594e-09	49.7223419006679	1.00000000015725
38.325	36.75	1.00000000017806	0.799999998551688	2.91289068521905e-09	49.6023419008713	1.00000000014245
38.475	36.75	1.00000000021821	0.799999998587413	2.91592093154705e-09	49.4823419010682	1.00000000017457
38.625	36.75	1.0000000003104	0.799999998606879	2.91885732486172e-09	49.3623419012532	1.00000000024832
38.775	36.75	1.00000000034601	0.799999998603396	2.92170293324904e-09	49.2423419014266	1.00000000027681
38.925	36.75	1.00000000007386	0.799999998595037	2.92447124520955e-09	49.1223419016058	1.00000000005909
39.075	36.75	0.999999999212024	0.79999999864787	2.92715482956935e-09	49.0023419018339	0.999999999369619
39.225	36.75	0.999999997861586	0.799999998870805	2.92976411715641e-09	48.8823419021627	0.999999998289269
39.375	36.75	0.999999997187158	0.799999999325237	2.93230512935938e-09	48.7623419025832	0.999999997749726
39.525	36.75	0.999999999800269	0.799999999817598	2.93476468666836e-09	48.6423419029052	0.999999999840215
39.675	36.75	1.0000000085499	0.799999999669343	2.9371572786998e-09	48.5223419026763	1.00000000683992
39.825	36.75	1.00000002228111	0.799999997797757	2.93949323425743e-09	48.4023419013629	1.00000001782489
39.975	36.75	1.00000002906865	0.799999993639316	2.94173884960747e-09	48.282341899059	1.00000002325492
40.125	36.75	1.00000000269435	0.799999989178594	2.94393992530264e-09	48.1623418976899	1.00000000215548
40.275	36.75	0.999999915051612	0.799999991092535	2.94609096915278e-09	48.0423419017881	0.99999993204129
40.425	36.75	0.99999977787521	0.800000009766451	2.94817144276288e-09	47.9223419166722	0.999999822300168
40.575	36.75	0.999999707649953	0.800000050305407	2.95020374884292e-09	47.8023419415062	0.999999766119962
40.725	36.75	0.999999957517784	0.800000093521045	2.95218292670197e-09	47.6823419577118	0.999999966014227
40.875	36.75	1.00000079734945	0.800000076727826	2.95409463288465e-09	47.5623419216065	1.00000063787956
41.025	36.75	1.00000212196186	0.799999904211876	2.95595371222558e-09	47.4423417816024	1.00000169756948
41.175	36.75	1.00000285290254	0.79999953008255	2.95777744239039e-09	47.3223415429263	1.00000228232203
41.325	36.75	1.00000065163093	0.799999127831793	2.95956607187429e-09	47.2023413748207	1.00000052130475
41.475	36.75	0.999993003857971	0.799999255389979	2.9613216808864e-09	47.0823416794638	0.999994403086377
41.625	36.75	0.999980706637771	0.80000075599856	2.96303915013913e-09	46.9623429414617	0.999984565310217
41.775	36.75	0.999973138464101	0.800004040627466	2.96470364811887e-09	46.8423451569933	0.999978510771281
41.925	36.75	0.999990827520893	0.800007657547142	2.96627458732814e-09	46.7223468867144	0.999992662016715
42.075	36.75	1.0000563795365	0.800006936171903	2.96769694711653e-09	46.602344620862	1.0000451036292
42.225	36.75	1.00016528886132	0.799994824051136	2.96896715809081e-09	46.482333980898	1.00013223108906
42.375	36.75	1.00024184955244	0.799967674127466	2.97028484523426e-09	46.3623144383906	1.00019347964195
42.525	36.75	1.00011633628388	0.799936550409585	2.97205268912555e-09	46.242297245422	1.0000930690271
42.675	36.75	0.999594226904153	0.799937860612342	2.97470438810721e-09	46.1223111384728	0.999675381523322
42.825	36.75	0.998683926302937	0.800027372409682	2.97828927496364e-09	46.0023937896212	0.99894714104235
42.975	36.75	0.997944673225032	0.800237006796726	2.98143981892114e-09	45.8825556215455	0.998355738580025
43.125	36.75	0.998684258979178	0.800490005439351	2.98103113447173e-09	45.7627174272334	0.998947407183343
43.275	36.75	1.00248296175519	0.800522975119596	2.97330925319452e-09	45.6426613969226	1.00198636940415
43.425	36.75	1.00955927622601	0.799934825555208	2.95785885716309e-09	45.522083494394	1.00764742098081
43.575	36.75	1.01623380735263	0.798479881598323	2.94344007535326e-09	45.4008457177456	1.0129870458821
43.725	36.75	1.01328677097458	0.796573391830084	2.95144169297102e-09	45.279428561457	1.01062941677966
43.875	36.75	0.988680897763092	0.795833250632514	3.01124667157619e-09	45.1593335670234	0.990944718210473
44.025	36.75	0.938367896713134	0.799351007317975	3.14009175379607e-09	45.0428405345699	0.950694317370507
44.175	36.75	0.884673133582187	0.810192428722274	3.29024790390718e-09	44.9313520289509	0.907738506865749
44.325	36.75	0.889127901646416	0.824441952917903	3.27885228670102e-09	44.8222076749132	0.911302321317133
44.475	36.75	1.03257195117482	0.826489829178471	2.91301199277747e-09	44.7059572693054	1.02605756093986
44.625	36.75	1.34924434140777	0.808622133143426	2.33636049661916e-09	44.5677998334327	1.27939547312621
44.775	36.75	1.76408811742956	0.709537047655764	1.85494212129944e-09	44.3955930203214	1.61127049394365
44.925	36.75	2.11154506550055	0.834636814339187	1.58183170965982e-09	44.2248230006584	1.88923605240044
0.075	37.25	3.47473593696112e-16	0.399999999889878	-1.09045873579824e-08	65.3895333991362	0.2
0.225	37.25	1.09796498714792e-15	0.799999999669951	-1.090072303058e-08	65.3655333991428	0.200000000000001
0.375	37.25	2.54818929556081e-15	0.799999999450327	-1.08928697605464e-08	65.341533399156	0.200000000000002
0.525	37.25	4.61626581531336e-15	0.79999999923056	-1.08811963510021e-08	65.3175333991758	0.200000000000004
0.675	37.25	7.14881699760906e-15	0.799999999011294	-1.08656774362472e-08	65.2935333992022	0.200000000000006
0.825	37.25	9.9358842731243e-15	0.799999998792357	-1.08462895750873e-08	65.2695333992351	0.200000000000008
0.975	37.25	1.27379704315077e-14	0.799999998574066	-1.08229721693335e-08	65.2455333992746	0.20000000000001
1.125	37.25	1.5299707420862e-14	0.79999999835613	-1.07958633550156e-08	65.2215333993207	0.200000000000012
1.275	37.25	1.73403388893937e-14	0.799999998138982	-1.07648712441672e-08	65.1975333993733	0.200000000000014
1.425	37.25	1.85241247401688e-14	0.799999997922793	-1.07301046588247e-08	65.1735333994323	0.200000000000015
1.575	37.25	1.84215049023871e-14	0.79999999770715	-1.06915581883513e-08	65.1495333994979	0.200000000000015
1.725	37.25	1.64738684350411e-14	0.799999997492544	-1.06491715706043e-08	65.1255333995699	0.200000000000013
1.875	37.25	1.19727217816431e-14	0.799999997279207	-1.06030205614189e-08	65.1015333996483	0.20000000000001
2.025	37.25	4.06047179262797e-15	0.799999997066757	-1.05532108186319e-08	65.0775333997332	0.200000000000003
2.175	37.25	-8.24291952446339e-15	0.799999996855608	-1.04996923272858e-08	65.0535333998243	0.199999999999993
2.325	37.25	-2.59845093069498e-14	0.799999996645895	-1.04423974929861e-08	65.0295333999218	0.199999999999979
2.475	37.25	-5.0191092256226e-14	0.799999996437362	-1.03816399308564e-08	65.0055334000256	0.19999999999996
2.625	37.25	-8.17460219971746e-14	0.799999996230106	-1.03171935149653e-08	64.9815334001356	0.199999999999935
2.775	37.25	-1.21225243050786e-13	0.799999996024606	-1.02490504481092e-08	64.9575334002518	0.199999999999903
2.925	37.25	-1.68687693652654e-13	0.799999995821006	-1.01773877948424e-08	64.9335334003741	0.199999999999865
3.075	37.25	-2.23416649781228e-13	0.799999995618826	-1.01022789870557e-08	64.9095334005026	0.199999999999821
3.225	37.25	-2.83611672793862e-13	0.799999995418358	-1.00237704137804e-08	64.885533400637	0.199999999999773
3.375	37.25	-3.46035690849662e-13	0.799999995219882	-9.94185199636958e-09	64.8615334007775	0.199999999999723
3.525	37.25	-4.05628545973509e-13	0.79999999502361	-9.85646571095343e-09	64.8375334009239	0.199999999999676
3.675	37.25	-4.55107087949619e-13	0.79999999482878	-9.7677306706808e-09	64.8135334010762	0.199999999999636
3.825	37.25	-4.84582706725996e-13	0.799999994636393	-9.67581678809339e-09	64.7895334012343	0.199999999999612
3.975	37.25	-4.81239935569997e-13	0.799999994446034	-9.58052788281437e-09	64.7655334013981	0.199999999999615
4.125	37.25	-4.29134298503666e-13	0.799999994258344	-9.48220153527682e-09	64.7415334015676	0.199999999999657
4.275	37.25	-3.09183361428244e-13	0.799999994072549	-9.38056537643867e-09	64.7175334017427	0.199999999999753
4.425	37.25	-9.94413013826667e-14	0.799999993889444	-9.27586126946461e-09	64.6935334019233	0.19999999999992
4.575	37.25	2.24237054027269e-13	0.799999993708421	-9.16823183645176e-09	64.6695334021094	0.200000000000179
4.725	37.25	6.87023344269604e-13	0.799999993530088	-9.05755002414745e-09	64.6455334023008	0.20000000000055
4.875	37.25	1.3133056361295e-12	0.799999993354285	-8.94392719777738e-09	64.6215334024974	0.200000000001051
5.025	37.25	2.1241109536534e-12	0.799999993180883	-8.82747703340568e-09	64.5975334026992	0.200000000001699
5.175	37.25	3.13363846507505e-12	0.799999993010929	-8.70836498136571e-09	64.5735334029061	0.200000000002507
5.325	37.25	4.34480356792063e-12	0.799999992843402	-8.58623691903292e-09	64.549533403118	0.200000000003476
5.475	37.25	5.74373326625519e-12	0.799999992678396	-8.46157375009996e-09	64.5255334033347	0.200000000004595
5.625	37.25	7.29321539923359e-12	0.799999992516239	-8.33431295531966e-09	64.5015334035562	0.200000000005835
5.775	37.25	8.92519282374986e-12	0.799999992357431	-8.20443703731477e-09	64.4775334037823	0.20000000000714
5.925	37.25	1.05325120866255e-11	0.799999992200959	-8.07206722397113e-09	64.453533404013	0.200000000008426
6.075	37.25	1.19602875553248e-11	0.799999992047771	-7.93726599068912e-09	64.4295334042482	0.200000000009568
6.225	37.25	1.29974275971143e-11	0.799999991898006	-7.8002172134162e-09	64.4055334044879	0.200000000010398
6.375	37.25	1.33690888251016e-11	0.799999991750891	-7.66076025073557e-09	64.3815334047319	0.200000000010695
6.525	37.25	1.27310738918824e-11	0.799999991606957	-7.51908631368551e-09	64.3575334049802	0.200000000010185
6.675	37.25	1.06674609535905e-11	0.7999999914663	-7.37534991875044e-09	64.333533405233	0.200000000008534
6.825	37.25	6.69303678549112e-12	0.799999991328688	-7.22931186357649e-09	64.3095334054902	0.200000000005354
6.975	37.25	2.62383951454015e-13	0.799999991194923	-7.08146188000702e-09	64.285533405752	0.20000000000021
7.125	37.25	-9.21227795089291e-12	0.799999991063412	-6.93155348868126e-09	64.2615334060185	0.19999999999263
7.275	37.25	-2.23322054014303e-11	0.799999990936741	-6.77982857780176e-09	64.2375334062899	0.199999999982134
7.425	37.25	-3.96698102416066e-11	0.799999990812398	-6.62630785850694e-09	64.2135334065666	0.199999999968264
7.575	37.25	-6.17105581032889e-11	0.799999990691898	-6.47099735734256e-09	64.1895334068488	0.199999999950632
7.725	37.25	-8.87769675968617e-11	0.799999990575496	-6.31406701522322e-09	64.1655334071369	0.199999999928978
7.875	37.25	-1.20933061681009e-10	0.799999990462326	-6.15553835872284e-09	64.1415334074313	0.199999999903254
8.025	37.25	-1.5786839086226e-10	0.799999990353717	-5.99559033941086e-09	64.1175334077324	0.199999999873705
8.175	37.25	-1.98761870600674e-10	0.799999990248812	-5.83409367397444e-09	64.0935334080404	0.199999999840991
8.325	37.25	-2.42127205360864e-10	0.799999990148339	-5.67122823711938e-09	64.0695334083556	0.199999999806298
8.475	37.25	-2.856436517869e-10	0.79999999005227	-5.50714015473387e-09	64.045533408678	0.199999999771485
8.625	37.25	-3.25978332016034e-10	0.79999998996072	-5.34181742324143e-09	64.0215334090073	0.199999999739217
8.775	37.25	-3.58609250458509e-10	0.799999989874108	-5.17530650322901e-09	63.997533409343	0.199999999713113
8.925	37.25	-3.77661570065215e-10	0.799999989792044	-5.00776475117459e-09	63.9735334096837	0.199999999697871
9.075	37.25	-3.75773504467157e-10	0.799999989715423	-4.83929223934248e-09	63.9495334100279	0.199999999699381
9.225	37.25	-3.4401227252405e-10	0.79999998964307	-4.66987373458945e-09	63.925533410373	0.19999999972479
9.375	37.25	-2.71864778070252e-10	0.79999998957616	-4.49961878403178e-09	63.9015334107154	0.199999999782508
9.525	37.25	-1.47331796237391e-10	0.799999989513765	-4.32853010187052e-09	63.8775334110506	0.199999999882135
9.675	37.25	4.28418233063813e-11	0.799999989455842	-4.15673115841352e-09	63.8535334113729	0.200000000034273
9.825	37.25	3.12765446441172e-10	0.799999989401917	-3.98438532557216e-09	63.829533411675	0.200000000250212
9.975	37.25	6.76792148478722e-10	0.799999989351074	-3.81145533255252e-09	63.8055334119487	0.200000000541434
10.125	37.25	1.1486619941561e-09	0.799999989302551	-3.6380368004437e-09	63.781533412184	0.20000000091893
10.275	37.25	1.74036377582522e-09	0.799999989255394	-3.46426256537283e-09	63.75753341237	0.200000001392291
10.425	37.25	2.46068477035413e-09	0.79999998920799	-3.29012746143193e-09	63.7335334124946	0.200000001968548
10.575	37.25	3.31342635687126e-09	0.79999998915856	-3.115664916809e-09	63.7095334125451	0.200000002650741
10.725	37.25	4.29527558654415e-09	0.799999989105091	-2.94114386830444e-09	63.6855334125089	0.20000000343622
10.875	37.25	5.39333953064474e-09	0.799999989045722	-2.76636642188215e-09	63.6615334123741	0.200000004314672
11.025	37.25	6.58237086906928e-09	0.799999988977489	-2.59163247645357e-09	63.6375334121306	0.200000005265897
11.175	37.25	7.82173998059632e-09	0.799999988898291	-2.41687444666121e-09	63.6135334117716	0.200000006257392
11.325	37.25	9.05224081085517e-09	0.799999988805188	-2.24234596820009e-09	63.5895334112949	0.200000007241793
11.475	37.25	1.01928548108548e-08	0.799999988695957	-2.0677787170919e-09	63.5655334107053	0.200000008154284
11.625	37.25	1.11376387222028e-08	0.799999988568231	-1.89359827863928e-09	63.5415334100162	0.200000008910111
11.775	37.25	1.17529470268067e-08	0.799999988420353	-1.71962524691917e-09	63.5175334092527	0.200000009402358
11.925	37.25	1.18752471598688e-08	0.799999988250947	-1.54607443879908e-09	63.4935334084544	0.200000009500198
12.075	37.25	1.13098333518323e-08	0.799999988060266	-1.37291118159118e-09	63.4695334076776	0.200000009047867
12.225	37.25	9.8307910331987e-09	0.799999987849777	-1.2002728183131e-09	63.4455334069993	0.200000007864633
12.375	37.25	7.18260552102749e-09	0.799999987621767	-1.02818874009958e-09	63.4215334065191	0.200000005746084
12.525	37.25	3.08384329970992e-09	0.799999987381478	-8.5671487215669e-10	63.3975334063629	0.200000002467075
12.675	37.25	-2.76664149962969e-09	0.799999987136729	-6.8584337431873e-10	63.3735334066841	0.199999997786687
12.825	37.25	-1.0680511952984e-08	0.799999986897043	-5.15807836079825e-10	63.3495334076659	0.19999999145559
12.975	37.25	-2.09673065155575e-08	0.79999998667559	-3.46578074888883e-10	63.325533409521	0.199999983226155
13.125	37.25	-3.39179165769744e-08	0.799999986489265	-1.78152455621216e-10	63.3015334124911	0.199999972865667
13.275	37.25	-4.97837934639605e-08	0.799999986358282	-1.07290481027174e-11	63.2775334168439	0.199999960172965
13.425	37.25	-6.8751558599678e-08	0.79999998630679	1.55702520923992e-10	63.2535334228681	0.199999944998753
13.575	37.25	-9.09127712798504e-08	0.799999986362662	3.21181567736797e-10	63.2295334308658	0.199999927269783
13.725	37.25	-1.1622870073908e-07	0.799999986558488	4.85462038044635e-10	63.2055334411416	0.199999907017039
13.875	37.25	-1.44490043033617e-07	0.799999986930424	6.48645918418616e-10	63.1815334539882	0.199999884407966
14.025	37.25	-1.75271603484027e-07	0.799999987518485	8.10573879608139e-10	63.1575334696678	0.199999859782717
14.175	37.25	-2.07882009616199e-07	0.799999988366827	9.71321088795836e-10	63.1335334883892	0.199999833694392
14.325	37.25	-2.41308496229423e-07	0.79999998952372	1.13066751856827e-09	63.1095335102792	0.199999806953203
14.475	37.25	-2.7415667018196e-07	0.79999999104161	1.28871130902645e-09	63.085533535349	0.199999780674664
14.625	37.25	-3.0458485949765e-07	0.79999999297791	1.44528966175225e-09	63.0615335634547	0.199999756332112
14.775	37.25	-3.30232101815878e-07	0.799999995397325	1.60044594565217e-09	63.0375335942506	0.199999735814319
14.925	37.25	-3.4813792832848e-07	0.799999998372263	1.75403592180556e-09	63.0135336271355	0.199999721489657
15.075	37.25	-3.54650715704099e-07	0.800000001990069	1.90615887792499e-09	62.9895336611908	0.199999716279427
15.225	37.25	-3.45319331884577e-07	0.800000006356914	2.05656136640482e-09	62.965533695109	0.199999723744534
15.375	37.25	-3.14759857541526e-07	0.80000001160947	2.20526052773285e-09	62.9415337271107	0.199999748192114
15.525	37.25	-2.56485014764789e-07	0.800000017928327	2.35240056365156e-09	62.9175337548463	0.199999794811988
15.675	37.25	-1.62678170966951e-07	0.800000025559552	2.49773537963469e-09	62.8935337752801	0.199999869857463
15.825	37.25	-2.38858696587691e-08	0.800000034843468	2.64133577343949e-09	62.869533784547	0.199999980891304
15.975	37.25	1.71407947937171e-07	0.800000046256776	2.78297452410138e-09	62.8455337777756	0.200000137126358
16.125	37.25	4.37377488623223e-07	0.800000060468467	2.9228603110064e-09	62.8215337488612	0.200000349901991
16.275	37.25	7.91691630808377e-07	0.800000078418846	3.06083412723218e-09	62.797533690171	0.200000633353305
16.425	37.25	1.2566892598919e-06	0.800000101425739	3.19690563686436e-09	62.7735335921513	0.200001005351408
16.575	37.25	1.86102706859111e-06	0.800000131330841	3.33088170965234e-09	62.7495334428011	0.200001488821655
16.725	37.25	2.64198156879571e-06	0.800000170696039	3.46287558835767e-09	62.7255332269542	0.200002113585255
16.875	37.25	3.64865149513483e-06	0.800000223068926	3.59283660362169e-09	62.7015329252987	0.200002918921196
17.025	37.25	4.94639298129411e-06	0.80000029334171	3.72062489405368e-09	62.6775325130288	0.200003957114385
17.175	37.25	6.62293528698077e-06	0.800000388232718	3.84637956873058e-09	62.6535319579904	0.20000529834823
17.325	37.25	8.7967799027645e-06	0.800000516936166	3.96993584468331e-09	62.6295312181306	0.200007037423922
17.475	37.25	1.16286954214363e-05	0.800000691999943	4.09128303850661e-09	62.6055302379914	0.200009302956337
17.625	37.25	1.5337405252262e-05	0.800000930510634	4.21047382296916e-09	62.5815289438992	0.200012269924202
17.775	37.25	2.02209520393316e-05	0.80000125569678	4.32745217411421e-09	62.5575272373756	0.200016176761631
17.925	37.25	2.6685744138846e-05	0.800001699084889	4.44196795408346e-09	62.5335249861285	0.200021348595311
18.075	37.25	3.52859828084739e-05	0.800002303379308	4.55413684181627e-09	62.5095220117567	0.200028228786247
18.225	37.25	4.6777077832314e-05	0.800003126289832	4.66413712021756e-09	62.4855180729975	0.200037421662266
18.375	37.25	6.21878484106756e-05	0.800004245618202	4.77154929793399e-09	62.4615128429453	0.200049750278729
18.525	37.25	8.29178915901769e-05	0.800005766086678	4.87647842766273e-09	62.4375058781302	0.200066334313272
18.675	37.25	0.000110868697862763	0.800007828668107	4.97885987216041e-09	62.4134965766301	0.20008869495829
18.825	37.25	0.000148620253902556	0.800010623521992	5.07856602563942e-09	62.3894841214118	0.200118896203122
18.975	37.25	0.000199669452696025	0.800014407967838	5.17556703835623e-09	62.3654674037511	0.200159735562157
19.125	37.25	0.00026875303999874	0.800019530933607	5.26973704655639e-09	62.3414449197084	0.200215002431999
19.275	37.25	0.000362286151784406	0.800026464921194	5.36085780252226e-09	62.3174146300517	0.200289828921428
19.425	37.25	0.000488957296658914	0.800035845809416	5.44867538254018e-09	62.2933737705709	0.200391165837327
19.575	37.25	0.000660531177860333	0.80004852074882	5.53288618972009e-09	62.2693185952957	0.200528424942288
19.725	37.25	0.000892922193215311	0.800065606674342	5.61318087702533e-09	62.2452440296479	0.200714337754572
19.875	37.25	0.00120761710455582	0.800088568403218	5.6888412920455e-09	62.2211432037745	0.200966093683645
20.025	37.25	0.00163355409156663	0.800119335703357	5.75918766061746e-09	62.1970068273901	0.201306843273253
20.175	37.25	0.00220962175655493	0.800160488157644	5.82327088318228e-09	62.1728223544608	0.201767697405244
20.325	37.25	0.00298804032036563	0.800215533397705	5.8798283856747e-09	62.148572865615	0.202390432256293
20.475	37.25	0.00403902959846921	0.800289272035619	5.92709164162493e-09	62.12423556415	0.203231223678775
20.625	37.25	0.00545732365359933	0.800388169284682	5.96278041944934e-09	62.0997797351991	0.204365858922879
20.775	37.25	0.00737118395863778	0.800520545086419	5.98381785707573e-09	62.0751639594438	0.20589694716691
20.925	37.25	0.00995447742236757	0.800696288363624	5.98664028984804e-09	62.0503323142858	0.207963581937894
21.075	37.25	0.0134420119854669	0.800925760498464	5.96623232803649e-09	62.025209258992	0.210753609588374
21.225	37.25	0.0181476175715068	0.801217641325476	5.91687446416068e-09	61.9996929157746	0.214518094057205
21.375	37.25	0.0244834934919219	0.801575707314164	5.83186462747388e-09	61.9736465545894	0.219586794793537
21.525	37.25	0.0329782629037786	0.801994870527889	5.70450526454693e-09	61.9468882836686	0.226382610323023
21.675	37.25	0.0442900721332176	0.802457172728686	5.52884052516242e-09	61.9191792469127	0.235432057706574
21.825	37.25	0.0592098317909074	0.802928784658735	5.30172818693662e-09	61.8902110406495	0.247367865432726
21.975	37.25	0.0786480164689861	0.803359397886796	5.02369446277691e-09	61.859593613046	0.262918413175189
22.125	37.25	0.103596190429439	0.803685580951883	4.70095553590062e-09	61.826845647219	0.282876952343551
22.275	37.25	0.135052302696514	0.803839326061717	4.34511067077085e-09	61.7913903747114	0.308041842157212
22.425	37.25	0.173898993482548	0.803761742141639	3.97194102593501e-09	61.7525608031794	0.339119194786038
22.575	37.25	0.220730584827763	0.803419693711872	3.59932507767577e-09	61.7096190642729	0.376584467862211
22.725	37.25	0.275641526678851	0.8028207905386	3.24402647217856e-09	61.6617941898315	0.420513221343081
22.875	37.25	0.338017856199706	0.802020578634481	2.91954012019573e-09	61.6083400372357	0.470414284959765
23.025	37.25	0.406404723264612	0.801116451444845	2.63452569160899e-09	61.5486096087251	0.525123778611689
23.175	37.25	0.478534572141478	0.800226929486755	2.39310990560651e-09	61.4821344478085	0.582827657713182
23.325	37.25	0.551566086608375	0.799461971963025	2.19522122453356e-09	61.4086912926396	0.6412528692867
23.475	37.25	0.62250130780142	0.798895930625923	2.03798564892098e-09	61.3283372627864	0.698001046241136
23.625	37.25	0.688659257752175	0.798554410778129	1.91681522919517e-09	61.2414022340152	0.75092740620174
23.775	37.25	0.74805181008014	0.798418744374715	1.8265126461654e-09	61.1484403450675	0.798441448064112
23.925	37.25	0.799557781044466	0.798442569452735	1.76186360824854e-09	61.0501550484892	0.839646224835572
24.075	37.25	0.842886470299487	0.798570850210031	1.71799742797278e-09	60.9473175583108	0.87430917623959
24.225	37.25	0.878398155956515	0.798753961825639	1.69071256184438e-09	60.8406957018243	0.902718524765212
24.375	37.25	0.90687210036278	0.798954492607921	1.67647092335381e-09	60.7310025588899	0.925497680290224
24.525	37.25	0.92929219809592	0.799148196016446	1.6723504139517e-09	60.6188665429545	0.943433758476736
24.675	37.25	0.946685094027123	0.799321772363366	1.67596053001477e-09	60.5048195430456	0.957348075221699
24.825	37.25	0.960016774598737	0.79946969180563	1.68543912956649e-09	60.389297794878	0.96801341967899
24.975	37.25	0.970138073044175	0.799591292493912	1.69931389483511e-09	60.2726503259573	0.97611045843534
25.125	37.25	0.97776476920754	0.799688596597979	1.71641593387101e-09	60.1551509679549	0.982211815366032
25.275	37.25	0.983479107265307	0.799764851496135	1.7358453511061e-09	60.0370112494997	0.986783285812246
25.425	37.25	0.987742791103961	0.799823640221781	1.75693299584715e-09	59.918392591544	0.990194232883168
25.575	37.25	0.990914817863255	0.799868386153988	1.77911599339931e-09	59.7994170227383	0.992731854290604
25.725	37.25	0.993270126787505	0.799902111065807	1.8020418580239e-09	59.6801761436915	0.994616101430004
25.875	37.25	0.995016874802093	0.799927347465414	1.82538487786035e-09	59.5607383669682	0.996013499841674
26.025	37.25	0.996311339959556	0.799946139733643	1.8489266194344e-09	59.441154612601	0.997049071967645
26.175	37.25	0.997270176122113	0.799960091874249	1.87252756953212e-09	59.3214627000945	0.997816140897691
26.325	37.25	0.997980145941416	0.799970435197316	1.89600587554915e-09	59.2016906850772	0.998384116753133
26.475	37.25	0.998505654704589	0.799978099659506	1.91932509455155e-09	59.0818593671826	0.998804523763671
26.625	37.25	0.99889447335613	0.79998377971257	1.94237420786069e-09	58.9619841616217	0.999115578684904
26.775	37.25	0.999182029807072	0.799987990368582	1.9651443191113e-09	58.8420764900808	0.999345623845657
26.925	37.25	0.999394600869207	0.799991112334528	1.98756665195535e-09	58.7221448124305	0.999515680695365
27.075	37.25	0.999551676930477	0.79999342690911	2.00965394843875e-09	58.6021953917222	0.999641341544382
27.225	37.25	0.999667711987106	0.799995142203819	2.03135452583763e-09	58.4822328616799	0.999734169589685
27.375	37.25	0.99975341990843	0.799996412490813	2.05266069417246e-09	58.3622606479721	0.999802735926744
27.525	37.25	0.999816736207111	0.799997352347466	2.07358173409422e-09	58.2422812810979	0.999853388965689
27.675	37.25	0.999863532816407	0.799998046980137	2.0941375827497e-09	58.1222966287997	0.999890826253125
27.825	37.25	0.999898149900143	0.799998559784726	2.11423508739122e-09	58.0023080686392	0.999918519920114
27.975	37.25	0.999923791678146	0.799998937918536	2.13395442676813e-09	57.8823166160482	0.999939033342517
28.125	37.25	0.999942820940897	0.799999216432286	2.15328441173425e-09	57.762323019242	0.999954256752717
28.275	37.25	0.999956977996925	0.799999421349703	2.17221190559802e-09	57.6423278294871	0.99996558239754
28.425	37.25	0.999967543255852	0.79999957196885	2.19073895669197e-09	57.5223314530557	0.999974034604682
28.575	37.25	0.999975457806039	0.799999682583181	2.20887562741899e-09	57.402334189588	0.999980366244831
28.725	37.25	0.999981412728955	0.799999763766854	2.22663319666135e-09	57.2823362603801	0.999985130183164
28.875	37.25	0.999985915176904	0.799999823333332	2.24400322488013e-09	57.162337829213	0.999988732141523
29.025	37.25	0.999989337201664	0.799999867049004	2.26100817470074e-09	57.0423390176656	0.999991469761331
29.175	37.25	0.999991951790861	0.79999989916333	2.27764518193139e-09	56.9223399163552	0.999993561432689
29.325	37.25	0.999993959424968	0.799999922802241	2.29390115662131e-09	56.8023405931726	0.999995167539974
29.475	37.25	0.999995507614436	0.799999940260703	2.3097857383747e-09	56.6823410993048	0.999996406091549
29.625	37.25	0.999996705242183	0.799999953219194	2.32532967521255e-09	56.5623414736323	0.999997364193746
29.775	37.25	0.999997633065886	0.7999999629044	2.34051552989354e-09	56.4423417459326	0.999998106452708
29.925	37.25	0.999998351385303	0.799999970208962	2.35537383936473e-09	56.3223419392123	0.999998681108243
30.075	37.25	0.999998905620675	0.799999975779695	2.36985838226421e-09	56.2023420714039	0.99999912449654
30.225	37.25	0.999999330355722	0.799999980083559	2.38404024460375e-09	56.0823421565993	0.999999464284578
30.375	37.25	0.999999652255995	0.799999983456171	2.39787872940955e-09	55.9623422059505	0.999999721804796
30.525	37.25	0.99999989216661	0.799999986137969	2.41140143544187e-09	55.8423422283293	0.999999913733288
30.675	37.25	1.00000006661443	0.799999988300411	2.42457987863065e-09	55.7223422308132	1.00000005329155
30.825	37.25	1.00000018888044	0.79999999006593	2.43746197625481e-09	55.6023422190492	1.00000015110435
30.975	37.25	1.00000026976429	0.799999991521737	2.45003049886411e-09	55.4823421975283	1.00000021581143
31.125	37.25	1.00000031813024	0.799999992730656	2.46229898549697e-09	55.3623421697979	1.00000025450419
31.275	37.25	1.00000034129913	0.799999993738283	2.47427507232144e-09	55.2423421386282	1.00000027303931
31.425	37.25	1.00000034533335	0.799999994578325	2.48594959013903e-09	55.122342106147	1.00000027626668
31.575	37.25	1.00000033524795	0.799999995276537	2.49734947418786e-09	55.0023420739507	1.00000026819836
31.725	37.25	1.00000031517155	0.799999995853278	2.50847015887289e-09	54.8823420431964	1.00000025213724
31.875	37.25	1.00000028847336	0.799999996325189	2.51928297695352e-09	54.7623420146817	1.00000023077869
32.025	37.25	1.00000025786737	0.7999999967065	2.52983793464572e-09	54.642341988912	1.00000020629389
32.175	37.25	1.00000022550096	0.799999997009515	2.5401242755524e-09	54.5223419661593	1.00000018040077
32.325	37.25	1.00000019303282	0.799999997245613	2.55016810600689e-09	54.402341946513	1.00000015442626
32.475	37.25	1.00000016170283	0.799999997424838	2.55993690599996e-09	54.2823419299233	1.00000012936227
32.625	37.25	1.00000013239565	0.79999999755652	2.56947967679346e-09	54.1623419162386	1.00000010591652
32.775	37.25	1.00000010569876	0.799999997649121	2.57876079369588e-09	54.0423419052364	1.00000008455901
32.925	37.25	1.00000008195547	0.79999999771033	2.58778701694481e-09	53.9223418966497	1.00000006556438
33.075	37.25	1.00000006131279	0.799999997746972	2.59660335333656e-09	53.8023418901879	1.00000004905023
33.225	37.25	1.00000004376434	0.799999997765083	2.60516540283542e-09	53.6823418855536	1.00000003501147
33.375	37.25	1.00000002918824	0.799999997770007	2.61351691815923e-09	53.5623418824556	1.00000002335059
33.525	37.25	1.00000001737988	0.799999997766112	2.62161846367443e-09	53.4423418806184	1.0000000139039
33.675	37.25	1.00000000808002	0.799999997757231	2.62953477993824e-09	53.3223418797888	1.00000000646401
33.825	37.25	1.00000000099791	0.799999997746293	2.63723208237564e-09	53.2023418797399	1.00000000079833
33.975	37.25	0.999999995830296	0.799999997735655	2.64471727036131e-09	53.0823418802733	0.999999996664237
34.125	37.25	0.999999992276159	0.799999997727163	2.65198551932621e-09	52.9623418812198	0.999999993820927
34.275	37.25	0.9999999900479	0.799999997722114	2.65906949774386e-09	52.8423418824382	0.99999999203832
34.425	37.25	0.999999988879289	0.799999997721191	2.66596751307734e-09	52.722341883814	0.999999991103431
34.575	37.25	0.999999988530654	0.799999997725019	2.67267260338444e-09	52.602341885257	0.999999990824523
34.725	37.25	0.999999988791766	0.799999997733694	2.67917905306503e-09	52.4823418866986	0.999999991033412
34.875	37.25	0.999999989482823	0.799999997747124	2.68551372915076e-09	52.3623418880889	0.999999991586259
35.025	37.25	0.999999990454019	0.799999997765082	2.6916614529147e-09	52.2423418893938	0.999999992363216
35.175	37.25	0.999999991583967	0.799999997787123	2.69765239842903e-09	52.1223418905922	0.999999993267173
35.325	37.25	0.999999992777348	0.799999997812951	2.7034683014306e-09	52.0023418916735	0.999999994221878
35.475	37.25	0.999999993962099	0.799999997841859	2.70912983668627e-09	51.8823418926351	0.999999995169679
35.625	37.25	0.999999995086381	0.799999997873567	2.71462412206256e-09	51.7623418934802	0.999999996069105
35.775	37.25	0.999999996115382	0.799999997907439	2.71995969248559e-09	51.6423418942164	0.999999996892306
35.925	37.25	0.999999997028299	0.799999997943032	2.72514894761475e-09	51.5223418948539	0.999999997622639
36.075	37.25	0.999999997815472	0.79999999797996	2.73019649023814e-09	51.4023418954041	0.999999998252378
36.225	37.25	0.999999998475767	0.799999998017932	2.73508104940108e-09	51.2823418958793	0.999999998780613
36.375	37.25	0.999999999014308	0.799999998056461	2.73984401131396e-09	51.1623418962914	0.999999999211447
36.525	37.25	0.999999999440477	0.799999998095402	2.744455730879e-09	51.0423418966516	0.999999999552382
36.675	37.25	0.999999999766348	0.799999998134521	2.74895196949293e-09	50.9223418969702	0.999999999813079
36.825	37.25	1.00000000000535	0.79999999817368	2.75330884279869e-09	50.8023418972561	1.00000000000428
36.975	37.25	1.00000000017136	0.799999998212786	2.75754443138895e-09	50.6823418975171	1.00000000013709
37.125	37.25	1.00000000027791	0.799999998251661	2.76165369466752e-09	50.5623418977594	1.00000000022233
37.275	37.25	1.0000000003377	0.799999998290317	2.7656459294874e-09	50.4423418979882	1.00000000027016
37.425	37.25	1.00000000036184	0.799999998328457	2.7695156361115e-09	50.3223418982075	1.00000000028947
37.575	37.25	1.00000000035914	0.799999998366238	2.77329555895275e-09	50.2023418984202	1.00000000028731
37.725	37.25	1.00000000033566	0.799999998403563	2.77693906213999e-09	50.0823418986287	1.00000000026853
37.875	37.25	1.00000000029552	0.799999998441208	2.78049144703024e-09	49.9623418988347	1.00000000023642
38.025	37.25	1.00000000024452	0.79999999848007	2.78394600091189e-09	49.8423418990396	1.00000000019562
38.175	37.25	1.00000000019656	0.799999998520907	2.78727919261156e-09	49.7223418992438	1.00000000015725
38.325	37.25	1.00000000017804	0.799999998562137	2.79053643736485e-09	49.6023418994456	1.00000000014243
38.475	37.25	1.0000000002182	0.799999998597628	2.79368979568566e-09	49.482341899641	1.00000000017456
38.625	37.25	1.00000000031038	0.799999998616755	2.79676447888587e-09	49.3623418998245	1.0000000002483
38.775	37.25	1.00000000034601	0.799999998613015	2.79973377840066e-09	49.2423418999963	1.00000000027681
38.925	37.25	1.00000000007386	0.799999998604342	2.80263438135706e-09	49.1223419001741	1.00000000005909
39.075	37.25	0.999999999212024	0.799999998656912	2.8054443764658e-09	49.0023419004009	0.999999999369619
39.225	37.25	0.999999997861579	0.799999998879648	2.80818015289617e-09	48.8823419007283	0.999999998289263
39.375	37.25	0.999999997187151	0.799999999333769	2.81083784427169e-09	48.7623419011476	0.999999997749721
39.525	37.25	0.999999999800258	0.79999999982596	2.81341913831396e-09	48.6423419014683	0.999999999840206
39.675	37.25	1.00000000854989	0.799999999677411	2.81592681662611e-09	48.5223419012381	1.00000000683991
39.825	37.25	1.00000002228111	0.79999999780561	2.81836662957919e-09	48.4023418999235	1.00000001782489
39.975	37.25	1.00000002906865	0.799999993646909	2.82074051082153e-09	48.2823418976185	1.00000002325492
40.125	37.25	1.00000000269436	0.799999989186039	2.82304919190387e-09	48.1623418962483	1.00000000215549
40.275	37.25	0.999999915051607	0.799999991099792	2.82527956963449e-09	48.0423419003454	0.999999932041285
40.425	37.25	0.99999977787522	0.800000009773441	2.82747416250862e-09	47.9223419152284	0.999999822300176
40.575	37.25	0.99999970764997	0.800000050312268	2.8295929294545e-09	47.8023419400613	0.999999766119976
40.725	37.25	0.999999957517796	0.800000093527687	2.83164673606907e-09	47.682341956266	0.999999966014237
40.875	37.25	1.00000079734944	0.800000076734344	2.83366605108506e-09	47.5623419201596	1.00000063787956
41.025	37.25	1.00000212196185	0.799999904218166	2.8356279735002e-09	47.4423417801546	1.00000169756948
41.175	37.25	1.00000285290253	0.799999530088711	2.83752184176494e-09	47.3223415414776	1.00000228232203
41.325	37.25	1.00000065163094	0.79999912783776	2.83937960125367e-09	47.202341373371	1.00000052130475
41.475	37.25	0.999993003857973	0.799999255395831	2.84120580197941e-09	47.0823416780132	0.999994403086379
41.625	37.25	0.999980706637778	0.800000756004221	2.8429889010164e-09	46.9623429400103	0.999984565310223
41.775	37.25	0.999973138464106	0.80000404063303	2.84472012803771e-09	46.842345155541	0.999978510771285
41.925	37.25	0.999990827520901	0.800007657552574	2.84635545786366e-09	46.7223468852613	0.999992662016721
42.075	37.25	1.0000563795365	0.800006936177178	2.84783624236093e-09	46.6023446194081	1.0000451036292
42.225	37.25	1.00016528886133	0.799994824056238	2.84917758525154e-09	46.4823339794433	1.00013223108907
42.375	37.25	1.00024184955243	0.799967674132542	2.85053788951091e-09	46.3623144369352	1.00019347964194
42.525	37.25	1.00011633628386	0.799936550414462	2.85233127793728e-09	46.2422972439659	1.00009306902709
42.675	37.25	0.999594226904139	0.799937860617123	2.85499003780235e-09	46.1223111370159	0.999675381523311
42.825	37.25	0.998683926302974	0.800027372414384	2.85850645338932e-09	46.0023937881637	0.998947141042379
42.975	37.25	0.997944673225135	0.800237006801256	2.86160308647626e-09	45.8825556200873	0.998355738580108
43.125	37.25	0.998684258979307	0.800490005443799	2.86129475039327e-09	45.7627174257744	0.998947407183446
43.275	37.25	1.00248296175521	0.800522975123924	2.85394626100003e-09	45.642661395463	1.00198636940417
43.425	37.25	1.00955927622578	0.799934825559453	2.83917566816777e-09	45.5220834929337	1.00764742098062
43.575	37.25	1.01623380735212	0.798479881602484	2.82540817331809e-09	45.4008457162847	1.0129870458817
43.725	37.25	1.01328677097409	0.796573391834193	2.83312977450673e-09	45.2794285599956	1.01062941677928
43.875	37.25	0.988680897763255	0.795833250636568	2.89059206301647e-09	45.1593335655613	0.990944718210604
44.025	37.25	0.938367896714502	0.799351007321741	3.01431377171085e-09	45.0428405331072	0.950694317371602
44.175	37.25	0.884673133584394	0.810192428725746	3.15849120324176e-09	44.9313520274875	0.907738506867515
44.325	37.25	0.889127901647523	0.824441952921126	3.14757621799438e-09	44.8222076734492	0.911302321318018
44.475	37.25	1.03257195117205	0.826489829182066	2.79642015925715e-09	44.7059572678409	1.02605756093764
44.625	37.25	1.34924434139994	0.808622133147262	2.24284700223404e-09	44.5677998319681	1.27939547311995
44.775	37.25	1.76408811741858	0.709537047658973	1.78070307373011e-09	44.3955930188569	1.61127049393486
44.925	37.25	2.1115450654889	0.834636814342571	1.51852824228057e-09	44.2248229991941	1.88923605239112
0.075	37.75	3.47473592154327e-16	0.399999999896189	-1.01919536025478e-08	65.38953340019	0.2
0.225	37.75	1.0979649918587e-15	0.799999999688702	-1.01883219207697e-08	65.3655334001962	0.200000000000001
0.375	37.75	2.54818928719479e-15	0.799999999481316	-1.01811369802678e-08	65.3415334002087	0.200000000000002
0.525	37.75	4.61626582687234e-15	0.799999999274254	-1.01703509562649e-08	65.3175334002274	0.200000000000004
0.675	37.75	7.1488169812511e-15	0.799999999067004	-1.01559428601627e-08	65.2935334002522	0.200000000000006
0.825	37.75	9.93588429245439e-15	0.799999998860919	-1.01380436245431e-08	65.2695334002833	0.200000000000008
0.975	37.75	1.27379704060114e-14	0.799999998654726	-1.01165407531546e-08	65.2455334003206	0.20000000000001
1.125	37.75	1.52997074493371e-14	0.799999998449044	-1.00914599685496e-08	65.221533400364	0.200000000000012
1.275	37.75	1.73403388538411e-14	0.79999999824444	-1.00628517795032e-08	65.1975334004136	0.200000000000014
1.425	37.75	1.85241247799014e-14	0.799999998040156	-1.00306549975109e-08	65.1735334004694	0.200000000000015
1.575	37.75	1.84215048565004e-14	0.799999997836952	-9.99490651029468e-09	65.1495334005312	0.200000000000015
1.725	37.75	1.64738684894596e-14	0.799999997634396	-9.95571982363339e-09	65.1255334005992	0.200000000000013
1.875	37.75	1.19727217264236e-14	0.799999997432582	-9.9131368964693e-09	65.1015334006732	0.20000000000001
2.025	37.75	4.06047186725064e-15	0.799999997232469	-9.86708571336273e-09	65.0775334007532	0.200000000000003
2.175	37.75	-8.24291958619977e-15	0.799999997033153	-9.81748828994548e-09	65.0535334008392	0.199999999999993
2.325	37.75	-2.59845092040375e-14	0.799999996834865	-9.76460248693799e-09	65.0295334009312	0.199999999999979
2.475	37.75	-5.01910923200796e-14	0.799999996637912	-9.7083080548656e-09	65.0055334010291	0.19999999999996
2.625	37.75	-8.17460218559278e-14	0.799999996442643	-9.64862829844168e-09	64.9815334011329	0.199999999999935
2.775	37.75	-1.21225243112661e-13	0.799999996248604	-9.58570001485937e-09	64.9575334012426	0.199999999999903
2.925	37.75	-1.68687693463889e-13	0.79999999605579	-9.51946128294975e-09	64.933533401358	0.199999999999865
3.075	37.75	-2.2341664984207e-13	0.799999995864908	-9.45005701810914e-09	64.9095334014793	0.199999999999821
3.225	37.75	-2.83611672555639e-13	0.79999999567557	-9.37738820729019e-09	64.8855334016062	0.199999999999773
3.375	37.75	-3.46035690924188e-13	0.799999995487892	-9.30140980119037e-09	64.8615334017388	0.199999999999723
3.525	37.75	-4.05628545702296e-13	0.799999995302475	-9.22242958696334e-09	64.837533401877	0.199999999999676
3.675	37.75	-4.55107088079855e-13	0.799999995118515	-9.14037820300539e-09	64.8135334020207	0.199999999999636
3.825	37.75	-4.8458270647265e-13	0.799999994936288	-9.05519625016646e-09	64.78953340217	0.199999999999612
3.975	37.75	-4.81239935842465e-13	0.799999994756311	-8.96700534881971e-09	64.7655334023246	0.199999999999615
4.125	37.75	-4.29134298372153e-13	0.799999994578706	-8.87598014285216e-09	64.7415334024847	0.199999999999657
4.275	37.75	-3.09183361990378e-13	0.799999994403046	-8.78198769717893e-09	64.71753340265	0.199999999999753
4.425	37.75	-9.94413015436762e-14	0.79999999422964	-8.68518368455139e-09	64.6935334028205	0.19999999999992
4.575	37.75	2.24237052961531e-13	0.799999994058434	-8.58545593831534e-09	64.6695334029962	0.200000000000179
4.725	37.75	6.87023343582786e-13	0.799999993889493	-8.48296324999811e-09	64.645533403177	0.20000000000055
4.875	37.75	1.31330563430168e-12	0.799999993722959	-8.37778694379017e-09	64.6215334033627	0.200000000001051
5.025	37.75	2.12411095218851e-12	0.799999993559037	-8.26993395628234e-09	64.5975334035534	0.200000000001699
5.175	37.75	3.13363846225661e-12	0.799999993397502	-8.15942263579481e-09	64.5735334037488	0.200000000002507
5.325	37.75	4.34480356551788e-12	0.799999993238419	-8.04650418981364e-09	64.5495334039489	0.200000000003476
5.475	37.75	5.74373326240334e-12	0.799999993082455	-7.93096241019347e-09	64.5255334041536	0.200000000004595
5.625	37.75	7.2932153960328e-12	0.799999992928718	-7.81303568742882e-09	64.5015334043629	0.200000000005835
5.775	37.75	8.92519281927097e-12	0.799999992777707	-7.6927097945733e-09	64.4775334045765	0.20000000000714
5.925	37.75	1.05325120833891e-11	0.799999992629375	-7.57009327603904e-09	64.4535334047945	0.200000000008426
6.075	37.75	1.19602875514479e-11	0.799999992483944	-7.44521477290347e-09	64.4295334050167	0.200000000009568
6.225	37.75	1.29974275956472e-11	0.799999992341363	-7.31815384735879e-09	64.4055334052432	0.200000000010398
6.375	37.75	1.3369088824323e-11	0.799999992201461	-7.18872410852007e-09	64.3815334054737	0.200000000010695
6.525	37.75	1.27310738954834e-11	0.799999992064849	-7.0574922210588e-09	64.3575334057085	0.200000000010185
6.675	37.75	1.06674609600856e-11	0.799999991930982	-6.92406490887222e-09	64.3335334059474	0.200000000008534
6.825	37.75	6.69303679926488e-12	0.799999991800417	-6.78889012527635e-09	64.3095334061906	0.200000000005354
6.975	37.75	2.62383971211443e-13	0.799999991672019	-6.65163005674533e-09	64.2855334064381	0.20000000000021
7.125	37.75	-9.21227792015569e-12	0.799999991547593	-6.51266880649162e-09	64.2615334066902	0.19999999999263
7.275	37.75	-2.23322053610901e-11	0.799999991426498	-6.37187377750317e-09	64.237533406947	0.199999999982134
7.425	37.75	-3.96698101863984e-11	0.79999999130784	-6.22951855294678e-09	64.2135334072089	0.199999999968264
7.575	37.75	-6.17105580353011e-11	0.799999991192636	-6.085426783008e-09	64.1895334074762	0.199999999950632
7.725	37.75	-8.87769675113019e-11	0.799999991081936	-5.93975829072832e-09	64.1655334077492	0.199999999928978
7.875	37.75	-1.20933061581792e-10	0.799999990973711	-5.79274145278913e-09	64.1415334080283	0.199999999903254
8.025	37.75	-1.57868390746339e-10	0.799999990869375	-5.64409106591878e-09	64.117533408314	0.199999999873705
8.175	37.75	-1.98761870475473e-10	0.799999990769234	-5.49420008260973e-09	64.0935334086065	0.199999999840991
8.325	37.75	-2.42127205226955e-10	0.799999990673321	-5.34302846032516e-09	64.069533408906	0.199999999806298
8.475	37.75	-2.85643651657384e-10	0.799999990581141	-5.19056612075871e-09	64.0455334092126	0.199999999771485
8.625	37.75	-3.25978331897402e-10	0.799999990493419	-5.0370371123289e-09	64.021533409526	0.199999999739217
8.775	37.75	-3.58609250372056e-10	0.79999999041022	-4.88239324455128e-09	63.9975334098456	0.199999999713113
8.925	37.75	-3.77661570025866e-10	0.799999990331883	-4.7267663880534e-09	63.9735334101702	0.199999999697871
9.075	37.75	-3.75773504506444e-10	0.799999990257752	-4.57015558030152e-09	63.9495334104982	0.199999999699381
9.225	37.75	-3.44012272666942e-10	0.799999990188865	-4.41268079944684e-09	63.9255334108269	0.19999999972479
9.375	37.75	-2.71864778359411e-10	0.799999990124245	-4.25437437443116e-09	63.9015334111529	0.199999999782508
9.525	37.75	-1.47331796707774e-10	0.799999990064439	-4.09535820130574e-09	63.8775334114716	0.199999999882135
9.675	37.75	4.28418226031059e-11	0.799999990008721	-3.93563744320436e-09	63.8535334117773	0.200000000034273
9.825	37.75	3.12765445463789e-10	0.79999998995656	-3.77529571811182e-09	63.8295334120629	0.200000000250212
9.975	37.75	6.76792147173242e-10	0.799999989907503	-3.614467388457e-09	63.8055334123199	0.200000000541434
10.125	37.75	1.1486619924843e-09	0.79999998986055	-3.4532032518394e-09	63.7815334125385	0.20000000091893
10.275	37.75	1.74036377374429e-09	0.79999998981457	-3.29143954303347e-09	63.7575334127077	0.200000001392291
10.425	37.75	2.46068476784515e-09	0.799999989768067	-3.12938285981327e-09	63.7335334128155	0.200000001968548
10.575	37.75	3.31342635392448e-09	0.799999989719393	-2.9671218611807e-09	63.7095334128492	0.200000002650741
10.725	37.75	4.29527558318517e-09	0.799999989666529	-2.80452450078646e-09	63.6855334127961	0.20000000343622
10.875	37.75	5.39333952692814e-09	0.799999989607494	-2.64185028676325e-09	63.6615334126445	0.200000004314672
11.025	37.75	6.58237086509733e-09	0.799999989539257	-2.47920344579628e-09	63.6375334123842	0.200000005265897
11.175	37.75	7.82173997652585e-09	0.799999989460057	-2.31649375855875e-09	63.6135334120083	0.200000006257392
11.325	37.75	9.05224080690619e-09	0.79999998936648	-2.15369754368674e-09	63.5895334115148	0.200000007241793
11.475	37.75	1.01928548073264e-08	0.799999989256856	-1.9912628159374e-09	63.5655334109083	0.200000008154284
11.625	37.75	1.11376387194699e-08	0.799999989128284	-1.82875254331023e-09	63.5415334102023	0.200000008910111
11.775	37.75	1.17529470253476e-08	0.79999998897923	-1.66663425201905e-09	63.5175334094221	0.200000009402358
11.925	37.75	1.18752471602417e-08	0.799999988808666	-1.50483041119048e-09	63.493533408607	0.200000009500198
12.075	37.75	1.13098333547084e-08	0.799999988616663	-1.34336601010578e-09	63.4695334078136	0.200000009047867
12.225	37.75	9.83079103932573e-09	0.799999988404347	-1.18231686207117e-09	63.4455334071185	0.200000007864633
12.375	37.75	7.18260553124716e-09	0.799999988174536	-1.02178193754176e-09	63.4215334066218	0.200000005746084
12.525	37.75	3.08384331492147e-09	0.799999987932514	-8.61776044126518e-10	63.397533406449	0.200000002467075
12.675	37.75	-2.76664147849405e-09	0.799999987685326	-7.02460928076878e-10	63.3735334067538	0.199999997786687
12.825	37.75	-1.06805119249705e-08	0.799999987443158	-5.43700732963873e-10	63.3495334077191	0.19999999145559
12.975	37.75	-2.09673064798013e-08	0.799999987219158	-3.85726088132836e-10	63.3255334095578	0.199999983226155
13.125	37.75	-3.39179165326437e-08	0.799999987029921	-2.28511611566511e-10	63.3015334125117	0.199999972865667
13.275	37.75	-4.97837934105005e-08	0.799999986895881	-7.20991012035853e-11	63.2775334168483	0.199999960172965
13.425	37.75	-6.87515585366575e-08	0.799999986841173	8.33800556600977e-11	63.2535334228564	0.199999944998753
13.575	37.75	-9.09127712073728e-08	0.799999986893721	2.37875970636905e-10	63.2295334308381	0.199999927269783
13.725	37.75	-1.16228700657476e-07	0.799999987085974	3.91482024641653e-10	63.205533441098	0.199999907017039
13.875	37.75	-1.44490042944072e-07	0.799999987454035	5.43981250660196e-10	63.1815334539289	0.199999884407966
14.025	37.75	-1.752716033881e-07	0.7999999880383	6.95380652258549e-10	63.1575334695929	0.199999859782717
14.175	37.75	-2.07882009516668e-07	0.799999988882525	8.4564845125317e-10	63.1335334882987	0.199999833694392
14.325	37.75	-2.41308496129617e-07	0.799999990035162	9.94699164154678e-10	63.1095335101733	0.199999806953203
14.475	37.75	-2.74156670086778e-07	0.799999991548456	1.14251585661663e-09	63.0855335352278	0.199999780674664
14.625	37.75	-3.04584859412735e-07	0.799999993480551	1.28901983992787e-09	63.0615335633184	0.199999756332112
14.775	37.75	-3.30232101748855e-07	0.79999999589478	1.43416757699122e-09	63.0375335940993	0.199999735814319
14.925	37.75	-3.4813792828802e-07	0.799999998865088	1.57797738868084e-09	63.0135336269693	0.199999721489657
15.075	37.75	-3.54650715701125e-07	0.800000002477785	1.72029000536508e-09	62.9895336610099	0.199999716279427
15.225	37.75	-3.45319331931599e-07	0.800000006839358	1.86115673239765e-09	62.9655336949136	0.199999723744534
15.375	37.75	-3.14759857653632e-07	0.800000012086586	2.00059812542133e-09	62.9415337269008	0.199999748192114
15.525	37.75	-2.56485014959494e-07	0.800000018399861	2.1383159551325e-09	62.9175337546223	0.199999794811988
15.675	37.75	-1.62678171265049e-07	0.800000026025538	2.27449025435671e-09	62.893533775042	0.199999869857463
15.825	37.75	-2.38858700848368e-08	0.800000035303663	2.40904490904342e-09	62.869533784295	0.199999980891304
15.975	37.75	1.71407947353773e-07	0.800000046711169	2.54197749060727e-09	62.8455337775098	0.200000137126358
16.125	37.75	4.37377487846731e-07	0.800000060916708	2.67302754478878e-09	62.821533748582	0.20000034990199
16.275	37.75	7.91691629795201e-07	0.80000007886093	2.802439229723e-09	62.7975336898783	0.200000633353304
16.425	37.75	1.25668925858701e-06	0.800000101861602	2.93000405047879e-09	62.7735335918455	0.200001005351407
16.575	37.75	1.86102706692533e-06	0.800000131760335	3.05579005372686e-09	62.7495334424823	0.200001488821654
16.725	37.75	2.64198156667906e-06	0.800000171119094	3.17969996554567e-09	62.7255332266226	0.200002113585253
16.875	37.75	3.64865149245075e-06	0.800000223485228	3.30165740547394e-09	62.7015329249546	0.200002918921194
17.025	37.75	4.94639297788909e-06	0.800000293751216	3.42173554276242e-09	62.6775325126722	0.200003957114382
17.175	37.75	6.6229352826519e-06	0.800000388635302	3.53986386418254e-09	62.6535319576217	0.200005298348226
17.325	37.75	8.79677989724205e-06	0.800000517332149	3.65591901752227e-09	62.6295312177499	0.200007037423918
17.475	37.75	1.16286954143597e-05	0.800000692388764	3.77005872404341e-09	62.6055302375989	0.200009302956331
17.625	37.75	1.53374052431505e-05	0.800000930892224	3.88207214134999e-09	62.5815289434951	0.200012269924195
17.775	37.75	2.02209520275429e-05	0.800001256071181	3.99192984335763e-09	62.5575272369602	0.200016176761622
17.925	37.75	2.66857441235238e-05	0.800001699451908	4.09973319759429e-09	62.533524985702	0.200021348595299
18.075	37.75	3.52859827884805e-05	0.800002303739127	4.20543887567924e-09	62.5095220113193	0.200028228786231
18.225	37.75	4.67770778061334e-05	0.800003126642063	4.30872900547644e-09	62.4855180725494	0.200037421662245
18.375	37.75	6.21878483763034e-05	0.800004245962825	4.4099009203703e-09	62.4615128424867	0.200049750278701
18.525	37.75	8.29178915449641e-05	0.800005766423802	4.50874712764826e-09	62.4375058776614	0.200066334313236
18.675	37.75	0.000110868697803203	0.800007828997176	4.60522371033432e-09	62.4134965761514	0.200088694958243
18.825	37.75	0.000148620253824053	0.800010623843582	4.69926148586734e-09	62.3894841209233	0.200118896203059
18.975	37.75	0.000199669452592528	0.800014408281622	4.79077492692585e-09	62.3654674032531	0.200159735562074
19.125	37.75	0.000268753039862338	0.800019531239565	4.87957495591073e-09	62.341444919201	0.20021500243189
19.275	37.75	0.000362286151604744	0.80002646521899	4.96555529364291e-09	62.3174146295353	0.200289828921284
19.425	37.75	0.000488957296422442	0.800035846099224	5.04851709261582e-09	62.2933737700457	0.200391165837138
19.575	37.75	0.000660531177549402	0.800048521030582	5.12806066966412e-09	62.2693185947619	0.20052842494204
19.725	37.75	0.000892922192807126	0.800065606947952	5.20389342606317e-09	62.2452440291058	0.200714337754246
19.875	37.75	0.00120761710402077	0.80008856866881	5.27550670891861e-09	62.2211432032243	0.200966093683217
20.025	37.75	0.0016335540908667	0.800119335960664	5.34230019309135e-09	62.197006826832	0.201306843272693
20.175	37.75	0.00220962175564123	0.800160488407026	5.40313363756028e-09	62.1728223538952	0.201767697404513
20.325	37.75	0.00298804031917539	0.800215533638473	5.45699650774308e-09	62.1485728650421	0.20239043225534
20.475	37.75	0.00403902959692192	0.800289272268503	5.50213804971322e-09	62.1242355635701	0.203231223677538
20.625	37.75	0.00545732365159188	0.800388169509215	5.5365368028596e-09	62.0997797346123	0.204365858921274
20.775	37.75	0.00737118395603839	0.800520545303002	5.55747814209074e-09	62.0751639588504	0.205896947164831
20.925	37.75	0.00995447741900926	0.800696288571718	5.56129719826465e-09	62.0503323136861	0.207963581935207
21.075	37.75	0.0134420119811412	0.800925760698512	5.54353949832517e-09	62.0252092583863	0.210753609584913
21.225	37.75	0.0181476175659582	0.801217641517841	5.49871307969419e-09	61.9996929151631	0.214518094052767
21.375	37.75	0.0244834934848424	0.801575707498516	5.42085921032037e-09	61.9736465539724	0.219586794787874
21.525	37.75	0.0329782628948027	0.801994870704831	5.3035105006483e-09	61.9468882830463	0.226382610315842
21.675	37.75	0.0442900721219227	0.802457172898271	5.14129546245517e-09	61.9191792462854	0.235432057697538
21.825	37.75	0.0592098317768195	0.80292878482135	4.93089514760013e-09	61.8902110400174	0.247367865421456
21.975	37.75	0.0786480164516003	0.803359398042699	4.67321312434754e-09	61.8595936124093	0.26291841316128
22.125	37.75	0.103596190408228	0.803685581101751	4.37380624339399e-09	61.8268456465779	0.282876952326582
22.275	37.75	0.135052302670994	0.80383932620577	4.04331823955155e-09	61.7913903740661	0.308041842136795
22.425	37.75	0.173898993452358	0.803761742280598	3.69678199656167e-09	61.75256080253	0.339119194761886
22.575	37.75	0.220730584792776	0.80341969384617	3.35059193837133e-09	61.7096190636193	0.376584467834221
22.725	37.75	0.275641526639314	0.802820790668529	3.02045253742452e-09	61.6617941891736	0.420513221311451
22.875	37.75	0.338017856156354	0.802020578760631	2.71881542317701e-09	61.6083400365734	0.470414284925083
23.025	37.75	0.406404723218704	0.801116451567458	2.45400509133061e-09	61.5486096080578	0.525123778574964
23.175	37.75	0.478534572094715	0.800226929606036	2.22967983441073e-09	61.4821344471357	0.582827657675772
23.325	37.75	0.55156608656264	0.799461972079312	2.04588920054904e-09	61.4086912919604	0.641252869250112
23.475	37.75	0.622501307758501	0.798895930739521	1.89996739407515e-09	61.3283372621	0.698001046206801
23.625	37.75	0.688659257713465	0.798554410889218	1.78770981275021e-09	61.2414022333204	0.750927406170772
23.775	37.75	0.748051810046512	0.798418744483484	1.70421471078683e-09	61.1484403443634	0.79844144803721
23.925	37.75	0.799557781016205	0.798442569559346	1.64462868609644e-09	61.0501550477748	0.839646224812964
24.075	37.75	0.842886470276418	0.7985708503147	1.60444689239878e-09	60.9473175575853	0.874309176221134
24.225	37.75	0.878398155938158	0.798753961928445	1.57979891935775e-09	60.8406957010869	0.902718524750527
24.375	37.75	0.906872100348467	0.798954492708945	1.56730889602242e-09	60.7310025581401	0.925497680278774
24.525	37.75	0.929292198084955	0.799148196115695	1.56425879058678e-09	60.6188665421918	0.943433758467964
24.675	37.75	0.946685094018845	0.799321772460988	1.56848684687129e-09	60.5048195422698	0.957348075215076
24.825	37.75	0.960016774592557	0.799469691901509	1.57821262008172e-09	60.3892977940889	0.968013419674046
24.975	37.75	0.970138073039599	0.799591292588189	1.5920153612046e-09	60.2726503251548	0.976110458431679
25.125	37.75	0.977764769204177	0.799688596690645	1.60886450112644e-09	60.1551509671391	0.982211815363341
25.275	37.75	0.983479107262852	0.799764851587161	1.62791008382197e-09	60.0370112486705	0.986783285810282
25.425	37.75	0.987742791102168	0.799823640311244	1.64847829469203e-09	59.9183925907016	0.990194232881734
25.575	37.75	0.990914817861951	0.799868386241881	1.67011294455521e-09	59.7994170218829	0.992731854289561
25.725	37.75	0.993270126786567	0.799902111152086	1.69242794273401e-09	59.6801761428232	0.994616101429254
25.875	37.75	0.995016874801413	0.799927347550194	1.71512745807886e-09	59.5607383660872	0.99601349984113
26.025	37.75	0.996311339959074	0.79994613981683	1.73802190657947e-09	59.4411546117076	0.997049071967259
26.175	37.75	0.997270176121767	0.79996009195593	1.76093513143803e-09	59.3214626991888	0.997816140897414
26.325	37.75	0.997980145941157	0.799970435277485	1.78379085122765e-09	59.2016906841594	0.998384116752925
26.475	37.75	0.998505654704391	0.799978099738117	1.80645454577397e-09	59.0818593662529	0.998804523763513
26.625	37.75	0.998894473355982	0.799983779789775	1.82889022755254e-09	58.9619841606803	0.999115578684786
26.775	37.75	0.99918202980697	0.79998799044427	1.85104660213821e-09	58.842076489128	0.999345623845576
26.925	37.75	0.999394600869132	0.799991112408795	1.87287868727626e-09	58.7221448114665	0.999515680695306
27.075	37.75	0.999551676930424	0.799993426981904	1.89438194718814e-09	58.6021953907471	0.999641341544339
27.225	37.75	0.999667711987061	0.799995142275214	1.9155287295564e-09	58.482232860694	0.999734169589649
27.375	37.75	0.999753419908399	0.799996412560784	1.93631965863406e-09	58.3622606469756	0.99980273592672
27.525	37.75	0.999816736207087	0.799997352416063	1.95671870167219e-09	58.2422812800911	0.99985338896567
27.675	37.75	0.999863532816395	0.79999804704734	1.97674049505818e-09	58.1222966277826	0.999890826253116
27.825	37.75	0.999898149900131	0.79999855985057	1.99638970804625e-09	58.0023080676122	0.999918519920105
27.975	37.75	0.999923791678147	0.79999893798309	2.01566133202109e-09	57.8823166150114	0.999939033342517
28.125	37.75	0.999942820940899	0.79999921649547	2.03455628196092e-09	57.7623230181956	0.999954256752719
28.275	37.75	0.99995697799693	0.799999421411561	2.05306049362839e-09	57.6423278284314	0.999965582397544
28.425	37.75	0.99996754325585	0.799999572029416	2.07120063103903e-09	57.5223314519908	0.99997403460468
28.575	37.75	0.999975457806037	0.799999682642478	2.08897980129411e-09	57.4023341885141	0.99998036624483
28.725	37.75	0.999981412728955	0.799999763824896	2.1063762427056e-09	57.2823362592974	0.999985130183164
28.875	37.75	0.999985915176909	0.799999823390169	2.12342079975026e-09	57.1623378281216	0.999988732141528
29.025	37.75	0.999989337201663	0.79999986710463	2.14009495188452e-09	57.0423390165658	0.99999146976133
29.175	37.75	0.999991951790855	0.799999899217657	2.15640949329614e-09	56.9223399152472	0.999993561432684
29.325	37.75	0.99999395942497	0.799999922855453	2.17238716263662e-09	56.8023405920565	0.999995167539976
29.475	37.75	0.999995507614442	0.799999940312731	2.1880293457064e-09	56.6823410981809	0.999996406091554
29.625	37.75	0.999996705242184	0.79999995327006	2.20331498787487e-09	56.5623414725006	0.999997364193747
29.775	37.75	0.999997633065884	0.799999962954125	2.21826276145702e-09	56.4423417447933	0.999998106452707
29.925	37.75	0.999998351385304	0.799999970257599	2.23289082879791e-09	56.3223419380657	0.999998681108244
30.075	37.75	0.999998905620663	0.799999975827191	2.24719369938949e-09	56.2023420702501	0.999999124496531
30.225	37.75	0.999999330355707	0.799999980129983	2.2611670276668e-09	56.0823421554384	0.999999464284566
30.375	37.75	0.999999652255989	0.799999983501561	2.27484125595916e-09	55.9623422047828	0.999999721804791
30.525	37.75	0.999999892166612	0.799999986182252	2.28816974400196e-09	55.8423422271548	0.99999991373329
30.675	37.75	1.00000006661443	0.799999988343686	2.30123188774193e-09	55.7223422296321	1.00000005329155
30.825	37.75	1.00000018888043	0.799999990108166	2.3139748753367e-09	55.6023422178617	1.00000015110435
30.975	37.75	1.00000026976429	0.799999991562984	2.32641018776237e-09	55.4823421963347	1.00000021581143
31.125	37.75	1.00000031813023	0.799999992770968	2.33858759564244e-09	55.3623421685981	1.00000025450419
31.275	37.75	1.00000034129913	0.799999993777564	2.35045282981386e-09	55.2423421374224	1.00000027303931
31.425	37.75	1.00000034533336	0.79999999461667	2.36204057972229e-09	55.1223421049354	1.00000027626669
31.575	37.75	1.00000033524795	0.79999999531397	2.37334347328414e-09	55.0023420727334	1.00000026819836
31.725	37.75	1.00000031517154	0.799999995889803	2.38437926229102e-09	54.8823420419736	1.00000025213723
31.875	37.75	1.00000028847336	0.799999996360829	2.39516357710701e-09	54.7623420134535	1.00000023077869
32.025	37.75	1.00000025786736	0.799999996741177	2.40567846110355e-09	54.6423419876785	1.00000020629389
32.175	37.75	1.00000022550095	0.799999997043384	2.41593726313431e-09	54.5223419649206	1.00000018040076
32.325	37.75	1.00000019303281	0.79999999727867	2.42594433962299e-09	54.4023419452693	1.00000015442624
32.475	37.75	1.00000016170283	0.799999997457033	2.43569933537837e-09	54.2823419286747	1.00000012936226
32.625	37.75	1.00000013239565	0.799999997587878	2.44520471008268e-09	54.1623419149853	1.00000010591652
32.775	37.75	1.00000010569877	0.799999997679674	2.45448432414556e-09	54.0423419039784	1.00000008455902
32.925	37.75	1.00000008195548	0.799999997740114	2.46353355411117e-09	53.9223418953872	1.00000006556439
33.075	37.75	1.00000006131279	0.799999997775979	2.47234883559828e-09	53.8023418889209	1.00000004905023
33.225	37.75	1.00000004376435	0.799999997793385	2.48093550391515e-09	53.6823418842824	1.00000003501148
33.375	37.75	1.00000002918824	0.79999999779752	2.4893049351107e-09	53.5623418811802	1.0000000233506
33.525	37.75	1.00000001737989	0.799999997792969	2.49746872371108e-09	53.442341879339	1.00000001390392
33.675	37.75	1.00000000808003	0.79999999778331	2.50540275312636e-09	53.3223418785054	1.00000000646402
33.825	37.75	1.00000000099792	0.799999997771665	2.51314065815461e-09	53.2023418784526	1.00000000079834
33.975	37.75	0.9999999958303	0.799999997760394	2.52067518307822e-09	53.0823418789823	0.99999999666424
34.125	37.75	0.99999999227616	0.79999999775126	2.52802217297763e-09	52.9623418799251	0.999999993820928
34.275	37.75	0.999999990047904	0.799999997745538	2.53515718316576e-09	52.8423418811399	0.999999992038323
34.425	37.75	0.99999998887929	0.799999997743995	2.54211355275827e-09	52.7223418825122	0.999999991103432
34.575	37.75	0.999999988530655	0.799999997747233	2.54887949359459e-09	52.6023418839519	0.999999990824524
34.725	37.75	0.99999998879176	0.799999997755274	2.55547120466724e-09	52.4823418853902	0.999999991033408
34.875	37.75	0.999999989482822	0.799999997768087	2.56188962240521e-09	52.3623418867773	0.999999991586258
35.025	37.75	0.999999990454021	0.799999997785473	2.56813289189592e-09	52.2423418880791	0.999999992363217
35.175	37.75	0.999999991583966	0.799999997807016	2.57419132736175e-09	52.1223418892745	0.999999993267173
35.325	37.75	0.999999992777345	0.799999997832217	2.58011053547623e-09	52.0023418903529	0.999999994221876
35.475	37.75	0.9999999939621	0.799999997860671	2.58584301033997e-09	51.8823418913116	0.99999999516968
35.625	37.75	0.99999999508638	0.799999997891801	2.59143389517161e-09	51.7623418921539	0.999999996069104
35.775	37.75	0.99999999611538	0.799999997925182	2.59687314722781e-09	51.6423418928875	0.999999996892304
35.925	37.75	0.999999997028309	0.799999997960277	2.6021591255867e-09	51.5223418935223	0.999999997622647
36.075	37.75	0.999999997815479	0.799999997996741	2.60728739408786e-09	51.4023418940699	0.999999998252383
36.225	37.75	0.999999998475769	0.799999998034177	2.61229277035325e-09	51.2823418945427	0.999999998780615
36.375	37.75	0.999999999014296	0.799999998072285	2.61713879502551e-09	51.1623418949524	0.999999999211437
36.525	37.75	0.999999999440468	0.799999998110815	2.62187525489699e-09	51.0423418953102	0.999999999552374
36.675	37.75	0.99999999976635	0.799999998149461	2.6264563539326e-09	50.9223418956266	0.99999999981308
36.825	37.75	1.00000000000537	0.799999998188215	2.63091656135099e-09	50.8023418959103	1.00000000000429
36.975	37.75	1.00000000017136	0.799999998226897	2.6352614803673e-09	50.6823418961691	1.00000000013709
37.125	37.75	1.00000000027792	0.799999998265394	2.63947747481521e-09	50.5623418964093	1.00000000022234
37.275	37.75	1.0000000003377	0.799999998303594	2.64358198744416e-09	50.4423418966361	1.00000000027016
37.425	37.75	1.00000000036184	0.79999999834143	2.64755692331087e-09	50.3223418968534	1.00000000028947
37.575	37.75	1.00000000035914	0.799999998378776	2.65142913349485e-09	50.2023418970642	1.00000000028731
37.725	37.75	1.00000000033566	0.799999998415826	2.65519546869005e-09	50.0823418972708	1.00000000026853
37.875	37.75	1.00000000029551	0.799999998453073	2.65884262170588e-09	49.962341897475	1.00000000023641
38.025	37.75	1.00000000024451	0.799999998491604	2.66239578307706e-09	49.8423418976782	1.00000000019561
38.175	37.75	1.00000000019656	0.79999999853209	2.6658592142716e-09	49.7223418978806	1.00000000015725
38.325	37.75	1.00000000017804	0.799999998573042	2.66922338468744e-09	49.6023418980808	1.00000000014243
38.475	37.75	1.0000000002182	0.799999998608194	2.67247441641541e-09	49.4823418982745	1.00000000017456
38.625	37.75	1.00000000031038	0.799999998627032	2.67564052726437e-09	49.3623418984565	1.00000000024831
38.775	37.75	1.00000000034601	0.799999998622993	2.67872984586662e-09	49.2423418986269	1.00000000027681
38.925	37.75	1.00000000007385	0.799999998614041	2.68172274668108e-09	49.1223418988032	1.00000000005908
39.075	37.75	0.999999999212017	0.79999999866635	2.68462098805822e-09	49.0023418990285	0.999999999369613
39.225	37.75	0.999999997861577	0.799999998888808	2.68745986306728e-09	48.8823418993546	0.999999998289262
39.375	37.75	0.999999997187154	0.799999999342697	2.69020275316061e-09	48.7623418997724	0.999999997749723
39.525	37.75	0.999999999800266	0.799999999834582	2.69287325495981e-09	48.6423419000918	0.999999999840212
39.675	37.75	1.0000000085499	0.799999999685837	2.69547787532822e-09	48.5223418998604	1.00000000683992
39.825	37.75	1.0000000222811	0.799999997813816	2.69800126259213e-09	48.4023418985445	1.00000001782488
39.975	37.75	1.00000002906864	0.799999993654871	2.7004638833491e-09	48.2823418962383	1.00000002325491
40.125	37.75	1.00000000269436	0.799999989193761	2.70284158174605e-09	48.1623418948669	1.00000000215549
40.275	37.75	0.999999915051611	0.799999991107287	2.70517809724389e-09	48.0423418989629	0.999999932041289
40.425	37.75	0.999999777875213	0.800000009780791	2.70742248486381e-09	47.9223419138448	0.999999822300171
40.575	37.75	0.999999707649959	0.800000050319392	2.70961985671411e-09	47.8023419386766	0.999999766119967
40.725	37.75	0.999999957517798	0.800000093534585	2.71176020459765e-09	47.6823419548802	0.999999966014238
40.875	37.75	1.00000079734945	0.800000076741075	2.71383063822534e-09	47.5623419187728	1.00000063787956
41.025	37.75	1.00000212196186	0.799999904224727	2.71585441728815e-09	47.4423417787668	1.00000169756948
41.175	37.75	1.00000285290253	0.799999530095071	2.71782265747692e-09	47.3223415400888	1.00000228232202
41.325	37.75	1.00000065163093	0.799999127843969	2.71973948880329e-09	47.2023413719813	1.00000052130475
41.475	37.75	0.99999300385798	0.799999255401897	2.72161223837051e-09	47.0823416766226	0.999994403086384
41.625	37.75	0.999980706637784	0.800000756010139	2.72345526967038e-09	46.9623429386188	0.999984565310227
41.775	37.75	0.999973138464118	0.800004040638721	2.72523247510126e-09	46.8423451541487	0.999978510771295
41.925	37.75	0.999990827520912	0.800007657558144	2.72690285957526e-09	46.7223468838681	0.999992662016729
42.075	37.75	1.0000563795365	0.800006936182587	2.72842672133046e-09	46.6023446180141	1.0000451036292
42.225	37.75	1.00016528886131	0.799994824061568	2.72980703865522e-09	46.4823339780485	1.00013223108905
42.375	37.75	1.00024184955241	0.799967674137684	2.73122803142085e-09	46.3623144355396	1.00019347964193
42.525	37.75	1.00011633628384	0.799936550419455	2.73302613673135e-09	46.2422972425695	1.00009306902708
42.675	37.75	0.999594226904147	0.79993786062201	2.7356658878706e-09	46.1223111356188	0.999675381523318
42.825	37.75	0.998683926303017	0.800027372419133	2.7391088517752e-09	46.0023937867658	0.998947141042414
42.975	37.75	0.99794467322523	0.800237006805887	2.74215991084759e-09	45.8825556186887	0.998355738580184
43.125	37.75	0.998684258979417	0.800490005448262	2.74192002716533e-09	45.7627174243751	0.998947407183534
43.275	37.75	1.00248296175522	0.800522975128277	2.73495859846605e-09	45.642661394063	1.00198636940418
43.425	37.75	1.00955927622554	0.799934825563751	2.72086870107532e-09	45.5220834915331	1.00764742098043
43.575	37.75	1.01623380735162	0.798479881606665	2.70770761243577e-09	45.4008457148835	1.0129870458813
43.725	37.75	1.01328677097362	0.79657339183831	2.71516374264739e-09	45.2794285585938	1.0106294167789
43.875	37.75	0.988680897763406	0.795833250640567	2.77026619238675e-09	45.159333564159	0.990944718210725
44.025	37.75	0.938367896715812	0.799351007325515	2.88888498391537e-09	45.0428405317042	0.95069431737265
44.175	37.75	0.884673133586527	0.810192428729129	3.02709406922502e-09	44.9313520260839	0.907738506869222
44.325	37.75	0.889127901648618	0.824441952924334	3.01666828091228e-09	44.8222076720448	0.911302321318895
44.475	37.75	1.03257195116941	0.826489829185522	2.68011473110564e-09	44.7059572664361	1.02605756093553
44.625	37.75	1.34924434139243	0.808622133150941	2.14959983018866e-09	44.5677998305632	1.27939547311394
44.775	37.75	1.76408811740803	0.709537047662062	1.70666827944308e-09	44.3955930174522	1.61127049392642
44.925	37.75	2.11154506547772	0.834636814345861	1.45539407206261e-09	44.2248229977896	1.88923605238217
0.075	38.25	3.47473593631684e-16	0.399999999901983	-9.51923103874005e-09	65.3895334011746	0.2
0.225	38.25	1.0979649872833e-15	0.799999999705799	-9.51589073623185e-09	65.3655334011805	0.200000000000001
0.375	38.25	2.54818929485267e-15	0.799999999510079	-9.50926397873995e-09	65.3415334011923	0.200000000000002
0.525	38.25	4.61626581525588e-15	0.799999999314632	-9.49929185657213e-09	65.3175334012099	0.200000000000004
0.675	38.25	7.14881699583761e-15	0.799999999119093	-9.48605118502419e-09	65.2935334012334	0.200000000000006
0.825	38.25	9.93588427267487e-15	0.799999998924045	-9.46940443067253e-09	65.2695334012627	0.200000000000008
0.975	38.25	1.27379704286069e-14	0.799999998729172	-9.44949935534527e-09	65.2455334012979	0.20000000000001
1.125	38.25	1.52997074203619e-14	0.799999998535145	-9.42628147046116e-09	65.221533401339	0.200000000000012
1.275	38.25	1.73403388860615e-14	0.799999998341738	-9.39983021192896e-09	65.1975334013858	0.200000000000014
1.425	38.25	1.85241247410584e-14	0.799999998148719	-9.3702125240666e-09	65.1735334014385	0.200000000000015
1.575	38.25	1.8421504900888e-14	0.799999997956857	-9.33717398885808e-09	65.1495334014969	0.200000000000015
1.725	38.25	1.64738684409284e-14	0.799999997765548	-9.30094744650046e-09	65.1255334015611	0.200000000000013
1.875	38.25	1.1972721787108e-14	0.799999997574802	-9.26146568562767e-09	65.101533401631	0.20000000000001
2.025	38.25	4.0604718106599e-15	0.799999997385415	-9.21886394943256e-09	65.0775334017066	0.200000000000003
2.175	38.25	-8.24291950282908e-15	0.79999999719732	-9.17308107160591e-09	65.0535334017878	0.199999999999993
2.325	38.25	-2.59845092654002e-14	0.799999997009688	-9.12419523411697e-09	65.0295334018747	0.199999999999979
2.475	38.25	-5.01910922052975e-14	0.799999996823762	-9.07216592544216e-09	65.0055334019672	0.19999999999996
2.625	38.25	-8.17460219179932e-14	0.799999996638874	-9.01701353692727e-09	64.9815334020653	0.199999999999935
2.775	38.25	-1.21225242956815e-13	0.799999996455378	-8.95878441650172e-09	64.9575334021689	0.199999999999903
2.925	38.25	-1.68687693524753e-13	0.799999996273299	-8.89749556491914e-09	64.933533402278	0.199999999999865
3.075	38.25	-2.23416649638623e-13	0.799999996092616	-8.83323046397472e-09	64.9095334023926	0.199999999999821
3.225	38.25	-2.83611672621715e-13	0.799999995913669	-8.76602236085742e-09	64.8855334025125	0.199999999999773
3.375	38.25	-3.46035690677707e-13	0.799999995736129	-8.69585646129529e-09	64.8615334026378	0.199999999999723
3.525	38.25	-4.05628545798601e-13	0.799999995560183	-8.62284152534447e-09	64.8375334027684	0.199999999999676
3.675	38.25	-4.55107087818701e-13	0.799999995386203	-8.54694934889097e-09	64.8135334029043	0.199999999999636
3.825	38.25	-4.84582706657309e-13	0.799999995214077	-8.4681326748357e-09	64.7895334030453	0.199999999999612
3.975	38.25	-4.81239935635273e-13	0.799999995043802	-8.38664721441863e-09	64.7655334031915	0.199999999999615
4.125	38.25	-4.29134298752657e-13	0.799999994875112	-8.30218855509e-09	64.7415334033428	0.199999999999657
4.275	38.25	-3.09183361962334e-13	0.799999994708822	-8.2152654718581e-09	64.7175334034991	0.199999999999753
4.425	38.25	-9.94413022885817e-14	0.799999994544307	-8.12552579712734e-09	64.6935334036603	0.19999999999992
4.575	38.25	2.24237052622128e-13	0.799999994382295	-8.03336195507943e-09	64.6695334038264	0.200000000000179
4.725	38.25	6.87023342249189e-13	0.799999994222539	-7.93852439909167e-09	64.6455334039973	0.20000000000055
4.875	38.25	1.3133056333626e-12	0.799999994064316	-7.84121148343276e-09	64.621533404173	0.200000000001051
5.025	38.25	2.12411095002765e-12	0.799999993908894	-7.74135285367806e-09	64.5975334043532	0.200000000001699
5.175	38.25	3.13363846050971e-12	0.799999993755438	-7.63903339741473e-09	64.573533404538	0.200000000002507
5.325	38.25	4.34480356238021e-12	0.799999993605069	-7.53440877644342e-09	64.5495334047273	0.200000000003476
5.475	38.25	5.74373325980826e-12	0.799999993456311	-7.42750595679255e-09	64.5255334049209	0.200000000004595
5.625	38.25	7.29321539204881e-12	0.799999993310671	-7.31829020062252e-09	64.5015334051188	0.200000000005835
5.775	38.25	8.92519281620027e-12	0.799999993167098	-7.20685519872365e-09	64.4775334053209	0.20000000000714
5.925	38.25	1.05325120792669e-11	0.79999999302592	-7.09330040422221e-09	64.4535334055271	0.200000000008426
6.075	38.25	1.19602875490355e-11	0.799999992888351	-6.97750767136514e-09	64.4295334057373	0.200000000009568
6.225	38.25	1.299742759306e-11	0.799999992752241	-6.85978487885989e-09	64.4055334059515	0.200000000010398
6.375	38.25	1.33690888248835e-11	0.79999999261952	-6.74005821576827e-09	64.3815334061696	0.200000000010695
6.525	38.25	1.27310738974851e-11	0.799999992489234	-6.61832243928528e-09	64.3575334063918	0.200000000010185
6.675	38.25	1.06674609674908e-11	0.799999992361786	-6.49489472143549e-09	64.3335334066178	0.200000000008534
6.825	38.25	6.69303681057328e-12	0.799999992237078	-6.36934364595806e-09	64.309533406848	0.200000000005354
6.975	38.25	2.62383991023602e-13	0.799999992115045	-6.24217790806434e-09	64.2855334070823	0.20000000000021
7.125	38.25	-9.21227789326296e-12	0.799999991996492	-6.11338277693108e-09	64.261533407321	0.19999999999263
7.275	38.25	-2.23322053220585e-11	0.79999999188036	-5.98291160633539e-09	64.2375334075643	0.199999999982134
7.425	38.25	-3.96698101369813e-11	0.799999991767283	-5.85064771424612e-09	64.2135334078125	0.199999999968264
7.575	38.25	-6.17105579704668e-11	0.799999991657689	-5.71711705986463e-09	64.1895334080659	0.199999999950632
7.725	38.25	-8.87769674339293e-11	0.799999991551402	-5.58208354043154e-09	64.1655334083249	0.199999999928978
7.875	38.25	-1.2093306148779e-10	0.799999991447912	-5.4455408297045e-09	64.1415334085899	0.199999999903254
8.025	38.25	-1.57868390641008e-10	0.799999991348631	-5.30773750636805e-09	64.1175334088612	0.199999999873705
8.175	38.25	-1.98761870357131e-10	0.799999991252338	-5.16863869860129e-09	64.0935334091393	0.199999999840991
8.325	38.25	-2.42127205105126e-10	0.79999999116054	-5.02824158863251e-09	64.0695334094242	0.199999999806298
8.475	38.25	-2.85643651534749e-10	0.799999991072224	-4.88684681377055e-09	64.0455334097161	0.199999999771485
8.625	38.25	-3.25978331789991e-10	0.799999990988034	-4.74430999849291e-09	64.0215334100147	0.199999999739217
8.775	38.25	-3.5860925028917e-10	0.799999990908328	-4.600691293098e-09	63.9975334103194	0.199999999713113
8.925	38.25	-3.77661569992208e-10	0.799999990833075	-4.45620842030719e-09	63.9735334106291	0.199999999697871
9.075	38.25	-3.75773504539981e-10	0.799999990762121	-4.3107519427273e-09	63.949533410942	0.199999999699381
9.225	38.25	-3.44012272802627e-10	0.799999990695781	-4.16444534138015e-09	63.9255334112555	0.19999999972479
9.375	38.25	-2.71864778624747e-10	0.799999990633829	-4.01739660331347e-09	63.9015334115663	0.199999999782508
9.525	38.25	-1.47331797147615e-10	0.799999990576284	-3.86965240122222e-09	63.8775334118697	0.199999999882135
9.675	38.25	4.28418219532617e-11	0.799999990522513	-3.72122908222691e-09	63.85353341216	0.200000000034273
9.825	38.25	3.12765444553037e-10	0.799999990472377	-3.57226774380408e-09	63.8295334124301	0.200000000250212
9.975	38.25	6.76792145963884e-10	0.799999990424806	-3.42283419365527e-09	63.8055334126716	0.200000000541434
10.125	38.25	1.14866199092846e-09	0.799999990379419	-3.27274409433468e-09	63.7815334128747	0.20000000091893
10.275	38.25	1.74036377181378e-09	0.799999990334824	-3.12232593267213e-09	63.7575334130283	0.200000001392291
10.425	38.25	2.46068476551161e-09	0.799999990289154	-2.97170716940119e-09	63.7335334131204	0.200000001968548
10.575	38.25	3.31342635118834e-09	0.799999990241413	-2.8207154402738e-09	63.7095334131385	0.200000002650741
10.725	38.25	4.29527558006179e-09	0.799999990189037	-2.66948222942191e-09	63.6855334130698	0.20000000343622
10.875	38.25	5.39333952347382e-09	0.799999990130257	-2.51814105024157e-09	63.6615334129025	0.200000004314672
11.025	38.25	6.58237086140446e-09	0.799999990062491	-2.36677750324836e-09	63.6375334126264	0.200000005265897
11.175	38.25	7.82173997274055e-09	0.79999998998313	-2.21520513502166e-09	63.6135334122349	0.200000006257392
11.325	38.25	9.05224080323488e-09	0.799999989889222	-2.06388138930857e-09	63.5895334117257	0.200000007241793
11.475	38.25	1.01928548040425e-08	0.799999989779124	-1.91239695168358e-09	63.5655334111035	0.200000008154284
11.625	38.25	1.11376387169305e-08	0.799999989650224	-1.7612142209507e-09	63.5415334103819	0.200000008910111
11.775	38.25	1.1752947023986e-08	0.799999989500051	-1.61022931623295e-09	63.5175334095861	0.200000009402358
11.925	38.25	1.18752471605921e-08	0.79999998932854	-1.45939332114555e-09	63.4935334087553	0.200000009500198
12.075	38.25	1.13098333573831e-08	0.799999989135246	-1.30898372526939e-09	63.4695334079463	0.200000009047867
12.225	38.25	9.83079104503178e-09	0.799999988921478	-1.15896952073121e-09	63.4455334072357	0.200000007864633
12.375	38.25	7.18260554076328e-09	0.799999988690208	-1.00936266184427e-09	63.4215334067235	0.200000005746084
12.525	38.25	3.08384332908364e-09	0.799999988446207	-8.60228106266437e-10	63.3975334065353	0.200000002467075
12.675	38.25	-2.76664145879915e-09	0.799999988197069	-7.11598677841838e-10	63.3735334068246	0.199999997786687
12.825	38.25	-1.06805118988879e-08	0.799999987952713	-5.63566488425106e-10	63.3495334077746	0.19999999145559
12.975	38.25	-2.09673064464607e-08	0.799999987726295	-4.16269904570629e-10	63.3255334095981	0.199999983226155
13.125	38.25	-3.39179164913586e-08	0.799999987534529	-2.69532562366113e-10	63.3015334125368	0.199999972865667
13.275	38.25	-4.97837933606275e-08	0.799999987397998	-1.23627962343129e-10	63.2775334168583	0.199999960172965
13.425	38.25	-6.87515584779554e-08	0.79999998734008	2.14372110394498e-11	63.2535334228514	0.199999944998753
13.575	38.25	-9.09127711397204e-08	0.799999987389623	1.65742740160512e-10	63.2295334308182	0.199999927269783
13.725	38.25	-1.16228700581445e-07	0.799999987578779	3.09071472688837e-10	63.2055334410633	0.19999990701704
13.875	38.25	-1.44490042860458e-07	0.799999987943473	4.51535106782771e-10	63.1815334538794	0.199999884407966
14.025	38.25	-1.75271603298706e-07	0.799999988523897	5.928331378698e-10	63.1575334695288	0.199999859782717
14.175	38.25	-2.07882009423666e-07	0.799999989364522	7.33237244242383e-10	63.1335334882201	0.199999833694392
14.325	38.25	-2.41308496036561e-07	0.79999999051323	8.72497443982289e-10	63.1095335100802	0.199999806953203
14.475	38.25	-2.74156669997757e-07	0.799999992022668	1.0106194944934e-09	63.0855335351205	0.199999780674664
14.625	38.25	-3.04584859333549e-07	0.799999993950297	1.14758208877049e-09	63.061533563197	0.199999756332113
14.775	38.25	-3.30232101686101e-07	0.799999996360356	1.28333149698538e-09	63.0375335939638	0.199999735814319
14.925	38.25	-3.48137928250294e-07	0.799999999326206	1.41779330525764e-09	63.0135336268199	0.199999721489657
15.075	38.25	-3.54650715698211e-07	0.800000002933986	1.55086991698813e-09	62.9895336608467	0.199999716279427
15.225	38.25	-3.45319331975523e-07	0.800000007291058	1.68265839656107e-09	62.9655336947368	0.199999723744534
15.375	38.25	-3.14759857758324e-07	0.800000012533359	1.81304753546705e-09	62.9415337267106	0.199999748192114
15.525	38.25	-2.56485015141431e-07	0.800000018841585	1.94210433645456e-09	62.9175337544187	0.199999794811988
15.675	38.25	-1.62678171543688e-07	0.800000026461957	2.06960505512825e-09	62.8935337748252	0.199999869857463
15.825	38.25	-2.38858704831155e-08	0.800000035734872	2.19547522431304e-09	62.8695337840652	0.199999980891304
15.975	38.25	1.71407946808144e-07	0.800000047136837	2.31990347008391e-09	62.8455337772672	0.200000137126357
16.125	38.25	4.37377487120553e-07	0.800000061336829	2.44277850421665e-09	62.8215337483266	0.20000034990199
16.275	38.25	7.91691628847046e-07	0.800000079275546	2.56402398154996e-09	62.7975336896105	0.200000633353303
16.425	38.25	1.25668925736583e-06	0.800000102270309	2.68353523839918e-09	62.7735335915653	0.200001005351406
16.575	38.25	1.86102706536553e-06	0.800000132163164	2.80145343324568e-09	62.7495334421899	0.200001488821652
16.725	38.25	2.64198156469706e-06	0.800000171515822	2.91763868740102e-09	62.7255332263183	0.200002113585252
16.875	38.25	3.64865148993692e-06	0.800000223875832	3.0320257228012e-09	62.7015329246384	0.200002918921192
17.025	38.25	4.94639297469932e-06	0.800000294135745	3.1447203848941e-09	62.6775325123444	0.20000395711438
17.175	38.25	6.62293527859521e-06	0.800000389013555	3.25548693431642e-09	62.6535319572824	0.200005298348223
17.325	38.25	8.79677989206466e-06	0.8000005177038	3.36447404920403e-09	62.6295312173994	0.200007037423914
17.475	38.25	1.16286954077229e-05	0.800000692753867	3.47149641652472e-09	62.6055302372374	0.200009302956326
17.625	38.25	1.53374052346021e-05	0.800000931250834	3.57665550175553e-09	62.5815289431227	0.200012269924188
17.775	38.25	2.02209520164804e-05	0.800001256423265	3.67988640601692e-09	62.5575272365771	0.200016176761613
17.925	38.25	2.66857441091441e-05	0.800001699797031	3.78118819653327e-09	62.5335249853085	0.200021348595287
18.075	38.25	3.528598276971e-05	0.800002304077289	3.8803564539605e-09	62.5095220109155	0.200028228786216
18.225	38.25	4.67770777815481e-05	0.800003126973303	3.97762114778167e-09	62.4855180721356	0.200037421662225
18.375	38.25	6.2187848344017e-05	0.800004246287261	4.07275210924902e-09	62.4615128420631	0.200049750278675
18.525	38.25	8.29178915024746e-05	0.800005766741007	4.1656764128019e-09	62.4375058772281	0.200066334313202
18.675	38.25	0.000110868697747223	0.800007829307389	4.25654392110562e-09	62.4134965757087	0.200088694958198
18.825	38.25	0.000148620253750242	0.800010624146579	4.34498783791243e-09	62.3894841204714	0.200118896203
18.975	38.25	0.000199669452495201	0.800014408577213	4.43118208465264e-09	62.3654674027922	0.200159735561996
19.125	38.25	0.000268753039734012	0.800019531527651	4.51481421018196e-09	62.3414449187314	0.200215002431787
19.275	38.25	0.000362286151435644	0.800026465499835	4.59583716232458e-09	62.3174146290571	0.200289828921149
19.425	38.25	0.000488957296199803	0.800035846372636	4.6739803343759e-09	62.2933737695592	0.20039116583696
19.575	38.25	0.000660531177256571	0.800048521296626	4.74913268258753e-09	62.2693185942673	0.200528424941805
19.725	38.25	0.000892922192422481	0.80006560720637	4.82081402267319e-09	62.2452440286034	0.200714337753938
19.875	38.25	0.00120761710351635	0.800088568919626	4.88852417301247e-09	62.2211432027143	0.200966093682813
20.025	38.25	0.00163355409020646	0.800119336203793	4.95163982435291e-09	62.1970068263146	0.201306843272165
20.175	38.25	0.00220962175477897	0.80016048864246	5.00933836260528e-09	62.1728223533706	0.201767697403823
20.325	38.25	0.00298804031805176	0.800215533866506	5.06048596371005e-09	62.1485728645106	0.202390432254441
20.475	38.25	0.00403902959546038	0.800289272488837	5.1035616732157e-09	62.1242355630318	0.203231223676368
20.625	38.25	0.00545732364969454	0.80038816972189	5.1367480293823e-09	62.0997797340677	0.204365858919756
20.775	38.25	0.00737118395358031	0.800520545507857	5.15729771290262e-09	62.0751639582995	0.205896947162864
20.925	38.25	0.00995447741583169	0.800696288769172	5.16189558715702e-09	62.0503323131293	0.207963581932665
21.075	38.25	0.0134420119770454	0.800925760888617	5.14648989569342e-09	62.0252092578237	0.210753609581636
21.225	38.25	0.0181476175606996	0.801217641700166	5.106068678975e-09	61.9996929145951	0.21451809404856
21.375	38.25	0.0244834934781246	0.801575707673852	5.03479746376394e-09	61.973646553399	0.2195867947825
21.525	38.25	0.032978262886278	0.801994870872807	4.92666182774945e-09	61.946888282468	0.226382610309022
21.675	38.25	0.0442900721111905	0.802457173059795	4.77681557619559e-09	61.9191792457023	0.235432057688952
21.825	38.25	0.059209831763421	0.802928784976226	4.58231543388879e-09	61.8902110394298	0.247367865410737
21.975	38.25	0.0786480164350409	0.803359398191289	4.34357276570707e-09	61.8595936118173	0.262918413148033
22.125	38.25	0.103596190388006	0.803685581244629	4.06597689395321e-09	61.8268456459817	0.282876952310405
22.275	38.25	0.135052302646641	0.803839326343455	3.75952409095115e-09	61.7913903734659	0.308041842117313
22.425	38.25	0.173898993423524	0.803761742413406	3.43787171151524e-09	61.7525608019258	0.339119194738819
22.575	38.25	0.220730584759332	0.803419693974499	3.11649364273595e-09	61.7096190630111	0.376584467807466
22.725	38.25	0.275641526601495	0.802820790793116	2.80991657383959e-09	61.6617941885614	0.420513221281196
22.875	38.25	0.338017856114868	0.802020578881393	2.52983785194211e-09	61.6083400359568	0.470414284891894
23.025	38.25	0.406404723174743	0.801116451684929	2.28392154655183e-09	61.5486096074365	0.525123778539794
23.175	38.25	0.478534572049898	0.800226929720479	2.07567351702902e-09	61.482134446509	0.582827657639918
23.325	38.25	0.551566086518773	0.799461972191036	1.90513234123984e-09	61.4086912913276	0.641252869215019
23.475	38.25	0.622501307717296	0.798895930848623	1.76983342125454e-09	61.3283372614603	0.698001046173837
23.625	38.25	0.688659257676286	0.798554410995936	1.66586151326981e-09	61.2414022326727	0.750927406141029
23.775	38.25	0.748051810014187	0.798418744588104	1.58873163590263e-09	61.1484403437068	0.79844144801135
23.925	38.25	0.799557780989026	0.798442569661913	1.53385871724963e-09	61.0501550471083	0.839646224791221
24.075	38.25	0.842886470254214	0.798570850415491	1.49712972674211e-09	60.947317556908	0.874309176203371
24.225	38.25	0.878398155920464	0.798753962027463	1.47483793461456e-09	60.8406957003982	0.902718524736371
24.375	38.25	0.906872100334664	0.798954492806266	1.4639378757326e-09	60.7310025574394	0.925497680267732
24.525	38.25	0.929292198074374	0.799148196211395	1.46187309076604e-09	60.6188665414787	0.943433758459499
24.675	38.25	0.946685094010841	0.799321772555086	1.46657011178111e-09	60.504819541544	0.957348075208672
24.825	38.25	0.960016774586583	0.799469691994085	1.47640218949395e-09	60.3892977933503	0.968013419669266
24.975	38.25	0.970138073035173	0.79959129267922	1.4901158946103e-09	60.2726503244033	0.976110458428138
25.125	38.25	0.977764769200923	0.799688596780147	1.50665916714858e-09	60.1551509663747	0.982211815360738
25.275	38.25	0.98347910726047	0.799764851675124	1.52522736618565e-09	60.0370112478933	0.986783285808376
25.425	38.25	0.987742791100432	0.799823640397726	1.54524672095771e-09	59.9183925899117	0.990194232880346
25.575	38.25	0.990914817860691	0.799868386326845	1.56625663413639e-09	59.7994170210803	0.992731854288553
25.725	38.25	0.993270126785637	0.799902111235635	1.58789742555304e-09	59.6801761420082	0.99461610142851
25.875	38.25	0.995016874800743	0.799927347632212	1.60991137575015e-09	59.5607383652599	0.996013499840595
26.025	38.25	0.996311339958593	0.799946139897456	1.63209920343942e-09	59.4411546108681	0.997049071966875
26.175	38.25	0.997270176121416	0.799960092035082	1.65432171914612e-09	59.3214626983374	0.997816140897133
26.325	38.25	0.997980145940906	0.799970435355253	1.67644872010085e-09	59.2016906832963	0.998384116752724
26.475	38.25	0.998505654704213	0.799978099814429	1.69842974372702e-09	59.0818593653783	0.99880452376337
26.625	38.25	0.998894473355851	0.799983779864667	1.72019394499069e-09	58.9619841597944	0.99911557868468
26.775	38.25	0.999182029806873	0.799987990517794	1.74167329585175e-09	58.8420764882309	0.999345623845499
26.925	38.25	0.999394600869066	0.799991112480932	1.76286799293466e-09	58.7221448105586	0.999515680695253
27.075	38.25	0.999551676930368	0.799993427052743	1.78374082622072e-09	58.6021953898285	0.999641341544294
27.225	38.25	0.999667711987019	0.799995142344658	1.80428912183175e-09	58.4822328597649	0.999734169589615
27.375	38.25	0.999753419908363	0.799996412628902	1.82448651253981e-09	58.3622606460362	0.99980273592669
27.525	38.25	0.999816736207062	0.799997352482877	1.84431651930098e-09	58.2422812791415	0.99985338896565
27.675	38.25	0.999863532816381	0.799998047112814	1.86380362539295e-09	58.1222966268231	0.999890826253104
27.825	38.25	0.999898149900118	0.799998559914789	1.88293155416207e-09	58.002308066643	0.999918519920094
27.975	38.25	0.999923791678132	0.799998938046	1.90170054689141e-09	57.8823166140327	0.999939033342505
28.125	38.25	0.999942820940885	0.799999216557179	1.92009442060782e-09	57.7623230172076	0.999954256752708
28.275	38.25	0.999956977996914	0.799999421471989	1.93815632973452e-09	57.6423278274341	0.999965582397531
28.425	38.25	0.999967543255839	0.799999572088635	1.9558391480827e-09	57.5223314509846	0.999974034604671
28.575	38.25	0.999975457806029	0.799999682700499	1.97317454413275e-09	57.4023341874991	0.999980366244823
28.725	38.25	0.999981412728951	0.799999763881694	1.99017375785035e-09	57.2823362582738	0.999985130183161
28.875	38.25	0.99998591517691	0.799999823445796	2.00680998361378e-09	57.1623378270896	0.999988732141528
29.025	38.25	0.999989337201672	0.799999867159055	2.02312815900809e-09	57.0423390155255	0.999991469761338
29.175	38.25	0.999991951790863	0.799999899271006	2.03909726245359e-09	56.9223399141988	0.99999356143269
29.325	38.25	0.999993959424974	0.799999922907626	2.05472456653985e-09	56.8023405910002	0.99999516753998
29.475	38.25	0.999995507614442	0.799999940363785	2.07002451536487e-09	56.6823410971168	0.999996406091553
29.625	38.25	0.999996705242186	0.799999953320021	2.08502315724028e-09	56.562341471429	0.999997364193749
29.775	38.25	0.999997633065881	0.799999963003003	2.09969837180579e-09	56.4423417437143	0.999998106452705
29.925	38.25	0.999998351385309	0.799999970305392	2.11403893519572e-09	56.3223419369795	0.999998681108247
30.075	38.25	0.999998905620677	0.799999975873917	2.12808341021809e-09	56.2023420691567	0.999999124496542
30.225	38.25	0.999999330355718	0.799999980175706	2.14179302910208e-09	56.0823421543381	0.999999464284575
30.375	38.25	0.999999652255995	0.799999983546221	2.15522471540496e-09	55.9623422036757	0.999999721804796
30.525	38.25	0.99999989216661	0.799999986225969	2.16838211768009e-09	55.8423422260411	0.999999913733288
30.675	38.25	1.00000006661444	0.799999988386402	2.18121005210698e-09	55.7223422285119	1.00000005329155
30.825	38.25	1.00000018888044	0.799999990149857	2.19376612428591e-09	55.6023422167352	1.00000015110435
30.975	38.25	1.0000002697643	0.799999991603768	2.20605474832526e-09	55.4823421952019	1.00000021581144
31.125	38.25	1.00000031813024	0.799999992810772	2.21802972164236e-09	55.3623421674593	1.00000025450419
31.275	38.25	1.00000034129912	0.799999993816497	2.22973615817299e-09	55.2423421362777	1.0000002730393
31.425	38.25	1.00000034533335	0.799999994654663	2.24118447508482e-09	55.122342103785	1.00000027626668
31.575	38.25	1.00000033524795	0.799999995351048	2.25238552276894e-09	55.0023420715773	1.00000026819836
31.725	38.25	1.00000031517154	0.799999995926033	2.26330281736342e-09	54.8823420408121	1.00000025213723
31.875	38.25	1.00000028847336	0.799999996396152	2.2739674361505e-09	54.7623420122866	1.00000023077869
32.025	38.25	1.00000025786736	0.799999996775695	2.28438842189258e-09	54.6423419865063	1.00000020629389
32.175	38.25	1.00000022550095	0.799999997077052	2.2945429037726e-09	54.5223419637434	1.00000018040076
32.325	38.25	1.0000001930328	0.799999997311504	2.30446328408343e-09	54.402341944087	1.00000015442624
32.475	38.25	1.00000016170283	0.799999997489078	2.31416534733946e-09	54.2823419274876	1.00000012936226
32.625	38.25	1.00000013239566	0.799999997619162	2.3236136216805e-09	54.1623419137934	1.00000010591652
32.775	38.25	1.00000010569877	0.799999997710159	2.33283677253501e-09	54.0423419027819	1.00000008455902
32.925	38.25	1.00000008195549	0.799999997769848	2.34180943354512e-09	53.9223418941862	1.00000006556439
33.075	38.25	1.0000000613128	0.799999997804995	2.35057893585912e-09	53.8023418877155	1.00000004905024
33.225	38.25	1.00000004376435	0.799999997821635	2.35916256469361e-09	53.6823418830726	1.00000003501148
33.375	38.25	1.00000002918824	0.799999997825062	2.3674964078855e-09	53.5623418799663	1.00000002335059
33.525	38.25	1.00000001737989	0.79999999781976	2.37563861678963e-09	53.442341878121	1.00000001390391
33.675	38.25	1.00000000808002	0.799999997809499	2.38357612749898e-09	53.3223418772834	1.00000000646402
33.825	38.25	1.00000000099791	0.799999997797183	2.39131439224195e-09	53.2023418772268	1.00000000079833
33.975	38.25	0.999999995830305	0.799999997785237	2.39883913614888e-09	53.0823418777527	0.999999996664244
34.125	38.25	0.999999992276165	0.799999997775434	2.40619319327284e-09	52.9623418786918	0.999999993820932
34.275	38.25	0.999999990047904	0.799999997769061	2.41334777547431e-09	52.842341879903	0.999999992038323
34.425	38.25	0.999999988879286	0.799999997767	2.42032000188904e-09	52.7223418812719	0.999999991103429
34.575	38.25	0.999999988530651	0.799999997769547	2.42711824674066e-09	52.6023418827081	0.999999990824521
34.725	38.25	0.999999988791756	0.799999997777048	2.433731780105e-09	52.4823418841431	0.999999991033405
34.875	38.25	0.999999989482813	0.799999997789294	2.44016951907835e-09	52.362341885527	0.999999991586251
35.025	38.25	0.999999990454013	0.799999997806081	2.4464444065629e-09	52.2423418868257	0.99999999236321
35.175	38.25	0.999999991583955	0.799999997827092	2.45256305120387e-09	52.122341888018	0.999999993267164
35.325	38.25	0.999999992777339	0.799999997851736	2.45849775458749e-09	52.0023418890934	0.999999994221871
35.475	38.25	0.9999999939621	0.79999999787966	2.46429942537895e-09	51.8823418900493	0.99999999516968
35.625	38.25	0.999999995086376	0.799999997910301	2.46994194966496e-09	51.7623418908888	0.999999996069101
35.775	38.25	0.99999999611538	0.799999997943167	2.47543080075529e-09	51.6423418916196	0.999999996892304
35.925	38.25	0.999999997028304	0.799999997977777	2.4807649312876e-09	51.5223418922517	0.999999997622643
36.075	38.25	0.999999997815475	0.799999998013775	2.48596492171764e-09	51.4023418927968	0.99999999825238
36.225	38.25	0.999999998475768	0.799999998050744	2.49102062217747e-09	51.282341893267	0.999999998780614
36.375	38.25	0.999999999014297	0.799999998088412	2.49595030256137e-09	51.1623418936743	0.999999999211438
36.525	38.25	0.999999999440469	0.799999998126456	2.50073477875997e-09	51.0423418940298	0.999999999552375
36.675	38.25	0.99999999976634	0.799999998164727	2.50539118051599e-09	50.9223418943438	0.999999999813072
36.825	38.25	1.00000000000536	0.799999998203043	2.50993168159603e-09	50.8023418946253	1.00000000000428
36.975	38.25	1.00000000017136	0.79999999824125	2.51432990325284e-09	50.6823418948819	1.00000000013709
37.125	38.25	1.00000000027791	0.799999998279419	2.51861026386906e-09	50.56234189512	1.00000000022233
37.275	38.25	1.0000000003377	0.799999998317202	2.52278657706693e-09	50.4423418953447	1.00000000027016
37.425	38.25	1.00000000036183	0.799999998354654	2.52684268623406e-09	50.32234189556	1.00000000028947
37.575	38.25	1.00000000035914	0.799999998391662	2.53077888536907e-09	50.2023418957688	1.00000000028731
37.725	38.25	1.00000000033566	0.799999998428336	2.5346192300808e-09	50.0823418959735	1.00000000026853
37.875	38.25	1.00000000029552	0.79999999846523	2.53835511376302e-09	49.9623418961759	1.00000000023641
38.025	38.25	1.00000000024452	0.799999998503421	2.54197610802245e-09	49.8423418963772	1.00000000019562
38.175	38.25	1.00000000019657	0.799999998543607	2.54550459463728e-09	49.7223418965779	1.00000000015725
38.325	38.25	1.00000000017805	0.799999998584203	2.54893668446055e-09	49.6023418967764	1.00000000014244
38.475	38.25	1.0000000002182	0.799999998619055	2.55226558383095e-09	49.4823418969685	1.00000000017456
38.625	38.25	1.00000000031038	0.799999998637576	2.55550484502677e-09	49.3623418971488	1.00000000024831
38.775	38.25	1.00000000034601	0.799999998633272	2.55866881383605e-09	49.2423418973176	1.00000000027681
38.925	38.25	1.00000000007387	0.799999998624027	2.56173032563197e-09	49.1223418974924	1.0000000000591
39.075	38.25	0.999999999212031	0.799999998676028	2.56472011869456e-09	49.0023418977163	0.999999999369625
39.225	38.25	0.999999997861582	0.799999998898226	2.56760794387195e-09	48.8823418980409	0.999999998289266
39.375	38.25	0.999999997187153	0.799999999351869	2.57041623987373e-09	48.7623418984574	0.999999997749723
39.525	38.25	0.999999999800265	0.799999999843511	2.57316543308381e-09	48.6423418987754	0.999999999840212
39.675	38.25	1.0000000085499	0.799999999694479	2.57582567255472e-09	48.5223418985427	1.00000000683992
39.825	38.25	1.00000002228111	0.799999997822219	2.57842125204246e-09	48.4023418972255	1.00000001782489
39.975	38.25	1.00000002906866	0.799999993663086	2.58092634978014e-09	48.2823418949181	1.00000002325492
40.125	38.25	1.00000000269436	0.799999989201725	2.58338572318014e-09	48.1623418935454	1.00000000215549
40.275	38.25	0.999999915051615	0.799999991115051	2.58576634269281e-09	48.0423418976403	0.999999932041292
40.425	38.25	0.999999777875217	0.800000009788293	2.58808309060924e-09	47.922341912521	0.999999822300173
40.575	38.25	0.999999707649963	0.800000050326723	2.59032943001209e-09	47.8023419373517	0.99999976611997
40.725	38.25	0.999999957517795	0.800000093541703	2.59251388891655e-09	47.6823419535542	0.999999966014236
40.875	38.25	1.00000079734944	0.800000076748017	2.59464090197217e-09	47.5623419174458	1.00000063787956
41.025	38.25	1.00000212196185	0.799999904231469	2.59669854688948e-09	47.4423417774387	1.00000169756948
41.175	38.25	1.00000285290253	0.799999530101605	2.5986991917236e-09	47.3223415387598	1.00000228232202
41.325	38.25	1.00000065163094	0.799999127850339	2.60066018631053e-09	47.2023413706513	1.00000052130475
41.475	38.25	0.99999300385798	0.799999255408104	2.60258284097331e-09	47.0823416752917	0.999994403086384
41.625	38.25	0.999980706637779	0.800000756016134	2.60445077005433e-09	46.9623429372869	0.999984565310223
41.775	38.25	0.999973138464119	0.800004040644585	2.60626526083083e-09	46.8423451528159	0.999978510771295
41.925	38.25	0.999990827520913	0.800007657563827	2.60796812470603e-09	46.7223468825345	0.99999266201673
42.075	38.25	1.00005637953651	0.800006936188138	2.60952513544404e-09	46.6023446166796	1.0000451036292
42.225	38.25	1.00016528886132	0.799994824066966	2.61095218633615e-09	46.4823339767132	1.00013223108905
42.375	38.25	1.00024184955239	0.799967674142898	2.61237565634477e-09	46.3623144342035	1.00019347964191
42.525	38.25	1.00011633628382	0.799936550424535	2.61419496140893e-09	46.2422972412326	1.00009306902706
42.675	38.25	0.999594226904135	0.799937860626985	2.61679565987063e-09	46.1223111342812	0.999675381523308
42.825	38.25	0.998683926303059	0.800027372423927	2.62017053708642e-09	46.0023937854275	0.998947141042447
42.975	38.25	0.997944673225328	0.80023700681052	2.62316442550165e-09	45.8825556173496	0.998355738580262
43.125	38.25	0.99868425897953	0.800490005452755	2.62300350217418e-09	45.7627174230354	0.998947407183624
43.275	38.25	1.00248296175523	0.800522975132713	2.61639293220848e-09	45.6426613927226	1.00198636940418
43.425	38.25	1.00955927622532	0.799934825567988	2.60296458650155e-09	45.5220834901921	1.00764742098026
43.575	38.25	1.01623380735114	0.798479881610819	2.59042891245072e-09	45.4008457135419	1.01298704588092
43.725	38.25	1.01328677097317	0.796573391842393	2.59760748824791e-09	45.2794285572516	1.01062941677854
43.875	38.25	0.988680897763559	0.795833250644514	2.65036142393529e-09	45.1593335628162	0.990944718210847
44.025	38.25	0.938367896717087	0.799351007329202	2.76387625000283e-09	45.0428405303608	0.95069431737367
44.175	38.25	0.884673133588596	0.810192428732481	2.89613378289106e-09	44.9313520247398	0.907738506870877
44.325	38.25	0.889127901649682	0.824441952927432	2.88618682180793e-09	44.8222076707001	0.911302321319745
44.475	38.25	1.03257195116689	0.826489829188921	2.56422181163413e-09	44.7059572650909	1.02605756093351
44.625	38.25	1.34924434138523	0.808622133154517	2.05663422787208e-09	44.5677998292179	1.27939547310819
44.775	38.25	1.7640881173979	0.709537047665027	1.63286586438585e-09	44.3955930161071	1.61127049391832
44.925	38.25	2.11154506546697	0.834636814348989	1.39246373567479e-09	44.2248229964446	1.88923605237358
0.075	38.75	3.47473592230669e-16	0.39999999990737	-8.88357341089422e-09	65.3895334020939	0.2
0.225	38.75	1.0979649915663e-15	0.799999999721658	-8.88044131089268e-09	65.3655334020994	0.200000000000001
0.375	38.75	2.54818928725962e-15	0.799999999536933	-8.87433677105212e-09	65.3415334021105	0.200000000000002
0.525	38.75	4.61626582577919e-15	0.799999999351774	-8.86515653940121e-09	65.3175334021272	0.200000000000004
0.675	38.75	7.14881698099769e-15	0.799999999166666	-8.85288274466853e-09	65.2935334021494	0.200000000000006
0.825	38.75	9.93588429029057e-15	0.799999998982336	-8.83752033070698e-09	65.2695334021772	0.200000000000008
0.975	38.75	1.27379704054681e-14	0.799999998798548	-8.81909819757694e-09	65.2455334022105	0.20000000000001
1.125	38.75	1.52997074463248e-14	0.799999998614599	-8.79775919476444e-09	65.2215334022493	0.200000000000012
1.275	38.75	1.73403388537501e-14	0.799999998431463	-8.77316840228384e-09	65.1975334022936	0.200000000000014
1.425	38.75	1.85241247772735e-14	0.799999998249354	-8.74571142234861e-09	65.1735334023434	0.200000000000015
1.575	38.75	1.8421504859049e-14	0.79999999806768	-8.71531339256842e-09	65.1495334023986	0.200000000000015
1.725	38.75	1.64738684904585e-14	0.799999997886531	-8.68191373894218e-09	65.1255334024593	0.200000000000013
1.875	38.75	1.1972721736439e-14	0.799999997706279	-8.64545501774976e-09	65.1015334025255	0.20000000000001
2.025	38.75	4.06047187840198e-15	0.799999997526935	-8.60605738720453e-09	65.077533402597	0.200000000000003
2.175	38.75	-8.24291956015448e-15	0.799999997348904	-8.56369922180842e-09	65.0535334026738	0.199999999999993
2.325	38.75	-2.59845091722653e-14	0.799999997171251	-8.51844821428017e-09	65.029533402756	0.199999999999979
2.475	38.75	-5.01910922658646e-14	0.799999996995601	-8.47036047934949e-09	65.0055334028436	0.19999999999996
2.625	38.75	-8.17460217904707e-14	0.799999996820319	-8.41935256921471e-09	64.9815334029363	0.199999999999935
2.775	38.75	-1.21225243017638e-13	0.799999996646879	-8.36556109395117e-09	64.9575334030343	0.199999999999903
2.925	38.75	-1.6868769335437e-13	0.799999996474209	-8.30897533691103e-09	64.9335334031376	0.199999999999865
3.075	38.75	-2.23416649701241e-13	0.799999996303066	-8.24953921517952e-09	64.9095334032459	0.199999999999821
3.225	38.75	-2.83611672405902e-13	0.799999996133754	-8.18741687985254e-09	64.8855334033594	0.199999999999773
3.375	38.75	-3.46035690755695e-13	0.799999995965369	-8.12251466526295e-09	64.861533403478	0.199999999999723
3.525	38.75	-4.0562854555022e-13	0.799999995798874	-8.0549215331531e-09	64.8375334036015	0.199999999999676
3.675	38.75	-4.55107087949306e-13	0.799999995634049	-7.98470588640498e-09	64.8135334037301	0.199999999999636
3.825	38.75	-4.84582706418419e-13	0.799999995470717	-7.91194943231105e-09	64.7895334038636	0.199999999999612
3.975	38.75	-4.81239935894034e-13	0.799999995309409	-7.83647708047071e-09	64.7655334040019	0.199999999999615
4.125	38.75	-4.29134298610382e-13	0.799999995149789	-7.75858031701565e-09	64.7415334041451	0.199999999999657
4.275	38.75	-3.09183362476957e-13	0.799999994991733	-7.67815132561299e-09	64.7175334042931	0.199999999999753
4.425	38.75	-9.94413023873351e-14	0.799999994835856	-7.59527330512251e-09	64.6935334044457	0.19999999999992
4.575	38.75	2.24237051666908e-13	0.799999994682124	-7.50981213527639e-09	64.6695334046029	0.200000000000179
4.725	38.75	6.87023341711109e-13	0.799999994529952	-7.42201988958483e-09	64.6455334047647	0.20000000000055
4.875	38.75	1.31330563174428e-12	0.799999994380078	-7.33198220613998e-09	64.621533404931	0.200000000001051
5.025	38.75	2.12411094883535e-12	0.799999994233043	-7.23964638326971e-09	64.5975334051016	0.200000000001699
5.175	38.75	3.13363845803192e-12	0.799999994086998	-7.14508548965916e-09	64.5735334052766	0.200000000002507
5.325	38.75	4.34480356039661e-12	0.799999993943823	-7.04823201997544e-09	64.5495334054558	0.200000000003476
5.475	38.75	5.74373325643411e-12	0.799999993802864	-6.94922881786411e-09	64.5255334056391	0.200000000004595
5.625	38.75	7.29321538939248e-12	0.799999993664155	-6.84821998919481e-09	64.5015334058265	0.200000000005835
5.775	38.75	8.9251928122772e-12	0.799999993527749	-6.74505417022021e-09	64.4775334060179	0.20000000000714
5.925	38.75	1.05325120765878e-11	0.799999993393732	-6.63988373905172e-09	64.4535334062132	0.200000000008426
6.075	38.75	1.19602875456179e-11	0.79999999326209	-6.53276710023093e-09	64.4295334064122	0.200000000009568
6.225	38.75	1.29974275919031e-11	0.799999993133526	-6.42360533248429e-09	64.4055334066151	0.200000000010398
6.375	38.75	1.3369088824114e-11	0.79999999300621	-6.31280369801947e-09	64.3815334068218	0.200000000010695
6.525	38.75	1.27310739006763e-11	0.799999992882254	-6.2000961166915e-09	64.3575334070322	0.200000000010185
6.675	38.75	1.06674609729509e-11	0.799999992760806	-6.08561578666984e-09	64.3335334072464	0.200000000008534
6.825	38.75	6.69303682249102e-12	0.799999992641998	-5.96953685850595e-09	64.3095334074645	0.200000000005354
6.975	38.75	2.62384007855478e-13	0.79999999252618	-5.85174007120487e-09	64.2855334076866	0.20000000000021
7.125	38.75	-9.21227786678775e-12	0.799999992412023	-5.73215114997229e-09	64.2615334079129	0.19999999999263
7.275	38.75	-2.23322052875648e-11	0.799999992301406	-5.6112676365522e-09	64.2375334081436	0.199999999982134
7.425	38.75	-3.96698100894891e-11	0.799999992193699	-5.48893491647652e-09	64.2135334083791	0.199999999968264
7.575	38.75	-6.17105579122267e-11	0.799999992088761	-5.36501322300456e-09	64.1895334086196	0.199999999950632
7.725	38.75	-8.87769673603498e-11	0.799999991986693	-5.23981729570571e-09	64.1655334088656	0.199999999928978
7.875	38.75	-1.20933061402712e-10	0.799999991888116	-5.11324464192411e-09	64.1415334091174	0.199999999903254
8.025	38.75	-1.57868390541308e-10	0.799999991792535	-4.98550187607511e-09	64.1175334093755	0.199999999873705
8.175	38.75	-1.98761870249678e-10	0.799999991700905	-4.85650991743588e-09	64.0935334096402	0.199999999840991
8.325	38.75	-2.4212720498989e-10	0.799999991612349	-4.72635672663048e-09	64.0695334099117	0.199999999806298
8.475	38.75	-2.85643651423566e-10	0.799999991527678	-4.59518140661052e-09	64.0455334101899	0.199999999771485
8.625	38.75	-3.25978331687855e-10	0.799999991447172	-4.46289453068428e-09	64.0215334104748	0.199999999739217
8.775	38.75	-3.58609250215002e-10	0.799999991370729	-4.3297556131122e-09	63.9975334107657	0.199999999713113
8.925	38.75	-3.77661569958177e-10	0.799999991298333	-4.19560545209126e-09	63.9735334110614	0.199999999697871
9.075	38.75	-3.75773504573971e-10	0.799999991230285	-4.06061725556582e-09	63.9495334113603	0.199999999699381
9.225	38.75	-3.44012272925439e-10	0.799999991166566	-3.92480399314899e-09	63.9255334116598	0.19999999972479
9.375	38.75	-2.71864778873963e-10	0.799999991106945	-3.78833040301533e-09	63.9015334119564	0.199999999782508
9.525	38.75	-1.47331797552516e-10	0.799999991051632	-3.65118932822384e-09	63.8775334122456	0.199999999882135
9.675	38.75	4.28418213471149e-11	0.799999991000052	-3.51335678757343e-09	63.8535334125216	0.200000000034273
9.825	38.75	3.12765443711064e-10	0.79999999095158	-3.37504120526847e-09	63.8295334127773	0.200000000250212
9.975	38.75	6.76792144838326e-10	0.799999990905776	-3.23604557154467e-09	63.8055334130044	0.200000000541434
10.125	38.75	1.14866198948742e-09	0.799999990861729	-3.0968011628342e-09	63.781533413193	0.20000000091893
10.275	38.75	1.74036377001882e-09	0.799999990818224	-2.95710096567074e-09	63.7575334133322	0.200000001392291
10.425	38.75	2.46068476334744e-09	0.799999990773526	-2.81703197866479e-09	63.7335334134098	0.200000001968548
10.575	38.75	3.31342634864498e-09	0.79999999072676	-2.6767044608323e-09	63.7095334134133	0.200000002650741
10.725	38.75	4.2952755771626e-09	0.799999990675186	-2.53620970510056e-09	63.68553341333	0.20000000343622
10.875	38.75	5.39333952026348e-09	0.799999990616549	-2.3955238916994e-09	63.6615334131481	0.200000004314672
11.025	38.75	6.58237085797394e-09	0.799999990549126	-2.25463544341105e-09	63.6375334128575	0.200000005265897
11.175	38.75	7.82173996922272e-09	0.799999990469739	-2.11376208169777e-09	63.6135334124513	0.200000006257392
11.325	38.75	9.05224079982134e-09	0.799999990375857	-1.97282270591145e-09	63.5895334119275	0.200000007241793
11.475	38.75	1.01928548009902e-08	0.799999990265441	-1.83211494262543e-09	63.5655334112908	0.200000008154284
11.625	38.75	1.11376387145674e-08	0.799999990135664	-1.69139604549946e-09	63.5415334105546	0.200000008910111
11.775	38.75	1.17529470227222e-08	0.799999989985144	-1.55088707488544e-09	63.5175334097442	0.200000009402358
11.925	38.75	1.1875247160916e-08	0.79999998981275	-1.41063461892591e-09	63.4935334088989	0.200000009500198
12.075	38.75	1.130983335987e-08	0.799999989618287	-1.27060563609635e-09	63.4695334080754	0.200000009047867
12.225	38.75	9.83079105033842e-09	0.799999989403199	-1.13076112387366e-09	63.4455334073503	0.200000007864633
12.375	38.75	7.18260554961153e-09	0.799999989170585	-9.91450993490742e-10	63.4215334068237	0.200000005746084
12.525	38.75	3.08384334226637e-09	0.799999988924863	-8.52531108846725e-10	63.397533406621	0.200000002467075
12.675	38.75	-2.76664144048459e-09	0.799999988674092	-7.14123209272023e-10	63.3735334068961	0.199999997786687
12.825	38.75	-1.06805118745944e-08	0.799999988427683	-5.76277163342518e-10	63.3495334078318	0.19999999145559
12.975	38.75	-2.09673064154528e-08	0.79999998819931	-4.38946828915612e-10	63.3255334096411	0.199999983226155
13.125	38.75	-3.39179164528886e-08	0.799999988005243	-3.02223345763382e-10	63.3015334125656	0.199999972865667
13.275	38.75	-4.9783793314236e-08	0.799999987865886	-1.66195030358083e-10	63.277533416873	0.199999960172965
13.425	38.75	-6.87515584232258e-08	0.799999987805717	-3.08869690444381e-11	63.2535334228521	0.199999944998753
13.575	38.75	-9.09127710767765e-08	0.799999987852527	1.03568923393543e-10	63.229533430805	0.199999927269783
13.725	38.75	-1.16228700510523e-07	0.79999998803836	2.37287358997946e-10	63.2055334410362	0.19999990701704
13.875	38.75	-1.44490042782622e-07	0.799999988400222	3.70098415238684e-10	63.1815334538386	0.199999884407966
14.025	38.75	-1.7527160321527e-07	0.799999988977497	5.02153445820784e-10	63.1575334694743	0.199999859782717
14.175	38.75	-2.07882009337083e-07	0.799999989814528	6.33044610749999e-10	63.1335334881521	0.199999833694393
14.325	38.75	-2.4130849594967e-07	0.799999990959874	7.63047000364274e-10	63.1095335099988	0.199999806953203
14.475	38.75	-2.74156669914841e-07	0.79999999246537	8.92010752500374e-10	63.0855335350257	0.199999780674664
14.625	38.75	-3.04584859259532e-07	0.799999994389335	1.0198823983399e-09	63.0615335630889	0.199999756332113
14.775	38.75	-3.30232101627621e-07	0.799999996795399	1.14662682925443e-09	63.0375335938426	0.199999735814319
14.925	38.75	-3.48137928214926e-07	0.799999999757028	1.27213191902707e-09	63.0135336266857	0.199999721489657
15.075	38.75	-3.54650715695464e-07	0.800000003360821	1.39659110717011e-09	62.9895336606997	0.199999716279427
15.225	38.75	-3.45319332016373e-07	0.800000007713386	1.51976785685143e-09	62.965533694577	0.199999723744534
15.375	38.75	-3.14759857855908e-07	0.800000012950935	1.64160583380919e-09	62.9415337265382	0.199999748192114
15.525	38.75	-2.56485015311176e-07	0.800000019254863	1.76209259185963e-09	62.9175337542339	0.199999794811988
15.675	38.75	-1.62678171803645e-07	0.800000026870349	1.88127781716286e-09	62.8935337746281	0.199999869857463
15.825	38.75	-2.38858708549973e-08	0.800000036138337	1.99916355138502e-09	62.8695337838559	0.199999980891303
15.975	38.75	1.71407946298745e-07	0.800000047535393	2.11553884107897e-09	62.8455337770458	0.200000137126357
16.125	38.75	4.37377486442057e-07	0.800000061730434	2.23046485746314e-09	62.8215337480934	0.200000349901989
16.275	38.75	7.91691627961229e-07	0.800000079663532	2.34391176106238e-09	62.7975336893655	0.200000633353302
16.425	38.75	1.2566892562242e-06	0.800000102653138	2.45592139545883e-09	62.7735335913088	0.200001005351405
16.575	38.75	1.86102706390732e-06	0.800000132540598	2.56619400613287e-09	62.749533441922	0.200001488821651
16.725	38.75	2.64198156284339e-06	0.800000171887623	2.67497006646111e-09	62.7255332260391	0.20000211358525
16.875	38.75	3.64865148758519e-06	0.800000224242218	2.78214880885537e-09	62.7015329243482	0.20000291892119
17.025	38.75	4.94639297171435e-06	0.800000294496236	2.88765897953279e-09	62.6775325120433	0.200003957114377
17.175	38.75	6.6229352747978e-06	0.80000038936799	2.99147919597722e-09	62.6535319569706	0.20000529834822
17.325	38.75	8.79677988721666e-06	0.800000518052404	3.09359832021371e-09	62.629531217077	0.20000703742391
17.475	38.75	1.16286954015071e-05	0.800000693096755	3.19401557687198e-09	62.6055302369046	0.200009302956321
17.625	38.75	1.53374052265956e-05	0.800000931587323	3.29263319985979e-09	62.5815289427798	0.200012269924181
17.775	38.75	2.02209520061149e-05	0.800001256753378	3.38947138808588e-09	62.5575272362241	0.200016176761605
17.925	38.75	2.6685744095664e-05	0.800001700121405	3.48451340369888e-09	62.5335249849457	0.200021348595277
18.075	38.75	3.52859827521084e-05	0.800002304394949	3.57766406043784e-09	62.5095220105431	0.200028228786202
18.225	38.75	4.67770777584894e-05	0.80000312728467	3.66888106186897e-09	62.4855180717538	0.200037421662207
18.375	38.75	6.21878483137246e-05	0.800004246591991	3.75816931891352e-09	62.461512841672	0.200049750278651
18.525	38.75	8.29178914626044e-05	0.800005767039386	3.84557278285027e-09	62.437505876828	0.20006633431317
18.675	38.75	0.000110868697694665	0.800007829598903	3.93085801075155e-09	62.4134965752997	0.200088694958156
18.825	38.75	0.000148620253680925	0.800010624431275	4.01407017533478e-09	62.3894841200538	0.200118896202945
18.975	38.75	0.000199669452403755	0.800014408855326	4.09506458498709e-09	62.3654674023661	0.200159735561923
19.125	38.75	0.000268753039613398	0.800019531799268	4.17375837353256e-09	62.3414449182971	0.200215002431691
19.275	38.75	0.000362286151276658	0.80002646576421	4.25007844610066e-09	62.3174146286148	0.200289828921021
19.425	38.75	0.000488957295990413	0.800035846630281	4.32372317782757e-09	62.293373769109	0.200391165836792
19.575	38.75	0.000660531176981074	0.800048521547241	4.39446998924245e-09	62.2693185938095	0.200528424941585
19.725	38.75	0.000892922192060471	0.800065607449999	4.461979766571e-09	62.2452440281382	0.200714337753648
19.875	38.75	0.00120761710304146	0.800088569156046	4.52583911569876e-09	62.2211432022419	0.200966093682433
20.025	38.75	0.00163355408958458	0.800119336433359	4.58554699505081e-09	62.1970068258353	0.201306843271668
20.175	38.75	0.00220962175396641	0.800160488864873	4.64019023312136e-09	62.1728223528845	0.201767697403173
20.325	38.75	0.00298804031699221	0.800215534081904	4.68869806808544e-09	62.1485728640179	0.202390432253594
20.475	38.75	0.00403902959408165	0.800289272696697	4.7297794028678e-09	62.1242355625328	0.203231223675265
20.625	38.75	0.00545732364790379	0.800388169923007	4.76146423330442e-09	62.0997797335626	0.204365858918323
20.775	38.75	0.00737118395125838	0.800520545701749	4.7816122750494e-09	62.0751639577885	0.205896947161007
20.925	38.75	0.00995447741282805	0.800696288956146	4.78699894114253e-09	62.0503323126127	0.207963581930262
21.075	38.75	0.0134420119731713	0.800925761068319	4.77372981613646e-09	62.0252092573017	0.210753609578537
21.225	38.75	0.0181476175557226	0.801217641873317	4.73714922509594e-09	61.9996929140678	0.214518094044578
21.375	38.75	0.0244834934717636	0.801575707840127	4.67184428499029e-09	61.9736465528668	0.219586794777411
21.525	38.75	0.032978262878198	0.801994871032319	4.57249240101901e-09	61.946888281931	0.226382610302558
21.675	38.75	0.0442900721010046	0.802457173213068	4.43429408452179e-09	61.9191792451607	0.235432057680804
21.825	38.75	0.0592098317506962	0.802928785123357	4.25440875874367e-09	61.8902110388839	0.247367865400557
21.975	38.75	0.0786480164193055	0.803359398332837	4.03354274554116e-09	61.8595936112673	0.262918413135444
22.125	38.75	0.10359619036877	0.803685581380802	3.7763675890869e-09	61.8268456454278	0.282876952295016
22.275	38.75	0.135052302623452	0.803839326474612	3.49227599043565e-09	61.791390372908	0.308041842098762
22.425	38.75	0.173898993396047	0.803761742540168	3.19411632361615e-09	61.7525608013642	0.339119194716837
22.575	38.75	0.220730584727442	0.8034196940971	2.89598331341939e-09	61.7096190624457	0.376584467781953
22.725	38.75	0.275641526565399	0.802820790911829	2.61156530463213e-09	61.661794187992	0.420513221252319
22.875	38.75	0.338017856075231	0.802020578996975	2.35178317222885e-09	61.6083400353833	0.470414284860185
23.025	38.75	0.406404723132727	0.801116451797373	2.12362208792945e-09	61.5486096068584	0.525123778506181
23.175	38.75	0.47853457200703	0.800226929829998	1.93047822961187e-09	61.4821344459259	0.582827657605624
23.325	38.75	0.551566086476792	0.799461972298007	1.77235459225835e-09	61.4086912907387	0.641252869181433
23.475	38.75	0.622501307677853	0.798895930953163	1.64702244223241e-09	61.3283372608647	0.698001046142282
23.625	38.75	0.68865925764068	0.798554411098275	1.55083590086276e-09	61.2414022320695	0.750927406112544
23.775	38.75	0.748051809983221	0.798418744688366	1.47959314952749e-09	61.1484403430949	0.798441447986577
23.925	38.75	0.799557780962983	0.798442569760392	1.42913883606013e-09	61.0501550464869	0.839646224770386
24.075	38.75	0.842886470232934	0.798570850512196	1.39556950499528e-09	60.9473175562763	0.874309176186347
24.225	38.75	0.878398155903506	0.798753962122571	1.37545616704947e-09	60.8406956997556	0.902718524722805
24.375	38.75	0.906872100321424	0.798954492899802	1.36598985468903e-09	60.7310025567852	0.925497680257139
24.525	38.75	0.929292198064212	0.799148196303418	1.3647543071695e-09	60.6188665408127	0.94343375845137
24.675	38.75	0.94668509400315	0.799321772645616	1.36984983965459e-09	60.5048195408658	0.95734807520252
24.825	38.75	0.960016774580818	0.799469692083156	1.37974994253281e-09	60.3892977926597	0.968013419664655
24.975	38.75	0.970138073030907	0.799591292766849	1.39324928339248e-09	60.2726503237003	0.976110458424726
25.125	38.75	0.977764769197782	0.799688596866364	1.40937544526301e-09	60.1551509656592	0.982211815358225
25.275	38.75	0.983479107258171	0.799764851759906	1.42744660763422e-09	60.0370112471655	0.986783285806537
25.425	38.75	0.987742791098756	0.799823640481098	1.44685161202314e-09	59.9183925891716	0.990194232879005
25.575	38.75	0.990914817859479	0.799868386408871	1.46719314029844e-09	59.7994170203281	0.992731854287583
25.725	38.75	0.993270126784769	0.799902111316218	1.48813290633227e-09	59.6801761412439	0.994616101427815
25.875	38.75	0.995016874800113	0.799927347711438	1.50942274242592e-09	59.5607383644837	0.996013499840091
26.025	38.75	0.996311339958128	0.799946139975301	1.53087818180135e-09	59.4411546100803	0.997049071966502
26.175	38.75	0.997270176121076	0.799960092111577	1.55234071449247e-09	59.3214626975381	0.997816140896861
26.325	38.75	0.997980145940662	0.799970435430394	1.57372709176851e-09	59.2016906824856	0.998384116752529
26.475	38.75	0.998505654704048	0.799978099888246	1.59497670562026e-09	59.0818593645565	0.998804523763238
26.625	38.75	0.998894473355728	0.799983779937211	1.61600523997619e-09	58.9619841589617	0.999115578684582
26.775	38.75	0.999182029806785	0.799987990588986	1.63679574009314e-09	58.8420764873874	0.999345623845428
26.925	38.75	0.999394600868993	0.799991112550839	1.65731296201357e-09	58.7221448097045	0.999515680695195
27.075	38.75	0.999551676930326	0.799993427121301	1.6775064197602e-09	58.602195388964	0.999641341544261
27.225	38.75	0.999667711986993	0.799995142412038	1.69738893706792e-09	58.4822328588902	0.999734169589595
27.375	38.75	0.999753419908345	0.79999641269501	1.71694739307293e-09	58.3622606451515	0.999802735926676
27.525	38.75	0.999816736207048	0.79999735254768	1.73619457688124e-09	58.242281278247	0.999853388965638
27.675	38.75	0.999863532816364	0.799998047176447	1.75506440881411e-09	58.122296625919	0.999890826253091
27.825	38.75	0.999898149900104	0.799998559977197	1.77362829887986e-09	58.0023080657294	0.999918519920083
27.975	38.75	0.999923791678131	0.799998938107214	1.79182355920702e-09	57.8823166131099	0.999939033342505
28.125	38.75	0.999942820940887	0.799999216617166	1.80970971342437e-09	57.7623230162756	0.99995425675271
28.275	38.75	0.999956977996927	0.799999421530823	1.82723196255252e-09	57.6423278264933	0.999965582397541
28.425	38.75	0.999967543255842	0.799999572146327	1.84444177481822e-09	57.522331450035	0.999974034604674
28.575	38.75	0.999975457806038	0.799999682756969	1.86129867316892e-09	57.402334186541	0.99998036624483
28.725	38.75	0.999981412728947	0.799999763937059	1.87784012098261e-09	57.2823362573073	0.999985130183158
28.875	38.75	0.999985915176915	0.799999823500054	1.89404992557928e-09	57.1623378261149	0.999988732141532
29.025	38.75	0.999989337201676	0.79999986721225	1.90991772282686e-09	57.0423390145427	0.999991469761341
29.175	38.75	0.999991951790867	0.799999899323031	1.9254886229644e-09	56.9223399132081	0.999993561432694
29.325	38.75	0.99999395942498	0.799999922958589	1.94072509724846e-09	56.8023405900018	0.999995167539984
29.475	38.75	0.999995507614452	0.799999940413744	1.95566966394346e-09	56.6823410961109	0.999996406091561
29.625	38.75	0.999996705242193	0.799999953368896	1.97029895166299e-09	56.5623414704156	0.999997364193755
29.775	38.75	0.999997633065888	0.79999996305084	1.98461138734374e-09	56.4423417426937	0.99999810645271
29.925	38.75	0.999998351385307	0.799999970352211	1.99862941254651e-09	56.3223419359517	0.999998681108246
30.075	38.75	0.99999890562068	0.799999975919749	2.01235846632997e-09	56.202342068122	0.999999124496544
30.225	38.75	0.999999330355727	0.799999980220525	2.02580524572338e-09	56.0823421532966	0.999999464284582
30.375	38.75	0.999999652255995	0.799999983590077	2.03895633805717e-09	55.9623422026276	0.999999721804796
30.525	38.75	0.999999892166616	0.799999986268854	2.05180333939048e-09	55.8423422249864	0.999999913733293
30.675	38.75	1.00000006661443	0.799999988428346	2.06439737483124e-09	55.7223422274509	1.00000005329155
30.825	38.75	1.00000018888044	0.79999999019091	2.07670234420687e-09	55.602342215668	1.00000015110435
30.975	38.75	1.00000026976429	0.799999991643884	2.08875594811296e-09	55.4823421941286	1.00000021581144
31.125	38.75	1.00000031813023	0.799999992849972	2.10051774785829e-09	55.3623421663801	1.00000025450418
31.275	38.75	1.00000034129913	0.799999993854793	2.11204177826396e-09	55.2423421351926	1.00000027303931
31.425	38.75	1.00000034533335	0.799999994692098	2.1232875748305e-09	55.1223421026942	1.00000027626668
31.575	38.75	1.00000033524795	0.799999995387647	2.13428705603876e-09	55.002342070481	1.00000026819836
31.725	38.75	1.00000031517154	0.799999995961767	2.14503518259338e-09	54.8823420397103	1.00000025213723
31.875	38.75	1.00000028847336	0.799999996431086	2.15555136664238e-09	54.7623420111796	1.00000023077868
32.025	38.75	1.00000025786735	0.799999996809793	2.16581668046067e-09	54.6423419853941	1.00000020629388
32.175	38.75	1.00000022550095	0.799999997110385	2.17584582166996e-09	54.5223419626261	1.00000018040076
32.325	38.75	1.00000019303281	0.799999997343967	2.18564374106474e-09	54.4023419429648	1.00000015442625
32.475	38.75	1.00000016170283	0.799999997520845	2.19520012706372e-09	54.2823419263606	1.00000012936227
32.625	38.75	1.00000013239565	0.799999997650131	2.20455349798115e-09	54.1623419126617	1.00000010591652
32.775	38.75	1.00000010569877	0.799999997740404	2.21366474884155e-09	54.0423419016456	1.00000008455902
32.925	38.75	1.00000008195547	0.799999997799362	2.22258749670255e-09	53.9223418930454	1.00000006556438
33.075	38.75	1.0000000613128	0.799999997833742	2.23126584163231e-09	53.8023418865704	1.00000004905024
33.225	38.75	1.00000004376435	0.799999997849744	2.23973778059568e-09	53.6823418819232	1.00000003501148
33.375	38.75	1.00000002918824	0.799999997852491	2.24802057717888e-09	53.5623418788127	1.00000002335059
33.525	38.75	1.00000001737989	0.799999997846497	2.25608078791759e-09	53.4423418769633	1.00000001390391
33.675	38.75	1.00000000808002	0.799999997835567	2.26396657293236e-09	53.3223418761218	1.00000000646402
33.825	38.75	1.00000000099792	0.799999997822561	2.27164201289179e-09	53.2023418760613	1.00000000079833
33.975	38.75	0.999999995830306	0.799999997809987	2.279141650443e-09	53.0823418765835	0.999999996664245
34.125	38.75	0.999999992276155	0.799999997799611	2.28644487584091e-09	52.9623418775189	0.999999993820924
34.275	38.75	0.999999990047895	0.799999997792627	2.29358033743163e-09	52.8423418787266	0.999999992038316
34.425	38.75	0.999999988879284	0.799999997789917	2.30051661006684e-09	52.7223418800919	0.999999991103427
34.575	38.75	0.999999988530641	0.799999997791927	2.30729224186815e-09	52.6023418815248	0.999999990824513
34.725	38.75	0.99999998879175	0.799999997798785	2.31389739450985e-09	52.4823418829565	0.9999999910334
34.875	38.75	0.999999989482811	0.799999997810528	2.32033058034326e-09	52.3623418843371	0.999999991586249
35.025	38.75	0.999999990454012	0.799999997826787	2.32660795130197e-09	52.2423418856326	0.99999999236321
35.175	38.75	0.999999991583948	0.799999997847189	2.33270956411005e-09	52.1223418868219	0.999999993267158
35.325	38.75	0.999999992777332	0.799999997871372	2.33867580852782e-09	52.0023418878944	0.999999994221866
35.475	38.75	0.999999993962092	0.799999997898769	2.34446537225317e-09	51.8823418888473	0.999999995169674
35.625	38.75	0.999999995086374	0.799999997928899	2.35011651601055e-09	51.762341889684	0.9999999960691
35.775	38.75	0.999999996115373	0.79999999796126	2.35560931896961e-09	51.6423418904121	0.999999996892298
35.925	38.75	0.999999997028294	0.799999997995429	2.36097471159201e-09	51.5223418910415	0.999999997622635
36.075	38.75	0.999999997815464	0.799999998030931	2.36619446845763e-09	51.402341891584	0.999999998252372
36.225	38.75	0.999999998475761	0.799999998067444	2.37127593228622e-09	51.2823418920517	0.999999998780609
36.375	38.75	0.999999999014296	0.79999999810467	2.37622001877943e-09	51.1623418924564	0.999999999211437
36.525	38.75	0.999999999440465	0.799999998142305	2.38103732917534e-09	51.0423418928095	0.999999999552372
36.675	38.75	0.99999999976634	0.799999998180106	2.38572669460229e-09	50.9223418931212	0.999999999813072
36.825	38.75	1.00000000000536	0.799999998218036	2.39028993291775e-09	50.8023418934004	1.00000000000429
36.975	38.75	1.00000000017136	0.799999998255859	2.39473510296327e-09	50.6823418936548	1.00000000013709
37.125	38.75	1.00000000027792	0.799999998293559	2.3990610928625e-09	50.5623418938907	1.00000000022233
37.275	38.75	1.00000000033769	0.79999999833103	2.40327022439579e-09	50.4423418941133	1.00000000027016
37.425	38.75	1.00000000036183	0.799999998368114	2.40736997750806e-09	50.3223418943266	1.00000000028946
37.575	38.75	1.00000000035914	0.799999998404713	2.41135560619874e-09	50.2023418945335	1.00000000028731
37.725	38.75	1.00000000033567	0.799999998441024	2.41523637008028e-09	50.0823418947362	1.00000000026854
37.875	38.75	1.00000000029552	0.799999998477611	2.41901099451784e-09	49.9623418949367	1.00000000023642
38.025	38.75	1.00000000024452	0.799999998515405	2.42268521045982e-09	49.8423418951362	1.00000000019561
38.175	38.75	1.00000000019656	0.799999998555293	2.42624233391375e-09	49.7223418953351	1.00000000015725
38.325	38.75	1.00000000017805	0.79999999859558	2.42970626861118e-09	49.6023418955319	1.00000000014244
38.475	38.75	1.00000000021821	0.799999998630112	2.4330984254764e-09	49.4823418957223	1.00000000017457
38.625	38.75	1.00000000031039	0.799999998648338	2.43638882720795e-09	49.362341895901	1.00000000024831
38.775	38.75	1.00000000034602	0.79999999864372	2.43958501135855e-09	49.2423418960682	1.00000000027682
38.925	38.75	1.00000000007386	0.799999998634211	2.44268627505592e-09	49.1223418962415	1.00000000005909
39.075	38.75	0.999999999212024	0.799999998685948	2.44571953957766e-09	49.0023418964638	0.999999999369619
39.225	38.75	0.999999997861585	0.799999998907801	2.44865415853281e-09	48.882341896787	0.999999998289268
39.375	38.75	0.999999997187167	0.799999999361208	2.45151350449424e-09	48.762341897202	0.999999997749733
39.525	38.75	0.999999999800277	0.799999999852602	2.45430232387459e-09	48.6423418975187	0.999999999840221
39.675	38.75	1.00000000854991	0.799999999703355	2.45699688600989e-09	48.5223418972846	1.00000000683993
39.825	38.75	1.00000002228111	0.799999997830826	2.45963171829303e-09	48.4023418959661	1.00000001782489
39.975	38.75	1.00000002906865	0.799999993671409	2.46219555028282e-09	48.2823418936574	1.00000002325492
40.125	38.75	1.00000000269435	0.799999989209856	2.46466991146043e-09	48.1623418922835	1.00000000215548
40.275	38.75	0.999999915051605	0.799999991122935	2.46707959099792e-09	48.0423418963772	0.999999932041284
40.425	38.75	0.999999777875212	0.800000009796006	2.46943337797229e-09	47.9223419112568	0.99999982230017
40.575	38.75	0.99999970764997	0.800000050334175	2.47171794841659e-09	47.8023419360863	0.999999766119976
40.725	38.75	0.999999957517805	0.80000009354893	2.4739395367946e-09	47.6823419522877	0.999999966014244
40.875	38.75	1.00000079734945	0.800000076755091	2.47608788011535e-09	47.5623419161782	1.00000063787956
41.025	38.75	1.00000212196185	0.79999990423832	2.47819015113017e-09	47.4423417761701	1.00000169756948
41.175	38.75	1.00000285290253	0.799999530108274	2.48022552120759e-09	47.3223415374901	1.00000228232202
41.325	38.75	1.00000065163094	0.799999127856822	2.48220597809802e-09	47.2023413693807	1.00000052130475
41.475	38.75	0.999993003857982	0.799999255414336	2.48413363994912e-09	47.0823416740201	0.999994403086385
41.625	38.75	0.999980706637793	0.800000756022268	2.48602306114547e-09	46.9623429360144	0.999984565310235
41.775	38.75	0.999973138464122	0.800004040650518	2.48784786569977e-09	46.8423451515425	0.999978510771298
41.925	38.75	0.999990827520923	0.800007657569612	2.48958271515133e-09	46.7223468812602	0.999992662016738
42.075	38.75	1.00005637953652	0.800006936193719	2.49115817263789e-09	46.6023446154045	1.00004510362921
42.225	38.75	1.00016528886131	0.799994824072363	2.4925963862056e-09	46.4823339754372	1.00013223108905
42.375	38.75	1.00024184955239	0.79996767414816	2.49405285302081e-09	46.3623144329267	1.00019347964191
42.525	38.75	1.00011633628381	0.799936550429685	2.49584682122544e-09	46.2422972399551	1.00009306902705
42.675	38.75	0.999594226904141	0.799937860631946	2.49841229194939e-09	46.1223111330029	0.999675381523313
42.825	38.75	0.998683926303102	0.800027372428719	2.50169931312334e-09	46.0023937841484	0.998947141042482
42.975	38.75	0.99794467322542	0.800237006815204	2.50461550921224e-09	45.8825556160699	0.998355738580336
43.125	38.75	0.998684258979624	0.800490005457287	2.50452170675352e-09	45.7627174217549	0.998947407183699
43.275	38.75	1.00248296175523	0.800522975137048	2.49826208916032e-09	45.6426613914415	1.00198636940418
43.425	38.75	1.0095592762251	0.799934825572215	2.48548375098961e-09	45.5220834889103	1.00764742098008
43.575	38.75	1.01623380735069	0.798479881614997	2.47357994542787e-09	45.4008457122595	1.01298704588055
43.725	38.75	1.01328677097275	0.79657339184642	2.48047030642356e-09	45.2794285559687	1.0106294167782
43.875	38.75	0.988680897763709	0.795833250648409	2.53088465358614e-09	45.1593335615327	0.990944718210967
44.025	38.75	0.938367896718293	0.799351007332854	2.63930945035445e-09	45.0428405290767	0.950694317374635
44.175	38.75	0.884673133590557	0.81019242873574	2.7656497235491e-09	44.931352023455	0.907738506872446
44.325	38.75	0.88912790165068	0.82444195293051	2.75615901064968e-09	44.8222076694147	0.911302321320544
44.475	38.75	1.03257195116445	0.826489829192197	2.44870646647803e-09	44.7059572638051	1.02605756093156
44.625	38.75	1.3492443413783	0.808622133157992	1.96400162876307e-09	44.567799827932	1.27939547310264
44.775	38.75	1.76408811738815	0.709537047667876	1.55932685435979e-09	44.3955930148213	1.61127049391052
44.925	38.75	2.11154506545663	0.834636814352035	1.32974196696334e-09	44.2248229951589	1.88923605236531
0.075	39.25	3.47473593582986e-16	0.399999999912377	-8.28200319665009e-09	65.3895334029513	0.2
0.225	39.25	1.0979649873807e-15	0.799999999736715	-8.27915491937284e-09	65.3655334029566	0.200000000000001
0.375	39.25	2.54818929427812e-15	0.799999999561355	-8.27343368530304e-09	65.3415334029671	0.200000000000002
0.525	39.25	4.61626581516724e-15	0.799999999386024	-8.26490914660195e-09	65.3175334029829	0.200000000000004
0.675	39.25	7.14881699437252e-15	0.799999999210899	-8.25357315601334e-09	65.2935334030039	0.200000000000006
0.825	39.25	9.93588427223999e-15	0.799999999036559	-8.23946939667642e-09	65.2695334030302	0.200000000000008
0.975	39.25	1.2737970426182e-14	0.799999998861937	-8.22249608448576e-09	65.2455334030618	0.20000000000001
1.125	39.25	1.5299707419889e-14	0.799999998688257	-8.20263804948072e-09	65.2215334030985	0.200000000000012
1.275	39.25	1.73403388832574e-14	0.799999998514685	-8.18016622972987e-09	65.1975334031405	0.200000000000014
1.425	39.25	1.85241247417911e-14	0.799999998341958	-8.15477258355888e-09	65.1735334031876	0.200000000000015
1.575	39.25	1.84215048996181e-14	0.799999998169822	-8.12658673099195e-09	65.14953340324	0.200000000000015
1.725	39.25	1.64738684459592e-14	0.799999997998514	-8.09560803144672e-09	65.1255334032974	0.200000000000013
1.875	39.25	1.19727217917443e-14	0.799999997827716	-8.06206142980396e-09	65.1015334033601	0.20000000000001
2.025	39.25	4.06047182608967e-15	0.799999997657749	-8.02563368259974e-09	65.0775334034278	0.200000000000003
2.175	39.25	-8.24291948443341e-15	0.799999997488987	-7.98662222334982e-09	65.0535334035006	0.199999999999993
2.325	39.25	-2.59845092298687e-14	0.799999997320972	-7.94487381225749e-09	65.0295334035784	0.199999999999979
2.475	39.25	-5.01910921619357e-14	0.799999997153858	-7.90037228825805e-09	65.0055334036613	0.19999999999996
2.625	39.25	-8.17460218503257e-14	0.799999996987959	-7.85333471766135e-09	64.9815334037492	0.199999999999935
2.775	39.25	-1.21225242876742e-13	0.799999996823633	-7.80348506677544e-09	64.957533403842	0.199999999999903
2.925	39.25	-1.68687693415481e-13	0.799999996660173	-7.75131747186877e-09	64.9335334039398	0.199999999999865
3.075	39.25	-2.23416649517039e-13	0.799999996497538	-7.69640565320495e-09	64.9095334040425	0.199999999999821
3.225	39.25	-2.83611672474603e-13	0.79999999633702	-7.63891924187565e-09	64.88553340415	0.199999999999773
3.375	39.25	-3.46035690531097e-13	0.799999996177561	-7.57904751830132e-09	64.8615334042623	0.199999999999723
3.525	39.25	-4.05628545648999e-13	0.79999999601957	-7.51663565600563e-09	64.8375334043794	0.199999999999676
3.675	39.25	-4.55107087707204e-13	0.799999995863249	-7.4518350097382e-09	64.8135334045012	0.199999999999636
3.825	39.25	-4.84582706598234e-13	0.799999995707953	-7.38444942618973e-09	64.7895334046277	0.199999999999612
3.975	39.25	-4.8123993569154e-13	0.799999995554827	-7.3148123510184e-09	64.7655334047588	0.199999999999615
4.125	39.25	-4.29134298964592e-13	0.799999995403357	-7.24269203888855e-09	64.7415334048945	0.199999999999657
4.275	39.25	-3.0918336241948e-13	0.799999995253661	-7.16829599581359e-09	64.7175334050347	0.199999999999753
4.425	39.25	-9.94413030614958e-14	0.799999995105208	-7.09167331658606e-09	64.6935334051794	0.19999999999992
4.575	39.25	2.24237051419851e-13	0.799999994959184	-7.01276165553608e-09	64.6695334053284	0.200000000000179
4.725	39.25	6.87023340523841e-13	0.799999994814909	-6.93172390461531e-09	64.6455334054818	0.20000000000055
4.875	39.25	1.31330563099516e-12	0.799999994672547	-6.84839430696217e-09	64.6215334056394	0.200000000001051
5.025	39.25	2.12411094693008e-12	0.799999994532354	-6.76296020688376e-09	64.5975334058012	0.200000000001699
5.175	39.25	3.13363845660287e-12	0.799999994393769	-6.6755256211688e-09	64.5735334059671	0.200000000002507
5.325	39.25	4.34480355764468e-12	0.799999994257303	-6.5860791064759e-09	64.5495334061369	0.200000000003476
5.475	39.25	5.74373325428993e-12	0.799999994123319	-6.49440718679906e-09	64.5255334063108	0.200000000004595
5.625	39.25	7.29321538590688e-12	0.79999999399149	-6.40088098759818e-09	64.5015334064884	0.200000000005835
5.775	39.25	8.92519280973597e-12	0.799999993861236	-6.30545446961307e-09	64.4775334066699	0.20000000000714
5.925	39.25	1.05325120729742e-11	0.799999993734256	-6.20810581234137e-09	64.453533406855	0.200000000008426
6.075	39.25	1.1960287543646e-11	0.799999993608558	-6.10910673300203e-09	64.4295334070438	0.200000000009568
6.225	39.25	1.29974275895945e-11	0.799999993485217	-6.00818611102915e-09	64.4055334072362	0.200000000010398
6.375	39.25	1.33690888246905e-11	0.799999993365127	-5.9055780362055e-09	64.3815334074322	0.200000000010695
6.525	39.25	1.27310739022899e-11	0.799999993246067	-5.80124454841298e-09	64.3575334076318	0.200000000010185
6.675	39.25	1.06674609793907e-11	0.79999999313048	-5.69532275178496e-09	64.333533407835	0.200000000008534
6.825	39.25	6.69303683207327e-12	0.799999993017187	-5.58780453626807e-09	64.3095334080419	0.200000000005354
6.975	39.25	2.6238402492797e-13	0.799999992905923	-5.47877001727149e-09	64.2855334082527	0.20000000000021
7.125	39.25	-9.21227784385083e-12	0.799999992797346	-5.36821605039355e-09	64.2615334084675	0.19999999999263
7.275	39.25	-2.23322052540182e-11	0.799999992691684	-5.25616592396939e-09	64.2375334086866	0.199999999982134
7.425	39.25	-3.96698100472434e-11	0.799999992588124	-5.14292356079684e-09	64.2135334089103	0.199999999968264
7.575	39.25	-6.1710557856546e-11	0.799999992488043	-5.02819406778233e-09	64.1895334091389	0.199999999950632
7.725	39.25	-8.87769672941153e-11	0.799999992390333	-4.91221408750329e-09	64.1655334093729	0.199999999928978
7.875	39.25	-1.20933061321989e-10	0.799999992296023	-4.79508686471163e-09	64.1415334096125	0.199999999903254
8.025	39.25	-1.57868390451059e-10	0.799999992204205	-4.6765719246158e-09	64.1175334098583	0.199999999873705
8.175	39.25	-1.98761870148026e-10	0.799999992116238	-4.55705642448543e-09	64.0935334101106	0.199999999840991
8.325	39.25	-2.42127204885457e-10	0.799999992031724	-4.4365529963217e-09	64.0695334103695	0.199999999806298
8.475	39.25	-2.85643651318186e-10	0.799999991950288	-4.31487563859302e-09	64.0455334106352	0.199999999771485
8.625	39.25	-3.2597833159573e-10	0.799999991872941	-4.1923562660998e-09	64.0215334109073	0.199999999739217
8.775	39.25	-3.58609250143683e-10	0.799999991799396	-4.06881132561974e-09	63.9975334111854	0.199999999713113
8.925	39.25	-3.77661569929344e-10	0.799999991730006	-3.94449978889458e-09	63.9735334114682	0.199999999697871
9.075	39.25	-3.75773504602627e-10	0.799999991664691	-3.819329466196e-09	63.9495334117541	0.199999999699381
9.225	39.25	-3.44012273042154e-10	0.799999991603265	-3.69349856532038e-09	63.9255334120405	0.19999999972479
9.375	39.25	-2.71864779101928e-10	0.7999999915461	-3.56685867082778e-09	63.9015334123239	0.199999999782508
9.525	39.25	-1.47331797930856e-10	0.799999991492888	-3.43949585690162e-09	63.8775334125999	0.199999999882135
9.675	39.25	4.28418207883399e-11	0.799999991443234	-3.31179241395365e-09	63.8535334128627	0.200000000034273
9.825	39.25	3.12765442927391e-10	0.799999991396375	-3.18327472386266e-09	63.8295334131051	0.200000000250212
9.975	39.25	6.76792143797783e-10	0.799999991352406	-3.05446413994844e-09	63.8055334133188	0.200000000541434
10.125	39.25	1.14866198814797e-09	0.79999999130947	-2.92514418227143e-09	63.781533413494	0.20000000091893
10.275	39.25	1.74036376835669e-09	0.799999991267089	-2.79555296662e-09	63.7575334136197	0.200000001392291
10.425	39.25	2.46068476133721e-09	0.799999991223864	-2.66543191924127e-09	63.7335334136839	0.200000001968548
10.575	39.25	3.31342634628781e-09	0.799999991177667	-2.53515118542908e-09	63.7095334136738	0.200000002650741
10.725	39.25	4.29527557447021e-09	0.799999991126557	-2.40463965735059e-09	63.685533413577	0.20000000343622
10.875	39.25	5.39333951728624e-09	0.799999991068565	-2.27391387529172e-09	63.6615334133815	0.200000004314672
11.025	39.25	6.58237085478901e-09	0.799999991001506	-2.14308285153199e-09	63.6375334130774	0.200000005265897
11.175	39.25	7.82173996595795e-09	0.799999990922121	-2.01225860363604e-09	63.6135334126576	0.200000006257392
11.325	39.25	9.05224079665273e-09	0.799999990828334	-1.88139632627969e-09	63.5895334121203	0.200000007241793
11.475	39.25	1.01928547981566e-08	0.799999990717436	-1.75052869291548e-09	63.5655334114699	0.200000008154284
11.625	39.25	1.11376387123729e-08	0.799999990587457	-1.61974791525487e-09	63.5415334107202	0.200000008910111
11.775	39.25	1.17529470215473e-08	0.799999990436259	-1.48906613456403e-09	63.5175334098962	0.200000009402358
11.925	39.25	1.18752471612149e-08	0.799999990263025	-1.35863163209489e-09	63.4935334090375	0.200000009500198
12.075	39.25	1.13098333621811e-08	0.799999990067814	-1.22836605493469e-09	63.4695334082004	0.200000009047867
12.225	39.25	9.83079105526389e-09	0.799999989851683	-1.09853605234295e-09	63.4455334074619	0.200000007864633
12.375	39.25	7.18260555783851e-09	0.799999989617624	-9.6889579955628e-10	63.4215334069218	0.200000005746084
12.525	39.25	3.08384335450557e-09	0.799999989370664	-8.39612497955144e-10	63.3975334067058	0.200000002467075
12.675	39.25	-2.76664142344726e-09	0.799999989118204	-7.10813207580446e-10	63.3735334069675	0.199999997786687
12.825	39.25	-1.06805118520342e-08	0.799999988869913	-5.82500396830986e-10	63.3495334078899	0.19999999145559
12.975	39.25	-2.09673063865924e-08	0.799999988639672	-4.54699073602181e-10	63.3255334096859	0.199999983226155
13.125	39.25	-3.39179164171504e-08	0.799999988443859	-3.27489054807307e-10	63.3015334125972	0.199999972865667
13.275	39.25	-4.97837932710327e-08	0.7999999883021	-2.00823657349524e-10	63.2775334168915	0.199999960172965
13.425	39.25	-6.87515583723764e-08	0.799999988239451	-7.47584868062563e-11	63.2535334228576	0.199999944998753
13.575	39.25	-9.09127710181337e-08	0.79999998828382	5.04993903560422e-11	63.2295334307975	0.199999927269783
13.725	39.25	-1.16228700444609e-07	0.79999998846722	1.75074491282681e-10	63.2055334410158	0.19999990701704
13.875	39.25	-1.44490042710086e-07	0.799999988825907	2.988576374397e-10	63.1815334538054	0.199999884407966
14.025	39.25	-1.75271603137701e-07	0.799999989400417	4.21753080270032e-10	63.1575334694283	0.199999859782718
14.175	39.25	-2.07882009256343e-07	0.799999990234432	5.43905597610045e-10	63.1335334880935	0.199999833694393
14.325	39.25	-2.4130849586884e-07	0.799999991376385	6.65050797174308e-10	63.1095335099276	0.199999806953203
14.475	39.25	-2.74156669837483e-07	0.799999992878636	7.85300565601839e-10	63.0855335349421	0.199999780674664
14.625	39.25	-3.04584859190656e-07	0.799999994799025	9.04588125092575e-10	63.061533562993	0.199999756332113
14.775	39.25	-3.3023210157299e-07	0.799999997201602	1.02279022282251e-09	63.0375335937345	0.199999735814319
14.925	39.25	-3.48137928181955e-07	0.8000000001593	1.13994016050075e-09	63.0135336265655	0.199999721489657
15.075	39.25	-3.54650715692762e-07	0.800000003759197	1.25597489449445e-09	62.9895336605674	0.199999716279427
15.225	39.25	-3.45319332054336e-07	0.800000008107639	1.37092452633703e-09	62.9655336944328	0.199999723744534
15.375	39.25	-3.14759857946723e-07	0.800000013341463	1.48469467949139e-09	62.9415337263822	0.199999748192114
15.525	39.25	-2.56485015469178e-07	0.800000019640784	1.59725599386411e-09	62.9175337540663	0.199999794811988
15.675	39.25	-1.6267817204593e-07	0.800000027252042	1.70863971643567e-09	62.8935337744489	0.199999869857462
15.825	39.25	-2.38858712014863e-08	0.800000036515582	1.81863410614055e-09	62.8695337836653	0.199999980891303
15.975	39.25	1.71407945823686e-07	0.800000047907886	1.92731166538018e-09	62.8455337768441	0.200000137126357
16.125	39.25	4.37377485809456e-07	0.800000062098279	2.03472169272748e-09	62.8215337478805	0.200000349901989
16.275	39.25	7.9169162713475e-07	0.800000080026647	2.14076177782301e-09	62.7975336891417	0.200000633353302
16.425	39.25	1.25668925515908e-06	0.800000103011282	2.24536386175407e-09	62.7735335910741	0.200001005351404
16.575	39.25	1.861027062546e-06	0.80000013289376	2.34860023398061e-09	62.7495334416767	0.20000148882165
16.725	39.25	2.64198156111225e-06	0.800000172235579	2.4502119020664e-09	62.7255332257833	0.200002113585249
16.875	39.25	3.64865148538798e-06	0.800000224584849	2.5504509638126e-09	62.701532924082	0.200002918921188
17.025	39.25	4.94639296892469e-06	0.800000294833741	2.64915140949506e-09	62.6775325117669	0.200003957114375
17.175	39.25	6.62293527124831e-06	0.800000389700169	2.74639228952223e-09	62.6535319566841	0.200005298348217
17.325	39.25	8.79677988268412e-06	0.800000518379201	2.84194546523584e-09	62.6295312167807	0.200007037423906
17.475	39.25	1.16286953956942e-05	0.800000693417579	2.93595452417903e-09	62.6055302365986	0.200009302956317
17.625	39.25	1.53374052191035e-05	0.800000931902896	3.02833009173982e-09	62.5815289424642	0.200012269924175
17.775	39.25	2.02209519964139e-05	0.800001257063232	3.11908136157603e-09	62.5575272358992	0.200016176761597
17.925	39.25	2.66857440830444e-05	0.800001700425116	3.20800509438485e-09	62.5335249846115	0.200021348595266
18.075	39.25	3.52859827356275e-05	0.800002304693009	3.29541243718683e-09	62.5095220101999	0.200028228786189
18.225	39.25	4.67770777368898e-05	0.800003127576822	3.38089784519907e-09	62.4855180714017	0.20003742166219
18.375	39.25	6.21878482853394e-05	0.800004246877942	3.46461935418895e-09	62.4615128413113	0.200049750278628
18.525	39.25	8.291789142523e-05	0.800005767319381	3.54657551022915e-09	62.4375058764588	0.20006633431314
18.675	39.25	0.000110868697645402	0.800007829872874	3.62660648635911e-09	62.4134965749222	0.200088694958116
18.825	39.25	0.000148620253615928	0.80001062469885	3.70468358763855e-09	62.3894841196681	0.200118896202893
18.975	39.25	0.000199669452317984	0.80001440911686	3.78071381255857e-09	62.3654674019726	0.200159735561854
19.125	39.25	0.000268753039500248	0.800019532054045	3.85474167033334e-09	62.3414449178958	0.2002150024316
19.275	39.25	0.000362286151127452	0.800026466013004	3.92627919101944e-09	62.3174146282059	0.200289828920902
19.425	39.25	0.000488957295793797	0.800035846872434	3.99558205874627e-09	62.2933737686928	0.200391165836635
19.575	39.25	0.000660531176722256	0.800048521782931	4.0621002567595e-09	62.2693185933861	0.200528424941378
19.725	39.25	0.000892922191720261	0.800065607679291	4.12572707243268e-09	62.2452440277079	0.200714337753376
19.875	39.25	0.00120761710259502	0.800088569378882	4.18595979347314e-09	62.2211432018048	0.200966093682076
20.025	39.25	0.00163355408899989	0.800119336649674	4.24221348501229e-09	62.1970068253915	0.2013068432712
20.175	39.25	0.00220962175320205	0.800160489074383	4.29371759413203e-09	62.1728223524344	0.201767697402562
20.325	39.25	0.00298804031599492	0.800215534284759	4.33970576472988e-09	62.1485728635616	0.202390432252796
20.475	39.25	0.00403902959278309	0.800289272893271	4.37872716919531e-09	62.1242355620706	0.203231223674226
20.625	39.25	0.00545732364621626	0.800388170112688	4.40918034280831e-09	62.0997797330946	0.204365858916973
20.775	39.25	0.00737118394906945	0.800520545884918	4.42874435457424e-09	62.075163957315	0.205896947159256
20.925	39.25	0.00995447740999461	0.800696289132676	4.43458374022803e-09	62.0503323121338	0.207963581927996
21.075	39.25	0.0134420119695138	0.800925761238544	4.42328920296539e-09	62.0252092568177	0.210753609575611
21.225	39.25	0.0181476175510204	0.801217642036918	4.39018420468349e-09	61.9996929135789	0.214518094040816
21.375	39.25	0.0244834934657483	0.801575707997351	4.33057528270754e-09	61.9736465523732	0.219586794772599
21.525	39.25	0.0329782628705529	0.801994871183741	4.23932070408447e-09	61.9468882814328	0.226382610296442
21.675	39.25	0.0442900720913606	0.802457173358313	4.11187466841847e-09	61.9191792446583	0.235432057673088
21.825	39.25	0.0592098317386402	0.802928785263093	3.94579144887982e-09	61.8902110383774	0.247367865390912
21.975	39.25	0.0786480164043809	0.803359398467165	3.74154505559678e-09	61.8595936107569	0.262918413123505
22.125	39.25	0.103596190350508	0.803685581510206	3.50361021265169e-09	61.8268456449135	0.282876952280407
22.275	39.25	0.135052302601425	0.803839326599255	3.24064961926905e-09	61.7913903723901	0.30804184208114
22.425	39.25	0.17389899336992	0.803761742660727	2.96440304477746e-09	61.7525608008426	0.339119194695936
22.575	39.25	0.22073058469709	0.80341969421388	2.68825117444698e-09	61.7096190619205	0.376584467757672
22.725	39.25	0.275641526531032	0.802820791025174	2.42470864467916e-09	61.6617941874632	0.420513221224825
22.875	39.25	0.338017856037477	0.802020579107134	2.18385994205604e-09	61.6083400348505	0.470414284829982
23.025	39.25	0.406404723092657	0.801116451904658	1.97241605059591e-09	61.5486096063213	0.525123778474125
23.175	39.25	0.478534571966124	0.800226929934657	1.79346169634322e-09	61.4821344453839	0.582827657572899
23.325	39.25	0.551566086436712	0.79946197240015	1.64702174882563e-09	61.4086912901911	0.641252869149369
23.475	39.25	0.622501307640172	0.798895931053081	1.53103206510172e-09	61.3283372603107	0.698001046112137
23.625	39.25	0.688659257606648	0.798554411196198	1.44215069796402e-09	61.2414022315082	0.750927406085318
23.775	39.25	0.748051809953604	0.798418744784384	1.37645450471604e-09	61.1484403425254	0.798441447962883
23.925	39.25	0.799557780938049	0.798442569854698	1.33007788174688e-09	61.0501550459083	0.839646224750439
24.075	39.25	0.842886470212555	0.798570850604839	1.29943795411269e-09	60.9473175556879	0.874309176170044
24.225	39.25	0.878398155887256	0.798753962213656	1.28134981095962e-09	60.8406956991566	0.902718524709805
24.375	39.25	0.906872100308737	0.79895449298945	1.27313061438881e-09	60.7310025561752	0.92549768024699
24.525	39.25	0.92929219805447	0.79914819639169	1.27260869674287e-09	60.6188665401912	0.943433758443576
24.675	39.25	0.946685093995785	0.799321772732465	1.27801290151687e-09	60.5048195402326	0.957348075196628
24.825	39.25	0.960016774575314	0.799469692168682	1.2878697815257e-09	60.3892977920147	0.968013419660251
24.975	39.25	0.970138073026824	0.799591292850989	1.30109608739349e-09	60.2726503230433	0.976110458421459
25.125	39.25	0.977764769194787	0.799688596949138	1.31680870003217e-09	60.1551509649904	0.98221181535583
25.275	39.25	0.983479107255978	0.799764851841418	1.33429863187907e-09	60.0370112464847	0.986783285804782
25.425	39.25	0.987742791097156	0.799823640561268	1.3530745756754e-09	59.918392588479	0.990194232877725
25.575	39.25	0.990914817858304	0.79986838648773	1.37270644106182e-09	59.7994170196238	0.992731854286643
25.725	39.25	0.993270126783915	0.799902111393771	1.39286736740934e-09	59.680176140528	0.994616101427132
25.875	39.25	0.995016874799491	0.799927347787724	1.41338345585361e-09	59.5607383637565	0.996013499839593
26.025	39.25	0.99631133995768	0.799946140050307	1.43403081444092e-09	59.4411546093418	0.997049071966144
26.175	39.25	0.997270176120751	0.799960092185293	1.45473058091e-09	59.3214626967885	0.9978161408966
26.325	39.25	0.997980145940421	0.799970435502844	1.47534255263764e-09	59.2016906817251	0.998384116752337
26.475	39.25	0.99850565470387	0.799978099959481	1.49580177835001e-09	59.0818593637852	0.998804523763096
26.625	39.25	0.998894473355603	0.799983780007125	1.51608296201289e-09	58.9619841581799	0.999115578684483
26.775	39.25	0.999182029806699	0.799987990657746	1.53611736642589e-09	58.8420764865952	0.999345623845359
26.925	39.25	0.999394600868933	0.799991112618361	1.55589332226895e-09	58.7221448089021	0.999515680695146
27.075	39.25	0.999551676930281	0.7999934271876	1.57539189470492e-09	58.6021953881516	0.999641341544225
27.225	39.25	0.999667711986963	0.799995142477155	1.59457095939504e-09	58.482232858068	0.999734169589571
27.375	39.25	0.999753419908325	0.799996412758917	1.61347767815327e-09	58.3622606443196	0.99980273592666
27.525	39.25	0.999816736207034	0.799997352610413	1.63204559548162e-09	58.2422812774056	0.999853388965627
27.675	39.25	0.999863532816361	0.799998047238011	1.65029864976421e-09	58.1222966250683	0.999890826253089
27.825	39.25	0.999898149900102	0.799998560037651	1.66823581074057e-09	58.0023080648695	0.999918519920082
27.975	39.25	0.99992379167812	0.799998938166503	1.68586043406507e-09	57.882316612241	0.999939033342496
28.125	39.25	0.999942820940878	0.799999216675344	1.70313948044925e-09	57.7623230153979	0.999954256752702
28.275	39.25	0.999956977996921	0.79999942158787	1.7201274676988e-09	57.642327825607	0.999965582397537
28.425	39.25	0.999967543255845	0.799999572202286	1.73677894460169e-09	57.5223314491402	0.999974034604676
28.575	39.25	0.999975457806047	0.799999682811857	1.75311531589058e-09	57.4023341856379	0.999980366244838
28.725	39.25	0.999981412728959	0.799999763990876	1.769134341523e-09	57.282336256396	0.999985130183167
28.875	39.25	0.999985915176921	0.799999823552782	1.78486652939366e-09	57.1623378251956	0.999988732141537
29.025	39.25	0.999989337201682	0.799999867263941	1.80027920479469e-09	57.0423390136156	0.999991469761345
29.175	39.25	0.999991951790875	0.799999899373669	1.81538535587659e-09	56.9223399122734	0.9999935614327
29.325	39.25	0.999993959424976	0.799999923008257	1.83021663777521e-09	56.8023405890595	0.999995167539981
29.475	39.25	0.999995507614449	0.79999994046236	1.84472515311239e-09	56.6823410951612	0.99999640609156
29.625	39.25	0.999996705242198	0.799999953416506	1.85893759892493e-09	56.5623414694588	0.999997364193758
29.775	39.25	0.999997633065894	0.799999963097508	1.87287463291801e-09	56.4423417417297	0.999998106452715
29.925	39.25	0.999998351385306	0.799999970397852	1.88652646322168e-09	56.3223419349808	0.999998681108245
30.075	39.25	0.999998905620676	0.799999975964507	1.89989766876985e-09	56.2023420671444	0.99999912449654
30.225	39.25	0.999999330355718	0.799999980264306	1.91299813837932e-09	56.0823421523123	0.999999464284575
30.375	39.25	0.999999652255983	0.799999983632972	1.92580565337599e-09	55.9623422016368	0.999999721804787
30.525	39.25	0.999999892166611	0.799999986310814	1.93837137995353e-09	55.8423422239893	0.999999913733289
30.675	39.25	1.00000006661444	0.799999988469361	1.95064586055441e-09	55.7223422264476	1.00000005329155
30.825	39.25	1.00000018888044	0.799999990231052	1.96267251939811e-09	55.6023422146585	1.00000015110435
30.975	39.25	1.00000026976429	0.799999991683152	1.97442199121048e-09	55.4823421931132	1.00000021581143
31.125	39.25	1.00000031813023	0.799999992888421	1.98594334039647e-09	55.3623421653588	1.00000025450419
31.275	39.25	1.00000034129912	0.79999999389236	1.99719708921308e-09	55.2423421341657	1.0000002730393
31.425	39.25	1.00000034533334	0.799999994728838	2.00822826772909e-09	55.1223421016617	1.00000027626668
31.575	39.25	1.00000033524795	0.799999995423562	2.01898661249421e-09	55.002342069443	1.00000026819836
31.725	39.25	1.00000031517155	0.799999995996876	2.02952967483733e-09	54.882342038667	1.00000025213724
31.875	39.25	1.00000028847336	0.79999999646543	2.03982829151418e-09	54.7623420101311	1.00000023077869
32.025	39.25	1.00000025786736	0.799999996843329	2.04989150082111e-09	54.6423419843405	1.00000020629389
32.175	39.25	1.00000022550095	0.799999997143161	2.05974358758026e-09	54.5223419615675	1.00000018040076
32.325	39.25	1.00000019303282	0.799999997375977	2.06935892377086e-09	54.4023419419014	1.00000015442625
32.475	39.25	1.00000016170283	0.799999997552106	2.07874920842305e-09	54.2823419252924	1.00000012936226
32.625	39.25	1.00000013239565	0.79999999768068	2.08792957601867e-09	54.1623419115889	1.00000010591652
32.775	39.25	1.00000010569877	0.799999997770281	2.0969084267893e-09	54.0423419005683	1.00000008455901
32.925	39.25	1.00000008195549	0.799999997828456	2.10567265815738e-09	53.9223418919636	1.00000006556439
33.075	39.25	1.0000000613128	0.799999997862191	2.1142361766488e-09	53.8023418854843	1.00000004905024
33.225	39.25	1.00000004376435	0.799999997877523	2.12258471001202e-09	53.6823418808329	1.00000003501148
33.375	39.25	1.00000002918825	0.799999997879555	2.13075073120731e-09	53.5623418777183	1.0000000233506
33.525	39.25	1.0000000173799	0.799999997872946	2.13873201237536e-09	53.4423418758649	1.00000001390392
33.675	39.25	1.00000000808002	0.799999997861365	2.1464976327514e-09	53.3223418750195	1.00000000646402
33.825	39.25	1.00000000099792	0.799999997847772	2.15410048641354e-09	53.2023418749552	1.00000000079833
33.975	39.25	0.999999995830294	0.799999997834569	2.16150730936036e-09	53.0823418754736	0.999999996664236
34.125	39.25	0.999999992276158	0.799999997823542	2.16873613624503e-09	52.9623418764054	0.999999993820926
34.275	39.25	0.999999990047893	0.799999997816031	2.17577869373412e-09	52.8423418776095	0.999999992038314
34.425	39.25	0.999999988879276	0.799999997812717	2.18267425831643e-09	52.7223418789714	0.999999991103421
34.575	39.25	0.999999988530639	0.799999997814149	2.18938227486289e-09	52.6023418804009	0.999999990824511
34.725	39.25	0.999999988791746	0.799999997820481	2.19592497052829e-09	52.4823418818293	0.999999991033397
34.875	39.25	0.999999989482806	0.79999999783165	2.20231131831989e-09	52.3623418832067	0.999999991586245
35.025	39.25	0.999999990454003	0.799999997847353	2.20852995628466e-09	52.2423418844991	0.999999992363203
35.175	39.25	0.999999991583952	0.799999997867286	2.21461300301685e-09	52.1223418856853	0.999999993267162
35.325	39.25	0.99999999277733	0.799999997890949	2.22052435063012e-09	52.0023418867548	0.999999994221864
35.475	39.25	0.999999993962091	0.799999997917833	2.22629811639304e-09	51.8823418877048	0.999999995169673
35.625	39.25	0.99999999508636	0.799999997947479	2.23191141554782e-09	51.7623418885387	0.999999996069088
35.775	39.25	0.99999999611536	0.799999997979365	2.23740823603386e-09	51.642341889264	0.999999996892288
35.925	39.25	0.999999997028285	0.799999998013041	2.2427390645851e-09	51.5223418898908	0.999999997622628
36.075	39.25	0.999999997815457	0.799999998048125	2.24795120729111e-09	51.4023418904307	0.999999998252366
36.225	39.25	0.999999998475751	0.799999998084185	2.25301654567459e-09	51.2823418908958	0.999999998780601
36.375	39.25	0.999999999014285	0.799999998120967	2.25796382331693e-09	51.1623418912981	0.999999999211428
36.525	39.25	0.999999999440457	0.799999998158136	2.26275904233888e-09	51.0423418916488	0.999999999552365
36.675	39.25	0.999999999766333	0.799999998195594	2.26745708405354e-09	50.9223418919581	0.999999999813067
36.825	39.25	1.00000000000535	0.799999998233049	2.27202404408628e-09	50.802341892235	1.00000000000428
36.975	39.25	1.00000000017135	0.79999999827053	2.27646585637309e-09	50.6823418924871	1.00000000013708
37.125	39.25	1.00000000027791	0.79999999830786	2.28080894613397e-09	50.5623418927209	1.00000000022233
37.275	39.25	1.0000000003377	0.79999999834488	2.28501415161633e-09	50.4423418929414	1.00000000027016
37.425	39.25	1.00000000036183	0.799999998381619	2.28912428224784e-09	50.3223418931526	1.00000000028946
37.575	39.25	1.00000000035913	0.799999998417852	2.29311544225953e-09	50.2023418933575	1.00000000028731
37.725	39.25	1.00000000033566	0.799999998453862	2.29700407253782e-09	50.0823418935583	1.00000000026853
37.875	39.25	1.00000000029552	0.799999998490024	2.30078958230171e-09	49.9623418937569	1.00000000023642
38.025	39.25	1.00000000024452	0.799999998527582	2.30447323992487e-09	49.8423418939546	1.00000000019562
38.175	39.25	1.00000000019656	0.799999998567034	2.30806528455636e-09	49.7223418941517	1.00000000015725
38.325	39.25	1.00000000017804	0.799999998607068	2.31155656222642e-09	49.6023418943467	1.00000000014243
38.475	39.25	1.0000000002182	0.799999998641282	2.31495455176038e-09	49.4823418945354	1.00000000017456
38.625	39.25	1.00000000031038	0.79999999865919	2.3182511213912e-09	49.3623418947125	1.00000000024831
38.775	39.25	1.00000000034601	0.799999998654314	2.32146163840147e-09	49.2423418948781	1.00000000027681
38.925	39.25	1.00000000007387	0.799999998644451	2.3246071251401e-09	49.1223418950498	1.00000000005909
39.075	39.25	0.999999999212018	0.799999998695932	2.32763563586701e-09	49.0023418952706	0.999999999369614
39.225	39.25	0.999999997861577	0.799999998917551	2.33059614231603e-09	48.8823418955923	0.999999998289262
39.375	39.25	0.999999997187161	0.799999999370675	2.33348382860402e-09	48.7623418960059	0.999999997749729
39.525	39.25	0.999999999800269	0.79999999986178	2.33628435375057e-09	48.6423418963212	0.999999999840215
39.675	39.25	1.0000000085499	0.799999999712282	2.33900499387083e-09	48.5223418960857	1.00000000683992
39.825	39.25	1.00000002228111	0.799999997839505	2.34164916751676e-09	48.4023418947659	1.00000001782489
39.975	39.25	1.00000002906866	0.799999993679889	2.34422112409092e-09	48.2823418924559	1.00000002325493
40.125	39.25	1.00000000269436	0.799999989218087	2.34672753137305e-09	48.1623418910808	1.00000000215548
40.275	39.25	0.999999915051605	0.7999999911309	2.34917058562371e-09	48.0423418951732	0.999999932041284
40.425	39.25	0.999999777875207	0.80000000980373	2.35152151765649e-09	47.9223419100516	0.999999822300165
40.575	39.25	0.999999707649962	0.80000005034172	2.35382393720272e-09	47.80234193488	0.99999976611997
40.725	39.25	0.999999957517803	0.800000093556289	2.35605990073613e-09	47.6823419510803	0.999999966014242
40.875	39.25	1.00000079734945	0.800000076762209	2.35822517140625e-09	47.5623419149698	1.00000063787956
41.025	39.25	1.00000212196186	0.799999904245236	2.36032338845865e-09	47.4423417749606	1.00000169756949
41.175	39.25	1.00000285290253	0.799999530114979	2.36237274197848e-09	47.3223415362796	1.00000228232202
41.325	39.25	1.00000065163093	0.799999127863348	2.36436587057027e-09	47.2023413681691	1.00000052130475
41.475	39.25	0.999993003857975	0.799999255420675	2.36631199144202e-09	47.0823416728076	0.99999440308638
41.625	39.25	0.999980706637788	0.800000756028417	2.36820387082263e-09	46.962342934801	0.999984565310231
41.775	39.25	0.99997313846412	0.800004040656523	2.37004267809242e-09	46.8423451503281	0.999978510771296
41.925	39.25	0.999990827520916	0.800007657575389	2.37176522983609e-09	46.722346880045	0.999992662016733
42.075	39.25	1.00005637953651	0.800006936199334	2.37334667573792e-09	46.6023446141884	1.00004510362921
42.225	39.25	1.0001652888613	0.799994824077828	2.3747980432854e-09	46.4823339742203	1.00013223108904
42.375	39.25	1.00024184955236	0.799967674153461	2.37625878808796e-09	46.362314431709	1.00019347964189
42.525	39.25	1.00011633628378	0.79993655043481	2.37806312503325e-09	46.2422972387365	1.00009306902703
42.675	39.25	0.999594226904135	0.799937860636867	2.38054753783816e-09	46.1223111317836	0.999675381523308
42.825	39.25	0.998683926303138	0.800027372433573	2.38374926841062e-09	46.0023937829284	0.99894714104251
42.975	39.25	0.997944673225503	0.800237006819853	2.38657506118757e-09	45.8825556148492	0.998355738580403
43.125	39.25	0.998684258979727	0.800490005461774	2.38655333636642e-09	45.7627174205335	0.998947407183781
43.275	39.25	1.00248296175524	0.800522975141344	2.38063644251651e-09	45.6426613902194	1.00198636940419
43.425	39.25	1.00955927622488	0.799934825576434	2.36851400710272e-09	45.5220834876876	1.00764742097991
43.575	39.25	1.01623380735025	0.798479881619075	2.35717977840648e-09	45.4008457110362	1.0129870458802
43.725	39.25	1.01328677097233	0.796573391850412	2.36378251968892e-09	45.2794285547448	1.01062941677786
43.875	39.25	0.988680897763836	0.795833250652207	2.41186320387818e-09	45.1593335603083	0.990944718211069
44.025	39.25	0.93836789671945	0.799351007336444	2.51523630823992e-09	45.0428405278516	0.95069431737556
44.175	39.25	0.884673133592418	0.81019242873893	2.63563218749318e-09	44.9313520222293	0.907738506873935
44.325	39.25	0.889127901651619	0.824441952933476	2.6266206107495e-09	44.8222076681884	0.911302321321295
44.475	39.25	1.03257195116212	0.826489829195403	2.33363311714914e-09	44.7059572625785	1.0260575609297
44.625	39.25	1.34924434137168	0.808622133161317	1.87170676600704e-09	44.5677998267052	1.27939547309734
44.775	39.25	1.76408811737884	0.709537047670634	1.48605159200104e-09	44.3955930135946	1.61127049390307
44.925	39.25	2.11154506544674	0.83463681435492	1.26726151292967e-09	44.2248229939324	1.88923605235739
0.075	39.75	3.47473592288552e-16	0.399999999916664	-7.71192719475922e-09	65.3895334037503	0.2
0.225	39.75	1.0979649913386e-15	0.799999999750633	-7.70935015274268e-09	65.3655334037553	0.200000000000001
0.375	39.75	2.54818928727868e-15	0.799999999583942	-7.7041731182041e-09	65.3415334037652	0.200000000000002
0.525	39.75	4.61626582489564e-15	0.799999999417839	-7.69630518808537e-09	65.3175334037802	0.200000000000004
0.675	39.75	7.14881698072188e-15	0.799999999251852	-7.68575158193346e-09	65.2935334038002	0.200000000000006
0.825	39.75	9.93588428851396e-15	0.799999999086198	-7.67266071590772e-09	65.2695334038251	0.200000000000008
0.975	39.75	1.27379704049331e-14	0.799999998920924	-7.65709726455806e-09	65.245533403855	0.20000000000001
1.125	39.75	1.52997074438328e-14	0.799999998755794	-7.6388603843558e-09	65.2215334038899	0.200000000000012
1.275	39.75	1.73403388535983e-14	0.799999998591607	-7.6180238537222e-09	65.1975334039296	0.200000000000014
1.425	39.75	1.85241247751036e-14	0.799999998427468	-7.59456452653458e-09	65.1735334039744	0.200000000000015
1.575	39.75	1.84215048611527e-14	0.799999998264306	-7.56861860586454e-09	65.149533404024	0.200000000000015
1.725	39.75	1.64738684913683e-14	0.799999998101683	-7.54015639005603e-09	65.1255334040785	0.200000000000013
1.875	39.75	1.19727217449165e-14	0.799999997939863	-7.50905985525921e-09	65.1015334041379	0.20000000000001
2.025	39.75	4.06047188795573e-15	0.799999997778679	-7.47536568205466e-09	65.0775334042021	0.200000000000003
2.175	39.75	-8.24291953800772e-15	0.799999997618314	-7.43942670520376e-09	65.0535334042712	0.199999999999993
2.325	39.75	-2.59845091451327e-14	0.799999997458678	-7.40077837439079e-09	65.029533404345	0.199999999999979
2.475	39.75	-5.01910922197044e-14	0.799999997300395	-7.35984275223951e-09	65.0055334044236	0.19999999999996
2.625	39.75	-8.17460217346105e-14	0.799999997143138	-7.31640474987626e-09	64.981533404507	0.199999999999935
2.775	39.75	-1.21225242936682e-13	0.799999996986939	-7.27049919492573e-09	64.9575334045951	0.199999999999903
2.925	39.75	-1.68687693260943e-13	0.799999996831491	-7.22221195833029e-09	64.9335334046878	0.199999999999865
3.075	39.75	-2.23416649581188e-13	0.79999999667741	-7.17155705743825e-09	64.9095334047852	0.199999999999821
3.225	39.75	-2.83611672278213e-13	0.799999996524951	-7.118537031774e-09	64.8855334048872	0.199999999999773
3.375	39.75	-3.46035690611986e-13	0.799999996373197	-7.0632468670223e-09	64.8615334049938	0.199999999999723
3.525	39.75	-4.05628545420653e-13	0.799999996223436	-7.00555059591689e-09	64.8375334051049	0.199999999999676
3.675	39.75	-4.55107087837715e-13	0.799999996074374	-6.94564707714041e-09	64.8135334052205	0.199999999999636
3.825	39.75	-4.84582706372527e-13	0.799999995927498	-6.88357823581174e-09	64.7895334053405	0.199999999999612
3.975	39.75	-4.81239935937376e-13	0.799999995781582	-6.8191447469142e-09	64.7655334054649	0.199999999999615
4.125	39.75	-4.29134298814459e-13	0.799999995637618	-6.75266187317582e-09	64.7415334055937	0.199999999999657
4.275	39.75	-3.09183362890957e-13	0.7999999954952	-6.68402875827442e-09	64.7175334057267	0.199999999999753
4.425	39.75	-9.94413031088331e-14	0.799999995354451	-6.61322061011048e-09	64.693533405864	0.19999999999992
4.575	39.75	2.24237050563896e-13	0.799999995215603	-6.54038033516621e-09	64.6695334060055	0.200000000000179
4.725	39.75	6.87023340110924e-13	0.79999999507809	-6.46538521286944e-09	64.645533406151	0.20000000000055
4.875	39.75	1.31330562956378e-12	0.799999994942779	-6.38851633724316e-09	64.6215334063007	0.200000000001051
5.025	39.75	2.12411094596848e-12	0.799999994808911	-6.30954662743868e-09	64.5975334064542	0.200000000001699
5.175	39.75	3.13363845442764e-12	0.799999994677041	-6.22871916585722e-09	64.5735334066117	0.200000000002507
5.325	39.75	4.3448035560171e-12	0.799999994547294	-6.1458265477659e-09	64.549533406773	0.200000000003476
5.475	39.75	5.74373325133945e-12	0.799999994419665	-6.06146927744929e-09	64.525533406938	0.200000000004595
5.625	39.75	7.29321538371296e-12	0.799999994294166	-5.97496124711884e-09	64.5015334071067	0.200000000005835
5.775	39.75	8.92519280630696e-12	0.799999994169828	-5.88688590724077e-09	64.477533407279	0.20000000000714
5.925	39.75	1.05325120707674e-11	0.799999994048493	-5.79694994608965e-09	64.4535334074548	0.200000000008426
6.075	39.75	1.19602875406406e-11	0.79999999392879	-5.70530735566739e-09	64.4295334076341	0.200000000009568
6.225	39.75	1.29974275886934e-11	0.799999993811792	-5.61212146790131e-09	64.4055334078168	0.200000000010398
6.375	39.75	1.33690888239422e-11	0.799999993696086	-5.51721127434601e-09	64.3815334080029	0.200000000010695
6.525	39.75	1.27310739051084e-11	0.799999993583417	-5.42082720779319e-09	64.3575334081924	0.200000000010185
6.675	39.75	1.06674609839647e-11	0.79999999347228	-5.3226964903163e-09	64.3335334083854	0.200000000008534
6.825	39.75	6.69303684235461e-12	0.799999993363899	-5.22326397836935e-09	64.309533408582	0.200000000005354
6.975	39.75	2.62384039227409e-13	0.799999993257956	-5.12244733152791e-09	64.2855334087823	0.20000000000021
7.125	39.75	-9.21227782111424e-12	0.799999993153711	-5.02033927255283e-09	64.2615334089865	0.19999999999263
7.275	39.75	-2.23322052246021e-11	0.799999993052625	-4.91670546647551e-09	64.2375334091949	0.199999999982134
7.425	39.75	-3.96698100065164e-11	0.799999992953799	-4.81171952507185e-09	64.2135334094076	0.199999999968264
7.575	39.75	-6.17105578067937e-11	0.799999992857515	-4.70557866037489e-09	64.1895334096253	0.199999999950632
7.725	39.75	-8.87769672310434e-11	0.799999992763979	-4.59831089383265e-09	64.1655334098481	0.199999999928978
7.875	39.75	-1.20933061249234e-10	0.799999992673422	-4.48980200235287e-09	64.1415334100765	0.199999999903254
8.025	39.75	-1.57868390365591e-10	0.799999992585776	-4.38032830282558e-09	64.1175334103109	0.199999999873705
8.175	39.75	-1.98761870056066e-10	0.799999992500956	-4.26961589043595e-09	64.0935334105516	0.199999999840991
8.325	39.75	-2.42127204786629e-10	0.799999992419856	-4.15804448392601e-09	64.069533410799	0.199999999806298
8.475	39.75	-2.85643651222958e-10	0.79999999234184	-4.04542976742021e-09	64.0455334110529	0.199999999771485
8.625	39.75	-3.25978331508091e-10	0.799999992267316	-3.93188121009312e-09	64.0215334113133	0.199999999739217
8.775	39.75	-3.58609250080148e-10	0.799999992196735	-3.81757795362518e-09	63.9975334115795	0.199999999713113
8.925	39.75	-3.77661569900089e-10	0.799999992130152	-3.70237188093566e-09	63.9735334118503	0.199999999697871
9.075	39.75	-3.75773504631816e-10	0.799999992067073	-3.58637316886121e-09	63.9495334121242	0.199999999699381
9.225	39.75	-3.44012273147425e-10	0.799999992008145	-3.46979535618703e-09	63.9255334123985	0.19999999972479
9.375	39.75	-2.71864779315767e-10	0.799999991953296	-3.35248925941638e-09	63.9015334126697	0.199999999782508
9.525	39.75	-1.47331798278272e-10	0.799999991902054	-3.23465084457632e-09	63.8775334129335	0.199999999882135
9.675	39.75	4.28418202680064e-11	0.799999991853987	-3.11603714120192e-09	63.8535334131839	0.200000000034273
9.825	39.75	3.12765442204485e-10	0.799999991809241	-2.99711335285591e-09	63.829533413414	0.200000000250212
9.975	39.75	6.76792142830978e-10	0.799999991766414	-2.87763206219899e-09	63.8055334136153	0.200000000541434
10.125	39.75	1.14866198690984e-09	0.799999991724963	-2.75778357622596e-09	63.7815334137781	0.20000000091893
10.275	39.75	1.74036376681401e-09	0.799999991683828	-2.63749280383317e-09	63.7575334138913	0.200000001392291
10.425	39.75	2.46068475947701e-09	0.79999999164144	-2.51697312543771e-09	63.7335334139429	0.200000001968548
10.575	39.75	3.31342634410056e-09	0.799999991596063	-2.39611428950965e-09	63.7095334139203	0.200000002650741
10.725	39.75	4.29527557197715e-09	0.79999999154573	-2.27500818580825e-09	63.685533413811	0.20000000343622
10.875	39.75	5.39333951452394e-09	0.799999991488433	-2.15374954546166e-09	63.6615334136029	0.200000004314672
11.025	39.75	6.58237085183699e-09	0.799999991421236	-2.0323871245631e-09	63.6375334132861	0.200000005265897
11.175	39.75	7.82173996292917e-09	0.799999991342306	-1.91098023924228e-09	63.6135334128538	0.200000006257392
11.325	39.75	9.05224079371439e-09	0.799999991248436	-1.78950195285938e-09	63.5895334123038	0.200000007241793
11.475	39.75	1.01928547955257e-08	0.799999991137548	-1.66795986879126e-09	63.5655334116409	0.200000008154284
11.625	39.75	1.11376387103373e-08	0.799999991007041	-1.54665133561868e-09	63.5415334108786	0.200000008910111
11.775	39.75	1.1752947020454e-08	0.799999990855437	-1.42533979800716e-09	63.517533410042	0.200000009402358
11.925	39.75	1.1875247161493e-08	0.799999990681534	-1.30415698292597e-09	63.4935334091707	0.200000009500198
12.075	39.75	1.13098333643187e-08	0.79999999048558	-1.18320035956066e-09	63.4695334083211	0.200000009047867
12.225	39.75	9.8307910598396e-09	0.799999990268578	-1.06248521918489e-09	63.44553340757	0.200000007864633
12.375	39.75	7.18260556546208e-09	0.799999990033323	-9.42070137492304e-10	63.4215334070174	0.200000005746084
12.525	39.75	3.08384336587916e-09	0.799999989785027	-8.2204580196535e-10	63.397533406789	0.200000002467075
12.675	39.75	-2.76664140765092e-09	0.799999989531251	-7.023062306892e-10	63.3735334070382	0.199999997786687
12.825	39.75	-1.06805118310615e-08	0.799999989281302	-5.82971027491252e-10	63.3495334079483	0.199999991455591
12.975	39.75	-2.09673063598269e-08	0.799999989049461	-4.64107475309646e-10	63.325533409732	0.199999983226155
13.125	39.75	-3.39179163839192e-08	0.799999988851746	-3.4583573659709e-10	63.3015334126311	0.199999972865667
13.275	39.75	-4.97837932309564e-08	0.799999988708162	-2.2809459924287e-10	63.2775334169132	0.199999960172965
13.425	39.75	-6.87515583250654e-08	0.799999988643347	-1.10913933621946e-10	63.2535334228671	0.199999944998753
13.575	39.75	-9.0912770963712e-08	0.799999988685275	5.68986562736217e-12	63.2295334307949	0.199999927269783
13.725	39.75	-1.16228700383255e-07	0.799999988866234	1.21594952867042e-10	63.2055334410012	0.19999990701704
13.875	39.75	-1.44490042642734e-07	0.799999989222541	2.36732207802972e-10	63.1815334537788	0.199999884407966
14.025	39.75	-1.75271603065463e-07	0.79999998979427	3.51183934718797e-10	63.1575334693899	0.199999859782718
14.175	39.75	-2.07882009181344e-07	0.799999990625517	4.64786765066932e-10	63.1335334880433	0.199999833694393
14.325	39.75	-2.41308495793535e-07	0.799999991764521	5.77649892259308e-10	63.1095335098657	0.199999806953203
14.475	39.75	-2.74156669765589e-07	0.799999993263876	6.89575374386839e-10	63.0855335348686	0.199999780674664
14.625	39.75	-3.04584859126441e-07	0.799999995180965	8.00628054654648e-10	63.061533562908	0.199999756332113
14.775	39.75	-3.30232101522153e-07	0.799999997579852	9.10738380236138e-10	63.0375335936381	0.199999735814319
14.925	39.75	-3.48137928151127e-07	0.800000000534502	1.01996583498069e-09	63.0135336264578	0.199999721489657
15.075	39.75	-3.54650715690136e-07	0.800000004130715	1.12812726630607e-09	62.9895336604485	0.199999716279427
15.225	39.75	-3.45319332089493e-07	0.800000008475754	1.23520474836816e-09	62.9655336943028	0.199999723744534
15.375	39.75	-3.14759858031054e-07	0.800000013705308	1.34121862757164e-09	62.9415337262413	0.199999748192114
15.525	39.75	-2.56485015616144e-07	0.800000020001019	1.44614734283405e-09	62.9175337539144	0.199999794811988
15.675	39.75	-1.62678172271215e-07	0.800000027608227	1.5499128741522e-09	62.8935337742863	0.199999869857462
15.825	39.75	-2.38858715240749e-08	0.800000036867574	1.65249792246133e-09	62.8695337834921	0.199999980891303
15.975	39.75	1.7140794538154e-07	0.800000048255881	1.75402014817163e-09	62.8455337766604	0.200000137126356
16.125	39.75	4.37377485220158e-07	0.800000062441756	1.85421761363482e-09	62.8215337476865	0.200000349901988
16.275	39.75	7.91691626364914e-07	0.800000080365731	1.95311367958158e-09	62.7975336889374	0.200000633353301
16.425	39.75	1.25668925416633e-06	0.800000103345646	2.05069637185149e-09	62.7735335908597	0.200001005351403
16.575	39.75	1.86102706127697e-06	0.800000133223905	2.14704861301458e-09	62.7495334414523	0.200001488821649
16.725	39.75	2.64198155949784e-06	0.800000172560779	2.24209203994545e-09	62.725533225549	0.200002113585248
16.875	39.75	3.64865148333852e-06	0.800000224905299	2.33575143070601e-09	62.701532923838	0.200002918921187
17.025	39.75	4.946392966322e-06	0.800000295149361	2.42790967493783e-09	62.6775325115134	0.200003957114373
17.175	39.75	6.62293526793553e-06	0.800000390010744	2.51870021144512e-09	62.6535319564213	0.200005298348214
17.325	39.75	8.79677987845301e-06	0.800000518684598	2.60802921471927e-09	62.6295312165086	0.200007037423903
17.475	39.75	1.16286953902654e-05	0.800000693718195	2.69590934947101e-09	62.6055302363174	0.200009302956312
17.625	39.75	1.53374052121062e-05	0.800000932198092	2.782252325517e-09	62.5815289421741	0.20001226992417
17.775	39.75	2.0220951987349e-05	0.800001257353112	2.86709148311768e-09	62.5575272356003	0.20001617676159
17.925	39.75	2.66857440712501e-05	0.800001700709597	2.95039225650426e-09	62.533524984304	0.200021348595257
18.075	39.75	3.52859827202189e-05	0.800002304972149	3.03200216332137e-09	62.5095220098839	0.200028228786176
18.225	39.75	4.67770777166895e-05	0.80000312785038	3.11214178243407e-09	62.4855180710775	0.200037421662173
18.375	39.75	6.21878482587822e-05	0.800004247146023	3.19057445336794e-09	62.4615128409789	0.200049750278607
18.525	39.75	8.2917891390255e-05	0.80000576758168	3.26724125181981e-09	62.4375058761184	0.200066334313112
18.675	39.75	0.000110868697599275	0.800007830129766	3.342230016441e-09	62.4134965745741	0.200088694958079
18.825	39.75	0.00014862025355506	0.800010624949724	3.41539776104802e-09	62.3894841193124	0.200118896202844
18.975	39.75	0.000199669452237637	0.800014409361926	3.48663347049512e-09	62.3654674016094	0.20015973556179
19.125	39.75	0.000268753039394227	0.800019532293517	3.55592401513323e-09	62.3414449175253	0.200215002431515
19.275	39.75	0.000362286150987602	0.800026466246399	3.62320386155944e-09	62.3174146278284	0.20028982892079
19.425	39.75	0.000488957295609458	0.800035847100086	3.68817345834883e-09	62.2933737683084	0.200391165836488
19.575	39.75	0.00066053117647956	0.800048522004335	3.75068956601042e-09	62.269318592995	0.200528424941184
19.725	39.75	0.000892922191401103	0.800065607894833	3.81041068793912e-09	62.2452440273101	0.200714337753121
19.875	39.75	0.00120761710217598	0.800088569588203	3.8669453258228e-09	62.2211432014007	0.200966093681741
20.025	39.75	0.00163355408845074	0.800119336852839	3.919957854125e-09	62.1970068249813	0.201306843270761
20.175	39.75	0.00220962175248385	0.800160489271667	3.96860344152621e-09	62.1728223520182	0.201767697401987
20.325	39.75	0.00298804031505759	0.800215534475943	4.01207637176508e-09	62.1485728631396	0.202390432252046
20.475	39.75	0.00403902959156212	0.800289273078127	4.04905737631403e-09	62.1242355616429	0.20323122367325
20.625	39.75	0.00545732364462858	0.800388170291475	4.07808327741595e-09	62.0997797326615	0.204365858915703
20.775	39.75	0.00737118394700871	0.800520546057613	4.09699688803718e-09	62.0751639568767	0.205896947157607
20.925	39.75	0.00995447740732573	0.800696289299413	4.10338465873277e-09	62.0503323116904	0.207963581925861
21.075	39.75	0.0134420119660682	0.800925761399004	4.09367549240078e-09	62.0252092563695	0.210753609572855
21.225	39.75	0.0181476175465871	0.801217642191467	4.06388899788031e-09	61.999692913126	0.21451809403727
21.375	39.75	0.0244834934600725	0.801575708145952	4.00945532765282e-09	61.9736465519159	0.219586794768058
21.525	39.75	0.0329782628633318	0.801994871326744	3.92558058030542e-09	61.9468882809713	0.226382610290665
21.675	39.75	0.0442900720822435	0.802457173495877	3.80828295758072e-09	61.9191792441927	0.235432057665795
21.825	39.75	0.059209831727232	0.802928785395376	3.65507373028428e-09	61.8902110379078	0.247367865381786
21.975	39.75	0.0786480163902487	0.803359398594484	3.46648521854039e-09	61.8595936102836	0.262918413112199
22.125	39.75	0.103596190333209	0.803685581632838	3.24667400379628e-09	61.8268456444367	0.282876952266567
22.275	39.75	0.135052302580536	0.80383932671788	3.00345474062659e-09	61.7913903719098	0.308041842064429
22.425	39.75	0.173898993345123	0.803761742775076	2.74786110792909e-09	61.7525608003589	0.339119194676098
22.575	39.75	0.220730584668272	0.803419694324857	2.49229076757235e-09	61.7096190614333	0.376584467734618
22.725	39.75	0.27564152649837	0.802820791132944	2.24836606412606e-09	61.6617941869724	0.420513221198696
22.875	39.75	0.33801785600156	0.802020579211983	2.02541981020112e-09	61.608340034356	0.470414284801248
23.025	39.75	0.406404723054531	0.801116452006792	1.82973583804715e-09	61.5486096058227	0.525123778443625
23.175	39.75	0.47853457192719	0.800226930034378	1.66411783835903e-09	61.4821344448806	0.582827657541752
23.325	39.75	0.551566086398538	0.799461972497563	1.52865434458089e-09	61.4086912896826	0.641252869118831
23.475	39.75	0.622501307604266	0.798895931148411	1.4214263277576e-09	61.328337259796	0.698001046083413
23.625	39.75	0.688659257574202	0.79855441128955	1.33934013582332e-09	61.2414022309866	0.750927406059362
23.775	39.75	0.748051809925356	0.798418744876049	1.27885572867606e-09	61.1484403419959	0.798441447940284
23.925	39.75	0.799557780914268	0.798442569944691	1.23630011896619e-09	61.0501550453701	0.839646224731415
24.075	39.75	0.842886470193103	0.79857085069334	1.20832755625141e-09	60.9473175551402	0.874309176154483
24.225	39.75	0.878398155871734	0.798753962300766	1.19207415891162e-09	60.8406956985989	0.902718524697387
24.375	39.75	0.906872100296606	0.798954493075203	1.18500311609669e-09	60.731002555607	0.925497680237285
24.525	39.75	0.929292198045152	0.799148196476088	1.18510276805468e-09	60.618866539612	0.943433758436121
24.675	39.75	0.946685093988731	0.799321772815627	1.19069142198057e-09	60.5048195396423	0.957348075190985
24.825	39.75	0.960016774570047	0.799469692250494	1.20047465037853e-09	60.3892977914131	0.968013419656038
24.975	39.75	0.970138073022917	0.799591292931544	1.21338489034512e-09	60.2726503224303	0.976110458418334
25.125	39.75	0.977764769191903	0.799688597028497	1.22857433807417e-09	60.1551509643659	0.982211815353523
25.275	39.75	0.983479107253866	0.799764851919545	1.24547536861157e-09	60.0370112458488	0.986783285803093
25.425	39.75	0.98774279109562	0.799823640638135	1.26355683225033e-09	59.9183925878318	0.990194232876496
25.575	39.75	0.99091481785719	0.799868386563344	1.28241299317087e-09	59.7994170189654	0.992731854285752
25.725	39.75	0.993270126783106	0.799902111468203	1.30181821291397e-09	59.6801761398585	0.994616101426485
25.875	39.75	0.995016874798912	0.799927347860908	1.32150435693787e-09	59.560738363076	0.99601349983913
26.025	39.75	0.996311339957257	0.799946140122302	1.34134763244176e-09	59.4411546086505	0.997049071965806
26.175	39.75	0.997270176120449	0.799960092256135	1.36119906867282e-09	59.3214626960865	0.997816140896359
26.325	39.75	0.997980145940209	0.79997043557245	1.38101606015099e-09	59.2016906810127	0.998384116752167
26.475	39.75	0.998505654703713	0.799978100027949	1.4006769023417e-09	59.0818593630625	0.99880452376297
26.625	39.75	0.9988944733555	0.799983780074457	1.42015062170994e-09	58.9619841574469	0.9991155786844
26.775	39.75	0.999182029806621	0.799987990723841	1.43940067701127e-09	58.8420764858523	0.999345623845297
26.925	39.75	0.999394600868885	0.799991112683337	1.45841695784232e-09	58.7221448081493	0.999515680695108
27.075	39.75	0.999551676930241	0.799993427251495	1.47716898519467e-09	58.6021953873892	0.999641341544193
27.225	39.75	0.999667711986935	0.799995142539852	1.49564069677095e-09	58.4822328572961	0.999734169589548
27.375	39.75	0.999753419908311	0.799996412820527	1.513801486157e-09	58.3622606435384	0.999802735926649
27.525	39.75	0.999816736207023	0.799997352670949	1.53168169788865e-09	58.2422812766153	0.999853388965618
27.675	39.75	0.999863532816348	0.799998047297467	1.54928022209756e-09	58.1222966242689	0.999890826253079
27.825	39.75	0.999898149900103	0.799998560095947	1.56654493538981e-09	58.0023080640613	0.999918519920083
27.975	39.75	0.999923791678128	0.799998938223766	1.58352906708522e-09	57.8823166114241	0.999939033342502
28.125	39.75	0.999942820940889	0.79999921673154	1.6002154401263e-09	57.7623230145726	0.999954256752711
28.275	39.75	0.999956977996927	0.79999942164306	1.61657619527279e-09	57.6423278247733	0.999965582397541
28.425	39.75	0.999967543255848	0.799999572256371	1.63265246748573e-09	57.5223314482983	0.999974034604678
28.575	39.75	0.999975457806051	0.799999682864973	1.64844442163423e-09	57.4023341847879	0.999980366244841
28.725	39.75	0.999981412728962	0.799999764042927	1.66392546031999e-09	57.2823362555382	0.999985130183169
28.875	39.75	0.999985915176915	0.799999823603859	1.67911270959766e-09	57.16233782433	0.999988732141532
29.025	39.75	0.999989337201672	0.799999867313996	1.6940135253331e-09	57.0423390127425	0.999991469761337
29.175	39.75	0.999991951790866	0.799999899422819	1.70863597568779e-09	56.9223399113928	0.999993561432692
29.325	39.75	0.999993959424973	0.79999992305637	1.72297391411947e-09	56.8023405881716	0.999995167539979
29.475	39.75	0.999995507614457	0.799999940509543	1.73701887100762e-09	56.6823410942662	0.999996406091565
29.625	39.75	0.999996705242205	0.799999953462755	1.75079017310663e-09	56.5623414685567	0.999997364193764
29.775	39.75	0.99999763306589	0.799999963142839	1.76430703824303e-09	56.4423417408208	0.999998106452712
29.925	39.75	0.99999835138531	0.799999970442229	1.77754097738241e-09	56.3223419340652	0.999998681108248
30.075	39.75	0.99999890562068	0.79999997600797	1.79051757052281e-09	56.2023420662221	0.999999124496544
30.225	39.75	0.999999330355732	0.799999980306923	1.80321303873439e-09	56.0823421513836	0.999999464284586
30.375	39.75	0.999999652255998	0.799999983674675	1.81566033116106e-09	55.9623422007018	0.999999721804798
30.525	39.75	0.999999892166609	0.799999986351606	1.82784622612712e-09	55.8423422230481	0.999999913733287
30.675	39.75	1.00000006661443	0.799999988509381	1.83979524227288e-09	55.7223422255003	1.00000005329154
30.825	39.75	1.00000018888044	0.799999990270193	1.85149384897566e-09	55.6023422137053	1.00000015110435
30.975	39.75	1.00000026976429	0.799999991721442	1.86292870309498e-09	55.4823421921542	1.00000021581143
31.125	39.75	1.00000031813024	0.799999992925893	1.87414188391113e-09	55.3623421643942	1.00000025450419
31.275	39.75	1.00000034129912	0.799999993929053	1.8851059241115e-09	55.2423421331955	1.0000002730393
31.425	39.75	1.00000034533335	0.799999994764762	1.8958251603293e-09	55.122342100686	1.00000027626668
31.575	39.75	1.00000033524794	0.799999995458672	1.90633600234373e-09	55.002342068462	1.00000026819835
31.725	39.75	1.00000031517154	0.799999996031204	1.91660509662588e-09	54.8823420376808	1.00000025213723
31.875	39.75	1.00000028847336	0.799999996498971	1.92666935516524e-09	54.7623420091398	1.00000023077869
32.025	39.75	1.00000025786737	0.799999996876156	1.93648790357065e-09	54.6423419833443	1.0000002062939
32.175	39.75	1.00000022550097	0.799999997175249	1.94610585262712e-09	54.5223419605664	1.00000018040077
32.325	39.75	1.00000019303282	0.799999997407398	1.9555150772148e-09	54.4023419408955	1.00000015442626
32.475	39.75	1.00000016170283	0.799999997582745	1.96470240494977e-09	54.2823419242819	1.00000012936227
32.625	39.75	1.00000013239565	0.799999997710657	1.97368054013948e-09	54.1623419105737	1.00000010591652
32.775	39.75	1.00000010569877	0.799999997799543	1.98246750126069e-09	54.0423418995487	1.00000008455902
32.925	39.75	1.00000008195549	0.799999997857089	1.99104844907134e-09	53.9223418909397	1.00000006556439
33.075	39.75	1.0000000613128	0.799999997890155	1.99944974102158e-09	53.8023418844562	1.00000004905024
33.225	39.75	1.00000004376435	0.799999997904765	2.00765449065518e-09	53.6823418798006	1.00000003501148
33.375	39.75	1.00000002918824	0.799999997906255	2.01565239042997e-09	53.562341876682	1.0000000233506
33.525	39.75	1.00000001737989	0.799999997899001	2.02346479543951e-09	53.4423418748246	1.00000001390391
33.675	39.75	1.00000000808002	0.799999997886782	2.03111441623335e-09	53.3223418739753	1.00000000646402
33.825	39.75	1.00000000099792	0.799999997872588	2.03856207354981e-09	53.2023418739072	1.00000000079834
33.975	39.75	0.999999995830307	0.79999999785881	2.0458575685699e-09	53.082341874422	0.999999996664246
34.125	39.75	0.999999992276164	0.799999997847203	2.05296835452807e-09	52.9623418753502	0.999999993820931
34.275	39.75	0.999999990047891	0.799999997839062	2.05991350946119e-09	52.8423418765508	0.999999992038313
34.425	39.75	0.999999988879283	0.799999997835214	2.06669377508887e-09	52.7223418779093	0.999999991103427
34.575	39.75	0.999999988530641	0.799999997836124	2.07330786783335e-09	52.6023418793354	0.999999990824513
34.725	39.75	0.999999988791742	0.799999997841949	2.079768499024e-09	52.4823418807606	0.999999991033393
34.875	39.75	0.9999999894828	0.799999997852546	2.08607072258093e-09	52.3623418821348	0.99999999158624
35.025	39.75	0.999999990454001	0.799999997867773	2.09220815027407e-09	52.2423418834241	0.999999992363201
35.175	39.75	0.999999991583947	0.799999997887172	2.09819726275289e-09	52.1223418846074	0.999999993267158
35.325	39.75	0.999999992777326	0.799999997910333	2.10404785487747e-09	52.0023418856739	0.99999999422186
35.475	39.75	0.999999993962086	0.799999997936755	2.10975046492703e-09	51.882341886621	0.999999995169669
35.625	39.75	0.99999999508637	0.79999999796588	2.11531567744634e-09	51.7623418874521	0.999999996069096
35.775	39.75	0.99999999611537	0.799999997997359	2.12073089918701e-09	51.6423418881747	0.999999996892296
35.925	39.75	0.999999997028283	0.799999998030567	2.12603038765209e-09	51.5223418887988	0.999999997622626
36.075	39.75	0.999999997815461	0.799999998065196	2.13118493111161e-09	51.4023418893361	0.999999998252369
36.225	39.75	0.999999998475754	0.799999998100812	2.13621364447507e-09	51.2823418897987	0.999999998780604
36.375	39.75	0.999999999014287	0.799999998137164	2.14111050930181e-09	51.1623418901985	0.999999999211429
36.525	39.75	0.999999999440459	0.799999998173972	2.14589161159986e-09	51.0423418905468	0.999999999552367
36.675	39.75	0.999999999766331	0.799999998210975	2.15053746621461e-09	50.9223418908538	0.999999999813065
36.825	39.75	1.00000000000534	0.799999998248091	2.1550749126738e-09	50.8023418911284	1.00000000000427
36.975	39.75	1.00000000017135	0.799999998285125	2.15950021183311e-09	50.6823418913783	1.00000000013708
37.125	39.75	1.00000000027791	0.799999998322056	2.1638052876315e-09	50.56234189161	1.00000000022233
37.275	39.75	1.00000000033769	0.799999998358762	2.16798430586256e-09	50.4423418918284	1.00000000027016
37.425	39.75	1.00000000036183	0.799999998395102	2.17207043531946e-09	50.3223418920375	1.00000000028946
37.575	39.75	1.00000000035913	0.799999998431001	2.1760516819544e-09	50.2023418922404	1.0000000002873
37.725	39.75	1.00000000033566	0.799999998466616	2.17992821195493e-09	50.0823418924393	1.00000000026853
37.875	39.75	1.00000000029551	0.799999998502492	2.18369584721004e-09	49.9623418926359	1.00000000023641
38.025	39.75	1.00000000024451	0.799999998539694	2.18737192670078e-09	49.8423418928318	1.00000000019561
38.175	39.75	1.00000000019655	0.799999998578893	2.19095057159267e-09	49.7223418930271	1.00000000015724
38.325	39.75	1.00000000017804	0.799999998618534	2.19443512582922e-09	49.6023418932204	1.00000000014243
38.475	39.75	1.00000000021819	0.799999998652468	2.19782008120857e-09	49.4823418934074	1.00000000017455
38.625	39.75	1.00000000031037	0.799999998670057	2.20111818044343e-09	49.3623418935828	1.0000000002483
38.775	39.75	1.00000000034599	0.799999998664879	2.20432692371873e-09	49.2423418937468	1.00000000027679
38.925	39.75	1.00000000007385	0.799999998654771	2.20744688981421e-09	49.1223418939169	1.00000000005908
39.075	39.75	0.99999999921202	0.799999998705955	2.2104863655346e-09	49.0023418941362	0.999999999369616
39.225	39.75	0.999999997861581	0.799999998927298	2.21344536312423e-09	48.8823418944564	0.999999998289265
39.375	39.75	0.99999999718716	0.799999999380162	2.21633177931421e-09	48.7623418948686	0.999999997749728
39.525	39.75	0.999999999800273	0.799999999871005	2.21911553783703e-09	48.6423418951824	0.999999999840219
39.675	39.75	1.0000000085499	0.799999999721239	2.22183612067218e-09	48.5223418949456	1.00000000683992
39.825	39.75	1.00000002228111	0.79999999784825	2.22447185792195e-09	48.4023418936245	1.00000001782488
39.975	39.75	1.00000002906864	0.799999993688358	2.22706613548649e-09	48.2823418913132	1.00000002325492
40.125	39.75	1.00000000269436	0.79999998922632	2.22955916609004e-09	48.1623418899368	1.00000000215549
40.275	39.75	0.999999915051611	0.799999991138881	2.23198575153426e-09	48.042341894028	0.999999932041289
40.425	39.75	0.999999777875211	0.800000009811547	2.23436119890458e-09	47.9223419089053	0.999999822300169
40.575	39.75	0.999999707649955	0.800000050349307	2.2366590397375e-09	47.8023419337325	0.999999766119964
40.725	39.75	0.999999957517787	0.800000093563637	2.23888157874996e-09	47.6823419499317	0.99999996601423
40.875	39.75	1.00000079734944	0.800000076769309	2.24105077649239e-09	47.56234191382	1.00000063787955
41.025	39.75	1.00000212196184	0.799999904252145	2.24314849700198e-09	47.4423417738098	1.00000169756947
41.175	39.75	1.00000285290252	0.799999530121794	2.24518800753637e-09	47.3223415351278	1.00000228232201
41.325	39.75	1.00000065163092	0.799999127869864	2.24717927112575e-09	47.2023413670163	1.00000052130474
41.475	39.75	0.999993003857973	0.799999255427034	2.2491156097375e-09	47.0823416716538	0.999994403086378
41.625	39.75	0.999980706637784	0.800000756034544	2.2510103527483e-09	46.9623429336463	0.999984565310227
41.775	39.75	0.999973138464117	0.800004040662488	2.25281721380332e-09	46.8423451491725	0.999978510771294
41.925	39.75	0.999990827520912	0.800007657581141	2.25454381457972e-09	46.7223468788885	0.99999266201673
42.075	39.75	1.00005637953651	0.800006936204977	2.25612925214791e-09	46.602344613031	1.00004510362921
42.225	39.75	1.0001652888613	0.799994824083258	2.25757739355321e-09	46.4823339730621	1.00013223108904
42.375	39.75	1.00024184955235	0.799967674158705	2.2590259182612e-09	46.36231443055	1.00019347964188
42.525	39.75	1.00011633628377	0.799936550439905	2.26079720992238e-09	46.2422972375768	1.00009306902701
42.675	39.75	0.999594226904128	0.799937860641804	2.26322959592134e-09	46.1223111306231	0.999675381523303
42.825	39.75	0.998683926303174	0.800027372438319	2.26632801549492e-09	46.0023937817672	0.998947141042539
42.975	39.75	0.997944673225584	0.800237006824449	2.26906957248083e-09	45.8825556136873	0.998355738580467
43.125	39.75	0.99868425897981	0.800490005466194	2.26908411323132e-09	45.7627174193709	0.998947407183848
43.275	39.75	1.00248296175523	0.800522975145627	2.26350890973095e-09	45.6426613890562	1.00198636940418
43.425	39.75	1.00955927622467	0.799934825580541	2.25201677561368e-09	45.5220834865237	1.00764742097974
43.575	39.75	1.01623380734982	0.798479881623077	2.24128109490693e-09	45.4008457098717	1.01298704587986
43.725	39.75	1.01328677097193	0.796573391854295	2.24760086086796e-09	45.2794285535798	1.01062941677754
43.875	39.75	0.988680897763968	0.79583325065597	2.2933510936043e-09	45.1593335591427	0.990944718211174
44.025	39.75	0.938367896720545	0.799351007339939	2.39165262391524e-09	45.0428405266855	0.950694317376436
44.175	39.75	0.884673133594204	0.810192428742063	2.50616852883248e-09	44.9313520210626	0.907738506875363
44.325	39.75	0.889127901652531	0.82444195293636	2.49760558740292e-09	44.8222076670211	0.911302321322025
44.475	39.75	1.03257195115989	0.826489829198433	2.21902151233692e-09	44.7059572614107	1.02605756092791
44.625	39.75	1.34924434136536	0.808622133164526	1.77980918383312e-09	44.5677998255374	1.27939547309229
44.775	39.75	1.76408811736994	0.709537047673248	1.41308707948784e-09	44.3955930124269	1.61127049389595
44.925	39.75	2.11154506543731	0.834636814357705	1.2050424871313e-09	44.2248229927648	1.88923605234984
0.075	40.25	3.47473593548403e-16	0.399999999920995	-7.17107314500263e-09	65.3895334044937	0.2
0.225	40.25	1.09796498744233e-15	0.799999999762667	-7.16868193381899e-09	65.3655334044985	0.200000000000001
0.375	40.25	2.54818929382437e-15	0.799999999604858	-7.16370383230407e-09	65.3415334045079	0.200000000000002
0.525	40.25	4.61626581504327e-15	0.799999999447344	-7.15659153313309e-09	65.3175334045222	0.200000000000004
0.675	40.25	7.14881699318764e-15	0.799999999289477	-7.14689979896071e-09	65.2935334045411	0.200000000000006
0.825	40.25	9.93588427179879e-15	0.799999999132119	-7.13497412593855e-09	65.2695334045648	0.200000000000008
0.975	40.25	1.27379704242004e-14	0.799999998975315	-7.12047891214256e-09	65.2455334045932	0.20000000000001
1.125	40.25	1.52997074193962e-14	0.799999998818468	-7.10366224250966e-09	65.2215334046263	0.200000000000012
1.275	40.25	1.73403388809655e-14	0.799999998662253	-7.08444038478059e-09	65.1975334046641	0.200000000000014
1.425	40.25	1.85241247423095e-14	0.799999998506265	-7.06284088845037e-09	65.1735334047065	0.200000000000015
1.575	40.25	1.84215048986464e-14	0.799999998351402	-7.03883371718993e-09	65.1495334047537	0.200000000000015
1.725	40.25	1.64738684501171e-14	0.799999998196863	-7.01248154680531e-09	65.1255334048055	0.200000000000013
1.875	40.25	1.19727217958165e-14	0.79999999804339	-6.98392684510892e-09	65.1015334048619	0.20000000000001
2.025	40.25	4.06047183906945e-15	0.799999997889757	-6.95306263924553e-09	65.0775334049229	0.200000000000003
2.175	40.25	-8.24291946861919e-15	0.799999997737613	-6.91977359885707e-09	65.0535334049885	0.199999999999993
2.325	40.25	-2.59845091998127e-14	0.799999997586195	-6.88427674767582e-09	65.0295334050586	0.199999999999979
2.475	40.25	-5.01910921248234e-14	0.799999997435594	-6.84639029682284e-09	65.0055334051333	0.19999999999996
2.625	40.25	-8.17460217929421e-14	0.799999997286192	-6.80626221263482e-09	64.9815334052125	0.199999999999935
2.775	40.25	-1.21225242808327e-13	0.799999997137332	-6.7640617223318e-09	64.9575334052961	0.199999999999903
2.925	40.25	-1.68687693322671e-13	0.79999999698959	-6.71946753128561e-09	64.9335334053843	0.199999999999865
3.075	40.25	-2.23416649413291e-13	0.799999996843547	-6.67284104373386e-09	64.9095334054768	0.199999999999821
3.225	40.25	-2.83611672349501e-13	0.799999996698169	-6.62383142571867e-09	64.8855334055737	0.199999999999773
3.375	40.25	-3.46035690406127e-13	0.799999996554033	-6.57278025400711e-09	64.861533405675	0.199999999999723
3.525	40.25	-4.05628545521556e-13	0.799999996411058	-6.51974612611573e-09	64.8375334057805	0.199999999999676
3.675	40.25	-4.55107087612383e-13	0.799999996270068	-6.46446584837461e-09	64.8135334058904	0.199999999999636
3.825	40.25	-4.84582706547475e-13	0.799999996129992	-6.40711906466646e-09	64.7895334060044	0.199999999999612
3.975	40.25	-4.81239935740115e-13	0.799999995991012	-6.34776671160875e-09	64.7655334061227	0.199999999999615
4.125	40.25	-4.29134299144031e-13	0.799999995854153	-6.28646589281428e-09	64.741533406245	0.199999999999657
4.275	40.25	-3.09183362810424e-13	0.799999995717974	-6.222948658933e-09	64.7175334063715	0.199999999999753
4.425	40.25	-9.94413037180281e-14	0.799999995584456	-6.15765760475487e-09	64.693533406502	0.19999999999992
4.575	40.25	2.24237050392758e-13	0.79999999545185	-6.09048961702181e-09	64.6695334066365	0.200000000000179
4.725	40.25	6.87023339056665e-13	0.799999995321048	-6.0214071330312e-09	64.6455334067748	0.20000000000055
4.875	40.25	1.31330562897312e-12	0.79999999519212	-5.9504862855268e-09	64.6215334069171	0.200000000001051
5.025	40.25	2.12411094429377e-12	0.799999995064279	-5.8776336510155e-09	64.5975334070631	0.200000000001699
5.175	40.25	3.13363845326593e-12	0.799999994939366	-5.80301439533655e-09	64.5735334072128	0.200000000002507
5.325	40.25	4.34480355361229e-12	0.799999994815277	-5.7266714355029e-09	64.5495334073661	0.200000000003476
5.475	40.25	5.74373324957635e-12	0.799999994693264	-5.64855093462045e-09	64.525533407523	0.200000000004595
5.625	40.25	7.29321538067338e-12	0.799999994572951	-5.56890745801898e-09	64.5015334076834	0.200000000005835
5.775	40.25	8.92519280421121e-12	0.799999994455537	-5.48744155986083e-09	64.4775334078472	0.20000000000714
5.925	40.25	1.05325120676115e-11	0.799999994338833	-5.40436331076668e-09	64.4535334080144	0.200000000008426
6.075	40.25	1.19602875390357e-11	0.799999994224829	-5.31970424343752e-09	64.4295334081849	0.200000000009568
6.225	40.25	1.2997427586644e-11	0.799999994112646	-5.23358074887629e-09	64.4055334083586	0.200000000010398
6.375	40.25	1.3369088824514e-11	0.799999994002547	-5.1460301756772e-09	64.3815334085356	0.200000000010695
6.525	40.25	1.27310739064005e-11	0.799999993894418	-5.05694224242121e-09	64.3575334087159	0.200000000010185
6.675	40.25	1.06674609895415e-11	0.799999993788359	-4.96649405182226e-09	64.3335334088995	0.200000000008534
6.825	40.25	6.69303685044609e-12	0.799999993684733	-4.87474957761571e-09	64.3095334090866	0.200000000005354
6.975	40.25	2.62384053880545e-13	0.799999993582835	-4.78147492745714e-09	64.2855334092772	0.20000000000021
7.125	40.25	-9.21227780161819e-12	0.799999993483725	-4.68696980615597e-09	64.2615334094715	0.19999999999263
7.275	40.25	-2.23322051958793e-11	0.799999993386547	-4.59125945490791e-09	64.2375334096699	0.199999999982134
7.425	40.25	-3.96698099705138e-11	0.799999993291793	-4.49433262488052e-09	64.2135334098726	0.199999999968264
7.575	40.25	-6.1710557759157e-11	0.799999993199229	-4.39631619307645e-09	64.18953341008	0.199999999950632
7.725	40.25	-8.87769671745214e-11	0.79999999310951	-4.29709800860321e-09	64.1655334102925	0.199999999928978
7.875	40.25	-1.20933061180187e-10	0.799999993022708	-4.19678744900196e-09	64.1415334105105	0.199999999903254
8.025	40.25	-1.5786839028852e-10	0.799999992938448	-4.09549462818829e-09	64.1175334107344	0.199999999873705
8.175	40.25	-1.9876186996911e-10	0.799999992857099	-3.99336536304848e-09	64.0935334109645	0.199999999840991
8.325	40.25	-2.42127204697369e-10	0.799999992778892	-3.89002743692921e-09	64.0695334112011	0.199999999806298
8.475	40.25	-2.85643651132784e-10	0.7999999927041	-3.78599040949549e-09	64.0455334114443	0.199999999771485
8.625	40.25	-3.25978331429313e-10	0.799999992632227	-3.68104089889888e-09	64.0215334116937	0.199999999739217
8.775	40.25	-3.58609250019067e-10	0.799999992564621	-3.57524268016413e-09	63.9975334119489	0.199999999713113
8.925	40.25	-3.77661569875384e-10	0.799999992500199	-3.46875872414252e-09	63.9735334122087	0.199999999697871
9.075	40.25	-3.75773504656306e-10	0.799999992439964	-3.36152000737834e-09	63.9495334124714	0.199999999699381
9.225	40.25	-3.44012273247237e-10	0.799999992383281	-3.25352593790038e-09	63.9255334127345	0.19999999972479
9.375	40.25	-2.71864779510922e-10	0.799999992330223	-3.14496589597885e-09	63.9015334129945	0.199999999782508
9.525	40.25	-1.47331798602181e-10	0.799999992280853	-3.03580756617074e-09	63.8775334132468	0.199999999882135
9.675	40.25	4.28418197893198e-11	0.799999992234645	-2.92622715549225e-09	63.8535334134859	0.200000000034273
9.825	40.25	3.12765441533078e-10	0.799999992191262	-2.81609508077844e-09	63.8295334137045	0.200000000250212
9.975	40.25	6.76792141939114e-10	0.799999992150206	-2.70555153694439e-09	63.8055334138944	0.200000000541434
10.125	40.25	1.14866198576164e-09	0.799999992110146	-2.59440310418978e-09	63.7815334140456	0.20000000091893
10.275	40.25	1.74036376538883e-09	0.799999992069894	-2.48300381812077e-09	63.7575334141472	0.200000001392291
10.425	40.25	2.46068475775284e-09	0.799999992028351	-2.37140331249976e-09	63.7335334141872	0.200000001968548
10.575	40.25	3.31342634207844e-09	0.799999991983897	-2.25949348291621e-09	63.7095334141531	0.200000002650741
10.725	40.25	4.2952755696665e-09	0.799999991934332	-2.14741137499889e-09	63.685533414032	0.20000000343622
10.875	40.25	5.3933395119684e-09	0.799999991877467	-2.03509797683218e-09	63.6615334138123	0.200000004314672
11.025	40.25	6.5823708491016e-09	0.799999991810797	-1.92254455220717e-09	63.6375334134839	0.200000005265897
11.175	40.25	7.82173996012578e-09	0.799999991731976	-1.80999794916282e-09	63.6135334130398	0.200000006257392
11.325	40.25	9.05224079099042e-09	0.79999999163822	-1.69744061684612e-09	63.5895334124782	0.200000007241793
11.475	40.25	1.0192854793091e-08	0.799999991527056	-1.58484176397494e-09	63.5655334118035	0.200000008154284
11.625	40.25	1.11376387084474e-08	0.799999991396226	-1.47226078130602e-09	63.5415334110295	0.200000008910111
11.775	40.25	1.17529470194432e-08	0.799999991244511	-1.35976632862946e-09	63.5175334101813	0.200000009402358
11.925	40.25	1.18752471617445e-08	0.799999991070171	-1.24748143111371e-09	63.4935334092983	0.200000009500198
12.075	40.25	1.1309833366305e-08	0.799999990873314	-1.13529626574466e-09	63.4695334084371	0.200000009047867
12.225	40.25	9.83079106406825e-09	0.799999990655298	-1.0233553459292e-09	63.4455334076744	0.200000007864633
12.375	40.25	7.18260557253908e-09	0.799999990419238	-9.11615381149035e-10	63.4215334071102	0.200000005746084
12.525	40.25	3.08384337640223e-09	0.799999990169946	-8.00176065676085e-10	63.3975334068702	0.200000002467075
12.675	40.25	-2.76664139298598e-09	0.799999989914895	-6.89045239373872e-10	63.3735334071079	0.199999997786687
12.825	40.25	-1.06805118116474e-08	0.799999989663762	-5.78359099058354e-10	63.3495334080065	0.199999991455591
12.975	40.25	-2.09673063349707e-08	0.79999998943023	-4.68056725017629e-10	63.3255334097788	0.199999983226155
13.125	40.25	-3.39179163531415e-08	0.799999989230629	-3.58132079702527e-10	63.3015334126664	0.199999972865667
13.275	40.25	-4.97837931937309e-08	0.79999998908538	-2.48775926777418e-10	63.2775334169372	0.199999960172965
13.425	40.25	-6.87515582812391e-08	0.799999989018632	-1.39973827578418e-10	63.2535334228798	0.199999944998753
13.575	40.25	-9.09127709131398e-08	0.799999989058653	-3.17186016582587e-11	63.2295334307963	0.199999927269783
13.725	40.25	-1.16228700326392e-07	0.79999998923742	7.58940003163869e-11	63.2055334409915	0.19999990701704
13.875	40.25	-1.44490042580136e-07	0.799999989591286	1.82942647308489e-10	63.181533453758	0.199999884407966
14.025	40.25	-1.7527160299849e-07	0.799999990160419	2.89235132768346e-10	63.1575334693581	0.199999859782718
14.175	40.25	-2.07882009111598e-07	0.799999990989387	3.94932424705258e-10	63.1335334880005	0.199999833694393
14.325	40.25	-2.41308495723665e-07	0.799999992125564	4.99748760387473e-10	63.1095335098121	0.199999806953203
14.475	40.25	-2.7415666969867e-07	0.799999993622199	6.03800740861382e-10	63.0855335348042	0.199999780674664
14.625	40.25	-3.04584859066785e-07	0.799999995536294	7.07040292313335e-10	63.0615335628329	0.199999756332113
14.775	40.25	-3.30232101474778e-07	0.799999997932545	8.09531974080705e-10	63.0375335935523	0.199999735814319
14.925	40.25	-3.48137928122413e-07	0.800000000883609	9.10997680180842e-10	63.0135336263615	0.199999721489658
15.075	40.25	-3.54650715687539e-07	0.800000004476759	1.01165992959355e-09	62.9895336603418	0.199999716279427
15.225	40.25	-3.45319332122001e-07	0.800000008818151	1.11132805781486e-09	62.9655336941858	0.199999723744534
15.375	40.25	-3.14759858109277e-07	0.800000014044574	1.21004362410181e-09	62.941533726114	0.199999748192114
15.525	40.25	-2.56485015752486e-07	0.800000020336526	1.30760535759208e-09	62.917533753777	0.199999794811987
15.675	40.25	-1.6267817248055e-07	0.800000027940086	1.404270737296e-09	62.8935337741389	0.199999869857462
15.825	40.25	-2.38858718237234e-08	0.8000000371958	1.4998982160664e-09	62.8695337833348	0.199999980891303
15.975	40.25	1.71407944970388e-07	0.800000048580158	1.59427102817969e-09	62.8455337764933	0.200000137126356
16.125	40.25	4.37377484672276e-07	0.800000062761936	1.68766302242107e-09	62.8215337475097	0.200000349901988
16.275	40.25	7.9169162564873e-07	0.800000080681938	1.77980295321423e-09	62.7975336887511	0.200000633353301
16.425	40.25	1.25668925324276e-06	0.800000103657924	1.87086653972602e-09	62.773533590664	0.200001005351403
16.575	40.25	1.86102706009592e-06	0.800000133531444	1.96063226701036e-09	62.7495334412472	0.200001488821648
16.725	40.25	2.64198155799509e-06	0.800000172864379	2.04919133691566e-09	62.7255332253348	0.200002113585246
16.875	40.25	3.64865148142989e-06	0.800000225204424	2.13640642622268e-09	62.7015329236148	0.200002918921185
17.025	40.25	4.94639296389694e-06	0.800000295443825	2.22244257126292e-09	62.6775325112813	0.200003957114371
17.175	40.25	6.62293526484795e-06	0.800000390300879	2.30701136404272e-09	62.6535319561804	0.200005298348212
17.325	40.25	8.79677987450774e-06	0.800000518969973	2.39045504618182e-09	62.6295312162591	0.2000070374239
17.475	40.25	1.16286953852025e-05	0.800000693998703	2.47243648963475e-09	62.6055302360594	0.200009302956308
17.625	40.25	1.53374052055767e-05	0.800000932473715	2.55306512513334e-09	62.5815289419077	0.200012269924164
17.775	40.25	2.02209519788911e-05	0.800001257623961	2.63214572966163e-09	62.5575272353257	0.200016176761583
17.925	40.25	2.66857440602423e-05	0.800001700975688	2.70993767252587e-09	62.5335249840214	0.200021348595248
18.075	40.25	3.5285982705835e-05	0.800002305233213	2.78619198043906e-09	62.5095220095934	0.200028228786165
18.225	40.25	4.67770776978287e-05	0.800003128106174	2.860971691173e-09	62.4855180707792	0.200037421662158
18.375	40.25	6.21878482339872e-05	0.800004247396761	2.93424256863942e-09	62.461512840673	0.200049750278587
18.525	40.25	8.29178913575832e-05	0.800005767827277	3.006009200708e-09	62.4375058758051	0.200066334313086
18.675	40.25	0.000110868697556176	0.800007830369816	3.07603565785643e-09	62.4134965742534	0.200088694958045
18.825	40.25	0.000148620253498172	0.800010625184984	3.14448075410326e-09	62.3894841189846	0.200118896202799
18.975	40.25	0.000199669452162517	0.800014409591415	3.21122865321318e-09	62.3654674012747	0.20015973556173
19.125	40.25	0.000268753039295061	0.800019532517627	3.27610550406746e-09	62.3414449171838	0.200215002431436
19.275	40.25	0.000362286150856775	0.800026466465234	3.33902170949639e-09	62.3174146274802	0.200289828920685
19.425	40.25	0.000488957295436992	0.800035847313146	3.39987137111268e-09	62.2933737679537	0.20039116583635
19.575	40.25	0.00066053117625236	0.800048522212075	3.45844720238765e-09	62.269318592634	0.200528424941002
19.725	40.25	0.000892922191102192	0.800065608096935	3.51448749135453e-09	62.2452440269431	0.200714337752882
19.875	40.25	0.00120761710178339	0.800088569784671	3.5677125470718e-09	62.2211432010276	0.200966093681427
20.025	40.25	0.00163355408793602	0.800119337043694	3.61735433343725e-09	62.1970068246024	0.201306843270349
20.175	40.25	0.00220962175181045	0.800160489456953	3.6631867272516e-09	62.1728223516337	0.201767697401448
20.325	40.25	0.00298804031417833	0.800215534655437	3.70405382646594e-09	62.1485728627496	0.202390432251343
20.475	40.25	0.00403902959041641	0.800289273252043	3.73909749447737e-09	62.1242355612477	0.203231223672333
20.625	40.25	0.00545732364313807	0.800388170459481	3.76662435800395e-09	62.0997797322612	0.20436585891451
20.775	40.25	0.00737118394507345	0.800520546220174	3.78504382847189e-09	62.0751639564714	0.205896947156059
20.925	40.25	0.00995447740481804	0.800696289456005	3.79163021220224e-09	62.0503323112804	0.207963581923854
21.075	40.25	0.0134420119628265	0.800925761550117	3.78327022717172e-09	62.0252092559549	0.210753609570261
21.225	40.25	0.018147617542413	0.801217642337114	3.75653129265362e-09	61.9996929127071	0.21451809403393
21.375	40.25	0.0244834934547258	0.801575708286379	3.70681785126997e-09	61.9736465514928	0.219586794763781
21.525	40.25	0.0329782628565261	0.801994871461639	3.63000952124523e-09	61.9468882805442	0.226382610285221
21.675	40.25	0.0442900720736471	0.802457173625839	3.52221984131913e-09	61.9191792437617	0.235432057658918
21.825	40.25	0.0592098317164644	0.802928785520246	3.38114911811671e-09	61.8902110374732	0.247367865373171
21.975	40.25	0.0786480163768977	0.803359398714914	3.20722516302388e-09	61.8595936098455	0.262918413101518
22.125	40.25	0.103596190316852	0.80368558174896	3.00420308939565e-09	61.8268456439951	0.282876952253481
22.275	40.25	0.135052302560775	0.803839326829841	2.77960887886657e-09	61.7913903714649	0.30804184204862
22.425	40.25	0.173898993321646	0.803761742883699	2.54353468248083e-09	61.7525607999108	0.339119194657317
22.575	40.25	0.220730584640963	0.803419694430066	2.30737307987343e-09	61.709619060982	0.376584467712771
22.725	40.25	0.275641526467401	0.802820791235201	2.08184793993618e-09	61.6617941865177	0.42051322117392
22.875	40.25	0.338017855967495	0.802020579311512	1.87584655649639e-09	61.6083400338977	0.470414284773996
23.025	40.25	0.406404723018349	0.801116452103837	1.69490923836761e-09	61.5486096053605	0.525123778414679
23.175	40.25	0.47853457189021	0.800226930129156	1.54185757753026e-09	61.482134444414	0.582827657512168
23.325	40.25	0.551566086362275	0.799461972590154	1.41673898462979e-09	61.4086912892109	0.64125286908982
23.475	40.25	0.622501307570136	0.798895931239053	1.31776106416954e-09	61.3283372593185	0.698001046056109
23.625	40.25	0.688659257543343	0.798554411378441	1.24209458022055e-09	61.2414022305024	0.750927406034674
23.775	40.25	0.748051809898468	0.798418744963261	1.18642281041159e-09	61.1484403415043	0.798441447918775
23.925	40.25	0.799557780891619	0.798442570030458	1.14741148863276e-09	61.0501550448702	0.839646224713295
24.075	40.25	0.842886470174571	0.798570850777672	1.12195481934354e-09	60.9473175546314	0.874309176139657
24.225	40.25	0.878398155856947	0.798753962383793	1.10735135363989e-09	60.8406956980805	0.902718524685557
24.375	40.25	0.906872100285056	0.798954493156899	1.10128833786899e-09	60.7310025550785	0.925497680228044
24.525	40.25	0.929292198036285	0.799148196556633	1.10189821871584e-09	60.6188665390731	0.943433758429028
24.675	40.25	0.946685093982018	0.799321772894891	1.10762879401859e-09	60.5048195390927	0.957348075185614
24.825	40.25	0.960016774565015	0.799469692328621	1.11724143406288e-09	60.3892977908527	0.968013419652012
24.975	40.25	0.97013807301919	0.799591293008527	1.12976570057546e-09	60.272650321859	0.976110458415352
25.125	40.25	0.977764769189167	0.799688597104248	1.14445502815494e-09	60.1551509637836	0.982211815351333
25.275	40.25	0.983479107251868	0.799764851994148	1.1606892013492e-09	60.0370112452557	0.986783285801495
25.425	40.25	0.987742791094152	0.799823640711606	1.17801737657345e-09	59.9183925872278	0.990194232875322
25.575	40.25	0.990914817856119	0.799868386635692	1.19610331663306e-09	59.7994170183507	0.992731854284895
25.725	40.25	0.993270126782337	0.799902111539379	1.21468223158483e-09	59.6801761392332	0.99461610142587
25.875	40.25	0.995016874798346	0.799927347930966	1.23354353052873e-09	59.5607383624402	0.996013499838677
26.025	40.25	0.99631133995685	0.799946140191241	1.25252846072449e-09	59.4411546080044	0.99704907196548
26.175	40.25	0.997270176120151	0.799960092323957	1.27154576181275e-09	59.3214626954302	0.997816140896121
26.325	40.25	0.997980145939992	0.799970435639204	1.29050017412588e-09	59.2016906803464	0.998384116751993
26.475	40.25	0.99850565470356	0.799978100093535	1.30931522057867e-09	59.0818593623862	0.998804523762848
26.625	40.25	0.998894473355384	0.799983780138983	1.32796938486463e-09	58.961984156761	0.999115578684307
26.775	40.25	0.999182029806547	0.799987990787305	1.34643337296805e-09	58.8420764851568	0.999345623845237
26.925	40.25	0.999394600868828	0.799991112745712	1.36462433492747e-09	58.7221448074444	0.999515680695062
27.075	40.25	0.999551676930208	0.799993427312804	1.3826043032292e-09	58.602195386675	0.999641341544166
27.225	40.25	0.999667711986912	0.799995142600097	1.40031066702036e-09	58.4822328565727	0.99973416958953
27.375	40.25	0.999753419908297	0.799996412879717	1.41773728887964e-09	58.3622606428061	0.999802735926638
27.525	40.25	0.999816736207022	0.799997352729098	1.43489608727969e-09	58.2422812758741	0.999853388965618
27.675	40.25	0.999863532816356	0.799998047354565	1.45175630033051e-09	58.1222966235192	0.999890826253085
27.825	40.25	0.999898149900107	0.799998560152094	1.46836041645407e-09	58.0023080633031	0.999918519920086
27.975	40.25	0.999923791678136	0.799998938278871	1.48466249064124e-09	57.8823166106575	0.999939033342509
28.125	40.25	0.999942820940902	0.799999216785626	1.50067890151014e-09	57.7623230137978	0.999954256752722
28.275	40.25	0.999956977996944	0.799999421696154	1.51642375462138e-09	57.6423278239905	0.999965582397555
28.425	40.25	0.999967543255854	0.799999572308525	1.53189286080885e-09	57.5223314475076	0.999974034604683
28.575	40.25	0.999975457806049	0.799999682916162	1.54706203836194e-09	57.4023341839895	0.999980366244839
28.725	40.25	0.999981412728968	0.799999764093158	1.56196845608631e-09	57.2823362547321	0.999985130183174
28.875	40.25	0.999985915176922	0.799999823653119	1.57658492401694e-09	57.1623378235165	0.999988732141538
29.025	40.25	0.999989337201679	0.799999867362362	1.59094536097673e-09	57.0423390119216	0.999991469761343
29.175	40.25	0.999991951790876	0.799999899470224	1.60502115672414e-09	56.9223399105647	0.999993561432701
29.325	40.25	0.999993959424987	0.799999923102841	1.61884431587371e-09	56.8023405873365	0.99999516753999
29.475	40.25	0.999995507614458	0.799999940555154	1.63239739057873e-09	56.6823410934242	0.999996406091567
29.625	40.25	0.999996705242204	0.799999953507468	1.64570323392965e-09	56.562341467708	0.999997364193764
29.775	40.25	0.999997633065899	0.799999963186644	1.65872509319508e-09	56.4423417399654	0.999998106452719
29.925	40.25	0.999998351385311	0.799999970485225	1.67150701951687e-09	56.3223419332033	0.999998681108249
30.075	40.25	0.999998905620675	0.799999976050058	1.68402808883495e-09	56.2023420653539	0.99999912449654
30.225	40.25	0.999999330355733	0.799999980348151	1.69630641061407e-09	56.0823421505091	0.999999464284586
30.375	40.25	0.999999652256006	0.799999983715088	1.70834589091307e-09	55.9623421998211	0.999999721804804
30.525	40.25	0.999999892166625	0.799999986391221	1.72013850564624e-09	55.8423422221614	0.9999999137333
30.675	40.25	1.00000006661445	0.799999988548161	1.73169378906292e-09	55.7223422246078	1.00000005329156
30.825	40.25	1.00000018888044	0.799999990308156	1.74300559369524e-09	55.602342212807	1.00000015110435
30.975	40.25	1.00000026976429	0.799999991758686	1.75411114302195e-09	55.4823421912503	1.00000021581143
31.125	40.25	1.00000031813023	0.799999992962292	1.76496227046545e-09	55.3623421634847	1.00000025450419
31.275	40.25	1.00000034129912	0.799999993964689	1.77559504927892e-09	55.2423421322806	1.0000002730393
31.425	40.25	1.00000034533336	0.799999994799622	1.78601378739857e-09	55.1223420997659	1.00000027626669
31.575	40.25	1.00000033524795	0.799999995492823	1.79620813217683e-09	55.0023420675367	1.00000026819836
31.725	40.25	1.00000031517155	0.799999996064632	1.80618981065655e-09	54.8823420367504	1.00000025213724
31.875	40.25	1.00000028847337	0.799999996531683	1.81593253707073e-09	54.7623420082044	1.00000023077869
32.025	40.25	1.00000025786738	0.799999996908158	1.8254963768697e-09	54.6423419824041	1.0000002062939
32.175	40.25	1.00000022550096	0.799999997206524	1.83483908750271e-09	54.5223419596214	1.00000018040077
32.325	40.25	1.00000019303282	0.799999997437963	1.84398471423675e-09	54.4023419399459	1.00000015442626
32.475	40.25	1.00000016170283	0.799999997612677	1.8529424031156e-09	54.2823419233278	1.00000012936227
32.625	40.25	1.00000013239566	0.799999997739949	1.86169586344709e-09	54.1623419096152	1.00000010591653
32.775	40.25	1.00000010569877	0.79999999782812	1.87024275189636e-09	54.0423418985858	1.00000008455902
32.925	40.25	1.00000008195549	0.799999997885068	1.87862128690558e-09	53.9223418899726	1.00000006556439
33.075	40.25	1.0000000613128	0.799999997917476	1.88677992547556e-09	53.8023418834849	1.00000004905024
33.225	40.25	1.00000004376435	0.799999997931506	1.89478573890239e-09	53.6823418788253	1.00000003501148
33.375	40.25	1.00000002918823	0.799999997932313	1.90260992171944e-09	53.5623418757027	1.00000002335059
33.525	40.25	1.00000001737989	0.799999997924517	1.91024473197351e-09	53.4423418738415	1.00000001390391
33.675	40.25	1.00000000808003	0.799999997911685	1.91769174554198e-09	53.3223418729884	1.00000000646402
33.825	40.25	1.00000000099792	0.799999997896901	1.92499302942386e-09	53.2023418729166	1.00000000079834
33.975	40.25	0.999999995830306	0.799999997882592	1.93211582845108e-09	53.0823418734277	0.999999996664245
34.125	40.25	0.999999992276167	0.799999997870404	1.93908482102663e-09	52.9623418743524	0.999999993820934
34.275	40.25	0.999999990047904	0.799999997861727	1.94588042497288e-09	52.8423418755496	0.999999992038323
34.425	40.25	0.999999988879286	0.799999997857371	1.9525090380282e-09	52.7223418769047	0.999999991103429
34.575	40.25	0.999999988530642	0.799999997857716	1.95899427610461e-09	52.6023418783276	0.999999990824514
34.725	40.25	0.999999988791742	0.799999997862972	1.96532282237534e-09	52.4823418797495	0.999999991033393
34.875	40.25	0.999999989482801	0.799999997873124	1.97150557589283e-09	52.3623418811207	0.999999991586241
35.025	40.25	0.999999990454006	0.799999997887864	1.97753373868461e-09	52.2423418824069	0.999999992363204
35.175	40.25	0.999999991583952	0.799999997906762	1.98343435597427e-09	52.1223418835872	0.999999993267161
35.325	40.25	0.999999992777324	0.79999999792945	1.98916929814273e-09	52.0023418846508	0.999999994221859
35.475	40.25	0.999999993962077	0.799999997955391	1.99477721321302e-09	51.8823418855951	0.999999995169662
35.625	40.25	0.999999995086359	0.799999997984096	2.00024835040977e-09	51.7623418864234	0.999999996069087
35.775	40.25	0.999999996115362	0.799999998015073	2.00558274242697e-09	51.6423418871433	0.99999999689229
35.925	40.25	0.999999997028287	0.79999999804788	2.01078209414901e-09	51.5223418877648	0.999999997622629
36.075	40.25	0.999999997815458	0.799999998082071	2.01586068856636e-09	51.4023418882995	0.999999998252366
36.225	40.25	0.99999999847575	0.799999998117281	2.02081696479073e-09	51.2823418887596	0.9999999987806
36.375	40.25	0.999999999014282	0.799999998153208	2.02564001510188e-09	51.162341889157	0.999999999211426
36.525	40.25	0.999999999440452	0.799999998189586	2.03035559210082e-09	51.0423418895029	0.999999999552362
36.675	40.25	0.999999999766325	0.799999998226202	2.03494590058722e-09	50.9223418898076	0.99999999981306
36.825	40.25	1.00000000000533	0.799999998262931	2.03941922850846e-09	50.8023418900799	1.00000000000427
36.975	40.25	1.00000000017135	0.799999998299611	2.04377297644947e-09	50.6823418903277	1.00000000013708
37.125	40.25	1.00000000027791	0.799999998336148	2.04801871974843e-09	50.5623418905572	1.00000000022233
37.275	40.25	1.0000000003377	0.799999998372493	2.05218400336122e-09	50.4423418907735	1.00000000027016
37.425	40.25	1.00000000036182	0.799999998408498	2.05621386715126e-09	50.3223418909806	1.00000000028946
37.575	40.25	1.00000000035912	0.799999998444063	2.06014556226414e-09	50.2023418911815	1.0000000002873
37.725	40.25	1.00000000033565	0.799999998479293	2.06397154054958e-09	50.0823418913784	1.00000000026852
37.875	40.25	1.0000000002955	0.799999998514857	2.06770726954716e-09	49.9623418915732	1.0000000002364
38.025	40.25	1.0000000002445	0.799999998551741	2.07134061974655e-09	49.8423418917672	1.0000000001956
38.175	40.25	1.00000000019655	0.799999998590619	2.07488365753215e-09	49.7223418919608	1.00000000015724
38.325	40.25	1.00000000017803	0.799999998629964	2.07833553454856e-09	49.6023418921523	1.00000000014243
38.475	40.25	1.00000000021819	0.799999998663571	2.08168935747456e-09	49.4823418923376	1.00000000017455
38.625	40.25	1.00000000031038	0.799999998680904	2.08496470335371e-09	49.3623418925114	1.0000000002483
38.775	40.25	1.000000000346	0.799999998675394	2.08814172510211e-09	49.2423418926738	1.0000000002768
38.925	40.25	1.00000000007385	0.799999998665013	2.09123053998435e-09	49.1223418928423	1.00000000005908
39.075	40.25	0.999999999212022	0.799999998715916	2.09425573232414e-09	49.0023418930601	0.999999999369617
39.225	40.25	0.999999997861585	0.799999998937007	2.09719801386791e-09	48.8823418933789	0.999999998289268
39.375	40.25	0.999999997187161	0.799999999389589	2.10003470198615e-09	48.7623418937896	0.999999997749729
39.525	40.25	0.999999999800266	0.799999999880172	2.10281676051899e-09	48.6423418941021	0.999999999840213
39.675	40.25	1.0000000085499	0.799999999730161	2.1055237240201e-09	48.5223418938639	1.00000000683992
39.825	40.25	1.00000002228111	0.799999997856911	2.10814543855587e-09	48.4023418925415	1.00000001782489
39.975	40.25	1.00000002906865	0.7999999936968	2.11068346573202e-09	48.2823418902289	1.00000002325492
40.125	40.25	1.00000000269436	0.799999989234493	2.11317795463515e-09	48.1623418888513	1.00000000215549
40.275	40.25	0.999999915051611	0.799999991146941	2.11558663018465e-09	48.0423418929412	0.999999932041289
40.425	40.25	0.999999777875215	0.800000009819276	2.11793388293303e-09	47.9223419078173	0.999999822300172
40.575	40.25	0.999999707649955	0.800000050356786	2.12020400286505e-09	47.8023419326434	0.999999766119964
40.725	40.25	0.999999957517791	0.800000093570951	2.12242450079108e-09	47.6823419488415	0.999999966014232
40.875	40.25	1.00000079734944	0.80000007677644	2.12455928511285e-09	47.5623419127287	1.00000063787955
41.025	40.25	1.00000212196184	0.799999904259044	2.12665225272014e-09	47.4423417727175	1.00000169756947
41.175	40.25	1.00000285290252	0.79999953012843	2.12867331108848e-09	47.3223415340344	1.00000228232202
41.325	40.25	1.00000065163092	0.799999127876373	2.1306345321723e-09	47.202341365922	1.00000052130474
41.475	40.25	0.999993003857962	0.799999255433349	2.13254832642928e-09	47.0823416705585	0.999994403086369
41.625	40.25	0.99998070663778	0.800000756040631	2.13442262769773e-09	46.96234293255	0.999984565310224
41.775	40.25	0.999973138464116	0.800004040668367	2.13622498771945e-09	46.8423451480754	0.999978510771293
41.925	40.25	0.999990827520918	0.80000765758692	2.13792513697901e-09	46.7223468777905	0.999992662016735
42.075	40.25	1.0000563795365	0.800006936210499	2.13949719876146e-09	46.6023446119322	1.0000451036292
42.225	40.25	1.00016528886129	0.799994824088654	2.14093345744796e-09	46.4823339719625	1.00013223108903
42.375	40.25	1.00024184955233	0.799967674163905	2.14237544933577e-09	46.3623144294495	1.00019347964186
42.525	40.25	1.00011633628375	0.799936550444915	2.1440931418522e-09	46.2422972364756	1.000093069027
42.675	40.25	0.999594226904126	0.799937860646664	2.14646483366038e-09	46.1223111295212	0.999675381523301
42.825	40.25	0.998683926303201	0.800027372443031	2.14943736826198e-09	46.0023937806645	0.998947141042561
42.975	40.25	0.997944673225654	0.800237006828982	2.15210011992482e-09	45.8825556125839	0.998355738580523
43.125	40.25	0.998684258979888	0.800490005470497	2.15215577750931e-09	45.7627174182669	0.998947407183911
43.275	40.25	1.00248296175523	0.800522975149828	2.14689170121687e-09	45.6426613879515	1.00198636940418
43.425	40.25	1.00955927622448	0.79993482558461	2.13603682665688e-09	45.5220834854184	1.00764742097959
43.575	40.25	1.01623380734943	0.798479881626986	2.12589808658612e-09	45.4008457087658	1.01298704587955
43.725	40.25	1.01328677097156	0.796573391858092	2.13190407712616e-09	45.2794285524733	1.01062941677725
43.875	40.25	0.988680897764099	0.795833250659569	2.17532838373157e-09	45.1593335580357	0.990944718211279
44.025	40.25	0.938367896721611	0.799351007343295	2.26859534506193e-09	45.042840525578	0.950694317377289
44.175	40.25	0.884673133595935	0.81019242874508	2.37725226610856e-09	44.9313520199544	0.907738506876748
44.325	40.25	0.889127901653426	0.824441952939158	2.36915529037264e-09	44.8222076659124	0.911302321322741
44.475	40.25	1.03257195115781	0.82648982920135	2.1049111718153e-09	44.7059572603016	1.02605756092625
44.625	40.25	1.34924434135938	0.808622133167584	1.68827946615109e-09	44.5677998244282	1.2793954730875
44.775	40.25	1.76408811736149	0.709537047675773	1.34042802519733e-09	44.3955930113178	1.61127049388919
44.925	40.25	2.11154506542831	0.834636814360342	1.14307494672143e-09	44.2248229916559	1.88923605234265
0.075	40.75	3.47473592332001e-16	0.399999999924976	-6.65694898742339e-09	65.3895334051845	0.2
0.225	40.75	1.09796499116275e-15	0.799999999774463	-6.65472654145962e-09	65.365533405189	0.200000000000001
0.375	40.75	2.54818928726563e-15	0.799999999624032	-6.65036595667578e-09	65.341533405198	0.200000000000002
0.525	40.75	4.61626582418693e-15	0.799999999474254	-6.64365993223592e-09	65.3175334052115	0.200000000000004
0.675	40.75	7.14881698043351e-15	0.799999999323788	-6.63478132028047e-09	65.2935334052296	0.200000000000006
0.825	40.75	9.93588428706991e-15	0.799999999174877	-6.62365416346911e-09	65.2695334052521	0.200000000000008
0.975	40.75	1.27379704043989e-14	0.799999999025167	-6.61027490229782e-09	65.2455334052791	0.20000000000001
1.125	40.75	1.52997074418048e-14	0.799999998876022	-6.59479806939645e-09	65.2215334053106	0.200000000000012
1.275	40.75	1.73403388533635e-14	0.799999998727428	-6.57705386257304e-09	65.1975334053465	0.200000000000014
1.425	40.75	1.85241247733803e-14	0.799999998579204	-6.55713935970034e-09	65.1735334053869	0.200000000000015
1.575	40.75	1.84215048627987e-14	0.799999998431759	-6.53527124531946e-09	65.1495334054318	0.200000000000015
1.725	40.75	1.64738684923019e-14	0.799999998284702	-6.51108915665402e-09	65.125533405481	0.200000000000013
1.875	40.75	1.19727217519243e-14	0.799999998138278	-6.48477565898145e-09	65.1015334055347	0.20000000000001
2.025	40.75	4.06047189628936e-15	0.799999997992634	-6.45632450335836e-09	65.0775334055927	0.200000000000003
2.175	40.75	-8.2429195194546e-15	0.799999997847649	-6.42549954110974e-09	65.0535334056551	0.199999999999993
2.325	40.75	-2.59845091217895e-14	0.799999997703387	-6.39285693682788e-09	65.0295334057219	0.199999999999979
2.475	40.75	-5.019109218082e-14	0.799999997560103	-6.35790173881898e-09	65.0055334057929	0.19999999999996
2.625	40.75	-8.17460216867841e-14	0.799999997417654	-6.32113002061978e-09	64.9815334058683	0.199999999999935
2.775	40.75	-1.21225242868273e-13	0.799999997276141	-6.28216533462778e-09	64.9575334059479	0.199999999999903
2.925	40.75	-1.68687693181136e-13	0.799999997135632	-6.24115329125521e-09	64.9335334060317	0.199999999999865
3.075	40.75	-2.23416649479532e-13	0.799999996996229	-6.19818357261674e-09	64.9095334061198	0.199999999999821
3.225	40.75	-2.83611672169315e-13	0.799999996858047	-6.15323695556596e-09	64.885533406212	0.199999999999773
3.375	40.75	-3.46035690490002e-13	0.799999996720404	-6.10616821337014e-09	64.8615334063084	0.199999999999723
3.525	40.75	-4.05628545310375e-13	0.799999996584623	-6.05717456885747e-09	64.8375334064088	0.199999999999676
3.675	40.75	-4.55107087742643e-13	0.799999996450037	-6.00624680077521e-09	64.8135334065133	0.199999999999636
3.825	40.75	-4.84582706333868e-13	0.799999996316093	-5.95338936884415e-09	64.7895334066219	0.199999999999612
3.975	40.75	-4.81239935973356e-13	0.79999999618427	-5.89884993100402e-09	64.7655334067345	0.199999999999615
4.125	40.75	-4.29134298989216e-13	0.799999996053231	-5.84223699824712e-09	64.7415334068509	0.199999999999657
4.275	40.75	-3.09183363241096e-13	0.799999995924327	-5.78399202170009e-09	64.7175334069713	0.199999999999753
4.425	40.75	-9.94413037248866e-14	0.799999995796238	-5.72373915158791e-09	64.6935334070956	0.19999999999992
4.575	40.75	2.2423704962899e-13	0.799999995669917	-5.66183489283238e-09	64.6695334072236	0.200000000000179
4.725	40.75	6.87023338745658e-13	0.799999995544972	-5.59805241304994e-09	64.6455334073553	0.20000000000055
4.875	40.75	1.31330562771341e-12	0.799999995422028	-5.53249428081542e-09	64.6215334074907	0.200000000001051
5.025	40.75	2.12411094352297e-12	0.799999995300319	-5.46544707121591e-09	64.5975334076298	0.200000000001699
5.175	40.75	3.13363845136641e-12	0.799999995180284	-5.39677967219022e-09	64.5735334077723	0.200000000002507
5.325	40.75	4.34480355228176e-12	0.799999995062385	-5.32645197699227e-09	64.5495334079183	0.200000000003476
5.475	40.75	5.74373324701029e-12	0.799999994945826	-5.25440998256665e-09	64.5255334080677	0.200000000004595
5.625	40.75	7.29321537886794e-12	0.799999994830809	-5.18082337692494e-09	64.5015334082205	0.200000000005835
5.775	40.75	8.92519280123181e-12	0.799999994718185	-5.10577730976733e-09	64.4775334083765	0.20000000000714
5.925	40.75	1.05325120657997e-11	0.799999994607217	-5.02938990417288e-09	64.4535334085357	0.200000000008426
6.075	40.75	1.19602875364094e-11	0.79999999449813	-4.95137246043665e-09	64.429533408698	0.200000000009568
6.225	40.75	1.29974275859464e-11	0.799999994390551	-4.87195876726026e-09	64.4055334088635	0.200000000010398
6.375	40.75	1.33690888238038e-11	0.799999994285265	-4.79098966838894e-09	64.3815334090321	0.200000000010695
6.525	40.75	1.27310739088714e-11	0.799999994181533	-4.70893115547064e-09	64.3575334092038	0.200000000010185
6.675	40.75	1.06674609933595e-11	0.79999999408055	-4.62556305096706e-09	64.3335334093788	0.200000000008534
6.825	40.75	6.69303685927309e-12	0.799999993980635	-4.54069061054317e-09	64.309533409557	0.200000000005354
6.975	40.75	2.6238406598276e-13	0.79999999388284	-4.45485517916598e-09	64.2855334097386	0.20000000000021
7.125	40.75	-9.21227778218237e-12	0.799999993788142	-4.367605500682e-09	64.2615334099239	0.19999999999263
7.275	40.75	-2.23322051708917e-11	0.799999993694649	-4.27925555350398e-09	64.2375334101131	0.199999999982134
7.425	40.75	-3.96698099357481e-11	0.799999993603715	-4.18989650948825e-09	64.2135334103065	0.199999999968264
7.575	40.75	-6.17105577168187e-11	0.799999993515228	-4.09944076343069e-09	64.1895334105045	0.199999999950632
7.725	40.75	-8.87769671207031e-11	0.799999993428683	-4.00789567969544e-09	64.1655334107075	0.199999999928978
7.875	40.75	-1.20933061118202e-10	0.799999993345347	-3.91535221931264e-09	64.1415334109158	0.199999999903254
8.025	40.75	-1.57868390215603e-10	0.79999999326421	-3.82189005524868e-09	64.11753341113	0.199999999873705
8.175	40.75	-1.98761869890712e-10	0.799999993186064	-3.72741571198426e-09	64.0935334113503	0.199999999840991
8.325	40.75	-2.42127204613052e-10	0.799999993110869	-3.63217186076337e-09	64.069533411577	0.199999999806298
8.475	40.75	-2.85643651051514e-10	0.799999993038646	-3.53597066216606e-09	64.0455334118101	0.199999999771485
8.625	40.75	-3.25978331354506e-10	0.799999992969907	-3.43903266524348e-09	64.0215334120495	0.199999999739217
8.775	40.75	-3.58609249964771e-10	0.799999992904323	-3.34139211609368e-09	63.9975334122945	0.199999999713113
8.925	40.75	-3.77661569850406e-10	0.799999992842594	-3.24295389528165e-09	63.9735334125441	0.199999999697871
9.075	40.75	-3.75773504681091e-10	0.799999992784485	-3.1439496707742e-09	63.9495334127965	0.199999999699381
9.225	40.75	-3.44012273337174e-10	0.799999992729724	-3.04417515530116e-09	63.9255334130492	0.19999999972479
9.375	40.75	-2.71864779693386e-10	0.799999992678846	-2.94397006383241e-09	63.9015334132987	0.199999999782508
9.525	40.75	-1.47331798899048e-10	0.799999992631332	-2.84310504767964e-09	63.8775334135406	0.199999999882135
9.675	40.75	4.28418193449043e-11	0.799999992586821	-2.74172522039918e-09	63.8535334137691	0.200000000034273
9.825	40.75	3.12765440915136e-10	0.799999992544987	-2.6399085873243e-09	63.8295334139772	0.200000000250212
9.975	40.75	6.76792141112865e-10	0.799999992505047	-2.53765536948672e-09	63.8055334141564	0.200000000541434
10.125	40.75	1.14866198470295e-09	0.799999992466305	-2.43512491246045e-09	63.781533414297	0.20000000091893
10.275	40.75	1.74036376406948e-09	0.799999992427164	-2.33216194572898e-09	63.7575334143879	0.200000001392291
10.425	40.75	2.46068475616138e-09	0.799999992386767	-2.22887900745768e-09	63.7335334144172	0.200000001968548
10.575	40.75	3.31342634020683e-09	0.799999992342986	-2.12535488393406e-09	63.7095334143722	0.200000002650741
10.725	40.75	4.29527556753253e-09	0.79999999229381	-2.02157227010057e-09	63.6855334142404	0.20000000343622
10.875	40.75	5.39333950960307e-09	0.799999992237661	-1.91775117112473e-09	63.6615334140099	0.200000004314672
11.025	40.75	6.58237084657417e-09	0.799999992171559	-1.81372933541632e-09	63.6375334136706	0.200000005265897
11.175	40.75	7.8217399575297e-09	0.799999992092673	-1.7095637498037e-09	63.6135334132158	0.200000006257392
11.325	40.75	9.05224078847278e-09	0.799999991998991	-1.60535798598745e-09	63.5895334126433	0.200000007241793
11.475	40.75	1.01928547908342e-08	0.799999991888091	-1.50115906547718e-09	63.5655334119578	0.200000008154284
11.625	40.75	1.11376387067027e-08	0.799999991757283	-1.39698406776668e-09	63.541533411173	0.200000008910111
11.775	40.75	1.17529470185012e-08	0.799999991604831	-1.2928509710349e-09	63.517533410314	0.200000009402358
11.925	40.75	1.18752471619823e-08	0.799999991429913	-1.18880029880902e-09	63.4935334094201	0.200000009500198
12.075	40.75	1.13098333681319e-08	0.799999991232649	-1.08503701169744e-09	63.4695334085481	0.200000009047867
12.225	40.75	9.83079106799123e-09	0.799999991014087	-9.81232869920713e-10	63.4455334077747	0.200000007864633
12.375	40.75	7.18260557907109e-09	0.799999990777049	-8.77768723751828e-10	63.4215334071998	0.200000005746084
12.525	40.75	3.08384338616049e-09	0.799999990526819	-7.74593181374619e-10	63.397533406949	0.200000002467075
12.675	40.75	-2.76664137943672e-09	0.799999990270606	-6.71741921419489e-10	63.3735334071761	0.199999997786687
12.825	40.75	-1.06805117936418e-08	0.799999990018303	-5.6912187619561e-10	63.349533408064	0.199999991455591
12.975	40.75	-2.09673063119914e-08	0.799999989783277	-4.6686318664248e-10	63.3255334098256	0.199999983226155
13.125	40.75	-3.39179163245939e-08	0.799999989582345	-3.65149299300151e-10	63.3015334127027	0.199999972865667
13.275	40.75	-4.97837931592991e-08	0.799999989435464	-2.63763259768175e-10	63.2775334169629	0.199999960172965
13.425	40.75	-6.87515582405744e-08	0.799999989366871	-1.62848052500536e-10	63.2535334228951	0.199999944998753
13.575	40.75	-9.09127708663504e-08	0.799999989405047	-6.24508176996648e-11	63.2295334308012	0.199999927269783
13.725	40.75	-1.16228700273617e-07	0.799999989581939	3.74044135178624e-11	63.205533440986	0.19999990701704
13.875	40.75	-1.44490042522175e-07	0.799999989933568	1.36663908639334e-10	63.1815334537422	0.199999884407966
14.025	40.75	-1.75271602936295e-07	0.799999990500806	2.35331273447639e-10	63.1575334693321	0.199999859782718
14.175	40.75	-2.07882009046998e-07	0.79999999132726	3.33245438276745e-10	63.1335334879643	0.199999833694393
14.325	40.75	-2.41308495658779e-07	0.799999992460964	4.30595299026999e-10	63.1095335097658	0.199999806953203
14.475	40.75	-2.74156669636645e-07	0.799999993955012	5.27237579871821e-10	63.0855335347479	0.199999780674664
14.625	40.75	-3.04584859011334e-07	0.799999995866378	6.2304869556181e-10	63.0615335627666	0.199999756332113
14.775	40.75	-3.30232101430788e-07	0.799999998260062	7.18127136161675e-10	63.0375335934762	0.199999735814319
14.925	40.75	-3.48137928095613e-07	0.800000001208185	8.1241191334628e-10	63.0135336262756	0.199999721489658
15.075	40.75	-3.54650715685011e-07	0.800000004798272	9.05754987261813e-10	62.9895336602462	0.199999716279427
15.225	40.75	-3.45319332152054e-07	0.800000009136862	9.98326878036522e-10	62.9655336940806	0.199999723744534
15.375	40.75	-3.14759858181704e-07	0.800000014359967	1.08999064098391e-09	62.9415337259993	0.199999748192113
15.525	40.75	-2.56485015878937e-07	0.800000020648556	1.18087704307105e-09	62.9175337536529	0.199999794811987
15.675	40.75	-1.62678172674614e-07	0.800000028248748	1.27050990560808e-09	62.8935337740055	0.199999869857462
15.825	40.75	-2.3885872101817e-08	0.800000037501216	1.35938768143548e-09	62.8695337831922	0.199999980891302
15.975	40.75	1.71407944588897e-07	0.800000048881589	1.44718284591775e-09	62.8455337763415	0.200000137126356
16.125	40.75	4.37377484163513e-07	0.800000063060204	1.53397427057771e-09	62.8215337473489	0.200000349901987
16.275	40.75	7.91691624983633e-07	0.800000080976243	1.61963709584363e-09	62.7975336885814	0.2000006333533
16.425	40.75	1.2566892523846e-06	0.80000010394841	1.704263794905e-09	62.7735335904856	0.200001005351402
16.575	40.75	1.86102705899829e-06	0.800000133818159	1.78777842618919e-09	62.7495334410602	0.200001488821647
16.725	40.75	2.64198155659794e-06	0.80000017314704	1.87012128823622e-09	62.7255332251392	0.200002113585245
16.875	40.75	3.64865147965518e-06	0.800000225483024	1.9513870743658e-09	62.7015329234108	0.200002918921184
17.025	40.75	4.94639296164168e-06	0.80000029571825	2.03140230754442e-09	62.677532511069	0.200003957114369
17.175	40.75	6.6229352619756e-06	0.800000390570968	2.11026507518698e-09	62.6535319559599	0.20000529834821
17.325	40.75	8.79677987083668e-06	0.800000519236058	2.18785871002773e-09	62.6295312160305	0.200007037423897
17.475	40.75	1.16286953804903e-05	0.800000694260274	2.26416525333045e-09	62.6055302358229	0.200009302956304
17.625	40.75	1.53374051994994e-05	0.800000932730758	2.33917086280362e-09	62.5815289416634	0.20001226992416
17.775	40.75	2.02209519710145e-05	0.80000125787681	2.4130104316199e-09	62.5575272350738	0.200016176761577
17.925	40.75	2.6685744049988e-05	0.800001701223707	2.48547994010347e-09	62.533524983762	0.20002134859524
18.075	40.75	3.52859826924304e-05	0.800002305476608	2.55665557507775e-09	62.5095220093266	0.200028228786154
18.225	40.75	4.67770776802487e-05	0.800003128345031	2.62638804501012e-09	62.4855180705052	0.200037421662144
18.375	40.75	6.2187848210865e-05	0.800004247630971	2.69469734143187e-09	62.4615128403919	0.200049750278569
18.525	40.75	8.29178913271147e-05	0.800005768056551	2.76150646243322e-09	62.4375058755171	0.200066334313062
18.675	40.75	0.000110868697515973	0.800007830594257	2.82691435788732e-09	62.4134965739586	0.200088694958013
18.825	40.75	0.000148620253445085	0.800010625404432	2.8908078868423e-09	62.3894841186831	0.200118896202756
18.975	40.75	0.00019966945209242	0.800014409806036	2.95304617450257e-09	62.3654674009666	0.200159735561674
19.125	40.75	0.000268753039202497	0.800019532727264	3.0135908947724e-09	62.3414449168694	0.200215002431362
19.275	40.75	0.000362286150734583	0.80002646666973	3.07247285780523e-09	62.3174146271596	0.200289828920588
19.425	40.75	0.000488957295275839	0.80003584751262	3.12933966577823e-09	62.2933737676271	0.200391165836221
19.575	40.75	0.000660531176040059	0.800048522406582	3.18411839001616e-09	62.2693185923015	0.200528424940832
19.725	40.75	0.000892922190822795	0.800065608285986	3.23650992778914e-09	62.2452440266047	0.200714337752658
19.875	40.75	0.00120761710141632	0.800088569968856	3.28626411915293e-09	62.2211432006837	0.200966093681133
20.025	40.75	0.00163355408745465	0.800119337222433	3.33288659427451e-09	62.1970068242531	0.201306843269964
20.175	40.75	0.00220962175118045	0.800160489630494	3.37587350166136e-09	62.1728223512791	0.201767697400944
20.325	40.75	0.00298804031335542	0.800215534823658	3.41433515998748e-09	62.1485728623899	0.202390432250684
20.475	40.75	0.00403902958934339	0.800289273414939	3.44731728513479e-09	62.1242355608831	0.203231223671475
20.625	40.75	0.00545732364174143	0.800388170617392	3.47356654375062e-09	62.0997797318917	0.204365858913393
20.775	40.75	0.0073711839432587	0.800520546372524	3.49107511205187e-09	62.0751639560974	0.205896947154607
20.925	40.75	0.00995447740246554	0.800696289603188	3.49787619922674e-09	62.0503323109019	0.207963581921972
21.075	40.75	0.013442011959785	0.800925761692346	3.49093713184997e-09	62.0252092555721	0.210753609567828
21.225	40.75	0.0181476175384952	0.80121764247406	3.4668310813853e-09	61.9996929123202	0.214518094030796
21.375	40.75	0.0244834934497038	0.801575708418266	3.42163277136921e-09	61.9736465511019	0.219586794759763
21.525	40.75	0.0329782628501292	0.801994871588753	3.35131330676952e-09	61.9468882801495	0.226382610280103
21.675	40.75	0.0442900720655586	0.802457173748018	3.25229736559363e-09	61.9191792433634	0.235432057652447
21.825	40.75	0.0592098317063261	0.802928785638185	3.12247135301433e-09	61.8902110370715	0.247367865365061
21.975	40.75	0.078648016364321	0.803359398828309	2.9623613811743e-09	61.8595936094404	0.262918413091457
22.125	40.75	0.10359619030143	0.80368558185854	2.77535701948573e-09	61.8268456435869	0.282876952241144
22.275	40.75	0.135052302542126	0.803839326935778	2.56833365056586e-09	61.7913903710535	0.308041842033701
22.425	40.75	0.173898993299481	0.803761742986259	2.35056393136234e-09	61.7525607994963	0.339119194639585
22.575	40.75	0.22073058461516	0.803419694529609	2.13260615646402e-09	61.7096190605644	0.376584467692128
22.725	40.75	0.275641526438128	0.802820791332019	1.92454515062491e-09	61.661794186097	0.420513221150502
22.875	40.75	0.338017855935278	0.802020579405669	1.73434739098372e-09	61.6083400334736	0.470414284748222
23.025	40.75	0.406404722984104	0.801116452195728	1.56741358781718e-09	61.5486096049326	0.525123778387283
23.175	40.75	0.478534571855194	0.800226930218926	1.42617999193572e-09	61.482134443982	0.582827657484155
23.325	40.75	0.551566086327911	0.799461972677999	1.31077939096079e-09	61.4086912887741	0.641252869062329
23.475	40.75	0.622501307537788	0.798895931324997	1.21957367457411e-09	61.3283372588762	0.69800104603023
23.625	40.75	0.688659257514087	0.798554411462791	1.14993972837851e-09	61.2414022300538	0.75092740601127
23.775	40.75	0.748051809872969	0.798418745046093	1.09880953517778e-09	61.1484403410486	0.798441447898375
23.925	40.75	0.799557780870132	0.79844257011187	1.06308045212376e-09	61.0501550444067	0.839646224696105
24.075	40.75	0.84288647015699	0.798570850857757	1.03994465535701e-09	60.9473175541593	0.874309176125592
24.225	40.75	0.878398155842899	0.79875396246266	1.02685296467219e-09	60.8406956975993	0.902718524674319
24.375	40.75	0.906872100274069	0.798954493234632	1.02171669657957e-09	60.7310025545877	0.925497680219255
24.525	40.75	0.929292198027847	0.799148196633178	1.02272919314692e-09	60.6188665385725	0.943433758422278
24.675	40.75	0.946685093975624	0.799321772970365	1.0285060953773e-09	60.5048195385819	0.957348075180499
24.825	40.75	0.960016774560223	0.799469692402946	1.03790597180583e-09	60.3892977903316	0.968013419648179
24.975	40.75	0.970138073015634	0.799591293081773	1.05000336396851e-09	60.2726503213275	0.976110458412508
25.125	40.75	0.977764769186544	0.799688597176423	1.0641117659129e-09	60.1551509632418	0.982211815349235
25.275	40.75	0.983479107249944	0.799764852065224	1.07966165640712e-09	60.0370112447035	0.986783285799955
25.425	40.75	0.987742791092753	0.799823640781639	1.09624023385962e-09	59.9183925866653	0.990194232874203
25.575	40.75	0.990914817855102	0.799868386704619	1.1135092994953e-09	59.799417017778	0.992731854284081
25.725	40.75	0.993270126781587	0.79990211160729	1.13122001501389e-09	59.6801761386504	0.99461610142527
25.875	40.75	0.995016874797805	0.799927347997817	1.14922559516087e-09	59.5607383618474	0.996013499838244
26.025	40.75	0.996311339956461	0.799946140257015	1.16735087039351e-09	59.4411546074017	0.997049071965168
26.175	40.75	0.997270176119878	0.799960092388709	1.18549721467293e-09	59.3214626948178	0.997816140895903
26.325	40.75	0.9979801459398	0.799970435702878	1.20354550773133e-09	59.2016906797243	0.99838411675184
26.475	40.75	0.998505654703414	0.799978100156234	1.22151627890847e-09	59.0818593617547	0.998804523762731
26.625	40.75	0.998894473355281	0.799983780200643	1.23931738884052e-09	58.9619841561201	0.999115578684225
26.775	40.75	0.999182029806475	0.799987990847935	1.25689621341345e-09	58.8420764845068	0.99934562384518
26.925	40.75	0.999394600868784	0.799991112805375	1.27431084442431e-09	58.7221448067854	0.999515680695027
27.075	40.75	0.999551676930177	0.79999342737141	1.29145216541679e-09	58.6021953860071	0.999641341544142
27.225	40.75	0.999667711986904	0.799995142657731	1.30836328592764e-09	58.4822328558962	0.999734169589524
27.375	40.75	0.999753419908294	0.799996412936397	1.32502419617994e-09	58.3622606421209	0.999802735926635
27.525	40.75	0.999816736207015	0.799997352784844	1.34142118103809e-09	58.2422812751806	0.999853388965612
27.675	40.75	0.999863532816348	0.799998047409282	1.35757221472679e-09	58.1222966228173	0.999890826253078
27.825	40.75	0.999898149900106	0.799998560205879	1.37342855256456e-09	58.0023080625931	0.999918519920084
27.975	40.75	0.99992379167813	0.799998938331709	1.38903838347363e-09	57.8823166099396	0.999939033342504
28.125	40.75	0.999942820940893	0.799999216837527	1.40438032900376e-09	57.762323013072	0.999954256752715
28.275	40.75	0.999956977996932	0.799999421747147	1.41945676421526e-09	57.6423278232569	0.999965582397546
28.425	40.75	0.999967543255858	0.799999572358591	1.43425448336726e-09	57.5223314467665	0.999974034604686
28.575	40.75	0.999975457806051	0.799999682965268	1.44880615743313e-09	57.4023341832409	0.999980366244841
28.725	40.75	0.999981412728968	0.79999976414139	1.46308269875575e-09	57.2823362539763	0.999985130183174
28.875	40.75	0.999985915176928	0.799999823700503	1.4771153878927e-09	57.1623378227535	0.999988732141542
29.025	40.75	0.999989337201685	0.799999867408802	1.49087973903482e-09	57.0423390111516	0.999991469761348
29.175	40.75	0.999991951790889	0.799999899515829	1.50439980783725e-09	56.9223399097878	0.999993561432712
29.325	40.75	0.999993959424998	0.799999923147611	1.51764396321829e-09	56.8023405865528	0.999995167539999
29.475	40.75	0.999995507614469	0.799999940599011	1.53067178100478e-09	56.6823410926338	0.999996406091575
29.625	40.75	0.999996705242215	0.799999953550541	1.54344086939742e-09	56.562341466911	0.999997364193772
29.775	40.75	0.999997633065906	0.799999963228848	1.55598474972815e-09	56.4423417391621	0.999998106452725
29.925	40.75	0.999998351385319	0.799999970526622	1.56827943128409e-09	56.3223419323937	0.999998681108255
30.075	40.75	0.99999890562069	0.799999976090673	1.580327248332e-09	56.2023420645381	0.999999124496552
30.225	40.75	0.999999330355734	0.799999980387947	1.59215145803914e-09	56.0823421496873	0.999999464284587
30.375	40.75	0.999999652256004	0.799999983754117	1.60373320314813e-09	55.9623421989934	0.999999721804803
30.525	40.75	0.999999892166626	0.799999986429446	1.61509508300592e-09	55.842342221328	0.999999913733301
30.675	40.75	1.00000006661445	0.799999988585584	1.62622520204437e-09	55.7223422237686	1.00000005329156
30.825	40.75	1.00000018888045	0.799999990344899	1.63714348467832e-09	55.6023422119623	1.00000015110436
30.975	40.75	1.0000002697643	0.799999991794626	1.64783190123962e-09	55.4823421904001	1.00000021581144
31.125	40.75	1.00000031813024	0.799999992997508	1.65830437250785e-09	55.3623421626292	1.00000025450419
31.275	40.75	1.00000034129914	0.799999993999187	1.66857306389647e-09	55.2423421314199	1.00000027303931
31.425	40.75	1.00000034533336	0.799999994833408	1.6786315018021e-09	55.1223420989	1.00000027626669
31.575	40.75	1.00000033524795	0.799999995525898	1.68846095302535e-09	55.0023420666659	1.00000026819836
31.725	40.75	1.00000031517155	0.799999996097007	1.6981213221697e-09	54.8823420358747	1.00000025213724
31.875	40.75	1.00000028847336	0.799999996563372	1.70755186776499e-09	54.7623420073238	1.00000023077869
32.025	40.75	1.00000025786737	0.799999996939163	1.71679186847523e-09	54.6423419815188	1.00000020629389
32.175	40.75	1.00000022550096	0.799999997236886	1.72584646988113e-09	54.5223419587316	1.00000018040076
32.325	40.75	1.00000019303282	0.799999997467693	1.73468315511404e-09	54.4023419390515	1.00000015442625
32.475	40.75	1.00000016170283	0.799999997641733	1.74334197319626e-09	54.282341922429	1.00000012936226
32.625	40.75	1.00000013239565	0.799999997768382	1.75182984482662e-09	54.1623419087121	1.00000010591652
32.775	40.75	1.00000010569877	0.799999997855958	1.76013000003117e-09	54.0423418976785	1.00000008455901
32.925	40.75	1.00000008195548	0.799999997912229	1.76823023816701e-09	53.9223418890611	1.00000006556438
33.075	40.75	1.0000000613128	0.799999997944084	1.77618322592121e-09	53.8023418825694	1.00000004905024
33.225	40.75	1.00000004376435	0.799999997957496	1.78393275330674e-09	53.6823418779059	1.00000003501148
33.375	40.75	1.00000002918824	0.799999997957743	1.79151514636366e-09	53.5623418747794	1.00000002335059
33.525	40.75	1.00000001737989	0.799999997949324	1.79894115948826e-09	53.4423418729144	1.00000001390391
33.675	40.75	1.00000000808002	0.799999997935962	1.8062099829733e-09	53.3223418720577	1.00000000646402
33.825	40.75	1.00000000099791	0.799999997920657	1.81330519474753e-09	53.2023418719823	1.00000000079833
33.975	40.75	0.9999999958303	0.799999997905767	1.82022563957943e-09	53.0823418724899	0.99999999666424
34.125	40.75	0.999999992276159	0.799999997893081	1.82699060366635e-09	52.9623418734111	0.999999993820927
34.275	40.75	0.999999990047892	0.799999997883851	1.83361120073751e-09	52.8423418746049	0.999999992038314
34.425	40.75	0.999999988879282	0.799999997878968	1.84008729469488e-09	52.7223418759568	0.999999991103426
34.575	40.75	0.999999988530639	0.799999997878825	1.84639999891264e-09	52.6023418773764	0.999999990824511
34.725	40.75	0.999999988791749	0.799999997883625	1.85256943588729e-09	52.4823418787953	0.9999999910334
34.875	40.75	0.999999989482807	0.799999997893247	1.85859941486624e-09	52.3623418801633	0.999999991586246
35.025	40.75	0.999999990454005	0.799999997907485	1.86449027459237e-09	52.2423418814466	0.999999992363204
35.175	40.75	0.999999991583955	0.799999997925919	1.87021939263496e-09	52.1223418826239	0.999999993267164
35.325	40.75	0.999999992777325	0.799999997948185	1.87583058905448e-09	52.0023418836847	0.99999999422186
35.475	40.75	0.999999993962082	0.799999997973647	1.88131900147828e-09	51.8823418846263	0.999999995169666
35.625	40.75	0.999999995086362	0.799999998001949	1.88666516475704e-09	51.7623418854519	0.999999996069089
35.775	40.75	0.999999996115369	0.799999998032483	1.89187033819038e-09	51.6423418861691	0.999999996892295
35.925	40.75	0.99999999702829	0.799999998064866	1.89697920857666e-09	51.522341886788	0.999999997622632
36.075	40.75	0.999999997815457	0.799999998098608	1.90194618284659e-09	51.4023418873202	0.999999998252366
36.225	40.75	0.999999998475752	0.799999998133436	1.90678654537363e-09	51.2823418877779	0.999999998780602
36.375	40.75	0.999999999014289	0.799999998168945	1.91152026233886e-09	51.1623418881729	0.999999999211431
36.525	40.75	0.999999999440459	0.79999999820496	1.91612178956455e-09	51.0423418885165	0.999999999552367
36.675	40.75	0.999999999766335	0.799999998241178	1.92063150203802e-09	50.9223418888188	0.999999999813068
36.825	40.75	1.00000000000535	0.799999998277511	1.9250141666975e-09	50.802341889089	1.00000000000428
36.975	40.75	1.00000000017135	0.799999998313837	1.92930152790314e-09	50.6823418893346	1.00000000013708
37.125	40.75	1.00000000027791	0.799999998350053	1.9334721102072e-09	50.5623418895619	1.00000000022233
37.275	40.75	1.00000000033769	0.799999998386045	1.93752899021884e-09	50.4423418897762	1.00000000027015
37.425	40.75	1.00000000036181	0.799999998421681	1.94149243673914e-09	50.3223418899813	1.00000000028945
37.575	40.75	1.00000000035912	0.799999998456902	1.94536593664578e-09	50.2023418901802	1.0000000002873
37.725	40.75	1.00000000033565	0.799999998491814	1.94913864670838e-09	50.0823418903753	1.00000000026852
37.875	40.75	1.00000000029551	0.799999998527085	1.9527955954739e-09	49.9623418905683	1.00000000023641
38.025	40.75	1.0000000002445	0.79999999856363	1.95638533567952e-09	49.8423418907605	1.0000000001956
38.175	40.75	1.00000000019654	0.799999998602202	1.95985559854967e-09	49.7223418909522	1.00000000015723
38.325	40.75	1.00000000017803	0.799999998641192	1.96324738074816e-09	49.6023418911421	1.00000000014242
38.475	40.75	1.00000000021819	0.799999998674572	1.96655930210863e-09	49.4823418913257	1.00000000017455
38.625	40.75	1.00000000031036	0.799999998691563	1.96976203862327e-09	49.3623418914978	1.00000000024829
38.775	40.75	1.000000000346	0.799999998685805	1.97289795142305e-09	49.2423418916587	1.0000000002768
38.925	40.75	1.00000000007385	0.799999998675142	1.9759557323865e-09	49.1223418918257	1.00000000005908
39.075	40.75	0.999999999212015	0.799999998725793	1.97892472568815e-09	49.002341892042	0.999999999369612
39.225	40.75	0.99999999786158	0.799999998946597	1.98179817365835e-09	48.8823418923592	0.999999998289264
39.375	40.75	0.999999997187155	0.799999999398914	1.98462435460508e-09	48.7623418927686	0.999999997749724
39.525	40.75	0.999999999800264	0.799999999889254	1.98734819520124e-09	48.6423418930797	0.999999999840211
39.675	40.75	1.0000000085499	0.799999999738995	1.99001363933732e-09	48.5223418928402	1.00000000683992
39.825	40.75	1.00000002228111	0.799999997865483	1.99260906718855e-09	48.4023418915164	1.00000001782489
39.975	40.75	1.00000002906865	0.799999993705113	1.99511976482636e-09	48.2823418892025	1.00000002325492
40.125	40.75	1.00000000269436	0.799999989242643	1.99757010433263e-09	48.1623418878237	1.00000000215549
40.275	40.75	0.99999991505161	0.799999991154762	1.99993477424872e-09	48.0423418919125	0.999999932041288
40.425	40.75	0.999999777875211	0.800000009826945	2.00224552745743e-09	47.9223419067874	0.999999822300169
40.575	40.75	0.999999707649964	0.800000050364235	2.00448792647208e-09	47.8023419316124	0.999999766119971
40.725	40.75	0.999999957517797	0.800000093578183	2.0066575457413e-09	47.6823419478093	0.999999966014238
40.875	40.75	1.00000079734945	0.800000076783432	2.00878204421534e-09	47.5623419116955	1.00000063787956
41.025	40.75	1.00000212196185	0.799999904265852	2.01083031033304e-09	47.4423417716832	1.00000169756948
41.175	40.75	1.00000285290253	0.799999530135038	2.01282959700888e-09	47.3223415329991	1.00000228232202
41.325	40.75	1.00000065163093	0.799999127882731	2.01475378875476e-09	47.2023413648857	1.00000052130475
41.475	40.75	0.999993003857966	0.799999255439562	2.01664895708738e-09	47.0823416695213	0.999994403086373
41.625	40.75	0.999980706637774	0.800000756046685	2.01847561890553e-09	46.9623429315119	0.999984565310219
41.775	40.75	0.999973138464115	0.800004040674193	2.02024583388097e-09	46.8423451470364	0.999978510771292
41.925	40.75	0.999990827520914	0.800007657592548	2.02192146857177e-09	46.7223468767506	0.999992662016732
42.075	40.75	1.0000563795365	0.800006936215981	2.0234585643981e-09	46.6023446108915	1.0000451036292
42.225	40.75	1.00016528886128	0.799994824093896	2.02487313826877e-09	46.482333970921	1.00013223108903
42.375	40.75	1.00024184955232	0.799967674169019	2.0262905522405e-09	46.3623144284073	1.00019347964186
42.525	40.75	1.00011633628373	0.799936550449849	2.02798368960332e-09	46.2422972354325	1.00009306902699
42.675	40.75	0.999594226904119	0.799937860651455	2.03025571481369e-09	46.1223111284774	0.999675381523296
42.825	40.75	0.998683926303234	0.80002737244759	2.0331388226944e-09	46.0023937796201	0.998947141042587
42.975	40.75	0.997944673225729	0.8002370068334	2.03567888409472e-09	45.8825556115387	0.998355738580583
43.125	40.75	0.99868425897997	0.800490005474774	2.03577035090218e-09	45.7627174172211	0.998947407183976
43.275	40.75	1.00248296175524	0.800522975153868	2.03084490679152e-09	45.642661386905	1.00198636940419
43.425	40.75	1.00955927622431	0.799934825588546	2.02059170151249e-09	45.5220834843714	1.00764742097945
43.575	40.75	1.01623380734907	0.798479881630766	2.01103372707042e-09	45.4008457077183	1.01298704587925
43.725	40.75	1.01328677097121	0.796573391861788	2.01674284781889e-09	45.2794285514252	1.01062941677697
43.875	40.75	0.988680897764228	0.795833250663065	2.05783857833302e-09	45.1593335569871	0.990944718211383
44.025	40.75	0.938367896722621	0.799351007346571	2.14609233479793e-09	45.0428405245288	0.950694317378097
44.175	40.75	0.884673133597583	0.810192428747974	2.24888633727747e-09	44.9313520189047	0.907738506878067
44.325	40.75	0.889127901654294	0.82444195294183	2.24125399910708e-09	44.8222076648621	0.911302321323435
44.475	40.75	1.03257195115586	0.826489829204169	1.99128667778937e-09	44.705957259251	1.02605756092469
44.625	40.75	1.34924434135372	0.808622133170495	1.59714526056147e-09	44.5677998233774	1.27939547308297
44.775	40.75	1.76408811735349	0.70953704767817	1.26806778811474e-09	44.3955930102671	1.61127049388279
44.925	40.75	2.11154506541979	0.83463681436282	1.08138526849117e-09	44.2248229906053	1.88923605233583
0.075	41.25	3.47473593523001e-16	0.399999999928197	-6.16753815654708e-09	65.3895334058251	0.2
0.225	41.25	1.09796498748249e-15	0.799999999785118	-6.16546335505119e-09	65.3655334058294	0.200000000000001
0.375	41.25	2.54818929346027e-15	0.799999999641911	-6.16145825999842e-09	65.341533405838	0.200000000000002
0.525	41.25	4.61626581490749e-15	0.799999999498938	-6.1552433143332e-09	65.3175334058509	0.200000000000004
0.675	41.25	7.14881699222201e-15	0.79999999935624	-6.14715311448117e-09	65.2935334058681	0.200000000000006
0.825	41.25	9.93588427137197e-15	0.79999999921324	-6.13689827876087e-09	65.2695334058895	0.200000000000008
0.975	41.25	1.27379704225845e-14	0.799999999071508	-6.12470809524116e-09	65.2455334059153	0.20000000000001
1.125	41.25	1.52997074188976e-14	0.799999998928886	-6.11056516783981e-09	65.2215334059453	0.200000000000012
1.275	41.25	1.73403388791207e-14	0.79999999878763	-6.09425335481654e-09	65.1975334059795	0.200000000000014
1.425	41.25	1.85241247426249e-14	0.799999998646304	-6.0759898701615e-09	65.173533406018	0.200000000000015
1.575	41.25	1.84215048979687e-14	0.799999998505225	-6.05569925978016e-09	65.1495334060607	0.200000000000015
1.725	41.25	1.64738684534546e-14	0.799999998365602	-6.03341445234229e-09	65.1255334061077	0.200000000000013
1.875	41.25	1.19727217994866e-14	0.79999999822594	-6.00917954695832e-09	65.1015334061588	0.20000000000001
2.025	41.25	4.06047184980334e-15	0.7999999980868	-5.98297648840645e-09	65.0775334062141	0.200000000000003
2.175	41.25	-8.24291945490241e-15	0.799999997949094	-5.95493993971935e-09	65.0535334062736	0.199999999999993
2.325	41.25	-2.59845091747025e-14	0.799999997811558	-5.92472498906304e-09	65.0295334063372	0.199999999999979
2.475	41.25	-5.01910920929526e-14	0.799999997674214	-5.89287582296204e-09	65.0055334064049	0.19999999999996
2.625	41.25	-8.17460217447547e-14	0.799999997539043	-5.85885465426524e-09	64.9815334064767	0.199999999999935
2.775	41.25	-1.21225242749846e-13	0.799999997403755	-5.82301294803379e-09	64.9575334065526	0.199999999999903
2.925	41.25	-1.68687693244476e-13	0.799999997270007	-5.78536792850112e-09	64.9335334066325	0.199999999999865
3.075	41.25	-2.23416649324833e-13	0.799999997136916	-5.74564934287556e-09	64.9095334067164	0.199999999999821
3.225	41.25	-2.83611672243791e-13	0.799999997004833	-5.70421067619217e-09	64.8855334068043	0.199999999999773
3.375	41.25	-3.46035690299807e-13	0.79999999687393	-5.66105720547182e-09	64.8615334068962	0.199999999999723
3.525	41.25	-4.056285454135e-13	0.799999996743955	-5.6160810608809e-09	64.837533406992	0.199999999999676
3.675	41.25	-4.55107087532064e-13	0.799999996615497	-5.56925513360042e-09	64.8135334070916	0.199999999999636
3.825	41.25	-4.84582706503829e-13	0.79999999648846	-5.52084140023463e-09	64.7895334071951	0.199999999999612
3.975	41.25	-4.81239935782226e-13	0.799999996361751	-5.47040831738244e-09	64.7655334073024	0.199999999999615
4.125	41.25	-4.29134299294666e-13	0.799999996237206	-5.41837025358993e-09	64.7415334074135	0.199999999999657
4.275	41.25	-3.09183363144207e-13	0.799999996113265	-5.3646479433996e-09	64.7175334075283	0.199999999999753
4.425	41.25	-9.94413042720833e-14	0.799999995991678	-5.30935599560104e-09	64.6935334076467	0.19999999999992
4.575	41.25	2.24237049517474e-13	0.799999995870668	-5.25222826127729e-09	64.6695334077688	0.200000000000179
4.725	41.25	6.87023337816214e-13	0.799999995751182	-5.19381119444488e-09	64.6455334078945	0.20000000000055
4.875	41.25	1.31330562725115e-12	0.799999995633707	-5.13364545156796e-09	64.6215334080236	0.200000000001051
5.025	41.25	2.12411094206225e-12	0.799999995517621	-5.07194822211969e-09	64.5975334081562	0.200000000001699
5.175	41.25	3.13363845042485e-12	0.799999995402636	-5.00859062836315e-09	64.5735334082921	0.200000000002507
5.325	41.25	4.34480355019631e-12	0.799999995289834	-4.94379685840295e-09	64.5495334084314	0.200000000003476
5.475	41.25	5.74373324556286e-12	0.799999995178233	-4.87750385209836e-09	64.5255334085739	0.200000000004595
5.625	41.25	7.29321537623836e-12	0.799999995068761	-4.80988262511186e-09	64.5015334087196	0.200000000005835
5.775	41.25	8.92519279950633e-12	0.799999994960291	-4.74081537370662e-09	64.4775334088684	0.20000000000714
5.925	41.25	1.05325120630655e-11	0.799999994854041	-4.67030843626521e-09	64.4535334090203	0.200000000008426
6.075	41.25	1.19602875351049e-11	0.799999994749799	-4.59859402694097e-09	64.4295334091751	0.200000000009568
6.225	41.25	1.29974275841457e-11	0.7999999946465	-4.52545682847885e-09	64.405533409333	0.200000000010398
6.375	41.25	1.33690888243486e-11	0.799999994545597	-4.45119832522273e-09	64.3815334094939	0.200000000010695
6.525	41.25	1.2731073909903e-11	0.799999994446423	-4.37547002469846e-09	64.3575334096577	0.200000000010185
6.675	41.25	1.06674609981559e-11	0.799999994348868	-4.29862274307969e-09	64.3335334098246	0.200000000008534
6.825	41.25	6.6930368660772e-12	0.799999994253595	-4.22067025457049e-09	64.3095334099947	0.200000000005354
6.975	41.25	2.62384078488135e-13	0.799999994160203	-4.14140583340842e-09	64.2855334101681	0.20000000000021
7.125	41.25	-9.21227776568644e-12	0.79999999406836	-4.06121146962954e-09	64.2615334103451	0.19999999999263
7.275	41.25	-2.23322051464311e-11	0.799999993978901	-3.9799254653389e-09	64.2375334105258	0.199999999982134
7.425	41.25	-3.96698099052142e-11	0.799999993891614	-3.89752715073773e-09	64.2135334107106	0.199999999968264
7.575	41.25	-6.17105576762837e-11	0.799999993806088	-3.81411422710583e-09	64.1895334108999	0.199999999950632
7.725	41.25	-8.87769670726975e-11	0.799999993723243	-3.72977667280591e-09	64.1655334110941	0.199999999928978
7.875	41.25	-1.20933061059458e-10	0.799999993643019	-3.64453753014798e-09	64.1415334112936	0.199999999903254
8.025	41.25	-1.57868390150074e-10	0.799999993564772	-3.55829321731037e-09	64.1175334114987	0.199999999873705
8.175	41.25	-1.98761869816739e-10	0.799999993489178	-3.47125874868409e-09	64.09353341171	0.199999999840991
8.325	41.25	-2.42127204537097e-10	0.799999993417196	-3.3834722697982e-09	64.0695334119275	0.199999999806298
8.475	41.25	-2.85643650974826e-10	0.799999993347433	-3.29495411086121e-09	64.0455334121515	0.199999999771485
8.625	41.25	-3.25978331287382e-10	0.799999993281166	-3.20554599162959e-09	64.0215334123815	0.199999999739217
8.775	41.25	-3.5860924991284e-10	0.799999993218252	-3.11544383130173e-09	63.9975334126172	0.199999999713113
8.925	41.25	-3.77661569829221e-10	0.799999993158455	-3.02473254248207e-09	63.9735334128573	0.199999999697871
9.075	41.25	-3.75773504702017e-10	0.799999993102459	-2.93341798001543e-09	63.9495334131002	0.199999999699381
9.225	41.25	-3.44012273421955e-10	0.799999993049744	-2.84143309297553e-09	63.9255334133433	0.19999999972479
9.375	41.25	-2.71864779859718e-10	0.799999993000722	-2.74890956263251e-09	63.9015334135832	0.199999999782508
9.525	41.25	-1.47331799174701e-10	0.799999992954756	-2.65597896530989e-09	63.8775334138155	0.199999999882135
9.675	41.25	4.28418189369268e-11	0.799999992911875	-2.56247512941193e-09	63.8535334140342	0.200000000034273
9.825	41.25	3.12765440343302e-10	0.799999992871488	-2.46851695389494e-09	63.8295334142325	0.200000000250212
9.975	41.25	6.76792140352568e-10	0.79999999283287	-2.37422412128718e-09	63.8055334144019	0.200000000541434
10.125	41.25	1.14866198372437e-09	0.799999992795288	-2.27949835143988e-09	63.7815334145326	0.20000000091893
10.275	41.25	1.74036376285413e-09	0.7999999927574	-2.18451360625533e-09	63.7575334146136	0.200000001392291
10.425	41.25	2.46068475469099e-09	0.7999999927176	-2.0892208757625e-09	63.733533414633	0.200000001968548
10.575	41.25	3.31342633848171e-09	0.799999992674822	-1.99362498087769e-09	63.7095334145781	0.200000002650741
10.725	41.25	4.29527556556075e-09	0.799999992626461	-1.89790158186114e-09	63.6855334144363	0.20000000343622
10.875	41.25	5.39333950742188e-09	0.799999992570555	-1.80190825708548e-09	63.6615334141959	0.200000004314672
11.025	41.25	6.58237084423773e-09	0.799999992504492	-1.70588053345146e-09	63.6375334138466	0.200000005265897
11.175	41.25	7.82173995513578e-09	0.799999992426473	-1.60971835494911e-09	63.6135334133818	0.200000006257392
11.325	41.25	9.05224078614418e-09	0.799999992332831	-1.51343420356434e-09	63.5895334127992	0.200000007241793
11.475	41.25	1.01928547887533e-08	0.799999992221574	-1.41722057682877e-09	63.5655334121038	0.200000008154284
11.625	41.25	1.1137638705084e-08	0.799999992090764	-1.32097489494335e-09	63.5415334113089	0.200000008910111
11.775	41.25	1.17529470176361e-08	0.799999991938301	-1.22483553721341e-09	63.5175334104399	0.200000009402358
11.925	41.25	1.18752471621905e-08	0.799999991762866	-1.12874320285684e-09	63.4935334095361	0.200000009500198
12.075	41.25	1.13098333698273e-08	0.799999991565284	-1.03262770685566e-09	63.4695334086541	0.200000009047867
12.225	41.25	9.8307910715996e-09	0.799999991345913	-9.3681039959441e-10	63.4455334078707	0.200000007864633
12.375	41.25	7.18260558512141e-09	0.799999991108319	-8.41196720491072e-10	63.4215334072858	0.200000005746084
12.525	41.25	3.08384339515471e-09	0.799999990857038	-7.45739466348885e-10	63.3975334070251	0.200000002467075
12.675	41.25	-2.76664136689077e-09	0.799999990599797	-6.50598715653113e-10	63.3735334072423	0.199999997786687
12.825	41.25	-1.06805117770323e-08	0.799999990346426	-5.5576398633336e-10	63.3495334081203	0.199999991455591
12.975	41.25	-2.09673062907128e-08	0.799999990110296	-4.61236130772112e-10	63.3255334098721	0.199999983226155
13.125	41.25	-3.39179162982412e-08	0.799999989907838	-3.67017333695374e-10	63.3015334127394	0.199999972865667
13.275	41.25	-4.97837931274067e-08	0.799999989759712	-2.7325435816266e-10	63.2775334169899	0.199999960172966
13.425	41.25	-6.87515582030198e-08	0.799999989689434	-1.79959739733469e-10	63.2535334229123	0.199999944998753
13.575	41.25	-9.09127708229996e-08	0.799999989726036	-8.70714751768359e-11	63.2295334308088	0.199999927269783
13.725	41.25	-1.16228700224852e-07	0.799999989901062	5.34052682350137e-12	63.205533440984	0.19999990701704
13.875	41.25	-1.44490042468471e-07	0.799999990250983	9.71504393957385e-11	63.1815334537307	0.199999884407966
14.025	41.25	-1.75271602878813e-07	0.799999990815867	1.88496257385697e-10	63.1575334693111	0.199999859782718
14.175	41.25	-2.07882008987107e-07	0.799999991640266	2.79158506932448e-10	63.1335334879339	0.199999833694393
14.325	41.25	-2.41308495598735e-07	0.799999992772094	3.69293405859482e-10	63.109533509726	0.199999806953204
14.475	41.25	-2.74156669579118e-07	0.799999994263524	4.58824850781892e-10	63.0855335346988	0.199999780674664
14.625	41.25	-3.0458485895998e-07	0.799999996172785	5.47614563201815e-10	63.0615335627083	0.199999756332113
14.775	41.25	-3.30232101389947e-07	0.799999998563561	6.35650427656633e-10	63.0375335934087	0.199999735814319
14.925	41.25	-3.48137928070751e-07	0.800000001509296	7.23031629856414e-10	63.013533626199	0.199999721489658
15.075	41.25	-3.54650715682537e-07	0.800000005096697	8.09626410310466e-10	62.9895336601606	0.199999716279427
15.225	41.25	-3.45319332179727e-07	0.80000000943238	8.95350571767604e-10	62.9655336939861	0.199999723744534
15.375	41.25	-3.14759858248642e-07	0.800000014652511	9.80329261742655e-10	62.941533725896	0.199999748192113
15.525	41.25	-2.56485015995884e-07	0.800000020938335	1.06445042737784e-09	62.9175337535409	0.199999794811987
15.675	41.25	-1.62678172854338e-07	0.800000028535578	1.14777977706366e-09	62.8935337738848	0.199999869857462
15.825	41.25	-2.3885872359341e-08	0.800000037784547	1.23010382123211e-09	62.869533783063	0.199999980891302
15.975	41.25	1.71407944235348e-07	0.800000049161965	1.31155894696684e-09	62.8455337762039	0.200000137126355
16.125	41.25	4.37377483692018e-07	0.800000063336903	1.39201372054509e-09	62.8215337472029	0.200000349901987
16.275	41.25	7.91691624366877e-07	0.800000081249591	1.47151907694014e-09	62.7975336884272	0.2000006333533
16.425	41.25	1.25668925158873e-06	0.800000104218393	1.54999178637295e-09	62.7735335903231	0.200001005351401
16.575	41.25	1.8610270579799e-06	0.800000134084423	1.62749900868218e-09	62.7495334408897	0.200001488821646
16.725	41.25	2.64198155530121e-06	0.800000173409777	1.70399121452649e-09	62.7255332249608	0.200002113585244
16.875	41.25	3.64865147800757e-06	0.800000225742085	1.77939314832897e-09	62.7015329232245	0.200002918921182
17.025	41.25	4.94639295954771e-06	0.800000295973364	1.85377271240094e-09	62.677532510875	0.200003957114368
17.175	41.25	6.62293525930833e-06	0.800000390822327	1.92702455031801e-09	62.6535319557583	0.200005298348207
17.325	41.25	8.79677986742684e-06	0.80000051948339	1.99908745749873e-09	62.6295312158215	0.200007037423894
17.475	41.25	1.16286953761114e-05	0.800000694503741	2.06998537952457e-09	62.6055302356065	0.200009302956301
17.625	41.25	1.53374051938505e-05	0.800000932970077	2.13978616788796e-09	62.5815289414398	0.200012269924155
17.775	41.25	2.0220951963692e-05	0.800001258111957	2.20838268194518e-09	62.5575272348431	0.200016176761571
17.925	41.25	2.66857440404526e-05	0.80000170145474	2.27569951282643e-09	62.5335249835242	0.200021348595232
18.075	41.25	3.52859826799636e-05	0.800002305703303	2.3418353929312e-09	62.509522009082	0.200028228786144
18.225	41.25	4.67770776638918e-05	0.800003128567516	2.40663712247707e-09	62.4855180702538	0.200037421662131
18.375	41.25	6.21878481893523e-05	0.800004247848921	2.47025187488706e-09	62.4615128401339	0.200049750278551
18.525	41.25	8.2917891298765e-05	0.800005768270271	2.53248622543783e-09	62.4375058752526	0.200066334313039
18.675	41.25	0.000110868697478554	0.800007830803432	2.59344021477896e-09	62.4134965736878	0.200088694957983
18.825	41.25	0.000148620253395663	0.800010625609039	2.65289432069689e-09	62.3894841184061	0.200118896202717
18.975	41.25	0.000199669452027144	0.800014410006018	2.71079887696506e-09	62.3654674006836	0.200159735561622
19.125	41.25	0.000268753039116279	0.800019532922876	2.76737468062929e-09	62.3414449165804	0.200215002431293
19.275	41.25	0.000362286150620765	0.800026466860606	2.82211006510343e-09	62.3174146268648	0.200289828920497
19.425	41.25	0.000488957295125664	0.800035847698752	2.87510995335385e-09	62.2933737673266	0.200391165836101
19.575	41.25	0.00066053117584213	0.800048522587835	2.92623601689217e-09	62.2693185919955	0.200528424940674
19.725	41.25	0.000892922190562293	0.800065608462754	2.97516213307674e-09	62.2452440262934	0.20071433775245
19.875	41.25	0.00120761710107391	0.8000885701408	3.02159338162693e-09	62.2211432003672	0.200966093680859
20.025	41.25	0.00163355408700549	0.800119337389491	3.06519173549063e-09	62.1970068239315	0.201306843269604
20.175	41.25	0.00220962175059228	0.800160489792663	3.10540346803092e-09	62.1728223509525	0.201767697400474
20.325	41.25	0.00298804031258692	0.800215534980958	3.14145742755695e-09	62.1485728620586	0.20239043225007
20.475	41.25	0.00403902958834085	0.800289273567652	3.1724665447061e-09	62.1242355605471	0.203231223670673
20.625	41.25	0.00545732364043583	0.800388170764847	3.19717292766328e-09	62.0997797315513	0.204365858912349
20.775	41.25	0.00737118394156166	0.800520546515388	3.21413065989917e-09	62.0751639557526	0.205896947153249
20.925	41.25	0.00995447740026378	0.80069628974133	3.22085059101614e-09	62.050332310553	0.207963581920211
21.075	41.25	0.0134420119569374	0.800925761825505	3.21516301991324e-09	62.0252092552192	0.21075360956555
21.225	41.25	0.0181476175348256	0.80121764260244	3.19355350010484e-09	61.9996929119634	0.214518094027861
21.375	41.25	0.0244834934449966	0.801575708542003	3.15248336127704e-09	61.9736465507414	0.219586794755997
21.525	41.25	0.0329782628441286	0.801994871707999	3.0881840993343e-09	61.9468882797855	0.226382610275303
21.675	41.25	0.0442900720579646	0.802457173862947	2.99732786128137e-09	61.919179242996	0.235432057646372
21.825	41.25	0.0592098316968031	0.802928785748945	2.87829094134108e-09	61.8902110367008	0.247367865357442
21.975	41.25	0.0786480163524992	0.803359398935197	2.73108218167122e-09	61.8595936090666	0.262918413081999
22.125	41.25	0.103596190286926	0.803685581961669	2.55909152907561e-09	61.82684564321	0.282876952229541
22.275	41.25	0.135052302524576	0.803839327035568	2.36847741488576e-09	61.7913903706738	0.308041842019661
22.425	41.25	0.173898993278607	0.803761743082855	2.16799854265293e-09	61.7525607991137	0.339119194622886
22.575	41.25	0.220730584590852	0.803419694623455	1.96728620822962e-09	61.7096190601789	0.376584467672681
22.725	41.25	0.275641526410531	0.802820791423286	1.7756707294554e-09	61.6617941857084	0.420513221128425
22.875	41.25	0.338017855904873	0.802020579494594	1.60049415588846e-09	61.6083400330818	0.470414284723898
23.025	41.25	0.406404722951772	0.801116452282592	1.44670552888588e-09	61.5486096045374	0.525123778361418
23.175	41.25	0.478534571822129	0.800226930303754	1.31665404628588e-09	61.4821344435828	0.582827657457703
23.325	41.25	0.551566086295447	0.799461972760941	1.21037672896258e-09	61.4086912883703	0.641252869036357
23.475	41.25	0.622501307507206	0.79889593140641	1.12649168909864e-09	61.3283372584672	0.698001046005765
23.625	41.25	0.68865925748642	0.798554411542552	1.06250417554512e-09	61.2414022296389	0.750927405989136
23.775	41.25	0.748051809848866	0.798418745124459	1.01561864466311e-09	61.148440340627	0.798441447879093
23.925	41.25	0.799557780849809	0.798442570188908	9.83006346916585e-10	61.0501550439776	0.839646224679847
24.075	41.25	0.842886470140336	0.798570850933692	9.6199697780509e-10	60.9473175537222	0.874309176112269
24.225	41.25	0.878398155829605	0.798753962537331	9.50292952549941e-10	60.8406956971535	0.902718524663684
24.375	41.25	0.906872100263666	0.798954493308248	9.45930606224969e-10	60.7310025541329	0.925497680210933
24.525	41.25	0.929292198019849	0.799148196705754	9.47305927704536e-10	60.6188665381083	0.94343375841588
24.675	41.25	0.946685093969566	0.799321773041875	9.5307695765478e-10	60.5048195381081	0.957348075175653
24.825	41.25	0.960016774555678	0.799469692473517	9.62186015477528e-10	60.389297789848	0.968013419644542
24.975	41.25	0.970138073012255	0.799591293151246	9.73822278374572e-10	60.2726503208341	0.976110458409804
25.125	41.25	0.977764769184053	0.799688597244919	9.87298002537699e-10	60.1551509627385	0.982211815347242
25.275	41.25	0.983479107248117	0.799764852132726	1.00213663297112e-09	60.0370112441903	0.986783285798494
25.425	41.25	0.987742791091414	0.799823640848137	1.0179062513975e-09	59.9183925861424	0.990194232873131
25.575	41.25	0.990914817854135	0.799868386770106	1.03435206973285e-09	59.7994170172453	0.992731854283308
25.725	41.25	0.993270126780891	0.799902111671778	1.05121620242776e-09	59.6801761381081	0.994616101424713
25.875	41.25	0.995016874797301	0.799927348061354	1.06829748628272e-09	59.5607383612956	0.99601349983784
26.025	41.25	0.996311339956089	0.799946140319614	1.08552700229324e-09	59.4411546068405	0.997049071964871
26.175	41.25	0.997270176119604	0.799960092450268	1.10275193970461e-09	59.3214626942474	0.997816140895683
26.325	41.25	0.997980145939597	0.799970435763532	1.11992421202149e-09	59.2016906791448	0.998384116751677
26.475	41.25	0.998505654703276	0.799978100215892	1.13699836749027e-09	59.0818593611662	0.998804523762621
26.625	41.25	0.998894473355186	0.799983780259327	1.15392425299139e-09	58.9619841555228	0.999115578684149
26.775	41.25	0.999182029806403	0.799987990905706	1.17066858019939e-09	58.8420764839007	0.999345623845123
26.925	41.25	0.999394600868732	0.799991112862179	1.18720007271412e-09	58.7221448061707	0.999515680694985
27.075	41.25	0.99955167693015	0.799993427427337	1.20352207176104e-09	58.602195385384	0.99964134154412
27.225	41.25	0.999667711986873	0.799995142712715	1.21962434541999e-09	58.4822328552647	0.999734169589498
27.375	41.25	0.999753419908273	0.799996412990437	1.2354663647123e-09	58.3622606414813	0.999802735926618
27.525	41.25	0.999816736207	0.799997352837989	1.25108777938657e-09	58.2422812745329	0.9998533889656
27.675	41.25	0.999863532816347	0.799998047461552	1.2664589114556e-09	58.1222966221618	0.999890826253077
27.825	41.25	0.99989814990011	0.799998560257221	1.28157608014336e-09	58.0023080619298	0.999918519920088
27.975	41.25	0.99992379167814	0.799998938382172	1.29644501862255e-09	57.8823166092686	0.999939033342512
28.125	41.25	0.999942820940899	0.799999216887125	1.31106232961413e-09	57.7623230123935	0.999954256752719
28.275	41.25	0.999956977996932	0.799999421795859	1.325433100995e-09	57.6423278225711	0.999965582397545
28.425	41.25	0.999967543255862	0.799999572406412	1.33955598343078e-09	57.5223314460734	0.999974034604689
28.575	41.25	0.999975457806059	0.799999683012281	1.3534471382909e-09	57.4023341825407	0.999980366244847
28.725	41.25	0.99998141272897	0.799999764187572	1.36708484103627e-09	57.2823362532691	0.999985130183176
28.875	41.25	0.99998591517693	0.79999982374582	1.38048469339978e-09	57.1623378220394	0.999988732141544
29.025	41.25	0.999989337201696	0.799999867453316	1.39364242691388e-09	57.0423390104308	0.999991469761356
29.175	41.25	0.999991951790889	0.799999899559498	1.4065515868116e-09	56.9223399090604	0.999993561432711
29.325	41.25	0.999993959424995	0.799999923190513	1.41925339994054e-09	56.8023405858189	0.999995167539996
29.475	41.25	0.999995507614469	0.7999999406411	1.43169855045275e-09	56.6823410918935	0.999996406091575
29.625	41.25	0.999996705242211	0.799999953591804	1.44391785834098e-09	56.5623414661645	0.999997364193769
29.775	41.25	0.999997633065913	0.799999963269384	1.45591055646767e-09	56.4423417384094	0.999998106452731
29.925	41.25	0.999998351385329	0.799999970566372	1.46765843446205e-09	56.3223419316351	0.999998681108263
30.075	41.25	0.999998905620693	0.799999976129615	1.47921782850503e-09	56.2023420637736	0.999999124496554
30.225	41.25	0.999999330355736	0.799999980426199	1.49053720309809e-09	56.082342148917	0.999999464284588
30.375	41.25	0.999999652256005	0.799999983791543	1.5016532716549e-09	55.9623421982174	0.999999721804804
30.525	41.25	0.999999892166626	0.799999986466207	1.51254444050355e-09	55.8423422205464	0.999999913733301
30.675	41.25	1.00000006661445	0.799999988621651	1.52321745310845e-09	55.7223422229816	1.00000005329156
30.825	41.25	1.00000018888046	0.799999990380188	1.5336989603471e-09	55.6023422111699	1.00000015110436
30.975	41.25	1.00000026976429	0.799999991829233	1.54395238368541e-09	55.4823421896025	1.00000021581143
31.125	41.25	1.00000031813023	0.799999993031429	1.55402724783114e-09	55.3623421618264	1.00000025450418
31.275	41.25	1.00000034129913	0.799999994032407	1.56387470164673e-09	55.242342130612	1.00000027303931
31.425	41.25	1.00000034533337	0.799999994865948	1.57354024231136e-09	55.1223420980873	1.00000027626669
31.575	41.25	1.00000033524796	0.799999995557799	1.5830128143008e-09	55.0023420658483	1.00000026819837
31.725	41.25	1.00000031517155	0.799999996128235	1.59226853546212e-09	54.8823420350523	1.00000025213724
31.875	41.25	1.00000028847336	0.799999996593933	1.60135911698314e-09	54.7623420064969	1.00000023077869
32.025	41.25	1.00000025786736	0.799999996969121	1.61025282566639e-09	54.6423419806873	1.00000020629389
32.175	41.25	1.00000022550094	0.799999997266181	1.61896740554787e-09	54.5223419578956	1.00000018040076
32.325	41.25	1.00000019303281	0.799999997496371	1.62748791451768e-09	54.4023419382113	1.00000015442625
32.475	41.25	1.00000016170283	0.799999997669842	1.63584393600265e-09	54.2823419215844	1.00000012936227
32.625	41.25	1.00000013239565	0.79999999779583	1.64401535177036e-09	54.1623419078634	1.00000010591652
32.775	41.25	1.00000010569877	0.799999997882864	1.65202119062614e-09	54.0423418968257	1.00000008455902
32.925	41.25	1.00000008195548	0.799999997938545	1.65985241039618e-09	53.9223418882044	1.00000006556438
33.075	41.25	1.00000006131279	0.799999997969822	1.66751315959298e-09	53.8023418817087	1.00000004905023
33.225	41.25	1.00000004376435	0.799999997982654	1.67499953492324e-09	53.6823418770414	1.00000003501148
33.375	41.25	1.00000002918823	0.799999997982378	1.68232769590538e-09	53.5623418739112	1.00000002335059
33.525	41.25	1.00000001737988	0.799999997973417	1.68950203882524e-09	53.4423418720425	1.00000001390391
33.675	41.25	1.00000000808002	0.79999999795949	1.69650872959815e-09	53.3223418711822	1.00000000646402
33.825	41.25	1.00000000099792	0.799999997943705	1.70336927413217e-09	53.2023418711033	1.00000000079834
33.975	41.25	0.999999995830301	0.799999997928229	1.71007849655293e-09	53.0823418716075	0.999999996664241
34.125	41.25	0.999999992276158	0.79999999791503	1.71663612135284e-09	52.9623418725254	0.999999993820927
34.275	41.25	0.999999990047889	0.799999997905379	1.72304539723811e-09	52.842341873716	0.999999992038311
34.425	41.25	0.999999988879273	0.799999997899958	1.72930280453189e-09	52.7223418750647	0.999999991103419
34.575	41.25	0.999999988530644	0.799999997899342	1.73542883647267e-09	52.6023418764812	0.999999990824515
34.725	41.25	0.999999988791745	0.799999997903677	1.74140599232908e-09	52.482341877897	0.999999991033396
34.875	41.25	0.999999989482803	0.79999999791283	1.74724591995089e-09	52.3623418792621	0.999999991586242
35.025	41.25	0.999999990454006	0.7999999979266	1.75295773536055e-09	52.2423418805424	0.999999992363205
35.175	41.25	0.999999991583955	0.79999999794461	1.75853970844402e-09	52.1223418817169	0.999999993267164
35.325	41.25	0.999999992777328	0.799999997966429	1.76399530197379e-09	52.0023418827749	0.999999994221862
35.475	41.25	0.999999993962084	0.799999997991442	1.76930738547273e-09	51.8823418837138	0.999999995169667
35.625	41.25	0.999999995086366	0.799999998019321	1.77449692263317e-09	51.7623418845368	0.999999996069093
35.775	41.25	0.999999996115371	0.799999998049444	1.77957431233825e-09	51.6423418852514	0.999999996892297
35.925	41.25	0.999999997028293	0.799999998081428	1.78451715890636e-09	51.5223418858678	0.999999997622634
36.075	41.25	0.999999997815458	0.799999998114782	1.78934835352632e-09	51.4023418863976	0.999999998252366
36.225	41.25	0.999999998475751	0.799999998149181	1.79407859147256e-09	51.2823418868528	0.999999998780601
36.375	41.25	0.99999999901429	0.799999998184322	1.79867274396724e-09	51.1623418872455	0.999999999211432
36.525	41.25	0.999999999440462	0.799999998220004	1.8031794281027e-09	51.0423418875868	0.999999999552369
36.675	41.25	0.999999999766336	0.799999998255799	1.80755055741935e-09	50.922341887887	0.999999999813069
36.825	41.25	1.00000000000535	0.799999998291804	1.8118339172883e-09	50.8023418881549	1.00000000000428
36.975	41.25	1.00000000017136	0.799999998327768	1.81600351153303e-09	50.6823418883984	1.00000000013709
37.125	41.25	1.00000000027792	0.79999999836362	1.82007115056683e-09	50.5623418886237	1.00000000022234
37.275	41.25	1.0000000003377	0.799999998399265	1.82405013069593e-09	50.442341888836	1.00000000027016
37.425	41.25	1.00000000036183	0.799999998434589	1.82790967937208e-09	50.3223418890391	1.00000000028946
37.575	41.25	1.00000000035914	0.799999998469492	1.83168700151833e-09	50.2023418892361	1.00000000028731
37.725	41.25	1.00000000033566	0.799999998504078	1.83535098126697e-09	50.0823418894293	1.00000000026853
37.875	41.25	1.00000000029552	0.799999998539007	1.83894779936053e-09	49.9623418896205	1.00000000023642
38.025	41.25	1.00000000024451	0.799999998575256	1.84242683544609e-09	49.8423418898109	1.0000000001956
38.175	41.25	1.00000000019655	0.79999999861353	1.84584096446659e-09	49.722341890001	1.00000000015724
38.325	41.25	1.00000000017803	0.799999998652287	1.84915006480447e-09	49.6023418901891	1.00000000014243
38.475	41.25	1.00000000021819	0.79999999868529	1.85237826813293e-09	49.4823418903711	1.00000000017455
38.625	41.25	1.00000000031037	0.799999998702082	1.8555243641573e-09	49.3623418905416	1.00000000024829
38.775	41.25	1.000000000346	0.799999998695972	1.85859527039807e-09	49.2423418907009	1.0000000002768
38.925	41.25	1.00000000007386	0.799999998685097	1.86156892583841e-09	49.1223418908664	1.00000000005909
39.075	41.25	0.999999999212029	0.799999998735426	1.86447410518837e-09	49.0023418910812	0.999999999369623
39.225	41.25	0.999999997861583	0.79999999895599	1.86730329000834e-09	48.8823418913971	0.999999998289266
39.375	41.25	0.999999997187156	0.799999999408079	1.87003925945386e-09	48.762341891805	0.999999997749725
39.525	41.25	0.999999999800271	0.799999999898176	1.87273310236787e-09	48.6423418921148	0.999999999840216
39.675	41.25	1.00000000854991	0.799999999747636	1.87532239590445e-09	48.5223418918739	1.00000000683993
39.825	41.25	1.00000002228112	0.799999997873891	1.87785157933701e-09	48.4023418905489	1.0000000178249
39.975	41.25	1.00000002906867	0.799999993713329	1.88032030585471e-09	48.2823418882338	1.00000002325493
40.125	41.25	1.00000000269437	0.799999989250577	1.88270614142526e-09	48.1623418868537	1.0000000021555
40.275	41.25	0.999999915051624	0.799999991162518	1.88504386337247e-09	48.0423418909413	0.999999932041299
40.425	41.25	0.999999777875229	0.800000009834446	1.88729512121523e-09	47.9223419058151	0.999999822300183
40.575	41.25	0.999999707649978	0.800000050371517	1.88949061988145e-09	47.802341930639	0.999999766119982
40.725	41.25	0.999999957517809	0.800000093585236	1.89162479469454e-09	47.6823419468348	0.999999966014247
40.875	41.25	1.00000079734946	0.800000076790324	1.8936899359183e-09	47.56234191072	1.00000063787956
41.025	41.25	1.00000212196186	0.79999990427254	1.89569066623064e-09	47.4423417707066	1.00000169756949
41.175	41.25	1.00000285290255	0.799999530141484	1.89762642445147e-09	47.3223415320216	1.00000228232204
41.325	41.25	1.00000065163095	0.799999127889012	1.89952780270266e-09	47.2023413639073	1.00000052130476
41.475	41.25	0.999993003857977	0.799999255445659	1.90136987579431e-09	47.0823416685419	0.999994403086381
41.625	41.25	0.999980706637778	0.800000756052548	1.90316381961251e-09	46.9623429305316	0.999984565310223
41.775	41.25	0.999973138464118	0.800004040679887	1.90488971457014e-09	46.8423451460552	0.999978510771295
41.925	41.25	0.999990827520922	0.800007657598078	1.90652726051063e-09	46.7223468757686	0.999992662016737
42.075	41.25	1.00005637953651	0.800006936221292	1.90802824244673e-09	46.6023446099086	1.00004510362921
42.225	41.25	1.00016528886128	0.799994824099075	1.90941346195546e-09	46.4823339699373	1.00013223108902
42.375	41.25	1.00024184955231	0.799967674173976	1.91079522901319e-09	46.3623144274229	1.00019347964185
42.525	41.25	1.00011633628372	0.799936550454668	1.91243010592075e-09	46.2422972344474	1.00009306902698
42.675	41.25	0.999594226904118	0.79993786065609	1.91462302065269e-09	46.1223111274916	0.999675381523294
42.825	41.25	0.998683926303264	0.80002737245207	1.91736626917161e-09	46.0023937786336	0.998947141042611
42.975	41.25	0.997944673225801	0.800237006837705	1.91980775850618e-09	45.8825556105516	0.998355738580641
43.125	41.25	0.998684258980055	0.800490005478895	1.91993803282163e-09	45.7627174162333	0.998947407184044
43.275	41.25	1.00248296175525	0.800522975157827	1.91530511457165e-09	45.6426613859166	1.0019863694042
43.425	41.25	1.00955927622414	0.799934825592373	1.90568168978159e-09	45.5220834833824	1.00764742097931
43.575	41.25	1.01623380734872	0.798479881634435	1.89668727082346e-09	45.4008457067287	1.01298704587898
43.725	41.25	1.0132867709709	0.796573391865305	1.90209721518964e-09	45.2794285504352	1.01062941677672
43.875	41.25	0.988680897764353	0.795833250666495	1.94088168955865e-09	45.1593335559965	0.990944718211482
44.025	41.25	0.938367896723581	0.79935100734969	2.02413894097806e-09	45.0428405235377	0.950694317378865
44.175	41.25	0.884673133599122	0.810192428750816	2.12112252032139e-09	44.931352017913	0.907738506879298
44.325	41.25	0.889127901655099	0.824441952944362	2.11390068111547e-09	44.82220766387	0.911302321324079
44.475	41.25	1.032571951154	0.826489829206826	1.87815468673399e-09	44.7059572582585	1.0260575609232
44.625	41.25	1.34924434134835	0.808622133173259	1.50641262944102e-09	44.5677998223849	1.27939547307868
44.775	41.25	1.76408811734591	0.709537047680433	1.1960394004887e-09	44.3955930092746	1.61127049387672
44.925	41.25	2.11154506541172	0.834636814365211	1.01994684745986e-09	44.2248229896129	1.88923605232937
0.075	41.75	3.47473592366655e-16	0.399999999931823	-5.70072189074765e-09	65.389533406418	0.2
0.225	41.75	1.09796499102002e-15	0.799999999794707	-5.69893767529192e-09	65.3655334064221	0.200000000000001
0.375	41.75	2.54818928724323e-15	0.799999999658249	-5.69514214744485e-09	65.3415334064303	0.200000000000002
0.525	41.75	4.61626582360429e-15	0.799999999521451	-5.68948959791524e-09	65.3175334064426	0.200000000000004
0.675	41.75	7.1488169801656e-15	0.799999999385521	-5.68211285845518e-09	65.293533406459	0.200000000000006
0.825	41.75	9.93588428588311e-15	0.799999999249216	-5.67276839116767e-09	65.2695334064795	0.200000000000008
0.975	41.75	1.27379704039017e-14	0.799999999113013	-5.66158441422447e-09	65.245533406504	0.20000000000001
1.125	41.75	1.52997074401517e-14	0.799999998977752	-5.64837309515932e-09	65.2215334065327	0.200000000000012
1.275	41.75	1.73403388530811e-14	0.799999998842786	-5.63354811506476e-09	65.1975334065654	0.200000000000014
1.425	41.75	1.85241247720283e-14	0.799999998707801	-5.61692173971176e-09	65.1735334066021	0.200000000000015
1.575	41.75	1.84215048640484e-14	0.799999998573674	-5.59813516695874e-09	65.1495334066429	0.200000000000015
1.725	41.75	1.64738684932629e-14	0.799999998439671	-5.57778002596225e-09	65.1255334066877	0.200000000000013
1.875	41.75	1.1972721757627e-14	0.799999998306201	-5.55553912740973e-09	65.1015334067365	0.20000000000001
2.025	41.75	4.0604719035984e-15	0.799999998173545	-5.53147170767906e-09	65.0775334067893	0.200000000000003
2.175	41.75	-8.24291950409028e-15	0.799999998041721	-5.50558184094459e-09	65.0535334068461	0.199999999999993
2.325	41.75	-2.59845091016885e-14	0.799999997910741	-5.4780592485817e-09	65.0295334069068	0.199999999999979
2.475	41.75	-5.01910921483715e-14	0.799999997779899	-5.44864301443233e-09	65.0055334069715	0.19999999999996
2.625	41.75	-8.17460216458941e-14	0.799999997650103	-5.41748211683732e-09	64.98153340704	0.199999999999935
2.775	41.75	-1.21225242810926e-13	0.79999999752128	-5.38460375853813e-09	64.9575334071125	0.199999999999903
2.925	41.75	-1.68687693113178e-13	0.799999997392982	-5.35012119391505e-09	64.9335334071888	0.199999999999865
3.075	41.75	-2.23416649394011e-13	0.799999997266467	-5.31369145741629e-09	64.9095334072689	0.199999999999821
3.225	41.75	-2.83611672076872e-13	0.799999997139945	-5.27595562425866e-09	64.8855334073529	0.199999999999773
3.375	41.75	-3.46035690387059e-13	0.799999997014559	-5.23617569563145e-09	64.8615334074406	0.199999999999723
3.525	41.75	-4.05628545217031e-13	0.79999999689041	-5.19480015651227e-09	64.837533407532	0.199999999999676
3.675	41.75	-4.55107087661894e-13	0.799999996767936	-5.15180859621678e-09	64.8135334076272	0.199999999999636
3.825	41.75	-4.84582706301766e-13	0.799999996645853	-5.10710927477335e-09	64.7895334077261	0.199999999999612
3.975	41.75	-4.81239936002554e-13	0.799999996525249	-5.06116143582947e-09	64.7655334078285	0.199999999999615
4.125	41.75	-4.29134299138696e-13	0.799999996405819	-5.01333486507007e-09	64.7415334079346	0.199999999999657
4.275	41.75	-3.09183363534796e-13	0.799999996287416	-4.9639943275538e-09	64.7175334080443	0.199999999999753
4.425	41.75	-9.94413042493361e-14	0.799999996170955	-4.9132077522837e-09	64.6935334081574	0.19999999999992
4.575	41.75	2.24237048842026e-13	0.799999996055176	-4.86093873079334e-09	64.6695334082741	0.200000000000179
4.725	41.75	6.87023337585018e-13	0.799999995941044	-4.80707396386928e-09	64.6455334083941	0.20000000000055
4.875	41.75	1.31330562615339e-12	0.799999995828327	-4.7519082428964e-09	64.6215334085175	0.200000000001051
5.025	41.75	2.12411094144545e-12	0.799999995716814	-4.69508170466662e-09	64.5975334086441	0.200000000001699
5.175	41.75	3.13363844878331e-12	0.799999995607266	-4.63706062507948e-09	64.573533408774	0.200000000002507
5.325	41.75	4.3448035491092e-12	0.79999999549905	-4.57756091713657e-09	64.5495334089071	0.200000000003476
5.475	41.75	5.74373324335415e-12	0.799999995392075	-4.51674220094801e-09	64.5255334090433	0.200000000004595
5.625	41.75	7.29321537475204e-12	0.799999995286781	-4.45464015616321e-09	64.5015334091825	0.200000000005835
5.775	41.75	8.92519279694407e-12	0.799999995183337	-4.3911413752323e-09	64.4775334093246	0.20000000000714
5.925	41.75	1.05325120615768e-11	0.799999995081545	-4.32648262475542e-09	64.4535334094698	0.200000000008426
6.075	41.75	1.19602875328366e-11	0.799999994980652	-4.26046785166397e-09	64.4295334096177	0.200000000009568
6.225	41.75	1.29974275836023e-11	0.799999994882259	-4.19333368946888e-09	64.4055334097686	0.200000000010398
6.375	41.75	1.33690888236964e-11	0.799999994785292	-4.12493403222327e-09	64.3815334099223	0.200000000010695
6.525	41.75	1.27310739120439e-11	0.799999994689914	-4.05549461058184e-09	64.3575334100789	0.200000000010185
6.675	41.75	1.06674610013334e-11	0.799999994596277	-3.98486675820538e-09	64.3335334102385	0.200000000008534
6.825	41.75	6.69303687360041e-12	0.799999994504591	-3.91310841903906e-09	64.3095334104011	0.200000000005354
6.975	41.75	2.62384088678073e-13	0.799999994414816	-3.84039101924632e-09	64.2855334105669	0.20000000000021
7.125	41.75	-9.21227774917949e-12	0.799999994326716	-3.76661415987118e-09	64.2615334107362	0.19999999999263
7.275	41.75	-2.2332205125322e-11	0.799999994240332	-3.6919242678853e-09	64.2375334109091	0.199999999982134
7.425	41.75	-3.96698098757229e-11	0.799999994156231	-3.61618052633307e-09	64.213533411086	0.199999999968264
7.575	41.75	-6.17105576404581e-11	0.799999994074063	-3.53949977617478e-09	64.1895334112673	0.199999999950632
7.725	41.75	-8.87769670270736e-11	0.799999993994188	-3.46193993909464e-09	64.1655334114534	0.199999999928978
7.875	41.75	-1.20933061006957e-10	0.799999993916786	-3.38351591645718e-09	64.1415334116447	0.199999999903254
8.025	41.75	-1.57868390088266e-10	0.79999999384161	-3.30432331512677e-09	64.1175334118416	0.199999999873705
8.175	41.75	-1.98761869750263e-10	0.799999993768791	-3.22434858050978e-09	64.0935334120446	0.199999999840991
8.325	41.75	-2.42127204465641e-10	0.799999993698936	-3.14350775285658e-09	64.0695334122537	0.199999999806298
8.475	41.75	-2.85643650905844e-10	0.79999999363181	-3.06193457218298e-09	64.0455334124691	0.199999999771485
8.625	41.75	-3.25978331224014e-10	0.799999993567952	-2.97978474904309e-09	64.0215334126906	0.199999999739217
8.775	41.75	-3.58609249866615e-10	0.799999993507213	-2.89697737886188e-09	63.9975334129176	0.199999999713113
8.925	41.75	-3.77661569808117e-10	0.799999993449465	-2.81341643043864e-09	63.973533413149	0.199999999697871
9.075	41.75	-3.7577350472281e-10	0.799999993395341	-2.72933504244616e-09	63.9495334133832	0.199999999699381
9.225	41.75	-3.44012273498421e-10	0.799999993344606	-2.64483966218201e-09	63.9255334136175	0.19999999972479
9.375	41.75	-2.71864780014286e-10	0.79999999329718	-2.55973315089007e-09	63.9015334138485	0.199999999782508
9.525	41.75	-1.47331799426906e-10	0.79999999325283	-2.47405589037544e-09	63.8775334140718	0.199999999882135
9.675	41.75	4.2841818559904e-11	0.799999993211586	-2.38805463618437e-09	63.8535334142816	0.200000000034273
9.825	41.75	3.12765439818264e-10	0.799999993172509	-2.301555464178e-09	63.8295334144709	0.200000000250212
9.975	41.75	6.76792139650949e-10	0.799999993135041	-2.21473925068539e-09	63.8055334146312	0.200000000541434
10.125	41.75	1.14866198282467e-09	0.799999993098554	-2.12753478283287e-09	63.7815334147529	0.20000000091893
10.275	41.75	1.74036376173312e-09	0.799999993061628	-2.0400568711375e-09	63.7575334148248	0.200000001392291
10.425	41.75	2.46068475333816e-09	0.799999993022966	-1.95224214585523e-09	63.733533414835	0.200000001968548
10.575	41.75	3.31342633689055e-09	0.799999992980708	-1.86429817412418e-09	63.709533414771	0.200000002650741
10.725	41.75	4.29527556374603e-09	0.799999992932874	-1.77604241678639e-09	63.68553341462	0.20000000343622
10.875	41.75	5.39333950540928e-09	0.79999999287764	-1.68770240143627e-09	63.6615334143703	0.200000004314672
11.025	41.75	6.58237084208768e-09	0.799999992812173	-1.59914549719075e-09	63.6375334140118	0.200000005265897
11.175	41.75	7.8217399529253e-09	0.799999992734085	-1.51059132398168e-09	63.6135334135378	0.200000006257392
11.325	41.75	9.05224078400128e-09	0.799999992640712	-1.42187805110054e-09	63.589533412946	0.200000007241793
11.475	41.75	1.01928547868292e-08	0.799999992529755	-1.33318449853145e-09	63.5655334122413	0.200000008154284
11.625	41.75	1.11376387035971e-08	0.799999992398632	-1.24440812321823e-09	63.5415334114372	0.200000008910111
11.775	41.75	1.17529470168293e-08	0.799999992245746	-1.15579478474886e-09	63.5175334105589	0.200000009402358
11.925	41.75	1.18752471623915e-08	0.79999999207041	-1.06717705023557e-09	63.4935334096459	0.200000009500198
12.075	41.75	1.13098333713779e-08	0.799999991872129	-9.78656914877303e-10	63.4695334087547	0.200000009047867
12.225	41.75	9.83079107493991e-09	0.799999991652333	-8.90354232076816e-10	63.4455334079621	0.200000007864633
12.375	41.75	7.1826055906822e-09	0.799999991414056	-8.02128681214695e-10	63.421533407368	0.200000005746084
12.525	41.75	3.08384340347058e-09	0.799999991162064	-7.14124655493325e-10	63.3975334070982	0.200000002467075
12.675	41.75	-2.76664135534321e-09	0.799999990903843	-6.26280129643606e-10	63.3735334073062	0.199999997786687
12.825	41.75	-1.06805117616785e-08	0.799999990649676	-5.38819402997072e-10	63.3495334081751	0.199999991455591
12.975	41.75	-2.09673062711138e-08	0.799999990412297	-4.51606446266101e-10	63.3255334099179	0.199999983226155
13.125	41.75	-3.39179162738825e-08	0.799999990208768	-3.64654991144658e-10	63.3015334127761	0.199999972865667
13.275	41.75	-4.97837930980169e-08	0.799999990059129	-2.78130892392752e-10	63.2775334170176	0.199999960172966
13.425	41.75	-6.87515581682951e-08	0.799999989987765	-1.91894794274867e-10	63.253533422931	0.199999944998753
13.575	41.75	-9.09127707830307e-08	0.799999990022786	-1.06124294208815e-10	63.2295334308186	0.199999927269783
13.725	41.75	-1.16228700179765e-07	0.799999990196064	-2.09051984636404e-11	63.205533440985	0.19999990701704
13.875	41.75	-1.44490042418927e-07	0.799999990544068	6.39907098623807e-11	63.1815334537228	0.199999884407966
14.025	41.75	-1.75271602825628e-07	0.799999991107629	1.48265585617187e-10	63.1575334692944	0.199999859782718
14.175	41.75	-2.07882008931824e-07	0.799999991929854	2.3213482267093e-10	63.1335334879085	0.199999833694393
14.325	41.75	-2.41308495543175e-07	0.799999993059664	3.15334490782495e-10	63.1095335096919	0.199999806953204
14.475	41.75	-2.74156669525969e-07	0.799999994549105	3.97953740248191e-10	63.0855335346561	0.199999780674664
14.625	41.75	-3.04584858912429e-07	0.799999996456059	4.80001222175837e-10	63.0615335626571	0.199999756332113
14.775	41.75	-3.30232101352146e-07	0.799999998844657	5.6138799569446e-10	63.0375335933491	0.199999735814319
14.925	41.75	-3.48137928047634e-07	0.800000001787925	6.420515112062e-10	63.013533626131	0.199999721489658
15.075	41.75	-3.54650715680165e-07	0.800000005372931	7.22100971491994e-10	62.9895336600843	0.199999716279427
15.225	41.75	-3.45319332205211e-07	0.800000009705763	8.01439296459951e-10	62.9655336939015	0.199999723744534
15.375	41.75	-3.14759858310425e-07	0.800000014923682	8.7997905242416e-10	62.9415337258032	0.199999748192113
15.525	41.75	-2.56485016103944e-07	0.800000021206607	9.57813461908118e-10	62.91753375344	0.199999794811987
15.675	41.75	-1.62678173020421e-07	0.800000028800949	1.03478815929208e-09	62.8935337737759	0.199999869857462
15.825	41.75	-2.38858725975034e-08	0.80000003804705	1.11094197389727e-09	62.8695337829462	0.199999980891302
15.975	41.75	1.71407943908329e-07	0.800000049421476	1.18633937514948e-09	62.8455337760792	0.200000137126355
16.125	41.75	4.37377483255654e-07	0.800000063593345	1.26075839795693e-09	62.8215337470705	0.200000349901987
16.275	41.75	7.91691623796057e-07	0.800000081503114	1.33446056429722e-09	62.7975336882871	0.200000633353299
16.425	41.75	1.25668925085178e-06	0.800000104468582	1.40713324516295e-09	62.7735335901755	0.200001005351401
16.575	41.75	1.86102705703685e-06	0.800000134331435	1.47883612506548e-09	62.7495334407346	0.200001488821646
16.725	41.75	2.64198155410042e-06	0.800000173653306	1.54971059398756e-09	62.7255332247984	0.200002113585243
16.875	41.75	3.64865147648145e-06	0.800000225982267	1.61954117805008e-09	62.7015329230549	0.200002918921181
17.025	41.75	4.94639295760717e-06	0.800000296210289	1.68837714763989e-09	62.6775325106982	0.200003957114366
17.175	41.75	6.62293525683575e-06	0.800000391055322	1.75615963171239e-09	62.6535319555745	0.200005298348205
17.325	41.75	8.79677986426556e-06	0.800000519712994	1.82290182659226e-09	62.6295312156307	0.200007037423891
17.475	41.75	1.16286953720528e-05	0.800000694729404	1.88871428617169e-09	62.6055302354089	0.200009302956298
17.625	41.75	1.5337405188613e-05	0.80000093319244	1.95340286343226e-09	62.5815289412355	0.200012269924151
17.775	41.75	2.02209519569005e-05	0.800001258330213	2.01693290880824e-09	62.5575272346321	0.200016176761566
17.925	41.75	2.66857440316068e-05	0.800001701669303	2.0794662171685e-09	62.5335249833068	0.200021348595225
18.075	41.75	3.52859826683981e-05	0.800002305913879	2.14075474993655e-09	62.5095220088582	0.200028228786135
18.225	41.75	4.67770776487173e-05	0.800003128774164	2.20103700719506e-09	62.4855180700237	0.200037421662119
18.375	41.75	6.21878481693863e-05	0.800004248051477	2.25994662972447e-09	62.4615128398977	0.200049750278536
18.525	41.75	8.29178912724393e-05	0.800005768468874	2.31776998905393e-09	62.4375058750104	0.200066334313018
18.675	41.75	0.000110868697443809	0.800007830997697	2.37413508388112e-09	62.4134965734397	0.200088694957955
18.825	41.75	0.00014862025334977	0.800010625799541	2.42936789073653e-09	62.3894841181522	0.20011889620268
18.975	41.75	0.0001996694519665	0.800014410192332	2.48337503223586e-09	62.365467400424	0.200159735561573
19.125	41.75	0.000268753039036169	0.800019533104645	2.5357017152502e-09	62.3414449163154	0.200215002431229
19.275	41.75	0.000362286150514985	0.80002646703805	2.58671063860729e-09	62.3174146265944	0.200289828920412
19.425	41.75	0.000488957294986086	0.800035847872088	2.63595290359508e-09	62.2933737670509	0.200391165835989
19.575	41.75	0.000660531175658122	0.800048522756794	2.68350040231785e-09	62.2693185917147	0.200528424940527
19.725	41.75	0.000892922190319994	0.800065608627422	2.72902654784211e-09	62.2452440260076	0.200714337752256
19.875	41.75	0.00120761710075533	0.800088570300853	2.77231144511185e-09	62.2211432000765	0.200966093680604
20.025	41.75	0.00163355408658745	0.800119337545198	2.81295762553376e-09	62.197006823636	0.20130684326927
20.175	41.75	0.00220962175004475	0.800160489944055	2.8504508585513e-09	62.1728223506525	0.201767697400036
20.325	41.75	0.00298804031187116	0.800215535127644	2.88414440498714e-09	62.1485728617541	0.202390432249497
20.475	41.75	0.0040390295874069	0.800289273709868	2.91324215629307e-09	62.1242355602383	0.203231223669926
20.625	41.75	0.00545732363921955	0.800388170902821	2.93654801876184e-09	62.0997797312383	0.204365858911376
20.775	41.75	0.00737118393998026	0.800520546648763	2.95252447931321e-09	62.0751639554356	0.205896947151984
20.925	41.75	0.00995447739821134	0.80069628987014	2.95943282685183e-09	62.0503323102321	0.207963581918569
21.075	41.75	0.0134420119542795	0.800925761949819	2.9546373561683e-09	62.0252092548945	0.210753609563424
21.225	41.75	0.0181476175313969	0.801217642722631	2.93521248254426e-09	61.9996929116351	0.214518094025118
21.375	41.75	0.0244834934405971	0.80157570865798	2.89794566388469e-09	61.9736465504097	0.219586794752478
21.525	41.75	0.0329782628385164	0.801994871819693	2.83930307108125e-09	61.9468882794504	0.226382610270813
21.675	41.75	0.0442900720508602	0.802457173970642	2.75640894021452e-09	61.9191792426578	0.235432057640688
21.825	41.75	0.0592098316878866	0.802928785852746	2.64724832847385e-09	61.8902110363595	0.247367865350309
21.975	41.75	0.0786480163414236	0.803359399035389	2.51227007485004e-09	61.8595936087223	0.262918413073139
22.125	41.75	0.103596190273325	0.803685582058362	2.35435249234256e-09	61.8268456428629	0.28287695221866
22.275	41.75	0.135052302508114	0.803839327129284	2.17933312581076e-09	61.7913903703239	0.308041842006491
22.425	41.75	0.173898993259018	0.803761743173564	1.99515190369998e-09	61.7525607987611	0.339119194607215
22.575	41.75	0.220730584568018	0.803419694711596	1.81075177605885e-09	61.7096190598236	0.376584467654415
22.725	41.75	0.27564152638459	0.802820791509138	1.63459877256757e-09	61.6617941853503	0.420513221107672
22.875	41.75	0.338017855876302	0.802020579578353	1.47357597634711e-09	61.6083400327207	0.470414284701042
23.025	41.75	0.406404722921378	0.80111645236425	1.33227748431073e-09	61.5486096041729	0.525123778337102
23.175	41.75	0.478534571791029	0.800226930383616	1.2127312427066e-09	61.4821344432146	0.582827657432823
23.325	41.75	0.551566086264904	0.799461972839168	1.11517121091938e-09	61.4086912879979	0.641252869011923
23.475	41.75	0.622501307478431	0.798895931482997	1.03814882621324e-09	61.3283372580899	0.698001045982745
23.625	41.75	0.688659257460368	0.798554411617812	9.79477580177362e-10	61.241402229256	0.750927405968295
23.775	41.75	0.748051809826135	0.798418745198346	9.36577144577732e-10	61.1484403402377	0.798441447860908
23.925	41.75	0.799557780830631	0.798442570261616	9.06826250132545e-10	61.0501550435813	0.839646224664505
24.075	41.75	0.842886470124626	0.798570851005246	8.87796150775554e-10	60.9473175533182	0.874309176099701
24.225	41.75	0.878398155817052	0.798753962607926	8.77363792138216e-10	60.8406956967414	0.902718524653641
24.375	41.75	0.906872100253853	0.79895449337776	8.7370940532375e-10	60.7310025537123	0.925497680203082
24.525	41.75	0.929292198012299	0.799148196774276	8.7532621765812e-10	60.6188665376788	0.943433758409839
24.675	41.75	0.946685093963828	0.799321773109495	8.8101984509988e-10	60.5048195376695	0.957348075171063
24.825	41.75	0.960016774551382	0.799469692540133	8.89824503061461e-10	60.3892977894002	0.968013419641105
24.975	41.75	0.970138073009073	0.799591293216984	9.00935685534059e-10	60.2726503203769	0.976110458407258
25.125	41.75	0.977764769181702	0.799688597309681	9.13787193154918e-10	60.155150962272	0.982211815345361
25.275	41.75	0.983479107246385	0.799764852196551	9.27850297138937e-10	60.0370112437146	0.986783285797108
25.425	41.75	0.987742791090152	0.799823640911032	9.42843132256307e-10	59.9183925856574	0.990194232872121
25.575	41.75	0.990914817853206	0.799868386832157	9.58407412432138e-10	59.7994170167511	0.992731854282564
25.725	41.75	0.993270126780204	0.799902111732884	9.74364032444344e-10	59.6801761376048	0.994616101424164
25.875	41.75	0.995016874796795	0.799927348121517	9.90562112875107e-10	59.5607383607833	0.996013499837436
26.025	41.75	0.996311339955722	0.799946140378864	1.00684129607957e-09	59.4411546063194	0.997049071964577
26.175	41.75	0.997270176119341	0.799960092508664	1.02314613176033e-09	59.3214626937174	0.997816140895472
26.325	41.75	0.997980145939406	0.799970435820962	1.03943320763836e-09	59.2016906786062	0.998384116751525
26.475	41.75	0.998505654703134	0.799978100272502	1.0555700648869e-09	59.0818593606191	0.998804523762508
26.625	41.75	0.998894473355086	0.799983780315006	1.07158880530033e-09	58.9619841549672	0.999115578684069
26.775	41.75	0.999182029806328	0.799987990960526	1.08745263862686e-09	58.8420764833369	0.999345623845062
26.925	41.75	0.999394600868679	0.799991112916128	1.10311942227088e-09	58.7221448055988	0.999515680694943
27.075	41.75	0.999551676930101	0.799993427480375	1.11857257285923e-09	58.602195384804	0.999641341544081
27.225	41.75	0.999667711986843	0.799995142764937	1.13382105250131e-09	58.4822328546769	0.999734169589474
27.375	41.75	0.999753419908251	0.799996413041829	1.14885090934529e-09	58.3622606408857	0.999802735926601
27.525	41.75	0.999816736206986	0.799997352888494	1.16366927651521e-09	58.2422812739297	0.999853388965589
27.675	41.75	0.999863532816339	0.799998047511222	1.17823373645103e-09	58.122296621551	0.999890826253071
27.825	41.75	0.999898149900097	0.799998560306007	1.19257997902354e-09	58.0023080613116	0.999918519920078
27.975	41.75	0.999923791678129	0.7999989384302	1.206686194708e-09	57.8823166086432	0.999939033342503
28.125	41.75	0.999942820940899	0.799999216934315	1.22057077793322e-09	57.762323011761	0.999954256752719
28.275	41.75	0.999956977996938	0.799999421842228	1.23422794743799e-09	57.6423278219315	0.999965582397551
28.425	41.75	0.999967543255862	0.799999572452002	1.24764837733613e-09	57.5223314454269	0.999974034604689
28.575	41.75	0.999975457806057	0.79999968305707	1.26083749088012e-09	57.4023341818875	0.999980366244846
28.725	41.75	0.999981412728966	0.799999764231566	1.2737987854531e-09	57.2823362526092	0.999985130183173
28.875	41.75	0.999985915176929	0.799999823789001	1.28653230212624e-09	57.162337821373	0.999988732141543
29.025	41.75	0.999989337201693	0.799999867495744	1.29905380087229e-09	57.0423390097579	0.999991469761355
29.175	41.75	0.999991951790884	0.799999899601192	1.31134500876129e-09	56.9223399083812	0.999993561432707
29.325	41.75	0.99999395942499	0.799999923231395	1.32341560714351e-09	56.8023405851336	0.999995167539992
29.475	41.75	0.999995507614461	0.799999940681277	1.33527406807648e-09	56.6823410912021	0.999996406091569
29.625	41.75	0.999996705242206	0.799999953631253	1.34691193236387e-09	56.5623414654671	0.999997364193765
29.775	41.75	0.999997633065907	0.799999963308034	1.35832147431917e-09	56.4423417377062	0.999998106452725
29.925	41.75	0.999998351385326	0.799999970604349	1.36956320677805e-09	56.3223419309261	0.999998681108261
30.075	41.75	0.999998905620697	0.799999976166909	1.38054764916106e-09	56.2023420630589	0.999999124496557
30.225	41.75	0.999999330355739	0.799999980462695	1.39135311158016e-09	56.0823421481968	0.999999464284591
30.375	41.75	0.999999652256004	0.799999983827456	1.40194584795553e-09	55.9623421974918	0.999999721804803
30.525	41.75	0.999999892166616	0.799999986501356	1.41233626272654e-09	55.8423422198154	0.999999913733293
30.675	41.75	1.00000006661445	0.799999988656096	1.42254323295362e-09	55.7223422222454	1.00000005329156
30.825	41.75	1.00000018888045	0.799999990414035	1.43253899841026e-09	55.6023422104286	1.00000015110436
30.975	41.75	1.0000002697643	0.799999991862365	1.44233858360063e-09	55.4823421888562	1.00000021581144
31.125	41.75	1.00000031813024	0.799999993063927	1.45195906915402e-09	55.3623421610752	1.00000025450419
31.275	41.75	1.00000034129914	0.799999994064264	1.46138787813951e-09	55.242342129856	1.00000027303931
31.425	41.75	1.00000034533336	0.799999994897139	1.47062023718089e-09	55.1223420973265	1.00000027626669
31.575	41.75	1.00000033524795	0.799999995588369	1.47967647312188e-09	55.0023420650829	1.00000026819836
31.725	41.75	1.00000031517155	0.799999996158178	1.48854567456332e-09	54.8823420342824	1.00000025213724
31.875	41.75	1.00000028847336	0.799999996623292	1.49724785684973e-09	54.7623420057225	1.00000023077869
32.025	41.75	1.00000025786736	0.799999996997863	1.50576917853743e-09	54.6423419799085	1.00000020629389
32.175	41.75	1.00000022550096	0.79999999729433	1.51409870489972e-09	54.5223419571126	1.00000018040077
32.325	41.75	1.00000019303282	0.799999997523955	1.52230414665315e-09	54.402341937424	1.00000015442626
32.475	41.75	1.00000016170284	0.799999997696836	1.53030452109406e-09	54.2823419207931	1.00000012936227
32.625	41.75	1.00000013239566	0.799999997822255	1.53813366030403e-09	54.1623419070681	1.00000010591652
32.775	41.75	1.00000010569877	0.799999997908732	1.54579756226645e-09	54.0423418960265	1.00000008455902
32.925	41.75	1.00000008195548	0.799999997963852	1.55331848198428e-09	53.9223418874013	1.00000006556438
33.075	41.75	1.0000000613128	0.799999997994588	1.56066750658335e-09	53.8023418809019	1.00000004905024
33.225	41.75	1.00000004376436	0.799999998006898	1.56786745096858e-09	53.6823418762309	1.00000003501148
33.375	41.75	1.00000002918823	0.799999998006121	1.57490623508287e-09	53.5623418730971	1.00000002335059
33.525	41.75	1.00000001737989	0.799999997996613	1.58180026858328e-09	53.4423418712249	1.00000001390391
33.675	41.75	1.00000000808002	0.799999997982226	1.5885518538631e-09	53.3223418703612	1.00000000646401
33.825	41.75	1.00000000099791	0.799999997965857	1.59514459064306e-09	53.2023418702789	1.00000000079833
33.975	41.75	0.999999995830303	0.799999997949944	1.60160171680065e-09	53.0823418707798	0.999999996664243
34.125	41.75	0.999999992276155	0.799999997936256	1.60789627583065e-09	52.9623418716945	0.999999993820924
34.275	41.75	0.999999990047895	0.799999997926115	1.61407435187293e-09	52.8423418728819	0.999999992038316
34.425	41.75	0.999999988879282	0.799999997920259	1.62010324144065e-09	52.7223418742275	0.999999991103426
34.575	41.75	0.999999988530649	0.79999999791916	1.62600307454869e-09	52.602341875641	0.999999990824519
34.725	41.75	0.999999988791751	0.799999997923043	1.63176841947673e-09	52.4823418770539	0.999999991033401
34.875	41.75	0.999999989482806	0.799999997931762	1.63740632103509e-09	52.3623418784161	0.999999991586245
35.025	41.75	0.999999990454005	0.799999997945103	1.64290991320089e-09	52.2423418796937	0.999999992363204
35.175	41.75	0.999999991583954	0.799999997962682	1.64828896329522e-09	52.1223418808654	0.999999993267164
35.325	41.75	0.999999992777336	0.799999997984068	1.65354997963538e-09	52.0023418819207	0.999999994221869
35.475	41.75	0.999999993962087	0.799999998008699	1.65868017448296e-09	51.882341882857	0.99999999516967
35.625	41.75	0.999999995086367	0.799999998036138	1.6637047203287e-09	51.7623418836774	0.999999996069094
35.775	41.75	0.999999996115371	0.799999998065895	1.66861054656678e-09	51.6423418843896	0.999999996892297
35.925	41.75	0.999999997028287	0.799999998097487	1.67339579447024e-09	51.5223418850035	0.99999999762263
36.075	41.75	0.999999997815457	0.799999998130442	1.67806762704556e-09	51.4023418855309	0.999999998252365
36.225	41.75	0.999999998475757	0.799999998164503	1.68261805525163e-09	51.2823418859838	0.999999998780606
36.375	41.75	0.999999999014292	0.799999998199302	1.687085576017e-09	51.1623418863742	0.999999999211434
36.525	41.75	0.999999999440473	0.7999999982345	1.69142582464503e-09	51.0423418867133	0.999999999552379
36.675	41.75	0.999999999766343	0.799999998270059	1.6956756298842e-09	50.9223418870113	0.999999999813074
36.825	41.75	1.00000000000535	0.799999998305675	1.69981374927482e-09	50.8023418872772	1.00000000000428
36.975	41.75	1.00000000017136	0.799999998341291	1.70384538013822e-09	50.6823418875186	1.00000000013709
37.125	41.75	1.00000000027792	0.799999998376863	1.70779547263593e-09	50.5623418877419	1.00000000022234
37.275	41.75	1.00000000033771	0.799999998412113	1.71163676797348e-09	50.4423418879522	1.00000000027017
37.425	41.75	1.00000000036184	0.799999998447139	1.71538779473259e-09	50.3223418881534	1.00000000028947
37.575	41.75	1.00000000035914	0.799999998481717	1.71903593226338e-09	50.2023418883486	1.00000000028731
37.725	41.75	1.00000000033566	0.799999998516029	1.72261494693323e-09	50.08234188854	1.00000000026853
37.875	41.75	1.00000000029552	0.799999998550656	1.72608777046682e-09	49.9623418887293	1.00000000023642
38.025	41.75	1.00000000024452	0.799999998586573	1.7294777730134e-09	49.842341888918	1.00000000019561
38.175	41.75	1.00000000019657	0.799999998624565	1.73277688217353e-09	49.7223418891064	1.00000000015726
38.325	41.75	1.00000000017805	0.799999998663037	1.73600023343258e-09	49.602341889293	1.00000000014244
38.475	41.75	1.00000000021821	0.799999998695782	1.73913557316587e-09	49.4823418894734	1.00000000017457
38.625	41.75	1.00000000031038	0.799999998712265	1.74220194112143e-09	49.3623418896423	1.00000000024831
38.775	41.75	1.00000000034601	0.799999998705954	1.7451663701715e-09	49.2423418898001	1.00000000027681
38.925	41.75	1.00000000007387	0.799999998694745	1.74807679760841e-09	49.1223418899641	1.00000000005909
39.075	41.75	0.99999999921203	0.799999998744874	1.75088200077558e-09	49.0023418901775	0.999999999369624
39.225	41.75	0.999999997861597	0.799999998965131	1.75363361118141e-09	48.882341890492	0.999999998289277
39.375	41.75	0.999999997187172	0.799999999416996	1.756306316527e-09	48.7623418908985	0.999999997749737
39.525	41.75	0.999999999800276	0.799999999906853	1.7589034674834e-09	48.642341891207	0.999999999840221
39.675	41.75	1.00000000854992	0.799999999756069	1.76143697219355e-09	48.5223418909648	1.00000000683993
39.825	41.75	1.00000002228112	0.799999997882134	1.76389032092644e-09	48.4023418896386	1.0000000178249
39.975	41.75	1.00000002906867	0.79999999372129	1.76627614469758e-09	48.2823418873223	1.00000002325494
40.125	41.75	1.00000000269438	0.799999989258356	1.76860558288498e-09	48.162341885941	1.00000000215551
40.275	41.75	0.99999991505163	0.799999991170033	1.7708585634252e-09	48.0423418900274	0.999999932041304
40.425	41.75	0.99999977787523	0.800000009841774	1.77305691499213e-09	47.9223419049001	0.999999822300184
40.575	41.75	0.999999707649988	0.800000050378643	1.77519914171316e-09	47.8023419297229	0.999999766119991
40.725	41.75	0.999999957517818	0.800000093592153	1.77727003692797e-09	47.6823419459177	0.999999966014255
40.875	41.75	1.00000079734946	0.800000076796999	1.77927560235255e-09	47.5623419098018	1.00000063787957
41.025	41.75	1.00000212196186	0.799999904279041	1.78121983189241e-09	47.4423417697875	1.00000169756949
41.175	41.75	1.00000285290254	0.799999530147815	1.78311660817244e-09	47.3223415311015	1.00000228232203
41.325	41.75	1.00000065163094	0.799999127895145	1.78495508014565e-09	47.2023413629862	1.00000052130475
41.475	41.75	0.999993003857984	0.799999255451539	1.78672922986234e-09	47.08234166762	0.999994403086387
41.625	41.75	0.999980706637796	0.800000756058257	1.78846094147821e-09	46.9623429296088	0.999984565310237
41.775	41.75	0.99997313846413	0.800004040685467	1.79014366138359e-09	46.8423451451316	0.999978510771304
41.925	41.75	0.999990827520921	0.800007657603454	1.79172204698923e-09	46.7223468748441	0.999992662016737
42.075	41.75	1.0000563795365	0.80000693622646	1.79320082429691e-09	46.6023446089834	1.0000451036292
42.225	41.75	1.00016528886127	0.799994824104105	1.79453602592932e-09	46.4823339690113	1.00013223108901
42.375	41.75	1.0002418495523	0.799967674178818	1.79587374534838e-09	46.3623144264961	1.00019347964184
42.525	41.75	1.00011633628371	0.799936550459362	1.79745791490039e-09	46.24229723352	1.00009306902697
42.675	41.75	0.999594226904114	0.799937860660559	1.79955112492071e-09	46.1223111265634	0.999675381523291
42.825	41.75	0.998683926303282	0.800027372456401	1.80217114420465e-09	46.0023937777047	0.998947141042626
42.975	41.75	0.997944673225858	0.800237006841868	1.80449445693676e-09	45.8825556096221	0.998355738580687
43.125	41.75	0.998684258980124	0.800490005482922	1.80462935238618e-09	45.7627174153032	0.998947407184099
43.275	41.75	1.00248296175524	0.800522975161662	1.80033243417392e-09	45.6426613849859	1.00198636940419
43.425	41.75	1.00955927622397	0.799934825596029	1.79129409794216e-09	45.5220834824512	1.00764742097918
43.575	41.75	1.01623380734837	0.798479881638008	1.78285437801382e-09	45.400845705797	1.0129870458787
43.725	41.75	1.01328677097057	0.796573391868713	1.78797680446952e-09	45.279428549503	1.01062941677645
43.875	41.75	0.988680897764457	0.795833250669749	1.82444222628611e-09	45.1593335550638	0.990944718211566
44.025	41.75	0.938367896724468	0.799351007352692	1.90272056649828e-09	45.0428405226045	0.950694317379574
44.175	41.75	0.88467313360057	0.810192428753489	1.9938859934888e-09	44.9313520169793	0.907738506880456
44.325	41.75	0.889127901655844	0.824441952946876	1.98714250296917e-09	44.8222076629357	0.911302321324675
44.475	41.75	1.03257195115222	0.826489829209387	1.76554005135478e-09	44.7059572573239	1.02605756092177
44.625	41.75	1.34924434134326	0.808622133175886	1.41609112835224e-09	44.5677998214502	1.27939547307461
44.775	41.75	1.76408811733872	0.709537047682597	1.12432782768569e-09	44.39559300834	1.61127049387097
44.925	41.75	2.11154506540406	0.834636814367463	9.58799042181509e-10	44.2248229886784	1.88923605232325
0.075	42.25	3.47473593501653e-16	0.399999999934584	-5.25495355741282e-09	65.3895334069653	0.2
0.225	42.25	1.09796498751577e-15	0.799999999803828	-5.25321881349395e-09	65.3655334069692	0.200000000000001
0.375	42.25	2.54818929315516e-15	0.799999999673175	-5.24970525466417e-09	65.341533406977	0.200000000000002
0.525	42.25	4.61626581478915e-15	0.799999999542747	-5.24457822749723e-09	65.3175334069888	0.200000000000004
0.675	42.25	7.14881699141701e-15	0.79999999941172	-5.23775391783712e-09	65.2935334070045	0.200000000000006
0.825	42.25	9.93588427099728e-15	0.799999999281994	-5.22913443512193e-09	65.2695334070241	0.200000000000008
0.975	42.25	1.27379704212459e-14	0.799999999151951	-5.21898148823038e-09	65.2455334070476	0.20000000000001
1.125	42.25	1.52997074184391e-14	0.799999999022424	-5.20686581898656e-09	65.2215334070749	0.200000000000012
1.275	42.25	1.73403388776215e-14	0.799999998893474	-5.19335946918109e-09	65.1975334071062	0.200000000000014
1.425	42.25	1.85241247428108e-14	0.799999998763716	-5.17785545029611e-09	65.1735334071414	0.200000000000015
1.575	42.25	1.84215048975034e-14	0.799999998635564	-5.16095881813704e-09	65.1495334071804	0.200000000000015
1.725	42.25	1.64738684561269e-14	0.799999998507695	-5.14234052648228e-09	65.1255334072232	0.200000000000013
1.875	42.25	1.19727218027539e-14	0.79999999838021	-5.12186906182628e-09	65.1015334072699	0.20000000000001
2.025	42.25	4.06047185862724e-15	0.799999998253368	-5.09994996476318e-09	65.0775334073204	0.200000000000003
2.175	42.25	-8.2429194430879e-15	0.799999998126738	-5.0763726330148e-09	65.0535334073747	0.199999999999993
2.325	42.25	-2.59845091538521e-14	0.799999998001516	-5.05105896744264e-09	65.0295334074328	0.199999999999979
2.475	42.25	-5.01910920657656e-14	0.799999997876626	-5.0241690797978e-09	65.0055334074946	0.19999999999996
2.625	42.25	-8.17460217045201e-14	0.799999997752219	-4.99561860751262e-09	64.9815334075602	0.199999999999935
2.775	42.25	-1.21225242700201e-13	0.799999997628523	-4.96550461388215e-09	64.9575334076295	0.199999999999903
2.925	42.25	-1.68687693178933e-13	0.799999997506358	-4.93373390665955e-09	64.9335334077025	0.199999999999865
3.075	42.25	-2.2341664924998e-13	0.799999997384138	-4.90079042911505e-09	64.9095334077792	0.199999999999821
3.225	42.25	-2.83611672154897e-13	0.799999997263947	-4.86575318281704e-09	64.8855334078595	0.199999999999773
3.375	42.25	-3.46035690210128e-13	0.799999997143866	-4.82955775198393e-09	64.8615334079434	0.199999999999723
3.525	42.25	-4.0562854532224e-13	0.799999997025106	-4.79162564793425e-09	64.8375334080309	0.199999999999676
3.675	42.25	-4.55107087464763e-13	0.799999996907254	-4.75232323723844e-09	64.813533408122	0.199999999999636
3.825	42.25	-4.84582706466101e-13	0.799999996790617	-4.71157572287178e-09	64.7895334082166	0.199999999999612
3.975	42.25	-4.81239935818958e-13	0.799999996674974	-4.66906333351262e-09	64.7655334083147	0.199999999999615
4.125	42.25	-4.29134299419621e-13	0.799999996560502	-4.62559403872255e-09	64.7415334084162	0.199999999999657
4.275	42.25	-3.09183363428162e-13	0.799999996447148	-4.58048235031108e-09	64.7175334085211	0.199999999999753
4.425	42.25	-9.94413047357702e-14	0.799999996335273	-4.53384655247314e-09	64.6935334086294	0.19999999999992
4.575	42.25	2.24237048774954e-13	0.799999996224446	-4.48586743670424e-09	64.669533408741	0.200000000000179
4.725	42.25	6.8702333677528e-13	0.799999996114991	-4.43656736515748e-09	64.6455334088559	0.20000000000055
4.875	42.25	1.31330562579218e-12	0.799999996006837	-4.38590521185011e-09	64.621533408974	0.200000000001051
5.025	42.25	2.12411094018745e-12	0.799999995900133	-4.33410305416141e-09	64.5975334090952	0.200000000001699
5.175	42.25	3.13363844801932e-12	0.799999995794775	-4.28072094200419e-09	64.5735334092196	0.200000000002507
5.325	42.25	4.34480354732395e-12	0.799999995690893	-4.2263614123367e-09	64.5495334093469	0.200000000003476
5.475	42.25	5.74373324216499e-12	0.799999995587969	-4.1705778363585e-09	64.5255334094773	0.200000000004595
5.625	42.25	7.29321537250642e-12	0.79999999548734	-4.1136319297661e-09	64.5015334096105	0.200000000005835
5.775	42.25	8.92519279552114e-12	0.799999995387518	-4.05550715523858e-09	64.4775334097467	0.20000000000714
5.925	42.25	1.05325120592399e-11	0.799999995289794	-3.9961727532716e-09	64.4535334098856	0.200000000008426
6.075	42.25	1.19602875317702e-11	0.799999995193375	-3.93571675852175e-09	64.4295334100272	0.200000000009568
6.225	42.25	1.29974275820495e-11	0.799999995098377	-3.87414058583025e-09	64.4055334101717	0.200000000010398
6.375	42.25	1.33690888241931e-11	0.799999995005008	-3.81160953516267e-09	64.3815334103189	0.200000000010695
6.525	42.25	1.27310739128737e-11	0.799999994913328	-3.74777814731025e-09	64.3575334104688	0.200000000010185
6.675	42.25	1.06674610054159e-11	0.799999994823454	-3.68314486458941e-09	64.3335334106216	0.200000000008534
6.825	42.25	6.69303687929353e-12	0.799999994735169	-3.61738291224029e-09	64.3095334107773	0.200000000005354
6.975	42.25	2.62384099264452e-13	0.799999994648462	-3.5507708445938e-09	64.2855334109362	0.20000000000021
7.125	42.25	-9.21227773531128e-12	0.79999999456336	-3.48306559742806e-09	64.2615334110984	0.19999999999263
7.275	42.25	-2.23322051046497e-11	0.799999994480727	-3.41451392203131e-09	64.2375334112642	0.199999999982134
7.425	42.25	-3.96698098500021e-11	0.799999994399294	-3.3450564539388e-09	64.2135334114338	0.199999999968264
7.575	42.25	-6.17105576062309e-11	0.799999994320165	-3.27479007205776e-09	64.1895334116078	0.199999999950632
7.725	42.25	-8.87769669865887e-11	0.799999994243365	-3.20367309957367e-09	64.1655334117865	0.199999999928978
7.875	42.25	-1.20933060957369e-10	0.799999994168215	-3.13167469856706e-09	64.1415334119703	0.199999999903254
8.025	42.25	-1.57868390032947e-10	0.799999994095367	-3.05910006297717e-09	64.1175334121596	0.199999999873705
8.175	42.25	-1.98761869687832e-10	0.799999994025612	-2.98567066229486e-09	64.0935334123548	0.199999999840991
8.325	42.25	-2.42127204401436e-10	0.799999993957998	-2.91157619462508e-09	64.0695334125562	0.199999999806298
8.475	42.25	-2.85643650841121e-10	0.799999993893147	-2.83674254132779e-09	64.0455334127639	0.199999999771485
8.625	42.25	-3.2597833116718e-10	0.799999993831343	-2.76143079068392e-09	64.0215334129775	0.199999999739217
8.775	42.25	-3.58609249822872e-10	0.799999993772623	-2.68534227431429e-09	63.9975334131966	0.199999999713113
8.925	42.25	-3.77661569790014e-10	0.799999993716891	-2.60874563068949e-09	63.97353341342	0.199999999697871
9.075	42.25	-3.75773504740662e-10	0.799999993664593	-2.53161780405596e-09	63.9495334136461	0.199999999699381
9.225	42.25	-3.44012273569772e-10	0.799999993615576	-2.45390694013844e-09	63.9255334138723	0.19999999972479
9.375	42.25	-2.7186478015511e-10	0.799999993569786	-2.37577982822983e-09	63.9015334140952	0.199999999782508
9.525	42.25	-1.47331799659612e-10	0.799999993527011	-2.29722550625045e-09	63.8775334143103	0.199999999882135
9.675	42.25	4.284181821463e-11	0.799999993486941	-2.21820138232712e-09	63.8535334145119	0.200000000034273
9.825	42.25	3.12765439334927e-10	0.799999993449153	-2.1388709656926e-09	63.8295334146928	0.200000000250212
9.975	42.25	6.76792139007503e-10	0.799999993413035	-2.05897886976407e-09	63.8055334148448	0.200000000541434
10.125	42.25	1.14866198199683e-09	0.799999993377583	-1.97894795572766e-09	63.7815334149581	0.20000000091893
10.275	42.25	1.7403637607043e-09	0.799999993341525	-1.89857522210995e-09	63.7575334150217	0.200000001392291
10.425	42.25	2.46068475209322e-09	0.799999993303494	-1.81800182277499e-09	63.7335334150235	0.200000001968548
10.575	42.25	3.31342633542956e-09	0.799999993262025	-1.7371697486619e-09	63.709533414951	0.200000002650741
10.725	42.25	4.29527556207549e-09	0.799999993215154	-1.65620488018435e-09	63.6855334147916	0.20000000343622
10.875	42.25	5.39333950356209e-09	0.799999993160266	-1.57492272642248e-09	63.6615334145334	0.200000004314672
11.025	42.25	6.58237084010738e-09	0.799999993095036	-1.49366685997252e-09	63.6375334141664	0.200000005265897
11.175	42.25	7.82173995089669e-09	0.799999993017267	-1.41215001163643e-09	63.6135334136839	0.200000006257392
11.325	42.25	9.05224078202542e-09	0.79999999292407	-1.33071514551613e-09	63.5895334130836	0.200000007241793
11.475	42.25	1.01928547850654e-08	0.799999992813195	-1.24910426565225e-09	63.5655334123704	0.200000008154284
11.625	42.25	1.11376387022222e-08	0.799999992681961	-1.16760341242337e-09	63.5415334115578	0.200000008910111
11.775	42.25	1.17529470160954e-08	0.799999992529202	-1.08602066260075e-09	63.517533410671	0.200000009402358
11.925	42.25	1.18752471625653e-08	0.799999992353402	-1.0045494206342e-09	63.4935334097495	0.200000009500198
12.075	42.25	1.13098333728155e-08	0.799999992154788	-9.23239064004488e-10	63.4695334088498	0.200000009047867
12.225	42.25	9.83079107799808e-09	0.799999991934561	-8.41879796664617e-10	63.4455334080487	0.200000007864633
12.375	42.25	7.18260559581597e-09	0.799999991695592	-7.60785569179118e-10	63.4215334074462	0.200000005746084
12.525	42.25	3.08384341110348e-09	0.79999999144307	-6.79797246012851e-10	63.3975334071679	0.200000002467075
12.675	42.25	-2.76664134469063e-09	0.799999991184035	-5.99103216948423e-10	63.3735334073675	0.199999997786687
12.825	42.25	-1.06805117475722e-08	0.799999990929019	-5.18525722307532e-10	63.3495334082281	0.199999991455591
12.975	42.25	-2.09673062530378e-08	0.799999990690727	-4.38268446061694e-10	63.3255334099625	0.199999983226155
13.125	42.25	-3.39179162514887e-08	0.799999990486013	-3.58320782627738e-10	63.3015334128124	0.199999972865667
13.275	42.25	-4.97837930709055e-08	0.799999990335355	-2.78619085165098e-10	63.2775334170455	0.199999960172966
13.425	42.25	-6.87515581363567e-08	0.799999990262754	-1.99335696144749e-10	63.2535334229507	0.199999944998754
13.575	42.25	-9.09127707461518e-08	0.799999990295936	-1.20416934715693e-10	63.2295334308301	0.199999927269783
13.725	42.25	-1.16228700138254e-07	0.799999990468233	-4.18446354113792e-11	63.2055334409882	0.19999990701704
13.875	42.25	-1.44490042373198e-07	0.799999990814824	3.62713962136543e-11	63.1815334537179	0.199999884407966
14.025	42.25	-1.75271602776668e-07	0.799999991376326	1.13902042809227e-10	63.1575334692814	0.199999859782718
14.175	42.25	-2.07882008880794e-07	0.79999999219713	1.91065394152658e-10	63.1335334878875	0.199999833694393
14.325	42.25	-2.41308495491972e-07	0.799999993324956	2.67818833524126e-10	63.1095335096629	0.199999806953204
14.475	42.25	-2.74156669476869e-07	0.79999999481254	3.43917868317336e-10	63.0855335346192	0.199999780674664
14.625	42.25	-3.0458485886856e-07	0.799999996717508	4.19527223960736e-10	63.0615335626123	0.199999756332113
14.775	42.25	-3.30232101317207e-07	0.799999999103906	4.94532977910403e-10	63.0375335932964	0.199999735814319
14.925	42.25	-3.48137928026292e-07	0.800000002045163	5.6893712677368e-10	63.0135336260706	0.199999721489658
15.075	42.25	-3.54650715677903e-07	0.800000005627945	6.42689419990203e-10	62.9895336600162	0.199999716279427
15.225	42.25	-3.45319332228632e-07	0.800000009958618	7.15822332180754e-10	62.9655336938259	0.199999723744534
15.375	42.25	-3.14759858367353e-07	0.8000000151737	7.88266302964557e-10	62.94153372572	0.199999748192113
15.525	42.25	-2.56485016203582e-07	0.800000021454339	8.59919469738587e-10	62.9175337533493	0.199999794811987
15.675	42.25	-1.62678173173674e-07	0.800000029045987	9.30986948902138e-10	62.8935337736779	0.199999869857461
15.825	42.25	-2.38858728173142e-08	0.800000038289629	1.00131555762635e-09	62.8695337828408	0.199999980891302
15.975	42.25	1.714079436064e-07	0.800000049661439	1.07074871187894e-09	62.8455337759666	0.200000137126355
16.125	42.25	4.37377482852689e-07	0.80000006383056	1.13952867322955e-09	62.8215337469508	0.200000349901986
16.275	42.25	7.91691623268741e-07	0.800000081737367	1.20739684160994e-09	62.7975336881603	0.200000633353299
16.425	42.25	1.25668925017098e-06	0.800000104699822	1.27447591281814e-09	62.7735335900417	0.2000010053514
16.575	42.25	1.86102705616551e-06	0.800000134559716	1.34082255456737e-09	62.7495334405939	0.200001488821645
16.725	42.25	2.64198155299054e-06	0.800000173878578	1.40604366992428e-09	62.7255332246509	0.200002113585242
16.875	42.25	3.64865147507063e-06	0.800000226204385	1.47062471956029e-09	62.7015329229006	0.20000291892118
17.025	42.25	4.94639295581333e-06	0.800000296429149	1.53408087542766e-09	62.6775325105373	0.200003957114365
17.175	42.25	6.62293525454971e-06	0.800000391271175	1.59679650109181e-09	62.6535319554071	0.200005298348204
17.325	42.25	8.79677986134224e-06	0.80000051992514	1.65858305061743e-09	62.6295312154569	0.200007037423889
17.475	42.25	1.16286953682977e-05	0.800000694938585	1.71930465247293e-09	62.6055302352287	0.200009302956295
17.625	42.25	1.5337405183768e-05	0.800000933398071	1.77904069168848e-09	62.5815289410491	0.200012269924147
17.775	42.25	2.02209519506187e-05	0.800001258532378	1.83784666430437e-09	62.5575272344396	0.20001617676156
17.925	42.25	2.66857440234247e-05	0.800001701867987	1.89557779231999e-09	62.5335249831083	0.200021348595219
18.075	42.25	3.52859826576969e-05	0.800002306108807	1.95227060353208e-09	62.5095220086538	0.200028228786126
18.225	42.25	4.67770776346759e-05	0.800003128965617	2.00785171654936e-09	62.4855180698135	0.200037421662108
18.375	42.25	6.218784815091e-05	0.800004248239301	2.06249090979361e-09	62.4615128396818	0.200049750278521
18.525	42.25	8.29178912480767e-05	0.800005768652865	2.11583381796259e-09	62.4375058747889	0.200066334312998
18.675	42.25	0.000110868697411637	0.800007831178027	2.16824991219937e-09	62.4134965732128	0.200088694957929
18.825	42.25	0.000148620253307262	0.800010625975914	2.21935234541893e-09	62.38948411792	0.200118896202646
18.975	42.25	0.000199669451910329	0.80001441036496	2.26916009834498e-09	62.3654674001866	0.200159735561528
19.125	42.25	0.000268753038961951	0.800019533273388	2.31779755243837e-09	62.3414449160728	0.20021500243117
19.275	42.25	0.000362286150416945	0.800026467202967	2.36491973214379e-09	62.3174146263468	0.200289828920334
19.425	42.25	0.00048895729485668	0.800035848032953	2.41068063413359e-09	62.2933737667984	0.200391165835885
19.575	42.25	0.000660531175487477	0.800048522913596	2.45473617824676e-09	62.2693185914574	0.20052842494039
19.725	42.25	0.000892922190095288	0.80006560878019	2.4969717382859e-09	62.2452440257457	0.200714337752076
19.875	42.25	0.00120761710045987	0.800088570449444	2.5371197202574e-09	62.2211431998101	0.200966093680368
20.025	42.25	0.00163355408619953	0.800119337690144	2.57488980843716e-09	62.1970068233652	0.20130684326896
20.175	42.25	0.00220962174953634	0.800160490084367	2.60969967946202e-09	62.1728223503774	0.201767697399629
20.325	42.25	0.00298804031120637	0.800215535264369	2.64120024888221e-09	62.1485728614749	0.202390432248965
20.475	42.25	0.0040390295865393	0.800289273842288	2.66837060654789e-09	62.1242355599551	0.203231223669231
20.625	42.25	0.00545732363808905	0.800388171030924	2.69026523366954e-09	62.0997797309512	0.204365858910471
20.775	42.25	0.00737118393850936	0.800520546772941	2.70540150525841e-09	62.0751639551447	0.205896947150808
20.925	42.25	0.00995447739630124	0.800696289990246	2.71209136654211e-09	62.0503323099376	0.207963581917041
21.075	42.25	0.0134420119518061	0.800925762065861	2.70813175883445e-09	62.0252092545965	0.210753609561445
21.225	42.25	0.0181476175282054	0.801217642834602	2.69084941193807e-09	61.9996929113337	0.214518094022564
21.375	42.25	0.0244834934364984	0.80157570876593	2.65717317246655e-09	61.9736465501051	0.219586794749199
21.525	42.25	0.0329782628332859	0.801994871923998	2.60382828964859e-09	61.9468882791427	0.226382610266629
21.675	42.25	0.0442900720442362	0.802457174071093	2.52802767136024e-09	61.9191792423471	0.235432057635389
21.825	42.25	0.0592098316795703	0.80292878594969	2.42832925521602e-09	61.890211036046	0.247367865343656
21.975	42.25	0.078648016331081	0.803359399128922	2.30479293160902e-09	61.8595936084061	0.262918413064865
22.125	42.25	0.103596190260619	0.803685582148954	2.16030071859738e-09	61.826845642544	0.282876952208496
22.275	42.25	0.135052302492724	0.803839327216772	2.00003414123398e-09	61.7913903700024	0.308041841994179
22.425	42.25	0.173898993240689	0.803761743258652	1.831258078589e-09	61.7525607984371	0.339119194592551
22.575	42.25	0.22073058454665	0.803419694794256	1.66223046522293e-09	61.709619059497	0.37658446763732
22.725	42.25	0.275641526360313	0.802820791589484	1.50077031218305e-09	61.6617941850211	0.420513221088251
22.875	42.25	0.338017855849538	0.802020579656833	1.35316570860731e-09	61.6083400323886	0.470414284679631
23.025	42.25	0.406404722892887	0.801116452440873	1.22359072329368e-09	61.5486096038378	0.52512377831431
23.175	42.25	0.478534571761862	0.800226930458548	1.11406390381384e-09	61.482134442876	0.582827657409489
23.325	42.25	0.551566086236246	0.799461972912613	1.02466113595742e-09	61.4086912876552	0.641252868988997
23.475	42.25	0.62250130745142	0.798895931554981	9.54137871254268e-10	61.3283372577426	0.698001045961136
23.625	42.25	0.688659257435912	0.798554411688402	9.00492419783369e-10	61.2414022289034	0.75092740594873
23.775	42.25	0.748051809804798	0.798418745267761	8.61331380233644e-10	61.1484403398792	0.798441447843839
23.925	42.25	0.799557780812632	0.798442570329981	8.34241862818125e-10	61.0501550432162	0.839646224650106
24.075	42.25	0.842886470109877	0.798570851072544	8.17057467921353e-10	60.947317552946	0.874309176087901
24.225	42.25	0.878398155805265	0.798753962674256	8.07754453406919e-10	60.8406956963615	0.902718524644212
24.375	42.25	0.906872100244621	0.798954493443179	8.04721067465561e-10	60.7310025533243	0.925497680195697
24.525	42.25	0.929292198005189	0.799148196838754	8.06544964076795e-10	60.6188665372824	0.943433758404151
24.675	42.25	0.946685093958436	0.799321773173123	8.12130891614999e-10	60.5048195372646	0.957348075166749
24.825	42.25	0.960016774547348	0.799469692602847	8.20555475401121e-10	60.3892977889866	0.968013419637878
24.975	42.25	0.970138073006076	0.799591293278825	8.31127517196746e-10	60.2726503199546	0.976110458404861
25.125	42.25	0.977764769179491	0.799688597370674	8.43288882033528e-10	60.1551509618409	0.982211815343593
25.275	42.25	0.983479107244761	0.799764852256713	8.56621145904282e-10	60.0370112432747	0.986783285795809
25.425	42.25	0.987742791088961	0.799823640970349	8.70733877787801e-10	59.9183925852088	0.990194232871169
25.575	42.25	0.990914817852337	0.799868386890571	8.8541461839689e-10	59.7994170162939	0.99273185428187
25.725	42.25	0.993270126779581	0.799902111790502	9.00471591846328e-10	59.680176137139	0.994616101423665
25.875	42.25	0.995016874796345	0.799927348178277	9.15715441859271e-10	59.560738360309	0.996013499837076
26.025	42.25	0.996311339955382	0.799946140434779	9.31065956421352e-10	59.4411546058367	0.997049071964305
26.175	42.25	0.997270176119087	0.799960092563734	9.46448857260241e-10	59.3214626932264	0.997816140895269
26.325	42.25	0.997980145939221	0.799970435875241	9.61772530763106e-10	59.201690678107	0.998384116751377
26.475	42.25	0.998505654702999	0.799978100325916	9.77005541043828e-10	59.0818593601119	0.998804523762399
26.625	42.25	0.998894473354987	0.799983780367603	9.92102978664809e-10	58.9619841544521	0.99911557868399
26.775	42.25	0.999182029806254	0.799987991012322	1.00703617204877e-09	58.842076482814	0.999345623845003
26.925	42.25	0.999394600868616	0.799991112967097	1.02181283650207e-09	58.7221448050681	0.999515680694893
27.075	42.25	0.999551676930056	0.799993427530589	1.0364059063522e-09	58.6021953842658	0.999641341544045
27.225	42.25	0.99966771198681	0.799995142814301	1.05078496271816e-09	58.4822328541312	0.999734169589448
27.375	42.25	0.999753419908232	0.799996413090417	1.06498106683298e-09	58.3622606403327	0.999802735926586
27.525	42.25	0.999816736206973	0.799997352936247	1.07894640199558e-09	58.2422812733694	0.999853388965578
27.675	42.25	0.999863532816324	0.799998047558243	1.09270785898244e-09	58.1222966209837	0.999890826253059
27.825	42.25	0.999898149900088	0.799998560352246	1.10627175475625e-09	58.0023080607373	0.999918519920071
27.975	42.25	0.999923791678117	0.799998938475652	1.11960244053239e-09	57.882316608062	0.999939033342494
28.125	42.25	0.99994282094089	0.799999216979038	1.13271854889871e-09	57.762323011173	0.999954256752712
28.275	42.25	0.999956977996926	0.799999421886189	1.14562079371134e-09	57.6423278213369	0.999965582397541
28.425	42.25	0.99996754325585	0.799999572495202	1.15831329630364e-09	57.5223314448258	0.99997403460468
28.575	42.25	0.999975457806049	0.799999683099524	1.17078385725706e-09	57.4023341812799	0.999980366244839
28.725	42.25	0.999981412728962	0.799999764273249	1.1830622159677e-09	57.2823362519953	0.99998513018317
28.875	42.25	0.999985915176922	0.799999823830022	1.19510011341209e-09	57.1623378207529	0.999988732141537
29.025	42.25	0.999989337201686	0.799999867536035	1.20695234667273e-09	57.0423390091318	0.999991469761349
29.175	42.25	0.999991951790882	0.799999899640735	1.21859114624558e-09	56.922339907749	0.999993561432705
29.325	42.25	0.999993959424984	0.799999923270261	1.23001967586586e-09	56.8023405844955	0.999995167539987
29.475	42.25	0.999995507614453	0.799999940719463	1.24124860845583e-09	56.6823410905583	0.999996406091562
29.625	42.25	0.999996705242199	0.799999953668693	1.25227747412908e-09	56.5623414648176	0.999997364193759
29.775	42.25	0.999997633065898	0.799999963344836	1.26312024425621e-09	56.4423417370511	0.999998106452719
29.925	42.25	0.999998351385319	0.799999970640419	1.27373273858281e-09	56.3223419302655	0.999998681108255
30.075	42.25	0.999998905620693	0.799999976202328	1.28418253847037e-09	56.202342062393	0.999999124496554
30.225	42.25	0.99999933035573	0.799999980497491	1.29443542645175e-09	56.0823421475257	0.999999464284584
30.375	42.25	0.999999652255997	0.799999983861568	1.30448548188439e-09	55.9623421968155	0.999999721804798
30.525	42.25	0.999999892166619	0.799999986534841	1.31436169037551e-09	55.842342219134	0.999999913733295
30.675	42.25	1.00000006661445	0.799999988688976	1.32405141288009e-09	55.722342221559	1.00000005329156
30.825	42.25	1.00000018888046	0.79999999044621	1.33353870960353e-09	55.6023422097374	1.00000015110437
30.975	42.25	1.0000002697643	0.799999991893934	1.34287790605302e-09	55.4823421881601	1.00000021581144
31.125	42.25	1.00000031813024	0.799999993094901	1.35199674510915e-09	55.3623421603745	1.00000025450419
31.275	42.25	1.00000034129913	0.799999994094646	1.36097919396278e-09	55.2423421291507	1.00000027303931
31.425	42.25	1.00000034533336	0.799999994926951	1.36975960547296e-09	55.1223420966167	1.00000027626669
31.575	42.25	1.00000033524796	0.799999995617507	1.37837671180646e-09	55.0023420643686	1.00000026819837
31.725	42.25	1.00000031517155	0.799999996186819	1.38682232955919e-09	54.8823420335638	1.00000025213724
31.875	42.25	1.00000028847335	0.799999996651321	1.3950954190089e-09	54.7623420049996	1.00000023077868
32.025	42.25	1.00000025786736	0.799999997025303	1.40321263016292e-09	54.6423419791815	1.00000020629389
32.175	42.25	1.00000022550095	0.799999997321262	1.41117269069087e-09	54.5223419563815	1.00000018040076
32.325	42.25	1.00000019303282	0.799999997550308	1.41895037344497e-09	54.402341936689	1.00000015442625
32.475	42.25	1.00000016170283	0.79999999772263	1.42658730796224e-09	54.2823419200541	1.00000012936227
32.625	42.25	1.00000013239566	0.799999997847525	1.4340537441197e-09	54.1623419063253	1.00000010591653
32.775	42.25	1.00000010569879	0.799999997933473	1.44138668204779e-09	54.0423418952799	1.00000008455903
32.925	42.25	1.00000008195549	0.799999997988112	1.44854299867601e-09	53.9223418866511	1.00000006556439
33.075	42.25	1.00000006131281	0.799999998018317	1.45557284548668e-09	53.802341880148	1.00000004905025
33.225	42.25	1.00000004376435	0.799999998030123	1.46244882774828e-09	53.6823418754735	1.00000003501148
33.375	42.25	1.00000002918824	0.799999998028818	1.46918026412381e-09	53.5623418723363	1.00000002335059
33.525	42.25	1.0000000173799	0.799999998018876	1.4757627343895e-09	53.4423418704607	1.00000001390392
33.675	42.25	1.00000000808003	0.799999998003957	1.48220876239327e-09	53.3223418695937	1.00000000646402
33.825	42.25	1.00000000099792	0.799999997987153	1.48850609341327e-09	53.2023418695082	1.00000000079834
33.975	42.25	0.999999995830302	0.799999997970801	1.49468350222992e-09	53.0823418700059	0.999999996664241
34.125	42.25	0.999999992276157	0.799999997956648	1.50072575101497e-09	52.9623418709175	0.999999993820925
34.275	42.25	0.999999990047897	0.799999997946	1.50663148328849e-09	52.8423418721019	0.999999992038318
34.425	42.25	0.999999988879276	0.799999997939746	1.51241418294071e-09	52.7223418734446	0.999999991103421
34.575	42.25	0.999999988530629	0.799999997938236	1.51805451324612e-09	52.6023418748552	0.999999990824503
34.725	42.25	0.999999988791738	0.799999997941662	1.5235817214347e-09	52.4823418762652	0.99999999103339
34.875	42.25	0.999999989482803	0.799999997949972	1.52897728059653e-09	52.3623418776247	0.999999991586242
35.025	42.25	0.999999990454001	0.799999997962927	1.534264826458e-09	52.2423418788995	0.999999992363201
35.175	42.25	0.999999991583945	0.79999999798007	1.53942679999994e-09	52.1223418800687	0.999999993267156
35.325	42.25	0.999999992777316	0.799999998001054	1.54446652209532e-09	52.0023418811214	0.999999994221853
35.475	42.25	0.999999993962074	0.799999998025321	1.54939619792265e-09	51.8823418820551	0.999999995169659
35.625	42.25	0.999999995086357	0.799999998052371	1.55421118433105e-09	51.7623418828731	0.999999996069085
35.775	42.25	0.99999999611536	0.799999998081728	1.55890990139202e-09	51.6423418835828	0.999999996892288
35.925	42.25	0.999999997028283	0.799999998112952	1.56350688481008e-09	51.5223418841945	0.999999997622627
36.075	42.25	0.999999997815459	0.799999998145569	1.56800056073347e-09	51.4023418847195	0.999999998252367
36.225	42.25	0.999999998475757	0.799999998179253	1.57238847975834e-09	51.2823418851702	0.999999998780606
36.375	42.25	0.99999999901429	0.799999998213676	1.57666734887078e-09	51.1623418855584	0.999999999211432
36.525	42.25	0.999999999440467	0.799999998248608	1.58084593844411e-09	51.0423418858954	0.999999999552373
36.675	42.25	0.999999999766342	0.79999999828378	1.5849305272286e-09	50.9223418861913	0.999999999813074
36.825	42.25	1.00000000000536	0.799999998319068	1.58890870148393e-09	50.8023418864551	1.00000000000429
36.975	42.25	1.00000000017136	0.799999998354355	1.59280952772931e-09	50.6823418866946	1.00000000013709
37.125	42.25	1.00000000027793	0.799999998389592	1.59658317449093e-09	50.5623418869159	1.00000000022234
37.275	42.25	1.00000000033772	0.799999998424551	1.60028748878214e-09	50.4423418871243	1.00000000027017
37.425	42.25	1.00000000036185	0.799999998459241	1.60391053192984e-09	50.3223418873237	1.00000000028948
37.575	42.25	1.00000000035916	0.799999998493562	1.60743736876245e-09	50.2023418875171	1.00000000028733
37.725	42.25	1.00000000033568	0.799999998527543	1.61085927385034e-09	50.0823418877067	1.00000000026855
37.875	42.25	1.00000000029554	0.799999998561882	1.61421285589476e-09	49.9623418878944	1.00000000023643
38.025	42.25	1.00000000024453	0.799999998597545	1.61747938249757e-09	49.8423418880814	1.00000000019563
38.175	42.25	1.00000000019658	0.79999999863525	1.62067049293853e-09	49.7223418882682	1.00000000015727
38.325	42.25	1.00000000017807	0.799999998673461	1.62377273361442e-09	49.6023418884531	1.00000000014245
38.475	42.25	1.00000000021822	0.799999998705929	1.62679662040695e-09	49.482341888632	1.00000000017458
38.625	42.25	1.0000000003104	0.799999998722135	1.62973991583931e-09	49.3623418887995	1.00000000024832
38.775	42.25	1.00000000034602	0.799999998715561	1.63260912906489e-09	49.2423418889558	1.00000000027682
38.925	42.25	1.00000000007388	0.799999998704104	1.6354001091651e-09	49.1223418891184	1.0000000000591
39.075	42.25	0.999999999212033	0.799999998753985	1.63812637410877e-09	49.0023418893304	0.999999999369627
39.225	42.25	0.999999997861603	0.799999998974039	1.6407743027347e-09	48.8823418896435	0.999999998289282
39.375	42.25	0.99999999718718	0.799999999425663	1.64335630858345e-09	48.7623418900487	0.999999997749744
39.525	42.25	0.999999999800282	0.799999999915252	1.64586932899016e-09	48.6423418903559	0.999999999840226
39.675	42.25	1.00000000854992	0.799999999764281	1.6483086324521e-09	48.5223418901125	1.00000000683994
39.825	42.25	1.00000002228113	0.799999997890082	1.65068929639976e-09	48.402341888785	1.0000000178249
39.975	42.25	1.00000002906867	0.799999993728985	1.65299554665363e-09	48.2823418864675	1.00000002325494
40.125	42.25	1.00000000269437	0.79999998926588	1.65523028511297e-09	48.1623418850851	1.0000000021555
40.275	42.25	0.999999915051628	0.799999991177346	1.657416047677e-09	48.0423418891705	0.999999932041302
40.425	42.25	0.999999777875237	0.800000009848845	1.65953950554223e-09	47.922341904042	0.99999982230019
40.575	42.25	0.999999707649981	0.800000050385535	1.66158533650238e-09	47.8023419288638	0.999999766119985
40.725	42.25	0.999999957517814	0.80000009359888	1.66358301856733e-09	47.6823419450576	0.999999966014251
40.875	42.25	1.00000079734946	0.800000076803495	1.66552070614137e-09	47.5623419089407	1.00000063787957
41.025	42.25	1.00000212196186	0.799999904285315	1.66739792265862e-09	47.4423417689255	1.00000169756949
41.175	42.25	1.00000285290253	0.799999530153914	1.66922573472002e-09	47.3223415302385	1.00000228232203
41.325	42.25	1.00000065163093	0.799999127901059	1.67098209927358e-09	47.2023413621223	1.00000052130474
41.475	42.25	0.999993003857973	0.799999255457267	1.67271305422528e-09	47.0823416667552	0.999994403086379
41.625	42.25	0.999980706637785	0.800000756063844	1.67438354178664e-09	46.9623429287432	0.999984565310228
41.775	42.25	0.99997313846412	0.800004040690812	1.67600673903455e-09	46.8423451442651	0.999978510771296
41.925	42.25	0.999990827520909	0.800007657608637	1.67753261980593e-09	46.7223468739769	0.999992662016727
42.075	42.25	1.00005637953648	0.800006936231517	1.67892721102702e-09	46.6023446081154	1.00004510362919
42.225	42.25	1.00016528886126	0.7999948241089	1.68024389855599e-09	46.4823339681426	1.00013223108901
42.375	42.25	1.00024184955228	0.799967674183521	1.68152246934312e-09	46.3623144256267	1.00019347964182
42.525	42.25	1.00011633628369	0.799936550463849	1.68303533794766e-09	46.2422972326498	1.00009306902695
42.675	42.25	0.999594226904112	0.799937860664924	1.6850498880817e-09	46.1223111256927	0.99967538152329
42.825	42.25	0.998683926303303	0.800027372460585	1.68751452137908e-09	46.0023937768333	0.998947141042642
42.975	42.25	0.997944673225907	0.800237006845859	1.68973138039608e-09	45.8825556087501	0.998355738580726
43.125	42.25	0.998684258980182	0.800490005486735	1.6898942579921e-09	45.7627174144306	0.998947407184146
43.275	42.25	1.00248296175523	0.80052297516535	1.68586467049894e-09	45.6426613841127	1.00198636940418
43.425	42.25	1.00955927622381	0.79993482559953	1.67743954958923e-09	45.5220834815774	1.00764742097905
43.575	42.25	1.01623380734805	0.798479881641413	1.6695596486022e-09	45.4008457049228	1.01298704587844
43.725	42.25	1.01328677097026	0.796573391872023	1.67436384074069e-09	45.2794285486282	1.01062941677621
43.875	42.25	0.988680897764555	0.795833250672864	1.70853657965734e-09	45.1593335541886	0.990944718211644
44.025	42.25	0.938367896725303	0.79935100735557	1.78186700825538e-09	45.0428405217288	0.950694317380242
44.175	42.25	0.884673133601923	0.810192428756051	1.86725878031701e-09	44.9313520161031	0.907738506881538
44.325	42.25	0.889127901656542	0.824441952949184	1.86093381776793e-09	44.8222076620591	0.911302321325233
44.475	42.25	1.03257195115054	0.826489829211867	1.65340294210464e-09	44.705957256447	1.02605756092043
44.625	42.25	1.34924434133846	0.808622133178362	1.32616479364201e-09	44.5677998205731	1.27939547307077
44.775	42.25	1.76408811733194	0.709537047684645	1.05292438876645e-09	44.395593007463	1.61127049386555
44.925	42.25	2.11154506539684	0.83463681436959	8.97906730273074e-10	44.2248229878016	1.88923605231747
0.075	42.75	3.47473592397512e-16	0.399999999937161	-4.82813377139783e-09	65.389533407469	0.2
0.225	42.75	1.0979649908959e-15	0.799999999812538	-4.8264393927206e-09	65.3655334074727	0.200000000000001
0.375	42.75	2.5481892872313e-15	0.799999999686282	-4.82345594003881e-09	65.3415334074802	0.200000000000002
0.525	42.75	4.61626582310709e-15	0.799999999561954	-4.81876145712706e-09	65.3175334074915	0.200000000000004
0.675	42.75	7.14881697994855e-15	0.799999999436958	-4.81245746286261e-09	65.2935334075065	0.200000000000006
0.825	42.75	9.93588428488084e-15	0.799999999311693	-4.80455739421897e-09	65.2695334075253	0.200000000000008
0.975	42.75	1.27379704034838e-14	0.799999999187588	-4.79521763589452e-09	65.2455334075478	0.20000000000001
1.125	42.75	1.52997074387716e-14	0.799999999062958	-4.78448645720329e-09	65.2215334075741	0.200000000000012
1.275	42.75	1.73403388528262e-14	0.799999998939046	-4.77174542513377e-09	65.197533407604	0.200000000000014
1.425	42.75	1.85241247709271e-14	0.799999998815514	-4.75788039695685e-09	65.1735334076377	0.200000000000015
1.575	42.75	1.84215048650452e-14	0.799999998692661	-4.74238784635762e-09	65.1495334076751	0.200000000000015
1.725	42.75	1.647386849414e-14	0.799999998569694	-4.72518476690875e-09	65.1255334077162	0.200000000000013
1.875	42.75	1.19727217623132e-14	0.799999998447671	-4.70661949050069e-09	65.1015334077609	0.20000000000001
2.025	42.75	4.06047190984495e-15	0.799999998325846	-4.68655379537904e-09	65.0775334078093	0.200000000000003
2.175	42.75	-8.24291949134683e-15	0.799999998204877	-4.66498425265868e-09	65.0535334078614	0.199999999999993
2.325	42.75	-2.5984509084666e-14	0.799999998084527	-4.6419492958809e-09	65.029533407917	0.199999999999979
2.475	42.75	-5.01910921213139e-14	0.799999997964397	-4.61741772879591e-09	65.0055334079763	0.19999999999996
2.625	42.75	-8.17460216114115e-14	0.799999997845408	-4.59137357740874e-09	64.9815334080392	0.199999999999935
2.775	42.75	-1.21225242762957e-13	0.799999997727296	-4.5640204196296e-09	64.9575334081056	0.199999999999903
2.925	42.75	-1.68687693056036e-13	0.79999999760922	-4.5350199513089e-09	64.9335334081755	0.199999999999865
3.075	42.75	-2.23416649322284e-13	0.799999997493061	-4.50448409197387e-09	64.909533408249	0.199999999999821
3.225	42.75	-2.83611671999356e-13	0.799999997376797	-4.47296778206648e-09	64.885533408326	0.199999999999773
3.375	42.75	-3.46035690300426e-13	0.79999999726217	-4.4396700629473e-09	64.8615334084065	0.199999999999723
3.525	42.75	-4.05628545139161e-13	0.799999997147718	-4.4052848877782e-09	64.8375334084904	0.199999999999676
3.675	42.75	-4.55107087593322e-13	0.799999997035092	-4.369275929194e-09	64.8135334085777	0.199999999999636
3.825	42.75	-4.84582706275857e-13	0.799999996922652	-4.33198717380469e-09	64.7895334086684	0.199999999999612
3.975	42.75	-4.81239936025423e-13	0.799999996812026	-4.29342984885404e-09	64.7655334087624	0.199999999999615
4.125	42.75	-4.29134299266254e-13	0.799999996702047	-4.25338501043491e-09	64.7415334088597	0.199999999999657
4.275	42.75	-3.09183363778557e-13	0.799999996593218	-4.21219428546961e-09	64.7175334089603	0.199999999999753
4.425	42.75	-9.94413046931425e-14	0.799999996485752	-4.16970959980788e-09	64.6935334090642	0.19999999999992
4.575	42.75	2.24237048185654e-13	0.799999996379369	-4.12593881727822e-09	64.6695334091712	0.200000000000179
4.725	42.75	6.87023336605078e-13	0.799999996273801	-4.08090904061776e-09	64.6455334092814	0.20000000000055
4.875	42.75	1.31330562484947e-12	0.799999996170186	-4.03476012930972e-09	64.6215334093947	0.200000000001051
5.025	42.75	2.12411093969301e-12	0.79999999606766	-3.98731672110626e-09	64.5975334095109	0.200000000001699
5.175	42.75	3.13363844662155e-12	0.799999995966267	-3.93870384737459e-09	64.5735334096302	0.200000000002507
5.325	42.75	4.34480354643363e-12	0.799999995866339	-3.88885974538075e-09	64.5495334097524	0.200000000003476
5.475	42.75	5.74373324029249e-12	0.79999999576773	-3.8380207100356e-09	64.5255334098774	0.200000000004595
5.625	42.75	7.29321537128063e-12	0.799999995670534	-3.78588627715307e-09	64.5015334100052	0.200000000005835
5.775	42.75	8.92519279335175e-12	0.799999995574766	-3.73276969763187e-09	64.4775334101358	0.20000000000714
5.925	42.75	1.05325120580124e-11	0.799999995480454	-3.67859778453484e-09	64.453533410269	0.200000000008426
6.075	42.75	1.19602875298465e-11	0.799999995387511	-3.62334091380737e-09	64.4295334104049	0.200000000009568
6.225	42.75	1.29974275816161e-11	0.799999995296107	-3.56721479877566e-09	64.4055334105435	0.200000000010398
6.375	42.75	1.33690888236201e-11	0.799999995206455	-3.50985646336969e-09	64.3815334106846	0.200000000010695
6.525	42.75	1.27310739146948e-11	0.799999995117951	-3.45172138524595e-09	64.3575334108285	0.200000000010185
6.675	42.75	1.06674610080522e-11	0.799999995031302	-3.39243342441929e-09	64.3335334109751	0.200000000008534
6.825	42.75	6.69303688563534e-12	0.79999999494604	-3.33250939566101e-09	64.3095334111246	0.200000000005354
6.975	42.75	2.62384107783111e-13	0.799999994862413	-3.27142410747526e-09	64.2855334112771	0.20000000000021
7.125	42.75	-9.21227772142736e-12	0.799999994780548	-3.20965153728224e-09	64.2615334114328	0.19999999999263
7.275	42.75	-2.23322050869642e-11	0.799999994700458	-3.1469499654335e-09	64.237533411592	0.199999999982134
7.425	42.75	-3.96698098252171e-11	0.799999994622138	-3.08343192498365e-09	64.2135334117551	0.199999999968264
7.575	42.75	-6.17105575761703e-11	0.799999994545389	-3.01920294320974e-09	64.1895334119223	0.199999999950632
7.725	42.75	-8.87769669482604e-11	0.799999994471043	-2.9542179467716e-09	64.1655334120942	0.199999999928978
7.875	42.75	-1.20933060913268e-10	0.799999994398657	-2.88854465709002e-09	64.1415334122711	0.199999999903254
8.025	42.75	-1.57868389981026e-10	0.799999994328345	-2.82195442181063e-09	64.1175334124535	0.199999999873705
8.175	42.75	-1.98761869631927e-10	0.799999994260605	-2.75481224417695e-09	64.0935334126417	0.199999999840991
8.325	42.75	-2.42127204341433e-10	0.799999994195318	-2.6869788334554e-09	64.069533412836	0.199999999806298
8.475	42.75	-2.85643650783027e-10	0.799999994132455	-2.61868738323345e-09	64.0455334130365	0.199999999771485
8.625	42.75	-3.25978331114011e-10	0.799999994072645	-2.54964055628581e-09	64.0215334132429	0.199999999739217
8.775	42.75	-3.58609249783825e-10	0.799999994015953	-2.48010449444972e-09	63.9975334134547	0.199999999713113
8.925	42.75	-3.77661569772452e-10	0.799999993961964	-2.41007545699693e-09	63.9735334136708	0.199999999697871
9.075	42.75	-3.75773504757858e-10	0.799999993911447	-2.33944074626116e-09	63.9495334138895	0.199999999699381
9.225	42.75	-3.44012273634312e-10	0.799999993863902	-2.26838777485577e-09	63.9255334141083	0.19999999972479
9.375	42.75	-2.71864780284787e-10	0.799999993819505	-2.19687275655022e-09	63.9015334143237	0.199999999782508
9.525	42.75	-1.47331799872121e-10	0.79999999377826	-2.12489905116685e-09	63.8775334145313	0.199999999882135
9.675	42.75	4.28418178977109e-11	0.79999999373951	-2.0526294896307e-09	63.8535334147253	0.200000000034273
9.825	42.75	3.12765438892727e-10	0.799999993703032	-1.97990694522315e-09	63.8295334148987	0.200000000250212
9.975	42.75	6.76792138417163e-10	0.799999993667962	-1.90697296010135e-09	63.8055334150431	0.200000000541434
10.125	42.75	1.14866198123895e-09	0.799999993633266	-1.83377701544408e-09	63.7815334151487	0.20000000091893
10.275	42.75	1.74036375976026e-09	0.799999993598225	-1.76011546526218e-09	63.7575334152045	0.200000001392291
10.425	42.75	2.4606847509537e-09	0.79999999356105	-1.68632617776641e-09	63.7335334151986	0.200000001968548
10.575	42.75	3.31342633408869e-09	0.799999993520142	-1.61224729658526e-09	63.7095334151184	0.200000002650741
10.725	42.75	4.29527556054638e-09	0.799999993473903	-1.53799573181879e-09	63.6855334149512	0.20000000343622
10.875	42.75	5.39333950186508e-09	0.799999993419425	-1.46361811205648e-09	63.6615334146853	0.200000004314672
11.025	42.75	6.58237083829474e-09	0.799999993354648	-1.38908488852015e-09	63.6375334143106	0.200000005265897
11.175	42.75	7.82173994903145e-09	0.799999993277105	-1.31456496296992e-09	63.6135334138202	0.200000006257392
11.325	42.75	9.05224078021857e-09	0.799999993184192	-1.23985238570179e-09	63.5895334132121	0.200000007241793
11.475	42.75	1.01928547834404e-08	0.799999993073306	-1.16522063975632e-09	63.5655334124911	0.200000008154284
11.625	42.75	1.11376387009677e-08	0.799999992942388	-1.09042576755872e-09	63.5415334116707	0.200000008910111
11.775	42.75	1.17529470154118e-08	0.799999992789148	-1.0156904783202e-09	63.5175334107761	0.200000009402358
11.925	42.75	1.18752471627342e-08	0.799999992613195	-9.41040918441344e-10	63.4935334098468	0.200000009500198
12.075	42.75	1.13098333741218e-08	0.799999992414295	-8.6637424404866e-10	63.4695334089393	0.200000009047867
12.225	42.75	9.83079108081831e-09	0.799999992193737	-7.91959471657255e-10	63.4455334081305	0.200000007864633
12.375	42.75	7.18260560051125e-09	0.79999999195441	-7.17536538884454e-10	63.4215334075202	0.200000005746084
12.525	42.75	3.08384341812832e-09	0.799999991701118	-6.43343543012699e-10	63.3975334072341	0.200000002467075
12.675	42.75	-2.7666413349333e-09	0.799999991441493	-5.69173696248008e-10	63.373533407426	0.199999997786687
12.825	42.75	-1.06805117345952e-08	0.79999999118549	-4.95409068959306e-10	63.3495334082788	0.199999991455591
12.975	42.75	-2.09673062364654e-08	0.799999990946376	-4.21760651329117e-10	63.3255334100055	0.199999983226155
13.125	42.75	-3.39179162308853e-08	0.79999999074099	-3.4835755756307e-10	63.3015334128478	0.199999972865667
13.275	42.75	-4.97837930460366e-08	0.799999990589073	-2.753409985756e-10	63.2775334170733	0.199999960172966
13.425	42.75	-6.87515581069683e-08	0.799999990515349	-2.02638149787769e-10	63.2535334229709	0.199999944998754
13.575	42.75	-9.09127707123044e-08	0.799999990547475	-1.30198434313157e-10	63.2295334308427	0.199999927269783
13.725	42.75	-1.16228700100061e-07	0.799999990718204	-5.80659727592233e-11	63.2055334409933	0.19999990701704
13.875	42.75	-1.44490042331211e-07	0.799999991063623	1.3613393883364e-11	63.1815334537155	0.199999884407966
14.025	42.75	-1.75271602731587e-07	0.799999991623753	8.4948264172359e-11	63.1575334692716	0.199999859782718
14.175	42.75	-2.07882008833903e-07	0.799999992442736	1.55847444086521e-10	63.1335334878702	0.199999833694393
14.325	42.75	-2.41308495444836e-07	0.799999993568924	2.26154349044687e-10	63.1095335096384	0.199999806953204
14.475	42.75	-2.74156669431751e-07	0.799999995054885	2.95987331660505e-10	63.0855335345873	0.199999780674664
14.625	42.75	-3.04584858828166e-07	0.799999996957985	3.65421127529998e-10	63.0615335625732	0.199999756332113
14.775	42.75	-3.30232101285079e-07	0.799999999342656	4.34334040391028e-10	63.0375335932502	0.199999735814319
14.925	42.75	-3.48137928006605e-07	0.800000002281849	5.02749440747349e-10	63.0135336260172	0.199999721489658
15.075	42.75	-3.54650715675789e-07	0.800000005862343	5.70458815454082e-10	62.9895336599557	0.199999716279427
15.225	42.75	-3.45319332250171e-07	0.800000010191091	6.37659843811658e-10	62.9655336937584	0.199999723744534
15.375	42.75	-3.1475985841972e-07	0.800000015404303	7.04255532838669e-10	62.9415337256456	0.199999748192113
15.525	42.75	-2.56485016295276e-07	0.800000021682361	7.70188936733163e-10	62.917533753268	0.199999794811987
15.675	42.75	-1.62678173314742e-07	0.800000029271912	8.35412538939327e-10	62.8935337735898	0.199999869857461
15.825	42.75	-2.38858730197067e-08	0.800000038513109	9.0004867333094e-10	62.8695337827459	0.199999980891302
15.975	42.75	1.71407943328325e-07	0.800000049882222	9.63972662530504e-10	62.8455337758651	0.200000137126355
16.125	42.75	4.37377482481519e-07	0.800000064048897	1.02710759438288e-09	62.8215337468426	0.200000349901986
16.275	42.75	7.91691622782957e-07	0.800000081953039	1.08954963516252e-09	62.7975336880456	0.200000633353298
16.425	42.75	1.25668924954363e-06	0.800000104913051	1.15125980167673e-09	62.7735335899207	0.2000010053514
16.575	42.75	1.86102705536231e-06	0.800000134770098	1.2122020572899e-09	62.7495334404665	0.200001488821644
16.725	42.75	2.64198155196761e-06	0.800000174086295	1.27240908838495e-09	62.7255332245172	0.200002113585242
16.875	42.75	3.64865147377011e-06	0.800000226409073	1.33168935347318e-09	62.7015329227608	0.200002918921179
17.025	42.75	4.94639295415955e-06	0.800000296630981	1.39024727781993e-09	62.6775325103914	0.200003957114363
17.175	42.75	6.62293525244206e-06	0.800000391470254	1.44786827300518e-09	62.6535319552551	0.200005298348202
17.325	42.75	8.79677985864708e-06	0.800000520121151	1.50465397921222e-09	62.629531215299	0.200007037423887
17.475	42.75	1.16286953648356e-05	0.800000695131392	1.56060049345101e-09	62.605530235065	0.200009302956292
17.625	42.75	1.53374051792996e-05	0.800000933587795	1.6157015953994e-09	62.5815289408796	0.200012269924143
17.775	42.75	2.02209519448255e-05	0.800001258719007	1.66977891706375e-09	62.5575272342645	0.200016176761556
17.925	42.75	2.66857440158795e-05	0.800001702051038	1.72300327635479e-09	62.5335249829276	0.200021348595213
18.075	42.75	3.52859826478276e-05	0.800002306289178	1.77523118242139e-09	62.5095220084677	0.200028228786118
18.225	42.75	4.67770776217232e-05	0.800003129142322	1.82653225301602e-09	62.4855180696221	0.200037421662097
18.375	42.75	6.21878481338609e-05	0.800004248412553	1.87683426687184e-09	62.4615128394851	0.200049750278507
18.525	42.75	8.29178912255948e-05	0.800005768822852	1.92609836628007e-09	62.4375058745871	0.20006633431298
18.675	42.75	0.000110868697381955	0.800007831344635	1.97433823507209e-09	62.4134965730058	0.200088694957906
18.825	42.75	0.000148620253268031	0.800010626138925	2.02147407089214e-09	62.3894841177081	0.200118896202614
18.975	42.75	0.000199669451858472	0.800014410524442	2.06750861423904e-09	62.3654673999698	0.200159735561487
19.125	42.75	0.000268753038893404	0.80001953342944	2.1122654891106e-09	62.3414449158513	0.200215002431115
19.275	42.75	0.000362286150326401	0.800026467355232	2.15584861501113e-09	62.3174146261207	0.200289828920261
19.425	42.75	0.000488957294737139	0.800035848181703	2.19808122299723e-09	62.2933737665678	0.20039116583579
19.575	42.75	0.000660531175329819	0.800048523058887	2.23874912147635e-09	62.2693185912224	0.200528424940264
19.725	42.75	0.000892922189887568	0.800065608921497	2.27783579011524e-09	62.2452440255064	0.20071433775191
19.875	42.75	0.00120761710018664	0.80008857058722	2.31492635476305e-09	62.2211431995666	0.200966093680149
20.025	42.75	0.0016335540858407	0.800119337823988	2.34988818301201e-09	62.1970068231177	0.201306843268673
20.175	42.75	0.00220962174906609	0.800160490214885	2.38217048955284e-09	62.1728223501259	0.201767697399253
20.325	42.75	0.0029880403105911	0.800215535390766	2.41134608482465e-09	62.1485728612195	0.202390432248473
20.475	42.75	0.00403902958573602	0.800289273965001	2.43655689993174e-09	62.124235559696	0.203231223668589
20.625	42.75	0.00545732363704178	0.800388171149903	2.45693128699295e-09	62.0997797306885	0.204365858909633
20.775	42.75	0.00737118393714666	0.800520546887989	2.47124145255396e-09	62.0751639548786	0.205896947149717
20.925	42.75	0.00995447739453146	0.800696290101621	2.47783531348998e-09	62.0503323096681	0.207963581915625
21.075	42.75	0.0134420119495129	0.800925762173619	2.47468372566399e-09	62.0252092543237	0.21075360955961
21.225	42.75	0.0181476175252452	0.801217642938565	2.45929694127738e-09	61.9996929110579	0.214518094020196
21.375	42.75	0.0244834934326954	0.801575708866366	2.42881528516349e-09	61.9736465498262	0.219586794746156
21.525	42.75	0.03297826282843	0.801994872020693	2.38037000786215e-09	61.946888278861	0.226382610262744
21.675	42.75	0.0442900720380815	0.80245717416468	2.31152606577284e-09	61.9191792420626	0.235432057630465
21.825	42.75	0.059209831671838	0.802928786039844	2.22059729267428e-09	61.8902110357588	0.24736786533747
21.975	42.75	0.0786480163214647	0.803359399216081	2.10798682620856e-09	61.8595936081164	0.262918413057172
22.125	42.75	0.103596190248797	0.803685582233287	1.97610281145881e-09	61.8268456422519	0.282876952199038
22.275	42.75	0.135052302478389	0.803839327298477	1.82972220671777e-09	61.7913903697078	0.308041841982712
22.425	42.75	0.173898993223615	0.803761743337964	1.67554647981939e-09	61.7525607981401	0.339119194578892
22.575	42.75	0.22073058452673	0.803419694871266	1.52111642237416e-09	61.7096190591976	0.376584467621384
22.725	42.75	0.275641526337663	0.802820791664593	1.3735398523876e-09	61.6617941847192	0.42051322107013
22.875	42.75	0.338017855824557	0.802020579730064	1.23865838404794e-09	61.6083400320841	0.470414284659646
23.025	42.75	0.406404722866292	0.801116452512454	1.12025400078785e-09	61.5486096035304	0.525123778293034
23.175	42.75	0.478534571734623	0.800226930528634	1.02016662654892e-09	61.4821344425653	0.582827657387698
23.325	42.75	0.551566086209471	0.799461972981161	9.38510960447893e-10	61.4086912873409	0.641252868967577
23.475	42.75	0.622501307426175	0.798895931622256	8.74136142681858e-10	61.3283372574239	0.69800104594094
23.625	42.75	0.688659257413046	0.798554411754508	8.25204806091744e-10	61.2414022285798	0.750927405930437
23.775	42.75	0.748051809784843	0.798418745332744	7.89561182931655e-10	61.14844033955	0.798441447827875
23.925	42.75	0.799557780795793	0.798442570393913	7.65014997550806e-10	61.0501550428809	0.839646224636634
24.075	42.75	0.842886470096074	0.798570851135582	7.49517517559201e-10	60.9473175526039	0.874309176076859
24.225	42.75	0.878398155794229	0.798753962736311	7.41265995310586e-10	60.8406956960123	0.902718524635383
24.375	42.75	0.906872100235983	0.798954493504463	7.38752017538363e-10	60.7310025529675	0.925497680188786
24.525	42.75	0.929292197998549	0.799148196899162	7.40721450355515e-10	60.6188665369178	0.943433758398839
24.675	42.75	0.946685093953408	0.799321773232714	7.46106590022084e-10	60.504819536892	0.957348075162727
24.825	42.75	0.96001677454357	0.799469692661609	7.54145895627157e-10	60.3892977886059	0.968013419634856
24.975	42.75	0.970138073003262	0.799591293336829	7.64146972146522e-10	60.2726503195657	0.97611045840261
25.125	42.75	0.977764769177413	0.799688597427925	7.75610380007892e-10	60.1551509614437	0.98221181534193
25.275	42.75	0.983479107243241	0.799764852313143	7.88132643682938e-10	60.0370112428693	0.986783285794593
25.425	42.75	0.987742791087855	0.799823641025981	8.01405151198461e-10	59.9183925847952	0.990194232870284
25.575	42.75	0.990914817851528	0.799868386945427	8.15186390711811e-10	59.7994170158722	0.992731854281222
25.725	42.75	0.993270126778983	0.799902111844537	8.29286729234917e-10	59.6801761367092	0.994616101423186
25.875	42.75	0.995016874795904	0.799927348231563	8.43604836593311e-10	59.5607383598713	0.996013499836723
26.025	42.75	0.996311339955072	0.799946140487326	8.58012986215461e-10	59.441154605391	0.997049071964058
26.175	42.75	0.997270176118857	0.799960092615465	8.72418633811191e-10	59.321462692773	0.997816140895086
26.325	42.75	0.997980145939051	0.799970435926214	8.86781098486267e-10	59.201690677646	0.998384116751241
26.475	42.75	0.998505654702879	0.799978100376119	9.01069501616867e-10	59.0818593596433	0.998804523762304
26.625	42.75	0.99889447335489	0.799983780417103	9.15223224761935e-10	58.961984153976	0.999115578683912
26.775	42.75	0.999182029806178	0.799987991061011	9.29263396058344e-10	58.8420764823305	0.999345623844943
26.925	42.75	0.99939460086856	0.79999111301504	9.43116071309484e-10	58.7221448045774	0.999515680694848
27.075	42.75	0.999551676930013	0.799993427577823	9.56796989578239e-10	58.602195383768	0.999641341544011
27.225	42.75	0.999667711986775	0.799995142860771	9.70324604825231e-10	58.4822328536264	0.99973416958942
27.375	42.75	0.999753419908201	0.799996413136131	9.83634073972789e-10	58.362260639821	0.999802735926561
27.525	42.75	0.999816736206953	0.799997352981289	9.9675445116709e-10	58.2422812728509	0.999853388965563
27.675	42.75	0.999863532816305	0.799998047602483	1.00968977015328e-09	58.1222966204584	0.999890826253044
27.825	42.75	0.999898149900074	0.799998560395858	1.02241351250987e-09	58.0023080602055	0.999918519920059
27.975	42.75	0.999923791678105	0.799998938518495	1.03494975071421e-09	57.8823166075237	0.999939033342484
28.125	42.75	0.999942820940872	0.799999217021167	1.04728775899281e-09	57.7623230106283	0.999954256752698
28.275	42.75	0.99995697799692	0.79999942192762	1.05942834495149e-09	57.642327820786	0.999965582397536
28.425	42.75	0.999967543255843	0.799999572535988	1.07136371903619e-09	57.5223314442687	0.999974034604675
28.575	42.75	0.999975457806033	0.799999683139559	1.08310317696689e-09	57.4023341807167	0.999980366244827
28.725	42.75	0.999981412728953	0.799999764312669	1.09462782737373e-09	57.2823362514262	0.999985130183163
28.875	42.75	0.999985915176914	0.799999823868703	1.10598879574555e-09	57.1623378201779	0.999988732141532
29.025	42.75	0.999989337201677	0.799999867574048	1.11712274708538e-09	57.042339008551	0.999991469761341
29.175	42.75	0.999991951790881	0.79999989967814	1.12811040822537e-09	56.9223399071627	0.999993561432705
29.325	42.75	0.999993959424985	0.799999923306945	1.13887196140763e-09	56.8023405839036	0.999995167539988
29.475	42.75	0.999995507614455	0.799999940755486	1.14944872932101e-09	56.6823410899609	0.999996406091564
29.625	42.75	0.999996705242194	0.799999953704139	1.15986688943701e-09	56.5623414642149	0.999997364193755
29.775	42.75	0.999997633065894	0.799999963379625	1.17006199198289e-09	56.4423417364431	0.999998106452715
29.925	42.75	0.999998351385316	0.799999970674585	1.18010155107885e-09	56.3223419296523	0.999998681108253
30.075	42.75	0.999998905620685	0.799999976235867	1.18995879843068e-09	56.2023420617747	0.999999124496548
30.225	42.75	0.999999330355737	0.799999980530414	1.19961986191769e-09	56.0823421469024	0.999999464284589
30.375	42.75	0.999999652256012	0.799999983893847	1.20912557152324e-09	55.9623421961873	0.999999721804809
30.525	42.75	0.999999892166635	0.799999986566532	1.21843949965119e-09	55.8423422185011	0.999999913733308
30.675	42.75	1.00000006661446	0.799999988720095	1.22757997809013e-09	55.7223422209214	1.00000005329157
30.825	42.75	1.00000018888046	0.799999990476702	1.23656092204172e-09	55.6023422090951	1.00000015110437
30.975	42.75	1.0000002697643	0.799999991923931	1.24536812910842e-09	55.4823421875133	1.00000021581144
31.125	42.75	1.00000031813024	0.799999993124266	1.25401123847269e-09	55.3623421597232	1.00000025450419
31.275	42.75	1.00000034129913	0.799999994123423	1.26247904091393e-09	55.242342128495	1.00000027303931
31.425	42.75	1.00000034533336	0.799999994955173	1.27079096449965e-09	55.1223420959568	1.00000027626668
31.575	42.75	1.00000033524795	0.799999995645244	1.27896344965792e-09	55.0023420637045	1.00000026819836
31.725	42.75	1.00000031517154	0.799999996213923	1.28695571599802e-09	54.8823420328956	1.00000025213724
31.875	42.75	1.00000028847336	0.799999996677953	1.29480014491163e-09	54.7623420043274	1.00000023077869
32.025	42.75	1.00000025786737	0.799999997051392	1.30247889197174e-09	54.6423419785053	1.0000002062939
32.175	42.75	1.00000022550096	0.799999997346857	1.30999889989598e-09	54.5223419557014	1.00000018040077
32.325	42.75	1.00000019303283	0.799999997575333	1.31739180779287e-09	54.4023419360051	1.00000015442626
32.475	42.75	1.00000016170284	0.799999997747156	1.32461394653792e-09	54.2823419193665	1.00000012936228
32.625	42.75	1.00000013239566	0.799999997871594	1.33171072236627e-09	54.162341905634	1.00000010591653
32.775	42.75	1.00000010569878	0.799999997957031	1.33865768110512e-09	54.0423418945851	1.00000008455902
32.925	42.75	1.00000008195549	0.799999998011174	1.34545269704402e-09	53.9223418859528	1.00000006556439
33.075	42.75	1.00000006131281	0.799999998040907	1.35210957241689e-09	53.8023418794463	1.00000004905024
33.225	42.75	1.00000004376436	0.799999998052221	1.35863805205063e-09	53.6823418747684	1.00000003501149
33.375	42.75	1.00000002918825	0.79999999805045	1.36503594271907e-09	53.5623418716279	1.0000000233506
33.525	42.75	1.0000000173799	0.799999998040054	1.37130260867514e-09	53.4423418697492	1.00000001390392
33.675	42.75	1.00000000808003	0.799999998024758	1.3774116559836e-09	53.322341868879	1.00000000646402
33.825	42.75	1.00000000099791	0.799999998007432	1.383404540403e-09	53.2023418687904	1.00000000079833
33.975	42.75	0.999999995830296	0.799999997990666	1.38927590690513e-09	53.0823418692851	0.999999996664237
34.125	42.75	0.999999992276158	0.799999997976078	1.3950228895698e-09	52.9623418701938	0.999999993820926
34.275	42.75	0.999999990047886	0.799999997965068	1.40063569204774e-09	52.8423418713753	0.999999992038308
34.425	42.75	0.999999988879261	0.799999997958329	1.40612676838623e-09	52.7223418727151	0.999999991103409
34.575	42.75	0.999999988530618	0.799999997956425	1.41150732809215e-09	52.602341874123	0.999999990824494
34.725	42.75	0.99999998879174	0.799999997959446	1.41676093534392e-09	52.4823418755303	0.999999991033392
34.875	42.75	0.999999989482804	0.799999997967396	1.42190674700814e-09	52.3623418768872	0.999999991586243
35.025	42.75	0.999999990453999	0.799999997979916	1.42693266771622e-09	52.2423418781594	0.999999992363199
35.175	42.75	0.999999991583939	0.799999997996699	1.43184473799258e-09	52.122341879326	0.999999993267151
35.325	42.75	0.999999992777314	0.799999998017301	1.4366551649717e-09	52.0023418803763	0.999999994221851
35.475	42.75	0.99999999396207	0.7999999980412	1.44135556152176e-09	51.8823418813076	0.999999995169656
35.625	42.75	0.999999995086351	0.79999999806789	1.44594445704104e-09	51.7623418821232	0.999999996069081
35.775	42.75	0.999999996115349	0.799999998096907	1.45043919322771e-09	51.6423418828307	0.999999996892279
35.925	42.75	0.999999997028274	0.799999998127765	1.4548210449478e-09	51.52234188344	0.999999997622619
36.075	42.75	0.999999997815458	0.799999998160043	1.459102491267e-09	51.4023418839629	0.999999998252366
36.225	42.75	0.999999998475759	0.799999998193386	1.46328954432302e-09	51.2823418844115	0.999999998780608
36.375	42.75	0.999999999014301	0.799999998227493	1.46738018389653e-09	51.1623418847976	0.99999999921144
36.525	42.75	0.999999999440475	0.799999998262076	1.47137136716449e-09	51.0423418851325	0.99999999955238
36.675	42.75	0.999999999766341	0.79999999829691	1.47526611653448e-09	50.9223418854264	0.999999999813073
36.825	42.75	1.00000000000536	0.799999998331896	1.47908025329014e-09	50.8023418856883	1.00000000000429
36.975	42.75	1.00000000017137	0.799999998366917	1.48278983650338e-09	50.6823418859258	1.00000000013709
37.125	42.75	1.00000000027793	0.799999998401799	1.48642036975002e-09	50.5623418861453	1.00000000022234
37.275	42.75	1.00000000033772	0.799999998436515	1.48996042950742e-09	50.4423418863519	1.00000000027017
37.425	42.75	1.00000000036185	0.799999998470913	1.49341870738427e-09	50.3223418865495	1.00000000028948
37.575	42.75	1.00000000035917	0.799999998504883	1.49677675302649e-09	50.2023418867412	1.00000000028733
37.725	42.75	1.00000000033569	0.799999998538635	1.50007256386582e-09	50.0823418869291	1.00000000026855
37.875	42.75	1.00000000029555	0.799999998572686	1.50328055162333e-09	49.9623418871151	1.00000000023644
38.025	42.75	1.00000000024455	0.799999998608081	1.50640930953478e-09	49.8423418873006	1.00000000019564
38.175	42.75	1.00000000019659	0.799999998645522	1.50945757437771e-09	49.7223418874858	1.00000000015727
38.325	42.75	1.00000000017808	0.799999998683432	1.5124154365147e-09	49.6023418876692	1.00000000014246
38.475	42.75	1.00000000021823	0.79999999871567	1.51531996653277e-09	49.4823418878466	1.00000000017458
38.625	42.75	1.0000000003104	0.799999998731649	1.51813515072219e-09	49.3623418880126	1.00000000024832
38.775	42.75	1.00000000034603	0.799999998724801	1.5208906189888e-09	49.2423418881675	1.00000000027683
38.925	42.75	1.00000000007388	0.799999998713139	1.5235640008704e-09	49.1223418883287	1.00000000005911
39.075	42.75	0.999999999212034	0.799999998762768	1.52617993708421e-09	49.0023418885394	0.999999999369627
39.225	42.75	0.999999997861589	0.799999998982581	1.52871118167909e-09	48.8823418888512	0.999999998289271
39.375	42.75	0.999999997187173	0.799999999433965	1.53118827355199e-09	48.7623418892552	0.999999997749738
39.525	42.75	0.999999999800282	0.799999999923349	1.53358524186812e-09	48.6423418895611	0.999999999840226
39.675	42.75	1.00000000854992	0.799999999772145	1.53592229715646e-09	48.5223418893166	1.00000000683994
39.825	42.75	1.00000002228112	0.799999997897721	1.53820060410209e-09	48.4023418879879	1.0000000178249
39.975	42.75	1.00000002906867	0.799999993736466	1.54041750603752e-09	48.2823418856693	1.00000002325494
40.125	42.75	1.00000000269438	0.799999989273089	1.54257081026942e-09	48.1623418842858	1.0000000021555
40.275	42.75	0.99999991505163	0.799999991184384	1.54465873859193e-09	48.0423418883701	0.999999932041304
40.425	42.75	0.999999777875232	0.800000009855639	1.54668357770497e-09	47.9223419032406	0.999999822300186
40.575	42.75	0.99999970764997	0.800000050392192	1.54864708982896e-09	47.8023419280613	0.999999766119976
40.725	42.75	0.999999957517802	0.800000093605291	1.5505625179734e-09	47.6823419442541	0.999999966014242
40.875	42.75	1.00000079734945	0.800000076809747	1.55241841647486e-09	47.5623419081363	1.00000063787956
41.025	42.75	1.00000212196185	0.799999904291357	1.55421559562919e-09	47.4423417681201	1.00000169756948
41.175	42.75	1.00000285290253	0.799999530159786	1.55595270063346e-09	47.3223415294323	1.00000228232202
41.325	42.75	1.00000065163093	0.799999127906754	1.55765435858182e-09	47.2023413613153	1.00000052130474
41.475	42.75	0.99999300385797	0.799999255462736	1.559300006223e-09	47.0823416659473	0.999994403086376
41.625	42.75	0.999980706637779	0.800000756069187	1.56090460446456e-09	46.9623429279345	0.999984565310223
41.775	42.75	0.999973138464124	0.80000404069597	1.56245038655055e-09	46.8423451434556	0.999978510771299
41.925	42.75	0.999990827520921	0.800007657613581	1.56390241676204e-09	46.7223468731666	0.999992662016737
42.075	42.75	1.0000563795365	0.800006936236316	1.5652550810197e-09	46.6023446073044	1.0000451036292
42.225	42.75	1.00016528886126	0.799994824113575	1.56649677237956e-09	46.4823339673309	1.00013223108901
42.375	42.75	1.00024184955227	0.799967674187972	1.5677386542626e-09	46.3623144248143	1.00019347964182
42.525	42.75	1.00011633628368	0.799936550468171	1.56918092967623e-09	46.2422972318368	1.00009306902694
42.675	42.75	0.999594226904112	0.799937860669068	1.57107524872594e-09	46.122311124879	0.99967538152329
42.825	42.75	0.998683926303329	0.800027372464556	1.57340712085206e-09	46.002393776019	0.998947141042663
42.975	42.75	0.997944673225966	0.80023700684967	1.57548610663096e-09	45.8825556079352	0.998355738580772
43.125	42.75	0.998684258980246	0.800490005490402	1.57565922576451e-09	45.7627174136151	0.998947407184197
43.275	42.75	1.00248296175523	0.800522975168875	1.57193283650035e-09	45.6426613832967	1.00198636940419
43.425	42.75	1.00955927622367	0.799934825602886	1.56409308005838e-09	45.5220834807609	1.00764742097894
43.575	42.75	1.01623380734776	0.798479881644639	1.55676590181439e-09	45.4008457041058	1.01298704587821
43.725	42.75	1.01328677096999	0.796573391875134	1.56125817509637e-09	45.2794285478108	1.01062941677599
43.875	42.75	0.988680897764654	0.795833250675789	1.59313696618333e-09	45.1593335533708	0.990944718211723
44.025	42.75	0.938367896726091	0.799351007358302	1.66150108878961e-09	45.0428405209105	0.950694317380873
44.175	42.75	0.884673133603212	0.810192428758454	1.74114366885992e-09	44.9313520152843	0.907738506882569
44.325	42.75	0.889127901657216	0.824441952951384	1.73526969517683e-09	44.8222076612399	0.911302321325773
44.475	42.75	1.03257195114901	0.826489829214127	1.54175433316992e-09	44.7059572556275	1.02605756091921
44.625	42.75	1.34924434133401	0.808622133180725	1.23661687975066e-09	44.5677998197535	1.27939547306721
44.775	42.75	1.76408811732563	0.709537047686558	9.81834848963869e-10	44.3955930066435	1.6112704938605
44.925	42.75	2.11154506539011	0.834636814371553	8.37285810665161e-10	44.2248229869821	1.88923605231209
0.075	43.25	3.47473593480716e-16	0.399999999939817	-4.41848340094607e-09	65.3895334079309	0.2
0.225	43.25	1.09796498755307e-15	0.799999999819489	-4.41710497713641e-09	65.3655334079345	0.200000000000001
0.375	43.25	2.54818929288482e-15	0.79999999969921	-4.41420270590219e-09	65.3415334079417	0.200000000000002
0.525	43.25	4.61626581471177e-15	0.799999999578908	-4.41001949239972e-09	65.3175334079525	0.200000000000004
0.675	43.25	7.14881699071914e-15	0.79999999945907	-4.40428889713837e-09	65.293533407967	0.200000000000006
0.825	43.25	9.93588427071397e-15	0.799999999339518	-4.3973780530004e-09	65.269533407985	0.200000000000008
0.975	43.25	1.2737970420098e-14	0.799999999219606	-4.38864670801496e-09	65.2455334080066	0.20000000000001
1.125	43.25	1.52997074180877e-14	0.799999999099926	-4.37866702880354e-09	65.2215334080318	0.200000000000012
1.275	43.25	1.73403388763384e-14	0.799999998981527	-4.36755085241786e-09	65.1975334080606	0.200000000000014
1.425	43.25	1.85241247429949e-14	0.799999998862444	-4.35477161235197e-09	65.1735334080929	0.200000000000015
1.575	43.25	1.84215048970877e-14	0.799999998744446	-4.34060842843555e-09	65.1495334081288	0.200000000000015
1.725	43.25	1.64738684583799e-14	0.799999998626335	-4.32516408102826e-09	65.1255334081683	0.200000000000013
1.875	43.25	1.19727218054548e-14	0.799999998508821	-4.30833513379768e-09	65.1015334082113	0.20000000000001
2.025	43.25	4.06047186601371e-15	0.799999998392151	-4.28996116848026e-09	65.0775334082577	0.200000000000003
2.175	43.25	-8.2429194332638e-15	0.799999998275825	-4.27029527113167e-09	65.0535334083077	0.199999999999993
2.325	43.25	-2.5984509136405e-14	0.799999998160198	-4.24931454420821e-09	65.0295334083612	0.199999999999979
2.475	43.25	-5.01910920431435e-14	0.799999998044838	-4.22688652231996e-09	65.0055334084181	0.19999999999996
2.625	43.25	-8.17460216708232e-14	0.799999997930556	-4.2033481388997e-09	64.9815334084785	0.199999999999935
2.775	43.25	-1.21225242658904e-13	0.799999997816735	-4.17828775258064e-09	64.9575334085423	0.199999999999903
2.925	43.25	-1.68687693123979e-13	0.799999997703862	-4.15205704737683e-09	64.9335334086095	0.199999999999865
3.075	43.25	-2.23416649187817e-13	0.799999997591479	-4.12450649371571e-09	64.9095334086801	0.199999999999821
3.225	43.25	-2.83611672080225e-13	0.799999997480005	-4.09547586647854e-09	64.8855334087541	0.199999999999773
3.375	43.25	-3.46035690135906e-13	0.799999997369685	-4.06529337226924e-09	64.8615334088314	0.199999999999723
3.525	43.25	-4.05628545245194e-13	0.799999997260062	-4.03388875520883e-09	64.837533408912	0.199999999999676
3.675	43.25	-4.55107087409701e-13	0.799999997151129	-4.00127585985e-09	64.8135334089958	0.199999999999636
3.825	43.25	-4.84582706433129e-13	0.799999997043562	-3.96725763028613e-09	64.789533409083	0.199999999999612
3.975	43.25	-4.81239935851456e-13	0.799999996936776	-3.93225141439636e-09	64.7655334091733	0.199999999999615
4.125	43.25	-4.29134299521616e-13	0.799999996830921	-3.89588050227949e-09	64.7415334092669	0.199999999999657
4.275	43.25	-3.09183363668193e-13	0.79999999672645	-3.85839148006164e-09	64.7175334093635	0.199999999999753
4.425	43.25	-9.94413051195327e-14	0.79999999662276	-3.81965852540608e-09	64.6935334094633	0.19999999999992
4.575	43.25	2.24237048150499e-13	0.799999996520503	-3.77990088070682e-09	64.6695334095662	0.200000000000179
4.725	43.25	6.87023335910839e-13	0.799999996418933	-3.73892044697661e-09	64.6455334096721	0.20000000000055
4.875	43.25	1.31330562456727e-12	0.799999996319164	-3.69671642198514e-09	64.6215334097809	0.200000000001051
5.025	43.25	2.1241109386276e-12	0.799999996220294	-3.65361004368825e-09	64.5975334098927	0.200000000001699
5.175	43.25	3.13363844600082e-12	0.799999996122703	-3.60932873726319e-09	64.5735334100073	0.200000000002507
5.325	43.25	4.34480354493192e-12	0.799999996026349	-3.56403073551008e-09	64.5495334101247	0.200000000003476
5.475	43.25	5.74373323931448e-12	0.799999995931261	-3.51771184699222e-09	64.5255334102449	0.200000000004595
5.625	43.25	7.29321536939775e-12	0.799999995837719	-3.47042474386455e-09	64.5015334103677	0.200000000005835
5.775	43.25	8.92519279217683e-12	0.7999999957455	-3.42198885798934e-09	64.4775334104932	0.20000000000714
5.925	43.25	1.05325120560538e-11	0.799999995654348	-3.37268217613368e-09	64.4535334106213	0.200000000008426
6.075	43.25	1.19602875289667e-11	0.799999995564928	-3.32245226960479e-09	64.4295334107519	0.200000000009568
6.225	43.25	1.29974275803081e-11	0.799999995476688	-3.27106210056961e-09	64.4055334108851	0.200000000010398
6.375	43.25	1.33690888240455e-11	0.799999995389963	-3.2190787502151e-09	64.3815334110208	0.200000000010695
6.525	43.25	1.2731073915372e-11	0.799999995304651	-3.16602734736477e-09	64.3575334111591	0.200000000010185
6.675	43.25	1.0667461011473e-11	0.799999995221013	-3.11212528917029e-09	64.3335334113001	0.200000000008534
6.825	43.25	6.69303689036584e-12	0.79999999513853	-3.05744636936822e-09	64.3095334114438	0.200000000005354
6.975	43.25	2.62384116635042e-13	0.799999995057721	-3.00193183833074e-09	64.2855334115905	0.20000000000021
7.125	43.25	-9.21227770987604e-12	0.799999994978393	-2.94564019366871e-09	64.2615334117403	0.19999999999263
7.275	43.25	-2.23322050696928e-11	0.799999994901274	-2.8884608398614e-09	64.2375334118936	0.199999999982134
7.425	43.25	-3.96698098037659e-11	0.799999994825234	-2.83069640427285e-09	64.2135334120506	0.199999999968264
7.575	43.25	-6.17105575475787e-11	0.799999994751075	-2.77218292975556e-09	64.1895334122117	0.199999999950632
7.725	43.25	-8.87769669144519e-11	0.799999994679128	-2.71283118618645e-09	64.1655334123773	0.199999999928978
7.875	43.25	-1.20933060871863e-10	0.799999994608949	-2.65291636105944e-09	64.141533412548	0.199999999903254
8.025	43.25	-1.57868389934793e-10	0.799999994540967	-2.5923655611798e-09	64.117533412724	0.199999999873705
8.175	43.25	-1.98761869579819e-10	0.799999994475254	-2.5312982088962e-09	64.0935334129058	0.199999999840991
8.325	43.25	-2.42127204287724e-10	0.799999994411923	-2.46946256137469e-09	64.0695334130937	0.199999999806298
8.475	43.25	-2.85643650729063e-10	0.799999994350975	-2.40716910897232e-09	64.0455334132876	0.199999999771485
8.625	43.25	-3.25978331066352e-10	0.799999994293164	-2.34421652679426e-09	64.0215334134874	0.199999999739217
8.775	43.25	-3.58609249747416e-10	0.799999994238046	-2.28079820455626e-09	63.9975334136926	0.199999999713113
8.925	43.25	-3.77661569757061e-10	0.799999994185798	-2.2169610221308e-09	63.973533413902	0.199999999697871
9.075	43.25	-3.75773504773029e-10	0.799999994136819	-2.15262096319467e-09	63.949533414114	0.199999999699381
9.225	43.25	-3.44012273693658e-10	0.799999994090771	-2.08784940725227e-09	63.9255334143259	0.19999999972479
9.375	43.25	-2.71864780402867e-10	0.799999994047865	-2.02262978928616e-09	63.9015334145346	0.199999999782508
9.525	43.25	-1.47331800066388e-10	0.79999999400785	-1.95707037958892e-09	63.8775334147353	0.199999999882135
9.675	43.25	4.28418176085303e-11	0.799999993970163	-1.89107642994401e-09	63.8535334149224	0.200000000034273
9.825	43.25	3.12765438488616e-10	0.799999993935028	-1.82477494485446e-09	63.8295334150888	0.200000000250212
9.975	43.25	6.76792137878345e-10	0.799999993900658	-1.75821756227826e-09	63.8055334152262	0.200000000541434
10.125	43.25	1.14866198054623e-09	0.799999993867016	-1.69130043297838e-09	63.7815334153248	0.20000000091893
10.275	43.25	1.7403637588988e-09	0.799999993832891	-1.62425937547451e-09	63.7575334153737	0.200000001392291
10.425	43.25	2.46068474991126e-09	0.799999993796291	-1.5568755820602e-09	63.7335334153607	0.200000001968548
10.575	43.25	3.31342633286523e-09	0.799999993756444	-1.48936584075196e-09	63.7095334152734	0.200000002650741
10.725	43.25	4.29527555914653e-09	0.799999993710129	-1.42164216381175e-09	63.6855334150992	0.20000000343622
10.875	43.25	5.39333950031691e-09	0.799999993656555	-1.35384534216534e-09	63.6615334148261	0.200000004314672
11.025	43.25	6.58237083663339e-09	0.799999993592139	-1.28583795269739e-09	63.6375334144443	0.200000005265897
11.175	43.25	7.82173994733124e-09	0.799999993514884	-1.21766442868992e-09	63.6135334139468	0.200000006257392
11.325	43.25	9.05224077856096e-09	0.799999993422091	-1.14952439679502e-09	63.5895334133316	0.200000007241793
11.475	43.25	1.0192854781962e-08	0.799999993311264	-1.08127167048682e-09	63.5655334126034	0.200000008154284
11.625	43.25	1.11376386998128e-08	0.799999993180194	-1.0131037401371e-09	63.5415334117759	0.200000008910111
11.775	43.25	1.17529470147965e-08	0.799999993027098	-9.44926763781688e-10	63.5175334108742	0.200000009402358
11.925	43.25	1.18752471628779e-08	0.799999992850981	-8.7669854429658e-10	63.4935334099377	0.200000009500198
12.075	43.25	1.13098333753286e-08	0.799999992651856	-8.08621802827586e-10	63.4695334090231	0.200000009047867
12.225	43.25	9.83079108338463e-09	0.799999992430808	-7.40483926205651e-10	63.4455334082071	0.200000007864633
12.375	43.25	7.18260560482215e-09	0.799999992191078	-6.72616976753933e-10	63.4215334075897	0.200000005746084
12.525	43.25	3.0838434245391e-09	0.799999991937199	-6.0478656715664e-10	63.3975334072966	0.200000002467075
12.675	43.25	-2.76664132598412e-09	0.799999991677147	-5.37151200288687e-10	63.3735334074814	0.199999997786687
12.825	43.25	-1.06805117227392e-08	0.799999991420617	-4.69660651782104e-10	63.3495334083272	0.199999991455591
12.975	43.25	-2.09673062212685e-08	0.799999991180664	-4.02420952716796e-10	63.3255334100468	0.199999983226155
13.125	43.25	-3.39179162120499e-08	0.799999990974295	-3.35436217153866e-10	63.301533412882	0.199999972865667
13.275	43.25	-4.97837930232317e-08	0.799999990821354	-2.68633073758822e-10	63.2775334171006	0.199999960172966
13.425	43.25	-6.87515580800874e-08	0.799999990746535	-2.02108670716664e-10	63.2535334229912	0.199999944998754
13.575	43.25	-9.09127706812657e-08	0.799999990777936	-1.35832092615311e-10	63.2295334308561	0.199999927269783
13.725	43.25	-1.16228700065115e-07	0.799999990947404	-7.00234347767115e-11	63.2055334409998	0.19999990701704
13.875	43.25	-1.44490042292706e-07	0.799999991291432	-4.43616096935061e-12	63.1815334537152	0.199999884407966
14.025	43.25	-1.75271602690326e-07	0.799999991850194	6.07399385078522e-11	63.1575334692644	0.199999859782718
14.175	43.25	-2.07882008790903e-07	0.799999992667924	1.25459777022206e-10	63.1335334878563	0.199999833694393
14.325	43.25	-2.4130849540167e-07	0.799999993792508	1.89832046691415e-10	63.1095335096177	0.199999806953204
14.475	43.25	-2.74156669390351e-07	0.799999995277131	2.53901405172958e-10	63.08553353456	0.199999780674664
14.625	43.25	-3.0458485879115e-07	0.799999997178541	3.17379031391613e-10	63.0615335625392	0.199999756332113
14.775	43.25	-3.30232101255595e-07	0.799999999561364	3.80375820753556e-10	63.0375335932096	0.199999735814319
14.925	43.25	-3.48137927988559e-07	0.800000002498771	4.4290706626893e-10	63.01353362597	0.199999721489658
15.075	43.25	-3.54650715673887e-07	0.800000006077656	5.04977111265831e-10	62.9895336599021	0.199999716279427
15.225	43.25	-3.45319332269964e-07	0.800000010404332	5.66392752788419e-10	62.9655336936983	0.199999723744534
15.375	43.25	-3.14759858467834e-07	0.800000015615611	6.27302362291169e-10	62.9415337255792	0.199999748192113
15.525	43.25	-2.56485016379474e-07	0.800000021891635	6.87664340376071e-10	62.9175337531953	0.199999794811987
15.675	43.25	-1.62678173444303e-07	0.800000029478922	7.4743856252965e-10	62.8935337735108	0.199999869857461
15.825	43.25	-2.38858732055939e-08	0.800000038717992	8.06516237492836e-10	62.8695337826608	0.199999980891301
15.975	43.25	1.71407943072931e-07	0.800000050084931	8.64993452339296e-10	62.8455337757738	0.200000137126354
16.125	43.25	4.37377482140544e-07	0.800000064249364	9.22924841184522e-10	62.8215337467453	0.200000349901986
16.275	43.25	7.91691622336721e-07	0.800000082151274	9.80176470143366e-10	62.7975336879424	0.200000633353298
16.425	43.25	1.25668924896732e-06	0.800000105108671	1.03670409925663e-09	62.7735335898115	0.200001005351399
16.575	43.25	1.86102705462457e-06	0.800000134963359	1.09246512377172e-09	62.7495334403515	0.200001488821644
16.725	43.25	2.64198155102758e-06	0.80000017427694	1.14760102760597e-09	62.7255332243964	0.200002113585241
16.875	43.25	3.6486514725754e-06	0.80000022659713	1.20197747331292e-09	62.7015329226343	0.200002918921178
17.025	43.25	4.94639295263993e-06	0.800000296816546	1.25558231609996e-09	62.6775325102593	0.200003957114362
17.175	43.25	6.62293525050585e-06	0.800000391652852	1.30843651865488e-09	62.6535319551175	0.2000052983482
17.325	43.25	8.79677985617058e-06	0.800000520301251	1.36058140276059e-09	62.6295312151559	0.200007037423885
17.475	43.25	1.16286953616554e-05	0.800000695308612	1.41182850790746e-09	62.6055302349166	0.200009302956289
17.625	43.25	1.53374051751951e-05	0.800000933761987	1.46230038812499e-09	62.581528940726	0.20001226992414
17.775	43.25	2.02209519395026e-05	0.800001258890496	1.51194978672224e-09	62.5575272341056	0.200016176761552
17.925	43.25	2.66857440089447e-05	0.800001702219913	1.56071328849278e-09	62.5335249827637	0.200021348595207
18.075	43.25	3.52859826387569e-05	0.800002306454584	1.60870397202029e-09	62.5095220082987	0.200028228786111
18.225	43.25	4.67770776098171e-05	0.800003129304647	1.65576566983288e-09	62.4855180694482	0.200037421662088
18.375	43.25	6.21878481181948e-05	0.800004248572172	1.70187452706927e-09	62.4615128393064	0.200049750278495
18.525	43.25	8.29178912049335e-05	0.800005768979327	1.74718749994312e-09	62.4375058744036	0.200066334312964
18.675	43.25	0.000110868697354671	0.800007831497994	1.7914476754417e-09	62.4134965728177	0.200088694957884
18.825	43.25	0.000148620253231967	0.800010626289099	1.83471117027008e-09	62.3894841175155	0.200118896202586
18.975	43.25	0.000199669451810795	0.800014410671293	1.8770146388309e-09	62.3654673997727	0.200159735561449
19.125	43.25	0.000268753038830377	0.800019533572901	1.91823909173971e-09	62.3414449156499	0.200215002431064
19.275	43.25	0.000362286150243119	0.800026467495629	1.95821142874105e-09	62.317414625915	0.200289828920195
19.425	43.25	0.000488957294627172	0.800035848318797	1.99704199887724e-09	62.293373766358	0.200391165835702
19.575	43.25	0.000660531175184703	0.800048523192704	2.03451289137578e-09	62.2693185910085	0.200528424940148
19.725	43.25	0.000892922189696329	0.80006560905186	2.0704114990467e-09	62.2452440252885	0.200714337751757
19.875	43.25	0.00120761709993497	0.800088570714197	2.10466099195503e-09	62.2211431993448	0.200966093679948
20.025	43.25	0.00163355408551011	0.80011933794755	2.1368187084778e-09	62.1970068228922	0.201306843268408
20.175	43.25	0.00220962174863281	0.800160490335073	2.16666418533429e-09	62.1728223498968	0.201767697398906
20.325	43.25	0.00298804031002421	0.800215535507441	2.19351439651295e-09	62.1485728609868	0.202390432248019
20.475	43.25	0.00403902958499556	0.800289274078154	2.21688112455502e-09	62.1242355594599	0.203231223667996
20.625	43.25	0.00545732363607616	0.800388171259942	2.23580721316479e-09	62.0997797304491	0.204365858908861
20.775	43.25	0.00737118393588903	0.800520546994233	2.24917530019496e-09	62.0751639546359	0.205896947148711
20.925	43.25	0.00995447739289709	0.800696290204548	2.2555327526308e-09	62.0503323094223	0.207963581914318
21.075	43.25	0.0134420119473949	0.800925762273178	2.25298332841546e-09	62.025209254075	0.210753609557916
21.225	43.25	0.0181476175225093	0.80121764303482	2.23932088328742e-09	61.9996929108062	0.214518094018007
21.375	43.25	0.0244834934291794	0.801575708959323	2.21185952099541e-09	61.9736465495717	0.219586794743344
21.525	43.25	0.0329782628239392	0.80199487211035	2.16809424983576e-09	61.9468882786038	0.226382610259151
21.675	43.25	0.0442900720323863	0.802457174251162	2.10563598874121e-09	61.9191792418029	0.235432057625909
21.825	43.25	0.0592098316646755	0.802928786123445	2.02318424260748e-09	61.8902110354966	0.24736786533174
21.975	43.25	0.0786480163125497	0.803359399296967	1.92086205257552e-09	61.8595936078519	0.26291841305004
22.125	43.25	0.103596190237834	0.803685582311374	1.8008273039173e-09	61.8268456419851	0.282876952190267
22.275	43.25	0.135052302465099	0.803839327374227	1.6676413262063e-09	61.7913903694388	0.308041841972079
22.425	43.25	0.173898993207777	0.80376174341157	1.52734193418804e-09	61.7525607978689	0.339119194566222
22.575	43.25	0.220730584508245	0.803419694942856	1.38677142390779e-09	61.7096190589242	0.376584467606596
22.725	43.25	0.275641526316629	0.802820791734357	1.25241518461062e-09	61.6617941844435	0.420513221053303
22.875	43.25	0.338017855801354	0.802020579798134	1.1295629363304e-09	61.6083400318059	0.470414284641083
23.025	43.25	0.406404722841588	0.801116452579035	1.0217752787725e-09	61.5486096032495	0.525123778273271
23.175	43.25	0.478534571709312	0.80022693059378	9.3064499519815e-10	61.4821344422814	0.582827657367449
23.325	43.25	0.551566086184586	0.799461973044962	8.56329782330142e-10	61.4086912870534	0.641252868947669
23.475	43.25	0.622501307402703	0.798895931684898	7.97778640086817e-10	61.3283372571325	0.698001045922162
23.625	43.25	0.688659257391775	0.798554411815981	7.53362331845841e-10	61.2414022282837	0.75092740591342
23.775	43.25	0.748051809766277	0.798418745393245	7.21038496231127e-10	61.1484403392488	0.798441447813021
23.925	43.25	0.799557780780123	0.798442570453488	6.98845969824525e-10	61.0501550425739	0.839646224624098
24.075	43.25	0.842886470083229	0.798570851194254	6.84884123686301e-10	60.9473175522907	0.874309176066583
24.225	43.25	0.878398155783952	0.798753962794212	6.77611186654286e-10	60.8406956956924	0.902718524627162
24.375	43.25	0.906872100227934	0.798954493561513	6.75545734990793e-10	60.7310025526406	0.925497680182347
24.525	43.25	0.929292197992357	0.799148196955531	6.77571943385638e-10	60.6188665365836	0.943433758393886
24.675	43.25	0.946685093948701	0.799321773288254	6.82782357956025e-10	60.5048195365503	0.957348075158961
24.825	43.25	0.960016774540036	0.799469692716494	6.90374717133979e-10	60.3892977882566	0.968013419632029
24.975	43.25	0.970138073000632	0.799591293390962	6.99771626531451e-10	60.2726503192087	0.976110458400505
25.125	43.25	0.977764769175471	0.799688597481307	7.10507248546873e-10	60.1551509610791	0.982211815340376
25.275	43.25	0.983479107241813	0.799764852365807	7.2220685588414e-10	60.037011242497	0.98678328579345
25.425	43.25	0.987742791086805	0.799823641077892	7.3460286752518e-10	59.9183925844152	0.990194232869444
25.575	43.25	0.990914817850768	0.79986838699664	7.47465481908054e-10	59.7994170154846	0.992731854280614
25.725	43.25	0.993270126778428	0.799902111895083	7.60635879971068e-10	59.6801761363142	0.994616101422742
25.875	43.25	0.995016874795505	0.799927348281374	7.73968653994959e-10	59.5607383594688	0.996013499836404
26.025	43.25	0.996311339954778	0.799946140536369	7.8741026156589e-10	59.4411546049812	0.997049071963823
26.175	43.25	0.997270176118641	0.799960092663827	8.00844326422221e-10	59.3214626923559	0.997816140894912
26.325	43.25	0.997980145938889	0.799970435973874	8.14252989582852e-10	59.2016906772217	0.998384116751111
26.475	43.25	0.998505654702754	0.799978100423082	8.27562530926798e-10	59.0818593592119	0.998804523762204
26.625	43.25	0.998894473354798	0.799983780463347	8.40795903761035e-10	58.9619841535377	0.999115578683839
26.775	43.25	0.99918202980611	0.799987991106623	8.53877995222593e-10	58.8420764818853	0.999345623844888
26.925	43.25	0.99939460086851	0.799991113059937	8.66805206560379e-10	58.7221448041255	0.999515680694808
27.075	43.25	0.999551676929978	0.799993427621964	8.79599638510702e-10	58.6021953833094	0.999641341543983
27.225	43.25	0.999667711986742	0.79999514290429	8.92187448133778e-10	58.4822328531612	0.999734169589394
27.375	43.25	0.999753419908179	0.799996413178956	9.04648415924358e-10	58.3622606393493	0.999802735926543
27.525	43.25	0.999816736206939	0.799997353023462	9.16912585447821e-10	58.2422812723728	0.999853388965551
27.675	43.25	0.999863532816294	0.799998047643992	9.28973658539624e-10	58.1222966199741	0.999890826253035
27.825	43.25	0.999898149900065	0.799998560436671	9.40880677413436e-10	58.002308059715	0.999918519920052
27.975	43.25	0.999923791678097	0.799998938558662	9.52599354985622e-10	57.8823166070271	0.999939033342478
28.125	43.25	0.999942820940859	0.799999217060719	9.64116837278416e-10	57.7623230101258	0.999954256752687
28.275	43.25	0.999956977996904	0.799999421966481	9.75467477166311e-10	57.6423278202775	0.999965582397523
28.425	43.25	0.999967543255829	0.799999572574192	9.86624803807214e-10	57.5223314437545	0.999974034604663
28.575	43.25	0.999975457806036	0.799999683177147	9.97614147785905e-10	57.4023341801968	0.999980366244828
28.725	43.25	0.999981412728955	0.799999764349622	1.00841303063328e-09	57.2823362509007	0.999985130183164
28.875	43.25	0.999985915176911	0.799999823905053	1.01902645386451e-09	57.1623378196469	0.999988732141529
29.025	43.25	0.999989337201669	0.799999867609793	1.02949033389744e-09	57.0423390080146	0.999991469761335
29.175	43.25	0.99999195179087	0.799999899713199	1.03973087391743e-09	56.922339906621	0.999993561432696
29.325	43.25	0.999993959424978	0.799999923341438	1.0498306634142e-09	56.8023405833566	0.999995167539983
29.475	43.25	0.99999550761445	0.799999940789418	1.05975209495234e-09	56.6823410894088	0.99999640609156
29.625	43.25	0.999996705242202	0.799999953737413	1.06947127817326e-09	56.5623414636578	0.999997364193761
29.775	43.25	0.999997633065904	0.79999996341233	1.07907567842783e-09	56.4423417358811	0.999998106452723
29.925	43.25	0.999998351385325	0.799999970706701	1.08848081250194e-09	56.3223419290854	0.99999868110826
30.075	43.25	0.999998905620699	0.799999976267409	1.09770797944054e-09	56.2023420612031	0.99999912449656
30.225	43.25	0.999999330355742	0.799999980561363	1.1067881386903e-09	56.082342146326	0.999999464284594
30.375	43.25	0.999999652256013	0.799999983924264	1.11569309099902e-09	55.9623421956064	0.99999972180481
30.525	43.25	0.999999892166631	0.799999986596416	1.12444778324277e-09	55.8423422179156	0.999999913733305
30.675	43.25	1.00000006661445	0.799999988749374	1.13303344503666e-09	55.7223422203315	1.00000005329156
30.825	43.25	1.00000018888046	0.79999999050549	1.14146825632013e-09	55.6023422085008	1.00000015110437
30.975	43.25	1.00000026976431	0.799999991952103	1.14972148348515e-09	55.4823421869148	1.00000021581145
31.125	43.25	1.00000031813024	0.799999993151952	1.15785454573976e-09	55.3623421591205	1.00000025450419
31.275	43.25	1.00000034129914	0.799999994150599	1.16582401580815e-09	55.2423421278882	1.00000027303931
31.425	43.25	1.00000034533336	0.799999994981816	1.17363821656371e-09	55.1223420953459	1.00000027626669
31.575	43.25	1.00000033524795	0.799999995671391	1.18130437601811e-09	55.0023420630896	1.00000026819836
31.725	43.25	1.00000031517155	0.799999996239546	1.18882367607614e-09	54.8823420322769	1.00000025213724
31.875	43.25	1.00000028847336	0.799999996703068	1.19619505704506e-09	54.7623420037049	1.00000023077869
32.025	43.25	1.00000025786737	0.799999997076035	1.20342306032869e-09	54.6423419778791	1.0000002062939
32.175	43.25	1.00000022550096	0.799999997370964	1.21051737827871e-09	54.5223419550715	1.00000018040077
32.325	43.25	1.00000019303282	0.799999997599034	1.21745524949722e-09	54.4023419353716	1.00000015442626
32.475	43.25	1.00000016170283	0.799999997770376	1.22426854012169e-09	54.2823419187295	1.00000012936227
32.625	43.25	1.00000013239566	0.799999997894319	1.23094793865842e-09	54.1623419049936	1.00000010591653
32.775	43.25	1.00000010569879	0.799999997979269	1.23748500609773e-09	54.0423418939413	1.00000008455903
32.925	43.25	1.00000008195549	0.799999998033002	1.24391301005135e-09	53.9223418853056	1.0000000655644
33.075	43.25	1.00000006131281	0.799999998062251	1.25019570589811e-09	53.8023418787959	1.00000004905024
33.225	43.25	1.00000004376436	0.799999998073194	1.25634551522431e-09	53.6823418741149	1.00000003501148
33.375	43.25	1.00000002918824	0.799999998070951	1.26237511124221e-09	53.5623418709712	1.00000002335059
33.525	43.25	1.00000001737989	0.799999998060137	1.26826250264407e-09	53.4423418690895	1.00000001390391
33.675	43.25	1.00000000808002	0.799999998044354	1.27404658069104e-09	53.3223418682163	1.00000000646402
33.825	43.25	1.00000000099792	0.799999998026677	1.279711616878e-09	53.2023418681248	1.00000000079834
33.975	43.25	0.999999995830306	0.799999998009469	1.28523623295075e-09	53.0823418686167	0.999999996664245
34.125	43.25	0.99999999227616	0.799999997994527	1.2906675107628e-09	52.9623418695226	0.999999993820928
34.275	43.25	0.999999990047894	0.799999997983063	1.29597994658601e-09	52.8423418707013	0.999999992038315
34.425	43.25	0.999999988879278	0.799999997975982	1.301168224933e-09	52.7223418720384	0.999999991103423
34.575	43.25	0.999999988530635	0.799999997973673	1.30624913551204e-09	52.6023418734437	0.999999990824508
34.725	43.25	0.999999988791744	0.799999997976323	1.31122345834484e-09	52.4823418748485	0.999999991033395
34.875	43.25	0.999999989482802	0.799999997983879	1.3160819830097e-09	52.3623418762028	0.999999991586241
35.025	43.25	0.999999990453998	0.799999997996068	1.32084781745733e-09	52.2423418774726	0.999999992363198
35.175	43.25	0.999999991583938	0.799999998012495	1.32549644645056e-09	52.1223418786368	0.99999999326715
35.325	43.25	0.999999992777321	0.799999998032748	1.33004908750409e-09	52.0023418796848	0.999999994221857
35.475	43.25	0.999999993962079	0.799999998056296	1.33449730154865e-09	51.8823418806138	0.999999995169663
35.625	43.25	0.999999995086362	0.799999998082624	1.33884661211559e-09	51.7623418814272	0.999999996069089
35.775	43.25	0.999999996115363	0.799999998111314	1.34309529101776e-09	51.6423418821324	0.999999996892291
35.925	43.25	0.999999997028285	0.799999998141847	1.34725394458667e-09	51.5223418827396	0.999999997622628
36.075	43.25	0.999999997815467	0.799999998173794	1.35131203639818e-09	51.4023418832604	0.999999998252374
36.225	43.25	0.999999998475768	0.799999998206823	1.35528121748818e-09	51.2823418837069	0.999999998780614
36.375	43.25	0.999999999014298	0.799999998240615	1.35914639200044e-09	51.1623418840911	0.999999999211438
36.525	43.25	0.999999999440473	0.799999998274905	1.36294033009593e-09	51.042341884424	0.999999999552378
36.675	43.25	0.99999999976635	0.799999998309432	1.36663275713698e-09	50.922341884716	0.99999999981308
36.825	43.25	1.00000000000536	0.799999998344155	1.37024809233036e-09	50.8023418849761	1.00000000000429
36.975	43.25	1.00000000017138	0.799999998378848	1.37377347173793e-09	50.6823418852118	1.0000000001371
37.125	43.25	1.00000000027794	0.799999998413428	1.37722512724316e-09	50.5623418854295	1.00000000022235
37.275	43.25	1.00000000033772	0.799999998447901	1.38057796980299e-09	50.4423418856344	1.00000000027018
37.425	43.25	1.00000000036186	0.799999998482023	1.38385575351754e-09	50.3223418858303	1.00000000028949
37.575	43.25	1.00000000035916	0.799999998515691	1.3870536175952e-09	50.2023418860203	1.00000000028733
37.725	43.25	1.0000000003357	0.799999998549223	1.39017385022354e-09	50.0823418862067	1.00000000026856
37.875	43.25	1.00000000029555	0.799999998582978	1.39322666080317e-09	49.9623418863911	1.00000000023644
38.025	43.25	1.00000000024454	0.799999998618122	1.39619569176711e-09	49.842341886575	1.00000000019563
38.175	43.25	1.00000000019658	0.799999998655297	1.39908637670858e-09	49.7223418867588	1.00000000015726
38.325	43.25	1.00000000017808	0.799999998693006	1.40191342498291e-09	49.6023418869407	1.00000000014246
38.475	43.25	1.00000000021823	0.799999998724985	1.40466097695617e-09	49.4823418871167	1.00000000017458
38.625	43.25	1.00000000031041	0.799999998740693	1.4073455249107e-09	49.3623418872813	1.00000000024832
38.775	43.25	1.00000000034602	0.799999998733669	1.40996077854545e-09	49.2423418874349	1.00000000027682
38.925	43.25	1.00000000007388	0.799999998721736	1.41250905130456e-09	49.1223418875948	1.00000000005911
39.075	43.25	0.99999999921204	0.799999998771147	1.41498239058311e-09	49.0023418878042	0.999999999369632
39.225	43.25	0.999999997861593	0.799999998990725	1.41740730144134e-09	48.8823418881148	0.999999998289275
39.375	43.25	0.99999999718717	0.799999999441887	1.4197448951982e-09	48.7623418885176	0.999999997749736
39.525	43.25	0.999999999800281	0.799999999931051	1.42202800871893e-09	48.6423418888223	0.999999999840225
39.675	43.25	1.00000000854992	0.799999999779683	1.4242598302655e-09	48.5223418885766	1.00000000683993
39.825	43.25	1.00000002228112	0.799999997905037	1.42641156613118e-09	48.4023418872468	1.0000000178249
39.975	43.25	1.00000002906866	0.799999993743573	1.42852437844797e-09	48.2823418849271	1.00000002325493
40.125	43.25	1.00000000269437	0.799999989279969	1.43055468522608e-09	48.1623418835426	1.0000000021555
40.275	43.25	0.999999915051616	0.799999991191078	1.43255327711346e-09	48.0423418876258	0.999999932041293
40.425	43.25	0.99999977787522	0.800000009862208	1.43447435022065e-09	47.9223419024954	0.999999822300176
40.575	43.25	0.999999707649968	0.800000050398484	1.43635884705633e-09	47.8023419273152	0.999999766119975
40.725	43.25	0.999999957517797	0.800000093611406	1.43816849154013e-09	47.6823419435071	0.999999966014237
40.875	43.25	1.00000079734945	0.800000076815697	1.43993158903919e-09	47.5623419073883	1.00000063787956
41.025	43.25	1.00000212196185	0.799999904297141	1.44164729146272e-09	47.4423417673713	1.00000169756948
41.175	43.25	1.00000285290253	0.799999530165391	1.44330926413825e-09	47.3223415286826	1.00000228232202
41.325	43.25	1.00000065163093	0.799999127912138	1.44491379952929e-09	47.2023413605647	1.00000052130474
41.475	43.25	0.99999300385797	0.799999255468002	1.44647326549887e-09	47.0823416651959	0.999994403086376
41.625	43.25	0.999980706637776	0.800000756074281	1.44799396621981e-09	46.9623429271823	0.999984565310221
41.775	43.25	0.999973138464119	0.800004040700869	1.44945636597135e-09	46.8423451427027	0.999978510771295
41.925	43.25	0.99999082752092	0.800007657618325	1.45083893934771e-09	46.722346872413	0.999992662016736
42.075	43.25	1.0000563795365	0.800006936240884	1.45212758783642e-09	46.6023446065501	1.0000451036292
42.225	43.25	1.00016528886126	0.799994824117959	1.45330586361039e-09	46.4823339665759	1.00013223108901
42.375	43.25	1.00024184955228	0.799967674192216	1.45449003406711e-09	46.3623144240587	1.00019347964182
42.525	43.25	1.00011633628368	0.799936550472274	1.45584078507167e-09	46.2422972310805	1.00009306902695
42.675	43.25	0.999594226904123	0.799937860673004	1.45762571089714e-09	46.1223111241221	0.999675381523298
42.825	43.25	0.99868392630336	0.800027372468344	1.45982129748899e-09	46.0023937752616	0.998947141042688
42.975	43.25	0.997944673226031	0.800237006853315	1.46176564871487e-09	45.8825556071772	0.998355738580825
43.125	43.25	0.998684258980314	0.800490005493867	1.46195229486873e-09	45.7627174128566	0.998947407184251
43.275	43.25	1.00248296175524	0.800522975172149	1.45850825998416e-09	45.6426613825377	1.00198636940419
43.425	43.25	1.00955927622355	0.799934825606093	1.45124132829061e-09	45.5220834800014	1.00764742097884
43.575	43.25	1.01623380734749	0.798479881647676	1.44446272516789e-09	45.4008457033458	1.01298704587799
43.725	43.25	1.01328677096974	0.796573391878006	1.44865225471775e-09	45.2794285470504	1.01062941677579
43.875	43.25	0.988680897764753	0.795833250678594	1.47823389603476e-09	45.15933355261	0.990944718211802
44.025	43.25	0.938367896726837	0.79935100736087	1.5417023671189e-09	45.0428405201493	0.95069431738147
44.175	43.25	0.884673133604418	0.810192428760744	1.61560039020852e-09	44.9313520145226	0.907738506883534
44.325	43.25	0.889127901657859	0.824441952953437	1.61014523227533e-09	44.8222076604778	0.911302321326287
44.475	43.25	1.03257195114759	0.826489829216256	1.43059882042996e-09	44.7059572548651	1.02605756091807
44.625	43.25	1.34924434132988	0.808622133182864	1.14745397194986e-09	44.567799818991	1.2793954730639
44.775	43.25	1.76408811731977	0.709537047688338	9.1103885219699e-10	44.3955930058811	1.61127049385581
44.925	43.25	2.11154506538386	0.834636814373382	7.76916085743556e-10	44.2248229862197	1.88923605230709
0.075	43.75	3.47473592428108e-16	0.399999999942211	-4.02496685538557e-09	65.3895334083527	0.2
0.225	43.75	1.09796499077736e-15	0.799999999826187	-4.02371471549599e-09	65.3655334083562	0.200000000000001
0.375	43.75	2.54818928724838e-15	0.799999999710554	-4.02110408067737e-09	65.3415334083631	0.200000000000002
0.525	43.75	4.61626582265759e-15	0.799999999594553	-4.01734567136157e-09	65.3175334083735	0.200000000000004
0.675	43.75	7.1488169798168e-15	0.799999999479695	-4.01214480543818e-09	65.2935334083874	0.200000000000006
0.825	43.75	9.93588428399035e-15	0.799999999363839	-4.00554808214015e-09	65.2695334084048	0.200000000000008
0.975	43.75	1.27379704032086e-14	0.799999999248985	-3.99796698477394e-09	65.2455334084256	0.20000000000001
1.125	43.75	1.52997074375457e-14	0.799999999134005	-3.98891236112109e-09	65.2215334084498	0.200000000000012
1.275	43.75	1.73403388527081e-14	0.799999999019342	-3.97868366601961e-09	65.1975334084775	0.200000000000014
1.425	43.75	1.85241247699037e-14	0.799999998905122	-3.96710426909246e-09	65.1735334085087	0.200000000000015
1.575	43.75	1.84215048659979e-14	0.799999998791281	-3.95431546481296e-09	65.1495334085432	0.200000000000015
1.725	43.75	1.64738684947206e-14	0.799999998677756	-3.94034331242179e-09	65.1255334085812	0.200000000000013
1.875	43.75	1.19727217663759e-14	0.799999998564945	-3.92489991668592e-09	65.1015334086225	0.20000000000001
2.025	43.75	4.0604719148186e-15	0.799999998452204	-3.90832801388991e-09	65.0775334086673	0.200000000000003
2.175	43.75	-8.24291948052772e-15	0.799999998340167	-3.89068456213608e-09	65.0535334087154	0.199999999999993
2.325	43.75	-2.59845090708523e-14	0.799999998228645	-3.87165383670974e-09	65.0295334087669	0.199999999999979
2.475	43.75	-5.01910920985173e-14	0.799999998117853	-3.85145966494318e-09	65.0055334088217	0.19999999999996
2.625	43.75	-8.1746021583255e-14	0.799999998007994	-3.82997897433496e-09	64.9815334088798	0.199999999999935
2.775	43.75	-1.21225242722635e-13	0.799999997897854	-3.80732163358683e-09	64.9575334089412	0.199999999999903
2.925	43.75	-1.68687693009286e-13	0.799999997789247	-3.78348370252441e-09	64.9335334090059	0.199999999999865
3.075	43.75	-2.23416649262001e-13	0.799999997681473	-3.75852269691568e-09	64.9095334090739	0.199999999999821
3.225	43.75	-2.83611671935947e-13	0.799999997573797	-3.73221028007394e-09	64.8855334091451	0.199999999999773
3.375	43.75	-3.4603569022741e-13	0.799999997467133	-3.70504552596232e-09	64.8615334092195	0.199999999999723
3.525	43.75	-4.05628545075826e-13	0.799999997361667	-3.67644725577419e-09	64.8375334092972	0.199999999999676
3.675	43.75	-4.55107087534883e-13	0.79999999725686	-3.64683244407739e-09	64.8135334093779	0.199999999999636
3.825	43.75	-4.84582706256208e-13	0.799999997152916	-3.61631837954315e-09	64.7895334094618	0.199999999999612
3.975	43.75	-4.8123993604221e-13	0.799999997050342	-3.58436186291613e-09	64.7655334095488	0.199999999999615
4.125	43.75	-4.2913429937463e-13	0.799999996948038	-3.55143843331702e-09	64.7415334096389	0.199999999999657
4.275	43.75	-3.0918336397785e-13	0.799999996847246	-3.51742464424055e-09	64.717533409732	0.199999999999753
4.425	43.75	-9.94413050650244e-14	0.799999996747273	-3.48244324548684e-09	64.6935334098281	0.19999999999992
4.575	43.75	2.24237047644856e-13	0.799999996648682	-3.44627119124243e-09	64.6695334099272	0.200000000000179
4.725	43.75	6.87023335786775e-13	0.799999996550807	-3.40918707943634e-09	64.6455334100292	0.20000000000055
4.875	43.75	1.31330562377233e-12	0.799999996454309	-3.371101462223e-09	64.621533410134	0.200000000001051
5.025	43.75	2.12411093823151e-12	0.799999996358998	-3.33184669327877e-09	64.5975334102417	0.200000000001699
5.175	43.75	3.13363844483344e-12	0.79999999626499	-3.29187515380044e-09	64.5735334103521	0.200000000002507
5.325	43.75	4.34480354420361e-12	0.799999996171973	-3.25076360836581e-09	64.5495334104652	0.200000000003476
5.475	43.75	5.74373323775847e-12	0.799999996079991	-3.20871971559056e-09	64.5255334105809	0.200000000004595
5.625	43.75	7.29321536838724e-12	0.79999999598953	-3.16577875474738e-09	64.5015334106993	0.200000000005835
5.775	43.75	8.92519279037849e-12	0.799999995900396	-3.12200202610413e-09	64.4775334108202	0.20000000000714
5.925	43.75	1.05325120550387e-11	0.799999995812444	-3.07729148642242e-09	64.4535334109435	0.200000000008426
6.075	43.75	1.1960287527373e-11	0.799999995725897	-3.03168495310029e-09	64.4295334110694	0.200000000009568
6.225	43.75	1.29974275799504e-11	0.799999995640859	-2.98528821696566e-09	64.4055334111977	0.200000000010398
6.375	43.75	1.33690888235695e-11	0.799999995556683	-2.93797148987429e-09	64.3815334113284	0.200000000010695
6.525	43.75	1.27310739168824e-11	0.799999995474438	-2.88991803277251e-09	64.3575334114617	0.200000000010185
6.675	43.75	1.06674610136505e-11	0.799999995393062	-2.84117669108219e-09	64.3335334115975	0.200000000008534
6.825	43.75	6.69303689562415e-12	0.799999995313563	-2.7914255071012e-09	64.3095334117361	0.200000000005354
6.975	43.75	2.62384123683341e-13	0.799999995235031	-2.74115466602116e-09	64.2855334118775	0.20000000000021
7.125	43.75	-9.21227769836203e-12	0.799999995158867	-2.69003200954047e-09	64.2615334120219	0.19999999999263
7.275	43.75	-2.23322050550445e-11	0.799999995083524	-2.63824674622912e-09	64.2375334121697	0.199999999982134
7.425	43.75	-3.96698097832176e-11	0.79999999500985	-2.58579459906803e-09	64.2135334123212	0.199999999968264
7.575	43.75	-6.17105575226698e-11	0.79999999493804	-2.53265079753543e-09	64.1895334124767	0.199999999950632
7.725	43.75	-8.8776966882685e-11	0.799999994868319	-2.47892052123192e-09	64.1655334126367	0.199999999928978
7.875	43.75	-1.20933060835277e-10	0.799999994800218	-2.42465821753424e-09	64.1415334128017	0.199999999903254
8.025	43.75	-1.57868389891778e-10	0.799999994734192	-2.36981797425179e-09	64.117533412972	0.199999999873705
8.175	43.75	-1.98761869533394e-10	0.799999994670418	-2.31407366780229e-09	64.0935334131479	0.199999999840991
8.325	43.75	-2.42127204238034e-10	0.799999994608903	-2.2581309882828e-09	64.0695334133299	0.199999999806298
8.475	43.75	-2.85643650680747e-10	0.799999994549939	-2.20152874243097e-09	64.0455334135179	0.199999999771485
8.625	43.75	-3.25978331022383e-10	0.799999994493703	-2.14448190826986e-09	64.0215334137117	0.199999999739217
8.775	43.75	-3.58609249714785e-10	0.799999994440072	-2.08705185787266e-09	63.9975334139109	0.199999999713113
8.925	43.75	-3.7766156974271e-10	0.799999994389357	-2.02905531808892e-09	63.9735334141142	0.199999999697871
9.075	43.75	-3.7577350478702e-10	0.799999994341951	-1.97057783261382e-09	63.94953341432	0.199999999699381
9.225	43.75	-3.44012273747544e-10	0.799999994297196	-1.91181240086893e-09	63.9255334145258	0.19999999972479
9.375	43.75	-2.71864780510177e-10	0.799999994255616	-1.8525974982409e-09	63.9015334147282	0.199999999782508
9.525	43.75	-1.47331800243183e-10	0.799999994216532	-1.79307854595705e-09	63.8775334149227	0.199999999882135
9.675	43.75	4.28418173456767e-11	0.799999994180398	-1.73322550056955e-09	63.8535334151035	0.200000000034273
9.825	43.75	3.12765438120937e-10	0.799999994145836	-1.67305570317744e-09	63.8295334152636	0.200000000250212
9.975	43.75	6.76792137388112e-10	0.799999994112582	-1.61260484422891e-09	63.8055334153947	0.200000000541434
10.125	43.75	1.14866197991626e-09	0.799999994079972	-1.55187564291287e-09	63.7815334154869	0.20000000091893
10.275	43.75	1.74036375811423e-09	0.799999994046331	-1.49089236417809e-09	63.7575334155294	0.200000001392291
10.425	43.75	2.46068474896376e-09	0.799999994010673	-1.42980736205955e-09	63.73353341551	0.200000001968548
10.575	43.75	3.31342633175002e-09	0.799999993971036	-1.36846634940833e-09	63.7095334154163	0.200000002650741
10.725	43.75	4.29527555787494e-09	0.79999999392578	-1.30693521605716e-09	63.6855334152356	0.20000000343622
10.875	43.75	5.3933394989049e-09	0.799999993872304	-1.24520530583472e-09	63.661533414956	0.200000004314672
11.025	43.75	6.58237083512605e-09	0.79999999380845	-1.18345029962678e-09	63.6375334145677	0.200000005265897
11.175	43.75	7.82173994577812e-09	0.799999993731245	-1.12163372340717e-09	63.6135334140637	0.200000006257392
11.325	43.75	9.05224077705756e-09	0.799999993638781	-1.0597184391611e-09	63.589533413442	0.200000007241793
11.475	43.75	1.01928547806078e-08	0.799999993528027	-9.97701504586648e-10	63.5655334127074	0.200000008154284
11.625	43.75	1.11376386987691e-08	0.799999993397024	-9.35734796118131e-10	63.5415334118733	0.200000008910111
11.775	43.75	1.17529470142265e-08	0.799999993243846	-8.73721893934287e-10	63.5175334109651	0.200000009402358
11.925	43.75	1.18752471630199e-08	0.799999993067527	-8.11756950170217e-10	63.4935334100221	0.200000009500198
12.075	43.75	1.13098333764169e-08	0.799999992868282	-7.49884486693563e-10	63.469533409101	0.200000009047867
12.225	43.75	9.83079108573671e-09	0.79999999264698	-6.88031105695056e-10	63.4455334082786	0.200000007864633
12.375	43.75	7.18260560873704e-09	0.799999992406786	-6.26181032721619e-10	63.4215334076547	0.200000005746085
12.525	43.75	3.08384343039848e-09	0.799999992152751	-5.6460291353587e-10	63.3975334073551	0.200000002467075
12.675	43.75	-2.76664131784259e-09	0.79999999189168	-5.03108026072859e-10	63.3735334075334	0.199999997786687
12.825	43.75	-1.06805117119093e-08	0.799999991634653	-4.4170221381269e-10	63.3495334083728	0.199999991455591
12.975	43.75	-2.09673062074311e-08	0.799999991394281	-3.80525342102632e-10	63.325533410086	0.199999983226155
13.125	43.75	-3.39179161948468e-08	0.799999991186993	-3.19589555976345e-10	63.3015334129149	0.199999972865667
13.275	43.75	-4.97837930024592e-08	0.799999991033223	-2.58764715381685e-10	63.277533417127	0.199999960172966
13.425	43.75	-6.87515580555418e-08	0.7999999909577	-1.98227660909707e-10	63.2535334230113	0.199999944998754
13.575	43.75	-9.09127706529844e-08	0.799999990987966	-1.38096856882433e-10	63.2295334308699	0.199999927269783
13.725	43.75	-1.16228700033202e-07	0.799999991156418	-7.8126669104922e-11	63.2055334410073	0.19999990701704
13.875	43.75	-1.44490042257605e-07	0.799999991499122	-1.84762091852681e-11	63.1815334537164	0.199999884407966
14.025	43.75	-1.75271602652638e-07	0.799999992056941	4.07827858379139e-11	63.1575334692594	0.199999859782718
14.175	43.75	-2.07882008751678e-07	0.799999992873313	9.9865417895964e-11	63.1335334878451	0.199999833694393
14.325	43.75	-2.41308495362251e-07	0.799999993996632	1.58465739888387e-10	63.1095335096004	0.199999806953204
14.475	43.75	-2.74156669352607e-07	0.799999995479807	2.1656940965404e-10	63.0855335345366	0.199999780674665
14.625	43.75	-3.04584858757386e-07	0.799999997379697	2.7447777493587e-10	63.0615335625097	0.199999756332113
14.775	43.75	-3.30232101228705e-07	0.799999999761018	3.3184061319966e-10	63.0375335931741	0.199999735814319
14.925	43.75	-3.4813792797216e-07	0.800000002697136	3.88695151029019e-10	63.0135336259286	0.199999721489658
15.075	43.75	-3.54650715672205e-07	0.800000006274078	4.45198369054566e-10	62.9895336598548	0.199999716279427
15.225	43.75	-3.45319332288165e-07	0.800000010599145	5.0122365445746e-10	62.9655336936451	0.199999723744534
15.375	43.75	-3.14759858511887e-07	0.800000015808444	5.5672419053697e-10	62.9415337255201	0.199999748192113
15.525	43.75	-2.5648501645662e-07	0.800000022082829	6.11722378895548e-10	62.9175337531305	0.199999794811987
15.675	43.75	-1.62678173562921e-07	0.800000029668182	6.66147735820269e-10	62.8935337734403	0.199999869857461
15.825	43.75	-2.38858733757669e-08	0.800000038905067	7.20040623802636e-10	62.8695337825846	0.199999980891301
15.975	43.75	1.71407942839137e-07	0.800000050270322	7.73436998430599e-10	62.845533775692	0.200000137126354
16.125	43.75	4.37377481828519e-07	0.800000064432618	8.26176376852369e-10	62.8215337466581	0.200000349901985
16.275	43.75	7.91691621928227e-07	0.800000082332202	8.78259575565355e-10	62.7975336878496	0.200000633353298
16.425	43.75	1.25668924843994e-06	0.800000105287454	9.29785675752281e-10	62.7735335897133	0.200001005351399
16.575	43.75	1.86102705394921e-06	0.800000135139999	9.80712830517481e-10	62.749533440248	0.200001488821643
16.725	43.75	2.64198155016761e-06	0.800000174451104	1.03097934977922e-09	62.7255332242877	0.20000211358524
16.875	43.75	3.64865147148204e-06	0.800000226769203	1.08044303325605e-09	62.7015329225204	0.200002918921177
17.025	43.75	4.94639295125011e-06	0.800000296985989	1.12946118607586e-09	62.6775325101402	0.200003957114361
17.175	43.75	6.62293524873452e-06	0.800000391820088	1.1776695500954e-09	62.6535319549934	0.200005298348199
17.325	43.75	8.79677985390552e-06	0.800000520465737	1.22512618776389e-09	62.6295312150268	0.200007037423883
17.475	43.75	1.16286953587454e-05	0.800000695470894	1.27199564544828e-09	62.6055302347826	0.200009302956287
17.625	43.75	1.53374051714407e-05	0.800000933921777	1.31801860086097e-09	62.5815289405872	0.200012269924137
17.775	43.75	2.02209519346349e-05	0.800001259047275	1.36337425848757e-09	62.5575272339621	0.200016176761548
17.925	43.75	2.66857440026042e-05	0.800001702374078	1.40789517050177e-09	62.5335249826154	0.200021348595202
18.075	43.75	3.52859826304619e-05	0.800002306606162	1.45168057494313e-09	62.5095220081459	0.200028228786104
18.225	43.75	4.67770775989265e-05	0.80000312945376	1.49464333394871e-09	62.4855180692909	0.200037421662079
18.375	43.75	6.21878481038556e-05	0.800004248718216	1.53686702785731e-09	62.4615128391446	0.200049750278483
18.525	43.75	8.29178911860215e-05	0.800005769122519	1.57816444292013e-09	62.4375058742375	0.200066334312949
18.675	43.75	0.000110868697329692	0.800007831638386	1.61864952711543e-09	62.4134965726474	0.200088694957864
18.825	43.75	0.000148620253198964	0.800010626426594	1.65822985040874e-09	62.3894841173409	0.200118896202559
18.975	43.75	0.000199669451767157	0.800014410805932	1.69681828138367e-09	62.3654673995941	0.200159735561414
19.125	43.75	0.000268753038772685	0.800019533704678	1.73449575013422e-09	62.3414449154673	0.200215002431018
19.275	43.75	0.000362286150166854	0.800026467624321	1.77111973230606e-09	62.3174146257285	0.200289828920133
19.425	43.75	0.00048895729452644	0.800035848444396	1.80659787159825e-09	62.2933737661676	0.200391165835621
19.575	43.75	0.000660531175051776	0.800048523315234	1.84081897877205e-09	62.2693185908145	0.200528424940041
19.725	43.75	0.000892922189521071	0.800065609171549	1.87377096041593e-09	62.2452440250908	0.200714337751617
19.875	43.75	0.0012076170997043	0.800088570830859	1.90507803180248e-09	62.2211431991436	0.200966093679763
20.025	43.75	0.00163355408520701	0.800119338061068	1.93452010782617e-09	62.1970068226875	0.201306843268166
20.175	43.75	0.00220962174823537	0.800160490445261	1.96184656744632e-09	62.1728223496888	0.201767697398588
20.325	43.75	0.00298804030950394	0.800215535614602	1.98656091017208e-09	62.1485728607756	0.202390432247603
20.475	43.75	0.00403902958431584	0.80028927418227	2.00808456678354e-09	62.1242355592455	0.203231223667453
20.625	43.75	0.00545732363518964	0.800388171360813	2.02562705088015e-09	62.0997797302316	0.204365858908152
20.775	43.75	0.00737118393473493	0.800520547092152	2.03809686849443e-09	62.0751639544155	0.205896947147788
20.925	43.75	0.00995447739139645	0.800696290299227	2.04410192523377e-09	62.050332309199	0.207963581913117
21.075	43.75	0.013442011945448	0.800925762364678	2.04215988074755e-09	62.0252092538489	0.210753609556358
21.225	43.75	0.0181476175199933	0.801217643123324	2.02997736065079e-09	61.9996929105775	0.214518094015995
21.375	43.75	0.0244834934259434	0.801575709044658	2.00547709412605e-09	61.9736465493405	0.219586794740755
21.525	43.75	0.0329782628198027	0.801994872193047	1.96604017688296e-09	61.9468882783701	0.226382610255842
21.675	43.75	0.0442900720271392	0.802457174330966	1.90965507758935e-09	61.9191792415668	0.235432057621711
21.825	43.75	0.0592098316580774	0.802928786200588	1.83503777804517e-09	61.8902110352583	0.247367865326462
21.975	43.75	0.0786480163043375	0.803359399371547	1.74243517393702e-09	61.8595936076114	0.26291841304347
22.125	43.75	0.103596190227732	0.803685582383507	1.63382202589432e-09	61.8268456417424	0.282876952182185
22.275	43.75	0.135052302452843	0.803839327444123	1.51318889262621e-09	61.7913903691941	0.308041841962275
22.425	43.75	0.173898993193157	0.803761743479559	1.38604986280616e-09	61.7525607976222	0.339119194554526
22.575	43.75	0.220730584491179	0.803419695008995	1.25858001925356e-09	61.7096190586754	0.376584467592943
22.725	43.75	0.27564152629721	0.802820791798831	1.1368114833842e-09	61.6617941841926	0.420513221037768
22.875	43.75	0.338017855779923	0.802020579861064	1.02548381599297e-09	61.6083400315528	0.470414284623939
23.025	43.75	0.406404722818747	0.801116452640565	9.27743735727606e-10	61.5486096029939	0.525123778254998
23.175	43.75	0.478534571685908	0.800226930653996	8.45158609129793e-10	61.4821344420229	0.582827657348726
23.325	43.75	0.551566086161567	0.799461973104115	7.77816068121116e-10	61.4086912867917	0.641252868929254
23.475	43.75	0.622501307380994	0.798895931742837	7.24813474961534e-10	61.3283372568671	0.698001045904795
23.625	43.75	0.688659257372103	0.798554411872913	6.84609239120673e-10	61.2414022280141	0.750927405897683
23.775	43.75	0.748051809749105	0.798418745449278	6.55411880396181e-10	61.1484403389743	0.798441447799284
23.925	43.75	0.79955778076562	0.798442570508612	6.35428941300989e-10	61.0501550422941	0.839646224612496
24.075	43.75	0.842886470071339	0.798570851248663	6.22984480838763e-10	60.9473175520051	0.874309176057071
24.225	43.75	0.878398155774441	0.798753962847837	6.16537656777001e-10	60.8406956954006	0.902718524619553
24.375	43.75	0.90687210022048	0.798954493614431	6.14874241368169e-10	60.7310025523423	0.925497680176384
24.525	43.75	0.929292197986612	0.799148197007743	6.16936556727352e-10	60.6188665362786	0.94343375838929
24.675	43.75	0.946685093944346	0.799321773339838	6.21878326643777e-10	60.5048195362384	0.957348075155476
24.825	43.75	0.960016774536773	0.799469692767343	6.28994487522166e-10	60.3892977879376	0.968013419629418
24.975	43.75	0.970138072998201	0.799591293441142	6.37775320497902e-10	60.2726503188826	0.976110458398561
25.125	43.75	0.977764769173681	0.799688597530847	6.47756737328606e-10	60.1551509607459	0.982211815338945
25.275	43.75	0.983479107240499	0.799764852414652	6.58624087506053e-10	60.0370112421567	0.986783285792399
25.425	43.75	0.987742791085851	0.799823641126144	6.70115233950939e-10	59.9183925840678	0.99019423286868
25.575	43.75	0.990914817850065	0.799868387044209	6.82067270911211e-10	59.7994170151301	0.992731854280052
25.725	43.75	0.993270126777919	0.799902111941955	6.94260138924266e-10	59.6801761359527	0.994616101422335
25.875	43.75	0.995016874795131	0.799927348327595	7.06644719847204e-10	59.5607383591004	0.996013499836105
26.025	43.75	0.996311339954502	0.799946140581965	7.19081126213969e-10	59.441154604606	0.997049071963602
26.175	43.75	0.997270176118445	0.799960092708842	7.31547042404276e-10	59.3214626919739	0.997816140894756
26.325	43.75	0.997980145938754	0.799970436018167	7.43973113027339e-10	59.201690676833	0.998384116751003
26.475	43.75	0.998505654702656	0.79997810046672	7.56337956083414e-10	59.0818593588167	0.998804523762125
26.625	43.75	0.998894473354724	0.799983780506383	7.68576628741481e-10	58.961984153136	0.99911557868378
26.775	43.75	0.999182029806051	0.799987991148968	7.80706097417872e-10	58.8420764814772	0.999345623844841
26.925	43.75	0.999394600868461	0.799991113101693	7.92721632131604e-10	58.722144803711	0.999515680694768
27.075	43.75	0.999551676929939	0.799993427663102	8.04558955396685e-10	58.6021953828887	0.999641341543951
27.225	43.75	0.999667711986721	0.799995142944796	8.16269670800733e-10	58.4822328527344	0.999734169589376
27.375	43.75	0.999753419908162	0.799996413218839	8.27794921797034e-10	58.3622606389165	0.99980273592653
27.525	43.75	0.999816736206922	0.799997353062687	8.39172158114615e-10	58.2422812719341	0.999853388965538
27.675	43.75	0.999863532816277	0.799998047682675	8.5040833951841e-10	58.1222966195296	0.999890826253021
27.825	43.75	0.999898149900052	0.799998560474707	8.61442607546768e-10	58.0023080592647	0.999918519920041
27.975	43.75	0.999923791678088	0.799998938596076	8.72303951032035e-10	57.8823166065712	0.99993903334247
28.125	43.75	0.999942820940852	0.799999217097533	8.83030430189852e-10	57.7623230096643	0.999954256752682
28.275	43.75	0.999956977996896	0.799999422002773	8.93553637829641e-10	57.6423278198105	0.999965582397517
28.425	43.75	0.99996754325583	0.799999572609818	9.03944252146653e-10	57.5223314432821	0.999974034604664
28.575	43.75	0.999975457806029	0.799999683212198	9.14141960019593e-10	57.4023341797191	0.999980366244823
28.725	43.75	0.999981412728946	0.799999764384119	9.24199161186378e-10	57.2823362504178	0.999985130183157
28.875	43.75	0.999985915176904	0.799999823938961	9.34081592909141e-10	57.1623378191589	0.999988732141524
29.025	43.75	0.999989337201668	0.799999867643107	9.43779081007663e-10	57.0423390075216	0.999991469761335
29.175	43.75	0.999991951790863	0.799999899745997	9.53335580994105e-10	56.9223399061229	0.99999356143269
29.325	43.75	0.999993959424978	0.79999992337365	9.62728167029964e-10	56.8023405828537	0.999995167539982
29.475	43.75	0.999995507614455	0.799999940821026	9.71955531060718e-10	56.6823410889011	0.999996406091564
29.625	43.75	0.999996705242205	0.799999953768527	9.81023478014019e-10	56.5623414631454	0.999997364193764
29.775	43.75	0.999997633065903	0.799999963442909	9.89929110702609e-10	56.442341735364	0.999998106452722
29.925	43.75	0.999998351385319	0.799999970736731	9.98703805236026e-10	56.3223419285639	0.999998681108255
30.075	43.75	0.999998905620695	0.799999976296903	1.00731039324166e-09	56.202342060677	0.999999124496556
30.225	43.75	0.999999330355748	0.799999980590338	1.01576771126429e-09	56.0823421457956	0.999999464284598
30.375	43.75	0.999999652256017	0.799999983952726	1.02406250285872e-09	55.9623421950716	0.999999721804814
30.525	43.75	0.99999989216663	0.799999986624323	1.03222322175985e-09	55.8423422173767	0.999999913733304
30.675	43.75	1.00000006661445	0.799999988776791	1.04023315872317e-09	55.7223422197884	1.00000005329156
30.825	43.75	1.00000018888046	0.799999990532404	1.04808422981583e-09	55.6023422079537	1.00000015110436
30.975	43.75	1.00000026976431	0.799999991978545	1.05581717653632e-09	55.4823421863636	1.00000021581145
31.125	43.75	1.00000031813025	0.7999999931779	1.06338989262122e-09	55.3623421585654	1.0000002545042
31.275	43.75	1.00000034129914	0.799999994176028	1.07082019557604e-09	55.2423421273292	1.00000027303931
31.425	43.75	1.00000034533335	0.799999995006781	1.07811213302399e-09	55.1223420947831	1.00000027626668
31.575	43.75	1.00000033524794	0.799999995695847	1.08525875623806e-09	55.0023420625232	1.00000026819835
31.725	43.75	1.00000031517154	0.799999996263583	1.09228604213228e-09	54.8823420317068	1.00000025213723
31.875	43.75	1.00000028847335	0.799999996726627	1.09917394315139e-09	54.7623420031312	1.00000023077868
32.025	43.75	1.00000025786737	0.799999997099142	1.10593930802413e-09	54.6423419773019	1.0000002062939
32.175	43.75	1.00000022550095	0.799999997393646	1.11257527719776e-09	54.5223419544909	1.00000018040076
32.325	43.75	1.00000019303282	0.799999997621227	1.11906467967747e-09	54.4023419347876	1.00000015442625
32.475	43.75	1.00000016170284	0.799999997792158	1.12543854032704e-09	54.2823419181423	1.00000012936227
32.625	43.75	1.00000013239565	0.799999997915653	1.13168574762612e-09	54.1623419044031	1.00000010591652
32.775	43.75	1.00000010569877	0.799999998000185	1.13780092431031e-09	54.0423418933476	1.00000008455901
32.925	43.75	1.00000008195548	0.799999998053487	1.14379894333421e-09	53.9223418847089	1.00000006556438
33.075	43.75	1.0000000613128	0.799999998082339	1.14968306768686e-09	53.8023418781961	1.00000004905024
33.225	43.75	1.00000004376435	0.799999998092866	1.15543960851807e-09	53.6823418735121	1.00000003501148
33.375	43.75	1.00000002918824	0.799999998090253	1.16108390470026e-09	53.5623418703655	1.00000002335059
33.525	43.75	1.00000001737989	0.799999998078994	1.16661053330737e-09	53.4423418684809	1.00000001390391
33.675	43.75	1.00000000808002	0.799999998062825	1.1720338599143e-09	53.3223418676049	1.00000000646401
33.825	43.75	1.00000000099791	0.799999998044779	1.17733260129442e-09	53.2023418675107	1.00000000079833
33.975	43.75	0.999999995830303	0.799999998027199	1.18253220415589e-09	53.0823418679999	0.999999996664242
34.125	43.75	0.999999992276157	0.799999998011881	1.18761168069299e-09	52.9623418689031	0.999999993820926
34.275	43.75	0.999999990047885	0.799999998000045	1.19258226412887e-09	52.8423418700793	0.999999992038308
34.425	43.75	0.999999988879265	0.799999997992591	1.19745980036474e-09	52.7223418714139	0.999999991103412
34.575	43.75	0.99999998853063	0.799999997989915	1.20222494404483e-09	52.6023418728167	0.999999990824504
34.725	43.75	0.999999988791731	0.79999999799226	1.20689658045346e-09	52.4823418742191	0.999999991033385
34.875	43.75	0.999999989482793	0.799999997999446	1.21145544824663e-09	52.3623418755711	0.999999991586234
35.025	43.75	0.999999990453991	0.799999998011311	1.21591722836067e-09	52.2423418768386	0.999999992363193
35.175	43.75	0.999999991583933	0.799999998027393	1.22029915213621e-09	52.1223418780005	0.999999993267147
35.325	43.75	0.999999992777315	0.799999998047296	1.22456083873711e-09	52.0023418790463	0.999999994221852
35.475	43.75	0.999999993962074	0.799999998070496	1.22874536489206e-09	51.8823418799731	0.999999995169659
35.625	43.75	0.999999995086349	0.799999998096567	1.23283058248153e-09	51.7623418807844	0.999999996069079
35.775	43.75	0.999999996115352	0.799999998124925	1.23683017324376e-09	51.6423418814876	0.999999996892281
35.925	43.75	0.999999997028288	0.799999998155141	1.24072974206193e-09	51.5223418820928	0.99999999762263
36.075	43.75	0.999999997815459	0.799999998186817	1.24455631322339e-09	51.4023418826116	0.999999998252367
36.225	43.75	0.999999998475756	0.799999998219534	1.24828559980204e-09	51.2823418830562	0.999999998780605
36.375	43.75	0.999999999014289	0.799999998253008	1.25193184655247e-09	51.1623418834384	0.999999999211431
36.525	43.75	0.999999999440461	0.799999998287005	1.25549232925303e-09	51.0423418837696	0.999999999552369
36.675	43.75	0.999999999766336	0.799999998321302	1.25897679475775e-09	50.9223418840598	0.999999999813069
36.825	43.75	1.00000000000536	0.799999998355711	1.26237213498537e-09	50.802341884318	1.00000000000429
36.975	43.75	1.00000000017137	0.799999998390116	1.26568978620911e-09	50.682341884552	1.0000000001371
37.125	43.75	1.00000000027794	0.799999998424492	1.26892354393145e-09	50.5623418847681	1.00000000022235
37.275	43.75	1.00000000033772	0.799999998458627	1.27208601076263e-09	50.4423418849713	1.00000000027018
37.425	43.75	1.00000000036185	0.79999999849251	1.27518313250168e-09	50.3223418851657	1.00000000028948
37.575	43.75	1.00000000035916	0.799999998525953	1.27819924331904e-09	50.2023418853541	1.00000000028733
37.725	43.75	1.00000000033569	0.799999998559179	1.28113496764771e-09	50.082341885539	1.00000000026855
37.875	43.75	1.00000000029555	0.799999998592752	1.28399504448597e-09	49.9623418857219	1.00000000023644
38.025	43.75	1.00000000024455	0.799999998627637	1.28679602194903e-09	49.8423418859044	1.00000000019564
38.175	43.75	1.00000000019659	0.799999998664576	1.28952935217401e-09	49.7223418860867	1.00000000015727
38.325	43.75	1.00000000017808	0.799999998702015	1.29218939248682e-09	49.6023418862673	1.00000000014246
38.475	43.75	1.00000000021822	0.799999998733795	1.29478733390317e-09	49.4823418864419	1.00000000017458
38.625	43.75	1.0000000003104	0.799999998749301	1.2973208560458e-09	49.3623418866053	1.00000000024832
38.775	43.75	1.00000000034603	0.799999998742008	1.29978179152449e-09	49.2423418867576	1.00000000027682
38.925	43.75	1.00000000007387	0.799999998729878	1.3021777193321e-09	49.1223418869162	1.0000000000591
39.075	43.75	0.999999999212027	0.799999998779077	1.30450960066684e-09	49.0023418871244	0.999999999369622
39.225	43.75	0.999999997861583	0.799999998998489	1.30679025992629e-09	48.8823418874338	0.999999998289266
39.375	43.75	0.999999997187161	0.799999999449374	1.30900853371674e-09	48.7623418878355	0.999999997749729
39.525	43.75	0.999999999800277	0.799999999938403	1.31116178435309e-09	48.6423418881391	0.999999999840221
39.675	43.75	1.00000000854992	0.799999999786743	1.31325941510294e-09	48.5223418878923	1.00000000683993
39.825	43.75	1.00000002228112	0.799999997911937	1.31531011523215e-09	48.4023418865615	1.0000000178249
39.975	43.75	1.00000002906866	0.799999993750306	1.31727837844902e-09	48.2823418842408	1.00000002325493
40.125	43.75	1.00000000269437	0.79999998928656	1.31921750906164e-09	48.1623418828552	1.00000000215549
40.275	43.75	0.999999915051617	0.799999991197437	1.32108726890996e-09	48.0423418869375	0.999999932041294
40.425	43.75	0.999999777875219	0.800000009868362	1.32290651071976e-09	47.9223419018061	0.999999822300175
40.575	43.75	0.999999707649963	0.800000050404452	1.32468109327768e-09	47.802341926625	0.99999976611997
40.725	43.75	0.999999957517796	0.800000093617228	1.32638862750531e-09	47.682341942816	0.999999966014237
40.875	43.75	1.00000079734944	0.800000076821332	1.32805553179521e-09	47.5623419066964	1.00000063787955
41.025	43.75	1.00000212196185	0.79999990430262	1.32965760973598e-09	47.4423417666785	1.00000169756948
41.175	43.75	1.00000285290253	0.799999530170653	1.33121184587753e-09	47.322341527989	1.00000228232202
41.325	43.75	1.00000065163093	0.799999127917271	1.33273329726563e-09	47.2023413598704	1.00000052130475
41.475	43.75	0.999993003857975	0.799999255472951	1.33420683635577e-09	47.0823416645009	0.99999440308638
41.625	43.75	0.99998070663778	0.800000756079054	1.33563744102367e-09	46.9623429264865	0.999984565310224
41.775	43.75	0.999973138464124	0.800004040705514	1.3370081826647e-09	46.8423451420062	0.999978510771299
41.925	43.75	0.99999082752093	0.800007657622819	1.33833220519128e-09	46.7223468717158	0.999992662016744
42.075	43.75	1.0000563795365	0.800006936245164	1.33953336670418e-09	46.6023446058522	1.0000451036292
42.225	43.75	1.00016528886126	0.799994824122157	1.34064791800801e-09	46.4823339658774	1.00013223108901
42.375	43.75	1.00024184955227	0.799967674196254	1.34175373011648e-09	46.3623144233596	1.00019347964182
42.525	43.75	1.00011633628368	0.799936550476084	1.34302824217603e-09	46.2422972303808	1.00009306902694
42.675	43.75	0.999594226904127	0.799937860676761	1.34467715279429e-09	46.1223111234218	0.999675381523301
42.825	43.75	0.998683926303388	0.800027372471916	1.34673358304428e-09	46.0023937745608	0.998947141042711
42.975	43.75	0.997944673226078	0.800237006856703	1.34855160175609e-09	45.8825556064758	0.998355738580862
43.125	43.75	0.998684258980369	0.800490005497132	1.34872007783922e-09	45.7627174121547	0.998947407184296
43.275	43.75	1.00248296175525	0.800522975175273	1.34557018943877e-09	45.6426613818354	1.0019863694042
43.425	43.75	1.00955927622343	0.799934825609045	1.33888294737494e-09	45.5220834792986	1.00764742097875
43.575	43.75	1.01623380734725	0.798479881650549	1.33263394022942e-09	45.4008457026426	1.0129870458778
43.725	43.75	1.0132867709695	0.796573391880802	1.33649646112239e-09	45.2794285463468	1.0106294167756
43.875	43.75	0.988680897764843	0.795833250681174	1.36381628567313e-09	45.159333551906	0.990944718211874
44.025	43.75	0.93836789672752	0.799351007363281	1.42236645048813e-09	45.0428405194448	0.950694317382016
44.175	43.75	0.884673133605528	0.810192428762867	1.49055823779204e-09	44.9313520138178	0.907738506884423
44.325	43.75	0.889127901658449	0.824441952955348	1.48553817897006e-09	44.8222076597726	0.911302321326759
44.475	43.75	1.03257195114628	0.826489829218252	1.31988241454979e-09	44.7059572541596	1.02605756091702
44.625	43.75	1.34924434132606	0.808622133184902	1.05865603479034e-09	44.5677998182855	1.27939547306085
44.775	43.75	1.76408811731434	0.709537047689963	8.40543184225774e-10	44.3955930051756	1.61127049385147
44.925	43.75	2.11154506537806	0.834636814375081	7.16795569830548e-10	44.2248229855143	1.88923605230245
0.075	44.25	3.47473593455762e-16	0.399999999944125	-3.64571061055468e-09	65.3895334087359	0.2
0.225	44.25	1.09796498760789e-15	0.799999999832403	-3.64446985789934e-09	65.3655334087392	0.200000000000001
0.375	44.25	2.54818929262115e-15	0.799999999720762	-3.64218496746016e-09	65.3415334087459	0.200000000000002
0.525	44.25	4.61626581470752e-15	0.799999999608916	-3.63861035311721e-09	65.317533408756	0.200000000000004
0.675	44.25	7.14881699006699e-15	0.799999999497692	-3.63400205275557e-09	65.2935334087694	0.200000000000006
0.825	44.25	9.93588427058043e-15	0.7999999993866	-3.6282725065704e-09	65.2695334087861	0.200000000000008
0.975	44.25	1.27379704190329e-14	0.799999999275284	-3.62124438680302e-09	65.2455334088062	0.20000000000001
1.125	44.25	1.52997074179455e-14	0.799999999164435	-3.6132521951808e-09	65.2215334088296	0.200000000000012
1.275	44.25	1.73403388751086e-14	0.799999999053926	-3.60393193879558e-09	65.1975334088563	0.200000000000014
1.425	44.25	1.85241247433553e-14	0.799999998943671	-3.5935905607746e-09	65.1735334088864	0.200000000000015
1.575	44.25	1.84215048964978e-14	0.799999998833795	-3.58203480938617e-09	65.1495334089197	0.200000000000015
1.725	44.25	1.64738684605297e-14	0.799999998724171	-3.56926520556539e-09	65.1255334089563	0.200000000000013
1.875	44.25	1.19727218073266e-14	0.799999998615322	-3.55559657084253e-09	65.1015334089962	0.20000000000001
2.025	44.25	4.06047187250979e-15	0.7999999985063	-3.54081100016964e-09	65.0775334090394	0.200000000000003
2.175	44.25	-8.2429194256761e-15	0.799999998398486	-3.52468330692539e-09	65.0535334090859	0.199999999999993
2.325	44.25	-2.59845091214629e-14	0.799999998291004	-3.50750574814671e-09	65.0295334091355	0.199999999999979
2.475	44.25	-5.01910920252177e-14	0.799999998183596	-3.48930490949715e-09	65.0055334091884	0.19999999999996
2.625	44.25	-8.17460216422881e-14	0.799999998077669	-3.47004190317134e-09	64.9815334092445	0.199999999999935
2.775	44.25	-1.21225242625861e-13	0.799999997971529	-3.44955230618265e-09	64.9575334093038	0.199999999999903
2.925	44.25	-1.68687693077662e-13	0.799999997866515	-3.42816133224623e-09	64.9335334093662	0.199999999999865
3.075	44.25	-2.23416649137884e-13	0.799999997762218	-3.40546143977639e-09	64.9095334094318	0.199999999999821
3.225	44.25	-2.83611672017329e-13	0.799999997658473	-3.38202886781995e-09	64.8855334095005	0.199999999999773
3.375	44.25	-3.46035690076383e-13	0.799999997555481	-3.35736231757917e-09	64.8615334095724	0.199999999999723
3.525	44.25	-4.05628545179944e-13	0.799999997453844	-3.33174508694439e-09	64.8375334096473	0.199999999999676
3.675	44.25	-4.55107087366353e-13	0.79999999735208	-3.30509551408546e-09	64.8135334097252	0.199999999999636
3.825	44.25	-4.84582706403704e-13	0.799999997251889	-3.27722843151644e-09	64.7895334098062	0.199999999999612
3.975	44.25	-4.8123993588073e-13	0.799999997152545	-3.24858440566718e-09	64.7655334098902	0.199999999999615
4.125	44.25	-4.29134299602783e-13	0.799999997054217	-3.21905618507865e-09	64.7415334099772	0.199999999999657
4.275	44.25	-3.09183363868996e-13	0.799999996956406	-3.18839854509179e-09	64.717533410067	0.199999999999753
4.425	44.25	-9.94413054320407e-14	0.799999996860046	-3.15677492076605e-09	64.6935334101598	0.19999999999992
4.575	44.25	2.24237047632204e-13	0.799999996764511	-3.12423626450636e-09	64.6695334102555	0.200000000000179
4.725	44.25	6.87023335203129e-13	0.799999996669971	-3.09077493882508e-09	64.6455334103539	0.20000000000055
4.875	44.25	1.31330562355315e-12	0.799999996576657	-3.05633812758695e-09	64.6215334104551	0.200000000001051
5.025	44.25	2.12411093734802e-12	0.799999996484528	-3.02110848094636e-09	64.5975334105591	0.200000000001699
5.175	44.25	3.13363844433124e-12	0.799999996393017	-2.98486335915418e-09	64.5735334106657	0.200000000002507
5.325	44.25	4.34480354296763e-12	0.799999996303602	-2.9479511902155e-09	64.5495334107749	0.200000000003476
5.475	44.25	5.74373323695736e-12	0.799999996214344	-2.9100626018334e-09	64.5255334108866	0.200000000004595
5.625	44.25	7.29321536684389e-12	0.799999996126934	-2.87130136715173e-09	64.5015334110009	0.200000000005835
5.775	44.25	8.92519278941032e-12	0.79999999604067	-2.83181331275691e-09	64.4775334111176	0.20000000000714
5.925	44.25	1.05325120534368e-11	0.799999995955163	-2.79148198404014e-09	64.4535334112367	0.200000000008426
6.075	44.25	1.1960287526644e-11	0.799999995871834	-2.75039558839685e-09	64.4295334113583	0.200000000009568
6.225	44.25	1.2997427578885e-11	0.799999995788893	-2.70850661733827e-09	64.4055334114822	0.200000000010398
6.375	44.25	1.3369088823911e-11	0.799999995707684	-2.66588193657499e-09	64.3815334116084	0.200000000010695
6.525	44.25	1.27310739174444e-11	0.799999995627616	-2.62249715603939e-09	64.3575334117371	0.200000000010185
6.675	44.25	1.06674610164535e-11	0.799999995549184	-2.57848798045039e-09	64.3335334118683	0.200000000008534
6.825	44.25	6.69303689951207e-12	0.799999995471624	-2.53375105189412e-09	64.3095334120021	0.200000000005354
6.975	44.25	2.6238413094921e-13	0.799999995395837	-2.48828806982362e-09	64.2855334121387	0.20000000000021
7.125	44.25	-9.21227768887495e-12	0.799999995321625	-2.44226119575931e-09	64.2615334122783	0.19999999999263
7.275	44.25	-2.23322050408615e-11	0.799999995248502	-2.39559822892073e-09	64.2375334124212	0.199999999982134
7.425	44.25	-3.96698097655908e-11	0.799999995176958	-2.34825444872165e-09	64.2135334125677	0.199999999968264
7.575	44.25	-6.17105574991905e-11	0.799999995107351	-2.30038332443259e-09	64.1895334127182	0.199999999950632
7.725	44.25	-8.87769668548955e-11	0.799999995039461	-2.25190142993231e-09	64.1655334128731	0.199999999928978
7.875	44.25	-1.20933060801284e-10	0.799999994972955	-2.20282295745939e-09	64.1415334130329	0.199999999903254
8.025	44.25	-1.57868389853734e-10	0.799999994909057	-2.15312322777563e-09	64.1175334131979	0.199999999873705
8.175	44.25	-1.9876186949063e-10	0.799999994847385	-2.10312927394404e-09	64.0935334133687	0.199999999840991
8.325	44.25	-2.4212720419377e-10	0.799999994787023	-2.05261823312838e-09	64.0695334135453	0.199999999806298
8.475	44.25	-2.8564365063647e-10	0.799999994729958	-2.00157101812359e-09	64.0455334137279	0.199999999771485
8.625	44.25	-3.2597833098301e-10	0.799999994675048	-1.95004601776324e-09	64.0215334139163	0.199999999739217
8.775	44.25	-3.58609249685035e-10	0.799999994623026	-1.89813442571936e-09	63.99753341411	0.199999999713113
8.925	44.25	-3.77661569729792e-10	0.799999994573825	-1.84572366522737e-09	63.9735334143078	0.199999999697871
9.075	44.25	-3.75773504799744e-10	0.799999994527491	-1.79309744746973e-09	63.9495334145081	0.199999999699381
9.225	44.25	-3.44012273796041e-10	0.799999994484015	-1.73998841914232e-09	63.9255334147083	0.19999999972479
9.375	44.25	-2.71864780607675e-10	0.799999994443804	-1.68655549913093e-09	63.9015334149051	0.199999999782508
9.525	44.25	-1.47331800402744e-10	0.799999994405825	-1.63278806754573e-09	63.8775334150939	0.199999999882135
9.675	44.25	4.28418171072666e-11	0.799999994370357	-1.57869616200149e-09	63.853533415269	0.200000000034273
9.825	44.25	3.12765437788518e-10	0.799999994336761	-1.52442774622717e-09	63.8295334154234	0.200000000250212
9.975	44.25	6.76792136944087e-10	0.799999994304588	-1.4698027965153e-09	63.8055334155488	0.200000000541434
10.125	44.25	1.14866197934586e-09	0.799999994272687	-1.41500419770385e-09	63.7815334156352	0.20000000091893
10.275	44.25	1.74036375740433e-09	0.799999994239947	-1.35993435883504e-09	63.7575334156719	0.200000001392291
10.425	44.25	2.46068474810473e-09	0.799999994204712	-1.30468548383705e-09	63.7335334156467	0.200000001968548
10.575	44.25	3.31342633074179e-09	0.799999994165798	-1.24922077124088e-09	63.7095334155471	0.200000002650741
10.725	44.25	4.29527555672072e-09	0.799999994120869	-1.19366839693598e-09	63.6855334153606	0.20000000343622
10.875	44.25	5.39333949762932e-09	0.799999994067829	-1.13804106212381e-09	63.6615334150752	0.200000004314672
11.025	44.25	6.58237083375598e-09	0.799999994004211	-1.08222873191861e-09	63.637533414681	0.200000005265897
11.175	44.25	7.82173994437673e-09	0.799999993927642	-1.02633515151022e-09	63.6135334141711	0.200000006257392
11.325	44.25	9.05224077568874e-09	0.799999993835048	-9.70405033150213e-10	63.5895334135435	0.200000007241793
11.475	44.25	1.01928547793888e-08	0.799999993724432	-9.14447824263359e-10	63.565533412803	0.200000008154284
11.625	44.25	1.11376386978151e-08	0.799999993593553	-8.58354772295628e-10	63.541533411963	0.200000008910111
11.775	44.25	1.17529470137206e-08	0.799999993440271	-8.02319516279084e-10	63.5175334110489	0.200000009402358
11.925	44.25	1.1875247163139e-08	0.799999993263915	-7.46300394605425e-10	63.4935334101001	0.200000009500198
12.075	44.25	1.13098333774158e-08	0.799999993064352	-6.90269146779721e-10	63.4695334091731	0.200000009047867
12.225	44.25	9.83079108785736e-09	0.799999992842903	-6.3440310635905e-10	63.4455334083447	0.200000007864633
12.375	44.25	7.18260561230149e-09	0.799999992602609	-5.78574390268173e-10	63.421533407715	0.200000005746085
12.525	44.25	3.08384343569944e-09	0.799999992347837	-5.22757198457386e-10	63.3975334074095	0.200000002467075
12.675	44.25	-2.76664131044133e-09	0.799999992086687	-4.67205936615982e-10	63.373533407582	0.199999997786687
12.825	44.25	-1.06805117021009e-08	0.799999991828918	-4.11712542806976e-10	63.3495334084155	0.199999991455591
12.975	44.25	-2.09673061948595e-08	0.7999999915878	-3.56393934798615e-10	63.3255334101229	0.199999983226155
13.125	44.25	-3.39179161792552e-08	0.799999991379861	-3.01236939793394e-10	63.301533412946	0.199999972865667
13.275	44.25	-4.97837929835842e-08	0.799999991225786	-2.46351321016113e-10	63.2775334171524	0.199999960172966
13.425	44.25	-6.87515580332835e-08	0.799999991149105	-1.91579144645297e-10	63.2535334230309	0.199999944998754
13.575	44.25	-9.09127706272861e-08	0.799999991178461	-1.37020184379803e-10	63.2295334308837	0.199999927269784
13.725	44.25	-1.16228700004251e-07	0.799999991345911	-8.27688787822647e-11	63.2055334410154	0.19999990701704
13.875	44.25	-1.44490042225721e-07	0.799999991687955	-2.89108105273776e-11	63.1815334537189	0.199999884407966
14.025	44.25	-1.75271602618456e-07	0.799999992244605	2.48775121310907e-11	63.1575334692563	0.199999859782718
14.175	44.25	-2.07882008716065e-07	0.799999993059605	7.81183830514676e-11	63.1335334878363	0.199999833694393
14.325	44.25	-2.41308495326488e-07	0.799999994182202	1.31233167288038e-10	63.109533509586	0.199999806953204
14.475	44.25	-2.74156669318346e-07	0.799999995663622	1.83985866833829e-10	63.0855335345167	0.199999780674665
14.625	44.25	-3.04584858726757e-07	0.799999997562524	2.36235271719559e-10	63.0615335624843	0.199999756332113
14.775	44.25	-3.30232101204399e-07	0.799999999942458	2.88127830617156e-10	63.0375335931432	0.199999735814319
14.925	44.25	-3.48137927957327e-07	0.800000002876764	3.39787016035352e-10	63.0135336258923	0.199999721489658
15.075	44.25	-3.54650715670841e-07	0.800000006452612	3.90844607182899e-10	62.9895336598131	0.199999716279427
15.225	44.25	-3.45319332304834e-07	0.800000010776019	4.41592209629571e-10	62.9655336935981	0.199999723744534
15.375	44.25	-3.14759858552209e-07	0.8000000159838	4.91836648274146e-10	62.9415337254678	0.199999748192113
15.525	44.25	-2.56485016526986e-07	0.800000022256496	5.41639784142189e-10	62.917533753073	0.199999794811987
15.675	44.25	-1.62678173671109e-07	0.800000029840038	5.90972652020532e-10	62.8935337733776	0.199999869857461
15.825	44.25	-2.38858735308911e-08	0.80000003907546	6.397731979892e-10	62.8695337825168	0.199999980891301
15.975	44.25	1.71407942626092e-07	0.800000050438598	6.88092090175665e-10	62.8455337756191	0.200000137126354
16.125	44.25	4.3737748154416e-07	0.800000064598909	7.35825973272211e-10	62.8215337465801	0.200000349901985
16.275	44.25	7.91691621556214e-07	0.800000082496732	7.83163594263253e-10	62.7975336877667	0.200000633353297
16.425	44.25	1.25668924795944e-06	0.800000105450166	8.29930980364083e-10	62.7735335896255	0.200001005351398
16.575	44.25	1.86102705333445e-06	0.800000135300598	8.76018240121619e-10	62.7495334401553	0.200001488821643
16.725	44.25	2.64198154938453e-06	0.800000174609511	9.21557922094996e-10	62.7255332241902	0.20000211358524
16.875	44.25	3.64865147048702e-06	0.800000226925643	9.66553937017217e-10	62.7015329224182	0.200002918921176
17.025	44.25	4.94639294998483e-06	0.8000002971403	1.01090793910239e-09	62.6775325100334	0.20000395711436
17.175	44.25	6.62293524712228e-06	0.800000391972245	1.054715852373e-09	62.653531954882	0.200005298348198
17.325	44.25	8.79677985184383e-06	0.800000520615571	1.09778011382129e-09	62.6295312149109	0.200007037423881
17.475	44.25	1.16286953560988e-05	0.800000695618326	1.14013594147387e-09	62.6055302346622	0.200009302956285
17.625	44.25	1.53374051680251e-05	0.800000934066973	1.18206592522407e-09	62.5815289404623	0.200012269924134
17.775	44.25	2.02209519302053e-05	0.800001259190214	1.22311647347342e-09	62.5575272338329	0.200016176761544
17.925	44.25	2.66857439968336e-05	0.800001702514516	1.26351218950443e-09	62.533524982482	0.200021348595197
18.075	44.25	3.52859826229124e-05	0.800002306744234	1.3033120433591e-09	62.5095220080083	0.200028228786098
18.225	44.25	4.67770775890174e-05	0.800003129589311	1.34234678104653e-09	62.4855180691492	0.200037421662071
18.375	44.25	6.21878480908138e-05	0.800004248851242	1.38056885141604e-09	62.4615128389989	0.200049750278473
18.525	44.25	8.29178911688178e-05	0.800005769253036	1.41808966395771e-09	62.4375058740879	0.200066334312935
18.675	44.25	0.000110868697306964	0.800007831766308	1.45486817053728e-09	62.4134965724939	0.200088694957846
18.825	44.25	0.000148620253168912	0.800010626552047	1.49081600632605e-09	62.3894841171836	0.200118896202535
18.975	44.25	0.000199669451727409	0.800014410928421	1.52591798664417e-09	62.3654673994331	0.200159735561382
19.125	44.25	0.000268753038720113	0.800019533824693	1.56015000475996e-09	62.3414449153026	0.200215002430976
19.275	44.25	0.00036228615009739	0.800026467741808	1.59348042288275e-09	62.3174146255602	0.200289828920078
19.425	44.25	0.000488957294434685	0.800035848559189	1.62572550529213e-09	62.2933737659959	0.200391165835548
19.575	44.25	0.000660531174930637	0.800048523427081	1.65689777357172e-09	62.2693185906393	0.200528424939945
19.725	44.25	0.000892922189361345	0.800065609280661	1.6868027483737e-09	62.2452440249124	0.200714337751489
19.875	44.25	0.00120761709949402	0.800088570937028	1.71527754381943e-09	62.221143198962	0.200966093679595
20.025	44.25	0.00163355408493075	0.80011933816468	1.74219160303892e-09	62.1970068225027	0.201306843267945
20.175	44.25	0.0022096217478729	0.80016049054601	1.76716082118545e-09	62.1728223495009	0.201767697398298
20.325	44.25	0.00298804030902943	0.800215535712414	1.78967909002247e-09	62.1485728605848	0.202390432247224
20.475	44.25	0.00403902958369541	0.800289274277629	1.8093184383693e-09	62.1242355590518	0.203231223666956
20.625	44.25	0.00545732363438002	0.80038817145289	1.82537237732869e-09	62.0997797300351	0.204365858907504
20.775	44.25	0.00737118393367952	0.80052054718145	1.83675153323725e-09	62.0751639542163	0.205896947146944
20.925	44.25	0.00995447739002465	0.800696290385871	1.84262790599166e-09	62.0503323089972	0.20796358191202
21.075	44.25	0.0134420119436696	0.800925762448504	1.84100247305212e-09	62.0252092536446	0.210753609554936
21.225	44.25	0.0181476175176952	0.801217643204335	1.83034530997067e-09	61.9996929103707	0.214518094014156
21.375	44.25	0.0244834934229864	0.801575709123084	1.80842134616023e-09	61.9736465491314	0.219586794738389
21.525	44.25	0.0329782628160217	0.80199487226861	1.77311361911594e-09	61.9468882781588	0.226382610252817
21.675	44.25	0.0442900720223395	0.802457174404018	1.72249504537344e-09	61.9191792413533	0.235432057617872
21.825	44.25	0.0592098316520385	0.80292878627115	1.65548311849096e-09	61.8902110350427	0.247367865321631
21.975	44.25	0.078648016296815	0.803359399439843	1.57199359484771e-09	61.8595936073937	0.262918413037452
22.125	44.25	0.103596190218468	0.803685582449672	1.47421923291436e-09	61.8268456415229	0.282876952174775
22.275	44.25	0.135052302441602	0.803839327508349	1.36550033136415e-09	61.7913903689727	0.308041841953282
22.425	44.25	0.173898993179746	0.803761743541851	1.25089344706148e-09	61.7525607973988	0.339119194543797
22.575	44.25	0.220730584475518	0.803419695069692	1.13605990402338e-09	61.7096190584502	0.376584467580414
22.725	44.25	0.275641526279381	0.802820791858065	1.02627380220337e-09	61.6617941839654	0.420513221023505
22.875	44.25	0.338017855760245	0.802020579918999	9.25877498440663e-10	61.6083400313235	0.470414284608196
23.025	44.25	0.406404722797771	0.801116452697114	8.37764775140214e-10	61.5486096027623	0.525123778238217
23.175	44.25	0.478534571664403	0.800226930709475	7.63323214819023e-10	61.4821344417888	0.582827657331522
23.325	44.25	0.551566086140416	0.799461973158346	7.02629829370509e-10	61.4086912865546	0.641252868912333
23.475	44.25	0.622501307361028	0.798895931796161	6.54886951601576e-10	61.3283372566266	0.698001045888822
23.625	44.25	0.688659257354005	0.798554411925357	6.18714672160808e-10	61.2414022277696	0.750927405883204
23.775	44.25	0.748051809733306	0.798418745500813	5.92487487431488e-10	61.1484403387255	0.798441447786644
23.925	44.25	0.79955778075228	0.79844257055942	5.7458264496457e-10	61.0501550420403	0.839646224601824
24.075	44.25	0.842886470060393	0.798570851298703	5.63473251751477e-10	60.947317551746	0.874309176048314
24.225	44.25	0.878398155765682	0.798753962897194	5.57806312148628e-10	60.8406956951358	0.902718524612545
24.375	44.25	0.90687210021362	0.798954493663205	5.56493901449398e-10	60.7310025520715	0.925497680170896
24.525	44.25	0.92929219798133	0.799148197055844	5.58544679390368e-10	60.6188665360016	0.943433758385064
24.675	44.25	0.946685093940332	0.799321773387323	5.63185151763118e-10	60.504819535955	0.957348075152265
24.825	44.25	0.960016774533754	0.799469692814261	5.69812121398162e-10	60.3892977876477	0.968013419627003
24.975	44.25	0.970138072995962	0.799591293487425	5.77935180250639e-10	60.2726503185862	0.97611045839677
25.125	44.25	0.977764769172024	0.799688597576482	5.87174658853694e-10	60.1551509604429	0.982211815337619
25.275	44.25	0.983479107239285	0.79976485245975	5.97197487762005e-10	60.0370112418471	0.986783285791428
25.425	44.25	0.987742791084959	0.799823641170601	6.07784025774601e-10	59.9183925837517	0.990194232867967
25.575	44.25	0.990914817849418	0.799868387088091	6.1876820982388e-10	59.7994170148075	0.992731854279535
25.725	44.25	0.993270126777452	0.799902111985209	6.30011017997237e-10	59.6801761356236	0.994616101421962
25.875	44.25	0.995016874794788	0.799927348370291	6.41390368239959e-10	59.560738358765	0.99601349983583
26.025	44.25	0.996311339954257	0.799946140624077	6.52849810164087e-10	59.4411546042642	0.997049071963406
26.175	44.25	0.997270176118273	0.799960092750266	6.6432622664435e-10	59.321462691626	0.997816140894619
26.325	44.25	0.997980145938628	0.799970436059128	6.75742246188132e-10	59.2016906764789	0.998384116750902
26.475	44.25	0.99850565470257	0.799978100507041	6.87105613635028e-10	59.0818593584565	0.998804523762056
26.625	44.25	0.998894473354661	0.799983780546092	6.98398189549132e-10	58.9619841527698	0.999115578683729
26.775	44.25	0.999182029806009	0.799987991188165	7.09560652812103e-10	58.8420764811051	0.999345623844807
26.925	44.25	0.999394600868437	0.799991113140266	7.20607061868721e-10	58.7221448033331	0.999515680694749
27.075	44.25	0.999551676929926	0.799993427701097	7.31530815037698e-10	58.6021953825051	0.999641341543941
27.225	44.25	0.999667711986712	0.799995142982214	7.42306898269073e-10	58.4822328523451	0.99973416958937
27.375	44.25	0.999753419908146	0.799996413255719	7.52949780098461e-10	58.3622606385216	0.999802735926517
27.525	44.25	0.999816736206904	0.79999735309901	7.63422088064375e-10	58.2422812715338	0.999853388965523
27.675	44.25	0.999863532816264	0.799998047718408	7.73744602262611e-10	58.1222966191238	0.999890826253012
27.825	44.25	0.999898149900034	0.799998560509896	7.83935532085188e-10	58.0023080588536	0.999918519920028
27.975	44.25	0.999923791678076	0.799998938630763	7.93972369245292e-10	57.8823166061549	0.99993903334246
28.125	44.25	0.99994282094085	0.799999217131608	8.03842362413671e-10	57.7623230092428	0.99995425675268
28.275	44.25	0.999956977996899	0.799999422036265	8.13572704088611e-10	57.642327819384	0.99996558239752
28.425	44.25	0.999967543255819	0.799999572642844	8.23130515835499e-10	57.5223314428506	0.999974034604655
28.575	44.25	0.999975457806021	0.799999683244724	8.32550444820225e-10	57.4023341792827	0.999980366244817
28.725	44.25	0.999981412728947	0.799999764416067	8.41810252616296e-10	57.2823362499765	0.999985130183157
28.875	44.25	0.999985915176905	0.799999823970363	8.50934128889511e-10	57.1623378187129	0.999988732141524
29.025	44.25	0.999989337201669	0.79999986767399	8.59899166371493e-10	57.0423390070709	0.999991469761335
29.175	44.25	0.999991951790864	0.799999899776358	8.68723792806034e-10	56.9223399056676	0.999993561432691
29.325	44.25	0.999993959424975	0.799999923403558	8.77404680243707e-10	56.8023405823939	0.99999516753998
29.475	44.25	0.999995507614454	0.799999940850361	8.85929181818237e-10	56.6823410884369	0.999996406091563
29.625	44.25	0.999996705242205	0.799999953797368	8.94309387284709e-10	56.5623414626768	0.999997364193764
29.775	44.25	0.999997633065898	0.799999963471277	9.02535178424278e-10	56.4423417348911	0.999998106452718
29.925	44.25	0.999998351385322	0.799999970764617	9.10625947838922e-10	56.3223419280867	0.999998681108258
30.075	44.25	0.999998905620691	0.799999976324273	9.18583028787784e-10	56.2023420601958	0.999999124496553
30.225	44.25	0.999999330355736	0.799999980617255	9.26392715726103e-10	56.0823421453103	0.999999464284589
30.375	44.25	0.999999652256001	0.799999983979142	9.34095366277726e-10	55.9623421945823	0.999999721804801
30.525	44.25	0.999999892166621	0.79999998665026	9.41633254375382e-10	55.8423422168834	0.999999913733297
30.675	44.25	1.00000006661445	0.799999988802291	9.49033322157835e-10	55.7223422192912	1.00000005329156
30.825	44.25	1.00000018888046	0.799999990557407	9.56315023928865e-10	55.6023422074528	1.00000015110437
30.975	44.25	1.00000026976431	0.799999992003094	9.63463620037671e-10	55.482342185859	1.00000021581145
31.125	44.25	1.00000031813025	0.799999993202001	9.7047902421955e-10	55.3623421580571	1.0000002545042
31.275	44.25	1.00000034129914	0.799999994199673	9.77357098150715e-10	55.2423421268174	1.00000027303931
31.425	44.25	1.00000034533336	0.799999995030017	9.8412124301785e-10	55.1223420942678	1.00000027626668
31.575	44.25	1.00000033524796	0.799999995718627	9.90751078360456e-10	55.0023420620044	1.00000026819836
31.725	44.25	1.00000031517154	0.799999996285943	9.97270301642744e-10	54.8823420311846	1.00000025213723
31.875	44.25	1.00000028847336	0.799999996748581	1.00365742058081e-09	54.7623420026057	1.00000023077869
32.025	44.25	1.00000025786736	0.799999997120639	1.00990354804775e-09	54.6423419767731	1.00000020629389
32.175	44.25	1.00000022550095	0.799999997414723	1.01605627448667e-09	54.522341953959	1.00000018040076
32.325	44.25	1.00000019303281	0.799999997641919	1.02208634192043e-09	54.4023419342525	1.00000015442625
32.475	44.25	1.00000016170283	0.799999997812425	1.02799286506402e-09	54.2823419176041	1.00000012936227
32.625	44.25	1.00000013239566	0.799999997935521	1.03378921631393e-09	54.1623419038619	1.00000010591653
32.775	44.25	1.00000010569878	0.799999998019717	1.03947697505932e-09	54.0423418928035	1.00000008455902
32.925	44.25	1.00000008195548	0.799999998072593	1.04504970069939e-09	53.9223418841618	1.00000006556438
33.075	44.25	1.0000000613128	0.799999998101067	1.05050149659227e-09	53.8023418776463	1.00000004905024
33.225	44.25	1.00000004376435	0.79999999811118	1.05584993900513e-09	53.6823418729594	1.00000003501148
33.375	44.25	1.00000002918824	0.799999998108226	1.06108895930081e-09	53.5623418698102	1.00000002335059
33.525	44.25	1.00000001737988	0.799999998096626	1.0662229908081e-09	53.4423418679229	1.0000000139039
33.675	44.25	1.00000000808002	0.799999998080083	1.07126253318302e-09	53.3223418670443	1.00000000646401
33.825	44.25	1.00000000099791	0.79999999806166	1.07619103988556e-09	53.2023418669475	1.00000000079833
33.975	44.25	0.999999995830286	0.799999998043778	1.08101266555393e-09	53.0823418674342	0.999999996664229
34.125	44.25	0.999999992276145	0.799999998028046	1.08573928597399e-09	52.962341868335	0.999999993820916
34.275	44.25	0.999999990047882	0.79999999801588	1.09036683942333e-09	52.8423418695087	0.999999992038306
34.425	44.25	0.999999988879262	0.799999998008147	1.09489609589637e-09	52.722341870841	0.999999991103409
34.575	44.25	0.999999988530619	0.799999998005093	1.09933861678761e-09	52.6023418722415	0.999999990824495
34.725	44.25	0.99999998879172	0.79999999800715	1.10367029980014e-09	52.4823418736416	0.999999991033376
34.875	44.25	0.999999989482791	0.799999998013973	1.1079297808576e-09	52.3623418749914	0.999999991586232
35.025	44.25	0.999999990453995	0.799999998025521	1.11207466661172e-09	52.2423418762567	0.999999992363196
35.175	44.25	0.999999991583938	0.799999998041316	1.11614998526282e-09	52.1223418774166	0.99999999326715
35.325	44.25	0.999999992777311	0.799999998060892	1.12013209283561e-09	52.0023418784602	0.999999994221849
35.475	44.25	0.999999993962064	0.799999998083856	1.12402413912389e-09	51.882341879385	0.999999995169651
35.625	44.25	0.999999995086351	0.79999999810961	1.12783252213305e-09	51.7623418801944	0.999999996069081
35.775	44.25	0.999999996115368	0.799999998137651	1.13155765644891e-09	51.6423418808956	0.999999996892294
35.925	44.25	0.999999997028283	0.799999998167592	1.13519376930273e-09	51.5223418814989	0.999999997622626
36.075	44.25	0.999999997815456	0.799999998198956	1.13875418502106e-09	51.4023418820159	0.999999998252365
36.225	44.25	0.999999998475759	0.799999998231421	1.14222392726634e-09	51.2823418824587	0.999999998780607
36.375	44.25	0.999999999014297	0.799999998264647	1.14562976607388e-09	51.1623418828392	0.999999999211437
36.525	44.25	0.999999999440465	0.799999998298375	1.1489552138318e-09	51.0423418831686	0.999999999552372
36.675	44.25	0.999999999766333	0.799999998332383	1.15219914572663e-09	50.9223418834571	0.999999999813066
36.825	44.25	1.00000000000535	0.799999998366549	1.1553656720461e-09	50.8023418837137	1.00000000000428
36.975	44.25	1.00000000017136	0.799999998400712	1.15846098387402e-09	50.6823418839461	1.00000000013709
37.125	44.25	1.00000000027794	0.799999998434789	1.16149440817193e-09	50.5623418841606	1.00000000022235
37.275	44.25	1.00000000033772	0.799999998468728	1.16443965738665e-09	50.4423418843623	1.00000000027018
37.425	44.25	1.00000000036185	0.799999998502343	1.16732047359923e-09	50.3223418845552	1.00000000028948
37.575	44.25	1.00000000035915	0.79999999853559	1.17013623565283e-09	50.2023418847422	1.00000000028732
37.725	44.25	1.00000000033568	0.799999998568555	1.17288098986545e-09	50.0823418849256	1.00000000026855
37.875	44.25	1.00000000029554	0.799999998601884	1.17556842667092e-09	49.9623418851072	1.00000000023643
38.025	44.25	1.00000000024454	0.799999998636557	1.17817671799232e-09	49.8423418852883	1.00000000019563
38.175	44.25	1.00000000019658	0.799999998673282	1.18072185724154e-09	49.7223418854692	1.00000000015726
38.325	44.25	1.00000000017807	0.799999998710527	1.18321802703065e-09	49.6023418856485	1.00000000014245
38.475	44.25	1.00000000021822	0.799999998742055	1.18562582584e-09	49.4823418858219	1.00000000017457
38.625	44.25	1.0000000003104	0.79999999875735	1.18799517025336e-09	49.362341885984	1.00000000024832
38.775	44.25	1.00000000034603	0.799999998749877	1.19029489899753e-09	49.2423418861351	1.00000000027683
38.925	44.25	1.00000000007388	0.799999998737507	1.19255278376602e-09	49.1223418862927	1.0000000000591
39.075	44.25	0.999999999212034	0.799999998786531	1.19472612042109e-09	49.0023418864997	0.999999999369628
39.225	44.25	0.999999997861593	0.799999999005734	1.19685955567805e-09	48.882341886808	0.999999998289275
39.375	44.25	0.99999999718717	0.799999999456439	1.19893398537728e-09	48.7623418872086	0.999999997749736
39.525	44.25	0.999999999800277	0.799999999945246	1.20094477265948e-09	48.6423418875112	0.999999999840221
39.675	44.25	1.00000000854992	0.799999999793451	1.20290828625141e-09	48.5223418872634	1.00000000683993
39.825	44.25	1.00000002228111	0.799999997918443	1.20481409183002e-09	48.4023418859315	1.00000001782489
39.975	44.25	1.00000002906865	0.799999993756621	1.2066738479887e-09	48.2823418836099	1.00000002325492
40.125	44.25	1.00000000269436	0.799999989292659	1.20847147365902e-09	48.1623418822234	1.00000000215549
40.275	44.25	0.999999915051607	0.799999991203408	1.21021381561149e-09	48.0423418863048	0.999999932041286
40.425	44.25	0.999999777875204	0.800000009874163	1.21192354879484e-09	47.9223419011725	0.999999822300164
40.575	44.25	0.999999707649946	0.800000050410102	1.21355860897231e-09	47.8023419259905	0.999999766119957
40.725	44.25	0.999999957517787	0.800000093622654	1.21517387662244e-09	47.6823419421807	0.99999996601423
40.875	44.25	1.00000079734944	0.800000076826617	1.21671390134141e-09	47.5623419060603	1.00000063787955
41.025	44.25	1.00000212196184	0.799999904307752	1.21823054637633e-09	47.4423417660416	1.00000169756947
41.175	44.25	1.00000285290252	0.799999530175643	1.21968237456625e-09	47.3223415273514	1.00000228232202
41.325	44.25	1.00000065163092	0.799999127922069	1.22110949639135e-09	47.202341359232	1.00000052130474
41.475	44.25	0.999993003857973	0.799999255477603	1.2224758305411e-09	47.0823416638618	0.999994403086378
41.625	44.25	0.999980706637778	0.800000756083546	1.22381115867093e-09	46.9623429258467	0.999984565310223
41.775	44.25	0.999973138464125	0.800004040709866	1.22509235615435e-09	46.8423451413658	0.9999785107713
41.925	44.25	0.999990827520934	0.800007657627005	1.22630779775905e-09	46.7223468710747	0.999992662016747
42.075	44.25	1.0000563795365	0.800006936249229	1.22744384592086e-09	46.6023446052105	1.0000451036292
42.225	44.25	1.00016528886125	0.799994824126037	1.22848557538429e-09	46.4823339652351	1.000132231089
42.375	44.25	1.00024184955226	0.799967674200001	1.22950391233509e-09	46.3623144227167	1.00019347964181
42.525	44.25	1.00011633628367	0.799936550479729	1.23070071431413e-09	46.2422972297374	1.00009306902693
42.675	44.25	0.999594226904121	0.799937860680221	1.23223561810215e-09	46.1223111227779	0.999675381523297
42.825	44.25	0.998683926303406	0.800027372475264	1.23411347188421e-09	46.0023937739163	0.998947141042725
42.975	44.25	0.997944673226124	0.800237006859882	1.23578960338645e-09	45.8825556058309	0.998355738580899
43.125	44.25	0.998684258980416	0.800490005500204	1.23597540409597e-09	45.7627174115093	0.998947407184333
43.275	44.25	1.00248296175524	0.800522975178204	1.23310070188161e-09	45.6426613811895	1.00198636940419
43.425	44.25	1.00955927622331	0.799934825611823	1.22698462799389e-09	45.5220834786523	1.00764742097865
43.575	44.25	1.01623380734701	0.79847988165322	1.22126299616637e-09	45.4008457019959	1.01298704587761
43.725	44.25	1.01328677096929	0.796573391883344	1.22482115216313e-09	45.2794285456997	1.01062941677543
43.875	44.25	0.988680897764916	0.795833250683591	1.24984305158328e-09	45.1593335512585	0.990944718211933
44.025	44.25	0.93836789672815	0.799351007365522	1.30350838398157e-09	45.042840518797	0.95069431738252
44.175	44.25	0.884673133606554	0.810192428764879	1.36601786613586e-09	44.9313520131696	0.907738506885243
44.325	44.25	0.889127901658994	0.824441952957146	1.36141161945407e-09	44.822207659124	0.911302321327195
44.475	44.25	1.03257195114506	0.826489829220071	1.20961145601034e-09	44.7059572535108	1.02605756091605
44.625	44.25	1.34924434132252	0.808622133186775	9.70211789853138e-10	44.5677998176366	1.27939547305801
44.775	44.25	1.76408811730931	0.709537047691487	7.70318367952664e-10	44.3955930045268	1.61127049384745
44.925	44.25	2.1115450653727	0.834636814376679	6.56911574493554e-10	44.2248229848656	1.88923605229816
0.075	44.75	3.47473592464388e-16	0.399999999945977	-3.27925714255411e-09	65.3895334090818	0.2
0.225	44.75	1.09796499064528e-15	0.799999999837985	-3.27819547062865e-09	65.3655334090851	0.200000000000001
0.375	44.75	2.54818928732284e-15	0.799999999729873	-3.27617207368568e-09	65.3415334090915	0.200000000000002
0.525	44.75	4.61626582220346e-15	0.799999999621944	-3.2730111911585e-09	65.3175334091013	0.200000000000004
0.675	44.75	7.14881697982818e-15	0.799999999514106	-3.26890629031193e-09	65.2935334091142	0.200000000000006
0.825	44.75	9.93588428311662e-15	0.799999999406443	-3.26365935799156e-09	65.2695334091304	0.200000000000008
0.975	44.75	1.27379704031706e-14	0.799999999298946	-3.25747832962208e-09	65.2455334091498	0.20000000000001
1.125	44.75	1.52997074363209e-14	0.79999999919183	-3.25027423016004e-09	65.2215334091725	0.200000000000012
1.275	44.75	1.73403388528845e-14	0.799999999085023	-3.24187434909052e-09	65.1975334091983	0.200000000000014
1.425	44.75	1.85241247687448e-14	0.799999998978065	-3.2325422390532e-09	65.1735334092274	0.200000000000015
1.575	44.75	1.84215048671619e-14	0.799999998872064	-3.22236180762475e-09	65.1495334092596	0.200000000000015
1.725	44.75	1.6473868494732e-14	0.799999998765975	-3.21103140586977e-09	65.1255334092951	0.200000000000013
1.875	44.75	1.19727217702302e-14	0.799999998660199	-3.19864121450799e-09	65.1015334093337	0.20000000000001
2.025	44.75	4.0604719182278e-15	0.79999999855541	-3.18526526777713e-09	65.0775334093754	0.200000000000003
2.175	44.75	-8.24291947095682e-15	0.799999998451006	-3.17087226193647e-09	65.0535334094203	0.199999999999993
2.325	44.75	-2.5984509060477e-14	0.799999998346385	-3.15557283822926e-09	65.0295334094684	0.199999999999979
2.475	44.75	-5.01910920789173e-14	0.799999998243184	-3.13931962816331e-09	65.0055334095195	0.19999999999996
2.625	44.75	-8.17460215614841e-14	0.799999998140052	-3.12187984016266e-09	64.9815334095738	0.199999999999935
2.775	44.75	-1.21225242688429e-13	0.79999999803765	-3.10383311065883e-09	64.9575334096312	0.199999999999903
2.925	44.75	-1.68687692972685e-13	0.799999997936071	-3.08445825605687e-09	64.9335334096916	0.199999999999865
3.075	44.75	-2.23416649211144e-13	0.799999997835114	-3.06436924187628e-09	64.909533409755	0.199999999999821
3.225	44.75	-2.83611671886153e-13	0.799999997734349	-3.04320895659377e-09	64.8855334098215	0.199999999999773
3.375	44.75	-3.46035690165792e-13	0.799999997634956	-3.02115302873755e-09	64.861533409891	0.199999999999723
3.525	44.75	-4.05628545026466e-13	0.799999997536085	-2.99823478630874e-09	64.8375334099635	0.199999999999676
3.675	44.75	-4.55107087484711e-13	0.799999997437995	-2.97428514451753e-09	64.8135334100389	0.199999999999636
3.825	44.75	-4.84582706242894e-13	0.799999997341225	-2.94951754754012e-09	64.7895334101173	0.199999999999612
3.975	44.75	-4.81239936052982e-13	0.79999999724456	-2.92380568281012e-09	64.7655334101986	0.199999999999615
4.125	44.75	-4.29134299466138e-13	0.799999997148818	-2.89718533662753e-09	64.7415334102827	0.199999999999657
4.275	44.75	-3.09183364136963e-13	0.79999999705464	-2.8697537319004e-09	64.7175334103697	0.199999999999753
4.425	44.75	-9.94413053719205e-14	0.799999996961212	-2.84152904735075e-09	64.6935334104595	0.19999999999992
4.575	44.75	2.2423704720767e-13	0.799999996868776	-2.81240711627838e-09	64.669533410552	0.200000000000179
4.725	44.75	6.87023335115011e-13	0.799999996777024	-2.78238517183616e-09	64.6455334106473	0.20000000000055
4.875	44.75	1.31330562289815e-12	0.79999999668666	-2.75162861344068e-09	64.6215334107453	0.200000000001051
5.025	44.75	2.12411093703408e-12	0.799999996596977	-2.72005084772016e-09	64.5975334108459	0.200000000001699
5.175	44.75	3.13363844337979e-12	0.799999996508657	-2.68775743272898e-09	64.5735334109491	0.200000000002507
5.325	44.75	4.34480354237762e-12	0.799999996421677	-2.65453013928854e-09	64.5495334110548	0.200000000003476
5.475	44.75	5.74373323569661e-12	0.79999999633543	-2.62057801427527e-09	64.5255334111629	0.200000000004595
5.625	44.75	7.29321536601805e-12	0.799999996250153	-2.58600734155861e-09	64.5015334112735	0.200000000005835
5.775	44.75	8.92519278795913e-12	0.799999996166599	-2.55047195303897e-09	64.4775334113865	0.20000000000714
5.925	44.75	1.05325120526021e-11	0.799999996083904	-2.5143013603593e-09	64.4535334115018	0.200000000008426
6.075	44.75	1.19602875253623e-11	0.79999999600237	-2.47751009042128e-09	64.4295334116195	0.200000000009568
6.225	44.75	1.29974275785797e-11	0.799999995922384	-2.44010595069361e-09	64.4055334117394	0.200000000010398
6.375	44.75	1.33690888235389e-11	0.799999995843361	-2.40186173356045e-09	64.3815334118616	0.200000000010695
6.525	44.75	1.27310739186568e-11	0.799999995765771	-2.36312301177922e-09	64.3575334119862	0.200000000010185
6.675	44.75	1.06674610182357e-11	0.799999995689005	-2.32356385602507e-09	64.3335334121132	0.200000000008534
6.825	44.75	6.69303690377078e-12	0.799999995614013	-2.28346631005231e-09	64.3095334122428	0.200000000005354
6.975	44.75	2.62384136686314e-13	0.799999995540206	-2.24279849183025e-09	64.2855334123751	0.20000000000021
7.125	44.75	-9.21227767953228e-12	0.799999995467798	-2.20152269731214e-09	64.2615334125104	0.19999999999263
7.275	44.75	-2.23322050289479e-11	0.799999995397052	-2.15973282116594e-09	64.2375334126488	0.199999999982134
7.425	44.75	-3.96698097489069e-11	0.799999995327383	-2.1173247448531e-09	64.2135334127908	0.199999999968264
7.575	44.75	-6.17105574789214e-11	0.799999995259388	-2.07431589707095e-09	64.1895334129368	0.199999999950632
7.725	44.75	-8.8776966829097e-11	0.799999995193266	-2.03089838247097e-09	64.1655334130871	0.199999999928978
7.875	44.75	-1.209330607715e-10	0.799999995129051	-1.98689798307145e-09	64.1415334132422	0.199999999903254
8.025	44.75	-1.5786838981881e-10	0.799999995066478	-1.94253642292051e-09	64.1175334134026	0.199999999873705
8.175	44.75	-1.987618694528e-10	0.799999995005749	-1.89766522962772e-09	64.0935334135686	0.199999999840991
8.325	44.75	-2.4212720415345e-10	0.799999994947662	-1.85231299760283e-09	64.0695334137404	0.199999999806298
8.475	44.75	-2.85643650597035e-10	0.799999994891622	-1.8065306404336e-09	64.0455334139182	0.199999999771485
8.625	44.75	-3.25978330947411e-10	0.799999994838402	-1.76035748516383e-09	64.0215334141018	0.199999999739217
8.775	44.75	-3.58609249658291e-10	0.799999994787684	-1.71375811313866e-09	63.9975334142905	0.199999999713113
8.925	44.75	-3.7766156971833e-10	0.799999994739701	-1.66682506355139e-09	63.9735334144833	0.199999999697871
9.075	44.75	-3.75773504810847e-10	0.799999994694487	-1.61957766365059e-09	63.9495334146786	0.199999999699381
9.225	44.75	-3.44012273840173e-10	0.799999994652349	-1.57196694671339e-09	63.9255334148738	0.19999999972479
9.375	44.75	-2.71864780694705e-10	0.799999994612774	-1.52407290731422e-09	63.9015334150655	0.199999999782508
9.525	44.75	-1.47331800547003e-10	0.799999994576123	-1.47582388738468e-09	63.8775334152492	0.199999999882135
9.675	44.75	4.2841816893547e-11	0.799999994541556	-1.42742125187783e-09	63.8535334154193	0.200000000034273
9.825	44.75	3.12765437488783e-10	0.79999999450869	-1.37864938945471e-09	63.8295334155685	0.200000000250212
9.975	44.75	6.76792136544999e-10	0.799999994477477	-1.32965411892802e-09	63.8055334156887	0.200000000541434
10.125	44.75	1.14866197883231e-09	0.799999994446159	-1.28052141146591e-09	63.7815334157699	0.20000000091893
10.275	44.75	1.7403637567651e-09	0.799999994414044	-1.23115663572316e-09	63.7575334158014	0.200000001392291
10.425	44.75	2.46068474733248e-09	0.799999994379585	-1.18151976902828e-09	63.7335334157709	0.200000001968548
10.575	44.75	3.31342632983238e-09	0.799999994341104	-1.13185913993715e-09	63.7095334156661	0.200000002650741
10.725	44.75	4.29527555568425e-09	0.799999994296549	-1.08195921250048e-09	63.6855334154743	0.20000000343622
10.875	44.75	5.39333949647716e-09	0.799999994243863	-1.03198741815341e-09	63.6615334151836	0.200000004314672
11.025	44.75	6.582370832527e-09	0.799999994180674	-9.81928828633741e-10	63.6375334147842	0.200000005265897
11.175	44.75	7.82173994310911e-09	0.799999994104179	-9.31809990482417e-10	63.613533414269	0.200000006257392
11.325	44.75	9.05224077446401e-09	0.799999994011905	-8.81560179827236e-10	63.5895334136361	0.200000007241793
11.475	44.75	1.01928547782828e-08	0.799999993901538	-8.31263353293314e-10	63.5655334128902	0.200000008154284
11.625	44.75	1.11376386969652e-08	0.799999993770611	-7.80988007888431e-10	63.541533412045	0.200000008910111
11.775	44.75	1.17529470132543e-08	0.799999993617154	-7.30754881786054e-10	63.5175334111256	0.200000009402358
11.925	44.75	1.18752471632572e-08	0.799999993441038	-6.80348367200214e-10	63.4935334101714	0.200000009500198
12.075	44.75	1.13098333783054e-08	0.799999993241248	-6.30104134897729e-10	63.4695334092391	0.200000009047867
12.225	44.75	9.83079108978232e-09	0.79999999301932	-5.79912016450115e-10	63.4455334084054	0.200000007864633
12.375	44.75	7.18260561550309e-09	0.799999992778899	-5.29800554245976e-10	63.4215334077704	0.200000005746085
12.525	44.75	3.08384344049221e-09	0.799999992523791	-4.79761732586821e-10	63.3975334074597	0.200000002467075
12.675	44.75	-2.76664130378131e-09	0.799999992262312	-4.29760067566198e-10	63.3735334076269	0.199999997786687
12.825	44.75	-1.06805116932428e-08	0.799999992003935	-3.79963342250465e-10	63.3495334084551	0.199999991455591
12.975	44.75	-2.09673061835378e-08	0.79999999176244	-3.30261528850823e-10	63.3255334101573	0.199999983226155
13.125	44.75	-3.39179161651821e-08	0.799999991553869	-2.80685046605458e-10	63.3015334129751	0.199999972865667
13.275	44.75	-4.97837929665779e-08	0.799999991399024	-2.31312413602006e-10	63.2775334171763	0.199999960172966
13.425	44.75	-6.87515580131957e-08	0.799999991321741	-1.82181633007711e-10	63.2535334230497	0.199999944998754
13.575	44.75	-9.09127706041245e-08	0.799999991350381	-1.33248994728946e-10	63.2295334308973	0.199999927269784
13.725	44.75	-1.16228699978129e-07	0.799999991516998	-8.45154102095763e-11	63.2055334410239	0.19999990701704
13.875	44.75	-1.44490042196969e-07	0.799999991858022	-3.59728746358905e-11	63.1815334537222	0.199999884407966
14.025	44.75	-1.75271602587614e-07	0.799999992413681	1.22162018099345e-11	63.1575334692545	0.199999859782718
14.175	44.75	-2.07882008683949e-07	0.799999993228249	6.02821155069715e-11	63.1335334878295	0.199999833694393
14.325	44.75	-2.41308495294252e-07	0.799999994349063	1.07898646407488e-10	63.1095335095742	0.199999806953204
14.475	44.75	-2.74156669287474e-07	0.799999995829671	1.55247604131579e-10	63.0855335344998	0.199999780674665
14.625	44.75	-3.04584858699209e-07	0.799999997727302	2.02234064599314e-10	63.0615335624625	0.199999756332113
14.775	44.75	-3.30232101182498e-07	0.800000000106057	2.48972028633259e-10	63.0375335931164	0.199999735814319
14.925	44.75	-3.4813792794412e-07	0.800000003039429	2.95311320249251e-10	63.0135336258607	0.199999721489658
15.075	44.75	-3.54650715669733e-07	0.800000006613502	3.41366059161076e-10	62.9895336597766	0.199999716279428
15.225	44.75	-3.45319332320158e-07	0.800000010935739	3.86941708955554e-10	62.9655336935568	0.199999723744534
15.375	44.75	-3.1475985858884e-07	0.800000016142075	4.32100542432895e-10	62.9415337254217	0.199999748192113
15.525	44.75	-2.56485016590918e-07	0.800000022413149	4.76926356198856e-10	62.9175337530221	0.199999794811987
15.675	44.75	-1.6267817376923e-07	0.800000029995311	5.21304604299024e-10	62.8935337733221	0.199999869857461
15.825	44.75	-2.38858736715251e-08	0.800000039229057	5.65271022574905e-10	62.8695337824566	0.199999980891301
15.975	44.75	1.71407942433004e-07	0.800000050590647	6.08722970403594e-10	62.8455337755544	0.200000137126354
16.125	44.75	4.37377481286671e-07	0.800000064749249	6.51763394704621e-10	62.8215337465109	0.200000349901985
16.275	44.75	7.91691621219278e-07	0.800000082645485	6.94255687346074e-10	62.797533687693	0.200000633353297
16.425	44.75	1.25668924752477e-06	0.800000105597193	7.36254170483726e-10	62.7735335895473	0.200001005351398
16.575	44.75	1.861027052778e-06	0.80000013544555	7.77791531957799e-10	62.7495334400728	0.200001488821642
16.725	44.75	2.64198154867624e-06	0.800000174752995	8.18802815358152e-10	62.7255332241034	0.200002113585239
16.875	44.75	3.64865146958678e-06	0.800000227066896	8.59347980558195e-10	62.701532922327	0.200002918921176
17.025	44.75	4.94639294884056e-06	0.800000297279781	8.99207993221193e-10	62.6775325099381	0.200003957114359
17.175	44.75	6.62293524566442e-06	0.800000392109605	9.38628854187594e-10	62.6535319547825	0.200005298348197
17.325	44.75	8.7967798499803e-06	0.800000520751157	9.77454968299555e-10	62.6295312148073	0.20000703742388
17.475	44.75	1.16286953537049e-05	0.800000695751679	1.01580802972321e-09	62.6055302345546	0.200009302956283
17.625	44.75	1.53374051649364e-05	0.800000934198252	1.05329100706467e-09	62.5815289403507	0.200012269924132
17.775	44.75	2.02209519262003e-05	0.800001259319316	1.09045706829958e-09	62.5575272337174	0.200016176761541
17.925	44.75	2.66857439916173e-05	0.800001702641553	1.12685743747063e-09	62.5335249823627	0.200021348595193
18.075	44.75	3.52859826160921e-05	0.800002306869231	1.16260760162801e-09	62.5095220078852	0.200028228786093
18.225	44.75	4.67770775800669e-05	0.800003129711918	1.19783016192126e-09	62.4855180690223	0.200037421662064
18.375	44.75	6.21878480790327e-05	0.8000042489717	1.23234624392148e-09	62.4615128388685	0.200049750278463
18.525	44.75	8.29178911532759e-05	0.80000576937112	1.26619838704342e-09	62.4375058739538	0.200066334312923
18.675	44.75	0.000110868697286425	0.800007831882238	1.29932652424142e-09	62.4134965723563	0.200088694957829
18.825	44.75	0.000148620253141747	0.800010626665417	1.33175421895492e-09	62.3894841170426	0.200118896202513
18.975	44.75	0.000199669451691468	0.800014411039668	1.36345904129307e-09	62.3654673992887	0.200159735561353
19.125	44.75	0.000268753038672578	0.800019533933429	1.39429223646943e-09	62.3414449151549	0.200215002430938
19.275	44.75	0.000362286150034526	0.800026467847938	1.42434928182545e-09	62.3174146254093	0.200289828920028
19.425	44.75	0.000488957294351606	0.800035848663007	1.45349650287652e-09	62.2933737658419	0.200391165835481
19.575	44.75	0.000660531174820986	0.800048523528444	1.48163235125075e-09	62.2693185904822	0.200528424939857
19.725	44.75	0.000892922189216764	0.800065609379557	1.50861559446135e-09	62.2452440247523	0.200714337751373
19.875	44.75	0.00120761709930356	0.800088571033611	1.53445832319836e-09	62.2211431987989	0.200966093679443
20.025	44.75	0.00163355408468033	0.800119338258463	1.55875406854681e-09	62.1970068223368	0.201306843267744
20.175	44.75	0.00220962174754451	0.800160490637423	1.58126001116546e-09	62.1728223493322	0.201767697398036
20.325	44.75	0.00298804030859943	0.800215535801466	1.60166758652953e-09	62.1485728604134	0.20239043224688
20.475	44.75	0.00403902958313316	0.800289274363521	1.61948099353222e-09	62.1242355588778	0.203231223666507
20.625	44.75	0.00545732363364586	0.80038817153667	1.634034402849e-09	62.0997797298586	0.204365858906917
20.775	44.75	0.0073711839327231	0.800520547262817	1.64466947576841e-09	62.0751639540373	0.205896947146178
20.925	44.75	0.00995447738878054	0.800696290464356	1.64995800290206e-09	62.0503323088158	0.207963581911024
21.075	44.75	0.0134420119420558	0.800925762524663	1.64878087423642e-09	62.0252092534609	0.210753609553645
21.225	44.75	0.0181476175156081	0.801217643277785	1.63945089591163e-09	61.9996929101848	0.214518094012487
21.375	44.75	0.0244834934202999	0.801575709194422	1.62004347845483e-09	61.9736465489434	0.21958679473624
21.525	44.75	0.0329782628125841	0.801994872337296	1.58856886369458e-09	61.9468882779687	0.226382610250067
21.675	44.75	0.0442900720179771	0.802457174470541	1.54336759653263e-09	61.9191792411613	0.235432057614382
21.825	44.75	0.0592098316465485	0.80292878633543	1.48342388049793e-09	61.8902110348488	0.247367865317239
21.975	44.75	0.0786480162899733	0.803359399502003	1.40893023231714e-09	61.859593607198	0.262918413031979
22.125	44.75	0.103596190210042	0.803685582509994	1.32135361667908e-09	61.8268456413254	0.282876952168034
22.275	44.75	0.135052302431371	0.803839327566827	1.22408314791347e-09	61.7913903687735	0.308041841945097
22.425	44.75	0.17389899316754	0.80376174359873	1.12148630467669e-09	61.7525607971979	0.339119194534032
22.575	44.75	0.220730584461251	0.803419695125034	1.01860465525933e-09	61.7096190582476	0.376584467569001
22.725	44.75	0.275641526263139	0.802820791912073	9.2024406638079e-10	61.661794183761	0.420513221010511
22.875	44.75	0.3380178557423	0.802020579971769	8.30342122614078e-10	61.6083400311172	0.47041428459384
23.025	44.75	0.406404722778643	0.801116452748745	7.51428827768695e-10	61.5486096025539	0.525123778222914
23.175	44.75	0.478534571644787	0.800226930759971	6.84763882343135e-10	61.482134441578	0.58282765731583
23.325	44.75	0.551566086121123	0.799461973207977	6.3041970617718e-10	61.4086912863412	0.641252868896898
23.475	44.75	0.622501307342813	0.798895931844893	5.87698808162981e-10	61.32833725641	0.69800104587425
23.625	44.75	0.688659257337486	0.798554411973167	5.55342389256563e-10	61.2414022275495	0.750927405869989
23.775	44.75	0.748051809718872	0.798418745547907	5.31927138325835e-10	61.1484403385012	0.798441447775098
23.925	44.75	0.799557780740085	0.798442570605834	5.16009480532938e-10	61.0501550418116	0.839646224592068
24.075	44.75	0.842886470050393	0.798570851344427	5.06176860384153e-10	60.9473175515124	0.874309176040315
24.225	44.75	0.878398155757686	0.798753962942386	5.01252364156984e-10	60.840695694897	0.902718524606149
24.375	44.75	0.906872100207355	0.798954493707737	5.0020834456514e-10	60.7310025518272	0.925497680165884
24.525	44.75	0.929292197976505	0.799148197099855	5.02186958321117e-10	60.6188665357516	0.943433758381204
24.675	44.75	0.946685093936672	0.799321773430737	5.06502525804035e-10	60.5048195356992	0.957348075149337
24.825	44.75	0.960016774531012	0.799469692857123	5.12619374712019e-10	60.389297787386	0.968013419624809
24.975	44.75	0.970138072993926	0.799591293529786	5.20061640433465e-10	60.2726503183185	0.976110458395141
25.125	44.75	0.977764769170514	0.799688597618276	5.28496100965849e-10	60.1551509601692	0.982211815336412
25.275	44.75	0.983479107238177	0.799764852500997	5.37667674036967e-10	60.0370112415674	0.986783285790542
25.425	44.75	0.987742791084153	0.799823641211303	5.47357204050171e-10	59.918392583466	0.990194232867323
25.575	44.75	0.990914817848841	0.799868387128254	5.57376925820868e-10	59.7994170145159	0.992731854279072
25.725	44.75	0.993270126777028	0.799902112024835	5.67644332361373e-10	59.6801761353261	0.994616101421622
25.875	44.75	0.995016874794484	0.799927348409375	5.78043767848413e-10	59.5607383584615	0.996013499835588
26.025	44.75	0.996311339954034	0.799946140662638	5.88492322198107e-10	59.441154603955	0.997049071963227
26.175	44.75	0.997270176118109	0.799960092788303	5.98952961977884e-10	59.3214626913111	0.997816140894487
26.325	44.75	0.997980145938503	0.79997043609656	6.09387158031099e-10	59.2016906761584	0.998384116750803
26.475	44.75	0.998505654702477	0.799978100544	6.19776009492328e-10	59.0818593581304	0.998804523761981
26.625	44.75	0.998894473354603	0.799983780582574	6.30065257470655e-10	58.9619841524382	0.999115578683682
26.775	44.75	0.99918202980597	0.79998799122403	6.40268695892546e-10	58.8420764807681	0.999345623844776
26.925	44.75	0.999394600868414	0.799991113175642	6.50356990637079e-10	58.7221448029908	0.999515680694732
27.075	44.75	0.999551676929902	0.799993427735953	6.60317200002549e-10	58.6021953821575	0.999641341543922
27.225	44.75	0.999667711986693	0.799995143016578	6.70161361357491e-10	58.4822328519923	0.999734169589354
27.375	44.75	0.99975341990813	0.799996413289554	6.79875684776219e-10	58.3622606381637	0.999802735926504
27.525	44.75	0.999816736206899	0.799997353132307	6.89459043805714e-10	58.2422812711708	0.999853388965519
27.675	44.75	0.999863532816267	0.799998047751216	6.988984064896e-10	58.1222966187559	0.999890826253014
27.825	44.75	0.999898149900039	0.799998560542221	7.08190324302831e-10	58.0023080584808	0.999918519920031
27.975	44.75	0.99992379167808	0.799998938662536	7.17362906725869e-10	57.8823166057773	0.999939033342464
28.125	44.75	0.999942820940852	0.799999217162913	7.26400355232172e-10	57.7623230088605	0.999954256752682
28.275	44.75	0.999956977996892	0.799999422067099	7.35292044036434e-10	57.642327818997	0.999965582397514
28.425	44.75	0.999967543255816	0.7999995726732	7.4404417514861e-10	57.522331442459	0.999974034604653
28.575	44.75	0.999975457806021	0.799999683274525	7.52656582581581e-10	57.4023341788866	0.999980366244817
28.725	44.75	0.999981412728948	0.799999764445394	7.61128470854775e-10	57.282336249576	0.999985130183158
28.875	44.75	0.999985915176906	0.799999823999263	7.69466446615298e-10	57.162337818308	0.999988732141525
29.025	44.75	0.999989337201659	0.799999867702396	7.77675310122367e-10	57.0423390066617	0.999991469761327
29.175	44.75	0.999991951790854	0.79999989980431	7.85750516839348e-10	56.9223399052542	0.999993561432683
29.325	44.75	0.999993959424966	0.799999923431027	7.93674871146467e-10	56.8023405819764	0.999995167539973
29.475	44.75	0.999995507614444	0.799999940877431	8.01494319236848e-10	56.6823410880152	0.999996406091555
29.625	44.75	0.999996705242188	0.799999953823912	8.09175065167234e-10	56.5623414622511	0.999997364193751
29.775	44.75	0.999997633065886	0.799999963497347	8.1672139230061e-10	56.4423417344615	0.999998106452709
29.925	44.75	0.999998351385308	0.79999997079027	8.24127824542758e-10	56.3223419276532	0.999998681108246
30.075	44.75	0.999998905620683	0.799999976349488	8.31431583789632e-10	56.2023420597585	0.999999124496547
30.225	44.75	0.999999330355724	0.799999980642	8.38602412727955e-10	56.0823421448692	0.999999464284579
30.375	44.75	0.999999652255999	0.799999984003501	8.4562005121117e-10	55.9623421941376	0.999999721804799
30.525	44.75	0.999999892166624	0.799999986674175	8.52544810473309e-10	55.842342216435	0.999999913733299
30.675	44.75	1.00000006661445	0.799999988825751	8.59344421003019e-10	55.7223422188393	1.00000005329156
30.825	44.75	1.00000018888045	0.799999990580466	8.66009843255186e-10	55.6023422069973	1.00000015110436
30.975	44.75	1.0000002697643	0.799999992025751	8.7256821062352e-10	55.4823421854001	1.00000021581144
31.125	44.75	1.00000031813024	0.799999993224216	8.78994569432085e-10	55.3623421575949	1.00000025450419
31.275	44.75	1.00000034129913	0.799999994221514	8.85318247944292e-10	55.2423421263519	1.0000002730393
31.425	44.75	1.00000034533335	0.799999995051409	8.91530970693687e-10	55.122342093799	1.00000027626668
31.575	44.75	1.00000033524795	0.799999995739649	8.97612203634643e-10	55.0023420615325	1.00000026819836
31.725	44.75	1.00000031517155	0.799999996306583	9.03575152585263e-10	54.8823420307095	1.00000025213724
31.875	44.75	1.00000028847336	0.799999996768787	9.0944536645634e-10	54.7623420021276	1.00000023077869
32.025	44.75	1.00000025786736	0.799999997140519	9.15207269592016e-10	54.642341976292	1.00000020629389
32.175	44.75	1.00000022550096	0.799999997434168	9.20859937497805e-10	54.5223419534749	1.00000018040077
32.325	44.75	1.00000019303282	0.799999997661033	9.26390728109047e-10	54.4023419337656	1.00000015442626
32.475	44.75	1.00000016170284	0.799999997831136	9.31822675878792e-10	54.2823419171143	1.00000012936228
32.625	44.75	1.00000013239565	0.799999997953922	9.37143813271488e-10	54.1623419033693	1.00000010591652
32.775	44.75	1.00000010569877	0.799999998037682	9.42373471430871e-10	54.0423418923082	1.00000008455902
32.925	44.75	1.00000008195549	0.799999998090281	9.47492147365708e-10	53.9223418836638	1.00000006556439
33.075	44.75	1.0000000613128	0.799999998118364	9.52513108510597e-10	53.8023418771457	1.00000004905024
33.225	44.75	1.00000004376434	0.799999998128164	9.57441313135667e-10	53.6823418724563	1.00000003501148
33.375	44.75	1.00000002918824	0.799999998124831	9.6225135567536e-10	53.5623418693045	1.00000002335059
33.525	44.75	1.00000001737989	0.799999998112862	9.66994860221843e-10	53.4423418674147	1.00000001390391
33.675	44.75	1.00000000808002	0.799999998096086	9.71614074723339e-10	53.3223418665337	1.00000000646402
33.825	44.75	1.00000000099791	0.799999998077304	9.76163508038911e-10	53.2023418664345	1.00000000079833
33.975	44.75	0.999999995830295	0.799999998059044	9.80604103133031e-10	53.0823418669189	0.999999996664236
34.125	44.75	0.999999992276144	0.799999998043018	9.84953956981514e-10	52.9623418678174	0.999999993820915
34.275	44.75	0.999999990047873	0.799999998030605	9.89223195295483e-10	52.842341868989	0.999999992038299
34.425	44.75	0.99999998887925	0.799999998022498	9.93396557403179e-10	52.7223418703191	0.9999999911034
34.575	44.75	0.99999998853061	0.799999998019199	9.9748368554697e-10	52.6023418717174	0.999999990824488
34.725	44.75	0.999999988791718	0.799999998020873	1.00148776348657e-09	52.4823418731154	0.999999991033374
34.875	44.75	0.999999989482777	0.799999998027455	1.00539421799268e-09	52.3623418744632	0.999999991586222
35.025	44.75	0.99999999045399	0.799999998038734	1.00924406514134e-09	52.2423418757265	0.999999992363192
35.175	44.75	0.999999991583939	0.79999999805424	1.01298683461751e-09	52.1223418768844	0.999999993267151
35.325	44.75	0.99999999277732	0.799999998073539	1.01666969332605e-09	52.0023418779261	0.999999994221856
35.475	44.75	0.999999993962069	0.799999998096158	1.02024902111502e-09	51.8823418788491	0.999999995169655
35.625	44.75	0.999999995086349	0.799999998121686	1.0237624084724e-09	51.7623418796566	0.999999996069079
35.775	44.75	0.999999996115359	0.799999998149469	1.02719096360892e-09	51.642341880356	0.999999996892287
35.925	44.75	0.999999997028289	0.799999998179167	1.03056774303604e-09	51.5223418809576	0.999999997622631
36.075	44.75	0.999999997815456	0.79999999821023	1.03384822642777e-09	51.4023418814729	0.999999998252365
36.225	44.75	0.999999998475753	0.799999998242481	1.03706694485293e-09	51.282341881914	0.999999998780602
36.375	44.75	0.999999999014291	0.799999998275433	1.04020087704775e-09	51.1623418822928	0.999999999211432
36.525	44.75	0.99999999944046	0.799999998308884	1.04325609621425e-09	51.0423418826206	0.999999999552368
36.675	44.75	0.999999999766334	0.799999998342665	1.04626672805314e-09	50.9223418829076	0.999999999813067
36.825	44.75	1.00000000000535	0.7999999983766	1.04918807722623e-09	50.8023418831627	1.00000000000428
36.975	44.75	1.00000000017136	0.799999998410563	1.0520541820529e-09	50.6823418833936	1.00000000013709
37.125	44.75	1.00000000027793	0.799999998444415	1.05485172911736e-09	50.5623418836066	1.00000000022234
37.275	44.75	1.0000000003377	0.799999998478057	1.05758666433648e-09	50.4423418838069	1.00000000027016
37.425	44.75	1.00000000036183	0.799999998511524	1.06024472363231e-09	50.3223418839984	1.00000000028947
37.575	44.75	1.00000000035915	0.799999998544486	1.06284954299488e-09	50.202341884184	1.00000000028732
37.725	44.75	1.00000000033568	0.799999998577296	1.06538597271416e-09	50.0823418843661	1.00000000026855
37.875	44.75	1.00000000029555	0.799999998610384	1.06785918249203e-09	49.9623418845464	1.00000000023644
38.025	44.75	1.00000000024454	0.799999998644841	1.07027083658603e-09	49.8423418847262	1.00000000019563
38.175	44.75	1.00000000019659	0.799999998681368	1.07263774291759e-09	49.722341884906	1.00000000015727
38.325	44.75	1.00000000017808	0.799999998718386	1.07493199330969e-09	49.6023418850841	1.00000000014246
38.475	44.75	1.00000000021823	0.799999998749757	1.07718120178577e-09	49.4823418852563	1.00000000017458
38.625	44.75	1.00000000031041	0.799999998764821	1.0793667949394e-09	49.3623418854173	1.00000000024832
38.775	44.75	1.00000000034603	0.799999998757186	1.08149498061566e-09	49.2423418855673	1.00000000027683
38.925	44.75	1.00000000007389	0.799999998744659	1.08355702390606e-09	49.1223418857237	1.00000000005911
39.075	44.75	0.99999999921204	0.799999998793426	1.08559487291739e-09	49.0023418859297	0.999999999369632
39.225	44.75	0.999999997861592	0.799999999012447	1.08754756619728e-09	48.882341886237	0.999999998289274
39.375	44.75	0.99999999718717	0.799999999463019	1.08947116233676e-09	48.7623418866366	0.999999997749736
39.525	44.75	0.999999999800277	0.799999999951655	1.09133797574632e-09	48.6423418869382	0.999999999840222
39.675	44.75	1.00000000854992	0.799999999799638	1.09314564024305e-09	48.5223418866894	1.00000000683993
39.825	44.75	1.00000002228112	0.799999997924485	1.09490296371328e-09	48.4023418853567	1.00000001782489
39.975	44.75	1.00000002906865	0.799999993762529	1.09662382392276e-09	48.2823418830341	1.00000002325492
40.125	44.75	1.00000000269436	0.79999998929836	1.09829346134377e-09	48.1623418816468	1.00000000215548
40.275	44.75	0.999999915051591	0.799999991208938	1.09990803532087e-09	48.0423418857273	0.999999932041273
40.425	44.75	0.999999777875195	0.800000009879529	1.10148061985512e-09	47.9223419005942	0.999999822300156
40.575	44.75	0.999999707649949	0.800000050415331	1.10300216798134e-09	47.8023419254114	0.999999766119959
40.725	44.75	0.999999957517786	0.800000093627747	1.10448393635366e-09	47.6823419416008	0.999999966014229
40.875	44.75	1.00000079734944	0.800000076831534	1.10592678165578e-09	47.5623419054797	1.00000063787955
41.025	44.75	1.00000212196184	0.799999904312486	1.10730936076099e-09	47.4423417654603	1.00000169756947
41.175	44.75	1.00000285290251	0.799999530180243	1.10866203223711e-09	47.3223415267694	1.00000228232201
41.325	44.75	1.00000065163091	0.799999127926556	1.10995572307034e-09	47.2023413586493	1.00000052130473
41.475	44.75	0.999993003857964	0.799999255481929	1.11123707541275e-09	47.0823416632784	0.999994403086371
41.625	44.75	0.99998070663778	0.80000075608769	1.112459437541e-09	46.9623429252627	0.999984565310224
41.775	44.75	0.999973138464122	0.800004040713906	1.11365154878636e-09	46.8423451407812	0.999978510771298
41.925	44.75	0.999990827520928	0.800007657630921	1.11477443731136e-09	46.7223468704895	0.999992662016743
42.075	44.75	1.0000563795365	0.80000693625298	1.11580761553734e-09	46.6023446046247	1.0000451036292
42.225	44.75	1.00016528886126	0.799994824129659	1.11677102143076e-09	46.4823339646488	1.00013223108901
42.375	44.75	1.00024184955225	0.799967674203477	1.11773435834332e-09	46.3623144221298	1.0001934796418
42.525	44.75	1.00011633628365	0.799936550483085	1.11882200180388e-09	46.24229722915	1.00009306902692
42.675	44.75	0.999594226904114	0.799937860683407	1.12023304622347e-09	46.12231112219	0.999675381523291
42.825	44.75	0.998683926303416	0.800027372478345	1.12195832602243e-09	46.002393773328	0.998947141042733
42.975	44.75	0.997944673226163	0.800237006862875	1.12349377469133e-09	45.8825556052421	0.99835573858093
43.125	44.75	0.998684258980449	0.800490005503	1.12367114669342e-09	45.7627174109201	0.99894740718436
43.275	44.75	1.00248296175523	0.800522975180925	1.12105331608652e-09	45.6426613805998	1.00198636940418
43.425	44.75	1.0095592762232	0.79993482561442	1.11549235537484e-09	45.5220834780622	1.00764742097856
43.575	44.75	1.01623380734679	0.798479881655686	1.11030315488289e-09	45.4008457014055	1.01298704587743
43.725	44.75	1.01328677096908	0.796573391885688	1.11354983673411e-09	45.279428545109	1.01062941677526
43.875	44.75	0.98868089776498	0.795833250685857	1.13630851953268e-09	45.1593335506674	0.990944718211984
44.025	44.75	0.938367896728716	0.7993510073676	1.18511995365305e-09	45.0428405182056	0.950694317382972
44.175	44.75	0.884673133607483	0.810192428766633	1.24194013524389e-09	44.9313520125779	0.907738506885986
44.325	44.75	0.889127901659471	0.824441952958833	1.23776091124576e-09	44.8222076585319	0.911302321327577
44.475	44.75	1.03257195114392	0.826489829221776	1.09974003591864e-09	44.7059572529185	1.02605756091514
44.625	44.75	1.34924434131925	0.808622133188501	8.82090911179016e-10	44.5677998170442	1.2793954730554
44.775	44.75	1.76408811730469	0.709537047692902	7.00352184955465e-10	44.3955930039344	1.61127049384375
44.925	44.75	2.11154506536778	0.834636814378114	5.97245476468492e-10	44.2248229842733	1.88923605229422
0.075	45.25	3.47473593419489e-16	0.399999999947736	-2.92421279688339e-09	65.3895334093917	0.2
0.225	45.25	1.09796498770162e-15	0.799999999842573	-2.92340407126371e-09	65.3655334093949	0.200000000000001
0.375	45.25	2.54818929232387e-15	0.799999999737997	-2.92159716359461e-09	65.3415334094012	0.200000000000002
0.525	45.25	4.61626581482866e-15	0.799999999633358	-2.9188315250653e-09	65.3175334094106	0.200000000000004
0.675	45.25	7.14881698937671e-15	0.799999999528594	-2.91514632272199e-09	65.2935334094231	0.200000000000006
0.825	45.25	9.93588427068514e-15	0.799999999424649	-2.91063215500593e-09	65.2695334094388	0.200000000000008
0.975	45.25	1.27379704179139e-14	0.799999999320331	-2.90499938354843e-09	65.2455334094577	0.20000000000001
1.125	45.25	1.52997074181501e-14	0.799999999216151	-2.89849435412217e-09	65.2215334094796	0.200000000000012
1.275	45.25	1.73403388737353e-14	0.799999999112565	-2.89120578457665e-09	65.1975334095047	0.200000000000014
1.425	45.25	1.85241247441006e-14	0.799999999009082	-2.88304927004957e-09	65.1735334095329	0.200000000000015
1.575	45.25	1.84215048954823e-14	0.799999998905799	-2.87371218561812e-09	65.1495334095642	0.200000000000015
1.725	45.25	1.64738684628958e-14	0.799999998803272	-2.86375278354807e-09	65.1255334095985	0.200000000000013
1.875	45.25	1.19727218080852e-14	0.799999998700666	-2.85273798406034e-09	65.101533409636	0.20000000000001
2.025	45.25	4.06047187861166e-15	0.799999998598762	-2.84098764800689e-09	65.0775334096765	0.200000000000003
2.175	45.25	-8.24291942057945e-15	0.799999998497271	-2.82830058115768e-09	65.05353340972	0.199999999999993
2.325	45.25	-2.59845091082605e-14	0.79999999839647	-2.81467926707248e-09	65.0295334097666	0.199999999999979
2.475	45.25	-5.01910920121275e-14	0.799999998295902	-2.80015278825543e-09	65.0055334098163	0.19999999999996
2.625	45.25	-8.17460216177827e-14	0.799999998195926	-2.78484156112985e-09	64.9815334098689	0.199999999999935
2.775	45.25	-1.21225242600981e-13	0.799999998096566	-2.76855558335221e-09	64.9575334099245	0.199999999999903
2.925	45.25	-1.68687693038434e-13	0.799999997997924	-2.75152891390304e-09	64.9335334099831	0.199999999999865
3.075	45.25	-2.2341664909982e-13	0.799999997899932	-2.73354781546361e-09	64.9095334100447	0.199999999999821
3.225	45.25	-2.83611671964295e-13	0.799999997802308	-2.71483899733012e-09	64.8855334101092	0.199999999999773
3.375	45.25	-3.46035690030984e-13	0.799999997705515	-2.69520271002456e-09	64.8615334101766	0.199999999999723
3.525	45.25	-4.05628545124552e-13	0.799999997609871	-2.67476527358364e-09	64.8375334102469	0.199999999999676
3.675	45.25	-4.55107087334401e-13	0.799999997514614	-2.65356897446831e-09	64.8135334103201	0.199999999999636
3.825	45.25	-4.84582706376805e-13	0.799999997420134	-2.63166513228073e-09	64.7895334103961	0.199999999999612
3.975	45.25	-4.81239935907666e-13	0.799999997327017	-2.60881902894339e-09	64.765533410475	0.199999999999615
4.125	45.25	-4.29134299664652e-13	0.799999997234001	-2.58524079888919e-09	64.7415334105566	0.199999999999657
4.275	45.25	-3.09183364034493e-13	0.799999997141985	-2.56083205078295e-09	64.717533410641	0.199999999999753
4.425	45.25	-9.94413056800576e-14	0.799999997051492	-2.53560722679444e-09	64.6935334107281	0.19999999999992
4.575	45.25	2.24237047210476e-13	0.799999996961459	-2.50983423385993e-09	64.6695334108179	0.200000000000179
4.725	45.25	6.87023334636863e-13	0.799999996872528	-2.48323492347199e-09	64.6455334109104	0.20000000000055
4.875	45.25	1.31330562273127e-12	0.799999996784499	-2.45583275176827e-09	64.6215334110055	0.200000000001051
5.025	45.25	2.12411093632094e-12	0.799999996697804	-2.42783456198024e-09	64.5975334111031	0.200000000001699
5.175	45.25	3.13363844298028e-12	0.799999996611604	-2.39901742119336e-09	64.5735334112032	0.200000000002507
5.325	45.25	4.34480354138853e-12	0.799999996526938	-2.36952013919178e-09	64.5495334113058	0.200000000003476
5.475	45.25	5.74373323505058e-12	0.799999996443188	-2.33943354338462e-09	64.5255334114107	0.200000000004595
5.625	45.25	7.29321536478944e-12	0.799999996360504	-2.30866037103826e-09	64.5015334115181	0.200000000005835
5.775	45.25	8.92519278717271e-12	0.799999996279142	-2.27726611446312e-09	64.4775334116277	0.20000000000714
5.925	45.25	1.05325120513327e-11	0.799999996198569	-2.24514606271715e-09	64.4535334117396	0.200000000008426
6.075	45.25	1.19602875247622e-11	0.799999996119157	-2.21237373565167e-09	64.4295334118538	0.200000000009568
6.225	45.25	1.2997427577743e-11	0.799999996041132	-2.17913218547852e-09	64.4055334119702	0.200000000010398
6.375	45.25	1.33690888237923e-11	0.799999995964509	-2.14520249779962e-09	64.3815334120888	0.200000000010695
6.525	45.25	1.27310739191253e-11	0.79999999588884	-2.11068897747511e-09	64.3575334122097	0.200000000010185
6.675	45.25	1.06674610204616e-11	0.799999995814165	-2.07558701360234e-09	64.333533412333	0.200000000008534
6.825	45.25	6.69303690690424e-12	0.799999995741023	-2.04003033960249e-09	64.3095334124588	0.200000000005354
6.975	45.25	2.62384142491692e-13	0.799999995668872	-2.00380930512519e-09	64.2855334125873	0.20000000000021
7.125	45.25	-9.21227767190805e-12	0.79999999559866	-1.96716355784562e-09	64.2615334127186	0.19999999999263
7.275	45.25	-2.23322050175955e-11	0.799999995529336	-1.92991691114829e-09	64.2375334128532	0.199999999982134
7.425	45.25	-3.96698097347537e-11	0.799999995461362	-1.89225012163856e-09	64.2135334129912	0.199999999968264
7.575	45.25	-6.17105574601266e-11	0.799999995395532	-1.85406872312638e-09	64.1895334131331	0.199999999950632
7.725	45.25	-8.87769668067772e-11	0.799999995330688	-1.81542577246942e-09	64.1655334132793	0.199999999928978
7.875	45.25	-1.20933060744277e-10	0.799999995267895	-1.77630893734485e-09	64.1415334134303	0.199999999903254
8.025	45.25	-1.57868389788222e-10	0.79999999520707	-1.73684879218352e-09	64.1175334135864	0.199999999873705
8.175	45.25	-1.98761869418563e-10	0.799999995147744	-1.69692337192303e-09	64.0935334137482	0.199999999840991
8.325	45.25	-2.42127204117839e-10	0.799999995090742	-1.65663430559154e-09	64.0695334139157	0.199999999806298
8.475	45.25	-2.85643650561645e-10	0.799999995036286	-1.61593051657226e-09	64.0455334140892	0.199999999771485
8.625	45.25	-3.25978330915651e-10	0.799999994984282	-1.57498635239453e-09	64.0215334142684	0.199999999739217
8.775	45.25	-3.58609249634591e-10	0.799999994934632	-1.53352421845784e-09	63.9975334144528	0.199999999713113
8.925	45.25	-3.77661569707707e-10	0.799999994887707	-1.4918412671197e-09	63.9735334146412	0.199999999697871
9.075	45.25	-3.75773504821294e-10	0.799999994843792	-1.44976183900052e-09	63.949533414832	0.199999999699381
9.225	45.25	-3.44012273878817e-10	0.799999994802361	-1.40746163811828e-09	63.9255334150227	0.19999999972479
9.375	45.25	-2.71864780773271e-10	0.799999994764078	-1.36490576641012e-09	63.9015334152099	0.199999999782508
9.525	45.25	-1.47331800674847e-10	0.799999994728021	-1.32197507541216e-09	63.8775334153891	0.199999999882135
9.675	45.25	4.28418167017806e-11	0.799999994694394	-1.27881930630932e-09	63.8535334155545	0.200000000034273
9.825	45.25	3.12765437222001e-10	0.799999994662582	-1.23552536429133e-09	63.8295334156992	0.200000000250212
9.975	45.25	6.7679213618806e-10	0.799999994631877	-1.19199013639051e-09	63.8055334158147	0.200000000541434
10.125	45.25	1.14866197837407e-09	0.799999994601205	-1.14818622316116e-09	63.7815334158913	0.20000000091893
10.275	45.25	1.74036375619437e-09	0.799999994569714	-1.10426270675658e-09	63.7575334159181	0.200000001392291
10.425	45.25	2.46068474664187e-09	0.799999994535696	-1.0601584114404e-09	63.733533415883	0.200000001968548
10.575	45.25	3.31342632902217e-09	0.799999994497693	-1.01594011728917e-09	63.7095334157735	0.200000002650741
10.725	45.25	4.29527555475586e-09	0.799999994453566	-9.71640952358377e-10	63.685533415577	0.20000000343622
10.875	45.25	5.39333949545187e-09	0.799999994401316	-9.27174110022126e-10	63.6615334152816	0.200000004314672
11.025	45.25	6.58237083142433e-09	0.799999994338393	-8.82574567727139e-10	63.6375334148774	0.200000005265897
11.175	45.25	7.82173994198248e-09	0.799999994262067	-8.37875108454712e-10	63.6135334143575	0.200000006257392
11.325	45.25	9.05224077336141e-09	0.799999994170013	-7.93197524440795e-10	63.5895334137199	0.200000007241793
11.475	45.25	1.01928547773031e-08	0.799999994059844	-7.48525213678192e-10	63.5655334129692	0.200000008154284
11.625	45.25	1.11376386961961e-08	0.79999999392875	-7.03693148378233e-10	63.5415334121193	0.200000008910111
11.775	45.25	1.17529470128488e-08	0.799999993775712	-6.58903825467267e-10	63.5175334111951	0.200000009402358
11.925	45.25	1.18752471633529e-08	0.799999993599044	-6.14199946047827e-10	63.4935334102361	0.200000009500198
12.075	45.25	1.13098333791133e-08	0.799999993399365	-5.69486792609744e-10	63.4695334092991	0.200000009047867
12.225	45.25	9.83079109149253e-09	0.799999993177345	-5.24717261839399e-10	63.4455334084607	0.200000007864633
12.375	45.25	7.18260561837949e-09	0.799999992936381	-4.80112171331648e-10	63.4215334078209	0.200000005746085
12.525	45.25	3.08384344476899e-09	0.799999992681175	-4.35527734401811e-10	63.3975334075055	0.200000002467075
12.675	45.25	-2.76664129780991e-09	0.799999992419375	-3.91075870980752e-10	63.373533407668	0.199999997786687
12.825	45.25	-1.06805116853264e-08	0.799999992160654	-3.46700860964224e-10	63.3495334084915	0.199999991455591
12.975	45.25	-2.09673061733939e-08	0.799999991918528	-3.0238961352478e-10	63.325533410189	0.199999983226155
13.125	45.25	-3.39179161525968e-08	0.799999991709668	-2.58341694608404e-10	63.3015334130021	0.199999972865667
13.275	45.25	-4.97837929513502e-08	0.799999991554141	-2.14315932849199e-10	63.2775334171986	0.199999960172966
13.425	45.25	-6.87515579952211e-08	0.799999991476175	-1.70503913979217e-10	63.2535334230673	0.199999944998754
13.575	45.25	-9.0912770583392e-08	0.799999991504085	-1.26888504337232e-10	63.2295334309104	0.199999927269784
13.725	45.25	-1.16228699954754e-07	0.799999991670202	-8.34750358921099e-11	63.2055334410324	0.19999990701704
13.875	45.25	-1.44490042171246e-07	0.799999992010302	-4.02737964255266e-11	63.1815334537261	0.199999884407966
14.025	45.25	-1.75271602560017e-07	0.799999992565281	2.69100570702907e-12	63.1575334692538	0.199999859782718
14.175	45.25	-2.07882008655243e-07	0.79999999337862	4.53968401275016e-11	63.1335334878243	0.199999833694393
14.325	45.25	-2.41308495265406e-07	0.799999994498733	8.78840885675496e-11	63.1095335095644	0.199999806953204
14.475	45.25	-2.741566692599e-07	0.79999999597843	1.30153342353992e-10	63.0855335344856	0.199999780674665
14.625	45.25	-3.04584858674571e-07	0.799999997874854	1.72094276089658e-10	63.0615335624438	0.199999756332113
14.775	45.25	-3.30232101163049e-07	0.800000000252805	2.13767023727064e-10	63.0375335930934	0.199999735814319
14.925	45.25	-3.48137927932364e-07	0.800000003184659	2.55042304302104e-10	63.0135336258332	0.199999721489658
15.075	45.25	-3.54650715668994e-07	0.800000006757932	2.96031865198357e-10	62.9895336597448	0.199999716279428
15.225	45.25	-3.45319332334067e-07	0.800000011078711	3.366608455027e-10	62.9655336935207	0.199999723744534
15.375	45.25	-3.14759858622023e-07	0.800000016283774	3.77034562238893e-10	62.9415337253814	0.199999748192113
15.525	45.25	-2.56485016648544e-07	0.800000022553559	4.16933754732078e-10	62.9175337529776	0.199999794811987
15.675	45.25	-1.62678173857633e-07	0.80000003013447	4.56568412778136e-10	62.8935337732733	0.199999869857461
15.825	45.25	-2.38858737980999e-08	0.800000039366619	4.95720866115364e-10	62.8695337824037	0.199999980891301
15.975	45.25	1.71407942259394e-07	0.800000050726984	5.34469258900549e-10	62.8455337754974	0.200000137126354
16.125	45.25	4.37377481055094e-07	0.800000064884159	5.72892161727936e-10	62.8215337464498	0.200000349901985
16.275	45.25	7.91691620916712e-07	0.800000082778621	6.10877695084365e-10	62.7975336876279	0.200000633353297
16.425	45.25	1.25668924713416e-06	0.800000105728654	6.48301723989616e-10	62.7735335894782	0.200001005351398
16.575	45.25	1.86102705227862e-06	0.800000135575744	6.85389782051656e-10	62.7495334399998	0.200001488821642
16.725	45.25	2.64198154804037e-06	0.800000174881397	7.21990677251402e-10	62.7255332240264	0.200002113585238
16.875	45.25	3.64865146877929e-06	0.80000022719376	7.58134997752345e-10	62.7015329222463	0.200002918921175
17.025	45.25	4.9463929478142e-06	0.800000297404725	7.93773473860827e-10	62.6775325098535	0.200003957114358
17.175	45.25	6.62293524435756e-06	0.800000392232859	8.28853679007333e-10	62.6535319546942	0.200005298348195
17.325	45.25	8.7967798483097e-06	0.800000520872638	8.63559243810767e-10	62.6295312147154	0.200007037423879
17.475	45.25	1.16286953515612e-05	0.800000695871418	8.97646540671608e-10	62.6055302344591	0.200009302956281
17.625	45.25	1.53374051621701e-05	0.800000934316161	9.31348713140256e-10	62.5815289402517	0.20001226992413
17.775	45.25	2.02209519226154e-05	0.800001259435286	9.64373425006442e-10	62.5575272336149	0.200016176761538
17.925	45.25	2.66857439869473e-05	0.80000170275552	9.97073336682295e-10	62.5335249822567	0.20002134859519
18.075	45.25	3.52859826099837e-05	0.800002306981267	1.02902614259767e-09	62.5095220077758	0.200028228786088
18.225	45.25	4.67770775720469e-05	0.800003129822039	1.06039337751712e-09	62.4855180689096	0.200037421662058
18.375	45.25	6.21878480684716e-05	0.800004249079768	1.09126281386241e-09	62.4615128387524	0.200049750278455
18.525	45.25	8.29178911393375e-05	0.800005769477149	1.12150906203638e-09	62.4375058738346	0.200066334312911
18.675	45.25	0.000110868697268004	0.800007831986179	1.15108583464682e-09	62.4134965722339	0.200088694957814
18.825	45.25	0.00014862025311739	0.800010626767395	1.18008328217706e-09	62.3894841169171	0.200118896202494
18.975	45.25	0.000199669451659255	0.800014411139621	1.20837557905367e-09	62.3654673991602	0.200159735561327
19.125	45.25	0.000268753038629964	0.800019534030993	1.2359928611329e-09	62.3414449150234	0.200215002430904
19.275	45.25	0.00036228614997815	0.800026467943596	1.26290899371873e-09	62.317414625275	0.200289828919983
19.425	45.25	0.000488957294277088	0.800035848756363	1.2889409136655e-09	62.2933737657047	0.200391165835422
19.575	45.25	0.000660531174722586	0.800048523619526	1.31411533173676e-09	62.2693185903422	0.200528424939778
19.725	45.25	0.000892922189086974	0.80006560946845	1.33834166215839e-09	62.2452440246096	0.20071433775127
19.875	45.25	0.00120761709913271	0.800088571120392	1.3613961399834e-09	62.2211431986536	0.200966093679306
20.025	45.25	0.00163355408445563	0.800119338342892	1.38313181648298e-09	62.197006822189	0.201306843267565
20.175	45.25	0.00220962174724955	0.800160490719578	1.4033541980508e-09	62.1728223491819	0.2017676973978
20.325	45.25	0.00298804030821299	0.800215535881441	1.42175610865758e-09	62.1485728602606	0.20239043224657
20.475	45.25	0.00403902958262809	0.800289274441286	1.43776757628004e-09	62.1242355587226	0.203231223666102
20.625	45.25	0.00545732363298636	0.800388171611941	1.45092427118377e-09	62.0997797297011	0.204365858906389
20.775	45.25	0.00737118393186274	0.800520547335894	1.46043678072441e-09	62.0751639538776	0.20589694714549
20.925	45.25	0.0099544773876609	0.800696290535192	1.46533411997491e-09	62.050332308654	0.207963581910129
21.075	45.25	0.0134420119406018	0.800925762593172	1.46449558736228e-09	62.0252092532971	0.210753609552481
21.225	45.25	0.0181476175137281	0.801217643344337	1.45641443926057e-09	61.999692910019	0.214518094010982
21.375	45.25	0.0244834934178807	0.801575709258355	1.43926691958555e-09	61.9736465487756	0.219586794734305
21.525	45.25	0.0329782628094901	0.80199487239938	1.41148428364526e-09	61.9468882777991	0.226382610247592
21.675	45.25	0.044290072014046	0.802457174530465	1.37149833291269e-09	61.9191792409899	0.235432057611237
21.825	45.25	0.0592098316415974	0.802928786393516	1.31834615119864e-09	61.8902110346758	0.247367865313278
21.975	45.25	0.0786480162838009	0.803359399558148	1.25222154345616e-09	61.8595936070233	0.262918413027041
22.125	45.25	0.103596190202442	0.803685582564376	1.1745580809172e-09	61.8268456411491	0.282876952161954
22.275	45.25	0.13505230242214	0.803839327619675	1.08818382524855e-09	61.7913903685956	0.308041841937712
22.425	45.25	0.173898993156515	0.803761743649991	9.97072771357817e-10	61.7525607970185	0.339119194525212
22.575	45.25	0.220730584448366	0.803419695175149	9.0571806179911e-10	61.7096190580666	0.376584467558693
22.725	45.25	0.275641526248465	0.802820791960824	8.18340373099947e-10	61.6617941835784	0.420513220998772
22.875	45.25	0.338017855726096	0.802020580019466	7.38442304801924e-10	61.6083400309329	0.470414284580876
23.025	45.25	0.406404722761368	0.801116452795527	6.6834275379695e-10	61.5486096023677	0.525123778209095
23.175	45.25	0.478534571627068	0.800226930805707	6.09134237531977e-10	61.4821344413897	0.582827657301655
23.325	45.25	0.551566086103672	0.799461973252855	5.60909281307777e-10	61.4086912861504	0.641252868882938
23.475	45.25	0.622501307326342	0.798895931888897	5.23001761620959e-10	61.3283372562164	0.698001045861074
23.625	45.25	0.688659257322549	0.798554412016484	4.94300174377684e-10	61.2414022273526	0.750927405858039
23.775	45.25	0.748051809705825	0.798418745590592	4.7358314214839e-10	61.1484403383007	0.79844144776466
23.925	45.25	0.799557780729061	0.798442570647853	4.59494014474643e-10	61.0501550416071	0.839646224583249
24.075	45.25	0.842886470041344	0.798570851385898	4.50859513902465e-10	60.9473175513034	0.874309176033076
24.225	45.25	0.878398155750435	0.798753962983285	4.465995083589e-10	60.8406956946833	0.902718524600348
24.375	45.25	0.906872100201672	0.798954493748098	4.45770455825963e-10	60.7310025516086	0.925497680161337
24.525	45.25	0.929292197972131	0.799148197139721	4.47654570034946e-10	60.6188665355278	0.943433758377705
24.675	45.25	0.946685093933351	0.799321773470118	4.51633392904427e-10	60.5048195354701	0.957348075146681
24.825	45.25	0.960016774528518	0.799469692895974	4.5718848365697e-10	60.3892977871515	0.968013419622814
24.975	45.25	0.970138072992065	0.799591293568184	4.63961816098775e-10	60.2726503180786	0.976110458393652
25.125	45.25	0.977764769169146	0.799688597656197	4.71614292815082e-10	60.1551509599238	0.982211815335317
25.275	45.25	0.983479107237176	0.799764852538372	4.79910634885025e-10	60.0370112413165	0.986783285789741
25.425	45.25	0.987742791083423	0.799823641248218	4.88668030622946e-10	59.9183925832097	0.990194232866738
25.575	45.25	0.990914817848291	0.799868387164694	4.97734262931044e-10	59.7994170142542	0.992731854278633
25.725	45.25	0.993270126776626	0.799902112060832	5.07006184883109e-10	59.6801761350591	0.994616101421301
25.875	45.25	0.995016874794198	0.799927348444873	5.16388588019909e-10	59.5607383581892	0.996013499835358
26.025	45.25	0.996311339953828	0.799946140697593	5.25839894232535e-10	59.4411546036775	0.997049071963062
26.175	45.25	0.997270176117959	0.799960092822828	5.35296522064219e-10	59.3214626910283	0.997816140894367
26.325	45.25	0.997980145938394	0.79997043613065	5.44738675779746e-10	59.2016906758705	0.998384116750715
26.475	45.25	0.998505654702398	0.799978100577571	5.54109057556725e-10	59.0818593578375	0.998804523761918
26.625	45.25	0.998894473354539	0.79998378061562	5.63405262310305e-10	58.9619841521403	0.999115578683631
26.775	45.25	0.999182029805931	0.799987991256634	5.72625558492908e-10	58.8420764804653	0.999345623844744
26.925	45.25	0.999394600868384	0.799991113207798	5.81734476992052e-10	58.7221448026831	0.999515680694708
27.075	45.25	0.999551676929886	0.799993427767664	5.90747572809759e-10	58.602195381845	0.999641341543909
27.225	45.25	0.999667711986681	0.79999514304779	5.99640436712706e-10	58.4822328516751	0.999734169589345
27.375	45.25	0.999753419908127	0.799996413320288	6.08419220016619e-10	58.3622606378419	0.999802735926502
27.525	45.25	0.999816736206901	0.799997353162593	6.17086479281479e-10	58.2422812708444	0.999853388965521
27.675	45.25	0.999863532816261	0.799998047781094	6.25625794992815e-10	58.122296618425	0.999890826253009
27.825	45.25	0.999898149900035	0.799998560571587	6.34055165229976e-10	58.0023080581455	0.999918519920028
27.975	45.25	0.999923791678073	0.799998938691477	6.423540843579e-10	57.8823166054375	0.999939033342458
28.125	45.25	0.999942820940843	0.799999217191414	6.50517120413742e-10	57.7623230085164	0.999954256752674
28.275	45.25	0.999956977996887	0.799999422095134	6.58556577013403e-10	57.6423278186487	0.99996558239751
28.425	45.25	0.999967543255815	0.799999572700756	6.66479045003222e-10	57.5223314421065	0.999974034604652
28.575	45.25	0.999975457806025	0.799999683301725	6.7428761851658e-10	57.4023341785301	0.99998036624482
28.725	45.25	0.999981412728945	0.799999764472135	6.81958229462129e-10	57.2823362492154	0.999985130183156
28.875	45.25	0.999985915176909	0.799999824025554	6.89514571905081e-10	57.1623378179434	0.999988732141527
29.025	45.25	0.999989337201668	0.799999867728268	6.96952839061865e-10	57.0423390062932	0.999991469761334
29.175	45.25	0.999991951790858	0.799999899829779	7.04261497006476e-10	56.9223399048819	0.999993561432687
29.325	45.25	0.999993959424973	0.799999923456037	7.11462939403726e-10	56.8023405816002	0.999995167539979
29.475	45.25	0.999995507614443	0.799999940901998	7.18529582719123e-10	56.6823410876354	0.999996406091554
29.625	45.25	0.999996705242193	0.799999953848118	7.25487226693553e-10	56.5623414618676	0.999997364193755
29.775	45.25	0.99999763306589	0.799999963521145	7.32344031071817e-10	56.4423417340744	0.999998106452712
29.925	45.25	0.999998351385311	0.799999970813637	7.39064631757456e-10	56.3223419272626	0.999998681108249
30.075	45.25	0.999998905620675	0.799999976372499	7.45659924164951e-10	56.2023420593644	0.99999912449654
30.225	45.25	0.999999330355726	0.799999980664607	7.52158854585267e-10	56.0823421444717	0.999999464284581
30.375	45.25	0.99999965225599	0.799999984025651	7.58561265940719e-10	55.9623421937367	0.999999721804792
30.525	45.25	0.999999892166614	0.799999986695999	7.64814402524156e-10	55.8423422160309	0.999999913733291
30.675	45.25	1.00000006661444	0.799999988847143	7.70979686023541e-10	55.7223422184319	1.00000005329155
30.825	45.25	1.00000018888044	0.799999990601528	7.77048677450601e-10	55.6023422065867	1.00000015110436
30.975	45.25	1.0000002697643	0.799999992046414	7.82992053374935e-10	55.4823421849864	1.00000021581144
31.125	45.25	1.00000031813024	0.799999993244489	7.88842585905348e-10	55.3623421571781	1.00000025450419
31.275	45.25	1.00000034129913	0.799999994241421	7.94562104294035e-10	55.2423421259321	1.0000002730393
31.425	45.25	1.00000034533335	0.799999995071005	8.0019039972015e-10	55.1223420933762	1.00000027626668
31.575	45.25	1.00000033524795	0.799999995758859	8.05726515870079e-10	55.0023420611068	1.00000026819836
31.725	45.25	1.00000031517156	0.7999999963254	8.11168698274342e-10	54.882342030281	1.00000025213724
31.875	45.25	1.00000028847337	0.79999999678727	8.16497290735113e-10	54.7623420016962	1.0000002307787
32.025	45.25	1.00000025786737	0.799999997158633	8.21732166480646e-10	54.6423419758579	1.0000002062939
32.175	45.25	1.00000022550096	0.799999997452041	8.26840438034723e-10	54.5223419530381	1.00000018040077
32.325	45.25	1.00000019303282	0.799999997678481	8.31890723749098e-10	54.4023419333262	1.00000015442626
32.475	45.25	1.00000016170284	0.799999997848274	8.36829559622107e-10	54.2823419166723	1.00000012936227
32.625	45.25	1.00000013239567	0.799999997970687	8.41682281388532e-10	54.1623419029247	1.00000010591653
32.775	45.25	1.00000010569878	0.799999998054193	8.46423208275672e-10	54.0423418918611	1.00000008455902
32.925	45.25	1.00000008195549	0.799999998106394	8.51077703079754e-10	53.9223418832143	1.00000006556439
33.075	45.25	1.00000006131281	0.799999998134205	8.55640766953772e-10	53.8023418766938	1.00000004905025
33.225	45.25	1.00000004376436	0.799999998143666	8.60124706206101e-10	53.682341872002	1.00000003501149
33.375	45.25	1.00000002918823	0.799999998140046	8.64530870197006e-10	53.5623418688479	1.00000002335059
33.525	45.25	1.00000001737988	0.799999998127807	8.6882241911246e-10	53.4423418669559	1.00000001390391
33.675	45.25	1.00000000808001	0.799999998110653	8.73029572462878e-10	53.3223418660726	1.00000000646401
33.825	45.25	1.0000000009979	0.799999998091629	8.77150037603514e-10	53.2023418659713	1.00000000079832
33.975	45.25	0.999999995830288	0.799999998073073	8.81217218348783e-10	53.0823418664536	0.99999999666423
34.125	45.25	0.999999992276141	0.79999999805678	8.85173749362538e-10	52.96234186735	0.999999993820913
34.275	45.25	0.999999990047879	0.799999998044054	8.89055909190998e-10	52.8423418685195	0.999999992038303
34.425	45.25	0.999999988879258	0.799999998035666	8.92872759491632e-10	52.7223418698476	0.999999991103406
34.575	45.25	0.999999988530615	0.799999998032065	8.96589958483116e-10	52.602341871244	0.999999990824492
34.725	45.25	0.999999988791725	0.799999998033508	9.00235879681573e-10	52.4823418726401	0.99999999103338
34.875	45.25	0.999999989482785	0.799999998039844	9.03820135663249e-10	52.362341873986	0.999999991586228
35.025	45.25	0.999999990453982	0.799999998050809	9.07313725041694e-10	52.2423418752475	0.999999992363185
35.175	45.25	0.999999991583925	0.799999998066071	9.10731062246703e-10	52.1223418764036	0.99999999326714
35.325	45.25	0.999999992777307	0.799999998085133	9.14075039140264e-10	52.0023418774436	0.999999994221846
35.475	45.25	0.999999993962069	0.799999998107529	9.17359173787004e-10	51.8823418783648	0.999999995169655
35.625	45.25	0.999999995086352	0.799999998132751	9.20558689458027e-10	51.7623418791706	0.999999996069081
35.775	45.25	0.999999996115348	0.799999998160311	9.23697302321921e-10	51.6423418798684	0.999999996892279
35.925	45.25	0.99999999702827	0.799999998189763	9.26757758527197e-10	51.5223418804684	0.999999997622616
36.075	45.25	0.999999997815454	0.799999998220627	9.29752951222351e-10	51.4023418809821	0.999999998252363
36.225	45.25	0.999999998475753	0.799999998252598	9.32688114084888e-10	51.2823418814216	0.999999998780602
36.375	45.25	0.999999999014282	0.79999999828532	9.35564449612831e-10	51.162341881799	0.999999999211426
36.525	45.25	0.999999999440455	0.799999998318588	9.38359183566038e-10	51.0423418821253	0.999999999552364
36.675	45.25	0.999999999766337	0.799999998352148	9.41090817681605e-10	50.9223418824108	0.99999999981307
36.825	45.25	1.00000000000536	0.799999998385826	9.43769836094228e-10	50.8023418826645	1.00000000000429
36.975	45.25	1.00000000017137	0.799999998419571	9.46386977957786e-10	50.6823418828941	1.0000000001371
37.125	45.25	1.00000000027792	0.799999998453228	9.48935390631167e-10	50.5623418831058	1.00000000022234
37.275	45.25	1.00000000033771	0.799999998486718	9.51430690287309e-10	50.4423418833048	1.00000000027017
37.425	45.25	1.00000000036184	0.799999998519897	9.5386171302712e-10	50.3223418834949	1.00000000028947
37.575	45.25	1.00000000035915	0.799999998552698	9.56236539255207e-10	50.2023418836793	1.00000000028732
37.725	45.25	1.00000000033568	0.799999998585295	9.58556596440197e-10	50.0823418838602	1.00000000026854
37.875	45.25	1.00000000029554	0.799999998618211	9.60821387600735e-10	49.9623418840393	1.00000000023643
38.025	45.25	1.00000000024453	0.799999998652443	9.63038812877066e-10	49.842341884218	1.00000000019563
38.175	45.25	1.00000000019658	0.799999998688802	9.65183216760587e-10	49.7223418843966	1.00000000015727
38.325	45.25	1.00000000017807	0.799999998725651	9.67290282166782e-10	49.6023418845736	1.00000000014246
38.475	45.25	1.00000000021822	0.799999998756835	9.69340378050506e-10	49.4823418847448	1.00000000017458
38.625	45.25	1.00000000031041	0.799999998771732	9.71326758781712e-10	49.3623418849047	1.00000000024833
38.775	45.25	1.00000000034603	0.799999998763867	9.7328676931156e-10	49.2423418850537	1.00000000027682
38.925	45.25	1.00000000007388	0.799999998751198	9.7517753384819e-10	49.1223418852091	1.0000000000591
39.075	45.25	0.999999999212038	0.799999998799822	9.77023580292353e-10	49.0023418854141	0.99999999936963
39.225	45.25	0.999999997861591	0.799999999018643	9.78827283976135e-10	48.8823418857205	0.999999998289273
39.375	45.25	0.999999997187164	0.799999999469062	9.80573357013301e-10	48.7623418861191	0.999999997749731
39.525	45.25	0.999999999800273	0.799999999957526	9.82275147520336e-10	48.6423418864198	0.999999999840218
39.675	45.25	1.00000000854991	0.79999999980538	9.83936097032416e-10	48.5223418861702	1.00000000683993
39.825	45.25	1.00000002228111	0.799999997930016	9.85558553576423e-10	48.4023418848367	1.00000001782489
39.975	45.25	1.00000002906865	0.799999993767921	9.87116370841326e-10	48.2823418825133	1.00000002325492
40.125	45.25	1.00000000269435	0.799999989303617	9.88635443150317e-10	48.1623418811251	1.00000000215548
40.275	45.25	0.999999915051595	0.799999991214042	9.90124240356116e-10	48.0423418852049	0.999999932041276
40.425	45.25	0.999999777875196	0.800000009884487	9.91546959921925e-10	47.922341900071	0.999999822300157
40.575	45.25	0.999999707649945	0.800000050420118	9.92957473200805e-10	47.8023419248875	0.999999766119956
40.725	45.25	0.999999957517775	0.800000093632426	9.94301822107467e-10	47.6823419410762	0.99999996601422
40.875	45.25	1.00000079734942	0.80000007683603	9.95613802630752e-10	47.5623419049544	1.00000063787953
41.025	45.25	1.00000212196183	0.799999904316854	9.96879409178131e-10	47.4423417649343	1.00000169756947
41.175	45.25	1.00000285290251	0.799999530184486	9.98111930711099e-10	47.3223415262427	1.00000228232201
41.325	45.25	1.00000065163092	0.799999127930656	9.99306514936295e-10	47.202341358122	1.00000052130474
41.475	45.25	0.999993003857963	0.799999255485913	1.00046032836735e-09	47.0823416627506	0.999994403086371
41.625	45.25	0.999980706637785	0.800000756091525	1.0015928418623e-09	46.9623429247343	0.999984565310228
41.775	45.25	0.999973138464133	0.800004040717567	1.00266743073566e-09	46.8423451402522	0.999978510771307
41.925	45.25	0.999990827520926	0.800007657634481	1.00369592417663e-09	46.72234686996	0.999992662016741
42.075	45.25	1.0000563795365	0.800006936256444	1.00464740451766e-09	46.6023446040947	1.0000451036292
42.225	45.25	1.00016528886125	0.799994824132981	1.00552261676091e-09	46.4823339641182	1.000132231089
42.375	45.25	1.00024184955224	0.799967674206684	1.00638735551982e-09	46.3623144215988	1.00019347964179
42.525	45.25	1.00011633628365	0.799936550486112	1.00737665541878e-09	46.2422972286185	1.00009306902692
42.675	45.25	0.999594226904113	0.799937860686388	1.00865052028572e-09	46.122311121658	0.99967538152329
42.825	45.25	0.998683926303434	0.800027372481147	1.01020166391933e-09	46.0023937727955	0.998947141042747
42.975	45.25	0.997944673226188	0.800237006865575	1.01160210023884e-09	45.8825556047093	0.99835573858095
43.125	45.25	0.998684258980484	0.800490005505605	1.01176452161141e-09	45.7627174103868	0.998947407184387
43.275	45.25	1.00248296175522	0.800522975183332	1.00941261265431e-09	45.6426613800662	1.00198636940417
43.425	45.25	1.00955927622309	0.799934825616805	1.00442022402469e-09	45.5220834775283	1.00764742097847
43.575	45.25	1.01623380734658	0.798479881657946	9.99750497089753e-10	45.4008457008712	1.01298704587727
43.725	45.25	1.01328677096888	0.79657339188784	1.00266288464655e-09	45.2794285445744	1.0106294167751
43.875	45.25	0.988680897765028	0.795833250687886	1.02316938640278e-09	45.1593335501325	0.990944718212022
44.025	45.25	0.938367896729228	0.799351007369484	1.06710882330475e-09	45.0428405176704	0.950694317383382
44.175	45.25	0.884673133608311	0.81019242876834	1.11827914272743e-09	44.9313520120423	0.907738506886649
44.325	45.25	0.889127901659902	0.824441952960355	1.11452607114813e-09	44.8222076579961	0.911302321327922
44.475	45.25	1.03257195114289	0.826489829223268	9.90257311141054e-10	44.7059572523824	1.02605756091431
44.625	45.25	1.34924434131629	0.808622133190091	7.94268006532269e-10	44.5677998165081	1.27939547305304
44.775	45.25	1.7640881173005	0.709537047694154	6.30632250995851e-10	44.3955930033983	1.6112704938404
44.925	45.25	2.1115450653633	0.834636814379454	5.37785712995282e-10	44.2248229837373	1.88923605229064
0.075	45.75	3.47473592514966e-16	0.399999999949133	-2.57983799621638e-09	65.3895334096667	0.2
0.225	45.75	1.09796499047471e-15	0.799999999846914	-2.57901055364402e-09	65.3655334096698	0.200000000000001
0.375	45.75	2.54818928749656e-15	0.799999999745232	-2.57734425367437e-09	65.3415334096759	0.200000000000002
0.525	45.75	4.61626582167841e-15	0.799999999643511	-2.57492156666065e-09	65.317533409685	0.200000000000004
0.675	45.75	7.14881698005845e-15	0.79999999954168	-2.57158588510365e-09	65.2935334096973	0.200000000000006
0.825	45.75	9.93588428214233e-15	0.799999999440271	-2.56757639737994e-09	65.2695334097125	0.200000000000008
0.975	45.75	1.27379704034882e-14	0.799999999338969	-2.56277934138368e-09	65.2455334097308	0.20000000000001
1.125	45.75	1.52997074349299e-14	0.799999999237788	-2.55715046410853e-09	65.2215334097522	0.200000000000012
1.275	45.75	1.73403388535282e-14	0.799999999136918	-2.55070082361026e-09	65.1975334097766	0.200000000000014
1.425	45.75	1.85241247672318e-14	0.799999999036228	-2.54339988948133e-09	65.173533409804	0.200000000000015
1.575	45.75	1.84215048687834e-14	0.79999999893595	-2.53542565493655e-09	65.1495334098344	0.200000000000015
1.725	45.75	1.64738684939236e-14	0.799999998835962	-2.52644840500393e-09	65.1255334098678	0.200000000000013
1.875	45.75	1.19727217742325e-14	0.799999998736567	-2.51700433992454e-09	65.1015334099042	0.20000000000001
2.025	45.75	4.06047191983184e-15	0.799999998637086	-2.50641021838379e-09	65.0775334099436	0.200000000000003
2.175	45.75	-8.24291946210666e-15	0.799999998538724	-2.49520777665577e-09	65.053533409986	0.199999999999993
2.325	45.75	-2.59845090536919e-14	0.799999998440287	-2.48328245306306e-09	65.0295334100313	0.199999999999979
2.475	45.75	-5.01910920617177e-14	0.799999998342421	-2.47055247204023e-09	65.0055334100796	0.19999999999996
2.625	45.75	-8.17460215460616e-14	0.799999998245586	-2.45711295699335e-09	64.9815334101308	0.199999999999935
2.775	45.75	-1.21225242659196e-13	0.799999998148351	-2.44279413590759e-09	64.9575334101849	0.199999999999903
2.925	45.75	-1.68687692945951e-13	0.799999998052745	-2.42784423507842e-09	64.9335334102419	0.199999999999865
3.075	45.75	-2.23416649168226e-13	0.799999997957332	-2.41213416891695e-09	64.9095334103017	0.199999999999821
3.225	45.75	-2.83611671849431e-13	0.799999997862136	-2.39566082013077e-09	64.8855334103645	0.199999999999773
3.375	45.75	-3.46035690113861e-13	0.799999997768357	-2.37840034124897e-09	64.8615334104301	0.199999999999723
3.525	45.75	-4.05628544990558e-13	0.799999997674713	-2.36043217121329e-09	64.8375334104985	0.199999999999676
3.675	45.75	-4.5510708744139e-13	0.799999997582086	-2.34189079861048e-09	64.8135334105696	0.199999999999636
3.825	45.75	-4.84582706235939e-13	0.799999997490479	-2.32247862439552e-09	64.7895334106436	0.199999999999612
3.975	45.75	-4.81239936057671e-13	0.799999997399413	-2.30244567343222e-09	64.7655334107203	0.199999999999615
4.125	45.75	-4.2913429954275e-13	0.79999999730883	-2.28167432782583e-09	64.7415334107997	0.199999999999657
4.275	45.75	-3.09183364259227e-13	0.799999997219459	-2.26034577285896e-09	64.7175334108819	0.199999999999753
4.425	45.75	-9.94413056197783e-14	0.799999997131364	-2.23824935256956e-09	64.6935334109666	0.19999999999992
4.575	45.75	2.24237046864758e-13	0.799999997043559	-2.2154833497199e-09	64.669533411054	0.200000000000179
4.725	45.75	6.87023334577307e-13	0.799999996956973	-2.19213456270474e-09	64.645533411144	0.20000000000055
4.875	45.75	1.3133056222081e-12	0.799999996871194	-2.16813316242934e-09	64.6215334112365	0.200000000001051
5.025	45.75	2.12411093607861e-12	0.799999996786544	-2.14331986083181e-09	64.5975334113315	0.200000000001699
5.175	45.75	3.13363844222943e-12	0.79999999670268	-2.11808002614826e-09	64.5735334114289	0.200000000002507
5.325	45.75	4.3448035409225e-12	0.799999996620105	-2.09225276077768e-09	64.5495334115287	0.200000000003476
5.475	45.75	5.74373323406282e-12	0.799999996538506	-2.06581215692471e-09	64.5255334116308	0.200000000004595
5.625	45.75	7.29321536413035e-12	0.79999999645779	-2.03863408535607e-09	64.5015334117353	0.200000000005835
5.775	45.75	8.92519278604027e-12	0.799999996378421	-2.01099508437696e-09	64.477533411842	0.20000000000714
5.925	45.75	1.05325120506602e-11	0.799999996299945	-1.98283492644671e-09	64.4535334119509	0.200000000008426
6.075	45.75	1.19602875237693e-11	0.799999996222451	-1.95412333984322e-09	64.4295334120619	0.200000000009568
6.225	45.75	1.29974275774838e-11	0.799999996146321	-1.92470987103396e-09	64.4055334121752	0.200000000010398
6.375	45.75	1.33690888235182e-11	0.799999996071594	-1.89493057061379e-09	64.3815334122907	0.200000000010695
6.525	45.75	1.27310739200579e-11	0.79999999599761	-1.86452862126683e-09	64.3575334124084	0.200000000010185
6.675	45.75	1.0667461021886e-11	0.799999995924626	-1.83372835949899e-09	64.3335334125284	0.200000000008534
6.825	45.75	6.69303691023731e-12	0.799999995853553	-1.80240876403878e-09	64.3095334126508	0.200000000005354
6.975	45.75	2.62384147033502e-13	0.799999995782965	-1.77058468697516e-09	64.2855334127759	0.20000000000021
7.125	45.75	-9.21227766456968e-12	0.799999995714143	-1.73831154847382e-09	64.2615334129038	0.19999999999263
7.275	45.75	-2.2332205008183e-11	0.799999995646649	-1.70559673321843e-09	64.2375334130348	0.199999999982134
7.425	45.75	-3.96698097216321e-11	0.799999995579996	-1.67244705352409e-09	64.2135334131693	0.199999999968264
7.575	45.75	-6.17105574441126e-11	0.799999995515388	-1.63885864627068e-09	64.1895334133076	0.199999999950632
7.725	45.75	-8.87769667864735e-11	0.799999995452414	-1.60495587369187e-09	64.1655334134502	0.199999999928978
7.875	45.75	-1.20933060720737e-10	0.799999995390834	-1.57066334616728e-09	64.1415334135975	0.199999999903254
8.025	45.75	-1.57868389760747e-10	0.799999995331002	-1.53587663368991e-09	64.11753341375	0.199999999873705
8.175	45.75	-1.98761869388636e-10	0.799999995273192	-1.50086395384686e-09	64.093533413908	0.199999999840991
8.325	45.75	-2.42127204086125e-10	0.799999995217766	-1.46522404572478e-09	64.0695334140717	0.199999999806298
8.475	45.75	-2.85643650530385e-10	0.799999995164266	-1.4295319287481e-09	64.0455334142414	0.199999999771485
8.625	45.75	-3.2597833088768e-10	0.799999995113079	-1.3933596614453e-09	64.0215334144167	0.199999999739217
8.775	45.75	-3.58609249613291e-10	0.799999995064675	-1.35699362231702e-09	63.9975334145972	0.199999999713113
8.925	45.75	-3.77661569698874e-10	0.799999995018917	-1.32027713953935e-09	63.9735334147817	0.199999999697871
9.075	45.75	-3.75773504829809e-10	0.799999994975762	-1.28329811551747e-09	63.9495334149686	0.199999999699381
9.225	45.75	-3.44012273913885e-10	0.799999994935324	-1.24600072429992e-09	63.9255334151553	0.19999999972479
9.375	45.75	-2.71864780841694e-10	0.799999994897794	-1.20843145893382e-09	63.9015334153385	0.199999999782508
9.525	45.75	-1.47331800788966e-10	0.799999994862582	-1.17082552034569e-09	63.8775334155136	0.199999999882135
9.675	45.75	4.28418165332862e-11	0.799999994829867	-1.13285090882082e-09	63.853533415675	0.200000000034273
9.825	45.75	3.12765436985086e-10	0.799999994798447	-1.09464392712651e-09	63.8295334158156	0.200000000250212
9.975	45.75	6.76792135872976e-10	0.799999994768641	-1.05642410092993e-09	63.8055334159271	0.200000000541434
10.125	45.75	1.14866197796828e-09	0.799999994738418	-1.01783012725383e-09	63.7815334159996	0.20000000091893
10.275	45.75	1.74036375568926e-09	0.799999994707292	-9.79201873070478e-10	63.7575334160222	0.200000001392291
10.425	45.75	2.46068474603159e-09	0.799999994674039	-9.40411650874683e-10	63.733533415983	0.200000001968548
10.575	45.75	3.31342632830292e-09	0.799999994636207	-9.01445507327373e-10	63.7095334158693	0.200000002650741
10.725	45.75	4.29527555393676e-09	0.799999994592693	-8.62399351036148e-10	63.6855334156686	0.20000000343622
10.875	45.75	5.39333949454033e-09	0.79999999454077	-8.23222390902828e-10	63.6615334153691	0.200000004314672
11.025	45.75	6.58237083045346e-09	0.79999999447801	-7.84045650236291e-10	63.6375334149607	0.200000005265897
11.175	45.75	7.82173994097927e-09	0.799999994401958	-7.44711757736065e-10	63.6135334144366	0.200000006257392
11.325	45.75	9.05224077239341e-09	0.799999994310062	-7.05365168890488e-10	63.5895334137948	0.200000007241793
11.475	45.75	1.01928547764275e-08	0.799999994199748	-6.6588931423741e-10	63.56553341304	0.200000008154284
11.625	45.75	1.11376386955255e-08	0.799999994069082	-6.26620821482459e-10	63.5415334121858	0.200000008910111
11.775	45.75	1.17529470124797e-08	0.799999993915764	-5.87108224404397e-10	63.5175334112574	0.200000009402358
11.925	45.75	1.18752471634488e-08	0.799999993739235	-5.47771915100111e-10	63.4935334102942	0.200000009500198
12.075	45.75	1.13098333798179e-08	0.799999993539344	-5.08272712078613e-10	63.469533409353	0.200000009047867
12.225	45.75	9.83079109301936e-09	0.799999993317364	-4.68919196363844e-10	63.4455334085104	0.200000007864633
12.375	45.75	7.1826056209175e-09	0.799999993075941	-4.29610694568001e-10	63.4215334078664	0.200000005746085
12.525	45.75	3.08384344856966e-09	0.799999992820875	-3.90315164141519e-10	63.3975334075468	0.200000002467075
12.675	45.75	-2.76664129252705e-09	0.799999992558352	-3.51160549821351e-10	63.3735334077051	0.199999997786687
12.825	45.75	-1.0680511678301e-08	0.799999992299471	-3.12007065085625e-10	63.3495334085245	0.199999991455591
12.975	45.75	-2.09673061644105e-08	0.799999992056937	-2.73059465768601e-10	63.3255334102178	0.199999983226155
13.125	45.75	-3.3917916141439e-08	0.799999991847538	-2.34153013307508e-10	63.3015334130268	0.199999972865667
13.275	45.75	-4.9783792937861e-08	0.799999991691599	-1.95474953688142e-10	63.2775334172192	0.199999960172966
13.425	45.75	-6.87515579792975e-08	0.799999991613147	-1.56889905141434e-10	63.2535334230838	0.199999944998754
13.575	45.75	-9.09127705650087e-08	0.799999991640616	-1.18484945077275e-10	63.2295334309227	0.199999927269784
13.725	45.75	-1.16228699934041e-07	0.799999991805767	-8.01269861982836e-11	63.2055334410406	0.19999990701704
13.875	45.75	-1.44490042148439e-07	0.799999992145379	-4.20162489540303e-11	63.1815334537302	0.199999884407966
14.025	45.75	-1.75271602535587e-07	0.799999992699535	-4.11586298968234e-12	63.1575334692539	0.199999859782718
14.175	45.75	-2.07882008629789e-07	0.799999993511883	3.35273253228815e-11	63.1335334878204	0.199999833694393
14.325	45.75	-2.41308495239918e-07	0.799999994631594	7.10102664476463e-11	63.1095335095566	0.199999806953204
14.475	45.75	-2.74156669235495e-07	0.799999996110317	1.08160123617152e-10	63.0855335344738	0.199999780674665
14.625	45.75	-3.04584858652872e-07	0.799999998005933	1.45211512168011e-10	63.061533562428	0.199999756332113
14.775	45.75	-3.30232101145871e-07	0.800000000382516	1.81922584772718e-10	63.0375335930737	0.199999735814319
14.925	45.75	-3.48137927922177e-07	0.800000003313697	2.18351715108823e-10	63.0135336258097	0.199999721489658
15.075	45.75	-3.54650715668461e-07	0.800000006885827	2.54532496918894e-10	62.9895336597174	0.199999716279428
15.225	45.75	-3.45319332346716e-07	0.800000011205581	2.90369695144777e-10	62.9655336934894	0.199999723744534
15.375	45.75	-3.1475985865169e-07	0.80000001640946	3.25905197508889e-10	62.9415337253463	0.199999748192113
15.525	45.75	-2.56485016700062e-07	0.800000022678416	3.6114440505553e-10	62.9175337529388	0.199999794811987
15.675	45.75	-1.62678173936464e-07	0.800000030257914	3.96065476408324e-10	62.8935337732308	0.199999869857461
15.825	45.75	-2.38858739108386e-08	0.800000039488771	4.30686103806863e-10	62.8695337823575	0.199999980891301
15.975	45.75	1.71407942104783e-07	0.800000050847719	4.64871627559063e-10	62.8455337754475	0.200000137126354
16.125	45.75	4.37377480849181e-07	0.80000006500398	4.98727848636691e-10	62.8215337463963	0.200000349901985
16.275	45.75	7.91691620647459e-07	0.800000082896816	5.3215292485703e-10	62.7975336875708	0.200000633353297
16.425	45.75	1.25668924678719e-06	0.800000105845549	5.65276744339441e-10	62.7735335894177	0.200001005351397
16.575	45.75	1.86102705183478e-06	0.800000135691213	5.98013027621851e-10	62.7495334399357	0.200001488821641
16.725	45.75	2.64198154747608e-06	0.800000174995489	6.30281803039851e-10	62.725533223959	0.200002113585238
16.875	45.75	3.64865146806253e-06	0.800000227306211	6.62177797579354e-10	62.7015329221754	0.200002918921174
17.025	45.75	4.94639294690436e-06	0.800000297515689	6.93736058734478e-10	62.6775325097793	0.200003957114358
17.175	45.75	6.62293524319852e-06	0.8000003923424	7.24738529057797e-10	62.6535319546167	0.200005298348195
17.325	45.75	8.79677984682881e-06	0.800000520980707	7.55350293755429e-10	62.6295312146346	0.200007037423877
17.475	45.75	1.16286953496605e-05	0.800000695977533	7.85494026228761e-10	62.605530234375	0.20000930295628
17.625	45.75	1.53374051597197e-05	0.800000934421004	8.15212090975424e-10	62.5815289401645	0.200012269924128
17.775	45.75	2.02209519194379e-05	0.800001259538353	8.4446105075387e-10	62.5575272335245	0.200016176761536
17.925	45.75	2.66857439828111e-05	0.800001702856925	8.73183882492257e-10	62.5335249821633	0.200021348595186
18.075	45.75	3.52859826045717e-05	0.800002307080833	9.01400150799445e-10	62.5095220076794	0.200028228786084
18.225	45.75	4.67770775649402e-05	0.800003129919812	9.29207410874124e-10	62.4855180688102	0.200037421662052
18.375	45.75	6.21878480591121e-05	0.800004249175986	9.56418843932576e-10	62.4615128386502	0.200049750278447
18.525	45.75	8.29178911269914e-05	0.800005769571392	9.83178683354045e-10	62.4375058737294	0.200066334312902
18.675	45.75	0.000110868697251692	0.800007832078541	1.00939847969428e-09	62.413496572126	0.200088694957801
18.825	45.75	0.000148620253095797	0.800010626858023	1.03495885446882e-09	62.3894841168064	0.200118896202477
18.975	45.75	0.000199669451630668	0.80001441122827	1.06000884753909e-09	62.3654673990468	0.200159735561305
19.125	45.75	0.000268753038592134	0.800019534117991	1.08447137974301e-09	62.3414449149074	0.200215002430874
19.275	45.75	0.00036228614992812	0.800026468028638	1.10822664157837e-09	62.3174146251564	0.200289828919942
19.425	45.75	0.000488957294210938	0.800035848839383	1.13134337369309e-09	62.2933737655836	0.200391165835369
19.575	45.75	0.000660531174635194	0.800048523700766	1.15363114580895e-09	62.2693185902187	0.200528424939708
19.725	45.75	0.00089292218897165	0.800065609547777	1.17510490171785e-09	62.2452440244837	0.200714337751177
19.875	45.75	0.00120761709898077	0.800088571197498	1.19549822562638e-09	62.2211431985253	0.200966093679185
20.025	45.75	0.00163355408425592	0.800119338417943	1.21478038021285e-09	62.1970068220584	0.201306843267405
20.175	45.75	0.00220962174698734	0.800160490792912	1.23267028920426e-09	62.1728223490491	0.20176769739759
20.325	45.75	0.00298804030786933	0.800215535952466	1.24890116763781e-09	62.1485728601257	0.202390432246295
20.475	45.75	0.0040390295821783	0.800289274510568	1.26319456925261e-09	62.1242355585856	0.203231223665743
20.625	45.75	0.00545732363239915	0.800388171679116	1.27488077558222e-09	62.0997797295621	0.204365858905919
20.775	45.75	0.00737118393109733	0.800520547400946	1.28333793103023e-09	62.0751639537366	0.205896947144878
20.925	45.75	0.00995447738666435	0.80069629059851	1.28789654208703e-09	62.0503323085111	0.207963581909332
21.075	45.75	0.0134420119393079	0.800925762654428	1.28727966273691e-09	62.0252092531523	0.210753609551446
21.225	45.75	0.0181476175120537	0.80121764340339	1.28019491712771e-09	61.9996929098724	0.214518094009643
21.375	45.75	0.0244834934157243	0.80157570931557	1.26533467330721e-09	61.9736465486273	0.219586794732579
21.525	45.75	0.032978262806729	0.801994872454852	1.24105645698579e-09	61.9468882776492	0.226382610245383
21.675	45.75	0.0442900720105369	0.802457174583881	1.2059570319572e-09	61.9191792408384	0.23543205760843
21.825	45.75	0.0592098316371769	0.802928786445374	1.15935851380029e-09	61.8902110345227	0.247367865309742
21.975	45.75	0.0786480162782893	0.803359399608397	1.10130799853694e-09	61.8595936068688	0.262918413022631
22.125	45.75	0.103596190195651	0.803685582612948	1.03308997414203e-09	61.8268456409932	0.282876952156521
22.275	45.75	0.135052302413893	0.803839327666883	9.57168672836473e-10	61.7913903684383	0.308041841931114
22.425	45.75	0.17389899314667	0.803761743695981	8.77143531298867e-10	61.7525607968598	0.339119194517336
22.575	45.75	0.22073058443686	0.803419695219816	7.96841348354925e-10	61.7096190579065	0.376584467549488
22.725	45.75	0.275641526235356	0.80282079200444	7.20065808098e-10	61.6617941834169	0.420513220988285
22.875	45.75	0.338017855711601	0.802020580062143	6.49843471997449e-10	61.6083400307698	0.470414284569281
23.025	45.75	0.406404722745906	0.801116452837341	5.88238494584354e-10	61.548609602203	0.525123778196725
23.175	45.75	0.478534571611221	0.80022693084664	5.36170864515636e-10	61.482134441223	0.582827657288977
23.325	45.75	0.551566086088069	0.799461973293013	4.93775421315315e-10	61.4086912859815	0.641252868870455
23.475	45.75	0.622501307311609	0.79889593192834	4.60464970683857e-10	61.3283372560449	0.698001045849287
23.625	45.75	0.688659257309194	0.79855441205532	4.35319423222654e-10	61.2414022271783	0.750927405847355
23.775	45.75	0.748051809694157	0.798418745628805	4.17143279957447e-10	61.1484403381231	0.798441447755326
23.925	45.75	0.799557780719199	0.798442570685476	4.04828426605081e-10	61.0501550414258	0.839646224575359
24.075	45.75	0.84288647003325	0.798570851423017	3.97290543566863e-10	60.9473175511182	0.8743091760266
24.225	45.75	0.878398155743955	0.79875396301993	3.93636003841471e-10	60.8406956944939	0.902718524595164
24.375	45.75	0.906872100196584	0.798954493784302	3.93004292200289e-10	60.7310025514147	0.925497680157267
24.525	45.75	0.929292197968217	0.799148197175459	3.94762544973024e-10	60.6188665353293	0.943433758374573
24.675	45.75	0.946685093930374	0.799321773505396	3.98367183065863e-10	60.5048195352668	0.957348075144299
24.825	45.75	0.96001677452628	0.799469692930884	4.03374040425776e-10	60.3892977869434	0.968013419621024
24.975	45.75	0.970138072990405	0.799591293602587	4.09429471252228e-10	60.2726503178656	0.976110458392324
25.125	45.75	0.977764769167922	0.799688597690195	4.16278714772203e-10	60.1551509597059	0.982211815334338
25.275	45.75	0.983479107236279	0.799764852571951	4.23688048572522e-10	60.0370112410938	0.986783285789023
25.425	45.75	0.987742791082763	0.799823641281389	4.3150693588225e-10	59.9183925829821	0.990194232866211
25.575	45.75	0.990914817847815	0.799868387197376	4.39595845823415e-10	59.7994170140217	0.992731854278252
25.725	45.75	0.993270126776282	0.79990211209311	4.47872402052705e-10	59.6801761348218	0.994616101421026
25.875	45.75	0.99501687479394	0.799927348476727	4.56262218242449e-10	59.5607383579472	0.996013499835152
26.025	45.75	0.99631133995364	0.799946140729001	4.6469024845653e-10	59.4411546034308	0.997049071962912
26.175	45.75	0.99727017611782	0.799960092853822	4.73133566467741e-10	59.321462690777	0.997816140894256
26.325	45.75	0.997980145938298	0.799970436161216	4.81546107068681e-10	59.2016906756145	0.998384116750639
26.475	45.75	0.998505654702328	0.799978100607719	4.89917437916895e-10	59.081859357577	0.998804523761862
26.625	45.75	0.998894473354493	0.799983780645352	4.98232417427103e-10	58.9619841518753	0.999115578683594
26.775	45.75	0.999182029805892	0.799987991285969	5.06446272421839e-10	58.8420764801959	0.999345623844713
26.925	45.75	0.999394600868352	0.799991113236692	5.14597923057842e-10	58.7221448024093	0.999515680694682
27.075	45.75	0.999551676929853	0.799993427796123	5.22639048952832e-10	58.6021953815669	0.999641341543882
27.225	45.75	0.999667711986658	0.799995143075873	5.3059806396976e-10	58.4822328513928	0.999734169589326
27.375	45.75	0.99975341990812	0.799996413347923	5.38427531382111e-10	58.3622606375554	0.999802735926496
27.525	45.75	0.999816736206895	0.799997353189849	5.46172395786044e-10	58.2422812705538	0.999853388965516
27.675	45.75	0.999863532816261	0.799998047807882	5.53810416716098e-10	58.1222966181303	0.999890826253009
27.825	45.75	0.999898149900029	0.799998560598007	5.61335391064982e-10	58.0023080578468	0.999918519920023
27.975	45.75	0.99992379167807	0.799998938717499	5.68734291046716e-10	57.882316605135	0.999939033342456
28.125	45.75	0.999942820940851	0.799999217217083	5.76030721513706e-10	57.76232300821	0.999954256752681
28.275	45.75	0.999956977996895	0.799999422120382	5.83228789067755e-10	57.6423278183385	0.999965582397516
28.425	45.75	0.999967543255815	0.7999995727256	5.9031538883842e-10	57.5223314417925	0.999974034604652
28.575	45.75	0.999975457806019	0.79999968332615	5.97280040860757e-10	57.4023341782123	0.999980366244815
28.725	45.75	0.999981412728938	0.799999764496214	6.04163935834398e-10	57.282336248894	0.999985130183151
28.875	45.75	0.99998591517691	0.799999824049196	6.10911739294786e-10	57.1623378176185	0.999988732141528
29.025	45.75	0.999989337201669	0.799999867751581	6.17562199459337e-10	57.0423390059647	0.999991469761335
29.175	45.75	0.999991951790861	0.799999899852698	6.24103916399439e-10	56.92233990455	0.999993561432689
29.325	45.75	0.999993959424965	0.799999923478574	6.30540013445312e-10	56.8023405812649	0.999995167539972
29.475	45.75	0.999995507614429	0.799999940924171	6.3686150271726e-10	56.6823410872967	0.999996406091543
29.625	45.75	0.99999670524217	0.799999953869974	6.43108889111487e-10	56.5623414615256	0.999997364193736
29.775	45.75	0.999997633065875	0.799999963542568	6.49201762899106e-10	56.4423417337292	0.9999981064527
29.925	45.75	0.999998351385293	0.799999970834708	6.5523599875052e-10	56.3223419269142	0.999998681108234
30.075	45.75	0.999998905620669	0.799999976393205	6.6115599419406e-10	56.2023420590128	0.999999124496535
30.225	45.75	0.999999330355715	0.799999980684965	6.6697316812027e-10	56.0823421441171	0.999999464284572
30.375	45.75	0.999999652255989	0.799999984045663	6.72686987012843e-10	55.962342193379	0.999999721804791
30.525	45.75	0.999999892166615	0.799999986715655	6.78321260619561e-10	55.8423422156702	0.999999913733292
30.675	45.75	1.00000006661443	0.799999988866497	6.83842499336936e-10	55.7223422180683	1.00000005329154
30.825	45.75	1.00000018888043	0.799999990620521	6.8926574480155e-10	55.6023422062203	1.00000015110435
30.975	45.75	1.00000026976429	0.799999992065044	6.94592978402808e-10	55.4823421846172	1.00000021581143
31.125	45.75	1.00000031813023	0.799999993262799	6.9981387120475e-10	55.3623421568061	1.00000025450419
31.275	45.75	1.00000034129913	0.799999994259428	7.04979940245828e-10	55.2423421255573	1.00000027303931
31.425	45.75	1.00000034533335	0.799999995088642	7.10034260714646e-10	55.1223420929988	1.00000027626668
31.575	45.75	1.00000033524794	0.799999995776182	7.14985539895471e-10	55.0023420607267	1.00000026819835
31.725	45.75	1.00000031517154	0.799999996342448	7.19842175035933e-10	54.8823420298984	1.00000025213723
31.875	45.75	1.00000028847336	0.799999996803994	7.24621499401978e-10	54.7623420013111	1.00000023077869
32.025	45.75	1.00000025786737	0.799999997175039	7.29322880513254e-10	54.6423419754703	1.00000020629389
32.175	45.75	1.00000022550096	0.799999997468065	7.33915740652009e-10	54.522341952648	1.00000018040077
32.325	45.75	1.00000019303282	0.79999999769427	7.38436983385044e-10	54.4023419329337	1.00000015442626
32.475	45.75	1.00000016170284	0.799999997863755	7.42877147538673e-10	54.2823419162775	1.00000012936227
32.625	45.75	1.00000013239565	0.799999997985909	7.47219657464276e-10	54.1623419025276	1.00000010591652
32.775	45.75	1.00000010569877	0.799999998069067	7.51475089805602e-10	54.0423418914618	1.00000008455902
32.925	45.75	1.00000008195548	0.799999998121002	7.55671689044353e-10	53.9223418828128	1.00000006556438
33.075	45.75	1.00000006131279	0.799999998148517	7.59776826403611e-10	53.80234187629	1.00000004905023
33.225	45.75	1.00000004376434	0.799999998157753	7.63787357616382e-10	53.6823418715962	1.00000003501147
33.375	45.75	1.00000002918823	0.799999998153787	7.67732066728226e-10	53.56234186844	1.00000002335058
33.525	45.75	1.00000001737988	0.799999998141315	7.71588838708039e-10	53.4423418665459	1.0000000139039
33.675	45.75	1.00000000808	0.799999998123883	7.75394021232034e-10	53.3223418656606	1.000000006464
33.825	45.75	1.00000000099789	0.799999998104564	7.79110989158635e-10	53.2023418655574	1.00000000079831
33.975	45.75	0.999999995830275	0.799999998085764	7.82737060548423e-10	53.0823418660377	0.99999999666422
34.125	45.75	0.999999992276129	0.79999999806924	7.86307705833844e-10	52.9623418669322	0.999999993820903
34.275	45.75	0.99999999004787	0.799999998056253	7.89796004905296e-10	52.8423418680999	0.999999992038296
34.425	45.75	0.999999988879251	0.799999998047582	7.93209821412735e-10	52.7223418694262	0.999999991103401
34.575	45.75	0.99999998853061	0.799999998043744	7.9656288575424e-10	52.6023418708208	0.999999990824488
34.725	45.75	0.999999988791722	0.799999998044947	7.99850545116104e-10	52.4823418722152	0.999999991033378
34.875	45.75	0.99999998948278	0.799999998051067	8.03066459474385e-10	52.3623418735594	0.999999991586224
35.025	45.75	0.999999990453983	0.799999998061738	8.06208631795274e-10	52.2423418748192	0.999999992363186
35.175	45.75	0.999999991583926	0.799999998076809	8.09277616682318e-10	52.1223418759737	0.999999993267141
35.325	45.75	0.999999992777301	0.799999998095632	8.12287759594329e-10	52.0023418770121	0.999999994221841
35.475	45.75	0.999999993962061	0.799999998117803	8.15238499415759e-10	51.8823418779318	0.999999995169649
35.625	45.75	0.999999995086339	0.79999999814279	8.18125078753649e-10	51.762341878736	0.999999996069071
35.775	45.75	0.999999996115343	0.799999998170156	8.20952328879844e-10	51.6423418794324	0.999999996892274
35.925	45.75	0.999999997028277	0.799999998199356	8.23709190380954e-10	51.5223418800309	0.999999997622621
36.075	45.75	0.999999997815453	0.799999998230034	8.26399159920513e-10	51.4023418805431	0.999999998252363
36.225	45.75	0.99999999847574	0.799999998261802	8.29042364825265e-10	51.2823418809813	0.999999998780592
36.375	45.75	0.999999999014278	0.799999998294319	8.3161786724298e-10	51.1623418813573	0.999999999211422
36.525	45.75	0.999999999440444	0.799999998327375	8.34156028872962e-10	51.0423418816823	0.999999999552355
36.675	45.75	0.999999999766328	0.79999999836075	8.36615488292105e-10	50.9223418819665	0.999999999813063
36.825	45.75	1.00000000000534	0.799999998394237	8.39038810029964e-10	50.8023418822189	1.00000000000427
36.975	45.75	1.00000000017136	0.799999998427727	8.41382933263597e-10	50.6823418824472	1.00000000013709
37.125	45.75	1.00000000027792	0.799999998461265	8.43675471831049e-10	50.5623418826577	1.00000000022234
37.275	45.75	1.0000000003377	0.799999998494521	8.45933451572682e-10	50.4423418828555	1.00000000027016
37.425	45.75	1.00000000036183	0.799999998527546	8.48123379470913e-10	50.3223418830445	1.00000000028946
37.575	45.75	1.00000000035914	0.799999998560143	8.50266920470578e-10	50.2023418832278	1.00000000028731
37.725	45.75	1.00000000033567	0.799999998592572	8.52362545137739e-10	50.0823418834075	1.00000000026853
37.875	45.75	1.00000000029554	0.799999998625284	8.54400964762606e-10	49.9623418835856	1.00000000023643
38.025	45.75	1.00000000024454	0.799999998659403	8.56385569545656e-10	49.8423418837632	1.00000000019563
38.175	45.75	1.00000000019658	0.799999998695546	8.5833748215242e-10	49.7223418839408	1.00000000015726
38.325	45.75	1.00000000017807	0.799999998732251	8.60227454836868e-10	49.6023418841168	1.00000000014245
38.475	45.75	1.00000000021822	0.799999998763239	8.62071217031401e-10	49.482341884287	1.00000000017458
38.625	45.75	1.0000000003104	0.799999998777988	8.63877929223068e-10	49.362341884446	1.00000000024832
38.775	45.75	1.00000000034603	0.799999998769994	8.65622038926816e-10	49.242341884594	1.00000000027682
38.925	45.75	1.00000000007388	0.799999998757134	8.67341281999262e-10	49.1223418847486	1.0000000000591
39.075	45.75	0.999999999212033	0.799999998805589	8.69015246620606e-10	49.0023418849527	0.999999999369626
39.225	45.75	0.999999997861593	0.799999999024306	8.70634780178051e-10	48.8823418852582	0.999999998289274
39.375	45.75	0.999999997187166	0.799999999474533	8.7220938869842e-10	48.762341885656	0.999999997749733
39.525	45.75	0.999999999800263	0.799999999962827	8.73747069092992e-10	48.6423418859559	0.99999999984021
39.675	45.75	1.00000000854991	0.799999999810573	8.75232989144042e-10	48.5223418857055	1.00000000683992
39.825	45.75	1.00000002228111	0.799999997935097	8.76683433993624e-10	48.4023418843712	1.00000001782489
39.975	45.75	1.00000002906865	0.799999993772773	8.7809498821446e-10	48.282341882047	1.00000002325492
40.125	45.75	1.00000000269435	0.799999989308401	8.79480604613962e-10	48.1623418806582	1.00000000215548
40.275	45.75	0.999999915051596	0.799999991218667	8.80812037212796e-10	48.0423418847372	0.999999932041277
40.425	45.75	0.999999777875194	0.800000009888985	8.82109614462447e-10	47.9223418996027	0.999999822300155
40.575	45.75	0.999999707649946	0.80000005042447	8.83359069944957e-10	47.8023419244185	0.999999766119957
40.725	45.75	0.999999957517772	0.80000009363664	8.84580736798794e-10	47.6823419406065	0.999999966014217
40.875	45.75	1.00000079734942	0.800000076840128	8.85760748550558e-10	47.5623419044841	1.00000063787953
41.025	45.75	1.00000212196183	0.799999904320863	8.86904882404261e-10	47.4423417644634	1.00000169756946
41.175	45.75	1.00000285290251	0.799999530188299	8.88014413942815e-10	47.3223415257713	1.00000228232201
41.325	45.75	1.00000065163091	0.799999127934349	8.89082837276416e-10	47.20234135765	1.00000052130473
41.475	45.75	0.999993003857958	0.799999255489521	8.90125272004281e-10	47.082341662278	0.999994403086366
41.625	45.75	0.99998070663777	0.800000756095006	8.91125679585749e-10	46.9623429242612	0.999984565310216
41.775	45.75	0.999973138464114	0.800004040720944	8.92105502071123e-10	46.8423451397785	0.999978510771291
41.925	45.75	0.999990827520918	0.800007657637716	8.93026406264647e-10	46.7223468694859	0.999992662016734
42.075	45.75	1.00005637953649	0.800006936259521	8.93868284629622e-10	46.6023446036201	1.0000451036292
42.225	45.75	1.00016528886123	0.799994824135984	8.94663598450538e-10	46.4823339636431	1.00013223108899
42.375	45.75	1.00024184955222	0.799967674209578	8.95431129269967e-10	46.3623144211233	1.00019347964178
42.525	45.75	1.00011633628363	0.799936550488915	8.96325820708317e-10	46.2422972281426	1.0000930690269
42.675	45.75	0.999594226904097	0.799937860689008	8.97458006337851e-10	46.1223111211817	0.999675381523277
42.825	45.75	0.998683926303434	0.800027372483736	8.98853741646102e-10	46.0023937723188	0.998947141042747
42.975	45.75	0.997944673226217	0.800237006867984	9.00092813192586e-10	45.8825556042322	0.998355738580973
43.125	45.75	0.998684258980516	0.800490005507939	9.00227210110042e-10	45.7627174099094	0.998947407184413
43.275	45.75	1.00248296175522	0.800522975185568	8.98143972258737e-10	45.6426613795884	1.00198636940418
43.425	45.75	1.00955927622301	0.799934825618878	8.93709785115414e-10	45.5220834770502	1.00764742097841
43.575	45.75	1.01623380734641	0.79847988165995	8.89550768995113e-10	45.4008457003928	1.01298704587713
43.725	45.75	1.01328677096873	0.796573391889811	8.92149339119395e-10	45.2794285440957	1.01062941677498
43.875	45.75	0.988680897765095	0.795833250689708	9.10392408888936e-10	45.1593335496536	0.990944718212076
44.025	45.75	0.938367896729694	0.799351007371121	9.49502050309032e-10	45.0428405171911	0.950694317383755
44.175	45.75	0.884673133609074	0.810192428769824	9.95021016660667e-10	44.9313520115628	0.907738506887259
44.325	45.75	0.889127901660311	0.824441952961704	9.9167798606527e-10	44.8222076575163	0.911302321328249
44.475	45.75	1.03257195114201	0.826489829224654	8.81100778510667e-10	44.7059572519025	1.02605756091361
44.625	45.75	1.34924434131368	0.808622133191464	7.06723288033027e-10	44.5677998160281	1.27939547305094
44.775	45.75	1.76408811729677	0.70953704769532	5.61117593043277e-10	44.3955930029183	1.61127049383742
44.925	45.75	2.11154506535932	0.834636814380618	4.78506955355778e-10	44.2248229832573	1.88923605228745
0.075	46.25	3.47473593364064e-16	0.399999999950279	-2.24426423327609e-09	65.3895334099077	0.2
0.225	46.25	1.09796498785908e-15	0.799999999850899	-2.24347243360786e-09	65.3655334099107	0.200000000000001
0.375	46.25	2.54818929194782e-15	0.799999999751371	-2.24209580859046e-09	65.3415334099166	0.200000000000002
0.525	46.25	4.6162658151332e-15	0.799999999652234	-2.23995141202282e-09	65.3175334099256	0.200000000000004
0.675	46.25	7.14881698855984e-15	0.799999999553232	-2.23718574644164e-09	65.2935334099375	0.200000000000006
0.825	46.25	9.93588427112233e-15	0.799999999453941	-2.23360855342548e-09	65.2695334099524	0.200000000000008
0.975	46.25	1.27379704166072e-14	0.799999999355374	-2.22951580361439e-09	65.2455334099702	0.20000000000001
1.125	46.25	1.52997074188373e-14	0.799999999256797	-2.22454463531732e-09	65.2215334099911	0.200000000000012
1.275	46.25	1.73403388720426e-14	0.799999999158044	-2.21893246348656e-09	65.1975334100148	0.200000000000014
1.425	46.25	1.8524124745417e-14	0.799999999060001	-2.21263709109782e-09	65.1735334100416	0.200000000000015
1.575	46.25	1.84215048938357e-14	0.799999998962274	-2.20570753172559e-09	65.1495334100712	0.200000000000015
1.725	46.25	1.64738684657279e-14	0.799999998864842	-2.19808811489416e-09	65.1255334101038	0.200000000000013
1.875	46.25	1.19727218075316e-14	0.799999998767459	-2.18960004299505e-09	65.1015334101393	0.20000000000001
2.025	46.25	4.06047188466813e-15	0.799999998670813	-2.18060323150133e-09	65.0775334101778	0.200000000000003
2.175	46.25	-8.24291941811117e-15	0.7999999985744	-2.1709879822213e-09	65.0535334102191	0.199999999999993
2.325	46.25	-2.59845090962873e-14	0.799999998478657	-2.16057166377745e-09	65.0295334102633	0.199999999999979
2.475	46.25	-5.01910920038543e-14	0.799999998383434	-2.1495100193234e-09	65.0055334103104	0.19999999999996
2.625	46.25	-8.17460215965408e-14	0.799999998288447	-2.13778696555669e-09	64.9815334103603	0.199999999999935
2.775	46.25	-1.21225242584e-13	0.799999998194238	-2.12546069777151e-09	64.9575334104131	0.199999999999903
2.925	46.25	-1.686876930052e-13	0.799999998100204	-2.11247082801997e-09	64.9335334104687	0.199999999999865
3.075	46.25	-2.23416649073095e-13	0.799999998007362	-2.09889723821622e-09	64.9095334105271	0.199999999999821
3.225	46.25	-2.8361167191979e-13	0.799999997914628	-2.08453659401041e-09	64.8855334105883	0.199999999999773
3.375	46.25	-3.46035689999103e-13	0.799999997822716	-2.06966435940803e-09	64.8615334106523	0.199999999999723
3.525	46.25	-4.05628545077697e-13	0.799999997731815	-2.05413525403754e-09	64.837533410719	0.199999999999676
3.675	46.25	-4.55107087313424e-13	0.799999997641067	-2.03788469101721e-09	64.8135334107885	0.199999999999636
3.825	46.25	-4.84582706351646e-13	0.799999997551555	-2.02113395906813e-09	64.7895334108606	0.199999999999612
3.975	46.25	-4.81239935932922e-13	0.799999997462636	-2.00389110774804e-09	64.7655334109355	0.199999999999615
4.125	46.25	-4.29134299708314e-13	0.799999997374534	-1.9858451996165e-09	64.741533411013	0.199999999999657
4.275	46.25	-3.09183364167939e-13	0.799999997287221	-1.96718780543822e-09	64.7175334110931	0.199999999999753
4.425	46.25	-9.9441305868638e-14	0.799999997200824	-1.94809357610749e-09	64.6935334111758	0.19999999999992
4.575	46.25	2.24237046877301e-13	0.799999997115432	-1.92840688484662e-09	64.669533411261	0.200000000000179
4.725	46.25	6.87023334200206e-13	0.799999997030607	-1.90801445922838e-09	64.6455334113488	0.20000000000055
4.875	46.25	1.31330562208631e-12	0.799999996946804	-1.88719277125556e-09	64.6215334114391	0.200000000001051
5.025	46.25	2.12411093552476e-12	0.799999996864147	-1.86588684270577e-09	64.5975334115318	0.200000000001699
5.175	46.25	3.13363844192286e-12	0.799999996782249	-1.84394208385981e-09	64.5735334116268	0.200000000002507
5.325	46.25	4.34480354016125e-12	0.799999996701593	-1.82149924491528e-09	64.5495334117242	0.200000000003476
5.475	46.25	5.74373323355985e-12	0.799999996621668	-1.79848867077403e-09	64.5255334118239	0.200000000004595
5.625	46.25	7.29321536319097e-12	0.799999996542871	-1.77495977851072e-09	64.5015334119258	0.200000000005835
5.775	46.25	8.92519278542313e-12	0.799999996465205	-1.75105975572912e-09	64.4775334120299	0.20000000000714
5.925	46.25	1.0532512049694e-11	0.799999996388458	-1.72657060175151e-09	64.4535334121362	0.200000000008426
6.075	46.25	1.19602875232893e-11	0.799999996312888	-1.70155720621656e-09	64.4295334122446	0.200000000009568
6.225	46.25	1.29974275768555e-11	0.799999996238274	-1.6761936030026e-09	64.4055334123551	0.200000000010398
6.375	46.25	1.33690888236939e-11	0.799999996164763	-1.65038680341009e-09	64.3815334124678	0.200000000010695
6.525	46.25	1.27310739204398e-11	0.799999996092987	-1.62398664978045e-09	64.3575334125827	0.200000000010185
6.675	46.25	1.06674610235805e-11	0.79999999602128	-1.5972825931812e-09	64.3335334126998	0.200000000008534
6.825	46.25	6.69303691267492e-12	0.79999999595148	-1.57010181630935e-09	64.3095334128193	0.200000000005354
6.975	46.25	2.62384151486636e-13	0.799999995882604	-1.54255040109676e-09	64.2855334129414	0.20000000000021
7.125	46.25	-9.21227765866624e-12	0.799999995815298	-1.51454633549741e-09	64.2615334130663	0.19999999999263
7.275	46.25	-2.23322049994545e-11	0.79999999574859	-1.48619802829839e-09	64.2375334131943	0.199999999982134
7.425	46.25	-3.9669809710679e-11	0.799999995684032	-1.45738937738445e-09	64.2135334133257	0.199999999968264
7.575	46.25	-6.17105574296408e-11	0.799999995620608	-1.42831602874989e-09	64.1895334134609	0.199999999950632
7.725	46.25	-8.87769667691969e-11	0.799999995558477	-1.39874482252824e-09	64.1655334136003	0.199999999928978
7.875	46.25	-1.20933060699781e-10	0.799999995498125	-1.36892455490127e-09	64.1415334137444	0.199999999903254
8.025	46.25	-1.57868389737065e-10	0.799999995439687	-1.33882521926487e-09	64.1175334138936	0.199999999873705
8.175	46.25	-1.98761869362288e-10	0.799999995383085	-1.30829882843759e-09	64.0935334140483	0.199999999840991
8.325	46.25	-2.42127204058489e-10	0.799999995328197	-1.277699451499e-09	64.0695334142088	0.199999999806298
8.475	46.25	-2.85643650503143e-10	0.799999995275878	-1.24652932447304e-09	64.0455334143751	0.199999999771485
8.625	46.25	-3.25978330862979e-10	0.799999995225998	-1.21520850587159e-09	64.0215334145471	0.199999999739217
8.775	46.25	-3.58609249595123e-10	0.799999995178399	-1.18363518940402e-09	63.9975334147242	0.199999999713113
8.925	46.25	-3.77661569690453e-10	0.799999995133411	-1.15176798839202e-09	63.9735334149052	0.199999999697871
9.075	46.25	-3.75773504838051e-10	0.799999995091181	-1.11966622002436e-09	63.9495334150887	0.199999999699381
9.225	46.25	-3.44012273943475e-10	0.799999995051563	-1.08739224429692e-09	63.9255334152719	0.19999999972479
9.375	46.25	-2.71864780902569e-10	0.799999995014822	-1.05485059749175e-09	63.9015334154516	0.199999999782508
9.525	46.25	-1.47331800887492e-10	0.799999994980242	-1.02208672422209e-09	63.8775334156232	0.199999999882135
9.675	46.25	4.28418163849065e-11	0.799999994948216	-9.89217704211534e-10	63.8535334157811	0.200000000034273
9.825	46.25	3.1276543677905e-10	0.799999994917618	-9.56082589805912e-10	63.8295334159181	0.200000000250212
9.975	46.25	6.76792135596904e-10	0.799999994887912	-9.22626438812914e-10	63.805533416026	0.200000000541434
10.125	46.25	1.14866197761405e-09	0.799999994858351	-8.89316427870959e-10	63.7815334160949	0.20000000091893
10.275	46.25	1.74036375524808e-09	0.799999994827809	-8.55708563120406e-10	63.7575334161139	0.200000001392291
10.425	46.25	2.46068474549739e-09	0.79999999479498	-8.22060294867031e-10	63.7335334160711	0.200000001968548
10.575	46.25	3.31342632767636e-09	0.799999994757553	-7.88257706158894e-10	63.7095334159538	0.200000002650741
10.725	46.25	4.29527555321827e-09	0.799999994714297	-7.54312845887454e-10	63.6855334157494	0.20000000343622
10.875	46.25	5.3933394937474e-09	0.799999994662734	-7.20343472157987e-10	63.6615334154462	0.200000004314672
11.025	46.25	6.58237082959928e-09	0.799999994600123	-6.86183453313727e-10	63.6375334150342	0.200000005265897
11.175	46.25	7.82173994010792e-09	0.799999994524359	-6.5213285534108e-10	63.6135334145064	0.200000006257392
11.325	46.25	9.05224077153966e-09	0.799999994432474	-6.17890120344491e-10	63.5895334138609	0.200000007241793
11.475	46.25	1.01928547756704e-08	0.799999994322488	-5.83773229301328e-10	63.5655334131024	0.200000008154284
11.625	46.25	1.11376386949294e-08	0.799999994191561	-5.49424335191434e-10	63.5415334122446	0.200000008910111
11.775	46.25	1.17529470121675e-08	0.799999994038533	-5.15233100052054e-10	63.5175334113125	0.200000009402358
11.925	46.25	1.18752471635229e-08	0.799999993861908	-4.80947254630535e-10	63.4935334103457	0.200000009500198
12.075	46.25	1.13098333804459e-08	0.799999993661873	-4.46774125596692e-10	63.4695334094007	0.200000009047867
12.225	46.25	9.83079109434554e-09	0.799999993439555	-4.12595184372142e-10	63.4455334085545	0.200000007864633
12.375	46.25	7.1826056231491e-09	0.799999993198429	-3.78398608178441e-10	63.4215334079068	0.200000005746085
12.525	46.25	3.0838434518868e-09	0.799999992942669	-3.44320146734744e-10	63.3975334075835	0.200000002467075
12.675	46.25	-2.76664128789703e-09	0.799999992680358	-3.10214000806933e-10	63.3735334077382	0.199999997786687
12.825	46.25	-1.06805116721599e-08	0.799999992420978	-2.76303303485078e-10	63.3495334085539	0.199999991455591
12.975	46.25	-2.09673061565451e-08	0.799999992178157	-2.42390572923928e-10	63.3255334102436	0.199999983226155
13.125	46.25	-3.39179161316714e-08	0.799999991968224	-2.08592628782484e-10	63.3015334130489	0.199999972865667
13.275	46.25	-4.97837929260474e-08	0.799999991811927	-1.7494033448048e-10	63.2775334172377	0.199999960172966
13.425	46.25	-6.87515579653449e-08	0.799999991733108	-1.41358447833175e-10	63.2535334230987	0.199999944998754
13.575	46.25	-9.09127705489357e-08	0.799999991759814	-1.0796777748469e-10	63.229533430934	0.199999927269784
13.725	46.25	-1.1622869991591e-07	0.799999991924709	-7.46953577668217e-11	63.2055334410484	0.19999990701704
13.875	46.25	-1.44490042128508e-07	0.799999992263643	-4.15980552080643e-11	63.1815334537345	0.199999884407966
14.025	46.25	-1.75271602514184e-07	0.799999992817059	-8.68808724064521e-12	63.1575334692546	0.199999859782718
14.175	46.25	-2.07882008607572e-07	0.799999993629106	2.41358376497564e-11	63.1335334878176	0.199999833694393
14.325	46.25	-2.41308495217585e-07	0.799999994747653	5.66156837731522e-11	63.1095335095503	0.199999806953204
14.475	46.25	-2.74156669214215e-07	0.799999996225738	8.90785891227712e-11	63.085533534464	0.199999780674665
14.625	46.25	-3.04584858633879e-07	0.799999998120553	1.2115312320669e-10	63.0615335624148	0.199999756332113
14.775	46.25	-3.30232101130973e-07	0.800000000496519	1.53093506529329e-10	63.037533593057	0.199999735814319
14.925	46.25	-3.48137927913302e-07	0.800000003426725	1.84828701372861e-10	63.0135336257896	0.199999721489658
15.075	46.25	-3.54650715668245e-07	0.800000006997975	2.16245831391202e-10	62.9895336596939	0.199999716279428
15.225	46.25	-3.45319332357965e-07	0.800000011316721	2.47426596394439e-10	62.9655336934626	0.199999723744534
15.375	46.25	-3.14759858678025e-07	0.800000016519644	2.78381920260178e-10	62.9415337253162	0.199999748192113
15.525	46.25	-2.56485016745496e-07	0.800000022787517	3.09053691265732e-10	62.9175337529053	0.199999794811987
15.675	46.25	-1.62678174005893e-07	0.800000030366065	3.39341661685345e-10	62.8935337731941	0.199999869857461
15.825	46.25	-2.38858740100694e-08	0.800000039595913	3.69348879685585e-10	62.8695337823176	0.199999980891301
15.975	46.25	1.71407941968942e-07	0.800000050954061	3.99249838877014e-10	62.8455337754044	0.200000137126354
16.125	46.25	4.37377480668164e-07	0.800000065108478	4.2861239268828e-10	62.82153374635	0.200000349901985
16.275	46.25	7.91691620411241e-07	0.800000083000548	4.57782942560555e-10	62.7975336875214	0.200000633353296
16.425	46.25	1.25668924648252e-06	0.80000010594812	4.8669253267232e-10	62.7735335893652	0.200001005351397
16.575	46.25	1.86102705144598e-06	0.800000135792387	5.15070277777586e-10	62.7495334398802	0.200001488821641
16.725	46.25	2.64198154698153e-06	0.800000175095495	5.43270893368784e-10	62.7255332239004	0.200002113585238
16.875	46.25	3.64865146743559e-06	0.800000227404987	5.70938605515945e-10	62.7015329221139	0.200002918921174
17.025	46.25	4.94639294610805e-06	0.800000297613207	5.98371318902787e-10	62.6775325097148	0.200003957114357
17.175	46.25	6.62293524218612e-06	0.800000392438307	6.25427969536166e-10	62.6535319545493	0.200005298348194
17.325	46.25	8.79677984553551e-06	0.800000521075341	6.52032629394345e-10	62.6295312145643	0.200007037423876
17.475	46.25	1.16286953480004e-05	0.800000696070982	6.78322081412614e-10	62.6055302343019	0.200009302956278
17.625	46.25	1.53374051575778e-05	0.800000934512648	7.04125007501092e-10	62.5815289400886	0.200012269924126
17.775	46.25	2.02209519166626e-05	0.800001259628843	7.29684552109236e-10	62.557527233446	0.200016176761533
17.925	46.25	2.66857439791946e-05	0.800001702945716	7.54679615471391e-10	62.533524982082	0.200021348595183
18.075	46.25	3.52859825998414e-05	0.800002307168325	7.79281642277789e-10	62.5095220075955	0.20002822878608
18.225	46.25	4.67770775587284e-05	0.800003130005858	8.03499776206112e-10	62.4855180687237	0.200037421662047
18.375	46.25	6.21878480509333e-05	0.800004249260259	8.27246455706655e-10	62.4615128385611	0.200049750278441
18.525	46.25	8.29178911161927e-05	0.800005769654396	8.50508665078338e-10	62.4375058736378	0.200066334312893
18.675	46.25	0.000110868697237414	0.800007832159743	8.7333077515251e-10	62.4134965720319	0.20008869495779
18.825	46.25	0.000148620253076908	0.800010626937573	8.95750425298907e-10	62.38948411671	0.200118896202462
18.975	46.25	0.000199669451605669	0.800014411306269	9.17630237412209e-10	62.365467398948	0.200159735561285
19.125	46.25	0.000268753038559038	0.800019534194391	9.38877053441378e-10	62.3414449148063	0.200215002430847
19.275	46.25	0.000362286149884319	0.80002646810325	9.59576734551581e-10	62.317414625053	0.200289828919907
19.425	46.25	0.000488957294152999	0.8000358489124	9.79698864203064e-10	62.293373765478	0.200391165835322
19.575	46.25	0.000660531174558605	0.800048523772142	9.99147831314326e-10	62.2693185901109	0.200528424939647
19.725	46.25	0.000892922188870577	0.800065609617339	1.0177860298575e-09	62.2452440243738	0.200714337751096
19.875	46.25	0.00120761709884754	0.800088571265254	1.03565199163726e-09	62.2211431984134	0.200966093679078
20.025	46.25	0.00163355408408065	0.800119338484237	1.05252643794065e-09	62.1970068219444	0.201306843267265
20.175	46.25	0.00220962174675718	0.800160490857101	1.0681404277933e-09	62.1728223489332	0.201767697397406
20.325	46.25	0.00298804030756771	0.800215536015314	1.0824038497617e-09	62.1485728600078	0.202390432246054
20.475	46.25	0.0040390295817837	0.800289274571431	1.09491279090959e-09	62.1242355584659	0.203231223665427
20.625	46.25	0.00545732363188349	0.800388171738204	1.10512235215503e-09	62.0997797294406	0.204365858905507
20.775	46.25	0.00737118393042471	0.800520547458296	1.11263420893102e-09	62.0751639536134	0.20589694714434
20.925	46.25	0.00995447738578884	0.800696290654143	1.11669382620685e-09	62.0503323083862	0.207963581908631
21.075	46.25	0.0134420119381703	0.800925762708124	1.1162108254771e-09	62.0252092530258	0.210753609550536
21.225	46.25	0.0181476175105805	0.801217643455463	1.11027703839655e-09	61.9996929097444	0.214518094008464
21.375	46.25	0.0244834934138265	0.801575709366152	1.09741012880003e-09	61.9736465484978	0.219586794731061
21.525	46.25	0.0329782628042995	0.80199487250371	1.07644200488047e-09	61.9468882775182	0.22638261024344
21.675	46.25	0.0442900720074484	0.802457174631048	1.04618426299726e-09	61.919179240706	0.235432057605959
21.825	46.25	0.0592098316332846	0.802928786491048	1.00579442295265e-09	61.890211034389	0.247367865306628
21.975	46.25	0.0786480162734347	0.803359399652448	9.55519094596635e-10	61.8595936067338	0.262918413018748
22.125	46.25	0.103596190189668	0.803685582655975	8.96374215337025e-10	61.8268456408569	0.282876952151735
22.275	46.25	0.135052302406617	0.803839327708543	8.306182605644e-10	61.7913903683008	0.308041841925293
22.425	46.25	0.173898993137975	0.803761743736512	7.61180852289442e-10	61.7525607967211	0.33911919451038
22.575	46.25	0.220730584426694	0.803419695259263	6.91560983829581e-10	61.7096190577665	0.376584467541355
22.725	46.25	0.275641526223772	0.802820792043076	6.24963601044243e-10	61.6617941832756	0.420513220979018
22.875	46.25	0.338017855698804	0.802020580099837	5.640996485305e-10	61.6083400306272	0.470414284559043
23.025	46.25	0.406404722732255	0.801116452874205	5.10654253711934e-10	61.5486096020589	0.525123778185804
23.175	46.25	0.478534571597214	0.800226930882871	4.65522202813359e-10	61.4821344410772	0.582827657277771
23.325	46.25	0.551566086074282	0.799461973328556	4.28782431209435e-10	61.4086912858337	0.641252868859425
23.475	46.25	0.622501307298595	0.798895931963179	3.99914760787982e-10	61.3283372558949	0.698001045838876
23.625	46.25	0.68865925729738	0.798554412089608	3.78102839302571e-10	61.2414022270257	0.750927405837904
23.775	46.25	0.748051809683829	0.798418745662573	3.62379764647027e-10	61.1484403379677	0.798441447747063
23.925	46.25	0.799557780710476	0.798442570718737	3.5174240563976e-10	61.0501550412672	0.839646224568381
24.075	46.25	0.842886470026096	0.798570851455863	3.45284276051052e-10	60.9473175509561	0.874309176020877
24.225	46.25	0.878398155738229	0.798753963052367	3.42158568653825e-10	60.840695694328	0.902718524590583
24.375	46.25	0.906872100192086	0.798954493816305	3.41686362995284e-10	60.7310025512448	0.925497680153669
24.525	46.25	0.929292197964737	0.799148197207096	3.43324850358635e-10	60.6188665351554	0.943433758371789
24.675	46.25	0.946685093927734	0.799321773536644	3.46507038703358e-10	60.5048195350887	0.957348075142187
24.825	46.25	0.960016774524297	0.799469692961713	3.50949737417721e-10	60.389297786761	0.968013419619437
24.975	46.25	0.970138072988932	0.799591293633049	3.56294373418987e-10	60.2726503176789	0.976110458391145
25.125	46.25	0.977764769166837	0.799688597720309	3.62311886664196e-10	60.1551509595149	0.98221181533347
25.275	46.25	0.983479107235473	0.799764852601688	3.68852462252592e-10	60.0370112408984	0.986783285788378
25.425	46.25	0.987742791082172	0.799823641310711	3.75730969799187e-10	59.9183925827824	0.990194232865738
25.575	46.25	0.990914817847382	0.799868387226337	3.8284969004438e-10	59.7994170138178	0.992731854277905
25.725	46.25	0.993270126775969	0.799902112121677	3.90124144071971e-10	59.6801761346136	0.994616101420775
25.875	46.25	0.995016874793713	0.799927348504934	3.97485063431302e-10	59.5607383577348	0.99601349983497
26.025	46.25	0.996311339953476	0.799946140756867	4.04906463090289e-10	59.4411546032142	0.997049071962781
26.175	46.25	0.997270176117696	0.799960092881288	4.12319800407764e-10	59.3214626905563	0.997816140894157
26.325	46.25	0.997980145938205	0.799970436188275	4.19720217718395e-10	59.2016906753897	0.998384116750564
26.475	46.25	0.998505654702265	0.799978100634429	4.270733779334e-10	59.0818593573481	0.998804523761812
26.625	46.25	0.998894473354449	0.79998378067172	4.34363875535043e-10	58.9619841516425	0.999115578683559
26.775	46.25	0.999182029805857	0.799987991311946	4.41615058727397e-10	58.8420764799592	0.999345623844686
26.925	46.25	0.999394600868321	0.799991113262291	4.48767809724762e-10	58.7221448021688	0.999515680694657
27.075	46.25	0.999551676929835	0.799993427821365	4.55849121430522e-10	58.6021953813226	0.999641341543868
27.225	46.25	0.999667711986641	0.799995143100747	4.62829299932734e-10	58.4822328511447	0.999734169589313
27.375	46.25	0.999753419908104	0.79999641337245	4.69735711472427e-10	58.3622606373036	0.999802735926483
27.525	46.25	0.99981673620688	0.799997353214018	4.76534498655174e-10	58.2422812702983	0.999853388965504
27.675	46.25	0.999863532816246	0.79999804783169	4.83242833637312e-10	58.1222966178713	0.999890826252997
27.825	46.25	0.999898149900031	0.799998560621468	4.89858138747032e-10	58.0023080575842	0.999918519920024
27.975	46.25	0.999923791678072	0.799998938740604	4.96385925272777e-10	57.8823166048688	0.999939033342458
28.125	46.25	0.999942820940843	0.79999921723977	5.02813344407863e-10	57.7623230079404	0.999954256752675
28.275	46.25	0.999956977996891	0.799999422142784	5.09147710670566e-10	57.6423278180655	0.999965582397512
28.425	46.25	0.999967543255819	0.799999572747657	5.15382512213063e-10	57.5223314415162	0.999974034604655
28.575	46.25	0.999975457806016	0.799999683347858	5.21515675889755e-10	57.4023341779328	0.999980366244813
28.725	46.25	0.999981412728942	0.799999764517556	5.2755734379679e-10	57.2823362486113	0.999985130183153
28.875	46.25	0.999985915176897	0.799999824070251	5.33499356597572e-10	57.1623378173325	0.999988732141518
29.025	46.25	0.999989337201662	0.799999867772285	5.39360133230714e-10	57.0423390056757	0.999991469761329
29.175	46.25	0.99999195179085	0.799999899872985	5.45109520990664e-10	56.9223399042578	0.99999356143268
29.325	46.25	0.99999395942496	0.799999923498625	5.50774243399423e-10	56.8023405809697	0.999995167539968
29.475	46.25	0.999995507614423	0.799999940943905	5.56368221889073e-10	56.6823410869985	0.999996406091538
29.625	46.25	0.999996705242165	0.799999953889297	5.61843868465167e-10	56.5623414612245	0.999997364193732
29.775	46.25	0.999997633065858	0.799999963561629	5.67232574047814e-10	56.4423417334252	0.999998106452686
29.925	46.25	0.999998351385283	0.799999970853455	5.72549459941762e-10	56.3223419266074	0.999998681108226
30.075	46.25	0.999998905620666	0.79999997641162	5.77766456465208e-10	56.2023420587032	0.999999124496532
30.225	46.25	0.999999330355711	0.799999980703072	5.82897214389182e-10	56.0823421438047	0.999999464284569
30.375	46.25	0.999999652255981	0.79999998406349	5.87941152412657e-10	55.962342193064	0.999999721804785
30.525	46.25	0.9999998921666	0.799999986733124	5.92890837707841e-10	55.8423422153525	0.99999991373328
30.675	46.25	1.00000006661442	0.799999988883662	5.97766381820738e-10	55.7223422177481	1.00000005329154
30.825	46.25	1.00000018888042	0.7999999906374	6.02548105211741e-10	55.6023422058975	1.00000015110434
30.975	46.25	1.00000026976427	0.79999999208163	6.07243970705572e-10	55.4823421842918	1.00000021581142
31.125	46.25	1.00000031813021	0.799999993279126	6.11879223904755e-10	55.3623421564783	1.00000025450417
31.275	46.25	1.00000034129911	0.79999999427541	6.16409637674689e-10	55.2423421252271	1.00000027303929
31.425	46.25	1.00000034533334	0.799999995104372	6.20836984274089e-10	55.1223420926662	1.00000027626667
31.575	46.25	1.00000033524794	0.799999995791604	6.25241637706173e-10	55.0023420603918	1.00000026819835
31.725	46.25	1.00000031517154	0.799999996357591	6.29532468401803e-10	54.8823420295611	1.00000025213723
31.875	46.25	1.00000028847335	0.799999996818874	6.33745041545939e-10	54.7623420009716	1.00000023077868
32.025	46.25	1.00000025786735	0.799999997189614	6.37874320213267e-10	54.6423419751286	1.00000020629388
32.175	46.25	1.00000022550094	0.799999997482423	6.41954373825472e-10	54.5223419523042	1.00000018040075
32.325	46.25	1.0000001930328	0.799999997708321	6.45934540278868e-10	54.4023419325877	1.00000015442624
32.475	46.25	1.00000016170282	0.799999997877568	6.49853115741122e-10	54.2823419159294	1.00000012936225
32.625	46.25	1.00000013239564	0.799999997999416	6.53696779584851e-10	54.1623419021775	1.00000010591651
32.775	46.25	1.00000010569875	0.799999998082361	6.57459054017615e-10	54.0423418911096	1.000000084559
32.925	46.25	1.00000008195547	0.799999998134028	6.61145936753634e-10	53.9223418824587	1.00000006556437
33.075	46.25	1.00000006131278	0.79999999816131	6.64777785392434e-10	53.802341875934	1.00000004905022
33.225	46.25	1.00000004376433	0.799999998170218	6.68342037680077e-10	53.6823418712382	1.00000003501146
33.375	46.25	1.00000002918821	0.799999998166093	6.71797942849255e-10	53.5623418680802	1.00000002335057
33.525	46.25	1.00000001737986	0.799999998153337	6.75238719706369e-10	53.4423418661843	1.00000001390389
33.675	46.25	1.00000000807999	0.799999998135704	6.78582503991923e-10	53.3223418652973	1.000000006464
33.825	46.25	1.00000000099788	0.799999998116126	6.81864053763496e-10	53.2023418651922	1.00000000079831
33.975	46.25	0.999999995830269	0.799999998097072	6.85074729961543e-10	53.0823418656708	0.999999996664215
34.125	46.25	0.999999992276125	0.79999999808033	6.88227295325987e-10	52.9623418665637	0.9999999938209
34.275	46.25	0.999999990047863	0.799999998067091	6.91319931292334e-10	52.8423418677297	0.99999999203829
34.425	46.25	0.999999988879245	0.799999998058249	6.94350772945525e-10	52.7223418690544	0.999999991103396
34.575	46.25	0.999999988530597	0.799999998054187	6.97322809285728e-10	52.6023418704475	0.999999990824478
34.725	46.25	0.999999988791702	0.799999998055188	7.00212279947155e-10	52.4823418718403	0.999999991033362
34.875	46.25	0.999999989482772	0.799999998061035	7.03049165421964e-10	52.3623418731829	0.999999991586217
35.025	46.25	0.999999990453975	0.799999998071553	7.05827205566359e-10	52.2423418744413	0.99999999236318
35.175	46.25	0.999999991583917	0.799999998086376	7.08570449527586e-10	52.1223418755943	0.999999993267133
35.325	46.25	0.999999992777294	0.799999998105023	7.11234596005606e-10	52.0023418766313	0.999999994221835
35.475	46.25	0.999999993962044	0.799999998126973	7.13838947879744e-10	51.8823418775496	0.999999995169635
35.625	46.25	0.999999995086328	0.799999998151788	7.16395912090742e-10	51.7623418783525	0.999999996069063
35.775	46.25	0.99999999611533	0.799999998178943	7.18892973383437e-10	51.6423418790475	0.999999996892264
35.925	46.25	0.999999997028257	0.799999998207927	7.21335693040437e-10	51.5223418796447	0.999999997622605
36.075	46.25	0.999999997815436	0.799999998238422	7.23733580100425e-10	51.4023418801557	0.999999998252348
36.225	46.25	0.999999998475737	0.79999999827004	7.26067524125712e-10	51.2823418805926	0.999999998780589
36.375	46.25	0.999999999014271	0.799999998302348	7.28353517415853e-10	51.1623418809673	0.999999999211417
36.525	46.25	0.999999999440439	0.79999999833523	7.30580330544664e-10	51.0423418812912	0.999999999552352
36.675	46.25	0.999999999766309	0.799999998368451	7.3278120474043e-10	50.9223418815742	0.999999999813047
36.825	46.25	1.00000000000533	0.799999998401732	7.34899667956453e-10	50.8023418818255	1.00000000000427
36.975	46.25	1.00000000017135	0.799999998435073	7.36984746188081e-10	50.6823418820527	1.00000000013708
37.125	46.25	1.00000000027791	0.799999998468387	7.39038505510066e-10	50.5623418822621	1.00000000022233
37.275	46.25	1.0000000003377	0.799999998501522	7.4101347911007e-10	50.4423418824588	1.00000000027016
37.425	46.25	1.00000000036183	0.799999998534343	7.42968780086667e-10	50.3223418826468	1.00000000028947
37.575	46.25	1.00000000035913	0.799999998566857	7.44855051660651e-10	50.2023418828291	1.00000000028731
37.725	46.25	1.00000000033567	0.799999998599064	7.4672270384233e-10	50.0823418830078	1.00000000026854
37.875	46.25	1.00000000029552	0.799999998631666	7.48519990406556e-10	49.9623418831849	1.00000000023642
38.025	46.25	1.00000000024453	0.799999998665586	7.50301932554679e-10	49.8423418833616	1.00000000019562
38.175	46.25	1.00000000019656	0.799999998701607	7.52012884052546e-10	49.7223418835383	1.00000000015725
38.325	46.25	1.00000000017804	0.799999998738107	7.53699996370006e-10	49.6023418837134	1.00000000014243
38.475	46.25	1.0000000002182	0.799999998769007	7.55325153014302e-10	49.4823418838827	1.00000000017456
38.625	46.25	1.00000000031039	0.799999998783597	7.56932179351543e-10	49.3623418840408	1.00000000024831
38.775	46.25	1.00000000034602	0.79999999877544	7.58483027207934e-10	49.242341884188	1.00000000027681
38.925	46.25	1.00000000007387	0.799999998762441	7.60000557816429e-10	49.1223418843418	1.0000000000591
39.075	46.25	0.999999999212026	0.799999998810775	7.61469938072735e-10	49.0023418845451	0.999999999369621
39.225	46.25	0.999999997861582	0.799999999029333	7.62901277548335e-10	48.8823418848499	0.999999998289266
39.375	46.25	0.999999997187157	0.799999999479456	7.6430546172989e-10	48.7623418852469	0.999999997749726
39.525	46.25	0.999999999800263	0.799999999967619	7.65678571476445e-10	48.6423418855461	0.99999999984021
39.675	46.25	1.0000000085499	0.799999999815199	7.66998030461574e-10	48.522341885295	1.00000000683992
39.825	46.25	1.0000000222811	0.7999999979396	7.68292415796297e-10	48.40234188396	1.00000001782488
39.975	46.25	1.00000002906865	0.799999993777208	7.69540643372317e-10	48.2823418816352	1.00000002325492
40.125	46.25	1.00000000269435	0.799999989312647	7.70751925409962e-10	48.1623418802457	1.00000000215548
40.275	46.25	0.999999915051594	0.799999991222772	7.71934610336672e-10	48.0423418843241	0.999999932041275
40.425	46.25	0.999999777875196	0.800000009892993	7.73080415709982e-10	47.9223418991889	0.999999822300157
40.575	46.25	0.999999707649939	0.80000005042841	7.74199769673222e-10	47.8023419240042	0.999999766119951
40.725	46.25	0.999999957517768	0.800000093640398	7.7527370023452e-10	47.6823419401916	0.999999966014214
40.875	46.25	1.00000079734942	0.800000076843757	7.76312806460811e-10	47.5623419040686	1.00000063787954
41.025	46.25	1.00000212196182	0.799999904324366	7.77324857447642e-10	47.4423417640474	1.00000169756946
41.175	46.25	1.0000028529025	0.79999953019176	7.78299485410362e-10	47.3223415253547	1.000002282322
41.325	46.25	1.0000006516309	0.799999127937676	7.79253078633921e-10	47.202341357233	1.00000052130472
41.475	46.25	0.999993003857946	0.799999255492701	7.80163482916202e-10	47.0823416618604	0.999994403086357
41.625	46.25	0.999980706637772	0.8000007560981	7.81061370217282e-10	46.9623429238432	0.999984565310218
41.775	46.25	0.999973138464122	0.800004040723922	7.81923156417706e-10	46.8423451393601	0.999978510771298
41.925	46.25	0.999990827520922	0.800007657640562	7.82717235498858e-10	46.722346869067	0.999992662016737
42.075	46.25	1.00005637953649	0.80000693626233	7.83471732714816e-10	46.6023446032008	1.00004510362919
42.225	46.25	1.00016528886123	0.79999482413861	7.84160620105977e-10	46.4823339632234	1.00013223108899
42.375	46.25	1.00024184955223	0.799967674212133	7.84843727706544e-10	46.3623144207032	1.00019347964178
42.525	46.25	1.00011633628363	0.799936550491339	7.85614662327006e-10	46.2422972277221	1.0000930690269
42.675	46.25	0.999594226904104	0.799937860691381	7.86624712596585e-10	46.1223111207609	0.999675381523283
42.825	46.25	0.998683926303457	0.80002737248599	7.87841600694653e-10	46.0023937718977	0.998947141042765
42.975	46.25	0.997944673226257	0.800237006870124	7.88931261633205e-10	45.8825556038107	0.998355738581005
43.125	46.25	0.998684258980562	0.800490005509937	7.89053958339375e-10	45.7627174094876	0.99894740718445
43.275	46.25	1.00248296175523	0.800522975187538	7.87218139502871e-10	45.6426613791663	1.00198636940418
43.425	46.25	1.00955927622294	0.799934825620738	7.83325326212076e-10	45.5220834766277	1.00764742097835
43.575	46.25	1.01623380734626	0.79847988166176	7.7967682338048e-10	45.4008456999701	1.01298704587701
43.725	46.25	1.01328677096859	0.796573391891471	7.81958929664984e-10	45.2794285436727	1.01062941677487
43.875	46.25	0.988680897765152	0.795833250691338	7.9793890288622e-10	45.1593335492304	0.990944718212122
44.025	46.25	0.938367896730112	0.799351007372624	8.32193801456215e-10	45.0428405167677	0.950694317384089
44.175	46.25	0.884673133609764	0.810192428771125	8.72106684223467e-10	44.9313520111391	0.907738506887811
44.325	46.25	0.889127901660697	0.824441952962821	8.69171580329397e-10	44.8222076570924	0.911302321328557
44.475	46.25	1.03257195114125	0.826489829225868	7.72255301278469e-10	44.7059572514784	1.026057560913
44.625	46.25	1.3492443413114	0.808622133192671	6.19414610540344e-10	44.5677998156039	1.27939547304912
44.775	46.25	1.76408811729351	0.709537047696311	4.91803128888878e-10	44.3955930024942	1.61127049383481
44.925	46.25	2.11154506535582	0.834636814381653	4.19400863245998e-10	44.2248229828333	1.88923605228466
0.075	46.75	3.47473592586881e-16	0.399999999951485	-1.91637577391185e-09	65.3895334101155	0.2
0.225	46.75	1.09796499024286e-15	0.799999999854111	-1.91590770786452e-09	65.3655334101184	0.200000000000001
0.375	46.75	2.5481892878056e-15	0.799999999756964	-1.91456093490216e-09	65.3415334101243	0.200000000000002
0.525	46.75	4.61626582102444e-15	0.799999999659816	-1.91275826420234e-09	65.317533410133	0.200000000000004
0.675	46.75	7.14881698057354e-15	0.799999999562872	-1.91041144566791e-09	65.2935334101447	0.200000000000006
0.825	46.75	9.93588428097251e-15	0.799999999465854	-1.9074017967535e-09	65.2695334101593	0.200000000000008
0.975	46.75	1.27379704042578e-14	0.799999999369407	-1.90376814608806e-09	65.2455334101767	0.20000000000001
1.125	46.75	1.52997074332408e-14	0.799999999272985	-1.89965957594984e-09	65.2215334101971	0.200000000000012
1.275	46.75	1.73403388547642e-14	0.799999999176391	-1.89486257028338e-09	65.1975334102204	0.200000000000014
1.425	46.75	1.85241247652107e-14	0.799999999080483	-1.88957866891211e-09	65.1735334102465	0.200000000000015
1.575	46.75	1.84215048710248e-14	0.799999998984764	-1.88362065164914e-09	65.1495334102755	0.200000000000015
1.725	46.75	1.64738684921494e-14	0.799999998889339	-1.87702907591643e-09	65.1255334103074	0.200000000000013
1.875	46.75	1.19727217786013e-14	0.799999998794541	-1.87000920495879e-09	65.1015334103422	0.20000000000001
2.025	46.75	4.06047191953881e-15	0.799999998699465	-1.86233937182552e-09	65.0775334103797	0.200000000000003
2.175	46.75	-8.2429194536672e-15	0.799999998605352	-1.85401513321647e-09	65.0535334104202	0.199999999999993
2.325	46.75	-2.59845090504702e-14	0.799999998511613	-1.84520639120451e-09	65.0295334104634	0.199999999999979
2.475	46.75	-5.01910920464769e-14	0.799999998418483	-1.83587180107107e-09	65.0055334105095	0.19999999999996
2.625	46.75	-8.17460215367815e-14	0.799999998325434	-1.82592340728269e-09	64.9815334105583	0.199999999999935
2.775	46.75	-1.21225242634271e-13	0.799999998233254	-1.81540357188141e-09	64.95753341061	0.199999999999903
2.925	46.75	-1.6868769292864e-13	0.799999998141401	-1.80426886452808e-09	64.9335334106644	0.199999999999865
3.075	46.75	-2.23416649132307e-13	0.799999998050145	-1.7926103805381e-09	64.9095334107215	0.199999999999821
3.225	46.75	-2.83611671825099e-13	0.799999997959578	-1.78051416615294e-09	64.8855334107814	0.199999999999773
3.375	46.75	-3.46035690070452e-13	0.799999997869905	-1.76781465436424e-09	64.861533410844	0.199999999999723
3.525	46.75	-4.05628544967406e-13	0.799999997780566	-1.75463133831374e-09	64.8375334109093	0.199999999999676
3.675	46.75	-4.55107087403988e-13	0.799999997692089	-1.7407895966572e-09	64.8135334109772	0.199999999999636
3.825	46.75	-4.8458270623529e-13	0.79999999760417	-1.72649622218854e-09	64.7895334110478	0.199999999999612
3.975	46.75	-4.81239936056294e-13	0.799999997517026	-1.71169001885798e-09	64.7655334111211	0.199999999999615
4.125	46.75	-4.29134299605949e-13	0.79999999743071	-1.69637648657648e-09	64.7415334111969	0.199999999999657
4.275	46.75	-3.09183364346996e-13	0.799999997345472	-1.68067913225488e-09	64.7175334112753	0.199999999999753
4.425	46.75	-9.9441305813378e-14	0.799999997260614	-1.66435574670168e-09	64.6935334113563	0.19999999999992
4.575	46.75	2.24237046609086e-13	0.79999999717685	-1.64745081931497e-09	64.6695334114397	0.200000000000179
4.725	46.75	6.87023334163215e-13	0.79999999709421	-1.63022703826727e-09	64.6455334115256	0.20000000000055
4.875	46.75	1.31330562168804e-12	0.799999997011935	-1.61247935707536e-09	64.6215334116139	0.200000000001051
5.025	46.75	2.12411093534699e-12	0.799999996930726	-1.59431154144296e-09	64.5975334117046	0.200000000001699
5.175	46.75	3.13363844135825e-12	0.799999996850807	-1.57561994449203e-09	64.5735334117977	0.200000000002507
5.325	46.75	4.34480353981102e-12	0.799999996771429	-1.5564359294692e-09	64.549533411893	0.200000000003476
5.475	46.75	5.74373323282281e-12	0.79999999669326	-1.53692147877908e-09	64.5255334119905	0.200000000004595
5.625	46.75	7.29321536269045e-12	0.799999996616233	-1.51698474738969e-09	64.5015334120903	0.200000000005835
5.775	46.75	8.92519278458311e-12	0.799999996539931	-1.49654122806602e-09	64.4775334121922	0.20000000000714
5.925	46.75	1.0532512049178e-11	0.799999996464598	-1.47570505290737e-09	64.4535334122962	0.200000000008426
6.075	46.75	1.19602875225577e-11	0.799999996390463	-1.45440980391259e-09	64.4295334124023	0.200000000009568
6.225	46.75	1.29974275766438e-11	0.79999999631744	-1.43278110346987e-09	64.4055334125105	0.200000000010398
6.375	46.75	1.33690888235038e-11	0.799999996245348	-1.41067123304895e-09	64.3815334126207	0.200000000010695
6.525	46.75	1.27310739211192e-11	0.799999996174346	-1.38833331703089e-09	64.3575334127332	0.200000000010185
6.675	46.75	1.06674610246664e-11	0.799999996104669	-1.36558653605555e-09	64.3335334128478	0.200000000008534
6.825	46.75	6.69303691515301e-12	0.799999996035762	-1.34240191407432e-09	64.3095334129648	0.200000000005354
6.975	46.75	2.62384154914501e-13	0.799999995968168	-1.3188618430427e-09	64.2855334130844	0.20000000000021
7.125	46.75	-9.21227765318316e-12	0.799999995902153	-1.29508176128679e-09	64.2615334132067	0.19999999999263
7.275	46.75	-2.23322049923621e-11	0.799999995837013	-1.27086513267498e-09	64.237533413332	0.199999999982134
7.425	46.75	-3.96698097008612e-11	0.799999995773017	-1.24642701497825e-09	64.2135334134608	0.199999999968264
7.575	46.75	-6.17105574175849e-11	0.79999999571058	-1.22163303209314e-09	64.1895334135933	0.199999999950632
7.725	46.75	-8.87769667540035e-11	0.799999995650291	-1.19654376959863e-09	64.16553341373	0.199999999928978
7.875	46.75	-1.20933060682046e-10	0.799999995590663	-1.17117107339546e-09	64.1415334138713	0.199999999903254
8.025	46.75	-1.57868389716494e-10	0.799999995532938	-1.1453869074542e-09	64.1175334140178	0.199999999873705
8.175	46.75	-1.98761869339721e-10	0.799999995477246	-1.11947058319757e-09	64.0935334141696	0.199999999840991
8.325	46.75	-2.42127204034783e-10	0.799999995423705	-1.09319706250352e-09	64.0695334143273	0.199999999806298
8.475	46.75	-2.8564365047955e-10	0.799999995372243	-1.06680255546794e-09	64.0455334144907	0.199999999771485
8.625	46.75	-3.25978330842101e-10	0.799999995322929	-1.04007222593277e-09	64.0215334146598	0.199999999739217
8.775	46.75	-3.58609249578922e-10	0.799999995276204	-1.01313421356892e-09	63.9975334148339	0.199999999713113
8.925	46.75	-3.77661569683907e-10	0.799999995231943	-9.85960583785318e-10	63.9735334150121	0.199999999697871
9.075	46.75	-3.75773504844203e-10	0.799999995190609	-9.5861318580911e-10	63.9495334151925	0.199999999699381
9.225	46.75	-3.4401227396995e-10	0.799999995151587	-9.31056654189868e-10	63.9255334153728	0.19999999972479
9.375	46.75	-2.71864780953723e-10	0.799999995115502	-9.03358425672162e-10	63.9015334155495	0.199999999782508
9.525	46.75	-1.4733180097337e-10	0.799999995081664	-8.75388454694404e-10	63.8775334157181	0.199999999882135
9.675	46.75	4.28418162585108e-11	0.799999995049901	-8.47291304759415e-10	63.8535334158729	0.200000000034273
9.825	46.75	3.12765436600943e-10	0.799999995019799	-8.19125809479046e-10	63.8295334160068	0.200000000250212
9.975	46.75	6.76792135360281e-10	0.799999994990823	-7.90789357948834e-10	63.8055334161116	0.200000000541434
10.125	46.75	1.1486619773091e-09	0.799999994961837	-7.62279695248272e-10	63.7815334161774	0.20000000091893
10.275	46.75	1.74036375486824e-09	0.799999994931647	-7.33696601293704e-10	63.7575334161934	0.200000001392291
10.425	46.75	2.46068474503863e-09	0.799999994898969	-7.04844344005881e-10	63.7335334161474	0.200000001968548
10.575	46.75	3.31342632713545e-09	0.799999994861981	-6.76064005274477e-10	63.709533416027	0.200000002650741
10.725	46.75	4.2952755526025e-09	0.799999994819043	-6.47182126385684e-10	63.6855334158195	0.20000000343622
10.875	46.75	5.39333949306118e-09	0.799999994767621	-6.18160352589461e-10	63.6615334155131	0.200000004314672
11.025	46.75	6.58237082886904e-09	0.799999994705306	-5.8921700307339e-10	63.6375334150979	0.200000005265897
11.175	46.75	7.82173993935203e-09	0.799999994629821	-5.6003103053122e-10	63.613533414567	0.200000006257392
11.325	46.75	9.05224077081155e-09	0.799999994538008	-5.30925401966932e-10	63.5895334139184	0.200000007241793
11.475	46.75	1.019285477501e-08	0.799999994427973	-5.01720420043109e-10	63.5655334131567	0.200000008154284
11.625	46.75	1.11376386944252e-08	0.799999994297328	-4.72534167167123e-10	63.5415334122957	0.200000008910111
11.775	46.75	1.17529470118888e-08	0.799999994143944	-4.43323940154525e-10	63.5175334113604	0.200000009402358
11.925	46.75	1.18752471635966e-08	0.799999993967474	-4.14188632511401e-10	63.4935334103904	0.200000009500198
12.075	46.75	1.1309833380976e-08	0.79999999376746	-3.84928036846319e-10	63.4695334094423	0.200000009047867
12.225	46.75	9.83079109549681e-09	0.799999993545284	-3.55748993753239e-10	63.4455334085929	0.200000007864633
12.375	46.75	7.18260562506153e-09	0.799999993303588	-3.26583885688113e-10	63.4215334079421	0.200000005746085
12.525	46.75	3.08384345475106e-09	0.799999993047937	-2.97475384551276e-10	63.3975334076156	0.200000002467075
12.675	46.75	-2.7666412839137e-09	0.799999992785332	-2.68441860049867e-10	63.3735334077671	0.199999997786687
12.825	46.75	-1.06805116668657e-08	0.799999992525524	-2.39439747800522e-10	63.3495334085797	0.199999991455591
12.975	46.75	-2.09673061497699e-08	0.799999992282454	-2.10619627005847e-10	63.3255334102663	0.199999983226155
13.125	46.75	-3.39179161232601e-08	0.799999992072416	-1.81796384534082e-10	63.3015334130685	0.199999972865667
13.275	46.75	-4.97837929158671e-08	0.799999991915628	-1.53045996748247e-10	63.2775334172542	0.199999960172966
13.425	46.75	-6.87515579533436e-08	0.79999999183644	-1.2441835788878e-10	63.253533423112	0.199999944998754
13.575	46.75	-9.09127705350701e-08	0.799999991862683	-9.58739837681472e-11	63.2295334309443	0.199999927269784
13.725	46.75	-1.16228699900303e-07	0.799999992027018	-6.75654292495941e-11	63.2055334410555	0.19999990701704
13.875	46.75	-1.44490042111309e-07	0.799999992365644	-3.92669516064822e-11	63.1815334537386	0.199999884407966
14.025	46.75	-1.75271602495795e-07	0.799999992918433	-1.11499523054007e-11	63.1575334692557	0.199999859782718
14.175	46.75	-2.07882008588394e-07	0.799999993729819	1.68074769185372e-11	63.1335334878156	0.199999833694393
14.325	46.75	-2.41308495198416e-07	0.799999994847838	4.46685249455978e-11	63.1095335095452	0.199999806953204
14.475	46.75	-2.74156669195867e-07	0.799999996325457	7.21633975147861e-11	63.085533534456	0.199999780674665
14.625	46.75	-3.04584858617636e-07	0.799999998219413	9.96645143811103e-11	63.0615335624038	0.199999756332113
14.775	46.75	-3.30232101118181e-07	0.800000000594655	1.26896168736968e-10	63.0375335930431	0.199999735814319
14.925	46.75	-3.48137927905864e-07	0.800000003524209	1.5390144360082e-10	63.0135336257727	0.199999721489658
15.075	46.75	-3.5465071566817e-07	0.800000007094544	1.80787805943582e-10	62.9895336596741	0.199999716279428
15.225	46.75	-3.45319332367913e-07	0.800000011412584	2.07423199229346e-10	62.96553369344	0.199999723744534
15.375	46.75	-3.14759858700916e-07	0.800000016614731	2.33864628156351e-10	62.9415337252907	0.199999748192113
15.525	46.75	-2.56485016784938e-07	0.800000022881747	2.59957046672561e-10	62.917533752877	0.199999794811987
15.675	46.75	-1.62678174066079e-07	0.800000030459231	2.8596552842954e-10	62.8935337731629	0.199999869857461
15.825	46.75	-2.38858740958925e-08	0.800000039688525	3.11675346055652e-10	62.8695337822836	0.199999980891301
15.975	46.75	1.71407941851397e-07	0.800000051045327	3.37035168652708e-10	62.8455337753677	0.200000137126353
16.125	46.75	4.37377480511914e-07	0.800000065199058	3.62260745995177e-10	62.8215337463106	0.200000349901984
16.275	46.75	7.91691620207171e-07	0.800000083090089	3.87142827955509e-10	62.7975336874793	0.200000633353296
16.425	46.75	1.25668924622008e-06	0.800000106036376	4.11669049275683e-10	62.7735335893204	0.200001005351397
16.575	46.75	1.86102705111061e-06	0.800000135879861	4.36035405619567e-10	62.7495334398327	0.200001488821641
16.725	46.75	2.64198154655591e-06	0.800000175181767	4.60017231322725e-10	62.7255332238503	0.200002113585237
16.875	46.75	3.64865146689546e-06	0.800000227490291	4.83839412587589e-10	62.7015329220612	0.200002918921174
17.025	46.75	4.94639294542321e-06	0.800000297697175	5.0718422674133e-10	62.6775325096596	0.200003957114356
17.175	46.75	6.62293524131483e-06	0.800000392521325	5.30317609472812e-10	62.6535319544916	0.200005298348193
17.325	46.75	8.79677984442396e-06	0.800000521156932	5.53031155277015e-10	62.6295312145042	0.200007037423876
17.475	46.75	1.16286953465754e-05	0.800000696151581	5.75539530247906e-10	62.6055302342394	0.200009302956277
17.625	46.75	1.53374051557414e-05	0.800000934591938	5.97704464946162e-10	62.5815289400236	0.200012269924125
17.775	46.75	2.02209519142821e-05	0.800001259706905	6.19390414541436e-10	62.5575272333786	0.200016176761531
17.925	46.75	2.66857439760927e-05	0.800001703022532	6.40808400279826e-10	62.5335249820123	0.200021348595181
18.075	46.75	3.5285982595783e-05	0.800002307243696	6.61903830493e-10	62.5095220075235	0.200028228786077
18.225	46.75	4.67770775533976e-05	0.800003130080134	6.82514196824749e-10	62.4855180686495	0.200037421662043
18.375	46.75	6.21878480439066e-05	0.800004249333077	7.0281066400624e-10	62.4615128384847	0.200049750278435
18.525	46.75	8.29178911069155e-05	0.800005769725987	7.22824170258176e-10	62.4375058735593	0.200066334312886
18.675	46.75	0.000110868697225142	0.800007832229979	7.42328535906251e-10	62.4134965719512	0.20008869495778
18.825	46.75	0.000148620253060674	0.800010627006331	7.61424363808308e-10	62.3894841166272	0.200118896202449
18.975	46.75	0.000199669451584173	0.800014411373776	7.80054993049423e-10	62.3654673988632	0.200159735561267
19.125	46.75	0.000268753038530566	0.800019534260416	7.98316486839724e-10	62.3414449147195	0.200215002430824
19.275	46.75	0.000362286149846637	0.800026468167844	8.16086374382452e-10	62.3174146249642	0.200289828919877
19.425	46.75	0.000488957294103132	0.800035848975492	8.33278133771714e-10	62.2933737653873	0.200391165835283
19.575	46.75	0.000660531174492657	0.800048523833621	8.49936957517289e-10	62.2693185900183	0.200528424939594
19.725	46.75	0.000892922188783488	0.800065609677463	8.65963112174728e-10	62.2452440242794	0.200714337751027
19.875	46.75	0.00120761709873272	0.800088571324122	8.81225567744452e-10	62.2211431983172	0.200966093678986
20.025	46.75	0.00163355408392945	0.800119338541511	8.95680668248757e-10	62.1970068218465	0.201306843267144
20.175	46.75	0.00220962174655852	0.800160490912946	9.09169666662391e-10	62.1728223488336	0.201767697397247
20.325	46.75	0.00298804030730732	0.800215536069537	9.21320925534856e-10	62.1485728599066	0.202390432245846
20.475	46.75	0.0040390295814429	0.800289274623945	9.31961421476041e-10	62.1242355583631	0.203231223665154
20.625	46.75	0.005457323631438	0.800388171789517	9.40841868641187e-10	62.0997797293362	0.20436585890515
20.775	46.75	0.00737118392984347	0.800520547508163	9.47410627463348e-10	62.0751639535075	0.205896947143875
20.925	46.75	0.00995447738503196	0.800696290702089	9.50837794056419e-10	62.0503323082789	0.207963581908026
21.075	46.75	0.0134420119371867	0.800925762754698	9.50592115382451e-10	62.025209252917	0.210753609549749
21.225	46.75	0.0181476175093065	0.801217643500759	9.45595197826428e-10	61.9996929096343	0.214518094007445
21.375	46.75	0.0244834934121837	0.801575709409793	9.34784024104105e-10	61.9736465483864	0.219586794729747
21.525	46.75	0.0329782628021961	0.801994872545973	9.16939296129787e-10	61.9468882774055	0.226382610241757
21.675	46.75	0.0442900720047756	0.802457174672147	8.912149185065e-10	61.9191792405921	0.23543205760382
21.825	46.75	0.0592098316299142	0.802928786530574	8.56921176961542e-10	61.8902110342739	0.247367865303931
21.975	46.75	0.0786480162692257	0.803359399690804	8.14116654675448e-10	61.8595936066176	0.262918413015381
22.125	46.75	0.103596190184476	0.803685582693168	7.63834774815201e-10	61.8268456407396	0.282876952147581
22.275	46.75	0.135052302400308	0.803839327744659	7.07822782037346e-10	61.7913903681824	0.308041841920246
22.425	46.75	0.173898993130438	0.803761743771671	6.48729773388055e-10	61.7525607966017	0.339119194504351
22.575	46.75	0.220730584417878	0.803419695293481	5.89386080216915e-10	61.7096190576461	0.376584467534303
22.725	46.75	0.275641526213727	0.802820792076572	5.32718575130366e-10	61.6617941831541	0.420513220970982
22.875	46.75	0.338017855687702	0.802020580132562	4.8081781579014e-10	61.6083400305045	0.470414284550162
23.025	46.75	0.406404722720402	0.801116452906236	4.35265386367016e-10	61.5486096019348	0.525123778176321
23.175	46.75	0.478534571585043	0.800226930914334	3.96877111837154e-10	61.4821344409517	0.582827657268034
23.325	46.75	0.551566086062298	0.799461973359327	3.65565023015742e-10	61.4086912857065	0.641252868849838
23.475	46.75	0.622501307287275	0.798895931993549	3.40984244852145e-10	61.3283372557658	0.69800104582982
23.625	46.75	0.688659257287113	0.798554412119413	3.22436500674321e-10	61.2414022268944	0.75092740582969
23.775	46.75	0.748051809674857	0.798418745691885	3.09106567548585e-10	61.1484403378338	0.798441447739885
23.925	46.75	0.799557780702891	0.798442570747722	3.00078905651029e-10	61.0501550411305	0.839646224562312
24.075	46.75	0.842886470019859	0.798570851484379	2.94620393539412e-10	60.9473175508164	0.874309176015887
24.225	46.75	0.878398155733234	0.79875396308055	2.92008075269621e-10	60.840695694185	0.902718524586587
24.375	46.75	0.906872100188175	0.79895449384418	2.91678920585377e-10	60.7310025510984	0.92549768015054
24.525	46.75	0.929292197961717	0.799148197234569	2.93087791193774e-10	60.6188665350054	0.943433758369374
24.675	46.75	0.946685093925437	0.799321773563817	2.95898906767599e-10	60.5048195349351	0.95734807514035
24.825	46.75	0.96001677452258	0.799469692988563	2.99733084874446e-10	60.3892977866037	0.968013419618064
24.975	46.75	0.970138072987646	0.799591293659559	3.04348714136937e-10	60.2726503175179	0.976110458390117
25.125	46.75	0.977764769165871	0.799688597746499	3.09562305841315e-10	60.1551509593501	0.982211815332697
25.275	46.75	0.983479107234767	0.799764852627559	3.15191356483366e-10	60.0370112407298	0.986783285787814
25.425	46.75	0.987742791081653	0.799823641336236	3.21114109579684e-10	59.9183925826101	0.990194232865322
25.575	46.75	0.990914817847011	0.799868387251545	3.27261020163858e-10	59.7994170136417	0.992731854277609
25.725	46.75	0.993270126775691	0.799902112146592	3.33521991919392e-10	59.6801761344338	0.994616101420553
25.875	46.75	0.995016874793504	0.799927348529475	3.39877859457129e-10	59.5607383575513	0.996013499834803
26.025	46.75	0.996311339953319	0.799946140781096	3.46265506817685e-10	59.4411546030271	0.997049071962656
26.175	46.75	0.997270176117584	0.799960092905207	3.52658167343889e-10	59.3214626903656	0.997816140894067
26.325	46.75	0.997980145938126	0.799970436211884	3.59034462729597e-10	59.2016906751955	0.998384116750501
26.475	46.75	0.998505654702203	0.7999781006577	3.65380525021789e-10	59.0818593571504	0.998804523761763
26.625	46.75	0.998894473354393	0.799983780694654	3.71671403326838e-10	58.9619841514413	0.999115578683515
26.775	46.75	0.999182029805811	0.799987991334588	3.77906134504167e-10	58.8420764797546	0.999345623844648
26.925	46.75	0.999394600868289	0.799991113284597	3.840645157481e-10	58.7221448019608	0.999515680694631
27.075	46.75	0.999551676929819	0.799993427843367	3.90170307193534e-10	58.6021953811113	0.999641341543856
27.225	46.75	0.999667711986627	0.7999951431224	3.96196128472208e-10	58.4822328509301	0.999734169589302
27.375	46.75	0.99975341990808	0.799996413393851	4.02139346213323e-10	58.3622606370858	0.999802735926464
27.525	46.75	0.99981673620686	0.799997353235068	4.08011090469796e-10	58.2422812700774	0.999853388965488
27.675	46.75	0.999863532816235	0.799998047852445	4.13802202277655e-10	58.1222966176471	0.999890826252988
27.825	46.75	0.999898149900009	0.799998560641905	4.19502868223744e-10	58.002308057357	0.999918519920007
27.975	46.75	0.999923791678049	0.799998938760731	4.25134873774868e-10	57.8823166046386	0.999939033342439
28.125	46.75	0.999942820940823	0.799999217259618	4.30664250289817e-10	57.7623230077072	0.999954256752658
28.275	46.75	0.999956977996867	0.799999422162302	4.36129338981527e-10	57.6423278178293	0.999965582397494
28.425	46.75	0.999967543255797	0.79999957276687	4.41497911924019e-10	57.5223314412772	0.999974034604638
28.575	46.75	0.999975457805991	0.799999683366832	4.46802019127019e-10	57.4023341776908	0.999980366244793
28.725	46.75	0.99998141272892	0.799999764536176	4.52004131220471e-10	57.2823362483665	0.999985130183136
28.875	46.75	0.999985915176881	0.799999824088602	4.57160843149434e-10	57.162337817085	0.999988732141505
29.025	46.75	0.99998933720165	0.799999867790307	4.62187970826845e-10	57.0423390054254	0.99999146976132
29.175	46.75	0.999991951790841	0.799999899890801	4.67181015189239e-10	56.9223399040049	0.999993561432672
29.325	46.75	0.999993959424946	0.799999923516047	4.72071618124016e-10	56.8023405807141	0.999995167539957
29.475	46.75	0.99999550761442	0.79999994096112	4.76873492157906e-10	56.6823410867403	0.999996406091536
29.625	46.75	0.999996705242158	0.79999995390619	4.8159697207714e-10	56.5623414609638	0.999997364193726
29.775	46.75	0.999997633065858	0.799999963578285	4.8628011169519e-10	56.442341733162	0.999998106452686
29.925	46.75	0.999998351385276	0.799999970869788	4.90841308639242e-10	56.3223419263416	0.999998681108221
30.075	46.75	0.999998905620646	0.7999999764277	4.95363759560122e-10	56.202342058435	0.999999124496517
30.225	46.75	0.999999330355695	0.799999980718904	4.99784403464201e-10	56.0823421435342	0.999999464284556
30.375	46.75	0.999999652255965	0.799999984079012	5.04127016122119e-10	55.9623421927911	0.999999721804772
30.525	46.75	0.999999892166587	0.799999986748394	5.08416297404356e-10	55.8423422150773	0.99999991373327
30.675	46.75	1.00000006661441	0.799999988898705	5.12611025790336e-10	55.7223422174706	1.00000005329153
30.825	46.75	1.00000018888041	0.799999990652146	5.16747241039072e-10	55.6023422056178	1.00000015110432
30.975	46.75	1.00000026976426	0.799999992096126	5.20807901489168e-10	55.4823421840099	1.00000021581141
31.125	46.75	1.0000003181302	0.799999993293369	5.24797848672287e-10	55.3623421561942	1.00000025450416
31.275	46.75	1.00000034129909	0.7999999942894	5.2871954344744e-10	55.2423421249409	1.00000027303928
31.425	46.75	1.00000034533332	0.799999995118089	5.3258714770263e-10	55.122342092378	1.00000027626665
31.575	46.75	1.00000033524791	0.799999995805148	5.36363527897309e-10	55.0023420601015	1.00000026819833
31.725	46.75	1.00000031517151	0.79999999637084	5.40072704784464e-10	54.8823420292688	1.00000025213721
31.875	46.75	1.00000028847333	0.79999999683184	5.43725345777597e-10	54.7623420006774	1.00000023077866
32.025	46.75	1.00000025786733	0.799999997202412	5.4730637223847e-10	54.6423419748324	1.00000020629386
32.175	46.75	1.00000022550092	0.799999997494963	5.5081193428011e-10	54.5223419520061	1.00000018040074
32.325	46.75	1.00000019303279	0.799999997720603	5.54261496632059e-10	54.4023419322878	1.00000015442623
32.475	46.75	1.00000016170281	0.799999997889637	5.57651728786281e-10	54.2823419156276	1.00000012936225
32.625	46.75	1.00000013239562	0.79999999801126	5.60962396014628e-10	54.162341901874	1.0000001059165
32.775	46.75	1.00000010569874	0.799999998093958	5.64234941698423e-10	54.0423418908043	1.00000008455899
32.925	46.75	1.00000008195545	0.799999998145426	5.67431922013925e-10	53.9223418821516	1.00000006556436
33.075	46.75	1.00000006131277	0.799999998172497	5.70559538911533e-10	53.8023418756253	1.00000004905021
33.225	46.75	1.00000004376432	0.799999998181199	5.73634896677076e-10	53.6823418709278	1.00000003501146
33.375	46.75	1.0000000291882	0.799999998176824	5.76669459256679e-10	53.5623418677682	1.00000002335056
33.525	46.75	1.00000001737985	0.799999998163848	5.79607185598587e-10	53.4423418658707	1.00000001390388
33.675	46.75	1.00000000807998	0.79999999814604	5.82515428593979e-10	53.3223418649821	1.00000000646398
33.825	46.75	1.00000000099787	0.799999998126227	5.85351336369404e-10	53.2023418648755	1.0000000007983
33.975	46.75	0.999999995830255	0.79999999810701	5.88146985200498e-10	53.0823418653526	0.999999996664204
34.125	46.75	0.999999992276112	0.79999999809007	5.90878777304787e-10	52.962341866244	0.99999999382089
34.275	46.75	0.999999990047845	0.7999999980766	5.93552517100631e-10	52.8423418674086	0.999999992038276
34.425	46.75	0.99999998887923	0.799999998067583	5.96168504968751e-10	52.7223418687319	0.999999991103384
34.575	46.75	0.999999988530584	0.799999998063352	5.98733466559316e-10	52.6023418701235	0.999999990824467
34.725	46.75	0.999999988791688	0.799999998064113	6.01256144421295e-10	52.482341871515	0.999999991033351
34.875	46.75	0.99999998948275	0.79999999806979	6.03704755586078e-10	52.3623418728563	0.9999999915862
35.025	46.75	0.999999990453953	0.799999998080164	6.06128046078938e-10	52.2423418741134	0.999999992363162
35.175	46.75	0.999999991583902	0.799999998094779	6.08476224653555e-10	52.1223418752651	0.999999993267122
35.325	46.75	0.999999992777279	0.799999998113211	6.1079481569239e-10	52.0023418763008	0.999999994221823
35.475	46.75	0.99999999396203	0.799999998135037	6.13060536259831e-10	51.8823418772179	0.999999995169624
35.625	46.75	0.99999999508631	0.799999998159669	6.15267883968924e-10	51.7623418780196	0.999999996069048
35.775	46.75	0.999999996115312	0.799999998186651	6.17436101708423e-10	51.6423418787135	0.999999996892249
35.925	46.75	0.999999997028238	0.799999998215484	6.19547763680992e-10	51.5223418793095	0.999999997622591
36.075	46.75	0.999999997815415	0.799999998245842	6.21627793305093e-10	51.4023418798194	0.999999998252332
36.225	46.75	0.999999998475714	0.799999998277214	6.23654128221968e-10	51.2823418802552	0.999999998780571
36.375	46.75	0.999999999014253	0.799999998309412	6.25638842498251e-10	51.1623418806289	0.999999999211403
36.525	46.75	0.99999999944042	0.799999998342147	6.27577271121022e-10	51.0423418809517	0.999999999552336
36.675	46.75	0.999999999766297	0.799999998375129	6.2946086307908e-10	50.9223418812337	0.999999999813038
36.825	46.75	1.00000000000531	0.799999998408316	6.31321703588756e-10	50.802341881484	1.00000000000425
36.975	46.75	1.00000000017134	0.799999998441524	6.3313670233123e-10	50.6823418817102	1.00000000013707
37.125	46.75	1.0000000002779	0.799999998474698	6.34901698563123e-10	50.5623418819187	1.00000000022232
37.275	46.75	1.00000000033768	0.799999998507657	6.3663093005709e-10	50.4423418821145	1.00000000027014
37.425	46.75	1.00000000036181	0.799999998540361	6.38311190809466e-10	50.3223418823016	1.00000000028944
37.575	46.75	1.00000000035911	0.799999998572685	6.39969570381224e-10	50.2023418824829	1.00000000028729
37.725	46.75	1.00000000033564	0.7999999986048	6.41564838803179e-10	50.0823418826608	1.00000000026851
37.875	46.75	1.0000000002955	0.799999998637211	6.43138692244817e-10	49.9623418828371	1.0000000002364
38.025	46.75	1.0000000002445	0.799999998671057	6.44659855021245e-10	49.8423418830129	1.0000000001956
38.175	46.75	1.00000000019656	0.799999998706911	6.46168924881354e-10	49.7223418831888	1.00000000015725
38.325	46.75	1.00000000017803	0.799999998743329	6.47612806802939e-10	49.6023418833631	1.00000000014243
38.475	46.75	1.00000000021818	0.799999998774024	6.49048398903425e-10	49.4823418835317	1.00000000017454
38.625	46.75	1.00000000031037	0.799999998788521	6.50420946127509e-10	49.362341883689	1.0000000002483
38.775	46.75	1.000000000346	0.799999998780245	6.51775429033951e-10	49.2423418838355	1.0000000002768
38.925	46.75	1.00000000007384	0.799999998767119	6.53083847836406e-10	49.1223418839886	1.00000000005908
39.075	46.75	0.999999999212008	0.799999998815339	6.54367241013844e-10	49.0023418841912	0.999999999369607
39.225	46.75	0.999999997861566	0.799999999033752	6.55628981351061e-10	48.8823418844953	0.999999998289252
39.375	46.75	0.999999997187131	0.799999999483773	6.56842701551162e-10	48.7623418848917	0.999999997749705
39.525	46.75	0.999999999800246	0.799999999971803	6.58009072223004e-10	48.6423418851902	0.999999999840197
39.675	46.75	1.00000000854989	0.799999999819316	6.59171168025462e-10	48.5223418849385	1.00000000683991
39.825	46.75	1.00000002228109	0.799999997943553	6.60277164201464e-10	48.4023418836029	1.00000001782487
39.975	46.75	1.00000002906862	0.799999993781038	6.613676635119e-10	48.2823418812775	1.0000000232549
40.125	46.75	1.00000000269433	0.799999989316388	6.62415882038381e-10	48.1623418798874	1.00000000215546
40.275	46.75	0.999999915051573	0.799999991226436	6.63446931345964e-10	48.0423418839653	0.999999932041258
40.425	46.75	0.999999777875179	0.800000009896537	6.64439457298193e-10	47.9223418988296	0.999999822300144
40.575	46.75	0.999999707649926	0.800000050431786	6.6539913972978e-10	47.8023419236443	0.999999766119941
40.725	46.75	0.99999995751776	0.800000093643722	6.66329385615008e-10	47.6823419398313	0.999999966014208
40.875	46.75	1.00000079734941	0.800000076846986	6.67237547500903e-10	47.5623419037078	1.00000063787953
41.025	46.75	1.00000212196181	0.79999990432745	6.68104316479401e-10	47.4423417636861	1.00000169756945
41.175	46.75	1.00000285290249	0.799999530194773	6.68954293891042e-10	47.322341524993	1.00000228232199
41.325	46.75	1.0000006516309	0.799999127940573	6.69766332400126e-10	47.2023413568707	1.00000052130472
41.475	46.75	0.999993003857943	0.799999255495483	6.70571999332094e-10	47.0823416614978	0.999994403086354
41.625	46.75	0.999980706637763	0.80000075610077	6.71335178073885e-10	46.9623429234801	0.99998456531021
41.775	46.75	0.999973138464108	0.800004040726543	6.72058685012844e-10	46.8423451389966	0.999978510771287
41.925	46.75	0.999990827520918	0.800007657643048	6.72769721161594e-10	46.7223468687031	0.999992662016734
42.075	46.75	1.00005637953649	0.80000693626472	6.73406949001013e-10	46.6023446028366	1.00004510362919
42.225	46.75	1.00016528886124	0.799994824140939	6.73995405637672e-10	46.4823339628589	1.00013223108899
42.375	46.75	1.00024184955221	0.799967674214372	6.74587359739979e-10	46.3623144203383	1.00019347964177
42.525	46.75	1.00011633628361	0.799936550493476	6.75257866238318e-10	46.2422972273569	1.00009306902689
42.675	46.75	0.999594226904099	0.799937860693398	6.76110708565914e-10	46.1223111203954	0.999675381523279
42.825	46.75	0.998683926303463	0.800027372487901	6.77144151293016e-10	46.0023937715318	0.998947141042771
42.975	46.75	0.997944673226275	0.800237006872027	6.78070485129418e-10	45.8825556034446	0.99835573858102
43.125	46.75	0.998684258980592	0.800490005511693	6.78177011228746e-10	45.7627174091212	0.998947407184473
43.275	46.75	1.00248296175524	0.800522975189214	6.76596243187682e-10	45.6426613787997	1.00198636940419
43.425	46.75	1.00955927622289	0.79993482562237	6.73232339651812e-10	45.5220834762609	1.00764742097831
43.575	46.75	1.01623380734614	0.798479881663248	6.70096837347934e-10	45.400845699603	1.01298704587691
43.725	46.75	1.01328677096847	0.796573391892941	6.72032273093728e-10	45.2794285433054	1.01062941677477
43.875	46.75	0.988680897765192	0.795833250692662	6.85760504820857e-10	45.1593335488629	0.990944718212153
44.025	46.75	0.938367896730472	0.799351007373888	7.1520196923982e-10	45.0428405164	0.950694317384378
44.175	46.75	0.884673133610349	0.8101924287723	7.49484125524162e-10	44.9313520107711	0.907738506888279
44.325	46.75	0.889127901661015	0.82444195296383	7.46964845196724e-10	44.8222076567242	0.911302321328812
44.475	46.75	1.03257195114058	0.826489829226891	6.63668124730384e-10	44.7059572511101	1.02605756091247
44.625	46.75	1.3492443413094	0.808622133193775	5.32326726516738e-10	44.5677998152356	1.27939547304752
44.775	46.75	1.76408811729066	0.709537047697168	4.22646440196358e-10	44.3955930021259	1.61127049383253
44.925	46.75	2.11154506535276	0.834636814382561	3.60421282621379e-10	44.224822982465	1.88923605228221
0.075	47.25	3.47473593284151e-16	0.399999999952106	-1.59524185163136e-09	65.389533410291	0.2
0.225	47.25	1.09796498809595e-15	0.799999999856864	-1.5947018188103e-09	65.3655334102938	0.200000000000001
0.375	47.25	2.54818929146417e-15	0.79999999976166	-1.59378632103922e-09	65.3415334102995	0.200000000000002
0.525	47.25	4.61626581565822e-15	0.799999999666082	-1.59230048946011e-09	65.3175334103081	0.200000000000004
0.675	47.25	7.14881698756139e-15	0.799999999571092	-1.59031267204935e-09	65.2935334103196	0.200000000000006
0.825	47.25	9.93588427194844e-15	0.799999999475908	-1.5878691293978e-09	65.2695334103339	0.200000000000008
0.975	47.25	1.27379704150304e-14	0.799999999381215	-1.58491723433033e-09	65.245533410351	0.20000000000001
1.125	47.25	1.52997074200797e-14	0.799999999286552	-1.58140189328397e-09	65.221533410371	0.200000000000012
1.275	47.25	1.73403388699319e-14	0.799999999191966	-1.57747160725212e-09	65.1975334103938	0.200000000000014
1.425	47.25	1.85241247473921e-14	0.799999999097457	-1.57302018112883e-09	65.1735334104195	0.200000000000015
1.575	47.25	1.84215048914652e-14	0.799999999003802	-1.56802634999087e-09	65.149533410448	0.200000000000015
1.725	47.25	1.64738684691367e-14	0.799999998910232	-1.56273969400081e-09	65.1255334104792	0.200000000000013
1.875	47.25	1.1972721805616e-14	0.799999998816753	-1.55678303257316e-09	65.1015334105133	0.20000000000001
2.025	47.25	4.06047189083195e-15	0.799999998723985	-1.55036559222174e-09	65.0775334105502	0.200000000000003
2.175	47.25	-8.24291941822138e-15	0.79999999863152	-1.54357761967201e-09	65.0535334105899	0.199999999999993
2.325	47.25	-2.59845090853127e-14	0.799999998539492	-1.53614928072983e-09	65.0295334106324	0.199999999999979
2.475	47.25	-5.01910920001915e-14	0.799999998447694	-1.5283456855686e-09	65.0055334106775	0.19999999999996
2.625	47.25	-8.1746021578208e-14	0.799999998356644	-1.52009580148843e-09	64.9815334107255	0.199999999999935
2.775	47.25	-1.21225242574514e-13	0.799999998265933	-1.51135055311224e-09	64.9575334107762	0.199999999999903
2.925	47.25	-1.68687692977424e-13	0.799999998176063	-1.50220079323506e-09	64.9335334108296	0.199999999999865
3.075	47.25	-2.23416649057075e-13	0.799999998086632	-1.49259418822457e-09	64.9095334108856	0.199999999999821
3.225	47.25	-2.8361167188302e-13	0.799999997997353	-1.48240650805811e-09	64.8855334109444	0.199999999999773
3.375	47.25	-3.46035689979896e-13	0.799999997909249	-1.47195597505327e-09	64.8615334110058	0.199999999999723
3.525	47.25	-4.05628545038489e-13	0.799999997821798	-1.460887831995e-09	64.8375334110699	0.199999999999676
3.675	47.25	-4.5510708730289e-13	0.799999997734915	-1.44950444095627e-09	64.8135334111366	0.199999999999636
3.825	47.25	-4.84582706327842e-13	0.799999997648355	-1.4376632972598e-09	64.7895334112059	0.199999999999612
3.975	47.25	-4.81239935956955e-13	0.799999997562993	-1.4252762968102e-09	64.7655334112778	0.199999999999615
4.125	47.25	-4.29134299734776e-13	0.799999997478276	-1.41257874567182e-09	64.7415334113522	0.199999999999657
4.275	47.25	-3.09183364271952e-13	0.799999997394111	-1.39941454799717e-09	64.7175334114292	0.199999999999753
4.425	47.25	-9.94413060017096e-14	0.799999997311219	-1.38591314694034e-09	64.6935334115086	0.19999999999992
4.575	47.25	2.24237046626048e-13	0.799999997228871	-1.37196028495248e-09	64.6695334115905	0.200000000000179
4.725	47.25	6.87023333883954e-13	0.799999997147214	-1.35764932854236e-09	64.6455334116749	0.20000000000055
4.875	47.25	1.31330562160533e-12	0.799999997066804	-1.34295105403206e-09	64.6215334117616	0.200000000001051
5.025	47.25	2.12411093494288e-12	0.799999996987058	-1.32778582165865e-09	64.5975334118506	0.200000000001699
5.175	47.25	3.13363844113881e-12	0.799999996908367	-1.31229199557657e-09	64.573533411942	0.200000000002507
5.325	47.25	4.34480353926127e-12	0.799999996830538	-1.2964260516189e-09	64.5495334120355	0.200000000003476
5.475	47.25	5.74373323245703e-12	0.799999996753409	-1.28011431043318e-09	64.5255334121313	0.200000000004595
5.625	47.25	7.29321536201561e-12	0.799999996677479	-1.26356606874261e-09	64.5015334122292	0.200000000005835
5.775	47.25	8.92519278412937e-12	0.799999996602775	-1.24662655010627e-09	64.4775334123292	0.20000000000714
5.925	47.25	1.05325120484878e-11	0.799999996528987	-1.22931869179465e-09	64.4535334124313	0.200000000008426
6.075	47.25	1.19602875221995e-11	0.799999996455646	-1.21166951573089e-09	64.4295334125355	0.200000000009568
6.225	47.25	1.29974275762018e-11	0.7999999963839	-1.19366056509983e-09	64.4055334126417	0.200000000010398
6.375	47.25	1.33690888236165e-11	0.799999996313231	-1.17535179126055e-09	64.3815334127499	0.200000000010695
6.525	47.25	1.27310739214076e-11	0.799999996243312	-1.156786899302e-09	64.3575334128603	0.200000000010185
6.675	47.25	1.0667461025874e-11	0.799999996174379	-1.13779279420918e-09	64.3335334129729	0.200000000008534
6.825	47.25	6.69303691693057e-12	0.799999996107062	-1.11861174616509e-09	64.3095334130878	0.200000000005354
6.975	47.25	2.62384158113798e-13	0.799999996040549	-1.09907452743182e-09	64.2855334132052	0.20000000000021
7.125	47.25	-9.21227764889666e-12	0.799999995974978	-1.0792495426608e-09	64.2615334133253	0.19999999999263
7.275	47.25	-2.23322049860765e-11	0.799999995911201	-1.05918965055214e-09	64.2375334134485	0.199999999982134
7.425	47.25	-3.96698096929126e-11	0.799999995848213	-1.03889949832428e-09	64.213533413575	0.199999999968264
7.575	47.25	-6.17105574071515e-11	0.799999995786739	-1.01819655644699e-09	64.1895334137052	0.199999999950632
7.725	47.25	-8.87769667414608e-11	0.799999995727064	-9.97314998022898e-10	64.1655334138396	0.199999999928978
7.875	47.25	-1.20933060666937e-10	0.799999995668573	-9.76277872013883e-10	64.1415334139786	0.199999999903254
8.025	47.25	-1.57868389699285e-10	0.799999995611796	-9.54920689778013e-10	64.1175334141227	0.199999999873705
8.175	47.25	-1.9876186932072e-10	0.799999995556712	-9.3330463255389e-10	64.0935334142722	0.199999999840991
8.325	47.25	-2.42127204014691e-10	0.799999995503967	-9.1157767631578e-10	64.0695334144275	0.199999999806298
8.475	47.25	-2.85643650459954e-10	0.799999995453153	-8.89566946050082e-10	64.0455334145885	0.199999999771485
8.625	47.25	-3.25978330824086e-10	0.799999995404675	-8.67450887482863e-10	64.0215334147551	0.199999999739217
8.775	47.25	-3.58609249565877e-10	0.799999995358715	-8.45055087459171e-10	63.9975334149268	0.199999999713113
8.925	47.25	-3.77661569677635e-10	0.799999995315202	-8.2246072848133e-10	63.9735334151024	0.199999999697871
9.075	47.25	-3.75773504850296e-10	0.799999995274172	-7.99770196836187e-10	63.9495334152804	0.199999999699381
9.225	47.25	-3.44012273991166e-10	0.799999995235877	-7.76836566699775e-10	63.9255334154581	0.19999999972479
9.375	47.25	-2.71864780997899e-10	0.799999995200142	-7.53735737477313e-10	63.9015334156323	0.199999999782508
9.525	47.25	-1.47331801044483e-10	0.799999995167182	-7.30618440080199e-10	63.8775334157983	0.199999999882135
9.675	47.25	4.28418161510291e-11	0.799999995135555	-7.07297155820534e-10	63.8535334159505	0.200000000034273
9.825	47.25	3.12765436451947e-10	0.799999995106317	-6.83742560899974e-10	63.8295334160819	0.200000000250212
9.975	47.25	6.76792135160396e-10	0.799999995077369	-6.60272788590982e-10	63.8055334161841	0.200000000541434
10.125	47.25	1.14866197705258e-09	0.799999995048802	-6.36512000841214e-10	63.7815334162473	0.20000000091893
10.275	47.25	1.74036375454881e-09	0.799999995019084	-6.12709960031096e-10	63.7575334162607	0.200000001392291
10.425	47.25	2.46068474465155e-09	0.799999994986619	-5.88890800596842e-10	63.7335334162121	0.200000001968548
10.575	47.25	3.31342632668177e-09	0.799999994950185	-5.64915553297445e-10	63.709533416089	0.200000002650741
10.725	47.25	4.29527555208139e-09	0.799999994907242	-5.40880610893821e-10	63.6855334158789	0.20000000343622
10.875	47.25	5.39333949248696e-09	0.799999994856037	-5.16783973823312e-10	63.6615334155699	0.200000004314672
11.025	47.25	6.58237082824961e-09	0.79999999479398	-4.92623020168749e-10	63.637533415152	0.200000005265897
11.175	47.25	7.82173993872143e-09	0.799999994718484	-4.68503061808816e-10	63.6135334146184	0.200000006257392
11.325	47.25	9.05224077019176e-09	0.799999994627081	-4.44224925737597e-10	63.5895334139671	0.200000007241793
11.475	47.25	1.0192854774462e-08	0.799999994516968	-4.19926242900668e-10	63.5655334132028	0.200000008154284
11.625	47.25	1.11376386939916e-08	0.799999994386316	-3.95711213236672e-10	63.5415334123391	0.200000008910111
11.775	47.25	1.17529470116623e-08	0.799999994233129	-3.71383453220713e-10	63.5175334114012	0.200000009402358
11.925	47.25	1.18752471636484e-08	0.799999994056515	-3.47105017630892e-10	63.4935334104285	0.200000009500198
12.075	47.25	1.13098333814317e-08	0.79999999385637	-3.22806888115704e-10	63.4695334094777	0.200000009047867
12.225	47.25	9.83079109645791e-09	0.79999999363407	-2.98615595170315e-10	63.4455334086256	0.200000007864633
12.375	47.25	7.18260562668069e-09	0.799999993392626	-2.74328520648463e-10	63.4215334079722	0.200000005746085
12.525	47.25	3.08384345715901e-09	0.799999993136688	-2.5015529114891e-10	63.397533407643	0.200000002467075
12.675	47.25	-2.766641280553e-09	0.799999992873641	-2.26040615592851e-10	63.3735334077919	0.199999997786687
12.825	47.25	-1.06805116624044e-08	0.799999992613862	-2.01893019113317e-10	63.3495334086018	0.199999991455591
12.975	47.25	-2.09673061440616e-08	0.79999999237046	-1.77802627117207e-10	63.3255334102857	0.199999983226155
13.125	47.25	-3.39179161161645e-08	0.799999992160249	-1.53821449343032e-10	63.3015334130853	0.199999972865667
13.275	47.25	-4.97837929072992e-08	0.799999992003053	-1.2998848843794e-10	63.2775334172683	0.199999960172966
13.425	47.25	-6.87515579432073e-08	0.799999991923466	-1.06189351410731e-10	63.2535334231236	0.199999944998754
13.575	47.25	-9.09127705234088e-08	0.799999991949435	-8.24215970686984e-11	63.2295334309532	0.199999927269784
13.725	47.25	-1.16228699887136e-07	0.799999992113508	-5.87994988756199e-11	63.2055334410619	0.19999990701704
13.875	47.25	-1.44490042096853e-07	0.799999992451625	-3.53232614767799e-11	63.1815334537423	0.199999884407966
14.025	47.25	-1.75271602480259e-07	0.799999993003926	-1.1919641595838e-11	63.1575334692569	0.199999859782718
14.175	47.25	-2.07882008572309e-07	0.799999993814658	1.12726185386223e-11	63.1335334878142	0.199999833694393
14.325	47.25	-2.41308495182263e-07	0.79999999493256	3.43988551868086e-11	63.1095335095413	0.199999806953204
14.475	47.25	-2.74156669180496e-07	0.799999996409363	5.74117493546862e-11	63.0855335344495	0.199999780674665
14.625	47.25	-3.04584858603961e-07	0.79999999830281	8.0261046062765e-11	63.0615335623949	0.199999756332113
14.775	47.25	-3.30232101107539e-07	0.800000000677481	1.02890790346724e-10	63.0375335930316	0.199999735814319
14.925	47.25	-3.48137927899647e-07	0.800000003606341	1.25435922033296e-10	63.0135336257588	0.199999721489658
15.075	47.25	-3.54650715668291e-07	0.800000007176208	1.47752570613779e-10	62.9895336596578	0.199999716279428
15.225	47.25	-3.4531933237646e-07	0.800000011493652	1.69974970138973e-10	62.9655336934211	0.199999723744534
15.375	47.25	-3.14759858720482e-07	0.800000016694873	1.91883748694872e-10	62.9415337252694	0.199999748192113
15.525	47.25	-2.56485016818496e-07	0.800000022961305	2.13761787004423e-10	62.9175337528533	0.199999794811987
15.675	47.25	-1.62678174117136e-07	0.800000030537962	2.35273894588552e-10	62.8935337731369	0.199999869857461
15.825	47.25	-2.38858741687293e-08	0.800000039766487	2.56658571661599e-10	62.8695337822553	0.199999980891301
15.975	47.25	1.71407941751954e-07	0.800000051122298	2.77827253428339e-10	62.845533775337	0.200000137126353
16.125	47.25	4.37377480379613e-07	0.800000065275502	2.98762711108293e-10	62.8215337462776	0.200000349901984
16.275	47.25	7.91691620034931e-07	0.800000083165626	3.19427383014859e-10	62.797533687444	0.200000633353296
16.425	47.25	1.25668924599831e-06	0.800000106111108	3.39954723450392e-10	62.7735335892828	0.200001005351397
16.575	47.25	1.86102705082815e-06	0.800000135953723	3.60245367152542e-10	62.749533439793	0.200001488821641
16.725	47.25	2.64198154619712e-06	0.800000175254591	3.80247322071551e-10	62.7255332238084	0.200002113585237
16.875	47.25	3.64865146644124e-06	0.800000227562011	3.99965792075312e-10	62.7015329220171	0.200002918921173
17.025	47.25	4.94639294484716e-06	0.800000297768334	4.19538662213977e-10	62.6775325096134	0.200003957114356
17.175	47.25	6.62293524058311e-06	0.800000392591498	4.38753421755603e-10	62.6535319544432	0.200005298348193
17.325	47.25	8.79677984349017e-06	0.800000521225865	4.57801093980207e-10	62.6295312144537	0.200007037423875
17.475	47.25	1.16286953453785e-05	0.80000069621962	4.76403426025294e-10	62.6055302341868	0.200009302956276
17.625	47.25	1.53374051541992e-05	0.800000934658932	4.94805734399472e-10	62.5815289399691	0.200012269924123
17.775	47.25	2.02209519122829e-05	0.800001259772832	5.12955095834846e-10	62.5575272333221	0.20001617676153
17.925	47.25	2.66857439734892e-05	0.800001703087532	5.30756698220068e-10	62.5335249819538	0.200021348595179
18.075	47.25	3.52859825923745e-05	0.800002307307579	5.48393630990787e-10	62.5095220074631	0.200028228786074
18.225	47.25	4.67770775489198e-05	0.800003130142676	5.65587846037772e-10	62.4855180685872	0.200037421662039
18.375	47.25	6.21878480380074e-05	0.800004249394894	5.8255879798388e-10	62.4615128384205	0.20004975027843
18.525	47.25	8.29178910991232e-05	0.800005769786209	5.99140218856812e-10	62.4375058734932	0.200066334312879
18.675	47.25	0.000110868697214842	0.800007832289467	6.15422569273444e-10	62.4134965718834	0.200088694957772
18.825	47.25	0.000148620253047028	0.800010627064435	6.31348927212401e-10	62.3894841165576	0.200118896202438
18.975	47.25	0.000199669451566087	0.800014411430862	6.46938789484846e-10	62.3654673987919	0.200159735561253
19.125	47.25	0.000268753038506594	0.80001953431619	6.62159226397589e-10	62.3414449146465	0.200215002430805
19.275	47.25	0.000362286149814867	0.800026468222397	6.76949369920667e-10	62.3174146248895	0.200289828919852
19.425	47.25	0.000488957294061096	0.800035849028884	6.9133889443909e-10	62.293373765311	0.200391165835249
19.575	47.25	0.000660531174437083	0.800048523886033	7.05225773788042e-10	62.2693185899405	0.20052842493955
19.725	47.25	0.000892922188710017	0.800065609728392	7.18609787980038e-10	62.2452440242	0.200714337750968
19.875	47.25	0.0012076170986358	0.800088571373781	7.31414501178419e-10	62.2211431982363	0.200966093678909
20.025	47.25	0.00163355408380178	0.800119338589902	7.43447422293288e-10	62.1970068217641	0.201306843267041
20.175	47.25	0.00220962174639077	0.800160490960056	7.54627393414618e-10	62.1728223487497	0.201767697397113
20.325	47.25	0.00298804030708714	0.800215536115368	7.64917413276088e-10	62.1485728598214	0.20239043224567
20.475	47.25	0.00403902958115464	0.800289274668702	7.73880717085721e-10	62.1242355582765	0.203231223664924
20.625	47.25	0.00545732363106125	0.800388171832861	7.81322996089362e-10	62.0997797292483	0.204365858904849
20.775	47.25	0.00737118392935188	0.800520547550176	7.86655302653877e-10	62.0751639534183	0.205896947143482
20.925	47.25	0.00995447738439088	0.800696290743143	7.89686469181984e-10	62.0503323081885	0.207963581907513
21.075	47.25	0.0134420119363533	0.800925762794323	7.89565180280501e-10	62.0252092528255	0.210753609549083
21.225	47.25	0.0181476175082273	0.801217643538977	7.85480475384294e-10	61.9996929095415	0.214518094006582
21.375	47.25	0.0244834934107924	0.801575709446866	7.76528385966148e-10	61.9736465482925	0.219586794728634
21.525	47.25	0.0329782628004108	0.801994872581706	7.61827498204437e-10	61.9468882773106	0.226382610240329
21.675	47.25	0.0442900720025042	0.802457174706801	7.4040251258671e-10	61.9191792404962	0.235432057602003
21.825	47.25	0.0592098316270538	0.802928786564302	7.12033082754864e-10	61.890211034177	0.247367865301643
21.975	47.25	0.0786480162656595	0.803359399723323	6.76555428713135e-10	61.8595936065197	0.262918413012528
22.125	47.25	0.103596190180076	0.80368558272465	6.34746677638632e-10	61.8268456406408	0.282876952144061
22.275	47.25	0.135052302394953	0.803839327775441	5.88227415868718e-10	61.7913903680827	0.308041841915962
22.425	47.25	0.173898993124038	0.803761743801499	5.39143399328584e-10	61.7525607965011	0.33911919449923
22.575	47.25	0.220730584410384	0.803419695322538	4.89883844495567e-10	61.7096190575446	0.376584467528307
22.725	47.25	0.275641526205178	0.802820792104978	4.42753249919516e-10	61.6617941830516	0.420513220964143
22.875	47.25	0.338017855678252	0.80202058016036	3.99651242648789e-10	61.6083400304011	0.470414284542601
23.025	47.25	0.406404722710318	0.801116452933541	3.61876339340364e-10	61.5486096018303	0.525123778168255
23.175	47.25	0.478534571574701	0.800226930940969	3.29912906974449e-10	61.4821344408459	0.582827657259761
23.325	47.25	0.551566086052116	0.799461973385526	3.03935764292238e-10	61.4086912855993	0.641252868841693
23.475	47.25	0.622501307277657	0.798895932019248	2.83540602224081e-10	61.3283372556569	0.698001045822126
23.625	47.25	0.688659257278376	0.798554412144784	2.68147284676895e-10	61.2414022267836	0.750927405822701
23.775	47.25	0.748051809667212	0.798418745716826	2.57065866312163e-10	61.1484403377209	0.798441447733769
23.925	47.25	0.799557780696418	0.798442570772285	2.49615342256773e-10	61.0501550410152	0.839646224557134
24.075	47.25	0.842886470014538	0.798570851508693	2.45106058178558e-10	60.9473175506985	0.87430917601163
24.225	47.25	0.878398155728965	0.798753963104483	2.42960171666004e-10	60.8406956940644	0.902718524583172
24.375	47.25	0.90687210018482	0.79895449386786	2.42734380240373e-10	60.7310025509749	0.925497680147856
24.525	47.25	0.929292197959134	0.799148197257975	2.43936775696016e-10	60.6188665348789	0.943433758367307
24.675	47.25	0.946685093923465	0.799321773586965	2.46317562378454e-10	60.5048195348054	0.957348075138772
24.825	47.25	0.960016774521087	0.799469693011377	2.49541588776213e-10	60.3892977864709	0.968013419616869
24.975	47.25	0.970138072986534	0.79959129368213	2.53454923403128e-10	60.2726503173819	0.976110458389227
25.125	47.25	0.977764769165056	0.799688597768774	2.57829875357196e-10	60.1551509592109	0.982211815332045
25.275	47.25	0.983479107234162	0.799764852649553	2.62545719846551e-10	60.0370112405874	0.98678328578733
25.425	47.25	0.987742791081203	0.799823641357979	2.67537571510253e-10	59.9183925824645	0.990194232864962
25.575	47.25	0.990914817846668	0.79986838727302	2.72697621748832e-10	59.7994170134929	0.992731854277334
25.725	47.25	0.993270126775432	0.799902112167755	2.77954991798528e-10	59.6801761342819	0.994616101420346
25.875	47.25	0.995016874793315	0.799927348550439	2.83272055383513e-10	59.5607383573963	0.996013499834652
26.025	47.25	0.996311339953171	0.799946140801731	2.88632534779201e-10	59.4411546028689	0.997049071962537
26.175	47.25	0.997270176117472	0.799960092925534	2.9399630636131e-10	59.3214626902044	0.997816140893978
26.325	47.25	0.997980145938039	0.799970436231958	2.99348325772855e-10	59.2016906750313	0.998384116750431
26.475	47.25	0.99850565470213	0.799978100677527	3.0467130827682e-10	59.0818593569832	0.998804523761704
26.625	47.25	0.998894473354339	0.799983780714203	3.0995576030011e-10	58.9619841512712	0.999115578683471
26.775	47.25	0.999182029805773	0.799987991353847	3.15176724012367e-10	58.8420764795815	0.999345623844619
26.925	47.25	0.999394600868252	0.799991113303624	3.2036785708231e-10	58.7221448017849	0.999515680694602
27.075	47.25	0.999551676929774	0.799993427862109	3.25488127871457e-10	58.6021953809325	0.999641341543819
27.225	47.25	0.999667711986583	0.799995143140883	3.30541263089641e-10	58.4822328507486	0.999734169589267
27.375	47.25	0.999753419908045	0.799996413412064	3.35537399346393e-10	58.3622606369015	0.999802735926436
27.525	47.25	0.999816736206824	0.799997353253004	3.40443684071113e-10	58.2422812698904	0.999853388965459
27.675	47.25	0.999863532816203	0.799998047870113	3.45304153634162e-10	58.1222966174575	0.999890826252962
27.825	47.25	0.999898149899979	0.799998560659329	3.50095613043374e-10	58.0023080571647	0.999918519919983
27.975	47.25	0.999923791678013	0.799998938777892	3.54806446438484e-10	57.8823166044437	0.99993903334241
28.125	47.25	0.999942820940794	0.799999217276521	3.59465419630892e-10	57.7623230075098	0.999954256752635
28.275	47.25	0.999956977996837	0.799999422178947	3.640409549087e-10	57.6423278176294	0.99996558239747
28.425	47.25	0.999967543255766	0.799999572783299	3.68559932403501e-10	57.5223314410747	0.999974034604613
28.575	47.25	0.999975457805968	0.799999683382916	3.73002012054094e-10	57.402334177486	0.999980366244774
28.725	47.25	0.999981412728887	0.799999764552087	3.77384803182152e-10	57.2823362481593	0.99998513018311
28.875	47.25	0.999985915176854	0.799999824104236	3.81672159573309e-10	57.1623378168754	0.999988732141483
29.025	47.25	0.999989337201612	0.79999986780572	3.8593338515107e-10	57.0423390052135	0.99999146976129
29.175	47.25	0.999991951790799	0.799999899905933	3.90107640425769e-10	56.9223399037906	0.999993561432639
29.325	47.25	0.999993959424915	0.799999923530969	3.94206524973346e-10	56.8023405804977	0.999995167539932
29.475	47.25	0.999995507614391	0.799999940975774	3.98247876074777e-10	56.6823410865217	0.999996406091513
29.625	47.25	0.999996705242134	0.799999953920649	4.02240731471164e-10	56.5623414607429	0.999997364193707
29.775	47.25	0.99999763306583	0.799999963592485	4.06155388328801e-10	56.4423417329389	0.999998106452664
29.925	47.25	0.999998351385253	0.799999970883752	4.09994613903746e-10	56.3223419261165	0.999998681108203
30.075	47.25	0.999998905620618	0.799999976441407	4.13772265294548e-10	56.2023420582079	0.999999124496495
30.225	47.25	0.999999330355664	0.79999998073237	4.17502547906132e-10	56.0823421433049	0.999999464284531
30.375	47.25	0.999999652255941	0.799999984092264	4.21157014159572e-10	55.9623421925599	0.999999721804753
30.525	47.25	0.999999892166561	0.799999986761487	4.24749850350485e-10	55.8423422148441	0.999999913733249
30.675	47.25	1.00000006661438	0.799999988911488	4.28300942366271e-10	55.7223422172355	1.00000005329151
30.825	47.25	1.00000018888038	0.799999990664727	4.31763859378726e-10	55.6023422053807	1.00000015110431
30.975	47.25	1.00000026976424	0.799999992108499	4.35187473402753e-10	55.482342183771	1.00000021581139
31.125	47.25	1.00000031813018	0.799999993305509	4.38537006704843e-10	55.3623421559535	1.00000025450414
31.275	47.25	1.00000034129907	0.799999994301356	4.41828317482845e-10	55.2423421246984	1.00000027303926
31.425	47.25	1.00000034533329	0.799999995129836	4.45070436110272e-10	55.1223420921336	1.00000027626663
31.575	47.25	1.00000033524788	0.799999995816632	4.48247372245685e-10	55.0023420598554	1.00000026819831
31.725	47.25	1.00000031517148	0.799999996382147	4.5137420846333e-10	54.8823420290211	1.00000025213718
31.875	47.25	1.0000002884733	0.799999996842983	4.54445460272637e-10	54.7623420004279	1.00000023077864
32.025	47.25	1.00000025786731	0.799999997213322	4.57449632685926e-10	54.6423419745813	1.00000020629384
32.175	47.25	1.0000002255009	0.799999997505632	4.60416530850856e-10	54.5223419517534	1.00000018040072
32.325	47.25	1.00000019303276	0.79999999773114	4.63298573515981e-10	54.4023419320335	1.00000015442621
32.475	47.25	1.00000016170279	0.799999997899967	4.66158294326625e-10	54.2823419153718	1.00000012936223
32.625	47.25	1.00000013239561	0.79999999802139	4.68951984141312e-10	54.1623419016165	1.00000010591649
32.775	47.25	1.00000010569872	0.799999998103857	4.71699354207075e-10	54.0423418905454	1.00000008455898
32.925	47.25	1.00000008195543	0.799999998155179	4.7439042009132e-10	53.9223418818912	1.00000006556434
33.075	47.25	1.00000006131275	0.799999998182029	4.77030180890555e-10	53.8023418753634	1.0000000490502
33.225	47.25	1.00000004376429	0.799999998190593	4.79616478971433e-10	53.6823418706646	1.00000003501143
33.375	47.25	1.00000002918817	0.799999998186017	4.8215843038206e-10	53.5623418675035	1.00000002335054
33.525	47.25	1.00000001737982	0.799999998172857	4.84647252852585e-10	53.4423418656047	1.00000001390386
33.675	47.25	1.00000000807995	0.799999998154872	4.87084820488949e-10	53.3223418647148	1.00000000646396
33.825	47.25	1.00000000099784	0.799999998134905	4.89475467973766e-10	53.2023418646069	1.00000000079827
33.975	47.25	0.999999995830223	0.799999998115516	4.91825906277445e-10	53.0823418650827	0.999999996664178
34.125	47.25	0.999999992276086	0.799999998098358	4.94116328808667e-10	52.9623418659728	0.999999993820869
34.275	47.25	0.99999999004782	0.799999998084769	4.96366625428277e-10	52.8423418671362	0.999999992038256
34.425	47.25	0.9999999888792	0.799999998075549	4.98585418518283e-10	52.7223418684582	0.99999999110336
34.575	47.25	0.999999988530556	0.799999998071183	5.00738280496932e-10	52.6023418698487	0.999999990824444
34.725	47.25	0.999999988791664	0.799999998071778	5.02855399147352e-10	52.482341871239	0.999999991033331
34.875	47.25	0.999999989482722	0.799999998077331	5.04945174109394e-10	52.3623418725792	0.999999991586178
35.025	47.25	0.999999990453925	0.799999998087486	5.06963767173682e-10	52.2423418738352	0.99999999236314
35.175	47.25	0.999999991583865	0.799999998101959	5.08959363249011e-10	52.1223418749858	0.999999993267092
35.325	47.25	0.999999992777243	0.799999998120297	5.1090364560759e-10	52.0023418760205	0.999999994221794
35.475	47.25	0.999999993962001	0.799999998141946	5.12810631133096e-10	51.8823418769365	0.999999995169601
35.625	47.25	0.999999995086281	0.799999998166417	5.1467456649953e-10	51.7623418777372	0.999999996069025
35.775	47.25	0.999999996115288	0.799999998193237	5.16498017873669e-10	51.64234187843	0.99999999689223
35.925	47.25	0.999999997028217	0.79999999822194	5.18288211360656e-10	51.5223418790251	0.999999997622574
36.075	47.25	0.999999997815394	0.799999998252134	5.20029675915706e-10	51.402341879534	0.999999998252316
36.225	47.25	0.999999998475691	0.79999999828341	5.21744004679169e-10	51.2823418799689	0.999999998780553
36.375	47.25	0.999999999014224	0.799999998315467	5.23405250470885e-10	51.1623418803417	0.999999999211379
36.525	47.25	0.999999999440401	0.799999998348034	5.25046956495157e-10	51.0423418806636	0.999999999552321
36.675	47.25	0.999999999766274	0.799999998380928	5.2665259135342e-10	50.9223418809448	0.999999999813019
36.825	47.25	1.00000000000529	0.799999998413958	5.28214718120541e-10	50.8023418811942	1.00000000000423
36.975	47.25	1.0000000001713	0.799999998447056	5.29739963111513e-10	50.6823418814196	1.00000000013704
37.125	47.25	1.00000000027787	0.799999998480069	5.31224466452593e-10	50.5623418816272	1.00000000022229
37.275	47.25	1.00000000033765	0.799999998512937	5.32682782519412e-10	50.4423418818222	1.00000000027012
37.425	47.25	1.00000000036178	0.79999999854548	5.34106301082112e-10	50.3223418820085	1.00000000028943
37.575	47.25	1.00000000035909	0.79999999857773	5.3549829768537e-10	50.2023418821891	1.00000000028727
37.725	47.25	1.00000000033561	0.799999998609704	5.36848208656352e-10	50.0823418823663	1.00000000026849
37.875	47.25	1.00000000029548	0.799999998641998	5.38184879515216e-10	49.9623418825418	1.00000000023638
38.025	47.25	1.00000000024448	0.799999998675696	5.39467287645215e-10	49.842341882717	1.00000000019558
38.175	47.25	1.00000000019652	0.799999998711461	5.40721559769037e-10	49.7223418828921	1.00000000015721
38.325	47.25	1.00000000017801	0.799999998747775	5.41950840632743e-10	49.6023418830658	1.00000000014241
38.475	47.25	1.00000000021816	0.799999998778382	5.43148511973378e-10	49.4823418832337	1.00000000017452
38.625	47.25	1.00000000031034	0.799999998792744	5.44328746291336e-10	49.3623418833904	1.00000000024827
38.775	47.25	1.00000000034596	0.799999998784357	5.45458580684597e-10	49.2423418835363	1.00000000027677
38.925	47.25	1.00000000007382	0.799999998771116	5.46573031566474e-10	49.1223418836887	1.00000000005905
39.075	47.25	0.999999999211984	0.799999998819234	5.4764606941522e-10	49.0023418838908	0.999999999369587
39.225	47.25	0.999999997861544	0.79999999903759	5.48697722273766e-10	48.8823418841942	0.999999998289235
39.375	47.25	0.999999997187119	0.799999999487462	5.49716382790991e-10	48.7623418845901	0.999999997749695
39.525	47.25	0.99999999980022	0.799999999975399	5.5071693656305e-10	48.6423418848881	0.999999999840176
39.675	47.25	1.00000000854986	0.799999999822785	5.5168951691869e-10	48.5223418846358	1.00000000683989
39.825	47.25	1.00000002228106	0.799999997946989	5.52636442467525e-10	48.4023418832997	1.00000001782485
39.975	47.25	1.0000000290686	0.79999999378432	5.53551361039128e-10	48.2823418809738	1.00000002325488
40.125	47.25	1.00000000269431	0.799999989319594	5.54439707153722e-10	48.1623418795832	1.00000000215545
40.275	47.25	0.999999915051554	0.799999991229558	5.5529371483192e-10	48.0423418836606	0.999999932041243
40.425	47.25	0.999999777875156	0.800000009899511	5.5612316730749e-10	47.9223418985245	0.999999822300125
40.575	47.25	0.999999707649909	0.800000050434748	5.56940823869414e-10	47.8023419233388	0.999999766119927
40.725	47.25	0.999999957517739	0.800000093646532	5.57724414807528e-10	47.6823419395253	0.999999966014191
40.875	47.25	1.00000079734939	0.800000076849738	5.58481715504112e-10	47.5623419034014	1.00000063787951
41.025	47.25	1.00000212196179	0.799999904330122	5.59218849084992e-10	47.4423417633793	1.00000169756943
41.175	47.25	1.00000285290247	0.799999530197307	5.5992556907619e-10	47.3223415246858	1.00000228232198
41.325	47.25	1.00000065163088	0.799999127943033	5.60614085462992e-10	47.2023413565632	1.0000005213047
41.475	47.25	0.999993003857923	0.799999255497897	5.61270991064689e-10	47.0823416611899	0.999994403086338
41.625	47.25	0.99998070663773	0.800000756103107	5.61921775230131e-10	46.9623429231719	0.999984565310184
41.775	47.25	0.999973138464079	0.800004040728707	5.62532069112305e-10	46.842345138688	0.999978510771263
41.925	47.25	0.999990827520891	0.800007657645205	5.63098797827488e-10	46.7223468683942	0.999992662016712
42.075	47.25	1.00005637953646	0.800006936266796	5.63648270782556e-10	46.6023446025273	1.00004510362917
42.225	47.25	1.00016528886121	0.799994824142873	5.64136390318158e-10	46.4823339625494	1.00013223108897
42.375	47.25	1.00024184955219	0.799967674216211	5.64610897604063e-10	46.3623144200285	1.00019347964175
42.525	47.25	1.00011633628359	0.799936550495302	5.65167760903133e-10	46.2422972270468	1.00009306902687
42.675	47.25	0.999594226904074	0.799937860695149	5.65873952649649e-10	46.122311120085	0.999675381523259
42.825	47.25	0.998683926303454	0.800027372489535	5.66741693402045e-10	46.0023937712212	0.998947141042763
42.975	47.25	0.997944673226285	0.80023700687353	5.67501508494697e-10	45.8825556031337	0.998355738581028
43.125	47.25	0.998684258980604	0.800490005513188	5.67564567706844e-10	45.7627174088101	0.998947407184483
43.275	47.25	1.00248296175522	0.800522975190625	5.66237386178059e-10	45.6426613784884	1.00198636940418
43.425	47.25	1.00955927622281	0.799934825623686	5.63408200571901e-10	45.5220834759494	1.00764742097825
43.575	47.25	1.01623380734601	0.798479881664524	5.60765471741128e-10	45.4008456992913	1.01298704587681
43.725	47.25	1.01328677096836	0.796573391894142	5.62369354501149e-10	45.2794285429936	1.01062941677468
43.875	47.25	0.988680897765227	0.79583325069382	5.73847992474447e-10	45.1593335485508	0.990944718212181
44.025	47.25	0.938367896730766	0.799351007374933	5.98466727649491e-10	45.0428405160878	0.950694317384613
44.175	47.25	0.884673133610833	0.810192428773162	6.27134851191081e-10	44.9313520104588	0.907738506888667
44.325	47.25	0.889127901661273	0.824441952964723	6.25003653884649e-10	44.8222076564117	0.911302321329018
44.475	47.25	1.03257195113999	0.826489829227774	5.5529933111771e-10	44.7059572507974	1.02605756091199
44.625	47.25	1.34924434130768	0.808622133194645	4.4538041448541e-10	44.5677998149229	1.27939547304615
44.775	47.25	1.76408811728822	0.709537047697901	3.53620658653067e-10	44.3955930018132	1.61127049383058
44.925	47.25	2.11154506535016	0.834636814383304	3.01553373496902e-10	44.2248229821523	1.88923605228013
0.075	47.75	3.47473592683154e-16	0.39999999995321	-1.27966672424272e-09	65.3895334104346	0.2
0.225	47.75	1.09796498994156e-15	0.799999999858984	-1.27930540816834e-09	65.3655334104374	0.200000000000001
0.375	47.75	2.54818928826191e-15	0.79999999976517	-1.27851599546622e-09	65.341533410443	0.200000000000002
0.525	47.75	4.61626582022051e-15	0.799999999671607	-1.27732091757904e-09	65.3175334104515	0.200000000000004
0.675	47.75	7.14881698139415e-15	0.799999999577728	-1.27567887294477e-09	65.2935334104628	0.200000000000006
0.825	47.75	9.93588427957428e-15	0.799999999483804	-1.27372890381021e-09	65.2695334104768	0.200000000000008
0.975	47.75	1.27379704055043e-14	0.799999999390759	-1.27129654943505e-09	65.2455334104937	0.20000000000001
1.125	47.75	1.52997074312122e-14	0.799999999297736	-1.26854459300355e-09	65.2215334105134	0.200000000000012
1.275	47.75	1.73403388566188e-14	0.799999999204533	-1.26547495711906e-09	65.1975334105358	0.200000000000014
1.425	47.75	1.85241247626432e-14	0.799999999111685	-1.26183734253491e-09	65.1735334105611	0.200000000000015
1.575	47.75	1.84215048739112e-14	0.799999999019271	-1.25792013006295e-09	65.1495334105891	0.200000000000015
1.725	47.75	1.64738684894024e-14	0.799999998927052	-1.25352047898354e-09	65.1255334106199	0.200000000000013
1.875	47.75	1.19727217833657e-14	0.799999998835295	-1.24883764320737e-09	65.1015334106535	0.20000000000001
2.025	47.75	4.06047191741732e-15	0.799999998743833	-1.2437767425429e-09	65.0775334106898	0.200000000000003
2.175	47.75	-8.24291944558397e-15	0.799999998652726	-1.23817822603963e-09	65.0535334107289	0.199999999999993
2.325	47.75	-2.59845090506129e-14	0.79999999856211	-1.23241634277631e-09	65.0295334107707	0.199999999999979
2.475	47.75	-5.01910920330604e-14	0.799999998471713	-1.2260782612342e-09	65.0055334108152	0.19999999999996
2.625	47.75	-8.17460215332309e-14	0.799999998382147	-1.21955143032372e-09	64.9815334108624	0.199999999999935
2.775	47.75	-1.21225242613396e-13	0.799999998293024	-1.21255099882699e-09	64.9575334109122	0.199999999999903
2.925	47.75	-1.68687692920086e-13	0.799999998204165	-1.20515063461854e-09	64.9335334109648	0.199999999999865
3.075	47.75	-2.23416649102946e-13	0.799999998116108	-1.19743196281235e-09	64.90953341102	0.199999999999821
3.225	47.75	-2.83611671812325e-13	0.799999998028487	-1.18934754131618e-09	64.8855334110779	0.199999999999773
3.375	47.75	-3.46035690035037e-13	0.799999997941542	-1.18090200923711e-09	64.8615334111384	0.199999999999723
3.525	47.75	-4.05628544956179e-13	0.799999997855216	-1.17207509992022e-09	64.8375334112015	0.199999999999676
3.675	47.75	-4.55107087372015e-13	0.799999997769663	-1.16302772550554e-09	64.8135334112671	0.199999999999636
3.825	47.75	-4.84582706240583e-13	0.79999999768474	-1.15341948643752e-09	64.7895334113354	0.199999999999612
3.975	47.75	-4.81239936049078e-13	0.799999997600442	-1.14367521832866e-09	64.7655334114061	0.199999999999615
4.125	47.75	-4.29134299656771e-13	0.799999997517039	-1.13348090410203e-09	64.7415334114794	0.199999999999657
4.275	47.75	-3.09183364402251e-13	0.799999997434277	-1.12299172871602e-09	64.7175334115552	0.199999999999753
4.425	47.75	-9.94413059563995e-14	0.799999997352192	-1.11213317322491e-09	64.6935334116334	0.19999999999992
4.575	47.75	2.24237046435412e-13	0.799999997271383	-1.10105890787071e-09	64.6695334117141	0.200000000000179
4.725	47.75	6.87023333864779e-13	0.799999997190744	-1.08947965201983e-09	64.6455334117971	0.20000000000055
4.875	47.75	1.31330562132739e-12	0.799999997111534	-1.07766132512242e-09	64.6215334118825	0.200000000001051
5.025	47.75	2.12411093482483e-12	0.799999997033162	-1.06558689468609e-09	64.5975334119702	0.200000000001699
5.175	47.75	3.13363844074908e-12	0.799999996955166	-1.05316069430735e-09	64.5735334120601	0.200000000002507
5.325	47.75	4.3448035390214e-12	0.799999996878615	-1.04039350904904e-09	64.5495334121523	0.200000000003476
5.475	47.75	5.74373323195197e-12	0.79999999680268	-1.02743735930077e-09	64.5255334122466	0.200000000004595
5.625	47.75	7.29321536166934e-12	0.799999996728039	-1.01409733107702e-09	64.501533412343	0.200000000005835
5.775	47.75	8.92519278355673e-12	0.799999996654013	-1.0004930548219e-09	64.4775334124415	0.20000000000714
5.925	47.75	1.05325120481266e-11	0.799999996581113	-9.86638849429555e-10	64.453533412542	0.200000000008426
6.075	47.75	1.19602875217029e-11	0.799999996509326	-9.72547374261925e-10	64.4295334126446	0.200000000009568
6.225	47.75	1.29974275760462e-11	0.7999999964383	-9.58189637712057e-10	64.4055334127492	0.200000000010398
6.375	47.75	1.33690888234935e-11	0.799999996368306	-9.43537628638202e-10	64.3815334128558	0.200000000010695
6.525	47.75	1.2731073921862e-11	0.79999999629959	-9.28630827324193e-10	64.3575334129645	0.200000000010185
6.675	47.75	1.06674610266278e-11	0.799999996231896	-9.13472699065405e-10	64.3335334130754	0.200000000008534
6.825	47.75	6.69303691861667e-12	0.799999996165033	-8.98026986235363e-10	64.3095334131886	0.200000000005354
6.975	47.75	2.62384160478319e-13	0.799999996099408	-8.82428174265881e-10	64.2855334133042	0.20000000000021
7.125	47.75	-9.21227764515033e-12	0.799999996034978	-8.66499504881159e-10	64.2615334134226	0.19999999999263
7.275	47.75	-2.23322049811889e-11	0.799999995971768	-8.50461874072762e-10	64.2375334135439	0.199999999982134
7.425	47.75	-3.96698096861926e-11	0.799999995909518	-8.34187881351328e-10	64.2135334136685	0.199999999968264
7.575	47.75	-6.17105573988409e-11	0.799999995849003	-8.1764522442934e-10	64.1895334137969	0.199999999950632
7.725	47.75	-8.87769667310588e-11	0.799999995789754	-8.00965782070322e-10	64.1655334139294	0.199999999928978
7.875	47.75	-1.20933060654707e-10	0.799999995732034	-7.83972658097508e-10	64.1415334140666	0.199999999903254
8.025	47.75	-1.57868389685205e-10	0.799999995676204	-7.67072852070227e-10	64.1175334142087	0.199999999873705
8.175	47.75	-1.98761869305132e-10	0.799999995621934	-7.49709122258604e-10	64.0935334143563	0.199999999840991
8.325	47.75	-2.42127203998459e-10	0.799999995569451	-7.32304815364255e-10	64.0695334145096	0.199999999806298
8.475	47.75	-2.85643650443604e-10	0.799999995519392	-7.14675186255157e-10	64.0455334146686	0.199999999771485
8.625	47.75	-3.2597833080981e-10	0.7999999954715	-6.96895419522822e-10	64.0215334148333	0.199999999739217
8.775	47.75	-3.58609249554585e-10	0.799999995426061	-6.78916286463933e-10	63.9975334150029	0.199999999713113
8.925	47.75	-3.77661569673194e-10	0.799999995382992	-6.60903132076315e-10	63.9735334151766	0.199999999697871
9.075	47.75	-3.75773504854283e-10	0.799999995342649	-6.42714596484436e-10	63.9495334153525	0.199999999699381
9.225	47.75	-3.44012274009388e-10	0.799999995304722	-6.24353064431949e-10	63.9255334155282	0.19999999972479
9.375	47.75	-2.71864781032845e-10	0.79999999526948	-6.05891676345108e-10	63.9015334157002	0.199999999782508
9.525	47.75	-1.47331801103555e-10	0.799999995236829	-5.87265922034452e-10	63.8775334158642	0.199999999882135
9.675	47.75	4.28418160643035e-11	0.799999995205952	-5.68572605147667e-10	63.8535334160143	0.200000000034273
9.825	47.75	3.12765436329456e-10	0.799999995176646	-5.49828358934121e-10	63.8295334161436	0.200000000250212
9.975	47.75	6.76792134997762e-10	0.79999999514845	-5.3091835592332e-10	63.8055334162437	0.200000000541434
10.125	47.75	1.14866197684292e-09	0.799999995119831	-5.11923423507717e-10	63.7815334163048	0.20000000091893
10.275	47.75	1.74036375428755e-09	0.799999995090644	-4.92953751814102e-10	63.7575334163159	0.200000001392291
10.425	47.75	2.46068474433615e-09	0.799999995058358	-4.73784209864545e-10	63.7335334162652	0.200000001968548
10.575	47.75	3.31342632630927e-09	0.799999995021976	-4.54546034484117e-10	63.70953341614	0.200000002650741
10.725	47.75	4.29527555165792e-09	0.799999994979599	-4.35322400902903e-10	63.6855334159277	0.20000000343622
10.875	47.75	5.39333949201402e-09	0.799999994928303	-4.16062251926252e-10	63.6615334156165	0.200000004314672
11.025	47.75	6.58237082774694e-09	0.799999994866466	-3.96661486465326e-10	63.6375334151965	0.200000005265897
11.175	47.75	7.82173993819979e-09	0.799999994791097	-3.77267526012416e-10	63.6135334146607	0.200000006257392
11.325	47.75	9.05224076969045e-09	0.799999994699645	-3.57898028532904e-10	63.5895334140072	0.200000007241793
11.475	47.75	1.01928547740053e-08	0.799999994589719	-3.38451712787132e-10	63.5655334132407	0.200000008154284
11.625	47.75	1.11376386936445e-08	0.799999994459082	-3.19000074904668e-10	63.5415334123748	0.200000008910111
11.775	47.75	1.17529470114682e-08	0.799999994306206	-2.99565465635798e-10	63.5175334114347	0.200000009402358
11.925	47.75	1.18752471636986e-08	0.799999994129282	-2.80013535978967e-10	63.4935334104599	0.200000009500198
12.075	47.75	1.13098333817948e-08	0.799999993929204	-2.60617503871903e-10	63.4695334095069	0.200000009047867
12.225	47.75	9.83079109725055e-09	0.799999993706763	-2.41159008874351e-10	63.4455334086526	0.200000007864633
12.375	47.75	7.1826056279969e-09	0.799999993465354	-2.21751680825711e-10	63.421533407997	0.200000005746085
12.525	47.75	3.08384345913138e-09	0.799999993208858	-2.02348633335969e-10	63.3975334076657	0.200000002467075
12.675	47.75	-2.7666412778082e-09	0.799999992946059	-1.82930200529849e-10	63.3735334078123	0.199999997786687
12.825	47.75	-1.06805116587583e-08	0.799999992686221	-1.63650272479033e-10	63.3495334086201	0.199999991455591
12.975	47.75	-2.09673061393906e-08	0.799999992442608	-1.44358823742197e-10	63.3255334103018	0.199999983226155
13.125	47.75	-3.39179161103734e-08	0.799999992231941	-1.25184083516069e-10	63.3015334130993	0.199999972865667
13.275	47.75	-4.97837929002797e-08	0.799999992074644	-1.05983364989236e-10	63.2775334172802	0.199999960172966
13.425	47.75	-6.87515579349437e-08	0.799999991994752	-8.68876611658983e-11	63.2535334231333	0.199999944998754
13.575	47.75	-9.09127705138505e-08	0.799999992020543	-6.79083553611115e-11	63.2295334309608	0.199999927269784
13.725	47.75	-1.16228699876396e-07	0.799999992184211	-4.89921017582247e-11	63.2055334410673	0.19999990701704
13.875	47.75	-1.44490042085005e-07	0.799999992521767	-3.01319286875395e-11	63.1815334537456	0.199999884407966
14.025	47.75	-1.75271602467614e-07	0.7999999930739	-1.13761480050273e-11	63.1575334692581	0.199999859782718
14.175	47.75	-2.07882008559117e-07	0.799999993884408	7.27076702387889e-12	63.1335334878133	0.199999833694393
14.325	47.75	-2.41308495169101e-07	0.799999995001564	2.57984990185793e-11	63.1095335095384	0.199999806953204
14.475	47.75	-2.7415666916793e-07	0.799999996477994	4.42646980727077e-11	63.0855335344445	0.199999780674665
14.625	47.75	-3.04584858592898e-07	0.799999998371216	6.25167144733982e-11	63.0615335623878	0.199999756332113
14.775	47.75	-3.30232101098897e-07	0.800000000745351	8.07762188780288e-11	63.0375335930225	0.199999735814319
14.925	47.75	-3.48137927894744e-07	0.800000003673689	9.88168627400819e-11	63.0135336257476	0.199999721489658
15.075	47.75	-3.54650715668547e-07	0.800000007242994	1.16727083701703e-10	62.9895336596446	0.199999716279428
15.225	47.75	-3.45319332383685e-07	0.800000011559754	1.34521143942732e-10	62.965533693406	0.199999723744534
15.375	47.75	-3.14759858736753e-07	0.80000001676063	1.52130660686241e-10	62.9415337252523	0.199999748192113
15.525	47.75	-2.56485016846241e-07	0.800000023026231	1.69566348764881e-10	62.9175337528342	0.199999794811987
15.675	47.75	-1.62678174159324e-07	0.800000030602671	1.86881079867562e-10	62.8935337731158	0.199999869857461
15.825	47.75	-2.38858742286528e-08	0.800000039830143	2.04094898565168e-10	62.8695337822323	0.199999980891301
15.975	47.75	1.71407941670056e-07	0.800000051185526	2.20997350081879e-10	62.8455337753121	0.200000137126353
16.125	47.75	4.37377480271066e-07	0.800000065338044	2.37850219518412e-10	62.8215337462508	0.200000349901984
16.275	47.75	7.91691619893436e-07	0.800000083227441	2.54480980623356e-10	62.7975336874154	0.200000633353296
16.425	47.75	1.25668924581665e-06	0.800000106172404	2.70973677871474e-10	62.7735335892524	0.200001005351397
16.575	47.75	1.86102705059647e-06	0.800000136014078	2.87159396432274e-10	62.7495334397607	0.200001488821641
16.725	47.75	2.6419815459038e-06	0.800000175314263	3.03280512968224e-10	62.7255332237743	0.200002113585237
16.875	47.75	3.64865146606987e-06	0.800000227621133	3.19148778812688e-10	62.7015329219812	0.200002918921173
17.025	47.75	4.94639294437699e-06	0.800000297826189	3.34667207933764e-10	62.6775325095757	0.200003957114356
17.175	47.75	6.62293523998589e-06	0.800000392648895	3.50106131459438e-10	62.6535319544038	0.200005298348192
17.325	47.75	8.79677984272926e-06	0.800000521282449	3.65356700905277e-10	62.6295312144126	0.200007037423874
17.475	47.75	1.16286953444028e-05	0.800000696275342	3.80376334863622e-10	62.6055302341441	0.200009302956276
17.625	47.75	1.53374051529423e-05	0.800000934713861	3.95178132602755e-10	62.5815289399246	0.200012269924122
17.775	47.75	2.02209519106549e-05	0.800001259826909	4.09720400772612e-10	62.557527233276	0.200016176761529
17.925	47.75	2.6685743971369e-05	0.800001703140782	4.24104143234619e-10	62.5335249819061	0.200021348595177
18.075	47.75	3.52859825895991e-05	0.800002307359885	4.38147438072013e-10	62.5095220074138	0.200028228786072
18.225	47.75	4.67770775452741e-05	0.800003130194261	4.5204280309339e-10	62.4855180685364	0.200037421662036
18.375	47.75	6.21878480332031e-05	0.800004249445285	4.65658341465981e-10	62.4615128383681	0.200049750278427
18.525	47.75	8.29178910927735e-05	0.800005769835814	4.79007777331747e-10	62.4375058734394	0.200066334312874
18.675	47.75	0.000110868697206433	0.800007832337922	4.92049499305142e-10	62.4134965718281	0.200088694957765
18.825	47.75	0.000148620253035889	0.800010627112379	5.04847951642955e-10	62.3894841165008	0.200118896202429
18.975	47.75	0.000199669451551326	0.800014411477505	5.17400223775313e-10	62.3654673987337	0.200159735561241
19.125	47.75	0.000268753038487031	0.800019534361965	5.29610191293093e-10	62.3414449145869	0.20021500243079
19.275	47.75	0.000362286149788936	0.800026468267301	5.41503529116329e-10	62.3174146248286	0.200289828919831
19.425	47.75	0.000488957294026693	0.800035849072779	5.5304560984597e-10	62.2933737652487	0.200391165835221
19.575	47.75	0.000660531174391538	0.80004852392865	5.64293323209002e-10	62.2693185898769	0.200528424939513
19.725	47.75	0.00089292218864986	0.80006560977028	5.74962565930719e-10	62.2452440241351	0.20071433775092
19.875	47.75	0.00120761709855634	0.800088571414625	5.85272256316104e-10	62.2211431981702	0.200966093678845
20.025	47.75	0.00163355408369718	0.800119338629799	5.95012404285872e-10	62.1970068216969	0.201306843266958
20.175	47.75	0.00220962174625318	0.800160490998807	6.04089800216077e-10	62.1728223486813	0.201767697397003
20.325	47.75	0.00298804030690666	0.800215536153152	6.12299406880957e-10	62.1485728597518	0.202390432245525
20.475	47.75	0.00403902958091814	0.800289274705523	6.19532510510845e-10	62.1242355582058	0.203231223664735
20.625	47.75	0.00545732363075184	0.800388171868555	6.25518462376535e-10	62.0997797291765	0.204365858904602
20.775	47.75	0.0073711839289473	0.800520547584586	6.30025514706219e-10	62.0751639533455	0.205896947143158
20.925	47.75	0.0099544773838629	0.800696290776668	6.32452344920338e-10	62.0503323081146	0.20796358190709
21.075	47.75	0.0134420119356672	0.800925762826816	6.32361500623672e-10	62.0252092527506	0.210753609548534
21.225	47.75	0.0181476175073388	0.801217643570601	6.29128143422401e-10	61.9996929094658	0.214518094005871
21.375	47.75	0.0244834934096472	0.80157570947734	6.22034792179204e-10	61.9736465482158	0.219586794727718
21.525	47.75	0.0329782627989441	0.80199487261136	6.10303733743059e-10	61.9468882772331	0.226382610239155
21.675	47.75	0.0442900720006385	0.802457174735293	5.93249168392917e-10	61.9191792404178	0.235432057600511
21.825	47.75	0.0592098316246967	0.802928786591787	5.70472801289604e-10	61.8902110340978	0.247367865299757
21.975	47.75	0.0786480162627129	0.803359399750225	5.42057452172673e-10	61.8595936064397	0.26291841301017
22.125	47.75	0.103596190176441	0.803685582750572	5.08588689440065e-10	61.8268456405601	0.282876952141152
22.275	47.75	0.135052302390536	0.803839327800664	4.713726579725e-10	61.7913903680012	0.308041841912429
22.425	47.75	0.173898993118758	0.803761743825984	4.32036433299724e-10	61.7525607964188	0.339119194495006
22.575	47.75	0.220730584404202	0.803419695346631	3.92579287775635e-10	61.7096190574616	0.376584467523361
22.725	47.75	0.275641526198125	0.802820792128327	3.54820239502526e-10	61.6617941829679	0.4205132209585
22.875	47.75	0.338017855670453	0.802020580183201	3.20277797021237e-10	61.6083400303165	0.470414284536363
23.025	47.75	0.406404722701993	0.801116452955918	2.89972856664021e-10	61.5486096017448	0.525123778161595
23.175	47.75	0.478534571566148	0.80022693096293	2.64396160656472e-10	61.4821344407594	0.582827657252918
23.325	47.75	0.551566086043683	0.799461973407099	2.43559447762566e-10	61.4086912855117	0.641252868834946
23.475	47.75	0.622501307269678	0.798895932040506	2.27243721714757e-10	61.3283372555679	0.698001045815742
23.625	47.75	0.688659257271138	0.798554412165588	2.14911437692082e-10	61.241402226693	0.75092740581691
23.775	47.75	0.748051809660878	0.798418745737416	2.06031405162023e-10	61.1484403376285	0.798441447728703
23.925	47.75	0.799557780691055	0.798442570792576	2.000873267433e-10	61.0501550409209	0.839646224552844
24.075	47.75	0.842886470010136	0.798570851528702	1.96490174958371e-10	60.9473175506021	0.874309176008109
24.225	47.75	0.878398155725433	0.798753963124241	1.94830175639621e-10	60.8406956939657	0.902718524580347
24.375	47.75	0.906872100182053	0.798954493887391	1.94650149718689e-10	60.7310025508738	0.925497680145642
24.525	47.75	0.929292197956995	0.799148197277244	1.95680313016581e-10	60.6188665347753	0.943433758365596
24.675	47.75	0.946685093921835	0.799321773606019	1.97610631355538e-10	60.5048195346993	0.957348075137468
24.825	47.75	0.960016774519854	0.79946969303024	2.00234110801785e-10	60.3892977863621	0.968013419615883
24.975	47.75	0.970138072985602	0.79959129370074	2.03395222019903e-10	60.2726503172705	0.976110458388482
25.125	47.75	0.977764769164352	0.799688597787149	2.06935091041028e-10	60.1551509590968	0.982211815331482
25.275	47.75	0.983479107233632	0.799764852667699	2.10769670429598e-10	60.0370112404708	0.986783285786906
25.425	47.75	0.987742791080812	0.799823641375912	2.1478377124672e-10	59.9183925823452	0.99019423286465
25.575	47.75	0.99091481784638	0.799868387290744	2.18953490240552e-10	59.799417013371	0.992731854277104
25.725	47.75	0.993270126775217	0.799902112185221	2.23206645318167e-10	59.6801761341573	0.994616101420174
25.875	47.75	0.995016874793151	0.799927348567677	2.27517636838248e-10	59.5607383572692	0.99601349983452
26.025	47.75	0.996311339953058	0.799946140818731	2.31854681852088e-10	59.4411546027393	0.997049071962446
26.175	47.75	0.99727017611738	0.799960092942358	2.36183172702065e-10	59.3214626900722	0.997816140893904
26.325	47.75	0.997980145937961	0.799970436248544	2.40507567580118e-10	59.2016906748966	0.998384116750369
26.475	47.75	0.998505654702058	0.799978100693876	2.44785979074691e-10	59.0818593568461	0.998804523761647
26.625	47.75	0.998894473354277	0.799983780730301	2.49060943651132e-10	58.9619841511317	0.999115578683421
26.775	47.75	0.999182029805719	0.799987991369771	2.53278873830595e-10	58.8420764794396	0.999345623844576
26.925	47.75	0.999394600868215	0.799991113319297	2.57457264666726e-10	58.7221448016406	0.999515680694572
27.075	47.75	0.999551676929744	0.799993427877524	2.61588003347043e-10	58.6021953807859	0.999641341543796
27.225	47.75	0.999667711986558	0.799995143156132	2.65661112596284e-10	58.4822328505997	0.999734169589246
27.375	47.75	0.999753419908013	0.79999641342706	2.69695429068866e-10	58.3622606367503	0.99980273592641
27.525	47.75	0.99981673620679	0.799997353267801	2.73695610038258e-10	58.242281269737	0.999853388965432
27.675	47.75	0.999863532816166	0.799998047884739	2.77601178504489e-10	58.1222966173019	0.999890826252933
27.825	47.75	0.999898149899951	0.799998560673697	2.81463504178878e-10	58.0023080570069	0.999918519919961
27.975	47.75	0.999923791677995	0.799998938792047	2.85282543962973e-10	57.8823166042838	0.999939033342396
28.125	47.75	0.999942820940762	0.799999217290457	2.89028604874684e-10	57.7623230073478	0.99995425675261
28.275	47.75	0.999956977996812	0.799999422192673	2.92731449693104e-10	57.6423278174653	0.999965582397449
28.425	47.75	0.999967543255744	0.799999572796792	2.96379124577799e-10	57.5223314409086	0.999974034604595
28.575	47.75	0.999975457805941	0.799999683396259	2.99976929985538e-10	57.4023341773179	0.999980366244753
28.725	47.75	0.999981412728863	0.799999764565185	3.03504435872012e-10	57.2823362479891	0.99998513018309
28.875	47.75	0.999985915176825	0.799999824117147	3.06996702914014e-10	57.1623378167033	0.99998873214146
29.025	47.75	0.99998933720159	0.799999867818409	3.10421606445442e-10	57.0423390050395	0.999991469761272
29.175	47.75	0.999991951790781	0.799999899918451	3.13781940086256e-10	56.9223399036148	0.999993561432625
29.325	47.75	0.999993959424894	0.799999923543269	3.17103806587368e-10	56.8023405803199	0.999995167539916
29.475	47.75	0.999995507614363	0.799999940987853	3.20370124172541e-10	56.6823410863421	0.99999640609149
29.625	47.75	0.999996705242112	0.799999953932582	3.23576278385638e-10	56.5623414605615	0.99999736419369
29.775	47.75	0.999997633065803	0.799999963604174	3.26739350576941e-10	56.4423417327558	0.999998106452643
29.925	47.75	0.999998351385223	0.799999970895262	3.29858353219036e-10	56.3223419259316	0.999998681108179
30.075	47.75	0.999998905620596	0.799999976452767	3.32908318597995e-10	56.2023420580213	0.999999124496477
30.225	47.75	0.99999933035565	0.799999980743505	3.35912544459477e-10	56.0823421431167	0.99999946428452
30.375	47.75	0.999999652255918	0.799999984103226	3.38878020374448e-10	55.9623421923699	0.999999721804734
30.525	47.75	0.999999892166536	0.799999986772231	3.41783254869715e-10	55.8423422146526	0.999999913733229
30.675	47.75	1.00000006661436	0.799999988922111	3.44641512519852e-10	55.7223422170423	1.00000005329148
30.825	47.75	1.00000018888036	0.799999990675141	3.47456147009092e-10	55.602342205186	1.00000015110429
30.975	47.75	1.00000026976421	0.799999992118729	3.5020739055053e-10	55.4823421835747	1.00000021581136
31.125	47.75	1.00000031813015	0.799999993315521	3.52922817171503e-10	55.3623421557557	1.00000025450412
31.275	47.75	1.00000034129905	0.799999994311256	3.55587940015178e-10	55.2423421244991	1.00000027303924
31.425	47.75	1.00000034533327	0.799999995139509	3.58197255970906e-10	55.1223420919329	1.00000027626662
31.575	47.75	1.00000033524786	0.799999995826158	3.60767630674153e-10	55.0023420596533	1.00000026819829
31.725	47.75	1.00000031517145	0.799999996391515	3.63300304327631e-10	54.8823420288175	1.00000025213716
31.875	47.75	1.00000028847327	0.799999996852131	3.65771928202744e-10	54.7623420002229	1.00000023077862
32.025	47.75	1.00000025786727	0.799999997222353	3.682046111263e-10	54.642341974375	1.00000020629382
32.175	47.75	1.00000022550086	0.799999997514499	3.70593532465206e-10	54.5223419515457	1.00000018040069
32.325	47.75	1.00000019303274	0.799999997739811	3.72970959416658e-10	54.4023419318245	1.00000015442619
32.475	47.75	1.00000016170276	0.799999997908474	3.75249604151947e-10	54.2823419151615	1.00000012936221
32.625	47.75	1.00000013239558	0.799999998029765	3.77514497289602e-10	54.162341901405	1.00000010591646
32.775	47.75	1.0000001056987	0.799999998112113	3.7973097781431e-10	54.0423418903326	1.00000008455896
32.925	47.75	1.00000008195541	0.799999998163195	3.81904834819941e-10	53.9223418816772	1.00000006556432
33.075	47.75	1.00000006131272	0.799999998189946	3.84042625178801e-10	53.8023418751482	1.00000004905018
33.225	47.75	1.00000004376427	0.799999998198333	3.86138673480466e-10	53.6823418704482	1.00000003501141
33.375	47.75	1.00000002918816	0.799999998193612	3.88200372448239e-10	53.562341867286	1.00000002335053
33.525	47.75	1.00000001737981	0.799999998180337	3.90204929380401e-10	53.442341865386	1.00000001390385
33.675	47.75	1.00000000807993	0.799999998162131	3.92179100844885e-10	53.322341864495	1.00000000646395
33.825	47.75	1.00000000099782	0.799999998142099	3.94133132740253e-10	53.202341864386	1.00000000079826
33.975	47.75	0.9999999958302	0.79999999812254	3.96009834450529e-10	53.0823418648608	0.99999999666416
34.125	47.75	0.999999992276061	0.799999998105225	3.97885686949915e-10	52.9623418657499	0.999999993820849
34.275	47.75	0.999999990047798	0.799999998091518	3.99708086738843e-10	52.8423418669122	0.999999992038238
34.425	47.75	0.999999988879175	0.799999998082179	4.01486971441929e-10	52.7223418682333	0.99999999110334
34.575	47.75	0.999999988530534	0.799999998077631	4.03247161217225e-10	52.6023418696228	0.999999990824427
34.725	47.75	0.999999988791641	0.79999999807814	4.04967509168261e-10	52.4823418710121	0.999999991033313
34.875	47.75	0.999999989482704	0.799999998083512	4.06631208472203e-10	52.3623418723514	0.999999991586163
35.025	47.75	0.999999990453901	0.799999998093593	4.08281624883928e-10	52.2423418736064	0.999999992363121
35.175	47.75	0.999999991583849	0.799999998107935	4.09898761417896e-10	52.1223418747562	0.999999993267079
35.325	47.75	0.999999992777222	0.799999998126124	4.11472824371079e-10	52.0023418757899	0.999999994221778
35.475	47.75	0.999999993961977	0.799999998147623	4.13013191051856e-10	51.8823418767051	0.999999995169581
35.625	47.75	0.999999995086262	0.799999998171996	4.14530440777428e-10	51.762341877505	0.99999999606901
35.775	47.75	0.999999996115264	0.799999998198727	4.16006105969581e-10	51.642341878197	0.999999996892211
35.925	47.75	0.999999997028189	0.799999998227282	4.17458553631586e-10	51.5223418787912	0.999999997622551
36.075	47.75	0.999999997815367	0.799999998257369	4.18861220663833e-10	51.4023418792994	0.999999998252293
36.225	47.75	0.999999998475663	0.799999998288526	4.20250263330503e-10	51.2823418797335	0.99999999878053
36.375	47.75	0.999999999014196	0.799999998320471	4.21608961141713e-10	51.1623418801055	0.999999999211357
36.525	47.75	0.999999999440376	0.799999998352937	4.22939869312729e-10	51.0423418804266	0.999999999552301
36.675	47.75	0.999999999766252	0.799999998385722	4.24216607533871e-10	50.9223418807071	0.999999999813001
36.825	47.75	1.00000000000527	0.799999998418646	4.25485933784722e-10	50.8023418809558	1.00000000000421
36.975	47.75	1.00000000017128	0.799999998451615	4.26718351630005e-10	50.6823418811805	1.00000000013702
37.125	47.75	1.00000000027784	0.799999998484529	4.27933583267304e-10	50.5623418813875	1.00000000022227
37.275	47.75	1.00000000033763	0.799999998517304	4.29114421906117e-10	50.4423418815818	1.0000000002701
37.425	47.75	1.00000000036176	0.799999998549754	4.3025933932356e-10	50.3223418817675	1.00000000028941
37.575	47.75	1.00000000035907	0.799999998581874	4.31388104253994e-10	50.2023418819474	1.00000000028725
37.725	47.75	1.00000000033559	0.799999998613755	4.32499465951366e-10	50.082341882124	1.00000000026847
37.875	47.75	1.00000000029545	0.799999998645977	4.33568688580794e-10	49.9623418822989	1.00000000023636
38.025	47.75	1.00000000024444	0.799999998679574	4.34617260326487e-10	49.8423418824735	1.00000000019556
38.175	47.75	1.00000000019649	0.799999998715286	4.35632529856542e-10	49.7223418826481	1.00000000015719
38.325	47.75	1.00000000017797	0.799999998751412	4.36642106869966e-10	49.6023418828212	1.00000000014238
38.475	47.75	1.00000000021813	0.799999998781965	4.37604198189896e-10	49.4823418829885	1.00000000017451
38.625	47.75	1.00000000031032	0.799999998796235	4.38533915235615e-10	49.3623418831447	1.00000000024826
38.775	47.75	1.00000000034595	0.799999998787776	4.39474409383935e-10	49.2423418832901	1.00000000027676
38.925	47.75	1.0000000000738	0.799999998774444	4.40378062617877e-10	49.122341883442	1.00000000005904
39.075	47.75	0.999999999211964	0.799999998822485	4.41246797756683e-10	49.0023418836436	0.999999999369571
39.225	47.75	0.999999997861528	0.799999999040689	4.42087270173999e-10	48.8823418839466	0.999999998289222
39.375	47.75	0.999999997187096	0.799999999490526	4.42926179313814e-10	48.762341884342	0.999999997749677
39.525	47.75	0.999999999800207	0.799999999978371	4.43738441827733e-10	48.6423418846395	0.999999999840166
39.675	47.75	1.00000000854985	0.799999999825693	4.44510555278863e-10	48.5223418843868	1.00000000683988
39.825	47.75	1.00000002228105	0.799999997949793	4.45268984052324e-10	48.4023418830503	1.00000001782484
39.975	47.75	1.00000002906859	0.799999993787058	4.46011424900305e-10	48.282341880724	1.00000002325487
40.125	47.75	1.00000000269429	0.799999989322257	4.46733378212682e-10	48.162341879333	1.00000000215543
40.275	47.75	0.999999915051544	0.799999991232076	4.47429009904134e-10	48.04234188341	0.999999932041235
40.425	47.75	0.99999977787515	0.800000009902044	4.48112668567687e-10	47.9223418982735	0.99999982230012
40.575	47.75	0.999999707649898	0.800000050437142	4.48765503124058e-10	47.8023419230874	0.999999766119918
40.725	47.75	0.999999957517721	0.800000093648863	4.49392558712342e-10	47.6823419392736	0.999999966014177
40.875	47.75	1.00000079734938	0.800000076851991	4.49998272511098e-10	47.5623419031493	1.0000006378795
41.025	47.75	1.00000212196178	0.799999904332306	4.5060348097243e-10	47.4423417631269	1.00000169756942
41.175	47.75	1.00000285290246	0.79999953019942	4.51164310065789e-10	47.322341524433	1.00000228232197
41.325	47.75	1.00000065163086	0.799999127945072	4.51717712894838e-10	47.2023413563101	1.00000052130469
41.475	47.75	0.999993003857901	0.799999255499827	4.52250618100773e-10	47.0823416609365	0.999994403086321
41.625	47.75	0.999980706637718	0.800000756104989	4.52757736629175e-10	46.9623429229182	0.999984565310174
41.775	47.75	0.999973138464072	0.800004040730521	4.53270505136821e-10	46.8423451384341	0.999978510771257
41.925	47.75	0.999990827520873	0.800007657646949	4.53728341587743e-10	46.7223468681401	0.999992662016699
42.075	47.75	1.00005637953645	0.800006936268427	4.54139953376782e-10	46.6023446022729	1.00004510362916
42.225	47.75	1.00016528886119	0.799994824144492	4.54534960815985e-10	46.4823339622947	1.00013223108895
42.375	47.75	1.00024184955217	0.799967674217748	4.54916277842928e-10	46.3623144197736	1.00019347964173
42.525	47.75	1.00011633628357	0.799936550496731	4.55342372554099e-10	46.2422972267917	1.00009306902685
42.675	47.75	0.999594226904059	0.799937860696493	4.55907841310803e-10	46.1223111198297	0.999675381523247
42.825	47.75	0.998683926303438	0.800027372490839	4.56572335279955e-10	46.0023937709657	0.99894714104275
42.975	47.75	0.997944673226282	0.800237006874812	4.57176024896708e-10	45.882555602878	0.998355738581025
43.125	47.75	0.998684258980601	0.800490005514339	4.57222421031834e-10	45.7627174085542	0.998947407184481
43.275	47.75	1.0024829617552	0.800522975191711	4.56114913024198e-10	45.6426613782323	1.00198636940416
43.425	47.75	1.00955927622275	0.799934825624689	4.53811907386849e-10	45.5220834756932	1.0076474209782
43.575	47.75	1.0162338073459	0.798479881665509	4.51648884817626e-10	45.4008456990349	1.01298704587672
43.725	47.75	1.01328677096824	0.796573391895034	4.52914182609995e-10	45.2794285427371	1.01062941677459
43.875	47.75	0.988680897765225	0.79583325069471	4.62103096351857e-10	45.1593335482942	0.99094471821218
44.025	47.75	0.938367896730989	0.799351007375727	4.81887700903007e-10	45.042840515831	0.950694317384791
44.175	47.75	0.884673133611233	0.810192428773864	5.04951010317183e-10	44.9313520102019	0.907738506888986
44.325	47.75	0.889127901661501	0.824441952965362	5.03217146256446e-10	44.8222076561547	0.911302321329201
44.475	47.75	1.03257195113952	0.826489829228422	4.47064700636203e-10	44.7059572505403	1.02605756091162
44.625	47.75	1.34924434130629	0.808622133195318	3.58563762170694e-10	44.5677998146658	1.27939547304503
44.775	47.75	1.76408811728622	0.709537047698503	2.84654869084975e-10	44.3955930015561	1.61127049382898
44.925	47.75	2.11154506534802	0.834636814383925	2.42738653498182e-10	44.2248229818953	1.88923605227842
0.075	48.25	3.47473593180789e-16	0.39999999995362	-9.68469186139323e-10	65.3895334105469	0.2
0.225	48.25	1.0979649884099e-15	0.799999999860823	-9.68132910340692e-10	65.3655334105497	0.200000000000001
0.375	48.25	2.54818929087211e-15	0.799999999768058	-9.6745205780173e-10	65.3415334105552	0.200000000000002
0.525	48.25	4.61626581639322e-15	0.799999999675616	-9.66614081629943e-10	65.3175334105636	0.200000000000004
0.675	48.25	7.14881698637736e-15	0.79999999958294	-9.65458709539642e-10	65.2935334105747	0.200000000000006
0.825	48.25	9.93588427314084e-15	0.799999999490556	-9.63966553444377e-10	65.2695334105886	0.200000000000008
0.975	48.25	1.27379704131787e-14	0.799999999398281	-9.62121765312317e-10	65.2455334106053	0.20000000000001
1.125	48.25	1.52997074218382e-14	0.799999999306038	-9.60132308414725e-10	65.2215334106247	0.200000000000012
1.275	48.25	1.73403388674037e-14	0.799999999214327	-9.57736177868986e-10	65.1975334106469	0.200000000000014
1.425	48.25	1.85241247499671e-14	0.799999999122807	-9.5498295585566e-10	65.1735334106719	0.200000000000015
1.575	48.25	1.84215048883972e-14	0.799999999031353	-9.5197609058648e-10	65.1495334106995	0.200000000000015
1.725	48.25	1.64738684730495e-14	0.799999998940277	-9.48741660283861e-10	65.12553341073	0.200000000000013
1.875	48.25	1.19727218024263e-14	0.799999998849599	-9.45184084587537e-10	65.1015334107631	0.20000000000001
2.025	48.25	4.06047189703332e-15	0.799999998759274	-9.41319459377435e-10	65.077533410799	0.200000000000003
2.175	48.25	-8.24291942070065e-15	0.79999999866946	-9.37165597037015e-10	65.0535334108376	0.199999999999993
2.325	48.25	-2.59845090753564e-14	0.799999998579766	-9.32696185657689e-10	65.0295334108788	0.199999999999979
2.475	48.25	-5.01910920007297e-14	0.79999999849044	-9.28000211020934e-10	65.0055334109228	0.19999999999996
2.625	48.25	-8.17460215626849e-14	0.799999998402232	-9.22996813947179e-10	64.9815334109694	0.199999999999935
2.775	48.25	-1.21225242571827e-13	0.799999998314002	-9.17742179737332e-10	64.9575334110187	0.199999999999903
2.925	48.25	-1.68687692954809e-13	0.799999998226098	-9.1217488814365e-10	64.9335334110706	0.199999999999865
3.075	48.25	-2.23416649050732e-13	0.799999998139156	-9.06316112831335e-10	64.9095334111251	0.199999999999821
3.225	48.25	-2.83611671853481e-13	0.799999998052597	-9.00284016046305e-10	64.8855334111823	0.199999999999773
3.375	48.25	-3.46035689972208e-13	0.79999999796667	-8.93868712929927e-10	64.861533411242	0.199999999999723
3.525	48.25	-4.05628545006353e-13	0.799999997881662	-8.87246912888446e-10	64.8375334113043	0.199999999999676
3.675	48.25	-4.55107087301654e-13	0.799999997796948	-8.80316543440238e-10	64.8135334113692	0.199999999999636
3.825	48.25	-4.84582706304941e-13	0.799999997712878	-8.73183975133181e-10	64.7895334114366	0.199999999999612
3.975	48.25	-4.81239935979253e-13	0.799999997629547	-8.65636089988746e-10	64.7655334115065	0.199999999999615
4.125	48.25	-4.29134299744515e-13	0.799999997547368	-8.58041020171278e-10	64.7415334115789	0.199999999999657
4.275	48.25	-3.09183364347839e-13	0.799999997465301	-8.5002640520418e-10	64.7175334116538	0.199999999999753
4.425	48.25	-9.94413060820332e-14	0.799999997384328	-8.419087985962e-10	64.6935334117311	0.19999999999992
4.575	48.25	2.24237046452057e-13	0.799999997304345	-8.33429079102965e-10	64.6695334118107	0.200000000000179
4.725	48.25	6.87023333681603e-13	0.799999997225013	-8.24773595495072e-10	64.6455334118928	0.20000000000055
4.875	48.25	1.31330562127867e-12	0.799999997146626	-8.1585470163353e-10	64.6215334119771	0.200000000001051
5.025	48.25	2.12411093456265e-12	0.799999997068734	-8.06694723817174e-10	64.5975334120637	0.200000000001699
5.175	48.25	3.13363844060984e-12	0.79999999699203	-7.9729751910291e-10	64.5735334121526	0.200000000002507
5.325	48.25	4.34480353866675e-12	0.799999996916199	-7.87777350433724e-10	64.5495334122436	0.200000000003476
5.475	48.25	5.74373323171533e-12	0.799999996841114	-7.77853526000476e-10	64.5255334123368	0.200000000004595
5.625	48.25	7.29321536123498e-12	0.799999996767332	-7.67889056199699e-10	64.501533412432	0.200000000005835
5.775	48.25	8.92519278325936e-12	0.799999996694037	-7.57601568565278e-10	64.4775334125293	0.20000000000714
5.925	48.25	1.05325120476821e-11	0.799999996622063	-7.47181348662523e-10	64.4535334126287	0.200000000008426
6.075	48.25	1.19602875214617e-11	0.799999996551001	-7.36460555169498e-10	64.42953341273	0.200000000009568
6.225	48.25	1.29974275757584e-11	0.799999996480652	-7.25563802186156e-10	64.4055334128333	0.200000000010398
6.375	48.25	1.33690888235477e-11	0.799999996411796	-7.14493187277826e-10	64.3815334129386	0.200000000010695
6.525	48.25	1.27310739220399e-11	0.799999996343587	-7.03226036418334e-10	64.357533413046	0.200000000010185
6.675	48.25	1.06674610273794e-11	0.799999996276235	-6.91695810672281e-10	64.3335334131556	0.200000000008534
6.825	48.25	6.69303691974724e-12	0.799999996210537	-6.80093715816346e-10	64.3095334132674	0.200000000005354
6.975	48.25	2.6238416250151e-13	0.799999996145352	-6.68361009404602e-10	64.2855334133817	0.20000000000021
7.125	48.25	-9.21227764240919e-12	0.799999996081547	-6.56345512738874e-10	64.2615334134986	0.19999999999263
7.275	48.25	-2.2332204977193e-11	0.799999996018967	-6.44163587017175e-10	64.2375334136186	0.199999999982134
7.425	48.25	-3.96698096811009e-11	0.799999995957687	-6.31785707004377e-10	64.2135334137418	0.199999999968264
7.575	48.25	-6.17105573921902e-11	0.799999995897591	-6.19362785949065e-10	64.1895334138687	0.199999999950632
7.725	48.25	-8.87769667229957e-11	0.799999995838884	-6.06747236146469e-10	64.1655334139998	0.199999999928978
7.875	48.25	-1.20933060645044e-10	0.799999995781741	-5.93983158234721e-10	64.1415334141354	0.199999999903254
8.025	48.25	-1.57868389674106e-10	0.799999995726094	-5.80988572607809e-10	64.1175334142761	0.199999999873705
8.175	48.25	-1.98761869292967e-10	0.799999995672828	-5.68116705460793e-10	64.0935334144222	0.199999999840991
8.325	48.25	-2.42127203985441e-10	0.799999995620767	-5.54777470203881e-10	64.0695334145739	0.199999999806298
8.475	48.25	-2.85643650430997e-10	0.799999995571121	-5.41504339333119e-10	64.0455334147314	0.199999999771485
8.625	48.25	-3.25978330798034e-10	0.799999995523682	-5.2802809978842e-10	64.0215334148945	0.199999999739217
8.775	48.25	-3.58609249546143e-10	0.799999995478686	-5.14526306050711e-10	63.9975334150626	0.199999999713113
8.925	48.25	-3.77661569668849e-10	0.799999995435975	-5.00859393885188e-10	63.9735334152346	0.199999999697871
9.075	48.25	-3.7577350485802e-10	0.799999995396042	-4.87111018531389e-10	63.9495334154089	0.199999999699381
9.225	48.25	-3.4401227402255e-10	0.799999995358724	-4.73211515964151e-10	63.925533415583	0.19999999972479
9.375	48.25	-2.71864781060846e-10	0.799999995323649	-4.59272643444832e-10	63.9015334157535	0.199999999782508
9.525	48.25	-1.47331801148572e-10	0.799999995291222	-4.45224088863908e-10	63.8775334159158	0.199999999882135
9.675	48.25	4.28418159958592e-11	0.799999995260698	-4.31105607292761e-10	63.8535334160643	0.200000000034273
9.825	48.25	3.12765436234578e-10	0.79999999523183	-4.16922387649882e-10	63.8295334161919	0.200000000250212
9.975	48.25	6.76792134870171e-10	0.799999995203496	-4.02536463590127e-10	63.8055334162903	0.200000000541434
10.125	48.25	1.14866197667902e-09	0.799999995175679	-3.88271959163662e-10	63.7815334163497	0.20000000091893
10.275	48.25	1.74036375408328e-09	0.79999999514624	-3.73813784431664e-10	63.7575334163592	0.200000001392291
10.425	48.25	2.46068474408831e-09	0.799999995114484	-3.59385175994633e-10	63.7335334163068	0.200000001968548
10.575	48.25	3.31342632601874e-09	0.799999995078308	-3.44917852204071e-10	63.7095334161799	0.200000002650741
10.725	48.25	4.29527555132356e-09	0.799999995035754	-3.30317114267644e-10	63.6855334159659	0.20000000343622
10.875	48.25	5.39333949164585e-09	0.799999994984928	-3.15696359341186e-10	63.6615334156531	0.200000004314672
11.025	48.25	6.5823708273489e-09	0.79999999492325	-3.01092741405771e-10	63.6375334152313	0.200000005265897
11.175	48.25	7.82173993779488e-09	0.799999994847761	-2.86405685540559e-10	63.6135334146939	0.200000006257392
11.325	48.25	9.05224076929048e-09	0.799999994756415	-2.71737653896097e-10	63.5895334140387	0.200000007241793
11.475	48.25	1.01928547736524e-08	0.799999994646593	-2.57025930818199e-10	63.5655334132705	0.200000008154284
11.625	48.25	1.11376386933631e-08	0.799999994516025	-2.42273695417753e-10	63.5415334124029	0.200000008910111
11.775	48.25	1.17529470113204e-08	0.799999994363045	-2.27569149654469e-10	63.5175334114611	0.200000009402358
11.925	48.25	1.18752471637267e-08	0.799999994186254	-2.12870051003856e-10	63.4935334104845	0.200000009500198
12.075	48.25	1.1309833382082e-08	0.799999993986113	-1.98171559201257e-10	63.4695334095298	0.200000009047867
12.225	48.25	9.83079109785924e-09	0.799999993763639	-1.83415458449811e-10	63.4455334086739	0.200000007864633
12.375	48.25	7.18260562902719e-09	0.799999993521901	-1.68756741094118e-10	63.4215334080165	0.200000005746085
12.525	48.25	3.08384346066583e-09	0.799999993265752	-1.54092441266647e-10	63.3975334076835	0.200000002467075
12.675	48.25	-2.76664127566498e-09	0.79999999300248	-1.39505497679231e-10	63.3735334078285	0.199999997786687
12.825	48.25	-1.06805116559092e-08	0.799999992742576	-1.24805227543741e-10	63.3495334086345	0.199999991455591
12.975	48.25	-2.09673061357462e-08	0.799999992498896	-1.10355143987427e-10	63.3255334103146	0.199999983226155
13.125	48.25	-3.39179161058375e-08	0.799999992288142	-9.57076928914712e-11	63.3015334131103	0.199999972865667
13.275	48.25	-4.97837928948083e-08	0.799999992130492	-8.12161824345547e-11	63.2775334172895	0.199999960172966
13.425	48.25	-6.87515579284637e-08	0.799999992050606	-6.68023191808695e-11	63.253533423141	0.199999944998754
13.575	48.25	-9.0912770506399e-08	0.799999992075955	-5.24583305744935e-11	63.2295334309668	0.199999927269784
13.725	48.25	-1.16228699867972e-07	0.799999992239359	-3.80449822077437e-11	63.2055334410717	0.19999990701704
13.875	48.25	-1.44490042075781e-07	0.799999992576752	-2.38138934891351e-11	63.1815334537484	0.199999884407966
14.025	48.25	-1.75271602457697e-07	0.799999993128646	-9.64240173094047e-12	63.1575334692592	0.199999859782718
14.175	48.25	-2.07882008548865e-07	0.799999993938949	4.49386358694956e-12	63.1335334878128	0.199999833694393
14.325	48.25	-2.41308495158825e-07	0.799999995055655	1.85118840314619e-11	63.1095335095362	0.199999806953204
14.475	48.25	-2.74156669158193e-07	0.799999996531563	3.24428379073892e-11	63.0855335344407	0.199999780674665
14.625	48.25	-3.04584858584269e-07	0.799999998424748	4.62810120616506e-11	63.0615335623823	0.199999756332113
14.775	48.25	-3.30232101092239e-07	0.800000000798266	5.9988303249113e-11	63.0375335930155	0.199999735814319
14.925	48.25	-3.48137927890993e-07	0.800000003726256	7.37017397090067e-11	63.013533625739	0.199999721489658
15.075	48.25	-3.5465071566892e-07	0.800000007295216	8.72766583900702e-11	62.9895336596344	0.199999716279428
15.225	48.25	-3.4531933238955e-07	0.800000011611576	1.00690023392894e-10	62.9655336933942	0.199999723744534
15.375	48.25	-3.1475985874972e-07	0.800000016811921	1.14053742388159e-10	62.941533725239	0.199999748192113
15.525	48.25	-2.56485016868315e-07	0.800000023077012	1.27308018282116e-10	62.9175337528194	0.199999794811987
15.675	48.25	-1.6267817419265e-07	0.800000030653004	1.40406306732264e-10	62.8935337730995	0.199999869857461
15.825	48.25	-2.38858742760305e-08	0.800000039880276	1.53356299735249e-10	62.8695337822145	0.199999980891301
15.975	48.25	1.71407941605625e-07	0.800000051235075	1.6627489990464e-10	62.8455337752928	0.200000137126353
16.125	48.25	4.37377480185544e-07	0.800000065386746	1.78964558482361e-10	62.82153374623	0.200000349901984
16.275	48.25	7.91691619782309e-07	0.80000008327592	1.91524270352579e-10	62.7975336873931	0.200000633353296
16.425	48.25	1.25668924567394e-06	0.800000106220194	2.03927663762453e-10	62.7735335892287	0.200001005351397
16.575	48.25	1.86102705041502e-06	0.800000136061228	2.1629390860133e-10	62.7495334397355	0.20000148882164
16.725	48.25	2.64198154567356e-06	0.800000175361029	2.28440724578829e-10	62.7255332237477	0.200002113585237
16.875	48.25	3.648651465779e-06	0.800000227667154	2.40318253671998e-10	62.7015329219533	0.200002918921173
17.025	48.25	4.9463929440093e-06	0.800000297871906	2.52272661816086e-10	62.6775325095464	0.200003957114355
17.175	48.25	6.62293523951992e-06	0.800000392693637	2.63970169548447e-10	62.6535319543732	0.200005298348192
17.325	48.25	8.79677984213561e-06	0.800000521326809	2.7555345501835e-10	62.6295312143806	0.200007037423874
17.475	48.25	1.16286953436434e-05	0.800000696318919	2.86912494576666e-10	62.6055302341108	0.200009302956275
17.625	48.25	1.53374051519637e-05	0.800000934756873	2.98124195758189e-10	62.58152893989	0.200012269924122
17.775	48.25	2.02209519093874e-05	0.800001259869092	3.09090129675741e-10	62.5575272332401	0.200016176761528
17.925	48.25	2.66857439697196e-05	0.80000170318251	3.1996861555297e-10	62.533524981869	0.200021348595176
18.075	48.25	3.52859825874425e-05	0.800002307400682	3.30656462120607e-10	62.5095220073754	0.20002822878607
18.225	48.25	4.67770775424391e-05	0.800003130234477	3.41099134112802e-10	62.4855180684968	0.200037421662034
18.375	48.25	6.21878480294645e-05	0.800004249484761	3.51432076078097e-10	62.4615128383273	0.200049750278424
18.525	48.25	8.2917891087831e-05	0.800005769874751	3.61449459467905e-10	62.4375058733974	0.20006633431287
18.675	48.25	0.000110868697199882	0.800007832376139	3.71405409870598e-10	62.4134965717849	0.20008869495776
18.825	48.25	0.000148620253027193	0.80001062714977	3.81138825437485e-10	62.3894841164566	0.200118896202422
18.975	48.25	0.000199669451539785	0.800014411514222	3.90679477609994e-10	62.3654673986883	0.200159735561232
19.125	48.25	0.000268753038471742	0.800019534397809	3.99953928278311e-10	62.3414449145404	0.200215002430777
19.275	48.25	0.000362286149768671	0.800026468302427	4.08952925221196e-10	62.3174146247811	0.200289828919815
19.425	48.25	0.000488957293999879	0.800035849107094	4.17727643550995e-10	62.2933737652002	0.2003911658352
19.575	48.25	0.000660531174356044	0.800048523962255	4.26155299956307e-10	62.2693185898273	0.200528424939485
19.725	48.25	0.000892922188602898	0.800065609803132	4.34471390458576e-10	62.2452440240845	0.200714337750882
19.875	48.25	0.00120761709849436	0.800088571446758	4.42220164036454e-10	62.2211431981187	0.200966093678795
20.025	48.25	0.00163355408361541	0.800119338661117	4.49651298574133e-10	62.1970068216443	0.201306843266892
20.175	48.25	0.00220962174614552	0.800160491029227	4.56514452321981e-10	62.1728223486279	0.201767697396916
20.325	48.25	0.00298804030676526	0.800215536182724	4.62730827351168e-10	62.1485728596975	0.202390432245412
20.475	48.25	0.00403902958073264	0.800289274734337	4.68324302045868e-10	62.1242355581506	0.203231223664586
20.625	48.25	0.00545732363050917	0.800388171896687	4.72944938166939e-10	62.0997797291205	0.204365858904407
20.775	48.25	0.00737118392863068	0.800520547611891	4.76348346790125e-10	62.0751639532886	0.205896947142905
20.925	48.25	0.00995447738345052	0.800696290802851	4.78223261985948e-10	62.050332308057	0.20796358190676
21.075	48.25	0.0134420119351309	0.800925762852508	4.78209949746568e-10	62.0252092526922	0.210753609548105
21.225	48.25	0.0181476175066432	0.801217643595449	4.75858968480936e-10	61.9996929094066	0.214518094005315
21.375	48.25	0.0244834934087498	0.801575709501319	4.70535802149613e-10	61.9736465481559	0.219586794727
21.525	48.25	0.0329782627977938	0.801994872634449	4.6169177009745e-10	61.9468882771725	0.226382610238235
21.675	48.25	0.0442900719991737	0.802457174757694	4.48892363187653e-10	61.9191792403565	0.235432057599339
21.825	48.25	0.0592098316228508	0.802928786613546	4.3166422252914e-10	61.8902110340359	0.247367865298281
21.975	48.25	0.0786480162604087	0.803359399771177	4.10165436498236e-10	61.8595936063772	0.262918413008327
22.125	48.25	0.103596190173598	0.803685582770982	3.84848618242819e-10	61.8268456404969	0.282876952138879
22.275	48.25	0.135052302387075	0.803839327820384	3.56680229437362e-10	61.7913903679375	0.30804184190966
22.425	48.25	0.173898993114622	0.803761743845225	3.2689854918013e-10	61.7525607963546	0.339119194491698
22.575	48.25	0.220730584399365	0.803419695365312	2.9699982512039e-10	61.7096190573967	0.376584467519492
22.725	48.25	0.27564152619261	0.802820792146522	2.68398440063165e-10	61.6617941829024	0.420513220954088
22.875	48.25	0.338017855664348	0.80202058020113	2.42280906969571e-10	61.6083400302504	0.470414284531479
23.025	48.25	0.406404722695477	0.801116452973402	2.19350867829134e-10	61.548609601678	0.525123778156382
23.175	48.25	0.478534571559457	0.80022693098011	1.99959290312356e-10	61.4821344406918	0.582827657247565
23.325	48.25	0.551566086037092	0.799461973423965	1.84201511815537e-10	61.4086912854431	0.641252868829673
23.475	48.25	0.622501307263463	0.798895932057039	1.71854439722249e-10	61.3283372554983	0.69800104581077
23.625	48.25	0.688659257265502	0.798554412181934	1.62558480752569e-10	61.2414022266222	0.750927405812402
23.775	48.25	0.748051809655957	0.798418745753492	1.5586183592844e-10	61.1484403375564	0.798441447724766
23.925	48.25	0.79955778068691	0.798442570808493	1.51338849699206e-10	61.0501550408472	0.839646224549528
24.075	48.25	0.842886470006737	0.798570851544396	1.48672487688249e-10	60.9473175505267	0.874309176005389
24.225	48.25	0.87839815572273	0.798753963139761	1.47422059022254e-10	60.8406956938885	0.902718524578184
24.375	48.25	0.906872100179943	0.798954493902649	1.47310967142516e-10	60.7310025507947	0.925497680143955
24.525	48.25	0.929292197955383	0.799148197292416	1.48127664992713e-10	60.6188665346943	0.943433758364306
24.675	48.25	0.946685093920618	0.799321773620957	1.49605320503346e-10	60.5048195346163	0.957348075136495
24.825	48.25	0.960016774518956	0.799469693045031	1.51624225274622e-10	60.3892977862771	0.968013419615165
24.975	48.25	0.970138072984964	0.799591293715327	1.54038638079148e-10	60.2726503171833	0.976110458387972
25.125	48.25	0.977764769163915	0.799688597801543	1.56743817648868e-10	60.1551509590076	0.982211815331132
25.275	48.25	0.983479107233333	0.799764852681946	1.59668360041711e-10	60.0370112403794	0.986783285786666
25.425	48.25	0.987742791080606	0.799823641389999	1.62748934024545e-10	59.9183925822518	0.990194232864485
25.575	48.25	0.990914817846248	0.799868387304591	1.65917087209963e-10	59.7994170132756	0.992731854276999
25.725	48.25	0.993270126775145	0.799902112198918	1.69160945515936e-10	59.6801761340598	0.994616101420116
25.875	48.25	0.995016874793118	0.799927348581179	1.72451578189899e-10	59.5607383571697	0.996013499834494
26.025	48.25	0.996311339953044	0.799946140832045	1.75734077286719e-10	59.4411546026378	0.997049071962435
26.175	48.25	0.997270176117395	0.799960092955515	1.79038392456611e-10	59.3214626899687	0.997816140893916
26.325	48.25	0.997980145938	0.799970436261512	1.82310434463981e-10	59.2016906747912	0.9983841167504
26.475	48.25	0.998505654702114	0.799978100706663	1.85601511396791e-10	59.0818593567387	0.998804523761691
26.625	48.25	0.998894473354349	0.799983780742944	1.88832544644972e-10	58.9619841510223	0.999115578683479
26.775	48.25	0.999182029805802	0.799987991382178	1.92058401338692e-10	58.8420764793284	0.999345623844642
26.925	48.25	0.999394600868298	0.799991113331546	1.95238300940587e-10	58.7221448015275	0.999515680694638
27.075	48.25	0.999551676929841	0.799993427889592	1.98365142112365e-10	58.602195380671	0.999641341543873
27.225	48.25	0.999667711986657	0.799995143168028	2.01484323771537e-10	58.482232850483	0.999734169589326
27.375	48.25	0.99975341990812	0.799996413438803	2.04538444198055e-10	58.3622606366319	0.999802735926496
27.525	48.25	0.999816736206908	0.799997353279369	2.07545138097636e-10	58.2422812696168	0.999853388965526
27.675	48.25	0.999863532816279	0.799998047896062	2.10530993311416e-10	58.1222966171799	0.999890826253023
27.825	48.25	0.999898149900057	0.799998560684906	2.13470660008448e-10	58.0023080568833	0.999918519920046
27.975	48.25	0.99992379167811	0.799998938803127	2.16371501466026e-10	57.8823166041585	0.999939033342488
28.125	48.25	0.999942820940889	0.799999217301315	2.19246572741506e-10	57.7623230072208	0.999954256752711
28.275	48.25	0.99995697799694	0.799999422203401	2.22052134083557e-10	57.6423278173367	0.999965582397552
28.425	48.25	0.999967543255864	0.799999572807344	2.24825932451139e-10	57.5223314407784	0.999974034604692
28.575	48.25	0.999975457806066	0.799999683406635	2.2754417191442e-10	57.402334177186	0.999980366244853
28.725	48.25	0.999981412728993	0.799999764575424	2.30223148383071e-10	57.2823362478558	0.999985130183194
28.875	48.25	0.999985915176952	0.799999824127195	2.32886341367455e-10	57.1623378165684	0.999988732141562
29.025	48.25	0.999989337201714	0.799999867828295	2.35481757534156e-10	57.042339004903	0.999991469761371
29.175	48.25	0.999991951790912	0.799999899928182	2.38051595906351e-10	56.9223399034769	0.99999356143273
29.325	48.25	0.999993959425027	0.79999992355289	2.40587423256589e-10	56.8023405801806	0.999995167540022
29.475	48.25	0.999995507614497	0.799999940997262	2.43080170476965e-10	56.6823410862013	0.999996406091597
29.625	48.25	0.999996705242241	0.79999995394183	2.45520190132602e-10	56.5623414604193	0.999997364193793
29.775	48.25	0.999997633065942	0.799999963613303	2.47912070274317e-10	56.4423417326122	0.999998106452753
29.925	48.25	0.99999835138537	0.799999970904257	2.50284080841001e-10	56.3223419257867	0.999998681108296
30.075	48.25	0.99999890562074	0.799999976461538	2.52605324858852e-10	56.202342057875	0.999999124496592
30.225	48.25	0.999999330355786	0.79999998075217	2.54890241427065e-10	56.082342142969	0.999999464284629
30.375	48.25	0.999999652256053	0.799999984111759	2.57144356807938e-10	55.962342192221	0.999999721804843
30.525	48.25	0.999999892166675	0.799999986780605	2.59356180309577e-10	55.8423422145024	0.99999991373334
30.675	48.25	1.0000000666145	0.799999988930319	2.61508256724643e-10	55.7223422168908	1.0000000532916
30.825	48.25	1.0000001888805	0.799999990683213	2.63660942303104e-10	55.6023422050333	1.0000001511044
30.975	48.25	1.00000026976435	0.799999992126668	2.6577476041638e-10	55.4823421834208	1.00000021581148
31.125	48.25	1.0000003181303	0.799999993323372	2.67812237491726e-10	55.3623421556005	1.00000025450424
31.275	48.25	1.00000034129919	0.799999994318901	2.69865250727641e-10	55.2423421243428	1.00000027303935
31.425	48.25	1.00000034533342	0.799999995147019	2.71855707867365e-10	55.1223420917754	1.00000027626674
31.575	48.25	1.00000033524801	0.799999995833558	2.73805136335727e-10	55.0023420594947	1.00000026819841
31.725	48.25	1.00000031517161	0.799999996398759	2.75733113167318e-10	54.8823420286578	1.00000025213729
31.875	48.25	1.00000028847342	0.799999996859229	2.77613971502724e-10	54.7623420000621	1.00000023077874
32.025	48.25	1.00000025786743	0.799999997229366	2.79469001914174e-10	54.6423419742131	1.00000020629394
32.175	48.25	1.00000022550102	0.799999997521363	2.81288605431731e-10	54.5223419513828	1.00000018040082
32.325	48.25	1.0000001930329	0.799999997746552	2.8306933795303e-10	54.4023419316605	1.00000015442632
32.475	48.25	1.00000016170291	0.799999997915064	2.84834388427133e-10	54.2823419149965	1.00000012936233
32.625	48.25	1.00000013239573	0.799999998036219	2.86546630746544e-10	54.162341901239	1.00000010591659
32.775	48.25	1.00000010569886	0.799999998118464	2.88238306732236e-10	54.0423418901657	1.00000008455908
32.925	48.25	1.00000008195556	0.79999999816945	2.8988928020701e-10	53.9223418815093	1.00000006556445
33.075	48.25	1.00000006131287	0.799999998196064	2.91514503854598e-10	53.8023418749794	1.0000000490503
33.225	48.25	1.00000004376443	0.799999998204301	2.93108140493094e-10	53.6823418702785	1.00000003501154
33.375	48.25	1.00000002918832	0.799999998199522	2.94674905126062e-10	53.5623418671153	1.00000002335066
33.525	48.25	1.00000001737998	0.799999998186078	2.96230289071534e-10	53.4423418652145	1.00000001390398
33.675	48.25	1.0000000080801	0.79999999816779	2.97720891029513e-10	53.3223418643226	1.00000000646408
33.825	48.25	1.00000000099799	0.799999998147604	2.99191323568821e-10	53.2023418642128	1.0000000007984
33.975	48.25	0.999999995830375	0.799999998127935	3.00648409686921e-10	53.0823418646867	0.9999999966643
34.125	48.25	0.999999992276226	0.799999998110571	3.02069242017334e-10	52.962341865575	0.999999993820981
34.275	48.25	0.999999990047958	0.799999998096717	3.03456808072851e-10	52.8423418667365	0.999999992038366
34.425	48.25	0.999999988879336	0.799999998087268	3.04809605453301e-10	52.7223418680568	0.999999991103469
34.575	48.25	0.9999999885307	0.799999998082639	3.06135957603523e-10	52.6023418694455	0.99999999082456
34.725	48.25	0.999999988791799	0.799999998083003	3.07448628842311e-10	52.4823418708341	0.999999991033439
34.875	48.25	0.999999989482864	0.799999998088268	3.08730902888138e-10	52.3623418721726	0.999999991586291
35.025	48.25	0.999999990454074	0.799999998098293	3.09983984378795e-10	52.2423418734269	0.999999992363259
35.175	48.25	0.999999991584016	0.799999998112503	3.11208748177105e-10	52.1223418745759	0.999999993267213
35.325	48.25	0.999999992777384	0.799999998130579	3.12397925852491e-10	52.002341875609	0.999999994221907
35.475	48.25	0.999999993962146	0.799999998152021	3.13579785072308e-10	51.8823418765235	0.999999995169717
35.625	48.25	0.999999995086427	0.79999999817627	3.14731027053347e-10	51.7623418773227	0.999999996069142
35.775	48.25	0.999999996115431	0.799999998202945	3.158570105276e-10	51.642341878014	0.999999996892345
35.925	48.25	0.99999999702835	0.799999998231377	3.1696343234689e-10	51.5223418786077	0.99999999762268
36.075	48.25	0.999999997815532	0.799999998261366	3.18050681801613e-10	51.4023418791152	0.999999998252426
36.225	48.25	0.999999998475833	0.799999998292454	3.19101135265604e-10	51.2823418795487	0.999999998780667
36.375	48.25	0.999999999014369	0.799999998324296	3.20127310718676e-10	51.1623418799201	0.999999999211495
36.525	48.25	0.999999999440544	0.799999998356697	3.21135957702127e-10	51.0423418802407	0.999999999552435
36.675	48.25	0.999999999766424	0.799999998389335	3.22129556704526e-10	50.9223418805205	0.999999999813139
36.825	48.25	1.00000000000543	0.799999998422205	3.23081901876435e-10	50.8023418807687	1.00000000000435
36.975	48.25	1.00000000017145	0.799999998455147	3.24042475913919e-10	50.6823418809928	1.00000000013716
37.125	48.25	1.00000000027802	0.799999998487939	3.24959891602702e-10	50.5623418811993	1.00000000022241
37.275	48.25	1.0000000003378	0.799999998520589	3.25862149006147e-10	50.4423418813931	1.00000000027024
37.425	48.25	1.00000000036193	0.799999998553006	3.26742091630024e-10	50.3223418815783	1.00000000028954
37.575	48.25	1.00000000035923	0.799999998585059	3.27594092623448e-10	50.2023418817577	1.00000000028739
37.725	48.25	1.00000000033576	0.799999998616809	3.284288188844e-10	50.0823418819338	1.00000000026861
37.875	48.25	1.00000000029562	0.799999998649005	3.29237018846016e-10	49.9623418821082	1.0000000002365
38.025	48.25	1.00000000024462	0.799999998682486	3.3003856451008e-10	49.8423418822823	1.0000000001957
38.175	48.25	1.00000000019666	0.79999999871812	3.30818453580038e-10	49.7223418824565	1.00000000015733
38.325	48.25	1.00000000017815	0.799999998754213	3.31575989444124e-10	49.6023418826292	1.00000000014252
38.475	48.25	1.0000000002183	0.799999998784694	3.32316027586203e-10	49.4823418827961	1.00000000017464
38.625	48.25	1.00000000031049	0.799999998798861	3.33051503024639e-10	49.3623418829519	1.00000000024839
38.775	48.25	1.00000000034612	0.799999998790347	3.33738028236431e-10	49.2423418830968	1.00000000027689
38.925	48.25	1.00000000007396	0.799999998776943	3.34425265572379e-10	49.1223418832483	1.00000000005917
39.075	48.25	0.999999999212132	0.799999998824872	3.35089585132724e-10	49.0023418834495	0.999999999369705
39.225	48.25	0.999999997861701	0.799999999043053	3.35752789746903e-10	48.8823418837521	0.999999998289361
39.375	48.25	0.999999997187277	0.799999999492838	3.36377238582049e-10	48.7623418841472	0.999999997749821
39.525	48.25	0.999999999800386	0.799999999980622	3.36997759671351e-10	48.6423418844444	0.999999999840309
39.675	48.25	1.00000000855002	0.799999999827807	3.37591045498168e-10	48.5223418841913	1.00000000684002
39.825	48.25	1.00000002228122	0.799999997951877	3.38166346925175e-10	48.4023418828544	1.00000001782498
39.975	48.25	1.00000002906876	0.799999993789098	3.38725923120037e-10	48.2823418805278	1.00000002325501
40.125	48.25	1.00000000269446	0.799999989324237	3.39281552322909e-10	48.1623418791365	1.00000000215557
40.275	48.25	0.999999915051716	0.799999991234014	3.39806201329945e-10	48.0423418832132	0.999999932041373
40.425	48.25	0.99999977787531	0.800000009903868	3.40325461429237e-10	47.9223418980764	0.999999822300248
40.575	48.25	0.999999707650058	0.800000050438932	3.40806540730225e-10	47.80234192289	0.999999766120046
40.725	48.25	0.999999957517887	0.800000093650591	3.41299332774346e-10	47.6823419390759	0.999999966014309
40.875	48.25	1.00000079734954	0.800000076853638	3.4176427235589e-10	47.5623419029514	1.00000063787963
41.025	48.25	1.00000212196194	0.799999904333922	3.42210081963419e-10	47.4423417629287	1.00000169756955
41.175	48.25	1.00000285290261	0.799999530200953	3.42636514370685e-10	47.3223415242346	1.00000228232209
41.325	48.25	1.00000065163101	0.799999127946558	3.43057164643613e-10	47.2023413561115	1.00000052130481
41.475	48.25	0.999993003858055	0.799999255501264	3.43451444431553e-10	47.0823416607376	0.999994403086444
41.625	48.25	0.999980706637873	0.800000756106345	3.43841172956904e-10	46.9623429227191	0.999984565310298
41.775	48.25	0.99997313846422	0.800004040731834	3.44210263548074e-10	46.8423451382348	0.999978510771376
41.925	48.25	0.999990827521016	0.800007657648158	3.44559264151862e-10	46.7223468679405	0.999992662016813
42.075	48.25	1.00005637953659	0.800006936269599	3.44870782300756e-10	46.6023446020732	1.00004510362928
42.225	48.25	1.00016528886133	0.799994824145606	3.45150405049677e-10	46.4823339620948	1.00013223108907
42.375	48.25	1.00024184955231	0.799967674218779	3.45433005583644e-10	46.3623144195735	1.00019347964185
42.525	48.25	1.00011633628371	0.799936550497733	3.45748565896288e-10	46.2422972265914	1.00009306902697
42.675	48.25	0.999594226904212	0.799937860697419	3.46149223668456e-10	46.1223111196293	0.99967538152337
42.825	48.25	0.998683926303607	0.80002737249168	3.46659605997101e-10	46.0023937707651	0.998947141042885
42.975	48.25	0.997944673226459	0.800237006875602	3.47082756271102e-10	45.8825556026773	0.998355738581167
43.125	48.25	0.998684258980778	0.800490005515029	3.47082807928645e-10	45.7627174083534	0.998947407184622
43.275	48.25	1.00248296175536	0.800522975192341	3.46209007312458e-10	45.6426613780314	1.00198636940429
43.425	48.25	1.00955927622285	0.799934825625299	3.44420742404171e-10	45.5220834754921	1.00764742097828
43.575	48.25	1.01623380734595	0.798479881666012	3.42728856425498e-10	45.4008456988338	1.01298704587676
43.725	48.25	1.01328677096829	0.796573391895547	3.4364664289885e-10	45.2794285425358	1.01062941677463
43.875	48.25	0.988680897765382	0.795833250695083	3.50573792138702e-10	45.1593335480929	0.990944718212305
44.025	48.25	0.938367896731363	0.799351007376066	3.65512807667265e-10	45.0428405156297	0.95069431738509
44.175	48.25	0.884673133611795	0.810192428774135	3.82937595569343e-10	44.9313520100004	0.907738506889436
44.325	48.25	0.889127901661959	0.824441952965491	3.81536923276701e-10	44.8222076559531	0.911302321329567
44.475	48.25	1.03257195113942	0.82648982922864	3.38860060827484e-10	44.7059572503387	1.02605756091154
44.625	48.25	1.34924434130538	0.808622133195676	2.7166637662772e-10	44.5677998144642	1.27939547304431
44.775	48.25	1.76408811728475	0.709537047698833	2.1559661384178e-10	44.3955930013546	1.6112704938278
44.925	48.25	2.11154506534638	0.83463681438438	1.83797531756787e-10	44.2248229816938	1.8892360522771
0.075	48.75	3.47473592789042e-16	0.399999999954014	-6.60648495779286e-10	65.3895334106283	0.2
0.225	48.75	1.09796498956533e-15	0.799999999862167	-6.60471522998928e-10	65.365533410631	0.200000000000001
0.375	48.75	2.54818928882476e-15	0.799999999770184	-6.60001679766836e-10	65.3415334106365	0.200000000000002
0.525	48.75	4.61626581926368e-15	0.799999999678452	-6.59401255958166e-10	65.3175334106448	0.200000000000004
0.675	48.75	7.14881698244849e-15	0.799999999586518	-6.58531394374513e-10	65.2935334106558	0.200000000000006
0.825	48.75	9.93588427795036e-15	0.799999999495156	-6.57525934316549e-10	65.2695334106696	0.200000000000008
0.975	48.75	1.27379704071284e-14	0.799999999403922	-6.5635077598342e-10	65.2455334106861	0.20000000000001
1.125	48.75	1.5299707428868e-14	0.79999999931221	-6.5487099436304e-10	65.2215334107054	0.200000000000012
1.275	48.75	1.73403388589741e-14	0.799999999221584	-6.53139076495661e-10	65.1975334107274	0.200000000000014
1.425	48.75	1.8524124759599e-14	0.799999999130787	-6.51381789901972e-10	65.1735334107521	0.200000000000015
1.575	48.75	1.84215048773181e-14	0.799999999040184	-6.49384422060026e-10	65.1495334107795	0.200000000000015
1.725	48.75	1.64738684858381e-14	0.799999998949751	-6.4713882966848e-10	65.1255334108097	0.200000000000013
1.875	48.75	1.19727217884349e-14	0.799999998859994	-6.44709658723039e-10	65.1015334108425	0.20000000000001
2.025	48.75	4.06047191378549e-15	0.799999998770498	-6.42041372921177e-10	65.0775334108781	0.200000000000003
2.175	48.75	-8.24291943784692e-15	0.799999998681168	-6.39263620030891e-10	65.0535334109163	0.199999999999993
2.325	48.75	-2.59845090535341e-14	0.799999998592836	-6.3635101877379e-10	65.0295334109572	0.199999999999979
2.475	48.75	-5.01910920212729e-14	0.799999998504245	-6.33046259993748e-10	65.0055334110008	0.19999999999996
2.625	48.75	-8.17460215344648e-14	0.799999998416449	-6.29638132725797e-10	64.981533411047	0.199999999999935
2.775	48.75	-1.21225242596093e-13	0.799999998328888	-6.25997575662349e-10	64.9575334110958	0.199999999999903
2.925	48.75	-1.68687692918919e-13	0.799999998242104	-6.22265882345367e-10	64.9335334111472	0.199999999999865
3.075	48.75	-2.23416649079382e-13	0.799999998155744	-6.18370205025094e-10	64.9095334112013	0.199999999999821
3.225	48.75	-2.83611671809344e-13	0.799999998070125	-6.14194232858896e-10	64.8855334112579	0.199999999999773
3.375	48.75	-3.46035690006629e-13	0.799999997985156	-6.09777022842979e-10	64.8615334113171	0.199999999999723
3.525	48.75	-4.05628544955059e-13	0.799999997900422	-6.05293704310852e-10	64.8375334113789	0.199999999999676
3.675	48.75	-4.55107087344754e-13	0.799999997816517	-6.00536089819639e-10	64.8135334114432	0.199999999999636
3.825	48.75	-4.84582706250656e-13	0.799999997733503	-5.9571481071123e-10	64.78953341151	0.199999999999612
3.975	48.75	-4.81239936036386e-13	0.799999997650888	-5.90652185055062e-10	64.7655334115793	0.199999999999615
4.125	48.75	-4.29134299695927e-13	0.799999997568987	-5.8538683409221e-10	64.741533411651	0.199999999999657
4.275	48.75	-3.09183364427852e-13	0.799999997488058	-5.79954777307448e-10	64.7175334117252	0.199999999999753
4.425	48.75	-9.94413060533743e-14	0.799999997407584	-5.74326463927885e-10	64.6935334118018	0.19999999999992
4.575	48.75	2.24237046336308e-13	0.799999997328431	-5.68578728710952e-10	64.6695334118808	0.200000000000179
4.725	48.75	6.87023333671128e-13	0.799999997249664	-5.62718566017839e-10	64.6455334119621	0.20000000000055
4.875	48.75	1.31330562111155e-12	0.79999999717168	-5.56611681316944e-10	64.6215334120457	0.200000000001051
5.025	48.75	2.12411093449234e-12	0.799999997094568	-5.50359968386649e-10	64.5975334121315	0.200000000001699
5.175	48.75	3.13363844037746e-12	0.799999997018789	-5.44040951637571e-10	64.5735334122196	0.200000000002507
5.325	48.75	4.34480353852301e-12	0.799999996943361	-5.37445580027988e-10	64.5495334123098	0.200000000003476
5.475	48.75	5.74373323141616e-12	0.799999996869083	-5.30824353453675e-10	64.5255334124021	0.200000000004595
5.625	48.75	7.29321536102677e-12	0.799999996795408	-5.23872974167973e-10	64.5015334124966	0.200000000005835
5.775	48.75	8.92519278292112e-12	0.799999996723268	-5.16865956943376e-10	64.477533412593	0.20000000000714
5.925	48.75	1.05325120474638e-11	0.799999996651713	-5.09704004791192e-10	64.4535334126915	0.200000000008426
6.075	48.75	1.19602875211704e-11	0.799999996581187	-5.02512365103821e-10	64.4295334127919	0.200000000009568
6.225	48.75	1.2997427575661e-11	0.79999999651147	-4.95041586495257e-10	64.4055334128943	0.200000000010398
6.375	48.75	1.33690888234772e-11	0.799999996442704	-4.87537550172642e-10	64.3815334129987	0.200000000010695
6.525	48.75	1.27310739222993e-11	0.799999996375399	-4.79821187695997e-10	64.3575334131052	0.200000000010185
6.675	48.75	1.06674610278241e-11	0.79999999630881	-4.72145256849415e-10	64.3335334132137	0.200000000008534
6.825	48.75	6.69303692072641e-12	0.799999996243223	-4.64171106123415e-10	64.3095334133246	0.200000000005354
6.975	48.75	2.62384163888538e-13	0.799999996178586	-4.56098169895329e-10	64.2855334134379	0.20000000000021
7.125	48.75	-9.21227764023044e-12	0.799999996115522	-4.47902962350092e-10	64.2615334135538	0.19999999999263
7.275	48.75	-2.23322049743302e-11	0.799999996053186	-4.39612895270018e-10	64.2375334136727	0.199999999982134
7.425	48.75	-3.96698096771917e-11	0.799999995992468	-4.3124451672137e-10	64.2135334137949	0.199999999968264
7.575	48.75	-6.1710557387327e-11	0.799999995932658	-4.22732960378632e-10	64.1895334139208	0.199999999950632
7.725	48.75	-8.87769667169497e-11	0.799999995874375	-4.1414835844792e-10	64.1655334140508	0.199999999928978
7.875	48.75	-1.2093306063789e-10	0.799999995817767	-4.05469258865036e-10	64.1415334141854	0.199999999903254
8.025	48.75	-1.57868389665942e-10	0.799999995762625	-3.96617873085386e-10	64.117533414325	0.199999999873705
8.175	48.75	-1.98761869283861e-10	0.799999995709339	-3.87640578594203e-10	64.0935334144699	0.199999999840991
8.325	48.75	-2.42127203976024e-10	0.799999995657938	-3.78769942514997e-10	64.0695334146206	0.199999999806298
8.475	48.75	-2.85643650421419e-10	0.799999995608521	-3.69627008843739e-10	64.0455334147769	0.199999999771485
8.625	48.75	-3.25978330789752e-10	0.799999995561496	-3.60449332985128e-10	64.0215334149389	0.199999999739217
8.775	48.75	-3.58609249539476e-10	0.799999995516655	-3.51269537238053e-10	63.9975334151058	0.199999999713113
8.925	48.75	-3.77661569666275e-10	0.799999995474354	-3.420016585853e-10	63.9735334152767	0.199999999697871
9.075	48.75	-3.75773504860177e-10	0.79999999543482	-3.32547212766066e-10	63.9495334154499	0.199999999699381
9.225	48.75	-3.44012274033051e-10	0.799999995397598	-3.23095461952267e-10	63.9255334156228	0.19999999972479
9.375	48.75	-2.71864781080819e-10	0.799999995362941	-3.13590604537747e-10	63.9015334157921	0.199999999782508
9.525	48.75	-1.47331801182576e-10	0.799999995330595	-3.04078530177701e-10	63.8775334159532	0.199999999882135
9.675	48.75	4.28418159460588e-11	0.799999995300382	-2.94365653201745e-10	63.8535334161005	0.200000000034273
9.825	48.75	3.12765436164095e-10	0.799999995271581	-2.84726726666161e-10	63.829533416227	0.200000000250212
9.975	48.75	6.7679213477667e-10	0.79999999524368	-2.75060791520891e-10	63.8055334163242	0.200000000541434
10.125	48.75	1.14866197655847e-09	0.799999995215957	-2.65209509517991e-10	63.7815334163824	0.20000000091893
10.275	48.75	1.74036375393315e-09	0.799999995186741	-2.55317635735612e-10	63.7575334163907	0.200000001392291
10.425	48.75	2.46068474390702e-09	0.799999995154895	-2.45535770448505e-10	63.7335334163371	0.200000001968548
10.575	48.75	3.31342632580469e-09	0.799999995119062	-2.3562600360546e-10	63.7095334162089	0.200000002650741
10.725	48.75	4.29527555108047e-09	0.799999995076608	-2.25689206627017e-10	63.6855334159937	0.20000000343622
10.875	48.75	5.39333949137419e-09	0.799999995025906	-2.15755150199011e-10	63.6615334156796	0.200000004314672
11.025	48.75	6.58237082706036e-09	0.799999994963981	-2.05784743201066e-10	63.6375334152567	0.200000005265897
11.175	48.75	7.82173993749472e-09	0.799999994888958	-1.95839577173661e-10	63.613533414718	0.200000006257392
11.325	48.75	9.05224076900313e-09	0.799999994797615	-1.85766758480231e-10	63.5895334140616	0.200000007241793
11.475	48.75	1.01928547733897e-08	0.7999999946879	-1.75734661790253e-10	63.5655334132921	0.200000008154284
11.625	48.75	1.11376386931636e-08	0.799999994557175	-1.65753905534167e-10	63.5415334124233	0.200000008910111
11.775	48.75	1.17529470112073e-08	0.799999994404031	-1.55675230565126e-10	63.5175334114802	0.200000009402358
11.925	48.75	1.18752471637538e-08	0.799999994227413	-1.45655836256074e-10	63.4935334105025	0.200000009500198
12.075	48.75	1.13098333822863e-08	0.799999994027497	-1.35690394514541e-10	63.4695334095465	0.200000009047867
12.225	48.75	9.83079109830943e-09	0.799999993804756	-1.25619909317023e-10	63.4455334086893	0.200000007864633
12.375	48.75	7.18260562977513e-09	0.799999993562966	-1.15587250339129e-10	63.4215334080307	0.200000005746085
12.525	48.75	3.08384346178785e-09	0.799999993306685	-1.05589394615111e-10	63.3975334076965	0.200000002467075
12.675	48.75	-2.76664127410354e-09	0.799999993043781	-9.56298468428758e-11	63.3735334078402	0.199999997786687
12.825	48.75	-1.06805116538364e-08	0.799999992783358	-8.56997355858826e-11	63.3495334086451	0.199999991455591
12.975	48.75	-2.09673061330891e-08	0.799999992539473	-7.5669819226078e-11	63.3255334103239	0.199999983226155
13.125	48.75	-3.39179161025473e-08	0.799999992328766	-6.58238709707076e-11	63.3015334131184	0.199999972865667
13.275	48.75	-4.97837928908208e-08	0.799999992171064	-5.59256224565692e-11	63.2775334172964	0.199999960172966
13.425	48.75	-6.87515579237822e-08	0.799999992090841	-4.61471123591953e-11	63.2535334231466	0.199999944998754
13.575	48.75	-9.09127705009819e-08	0.799999992116316	-3.62495207524931e-11	63.2295334309713	0.199999927269784
13.725	48.75	-1.16228699861901e-07	0.799999992279418	-2.65604173472332e-11	63.2055334410749	0.19999990701704
13.875	48.75	-1.44490042069076e-07	0.799999992616682	-1.68399750824114e-11	63.1815334537504	0.199999884407966
14.025	48.75	-1.75271602450563e-07	0.799999993168215	-7.09796763384388e-12	63.15753346926	0.199999859782718
14.175	48.75	-2.07882008541436e-07	0.799999993978073	2.51039240718785e-12	63.1335334878125	0.199999833694393
14.325	48.75	-2.41308495151434e-07	0.799999995095058	1.20859630339894e-11	63.1095335095347	0.199999806953204
14.475	48.75	-2.74156669151169e-07	0.799999996570482	2.15993021723605e-11	63.085533534438	0.199999780674665
14.625	48.75	-3.04584858578133e-07	0.799999998463335	3.10115273194296e-11	63.0615335623785	0.199999756332113
14.775	48.75	-3.30232101087531e-07	0.800000000836719	4.04549296194422e-11	63.0375335930105	0.199999735814319
14.925	48.75	-3.48137927888445e-07	0.800000003764428	4.97197803642471e-11	63.0135336257329	0.199999721489658
15.075	48.75	-3.54650715669381e-07	0.800000007333019	5.8983862367676e-11	62.9895336596271	0.199999716279428
15.225	48.75	-3.45319332394017e-07	0.800000011649073	6.81814960509655e-11	62.9655336933858	0.199999723744534
15.375	48.75	-3.14759858759436e-07	0.800000016849185	7.72358328745244e-11	62.9415337252295	0.199999748192113
15.525	48.75	-2.56485016884564e-07	0.80000002311392	8.62501706870092e-11	62.9175337528088	0.199999794811986
15.675	48.75	-1.62678174217192e-07	0.80000003068957	9.52275817317314e-11	62.8935337730878	0.199999869857461
15.825	48.75	-2.38858743106593e-08	0.800000039916368	1.0409915204436e-10	62.8695337822016	0.199999980891301
15.975	48.75	1.71407941558493e-07	0.800000051270891	1.12828204673341e-10	62.8455337752789	0.200000137126353
16.125	48.75	4.37377480123314e-07	0.800000065422245	1.21474342831042e-10	62.821533746215	0.200000349901984
16.275	48.75	7.91691619701494e-07	0.800000083310921	1.30151076534954e-10	62.7975336873771	0.200000633353296
16.425	48.75	1.25668924557045e-06	0.800000106254803	1.38622800363294e-10	62.7735335892116	0.200001005351396
16.575	48.75	1.86102705028348e-06	0.80000013609562	1.4691968014236e-10	62.7495334397174	0.20000148882164
16.725	48.75	2.64198154550752e-06	0.800000175394738	1.55196201955812e-10	62.7255332237286	0.200002113585236
16.875	48.75	3.64865146556947e-06	0.800000227700592	1.63516192679118e-10	62.7015329219331	0.200002918921172
17.025	48.75	4.94639294374465e-06	0.800000297904947	1.71565482841604e-10	62.6775325095253	0.200003957114355
17.175	48.75	6.62293523918487e-06	0.800000392726118	1.79546531307123e-10	62.6535319543511	0.200005298348191
17.325	48.75	8.79677984170959e-06	0.800000521358798	1.87332426178952e-10	62.6295312143575	0.200007037423873
17.475	48.75	1.16286953430983e-05	0.800000696350636	1.95153890211283e-10	62.6055302340867	0.200009302956275
17.625	48.75	1.53374051512643e-05	0.800000934788061	2.02761375232282e-10	62.581528939865	0.200012269924121
17.775	48.75	2.02209519084826e-05	0.800001259899817	2.10311606703261e-10	62.5575272332142	0.200016176761527
17.925	48.75	2.66857439685427e-05	0.800001703212565	2.1771679905371e-10	62.5335249818422	0.200021348595175
18.075	48.75	3.52859825859031e-05	0.800002307430618	2.24901386500644e-10	62.5095220073477	0.200028228786069
18.225	48.75	4.67770775404205e-05	0.800003130263538	2.32170302050655e-10	62.4855180684681	0.200037421662032
18.375	48.75	6.21878480268055e-05	0.800004249513534	2.39192138766158e-10	62.4615128382978	0.200049750278421
18.525	48.75	8.29178910843162e-05	0.800005769902918	2.46115936027356e-10	62.4375058733671	0.200066334312867
18.675	48.75	0.000110868697195233	0.800007832403831	2.52916501341453e-10	62.4134965717537	0.200088694957756
18.825	48.75	0.000148620253021039	0.800010627176815	2.59558205995087e-10	62.3894841164246	0.200118896202417
18.975	48.75	0.000199669451531626	0.800014411540865	2.66026204846376e-10	62.3654673986555	0.200159735561225
19.125	48.75	0.000268753038460907	0.800019534423892	2.72322526722096e-10	62.3414449145068	0.200215002430769
19.275	48.75	0.000362286149754298	0.800026468327942	2.78523719365855e-10	62.3174146247467	0.200289828919803
19.425	48.75	0.000488957293980836	0.800035849132152	2.84581182885091e-10	62.293373765165	0.200391165835185
19.575	48.75	0.000660531174330868	0.800048523986703	2.90415001716403e-10	62.2693185897914	0.200528424939465
19.725	48.75	0.00089292218856963	0.800065609827122	2.95961697473541e-10	62.2452440240479	0.200714337750856
19.875	48.75	0.00120761709845051	0.800088571469965	3.01361117102847e-10	62.2211431980813	0.20096609367876
20.025	48.75	0.0016335540835576	0.800119338683823	3.06413923035721e-10	62.1970068216063	0.201306843266846
20.175	48.75	0.00220962174606944	0.800160491051496	3.11189814021219e-10	62.1728223485892	0.201767697396856
20.325	48.75	0.00298804030666531	0.800215536204522	3.1559890714577e-10	62.1485728596581	0.202390432245332
20.475	48.75	0.004039029580602	0.800289274755443	3.19429006533363e-10	62.1242355581106	0.203231223664482
20.625	48.75	0.00545732363033859	0.80038817191701	3.22564732329208e-10	62.0997797290799	0.204365858904271
20.775	48.75	0.00737118392840806	0.800520547631874	3.25027930150048e-10	62.0751639532474	0.205896947142726
20.925	48.75	0.00995447738316085	0.800696290822308	3.26371765134027e-10	62.0503323080152	0.207963581906529
21.075	48.75	0.0134420119347547	0.800925762871139	3.26565889677642e-10	62.0252092526498	0.210753609547804
21.225	48.75	0.0181476175061561	0.801217643613525	3.24972005089855e-10	61.9996929093637	0.214518094004925
21.375	48.75	0.0244834934081222	0.801575709518793	3.21434117642755e-10	61.9736465481125	0.219586794726498
21.525	48.75	0.0329782627969887	0.801994872651422	3.15463287099889e-10	61.9468882771285	0.226382610237591
21.675	48.75	0.0442900719981483	0.802457174774105	3.06743930242211e-10	61.9191792403121	0.235432057598519
21.825	48.75	0.0592098316215591	0.80292878662916	2.95075485789709e-10	61.890211033991	0.247367865297247
21.975	48.75	0.0786480162587942	0.803359399786256	2.8035694880969e-10	61.8595936063319	0.262918413007035
22.125	48.75	0.103596190171605	0.803685582785556	2.63093347131417e-10	61.8268456404512	0.282876952137284
22.275	48.75	0.135052302384654	0.803839327834381	2.43759556453636e-10	61.7913903678914	0.308041841907723
22.425	48.75	0.173898993111733	0.803761743858835	2.23390690412373e-10	61.752560796308	0.339119194489386
22.575	48.75	0.220730584395991	0.803419695378476	2.02897985784189e-10	61.7096190573497	0.376584467516793
22.725	48.75	0.275641526188761	0.802820792159451	1.83294542541351e-10	61.661794182855	0.420513220951009
22.875	48.75	0.3380178556601	0.802020580213716	1.65392958757959e-10	61.6083400302025	0.47041428452808
23.025	48.75	0.406404722690946	0.801116452985733	1.49615313763698e-10	61.5486096016296	0.525123778152756
23.175	48.75	0.478534571554816	0.800226930992187	1.36364477888806e-10	61.4821344406429	0.582827657243853
23.325	48.75	0.551566086032535	0.799461973435947	1.25559915336631e-10	61.4086912853935	0.641252868826028
23.475	48.75	0.622501307259171	0.798895932068894	1.17104749480424e-10	61.3283372554479	0.698001045807337
23.625	48.75	0.688659257261634	0.798554412193566	1.10726485245943e-10	61.2414022265709	0.750927405809307
23.775	48.75	0.748051809652612	0.798418745765	1.06189787048896e-10	61.1484403375041	0.79844144772209
23.925	48.75	0.799557780684114	0.79844257081986	1.03153844350322e-10	61.0501550407938	0.839646224547291
24.075	48.75	0.842886470004483	0.798570851555676	1.01328925716058e-10	60.9473175504721	0.874309176003586
24.225	48.75	0.878398155720961	0.798753963150908	1.00525277823355e-10	60.8406956938326	0.902718524576769
24.375	48.75	0.906872100178597	0.798954493913747	1.0049256256685e-10	60.7310025507375	0.925497680142878
24.525	48.75	0.9292921979544	0.79914819730336	1.01071431055045e-10	60.6188665346355	0.94343375836352
24.675	48.75	0.946685093919927	0.799321773631756	1.02115609681676e-10	60.5048195345561	0.957348075135941
24.825	48.75	0.960016774518481	0.79946969305571	1.03529774704188e-10	60.3892977862154	0.968013419614784
24.975	48.75	0.970138072984657	0.799591293725909	1.05199091616659e-10	60.2726503171201	0.976110458387725
25.125	48.75	0.977764769163737	0.799688597811995	1.07080854014402e-10	60.1551509589429	0.98221181533099
25.275	48.75	0.983479107233262	0.799764852692227	1.09107730295184e-10	60.0370112403132	0.98678328578661
25.425	48.75	0.987742791080614	0.799823641400116	1.11231236345507e-10	59.918392582184	0.990194232864492
25.575	48.75	0.990914817846312	0.799868387314631	1.13410255349686e-10	59.7994170132063	0.99273185427705
25.725	48.75	0.993270126775258	0.799902112208796	1.15658946318948e-10	59.6801761339891	0.994616101420206
25.875	48.75	0.995016874793265	0.799927348590886	1.17893360671267e-10	59.5607383570974	0.996013499834612
26.025	48.75	0.996311339953223	0.799946140841699	1.20159661295493e-10	59.4411546025641	0.997049071962578
26.175	48.75	0.997270176117592	0.799960092964944	1.2241986597137e-10	59.3214626898936	0.997816140894073
26.325	48.75	0.997980145938208	0.799970436270853	1.24685483288159e-10	59.2016906747146	0.998384116750566
26.475	48.75	0.998505654702338	0.799978100715867	1.26915779759831e-10	59.0818593566607	0.998804523761871
26.625	48.75	0.998894473354581	0.799983780751987	1.29137523674809e-10	58.961984150943	0.999115578683665
26.775	48.75	0.999182029806035	0.799987991391117	1.3133041704104e-10	58.8420764792477	0.999345623844828
26.925	48.75	0.999394600868537	0.799991113340343	1.33505522960872e-10	58.7221448014455	0.999515680694829
27.075	48.75	0.999551676930081	0.799993427898311	1.35650948422441e-10	58.6021953805876	0.999641341544065
27.225	48.75	0.999667711986915	0.79999514317654	1.37776292009731e-10	58.4822328503983	0.999734169589532
27.375	48.75	0.999753419908382	0.799996413447181	1.39865236894933e-10	58.3622606365458	0.999802735926706
27.525	48.75	0.999816736207169	0.799997353287644	1.41932633164767e-10	58.2422812695295	0.999853388965735
27.675	48.75	0.999863532816557	0.799998047904253	1.43976356736831e-10	58.1222966170914	0.999890826253245
27.825	48.75	0.999898149900352	0.799998560692942	1.45989018594064e-10	58.0023080567935	0.999918519920281
27.975	48.75	0.999923791678403	0.79999893881098	1.47969135880325e-10	57.8823166040674	0.999939033342722
28.125	48.75	0.999942820941189	0.79999921730912	1.49913774035047e-10	57.7623230071285	0.999954256752951
28.275	48.75	0.999956977997247	0.799999422211048	1.51838851061518e-10	57.6423278172433	0.999965582397797
28.425	48.75	0.999967543256181	0.799999572814851	1.53729245602401e-10	57.5223314406838	0.999974034604945
28.575	48.75	0.999975457806387	0.799999683414035	1.55593514785833e-10	57.4023341770903	0.99998036624511
28.725	48.75	0.999981412729315	0.799999764582725	1.57453914926407e-10	57.2823362477589	0.999985130183452
28.875	48.75	0.999985915177279	0.799999824134337	1.59254467720105e-10	57.1623378164704	0.999988732141823
29.025	48.75	0.999989337202044	0.799999867835396	1.61039702398567e-10	57.042339004804	0.999991469761635
29.175	48.75	0.999991951791241	0.799999899935094	1.62784749084583e-10	56.9223399033767	0.999993561432992
29.325	48.75	0.99999395942535	0.799999923559703	1.64511275379733e-10	56.8023405800793	0.99999516754028
29.475	48.75	0.999995507614832	0.79999994100398	1.66207375660078e-10	56.682341086099	0.999996406091865
29.625	48.75	0.999996705242583	0.799999953948423	1.67870654417625e-10	56.562341460316	0.999997364194066
29.775	48.75	0.999997633066275	0.799999963619767	1.69535824990852e-10	56.4423417325079	0.99999810645302
29.925	48.75	0.999998351385702	0.799999970910637	1.71146326882849e-10	56.3223419256814	0.999998681108562
30.075	48.75	0.999998905621078	0.799999976467791	1.72738773411669e-10	56.2023420577687	0.999999124496862
30.225	48.75	0.999999330356127	0.799999980758334	1.74315428060977e-10	56.0823421428618	0.999999464284901
30.375	48.75	0.9999996522564	0.799999984117792	1.75842000341073e-10	55.9623421921128	0.99999972180512
30.525	48.75	0.999999892167024	0.799999986786518	1.7734929162334e-10	55.8423422143932	0.99999991373362
30.675	48.75	1.00000006661485	0.799999988936144	1.78849362425435e-10	55.7223422167808	1.00000005329188
30.825	48.75	1.00000018888086	0.799999990688947	1.80290748264589e-10	55.6023422049223	1.00000015110469
30.975	48.75	1.00000026976472	0.79999999213228	1.81725390619367e-10	55.482342183309	1.00000021581178
31.125	48.75	1.00000031813067	0.799999993328855	1.83152086328369e-10	55.3623421554878	1.00000025450453
31.275	48.75	1.00000034129956	0.799999994324328	1.84515817019542e-10	55.2423421242292	1.00000027303965
31.425	48.75	1.00000034533378	0.799999995152331	1.85896272491334e-10	55.1223420916611	1.00000027626702
31.575	48.75	1.00000033524838	0.79999999583877	1.87231126831926e-10	55.0023420593795	1.0000002681987
31.725	48.75	1.00000031517199	0.799999996403847	1.88535973863779e-10	54.8823420285417	1.00000025213759
31.875	48.75	1.00000028847381	0.799999996864292	1.89828038742946e-10	54.7623419999453	1.00000023077905
32.025	48.75	1.00000025786781	0.79999999723422	1.91120243704332e-10	54.6423419740955	1.00000020629425
32.175	48.75	1.00000022550141	0.799999997526192	1.92360104327737e-10	54.5223419512644	1.00000018040113
32.325	48.75	1.00000019303329	0.799999997751257	1.9356962041055e-10	54.4023419315414	1.00000015442663
32.475	48.75	1.00000016170331	0.799999997919722	1.94761045953427e-10	54.2823419148767	1.00000012936265
32.625	48.75	1.00000013239613	0.799999998040756	1.95937185592524e-10	54.1623419011185	1.0000001059169
32.775	48.75	1.00000010569925	0.799999998122893	1.97103982613579e-10	54.0423418900444	1.0000000845594
32.925	48.75	1.00000008195596	0.79999999817378	1.98239203310993e-10	53.9223418813873	1.00000006556477
33.075	48.75	1.00000006131329	0.799999998200313	1.99342833304591e-10	53.8023418748567	1.00000004905063
33.225	48.75	1.00000004376484	0.799999998208531	2.00437244625582e-10	53.6823418701551	1.00000003501187
33.375	48.75	1.00000002918872	0.799999998203586	2.01504343737397e-10	53.5623418669913	1.00000002335098
33.525	48.75	1.00000001738037	0.799999998190118	2.0255198441537e-10	53.4423418650898	1.0000000139043
33.675	48.75	1.00000000808049	0.799999998171692	2.03586577505267e-10	53.3223418641973	1.0000000064644
33.825	48.75	1.00000000099839	0.799999998151462	2.04596877045383e-10	53.2023418640868	1.00000000079872
33.975	48.75	0.999999995830776	0.799999998131706	2.05585698104739e-10	53.0823418645602	0.999999996664621
34.125	48.75	0.999999992276632	0.799999998114248	2.06538884348154e-10	52.9623418654478	0.999999993821306
34.275	48.75	0.999999990048361	0.79999999810031	2.07495265064206e-10	52.8423418666088	0.999999992038689
34.425	48.75	0.999999988879747	0.799999998090775	2.08429208265371e-10	52.7223418679285	0.999999991103797
34.575	48.75	0.999999988531108	0.79999999808607	2.09344803508621e-10	52.6023418693167	0.999999990824886
34.725	48.75	0.999999988792212	0.799999998086414	2.10229175455107e-10	52.4823418707047	0.99999999103377
34.875	48.75	0.999999989483274	0.799999998091589	2.11111478308776e-10	52.3623418720426	0.999999991586619
35.025	48.75	0.999999990454475	0.799999998101466	2.11965450219364e-10	52.2423418732964	0.99999999236358
35.175	48.75	0.999999991584429	0.799999998115632	2.12799863678702e-10	52.122341874445	0.999999993267543
35.325	48.75	0.999999992777806	0.799999998133663	2.13633182229656e-10	52.0023418754775	0.999999994222245
35.475	48.75	0.999999993962562	0.799999998155041	2.14434346424502e-10	51.8823418763915	0.99999999517005
35.625	48.75	0.999999995086844	0.79999999817922	2.15219359711202e-10	51.7623418771902	0.999999996069475
35.775	48.75	0.99999999611585	0.79999999820577	2.15996103873836e-10	51.6423418778811	0.99999999689268
35.925	48.75	0.999999997028781	0.799999998234193	2.16742470705762e-10	51.5223418784743	0.999999997623025
36.075	48.75	0.999999997815958	0.799999998264109	2.17485369058916e-10	51.4023418789813	0.999999998252766
36.225	48.75	0.999999998476255	0.799999998295109	2.18207821388766e-10	51.2823418794144	0.999999998781004
36.375	48.75	0.9999999990148	0.799999998326862	2.18915206700438e-10	51.1623418797854	0.99999999921184
36.525	48.75	0.999999999440986	0.799999998359227	2.19602854137461e-10	51.0423418801055	0.999999999552789
36.675	48.75	0.999999999766858	0.799999998391815	2.20272252975142e-10	50.922341880385	0.999999999813486
36.825	48.75	1.00000000000587	0.799999998424631	2.20938215914932e-10	50.8023418806327	1.00000000000469
36.975	48.75	1.00000000017187	0.799999998457456	2.21577858051695e-10	50.6823418808565	1.0000000001375
37.125	48.75	1.00000000027844	0.799999998490217	2.22209902039172e-10	50.5623418810625	1.00000000022275
37.275	48.75	1.00000000033823	0.799999998522819	2.22819905336771e-10	50.442341881256	1.00000000027058
37.425	48.75	1.00000000036236	0.799999998555171	2.23424979433635e-10	50.3223418814407	1.00000000028989
37.575	48.75	1.00000000035967	0.799999998587141	2.24011658467039e-10	50.2023418816198	1.00000000028773
37.725	48.75	1.0000000003362	0.799999998618863	2.24581802465402e-10	50.0823418817956	1.00000000026896
37.875	48.75	1.00000000029605	0.799999998650977	2.25135815842302e-10	49.9623418819696	1.00000000023684
38.025	48.75	1.00000000024506	0.799999998684459	2.25692639127581e-10	49.8423418821434	1.00000000019604
38.175	48.75	1.0000000001971	0.799999998720002	2.26226344600944e-10	49.7223418823173	1.00000000015768
38.325	48.75	1.00000000017858	0.79999999875603	2.26740511798242e-10	49.6023418824896	1.00000000014286
38.475	48.75	1.00000000021874	0.799999998786435	2.27247473618518e-10	49.4823418826562	1.000000000175
38.625	48.75	1.00000000031093	0.799999998800602	2.27729451730411e-10	49.3623418828117	1.00000000024874
38.775	48.75	1.00000000034656	0.799999998791989	2.28227324266118e-10	49.2423418829563	1.00000000027725
38.925	48.75	1.00000000007441	0.799999998778553	2.28685122989918e-10	49.1223418831076	1.00000000005953
39.075	48.75	0.999999999212572	0.799999998826477	2.29151786670556e-10	49.0023418833085	0.999999999370058
39.225	48.75	0.999999997862138	0.799999999044579	2.29577187300005e-10	48.8823418836108	0.99999999828971
39.375	48.75	0.999999997187712	0.799999999494298	2.30016916225113e-10	48.7623418840056	0.99999999775017
39.525	48.75	0.99999999980082	0.799999999982055	2.30425437989649e-10	48.6423418843025	0.999999999840656
39.675	48.75	1.00000000855045	0.799999999829214	2.30841361749336e-10	48.5223418840493	1.00000000684036
39.825	48.75	1.00000002228166	0.799999997953178	2.31238986438418e-10	48.4023418827121	1.00000001782532
39.975	48.75	1.0000000290692	0.799999993790375	2.31629229598729e-10	48.2823418803852	1.00000002325536
40.125	48.75	1.0000000026949	0.799999989325437	2.31996845885293e-10	48.1623418789937	1.00000000215592
40.275	48.75	0.999999915052147	0.799999991235191	2.32358070120421e-10	48.0423418830702	0.999999932041718
40.425	48.75	0.999999777875745	0.800000009905017	2.32703355133472e-10	47.9223418979332	0.999999822300596
40.575	48.75	0.999999707650487	0.800000050440008	2.33051883599405e-10	47.8023419227466	0.999999766120389
40.725	48.75	0.999999957518323	0.800000093651642	2.33375179574697e-10	47.6823419389323	0.999999966014658
40.875	48.75	1.00000079734997	0.800000076854676	2.33694295654662e-10	47.5623419028076	1.00000063787997
41.025	48.75	1.00000212196236	0.799999904334837	2.33984864703126e-10	47.4423417627847	1.00000169756989
41.175	48.75	1.00000285290304	0.799999530201843	2.34289289620381e-10	47.3223415240904	1.00000228232243
41.325	48.75	1.00000065163145	0.799999127947418	2.34565167626799e-10	47.2023413559671	1.00000052130516
41.475	48.75	0.999993003858491	0.799999255502087	2.34832252043566e-10	47.0823416605931	0.999994403086793
41.625	48.75	0.999980706638307	0.800000756107128	2.35100466145423e-10	46.9623429225744	0.999984565310645
41.775	48.75	0.999973138464651	0.80000404073254	2.35342844704305e-10	46.8423451380899	0.999978510771721
41.925	48.75	0.999990827521453	0.800007657648853	2.35573150432837e-10	46.7223468677955	0.999992662017162
42.075	48.75	1.00005637953702	0.800006936270194	2.35781742645468e-10	46.602344601928	1.00004510362962
42.225	48.75	1.00016528886176	0.799994824146171	2.35970022749765e-10	46.4823339619495	1.00013223108941
42.375	48.75	1.00024184955274	0.799967674219296	2.36153921042036e-10	46.3623144194281	1.0001934796422
42.525	48.75	1.00011633628415	0.799936550498189	2.36341613546433e-10	46.2422972264459	1.00009306902732
42.675	48.75	0.999594226904656	0.799937860697793	2.36622323313134e-10	46.1223111194836	0.999675381523725
42.825	48.75	0.998683926304056	0.800027372492044	2.36936616209882e-10	46.0023937706194	0.998947141043245
42.975	48.75	0.997944673226912	0.800237006875804	2.37215355861063e-10	45.8825556025315	0.998355738581529
43.125	48.75	0.99868425898122	0.800490005515252	2.3718011131236e-10	45.7627174082075	0.998947407184976
43.275	48.75	1.00248296175576	0.800522975192476	2.3653524299383e-10	45.6426613778854	1.00198636940461
43.425	48.75	1.00955927622321	0.799934825625324	2.35255062918443e-10	45.5220834753461	1.00764742097857
43.575	48.75	1.01623380734629	0.798479881666038	2.34059631751426e-10	45.4008456986877	1.01298704587703
43.725	48.75	1.01328677096869	0.796573391895438	2.34645851315676e-10	45.2794285423898	1.01062941677495
43.875	48.75	0.988680897765986	0.795833250694913	2.39363585496101e-10	45.1593335479468	0.990944718212788
44.025	48.75	0.938367896732245	0.799351007375635	2.49525311737253e-10	45.0428405154835	0.950694317385796
44.175	48.75	0.884673133612826	0.810192428773492	2.61231899070238e-10	44.9313520098543	0.90773850689026
44.325	48.75	0.889127901662709	0.824441952964774	2.598761033417e-10	44.822207655807	0.911302321330167
44.475	48.75	1.03257195113932	0.826489829228122	2.30288513387963e-10	44.7059572501927	1.02605756091146
44.625	48.75	1.34924434130424	0.808622133195558	1.8411732854547e-10	44.5677998143182	1.2793954730434
44.775	48.75	1.76408811728296	0.709537047698961	1.45831282713583e-10	44.3955930012088	1.61127049382637
44.925	48.75	2.11154506534443	0.834636814384852	1.24236210978183e-10	44.224822981548	1.88923605227554
0.075	49.25	3.47473593020593e-16	0.399999999954123	-3.54957482793357e-10	65.389533410679	0.2
0.225	49.25	1.09796498874878e-15	0.799999999863026	-3.54821897232787e-10	65.3655334106818	0.200000000000001
0.375	49.25	2.54818929019161e-15	0.799999999771433	-3.54656887568934e-10	65.3415334106872	0.200000000000002
0.525	49.25	4.61626581732027e-15	0.799999999680588	-3.5433029977459e-10	65.3175334106955	0.200000000000004
0.675	49.25	7.14881698515646e-15	0.799999999588815	-3.539405418328e-10	65.2935334107064	0.200000000000006
0.825	49.25	9.93588427478615e-15	0.799999999498035	-3.53390768510502e-10	65.2695334107201	0.200000000000008
0.975	49.25	1.27379704113948e-14	0.799999999406964	-3.52770947537546e-10	65.2455334107365	0.20000000000001
1.125	49.25	1.52997074243442e-14	0.799999999316666	-3.51977569060891e-10	65.2215334107557	0.200000000000012
1.275	49.25	1.73403388650226e-14	0.799999999225757	-3.51090857590896e-10	65.1975334107776	0.200000000000014
1.425	49.25	1.85241247535178e-14	0.799999999135598	-3.50154042984678e-10	65.1735334108021	0.200000000000015
1.575	49.25	1.84215048854062e-14	0.799999999045706	-3.48994416821082e-10	65.1495334108294	0.200000000000015
1.725	49.25	1.6473868477933e-14	0.799999998955808	-3.47816747018411e-10	65.1255334108594	0.200000000000013
1.875	49.25	1.19727217988755e-14	0.799999998866326	-3.46475457318482e-10	65.1015334108921	0.20000000000001
2.025	49.25	4.06047190368436e-15	0.799999998777601	-3.45160420747546e-10	65.0775334109274	0.200000000000003
2.175	49.25	-8.24291942470064e-15	0.799999998688898	-3.43551694537652e-10	65.0535334109654	0.199999999999993
2.325	49.25	-2.59845090663768e-14	0.799999998600472	-3.41935878494942e-10	65.0295334110061	0.199999999999979
2.475	49.25	-5.01910920050879e-14	0.799999998512618	-3.4022072300592e-10	65.0055334110494	0.19999999999996
2.625	49.25	-8.1746021550837e-14	0.799999998425256	-3.38366404061693e-10	64.9815334110953	0.199999999999935
2.775	49.25	-1.21225242576688e-13	0.799999998338748	-3.36520650192021e-10	64.9575334111439	0.199999999999903
2.925	49.25	-1.6868769293996e-13	0.799999998251892	-3.34346819399156e-10	64.933533411195	0.199999999999865
3.075	49.25	-2.2341664905693e-13	0.799999998166242	-3.32277073004366e-10	64.9095334112488	0.199999999999821
3.225	49.25	-2.83611671836542e-13	0.799999998080975	-3.29945845295684e-10	64.8855334113051	0.199999999999773
3.375	49.25	-3.46035689981972e-13	0.79999999799621	-3.2772434435697e-10	64.861533411364	0.199999999999723
3.525	49.25	-4.05628544990349e-13	0.799999997912294	-3.25347392655516e-10	64.8375334114254	0.199999999999676
3.675	49.25	-4.55107087319715e-13	0.799999997828888	-3.22810962924719e-10	64.8135334114893	0.199999999999636
3.825	49.25	-4.84582706296305e-13	0.799999997746088	-3.20138568821982e-10	64.7895334115558	0.199999999999612
3.975	49.25	-4.81239936013964e-13	0.799999997664295	-3.1741093515031e-10	64.7655334116246	0.199999999999615
4.125	49.25	-4.29134299754299e-13	0.799999997582697	-3.1461738653361e-10	64.741533411696	0.199999999999657
4.275	49.25	-3.09183364412099e-13	0.799999997501963	-3.11766617686395e-10	64.7175334117698	0.199999999999753
4.425	49.25	-9.94413061264349e-14	0.799999997422268	-3.08716344684204e-10	64.6935334118459	0.19999999999992
4.575	49.25	2.24237046341154e-13	0.799999997343274	-3.05649878184311e-10	64.6695334119245	0.200000000000179
4.725	49.25	6.87023333582972e-13	0.799999997264685	-3.02459415397451e-10	64.6455334120053	0.20000000000055
4.875	49.25	1.31330562110323e-12	0.799999997187519	-2.99231631162702e-10	64.6215334120884	0.200000000001051
5.025	49.25	2.12411093439272e-12	0.799999997110965	-2.95875075178198e-10	64.5975334121738	0.200000000001699
5.175	49.25	3.13363844035952e-12	0.799999997035136	-2.92363332385139e-10	64.5735334122614	0.200000000002507
5.325	49.25	4.34480353842308e-12	0.799999996960358	-2.88912836867673e-10	64.5495334123511	0.200000000003476
5.475	49.25	5.74373323140333e-12	0.799999996886286	-2.8532615530734e-10	64.5255334124429	0.200000000004595
5.625	49.25	7.29321536095103e-12	0.79999999681349	-2.81646732367818e-10	64.5015334125368	0.200000000005835
5.775	49.25	8.92519278294763e-12	0.799999996741388	-2.7785455849668e-10	64.4775334126327	0.20000000000714
5.925	49.25	1.05325120474578e-11	0.799999996669991	-2.74038553435867e-10	64.4535334127306	0.200000000008426
6.075	49.25	1.19602875212974e-11	0.799999996600015	-2.70136508990933e-10	64.4295334128305	0.200000000009568
6.225	49.25	1.29974275757984e-11	0.799999996530541	-2.66062968424729e-10	64.4055334129323	0.200000000010398
6.375	49.25	1.33690888238e-11	0.799999996462357	-2.62087134691048e-10	64.3815334130362	0.200000000010695
6.525	49.25	1.27310739226915e-11	0.799999996394949	-2.57939560668721e-10	64.357533413142	0.200000000010185
6.675	49.25	1.06674610284727e-11	0.799999996328819	-2.53710766116307e-10	64.33353341325	0.200000000008534
6.825	49.25	6.6930369215144e-12	0.799999996263785	-2.49528856581952e-10	64.3095334133602	0.200000000005354
6.975	49.25	2.62384165013871e-13	0.799999996199423	-2.45167664973233e-10	64.2855334134729	0.20000000000021
7.125	49.25	-9.21227763889109e-12	0.799999996136491	-2.40810452442975e-10	64.2615334135882	0.19999999999263
7.275	49.25	-2.23322049725916e-11	0.799999996074654	-2.36368016568196e-10	64.2375334137065	0.199999999982134
7.425	49.25	-3.96698096751827e-11	0.799999996013884	-2.31815713701237e-10	64.213533413828	0.199999999968264
7.575	49.25	-6.17105573849335e-11	0.799999995954574	-2.27280275562729e-10	64.1895334139533	0.199999999950632
7.725	49.25	-8.87769667142968e-11	0.799999995896681	-2.22673192488148e-10	64.1655334140826	0.199999999928978
7.875	49.25	-1.20933060635012e-10	0.799999995839924	-2.18018079233482e-10	64.1415334142165	0.199999999903254
8.025	49.25	-1.57868389662921e-10	0.799999995785248	-2.132988385993e-10	64.1175334143554	0.199999999873705
8.175	49.25	-1.98761869281018e-10	0.79999999573234	-2.08517036826819e-10	64.0935334144997	0.199999999840991
8.325	49.25	-2.42127203973432e-10	0.799999995681117	-2.03605483927718e-10	64.0695334146497	0.199999999806298
8.475	49.25	-2.85643650419799e-10	0.799999995631861	-1.98785173908554e-10	64.0455334148053	0.199999999771485
8.625	49.25	-3.25978330789133e-10	0.799999995585138	-1.93910359679002e-10	64.0215334149666	0.199999999739217
8.775	49.25	-3.58609249541086e-10	0.799999995540383	-1.8883287709897e-10	63.9975334151328	0.199999999713113
8.925	49.25	-3.77661569670165e-10	0.799999995498183	-1.8389327173968e-10	63.973533415303	0.199999999697871
9.075	49.25	-3.75773504868099e-10	0.799999995458935	-1.78806787552689e-10	63.9495334154754	0.199999999699381
9.225	49.25	-3.440122740451e-10	0.799999995421861	-1.73802740531852e-10	63.9255334156476	0.19999999972479
9.375	49.25	-2.71864781099276e-10	0.799999995387268	-1.68694943299974e-10	63.9015334158162	0.199999999782508
9.525	49.25	-1.47331801207646e-10	0.799999995355246	-1.63483197555472e-10	63.8775334159766	0.199999999882135
9.675	49.25	4.28418159119456e-11	0.799999995325097	-1.58383919966725e-10	63.8535334161232	0.200000000034273
9.825	49.25	3.12765436120558e-10	0.799999995296463	-1.53113897350098e-10	63.8295334162489	0.200000000250212
9.975	49.25	6.76792134721631e-10	0.799999995268777	-1.47876651389496e-10	63.8055334163453	0.200000000541434
10.125	49.25	1.14866197649146e-09	0.799999995240948	-1.42656877765562e-10	63.7815334164028	0.20000000091893
10.275	49.25	1.74036375385336e-09	0.799999995211915	-1.37414705517258e-10	63.7575334164103	0.200000001392291
10.425	49.25	2.46068474381436e-09	0.799999995180297	-1.32101736148335e-10	63.7335334163559	0.200000001968548
10.575	49.25	3.31342632570074e-09	0.799999995144233	-1.26802964257569e-10	63.709533416227	0.200000002650741
10.725	49.25	4.29527555096545e-09	0.799999995102053	-1.21414080941262e-10	63.6855334160111	0.20000000343622
10.875	49.25	5.39333949125364e-09	0.799999995051345	-1.16113310190669e-10	63.6615334156962	0.200000004314672
11.025	49.25	6.58237082693612e-09	0.799999994989546	-1.10748745110155e-10	63.6375334152725	0.200000005265897
11.175	49.25	7.8217399373784e-09	0.799999994914508	-1.0537903547479e-10	63.613533414733	0.200000006257392
11.325	49.25	9.05224076889881e-09	0.799999994823328	-1.0001368457615e-10	63.5895334140758	0.200000007241793
11.475	49.25	1.01928547733165e-08	0.799999994713489	-9.46634418438275e-11	63.5655334133056	0.200000008154284
11.625	49.25	1.11376386931288e-08	0.799999994582913	-8.92270475348017e-11	63.541533412436	0.200000008910111
11.775	49.25	1.17529470112384e-08	0.799999994429827	-8.38673621166957e-11	63.5175334114922	0.200000009402358
11.925	49.25	1.1875247163865e-08	0.799999994253123	-7.84317885209992e-11	63.4935334105137	0.200000009500198
12.075	49.25	1.13098333825127e-08	0.799999994052895	-7.29718248558006e-11	63.469533409557	0.200000009047867
12.225	49.25	9.83079109867152e-09	0.799999993830594	-6.76305027780431e-11	63.445533408699	0.200000007864633
12.375	49.25	7.18260563031357e-09	0.799999993588557	-6.23305393123951e-11	63.4215334080396	0.200000005746085
12.525	49.25	3.0838434625313e-09	0.79999999333245	-5.69110677683842e-11	63.3975334077046	0.200000002467075
12.675	49.25	-2.76664127311483e-09	0.799999993068909	-5.1521213782188e-11	63.3735334078476	0.199999997786687
12.825	49.25	-1.06805116525665e-08	0.799999992808917	-4.62024557745951e-11	63.3495334086517	0.199999991455591
12.975	49.25	-2.09673061315075e-08	0.799999992565102	-4.08765681295014e-11	63.3255334103297	0.199999983226155
13.125	49.25	-3.39179161006163e-08	0.799999992354081	-3.55375240441633e-11	63.3015334131235	0.199999972865667
13.275	49.25	-4.97837928885309e-08	0.79999999219619	-3.02286158895983e-11	63.2775334173007	0.199999960172966
13.425	49.25	-6.87515579210964e-08	0.799999992115966	-2.4844167753935e-11	63.2535334231502	0.199999944998754
13.575	49.25	-9.0912770497935e-08	0.799999992141345	-1.96369919921696e-11	63.2295334309741	0.199999927269784
13.725	49.25	-1.16228699858473e-07	0.799999992304347	-1.43451733886381e-11	63.205533441077	0.19999990701704
13.875	49.25	-1.44490042065357e-07	0.799999992641587	-9.17734422693581e-12	63.1815334537517	0.199999884407966
14.025	49.25	-1.75271602446589e-07	0.799999993192909	-4.00900680949305e-12	63.1575334692606	0.199999859782718
14.175	49.25	-2.07882008537361e-07	0.799999994002652	1.1272882011254e-12	63.1335334878123	0.199999833694393
14.325	49.25	-2.41308495147365e-07	0.799999995119313	6.27756069506775e-12	63.1095335095338	0.199999806953204
14.475	49.25	-2.74156669147352e-07	0.799999996594941	1.14061562035757e-11	63.0855335344364	0.199999780674665
14.625	49.25	-3.045848585748e-07	0.799999998487197	1.65495185444878e-11	63.0615335623761	0.199999756332113
14.775	49.25	-3.3023210108506e-07	0.80000000086068	2.15696448099148e-11	63.0375335930074	0.199999735814319
14.925	49.25	-3.48137927887244e-07	0.800000003788245	2.65432958124576e-11	63.0135336257291	0.199999721489658
15.075	49.25	-3.54650715669931e-07	0.80000000735654	3.1527392093547e-11	62.9895336596226	0.199999716279427
15.225	49.25	-3.4531933239697e-07	0.800000011672577	3.63981007104396e-11	62.9655336933806	0.199999723744534
15.375	49.25	-3.14759858765441e-07	0.800000016872365	4.13809912964318e-11	62.9415337252236	0.199999748192113
15.525	49.25	-2.56485016894601e-07	0.800000023136911	4.61856904957183e-11	62.9175337528022	0.199999794811987
15.675	49.25	-1.62678174232197e-07	0.800000030712366	5.09934021876565e-11	62.8935337730805	0.199999869857461
15.825	49.25	-2.38858743319784e-08	0.800000039938916	5.56860775515846e-11	62.8695337821936	0.199999980891301
15.975	49.25	1.71407941529447e-07	0.800000051293102	6.04882854091288e-11	62.8455337752702	0.200000137126353
16.125	49.25	4.37377480084614e-07	0.800000065444442	6.51300790282466e-11	62.8215337462057	0.200000349901984
16.275	49.25	7.91691619650934e-07	0.800000083332813	6.97468749958374e-11	62.7975336873671	0.200000633353296
16.425	49.25	1.25668924550503e-06	0.80000010627645	7.42734317788952e-11	62.7735335892009	0.200001005351396
16.575	49.25	1.86102705019956e-06	0.800000136116907	7.88642033556372e-11	62.7495334397061	0.20000148882164
16.725	49.25	2.64198154540038e-06	0.800000175415818	8.32750568822074e-11	62.7255332237167	0.200002113585236
16.875	49.25	3.64865146543301e-06	0.800000227721437	8.76078301306361e-11	62.7015329219206	0.200002918921172
17.025	49.25	4.94639294357096e-06	0.800000297925472	9.20144369944732e-11	62.6775325095121	0.200003957114355
17.175	49.25	6.62293523896317e-06	0.800000392746503	9.63242401443774e-11	62.6535319543373	0.200005298348191
17.325	49.25	8.79677984142567e-06	0.800000521378914	1.00551481357186e-10	62.6295312143431	0.200007037423873
17.475	49.25	1.16286953427331e-05	0.80000069637024	1.04652260026501e-10	62.6055302340717	0.200009302956274
17.625	49.25	1.53374051507901e-05	0.800000934807472	1.08798962181993e-10	62.5815289398495	0.200012269924121
17.775	49.25	2.02209519078666e-05	0.80000125991895	1.1282043209703e-10	62.5575272331981	0.200016176761526
17.925	49.25	2.66857439677354e-05	0.800001703231412	1.1677749341749e-10	62.5335249818255	0.200021348595174
18.075	49.25	3.52859825848437e-05	0.800002307449193	1.2077606492116e-10	62.5095220073304	0.200028228786068
18.225	49.25	4.67770775390202e-05	0.800003130281851	1.24589763308051e-10	62.4855180684503	0.200037421662031
18.375	49.25	6.21878480249505e-05	0.800004249531399	1.28368211070506e-10	62.4615128382795	0.20004975027842
18.525	49.25	8.29178910818517e-05	0.800005769920491	1.32119569888135e-10	62.4375058733482	0.200066334312865
18.675	49.25	0.000110868697191951	0.800007832421083	1.35746361505132e-10	62.4134965717343	0.200088694957754
18.825	49.25	0.000148620253016661	0.800010627193709	1.39294952359895e-10	62.3894841164046	0.200118896202413
18.975	49.25	0.000199669451525794	0.800014411557622	1.42788137589478e-10	62.3654673986351	0.200159735561221
19.125	49.25	0.000268753038453118	0.800019534440125	1.46249552410572e-10	62.3414449144859	0.200215002430763
19.275	49.25	0.000362286149743893	0.800026468343916	1.49615627763982e-10	62.3174146247253	0.200289828919795
19.425	49.25	0.000488957293966956	0.800035849147748	1.52808274543008e-10	62.2933737651431	0.200391165835174
19.575	49.25	0.000660531174312347	0.800048524002198	1.55963301440283e-10	62.2693185897691	0.20052842493945
19.725	49.25	0.000892922188544958	0.800065609842091	1.58974631560786e-10	62.2452440240251	0.200714337750836
19.875	49.25	0.00120761709841756	0.800088571484845	1.61931484108782e-10	62.2211431980581	0.200966093678734
20.025	49.25	0.00163355408351373	0.800119338698185	1.64721737009899e-10	62.1970068215827	0.201306843266811
20.175	49.25	0.00220962174601124	0.800160491065721	1.67374884998198e-10	62.1728223485651	0.201767697396809
20.325	49.25	0.00298804030658819	0.800215536218153	1.69809050372068e-10	62.1485728596336	0.202390432245271
20.475	49.25	0.00403902958049966	0.800289274768897	1.71859336124209e-10	62.1242355580857	0.2032312236644
20.625	49.25	0.00545732363020273	0.800388171930385	1.73778592397319e-10	62.0997797290546	0.204365858904162
20.775	49.25	0.00737118392822768	0.800520547644728	1.75103603160313e-10	62.0751639532217	0.205896947142582
20.925	49.25	0.00995447738292152	0.800696290834892	1.76015709911698e-10	62.0503323079891	0.207963581906337
21.075	49.25	0.0134420119344363	0.800925762883785	1.76285660862183e-10	62.0252092526234	0.210753609547549
21.225	49.25	0.018147617505734	0.801217643625428	1.7559509814639e-10	61.9996929093369	0.214518094004587
21.375	49.25	0.0244834934075647	0.801575709530615	1.73829553203042e-10	61.9736465480854	0.219586794726052
21.525	49.25	0.0329782627962585	0.801994872663008	1.7074295970065e-10	61.946888277101	0.226382610237007
21.675	49.25	0.0442900719972031	0.802457174785369	1.66119063162345e-10	61.9191792402843	0.235432057597762
21.825	49.25	0.0592098316203473	0.802928786640173	1.59911275868531e-10	61.8902110339629	0.247367865296278
21.975	49.25	0.0786480162572617	0.803359399797011	1.52007367146004e-10	61.8595936063035	0.262918413005809
22.125	49.25	0.103596190169694	0.803685582796131	1.42564997736264e-10	61.8268456404225	0.282876952135755
22.275	49.25	0.135052302382307	0.803839327844687	1.32088173612876e-10	61.7913903678624	0.308041841905846
22.425	49.25	0.173898993108903	0.803761743868942	1.20885465078244e-10	61.7525607962788	0.339119194487122
22.575	49.25	0.220730584392648	0.803419695388541	1.09687015907985e-10	61.7096190573203	0.376584467514118
22.725	49.25	0.275641526184916	0.802820792169335	9.89146137709383e-11	61.6617941828254	0.420513220947933
22.875	49.25	0.33801785565578	0.802020580223354	8.90189141079231e-11	61.6083400301726	0.470414284524624
23.025	49.25	0.406404722686241	0.801116452995272	8.04187797100651e-11	61.5486096015994	0.525123778148993
23.175	49.25	0.478534571549847	0.800226931001785	7.31408044639214e-11	61.4821344406123	0.582827657239878
23.325	49.25	0.551566086027459	0.79946197344539	6.72457280483617e-11	61.4086912853626	0.641252868821968
23.475	49.25	0.622501307254125	0.798895932078251	6.26227984694369e-11	61.3283372554166	0.6980010458033
23.625	49.25	0.68865925725674	0.79855441220292	5.92272012563126e-11	61.2414022265391	0.750927405805392
23.775	49.25	0.748051809647955	0.798418745774239	5.67846793640038e-11	61.1484403374716	0.798441447718364
23.925	49.25	0.79955778067972	0.798442570829084	5.51885647247801e-11	61.0501550407606	0.839646224543776
24.075	49.25	0.842886470000347	0.798570851564809	5.42860392463515e-11	60.9473175504381	0.874309176000278
24.225	49.25	0.87839815571706	0.798753963160075	5.38960457027577e-11	60.8406956937978	0.902718524573648
24.375	49.25	0.906872100174891	0.798954493922774	5.39517851354564e-11	60.7310025507018	0.925497680139913
24.525	49.25	0.929292197950827	0.799148197312319	5.43341540112571e-11	60.6188665345989	0.943433758360662
24.675	49.25	0.946685093916445	0.799321773640678	5.49539420213107e-11	60.5048195345185	0.957348075133156
24.825	49.25	0.960016774515055	0.799469693064604	5.57721255576159e-11	60.3892977861768	0.968013419612044
24.975	49.25	0.970138072981244	0.799591293734723	5.67283659669284e-11	60.2726503170806	0.976110458384995
25.125	49.25	0.977764769160315	0.799688597820746	5.77710398536138e-11	60.1551509589024	0.982211815328252
25.275	49.25	0.983479107229822	0.799764852700976	5.88804830263448e-11	60.0370112402718	0.986783285783857
25.425	49.25	0.987742791077144	0.799823641408775	6.00401905109138e-11	59.9183925821416	0.990194232861715
25.575	49.25	0.99091481784279	0.799868387323241	6.12360725325611e-11	59.799417013163	0.992731854274232
25.725	49.25	0.993270126771679	0.799902112217365	6.2443557589903e-11	59.6801761339448	0.994616101417343
25.875	49.25	0.995016874789622	0.799927348599394	6.3671605354773e-11	59.5607383570522	0.996013499831698
26.025	49.25	0.996311339949509	0.799946140850142	6.48809686129641e-11	59.441154602518	0.997049071959607
26.175	49.25	0.997270176113812	0.79996009297343	6.61077443206466e-11	59.3214626898465	0.997816140891049
26.325	49.25	0.997980145934367	0.799970436279186	6.73319365026589e-11	59.2016906746667	0.998384116747494
26.475	49.25	0.998505654698432	0.799978100724206	6.85186812108395e-11	59.0818593566119	0.998804523758745
26.625	49.25	0.998894473350604	0.79998378076028	6.97187792273625e-11	58.9619841508933	0.999115578680483
26.775	49.25	0.999182029802002	0.799987991399356	7.09026311401465e-11	58.8420764791972	0.999345623841601
26.925	49.25	0.999394600864447	0.799991113348549	7.20614410370228e-11	58.7221448013941	0.999515680691558
27.075	49.25	0.999551676925933	0.799993427906487	7.3225824025089e-11	58.6021953805354	0.999641341540747
27.225	49.25	0.999667711982698	0.79999514318468	7.43679562544914e-11	58.4822328503453	0.999734169586158
27.375	49.25	0.999753419904117	0.799996413455243	7.54995018204006e-11	58.362260636492	0.999802735923293
27.525	49.25	0.999816736202853	0.799997353295687	7.65992767892011e-11	58.2422812694749	0.999853388962283
27.675	49.25	0.99986353281218	0.799998047912249	7.77060874680974e-11	58.122296617036	0.999890826249744
27.825	49.25	0.999898149895917	0.799998560700904	7.87923276694852e-11	58.0023080567373	0.999918519916734
27.975	49.25	0.999923791673913	0.799998938818908	7.98362196805292e-11	57.8823166040105	0.99993903333913
28.125	49.25	0.999942820936645	0.799999217316984	8.08865543653863e-11	57.7623230070708	0.999954256749316
28.275	49.25	0.999956977992652	0.799999422218865	8.19207431179181e-11	57.6423278171849	0.999965582394121
28.425	49.25	0.999967543251536	0.799999572822682	8.29376610567961e-11	57.5223314406246	0.999974034601229
28.575	49.25	0.999975457801697	0.79999968342179	8.39426925128302e-11	57.4023341770304	0.999980366241357
28.725	49.25	0.999981412724577	0.799999764590415	8.49154004634551e-11	57.2823362476983	0.999985130179662
28.875	49.25	0.999985915172499	0.799999824142017	8.58837706171103e-11	57.1623378164092	0.999988732137999
29.025	49.25	0.999989337197224	0.799999867842991	8.68471769804829e-11	57.042339004742	0.999991469757779
29.175	49.25	0.999991951786368	0.799999899942645	8.77911638012069e-11	56.9223399033141	0.999993561429094
29.325	49.25	0.999993959420437	0.799999923567218	8.87185116980634e-11	56.802340580016	0.99999516753635
29.475	49.25	0.999995507609866	0.799999941011508	8.96219331031805e-11	56.6823410860351	0.999996406087893
29.625	49.25	0.999996705237572	0.799999953955867	9.05287304529159e-11	56.5623414602515	0.999997364190057
29.775	49.25	0.999997633061235	0.799999963627178	9.13992084763705e-11	56.4423417324427	0.999998106448988
29.925	49.25	0.99999835138061	0.799999970917965	9.22679291133316e-11	56.3223419256155	0.999998681104488
30.075	49.25	0.999998905615944	0.799999976475134	9.31258511000031e-11	56.2023420577022	0.999999124492755
30.225	49.25	0.999999330350961	0.799999980765632	9.39493568877211e-11	56.0823421427947	0.999999464280769
30.375	49.25	0.999999652251199	0.799999984125018	9.47831047955062e-11	55.9623421920452	0.999999721800959
30.525	49.25	0.999999892161783	0.799999986793722	9.5592389885836e-11	55.842342214325	0.999999913729426
30.675	49.25	1.00000006660957	0.799999988943274	9.63967482051809e-11	55.722342216712	1.00000005328766
30.825	49.25	1.00000018887555	0.799999990696055	9.71808446255548e-11	55.602342204853	1.00000015110044
30.975	49.25	1.00000026975937	0.799999992139347	9.79491121352848e-11	55.4823421832391	1.0000002158075
31.125	49.25	1.00000031812528	0.799999993335914	9.87052691211933e-11	55.3623421554174	1.00000025450023
31.275	49.25	1.00000034129415	0.799999994331266	9.94483604644502e-11	55.2423421241583	1.00000027303532
31.425	49.25	1.00000034532834	0.79999999515931	1.00180002932877e-10	55.1223420915896	1.00000027626267
31.575	49.25	1.00000033524291	0.799999995845657	1.00893785344762e-10	55.0023420593074	1.00000026819433
31.725	49.25	1.00000031516648	0.799999996410695	1.0160774859727e-10	54.8823420284692	1.00000025213318
31.875	49.25	1.00000028846827	0.799999996871111	1.02291542770418e-10	54.7623419998723	1.00000023077461
32.025	49.25	1.00000025786225	0.799999997241018	1.02956635591703e-10	54.642341974022	1.0000002062898
32.175	49.25	1.00000022549582	0.799999997532905	1.03627878571712e-10	54.5223419511904	1.00000018039666
32.325	49.25	1.00000019302767	0.799999997757936	1.04296711648184e-10	54.4023419314669	1.00000015442214
32.475	49.25	1.00000016169767	0.799999997926372	1.04919896350977e-10	54.2823419148017	1.00000012935814
32.625	49.25	1.00000013239047	0.799999998047357	1.05564376222375e-10	54.1623419010431	1.00000010591238
32.775	49.25	1.00000010569356	0.799999998129477	1.06161752045727e-10	54.0423418899686	1.00000008455485
32.925	49.25	1.00000008195026	0.799999998180334	1.06780008737383e-10	53.9223418813111	1.00000006556021
33.075	49.25	1.00000006130756	0.799999998206782	1.07388405359607e-10	53.80234187478	1.00000004904605
33.225	49.25	1.00000004375909	0.799999998214917	1.07968332557668e-10	53.682341870078	1.00000003500727
33.375	49.25	1.00000002918296	0.799999998209999	1.08531859143053e-10	53.5623418669138	1.00000002334637
33.525	49.25	1.00000001737459	0.799999998196484	1.09092580170089e-10	53.4423418650119	1.00000001389967
33.675	49.25	1.0000000080747	0.799999998178057	1.09648959664493e-10	53.322341864119	1.00000000645976
33.825	49.25	1.00000000099258	0.799999998157734	1.10184065051133e-10	53.2023418640082	1.00000000079406
33.975	49.25	0.999999995824951	0.79999999813792	1.10726299348669e-10	53.0823418644811	0.999999996659961
34.125	49.25	0.999999992270789	0.799999998120425	1.11246227643535e-10	52.9623418653684	0.999999993816631
34.275	49.25	0.999999990042509	0.799999998106456	1.11750817418133e-10	52.842341866529	0.999999992034007
34.425	49.25	0.999999988873884	0.799999998096904	1.1225318164302e-10	52.7223418678483	0.999999991099107
34.575	49.25	0.99999998852523	0.799999998092135	1.12737431336984e-10	52.6023418692362	0.999999990820184
34.725	49.25	0.999999988786326	0.799999998092431	1.13225040322619e-10	52.4823418706238	0.999999991029061
34.875	49.25	0.999999989477384	0.799999998097607	1.13688590759229e-10	52.3623418719615	0.999999991581907
35.025	49.25	0.999999990448574	0.799999998107425	1.1414863666258e-10	52.2423418732149	0.999999992358859
35.175	49.25	0.999999991578504	0.799999998121553	1.14596384127031e-10	52.1223418743631	0.999999993262804
35.325	49.25	0.999999992771871	0.799999998139538	1.15041241607301e-10	52.0023418753954	0.999999994217497
35.475	49.25	0.999999993956625	0.799999998160871	1.15465689853741e-10	51.8823418763091	0.9999999951653
35.625	49.25	0.999999995080912	0.799999998184996	1.15893452384606e-10	51.7623418771075	0.999999996064729
35.775	49.25	0.999999996109916	0.799999998211502	1.16289691820457e-10	51.6423418777981	0.999999996887933
35.925	49.25	0.999999997022838	0.799999998239913	1.16695171410166e-10	51.5223418783909	0.999999997618271
36.075	49.25	0.999999997810014	0.79999999826979	1.17094642659715e-10	51.4023418788977	0.999999998248011
36.225	49.25	0.999999998470306	0.799999998300732	1.17478808594239e-10	51.2823418793305	0.999999998776245
36.375	49.25	0.999999999008839	0.799999998332524	1.17870720474673e-10	51.1623418797012	0.999999999207071
36.525	49.25	0.999999999435014	0.799999998364766	1.18235986814059e-10	51.0423418800211	0.999999999548011
36.675	49.25	0.999999999760888	0.799999998397311	1.18597110157217e-10	50.9223418803003	0.999999999808711
36.825	49.25	0.999999999999905	0.799999998430101	1.18946387218677e-10	50.8023418805478	0.999999999999924
36.975	49.25	1.00000000016592	0.799999998462915	1.19295228554806e-10	50.6823418807713	1.00000000013274
37.125	49.25	1.00000000027248	0.799999998495622	1.19631340586017e-10	50.5623418809771	1.00000000021798
37.275	49.25	1.00000000033227	0.799999998528203	1.1995434330856e-10	50.4423418811703	1.00000000026581
37.425	49.25	1.0000000003564	0.799999998560506	1.20269577004954e-10	50.3223418813548	1.00000000028512
37.575	49.25	1.00000000035371	0.799999998592435	1.2059354853824e-10	50.2023418815337	1.00000000028297
37.725	49.25	1.00000000033024	0.799999998624136	1.20894223879364e-10	50.0823418817092	1.00000000026419
37.875	49.25	1.0000000002901	0.799999998656203	1.21197369425154e-10	49.9623418818831	1.00000000023208
38.025	49.25	1.00000000023911	0.799999998689623	1.21478945426825e-10	49.8423418820567	1.00000000019129
38.175	49.25	1.00000000019116	0.799999998725145	1.21771458727324e-10	49.7223418822303	1.00000000015293
38.325	49.25	1.00000000017265	0.799999998761145	1.22052956949841e-10	49.6023418824024	1.00000000013812
38.475	49.25	1.00000000021281	0.799999998791488	1.22326824326858e-10	49.4823418825688	1.00000000017025
38.625	49.25	1.00000000030501	0.799999998805654	1.22591263309554e-10	49.3623418827241	1.00000000024401
38.775	49.25	1.00000000034065	0.799999998796988	1.22842292617476e-10	49.2423418828686	1.00000000027252
38.925	49.25	1.0000000000685	0.799999998783544	1.23098244012739e-10	49.1223418830196	1.0000000000548
39.075	49.25	0.999999999206672	0.799999998831375	1.23339643359735e-10	49.0023418832204	0.999999999365338
39.225	49.25	0.999999997856243	0.799999999049473	1.23586618667365e-10	48.8823418835226	0.999999998284994
39.375	49.25	0.999999997181821	0.799999999499161	1.2380538788515e-10	48.7623418839172	0.999999997745457
39.525	49.25	0.999999999794941	0.799999999986859	1.24034284098432e-10	48.6423418842139	0.999999999835953
39.675	49.25	1.00000000854459	0.799999999833985	1.24256016235497e-10	48.5223418839605	1.00000000683567
39.825	49.25	1.00000002227581	0.799999997957915	1.24460178807878e-10	48.4023418826232	1.00000001782065
39.975	49.25	1.00000002906337	0.799999993795084	1.24676205806491e-10	48.2823418802962	1.00000002325069
40.125	49.25	1.00000000268907	0.799999989330133	1.24866247457397e-10	48.1623418789045	1.00000000215126
40.275	49.25	0.999999915046328	0.799999991239814	1.25057138434589e-10	48.0423418829809	0.999999932037062
40.425	49.25	0.999999777869934	0.80000000990962	1.25253218319923e-10	47.9223418978437	0.999999822295948
40.575	49.25	0.999999707644691	0.800000050444572	1.25425067982039e-10	47.802341922657	0.999999766115753
40.725	49.25	0.999999957512535	0.800000093656167	1.25596337410117e-10	47.6823419388426	0.999999966010028
40.875	49.25	1.00000079734419	0.800000076859117	1.25760297712554e-10	47.5623419027177	1.00000063787535
41.025	49.25	1.00000212195661	0.79999990433928	1.25931789738037e-10	47.4423417626947	1.00000169756528
41.175	49.25	1.00000285289729	0.799999530206273	1.26080557448115e-10	47.3223415240003	1.00000228231784
41.325	49.25	1.00000065162572	0.799999127951774	1.26223135637862e-10	47.2023413558769	1.00000052130057
41.475	49.25	0.999993003852781	0.799999255506381	1.26373468497808e-10	47.0823416605028	0.999994403082225
41.625	49.25	0.999980706632621	0.800000756111404	1.26504374948691e-10	46.962342922484	0.999984565306097
41.775	49.25	0.99997313845898	0.800004040736781	1.26626744363436e-10	46.8423451379995	0.999978510767184
41.925	49.25	0.999990827515801	0.800007657653038	1.26745513879032e-10	46.7223468677049	0.999992662012641
42.075	49.25	1.00005637953139	0.800006936274333	1.26867065780664e-10	46.6023446018374	1.00004510362511
42.225	49.25	1.00016528885615	0.799994824150263	1.26962022618334e-10	46.4823339618588	1.00013223108492
42.375	49.25	1.00024184954716	0.79996767422334	1.27043032704188e-10	46.3623144193373	1.00019347963773
42.525	49.25	1.00011633627859	0.799936550502141	1.27154874055577e-10	46.242297226355	1.00009306902287
42.675	49.25	0.999594226899122	0.799937860701773	1.27288397694947e-10	46.1223111193927	0.999675381519298
42.825	49.25	0.998683926298542	0.800027372495867	1.27462901740678e-10	46.0023937705284	0.998947141038834
42.975	49.25	0.997944673221372	0.800237006879598	1.275719978021e-10	45.8825556024405	0.998355738577097
43.125	49.25	0.998684258975635	0.800490005518971	1.27517704473344e-10	45.7627174081165	0.998947407180508
43.275	49.25	1.00248296175013	0.800522975196092	1.27122395838973e-10	45.6426613777944	1.00198636940011
43.425	49.25	1.00955927621764	0.799934825628922	1.26399565757004e-10	45.522083475255	1.00764742097412
43.575	49.25	1.01623380734097	0.798479881669453	1.25768864564741e-10	45.4008456985967	1.01298704587278
43.725	49.25	1.01328677096383	0.796573391898676	1.26196079514486e-10	45.2794285422987	1.01062941677106
43.875	49.25	0.988680897761588	0.795833250697759	1.28882390879449e-10	45.1593335478557	0.99094471820927
44.025	49.25	0.938367896727909	0.799351007378152	1.34350861943858e-10	45.0428405153924	0.950694317382327
44.175	49.25	0.884673133607576	0.81019242877574	1.40204651106429e-10	44.9313520097633	0.907738506886061
44.325	49.25	0.889127901655374	0.824441952967126	1.38331281719345e-10	44.8222076557163	0.9113023213243
44.475	49.25	1.03257195112957	0.826489829230891	1.21026995044777e-10	44.7059572501025	1.02605756090365
44.625	49.25	1.34924434129342	0.80862213319835	9.55953496752844e-11	44.5677998142286	1.27939547303474
44.775	49.25	1.76408811727312	0.709537047701165	7.52099097945555e-11	44.3955930011196	1.6112704938185
44.925	49.25	2.11154506533605	0.834636814387501	6.40871322805131e-11	44.224822981459	1.88923605226884
0.075	49.75	3.47473592985494e-16	0.399999999954313	-1.0135571827689e-10	65.3895334106993	0.2
0.225	49.75	1.0979649893427e-15	0.799999999863573	-1.01308255258468e-10	65.365533410702	0.200000000000001
0.375	49.75	2.54818928987031e-15	0.799999999771607	-1.01286635474839e-10	65.3415334107075	0.200000000000002
0.525	49.75	4.61626581893925e-15	0.799999999681183	-1.01212039396942e-10	65.3175334107157	0.200000000000004
0.675	49.75	7.14881698475931e-15	0.79999999959018	-1.0105402188721e-10	65.2935334107266	0.200000000000006
0.825	49.75	9.93588427773263e-15	0.799999999498619	-1.00846998438387e-10	65.2695334107403	0.200000000000008
0.975	49.75	1.27379704109794e-14	0.79999999940893	-1.00697771335391e-10	65.2455334107567	0.20000000000001
1.125	49.75	1.52997074287394e-14	0.799999999317915	-1.00409512077334e-10	65.2215334107758	0.200000000000012
1.275	49.75	1.73403388643866e-14	0.799999999227447	-1.00232611483087e-10	65.1975334107976	0.200000000000014
1.425	49.75	1.85241247592081e-14	0.799999999137578	-9.99600489426657e-11	65.1735334108221	0.200000000000015
1.575	49.75	1.84215048839788e-14	0.799999999047758	-9.96095202306251e-11	65.1495334108493	0.200000000000015
1.725	49.75	1.64738684843766e-14	0.799999998958275	-9.93176694016676e-11	65.1255334108793	0.200000000000013
1.875	49.75	1.19727217955344e-14	0.79999999886927	-9.8872945776242e-11	65.1015334109118	0.20000000000001
2.025	49.75	4.06047190975163e-15	0.79999999877991	-9.84305709259098e-11	65.0775334109471	0.200000000000003
2.175	49.75	-8.24291943186375e-15	0.799999998691827	-9.81081194041226e-11	65.053533410985	0.199999999999993
2.325	49.75	-2.59845090626143e-14	0.799999998603857	-9.76499452165047e-11	65.0295334110256	0.199999999999979
2.475	49.75	-5.01910920189418e-14	0.799999998516251	-9.71272336057653e-11	65.0055334110688	0.19999999999996
2.625	49.75	-8.17460215521775e-14	0.799999998428769	-9.65614865206926e-11	64.9815334111146	0.199999999999935
2.775	49.75	-1.21225242600942e-13	0.799999998342317	-9.60251041375454e-11	64.9575334111631	0.199999999999903
2.925	49.75	-1.68687692949715e-13	0.799999998256201	-9.55075021337812e-11	64.9335334112141	0.199999999999865
3.075	49.75	-2.23416649095422e-13	0.79999999817047	-9.48174558780967e-11	64.9095334112677	0.199999999999821
3.225	49.75	-2.83611671857613e-13	0.799999998085223	-9.42200009897113e-11	64.8855334113239	0.199999999999773
3.375	49.75	-3.46035690037179e-13	0.799999998000579	-9.35698269493915e-11	64.8615334113827	0.199999999999723
3.525	49.75	-4.05628545023256e-13	0.799999997916905	-9.28145783584684e-11	64.837533411444	0.199999999999676
3.675	49.75	-4.55107087390042e-13	0.799999997833708	-9.21114363811114e-11	64.8135334115078	0.199999999999636
3.825	49.75	-4.84582706336172e-13	0.799999997751259	-9.14296608681984e-11	64.789533411574	0.199999999999612
3.975	49.75	-4.81239936089983e-13	0.799999997669483	-9.0646141390731e-11	64.7655334116428	0.199999999999615
4.125	49.75	-4.29134299786707e-13	0.799999997588159	-8.9774482173693e-11	64.741533411714	0.199999999999657
4.275	49.75	-3.09183364472009e-13	0.79999999750762	-8.89852320397532e-11	64.7175334117876	0.199999999999753
4.425	49.75	-9.94413061228588e-14	0.799999997428066	-8.81147101521167e-11	64.6935334118636	0.19999999999992
4.575	49.75	2.24237046335905e-13	0.799999997348856	-8.72863678603816e-11	64.6695334119419	0.200000000000179
4.725	49.75	6.87023333668743e-13	0.799999997271276	-8.63725561490305e-11	64.6455334120226	0.20000000000055
4.875	49.75	1.31330562120997e-12	0.799999997193692	-8.54557745445724e-11	64.6215334121055	0.200000000001051
5.025	49.75	2.12411093462502e-12	0.799999997117543	-8.44916232938618e-11	64.5975334121907	0.200000000001699
5.175	49.75	3.1336384406513e-12	0.799999997041766	-8.34523172483552e-11	64.5735334122781	0.200000000002507
5.325	49.75	4.34480353887734e-12	0.799999996967007	-8.249315511397e-11	64.5495334123676	0.200000000003476
5.475	49.75	5.74373323195577e-12	0.799999996893325	-8.1426395597862e-11	64.5255334124592	0.200000000004595
5.625	49.75	7.29321536169418e-12	0.799999996820387	-8.03709599266191e-11	64.5015334125529	0.200000000005835
5.775	49.75	8.92519278381272e-12	0.799999996748506	-7.93922411275058e-11	64.4775334126486	0.20000000000714
5.925	49.75	1.05325120485171e-11	0.799999996677466	-7.82169110573801e-11	64.4535334127463	0.200000000008426
6.075	49.75	1.19602875224624e-11	0.799999996607217	-7.71499989869649e-11	64.4295334128459	0.200000000009568
6.225	49.75	1.29974275771062e-11	0.799999996538514	-7.60551885760262e-11	64.4055334129475	0.200000000010398
6.375	49.75	1.33690888251215e-11	0.799999996470008	-7.48069845557068e-11	64.3815334130511	0.200000000010695
6.525	49.75	1.27310739240146e-11	0.799999996403093	-7.37020413895333e-11	64.3575334131567	0.200000000010185
6.675	49.75	1.06674610296071e-11	0.799999996337085	-7.24793738619556e-11	64.3335334132645	0.200000000008534
6.825	49.75	6.69303692238333e-12	0.799999996271702	-7.11623945832505e-11	64.3095334133745	0.200000000005354
6.975	49.75	2.62384165347386e-13	0.799999996207729	-6.99828773454774e-11	64.2855334134869	0.20000000000021
7.125	49.75	-9.21227763924849e-12	0.799999996144783	-6.8738800937274e-11	64.261533413602	0.19999999999263
7.275	49.75	-2.2332204973988e-11	0.799999996083112	-6.74773849134373e-11	64.23753341372	0.199999999982134
7.425	49.75	-3.9669809677856e-11	0.799999996022651	-6.61627096672665e-11	64.2135334138413	0.199999999968264
7.575	49.75	-6.17105573892687e-11	0.799999995963416	-6.48753077593915e-11	64.1895334139662	0.199999999950632
7.725	49.75	-8.87769667206075e-11	0.799999995905298	-6.35366797954801e-11	64.1655334140953	0.199999999928978
7.875	49.75	-1.20933060643651e-10	0.799999995849046	-6.21737140743757e-11	64.141533414229	0.199999999903254
8.025	49.75	-1.57868389674224e-10	0.799999995794342	-6.08571608322725e-11	64.1175334143676	0.199999999873705
8.175	49.75	-1.98761869295175e-10	0.799999995741387	-5.95292044606754e-11	64.0935334145116	0.199999999840991
8.325	49.75	-2.42127203990715e-10	0.799999995690255	-5.81636151217349e-11	64.0695334146613	0.199999999806298
8.475	49.75	-2.85643650440019e-10	0.799999995641231	-5.67837431703241e-11	64.0455334148167	0.199999999771485
8.625	49.75	-3.25978330812333e-10	0.799999995594475	-5.53013415304554e-11	64.0215334149777	0.199999999739217
8.775	49.75	-3.5860924956652e-10	0.799999995549868	-5.39877493000764e-11	63.9975334151436	0.199999999713113
8.925	49.75	-3.7766156969746e-10	0.799999995507766	-5.24621123380835e-11	63.9735334153135	0.199999999697871
9.075	49.75	-3.75773504895701e-10	0.799999995468512	-5.10906996014276e-11	63.9495334154856	0.199999999699381
9.225	49.75	-3.44012274071976e-10	0.799999995431506	-4.95994388155821e-11	63.9255334156576	0.19999999972479
9.375	49.75	-2.71864781122869e-10	0.799999995397214	-4.81599705412078e-11	63.9015334158258	0.199999999782508
9.525	49.75	-1.47331801226042e-10	0.799999995364969	-4.67021197747007e-11	63.8775334159859	0.199999999882135
9.675	49.75	4.28418159022617e-11	0.799999995334957	-4.52157457418364e-11	63.8535334161322	0.200000000034273
9.825	49.75	3.12765436122523e-10	0.799999995306477	-4.37240439993505e-11	63.8295334162576	0.200000000250212
9.975	49.75	6.76792134739562e-10	0.799999995278673	-4.22230824321827e-11	63.8055334163538	0.200000000541434
10.125	49.75	1.14866197652935e-09	0.799999995250984	-4.07166798735466e-11	63.7815334164109	0.20000000091893
10.275	49.75	1.74036375391571e-09	0.799999995221859	-3.92578737431104e-11	63.7575334164182	0.200000001392291
10.425	49.75	2.4606847439057e-09	0.799999995190336	-3.77290005545631e-11	63.7335334163635	0.200000001968548
10.575	49.75	3.31342632582479e-09	0.79999999515448	-3.61412788476616e-11	63.7095334162343	0.200000002650741
10.725	49.75	4.29527555112704e-09	0.799999995112125	-3.47390086425703e-11	63.685533416018	0.20000000343622
10.875	49.75	5.39333949145508e-09	0.799999995061608	-3.3140605262893e-11	63.6615334157029	0.200000004314672
11.025	49.75	6.58237082718101e-09	0.799999994999782	-3.16253665571046e-11	63.6375334152788	0.200000005265897
11.175	49.75	7.82173993766501e-09	0.79999999492471	-3.00927921163859e-11	63.6135334147391	0.200000006257392
11.325	49.75	9.05224076922907e-09	0.799999994833578	-2.85670245644583e-11	63.5895334140816	0.200000007241793
11.475	49.75	1.01928547736837e-08	0.799999994723726	-2.69887359288637e-11	63.565533413311	0.200000008154284
11.625	49.75	1.11376386935321e-08	0.799999994593186	-2.54990188472405e-11	63.5415334124411	0.200000008910111
11.775	49.75	1.17529470116668e-08	0.799999994439881	-2.39727305898439e-11	63.517533411497	0.200000009402358
11.925	49.75	1.18752471643133e-08	0.799999994263532	-2.24303875360176e-11	63.4935334105181	0.200000009500198
12.075	49.75	1.13098333829647e-08	0.799999994063131	-2.09228564535208e-11	63.4695334095612	0.200000009047867
12.225	49.75	9.83079109911837e-09	0.799999993840691	-1.93681446932947e-11	63.4455334087029	0.200000007864633
12.375	49.75	7.18260563073706e-09	0.799999993598832	-1.77825041878198e-11	63.4215334080432	0.200000005746085
12.525	49.75	3.08384346292026e-09	0.79999999334269	-1.62723489023978e-11	63.3975334077079	0.200000002467075
12.675	49.75	-2.76664127277584e-09	0.799999993079309	-1.47443393967192e-11	63.3735334078505	0.199999997786687
12.825	49.75	-1.06805116522881e-08	0.799999992819204	-1.32071342993707e-11	63.3495334086543	0.199999991455591
12.975	49.75	-2.09673061312935e-08	0.799999992575155	-1.16479923673496e-11	63.3255334103321	0.199999983226155
13.125	49.75	-3.39179161004757e-08	0.799999992364089	-1.01359934071031e-11	63.3015334131255	0.199999972865667
13.275	49.75	-4.97837928884519e-08	0.799999992206422	-8.62180455806927e-12	63.2775334173025	0.199999960172966
13.425	49.75	-6.87515579210781e-08	0.799999992126022	-7.14858669764562e-12	63.2535334231516	0.199999944998754
13.575	49.75	-9.09127704979431e-08	0.799999992151231	-5.64878063870212e-12	63.2295334309752	0.199999927269784
13.725	49.75	-1.16228699858499e-07	0.799999992314249	-4.15925183406586e-12	63.2055334410778	0.19999990701704
13.875	49.75	-1.44490042065348e-07	0.799999992651471	-2.66187359362761e-12	63.1815334537522	0.199999884407966
14.025	49.75	-1.75271602446519e-07	0.799999993202748	-1.17498064291927e-12	63.1575334692608	0.199999859782718
14.175	49.75	-2.07882008537157e-07	0.799999994012511	3.52455441108806e-13	63.1335334878122	0.199999833694393
14.325	49.75	-2.41308495147019e-07	0.799999995129011	1.76855153800823e-12	63.1095335095334	0.199999806953204
14.475	49.75	-2.74156669146823e-07	0.799999996604773	3.24508813369408e-12	63.0855335344357	0.199999780674665
14.625	49.75	-3.04584858574105e-07	0.799999998496758	4.6445860584931e-12	63.0615335623752	0.199999756332113
14.775	49.75	-3.30232101084221e-07	0.800000000870234	6.13255865637502e-12	63.0375335930062	0.199999735814319
14.925	49.75	-3.48137927886366e-07	0.800000003797724	7.58939100576914e-12	63.0135336257276	0.199999721489658
15.075	49.75	-3.54650715669241e-07	0.800000007365928	8.92903390633052e-12	62.9895336596208	0.199999716279428
15.225	49.75	-3.45319332396753e-07	0.800000011681888	1.04021115745786e-11	62.9655336933785	0.199999723744534
15.375	49.75	-3.14759858766222e-07	0.800000016881773	1.17467245163772e-11	62.9415337252212	0.199999748192113
15.525	49.75	-2.56485016897001e-07	0.800000023146182	1.31691679062378e-11	62.9175337527995	0.199999794811987
15.675	49.75	-1.62678174237254e-07	0.800000030721244	1.4554383618982e-11	62.8935337730776	0.199999869857461
15.825	49.75	-2.38858743409764e-08	0.800000039947958	1.58942288030459e-11	62.8695337821905	0.199999980891301
15.975	49.75	1.71407941514649e-07	0.800000051302148	1.71990349949479e-11	62.8455337752668	0.200000137126353
16.125	49.75	4.37377480061647e-07	0.800000065453315	1.85744676292939e-11	62.821533746202	0.200000349901984
16.275	49.75	7.91691619616557e-07	0.800000083341383	1.98767210533005e-11	62.7975336873631	0.200000633353296
16.425	49.75	1.25668924545507e-06	0.800000106285083	2.1206960127135e-11	62.7735335891967	0.200001005351396
16.575	49.75	1.86102705012834e-06	0.800000136125465	2.24429670603681e-11	62.7495334397016	0.20000148882164
16.725	49.75	2.64198154530036e-06	0.800000175424173	2.37686136189451e-11	62.7255332237119	0.200002113585236
16.875	49.75	3.64865146529441e-06	0.800000227729805	2.50492530140834e-11	62.7015329219156	0.200002918921172
17.025	49.75	4.94639294338043e-06	0.800000297933671	2.62101412334661e-11	62.6775325095069	0.200003957114355
17.175	49.75	6.62293523870313e-06	0.80000039275447	2.74243499633102e-11	62.6535319543318	0.200005298348191
17.325	49.75	8.79677984107105e-06	0.80000052138705	2.86474218577763e-11	62.6295312143374	0.200007037423873
17.475	49.75	1.16286953422506e-05	0.800000696378137	2.98781263777692e-11	62.6055302340657	0.200009302956274
17.625	49.75	1.5337405150136e-05	0.800000934815085	3.10110112436763e-11	62.5815289398433	0.20001226992412
17.775	49.75	2.02209519069777e-05	0.800001259926659	3.22036020254105e-11	62.5575272331916	0.200016176761526
17.925	49.75	2.66857439665283e-05	0.800001703239031	3.3321655947373e-11	62.5335249818188	0.200021348595173
18.075	49.75	3.52859825831995e-05	0.80000230745646	3.44334477722835e-11	62.5095220073235	0.200028228786067
18.225	49.75	4.67770775367803e-05	0.800003130289128	3.55735981170977e-11	62.4855180684432	0.200037421662029
18.375	49.75	6.21878480218886e-05	0.800004249538632	3.65726263830262e-11	62.4615128382721	0.200049750278418
18.525	49.75	8.29178910776616e-05	0.80000576992764	3.77231631189713e-11	62.4375058733406	0.200066334312862
18.675	49.75	0.000110868697186207	0.800007832428103	3.87220066204738e-11	62.4134965717266	0.200088694957749
18.825	49.75	0.000148620253008777	0.800010627200453	3.97673430806194e-11	62.3894841163967	0.200118896202407
18.975	49.75	0.000199669451514955	0.800014411564184	4.07510526577296e-11	62.3654673986269	0.200159735561212
19.125	49.75	0.000268753038438238	0.800019534446857	4.172497577713e-11	62.3414449144775	0.200215002430751
19.275	49.75	0.000362286149723427	0.800026468350406	4.26851880615293e-11	62.3174146247167	0.200289828919779
19.425	49.75	0.00048895729393884	0.80003584915415	4.3595126905765e-11	62.2933737651344	0.200391165835151
19.575	49.75	0.000660531174273709	0.800048524008517	4.45371695992543e-11	62.2693185897602	0.200528424939419
19.725	49.75	0.000892922188491878	0.800065609848283	4.54833861753204e-11	62.245244024016	0.200714337750794
19.875	49.75	0.00120761709834459	0.800088571491094	4.62688219030051e-11	62.2211431980488	0.200966093678676
20.025	49.75	0.00163355408341357	0.800119338704424	4.70426545308294e-11	62.1970068215732	0.201306843266731
20.175	49.75	0.0022096217458739	0.800160491071907	4.78248958914526e-11	62.1728223485554	0.201767697396699
20.325	49.75	0.0029880403063999	0.80021553622459	4.85004756881022e-11	62.1485728596238	0.20239043224512
20.475	49.75	0.00403902958024199	0.800289274775254	4.91938491817275e-11	62.1242355580757	0.203231223664194
20.625	49.75	0.00545732362985017	0.800388171937004	4.97466768215764e-11	62.0997797290444	0.20436585890388
20.775	49.75	0.00737118392774607	0.800520547651907	5.02303039746633e-11	62.0751639532114	0.205896947142197
20.925	49.75	0.00995447738226472	0.800696290842379	5.05641888174812e-11	62.0503323079786	0.207963581905812
21.075	49.75	0.0134420119335444	0.800925762891562	5.0602598852074e-11	62.0252092526127	0.210753609546836
21.225	49.75	0.0181476175045299	0.801217643634165	5.0503713007693e-11	61.999692909326	0.214518094003624
21.375	49.75	0.0244834934059509	0.80157570954019	5.01019370646211e-11	61.9736465480744	0.219586794724761
21.525	49.75	0.0329782627941174	0.801994872673457	4.93132105673175e-11	61.9468882770899	0.226382610235294
21.675	49.75	0.0442900719943969	0.80245717479698	4.80452956828247e-11	61.919179240273	0.235432057595517
21.825	49.75	0.0592098316167249	0.802928786653257	4.62375663278447e-11	61.8902110339515	0.24736786529338
21.975	49.75	0.0786480162526586	0.803359399811219	4.40414812308016e-11	61.8595936062919	0.262918413002127
22.125	49.75	0.103596190163943	0.803685582811437	4.13173971829347e-11	61.8268456404108	0.282876952131154
22.275	49.75	0.135052302375251	0.803839327861144	3.81867041223712e-11	61.7913903678507	0.308041841900201
22.425	49.75	0.173898993100409	0.803761743886335	3.49193158721569e-11	61.752560796267	0.339119194480327
22.575	49.75	0.220730584382617	0.803419695406546	3.15712903991991e-11	61.7096190573084	0.376584467506093
22.725	49.75	0.275641526173306	0.802820792187819	2.83836374882036e-11	61.6617941828134	0.420513220938645
22.875	49.75	0.338017855642626	0.802020580241982	2.54971104751127e-11	61.6083400301606	0.470414284514101
23.025	49.75	0.406404722671666	0.801116453013934	2.29194673665089e-11	61.5486096015874	0.525123778137333
23.175	49.75	0.478534571534043	0.800226931020171	2.07825161456818e-11	61.4821344406002	0.582827657227234
23.325	49.75	0.551566086010674	0.799461973463418	1.90657967033771e-11	61.4086912853504	0.641252868808539
23.475	49.75	0.622501307236621	0.798895932095939	1.77373063630045e-11	61.3283372554042	0.698001045789297
23.625	49.75	0.688659257238749	0.798554412220212	1.67248708223676e-11	61.2414022265265	0.750927405790999
23.775	49.75	0.748051809629647	0.798418745791262	1.60484252660907e-11	61.1484403374588	0.798441447703718
23.925	49.75	0.799557780661223	0.798442570845675	1.5635331703627e-11	61.0501550407475	0.839646224528979
24.075	49.75	0.842886469981692	0.798570851581143	1.5397997731322e-11	60.9473175504246	0.874309175985354
24.225	49.75	0.878398155698224	0.798753963176189	1.53201701023169e-11	60.8406956937839	0.902718524558579
24.375	49.75	0.906872100155848	0.798954493938794	1.53746603757502e-11	60.7310025506875	0.925497680124678
24.525	49.75	0.929292197931532	0.799148197328323	1.54952193017898e-11	60.6188665345843	0.943433758345226
24.675	49.75	0.946685093896856	0.799321773656651	1.5720254566949e-11	60.5048195345035	0.957348075117485
24.825	49.75	0.960016774495128	0.799469693080588	1.59693994253261e-11	60.3892977861614	0.968013419596102
24.975	49.75	0.970138072960946	0.799591293750838	1.62429354472478e-11	60.2726503170648	0.976110458368757
25.125	49.75	0.97776476913961	0.799688597837009	1.65678295703425e-11	60.1551509588862	0.982211815311688
25.275	49.75	0.98347910720869	0.799764852717335	1.69037055329726e-11	60.0370112402551	0.986783285766952
25.425	49.75	0.987742791055584	0.799823641425332	1.72436102290312e-11	59.9183925821246	0.990194232844468
25.575	49.75	0.990914817820796	0.799868387340006	1.75872584263301e-11	59.7994170131455	0.992731854256637
25.725	49.75	0.993270126749237	0.799902112234355	1.79388274667453e-11	59.680176133927	0.99461610139939
25.875	49.75	0.995016874766743	0.799927348616601	1.82929671798751e-11	59.560738357034	0.996013499813395
26.025	49.75	0.996311339926206	0.799946140867572	1.86525191981715e-11	59.4411546024994	0.997049071940965
26.175	49.75	0.997270176090084	0.799960092991038	1.90028783672899e-11	59.3214626898276	0.997816140872067
26.325	49.75	0.997980145910204	0.799970436297057	1.93292530052577e-11	59.2016906746474	0.998384116728164
26.475	49.75	0.998505654673843	0.799978100742285	1.96993895027243e-11	59.0818593565923	0.998804523739075
26.625	49.75	0.998894473325599	0.799983780778581	2.00341338216166e-11	58.9619841508733	0.999115578660479
26.775	49.75	0.99918202977659	0.799987991417864	2.03670345883199e-11	58.8420764791768	0.999345623821272
26.925	49.75	0.999394600838631	0.799991113367304	2.07047355574655e-11	58.7221448013734	0.999515680670905
27.075	49.75	0.999551676899713	0.799993427925445	2.10273262627038e-11	58.6021953805144	0.99964134151977
27.225	49.75	0.999667711956093	0.799995143203899	2.1343495344523e-11	58.4822328503239	0.999734169564874
27.375	49.75	0.999753419877126	0.799996413474689	2.16674050441621e-11	58.3622606364704	0.999802735901701
27.525	49.75	0.999816736175484	0.7999973533153	2.2003961268649e-11	58.2422812694529	0.999853388940387
27.675	49.75	0.99986353278444	0.799998047932035	2.22965534867896e-11	58.1222966170137	0.999890826227552
27.825	49.75	0.999898149867818	0.799998560720914	2.25948065663779e-11	58.0023080567147	0.999918519894254
27.975	49.75	0.999923791645463	0.799998938839121	2.29076658985228e-11	57.8823166039876	0.999939033316371
28.125	49.75	0.999942820907844	0.7999992173374	2.32018718979526e-11	57.7623230070476	0.999954256726275
28.275	49.75	0.999956977963504	0.799999422239475	2.34926904323415e-11	57.6423278171614	0.999965582370803
28.425	49.75	0.999967543222056	0.799999572843419	2.37831546500727e-11	57.5223314406009	0.999974034577645
28.575	49.75	0.999975457771879	0.799999683442761	2.40662799670625e-11	57.4023341770064	0.999980366217504
28.725	49.75	0.999981412694432	0.79999976461155	2.43538674884368e-11	57.282336247674	0.999985130155545
28.875	49.75	0.999985915142038	0.799999824163338	2.46303228524858e-11	57.1623378163845	0.999988732113631
29.025	49.75	0.999989337166447	0.799999867864456	2.48896016131108e-11	57.0423390047171	0.999991469733158
29.175	49.75	0.999991951755293	0.799999899964342	2.51597875128188e-11	56.9223399032889	0.999993561404234
29.325	49.75	0.999993959389057	0.799999923589052	2.54178695029992e-11	56.8023405799906	0.999995167511246
29.475	49.75	0.999995507578191	0.799999941033451	2.5683196047037e-11	56.6823410860094	0.999996406062553
29.625	49.75	0.999996705205612	0.799999953978014	2.59366644114565e-11	56.5623414602255	0.99999736416449
29.775	49.75	0.999997633028985	0.799999963649471	2.61825719049043e-11	56.4423417324165	0.999998106423188
29.925	49.75	0.999998351348091	0.799999970940434	2.64349805122087e-11	56.3223419255891	0.999998681078473
30.075	49.75	0.999998905583161	0.799999976497726	2.66729024225881e-11	56.2023420576755	0.999999124466529
30.225	49.75	0.999999330317909	0.7999999807883	2.6916313676401e-11	56.0823421427678	0.999999464254327
30.375	49.75	0.999999652217885	0.799999984147925	2.71407835807561e-11	55.962342192018	0.999999721774308
30.525	49.75	0.999999892128216	0.799999986816723	2.73895545374547e-11	55.8423422142976	0.999999913702573
30.675	49.75	1.00000006657577	0.799999988966401	2.75927036558138e-11	55.7223422166844	1.00000005326062
30.825	49.75	1.0000001888415	0.799999990719297	2.78205243623538e-11	55.6023422048252	1.0000001510732
30.975	49.75	1.00000026972508	0.799999992162744	2.80340891442737e-11	55.482342183211	1.00000021578007
31.125	49.75	1.00000031809077	0.799999993359395	2.82586610342485e-11	55.3623421553891	1.00000025447262
31.275	49.75	1.00000034125941	0.799999994354925	2.84748682240816e-11	55.2423421241298	1.00000027300753
31.425	49.75	1.00000034529339	0.799999995183033	2.8672169867537e-11	55.1223420915609	1.00000027623472
31.575	49.75	1.00000033520775	0.799999995869515	2.88798657547626e-11	55.0023420592786	1.0000002681662
31.725	49.75	1.00000031513112	0.799999996434636	2.90722115530803e-11	54.8823420284401	1.00000025210489
31.875	49.75	1.0000002884327	0.79999999689515	2.92717593052226e-11	54.762341999843	1.00000023074616
32.025	49.75	1.00000025782649	0.799999997265187	2.94691443933974e-11	54.6423419739925	1.0000002062612
32.175	49.75	1.00000022545987	0.799999997557158	2.96643613756044e-11	54.5223419511608	1.0000001803679
32.325	49.75	1.00000019299153	0.799999997782299	2.98335528060064e-11	54.4023419314371	1.00000015439322
32.475	49.75	1.00000016166136	0.79999999795081	3.00263829615339e-11	54.2823419147717	1.00000012932909
32.625	49.75	1.00000013235399	0.799999998071874	3.0208012581022e-11	54.1623419010129	1.00000010588319
32.775	49.75	1.00000010565692	0.799999998154072	3.03866335700525e-11	54.0423418899382	1.00000008452553
32.925	49.75	1.00000008191344	0.799999998205037	3.05531972826903e-11	53.9223418812806	1.00000006553075
33.075	49.75	1.00000006127057	0.7999999982316	3.07149243741914e-11	53.8023418747493	1.00000004901646
33.225	49.75	1.00000004372195	0.799999998239791	3.08852687247229e-11	53.6823418700471	1.00000003497756
33.375	49.75	1.00000002914568	0.79999999823493	3.10522963445583e-11	53.5623418668828	1.00000002331654
33.525	49.75	1.00000001733716	0.799999998221461	3.12078418493757e-11	53.4423418649807	1.00000001386973
33.675	49.75	1.00000000803714	0.799999998203083	3.13625462193419e-11	53.3223418640876	1.00000000642971
33.825	49.75	1.00000000095488	0.799999998182928	3.15154383072885e-11	53.2023418639767	1.00000000076391
33.975	49.75	0.999999995787118	0.799999998163146	3.16597283033184e-11	53.0823418644494	0.999999996629695
34.125	49.75	0.999999992232839	0.799999998145645	3.18124453965201e-11	52.9623418653366	0.999999993786271
34.275	49.75	0.999999990004442	0.799999998131811	3.19547282753949e-11	52.842341866497	0.999999992003554
34.425	49.75	0.999999988835685	0.799999998122297	3.20956588209939e-11	52.7223418678162	0.999999991068548
34.575	49.75	0.999999988486925	0.799999998117539	3.22391469743949e-11	52.6023418692039	0.99999999078954
34.725	49.75	0.99999998874792	0.799999998117908	3.23622148253668e-11	52.4823418705915	0.999999990998336
34.875	49.75	0.999999989438866	0.799999998123102	3.25091960715706e-11	52.362341871929	0.999999991551093
35.025	49.75	0.999999990409959	0.799999998133003	3.26341525705464e-11	52.2423418731823	0.999999992327967
35.175	49.75	0.999999991539798	0.799999998147188	3.27648062385328e-11	52.1223418743304	0.999999993231838
35.325	49.75	0.99999999273308	0.799999998165164	3.28818827692374e-11	52.0023418753625	0.999999994186464
35.475	49.75	0.99999999391775	0.79999999818656	3.30063301306279e-11	51.8823418762761	0.9999999951342
35.625	49.75	0.999999995041948	0.799999998210729	3.31256975192649e-11	51.7623418770743	0.999999996033559
35.775	49.75	0.999999996070868	0.799999998237256	3.32458640843852e-11	51.6423418777648	0.999999996856694
35.925	49.75	0.99999999698372	0.799999998265698	3.33599064955021e-11	51.5223418783576	0.999999997586976
36.075	49.75	0.999999997770833	0.799999998295598	3.34681538026478e-11	51.4023418788642	0.999999998216667
36.225	49.75	0.999999998431064	0.799999998326577	3.35823190118741e-11	51.2823418792969	0.999999998744851
36.375	49.75	0.999999998969538	0.799999998358377	3.36830375953598e-11	51.1623418796675	0.999999999175631
36.525	49.75	0.999999999395653	0.799999998390626	3.3790050520654e-11	51.0423418799873	0.999999999516522
36.675	49.75	0.999999999721484	0.799999998423267	3.38913863273326e-11	50.9223418802664	0.999999999777187
36.825	49.75	0.999999999960445	0.799999998455999	3.40026282123973e-11	50.8023418805138	0.999999999968356
36.975	49.75	1.0000000001264	0.799999998488832	3.4082639367924e-11	50.6823418807372	1.00000000010112
37.125	49.75	1.00000000023293	0.799999998521539	3.41786058998631e-11	50.5623418809429	1.00000000018634
37.275	49.75	1.00000000029268	0.799999998554152	3.42783745817762e-11	50.442341881136	1.00000000023415
37.425	49.75	1.00000000031678	0.799999998586473	3.43743118477621e-11	50.3223418813205	1.00000000025342
37.575	49.75	1.00000000031406	0.799999998618411	3.44603776366789e-11	50.2023418814993	1.00000000025124
37.725	49.75	1.00000000029055	0.79999999865011	3.45456291988767e-11	50.0823418816747	1.00000000023244
37.875	49.75	1.00000000025038	0.799999998682166	3.46396221885335e-11	49.9623418818485	1.00000000020031
38.025	49.75	1.00000000019937	0.799999998715595	3.47196902478372e-11	49.8423418820219	1.00000000015949
38.175	49.75	1.0000000001514	0.799999998751124	3.47934808644348e-11	49.7223418821955	1.00000000012112
38.325	49.75	1.00000000013288	0.799999998787094	3.48707400402777e-11	49.6023418823676	1.0000000001063
38.475	49.75	1.00000000017303	0.799999998817483	3.49484529089023e-11	49.4823418825339	1.00000000013842
38.625	49.75	1.00000000026521	0.799999998831623	3.5026341746651e-11	49.3623418826891	1.00000000021216
38.775	49.75	1.00000000030083	0.799999998822946	3.50917171495561e-11	49.2423418828335	1.00000000024066
38.925	49.75	1.00000000002868	0.799999998809497	3.5164199543607e-11	49.1223418829845	1.00000000002295
39.075	49.75	0.999999999166857	0.799999998857291	3.52292473518809e-11	49.0023418831852	0.999999999333486
39.225	49.75	0.999999997816433	0.799999999075422	3.52985289670667e-11	48.8823418834873	0.999999998253147
39.375	49.75	0.999999997142027	0.799999999525039	3.53675117353529e-11	48.7623418838818	0.999999997713622
39.525	49.75	0.999999999755163	0.800000000012717	3.54319638536829e-11	48.6423418841785	0.99999999980413
39.675	49.75	1.00000000850481	0.799999999859846	3.54823819233096e-11	48.522341883925	1.00000000680385
39.825	49.75	1.00000002223604	0.799999997983814	3.5557792445914e-11	48.4023418825876	1.00000001778884
39.975	49.75	1.00000002902361	0.799999993820885	3.56054517262186e-11	48.2823418802606	1.00000002321889
40.125	49.75	1.00000000264934	0.799999989355883	3.5664435831173e-11	48.1623418788689	1.00000000211947
40.275	49.75	0.999999915006614	0.799999991265618	3.57209472485089e-11	48.0423418829451	0.999999932005291
40.425	49.75	0.999999777830257	0.800000009935345	3.57671454108256e-11	47.9223418978079	0.999999822264206
40.575	49.75	0.999999707605039	0.800000050470274	3.58157428395468e-11	47.8023419226211	0.999999766084031
40.725	49.75	0.999999957472913	0.800000093681838	3.58702180291062e-11	47.6823419388067	0.999999965978331
40.875	49.75	1.0000007973046	0.80000007688477	3.59144775220991e-11	47.5623419026818	1.00000063784368
41.025	49.75	1.00000212191705	0.799999904364898	3.59541493156423e-11	47.4423417626588	1.00000169753364
41.175	49.75	1.00000285285778	0.799999530231836	3.60014792575083e-11	47.3223415239643	1.00000228228623
41.325	49.75	1.00000065158625	0.799999127977315	3.60504253911173e-11	47.2023413558409	1.000000521269
41.475	49.75	0.999993003813358	0.799999255531879	3.60892967548527e-11	47.0823416604667	0.999994403050687
41.625	49.75	0.99998070659324	0.80000075613684	3.61195570060524e-11	46.9623429224479	0.999984565274592
41.775	49.75	0.999973138419659	0.800004040762152	3.61547950399851e-11	46.8423451379633	0.999978510735727
41.925	49.75	0.999990827476531	0.800007657678402	3.61941593573284e-11	46.7223468676688	0.999992661981225
42.075	49.75	1.00005637949218	0.800006936299647	3.62160870907873e-11	46.6023446018012	1.00004510359374
42.225	49.75	1.00016528881702	0.799994824175475	3.62447604390689e-11	46.4823339618225	1.00013223105361
42.375	49.75	1.0002418495081	0.799967674248503	3.62716303828007e-11	46.362314419301	1.00019347960648
42.525	49.75	1.0001163362396	0.799936550527291	3.63108046603709e-11	46.2422972263187	1.00009306899168
42.675	49.75	0.999594226860204	0.799937860726784	3.63436057132471e-11	46.1223111193564	0.999675381488163
42.825	49.75	0.998683926259634	0.800027372520833	3.63794389071007e-11	46.0023937704921	0.998947141007707
42.975	49.75	0.99794467318243	0.800237006904561	3.64096917925689e-11	45.8825556024041	0.998355738545944
43.125	49.75	0.998684258936642	0.800490005543831	3.63641249744386e-11	45.7627174080801	0.998947407149314
43.275	49.75	1.00248296171123	0.800522975220859	3.62347551484958e-11	45.6426613777581	1.00198636936898
43.425	49.75	1.00955927617916	0.799934825653425	3.60162091209891e-11	45.5220834752187	1.00764742094333
43.575	49.75	1.01623380730333	0.798479881693728	3.58755560722693e-11	45.4008456985603	1.01298704584266
43.725	49.75	1.0132867709272	0.796573391922604	3.60699085062452e-11	45.2794285422623	1.01062941674176
43.875	49.75	0.988680897725378	0.795833250721642	3.69258189529297e-11	45.1593335478191	0.990944718180302
44.025	49.75	0.938367896690317	0.799351007402305	3.85324661666108e-11	45.0428405153558	0.950694317352253
44.175	49.75	0.884673133565986	0.810192428800831	3.99650567735316e-11	44.931352009727	0.907738506852789
44.325	49.75	0.889127901608105	0.824441952993012	3.88057294268234e-11	44.8222076556809	0.911302321286484
44.475	49.75	1.03257195107873	0.826489829254986	3.31459702846651e-11	44.7059572500685	1.02605756086299
44.625	49.75	1.34924434124581	0.808622133217255	2.5565258497642e-11	44.5677998141959	1.27939547299665
44.775	49.75	1.76408811723482	0.709537047713365	1.98767563500112e-11	44.3955930010876	1.61127049378786
44.925	49.75	2.11154506530578	0.834636814398256	1.69755067834537e-11	44.224822981427	1.88923605224462
